Total_iterations,Unnamed: 0.1,Intertwine_two,Add_vertex,Delete_vertex,Invert_path_vertices,Insert_inside_vertex,Delete_inside_vertex,Replace_inside_vertex,Donate_between_routes
0,0.0,0.125,0.125,0.125,0.125,0.125,0.125,0.125,0.125
1,1.0,0.125,0.125,0.125,0.125,0.125,0.125,0.125,0.125
2,2.0,0.125,0.125,0.125,0.125,0.125,0.125,0.125,0.125
3,3.0,0.125,0.125,0.125,0.125,0.125,0.125,0.125,0.125
4,4.0,0.125,0.125,0.125,0.125,0.125,0.125,0.125,0.125
5,5.0,0.125,0.125,0.125,0.125,0.125,0.125,0.125,0.125
6,6.0,0.125,0.125,0.125,0.125,0.125,0.125,0.125,0.125
7,7.0,0.125,0.125,0.125,0.125,0.125,0.125,0.125,0.125
8,8.0,0.125,0.125,0.125,0.125,0.125,0.125,0.125,0.125
9,9.0,0.125,0.125,0.125,0.125,0.125,0.125,0.125,0.125
10,10.0,0.125,0.125,0.125,0.125,0.125,0.125,0.125,0.125
11,11.0,0.125,0.125,0.125,0.125,0.125,0.125,0.125,0.125
12,12.0,0.125,0.125,0.125,0.125,0.125,0.125,0.125,0.125
13,13.0,0.125,0.125,0.125,0.125,0.125,0.125,0.125,0.125
14,14.0,0.125,0.125,0.125,0.125,0.125,0.125,0.125,0.125
15,15.0,0.125,0.125,0.125,0.125,0.125,0.125,0.125,0.125
16,16.0,0.125,0.125,0.125,0.125,0.125,0.125,0.125,0.125
17,17.0,0.125,0.125,0.125,0.125,0.125,0.125,0.125,0.125
18,18.0,0.125,0.125,0.125,0.125,0.125,0.125,0.125,0.125
19,19.0,0.125,0.125,0.125,0.125,0.125,0.125,0.125,0.125
20,20.0,0.125,0.125,0.125,0.125,0.125,0.125,0.125,0.125
21,21.0,0.125,0.125,0.125,0.125,0.125,0.125,0.125,0.125
22,22.0,0.125,0.125,0.125,0.125,0.125,0.125,0.125,0.125
23,23.0,0.125,0.125,0.125,0.125,0.125,0.125,0.125,0.125
24,24.0,0.125,0.125,0.125,0.125,0.125,0.125,0.125,0.125
25,25.0,0.125,0.125,0.125,0.125,0.125,0.125,0.125,0.125
26,26.0,0.125,0.125,0.125,0.125,0.125,0.125,0.125,0.125
27,27.0,0.125,0.125,0.125,0.125,0.125,0.125,0.125,0.125
28,28.0,0.125,0.125,0.125,0.125,0.125,0.125,0.125,0.125
29,29.0,0.125,0.125,0.125,0.125,0.125,0.125,0.125,0.125
30,30.0,0.125,0.125,0.125,0.125,0.125,0.125,0.125,0.125
31,31.0,0.125,0.125,0.125,0.125,0.125,0.125,0.125,0.125
32,32.0,0.125,0.125,0.125,0.125,0.125,0.125,0.125,0.125
33,33.0,0.125,0.125,0.125,0.125,0.125,0.125,0.125,0.125
34,34.0,0.125,0.125,0.125,0.125,0.125,0.125,0.125,0.125
35,35.0,0.125,0.125,0.125,0.125,0.125,0.125,0.125,0.125
36,36.0,0.125,0.125,0.125,0.125,0.125,0.125,0.125,0.125
37,37.0,0.125,0.125,0.125,0.125,0.125,0.125,0.125,0.125
38,38.0,0.125,0.125,0.125,0.125,0.125,0.125,0.125,0.125
39,39.0,0.125,0.125,0.125,0.125,0.125,0.125,0.125,0.125
40,40.0,0.125,0.125,0.125,0.125,0.125,0.125,0.125,0.125
41,41.0,0.125,0.125,0.125,0.125,0.125,0.125,0.125,0.125
42,42.0,0.125,0.125,0.125,0.125,0.125,0.125,0.125,0.125
43,43.0,0.125,0.125,0.125,0.125,0.125,0.125,0.125,0.125
44,44.0,0.125,0.125,0.125,0.125,0.125,0.125,0.125,0.125
45,45.0,0.125,0.125,0.125,0.125,0.125,0.125,0.125,0.125
46,46.0,0.125,0.125,0.125,0.125,0.125,0.125,0.125,0.125
47,47.0,0.125,0.125,0.125,0.125,0.125,0.125,0.125,0.125
48,48.0,0.125,0.125,0.125,0.125,0.125,0.125,0.125,0.125
49,49.0,0.125,0.125,0.125,0.125,0.125,0.125,0.125,0.125
50,50.0,0.125,0.125,0.125,0.125,0.125,0.125,0.125,0.125
51,51.0,0.125,0.125,0.125,0.125,0.125,0.125,0.125,0.125
52,52.0,0.125,0.125,0.125,0.125,0.125,0.125,0.125,0.125
53,53.0,0.125,0.125,0.125,0.125,0.125,0.125,0.125,0.125
54,54.0,0.125,0.125,0.125,0.125,0.125,0.125,0.125,0.125
55,55.0,0.125,0.125,0.125,0.125,0.125,0.125,0.125,0.125
56,56.0,0.125,0.125,0.125,0.125,0.125,0.125,0.125,0.125
57,57.0,0.125,0.125,0.125,0.125,0.125,0.125,0.125,0.125
58,58.0,0.125,0.125,0.125,0.125,0.125,0.125,0.125,0.125
59,59.0,0.125,0.125,0.125,0.125,0.125,0.125,0.125,0.125
60,60.0,0.125,0.125,0.125,0.125,0.125,0.125,0.125,0.125
61,61.0,0.125,0.125,0.125,0.125,0.125,0.125,0.125,0.125
62,62.0,0.125,0.125,0.125,0.125,0.125,0.125,0.125,0.125
63,63.0,0.125,0.125,0.125,0.125,0.125,0.125,0.125,0.125
64,64.0,0.125,0.125,0.125,0.125,0.125,0.125,0.125,0.125
65,65.0,0.125,0.125,0.125,0.125,0.125,0.125,0.125,0.125
66,66.0,0.125,0.125,0.125,0.125,0.125,0.125,0.125,0.125
67,67.0,0.125,0.125,0.125,0.125,0.125,0.125,0.125,0.125
68,68.0,0.125,0.125,0.125,0.125,0.125,0.125,0.125,0.125
69,69.0,0.125,0.125,0.125,0.125,0.125,0.125,0.125,0.125
70,70.0,0.125,0.125,0.125,0.125,0.125,0.125,0.125,0.125
71,71.0,0.125,0.125,0.125,0.125,0.125,0.125,0.125,0.125
72,72.0,0.125,0.125,0.125,0.125,0.125,0.125,0.125,0.125
73,73.0,0.125,0.125,0.125,0.125,0.125,0.125,0.125,0.125
74,74.0,0.125,0.125,0.125,0.125,0.125,0.125,0.125,0.125
75,75.0,0.125,0.125,0.125,0.125,0.125,0.125,0.125,0.125
76,76.0,0.125,0.125,0.125,0.125,0.125,0.125,0.125,0.125
77,77.0,0.125,0.125,0.125,0.125,0.125,0.125,0.125,0.125
78,78.0,0.125,0.125,0.125,0.125,0.125,0.125,0.125,0.125
79,79.0,0.125,0.125,0.125,0.125,0.125,0.125,0.125,0.125
80,80.0,0.125,0.125,0.125,0.125,0.125,0.125,0.125,0.125
81,81.0,0.125,0.125,0.125,0.125,0.125,0.125,0.125,0.125
82,82.0,0.125,0.125,0.125,0.125,0.125,0.125,0.125,0.125
83,83.0,0.125,0.125,0.125,0.125,0.125,0.125,0.125,0.125
84,84.0,0.125,0.125,0.125,0.125,0.125,0.125,0.125,0.125
85,85.0,0.125,0.125,0.125,0.125,0.125,0.125,0.125,0.125
86,86.0,0.125,0.125,0.125,0.125,0.125,0.125,0.125,0.125
87,87.0,0.125,0.125,0.125,0.125,0.125,0.125,0.125,0.125
88,88.0,0.125,0.125,0.125,0.125,0.125,0.125,0.125,0.125
89,89.0,0.125,0.125,0.125,0.125,0.125,0.125,0.125,0.125
90,90.0,0.125,0.125,0.125,0.125,0.125,0.125,0.125,0.125
91,91.0,0.125,0.125,0.125,0.125,0.125,0.125,0.125,0.125
92,92.0,0.125,0.125,0.125,0.125,0.125,0.125,0.125,0.125
93,93.0,0.125,0.125,0.125,0.125,0.125,0.125,0.125,0.125
94,94.0,0.125,0.125,0.125,0.125,0.125,0.125,0.125,0.125
95,95.0,0.125,0.125,0.125,0.125,0.125,0.125,0.125,0.125
96,96.0,0.125,0.125,0.125,0.125,0.125,0.125,0.125,0.125
97,97.0,0.125,0.125,0.125,0.125,0.125,0.125,0.125,0.125
98,98.0,0.125,0.125,0.125,0.125,0.125,0.125,0.125,0.125
99,99.0,0.125,0.125,0.125,0.125,0.125,0.125,0.125,0.125
100,100.0,0.125,0.125,0.125,0.125,0.125,0.125,0.125,0.125
101,101.0,0.125,0.125,0.125,0.125,0.125,0.125,0.125,0.125
102,102.0,0.125,0.125,0.125,0.125,0.125,0.125,0.125,0.125
103,103.0,0.125,0.125,0.125,0.125,0.125,0.125,0.125,0.125
104,104.0,0.125,0.125,0.125,0.125,0.125,0.125,0.125,0.125
105,105.0,0.125,0.125,0.125,0.125,0.125,0.125,0.125,0.125
106,106.0,0.125,0.125,0.125,0.125,0.125,0.125,0.125,0.125
107,107.0,0.125,0.125,0.125,0.125,0.125,0.125,0.125,0.125
108,108.0,0.125,0.125,0.125,0.125,0.125,0.125,0.125,0.125
109,109.0,0.125,0.125,0.125,0.125,0.125,0.125,0.125,0.125
110,110.0,0.125,0.125,0.125,0.125,0.125,0.125,0.125,0.125
111,111.0,0.125,0.125,0.125,0.125,0.125,0.125,0.125,0.125
112,112.0,0.125,0.125,0.125,0.125,0.125,0.125,0.125,0.125
113,113.0,0.125,0.125,0.125,0.125,0.125,0.125,0.125,0.125
114,114.0,0.125,0.125,0.125,0.125,0.125,0.125,0.125,0.125
115,115.0,0.125,0.125,0.125,0.125,0.125,0.125,0.125,0.125
116,116.0,0.125,0.125,0.125,0.125,0.125,0.125,0.125,0.125
117,117.0,0.125,0.125,0.125,0.125,0.125,0.125,0.125,0.125
118,118.0,0.125,0.125,0.125,0.125,0.125,0.125,0.125,0.125
119,119.0,0.125,0.125,0.125,0.125,0.125,0.125,0.125,0.125
120,120.0,0.125,0.125,0.125,0.125,0.125,0.125,0.125,0.125
121,121.0,0.125,0.125,0.125,0.125,0.125,0.125,0.125,0.125
122,122.0,0.125,0.125,0.125,0.125,0.125,0.125,0.125,0.125
123,123.0,0.125,0.125,0.125,0.125,0.125,0.125,0.125,0.125
124,124.0,0.125,0.125,0.125,0.125,0.125,0.125,0.125,0.125
125,125.0,0.125,0.125,0.125,0.125,0.125,0.125,0.125,0.125
126,126.0,0.125,0.125,0.125,0.125,0.125,0.125,0.125,0.125
127,127.0,0.125,0.125,0.125,0.125,0.125,0.125,0.125,0.125
128,128.0,0.125,0.125,0.125,0.125,0.125,0.125,0.125,0.125
129,129.0,0.125,0.125,0.125,0.125,0.125,0.125,0.125,0.125
130,130.0,0.125,0.125,0.125,0.125,0.125,0.125,0.125,0.125
131,131.0,0.125,0.125,0.125,0.125,0.125,0.125,0.125,0.125
132,132.0,0.125,0.125,0.125,0.125,0.125,0.125,0.125,0.125
133,133.0,0.125,0.125,0.125,0.125,0.125,0.125,0.125,0.125
134,134.0,0.125,0.125,0.125,0.125,0.125,0.125,0.125,0.125
135,135.0,0.125,0.125,0.125,0.125,0.125,0.125,0.125,0.125
136,136.0,0.125,0.125,0.125,0.125,0.125,0.125,0.125,0.125
137,137.0,0.125,0.125,0.125,0.125,0.125,0.125,0.125,0.125
138,138.0,0.125,0.125,0.125,0.125,0.125,0.125,0.125,0.125
139,139.0,0.125,0.125,0.125,0.125,0.125,0.125,0.125,0.125
140,140.0,0.125,0.125,0.125,0.125,0.125,0.125,0.125,0.125
141,141.0,0.125,0.125,0.125,0.125,0.125,0.125,0.125,0.125
142,142.0,0.125,0.125,0.125,0.125,0.125,0.125,0.125,0.125
143,143.0,0.125,0.125,0.125,0.125,0.125,0.125,0.125,0.125
144,144.0,0.125,0.125,0.125,0.125,0.125,0.125,0.125,0.125
145,145.0,0.125,0.125,0.125,0.125,0.125,0.125,0.125,0.125
146,146.0,0.125,0.125,0.125,0.125,0.125,0.125,0.125,0.125
147,147.0,0.125,0.125,0.125,0.125,0.125,0.125,0.125,0.125
148,148.0,0.125,0.125,0.125,0.125,0.125,0.125,0.125,0.125
149,149.0,0.125,0.125,0.125,0.125,0.125,0.125,0.125,0.125
150,150.0,0.125,0.125,0.125,0.125,0.125,0.125,0.125,0.125
151,151.0,0.125,0.125,0.125,0.125,0.125,0.125,0.125,0.125
152,152.0,0.125,0.125,0.125,0.125,0.125,0.125,0.125,0.125
153,153.0,0.125,0.125,0.125,0.125,0.125,0.125,0.125,0.125
154,154.0,0.125,0.125,0.125,0.125,0.125,0.125,0.125,0.125
155,155.0,0.125,0.125,0.125,0.125,0.125,0.125,0.125,0.125
156,156.0,0.125,0.125,0.125,0.125,0.125,0.125,0.125,0.125
157,157.0,0.125,0.125,0.125,0.125,0.125,0.125,0.125,0.125
158,158.0,0.125,0.125,0.125,0.125,0.125,0.125,0.125,0.125
159,159.0,0.125,0.125,0.125,0.125,0.125,0.125,0.125,0.125
160,160.0,0.125,0.125,0.125,0.125,0.125,0.125,0.125,0.125
161,161.0,0.125,0.125,0.125,0.125,0.125,0.125,0.125,0.125
162,162.0,0.125,0.125,0.125,0.125,0.125,0.125,0.125,0.125
163,163.0,0.125,0.125,0.125,0.125,0.125,0.125,0.125,0.125
164,164.0,0.125,0.125,0.125,0.125,0.125,0.125,0.125,0.125
165,165.0,0.125,0.125,0.125,0.125,0.125,0.125,0.125,0.125
166,166.0,0.125,0.125,0.125,0.125,0.125,0.125,0.125,0.125
167,167.0,0.125,0.125,0.125,0.125,0.125,0.125,0.125,0.125
168,168.0,0.125,0.125,0.125,0.125,0.125,0.125,0.125,0.125
169,169.0,0.125,0.125,0.125,0.125,0.125,0.125,0.125,0.125
170,170.0,0.125,0.125,0.125,0.125,0.125,0.125,0.125,0.125
171,171.0,0.125,0.125,0.125,0.125,0.125,0.125,0.125,0.125
172,172.0,0.125,0.125,0.125,0.125,0.125,0.125,0.125,0.125
173,173.0,0.125,0.125,0.125,0.125,0.125,0.125,0.125,0.125
174,174.0,0.125,0.125,0.125,0.125,0.125,0.125,0.125,0.125
175,175.0,0.125,0.125,0.125,0.125,0.125,0.125,0.125,0.125
176,176.0,0.125,0.125,0.125,0.125,0.125,0.125,0.125,0.125
177,177.0,0.125,0.125,0.125,0.125,0.125,0.125,0.125,0.125
178,178.0,0.125,0.125,0.125,0.125,0.125,0.125,0.125,0.125
179,179.0,0.125,0.125,0.125,0.125,0.125,0.125,0.125,0.125
180,180.0,0.125,0.125,0.125,0.125,0.125,0.125,0.125,0.125
181,181.0,0.125,0.125,0.125,0.125,0.125,0.125,0.125,0.125
182,182.0,0.125,0.125,0.125,0.125,0.125,0.125,0.125,0.125
183,183.0,0.125,0.125,0.125,0.125,0.125,0.125,0.125,0.125
184,184.0,0.125,0.125,0.125,0.125,0.125,0.125,0.125,0.125
185,185.0,0.125,0.125,0.125,0.125,0.125,0.125,0.125,0.125
186,186.0,0.125,0.125,0.125,0.125,0.125,0.125,0.125,0.125
187,187.0,0.125,0.125,0.125,0.125,0.125,0.125,0.125,0.125
188,188.0,0.125,0.125,0.125,0.125,0.125,0.125,0.125,0.125
189,189.0,0.125,0.125,0.125,0.125,0.125,0.125,0.125,0.125
190,190.0,0.125,0.125,0.125,0.125,0.125,0.125,0.125,0.125
191,191.0,0.125,0.125,0.125,0.125,0.125,0.125,0.125,0.125
192,192.0,0.125,0.125,0.125,0.125,0.125,0.125,0.125,0.125
193,193.0,0.125,0.125,0.125,0.125,0.125,0.125,0.125,0.125
194,194.0,0.125,0.125,0.125,0.125,0.125,0.125,0.125,0.125
195,195.0,0.125,0.125,0.125,0.125,0.125,0.125,0.125,0.125
196,196.0,0.125,0.125,0.125,0.125,0.125,0.125,0.125,0.125
197,197.0,0.125,0.125,0.125,0.125,0.125,0.125,0.125,0.125
198,198.0,0.125,0.125,0.125,0.125,0.125,0.125,0.125,0.125
199,199.0,0.125,0.125,0.125,0.125,0.125,0.125,0.125,0.125
200,200.0,0.125,0.125,0.125,0.125,0.125,0.125,0.125,0.125
201,201.0,0.125,0.125,0.125,0.125,0.125,0.125,0.125,0.125
202,202.0,0.125,0.125,0.125,0.125,0.125,0.125,0.125,0.125
203,203.0,0.125,0.125,0.125,0.125,0.125,0.125,0.125,0.125
204,204.0,0.125,0.125,0.125,0.125,0.125,0.125,0.125,0.125
205,205.0,0.125,0.125,0.125,0.125,0.125,0.125,0.125,0.125
206,206.0,0.125,0.125,0.125,0.125,0.125,0.125,0.125,0.125
207,207.0,0.1248611111111111,0.1248611111111111,0.1248611111111111,0.1248611111111111,0.1248611111111111,0.1259722222222222,0.1248611111111111,0.1248611111111111
208,208.0,0.1247236111111111,0.1247236111111111,0.1247236111111111,0.1247236111111111,0.1247236111111111,0.1269347222222222,0.1247236111111111,0.1247236111111111
209,209.0,0.1245887361111111,0.1245887361111111,0.1245887361111111,0.1245887361111111,0.1245887361111111,0.1278788472222222,0.1245887361111111,0.1245887361111111
210,210.0,0.12434646125,0.12434646125,0.12434646125,0.12434646125,0.12534646125,0.12857477125,0.12434646125,0.12434646125
211,211.0,0.1241099492625,0.1241099492625,0.1241099492625,0.1241099492625,0.1260999492625,0.1292403551625,0.1241099492625,0.1241099492625
212,212.0,0.1237421000922361,0.1237421000922361,0.1248532112033472,0.1237421000922361,0.1267032000922361,0.1297330882432361,0.1237421000922361,0.1237421000922361
213,213.0,0.1232736148380762,0.1242736148380762,0.1253736148380762,0.1232736148380762,0.1271790938380763,0.1300792171334662,0.1232736148380762,0.1232736148380762
214,214.0,0.1228192419609516,0.1248092419609516,0.1258882419609516,0.1228192419609516,0.1276356072709516,0.1303899409633387,0.1228192419609516,0.1228192419609516
215,215.0,0.1223821139519299,0.1253432139519299,0.1263925239519299,0.1223821139519299,0.1280701132878299,0.1306656930005905,0.1223821139519299,0.1223821139519299
216,216.0,0.1219648776042911,0.1258703566042911,0.1268824525042911,0.1219648776042911,0.1284804675701421,0.1309072129041113,0.1219648776042911,0.1219648776042911
217,217.0,0.1215697161153732,0.1263860814253733,0.1273545636763733,0.1215697161153732,0.1288649817485216,0.1311155086882388,0.1215697161153732,0.1215697161153732
218,218.0,0.1211983736141935,0.1268863729500935,0.1278059180944835,0.1211983736141935,0.129222394691578,0.1312918198070712,0.1211983736141935,0.1211983736141935
219,219.0,0.1208521816269897,0.1273677715928407,0.1282340778898378,0.1208521816269897,0.129551842393413,0.1314375816159497,0.1208521816269897,0.1208521816269897
220,220.0,0.1204411779313273,0.1285546253826575,0.1284552627449402,0.1204411779313273,0.1297619178102212,0.1314634823368717,0.1204411779313273,0.1204411779313273
221,221.0,0.120057771916827,0.1297099748123934,0.1286515946689011,0.120057771916827,0.1299442755981555,0.1314630672532419,0.120057771916827,0.120057771916827
222,222.0,0.11962728029976,0.1314314774298196,0.1286720804840799,0.11962728029976,0.1300241063664663,0.1313632145205942,0.11962728029976,0.11962728029976
223,223.0,0.1192268983747354,0.1330998483445383,0.1286704635795667,0.1192268983747354,0.1300790463276147,0.1312430482493386,0.1192268983747354,0.1192268983747354
224,224.0,0.1186546275388078,0.1350776486416048,0.1283818763792819,0.1186546275388078,0.129908043709714,0.1309028100030571,0.1197657386499189,0.1186546275388078
225,225.0,0.1181160716991191,0.136977618918275,0.1280782864001899,0.1181160716991191,0.1297180951045404,0.1305506016694074,0.1203271828102302,0.1181160716991191
226,226.0,0.1176132449144422,0.138788542473822,0.1277642298199625,0.1176132449144422,0.129512994596873,0.1301911423404627,0.1209033560255533,0.1176132449144422
227,227.0,0.1171476025471228,0.1405012147448025,0.1274438938645155,0.1171476025471228,0.1292963083820378,0.1298287517090421,0.1214870236582339,0.1171476025471228
228,228.0,0.1167200825790983,0.1421083341369635,0.1271211098309253,0.1167200825790983,0.1290713618928999,0.1294673468117073,0.1220715995902093,0.1167200825790983
229,229.0,0.1162762029151744,0.1440439451838256,0.126689460257452,0.1162762029151744,0.1287862855668359,0.129055498069078,0.1225962021772854,0.1162762029151744
230,230.0,0.1158238698234117,0.1462411905947982,0.1261678111974817,0.1158238698234117,0.1284517746526306,0.1286041998549416,0.1230634142299128,0.1158238698234117
231,231.0,0.1153696424537023,0.1486424106698367,0.1255727600426447,0.1153696424537023,0.1280773081944306,0.1281231005747804,0.1234754931572005,0.1153696424537023
232,232.0,0.1149189878016556,0.1511973133888429,0.1249190681022113,0.1149189878016556,0.1276713617053351,0.1276207266221163,0.1238345667765273,0.1149189878016556
233,233.0,0.1143653525276467,0.1537506023752626,0.1241088422564986,0.1143653525276467,0.1271304400389455,0.1269935265893472,0.1239205311570059,0.1153653525276467
234,234.0,0.1137338339543268,0.1562846210325892,0.1231752730608304,0.1137338339543268,0.1264827128373699,0.125269517992526,0.123778191395522,0.1175420157725086
235,235.0,0.1131203537791784,0.1588577743889769,0.1222218487239772,0.1131203537791784,0.125827156107961,0.1235574399558445,0.1235954376675232,0.1196996355973602
236,236.0,0.1124382085599436,0.1608743203801217,0.1211689292859505,0.1124382085599436,0.1249891648756948,0.1222583762756537,0.1232871045027485,0.1225456875599436
237,237.0,0.1123472622993993,0.1624183112811936,0.1207045980688525,0.1115139289660659,0.124925376933194,0.1207282874373777,0.1226059183136086,0.1247563167003084
238,238.0,0.1121724630724404,0.1637188237644501,0.1202219006350224,0.1113474630724404,0.1247603501572476,0.1192028379174687,0.1218614191548742,0.1267147422260561
239,239.0,0.1119752262192602,0.16478079029043,0.1196569877599589,0.1111659762192602,0.1245571407502414,0.1184596387921098,0.1209968704945792,0.1284073694741601
240,240.0,0.1117625151237597,0.1656201930423484,0.1190292246220306,0.1109755326237597,0.124324346322099,0.1176833915185941,0.1207527029892629,0.1298520937581457
241,241.0,0.1115398358229574,0.1662527258719238,0.118354836882566,0.1107807638979574,0.1240690848210467,0.1168888263881353,0.1210491736783341,0.1310647526370791
242,242.0,0.1113532690732488,0.1667356075859518,0.1177309451648279,0.1106269073849988,0.1238390127122433,0.1161714351234466,0.1213578254640348,0.1321849974912478
243,243.0,0.1112010692870216,0.1670789744788469,0.1171587387838209,0.1105114104287291,0.1236339117775519,0.115530674250598,0.1216743537188449,0.1332108672745866
244,244.0,0.1110813217657898,0.1672933443637934,0.1166387712696821,0.110431592043042,0.1234533359089082,0.1149652883391338,0.1219948055133055,0.134141540796345
245,245.0,0.1109919787582664,0.1673894732427369,0.1161710184108659,0.1103846825547362,0.1232966383583938,0.1144733937520304,0.1223155839755069,0.1349772309474635
246,246.0,0.1108892265764888,0.1673365572608213,0.116296602937095,0.1103261935022899,0.1231213316030344,0.1139692269693892,0.1224667819873863,0.1355940791634949
247,247.0,0.1107545239321731,0.1673455705528747,0.1163138511036654,0.1102369580051143,0.1229101199033406,0.1134172374235359,0.1230333770628003,0.1359883620164956
248,248.0,0.1106252188069411,0.1670110766225016,0.116332124118021,0.1101537489715789,0.1227015117796677,0.1128933391040997,0.1235708223947427,0.1367121582024472
249,249.0,0.1105017351193724,0.166783155847981,0.1163504780037116,0.1100764664648908,0.1224970035748862,0.112399303110105,0.124076329123477,0.137315528755576
250,250.0,0.1103843632437358,0.1662570533098785,0.1167679964970654,0.1100049283385917,0.122297868060314,0.1119363589312664,0.1245476737231961,0.1378037578959518
251,251.0,0.1102886657175947,0.1656778482099335,0.1172105879523827,0.1099542755359056,0.1221205593220761,0.1115360268278568,0.1249985589608044,0.1382134774734461
252,252.0,0.1100591585769872,0.1647023693510561,0.1174862764238712,0.1097686525482246,0.1218103942656479,0.1114110061783245,0.1263833595269744,0.1383787831289141
253,253.0,0.1098361189943672,0.1634994148521443,0.1177327987440023,0.1095880137635261,0.1215083613130137,0.111669189832951,0.1277194370227894,0.1384466654772059
254,254.0,0.1096339511225828,0.1622832490016778,0.1179890678431719,0.1094264876621793,0.1212294880961412,0.1119748037299023,0.1290111234931473,0.1384518290511973
255,255.0,0.1094525894692681,0.1610673545933168,0.1182515463524846,0.1092837782368627,0.1209742473736227,0.1123200487059764,0.1302499411758902,0.1384004940925784
256,256.0,0.1091528781402205,0.1597249745380454,0.118378099656944,0.1090205420253373,0.1206039394143593,0.1136697314257226,0.1312898998840633,0.1381599349153076
257,257.0,0.1087777831194377,0.1584955002894264,0.1184376786756147,0.1096795979714733,0.1201619079247519,0.1144850537377185,0.1321686198311757,0.1377938584504016
258,258.0,0.1083004170881243,0.1583602778896228,0.1183440773545813,0.1102239496618665,0.1195104578234433,0.115152324100645,0.1328552610556858,0.1372532350260308
259,259.0,0.1076535556254214,0.1581433911099077,0.1180305105579853,0.110486489732053,0.1195130021085734,0.1155057267318314,0.1341890307444744,0.1364782933897534
260,260.0,0.1068723275921849,0.1592001222630853,0.1178778277725834,0.1105105452525023,0.119227947813858,0.115590064669228,0.1352096496633764,0.1355115149731814
261,261.0,0.1061254293060067,0.160274427600358,0.1177307374654148,0.1105353533213713,0.1189707163567987,0.1156691976889125,0.1355656206044616,0.1351285176566762
262,262.0,0.1053086202195043,0.1612782445064301,0.1173820325004447,0.1104523140475912,0.1192738468536879,0.1161344657081674,0.1356429446495822,0.1345275315145921
263,263.0,0.1045237557153877,0.1624163745307595,0.1169996575525696,0.110359738769977,0.1195880449390509,0.1165578948021895,0.1356436447538135,0.1339108889362521
264,264.0,0.1037201416997079,0.1635044118319259,0.1165342454113878,0.1102041585609369,0.120403164141886,0.1168832798401976,0.1355200280294506,0.1332305704845071
265,265.0,0.102956742696904,0.1646899994698046,0.1160466160017944,0.1100424831488297,0.121215509097038,0.1171654305778899,0.1353348157597225,0.1325484032480167
266,266.0,0.1022456939229892,0.1658407310798002,0.1155779582538172,0.1098854615353561,0.1220257565069964,0.1174314171197393,0.1351045423491358,0.1318884392321656
267,267.0,0.1013446252307962,0.1666140627567433,0.1149091253483992,0.1095974798264902,0.1238004060329952,0.1174671724455077,0.1351378944068131,0.1311292339522548
268,268.0,0.1003555400879613,0.1673128879467357,0.1140428938127661,0.1101717304441981,0.1252913764523971,0.1172718147769433,0.1348853924606895,0.1306683640183088
269,269.0,0.0994283782267133,0.167963033929368,0.1132089705577149,0.1107474948853817,0.1267433732074042,0.1170641506973741,0.1346041310084477,0.1302404674875959
270,270.0,0.0985536360045387,0.1685525720385765,0.1125051201304971,0.1113051372873172,0.1281320468609417,0.1168337606527319,0.1342860717792579,0.1298316552461387
271,271.0,0.0976111703676521,0.1690693108958854,0.1116333418592619,0.1116262455187698,0.1301442859845717,0.1168741807324378,0.1337190982276373,0.1293223664137837
272,272.0,0.0965957086160941,0.1694039376549437,0.1107434291667894,0.1117157641702521,0.1322643649780785,0.1167499237865344,0.1329979274567777,0.1295289441705298
273,273.0,0.0954592171942771,0.169596696504116,0.1096845420159538,0.1115344614416992,0.1339743113185002,0.1174124140238621,0.1320715977430793,0.1302667597585121
274,274.0,0.0943298295457785,0.1694276866336487,0.1088038124830496,0.1112745568632708,0.1359357221469707,0.1183709012698202,0.1309961567434067,0.1308613343140544
275,275.0,0.0930723906097291,0.1690324098764319,0.1084220229702093,0.1107458260507717,0.1378408552953118,0.1193539604109694,0.1304685839490367,0.1310639508375397
276,276.0,0.0917675418455173,0.1684984495765451,0.1083201967532833,0.1109184847597904,0.1398263652729065,0.1199992317403878,0.1296054338977198,0.1310642961538493
277,277.0,0.0904250706224482,0.1678442504624727,0.108066528873608,0.1108975108186506,0.1418535852424814,0.1210958468946274,0.1284454990129495,0.1313717080727618
278,278.0,0.0890746303933449,0.1671036106264211,0.1076916506652939,0.1118175388485954,0.1439114852703105,0.1218540687979545,0.1270483732065035,0.1314986421915759
279,279.0,0.087725475309475,0.1666907838370138,0.1072754206727236,0.112567766003849,0.1454001650447502,0.122400950263799,0.1255419439036595,0.1323974949647295
280,280.0,0.0863377239433613,0.1665920632808155,0.1073845531727814,0.1133670314169983,0.1469903675044116,0.1225909856784355,0.1238019302719764,0.1329353447312195
281,281.0,0.0852053658084983,0.16622214897414,0.107463156848059,0.1140333135197164,0.1485049677161634,0.1226565592613334,0.1220562923471734,0.1338581955249156
282,282.0,0.0840830838824984,0.1662125069380647,0.1077101316297458,0.1144403131699182,0.1497158799852734,0.1226559928758865,0.1201659663362146,0.135016125182398
283,283.0,0.0829796082612776,0.1666347598207411,0.1081225116463922,0.114701945786988,0.1511655679822748,0.1224015640902754,0.1181563785607833,0.1358376638512673
284,284.0,0.0819137034912242,0.1668880842787704,0.1089376561206705,0.1155749624088318,0.1523261412918359,0.1219304651603351,0.1160700942804027,0.1363588929679289
285,285.0,0.080906473824464,0.1674019397865704,0.1096235759368522,0.1162811406355516,0.153300160570726,0.1217986693432272,0.1139532047188366,0.1367348351837717
286,286.0,0.0799468474803657,0.167853734543265,0.1101679922155147,0.1172946944636421,0.1540098358908252,0.1215031109982906,0.111851222867333,0.1373725615407635
287,287.0,0.0790842484941027,0.1683657818525601,0.1106899535880708,0.1182598268015719,0.1545833787130958,0.1211782380193789,0.1098758966374299,0.1379626758937894
288,288.0,0.0783252531809785,0.1688618849656946,0.111205618584467,0.11917555500559,0.1550363199203226,0.1208455367221278,0.1080381402598787,0.1385116913609404
289,289.0,0.0776494581645348,0.1693891256323159,0.1116332338472717,0.1199957017865155,0.1553585572996619,0.1207390025419434,0.1062911441957181,0.1389437765320383
290,290.0,0.0770528576865608,0.1699518142986198,0.1121081302135212,0.1207430927471082,0.1555565433443563,0.1206030787583254,0.1046732940297831,0.1393111889217248
291,291.0,0.0764499514666515,0.1703435210334427,0.1125439401939848,0.1212699677333634,0.1557563749792586,0.1202938546402667,0.1038095226167092,0.1395328673363225
292,292.0,0.0758395705669496,0.1713764818369271,0.1127991349135333,0.1215613739419464,0.1558460683373767,0.1197726500696503,0.1028451587412109,0.1399595615924053
293,293.0,0.0752928473662375,0.1722961713039628,0.1129679854115777,0.1217489126762106,0.1556227363467404,0.1194703846290562,0.1023445577390535,0.1402564045271609
294,294.0,0.0751238741860535,0.1728337339600969,0.1131748936856076,0.1217404703496048,0.1550589766832802,0.1192686578974734,0.1017573329955397,0.1410420602423436
295,295.0,0.0749906755771434,0.1732043536011672,0.1133199096109259,0.122227647039343,0.1543957223890523,0.1189943562100132,0.1011660905262549,0.1417012450460999
296,296.0,0.0754436384316867,0.1733613294357464,0.113472548687347,0.1225333073022633,0.1534543239078492,0.1189127192607643,0.1008983580977544,0.1419237748765885
297,297.0,0.0759141613326381,0.1734063332070869,0.1136244374808383,0.1230106909215781,0.1522834590964707,0.1187451111913279,0.1009955022304379,0.142020304539622
298,298.0,0.0763288350558155,0.1731420138194095,0.1136749660938778,0.1233188848548101,0.1508852737919728,0.1190448282320609,0.1013617701910268,0.1422434279610262
299,299.0,0.0767696326685756,0.1727173325900901,0.1140876333596685,0.1235446525356476,0.149465409390518,0.1192686652967295,0.1017705478042954,0.142376126354475
300,300.0,0.0772287657971698,0.1721442923652005,0.1146677286082755,0.123692035656631,0.1480391179368073,0.119417663992196,0.1023869916694437,0.1424234039742761
301,301.0,0.0776897174611892,0.1714269007868872,0.1154756343261369,0.1237544635251936,0.1466100260978209,0.1196558434443851,0.1030103158650601,0.1423770984933268
302,302.0,0.0781614754178917,0.1707682441464706,0.1162337308814196,0.1237783924350278,0.1452130177146802,0.119879875942726,0.1036719842186469,0.1422932792431371
303,303.0,0.0786282296673632,0.1700906392109862,0.1171285042776016,0.1237287328603013,0.1438419111452204,0.1200311021121391,0.104416384630085,0.1421344960963031
304,304.0,0.079090548714435,0.1694130487160742,0.1179657128888614,0.123639890390737,0.1425179823799515,0.1201693478690308,0.1052618029424477,0.1419416660984621
305,305.0,0.0795378631456223,0.1688037212646092,0.1187214870447993,0.1235129723058829,0.1412432959077857,0.1202795972024917,0.1061012061571775,0.1417998569716313
306,306.0,0.0799657496137893,0.1681937152131075,0.1195927758698694,0.123325701105425,0.1400183502979522,0.1204058882817803,0.1069018574803991,0.141595962137677
307,307.0,0.0804585640610844,0.1675879257284638,0.1203349526788333,0.1230835847506789,0.1388490178630568,0.1206936018673287,0.1076570952221467,0.1413352578284072
308,308.0,0.0809389710127155,0.1667667330764244,0.1211548204669165,0.1230321988294764,0.1377548600716897,0.1209293173336338,0.1083785277020461,0.1410445715070973
309,309.0,0.0813923790514415,0.1660327485599038,0.1218402436310586,0.1229365527963678,0.1367279793061059,0.1213080334278266,0.1090501184881335,0.1407119447391619
310,310.0,0.0818217532705994,0.1653255457075864,0.1224150112884448,0.1228028587157827,0.1357764304904878,0.1216164037760906,0.1098911845753949,0.1403508121756132
311,311.0,0.0822249257891403,0.1646489633399467,0.1228813885842222,0.1226345932083901,0.1349016408763667,0.1218550489997672,0.110674702647956,0.1401787365542106
312,312.0,0.082600215240038,0.1640061656083884,0.1232425828506656,0.1224352772005293,0.1341041428159291,0.1220253174162477,0.1116053067884793,0.1399809920797225
313,313.0,0.0829506463972498,0.163408180750023,0.1235493834267675,0.1222339450725386,0.1333921608578153,0.1221802163625124,0.1124954185189759,0.1397900486141171
314,314.0,0.0832752007785724,0.1628565073261151,0.123804161675801,0.1220328117577108,0.1327642632113741,0.1223197337961203,0.1133401859631437,0.1396071354911624
315,315.0,0.0832398871844481,0.1623520309274578,0.1240095720479825,0.121833868707878,0.1322183204219025,0.1224440126940009,0.1141356958751739,0.139766612141156
316,316.0,0.0830421566594739,0.1617561877266239,0.1240296083383867,0.12149999743815,0.1327238186538206,0.1224144452318593,0.1147400300202709,0.1397937559314144
317,317.0,0.0827033644027013,0.1610549509720401,0.123885743793004,0.1210511656839306,0.1332453796112006,0.122249847921036,0.1151263880817058,0.1406831595343812
318,318.0,0.0823406012840716,0.1606767594834013,0.1236954039150605,0.1206029545854045,0.1336701330248259,0.122064966493701,0.1154106879581983,0.1415384932553366
319,319.0,0.0819647129009215,0.1603396275702196,0.1234274435097539,0.1201433465645514,0.1341310974232525,0.1220258119809136,0.1156158934679415,0.1423520665824457
320,320.0,0.0814896064705848,0.1599514012990903,0.1229985890205155,0.1195856376906583,0.1344377136781161,0.1220364778189074,0.1156551671873181,0.1438454068348091
321,321.0,0.0816719117070224,0.1597823185942826,0.1227068779477032,0.118940317451421,0.1344719300003209,0.1219013193645716,0.1155016849847053,0.1450236399499727
322,322.0,0.0818321717802251,0.1598827553995953,0.1223299177942137,0.1182790280168641,0.1343815229531149,0.121883075536687,0.1153163150320571,0.1460952134872425
323,323.0,0.0819696774633006,0.1607815868327295,0.1218753518106575,0.1177960471416698,0.1341729022996466,0.1217890423813769,0.115020589086262,0.1465948029843567
324,324.0,0.0819639433590791,0.1615154553204172,0.1213037859411199,0.1174331774041962,0.1340115850522261,0.121568606864166,0.1153409561958582,0.1468624898629371
325,325.0,0.0819055184506503,0.1621680126952588,0.1203834133570614,0.1181374494655801,0.1339451451711628,0.1213054474749187,0.1155322942949878,0.1466227190903798
326,326.0,0.0817344920633752,0.1626760582738013,0.1194875631898889,0.1194182976246859,0.1336823444287971,0.1209811745456103,0.1155562822787137,0.1464637875951274
327,327.0,0.0814427140866653,0.1630663093442081,0.1184934242350671,0.1205679021648514,0.1337588796984825,0.1205827106434354,0.1160585980143929,0.1460294618128971
328,328.0,0.0811127770174104,0.1636302261769907,0.1179500354782774,0.1216165417369906,0.1336063776638251,0.1201514403713371,0.1164641978454852,0.1454684037096832
329,329.0,0.0807598056722259,0.1642810226106089,0.1173051322207769,0.1224520006589055,0.134233437319472,0.1196569697772139,0.1166656557734932,0.1446459759673035
330,330.0,0.0803938004598265,0.1648968149342759,0.1170835643829396,0.1232003046783519,0.1347410436132567,0.1191572624662958,0.1168191831743293,0.1437080262907239
331,331.0,0.0800392053385384,0.1654944261552308,0.1168945647505284,0.1239211278038237,0.1352529489353106,0.1186773197028522,0.1169475183461828,0.1427728889675328
332,332.0,0.0796890809362408,0.1660083267162612,0.116691707899388,0.1245746915532674,0.1359034522865074,0.1183437370286646,0.1169986820826281,0.1417903214970423
333,333.0,0.0793436294959646,0.166565910476606,0.1164644315002729,0.1251552934344643,0.1365319310252183,0.1179748872414634,0.1171704435918655,0.1407934732341447
334,334.0,0.0790834706774138,0.1670356034099959,0.1162440594919925,0.1256831981816587,0.137040538787806,0.1176165536853794,0.1175190191943057,0.1397775565714477
335,335.0,0.0788419296768818,0.1674751333583743,0.1160523256387814,0.1261720195829584,0.1375322238896243,0.1172842914349455,0.1178446845760349,0.1387973918423991
336,336.0,0.0786054995516802,0.1678260752648194,0.1159470002334497,0.1266060615363304,0.1379017632495924,0.1169647554112091,0.1181027610864598,0.1380460836664587
337,337.0,0.0783750155202944,0.1680904544802523,0.1158455909866458,0.1269853884970556,0.1382318807508807,0.1166588503565042,0.1182947335103509,0.1375180858980158
338,338.0,0.0781614682684015,0.168317432810942,0.1159046901726646,0.1272973413675955,0.1385330023471153,0.1163321806284028,0.1184389256538167,0.1370149587510613
339,339.0,0.0779650996459404,0.1685080806727945,0.1159471619393222,0.1275437385265868,0.1388046165235779,0.116156381802858,0.1185370740664192,0.1365378468225007
340,340.0,0.0777859606583473,0.1686637349983844,0.1161383783455657,0.1277269182129866,0.1390465682447902,0.115959640460706,0.1185912430943564,0.1360875559848631
341,341.0,0.0776239298644555,0.1689498932892,0.1163063522447115,0.1278496615691878,0.1392590245039537,0.1157427905185805,0.1186037700453689,0.135664577964542
342,342.0,0.0774787316655783,0.1692000883040441,0.116449136926902,0.1279151190093495,0.1394424401101707,0.1156681551751385,0.1185772131595957,0.135269115649221
343,343.0,0.0773417003453826,0.1694078888816819,0.1166281540219369,0.1280765815854167,0.1395892700632867,0.1155632159018884,0.1185041438948823,0.1348890453055242
344,344.0,0.0772206420893661,0.1695812141405493,0.1169352045313038,0.1281839127550684,0.1397087811779798,0.1154363128532071,0.118397678948795,0.1345362535037302
345,345.0,0.0771264927232478,0.1693618066147257,0.1172549589276624,0.1283993285945655,0.1400409338004983,0.1153165564099678,0.1182723431654319,0.1342275797639002
346,346.0,0.0770360954429105,0.1691936808203757,0.1176801197350525,0.1285542533432873,0.1402491632638491,0.1153074049808935,0.1180834442667653,0.1338958381468658
347,347.0,0.0769596210308743,0.1690013143563483,0.118215739073489,0.1286585636594675,0.1404305308168092,0.1152740168560958,0.1178704522178166,0.1335897619890988
348,348.0,0.0768962823147704,0.1687885760652741,0.1188535560091015,0.1287145219569475,0.1405855897155699,0.1152161166228703,0.1176366292168301,0.1333087280986359
349,349.0,0.0768452432419015,0.1685591629019731,0.1194399944601017,0.1287246892817071,0.1407151084960331,0.1151337729593562,0.1173851496268991,0.1331968790320278
350,350.0,0.0768056320038658,0.1683165797808804,0.1199717398987222,0.128691868474894,0.1408200415126103,0.1150273611838852,0.1172619331672186,0.133104843977923
351,351.0,0.0767717222932887,0.1680206451129244,0.1204415850411858,0.1286142197374885,0.1410319353573381,0.1150335407284064,0.1170946269339294,0.1329917247954382
352,352.0,0.0767393615797725,0.1677114737444936,0.1210536550694285,0.1284910027898567,0.1412121690874196,0.1150057367516389,0.1169040933260082,0.1328825076513816
353,353.0,0.0767177907201784,0.1674049494761199,0.1216368558321223,0.1283552468354286,0.1413729390898307,0.1149901484991366,0.1167194043625606,0.1328026651846224
354,354.0,0.076696246802947,0.1670913983456407,0.1223518825647736,0.1281800226669945,0.1415027818150324,0.1149396614833735,0.1165148566614174,0.1327231496598205
355,355.0,0.0766820010780663,0.1667803320972237,0.1231310890948148,0.1279772531197476,0.1416104112310781,0.1148626910440008,0.1163020903038677,0.1326541320312006
356,356.0,0.0766761322331614,0.1664796110539807,0.1238702986981988,0.1277700469727655,0.1417003044739452,0.1147959762199984,0.1160990492656289,0.1326085810823207
357,357.0,0.0766995062903289,0.1662128529274716,0.1241765085819469,0.1276258550124265,0.1419032063583933,0.1147608036197142,0.1159284364467974,0.1326928307629209
358,358.0,0.0767078396776641,0.1659382034661627,0.1243756709048996,0.1278709865708386,0.1419590337546664,0.1147132452056537,0.1157475896124952,0.1326874308076193
359,359.0,0.0767022708019078,0.1656589159717776,0.1244756518207992,0.128034357246494,0.1418802418794037,0.1146547328169659,0.1155590583062431,0.1330347711564083
360,360.0,0.0767020321393914,0.1653960336838328,0.1245387293449862,0.1281936556659711,0.1417877999461002,0.1146047335362653,0.1153832828495634,0.1333937328338892
361,361.0,0.0766884771133872,0.1651324289625346,0.1245136152153033,0.1282752323025771,0.1415753017277192,0.114544780103531,0.1152026294700367,0.1340675351049105
362,362.0,0.0766775754565282,0.1648817090408521,0.1245555900792097,0.1283314411397174,0.1413511003183052,0.1144567357800839,0.1150194806253529,0.1347263675599503
363,363.0,0.0766690380841252,0.164776273292379,0.1245331156158767,0.1283627964611911,0.141118342522369,0.114341634811364,0.1148347224713849,0.1353640767413098
364,364.0,0.0766642928888251,0.1646889634467528,0.1244860193973985,0.1283888384864027,0.140883369451259,0.114234912818954,0.1146645740469166,0.135989029463491
365,365.0,0.0766630081048706,0.1646188400121451,0.1244172345614744,0.1284098381247263,0.1406487523632037,0.1141367991251472,0.1145092758632427,0.1365962518451898
366,366.0,0.0766648505389667,0.1645648855818001,0.1243296178182081,0.1284260896184675,0.1404168018307782,0.1140474140370213,0.1143688958781204,0.1371814446966374
367,367.0,0.0766616159829518,0.1645193609778897,0.1242083655412705,0.1284294265849766,0.1401816976417283,0.1139589054828738,0.1142336561490653,0.1378069716392438
368,368.0,0.0766485529523257,0.1644396866490943,0.1240519423612089,0.1284926874103808,0.1400703243877638,0.113866779365777,0.1140758230498374,0.1383542038236119
369,369.0,0.0766258482693529,0.1643270902133288,0.123863694521741,0.1285384519503118,0.139946053330214,0.1137713920476939,0.1138968069541385,0.1390306627132189
370,370.0,0.0765963259919441,0.1642145107785174,0.123615346295873,0.1285524572128797,0.1398178582685199,0.1138488165409104,0.1137082759680913,0.1396464089432639
371,371.0,0.0765601972952031,0.164102023701926,0.1233864859059721,0.1285356043390395,0.1396864715467444,0.1140187229454788,0.1135111371543303,0.1401993571113054
372,372.0,0.0765177297927573,0.1641162964550364,0.1231798331369819,0.1284890529556335,0.1395525990756106,0.1141498668023201,0.1133063282056751,0.1406882935759847
373,373.0,0.0764692389554658,0.1641279913678494,0.1231226009364665,0.1284141826098842,0.1394169155585309,0.1142414660568177,0.1130948040372225,0.1411128004777626
374,374.0,0.0764150799176123,0.1641361348304613,0.1230152010405963,0.1283860853134948,0.1392800605185818,0.1144167343652228,0.1128775245814992,0.1414731794325311
375,375.0,0.076357145284088,0.1641474333331908,0.122892791294818,0.1283482316063027,0.1391456462268386,0.1145843453741161,0.1127419866232177,0.1417824202574278
376,376.0,0.0762915436552399,0.1641226882613667,0.122752376515054,0.12850107131551,0.1389290962402351,0.1148109582732381,0.1125889045419413,0.1420033611974146
377,377.0,0.0762214300315274,0.1640921642356946,0.122566416282619,0.1286268739633622,0.1387136751410631,0.1151851261452234,0.112430202812711,0.142164111387799
378,378.0,0.0761430811429719,0.1639641578708293,0.1225823766405179,0.1287384505638253,0.1384978589746699,0.1155297043870828,0.1122738161813171,0.1422705542387854
379,379.0,0.0760556816980524,0.1637352205578209,0.1226474189351669,0.1288190503029055,0.1382799097122898,0.115878210248857,0.1122706583953783,0.1423138501495289
380,380.0,0.0759678899866367,0.1635841740439291,0.1226898375128222,0.1294808558978726,0.1380708776856,0.1162010422221618,0.1116862996157941,0.1423190230351831
