,Unnamed: 0,Total_iterations,Add_vertex,Delete_vertex,Insert_inside_vertex,Delete_inside_vertex
0,0.0,0.0,0.25,0.25,0.25,0.25
1,1.0,0.10900000000000001,0.25,0.25,0.25,0.25
2,2.0,0.31601,0.25,0.25,0.25,0.25
3,3.0,0.6191589000000001,0.25,0.25,0.25,0.25
4,4.0,1.015801321,0.25,0.25,0.25,0.25
5,5.0,1.50262148669,0.25,0.25,0.25,0.25
6,6.0,2.0757334209441005,0.25,0.25,0.25,0.25
7,7.0,2.7307768275633495,0.25,0.25,0.25,0.25
8,8.0,3.4630081252450404,0.25,0.25,0.25,0.25
9,9.0,4.2673862119061114,0.25,0.25,0.25,0.25
10,10.0,5.138652627782014,0.25,0.25,0.25,0.25
11,11.0,6.071405875792507,0.25,0.25,0.25,0.25
12,12.0,7.060169740244025,0.25,0.25,0.25,0.25
13,13.0,8.099455520847952,0.25,0.25,0.25,0.25
14,14.0,9.183818168183006,0.25,0.25,0.25,0.25
15,15.0,10.307906369102724,0.25,0.25,0.25,0.25
16,16.0,11.466506686239443,0.25,0.25,0.25,0.25
17,17.0,12.654581904800096,0.25,0.25,0.25,0.25
18,18.0,13.867303782456686,0.25,0.25,0.25,0.25
19,19.0,15.100080434523047,0.25,0.25,0.25,0.25
20,20.0,16.348578617037543,0.25,0.25,0.25,0.25
21,21.0,17.608741195130214,0.25,0.25,0.25,0.25
22,22.0,18.876800103462312,0.25,0.25,0.25,0.25
23,23.0,20.14928511992658,0.25,0.25,0.25,0.25
24,24.0,21.423028783545156,0.25,0.25,0.25,0.25
25,25.0,22.695167792966423,0.25,0.25,0.25,0.25
26,26.0,23.963141223515898,0.25,0.25,0.25,0.25
27,27.0,25.224685898775267,0.25,0.25,0.25,0.25
28,28.0,26.477829247520948,0.25,0.25,0.25,0.25
29,29.0,27.720879968916847,0.25,0.25,0.25,0.25
30,30.0,28.95241681848399,0.25,0.25,0.25,0.25
31,31.0,30.17127581490958,0.25,0.25,0.25,0.25
32,32.0,31.376536153543515,0.25,0.25,0.25,0.25
33,33.0,32.567505096778625,0.25,0.25,0.25,0.25
34,34.0,33.74370209472243,0.25,0.25,0.25,0.25
35,35.0,34.90484237192463,0.25,0.25,0.25,0.25
36,36.0,36.05082019768737,0.25,0.25,0.25,0.25
37,37.0,37.18169203889697,0.25,0.25,0.25,0.25
38,38.0,38.29765977559663,0.25,0.25,0.25,0.25
39,39.0,39.399054140870355,0.25,0.25,0.25,0.25
40,40.0,40.48631852820801,0.25,0.25,0.25,0.25
41,41.0,41.55999329152982,0.25,0.25,0.25,0.25
42,42.0,42.62070064560415,0.25,0.25,0.25,0.25
43,43.0,43.669130257815,0.25,0.25,0.25,0.25
44,44.0,44.70602560622662,0.25,0.25,0.25,0.25
45,45.0,45.73217116373481,0.25,0.25,0.25,0.25
46,46.0,46.748380453854836,0.25,0.25,0.25,0.25
47,47.0,47.755485010424316,0.25,0.25,0.25,0.25
48,48.0,48.7543242612326,0.25,0.25,0.25,0.25
49,49.0,49.745736344347726,0.25,0.25,0.25,0.25
50,50.0,50.730549855707864,0.25,0.25,0.25,0.25
51,51.0,51.70957651737491,0.25,0.25,0.25,0.25
52,52.0,52.68360474770151,0.25,0.25,0.25,0.25
53,53.0,53.65339410751842,0.25,0.25,0.25,0.25
54,54.0,54.61967059027847,0.25,0.25,0.25,0.25
55,55.0,55.58312271885972,0.25,0.25,0.25,0.25
56,56.0,56.544398407394254,0.25,0.25,0.25,0.25
57,57.0,57.504102543001395,0.25,0.25,0.25,0.25
58,58.0,58.462795239617805,0.25,0.25,0.25,0.25
59,59.0,59.42099071417639,0.25,0.25,0.25,0.25
60,60.0,60.379156734137354,0.25,0.25,0.25,0.25
61,61.0,61.337714584760846,0.25,0.25,0.25,0.25
62,62.0,62.29703950447439,0.25,0.25,0.25,0.25
63,63.0,63.257461537171835,0.25,0.25,0.25,0.25
64,64.0,64.21926675122782,0.25,0.25,0.25,0.25
65,65.0,65.18269877636592,0.25,0.25,0.25,0.25
66,66.0,66.14796061122655,0.25,0.25,0.25,0.25
67,67.0,67.11521665648885,0.25,0.25,0.25,0.25
68,68.0,68.08459493066005,0.25,0.25,0.25,0.25
69,69.0,69.05618942810752,0.25,0.25,0.25,0.25
70,70.0,70.03006258152917,0.25,0.25,0.25,0.25
71,71.0,71.00624779379335,0.25,0.25,0.25,0.25
72,72.0,71.98475200689319,0.25,0.25,0.25,0.25
73,73.0,72.96555827861411,0.25,0.25,0.25,0.25
74,74.0,73.94862834037681,0.25,0.25,0.25,0.25
75,75.0,74.93390511255946,0.25,0.25,0.25,0.25
76,76.0,75.93131515639826,0.25,0.25,0.25,0.25
77,77.0,76.93067104428917,0.25,0.25,0.25,0.25
78,78.0,77.93178463294811,0.25,0.25,0.25,0.25
79,79.0,78.93446901641168,0.25,0.25,0.25,0.25
80,80.0,79.93854027136479,0.25,0.25,0.25,0.25
81,81.0,80.94381899810892,0.25,0.25,0.25,0.25
82,82.0,81.95013166219756,0.25,0.25,0.25,0.25
83,83.0,82.96731174325538,0.25,0.25,0.25,0.25
84,84.0,83.98510069877484,0.25,0.25,0.25,0.25
85,85.0,85.00325975175461,0.25,0.25,0.25,0.25
86,86.0,86.02157030191887,0.25,0.25,0.25,0.25
87,87.0,87.04983409404751,0.25,0.25,0.25,0.25
88,88.0,88.07777316602281,0.25,0.25,0.25,0.25
89,89.0,89.11514059914033,0.25,0.25,0.25,0.25
90,90.0,90.16161988295471,0.25,0.25,0.25,0.25
91,91.0,91.20683503955811,0.25,0.25,0.25,0.25
92,92.0,92.26046033010559,0.25,0.25,0.25,0.25
93,93.0,93.31211848829726,0.25,0.25,0.25,0.25
94,94.0,94.36148964578679,0.25,0.25,0.25,0.25
95,95.0,95.40830879106952,0.25,0.25,0.25,0.25
96,96.0,96.45236293391325,0.25,0.25,0.25,0.25
97,97.0,97.4934880331335,0.25,0.25,0.25,0.25
98,98.0,98.53156574210038,0.25,0.25,0.25,0.25
99,99.0,99.56652002274956,0.25,0.25,0.25,0.25
100,100.0,100.60831367510633,0.25,0.25,0.25,0.25
101,101.0,101.64684482547636,0.25,0.25,0.25,0.25
102,102.0,102.68205441255463,0.25,0.25,0.25,0.25
103,103.0,103.71392249679954,0.25,0.25,0.25,0.25
104,104.0,104.74246454765195,0.25,0.25,0.25,0.25
105,105.0,105.76772774794259,0.25,0.25,0.25,0.25
106,106.0,106.78978735072475,0.25,0.25,0.25,0.25
107,107.0,107.80874311972144,0.25,0.25,0.25,0.25
108,108.0,108.82471588062126,0.25,0.25,0.25,0.25
109,109.0,109.83784420662488,0.25,0.25,0.25,0.25
110,110.0,110.84828125796187,0.25,0.25,0.25,0.25
111,111.0,111.85619179158556,0.25,0.25,0.25,0.25
112,112.0,112.86174935393103,0.25,0.25,0.25,0.25
113,113.0,113.86513366650264,0.25,0.25,0.25,0.25
114,114.0,114.86652821115206,0.25,0.25,0.25,0.25
115,115.0,115.86611801922501,0.25,0.25,0.25,0.25
116,116.0,116.86408766629843,0.25,0.25,0.25,0.25
117,117.0,117.86061947200152,0.25,0.25,0.25,0.25
118,118.0,118.85589190241429,0.25,0.25,0.25,0.25
119,119.0,119.85007817076163,0.25,0.25,0.25,0.25
120,120.0,120.84334503056664,0.25,0.25,0.25,0.25
121,121.0,121.83585175408547,0.25,0.25,0.25,0.25
122,122.0,122.82774928771155,0.25,0.25,0.25,0.25
123,123.0,123.81917957509792,0.25,0.25,0.25,0.25
124,124.0,124.81027503799467,0.25,0.25,0.25,0.25
125,125.0,125.80115820422179,0.25,0.25,0.25,0.25
126,126.0,126.791941471784,0.25,0.25,0.25,0.25
127,127.0,127.78272699787213,0.25,0.25,0.25,0.25
128,128.0,128.77360670137273,0.25,0.25,0.25,0.25
129,129.0,129.76466236750957,0.25,0.25,0.25,0.25
130,130.0,130.75596584335761,0.25,0.25,0.25,0.25
131,131.0,131.7475793131873,0.25,0.25,0.25,0.25
132,132.0,132.73955564290213,0.25,0.25,0.25,0.25
133,133.0,133.73193878321644,0.25,0.25,0.25,0.25
134,134.0,134.72476422166716,0.25,0.25,0.25,0.25
135,135.0,135.71805947405613,0.25,0.25,0.25,0.25
136,136.0,136.71184460646566,0.25,0.25,0.25,0.25
137,137.0,137.70613277956957,0.25,0.25,0.25,0.25
138,138.0,138.70093080756737,0.25,0.25,0.25,0.25
139,139.0,139.69623972468975,0.25,0.25,0.25,0.25
140,140.0,140.692055352853,0.25,0.25,0.25,0.25
141,141.0,141.6883688646714,0.25,0.25,0.25,0.25
142,142.0,142.68516733666124,0.25,0.25,0.25,0.25
143,143.0,143.68243428808546,0.25,0.25,0.25,0.25
144,144.0,144.6801502014864,0.25,0.25,0.25,0.25
145,145.0,145.6782930215324,0.25,0.25,0.25,0.25
146,146.0,146.67683862935849,0.25,0.25,0.25,0.25
147,147.0,147.6757612901084,0.25,0.25,0.25,0.25
148,148.0,148.6750340718822,0.25,0.25,0.25,0.25
149,149.0,149.6746292347598,0.25,0.25,0.25,0.25
150,150.0,150.67451858900205,0.25,0.25,0.25,0.25
151,151.0,151.67467382193004,0.25,0.25,0.25,0.25
152,152.0,152.67506679334596,0.25,0.25,0.25,0.25
153,153.0,153.67566979968683,0.25,0.25,0.25,0.25
154,154.0,154.67645580739674,0.25,0.25,0.25,0.25
155,155.0,155.67739865626166,0.25,0.25,0.25,0.25
156,156.0,156.6784732336775,0.25,0.25,0.25,0.25
157,157.0,157.67965562101497,0.25,0.25,0.25,0.25
158,158.0,158.68092321340856,0.25,0.25,0.25,0.25
159,159.0,159.6822548144287,0.25,0.25,0.25,0.25
160,160.0,160.69363070720254,0.25,0.25,0.25,0.25
161,161.0,161.71493270362697,0.25,0.25,0.25,0.25
162,162.0,162.7359551733727,0.25,0.25,0.25,0.25
163,163.0,163.7565158444101,0.25,0.25,0.25,0.25
164,164.0,164.7764552898997,0.25,0.25,0.25,0.25
165,165.0,165.79563623794132,0.25,0.25,0.25,0.25
166,166.0,166.8139427287994,0.25,0.25,0.25,0.25
167,167.0,167.83127914328364,0.25,0.25,0.25,0.25
168,168.0,168.84756912488666,0.25,0.25,0.25,0.25
169,169.0,169.8727544170805,0.25,0.25,0.25,0.25
170,170.0,170.89669363588413,0.25,0.25,0.25,0.25
171,171.0,171.91927199644854,0.25,0.25,0.25,0.25
172,172.0,172.94039980099205,0.25,0.25,0.25,0.25
173,173.0,173.9600108270713,0.25,0.25,0.25,0.25
174,174.0,174.9780606422719,0.25,0.25,0.25,0.25
175,175.0,175.99452486952973,0.25,0.25,0.25,0.25
176,176.0,177.00939742536644,0.25,0.25,0.25,0.25
177,177.0,178.02268875136588,0.25,0.25,0.25,0.25
178,178.0,179.0344240572517,0.25,0.25,0.25,0.25
179,179.0,180.0446415919764,0.25,0.25,0.25,0.25
180,180.0,181.05339095730886,0.25,0.25,0.25,0.25
181,181.0,182.06073147653498,0.25,0.25,0.25,0.25
182,182.0,183.0667306290732,0.25,0.25,0.25,0.25
183,183.0,184.07146256006683,0.25,0.25,0.25,0.25
184,184.0,185.07500667236042,0.25,0.25,0.25,0.25
185,185.0,186.07744630670106,0.25,0.25,0.25,0.25
186,186.0,187.0788675145406,0.25,0.25,0.25,0.25
187,187.0,188.0793579264508,0.25,0.25,0.25,0.25
188,188.0,189.07900571790546,0.25,0.25,0.25,0.25
189,189.0,190.0778986730356,0.25,0.25,0.25,0.25
190,190.0,191.07612334592238,0.25,0.25,0.25,0.25
191,191.0,192.07376431806125,0.25,0.25,0.25,0.25
192,192.0,193.07090354980565,0.25,0.25,0.25,0.25
193,193.0,194.06761982287753,0.25,0.25,0.25,0.25
194,194.0,195.06398827041343,0.25,0.25,0.25,0.25
195,195.0,196.0600799904916,0.25,0.25,0.25,0.25
196,196.0,197.05596173865706,0.25,0.25,0.25,0.25
197,197.0,198.0516956946194,0.25,0.25,0.25,0.25
198,198.0,199.04733929803933,0.25088007782089977,0.25226537918981745,0.24843567244331033,0.24841887054597245
199,199.0,200.04294514813688,0.2528425529494122,0.2627316756953088,0.24231077937925855,0.2421149919760205
200,200.0,201.0385609617433,0.25732488145864674,0.2730320756590922,0.23492024244414625,0.23472280043811486
201,201.0,202.03422958437164,0.261737595776283,0.28311692538325084,0.2276714059691707,0.22747407287129545
202,202.0,203.02998904889344,0.26604353017830457,0.29290693139450563,0.22062258827306802,0.22042695015412186
203,203.0,204.0258726764741,0.2702103033122526,0.3023336780040344,0.21382427565491194,0.21363174302880125
204,204.0,205.02190921453197,0.27421016357359496,0.3113392236859144,0.20731940073308935,0.20713121200740153
205,205.0,206.01812300663875,0.27801980364697876,0.31987563307609174,0.20114366848718512,0.20096089478974458
206,206.0,207.01453418946846,0.28162014915046607,0.3279044557098349,0.19532592197206647,0.1951494731676327
207,207.0,208.01115891212052,0.28499612608601166,0.3353961620364499,0.18988854007980605,0.1897191717977325
208,208.0,209.00800957338618,0.28813641154105424,0.3423295466233834,0.1848478601670406,0.18468618166852185
209,209.0,210.00509507279136,0.2910331718090937,0.3486911077987342,0.18021461883494833,0.18006110155722388
210,210.0,211.00242107152815,0.29368179180615,0.35447441229190707,0.1759944046387828,0.1758493912631603
211,211.0,211.999990259676,0.2960805993593508,0.35967945272618806,0.172188117006913,0.1720518309075483
212,212.0,212.99780262641227,0.2982305876375497,0.36431200510312356,0.16879242615922804,0.16866498110009884
213,213.0,213.9958557302108,0.30013513868546493,0.3683829927046788,0.1658002293257863,0.16568163928407018
214,214.0,214.99414496632735,0.30179975071564563,0.37190786213237614,0.1632010990734979,0.1630912880784805
215,215.0,215.99266382916898,0.3032317715095635,0.3749059765093245,0.16098172004677033,0.16088053193434182
216,216.0,216.99140416743478,0.3044401399829056,0.3774000301968293,0.15912631091331483,0.15903351890695042
217,217.0,217.99035643019965,0.3054351376829961,0.3794154887269598,0.15761702877513875,0.1575323448149055
218,218.0,218.98950990238603,0.30622815171015927,0.38098005703015214,0.1564343537540959,0.15635743750559283
219,219.0,219.98885292832992,0.30683145029141623,0.3821231784460682,0.15555745188868336,0.15548791937383236
220,220.0,220.9883731223961,0.307257971985545,0.38287556644927645,0.15496451488199228,0.1549019466831864
221,221.0,221.9880575658317,0.3075211292643171,0.38326877050101565,0.15463307561821737,0.15457702461645
222,222.0,222.98789298926545,0.3076346269964805,0.3833347769559152,0.1545402987157048,0.1544902973318996
223,223.0,223.98786594046314,0.3076122961593744,0.3831056455091102,0.15466324570735343,0.15461881262416205
224,224.0,224.98796293713644,0.3074679429182969,0.382613181265239,0.1549791147338307,0.1549397610826335
225,225.0,225.98817060477106,0.3072152130460558,0.3818886421464471,0.1554654549013889,0.15543068990610828
226,226.0,226.98847579959448,0.30686747150448995,0.38096248103141434,0.15610035569424444,0.15606969176985133
227,227.0,227.98886571693964,0.30643769687594746,0.3798641217309152,0.15686261204193896,0.1568355693511984
228,228.0,228.9893279853809,0.3059383902154114,0.37862176765650135,0.15773186582551166,0.15770797630257563
229,229.0,229.98985074712422,0.30538149779268653,0.37726224182630835,0.15868872476353899,0.1586675356174662
230,230.0,230.99042272522195,0.30477834710821894,0.37581085667421604,0.15971485975119518,0.15969593646636984
231,231.0,231.9910332782577,0.3041395954950276,0.37429131198393534,0.1607930818336408,0.16077601068739628
232,232.0,232.9916724432073,0.3034751905621168,0.3727256191561878,0.16190740008057247,0.16189179020112293
233,233.0,233.99233096722986,0.3027943416907876,0.37113404993299765,0.16304306169307226,0.16302854668314254
234,234.0,234.99300032917785,0.30210550176359513,0.369535107646141,0.16418657571845835,0.16417281487180557
235,235.0,235.99367275163928,0.3014163582853976,0.3679455190248531,0.16532572177518826,0.16531240091456106
236,236.0,236.99434120433818,0.3007338330460775,0.36638024458879,0.1664495451995603,0.16643637716557225
237,237.0,237.9949993997238,0.3000640894741403,0.36485250566378974,0.16754834002056654,0.1675350648415034
238,238.0,238.99564178157362,0.29941254683856716,0.3633738260879961,0.1686136211503335,0.16860000592310326
239,239.0,239.99626350742273,0.2987839004720773,0.3619540867222464,0.16963808714668743,0.16962392565898893
240,240.0,240.99686042561268,0.29818214721142733,0.36060159093919364,0.1706155748630061,0.17060068698637296
241,241.0,241.9974290477275,0.29761061527863975,0.3593231393383987,0.17154100725012986,0.1715252381328317
242,242.0,242.9979665171536,0.2970719978602562,0.3581241120176438,0.17241033551710694,0.17239355460499306
243,243.0,243.99847057446553,0.2965683896790201,0.35700855682213245,0.17322047679328226,0.17320257670556521
244,244.0,244.99893952030163,0.2961013258930291,0.35597928209129537,0.1739692483649742,0.17395014365070133
245,245.0,245.99937217635107,0.2956718227006186,0.35503795252597353,0.17465529948691424,0.17463492528649366
246,246.0,246.99976784503207,0.29528041907435465,0.3541851869052686,0.17527804169285813,0.17525635232751863
247,247.0,248.01012626839466,0.2949272190938852,0.353420656490926,0.17583757845234604,0.17581454596284274
248,248.0,249.03034758673704,0.2946119343944355,0.3527431830664529,0.17633463494242874,0.17631024759668285
249,249.0,250.05024329737782,0.2943339262948981,0.3521508356671071,0.17677048862514586,0.17674474941284896
250,250.0,251.06964700398075,0.29409224721627714,0.35164102516436924,0.17714690124440682,0.17711982637494678
251,251.0,252.08841386988357,0.29388568104726714,0.351210595973606,0.17746605278036465,0.1774376701987622
252,252.0,253.10641991049727,0.2937127821585972,0.3508559142555275,0.17773047782599005,0.17770082575988527
253,253.0,254.12356114794466,0.29357191281111994,0.350572952080046,0.17794300477986003,0.17791213032897402
254,254.0,255.13975265016785,0.29346127874419087,0.35035736711465676,0.17810669818161137,0.17807465595954097
255,255.0,256.154927475667,0.29337896277042447,0.3502045774880043,0.1782248044524385,0.17819165528913267
256,256.0,257.1690355438596,0.2933229562402422,0.35010983156248154,0.1783007012427255,0.1782665109545507
257,257.0,258.1820424497944,0.29329118827458733,0.35006827242723076,0.1783378505326236,0.17830268876555827
258,258.0,259.1939282406377,0.2932815526966638,0.3500749969945773,0.17833975557927265,0.17830369472948632
259,259.0,260.20468616999034,0.29329193262347764,0.3501251096485878,0.17830992175653107,0.1782730359714035
260,260.0,261.21432144470776,0.29332022270528696,0.3502137704540559,0.17825182128956535,0.17821418555109178
261,261.0,262.22284997750637,0.2933643490257742,0.35033623798778113,0.17816886184746755,0.17813055113897716
262,262.0,263.2302971572501,0.29342228669786663,0.3504879069016005,0.17806435892217187,0.17802544747836105
263,263.0,264.23669664744693,0.29349207520968285,0.35066434036836636,0.17794151189125104,0.17790207253069976
264,264.0,265.2420892221496,0.2935718315921323,0.3508612975981165,0.1778033836355768,0.17776348717417445
265,265.0,266.24652164716053,0.29365976149432715,0.35107475664225496,0.1776528835601812,0.17761259830323675
266,266.0,267.2500456131987,0.29375416826527095,0.3513009327289015,0.17749275384779034,0.17745214515803728
267,267.0,268.25271672650115,0.29385346015037933,0.3515362923929389,0.1773255587592277,0.1772846886974542
268,268.0,269.2645935612083,0.2939561557193847,0.35177756367998764,0.17715367678299607,0.17711260381763175
269,269.0,270.2756367768327,0.2940608876482074,0.35202174271487613,0.17697929542762464,0.17693807420929203
270,270.0,271.2858193031263,0.2941664049815774,0.35226609693247146,0.1768044084445811,0.17676308964137022
271,271.0,272.2951253837593,0.2942715740057063,0.35250816527232703,0.1766308152664631,0.1765894454555037
272,272.0,273.30354960249133,0.29437537786127693,0.35274575563881827,0.17646012244455928,0.17641874405534563
273,273.0,274.3110959033253,0.2944769150265894,0.3529769399256167,0.17629374687146726,0.17625239817632674
274,274.0,275.3177766150426,0.2945753967990164,0.3532000468978236,0.17613292057803678,0.1760916357251233
275,275.0,276.3236114894378,0.29467014390012225,0.35341365321717605,0.175978696899236,0.1759375059834658
276,276.0,277.32862676149904,0.294760582326028,0.35361657288576603,0.17583195781038993,0.17579088697781622
277,277.0,278.3328542387392,0.2948462385599945,0.3538078453719838,0.1756934222433916,0.17565249382463027
278,278.0,279.3363304258679,0.29492673425887606,0.35398672266920445,0.17556365520172618,0.17552288787019346
279,279.0,280.3390956900251,0.2950017805191924,0.3541526555233555,0.17544307750327703,0.17540248645417522
280,280.0,281.34119347086636,0.2950711718221969,0.35430527905020237,0.17533197599070705,0.17529157313689386
281,281.0,282.34266953891483,0.2951347797505906,0.354444397947207,0.175230514060554,0.17519030824164855
282,282.0,283.3435713047693,0.29519254656255073,0.3545699714883836,0.17513874237387772,0.1750987395751881
283,283.0,284.3439471809906,0.295244478701601,0.3546820984739032,0.1750566096231973,0.17501681320129864
284,284.0,285.3438459977799,0.2952906403136419,0.3547810022894763,0.17498397324241996,0.174944384154462
285,285.0,286.3433164729125,0.29533114683525397,0.3548670162139418,0.17492060995836317,0.17488122699244124
286,286.0,287.3424067358027,0.29536615871026395,0.3549405690971658,0.17486622609419544,0.17482704609837496
287,287.0,288.3411639050458,0.295395875284582,0.35500217151444025,0.17482046754656952,0.1747814856544084
288,288.0,289.33963371831413,0.2954205289225341,0.3550524024881873,0.1747829293693075,0.17474413921997126
289,289.0,290.33786021307253,0.29544037938137735,0.3550918968530223,0.17475316490714563,0.17471455885845494
290,290.0,291.33588545622433,0.29545570847443414,0.35512133332618806,0.17473069443319547,0.17469226376618252
291,291.0,292.3337493204987,0.2954668150473526,0.35514142333211984,0.1747150132533754,0.17467674836715236
292,292.0,293.3314893051407,0.29547401028641734,0.3551529006174817,0.1747055992500706,0.1746674898460305
293,293.0,294.3291403982671,0.2954776133726231,0.3551565116814771,0.17470191984566255,0.17466395510023736
294,294.0,295.3267349780981,0.29547794749039374,0.35515300703560265,0.17470343837430571,0.174665607099698
295,295.0,296.32430275016503,0.29547533619539507,0.3551431332973041,0.1747096198574085,0.17467191064989243
296,296.0,297.32187071752367,0.295470100141854,0.35512762611320686,0.17471993618469392,0.17468233756024532
297,297.0,298.3194631809712,0.29546255416616013,0.35510720389973177,0.17473387070847088,0.17469637122563728
298,298.0,299.3171017662643,0.29545300472028574,0.35508256238195135,0.17475092226385244,0.17471351063391052
299,299.0,300.31480547536535,0.29544174764570763,0.35505436990547395,0.17477060863212435,0.17473327381669415
300,300.0,301.3125907588027,0.2954290662760419,0.35502326349093405,0.1747924694683148,0.17475520076470932
301,301.0,302.3104716063083,0.295415229854494,0.35498984559628327,0.1748160687172701,0.17477885583195268
302,302.0,303.3084596530002,0.2954004922504676,0.35495468154847926,0.17484099654522414,0.17480382965582905
303,303.0,304.30656429849296,0.2953850909582509,0.35491829760331534,0.17486687081599755,0.1748297406224363
304,304.0,305.3047928364515,0.295369246359585,0.3548811795899791,0.17489333814260066,0.1748562359078353
305,305.0,306.3031505922497,0.2953531612311015,0.35484377209542123,0.17492007454618444,0.17488299212729289
306,306.0,307.30164106654564,0.29533702047706706,0.35480647814270944,0.17494678575501502,0.17490971562520863
307,307.0,308.3002660827464,0.29532099106757703,0.3547696593171862,0.17497320717647938,0.17493614243875752
308,308.0,309.29902593649973,0.2953052221622719,0.35473363629438787,0.17499910357509954,0.17496203796824078
309,309.0,310.29791954551274,0.29528984539978625,0.35469868972427004,0.17502426848917368,0.17498719638677013
310,310.0,311.29694459816926,0.295274975333463,0.3546650614272658,0.1750485234180157,0.1750114398212557
311,311.0,312.29609769957847,0.29526070999434906,0.35463295585903376,0.17507171681086034,0.17503461733575695
312,312.0,313.29537451385096,0.2952471315631148,0.3546025418023791,0.17509372288737893,0.17505660374712737
313,313.0,314.2947699015577,0.2952343071332844,0.3545739542467106,0.17511444031843887,0.17507729830156626
314,314.0,315.29427805147816,0.2952222895490159,0.35454729641748634,0.17513379079427543,0.17509662323922245
315,315.0,316.2938926058918,0.2952111183015958,0.3545226419203541,0.1751517175056526,0.17511452227239765
316,316.0,317.2936067788052,0.2952008204698134,0.35450003696707605,0.17516818356190253,0.17513095900120818
317,317.0,318.29341346663915,0.29519141169042273,0.35447950265279954,0.17518317036797545,0.17514591528880238
318,318.0,319.2933053510233,0.2951828971459786,0.35446103725676714,0.17519667598082833,0.175159389616426
319,319.0,320.2932749934588,0.2951752725584308,0.35444461854111486,0.17520871346365463,0.1751713954367998
320,320.0,321.2933149217162,0.2951685251779651,0.3544302060249611,0.17521930925462878,0.17518195954244506
321,321.0,322.3034177079307,0.295162634757678,0.3544177432135176,0.17522850156502623,0.1751911204637782
322,322.0,323.3134760384444,0.2951575745057545,0.35440715976442777,0.1752363388198007,0.17519892691001704
323,323.0,324.3233937755223,0.29515331200787753,0.3543983735759471,0.1752428781519667,0.17520543626420867
324,324.0,325.3330858011372,0.2951498101136211,0.3543912927838995,0.17524818396046346,0.1752107131420159
325,325.0,326.34247776617923,0.2951470277815658,0.35438581765656224,0.1752523265395729,0.17521482802229904
326,326.0,327.3515057570553,0.29514492087881206,0.3543818423787375,0.17525538078644268,0.17521785595600772
327,327.0,328.36011589127315,0.2951434429314572,0.3543792567182523,0.17525742499182806,0.17521987535846228
328,328.0,329.3682638531565,0.29514254582343497,0.35437794756997765,0.17525853971782362,0.17522096688876362
329,329.0,330.37591438032,0.2951421804418923,0.35437780037417516,0.1752588067651084,0.175221212418824
330,330.0,331.38304071096394,0.2951422972679966,0.3543787004075557,0.17525830823108066,0.1752206940933669
331,331.0,332.38962400143384,0.2951428469127222,0.35438053394686714,0.17525712565921187,0.17521949348119872
332,332.0,333.3956527228424,0.2951437805977597,0.35438318930612317,0.17525533927900483,0.1752176908171122
333,333.0,334.42112204488166,0.29514505058222756,0.3543865577497369,0.17525302733509546,0.17521536433294002
334,334.0,335.4458332142682,0.295146610536338,0.35439053428483636,0.1752502655032931,0.1752125896755325
335,335.0,336.4796149345734,0.2951484158635857,0.354395018336922,0.17524712639070503,0.17520943940878722
336,336.0,337.51222233350234,0.2951504239733844,0.3543999143137744,0.1752436791165357,0.17520598259630543
337,337.0,338.54344676920334,0.2951525945063811,0.3544051320631482,0.17523998896968498,0.1752022844607856
338,338.0,339.5731142936422,0.295154889514926,0.35441058723029767,0.1752361171388895,0.17519840611588672
339,339.0,340.6010839227008,0.29515727360137883,0.3544162015217737,0.17523212051085169,0.1751944043659957
340,340.0,341.6272457496266,0.29515971401708424,0.3544219028822289,0.1752280515315761,0.17519033156911065
341,341.0,342.65151893636346,0.2951621807249599,0.35442762559116076,0.17522395812597935,0.17518623555789986
342,342.0,343.673849615063,0.2951646464287101,0.35443331028663233,0.17521988367074948,0.17518215961390796
343,343.0,344.69420872974194,0.29516708657170987,0.3544389039230349,0.1752158670154021,0.175178142489853
344,344.0,345.7125898456556,0.29516947930860427,0.3544443596699114,0.17521194254650244,0.17517421847498185
345,345.0,346.72900695152134,0.29517180545263483,0.3544496367587456,0.17520814029009474,0.1751704174985248
346,346.0,347.74349227728527,0.2951740484016477,0.35445470028445336,0.17520448604749386,0.17516676526640507
347,347.0,348.75609414769997,0.2951761940456544,0.3544595209680903,0.17520100155974513,0.17516328342651008
348,348.0,349.76687488959624,0.2951782306587156,0.3544640748870272,0.17519770469624085,0.1751599897580163
349,349.0,350.7759088084069,0.29518014877779525,0.3544683431785446,0.1751946096631916,0.17515689838046858
350,350.0,351.79328024725237,0.29518194107110063,0.3544723117224693,0.17519172722788234,0.17515401997854776
351,351.0,352.80898173974083,0.2951836021982761,0.3544759708081213,0.1751890649548922,0.1751513620387104
352,352.0,353.823023265583,0.29518512866466295,0.35447931479047146,0.17518662745071917,0.1751489290941465
353,353.0,354.8354304061852,0.29518651867167617,0.3544823417400263,0.17518441661352324,0.17514672297477435
354,354.0,355.84624252866524,0.295187771965183,0.3544850530905699,0.1751824318849787,0.1751447430592685
355,355.0,356.8555110136107,0.29518888968359897,0.3544874532884979,0.17518067050150582,0.17514298652639737
356,356.0,357.8632975399255,0.295189874207249,0.35448954944709266,0.17517912774243216,0.17514144860322622
357,357.0,358.86967243820953,0.29519072901037324,0.3544913510087015,0.17517779717290857,0.17514012280801677
358,358.0,359.8747131222831,0.295191458516993,0.3544928694174069,0.17517667087967526,0.1751390011859249
359,359.0,360.87850260672644,0.29519206796169256,0.35449411780441215,0.17517573969803554,0.1751380745358598
360,360.0,361.8811281166582,0.29519256325621684,0.3544951106880173,0.17517499342864642,0.17513733262711947
361,361.0,362.88267979443015,0.2951929508626382,0.35449586368972624,0.17517442104297676,0.1751367644046588
362,362.0,363.88324950648064,0.2951932376737027,0.3544963932677115,0.17517401087651133,0.17513635818207443
363,363.0,364.8829297522613,0.29519343090083544,0.35449671646856556,0.17517375080899433,0.17513610182160458
364,364.0,365.88181267594126,0.29519353797015824,0.3544968506979931,0.1751736284312061,0.1751359829006425
365,365.0,366.87998918049385,0.29519356642675887,0.35449681351084245,0.17517363119795162,0.17513598886444703
366,366.0,367.87754814278617,0.2951935238473435,0.35449662242064295,0.17517374656711007,0.1751361071649035
367,367.0,368.8745757274214,0.2951934177613079,0.35449629472860145,0.1751739621247486,0.17513632538534207
368,368.0,369.871154796319,0.29519325558017445,0.35449584737182255,0.1751742656964428,0.1751366313515602
369,369.0,370.86736441036356,0.2951930445352643,0.3544952967903478,0.17517464544507014,0.1751370132293178
370,370.0,371.86327941890005,0.29519279162340417,0.3544946588124615,0.17517508995545106,0.17513745960868327
371,371.0,372.8589701323939,0.2951925035604077,0.35449394855758376,0.1751755883063064,0.17513795957570216
372,372.0,373.8545020732144,0.29519218674201847,0.35449318035596245,0.17517613013008013,0.175138502771939
373,373.0,374.8499357992207,0.2951918472119597,0.3544923676842881,0.1751767056612427,0.1751390794425096
374,374.0,375.84532679463416,0.2951914906366988,0.3544915231162828,0.17517730577374357,0.17513968047327486
375,375.0,376.84072542255996,0.2951911222865087,0.3544906582872597,0.17517792200832394,0.17514029741790765
376,376.0,377.8361769334675,0.2951907470223842,0.3544897838716108,0.17517854659043006,0.17514092251557495
377,377.0,378.8317215239497,0.29519036928835996,0.3544889095721551,0.17517917243948825,0.1751415486999966
378,378.0,379.8273944401442,0.29518999310876626,0.35448804412026796,0.17517979317031274,0.17514216960065296
379,379.0,380.82322612031777,0.2951896220899559,0.3544871952857113,0.17518040308741867,0.17514277953691398
380,380.0,381.81924237127083,0.29518925942603874,0.35448636989509774,0.17518099717300684,0.17514337350585657
381,381.0,382.81546457341585,0.29518890790816454,0.35448557385793905,0.17518157106937313,0.17514394716452317
382,382.0,383.8119099096122,0.29518856993690784,0.3544848121992613,0.17518212105647604,0.17514449680735472
383,383.0,384.80859161309286,0.29518824753731937,0.3544840890978032,0.17518264402537093,0.17514501933950638
384,384.0,385.80551923009443,0.29518794237622825,0.3544834079288574,0.1751831374481896,0.17514551224672467
385,385.0,386.80269889309494,0.29518765578139566,0.3544827713108621,0.17518359934531155,0.1751459735624307
386,386.0,387.80013360086446,0.295187388762144,0.35448218115490215,0.1751840282503352,0.17514640183261865
387,387.0,388.79782350184837,0.2951871420311078,0.3544816387163337,0.17518442317342012,0.17514679607913844
388,388.0,389.79576617771545,0.29518691602677577,0.3544811446478032,0.17518478356352937,0.1751471557618917
389,389.0,390.7939569242186,0.2951867109365209,0.35448069905299223,0.1751851092700594,0.17514748074042755
390,390.0,391.7923890268293,0.29518652671983797,0.35448030154047694,0.17518540050430284,0.17514777123538236
391,391.0,392.7910540289107,0.29518636313153657,0.35447995127715287,0.17518565780114592,0.17514802779016472
392,392.0,393.7899419904948,0.2951862197446617,0.3544796470407342,0.17518588198136023,0.175148251233244
393,393.0,394.7890417360155,0.2951860959729393,0.35447938727089456,0.1751860741148065,0.1751484426413598
394,394.0,395.788341089624,0.29518599109257143,0.3544791701186744,0.1751862354848271,0.1751486033039272
395,395.0,396.79782709697537,0.29518590426322633,0.354478993493834,0.17518636755406436,0.17514873468887543
396,396.0,397.8073862326219,0.29765607095814534,0.3515056629086274,0.1767136246418733,0.1741246414913541
397,397.0,398.81691559237754,0.2981802096946886,0.350205009006186,0.17968376016370796,0.17193102113541747
398,398.0,399.82632286023386,0.2934201751639769,0.3499966603755232,0.1809978324006549,0.17558533205984506
399,399.0,400.8355261727022,0.2877259838143836,0.35027922417829416,0.18329012244719767,0.17870466956012473
400,400.0,401.84445389219667,0.2825030573131671,0.3496802444535646,0.18730087862257896,0.18051581961068952
401,401.0,402.85304430081976,0.27740214644950534,0.3491154114455473,0.1912085636674678,0.18227387843747977
402,402.0,403.8612452255723,0.2724620587682794,0.3485869588126513,0.1949844078444645,0.18396657457460508
403,403.0,404.8690136055939,0.2677161128280579,0.3480965330436933,0.19860383679858828,0.18558351732966066
404,404.0,405.8763150115574,0.2631923539141427,0.34764523570996925,0.20204629776258526,0.18711611261330294
405,405.0,406.8931231268089,0.2589138009130423,0.3472336669412929,0.20529506292582814,0.18855746921983682
406,406.0,407.90931919926726,0.2548987187634862,0.34686196956884624,0.20833701421675987,0.1899022974509078
407,407.0,408.92480247248704,0.25116091120181555,0.34652987342673075,0.21116241350970227,0.1911468018617515
408,408.0,409.93948939366004,0.24771002884485854,0.3462367393533345,0.21376466201152483,0.19228856979028217
409,409.0,410.9533127287791,0.24455188799571334,0.3459816024825196,0.21614005231632133,0.1933264572054458
410,410.0,411.96622060309846,0.24168879591209025,0.34576321446273595,0.2182875163407464,0.1942604732844275
411,411.0,412.97817548395494,0.23911987863827325,0.3455800842890783,0.22020837207259292,0.1950916650000556
412,412.0,413.98915312188626,0.23684140786601993,0.3454305174786707,0.22190607178380028,0.1958220028715092
413,413.0,414.9991414648055,0.23484712365289645,0.34531265336329214,0.22338595407932035,0.1964542689044912
414,414.0,416.0181395587848,0.23312855018512105,0.34522450031459345,0.22465500187776666,0.19699194762251895
415,415.0,417.03605644777826,0.23167530212283668,0.3451639687563937,0.2257216081508621,0.1974391209699076
416,416.0,418.05282108339463,0.2304753794061171,0.34512890185522505,0.2265953509884108,0.19780036775024715
417,417.0,419.0683810446155,0.22951544872757298,0.345117103814396,0.22728677930559193,0.19808066815243916
418,418.0,420.08270119926806,0.22878111019017228,0.3451263657282808,0.2278072102712705,0.19828531381027645
419,419.0,421.1057623264627,0.2282571479651746,0.3451544889822694,0.22816853931093992,0.1984198237416161
420,420.0,422.1274597176732,0.2279277640435897,0.34519930620981143,0.22838306332680441,0.19848986641979446
421,421.0,423.1477127725859,0.22777679443429208,0.3452586998412761,0.22846331758108585,0.1985011881433459
422,422.0,424.16646339428155,0.227787907402146,0.3453306182999566,0.22842192650739973,0.19845954779049763
423,423.0,425.1836743198648,0.22794478355975778,0.34541308991854447,0.22827146854927965,0.19837065797241807
424,424.0,426.1993274096911,0.22823127782657548,0.3455042346648631,0.2280243549747502,0.19824013253381115
425,425.0,427.2134219164378,0.22863156344901037,0.34560227377867625,0.22769272248119765,0.19807344029111565
426,426.0,428.2259727533455,0.22913025843527637,0.3457055374320963,0.2272883392854598,0.19787586484716743
427,427.0,429.237008779029,0.22971253489912774,0.3458124705346284,0.22682252428971258,0.1976524702765312
428,428.0,430.2465711143538,0.2303642119281674,0.34592163681033594,0.2263060788239144,0.19740807243758215
429,429.0,431.2547115050026,0.2310718326955861,0.34603172127914444,0.22574923038972833,0.19714721563554105
430,430.0,432.2614907415365,0.23182272661987177,0.34614153127705566,0.225161587768335,0.1968741543347375
431,431.0,433.2669771470016,0.2326050574460949,0.3462499961511802,0.22455210680466908,0.19659283959805582
432,432.0,434.2712451404502,0.23340785817579943,0.34635616576515543,0.2239290661425945,0.19630690991645058
433,433.0,435.27437388314945,0.23422105381134023,0.3464592079488566,0.22330005215857285,0.19601968608123024
434,434.0,436.28644601274726,0.23503547290577825,0.34655840502347407,0.22267195232463907,0.1957341697461085
435,435.0,437.29744646925786,0.2358428489222794,0.3466531495291701,0.22205095622412374,0.1954530453244267
436,436.0,438.3073724154248,0.23663581240847234,0.34674293927777977,0.22144256344469013,0.19517868486905768
437,437.0,439.31623204282084,0.23740787498252597,0.3468273718475257,0.2208515975820244,0.19491315558792385
438,438.0,440.3240433870491,0.23815340610991367,0.3469061386305968,0.22028222560307645,0.19465822965641302
439,439.0,441.330833162984,0.23886760362402817,0.34697901853782986,0.21973798183926396,0.19441539599887803
440,440.0,442.33663562969554,0.23954645891105564,0.3470458714577363,0.2192217959067115,0.1941858737244966
441,441.0,443.341491493439,0.24018671764083452,0.34710663155984967,0.2187360238816186,0.19397062691769723
442,442.0,444.3454468558737,0.24078583688179186,0.3471613005249282,0.21828248209349024,0.19377038049978967
443,443.0,445.3485522135062,0.24134193939040027,0.3472099407770246,0.21786248293651125,0.19358563689606384
444,444.0,446.3508615132404,0.24185376581480852,0.3472526687849161,0.21747687213913647,0.1934166932611388
445,445.0,447.3524312678688,0.2423206254991926,0.34728964849294436,0.21712606697337924,0.19326365903448375
446,446.0,448.3533197343556,0.24274234652071103,0.3473210849340153,0.2168100949277354,0.1931264736175382
447,447.0,449.3535861568502,0.24311922553543522,0.347347218070414,0.21652863241064998,0.19300492398350072
448,448.0,450.35329007552684,0.24345197795389734,0.3473683169012437,0.21628104309443807,0.19289866205042083
449,449.0,451.35249070158056,0.243741688911539,0.347384673868753,0.2160664155521744,0.19280722166753358
450,450.0,452.3512463580131,0.24398976544486578,0.34739659958959884,0.2158835998818868,0.19273003508364858
451,451.0,453.3496139852222,0.24419789023097593,0.3474044179312391,0.2157312430530805,0.19266644878470446
452,452.0,454.3476487098583,0.24436797719673004,0.34740846144817794,0.21560782274989548,0.19261573860519657
453,453.0,455.34540347493214,0.24450212925450612,0.3474090671877161,0.21551167952280142,0.19257712403497637
454,454.0,456.34292872874926,0.24460259837452425,0.34740657287019827,0.2154410470964602,0.19254978165881728
455,455.0,457.3402721698972,0.24467174815936002,0.34740131344450526,0.21539408071505992,0.1925328576810748
456,456.0,458.33747854523136,0.24471201904468332,0.3473936180157115,0.21536888343792052,0.1925254795016847
457,457.0,459.3345894975798,0.24472589621159216,0.347383807138415,0.21536353032738725,0.1925267663226056
458,458.0,460.3316434597176,0.2447158802602589,0.34737219046623896,0.2153760904979049,0.1925358387755972
459,459.0,461.32867559104443,0.24468446066202107,0.3473590647453932,0.21540464701966316,0.19255182757292255
460,460.0,462.32571775332815,0.2446340919775515,0.34734471213795304,0.2154473146923204,0.192573881192175
461,461.0,463.3227985218502,0.2445671728023181,0.3473293988586524,0.21550225572406012,0.19260117261496934
462,462.0,464.31994322830155,0.24448602737714958,0.34731337410747026,0.21556769336865672,0.19263290514672338
463,463.0,465.3171740318247,0.24439288978129112,0.34729686927910663,0.21564192358837853,0.19266831735122364
464,464.0,466.31451001467735,0.2442898906077703,0.34728009742956334,0.2157233248235158,0.1927066871391505
465,465.0,467.31196729909794,0.24417904600608856,0.3472632529794537,0.21581036596017564,0.19274733505428207
466,466.0,468.3095591820855,0.2440622489650788,0.34724651163333553,0.21590161259683915,0.1927896268047465
467,467.0,469.3072962849534,0.24394126269908395,0.34723003049427076,0.21599573171713937,0.1928329750895059
468,468.0,470.3051867146851,0.24381771599326243,0.3472139483529448,0.2160914948815096,0.19287684077228315
469,469.0,471.3032362342967,0.24369310035865516,0.34719838613099696,0.21618778005389913,0.1929207334564487
470,470.0,472.3014484396042,0.24356876884448675,0.34718344745870894,0.21628357218178215,0.19296421151502208
471,471.0,473.2998249399849,0.24344593635385503,0.3471692193678376,0.21637796264833048,0.19300688162997676
472,472.0,474.29836554092765,0.24332568130931262,0.3471557730811501,0.2164701477150121,0.19304839789452508
473,473.0,475.2970684263669,0.24320894851669603,0.34714316488109476,0.2165594260711469,0.19308846053106216
474,474.0,476.2959303389985,0.24309655307873884,0.34713143704100907,0.21664519560422815,0.1931268142760238
475,475.0,477.294946756977,0.24298918521435472,0.34712061880329687,0.21672694950123045,0.19316324648111788
476,476.0,478.3041120655879,0.24288741584483017,0.3471107273900979,0.21680427178679162,0.19319758497828024
477,477.0,479.3133197226818,0.24279170281437445,0.3471017690330928,0.21687683239920022,0.19322969575333243
478,478.0,480.32247341683956,0.24270239761938528,0.3470937400102323,0.21694438189964738,0.19325948047073493
479,479.0,481.33148700741305,0.24261975252826587,0.34708662767833054,0.21700674590432478,0.1932868738890787
480,480.0,482.3402843688551,0.24254392798154045,0.3470804114916106,0.21706381932276264,0.19331184120408615
481,481.0,483.3487991504644,0.24247500017023688,0.3470750639974216,0.2171155604794005,0.19333437535294087
482,482.0,484.3569744624081,0.242412968698926,0.3470705518014523,0.21716198518885202,0.19335449431076956
483,483.0,485.3647624985334,0.24235776424832167,0.3470668364958404,0.2172031608487413,0.19337223840709655
