,Unnamed: 0,Total_iterations,Intertwine_two,Add_vertex,Delete_vertex,Invert_path_vertices,Insert_inside_vertex,Delete_inside_vertex,Replace_inside_vertex,Donate_between_routes
0,0.0,0.0,0.125,0.125,0.125,0.125,0.125,0.125,0.125,0.125
1,1.0,1.0,0.125,0.125,0.125,0.125,0.125,0.125,0.125,0.125
2,2.0,2.0,0.125,0.125,0.125,0.125,0.125,0.125,0.125,0.125
3,3.0,3.0,0.125,0.125,0.125,0.125,0.125,0.125,0.125,0.125
4,4.0,4.0,0.125,0.125,0.125,0.125,0.125,0.125,0.125,0.125
5,5.0,5.0,0.125,0.125,0.125,0.125,0.125,0.125,0.125,0.125
6,6.0,6.0,0.125,0.125,0.125,0.125,0.125,0.125,0.125,0.125
7,7.0,7.0,0.125,0.125,0.125,0.125,0.125,0.125,0.125,0.125
8,8.0,8.0,0.125,0.125,0.125,0.125,0.125,0.125,0.125,0.125
9,9.0,9.0,0.125,0.125,0.125,0.125,0.125,0.125,0.125,0.125
10,10.0,10.0,0.125,0.125,0.125,0.125,0.125,0.125,0.125,0.125
11,11.0,11.0,0.125,0.125,0.125,0.125,0.125,0.125,0.125,0.125
12,12.0,12.0,0.125,0.125,0.125,0.125,0.125,0.125,0.125,0.125
13,13.0,13.0,0.125,0.125,0.125,0.125,0.125,0.125,0.125,0.125
14,14.0,14.0,0.125,0.125,0.125,0.125,0.125,0.125,0.125,0.125
15,15.0,15.0,0.125,0.125,0.125,0.125,0.125,0.125,0.125,0.125
16,16.0,16.0,0.125,0.125,0.125,0.125,0.125,0.125,0.125,0.125
17,17.0,17.0,0.125,0.125,0.125,0.125,0.125,0.125,0.125,0.125
18,18.0,18.0,0.125,0.125,0.125,0.125,0.125,0.125,0.125,0.125
19,19.0,19.0,0.125,0.125,0.125,0.125,0.125,0.125,0.125,0.125
20,20.0,20.0,0.125,0.125,0.125,0.125,0.125,0.125,0.125,0.125
21,21.0,21.0,0.125,0.125,0.125,0.125,0.125,0.125,0.125,0.125
22,22.0,22.0,0.125,0.125,0.125,0.125,0.125,0.125,0.125,0.125
23,23.0,23.0,0.125,0.125,0.125,0.125,0.125,0.125,0.125,0.125
24,24.0,24.0,0.125,0.125,0.125,0.125,0.125,0.125,0.125,0.125
25,25.0,25.0,0.125,0.125,0.125,0.125,0.125,0.125,0.125,0.125
26,26.0,26.0,0.125,0.125,0.125,0.125,0.125,0.125,0.125,0.125
27,27.0,27.0,0.125,0.125,0.125,0.125,0.125,0.125,0.125,0.125
28,28.0,28.0,0.125,0.125,0.125,0.125,0.125,0.125,0.125,0.125
29,29.0,29.0,0.125,0.125,0.125,0.125,0.125,0.125,0.125,0.125
30,30.0,30.0,0.125,0.125,0.125,0.125,0.125,0.125,0.125,0.125
31,31.0,31.0,0.125,0.125,0.125,0.125,0.125,0.125,0.125,0.125
32,32.0,32.0,0.125,0.125,0.125,0.125,0.125,0.125,0.125,0.125
33,33.0,33.0,0.125,0.125,0.125,0.125,0.125,0.125,0.125,0.125
34,34.0,34.0,0.125,0.125,0.125,0.125,0.125,0.125,0.125,0.125
35,35.0,35.0,0.125,0.125,0.125,0.125,0.125,0.125,0.125,0.125
36,36.0,36.0,0.125,0.125,0.125,0.125,0.125,0.125,0.125,0.125
37,37.0,37.0,0.125,0.125,0.125,0.125,0.125,0.125,0.125,0.125
38,38.0,38.0,0.125,0.125,0.125,0.125,0.125,0.125,0.125,0.125
39,39.0,39.0,0.125,0.125,0.125,0.125,0.125,0.125,0.125,0.125
40,40.0,40.0,0.125,0.125,0.125,0.125,0.125,0.125,0.125,0.125
41,41.0,41.0,0.125,0.125,0.125,0.125,0.125,0.125,0.125,0.125
42,42.0,42.0,0.125,0.125,0.125,0.125,0.125,0.125,0.125,0.125
43,43.0,43.0,0.125,0.125,0.125,0.125,0.125,0.125,0.125,0.125
44,44.0,44.0,0.125,0.125,0.125,0.125,0.125,0.125,0.125,0.125
45,45.0,45.0,0.125,0.125,0.125,0.125,0.125,0.125,0.125,0.125
46,46.0,46.0,0.125,0.125,0.125,0.125,0.125,0.125,0.125,0.125
47,47.0,47.0,0.125,0.125,0.125,0.125,0.125,0.125,0.125,0.125
48,48.0,48.0,0.125,0.125,0.125,0.125,0.125,0.125,0.125,0.125
49,49.0,49.0,0.125,0.125,0.125,0.125,0.125,0.125,0.125,0.125
50,50.0,50.0,0.125,0.125,0.125,0.125,0.125,0.125,0.125,0.125
51,51.0,51.0,0.125,0.125,0.125,0.125,0.125,0.125,0.125,0.125
52,52.0,52.0,0.125,0.125,0.125,0.125,0.125,0.125,0.125,0.125
53,53.0,53.0,0.125,0.125,0.125,0.125,0.125,0.125,0.125,0.125
54,54.0,54.0,0.125,0.125,0.125,0.125,0.125,0.125,0.125,0.125
55,55.0,55.0,0.125,0.125,0.125,0.125,0.125,0.125,0.125,0.125
56,56.0,56.0,0.125,0.125,0.125,0.125,0.125,0.125,0.125,0.125
57,57.0,57.0,0.125,0.125,0.125,0.125,0.125,0.125,0.125,0.125
58,58.0,58.0,0.125,0.125,0.125,0.125,0.125,0.125,0.125,0.125
59,59.0,59.0,0.125,0.125,0.125,0.125,0.125,0.125,0.125,0.125
60,60.0,60.0,0.125,0.125,0.125,0.125,0.125,0.125,0.125,0.125
61,61.0,61.0,0.125,0.125,0.125,0.125,0.125,0.125,0.125,0.125
62,62.0,62.0,0.125,0.125,0.125,0.125,0.125,0.125,0.125,0.125
63,63.0,63.0,0.125,0.125,0.125,0.125,0.125,0.125,0.125,0.125
64,64.0,64.0,0.125,0.125,0.125,0.125,0.125,0.125,0.125,0.125
65,65.0,65.0,0.125,0.125,0.125,0.125,0.125,0.125,0.125,0.125
66,66.0,66.1,0.125,0.125,0.125,0.125,0.125,0.125,0.125,0.125
67,67.0,67.1,0.125,0.125,0.125,0.125,0.125,0.125,0.125,0.125
68,68.0,68.1,0.125,0.125,0.125,0.125,0.125,0.125,0.125,0.125
69,69.0,69.1,0.125,0.125,0.125,0.125,0.125,0.125,0.125,0.125
70,70.0,70.1,0.125,0.125,0.125,0.125,0.125,0.125,0.125,0.125
71,71.0,71.1,0.125,0.125,0.125,0.125,0.125,0.125,0.125,0.125
72,72.0,72.1,0.125,0.125,0.125,0.125,0.125,0.125,0.125,0.125
73,73.0,73.1,0.125,0.125,0.125,0.125,0.125,0.125,0.125,0.125
74,74.0,74.1,0.125,0.125,0.125,0.125,0.125,0.125,0.125,0.125
75,75.0,75.1,0.125,0.125,0.125,0.125,0.125,0.125,0.125,0.125
76,76.0,76.1,0.125,0.125,0.125,0.125,0.125,0.125,0.125,0.125
77,77.0,77.1,0.125,0.125,0.125,0.125,0.125,0.125,0.125,0.125
78,78.0,78.1,0.125,0.125,0.125,0.125,0.125,0.125,0.125,0.125
79,79.0,79.1,0.125,0.125,0.125,0.125,0.125,0.125,0.125,0.125
80,80.0,80.1,0.125,0.125,0.125,0.125,0.125,0.125,0.125,0.125
81,81.0,81.1,0.125,0.125,0.125,0.125,0.125,0.125,0.125,0.125
82,82.0,82.2,0.125,0.125,0.125,0.125,0.125,0.125,0.125,0.125
83,83.0,83.2,0.125,0.125,0.125,0.125,0.125,0.125,0.125,0.125
84,84.0,84.2,0.125,0.125,0.125,0.125,0.125,0.125,0.125,0.125
85,85.0,85.3,0.125,0.125,0.125,0.125,0.125,0.125,0.125,0.125
86,86.0,86.3,0.125,0.125,0.125,0.125,0.125,0.125,0.125,0.125
87,87.0,87.3,0.125,0.125,0.125,0.125,0.125,0.125,0.125,0.125
88,88.0,88.3,0.125,0.125,0.125,0.125,0.125,0.125,0.125,0.125
89,89.0,89.3,0.125,0.125,0.125,0.125,0.125,0.125,0.125,0.125
90,90.0,90.3,0.125,0.125,0.125,0.125,0.125,0.125,0.125,0.125
91,91.0,91.3,0.125,0.125,0.125,0.125,0.125,0.125,0.125,0.125
92,92.0,92.3,0.125,0.125,0.125,0.125,0.125,0.125,0.125,0.125
93,93.0,93.4,0.125,0.125,0.125,0.125,0.125,0.125,0.125,0.125
94,94.0,94.4,0.125,0.125,0.125,0.125,0.125,0.125,0.125,0.125
95,95.0,95.5,0.125,0.125,0.125,0.125,0.125,0.125,0.125,0.125
96,96.0,96.5,0.125,0.125,0.125,0.125,0.125,0.125,0.125,0.125
97,97.0,97.5,0.125,0.125,0.125,0.125,0.125,0.125,0.125,0.125
98,98.0,98.5,0.125,0.125,0.125,0.125,0.125,0.125,0.125,0.125
99,99.0,99.5,0.125,0.125,0.125,0.125,0.125,0.125,0.125,0.125
100,100.0,100.5,0.125,0.125,0.125,0.125,0.125,0.125,0.125,0.125
101,101.0,101.5,0.125,0.125,0.125,0.125,0.125,0.125,0.125,0.125
102,102.0,102.5,0.125,0.125,0.125,0.125,0.125,0.125,0.125,0.125
103,103.0,103.5,0.125,0.125,0.125,0.125,0.125,0.125,0.125,0.125
104,104.0,104.5,0.125,0.125,0.125,0.125,0.125,0.125,0.125,0.125
105,105.0,105.5,0.125,0.125,0.125,0.125,0.125,0.125,0.125,0.125
106,106.0,106.5,0.125,0.125,0.125,0.125,0.125,0.125,0.125,0.125
107,107.0,107.5,0.125,0.125,0.125,0.125,0.125,0.125,0.125,0.125
108,108.0,108.5,0.125,0.125,0.125,0.125,0.125,0.125,0.125,0.125
109,109.0,109.5,0.125,0.125,0.125,0.125,0.125,0.125,0.125,0.125
110,110.0,110.5,0.125,0.125,0.125,0.125,0.125,0.125,0.125,0.125
111,111.0,111.5,0.125,0.125,0.125,0.125,0.125,0.125,0.125,0.125
112,112.0,112.5,0.125,0.125,0.125,0.125,0.125,0.125,0.125,0.125
113,113.0,113.5,0.125,0.125,0.125,0.125,0.125,0.125,0.125,0.125
114,114.0,114.5,0.125,0.125,0.125,0.125,0.125,0.125,0.125,0.125
115,115.0,115.5,0.125,0.125,0.125,0.125,0.125,0.125,0.125,0.125
116,116.0,116.5,0.125,0.125,0.125,0.125,0.125,0.125,0.125,0.125
117,117.0,117.5,0.125,0.125,0.125,0.125,0.125,0.125,0.125,0.125
118,118.0,118.5,0.125,0.125,0.125,0.125,0.125,0.125,0.125,0.125
119,119.0,119.5,0.125,0.125,0.125,0.125,0.125,0.125,0.125,0.125
120,120.0,120.5,0.125,0.125,0.125,0.125,0.125,0.125,0.125,0.125
121,121.0,121.5,0.125,0.125,0.125,0.125,0.125,0.125,0.125,0.125
122,122.0,122.5,0.125,0.125,0.125,0.125,0.125,0.125,0.125,0.125
123,123.0,123.5,0.125,0.125,0.125,0.125,0.125,0.125,0.125,0.125
124,124.0,124.5,0.125,0.125,0.125,0.125,0.125,0.125,0.125,0.125
125,125.0,125.5,0.125,0.125,0.125,0.125,0.125,0.125,0.125,0.125
126,126.0,126.5,0.125,0.125,0.125,0.125,0.125,0.125,0.125,0.125
127,127.0,127.5,0.125,0.125,0.125,0.125,0.125,0.125,0.125,0.125
128,128.0,128.5,0.125,0.125,0.125,0.125,0.125,0.125,0.125,0.125
129,129.0,129.5,0.125,0.125,0.125,0.125,0.125,0.125,0.125,0.125
130,130.0,130.5,0.125,0.125,0.125,0.125,0.125,0.125,0.125,0.125
131,131.0,131.5,0.125,0.125,0.125,0.125,0.125,0.125,0.125,0.125
132,132.0,132.5,0.125,0.125,0.125,0.125,0.125,0.125,0.125,0.125
133,133.0,133.5,0.125,0.125,0.125,0.125,0.125,0.125,0.125,0.125
134,134.0,134.5,0.125,0.125,0.125,0.125,0.125,0.125,0.125,0.125
135,135.0,135.5,0.125,0.125,0.125,0.125,0.125,0.125,0.125,0.125
136,136.0,136.5,0.125,0.125,0.125,0.125,0.125,0.125,0.125,0.125
137,137.0,137.5,0.125,0.125,0.125,0.125,0.125,0.125,0.125,0.125
138,138.0,138.5,0.125,0.125,0.125,0.125,0.125,0.125,0.125,0.125
139,139.0,139.5,0.125,0.125,0.125,0.125,0.125,0.125,0.125,0.125
140,140.0,140.5,0.125,0.125,0.125,0.125,0.125,0.125,0.125,0.125
141,141.0,141.5,0.125,0.125,0.125,0.125,0.125,0.125,0.125,0.125
142,142.0,142.5,0.125,0.125,0.125,0.125,0.125,0.125,0.125,0.125
143,143.0,143.5,0.125,0.125,0.125,0.125,0.125,0.125,0.125,0.125
144,144.0,144.5,0.125,0.125,0.125,0.125,0.125,0.125,0.125,0.125
145,145.0,145.5,0.125,0.125,0.125,0.125,0.125,0.125,0.125,0.125
146,146.0,146.5,0.125,0.125,0.125,0.125,0.125,0.125,0.125,0.125
147,147.0,147.5,0.125,0.125,0.125,0.125,0.125,0.125,0.125,0.125
148,148.0,148.5,0.125,0.125,0.125,0.125,0.125,0.125,0.125,0.125
149,149.0,149.5,0.125,0.125,0.125,0.125,0.125,0.125,0.125,0.125
150,150.0,150.5,0.125,0.125,0.125,0.125,0.125,0.125,0.125,0.125
151,151.0,151.5,0.125,0.125,0.125,0.125,0.125,0.125,0.125,0.125
152,152.0,152.5,0.125,0.125,0.125,0.125,0.125,0.125,0.125,0.125
153,153.0,153.5,0.125,0.125,0.125,0.125,0.125,0.125,0.125,0.125
154,154.0,154.5,0.125,0.125,0.125,0.125,0.125,0.125,0.125,0.125
155,155.0,155.5,0.125,0.125,0.125,0.125,0.125,0.125,0.125,0.125
156,156.0,156.5,0.125,0.125,0.125,0.125,0.125,0.125,0.125,0.125
157,157.0,157.5,0.125,0.125,0.125,0.125,0.125,0.125,0.125,0.125
158,158.0,158.5,0.125,0.125,0.125,0.125,0.125,0.125,0.125,0.125
159,159.0,159.5,0.125,0.125,0.125,0.125,0.125,0.125,0.125,0.125
160,160.0,160.5,0.125,0.125,0.125,0.125,0.125,0.125,0.125,0.125
161,161.0,161.5,0.125,0.125,0.125,0.125,0.125,0.125,0.125,0.125
162,162.0,162.5,0.125,0.125,0.125,0.125,0.125,0.125,0.125,0.125
163,163.0,163.5,0.125,0.125,0.125,0.125,0.125,0.125,0.125,0.125
164,164.0,164.5,0.125,0.125,0.125,0.125,0.125,0.125,0.125,0.125
165,165.0,165.5,0.125,0.125,0.125,0.125,0.125,0.125,0.125,0.125
166,166.0,166.5,0.125,0.125,0.125,0.125,0.125,0.125,0.125,0.125
167,167.0,167.5,0.125,0.125,0.125,0.125,0.125,0.125,0.125,0.125
168,168.0,168.5,0.125,0.125,0.125,0.125,0.125,0.125,0.125,0.125
169,169.0,169.5,0.125,0.125,0.125,0.125,0.125,0.125,0.125,0.125
170,170.0,170.5,0.125,0.125,0.125,0.125,0.125,0.125,0.125,0.125
171,171.0,171.5,0.125,0.125,0.125,0.125,0.125,0.125,0.125,0.125
172,172.0,172.5,0.125,0.125,0.125,0.125,0.125,0.125,0.125,0.125
173,173.0,173.5,0.125,0.125,0.125,0.125,0.125,0.125,0.125,0.125
174,174.0,174.5,0.125,0.125,0.125,0.125,0.125,0.125,0.125,0.125
175,175.0,175.5,0.125,0.125,0.125,0.125,0.125,0.125,0.125,0.125
176,176.0,176.5,0.125,0.125,0.125,0.125,0.125,0.125,0.125,0.125
177,177.0,177.5,0.125,0.125,0.125,0.125,0.125,0.125,0.125,0.125
178,178.0,178.5,0.125,0.125,0.125,0.125,0.125,0.125,0.125,0.125
179,179.0,179.5,0.125,0.125,0.125,0.125,0.125,0.125,0.125,0.125
180,180.0,180.5,0.125,0.125,0.125,0.125,0.125,0.125,0.125,0.125
181,181.0,181.5,0.125,0.125,0.125,0.125,0.125,0.125,0.125,0.125
182,182.0,182.5,0.125,0.125,0.125,0.125,0.125,0.125,0.125,0.125
183,183.0,183.5,0.125,0.125,0.125,0.125,0.125,0.125,0.125,0.125
184,184.0,184.5,0.125,0.125,0.125,0.125,0.125,0.125,0.125,0.125
185,185.0,185.5,0.125,0.125,0.125,0.125,0.125,0.125,0.125,0.125
186,186.0,186.5,0.125,0.125,0.125,0.125,0.125,0.125,0.125,0.125
187,187.0,187.5,0.125,0.125,0.125,0.125,0.125,0.125,0.125,0.125
188,188.0,188.5,0.125,0.125,0.125,0.125,0.125,0.125,0.125,0.125
189,189.0,189.5,0.125,0.125,0.125,0.125,0.125,0.125,0.125,0.125
190,190.0,190.5,0.125,0.125,0.125,0.125,0.125,0.125,0.125,0.125
191,191.0,191.5,0.125,0.125,0.125,0.125,0.125,0.125,0.125,0.125
192,192.0,192.5,0.125,0.125,0.125,0.125,0.125,0.125,0.125,0.125
193,193.0,193.5,0.125,0.125,0.125,0.125,0.125,0.125,0.125,0.125
194,194.0,194.5,0.125,0.125,0.125,0.125,0.125,0.125,0.125,0.125
195,195.0,195.5,0.125,0.125,0.125,0.125,0.125,0.125,0.125,0.125
196,196.0,196.5,0.125,0.125,0.125,0.125,0.125,0.125,0.125,0.125
197,197.0,197.5,0.125,0.125,0.125,0.125,0.125,0.125,0.125,0.125
198,198.0,198.5,0.125,0.125,0.125,0.125,0.125,0.125,0.125,0.125
199,199.0,199.5,0.12361111111111112,0.13472222222222224,0.12361111111111112,0.12361111111111112,0.12361111111111112,0.12361111111111112,0.12361111111111112,0.12361111111111112
200,200.0,200.5,0.12222222222222223,0.13333333333333336,0.13333333333333333,0.12222222222222223,0.12222222222222223,0.12222222222222223,0.12222222222222223,0.12222222222222223
201,201.0,201.5,0.11833333333333333,0.13944444444444443,0.12944444444444442,0.13944444444444443,0.11833333333333333,0.11833333333333333,0.11833333333333333,0.11833333333333333
202,202.0,202.5,0.11742424242424243,0.13762626262626262,0.12853535353535353,0.14671717171717172,0.11742424242424243,0.11742424242424243,0.11742424242424243,0.11742424242424243
203,203.0,203.5,0.11444444444444443,0.1338888888888889,0.14444444444444443,0.14944444444444444,0.11444444444444443,0.11444444444444443,0.11444444444444443,0.11444444444444443
204,204.0,204.5,0.11262626262626263,0.13207070707070706,0.14898989898989898,0.14671717171717172,0.11262626262626263,0.12171717171717171,0.11262626262626263,0.11262626262626263
205,205.0,205.5,0.12094017094017093,0.12649572649572646,0.15213675213675215,0.18354700854700853,0.10213675213675213,0.11047008547008545,0.10213675213675213,0.10213675213675213
206,206.0,206.5,0.11890784653942547,0.13131386157701944,0.15706413469571365,0.17714317845896793,0.10065387828545722,0.11360934387250174,0.10065387828545722,0.10065387828545722
207,207.0,207.5,0.11795546558704453,0.12988529014844802,0.15658794421952318,0.18190508322087268,0.10017768780926675,0.11313315339631128,0.10017768780926675,0.10017768780926675
208,208.0,208.5,0.10629490392648286,0.14044695071010857,0.1615329991645781,0.18080618212197158,0.0996282372598162,0.11203425229741018,0.0996282372598162,0.0996282372598162
209,209.0,209.5,0.11054093567251459,0.15274853801169588,0.15762426900584797,0.1766593567251462,0.09762426900584795,0.10955409356725146,0.09762426900584795,0.09762426900584795
210,210.0,210.5,0.10897230822153421,0.15674363605091157,0.1614232886136911,0.17398778809769522,0.09683995528035774,0.10835311317509459,0.09683995528035774,0.09683995528035774
211,211.0,211.5,0.10746732026143788,0.15622549019607843,0.15844771241830066,0.17217320261437907,0.09570261437908496,0.10158496732026143,0.10681372549019608,0.10158496732026143
212,212.0,212.5,0.10570261437908494,0.15478758169934642,0.16093137254901962,0.1700816993464052,0.09426470588235292,0.0998202614379085,0.11426470588235291,0.1001470588235294
213,213.0,213.5,0.1123905463301748,0.15085882040216403,0.16232956499984363,0.16738632454576724,0.09215412640335241,0.09741728429808924,0.11033594458517057,0.10712738843543797
214,214.0,214.5,0.1123905463301748,0.15085882040216403,0.16232956499984363,0.16738632454576724,0.09215412640335241,0.09741728429808924,0.11033594458517057,0.10712738843543797
215,215.0,215.5,0.10561223692028646,0.14858609312943677,0.1668351471370047,0.1749620821215248,0.09139655064577665,0.09665970854051348,0.10957836882759482,0.10636981267786219
216,216.0,216.5,0.10561223692028646,0.14858609312943677,0.1668351471370047,0.1749620821215248,0.09139655064577665,0.09665970854051348,0.10957836882759482,0.10636981267786219
217,217.0,217.5,0.10634753103793351,0.1504243284235544,0.16720279419582823,0.17055031741564244,0.09176419770460018,0.097027355599337,0.10994601588641835,0.10673745973668572
218,218.0,218.5,0.10608437314319667,0.15016117052881758,0.16983437314319666,0.1697608437314319,0.09150103980986334,0.09650103980986333,0.10059194890077242,0.11556521093285799
219,219.0,219.5,0.10372209489856547,0.15257830404889225,0.17045878957643662,0.1661870808929632,0.08950640862405566,0.10537942449707154,0.09859731771496474,0.11357057974705032
220,220.0,220.5,0.10978678184560535,0.14900246812011517,0.17148064353946707,0.1729329494035376,0.08756455962338312,0.10322112527994878,0.09589789295671645,0.11011357923122626
221,221.0,221.5,0.10090399796282146,0.15678635090399795,0.1753267973856209,0.17238349885408705,0.08701510907393258,0.10267167473049824,0.09534844240726591,0.10956412868177572
222,222.0,222.5,0.10026297232179582,0.1542222483398954,0.17468577174459526,0.17879375526434343,0.08637408343290694,0.1020306490894726,0.09470741676624027,0.10892310304075008
223,223.0,223.5,0.10016948808508908,0.1537876019973206,0.17663703162424388,0.17210652376892782,0.09309665895343644,0.10141273900864692,0.09428713514391264,0.10850282141842245
224,224.0,224.5,0.09903594771241829,0.15789215686274508,0.17482026143790846,0.1694771241830065,0.09815359477124182,0.10009803921568625,0.09315359477124183,0.10736928104575164
225,225.0,225.5,0.09886928104575163,0.15772549019607843,0.17665359477124182,0.16881045751633986,0.09798692810457514,0.09976470588235294,0.09298692810457515,0.10720261437908496
226,226.0,226.5,0.09871543489190547,0.15757164404223226,0.17449974861739564,0.1748617395676219,0.09116641528406233,0.10330316742081447,0.09283308195072901,0.10704876822523882
227,227.0,227.5,0.08961189953837011,0.17047568444627267,0.17372954659719364,0.17284153754741988,0.09039621326386033,0.11142185428950133,0.09282045568810272,0.09870280862927919
228,228.0,228.5,0.08910180233709644,0.1740097048920578,0.17507130124777184,0.1708011487423252,0.08988611606258665,0.1106268568033274,0.09231035848682906,0.09819271142800554
229,229.0,229.5,0.08788515406162464,0.17563025210084032,0.17557422969187675,0.16820728291316525,0.08866946778711483,0.10914565826330531,0.0903361344537815,0.1045518207282913
230,230.0,230.5,0.087244128420599,0.1820405085110967,0.1749332040508511,0.1675662572721396,0.0880284421460892,0.10850463262227968,0.08905408317173022,0.10262874380521439
231,231.0,231.5,0.08669467787114846,0.18039215686274507,0.19176470588235292,0.16701680672268907,0.08081232492997198,0.10438375350140054,0.08795518207282912,0.10098039215686272
232,232.0,232.5,0.08615485849512215,0.1798523374867188,0.19603605235197527,0.16610752921858393,0.0802725055539457,0.10372078141601467,0.08741536269680285,0.10044057278083644
233,233.0,233.5,0.08567226890756299,0.1865126050420168,0.19399159663865545,0.15972455648926234,0.08534547152194212,0.10312324929971987,0.07978991596638654,0.10584033613445376
234,234.0,234.5,0.08494554697940296,0.19455781293841815,0.19194081820617323,0.15809045859430357,0.08432635193296333,0.10228900048983938,0.07906319403822648,0.10478681682067278
235,235.0,235.5,0.08455234286697133,0.19913536905990464,0.19041811022654673,0.15739483512703326,0.08393314782053171,0.10179498992579487,0.07866998992579487,0.10410121504742247
236,236.0,236.5,0.08371829752634705,0.1947674891328142,0.19024423804609564,0.15575038308784434,0.08783594458517059,0.10753291428214029,0.07783594458517058,0.10231478875441724
237,237.0,237.5,0.08371829752634705,0.1947674891328142,0.19024423804609564,0.15575038308784434,0.08783594458517059,0.10753291428214029,0.07783594458517058,0.10231478875441724
238,238.0,238.5,0.08348020228825179,0.19262463198995702,0.19476804756990512,0.15503609737355864,0.08712165887088485,0.10729481904404506,0.07759784934707534,0.10207669351632201
239,239.0,239.5,0.08326375207180159,0.19522203458735965,0.1943351471370047,0.154386746724208,0.08647230822153422,0.10707836882759483,0.07738139913062511,0.10186024329987178
240,240.0,240.5,0.08317462551208679,0.19513290802764485,0.19531553929386747,0.1540302404853488,0.08638318166181942,0.10690011570816524,0.07729227257091034,0.10177111674015697
241,241.0,241.5,0.08882495026996304,0.1928260869565217,0.19755186132423985,0.15372975277067344,0.08608269394714405,0.10699488491048592,0.07738704177323101,0.09660272804774081
242,242.0,242.5,0.0876423288613691,0.1927485380116959,0.20523778809769522,0.15247721018231852,0.08483015135878913,0.10568799449604402,0.0764968180254558,0.09487917096663226
243,243.0,243.5,0.08747566219470244,0.1947485380116959,0.20490445476436187,0.15197721018231852,0.08433015135878913,0.10552132782937737,0.07633015135878914,0.09471250429996561
244,244.0,244.5,0.08732181604085629,0.19659469185784975,0.20459676245666958,0.15151567172078007,0.08386861289725066,0.1053674816755312,0.07617630520494298,0.09455865814611944
245,245.0,245.5,0.0875960325650728,0.20663742690058476,0.19889519550510262,0.15150498796009632,0.08385792913656691,0.09939169819974773,0.07645052172915949,0.09566620800366929
246,246.0,246.5,0.08746375743279766,0.20822472848788634,0.19863064524055235,0.1511081625632709,0.0834611037397415,0.0992594230674726,0.07631824659688435,0.09553393287139418
247,247.0,247.5,0.08734060472343805,0.2097025610002016,0.19838433982183315,0.15073870443519208,0.08309164561166268,0.09913627035811298,0.07619509388752474,0.09541078016203457
248,248.0,248.5,0.0893633085418075,0.20505859815190441,0.20751746675681765,0.14841672301104347,0.0837108406581023,0.09975546540455263,0.07681428893396439,0.08936330854180752
249,249.0,249.5,0.0884459415950288,0.21258950706719468,0.20752446955793813,0.1442996796419717,0.08321014037799027,0.09917073151099519,0.07631358865385234,0.0884459415950288
250,250.0,250.5,0.08825163398692809,0.21377450980392157,0.2053104575163399,0.14660947712418299,0.08278594771241829,0.09889705882352941,0.07611928104575162,0.08825163398692809
251,251.0,251.5,0.08806903203013258,0.20863223042777118,0.2059212295787248,0.15234412306044182,0.08238829199218192,0.09863938179165883,0.07593667908895611,0.08806903203013258
252,252.0,252.5,0.0879979082747983,0.20856110667243694,0.20670359088740192,0.1520596280391047,0.08231716823684766,0.09849713428099027,0.07586555533362185,0.08799790827479832
253,253.0,253.5,0.08135363450591153,0.21441683290355015,0.2041778572471172,0.15146292512042034,0.08192289446796087,0.09803538412883764,0.07547128156473507,0.09315919006146708
254,254.0,254.5,0.08092188488298543,0.21802920092768288,0.20414769133459837,0.15047122074636304,0.08149114484503478,0.09753953194180898,0.07503953194180897,0.09235979337971749
255,255.0,255.5,0.07914522299871952,0.2198473102852471,0.2114480261026519,0.14818483464720794,0.07971448296076888,0.09814091883803086,0.07326287005754308,0.09025633410983067
256,256.0,256.5,0.07840154921617767,0.22352968819106586,0.20843450538109978,0.1468737407243599,0.08403235416973806,0.09728110103690597,0.07251919627500122,0.08892786500565139
257,257.0,257.5,0.07834617823057415,0.22347431720546235,0.20677337581299343,0.14897783817729454,0.08397698318413452,0.09711498808009536,0.07246382528939768,0.08887249402004783
258,258.0,258.5,0.07803016621321575,0.22315830518810392,0.20982890045970543,0.1484504096694499,0.08339781327203928,0.09669326781749381,0.07214781327203927,0.0882933241079526
259,259.0,259.5,0.07686855005159958,0.22199668902648778,0.20826324389404888,0.14708677330581355,0.08223619711042311,0.10543064155486756,0.07098619711042312,0.08713170794633643
260,260.0,260.5,0.07591114996376472,0.2210392889386529,0.2070730813995385,0.14593613650300283,0.08127879702258825,0.11255844129136294,0.07002879702258824,0.08617430785850157
261,261.0,261.5,0.07515357420618896,0.2286150465144105,0.20555792988438698,0.14517856074542707,0.08052122126501249,0.11028571401863567,0.06927122126501248,0.0854167321009258
262,262.0,262.5,0.07482078199839674,0.22941861794298188,0.2075113930878502,0.14475107156793787,0.07976093987973111,0.10995292181084346,0.06893842905722028,0.08484584465503836
263,263.0,263.5,0.07456351440097568,0.2302308690621384,0.21087539481502326,0.14459791412577788,0.07910896894643023,0.10757005034868809,0.06868116145979922,0.08437212684116707
264,264.0,264.5,0.07423354315028832,0.21971882498231937,0.22139902719287557,0.14399067254666928,0.0784133020103541,0.10719176991925679,0.06835119020911185,0.08670166998912454
265,265.0,265.5,0.07328573954059756,0.21980276740437463,0.22919500421410696,0.14277848998157275,0.07712560882164332,0.10491566155850456,0.06740338659942109,0.08549334187977886
266,266.0,266.5,0.07245022100827052,0.2199432248480236,0.23393849056929547,0.14169059140963164,0.07597327347249946,0.10502024901947501,0.06656786806709405,0.08441608160571007
267,267.0,267.5,0.07177766737143117,0.22593733787785092,0.23964872081524002,0.1408479697455814,0.0789930275279678,0.09331028041664927,0.06589531443025469,0.08358968181502456
268,268.0,268.5,0.07132018437823388,0.22236048551528426,0.24079870242950735,0.14022722144626168,0.07853554453477053,0.09193783143705743,0.06543783143705742,0.08938219882182728
269,269.0,269.5,0.07084219787780158,0.21987900558333995,0.23925689979095552,0.13952124844539704,0.07791531052366965,0.09652847238760551,0.06495984493662511,0.0910970204546056
270,270.0,270.5,0.06965497196302148,0.21937712803192677,0.245200501081306,0.1381157165847568,0.07690082415005015,0.0933763486255746,0.06377261902184501,0.09360189054151903
271,271.0,271.5,0.06961868749277474,0.21934084356168007,0.24567219919451358,0.13793429423352313,0.0768645396798034,0.09326749521483442,0.06373633455159826,0.09356560607127228
272,272.0,272.5,0.06853377347340192,0.22322668977622534,0.24209931376959243,0.136709617810237,0.07577962566043059,0.09881126458680636,0.06265142053222547,0.09218829439108076
273,273.0,273.5,0.06850010343973188,0.2231930197425553,0.24253702420730283,0.13654126764188682,0.07574595562676055,0.09871025448579625,0.06261775049855542,0.09215462435741072
274,274.0,274.5,0.06817443635319524,0.22286735265601867,0.24590559042369514,0.13608573042548003,0.0674202885402239,0.10472990874458095,0.06229208341201877,0.0925246094447871
275,275.0,275.5,0.06759365748294269,0.22228657378576613,0.24466450694576952,0.13537963827201943,0.06683950966997135,0.10958097872722987,0.061711304541766224,0.09194383057453456
276,276.0,276.5,0.06690605955258455,0.221598975855408,0.25192626140688484,0.13457104820615012,0.06615191173961323,0.10692812282435424,0.06102370661140809,0.09089391380359671
277,277.0,277.5,0.06629350354245403,0.22098641984527748,0.25669457428434445,0.13384160148883084,0.06553935572948269,0.10459045479396267,0.06210606585551485,0.08994802446013285
278,278.0,278.5,0.06574376174221372,0.22043667804503717,0.25867263369585347,0.13317886533830803,0.06498961392924238,0.102513627583287,0.061528075467703926,0.09293674419835408
279,279.0,279.5,0.06538964195222122,0.22008255825504466,0.2570943630433302,0.13271545593082917,0.06463549413924988,0.10635322899762323,0.061146633273339836,0.0925826244083616
280,280.0,280.5,0.06507080325491388,0.21976371955773727,0.26097330948399555,0.13229085308756733,0.06431665544194255,0.10451951992324504,0.06080135353954387,0.09226378571105426
281,281.0,281.5,0.06480764536017705,0.21950056166300044,0.2641312042208377,0.13202769519283047,0.06405349754720571,0.10294057255482399,0.06053819564480704,0.0920006278163174
282,282.0,282.5,0.06450544755797924,0.22015990232234112,0.26679603938567287,0.13166139482653014,0.06362309461680278,0.10144789856215,0.06023599784260923,0.09157022488591447
283,283.0,283.5,0.06447091298471178,0.22104000189541514,0.26239678419940987,0.13167164878946108,0.06346660882402311,0.1014662460618598,0.060227904305830395,0.09525989293928867
284,284.0,284.5,0.06419639075897003,0.2192556074280938,0.2648199707689379,0.1313390545544278,0.06307594257969833,0.10010947275386697,0.059953382080088644,0.09725017907591627
285,285.0,285.5,0.06394339131486847,0.219888543753649,0.2670253993141036,0.13103068412472269,0.06271220116438968,0.0988683310172753,0.05970038263598708,0.09683106667500406
286,286.0,286.5,0.06373579085808997,0.2196809432968705,0.265402820201756,0.13071731952198967,0.06250460070761119,0.09243889349133344,0.0647294990374568,0.10079013288489222
287,287.0,287.5,0.06328036465818161,0.22102478270283724,0.27134896243906964,0.13015948676806186,0.05972359311235398,0.09057261489160831,0.06398531330430673,0.09990488212358037
288,288.0,288.5,0.06307366438171388,0.221610894265693,0.26934424622505115,0.1298999323689726,0.05946403871326469,0.0934428376920637,0.063778613027839,0.09938577332540181
289,289.0,289.5,0.06293121423926375,0.2214684441232429,0.27133854821935305,0.12975748222652245,0.05932158857081456,0.09244568669491268,0.06363616288538887,0.09910087304050152
290,290.0,290.5,0.06297838689933964,0.22151561678331871,0.27095533764259416,0.13151996466642427,0.05936876123089045,0.09532184040977609,0.06370893718396962,0.0946311551836869
291,291.0,291.5,0.06321073235981957,0.22034297919794876,0.2725202810486786,0.126361144039643,0.059601106691370365,0.10480898085461979,0.06367758576784945,0.08947719004007036
292,292.0,292.5,0.06287933961463371,0.21957868601986247,0.2725128172481113,0.12602975129445715,0.05926971394618451,0.10756909430438841,0.06312974280621338,0.08903085476614889
293,293.0,293.5,0.06268171115613569,0.2189858006443684,0.2693972627259072,0.12583212283595913,0.059072085487686485,0.11246330495307474,0.06273448588921733,0.08883322630765086
294,294.0,294.5,0.06217375435022491,0.2213834988540871,0.26744003055767757,0.12532416603004837,0.05856412868177572,0.11474378236142939,0.06204536966301669,0.08832526950174006
295,295.0,295.5,0.061745714647991654,0.21834939854579322,0.27324524147579166,0.1248961263278151,0.05813608897954246,0.11272972115381981,0.06145066329411678,0.08944704557512904
296,296.0,296.5,0.05732825638503071,0.22086406697966482,0.27269014290470406,0.10897417555746869,0.059600983657757976,0.12748728678996274,0.06281375449347963,0.09024133323193109
297,297.0,297.5,0.05651521768694442,0.21756832579887608,0.27330135866663374,0.10802893167693924,0.05878794495967169,0.13463279903033218,0.06183182461645457,0.08933359756414783
298,298.0,298.5,0.05597581669563091,0.21968835115119942,0.2740833627443534,0.10736152249310141,0.05824854396835818,0.13850648978357954,0.06113454685436107,0.08500136630941582
299,299.0,299.5,0.054394361366977964,0.21938105824008464,0.27274386626820696,0.10578006716444847,0.056667088639705245,0.13826774213691045,0.05942993881634854,0.09333587736731751
300,300.0,300.5,0.05329096284978635,0.22047201708966413,0.26751895707778056,0.10467666864725685,0.05556369012251362,0.1474347819936055,0.05821159777042127,0.09283132444897149
301,301.0,301.5,0.05308355930568927,0.21994203290040573,0.2685749900692974,0.10434525716665181,0.055356286578416534,0.1483019639797391,0.05787186575730217,0.09252404424249774
302,302.0,302.5,0.053124281942973875,0.22838315383303773,0.271923624048237,0.10433547475343137,0.0553465041651961,0.136783556391722,0.05781178194297387,0.09229162292242785
303,303.0,303.5,0.05256667556299908,0.22964671970186673,0.2695678341266576,0.10734929694488518,0.0547888977852213,0.134621079492403,0.057159478593302115,0.09430001779266484
304,304.0,304.5,0.05210300356080404,0.23159337678519262,0.26710370618299,0.10921712345625387,0.0542769166042823,0.135657390350485,0.056582641569853834,0.09346584149013813
305,305.0,305.5,0.05199577448203776,0.23009854363612106,0.2682454335808375,0.10900266529872131,0.05412343405650586,0.13481845395464553,0.05647541249108754,0.09524028250004316
306,306.0,306.5,0.05167692601516129,0.2256360551213492,0.269115516836105,0.10858141858141857,0.05376025934849461,0.13380274137627077,0.05615656402421106,0.10127051869698926
307,307.0,307.5,0.05160307648429348,0.22632751171293036,0.2713286411287559,0.10852987336583679,0.05364389281082409,0.13311251694123738,0.054544252954881724,0.10091023460124005
308,308.0,308.5,0.05131177757664329,0.22854956280931343,0.2698457729929916,0.10814490400903443,0.05331177757664328,0.13445969583485567,0.05425295404723153,0.1001235551532866
309,309.0,309.5,0.05113802322641835,0.22686880565796802,0.27251990931418674,0.10788142892202993,0.053098807540143844,0.13295710692050206,0.05399516608356121,0.10154075233518964
310,310.0,310.5,0.05099744316496232,0.22720657078073958,0.26814587444382837,0.1093661418149909,0.052920520088039234,0.13377710311853533,0.05655299872051789,0.1010333478683862
311,311.0,311.5,0.05070492419935065,0.2290086663071993,0.2667297354866721,0.1090373383791325,0.05259171665218084,0.13558668625502573,0.05611032960475606,0.10023060311568247
312,312.0,312.5,0.05011135649881572,0.2238727230116572,0.2688820974150699,0.10839751720958737,0.05199814895164591,0.1327530752379589,0.05537451439355255,0.10861056728171217
313,313.0,313.5,0.05566622054108178,0.2244751579041257,0.2687194147263514,0.10765805501071868,0.05130301299391197,0.1299967511216124,0.0545444256692869,0.10763696203291093
314,314.0,314.5,0.05471228162285714,0.2331966506970471,0.2667875846516642,0.10666159908569132,0.050349074075687325,0.12768999835057387,0.05563130307759288,0.10497150843888592
315,315.0,315.5,0.047780439655300884,0.23808296676193455,0.26716696717390387,0.10593894079160446,0.05735953980043877,0.1257957021705634,0.05490864478350601,0.10296679886274777
316,316.0,316.5,0.048373405541610424,0.2430457882828056,0.26249544831894844,0.10818442031494777,0.057403055137297765,0.12820741741896596,0.05546239498354105,0.09682807000188268
317,317.0,317.5,0.05304128123889788,0.2571708571137568,0.26965578253810624,0.07163811803335136,0.06207093083458522,0.13107916440836004,0.059964358161974804,0.09537950767096741
318,318.0,318.5,0.05183291004778393,0.2646321635120167,0.26839050667780046,0.07039346237199068,0.06086255964347126,0.1312167700659841,0.05859775128110193,0.09407387639985063
319,319.0,319.5,0.05126370696132361,0.26337761332051296,0.26783038571270945,0.06978931868455202,0.05981716608082047,0.13091839924759485,0.057877463575080224,0.09912594641740616
320,320.0,320.5,0.049904279351896,0.25974966719256687,0.26517887056119427,0.06839622104145439,0.058041071804726195,0.13042176625096186,0.05648436593198258,0.11182375786521762
321,321.0,321.5,0.04938101205124533,0.2713725681815936,0.2652295146432785,0.06784048620833619,0.057150157445251995,0.12342334828398405,0.05592863109886439,0.1096742820874457
322,322.0,322.5,0.056539196098019606,0.27454890697537754,0.25535500447265147,0.06977179683062035,0.058094625962272994,0.12531837443602145,0.05683681514563865,0.10353528007939772
323,323.0,323.5,0.05553758610362379,0.2723888140161725,0.25359688529499846,0.0687339023659778,0.0622854896675651,0.13101377657981428,0.05607330038933809,0.1003702455825097
324,324.0,324.5,0.055149272232070654,0.27186170881132365,0.2524630172993459,0.06831064789344632,0.06654059776813302,0.13156999884535184,0.055563035298272744,0.09854172185205558
325,325.0,325.5,0.05482111598286177,0.2715819690578997,0.25274421271212033,0.0679174932897654,0.0703892978010436,0.13041477492697,0.05520355072826185,0.09692758550107713
326,326.0,326.5,0.05455277271088873,0.26525163172030286,0.253145215218386,0.06761890198391456,0.07948603389414992,0.12936387180710135,0.05490495942241101,0.09567661324284532
327,327.0,327.5,0.06124996689208735,0.266453636442948,0.2505228225560137,0.06656209826354077,0.0781660551897546,0.12934835120204233,0.05388062323450475,0.0938164462191082
328,328.0,328.5,0.06086916007968637,0.26906585373690634,0.25065387828545727,0.06612171454276716,0.07749076216181477,0.12928185849238477,0.05335542381595011,0.09316134888503305
329,329.0,329.5,0.06075621865583345,0.2693039415616716,0.25265633898385287,0.06595120268066484,0.07734757270408404,0.12809608152943627,0.05310441801651851,0.09278422586793822
330,330.0,330.5,0.05954879972102495,0.2733360187440286,0.25175536904623835,0.06523757058202108,0.07666038164192891,0.12813046894785546,0.0523143003494288,0.09301709096747365
331,331.0,331.5,0.05849206349206346,0.2766865079365079,0.2515873015873015,0.06460317460317458,0.07605158730158727,0.12761904761904758,0.05160714285714283,0.09335317460317456
332,332.0,332.5,0.063808296988313,0.2748794603966557,0.2508430241602461,0.06403395077441762,0.0755071650601319,0.12783176144656005,0.050968623075269524,0.09212771809840588
333,333.0,333.5,0.06265487631381532,0.27937788081392156,0.25114124629964907,0.06356534471953991,0.07506259746679264,0.12656521860011669,0.05052645805688044,0.09110637772928423
334,334.0,334.5,0.059867869413905185,0.285710549041751,0.2340489568686499,0.07072942615781488,0.07826189369028243,0.12307391599591085,0.05396614113366029,0.09434124769802517
335,335.0,335.5,0.05984525521218651,0.2856653206383137,0.23474999712192898,0.07068419775437754,0.07823927948856374,0.12259901775981859,0.05392091273022294,0.0942960192945878
336,336.0,336.5,0.05982045362488493,0.2845740507970439,0.23467559236002425,0.07063459457977436,0.08295158107586532,0.11781231141061224,0.05389611114292135,0.09563530500887352
337,337.0,337.5,0.059604003408434705,0.28048411088620845,0.23900459668902857,0.07041814436332414,0.08230223042651467,0.11908839850759485,0.053679660926471126,0.09541885479242332
338,338.0,338.5,0.059252860528539064,0.27725769154714786,0.23911011892799694,0.07002101394375132,0.08587961825504103,0.1204502380302644,0.053306568968436774,0.09472188979882237
339,339.0,339.5,0.05894758463332629,0.2790079457342884,0.2385770635658743,0.07120757954038003,0.08500755407564868,0.12014496213505163,0.05300129307322399,0.09410601724220648
340,340.0,340.5,0.058686220996962656,0.2745685517948945,0.23961962149813815,0.07094621590401641,0.08727649346958807,0.12241301026339388,0.05273992943686036,0.09374995663614587
341,341.0,341.5,0.058529528095262406,0.27521061755232185,0.23919855827846792,0.07076821012934086,0.08703067400817303,0.12335642437952388,0.052469416724164476,0.0934365708327454
342,342.0,342.5,0.05848620995979632,0.2701722745412339,0.2383232622571628,0.07065895965668999,0.08696474167098826,0.12832759899768098,0.052405394654950976,0.0946615582614966
343,343.0,343.5,0.05846608923545025,0.2701521538168878,0.23753855400766585,0.07061871820799784,0.0869446209466422,0.12929339376629265,0.05236515320625883,0.09462131681280445
344,344.0,344.5,0.05840220117897903,0.2699996132781471,0.23931701436793623,0.07053526833619016,0.08688073289017098,0.12817857839653274,0.05219305085218164,0.09449354069986202
345,345.0,345.5,0.05842329135020734,0.26141886271308085,0.23923976794425256,0.07053733263222822,0.09017493230509677,0.13372667754486783,0.05211008113461425,0.09436905437565195
346,346.0,346.5,0.05838247502367673,0.26129641373348905,0.2383418087605791,0.07049651630569762,0.09013411597856616,0.13507361632037806,0.05198763215502241,0.09428742172259072
347,347.0,347.5,0.05836396336132945,0.26127790207114177,0.238934181955692,0.07045949298100304,0.09011560431621887,0.13464784808639066,0.05195060883032786,0.09425039839789617
348,348.0,348.5,0.058266580263946335,0.25788686818010786,0.23743139345290348,0.07034409186560192,0.09402615772677228,0.13615406859261114,0.05183520771492672,0.09405563220312997
349,349.0,349.5,0.05804315405135605,0.26025167726163523,0.23552014474289323,0.07141891126704672,0.09313606484751533,0.136338795114799,0.0515158062701383,0.09377544644461605
350,350.0,350.5,0.05785160050686131,0.2586000935512279,0.23442059723158098,0.07122735772255198,0.09617528053378982,0.1369300470001685,0.051248837944346426,0.09354618550947276
351,351.0,351.5,0.05774024096153951,0.2592419908912385,0.23547034073415468,0.07111599817723019,0.09591377083831785,0.13612928252015874,0.05106490945853117,0.09332346641882913
352,352.0,352.5,0.057617088430243976,0.2598313184666634,0.2370462853835849,0.07095866929596883,0.09564837079635376,0.13496631872065074,0.05085478755029603,0.09307716135623807
353,353.0,353.5,0.05749929199665806,0.258895884868229,0.23547179749330754,0.07080757282908288,0.09539562159623613,0.13694272438126695,0.05065300103272006,0.0943341058024991
354,354.0,354.5,0.05740272190008798,0.25943950791185205,0.23466094168245175,0.07071100273251281,0.09517084637146092,0.1361968036353462,0.05049149587121489,0.0959266798950732
