,Unnamed: 0,Total_iterations,Intertwine_two,Add_vertex,Delete_vertex,Invert_path_vertices,Insert_inside_vertex,Delete_inside_vertex,Replace_inside_vertex,Donate_between_routes
0,0.0,0.0,0.125,0.125,0.125,0.125,0.125,0.125,0.125,0.125
1,1.0,0.10900000000000001,0.125,0.125,0.125,0.125,0.125,0.125,0.125,0.125
2,2.0,0.31601,0.125,0.125,0.125,0.125,0.125,0.125,0.125,0.125
3,3.0,0.6191589000000001,0.125,0.125,0.125,0.125,0.125,0.125,0.125,0.125
4,4.0,1.015801321,0.125,0.125,0.125,0.125,0.125,0.125,0.125,0.125
5,5.0,1.50262148669,0.125,0.125,0.125,0.125,0.125,0.125,0.125,0.125
6,6.0,2.0757334209441005,0.125,0.125,0.125,0.125,0.125,0.125,0.125,0.125
7,7.0,2.7307768275633495,0.125,0.125,0.125,0.125,0.125,0.125,0.125,0.125
8,8.0,3.4630081252450404,0.125,0.125,0.125,0.125,0.125,0.125,0.125,0.125
9,9.0,4.2673862119061114,0.125,0.125,0.125,0.125,0.125,0.125,0.125,0.125
10,10.0,5.138652627782014,0.125,0.125,0.125,0.125,0.125,0.125,0.125,0.125
11,11.0,6.071405875792507,0.125,0.125,0.125,0.125,0.125,0.125,0.125,0.125
12,12.0,7.060169740244025,0.125,0.125,0.125,0.125,0.125,0.125,0.125,0.125
13,13.0,8.099455520847952,0.125,0.125,0.125,0.125,0.125,0.125,0.125,0.125
14,14.0,9.183818168183006,0.125,0.125,0.125,0.125,0.125,0.125,0.125,0.125
15,15.0,10.307906369102724,0.125,0.125,0.125,0.125,0.125,0.125,0.125,0.125
16,16.0,11.466506686239443,0.125,0.125,0.125,0.125,0.125,0.125,0.125,0.125
17,17.0,12.654581904800096,0.125,0.125,0.125,0.125,0.125,0.125,0.125,0.125
18,18.0,13.867303782456686,0.125,0.125,0.125,0.125,0.125,0.125,0.125,0.125
19,19.0,15.100080434523047,0.125,0.125,0.125,0.125,0.125,0.125,0.125,0.125
20,20.0,16.348578617037543,0.125,0.125,0.125,0.125,0.125,0.125,0.125,0.125
21,21.0,17.608741195130214,0.125,0.125,0.125,0.125,0.125,0.125,0.125,0.125
22,22.0,18.876800103462312,0.125,0.125,0.125,0.125,0.125,0.125,0.125,0.125
23,23.0,20.14928511992658,0.125,0.125,0.125,0.125,0.125,0.125,0.125,0.125
24,24.0,21.423028783545156,0.125,0.125,0.125,0.125,0.125,0.125,0.125,0.125
25,25.0,22.695167792966423,0.125,0.125,0.125,0.125,0.125,0.125,0.125,0.125
26,26.0,23.963141223515898,0.125,0.125,0.125,0.125,0.125,0.125,0.125,0.125
27,27.0,25.224685898775267,0.125,0.125,0.125,0.125,0.125,0.125,0.125,0.125
28,28.0,26.477829247520948,0.125,0.125,0.125,0.125,0.125,0.125,0.125,0.125
29,29.0,27.720879968916847,0.125,0.125,0.125,0.125,0.125,0.125,0.125,0.125
30,30.0,28.95241681848399,0.125,0.125,0.125,0.125,0.125,0.125,0.125,0.125
31,31.0,30.17127581490958,0.125,0.125,0.125,0.125,0.125,0.125,0.125,0.125
32,32.0,31.376536153543515,0.125,0.125,0.125,0.125,0.125,0.125,0.125,0.125
33,33.0,32.567505096778625,0.125,0.125,0.125,0.125,0.125,0.125,0.125,0.125
34,34.0,33.74370209472243,0.125,0.125,0.125,0.125,0.125,0.125,0.125,0.125
35,35.0,34.90484237192463,0.125,0.125,0.125,0.125,0.125,0.125,0.125,0.125
36,36.0,36.05082019768737,0.125,0.125,0.125,0.125,0.125,0.125,0.125,0.125
37,37.0,37.18169203889697,0.125,0.125,0.125,0.125,0.125,0.125,0.125,0.125
38,38.0,38.29765977559663,0.125,0.125,0.125,0.125,0.125,0.125,0.125,0.125
39,39.0,39.399054140870355,0.125,0.125,0.125,0.125,0.125,0.125,0.125,0.125
40,40.0,40.48631852820801,0.125,0.125,0.125,0.125,0.125,0.125,0.125,0.125
41,41.0,41.55999329152982,0.125,0.125,0.125,0.125,0.125,0.125,0.125,0.125
42,42.0,42.62070064560415,0.125,0.125,0.125,0.125,0.125,0.125,0.125,0.125
43,43.0,43.669130257815,0.125,0.125,0.125,0.125,0.125,0.125,0.125,0.125
44,44.0,44.70602560622662,0.125,0.125,0.125,0.125,0.125,0.125,0.125,0.125
45,45.0,45.73217116373481,0.125,0.125,0.125,0.125,0.125,0.125,0.125,0.125
46,46.0,46.748380453854836,0.125,0.125,0.125,0.125,0.125,0.125,0.125,0.125
47,47.0,47.755485010424316,0.125,0.125,0.125,0.125,0.125,0.125,0.125,0.125
48,48.0,48.7543242612326,0.125,0.125,0.125,0.125,0.125,0.125,0.125,0.125
49,49.0,49.745736344347726,0.125,0.125,0.125,0.125,0.125,0.125,0.125,0.125
50,50.0,50.730549855707864,0.125,0.125,0.125,0.125,0.125,0.125,0.125,0.125
51,51.0,51.70957651737491,0.125,0.125,0.125,0.125,0.125,0.125,0.125,0.125
52,52.0,52.68360474770151,0.125,0.125,0.125,0.125,0.125,0.125,0.125,0.125
53,53.0,53.65339410751842,0.125,0.125,0.125,0.125,0.125,0.125,0.125,0.125
54,54.0,54.61967059027847,0.125,0.125,0.125,0.125,0.125,0.125,0.125,0.125
55,55.0,55.58312271885972,0.125,0.125,0.125,0.125,0.125,0.125,0.125,0.125
56,56.0,56.544398407394254,0.125,0.125,0.125,0.125,0.125,0.125,0.125,0.125
57,57.0,57.504102543001395,0.125,0.125,0.125,0.125,0.125,0.125,0.125,0.125
58,58.0,58.462795239617805,0.125,0.125,0.125,0.125,0.125,0.125,0.125,0.125
59,59.0,59.42099071417639,0.125,0.125,0.125,0.125,0.125,0.125,0.125,0.125
60,60.0,60.379156734137354,0.125,0.125,0.125,0.125,0.125,0.125,0.125,0.125
61,61.0,61.337714584760846,0.125,0.125,0.125,0.125,0.125,0.125,0.125,0.125
62,62.0,62.29703950447439,0.125,0.125,0.125,0.125,0.125,0.125,0.125,0.125
63,63.0,63.257461537171835,0.125,0.125,0.125,0.125,0.125,0.125,0.125,0.125
64,64.0,64.21926675122782,0.125,0.125,0.125,0.125,0.125,0.125,0.125,0.125
65,65.0,65.18269877636592,0.125,0.125,0.125,0.125,0.125,0.125,0.125,0.125
66,66.0,66.15796061122654,0.125,0.125,0.125,0.125,0.125,0.125,0.125,0.125
67,67.0,67.13511665648885,0.125,0.125,0.125,0.125,0.125,0.125,0.125,0.125
68,68.0,68.11420593066003,0.125,0.125,0.125,0.125,0.125,0.125,0.125,0.125
69,69.0,69.0952442181075,0.125,0.125,0.125,0.125,0.125,0.125,0.125,0.125
70,70.0,70.07822623462916,0.125,0.125,0.125,0.125,0.125,0.125,0.125,0.125
71,71.0,71.06312778715234,0.125,0.125,0.125,0.125,0.125,0.125,0.125,0.125
72,72.0,72.04990790655168,0.125,0.125,0.125,0.125,0.125,0.125,0.125,0.125
73,73.0,73.03851093494559,0.125,0.125,0.125,0.125,0.125,0.125,0.125,0.125
74,74.0,74.02886855115064,0.125,0.125,0.125,0.125,0.125,0.125,0.125,0.125
75,75.0,75.02090172022369,0.125,0.125,0.125,0.125,0.125,0.125,0.125,0.125
76,76.0,76.0145225551872,0.125,0.125,0.125,0.125,0.125,0.125,0.125,0.125
77,77.0,77.00963608110247,0.125,0.125,0.125,0.125,0.125,0.125,0.125,0.125
78,78.0,78.0061418936152,0.125,0.125,0.125,0.125,0.125,0.125,0.125,0.125
79,79.0,79.00393570594049,0.125,0.125,0.125,0.125,0.125,0.125,0.125,0.125
80,80.0,80.00291077997386,0.125,0.125,0.125,0.125,0.125,0.125,0.125,0.125
81,81.0,81.00295923880415,0.125,0.125,0.125,0.125,0.125,0.125,0.125,0.125
82,82.0,82.01397325936337,0.125,0.125,0.125,0.125,0.125,0.125,0.125,0.125
83,83.0,83.02574614527305,0.125,0.125,0.125,0.125,0.125,0.125,0.125,0.125
84,84.0,84.03808428113902,0.125,0.125,0.125,0.125,0.125,0.125,0.125,0.125
85,85.0,85.060807760607,0.125,0.125,0.125,0.125,0.125,0.125,0.125,0.125
86,86.0,86.08365081452212,0.125,0.125,0.125,0.125,0.125,0.125,0.125,0.125
87,87.0,87.1063730549005,0.125,0.125,0.125,0.125,0.125,0.125,0.125,0.125
88,88.0,88.12875934069204,0.125,0.125,0.125,0.125,0.125,0.125,0.125,0.125
89,89.0,89.15061940449752,0.125,0.125,0.125,0.125,0.125,0.125,0.125,0.125
90,90.0,90.17178726787746,0.125,0.125,0.125,0.125,0.125,0.125,0.125,0.125
91,91.0,91.19212047224063,0.125,0.125,0.125,0.125,0.125,0.125,0.125,0.125
92,92.0,92.2114991514451,0.125,0.125,0.125,0.125,0.125,0.125,0.125,0.125
93,93.0,93.23982497121465,0.125,0.125,0.125,0.125,0.125,0.125,0.125,0.125
94,94.0,94.2669199592951,0.125,0.125,0.125,0.125,0.125,0.125,0.125,0.125
95,95.0,95.30263624897454,0.125,0.125,0.125,0.125,0.125,0.125,0.125,0.125
96,96.0,96.3367545471963,0.125,0.125,0.125,0.125,0.125,0.125,0.125,0.125
97,97.0,97.36909347012394,0.125,0.125,0.125,0.125,0.125,0.125,0.125,0.125
98,98.0,98.39950756605757,0.125,0.125,0.125,0.125,0.125,0.125,0.125,0.125
99,99.0,99.42788517673725,0.125,0.125,0.125,0.125,0.125,0.125,0.125,0.125
100,100.0,100.4541461745816,0.125,0.125,0.125,0.125,0.125,0.125,0.125,0.125
101,101.0,101.4782396108957,0.125,0.125,0.125,0.125,0.125,0.125,0.125,0.125
102,102.0,102.50014130746943,0.125,0.125,0.125,0.125,0.125,0.125,0.125,0.125
103,103.0,103.5198514213111,0.125,0.125,0.125,0.125,0.125,0.125,0.125,0.125
104,104.0,104.53739200955549,0.125,0.125,0.125,0.125,0.125,0.125,0.125,0.125
105,105.0,105.55280461887989,0.125,0.125,0.125,0.125,0.125,0.125,0.125,0.125
106,106.0,106.56614792108304,0.125,0.125,0.125,0.125,0.125,0.125,0.125,0.125
107,107.0,107.57749541385506,0.125,0.125,0.125,0.125,0.125,0.125,0.125,0.125
108,108.0,108.58693320321132,0.125,0.125,0.125,0.125,0.125,0.125,0.125,0.125
109,109.0,109.59455788159984,0.125,0.125,0.125,0.125,0.125,0.125,0.125,0.125
110,110.0,110.60047451333351,0.125,0.125,0.125,0.125,0.125,0.125,0.125,0.125
111,111.0,111.60479473676048,0.125,0.125,0.125,0.125,0.125,0.125,0.125,0.125
112,112.0,112.60763499047715,0.125,0.125,0.125,0.125,0.125,0.125,0.125,0.125
113,113.0,113.60911486891737,0.125,0.125,0.125,0.125,0.125,0.125,0.125,0.125
114,114.0,114.60935561082441,0.125,0.125,0.125,0.125,0.125,0.125,0.125,0.125
115,115.0,115.6084787224325,0.125,0.125,0.125,0.125,0.125,0.125,0.125,0.125
116,116.0,116.60660473565545,0.125,0.125,0.125,0.125,0.125,0.125,0.125,0.125
117,117.0,117.60385210019956,0.125,0.125,0.125,0.125,0.125,0.125,0.125,0.125
118,118.0,118.60033620728726,0.125,0.125,0.125,0.125,0.125,0.125,0.125,0.125
119,119.0,119.59616854159331,0.125,0.125,0.125,0.125,0.125,0.125,0.125,0.125
120,120.0,120.59145595705282,0.125,0.125,0.125,0.125,0.125,0.125,0.125,0.125
121,121.0,121.58630007139585,0.125,0.125,0.125,0.125,0.125,0.125,0.125,0.125
122,122.0,122.58079677359063,0.125,0.125,0.125,0.125,0.125,0.125,0.125,0.125
123,123.0,123.57503583783003,0.125,0.125,0.125,0.125,0.125,0.125,0.125,0.125
124,124.0,124.56910063726718,0.125,0.125,0.125,0.125,0.125,0.125,0.125,0.125
125,125.0,125.56306795038795,0.125,0.125,0.125,0.125,0.125,0.125,0.125,0.125
126,126.0,126.55700785269276,0.125,0.125,0.125,0.125,0.125,0.125,0.125,0.125
127,127.0,127.55098368624017,0.125,0.125,0.125,0.125,0.125,0.125,0.125,0.125
128,128.0,128.54505209957046,0.125,0.125,0.125,0.125,0.125,0.125,0.125,0.125
129,129.0,129.539263150572,0.125,0.125,0.125,0.125,0.125,0.125,0.125,0.125
130,130.0,130.53366046496765,0.125,0.125,0.125,0.125,0.125,0.125,0.125,0.125
131,131.0,131.52828144327407,0.125,0.125,0.125,0.125,0.125,0.125,0.125,0.125
132,132.0,132.5231575093171,0.125,0.125,0.125,0.125,0.125,0.125,0.125,0.125
133,133.0,133.51831439366265,0.125,0.125,0.125,0.125,0.125,0.125,0.125,0.125
134,134.0,134.51377244563704,0.125,0.125,0.125,0.125,0.125,0.125,0.125,0.125
135,135.0,135.50954696795762,0.125,0.125,0.125,0.125,0.125,0.125,0.125,0.125
136,136.0,136.50564856836655,0.125,0.125,0.125,0.125,0.125,0.125,0.125,0.125
137,137.0,137.50208352305094,0.125,0.125,0.125,0.125,0.125,0.125,0.125,0.125
138,138.0,138.49885414703638,0.125,0.125,0.125,0.125,0.125,0.125,0.125,0.125
139,139.0,139.4959591671529,0.125,0.125,0.125,0.125,0.125,0.125,0.125,0.125
140,140.0,140.49339409358626,0.125,0.125,0.125,0.125,0.125,0.125,0.125,0.125
141,141.0,141.4911515864404,0.125,0.125,0.125,0.125,0.125,0.125,0.125,0.125
142,142.0,142.48922181414474,0.125,0.125,0.125,0.125,0.125,0.125,0.125,0.125
143,143.0,143.4875928009372,0.125,0.125,0.125,0.125,0.125,0.125,0.125,0.125
144,144.0,144.48625076104102,0.125,0.125,0.125,0.125,0.125,0.125,0.125,0.125
145,145.0,145.48518041752408,0.125,0.125,0.125,0.125,0.125,0.125,0.125,0.125
146,146.0,146.48436530418357,0.125,0.125,0.125,0.125,0.125,0.125,0.125,0.125
147,147.0,147.48378804913528,0.125,0.125,0.125,0.125,0.125,0.125,0.125,0.125
148,148.0,148.48343063910048,0.125,0.125,0.125,0.125,0.125,0.125,0.125,0.125
149,149.0,149.48327466367812,0.125,0.125,0.125,0.125,0.125,0.125,0.125,0.125
150,150.0,150.48330153916126,0.125,0.125,0.125,0.125,0.125,0.125,0.125,0.125
151,151.0,151.48349271170446,0.125,0.125,0.125,0.125,0.125,0.125,0.125,0.125
152,152.0,152.48382983987628,0.125,0.125,0.125,0.125,0.125,0.125,0.125,0.125
153,153.0,153.48429495683214,0.125,0.125,0.125,0.125,0.125,0.125,0.125,0.125
154,154.0,154.4848706125241,0.125,0.125,0.125,0.125,0.125,0.125,0.125,0.125
155,155.0,155.48553999652165,0.125,0.125,0.125,0.125,0.125,0.125,0.125,0.125
156,156.0,156.48628704215423,0.125,0.125,0.125,0.125,0.125,0.125,0.125,0.125
157,157.0,157.487096512802,0.125,0.125,0.125,0.125,0.125,0.125,0.125,0.125
158,158.0,158.48795407125695,0.125,0.125,0.125,0.125,0.125,0.125,0.125,0.125
159,159.0,159.48884633315384,0.125,0.125,0.125,0.125,0.125,0.125,0.125,0.125
160,160.0,160.48976090552952,0.125,0.125,0.125,0.125,0.125,0.125,0.125,0.125
161,161.0,161.49068641161236,0.125,0.125,0.125,0.125,0.125,0.125,0.125,0.125
162,162.0,162.49161250297078,0.125,0.125,0.125,0.125,0.125,0.125,0.125,0.125
163,163.0,163.49252986016361,0.125,0.125,0.125,0.125,0.125,0.125,0.125,0.125
164,164.0,164.49343018303554,0.125,0.125,0.125,0.125,0.125,0.125,0.125,0.125
165,165.0,165.49430617178996,0.125,0.125,0.125,0.125,0.125,0.125,0.125,0.125
166,166.0,166.49515149995102,0.125,0.125,0.125,0.125,0.125,0.125,0.125,0.125
167,167.0,167.49596078029646,0.125,0.125,0.125,0.125,0.125,0.125,0.125,0.125
168,168.0,168.49672952480438,0.125,0.125,0.125,0.125,0.125,0.125,0.125,0.125
169,169.0,169.49745409961346,0.125,0.125,0.125,0.125,0.125,0.125,0.125,0.125
170,170.0,170.49813167594553,0.125,0.125,0.125,0.125,0.125,0.125,0.125,0.125
171,171.0,171.49876017788492,0.125,0.125,0.125,0.125,0.125,0.125,0.125,0.125
172,172.0,172.49933822785152,0.125,0.125,0.125,0.125,0.125,0.125,0.125,0.125
173,173.0,173.49986509054295,0.125,0.125,0.125,0.125,0.125,0.125,0.125,0.125
174,174.0,174.5003406160598,0.125,0.125,0.125,0.125,0.125,0.125,0.125,0.125
175,175.0,175.50076518286437,0.125,0.125,0.125,0.125,0.125,0.125,0.125,0.125
176,176.0,176.50113964115985,0.125,0.125,0.125,0.125,0.125,0.125,0.125,0.125
177,177.0,177.50146525721416,0.125,0.125,0.125,0.125,0.125,0.125,0.125,0.125
178,178.0,178.5017436590909,0.125,0.125,0.125,0.125,0.125,0.125,0.125,0.125
179,179.0,179.50197678418905,0.125,0.125,0.125,0.125,0.125,0.125,0.125,0.125
180,180.0,180.50216682893554,0.125,0.125,0.125,0.125,0.125,0.125,0.125,0.125
181,181.0,181.50231620091802,0.125,0.125,0.125,0.125,0.125,0.125,0.125,0.125
182,182.0,182.50242747369307,0.125,0.125,0.125,0.125,0.125,0.125,0.125,0.125
183,183.0,183.50250334445366,0.125,0.125,0.125,0.125,0.125,0.125,0.125,0.125
184,184.0,184.50254659469365,0.125,0.125,0.125,0.125,0.125,0.125,0.125,0.125
185,185.0,185.50256005396272,0.125,0.125,0.125,0.125,0.125,0.125,0.125,0.125
186,186.0,186.50254656676526,0.125,0.125,0.125,0.125,0.125,0.125,0.125,0.125
187,187.0,187.5025089626199,0.125,0.125,0.125,0.125,0.125,0.125,0.125,0.125
188,188.0,188.5024500292629,0.125,0.125,0.125,0.125,0.125,0.125,0.125,0.125
189,189.0,189.5023724889489,0.125,0.125,0.125,0.125,0.125,0.125,0.125,0.125
190,190.0,190.50227897777685,0.125,0.125,0.125,0.125,0.125,0.125,0.125,0.125
191,191.0,191.50217202794423,0.125,0.125,0.125,0.125,0.125,0.125,0.125,0.125
192,192.0,192.50205405281542,0.125,0.125,0.125,0.125,0.125,0.125,0.125,0.125
193,193.0,193.50192733467136,0.125,0.125,0.125,0.125,0.125,0.125,0.125,0.125
194,194.0,194.50179401499497,0.125,0.125,0.125,0.125,0.125,0.125,0.125,0.125
195,195.0,195.5016560871363,0.125,0.125,0.125,0.125,0.125,0.125,0.125,0.125
196,196.0,196.50151539119213,0.125,0.125,0.125,0.125,0.125,0.125,0.125,0.125
197,197.0,197.50137361093044,0.125,0.125,0.125,0.125,0.125,0.125,0.125,0.125
198,198.0,198.5012322725856,0.125,0.125,0.125,0.125,0.125,0.125,0.125,0.125
199,199.0,199.5010927453494,0.12486111111111112,0.12597222222222224,0.12486111111111112,0.12486111111111112,0.12486111111111112,0.12486111111111112,0.12486111111111112,0.12486111111111112
200,200.0,200.50095624338334,0.12458472222222225,0.12679583333333333,0.12569583333333334,0.12458472222222225,0.12458472222222225,0.12458472222222225,0.12458472222222225,0.12458472222222225
201,201.0,201.50082382918006,0.12392345833333336,0.12821356944444445,0.12613456944444446,0.12603456944444447,0.12392345833333336,0.12392345833333336,0.12392345833333336,0.12392345833333336
202,202.0,202.5006964181053,0.12318151049242428,0.12942002251262627,0.12647162160353537,0.1282008034217172,0.12318151049242428,0.12318151049242428,0.12318151049242428,0.12318151049242428
203,203.0,203.50057478395695,0.12215820495694449,0.1302141553013889,0.12838651495694448,0.13060830495694448,0.12215820495694449,0.12215820495694449,0.12215820495694449,0.12215820495694449
204,204.0,204.5004595653839,0.12097827418806949,0.1307838039653321,0.1307250437244331,0.13269069046079676,0.12097827418806949,0.12188736509716039,0.12097827418806949,0.12097827418806949
205,205.0,205.5003512730143,0.12066420721185475,0.13075185873643666,0.13332705348251286,0.13838808590981125,0.11878386533151286,0.1205171986648462,0.11878386533151286,0.11878386533151286
206,206.0,206.50025029715152,0.1201810741304701,0.13116236021615296,0.13634969750722317,0.1433269480314922,0.11649413884353482,0.11949750358405745,0.11649413884353482,0.11649413884353482
207,207.0,207.50015691590352,0.11963828398607537,0.13139046941864915,0.1392296024537283,0.1485862767214703,0.11422736335115476,0.11847327736661296,0.11422736335115476,0.11422736335115476
208,208.0,208.50007130362127,0.11796688850607365,0.13263688196435977,0.1424896058177464,0.15354297049755447,0.11199182359764875,0.1173881824213198,0.11199182359764875,0.11199182359764875
209,209.0,209.49999353953103,0.11677051590287936,0.13506691267311555,0.14522316976295796,0.1578619444725919,0.1096558051307182,0.116110041796301,0.1096558051307182,0.1096558051307182
210,210.0,210.4999236164545,0.1154746220126028,0.13783026636830312,0.1481872902668616,0.161669838309906,0.10735464177668297,0.11477405771227789,0.10735464177668297,0.10735464177668297
211,211.0,211.4998614495211,0.11409279557743361,0.14045460380531472,0.15068980108430408,0.16503866371303497,0.10506471380296074,0.11283064800580195,0.10617582491407185,0.1056529490970784
212,212.0,212.49980688478578,0.11260642644438608,0.14283042551285957,0.1532680059464142,0.1679328016380671,0.10276636678269879,0.1107926518748829,0.10586636678269877,0.10393695501799291
213,213.0,213.49975970767616,0.11186844929909927,0.1446953604817966,0.15580484323342178,0.1702894772676156,0.10040177990755951,0.10860843373870407,0.1052789617257413,0.10305269434606218
214,214.0,214.49971965120073,0.11120949083865189,0.14643543655304359,0.1581532440093928,0.17238145380699077,0.09819117518489208,0.106530725921737,0.1048008670030739,0.1022976066822183
215,215.0,215.49968640386086,0.10995040783817565,0.14781846612838434,0.16075912613138732,0.17497185715739194,0.09606550287091842,0.10449389689447258,0.1043501749527366,0.1015905680265334
216,216.0,216.49965961721637,0.10877385142856814,0.14907086901620153,0.16316518025123858,0.17730312242239432,0.0941057082660907,0.10258240888639501,0.10399683404618162,0.10100202568293029
217,217.0,217.49963891306413,0.10775686392660327,0.15037700738578114,0.1654040933338447,0.17893667428729954,0.09235156625142499,0.10083960738154873,0.10377140728397863,0.10056278014951917
218,218.0,218.4996238901965,0.10680116605647451,0.15152668933930682,0.16770026001154692,0.1802440600285766,0.0907406489632839,0.09918033193041761,0.10269486258545574,0.10111198108493805
219,219.0,219.49961413071367,0.10569764221976273,0.15278946126138251,0.16985059279611942,0.18095849874890765,0.08909896419384195,0.09854802957191487,0.10150548010135753,0.10155133110671347
220,220.0,220.499609205872,0.10529118398821415,0.15356626082624802,0.17189415966634086,0.18212836626970358,0.08743133744557907,0.0978314414768017,0.10013601176598039,0.1017212385611323
221,221.0,221.49960868145575,0.10408204917011595,0.15499813078595395,0.17411385007288682,0.18303434781481323,0.08587686053897547,0.09718546397428625,0.09880616402110327,0.10190313362186514
222,222.0,222.49961212266658,0.10289794475765206,0.15604828569445944,0.17605959834780294,0.1843842483568303,0.08442511124427923,0.09659484376548191,0.09751062127047293,0.10207934656302124
223,223.0,223.49961909852965,0.10179655263840531,0.1569317001043113,0.17799215951716024,0.1848745307641792,0.08381028415299185,0.09605585262271533,0.09627457258763053,0.10226434761260626
224,224.0,224.4996291858211,0.10067567504828301,0.1581057875786505,0.17953623627201912,0.18492516490224856,0.0838554971006182,0.09549285947878866,0.09502890036136812,0.10237987925802386
225,225.0,225.49964197252524,0.09963382127714762,0.15914366333173005,0.18106207893638435,0.18474958855265192,0.08402250306352148,0.09499888411329031,0.09387237563516401,0.1025170850901103
226,226.0,226.4996570608337,0.09867312286542719,0.16004818516276054,0.18217586787727702,0.18503730673278002,0.08363040139849369,0.09495581065587858,0.09280726429088981,0.10267204101649324
227,227.0,227.499674069703,0.09689856387979007,0.1621278934398867,0.1830244965294614,0.18499247722122353,0.08327584983680415,0.09581238679872607,0.09184765963137881,0.10202067266272938
228,228.0,228.4996926369883,0.09517758442917507,0.16443651084394265,0.18382948828216245,0.1846265823835752,0.08297694734542677,0.09665990025357916,0.09094273367825877,0.10135025278388003
229,229.0,229.49971242117522,0.0934462802751536,0.1667720531689524,0.18451669183365998,0.18389963611036322,0.08265536196281154,0.09741421207444222,0.08994455416523167,0.10135121040938544
230,230.0,230.4997331027317,0.09176839271029642,0.1696036488918057,0.1849816478444874,0.18302435836839787,0.08236197361259831,0.09814630461100504,0.08892190327818766,0.10119177068322169
231,231.0,231.4997543851052,0.09015810620408295,0.1721116184737314,0.18698277399944588,0.1820270823347214,0.08143297706112958,0.09849668326193642,0.08789294916889337,0.10089780949605907
232,232.0,232.4997759953903,0.08862023212755885,0.17439761454375208,0.18925874150469982,0.18088850339788176,0.0805366917058935,0.0988045975416307,0.08691353086196524,0.10058008831661812
233,233.0,233.499797684693,0.08716323276360687,0.17717558499173014,0.19117043979656914,0.17907767534000096,0.08023468962146121,0.09907112902046993,0.08527452803103668,0.10083272043512517
234,234.0,234.49981922821848,0.08576435150467364,0.18057364938505338,0.19271410198442418,0.17709098910990498,0.07991208360557908,0.09926810367322968,0.08367190716973845,0.10100481356739673
235,235.0,235.49984042510926,0.08445784991513787,0.1842295045867266,0.19394339431774857,0.17504340385093553,0.07962656046331586,0.09942618877247508,0.08214414085201177,0.10112895724164883
236,236.0,236.49986109805985,0.08319953888001158,0.18723204492025522,0.19499711735878336,0.1728596462267051,0.079802935185315,0.1001659458089637,0.08065100512273315,0.10109176649723295
237,237.0,237.4998810927348,0.08207224653486127,0.19000968566255658,0.1958979393025878,0.17072317173350912,0.0800420025291128,0.10090539682653522,0.0792790323610068,0.10107052504983051
238,238.0,238.4999002770149,0.08105033441033134,0.19234285465104467,0.19710452299182785,0.16857918823174756,0.08026367398766279,0.10161336839309612,0.07800601647388518,0.10104004086040465
239,239.0,239.49991854009681,0.08013326715538859,0.19470526477381334,0.1981237935146346,0.16644923710664516,0.08046682308425494,0.1022857122878654,0.07683457548256259,0.10100132659483553
240,240.0,240.4999357914696,0.07933029881913274,0.19682768892646912,0.19910128973707067,0.16437600556634271,0.0807007994665892,0.10292092304661207,0.07577683417088141,0.1009661602669022
241,241.0,241.4999519597904,0.07921110305921965,0.19849024074775878,0.20016681103586834,0.16237659075779307,0.0809381532611748,0.10354188157633169,0.0748494982946007,0.10042572126725313
242,242.0,242.49996699168122,0.07908170320654591,0.1999221409545245,0.20186822338501548,0.16036539479139167,0.08107796282432604,0.1040045852449767,0.07395124906595685,0.09972874052726301
243,243.0,243.49998085046613,0.07903418292902112,0.20133911511118538,0.20339985681304137,0.15842643657553968,0.08119131331650678,0.10442118597260121,0.07315161378310571,0.09903629549899891
244,244.0,244.49999351486792,0.079060444856521,0.20273310146580067,0.20476260364700866,0.15657072807118683,0.08127856329373842,0.10479174343064641,0.0724483427889119,0.09835447244618627
245,245.0,245.50000497768085,0.0791941159555359,0.2049305785931484,0.20541726069051913,0.15484897147769683,0.08138192039321365,0.1045334241777576,0.07188010017071943,0.09781362854140921
246,246.0,246.50001524443567,0.07938521159751717,0.2070841066495659,0.20591477635136937,0.1532262681686973,0.08146001933049235,0.10423629207715006,0.0714011585167031,0.09729216730850494
247,247.0,247.50002433207064,0.07962566786271714,0.20918147136995635,0.2062650685931545,0.15170770832173558,0.0815133734053278,0.10390678922557053,0.07100696663795425,0.09679295458358406
248,248.0,248.5000322676214,0.08012149825184128,0.21060991422978054,0.20741483701654634,0.15009911627818973,0.08163909429938701,0.10362445097511835,0.07076599472421996,0.09572509422491704
249,249.0,249.5000390869409,0.0805684270102748,0.21259309053437253,0.20845135517511376,0.14822285516941983,0.08172289053961625,0.10327318330464999,0.07055953291594533,0.09460866535060776
250,250.0,250.50004483345901,0.08103000727790244,0.21449641364750624,0.20915355145749287,0.14672596816447356,0.0817707603876491,0.10288865061454533,0.07041182708506716,0.09352282136536355
251,251.0,251.50004955699075,0.08149938559017801,0.2156879574732757,0.20980817437846105,0.14595106954324488,0.08178422955210272,0.10247688757235392,0.0703177061812041,0.09247458970917986
252,252.0,252.5000533125994,0.08198041016009217,0.21668267727047974,0.21043670169020273,0.14528914181717734,0.08179528004897835,0.10205370102550784,0.07028207472127145,0.09148001326629064
253,253.0,253.50005615952117,0.08180907987727327,0.21808228200509425,0.21071247179871377,0.14470144143406738,0.08177101700115644,0.10159109245068594,0.07026641383656687,0.0910662015964423
254,254.0,254.50005816015556,0.08160715320673004,0.21966650857764516,0.21089230215960586,0.1441409554887262,0.08170752407049214,0.10108960243142488,0.07026119275532185,0.09063476131005407
255,255.0,255.50005937912496,0.08124090033157709,0.2212577503521978,0.21171673685296402,0.14347118218058,0.08147055045221312,0.10066289939881595,0.0701266109856396,0.09005336944601264
256,256.0,256.50005988240616,0.08081594859235669,0.22304400133920751,0.21215468889732803,0.1427844133356299,0.08167150064174447,0.10016766508374758,0.06996248260539042,0.08939929950459559
257,257.0,257.5000597365352,0.08040381093473617,0.2246509469974745,0.2123455309452827,0.14241762439435562,0.08187042724904227,0.09967647726403657,0.06983479710130192,0.08880038511377045
258,258.0,258.500059007886,0.07998070951410026,0.22605383059025885,0.2127671197017902,0.14210037363425368,0.08201260976375169,0.09916662130819709,0.06971456922776738,0.08820416625988106
259,259.0,259.50005776202283,0.07946425118635747,0.22717130895358162,0.2129606017336605,0.14174198467415022,0.08203826444591142,0.0995567547867719,0.0695145349658674,0.08755229925369971
260,260.0,260.5000560631258,0.0788777416712579,0.22802955327251764,0.2129687457344966,0.1413578188160927,0.0819675929777168,0.10067939375881972,0.06925348074281948,0.08686567302627939
261,261.0,261.5000539734871,0.07824445961483577,0.2294896462737972,0.21276560354038435,0.14098209514495244,0.08182134312103279,0.10158128658171547,0.06895052752911646,0.08616503819416574
262,262.0,262.50005155307747,0.07761031768919018,0.23087534112021205,0.21270604514946967,0.14064315957918203,0.08160068889292883,0.10244675517591163,0.06864779735336349,0.08546989503974231
263,263.0,263.50004885917804,0.07698596783945909,0.2321891243621288,0.21293689624974757,0.1403638809456602,0.08131850550417322,0.10306245143082196,0.06835251975248229,0.08479065391552706
264,264.0,264.5000459460768,0.07636683131524753,0.23230074231887204,0.21417641046343566,0.14009414634938094,0.08097287839510811,0.10362382600647678,0.06805705920369363,0.08440810594778549
265,265.0,265.5000428648249,0.07569349520083847,0.23228377354878096,0.21614379712517248,0.13976913221819282,0.0805074489142309,0.10393713172761869,0.06769930565886895,0.08396591560629689
266,266.0,266.5000396630499,0.07497986328803519,0.23215773733861983,0.21851930582714382,0.13939792322056316,0.07993951044560116,0.10423935092105233,0.06729081642469956,0.08347549253428509
267,267.0,267.5000363848219,0.07424504278003066,0.23252157092755157,0.221382478530934,0.13900249963818212,0.0796906788596502,0.10334816031584425,0.0668486912666871,0.08296087768112018
268,268.0,268.5000330705685,0.07351328226942087,0.23242549359083647,0.22425699454861497,0.13860299828518122,0.07941400561965778,0.10230846507420584,0.06639549655679185,0.08308326405529107
269,269.0,269.5000297570348,0.07278496818091697,0.2319902259138429,0.22685529577948157,0.13818909199900475,0.07909419169170565,0.10172809711541458,0.06593024601664554,0.08342788330298806
270,270.0,270.50002647728405,0.07199133520675427,0.23142718504610238,0.2299121430564113,0.13768934471984584,0.07869312170750642,0.10083855732902128,0.06538309392823566,0.08406521900612288
271,271.0,271.5000232607356,0.07125007345054585,0.23079631924796945,0.23286335899721777,0.13722569365212856,0.07831060729912788,0.09995246409315883,0.06487092385257817,0.08473055940727349
272,272.0,272.50002013323456,0.07045813260844327,0.23050256989424145,0.23529025320342445,0.13669302605466835,0.07784339225345666,0.09964250742929658,0.06429013348953937,0.0852799850669299
273,273.0,273.5000171171513,0.06972277525583355,0.2301620696713391,0.23758631963844318,0.13619695611767482,0.0773988940430553,0.09934513299329463,0.0637476680298643,0.08584018425049515
274,274.0,274.50001423150485,0.06901616021167012,0.2297533622627855,0.24003914309728783,0.13570838256798207,0.07614974956087747,0.09967311264169636,0.06321558323218998,0.08644450642551069
275,275.0,275.500011492108,0.06831371154631301,0.22925858761199436,0.24218124033571953,0.13520183063648752,0.07488014702968562,0.10050396928455166,0.06266939402905612,0.08699111952619216
276,276.0,276.50000891172976,0.0676055474138221,0.2286748104949842,0.2448601359625201,0.13466685296791084,0.07358833858498001,0.10107722476726064,0.062099483058326944,0.08742760675019515
277,277.0,277.5000065002721,0.06689994921495486,0.22801739714226624,0.24781863456883024,0.13411147034684226,0.07229009111527825,0.1014178968792305,0.06168404134461217,0.08776051938798546
278,278.0,278.50000426495745,0.0662038721992253,0.22730044117182613,0.25076784865281543,0.13354265368424817,0.07099918685866466,0.10154854463808315,0.0612565650085968,0.08838088778654032
279,279.0,279.5000022105247,0.06553738980149934,0.22655113118816292,0.2533433621135801,0.1329807398637062,0.06974186531941896,0.10205973859193619,0.060836407191337635,0.08894936593035861
280,280.0,280.50000033943,0.06490419429532245,0.2257801826038041,0.2560867288816324,0.13242990430156346,0.06852732835256542,0.10237937714702297,0.06042683944324481,0.08946544497484435
281,281.0,281.49999865205046,0.06430966863988548,0.22499984845794685,0.2589204142525873,0.13190644599402135,0.06736582256381732,0.10253055853752119,0.06003565782145058,0.08993158373276992
282,282.0,282.4999971468884,0.06374935553697535,0.2243084889246599,0.2617893225026127,0.1313999159725915,0.06624430381073762,0.10252145452987523,0.059658399959849555,0.09032875876269812
283,283.0,283.4999958207736,0.06324918120723952,0.22373278943598587,0.2639814815778399,0.13094767913813715,0.06519307626174857,0.10250436011328758,0.059323834509558346,0.09106759775620309
284,284.0,284.4999946690626,0.06278378940567783,0.2230092925740414,0.2661808964287129,0.13051464626013812,0.06419064016884869,0.10234291666704515,0.0590043140796848,0.09197350441585117
285,285.0,285.49999368583207,0.06235376285339507,0.22238390217938744,0.2683673033924174,0.13010232370991137,0.06324092656781644,0.102051168952636,0.0587009364283925,0.09279967591604388
286,286.0,286.4999928640662,0.06196187519527747,0.22177533719426362,0.2701593927077335,0.1297091805585821,0.062360137027175286,0.10111382387771997,0.05894080264445234,0.09397945079479572
287,287.0,287.4999921958363,0.06158137283960892,0.22134106870927492,0.27231932159018957,0.12930964983662707,0.061290770317876886,0.09999683614645917,0.059140150629521236,0.09502082993044218
288,288.0,288.499991672471,0.06123524061004618,0.22100567536900628,0.274053082371487,0.128932615116273,0.06028671306754417,0.09918432725582148,0.05934734541518433,0.09595500079463752
289,289.0,289.49999128471757,0.06092786082691137,0.2206956285374864,0.27576580891262054,0.12858871202623626,0.059360589784456914,0.09829593925889488,0.05956388838416264,0.09680157226923095
290,290.0,290.4999910228923,0.06067596982222116,0.22042903181098364,0.2772246691350322,0.12846713519119626,0.05853140608354956,0.09772550290750746,0.05980677723111346,0.09713950781839625
291,291.0,291.4999908770206,0.060495526634819156,0.22008269684831752,0.2786314443608867,0.12787236227173443,0.057816748850254326,0.09813678761076583,0.060061263651285744,0.09690316977193629
292,292.0,292.4999908369659,0.06032714054888876,0.2196971688876057,0.279835684050977,0.12728881518737925,0.057158261644181196,0.09884967712111377,0.06027168035444283,0.09657157220541153
293,293.0,293.49999089254703,0.060181352216359056,0.21928972035673824,0.28053471565180915,0.12673126932668058,0.05656697483588562,0.1000678929171283,0.06045011032010231,0.09617796437529681
294,294.0,294.4999910336445,0.06002435062588901,0.21915974730280569,0.2808567463464761,0.1261696909065535,0.05600907213434652,0.1015162889947363,0.060564629422266925,0.09569947426692602
295,295.0,295.4999912502958,0.059861739261486004,0.2187615990389498,0.28159292790559987,0.12561301110945072,0.0554897062982123,0.10275071427748947,0.06062303337973258,0.09530726872907935
296,296.0,296.499991532779,0.05929248296109226,0.2186506104399351,0.28211650458740434,0.12351263536720725,0.05519523034032636,0.10543724366434493,0.0608201823605318,0.09497511027915806
297,297.0,297.4999918716861,0.058679206155168646,0.21824328114814032,0.28255458156039437,0.12138238821303779,0.0548929556415947,0.10879017176780797,0.060919359176878074,0.09453805633697829
298,298.0,298.4999922579857,0.0580516770460238,0.21808193776726467,0.2829345190149197,0.1192648902905405,0.05460591820678563,0.11245360240887468,0.060948015189776134,0.09365944007581499
299,299.0,299.49999268307545,0.05730799671142421,0.21792206356720448,0.2830540015136722,0.11708196294945326,0.05422586524020789,0.11598734409491487,0.060805210114228986,0.09361555580889419
300,300.0,300.49999313882546,0.05649920820512096,0.21790186261883704,0.28253594349105215,0.11489396953290552,0.053797889952563745,0.1203072195784405,0.06054109872866502,0.09352280789241511
301,301.0,301.4999936176122,0.05571847574148498,0.21785638489108877,0.2820251247057131,0.11278946130109559,0.053409629840973805,0.12455310133637856,0.0602461302707631,0.09340169191250214
302,302.0,302.49999411234415,0.05499353962358311,0.2186804235094717,0.2817657498504378,0.11080998360980017,0.05307868406659524,0.12746004278615472,0.05995090763208394,0.09326066892187342
303,303.0,303.4999946164795,0.054266643902667853,0.2196454421561349,0.28119831223051006,0.10926509081821598,0.052747750432643056,0.12995327753707706,0.059598585665414414,0.09332489725733681
304,304.0,304.4999951240365,0.05354907087022793,0.2208086374219217,0.2803249007971698,0.10804231201819377,0.05241912351751798,0.1323474979182686,0.05919942112234589,0.09330903633435447
305,305.0,305.49999562959744,0.05287807156006112,0.22181387723985535,0.27952079130080654,0.10693211339680112,0.052126588969995405,0.1344515015460792,0.05880328233018267,0.09347377365621871
306,306.0,306.49999612830624,0.052233464363443116,0.22235519088848113,0.2787713475024066,0.10591151548483665,0.051846958857289065,0.13624720307735694,0.05839159387215718,0.09424272595402938
307,307.0,307.49999661586116,0.05164036754991731,0.2229443274737311,0.2782216022064488,0.10501452187347629,0.051602788106998365,0.1377698673949927,0.05783749285452184,0.09496903253991365
308,308.0,308.499997088502,0.05107707761632283,0.2237305873524864,0.2775096150157334,0.10420388420249534,0.05137023395535691,0.13922840966568917,0.05727673964888861,0.09560345254302742
309,309.0,309.49999754299375,0.05055508824066851,0.22431833528279993,0.27705960175598165,0.10348737298797742,0.05115905365144252,0.1403431516795723,0.056716045111435104,0.09636135129012272
310,310.0,310.4999979766064,0.05007706914629152,0.22490658963611093,0.27617178941075127,0.1030349247435479,0.050970560171596124,0.1413545586642797,0.05643999450114387,0.09704451372627879
311,311.0,311.49999838709164,0.049626803804977776,0.22563922791818308,0.2751508852546591,0.10265815315068993,0.050787535295312956,0.14237000870870797,0.056148412082499315,0.09761897378496996
312,312.0,312.4999987726575,0.04917298943168564,0.22581870242638394,0.2743630962093361,0.10231886845244767,0.05058149795017329,0.14293271942244992,0.05581202555982144,0.09900010054770211
313,313.0,313.49999913194017,0.049329426570620616,0.2260210131788643,0.27358300781173084,0.10200035249171416,0.05034071725378893,0.1430617302113381,0.05542189370532209,0.10024185877662103
314,314.0,314.4999994639752,0.04943819404354424,0.2270597835826414,0.27263910931556357,0.10167061955974131,0.05003824369262177,0.14281651485333638,0.05517068809674293,0.10116684685580846
315,315.0,315.49999976816696,0.04889564144821301,0.22854467722367355,0.27176902367459804,0.10135150388681656,0.05047017236387712,0.14225512624810616,0.05487694336942149,0.1018369117852941
316,316.0,316.50000004425783,0.048455488683116735,0.23047274654807226,0.2704727741472266,0.1013347221025665,0.05093215337605845,0.14182645378746378,0.05466826514897655,0.1018373962065192
317,317.0,317.5000002922971,0.04852531793284377,0.23374624624047352,0.26994240973622524,0.09773348525070562,0.05187943287436279,0.14159163290814006,0.05493859236676512,0.1016428826904839
318,318.0,318.50000051260946,0.04851248677154725,0.23767277271219348,0.26933568790831225,0.09410695284572121,0.052713062283327526,0.14128892999751333,0.055095483832639645,0.10127462364874529
319,319.0,319.5000007057645,0.04847722265049671,0.2413507854255893,0.26872417435437634,0.09054552440775408,0.05344028436873215,0.14088593869679505,0.05519968005580918,0.10137639004044716
320,320.0,320.50000087254637,0.048337407023716736,0.2445184705338002,0.2678997227542659,0.08699336699204188,0.053980943635107755,0.1403739078319933,0.0551809247275447,0.10271525650152956
321,321.0,321.50000101392453,0.048174914952831493,0.24868398919668033,0.26713557220044415,0.0835548803750832,0.05441904682059457,0.13911371684116364,0.05512150586083922,0.10379637375236342
322,322.0,322.5000011310257,0.04875655146469633,0.25297747566249995,0.26544132510937024,0.08049622954038134,0.05493509764548138,0.13801214387904887,0.05516691853786198,0.1042142581606599
323,323.0,323.50000122510653,0.04925768977226834,0.2568413184989459,0.2636398276032712,0.07753241001558779,0.05585022504157663,0.1374633307330946,0.05514813743763017,0.10426706089762533
324,324.0,324.5000012975282,0.04973268182524139,0.26042154148643465,0.2618046636251341,0.07473466191952435,0.05716370315437904,0.13696052558675673,0.05508945956783208,0.10409276283469764
325,325.0,325.50000134973243,0.050181524952064537,0.263730169873081,0.2600877191228303,0.07211313303243838,0.05882447240532981,0.1363385732958004,0.05500543678531712,0.10371897053313846
326,326.0,326.50000138321883,0.050605045349316036,0.26615341967915124,0.2585091342572763,0.0696819415060492,0.06134448659445327,0.13561448793826453,0.05490193828989803,0.1031895463855914
327,327.0,327.5000013995244,0.05169541039857797,0.26844552709729047,0.2567725294216516,0.06736755836504021,0.06366191696722182,0.13489875289466471,0.05470638623655534,0.10245191861899788
328,328.0,328.50000140020427,0.05273420382660872,0.2707497265964682,0.2551601935738773,0.06523252056503977,0.06582511638214486,0.1341924380675329,0.054469611816670954,0.10163618917165729
329,329.0,329.50000138681406,0.053739173331981874,0.27283047619960904,0.25386427422783586,0.06330282729860641,0.06787433336759921,0.1333890712310679,0.05422027237882464,0.10077957196447503
330,330.0,330.50000136089477,0.05459307444657538,0.27507109321429213,0.2525957704701972,0.06152122390277259,0.06974464194165747,0.13261654992307503,0.05390569657443092,0.09995194952699918
