Total_iterations,Unnamed: 0.1,Intertwine_two,Add_vertex,Delete_vertex,Invert_path_vertices,Insert_inside_vertex,Delete_inside_vertex,Replace_inside_vertex,Donate_between_routes
0,0.0,0.125,0.125,0.125,0.125,0.125,0.125,0.125,0.125
1,1.0,0.125,0.125,0.125,0.125,0.125,0.125,0.125,0.125
2,2.0,0.125,0.125,0.125,0.125,0.125,0.125,0.125,0.125
3,3.0,0.125,0.125,0.125,0.125,0.125,0.125,0.125,0.125
4,4.0,0.125,0.125,0.125,0.125,0.125,0.125,0.125,0.125
5,5.0,0.125,0.125,0.125,0.125,0.125,0.125,0.125,0.125
6,6.0,0.125,0.125,0.125,0.125,0.125,0.125,0.125,0.125
7,7.0,0.125,0.125,0.125,0.125,0.125,0.125,0.125,0.125
8,8.0,0.125,0.125,0.125,0.125,0.125,0.125,0.125,0.125
9,9.0,0.125,0.125,0.125,0.125,0.125,0.125,0.125,0.125
10,10.0,0.125,0.125,0.125,0.125,0.125,0.125,0.125,0.125
11,11.0,0.125,0.125,0.125,0.125,0.125,0.125,0.125,0.125
12,12.0,0.125,0.125,0.125,0.125,0.125,0.125,0.125,0.125
13,13.0,0.125,0.125,0.125,0.125,0.125,0.125,0.125,0.125
14,14.0,0.125,0.125,0.125,0.125,0.125,0.125,0.125,0.125
15,15.0,0.125,0.125,0.125,0.125,0.125,0.125,0.125,0.125
16,16.0,0.125,0.125,0.125,0.125,0.125,0.125,0.125,0.125
17,17.0,0.125,0.125,0.125,0.125,0.125,0.125,0.125,0.125
18,18.0,0.125,0.125,0.125,0.125,0.125,0.125,0.125,0.125
19,19.0,0.125,0.125,0.125,0.125,0.125,0.125,0.125,0.125
20,20.0,0.125,0.125,0.125,0.125,0.125,0.125,0.125,0.125
21,21.0,0.125,0.125,0.125,0.125,0.125,0.125,0.125,0.125
22,22.0,0.125,0.125,0.125,0.125,0.125,0.125,0.125,0.125
23,23.0,0.125,0.125,0.125,0.125,0.125,0.125,0.125,0.125
24,24.0,0.125,0.125,0.125,0.125,0.125,0.125,0.125,0.125
25,25.0,0.125,0.125,0.125,0.125,0.125,0.125,0.125,0.125
26,26.0,0.125,0.125,0.125,0.125,0.125,0.125,0.125,0.125
27,27.0,0.125,0.125,0.125,0.125,0.125,0.125,0.125,0.125
28,28.0,0.125,0.125,0.125,0.125,0.125,0.125,0.125,0.125
29,29.0,0.125,0.125,0.125,0.125,0.125,0.125,0.125,0.125
30,30.0,0.125,0.125,0.125,0.125,0.125,0.125,0.125,0.125
31,31.0,0.125,0.125,0.125,0.125,0.125,0.125,0.125,0.125
32,32.0,0.125,0.125,0.125,0.125,0.125,0.125,0.125,0.125
33,33.0,0.125,0.125,0.125,0.125,0.125,0.125,0.125,0.125
34,34.0,0.125,0.125,0.125,0.125,0.125,0.125,0.125,0.125
35,35.0,0.125,0.125,0.125,0.125,0.125,0.125,0.125,0.125
36,36.0,0.125,0.125,0.125,0.125,0.125,0.125,0.125,0.125
37,37.0,0.125,0.125,0.125,0.125,0.125,0.125,0.125,0.125
38,38.0,0.125,0.125,0.125,0.125,0.125,0.125,0.125,0.125
39,39.0,0.125,0.125,0.125,0.125,0.125,0.125,0.125,0.125
40,40.0,0.125,0.125,0.125,0.125,0.125,0.125,0.125,0.125
41,41.0,0.125,0.125,0.125,0.125,0.125,0.125,0.125,0.125
42,42.0,0.125,0.125,0.125,0.125,0.125,0.125,0.125,0.125
43,43.0,0.125,0.125,0.125,0.125,0.125,0.125,0.125,0.125
44,44.0,0.125,0.125,0.125,0.125,0.125,0.125,0.125,0.125
45,45.0,0.125,0.125,0.125,0.125,0.125,0.125,0.125,0.125
46,46.0,0.125,0.125,0.125,0.125,0.125,0.125,0.125,0.125
47,47.0,0.125,0.125,0.125,0.125,0.125,0.125,0.125,0.125
48,48.0,0.125,0.125,0.125,0.125,0.125,0.125,0.125,0.125
49,49.0,0.125,0.125,0.125,0.125,0.125,0.125,0.125,0.125
50,50.0,0.125,0.125,0.125,0.125,0.125,0.125,0.125,0.125
51,51.0,0.125,0.125,0.125,0.125,0.125,0.125,0.125,0.125
52,52.0,0.125,0.125,0.125,0.125,0.125,0.125,0.125,0.125
53,53.0,0.125,0.125,0.125,0.125,0.125,0.125,0.125,0.125
54,54.0,0.125,0.125,0.125,0.125,0.125,0.125,0.125,0.125
55,55.0,0.125,0.125,0.125,0.125,0.125,0.125,0.125,0.125
56,56.0,0.125,0.125,0.125,0.125,0.125,0.125,0.125,0.125
57,57.0,0.125,0.125,0.125,0.125,0.125,0.125,0.125,0.125
58,58.0,0.125,0.125,0.125,0.125,0.125,0.125,0.125,0.125
59,59.0,0.125,0.125,0.125,0.125,0.125,0.125,0.125,0.125
60,60.0,0.125,0.125,0.125,0.125,0.125,0.125,0.125,0.125
61,61.0,0.125,0.125,0.125,0.125,0.125,0.125,0.125,0.125
62,62.0,0.125,0.125,0.125,0.125,0.125,0.125,0.125,0.125
63,63.0,0.125,0.125,0.125,0.125,0.125,0.125,0.125,0.125
64,64.0,0.125,0.125,0.125,0.125,0.125,0.125,0.125,0.125
65,65.0,0.125,0.125,0.125,0.125,0.125,0.125,0.125,0.125
66,66.0,0.125,0.125,0.125,0.125,0.125,0.125,0.125,0.125
67,67.0,0.125,0.125,0.125,0.125,0.125,0.125,0.125,0.125
68,68.0,0.125,0.125,0.125,0.125,0.125,0.125,0.125,0.125
69,69.0,0.125,0.125,0.125,0.125,0.125,0.125,0.125,0.125
70,70.0,0.125,0.125,0.125,0.125,0.125,0.125,0.125,0.125
71,71.0,0.125,0.125,0.125,0.125,0.125,0.125,0.125,0.125
72,72.0,0.125,0.125,0.125,0.125,0.125,0.125,0.125,0.125
73,73.0,0.125,0.125,0.125,0.125,0.125,0.125,0.125,0.125
74,74.0,0.125,0.125,0.125,0.125,0.125,0.125,0.125,0.125
75,75.0,0.125,0.125,0.125,0.125,0.125,0.125,0.125,0.125
76,76.0,0.125,0.125,0.125,0.125,0.125,0.125,0.125,0.125
77,77.0,0.125,0.125,0.125,0.125,0.125,0.125,0.125,0.125
78,78.0,0.125,0.125,0.125,0.125,0.125,0.125,0.125,0.125
79,79.0,0.125,0.125,0.125,0.125,0.125,0.125,0.125,0.125
80,80.0,0.125,0.125,0.125,0.125,0.125,0.125,0.125,0.125
81,81.0,0.125,0.125,0.125,0.125,0.125,0.125,0.125,0.125
82,82.0,0.125,0.125,0.125,0.125,0.125,0.125,0.125,0.125
83,83.0,0.125,0.125,0.125,0.125,0.125,0.125,0.125,0.125
84,84.0,0.125,0.125,0.125,0.125,0.125,0.125,0.125,0.125
85,85.0,0.125,0.125,0.125,0.125,0.125,0.125,0.125,0.125
86,86.0,0.125,0.125,0.125,0.125,0.125,0.125,0.125,0.125
87,87.0,0.125,0.125,0.125,0.125,0.125,0.125,0.125,0.125
88,88.0,0.125,0.125,0.125,0.125,0.125,0.125,0.125,0.125
89,89.0,0.125,0.125,0.125,0.125,0.125,0.125,0.125,0.125
90,90.0,0.125,0.125,0.125,0.125,0.125,0.125,0.125,0.125
91,91.0,0.125,0.125,0.125,0.125,0.125,0.125,0.125,0.125
92,92.0,0.125,0.125,0.125,0.125,0.125,0.125,0.125,0.125
93,93.0,0.125,0.125,0.125,0.125,0.125,0.125,0.125,0.125
94,94.0,0.125,0.125,0.125,0.125,0.125,0.125,0.125,0.125
95,95.0,0.125,0.125,0.125,0.125,0.125,0.125,0.125,0.125
96,96.0,0.125,0.125,0.125,0.125,0.125,0.125,0.125,0.125
97,97.0,0.125,0.125,0.125,0.125,0.125,0.125,0.125,0.125
98,98.0,0.125,0.125,0.125,0.125,0.125,0.125,0.125,0.125
99,99.0,0.125,0.125,0.125,0.125,0.125,0.125,0.125,0.125
100,100.0,0.125,0.125,0.125,0.125,0.125,0.125,0.125,0.125
101,101.0,0.125,0.125,0.125,0.125,0.125,0.125,0.125,0.125
102,102.0,0.125,0.125,0.125,0.125,0.125,0.125,0.125,0.125
103,103.0,0.125,0.125,0.125,0.125,0.125,0.125,0.125,0.125
104,104.0,0.125,0.125,0.125,0.125,0.125,0.125,0.125,0.125
105,105.0,0.125,0.125,0.125,0.125,0.125,0.125,0.125,0.125
106,106.0,0.125,0.125,0.125,0.125,0.125,0.125,0.125,0.125
107,107.0,0.125,0.125,0.125,0.125,0.125,0.125,0.125,0.125
108,108.0,0.125,0.125,0.125,0.125,0.125,0.125,0.125,0.125
109,109.0,0.125,0.125,0.125,0.125,0.125,0.125,0.125,0.125
110,110.0,0.125,0.125,0.125,0.125,0.125,0.125,0.125,0.125
111,111.0,0.125,0.125,0.125,0.125,0.125,0.125,0.125,0.125
112,112.0,0.125,0.125,0.125,0.125,0.125,0.125,0.125,0.125
113,113.0,0.125,0.125,0.125,0.125,0.125,0.125,0.125,0.125
114,114.0,0.125,0.125,0.125,0.125,0.125,0.125,0.125,0.125
115,115.0,0.125,0.125,0.125,0.125,0.125,0.125,0.125,0.125
116,116.0,0.125,0.125,0.125,0.125,0.125,0.125,0.125,0.125
117,117.0,0.125,0.125,0.125,0.125,0.125,0.125,0.125,0.125
118,118.0,0.125,0.125,0.125,0.125,0.125,0.125,0.125,0.125
119,119.0,0.125,0.125,0.125,0.125,0.125,0.125,0.125,0.125
120,120.0,0.125,0.125,0.125,0.125,0.125,0.125,0.125,0.125
121,121.0,0.125,0.125,0.125,0.125,0.125,0.125,0.125,0.125
122,122.0,0.125,0.125,0.125,0.125,0.125,0.125,0.125,0.125
123,123.0,0.125,0.125,0.125,0.125,0.125,0.125,0.125,0.125
124,124.0,0.125,0.125,0.125,0.125,0.125,0.125,0.125,0.125
125,125.0,0.125,0.125,0.125,0.125,0.125,0.125,0.125,0.125
126,126.0,0.125,0.125,0.125,0.125,0.125,0.125,0.125,0.125
127,127.0,0.125,0.125,0.125,0.125,0.125,0.125,0.125,0.125
128,128.0,0.125,0.125,0.125,0.125,0.125,0.125,0.125,0.125
129,129.0,0.125,0.125,0.125,0.125,0.125,0.125,0.125,0.125
130,130.0,0.125,0.125,0.125,0.125,0.125,0.125,0.125,0.125
131,131.0,0.125,0.125,0.125,0.125,0.125,0.125,0.125,0.125
132,132.0,0.125,0.125,0.125,0.125,0.125,0.125,0.125,0.125
133,133.0,0.125,0.125,0.125,0.125,0.125,0.125,0.125,0.125
134,134.0,0.125,0.125,0.125,0.125,0.125,0.125,0.125,0.125
135,135.0,0.125,0.125,0.125,0.125,0.125,0.125,0.125,0.125
136,136.0,0.125,0.125,0.125,0.125,0.125,0.125,0.125,0.125
137,137.0,0.125,0.125,0.125,0.125,0.125,0.125,0.125,0.125
138,138.0,0.125,0.125,0.125,0.125,0.125,0.125,0.125,0.125
139,139.0,0.125,0.125,0.125,0.125,0.125,0.125,0.125,0.125
140,140.0,0.125,0.125,0.125,0.125,0.125,0.125,0.125,0.125
141,141.0,0.125,0.125,0.125,0.125,0.125,0.125,0.125,0.125
142,142.0,0.125,0.125,0.125,0.125,0.125,0.125,0.125,0.125
143,143.0,0.125,0.125,0.125,0.125,0.125,0.125,0.125,0.125
144,144.0,0.125,0.125,0.125,0.125,0.125,0.125,0.125,0.125
145,145.0,0.125,0.125,0.125,0.125,0.125,0.125,0.125,0.125
146,146.0,0.125,0.125,0.125,0.125,0.125,0.125,0.125,0.125
147,147.0,0.125,0.125,0.125,0.125,0.125,0.125,0.125,0.125
148,148.0,0.125,0.125,0.125,0.125,0.125,0.125,0.125,0.125
149,149.0,0.125,0.125,0.125,0.125,0.125,0.125,0.125,0.125
150,150.0,0.125,0.125,0.125,0.125,0.125,0.125,0.125,0.125
151,151.0,0.125,0.125,0.125,0.125,0.125,0.125,0.125,0.125
152,152.0,0.125,0.125,0.125,0.125,0.125,0.125,0.125,0.125
153,153.0,0.125,0.125,0.125,0.125,0.125,0.125,0.125,0.125
154,154.0,0.125,0.125,0.125,0.125,0.125,0.125,0.125,0.125
155,155.0,0.125,0.125,0.125,0.125,0.125,0.125,0.125,0.125
156,156.0,0.125,0.125,0.125,0.125,0.125,0.125,0.125,0.125
157,157.0,0.125,0.125,0.125,0.125,0.125,0.125,0.125,0.125
158,158.0,0.125,0.125,0.125,0.125,0.125,0.125,0.125,0.125
159,159.0,0.125,0.125,0.125,0.125,0.125,0.125,0.125,0.125
160,160.0,0.125,0.125,0.125,0.125,0.125,0.125,0.125,0.125
161,161.0,0.125,0.125,0.125,0.125,0.125,0.125,0.125,0.125
162,162.0,0.125,0.125,0.125,0.125,0.125,0.125,0.125,0.125
163,163.0,0.125,0.125,0.125,0.125,0.125,0.125,0.125,0.125
164,164.0,0.125,0.125,0.125,0.125,0.125,0.125,0.125,0.125
165,165.0,0.125,0.125,0.125,0.125,0.125,0.125,0.125,0.125
166,166.0,0.125,0.125,0.125,0.125,0.125,0.125,0.125,0.125
167,167.0,0.125,0.125,0.125,0.125,0.125,0.125,0.125,0.125
168,168.0,0.125,0.125,0.125,0.125,0.125,0.125,0.125,0.125
169,169.0,0.125,0.125,0.125,0.125,0.125,0.125,0.125,0.125
170,170.0,0.125,0.125,0.125,0.125,0.125,0.125,0.125,0.125
171,171.0,0.125,0.125,0.125,0.125,0.125,0.125,0.125,0.125
172,172.0,0.125,0.125,0.125,0.125,0.125,0.125,0.125,0.125
173,173.0,0.125,0.125,0.125,0.125,0.125,0.125,0.125,0.125
174,174.0,0.125,0.125,0.125,0.125,0.125,0.125,0.125,0.125
175,175.0,0.125,0.125,0.125,0.125,0.125,0.125,0.125,0.125
176,176.0,0.125,0.125,0.125,0.125,0.125,0.125,0.125,0.125
177,177.0,0.125,0.125,0.125,0.125,0.125,0.125,0.125,0.125
178,178.0,0.125,0.125,0.125,0.125,0.125,0.125,0.125,0.125
179,179.0,0.125,0.125,0.125,0.125,0.125,0.125,0.125,0.125
180,180.0,0.125,0.125,0.125,0.125,0.125,0.125,0.125,0.125
181,181.0,0.125,0.125,0.125,0.125,0.125,0.125,0.125,0.125
182,182.0,0.125,0.125,0.125,0.125,0.125,0.125,0.125,0.125
183,183.0,0.125,0.125,0.125,0.125,0.125,0.125,0.125,0.125
184,184.0,0.125,0.125,0.125,0.125,0.125,0.125,0.125,0.125
185,185.0,0.125,0.125,0.125,0.125,0.125,0.125,0.125,0.125
186,186.0,0.125,0.125,0.125,0.125,0.125,0.125,0.125,0.125
187,187.0,0.125,0.125,0.125,0.125,0.125,0.125,0.125,0.125
188,188.0,0.125,0.125,0.125,0.125,0.125,0.125,0.125,0.125
189,189.0,0.125,0.125,0.125,0.125,0.125,0.125,0.125,0.125
190,190.0,0.125,0.125,0.125,0.125,0.125,0.125,0.125,0.125
191,191.0,0.125,0.125,0.125,0.125,0.125,0.125,0.125,0.125
192,192.0,0.125,0.125,0.125,0.125,0.125,0.125,0.125,0.125
193,193.0,0.125,0.125,0.125,0.125,0.125,0.125,0.125,0.125
194,194.0,0.125,0.125,0.125,0.125,0.125,0.125,0.125,0.125
195,195.0,0.125,0.125,0.125,0.125,0.125,0.125,0.125,0.125
196,196.0,0.125,0.125,0.125,0.125,0.125,0.125,0.125,0.125
197,197.0,0.125,0.125,0.125,0.125,0.125,0.125,0.125,0.125
198,198.0,0.125,0.125,0.125,0.125,0.125,0.125,0.125,0.125
199,199.0,0.1248611111111111,0.1259722222222222,0.1248611111111111,0.1248611111111111,0.1248611111111111,0.1248611111111111,0.1248611111111111,0.1248611111111111
200,200.0,0.1245847222222222,0.1267958333333333,0.1256958333333333,0.1245847222222222,0.1245847222222222,0.1245847222222222,0.1245847222222222,0.1245847222222222
201,201.0,0.1239234583333333,0.1282135694444444,0.1261345694444444,0.1260345694444444,0.1239234583333333,0.1239234583333333,0.1239234583333333,0.1239234583333333
202,202.0,0.1231815104924242,0.1294200225126262,0.1264716216035353,0.1282008034217172,0.1231815104924242,0.1231815104924242,0.1231815104924242,0.1231815104924242
203,203.0,0.1221582049569444,0.1302141553013889,0.1283865149569444,0.1306083049569444,0.1221582049569444,0.1221582049569444,0.1221582049569444,0.1221582049569444
204,204.0,0.1209782741880694,0.1307838039653321,0.1307250437244331,0.1326906904607967,0.1209782741880694,0.1218873650971603,0.1209782741880694,0.1209782741880694
205,205.0,0.1206642072118547,0.1307518587364366,0.1333270534825128,0.1383880859098112,0.1187838653315128,0.1205171986648462,0.1187838653315128,0.1187838653315128
206,206.0,0.1201810741304701,0.1311623602161529,0.1363496975072231,0.1433269480314922,0.1164941388435348,0.1194975035840574,0.1164941388435348,0.1164941388435348
207,207.0,0.1196382839860753,0.1313904694186491,0.1392296024537283,0.1485862767214703,0.1142273633511547,0.1184732773666129,0.1142273633511547,0.1142273633511547
208,208.0,0.1179668885060736,0.1326368819643597,0.1424896058177464,0.1535429704975544,0.1119918235976487,0.1173881824213198,0.1119918235976487,0.1119918235976487
209,209.0,0.1167705159028793,0.1350669126731155,0.1452231697629579,0.1578619444725919,0.1096558051307182,0.116110041796301,0.1096558051307182,0.1096558051307182
210,210.0,0.1154746220126028,0.1378302663683031,0.1481872902668616,0.161669838309906,0.1073546417766829,0.1147740577122778,0.1073546417766829,0.1073546417766829
211,211.0,0.1140927955774336,0.1404546038053147,0.150689801084304,0.1650386637130349,0.1050647138029607,0.1128306480058019,0.1061758249140718,0.1056529490970784
212,212.0,0.112606426444386,0.1428304255128595,0.1532680059464142,0.1679328016380671,0.1027663667826987,0.1107926518748829,0.1058663667826987,0.1039369550179929
213,213.0,0.1118684492990992,0.1446953604817966,0.1558048432334217,0.1702894772676156,0.1004017799075595,0.108608433738704,0.1052789617257413,0.1030526943460621
214,214.0,0.1112094908386518,0.1464354365530435,0.1581532440093928,0.1723814538069907,0.098191175184892,0.106530725921737,0.1048008670030739,0.1022976066822183
215,215.0,0.1099504078381756,0.1478184661283843,0.1607591261313873,0.1749718571573919,0.0960655028709184,0.1044938968944725,0.1043501749527366,0.1015905680265334
216,216.0,0.1087738514285681,0.1490708690162015,0.1631651802512385,0.1773031224223943,0.0941057082660907,0.102582408886395,0.1039968340461816,0.1010020256829302
217,217.0,0.1077568639266032,0.1503770073857811,0.1654040933338447,0.1789366742872995,0.0923515662514249,0.1008396073815487,0.1037714072839786,0.1005627801495191
218,218.0,0.1068011660564745,0.1515266893393068,0.1677002600115469,0.1802440600285766,0.0907406489632839,0.0991803319304176,0.1026948625854557,0.101111981084938
219,219.0,0.1056976422197627,0.1527894612613825,0.1698505927961194,0.1809584987489076,0.0890989641938419,0.0985480295719148,0.1015054801013575,0.1015513311067134
220,220.0,0.1052911839882141,0.153566260826248,0.1718941596663408,0.1821283662697035,0.087431337445579,0.0978314414768017,0.1001360117659803,0.1017212385611323
221,221.0,0.1040820491701159,0.1549981307859539,0.1741138500728868,0.1830343478148132,0.0858768605389754,0.0971854639742862,0.0988061640211032,0.1019031336218651
222,222.0,0.102897944757652,0.1560482856944594,0.1760595983478029,0.1843842483568303,0.0844251112442792,0.0965948437654819,0.0975106212704729,0.1020793465630212
223,223.0,0.1017965526384053,0.1569317001043113,0.1779921595171602,0.1848745307641792,0.0838102841529918,0.0960558526227153,0.0962745725876305,0.1022643476126062
224,224.0,0.100675675048283,0.1581057875786505,0.1795362362720191,0.1849251649022485,0.0838554971006182,0.0954928594787886,0.0950289003613681,0.1023798792580238
225,225.0,0.0996338212771476,0.15914366333173,0.1810620789363843,0.1847495885526519,0.0840225030635214,0.0949988841132903,0.093872375635164,0.1025170850901103
226,226.0,0.0986731228654271,0.1600481851627605,0.182175867877277,0.18503730673278,0.0836304013984936,0.0949558106558785,0.0928072642908898,0.1026720410164932
227,227.0,0.09689856387979,0.1621278934398867,0.1830244965294614,0.1849924772212235,0.0832758498368041,0.095812386798726,0.0918476596313788,0.1020206726627293
228,228.0,0.095177584429175,0.1644365108439426,0.1838294882821624,0.1846265823835752,0.0829769473454267,0.0966599002535791,0.0909427336782587,0.10135025278388
229,229.0,0.0934462802751536,0.1667720531689524,0.1845166918336599,0.1838996361103632,0.0826553619628115,0.0974142120744422,0.0899445541652316,0.1013512104093854
230,230.0,0.0917683927102964,0.1696036488918057,0.1849816478444874,0.1830243583683978,0.0823619736125983,0.098146304611005,0.0889219032781876,0.1011917706832216
231,231.0,0.0901581062040829,0.1721116184737314,0.1869827739994458,0.1820270823347214,0.0814329770611295,0.0984966832619364,0.0878929491688933,0.100897809496059
232,232.0,0.0886202321275588,0.174397614543752,0.1892587415046998,0.1808885033978817,0.0805366917058935,0.0988045975416307,0.0869135308619652,0.1005800883166181
233,233.0,0.0871632327636068,0.1771755849917301,0.1911704397965691,0.1790776753400009,0.0802346896214612,0.0990711290204699,0.0852745280310366,0.1008327204351251
234,234.0,0.0857643515046736,0.1805736493850533,0.1927141019844241,0.1770909891099049,0.079912083605579,0.0992681036732296,0.0836719071697384,0.1010048135673967
235,235.0,0.0844578499151378,0.1842295045867266,0.1939433943177485,0.1750434038509355,0.0796265604633158,0.099426188772475,0.0821441408520117,0.1011289572416488
236,236.0,0.0831995388800115,0.1872320449202552,0.1949971173587833,0.1728596462267051,0.079802935185315,0.1001659458089637,0.0806510051227331,0.1010917664972329
237,237.0,0.0820722465348612,0.1900096856625565,0.1958979393025878,0.1707231717335091,0.0800420025291128,0.1009053968265352,0.0792790323610068,0.1010705250498305
238,238.0,0.0810503344103313,0.1923428546510446,0.1971045229918278,0.1685791882317475,0.0802636739876627,0.1016133683930961,0.0780060164738851,0.1010400408604046
239,239.0,0.0801332671553885,0.1947052647738133,0.1981237935146346,0.1664492371066451,0.0804668230842549,0.1022857122878654,0.0768345754825625,0.1010013265948355
240,240.0,0.0793302988191327,0.1968276889264691,0.1991012897370706,0.1643760055663427,0.0807007994665892,0.102920923046612,0.0757768341708814,0.1009661602669022
241,241.0,0.0792111030592196,0.1984902407477587,0.2001668110358683,0.162376590757793,0.0809381532611748,0.1035418815763316,0.0748494982946007,0.1004257212672531
242,242.0,0.0790817032065459,0.1999221409545245,0.2018682233850154,0.1603653947913916,0.081077962824326,0.1040045852449767,0.0739512490659568,0.099728740527263
243,243.0,0.0790341829290211,0.2013391151111853,0.2033998568130413,0.1584264365755396,0.0811913133165067,0.1044211859726012,0.0731516137831057,0.0990362954989989
244,244.0,0.079060444856521,0.2027331014658006,0.2047626036470086,0.1565707280711868,0.0812785632937384,0.1047917434306464,0.0724483427889119,0.0983544724461862
245,245.0,0.0791941159555359,0.2049305785931484,0.2054172606905191,0.1548489714776968,0.0813819203932136,0.1045334241777576,0.0718801001707194,0.0978136285414092
246,246.0,0.0793852115975171,0.2070841066495659,0.2059147763513693,0.1532262681686973,0.0814600193304923,0.10423629207715,0.0714011585167031,0.0972921673085049
247,247.0,0.0796256678627171,0.2091814713699563,0.2062650685931545,0.1517077083217355,0.0815133734053278,0.1039067892255705,0.0710069666379542,0.096792954583584
248,248.0,0.0801214982518412,0.2106099142297805,0.2074148370165463,0.1500991162781897,0.081639094299387,0.1036244509751183,0.0707659947242199,0.095725094224917
249,249.0,0.0805684270102748,0.2125930905343725,0.2084513551751137,0.1482228551694198,0.0817228905396162,0.1032731833046499,0.0705595329159453,0.0946086653506077
250,250.0,0.0810300072779024,0.2144964136475062,0.2091535514574928,0.1467259681644735,0.0817707603876491,0.1028886506145453,0.0704118270850671,0.0935228213653635
251,251.0,0.081499385590178,0.2156879574732757,0.209808174378461,0.1459510695432448,0.0817842295521027,0.1024768875723539,0.0703177061812041,0.0924745897091798
252,252.0,0.0819804101600921,0.2166826772704797,0.2104367016902027,0.1452891418171773,0.0817952800489783,0.1020537010255078,0.0702820747212714,0.0914800132662906
253,253.0,0.0818090798772732,0.2180822820050942,0.2107124717987137,0.1447014414340673,0.0817710170011564,0.1015910924506859,0.0702664138365668,0.0910662015964423
254,254.0,0.08160715320673,0.2196665085776451,0.2108923021596058,0.1441409554887262,0.0817075240704921,0.1010896024314248,0.0702611927553218,0.090634761310054
255,255.0,0.081240900331577,0.2212577503521978,0.211716736852964,0.14347118218058,0.0814705504522131,0.1006628993988159,0.0701266109856396,0.0900533694460126
256,256.0,0.0808159485923566,0.2230440013392075,0.212154688897328,0.1427844133356299,0.0816715006417444,0.1001676650837475,0.0699624826053904,0.0893992995045955
257,257.0,0.0804038109347361,0.2246509469974745,0.2123455309452827,0.1424176243943556,0.0818704272490422,0.0996764772640365,0.0698347971013019,0.0888003851137704
258,258.0,0.0799807095141002,0.2260538305902588,0.2127671197017902,0.1421003736342536,0.0820126097637516,0.099166621308197,0.0697145692277673,0.088204166259881
259,259.0,0.0794642511863574,0.2271713089535816,0.2129606017336605,0.1417419846741502,0.0820382644459114,0.0995567547867719,0.0695145349658674,0.0875522992536997
260,260.0,0.0788777416712579,0.2280295532725176,0.2129687457344966,0.1413578188160927,0.0819675929777168,0.1006793937588197,0.0692534807428194,0.0868656730262793
261,261.0,0.0782444596148357,0.2294896462737972,0.2127656035403843,0.1409820951449524,0.0818213431210327,0.1015812865817154,0.0689505275291164,0.0861650381941657
262,262.0,0.0776103176891901,0.230875341120212,0.2127060451494696,0.140643159579182,0.0816006888929288,0.1024467551759116,0.0686477973533634,0.0854698950397423
263,263.0,0.076985967839459,0.2321891243621288,0.2129368962497475,0.1403638809456602,0.0813185055041732,0.1030624514308219,0.0683525197524822,0.084790653915527
264,264.0,0.0763668313152475,0.232300742318872,0.2141764104634356,0.1400941463493809,0.0809728783951081,0.1036238260064767,0.0680570592036936,0.0844081059477854
265,265.0,0.0756934952008384,0.2322837735487809,0.2161437971251724,0.1397691322181928,0.0805074489142309,0.1039371317276186,0.0676993056588689,0.0839659156062968
266,266.0,0.0749798632880351,0.2321577373386198,0.2185193058271438,0.1393979232205631,0.0799395104456011,0.1042393509210523,0.0672908164246995,0.083475492534285
267,267.0,0.0742450427800306,0.2325215709275515,0.221382478530934,0.1390024996381821,0.0796906788596502,0.1033481603158442,0.0668486912666871,0.0829608776811201
268,268.0,0.0735132822694208,0.2324254935908364,0.2242569945486149,0.1386029982851812,0.0794140056196577,0.1023084650742058,0.0663954965567918,0.083083264055291
269,269.0,0.0727849681809169,0.2319902259138429,0.2268552957794815,0.1381890919990047,0.0790941916917056,0.1017280971154145,0.0659302460166455,0.083427883302988
270,270.0,0.0719913352067542,0.2314271850461023,0.2299121430564113,0.1376893447198458,0.0786931217075064,0.1008385573290212,0.0653830939282356,0.0840652190061228
271,271.0,0.0712500734505458,0.2307963192479694,0.2328633589972177,0.1372256936521285,0.0783106072991278,0.0999524640931588,0.0648709238525781,0.0847305594072734
272,272.0,0.0704581326084432,0.2305025698942414,0.2352902532034244,0.1366930260546683,0.0778433922534566,0.0996425074292965,0.0642901334895393,0.0852799850669299
273,273.0,0.0697227752558335,0.2301620696713391,0.2375863196384431,0.1361969561176748,0.0773988940430553,0.0993451329932946,0.0637476680298643,0.0858401842504951
274,274.0,0.0690161602116701,0.2297533622627855,0.2400391430972878,0.135708382567982,0.0761497495608774,0.0996731126416963,0.0632155832321899,0.0864445064255106
275,275.0,0.068313711546313,0.2292585876119943,0.2421812403357195,0.1352018306364875,0.0748801470296856,0.1005039692845516,0.0626693940290561,0.0869911195261921
276,276.0,0.0676055474138221,0.2286748104949842,0.2448601359625201,0.1346668529679108,0.07358833858498,0.1010772247672606,0.0620994830583269,0.0874276067501951
277,277.0,0.0668999492149548,0.2280173971422662,0.2478186345688302,0.1341114703468422,0.0722900911152782,0.1014178968792305,0.0616840413446121,0.0877605193879854
278,278.0,0.0662038721992253,0.2273004411718261,0.2507678486528154,0.1335426536842481,0.0709991868586646,0.1015485446380831,0.0612565650085968,0.0883808877865403
279,279.0,0.0655373898014993,0.2265511311881629,0.2533433621135801,0.1329807398637062,0.0697418653194189,0.1020597385919361,0.0608364071913376,0.0889493659303586
280,280.0,0.0649041942953224,0.2257801826038041,0.2560867288816324,0.1324299043015634,0.0685273283525654,0.1023793771470229,0.0604268394432448,0.0894654449748443
281,281.0,0.0643096686398854,0.2249998484579468,0.2589204142525873,0.1319064459940213,0.0673658225638173,0.1025305585375211,0.0600356578214505,0.0899315837327699
282,282.0,0.0637493555369753,0.2243084889246599,0.2617893225026127,0.1313999159725915,0.0662443038107376,0.1025214545298752,0.0596583999598495,0.0903287587626981
283,283.0,0.0632491812072395,0.2237327894359858,0.2639814815778399,0.1309476791381371,0.0651930762617485,0.1025043601132875,0.0593238345095583,0.091067597756203
284,284.0,0.0627837894056778,0.2230092925740414,0.2661808964287129,0.1305146462601381,0.0641906401688486,0.1023429166670451,0.0590043140796848,0.0919735044158511
285,285.0,0.062353762853395,0.2223839021793874,0.2683673033924174,0.1301023237099113,0.0632409265678164,0.102051168952636,0.0587009364283925,0.0927996759160438
286,286.0,0.0619618751952774,0.2217753371942636,0.2701593927077335,0.1297091805585821,0.0623601370271752,0.1011138238777199,0.0589408026444523,0.0939794507947957
287,287.0,0.0615813728396089,0.2213410687092749,0.2723193215901895,0.129309649836627,0.0612907703178768,0.0999968361464591,0.0591401506295212,0.0950208299304421
288,288.0,0.0612352406100461,0.2210056753690062,0.274053082371487,0.128932615116273,0.0602867130675441,0.0991843272558214,0.0593473454151843,0.0959550007946375
289,289.0,0.0609278608269113,0.2206956285374864,0.2757658089126205,0.1285887120262362,0.0593605897844569,0.0982959392588948,0.0595638883841626,0.0968015722692309
290,290.0,0.0606759698222211,0.2204290318109836,0.2772246691350322,0.1284671351911962,0.0585314060835495,0.0977255029075074,0.0598067772311134,0.0971395078183962
291,291.0,0.0604955266348191,0.2200826968483175,0.2786314443608867,0.1278723622717344,0.0578167488502543,0.0981367876107658,0.0600612636512857,0.0969031697719362
292,292.0,0.0603271405488887,0.2196971688876057,0.279835684050977,0.1272888151873792,0.0571582616441811,0.0988496771211137,0.0602716803544428,0.0965715722054115
293,293.0,0.060181352216359,0.2192897203567382,0.2805347156518091,0.1267312693266805,0.0565669748358856,0.1000678929171283,0.0604501103201023,0.0961779643752968
294,294.0,0.060024350625889,0.2191597473028056,0.2808567463464761,0.1261696909065535,0.0560090721343465,0.1015162889947363,0.0605646294222669,0.095699474266926
295,295.0,0.059861739261486,0.2187615990389498,0.2815929279055998,0.1256130111094507,0.0554897062982123,0.1027507142774894,0.0606230333797325,0.0953072687290793
296,296.0,0.0592924829610922,0.2186506104399351,0.2821165045874043,0.1235126353672072,0.0551952303403263,0.1054372436643449,0.0608201823605318,0.094975110279158
297,297.0,0.0586792061551686,0.2182432811481403,0.2825545815603943,0.1213823882130377,0.0548929556415947,0.1087901717678079,0.060919359176878,0.0945380563369782
298,298.0,0.0580516770460238,0.2180819377672646,0.2829345190149197,0.1192648902905405,0.0546059182067856,0.1124536024088746,0.0609480151897761,0.0936594400758149
299,299.0,0.0573079967114242,0.2179220635672044,0.2830540015136722,0.1170819629494532,0.0542258652402078,0.1159873440949148,0.0608052101142289,0.0936155558088941
300,300.0,0.0564992082051209,0.217901862618837,0.2825359434910521,0.1148939695329055,0.0537978899525637,0.1203072195784405,0.060541098728665,0.0935228078924151
301,301.0,0.0557184757414849,0.2178563848910887,0.2820251247057131,0.1127894613010955,0.0534096298409738,0.1245531013363785,0.0602461302707631,0.0934016919125021
302,302.0,0.0549935396235831,0.2186804235094717,0.2817657498504378,0.1108099836098001,0.0530786840665952,0.1274600427861547,0.0599509076320839,0.0932606689218734
303,303.0,0.0542666439026678,0.2196454421561349,0.28119831223051,0.1092650908182159,0.052747750432643,0.129953277537077,0.0595985856654144,0.0933248972573368
304,304.0,0.0535490708702279,0.2208086374219217,0.2803249007971698,0.1080423120181937,0.0524191235175179,0.1323474979182686,0.0591994211223458,0.0933090363343544
305,305.0,0.0528780715600611,0.2218138772398553,0.2795207913008065,0.1069321133968011,0.0521265889699954,0.1344515015460792,0.0588032823301826,0.0934737736562187
306,306.0,0.0522334643634431,0.2223551908884811,0.2787713475024066,0.1059115154848366,0.051846958857289,0.1362472030773569,0.0583915938721571,0.0942427259540293
307,307.0,0.0516403675499173,0.2229443274737311,0.2782216022064488,0.1050145218734762,0.0516027881069983,0.1377698673949927,0.0578374928545218,0.0949690325399136
308,308.0,0.0510770776163228,0.2237305873524864,0.2775096150157334,0.1042038842024953,0.0513702339553569,0.1392284096656891,0.0572767396488886,0.0956034525430274
309,309.0,0.0505550882406685,0.2243183352827999,0.2770596017559816,0.1034873729879774,0.0511590536514425,0.1403431516795723,0.0567160451114351,0.0963613512901227
310,310.0,0.0500770691462915,0.2249065896361109,0.2761717894107512,0.1030349247435479,0.0509705601715961,0.1413545586642797,0.0564399945011438,0.0970445137262787
311,311.0,0.0496268038049777,0.225639227918183,0.2751508852546591,0.1026581531506899,0.0507875352953129,0.1423700087087079,0.0561484120824993,0.0976189737849699
312,312.0,0.0491729894316856,0.2258187024263839,0.2743630962093361,0.1023188684524476,0.0505814979501732,0.1429327194224499,0.0558120255598214,0.0990001005477021
313,313.0,0.0493294265706206,0.2260210131788643,0.2735830078117308,0.1020003524917141,0.0503407172537889,0.1430617302113381,0.055421893705322,0.100241858776621
314,314.0,0.0494381940435442,0.2270597835826414,0.2726391093155635,0.1016706195597413,0.0500382436926217,0.1428165148533363,0.0551706880967429,0.1011668468558084
315,315.0,0.048895641448213,0.2285446772236735,0.271769023674598,0.1013515038868165,0.0504701723638771,0.1422551262481061,0.0548769433694214,0.1018369117852941
316,316.0,0.0484554886831167,0.2304727465480722,0.2704727741472266,0.1013347221025665,0.0509321533760584,0.1418264537874637,0.0546682651489765,0.1018373962065192
317,317.0,0.0485253179328437,0.2337462462404735,0.2699424097362252,0.0977334852507056,0.0518794328743627,0.14159163290814,0.0549385923667651,0.1016428826904839
318,318.0,0.0485124867715472,0.2376727727121934,0.2693356879083122,0.0941069528457212,0.0527130622833275,0.1412889299975133,0.0550954838326396,0.1012746236487452
319,319.0,0.0484772226504967,0.2413507854255893,0.2687241743543763,0.090545524407754,0.0534402843687321,0.140885938696795,0.0551996800558091,0.1013763900404471
320,320.0,0.0483374070237167,0.2445184705338002,0.2678997227542659,0.0869933669920418,0.0539809436351077,0.1403739078319933,0.0551809247275447,0.1027152565015295
321,321.0,0.0481749149528314,0.2486839891966803,0.2671355722004441,0.0835548803750832,0.0544190468205945,0.1391137168411636,0.0551215058608392,0.1037963737523634
322,322.0,0.0487565514646963,0.2529774756624999,0.2654413251093702,0.0804962295403813,0.0549350976454813,0.1380121438790488,0.0551669185378619,0.1042142581606599
323,323.0,0.0492576897722683,0.2568413184989459,0.2636398276032712,0.0775324100155877,0.0558502250415766,0.1374633307330946,0.0551481374376301,0.1042670608976253
324,324.0,0.0497326818252413,0.2604215414864346,0.2618046636251341,0.0747346619195243,0.057163703154379,0.1369605255867567,0.055089459567832,0.1040927628346976
325,325.0,0.0501815249520645,0.263730169873081,0.2600877191228303,0.0721131330324383,0.0588244724053298,0.1363385732958004,0.0550054367853171,0.1037189705331384
326,326.0,0.050605045349316,0.2661534196791512,0.2585091342572763,0.0696819415060492,0.0613444865944532,0.1356144879382645,0.054901938289898,0.1031895463855914
327,327.0,0.0516954103985779,0.2684455270972904,0.2567725294216516,0.0673675583650402,0.0636619169672218,0.1348987528946647,0.0547063862365553,0.1024519186189978
328,328.0,0.0527342038266087,0.2707497265964682,0.2551601935738773,0.0652325205650397,0.0658251163821448,0.1341924380675329,0.0544696118166709,0.1016361891716572
329,329.0,0.0537391733319818,0.272830476199609,0.2538642742278358,0.0633028272986064,0.0678743333675992,0.1333890712310679,0.0542202723788246,0.100779571964475
330,330.0,0.0545930744465753,0.2750710932142921,0.2525957704701972,0.0615212239027725,0.0697446419416574,0.132616549923075,0.0539056965744309,0.0999519495269991
331,331.0,0.0553054690795578,0.2774053467020522,0.2514289063281892,0.0598915047154299,0.0714361976212784,0.1318252778032485,0.0535359486389979,0.0991713491112457
332,332.0,0.0565101135429921,0.2793182816993956,0.2503058848102675,0.0584149517628234,0.0729503094055949,0.1310923419763138,0.0531200354611024,0.0982880813415101
333,333.0,0.0575519333270864,0.2814453770257039,0.2493303590515781,0.0570953834901056,0.0742941218086911,0.1302734396421307,0.0526799829752991,0.0973294026794047
334,334.0,0.0582618998726475,0.2839723546800465,0.2467612657981385,0.0566888798007814,0.0758311673504077,0.1291502150705252,0.05260636879657,0.0967278486308829
335,335.0,0.0589146680388932,0.2862594936722281,0.2443920628060758,0.0564589091036163,0.0772365541811795,0.1280310601417249,0.052549190918741,0.0961580611375409
336,336.0,0.0595089851015171,0.2882028500507255,0.2421559189801875,0.056389228045215,0.0789826597406782,0.1264908296470649,0.0525089678880795,0.0957605605465321
337,337.0,0.0600253401214673,0.2895065888077527,0.2405014867035868,0.0564473237363544,0.0805289088926438,0.1251454457292047,0.0524649935713876,0.0953799124376026
338,338.0,0.0604507319843026,0.2902670869759557,0.2390080809783974,0.0565996050226922,0.0822960051276041,0.1240102136831813,0.0524002541641123,0.0949680220637542
339,339.0,0.0607910783567754,0.2909964667917644,0.2376117306690107,0.0569895288292698,0.0838350214524036,0.1229223774957098,0.0523205242560864,0.0945332721489796
340,340.0,0.0610528187911301,0.291089084021478,0.2364689245127577,0.0574565043986643,0.0854587554103495,0.1221423555862131,0.0522294386633982,0.0941021186160088
341,341.0,0.0612490499139377,0.2910714407816972,0.2354297996200168,0.0579938789487053,0.0869137114069517,0.1215373838260509,0.0521255152664438,0.0936792202361964
342,342.0,0.0613941308927311,0.2903931193324919,0.2344447452010039,0.0585943343082835,0.0882177481961874,0.1215082171092554,0.0520290210168407,0.0934186839432058
343,343.0,0.0614936124918812,0.28957840950786,0.2335185105695042,0.0592513662405188,0.089376839168813,0.1216467403598848,0.0519419157837098,0.093192605877828
344,344.0,0.0615464818929049,0.2886356540549075,0.2329029458715632,0.0599480235120245,0.0903893100563071,0.1217363962825394,0.0518505432127098,0.0929906451170435
345,345.0,0.0615647305638097,0.286742738682976,0.2324053536860116,0.0606810939342251,0.0915948680248831,0.1224363183489019,0.0517634360034477,0.0928114607557446
346,346.0,0.061545658342835,0.2847736311905796,0.2319360689432303,0.0614353380685326,0.0926615892067505,0.1233138456781389,0.0516762610684644,0.0926576075014685
347,347.0,0.0614950103445315,0.2827648111066171,0.2316370073924118,0.0622010672393116,0.0935945123719147,0.1241786411574759,0.0515972150053755,0.0925317353823619
348,348.0,0.061408378366488,0.2804029005515927,0.2312905448920292,0.0629612676388895,0.0947904094810608,0.1252122712087903,0.0515180673753049,0.0924161604858446
349,349.0,0.0612766489839644,0.2782885016365087,0.2308490122562925,0.0638267581809212,0.0957700650738237,0.1262704288810303,0.0514180657671587,0.0923005192203005
350,350.0,0.0611066022359176,0.2760400159981436,0.2303883894578643,0.0646624658451615,0.0969293366736747,0.1273825796369209,0.0513023448922778,0.0921882652600396
351,351.0,0.0609098741908527,0.2739061694331469,0.2301191253672735,0.0654691157072195,0.0979389895825945,0.128398913542854,0.0511792681868241,0.0920785439892348
352,352.0,0.0606888073648716,0.2718979984967732,0.2300878943043535,0.0662358365196456,0.0988008850089832,0.129274621368016,0.0510463433738093,0.0919676135635473
353,353.0,0.0604473503887838,0.2698764344938924,0.2299719214694902,0.0669580039319038,0.0995197908305949,0.1303173159502497,0.0509046168321033,0.0920045661029816
354,354.0,0.0601909015167265,0.2680015836994053,0.2298414590972657,0.067636793282251,0.1001030868552244,0.1312474030839782,0.0507583962704236,0.092220376194725
355,355.0,0.0599179707214635,0.2660861470840414,0.2296155426314204,0.068264200777821,0.1008636311574536,0.1322052005810726,0.0506098837466747,0.0924374233000525
356,356.0,0.0596309056531369,0.2645047875993905,0.2293507647224085,0.0688338149795566,0.1014254677677732,0.1331473578485909,0.0504571408824458,0.0926497605466973
357,357.0,0.0593242277739201,0.2632983451805444,0.2291206367515417,0.0693357130315489,0.1017784282973164,0.1338739390936842,0.0502859681467213,0.0929827417247227
358,358.0,0.0589153658620399,0.2623768098235994,0.2289350980576568,0.069749169445235,0.1022215898533824,0.1344939405132997,0.050077150781203,0.0932308756635835
359,359.0,0.0584185156916764,0.2619139241537123,0.2287726328638432,0.0700782052114107,0.1025206014240109,0.1350614957369876,0.0498355696060884,0.0933990553122703
360,360.0,0.0578384297223018,0.2611037269497088,0.2291304082508188,0.0703143387969555,0.1029549960983506,0.1354909233100379,0.0495573980320669,0.0936097788397595
361,361.0,0.0572743387179137,0.2603062323747753,0.2296633994751378,0.0705045699721393,0.1033065426178894,0.1358635358421392,0.0492932218265034,0.0937881591735018
362,362.0,0.0567273996168132,0.2595134022937431,0.2305720284058497,0.0706483977213885,0.1035769736228608,0.1360005452599301,0.0490359342584892,0.0939253188209253
363,363.0,0.0561977594742022,0.2588704070547524,0.2314198104674875,0.0707491436723982,0.1037540963264423,0.13618637186034,0.0487834420199584,0.0940389691244189
364,364.0,0.0560268945294607,0.258315826132894,0.2323629668508125,0.0708146849459516,0.1035309840119811,0.1362673407235025,0.0485420059596844,0.094139296845713
365,365.0,0.0558589545246403,0.2580393842589759,0.233367183577744,0.0708369578976222,0.103174446475957,0.136206068922734,0.048301654098478,0.0942153502438484
366,366.0,0.0557080246874964,0.2578940102268951,0.2343372839710521,0.0708202189150994,0.1027473255192085,0.1361622230589191,0.0480659247221324,0.0942649888991969
367,367.0,0.0555569208853165,0.2580617148425195,0.2352602189348477,0.0707642065680668,0.102192698663266,0.1360400427304658,0.0478354189076438,0.0942887784678737
368,368.0,0.055708869493237,0.2581537900865773,0.2362246719597708,0.0706766138571003,0.1015267826534988,0.1357928435384411,0.0476063221062145,0.0943101063051599
369,369.0,0.0558793607660343,0.2583042085361344,0.2372064350190202,0.0705664664445003,0.1008406465389392,0.1354845242526861,0.0473950991558449,0.0943232592868401
370,370.0,0.0560647280396384,0.2585054167164366,0.2379302496817558,0.0704367988199932,0.1001430662063576,0.135389172205645,0.0472018599312239,0.0943287083989493
371,371.0,0.0562338618432966,0.2589153421558497,0.2386747494488539,0.0702833791753226,0.0993787430590602,0.1351864854006428,0.0470135039158366,0.0943139350011373
372,372.0,0.0566711029291115,0.2592300781478107,0.2394355631676569,0.0701095753083223,0.0985591611835409,0.134883705556165,0.0468305654889658,0.0942802482184266
373,373.0,0.0574347187905966,0.2605186819148185,0.2404193267991307,0.0702717675609512,0.0956701259571859,0.1343320083191339,0.0478412942909196,0.0935120763672633
374,374.0,0.0580971905416028,0.2615081542188731,0.2411318782305163,0.0703483765435055,0.092701991009138,0.1338531799402983,0.0494847854692662,0.0928744440467997
