,Unnamed: 0,Total_iterations,Intertwine_two,Add_vertex,Delete_vertex,Invert_path_vertices,Insert_inside_vertex,Delete_inside_vertex
0,0.0,0.0,0.16666666666666669,0.16666666666666669,0.16666666666666669,0.16666666666666669,0.16666666666666669,0.16666666666666669
1,1.0,1.0,0.16666666666666669,0.16666666666666669,0.16666666666666669,0.16666666666666669,0.16666666666666669,0.16666666666666669
2,2.0,2.0,0.16666666666666669,0.16666666666666669,0.16666666666666669,0.16666666666666669,0.16666666666666669,0.16666666666666669
3,3.0,3.0,0.16666666666666669,0.16666666666666669,0.16666666666666669,0.16666666666666669,0.16666666666666669,0.16666666666666669
4,4.0,4.0,0.16666666666666669,0.16666666666666669,0.16666666666666669,0.16666666666666669,0.16666666666666669,0.16666666666666669
5,5.0,5.0,0.16666666666666669,0.16666666666666669,0.16666666666666669,0.16666666666666669,0.16666666666666669,0.16666666666666669
6,6.0,6.0,0.16666666666666669,0.16666666666666669,0.16666666666666669,0.16666666666666669,0.16666666666666669,0.16666666666666669
7,7.0,7.0,0.16666666666666669,0.16666666666666669,0.16666666666666669,0.16666666666666669,0.16666666666666669,0.16666666666666669
8,8.0,8.0,0.16666666666666669,0.16666666666666669,0.16666666666666669,0.16666666666666669,0.16666666666666669,0.16666666666666669
9,9.0,9.0,0.16666666666666669,0.16666666666666669,0.16666666666666669,0.16666666666666669,0.16666666666666669,0.16666666666666669
10,10.0,10.0,0.16666666666666669,0.16666666666666669,0.16666666666666669,0.16666666666666669,0.16666666666666669,0.16666666666666669
11,11.0,11.0,0.16666666666666669,0.16666666666666669,0.16666666666666669,0.16666666666666669,0.16666666666666669,0.16666666666666669
12,12.0,12.0,0.16666666666666669,0.16666666666666669,0.16666666666666669,0.16666666666666669,0.16666666666666669,0.16666666666666669
13,13.0,13.0,0.16666666666666669,0.16666666666666669,0.16666666666666669,0.16666666666666669,0.16666666666666669,0.16666666666666669
14,14.0,14.0,0.16666666666666669,0.16666666666666669,0.16666666666666669,0.16666666666666669,0.16666666666666669,0.16666666666666669
15,15.0,15.0,0.16666666666666669,0.16666666666666669,0.16666666666666669,0.16666666666666669,0.16666666666666669,0.16666666666666669
16,16.0,16.0,0.16666666666666669,0.16666666666666669,0.16666666666666669,0.16666666666666669,0.16666666666666669,0.16666666666666669
17,17.0,17.0,0.16666666666666669,0.16666666666666669,0.16666666666666669,0.16666666666666669,0.16666666666666669,0.16666666666666669
18,18.0,18.0,0.16666666666666669,0.16666666666666669,0.16666666666666669,0.16666666666666669,0.16666666666666669,0.16666666666666669
19,19.0,19.0,0.16666666666666669,0.16666666666666669,0.16666666666666669,0.16666666666666669,0.16666666666666669,0.16666666666666669
20,20.0,20.0,0.16666666666666669,0.16666666666666669,0.16666666666666669,0.16666666666666669,0.16666666666666669,0.16666666666666669
21,21.0,21.0,0.16666666666666669,0.16666666666666669,0.16666666666666669,0.16666666666666669,0.16666666666666669,0.16666666666666669
22,22.0,22.0,0.16666666666666669,0.16666666666666669,0.16666666666666669,0.16666666666666669,0.16666666666666669,0.16666666666666669
23,23.0,23.0,0.16666666666666669,0.16666666666666669,0.16666666666666669,0.16666666666666669,0.16666666666666669,0.16666666666666669
24,24.0,24.0,0.16666666666666669,0.16666666666666669,0.16666666666666669,0.16666666666666669,0.16666666666666669,0.16666666666666669
25,25.0,25.0,0.16666666666666669,0.16666666666666669,0.16666666666666669,0.16666666666666669,0.16666666666666669,0.16666666666666669
26,26.0,26.0,0.16666666666666669,0.16666666666666669,0.16666666666666669,0.16666666666666669,0.16666666666666669,0.16666666666666669
27,27.0,27.0,0.16666666666666669,0.16666666666666669,0.16666666666666669,0.16666666666666669,0.16666666666666669,0.16666666666666669
28,28.0,28.0,0.16666666666666669,0.16666666666666669,0.16666666666666669,0.16666666666666669,0.16666666666666669,0.16666666666666669
29,29.0,29.0,0.16666666666666669,0.16666666666666669,0.16666666666666669,0.16666666666666669,0.16666666666666669,0.16666666666666669
30,30.0,30.0,0.16666666666666669,0.16666666666666669,0.16666666666666669,0.16666666666666669,0.16666666666666669,0.16666666666666669
31,31.0,31.0,0.16666666666666669,0.16666666666666669,0.16666666666666669,0.16666666666666669,0.16666666666666669,0.16666666666666669
32,32.0,32.0,0.16666666666666669,0.16666666666666669,0.16666666666666669,0.16666666666666669,0.16666666666666669,0.16666666666666669
33,33.0,33.0,0.16666666666666669,0.16666666666666669,0.16666666666666669,0.16666666666666669,0.16666666666666669,0.16666666666666669
34,34.0,34.0,0.16666666666666669,0.16666666666666669,0.16666666666666669,0.16666666666666669,0.16666666666666669,0.16666666666666669
35,35.0,35.0,0.16666666666666669,0.16666666666666669,0.16666666666666669,0.16666666666666669,0.16666666666666669,0.16666666666666669
36,36.0,36.0,0.16666666666666669,0.16666666666666669,0.16666666666666669,0.16666666666666669,0.16666666666666669,0.16666666666666669
37,37.0,37.0,0.16666666666666669,0.16666666666666669,0.16666666666666669,0.16666666666666669,0.16666666666666669,0.16666666666666669
38,38.0,38.0,0.16666666666666669,0.16666666666666669,0.16666666666666669,0.16666666666666669,0.16666666666666669,0.16666666666666669
39,39.0,39.0,0.16666666666666669,0.16666666666666669,0.16666666666666669,0.16666666666666669,0.16666666666666669,0.16666666666666669
40,40.0,40.0,0.16666666666666669,0.16666666666666669,0.16666666666666669,0.16666666666666669,0.16666666666666669,0.16666666666666669
41,41.0,41.0,0.16666666666666669,0.16666666666666669,0.16666666666666669,0.16666666666666669,0.16666666666666669,0.16666666666666669
42,42.0,42.0,0.16666666666666669,0.16666666666666669,0.16666666666666669,0.16666666666666669,0.16666666666666669,0.16666666666666669
43,43.0,43.0,0.16666666666666669,0.16666666666666669,0.16666666666666669,0.16666666666666669,0.16666666666666669,0.16666666666666669
44,44.0,44.0,0.16666666666666669,0.16666666666666669,0.16666666666666669,0.16666666666666669,0.16666666666666669,0.16666666666666669
45,45.0,45.0,0.16666666666666669,0.16666666666666669,0.16666666666666669,0.16666666666666669,0.16666666666666669,0.16666666666666669
46,46.0,46.0,0.16666666666666669,0.16666666666666669,0.16666666666666669,0.16666666666666669,0.16666666666666669,0.16666666666666669
47,47.0,47.0,0.16666666666666669,0.16666666666666669,0.16666666666666669,0.16666666666666669,0.16666666666666669,0.16666666666666669
48,48.0,48.0,0.16666666666666669,0.16666666666666669,0.16666666666666669,0.16666666666666669,0.16666666666666669,0.16666666666666669
49,49.0,49.0,0.16666666666666669,0.16666666666666669,0.16666666666666669,0.16666666666666669,0.16666666666666669,0.16666666666666669
50,50.0,50.0,0.16666666666666669,0.16666666666666669,0.16666666666666669,0.16666666666666669,0.16666666666666669,0.16666666666666669
51,51.0,51.0,0.16666666666666669,0.16666666666666669,0.16666666666666669,0.16666666666666669,0.16666666666666669,0.16666666666666669
52,52.0,52.0,0.16666666666666669,0.16666666666666669,0.16666666666666669,0.16666666666666669,0.16666666666666669,0.16666666666666669
53,53.0,53.0,0.16666666666666669,0.16666666666666669,0.16666666666666669,0.16666666666666669,0.16666666666666669,0.16666666666666669
54,54.0,54.0,0.16666666666666669,0.16666666666666669,0.16666666666666669,0.16666666666666669,0.16666666666666669,0.16666666666666669
55,55.0,55.0,0.16666666666666669,0.16666666666666669,0.16666666666666669,0.16666666666666669,0.16666666666666669,0.16666666666666669
56,56.0,56.0,0.16666666666666669,0.16666666666666669,0.16666666666666669,0.16666666666666669,0.16666666666666669,0.16666666666666669
57,57.0,57.0,0.16666666666666669,0.16666666666666669,0.16666666666666669,0.16666666666666669,0.16666666666666669,0.16666666666666669
58,58.0,58.0,0.16666666666666669,0.16666666666666669,0.16666666666666669,0.16666666666666669,0.16666666666666669,0.16666666666666669
59,59.0,59.1,0.16666666666666669,0.16666666666666669,0.16666666666666669,0.16666666666666669,0.16666666666666669,0.16666666666666669
60,60.0,60.1,0.16666666666666669,0.16666666666666669,0.16666666666666669,0.16666666666666669,0.16666666666666669,0.16666666666666669
61,61.0,61.1,0.16666666666666669,0.16666666666666669,0.16666666666666669,0.16666666666666669,0.16666666666666669,0.16666666666666669
62,62.0,62.1,0.16666666666666669,0.16666666666666669,0.16666666666666669,0.16666666666666669,0.16666666666666669,0.16666666666666669
63,63.0,63.1,0.16666666666666669,0.16666666666666669,0.16666666666666669,0.16666666666666669,0.16666666666666669,0.16666666666666669
64,64.0,64.3,0.16666666666666669,0.16666666666666669,0.16666666666666669,0.16666666666666669,0.16666666666666669,0.16666666666666669
65,65.0,65.4,0.16666666666666669,0.16666666666666669,0.16666666666666669,0.16666666666666669,0.16666666666666669,0.16666666666666669
66,66.0,66.4,0.16666666666666669,0.16666666666666669,0.16666666666666669,0.16666666666666669,0.16666666666666669,0.16666666666666669
67,67.0,67.4,0.16666666666666669,0.16666666666666669,0.16666666666666669,0.16666666666666669,0.16666666666666669,0.16666666666666669
68,68.0,68.4,0.16666666666666669,0.16666666666666669,0.16666666666666669,0.16666666666666669,0.16666666666666669,0.16666666666666669
69,69.0,69.5,0.16666666666666669,0.16666666666666669,0.16666666666666669,0.16666666666666669,0.16666666666666669,0.16666666666666669
70,70.0,70.5,0.16666666666666669,0.16666666666666669,0.16666666666666669,0.16666666666666669,0.16666666666666669,0.16666666666666669
71,71.0,71.5,0.16666666666666669,0.16666666666666669,0.16666666666666669,0.16666666666666669,0.16666666666666669,0.16666666666666669
72,72.0,72.6,0.16666666666666669,0.16666666666666669,0.16666666666666669,0.16666666666666669,0.16666666666666669,0.16666666666666669
73,73.0,73.6,0.16666666666666669,0.16666666666666669,0.16666666666666669,0.16666666666666669,0.16666666666666669,0.16666666666666669
74,74.0,74.6,0.16666666666666669,0.16666666666666669,0.16666666666666669,0.16666666666666669,0.16666666666666669,0.16666666666666669
75,75.0,75.7,0.16666666666666669,0.16666666666666669,0.16666666666666669,0.16666666666666669,0.16666666666666669,0.16666666666666669
76,76.0,76.7,0.16666666666666669,0.16666666666666669,0.16666666666666669,0.16666666666666669,0.16666666666666669,0.16666666666666669
77,77.0,77.8,0.16666666666666669,0.16666666666666669,0.16666666666666669,0.16666666666666669,0.16666666666666669,0.16666666666666669
78,78.0,78.8,0.16666666666666669,0.16666666666666669,0.16666666666666669,0.16666666666666669,0.16666666666666669,0.16666666666666669
79,79.0,79.8,0.16666666666666669,0.16666666666666669,0.16666666666666669,0.16666666666666669,0.16666666666666669,0.16666666666666669
80,80.0,80.9,0.16666666666666669,0.16666666666666669,0.16666666666666669,0.16666666666666669,0.16666666666666669,0.16666666666666669
81,81.0,81.9,0.16666666666666669,0.16666666666666669,0.16666666666666669,0.16666666666666669,0.16666666666666669,0.16666666666666669
82,82.0,82.9,0.16666666666666669,0.16666666666666669,0.16666666666666669,0.16666666666666669,0.16666666666666669,0.16666666666666669
83,83.0,83.9,0.16666666666666669,0.16666666666666669,0.16666666666666669,0.16666666666666669,0.16666666666666669,0.16666666666666669
84,84.0,84.9,0.16666666666666669,0.16666666666666669,0.16666666666666669,0.16666666666666669,0.16666666666666669,0.16666666666666669
85,85.0,85.9,0.16666666666666669,0.16666666666666669,0.16666666666666669,0.16666666666666669,0.16666666666666669,0.16666666666666669
86,86.0,86.9,0.16666666666666669,0.16666666666666669,0.16666666666666669,0.16666666666666669,0.16666666666666669,0.16666666666666669
87,87.0,87.9,0.16666666666666669,0.16666666666666669,0.16666666666666669,0.16666666666666669,0.16666666666666669,0.16666666666666669
88,88.0,88.9,0.16666666666666669,0.16666666666666669,0.16666666666666669,0.16666666666666669,0.16666666666666669,0.16666666666666669
89,89.0,89.9,0.16666666666666669,0.16666666666666669,0.16666666666666669,0.16666666666666669,0.16666666666666669,0.16666666666666669
90,90.0,90.9,0.16666666666666669,0.16666666666666669,0.16666666666666669,0.16666666666666669,0.16666666666666669,0.16666666666666669
91,91.0,91.9,0.16666666666666669,0.16666666666666669,0.16666666666666669,0.16666666666666669,0.16666666666666669,0.16666666666666669
92,92.0,92.9,0.16666666666666669,0.16666666666666669,0.16666666666666669,0.16666666666666669,0.16666666666666669,0.16666666666666669
93,93.0,93.9,0.16666666666666669,0.16666666666666669,0.16666666666666669,0.16666666666666669,0.16666666666666669,0.16666666666666669
94,94.0,94.9,0.16666666666666669,0.16666666666666669,0.16666666666666669,0.16666666666666669,0.16666666666666669,0.16666666666666669
95,95.0,96.0,0.16666666666666669,0.16666666666666669,0.16666666666666669,0.16666666666666669,0.16666666666666669,0.16666666666666669
96,96.0,97.0,0.16666666666666669,0.16666666666666669,0.16666666666666669,0.16666666666666669,0.16666666666666669,0.16666666666666669
97,97.0,98.0,0.16666666666666669,0.16666666666666669,0.16666666666666669,0.16666666666666669,0.16666666666666669,0.16666666666666669
98,98.0,99.0,0.16666666666666669,0.16666666666666669,0.16666666666666669,0.16666666666666669,0.16666666666666669,0.16666666666666669
99,99.0,100.0,0.16666666666666669,0.16666666666666669,0.16666666666666669,0.16666666666666669,0.16666666666666669,0.16666666666666669
100,100.0,101.0,0.16666666666666669,0.16666666666666669,0.16666666666666669,0.16666666666666669,0.16666666666666669,0.16666666666666669
101,101.0,102.0,0.16666666666666669,0.16666666666666669,0.16666666666666669,0.16666666666666669,0.16666666666666669,0.16666666666666669
102,102.0,103.0,0.16666666666666669,0.16666666666666669,0.16666666666666669,0.16666666666666669,0.16666666666666669,0.16666666666666669
103,103.0,104.0,0.16666666666666669,0.16666666666666669,0.16666666666666669,0.16666666666666669,0.16666666666666669,0.16666666666666669
104,104.0,105.0,0.16666666666666669,0.16666666666666669,0.16666666666666669,0.16666666666666669,0.16666666666666669,0.16666666666666669
105,105.0,106.0,0.16666666666666669,0.16666666666666669,0.16666666666666669,0.16666666666666669,0.16666666666666669,0.16666666666666669
106,106.0,107.0,0.16666666666666669,0.16666666666666669,0.16666666666666669,0.16666666666666669,0.16666666666666669,0.16666666666666669
107,107.0,108.0,0.16666666666666669,0.16666666666666669,0.16666666666666669,0.16666666666666669,0.16666666666666669,0.16666666666666669
108,108.0,109.0,0.16666666666666669,0.16666666666666669,0.16666666666666669,0.16666666666666669,0.16666666666666669,0.16666666666666669
109,109.0,110.0,0.16666666666666669,0.16666666666666669,0.16666666666666669,0.16666666666666669,0.16666666666666669,0.16666666666666669
110,110.0,111.0,0.16666666666666669,0.16666666666666669,0.16666666666666669,0.16666666666666669,0.16666666666666669,0.16666666666666669
111,111.0,112.0,0.16666666666666669,0.16666666666666669,0.16666666666666669,0.16666666666666669,0.16666666666666669,0.16666666666666669
112,112.0,113.0,0.16666666666666669,0.16666666666666669,0.16666666666666669,0.16666666666666669,0.16666666666666669,0.16666666666666669
113,113.0,114.0,0.16666666666666669,0.16666666666666669,0.16666666666666669,0.16666666666666669,0.16666666666666669,0.16666666666666669
114,114.0,115.0,0.16666666666666669,0.16666666666666669,0.16666666666666669,0.16666666666666669,0.16666666666666669,0.16666666666666669
115,115.0,116.1,0.16666666666666669,0.16666666666666669,0.16666666666666669,0.16666666666666669,0.16666666666666669,0.16666666666666669
116,116.0,117.1,0.16666666666666669,0.16666666666666669,0.16666666666666669,0.16666666666666669,0.16666666666666669,0.16666666666666669
117,117.0,118.1,0.16666666666666669,0.16666666666666669,0.16666666666666669,0.16666666666666669,0.16666666666666669,0.16666666666666669
118,118.0,119.2,0.16666666666666669,0.16666666666666669,0.16666666666666669,0.16666666666666669,0.16666666666666669,0.16666666666666669
119,119.0,120.2,0.16666666666666669,0.16666666666666669,0.16666666666666669,0.16666666666666669,0.16666666666666669,0.16666666666666669
120,120.0,121.3,0.16666666666666669,0.16666666666666669,0.16666666666666669,0.16666666666666669,0.16666666666666669,0.16666666666666669
121,121.0,122.3,0.16666666666666669,0.16666666666666669,0.16666666666666669,0.16666666666666669,0.16666666666666669,0.16666666666666669
122,122.0,123.3,0.16666666666666669,0.16666666666666669,0.16666666666666669,0.16666666666666669,0.16666666666666669,0.16666666666666669
123,123.0,124.3,0.16666666666666669,0.16666666666666669,0.16666666666666669,0.16666666666666669,0.16666666666666669,0.16666666666666669
124,124.0,125.3,0.16666666666666669,0.16666666666666669,0.16666666666666669,0.16666666666666669,0.16666666666666669,0.16666666666666669
125,125.0,126.3,0.16666666666666669,0.16666666666666669,0.16666666666666669,0.16666666666666669,0.16666666666666669,0.16666666666666669
126,126.0,127.3,0.16666666666666669,0.16666666666666669,0.16666666666666669,0.16666666666666669,0.16666666666666669,0.16666666666666669
127,127.0,128.3,0.16666666666666669,0.16666666666666669,0.16666666666666669,0.16666666666666669,0.16666666666666669,0.16666666666666669
128,128.0,129.3,0.16666666666666669,0.16666666666666669,0.16666666666666669,0.16666666666666669,0.16666666666666669,0.16666666666666669
129,129.0,130.4,0.16666666666666669,0.16666666666666669,0.16666666666666669,0.16666666666666669,0.16666666666666669,0.16666666666666669
130,130.0,131.4,0.16666666666666669,0.16666666666666669,0.16666666666666669,0.16666666666666669,0.16666666666666669,0.16666666666666669
131,131.0,132.4,0.16666666666666669,0.16666666666666669,0.16666666666666669,0.16666666666666669,0.16666666666666669,0.16666666666666669
132,132.0,133.4,0.16666666666666669,0.16666666666666669,0.16666666666666669,0.16666666666666669,0.16666666666666669,0.16666666666666669
133,133.0,134.5,0.16666666666666669,0.16666666666666669,0.16666666666666669,0.16666666666666669,0.16666666666666669,0.16666666666666669
134,134.0,135.5,0.16666666666666669,0.16666666666666669,0.16666666666666669,0.16666666666666669,0.16666666666666669,0.16666666666666669
135,135.0,136.5,0.16666666666666669,0.16666666666666669,0.16666666666666669,0.16666666666666669,0.16666666666666669,0.16666666666666669
136,136.0,137.6,0.16666666666666669,0.16666666666666669,0.16666666666666669,0.16666666666666669,0.16666666666666669,0.16666666666666669
137,137.0,138.6,0.16666666666666669,0.16666666666666669,0.16666666666666669,0.16666666666666669,0.16666666666666669,0.16666666666666669
138,138.0,139.6,0.16666666666666669,0.16666666666666669,0.16666666666666669,0.16666666666666669,0.16666666666666669,0.16666666666666669
139,139.0,140.6,0.16666666666666669,0.16666666666666669,0.16666666666666669,0.16666666666666669,0.16666666666666669,0.16666666666666669
140,140.0,141.6,0.16666666666666669,0.16666666666666669,0.16666666666666669,0.16666666666666669,0.16666666666666669,0.16666666666666669
141,141.0,142.6,0.16666666666666669,0.16666666666666669,0.16666666666666669,0.16666666666666669,0.16666666666666669,0.16666666666666669
142,142.0,143.6,0.16666666666666669,0.16666666666666669,0.16666666666666669,0.16666666666666669,0.16666666666666669,0.16666666666666669
143,143.0,144.6,0.16666666666666669,0.16666666666666669,0.16666666666666669,0.16666666666666669,0.16666666666666669,0.16666666666666669
144,144.0,145.6,0.16666666666666669,0.16666666666666669,0.16666666666666669,0.16666666666666669,0.16666666666666669,0.16666666666666669
145,145.0,146.7,0.16666666666666669,0.16666666666666669,0.16666666666666669,0.16666666666666669,0.16666666666666669,0.16666666666666669
146,146.0,147.8,0.16666666666666669,0.16666666666666669,0.16666666666666669,0.16666666666666669,0.16666666666666669,0.16666666666666669
147,147.0,148.9,0.16666666666666669,0.16666666666666669,0.16666666666666669,0.16666666666666669,0.16666666666666669,0.16666666666666669
148,148.0,149.9,0.16666666666666669,0.16666666666666669,0.16666666666666669,0.16666666666666669,0.16666666666666669,0.16666666666666669
149,149.0,150.9,0.16666666666666669,0.16666666666666669,0.16666666666666669,0.16666666666666669,0.16666666666666669,0.16666666666666669
150,150.0,151.9,0.16666666666666669,0.16666666666666669,0.16666666666666669,0.16666666666666669,0.16666666666666669,0.16666666666666669
151,151.0,152.9,0.16666666666666669,0.16666666666666669,0.16666666666666669,0.16666666666666669,0.16666666666666669,0.16666666666666669
152,152.0,153.9,0.16666666666666669,0.16666666666666669,0.16666666666666669,0.16666666666666669,0.16666666666666669,0.16666666666666669
153,153.0,154.9,0.16666666666666669,0.16666666666666669,0.16666666666666669,0.16666666666666669,0.16666666666666669,0.16666666666666669
154,154.0,155.9,0.16666666666666669,0.16666666666666669,0.16666666666666669,0.16666666666666669,0.16666666666666669,0.16666666666666669
155,155.0,156.9,0.16666666666666669,0.16666666666666669,0.16666666666666669,0.16666666666666669,0.16666666666666669,0.16666666666666669
156,156.0,157.9,0.16666666666666669,0.16666666666666669,0.16666666666666669,0.16666666666666669,0.16666666666666669,0.16666666666666669
157,157.0,158.9,0.16666666666666669,0.16666666666666669,0.16666666666666669,0.16666666666666669,0.16666666666666669,0.16666666666666669
158,158.0,159.9,0.16666666666666669,0.16666666666666669,0.16666666666666669,0.16666666666666669,0.16666666666666669,0.16666666666666669
159,159.0,160.9,0.16666666666666669,0.16666666666666669,0.16666666666666669,0.16666666666666669,0.16666666666666669,0.16666666666666669
160,160.0,161.9,0.16666666666666669,0.16666666666666669,0.16666666666666669,0.16666666666666669,0.16666666666666669,0.16666666666666669
161,161.0,162.9,0.16666666666666669,0.16666666666666669,0.16666666666666669,0.16666666666666669,0.16666666666666669,0.16666666666666669
162,162.0,163.9,0.16666666666666669,0.16666666666666669,0.16666666666666669,0.16666666666666669,0.16666666666666669,0.16666666666666669
163,163.0,165.0,0.16666666666666669,0.16666666666666669,0.16666666666666669,0.16666666666666669,0.16666666666666669,0.16666666666666669
164,164.0,166.0,0.16666666666666669,0.16666666666666669,0.16666666666666669,0.16666666666666669,0.16666666666666669,0.16666666666666669
165,165.0,167.0,0.16666666666666669,0.16666666666666669,0.16666666666666669,0.16666666666666669,0.16666666666666669,0.16666666666666669
166,166.0,168.0,0.16666666666666669,0.16666666666666669,0.16666666666666669,0.16666666666666669,0.16666666666666669,0.16666666666666669
167,167.0,169.0,0.16666666666666669,0.16666666666666669,0.16666666666666669,0.16666666666666669,0.16666666666666669,0.16666666666666669
168,168.0,170.0,0.16666666666666669,0.16666666666666669,0.16666666666666669,0.16666666666666669,0.16666666666666669,0.16666666666666669
169,169.0,171.0,0.16666666666666669,0.16666666666666669,0.16666666666666669,0.16666666666666669,0.16666666666666669,0.16666666666666669
170,170.0,172.0,0.16666666666666669,0.16666666666666669,0.16666666666666669,0.16666666666666669,0.16666666666666669,0.16666666666666669
171,171.0,173.1,0.16666666666666669,0.16666666666666669,0.16666666666666669,0.16666666666666669,0.16666666666666669,0.16666666666666669
172,172.0,174.1,0.16666666666666669,0.16666666666666669,0.16666666666666669,0.16666666666666669,0.16666666666666669,0.16666666666666669
173,173.0,175.1,0.16666666666666669,0.16666666666666669,0.16666666666666669,0.16666666666666669,0.16666666666666669,0.16666666666666669
174,174.0,176.2,0.16666666666666669,0.16666666666666669,0.16666666666666669,0.16666666666666669,0.16666666666666669,0.16666666666666669
175,175.0,177.2,0.16666666666666669,0.16666666666666669,0.16666666666666669,0.16666666666666669,0.16666666666666669,0.16666666666666669
176,176.0,178.2,0.16666666666666669,0.16666666666666669,0.16666666666666669,0.16666666666666669,0.16666666666666669,0.16666666666666669
177,177.0,179.3,0.16666666666666669,0.16666666666666669,0.16666666666666669,0.16666666666666669,0.16666666666666669,0.16666666666666669
178,178.0,180.3,0.16666666666666669,0.16666666666666669,0.16666666666666669,0.16666666666666669,0.16666666666666669,0.16666666666666669
179,179.0,181.3,0.16666666666666669,0.16666666666666669,0.16666666666666669,0.16666666666666669,0.16666666666666669,0.16666666666666669
180,180.0,182.3,0.16666666666666669,0.16666666666666669,0.16666666666666669,0.16666666666666669,0.16666666666666669,0.16666666666666669
181,181.0,183.3,0.16666666666666669,0.16666666666666669,0.16666666666666669,0.16666666666666669,0.16666666666666669,0.16666666666666669
182,182.0,184.3,0.16666666666666669,0.16666666666666669,0.16666666666666669,0.16666666666666669,0.16666666666666669,0.16666666666666669
183,183.0,185.3,0.16666666666666669,0.16666666666666669,0.16666666666666669,0.16666666666666669,0.16666666666666669,0.16666666666666669
184,184.0,186.3,0.16666666666666669,0.16666666666666669,0.16666666666666669,0.16666666666666669,0.16666666666666669,0.16666666666666669
185,185.0,187.3,0.16666666666666669,0.16666666666666669,0.16666666666666669,0.16666666666666669,0.16666666666666669,0.16666666666666669
186,186.0,188.3,0.16666666666666669,0.16666666666666669,0.16666666666666669,0.16666666666666669,0.16666666666666669,0.16666666666666669
187,187.0,189.3,0.16666666666666669,0.16666666666666669,0.16666666666666669,0.16666666666666669,0.16666666666666669,0.16666666666666669
188,188.0,190.3,0.16666666666666669,0.16666666666666669,0.16666666666666669,0.16666666666666669,0.16666666666666669,0.16666666666666669
189,189.0,191.3,0.16666666666666669,0.16666666666666669,0.16666666666666669,0.16666666666666669,0.16666666666666669,0.16666666666666669
190,190.0,192.3,0.16666666666666669,0.16666666666666669,0.16666666666666669,0.16666666666666669,0.16666666666666669,0.16666666666666669
191,191.0,193.3,0.16666666666666669,0.16666666666666669,0.16666666666666669,0.16666666666666669,0.16666666666666669,0.16666666666666669
192,192.0,194.4,0.16666666666666669,0.16666666666666669,0.16666666666666669,0.16666666666666669,0.16666666666666669,0.16666666666666669
193,193.0,195.5,0.16666666666666669,0.16666666666666669,0.16666666666666669,0.16666666666666669,0.16666666666666669,0.16666666666666669
194,194.0,196.5,0.16666666666666669,0.16666666666666669,0.16666666666666669,0.16666666666666669,0.16666666666666669,0.16666666666666669
195,195.0,197.5,0.16666666666666669,0.16666666666666669,0.16666666666666669,0.16666666666666669,0.16666666666666669,0.16666666666666669
196,196.0,198.5,0.16666666666666669,0.16666666666666669,0.16666666666666669,0.16666666666666669,0.16666666666666669,0.16666666666666669
197,197.0,199.5,0.16666666666666669,0.16666666666666669,0.16666666666666669,0.16666666666666669,0.16666666666666669,0.16666666666666669
198,198.0,200.5,0.1642857142857143,0.1642857142857143,0.1785714285714286,0.1642857142857143,0.1642857142857143,0.1642857142857143
199,199.0,201.5,0.1642857142857143,0.1642857142857143,0.1785714285714286,0.1642857142857143,0.1642857142857143,0.1642857142857143
200,200.0,202.6,0.1595238095238095,0.1738095238095238,0.18809523809523812,0.1595238095238095,0.1595238095238095,0.1595238095238095
201,201.0,203.6,0.15714285714285714,0.17142857142857143,0.2,0.15714285714285714,0.15714285714285714,0.15714285714285714
202,202.0,204.6,0.16904761904761906,0.16904761904761906,0.1976190476190476,0.15476190476190474,0.15476190476190474,0.15476190476190474
203,203.0,205.6,0.16547619047619047,0.15297619047619046,0.22261904761904758,0.15297619047619046,0.15297619047619046,0.15297619047619046
204,204.0,206.6,0.16547619047619047,0.15297619047619046,0.22261904761904758,0.15297619047619046,0.15297619047619046,0.15297619047619046
205,205.0,207.6,0.16176065162907266,0.15136591478696743,0.22027568922305765,0.15031328320802004,0.1524185463659148,0.1638659147869674
206,206.0,208.6,0.1742606516290727,0.14958020050125315,0.2024185463659148,0.14852756892230576,0.16313283208020052,0.16208020050125313
207,207.0,209.6,0.1603717627401838,0.14924394319131162,0.22325187969924812,0.14713868003341687,0.16035505430242275,0.15963868003341689
208,208.0,210.6,0.15375,0.1454166666666667,0.236875,0.14229166666666668,0.166875,0.1547916666666667
209,209.0,211.7,0.1526905654482974,0.14534520462355513,0.2330560762261793,0.14122149328334893,0.17396516713527024,0.15372149328334894
210,210.0,212.7,0.16405122655122656,0.14554215625644196,0.2190166975881261,0.15574623788909503,0.17418315811172952,0.14146052360338074
211,211.0,213.7,0.15944805194805195,0.14205009276437847,0.2375881261595547,0.15225417439703154,0.17069109461966606,0.13796846011131725
212,212.0,214.7,0.15667027417027418,0.13964079571222426,0.24731034838177696,0.15086528550814265,0.16893372500515358,0.13657957122242836
213,213.0,215.7,0.15488455988455987,0.13785508142650998,0.25623891981034835,0.13479385693671408,0.18143372500515356,0.13479385693671408
214,214.0,216.7,0.1517099567099567,0.13468047825190682,0.26278653885796743,0.1305988455988456,0.1774938157081014,0.14273036487322205
215,215.0,217.7,0.1517099567099567,0.13468047825190682,0.26278653885796743,0.1305988455988456,0.1774938157081014,0.14273036487322205
216,216.0,218.7,0.13400793650793652,0.13808956916099774,0.2961451247165533,0.13400793650793652,0.15160997732426304,0.1461394557823129
217,217.0,219.8,0.13150793650793652,0.14670068027210886,0.2864229024943311,0.13150793650793652,0.14910997732426304,0.15475056689342404
218,218.0,220.8,0.13998737373737374,0.15971590909090908,0.26871843434343434,0.13089646464646465,0.1475631313131313,0.15311868686868688
219,219.0,221.8,0.13847222222222222,0.15895833333333328,0.27326388888888886,0.1301388888888889,0.14680555555555555,0.1523611111111111
220,220.0,223.0,0.13719017094017094,0.15831730769230765,0.27711004273504275,0.12949786324786325,0.1461645299145299,0.15172008547008548
221,221.0,224.0,0.13343253968253968,0.16622023809523806,0.2825892857142857,0.13740079365079366,0.1429563492063492,0.13740079365079366
222,222.0,225.0,0.13343253968253968,0.16622023809523806,0.2825892857142857,0.13740079365079366,0.1429563492063492,0.13740079365079366
223,223.0,226.0,0.13232142857142856,0.16510912698412697,0.2792559523809524,0.14517857142857143,0.1418452380952381,0.13628968253968254
224,224.0,227.0,0.12517857142857142,0.16510912698412697,0.29750992063492065,0.14517857142857143,0.1418452380952381,0.12517857142857142
225,225.0,228.0,0.12517857142857142,0.16510912698412697,0.29750992063492065,0.14517857142857143,0.1418452380952381,0.12517857142857142
226,226.0,229.0,0.12517857142857142,0.16510912698412697,0.29750992063492065,0.14517857142857143,0.1418452380952381,0.12517857142857142
227,227.0,230.0,0.13628968253968254,0.17225198412698411,0.2792559523809524,0.14517857142857143,0.1418452380952381,0.12517857142857142
228,228.0,231.1,0.13600288600288601,0.17423520923520924,0.26830086580086576,0.14602813852813853,0.1516774891774892,0.12375541125541126
229,229.0,232.1,0.13917748917748918,0.1774098124098124,0.25242784992784995,0.1492027417027417,0.15485209235209235,0.12693001443001445
230,230.0,233.1,0.1402886002886003,0.1785209235209235,0.25576118326118324,0.14142496392496393,0.15596320346320347,0.12804112554112554
231,231.0,234.1,0.13917748917748918,0.17074314574314575,0.25909451659451654,0.1492027417027417,0.15485209235209235,0.12693001443001445
232,232.0,235.1,0.13917748917748918,0.17074314574314575,0.25909451659451654,0.1492027417027417,0.15485209235209235,0.12693001443001445
233,233.0,236.1,0.1367965367965368,0.16836219336219338,0.2709992784992785,0.14682178932178933,0.15247113997113998,0.12454906204906206
234,234.0,237.1,0.13280844155844157,0.17687409812409813,0.28022546897546896,0.14283369408369412,0.14669733044733044,0.12056096681096681
235,235.0,238.1,0.135327964519141,0.16856325863678806,0.27492880485527543,0.14656979458450048,0.15039332399626518,0.12421685340802988
236,236.0,239.1,0.1333780915466962,0.17901762643041713,0.2711521779254337,0.14459256183093394,0.1484297711332595,0.12342977113325951
237,237.0,240.1,0.13060031376891842,0.17485095976375048,0.26420773348098925,0.15292589516426727,0.15676310446659286,0.12065199335548174
238,238.0,241.1,0.12990586932447395,0.17415651531930604,0.2587910668143226,0.15223145071982283,0.16495754891103728,0.1199575489110373
239,239.0,242.1,0.12990586932447395,0.17415651531930604,0.2587910668143226,0.15223145071982283,0.16495754891103728,0.1199575489110373
240,240.0,243.1,0.12196936138796603,0.16622000738279807,0.25085455887781466,0.155406053894426,0.18241786637135476,0.12313215208564046
241,241.0,244.1,0.12174507554025626,0.16388028303690955,0.25030885446548096,0.15647064448269266,0.18344042838018743,0.12415471409447314
242,242.0,245.1,0.12174507554025626,0.16388028303690955,0.25030885446548096,0.15647064448269266,0.18344042838018743,0.12415471409447314
243,243.0,246.2,0.12146729776247848,0.17332472748135397,0.2411421877988143,0.15841508892713713,0.18177376171352072,0.12387693631669536
244,244.0,247.2,0.12146729776247848,0.17332472748135397,0.2411421877988143,0.15841508892713713,0.18177376171352072,0.12387693631669536
245,245.0,248.2,0.13753872633390704,0.16261044176706824,0.24292790208452858,0.1602008032128514,0.17105947599923502,0.12566265060240964
246,246.0,249.2,0.13892761522279598,0.16399933065595715,0.23320567986230634,0.16436746987951806,0.1724483648881239,0.12705153949129852
247,247.0,250.3,0.14331349206349206,0.17263888888888887,0.2428174603174603,0.1651388888888889,0.14456349206349206,0.13152777777777777
248,248.0,251.3,0.12902777777777777,0.17263888888888887,0.25710317460317456,0.1651388888888889,0.14456349206349206,0.13152777777777777
249,249.0,252.3,0.12763888888888889,0.17958333333333332,0.25571428571428567,0.16375,0.14317460317460318,0.1301388888888889
250,250.0,253.4,0.12818833943833943,0.20211080586080582,0.24527472527472524,0.16429945054945055,0.12943833943833943,0.13068833943833943
251,251.0,254.4,0.12854090354090353,0.20265567765567766,0.24578754578754575,0.16465201465201465,0.12854090354090353,0.12982295482295483
252,252.0,255.4,0.12854090354090353,0.20265567765567766,0.24578754578754575,0.16465201465201465,0.12854090354090353,0.12982295482295483
253,253.0,256.4,0.12904456654456653,0.20444139194139194,0.2381410256410256,0.16643772893772893,0.13032661782661784,0.1316086691086691
254,254.0,257.4,0.13043345543345541,0.1947191697191697,0.25163308913308907,0.1442155067155067,0.13171550671550672,0.1472832722832723
255,255.0,258.4,0.13027117046104386,0.19444328526607008,0.25135720467998945,0.144036993245854,0.131536993245854,0.14835435310118855
256,256.0,259.4,0.1336899738798473,0.212392003214788,0.21973327305605786,0.1474557966646574,0.13495579666465743,0.15177315651999196
257,257.0,260.4,0.14618997387984728,0.212392003214788,0.20723327305605785,0.1474557966646574,0.13495579666465743,0.15177315651999196
258,258.0,261.4,0.14635225885225883,0.21266788766788763,0.2192307692307692,0.14763431013431014,0.13513431013431015,0.138980463980464
259,259.0,262.5,0.144404259594133,0.22310628892907372,0.21668173598553345,0.14567008237894313,0.13317008237894315,0.13696755073337352
260,260.0,263.5,0.14313492063492064,0.2295039682539682,0.2142063492063492,0.14438492063492064,0.13188492063492066,0.13688492063492064
261,261.0,264.5,0.1461552028218695,0.21336860670193997,0.21836860670194,0.14738977072310405,0.13488977072310407,0.13982804232804233
262,262.0,265.5,0.15794091710758376,0.21694003527336853,0.1976543209876543,0.14917548500881833,0.13667548500881835,0.1416137566137566
263,263.0,266.5,0.15615520282186948,0.22586860670193998,0.19710317460317459,0.14738977072310405,0.1336552028218695,0.13982804232804233
264,264.0,267.5,0.1560046457607433,0.22561265969802552,0.1825464576074332,0.14844367015098722,0.14779036004645763,0.1396022067363531
265,265.0,268.5,0.1452903600464576,0.2131126596980255,0.18611788617886177,0.1502293844367015,0.1638617886178862,0.14138792102206738
266,266.0,269.5,0.14350464576074332,0.21132694541231123,0.1825464576074332,0.14844367015098722,0.17457607433217193,0.1396022067363531
267,267.0,270.6,0.14350464576074332,0.21132694541231123,0.1825464576074332,0.14844367015098722,0.17457607433217193,0.1396022067363531
268,268.0,271.6,0.1377903600464576,0.19989837398373983,0.1868321718931475,0.16701509872241577,0.16457607433217186,0.14388792102206735
269,269.0,272.6,0.1377903600464576,0.19989837398373983,0.1868321718931475,0.16701509872241577,0.16457607433217186,0.14388792102206735
270,270.0,273.6,0.1360046457607433,0.19811265969802555,0.1850464576074332,0.1634436701509872,0.1752903600464576,0.14210220673635307
271,271.0,274.6,0.15207607433217188,0.19989837398373983,0.17433217189314748,0.1652293844367015,0.16457607433217186,0.14388792102206735
272,272.0,275.6,0.15921893147502902,0.19632694541231127,0.17076074332171892,0.16165795586527293,0.15921893147502902,0.1528164924506388
273,273.0,276.6,0.15505226480836237,0.1949380565234224,0.16937185443283004,0.16026906697638404,0.16894115369725124,0.1514276035617499
274,274.0,277.6,0.15505226480836237,0.1949380565234224,0.16937185443283004,0.16026906697638404,0.16894115369725124,0.1514276035617499
275,275.0,278.6,0.15505226480836237,0.1949380565234224,0.16937185443283004,0.16026906697638404,0.16894115369725124,0.1514276035617499
276,276.0,279.6,0.15505226480836237,0.20922377080913662,0.15508614014711575,0.16026906697638404,0.16894115369725124,0.1514276035617499
277,277.0,280.7,0.15505226480836237,0.20922377080913662,0.16619725125822687,0.16026906697638404,0.15783004258614014,0.1514276035617499
278,278.0,281.7,0.1663160469667319,0.19338443139813005,0.18181941726462275,0.1620732767993042,0.1454636877582083,0.15094313981300284
279,279.0,282.7,0.15327112827112827,0.20340519090519088,0.17971900471900473,0.16006542256542255,0.1546224796224796,0.1489167739167739
280,280.0,283.7,0.15104890604890603,0.20229407979407976,0.18749678249678248,0.15895431145431144,0.1524002574002574,0.14780566280566282
281,281.0,284.8,0.14827112827112826,0.20225654225654224,0.19721900471900472,0.15756542256542255,0.1510113685113685,0.14367653367653366
282,282.0,285.8,0.15005684255684254,0.17904225654225653,0.199004719004719,0.15935113685113683,0.1527970827970828,0.15974796224796223
283,283.0,286.8,0.14827112827112826,0.18975654225654226,0.19543329043329044,0.15756542256542255,0.1510113685113685,0.15796224796224795
284,284.0,287.9,0.14688223938223938,0.1869787644787645,0.20376662376662374,0.15617653367653367,0.14962247962247963,0.15657335907335906
285,285.0,288.9,0.14688223938223938,0.1869787644787645,0.21805233805233804,0.15617653367653367,0.14962247962247963,0.14228764478764477
286,286.0,290.0,0.15045366795366794,0.17983590733590732,0.22340948090948087,0.14724796224796224,0.1531939081939082,0.14585907335907333
287,287.0,291.0,0.16751716001716002,0.19193908193908193,0.22618725868725864,0.13613685113685112,0.14208279708279709,0.13613685113685112
288,288.0,292.0,0.16751716001716002,0.17765336765336764,0.24047297297297296,0.13613685113685112,0.14208279708279709,0.13613685113685112
289,289.0,293.1,0.1714751552795031,0.16983436853002068,0.23592650103519666,0.13758799171842648,0.14613871635610765,0.13903726708074532
290,290.0,294.1,0.16968944099378883,0.1680486542443064,0.2448550724637681,0.1358022774327122,0.14435300207039337,0.13725155279503104
291,291.0,295.1,0.15401483781918562,0.16665976535541752,0.2660852311939268,0.13441338854382331,0.14296411318150448,0.13586266390614216
292,292.0,296.1,0.15111801242236023,0.17626293995859213,0.25806935817805376,0.13151656314699794,0.1500672877846791,0.13296583850931679
293,293.0,297.1,0.15290372670807453,0.1673343685300207,0.25985507246376804,0.13330227743271222,0.15185300207039337,0.13475155279503107
294,294.0,298.1,0.14449463579898364,0.16713956333521549,0.26030961791831353,0.1348931865236213,0.14253482025221156,0.15062817617165442
295,295.0,299.1,0.1293839493839494,0.1666916416916417,0.2599508824508824,0.133999333999334,0.14155178155178155,0.1684224109224109
296,296.0,300.1,0.12561410811410811,0.1883186258186258,0.2561810411810411,0.13022949272949272,0.13778194028194027,0.16187479187479187
