,Unnamed: 0,Total_iterations,Intertwine_two,Add_vertex,Delete_vertex,Invert_path_vertices,Insert_inside_vertex,Delete_inside_vertex
0,0.0,0.0,0.16666666666666669,0.16666666666666669,0.16666666666666669,0.16666666666666669,0.16666666666666669,0.16666666666666669
1,1.0,0.10900000000000001,0.16666666666666669,0.16666666666666669,0.16666666666666669,0.16666666666666669,0.16666666666666669,0.16666666666666669
2,2.0,0.31601,0.16666666666666669,0.16666666666666669,0.16666666666666669,0.16666666666666669,0.16666666666666669,0.16666666666666669
3,3.0,0.6191589000000001,0.16666666666666669,0.16666666666666669,0.16666666666666669,0.16666666666666669,0.16666666666666669,0.16666666666666669
4,4.0,1.015801321,0.16666666666666669,0.16666666666666669,0.16666666666666669,0.16666666666666669,0.16666666666666669,0.16666666666666669
5,5.0,1.50262148669,0.16666666666666669,0.16666666666666669,0.16666666666666669,0.16666666666666669,0.16666666666666669,0.16666666666666669
6,6.0,2.0757334209441005,0.16666666666666669,0.16666666666666669,0.16666666666666669,0.16666666666666669,0.16666666666666669,0.16666666666666669
7,7.0,2.7307768275633495,0.16666666666666669,0.16666666666666669,0.16666666666666669,0.16666666666666669,0.16666666666666669,0.16666666666666669
8,8.0,3.4630081252450404,0.16666666666666669,0.16666666666666669,0.16666666666666669,0.16666666666666669,0.16666666666666669,0.16666666666666669
9,9.0,4.2673862119061114,0.16666666666666669,0.16666666666666669,0.16666666666666669,0.16666666666666669,0.16666666666666669,0.16666666666666669
10,10.0,5.138652627782014,0.16666666666666669,0.16666666666666669,0.16666666666666669,0.16666666666666669,0.16666666666666669,0.16666666666666669
11,11.0,6.071405875792507,0.16666666666666669,0.16666666666666669,0.16666666666666669,0.16666666666666669,0.16666666666666669,0.16666666666666669
12,12.0,7.060169740244025,0.16666666666666669,0.16666666666666669,0.16666666666666669,0.16666666666666669,0.16666666666666669,0.16666666666666669
13,13.0,8.099455520847952,0.16666666666666669,0.16666666666666669,0.16666666666666669,0.16666666666666669,0.16666666666666669,0.16666666666666669
14,14.0,9.183818168183006,0.16666666666666669,0.16666666666666669,0.16666666666666669,0.16666666666666669,0.16666666666666669,0.16666666666666669
15,15.0,10.307906369102724,0.16666666666666669,0.16666666666666669,0.16666666666666669,0.16666666666666669,0.16666666666666669,0.16666666666666669
16,16.0,11.466506686239443,0.16666666666666669,0.16666666666666669,0.16666666666666669,0.16666666666666669,0.16666666666666669,0.16666666666666669
17,17.0,12.654581904800096,0.16666666666666669,0.16666666666666669,0.16666666666666669,0.16666666666666669,0.16666666666666669,0.16666666666666669
18,18.0,13.867303782456686,0.16666666666666669,0.16666666666666669,0.16666666666666669,0.16666666666666669,0.16666666666666669,0.16666666666666669
19,19.0,15.100080434523047,0.16666666666666669,0.16666666666666669,0.16666666666666669,0.16666666666666669,0.16666666666666669,0.16666666666666669
20,20.0,16.348578617037543,0.16666666666666669,0.16666666666666669,0.16666666666666669,0.16666666666666669,0.16666666666666669,0.16666666666666669
21,21.0,17.608741195130214,0.16666666666666669,0.16666666666666669,0.16666666666666669,0.16666666666666669,0.16666666666666669,0.16666666666666669
22,22.0,18.876800103462312,0.16666666666666669,0.16666666666666669,0.16666666666666669,0.16666666666666669,0.16666666666666669,0.16666666666666669
23,23.0,20.14928511992658,0.16666666666666669,0.16666666666666669,0.16666666666666669,0.16666666666666669,0.16666666666666669,0.16666666666666669
24,24.0,21.423028783545156,0.16666666666666669,0.16666666666666669,0.16666666666666669,0.16666666666666669,0.16666666666666669,0.16666666666666669
25,25.0,22.695167792966423,0.16666666666666669,0.16666666666666669,0.16666666666666669,0.16666666666666669,0.16666666666666669,0.16666666666666669
26,26.0,23.963141223515898,0.16666666666666669,0.16666666666666669,0.16666666666666669,0.16666666666666669,0.16666666666666669,0.16666666666666669
27,27.0,25.224685898775267,0.16666666666666669,0.16666666666666669,0.16666666666666669,0.16666666666666669,0.16666666666666669,0.16666666666666669
28,28.0,26.477829247520948,0.16666666666666669,0.16666666666666669,0.16666666666666669,0.16666666666666669,0.16666666666666669,0.16666666666666669
29,29.0,27.720879968916847,0.16666666666666669,0.16666666666666669,0.16666666666666669,0.16666666666666669,0.16666666666666669,0.16666666666666669
30,30.0,28.95241681848399,0.16666666666666669,0.16666666666666669,0.16666666666666669,0.16666666666666669,0.16666666666666669,0.16666666666666669
31,31.0,30.17127581490958,0.16666666666666669,0.16666666666666669,0.16666666666666669,0.16666666666666669,0.16666666666666669,0.16666666666666669
32,32.0,31.376536153543515,0.16666666666666669,0.16666666666666669,0.16666666666666669,0.16666666666666669,0.16666666666666669,0.16666666666666669
33,33.0,32.567505096778625,0.16666666666666669,0.16666666666666669,0.16666666666666669,0.16666666666666669,0.16666666666666669,0.16666666666666669
34,34.0,33.74370209472243,0.16666666666666669,0.16666666666666669,0.16666666666666669,0.16666666666666669,0.16666666666666669,0.16666666666666669
35,35.0,34.90484237192463,0.16666666666666669,0.16666666666666669,0.16666666666666669,0.16666666666666669,0.16666666666666669,0.16666666666666669
36,36.0,36.05082019768737,0.16666666666666669,0.16666666666666669,0.16666666666666669,0.16666666666666669,0.16666666666666669,0.16666666666666669
37,37.0,37.18169203889697,0.16666666666666669,0.16666666666666669,0.16666666666666669,0.16666666666666669,0.16666666666666669,0.16666666666666669
38,38.0,38.29765977559663,0.16666666666666669,0.16666666666666669,0.16666666666666669,0.16666666666666669,0.16666666666666669,0.16666666666666669
39,39.0,39.399054140870355,0.16666666666666669,0.16666666666666669,0.16666666666666669,0.16666666666666669,0.16666666666666669,0.16666666666666669
40,40.0,40.48631852820801,0.16666666666666669,0.16666666666666669,0.16666666666666669,0.16666666666666669,0.16666666666666669,0.16666666666666669
41,41.0,41.55999329152982,0.16666666666666669,0.16666666666666669,0.16666666666666669,0.16666666666666669,0.16666666666666669,0.16666666666666669
42,42.0,42.62070064560415,0.16666666666666669,0.16666666666666669,0.16666666666666669,0.16666666666666669,0.16666666666666669,0.16666666666666669
43,43.0,43.669130257815,0.16666666666666669,0.16666666666666669,0.16666666666666669,0.16666666666666669,0.16666666666666669,0.16666666666666669
44,44.0,44.70602560622662,0.16666666666666669,0.16666666666666669,0.16666666666666669,0.16666666666666669,0.16666666666666669,0.16666666666666669
45,45.0,45.73217116373481,0.16666666666666669,0.16666666666666669,0.16666666666666669,0.16666666666666669,0.16666666666666669,0.16666666666666669
46,46.0,46.748380453854836,0.16666666666666669,0.16666666666666669,0.16666666666666669,0.16666666666666669,0.16666666666666669,0.16666666666666669
47,47.0,47.755485010424316,0.16666666666666669,0.16666666666666669,0.16666666666666669,0.16666666666666669,0.16666666666666669,0.16666666666666669
48,48.0,48.7543242612326,0.16666666666666669,0.16666666666666669,0.16666666666666669,0.16666666666666669,0.16666666666666669,0.16666666666666669
49,49.0,49.745736344347726,0.16666666666666669,0.16666666666666669,0.16666666666666669,0.16666666666666669,0.16666666666666669,0.16666666666666669
50,50.0,50.730549855707864,0.16666666666666669,0.16666666666666669,0.16666666666666669,0.16666666666666669,0.16666666666666669,0.16666666666666669
51,51.0,51.70957651737491,0.16666666666666669,0.16666666666666669,0.16666666666666669,0.16666666666666669,0.16666666666666669,0.16666666666666669
52,52.0,52.68360474770151,0.16666666666666669,0.16666666666666669,0.16666666666666669,0.16666666666666669,0.16666666666666669,0.16666666666666669
53,53.0,53.65339410751842,0.16666666666666669,0.16666666666666669,0.16666666666666669,0.16666666666666669,0.16666666666666669,0.16666666666666669
54,54.0,54.61967059027847,0.16666666666666669,0.16666666666666669,0.16666666666666669,0.16666666666666669,0.16666666666666669,0.16666666666666669
55,55.0,55.58312271885972,0.16666666666666669,0.16666666666666669,0.16666666666666669,0.16666666666666669,0.16666666666666669,0.16666666666666669
56,56.0,56.544398407394254,0.16666666666666669,0.16666666666666669,0.16666666666666669,0.16666666666666669,0.16666666666666669,0.16666666666666669
57,57.0,57.504102543001395,0.16666666666666669,0.16666666666666669,0.16666666666666669,0.16666666666666669,0.16666666666666669,0.16666666666666669
58,58.0,58.462795239617805,0.16666666666666669,0.16666666666666669,0.16666666666666669,0.16666666666666669,0.16666666666666669,0.16666666666666669
59,59.0,59.43099071417639,0.16666666666666669,0.16666666666666669,0.16666666666666669,0.16666666666666669,0.16666666666666669,0.16666666666666669
60,60.0,60.39905673413735,0.16666666666666669,0.16666666666666669,0.16666666666666669,0.16666666666666669,0.16666666666666669,0.16666666666666669
61,61.0,61.36732558476085,0.16666666666666669,0.16666666666666669,0.16666666666666669,0.16666666666666669,0.16666666666666669,0.16666666666666669
62,62.0,62.336094294474385,0.16666666666666669,0.16666666666666669,0.16666666666666669,0.16666666666666669,0.16666666666666669,0.16666666666666669
63,63.0,63.305625190271826,0.16666666666666669,0.16666666666666669,0.16666666666666669,0.16666666666666669,0.16666666666666669,0.16666666666666669
64,64.0,64.2961467445868,0.16666666666666669,0.16666666666666669,0.16666666666666669,0.16666666666666669,0.16666666666666669,0.16666666666666669
65,65.0,65.29765467602442,0.16666666666666669,0.16666666666666669,0.16666666666666669,0.16666666666666669,0.16666666666666669,0.16666666666666669
66,66.0,66.30003526755803,0.16666666666666669,0.16666666666666669,0.16666666666666669,0.16666666666666669,0.16666666666666669,0.16666666666666669
67,67.0,67.3031774472627,0.16666666666666669,0.16666666666666669,0.16666666666666669,0.16666666666666669,0.16666666666666669,0.16666666666666669
68,68.0,68.30697363452427,0.16666666666666669,0.16666666666666669,0.16666666666666669,0.16666666666666669,0.16666666666666669,0.16666666666666669
69,69.0,69.32132046671444,0.16666666666666669,0.16666666666666669,0.16666666666666669,0.16666666666666669,0.16666666666666669,0.16666666666666669
70,70.0,70.33601941101846,0.16666666666666669,0.16666666666666669,0.16666666666666669,0.16666666666666669,0.16666666666666669,0.16666666666666669
71,71.0,71.35088826678188,0.16666666666666669,0.16666666666666669,0.16666666666666669,0.16666666666666669,0.16666666666666669,0.16666666666666669
72,72.0,72.37576135430116,0.16666666666666669,0.16666666666666669,0.16666666666666669,0.16666666666666669,0.16666666666666669,0.16666666666666669
73,73.0,73.40038951952549,0.16666666666666669,0.16666666666666669,0.16666666666666669,0.16666666666666669,0.16666666666666669,0.16666666666666669
74,74.0,74.42455097303213,0.16666666666666669,0.16666666666666669,0.16666666666666669,0.16666666666666669,0.16666666666666669,0.16666666666666669
75,75.0,75.45805077145778,0.16666666666666669,0.16666666666666669,0.16666666666666669,0.16666666666666669,0.16666666666666669,0.16666666666666669
76,76.0,76.49062008232629,0.16666666666666669,0.16666666666666669,0.16666666666666669,0.16666666666666669,0.16666666666666669,0.16666666666666669
77,77.0,77.53202626128468,0.16666666666666669,0.16666666666666669,0.16666666666666669,0.16666666666666669,0.16666666666666669,0.16666666666666669
78,78.0,78.5719715597344,0.16666666666666669,0.16666666666666669,0.16666666666666669,0.16666666666666669,0.16666666666666669,0.16666666666666669
79,79.0,79.6102026127418,0.16666666666666669,0.16666666666666669,0.16666666666666669,0.16666666666666669,0.16666666666666669,0.16666666666666669
80,80.0,80.65650853432105,0.16666666666666669,0.16666666666666669,0.16666666666666669,0.16666666666666669,0.16666666666666669,0.16666666666666669
81,81.0,81.70061877839916,0.16666666666666669,0.16666666666666669,0.16666666666666669,0.16666666666666669,0.16666666666666669,0.16666666666666669
82,82.0,82.74231181028547,0.16666666666666669,0.16666666666666669,0.16666666666666669,0.16666666666666669,0.16666666666666669,0.16666666666666669
83,83.0,83.78141242088029,0.16666666666666669,0.16666666666666669,0.16666666666666669,0.16666666666666669,0.16666666666666669,0.16666666666666669
84,84.0,84.81778884620682,0.16666666666666669,0.16666666666666669,0.16666666666666669,0.16666666666666669,0.16666666666666669,0.16666666666666669
85,85.0,85.85134974053864,0.16666666666666669,0.16666666666666669,0.16666666666666669,0.16666666666666669,0.16666666666666669,0.16666666666666669
86,86.0,86.88204104803188,0.16666666666666669,0.16666666666666669,0.16666666666666669,0.16666666666666669,0.16666666666666669,0.16666666666666669
87,87.0,87.90984281429549,0.16666666666666669,0.16666666666666669,0.16666666666666669,0.16666666666666669,0.16666666666666669,0.16666666666666669
88,88.0,88.93476597578977,0.16666666666666669,0.16666666666666669,0.16666666666666669,0.16666666666666669,0.16666666666666669,0.16666666666666669
89,89.0,89.95684916137674,0.16666666666666669,0.16666666666666669,0.16666666666666669,0.16666666666666669,0.16666666666666669,0.16666666666666669
90,90.0,90.97615553679124,0.16666666666666669,0.16666666666666669,0.16666666666666669,0.16666666666666669,0.16666666666666669,0.16666666666666669
91,91.0,91.99276971929638,0.16666666666666669,0.16666666666666669,0.16666666666666669,0.16666666666666669,0.16666666666666669,0.16666666666666669
92,92.0,93.00679478635804,0.16666666666666669,0.16666666666666669,0.16666666666666669,0.16666666666666669,0.16666666666666669,0.16666666666666669
93,93.0,94.01834939884995,0.16666666666666669,0.16666666666666669,0.16666666666666669,0.16666666666666669,0.16666666666666669,0.16666666666666669
94,94.0,95.02756505610417,0.16666666666666669,0.16666666666666669,0.16666666666666669,0.16666666666666669,0.16666666666666669,0.16666666666666669
95,95.0,96.04458349707193,0.16666666666666669,0.16666666666666669,0.16666666666666669,0.16666666666666669,0.16666666666666669,0.16666666666666669
96,96.0,97.0594542589722,0.16666666666666669,0.16666666666666669,0.16666666666666669,0.16666666666666669,0.16666666666666669,0.16666666666666669
97,97.0,98.07224340209271,0.16666666666666669,0.16666666666666669,0.16666666666666669,0.16666666666666669,0.16666666666666669,0.16666666666666669
98,98.0,99.08303119688026,0.16666666666666669,0.16666666666666669,0.16666666666666669,0.16666666666666669,0.16666666666666669,0.16666666666666669
99,99.0,100.09190990022023,0.16666666666666669,0.16666666666666669,0.16666666666666669,0.16666666666666669,0.16666666666666669,0.16666666666666669
100,100.0,101.09898163422403,0.16666666666666669,0.16666666666666669,0.16666666666666669,0.16666666666666669,0.16666666666666669,0.16666666666666669
101,101.0,102.10435637848519,0.16666666666666669,0.16666666666666669,0.16666666666666669,0.16666666666666669,0.16666666666666669,0.16666666666666669
102,102.0,103.10815008453538,0.16666666666666669,0.16666666666666669,0.16666666666666669,0.16666666666666669,0.16666666666666669,0.16666666666666669
103,103.0,104.11048291913521,0.16666666666666669,0.16666666666666669,0.16666666666666669,0.16666666666666669,0.16666666666666669,0.16666666666666669
104,104.0,105.1114776410837,0.16666666666666669,0.16666666666666669,0.16666666666666669,0.16666666666666669,0.16666666666666669,0.16666666666666669
105,105.0,106.1112581144265,0.16666666666666669,0.16666666666666669,0.16666666666666669,0.16666666666666669,0.16666666666666669,0.16666666666666669
106,106.0,107.10994795929076,0.16666666666666669,0.16666666666666669,0.16666666666666669,0.16666666666666669,0.16666666666666669,0.16666666666666669
107,107.0,108.10766934007569,0.16666666666666669,0.16666666666666669,0.16666666666666669,0.16666666666666669,0.16666666666666669,0.16666666666666669
108,108.0,109.10454188938137,0.16666666666666669,0.16666666666666669,0.16666666666666669,0.16666666666666669,0.16666666666666669,0.16666666666666669
109,109.0,110.10068176486266,0.16666666666666669,0.16666666666666669,0.16666666666666669,0.16666666666666669,0.16666666666666669,0.16666666666666669
110,110.0,111.09620083514719,0.16666666666666669,0.16666666666666669,0.16666666666666669,0.16666666666666669,0.16666666666666669,0.16666666666666669
111,111.0,112.09120599005179,0.16666666666666669,0.16666666666666669,0.16666666666666669,0.16666666666666669,0.16666666666666669,0.16666666666666669
112,112.0,113.08579856956543,0.16666666666666669,0.16666666666666669,0.16666666666666669,0.16666666666666669,0.16666666666666669,0.16666666666666669
113,113.0,114.08007390543206,0.16666666666666669,0.16666666666666669,0.16666666666666669,0.16666666666666669,0.16666666666666669,0.16666666666666669
114,114.0,115.0741209686577,0.16666666666666669,0.16666666666666669,0.16666666666666669,0.16666666666666669,0.16666666666666669,0.16666666666666669
115,115.0,116.07802211587419,0.16666666666666669,0.16666666666666669,0.16666666666666669,0.16666666666666669,0.16666666666666669,0.16666666666666669
116,116.0,117.08175292721029,0.16666666666666669,0.16666666666666669,0.16666666666666669,0.16666666666666669,0.16666666666666669,0.16666666666666669
117,117.0,118.08529312814068,0.16666666666666669,0.16666666666666669,0.16666666666666669,0.16666666666666669,0.16666666666666669,0.16666666666666669
118,118.0,119.09862637769663,0.16666666666666669,0.16666666666666669,0.16666666666666669,0.16666666666666669,0.16666666666666669,0.16666666666666669
119,119.0,120.11164003852001,0.16666666666666669,0.16666666666666669,0.16666666666666669,0.16666666666666669,0.16666666666666669,0.16666666666666669
120,120.0,121.13423593287585,0.16666666666666669,0.16666666666666669,0.16666666666666669,0.16666666666666669,0.16666666666666669,0.16666666666666669
121,121.0,122.15622987846736,0.16666666666666669,0.16666666666666669,0.16666666666666669,0.16666666666666669,0.16666666666666669,0.16666666666666669
122,122.0,123.17746213071504,0.16666666666666669,0.16666666666666669,0.16666666666666669,0.16666666666666669,0.16666666666666669,0.16666666666666669
123,123.0,124.19779653643081,0.16666666666666669,0.16666666666666669,0.16666666666666669,0.16666666666666669,0.16666666666666669,0.16666666666666669
124,124.0,125.21711953621069,0.16666666666666669,0.16666666666666669,0.16666666666666669,0.16666666666666669,0.16666666666666669,0.16666666666666669
125,125.0,126.23533904065046,0.16666666666666669,0.16666666666666669,0.16666666666666669,0.16666666666666669,0.16666666666666669,0.16666666666666669
126,126.0,127.25238320423976,0.16666666666666669,0.16666666666666669,0.16666666666666669,0.16666666666666669,0.16666666666666669,0.16666666666666669
127,127.0,128.26819911942775,0.16666666666666669,0.16666666666666669,0.16666666666666669,0.16666666666666669,0.16666666666666669,0.16666666666666669
128,128.0,129.28275145190264,0.16666666666666669,0.16666666666666669,0.16666666666666669,0.16666666666666669,0.16666666666666669,0.16666666666666669
129,129.0,130.306021036611,0.16666666666666669,0.16666666666666669,0.16666666666666669,0.16666666666666669,0.16666666666666669,0.16666666666666669
130,130.0,131.32790345248245,0.16666666666666669,0.16666666666666669,0.16666666666666669,0.16666666666666669,0.16666666666666669,0.16666666666666669
131,131.0,132.3483185922419,0.16666666666666669,0.16666666666666669,0.16666666666666669,0.16666666666666669,0.16666666666666669,0.16666666666666669
132,132.0,133.367209032103,0.16666666666666669,0.16666666666666669,0.16666666666666669,0.16666666666666669,0.16666666666666669,0.16666666666666669
133,133.0,134.39453833765697,0.16666666666666669,0.16666666666666669,0.16666666666666669,0.16666666666666669,0.16666666666666669,0.16666666666666669
134,134.0,135.42018932927897,0.16666666666666669,0.16666666666666669,0.16666666666666669,0.16666666666666669,0.16666666666666669,0.16666666666666669
135,135.0,136.44407332844597,0.16666666666666669,0.16666666666666669,0.16666666666666669,0.16666666666666669,0.16666666666666669,0.16666666666666669
136,136.0,137.4761281944118,0.16666666666666669,0.16666666666666669,0.16666666666666669,0.16666666666666669,0.16666666666666669,0.16666666666666669
137,137.0,138.50621629183695,0.16666666666666669,0.16666666666666669,0.16666666666666669,0.16666666666666669,0.16666666666666669,0.16666666666666669
138,138.0,139.5342334166012,0.16666666666666669,0.16666666666666669,0.16666666666666669,0.16666666666666669,0.16666666666666669,0.16666666666666669
139,139.0,140.56010649472302,0.16666666666666669,0.16666666666666669,0.16666666666666669,0.16666666666666669,0.16666666666666669,0.16666666666666669
140,140.0,141.58379120008541,0.16666666666666669,0.16666666666666669,0.16666666666666669,0.16666666666666669,0.16666666666666669,0.16666666666666669
141,141.0,142.60526952291073,0.16666666666666669,0.16666666666666669,0.16666666666666669,0.16666666666666669,0.16666666666666669,0.16666666666666669
142,142.0,143.62454731822442,0.16666666666666669,0.16666666666666669,0.16666666666666669,0.16666666666666669,0.16666666666666669,0.16666666666666669
143,143.0,144.6416518608245,0.16666666666666669,0.16666666666666669,0.16666666666666669,0.16666666666666669,0.16666666666666669,0.16666666666666669
144,144.0,145.65662943055634,0.16666666666666669,0.16666666666666669,0.16666666666666669,0.16666666666666669,0.16666666666666669,0.16666666666666669
145,145.0,146.6795429490094,0.16666666666666669,0.16666666666666669,0.16666666666666669,0.16666666666666669,0.16666666666666669,0.16666666666666669
146,146.0,147.71036968612708,0.16666666666666669,0.16666666666666669,0.16666666666666669,0.16666666666666669,0.16666666666666669,0.16666666666666669
147,147.0,148.74901005267174,0.16666666666666669,0.16666666666666669,0.16666666666666669,0.16666666666666669,0.16666666666666669,0.16666666666666669
148,148.0,149.7852962820352,0.16666666666666669,0.16666666666666669,0.16666666666666669,0.16666666666666669,0.16666666666666669,0.16666666666666669
149,149.0,150.81910092564198,0.16666666666666669,0.16666666666666669,0.16666666666666669,0.16666666666666669,0.16666666666666669,0.16666666666666669
150,150.0,151.85033409563164,0.16666666666666669,0.16666666666666669,0.16666666666666669,0.16666666666666669,0.16666666666666669,0.16666666666666669
151,151.0,152.878940607666,0.16666666666666669,0.16666666666666669,0.16666666666666669,0.16666666666666669,0.16666666666666669,0.16666666666666669
152,152.0,153.90489706242028,0.16666666666666669,0.16666666666666669,0.16666666666666669,0.16666666666666669,0.16666666666666669,0.16666666666666669
153,153.0,154.92820890107492,0.16666666666666669,0.16666666666666669,0.16666666666666669,0.16666666666666669,0.16666666666666669,0.16666666666666669
154,154.0,155.94890746685337,0.16666666666666669,0.16666666666666669,0.16666666666666669,0.16666666666666669,0.16666666666666669,0.16666666666666669
155,155.0,156.96704710138545,0.16666666666666669,0.16666666666666669,0.16666666666666669,0.16666666666666669,0.16666666666666669,0.16666666666666669
156,156.0,157.98270230145044,0.16666666666666669,0.16666666666666669,0.16666666666666669,0.16666666666666669,0.16666666666666669,0.16666666666666669
157,157.0,158.99596495849443,0.16666666666666669,0.16666666666666669,0.16666666666666669,0.16666666666666669,0.16666666666666669,0.16666666666666669
158,158.0,160.0069417002491,0.16666666666666669,0.16666666666666669,0.16666666666666669,0.16666666666666669,0.16666666666666669,0.16666666666666669
159,159.0,161.01575135082578,0.16666666666666669,0.16666666666666669,0.16666666666666669,0.16666666666666669,0.16666666666666669,0.16666666666666669
160,160.0,162.02252252283654,0.16666666666666669,0.16666666666666669,0.16666666666666669,0.16666666666666669,0.16666666666666669,0.16666666666666669
161,161.0,163.02739135241788,0.16666666666666669,0.16666666666666669,0.16666666666666669,0.16666666666666669,0.16666666666666669,0.16666666666666669
162,162.0,164.03049938551686,0.16666666666666669,0.16666666666666669,0.16666666666666669,0.16666666666666669,0.16666666666666669,0.16666666666666669
163,163.0,165.04199162145082,0.16666666666666669,0.16666666666666669,0.16666666666666669,0.16666666666666669,0.16666666666666669,0.16666666666666669
164,164.0,166.05191471757684,0.16666666666666669,0.16666666666666669,0.16666666666666669,0.16666666666666669,0.16666666666666669,0.16666666666666669
165,165.0,167.0603263569145,0.16666666666666669,0.16666666666666669,0.16666666666666669,0.16666666666666669,0.16666666666666669,0.16666666666666669
166,166.0,168.06729356874925,0.16666666666666669,0.16666666666666669,0.16666666666666669,0.16666666666666669,0.16666666666666669,0.16666666666666669
167,167.0,169.07289112371305,0.16666666666666669,0.16666666666666669,0.16666666666666669,0.16666666666666669,0.16666666666666669,0.16666666666666669
168,168.0,170.07720001194335,0.16666666666666669,0.16666666666666669,0.16666666666666669,0.16666666666666669,0.16666666666666669,0.16666666666666669
169,169.0,171.08030601123116,0.16666666666666669,0.16666666666666669,0.16666666666666669,0.16666666666666669,0.16666666666666669,0.16666666666666669
170,170.0,172.08229835047788,0.16666666666666669,0.16666666666666669,0.16666666666666669,0.16666666666666669,0.16666666666666669,0.16666666666666669
171,171.0,173.09326847229516,0.16666666666666669,0.16666666666666669,0.16666666666666669,0.16666666666666669,0.16666666666666669,0.16666666666666669
172,172.0,174.10320889720774,0.16666666666666669,0.16666666666666669,0.16666666666666669,0.16666666666666669,0.16666666666666669,0.16666666666666669
173,173.0,175.112123190657,0.16666666666666669,0.16666666666666669,0.16666666666666669,0.16666666666666669,0.16666666666666669,0.16666666666666669
174,174.0,176.13002482285478,0.16666666666666669,0.16666666666666669,0.16666666666666669,0.16666666666666669,0.16666666666666669,0.16666666666666669
175,175.0,177.14683604360422,0.16666666666666669,0.16666666666666669,0.16666666666666669,0.16666666666666669,0.16666666666666669,0.16666666666666669
176,176.0,178.16249778184266,0.16666666666666669,0.16666666666666669,0.16666666666666669,0.16666666666666669,0.16666666666666669,0.16666666666666669
177,177.0,179.18696836843884,0.16666666666666669,0.16666666666666669,0.16666666666666669,0.16666666666666669,0.16666666666666669,0.16666666666666669
178,178.0,180.210122212691,0.16666666666666669,0.16666666666666669,0.16666666666666669,0.16666666666666669,0.16666666666666669,0.16666666666666669
179,179.0,181.23185945039106,0.16666666666666669,0.16666666666666669,0.16666666666666669,0.16666666666666669,0.16666666666666669,0.16666666666666669
180,180.0,182.25210436981718,0.16666666666666669,0.16666666666666669,0.16666666666666669,0.16666666666666669,0.16666666666666669,0.16666666666666669
181,181.0,183.27080375360254,0.16666666666666669,0.16666666666666669,0.16666666666666669,0.16666666666666669,0.16666666666666669,0.16666666666666669
182,182.0,184.28792516147334,0.16666666666666669,0.16666666666666669,0.16666666666666669,0.16666666666666669,0.16666666666666669,0.16666666666666669
183,183.0,185.30345517694232,0.16666666666666669,0.16666666666666669,0.16666666666666669,0.16666666666666669,0.16666666666666669,0.16666666666666669
184,184.0,186.317397639095,0.16666666666666669,0.16666666666666669,0.16666666666666669,0.16666666666666669,0.16666666666666669,0.16666666666666669
185,185.0,187.32977187864142,0.16666666666666669,0.16666666666666669,0.16666666666666669,0.16666666666666669,0.16666666666666669,0.16666666666666669
186,186.0,188.34061097544682,0.16666666666666669,0.16666666666666669,0.16666666666666669,0.16666666666666669,0.16666666666666669,0.16666666666666669
187,187.0,189.3499600528172,0.16666666666666669,0.16666666666666669,0.16666666666666669,0.16666666666666669,0.16666666666666669,0.16666666666666669
188,188.0,190.35787462192238,0.16666666666666669,0.16666666666666669,0.16666666666666669,0.16666666666666669,0.16666666666666669,0.16666666666666669
189,189.0,191.3644189878978,0.16666666666666669,0.16666666666666669,0.16666666666666669,0.16666666666666669,0.16666666666666669,0.16666666666666669
190,190.0,192.3696647273967,0.16666666666666669,0.16666666666666669,0.16666666666666669,0.16666666666666669,0.16666666666666669,0.16666666666666669
191,191.0,193.37368924567176,0.16666666666666669,0.16666666666666669,0.16666666666666669,0.16666666666666669,0.16666666666666669,0.16666666666666669
192,192.0,194.3865744196626,0.16666666666666669,0.16666666666666669,0.16666666666666669,0.16666666666666669,0.16666666666666669,0.16666666666666669
193,193.0,195.40830533205775,0.16666666666666669,0.16666666666666669,0.16666666666666669,0.16666666666666669,0.16666666666666669,0.16666666666666669
194,194.0,196.42878009989278,0.16666666666666669,0.16666666666666669,0.16666666666666669,0.16666666666666669,0.16666666666666669,0.16666666666666669
195,195.0,197.44791958994537,0.16666666666666669,0.16666666666666669,0.16666666666666669,0.16666666666666669,0.16666666666666669,0.16666666666666669
196,196.0,198.46566593509326,0.16666666666666669,0.16666666666666669,0.16666666666666669,0.16666666666666669,0.16666666666666669,0.16666666666666669
197,197.0,199.48198098637545,0.16666666666666669,0.16666666666666669,0.16666666666666669,0.16666666666666669,0.16666666666666669,0.16666666666666669
198,198.0,200.49684472266566,0.16642857142857145,0.16642857142857145,0.16785714285714287,0.16642857142857145,0.16642857142857145,0.16642857142857145
199,199.0,201.51025363810018,0.1661928571428572,0.1661928571428572,0.16903571428571432,0.1661928571428572,0.1661928571428572,0.1661928571428572
200,200.0,202.53221912561025,0.16548545238095244,0.1669140238095239,0.1711441666666667,0.16548545238095244,0.16548545238095244,0.16548545238095244
201,201.0,203.5526658731132,0.1645510764285715,0.16739393357142868,0.17440176071428576,0.1645510764285715,0.1645510764285715,0.1645510764285715
202,202.0,204.57154128713475,0.16482653206904768,0.16762810349761914,0.1773514825119048,0.16339796064047626,0.16339796064047626,0.16339796064047626
203,203.0,205.58881374688278,0.16475951015811913,0.1662459087295477,0.18270890778083337,0.1620952244438334,0.1620952244438334,0.1620952244438334
204,204.0,206.60447082318717,0.1647063572414641,0.16486923625574984,0.18792969192125122,0.16083157152717842,0.16083157152717842,0.16083157152717842
205,205.0,207.61851748362923,0.16429466406411009,0.16335027300261387,0.19274095536500624,0.15934943936486198,0.15955996568065145,0.1607047025227567
206,206.0,208.63097430319084,0.1651488000801411,0.1616847910640636,0.195560725517252,0.15774658742863734,0.15941553479705842,0.16044356111284785
207,207.0,209.64187569776436,0.16461975212116944,0.16003118568274613,0.20025043019609315,0.15607294161208296,0.15904494219687831,0.15998074819103034
208,208.0,210.6512681959029,0.1634389527902667,0.15805234076218155,0.20606349093215692,0.15399261642472234,0.15937650454752939,0.15907609454314342
209,209.0,211.6692087622685,0.16217340040938133,0.15613787738840712,0.2112214683079107,0.15189629692018544,0.16045891233116708,0.15811204464294865
210,210.0,212.6856631843749,0.16207564102726657,0.15432662878765027,0.21467805616146643,0.1513553357903085,0.16158994098212795,0.15597439725118054
211,211.0,213.70061553242692,0.16154709597828543,0.1522594539724507,0.21968951450107604,0.15056317344520076,0.16238459259008242,0.1535561695129049
212,212.0,214.71406649034947,0.16077263721612228,0.15005597332147494,0.22535103534553172,0.14972824845523322,0.16300710709608604,0.15108499856555205
213,213.0,215.72603168757627,0.15985602927114556,0.14779011753093282,0.23155885437876142,0.14738104347764866,0.16487663633057997,0.1485373190109318
214,214.0,216.73654004820463,0.1586639071093403,0.14533403664094038,0.23804745406774597,0.14472318599862635,0.166330792598665,0.14690062358468223
215,215.0,217.7456321722881,0.15752145765972175,0.14301702825605686,0.24413458463573426,0.14218987086350848,0.1677511634710359,0.14538589511394298
216,216.0,218.75335876224037,0.1546649361253654,0.14118926430052925,0.25313538027500465,0.14013488608016486,0.16653853994015655,0.14433699327877955
217,217.0,219.76977910557497,0.15163749674827037,0.1403743909002702,0.2606939715725412,0.1379741302794333,0.1650478931362062,0.1442721173632789
218,218.0,220.78485962352036,0.14955944942942526,0.1410057906156355,0.26598354623445236,0.13590364093491278,0.16339224725341825,0.14415532553215607
219,219.0,221.79858349343604,0.147441970934029,0.14168539396845942,0.2712260577658077,0.13391437118620222,0.1616681172237487,0.14406408892175324
220,220.0,222.83094914142578,0.14531833767284916,0.1424056638155471,0.27634931183987366,0.13202217102528704,0.1599036720162616,0.1440008436301817
221,221.0,223.8617687332023,0.14295002294469739,0.14400331615698667,0.28151577211340906,0.13108424084298217,0.1578574618376878,0.14258918610423718
222,222.0,224.8908886784691,0.1407233648567392,0.1456633724836648,0.2861763214955997,0.1303032692069859,0.15586686155065804,0.1412668104063527
223,223.0,225.91818774242458,0.13853535321472374,0.14725188072267975,0.2900016122484248,0.13044914775680513,0.15383510505777703,0.13992690099958993
224,224.0,226.94357502256025,0.13578971777619117,0.14886011060040766,0.2951623141526895,0.13072773268836008,0.15188662554455873,0.13757349923779325
225,225.0,227.96698782445677,0.13321253441803566,0.1504700076542,0.29983042193135007,0.13112296751416166,0.15003258010816906,0.135331488374084
226,226.0,228.98838946791906,0.13081272976580105,0.15206530619591235,0.30400851391918027,0.1316192348965272,0.14828206579528905,0.1332121494272906
227,227.0,230.00776705235594,0.12970767510652872,0.15434579880562133,0.305878413949988,0.1322014689059766,0.1466422346366965,0.13122440859518933
228,228.0,231.03512920782555,0.1287502663338355,0.15677562651839555,0.3061995907040159,0.1329402072496637,0.14610164173677376,0.129232667457316
229,229.0,232.06040385566996,0.12827858495256242,0.15945452760452083,0.30452236094630797,0.1340534113892272,0.14598832691871075,0.12770278818867126
230,230.0,233.0835470001732,0.12807417186277703,0.16215620254119759,0.3028252423875196,0.1344290106401917,0.146086092347899,0.12642928022041555
231,231.0,234.1045403602244,0.12790123325511732,0.16397357941622615,0.30116052842668,0.13561478727668524,0.14616174123421033,0.1251881303910814
232,232.0,235.1233889806682,0.12785835106744728,0.16567691426702105,0.29924162574360275,0.13681786579379002,0.14631672874306936,0.12408851438506999
233,233.0,236.140118849261,0.12769485324154944,0.16702248270940248,0.2983036184278186,0.1377863899801786,0.14630347589903747,0.12288917974201392
234,234.0,237.1547745425019,0.12723991250998173,0.16909808189026415,0.2981089874919465,0.1383496062175349,0.14577584402774885,0.12142756786252443
235,235.0,238.16741692099367,0.12713810343812532,0.17021279736664696,0.2972253180524774,0.13927495175989776,0.14567978956267838,0.12046903982017461
236,236.0,239.17812089242634,0.12693338658702025,0.17224498268745583,0.2958293877319991,0.13998298790091376,0.14544412060215026,0.11956513449046129
237,237.0,240.18697325779146,0.12653581069284467,0.17372500924694675,0.29363183390105857,0.1414996495004617,0.14609520837631937,0.11851248828236949
238,238.0,241.19407065404215,0.1261491929744029,0.1749988482112122,0.2908181277823447,0.14290946295224843,0.14760731077841874,0.11751705730137356
239,239.0,242.19951760412738,0.12583880379130605,0.17613687995013205,0.28796552166582207,0.14427151493653223,0.14914170532163434,0.11664557433457386
240,240.0,243.2034246831628,0.12480647338819977,0.1763476540752008,0.28431278081878586,0.14589442139768088,0.1524268505924542,0.11621181972767908
241,241.0,244.20590680746307,0.1238265763206308,0.17620210188624985,0.28063616139581016,0.1475566125965088,0.15578564769486433,0.11599290010593666
242,242.0,245.20708165125865,0.12292385395201498,0.1759478867277006,0.2770239308458287,0.14914172499431574,0.1590851128938867,0.11587749058625385
243,243.0,246.2170681941621,0.12207183825836539,0.17654286149254278,0.27258910592037533,0.15083605979167022,0.16213151806120313,0.11582861647584375
244,244.0,247.22588540083356,0.12129897872912188,0.17704615744078886,0.26828329430625164,0.15243675140064392,0.1650697051483111,0.11586511297488317
245,245.0,248.23356203282955,0.12221223120027913,0.1763904809231874,0.2643152242170374,0.1541157286525566,0.1668096855209318,0.1161566494860082
246,246.0,249.24013538129765,0.12332631226454585,0.17580146055467377,0.2595578656931972,0.15610432559154763,0.16855705464996237,0.11665298124607364
247,247.0,250.25565004110598,0.124923585936038,0.1760172767473175,0.2559738992089476,0.15805383618045635,0.1673801126860083,0.11765128924123269
248,248.0,251.2700567345224,0.12511645987308406,0.1761777274421126,0.2540453364127795,0.1598792462375585,0.16609269871222448,0.11868853132224129
249,249.0,252.28332219125195,0.12519027070658356,0.1769811891263404,0.25220131938924323,0.16143582282657487,0.16457984518044283,0.11961155277081552
250,250.0,253.30542788039602,0.12533613169350122,0.1799830733369626,0.24953287768735496,0.16291482858336892,0.1616305982081546,0.1206024904906581
251,251.0,254.32626872182175,0.1255311850694319,0.18296053363124817,0.2471399806828113,0.1642950363944008,0.15856460975565342,0.12150865446645479
252,252.0,255.34576279188667,0.12573683029248423,0.18583719933634948,0.24497284902976935,0.16554079320690562,0.15550498308625488,0.1224073450482368
253,253.0,256.36384982702623,0.1260003180260818,0.18877295468270539,0.24226592549495735,0.16683165798118246,0.1526602497169141,0.12346889409815923
254,254.0,257.38048966038156,0.12640678836039335,0.19059959664479034,0.24113765166429357,0.16576727476537487,0.15001554225449334,0.1260731463106548
255,255.0,258.3956606137976,0.12679664983476321,0.19225718169610065,0.24019957114607415,0.1645759608436841,0.14743445383595952,0.12873618264341863
256,256.0,259.409357865734,0.12752415070983925,0.1955657410728514,0.23630448185262268,0.16364026898006442,0.14529437999525838,0.13167097738936412
257,257.0,260.4215918138195,0.12949055972910778,0.19871170713334643,0.2313831894005507,0.16263630157965267,0.14326492770532134,0.13451331445202136
258,258.0,261.4323864489582,0.13144355048519799,0.20170746799391637,0.22791227664771213,0.16159877721709737,0.14137318068093663,0.13596474697513977
259,259.0,262.45177775609346,0.13315552932353722,0.2055570970912876,0.22444673677146443,0.16032893784443306,0.1394117968779874,0.13709990209129053
260,260.0,263.46971215495427,0.13468186368482724,0.20983702312978905,0.22100256219706377,0.15891097767997803,0.13745561813594043,0.13811195517240177
261,261.0,264.48615599237945,0.13644212339818407,0.2122720898604793,0.21825106869975508,0.15779003797033625,0.1359398353019063,0.13930484476933924
262,262.0,265.50109388613834,0.1393020593630135,0.214831757943658,0.21370447136077056,0.15685576098775778,0.13474370153405896,0.1405622488107414
263,263.0,266.5145270516599,0.14188381888023427,0.21804939913467306,0.20939691761350535,0.15575953751507632,0.13338447075904908,0.1415258560974621
264,264.0,267.5264716301127,0.14433506057903672,0.22099787358186784,0.2039415101112892,0.15479462866453159,0.13357738610462722,0.1423535409586476
265,265.0,268.5369570344191,0.1455864453883474,0.22244764844550474,0.19917483569139896,0.15404127254247732,0.1355002825122087,0.143249515420063
266,266.0,269.54602432795076,0.14653115943473669,0.22348052450673173,0.19439711636122953,0.1531465617229993,0.13858593291151738,0.1438587050627855
267,267.0,270.5637246488497,0.1473511369397471,0.22428857717089182,0.18997866237653907,0.15229429306974898,0.14172291968510173,0.14436441075797143
268,268.0,271.5800176911702,0.14747922321103787,0.22374335110819293,0.18635630317119803,0.15334588790977893,0.14387473932779837,0.145200495271994
269,269.0,272.59488125234697,0.14749761222355376,0.2230141978805194,0.1831009385736106,0.15442901537393225,0.14601839035626907,0.14593984559211504
270,270.0,273.60830964488264,0.14723851838447566,0.22194823030807403,0.18002985134040583,0.1551725480680122,0.14920468169308027,0.1464061702059521
