Total_iterations,Unnamed: 0.1,Intertwine_two,Add_vertex,Delete_vertex,Invert_path_vertices,Insert_inside_vertex,Delete_inside_vertex
0,0.0,0.1666666666666666,0.1666666666666666,0.1666666666666666,0.1666666666666666,0.1666666666666666,0.1666666666666666
1,1.0,0.1666666666666666,0.1666666666666666,0.1666666666666666,0.1666666666666666,0.1666666666666666,0.1666666666666666
2,2.0,0.1666666666666666,0.1666666666666666,0.1666666666666666,0.1666666666666666,0.1666666666666666,0.1666666666666666
3,3.0,0.1666666666666666,0.1666666666666666,0.1666666666666666,0.1666666666666666,0.1666666666666666,0.1666666666666666
4,4.0,0.1666666666666666,0.1666666666666666,0.1666666666666666,0.1666666666666666,0.1666666666666666,0.1666666666666666
5,5.0,0.1666666666666666,0.1666666666666666,0.1666666666666666,0.1666666666666666,0.1666666666666666,0.1666666666666666
6,6.0,0.1666666666666666,0.1666666666666666,0.1666666666666666,0.1666666666666666,0.1666666666666666,0.1666666666666666
7,7.0,0.1666666666666666,0.1666666666666666,0.1666666666666666,0.1666666666666666,0.1666666666666666,0.1666666666666666
8,8.0,0.1666666666666666,0.1666666666666666,0.1666666666666666,0.1666666666666666,0.1666666666666666,0.1666666666666666
9,9.0,0.1666666666666666,0.1666666666666666,0.1666666666666666,0.1666666666666666,0.1666666666666666,0.1666666666666666
10,10.0,0.1666666666666666,0.1666666666666666,0.1666666666666666,0.1666666666666666,0.1666666666666666,0.1666666666666666
11,11.0,0.1666666666666666,0.1666666666666666,0.1666666666666666,0.1666666666666666,0.1666666666666666,0.1666666666666666
12,12.0,0.1666666666666666,0.1666666666666666,0.1666666666666666,0.1666666666666666,0.1666666666666666,0.1666666666666666
13,13.0,0.1666666666666666,0.1666666666666666,0.1666666666666666,0.1666666666666666,0.1666666666666666,0.1666666666666666
14,14.0,0.1666666666666666,0.1666666666666666,0.1666666666666666,0.1666666666666666,0.1666666666666666,0.1666666666666666
15,15.0,0.1666666666666666,0.1666666666666666,0.1666666666666666,0.1666666666666666,0.1666666666666666,0.1666666666666666
16,16.0,0.1666666666666666,0.1666666666666666,0.1666666666666666,0.1666666666666666,0.1666666666666666,0.1666666666666666
17,17.0,0.1666666666666666,0.1666666666666666,0.1666666666666666,0.1666666666666666,0.1666666666666666,0.1666666666666666
18,18.0,0.1666666666666666,0.1666666666666666,0.1666666666666666,0.1666666666666666,0.1666666666666666,0.1666666666666666
19,19.0,0.1666666666666666,0.1666666666666666,0.1666666666666666,0.1666666666666666,0.1666666666666666,0.1666666666666666
20,20.0,0.1666666666666666,0.1666666666666666,0.1666666666666666,0.1666666666666666,0.1666666666666666,0.1666666666666666
21,21.0,0.1666666666666666,0.1666666666666666,0.1666666666666666,0.1666666666666666,0.1666666666666666,0.1666666666666666
22,22.0,0.1666666666666666,0.1666666666666666,0.1666666666666666,0.1666666666666666,0.1666666666666666,0.1666666666666666
23,23.0,0.1666666666666666,0.1666666666666666,0.1666666666666666,0.1666666666666666,0.1666666666666666,0.1666666666666666
24,24.0,0.1666666666666666,0.1666666666666666,0.1666666666666666,0.1666666666666666,0.1666666666666666,0.1666666666666666
25,25.0,0.1666666666666666,0.1666666666666666,0.1666666666666666,0.1666666666666666,0.1666666666666666,0.1666666666666666
26,26.0,0.1666666666666666,0.1666666666666666,0.1666666666666666,0.1666666666666666,0.1666666666666666,0.1666666666666666
27,27.0,0.1666666666666666,0.1666666666666666,0.1666666666666666,0.1666666666666666,0.1666666666666666,0.1666666666666666
28,28.0,0.1666666666666666,0.1666666666666666,0.1666666666666666,0.1666666666666666,0.1666666666666666,0.1666666666666666
29,29.0,0.1666666666666666,0.1666666666666666,0.1666666666666666,0.1666666666666666,0.1666666666666666,0.1666666666666666
30,30.0,0.1666666666666666,0.1666666666666666,0.1666666666666666,0.1666666666666666,0.1666666666666666,0.1666666666666666
31,31.0,0.1666666666666666,0.1666666666666666,0.1666666666666666,0.1666666666666666,0.1666666666666666,0.1666666666666666
32,32.0,0.1666666666666666,0.1666666666666666,0.1666666666666666,0.1666666666666666,0.1666666666666666,0.1666666666666666
33,33.0,0.1666666666666666,0.1666666666666666,0.1666666666666666,0.1666666666666666,0.1666666666666666,0.1666666666666666
34,34.0,0.1666666666666666,0.1666666666666666,0.1666666666666666,0.1666666666666666,0.1666666666666666,0.1666666666666666
35,35.0,0.1666666666666666,0.1666666666666666,0.1666666666666666,0.1666666666666666,0.1666666666666666,0.1666666666666666
36,36.0,0.1666666666666666,0.1666666666666666,0.1666666666666666,0.1666666666666666,0.1666666666666666,0.1666666666666666
37,37.0,0.1666666666666666,0.1666666666666666,0.1666666666666666,0.1666666666666666,0.1666666666666666,0.1666666666666666
38,38.0,0.1666666666666666,0.1666666666666666,0.1666666666666666,0.1666666666666666,0.1666666666666666,0.1666666666666666
39,39.0,0.1666666666666666,0.1666666666666666,0.1666666666666666,0.1666666666666666,0.1666666666666666,0.1666666666666666
40,40.0,0.1666666666666666,0.1666666666666666,0.1666666666666666,0.1666666666666666,0.1666666666666666,0.1666666666666666
41,41.0,0.1666666666666666,0.1666666666666666,0.1666666666666666,0.1666666666666666,0.1666666666666666,0.1666666666666666
42,42.0,0.1666666666666666,0.1666666666666666,0.1666666666666666,0.1666666666666666,0.1666666666666666,0.1666666666666666
43,43.0,0.1666666666666666,0.1666666666666666,0.1666666666666666,0.1666666666666666,0.1666666666666666,0.1666666666666666
44,44.0,0.1666666666666666,0.1666666666666666,0.1666666666666666,0.1666666666666666,0.1666666666666666,0.1666666666666666
45,45.0,0.1666666666666666,0.1666666666666666,0.1666666666666666,0.1666666666666666,0.1666666666666666,0.1666666666666666
46,46.0,0.1666666666666666,0.1666666666666666,0.1666666666666666,0.1666666666666666,0.1666666666666666,0.1666666666666666
47,47.0,0.1666666666666666,0.1666666666666666,0.1666666666666666,0.1666666666666666,0.1666666666666666,0.1666666666666666
48,48.0,0.1666666666666666,0.1666666666666666,0.1666666666666666,0.1666666666666666,0.1666666666666666,0.1666666666666666
49,49.0,0.1666666666666666,0.1666666666666666,0.1666666666666666,0.1666666666666666,0.1666666666666666,0.1666666666666666
50,50.0,0.1666666666666666,0.1666666666666666,0.1666666666666666,0.1666666666666666,0.1666666666666666,0.1666666666666666
51,51.0,0.1666666666666666,0.1666666666666666,0.1666666666666666,0.1666666666666666,0.1666666666666666,0.1666666666666666
52,52.0,0.1666666666666666,0.1666666666666666,0.1666666666666666,0.1666666666666666,0.1666666666666666,0.1666666666666666
53,53.0,0.1666666666666666,0.1666666666666666,0.1666666666666666,0.1666666666666666,0.1666666666666666,0.1666666666666666
54,54.0,0.1666666666666666,0.1666666666666666,0.1666666666666666,0.1666666666666666,0.1666666666666666,0.1666666666666666
55,55.0,0.1666666666666666,0.1666666666666666,0.1666666666666666,0.1666666666666666,0.1666666666666666,0.1666666666666666
56,56.0,0.1666666666666666,0.1666666666666666,0.1666666666666666,0.1666666666666666,0.1666666666666666,0.1666666666666666
57,57.0,0.1666666666666666,0.1666666666666666,0.1666666666666666,0.1666666666666666,0.1666666666666666,0.1666666666666666
58,58.0,0.1666666666666666,0.1666666666666666,0.1666666666666666,0.1666666666666666,0.1666666666666666,0.1666666666666666
59,59.0,0.1666666666666666,0.1666666666666666,0.1666666666666666,0.1666666666666666,0.1666666666666666,0.1666666666666666
60,60.0,0.1666666666666666,0.1666666666666666,0.1666666666666666,0.1666666666666666,0.1666666666666666,0.1666666666666666
61,61.0,0.1666666666666666,0.1666666666666666,0.1666666666666666,0.1666666666666666,0.1666666666666666,0.1666666666666666
62,62.0,0.1666666666666666,0.1666666666666666,0.1666666666666666,0.1666666666666666,0.1666666666666666,0.1666666666666666
63,63.0,0.1666666666666666,0.1666666666666666,0.1666666666666666,0.1666666666666666,0.1666666666666666,0.1666666666666666
64,64.0,0.1666666666666666,0.1666666666666666,0.1666666666666666,0.1666666666666666,0.1666666666666666,0.1666666666666666
65,65.0,0.1666666666666666,0.1666666666666666,0.1666666666666666,0.1666666666666666,0.1666666666666666,0.1666666666666666
66,66.0,0.1666666666666666,0.1666666666666666,0.1666666666666666,0.1666666666666666,0.1666666666666666,0.1666666666666666
67,67.0,0.1666666666666666,0.1666666666666666,0.1666666666666666,0.1666666666666666,0.1666666666666666,0.1666666666666666
68,68.0,0.1666666666666666,0.1666666666666666,0.1666666666666666,0.1666666666666666,0.1666666666666666,0.1666666666666666
69,69.0,0.1666666666666666,0.1666666666666666,0.1666666666666666,0.1666666666666666,0.1666666666666666,0.1666666666666666
70,70.0,0.1666666666666666,0.1666666666666666,0.1666666666666666,0.1666666666666666,0.1666666666666666,0.1666666666666666
71,71.0,0.1666666666666666,0.1666666666666666,0.1666666666666666,0.1666666666666666,0.1666666666666666,0.1666666666666666
72,72.0,0.1666666666666666,0.1666666666666666,0.1666666666666666,0.1666666666666666,0.1666666666666666,0.1666666666666666
73,73.0,0.1666666666666666,0.1666666666666666,0.1666666666666666,0.1666666666666666,0.1666666666666666,0.1666666666666666
74,74.0,0.1666666666666666,0.1666666666666666,0.1666666666666666,0.1666666666666666,0.1666666666666666,0.1666666666666666
75,75.0,0.1666666666666666,0.1666666666666666,0.1666666666666666,0.1666666666666666,0.1666666666666666,0.1666666666666666
76,76.0,0.1666666666666666,0.1666666666666666,0.1666666666666666,0.1666666666666666,0.1666666666666666,0.1666666666666666
77,77.0,0.1666666666666666,0.1666666666666666,0.1666666666666666,0.1666666666666666,0.1666666666666666,0.1666666666666666
78,78.0,0.1666666666666666,0.1666666666666666,0.1666666666666666,0.1666666666666666,0.1666666666666666,0.1666666666666666
79,79.0,0.1666666666666666,0.1666666666666666,0.1666666666666666,0.1666666666666666,0.1666666666666666,0.1666666666666666
80,80.0,0.1666666666666666,0.1666666666666666,0.1666666666666666,0.1666666666666666,0.1666666666666666,0.1666666666666666
81,81.0,0.1666666666666666,0.1666666666666666,0.1666666666666666,0.1666666666666666,0.1666666666666666,0.1666666666666666
82,82.0,0.1666666666666666,0.1666666666666666,0.1666666666666666,0.1666666666666666,0.1666666666666666,0.1666666666666666
83,83.0,0.1666666666666666,0.1666666666666666,0.1666666666666666,0.1666666666666666,0.1666666666666666,0.1666666666666666
84,84.0,0.1666666666666666,0.1666666666666666,0.1666666666666666,0.1666666666666666,0.1666666666666666,0.1666666666666666
85,85.0,0.1666666666666666,0.1666666666666666,0.1666666666666666,0.1666666666666666,0.1666666666666666,0.1666666666666666
86,86.0,0.1666666666666666,0.1666666666666666,0.1666666666666666,0.1666666666666666,0.1666666666666666,0.1666666666666666
87,87.0,0.1666666666666666,0.1666666666666666,0.1666666666666666,0.1666666666666666,0.1666666666666666,0.1666666666666666
88,88.0,0.1666666666666666,0.1666666666666666,0.1666666666666666,0.1666666666666666,0.1666666666666666,0.1666666666666666
89,89.0,0.1666666666666666,0.1666666666666666,0.1666666666666666,0.1666666666666666,0.1666666666666666,0.1666666666666666
90,90.0,0.1666666666666666,0.1666666666666666,0.1666666666666666,0.1666666666666666,0.1666666666666666,0.1666666666666666
91,91.0,0.1666666666666666,0.1666666666666666,0.1666666666666666,0.1666666666666666,0.1666666666666666,0.1666666666666666
92,92.0,0.1666666666666666,0.1666666666666666,0.1666666666666666,0.1666666666666666,0.1666666666666666,0.1666666666666666
93,93.0,0.1666666666666666,0.1666666666666666,0.1666666666666666,0.1666666666666666,0.1666666666666666,0.1666666666666666
94,94.0,0.1666666666666666,0.1666666666666666,0.1666666666666666,0.1666666666666666,0.1666666666666666,0.1666666666666666
95,95.0,0.1666666666666666,0.1666666666666666,0.1666666666666666,0.1666666666666666,0.1666666666666666,0.1666666666666666
96,96.0,0.1666666666666666,0.1666666666666666,0.1666666666666666,0.1666666666666666,0.1666666666666666,0.1666666666666666
97,97.0,0.1666666666666666,0.1666666666666666,0.1666666666666666,0.1666666666666666,0.1666666666666666,0.1666666666666666
98,98.0,0.1666666666666666,0.1666666666666666,0.1666666666666666,0.1666666666666666,0.1666666666666666,0.1666666666666666
99,99.0,0.1666666666666666,0.1666666666666666,0.1666666666666666,0.1666666666666666,0.1666666666666666,0.1666666666666666
100,100.0,0.1666666666666666,0.1666666666666666,0.1666666666666666,0.1666666666666666,0.1666666666666666,0.1666666666666666
101,101.0,0.1666666666666666,0.1666666666666666,0.1666666666666666,0.1666666666666666,0.1666666666666666,0.1666666666666666
102,102.0,0.1666666666666666,0.1666666666666666,0.1666666666666666,0.1666666666666666,0.1666666666666666,0.1666666666666666
103,103.0,0.1666666666666666,0.1666666666666666,0.1666666666666666,0.1666666666666666,0.1666666666666666,0.1666666666666666
104,104.0,0.1666666666666666,0.1666666666666666,0.1666666666666666,0.1666666666666666,0.1666666666666666,0.1666666666666666
105,105.0,0.1666666666666666,0.1666666666666666,0.1666666666666666,0.1666666666666666,0.1666666666666666,0.1666666666666666
106,106.0,0.1666666666666666,0.1666666666666666,0.1666666666666666,0.1666666666666666,0.1666666666666666,0.1666666666666666
107,107.0,0.1666666666666666,0.1666666666666666,0.1666666666666666,0.1666666666666666,0.1666666666666666,0.1666666666666666
108,108.0,0.1666666666666666,0.1666666666666666,0.1666666666666666,0.1666666666666666,0.1666666666666666,0.1666666666666666
109,109.0,0.1666666666666666,0.1666666666666666,0.1666666666666666,0.1666666666666666,0.1666666666666666,0.1666666666666666
110,110.0,0.1666666666666666,0.1666666666666666,0.1666666666666666,0.1666666666666666,0.1666666666666666,0.1666666666666666
111,111.0,0.1666666666666666,0.1666666666666666,0.1666666666666666,0.1666666666666666,0.1666666666666666,0.1666666666666666
112,112.0,0.1666666666666666,0.1666666666666666,0.1666666666666666,0.1666666666666666,0.1666666666666666,0.1666666666666666
113,113.0,0.1666666666666666,0.1666666666666666,0.1666666666666666,0.1666666666666666,0.1666666666666666,0.1666666666666666
114,114.0,0.1666666666666666,0.1666666666666666,0.1666666666666666,0.1666666666666666,0.1666666666666666,0.1666666666666666
115,115.0,0.1666666666666666,0.1666666666666666,0.1666666666666666,0.1666666666666666,0.1666666666666666,0.1666666666666666
116,116.0,0.1666666666666666,0.1666666666666666,0.1666666666666666,0.1666666666666666,0.1666666666666666,0.1666666666666666
117,117.0,0.1666666666666666,0.1666666666666666,0.1666666666666666,0.1666666666666666,0.1666666666666666,0.1666666666666666
118,118.0,0.1666666666666666,0.1666666666666666,0.1666666666666666,0.1666666666666666,0.1666666666666666,0.1666666666666666
119,119.0,0.1666666666666666,0.1666666666666666,0.1666666666666666,0.1666666666666666,0.1666666666666666,0.1666666666666666
120,120.0,0.1666666666666666,0.1666666666666666,0.1666666666666666,0.1666666666666666,0.1666666666666666,0.1666666666666666
121,121.0,0.1666666666666666,0.1666666666666666,0.1666666666666666,0.1666666666666666,0.1666666666666666,0.1666666666666666
122,122.0,0.1666666666666666,0.1666666666666666,0.1666666666666666,0.1666666666666666,0.1666666666666666,0.1666666666666666
123,123.0,0.1666666666666666,0.1666666666666666,0.1666666666666666,0.1666666666666666,0.1666666666666666,0.1666666666666666
124,124.0,0.1666666666666666,0.1666666666666666,0.1666666666666666,0.1666666666666666,0.1666666666666666,0.1666666666666666
125,125.0,0.1666666666666666,0.1666666666666666,0.1666666666666666,0.1666666666666666,0.1666666666666666,0.1666666666666666
126,126.0,0.1666666666666666,0.1666666666666666,0.1666666666666666,0.1666666666666666,0.1666666666666666,0.1666666666666666
127,127.0,0.1666666666666666,0.1666666666666666,0.1666666666666666,0.1666666666666666,0.1666666666666666,0.1666666666666666
128,128.0,0.1666666666666666,0.1666666666666666,0.1666666666666666,0.1666666666666666,0.1666666666666666,0.1666666666666666
129,129.0,0.1666666666666666,0.1666666666666666,0.1666666666666666,0.1666666666666666,0.1666666666666666,0.1666666666666666
130,130.0,0.1666666666666666,0.1666666666666666,0.1666666666666666,0.1666666666666666,0.1666666666666666,0.1666666666666666
131,131.0,0.1666666666666666,0.1666666666666666,0.1666666666666666,0.1666666666666666,0.1666666666666666,0.1666666666666666
132,132.0,0.1666666666666666,0.1666666666666666,0.1666666666666666,0.1666666666666666,0.1666666666666666,0.1666666666666666
133,133.0,0.1666666666666666,0.1666666666666666,0.1666666666666666,0.1666666666666666,0.1666666666666666,0.1666666666666666
134,134.0,0.1666666666666666,0.1666666666666666,0.1666666666666666,0.1666666666666666,0.1666666666666666,0.1666666666666666
135,135.0,0.1666666666666666,0.1666666666666666,0.1666666666666666,0.1666666666666666,0.1666666666666666,0.1666666666666666
136,136.0,0.1666666666666666,0.1666666666666666,0.1666666666666666,0.1666666666666666,0.1666666666666666,0.1666666666666666
137,137.0,0.1666666666666666,0.1666666666666666,0.1666666666666666,0.1666666666666666,0.1666666666666666,0.1666666666666666
138,138.0,0.1666666666666666,0.1666666666666666,0.1666666666666666,0.1666666666666666,0.1666666666666666,0.1666666666666666
139,139.0,0.1666666666666666,0.1666666666666666,0.1666666666666666,0.1666666666666666,0.1666666666666666,0.1666666666666666
140,140.0,0.1666666666666666,0.1666666666666666,0.1666666666666666,0.1666666666666666,0.1666666666666666,0.1666666666666666
141,141.0,0.1666666666666666,0.1666666666666666,0.1666666666666666,0.1666666666666666,0.1666666666666666,0.1666666666666666
142,142.0,0.1666666666666666,0.1666666666666666,0.1666666666666666,0.1666666666666666,0.1666666666666666,0.1666666666666666
143,143.0,0.1666666666666666,0.1666666666666666,0.1666666666666666,0.1666666666666666,0.1666666666666666,0.1666666666666666
144,144.0,0.1666666666666666,0.1666666666666666,0.1666666666666666,0.1666666666666666,0.1666666666666666,0.1666666666666666
145,145.0,0.1666666666666666,0.1666666666666666,0.1666666666666666,0.1666666666666666,0.1666666666666666,0.1666666666666666
146,146.0,0.1666666666666666,0.1666666666666666,0.1666666666666666,0.1666666666666666,0.1666666666666666,0.1666666666666666
147,147.0,0.1666666666666666,0.1666666666666666,0.1666666666666666,0.1666666666666666,0.1666666666666666,0.1666666666666666
148,148.0,0.1666666666666666,0.1666666666666666,0.1666666666666666,0.1666666666666666,0.1666666666666666,0.1666666666666666
149,149.0,0.1666666666666666,0.1666666666666666,0.1666666666666666,0.1666666666666666,0.1666666666666666,0.1666666666666666
150,150.0,0.1666666666666666,0.1666666666666666,0.1666666666666666,0.1666666666666666,0.1666666666666666,0.1666666666666666
151,151.0,0.1666666666666666,0.1666666666666666,0.1666666666666666,0.1666666666666666,0.1666666666666666,0.1666666666666666
152,152.0,0.1666666666666666,0.1666666666666666,0.1666666666666666,0.1666666666666666,0.1666666666666666,0.1666666666666666
153,153.0,0.1666666666666666,0.1666666666666666,0.1666666666666666,0.1666666666666666,0.1666666666666666,0.1666666666666666
154,154.0,0.1666666666666666,0.1666666666666666,0.1666666666666666,0.1666666666666666,0.1666666666666666,0.1666666666666666
155,155.0,0.1666666666666666,0.1666666666666666,0.1666666666666666,0.1666666666666666,0.1666666666666666,0.1666666666666666
156,156.0,0.1666666666666666,0.1666666666666666,0.1666666666666666,0.1666666666666666,0.1666666666666666,0.1666666666666666
157,157.0,0.1666666666666666,0.1666666666666666,0.1666666666666666,0.1666666666666666,0.1666666666666666,0.1666666666666666
158,158.0,0.1666666666666666,0.1666666666666666,0.1666666666666666,0.1666666666666666,0.1666666666666666,0.1666666666666666
159,159.0,0.1666666666666666,0.1666666666666666,0.1666666666666666,0.1666666666666666,0.1666666666666666,0.1666666666666666
160,160.0,0.1666666666666666,0.1666666666666666,0.1666666666666666,0.1666666666666666,0.1666666666666666,0.1666666666666666
161,161.0,0.1666666666666666,0.1666666666666666,0.1666666666666666,0.1666666666666666,0.1666666666666666,0.1666666666666666
162,162.0,0.1666666666666666,0.1666666666666666,0.1666666666666666,0.1666666666666666,0.1666666666666666,0.1666666666666666
163,163.0,0.1666666666666666,0.1666666666666666,0.1666666666666666,0.1666666666666666,0.1666666666666666,0.1666666666666666
164,164.0,0.1666666666666666,0.1666666666666666,0.1666666666666666,0.1666666666666666,0.1666666666666666,0.1666666666666666
165,165.0,0.1666666666666666,0.1666666666666666,0.1666666666666666,0.1666666666666666,0.1666666666666666,0.1666666666666666
166,166.0,0.1666666666666666,0.1666666666666666,0.1666666666666666,0.1666666666666666,0.1666666666666666,0.1666666666666666
167,167.0,0.1666666666666666,0.1666666666666666,0.1666666666666666,0.1666666666666666,0.1666666666666666,0.1666666666666666
168,168.0,0.1666666666666666,0.1666666666666666,0.1666666666666666,0.1666666666666666,0.1666666666666666,0.1666666666666666
169,169.0,0.1666666666666666,0.1666666666666666,0.1666666666666666,0.1666666666666666,0.1666666666666666,0.1666666666666666
170,170.0,0.1666666666666666,0.1666666666666666,0.1666666666666666,0.1666666666666666,0.1666666666666666,0.1666666666666666
171,171.0,0.1666666666666666,0.1666666666666666,0.1666666666666666,0.1666666666666666,0.1666666666666666,0.1666666666666666
172,172.0,0.1666666666666666,0.1666666666666666,0.1666666666666666,0.1666666666666666,0.1666666666666666,0.1666666666666666
173,173.0,0.1666666666666666,0.1666666666666666,0.1666666666666666,0.1666666666666666,0.1666666666666666,0.1666666666666666
174,174.0,0.1666666666666666,0.1666666666666666,0.1666666666666666,0.1666666666666666,0.1666666666666666,0.1666666666666666
175,175.0,0.1666666666666666,0.1666666666666666,0.1666666666666666,0.1666666666666666,0.1666666666666666,0.1666666666666666
176,176.0,0.1666666666666666,0.1666666666666666,0.1666666666666666,0.1666666666666666,0.1666666666666666,0.1666666666666666
177,177.0,0.1666666666666666,0.1666666666666666,0.1666666666666666,0.1666666666666666,0.1666666666666666,0.1666666666666666
178,178.0,0.1666666666666666,0.1666666666666666,0.1666666666666666,0.1666666666666666,0.1666666666666666,0.1666666666666666
179,179.0,0.1666666666666666,0.1666666666666666,0.1666666666666666,0.1666666666666666,0.1666666666666666,0.1666666666666666
180,180.0,0.1666666666666666,0.1666666666666666,0.1666666666666666,0.1666666666666666,0.1666666666666666,0.1666666666666666
181,181.0,0.1666666666666666,0.1666666666666666,0.1666666666666666,0.1666666666666666,0.1666666666666666,0.1666666666666666
182,182.0,0.1666666666666666,0.1666666666666666,0.1666666666666666,0.1666666666666666,0.1666666666666666,0.1666666666666666
183,183.0,0.1666666666666666,0.1666666666666666,0.1666666666666666,0.1666666666666666,0.1666666666666666,0.1666666666666666
184,184.0,0.1666666666666666,0.1666666666666666,0.1666666666666666,0.1666666666666666,0.1666666666666666,0.1666666666666666
185,185.0,0.1666666666666666,0.1666666666666666,0.1666666666666666,0.1666666666666666,0.1666666666666666,0.1666666666666666
186,186.0,0.1666666666666666,0.1666666666666666,0.1666666666666666,0.1666666666666666,0.1666666666666666,0.1666666666666666
187,187.0,0.1666666666666666,0.1666666666666666,0.1666666666666666,0.1666666666666666,0.1666666666666666,0.1666666666666666
188,188.0,0.1666666666666666,0.1666666666666666,0.1666666666666666,0.1666666666666666,0.1666666666666666,0.1666666666666666
189,189.0,0.1666666666666666,0.1666666666666666,0.1666666666666666,0.1666666666666666,0.1666666666666666,0.1666666666666666
190,190.0,0.1666666666666666,0.1666666666666666,0.1666666666666666,0.1666666666666666,0.1666666666666666,0.1666666666666666
191,191.0,0.1666666666666666,0.1666666666666666,0.1666666666666666,0.1666666666666666,0.1666666666666666,0.1666666666666666
192,192.0,0.1666666666666666,0.1666666666666666,0.1666666666666666,0.1666666666666666,0.1666666666666666,0.1666666666666666
193,193.0,0.1666666666666666,0.1666666666666666,0.1666666666666666,0.1666666666666666,0.1666666666666666,0.1666666666666666
194,194.0,0.1666666666666666,0.1666666666666666,0.1666666666666666,0.1666666666666666,0.1666666666666666,0.1666666666666666
195,195.0,0.1666666666666666,0.1666666666666666,0.1666666666666666,0.1666666666666666,0.1666666666666666,0.1666666666666666
196,196.0,0.1666666666666666,0.1666666666666666,0.1666666666666666,0.1666666666666666,0.1666666666666666,0.1666666666666666
197,197.0,0.1666666666666666,0.1666666666666666,0.1666666666666666,0.1666666666666666,0.1666666666666666,0.1666666666666666
198,198.0,0.1664285714285714,0.1664285714285714,0.1678571428571428,0.1664285714285714,0.1664285714285714,0.1664285714285714
199,199.0,0.1661928571428572,0.1661928571428572,0.1690357142857143,0.1661928571428572,0.1661928571428572,0.1661928571428572
200,200.0,0.1654854523809524,0.1669140238095239,0.1711441666666667,0.1654854523809524,0.1654854523809524,0.1654854523809524
201,201.0,0.1645510764285715,0.1673939335714286,0.1744017607142857,0.1645510764285715,0.1645510764285715,0.1645510764285715
202,202.0,0.1648265320690476,0.1676281034976191,0.1773514825119048,0.1633979606404762,0.1633979606404762,0.1633979606404762
203,203.0,0.1647595101581191,0.1662459087295477,0.1827089077808333,0.1620952244438334,0.1620952244438334,0.1620952244438334
204,204.0,0.1647063572414641,0.1648692362557498,0.1879296919212512,0.1608315715271784,0.1608315715271784,0.1608315715271784
205,205.0,0.16429466406411,0.1633502730026138,0.1927409553650062,0.1593494393648619,0.1595599656806514,0.1607047025227567
206,206.0,0.1651488000801411,0.1616847910640636,0.195560725517252,0.1577465874286373,0.1594155347970584,0.1604435611128478
207,207.0,0.1646197521211694,0.1600311856827461,0.2002504301960931,0.1560729416120829,0.1590449421968783,0.1599807481910303
208,208.0,0.1634389527902667,0.1580523407621815,0.2060634909321569,0.1539926164247223,0.1593765045475293,0.1590760945431434
209,209.0,0.1621734004093813,0.1561378773884071,0.2112214683079107,0.1518962969201854,0.160458912331167,0.1581120446429486
210,210.0,0.1620756410272665,0.1543266287876502,0.2146780561614664,0.1513553357903085,0.1615899409821279,0.1559743972511805
211,211.0,0.1615470959782854,0.1522594539724507,0.219689514501076,0.1505631734452007,0.1623845925900824,0.1535561695129049
212,212.0,0.1607726372161222,0.1500559733214749,0.2253510353455317,0.1497282484552332,0.163007107096086,0.151084998565552
213,213.0,0.1598560292711455,0.1477901175309328,0.2315588543787614,0.1473810434776486,0.1648766363305799,0.1485373190109318
214,214.0,0.1586639071093403,0.1453340366409403,0.2380474540677459,0.1447231859986263,0.166330792598665,0.1469006235846822
215,215.0,0.1575214576597217,0.1430170282560568,0.2441345846357342,0.1421898708635084,0.1677511634710359,0.1453858951139429
216,216.0,0.1546649361253654,0.1411892643005292,0.2531353802750046,0.1401348860801648,0.1665385399401565,0.1443369932787795
217,217.0,0.1516374967482703,0.1403743909002702,0.2606939715725412,0.1379741302794333,0.1650478931362062,0.1442721173632789
218,218.0,0.1495594494294252,0.1410057906156355,0.2659835462344523,0.1359036409349127,0.1633922472534182,0.144155325532156
219,219.0,0.147441970934029,0.1416853939684594,0.2712260577658077,0.1339143711862022,0.1616681172237487,0.1440640889217532
220,220.0,0.1453183376728491,0.1424056638155471,0.2763493118398736,0.132022171025287,0.1599036720162616,0.1440008436301817
221,221.0,0.1429500229446973,0.1440033161569866,0.281515772113409,0.1310842408429821,0.1578574618376878,0.1425891861042371
222,222.0,0.1407233648567392,0.1456633724836648,0.2861763214955997,0.1303032692069859,0.155866861550658,0.1412668104063527
223,223.0,0.1385353532147237,0.1472518807226797,0.2900016122484248,0.1304491477568051,0.153835105057777,0.1399269009995899
224,224.0,0.1357897177761911,0.1488601106004076,0.2951623141526895,0.13072773268836,0.1518866255445587,0.1375734992377932
225,225.0,0.1332125344180356,0.1504700076542,0.29983042193135,0.1311229675141616,0.150032580108169,0.135331488374084
226,226.0,0.130812729765801,0.1520653061959123,0.3040085139191802,0.1316192348965272,0.148282065795289,0.1332121494272906
227,227.0,0.1297076751065287,0.1543457988056213,0.305878413949988,0.1322014689059766,0.1466422346366965,0.1312244085951893
228,228.0,0.1287502663338355,0.1567756265183955,0.3061995907040159,0.1329402072496637,0.1461016417367737,0.129232667457316
229,229.0,0.1282785849525624,0.1594545276045208,0.3045223609463079,0.1340534113892272,0.1459883269187107,0.1277027881886712
230,230.0,0.128074171862777,0.1621562025411975,0.3028252423875196,0.1344290106401917,0.146086092347899,0.1264292802204155
231,231.0,0.1279012332551173,0.1639735794162261,0.30116052842668,0.1356147872766852,0.1461617412342103,0.1251881303910814
232,232.0,0.1278583510674472,0.165676914267021,0.2992416257436027,0.13681786579379,0.1463167287430693,0.1240885143850699
233,233.0,0.1276948532415494,0.1670224827094024,0.2983036184278186,0.1377863899801786,0.1463034758990374,0.1228891797420139
234,234.0,0.1272399125099817,0.1690980818902641,0.2981089874919465,0.1383496062175349,0.1457758440277488,0.1214275678625244
235,235.0,0.1271381034381253,0.1702127973666469,0.2972253180524774,0.1392749517598977,0.1456797895626783,0.1204690398201746
236,236.0,0.1269333865870202,0.1722449826874558,0.2958293877319991,0.1399829879009137,0.1454441206021502,0.1195651344904612
237,237.0,0.1265358106928446,0.1737250092469467,0.2936318339010585,0.1414996495004617,0.1460952083763193,0.1185124882823694
238,238.0,0.1261491929744029,0.1749988482112122,0.2908181277823447,0.1429094629522484,0.1476073107784187,0.1175170573013735
239,239.0,0.125838803791306,0.176136879950132,0.287965521665822,0.1442715149365322,0.1491417053216343,0.1166455743345738
240,240.0,0.1248064733881997,0.1763476540752008,0.2843127808187858,0.1458944213976808,0.1524268505924542,0.116211819727679
241,241.0,0.1238265763206308,0.1762021018862498,0.2806361613958101,0.1475566125965088,0.1557856476948643,0.1159929001059366
242,242.0,0.1229238539520149,0.1759478867277006,0.2770239308458287,0.1491417249943157,0.1590851128938867,0.1158774905862538
243,243.0,0.1220718382583653,0.1765428614925427,0.2725891059203753,0.1508360597916702,0.1621315180612031,0.1158286164758437
244,244.0,0.1212989787291218,0.1770461574407888,0.2682832943062516,0.1524367514006439,0.1650697051483111,0.1158651129748831
245,245.0,0.1222122312002791,0.1763904809231874,0.2643152242170374,0.1541157286525566,0.1668096855209318,0.1161566494860082
246,246.0,0.1233263122645458,0.1758014605546737,0.2595578656931972,0.1561043255915476,0.1685570546499623,0.1166529812460736
247,247.0,0.124923585936038,0.1760172767473175,0.2559738992089476,0.1580538361804563,0.1673801126860083,0.1176512892412326
248,248.0,0.125116459873084,0.1761777274421126,0.2540453364127795,0.1598792462375585,0.1660926987122244,0.1186885313222412
249,249.0,0.1251902707065835,0.1769811891263404,0.2522013193892432,0.1614358228265748,0.1645798451804428,0.1196115527708155
250,250.0,0.1253361316935012,0.1799830733369626,0.2495328776873549,0.1629148285833689,0.1616305982081546,0.1206024904906581
251,251.0,0.1255311850694319,0.1829605336312481,0.2471399806828113,0.1642950363944008,0.1585646097556534,0.1215086544664547
252,252.0,0.1257368302924842,0.1858371993363494,0.2449728490297693,0.1655407932069056,0.1555049830862548,0.1224073450482368
253,253.0,0.1260003180260818,0.1887729546827053,0.2422659254949573,0.1668316579811824,0.1526602497169141,0.1234688940981592
254,254.0,0.1264067883603933,0.1905995966447903,0.2411376516642935,0.1657672747653748,0.1500155422544933,0.1260731463106548
255,255.0,0.1267966498347632,0.1922571816961006,0.2401995711460741,0.1645759608436841,0.1474344538359595,0.1287361826434186
256,256.0,0.1275241507098392,0.1955657410728514,0.2363044818526226,0.1636402689800644,0.1452943799952583,0.1316709773893641
257,257.0,0.1294905597291077,0.1987117071333464,0.2313831894005507,0.1626363015796526,0.1432649277053213,0.1345133144520213
258,258.0,0.1314435504851979,0.2017074679939163,0.2279122766477121,0.1615987772170973,0.1413731806809366,0.1359647469751397
259,259.0,0.1331555293235372,0.2055570970912876,0.2244467367714644,0.160328937844433,0.1394117968779874,0.1370999020912905
260,260.0,0.1346818636848272,0.209837023129789,0.2210025621970637,0.158910977679978,0.1374556181359404,0.1381119551724017
261,261.0,0.136442123398184,0.2122720898604793,0.218251068699755,0.1577900379703362,0.1359398353019063,0.1393048447693392
262,262.0,0.1393020593630135,0.214831757943658,0.2137044713607705,0.1568557609877577,0.1347437015340589,0.1405622488107414
263,263.0,0.1418838188802342,0.218049399134673,0.2093969176135053,0.1557595375150763,0.133384470759049,0.1415258560974621
264,264.0,0.1443350605790367,0.2209978735818678,0.2039415101112892,0.1547946286645315,0.1335773861046272,0.1423535409586476
265,265.0,0.1455864453883474,0.2224476484455047,0.1991748356913989,0.1540412725424773,0.1355002825122087,0.143249515420063
266,266.0,0.1465311594347366,0.2234805245067317,0.1943971163612295,0.1531465617229993,0.1385859329115173,0.1438587050627855
267,267.0,0.1473511369397471,0.2242885771708918,0.189978662376539,0.1522942930697489,0.1417229196851017,0.1443644107579714
268,268.0,0.1474792232110378,0.2237433511081929,0.186356303171198,0.1533458879097789,0.1438747393277983,0.145200495271994
269,269.0,0.1474976122235537,0.2230141978805194,0.1831009385736106,0.1544290153739322,0.146018390356269,0.145939845592115
270,270.0,0.1472385183844756,0.221948230308074,0.1800298513404058,0.1551725480680122,0.1492046816930802,0.1464061702059521
271,271.0,0.1485001380602109,0.2209290752153441,0.1762446103217632,0.1561030101420853,0.1512617721083155,0.1469613941522808
272,272.0,0.1503856408453779,0.2194443857624283,0.1724616261635559,0.1566745468945544,0.1527105822185516,0.1483232181155317
273,273.0,0.1517542595916581,0.217738101962414,0.1689010427038621,0.1570998751725949,0.155051817032551,0.1494549035369198
274,274.0,0.1530189965154773,0.2159744460880112,0.1657012257074273,0.1575143625408693,0.1572978217317975,0.1504931474164172
275,275.0,0.1541775924298435,0.2141767919054028,0.16285809669789,0.1579149482166713,0.1594356592807739,0.1514369114694183
276,276.0,0.1552290754765582,0.2137950872158069,0.1589358467380844,0.1582990165124903,0.1614547680190174,0.1522862060380426
277,277.0,0.1561736421119195,0.2134058398311039,0.1564784358194609,0.1586643784833664,0.1622357186291078,0.1530419851250415
278,278.0,0.1581389165265461,0.2114297625535508,0.1559261707477269,0.159189672124377,0.1616578819349663,0.1536575961128329
279,279.0,0.1586849429345515,0.2104729156429049,0.1554780233937734,0.1594904870246476,0.1618917661548986,0.153981864849224
280,280.0,0.1589000063328998,0.2094299650648354,0.1560948783662454,0.1596558586791879,0.1618073468652911,0.1541119446915404
281,281.0,0.1587372746107957,0.2084161969381115,0.1579362891049978,0.1596587888071364,0.1614984097211052,0.1537530408178534
282,282.0,0.1586647260260767,0.2051207805058157,0.1601649573545865,0.1598190636884444,0.1612940673078119,0.1549364051172648
283,283.0,0.1583347820365658,0.2029655490485425,0.1622020135385747,0.1597800603846771,0.1608466178621693,0.1558709771294706
284,284.0,0.1577983070194628,0.2006159728912988,0.1652010102064447,0.159583922144205,0.160206671978694,0.1565941157598947
285,285.0,0.1572063188276978,0.1983649822656542,0.1697143347717008,0.1593733238431035,0.1595248787600041,0.1558161615318396
286,286.0,0.1569274315177976,0.1955109428104194,0.174795421198952,0.1582589603275893,0.1591693837289508,0.1553378604162909
287,287.0,0.1583180445095953,0.1939958744062804,0.1801323173583612,0.1560348120717191,0.1576785723345413,0.1538403793195027
288,288.0,0.1596615873572889,0.1911831734893119,0.1868246447436898,0.1538340990320873,0.1561808843270553,0.1523156110505668
289,289.0,0.1613451311730462,0.1877345446933461,0.1929295754790007,0.1518215988756238,0.1550975761752064,0.1510715736037767
290,290.0,0.1627830494197209,0.1842732055867722,0.1997468395391997,0.1496894412346632,0.15385443881178,0.1496530254078639
291,291.0,0.1625787794400084,0.1808568659885422,0.2084564753956403,0.1474927388308904,0.1525017119283934,0.1481134284165252
292,292.0,0.1620196145023765,0.1786005068041213,0.2160698479228325,0.1450952306249416,0.1518991992061941,0.146315600939534
293,293.0,0.161585921466279,0.1756535507268302,0.223520449728429,0.1429802579933796,0.151517190070571,0.1447426300145111
294,294.0,0.1602678666953001,0.1728986179158195,0.2306347921262739,0.1411390937284581,0.1502449217866902,0.1448147077474581
295,295.0,0.1574128164509526,0.1703167956757464,0.2372985749955115,0.1393302015655517,0.1489244754458097,0.1467171358664279
296,296.0,0.1541859984333856,0.1701196025325381,0.243145518525395,0.1372719058162896,0.1472853626730929,0.1479916120192988
297,297.0,0.1508572544254937,0.1709574522698448,0.2482603451510688,0.1352101266221968,0.1455762380648473,0.1491385834665486
298,298.0,0.1489081957795195,0.1721704823042621,0.2528141081956871,0.1334928503217176,0.1432391233436376,0.149375240055176
299,299.0,0.1470385263639129,0.1724161150128056,0.2592693965889294,0.1319209812066772,0.140996552304336,0.1483584285233389
300,300.0,0.1451722242420456,0.1724388267979444,0.2658987657336166,0.1305925403707188,0.1386283145962855,0.147269328259389
301,301.0,0.1432946063316241,0.1733532867146749,0.2716981457903699,0.1292981994742497,0.1362694116759036,0.1460863500131778
302,302.0,0.1404144692794969,0.1743611753506705,0.2779423626559456,0.1281474919322855,0.1340424990936272,0.1450920016879742
303,303.0,0.1375497552592447,0.1753319598365338,0.2842252073266838,0.1270264503736845,0.1318455358303576,0.1440210913734956
304,304.0,0.1362561405364539,0.1763596427424194,0.2885514171467895,0.1260433186156962,0.1297974965868266,0.1429919843718144
305,305.0,0.1364926259317809,0.1775671462861549,0.2904146633443947,0.1253330258847282,0.1280428582423847,0.1421496803105566
306,306.0,0.136576058801683,0.1797716355907403,0.2915148320419957,0.1246115023164992,0.1263059382016784,0.1412200330474034
307,307.0,0.1371994814985749,0.1792938275045051,0.2928180229534105,0.124440657658989,0.1251559052633128,0.1410921051212078
308,308.0,0.1392383750985031,0.1787138727045365,0.2922766162338577,0.1244528467534152,0.1242312853321515,0.1410870038775359
309,309.0,0.1409248511942122,0.1788386584260806,0.2908106444437887,0.1242875808415763,0.1242878309258336,0.1408504341685086
310,310.0,0.1425411756640561,0.1798603516486596,0.288582779363711,0.1241031469721062,0.1243657489248266,0.1405467974266405
311,311.0,0.1441782004259227,0.1819901558010552,0.2849803778623153,0.1240033062794627,0.1245621229086096,0.1402858367226345
312,312.0,0.1456389137744198,0.1839173903201905,0.2820697747396044,0.123802026424318,0.1246845721102943,0.1398873226311729
313,313.0,0.1480592762253357,0.1856648652210256,0.278590658093699,0.1235332895182992,0.124761089912899,0.1393908210287414
314,314.0,0.1503330081328084,0.1872469706052709,0.275565225998933,0.1232204175244428,0.1248093931671947,0.13882498457135
315,315.0,0.1514889039189761,0.1877012910576117,0.2730717986645746,0.1230189324694509,0.126368688982338,0.1383503849070486
316,316.0,0.1525840064199258,0.1880928800485332,0.2705480189788357,0.1228765286918051,0.1279791033259108,0.1379194625349893
317,317.0,0.1521848725105984,0.1896740948342681,0.2680221599737116,0.1227887221015473,0.1283694202016345,0.13896073037824
318,318.0,0.1531592028854006,0.1911851606874778,0.2655196881711921,0.1227509310458412,0.1287827461875367,0.1386022710225513
319,319.0,0.1549987967010604,0.1924036961285969,0.2606704324261849,0.1233656747389316,0.1296809010809945,0.1388804989242313
320,320.0,0.1569419043862148,0.1927471996198191,0.2564791575593529,0.1237626692796271,0.1305990171163311,0.1394700520386546
321,321.0,0.1588009594658428,0.193012923051937,0.2524107580351935,0.1241869286139173,0.1315132942981076,0.1400751365350014
322,322.0,0.1603483853453529,0.19320598719654,0.248493630314681,0.1246314836690998,0.1324149737398621,0.1409055397344638
323,323.0,0.1633795389825125,0.1922325466880989,0.2436202604135141,0.1252360533227979,0.1336598837257916,0.1418717168672848
