,Unnamed: 0,Total_iterations,Intertwine_two,Add_vertex,Delete_vertex,Invert_path_vertices,Insert_inside_vertex,Delete_inside_vertex
0,0.0,0.0,0.16666666666666669,0.16666666666666669,0.16666666666666669,0.16666666666666669,0.16666666666666669,0.16666666666666669
1,1.0,1.0,0.16666666666666669,0.16666666666666669,0.16666666666666669,0.16666666666666669,0.16666666666666669,0.16666666666666669
2,2.0,2.0,0.16666666666666669,0.16666666666666669,0.16666666666666669,0.16666666666666669,0.16666666666666669,0.16666666666666669
3,3.0,3.0,0.16666666666666669,0.16666666666666669,0.16666666666666669,0.16666666666666669,0.16666666666666669,0.16666666666666669
4,4.0,4.0,0.16666666666666669,0.16666666666666669,0.16666666666666669,0.16666666666666669,0.16666666666666669,0.16666666666666669
5,5.0,5.0,0.16666666666666669,0.16666666666666669,0.16666666666666669,0.16666666666666669,0.16666666666666669,0.16666666666666669
6,6.0,6.0,0.16666666666666669,0.16666666666666669,0.16666666666666669,0.16666666666666669,0.16666666666666669,0.16666666666666669
7,7.0,7.0,0.16666666666666669,0.16666666666666669,0.16666666666666669,0.16666666666666669,0.16666666666666669,0.16666666666666669
8,8.0,8.0,0.16666666666666669,0.16666666666666669,0.16666666666666669,0.16666666666666669,0.16666666666666669,0.16666666666666669
9,9.0,9.0,0.16666666666666669,0.16666666666666669,0.16666666666666669,0.16666666666666669,0.16666666666666669,0.16666666666666669
10,10.0,10.0,0.16666666666666669,0.16666666666666669,0.16666666666666669,0.16666666666666669,0.16666666666666669,0.16666666666666669
11,11.0,11.0,0.16666666666666669,0.16666666666666669,0.16666666666666669,0.16666666666666669,0.16666666666666669,0.16666666666666669
12,12.0,12.0,0.16666666666666669,0.16666666666666669,0.16666666666666669,0.16666666666666669,0.16666666666666669,0.16666666666666669
13,13.0,13.0,0.16666666666666669,0.16666666666666669,0.16666666666666669,0.16666666666666669,0.16666666666666669,0.16666666666666669
14,14.0,14.0,0.16666666666666669,0.16666666666666669,0.16666666666666669,0.16666666666666669,0.16666666666666669,0.16666666666666669
15,15.0,15.0,0.16666666666666669,0.16666666666666669,0.16666666666666669,0.16666666666666669,0.16666666666666669,0.16666666666666669
16,16.0,16.0,0.16666666666666669,0.16666666666666669,0.16666666666666669,0.16666666666666669,0.16666666666666669,0.16666666666666669
17,17.0,17.0,0.16666666666666669,0.16666666666666669,0.16666666666666669,0.16666666666666669,0.16666666666666669,0.16666666666666669
18,18.0,18.0,0.16666666666666669,0.16666666666666669,0.16666666666666669,0.16666666666666669,0.16666666666666669,0.16666666666666669
19,19.0,19.0,0.16666666666666669,0.16666666666666669,0.16666666666666669,0.16666666666666669,0.16666666666666669,0.16666666666666669
20,20.0,20.0,0.16666666666666669,0.16666666666666669,0.16666666666666669,0.16666666666666669,0.16666666666666669,0.16666666666666669
21,21.0,21.0,0.16666666666666669,0.16666666666666669,0.16666666666666669,0.16666666666666669,0.16666666666666669,0.16666666666666669
22,22.0,22.0,0.16666666666666669,0.16666666666666669,0.16666666666666669,0.16666666666666669,0.16666666666666669,0.16666666666666669
23,23.0,23.0,0.16666666666666669,0.16666666666666669,0.16666666666666669,0.16666666666666669,0.16666666666666669,0.16666666666666669
24,24.0,24.0,0.16666666666666669,0.16666666666666669,0.16666666666666669,0.16666666666666669,0.16666666666666669,0.16666666666666669
25,25.0,25.0,0.16666666666666669,0.16666666666666669,0.16666666666666669,0.16666666666666669,0.16666666666666669,0.16666666666666669
26,26.0,26.0,0.16666666666666669,0.16666666666666669,0.16666666666666669,0.16666666666666669,0.16666666666666669,0.16666666666666669
27,27.0,27.0,0.16666666666666669,0.16666666666666669,0.16666666666666669,0.16666666666666669,0.16666666666666669,0.16666666666666669
28,28.0,28.0,0.16666666666666669,0.16666666666666669,0.16666666666666669,0.16666666666666669,0.16666666666666669,0.16666666666666669
29,29.0,29.0,0.16666666666666669,0.16666666666666669,0.16666666666666669,0.16666666666666669,0.16666666666666669,0.16666666666666669
30,30.0,30.0,0.16666666666666669,0.16666666666666669,0.16666666666666669,0.16666666666666669,0.16666666666666669,0.16666666666666669
31,31.0,31.0,0.16666666666666669,0.16666666666666669,0.16666666666666669,0.16666666666666669,0.16666666666666669,0.16666666666666669
32,32.0,32.0,0.16666666666666669,0.16666666666666669,0.16666666666666669,0.16666666666666669,0.16666666666666669,0.16666666666666669
33,33.0,33.0,0.16666666666666669,0.16666666666666669,0.16666666666666669,0.16666666666666669,0.16666666666666669,0.16666666666666669
34,34.0,34.0,0.16666666666666669,0.16666666666666669,0.16666666666666669,0.16666666666666669,0.16666666666666669,0.16666666666666669
35,35.0,35.0,0.16666666666666669,0.16666666666666669,0.16666666666666669,0.16666666666666669,0.16666666666666669,0.16666666666666669
36,36.0,36.0,0.16666666666666669,0.16666666666666669,0.16666666666666669,0.16666666666666669,0.16666666666666669,0.16666666666666669
37,37.0,37.0,0.16666666666666669,0.16666666666666669,0.16666666666666669,0.16666666666666669,0.16666666666666669,0.16666666666666669
38,38.0,38.0,0.16666666666666669,0.16666666666666669,0.16666666666666669,0.16666666666666669,0.16666666666666669,0.16666666666666669
39,39.0,39.0,0.16666666666666669,0.16666666666666669,0.16666666666666669,0.16666666666666669,0.16666666666666669,0.16666666666666669
40,40.0,40.0,0.16666666666666669,0.16666666666666669,0.16666666666666669,0.16666666666666669,0.16666666666666669,0.16666666666666669
41,41.0,41.0,0.16666666666666669,0.16666666666666669,0.16666666666666669,0.16666666666666669,0.16666666666666669,0.16666666666666669
42,42.0,42.0,0.16666666666666669,0.16666666666666669,0.16666666666666669,0.16666666666666669,0.16666666666666669,0.16666666666666669
43,43.0,43.0,0.16666666666666669,0.16666666666666669,0.16666666666666669,0.16666666666666669,0.16666666666666669,0.16666666666666669
44,44.0,44.0,0.16666666666666669,0.16666666666666669,0.16666666666666669,0.16666666666666669,0.16666666666666669,0.16666666666666669
45,45.0,45.0,0.16666666666666669,0.16666666666666669,0.16666666666666669,0.16666666666666669,0.16666666666666669,0.16666666666666669
46,46.0,46.0,0.16666666666666669,0.16666666666666669,0.16666666666666669,0.16666666666666669,0.16666666666666669,0.16666666666666669
47,47.0,47.0,0.16666666666666669,0.16666666666666669,0.16666666666666669,0.16666666666666669,0.16666666666666669,0.16666666666666669
48,48.0,48.0,0.16666666666666669,0.16666666666666669,0.16666666666666669,0.16666666666666669,0.16666666666666669,0.16666666666666669
49,49.0,49.0,0.16666666666666669,0.16666666666666669,0.16666666666666669,0.16666666666666669,0.16666666666666669,0.16666666666666669
50,50.0,50.0,0.16666666666666669,0.16666666666666669,0.16666666666666669,0.16666666666666669,0.16666666666666669,0.16666666666666669
51,51.0,51.0,0.16666666666666669,0.16666666666666669,0.16666666666666669,0.16666666666666669,0.16666666666666669,0.16666666666666669
52,52.0,52.0,0.16666666666666669,0.16666666666666669,0.16666666666666669,0.16666666666666669,0.16666666666666669,0.16666666666666669
53,53.0,53.0,0.16666666666666669,0.16666666666666669,0.16666666666666669,0.16666666666666669,0.16666666666666669,0.16666666666666669
54,54.0,54.0,0.16666666666666669,0.16666666666666669,0.16666666666666669,0.16666666666666669,0.16666666666666669,0.16666666666666669
55,55.0,55.0,0.16666666666666669,0.16666666666666669,0.16666666666666669,0.16666666666666669,0.16666666666666669,0.16666666666666669
56,56.0,56.0,0.16666666666666669,0.16666666666666669,0.16666666666666669,0.16666666666666669,0.16666666666666669,0.16666666666666669
57,57.0,57.0,0.16666666666666669,0.16666666666666669,0.16666666666666669,0.16666666666666669,0.16666666666666669,0.16666666666666669
58,58.0,58.0,0.16666666666666669,0.16666666666666669,0.16666666666666669,0.16666666666666669,0.16666666666666669,0.16666666666666669
59,59.0,59.0,0.16666666666666669,0.16666666666666669,0.16666666666666669,0.16666666666666669,0.16666666666666669,0.16666666666666669
60,60.0,60.0,0.16666666666666669,0.16666666666666669,0.16666666666666669,0.16666666666666669,0.16666666666666669,0.16666666666666669
61,61.0,61.0,0.16666666666666669,0.16666666666666669,0.16666666666666669,0.16666666666666669,0.16666666666666669,0.16666666666666669
62,62.0,62.0,0.16666666666666669,0.16666666666666669,0.16666666666666669,0.16666666666666669,0.16666666666666669,0.16666666666666669
63,63.0,63.0,0.16666666666666669,0.16666666666666669,0.16666666666666669,0.16666666666666669,0.16666666666666669,0.16666666666666669
64,64.0,64.0,0.16666666666666669,0.16666666666666669,0.16666666666666669,0.16666666666666669,0.16666666666666669,0.16666666666666669
65,65.0,65.0,0.16666666666666669,0.16666666666666669,0.16666666666666669,0.16666666666666669,0.16666666666666669,0.16666666666666669
66,66.0,66.0,0.16666666666666669,0.16666666666666669,0.16666666666666669,0.16666666666666669,0.16666666666666669,0.16666666666666669
67,67.0,67.0,0.16666666666666669,0.16666666666666669,0.16666666666666669,0.16666666666666669,0.16666666666666669,0.16666666666666669
68,68.0,68.1,0.16666666666666669,0.16666666666666669,0.16666666666666669,0.16666666666666669,0.16666666666666669,0.16666666666666669
69,69.0,69.1,0.16666666666666669,0.16666666666666669,0.16666666666666669,0.16666666666666669,0.16666666666666669,0.16666666666666669
70,70.0,70.2,0.16666666666666669,0.16666666666666669,0.16666666666666669,0.16666666666666669,0.16666666666666669,0.16666666666666669
71,71.0,71.2,0.16666666666666669,0.16666666666666669,0.16666666666666669,0.16666666666666669,0.16666666666666669,0.16666666666666669
72,72.0,72.2,0.16666666666666669,0.16666666666666669,0.16666666666666669,0.16666666666666669,0.16666666666666669,0.16666666666666669
73,73.0,73.2,0.16666666666666669,0.16666666666666669,0.16666666666666669,0.16666666666666669,0.16666666666666669,0.16666666666666669
74,74.0,74.2,0.16666666666666669,0.16666666666666669,0.16666666666666669,0.16666666666666669,0.16666666666666669,0.16666666666666669
75,75.0,75.2,0.16666666666666669,0.16666666666666669,0.16666666666666669,0.16666666666666669,0.16666666666666669,0.16666666666666669
76,76.0,76.3,0.16666666666666669,0.16666666666666669,0.16666666666666669,0.16666666666666669,0.16666666666666669,0.16666666666666669
77,77.0,77.4,0.16666666666666669,0.16666666666666669,0.16666666666666669,0.16666666666666669,0.16666666666666669,0.16666666666666669
78,78.0,78.4,0.16666666666666669,0.16666666666666669,0.16666666666666669,0.16666666666666669,0.16666666666666669,0.16666666666666669
79,79.0,79.4,0.16666666666666669,0.16666666666666669,0.16666666666666669,0.16666666666666669,0.16666666666666669,0.16666666666666669
80,80.0,80.4,0.16666666666666669,0.16666666666666669,0.16666666666666669,0.16666666666666669,0.16666666666666669,0.16666666666666669
81,81.0,81.4,0.16666666666666669,0.16666666666666669,0.16666666666666669,0.16666666666666669,0.16666666666666669,0.16666666666666669
82,82.0,82.5,0.16666666666666669,0.16666666666666669,0.16666666666666669,0.16666666666666669,0.16666666666666669,0.16666666666666669
83,83.0,83.6,0.16666666666666669,0.16666666666666669,0.16666666666666669,0.16666666666666669,0.16666666666666669,0.16666666666666669
84,84.0,84.6,0.16666666666666669,0.16666666666666669,0.16666666666666669,0.16666666666666669,0.16666666666666669,0.16666666666666669
85,85.0,85.6,0.16666666666666669,0.16666666666666669,0.16666666666666669,0.16666666666666669,0.16666666666666669,0.16666666666666669
86,86.0,86.6,0.16666666666666669,0.16666666666666669,0.16666666666666669,0.16666666666666669,0.16666666666666669,0.16666666666666669
87,87.0,87.6,0.16666666666666669,0.16666666666666669,0.16666666666666669,0.16666666666666669,0.16666666666666669,0.16666666666666669
88,88.0,88.6,0.16666666666666669,0.16666666666666669,0.16666666666666669,0.16666666666666669,0.16666666666666669,0.16666666666666669
89,89.0,89.6,0.16666666666666669,0.16666666666666669,0.16666666666666669,0.16666666666666669,0.16666666666666669,0.16666666666666669
90,90.0,90.6,0.16666666666666669,0.16666666666666669,0.16666666666666669,0.16666666666666669,0.16666666666666669,0.16666666666666669
91,91.0,91.6,0.16666666666666669,0.16666666666666669,0.16666666666666669,0.16666666666666669,0.16666666666666669,0.16666666666666669
92,92.0,92.6,0.16666666666666669,0.16666666666666669,0.16666666666666669,0.16666666666666669,0.16666666666666669,0.16666666666666669
93,93.0,93.6,0.16666666666666669,0.16666666666666669,0.16666666666666669,0.16666666666666669,0.16666666666666669,0.16666666666666669
94,94.0,94.6,0.16666666666666669,0.16666666666666669,0.16666666666666669,0.16666666666666669,0.16666666666666669,0.16666666666666669
95,95.0,95.7,0.16666666666666669,0.16666666666666669,0.16666666666666669,0.16666666666666669,0.16666666666666669,0.16666666666666669
96,96.0,96.7,0.16666666666666669,0.16666666666666669,0.16666666666666669,0.16666666666666669,0.16666666666666669,0.16666666666666669
97,97.0,97.7,0.16666666666666669,0.16666666666666669,0.16666666666666669,0.16666666666666669,0.16666666666666669,0.16666666666666669
98,98.0,98.8,0.16666666666666669,0.16666666666666669,0.16666666666666669,0.16666666666666669,0.16666666666666669,0.16666666666666669
99,99.0,99.8,0.16666666666666669,0.16666666666666669,0.16666666666666669,0.16666666666666669,0.16666666666666669,0.16666666666666669
100,100.0,100.8,0.16666666666666669,0.16666666666666669,0.16666666666666669,0.16666666666666669,0.16666666666666669,0.16666666666666669
101,101.0,101.8,0.16666666666666669,0.16666666666666669,0.16666666666666669,0.16666666666666669,0.16666666666666669,0.16666666666666669
102,102.0,102.8,0.16666666666666669,0.16666666666666669,0.16666666666666669,0.16666666666666669,0.16666666666666669,0.16666666666666669
103,103.0,103.8,0.16666666666666669,0.16666666666666669,0.16666666666666669,0.16666666666666669,0.16666666666666669,0.16666666666666669
104,104.0,104.8,0.16666666666666669,0.16666666666666669,0.16666666666666669,0.16666666666666669,0.16666666666666669,0.16666666666666669
105,105.0,105.8,0.16666666666666669,0.16666666666666669,0.16666666666666669,0.16666666666666669,0.16666666666666669,0.16666666666666669
106,106.0,106.8,0.16666666666666669,0.16666666666666669,0.16666666666666669,0.16666666666666669,0.16666666666666669,0.16666666666666669
107,107.0,107.8,0.16666666666666669,0.16666666666666669,0.16666666666666669,0.16666666666666669,0.16666666666666669,0.16666666666666669
108,108.0,108.8,0.16666666666666669,0.16666666666666669,0.16666666666666669,0.16666666666666669,0.16666666666666669,0.16666666666666669
109,109.0,109.8,0.16666666666666669,0.16666666666666669,0.16666666666666669,0.16666666666666669,0.16666666666666669,0.16666666666666669
110,110.0,110.8,0.16666666666666669,0.16666666666666669,0.16666666666666669,0.16666666666666669,0.16666666666666669,0.16666666666666669
111,111.0,111.8,0.16666666666666669,0.16666666666666669,0.16666666666666669,0.16666666666666669,0.16666666666666669,0.16666666666666669
112,112.0,112.8,0.16666666666666669,0.16666666666666669,0.16666666666666669,0.16666666666666669,0.16666666666666669,0.16666666666666669
113,113.0,113.8,0.16666666666666669,0.16666666666666669,0.16666666666666669,0.16666666666666669,0.16666666666666669,0.16666666666666669
114,114.0,114.8,0.16666666666666669,0.16666666666666669,0.16666666666666669,0.16666666666666669,0.16666666666666669,0.16666666666666669
115,115.0,115.8,0.16666666666666669,0.16666666666666669,0.16666666666666669,0.16666666666666669,0.16666666666666669,0.16666666666666669
116,116.0,116.8,0.16666666666666669,0.16666666666666669,0.16666666666666669,0.16666666666666669,0.16666666666666669,0.16666666666666669
117,117.0,117.8,0.16666666666666669,0.16666666666666669,0.16666666666666669,0.16666666666666669,0.16666666666666669,0.16666666666666669
118,118.0,118.8,0.16666666666666669,0.16666666666666669,0.16666666666666669,0.16666666666666669,0.16666666666666669,0.16666666666666669
119,119.0,119.8,0.16666666666666669,0.16666666666666669,0.16666666666666669,0.16666666666666669,0.16666666666666669,0.16666666666666669
120,120.0,120.8,0.16666666666666669,0.16666666666666669,0.16666666666666669,0.16666666666666669,0.16666666666666669,0.16666666666666669
121,121.0,121.8,0.16666666666666669,0.16666666666666669,0.16666666666666669,0.16666666666666669,0.16666666666666669,0.16666666666666669
122,122.0,122.8,0.16666666666666669,0.16666666666666669,0.16666666666666669,0.16666666666666669,0.16666666666666669,0.16666666666666669
123,123.0,123.8,0.16666666666666669,0.16666666666666669,0.16666666666666669,0.16666666666666669,0.16666666666666669,0.16666666666666669
124,124.0,124.8,0.16666666666666669,0.16666666666666669,0.16666666666666669,0.16666666666666669,0.16666666666666669,0.16666666666666669
125,125.0,125.8,0.16666666666666669,0.16666666666666669,0.16666666666666669,0.16666666666666669,0.16666666666666669,0.16666666666666669
126,126.0,126.8,0.16666666666666669,0.16666666666666669,0.16666666666666669,0.16666666666666669,0.16666666666666669,0.16666666666666669
127,127.0,127.8,0.16666666666666669,0.16666666666666669,0.16666666666666669,0.16666666666666669,0.16666666666666669,0.16666666666666669
128,128.0,128.8,0.16666666666666669,0.16666666666666669,0.16666666666666669,0.16666666666666669,0.16666666666666669,0.16666666666666669
129,129.0,129.8,0.16666666666666669,0.16666666666666669,0.16666666666666669,0.16666666666666669,0.16666666666666669,0.16666666666666669
130,130.0,130.8,0.16666666666666669,0.16666666666666669,0.16666666666666669,0.16666666666666669,0.16666666666666669,0.16666666666666669
131,131.0,131.8,0.16666666666666669,0.16666666666666669,0.16666666666666669,0.16666666666666669,0.16666666666666669,0.16666666666666669
132,132.0,132.8,0.16666666666666669,0.16666666666666669,0.16666666666666669,0.16666666666666669,0.16666666666666669,0.16666666666666669
133,133.0,133.8,0.16666666666666669,0.16666666666666669,0.16666666666666669,0.16666666666666669,0.16666666666666669,0.16666666666666669
134,134.0,134.8,0.16666666666666669,0.16666666666666669,0.16666666666666669,0.16666666666666669,0.16666666666666669,0.16666666666666669
135,135.0,135.8,0.16666666666666669,0.16666666666666669,0.16666666666666669,0.16666666666666669,0.16666666666666669,0.16666666666666669
136,136.0,136.8,0.16666666666666669,0.16666666666666669,0.16666666666666669,0.16666666666666669,0.16666666666666669,0.16666666666666669
137,137.0,137.8,0.16666666666666669,0.16666666666666669,0.16666666666666669,0.16666666666666669,0.16666666666666669,0.16666666666666669
138,138.0,138.8,0.16666666666666669,0.16666666666666669,0.16666666666666669,0.16666666666666669,0.16666666666666669,0.16666666666666669
139,139.0,139.8,0.16666666666666669,0.16666666666666669,0.16666666666666669,0.16666666666666669,0.16666666666666669,0.16666666666666669
140,140.0,140.8,0.16666666666666669,0.16666666666666669,0.16666666666666669,0.16666666666666669,0.16666666666666669,0.16666666666666669
141,141.0,141.8,0.16666666666666669,0.16666666666666669,0.16666666666666669,0.16666666666666669,0.16666666666666669,0.16666666666666669
142,142.0,142.8,0.16666666666666669,0.16666666666666669,0.16666666666666669,0.16666666666666669,0.16666666666666669,0.16666666666666669
143,143.0,143.8,0.16666666666666669,0.16666666666666669,0.16666666666666669,0.16666666666666669,0.16666666666666669,0.16666666666666669
144,144.0,144.8,0.16666666666666669,0.16666666666666669,0.16666666666666669,0.16666666666666669,0.16666666666666669,0.16666666666666669
145,145.0,145.8,0.16666666666666669,0.16666666666666669,0.16666666666666669,0.16666666666666669,0.16666666666666669,0.16666666666666669
146,146.0,146.8,0.16666666666666669,0.16666666666666669,0.16666666666666669,0.16666666666666669,0.16666666666666669,0.16666666666666669
147,147.0,147.8,0.16666666666666669,0.16666666666666669,0.16666666666666669,0.16666666666666669,0.16666666666666669,0.16666666666666669
148,148.0,148.8,0.16666666666666669,0.16666666666666669,0.16666666666666669,0.16666666666666669,0.16666666666666669,0.16666666666666669
149,149.0,149.8,0.16666666666666669,0.16666666666666669,0.16666666666666669,0.16666666666666669,0.16666666666666669,0.16666666666666669
150,150.0,150.8,0.16666666666666669,0.16666666666666669,0.16666666666666669,0.16666666666666669,0.16666666666666669,0.16666666666666669
151,151.0,151.8,0.16666666666666669,0.16666666666666669,0.16666666666666669,0.16666666666666669,0.16666666666666669,0.16666666666666669
152,152.0,152.8,0.16666666666666669,0.16666666666666669,0.16666666666666669,0.16666666666666669,0.16666666666666669,0.16666666666666669
153,153.0,153.8,0.16666666666666669,0.16666666666666669,0.16666666666666669,0.16666666666666669,0.16666666666666669,0.16666666666666669
154,154.0,154.8,0.16666666666666669,0.16666666666666669,0.16666666666666669,0.16666666666666669,0.16666666666666669,0.16666666666666669
155,155.0,155.8,0.16666666666666669,0.16666666666666669,0.16666666666666669,0.16666666666666669,0.16666666666666669,0.16666666666666669
156,156.0,156.8,0.16666666666666669,0.16666666666666669,0.16666666666666669,0.16666666666666669,0.16666666666666669,0.16666666666666669
157,157.0,157.8,0.16666666666666669,0.16666666666666669,0.16666666666666669,0.16666666666666669,0.16666666666666669,0.16666666666666669
158,158.0,158.8,0.16666666666666669,0.16666666666666669,0.16666666666666669,0.16666666666666669,0.16666666666666669,0.16666666666666669
159,159.0,159.8,0.16666666666666669,0.16666666666666669,0.16666666666666669,0.16666666666666669,0.16666666666666669,0.16666666666666669
160,160.0,160.8,0.16666666666666669,0.16666666666666669,0.16666666666666669,0.16666666666666669,0.16666666666666669,0.16666666666666669
161,161.0,161.8,0.16666666666666669,0.16666666666666669,0.16666666666666669,0.16666666666666669,0.16666666666666669,0.16666666666666669
162,162.0,162.8,0.16666666666666669,0.16666666666666669,0.16666666666666669,0.16666666666666669,0.16666666666666669,0.16666666666666669
163,163.0,163.8,0.16666666666666669,0.16666666666666669,0.16666666666666669,0.16666666666666669,0.16666666666666669,0.16666666666666669
164,164.0,164.8,0.16666666666666669,0.16666666666666669,0.16666666666666669,0.16666666666666669,0.16666666666666669,0.16666666666666669
165,165.0,165.8,0.16666666666666669,0.16666666666666669,0.16666666666666669,0.16666666666666669,0.16666666666666669,0.16666666666666669
166,166.0,166.8,0.16666666666666669,0.16666666666666669,0.16666666666666669,0.16666666666666669,0.16666666666666669,0.16666666666666669
167,167.0,167.8,0.16666666666666669,0.16666666666666669,0.16666666666666669,0.16666666666666669,0.16666666666666669,0.16666666666666669
168,168.0,168.8,0.16666666666666669,0.16666666666666669,0.16666666666666669,0.16666666666666669,0.16666666666666669,0.16666666666666669
169,169.0,169.8,0.16666666666666669,0.16666666666666669,0.16666666666666669,0.16666666666666669,0.16666666666666669,0.16666666666666669
170,170.0,170.8,0.16666666666666669,0.16666666666666669,0.16666666666666669,0.16666666666666669,0.16666666666666669,0.16666666666666669
171,171.0,171.8,0.16666666666666669,0.16666666666666669,0.16666666666666669,0.16666666666666669,0.16666666666666669,0.16666666666666669
172,172.0,172.8,0.16666666666666669,0.16666666666666669,0.16666666666666669,0.16666666666666669,0.16666666666666669,0.16666666666666669
173,173.0,173.8,0.16666666666666669,0.16666666666666669,0.16666666666666669,0.16666666666666669,0.16666666666666669,0.16666666666666669
174,174.0,174.8,0.16666666666666669,0.16666666666666669,0.16666666666666669,0.16666666666666669,0.16666666666666669,0.16666666666666669
175,175.0,175.8,0.16666666666666669,0.16666666666666669,0.16666666666666669,0.16666666666666669,0.16666666666666669,0.16666666666666669
176,176.0,176.8,0.16666666666666669,0.16666666666666669,0.16666666666666669,0.16666666666666669,0.16666666666666669,0.16666666666666669
177,177.0,177.8,0.16666666666666669,0.16666666666666669,0.16666666666666669,0.16666666666666669,0.16666666666666669,0.16666666666666669
178,178.0,178.8,0.16666666666666669,0.16666666666666669,0.16666666666666669,0.16666666666666669,0.16666666666666669,0.16666666666666669
179,179.0,179.8,0.16666666666666669,0.16666666666666669,0.16666666666666669,0.16666666666666669,0.16666666666666669,0.16666666666666669
180,180.0,180.8,0.16666666666666669,0.16666666666666669,0.16666666666666669,0.16666666666666669,0.16666666666666669,0.16666666666666669
181,181.0,181.8,0.16666666666666669,0.16666666666666669,0.16666666666666669,0.16666666666666669,0.16666666666666669,0.16666666666666669
182,182.0,182.8,0.16666666666666669,0.16666666666666669,0.16666666666666669,0.16666666666666669,0.16666666666666669,0.16666666666666669
183,183.0,183.8,0.16666666666666669,0.16666666666666669,0.16666666666666669,0.16666666666666669,0.16666666666666669,0.16666666666666669
184,184.0,184.8,0.16666666666666669,0.16666666666666669,0.16666666666666669,0.16666666666666669,0.16666666666666669,0.16666666666666669
185,185.0,185.8,0.16666666666666669,0.16666666666666669,0.16666666666666669,0.16666666666666669,0.16666666666666669,0.16666666666666669
186,186.0,186.8,0.16666666666666669,0.16666666666666669,0.16666666666666669,0.16666666666666669,0.16666666666666669,0.16666666666666669
187,187.0,187.8,0.16666666666666669,0.16666666666666669,0.16666666666666669,0.16666666666666669,0.16666666666666669,0.16666666666666669
188,188.0,188.8,0.16666666666666669,0.16666666666666669,0.16666666666666669,0.16666666666666669,0.16666666666666669,0.16666666666666669
189,189.0,189.8,0.16666666666666669,0.16666666666666669,0.16666666666666669,0.16666666666666669,0.16666666666666669,0.16666666666666669
190,190.0,190.8,0.16666666666666669,0.16666666666666669,0.16666666666666669,0.16666666666666669,0.16666666666666669,0.16666666666666669
191,191.0,191.8,0.16666666666666669,0.16666666666666669,0.16666666666666669,0.16666666666666669,0.16666666666666669,0.16666666666666669
192,192.0,192.8,0.16666666666666669,0.16666666666666669,0.16666666666666669,0.16666666666666669,0.16666666666666669,0.16666666666666669
193,193.0,193.8,0.16666666666666669,0.16666666666666669,0.16666666666666669,0.16666666666666669,0.16666666666666669,0.16666666666666669
194,194.0,194.9,0.16666666666666669,0.16666666666666669,0.16666666666666669,0.16666666666666669,0.16666666666666669,0.16666666666666669
195,195.0,195.9,0.16666666666666669,0.16666666666666669,0.16666666666666669,0.16666666666666669,0.16666666666666669,0.16666666666666669
196,196.0,196.9,0.16666666666666669,0.16666666666666669,0.16666666666666669,0.16666666666666669,0.16666666666666669,0.16666666666666669
197,197.0,197.9,0.16666666666666669,0.16666666666666669,0.16666666666666669,0.16666666666666669,0.16666666666666669,0.16666666666666669
198,198.0,198.9,0.16666666666666669,0.16666666666666669,0.16666666666666669,0.16666666666666669,0.16666666666666669,0.16666666666666669
199,199.0,199.9,0.1642857142857143,0.1642857142857143,0.1785714285714286,0.1642857142857143,0.1642857142857143,0.1642857142857143
200,200.0,200.9,0.16250000000000003,0.16250000000000003,0.18750000000000003,0.16250000000000003,0.16250000000000003,0.16250000000000003
201,201.0,201.9,0.16011904761904763,0.16011904761904763,0.19940476190476192,0.16011904761904763,0.16011904761904763,0.16011904761904763
202,202.0,202.9,0.16011904761904763,0.16011904761904763,0.19940476190476192,0.16011904761904763,0.16011904761904763,0.16011904761904763
203,203.0,203.9,0.15961399711399712,0.1606240981240981,0.19990981240981245,0.1606240981240981,0.15961399711399712,0.15961399711399712
204,204.0,204.9,0.15782828282828285,0.15883838383838383,0.19633838383838384,0.15883838383838383,0.15782828282828285,0.17032828282828286
205,205.0,205.9,0.15643939393939393,0.15744949494949495,0.19217171717171716,0.15744949494949495,0.16755050505050506,0.16893939393939397
206,206.0,206.9,0.15532828282828284,0.15633838383838386,0.18883838383838386,0.15633838383838386,0.17532828282828283,0.16782828282828285
207,207.0,207.9,0.15441919191919193,0.16792929292929293,0.1952020202020202,0.15542929292929292,0.1726010101010101,0.15441919191919193
208,208.0,208.9,0.15366161616161617,0.16717171717171717,0.19217171717171716,0.15467171717171718,0.1786616161616162,0.15366161616161617
209,209.0,209.9,0.15227272727272728,0.17550505050505052,0.1893939393939394,0.1532828282828283,0.1772727272727273,0.15227272727272728
210,210.0,210.9,0.16116161616161617,0.17217171717171717,0.18717171717171718,0.15217171717171718,0.17616161616161616,0.15116161616161616
211,211.0,211.9,0.16949494949494953,0.17217171717171717,0.18717171717171718,0.15217171717171718,0.16782828282828283,0.15116161616161616
212,212.0,212.9,0.16821289821289825,0.17153069153069153,0.19229992229992232,0.15153069153069154,0.1659052059052059,0.15052059052059052
213,213.0,213.9,0.17901875901875902,0.16860028860028858,0.19431457431457433,0.1486002886002886,0.16187590187590187,0.14759018759018758
214,214.0,214.9,0.17544733044733046,0.1668145743145743,0.19252886002886005,0.15931457431457433,0.1600901875901876,0.1458044733044733
215,215.0,215.9,0.17544733044733046,0.1668145743145743,0.19252886002886005,0.15931457431457433,0.1600901875901876,0.1458044733044733
216,216.0,216.9,0.1744949494949495,0.16633838383838384,0.19633838383838387,0.15883838383838383,0.15866161616161617,0.14532828282828283
217,217.0,217.9,0.17366161616161618,0.16592171717171716,0.1996717171717172,0.15842171717171719,0.15741161616161617,0.14491161616161616
218,218.0,218.9,0.17362903225806453,0.16595430107526882,0.19970430107526885,0.1584543010752688,0.15737903225806452,0.1448790322580645
219,219.0,219.9,0.17362903225806453,0.16595430107526882,0.19970430107526885,0.1584543010752688,0.15737903225806452,0.1448790322580645
220,220.0,220.9,0.18553379416282645,0.16357334869431644,0.19732334869431645,0.15607334869431644,0.15499807987711214,0.14249807987711213
221,221.0,221.9,0.18553379416282645,0.16357334869431644,0.19732334869431645,0.15607334869431644,0.15499807987711214,0.14249807987711213
222,222.0,222.9,0.17928379416282644,0.16357334869431644,0.19732334869431645,0.15607334869431644,0.16124807987711215,0.14249807987711213
223,223.0,223.9,0.17945378151260508,0.16377917833800187,0.1997268907563025,0.15627917833800187,0.15920401493930908,0.14155695611577965
224,224.0,224.9,0.17912698412698416,0.16900793650793652,0.19678571428571429,0.15595238095238095,0.15789682539682542,0.14123015873015873
225,225.0,225.9,0.17912698412698416,0.16900793650793652,0.19678571428571429,0.15595238095238095,0.15789682539682542,0.14123015873015873
226,226.0,227.0,0.17912698412698416,0.16900793650793652,0.19678571428571429,0.15595238095238095,0.15789682539682542,0.14123015873015873
227,227.0,228.0,0.16662698412698415,0.18150793650793653,0.19678571428571429,0.15595238095238095,0.15789682539682542,0.14123015873015873
228,228.0,229.0,0.16523809523809527,0.17873015873015877,0.1953968253968254,0.15317460317460316,0.16761904761904764,0.13984126984126985
229,229.0,230.0,0.17714285714285719,0.17634920634920634,0.19301587301587303,0.15079365079365079,0.16523809523809524,0.13746031746031745
230,230.0,231.0,0.1700793650793651,0.16996031746031748,0.18773809523809526,0.1544047619047619,0.15884920634920635,0.15896825396825398
231,231.0,232.0,0.1716666666666667,0.17313492063492064,0.17345238095238097,0.1559920634920635,0.16519841269841268,0.16055555555555556
232,232.0,233.0,0.1698809523809524,0.17134920634920636,0.18416666666666667,0.1542063492063492,0.1634126984126984,0.15698412698412698
233,233.0,234.0,0.1698809523809524,0.17134920634920636,0.18416666666666667,0.1542063492063492,0.1634126984126984,0.15698412698412698
234,234.0,235.0,0.17043040293040296,0.17244810744810746,0.17922161172161172,0.16244810744810745,0.15791819291819292,0.15753357753357752
235,235.0,236.0,0.17043040293040296,0.17244810744810746,0.17922161172161172,0.16244810744810745,0.15791819291819292,0.15753357753357752
236,236.0,237.0,0.17043040293040296,0.17244810744810746,0.17922161172161172,0.16244810744810745,0.15791819291819292,0.15753357753357752
237,237.0,238.0,0.16035714285714286,0.19813492063492066,0.17523809523809525,0.15718253968253967,0.16162698412698412,0.14746031746031746
238,238.0,239.0,0.15793040293040295,0.20514041514041517,0.17152930402930405,0.16244810744810745,0.15791819291819292,0.14503357753357754
239,239.0,240.0,0.15654151404151406,0.20097374847374852,0.17014041514041517,0.16105921855921856,0.15652930402930404,0.15475579975579973
240,240.0,241.0,0.15654151404151406,0.20097374847374852,0.17014041514041517,0.16105921855921856,0.15652930402930404,0.15475579975579973
241,241.0,242.0,0.15654151404151406,0.20097374847374852,0.17014041514041517,0.16105921855921856,0.15652930402930404,0.15475579975579973
242,242.0,243.0,0.15654151404151406,0.21097374847374847,0.17014041514041517,0.16105921855921856,0.15764041514041516,0.14364468864468866
243,243.0,244.0,0.15452131202131203,0.21491314241314247,0.18062021312021312,0.16631174381174382,0.154509102009102,0.1291244866244866
244,244.0,245.0,0.15361222111222111,0.22036768786768784,0.1797111222111222,0.1654026529026529,0.15269092019092018,0.1282153957153957
245,245.0,246.0,0.15222333222333223,0.21897879897879902,0.17554445554445555,0.16401376401376402,0.1513020313020313,0.1379376179376179
246,246.0,247.0,0.15222333222333223,0.2280697080697081,0.17554445554445555,0.16401376401376402,0.1422111222111222,0.1379376179376179
247,247.0,248.0,0.15222333222333223,0.2280697080697081,0.17554445554445555,0.16401376401376402,0.1422111222111222,0.1379376179376179
248,248.0,249.0,0.15222333222333223,0.2280697080697081,0.17554445554445555,0.16401376401376402,0.1422111222111222,0.1379376179376179
249,249.0,250.0,0.16968364968364966,0.23124431124431127,0.1564968364968365,0.1671883671883672,0.1453857253857254,0.13000111000110998
250,250.0,251.0,0.1717038517038517,0.21003219003219006,0.16962814962814962,0.16920856920856922,0.14740592740592742,0.132021312021312
251,251.0,252.0,0.1705927405927406,0.21669885669885672,0.16740592740592738,0.1680974580974581,0.1462948162948163,0.13091020091020092
252,252.0,253.0,0.1705927405927406,0.21669885669885672,0.16740592740592738,0.1680974580974581,0.1462948162948163,0.13091020091020092
253,253.0,254.0,0.1705927405927406,0.21669885669885672,0.16740592740592738,0.1680974580974581,0.1462948162948163,0.13091020091020092
254,254.0,255.0,0.1705927405927406,0.21669885669885672,0.16740592740592738,0.1680974580974581,0.1462948162948163,0.13091020091020092
255,255.0,256.0,0.1563070263070263,0.21669885669885672,0.16740592740592738,0.1823831723831724,0.1462948162948163,0.13091020091020092
256,256.0,257.0,0.1563070263070263,0.21669885669885672,0.16740592740592738,0.1823831723831724,0.1462948162948163,0.13091020091020092
257,257.0,258.0,0.1705927405927406,0.21669885669885672,0.16740592740592738,0.1680974580974581,0.1462948162948163,0.13091020091020092
258,258.0,259.0,0.16702131202131204,0.21491314241314247,0.17812021312021312,0.16631174381174382,0.144509102009102,0.1291244866244866
259,259.0,260.0,0.16424353424353424,0.22463536463536463,0.17534243534243535,0.16492285492285494,0.1431202131202131,0.12773559773559773
260,260.0,261.0,0.16424353424353424,0.22463536463536463,0.17534243534243535,0.16492285492285494,0.1431202131202131,0.12773559773559773
261,261.0,262.0,0.16674353424353422,0.20963536463536467,0.18034243534243535,0.16742285492285494,0.14562021312021312,0.13023559773559773
262,262.0,263.0,0.16535464535464534,0.2068575868575869,0.18867576867576868,0.16603396603396606,0.14423132423132423,0.12884670884670885
263,263.0,264.0,0.16424353424353424,0.21463536463536464,0.18534243534243536,0.16492285492285494,0.1431202131202131,0.12773559773559773
264,264.0,265.0,0.16424353424353424,0.21463536463536464,0.18534243534243536,0.16492285492285494,0.1431202131202131,0.12773559773559773
265,265.0,266.0,0.16424353424353424,0.21463536463536464,0.18534243534243536,0.16492285492285494,0.1431202131202131,0.12773559773559773
266,266.0,267.0,0.15452131202131203,0.2174131424131424,0.18812021312021313,0.16631174381174382,0.144509102009102,0.1291244866244866
267,267.0,268.0,0.16361222111222112,0.20832223332223335,0.18812021312021313,0.16631174381174382,0.144509102009102,0.1291244866244866
268,268.0,269.0,0.16361222111222112,0.20832223332223335,0.18812021312021313,0.16631174381174382,0.144509102009102,0.1291244866244866
269,269.0,270.0,0.16361222111222112,0.20832223332223335,0.18812021312021313,0.16631174381174382,0.144509102009102,0.1291244866244866
270,270.0,271.0,0.16361222111222112,0.20832223332223335,0.18812021312021313,0.16631174381174382,0.144509102009102,0.1291244866244866
271,271.0,272.0,0.16451312201312202,0.20676067176067175,0.19037246537246538,0.16880423630423633,0.14246705996705997,0.12708244458244458
272,272.0,273.0,0.16451312201312202,0.20676067176067175,0.17787246537246537,0.16880423630423633,0.15496705996705998,0.12708244458244458
273,273.0,274.0,0.15740994740994743,0.1882686082686083,0.18505500505500505,0.17170106170106172,0.1675861075861076,0.12997926997926998
274,274.0,275.0,0.15740994740994743,0.1882686082686083,0.18505500505500505,0.17170106170106172,0.1675861075861076,0.12997926997926998
275,275.0,276.0,0.15740994740994743,0.1882686082686083,0.18505500505500505,0.17170106170106172,0.1675861075861076,0.12997926997926998
276,276.0,277.0,0.15562423312423315,0.186482893982894,0.1939835764835765,0.16991534741534745,0.1658003933003933,0.1281935556935557
277,277.0,278.0,0.15562423312423315,0.186482893982894,0.1939835764835765,0.16991534741534745,0.1658003933003933,0.1281935556935557
278,278.0,279.0,0.15562423312423315,0.186482893982894,0.1939835764835765,0.16991534741534745,0.1658003933003933,0.1281935556935557
279,279.0,280.0,0.15562423312423315,0.186482893982894,0.1939835764835765,0.16991534741534745,0.1658003933003933,0.1281935556935557
280,280.0,281.0,0.16534645534645537,0.18509400509400512,0.18981690981690982,0.16852645852645856,0.16441150441150443,0.12680466680466682
281,281.0,282.0,0.16534645534645537,0.18509400509400512,0.18981690981690982,0.16852645852645856,0.16441150441150443,0.12680466680466682
282,282.0,283.0,0.16534645534645537,0.18509400509400512,0.18981690981690982,0.16852645852645856,0.16441150441150443,0.12680466680466682
283,283.0,284.0,0.16534645534645537,0.18509400509400512,0.18981690981690982,0.16852645852645856,0.16441150441150443,0.12680466680466682
284,284.0,285.0,0.16534645534645537,0.18509400509400512,0.18981690981690982,0.16852645852645856,0.16441150441150443,0.12680466680466682
285,285.0,286.0,0.16534645534645537,0.18509400509400512,0.18981690981690982,0.16852645852645856,0.16441150441150443,0.12680466680466682
286,286.0,287.0,0.16312423312423313,0.183982893982894,0.1964835764835765,0.16741534741534744,0.1633003933003933,0.1256935556935557
287,287.0,288.0,0.16312423312423313,0.183982893982894,0.1964835764835765,0.16741534741534744,0.1633003933003933,0.1256935556935557
288,288.0,289.0,0.16312423312423313,0.183982893982894,0.1964835764835765,0.16741534741534744,0.1633003933003933,0.1256935556935557
289,289.0,290.0,0.16312423312423313,0.183982893982894,0.1964835764835765,0.16741534741534744,0.1633003933003933,0.1256935556935557
290,290.0,291.0,0.16312423312423313,0.183982893982894,0.1964835764835765,0.16741534741534744,0.1633003933003933,0.1256935556935557
291,291.0,292.0,0.15562423312423315,0.186482893982894,0.1939835764835765,0.16991534741534745,0.1658003933003933,0.1281935556935557
292,292.0,293.0,0.15562423312423315,0.186482893982894,0.1939835764835765,0.16991534741534745,0.1658003933003933,0.1281935556935557
293,293.0,294.0,0.15562423312423315,0.186482893982894,0.1939835764835765,0.16991534741534745,0.1658003933003933,0.1281935556935557
294,294.0,295.0,0.1460535260535261,0.17691218691218694,0.19072600072600074,0.18216282216282217,0.16532059532059534,0.13882486882486883
295,295.0,296.0,0.1460535260535261,0.17691218691218694,0.19072600072600074,0.18216282216282217,0.16532059532059534,0.13882486882486883
