Total_iterations,Unnamed: 0.1,Intertwine_two,Add_vertex,Delete_vertex,Invert_path_vertices,Insert_inside_vertex,Delete_inside_vertex
0,0.0,0.1666666666666666,0.1666666666666666,0.1666666666666666,0.1666666666666666,0.1666666666666666,0.1666666666666666
1,1.0,0.1666666666666666,0.1666666666666666,0.1666666666666666,0.1666666666666666,0.1666666666666666,0.1666666666666666
2,2.0,0.1666666666666666,0.1666666666666666,0.1666666666666666,0.1666666666666666,0.1666666666666666,0.1666666666666666
3,3.0,0.1666666666666666,0.1666666666666666,0.1666666666666666,0.1666666666666666,0.1666666666666666,0.1666666666666666
4,4.0,0.1666666666666666,0.1666666666666666,0.1666666666666666,0.1666666666666666,0.1666666666666666,0.1666666666666666
5,5.0,0.1666666666666666,0.1666666666666666,0.1666666666666666,0.1666666666666666,0.1666666666666666,0.1666666666666666
6,6.0,0.1666666666666666,0.1666666666666666,0.1666666666666666,0.1666666666666666,0.1666666666666666,0.1666666666666666
7,7.0,0.1666666666666666,0.1666666666666666,0.1666666666666666,0.1666666666666666,0.1666666666666666,0.1666666666666666
8,8.0,0.1666666666666666,0.1666666666666666,0.1666666666666666,0.1666666666666666,0.1666666666666666,0.1666666666666666
9,9.0,0.1666666666666666,0.1666666666666666,0.1666666666666666,0.1666666666666666,0.1666666666666666,0.1666666666666666
10,10.0,0.1666666666666666,0.1666666666666666,0.1666666666666666,0.1666666666666666,0.1666666666666666,0.1666666666666666
11,11.0,0.1666666666666666,0.1666666666666666,0.1666666666666666,0.1666666666666666,0.1666666666666666,0.1666666666666666
12,12.0,0.1666666666666666,0.1666666666666666,0.1666666666666666,0.1666666666666666,0.1666666666666666,0.1666666666666666
13,13.0,0.1666666666666666,0.1666666666666666,0.1666666666666666,0.1666666666666666,0.1666666666666666,0.1666666666666666
14,14.0,0.1666666666666666,0.1666666666666666,0.1666666666666666,0.1666666666666666,0.1666666666666666,0.1666666666666666
15,15.0,0.1666666666666666,0.1666666666666666,0.1666666666666666,0.1666666666666666,0.1666666666666666,0.1666666666666666
16,16.0,0.1666666666666666,0.1666666666666666,0.1666666666666666,0.1666666666666666,0.1666666666666666,0.1666666666666666
17,17.0,0.1666666666666666,0.1666666666666666,0.1666666666666666,0.1666666666666666,0.1666666666666666,0.1666666666666666
18,18.0,0.1666666666666666,0.1666666666666666,0.1666666666666666,0.1666666666666666,0.1666666666666666,0.1666666666666666
19,19.0,0.1666666666666666,0.1666666666666666,0.1666666666666666,0.1666666666666666,0.1666666666666666,0.1666666666666666
20,20.0,0.1666666666666666,0.1666666666666666,0.1666666666666666,0.1666666666666666,0.1666666666666666,0.1666666666666666
21,21.0,0.1666666666666666,0.1666666666666666,0.1666666666666666,0.1666666666666666,0.1666666666666666,0.1666666666666666
22,22.0,0.1666666666666666,0.1666666666666666,0.1666666666666666,0.1666666666666666,0.1666666666666666,0.1666666666666666
23,23.0,0.1666666666666666,0.1666666666666666,0.1666666666666666,0.1666666666666666,0.1666666666666666,0.1666666666666666
24,24.0,0.1666666666666666,0.1666666666666666,0.1666666666666666,0.1666666666666666,0.1666666666666666,0.1666666666666666
25,25.0,0.1666666666666666,0.1666666666666666,0.1666666666666666,0.1666666666666666,0.1666666666666666,0.1666666666666666
26,26.0,0.1666666666666666,0.1666666666666666,0.1666666666666666,0.1666666666666666,0.1666666666666666,0.1666666666666666
27,27.0,0.1666666666666666,0.1666666666666666,0.1666666666666666,0.1666666666666666,0.1666666666666666,0.1666666666666666
28,28.0,0.1666666666666666,0.1666666666666666,0.1666666666666666,0.1666666666666666,0.1666666666666666,0.1666666666666666
29,29.0,0.1666666666666666,0.1666666666666666,0.1666666666666666,0.1666666666666666,0.1666666666666666,0.1666666666666666
30,30.0,0.1666666666666666,0.1666666666666666,0.1666666666666666,0.1666666666666666,0.1666666666666666,0.1666666666666666
31,31.0,0.1666666666666666,0.1666666666666666,0.1666666666666666,0.1666666666666666,0.1666666666666666,0.1666666666666666
32,32.0,0.1666666666666666,0.1666666666666666,0.1666666666666666,0.1666666666666666,0.1666666666666666,0.1666666666666666
33,33.0,0.1666666666666666,0.1666666666666666,0.1666666666666666,0.1666666666666666,0.1666666666666666,0.1666666666666666
34,34.0,0.1666666666666666,0.1666666666666666,0.1666666666666666,0.1666666666666666,0.1666666666666666,0.1666666666666666
35,35.0,0.1666666666666666,0.1666666666666666,0.1666666666666666,0.1666666666666666,0.1666666666666666,0.1666666666666666
36,36.0,0.1666666666666666,0.1666666666666666,0.1666666666666666,0.1666666666666666,0.1666666666666666,0.1666666666666666
37,37.0,0.1666666666666666,0.1666666666666666,0.1666666666666666,0.1666666666666666,0.1666666666666666,0.1666666666666666
38,38.0,0.1666666666666666,0.1666666666666666,0.1666666666666666,0.1666666666666666,0.1666666666666666,0.1666666666666666
39,39.0,0.1666666666666666,0.1666666666666666,0.1666666666666666,0.1666666666666666,0.1666666666666666,0.1666666666666666
40,40.0,0.1666666666666666,0.1666666666666666,0.1666666666666666,0.1666666666666666,0.1666666666666666,0.1666666666666666
41,41.0,0.1666666666666666,0.1666666666666666,0.1666666666666666,0.1666666666666666,0.1666666666666666,0.1666666666666666
42,42.0,0.1666666666666666,0.1666666666666666,0.1666666666666666,0.1666666666666666,0.1666666666666666,0.1666666666666666
43,43.0,0.1666666666666666,0.1666666666666666,0.1666666666666666,0.1666666666666666,0.1666666666666666,0.1666666666666666
44,44.0,0.1666666666666666,0.1666666666666666,0.1666666666666666,0.1666666666666666,0.1666666666666666,0.1666666666666666
45,45.0,0.1666666666666666,0.1666666666666666,0.1666666666666666,0.1666666666666666,0.1666666666666666,0.1666666666666666
46,46.0,0.1666666666666666,0.1666666666666666,0.1666666666666666,0.1666666666666666,0.1666666666666666,0.1666666666666666
47,47.0,0.1666666666666666,0.1666666666666666,0.1666666666666666,0.1666666666666666,0.1666666666666666,0.1666666666666666
48,48.0,0.1666666666666666,0.1666666666666666,0.1666666666666666,0.1666666666666666,0.1666666666666666,0.1666666666666666
49,49.0,0.1666666666666666,0.1666666666666666,0.1666666666666666,0.1666666666666666,0.1666666666666666,0.1666666666666666
50,50.0,0.1666666666666666,0.1666666666666666,0.1666666666666666,0.1666666666666666,0.1666666666666666,0.1666666666666666
51,51.0,0.1666666666666666,0.1666666666666666,0.1666666666666666,0.1666666666666666,0.1666666666666666,0.1666666666666666
52,52.0,0.1666666666666666,0.1666666666666666,0.1666666666666666,0.1666666666666666,0.1666666666666666,0.1666666666666666
53,53.0,0.1666666666666666,0.1666666666666666,0.1666666666666666,0.1666666666666666,0.1666666666666666,0.1666666666666666
54,54.0,0.1666666666666666,0.1666666666666666,0.1666666666666666,0.1666666666666666,0.1666666666666666,0.1666666666666666
55,55.0,0.1666666666666666,0.1666666666666666,0.1666666666666666,0.1666666666666666,0.1666666666666666,0.1666666666666666
56,56.0,0.1666666666666666,0.1666666666666666,0.1666666666666666,0.1666666666666666,0.1666666666666666,0.1666666666666666
57,57.0,0.1666666666666666,0.1666666666666666,0.1666666666666666,0.1666666666666666,0.1666666666666666,0.1666666666666666
58,58.0,0.1666666666666666,0.1666666666666666,0.1666666666666666,0.1666666666666666,0.1666666666666666,0.1666666666666666
59,59.0,0.1666666666666666,0.1666666666666666,0.1666666666666666,0.1666666666666666,0.1666666666666666,0.1666666666666666
60,60.0,0.1666666666666666,0.1666666666666666,0.1666666666666666,0.1666666666666666,0.1666666666666666,0.1666666666666666
61,61.0,0.1666666666666666,0.1666666666666666,0.1666666666666666,0.1666666666666666,0.1666666666666666,0.1666666666666666
62,62.0,0.1666666666666666,0.1666666666666666,0.1666666666666666,0.1666666666666666,0.1666666666666666,0.1666666666666666
63,63.0,0.1666666666666666,0.1666666666666666,0.1666666666666666,0.1666666666666666,0.1666666666666666,0.1666666666666666
64,64.0,0.1666666666666666,0.1666666666666666,0.1666666666666666,0.1666666666666666,0.1666666666666666,0.1666666666666666
65,65.0,0.1666666666666666,0.1666666666666666,0.1666666666666666,0.1666666666666666,0.1666666666666666,0.1666666666666666
66,66.0,0.1666666666666666,0.1666666666666666,0.1666666666666666,0.1666666666666666,0.1666666666666666,0.1666666666666666
67,67.0,0.1666666666666666,0.1666666666666666,0.1666666666666666,0.1666666666666666,0.1666666666666666,0.1666666666666666
68,68.0,0.1666666666666666,0.1666666666666666,0.1666666666666666,0.1666666666666666,0.1666666666666666,0.1666666666666666
69,69.0,0.1666666666666666,0.1666666666666666,0.1666666666666666,0.1666666666666666,0.1666666666666666,0.1666666666666666
70,70.0,0.1666666666666666,0.1666666666666666,0.1666666666666666,0.1666666666666666,0.1666666666666666,0.1666666666666666
71,71.0,0.1666666666666666,0.1666666666666666,0.1666666666666666,0.1666666666666666,0.1666666666666666,0.1666666666666666
72,72.0,0.1666666666666666,0.1666666666666666,0.1666666666666666,0.1666666666666666,0.1666666666666666,0.1666666666666666
73,73.0,0.1666666666666666,0.1666666666666666,0.1666666666666666,0.1666666666666666,0.1666666666666666,0.1666666666666666
74,74.0,0.1666666666666666,0.1666666666666666,0.1666666666666666,0.1666666666666666,0.1666666666666666,0.1666666666666666
75,75.0,0.1666666666666666,0.1666666666666666,0.1666666666666666,0.1666666666666666,0.1666666666666666,0.1666666666666666
76,76.0,0.1666666666666666,0.1666666666666666,0.1666666666666666,0.1666666666666666,0.1666666666666666,0.1666666666666666
77,77.0,0.1666666666666666,0.1666666666666666,0.1666666666666666,0.1666666666666666,0.1666666666666666,0.1666666666666666
78,78.0,0.1666666666666666,0.1666666666666666,0.1666666666666666,0.1666666666666666,0.1666666666666666,0.1666666666666666
79,79.0,0.1666666666666666,0.1666666666666666,0.1666666666666666,0.1666666666666666,0.1666666666666666,0.1666666666666666
80,80.0,0.1666666666666666,0.1666666666666666,0.1666666666666666,0.1666666666666666,0.1666666666666666,0.1666666666666666
81,81.0,0.1666666666666666,0.1666666666666666,0.1666666666666666,0.1666666666666666,0.1666666666666666,0.1666666666666666
82,82.0,0.1666666666666666,0.1666666666666666,0.1666666666666666,0.1666666666666666,0.1666666666666666,0.1666666666666666
83,83.0,0.1666666666666666,0.1666666666666666,0.1666666666666666,0.1666666666666666,0.1666666666666666,0.1666666666666666
84,84.0,0.1666666666666666,0.1666666666666666,0.1666666666666666,0.1666666666666666,0.1666666666666666,0.1666666666666666
85,85.0,0.1666666666666666,0.1666666666666666,0.1666666666666666,0.1666666666666666,0.1666666666666666,0.1666666666666666
86,86.0,0.1666666666666666,0.1666666666666666,0.1666666666666666,0.1666666666666666,0.1666666666666666,0.1666666666666666
87,87.0,0.1666666666666666,0.1666666666666666,0.1666666666666666,0.1666666666666666,0.1666666666666666,0.1666666666666666
88,88.0,0.1666666666666666,0.1666666666666666,0.1666666666666666,0.1666666666666666,0.1666666666666666,0.1666666666666666
89,89.0,0.1666666666666666,0.1666666666666666,0.1666666666666666,0.1666666666666666,0.1666666666666666,0.1666666666666666
90,90.0,0.1666666666666666,0.1666666666666666,0.1666666666666666,0.1666666666666666,0.1666666666666666,0.1666666666666666
91,91.0,0.1666666666666666,0.1666666666666666,0.1666666666666666,0.1666666666666666,0.1666666666666666,0.1666666666666666
92,92.0,0.1666666666666666,0.1666666666666666,0.1666666666666666,0.1666666666666666,0.1666666666666666,0.1666666666666666
93,93.0,0.1666666666666666,0.1666666666666666,0.1666666666666666,0.1666666666666666,0.1666666666666666,0.1666666666666666
94,94.0,0.1666666666666666,0.1666666666666666,0.1666666666666666,0.1666666666666666,0.1666666666666666,0.1666666666666666
95,95.0,0.1666666666666666,0.1666666666666666,0.1666666666666666,0.1666666666666666,0.1666666666666666,0.1666666666666666
96,96.0,0.1666666666666666,0.1666666666666666,0.1666666666666666,0.1666666666666666,0.1666666666666666,0.1666666666666666
97,97.0,0.1666666666666666,0.1666666666666666,0.1666666666666666,0.1666666666666666,0.1666666666666666,0.1666666666666666
98,98.0,0.1666666666666666,0.1666666666666666,0.1666666666666666,0.1666666666666666,0.1666666666666666,0.1666666666666666
99,99.0,0.1666666666666666,0.1666666666666666,0.1666666666666666,0.1666666666666666,0.1666666666666666,0.1666666666666666
100,100.0,0.1666666666666666,0.1666666666666666,0.1666666666666666,0.1666666666666666,0.1666666666666666,0.1666666666666666
101,101.0,0.1666666666666666,0.1666666666666666,0.1666666666666666,0.1666666666666666,0.1666666666666666,0.1666666666666666
102,102.0,0.1666666666666666,0.1666666666666666,0.1666666666666666,0.1666666666666666,0.1666666666666666,0.1666666666666666
103,103.0,0.1666666666666666,0.1666666666666666,0.1666666666666666,0.1666666666666666,0.1666666666666666,0.1666666666666666
104,104.0,0.1666666666666666,0.1666666666666666,0.1666666666666666,0.1666666666666666,0.1666666666666666,0.1666666666666666
105,105.0,0.1666666666666666,0.1666666666666666,0.1666666666666666,0.1666666666666666,0.1666666666666666,0.1666666666666666
106,106.0,0.1666666666666666,0.1666666666666666,0.1666666666666666,0.1666666666666666,0.1666666666666666,0.1666666666666666
107,107.0,0.1666666666666666,0.1666666666666666,0.1666666666666666,0.1666666666666666,0.1666666666666666,0.1666666666666666
108,108.0,0.1666666666666666,0.1666666666666666,0.1666666666666666,0.1666666666666666,0.1666666666666666,0.1666666666666666
109,109.0,0.1666666666666666,0.1666666666666666,0.1666666666666666,0.1666666666666666,0.1666666666666666,0.1666666666666666
110,110.0,0.1666666666666666,0.1666666666666666,0.1666666666666666,0.1666666666666666,0.1666666666666666,0.1666666666666666
111,111.0,0.1666666666666666,0.1666666666666666,0.1666666666666666,0.1666666666666666,0.1666666666666666,0.1666666666666666
112,112.0,0.1666666666666666,0.1666666666666666,0.1666666666666666,0.1666666666666666,0.1666666666666666,0.1666666666666666
113,113.0,0.1666666666666666,0.1666666666666666,0.1666666666666666,0.1666666666666666,0.1666666666666666,0.1666666666666666
114,114.0,0.1666666666666666,0.1666666666666666,0.1666666666666666,0.1666666666666666,0.1666666666666666,0.1666666666666666
115,115.0,0.1666666666666666,0.1666666666666666,0.1666666666666666,0.1666666666666666,0.1666666666666666,0.1666666666666666
116,116.0,0.1666666666666666,0.1666666666666666,0.1666666666666666,0.1666666666666666,0.1666666666666666,0.1666666666666666
117,117.0,0.1666666666666666,0.1666666666666666,0.1666666666666666,0.1666666666666666,0.1666666666666666,0.1666666666666666
118,118.0,0.1666666666666666,0.1666666666666666,0.1666666666666666,0.1666666666666666,0.1666666666666666,0.1666666666666666
119,119.0,0.1666666666666666,0.1666666666666666,0.1666666666666666,0.1666666666666666,0.1666666666666666,0.1666666666666666
120,120.0,0.1666666666666666,0.1666666666666666,0.1666666666666666,0.1666666666666666,0.1666666666666666,0.1666666666666666
121,121.0,0.1666666666666666,0.1666666666666666,0.1666666666666666,0.1666666666666666,0.1666666666666666,0.1666666666666666
122,122.0,0.1666666666666666,0.1666666666666666,0.1666666666666666,0.1666666666666666,0.1666666666666666,0.1666666666666666
123,123.0,0.1666666666666666,0.1666666666666666,0.1666666666666666,0.1666666666666666,0.1666666666666666,0.1666666666666666
124,124.0,0.1666666666666666,0.1666666666666666,0.1666666666666666,0.1666666666666666,0.1666666666666666,0.1666666666666666
125,125.0,0.1666666666666666,0.1666666666666666,0.1666666666666666,0.1666666666666666,0.1666666666666666,0.1666666666666666
126,126.0,0.1666666666666666,0.1666666666666666,0.1666666666666666,0.1666666666666666,0.1666666666666666,0.1666666666666666
127,127.0,0.1666666666666666,0.1666666666666666,0.1666666666666666,0.1666666666666666,0.1666666666666666,0.1666666666666666
128,128.0,0.1666666666666666,0.1666666666666666,0.1666666666666666,0.1666666666666666,0.1666666666666666,0.1666666666666666
129,129.0,0.1666666666666666,0.1666666666666666,0.1666666666666666,0.1666666666666666,0.1666666666666666,0.1666666666666666
130,130.0,0.1666666666666666,0.1666666666666666,0.1666666666666666,0.1666666666666666,0.1666666666666666,0.1666666666666666
131,131.0,0.1666666666666666,0.1666666666666666,0.1666666666666666,0.1666666666666666,0.1666666666666666,0.1666666666666666
132,132.0,0.1666666666666666,0.1666666666666666,0.1666666666666666,0.1666666666666666,0.1666666666666666,0.1666666666666666
133,133.0,0.1666666666666666,0.1666666666666666,0.1666666666666666,0.1666666666666666,0.1666666666666666,0.1666666666666666
134,134.0,0.1666666666666666,0.1666666666666666,0.1666666666666666,0.1666666666666666,0.1666666666666666,0.1666666666666666
135,135.0,0.1666666666666666,0.1666666666666666,0.1666666666666666,0.1666666666666666,0.1666666666666666,0.1666666666666666
136,136.0,0.1666666666666666,0.1666666666666666,0.1666666666666666,0.1666666666666666,0.1666666666666666,0.1666666666666666
137,137.0,0.1666666666666666,0.1666666666666666,0.1666666666666666,0.1666666666666666,0.1666666666666666,0.1666666666666666
138,138.0,0.1666666666666666,0.1666666666666666,0.1666666666666666,0.1666666666666666,0.1666666666666666,0.1666666666666666
139,139.0,0.1666666666666666,0.1666666666666666,0.1666666666666666,0.1666666666666666,0.1666666666666666,0.1666666666666666
140,140.0,0.1666666666666666,0.1666666666666666,0.1666666666666666,0.1666666666666666,0.1666666666666666,0.1666666666666666
141,141.0,0.1666666666666666,0.1666666666666666,0.1666666666666666,0.1666666666666666,0.1666666666666666,0.1666666666666666
142,142.0,0.1666666666666666,0.1666666666666666,0.1666666666666666,0.1666666666666666,0.1666666666666666,0.1666666666666666
143,143.0,0.1666666666666666,0.1666666666666666,0.1666666666666666,0.1666666666666666,0.1666666666666666,0.1666666666666666
144,144.0,0.1666666666666666,0.1666666666666666,0.1666666666666666,0.1666666666666666,0.1666666666666666,0.1666666666666666
145,145.0,0.1666666666666666,0.1666666666666666,0.1666666666666666,0.1666666666666666,0.1666666666666666,0.1666666666666666
146,146.0,0.1666666666666666,0.1666666666666666,0.1666666666666666,0.1666666666666666,0.1666666666666666,0.1666666666666666
147,147.0,0.1666666666666666,0.1666666666666666,0.1666666666666666,0.1666666666666666,0.1666666666666666,0.1666666666666666
148,148.0,0.1666666666666666,0.1666666666666666,0.1666666666666666,0.1666666666666666,0.1666666666666666,0.1666666666666666
149,149.0,0.1666666666666666,0.1666666666666666,0.1666666666666666,0.1666666666666666,0.1666666666666666,0.1666666666666666
150,150.0,0.1666666666666666,0.1666666666666666,0.1666666666666666,0.1666666666666666,0.1666666666666666,0.1666666666666666
151,151.0,0.1666666666666666,0.1666666666666666,0.1666666666666666,0.1666666666666666,0.1666666666666666,0.1666666666666666
152,152.0,0.1666666666666666,0.1666666666666666,0.1666666666666666,0.1666666666666666,0.1666666666666666,0.1666666666666666
153,153.0,0.1666666666666666,0.1666666666666666,0.1666666666666666,0.1666666666666666,0.1666666666666666,0.1666666666666666
154,154.0,0.1666666666666666,0.1666666666666666,0.1666666666666666,0.1666666666666666,0.1666666666666666,0.1666666666666666
155,155.0,0.1666666666666666,0.1666666666666666,0.1666666666666666,0.1666666666666666,0.1666666666666666,0.1666666666666666
156,156.0,0.1666666666666666,0.1666666666666666,0.1666666666666666,0.1666666666666666,0.1666666666666666,0.1666666666666666
157,157.0,0.1666666666666666,0.1666666666666666,0.1666666666666666,0.1666666666666666,0.1666666666666666,0.1666666666666666
158,158.0,0.1666666666666666,0.1666666666666666,0.1666666666666666,0.1666666666666666,0.1666666666666666,0.1666666666666666
159,159.0,0.1666666666666666,0.1666666666666666,0.1666666666666666,0.1666666666666666,0.1666666666666666,0.1666666666666666
160,160.0,0.1666666666666666,0.1666666666666666,0.1666666666666666,0.1666666666666666,0.1666666666666666,0.1666666666666666
161,161.0,0.1666666666666666,0.1666666666666666,0.1666666666666666,0.1666666666666666,0.1666666666666666,0.1666666666666666
162,162.0,0.1666666666666666,0.1666666666666666,0.1666666666666666,0.1666666666666666,0.1666666666666666,0.1666666666666666
163,163.0,0.1666666666666666,0.1666666666666666,0.1666666666666666,0.1666666666666666,0.1666666666666666,0.1666666666666666
164,164.0,0.1666666666666666,0.1666666666666666,0.1666666666666666,0.1666666666666666,0.1666666666666666,0.1666666666666666
165,165.0,0.1666666666666666,0.1666666666666666,0.1666666666666666,0.1666666666666666,0.1666666666666666,0.1666666666666666
166,166.0,0.1666666666666666,0.1666666666666666,0.1666666666666666,0.1666666666666666,0.1666666666666666,0.1666666666666666
167,167.0,0.1666666666666666,0.1666666666666666,0.1666666666666666,0.1666666666666666,0.1666666666666666,0.1666666666666666
168,168.0,0.1666666666666666,0.1666666666666666,0.1666666666666666,0.1666666666666666,0.1666666666666666,0.1666666666666666
169,169.0,0.1666666666666666,0.1666666666666666,0.1666666666666666,0.1666666666666666,0.1666666666666666,0.1666666666666666
170,170.0,0.1666666666666666,0.1666666666666666,0.1666666666666666,0.1666666666666666,0.1666666666666666,0.1666666666666666
171,171.0,0.1666666666666666,0.1666666666666666,0.1666666666666666,0.1666666666666666,0.1666666666666666,0.1666666666666666
172,172.0,0.1666666666666666,0.1666666666666666,0.1666666666666666,0.1666666666666666,0.1666666666666666,0.1666666666666666
173,173.0,0.1666666666666666,0.1666666666666666,0.1666666666666666,0.1666666666666666,0.1666666666666666,0.1666666666666666
174,174.0,0.1666666666666666,0.1666666666666666,0.1666666666666666,0.1666666666666666,0.1666666666666666,0.1666666666666666
175,175.0,0.1666666666666666,0.1666666666666666,0.1666666666666666,0.1666666666666666,0.1666666666666666,0.1666666666666666
176,176.0,0.1666666666666666,0.1666666666666666,0.1666666666666666,0.1666666666666666,0.1666666666666666,0.1666666666666666
177,177.0,0.1666666666666666,0.1666666666666666,0.1666666666666666,0.1666666666666666,0.1666666666666666,0.1666666666666666
178,178.0,0.1666666666666666,0.1666666666666666,0.1666666666666666,0.1666666666666666,0.1666666666666666,0.1666666666666666
179,179.0,0.1666666666666666,0.1666666666666666,0.1666666666666666,0.1666666666666666,0.1666666666666666,0.1666666666666666
180,180.0,0.1666666666666666,0.1666666666666666,0.1666666666666666,0.1666666666666666,0.1666666666666666,0.1666666666666666
181,181.0,0.1666666666666666,0.1666666666666666,0.1666666666666666,0.1666666666666666,0.1666666666666666,0.1666666666666666
182,182.0,0.1666666666666666,0.1666666666666666,0.1666666666666666,0.1666666666666666,0.1666666666666666,0.1666666666666666
183,183.0,0.1666666666666666,0.1666666666666666,0.1666666666666666,0.1666666666666666,0.1666666666666666,0.1666666666666666
184,184.0,0.1666666666666666,0.1666666666666666,0.1666666666666666,0.1666666666666666,0.1666666666666666,0.1666666666666666
185,185.0,0.1666666666666666,0.1666666666666666,0.1666666666666666,0.1666666666666666,0.1666666666666666,0.1666666666666666
186,186.0,0.1666666666666666,0.1666666666666666,0.1666666666666666,0.1666666666666666,0.1666666666666666,0.1666666666666666
187,187.0,0.1666666666666666,0.1666666666666666,0.1666666666666666,0.1666666666666666,0.1666666666666666,0.1666666666666666
188,188.0,0.1666666666666666,0.1666666666666666,0.1666666666666666,0.1666666666666666,0.1666666666666666,0.1666666666666666
189,189.0,0.1666666666666666,0.1666666666666666,0.1666666666666666,0.1666666666666666,0.1666666666666666,0.1666666666666666
190,190.0,0.1666666666666666,0.1666666666666666,0.1666666666666666,0.1666666666666666,0.1666666666666666,0.1666666666666666
191,191.0,0.1666666666666666,0.1666666666666666,0.1666666666666666,0.1666666666666666,0.1666666666666666,0.1666666666666666
192,192.0,0.1666666666666666,0.1666666666666666,0.1666666666666666,0.1666666666666666,0.1666666666666666,0.1666666666666666
193,193.0,0.1666666666666666,0.1666666666666666,0.1666666666666666,0.1666666666666666,0.1666666666666666,0.1666666666666666
194,194.0,0.1666666666666666,0.1666666666666666,0.1666666666666666,0.1666666666666666,0.1666666666666666,0.1666666666666666
195,195.0,0.1666666666666666,0.1666666666666666,0.1666666666666666,0.1666666666666666,0.1666666666666666,0.1666666666666666
196,196.0,0.1666666666666666,0.1666666666666666,0.1666666666666666,0.1666666666666666,0.1666666666666666,0.1666666666666666
197,197.0,0.1666666666666666,0.1666666666666666,0.1666666666666666,0.1666666666666666,0.1666666666666666,0.1666666666666666
198,198.0,0.1666666666666666,0.1666666666666666,0.1666666666666666,0.1666666666666666,0.1666666666666666,0.1666666666666666
199,199.0,0.1664285714285714,0.1664285714285714,0.1678571428571428,0.1664285714285714,0.1664285714285714,0.1664285714285714
200,200.0,0.1660142857142857,0.1660142857142857,0.1699285714285714,0.1660142857142857,0.1660142857142857,0.1660142857142857
201,201.0,0.1653681904761905,0.1653681904761905,0.1731590476190476,0.1653681904761905,0.1653681904761905,0.1653681904761905
202,202.0,0.1647342133333333,0.1647342133333333,0.1763289333333334,0.1647342133333333,0.1647342133333333,0.1647342133333333
203,203.0,0.164066977197114,0.1641679872981241,0.1794630938124099,0.1641679872981241,0.164066977197114,0.164066977197114
204,204.0,0.163243363445114,0.1634443735461241,0.1821311625724099,0.1634443735461241,0.163243363445114,0.164493363445114
205,205.0,0.1623090713732568,0.1626081723833578,0.184257830002403,0.1626081723833578,0.1634201824843679,0.1647965713732568
206,206.0,0.1612984006231356,0.1616928934514184,0.1859176362277566,0.1616928934514184,0.1643984006231356,0.1649997756231356
207,207.0,0.1602381866791689,0.1619746882256335,0.1880770329430447,0.1607246882256335,0.1651153684973507,0.1638700354291689
208,208.0,0.1591500466062415,0.1622120919937061,0.1897887095563634,0.1597245919937061,0.1664415566062415,0.1626830032437415
209,209.0,0.1579769473472717,0.163308684970085,0.1910752708067261,0.1586350877478627,0.167618437610908,0.1613855715171467
210,210.0,0.1577530047023423,0.1640842489708422,0.1919941403957024,0.1574899002208422,0.168663062300615,0.1600156434096561
211,211.0,0.158418875769832,0.1648631312535325,0.1927728987935412,0.1564060496160324,0.168844876726628,0.1586941678404341
212,212.0,0.1590007153396187,0.165573108603033,0.1939305900481984,0.1553241381831579,0.1688060360787485,0.1573654117472436
213,213.0,0.1606970788617457,0.1659786237538197,0.1951576707013723,0.1540194431340059,0.1683391407909912,0.1558080427580654
214,214.0,0.1620498799760872,0.1661912326094211,0.1960750408967895,0.1538624546158606,0.1676757312142872,0.1541456606875547
215,215.0,0.163401375483707,0.1663888139965138,0.1968652122639856,0.1537756861465168,0.1670028071590127,0.1525661049502643
216,216.0,0.164642942894963,0.1665232758004589,0.1979139553530632,0.153705364358169,0.1661851921707202,0.151029269422626
217,217.0,0.1657755402977598,0.166600775837722,0.1991754017514196,0.1536517382767915,0.1652491029211659,0.1495474409151414
218,218.0,0.1668704803285604,0.1666669936749539,0.2003189250544985,0.1536544329828561,0.1643249893386164,0.1481641786205149
219,219.0,0.167923511875576,0.1667194628024657,0.2013419497874773,0.1537048568992384,0.1634238275435163,0.1468863910917265
220,220.0,0.1701187716621911,0.1665209381618592,0.2020082003219408,0.1535596376276475,0.1623142387369765,0.145478213489385
221,221.0,0.1722486556951511,0.1663127900906379,0.2025609772866818,0.1534540773938824,0.1612424472224921,0.144181052311155
222,222.0,0.1736734027094918,0.1660980624125755,0.203006100269025,0.1533852658964981,0.1608403911860022,0.1429967775264076
223,223.0,0.1750287776719096,0.1659001433295053,0.2035902376435853,0.1533707993411991,0.1602782111462922,0.1418318308675087
224,224.0,0.1762601854379305,0.1662236823218206,0.203783210164758,0.1533541834928358,0.1596307881942349,0.1407479503884203
225,225.0,0.1773971204142399,0.1665427099567655,0.203886910475023,0.1533652112039044,0.1590307679094093,0.1397772800406581
226,226.0,0.1784376605300457,0.1668544870937276,0.2039092287923684,0.1534010078413508,0.1584794102279404,0.1389182055145672
227,227.0,0.1781310398702404,0.1684066210111356,0.2038580801329127,0.1534587385461629,0.1579773624663073,0.1381681579732413
228,228.0,0.1776011518300941,0.169656776913993,0.2036024337920418,0.1532578548267782,0.1584969363323648,0.1373848463047282
229,229.0,0.1781910982185187,0.1706345558066311,0.2030522007632105,0.152838131724715,0.1588176786865882,0.1364663348003366
230,230.0,0.178005218350995,0.1709328144265423,0.2019288499820112,0.1528010472346586,0.1585316620820155,0.1378004079237777
231,231.0,0.1779173980962375,0.1715089825322604,0.1993473553029212,0.152942438499039,0.1589123432154925,0.1393714823540496
232,232.0,0.1775972811240886,0.1718652217798618,0.1978364889196634,0.1529216154583402,0.1591392455018797,0.1406401472161664
233,233.0,0.1772320125617233,0.1721806769483966,0.1963400109522014,0.1529157220591913,0.1593861920887363,0.1419453853897512
234,234.0,0.1768847053087319,0.1725661620039761,0.1943769418441248,0.1537475000956047,0.1590992585306963,0.1433254322168664
235,235.0,0.1765075857572563,0.172911918008439,0.1924586263456307,0.1545831064019019,0.1588292076723353,0.1447095558144371
236,236.0,0.1761074063326597,0.1732184603068522,0.1905997722507458,0.1554138020880313,0.158577051752269,0.1460835072694422
237,237.0,0.1746831488091742,0.1760553261655181,0.1884146703117064,0.1557052144825918,0.1587144019567476,0.1464272382742621
238,238.0,0.173015382985843,0.1795298508335608,0.1859454336949557,0.1565088156662525,0.1584962638416017,0.1465042529777865
239,239.0,0.1712246550554016,0.1824963620112011,0.1834400705543347,0.1571525607604768,0.1581552699398473,0.1475310816787387
240,240.0,0.1694661685078654,0.1853509959357028,0.1810522471736366,0.1577709979232661,0.1578321157691629,0.1485274746903662
241,241.0,0.1677542840704194,0.1880763939931349,0.1787940878106761,0.1583604735761359,0.1575282488981484,0.1494865116514853
242,242.0,0.1661014603764289,0.1916582257896298,0.1766752076573091,0.1589179891135496,0.157355890376658,0.1492912266864246
243,243.0,0.1643162993864681,0.1954689690272559,0.1757508473920896,0.1599664179169312,0.1568904816418229,0.1476069846354324
244,244.0,0.1625207955309427,0.1996385342204328,0.1748767077197641,0.1608825480080136,0.156265981802326,0.1458154327185208
245,245.0,0.1606768674278938,0.2034595455418756,0.1737216594929182,0.1616133772500453,0.1555292924417758,0.1449992578454914
246,246.0,0.1589327967831041,0.2079627391746343,0.1727003440492722,0.1622951274355111,0.1539149084967922,0.1441940840606862
247,247.0,0.1572960385571957,0.2122166831330679,0.1718096012649426,0.1629258889682127,0.1523449250834503,0.1434068629931308
248,248.0,0.1557722290905395,0.2162037629450245,0.1710452813018411,0.1635044530980998,0.1508306019827193,0.1426436715817758
249,249.0,0.1561113433479085,0.2202282545444926,0.168497623172714,0.1643477142416151,0.1496989767118058,0.141116087981464
250,250.0,0.1567542894449183,0.2218392454297999,0.1673978543028722,0.1653370760022665,0.148839401656743,0.1398321331634
251,251.0,0.1573713254437054,0.2238377333392671,0.1662081430510451,0.1661551054078048,0.1479403382535672,0.1384873545046104
252,252.0,0.1580588719941041,0.2255649836913835,0.1651493807679495,0.1669107553996857,0.1471147259711215,0.1372012821757557
253,253.0,0.1588030025754493,0.2270308477383629,0.1642190601795433,0.1676027074193563,0.1463634758201573,0.1359809062671309
254,254.0,0.1595906174788328,0.2282468054702494,0.1634136403222415,0.1682304117438408,0.1456866640890361,0.1348318608957993
255,255.0,0.1589809206944457,0.2292256879412333,0.1627286853215068,0.1702225875279845,0.1450836150530849,0.1337585034617448
256,256.0,0.1584054546446231,0.229981413852695,0.1621589982416897,0.1721371515822657,0.144552982933146,0.1327639987455804
257,257.0,0.1592951223449782,0.2305287416014722,0.1616987491614967,0.1725341480105564,0.1440928323588178,0.1318504065226786
258,258.0,0.1598516566006325,0.2307044662977741,0.1624130253431959,0.1726685064683157,0.1435221452527109,0.1308402000373708
259,259.0,0.1601464562071505,0.2316769275078216,0.1629351680067176,0.1725869725648444,0.1428795075358898,0.129774968177576
260,260.0,0.1604527466333805,0.2324817269681399,0.1635291690772443,0.1724369508753003,0.142303540646594,0.1287958657993409
261,261.0,0.161016315893089,0.2316275828590986,0.1646819027033703,0.1724767903951862,0.1420433371709639,0.1281540709782919
262,262.0,0.1614419115214422,0.2303611532009463,0.1667093016266076,0.1723232177194713,0.1417060339135005,0.127458382018032
263,263.0,0.161752963814181,0.2297641086229534,0.1684202919946795,0.1720109986833617,0.1413166027738505,0.1267350341109737
264,264.0,0.1620578165819395,0.2290754810628839,0.1701294047594217,0.171659120113258,0.1409841508516292,0.1260940266308675
265,265.0,0.1623540412495381,0.2283113150945462,0.1718197365535199,0.1712750667482607,0.1407063047443158,0.1255335356098192
266,266.0,0.1616673161580946,0.2277645839962282,0.1737540399338752,0.1710047854903979,0.1406192712203817,0.1251900032010224
267,267.0,0.1618868944435185,0.2262599206828202,0.1756385747080583,0.1707146019415348,0.1405798393567281,0.12492016886734
268,268.0,0.162101768167087,0.2247263468271472,0.1774594723889447,0.1704094081662602,0.1405836433059637,0.1247193611445972
269,269.0,0.1623102590477501,0.2231820892219924,0.179204887709055,0.1700937571249678,0.140626321447307,0.1245826854489276
270,270.0,0.1625109204609915,0.2216436588183554,0.180864914751266,0.1697718510546725,0.140703559580134,0.1245050953345806
271,271.0,0.1627926188295112,0.2199697010439648,0.1826567172981705,0.1696967837682266,0.1406069251197638,0.1242772539403631
272,272.0,0.163063352393015,0.2183310487541802,0.1830964970711276,0.1696202977357855,0.1417885554539035,0.1241002485919882
273,273.0,0.1626111928360521,0.2148913515742327,0.1841583125180563,0.1698329822319555,0.1442457125616656,0.1242604482780379
274,274.0,0.1621522367805244,0.2115293966792237,0.1851229133456616,0.1700430790731995,0.1466905579088959,0.1244618162124949
275,275.0,0.1616917534368437,0.2082710293896095,0.1859903750075998,0.1702487460565978,0.1490998742181754,0.124698221891174
276,276.0,0.1610559289386907,0.2049599031891752,0.1876545939466754,0.1702697980695295,0.1512745498016347,0.1247852260542947
277,277.0,0.1604293699322084,0.2017951195167216,0.1892156808172124,0.1702852003746262,0.1533770162617357,0.124897613097496
278,278.0,0.1598174154582946,0.198793691956175,0.1906683379573594,0.1702953639196204,0.1553934698462132,0.1250317208623377
279,279.0,0.1592247246084315,0.1959692991719503,0.1920088817687539,0.1703007109450725,0.1573123473067847,0.1251840361990074
280,280.0,0.159627520150935,0.1931935927253686,0.1928184514794904,0.1701627807437932,0.1589853285923462,0.1252123263080667
281,281.0,0.1600472254911433,0.1906144610471314,0.1935170488025275,0.1700222803404685,0.1605452735075432,0.1252537108111862
282,282.0,0.160477952595884,0.1882380379771867,0.1941087850034047,0.1698808717593362,0.1619878862402601,0.1253064664239284
283,283.0,0.1609142920176562,0.1860678168854046,0.1945984288323292,0.1697400599039883,0.1633104738814178,0.1253689284792039
284,284.0,0.1613513191305393,0.1841048797848868,0.1949912930882071,0.1696011932203999,0.1645118130637605,0.1254395017122064
285,285.0,0.1617845948942932,0.1823481276475119,0.1952931270857842,0.169465465858231,0.1655920152413464,0.1255166692728332
286,286.0,0.1619879394639711,0.1806833983872284,0.1961766821775816,0.1692228100478501,0.1664412809817642,0.1254878889416046
287,287.0,0.1621823125132838,0.1792181370089298,0.1969749507032591,0.1689863451921823,0.1671742112713266,0.1254640433110184
288,288.0,0.1623666674637748,0.1779470493382007,0.1976884786341721,0.1687578168443129,0.1677951103522233,0.1254448773673162
289,289.0,0.1625401625758212,0.1768634288809915,0.1983186047504878,0.1685387166369408,0.1683089723545121,0.1254301148012466
290,290.0,0.1627021488821471,0.1759593651205223,0.1988673679725029,0.16833029275809,0.1687213623660308,0.125419462900707
291,291.0,0.1621021574002613,0.1754759430247236,0.1990874169574271,0.1683835618136968,0.1692883036857412,0.1256626171181499
292,292.0,0.1614973858238038,0.1751509326480865,0.1992344226391205,0.1684468218197595,0.1697636717696271,0.1259067652996026
293,293.0,0.1608943598779963,0.1749717429224613,0.199314219291089,0.1685184410811717,0.1701518702604321,0.1261493665668495
294,294.0,0.1593418645521613,0.1739685129729322,0.199006972274028,0.169821614954532,0.1704097543345764,0.1274512809117701
295,295.0,0.1578117353739234,0.1730950427577485,0.1986476402431929,0.1711178835126391,0.1705909584111665,0.1287367397013296
296,296.0,0.1563170370203054,0.1723470910056276,0.1982450250202693,0.1723949746014374,0.1707013384491919,0.1299945339031686
297,297.0,0.1548691733923813,0.1717195853877844,0.1978074810766955,0.1736420350569697,0.1707468730521287,0.1312148520340406
298,298.0,0.1534779396538611,0.1712067563469695,0.197342876723972,0.1748495973380072,0.1707335914174565,0.1323892385197338
299,299.0,0.1521515851531895,0.1708022645158883,0.1968585640465412,0.1760095356391892,0.170667507985283,0.133510542659909
300,300.0,0.1508968855115885,0.1704993210918782,0.1963613570036481,0.1771150129754893,0.1705545637696799,0.1345728596477163
301,301.0,0.149719222239567,0.1702908006684722,0.1958575171022678,0.1781604206700327,0.1704005742911462,0.1355714650285143
302,302.0,0.1486226683328872,0.1701693461498439,0.1953527460272628,0.1791413116100497,0.1702111839707605,0.1365027439091961
303,303.0,0.1476100783940818,0.1701274654907019,0.1948521846067457,0.1800543285615927,0.1699918267959116,0.1373641161509665
304,304.0,0.145365721608291,0.1702687312228001,0.194471528600584,0.1803415731984381,0.1712873755634771,0.1382650698064099
305,305.0,0.1441812499741031,0.1701837335100108,0.1948129114877212,0.1799397344326714,0.1720794159375714,0.1388029546579222
306,306.0,0.1430982339784139,0.1701566629596651,0.1951614298356703,0.1794824532779258,0.1728318069252294,0.1392694130230955
307,307.0,0.1421173582173305,0.1701819975610221,0.1955128849148707,0.1789798467846465,0.1735409895552181,0.1396669229669121
308,308.0,0.1427705739573596,0.1688195670182214,0.1955399031778399,0.1788871389972852,0.1738806275134393,0.1401021893358546
309,309.0,0.1433977079007578,0.1674018698312046,0.1953436446925578,0.1795409459998026,0.173953265456474,0.1403625661192033
310,310.0,0.1440950968877541,0.1660486096362634,0.1951483997187026,0.1801600782431857,0.1739848770064106,0.1405629385076839
311,311.0,0.1448487415241187,0.1647668753361396,0.1949560193548699,0.1807418118809139,0.1739792486870594,0.1407073032168987
312,312.0,0.1455545707076421,0.1634714225934437,0.1954954136709686,0.1810113421644484,0.1737583425867247,0.1407089082767728
313,313.0,0.1462163682978337,0.1621826383859204,0.1958061930740265,0.1810153759445548,0.1733580167566292,0.1414214075410355
314,314.0,0.1469001012963067,0.1609809255203096,0.1961126567158624,0.1809849679883205,0.1729365800644138,0.1420847684147873
315,315.0,0.1475967388322482,0.159869593991076,0.1964121715361801,0.1809238665489418,0.1725003579632124,0.1426972711283416
316,316.0,0.1482980240765519,0.1588507189798744,0.1967024372689285,0.1800024186557936,0.1728885245482691,0.1432578764705827
317,317.0,0.1491075905170497,0.1580363546961246,0.1960925872766479,0.1795103178776288,0.1733758703962187,0.1438772792363305
318,318.0,0.1497954032586061,0.1572030825988078,0.195367620520653,0.1795651060662862,0.1737364930111812,0.1443322945444659
319,319.0,0.1504667595436996,0.156461126190254,0.1954796316782085,0.1787782131098639,0.1740794584903056,0.1447348109876687
320,320.0,0.1511165914551256,0.1558087734656723,0.1955938028463838,0.1779916760524338,0.1744031028923846,0.1450860532880002
321,321.0,0.1517405531111366,0.1552435875839113,0.1957087763124352,0.1772133246746711,0.1747061218811019,0.1453876364367441
322,322.0,0.152334991920714,0.1547625037195066,0.1958233221119145,0.1764501239223867,0.1749875478079066,0.1456415105175718
