,Unnamed: 0,Generation,Intertwine_two,Add_vertex,Delete_vertex,Invert_path_vertices,Insert_inside_vertex,Delete_inside_vertex,Replace_inside_vertex,Donate_between_routes,Merge_terminals,Trim_one_terminal_cb,Trim_one_path_random_cb,Grow_one_terminal_cb,Grow_one_path_random_cb
0,0.0,0.0,0.07692307692307689,0.07692307692307689,0.07692307692307689,0.07692307692307689,0.07692307692307689,0.07692307692307689,0.07692307692307689,0.07692307692307689,0.07692307692307689,0.07692307692307689,0.07692307692307689,0.07692307692307689,0.07692307692307689
1,1.0,1.0,0.0819864923538065,0.08211529472778516,0.06348897572228326,0.0840022609317955,0.0754946576456474,0.09346582744808493,0.08466159635998535,0.08951070482573346,0.028550080119254712,0.0882131914443199,0.07198141652361736,0.08809223203766538,0.06843726986002052
2,2.0,2.0,0.095020057128146,0.06507733070990679,0.07252830589918252,0.085226074681142,0.08941242938883157,0.09273486357452612,0.08583508784588122,0.08122386580197324,0.01957834919877198,0.09359617416304114,0.06286296002346477,0.09798827264970955,0.05891622893542259
3,3.0,3.0,0.07527893437453341,0.06613466652074257,0.06463546906488409,0.09616955363300089,0.07418917059979534,0.09802732577712377,0.08880099394346169,0.07784051951654705,0.028909679822102234,0.09762482288751112,0.07365617129691857,0.09095024675875389,0.0677824458046249
4,4.0,4.0,0.0784700276265082,0.08015148115805701,0.06792799606105936,0.09347134054720464,0.07466072843597353,0.10760069184253059,0.09632724917512389,0.083337154859582,0.013166354509859346,0.08576129952969236,0.07236750123919063,0.0839262468416335,0.06283192817358443
5,5.0,5.0,0.08549647844872929,0.07521148473876822,0.06206540465802433,0.07225777529273132,0.0905476757153593,0.09995946513028622,0.07411441736808033,0.08162159458909389,0.019841012440195233,0.09184558286798039,0.05837516139736314,0.10232553636745685,0.08633841098593105
6,6.0,6.0,0.0827066896277464,0.07967710567571562,0.05657893659503643,0.07653264623958682,0.07885605662848735,0.10338815015046446,0.08547564551634237,0.07295250579650753,0.01622469909397014,0.09549017324237544,0.08694770415615857,0.0911355522512735,0.07403413502633491
7,7.0,7.0,0.08461368704993107,0.08673154464350377,0.06156418145954762,0.07996191862062732,0.07028226142156499,0.09590599267564175,0.06138455090166618,0.10265888508376646,0.02000085982725241,0.09924204279010454,0.07371205771506338,0.08933579741905316,0.07460622039227685
8,8.0,8.0,0.07320521147313276,0.09464828223040142,0.056342276953408786,0.09364604107799464,0.07326157663066592,0.10462830252232239,0.08151519764319264,0.07489843420095753,0.021440094283983448,0.09869294404843329,0.05426486774964936,0.09901157172637,0.07444519945948733
9,9.0,9.0,0.07261732395380563,0.0850909028054155,0.056047929626465855,0.09266731576807015,0.06846869038437621,0.12072768119866592,0.08792618721586931,0.05915393841508134,0.013075817278663813,0.12595354512428203,0.058977134847900514,0.09873166139139403,0.060561871990009286
10,10.0,10.0,0.06473736943431688,0.09236717431560684,0.06972012288793274,0.07849320311304153,0.06774389157866761,0.09394828960790688,0.07678758159898666,0.07079515634360005,0.023531378664939966,0.11430181914192641,0.08260310382225158,0.10260785928073404,0.06236305021008838
11,11.0,11.0,0.061446406426782785,0.07372586181604715,0.08492720709861164,0.10753689021584298,0.08663073721895488,0.10919011524423819,0.10067513725228634,0.047456187296949656,0.01754733038280841,0.10570502926592021,0.046268968407904586,0.10745160672635508,0.05143852264729769
12,12.0,12.0,0.08674456547205235,0.08400870475507147,0.05875948372273408,0.09099319655450414,0.054631792735600315,0.11021771137987654,0.08753147655793328,0.06031687358450544,0.027161997306700873,0.1194825932357328,0.051044417718614954,0.09144735780720756,0.07765982916946582
13,13.0,13.0,0.07764345786676694,0.0990566265956461,0.078915502661496,0.08143196747584326,0.055389503242059324,0.11189150126981999,0.06941961361820362,0.048601253381581534,0.03282076264347853,0.11839021116819833,0.06123161416607449,0.0964214627476024,0.0687865231632291
14,14.0,14.0,0.09071015715235545,0.07820841294418868,0.07319815199419069,0.07749949495439122,0.05533199633724808,0.12133722581981943,0.07424815700494558,0.03645882410791791,0.044927598032929374,0.12053374941758395,0.0639702746284382,0.10091334170355318,0.06266261590243781
15,15.0,15.0,0.06986337801353479,0.09341384484608416,0.06691065329417131,0.08385520996371447,0.0797425631107032,0.10544474103535531,0.06792093096721596,0.06001221942751134,0.019638642850960515,0.10656239667650949,0.07244940791057566,0.10221502152274364,0.07197099038091972
16,16.0,16.0,0.06178282668519479,0.09597678251687791,0.06643579187505158,0.07086526315880222,0.05708352387971823,0.09867458537435236,0.0843195730285752,0.047453563295321105,0.05304578264174934,0.12185357704936248,0.06468773369432643,0.11030473243943213,0.06751626436123583
17,17.0,17.0,0.06638220699421646,0.10433415839495341,0.05728107782514926,0.07257976304235328,0.04655512752622179,0.10797215682410603,0.06958551437513621,0.06630857299849355,0.032868897487722495,0.1029880881893895,0.08849472749064216,0.12340512435476994,0.06124458449684543
18,18.0,18.0,0.08574983575455492,0.0890664457575584,0.06948498023549099,0.09485661640302143,0.04885446242621698,0.09962172943607094,0.05675886900866197,0.06041079446392208,0.05122919015749712,0.125702515187589,0.07380618091266847,0.08607720563175056,0.05838117462499676
19,19.0,19.0,0.08977738275697286,0.09974901129904432,0.0796204979166083,0.07942601549135898,0.04672338227160998,0.11642136162160659,0.06650117175591899,0.04901925529529686,0.03873962251174576,0.11256342035107322,0.049189272774596435,0.10687389740410172,0.06539570855006556
20,20.0,20.0,0.07438495835794615,0.08914492099267461,0.059832563127179515,0.08534884176194535,0.06976810496247966,0.10895354506955365,0.04497720666315068,0.06553921375713218,0.02572409331461136,0.1277812416398687,0.08599185602189839,0.0948098111021391,0.06774364322942023
21,21.0,21.0,0.0559493768537271,0.10182553454791461,0.07659491885669233,0.06621920723673468,0.06105672839269553,0.137243189120078,0.07201426307774218,0.05845744192739433,0.025469568587545517,0.13032298421959337,0.06621008063250174,0.09188196161938869,0.05675474492799154
22,22.0,22.0,0.04955171901666189,0.09757427429675339,0.06801293720451922,0.07387544728307067,0.059838219696129215,0.12156983189999974,0.05588021057091487,0.06735910744413945,0.03653039065670149,0.12935987006834765,0.06353337029933444,0.10704954823946689,0.06986507332396062
23,23.0,23.0,0.07232578953762006,0.0836523045230219,0.07526815651727406,0.08515680515034121,0.06669244416332563,0.10888711777974056,0.04593234610148782,0.05458231411629211,0.02760093718451207,0.142137448905258,0.08327272973434471,0.09054650667401953,0.063945099612762
24,24.0,24.0,0.06031775450111972,0.09776582053573382,0.08171475671256323,0.06325553615292509,0.05064476477147276,0.10949922957133995,0.06537284921248772,0.05845897676110399,0.026730000539366895,0.13691656734789295,0.06521685001171848,0.1200006637330298,0.06410623014924524
25,25.0,25.0,0.10535395255374198,0.09184182255813585,0.07562228712946453,0.07674103716393263,0.06814301247144473,0.1260047404826729,0.04455041111575594,0.042695219061109194,0.023069761874503058,0.12568701286357697,0.06232497700199165,0.10496208741848163,0.053003678305188595
26,26.0,26.0,0.07399789507946306,0.07521037589631137,0.07237883899468832,0.06951375748351915,0.052168509154496265,0.12945669260296216,0.07460881901075268,0.046349466851778195,0.022144444397086644,0.13814736113320297,0.061658290585816476,0.10582873136597737,0.07853681744394499
27,27.0,27.0,0.05183823097281677,0.0694528736653075,0.07401300009728615,0.07654031018239052,0.06682180125533947,0.11981850978241175,0.04876285485922904,0.0701556444660805,0.014873509026003092,0.13864788780056075,0.09453468694869362,0.11051000684625863,0.06403068409762182
28,28.0,28.0,0.0574381395251767,0.07542308355301722,0.08149071720285583,0.06408012877650085,0.0638078057698573,0.1122984581924766,0.0768498495242674,0.06300673781572737,0.029372080375269654,0.1491115243734852,0.055805391418679975,0.10196747281181007,0.06934861066087553
29,29.0,29.0,0.06430477448525601,0.08444471056081106,0.06473747538013955,0.06305485540658931,0.0645126880090853,0.1327611550099572,0.0539115188590701,0.08868564833058953,0.021107044791769808,0.13425568446950248,0.062015077247958315,0.111490871967349,0.05471849548192202
30,30.0,30.0,0.05551836215820827,0.09016689113563373,0.09462889248767375,0.07330865152543765,0.040696132839401836,0.12676397938229,0.08197707934529191,0.06394257784162165,0.0484097211639034,0.13163492783247588,0.059410655534482014,0.08433899672020632,0.04920313203337319
31,31.0,31.0,0.07926578283676892,0.08729642350220768,0.09204768400912769,0.07606054926248693,0.05184954334207661,0.137457895259136,0.06634358227907075,0.04876248792371561,0.021910336991390566,0.11554220733477846,0.05453376217967931,0.10469467019092282,0.06423507488863825
32,32.0,32.0,0.08041362904883034,0.0905400074490719,0.09522042042515785,0.058500115439350575,0.039634943299966405,0.10481502175202961,0.06581549972626986,0.045179077457692604,0.01847390798493821,0.10420891419094028,0.0804239921485376,0.12243996732023285,0.0943345037569815
33,33.0,33.0,0.06378215214243281,0.10521631094406225,0.09412741677799145,0.048673164795146294,0.06593117282974739,0.13164010300396659,0.049878860225348695,0.06297659916796425,0.02119816925748833,0.14241708274934176,0.060448727094666185,0.1056542231525935,0.04805601785925015
34,34.0,34.0,0.061930547797772816,0.12217119585781473,0.07459198774974735,0.0596612924467604,0.05129534341022597,0.09567670081720316,0.07711098598211946,0.057301477942175535,0.023637813403049834,0.1403829715521496,0.07353402309634732,0.10920370676634597,0.05350195317828751
35,35.0,35.0,0.07906209602605054,0.08561255432513208,0.10835223945349352,0.08220776204553597,0.045733759465148814,0.1080813390768742,0.06142104619446988,0.05056568553658989,0.03006946724005845,0.11442788921992723,0.05407175267264426,0.10436549762758136,0.07602891111649343
36,36.0,36.0,0.07573247955205444,0.11274788491341677,0.0912626484171556,0.09051375540740382,0.058688587898571086,0.11051911630625644,0.05085569550883603,0.04832118883025913,0.018665703529613116,0.13333304491935566,0.060595055694808,0.08443939072962844,0.06432544829264111
37,37.0,37.0,0.0731071160995288,0.10406637512894587,0.06211799168971697,0.06727286379248355,0.03864371544260291,0.12909286519721577,0.09648042431117809,0.05048691454541682,0.027264876803442327,0.1336998965503588,0.05273891822363904,0.08782944681074185,0.0771985954047289
38,38.0,38.0,0.06838323081614314,0.06934953231504125,0.07556852558790791,0.07941376223841322,0.05659278057664404,0.1095980864500001,0.07530076782861922,0.05541886804427828,0.03275256720787278,0.11481057189892785,0.07132522451023086,0.13881847368657013,0.05266760883935081
39,39.0,39.0,0.08627884085805451,0.09392859338241417,0.07172875776328011,0.049436229236608224,0.048529083856270645,0.12978776756747523,0.08276623856348672,0.04275993561795989,0.03605354137288509,0.1093428178597399,0.05404280990255258,0.12597309274021598,0.06937229127905661
40,40.0,40.0,0.054057645725356186,0.08552713532440095,0.07699421513751473,0.06450443183202846,0.04553419481284859,0.12865392089083477,0.08805380709822282,0.039205368151264006,0.028737229870247648,0.12297390883328303,0.0978197475028794,0.12787458071192742,0.04006381410919167
41,41.0,41.0,0.07963984717640207,0.054616780122563116,0.0881457989581326,0.05467965015369978,0.05753198496631862,0.11851444532104558,0.09042972355841854,0.08301116953815553,0.04159849155451922,0.10472125538887463,0.052374514219381586,0.09371013026208232,0.08102620878040612
42,42.0,42.0,0.08173269587794292,0.06917664621927574,0.06974718400083521,0.05518556141414409,0.04355100616809974,0.1253194024555805,0.05498631560414895,0.08370617731682481,0.023697958591062572,0.1308479026687653,0.09531881682971548,0.11344363141060783,0.053286701442996645
43,43.0,43.0,0.061520828410231,0.09997718348518045,0.06880193505042628,0.09535426454133378,0.05621745129288412,0.09903831606947704,0.07417694474425868,0.05651643169640848,0.044880576463836676,0.12003419410214115,0.0730152700147371,0.09096649903401843,0.059500105095066466
44,44.0,44.0,0.07769877062970605,0.09604458418769947,0.1057442018238097,0.0803880202159436,0.06087971116854326,0.10591931783921157,0.05280839164873667,0.045303218445243064,0.028794600065403003,0.13438021834169722,0.05482616086976503,0.11056940454786204,0.046643400216378944
45,45.0,45.0,0.07504484226648281,0.10194639103260228,0.08692046017336931,0.07265312106267167,0.0536149142155065,0.12992019459898627,0.054224443682710025,0.07110834029696692,0.028570528710801752,0.12829254884125196,0.06287608465338748,0.1027116939906189,0.03211643647464378
46,46.0,46.0,0.07036385573454576,0.08317721313032915,0.06990222202370419,0.06165321998517369,0.0586075028142895,0.12203321417137439,0.05954136044123446,0.0741726372526343,0.04310319171983747,0.1302363380057665,0.06739001238095678,0.1093292288542121,0.050490003485941404
47,47.0,47.0,0.04995300707330576,0.06694974989609435,0.08407392879677737,0.06014197201279896,0.06035250472158586,0.13280801353316868,0.07625879253259889,0.0681270698455061,0.014045337407556688,0.12875537314593283,0.06565553391689626,0.12056248065932831,0.07231623645844963
48,48.0,48.0,0.07718574885491364,0.07964448457947815,0.0756641652417968,0.06099668500778528,0.07302253603615123,0.12404363235259667,0.051143726109751785,0.07620519822644856,0.033349448114610346,0.1305004383690666,0.05537148685920731,0.11230360343218748,0.05056884681600582
49,49.0,49.0,0.05047604615055764,0.10407782779556803,0.0972176161967742,0.07111574556929265,0.04058803299300024,0.14532089056981962,0.057620713959305445,0.07290412297916427,0.022333396396150645,0.13924894321962802,0.03185085431364043,0.10640055580172073,0.06084525405537783
50,50.0,50.0,0.07117428164933758,0.11521946474083708,0.09738290265952491,0.0643560255151288,0.0404013438995913,0.10865117234387853,0.05833878602585994,0.04769813307083563,0.04420414954672629,0.14235400750478028,0.05868031834402467,0.09411972008659412,0.057419694612880524
51,51.0,51.0,0.049044294338328666,0.08967923453519995,0.08196288402189228,0.07658361727852407,0.07644386076022275,0.10352321994013361,0.07826612714026236,0.06049262812356846,0.028226725926537737,0.13290100505654306,0.049756462681708545,0.1113085242429459,0.061811415954132275
52,52.0,52.0,0.06583977952639494,0.10006532028403439,0.07307760615705751,0.06462805874110404,0.07554948969275857,0.10946077916666104,0.08011810312794704,0.047846935009233406,0.03308331583114711,0.1239535912037542,0.07836401510722771,0.10282813470223488,0.04518487145044482
53,53.0,53.0,0.057588295612286934,0.09504403335523699,0.09774993387957924,0.07028247741679643,0.04892278814893096,0.11878882920073779,0.06726085230125417,0.07241865465422608,0.029429048336842734,0.1488025185152185,0.04644103497286285,0.09561217517080019,0.05165935843522681
54,54.0,54.0,0.053191055144052576,0.12264160557537636,0.08288942583275623,0.06275743394365649,0.03413695924366582,0.10635470604308306,0.07789179288786463,0.06249253186618616,0.041959230097063,0.11066323131763349,0.06013189614405534,0.1277199194838053,0.05717021242080119
55,55.0,55.0,0.07517270863593233,0.10682491238406784,0.07431167018389903,0.05132511150927781,0.028711698947129476,0.10446970196012198,0.07437615405912486,0.06638427170626783,0.0403330221316509,0.1465304898286148,0.07229225727873871,0.11026611395870764,0.04900188741646649
56,56.0,56.0,0.08638622262666504,0.09502965624516971,0.09268028105520469,0.06535676509692968,0.06040106431212021,0.1310341562200409,0.0585614013174533,0.053225901324419,0.03567001603420185,0.11646194671541832,0.0450116257214851,0.12132852354474075,0.03885243978615132
57,57.0,57.0,0.06942954397791687,0.094382921074373,0.08945572914287445,0.06659321899259858,0.04716612914218882,0.13920976392239942,0.07499542399218741,0.07120536983441636,0.028135837419367225,0.11262570120654176,0.03696080530034126,0.11421959139776698,0.055619964597027526
58,58.0,58.0,0.10588164777439565,0.09145632526865549,0.08869566605141643,0.06557651213789228,0.05282352583073546,0.11681786508746486,0.04957063877686501,0.03176222893826173,0.022628239343710492,0.13691071142045746,0.07224944343530884,0.12448041298843662,0.04114678294639929
59,59.0,59.0,0.07842823664307053,0.1221611085793151,0.08755456706629491,0.07399451694465749,0.037089332539539346,0.1120364092816728,0.0444316361986913,0.06229838343419551,0.010455348216986028,0.13068673407139791,0.09777637719902144,0.09100906790962092,0.05207828191553644
60,60.0,60.0,0.06945911970106024,0.13288339023883491,0.07466755491990458,0.07819123436796085,0.027231724477117403,0.11867788145800207,0.055278509240911045,0.03598528186073949,0.010000000000000002,0.13162379542470382,0.062968160805469,0.15029335724209622,0.052739990263200046
61,61.0,61.0,0.0629020442959251,0.08799259943692024,0.08115627564048984,0.07554156795034617,0.06476096232331079,0.10820431531752647,0.060672832679943146,0.041928475830249994,0.02738129585753441,0.15130836658453437,0.0500810296054076,0.13092058027475917,0.0571496542030524
62,62.0,62.0,0.06511039743978118,0.10615088780783496,0.11580931017107801,0.08301253169711051,0.036280136751962115,0.11514955152776529,0.050733338295741726,0.06275041520185597,0.01258341589585873,0.13277520699538925,0.059402668974041804,0.11571303187313539,0.04452910736844473
63,63.0,63.0,0.03972048458200217,0.10603232452389758,0.09005831268489581,0.10388139613645449,0.022721320843880448,0.12538356850348634,0.07268707664236429,0.03473738515144853,0.0172402074187553,0.14562000529553945,0.06196009947680412,0.10198039648583923,0.07797742225463196
64,64.0,64.0,0.08459635248512845,0.10536790395155678,0.0939818771007352,0.0605131016966187,0.017768924450002794,0.12091639250499595,0.05711587362830831,0.07198919931390182,0.023149379079257605,0.14931632974251394,0.05945545982433971,0.11474954302251916,0.04107966320012128
65,65.0,65.0,0.0783880402692971,0.1013916301091834,0.088008484906373,0.05402108115055587,0.019323244186698542,0.12125969811890733,0.052010233298303774,0.043022191852723865,0.015870164465961366,0.18568015249707698,0.051613987586243935,0.11415725483553958,0.07525383672313492
66,66.0,66.0,0.05163447107069441,0.10276695805718508,0.08883418160773539,0.09145682857035134,0.07403823893218521,0.1147888437278501,0.04386160980713893,0.02432799128925065,0.020329779678291856,0.13682109852705016,0.047079618147216014,0.09879384971334076,0.10526653087170985
67,67.0,67.0,0.062022055477834834,0.07736979584824127,0.13637341253297341,0.05186694148490323,0.02435433208698848,0.11676672373100135,0.04357534781441404,0.09017421439465477,0.02056121903726348,0.1363147218622059,0.05874793781424997,0.11329987489868724,0.06857342301658176
68,68.0,68.0,0.0727300496874746,0.09342162271290928,0.12687298315673098,0.03853786079848738,0.0303201799653532,0.1260723361123275,0.08110633845733246,0.043034489616773156,0.027442929767692786,0.1238478623371722,0.058819216253986326,0.10186797027533252,0.07592616085842721
69,69.0,69.0,0.08258204597151163,0.07298379047778722,0.07698726881264392,0.047112939573641585,0.044931310132405165,0.11698826185829594,0.07270624532951736,0.06139422285633981,0.023753105266840983,0.12019524446916238,0.10047844518419446,0.1176505837063726,0.06223653636128662
70,70.0,70.0,0.04687440422435152,0.11379521834098097,0.09021671056169803,0.0436627055932859,0.02893383605181612,0.1330983551360451,0.06326903470372491,0.051780535807173934,0.023876003664104285,0.15079787493168512,0.07913597572637958,0.09042501974071301,0.08413432551804127
71,71.0,71.0,0.046650509425100864,0.08171216611176595,0.06407880876079843,0.07015294088848621,0.06029867012098352,0.11138913292815429,0.0926919006690333,0.024772052029218016,0.05141914727929895,0.1489089100502538,0.05730071229201307,0.11272122138327771,0.07790382806161557
72,72.0,72.0,0.05093881669008525,0.07451369769146281,0.09992751625229943,0.05709718528082293,0.04556647500636955,0.1251413060200632,0.08341740534692951,0.058161457987212006,0.04642112675981617,0.12395624634089342,0.06258921677953813,0.10891501412555053,0.06335453571895663
73,73.0,73.0,0.06026960789678841,0.08668701960388756,0.0904599082029744,0.04010943245077807,0.03585048358999108,0.12898422446906438,0.05649789637736537,0.054684833976599415,0.04639654705334628,0.15189542323497704,0.06653430308553455,0.11070652676643256,0.07092379329226062
74,74.0,74.0,0.05055577030491641,0.050059674387256545,0.09486275448743765,0.0647306562075337,0.040361515762749135,0.11253690838358817,0.0566416560292922,0.05186260306797369,0.03436195003527266,0.14164084445295222,0.08382779219980022,0.12538297952887084,0.09317489515235633
75,75.0,75.0,0.10527923026282544,0.09098242484247004,0.08411127126428036,0.042287685640556245,0.045677896267371544,0.1484672983943439,0.025138677319917015,0.03970650332293566,0.019396279742669553,0.14076952074604246,0.04611261813924392,0.14708303240229795,0.06498756165504566
76,76.0,76.0,0.06767617015491482,0.08359010931590792,0.08851639047375066,0.04434006807608842,0.03922537882003827,0.12606603270635983,0.06723981909329882,0.05521987387269535,0.010000000000000002,0.1487672024347715,0.06040360373185307,0.1595408172132142,0.049414534107106854
77,77.0,77.0,0.04041827093857008,0.1100485190855957,0.08389742265087899,0.08231232877278248,0.03371418867974874,0.16218221045530562,0.05802803217526906,0.09190581884522028,0.010000000000000002,0.14877993189830543,0.05041668822720678,0.10407455813000506,0.02422203014111152
78,78.0,78.0,0.06495074947014114,0.12427395074122408,0.06634220894517288,0.04534442162116739,0.03697065497023431,0.147690393775792,0.06824148629376187,0.05632610760206349,0.010000000000000002,0.15676633785378952,0.03946064324761424,0.12407443419895445,0.05955861128008446
79,79.0,79.0,0.07795244582533818,0.11468681177280801,0.08821585628676543,0.05685183935682003,0.03653709019648971,0.11457703241203121,0.04722159011815561,0.05791269630790484,0.010000000000000002,0.13135086291274278,0.06779331159736003,0.13457323486222575,0.062327228351358156
80,80.0,80.0,0.09527385238747302,0.07927990997316293,0.0821648680250717,0.046101186556749274,0.032556793685624454,0.15181417709324455,0.04965961443899425,0.039893943773093896,0.033953283341048655,0.1785091944141861,0.054497073291729495,0.10904846332617406,0.04724763969344738
81,81.0,81.0,0.06671152803717388,0.08880080784846474,0.10267705295613258,0.06886260901973146,0.06376925557411896,0.12436718463566473,0.028396975298624096,0.04407891082790288,0.03123697842130001,0.12411000920615833,0.05118117697634404,0.11143961382294636,0.09436789737543763
82,82.0,82.0,0.038130938979266345,0.09056305584362508,0.09584688908891498,0.04427384350699626,0.0406244637110252,0.17045588277576784,0.05944467554862044,0.03320266449665492,0.011585525920627508,0.15226326224387632,0.059442220091829624,0.1369818284314522,0.06718474936134308
83,83.0,83.0,0.053621997617368855,0.09833949806146328,0.0866583194047595,0.07190479139289271,0.04245577910559549,0.1322763011007513,0.06296160197214937,0.022474780080518942,0.03928764925389931,0.15741775152077533,0.054025718186291184,0.12884872171520498,0.04972709058832951
84,84.0,84.0,0.04536363700532983,0.08137627724974225,0.1282772854661594,0.04605224389362752,0.041876288435591484,0.16299062727227137,0.043145040865099085,0.05469788540787161,0.03360994710709046,0.12846989188398655,0.07073368475521366,0.11546835610830745,0.04793883454970903
85,85.0,85.0,0.06807803998329502,0.10113635816397941,0.11788153572499922,0.04183267804343471,0.048073309421848065,0.14043286045224232,0.048523454739672914,0.03717285800443521,0.030251109002845444,0.13308323002753072,0.08884042185188092,0.11185709869126784,0.03283704589256796
86,86.0,86.0,0.08191664049067518,0.0942106939868807,0.07141905969373216,0.09584798040739033,0.015786116817468283,0.14259231537982114,0.03255972770582632,0.05275257795668524,0.04875622391460406,0.155793436119189,0.04792551483240423,0.13717861948067916,0.023261093214643945
87,87.0,87.0,0.05161574463594274,0.05883394685900818,0.0912356925513039,0.08201312254083029,0.026776752608586345,0.18268116710985785,0.03604995105523186,0.027035360919297223,0.02222905885515302,0.15937346355284016,0.045233815732783185,0.13427586552668208,0.08264605805248294
88,88.0,88.0,0.05462227627388618,0.10370054647247591,0.10451129119984948,0.05579982184836861,0.04012384250880459,0.17087462356539554,0.03591689440585556,0.02389512388852435,0.010000000000000002,0.1651113511342162,0.07203391111276158,0.12002556646737872,0.04338475112248312
89,89.0,89.0,0.03692754265677438,0.07665879177321896,0.10584665878319025,0.06733370814437525,0.05963463715125171,0.15512055750144263,0.04138119368887623,0.028249511240171898,0.02456199608966262,0.14007865430545532,0.06907123141631913,0.16124929973611007,0.03388621751315132
90,90.0,90.0,0.07096675960922454,0.060995271324765864,0.1025789327877283,0.04104586763761761,0.046524734147447386,0.15022597590811587,0.09894721377311147,0.04818397216190629,0.025158057095533724,0.12378961711983463,0.0514638239734602,0.11843135196468316,0.061688422496570736
91,91.0,91.0,0.04009559677878446,0.14416744772029574,0.08061442690339507,0.04433463460596781,0.016550169312491737,0.15307409033002853,0.04219979895841357,0.06257249337888755,0.014894425164761697,0.15941623617277587,0.06608437002592134,0.13587482138703058,0.04012148926124591
92,92.0,92.0,0.017541898316605714,0.07351476225755302,0.09333798541000768,0.06052964536364843,0.07564498857108021,0.1449833333143306,0.05067683457030905,0.031767148695547066,0.01804749983345751,0.16423494141903144,0.11737220375330697,0.10753841773035071,0.04481034076477133
93,93.0,93.0,0.01966179275968056,0.13398400875801153,0.08743953264080614,0.05012282781637054,0.038408963615647496,0.14267368999683022,0.05355271909829727,0.02498231223185095,0.010000000000000002,0.16046193897455327,0.0647147251960284,0.14947771502313395,0.06451977388878942
94,94.0,94.0,0.044472252260643094,0.10025428412016353,0.1238006672076954,0.05752896830034136,0.030195780079913977,0.1497479512182231,0.04620602457662697,0.0330443543199433,0.027769568185013242,0.15197059414919326,0.04291295788755618,0.12630518983381242,0.0657914078608739
95,95.0,95.0,0.053801270129168334,0.08497316158930987,0.11887221346255142,0.040299869867702336,0.015964246450084863,0.1352437340858446,0.05589341239178895,0.05307468879110054,0.026100635761550785,0.15672273237805584,0.060077382402919134,0.1196361427768133,0.0793405099131098
96,96.0,96.0,0.04299214695236422,0.0892773706844934,0.10219849643682119,0.06234922763663686,0.0401066269616087,0.11986813593736789,0.0885221329838348,0.028692840728144365,0.020024423557936093,0.15183715763312508,0.05096441823015786,0.13858907244975524,0.06457794980775408
97,97.0,97.0,0.08433500042024611,0.07776668184487913,0.07582390076197196,0.051581131190353936,0.04266064021159604,0.15618568620444725,0.059202946153777206,0.02487567132880627,0.02492475922953452,0.15197486608120728,0.055396336130747056,0.14077536420623007,0.05449701623620292
98,98.0,98.0,0.06320350141263123,0.08866323569477401,0.07731297420451323,0.05003532090062397,0.0462898326444489,0.127389278015756,0.04633736533385531,0.037669156716261906,0.025116202256831456,0.14293819748659725,0.051167418006176836,0.14875057305675082,0.09512694427077882
99,99.0,99.0,0.059884304843303884,0.10230530414538822,0.10532869200917187,0.04415710419048286,0.07930612943113771,0.13560233154345017,0.06331351086477294,0.029233571943495885,0.014523098933410264,0.132809746561594,0.052043027468135064,0.11451497645894744,0.0669782016067095
100,100.0,100.0,0.056219050564860026,0.13915620678968885,0.08937944562748856,0.04084235623381665,0.040761847143623714,0.10468689712623162,0.04434058514839868,0.05018185437478541,0.03824537508661701,0.15252871295477505,0.07660282589631909,0.1053504915470106,0.061704351506384446
101,101.0,101.0,0.09641373647496129,0.10172033474065226,0.11961144322102586,0.06737368613466105,0.028191829418570402,0.13674140305871166,0.0448681063692384,0.034634395390383925,0.02613639125771323,0.14998861363381874,0.05224422525657627,0.11355481068864308,0.028521024355043507
102,102.0,102.0,0.07354258026950765,0.1091836709202634,0.11506444510125893,0.07816699714463875,0.022965768652184068,0.11152656642053775,0.04704064381327609,0.05788356496063838,0.018647386312213094,0.11907881481645373,0.05299217580221273,0.11670302612615521,0.07720435966065999
103,103.0,103.0,0.0390425618496621,0.11505918218340047,0.12362564284735993,0.06944676852529698,0.03739957924869164,0.12526165628277347,0.037755379031295194,0.031383154750336276,0.01173751043281269,0.15625907491883934,0.07696334545245392,0.13726712120382903,0.0387990232732487
104,104.0,104.0,0.051860150634979764,0.09660416105647195,0.10420007268139572,0.047457422420946735,0.031638920050566705,0.18609581667243483,0.04617887165173366,0.05105792893088149,0.04918122843104099,0.13146698297208115,0.04222108174457158,0.1224836408888939,0.03955372186400126
105,105.0,105.0,0.06538440571000817,0.08560162901964292,0.05749286678663594,0.059290376873850616,0.04254545863682377,0.14189570156254896,0.05132916520240412,0.04979087501855882,0.038699064614604456,0.16140650306030674,0.0807720194433286,0.10654861308675431,0.05924332098453243
106,106.0,106.0,0.051207899361719544,0.12188563978680782,0.09820145070950806,0.07621828622885836,0.045296508676988735,0.11618214260654944,0.04329540308628856,0.07015733105490467,0.022551801733966113,0.15637339015764545,0.048649222975723924,0.10443210277156052,0.045548820849478575
107,107.0,107.0,0.026517228970832318,0.11263140430214562,0.11422535798105489,0.08829679765898076,0.041901315699795376,0.13671488721428685,0.05831909476704217,0.04417974960328881,0.014833874872813638,0.12758267534850437,0.04663707371050892,0.13211048814326004,0.056050051727485915
108,108.0,108.0,0.014161658835327759,0.0863657554566009,0.1244616536465872,0.06292411473140877,0.04177097727107631,0.1466219774287272,0.05404792914445848,0.029555914297930454,0.02847438859783579,0.15397693846025368,0.07961953371662846,0.1548692682954139,0.02314989011775081
109,109.0,109.0,0.050293194883011205,0.12254914462236469,0.1301936603059881,0.036327933849595505,0.050725371031887345,0.1233653873921106,0.059616983978596584,0.03458501290340023,0.016960657935443955,0.16622843226918388,0.039077758963333625,0.10436257093935342,0.0657138909257307
110,110.0,110.0,0.05221226790819851,0.0941717880140315,0.11758969555146599,0.05264671241911405,0.04404500639395694,0.1358478315839543,0.04491630220496358,0.06885887727619798,0.022926500323563345,0.1577415815283521,0.05550741540703234,0.1173004461705491,0.036235575218620086
111,111.0,111.0,0.060692813776316766,0.12149547764680049,0.10414617818981811,0.06719972025937374,0.062129323531053195,0.1268610217132986,0.039707119130774404,0.026342973061831844,0.020846891955548095,0.15250542745712797,0.10088109111486152,0.09796042166310825,0.01923154050008676
112,112.0,112.0,0.04873322646590542,0.10219563906999143,0.07762640320182065,0.07906015069343397,0.03965500921355244,0.10691493034364843,0.09669785573660009,0.04754804354604407,0.021910767503875304,0.13389610500442534,0.07901475258171242,0.10956306068213614,0.05718405595685407
113,113.0,113.0,0.024202700905641816,0.14424329264558994,0.07327941181607973,0.0488497669372599,0.0398183224715662,0.08757903882888936,0.06138684827501113,0.08399195062583074,0.01128951717080179,0.14832965408870494,0.06659524759998378,0.1417227439316237,0.06871150470301671
114,114.0,114.0,0.07688771700125267,0.1064848429047204,0.10707868439488562,0.07040999810472534,0.014572227936984133,0.14772549240756466,0.05381730028136485,0.0308491517874822,0.01930938661811058,0.1334844883016975,0.03680319716962213,0.14900953825605634,0.05356797483553338
115,115.0,115.0,0.0428786788100119,0.08011915662835126,0.09839976208874417,0.057278139082321454,0.0557486563133817,0.13253401896536304,0.055359277637249106,0.0763880197986724,0.021847037811220615,0.1535458347954985,0.07766039675464652,0.12819697648077105,0.020044044833768156
116,116.0,116.0,0.027810674635488995,0.1174651728860417,0.10361717405561084,0.06917383605228011,0.05196836001259997,0.13099501187031587,0.031540679146201775,0.03852021776226797,0.012081771149884903,0.16141472206662444,0.06362432890356054,0.147831504186135,0.04395654727298764
117,117.0,117.0,0.02957492301275331,0.10925515929047262,0.07544989837776762,0.04954270321387933,0.03453823869579296,0.20203355289406555,0.05135105216782806,0.028022231051873354,0.03586263951017553,0.15218837793315104,0.038525141968408484,0.14309753735734262,0.050558544526489294
118,118.0,118.0,0.030317631945788837,0.09904465221958697,0.0848651375725049,0.06077289323573839,0.02284205648274452,0.17149911073967236,0.06073920867029446,0.05626647965035597,0.012554236306410055,0.1350947425110354,0.08116132652509693,0.13133558392584094,0.05350694021493004
119,119.0,119.0,0.06046098853623404,0.08598670634109748,0.055056532898060874,0.07052012189104225,0.03767972273040787,0.13920735285565802,0.04022562418663157,0.047336859859846855,0.03197233703922241,0.1557393704381617,0.07119223139102361,0.14136739067891996,0.06325476115369315
120,120.0,120.0,0.03843531268939634,0.07921778743138953,0.10811194890912619,0.06507436681674623,0.03754162800121454,0.1337263838297873,0.04612987962982864,0.02459833705585343,0.03558280197144813,0.16432340868540124,0.08703388212030437,0.12296889956220176,0.057255363297302075
121,121.0,121.0,0.043830095693427204,0.11250679681423315,0.06606652993127404,0.056986295248874975,0.026437780763554873,0.1608029585847782,0.037647597281763936,0.07130429555955281,0.014662043761500532,0.1710832896561963,0.0711155834975927,0.1222966868748296,0.045260046332421554
122,122.0,122.0,0.031176772008539327,0.1609349549197911,0.1057103548536354,0.06257353750661233,0.010000000000000002,0.13136619191540416,0.0742540934690028,0.024150554142176737,0.010000000000000002,0.13019159805428354,0.07091742516144436,0.14897887773317695,0.03974564023593308
123,123.0,123.0,0.030278472486540742,0.09139572054713505,0.09095593555778166,0.08833706153519474,0.0643244756147418,0.1475200232441922,0.04857654100449893,0.019196483738024052,0.024137795057537697,0.1392291568881401,0.08187799259016659,0.1107459977260608,0.06342434400998541
124,124.0,124.0,0.01522174529353736,0.12363800454692198,0.12432336676231551,0.06041060544697112,0.019407186999237082,0.1483968594813551,0.05228586887107789,0.03073722063250628,0.010000000000000002,0.1568137652891201,0.07300463462230074,0.12071598291923036,0.06504475913542637
125,125.0,125.0,0.08038445716402301,0.09795949438977007,0.07444930374281504,0.10300920966977874,0.06370246607179167,0.14756170073750774,0.06479313369211878,0.040506841098271504,0.01540415466152091,0.1280264249965098,0.03678171871715507,0.08294615037471065,0.06447494468402674
126,126.0,126.0,0.04359390390898063,0.10987894539616197,0.09926901068952859,0.062118691823038544,0.03370651557896543,0.15973417157734665,0.07515968981299581,0.01728975420431688,0.010000000000000002,0.1710569974111168,0.06076582212448987,0.11197563559385706,0.04545086187920159
127,127.0,127.0,0.0312190788538226,0.08374000476075376,0.061249740417376575,0.07064451030557102,0.04816975907488459,0.14618311679982715,0.04993651783160079,0.042207354738525646,0.035163143030597074,0.1633662665293146,0.06221434739954594,0.13503749004291662,0.07086867021526337
128,128.0,128.0,0.06603542237742022,0.11204950575522268,0.09959958059804698,0.05897119838068583,0.03360667736173497,0.14757558635870988,0.04585796109940762,0.03800378505928048,0.04359882795008748,0.12965583484006826,0.06153090805048259,0.09732339249611298,0.06619131967273983
129,129.0,129.0,0.044183978818866654,0.12629327377464256,0.0904993438460844,0.052917704874174035,0.05754547373065503,0.12853563812395585,0.050477233368472166,0.04292419311974302,0.013903083976371484,0.14970167610967067,0.055321329576343024,0.1430417256648348,0.044655345016186135
130,130.0,130.0,0.06483388746924439,0.06339654013226945,0.1094662278979754,0.04007981618281468,0.0206113824424549,0.16565736864292915,0.0535231263850933,0.0729444357542616,0.0248848332745493,0.15018256599720442,0.06308044498107648,0.13539846794855748,0.0359409028915693
131,131.0,131.0,0.07997637420300421,0.06395949254814234,0.07111448391117722,0.031020334104492016,0.02768737560864094,0.1628050687213923,0.03412630308385924,0.051092719374892105,0.03473194322525686,0.14616818998926084,0.08321688467303308,0.13942510452781398,0.07467572602903462
132,132.0,132.0,0.035047573636114396,0.11671913093533079,0.10373877242457823,0.046321117478779796,0.03818861783105648,0.12196902172189952,0.05924584707444421,0.06934513224911616,0.014092272112576682,0.21824524240607537,0.03790467413242658,0.09061263789751402,0.048569960100087614
133,133.0,133.0,0.0560208805389274,0.12031281961486848,0.07732041027746082,0.02660728684822421,0.021544864357968922,0.1293583249349663,0.08968206250432821,0.0488364014541159,0.03296987963179402,0.16802685438572623,0.06494162072019416,0.10485175577343434,0.05952683895799079
134,134.0,134.0,0.026074531688937735,0.08544293754218224,0.13003245370133493,0.09338363248408908,0.013954013591221037,0.14627007114725507,0.04695622221775057,0.038654152206300814,0.01052327954129657,0.205017858410424,0.052720311801675544,0.08550548439770823,0.06546505126982398
135,135.0,135.0,0.06995051516307102,0.10212850611512767,0.08785275441445109,0.04648704763003921,0.020910299512066098,0.1335112100499503,0.07977130136914648,0.07642476943228572,0.010000000000000002,0.1615554674195993,0.03294997968881239,0.12920038088106106,0.04925776832438944
136,136.0,136.0,0.022123774044459928,0.09607141690204726,0.12374894204370315,0.029796085356742892,0.06345464584887324,0.17109268979449477,0.08809599630736578,0.01805660720601636,0.010000000000000002,0.15864947851141983,0.02589334413199059,0.14800832535941583,0.04500869449347013
137,137.0,137.0,0.08046506648915504,0.10231038327848385,0.12908563818637447,0.08714606107363085,0.038685715824913786,0.10338715980917042,0.04768726414439209,0.03334086419407655,0.030548726890920967,0.1314321782477896,0.075504138133299,0.12026124849776829,0.020145555230024755
138,138.0,138.0,0.04305199145155792,0.11995574764989776,0.08931996218875289,0.08448872542839066,0.050966792687118,0.16016322690527485,0.029958717496634053,0.017071249140535566,0.03951626124822417,0.1327731787473695,0.08444756649828733,0.11042269513611698,0.0378638854218401
139,139.0,139.0,0.04666709064986931,0.08641451304627422,0.11581586896066372,0.04032405151410227,0.0483858533713034,0.13204547361050806,0.034131780982166585,0.06159437787323585,0.016821455061767968,0.13979101312304595,0.07529854578544695,0.12048823014668515,0.08222174587493038
140,140.0,140.0,0.03677985190157211,0.09663877803456758,0.1330671498690733,0.09205447126624064,0.030428450807492447,0.16949742908315005,0.03227192989185213,0.03321661479483075,0.027339348149469467,0.1417580468034347,0.04281568444029746,0.1268015956933564,0.03733064926466287
141,141.0,141.0,0.07841706002534252,0.09282014434851477,0.1168109891615929,0.07680904161207365,0.02084318793394173,0.11972423285716009,0.07111943197555863,0.03374931263191734,0.02279075272307466,0.16321962100893167,0.05133593477180239,0.1257379833630911,0.026622307586998295
142,142.0,142.0,0.04721554867086962,0.10774541006041331,0.13113518749662922,0.06346214208424862,0.021617331216733586,0.13039401493121244,0.06065664804306707,0.05506431430796449,0.03060350487799741,0.11800711105277231,0.059054973269465016,0.12481468477850619,0.050229129210120446
143,143.0,143.0,0.045515461863826864,0.123841330030388,0.08611873473124201,0.04751907225298212,0.04665137381464436,0.16520748036067884,0.02355841631725317,0.03833048695567903,0.012616826388531524,0.14501824399227406,0.07150501089661135,0.1033828944167758,0.09073466797911262
