Total_iterations,Unnamed: 0.1,Intertwine_two,Add_vertex,Delete_vertex,Invert_path_vertices,Insert_inside_vertex,Delete_inside_vertex,Replace_inside_vertex,Donate_between_routes
0,0.0,0.125,0.125,0.125,0.125,0.125,0.125,0.125,0.125
1,1.0,0.125,0.125,0.125,0.125,0.125,0.125,0.125,0.125
2,2.0,0.125,0.125,0.125,0.125,0.125,0.125,0.125,0.125
3,3.0,0.125,0.125,0.125,0.125,0.125,0.125,0.125,0.125
4,4.0,0.125,0.125,0.125,0.125,0.125,0.125,0.125,0.125
5,5.0,0.125,0.125,0.125,0.125,0.125,0.125,0.125,0.125
6,6.0,0.125,0.125,0.125,0.125,0.125,0.125,0.125,0.125
7,7.0,0.125,0.125,0.125,0.125,0.125,0.125,0.125,0.125
8,8.0,0.125,0.125,0.125,0.125,0.125,0.125,0.125,0.125
9,9.0,0.125,0.125,0.125,0.125,0.125,0.125,0.125,0.125
10,10.0,0.125,0.125,0.125,0.125,0.125,0.125,0.125,0.125
11,11.0,0.125,0.125,0.125,0.125,0.125,0.125,0.125,0.125
12,12.0,0.125,0.125,0.125,0.125,0.125,0.125,0.125,0.125
13,13.0,0.125,0.125,0.125,0.125,0.125,0.125,0.125,0.125
14,14.0,0.125,0.125,0.125,0.125,0.125,0.125,0.125,0.125
15,15.0,0.125,0.125,0.125,0.125,0.125,0.125,0.125,0.125
16,16.0,0.125,0.125,0.125,0.125,0.125,0.125,0.125,0.125
17,17.0,0.125,0.125,0.125,0.125,0.125,0.125,0.125,0.125
18,18.0,0.125,0.125,0.125,0.125,0.125,0.125,0.125,0.125
19,19.0,0.125,0.125,0.125,0.125,0.125,0.125,0.125,0.125
20,20.0,0.125,0.125,0.125,0.125,0.125,0.125,0.125,0.125
21,21.0,0.125,0.125,0.125,0.125,0.125,0.125,0.125,0.125
22,22.0,0.125,0.125,0.125,0.125,0.125,0.125,0.125,0.125
23,23.0,0.125,0.125,0.125,0.125,0.125,0.125,0.125,0.125
24,24.0,0.125,0.125,0.125,0.125,0.125,0.125,0.125,0.125
25,25.0,0.125,0.125,0.125,0.125,0.125,0.125,0.125,0.125
26,26.0,0.125,0.125,0.125,0.125,0.125,0.125,0.125,0.125
27,27.0,0.125,0.125,0.125,0.125,0.125,0.125,0.125,0.125
28,28.0,0.125,0.125,0.125,0.125,0.125,0.125,0.125,0.125
29,29.0,0.125,0.125,0.125,0.125,0.125,0.125,0.125,0.125
30,30.0,0.125,0.125,0.125,0.125,0.125,0.125,0.125,0.125
31,31.0,0.125,0.125,0.125,0.125,0.125,0.125,0.125,0.125
32,32.0,0.125,0.125,0.125,0.125,0.125,0.125,0.125,0.125
33,33.0,0.125,0.125,0.125,0.125,0.125,0.125,0.125,0.125
34,34.0,0.125,0.125,0.125,0.125,0.125,0.125,0.125,0.125
35,35.0,0.125,0.125,0.125,0.125,0.125,0.125,0.125,0.125
36,36.0,0.125,0.125,0.125,0.125,0.125,0.125,0.125,0.125
37,37.0,0.125,0.125,0.125,0.125,0.125,0.125,0.125,0.125
38,38.0,0.125,0.125,0.125,0.125,0.125,0.125,0.125,0.125
39,39.0,0.125,0.125,0.125,0.125,0.125,0.125,0.125,0.125
40,40.0,0.125,0.125,0.125,0.125,0.125,0.125,0.125,0.125
41,41.0,0.125,0.125,0.125,0.125,0.125,0.125,0.125,0.125
42,42.0,0.125,0.125,0.125,0.125,0.125,0.125,0.125,0.125
43,43.0,0.125,0.125,0.125,0.125,0.125,0.125,0.125,0.125
44,44.0,0.125,0.125,0.125,0.125,0.125,0.125,0.125,0.125
45,45.0,0.125,0.125,0.125,0.125,0.125,0.125,0.125,0.125
46,46.0,0.125,0.125,0.125,0.125,0.125,0.125,0.125,0.125
47,47.0,0.125,0.125,0.125,0.125,0.125,0.125,0.125,0.125
48,48.0,0.125,0.125,0.125,0.125,0.125,0.125,0.125,0.125
49,49.0,0.125,0.125,0.125,0.125,0.125,0.125,0.125,0.125
50,50.0,0.125,0.125,0.125,0.125,0.125,0.125,0.125,0.125
51,51.0,0.125,0.125,0.125,0.125,0.125,0.125,0.125,0.125
52,52.0,0.125,0.125,0.125,0.125,0.125,0.125,0.125,0.125
53,53.0,0.125,0.125,0.125,0.125,0.125,0.125,0.125,0.125
54,54.0,0.125,0.125,0.125,0.125,0.125,0.125,0.125,0.125
55,55.0,0.125,0.125,0.125,0.125,0.125,0.125,0.125,0.125
56,56.0,0.125,0.125,0.125,0.125,0.125,0.125,0.125,0.125
57,57.0,0.125,0.125,0.125,0.125,0.125,0.125,0.125,0.125
58,58.0,0.125,0.125,0.125,0.125,0.125,0.125,0.125,0.125
59,59.0,0.125,0.125,0.125,0.125,0.125,0.125,0.125,0.125
60,60.0,0.125,0.125,0.125,0.125,0.125,0.125,0.125,0.125
61,61.0,0.125,0.125,0.125,0.125,0.125,0.125,0.125,0.125
62,62.0,0.125,0.125,0.125,0.125,0.125,0.125,0.125,0.125
63,63.0,0.125,0.125,0.125,0.125,0.125,0.125,0.125,0.125
64,64.0,0.125,0.125,0.125,0.125,0.125,0.125,0.125,0.125
65,65.0,0.125,0.125,0.125,0.125,0.125,0.125,0.125,0.125
66,66.0,0.125,0.125,0.125,0.125,0.125,0.125,0.125,0.125
67,67.0,0.125,0.125,0.125,0.125,0.125,0.125,0.125,0.125
68,68.0,0.125,0.125,0.125,0.125,0.125,0.125,0.125,0.125
69,69.0,0.125,0.125,0.125,0.125,0.125,0.125,0.125,0.125
70,70.0,0.125,0.125,0.125,0.125,0.125,0.125,0.125,0.125
71,71.0,0.125,0.125,0.125,0.125,0.125,0.125,0.125,0.125
72,72.0,0.125,0.125,0.125,0.125,0.125,0.125,0.125,0.125
73,73.0,0.125,0.125,0.125,0.125,0.125,0.125,0.125,0.125
74,74.0,0.125,0.125,0.125,0.125,0.125,0.125,0.125,0.125
75,75.0,0.125,0.125,0.125,0.125,0.125,0.125,0.125,0.125
76,76.0,0.125,0.125,0.125,0.125,0.125,0.125,0.125,0.125
77,77.0,0.125,0.125,0.125,0.125,0.125,0.125,0.125,0.125
78,78.0,0.125,0.125,0.125,0.125,0.125,0.125,0.125,0.125
79,79.0,0.125,0.125,0.125,0.125,0.125,0.125,0.125,0.125
80,80.0,0.125,0.125,0.125,0.125,0.125,0.125,0.125,0.125
81,81.0,0.125,0.125,0.125,0.125,0.125,0.125,0.125,0.125
82,82.0,0.125,0.125,0.125,0.125,0.125,0.125,0.125,0.125
83,83.0,0.125,0.125,0.125,0.125,0.125,0.125,0.125,0.125
84,84.0,0.125,0.125,0.125,0.125,0.125,0.125,0.125,0.125
85,85.0,0.125,0.125,0.125,0.125,0.125,0.125,0.125,0.125
86,86.0,0.125,0.125,0.125,0.125,0.125,0.125,0.125,0.125
87,87.0,0.125,0.125,0.125,0.125,0.125,0.125,0.125,0.125
88,88.0,0.125,0.125,0.125,0.125,0.125,0.125,0.125,0.125
89,89.0,0.125,0.125,0.125,0.125,0.125,0.125,0.125,0.125
90,90.0,0.125,0.125,0.125,0.125,0.125,0.125,0.125,0.125
91,91.0,0.125,0.125,0.125,0.125,0.125,0.125,0.125,0.125
92,92.0,0.125,0.125,0.125,0.125,0.125,0.125,0.125,0.125
93,93.0,0.125,0.125,0.125,0.125,0.125,0.125,0.125,0.125
94,94.0,0.125,0.125,0.125,0.125,0.125,0.125,0.125,0.125
95,95.0,0.125,0.125,0.125,0.125,0.125,0.125,0.125,0.125
96,96.0,0.125,0.125,0.125,0.125,0.125,0.125,0.125,0.125
97,97.0,0.125,0.125,0.125,0.125,0.125,0.125,0.125,0.125
98,98.0,0.125,0.125,0.125,0.125,0.125,0.125,0.125,0.125
99,99.0,0.125,0.125,0.125,0.125,0.125,0.125,0.125,0.125
100,100.0,0.125,0.125,0.125,0.125,0.125,0.125,0.125,0.125
101,101.0,0.125,0.125,0.125,0.125,0.125,0.125,0.125,0.125
102,102.0,0.125,0.125,0.125,0.125,0.125,0.125,0.125,0.125
103,103.0,0.125,0.125,0.125,0.125,0.125,0.125,0.125,0.125
104,104.0,0.125,0.125,0.125,0.125,0.125,0.125,0.125,0.125
105,105.0,0.125,0.125,0.125,0.125,0.125,0.125,0.125,0.125
106,106.0,0.125,0.125,0.125,0.125,0.125,0.125,0.125,0.125
107,107.0,0.125,0.125,0.125,0.125,0.125,0.125,0.125,0.125
108,108.0,0.125,0.125,0.125,0.125,0.125,0.125,0.125,0.125
109,109.0,0.125,0.125,0.125,0.125,0.125,0.125,0.125,0.125
110,110.0,0.125,0.125,0.125,0.125,0.125,0.125,0.125,0.125
111,111.0,0.125,0.125,0.125,0.125,0.125,0.125,0.125,0.125
112,112.0,0.125,0.125,0.125,0.125,0.125,0.125,0.125,0.125
113,113.0,0.125,0.125,0.125,0.125,0.125,0.125,0.125,0.125
114,114.0,0.125,0.125,0.125,0.125,0.125,0.125,0.125,0.125
115,115.0,0.125,0.125,0.125,0.125,0.125,0.125,0.125,0.125
116,116.0,0.125,0.125,0.125,0.125,0.125,0.125,0.125,0.125
117,117.0,0.125,0.125,0.125,0.125,0.125,0.125,0.125,0.125
118,118.0,0.125,0.125,0.125,0.125,0.125,0.125,0.125,0.125
119,119.0,0.125,0.125,0.125,0.125,0.125,0.125,0.125,0.125
120,120.0,0.125,0.125,0.125,0.125,0.125,0.125,0.125,0.125
121,121.0,0.125,0.125,0.125,0.125,0.125,0.125,0.125,0.125
122,122.0,0.125,0.125,0.125,0.125,0.125,0.125,0.125,0.125
123,123.0,0.125,0.125,0.125,0.125,0.125,0.125,0.125,0.125
124,124.0,0.125,0.125,0.125,0.125,0.125,0.125,0.125,0.125
125,125.0,0.125,0.125,0.125,0.125,0.125,0.125,0.125,0.125
126,126.0,0.125,0.125,0.125,0.125,0.125,0.125,0.125,0.125
127,127.0,0.125,0.125,0.125,0.125,0.125,0.125,0.125,0.125
128,128.0,0.125,0.125,0.125,0.125,0.125,0.125,0.125,0.125
129,129.0,0.125,0.125,0.125,0.125,0.125,0.125,0.125,0.125
130,130.0,0.125,0.125,0.125,0.125,0.125,0.125,0.125,0.125
131,131.0,0.125,0.125,0.125,0.125,0.125,0.125,0.125,0.125
132,132.0,0.125,0.125,0.125,0.125,0.125,0.125,0.125,0.125
133,133.0,0.125,0.125,0.125,0.125,0.125,0.125,0.125,0.125
134,134.0,0.125,0.125,0.125,0.125,0.125,0.125,0.125,0.125
135,135.0,0.125,0.125,0.125,0.125,0.125,0.125,0.125,0.125
136,136.0,0.125,0.125,0.125,0.125,0.125,0.125,0.125,0.125
137,137.0,0.125,0.125,0.125,0.125,0.125,0.125,0.125,0.125
138,138.0,0.125,0.125,0.125,0.125,0.125,0.125,0.125,0.125
139,139.0,0.125,0.125,0.125,0.125,0.125,0.125,0.125,0.125
140,140.0,0.125,0.125,0.125,0.125,0.125,0.125,0.125,0.125
141,141.0,0.125,0.125,0.125,0.125,0.125,0.125,0.125,0.125
142,142.0,0.125,0.125,0.125,0.125,0.125,0.125,0.125,0.125
143,143.0,0.125,0.125,0.125,0.125,0.125,0.125,0.125,0.125
144,144.0,0.125,0.125,0.125,0.125,0.125,0.125,0.125,0.125
145,145.0,0.125,0.125,0.125,0.125,0.125,0.125,0.125,0.125
146,146.0,0.125,0.125,0.125,0.125,0.125,0.125,0.125,0.125
147,147.0,0.125,0.125,0.125,0.125,0.125,0.125,0.125,0.125
148,148.0,0.125,0.125,0.125,0.125,0.125,0.125,0.125,0.125
149,149.0,0.125,0.125,0.125,0.125,0.125,0.125,0.125,0.125
150,150.0,0.125,0.125,0.125,0.125,0.125,0.125,0.125,0.125
151,151.0,0.125,0.125,0.125,0.125,0.125,0.125,0.125,0.125
152,152.0,0.125,0.125,0.125,0.125,0.125,0.125,0.125,0.125
153,153.0,0.125,0.125,0.125,0.125,0.125,0.125,0.125,0.125
154,154.0,0.125,0.125,0.125,0.125,0.125,0.125,0.125,0.125
155,155.0,0.125,0.125,0.125,0.125,0.125,0.125,0.125,0.125
156,156.0,0.125,0.125,0.125,0.125,0.125,0.125,0.125,0.125
157,157.0,0.125,0.125,0.125,0.125,0.125,0.125,0.125,0.125
158,158.0,0.125,0.125,0.125,0.125,0.125,0.125,0.125,0.125
159,159.0,0.125,0.125,0.125,0.125,0.125,0.125,0.125,0.125
160,160.0,0.125,0.125,0.125,0.125,0.125,0.125,0.125,0.125
161,161.0,0.125,0.125,0.125,0.125,0.125,0.125,0.125,0.125
162,162.0,0.125,0.125,0.125,0.125,0.125,0.125,0.125,0.125
163,163.0,0.125,0.125,0.125,0.125,0.125,0.125,0.125,0.125
164,164.0,0.125,0.125,0.125,0.125,0.125,0.125,0.125,0.125
165,165.0,0.125,0.125,0.125,0.125,0.125,0.125,0.125,0.125
166,166.0,0.125,0.125,0.125,0.125,0.125,0.125,0.125,0.125
167,167.0,0.125,0.125,0.125,0.125,0.125,0.125,0.125,0.125
168,168.0,0.125,0.125,0.125,0.125,0.125,0.125,0.125,0.125
169,169.0,0.125,0.125,0.125,0.125,0.125,0.125,0.125,0.125
170,170.0,0.125,0.125,0.125,0.125,0.125,0.125,0.125,0.125
171,171.0,0.125,0.125,0.125,0.125,0.125,0.125,0.125,0.125
172,172.0,0.125,0.125,0.125,0.125,0.125,0.125,0.125,0.125
173,173.0,0.125,0.125,0.125,0.125,0.125,0.125,0.125,0.125
174,174.0,0.125,0.125,0.125,0.125,0.125,0.125,0.125,0.125
175,175.0,0.125,0.125,0.125,0.125,0.125,0.125,0.125,0.125
176,176.0,0.125,0.125,0.125,0.125,0.125,0.125,0.125,0.125
177,177.0,0.125,0.125,0.125,0.125,0.125,0.125,0.125,0.125
178,178.0,0.125,0.125,0.125,0.125,0.125,0.125,0.125,0.125
179,179.0,0.125,0.125,0.125,0.125,0.125,0.125,0.125,0.125
180,180.0,0.125,0.125,0.125,0.125,0.125,0.125,0.125,0.125
181,181.0,0.125,0.125,0.125,0.125,0.125,0.125,0.125,0.125
182,182.0,0.125,0.125,0.125,0.125,0.125,0.125,0.125,0.125
183,183.0,0.125,0.125,0.125,0.125,0.125,0.125,0.125,0.125
184,184.0,0.125,0.125,0.125,0.125,0.125,0.125,0.125,0.125
185,185.0,0.125,0.125,0.125,0.125,0.125,0.125,0.125,0.125
186,186.0,0.125,0.125,0.125,0.125,0.125,0.125,0.125,0.125
187,187.0,0.125,0.125,0.125,0.125,0.125,0.125,0.125,0.125
188,188.0,0.125,0.125,0.125,0.125,0.125,0.125,0.125,0.125
189,189.0,0.125,0.125,0.125,0.125,0.125,0.125,0.125,0.125
190,190.0,0.125,0.125,0.125,0.125,0.125,0.125,0.125,0.125
191,191.0,0.125,0.125,0.125,0.125,0.125,0.125,0.125,0.125
192,192.0,0.125,0.125,0.125,0.125,0.125,0.125,0.125,0.125
193,193.0,0.125,0.125,0.125,0.125,0.125,0.125,0.125,0.125
194,194.0,0.125,0.125,0.125,0.125,0.125,0.125,0.125,0.125
195,195.0,0.125,0.125,0.125,0.125,0.125,0.125,0.125,0.125
196,196.0,0.125,0.125,0.125,0.125,0.125,0.125,0.125,0.125
197,197.0,0.125,0.125,0.125,0.125,0.125,0.125,0.125,0.125
198,198.0,0.125,0.125,0.125,0.125,0.125,0.125,0.125,0.125
199,199.0,0.1248611111111111,0.1248611111111111,0.1248611111111111,0.1248611111111111,0.1248611111111111,0.1259722222222222,0.1248611111111111,0.1248611111111111
200,200.0,0.1243347222222222,0.1265569444444444,0.1243347222222222,0.1253347222222222,0.1243347222222222,0.1264347222222222,0.1243347222222222,0.1243347222222222
201,201.0,0.1234537361111111,0.1286537361111111,0.1234537361111111,0.1254437361111111,0.1234537361111111,0.1275227361111111,0.1234537361111111,0.1245648472222222
202,202.0,0.1224056041792929,0.1311699678156566,0.1224056041792929,0.1253667041792929,0.1224056041792929,0.1283151050883838,0.1233146950883838,0.124616715290404
203,203.0,0.1210276233382575,0.1330486342473485,0.1221387344493687,0.1249331023382576,0.1209234566715909,0.1306698335917929,0.1228367142473485,0.1244219011160353
204,204.0,0.119385528721256,0.1370442351436336,0.1215886215047611,0.124201894031256,0.1191793109377508,0.1317029153444161,0.1220774378121651,0.1248200565047611
205,205.0,0.1177238742368029,0.1413639355409308,0.1210990177251261,0.123411873572703,0.1174186153148063,0.1325588348594828,0.1212743096913484,0.1251495390587996
206,206.0,0.115986299004294,0.1458558630716398,0.1206018935257127,0.1231685556368117,0.1155857822805588,0.1331736472552355,0.1202890553467182,0.1253389038790292
207,207.0,0.1142661536585283,0.1505435745720968,0.1200792708917916,0.1229464192916768,0.1137748191713748,0.133634888403507,0.1192863045699526,0.1254685694410718
208,208.0,0.1123773057551984,0.1558951347323428,0.1203400622567891,0.121491476832583,0.11179914862584,0.1346781009973608,0.1180762436029418,0.125342527196944
209,209.0,0.1103986958472758,0.1608338249029781,0.1203555910344361,0.1198847401136991,0.1097381799112265,0.1370232921299363,0.1167348858925622,0.1250307901678857
210,210.0,0.109280298355511,0.1654394239691362,0.1202441675896307,0.1182453347160716,0.1077089313194672,0.1390622665814903,0.1153766534781334,0.1246429239905594
211,211.0,0.1081897002556303,0.1692054981819165,0.1200802074396721,0.1176964569150866,0.1057209475666184,0.1400817714271245,0.1148425737299621,0.1241828444839895
212,212.0,0.1069741370094357,0.1736832669548977,0.1197097132765671,0.1170009900073015,0.1036931939904119,0.1420617647355631,0.1133113482655626,0.1235655857602603
213,213.0,0.1056086816666474,0.1775657535856533,0.1190165552549789,0.1170704003667389,0.1015975987588251,0.1447818735751229,0.1115984248138287,0.1227607119782046
214,214.0,0.1041928071611818,0.1807680670165039,0.1181925786936193,0.117078322013898,0.0995308996587096,0.1485157437791547,0.1098575506264593,0.1218640310504732
215,215.0,0.1027657441243913,0.1854028303597605,0.1172033776063512,0.1158211287438392,0.0974880468950922,0.1524095256440362,0.1080384832984454,0.1208708633280839
216,216.0,0.1013573092792034,0.1893932798285787,0.1161579755142474,0.1145205130385938,0.0955015116013865,0.1570713437980871,0.1061828505327494,0.1198152164071535
217,217.0,0.0999822909508591,0.193440501785656,0.1156632486287791,0.1131963900946821,0.0935880941794876,0.161096845596978,0.1043161672908631,0.1187164614726948
218,218.0,0.0985742652713308,0.1966734984899534,0.1150628325338052,0.1117875194657835,0.0916827846168071,0.1662915738580493,0.1024144612884922,0.1175130644757785
219,219.0,0.097164524403061,0.1996459822263843,0.1143872114817547,0.1102976960586522,0.0898177363935791,0.1719312516411827,0.1005141630322375,0.1162414347631484
220,220.0,0.0958166477154867,0.2019575443009797,0.1136672928821739,0.1093257116151607,0.0880568842999705,0.1775547314074783,0.098650765433368,0.1149704223453822
221,221.0,0.0945380995560381,0.2036513332578011,0.1134413654625332,0.1088296740820038,0.0864075892425794,0.1825795343838669,0.096839556399382,0.1137128476157953
222,222.0,0.0933584167640234,0.2050090306243209,0.1131859735895614,0.1083880017750588,0.0848988726788845,0.1875389644301018,0.0951171133746572,0.1125036267633919
223,223.0,0.0929607029986549,0.2056201403422178,0.1127542270354571,0.1077761063580473,0.0839199170001482,0.192303305583656,0.0934036214740362,0.1112619792077824
224,224.0,0.093393265967449,0.2055723908983562,0.1126613854271811,0.1075102193392364,0.0829588210559474,0.196222245500084,0.0916966058854003,0.1099850659263454
225,225.0,0.0950682202906826,0.2047504596357947,0.1123146479742209,0.1070201815314292,0.08194979323148,0.1998874309991435,0.0899586353784967,0.1090506309587523
226,226.0,0.0971375803011606,0.2039797021208123,0.111764334592907,0.1067711580419528,0.0813460408068846,0.202742438242542,0.088212408832336,0.1080463370614045
227,227.0,0.0986105591494012,0.2032614873112753,0.111224105891166,0.1065195220083752,0.0808307767156448,0.2058512336296928,0.0866037326123024,0.1070985826821422
228,228.0,0.1000574158418787,0.2021817476096214,0.1106240570455241,0.1062297478780214,0.0807470015979165,0.2088885834240234,0.0850977891267166,0.1061736574762979
229,229.0,0.1018932470905212,0.2007972919482614,0.1099570608123651,0.1052500545997035,0.0807005783720234,0.2115782067771454,0.0845645508645864,0.1052590095353936
230,230.0,0.1034089977118075,0.2000519191156432,0.1091588147389543,0.1041938187691438,0.0802744403286263,0.2139625617583989,0.083990870332881,0.104958577244545
231,231.0,0.1046781175877266,0.1990288598026131,0.1088180656637184,0.103487165571386,0.0798656073852586,0.2160287103512591,0.0834333970671879,0.1046600765708502
232,232.0,0.1064695469198478,0.1982826969607499,0.1084280822373208,0.102374137664268,0.0798937563658759,0.2171908999439309,0.0829618769287663,0.1043990029792403
233,233.0,0.1081357459680195,0.1976317097367048,0.1079677504928886,0.101208200846337,0.0799112495114576,0.2184424725309953,0.0825576606183463,0.1041452102952508
234,234.0,0.109671328868908,0.1970775579956039,0.1079007861317472,0.1000032399237882,0.0799167260217999,0.2193142606894291,0.0822170294652014,0.1038990709035221
235,235.0,0.1112515976750344,0.1959189782997348,0.1082581309235778,0.0995173301728623,0.0799876104032727,0.2199327117767234,0.0813649098583065,0.1037687308904878
236,236.0,0.1131218785039208,0.1947147593517377,0.1088779738792572,0.0990439541570175,0.0800780026261216,0.2199100257040213,0.0805852319493103,0.1036681738286134
237,237.0,0.1148416681800686,0.1934807370868789,0.1094144412075517,0.0985845985017201,0.0801838699439683,0.2200222500977506,0.0798777781680863,0.1035946568139753
238,238.0,0.1164534146961838,0.1922468288336867,0.1102413928946911,0.0981558418242426,0.0803167997225216,0.219767916828621,0.0792569974138632,0.1035608077861897
239,239.0,0.117951407786784,0.1910249651572018,0.1106292028256518,0.0977573233282795,0.0804719621852762,0.2198825043211231,0.0787200330751586,0.1035626013205248
240,240.0,0.1192944117446335,0.1898192983484065,0.1109743668669517,0.0974087106743454,0.0806472432783454,0.2200093644843084,0.0782570112656957,0.1035895933373132
241,241.0,0.1204743862062609,0.1886309538722494,0.1115260557531488,0.0974428202908624,0.0808206541554251,0.2196195907360072,0.0778558564342747,0.1036296825517714
242,242.0,0.1215026347658253,0.1874776973301956,0.1120322801791891,0.0975061565691495,0.0810062835096851,0.2192641670826271,0.077522007821373,0.1036887727419551
243,243.0,0.1223744126394994,0.1863587386238795,0.112440872651667,0.0975607290168064,0.0811838359681446,0.2187968783553824,0.0772432594208919,0.1040412733237285
244,244.0,0.1231295268659361,0.1852925478179066,0.1127885207763826,0.0976275418491986,0.0813626804741885,0.2183716341115258,0.07702759895671,0.1043999491481515
245,245.0,0.1237717280172301,0.1842841453799376,0.113075654604677,0.09770324429807,0.0815401700772687,0.2177244111310859,0.0768705095894747,0.1050301369022559
246,246.0,0.1243055297706061,0.183337480878775,0.1133033205152495,0.0977847679021773,0.0819771120288342,0.2168771227607686,0.0767673494843869,0.1056473166592024
247,247.0,0.124701604789355,0.1824440064125298,0.1134386268800666,0.0978463408028226,0.0823874146773645,0.2162460062075743,0.0767019165630627,0.1062340836672243
248,248.0,0.1248293151441891,0.1814677035909817,0.1133473198279116,0.09774828820362,0.0837404411425652,0.2154381711498741,0.076531458304948,0.1068973026359102
249,249.0,0.124837682190326,0.1805508867218636,0.1134186965513698,0.0976304334081077,0.0850520005616917,0.2146026398942454,0.0763924502702901,0.1075152104021056
250,250.0,0.1247370458431492,0.1796960588662481,0.113407347784314,0.0974938633670184,0.0865498639787776,0.2137489148479097,0.0762824210047143,0.1080844843078686
251,251.0,0.1248319500487004,0.1789048688549182,0.1133183154533012,0.0973397929770266,0.0879792777651388,0.2128242599227799,0.0761988723775452,0.1086026626005896
252,252.0,0.1248273345294854,0.1781781808090305,0.1131569981602216,0.0971695409407509,0.0893312026807827,0.2119020793423262,0.0763665805439586,0.109068082993444
253,253.0,0.1247314098482525,0.1775161442957588,0.1131512839101538,0.0969845064416712,0.0905983203448399,0.2109900364390232,0.0765484796665951,0.1094798190537054
254,254.0,0.1245825521332585,0.176925771920788,0.1131002689515488,0.0968011619320287,0.0917824413096556,0.2102147773057719,0.076747903589091,0.1098451228578574
255,255.0,0.1243872657442153,0.1764055234732238,0.1130067733383339,0.0966200617747198,0.0928789139522495,0.2092992588786592,0.0769605505506073,0.1104416522879911
256,256.0,0.1241218465704856,0.175945811725391,0.1128512990743593,0.0964266982734591,0.0938769516233001,0.208628242862109,0.0771749246463142,0.1109742252245816
257,257.0,0.1237942772681906,0.1755445621670401,0.1126384331991854,0.0964856286989252,0.094775012468562,0.2079321060788425,0.0773878291251025,0.1114421509941515
258,258.0,0.123412407439783,0.1751993394724189,0.112572963215318,0.0965257312017447,0.0955727466536517,0.2072748851707844,0.0775964251994482,0.1118455016468508
259,259.0,0.1229972139639581,0.1750739164795225,0.1124484859525299,0.0965287679628694,0.0962403441674627,0.2067457283215297,0.0777923191541306,0.1121732239979968
260,260.0,0.122570794295823,0.1750070081899214,0.1123260791049081,0.0965457840674432,0.0968315115805708,0.2062599691434153,0.077992964828941,0.1124658887889769
261,261.0,0.1221270409984166,0.1751428575035383,0.1121837711936652,0.0965407286614549,0.0973134974702945,0.2058066312082347,0.0781843863422449,0.1127010866221508
262,262.0,0.1216717171070541,0.1754651323545312,0.1122805699395141,0.0965146358682631,0.0976911765483174,0.2051301876540504,0.0783651840344741,0.1128813964937956
263,263.0,0.1212202103393996,0.1758261609890395,0.1125762607286003,0.0963028241812119,0.0980002349630939,0.2045001601284285,0.0785442897301686,0.1130298589400575
264,264.0,0.120772883311694,0.1762146870033019,0.113026127162133,0.0960911419775986,0.0982293612405415,0.2038201680880828,0.0787125400938952,0.1131330911227527
265,265.0,0.1203335565383532,0.176623840617334,0.1134311998225675,0.0958809887855167,0.0983833182041533,0.2032845828216483,0.0788688685914809,0.1131936446189458
266,266.0,0.1198955141587373,0.1771782874643396,0.113769233034755,0.0956433859269229,0.0986221126342757,0.2026949935762181,0.0790023665638512,0.1131941066409
267,267.0,0.1194401146693922,0.1778598506624481,0.1140517063480765,0.0953724662411143,0.0987731831842581,0.2022497692887629,0.0791134640192455,0.1131394455867021
268,268.0,0.1201074458816738,0.1786598412484212,0.1143036480849651,0.0950904085138818,0.0977372798701764,0.2018462280853533,0.0792086693368778,0.1130464789786505
269,269.0,0.1207781794423263,0.1795633822002252,0.1145248280437546,0.0948000012137296,0.0966423131986672,0.2014838550986487,0.0792882377063777,0.1129192030962704
270,270.0,0.1214448942981797,0.1805559383472027,0.1147153636372142,0.0945038629227718,0.0955040187240092,0.2011617837541192,0.0793525636561372,0.1127615746603658
271,271.0,0.1218668242866544,0.1816264663161502,0.114864288633817,0.0942135639310344,0.0943265934597451,0.2011235951953832,0.0794018397679442,0.1125768284092713
272,272.0,0.1220298958418498,0.182374421746034,0.1150613535935194,0.0950452154136206,0.0930002850317753,0.2009433527630974,0.0793129991469757,0.1122324764631276
273,273.0,0.1219848841350067,0.1829898943047903,0.115121399030807,0.0956866301782783,0.0915958212231852,0.2017187736352767,0.0791217497454278,0.1117808477472278
274,274.0,0.1217748845978262,0.1835859929014552,0.1150775307973463,0.0961520118226027,0.0901263677060817,0.203197439301832,0.078845045707986,0.1112407271648699
275,275.0,0.1215513894310809,0.1842284662792014,0.1149736248440136,0.096823827893666,0.0886646234985189,0.2045209489082484,0.0785557783107191,0.1106813408345517
276,276.0,0.1213265719290361,0.1848283025442463,0.1148592775014618,0.0974867401626552,0.087255840548287,0.205840736570818,0.0782695048920959,0.1101330258513996
277,277.0,0.1210967149392667,0.185469132898868,0.1147244812600872,0.0989439529765186,0.0858905178762285,0.2063045457129909,0.0779826912274627,0.1095879631085773
278,278.0,0.1210013643357256,0.1860838913687634,0.1145051025835935,0.1001731947098574,0.0845038754730273,0.2073620534952441,0.0776338854721131,0.1087366325616754
279,279.0,0.1208799656479982,0.1867222154707314,0.1142408832987724,0.1013186300113033,0.0831706984397411,0.2082456273392648,0.0775279183019093,0.1078940614902792
280,280.0,0.1207347580636184,0.1873792743343038,0.1141748438700289,0.1016054687233646,0.0818977465429866,0.2089561767677027,0.0774156247143787,0.1078361069836161
281,281.0,0.1205952373424759,0.1879852541810175,0.1141091871380099,0.1018489432176557,0.0807112238820223,0.2096288646581011,0.0773139701198376,0.1078073194608799
282,282.0,0.1203523398955685,0.1884842580591461,0.1147038720597038,0.1019410650611204,0.0795594077049337,0.2102683289136283,0.076995548316884,0.1076951799890151
283,283.0,0.1191933637209434,0.1894356457568896,0.1156716622876202,0.102120999819476,0.0786258464947228,0.2109907269099427,0.0762276583336828,0.1077340966767223
284,284.0,0.1182915344643234,0.1903308835027041,0.1165595518094119,0.1022647214754985,0.0777846049886526,0.2114946821217478,0.0754788922746453,0.1077951293630161
285,285.0,0.1174129477445086,0.1911637116466447,0.1173906978888096,0.1023656473198219,0.0770202522929712,0.2120310729165219,0.0747519031402659,0.107863767050456
286,286.0,0.1158495846428856,0.1926461337638997,0.1183267922617814,0.1024264632216369,0.0763317689643699,0.2124298852431773,0.0740515883115773,0.1079377835906717
287,287.0,0.1141133572695743,0.1940611264264813,0.1192220045087793,0.1024732312172255,0.0757233107625769,0.2129923131110736,0.0733937080405996,0.1080209486636894
288,288.0,0.1124088802254452,0.1963424448365912,0.1194609007850782,0.1024621984284264,0.0751810006388867,0.2132864881273749,0.0727583452234855,0.1080997417347116
289,289.0,0.1107733088646504,0.1985311065523528,0.1196614879943924,0.1024273002647634,0.0747207718339822,0.2135350327646825,0.0721624343979761,0.1081885573271999
290,290.0,0.1091684892848453,0.2009954430069958,0.1197303530760892,0.1023236531977405,0.0742913994564148,0.2136924055669034,0.0715603704255471,0.1082378859854637
291,291.0,0.1076112290835684,0.2036763636562105,0.1197193779955785,0.1021682913755009,0.0739085025816611,0.2136906614598977,0.0709626238404539,0.1082629500071288
292,292.0,0.1061448211280467,0.2062203770771149,0.1196413233628262,0.1019903685009901,0.0735836436435233,0.2137289196867104,0.0704072165728812,0.1082833300279069
293,293.0,0.1047378990968112,0.2089096710348233,0.1192003489524155,0.1019838865178714,0.0734353305377362,0.2136125362135079,0.0698585235873037,0.1082618040595307
294,294.0,0.1034289254954545,0.2115111298718976,0.1187350859708156,0.101941968854729,0.0733339921267355,0.2134622136416266,0.0693517022630868,0.1082349817756541
295,295.0,0.1020647017105089,0.2139814720918627,0.1182468481433115,0.1020198769574954,0.0728389313381393,0.2136458361196404,0.0691207505304534,0.1080815831085881
296,296.0,0.1007633303112357,0.2164957117467177,0.1176927774621423,0.1020381401259608,0.0723590506862907,0.21375291575664,0.0690118870331853,0.1078861868778271
297,297.0,0.0997456020245632,0.2186949692621214,0.117059970147089,0.10232348803568,0.0719595472816069,0.2134797913751477,0.0690154352291976,0.1077211966445939
298,298.0,0.0988379335947699,0.2207066121068346,0.1164332019396618,0.1025988114540723,0.0716138675925806,0.213189089223935,0.0690562787845955,0.10756420530355
299,299.0,0.0982467290537993,0.2229459519861457,0.1160264699445058,0.1030706929294199,0.0715284193778697,0.2112188074348194,0.0693386130612196,0.1076243162122203
300,300.0,0.0977424970898898,0.2250774132807905,0.1156310636898493,0.1035174922718814,0.0714694084547283,0.209375046348295,0.0695099949465834,0.1076770839179819
301,301.0,0.0973232312386416,0.227007849102703,0.1152267858220496,0.1039265645170845,0.0714456799203256,0.207535898855623,0.069812710420313,0.1077212801232593
302,302.0,0.0969149259264629,0.2292510435913523,0.1147478909504264,0.1042089017889437,0.0713753556476796,0.2057739848828603,0.0700450258776946,0.1076828713345798
303,303.0,0.0965938156775352,0.2312968596129108,0.1142912696541082,0.1044699491884166,0.0713410994508306,0.2040670679958747,0.0702906018932874,0.1076493365270363
304,304.0,0.0963543920880225,0.233144576853872,0.1138592607885275,0.1047092252287472,0.0713396470841675,0.2024267176549583,0.0706706566511142,0.1074955236505905
305,305.0,0.0964818147384133,0.234203008677518,0.1132393966125866,0.1050631881244795,0.0713378690950294,0.2004445439902624,0.0710723457575449,0.1081578330041656
306,306.0,0.096615936003674,0.2352467263706326,0.1129005071482158,0.1053059697233473,0.0713198614297937,0.198467018284513,0.0714079048137973,0.1087360762260258
307,307.0,0.0974929492986438,0.2358247132942758,0.1125937591184413,0.1054756906366861,0.0713022356978585,0.1963631347990294,0.0716788090635424,0.1092687080915223
308,308.0,0.098274950174386,0.2359797738883837,0.1129968790481754,0.1055637553253536,0.0712576576646968,0.1943065946546827,0.0718838662818283,0.1097365229624933
309,309.0,0.0989570895027427,0.2359353856290223,0.1140803554167149,0.1055720295709657,0.0711748130022201,0.1921477479319993,0.0720234822834504,0.1101090966628843
310,310.0,0.099540831105347,0.2362695583273853,0.1151778487645617,0.105500603534788,0.0710426183684543,0.1899867578005431,0.0721002870967728,0.1103814950021475
311,311.0,0.1003445525812399,0.2365232589090536,0.1165873552557066,0.1047823381512277,0.0710227360684386,0.1882820561387485,0.0722520962058524,0.1102056066897324
312,312.0,0.1011347298892163,0.2367219687241152,0.1180683660055804,0.1040176657035787,0.070999459885869,0.1866938919957352,0.0723732226534851,0.1099906951424198
313,313.0,0.1016892669355757,0.2365375968314967,0.1193530813035042,0.1031365333989253,0.0716453307574697,0.185615595933837,0.0723722407475492,0.1096503540916417
314,314.0,0.1021983871995039,0.2364487176744905,0.1206684142517135,0.1022037141012705,0.0723613178104533,0.1845595874281504,0.0723229422447969,0.1092369192896205
315,315.0,0.1026878698371606,0.2363350277927784,0.1218906295265427,0.1012610206658689,0.0732039051997692,0.1835612531327125,0.0722605071162613,0.1087997867289061
316,316.0,0.1030600361609585,0.2357579501175967,0.1230709036175779,0.1002754239174148,0.0742387435507448,0.1830513509113122,0.072258393694552,0.1082871980298428
317,317.0,0.103199058252787,0.2353595936237192,0.124899679535756,0.0993808896707611,0.075059466293215,0.1823223798194385,0.0721345687588854,0.1076443640454373
318,318.0,0.1032062420573329,0.2347249362082494,0.1266982927437322,0.0984337877436613,0.0757276920697072,0.1814794642711031,0.0726034042436658,0.1071261806625477
319,319.0,0.1031780379647812,0.233684830474098,0.1283530385801233,0.0976753055268644,0.0763150890906593,0.1811716356727466,0.0730459213906681,0.1065761413000587
320,320.0,0.1030519010469945,0.2325779670638312,0.1297901689110722,0.096922359700311,0.0767872035241307,0.1808461125929112,0.0740189611034274,0.1060053260573214
321,321.0,0.102898308940097,0.2315153124348853,0.1309544174173528,0.0961812050450214,0.0772096364683287,0.180743665225093,0.0749517797077794,0.1055456747614421
322,322.0,0.1027323156448415,0.230332792535138,0.1320158239529371,0.0954697456520936,0.0782129768975838,0.1807288427554269,0.0752292392936895,0.1052782632682894
323,323.0,0.1025442951879221,0.2291695738961759,0.1329615326244448,0.094778336039178,0.0791413378547514,0.1807681896227642,0.0756395137385399,0.1049972210362233
324,324.0,0.1023377147265277,0.2282042830446485,0.1337930403680217,0.0941100380337622,0.0799914968958595,0.1808548691521532,0.0760036835082114,0.1047048742708155
325,325.0,0.1024123552343894,0.2274701878699369,0.1350950256534092,0.0945257877179404,0.0809257195862403,0.1782418662307319,0.0766183765965643,0.1047106811107873
326,326.0,0.1025696260506433,0.227591081729238,0.1364368745388884,0.0950341419625834,0.0812485089913207,0.1758354331013925,0.076623518961116,0.1046608146648174
327,327.0,0.1027132991994921,0.2278423934342265,0.137664103125613,0.0955696667302048,0.0814989795884727,0.1735091871481236,0.0765892264094103,0.1046131443644566
328,328.0,0.1028542230636315,0.2282238617102973,0.1389906308528609,0.0961578599958105,0.0817603215662453,0.1708699691845497,0.0765307107060334,0.104612422920571
329,329.0,0.1029806831868009,0.2287123652871776,0.1401992584701738,0.0967566123960733,0.081956722987662,0.1683415365600266,0.0764403991770962,0.1046124219349893
330,330.0,0.103211993843351,0.2293232128063855,0.1425199333249686,0.0974780129950103,0.0822198677860041,0.166065248958754,0.0764415070219295,0.1027402232635967
331,331.0,0.1028965068345283,0.2296781774915533,0.145081491808197,0.0982218137359955,0.0833137990489444,0.1633345137973377,0.0764491624989892,0.1010245347844542
332,332.0,0.102553393216633,0.2299671004453558,0.1485698555890923,0.0975075520481702,0.0842923917812536,0.1613610869670823,0.0764133220889149,0.0993352978634976
333,333.0,0.1020900515121132,0.2301669257542835,0.1521023542455343,0.0966749964946863,0.0857350186559594,0.1592917785846327,0.0762396005868321,0.0976992741659582
334,334.0,0.1016240231826066,0.2303623503894305,0.1554744633787489,0.0960164608156013,0.0871449213412989,0.1571911819362161,0.0760441163357462,0.0961424826203512
335,335.0,0.1011582865332289,0.2306273497379973,0.1586454428889491,0.095366042769719,0.0884671080788037,0.1552559173227643,0.075832346515687,0.0946475061528503
336,336.0,0.1012486437660647,0.2321255030234326,0.1603182717625138,0.0947794143200655,0.0896122387201996,0.1534851923966026,0.0751556280122075,0.0932751079989133
337,337.0,0.1012884701613009,0.2336226106146317,0.1616938587060079,0.0941558572737424,0.0911152251386805,0.1517807766041375,0.0744168298438946,0.0919263716576042
338,338.0,0.1013300838540499,0.2351487141477289,0.1628673395658816,0.0935540152695925,0.0925162482284323,0.1502445578656775,0.0736803669544438,0.0906586741141932
339,339.0,0.1012896758758875,0.2366603863605244,0.1636980545445815,0.0933933772186978,0.0937824159549397,0.1488437650745835,0.0729143436817461,0.0894179812890392
340,340.0,0.1012500959330292,0.2379225367223851,0.1645955458857949,0.0932567020782816,0.0949394240356473,0.1476063965615625,0.0721638511514306,0.0882654476318686
341,341.0,0.1012417971495467,0.2389748333919464,0.1664661187373835,0.0931719806160452,0.0955231490772672,0.1459257849663103,0.0714616218802499,0.0872347141812505
342,342.0,0.1012637552935061,0.2397668311023358,0.1686849822826403,0.0931378934137075,0.095858117553316,0.1439822555280111,0.0707672771997893,0.0865388876266936
343,343.0,0.1011829725799632,0.2403236682384385,0.1714534453180783,0.0930199654065417,0.095934011478495,0.1420751161479254,0.0701529589353921,0.0858578618951655
344,344.0,0.1011684268872074,0.2407765769229037,0.1743337444624181,0.0928803927626112,0.0957946559620841,0.140287281645602,0.0695285569769583,0.0852303643802152
345,345.0,0.1011181176749874,0.2411313317895057,0.1772818230185674,0.092721950219037,0.0954633093336772,0.1386233921789555,0.0690033699208174,0.084656705864452
346,346.0,0.1010682895390139,0.2410583539168559,0.1800937127890887,0.0926542342812279,0.0950933112113824,0.1371193444567272,0.0685231280660049,0.0843896257396988
347,347.0,0.1005389738843402,0.2406554647927564,0.1826733930079111,0.0927571481200551,0.095128578004724,0.1357756471119706,0.068300630083559,0.0841701649946833
348,348.0,0.1000196629969125,0.2402064980850579,0.185035480519046,0.0928770967502429,0.0951179391014717,0.1345973810293444,0.0681183821384019,0.0840275593795223
349,349.0,0.0995960384042792,0.2389948950875263,0.1871309693420591,0.0924935356999901,0.0952646913149322,0.1346651913570628,0.0679423543022487,0.0839123244919014
350,350.0,0.0991724755870327,0.2376093372204875,0.1890652188141091,0.0923279781789324,0.0953543549844826,0.1348549246635271,0.0677775161552671,0.0838381943961611
351,351.0,0.098645468613573,0.2371045040228449,0.190742694317879,0.092056972861315,0.0952933506625651,0.1349332397839489,0.0675207665295605,0.0837030032083134
352,352.0,0.0981413250385628,0.2366000446269618,0.1922090311684265,0.0918035765601679,0.0952009195479811,0.1351256439005799,0.0672972304058921,0.0836222287514276
353,353.0,0.0976465263873606,0.2351674343942251,0.1934276832627505,0.0925486341047115,0.0950633698492249,0.135495716291253,0.0670820108219353,0.0835686248885388
354,354.0,0.0971638776989301,0.2336092936950363,0.1945051638903016,0.0932834494881335,0.0950937999382385,0.1359312027169667,0.0668747153916727,0.0835384971807202
355,355.0,0.0967112596656721,0.2319085479210323,0.1953951044360397,0.0935429102066761,0.0951030022338252,0.1369168065079893,0.0666974531775559,0.083724915851209
356,356.0,0.0966013386316288,0.2301082264158021,0.1960715519480715,0.0937187655592361,0.0950406430389184,0.1380561718830288,0.0665212988516909,0.083882003671623
357,357.0,0.0967327719531852,0.2286519456539826,0.1942408117555898,0.0948454852136601,0.0944151177177661,0.1402609408201567,0.0665804333856798,0.0842724934999794
358,358.0,0.0968853571518695,0.2271294483938487,0.1922661208014032,0.0959537810153394,0.0937645327519648,0.1427682412043326,0.06665572873646,0.0845767899447815
359,359.0,0.0970449362313861,0.2255515933854622,0.1903470821652959,0.0970238954349356,0.0930931734287308,0.1452332133618749,0.0667303166830614,0.0849757893092528
360,360.0,0.0972182146571771,0.2241265593828497,0.1883432414282438,0.0980579461107816,0.0924122261847921,0.1476506798174976,0.066815642120409,0.0853754902982487
361,361.0,0.0974417239708836,0.2229704664334391,0.1868454177612177,0.0991938289597999,0.0916111292593549,0.1490693475989099,0.0669462552560351,0.0859218307603595
362,362.0,0.0976686829633355,0.2218046156695073,0.1854519217764411,0.1002411389310244,0.0907997400676304,0.1503546238005741,0.0670798689459912,0.0865994078454956
363,363.0,0.0978065390728491,0.2207342979003808,0.1840512470180101,0.1012358354460055,0.0900131961937473,0.1515683127015339,0.067319759059249,0.0872708126082238
364,364.0,0.097940204979004,0.2197579157515232,0.1827240521768086,0.1021631596251445,0.0892532155409974,0.1526880368754508,0.0675517085761553,0.0879217064749158
365,365.0,0.0980645260152526,0.21893850967384,0.1814676343367477,0.1039253550447308,0.0885104681663138,0.1527910108252297,0.0677660151926219,0.0885364807452631
366,366.0,0.0981782405751507,0.2182723592478736,0.1802918504223113,0.1056021048718901,0.0877894766050036,0.152794006589924,0.0679606865799008,0.0891112751079457
367,367.0,0.0982803373056378,0.2175759095665727,0.1792047015943511,0.1071841794720093,0.0870941220285246,0.1527049777104739,0.0681341571987969,0.0898216151236333
368,368.0,0.0983731725290008,0.2169670599640192,0.1782249714573428,0.1086673704713144,0.0864401999673384,0.1525414406884386,0.0682915260617694,0.0904942588607761
369,369.0,0.0983930574017768,0.2163799388029638,0.1769943082661854,0.1098697608964144,0.0858179005925516,0.1530753777978279,0.0683687259996607,0.0911009302426192
370,370.0,0.0983999639817189,0.2159342555909776,0.1758694928649063,0.1109621099478605,0.0852282148094315,0.1535323906557024,0.0684223346931556,0.0916512374562468
371,371.0,0.0983972678305105,0.2155665501115004,0.1747780921896446,0.1119465777956358,0.0846847872118624,0.1539227147039058,0.0684587378764268,0.0922452722805134
372,372.0,0.0984737897495946,0.2152725030435543,0.1737251631426107,0.1128233796723837,0.0841881614539026,0.1542477915661126,0.0684782328552153,0.0927909785166258
373,373.0,0.0985455160263372,0.2149038154002934,0.1727206592088203,0.1136455216243769,0.0837556043812108,0.1545153392823851,0.0685804866222192,0.0933330574543566
374,374.0,0.0986034088812196,0.2145043212453933,0.1718462079218733,0.114336690691803,0.083360494142655,0.1548885495895366,0.0686592752174189,0.0938010523100999
