,Unnamed: 0,Total_iterations,Intertwine_two,Add_vertex,Delete_vertex,Invert_path_vertices,Insert_inside_vertex,Delete_inside_vertex,Replace_inside_vertex,Donate_between_routes
0,0.0,0.0,0.125,0.125,0.125,0.125,0.125,0.125,0.125,0.125
1,1.0,1.0,0.125,0.125,0.125,0.125,0.125,0.125,0.125,0.125
2,2.0,2.0,0.125,0.125,0.125,0.125,0.125,0.125,0.125,0.125
3,3.0,3.0,0.125,0.125,0.125,0.125,0.125,0.125,0.125,0.125
4,4.0,4.0,0.125,0.125,0.125,0.125,0.125,0.125,0.125,0.125
5,5.0,5.0,0.125,0.125,0.125,0.125,0.125,0.125,0.125,0.125
6,6.0,6.0,0.125,0.125,0.125,0.125,0.125,0.125,0.125,0.125
7,7.0,7.0,0.125,0.125,0.125,0.125,0.125,0.125,0.125,0.125
8,8.0,8.0,0.125,0.125,0.125,0.125,0.125,0.125,0.125,0.125
9,9.0,9.0,0.125,0.125,0.125,0.125,0.125,0.125,0.125,0.125
10,10.0,10.0,0.125,0.125,0.125,0.125,0.125,0.125,0.125,0.125
11,11.0,11.0,0.125,0.125,0.125,0.125,0.125,0.125,0.125,0.125
12,12.0,12.0,0.125,0.125,0.125,0.125,0.125,0.125,0.125,0.125
13,13.0,13.0,0.125,0.125,0.125,0.125,0.125,0.125,0.125,0.125
14,14.0,14.0,0.125,0.125,0.125,0.125,0.125,0.125,0.125,0.125
15,15.0,15.0,0.125,0.125,0.125,0.125,0.125,0.125,0.125,0.125
16,16.0,16.0,0.125,0.125,0.125,0.125,0.125,0.125,0.125,0.125
17,17.0,17.0,0.125,0.125,0.125,0.125,0.125,0.125,0.125,0.125
18,18.0,18.0,0.125,0.125,0.125,0.125,0.125,0.125,0.125,0.125
19,19.0,19.0,0.125,0.125,0.125,0.125,0.125,0.125,0.125,0.125
20,20.0,20.0,0.125,0.125,0.125,0.125,0.125,0.125,0.125,0.125
21,21.0,21.0,0.125,0.125,0.125,0.125,0.125,0.125,0.125,0.125
22,22.0,22.0,0.125,0.125,0.125,0.125,0.125,0.125,0.125,0.125
23,23.0,23.0,0.125,0.125,0.125,0.125,0.125,0.125,0.125,0.125
24,24.0,24.0,0.125,0.125,0.125,0.125,0.125,0.125,0.125,0.125
25,25.0,25.0,0.125,0.125,0.125,0.125,0.125,0.125,0.125,0.125
26,26.0,26.0,0.125,0.125,0.125,0.125,0.125,0.125,0.125,0.125
27,27.0,27.0,0.125,0.125,0.125,0.125,0.125,0.125,0.125,0.125
28,28.0,28.0,0.125,0.125,0.125,0.125,0.125,0.125,0.125,0.125
29,29.0,29.0,0.125,0.125,0.125,0.125,0.125,0.125,0.125,0.125
30,30.0,30.0,0.125,0.125,0.125,0.125,0.125,0.125,0.125,0.125
31,31.0,31.0,0.125,0.125,0.125,0.125,0.125,0.125,0.125,0.125
32,32.0,32.0,0.125,0.125,0.125,0.125,0.125,0.125,0.125,0.125
33,33.0,33.0,0.125,0.125,0.125,0.125,0.125,0.125,0.125,0.125
34,34.0,34.0,0.125,0.125,0.125,0.125,0.125,0.125,0.125,0.125
35,35.0,35.0,0.125,0.125,0.125,0.125,0.125,0.125,0.125,0.125
36,36.0,36.0,0.125,0.125,0.125,0.125,0.125,0.125,0.125,0.125
37,37.0,37.0,0.125,0.125,0.125,0.125,0.125,0.125,0.125,0.125
38,38.0,38.0,0.125,0.125,0.125,0.125,0.125,0.125,0.125,0.125
39,39.0,39.0,0.125,0.125,0.125,0.125,0.125,0.125,0.125,0.125
40,40.0,40.0,0.125,0.125,0.125,0.125,0.125,0.125,0.125,0.125
41,41.0,41.0,0.125,0.125,0.125,0.125,0.125,0.125,0.125,0.125
42,42.0,42.0,0.125,0.125,0.125,0.125,0.125,0.125,0.125,0.125
43,43.0,43.0,0.125,0.125,0.125,0.125,0.125,0.125,0.125,0.125
44,44.0,44.0,0.125,0.125,0.125,0.125,0.125,0.125,0.125,0.125
45,45.0,45.0,0.125,0.125,0.125,0.125,0.125,0.125,0.125,0.125
46,46.0,46.0,0.125,0.125,0.125,0.125,0.125,0.125,0.125,0.125
47,47.0,47.0,0.125,0.125,0.125,0.125,0.125,0.125,0.125,0.125
48,48.0,48.0,0.125,0.125,0.125,0.125,0.125,0.125,0.125,0.125
49,49.0,49.0,0.125,0.125,0.125,0.125,0.125,0.125,0.125,0.125
50,50.0,50.0,0.125,0.125,0.125,0.125,0.125,0.125,0.125,0.125
51,51.0,51.0,0.125,0.125,0.125,0.125,0.125,0.125,0.125,0.125
52,52.0,52.0,0.125,0.125,0.125,0.125,0.125,0.125,0.125,0.125
53,53.0,53.0,0.125,0.125,0.125,0.125,0.125,0.125,0.125,0.125
54,54.0,54.0,0.125,0.125,0.125,0.125,0.125,0.125,0.125,0.125
55,55.0,55.0,0.125,0.125,0.125,0.125,0.125,0.125,0.125,0.125
56,56.0,56.0,0.125,0.125,0.125,0.125,0.125,0.125,0.125,0.125
57,57.0,57.0,0.125,0.125,0.125,0.125,0.125,0.125,0.125,0.125
58,58.0,58.0,0.125,0.125,0.125,0.125,0.125,0.125,0.125,0.125
59,59.0,59.0,0.125,0.125,0.125,0.125,0.125,0.125,0.125,0.125
60,60.0,60.0,0.125,0.125,0.125,0.125,0.125,0.125,0.125,0.125
61,61.0,61.0,0.125,0.125,0.125,0.125,0.125,0.125,0.125,0.125
62,62.0,62.0,0.125,0.125,0.125,0.125,0.125,0.125,0.125,0.125
63,63.0,63.0,0.125,0.125,0.125,0.125,0.125,0.125,0.125,0.125
64,64.0,64.0,0.125,0.125,0.125,0.125,0.125,0.125,0.125,0.125
65,65.0,65.0,0.125,0.125,0.125,0.125,0.125,0.125,0.125,0.125
66,66.0,66.0,0.125,0.125,0.125,0.125,0.125,0.125,0.125,0.125
67,67.0,67.0,0.125,0.125,0.125,0.125,0.125,0.125,0.125,0.125
68,68.0,68.0,0.125,0.125,0.125,0.125,0.125,0.125,0.125,0.125
69,69.0,69.0,0.125,0.125,0.125,0.125,0.125,0.125,0.125,0.125
70,70.0,70.0,0.125,0.125,0.125,0.125,0.125,0.125,0.125,0.125
71,71.0,71.0,0.125,0.125,0.125,0.125,0.125,0.125,0.125,0.125
72,72.0,72.0,0.125,0.125,0.125,0.125,0.125,0.125,0.125,0.125
73,73.0,73.0,0.125,0.125,0.125,0.125,0.125,0.125,0.125,0.125
74,74.0,74.0,0.125,0.125,0.125,0.125,0.125,0.125,0.125,0.125
75,75.0,75.0,0.125,0.125,0.125,0.125,0.125,0.125,0.125,0.125
76,76.0,76.0,0.125,0.125,0.125,0.125,0.125,0.125,0.125,0.125
77,77.0,77.0,0.125,0.125,0.125,0.125,0.125,0.125,0.125,0.125
78,78.0,78.0,0.125,0.125,0.125,0.125,0.125,0.125,0.125,0.125
79,79.0,79.0,0.125,0.125,0.125,0.125,0.125,0.125,0.125,0.125
80,80.0,80.0,0.125,0.125,0.125,0.125,0.125,0.125,0.125,0.125
81,81.0,81.0,0.125,0.125,0.125,0.125,0.125,0.125,0.125,0.125
82,82.0,82.0,0.125,0.125,0.125,0.125,0.125,0.125,0.125,0.125
83,83.0,83.0,0.125,0.125,0.125,0.125,0.125,0.125,0.125,0.125
84,84.0,84.0,0.125,0.125,0.125,0.125,0.125,0.125,0.125,0.125
85,85.0,85.0,0.125,0.125,0.125,0.125,0.125,0.125,0.125,0.125
86,86.0,86.0,0.125,0.125,0.125,0.125,0.125,0.125,0.125,0.125
87,87.0,87.0,0.125,0.125,0.125,0.125,0.125,0.125,0.125,0.125
88,88.0,88.0,0.125,0.125,0.125,0.125,0.125,0.125,0.125,0.125
89,89.0,89.0,0.125,0.125,0.125,0.125,0.125,0.125,0.125,0.125
90,90.0,90.0,0.125,0.125,0.125,0.125,0.125,0.125,0.125,0.125
91,91.0,91.0,0.125,0.125,0.125,0.125,0.125,0.125,0.125,0.125
92,92.0,92.0,0.125,0.125,0.125,0.125,0.125,0.125,0.125,0.125
93,93.0,93.0,0.125,0.125,0.125,0.125,0.125,0.125,0.125,0.125
94,94.0,94.0,0.125,0.125,0.125,0.125,0.125,0.125,0.125,0.125
95,95.0,95.0,0.125,0.125,0.125,0.125,0.125,0.125,0.125,0.125
96,96.0,96.0,0.125,0.125,0.125,0.125,0.125,0.125,0.125,0.125
97,97.0,97.0,0.125,0.125,0.125,0.125,0.125,0.125,0.125,0.125
98,98.0,98.0,0.125,0.125,0.125,0.125,0.125,0.125,0.125,0.125
99,99.0,99.0,0.125,0.125,0.125,0.125,0.125,0.125,0.125,0.125
100,100.0,100.0,0.125,0.125,0.125,0.125,0.125,0.125,0.125,0.125
101,101.0,101.0,0.125,0.125,0.125,0.125,0.125,0.125,0.125,0.125
102,102.0,102.0,0.125,0.125,0.125,0.125,0.125,0.125,0.125,0.125
103,103.0,103.0,0.125,0.125,0.125,0.125,0.125,0.125,0.125,0.125
104,104.0,104.0,0.125,0.125,0.125,0.125,0.125,0.125,0.125,0.125
105,105.0,105.0,0.125,0.125,0.125,0.125,0.125,0.125,0.125,0.125
106,106.0,106.0,0.125,0.125,0.125,0.125,0.125,0.125,0.125,0.125
107,107.0,107.0,0.125,0.125,0.125,0.125,0.125,0.125,0.125,0.125
108,108.0,108.0,0.125,0.125,0.125,0.125,0.125,0.125,0.125,0.125
109,109.0,109.0,0.125,0.125,0.125,0.125,0.125,0.125,0.125,0.125
110,110.0,110.0,0.125,0.125,0.125,0.125,0.125,0.125,0.125,0.125
111,111.0,111.0,0.125,0.125,0.125,0.125,0.125,0.125,0.125,0.125
112,112.0,112.0,0.125,0.125,0.125,0.125,0.125,0.125,0.125,0.125
113,113.0,113.0,0.125,0.125,0.125,0.125,0.125,0.125,0.125,0.125
114,114.0,114.0,0.125,0.125,0.125,0.125,0.125,0.125,0.125,0.125
115,115.0,115.0,0.125,0.125,0.125,0.125,0.125,0.125,0.125,0.125
116,116.0,116.0,0.125,0.125,0.125,0.125,0.125,0.125,0.125,0.125
117,117.0,117.0,0.125,0.125,0.125,0.125,0.125,0.125,0.125,0.125
118,118.0,118.0,0.125,0.125,0.125,0.125,0.125,0.125,0.125,0.125
119,119.0,119.0,0.125,0.125,0.125,0.125,0.125,0.125,0.125,0.125
120,120.0,120.0,0.125,0.125,0.125,0.125,0.125,0.125,0.125,0.125
121,121.0,121.0,0.125,0.125,0.125,0.125,0.125,0.125,0.125,0.125
122,122.0,122.0,0.125,0.125,0.125,0.125,0.125,0.125,0.125,0.125
123,123.0,123.0,0.125,0.125,0.125,0.125,0.125,0.125,0.125,0.125
124,124.0,124.0,0.125,0.125,0.125,0.125,0.125,0.125,0.125,0.125
125,125.0,125.0,0.125,0.125,0.125,0.125,0.125,0.125,0.125,0.125
126,126.0,126.0,0.125,0.125,0.125,0.125,0.125,0.125,0.125,0.125
127,127.0,127.0,0.125,0.125,0.125,0.125,0.125,0.125,0.125,0.125
128,128.0,128.0,0.125,0.125,0.125,0.125,0.125,0.125,0.125,0.125
129,129.0,129.0,0.125,0.125,0.125,0.125,0.125,0.125,0.125,0.125
130,130.0,130.0,0.125,0.125,0.125,0.125,0.125,0.125,0.125,0.125
131,131.0,131.0,0.125,0.125,0.125,0.125,0.125,0.125,0.125,0.125
132,132.0,132.0,0.125,0.125,0.125,0.125,0.125,0.125,0.125,0.125
133,133.0,133.0,0.125,0.125,0.125,0.125,0.125,0.125,0.125,0.125
134,134.0,134.0,0.125,0.125,0.125,0.125,0.125,0.125,0.125,0.125
135,135.0,135.0,0.125,0.125,0.125,0.125,0.125,0.125,0.125,0.125
136,136.0,136.0,0.125,0.125,0.125,0.125,0.125,0.125,0.125,0.125
137,137.0,137.0,0.125,0.125,0.125,0.125,0.125,0.125,0.125,0.125
138,138.0,138.0,0.125,0.125,0.125,0.125,0.125,0.125,0.125,0.125
139,139.0,139.0,0.125,0.125,0.125,0.125,0.125,0.125,0.125,0.125
140,140.0,140.0,0.125,0.125,0.125,0.125,0.125,0.125,0.125,0.125
141,141.0,141.0,0.125,0.125,0.125,0.125,0.125,0.125,0.125,0.125
142,142.0,142.0,0.125,0.125,0.125,0.125,0.125,0.125,0.125,0.125
143,143.0,143.0,0.125,0.125,0.125,0.125,0.125,0.125,0.125,0.125
144,144.0,144.0,0.125,0.125,0.125,0.125,0.125,0.125,0.125,0.125
145,145.0,145.0,0.125,0.125,0.125,0.125,0.125,0.125,0.125,0.125
146,146.0,146.0,0.125,0.125,0.125,0.125,0.125,0.125,0.125,0.125
147,147.0,147.0,0.125,0.125,0.125,0.125,0.125,0.125,0.125,0.125
148,148.0,148.0,0.125,0.125,0.125,0.125,0.125,0.125,0.125,0.125
149,149.0,149.0,0.125,0.125,0.125,0.125,0.125,0.125,0.125,0.125
150,150.0,150.0,0.125,0.125,0.125,0.125,0.125,0.125,0.125,0.125
151,151.0,151.0,0.125,0.125,0.125,0.125,0.125,0.125,0.125,0.125
152,152.0,152.0,0.125,0.125,0.125,0.125,0.125,0.125,0.125,0.125
153,153.0,153.0,0.125,0.125,0.125,0.125,0.125,0.125,0.125,0.125
154,154.0,154.0,0.125,0.125,0.125,0.125,0.125,0.125,0.125,0.125
155,155.0,155.0,0.125,0.125,0.125,0.125,0.125,0.125,0.125,0.125
156,156.0,156.0,0.125,0.125,0.125,0.125,0.125,0.125,0.125,0.125
157,157.0,157.0,0.125,0.125,0.125,0.125,0.125,0.125,0.125,0.125
158,158.0,158.0,0.125,0.125,0.125,0.125,0.125,0.125,0.125,0.125
159,159.0,159.0,0.125,0.125,0.125,0.125,0.125,0.125,0.125,0.125
160,160.0,160.0,0.125,0.125,0.125,0.125,0.125,0.125,0.125,0.125
161,161.0,161.0,0.125,0.125,0.125,0.125,0.125,0.125,0.125,0.125
162,162.0,162.0,0.125,0.125,0.125,0.125,0.125,0.125,0.125,0.125
163,163.0,163.0,0.125,0.125,0.125,0.125,0.125,0.125,0.125,0.125
164,164.0,164.0,0.125,0.125,0.125,0.125,0.125,0.125,0.125,0.125
165,165.0,165.0,0.125,0.125,0.125,0.125,0.125,0.125,0.125,0.125
166,166.0,166.0,0.125,0.125,0.125,0.125,0.125,0.125,0.125,0.125
167,167.0,167.0,0.125,0.125,0.125,0.125,0.125,0.125,0.125,0.125
168,168.0,168.0,0.125,0.125,0.125,0.125,0.125,0.125,0.125,0.125
169,169.0,169.0,0.125,0.125,0.125,0.125,0.125,0.125,0.125,0.125
170,170.0,170.0,0.125,0.125,0.125,0.125,0.125,0.125,0.125,0.125
171,171.0,171.0,0.125,0.125,0.125,0.125,0.125,0.125,0.125,0.125
172,172.0,172.0,0.125,0.125,0.125,0.125,0.125,0.125,0.125,0.125
173,173.0,173.0,0.125,0.125,0.125,0.125,0.125,0.125,0.125,0.125
174,174.0,174.0,0.125,0.125,0.125,0.125,0.125,0.125,0.125,0.125
175,175.0,175.0,0.125,0.125,0.125,0.125,0.125,0.125,0.125,0.125
176,176.0,176.0,0.125,0.125,0.125,0.125,0.125,0.125,0.125,0.125
177,177.0,177.0,0.125,0.125,0.125,0.125,0.125,0.125,0.125,0.125
178,178.0,178.0,0.125,0.125,0.125,0.125,0.125,0.125,0.125,0.125
179,179.0,179.0,0.125,0.125,0.125,0.125,0.125,0.125,0.125,0.125
180,180.0,180.0,0.125,0.125,0.125,0.125,0.125,0.125,0.125,0.125
181,181.0,181.0,0.125,0.125,0.125,0.125,0.125,0.125,0.125,0.125
182,182.0,182.0,0.125,0.125,0.125,0.125,0.125,0.125,0.125,0.125
183,183.0,183.0,0.125,0.125,0.125,0.125,0.125,0.125,0.125,0.125
184,184.0,184.0,0.125,0.125,0.125,0.125,0.125,0.125,0.125,0.125
185,185.0,185.0,0.125,0.125,0.125,0.125,0.125,0.125,0.125,0.125
186,186.0,186.0,0.125,0.125,0.125,0.125,0.125,0.125,0.125,0.125
187,187.0,187.0,0.125,0.125,0.125,0.125,0.125,0.125,0.125,0.125
188,188.0,188.0,0.125,0.125,0.125,0.125,0.125,0.125,0.125,0.125
189,189.0,189.0,0.125,0.125,0.125,0.125,0.125,0.125,0.125,0.125
190,190.0,190.0,0.125,0.125,0.125,0.125,0.125,0.125,0.125,0.125
191,191.0,191.0,0.125,0.125,0.125,0.125,0.125,0.125,0.125,0.125
192,192.0,192.0,0.125,0.125,0.125,0.125,0.125,0.125,0.125,0.125
193,193.0,193.0,0.125,0.125,0.125,0.125,0.125,0.125,0.125,0.125
194,194.0,194.0,0.125,0.125,0.125,0.125,0.125,0.125,0.125,0.125
195,195.0,195.0,0.125,0.125,0.125,0.125,0.125,0.125,0.125,0.125
196,196.0,196.0,0.125,0.125,0.125,0.125,0.125,0.125,0.125,0.125
197,197.0,197.0,0.125,0.125,0.125,0.125,0.125,0.125,0.125,0.125
198,198.0,198.0,0.125,0.125,0.125,0.125,0.125,0.125,0.125,0.125
199,199.0,199.0,0.125,0.125,0.125,0.125,0.125,0.125,0.125,0.125
200,200.0,200.0,0.12222222222222223,0.12222222222222223,0.12222222222222223,0.14444444444444443,0.12222222222222223,0.12222222222222223,0.12222222222222223,0.12222222222222223
201,201.0,201.0,0.11944444444444446,0.11944444444444446,0.1305555555555556,0.14166666666666666,0.11944444444444446,0.13055555555555556,0.11944444444444446,0.11944444444444446
202,202.0,202.0,0.12833333333333335,0.11833333333333333,0.12944444444444442,0.13944444444444443,0.11833333333333333,0.12944444444444442,0.11833333333333333,0.11833333333333333
203,203.0,203.0,0.1272222222222222,0.1172222222222222,0.12833333333333333,0.13833333333333334,0.1172222222222222,0.1272222222222222,0.1172222222222222,0.1272222222222222
204,204.0,204.0,0.12583333333333332,0.11583333333333332,0.12694444444444444,0.14805555555555555,0.11583333333333332,0.12583333333333332,0.11583333333333332,0.12583333333333332
205,205.0,205.0,0.12444444444444444,0.11444444444444443,0.12555555555555556,0.14666666666666667,0.11444444444444443,0.13555555555555557,0.11444444444444443,0.12444444444444444
206,206.0,206.0,0.12333333333333334,0.11333333333333333,0.12444444444444444,0.14444444444444446,0.11333333333333333,0.14444444444444443,0.11333333333333333,0.12333333333333334
207,207.0,207.0,0.12055555555555557,0.11055555555555556,0.13277777777777777,0.14166666666666666,0.11055555555555556,0.15277777777777776,0.11055555555555556,0.12055555555555557
208,208.0,208.0,0.11501020846765526,0.10698312916398023,0.13829626047711155,0.13627605845690954,0.11591929937674617,0.15643079733505266,0.11501020846765526,0.11607403825488931
209,209.0,209.0,0.11198298777246145,0.10394471026049974,0.13555289739500267,0.13172248803827752,0.11289207868155235,0.17055289739500262,0.11198298777246145,0.12136895268474215
210,210.0,210.0,0.11043287122234488,0.10239459371038317,0.13336175520386045,0.13017237148816094,0.11043287122234491,0.1835948554369607,0.11043287122234488,0.11917781049359995
211,211.0,211.0,0.12749636328583694,0.10120411751990699,0.13162182846393372,0.12428104059683007,0.10924239503186872,0.17947397631608156,0.1092423950318687,0.11743788375367321
212,212.0,212.0,0.12356418435365801,0.09885924017502963,0.1354674273095326,0.12193616325195271,0.10613994192941559,0.1925187093608146,0.10689751768699134,0.11461681593260538
213,213.0,213.0,0.12154744896680378,0.10400799916928949,0.13457123521639652,0.11936898227220807,0.10348218090153571,0.18967580806290482,0.10595605111734141,0.12139029429352007
214,214.0,214.0,0.12941069683005163,0.10139505655634688,0.13243448307964437,0.12247032537355115,0.10079597821533301,0.1909700693571661,0.10381929898058928,0.11870409160731739
215,215.0,215.0,0.12941069683005163,0.10139505655634688,0.13243448307964437,0.12247032537355115,0.09972070939812873,0.1920453381743704,0.10381929898058928,0.11870409160731739
216,216.0,216.0,0.13596297319701572,0.10126922722667402,0.13228577569003103,0.11673022013447545,0.0996177581283964,0.18076264161370542,0.11480458076202753,0.11856682324767429
217,217.0,217.0,0.1480443533075112,0.1118242576137313,0.10434723171565272,0.11615174299384826,0.0990840738209159,0.1878241057188425,0.11424850003797371,0.11847573479152425
218,218.0,218.0,0.1516843244474823,0.1086460469355206,0.10110949722791829,0.11214019898230425,0.09632252980937189,0.1882335573782942,0.12662584491531859,0.11523800030378976
219,219.0,219.0,0.15536411687727475,0.10661508812824601,0.10076713491187175,0.12116187175397701,0.08820134543818753,0.19554277593751276,0.12564751768699137,0.10670014926593874
220,220.0,220.0,0.15590954796837148,0.10522870103752455,0.09895827620092325,0.12508349901732255,0.08682592325974678,0.19189568193244663,0.13117418529183236,0.10492418529183234
221,221.0,221.0,0.15272810951934662,0.10424506478630188,0.09759414840600406,0.13121050341411164,0.08585302584013922,0.19493460005057944,0.12984227399175854,0.10359227399175852
222,222.0,222.0,0.1490518734746895,0.10097286914568519,0.09514066621567976,0.1282918431270303,0.09202527464396697,0.1959898897900797,0.1373887918014342,0.10113879180143422
223,223.0,223.0,0.1489907357819729,0.10909354963478672,0.10592748173933739,0.12823070543431364,0.09196413695125033,0.1938234889394683,0.12115540530488982,0.10081449621398073
224,224.0,224.0,0.14168193347317054,0.11087565641689352,0.10850242111840047,0.13001281221642044,0.09374624373335712,0.1937008338168132,0.12924342839291292,0.09223667083203164
225,225.0,225.0,0.12980214659338368,0.11987499041622751,0.1189003565163359,0.1318692890728973,0.09505327004038343,0.18040579552177488,0.13055045469993923,0.09354369713905795
226,226.0,226.0,0.12793734472858181,0.11855963910087619,0.11894893336903645,0.13055393775754598,0.09428736927448265,0.1890471541631335,0.1291352032846878,0.09153041832165544
227,227.0,227.0,0.12698214051250803,0.12442261670298423,0.11779610069446463,0.1295987335414722,0.09333216505840887,0.19066111990753407,0.1268295379355442,0.09037758564708362
228,228.0,228.0,0.11983928336965088,0.13156547384584139,0.11779610069446463,0.1295987335414722,0.09333216505840887,0.19066111990753407,0.1268295379355442,0.09037758564708362
229,229.0,229.0,0.12009111487148239,0.13133653611690366,0.11804793219629613,0.11913627932901798,0.09358399656024037,0.19269866569507982,0.1344760580820643,0.09062941714891512
230,230.0,230.0,0.11961492439529191,0.13086034564071317,0.11757174172010565,0.12437437456711323,0.10025066322690704,0.18412723712365128,0.13304748665349292,0.09015322667272463
231,231.0,231.0,0.11972231271144311,0.1299260672901977,0.11775430185756268,0.12347231271144313,0.10034731271144312,0.1842990584294932,0.13421801929954102,0.09026061498887583
232,232.0,232.0,0.11991994116994113,0.13012369574869573,0.11814955877455875,0.12366994116994115,0.10054494116994114,0.1819275169275169,0.13500853313353312,0.09065587190587188
233,233.0,233.0,0.10424001722914764,0.14037783774196816,0.11941486351812436,0.12910112834025872,0.10255732492145533,0.1852430449984798,0.12714460660112833,0.0919211766494375
234,234.0,234.0,0.10257945556858598,0.13597002333415373,0.12489715900041984,0.12632945556858596,0.11089676326089366,0.18358248333791813,0.12548404494056667,0.09026061498887583
235,235.0,235.0,0.10203000501913544,0.13328000501913545,0.12434770845096929,0.12578000501913542,0.10979786216199257,0.1901186554990903,0.12493459439111612,0.08971116443942528
236,236.0,236.0,0.10203000501913544,0.14328000501913543,0.12434770845096929,0.12578000501913542,0.09979786216199257,0.1901186554990903,0.12493459439111612,0.08971116443942528
237,237.0,237.0,0.10203000501913544,0.14328000501913543,0.12434770845096929,0.12578000501913542,0.09979786216199257,0.1901186554990903,0.12493459439111612,0.08971116443942528
238,238.0,238.0,0.10075437275666108,0.15444997539963212,0.12267264009826936,0.12256458009318419,0.0985112649872375,0.1899833741138089,0.12262826037425575,0.08843553217695092
239,239.0,239.0,0.10791346366575198,0.15551058146023816,0.12108173100736028,0.12063276191136599,0.09733702256299506,0.18166627454670933,0.12145401795001336,0.09440414689556563
240,240.0,240.0,0.10578757484868669,0.15510010957917802,0.11922922077249709,0.1185068730943007,0.10306827660307263,0.1858956970849554,0.1199691547739737,0.09244309324333552
241,241.0,241.0,0.11272444946357987,0.14806175105088146,0.11624254972081058,0.11543278279691319,0.10515500501913541,0.18828333803877284,0.11744451502603674,0.09665560888386973
242,242.0,242.0,0.10966148903219837,0.14835566766058753,0.11336338210480083,0.11327891327462263,0.10937540450269281,0.19569656808358182,0.11576683597993664,0.09450173936157916
243,243.0,243.0,0.10605037792108726,0.14988344543836535,0.11572449321591197,0.10689002438573374,0.1077781822804706,0.19909934586135958,0.11812794709104776,0.0964461838060236
244,244.0,244.0,0.10505784849825095,0.16002430876656878,0.122288899610881,0.1080836421490446,0.10717558155638648,0.20530082447652104,0.10057313794736392,0.09149575699498297
245,245.0,245.0,0.1035920044008279,0.15627551370198428,0.12833157039039392,0.10583025226407576,0.10108760520525224,0.20890824045235806,0.09974831949096652,0.09622649409414114
246,246.0,246.0,0.10329960674000918,0.15364393475461585,0.1330099329634933,0.10553785460325704,0.10667756048560999,0.20273348985036285,0.09945592183014781,0.0956416987725037
247,247.0,247.0,0.10303644884527234,0.15627551370198428,0.13222045927928278,0.10527469670852022,0.10641440259087316,0.20247033195562603,0.09919276393541097,0.09511538298303002
248,248.0,248.0,0.10303644884527234,0.16215786664316073,0.12555379261261612,0.10527469670852022,0.10641440259087316,0.2091369986222927,0.09331041099423451,0.09511538298303002
249,249.0,249.0,0.09492747448629803,0.16174119997649408,0.13282943363825717,0.10360803004185355,0.1059977359242065,0.20705366528895935,0.09289374432756786,0.10094871631636335
250,250.0,250.0,0.08865323402088107,0.1635026737967914,0.1382996986673457,0.10337370554282317,0.108652066887361,0.21622464137170017,0.09286950386215093,0.08842447585094644
251,251.0,251.0,0.08770085306850012,0.1615979118920295,0.13544255581020287,0.10194513411425174,0.11293778117307526,0.2209865461336049,0.09191712290976997,0.08747209489856546
252,252.0,252.0,0.08709627790510141,0.16902905101434512,0.1334887742975978,0.09994350012732364,0.10478418640183344,0.22010652745946863,0.0992490556828792,0.08630262711145062
253,253.0,253.0,0.08618468519784309,0.1726926217057796,0.1375479418242576,0.103417872332346,0.10354579630895419,0.21434457355509987,0.09716787233234599,0.08509863674337356
254,254.0,254.0,0.08592152730310625,0.17242946381104274,0.14353478392952074,0.10710208285866178,0.10328263841421734,0.20651562618667882,0.09664155654287229,0.0845723209538999
255,255.0,255.0,0.08494813794736393,0.17035313327882987,0.1466055122208373,0.1093324750155245,0.10083866082318094,0.20324881946398973,0.10131242489021124,0.08336083636006235
256,256.0,256.0,0.08386164274322165,0.16612174375332267,0.14868088782562466,0.11116593567251458,0.098444976076555,0.20009968102073367,0.09968268208399786,0.09194245082402976
257,257.0,257.0,0.08281606106834936,0.1665705105979705,0.14993010771328846,0.10982795633682356,0.1017853593139634,0.1910424034394286,0.10255522906409634,0.09547237246607954
258,258.0,258.0,0.08184125085440871,0.16660002278423328,0.15627468291941976,0.11339860066833748,0.10022575377838534,0.18689640768588134,0.10062803789777472,0.09413524341155918
259,259.0,259.0,0.08056347307663095,0.1762111338953444,0.15466357180830864,0.11212082289055972,0.09894797600060758,0.18561862990810357,0.09935026011999695,0.09252413230044808
260,260.0,260.0,0.07917446143990765,0.18286644197399343,0.16093679267592306,0.1091617484981329,0.09753703453932284,0.18297176761707648,0.09672195335810894,0.09062979989753443
261,261.0,261.0,0.07866720268036055,0.18239207795128845,0.17269300509432084,0.10719424946398629,0.09705170560433717,0.17602684230973703,0.096033535178272,0.08994138171769747
262,262.0,262.0,0.0761399636834891,0.18100816656037347,0.1743850686025542,0.11576738274661083,0.09565705538180708,0.17389970190071627,0.09461740729251167,0.08852525383193716
263,263.0,263.0,0.07571115740288671,0.18708222576643624,0.1707970141804728,0.11532805679422217,0.09524928844477715,0.17281170096959564,0.09418860101190926,0.08883195542969977
264,264.0,264.0,0.0751957653874947,0.18793768512189563,0.1714175048009634,0.11481266477883016,0.09473389642938514,0.1750430622009569,0.09280740813071639,0.0880520131497575
265,265.0,265.0,0.07553796157072855,0.19223449400320328,0.17444409335066502,0.11515486096206404,0.09043212976432177,0.1708989521207947,0.09314960431395027,0.08814790391427214
266,266.0,266.0,0.07651326937137369,0.17731638487594872,0.1797185016010853,0.1132316180380715,0.09140743756496691,0.17278005702288912,0.09430607153488524,0.09472665999077935
267,267.0,267.0,0.07602695461086538,0.17204041129641107,0.18798806410689067,0.11147718733553418,0.09618428069919545,0.1703250587719582,0.09193275171231466,0.09402529146683017
268,268.0,268.0,0.0762296652600046,0.16918692219292197,0.18508249084417452,0.11065948982140812,0.09530280767486529,0.17313874971064916,0.1001847047856963,0.09021516971027985
269,269.0,269.0,0.06636426701416073,0.1750904776616696,0.18594975804562033,0.11190520268667534,0.08432411508795347,0.17904831608983054,0.10790580294722511,0.08941206046686465
270,270.0,270.0,0.06562854440343811,0.174850093046285,0.18502464149550377,0.11886178776826042,0.08358839247723085,0.17831259347910794,0.10588802905445123,0.08784591827572245
271,271.0,271.0,0.06498996729427277,0.17473158410424663,0.19135066840976597,0.11767376010964452,0.0829498153680655,0.17767401636994257,0.10415055084638476,0.08647963749767695
272,272.0,272.0,0.06581868488408733,0.1799716719898608,0.18905161616848923,0.12350247769945907,0.08374631646303471,0.16860269009456313,0.10218773250313495,0.08711881019737054
273,273.0,273.0,0.06553304493722927,0.1814918912478039,0.19018529311130886,0.1232711401753245,0.07910692809874129,0.17215980008581583,0.10097118926712614,0.08728071307664997
274,274.0,274.0,0.06680538376966946,0.1766598811241668,0.1914244485673057,0.12352307084449939,0.0793904177832749,0.17339895554181267,0.10124415927987351,0.08755368308939734
275,275.0,275.0,0.06686350142232492,0.17660430528077584,0.19771845801257565,0.11228197184079533,0.07948976404858756,0.17225106048635458,0.09473979179861529,0.10005114710997061
276,276.0,276.0,0.0659564275880065,0.18198568877516244,0.20243276606434496,0.1100926013557592,0.07774590127221703,0.17442925106083,0.08893444956602846,0.09842291431765113
277,277.0,277.0,0.06560869447789716,0.19022539611387965,0.20143950852653297,0.11267784615882578,0.07743777212250372,0.1740396291464556,0.08077026558006231,0.0978008878738425
278,278.0,278.0,0.065709579951066,0.18354174205567392,0.20496085728283867,0.11081089533101914,0.07659709285096279,0.17589264307530558,0.07977742931303297,0.10270976014010066
279,279.0,279.0,0.06545356600287615,0.1833618750711239,0.20875513659110995,0.10964799219781332,0.07638867075504782,0.17460600112618505,0.07942721371438792,0.10235954454145561
280,280.0,280.0,0.06533220677957519,0.18331519844677735,0.20853108879424664,0.10954530362425094,0.07631398815609339,0.17438195332932174,0.07934319579056417,0.10323706507917033
281,281.0,281.0,0.06514568277726171,0.18511376537692323,0.21263750869014025,0.10411393674551565,0.08260600023757916,0.1732175037438195,0.07919330182488074,0.09797230060387953
282,282.0,282.0,0.0648046562470594,0.18685091445021926,0.21265366341334563,0.09980939818576359,0.08114030669393131,0.1783506710840375,0.079020489330817,0.0973699005948261
283,283.0,283.0,0.06434824761029134,0.18554726576210334,0.21160717863772094,0.09863063827786377,0.07963126647821586,0.18040748996049694,0.07843180556177382,0.10139610771153384
284,284.0,284.0,0.06524255655338076,0.2011860578643101,0.20624395465507678,0.09946687521166167,0.07957319446892433,0.18130179890358636,0.07838271827844814,0.08860284406461166
285,285.0,285.0,0.06512793832026491,0.2011419739284963,0.21355440072852763,0.08919335888101255,0.07950266017162227,0.18108137922451742,0.08188361255257465,0.08851467619298409
286,286.0,286.0,0.06507256733466135,0.20175105477013527,0.21344365875732052,0.08908261690980547,0.07468538442411396,0.18102600823891385,0.08182824156697109,0.09311046799807822
287,287.0,287.0,0.06384685296175124,0.20108509066727867,0.22331638796729497,0.08873862785352611,0.07374489884110554,0.17176233200147434,0.08153710663331332,0.09596870307425555
288,288.0,288.0,0.06466893672776024,0.2010418231006466,0.22309139662080835,0.08863478569360919,0.07367567073449424,0.17153734065498766,0.08146787852670202,0.09588216794099144
289,289.0,289.0,0.07616987208190659,0.20663353006850035,0.2117390724244475,0.08507334543492122,0.07319053745119583,0.17552893180254214,0.08124729550795387,0.0904174152285323
290,290.0,290.0,0.07552641258523608,0.20476643182525534,0.2118541153835271,0.08439606145488494,0.07259711965594316,0.18097586509351213,0.08065387771270122,0.0892301162889398
291,291.0,291.0,0.07552641258523608,0.20476643182525534,0.2118541153835271,0.08439606145488494,0.07259711965594316,0.18097586509351213,0.08065387771270122,0.0892301162889398
292,292.0,292.0,0.0760601877993182,0.20767593115419197,0.21444339879122487,0.08402074575987616,0.06992743166656207,0.1762714097496706,0.0859495576886881,0.0856513373904678
293,293.0,293.0,0.07571146245059285,0.21000878348704433,0.2136978480456741,0.08314291988205029,0.0691458058849363,0.17843591191417274,0.08511983185896226,0.08473743647656687
294,294.0,294.0,0.06435441370223977,0.22402283706631532,0.21340360122968818,0.08193958215697342,0.06850461133069827,0.17909906518602167,0.08467626576322225,0.08399962356484092
295,295.0,295.0,0.06423126099288015,0.2237765316475961,0.21291099039224975,0.0813238186101754,0.06838145862133865,0.17786753809242564,0.0877550834972124,0.08375331814612172
296,296.0,296.0,0.06295895388402323,0.22183321252701452,0.2145809355615091,0.08954548791736579,0.06710915151248173,0.175560748224948,0.08613794880214859,0.08227356157050882
297,297.0,297.0,0.06280710076116805,0.22210574741605593,0.2139546486706374,0.08891920102649413,0.06695729838962655,0.17766695961822185,0.08566351503413211,0.0819255290836637
298,298.0,298.0,0.0641034970033417,0.2283281840657617,0.2106645153500743,0.09289485445541343,0.06825369463180021,0.17272834437818907,0.08665749192146706,0.07636941819395233
299,299.0,299.0,0.07571290545203586,0.25302666415709896,0.19700583474496516,0.08831896605809648,0.07077219398958527,0.1527547524938829,0.08369709517535602,0.07871158792897923
300,300.0,300.0,0.07395475157623492,0.25172368203058737,0.1963957754878471,0.08611691373839708,0.06981256591231012,0.16194182191624643,0.0824782774271265,0.07757621191125023
301,301.0,301.0,0.07255095929008967,0.25068834481877955,0.1952591669982974,0.09480469654382695,0.06904979926719054,0.15952962626875666,0.08146340994167076,0.07665399687138813
302,302.0,302.0,0.07246562533683121,0.2456703230083049,0.19348274635395224,0.09891350178470765,0.0667262225096515,0.16028379758896572,0.08737839642269499,0.07507938699489146
303,303.0,303.0,0.0723530127242186,0.24563010421808612,0.1941423345135404,0.09884110796231382,0.06666187244530145,0.1600585723637405,0.08731404635834493,0.07499894941445388
304,304.0,304.0,0.07224239325519204,0.24559059726486235,0.1939052927941978,0.09965495119872343,0.06659866132014342,0.1598373334256874,0.0872508352331869,0.07491993550800635
305,305.0,305.0,0.07289129023618031,0.23873360159789928,0.1944299854590861,0.1003348992587367,0.06729413491966918,0.16037755163008818,0.09033865333032032,0.07559988356801962
306,306.0,306.0,0.07289129023618031,0.23873360159789928,0.1944299854590861,0.1003348992587367,0.06729413491966918,0.16037755163008818,0.09033865333032032,0.07559988356801962
307,307.0,307.0,0.07289129023618031,0.23873360159789928,0.1944299854590861,0.1003348992587367,0.06729413491966918,0.16037755163008818,0.09033865333032032,0.07559988356801962
308,308.0,308.0,0.0758855182304083,0.24027393757219756,0.1839321499612506,0.1033291272529647,0.07028836291389719,0.15247711872965528,0.09333288132454833,0.08048090401507782
309,309.0,309.0,0.07611430035343075,0.2409652163456511,0.18383616182529225,0.09736430035343076,0.06956524353263481,0.15774188573101613,0.09375637848463933,0.08065651337390464
310,310.0,310.0,0.07585697573769905,0.2412046896714076,0.18680558956241908,0.09682902237346251,0.0693968986850864,0.15628859917817206,0.09333413561770618,0.08028408917404682
311,311.0,311.0,0.07729659850941312,0.24188152653827708,0.19576568276797107,0.09205477774127656,0.07954594450017788,0.14108453887630085,0.09188171930734856,0.08048921175923461
312,312.0,312.0,0.07814988836727962,0.24169628843541885,0.19497870976131843,0.09207664120707594,0.08818899862378121,0.14095384704080352,0.09396601309644785,0.0699896134678743
313,313.0,313.0,0.0827039819345311,0.24011200678534772,0.19697234813653577,0.09136757687959057,0.08606180564132507,0.14024478271331814,0.09325694876896248,0.06928054914038893
314,314.0,314.0,0.08043370928887147,0.24183831939586406,0.19436690805044554,0.09499452604648455,0.08362614076370972,0.1402513820813726,0.09690883599283111,0.06758017838042066
315,315.0,315.0,0.07879114133051403,0.25352908477084,0.19239274186575303,0.09198315145616259,0.08246554697153698,0.14071022148758044,0.09370852752936476,0.0664195845882479
316,316.0,316.0,0.07851058854996125,0.25736108610284136,0.1920630715360827,0.09144618841919956,0.08212089162688163,0.13918757746493643,0.0932356670565043,0.06607492924359257
317,317.0,317.0,0.08539088216938531,0.2595222944597019,0.1898242234276694,0.08404076775290933,0.08189079563591609,0.14054556730118714,0.09300557106553874,0.06577989818769195
318,318.0,318.0,0.08357285671358897,0.2663544483738991,0.18982814414164526,0.08397712826202526,0.08040288468206085,0.13881035758038043,0.09217125488292534,0.06488292536347454
319,319.0,319.0,0.0833445616168728,0.26905012988537014,0.19439639308060358,0.08400524342171936,0.07708979426370727,0.13782397998645132,0.08957116491441432,0.06471873283086094
320,320.0,320.0,0.08295680509027782,0.27177792084818836,0.19605991860529065,0.08333082860483632,0.07620596998151638,0.13634647987011275,0.08908545129349199,0.06423662570628559
321,321.0,321.0,0.0759326222221654,0.2695070150945454,0.19330579582908353,0.08270018728756899,0.07540148598067738,0.14638094973138477,0.09298303263628778,0.06378891121828657
322,322.0,322.0,0.07581805303773265,0.2698444233112425,0.19266857856102704,0.08232508147839954,0.07531516538381523,0.14766010876994853,0.09278056802084259,0.06358802143699166
323,323.0,323.0,0.08326928589306577,0.2759345510048707,0.19601501995826862,0.0824644470115798,0.07568351111128371,0.1421124507052932,0.08064222689240348,0.06387850742323442
324,324.0,324.0,0.08193707893936725,0.27635696873683135,0.19194654696943023,0.08144859081930017,0.07530823994210717,0.14020927457998392,0.08978682263579284,0.06300647737718672
325,325.0,325.0,0.08152565220788785,0.2784241741085175,0.1908491865859155,0.08085852407450447,0.07457958129107879,0.14186427483018577,0.08934516757316818,0.06255343932874174
326,326.0,326.0,0.07559664475659941,0.2815782121536431,0.19399489081738416,0.07600500809751108,0.07536709095511106,0.14352787417389692,0.09060357303840968,0.06332670600744428
327,327.0,327.0,0.07531044331950283,0.2831666301295292,0.1935826389601195,0.07576782626825763,0.07476759028527792,0.14397696685444739,0.09035238560691534,0.06307551857594994
328,328.0,328.0,0.07599285182009315,0.28605387924405096,0.1814357807678068,0.08316511080190582,0.07468868434273562,0.1463021013159455,0.08904541984540412,0.06331617186205778
329,329.0,329.0,0.07467164886845541,0.2851282806880177,0.1826076765049199,0.08165067113529224,0.08020264622626272,0.14666481830909728,0.086651408060088,0.06242285020786655
330,330.0,330.0,0.07462539539944524,0.28508202721900744,0.18292533462679972,0.08141940379024136,0.08015639275725253,0.1477749015653415,0.08651264765305748,0.06150389698885448
331,331.0,331.0,0.07447945691064757,0.2888432099249614,0.18220065072977062,0.08114357938581404,0.07703139160235792,0.14863550685724972,0.08631192743121129,0.06135427715798721
332,332.0,332.0,0.07679496209993183,0.26886761323997704,0.1839577058297029,0.08578972688646261,0.08909806063217027,0.14503467763838201,0.08842934858880207,0.06202790508457111
333,333.0,333.0,0.07710197186035775,0.2705659273482291,0.18063916102047486,0.09028129742772258,0.08940507039259618,0.1443620955620732,0.08535037787007979,0.062294098518466415
334,334.0,334.0,0.07615366526499232,0.26961762075286366,0.1792594818760898,0.09735794626907729,0.08754767288813983,0.14247261249611953,0.08628442421589086,0.061306576236826484
335,335.0,335.0,0.07696999106905357,0.2781120028305752,0.1809767824863418,0.0980693381307908,0.08840333779526956,0.14260931778647876,0.07321088662437296,0.06164834327711714
336,336.0,336.0,0.075737509584532,0.28233909419121,0.18250246913939772,0.09647923102419045,0.08720218463155,0.1428689919450562,0.07201475168552399,0.06085576779853933
337,337.0,337.0,0.07557084291786534,0.28150576085787665,0.18083580247273107,0.10014589769085713,0.08703551796488333,0.14270232527838955,0.07151475168552399,0.06068910113187267
338,338.0,338.0,0.07926315061017304,0.28073653008864585,0.1792973409342695,0.09968435922931866,0.08688167181103718,0.1406616866717132,0.0729400056768157,0.06053525497802651
339,339.0,339.0,0.07922821000919471,0.28070158948766755,0.17884311312155113,0.09950965622442698,0.08684673121005884,0.14164002349910662,0.07276530267192402,0.06046537377606984
340,340.0,340.0,0.07909593487691959,0.2817597905458686,0.178710837989276,0.09937738109215186,0.0865821809455086,0.1415077483668315,0.07263302753964888,0.060333098643794714
341,341.0,341.0,0.07524978103076572,0.2817597905458686,0.18255699183542984,0.09937738109215186,0.0865821809455086,0.1415077483668315,0.07263302753964888,0.060333098643794714
342,342.0,342.0,0.07605136239838482,0.28199157134368713,0.18235335899028754,0.09555571010066954,0.0782928532222186,0.14940925985324865,0.07328947102628106,0.06305641306522233
343,343.0,343.0,0.07592820968902522,0.282976793018564,0.18223020628092795,0.09543255739130993,0.07804654780349939,0.14928610714388904,0.07316631831692146,0.06293326035586273
344,344.0,344.0,0.0751024840248634,0.2822468933176765,0.18166889098165245,0.09360519719034702,0.0762068843699885,0.15768662060284633,0.07145481793039053,0.06202821158223502
345,345.0,345.0,0.0752812186375603,0.28299542850017395,0.17793830989258078,0.0982025739575351,0.07638561898268538,0.15485374418506423,0.07206359070897461,0.06227951513542536
346,346.0,346.0,0.07417528501199544,0.28176809437265726,0.18056412498020605,0.10042718046394317,0.07599183060654764,0.1538055088154655,0.0713472910486701,0.061920684700514594
347,347.0,347.0,0.07384890741318005,0.2855520853418951,0.17890066316745717,0.0995108798908118,0.07560463056251679,0.15335251519639154,0.07078968319063564,0.06244063523711171
348,348.0,348.0,0.07378841134542445,0.2859453097823065,0.17884016709970157,0.0994201357891784,0.07557438252863899,0.15329201912863594,0.07075943515675784,0.06238013916935611
349,349.0,349.0,0.07372996599183006,0.28632520458067,0.17878172174610718,0.09933246775878682,0.07554515985184179,0.15323357377504157,0.07073021247996064,0.06232169381576171
350,350.0,350.0,0.07363526902213309,0.2863644691778614,0.17950003290649152,0.09914307381939289,0.07535576591244786,0.1531388768053446,0.07063551551026367,0.06222699684606474
351,351.0,351.0,0.07354614246241828,0.28422543174470627,0.17941090634677673,0.09896482069996329,0.07517751279301826,0.15599092671621803,0.07054638895054886,0.06213787028634994
352,352.0,352.0,0.06884568243897984,0.2826163991932379,0.17997360421807512,0.09949926998369107,0.07700684934476652,0.1582202912541831,0.07113733540941788,0.06270056815764834
353,353.0,353.0,0.06839215321188753,0.28546146839315717,0.1815733507479238,0.09894531745575387,0.07593906444950085,0.15690843558016235,0.0705768263643026,0.06220338379731165
354,354.0,354.0,0.06797576293675363,0.28273674292683576,0.181330741291732,0.100251138541541,0.08023974642488571,0.15566239395279644,0.0700580140190047,0.0617454599064506
355,355.0,355.0,0.06833947511910986,0.2848223593819438,0.17293832071795548,0.10223314260151115,0.08061330525776658,0.15525190162027017,0.07194614716645988,0.06385534813498288
