Total_iterations,Unnamed: 0.1,Intertwine_two,Add_vertex,Delete_vertex,Invert_path_vertices,Insert_inside_vertex,Delete_inside_vertex,Replace_inside_vertex,Donate_between_routes
0,0.0,0.125,0.125,0.125,0.125,0.125,0.125,0.125,0.125
1,1.0,0.125,0.125,0.125,0.125,0.125,0.125,0.125,0.125
2,2.0,0.125,0.125,0.125,0.125,0.125,0.125,0.125,0.125
3,3.0,0.125,0.125,0.125,0.125,0.125,0.125,0.125,0.125
4,4.0,0.125,0.125,0.125,0.125,0.125,0.125,0.125,0.125
5,5.0,0.125,0.125,0.125,0.125,0.125,0.125,0.125,0.125
6,6.0,0.125,0.125,0.125,0.125,0.125,0.125,0.125,0.125
7,7.0,0.125,0.125,0.125,0.125,0.125,0.125,0.125,0.125
8,8.0,0.125,0.125,0.125,0.125,0.125,0.125,0.125,0.125
9,9.0,0.125,0.125,0.125,0.125,0.125,0.125,0.125,0.125
10,10.0,0.125,0.125,0.125,0.125,0.125,0.125,0.125,0.125
11,11.0,0.125,0.125,0.125,0.125,0.125,0.125,0.125,0.125
12,12.0,0.125,0.125,0.125,0.125,0.125,0.125,0.125,0.125
13,13.0,0.125,0.125,0.125,0.125,0.125,0.125,0.125,0.125
14,14.0,0.125,0.125,0.125,0.125,0.125,0.125,0.125,0.125
15,15.0,0.125,0.125,0.125,0.125,0.125,0.125,0.125,0.125
16,16.0,0.125,0.125,0.125,0.125,0.125,0.125,0.125,0.125
17,17.0,0.125,0.125,0.125,0.125,0.125,0.125,0.125,0.125
18,18.0,0.125,0.125,0.125,0.125,0.125,0.125,0.125,0.125
19,19.0,0.125,0.125,0.125,0.125,0.125,0.125,0.125,0.125
20,20.0,0.125,0.125,0.125,0.125,0.125,0.125,0.125,0.125
21,21.0,0.125,0.125,0.125,0.125,0.125,0.125,0.125,0.125
22,22.0,0.125,0.125,0.125,0.125,0.125,0.125,0.125,0.125
23,23.0,0.125,0.125,0.125,0.125,0.125,0.125,0.125,0.125
24,24.0,0.125,0.125,0.125,0.125,0.125,0.125,0.125,0.125
25,25.0,0.125,0.125,0.125,0.125,0.125,0.125,0.125,0.125
26,26.0,0.125,0.125,0.125,0.125,0.125,0.125,0.125,0.125
27,27.0,0.125,0.125,0.125,0.125,0.125,0.125,0.125,0.125
28,28.0,0.125,0.125,0.125,0.125,0.125,0.125,0.125,0.125
29,29.0,0.125,0.125,0.125,0.125,0.125,0.125,0.125,0.125
30,30.0,0.125,0.125,0.125,0.125,0.125,0.125,0.125,0.125
31,31.0,0.125,0.125,0.125,0.125,0.125,0.125,0.125,0.125
32,32.0,0.125,0.125,0.125,0.125,0.125,0.125,0.125,0.125
33,33.0,0.125,0.125,0.125,0.125,0.125,0.125,0.125,0.125
34,34.0,0.125,0.125,0.125,0.125,0.125,0.125,0.125,0.125
35,35.0,0.125,0.125,0.125,0.125,0.125,0.125,0.125,0.125
36,36.0,0.125,0.125,0.125,0.125,0.125,0.125,0.125,0.125
37,37.0,0.125,0.125,0.125,0.125,0.125,0.125,0.125,0.125
38,38.0,0.125,0.125,0.125,0.125,0.125,0.125,0.125,0.125
39,39.0,0.125,0.125,0.125,0.125,0.125,0.125,0.125,0.125
40,40.0,0.125,0.125,0.125,0.125,0.125,0.125,0.125,0.125
41,41.0,0.125,0.125,0.125,0.125,0.125,0.125,0.125,0.125
42,42.0,0.125,0.125,0.125,0.125,0.125,0.125,0.125,0.125
43,43.0,0.125,0.125,0.125,0.125,0.125,0.125,0.125,0.125
44,44.0,0.125,0.125,0.125,0.125,0.125,0.125,0.125,0.125
45,45.0,0.125,0.125,0.125,0.125,0.125,0.125,0.125,0.125
46,46.0,0.125,0.125,0.125,0.125,0.125,0.125,0.125,0.125
47,47.0,0.125,0.125,0.125,0.125,0.125,0.125,0.125,0.125
48,48.0,0.125,0.125,0.125,0.125,0.125,0.125,0.125,0.125
49,49.0,0.125,0.125,0.125,0.125,0.125,0.125,0.125,0.125
50,50.0,0.125,0.125,0.125,0.125,0.125,0.125,0.125,0.125
51,51.0,0.125,0.125,0.125,0.125,0.125,0.125,0.125,0.125
52,52.0,0.125,0.125,0.125,0.125,0.125,0.125,0.125,0.125
53,53.0,0.125,0.125,0.125,0.125,0.125,0.125,0.125,0.125
54,54.0,0.125,0.125,0.125,0.125,0.125,0.125,0.125,0.125
55,55.0,0.125,0.125,0.125,0.125,0.125,0.125,0.125,0.125
56,56.0,0.125,0.125,0.125,0.125,0.125,0.125,0.125,0.125
57,57.0,0.125,0.125,0.125,0.125,0.125,0.125,0.125,0.125
58,58.0,0.125,0.125,0.125,0.125,0.125,0.125,0.125,0.125
59,59.0,0.125,0.125,0.125,0.125,0.125,0.125,0.125,0.125
60,60.0,0.125,0.125,0.125,0.125,0.125,0.125,0.125,0.125
61,61.0,0.125,0.125,0.125,0.125,0.125,0.125,0.125,0.125
62,62.0,0.125,0.125,0.125,0.125,0.125,0.125,0.125,0.125
63,63.0,0.125,0.125,0.125,0.125,0.125,0.125,0.125,0.125
64,64.0,0.125,0.125,0.125,0.125,0.125,0.125,0.125,0.125
65,65.0,0.125,0.125,0.125,0.125,0.125,0.125,0.125,0.125
66,66.0,0.125,0.125,0.125,0.125,0.125,0.125,0.125,0.125
67,67.0,0.125,0.125,0.125,0.125,0.125,0.125,0.125,0.125
68,68.0,0.125,0.125,0.125,0.125,0.125,0.125,0.125,0.125
69,69.0,0.125,0.125,0.125,0.125,0.125,0.125,0.125,0.125
70,70.0,0.125,0.125,0.125,0.125,0.125,0.125,0.125,0.125
71,71.0,0.125,0.125,0.125,0.125,0.125,0.125,0.125,0.125
72,72.0,0.125,0.125,0.125,0.125,0.125,0.125,0.125,0.125
73,73.0,0.125,0.125,0.125,0.125,0.125,0.125,0.125,0.125
74,74.0,0.125,0.125,0.125,0.125,0.125,0.125,0.125,0.125
75,75.0,0.125,0.125,0.125,0.125,0.125,0.125,0.125,0.125
76,76.0,0.125,0.125,0.125,0.125,0.125,0.125,0.125,0.125
77,77.0,0.125,0.125,0.125,0.125,0.125,0.125,0.125,0.125
78,78.0,0.125,0.125,0.125,0.125,0.125,0.125,0.125,0.125
79,79.0,0.125,0.125,0.125,0.125,0.125,0.125,0.125,0.125
80,80.0,0.125,0.125,0.125,0.125,0.125,0.125,0.125,0.125
81,81.0,0.125,0.125,0.125,0.125,0.125,0.125,0.125,0.125
82,82.0,0.125,0.125,0.125,0.125,0.125,0.125,0.125,0.125
83,83.0,0.125,0.125,0.125,0.125,0.125,0.125,0.125,0.125
84,84.0,0.125,0.125,0.125,0.125,0.125,0.125,0.125,0.125
85,85.0,0.125,0.125,0.125,0.125,0.125,0.125,0.125,0.125
86,86.0,0.125,0.125,0.125,0.125,0.125,0.125,0.125,0.125
87,87.0,0.125,0.125,0.125,0.125,0.125,0.125,0.125,0.125
88,88.0,0.125,0.125,0.125,0.125,0.125,0.125,0.125,0.125
89,89.0,0.125,0.125,0.125,0.125,0.125,0.125,0.125,0.125
90,90.0,0.125,0.125,0.125,0.125,0.125,0.125,0.125,0.125
91,91.0,0.125,0.125,0.125,0.125,0.125,0.125,0.125,0.125
92,92.0,0.125,0.125,0.125,0.125,0.125,0.125,0.125,0.125
93,93.0,0.125,0.125,0.125,0.125,0.125,0.125,0.125,0.125
94,94.0,0.125,0.125,0.125,0.125,0.125,0.125,0.125,0.125
95,95.0,0.125,0.125,0.125,0.125,0.125,0.125,0.125,0.125
96,96.0,0.125,0.125,0.125,0.125,0.125,0.125,0.125,0.125
97,97.0,0.125,0.125,0.125,0.125,0.125,0.125,0.125,0.125
98,98.0,0.125,0.125,0.125,0.125,0.125,0.125,0.125,0.125
99,99.0,0.125,0.125,0.125,0.125,0.125,0.125,0.125,0.125
100,100.0,0.125,0.125,0.125,0.125,0.125,0.125,0.125,0.125
101,101.0,0.125,0.125,0.125,0.125,0.125,0.125,0.125,0.125
102,102.0,0.125,0.125,0.125,0.125,0.125,0.125,0.125,0.125
103,103.0,0.125,0.125,0.125,0.125,0.125,0.125,0.125,0.125
104,104.0,0.125,0.125,0.125,0.125,0.125,0.125,0.125,0.125
105,105.0,0.125,0.125,0.125,0.125,0.125,0.125,0.125,0.125
106,106.0,0.125,0.125,0.125,0.125,0.125,0.125,0.125,0.125
107,107.0,0.125,0.125,0.125,0.125,0.125,0.125,0.125,0.125
108,108.0,0.125,0.125,0.125,0.125,0.125,0.125,0.125,0.125
109,109.0,0.125,0.125,0.125,0.125,0.125,0.125,0.125,0.125
110,110.0,0.125,0.125,0.125,0.125,0.125,0.125,0.125,0.125
111,111.0,0.125,0.125,0.125,0.125,0.125,0.125,0.125,0.125
112,112.0,0.125,0.125,0.125,0.125,0.125,0.125,0.125,0.125
113,113.0,0.125,0.125,0.125,0.125,0.125,0.125,0.125,0.125
114,114.0,0.125,0.125,0.125,0.125,0.125,0.125,0.125,0.125
115,115.0,0.125,0.125,0.125,0.125,0.125,0.125,0.125,0.125
116,116.0,0.125,0.125,0.125,0.125,0.125,0.125,0.125,0.125
117,117.0,0.125,0.125,0.125,0.125,0.125,0.125,0.125,0.125
118,118.0,0.125,0.125,0.125,0.125,0.125,0.125,0.125,0.125
119,119.0,0.125,0.125,0.125,0.125,0.125,0.125,0.125,0.125
120,120.0,0.125,0.125,0.125,0.125,0.125,0.125,0.125,0.125
121,121.0,0.125,0.125,0.125,0.125,0.125,0.125,0.125,0.125
122,122.0,0.125,0.125,0.125,0.125,0.125,0.125,0.125,0.125
123,123.0,0.125,0.125,0.125,0.125,0.125,0.125,0.125,0.125
124,124.0,0.125,0.125,0.125,0.125,0.125,0.125,0.125,0.125
125,125.0,0.125,0.125,0.125,0.125,0.125,0.125,0.125,0.125
126,126.0,0.125,0.125,0.125,0.125,0.125,0.125,0.125,0.125
127,127.0,0.125,0.125,0.125,0.125,0.125,0.125,0.125,0.125
128,128.0,0.125,0.125,0.125,0.125,0.125,0.125,0.125,0.125
129,129.0,0.125,0.125,0.125,0.125,0.125,0.125,0.125,0.125
130,130.0,0.125,0.125,0.125,0.125,0.125,0.125,0.125,0.125
131,131.0,0.125,0.125,0.125,0.125,0.125,0.125,0.125,0.125
132,132.0,0.125,0.125,0.125,0.125,0.125,0.125,0.125,0.125
133,133.0,0.125,0.125,0.125,0.125,0.125,0.125,0.125,0.125
134,134.0,0.125,0.125,0.125,0.125,0.125,0.125,0.125,0.125
135,135.0,0.125,0.125,0.125,0.125,0.125,0.125,0.125,0.125
136,136.0,0.125,0.125,0.125,0.125,0.125,0.125,0.125,0.125
137,137.0,0.125,0.125,0.125,0.125,0.125,0.125,0.125,0.125
138,138.0,0.125,0.125,0.125,0.125,0.125,0.125,0.125,0.125
139,139.0,0.125,0.125,0.125,0.125,0.125,0.125,0.125,0.125
140,140.0,0.125,0.125,0.125,0.125,0.125,0.125,0.125,0.125
141,141.0,0.125,0.125,0.125,0.125,0.125,0.125,0.125,0.125
142,142.0,0.125,0.125,0.125,0.125,0.125,0.125,0.125,0.125
143,143.0,0.125,0.125,0.125,0.125,0.125,0.125,0.125,0.125
144,144.0,0.125,0.125,0.125,0.125,0.125,0.125,0.125,0.125
145,145.0,0.125,0.125,0.125,0.125,0.125,0.125,0.125,0.125
146,146.0,0.125,0.125,0.125,0.125,0.125,0.125,0.125,0.125
147,147.0,0.125,0.125,0.125,0.125,0.125,0.125,0.125,0.125
148,148.0,0.125,0.125,0.125,0.125,0.125,0.125,0.125,0.125
149,149.0,0.125,0.125,0.125,0.125,0.125,0.125,0.125,0.125
150,150.0,0.125,0.125,0.125,0.125,0.125,0.125,0.125,0.125
151,151.0,0.125,0.125,0.125,0.125,0.125,0.125,0.125,0.125
152,152.0,0.125,0.125,0.125,0.125,0.125,0.125,0.125,0.125
153,153.0,0.125,0.125,0.125,0.125,0.125,0.125,0.125,0.125
154,154.0,0.125,0.125,0.125,0.125,0.125,0.125,0.125,0.125
155,155.0,0.125,0.125,0.125,0.125,0.125,0.125,0.125,0.125
156,156.0,0.125,0.125,0.125,0.125,0.125,0.125,0.125,0.125
157,157.0,0.125,0.125,0.125,0.125,0.125,0.125,0.125,0.125
158,158.0,0.125,0.125,0.125,0.125,0.125,0.125,0.125,0.125
159,159.0,0.125,0.125,0.125,0.125,0.125,0.125,0.125,0.125
160,160.0,0.125,0.125,0.125,0.125,0.125,0.125,0.125,0.125
161,161.0,0.125,0.125,0.125,0.125,0.125,0.125,0.125,0.125
162,162.0,0.125,0.125,0.125,0.125,0.125,0.125,0.125,0.125
163,163.0,0.125,0.125,0.125,0.125,0.125,0.125,0.125,0.125
164,164.0,0.125,0.125,0.125,0.125,0.125,0.125,0.125,0.125
165,165.0,0.125,0.125,0.125,0.125,0.125,0.125,0.125,0.125
166,166.0,0.125,0.125,0.125,0.125,0.125,0.125,0.125,0.125
167,167.0,0.125,0.125,0.125,0.125,0.125,0.125,0.125,0.125
168,168.0,0.125,0.125,0.125,0.125,0.125,0.125,0.125,0.125
169,169.0,0.125,0.125,0.125,0.125,0.125,0.125,0.125,0.125
170,170.0,0.125,0.125,0.125,0.125,0.125,0.125,0.125,0.125
171,171.0,0.125,0.125,0.125,0.125,0.125,0.125,0.125,0.125
172,172.0,0.125,0.125,0.125,0.125,0.125,0.125,0.125,0.125
173,173.0,0.125,0.125,0.125,0.125,0.125,0.125,0.125,0.125
174,174.0,0.125,0.125,0.125,0.125,0.125,0.125,0.125,0.125
175,175.0,0.125,0.125,0.125,0.125,0.125,0.125,0.125,0.125
176,176.0,0.125,0.125,0.125,0.125,0.125,0.125,0.125,0.125
177,177.0,0.125,0.125,0.125,0.125,0.125,0.125,0.125,0.125
178,178.0,0.125,0.125,0.125,0.125,0.125,0.125,0.125,0.125
179,179.0,0.125,0.125,0.125,0.125,0.125,0.125,0.125,0.125
180,180.0,0.125,0.125,0.125,0.125,0.125,0.125,0.125,0.125
181,181.0,0.125,0.125,0.125,0.125,0.125,0.125,0.125,0.125
182,182.0,0.125,0.125,0.125,0.125,0.125,0.125,0.125,0.125
183,183.0,0.125,0.125,0.125,0.125,0.125,0.125,0.125,0.125
184,184.0,0.125,0.125,0.125,0.125,0.125,0.125,0.125,0.125
185,185.0,0.125,0.125,0.125,0.125,0.125,0.125,0.125,0.125
186,186.0,0.125,0.125,0.125,0.125,0.125,0.125,0.125,0.125
187,187.0,0.125,0.125,0.125,0.125,0.125,0.125,0.125,0.125
188,188.0,0.125,0.125,0.125,0.125,0.125,0.125,0.125,0.125
189,189.0,0.125,0.125,0.125,0.125,0.125,0.125,0.125,0.125
190,190.0,0.125,0.125,0.125,0.125,0.125,0.125,0.125,0.125
191,191.0,0.125,0.125,0.125,0.125,0.125,0.125,0.125,0.125
192,192.0,0.125,0.125,0.125,0.125,0.125,0.125,0.125,0.125
193,193.0,0.125,0.125,0.125,0.125,0.125,0.125,0.125,0.125
194,194.0,0.125,0.125,0.125,0.125,0.125,0.125,0.125,0.125
195,195.0,0.125,0.125,0.125,0.125,0.125,0.125,0.125,0.125
196,196.0,0.125,0.125,0.125,0.125,0.125,0.125,0.125,0.125
197,197.0,0.125,0.125,0.125,0.125,0.125,0.125,0.125,0.125
198,198.0,0.125,0.125,0.125,0.125,0.125,0.125,0.125,0.125
199,199.0,0.125,0.125,0.125,0.125,0.125,0.125,0.125,0.125
200,200.0,0.1247222222222222,0.1247222222222222,0.1247222222222222,0.1269444444444444,0.1247222222222222,0.1247222222222222,0.1247222222222222,0.1247222222222222
201,201.0,0.1241694444444444,0.1241694444444444,0.1252805555555555,0.1285916666666666,0.1241694444444444,0.1252805555555555,0.1241694444444444,0.1241694444444444
202,202.0,0.1245135833333333,0.1235135833333333,0.1257246944444444,0.1299826944444444,0.1235135833333333,0.1257246944444444,0.1235135833333333,0.1235135833333333
203,203.0,0.1247503947222222,0.1227603947222222,0.1260505058333333,0.1312181258333333,0.1227603947222222,0.1259393947222222,0.1227603947222222,0.1237603947222222
204,204.0,0.1248493543583333,0.1218882543583333,0.1262276754694444,0.1333733883805555,0.1218882543583333,0.1260065643583333,0.1218882543583333,0.1238782543583333
205,205.0,0.1248093689316944,0.1209038899316944,0.1262554069428055,0.1353210574559167,0.1209038899316944,0.1270375069428055,0.1209038899316944,0.1238649899316944
206,206.0,0.1246586216917358,0.1198422563817358,0.1261622556438469,0.1369651934936269,0.1198422563817358,0.1289394246438469,0.1198422563817358,0.1237477353817358
207,207.0,0.1242319185144113,0.1185439191785112,0.1268945746961235,0.1382419306592966,0.1185439191785112,0.1316395341061235,0.1185439191785112,0.1233602844885113
208,208.0,0.1232565873164406,0.1169382894202221,0.1281643421439223,0.1388861806474973,0.1178319064414987,0.1346463170146164,0.1177409973505896,0.122535379665213
209,209.0,0.1219936033802597,0.1150898291448513,0.1291341157220623,0.1389845473731088,0.1168692468380204,0.1389824764414594,0.1166883377471113,0.1222578433531266
210,210.0,0.1206018000266073,0.1131597520531625,0.1298519855400034,0.1388454451777992,0.1157171607674046,0.1445049199393494,0.1155388789492227,0.1217800575464507
211,211.0,0.1209538369266268,0.1111959834681671,0.1303591733987963,0.1380443893759911,0.1145083927893521,0.1494539305303385,0.1143342583348066,0.1211500351759213
212,212.0,0.1209428775070184,0.109094185347701,0.1312128289069212,0.1369513179320845,0.1130575963212847,0.1555127138245595,0.112964693414315,0.1202637867461156
213,213.0,0.1207575535591519,0.1076150934869807,0.1319340456389461,0.1355606839877927,0.1114169268533174,0.1610513886149299,0.1115772665716343,0.1200870412872468
214,214.0,0.1213849857464734,0.1059865456078613,0.1323958373798678,0.1344573307309086,0.1095923566040087,0.1664518662501692,0.1100586950450036,0.1196723826357073
215,215.0,0.1220299318258985,0.1044749376261387,0.1328118364036951,0.1333444427461393,0.1077547527140238,0.171665005034675,0.1086295867103917,0.1192895069390379
216,216.0,0.123339418584119,0.1030711086989231,0.1331675912529378,0.1316600918622135,0.1060102736529051,0.1754323636160606,0.1083938145100869,0.1189253378227539
217,217.0,0.125852330223696,0.1028451468884123,0.1306850980641894,0.1299370296353402,0.1043229489119051,0.1795824355297978,0.1081901191199266,0.1185848916267325
218,218.0,0.1286998680441505,0.1024137512983848,0.127863702082057,0.1278472663635849,0.1024758134929409,0.1834408621199969,0.1093051115656972,0.1179536250331877
219,219.0,0.1318604758895722,0.1018847223430038,0.1250226674179918,0.1267115760223596,0.099939740341919,0.187692294859681,0.1103839793775543,0.1165045437479183
220,220.0,0.1349946024694384,0.1013172612319413,0.122042295024177,0.1260261203989075,0.0974023483391178,0.1912323797356683,0.1120602625518041,0.1149247302489454
221,221.0,0.1377063220014048,0.1007472970049185,0.1189927069020193,0.1260124845636638,0.0949156415438423,0.194728980957838,0.1136268655060219,0.1132697015202913
222,222.0,0.1399294638508883,0.0999420873143503,0.1157887437880848,0.1257603264717407,0.0932042041514401,0.1979835072226681,0.1159536140306428,0.1114380531701849
223,223.0,0.1420154018423897,0.1000397744600623,0.1137773777621854,0.1255525855862912,0.0916460074339317,0.2006760046016282,0.1166387008308551,0.1096541474826562
224,224.0,0.1432316191432567,0.100396441321161,0.1121461433165538,0.1255706106660775,0.090425022361558,0.2030184615738052,0.1181092483045889,0.1071024533129987
225,225.0,0.1431227391693574,0.1017221670470407,0.1116813886332974,0.1258169029390363,0.0894900506408424,0.2037039927416907,0.1196747854625351,0.1047879733662
226,226.0,0.1427050610806081,0.102965313302489,0.111340156782467,0.1259675547145027,0.0886276182096036,0.2049521246847244,0.1210510004555356,0.1023911707700694
227,227.0,0.142085953215606,0.1048263859505873,0.1109938526151282,0.1260534847212455,0.0878125061105301,0.2060777903026788,0.1221398694426132,0.1000101576416106
228,228.0,0.1406634322957875,0.1074115993556854,0.1107502013453167,0.1261662742155164,0.0871341018108427,0.2069367226548864,0.1231667482159123,0.0977709201060524
229,229.0,0.1392001051288726,0.1099569363922814,0.1106265573461609,0.1252558639323742,0.0866107017237829,0.2077507603231543,0.1248922190237299,0.0957068561296435
230,230.0,0.1376444017284563,0.112413916674845,0.110541872447803,0.1248991083553223,0.0868760412604603,0.2074757304211718,0.1263981239984919,0.0937508051134491
231,231.0,0.1360747127263651,0.1147162353837595,0.1105542107457496,0.1244825748125264,0.0872582580115881,0.2070119007069965,0.1279369853669326,0.091965122246082
232,232.0,0.1345182314701836,0.1169601833866966,0.1106768418167193,0.1241173548488491,0.0877529064804514,0.2061301713912661,0.1294638223212545,0.0903804882845792
233,233.0,0.1314034230425384,0.1201367859122873,0.110988467424527,0.1243273014617822,0.0885272488244747,0.2054261412695675,0.1301070300350265,0.0890836020297962
234,234.0,0.1281624052334677,0.1227573572628342,0.1119014239807194,0.1242868244050395,0.0901984015290093,0.2044246270312718,0.1304902365770261,0.0877787239806317
235,235.0,0.1249347146537102,0.1249789963075378,0.1127980971765446,0.1242158763106614,0.0917995324705192,0.2039684599959892,0.1307301154935161,0.086574207591521
236,236.0,0.1218007460355827,0.1280614815348871,0.1137205991655315,0.1241676643128059,0.0924205336147929,0.203419411619266,0.1308880513073332,0.0855215124098005
237,237.0,0.1187824668691034,0.1309879034743439,0.114657122048474,0.1241403969217993,0.0930532079301111,0.2027922605190133,0.1309706589706063,0.0846159832665482
238,238.0,0.115770927774525,0.1348616012733526,0.1154293916718773,0.1238107098582715,0.0935614016387409,0.2020875603400585,0.1307540118200712,0.0837243956231026
239,239.0,0.1136262861301349,0.1386498736397838,0.1160377759081133,0.1233083483852639,0.0939508503675684,0.2005005783600267,0.1303603476277073,0.0835659395814014
240,240.0,0.1114263915438334,0.1421868786596705,0.1164505102482318,0.1226168783131115,0.0949083413494751,0.1993068937936896,0.1297685002401988,0.083335605851789
241,241.0,0.1100837857107,0.1447954796339339,0.1165510911544124,0.1216460461662474,0.0960603554273335,0.1983372298122805,0.1288853801619852,0.0836406319331067
242,242.0,0.1085955510552705,0.147205274885911,0.116350611794038,0.1204947776481474,0.0976101545416797,0.1981053163157582,0.1278083955356234,0.0838299182235712
243,243.0,0.1069056881340421,0.149538372318215,0.1163764191839198,0.1187475884492332,0.0989629040219793,0.1982127844643442,0.1269548048874521,0.0843014385408138
244,244.0,0.1052770054605234,0.1526556970713104,0.1170495672146302,0.1171759043059066,0.1002082712644254,0.1989385192735578,0.1243428238117655,0.0843522115978802
245,245.0,0.1036624150749915,0.1551600959595904,0.1183120608441834,0.1154451269668471,0.1007899772504331,0.2000160452514635,0.1216718621393638,0.0849424165131267
246,246.0,0.1021793398551893,0.1571620512417295,0.1200163364635533,0.113762038848584,0.101875484445424,0.2004572655233879,0.1190195214416365,0.085527962180495
247,247.0,0.1008294590367419,0.1591917877255204,0.1216011731175646,0.1121387019102202,0.1028741458918439,0.200850810221916,0.1164104630280932,0.0861034590680992
248,248.0,0.0996366361982244,0.1615776231148145,0.1224670523011253,0.1106090586136758,0.1038083437606122,0.201887862334595,0.1133018981708599,0.0867115255060923
249,249.0,0.0977861963341318,0.163689010733796,0.1240047750720089,0.1090123693610676,0.1046335157641395,0.2026853672655498,0.110262608260917,0.0879261572083888
250,250.0,0.0954647891914284,0.1657459288653361,0.1260239986543755,0.1074978731906251,0.1056552458652303,0.2043639022919173,0.1073511346560931,0.0878971272849937
251,251.0,0.0932121691160518,0.1673842464425605,0.1276783425929208,0.1059507278178917,0.1070333425950047,0.2064693816826364,0.1044907540085742,0.0877810357443596
252,252.0,0.0910692403713975,0.1695439828287887,0.1290495161185239,0.1043180776467023,0.1075173145604582,0.2084214829113796,0.10252386839213,0.0875565171706194
253,253.0,0.0890097156058198,0.1718489533273931,0.1307338816260235,0.1031523839379404,0.1078017190384922,0.2097190290722925,0.1005128048751844,0.0872215125168538
254,254.0,0.0871015772232464,0.1739055476704472,0.1329166353952817,0.1024743355366303,0.1079888080519537,0.2101501813251,0.0986167668055576,0.0868461479917827
255,255.0,0.0852751132441547,0.1755340886873806,0.1352943681020881,0.1021334086643578,0.1078657287085881,0.2101751921289737,0.0973576672750005,0.086364433189456
256,256.0,0.0835193763895901,0.1765248270959845,0.1377549765398802,0.1020819112085232,0.1074453181460423,0.2098135242814846,0.0961010509930299,0.0867590153454649
257,257.0,0.081838077716531,0.1773573375147661,0.1402037052355168,0.1019926058093429,0.1073109835427971,0.2084851570280064,0.0952931673481759,0.0875189658048635
258,258.0,0.0802372077229019,0.1780016798411279,0.1431392826069806,0.1023476488885068,0.1069788656040303,0.2067005993886355,0.0944459735683343,0.0881487423794823
259,259.0,0.078684687382173,0.1794286824753956,0.1457515451333114,0.1026499193997749,0.1064846505631059,0.2047686778183964,0.0936175420319936,0.0886142951958489
260,260.0,0.0771673057687893,0.181346340168301,0.1488190237605204,0.1027207644555813,0.1058233961345205,0.2025737616969755,0.0926664501539781,0.0888829578613335
261,261.0,0.0757710079975004,0.1830399967077022,0.1528765534560024,0.1026521849428179,0.1050968706393431,0.1997078247161638,0.0917821806778218,0.089073380862648
262,262.0,0.0742905780504819,0.1844194172665077,0.1568957010491427,0.1034931973548051,0.1042230810210804,0.1966789575684669,0.0908872389057096,0.0891118287838054
263,263.0,0.072933804326435,0.1862341891829776,0.160329022116295,0.1043289177842726,0.1033102334145482,0.1936163844857501,0.0900762123666164,0.0891712363231047
264,264.0,0.0716889423040182,0.187961510209181,0.1635857400594228,0.1051395183593538,0.1023565219174323,0.1908751579992796,0.0892492930797661,0.0891433160715458
265,265.0,0.0706378543330012,0.189945541770022,0.1668977627106235,0.1060000099594449,0.1009917786486413,0.1878353221954567,0.0885748664904338,0.0891168638923764
266,266.0,0.0698384070115276,0.1902622487843853,0.1704814872281465,0.1066736766171539,0.0997554439979506,0.1851182167614789,0.0881292766603634,0.0897412429389935
267,267.0,0.0691370215697491,0.1898902291002741,0.1746261656882271,0.1071701129530474,0.099036947061422,0.1823039404484199,0.0875526817797881,0.0902829013990719
268,268.0,0.0685949450674735,0.1890915642961864,0.1781994379602147,0.1075782066477638,0.098273625852491,0.1799326720437713,0.0879027423939338,0.0904268057381651
269,269.0,0.0671968835927663,0.1887640750983497,0.1815709402539878,0.1081008750912718,0.0964590593239857,0.1783215478941744,0.0891127263867355,0.0904738923587285
270,270.0,0.0658567298386716,0.1883085603843913,0.1845565688412881,0.1093049784745415,0.0946310277448983,0.1768052315804216,0.0901878653565845,0.0903490377792027
271,271.0,0.0645844518947175,0.1877521615742439,0.1878809179878268,0.1103654368465598,0.0928115152601264,0.1753917628061144,0.0911387442456206,0.0900750093847902
272,272.0,0.0635263286581358,0.1876452056589727,0.1906776244998034,0.1119758043729886,0.0911549871344081,0.1732353308173382,0.0919283714774358,0.0898563473809171
273,273.0,0.062568377312786,0.1876242319243318,0.1932917679715512,0.1135172681276258,0.0891260862781185,0.1716039266193371,0.0926199752727255,0.0896483664935238
274,274.0,0.0618631016614596,0.187060831144026,0.1957373478931214,0.1150273172941937,0.0872282328941174,0.1702651371214007,0.0933532278297051,0.0894648041619759
275,275.0,0.0612835881616135,0.1864442033572131,0.1985246417738034,0.1153472091792375,0.0854517213239393,0.1689767752519161,0.0934416276973625,0.0905302332549142
276,276.0,0.0607271177609272,0.1863289777177558,0.2014965752339819,0.1153855224538889,0.0836188550603884,0.168067811479172,0.092953634996008,0.0914215052978774
277,277.0,0.0602438141875695,0.18700581248669,0.2040813515026649,0.1156255996704005,0.0818797329703396,0.1672743962880814,0.0916578313118926,0.0922314615823611
278,278.0,0.0598725783217677,0.1869787942091821,0.206733366590349,0.1156254965473645,0.0801860355536632,0.1668132763375686,0.0902834487121675,0.0935070037279371
279,279.0,0.0595712346640201,0.1869021205394349,0.2094818830070166,0.1154609674111481,0.078604976242036,0.1663603978545724,0.088906422618559,0.0947119976632126
280,280.0,0.0593467127631057,0.1867930441195446,0.2119258755381721,0.1152444925790637,0.0771523915468061,0.1660128584729056,0.0875639052528873,0.0959607197275144
281,281.0,0.059185845592216,0.1868399535779303,0.2145021629383621,0.1144495366527661,0.0764658824953407,0.1656673190194195,0.0862584431325912,0.0966308565913736
282,282.0,0.0590665608572456,0.187038625115797,0.2168037905283715,0.1132002664640506,0.0757628561720794,0.1659451520925477,0.0849955945618412,0.0971871542080665
283,283.0,0.0589709446859936,0.1870851875244096,0.2187291056106672,0.1118241386206338,0.0750330029647912,0.166524938935924,0.0837404114189517,0.0980922702386286
284,284.0,0.0590280940554186,0.1886755936847586,0.2198543475167394,0.1105373122515107,0.074416310512437,0.1672750034995173,0.0825527518034468,0.0976605866761712
285,285.0,0.0591302112895692,0.1902276554772868,0.2214620059109329,0.1082411125158366,0.0739058027151528,0.1680682875928851,0.081792247241655,0.0971726772566812
286,286.0,0.0592765569720514,0.1917945623592382,0.2228187482167622,0.1059729810202609,0.0730205866974109,0.1689068370946721,0.0811031696905912,0.0971065579490127
287,287.0,0.0593436567526204,0.1932377470668177,0.2249333383184117,0.1037283601275103,0.0721464917004094,0.1688563557339788,0.0804611371200319,0.0972929131802194
288,288.0,0.0595312868938247,0.1946107599829807,0.2267978007717364,0.1015479197853032,0.0713688674638538,0.1688174831373812,0.0798871446910001,0.0974387372739194
289,289.0,0.0609016240546626,0.1964699529354895,0.2273035205185832,0.0991002481105311,0.0706435603553304,0.1692088554903748,0.0793643005413538,0.0970079379936742
290,290.0,0.0622232640300221,0.1980581525397529,0.227614528105712,0.0966893461784764,0.0699569119490927,0.1701689847002878,0.0788532289768128,0.0964355835198429
291,291.0,0.0635457714933978,0.1995546149764451,0.227736830806906,0.0943966015923914,0.0693653304605473,0.1711411697931417,0.0784112710560848,0.0958484098210856
292,292.0,0.0649092121427624,0.2012444992708498,0.2279470044245167,0.0921955944940388,0.0685982562138723,0.1716440377953297,0.0785655029915944,0.0948958926670354
293,293.0,0.0662129459488837,0.2030629946879327,0.2279265695494782,0.0900451570303974,0.0678430185682291,0.1723593429332926,0.0786951796975515,0.0938547915842345
294,294.0,0.0663455866645746,0.2061705038092255,0.227736466265307,0.0879204071691289,0.0671122131048935,0.1731301985744529,0.0788317786449529,0.0927528457674644
295,295.0,0.0664327363081371,0.209121154809088,0.2273727835754528,0.0858867476891859,0.0664560968992135,0.1737605046082532,0.0793210443421959,0.0916489317684732
296,296.0,0.0663619255233051,0.2117289625652912,0.227067845739678,0.0848329917971661,0.0657576152204371,0.1741381713867675,0.0796840103917584,0.0904284773755962
297,297.0,0.0662489807882779,0.2142042855343955,0.2266059038966118,0.0838691077664631,0.0651273117601733,0.1747029183951395,0.0800277758436669,0.0892137160152716
298,298.0,0.0662425513506998,0.2171333344903764,0.2257346303535362,0.0834496784143227,0.0647079781364477,0.1747469695909019,0.0804929198310227,0.0874919378326922
299,299.0,0.0673763151582753,0.2223512750556469,0.2234339149542226,0.0827090549180755,0.0646178849758268,0.1727690702265303,0.0806771554659362,0.0860653292454861
300,300.0,0.0683042531004507,0.2272238772427537,0.221037984367036,0.0818783876508834,0.0645023814136779,0.1717075245635057,0.0807512851596297,0.0845943065020626
301,301.0,0.0690555230045519,0.2317506835378474,0.2185215639008211,0.0820419506518285,0.0643752533882184,0.170413256875562,0.0807337850580831,0.0831079835830871
302,302.0,0.0697580868857726,0.2355123836351935,0.2158465194477681,0.0827276653356872,0.0640752259483406,0.1692149967823655,0.0813168298636296,0.0815482921012425
303,303.0,0.0704062085021205,0.2389954712375143,0.213281300525041,0.0834994275334109,0.0638252762116287,0.1680247281840322,0.081895750847777,0.0800718369584751
304,304.0,0.0709979240521519,0.2421926457140863,0.2107575096625373,0.0844288146392922,0.0636223662984089,0.1668517009935239,0.0824646415760996,0.0786843970638995
305,305.0,0.0716078024373094,0.2444183826918126,0.2083700449840894,0.0854855192061809,0.063539057686681,0.1657798546668283,0.0833332869778741,0.0774660513492238
306,306.0,0.0721695278619399,0.2463646981608271,0.2060819261782363,0.0865850471169064,0.0635016307084558,0.1647611699424347,0.0841851215029957,0.0763508785282037
307,307.0,0.0726822983678497,0.2480400711173109,0.203906099845777,0.0877121207579776,0.0635058714701652,0.1638005175073571,0.0850133078938783,0.0753397130396837
308,308.0,0.0734453045412747,0.2496088756803821,0.2008033114529132,0.0891521376193721,0.0638469935896215,0.1621116573669712,0.0861113518994599,0.0749203678500049
309,309.0,0.0741792904465507,0.2509965782834096,0.1978324914708233,0.0899934400010097,0.0641461052522488,0.1610218145543869,0.0872141565147434,0.0746161234768274
310,310.0,0.0748334953987948,0.2521691443393324,0.1953157329641998,0.0907707929500109,0.0644526626466623,0.1598628280795429,0.0882298786015041,0.0743654650199526
311,311.0,0.0755764769363749,0.2531824929296707,0.193861558194776,0.0910535684351279,0.0657929112435278,0.1572635919329824,0.089049829418715,0.0742195709088251
312,312.0,0.076347690521714,0.2539629731867754,0.1924931448473612,0.0913202648113746,0.0680009707256337,0.1547494196869615,0.0900245334320011,0.0731010027881783
313,313.0,0.0775152140837,0.2543843104056489,0.1914857923213492,0.0914969488812052,0.0699773852402648,0.1522778025063325,0.0908702754078545,0.0719922711536447
314,314.0,0.0783908457034298,0.2547934221274837,0.1903734965974813,0.0920173657407259,0.0716734360196818,0.1499336767826417,0.0920204986421205,0.070797258386435
315,315.0,0.0790350860012053,0.2562011481873165,0.1892149479420606,0.0922143750583199,0.0732033493893802,0.1477730246249281,0.0927845520801203,0.0695735167166689
316,316.0,0.079584407544441,0.2578245811402013,0.1881710650584518,0.0923356749044367,0.0746384278634648,0.145605545249348,0.0934341538815266,0.0684061443581296
317,317.0,0.0807560881053508,0.2594971566831101,0.1870466057171388,0.0916954078344604,0.0759818135286785,0.1437264331171068,0.0939938010354455,0.0673026939787089
318,318.0,0.0816751460052302,0.2616859414409136,0.1860627605584601,0.0910362571215778,0.0771011593530577,0.1418299025678499,0.0944041695560121,0.0662046633968983
319,319.0,0.0824984457125338,0.2639721009434138,0.1856717786453769,0.0903752417073573,0.0778102788064536,0.1399941918642511,0.0944911630809401,0.0651867992396732
320,320.0,0.0832091009554908,0.2663532038813653,0.1855734936204231,0.0896491863700143,0.0783528990408634,0.1381726001006003,0.0944716859096177,0.0642178301216249
321,321.0,0.0831437494286888,0.2683233531198256,0.1853144890701926,0.088869488857027,0.0787393395611549,0.1375183532971369,0.094790052243546,0.0633011744224281
322,322.0,0.0830013648640585,0.2701420648758568,0.1850975763157684,0.0880685574987269,0.0790451254339262,0.1371460730422187,0.0950382652864643,0.0624609726829802
323,323.0,0.0835465089231612,0.2723849418100015,0.1853127089989633,0.0873042210693715,0.0793198676916661,0.1363613953636041,0.0940252459395906,0.0617451102036414
324,324.0,0.0839011456506829,0.2744812689158765,0.1852065042245479,0.0864663349231459,0.0794932450409106,0.1355223783937369,0.0938941579112714,0.0610349649398276
325,325.0,0.0841595353651913,0.2765934408465422,0.1850685843166715,0.0856030532760247,0.0795345687391397,0.1349796321077391,0.0936909398267668,0.0603702455219243
326,326.0,0.083772846531547,0.2788281067212736,0.185316832845422,0.0842933029039012,0.0796009611594685,0.1347263668119366,0.0935904263747009,0.0598711566517498
327,327.0,0.083314444419808,0.2810256488604443,0.1855858119152906,0.0830079264380007,0.0795584255687376,0.134631352387389,0.0934449769913292,0.0594314134190002
328,328.0,0.0828900833582988,0.2833135715098408,0.1846931755293894,0.0825184150703577,0.0794643445899909,0.1348718089961166,0.0931524500562994,0.0590961508897059
329,329.0,0.0823070657923948,0.2853075451160365,0.1839744184081738,0.0819328778301331,0.0798833112949991,0.1352387945664849,0.0926087043341321,0.0587472826576454
330,330.0,0.0817013704669407,0.2870957033704314,0.1833456353922352,0.0813799455124775,0.0802589493319181,0.135794350142867,0.0920458841807379,0.058378161602392
331,331.0,0.0810708910744773,0.289061027308468,0.1827030592805331,0.0808551185689223,0.080283497883909,0.1365002162050264,0.0914639416552218,0.0580622480234418
332,332.0,0.0806690957985504,0.2888300810103674,0.1822954222044869,0.0808502736779565,0.0814797374208666,0.1368967656456053,0.0911004153557762,0.0578782088863904
333,333.0,0.0802994396892726,0.2885924360751981,0.1816133171913747,0.0813444648622982,0.082663237212284,0.1372677810544232,0.0904386339467333,0.0577806899684156
334,334.0,0.0798399438530969,0.2881034598867396,0.1808517132034261,0.0825862701379955,0.0836100656059172,0.1374836897608404,0.0898855527524092,0.0576393047995747
335,335.0,0.0794711673950638,0.2883279611335593,0.1803220773620243,0.0839227508336053,0.0845871537237223,0.1377415673530047,0.0880444146330005,0.0575829075660195
336,336.0,0.0789910086711218,0.2888505618087307,0.1800045208213114,0.0851080386219659,0.0853845795540903,0.138048302106145,0.0861194415515616,0.057493546865073
337,337.0,0.0785096641620414,0.2891724544068764,0.179577032751184,0.0866551762221793,0.0861037721855295,0.1383559036156937,0.0841959188796061,0.0574300777768892
338,338.0,0.0784162966606581,0.2893085677327945,0.1790510350314387,0.0881363534309044,0.0867449783962337,0.1384721453302468,0.0824804622020346,0.0573901612156889
339,339.0,0.0783372403888104,0.2893418552895814,0.1785346773614244,0.0895674226762519,0.0873199368599177,0.1386964919694987,0.0808236763264788,0.0573786991280364
340,340.0,0.0782617719271238,0.2893912315384906,0.1780598123027853,0.0909415798193188,0.0878062123942797,0.1389146117468939,0.0792387577887056,0.057386022482402
341,341.0,0.0778175765564885,0.2893593557525827,0.1780235593914903,0.0922626792608075,0.0882316200607178,0.139136850912749,0.0777462738022191,0.0574220842629449
342,342.0,0.0774722809044213,0.2892778499729803,0.1780159028112501,0.0931406486773124,0.0877690597970309,0.1401507262852011,0.0764175501004188,0.0577559814513848
343,343.0,0.0771349903615646,0.2892301541525329,0.1780400711798882,0.0939426564954645,0.0872333629520927,0.1411434841851525,0.0751781027071211,0.0580971779661832
344,344.0,0.076736788499852,0.2890517043327017,0.1780475925327454,0.0944966265206636,0.0864754012968113,0.1429584438705919,0.0738713321705982,0.0583621107760357
345,345.0,0.0763799372408304,0.2888979049029532,0.1777175166258988,0.0954460229267583,0.0857084240990595,0.1444559017130317,0.0727319508231839,0.058662341668284
346,346.0,0.0759371905591218,0.2885777272394001,0.1776852377511662,0.0965505058531922,0.0848855377323054,0.1458027686589879,0.0716281940433384,0.0589328381624878
347,347.0,0.0754884617302312,0.2885998701104587,0.1775186294549224,0.0974916771757771,0.084017282926566,0.1470496769500059,0.0705762431257274,0.0592581585263112
348,348.0,0.0750621606342837,0.2886286432907669,0.1773764527186527,0.0983498489830904,0.0831487022743723,0.1482288731876104,0.0696285968971388,0.0595767220140847
349,349.0,0.0746599076196828,0.288665695297796,0.1772572862644611,0.0991241396746942,0.0822883142222609,0.1493349367255053,0.0687841014063255,0.0598856187892741
350,350.0,0.0742791107932938,0.2886795636566701,0.1772371119265435,0.0998041451840391,0.081427594037717,0.1503599105831363,0.0680340468783602,0.0601785169402398
351,351.0,0.0739210425758606,0.2884549904915532,0.1772326715762457,0.1003917141168602,0.0805744022784319,0.1515953817083137,0.067376099833539,0.0604536974191957
352,352.0,0.0731249861766925,0.2880496758003327,0.1773067273958128,0.1009597021506029,0.079935494455396,0.1529741976248489,0.0668747450302569,0.0607744713660573
353,353.0,0.0723203894573548,0.2879150667321552,0.1775600210546307,0.1014008918065085,0.0792244124740308,0.1541364073186218,0.0664101007065831,0.0610327104501151
354,354.0,0.0715153310199828,0.2874969100407734,0.1778038576988805,0.1019039888618947,0.0789816534080953,0.1550855121628963,0.065981706837324,0.0612310399701529
355,355.0,0.0707917539637514,0.2872815289929011,0.1772193374572562,0.1025384481145358,0.0788131070622094,0.1559044261073897,0.0658257287415532,0.0616256695604031
356,356.0,0.0700840463177089,0.2868658002710423,0.1766184935654136,0.1030716180210376,0.0785713293162158,0.1566001330468177,0.0657174119913779,0.0624711674703863
357,357.0,0.0694210026927115,0.2864897319703321,0.1758536998741361,0.1035314104248081,0.0784598144113411,0.1572011112201514,0.0656765679627106,0.0633666614438092
358,358.0,0.0687978234172248,0.2861099271504552,0.1751251401736329,0.1039041458337035,0.0783691843972761,0.1578040946399769,0.0656774034608321,0.0642122809268986
359,359.0,0.0682701258817509,0.2858097680241327,0.174336255892014,0.1045238263421823,0.0782022393863231,0.1582118682671912,0.0656903791038545,0.0649555371025512
360,360.0,0.0679665191444226,0.2859794400679443,0.1737388054677867,0.1043275086071696,0.0781745155265734,0.1580730259115375,0.0659290467036787,0.0658111385708872
361,361.0,0.0676763576515313,0.2860324758433273,0.1732039894355513,0.1040257412943862,0.0780722550180434,0.1578090191777463,0.0661774340712708,0.0670027275081435
362,362.0,0.0674027625369975,0.2859859236573193,0.1727006978748466,0.1037281600806132,0.0783242322306136,0.1573263422075333,0.0664460012453185,0.068085880166758
363,363.0,0.067155773713313,0.2861729185889722,0.1721787996676456,0.1035114498387541,0.0785058784935125,0.1567123161131225,0.0667133742710985,0.0690494893135816
364,364.0,0.0669442482311032,0.2863613674148814,0.1717505341728078,0.1032583697026408,0.0786988069704412,0.1560414449033852,0.0669998274273745,0.0699454011773659
365,365.0,0.067028780764732,0.2863463410189062,0.1714077353209799,0.102967137750108,0.0788846012026446,0.1553094362330361,0.0672925893226443,0.0707633783869489
366,366.0,0.0671305068680583,0.2865831877422138,0.1711170105096912,0.1026678881596156,0.0790671158284696,0.1543176604383816,0.0676023852721812,0.0715142451813886
367,367.0,0.0672561994960703,0.2866418784915922,0.1709822784682117,0.1023509948324296,0.0789730725650821,0.1532440458597506,0.0679115204675021,0.0726400098193613
368,368.0,0.0673846992273162,0.2869302249149953,0.1708446061122184,0.1019854848521997,0.0788144499843794,0.1521407878191239,0.0682045159564323,0.0736952311333348
369,369.0,0.067523972782516,0.2872784413292029,0.170735332371685,0.1016078764923282,0.078650393299707,0.1510412195930319,0.0684935474590954,0.0746692166724335
370,370.0,0.0676708933833097,0.2876803418730563,0.1706523817922644,0.1012228273441718,0.078408900416131,0.1499553112218693,0.0687757927288853,0.0756335512403122
371,371.0,0.0678145376615059,0.2881275862445243,0.1705705535930929,0.1008297821826763,0.0781619105836203,0.1489461248262652,0.0690434214299924,0.0765060834783226
372,372.0,0.0688468405506573,0.2883988362735417,0.1706275007460405,0.1003298330191226,0.0778031220404925,0.1477937490755274,0.069186070517049,0.0770140477775691
373,373.0,0.0696882422150977,0.2885530165372806,0.1706202603884033,0.0997215813080476,0.0773577396989457,0.1475120974679716,0.0692113625763909,0.0773356998078625
374,374.0,0.0705150148939655,0.2886898217751887,0.1706834228776372,0.0991243961676845,0.0769256422326355,0.1472581884042841,0.0692253019290822,0.0775782117195222
375,375.0,0.0711814256323254,0.2886989906464831,0.1706957346535248,0.0993133555105908,0.0764401268217726,0.1468296381072264,0.0691605766067917,0.0776801520212852
