,Unnamed: 0,Total_iterations,Intertwine_two,Add_vertex,Delete_vertex,Invert_path_vertices,Insert_inside_vertex,Delete_inside_vertex,Replace_inside_vertex,Donate_between_routes
0,0.0,0.0,0.125,0.125,0.125,0.125,0.125,0.125,0.125,0.125
1,1.0,0.10900000000000001,0.125,0.125,0.125,0.125,0.125,0.125,0.125,0.125
2,2.0,0.31601,0.125,0.125,0.125,0.125,0.125,0.125,0.125,0.125
3,3.0,0.6191589000000001,0.125,0.125,0.125,0.125,0.125,0.125,0.125,0.125
4,4.0,1.015801321,0.125,0.125,0.125,0.125,0.125,0.125,0.125,0.125
5,5.0,1.50262148669,0.125,0.125,0.125,0.125,0.125,0.125,0.125,0.125
6,6.0,2.0757334209441005,0.125,0.125,0.125,0.125,0.125,0.125,0.125,0.125
7,7.0,2.7307768275633495,0.125,0.125,0.125,0.125,0.125,0.125,0.125,0.125
8,8.0,3.4630081252450404,0.125,0.125,0.125,0.125,0.125,0.125,0.125,0.125
9,9.0,4.2673862119061114,0.125,0.125,0.125,0.125,0.125,0.125,0.125,0.125
10,10.0,5.138652627782014,0.125,0.125,0.125,0.125,0.125,0.125,0.125,0.125
11,11.0,6.071405875792507,0.125,0.125,0.125,0.125,0.125,0.125,0.125,0.125
12,12.0,7.060169740244025,0.125,0.125,0.125,0.125,0.125,0.125,0.125,0.125
13,13.0,8.099455520847952,0.125,0.125,0.125,0.125,0.125,0.125,0.125,0.125
14,14.0,9.183818168183006,0.125,0.125,0.125,0.125,0.125,0.125,0.125,0.125
15,15.0,10.307906369102724,0.125,0.125,0.125,0.125,0.125,0.125,0.125,0.125
16,16.0,11.466506686239443,0.125,0.125,0.125,0.125,0.125,0.125,0.125,0.125
17,17.0,12.654581904800096,0.125,0.125,0.125,0.125,0.125,0.125,0.125,0.125
18,18.0,13.867303782456686,0.125,0.125,0.125,0.125,0.125,0.125,0.125,0.125
19,19.0,15.100080434523047,0.125,0.125,0.125,0.125,0.125,0.125,0.125,0.125
20,20.0,16.348578617037543,0.125,0.125,0.125,0.125,0.125,0.125,0.125,0.125
21,21.0,17.608741195130214,0.125,0.125,0.125,0.125,0.125,0.125,0.125,0.125
22,22.0,18.876800103462312,0.125,0.125,0.125,0.125,0.125,0.125,0.125,0.125
23,23.0,20.14928511992658,0.125,0.125,0.125,0.125,0.125,0.125,0.125,0.125
24,24.0,21.423028783545156,0.125,0.125,0.125,0.125,0.125,0.125,0.125,0.125
25,25.0,22.695167792966423,0.125,0.125,0.125,0.125,0.125,0.125,0.125,0.125
26,26.0,23.963141223515898,0.125,0.125,0.125,0.125,0.125,0.125,0.125,0.125
27,27.0,25.224685898775267,0.125,0.125,0.125,0.125,0.125,0.125,0.125,0.125
28,28.0,26.477829247520948,0.125,0.125,0.125,0.125,0.125,0.125,0.125,0.125
29,29.0,27.720879968916847,0.125,0.125,0.125,0.125,0.125,0.125,0.125,0.125
30,30.0,28.95241681848399,0.125,0.125,0.125,0.125,0.125,0.125,0.125,0.125
31,31.0,30.17127581490958,0.125,0.125,0.125,0.125,0.125,0.125,0.125,0.125
32,32.0,31.376536153543515,0.125,0.125,0.125,0.125,0.125,0.125,0.125,0.125
33,33.0,32.567505096778625,0.125,0.125,0.125,0.125,0.125,0.125,0.125,0.125
34,34.0,33.74370209472243,0.125,0.125,0.125,0.125,0.125,0.125,0.125,0.125
35,35.0,34.90484237192463,0.125,0.125,0.125,0.125,0.125,0.125,0.125,0.125
36,36.0,36.05082019768737,0.125,0.125,0.125,0.125,0.125,0.125,0.125,0.125
37,37.0,37.18169203889697,0.125,0.125,0.125,0.125,0.125,0.125,0.125,0.125
38,38.0,38.29765977559663,0.125,0.125,0.125,0.125,0.125,0.125,0.125,0.125
39,39.0,39.399054140870355,0.125,0.125,0.125,0.125,0.125,0.125,0.125,0.125
40,40.0,40.48631852820801,0.125,0.125,0.125,0.125,0.125,0.125,0.125,0.125
41,41.0,41.55999329152982,0.125,0.125,0.125,0.125,0.125,0.125,0.125,0.125
42,42.0,42.62070064560415,0.125,0.125,0.125,0.125,0.125,0.125,0.125,0.125
43,43.0,43.669130257815,0.125,0.125,0.125,0.125,0.125,0.125,0.125,0.125
44,44.0,44.70602560622662,0.125,0.125,0.125,0.125,0.125,0.125,0.125,0.125
45,45.0,45.73217116373481,0.125,0.125,0.125,0.125,0.125,0.125,0.125,0.125
46,46.0,46.748380453854836,0.125,0.125,0.125,0.125,0.125,0.125,0.125,0.125
47,47.0,47.755485010424316,0.125,0.125,0.125,0.125,0.125,0.125,0.125,0.125
48,48.0,48.7543242612326,0.125,0.125,0.125,0.125,0.125,0.125,0.125,0.125
49,49.0,49.745736344347726,0.125,0.125,0.125,0.125,0.125,0.125,0.125,0.125
50,50.0,50.730549855707864,0.125,0.125,0.125,0.125,0.125,0.125,0.125,0.125
51,51.0,51.70957651737491,0.125,0.125,0.125,0.125,0.125,0.125,0.125,0.125
52,52.0,52.68360474770151,0.125,0.125,0.125,0.125,0.125,0.125,0.125,0.125
53,53.0,53.65339410751842,0.125,0.125,0.125,0.125,0.125,0.125,0.125,0.125
54,54.0,54.61967059027847,0.125,0.125,0.125,0.125,0.125,0.125,0.125,0.125
55,55.0,55.58312271885972,0.125,0.125,0.125,0.125,0.125,0.125,0.125,0.125
56,56.0,56.544398407394254,0.125,0.125,0.125,0.125,0.125,0.125,0.125,0.125
57,57.0,57.504102543001395,0.125,0.125,0.125,0.125,0.125,0.125,0.125,0.125
58,58.0,58.462795239617805,0.125,0.125,0.125,0.125,0.125,0.125,0.125,0.125
59,59.0,59.42099071417639,0.125,0.125,0.125,0.125,0.125,0.125,0.125,0.125
60,60.0,60.379156734137354,0.125,0.125,0.125,0.125,0.125,0.125,0.125,0.125
61,61.0,61.337714584760846,0.125,0.125,0.125,0.125,0.125,0.125,0.125,0.125
62,62.0,62.29703950447439,0.125,0.125,0.125,0.125,0.125,0.125,0.125,0.125
63,63.0,63.257461537171835,0.125,0.125,0.125,0.125,0.125,0.125,0.125,0.125
64,64.0,64.21926675122782,0.125,0.125,0.125,0.125,0.125,0.125,0.125,0.125
65,65.0,65.18269877636592,0.125,0.125,0.125,0.125,0.125,0.125,0.125,0.125
66,66.0,66.14796061122655,0.125,0.125,0.125,0.125,0.125,0.125,0.125,0.125
67,67.0,67.11521665648885,0.125,0.125,0.125,0.125,0.125,0.125,0.125,0.125
68,68.0,68.08459493066005,0.125,0.125,0.125,0.125,0.125,0.125,0.125,0.125
69,69.0,69.05618942810752,0.125,0.125,0.125,0.125,0.125,0.125,0.125,0.125
70,70.0,70.03006258152917,0.125,0.125,0.125,0.125,0.125,0.125,0.125,0.125
71,71.0,71.00624779379335,0.125,0.125,0.125,0.125,0.125,0.125,0.125,0.125
72,72.0,71.98475200689319,0.125,0.125,0.125,0.125,0.125,0.125,0.125,0.125
73,73.0,72.96555827861411,0.125,0.125,0.125,0.125,0.125,0.125,0.125,0.125
74,74.0,73.94862834037681,0.125,0.125,0.125,0.125,0.125,0.125,0.125,0.125
75,75.0,74.93390511255946,0.125,0.125,0.125,0.125,0.125,0.125,0.125,0.125
76,76.0,75.92131515639825,0.125,0.125,0.125,0.125,0.125,0.125,0.125,0.125
77,77.0,76.91077104428919,0.125,0.125,0.125,0.125,0.125,0.125,0.125,0.125
78,78.0,77.90217363294813,0.125,0.125,0.125,0.125,0.125,0.125,0.125,0.125
79,79.0,78.89541422641172,0.125,0.125,0.125,0.125,0.125,0.125,0.125,0.125
80,80.0,79.89037661826481,0.125,0.125,0.125,0.125,0.125,0.125,0.125,0.125
81,81.0,80.88693900474995,0.125,0.125,0.125,0.125,0.125,0.125,0.125,0.125
82,82.0,81.88497576253909,0.125,0.125,0.125,0.125,0.125,0.125,0.125,0.125
83,83.0,82.88435908692391,0.125,0.125,0.125,0.125,0.125,0.125,0.125,0.125
84,84.0,83.88496048800103,0.125,0.125,0.125,0.125,0.125,0.125,0.125,0.125
85,85.0,84.88665214409042,0.125,0.125,0.125,0.125,0.125,0.125,0.125,0.125
86,86.0,85.88930811312994,0.125,0.125,0.125,0.125,0.125,0.125,0.125,0.125
87,87.0,86.89280540413424,0.125,0.125,0.125,0.125,0.125,0.125,0.125,0.125
88,88.0,87.89702491199675,0.125,0.125,0.125,0.125,0.125,0.125,0.125,0.125
89,89.0,88.90185221995306,0.125,0.125,0.125,0.125,0.125,0.125,0.125,0.125
90,90.0,89.90717827491419,0.125,0.125,0.125,0.125,0.125,0.125,0.125,0.125
91,91.0,90.91289994163006,0.125,0.125,0.125,0.125,0.125,0.125,0.125,0.125
92,92.0,91.91892044225806,0.125,0.125,0.125,0.125,0.125,0.125,0.125,0.125
93,93.0,92.92514968840067,0.125,0.125,0.125,0.125,0.125,0.125,0.125,0.125
94,94.0,93.93150451304501,0.125,0.125,0.125,0.125,0.125,0.125,0.125,0.125
95,95.0,94.93790881009448,0.125,0.125,0.125,0.125,0.125,0.125,0.125,0.125
96,96.0,95.94429358933806,0.125,0.125,0.125,0.125,0.125,0.125,0.125,0.125
97,97.0,96.9505969547639,0.125,0.125,0.125,0.125,0.125,0.125,0.125,0.125
98,98.0,97.9567640140995,0.125,0.125,0.125,0.125,0.125,0.125,0.125,0.125
99,99.0,98.96274672736057,0.125,0.125,0.125,0.125,0.125,0.125,0.125,0.125
100,100.0,99.96850370202192,0.125,0.125,0.125,0.125,0.125,0.125,0.125,0.125
101,101.0,100.97399994219691,0.125,0.125,0.125,0.125,0.125,0.125,0.125,0.125
102,102.0,101.97920655893245,0.125,0.125,0.125,0.125,0.125,0.125,0.125,0.125
103,103.0,102.98410044840509,0.125,0.125,0.125,0.125,0.125,0.125,0.125,0.125
104,104.0,103.98866394444643,0.125,0.125,0.125,0.125,0.125,0.125,0.125,0.125
105,105.0,104.99288445143917,0.125,0.125,0.125,0.125,0.125,0.125,0.125,0.125
106,106.0,105.99675406321822,0.125,0.125,0.125,0.125,0.125,0.125,0.125,0.125
107,107.0,107.0002691731872,0.125,0.125,0.125,0.125,0.125,0.125,0.125,0.125
108,108.0,108.0034300804274,0.125,0.125,0.125,0.125,0.125,0.125,0.125,0.125
109,109.0,109.00624059613932,0.125,0.125,0.125,0.125,0.125,0.125,0.125,0.125
110,110.0,110.00870765431864,0.125,0.125,0.125,0.125,0.125,0.125,0.125,0.125
111,111.0,111.01084093013685,0.125,0.125,0.125,0.125,0.125,0.125,0.125,0.125
112,112.0,112.01265246907188,0.125,0.125,0.125,0.125,0.125,0.125,0.125,0.125
113,113.0,113.01415632942268,0.125,0.125,0.125,0.125,0.125,0.125,0.125,0.125
114,114.0,114.01536824044418,0.125,0.125,0.125,0.125,0.125,0.125,0.125,0.125
115,115.0,115.01630527795908,0.125,0.125,0.125,0.125,0.125,0.125,0.125,0.125
116,116.0,116.0169855589429,0.125,0.125,0.125,0.125,0.125,0.125,0.125,0.125
117,117.0,117.01742795623892,0.125,0.125,0.125,0.125,0.125,0.125,0.125,0.125
118,118.0,118.01765183424293,0.125,0.125,0.125,0.125,0.125,0.125,0.125,0.125
119,119.0,119.01767680610413,0.125,0.125,0.125,0.125,0.125,0.125,0.125,0.125
120,120.0,120.01752251271817,0.125,0.125,0.125,0.125,0.125,0.125,0.125,0.125
121,121.0,121.01720842354362,0.125,0.125,0.125,0.125,0.125,0.125,0.125,0.125
122,122.0,122.01675365905109,0.125,0.125,0.125,0.125,0.125,0.125,0.125,0.125
123,123.0,123.0161768344173,0.125,0.125,0.125,0.125,0.125,0.125,0.125,0.125
124,124.0,124.01549592390272,0.125,0.125,0.125,0.125,0.125,0.125,0.125,0.125
125,125.0,125.01472814520056,0.125,0.125,0.125,0.125,0.125,0.125,0.125,0.125
126,126.0,126.01388986291661,0.125,0.125,0.125,0.125,0.125,0.125,0.125,0.125
127,127.0,127.0129965102319,0.125,0.125,0.125,0.125,0.125,0.125,0.125,0.125
128,128.0,128.01206252771334,0.125,0.125,0.125,0.125,0.125,0.125,0.125,0.125
129,129.0,129.0111013181695,0.125,0.125,0.125,0.125,0.125,0.125,0.125,0.125
130,130.0,130.01012521639834,0.125,0.125,0.125,0.125,0.125,0.125,0.125,0.125
131,131.0,131.0091454726403,0.125,0.125,0.125,0.125,0.125,0.125,0.125,0.125
132,132.0,132.0081722485317,0.125,0.125,0.125,0.125,0.125,0.125,0.125,0.125
133,133.0,133.00721462434865,0.125,0.125,0.125,0.125,0.125,0.125,0.125,0.125
134,134.0,134.0062806163404,0.125,0.125,0.125,0.125,0.125,0.125,0.125,0.125
135,135.0,135.00537720296956,0.125,0.125,0.125,0.125,0.125,0.125,0.125,0.125
136,136.0,136.00451035890612,0.125,0.125,0.125,0.125,0.125,0.125,0.125,0.125
137,137.0,137.00368509565993,0.125,0.125,0.125,0.125,0.125,0.125,0.125,0.125
138,138.0,138.0029055077818,0.125,0.125,0.125,0.125,0.125,0.125,0.125,0.125
139,139.0,139.00217482361367,0.125,0.125,0.125,0.125,0.125,0.125,0.125,0.125
140,140.0,140.0014954596262,0.125,0.125,0.125,0.125,0.125,0.125,0.125,0.125
141,141.0,141.00086907744122,0.125,0.125,0.125,0.125,0.125,0.125,0.125,0.125
142,142.0,142.0002966427003,0.125,0.125,0.125,0.125,0.125,0.125,0.125,0.125
143,143.0,142.99977848500652,0.125,0.125,0.125,0.125,0.125,0.125,0.125,0.125
144,144.0,143.99931435823203,0.125,0.125,0.125,0.125,0.125,0.125,0.125,0.125
145,145.0,144.99890350055264,0.125,0.125,0.125,0.125,0.125,0.125,0.125,0.125
146,146.0,145.9985446936357,0.125,0.125,0.125,0.125,0.125,0.125,0.125,0.125
147,147.0,146.99823632047406,0.125,0.125,0.125,0.125,0.125,0.125,0.125,0.125
148,148.0,147.99797642142389,0.125,0.125,0.125,0.125,0.125,0.125,0.125,0.125
149,149.0,148.99776274806447,0.125,0.125,0.125,0.125,0.125,0.125,0.125,0.125
150,150.0,149.99759281456036,0.125,0.125,0.125,0.125,0.125,0.125,0.125,0.125
151,151.0,150.99746394626104,0.125,0.125,0.125,0.125,0.125,0.125,0.125,0.125
152,152.0,151.99737332532905,0.125,0.125,0.125,0.125,0.125,0.125,0.125,0.125
153,153.0,152.99731803323698,0.125,0.125,0.125,0.125,0.125,0.125,0.125,0.125
154,154.0,153.99729509002177,0.125,0.125,0.125,0.125,0.125,0.125,0.125,0.125
155,155.0,154.99730149022784,0.125,0.125,0.125,0.125,0.125,0.125,0.125,0.125
156,156.0,155.99733423551103,0.125,0.125,0.125,0.125,0.125,0.125,0.125,0.125
157,157.0,156.99739036391077,0.125,0.125,0.125,0.125,0.125,0.125,0.125,0.125
158,158.0,157.99746697583146,0.125,0.125,0.125,0.125,0.125,0.125,0.125,0.125
159,159.0,158.99756125680176,0.125,0.125,0.125,0.125,0.125,0.125,0.125,0.125
160,160.0,159.997670497107,0.125,0.125,0.125,0.125,0.125,0.125,0.125,0.125
161,161.0,160.99779210841066,0.125,0.125,0.125,0.125,0.125,0.125,0.125,0.125
162,162.0,161.99792363749984,0.125,0.125,0.125,0.125,0.125,0.125,0.125,0.125
163,163.0,162.9980627773051,0.125,0.125,0.125,0.125,0.125,0.125,0.125,0.125
164,164.0,163.9982073753568,0.125,0.125,0.125,0.125,0.125,0.125,0.125,0.125
165,165.0,164.99835543984977,0.125,0.125,0.125,0.125,0.125,0.125,0.125,0.125
166,166.0,165.99850514349492,0.125,0.125,0.125,0.125,0.125,0.125,0.125,0.125
167,167.0,166.99865482534062,0.125,0.125,0.125,0.125,0.125,0.125,0.125,0.125
168,168.0,167.99880299074837,0.125,0.125,0.125,0.125,0.125,0.125,0.125,0.125
169,169.0,168.99894830970783,0.125,0.125,0.125,0.125,0.125,0.125,0.125,0.125
170,170.0,169.99908961367427,0.125,0.125,0.125,0.125,0.125,0.125,0.125,0.125
171,171.0,170.99922589110733,0.125,0.125,0.125,0.125,0.125,0.125,0.125,0.125
172,172.0,171.99935628188598,0.125,0.125,0.125,0.125,0.125,0.125,0.125,0.125
173,173.0,172.99948007076793,0.125,0.125,0.125,0.125,0.125,0.125,0.125,0.125
174,174.0,173.99959668005403,0.125,0.125,0.125,0.125,0.125,0.125,0.125,0.125
175,175.0,174.99970566161096,0.125,0.125,0.125,0.125,0.125,0.125,0.125,0.125
176,176.0,175.9998066883961,0.125,0.125,0.125,0.125,0.125,0.125,0.125,0.125
177,177.0,176.99989954561875,0.125,0.125,0.125,0.125,0.125,0.125,0.125,0.125
178,178.0,177.99998412166295,0.125,0.125,0.125,0.125,0.125,0.125,0.125,0.125
179,179.0,179.00006039888612,0.125,0.125,0.125,0.125,0.125,0.125,0.125,0.125
180,180.0,180.0001284443981,0.125,0.125,0.125,0.125,0.125,0.125,0.125,0.125
181,181.0,181.00018840091488,0.125,0.125,0.125,0.125,0.125,0.125,0.125,0.125
182,182.0,182.00024047777083,0.125,0.125,0.125,0.125,0.125,0.125,0.125,0.125
183,183.0,183.0002849421635,0.125,0.125,0.125,0.125,0.125,0.125,0.125,0.125
184,184.0,184.00032211069524,0.125,0.125,0.125,0.125,0.125,0.125,0.125,0.125
185,185.0,185.00035234126688,0.125,0.125,0.125,0.125,0.125,0.125,0.125,0.125
186,186.0,186.00037602536867,0.125,0.125,0.125,0.125,0.125,0.125,0.125,0.125
187,187.0,187.0003935808066,0.125,0.125,0.125,0.125,0.125,0.125,0.125,0.125
188,188.0,188.00040544489266,0.125,0.125,0.125,0.125,0.125,0.125,0.125,0.125
189,189.0,189.0004120681212,0.125,0.125,0.125,0.125,0.125,0.125,0.125,0.125
190,190.0,190.00041390834568,0.125,0.125,0.125,0.125,0.125,0.125,0.125,0.125
191,191.0,191.00041142546425,0.125,0.125,0.125,0.125,0.125,0.125,0.125,0.125
192,192.0,192.00040507661635,0.125,0.125,0.125,0.125,0.125,0.125,0.125,0.125
193,193.0,193.00039531188708,0.125,0.125,0.125,0.125,0.125,0.125,0.125,0.125
194,194.0,194.00038257051185,0.125,0.125,0.125,0.125,0.125,0.125,0.125,0.125
195,195.0,195.00036727756904,0.125,0.125,0.125,0.125,0.125,0.125,0.125,0.125
196,196.0,196.0003498411448,0.125,0.125,0.125,0.125,0.125,0.125,0.125,0.125
197,197.0,197.00033064995154,0.125,0.125,0.125,0.125,0.125,0.125,0.125,0.125
198,198.0,198.0003100713781,0.125,0.125,0.125,0.125,0.125,0.125,0.125,0.125
199,199.0,199.00028844994821,0.125,0.125,0.125,0.125,0.125,0.125,0.125,0.125
200,200.0,200.00026610616183,0.12472222222222223,0.12472222222222223,0.12472222222222223,0.12694444444444444,0.12472222222222223,0.12472222222222223,0.12472222222222223,0.12472222222222223
201,201.0,201.00024333569246,0.12416944444444446,0.12416944444444446,0.12528055555555556,0.12859166666666666,0.12416944444444446,0.12528055555555556,0.12416944444444446,0.12416944444444446
202,202.0,202.0002204089131,0.12451358333333334,0.12351358333333334,0.12572469444444445,0.12998269444444444,0.12351358333333334,0.12572469444444445,0.12351358333333334,0.12351358333333334
203,203.0,203.00019757072255,0.12475039472222224,0.12276039472222224,0.12605050583333335,0.13121812583333334,0.12276039472222224,0.12593939472222224,0.12276039472222224,0.12376039472222224
204,204.0,204.00017504064385,0.12484935435833336,0.12188825435833334,0.12622767546944447,0.13337338838055557,0.12188825435833334,0.12600656435833335,0.12188825435833334,0.12387825435833334
205,205.0,205.0001530131666,0.12480936893169448,0.12090388993169446,0.12625540694280557,0.1353210574559167,0.12090388993169446,0.12703750694280558,0.12090388993169446,0.12386498993169445
206,206.0,206.00013165830538,0.12465862169173587,0.11984225638173585,0.12616225564384695,0.13696519349362699,0.11984225638173585,0.12893942464384697,0.11984225638173585,0.12374773538173585
207,207.0,207.00011112234722,0.12423191851441132,0.11854391917851129,0.12689457469612353,0.13824193065929663,0.11854391917851129,0.13163953410612353,0.11854391917851129,0.1233602844885113
208,208.0,208.00009152876143,0.12325658731644062,0.11693828942022211,0.12816434214392236,0.1388861806474973,0.1178319064414987,0.13464631701461646,0.1177409973505896,0.12253537966521302
209,209.0,209.0000729792466,0.12199360338025977,0.11508982914485137,0.1291341157220623,0.13898454737310884,0.11686924683802047,0.13898247644145947,0.11668833774711135,0.12225784335312662
210,210.0,210.00005555489076,0.12060180002660738,0.11315975205316253,0.12985198554000343,0.13884544517779923,0.11571716076740463,0.1445049199393494,0.11553887894922277,0.12178005754645078
211,211.0,211.00003931742162,0.1209538369266268,0.11119598346816717,0.13035917339879635,0.13804438937599114,0.11450839278935215,0.14945393053033856,0.11433425833480666,0.12115003517592136
212,212.0,212.0000243105252,0.12094287750701849,0.109094185347701,0.13121282890692124,0.1369513179320845,0.11305759632128479,0.15551271382455953,0.11296469341431505,0.12026378674611563
213,213.0,213.00001056121314,0.12075755355915196,0.10761509348698073,0.13193404563894615,0.13556068398779275,0.11141692685331747,0.16105138861492999,0.11157726657163436,0.12008704128724682
214,214.0,213.99999808122018,0.12138498574647341,0.10598654560786132,0.13239583737986785,0.13445733073090863,0.10959235660400879,0.16645186625016925,0.11005869504500361,0.11967238263570734
215,215.0,214.9999868684143,0.1220299318258985,0.1044749376261387,0.13281183640369515,0.13334444274613935,0.1077547527140238,0.171665005034675,0.10862958671039179,0.11928950693903792
216,216.0,215.99997690820487,0.12333941858411901,0.10307110869892314,0.13316759125293787,0.13166009186221353,0.10601027365290513,0.17543236361606063,0.10839381451008694,0.11892533782275393
217,217.0,216.99996817493434,0.125852330223696,0.10284514688841237,0.13068509806418943,0.1299370296353402,0.10432294891190519,0.17958243552979786,0.1081901191199266,0.11858489162673254
218,218.0,217.9999606332415,0.12869986804415054,0.1024137512983848,0.12786370208205702,0.1278472663635849,0.10247581349294095,0.18344086211999697,0.10930511156569725,0.11795362503318775
219,219.0,218.99995423938554,0.1318604758895722,0.10188472234300387,0.1250226674179918,0.1267115760223596,0.099939740341919,0.187692294859681,0.11038397937755434,0.11650454374791837
220,220.0,219.9999489425213,0.1349946024694384,0.10131726123194132,0.12204229502417706,0.12602612039890757,0.09740234833911786,0.19123237973566834,0.11206026255180418,0.11492473024894548
221,221.0,220.99994468591828,0.1377063220014048,0.10074729700491859,0.11899270690201934,0.1260124845636638,0.09491564154384236,0.194728980957838,0.11362686550602194,0.11326970152029138
222,222.0,221.9999414081164,0.1399294638508883,0.0999420873143503,0.1157887437880848,0.12576032647174074,0.09320420415144015,0.19798350722266814,0.11595361403064286,0.11143805317018492
223,223.0,222.99993904401353,0.14201540184238978,0.10003977446006233,0.11377737776218545,0.1255525855862912,0.09164600743393177,0.20067600460162824,0.11663870083085516,0.10965414748265626
224,224.0,223.99993752588082,0.14323161914325672,0.10039644132116109,0.11214614331655386,0.12557061066607753,0.09042502236155808,0.2030184615738052,0.1181092483045889,0.10710245331299878
225,225.0,224.99993678430258,0.14312273916935742,0.1017221670470407,0.11168138863329742,0.12581690293903636,0.0894900506408424,0.20370399274169074,0.11967478546253511,0.10478797336620002
226,226.0,225.99993674903914,0.1427050610806081,0.10296531330248909,0.11134015678246707,0.12596755471450277,0.08862761820960362,0.20495212468472443,0.12105100045553562,0.10239117077006947
227,227.0,226.99993734981166,0.14208595321560608,0.10482638595058731,0.11099385261512827,0.12605348472124558,0.08781250611053013,0.20607779030267886,0.12213986944261324,0.10001015764161064
228,228.0,227.9999385170088,0.14066343229578757,0.1074115993556854,0.1107502013453167,0.1261662742155164,0.08713410181084277,0.20693672265488644,0.12316674821591239,0.09777092010605243
229,229.0,228.99994018231612,0.13920010512887268,0.10995693639228146,0.11062655734616093,0.12525586393237426,0.08661070172378296,0.20775076032315432,0.12489221902372998,0.0957068561296435
230,230.0,229.99994227926956,0.13764440172845635,0.11241391667484509,0.11054187244780304,0.12489910835532231,0.08687604126046038,0.2074757304211718,0.12639812399849198,0.09375080511344913
231,231.0,230.99994474373494,0.13607471272636512,0.1147162353837595,0.11055421074574967,0.12448257481252645,0.08725825801158812,0.20701190070699652,0.12793698536693263,0.09196512224608208
232,232.0,231.9999475143165,0.1345182314701836,0.11696018338669664,0.11067684181671937,0.12411735484884914,0.08775290648045145,0.2061301713912661,0.1294638223212545,0.09038048828457927
233,233.0,232.9999505326967,0.13140342304253844,0.12013678591228731,0.11098846742452706,0.12432730146178224,0.08852724882447476,0.20542614126956754,0.1301070300350265,0.08908360202979623
234,234.0,233.9999537439119,0.12816240523346772,0.12275735726283427,0.11190142398071949,0.1242868244050395,0.09019840152900938,0.2044246270312718,0.13049023657702613,0.08777872398063175
235,235.0,234.99995709656648,0.12493471465371023,0.12497899630753789,0.11279809717654464,0.12421587631066146,0.09179953247051927,0.20396845999598925,0.13073011549351615,0.08657420759152108
236,236.0,235.99996054298992,0.12180074603558272,0.12806148153488714,0.11372059916553152,0.12416766431280596,0.0924205336147929,0.20341941161926602,0.1308880513073332,0.08552151240980053
237,237.0,236.99996403934114,0.11878246686910349,0.13098790347434394,0.11465712204847409,0.12414039692179932,0.09305320793011117,0.20279226051901333,0.13097065897060636,0.08461598326654829
238,238.0,237.99996754566382,0.11577092777452508,0.13486160127335264,0.11542939167187735,0.12381070985827157,0.09356140163874091,0.20208756034005854,0.13075401182007126,0.0837243956231026
239,239.0,238.9999710258976,0.11362628613013495,0.13864987363978387,0.11603777590811332,0.1233083483852639,0.09395085036756841,0.20050057836002677,0.1303603476277073,0.08356593958140143
240,240.0,239.999974447849,0.11142639154383348,0.1421868786596705,0.11645051024823183,0.1226168783131115,0.09490834134947518,0.19930689379368963,0.1297685002401988,0.08333560585178902
241,241.0,240.99997778312678,0.1100837857107,0.1447954796339339,0.11655109115441249,0.12164604616624747,0.09606035542733352,0.19833722981228058,0.1288853801619852,0.08364063193310674
242,242.0,241.9999810070455,0.10859555105527052,0.14720527488591106,0.11635061179403808,0.12049477764814745,0.09761015454167979,0.19810531631575828,0.12780839553562348,0.08382991822357126
243,243.0,242.99998409850193,0.10690568813404215,0.14953837231821504,0.11637641918391986,0.11874758844923329,0.09896290402197934,0.19821278446434423,0.12695480488745217,0.08430143854081384
244,244.0,243.9999870398277,0.10527700546052343,0.15265569707131046,0.11704956721463029,0.11717590430590663,0.10020827126442544,0.19893851927355788,0.12434282381176556,0.08435221159788021
245,245.0,244.9999898166226,0.10366241507499156,0.15516009595959046,0.11831206084418348,0.11544512696684714,0.10078997725043312,0.2000160452514635,0.12167186213936386,0.08494241651312677
246,246.0,245.99999241757178,0.10217933985518937,0.15716205124172958,0.12001633646355339,0.113762038848584,0.101875484445424,0.20045726552338794,0.1190195214416365,0.08552796218049508
247,247.0,246.99999483425034,0.10082945903674191,0.15919178772552048,0.12160117311756466,0.11213870191022024,0.10287414589184396,0.20085081022191603,0.11641046302809328,0.08610345906809928
248,248.0,247.99999706091853,0.09963663619822449,0.16157762311481458,0.12246705230112533,0.11060905861367584,0.10380834376061221,0.20188786233459508,0.11330189817085992,0.08671152550609237
249,249.0,248.9999990943107,0.09778619633413188,0.16368901073379605,0.12400477507200894,0.10901236936106767,0.10463351576413958,0.20268536726554987,0.110262608260917,0.08792615720838887
250,250.0,250.00000093342055,0.09546478919142849,0.1657459288653361,0.12602399865437552,0.10749787319062513,0.10565524586523034,0.20436390229191737,0.10735113465609317,0.08789712728499376
251,251.0,251.00000257928522,0.09321216911605187,0.1673842464425605,0.12767834259292085,0.1059507278178917,0.10703334259500476,0.20646938168263643,0.1044907540085742,0.0877810357443596
252,252.0,252.0000040347706,0.09106924037139753,0.16954398282878874,0.12904951611852397,0.10431807764670238,0.10751731456045825,0.20842148291137963,0.10252386839213001,0.08755651717061941
253,253.0,253.00000530435972,0.08900971560581983,0.17184895332739314,0.1307338816260235,0.10315238393794046,0.10780171903849223,0.2097190290722925,0.10051280487518442,0.08722151251685387
254,254.0,254.00000639394634,0.08710157722324645,0.17390554767044727,0.13291663539528173,0.10247433553663036,0.10798880805195374,0.21015018132510008,0.09861676680555763,0.0868461479917827
255,255.0,255.00000731063483,0.08527511324415477,0.17553408868738068,0.13529436810208817,0.10213340866435786,0.1078657287085881,0.21017519212897376,0.09735766727500056,0.08636443318945608
256,256.0,256.00000806254815,0.08351937638959012,0.17652482709598452,0.1377549765398802,0.10208191120852328,0.10744531814604236,0.20981352428148464,0.09610105099302996,0.08675901534546492
257,257.0,257.0000086586446,0.08183807771653102,0.17735733751476615,0.14020370523551684,0.10199260580934297,0.10731098354279715,0.2084851570280064,0.09529316734817594,0.0875189658048635
258,258.0,258.000009108545,0.08023720772290197,0.1780016798411279,0.14313928260698067,0.10234764888850689,0.10697886560403032,0.20670059938863553,0.09444597356833438,0.08814874237948235
259,259.0,259.0000094223699,0.07868468738217309,0.17942868247539567,0.1457515451333114,0.10264991939977494,0.10648465056310595,0.2047686778183964,0.0936175420319936,0.08861429519584897
260,260.0,260.00000961058856,0.07716730576878936,0.18134634016830103,0.14881902376052047,0.10272076445558136,0.10582339613452056,0.20257376169697552,0.09266645015397815,0.08888295786133356
261,261.0,261.00000968387957,0.07577100799750047,0.18303999670770227,0.15287655345600246,0.10265218494281798,0.10509687063934316,0.1997078247161638,0.09178218067782185,0.089073380862648
262,262.0,262.0000096530026,0.07429057805048192,0.18441941726650776,0.15689570104914274,0.1034931973548051,0.10422308102108044,0.19667895756846693,0.09088723890570964,0.08911182878380547
263,263.0,263.00000952868334,0.07293380432643506,0.18623418918297763,0.16032902211629502,0.10432891778427268,0.10331023341454826,0.19361638448575016,0.09007621236661643,0.08917123632310475
264,264.0,264.00000932150914,0.07168894230401822,0.18796151020918103,0.16358574005942286,0.1051395183593538,0.10235652191743239,0.19087515799927968,0.08924929307976617,0.08914331607154584
265,265.0,265.0000090418373,0.0706378543330012,0.18994554177002204,0.1668977627106235,0.10600000995944496,0.1009917786486413,0.18783532219545676,0.08857486649043385,0.0891168638923764
266,266.0,266.0000086997143,0.06983840701152767,0.1902622487843853,0.17048148722814652,0.10667367661715393,0.09975544399795064,0.18511821676147897,0.08812927666036341,0.08974124293899358
267,267.0,267.0000083048064,0.06913702156974912,0.1898902291002741,0.17462616568822717,0.10717011295304746,0.09903694706142206,0.18230394044841997,0.08755268177978817,0.09028290139907198
268,268.0,268.0000078663412,0.0685949450674735,0.18909156429618648,0.17819943796021476,0.10757820664776388,0.09827362585249105,0.17993267204377134,0.08790274239393389,0.0904268057381651
269,269.0,269.00000739305915,0.06719688359276639,0.18876407509834972,0.1815709402539878,0.10810087509127184,0.09645905932398571,0.17832154789417448,0.08911272638673554,0.09047389235872853
270,270.0,270.0000068931747,0.06585672983867166,0.18830856038439137,0.18455656884128818,0.10930497847454154,0.09463102774489832,0.17680523158042163,0.09018786535658455,0.09034903777920276
271,271.0,271.000006374347,0.06458445189471754,0.18775216157424396,0.18788091798782688,0.11036543684655988,0.09281151526012646,0.1753917628061144,0.09113874424562066,0.09007500938479023
272,272.0,272.0000058436586,0.06352632865813583,0.18764520565897275,0.19067762449980347,0.11197580437298868,0.0911549871344081,0.17323533081733822,0.09192837147743582,0.08985634738091715
273,273.0,273.0000053076024,0.062568377312786,0.18762423192433186,0.1932917679715512,0.11351726812762584,0.0891260862781185,0.17160392661933715,0.09261997527272557,0.08964836649352387
274,274.0,274.00000477207584,0.06186310166145961,0.18706083114402605,0.19573734789312142,0.11502731729419377,0.08722823289411745,0.1702651371214007,0.09335322782970511,0.08946480416197591
275,275.0,275.0000042423811,0.0612835881616135,0.18644420335721315,0.19852464177380344,0.11534720917923756,0.08545172132393934,0.16897677525191618,0.09344162769736256,0.09053023325491429
276,276.0,276.0000037232321,0.060727117760927284,0.18632897771775583,0.2014965752339819,0.11538552245388893,0.08361885506038848,0.16806781147917205,0.09295363499600809,0.09142150529787745
277,277.0,277.0000032187657,0.06024381418756954,0.18700581248669002,0.20408135150266496,0.11562559967040054,0.08187973297033965,0.16727439628808147,0.09165783131189266,0.09223146158236116
278,278.0,278.00000273255824,0.05987257832176773,0.18697879420918212,0.206733366590349,0.11562549654736455,0.08018603555366326,0.16681327633756868,0.09028344871216754,0.09350700372793713
279,279.0,279.0000022676459,0.0595712346640201,0.18690212053943492,0.20948188300701662,0.11546096741114814,0.078604976242036,0.16636039785457246,0.08890642261855908,0.09471199766321263
280,280.0,280.0000018265484,0.0593467127631057,0.18679304411954467,0.2119258755381721,0.11524449257906377,0.07715239154680614,0.16601285847290567,0.08756390525288738,0.09596071972751448
281,281.0,281.00000141129516,0.05918584559221609,0.18683995357793037,0.21450216293836213,0.11444953665276619,0.07646588249534073,0.1656673190194195,0.08625844313259126,0.09663085659137362
282,282.0,282.0000010234543,0.05906656085724567,0.18703862511579702,0.2168037905283715,0.11320026646405065,0.07576285617207945,0.16594515209254773,0.08499559456184129,0.09718715420806658
283,283.0,283.00000066416294,0.05897094468599361,0.18708518752440964,0.21872910561066722,0.11182413862063381,0.07503300296479128,0.166524938935924,0.08374041141895175,0.0980922702386286
284,284.0,284.0000003341591,0.05902809405541868,0.1886755936847586,0.21985434751673946,0.11053731225151076,0.07441631051243701,0.16727500349951732,0.08255275180344682,0.09766058667617125
285,285.0,285.00000003381405,0.05913021128956928,0.19022765547728684,0.22146200591093293,0.1082411125158366,0.07390580271515283,0.1680682875928851,0.08179224724165503,0.09717267725668129
286,286.0,285.99999976316536,0.05927655697205142,0.19179456235923822,0.22281874821676229,0.10597298102026091,0.07302058669741095,0.1689068370946721,0.08110316969059127,0.09710655794901275
287,287.0,286.99999952194986,0.05934365675262044,0.19323774706681776,0.22493333831841175,0.1037283601275103,0.07214649170040943,0.16885635573397886,0.08046113712003192,0.09729291318021947
288,288.0,287.99999930963645,0.05953128689382476,0.19461075998298077,0.22679780077173642,0.10154791978530321,0.07136886746385389,0.16881748313738124,0.07988714469100017,0.09743873727391947
289,289.0,288.99999912545803,0.06090162405466264,0.19646995293548952,0.22730352051858327,0.0991002481105311,0.07064356035533047,0.16920885549037487,0.07936430054135382,0.09700793799367427
290,290.0,289.99999896844287,0.06222326403002212,0.19805815253975298,0.22761452810571203,0.09668934617847648,0.06995691194909277,0.1701689847002878,0.07885322897681284,0.09643558351984291
291,291.0,290.9999988374448,0.0635457714933978,0.19955461497644514,0.22773683080690607,0.0943966015923914,0.06936533046054737,0.1711411697931417,0.07841127105608484,0.09584840982108567
292,292.0,291.9999987311721,0.06490921214276249,0.20124449927084986,0.2279470044245167,0.09219559449403888,0.06859825621387235,0.17164403779532977,0.07856550299159448,0.09489589266703549
293,293.0,292.99999864821496,0.06621294594888373,0.20306299468793274,0.22792656954947826,0.09004515703039741,0.06784301856822915,0.17235934293329264,0.07869517969755152,0.09385479158423457
294,294.0,293.99999858707133,0.06634558666457463,0.20617050380922555,0.22773646626530702,0.08792040716912891,0.06711221310489353,0.17313019857445291,0.07883177864495294,0.09275284576746445
295,295.0,294.9999985461714,0.06643273630813713,0.20912115480908808,0.22737278357545287,0.08588674768918592,0.06645609689921357,0.17376050460825326,0.07932104434219595,0.0916489317684732
296,296.0,295.99999852389976,0.06636192552330512,0.21172896256529125,0.22706784573967806,0.08483299179716614,0.06575761522043716,0.17413817138676752,0.07968401039175842,0.09042847737559627
297,297.0,296.9999985186163,0.06624898078827798,0.2142042855343955,0.22660590389661184,0.08386910776646318,0.06512731176017332,0.17470291839513954,0.08002777584366691,0.08921371601527164
298,298.0,297.999998528675,0.06624255135069983,0.21713333449037647,0.22573463035353622,0.08344967841432276,0.06470797813644777,0.1747469695909019,0.0804929198310227,0.08749193783269227
299,299.0,298.99999855244107,0.06737631515827532,0.22235127505564695,0.22343391495422263,0.08270905491807559,0.0646178849758268,0.1727690702265303,0.08067715546593625,0.08606532924548611
300,300.0,299.9999985883061,0.06830425310045077,0.22722387724275372,0.221037984367036,0.08187838765088341,0.06450238141367799,0.17170752456350571,0.0807512851596297,0.08459430650206261
301,301.0,300.99999863470157,0.06905552300455199,0.2317506835378474,0.21852156390082117,0.08204195065182857,0.06437525338821844,0.17041325687556202,0.08073378505808318,0.08310798358308712
302,302.0,301.9999986901105,0.06975808688577262,0.23551238363519356,0.2158465194477681,0.08272766533568726,0.06407522594834064,0.16921499678236554,0.08131682986362962,0.08154829210124254
303,303.0,302.9999987530774,0.07040620850212051,0.23899547123751433,0.213281300525041,0.08349942753341091,0.06382527621162873,0.1680247281840322,0.08189575084777707,0.08007183695847513
304,304.0,303.99999882221687,0.07099792405215194,0.24219264571408636,0.21075750966253734,0.0844288146392922,0.06362236629840894,0.16685170099352398,0.08246464157609966,0.0786843970638995
305,305.0,304.99999889622023,0.07160780243730945,0.24441838269181265,0.20837004498408948,0.08548551920618098,0.06353905768668104,0.1657798546668283,0.08333328697787419,0.07746605134922384
306,306.0,305.99999897386107,0.07216952786193992,0.24636469816082718,0.20608192617823637,0.08658504711690646,0.06350163070845583,0.16476116994243478,0.08418512150299574,0.0763508785282037
307,307.0,306.9999990539992,0.07268229836784976,0.24804007111731097,0.20390609984577707,0.08771212075797769,0.06350587147016526,0.16380051750735714,0.08501330789387838,0.07533971303968373
308,308.0,307.9999991355835,0.07344530454127471,0.24960887568038212,0.20080331145291325,0.08915213761937218,0.06384699358962159,0.16211165736697128,0.08611135189945998,0.07492036785000494
309,309.0,308.9999992176535,0.07417929044655075,0.25099657828340965,0.19783249147082335,0.08999344000100976,0.06414610525224881,0.16102181455438694,0.0872141565147434,0.07461612347682745
310,310.0,309.99999929934,0.07483349539879482,0.25216914433933246,0.1953157329641998,0.09077079295001095,0.06445266264666233,0.1598628280795429,0.08822987860150412,0.07436546501995267
311,311.0,310.9999993798645,0.07557647693637493,0.2531824929296707,0.193861558194776,0.09105356843512795,0.06579291124352787,0.15726359193298245,0.08904982941871503,0.07421957090882511
312,312.0,311.99999945853784,0.07634769052171406,0.2539629731867754,0.19249314484736124,0.09132026481137467,0.06800097072563371,0.1547494196869615,0.09002453343200112,0.07310100278817837
313,313.0,312.9999995347585,0.07751521408370009,0.25438431040564896,0.19148579232134927,0.09149694888120521,0.06997738524026482,0.15227780250633252,0.09087027540785451,0.07199227115364472
314,314.0,313.9999996080095,0.07839084570342986,0.25479342212748374,0.19037349659748135,0.09201736574072594,0.07167343601968189,0.14993367678264174,0.09202049864212052,0.07079725838643505
315,315.0,314.99999967785527,0.07903508600120532,0.2562011481873165,0.18921494794206062,0.09221437505831998,0.07320334938938025,0.14777302462492817,0.09278455208012039,0.06957351671666893
316,316.0,315.99999974393796,0.07958440754444104,0.25782458114020135,0.18817106505845183,0.09233567490443674,0.0746384278634648,0.14560554524934805,0.09343415388152668,0.06840614435812968
317,317.0,316.999999805973,0.08075608810535082,0.25949715668311013,0.18704660571713888,0.09169540783446044,0.07598181352867853,0.14372643311710687,0.09399380103544556,0.06730269397870893
318,318.0,317.99999986374485,0.08167514600523029,0.26168594144091367,0.18606276055846016,0.09103625712157784,0.07710115935305772,0.14182990256784994,0.09440416955601215,0.06620466339689834
319,319.0,318.999999917102,0.0824984457125338,0.26397210094341383,0.18567177864537698,0.09037524170735739,0.07781027880645368,0.1399941918642511,0.0944911630809401,0.0651867992396732
320,320.0,319.99999996595244,0.08320910095549085,0.26635320388136535,0.18557349362042314,0.0896491863700143,0.07835289904086348,0.1381726001006003,0.09447168590961777,0.06421783012162492
321,321.0,321.00000001025836,0.08314374942868882,0.26832335311982564,0.1853144890701926,0.088869488857027,0.07873933956115492,0.1375183532971369,0.094790052243546,0.06330117442242818
322,322.0,322.0000000500311,0.0830013648640585,0.2701420648758568,0.1850975763157684,0.0880685574987269,0.07904512543392624,0.1371460730422187,0.0950382652864643,0.062460972682980204
323,323.0,323.0000000853262,0.08354650892316125,0.2723849418100015,0.18531270899896335,0.08730422106937158,0.07931986769166616,0.13636139536360412,0.09402524593959063,0.061745110203641415
324,324.0,324.00000011623854,0.08390114565068292,0.27448126891587654,0.18520650422454799,0.08646633492314591,0.07949324504091061,0.13552237839373693,0.09389415791127141,0.061034964939827664
325,325.0,325.0000001428973,0.08415953536519133,0.27659344084654225,0.18506858431667153,0.08560305327602478,0.07953456873913974,0.1349796321077391,0.09369093982676686,0.06037024552192438
326,326.0,326.00000016546124,0.08377284653154701,0.27882810672127367,0.18531683284542202,0.08429330290390122,0.07960096115946858,0.13472636681193664,0.09359042637470093,0.05987115665174986
327,327.0,327.00000018411407,0.083314444419808,0.2810256488604443,0.18558581191529064,0.08300792643800077,0.07955842556873764,0.13463135238738907,0.09344497699132924,0.059431413419000295
328,328.0,328.00000019906054,0.08289008335829887,0.2833135715098408,0.1846931755293894,0.08251841507035776,0.07946434458999098,0.13487180899611667,0.09315245005629946,0.05909615088970597
329,329.0,329.00000021052176,0.08230706579239482,0.28530754511603656,0.1839744184081738,0.08193287783013316,0.07988331129499913,0.13523879456648497,0.0926087043341321,0.05874728265764547
330,330.0,330.0000002187316,0.08170137046694076,0.28709570337043144,0.1833456353922352,0.08137994551247753,0.0802589493319181,0.135794350142867,0.09204588418073797,0.05837816160239202
331,331.0,331.00000022393317,0.08107089107447739,0.289061027308468,0.18270305928053315,0.08085511856892237,0.08028349788390905,0.1365002162050264,0.09146394165522184,0.05806224802344183
