,Unnamed: 0,Total_iterations,Intertwine_two,Invert_path_vertices,Insert_inside_vertex,Delete_inside_vertex,MSC_add_terminal,MSC_del_terminal
0,0.0,0.0,0.16666666666666657,0.16666666666666657,0.16666666666666657,0.16666666666666657,0.16666666666666657,0.16666666666666657
1,1.0,1.0,0.16666666666666657,0.16666666666666657,0.16666666666666657,0.16666666666666657,0.16666666666666657,0.16666666666666657
2,2.0,2.0,0.16666666666666657,0.16666666666666657,0.16666666666666657,0.16666666666666657,0.16666666666666657,0.16666666666666657
3,3.0,3.0,0.16666666666666657,0.16666666666666657,0.16666666666666657,0.16666666666666657,0.16666666666666657,0.16666666666666657
4,4.0,4.0,0.16666666666666657,0.16666666666666657,0.16666666666666657,0.16666666666666657,0.16666666666666657,0.16666666666666657
5,5.0,5.0,0.16666666666666657,0.16666666666666657,0.16666666666666657,0.16666666666666657,0.16666666666666657,0.16666666666666657
6,6.0,6.0,0.16666666666666657,0.16666666666666657,0.16666666666666657,0.16666666666666657,0.16666666666666657,0.16666666666666657
7,7.0,7.0,0.16666666666666657,0.16666666666666657,0.16666666666666657,0.16666666666666657,0.16666666666666657,0.16666666666666657
8,8.0,8.0,0.16666666666666657,0.16666666666666657,0.16666666666666657,0.16666666666666657,0.16666666666666657,0.16666666666666657
9,9.0,9.0,0.16666666666666657,0.16666666666666657,0.16666666666666657,0.16666666666666657,0.16666666666666657,0.16666666666666657
10,10.0,10.0,0.16666666666666657,0.16666666666666657,0.16666666666666657,0.16666666666666657,0.16666666666666657,0.16666666666666657
11,11.0,11.0,0.16666666666666657,0.16666666666666657,0.16666666666666657,0.16666666666666657,0.16666666666666657,0.16666666666666657
12,12.0,12.0,0.16666666666666657,0.16666666666666657,0.16666666666666657,0.16666666666666657,0.16666666666666657,0.16666666666666657
13,13.0,13.0,0.16666666666666657,0.16666666666666657,0.16666666666666657,0.16666666666666657,0.16666666666666657,0.16666666666666657
14,14.0,14.0,0.16666666666666657,0.16666666666666657,0.16666666666666657,0.16666666666666657,0.16666666666666657,0.16666666666666657
15,15.0,15.0,0.16666666666666657,0.16666666666666657,0.16666666666666657,0.16666666666666657,0.16666666666666657,0.16666666666666657
16,16.0,16.0,0.16666666666666657,0.16666666666666657,0.16666666666666657,0.16666666666666657,0.16666666666666657,0.16666666666666657
17,17.0,17.0,0.16666666666666657,0.16666666666666657,0.16666666666666657,0.16666666666666657,0.16666666666666657,0.16666666666666657
18,18.0,18.0,0.16666666666666657,0.16666666666666657,0.16666666666666657,0.16666666666666657,0.16666666666666657,0.16666666666666657
19,19.0,19.0,0.16666666666666657,0.16666666666666657,0.16666666666666657,0.16666666666666657,0.16666666666666657,0.16666666666666657
20,20.0,20.0,0.16666666666666657,0.16666666666666657,0.16666666666666657,0.16666666666666657,0.16666666666666657,0.16666666666666657
21,21.0,21.0,0.16666666666666657,0.16666666666666657,0.16666666666666657,0.16666666666666657,0.16666666666666657,0.16666666666666657
22,22.0,22.0,0.16666666666666657,0.16666666666666657,0.16666666666666657,0.16666666666666657,0.16666666666666657,0.16666666666666657
23,23.0,23.0,0.16666666666666657,0.16666666666666657,0.16666666666666657,0.16666666666666657,0.16666666666666657,0.16666666666666657
24,24.0,24.0,0.16666666666666657,0.16666666666666657,0.16666666666666657,0.16666666666666657,0.16666666666666657,0.16666666666666657
25,25.0,25.0,0.16666666666666657,0.16666666666666657,0.16666666666666657,0.16666666666666657,0.16666666666666657,0.16666666666666657
26,26.0,26.0,0.16666666666666657,0.16666666666666657,0.16666666666666657,0.16666666666666657,0.16666666666666657,0.16666666666666657
27,27.0,27.0,0.16666666666666657,0.16666666666666657,0.16666666666666657,0.16666666666666657,0.16666666666666657,0.16666666666666657
28,28.0,28.0,0.16666666666666657,0.16666666666666657,0.16666666666666657,0.16666666666666657,0.16666666666666657,0.16666666666666657
29,29.0,29.0,0.16666666666666657,0.16666666666666657,0.16666666666666657,0.16666666666666657,0.16666666666666657,0.16666666666666657
30,30.0,30.0,0.16666666666666657,0.16666666666666657,0.16666666666666657,0.16666666666666657,0.16666666666666657,0.16666666666666657
31,31.0,31.0,0.16666666666666657,0.16666666666666657,0.16666666666666657,0.16666666666666657,0.16666666666666657,0.16666666666666657
32,32.0,32.0,0.16666666666666657,0.16666666666666657,0.16666666666666657,0.16666666666666657,0.16666666666666657,0.16666666666666657
33,33.0,33.0,0.16666666666666657,0.16666666666666657,0.16666666666666657,0.16666666666666657,0.16666666666666657,0.16666666666666657
34,34.0,34.0,0.16666666666666657,0.16666666666666657,0.16666666666666657,0.16666666666666657,0.16666666666666657,0.16666666666666657
35,35.0,35.0,0.16666666666666657,0.16666666666666657,0.16666666666666657,0.16666666666666657,0.16666666666666657,0.16666666666666657
36,36.0,36.0,0.16666666666666657,0.16666666666666657,0.16666666666666657,0.16666666666666657,0.16666666666666657,0.16666666666666657
37,37.0,37.0,0.16666666666666657,0.16666666666666657,0.16666666666666657,0.16666666666666657,0.16666666666666657,0.16666666666666657
38,38.0,38.0,0.16666666666666657,0.16666666666666657,0.16666666666666657,0.16666666666666657,0.16666666666666657,0.16666666666666657
39,39.0,39.0,0.16666666666666657,0.16666666666666657,0.16666666666666657,0.16666666666666657,0.16666666666666657,0.16666666666666657
40,40.0,40.0,0.16666666666666657,0.16666666666666657,0.16666666666666657,0.16666666666666657,0.16666666666666657,0.16666666666666657
41,41.0,41.0,0.16666666666666657,0.16666666666666657,0.16666666666666657,0.16666666666666657,0.16666666666666657,0.16666666666666657
42,42.0,42.0,0.16666666666666657,0.16666666666666657,0.16666666666666657,0.16666666666666657,0.16666666666666657,0.16666666666666657
43,43.0,43.0,0.16666666666666657,0.16666666666666657,0.16666666666666657,0.16666666666666657,0.16666666666666657,0.16666666666666657
44,44.0,44.0,0.16666666666666657,0.16666666666666657,0.16666666666666657,0.16666666666666657,0.16666666666666657,0.16666666666666657
45,45.0,45.0,0.16666666666666657,0.16666666666666657,0.16666666666666657,0.16666666666666657,0.16666666666666657,0.16666666666666657
46,46.0,46.0,0.16666666666666657,0.16666666666666657,0.16666666666666657,0.16666666666666657,0.16666666666666657,0.16666666666666657
47,47.0,47.0,0.16666666666666657,0.16666666666666657,0.16666666666666657,0.16666666666666657,0.16666666666666657,0.16666666666666657
48,48.0,48.0,0.16666666666666657,0.16666666666666657,0.16666666666666657,0.16666666666666657,0.16666666666666657,0.16666666666666657
49,49.0,49.0,0.16666666666666657,0.16666666666666657,0.16666666666666657,0.16666666666666657,0.16666666666666657,0.16666666666666657
50,50.0,50.0,0.16666666666666657,0.16666666666666657,0.16666666666666657,0.16666666666666657,0.16666666666666657,0.16666666666666657
51,51.0,51.0,0.16666666666666657,0.16666666666666657,0.16666666666666657,0.16666666666666657,0.16666666666666657,0.16666666666666657
52,52.0,52.0,0.16666666666666657,0.16666666666666657,0.16666666666666657,0.16666666666666657,0.16666666666666657,0.16666666666666657
53,53.0,53.0,0.16666666666666657,0.16666666666666657,0.16666666666666657,0.16666666666666657,0.16666666666666657,0.16666666666666657
54,54.0,54.0,0.16666666666666657,0.16666666666666657,0.16666666666666657,0.16666666666666657,0.16666666666666657,0.16666666666666657
55,55.0,55.0,0.16666666666666657,0.16666666666666657,0.16666666666666657,0.16666666666666657,0.16666666666666657,0.16666666666666657
56,56.0,56.0,0.16666666666666657,0.16666666666666657,0.16666666666666657,0.16666666666666657,0.16666666666666657,0.16666666666666657
57,57.0,57.0,0.16666666666666657,0.16666666666666657,0.16666666666666657,0.16666666666666657,0.16666666666666657,0.16666666666666657
58,58.0,58.0,0.16666666666666657,0.16666666666666657,0.16666666666666657,0.16666666666666657,0.16666666666666657,0.16666666666666657
59,59.0,59.1,0.16666666666666657,0.16666666666666657,0.16666666666666657,0.16666666666666657,0.16666666666666657,0.16666666666666657
60,60.0,60.1,0.16666666666666657,0.16666666666666657,0.16666666666666657,0.16666666666666657,0.16666666666666657,0.16666666666666657
61,61.0,61.1,0.16666666666666657,0.16666666666666657,0.16666666666666657,0.16666666666666657,0.16666666666666657,0.16666666666666657
62,62.0,62.1,0.16666666666666657,0.16666666666666657,0.16666666666666657,0.16666666666666657,0.16666666666666657,0.16666666666666657
63,63.0,63.1,0.16666666666666657,0.16666666666666657,0.16666666666666657,0.16666666666666657,0.16666666666666657,0.16666666666666657
64,64.0,64.1,0.16666666666666657,0.16666666666666657,0.16666666666666657,0.16666666666666657,0.16666666666666657,0.16666666666666657
65,65.0,65.1,0.16666666666666657,0.16666666666666657,0.16666666666666657,0.16666666666666657,0.16666666666666657,0.16666666666666657
66,66.0,66.1,0.16666666666666657,0.16666666666666657,0.16666666666666657,0.16666666666666657,0.16666666666666657,0.16666666666666657
67,67.0,67.1,0.16666666666666657,0.16666666666666657,0.16666666666666657,0.16666666666666657,0.16666666666666657,0.16666666666666657
68,68.0,68.1,0.16666666666666657,0.16666666666666657,0.16666666666666657,0.16666666666666657,0.16666666666666657,0.16666666666666657
69,69.0,69.1,0.16666666666666657,0.16666666666666657,0.16666666666666657,0.16666666666666657,0.16666666666666657,0.16666666666666657
70,70.0,70.1,0.16666666666666657,0.16666666666666657,0.16666666666666657,0.16666666666666657,0.16666666666666657,0.16666666666666657
71,71.0,71.1,0.16666666666666657,0.16666666666666657,0.16666666666666657,0.16666666666666657,0.16666666666666657,0.16666666666666657
72,72.0,72.1,0.16666666666666657,0.16666666666666657,0.16666666666666657,0.16666666666666657,0.16666666666666657,0.16666666666666657
73,73.0,73.1,0.16666666666666657,0.16666666666666657,0.16666666666666657,0.16666666666666657,0.16666666666666657,0.16666666666666657
74,74.0,74.1,0.16666666666666657,0.16666666666666657,0.16666666666666657,0.16666666666666657,0.16666666666666657,0.16666666666666657
75,75.0,75.1,0.16666666666666657,0.16666666666666657,0.16666666666666657,0.16666666666666657,0.16666666666666657,0.16666666666666657
76,76.0,76.1,0.16666666666666657,0.16666666666666657,0.16666666666666657,0.16666666666666657,0.16666666666666657,0.16666666666666657
77,77.0,77.1,0.16666666666666657,0.16666666666666657,0.16666666666666657,0.16666666666666657,0.16666666666666657,0.16666666666666657
78,78.0,78.1,0.16666666666666657,0.16666666666666657,0.16666666666666657,0.16666666666666657,0.16666666666666657,0.16666666666666657
79,79.0,79.2,0.16666666666666657,0.16666666666666657,0.16666666666666657,0.16666666666666657,0.16666666666666657,0.16666666666666657
80,80.0,80.5,0.16666666666666657,0.16666666666666657,0.16666666666666657,0.16666666666666657,0.16666666666666657,0.16666666666666657
81,81.0,81.5,0.16666666666666657,0.16666666666666657,0.16666666666666657,0.16666666666666657,0.16666666666666657,0.16666666666666657
82,82.0,82.7,0.16666666666666657,0.16666666666666657,0.16666666666666657,0.16666666666666657,0.16666666666666657,0.16666666666666657
83,83.0,83.7,0.16666666666666657,0.16666666666666657,0.16666666666666657,0.16666666666666657,0.16666666666666657,0.16666666666666657
84,84.0,84.7,0.16666666666666657,0.16666666666666657,0.16666666666666657,0.16666666666666657,0.16666666666666657,0.16666666666666657
85,85.0,85.7,0.16666666666666657,0.16666666666666657,0.16666666666666657,0.16666666666666657,0.16666666666666657,0.16666666666666657
86,86.0,86.7,0.16666666666666657,0.16666666666666657,0.16666666666666657,0.16666666666666657,0.16666666666666657,0.16666666666666657
87,87.0,87.7,0.16666666666666657,0.16666666666666657,0.16666666666666657,0.16666666666666657,0.16666666666666657,0.16666666666666657
88,88.0,88.7,0.16666666666666657,0.16666666666666657,0.16666666666666657,0.16666666666666657,0.16666666666666657,0.16666666666666657
89,89.0,89.7,0.16666666666666657,0.16666666666666657,0.16666666666666657,0.16666666666666657,0.16666666666666657,0.16666666666666657
90,90.0,90.7,0.16666666666666657,0.16666666666666657,0.16666666666666657,0.16666666666666657,0.16666666666666657,0.16666666666666657
91,91.0,91.7,0.16666666666666657,0.16666666666666657,0.16666666666666657,0.16666666666666657,0.16666666666666657,0.16666666666666657
92,92.0,92.7,0.16666666666666657,0.16666666666666657,0.16666666666666657,0.16666666666666657,0.16666666666666657,0.16666666666666657
93,93.0,93.7,0.16666666666666657,0.16666666666666657,0.16666666666666657,0.16666666666666657,0.16666666666666657,0.16666666666666657
94,94.0,94.7,0.16666666666666657,0.16666666666666657,0.16666666666666657,0.16666666666666657,0.16666666666666657,0.16666666666666657
95,95.0,95.7,0.16666666666666657,0.16666666666666657,0.16666666666666657,0.16666666666666657,0.16666666666666657,0.16666666666666657
96,96.0,96.7,0.16666666666666657,0.16666666666666657,0.16666666666666657,0.16666666666666657,0.16666666666666657,0.16666666666666657
97,97.0,97.7,0.16666666666666657,0.16666666666666657,0.16666666666666657,0.16666666666666657,0.16666666666666657,0.16666666666666657
98,98.0,98.7,0.16666666666666657,0.16666666666666657,0.16666666666666657,0.16666666666666657,0.16666666666666657,0.16666666666666657
99,99.0,99.7,0.16666666666666657,0.16666666666666657,0.16666666666666657,0.16666666666666657,0.16666666666666657,0.16666666666666657
100,100.0,100.7,0.16666666666666657,0.16666666666666657,0.16666666666666657,0.16666666666666657,0.16666666666666657,0.16666666666666657
101,101.0,101.7,0.16666666666666657,0.16666666666666657,0.16666666666666657,0.16666666666666657,0.16666666666666657,0.16666666666666657
102,102.0,102.7,0.16666666666666657,0.16666666666666657,0.16666666666666657,0.16666666666666657,0.16666666666666657,0.16666666666666657
103,103.0,103.7,0.16666666666666657,0.16666666666666657,0.16666666666666657,0.16666666666666657,0.16666666666666657,0.16666666666666657
104,104.0,104.7,0.16666666666666657,0.16666666666666657,0.16666666666666657,0.16666666666666657,0.16666666666666657,0.16666666666666657
105,105.0,105.7,0.16666666666666657,0.16666666666666657,0.16666666666666657,0.16666666666666657,0.16666666666666657,0.16666666666666657
106,106.0,106.7,0.16666666666666657,0.16666666666666657,0.16666666666666657,0.16666666666666657,0.16666666666666657,0.16666666666666657
107,107.0,107.7,0.16666666666666657,0.16666666666666657,0.16666666666666657,0.16666666666666657,0.16666666666666657,0.16666666666666657
108,108.0,108.7,0.16666666666666657,0.16666666666666657,0.16666666666666657,0.16666666666666657,0.16666666666666657,0.16666666666666657
109,109.0,109.7,0.16666666666666657,0.16666666666666657,0.16666666666666657,0.16666666666666657,0.16666666666666657,0.16666666666666657
110,110.0,110.7,0.16666666666666657,0.16666666666666657,0.16666666666666657,0.16666666666666657,0.16666666666666657,0.16666666666666657
111,111.0,111.7,0.16666666666666657,0.16666666666666657,0.16666666666666657,0.16666666666666657,0.16666666666666657,0.16666666666666657
112,112.0,112.7,0.16666666666666657,0.16666666666666657,0.16666666666666657,0.16666666666666657,0.16666666666666657,0.16666666666666657
113,113.0,113.7,0.16666666666666657,0.16666666666666657,0.16666666666666657,0.16666666666666657,0.16666666666666657,0.16666666666666657
114,114.0,114.7,0.16666666666666657,0.16666666666666657,0.16666666666666657,0.16666666666666657,0.16666666666666657,0.16666666666666657
115,115.0,115.7,0.16666666666666657,0.16666666666666657,0.16666666666666657,0.16666666666666657,0.16666666666666657,0.16666666666666657
116,116.0,116.7,0.16666666666666657,0.16666666666666657,0.16666666666666657,0.16666666666666657,0.16666666666666657,0.16666666666666657
117,117.0,117.7,0.16666666666666657,0.16666666666666657,0.16666666666666657,0.16666666666666657,0.16666666666666657,0.16666666666666657
118,118.0,118.7,0.16666666666666657,0.16666666666666657,0.16666666666666657,0.16666666666666657,0.16666666666666657,0.16666666666666657
119,119.0,119.7,0.16666666666666657,0.16666666666666657,0.16666666666666657,0.16666666666666657,0.16666666666666657,0.16666666666666657
120,120.0,120.7,0.16666666666666657,0.16666666666666657,0.16666666666666657,0.16666666666666657,0.16666666666666657,0.16666666666666657
121,121.0,121.7,0.16666666666666657,0.16666666666666657,0.16666666666666657,0.16666666666666657,0.16666666666666657,0.16666666666666657
122,122.0,122.7,0.16666666666666657,0.16666666666666657,0.16666666666666657,0.16666666666666657,0.16666666666666657,0.16666666666666657
123,123.0,123.7,0.16666666666666657,0.16666666666666657,0.16666666666666657,0.16666666666666657,0.16666666666666657,0.16666666666666657
124,124.0,124.7,0.16666666666666657,0.16666666666666657,0.16666666666666657,0.16666666666666657,0.16666666666666657,0.16666666666666657
125,125.0,125.7,0.16666666666666657,0.16666666666666657,0.16666666666666657,0.16666666666666657,0.16666666666666657,0.16666666666666657
126,126.0,126.7,0.16666666666666657,0.16666666666666657,0.16666666666666657,0.16666666666666657,0.16666666666666657,0.16666666666666657
127,127.0,127.7,0.16666666666666657,0.16666666666666657,0.16666666666666657,0.16666666666666657,0.16666666666666657,0.16666666666666657
128,128.0,128.7,0.16666666666666657,0.16666666666666657,0.16666666666666657,0.16666666666666657,0.16666666666666657,0.16666666666666657
129,129.0,129.7,0.16666666666666657,0.16666666666666657,0.16666666666666657,0.16666666666666657,0.16666666666666657,0.16666666666666657
130,130.0,130.7,0.16666666666666657,0.16666666666666657,0.16666666666666657,0.16666666666666657,0.16666666666666657,0.16666666666666657
131,131.0,131.7,0.16666666666666657,0.16666666666666657,0.16666666666666657,0.16666666666666657,0.16666666666666657,0.16666666666666657
132,132.0,132.7,0.16666666666666657,0.16666666666666657,0.16666666666666657,0.16666666666666657,0.16666666666666657,0.16666666666666657
133,133.0,133.7,0.16666666666666657,0.16666666666666657,0.16666666666666657,0.16666666666666657,0.16666666666666657,0.16666666666666657
134,134.0,134.7,0.16666666666666657,0.16666666666666657,0.16666666666666657,0.16666666666666657,0.16666666666666657,0.16666666666666657
135,135.0,135.7,0.16666666666666657,0.16666666666666657,0.16666666666666657,0.16666666666666657,0.16666666666666657,0.16666666666666657
136,136.0,136.7,0.16666666666666657,0.16666666666666657,0.16666666666666657,0.16666666666666657,0.16666666666666657,0.16666666666666657
137,137.0,137.7,0.16666666666666657,0.16666666666666657,0.16666666666666657,0.16666666666666657,0.16666666666666657,0.16666666666666657
138,138.0,138.7,0.16666666666666657,0.16666666666666657,0.16666666666666657,0.16666666666666657,0.16666666666666657,0.16666666666666657
139,139.0,139.7,0.16666666666666657,0.16666666666666657,0.16666666666666657,0.16666666666666657,0.16666666666666657,0.16666666666666657
140,140.0,140.7,0.16666666666666657,0.16666666666666657,0.16666666666666657,0.16666666666666657,0.16666666666666657,0.16666666666666657
141,141.0,141.7,0.16666666666666657,0.16666666666666657,0.16666666666666657,0.16666666666666657,0.16666666666666657,0.16666666666666657
142,142.0,142.7,0.16666666666666657,0.16666666666666657,0.16666666666666657,0.16666666666666657,0.16666666666666657,0.16666666666666657
143,143.0,143.7,0.16666666666666657,0.16666666666666657,0.16666666666666657,0.16666666666666657,0.16666666666666657,0.16666666666666657
144,144.0,144.7,0.16666666666666657,0.16666666666666657,0.16666666666666657,0.16666666666666657,0.16666666666666657,0.16666666666666657
145,145.0,145.7,0.16666666666666657,0.16666666666666657,0.16666666666666657,0.16666666666666657,0.16666666666666657,0.16666666666666657
146,146.0,146.7,0.16666666666666657,0.16666666666666657,0.16666666666666657,0.16666666666666657,0.16666666666666657,0.16666666666666657
147,147.0,147.7,0.16666666666666657,0.16666666666666657,0.16666666666666657,0.16666666666666657,0.16666666666666657,0.16666666666666657
148,148.0,148.7,0.16666666666666657,0.16666666666666657,0.16666666666666657,0.16666666666666657,0.16666666666666657,0.16666666666666657
149,149.0,149.7,0.16666666666666657,0.16666666666666657,0.16666666666666657,0.16666666666666657,0.16666666666666657,0.16666666666666657
150,150.0,150.7,0.16666666666666657,0.16666666666666657,0.16666666666666657,0.16666666666666657,0.16666666666666657,0.16666666666666657
151,151.0,151.7,0.16666666666666657,0.16666666666666657,0.16666666666666657,0.16666666666666657,0.16666666666666657,0.16666666666666657
152,152.0,152.8,0.16666666666666657,0.16666666666666657,0.16666666666666657,0.16666666666666657,0.16666666666666657,0.16666666666666657
153,153.0,153.8,0.16666666666666657,0.16666666666666657,0.16666666666666657,0.16666666666666657,0.16666666666666657,0.16666666666666657
154,154.0,154.8,0.16666666666666657,0.16666666666666657,0.16666666666666657,0.16666666666666657,0.16666666666666657,0.16666666666666657
155,155.0,155.8,0.16666666666666657,0.16666666666666657,0.16666666666666657,0.16666666666666657,0.16666666666666657,0.16666666666666657
156,156.0,156.8,0.16666666666666657,0.16666666666666657,0.16666666666666657,0.16666666666666657,0.16666666666666657,0.16666666666666657
157,157.0,157.8,0.16666666666666657,0.16666666666666657,0.16666666666666657,0.16666666666666657,0.16666666666666657,0.16666666666666657
158,158.0,158.8,0.16666666666666657,0.16666666666666657,0.16666666666666657,0.16666666666666657,0.16666666666666657,0.16666666666666657
159,159.0,159.8,0.16666666666666657,0.16666666666666657,0.16666666666666657,0.16666666666666657,0.16666666666666657,0.16666666666666657
160,160.0,160.8,0.16666666666666657,0.16666666666666657,0.16666666666666657,0.16666666666666657,0.16666666666666657,0.16666666666666657
161,161.0,161.8,0.16666666666666657,0.16666666666666657,0.16666666666666657,0.16666666666666657,0.16666666666666657,0.16666666666666657
162,162.0,162.8,0.16666666666666657,0.16666666666666657,0.16666666666666657,0.16666666666666657,0.16666666666666657,0.16666666666666657
163,163.0,163.8,0.16666666666666657,0.16666666666666657,0.16666666666666657,0.16666666666666657,0.16666666666666657,0.16666666666666657
164,164.0,164.8,0.16666666666666657,0.16666666666666657,0.16666666666666657,0.16666666666666657,0.16666666666666657,0.16666666666666657
165,165.0,165.8,0.16666666666666657,0.16666666666666657,0.16666666666666657,0.16666666666666657,0.16666666666666657,0.16666666666666657
166,166.0,166.9,0.16666666666666657,0.16666666666666657,0.16666666666666657,0.16666666666666657,0.16666666666666657,0.16666666666666657
167,167.0,167.9,0.16666666666666657,0.16666666666666657,0.16666666666666657,0.16666666666666657,0.16666666666666657,0.16666666666666657
168,168.0,168.9,0.16666666666666657,0.16666666666666657,0.16666666666666657,0.16666666666666657,0.16666666666666657,0.16666666666666657
169,169.0,169.9,0.16666666666666657,0.16666666666666657,0.16666666666666657,0.16666666666666657,0.16666666666666657,0.16666666666666657
170,170.0,170.9,0.16666666666666657,0.16666666666666657,0.16666666666666657,0.16666666666666657,0.16666666666666657,0.16666666666666657
171,171.0,171.9,0.16666666666666657,0.16666666666666657,0.16666666666666657,0.16666666666666657,0.16666666666666657,0.16666666666666657
172,172.0,172.9,0.16666666666666657,0.16666666666666657,0.16666666666666657,0.16666666666666657,0.16666666666666657,0.16666666666666657
173,173.0,173.9,0.16666666666666657,0.16666666666666657,0.16666666666666657,0.16666666666666657,0.16666666666666657,0.16666666666666657
174,174.0,174.9,0.16666666666666657,0.16666666666666657,0.16666666666666657,0.16666666666666657,0.16666666666666657,0.16666666666666657
175,175.0,175.9,0.16666666666666657,0.16666666666666657,0.16666666666666657,0.16666666666666657,0.16666666666666657,0.16666666666666657
176,176.0,176.9,0.16666666666666657,0.16666666666666657,0.16666666666666657,0.16666666666666657,0.16666666666666657,0.16666666666666657
177,177.0,177.9,0.16666666666666657,0.16666666666666657,0.16666666666666657,0.16666666666666657,0.16666666666666657,0.16666666666666657
178,178.0,178.9,0.16666666666666657,0.16666666666666657,0.16666666666666657,0.16666666666666657,0.16666666666666657,0.16666666666666657
179,179.0,179.9,0.16666666666666657,0.16666666666666657,0.16666666666666657,0.16666666666666657,0.16666666666666657,0.16666666666666657
180,180.0,180.9,0.16666666666666657,0.16666666666666657,0.16666666666666657,0.16666666666666657,0.16666666666666657,0.16666666666666657
181,181.0,181.9,0.16666666666666657,0.16666666666666657,0.16666666666666657,0.16666666666666657,0.16666666666666657,0.16666666666666657
182,182.0,182.9,0.16666666666666657,0.16666666666666657,0.16666666666666657,0.16666666666666657,0.16666666666666657,0.16666666666666657
183,183.0,183.9,0.16666666666666657,0.16666666666666657,0.16666666666666657,0.16666666666666657,0.16666666666666657,0.16666666666666657
184,184.0,184.9,0.16666666666666657,0.16666666666666657,0.16666666666666657,0.16666666666666657,0.16666666666666657,0.16666666666666657
185,185.0,185.9,0.16666666666666657,0.16666666666666657,0.16666666666666657,0.16666666666666657,0.16666666666666657,0.16666666666666657
186,186.0,186.9,0.16666666666666657,0.16666666666666657,0.16666666666666657,0.16666666666666657,0.16666666666666657,0.16666666666666657
187,187.0,187.9,0.16666666666666657,0.16666666666666657,0.16666666666666657,0.16666666666666657,0.16666666666666657,0.16666666666666657
188,188.0,188.9,0.16666666666666657,0.16666666666666657,0.16666666666666657,0.16666666666666657,0.16666666666666657,0.16666666666666657
189,189.0,189.9,0.16666666666666657,0.16666666666666657,0.16666666666666657,0.16666666666666657,0.16666666666666657,0.16666666666666657
190,190.0,190.9,0.16666666666666657,0.16666666666666657,0.16666666666666657,0.16666666666666657,0.16666666666666657,0.16666666666666657
191,191.0,191.9,0.16666666666666657,0.16666666666666657,0.16666666666666657,0.16666666666666657,0.16666666666666657,0.16666666666666657
192,192.0,192.9,0.16666666666666657,0.16666666666666657,0.16666666666666657,0.16666666666666657,0.16666666666666657,0.16666666666666657
193,193.0,193.9,0.16666666666666657,0.16666666666666657,0.16666666666666657,0.16666666666666657,0.16666666666666657,0.16666666666666657
194,194.0,194.9,0.16666666666666657,0.16666666666666657,0.16666666666666657,0.16666666666666657,0.16666666666666657,0.16666666666666657
195,195.0,195.9,0.16666666666666657,0.16666666666666657,0.16666666666666657,0.16666666666666657,0.16666666666666657,0.16666666666666657
196,196.0,196.9,0.16666666666666657,0.16666666666666657,0.16666666666666657,0.16666666666666657,0.16666666666666657,0.16666666666666657
197,197.0,197.9,0.16666666666666657,0.16666666666666657,0.16666666666666657,0.16666666666666657,0.16666666666666657,0.16666666666666657
198,198.0,198.9,0.16099274608736602,0.15105955664342643,0.16353116181233987,0.16162395499598128,0.15888926413694654,0.20390331632393943
199,199.0,199.9,0.13289148017283595,0.13545163648254932,0.13560005089600946,0.15604494697504823,0.21449616580754025,0.22551571966601647
200,200.0,200.9,0.11953638778809487,0.13459392399187933,0.14010410451282812,0.14913257925263207,0.23569325273096348,0.22093975172360197
201,201.0,201.9,0.11999251767983814,0.1357673546423656,0.13964078170525113,0.15011423127997997,0.23295988636955672,0.2215252283230083
202,202.0,202.9,0.11944960103371893,0.13669933778315246,0.13964035012699688,0.1493998767105464,0.23059439706056187,0.22421643728502322
203,203.0,203.9,0.12045582916113044,0.1383792867334586,0.13635819111554456,0.14776035869810505,0.23228625466525368,0.22476007962650754
204,204.0,204.9,0.12008751814431487,0.13350197818140883,0.13743741779846075,0.14962983987875977,0.23331306500193733,0.22603018099511824
205,205.0,205.9,0.11680417084386212,0.13572994377099135,0.1385210913311115,0.15118389455447787,0.23117965174967986,0.22658124774987715
206,206.0,206.9,0.1178944780308846,0.13581977336122236,0.14029506764752148,0.1516433767436329,0.22790416606962577,0.22644313814711267
207,207.0,207.9,0.11928242574730422,0.13140078002242542,0.1419288773393242,0.15259899466232338,0.2274584736738877,0.2273304485547349
208,208.0,208.9,0.12041344389812673,0.13073751103528883,0.14439650927572792,0.14932161895770651,0.22453909524283996,0.23059182159030983
209,209.0,209.9,0.1199834828626323,0.1329681083712152,0.14669775870092322,0.1494444204011774,0.22212780034168572,0.22877842932236597
210,210.0,210.9,0.12041951102028059,0.1329593135322009,0.1451311835371538,0.15123475843286255,0.22055133434726085,0.22970389913024114
211,211.0,211.9,0.12154927218047507,0.13350040651257966,0.14477949363602172,0.15052607037341695,0.21951863799030588,0.23012611930720048
212,212.0,212.9,0.12316599071679173,0.1303528389203484,0.1473627629495365,0.14555637429988738,0.22002275953538875,0.23353927357804696
213,213.0,213.9,0.12361691665778989,0.13200884723242137,0.14816316732196538,0.14637987143150794,0.22164103721057576,0.22819016014573953
214,214.0,214.9,0.1242566422246569,0.13117923954291283,0.14464337310468972,0.14822085500489082,0.2264515479755353,0.22524834214731423
215,215.0,216.0,0.12357286293604033,0.13119722721419522,0.14851933610522913,0.14708408929141514,0.22417158103026452,0.2254549034228554
216,216.0,217.0,0.1242392313853528,0.12910127170723104,0.14812128174515618,0.14984970808935422,0.22324099767361724,0.22544750939928834
217,217.0,218.0,0.12605599093685005,0.13086303189435852,0.14571100772465367,0.15019067035298428,0.2228939783905853,0.22428532070056803
218,218.0,219.0,0.12541261453831745,0.13015692879887336,0.14272582826228447,0.15178619421754685,0.22697744978599235,0.22294098439698531
219,219.0,220.0,0.12663887731882495,0.13200220099154916,0.14240083708931453,0.1482142204246756,0.2262526028940875,0.22449126128154812
220,220.0,221.0,0.12691615778235482,0.13085396985509107,0.14282304641859728,0.14649249885942192,0.22634291477947538,0.22657141230505942
221,221.0,222.0,0.12810435700457326,0.12503118758746978,0.1431596005289583,0.14770476446984984,0.22929449094885826,0.2267055994602905
222,222.0,223.0,0.12905108157888848,0.1235758218543042,0.1380616385528945,0.15028777446254946,0.22885098930808828,0.2301726942432749
223,223.0,224.0,0.12960318664540108,0.1256175896809046,0.14036449276654833,0.14988238211359645,0.22583166088601042,0.228700687907539
224,224.0,225.0,0.13065390320201747,0.12653655609192355,0.1420576478307654,0.15714308224648993,0.2240637262318043,0.21954508439699918
225,225.0,226.0,0.13144499707929516,0.12779253189405326,0.13814773975991398,0.15956632279257488,0.22265484287612294,0.22039356559803958
226,226.0,227.0,0.1313612104402575,0.12675675482797705,0.13807493384797037,0.16075133634313618,0.22129289711279282,0.2217628674278659
227,227.0,228.0,0.13114768585498396,0.11841915014695321,0.14049287429762697,0.16449835367418034,0.22509169775260657,0.2203502382736488
228,228.0,229.0,0.1309955083869043,0.11847660780971885,0.14064200459640297,0.1695020505234028,0.22386910078815808,0.21651472789541285
229,229.0,230.0,0.13320244632742478,0.11737133741727339,0.1403179634589861,0.17385761165592362,0.2232287373494068,0.21202190379098534
230,230.0,231.0,0.13321717716008608,0.11845397350674298,0.1399296686419477,0.175308644578752,0.21998845758913563,0.21310207852333538
231,231.0,232.0,0.12312243248038324,0.12333272684148408,0.14104147523267085,0.17763675338296334,0.22134545748535173,0.21352115457714665
232,232.0,233.0,0.12351873474427144,0.1259132199024793,0.13382609362882403,0.17630199667635876,0.2259420610634868,0.2144978939845795
233,233.0,234.0,0.1231058424187936,0.1262084179078074,0.13405405921080135,0.17703983976956944,0.22527500352398025,0.21431683716904776
234,234.0,235.0,0.12381128087306367,0.1261012611205864,0.13376457696727959,0.17799075342348863,0.22528417721858918,0.21304795039699242
235,235.0,236.0,0.1248512259607701,0.12443263099183813,0.13448292665144096,0.18000930735724413,0.2238878814731172,0.21233602756558936
236,236.0,237.0,0.12287421403361613,0.12565034086168256,0.13570243257007222,0.17813675114394473,0.22390116606061125,0.21373509533007296
237,237.0,238.0,0.12215618490301505,0.12538091734844697,0.13605827393046294,0.17619783190068228,0.22412418059982073,0.21608261131757184
238,238.0,239.0,0.12327580489584371,0.1263850490725484,0.13659225241197545,0.17338554080364005,0.22135009473903983,0.21901125807695232
239,239.0,240.0,0.12318332738003561,0.12681827959618625,0.13711255729468713,0.17323621895024693,0.21888036013475035,0.2207692566440936
240,240.0,241.0,0.12302700251477483,0.1265598449209898,0.1373290291471308,0.17337083103036796,0.21939530192216372,0.22031799046457262
241,241.0,242.0,0.11648609870422284,0.12799412796771814,0.13873188357799954,0.17456349979061023,0.22048476302774422,0.22173962693170482
242,242.0,243.0,0.11642498001224491,0.12590702261782544,0.13929766499578625,0.1707614356600577,0.22245442194628667,0.22515447476779885
243,243.0,244.0,0.11952823335655813,0.12677758530868183,0.13822579463620063,0.16897691183312685,0.2181492877310212,0.22834218713441126
244,244.0,245.0,0.11919610141328259,0.12854028879837062,0.1390639883504197,0.17052955166027667,0.2158947780008002,0.22677529177685005
245,245.0,246.0,0.11871392712961079,0.13349482826951548,0.13937588746148194,0.16123852560746207,0.22021491434846613,0.22696191718346345
246,246.0,247.0,0.11476783491415457,0.13294031872649067,0.14496208828422055,0.1613698881918438,0.21769082198567036,0.22826904789761984
247,247.0,248.0,0.1146123515371198,0.13364815494669563,0.14463866049315288,0.162469472630761,0.21650306041526796,0.22812829997700254
248,248.0,249.0,0.11977176875894824,0.13398207324943343,0.14195019917208831,0.16235256260548944,0.21419428452401337,0.22774911169002707
249,249.0,250.0,0.11957526531492269,0.13322405402838916,0.1407513993534224,0.1638932026584891,0.21481402038851088,0.2277420582562657
250,250.0,251.0,0.11876065374107592,0.1319581264657993,0.14017551489194752,0.16236019611414676,0.21806379918506172,0.22868170960196865
251,251.0,252.0,0.11869996636644668,0.13144759113709834,0.13993671482989084,0.1629738795297579,0.21867862131803237,0.22826322681877373
252,252.0,253.0,0.11725852530379877,0.13218201772149768,0.138646986405781,0.16379597960547035,0.22017128847574075,0.22794520248771127
253,253.0,254.0,0.11662461326182805,0.13426864184546472,0.13776336920610613,0.16801820056729377,0.21374081240139958,0.22958436271790758
254,254.0,255.0,0.11390761020396367,0.13594804108896408,0.13832441841673043,0.1665918025181738,0.21439878667891055,0.23082934109325737
255,255.0,256.1,0.11407660718170258,0.13912002946737118,0.13691805181432354,0.16770019394106767,0.20961946295092676,0.23256565464460813
256,256.0,257.1,0.11427899230513743,0.15122459156250906,0.13717164476538773,0.1704442799964589,0.19783044749933287,0.22905004387117392
257,257.0,258.1,0.11336104816730481,0.15123595766401685,0.13683619454260307,0.16880012911672776,0.19819961933183589,0.23156705117751147
258,258.0,259.1,0.11305003459678128,0.15039794100206377,0.1375147612643623,0.17061980587670783,0.19811687391937588,0.23030058334070874
259,259.0,260.1,0.11370594415620727,0.15003278927094116,0.13752565259971866,0.17035706169136497,0.19936598559460955,0.22901256668715822
260,260.0,261.1,0.11384280162878986,0.1499014513592156,0.13800404754243373,0.1692011866395861,0.20242408454555885,0.22662642828441565
261,261.0,262.1,0.11426531412963467,0.14775837426300953,0.1382013510737246,0.16473900143828443,0.20593590767618478,0.22910005141916182
262,262.0,263.1,0.1148884535082545,0.147278062666149,0.1369802212797001,0.165698027943825,0.20515457884369845,0.23000065575837278
263,263.0,264.1,0.11561947664461487,0.14389767287999022,0.1384178258577375,0.166149336501266,0.20569078366823992,0.23022490444815139
264,264.0,265.1,0.11544842439649756,0.1447471274529464,0.13964022612143645,0.16451183981907874,0.205135578515356,0.2305168036946848
265,265.0,266.1,0.11481823296836444,0.14084511953349732,0.14078994739256517,0.16432044071090432,0.19632740222618417,0.2428988571684844
266,266.0,267.1,0.11450354589224651,0.15338109556862708,0.14196015802818931,0.16362686882429658,0.19747104737508775,0.2290572843115526
267,267.0,268.1,0.11363040155041315,0.1587365714514616,0.1409551951180238,0.1698598507645821,0.19159623832046138,0.22522174279505774
268,268.0,269.1,0.11384778276487625,0.1598069300874375,0.1440296004431089,0.168730534256413,0.19134756984055762,0.22223758260760662
269,269.0,270.1,0.11466034648302488,0.15406582666556845,0.14419471366042774,0.1796381598859173,0.1877986628784721,0.2196422904265894
270,270.0,271.1,0.11424023516651058,0.1540147764187569,0.14397347577465855,0.17974608276594856,0.18719666554867795,0.22082876432544726
271,271.0,272.1,0.11444978017653404,0.153749106638948,0.14396685919998217,0.18021030616190056,0.18569576389933923,0.22192818392329583
272,272.0,273.1,0.11519695461648985,0.15247622526607124,0.14315889007033977,0.18176893466791824,0.18654481175008236,0.2208541836290984
273,273.0,274.1,0.11468289603958134,0.15236328266396718,0.14381889748249763,0.18250709156494654,0.18700393503523802,0.21962389721376913
274,274.0,275.1,0.11504290458207433,0.1513960137620381,0.14306232777537933,0.18297248854287151,0.18791677050941602,0.21960949482822056
275,275.0,276.1,0.11479398780151147,0.15532884035019776,0.14354334636125865,0.1817949247381115,0.18366727502061567,0.22087162572830482
276,276.0,277.1,0.11197632045897284,0.1590569937840565,0.143888764800141,0.18140901209299193,0.18478559555308532,0.2188833133107523
277,277.0,278.1,0.12338233336042055,0.15398100403029216,0.14564527173244354,0.1765718429811389,0.18493458721207306,0.2154849606836316
278,278.0,279.1,0.12019404236162105,0.1602467100477816,0.14533057062088736,0.18022247706116493,0.1757819698277911,0.21822423008075376
279,279.0,280.1,0.12416560320336209,0.15546536874428576,0.14515145361505682,0.18168042692110437,0.1751605086934801,0.21837663882271063
280,280.0,281.1,0.12421905360434433,0.15893338616064548,0.14146917258973138,0.18278958152541838,0.1755866541562302,0.21700215196363004
281,281.0,282.1,0.1255997106514573,0.15501705499555898,0.14226476173344108,0.18546761966273032,0.17653796309012626,0.21511288986668595
282,282.0,283.1,0.12697588858087483,0.153908556655464,0.13995127879585711,0.18604483753359038,0.17445674621651397,0.21866269221769946
283,283.0,284.1,0.12907536789349167,0.15301268770024556,0.1345528411482528,0.18900389650639174,0.1753082851499052,0.21904692160171294
284,284.0,285.1,0.1296441283467738,0.1586888978300359,0.13432699884039623,0.19028994378935385,0.16768635582167862,0.21936367537176146
285,285.0,286.1,0.12931388370835903,0.15241164336065444,0.13588989485475658,0.19071657900613387,0.16704766824666176,0.22462033082343408
286,286.0,287.1,0.1291761352148854,0.15222423582133138,0.13503199636076887,0.1951354694244762,0.16757805960511746,0.22085410357342053
287,287.0,288.1,0.12878437337711365,0.1502995717414579,0.1357304671424692,0.19847326465862855,0.16785095876007478,0.21886136432025585
288,288.0,289.1,0.12712221799443135,0.15383143512024525,0.13574533513192716,0.19945808287033448,0.16642087459671331,0.2174220542863483
289,289.0,290.1,0.1253805823083725,0.15325960030251856,0.1350290974963996,0.19988552146326155,0.16847643054307201,0.21796876788637562
290,290.0,291.1,0.12416959460157873,0.15259142380844704,0.13727383439962773,0.19891996421596508,0.16877530245622124,0.21826988051815993
291,291.0,292.1,0.12637377414983542,0.15386898139012786,0.13049436986598667,0.20065671633103999,0.17026572643114504,0.21834043183186486
292,292.0,293.1,0.127068104689975,0.1543604771355495,0.13095481905082418,0.19867052314051362,0.17230959863324463,0.21663647734989291
293,293.0,294.1,0.12495179524599216,0.1543811035165782,0.13455083296056297,0.20253320412323075,0.17365077431423911,0.2099322898393967
294,294.0,295.1,0.1253003836184389,0.15692654718869783,0.13616673723993583,0.2044397823157998,0.17449202204835063,0.2026745275887769
295,295.0,296.1,0.12582913368615062,0.15129924718396554,0.13925989155699092,0.20552522222460218,0.1703194960350671,0.2077670093132235
