,Unnamed: 0,Total_iterations,Intertwine_two,Invert_path_vertices,Insert_inside_vertex,Delete_inside_vertex,MSC_add_terminal,MSC_del_terminal
0,0.0,0.0,0.16666666666666657,0.16666666666666657,0.16666666666666657,0.16666666666666657,0.16666666666666657,0.16666666666666657
1,1.0,0.10900000000000001,0.16666666666666657,0.16666666666666657,0.16666666666666657,0.16666666666666657,0.16666666666666657,0.16666666666666657
2,2.0,0.31601,0.16666666666666657,0.16666666666666657,0.16666666666666657,0.16666666666666657,0.16666666666666657,0.16666666666666657
3,3.0,0.6191589000000001,0.16666666666666657,0.16666666666666657,0.16666666666666657,0.16666666666666657,0.16666666666666657,0.16666666666666657
4,4.0,1.015801321,0.16666666666666657,0.16666666666666657,0.16666666666666657,0.16666666666666657,0.16666666666666657,0.16666666666666657
5,5.0,1.50262148669,0.16666666666666657,0.16666666666666657,0.16666666666666657,0.16666666666666657,0.16666666666666657,0.16666666666666657
6,6.0,2.0757334209441005,0.16666666666666657,0.16666666666666657,0.16666666666666657,0.16666666666666657,0.16666666666666657,0.16666666666666657
7,7.0,2.7307768275633495,0.16666666666666657,0.16666666666666657,0.16666666666666657,0.16666666666666657,0.16666666666666657,0.16666666666666657
8,8.0,3.4630081252450404,0.16666666666666657,0.16666666666666657,0.16666666666666657,0.16666666666666657,0.16666666666666657,0.16666666666666657
9,9.0,4.2673862119061114,0.16666666666666657,0.16666666666666657,0.16666666666666657,0.16666666666666657,0.16666666666666657,0.16666666666666657
10,10.0,5.138652627782014,0.16666666666666657,0.16666666666666657,0.16666666666666657,0.16666666666666657,0.16666666666666657,0.16666666666666657
11,11.0,6.071405875792507,0.16666666666666657,0.16666666666666657,0.16666666666666657,0.16666666666666657,0.16666666666666657,0.16666666666666657
12,12.0,7.060169740244025,0.16666666666666657,0.16666666666666657,0.16666666666666657,0.16666666666666657,0.16666666666666657,0.16666666666666657
13,13.0,8.099455520847952,0.16666666666666657,0.16666666666666657,0.16666666666666657,0.16666666666666657,0.16666666666666657,0.16666666666666657
14,14.0,9.183818168183006,0.16666666666666657,0.16666666666666657,0.16666666666666657,0.16666666666666657,0.16666666666666657,0.16666666666666657
15,15.0,10.307906369102724,0.16666666666666657,0.16666666666666657,0.16666666666666657,0.16666666666666657,0.16666666666666657,0.16666666666666657
16,16.0,11.466506686239443,0.16666666666666657,0.16666666666666657,0.16666666666666657,0.16666666666666657,0.16666666666666657,0.16666666666666657
17,17.0,12.654581904800096,0.16666666666666657,0.16666666666666657,0.16666666666666657,0.16666666666666657,0.16666666666666657,0.16666666666666657
18,18.0,13.867303782456686,0.16666666666666657,0.16666666666666657,0.16666666666666657,0.16666666666666657,0.16666666666666657,0.16666666666666657
19,19.0,15.100080434523047,0.16666666666666657,0.16666666666666657,0.16666666666666657,0.16666666666666657,0.16666666666666657,0.16666666666666657
20,20.0,16.348578617037543,0.16666666666666657,0.16666666666666657,0.16666666666666657,0.16666666666666657,0.16666666666666657,0.16666666666666657
21,21.0,17.608741195130214,0.16666666666666657,0.16666666666666657,0.16666666666666657,0.16666666666666657,0.16666666666666657,0.16666666666666657
22,22.0,18.876800103462312,0.16666666666666657,0.16666666666666657,0.16666666666666657,0.16666666666666657,0.16666666666666657,0.16666666666666657
23,23.0,20.14928511992658,0.16666666666666657,0.16666666666666657,0.16666666666666657,0.16666666666666657,0.16666666666666657,0.16666666666666657
24,24.0,21.423028783545156,0.16666666666666657,0.16666666666666657,0.16666666666666657,0.16666666666666657,0.16666666666666657,0.16666666666666657
25,25.0,22.695167792966423,0.16666666666666657,0.16666666666666657,0.16666666666666657,0.16666666666666657,0.16666666666666657,0.16666666666666657
26,26.0,23.963141223515898,0.16666666666666657,0.16666666666666657,0.16666666666666657,0.16666666666666657,0.16666666666666657,0.16666666666666657
27,27.0,25.224685898775267,0.16666666666666657,0.16666666666666657,0.16666666666666657,0.16666666666666657,0.16666666666666657,0.16666666666666657
28,28.0,26.477829247520948,0.16666666666666657,0.16666666666666657,0.16666666666666657,0.16666666666666657,0.16666666666666657,0.16666666666666657
29,29.0,27.720879968916847,0.16666666666666657,0.16666666666666657,0.16666666666666657,0.16666666666666657,0.16666666666666657,0.16666666666666657
30,30.0,28.95241681848399,0.16666666666666657,0.16666666666666657,0.16666666666666657,0.16666666666666657,0.16666666666666657,0.16666666666666657
31,31.0,30.17127581490958,0.16666666666666657,0.16666666666666657,0.16666666666666657,0.16666666666666657,0.16666666666666657,0.16666666666666657
32,32.0,31.376536153543515,0.16666666666666657,0.16666666666666657,0.16666666666666657,0.16666666666666657,0.16666666666666657,0.16666666666666657
33,33.0,32.567505096778625,0.16666666666666657,0.16666666666666657,0.16666666666666657,0.16666666666666657,0.16666666666666657,0.16666666666666657
34,34.0,33.74370209472243,0.16666666666666657,0.16666666666666657,0.16666666666666657,0.16666666666666657,0.16666666666666657,0.16666666666666657
35,35.0,34.90484237192463,0.16666666666666657,0.16666666666666657,0.16666666666666657,0.16666666666666657,0.16666666666666657,0.16666666666666657
36,36.0,36.05082019768737,0.16666666666666657,0.16666666666666657,0.16666666666666657,0.16666666666666657,0.16666666666666657,0.16666666666666657
37,37.0,37.18169203889697,0.16666666666666657,0.16666666666666657,0.16666666666666657,0.16666666666666657,0.16666666666666657,0.16666666666666657
38,38.0,38.29765977559663,0.16666666666666657,0.16666666666666657,0.16666666666666657,0.16666666666666657,0.16666666666666657,0.16666666666666657
39,39.0,39.399054140870355,0.16666666666666657,0.16666666666666657,0.16666666666666657,0.16666666666666657,0.16666666666666657,0.16666666666666657
40,40.0,40.48631852820801,0.16666666666666657,0.16666666666666657,0.16666666666666657,0.16666666666666657,0.16666666666666657,0.16666666666666657
41,41.0,41.55999329152982,0.16666666666666657,0.16666666666666657,0.16666666666666657,0.16666666666666657,0.16666666666666657,0.16666666666666657
42,42.0,42.62070064560415,0.16666666666666657,0.16666666666666657,0.16666666666666657,0.16666666666666657,0.16666666666666657,0.16666666666666657
43,43.0,43.669130257815,0.16666666666666657,0.16666666666666657,0.16666666666666657,0.16666666666666657,0.16666666666666657,0.16666666666666657
44,44.0,44.70602560622662,0.16666666666666657,0.16666666666666657,0.16666666666666657,0.16666666666666657,0.16666666666666657,0.16666666666666657
45,45.0,45.73217116373481,0.16666666666666657,0.16666666666666657,0.16666666666666657,0.16666666666666657,0.16666666666666657,0.16666666666666657
46,46.0,46.748380453854836,0.16666666666666657,0.16666666666666657,0.16666666666666657,0.16666666666666657,0.16666666666666657,0.16666666666666657
47,47.0,47.755485010424316,0.16666666666666657,0.16666666666666657,0.16666666666666657,0.16666666666666657,0.16666666666666657,0.16666666666666657
48,48.0,48.7543242612326,0.16666666666666657,0.16666666666666657,0.16666666666666657,0.16666666666666657,0.16666666666666657,0.16666666666666657
49,49.0,49.745736344347726,0.16666666666666657,0.16666666666666657,0.16666666666666657,0.16666666666666657,0.16666666666666657,0.16666666666666657
50,50.0,50.730549855707864,0.16666666666666657,0.16666666666666657,0.16666666666666657,0.16666666666666657,0.16666666666666657,0.16666666666666657
51,51.0,51.70957651737491,0.16666666666666657,0.16666666666666657,0.16666666666666657,0.16666666666666657,0.16666666666666657,0.16666666666666657
52,52.0,52.68360474770151,0.16666666666666657,0.16666666666666657,0.16666666666666657,0.16666666666666657,0.16666666666666657,0.16666666666666657
53,53.0,53.65339410751842,0.16666666666666657,0.16666666666666657,0.16666666666666657,0.16666666666666657,0.16666666666666657,0.16666666666666657
54,54.0,54.61967059027847,0.16666666666666657,0.16666666666666657,0.16666666666666657,0.16666666666666657,0.16666666666666657,0.16666666666666657
55,55.0,55.58312271885972,0.16666666666666657,0.16666666666666657,0.16666666666666657,0.16666666666666657,0.16666666666666657,0.16666666666666657
56,56.0,56.544398407394254,0.16666666666666657,0.16666666666666657,0.16666666666666657,0.16666666666666657,0.16666666666666657,0.16666666666666657
57,57.0,57.504102543001395,0.16666666666666657,0.16666666666666657,0.16666666666666657,0.16666666666666657,0.16666666666666657,0.16666666666666657
58,58.0,58.462795239617805,0.16666666666666657,0.16666666666666657,0.16666666666666657,0.16666666666666657,0.16666666666666657,0.16666666666666657
59,59.0,59.43099071417639,0.16666666666666657,0.16666666666666657,0.16666666666666657,0.16666666666666657,0.16666666666666657,0.16666666666666657
60,60.0,60.39905673413735,0.16666666666666657,0.16666666666666657,0.16666666666666657,0.16666666666666657,0.16666666666666657,0.16666666666666657
61,61.0,61.36732558476085,0.16666666666666657,0.16666666666666657,0.16666666666666657,0.16666666666666657,0.16666666666666657,0.16666666666666657
62,62.0,62.336094294474385,0.16666666666666657,0.16666666666666657,0.16666666666666657,0.16666666666666657,0.16666666666666657,0.16666666666666657
63,63.0,63.305625190271826,0.16666666666666657,0.16666666666666657,0.16666666666666657,0.16666666666666657,0.16666666666666657,0.16666666666666657
64,64.0,64.27614674458681,0.16666666666666657,0.16666666666666657,0.16666666666666657,0.16666666666666657,0.16666666666666657,0.16666666666666657
65,65.0,65.24785467602442,0.16666666666666657,0.16666666666666657,0.16666666666666657,0.16666666666666657,0.16666666666666657,0.16666666666666657
66,66.0,66.22091326755802,0.16666666666666657,0.16666666666666657,0.16666666666666657,0.16666666666666657,0.16666666666666657,0.16666666666666657
67,67.0,67.19545686726268,0.16666666666666657,0.16666666666666657,0.16666666666666657,0.16666666666666657,0.16666666666666657,0.16666666666666657
68,68.0,68.17159153832425,0.16666666666666657,0.16666666666666657,0.16666666666666657,0.16666666666666657,0.16666666666666657,0.16666666666666657
69,69.0,69.14939682689642,0.16666666666666657,0.16666666666666657,0.16666666666666657,0.16666666666666657,0.16666666666666657,0.16666666666666657
70,70.0,70.12892761834242,0.16666666666666657,0.16666666666666657,0.16666666666666657,0.16666666666666657,0.16666666666666657,0.16666666666666657
71,71.0,71.11021605446038,0.16666666666666657,0.16666666666666657,0.16666666666666657,0.16666666666666657,0.16666666666666657,0.16666666666666657
72,72.0,72.09327348642195,0.16666666666666657,0.16666666666666657,0.16666666666666657,0.16666666666666657,0.16666666666666657,0.16666666666666657
73,73.0,73.07809244032315,0.16666666666666657,0.16666666666666657,0.16666666666666657,0.16666666666666657,0.16666666666666657,0.16666666666666657
74,74.0,74.06464857443099,0.16666666666666657,0.16666666666666657,0.16666666666666657,0.16666666666666657,0.16666666666666657,0.16666666666666657
75,75.0,75.05290260938375,0.16666666666666657,0.16666666666666657,0.16666666666666657,0.16666666666666657,0.16666666666666657,0.16666666666666657
76,76.0,76.04280221474738,0.16666666666666657,0.16666666666666657,0.16666666666666657,0.16666666666666657,0.16666666666666657,0.16666666666666657
77,77.0,77.03428383742717,0.16666666666666657,0.16666666666666657,0.16666666666666657,0.16666666666666657,0.16666666666666657,0.16666666666666657
78,78.0,78.02727445946472,0.16666666666666657,0.16666666666666657,0.16666666666666657,0.16666666666666657,0.16666666666666657,0.16666666666666657
79,79.0,79.03169327470387,0.16666666666666657,0.16666666666666657,0.16666666666666657,0.16666666666666657,0.16666666666666657,0.16666666666666657
80,80.0,80.06735327567206,0.16666666666666657,0.16666666666666657,0.16666666666666657,0.16666666666666657,0.16666666666666657,0.16666666666666657
81,81.0,81.10377374378672,0.16666666666666657,0.16666666666666657,0.16666666666666657,0.16666666666666657,0.16666666666666657,0.16666666666666657
82,82.0,82.16051442765203,0.16666666666666657,0.16666666666666657,0.16666666666666657,0.16666666666666657,0.16666666666666657,0.16666666666666657
83,83.0,83.2169758988543,0.16666666666666657,0.16666666666666657,0.16666666666666657,0.16666666666666657,0.16666666666666657,0.16666666666666657
84,84.0,84.2726214639478,0.16666666666666657,0.16666666666666657,0.16666666666666657,0.16666666666666657,0.16666666666666657,0.16666666666666657
85,85.0,85.32697625789248,0.16666666666666657,0.16666666666666657,0.16666666666666657,0.16666666666666657,0.16666666666666657,0.16666666666666657
86,86.0,86.37962580986377,0.16666666666666657,0.16666666666666657,0.16666666666666657,0.16666666666666657,0.16666666666666657,0.16666666666666657
87,87.0,87.43021414853928,0.16666666666666657,0.16666666666666657,0.16666666666666657,0.16666666666666657,0.16666666666666657,0.16666666666666657
88,88.0,88.47844151186186,0.16666666666666657,0.16666666666666657,0.16666666666666657,0.16666666666666657,0.16666666666666657,0.16666666666666657
89,89.0,89.52406172373355,0.16666666666666657,0.16666666666666657,0.16666666666666657,0.16666666666666657,0.16666666666666657,0.16666666666666657
90,90.0,90.56687929718075,0.16666666666666657,0.16666666666666657,0.16666666666666657,0.16666666666666657,0.16666666666666657,0.16666666666666657
91,91.0,91.60674632031142,0.16666666666666657,0.16666666666666657,0.16666666666666657,0.16666666666666657,0.16666666666666657,0.16666666666666657
92,92.0,92.6435591779259,0.16666666666666657,0.16666666666666657,0.16666666666666657,0.16666666666666657,0.16666666666666657,0.16666666666666657
93,93.0,93.67725515799967,0.16666666666666657,0.16666666666666657,0.16666666666666657,0.16666666666666657,0.16666666666666657,0.16666666666666657
94,94.0,94.70780898848606,0.16666666666666657,0.16666666666666657,0.16666666666666657,0.16666666666666657,0.16666666666666657,0.16666666666666657
95,95.0,95.73522934603895,0.16666666666666657,0.16666666666666657,0.16666666666666657,0.16666666666666657,0.16666666666666657,0.16666666666666657
96,96.0,96.75955537437618,0.16666666666666657,0.16666666666666657,0.16666666666666657,0.16666666666666657,0.16666666666666657,0.16666666666666657
97,97.0,97.78085324613592,0.16666666666666657,0.16666666666666657,0.16666666666666657,0.16666666666666657,0.16666666666666657,0.16666666666666657
98,98.0,98.79921279825834,0.16666666666666657,0.16666666666666657,0.16666666666666657,0.16666666666666657,0.16666666666666657,0.16666666666666657
99,99.0,99.81474426718592,0.16666666666666657,0.16666666666666657,0.16666666666666657,0.16666666666666657,0.16666666666666657,0.16666666666666657
100,100.0,100.82757514654887,0.16666666666666657,0.16666666666666657,0.16666666666666657,0.16666666666666657,0.16666666666666657,0.16666666666666657
101,101.0,101.83784718651005,0.16666666666666657,0.16666666666666657,0.16666666666666657,0.16666666666666657,0.16666666666666657,0.16666666666666657
102,102.0,102.84571355061001,0.16666666666666657,0.16666666666666657,0.16666666666666657,0.16666666666666657,0.16666666666666657,0.16666666666666657
103,103.0,103.85133614279388,0.16666666666666657,0.16666666666666657,0.16666666666666657,0.16666666666666657,0.16666666666666657,0.16666666666666657
104,104.0,104.85488311433141,0.16666666666666657,0.16666666666666657,0.16666666666666657,0.16666666666666657,0.16666666666666657,0.16666666666666657
105,105.0,105.8565265575719,0.16666666666666657,0.16666666666666657,0.16666666666666657,0.16666666666666657,0.16666666666666657,0.16666666666666657
106,106.0,106.85644039091261,0.16666666666666657,0.16666666666666657,0.16666666666666657,0.16666666666666657,0.16666666666666657,0.16666666666666657
107,107.0,107.85479843701012,0.16666666666666657,0.16666666666666657,0.16666666666666657,0.16666666666666657,0.16666666666666657,0.16666666666666657
108,108.0,108.85177269412779,0.16666666666666657,0.16666666666666657,0.16666666666666657,0.16666666666666657,0.16666666666666657,0.16666666666666657
109,109.0,109.8475317985924,0.16666666666666657,0.16666666666666657,0.16666666666666657,0.16666666666666657,0.16666666666666657,0.16666666666666657
110,110.0,110.84223967462464,0.16666666666666657,0.16666666666666657,0.16666666666666657,0.16666666666666657,0.16666666666666657,0.16666666666666657
111,111.0,111.8360543663074,0.16666666666666657,0.16666666666666657,0.16666666666666657,0.16666666666666657,0.16666666666666657,0.16666666666666657
112,112.0,112.8291270451588,0.16666666666666657,0.16666666666666657,0.16666666666666657,0.16666666666666657,0.16666666666666657,0.16666666666666657
113,113.0,113.82160118567349,0.16666666666666657,0.16666666666666657,0.16666666666666657,0.16666666666666657,0.16666666666666657,0.16666666666666657
114,114.0,114.81361190027997,0.16666666666666657,0.16666666666666657,0.16666666666666657,0.16666666666666657,0.16666666666666657,0.16666666666666657
115,115.0,115.805285424423,0.16666666666666657,0.16666666666666657,0.16666666666666657,0.16666666666666657,0.16666666666666657,0.16666666666666657
116,116.0,116.7967387419075,0.16666666666666657,0.16666666666666657,0.16666666666666657,0.16666666666666657,0.16666666666666657,0.16666666666666657
117,117.0,117.78807934022448,0.16666666666666657,0.16666666666666657,0.16666666666666657,0.16666666666666657,0.16666666666666657,0.16666666666666657
118,118.0,118.77940508530753,0.16666666666666657,0.16666666666666657,0.16666666666666657,0.16666666666666657,0.16666666666666657,0.16666666666666657
119,119.0,119.77080420502918,0.16666666666666657,0.16666666666666657,0.16666666666666657,0.16666666666666657,0.16666666666666657,0.16666666666666657
120,120.0,120.76235537072839,0.16666666666666657,0.16666666666666657,0.16666666666666657,0.16666666666666657,0.16666666666666657,0.16666666666666657
121,121.0,121.75412786615038,0.16666666666666657,0.16666666666666657,0.16666666666666657,0.16666666666666657,0.16666666666666657,0.16666666666666657
122,122.0,122.74618183336867,0.16666666666666657,0.16666666666666657,0.16666666666666657,0.16666666666666657,0.16666666666666657,0.16666666666666657
123,123.0,123.73856858553145,0.16666666666666657,0.16666666666666657,0.16666666666666657,0.16666666666666657,0.16666666666666657,0.16666666666666657
124,124.0,124.73133097662264,0.16666666666666657,0.16666666666666657,0.16666666666666657,0.16666666666666657,0.16666666666666657,0.16666666666666657
125,125.0,125.72450381883849,0.16666666666666657,0.16666666666666657,0.16666666666666657,0.16666666666666657,0.16666666666666657,0.16666666666666657
126,126.0,126.71811433864436,0.16666666666666657,0.16666666666666657,0.16666666666666657,0.16666666666666657,0.16666666666666657,0.16666666666666657
127,127.0,127.71218266308318,0.16666666666666657,0.16666666666666657,0.16666666666666657,0.16666666666666657,0.16666666666666657,0.16666666666666657
128,128.0,128.7067223284473,0.16666666666666657,0.16666666666666657,0.16666666666666657,0.16666666666666657,0.16666666666666657,0.16666666666666657
129,129.0,129.70174080399056,0.16666666666666657,0.16666666666666657,0.16666666666666657,0.16666666666666657,0.16666666666666657,0.16666666666666657
130,130.0,130.69724002393957,0.16666666666666657,0.16666666666666657,0.16666666666666657,0.16666666666666657,0.16666666666666657,0.16666666666666657
131,131.0,131.69321692165428,0.16666666666666657,0.16666666666666657,0.16666666666666657,0.16666666666666657,0.16666666666666657,0.16666666666666657
132,132.0,132.68966396038098,0.16666666666666657,0.16666666666666657,0.16666666666666657,0.16666666666666657,0.16666666666666657,0.16666666666666657
133,133.0,133.68656965563122,0.16666666666666657,0.16666666666666657,0.16666666666666657,0.16666666666666657,0.16666666666666657,0.16666666666666657
134,134.0,134.6839190848001,0.16666666666666657,0.16666666666666657,0.16666666666666657,0.16666666666666657,0.16666666666666657,0.16666666666666657
135,135.0,135.6816943802041,0.16666666666666657,0.16666666666666657,0.16666666666666657,0.16666666666666657,0.16666666666666657,0.16666666666666657
136,136.0,136.67987520226566,0.16666666666666657,0.16666666666666657,0.16666666666666657,0.16666666666666657,0.16666666666666657,0.16666666666666657
137,137.0,137.6784391900984,0.16666666666666657,0.16666666666666657,0.16666666666666657,0.16666666666666657,0.16666666666666657,0.16666666666666657
138,138.0,138.6773623872469,0.16666666666666657,0.16666666666666657,0.16666666666666657,0.16666666666666657,0.16666666666666657,0.16666666666666657
139,139.0,139.67661964080804,0.16666666666666657,0.16666666666666657,0.16666666666666657,0.16666666666666657,0.16666666666666657,0.16666666666666657
140,140.0,140.676184972605,0.16666666666666657,0.16666666666666657,0.16666666666666657,0.16666666666666657,0.16666666666666657,0.16666666666666657
141,141.0,141.67603192149622,0.16666666666666657,0.16666666666666657,0.16666666666666657,0.16666666666666657,0.16666666666666657,0.16666666666666657
142,142.0,142.67613385628337,0.16666666666666657,0.16666666666666657,0.16666666666666657,0.16666666666666657,0.16666666666666657,0.16666666666666657
143,143.0,143.67646425902896,0.16666666666666657,0.16666666666666657,0.16666666666666657,0.16666666666666657,0.16666666666666657,0.16666666666666657
144,144.0,144.6769969789097,0.16666666666666657,0.16666666666666657,0.16666666666666657,0.16666666666666657,0.16666666666666657,0.16666666666666657
145,145.0,145.67770645701327,0.16666666666666657,0.16666666666666657,0.16666666666666657,0.16666666666666657,0.16666666666666657,0.16666666666666657
146,146.0,146.67856792273636,0.16666666666666657,0.16666666666666657,0.16666666666666657,0.16666666666666657,0.16666666666666657,0.16666666666666657
147,147.0,147.6795575626598,0.16666666666666657,0.16666666666666657,0.16666666666666657,0.16666666666666657,0.16666666666666657,0.16666666666666657
148,148.0,148.68065266296426,0.16666666666666657,0.16666666666666657,0.16666666666666657,0.16666666666666657,0.16666666666666657,0.16666666666666657
149,149.0,149.68183172660866,0.16666666666666657,0.16666666666666657,0.16666666666666657,0.16666666666666657,0.16666666666666657,0.16666666666666657
150,150.0,150.6830745666225,0.16666666666666657,0.16666666666666657,0.16666666666666657,0.16666666666666657,0.16666666666666657,0.16666666666666657
151,151.0,151.68436237696875,0.16666666666666657,0.16666666666666657,0.16666666666666657,0.16666666666666657,0.16666666666666657,0.16666666666666657
152,152.0,152.69567778251067,0.16666666666666657,0.16666666666666657,0.16666666666666657,0.16666666666666657,0.16666666666666657,0.16666666666666657
153,153.0,153.7069048696733,0.16666666666666657,0.16666666666666657,0.16666666666666657,0.16666666666666657,0.16666666666666657,0.16666666666666657
154,154.0,154.71794019942294,0.16666666666666657,0.16666666666666657,0.16666666666666657,0.16666666666666657,0.16666666666666657,0.16666666666666657
155,155.0,155.72869259420338,0.16666666666666657,0.16666666666666657,0.16666666666666657,0.16666666666666657,0.16666666666666657,0.16666666666666657
156,156.0,156.73908282356373,0.16666666666666657,0.16666666666666657,0.16666666666666657,0.16666666666666657,0.16666666666666657,0.16666666666666657
157,157.0,157.74904320175244,0.16666666666666657,0.16666666666666657,0.16666666666666657,0.16666666666666657,0.16666666666666657,0.16666666666666657
158,158.0,158.75851711010475,0.16666666666666657,0.16666666666666657,0.16666666666666657,0.16666666666666657,0.16666666666666657,0.16666666666666657
159,159.0,159.76745845652076,0.16666666666666657,0.16666666666666657,0.16666666666666657,0.16666666666666657,0.16666666666666657,0.16666666666666657
160,160.0,160.77583108373,0.16666666666666657,0.16666666666666657,0.16666666666666657,0.16666666666666657,0.16666666666666657,0.16666666666666657
161,161.0,161.78360813738098,0.16666666666666657,0.16666666666666657,0.16666666666666657,0.16666666666666657,0.16666666666666657,0.16666666666666657
162,162.0,162.79077140429308,0.16666666666666657,0.16666666666666657,0.16666666666666657,0.16666666666666657,0.16666666666666657,0.16666666666666657
163,163.0,163.797310630471,0.16666666666666657,0.16666666666666657,0.16666666666666657,0.16666666666666657,0.16666666666666657,0.16666666666666657
164,164.0,164.80322282772644,0.16666666666666657,0.16666666666666657,0.16666666666666657,0.16666666666666657,0.16666666666666657,0.16666666666666657
165,165.0,165.80851157697907,0.16666666666666657,0.16666666666666657,0.16666666666666657,0.16666666666666657,0.16666666666666657,0.16666666666666657
166,166.0,166.82318633553666,0.16666666666666657,0.16666666666666657,0.16666666666666657,0.16666666666666657,0.16666666666666657,0.16666666666666657
167,167.0,167.8371617548831,0.16666666666666657,0.16666666666666657,0.16666666666666657,0.16666666666666657,0.16666666666666657,0.16666666666666657
168,168.0,168.8503680147461,0.16666666666666657,0.16666666666666657,0.16666666666666657,0.16666666666666657,0.16666666666666657,0.16666666666666657
169,169.0,169.86274996847533,0.16666666666666657,0.16666666666666657,0.16666666666666657,0.16666666666666657,0.16666666666666657,0.16666666666666657
170,170.0,170.87426622714688,0.16666666666666657,0.16666666666666657,0.16666666666666657,0.16666666666666657,0.16666666666666657,0.16666666666666657
171,171.0,171.8848881976798,0.16666666666666657,0.16666666666666657,0.16666666666666657,0.16666666666666657,0.16666666666666657,0.16666666666666657
172,172.0,172.89459908918263,0.16666666666666657,0.16666666666666657,0.16666666666666657,0.16666666666666657,0.16666666666666657,0.16666666666666657
173,173.0,173.90339290064338,0.16666666666666657,0.16666666666666657,0.16666666666666657,0.16666666666666657,0.16666666666666657,0.16666666666666657
174,174.0,174.9112734019516,0.16666666666666657,0.16666666666666657,0.16666666666666657,0.16666666666666657,0.16666666666666657,0.16666666666666657
175,175.0,175.9182531191095,0.16666666666666657,0.16666666666666657,0.16666666666666657,0.16666666666666657,0.16666666666666657,0.16666666666666657
176,176.0,176.9243523333605,0.16666666666666657,0.16666666666666657,0.16666666666666657,0.16666666666666657,0.16666666666666657,0.16666666666666657
177,177.0,177.9295981028528,0.16666666666666657,0.16666666666666657,0.16666666666666657,0.16666666666666657,0.16666666666666657,0.16666666666666657
178,178.0,178.93402331436732,0.16666666666666657,0.16666666666666657,0.16666666666666657,0.16666666666666657,0.16666666666666657,0.16666666666666657
179,179.0,179.93766577158675,0.16666666666666657,0.16666666666666657,0.16666666666666657,0.16666666666666657,0.16666666666666657,0.16666666666666657
180,180.0,180.94056732536833,0.16666666666666657,0.16666666666666657,0.16666666666666657,0.16666666666666657,0.16666666666666657,0.16666666666666657
181,181.0,181.94277305051807,0.16666666666666657,0.16666666666666657,0.16666666666666657,0.16666666666666657,0.16666666666666657,0.16666666666666657
182,182.0,182.94433047264766,0.16666666666666657,0.16666666666666657,0.16666666666666657,0.16666666666666657,0.16666666666666657,0.16666666666666657
183,183.0,183.94528884783784,0.16666666666666657,0.16666666666666657,0.16666666666666657,0.16666666666666657,0.16666666666666657,0.16666666666666657
184,184.0,184.94569849703063,0.16666666666666657,0.16666666666666657,0.16666666666666657,0.16666666666666657,0.16666666666666657,0.16666666666666657
185,185.0,185.94561019633383,0.16666666666666657,0.16666666666666657,0.16666666666666657,0.16666666666666657,0.16666666666666657,0.16666666666666657
186,186.0,186.94507462374335,0.16666666666666657,0.16666666666666657,0.16666666666666657,0.16666666666666657,0.16666666666666657,0.16666666666666657
187,187.0,187.9441418621745,0.16666666666666657,0.16666666666666657,0.16666666666666657,0.16666666666666657,0.16666666666666657,0.16666666666666657
188,188.0,188.94286095814078,0.16666666666666657,0.16666666666666657,0.16666666666666657,0.16666666666666657,0.16666666666666657,0.16666666666666657
189,189.0,189.94127953492907,0.16666666666666657,0.16666666666666657,0.16666666666666657,0.16666666666666657,0.16666666666666657,0.16666666666666657
190,190.0,190.93944345868923,0.16666666666666657,0.16666666666666657,0.16666666666666657,0.16666666666666657,0.16666666666666657,0.16666666666666657
191,191.0,191.93739655548646,0.16666666666666657,0.16666666666666657,0.16666666666666657,0.16666666666666657,0.16666666666666657,0.16666666666666657
192,192.0,192.93518037704908,0.16666666666666657,0.16666666666666657,0.16666666666666657,0.16666666666666657,0.16666666666666657,0.16666666666666657
193,193.0,193.93283401268496,0.16666666666666657,0.16666666666666657,0.16666666666666657,0.16666666666666657,0.16666666666666657,0.16666666666666657
194,194.0,194.93039394463042,0.16666666666666657,0.16666666666666657,0.16666666666666657,0.16666666666666657,0.16666666666666657,0.16666666666666657
195,195.0,195.92789394393503,0.16666666666666657,0.16666666666666657,0.16666666666666657,0.16666666666666657,0.16666666666666657,0.16666666666666657
196,196.0,196.9253650038698,0.16666666666666657,0.16666666666666657,0.16666666666666657,0.16666666666666657,0.16666666666666657,0.16666666666666657
197,197.0,197.9228353077724,0.16666666666666657,0.16666666666666657,0.16666666666666657,0.16666666666666657,0.16666666666666657,0.16666666666666657
198,198.0,198.92033022820704,0.16609927460873652,0.16510595566434255,0.16635311618123388,0.16616239549959805,0.16588892641369457,0.17039033163239387
199,199.0,199.91787235431613,0.16272742987993277,0.16200005975595405,0.1632495901090225,0.1651052662421069,0.17067965373031166,0.17623800028267161
200,200.0,200.91548154427116,0.1580589008884643,0.15885349795660336,0.160630326613584,0.16337200994545267,0.17754918212838167,0.18153608246751357
201,201.0,201.91317499978797,0.1535176126543133,0.15589633966258915,0.15802139496592407,0.16176785017427045,0.18403986175652978,0.18675694078637284
202,202.0,202.9109673597552,0.14904091062922073,0.1531268056618528,0.155489507192598,0.16013613473432017,0.1901341247370939,0.19207251704491404
203,203.0,203.90887081012818,0.14481658852342358,0.15063794527743368,0.15272410072480327,0.15839627645688306,0.19619274990330546,0.19723233911415064
204,204.0,204.9068952073626,0.14073425993290165,0.14778765349081174,0.15017949847598705,0.1569109929476674,0.20210912863418373,0.20227846651844822
205,205.0,205.90504821279993,0.13652536205350074,0.14530233068871623,0.14787030299854229,0.155656831726256,0.20753256753042598,0.20711260500255865
206,206.0,206.9033354355655,0.1326491727686458,0.14297879925667614,0.14587593258380868,0.15452930547418345,0.2123225848112311,0.21164420510545476
207,207.0,207.90176058169888,0.12915185023654072,0.14037413137500582,0.14418857153036585,0.1535812343518817,0.21674484693696586,0.21595936556924006
208,208.0,208.90032560740195,0.12601866752783603,0.13787386986926306,0.14289411283399725,0.15239041037445286,0.2205400812743916,0.2202828581200593
209,209.0,209.8990308744607,0.12309975475015526,0.1357753306593475,0.14197424891420235,0.15130026102494654,0.2237546528276438,0.22409575182370473
210,210.0,210.89787530606895,0.12048517334713219,0.1338576936636407,0.1410369489678772,0.15047960200732163,0.22647385210126875,0.2276667299127597
211,211.0,211.8968565414557,0.11824436957716233,0.13217694586422807,0.1401991523717641,0.14967769164977007,0.22875863663429558,0.23094320390277995
212,212.0,212.8959710878892,0.11642236706385427,0.1303627506920171,0.1397492657792564,0.1484674865078572,0.23077295488208813,0.23422517507492704
213,213.0,213.89521446880048,0.11489509363250619,0.12889547675051782,0.13950054325494513,0.14743154047121798,0.23264016711915314,0.23663717877165988
214,214.0,214.89458136693264,0.11367173833123247,0.12752310313903667,0.13901133980200764,0.14667277070518386,0.23469171790992183,0.2384293301126177
215,215.0,215.90406576158222,0.11260818967015872,0.12632632701987062,0.13901497332744467,0.14589168218740267,0.23622771522774272,0.23993111256738078
216,216.0,216.91356105915105,0.1118272794527824,0.125088341963868,0.13907348169210854,0.14547718847223365,0.237396493136142,0.24113721528286564
217,217.0,217.92297121637148,0.11143025573161913,0.12419046072961203,0.13897558981878624,0.1451819655511157,0.2382721363707729,0.2419495917980942
218,218.0,218.93221064570616,0.11115485409477124,0.12337848302088061,0.13865632336561795,0.1451259043565845,0.23931478084167956,0.24236965432046637
219,219.0,219.9412040256503,0.11117219650409436,0.12290001476006984,0.13837717948943612,0.14478485480082892,0.2400573028657482,0.2427084515798228
220,220.0,220.94988602734352,0.11137019952698546,0.12244559207400912,0.13820840750979957,0.144340031700362,0.24059655687623216,0.24303921231261194
221,221.0,221.95820096859399,0.11182268175236298,0.12153841720760318,0.13813631452825076,0.14408244214257515,0.24123450668163843,0.2431856376875698
222,222.0,222.96610240603349,0.11248740496515638,0.12061135095831993,0.1376118675072575,0.1441451357631097,0.2416449111850993,0.24349932962105747
223,223.0,223.97355267566869,0.11330650312945903,0.12001081282558489,0.13737464832018534,0.1442224471736899,0.24158440317723617,0.243501185373845
224,224.0,224.98052239158366,0.11431172996815246,0.11961829291577844,0.1373603650027057,0.1450746968059005,0.2411956250818265,0.2424392902256367
225,225.0,225.98698991199132,0.11545896524304297,0.11945980520892707,0.1370034920381695,0.14620472938390439,0.24053351747188942,0.2413394906540669
226,226.0,226.9929407812383,0.11664295864490319,0.11929691583300447,0.13668646825611,0.14747387599325076,0.23962263930065536,0.24027714197207645
227,227.0,227.9983671557482,0.11783438276600358,0.11839115331652147,0.13665682555314074,0.14912358427826578,0.23899943158864745,0.23899462249742123
228,228.0,229.00326722124964,0.11902457975907577,0.11758199278626766,0.13668342063779088,0.15126243911366066,0.23817720761303507,0.23727036009017022
229,229.0,230.00764460798842,0.12043616013317107,0.1167521674200292,0.1367145379398204,0.15380536069286557,0.23723008862286005,0.23506168519125398
230,230.0,231.01150780997344,0.1218357184150655,0.11611977989933399,0.1367397482851348,0.1564396159160634,0.23591364004294088,0.23295149744146168
231,231.0,232.01486961366027,0.12219966098825041,0.1160618484002565,0.1369055174585582,0.15923194678398947,0.23470528448609718,0.23089574188284848
232,232.0,233.01774654084178,0.12257606724542698,0.11634046814159855,0.1363745311319957,0.16179561696045222,0.2339438265727439,0.22896948994778288
233,233.0,234.02015830989671,0.12288297031932656,0.11671647322694802,0.13589395562125547,0.16432176822574882,0.23311179104168273,0.2270730415650386
234,234.0,235.02212731894718,0.12323195565225786,0.11713908157184902,0.13541409047313255,0.1668175764453459,0.23228550855801156,0.22511178729940334
235,235.0,236.02367815390315,0.12365583021287473,0.11744218786487248,0.13503755167317955,0.16937739100614024,0.23133221143476604,0.22315482780816717
236,236.0,237.02483712382445,0.12385157008219347,0.1179066589468477,0.13481507109486757,0.17160028765303625,0.23040112918297803,0.2214252830400772
237,237.0,238.0256318255154,0.12394615949103445,0.11837517738845017,0.1346592963251779,0.17347236734582552,0.2295204569790661,0.22002654247044606
238,238.0,239.0260907387821,0.12412535221239401,0.11896731455790252,0.13458648665666129,0.1749032646051802,0.2283964806456748,0.21902110132218736
239,239.0,240.0262428533343,0.12426888243687131,0.11961773840791988,0.13459304610082065,0.17616096271524467,0.22706746462612734,0.2182919057130163
240,240.0,241.02611732789796,0.12437157160180645,0.12024928181729852,0.1346457918977471,0.17727710478466485,0.2258409733423622,0.217615276556121
241,241.0,242.02574318172628,0.12379645577832254,0.12102420482144903,0.13486038093056163,0.17836183678562423,0.22478162058332965,0.21717550110071301
242,242.0,243.0251490183545,0.12319963609724824,0.12158262422165793,0.13514880422834774,0.1789199058034823,0.22398220041649874,0.21716682923276515
243,243.0,244.02436278113638,0.12290507715786265,0.12221550193489325,0.1353426867680711,0.17916213083542723,0.22281693106012226,0.21755767224362363
244,244.0,245.02341153982866,0.12257299248007503,0.1230069830595118,0.13562983150392532,0.17943354515686966,0.22149606123307033,0.21786058656654803
245,245.0,246.02232130725343,0.12219212993103107,0.12427010307617156,0.1359537932457653,0.17865967550592043,0.22068327919116748,0.2182410190499443
246,246.0,247.0211168848632,0.12141996238733167,0.12544370738879632,0.13683819983785228,0.17780211757951972,0.21969468246874832,0.21880133033775184
247,247.0,248.01982173586336,0.12064294198556696,0.12664570100555603,0.1376830618760875,0.17697595159577403,0.21866613065670004,0.21938621288031554
248,248.0,249.01845788440488,0.12039925944167709,0.12783091163032495,0.13824414756456338,0.17607564641822565,0.2174879257343168,0.2199621092108922
249,249.0,250.0170458392482,0.12015401990094637,0.12888331088670366,0.13866630521840034,0.1752822049256047,0.21645657847851862,0.22055758058982644
250,250.0,251.0156045402147,0.11984605561104382,0.12974728489260234,0.13900950960205632,0.17430091690514046,0.21583691824705525,0.22125931474210192
251,251.0,252.0141513256824,0.11955196499396892,0.13049591638077304,0.13930617359403993,0.1733597188203738,0.21536297506141538,0.22192325114942904
252,252.0,253.01270191934654,0.11913461934606148,0.13125264412612986,0.13945050375677273,0.17249099215874888,0.2151188493726765,0.22255239123961063
253,253.0,254.01127043445078,0.1186768561183251,0.13215165524530137,0.13948400400975486,0.17204441013393604,0.21430661303640802,0.2233364614562747
254,254.0,255.0098693937001,0.11797264647901094,0.13314987504290732,0.1395530528104647,0.17145958441102607,0.21363573975516742,0.2242291015014237
255,255.0,256.0185097630875,0.11731510713865163,0.13439345335905395,0.13946227372692552,0.17099540258376797,0.21256165189848994,0.2252721112931112
256,256.0,257.0271009979052,0.11671117524510223,0.13677039581418288,0.13938048962772068,0.17081909545834778,0.21038664939284515,0.22593219446180152
257,257.0,258.03556209926217,0.11605152029772486,0.13905532259143294,0.1392512504675345,0.17049225580287758,0.20834050230208004,0.22680914853835024
258,258.0,259.0438214694908,0.11539982476672869,0.1411497613754885,0.13917864133629357,0.17036314652209092,0.206389286549443,0.22751933944995545
259,259.0,260.0518166880017,0.11485539184307526,0.14309072290429203,0.13909774345099304,0.17022324034439482,0.20467537941329234,0.2280575220439526
260,260.0,261.0594942177814,0.11436759348217675,0.14489387515270913,0.13905705393998133,0.16998307549276015,0.20338557894766485,0.22831282298470787
261,261.0,262.0668090524053,0.11396557828891869,0.146352480228729,0.1390296336692244,0.16931288971762704,0.20256632589764167,0.2287730921978593
262,262.0,263.0737243130428,0.1136690759112556,0.1476312525778036,0.13887455962018572,0.16875988628776786,0.2017845610871576,0.2292806645158297
263,263.0,264.08021080448617,0.11348751986096482,0.14844057681423833,0.13885981005044978,0.1682766954731993,0.2011682934177415,0.22976710438340636
264,264.0,265.08624653874034,0.1133283337587279,0.14920848504498274,0.1389643556221302,0.1676568004821495,0.20060335690248363,0.23023866818952612
265,265.0,266.0918162341817,0.11314324803027906,0.14946478808478744,0.13918017746874853,0.16704830547275656,0.19925941862596308,0.23190406231746546
266,266.0,267.09691079773705,0.11296195201644416,0.15086286173861174,0.1395075358935056,0.16640402412802363,0.19813491852798715,0.2321287076954279
267,267.0,268.10152679695955,0.11272688710856744,0.15268185795363723,0.13972618840611725,0.16641969755875524,0.19652874882281715,0.23191662015010586
268,268.0,269.1056659282902,0.11254610195734316,0.154486537545736,0.1402427062670953,0.16635527352765506,0.19500900413515024,0.23136037656702044
269,269.0,270.1093344872049,0.1124776685011315,0.15558984276185497,0.1407619526054676,0.16741180706990288,0.19324972887709552,0.23050900018454767
