Total_iterations,Unnamed: 0.1,Intertwine_two,Invert_path_vertices,Insert_inside_vertex,Delete_inside_vertex,MSC_add_terminal,MSC_del_terminal
0,0.0,0.1666666666666665,0.1666666666666665,0.1666666666666665,0.1666666666666665,0.1666666666666665,0.1666666666666665
1,1.0,0.1666666666666665,0.1666666666666665,0.1666666666666665,0.1666666666666665,0.1666666666666665,0.1666666666666665
2,2.0,0.1666666666666665,0.1666666666666665,0.1666666666666665,0.1666666666666665,0.1666666666666665,0.1666666666666665
3,3.0,0.1666666666666665,0.1666666666666665,0.1666666666666665,0.1666666666666665,0.1666666666666665,0.1666666666666665
4,4.0,0.1666666666666665,0.1666666666666665,0.1666666666666665,0.1666666666666665,0.1666666666666665,0.1666666666666665
5,5.0,0.1666666666666665,0.1666666666666665,0.1666666666666665,0.1666666666666665,0.1666666666666665,0.1666666666666665
6,6.0,0.1666666666666665,0.1666666666666665,0.1666666666666665,0.1666666666666665,0.1666666666666665,0.1666666666666665
7,7.0,0.1666666666666665,0.1666666666666665,0.1666666666666665,0.1666666666666665,0.1666666666666665,0.1666666666666665
8,8.0,0.1666666666666665,0.1666666666666665,0.1666666666666665,0.1666666666666665,0.1666666666666665,0.1666666666666665
9,9.0,0.1666666666666665,0.1666666666666665,0.1666666666666665,0.1666666666666665,0.1666666666666665,0.1666666666666665
10,10.0,0.1666666666666665,0.1666666666666665,0.1666666666666665,0.1666666666666665,0.1666666666666665,0.1666666666666665
11,11.0,0.1666666666666665,0.1666666666666665,0.1666666666666665,0.1666666666666665,0.1666666666666665,0.1666666666666665
12,12.0,0.1666666666666665,0.1666666666666665,0.1666666666666665,0.1666666666666665,0.1666666666666665,0.1666666666666665
13,13.0,0.1666666666666665,0.1666666666666665,0.1666666666666665,0.1666666666666665,0.1666666666666665,0.1666666666666665
14,14.0,0.1666666666666665,0.1666666666666665,0.1666666666666665,0.1666666666666665,0.1666666666666665,0.1666666666666665
15,15.0,0.1666666666666665,0.1666666666666665,0.1666666666666665,0.1666666666666665,0.1666666666666665,0.1666666666666665
16,16.0,0.1666666666666665,0.1666666666666665,0.1666666666666665,0.1666666666666665,0.1666666666666665,0.1666666666666665
17,17.0,0.1666666666666665,0.1666666666666665,0.1666666666666665,0.1666666666666665,0.1666666666666665,0.1666666666666665
18,18.0,0.1666666666666665,0.1666666666666665,0.1666666666666665,0.1666666666666665,0.1666666666666665,0.1666666666666665
19,19.0,0.1666666666666665,0.1666666666666665,0.1666666666666665,0.1666666666666665,0.1666666666666665,0.1666666666666665
20,20.0,0.1666666666666665,0.1666666666666665,0.1666666666666665,0.1666666666666665,0.1666666666666665,0.1666666666666665
21,21.0,0.1666666666666665,0.1666666666666665,0.1666666666666665,0.1666666666666665,0.1666666666666665,0.1666666666666665
22,22.0,0.1666666666666665,0.1666666666666665,0.1666666666666665,0.1666666666666665,0.1666666666666665,0.1666666666666665
23,23.0,0.1666666666666665,0.1666666666666665,0.1666666666666665,0.1666666666666665,0.1666666666666665,0.1666666666666665
24,24.0,0.1666666666666665,0.1666666666666665,0.1666666666666665,0.1666666666666665,0.1666666666666665,0.1666666666666665
25,25.0,0.1666666666666665,0.1666666666666665,0.1666666666666665,0.1666666666666665,0.1666666666666665,0.1666666666666665
26,26.0,0.1666666666666665,0.1666666666666665,0.1666666666666665,0.1666666666666665,0.1666666666666665,0.1666666666666665
27,27.0,0.1666666666666665,0.1666666666666665,0.1666666666666665,0.1666666666666665,0.1666666666666665,0.1666666666666665
28,28.0,0.1666666666666665,0.1666666666666665,0.1666666666666665,0.1666666666666665,0.1666666666666665,0.1666666666666665
29,29.0,0.1666666666666665,0.1666666666666665,0.1666666666666665,0.1666666666666665,0.1666666666666665,0.1666666666666665
30,30.0,0.1666666666666665,0.1666666666666665,0.1666666666666665,0.1666666666666665,0.1666666666666665,0.1666666666666665
31,31.0,0.1666666666666665,0.1666666666666665,0.1666666666666665,0.1666666666666665,0.1666666666666665,0.1666666666666665
32,32.0,0.1666666666666665,0.1666666666666665,0.1666666666666665,0.1666666666666665,0.1666666666666665,0.1666666666666665
33,33.0,0.1666666666666665,0.1666666666666665,0.1666666666666665,0.1666666666666665,0.1666666666666665,0.1666666666666665
34,34.0,0.1666666666666665,0.1666666666666665,0.1666666666666665,0.1666666666666665,0.1666666666666665,0.1666666666666665
35,35.0,0.1666666666666665,0.1666666666666665,0.1666666666666665,0.1666666666666665,0.1666666666666665,0.1666666666666665
36,36.0,0.1666666666666665,0.1666666666666665,0.1666666666666665,0.1666666666666665,0.1666666666666665,0.1666666666666665
37,37.0,0.1666666666666665,0.1666666666666665,0.1666666666666665,0.1666666666666665,0.1666666666666665,0.1666666666666665
38,38.0,0.1666666666666665,0.1666666666666665,0.1666666666666665,0.1666666666666665,0.1666666666666665,0.1666666666666665
39,39.0,0.1666666666666665,0.1666666666666665,0.1666666666666665,0.1666666666666665,0.1666666666666665,0.1666666666666665
40,40.0,0.1666666666666665,0.1666666666666665,0.1666666666666665,0.1666666666666665,0.1666666666666665,0.1666666666666665
41,41.0,0.1666666666666665,0.1666666666666665,0.1666666666666665,0.1666666666666665,0.1666666666666665,0.1666666666666665
42,42.0,0.1666666666666665,0.1666666666666665,0.1666666666666665,0.1666666666666665,0.1666666666666665,0.1666666666666665
43,43.0,0.1666666666666665,0.1666666666666665,0.1666666666666665,0.1666666666666665,0.1666666666666665,0.1666666666666665
44,44.0,0.1666666666666665,0.1666666666666665,0.1666666666666665,0.1666666666666665,0.1666666666666665,0.1666666666666665
45,45.0,0.1666666666666665,0.1666666666666665,0.1666666666666665,0.1666666666666665,0.1666666666666665,0.1666666666666665
46,46.0,0.1666666666666665,0.1666666666666665,0.1666666666666665,0.1666666666666665,0.1666666666666665,0.1666666666666665
47,47.0,0.1666666666666665,0.1666666666666665,0.1666666666666665,0.1666666666666665,0.1666666666666665,0.1666666666666665
48,48.0,0.1666666666666665,0.1666666666666665,0.1666666666666665,0.1666666666666665,0.1666666666666665,0.1666666666666665
49,49.0,0.1666666666666665,0.1666666666666665,0.1666666666666665,0.1666666666666665,0.1666666666666665,0.1666666666666665
50,50.0,0.1666666666666665,0.1666666666666665,0.1666666666666665,0.1666666666666665,0.1666666666666665,0.1666666666666665
51,51.0,0.1666666666666665,0.1666666666666665,0.1666666666666665,0.1666666666666665,0.1666666666666665,0.1666666666666665
52,52.0,0.1666666666666665,0.1666666666666665,0.1666666666666665,0.1666666666666665,0.1666666666666665,0.1666666666666665
53,53.0,0.1666666666666665,0.1666666666666665,0.1666666666666665,0.1666666666666665,0.1666666666666665,0.1666666666666665
54,54.0,0.1666666666666665,0.1666666666666665,0.1666666666666665,0.1666666666666665,0.1666666666666665,0.1666666666666665
55,55.0,0.1666666666666665,0.1666666666666665,0.1666666666666665,0.1666666666666665,0.1666666666666665,0.1666666666666665
56,56.0,0.1666666666666665,0.1666666666666665,0.1666666666666665,0.1666666666666665,0.1666666666666665,0.1666666666666665
57,57.0,0.1666666666666665,0.1666666666666665,0.1666666666666665,0.1666666666666665,0.1666666666666665,0.1666666666666665
58,58.0,0.1666666666666665,0.1666666666666665,0.1666666666666665,0.1666666666666665,0.1666666666666665,0.1666666666666665
59,59.0,0.1666666666666665,0.1666666666666665,0.1666666666666665,0.1666666666666665,0.1666666666666665,0.1666666666666665
60,60.0,0.1666666666666665,0.1666666666666665,0.1666666666666665,0.1666666666666665,0.1666666666666665,0.1666666666666665
61,61.0,0.1666666666666665,0.1666666666666665,0.1666666666666665,0.1666666666666665,0.1666666666666665,0.1666666666666665
62,62.0,0.1666666666666665,0.1666666666666665,0.1666666666666665,0.1666666666666665,0.1666666666666665,0.1666666666666665
63,63.0,0.1666666666666665,0.1666666666666665,0.1666666666666665,0.1666666666666665,0.1666666666666665,0.1666666666666665
64,64.0,0.1666666666666665,0.1666666666666665,0.1666666666666665,0.1666666666666665,0.1666666666666665,0.1666666666666665
65,65.0,0.1666666666666665,0.1666666666666665,0.1666666666666665,0.1666666666666665,0.1666666666666665,0.1666666666666665
66,66.0,0.1666666666666665,0.1666666666666665,0.1666666666666665,0.1666666666666665,0.1666666666666665,0.1666666666666665
67,67.0,0.1666666666666665,0.1666666666666665,0.1666666666666665,0.1666666666666665,0.1666666666666665,0.1666666666666665
68,68.0,0.1666666666666665,0.1666666666666665,0.1666666666666665,0.1666666666666665,0.1666666666666665,0.1666666666666665
69,69.0,0.1666666666666665,0.1666666666666665,0.1666666666666665,0.1666666666666665,0.1666666666666665,0.1666666666666665
70,70.0,0.1666666666666665,0.1666666666666665,0.1666666666666665,0.1666666666666665,0.1666666666666665,0.1666666666666665
71,71.0,0.1666666666666665,0.1666666666666665,0.1666666666666665,0.1666666666666665,0.1666666666666665,0.1666666666666665
72,72.0,0.1666666666666665,0.1666666666666665,0.1666666666666665,0.1666666666666665,0.1666666666666665,0.1666666666666665
73,73.0,0.1666666666666665,0.1666666666666665,0.1666666666666665,0.1666666666666665,0.1666666666666665,0.1666666666666665
74,74.0,0.1666666666666665,0.1666666666666665,0.1666666666666665,0.1666666666666665,0.1666666666666665,0.1666666666666665
75,75.0,0.1666666666666665,0.1666666666666665,0.1666666666666665,0.1666666666666665,0.1666666666666665,0.1666666666666665
76,76.0,0.1666666666666665,0.1666666666666665,0.1666666666666665,0.1666666666666665,0.1666666666666665,0.1666666666666665
77,77.0,0.1666666666666665,0.1666666666666665,0.1666666666666665,0.1666666666666665,0.1666666666666665,0.1666666666666665
78,78.0,0.1666666666666665,0.1666666666666665,0.1666666666666665,0.1666666666666665,0.1666666666666665,0.1666666666666665
79,79.0,0.1666666666666665,0.1666666666666665,0.1666666666666665,0.1666666666666665,0.1666666666666665,0.1666666666666665
80,80.0,0.1666666666666665,0.1666666666666665,0.1666666666666665,0.1666666666666665,0.1666666666666665,0.1666666666666665
81,81.0,0.1666666666666665,0.1666666666666665,0.1666666666666665,0.1666666666666665,0.1666666666666665,0.1666666666666665
82,82.0,0.1666666666666665,0.1666666666666665,0.1666666666666665,0.1666666666666665,0.1666666666666665,0.1666666666666665
83,83.0,0.1666666666666665,0.1666666666666665,0.1666666666666665,0.1666666666666665,0.1666666666666665,0.1666666666666665
84,84.0,0.1666666666666665,0.1666666666666665,0.1666666666666665,0.1666666666666665,0.1666666666666665,0.1666666666666665
85,85.0,0.1666666666666665,0.1666666666666665,0.1666666666666665,0.1666666666666665,0.1666666666666665,0.1666666666666665
86,86.0,0.1666666666666665,0.1666666666666665,0.1666666666666665,0.1666666666666665,0.1666666666666665,0.1666666666666665
87,87.0,0.1666666666666665,0.1666666666666665,0.1666666666666665,0.1666666666666665,0.1666666666666665,0.1666666666666665
88,88.0,0.1666666666666665,0.1666666666666665,0.1666666666666665,0.1666666666666665,0.1666666666666665,0.1666666666666665
89,89.0,0.1666666666666665,0.1666666666666665,0.1666666666666665,0.1666666666666665,0.1666666666666665,0.1666666666666665
90,90.0,0.1666666666666665,0.1666666666666665,0.1666666666666665,0.1666666666666665,0.1666666666666665,0.1666666666666665
91,91.0,0.1666666666666665,0.1666666666666665,0.1666666666666665,0.1666666666666665,0.1666666666666665,0.1666666666666665
92,92.0,0.1666666666666665,0.1666666666666665,0.1666666666666665,0.1666666666666665,0.1666666666666665,0.1666666666666665
93,93.0,0.1666666666666665,0.1666666666666665,0.1666666666666665,0.1666666666666665,0.1666666666666665,0.1666666666666665
94,94.0,0.1666666666666665,0.1666666666666665,0.1666666666666665,0.1666666666666665,0.1666666666666665,0.1666666666666665
95,95.0,0.1666666666666665,0.1666666666666665,0.1666666666666665,0.1666666666666665,0.1666666666666665,0.1666666666666665
96,96.0,0.1666666666666665,0.1666666666666665,0.1666666666666665,0.1666666666666665,0.1666666666666665,0.1666666666666665
97,97.0,0.1666666666666665,0.1666666666666665,0.1666666666666665,0.1666666666666665,0.1666666666666665,0.1666666666666665
98,98.0,0.1666666666666665,0.1666666666666665,0.1666666666666665,0.1666666666666665,0.1666666666666665,0.1666666666666665
99,99.0,0.1666666666666665,0.1666666666666665,0.1666666666666665,0.1666666666666665,0.1666666666666665,0.1666666666666665
100,100.0,0.1666666666666665,0.1666666666666665,0.1666666666666665,0.1666666666666665,0.1666666666666665,0.1666666666666665
101,101.0,0.1666666666666665,0.1666666666666665,0.1666666666666665,0.1666666666666665,0.1666666666666665,0.1666666666666665
102,102.0,0.1666666666666665,0.1666666666666665,0.1666666666666665,0.1666666666666665,0.1666666666666665,0.1666666666666665
103,103.0,0.1666666666666665,0.1666666666666665,0.1666666666666665,0.1666666666666665,0.1666666666666665,0.1666666666666665
104,104.0,0.1666666666666665,0.1666666666666665,0.1666666666666665,0.1666666666666665,0.1666666666666665,0.1666666666666665
105,105.0,0.1666666666666665,0.1666666666666665,0.1666666666666665,0.1666666666666665,0.1666666666666665,0.1666666666666665
106,106.0,0.1666666666666665,0.1666666666666665,0.1666666666666665,0.1666666666666665,0.1666666666666665,0.1666666666666665
107,107.0,0.1666666666666665,0.1666666666666665,0.1666666666666665,0.1666666666666665,0.1666666666666665,0.1666666666666665
108,108.0,0.1666666666666665,0.1666666666666665,0.1666666666666665,0.1666666666666665,0.1666666666666665,0.1666666666666665
109,109.0,0.1666666666666665,0.1666666666666665,0.1666666666666665,0.1666666666666665,0.1666666666666665,0.1666666666666665
110,110.0,0.1666666666666665,0.1666666666666665,0.1666666666666665,0.1666666666666665,0.1666666666666665,0.1666666666666665
111,111.0,0.1666666666666665,0.1666666666666665,0.1666666666666665,0.1666666666666665,0.1666666666666665,0.1666666666666665
112,112.0,0.1666666666666665,0.1666666666666665,0.1666666666666665,0.1666666666666665,0.1666666666666665,0.1666666666666665
113,113.0,0.1666666666666665,0.1666666666666665,0.1666666666666665,0.1666666666666665,0.1666666666666665,0.1666666666666665
114,114.0,0.1666666666666665,0.1666666666666665,0.1666666666666665,0.1666666666666665,0.1666666666666665,0.1666666666666665
115,115.0,0.1666666666666665,0.1666666666666665,0.1666666666666665,0.1666666666666665,0.1666666666666665,0.1666666666666665
116,116.0,0.1666666666666665,0.1666666666666665,0.1666666666666665,0.1666666666666665,0.1666666666666665,0.1666666666666665
117,117.0,0.1666666666666665,0.1666666666666665,0.1666666666666665,0.1666666666666665,0.1666666666666665,0.1666666666666665
118,118.0,0.1666666666666665,0.1666666666666665,0.1666666666666665,0.1666666666666665,0.1666666666666665,0.1666666666666665
119,119.0,0.1666666666666665,0.1666666666666665,0.1666666666666665,0.1666666666666665,0.1666666666666665,0.1666666666666665
120,120.0,0.1666666666666665,0.1666666666666665,0.1666666666666665,0.1666666666666665,0.1666666666666665,0.1666666666666665
121,121.0,0.1666666666666665,0.1666666666666665,0.1666666666666665,0.1666666666666665,0.1666666666666665,0.1666666666666665
122,122.0,0.1666666666666665,0.1666666666666665,0.1666666666666665,0.1666666666666665,0.1666666666666665,0.1666666666666665
123,123.0,0.1666666666666665,0.1666666666666665,0.1666666666666665,0.1666666666666665,0.1666666666666665,0.1666666666666665
124,124.0,0.1666666666666665,0.1666666666666665,0.1666666666666665,0.1666666666666665,0.1666666666666665,0.1666666666666665
125,125.0,0.1666666666666665,0.1666666666666665,0.1666666666666665,0.1666666666666665,0.1666666666666665,0.1666666666666665
126,126.0,0.1666666666666665,0.1666666666666665,0.1666666666666665,0.1666666666666665,0.1666666666666665,0.1666666666666665
127,127.0,0.1666666666666665,0.1666666666666665,0.1666666666666665,0.1666666666666665,0.1666666666666665,0.1666666666666665
128,128.0,0.1666666666666665,0.1666666666666665,0.1666666666666665,0.1666666666666665,0.1666666666666665,0.1666666666666665
129,129.0,0.1666666666666665,0.1666666666666665,0.1666666666666665,0.1666666666666665,0.1666666666666665,0.1666666666666665
130,130.0,0.1666666666666665,0.1666666666666665,0.1666666666666665,0.1666666666666665,0.1666666666666665,0.1666666666666665
131,131.0,0.1666666666666665,0.1666666666666665,0.1666666666666665,0.1666666666666665,0.1666666666666665,0.1666666666666665
132,132.0,0.1666666666666665,0.1666666666666665,0.1666666666666665,0.1666666666666665,0.1666666666666665,0.1666666666666665
133,133.0,0.1666666666666665,0.1666666666666665,0.1666666666666665,0.1666666666666665,0.1666666666666665,0.1666666666666665
134,134.0,0.1666666666666665,0.1666666666666665,0.1666666666666665,0.1666666666666665,0.1666666666666665,0.1666666666666665
135,135.0,0.1666666666666665,0.1666666666666665,0.1666666666666665,0.1666666666666665,0.1666666666666665,0.1666666666666665
136,136.0,0.1666666666666665,0.1666666666666665,0.1666666666666665,0.1666666666666665,0.1666666666666665,0.1666666666666665
137,137.0,0.1666666666666665,0.1666666666666665,0.1666666666666665,0.1666666666666665,0.1666666666666665,0.1666666666666665
138,138.0,0.1666666666666665,0.1666666666666665,0.1666666666666665,0.1666666666666665,0.1666666666666665,0.1666666666666665
139,139.0,0.1666666666666665,0.1666666666666665,0.1666666666666665,0.1666666666666665,0.1666666666666665,0.1666666666666665
140,140.0,0.1666666666666665,0.1666666666666665,0.1666666666666665,0.1666666666666665,0.1666666666666665,0.1666666666666665
141,141.0,0.1666666666666665,0.1666666666666665,0.1666666666666665,0.1666666666666665,0.1666666666666665,0.1666666666666665
142,142.0,0.1666666666666665,0.1666666666666665,0.1666666666666665,0.1666666666666665,0.1666666666666665,0.1666666666666665
143,143.0,0.1666666666666665,0.1666666666666665,0.1666666666666665,0.1666666666666665,0.1666666666666665,0.1666666666666665
144,144.0,0.1666666666666665,0.1666666666666665,0.1666666666666665,0.1666666666666665,0.1666666666666665,0.1666666666666665
145,145.0,0.1666666666666665,0.1666666666666665,0.1666666666666665,0.1666666666666665,0.1666666666666665,0.1666666666666665
146,146.0,0.1666666666666665,0.1666666666666665,0.1666666666666665,0.1666666666666665,0.1666666666666665,0.1666666666666665
147,147.0,0.1666666666666665,0.1666666666666665,0.1666666666666665,0.1666666666666665,0.1666666666666665,0.1666666666666665
148,148.0,0.1666666666666665,0.1666666666666665,0.1666666666666665,0.1666666666666665,0.1666666666666665,0.1666666666666665
149,149.0,0.1666666666666665,0.1666666666666665,0.1666666666666665,0.1666666666666665,0.1666666666666665,0.1666666666666665
150,150.0,0.1666666666666665,0.1666666666666665,0.1666666666666665,0.1666666666666665,0.1666666666666665,0.1666666666666665
151,151.0,0.1666666666666665,0.1666666666666665,0.1666666666666665,0.1666666666666665,0.1666666666666665,0.1666666666666665
152,152.0,0.1666666666666665,0.1666666666666665,0.1666666666666665,0.1666666666666665,0.1666666666666665,0.1666666666666665
153,153.0,0.1666666666666665,0.1666666666666665,0.1666666666666665,0.1666666666666665,0.1666666666666665,0.1666666666666665
154,154.0,0.1666666666666665,0.1666666666666665,0.1666666666666665,0.1666666666666665,0.1666666666666665,0.1666666666666665
155,155.0,0.1666666666666665,0.1666666666666665,0.1666666666666665,0.1666666666666665,0.1666666666666665,0.1666666666666665
156,156.0,0.1666666666666665,0.1666666666666665,0.1666666666666665,0.1666666666666665,0.1666666666666665,0.1666666666666665
157,157.0,0.1666666666666665,0.1666666666666665,0.1666666666666665,0.1666666666666665,0.1666666666666665,0.1666666666666665
158,158.0,0.1666666666666665,0.1666666666666665,0.1666666666666665,0.1666666666666665,0.1666666666666665,0.1666666666666665
159,159.0,0.1666666666666665,0.1666666666666665,0.1666666666666665,0.1666666666666665,0.1666666666666665,0.1666666666666665
160,160.0,0.1666666666666665,0.1666666666666665,0.1666666666666665,0.1666666666666665,0.1666666666666665,0.1666666666666665
161,161.0,0.1666666666666665,0.1666666666666665,0.1666666666666665,0.1666666666666665,0.1666666666666665,0.1666666666666665
162,162.0,0.1666666666666665,0.1666666666666665,0.1666666666666665,0.1666666666666665,0.1666666666666665,0.1666666666666665
163,163.0,0.1666666666666665,0.1666666666666665,0.1666666666666665,0.1666666666666665,0.1666666666666665,0.1666666666666665
164,164.0,0.1666666666666665,0.1666666666666665,0.1666666666666665,0.1666666666666665,0.1666666666666665,0.1666666666666665
165,165.0,0.1666666666666665,0.1666666666666665,0.1666666666666665,0.1666666666666665,0.1666666666666665,0.1666666666666665
166,166.0,0.1666666666666665,0.1666666666666665,0.1666666666666665,0.1666666666666665,0.1666666666666665,0.1666666666666665
167,167.0,0.1666666666666665,0.1666666666666665,0.1666666666666665,0.1666666666666665,0.1666666666666665,0.1666666666666665
168,168.0,0.1666666666666665,0.1666666666666665,0.1666666666666665,0.1666666666666665,0.1666666666666665,0.1666666666666665
169,169.0,0.1666666666666665,0.1666666666666665,0.1666666666666665,0.1666666666666665,0.1666666666666665,0.1666666666666665
170,170.0,0.1666666666666665,0.1666666666666665,0.1666666666666665,0.1666666666666665,0.1666666666666665,0.1666666666666665
171,171.0,0.1666666666666665,0.1666666666666665,0.1666666666666665,0.1666666666666665,0.1666666666666665,0.1666666666666665
172,172.0,0.1666666666666665,0.1666666666666665,0.1666666666666665,0.1666666666666665,0.1666666666666665,0.1666666666666665
173,173.0,0.1666666666666665,0.1666666666666665,0.1666666666666665,0.1666666666666665,0.1666666666666665,0.1666666666666665
174,174.0,0.1666666666666665,0.1666666666666665,0.1666666666666665,0.1666666666666665,0.1666666666666665,0.1666666666666665
175,175.0,0.1666666666666665,0.1666666666666665,0.1666666666666665,0.1666666666666665,0.1666666666666665,0.1666666666666665
176,176.0,0.1666666666666665,0.1666666666666665,0.1666666666666665,0.1666666666666665,0.1666666666666665,0.1666666666666665
177,177.0,0.1666666666666665,0.1666666666666665,0.1666666666666665,0.1666666666666665,0.1666666666666665,0.1666666666666665
178,178.0,0.1666666666666665,0.1666666666666665,0.1666666666666665,0.1666666666666665,0.1666666666666665,0.1666666666666665
179,179.0,0.1666666666666665,0.1666666666666665,0.1666666666666665,0.1666666666666665,0.1666666666666665,0.1666666666666665
180,180.0,0.1666666666666665,0.1666666666666665,0.1666666666666665,0.1666666666666665,0.1666666666666665,0.1666666666666665
181,181.0,0.1666666666666665,0.1666666666666665,0.1666666666666665,0.1666666666666665,0.1666666666666665,0.1666666666666665
182,182.0,0.1666666666666665,0.1666666666666665,0.1666666666666665,0.1666666666666665,0.1666666666666665,0.1666666666666665
183,183.0,0.1666666666666665,0.1666666666666665,0.1666666666666665,0.1666666666666665,0.1666666666666665,0.1666666666666665
184,184.0,0.1666666666666665,0.1666666666666665,0.1666666666666665,0.1666666666666665,0.1666666666666665,0.1666666666666665
185,185.0,0.1666666666666665,0.1666666666666665,0.1666666666666665,0.1666666666666665,0.1666666666666665,0.1666666666666665
186,186.0,0.1666666666666665,0.1666666666666665,0.1666666666666665,0.1666666666666665,0.1666666666666665,0.1666666666666665
187,187.0,0.1666666666666665,0.1666666666666665,0.1666666666666665,0.1666666666666665,0.1666666666666665,0.1666666666666665
188,188.0,0.1666666666666665,0.1666666666666665,0.1666666666666665,0.1666666666666665,0.1666666666666665,0.1666666666666665
189,189.0,0.1666666666666665,0.1666666666666665,0.1666666666666665,0.1666666666666665,0.1666666666666665,0.1666666666666665
190,190.0,0.1666666666666665,0.1666666666666665,0.1666666666666665,0.1666666666666665,0.1666666666666665,0.1666666666666665
191,191.0,0.1666666666666665,0.1666666666666665,0.1666666666666665,0.1666666666666665,0.1666666666666665,0.1666666666666665
192,192.0,0.1666666666666665,0.1666666666666665,0.1666666666666665,0.1666666666666665,0.1666666666666665,0.1666666666666665
193,193.0,0.1666666666666665,0.1666666666666665,0.1666666666666665,0.1666666666666665,0.1666666666666665,0.1666666666666665
194,194.0,0.1666666666666665,0.1666666666666665,0.1666666666666665,0.1666666666666665,0.1666666666666665,0.1666666666666665
195,195.0,0.1666666666666665,0.1666666666666665,0.1666666666666665,0.1666666666666665,0.1666666666666665,0.1666666666666665
196,196.0,0.1666666666666665,0.1666666666666665,0.1666666666666665,0.1666666666666665,0.1666666666666665,0.1666666666666665
197,197.0,0.1666666666666665,0.1666666666666665,0.1666666666666665,0.1666666666666665,0.1666666666666665,0.1666666666666665
198,198.0,0.1660992746087365,0.1651059556643425,0.1663531161812338,0.166162395499598,0.1658889264136945,0.1703903316323938
199,199.0,0.1627274298799327,0.162000059755954,0.1632495901090225,0.1651052662421069,0.1706796537303116,0.1762380002826716
200,200.0,0.1580589008884643,0.1588534979566033,0.160630326613584,0.1633720099454526,0.1775491821283816,0.1815360824675135
201,201.0,0.1535176126543133,0.1558963396625891,0.158021394965924,0.1617678501742704,0.1840398617565297,0.1867569407863728
202,202.0,0.1490409106292207,0.1531268056618528,0.155489507192598,0.1601361347343201,0.1901341247370939,0.192072517044914
203,203.0,0.1448165885234235,0.1506379452774336,0.1527241007248032,0.158396276456883,0.1961927499033054,0.1972323391141506
204,204.0,0.1407342599329016,0.1477876534908117,0.150179498475987,0.1569109929476674,0.2021091286341837,0.2022784665184482
205,205.0,0.1365253620535007,0.1453023306887162,0.1478703029985422,0.155656831726256,0.2075325675304259,0.2071126050025586
206,206.0,0.1326491727686458,0.1429787992566761,0.1458759325838086,0.1545293054741834,0.2123225848112311,0.2116442051054547
207,207.0,0.1291518502365407,0.1403741313750058,0.1441885715303658,0.1535812343518817,0.2167448469369658,0.21595936556924
208,208.0,0.126018667527836,0.137873869869263,0.1428941128339972,0.1523904103744528,0.2205400812743916,0.2202828581200593
209,209.0,0.1230997547501552,0.1357753306593475,0.1419742489142023,0.1513002610249465,0.2237546528276438,0.2240957518237047
210,210.0,0.1204851733471321,0.1338576936636407,0.1410369489678772,0.1504796020073216,0.2264738521012687,0.2276667299127597
211,211.0,0.1182443695771623,0.132176945864228,0.1401991523717641,0.14967769164977,0.2287586366342955,0.2309432039027799
212,212.0,0.1164223670638542,0.1303627506920171,0.1397492657792564,0.1484674865078572,0.2307729548820881,0.234225175074927
213,213.0,0.1148950936325061,0.1288954767505178,0.1395005432549451,0.1474315404712179,0.2326401671191531,0.2366371787716598
214,214.0,0.1136717383312324,0.1275231031390366,0.1390113398020076,0.1466727707051838,0.2346917179099218,0.2384293301126177
215,215.0,0.1126081896701587,0.1263263270198706,0.1390149733274446,0.1458916821874026,0.2362277152277427,0.2399311125673807
216,216.0,0.1118272794527824,0.125088341963868,0.1390734816921085,0.1454771884722336,0.237396493136142,0.2411372152828656
217,217.0,0.1114302557316191,0.124190460729612,0.1389755898187862,0.1451819655511157,0.2382721363707729,0.2419495917980942
218,218.0,0.1111548540947712,0.1233784830208806,0.1386563233656179,0.1451259043565845,0.2393147808416795,0.2423696543204663
219,219.0,0.1111721965040943,0.1229000147600698,0.1383771794894361,0.1447848548008289,0.2400573028657482,0.2427084515798228
220,220.0,0.1113701995269854,0.1224455920740091,0.1382084075097995,0.144340031700362,0.2405965568762321,0.2430392123126119
221,221.0,0.1118226817523629,0.1215384172076031,0.1381363145282507,0.1440824421425751,0.2412345066816384,0.2431856376875698
222,222.0,0.1124874049651563,0.1206113509583199,0.1376118675072575,0.1441451357631097,0.2416449111850993,0.2434993296210574
223,223.0,0.113306503129459,0.1200108128255848,0.1373746483201853,0.1442224471736899,0.2415844031772361,0.243501185373845
224,224.0,0.1143117299681524,0.1196182929157784,0.1373603650027057,0.1450746968059005,0.2411956250818265,0.2424392902256367
225,225.0,0.1154589652430429,0.119459805208927,0.1370034920381695,0.1462047293839043,0.2405335174718894,0.2413394906540669
226,226.0,0.1166429586449031,0.1192969158330044,0.13668646825611,0.1474738759932507,0.2396226393006553,0.2402771419720764
227,227.0,0.1178343827660035,0.1183911533165214,0.1366568255531407,0.1491235842782657,0.2389994315886474,0.2389946224974212
228,228.0,0.1190245797590757,0.1175819927862676,0.1366834206377908,0.1512624391136606,0.238177207613035,0.2372703600901702
229,229.0,0.120436160133171,0.1167521674200292,0.1367145379398204,0.1538053606928655,0.23723008862286,0.2350616851912539
230,230.0,0.1218357184150655,0.1161197798993339,0.1367397482851348,0.1564396159160634,0.2359136400429408,0.2329514974414616
231,231.0,0.1221996609882504,0.1160618484002565,0.1369055174585582,0.1592319467839894,0.2347052844860971,0.2308957418828484
232,232.0,0.1225760672454269,0.1163404681415985,0.1363745311319957,0.1617956169604522,0.2339438265727439,0.2289694899477828
233,233.0,0.1228829703193265,0.116716473226948,0.1358939556212554,0.1643217682257488,0.2331117910416827,0.2270730415650386
234,234.0,0.1232319556522578,0.117139081571849,0.1354140904731325,0.1668175764453459,0.2322855085580115,0.2251117872994033
235,235.0,0.1236558302128747,0.1174421878648724,0.1350375516731795,0.1693773910061402,0.231332211434766,0.2231548278081671
236,236.0,0.1238515700821934,0.1179066589468477,0.1348150710948675,0.1716002876530362,0.230401129182978,0.2214252830400772
237,237.0,0.1239461594910344,0.1183751773884501,0.1346592963251779,0.1734723673458255,0.2295204569790661,0.220026542470446
238,238.0,0.124125352212394,0.1189673145579025,0.1345864866566612,0.1749032646051802,0.2283964806456748,0.2190211013221873
239,239.0,0.1242688824368713,0.1196177384079198,0.1345930461008206,0.1761609627152446,0.2270674646261273,0.2182919057130163
240,240.0,0.1243715716018064,0.1202492818172985,0.1346457918977471,0.1772771047846648,0.2258409733423622,0.217615276556121
241,241.0,0.1237964557783225,0.121024204821449,0.1348603809305616,0.1783618367856242,0.2247816205833296,0.217175501100713
242,242.0,0.1231996360972482,0.1215826242216579,0.1351488042283477,0.1789199058034823,0.2239822004164987,0.2171668292327651
243,243.0,0.1229050771578626,0.1222155019348932,0.1353426867680711,0.1791621308354272,0.2228169310601222,0.2175576722436236
244,244.0,0.122572992480075,0.1230069830595118,0.1356298315039253,0.1794335451568696,0.2214960612330703,0.217860586566548
245,245.0,0.122192129931031,0.1242701030761715,0.1359537932457653,0.1786596755059204,0.2206832791911674,0.2182410190499443
246,246.0,0.1214199623873316,0.1254437073887963,0.1368381998378522,0.1778021175795197,0.2196946824687483,0.2188013303377518
247,247.0,0.1206429419855669,0.126645701005556,0.1376830618760875,0.176975951595774,0.2186661306567,0.2193862128803155
248,248.0,0.120399259441677,0.1278309116303249,0.1382441475645633,0.1760756464182256,0.2174879257343168,0.2199621092108922
249,249.0,0.1201540199009463,0.1288833108867036,0.1386663052184003,0.1752822049256047,0.2164565784785186,0.2205575805898264
250,250.0,0.1198460556110438,0.1297472848926023,0.1390095096020563,0.1743009169051404,0.2158369182470552,0.2212593147421019
251,251.0,0.1195519649939689,0.130495916380773,0.1393061735940399,0.1733597188203738,0.2153629750614153,0.221923251149429
252,252.0,0.1191346193460614,0.1312526441261298,0.1394505037567727,0.1724909921587488,0.2151188493726765,0.2225523912396106
253,253.0,0.1186768561183251,0.1321516552453013,0.1394840040097548,0.172044410133936,0.214306613036408,0.2233364614562747
254,254.0,0.1179726464790109,0.1331498750429073,0.1395530528104647,0.171459584411026,0.2136357397551674,0.2242291015014237
255,255.0,0.1173151071386516,0.1343934533590539,0.1394622737269255,0.1709954025837679,0.2125616518984899,0.2252721112931112
256,256.0,0.1167111752451022,0.1367703958141828,0.1393804896277206,0.1708190954583477,0.2103866493928451,0.2259321944618015
257,257.0,0.1160515202977248,0.1390553225914329,0.1392512504675345,0.1704922558028775,0.20834050230208,0.2268091485383502
258,258.0,0.1153998247667286,0.1411497613754885,0.1391786413362935,0.1703631465220909,0.206389286549443,0.2275193394499554
259,259.0,0.1148553918430752,0.143090722904292,0.139097743450993,0.1702232403443948,0.2046753794132923,0.2280575220439526
260,260.0,0.1143675934821767,0.1448938751527091,0.1390570539399813,0.1699830754927601,0.2033855789476648,0.2283128229847078
261,261.0,0.1139655782889186,0.146352480228729,0.1390296336692244,0.169312889717627,0.2025663258976416,0.2287730921978593
262,262.0,0.1136690759112556,0.1476312525778036,0.1388745596201857,0.1687598862877678,0.2017845610871576,0.2292806645158297
263,263.0,0.1134875198609648,0.1484405768142383,0.1388598100504497,0.1682766954731993,0.2011682934177415,0.2297671043834063
264,264.0,0.1133283337587279,0.1492084850449827,0.1389643556221302,0.1676568004821495,0.2006033569024836,0.2302386681895261
265,265.0,0.113143248030279,0.1494647880847874,0.1391801774687485,0.1670483054727565,0.199259418625963,0.2319040623174654
266,266.0,0.1129619520164441,0.1508628617386117,0.1395075358935056,0.1664040241280236,0.1981349185279871,0.2321287076954279
267,267.0,0.1127268871085674,0.1526818579536372,0.1397261884061172,0.1664196975587552,0.1965287488228171,0.2319166201501058
268,268.0,0.1125461019573431,0.154486537545736,0.1402427062670953,0.166355273527655,0.1950090041351502,0.2313603765670204
269,269.0,0.1124776685011315,0.1555898427618549,0.1407619526054676,0.1674118070699028,0.1932497288770955,0.2305090001845476
270,270.0,0.1123958940387085,0.156562472270718,0.1412414781319753,0.1684957430740892,0.1915516707518806,0.2297527417326283
271,271.0,0.1123616949348082,0.1573857948921943,0.1416997094247915,0.1696302112143707,0.1898297782222213,0.229092811311614
272,272.0,0.1124265140377107,0.1579631302317028,0.1420539921731137,0.1709128963407011,0.1883236395873734,0.2283198276293983
273,273.0,0.11246114977842,0.1584165687273937,0.1424498963667917,0.1722496890273735,0.186996238866153,0.2274264572338681
274,274.0,0.1125505402619192,0.1586674036226884,0.1427442431815472,0.1736019161685469,0.1858929387261633,0.2265429580391351
275,275.0,0.1126310236622138,0.1592137237886631,0.1430604380193533,0.1747948699388701,0.184495257369125,0.2258046872217747
276,276.0,0.112443321629618,0.1600393784470415,0.1433843843006862,0.1758999376156416,0.1833408963775524,0.2248920816294604
277,277.0,0.1134103210787201,0.1602650448175758,0.1438566304521105,0.176465872358324,0.1823313176427912,0.2236708136504784
278,278.0,0.1140615116058491,0.1610318747449327,0.1442680682900402,0.177341336740969,0.1805334677387708,0.2227637408794383
279,279.0,0.115106064471997,0.1612360359022329,0.1446310756669023,0.1783038610745454,0.1788057417326114,0.2219172211517111
280,280.0,0.116142102478942,0.1617088760138596,0.1445947579830271,0.1793148140936611,0.1772569505429517,0.2209824988875585
281,281.0,0.1172933719011578,0.1617150440992828,0.1446103751279776,0.180527223298914,0.1759414664017804,0.2199125191708875
282,282.0,0.1185501955615967,0.161542765651117,0.1443696261307292,0.1817255173343658,0.1745553739542484,0.219256521367943
283,283.0,0.1199755417174463,0.1612217860622893,0.1435689247950965,0.1831430810655448,0.1733920583674314,0.2186986079921918
284,284.0,0.1214062275647995,0.161418434461703,0.1427355485257729,0.1846061013063106,0.1716020436742982,0.2182316444671158
285,285.0,0.1227431993713957,0.1609403972079206,0.142057713987964,0.1860223214695082,0.1698880048144505,0.2183483631487611
286,286.0,0.1239984059913545,0.1604061353871114,0.1413001948632052,0.1877857512335866,0.1683700056107551,0.2181395069139872
287,287.0,0.1251406930577756,0.1596510143447379,0.1406255927440678,0.1897801147265812,0.1670231767828687,0.2177794083439686
288,288.0,0.1260389726824798,0.1592310773184478,0.1399709863797741,0.1917604551907675,0.1656763002412068,0.217322208187324
289,289.0,0.1266840932292271,0.158741954091032,0.1392679603758785,0.1936624817446235,0.1646771126919021,0.2169663978673368
290,290.0,0.1271305678414118,0.1581801019990655,0.1388173220339005,0.1953399803155506,0.1638457242673544,0.2166863035427172
291,291.0,0.1277232032148054,0.1577463040925575,0.1377183661964134,0.1970592040798967,0.1632958128646426,0.2164571095516844
292,292.0,0.1283125138142239,0.1573662623242182,0.1367031108978545,0.1984438612712669,0.1630749789580769,0.2160992727343596
293,293.0,0.1286188183180597,0.156996229518929,0.1360914996016551,0.2000785874604644,0.1631026922070189,0.2151121728938729
294,294.0,0.128892680978036,0.1568915931013572,0.135687233196602,0.2017650450166266,0.1633172397255501,0.2134462079818282
295,295.0,0.1291561094051898,0.1562350398659427,0.1356375039041931,0.2034181481810446,0.1632048277141278,0.212348370929502
296,296.0,0.1294661052838761,0.1555368651937268,0.135740571531913,0.2053770720870959,0.1622933315113682,0.2115860543920199
297,297.0,0.1297676442919705,0.1548930576835853,0.13597802657414,0.2067638696372137,0.1615869074183331,0.2110104943947572
298,298.0,0.1299938681973324,0.1530667911908401,0.1365089053278775,0.2083700686757334,0.160903576400899,0.2111567902073175
299,299.0,0.1301532305857422,0.1513166492592122,0.1371100700779585,0.209827825681296,0.1603236184348297,0.2112686059609612
300,300.0,0.1299728186787708,0.1496396075380069,0.1379330881980342,0.2110428578602931,0.1598815364073129,0.211530091317582
301,301.0,0.1297105510276787,0.148318154276254,0.1387466974530348,0.2118108373739938,0.1594141252423024,0.2119996346267363
302,302.0,0.1293309384523081,0.1470970170696703,0.1397484098295002,0.2127236859979084,0.1587578004406518,0.2123421482099611
303,303.0,0.1287810047725656,0.1458110084988931,0.1407553831694887,0.2131074704182525,0.1588013309664742,0.2127438021743257
304,304.0,0.1278730890434742,0.1445870362373553,0.1419312115379421,0.2133448487523389,0.158902774687383,0.2133610397415064
305,305.0,0.1269936259282256,0.143344098894572,0.1429328748050253,0.2135940712843936,0.1591318386318868,0.2140034904558966
306,306.0,0.1260756124377345,0.1422792189370443,0.143925957479747,0.2138407258563746,0.1593927043141777,0.2144857809749219
307,307.0,0.125203963039035,0.141326687325653,0.1447463023964622,0.2140161142858465,0.1597157925358134,0.2149911404171899
308,308.0,0.1241919314537732,0.140873411026722,0.1458875728355342,0.213078381913008,0.1600943201347776,0.215874382636185
309,309.0,0.1229328328986549,0.1408351128347824,0.1470623305748773,0.2120063047200761,0.1604404134045759,0.2167230055670334
310,310.0,0.121699113861635,0.140759781034125,0.1482588364264737,0.2108789773792464,0.1609040672253386,0.2174992240731812
311,311.0,0.1205917544209656,0.1407787970252599,0.1495565716956703,0.2095046663924513,0.1613633428198547,0.2182048676457982
312,312.0,0.1195896947578051,0.141475393433022,0.1512151901216847,0.2088703771873321,0.1618646023330181,0.2169847421671381
313,313.0,0.118645613356043,0.142219319805709,0.1528113928392874,0.2084006633940818,0.1620943625858923,0.2158286480189866
314,314.0,0.1176598436065889,0.1431035383022239,0.1543099056637833,0.2078770270945112,0.1621708047089131,0.2148788806239797
315,315.0,0.1167370438369625,0.1438909710462213,0.1556751670907283,0.2073492133826977,0.1620877694142994,0.2142598352290909
316,316.0,0.1157958186096198,0.144815477150109,0.1569752525605441,0.2067573933100644,0.1619039062605013,0.2137521521091615
317,317.0,0.114682427634294,0.1434198754877977,0.1593050042856296,0.2076918417067911,0.161848217595114,0.2130526332903737
318,318.0,0.1136733231608808,0.1417556159776925,0.1660610858460823,0.2042023241900968,0.1619205646957127,0.2123870861295348
319,319.0,0.1127728459907753,0.1400196683368085,0.1726304449619577,0.200598061843958,0.1620750288627199,0.2119039500037807
320,320.0,0.1119375335220896,0.1382734185540576,0.1790791602627658,0.1969614423313622,0.1624637219073391,0.2112847234223857
321,321.0,0.1115038237901291,0.1366253256186831,0.1852023702627727,0.1933099751234986,0.1628014503178993,0.2105570548870173
322,322.0,0.1113230313627066,0.1349103175166804,0.1910361543907892,0.189702599925943,0.163201169403646,0.2098267274002348
323,323.0,0.111177597184486,0.1333010605359992,0.1966128776983033,0.1862641342364971,0.1636854772204099,0.2089588531243045
