,Unnamed: 0,Generation,Intertwine_two,Add_vertex,Delete_vertex,Invert_path_vertices,Insert_inside_vertex,Delete_inside_vertex,Replace_inside_vertex,Donate_between_routes,Trim_one_terminal_cb,Grow_one_terminal_cb
0,0.0,0.0,0.09999999999999999,0.09999999999999999,0.09999999999999999,0.09999999999999999,0.09999999999999999,0.09999999999999999,0.09999999999999999,0.09999999999999999,0.09999999999999999,0.09999999999999999
1,1.0,1.0,0.10487993775228918,0.09188572880580778,0.08027588072681394,0.10266084926878613,0.10163803081320244,0.10669801846527387,0.10456774620024552,0.09801888771839704,0.10602370281217285,0.10335121743701077
2,2.0,2.0,0.09918104404578364,0.09057455835603051,0.08723362044690235,0.10113949085393226,0.09944675530241423,0.10097827814245589,0.09988069205524094,0.1063042041663594,0.11026583894458812,0.10499551768629216
3,3.0,3.0,0.10443974646776735,0.08998002912673471,0.0860092297085199,0.10099975069996898,0.09670988294999866,0.10600331662196258,0.09891033103926933,0.09734674541278514,0.1134900268975195,0.10611094107547336
4,4.0,4.0,0.09950278856303993,0.09683078136653467,0.08314954349092027,0.11062987655346776,0.0949220851930845,0.0981471504248345,0.10286163362756555,0.093426088286737,0.11030648326694756,0.1102235692268678
5,5.0,5.0,0.09967116288473615,0.09867735581625349,0.08085757922904718,0.10099722036139118,0.09312038694912726,0.11449193210296102,0.09949983100489528,0.10179694184370813,0.0989645934059639,0.1119229964019159
6,6.0,6.0,0.09539112268921487,0.09708738420568053,0.08401564981060823,0.10163576503548104,0.09119982607535097,0.11132490673163402,0.10307744849879326,0.10481828964019031,0.1099278136898754,0.10152179362317086
7,7.0,7.0,0.09212518680095136,0.09747065834487963,0.08460098703903582,0.11556615578993987,0.08340124474501441,0.10847040190815391,0.10344518362365958,0.09656435397551831,0.11105572351021509,0.10730010426263155
8,8.0,8.0,0.1004040297544111,0.09814796378607743,0.09531260238117249,0.10169189293123168,0.09226628432153419,0.10041929251379984,0.09831979846054911,0.0902070757667491,0.1119874876773137,0.11124357240716085
9,9.0,9.0,0.10326414596003933,0.09183226179203494,0.08742949931147706,0.1122298077742652,0.09379810301965848,0.1026295482444296,0.0867765358616285,0.07966151583598988,0.12340687843911921,0.11897170376135735
10,10.0,10.0,0.09317774926083357,0.09534739977387222,0.09007976381492794,0.09986305939404093,0.0789394848062226,0.12169433107629324,0.09787160018574077,0.09141413954944495,0.11421838879482912,0.1173940833437942
11,11.0,11.0,0.09416476967079217,0.09118933973772159,0.08913539229621112,0.09708602532332729,0.08942056816196779,0.11563744999274843,0.10704964198864082,0.0859184748086172,0.1172931556146463,0.11310518240532683
12,12.0,12.0,0.09873119491321071,0.1016059789868345,0.08291213948028979,0.10212380539011871,0.08410271472093309,0.10612632292789896,0.10156480583151764,0.09186391582639451,0.12084729890050534,0.11012182302229634
13,13.0,13.0,0.09940888449294295,0.09566077254175272,0.09428124480402578,0.10320813868946836,0.08865894098907665,0.1190452905069044,0.08966266394981151,0.08578543378888731,0.11729694462617404,0.10699168561095578
14,14.0,14.0,0.09993502139459406,0.09576534251243587,0.08466081093373011,0.10984888469990894,0.09210183007440118,0.1187979792625434,0.0881826505891694,0.08158466835176359,0.12383411601768861,0.10528869616376442
15,15.0,15.0,0.09642981905975348,0.10662666756827315,0.08473825769564157,0.1066839432921968,0.08372320356930149,0.11076490407053799,0.09523099928114954,0.08352114811535497,0.125874338342235,0.10640671900555557
16,16.0,16.0,0.09581548560960387,0.11102855118633922,0.08003258493508854,0.08959167164712466,0.08744652331820502,0.11999139017802304,0.09251218826427574,0.08418965000813362,0.1270897998025941,0.11230215505061172
17,17.0,17.0,0.08481336406775122,0.09448220539281713,0.08600765482416431,0.10070434592818842,0.08931468316310102,0.11924907218373962,0.09145984696775034,0.09023897900188914,0.12759384945293728,0.1161359990176611
18,18.0,18.0,0.09774836902594783,0.09126750280382903,0.08919411353547976,0.10012519241708395,0.08014234527738806,0.12016350125105016,0.09354648501815674,0.08606103412270863,0.1269261190249049,0.11482533752345041
19,19.0,19.0,0.09244192371344374,0.1106770615002171,0.09262416638016172,0.09885317866910562,0.07442408034621437,0.11670897925208568,0.08887795453852755,0.08956666412255623,0.12040084565734255,0.11542514582034502
20,20.0,20.0,0.09889720496313321,0.09324596038244147,0.0954707557097623,0.10185998521673045,0.07874106926393229,0.11555859416552769,0.08907786465297388,0.0801431223352091,0.12852620852440425,0.11847923478588493
21,21.0,21.0,0.09305680979770706,0.09945908661602362,0.09441237747525447,0.10377770655174248,0.07858341369384901,0.12128999634223796,0.0858777641039392,0.0821536169364567,0.12399760325660662,0.11739162522618249
22,22.0,22.0,0.0973542418646097,0.09891859960928304,0.09054126358106146,0.10654510376680751,0.07214679495503193,0.11446412077298362,0.08496070978838767,0.08517483867298828,0.12774427502428715,0.12215005196455928
23,23.0,23.0,0.09927369557552854,0.10823650101555068,0.0883988114489481,0.10018526362477287,0.06588922039830843,0.11907608663448595,0.08864897925721277,0.08111228616843746,0.13554481243642416,0.11363434344033056
24,24.0,24.0,0.09939456275220658,0.10759193238112585,0.09690783680287936,0.09921493211495226,0.07143889802340728,0.11369246795133643,0.09860837146811623,0.06910113168232412,0.1264080911901735,0.117641775633478
25,25.0,25.0,0.10333377403575587,0.1036522882696564,0.0858360895929807,0.08942991021480091,0.07428431228105944,0.12056710874343883,0.08658379895775398,0.09026560703614521,0.131594254617425,0.11445285625098311
26,26.0,26.0,0.09055622657260394,0.0921630089602893,0.10317686534476014,0.10447129355225866,0.0738711151113979,0.1307721827535726,0.08970954743028997,0.07395716641074322,0.1362216623837794,0.10510093148030442
27,27.0,27.0,0.08355993083974424,0.10128614636962578,0.0924258259057629,0.08854022195937104,0.07955766200561809,0.12247196241547616,0.08957815824999352,0.08239654033726232,0.13447486762594887,0.12570868429119667
28,28.0,28.0,0.09526195775163968,0.10712617962206361,0.09071469179545058,0.09771865232829272,0.07774220576081586,0.11868287196137403,0.07488983533172197,0.08174850726227945,0.14089494028225436,0.11522015790410722
29,29.0,29.0,0.09505729014545863,0.09481982684576987,0.09036029446964959,0.10960912061243391,0.07671518361575953,0.12056978082411351,0.09138017306030491,0.07525066701316913,0.12711318940087843,0.11912447401246207
30,30.0,30.0,0.09588421959391362,0.09697305910560199,0.0973316754385454,0.10147267881029647,0.07760350919349063,0.11874102718002762,0.08926443397421303,0.07814610450966766,0.13698199451932364,0.10760129767491941
31,31.0,31.0,0.08754237108486482,0.09836130957332402,0.09476314092520155,0.10317517489781362,0.06543722571755557,0.13069407896782928,0.08914857468019786,0.07699115588242023,0.14333048830667844,0.11055647996411419
32,32.0,32.0,0.09877616757647419,0.10261754823207743,0.09167265869501307,0.08747265633090882,0.06759416227262333,0.11879140936347969,0.09727133308446294,0.09643462278114447,0.13328534119394053,0.10608410046987507
33,33.0,33.0,0.09164798466985388,0.11297909047076737,0.0877497529385628,0.09814737240191816,0.070669716660309,0.11558212224611572,0.08522614120781118,0.08436464954094987,0.13737485316389528,0.11625831669981627
34,34.0,34.0,0.09637860767065949,0.10719806053569465,0.092914551933257,0.08441972849187362,0.07099887433227912,0.1280813563756625,0.08690190134828014,0.0766335513340696,0.13425922606008683,0.12221414191813655
35,35.0,35.0,0.09770656190529912,0.10639584893422478,0.08649698046216722,0.08784270920756199,0.08368933001691316,0.123142241786938,0.0844931926514311,0.07693140584246308,0.13483951531385402,0.11846221387914699
36,36.0,36.0,0.08879072969101227,0.11602724429685403,0.09942394207358002,0.09052308860347193,0.06430287851496833,0.11193583219497423,0.08745596539631598,0.08782360237051047,0.13682203971744505,0.11689467714086725
37,37.0,37.0,0.0895062343653663,0.10831029638606748,0.08922048244245596,0.10000885859276634,0.06677804215634398,0.12466850335418858,0.09550084762265812,0.07779535563987497,0.13991184021451805,0.1082995392257597
38,38.0,38.0,0.09994592919214978,0.10495247434125905,0.1047002859779608,0.09859916305099947,0.07052779992015812,0.12839856310676484,0.08210579892996152,0.07215778263670805,0.1289140040838927,0.1096981987601452
39,39.0,39.0,0.09073448024310564,0.0915876027747217,0.09718872558104073,0.09752968117035522,0.07640457045013185,0.12182401489540347,0.10377913675631649,0.0705463653171764,0.13403364219435074,0.11637178061739725
40,40.0,40.0,0.10198074167256574,0.10675244723560637,0.10010969022231628,0.0833059901533495,0.08345695203333676,0.12417645677412684,0.08806643085011139,0.0769556000683301,0.12657840711717636,0.1086172838730802
41,41.0,41.0,0.09291720232510811,0.10580273460440201,0.09180572234256426,0.0935144439354942,0.0636927906103208,0.12247604564844725,0.08642526149202398,0.08038483895647468,0.1454884420643563,0.11749251802080793
42,42.0,42.0,0.09703067667698875,0.10290791320881662,0.09186311224836077,0.11243315155860441,0.07001588759031344,0.12740922000788593,0.08138623193299091,0.0753853598476586,0.1311687679496742,0.11039967897870588
43,43.0,43.0,0.09318102709838083,0.11035041586415698,0.10755719026535211,0.10386065758174298,0.06035135419413913,0.11992273062855281,0.0831920121225294,0.07165767215912008,0.13080250821759204,0.1191244318684332
44,44.0,44.0,0.09863832926938546,0.10436131182164501,0.11166502253917854,0.10200667675928143,0.06736824114553092,0.12989980656047756,0.07552467854492385,0.06961841528806204,0.12591147866496863,0.1150060394065461
45,45.0,45.0,0.08994487361845703,0.10313683156504964,0.09961663120801924,0.09380993277491471,0.07130801491934866,0.1349327777791666,0.08750922892620186,0.0714470081012965,0.13233063413799362,0.11596406696955167
46,46.0,46.0,0.09192181307990097,0.10722634709236907,0.0978951783974857,0.09832650465471902,0.07095182940232828,0.12466570318123135,0.07272278209109204,0.07362699134413742,0.14010573775288787,0.12255711300384783
47,47.0,47.0,0.08922387509825572,0.11671759097759744,0.10163824846050921,0.09545687043446496,0.07890544126609947,0.1309148944980772,0.08413033668957956,0.06982677842220683,0.12280373709213495,0.11038222706107423
48,48.0,48.0,0.10430063403568332,0.09915550201060681,0.1013045827799329,0.0935825034733607,0.06934484204793205,0.12282145273866271,0.0851762638600636,0.07708713008702839,0.13753630072146963,0.10969078824525944
49,49.0,49.0,0.07458791685875979,0.10967302188903585,0.10284638863936679,0.09082706247895364,0.061793789766086446,0.13411233676003587,0.08626438504151615,0.08759993286382999,0.13284260562440683,0.11945256007800804
50,50.0,50.0,0.10186014293836905,0.109471553519184,0.07864989698053397,0.0953086363356024,0.0647936842810313,0.13089842096415538,0.10389999438981982,0.06870451131441739,0.13121059362565762,0.11520256565122855
51,51.0,51.0,0.08577929621712813,0.11070035344562212,0.09884702170692719,0.09069852281125393,0.06284246310346982,0.13201580506410154,0.08356427395053385,0.08871576997180193,0.13508875271164555,0.11174774101751553
52,52.0,52.0,0.09516490017253712,0.09802931276805422,0.1017736914762705,0.09231753143585061,0.0709995654586919,0.11561948343077404,0.09377798025394496,0.0751661775139377,0.1443143563125407,0.11283700117739774
53,53.0,53.0,0.0946383835351482,0.10233818054640735,0.11073364048483389,0.08412721211983981,0.06663989534075343,0.12940371830938996,0.0800178515674391,0.07510369733603937,0.13471069306032088,0.12228672769982755
54,54.0,54.0,0.08750151782764477,0.10313366759968559,0.09813140163522113,0.10239652050662267,0.0635138971540906,0.11283490559424385,0.0858888327295025,0.08627498965187054,0.1425635471814218,0.11776072011969603
55,55.0,55.0,0.10179543187913401,0.108761552441931,0.09117865094447072,0.09069060359447177,0.06358217378549204,0.13733484910881374,0.07963480701555617,0.06910914368180812,0.1332048059668237,0.12470798158149828
56,56.0,56.0,0.09437836729875479,0.11053463001573356,0.09764263401377404,0.0924925077350388,0.08101144442706212,0.11548124983631783,0.08047599893299226,0.07081009879502068,0.13995204106510353,0.1172210278802019
57,57.0,57.0,0.08302272846522385,0.10252462943279353,0.10370234608786873,0.10499272998240572,0.06939989553379979,0.12359432775742296,0.07418870269939726,0.07455841582229185,0.14420052047800466,0.11981570374079123
58,58.0,58.0,0.08981788235628899,0.10254669054635976,0.0934273198663121,0.10363583221102264,0.08880576976613416,0.13599922695183717,0.07998165015784728,0.07119427936553721,0.1306394208525977,0.10395192792606264
59,59.0,59.0,0.0954038812122617,0.10148920376610668,0.09405151394124948,0.09497569430392129,0.06690509377274681,0.11847101516583787,0.08699317011233558,0.0885391271647961,0.1374128547185948,0.11575844584214912
60,60.0,60.0,0.09009045843201899,0.09147484262971654,0.10500817876308854,0.08442600561297013,0.0770211344103205,0.14264787924427128,0.07276847437840385,0.08421002660178642,0.14002917584513722,0.11232382408228606
61,61.0,61.0,0.08898464108400331,0.10656822285236349,0.09415250637726763,0.0899954671118697,0.05654194600181284,0.12857915057280442,0.092214027869294,0.07847521878511965,0.1426992949881965,0.1217895243572679
62,62.0,62.0,0.09605378368051365,0.0993600334337876,0.09878400351909447,0.09161338091320084,0.05637180841873716,0.12661765169671577,0.08195636217075594,0.07848889763917918,0.14374587868389505,0.1270081998441198
63,63.0,63.0,0.10391725404176042,0.1019743715274674,0.10856308944893163,0.09770916644176963,0.06575173963950826,0.11202358849427844,0.08901352315512787,0.07705863027240008,0.13219252201160453,0.11179611496715122
64,64.0,64.0,0.0965399723750157,0.11037775726014085,0.08971517504502549,0.0899077389442004,0.07289465787592618,0.12496553902136039,0.09478555049603916,0.07349781678900372,0.12598291855734617,0.12133287363594143
65,65.0,65.0,0.09171844161180899,0.10966939262742012,0.09596551947222937,0.0897836750918122,0.06734033626123646,0.1312553623275037,0.08621620995057996,0.06771648204920858,0.13536570674159784,0.1249688738666023
66,66.0,66.0,0.08810236707302,0.11303749817277128,0.09877471582038944,0.08605130892010417,0.06416959162020489,0.11493631036164542,0.08784815096053525,0.0800879175067419,0.14162594369322107,0.12536619587136605
67,67.0,67.0,0.08796530312274756,0.10735622208044418,0.10165439874047077,0.0887430900773512,0.07252932610557845,0.12633952828888287,0.07832947683314301,0.080046289593213,0.13180417642309794,0.12523218873507053
68,68.0,68.0,0.09161946334076196,0.098694739049166,0.09941957404159707,0.0919667956415499,0.08840917409239231,0.115198105709899,0.09052859612110875,0.06910808831635482,0.14230349873178574,0.11275196495538391
69,69.0,69.0,0.09091405753767622,0.11371507790922168,0.0923893653926388,0.09208498872693444,0.0565753712923295,0.12138649182058858,0.07870687532124887,0.08882463085894979,0.14188816600588577,0.12351497513452592
70,70.0,70.0,0.08293572525704913,0.1117733117648041,0.10522363787755133,0.09295514656506754,0.06363985684157798,0.1285512138291059,0.09091613936990475,0.07257065753058528,0.14407545206705313,0.10735885889730043
71,71.0,71.0,0.08537533594812519,0.09767017428732323,0.10499462798885462,0.09640679583958871,0.06504388741046366,0.13130669731059058,0.0797165930137153,0.06510991344151569,0.14134829493453205,0.13302767982529048
72,72.0,72.0,0.09473665595796912,0.11509359080020243,0.10722756217796096,0.08341428113059904,0.07239337187493991,0.13104239483222163,0.07420542032339872,0.06800445692031495,0.14458489341392497,0.10929737256846787
73,73.0,73.0,0.09487575019400563,0.1157520063545319,0.09970411307572877,0.09916238579761544,0.0722725379079638,0.12642705998878065,0.07725607102275048,0.07923871520036183,0.1203979331935694,0.11491342726469167
74,74.0,74.0,0.08495526855798867,0.10236509381247574,0.0929812702576884,0.09449408686835407,0.08176296196062782,0.12702162053371696,0.08007777298819703,0.07235679610584783,0.14006593454199662,0.12391919437310643
75,75.0,75.0,0.08930387639236415,0.10898288385377128,0.0854275394562318,0.09478146936349721,0.06736860912244032,0.12796565175664226,0.07877989462103857,0.09211724693993617,0.12988565378293357,0.1253871747111442
76,76.0,76.0,0.1010714385497113,0.11451875916745935,0.0931143270772021,0.08184013088681627,0.06720043773933823,0.10871228782903786,0.09161085741046847,0.08611998620573998,0.14225349583603772,0.11355827929818818
77,77.0,77.0,0.0980660768439506,0.10527595599173704,0.09668051359251476,0.09334958405779498,0.06968357442301083,0.13330767973918814,0.07650229704712455,0.06161328737206741,0.14753638383369155,0.11798464709891962
78,78.0,78.0,0.08908814403023665,0.10932774014498474,0.09750195247225117,0.08893869608508652,0.07884725851455103,0.12419390046262746,0.08932562475327166,0.07107499810996867,0.13511728674119755,0.11658439868582397
79,79.0,79.0,0.09711226827747438,0.11114930294653143,0.1043627729803833,0.0868464194178928,0.06794805312757769,0.11638716943017387,0.08914025211897295,0.0805973693232284,0.12966216471186293,0.11679422766590179
80,80.0,80.0,0.08986222732381541,0.10251885367029448,0.11993302388115894,0.09911067654942282,0.061224215780021275,0.11755248558531317,0.0774765720088633,0.06997600184386474,0.14349072074019903,0.11885522261704637
81,81.0,81.0,0.08353964556835611,0.13000738904398249,0.09090337882647843,0.09418461260549443,0.0691572229074502,0.13164285511057466,0.07705022214684895,0.07471341309369058,0.1425336018360867,0.10626765886103699
82,82.0,82.0,0.09634767222335891,0.10830765947785063,0.10994466768176761,0.09020346704004337,0.04867367408425665,0.13810174731046834,0.08052761135997066,0.0763469339499396,0.14034523630756385,0.11120133056477995
83,83.0,83.0,0.0944882793335732,0.10311665718739702,0.09788593062613221,0.10029574170778295,0.059232636666916846,0.13382458772833555,0.07332704753011479,0.07324074955192451,0.1464740053988561,0.11811436426896633
84,84.0,84.0,0.09045209408664054,0.11116265321759063,0.0962324968250046,0.10584318623314423,0.061836143592715345,0.12650769869009174,0.08394206339170832,0.0727739645514061,0.13333346107759353,0.11791623833410451
85,85.0,85.0,0.10579138570456603,0.11356891684781587,0.08772445297921964,0.08660162074771438,0.06809680091142568,0.13264730778722988,0.0829279363316177,0.07566174193373143,0.1409949899006507,0.10598484685602809
86,86.0,86.0,0.09694959420046825,0.11026743515828326,0.09940784350091811,0.09345714053424758,0.060601594479149666,0.1360677269802945,0.07763431287599425,0.07149820651525551,0.13238489610584248,0.12173124964954592
87,87.0,87.0,0.08990195110649739,0.09395352431912311,0.10821342669175738,0.09504830783594771,0.07322942723317558,0.1265978710778935,0.08064670112044489,0.0756306962075349,0.14998371991605725,0.10679437449156781
88,88.0,88.0,0.09473794952322752,0.11033834990361016,0.09486331191207928,0.08339177231468466,0.07275850711515633,0.1296029513004437,0.06815205962095656,0.06231982958620773,0.1634653577933404,0.12036991093029328
89,89.0,89.0,0.08265648406447243,0.10071169694450655,0.09771258433562044,0.09837726887149464,0.06047707230941428,0.1394100639112507,0.09886236261385922,0.05448894194563312,0.14401114487339192,0.12329238013035622
90,90.0,90.0,0.09198098064954968,0.11354333638499088,0.10384503442156176,0.08127959898413009,0.06368369990663214,0.14156159577926056,0.09331823224436027,0.06504767941312739,0.13163317115593817,0.1141066710604487
91,91.0,91.0,0.08465075721832424,0.11233545589030462,0.10322027877518018,0.10044780986052956,0.06859265170836407,0.12060562840324911,0.08200464178869474,0.07194733454270057,0.13956712530162724,0.1166283165110252
92,92.0,92.0,0.09852167628341335,0.10315549969372702,0.10082294297718615,0.09074840584499919,0.07337452766951666,0.11933674421517322,0.07448782011758519,0.06892981700963886,0.14878488297646414,0.12183768321229575
93,93.0,93.0,0.08509177705966217,0.0952653461044962,0.11471505554256163,0.07449908439891914,0.05758302163459432,0.13485930804511562,0.08157000939345994,0.07511388480643973,0.1478392855265705,0.13346322748818035
94,94.0,94.0,0.08993600819192087,0.11057863251233194,0.10339014828349966,0.10441980148580363,0.046002768491055376,0.12705623471624447,0.08772640686543409,0.059484640851170556,0.14110120044778246,0.1303041581547565
95,95.0,95.0,0.09181156886987892,0.11462867594181747,0.0992702759141859,0.08875165580198605,0.08059361051735237,0.12790377203192146,0.07030857950477927,0.06577033698328852,0.14146317392863572,0.11949835050615384
96,96.0,96.0,0.08550880176326665,0.10881574256903466,0.10769077224592491,0.10244163162882206,0.06649020432213396,0.13969551558023846,0.08448782861729098,0.061879257980315516,0.13215346209725556,0.11083678319571677
97,97.0,97.0,0.07957341400317139,0.10171567326471767,0.10881681552438564,0.0952035215950659,0.06038781646919687,0.12842364919563048,0.07665598914614055,0.08395016398442394,0.1479692979056264,0.11730365891164077
98,98.0,98.0,0.08354593903170962,0.10013232397455477,0.0979957569443827,0.09351291518598996,0.07329572113619051,0.11526718969027432,0.08880260826348213,0.0769143248652258,0.15136757949080007,0.11916564141738964
99,99.0,99.0,0.09860850702870214,0.10411810592976105,0.10201040752810857,0.1003181331306379,0.06410322510302381,0.1269960528322604,0.08424366907614925,0.07647423364224079,0.12630065932219997,0.11682700640691565
100,100.0,100.0,0.09804390813810414,0.10115505166476361,0.10151159958886183,0.10713919499440339,0.06510590028220117,0.12012467149286665,0.07749008113390872,0.05659618742730026,0.15346165341787618,0.11937175185971372
101,101.0,101.0,0.09301169915443687,0.09745780154258313,0.1206180718978469,0.09600710743409127,0.06560462273150257,0.12858937413435892,0.07292518054147022,0.07065429904845,0.13265293736714817,0.12247890614811152
102,102.0,102.0,0.09115295833398457,0.10470836998099912,0.10367008528794323,0.09060665472815592,0.06094959857624238,0.14060703755218668,0.07324503989884938,0.06962267699115966,0.1386067948723496,0.12683078377812898
103,103.0,103.0,0.08535468270656901,0.10946775114697246,0.1149242427421078,0.09249034815997645,0.05590234587416772,0.13335099546923737,0.0686255791236583,0.07242534162137754,0.15220652396205359,0.11525218919387936
104,104.0,104.0,0.09379142069054028,0.10493293717662286,0.10293809857184706,0.07954550442601936,0.060697570380298896,0.12859737132455223,0.07232627905863245,0.07152419827895229,0.14529523305932657,0.14035138703320754
105,105.0,105.0,0.07800843106922621,0.10241728430980382,0.1057804889117504,0.08688943992316008,0.06433809674830496,0.1284255637440897,0.0869303343983737,0.07103980490228269,0.1455591453955142,0.13061141059749384
106,106.0,106.0,0.10116015659433124,0.12595950728086608,0.09876897476114721,0.09764414998845665,0.07124863050111555,0.11897448918873729,0.0794202008278302,0.06912366536700065,0.12160748282170639,0.11609274266880817
107,107.0,107.0,0.09336600724963139,0.10468822478944047,0.11347290930268927,0.08439520044899754,0.06173895341783612,0.11805718996841985,0.0852370078868386,0.05411505089833507,0.1514815398252827,0.1334479162125285
108,108.0,108.0,0.09406916733108837,0.10716865536101672,0.10913199151363925,0.08333296038274465,0.06528320326080775,0.11521981325106376,0.06524095952454821,0.07565142006565714,0.14050691289971382,0.14439491640971985
109,109.0,109.0,0.08573764206401673,0.10678998109217226,0.10685752082370945,0.09396948948330867,0.055117877561813036,0.13212284155864856,0.07710569734571804,0.07661959676782117,0.14671384966383288,0.11896550363895879
110,110.0,110.0,0.08234862791180986,0.09690604520843585,0.10290723568743135,0.0997511576046157,0.05906544952421089,0.141381688287382,0.07126574757297942,0.08322716218358836,0.14304654466971017,0.120100341349836
111,111.0,111.0,0.08493299839402225,0.11963816397270588,0.09837969802179765,0.08881486989308471,0.07131152853691604,0.12880277102254406,0.0693879066134613,0.08249681343317994,0.1429414079542109,0.11329384215807678
112,112.0,112.0,0.08783965717602549,0.11975625507466992,0.10389561124070586,0.07700234671245254,0.06266588923490979,0.12287004014519971,0.08262037432543708,0.07675823991656064,0.1435742505868417,0.12301733558719685
113,113.0,113.0,0.09976670881382023,0.11106396699670244,0.11012269040316344,0.07628344168726373,0.0590246223319376,0.13099675245591338,0.07161858483494861,0.07607756527065353,0.13445900778691677,0.1305866594186799
114,114.0,114.0,0.09191378596620184,0.11249279806771573,0.09575995995247896,0.0912974928171719,0.06672070991371656,0.12188164180251457,0.07398387707797377,0.0720931286481856,0.14135576879196438,0.13250083696207632
115,115.0,115.0,0.09622611515387765,0.10437057864873674,0.11639864241823819,0.09092100582636235,0.050385380684481874,0.13318547536629124,0.07821913309033868,0.0659632288342443,0.1409948608981056,0.12333557907932287
116,116.0,116.0,0.08439442994965905,0.1182662926071147,0.11355900841140916,0.09145665084249777,0.051799348723411034,0.13362649367579488,0.08267364967094437,0.05892979399931023,0.13110192400292117,0.13419240811693717
117,117.0,117.0,0.07380881724970055,0.1292631295499051,0.11011438936780096,0.10280771957995771,0.06036162339891954,0.125863270498174,0.07749754501836896,0.06846962528743153,0.1357745719985078,0.11603930805123337
118,118.0,118.0,0.08139200086141332,0.10501711928792164,0.10765849002158949,0.10174220697270395,0.06250634131814323,0.13346051882391025,0.08476226129089047,0.061301018847518596,0.13441445600443586,0.12774558657147267
119,119.0,119.0,0.09032869724441109,0.1073726006615916,0.11309121304011542,0.09174806523449099,0.06269747171390003,0.11794674416923465,0.07495077581253068,0.07414818096083434,0.1425854094190578,0.12513084174383293
120,120.0,120.0,0.09112316995354264,0.10768039327410524,0.10390154737354487,0.08525962949027754,0.05827069015060312,0.14721221395095116,0.07488852582062021,0.05079761287121998,0.1536403435508131,0.12722587356432166
121,121.0,121.0,0.0821974782824872,0.10061749406493152,0.10550071466249555,0.10756597419783291,0.06416670533682524,0.13265245494743044,0.09079339237906076,0.06671322611090294,0.12793619212370547,0.12185636789432759
122,122.0,122.0,0.08837192174087996,0.1298541191736068,0.09989231735723596,0.09040658610203477,0.054492563608984,0.12457404269338637,0.07362504704103924,0.05823180311861762,0.1464729709343971,0.13407862822981784
123,123.0,123.0,0.08647755714851327,0.11243536633868415,0.09679625608945204,0.09363504525352886,0.05988721915648284,0.12563273435051286,0.08391780217706343,0.05959385529688982,0.149725372694791,0.1318987914940813
124,124.0,124.0,0.07626280265544245,0.11389026017428479,0.11070609760381903,0.10163379891377225,0.05418479363727069,0.12887615610106984,0.0706833562347467,0.08836079678708172,0.14374787047848808,0.11165406741402403
125,125.0,125.0,0.08985069494387757,0.12104043878352486,0.11155963986655033,0.08077305792230764,0.06168191342593319,0.116881861649534,0.06858923042390944,0.06863306307607023,0.14718240570987404,0.13380769419841815
126,126.0,126.0,0.08809740910417822,0.11373649645362342,0.10511219343029014,0.08346097532665767,0.053654010793927086,0.14665856608550093,0.07595301488603438,0.06847551518021518,0.14525242341605898,0.11959939532351342
127,127.0,127.0,0.0757173913928797,0.1046603769886365,0.10955501514201434,0.07820140503074402,0.05664276567588875,0.13327903133017374,0.09408343284899248,0.07087345183842561,0.14195498156519987,0.1350321481870445
128,128.0,128.0,0.09091703932354525,0.11058194552400114,0.11391657150127894,0.09464973222161681,0.06933077572694507,0.11147508864582394,0.08282184682604186,0.05768700513518421,0.13562451915541132,0.1329954759401509
129,129.0,129.0,0.09961395465487924,0.11673268440170943,0.09950868703510987,0.0911985372528606,0.05279745304631458,0.13118568562130725,0.08045294650074411,0.07466690140354024,0.128206526698997,0.12563662338453727
130,130.0,130.0,0.0873112794895701,0.10704884308063908,0.10228387971810589,0.08555521341093941,0.06120541184557225,0.13675561548925613,0.08634459837976591,0.06068898358975413,0.14096291301026348,0.13184326198613314
131,131.0,131.0,0.08760462249209791,0.12011732556722905,0.10777983527115678,0.08077524134486012,0.05459002191387483,0.10966761840395109,0.08292203250165861,0.08292106754572137,0.139403020195665,0.13421921476378484
132,132.0,132.0,0.07502398496153481,0.12464451356457115,0.09838616311905615,0.09228281532445555,0.05115858645838618,0.12143040986559879,0.0710327973069089,0.07921886394587331,0.1620028126871472,0.12481905276646757
133,133.0,133.0,0.07837543099728453,0.11828160710624111,0.11643333584981715,0.08175368279318948,0.0410137069470151,0.13157231939206632,0.09432155824229857,0.061350434373829,0.14356552344778423,0.13333240085047401
134,134.0,134.0,0.08819552696380514,0.12745868960533943,0.1079111961185856,0.08653755918826425,0.05736788305700805,0.11660420072097497,0.07448057570245134,0.06925261279343822,0.1395553877556138,0.1326363680945187
135,135.0,135.0,0.1023041597110917,0.11642301729463038,0.09029570535240254,0.09049897979671886,0.06225754310358288,0.14242026067439367,0.07575959323936605,0.049374624779893066,0.13587296524901465,0.13479315079890578
136,136.0,136.0,0.08826649281128818,0.12360807960855849,0.09926819510061166,0.08608031615767461,0.07253017893545344,0.124014801514191,0.07010060055901943,0.06139033716407111,0.14464362762457914,0.13009737052455247
137,137.0,137.0,0.08931812039180756,0.11222899036390074,0.11401252305104306,0.09921252170419567,0.05339297591162594,0.13671217144146747,0.0715148279460469,0.06546617947830616,0.13115228645721003,0.1269894032543961
138,138.0,138.0,0.09950237244011302,0.11428181158678585,0.10141221533577123,0.09554646083416285,0.06689258574230553,0.12326838605948369,0.07332707157436093,0.0690464473929781,0.14076703201162039,0.11595561702241793
139,139.0,139.0,0.08897149078548415,0.11600243520707317,0.10247859583801847,0.08271447862054501,0.06851690697424505,0.12329895240887818,0.08383726918625672,0.06214080182136417,0.15192537851370036,0.12011369064443427
140,140.0,140.0,0.10714578636930598,0.11707417290218833,0.09215980991558956,0.07822355799955032,0.05422487493620658,0.12607042328006526,0.08142093548404619,0.0793920510571044,0.14555937966368637,0.11872900839225649
141,141.0,141.0,0.10184106441060645,0.12453164422659449,0.09300190099482815,0.09926260612988277,0.0738663645444798,0.11548907980561338,0.06862372846039037,0.07042770886246372,0.14604743575880672,0.10690846680633366
142,142.0,142.0,0.08487753012338731,0.13842248301899357,0.10739669937215776,0.0857606500010011,0.05875763136492279,0.1275896369964806,0.0803722800947837,0.07300754112499519,0.11894524484747122,0.12487030305580635
143,143.0,143.0,0.09154776893354659,0.11954109967579485,0.09507768021213728,0.1052028904510914,0.06306112968050369,0.11951692073491485,0.08528573126482836,0.06155474325982474,0.13360707131490077,0.12560496447245706
144,144.0,144.0,0.08183327843371085,0.1075870229721914,0.11726182041658799,0.09024820652530327,0.06360878945295054,0.13419581906594663,0.07003531282652249,0.057715088929238836,0.14323556358204348,0.13427909779550395
145,145.0,145.0,0.08706211594011846,0.11440652291370838,0.11517758398215154,0.09423700123652497,0.05778112839729964,0.13277246622186165,0.06888909794513218,0.05808933010777079,0.13558127010791285,0.13600348314751914
146,146.0,146.0,0.09452632714784194,0.10592666442665088,0.11325843229530692,0.09019452847395969,0.056511442082689524,0.1316398187363233,0.06614580801836635,0.05304906070180905,0.15588576705017543,0.13286215106687654
147,147.0,147.0,0.09364763673750609,0.11173047412676422,0.10055238171895278,0.0962348484822374,0.06602568049694987,0.1429994114694484,0.06420605242103676,0.059789379990498624,0.1447747132553836,0.1200394213012218
148,148.0,148.0,0.09171474614147299,0.10556770841458833,0.10784197296207373,0.09437080383292484,0.05694960906692491,0.13177276601066124,0.09054233518408064,0.06575248694824164,0.1444241557098,0.11106341572923124
149,149.0,149.0,0.08323235927507393,0.11627233613002215,0.11599865633832321,0.08808629342752797,0.05721248047127605,0.12994691123901383,0.08319733189892733,0.06251084553141706,0.13957378755471123,0.1239689981337068
150,150.0,150.0,0.07478785036295872,0.11439158969651102,0.09774137147952591,0.09186786100027867,0.06074522024978107,0.1286210704815936,0.08250865952390297,0.08038123055931537,0.13370604422430013,0.13524910242183202
151,151.0,151.0,0.08895306484230912,0.11585643084649722,0.10024399057426432,0.0919371519513129,0.07126107326259976,0.11361093689341736,0.07288401267426628,0.06729436042935437,0.1439121521457966,0.13404682638018156
152,152.0,152.0,0.09586414510972965,0.11540602176081223,0.09094229428300496,0.10848415517798511,0.0592589137560503,0.1185274849100076,0.06341923591050655,0.061513540832350444,0.1470760813568986,0.13950812690265402
153,153.0,153.0,0.08812316939201961,0.11559689802441933,0.09584403786369745,0.08357147767404097,0.054145277181609594,0.12576115649247246,0.08975402135134077,0.06564255033457563,0.14807275402404504,0.13348865766177867
154,154.0,154.0,0.07142311021112857,0.11612732962219693,0.10438768710398438,0.11072656874274274,0.060935028877831,0.11816418925302682,0.0746360356441422,0.07321452607987944,0.13255643396488664,0.13782909050018075
155,155.0,155.0,0.08025413648247655,0.11392017788209116,0.10122180570668848,0.08715518210238811,0.06487681798124423,0.12274399181187765,0.08605486772488977,0.07104273018997208,0.1388021283705035,0.133928161747868
156,156.0,156.0,0.10369984106910837,0.100953783609193,0.1026702042034124,0.08180915666844954,0.05447781156103075,0.13836074743849952,0.06859319592172103,0.06783470422200599,0.14260955994970118,0.13899099535687784
157,157.0,157.0,0.07858514373695721,0.10351154859193235,0.10389195931900015,0.09191346456469593,0.06948232090769299,0.11736733939701831,0.08134446830128575,0.06968291895933719,0.14193218645853803,0.1422886497635417
158,158.0,158.0,0.07996522265211273,0.12626120276982186,0.11114415827411886,0.09370059001373642,0.05721142814214682,0.1292536437767807,0.0722040135829535,0.06129418239673059,0.14369082450961143,0.12527473388198668
159,159.0,159.0,0.09529780792895011,0.11383154253899837,0.10615843951770554,0.09301028184939447,0.04601687575901523,0.1289030196167749,0.06382263882958325,0.057914476384742654,0.14627936511227752,0.1487655524625576
160,160.0,160.0,0.09417963290249586,0.12594706322564925,0.09757539318325445,0.08723906160901272,0.0554429429760671,0.12296260125376171,0.06878249014124196,0.06202221782241753,0.14917230208353066,0.13667629480256835
161,161.0,161.0,0.08765588440892422,0.1110981331110888,0.11229889680628491,0.0943841733917421,0.06824424937552112,0.11800974976041609,0.08648658965741528,0.05797269631239088,0.13382483429965406,0.13002479287656216
162,162.0,162.0,0.08328852436092585,0.10430368528812543,0.10531738446499736,0.08262265228713886,0.07186415421181219,0.1260026181628227,0.07654634009211583,0.07587089123778595,0.1401091460489584,0.13407460384531694
163,163.0,163.0,0.07892261484024789,0.1317391553457104,0.10524565877102188,0.0929861926141285,0.06540025524510262,0.11950345342818088,0.07823879017893674,0.06580734042762085,0.141115148789978,0.12104139035907177
164,164.0,164.0,0.0984445234376882,0.11624897066399024,0.0968227462413158,0.09734772958397817,0.059778967837673,0.11876047778110406,0.06418505096623776,0.0745481072342327,0.14512750539540825,0.12873592085837132
165,165.0,165.0,0.10205074971149763,0.12356891855107173,0.10516421029629335,0.08748125995328573,0.0764243379599365,0.12348429380015644,0.07459575468607738,0.053315509675334535,0.13151057957816506,0.12240438578818122
166,166.0,166.0,0.08912331064703688,0.12123074164425471,0.10224339744259074,0.07991574666768311,0.07325172809281388,0.114556958611857,0.0742423498495302,0.07175795881509597,0.1477414123278987,0.12593639590123837
167,167.0,167.0,0.10364198587396758,0.1290218610605744,0.08590928718746485,0.0857274245932875,0.0751359812688489,0.10918918196478448,0.07766338475920458,0.06626111589348359,0.14247245067836184,0.12497732672002185
168,168.0,168.0,0.08971588008439355,0.13421743891951513,0.10449564648666872,0.08569293455582988,0.06577007795581717,0.12269275188329512,0.08133314582732858,0.054203365692792924,0.13825645091899058,0.12362230767536782
169,169.0,169.0,0.08468556348006787,0.12323840378432585,0.09789094339977769,0.09491259632804593,0.07773392756134309,0.11810590186083361,0.0688181555294329,0.0856454860958605,0.13527178266336687,0.11369723929694533
170,170.0,170.0,0.09286697028980193,0.11095919959370262,0.10629051954543575,0.09157331061029032,0.06544400818126922,0.11899834371012138,0.06905515230522848,0.06969010500814436,0.13793864568629238,0.13718374506971318
171,171.0,171.0,0.08381709979479075,0.1148438470554193,0.10109827543861546,0.08805447967975714,0.06288750289290766,0.10835904528549986,0.08499490877378921,0.07111117826593981,0.1463464089955043,0.138487253817776
172,172.0,172.0,0.10932363534198482,0.10557616998191308,0.10554034615179128,0.0799593576452658,0.057865185931771576,0.1037299752924031,0.06877571731622115,0.07506511713033684,0.16413205836002617,0.13003243684828572
173,173.0,173.0,0.1022395417854481,0.10313530849415546,0.11285485955132928,0.09369812113534629,0.05805120360092446,0.1227230349612541,0.06976126053438123,0.06726118056541512,0.14626613388876675,0.12400935548297884
174,174.0,174.0,0.08357451858292696,0.09449738485458627,0.10786054692739704,0.09227934672746006,0.073753629452888,0.1318537470699455,0.08747755058184667,0.06890973009500267,0.12766441973295334,0.13212912597499302
175,175.0,175.0,0.09258321820466069,0.13298437871133656,0.09272298435139505,0.10011723599350772,0.062123481777874114,0.1234986824909381,0.0722363298045979,0.06859647626412202,0.11183100539946703,0.1433062070021003
176,176.0,176.0,0.09066805755654785,0.11749373755059153,0.09455782323166681,0.08357722191557056,0.07764508119522967,0.11369713383749916,0.08315199450349839,0.0702716391989254,0.12850254394028054,0.14043476707018962
177,177.0,177.0,0.09075444416169723,0.12651182450360723,0.10871708262377425,0.07699454623566475,0.05525039865439304,0.11765441042629718,0.07684020258214926,0.06642065966460656,0.1430484324109033,0.1378079987369068
178,178.0,178.0,0.0939832376300015,0.11484946635894988,0.10329993600282361,0.0927761437242737,0.060477051993197084,0.11216097415540709,0.06938010596355092,0.07641583890757661,0.13933121222044462,0.13732603304377447
179,179.0,179.0,0.08603256377693325,0.1233351635409825,0.09732093329205178,0.08491364892667416,0.05373802263871719,0.11480162941483721,0.0698309623128859,0.0871553498584994,0.1541982436873247,0.1286734825510934
180,180.0,180.0,0.0882867925435484,0.12284781574831087,0.12329405676627687,0.0781382397071851,0.055913946234954326,0.1267390519746133,0.06648466435399776,0.053986456709639453,0.15674796267852614,0.12756101328294733
181,181.0,181.0,0.08662466692867939,0.11841683640005493,0.09371405168253286,0.09425692666011087,0.06462034760107314,0.11986632153316226,0.08300065561087619,0.0697721969255585,0.14217811501625602,0.1275498816416954
182,182.0,182.0,0.09054210990126758,0.11995907502582726,0.09621299838748751,0.09046351861122054,0.05783781252083473,0.12795304919202166,0.07837717419617969,0.050137690686274536,0.13503098051965712,0.15348559095922892
183,183.0,183.0,0.07808955992273205,0.12335625109698882,0.09504125868191761,0.07780449000263652,0.07514849581610009,0.13216614313781783,0.07617154022867138,0.06231898875558515,0.1398072315472363,0.14009604081031374
184,184.0,184.0,0.09543933944219535,0.11540950244554582,0.1034900729612627,0.0762595990523022,0.05691510084139349,0.11764729769017608,0.08980995625621982,0.06834988470414109,0.13699873352547026,0.13968051308129267
185,185.0,185.0,0.10011257763865929,0.09402940639808952,0.08881545067423685,0.09477463199263336,0.07304258431529828,0.11517046897177348,0.09396278151836837,0.0619749387613846,0.13779392375895644,0.14032323597059942
186,186.0,186.0,0.08234369564562288,0.11266494304585475,0.11922026871592259,0.07918319966428565,0.06268953366150741,0.11622194582072046,0.08813562671626869,0.0715040374387269,0.13356098402286593,0.1344757652682244
