,Unnamed: 0,Generation,Intertwine_two,Add_vertex,Delete_vertex,Invert_path_vertices,Insert_inside_vertex,Delete_inside_vertex,Replace_inside_vertex,Donate_between_routes,Trim_one_terminal_cb,Grow_one_terminal_cb
0,0.0,0.0,0.09999999999999999,0.09999999999999999,0.09999999999999999,0.09999999999999999,0.09999999999999999,0.09999999999999999,0.09999999999999999,0.09999999999999999,0.09999999999999999,0.09999999999999999
1,1.0,0.10900000000000001,0.10053191321499952,0.09911554443983304,0.09785007099922272,0.10029003257029769,0.10017854535863906,0.10073008401271485,0.10049788433582675,0.09978405876130528,0.10065658360652684,0.10036528270063416
2,2.0,0.31601,0.10048422598322145,0.09811611923436481,0.09643516696780792,0.10042263420906511,0.10013470348488103,0.10087486493640202,0.10051797344221458,0.10040059158084717,0.10172539365769898,0.10088832650349683
3,3.0,0.6191589000000001,0.10095414589744515,0.09708176801773047,0.0949472988004873,0.10053517023500813,0.09981467908143257,0.10150870574773169,0.10043264472249672,0.10011876136893258,0.10309514595191593,0.10151168017681929
4,4.0,1.015801321,0.10091823403547698,0.0967649097578296,0.09323286813721912,0.10160411104835634,0.0993168293813232,0.10133849196695788,0.100735755996748,0.09944532830604316,0.10411351746311005,0.1025299539069355
5,5.0,1.50262148669,0.10088859633715087,0.09666505348497775,0.09135985086762746,0.10169314981621319,0.09864464738494666,0.10278786431665288,0.1006936346576153,0.09961613150494673,0.10395779249512477,0.10369327913474424
6,6.0,2.0757334209441005,0.1004217440545811,0.09643630870166656,0.08988491966676526,0.10183017988014512,0.09779238489647196,0.10389263757210876,0.10100154916525847,0.10009379726699578,0.10486403006143755,0.10378244873456931
7,7.0,2.7307768275633495,0.0996246771977883,0.09627527656564654,0.08855732261027048,0.10334460186468308,0.09617956493559986,0.10467580571126629,0.10133620472795929,0.09974554781010467,0.1058430726894374,0.10441792588724394
8,8.0,3.4630081252450404,0.09966020641805237,0.09621003200514062,0.08839408343792649,0.10344237090414903,0.0954867477265611,0.10461349205904152,0.10114594600703598,0.09876458353967989,0.10686951397955491,0.10541302392285792
9,9.0,4.2673862119061114,0.09998563257021646,0.09553912101909041,0.08752804306527981,0.10456664974424254,0.09498418947418838,0.1047364933496498,0.09979212542284809,0.09674158462549236,0.1089864299538188,0.10713973077517318
10,10.0,5.138652627782014,0.09930266157114179,0.09524974633755842,0.08701264774270487,0.10441845744260451,0.09303416436116403,0.10673260334333141,0.099553037433878,0.09592534728617406,0.1101170098510803,0.10865432463036245
11,11.0,6.071405875792507,0.09872544058986736,0.09457447965492768,0.08648502596123797,0.10396182698357327,0.09218630329946724,0.10807303150662,0.10023884805161357,0.09459605512933754,0.11148302223003485,0.10967596659332036
12,12.0,7.060169740244025,0.09861697752177147,0.09497455216629926,0.08541434473967537,0.10398587956052184,0.09086378564846165,0.10840394833195606,0.10037570193123355,0.09390746048675519,0.11312594903352598,0.11033140057979951
13,13.0,8.099455520847952,0.09858827189237279,0.09480641105023084,0.08556262012004875,0.10409733946800648,0.09006153168009569,0.1099708939786185,0.09932054727372373,0.09265944165807674,0.11432676122790465,0.11060618165092165
14,14.0,9.183818168183006,0.09862325664208478,0.09467408465775282,0.08482121082219501,0.10485283597800134,0.08966976611018859,0.11144715790146145,0.09812632791266157,0.09104740808986188,0.11609091117597961,0.11064704070981278
15,15.0,10.307906369102724,0.09831734033086661,0.09565203598865314,0.08416008313143314,0.10526624918344457,0.08850363508640437,0.11204599612643039,0.09765692858366871,0.08969559845744665,0.1179601004101188,0.11074203270153343
16,16.0,11.466506686239443,0.09796170709304416,0.09708212686406625,0.08310028267933424,0.1039432708449238,0.0877786448247179,0.11349478821909202,0.09693832879286257,0.0884840754741299,0.11984305924620114,0.11137371596162786
17,17.0,12.654581904800096,0.0965199628099843,0.09685403831580856,0.08271329228391035,0.10372034177638348,0.08730964835862452,0.11478943532264846,0.09614209344619865,0.08795569343386041,0.1216605945692735,0.1123348996833076
18,18.0,13.867303782456686,0.09639882746362777,0.09630357003424792,0.08271659042456292,0.1034316303051048,0.08599036809861396,0.11609065699119121,0.09558732297445727,0.0870851879653801,0.12328893586607202,0.11310690987674185
19,19.0,15.100080434523047,0.09577265653627966,0.09769874377817796,0.0831273392667276,0.10301152422727594,0.08417270914327483,0.11695703273558183,0.09460076812236409,0.08664205450530586,0.12413828752802279,0.11387888415698923
20,20.0,16.348578617037543,0.09582132349840697,0.09734107321315781,0.08387664042877023,0.10289252595641077,0.08287102868727081,0.11761925186204263,0.09367563163108651,0.08533012630867684,0.12567786589177785,0.11489453252239941
21,21.0,17.608741195130214,0.09531184306242618,0.09759953119969074,0.08456111480396772,0.10296687423873649,0.08164245112562547,0.11876778271656323,0.0924770210642521,0.08429857035210081,0.12663910931870392,0.11573570211793319
22,22.0,18.876800103462312,0.09526050354408655,0.09779669024105964,0.08488854297893904,0.1033186357374662,0.0798624790719452,0.11914409506496308,0.09124057355294284,0.0836508426306791,0.12785248051908446,0.11698515665883374
23,23.0,20.14928511992658,0.095427180731878,0.09891714261260066,0.0850255103292231,0.1030315017524129,0.07755758992679147,0.11989717302175337,0.09043379910200146,0.08267687239136756,0.12972348628569264,0.11730974384627865
24,24.0,21.423028783545156,0.09562774206699462,0.0999542864675746,0.08603341649106915,0.10264758563360646,0.07592147376337816,0.12002837045067702,0.09068579311879668,0.08058353786514655,0.13055193261252226,0.11796586153023432
25,25.0,22.695167792966423,0.09623983660380661,0.1005701279850397,0.08594210151885881,0.101289232401479,0.07468868488467169,0.12077055319092514,0.08978935626636934,0.08070116026510152,0.1317747122351706,0.11823423464857738
26,26.0,23.963141223515898,0.09558390631494171,0.10000627902266775,0.08759293549978868,0.10145225960444328,0.07353381145083358,0.12245699061368696,0.08926308237335219,0.07927182083023124,0.13333615009601207,0.11750276419404232
27,27.0,25.224685898775267,0.09424366268425394,0.10033269599684286,0.08815942143717555,0.10003606726730051,0.07306645308640695,0.12322791418176182,0.08878076160217649,0.078776206187305,0.13459561981786403,0.1187811977389126
28,28.0,26.477829247520948,0.0941008087893794,0.10122000910257206,0.08854080941447837,0.0995643787476849,0.07252919702313489,0.12353527682995612,0.08688581458276937,0.0783015530426727,0.1363699423112422,0.11895221015610975
29,29.0,27.720879968916847,0.09396338501299684,0.1008470173252939,0.08887035768528054,0.10031044864425104,0.0719950944390612,0.12395207005091911,0.08670943624565078,0.07725905072978866,0.13663390744685505,0.11945923241990265
30,30.0,28.95241681848399,0.09393333561042262,0.10066637604693152,0.08987898859373576,0.10026125409062867,0.07165043556293497,0.12411048569310916,0.0863858292017814,0.07659025856067667,0.13776314940029138,0.11875988723948758
31,31.0,30.17127581490958,0.09309161513703586,0.10060569077376429,0.09060442982845918,0.10039934284831692,0.07018314496313342,0.12539467036472957,0.08611178298062176,0.07588840920524104,0.1394065049883099,0.11831440891038783
32,32.0,31.376536153543515,0.09340195391962701,0.10095425408178471,0.09098986582765883,0.09898112919404084,0.06903081788636303,0.12541316369478397,0.08670778513900036,0.0772121189419932,0.13992025013943646,0.1173886611753114
33,33.0,32.567505096778625,0.09302218266986548,0.10232074822437502,0.09095129557996703,0.09865712378366197,0.06828691239990084,0.1250426614367835,0.08614530337333055,0.0773886854194422,0.14072522288299086,0.11745986422968237
34,34.0,33.74370209472243,0.09313970886516056,0.10307907338166296,0.09140104683009978,0.0969876570094991,0.06767414127188597,0.12586452742563106,0.08579745417661942,0.07684424506967334,0.14110463194461803,0.1181075140251496
35,35.0,34.90484237192463,0.09341066685244508,0.10372253473461543,0.09117920085914186,0.0957017556991451,0.06842494015573991,0.12613246364622172,0.0852545635016111,0.07638192726836468,0.14143567496661388,0.11835627231610103
36,36.0,36.05082019768737,0.092805904770101,0.10529152263053168,0.09222541344245125,0.09473389199450166,0.06731465789962571,0.1252230630669641,0.08505462546009031,0.07706055568573261,0.14186590453024167,0.11842446051975981
37,37.0,37.18169203889697,0.09229301761263585,0.10603927416244088,0.09221864409062859,0.09476928362534172,0.06653280243941391,0.12554499735283378,0.08570318284471806,0.07677612705514798,0.14251165253908601,0.11761101827775303
38,38.0,38.29765977559663,0.09284752082112287,0.10639917855891456,0.09373055041105696,0.09471256228859531,0.06620656069877401,0.12619897924538767,0.08504535626939277,0.07596657627315238,0.1419670440107377,0.11692567142286553
39,39.0,39.399054140870355,0.09249641289756703,0.1053721383169106,0.09444980741541953,0.09459343090508317,0.06654383257740933,0.1261521039661638,0.0865912505608412,0.07503875090103874,0.14185832974700158,0.1169039427125648
40,40.0,40.48631852820801,0.09328742258276819,0.1058264411897736,0.09541662436512961,0.09309320606087439,0.06765122280522881,0.12630187951202707,0.08658316369447903,0.07479970768541322,0.1409367165263951,0.11610361557791075
41,41.0,41.55999329152982,0.09317991055560143,0.1061496025726882,0.09550329349046534,0.0926659769202257,0.06682951516024584,0.12624538216335704,0.08642660125050067,0.07494905160399387,0.1418546850284751,0.11619598125444658
42,42.0,42.62070064560415,0.09349187008403448,0.10614749699806994,0.09555005898236814,0.0941818261261056,0.06669092073226117,0.12665015862034879,0.08578177869743207,0.07463787109335966,0.1412852268392377,0.11558279182678224
43,43.0,43.669130257815,0.09342305676769298,0.10685745640855501,0.09712468625943972,0.09487135426803635,0.06563298207603807,0.12627339910758342,0.08533806095097976,0.07399251475247802,0.14063492390682017,0.1158515655023763
44,44.0,44.70602560622662,0.09390443470339296,0.1069324390682964,0.0990569590762459,0.09539642454666493,0.06532970970175747,0.12686851645449676,0.08415052113312763,0.07318441993264514,0.13946222415548978,0.1157143512278828
45,45.0,45.73217116373481,0.09351566822609003,0.1068517641639376,0.09971724611288485,0.09511541592112016,0.06547112725672444,0.12793773208964748,0.08419393190930646,0.07260433382967317,0.13891320247168976,0.11567957801892585
46,46.0,46.748380453854836,0.09332776439658547,0.10715095897675775,0.10013835301575791,0.09530111051464824,0.0656211533811189,0.12794326915838478,0.0827875098945254,0.07228868140399872,0.13913076763442217,0.11631043162380048
47,47.0,47.755485010424316,0.09287479763869999,0.10837011257797483,0.10086922448846329,0.09521152616819879,0.06660484483966314,0.1285403959921614,0.08256183826303685,0.07163795602810004,0.13760612591599072,0.11572317808771075
48,48.0,48.7543242612326,0.09393829422494138,0.10779461670636735,0.10150133248556097,0.09494591700294655,0.06665711319480057,0.1282922109516781,0.082479011496011,0.07176022658021446,0.13755918084409732,0.11507209651338214
49,49.0,49.745736344347726,0.09202779283297367,0.10824203126280592,0.102222442771836,0.09441769051948297,0.06597592677477102,0.12914322523525026,0.0825402520474735,0.07297481938986572,0.1370473319684607,0.11540848719708004
50,50.0,50.730549855707864,0.09286116542842154,0.10863886743287775,0.10045803232227553,0.09435453778962533,0.06562102707815207,0.12963743762612503,0.08439617080856056,0.07232466189835024,0.13638141951707228,0.11532668009853947
51,51.0,51.70957651737491,0.0920931058673,0.10912722683944927,0.10067169403689301,0.09384622996577836,0.06509822180546765,0.13020657702128724,0.08422796388542289,0.07370444451588544,0.13611820596050736,0.11490633010200854
52,52.0,52.68360474770151,0.09227727456132981,0.10831537750366858,0.10113840983368343,0.09351917671523051,0.0654208497085539,0.12909726259402862,0.08509131138559123,0.07374140288043987,0.13679357958719982,0.114605355230274
53,53.0,53.65339410751842,0.0924192509783298,0.10791273923194514,0.10246080176807701,0.09239378040534257,0.06533103496703906,0.1293425253057249,0.08457917795577567,0.07378266513708401,0.13651625729325445,0.11526176695742713
54,54.0,54.61967059027847,0.09185553450844763,0.10757416790586648,0.10247345901123753,0.0931251888822667,0.06495069048474657,0.1279069924047736,0.08465974272126466,0.0749501407216364,0.1370338969984844,0.1154701863612758
55,55.0,55.58312271885972,0.09273404092389459,0.10778783719355842,0.1017461548872468,0.09270557813652688,0.06460084018051691,0.12891428627726914,0.08411913933889248,0.07439753264002964,0.1366191951135609,0.11637539530850403
56,56.0,56.544398407394254,0.09287360414931133,0.10816718446234515,0.10163230444315771,0.0924879691339972,0.06601871530691698,0.12771969646358097,0.08367187216326778,0.0740173969883226,0.13688654303549036,0.11652471385360975
57,57.0,57.504102543001395,0.09187869480032772,0.10773127140149308,0.10209591354659317,0.0935421886424676,0.06628357532255226,0.12733348895709948,0.08260864334954329,0.07401803362258037,0.13758265908681314,0.11692553127052975
58,58.0,58.462795239617805,0.09157423211199794,0.10728908933839584,0.10150172344294217,0.09446980183635204,0.06849369996196993,0.1281890005087108,0.08214683275653478,0.073687596769734,0.13691923218437485,0.11572879108898751
59,59.0,59.42099071417639,0.09184125208054134,0.10673795281566267,0.10094862772138372,0.09453030022388459,0.06849586523614873,0.1272842419909923,0.08241070339228908,0.0750997552080562,0.13693669324546232,0.11571460808557889
60,60.0,60.379156734137354,0.09158585406552333,0.10518800634106824,0.10147753691636366,0.09353423384436915,0.069493510332033,0.12879951346463747,0.08127154205827525,0.07607218146581261,0.13721880192782662,0.11535881958409053
61,61.0,61.337714584760846,0.09123046016087051,0.10516526089908443,0.10090329437173076,0.09310363797038121,0.06841874831826096,0.1288948685815678,0.08210582152995309,0.07645526276748645,0.1377678153954335,0.11595483000523114
62,62.0,62.29703950447439,0.09159506171556533,0.10443800067897421,0.10078211791579922,0.09284681135534006,0.06731568072439408,0.12878138111910856,0.08193198854800277,0.07682160338457517,0.1384159006817772,0.11707145387646326
63,63.0,63.257461537171835,0.09275413737056484,0.10399412061779112,0.10163098655447748,0.09321291165023853,0.0671514742889344,0.12719819878842759,0.08248149869891219,0.07702495614582315,0.13789714155227864,0.11665457433255186
64,64.0,64.21926675122782,0.09317120846010186,0.10441476964509044,0.10057949791784186,0.09280722171380554,0.06770398297416824,0.12691578364058143,0.08361858081338396,0.07685222902387247,0.1367522517948974,0.11718447401625662
65,65.0,65.18269877636592,0.09309810700351366,0.10478214718253828,0.10014954935886201,0.09240069955808097,0.06769771537842731,0.127271089891942,0.08389669035868919,0.07608509701778866,0.1365524364993039,0.11806646775085385
66,66.0,66.14796061122655,0.09265691158478832,0.10549846997522527,0.10000167499172984,0.09163542275609536,0.0673714262869854,0.1259988030459363,0.08433337824637833,0.07654813560838077,0.136986759130855,0.1189690183736252
67,67.0,67.11521665648885,0.0922005838677906,0.1056504231613863,0.10014428676160561,0.0911600106116731,0.06788172120655724,0.12588344175041202,0.0838096776597009,0.07699610536754439,0.13644186461786237,0.11983188499546729
68,68.0,68.08459493066005,0.09211295213684367,0.10493809071499399,0.10006425600439509,0.09103034103276972,0.06997544748184348,0.12467003519192649,0.08450345705222222,0.07633595986536253,0.13695501490509013,0.11941444561455253
69,69.0,69.05618942810752,0.09195860811072204,0.1057365918825882,0.09928276063838179,0.09093482226638293,0.06886075811570032,0.12410208860553819,0.08400593781619427,0.07764120445216827,0.13742880172927208,0.12004842638305176
70,70.0,70.03006258152917,0.0910114197534194,0.10634085117924756,0.09979390810500366,0.09094737282505365,0.0684411323728626,0.12428025291079095,0.08472610628368525,0.07730236151152478,0.1381185321199187,0.11903806293849326
71,71.0,71.00624779379335,0.09032215435599093,0.10552869540434845,0.10028533713381915,0.09132391099270955,0.06815585950588438,0.12475885874285006,0.08431620359967039,0.07620401141622929,0.1385261429577199,0.12057882589077769
72,72.0,71.98475200689319,0.09058847931521105,0.10646151164705694,0.1009980095872141,0.09041437272116969,0.0686029426510974,0.12522865212954376,0.08335017780916579,0.07539400969859614,0.13924487407944838,0.11971697036149655
73,73.0,72.96555827861411,0.09088356296854039,0.10745320861245897,0.10094936541095378,0.09110059782757973,0.06903113837732992,0.12524807012025077,0.08269437209278917,0.07571453845294818,0.13752643626031325,0.1193987098768356
74,74.0,73.94862834037681,0.09019701196518974,0.10709003260453591,0.1002208488471632,0.091331988410123,0.07039797093151194,0.125336792265066,0.08233193413389446,0.07535006418988775,0.1377753573272669,0.11996799932536079
75,75.0,74.93390511255946,0.0899615594115397,0.10737770381361411,0.09873741507371128,0.09160059916850856,0.07030233485674817,0.12552789360037878,0.08185341052271643,0.0769681497557018,0.13700426398376617,0.12066666981331468
76,76.0,75.92131515639825,0.09091983149879763,0.10820624723355488,0.09803790468352679,0.09058002370533737,0.07017010799380749,0.12379892599096246,0.0826751003925824,0.07797619166335717,0.13747587807791758,0.12015978876015589
77,77.0,76.91077104428919,0.09158325627726284,0.10809078111326836,0.09771572820782876,0.09072505217739595,0.07026972078298344,0.12455152795188354,0.08199312280930623,0.07651419744230359,0.13847639574000048,0.12008021749776644
78,78.0,77.90217363294813,0.091347373502177,0.10836389176911997,0.09749756112152104,0.09044073432378183,0.0712698792387961,0.1244050533069295,0.0826067674973506,0.07599556461644312,0.13822555180756257,0.1198476228163179
79,79.0,78.89541422641172,0.09191489913460411,0.10880148612329973,0.09798733670816462,0.08996060020642278,0.0711558751030877,0.12349044149478247,0.08320769902571987,0.07643182652942992,0.13742319741477135,0.11962663825971706
80,80.0,79.89037661826481,0.09175264179985132,0.10835575428267015,0.10004891418894359,0.09072376340606736,0.0703488094264394,0.12271278975871801,0.08264149492117376,0.07580398093111966,0.13800632373706379,0.11960552754795262
81,81.0,80.88693900474995,0.09095544787826752,0.11064508015734856,0.09920021051309875,0.09100187302278819,0.07032450509373464,0.1233703371070521,0.08203762701175774,0.07565438122675047,0.1384902695067471,0.11832026848245461
82,82.0,81.88497576253909,0.09144461799124326,0.11072912357681229,0.10025753777350112,0.09088588451711889,0.06824260349011817,0.12469074412057737,0.0817920107659464,0.0756736838971125,0.13874741746990318,0.11753637639766654
83,83.0,82.88435908692391,0.091747962346264,0.11026144778429467,0.10010012990138237,0.09178389815401972,0.06722909901107073,0.12558550450643574,0.08083825576767086,0.07538717036116509,0.1396077057342495,0.11745882643344704
84,84.0,83.88496048800103,0.09164475691096252,0.11057369126807919,0.09977097744361023,0.09323197331530422,0.06649733104906635,0.1257414907821029,0.08096626577300665,0.07506116547066817,0.13913657373668098,0.11737577425051851
85,85.0,84.88665214409042,0.0930738745527405,0.1111012263860029,0.09858855104085076,0.09273719654109569,0.06641819374056994,0.12650350141899702,0.08100982004798682,0.07503366679826086,0.13942067669458416,0.11611329277891103
86,86.0,85.88930811312994,0.09360307639144916,0.1112705367277991,0.09858406534992077,0.09291609366502752,0.06561423559140413,0.12759279097519052,0.08053883771274295,0.07459884520260139,0.13883110310927685,0.11645041527458727
87,87.0,86.89280540413424,0.09340805891498005,0.10978149393580451,0.09946882432867768,0.0932416282754284,0.06610333012143495,0.1277109153455756,0.08038714718710105,0.07458974834886235,0.13999590719348742,0.11531294634864765
88,88.0,87.89702491199675,0.09368108194974606,0.10992155828529128,0.09901754195522189,0.09238702266826807,0.06656768415777817,0.1281066048585004,0.07900375710340793,0.07326088399695123,0.14249227278423093,0.11556159224060375
89,89.0,88.90185221995306,0.09272922481089477,0.1090891188201022,0.09885477276103435,0.09302647477396894,0.06581936753948663,0.12945840014563287,0.08072121935254986,0.07117240677206632,0.14300331137399636,0.11612570365026743
90,90.0,89.90717827491419,0.0927042756369721,0.10953931302672451,0.09931010361060558,0.09194572262133853,0.0654131223904453,0.13098968572850925,0.08189393377244082,0.070181816368155,0.1422355270680338,0.11578649977677488
91,91.0,90.91289994163006,0.09194156608744494,0.10986373999679862,0.09970277511869108,0.09278320553523903,0.06552110271164319,0.13037796511600436,0.08193226068949533,0.06992890914804185,0.14223189304811548,0.11571658254852596
92,92.0,91.91892044225806,0.0925693113106882,0.10926244580914261,0.09985162093273352,0.09264364579944934,0.06612718808680375,0.1296028047788148,0.0812157965587254,0.06941972515058044,0.1431237505202078,0.116183711052854
93,93.0,92.92514968840067,0.09185081573895927,0.10787119622017498,0.10138450664235378,0.09087415749308611,0.06516598771678314,0.13035475625270204,0.08121191800420854,0.06957496725113584,0.14388847382466408,0.11782322085593208
94,94.0,93.93150451304501,0.09162100245083613,0.10802434172973088,0.10176491854410791,0.09210993899510597,0.06306705240858881,0.13029625076423756,0.0818276479662333,0.06820714992166181,0.143942424407815,0.11913927281168246
95,95.0,94.93790881009448,0.09158487661673195,0.10859271993910576,0.10171155431614916,0.09177842640344908,0.06446645199466829,0.1302959493957073,0.08069900978498212,0.06751745884764207,0.14399876504113582,0.11935478766042829
96,96.0,95.94429358933806,0.09092435357790843,0.10858332655029199,0.10248116336014054,0.09281879494762685,0.06447684258784481,0.1314509307452239,0.08099725603030519,0.06649015776208347,0.14309314451686153,0.11868402992171308
97,97.0,96.9505969547639,0.08968218854881133,0.10786718973011533,0.10333851191643673,0.09312754400082318,0.06389608895375287,0.1314456731696782,0.08051739942985078,0.0677265683876739,0.1437502728016557,0.11864856306120183
98,98.0,97.9567640140995,0.08886040478002136,0.10700281649828608,0.10308280279518248,0.0932571172837347,0.06462911842492391,0.130095075161411,0.08126157629833886,0.06829798999475296,0.14472370666752754,0.11878939209582098
99,99.0,98.96274672736057,0.08957391153032652,0.10655475385992307,0.10320325918591824,0.09405681301184243,0.06445626137277385,0.12990414441345774,0.08155085188089628,0.06885442366753035,0.1431595438581849,0.1186860372191465
100,100.0,99.96850370202192,0.09024995367152512,0.10583082557959497,0.10324986062707767,0.09552125855470389,0.06439742718105904,0.12901608769054845,0.08116276928292643,0.06744360745128304,0.14429930789398432,0.11882890206729696
101,101.0,100.97399994219691,0.09043311024490293,0.10476280737593334,0.1051850665446375,0.09584223015164499,0.06440143338445727,0.1289743927421025,0.08032027800401953,0.06747120981853562,0.1433358473763699,0.11927362435739634
102,102.0,101.97920655893245,0.09043786296799307,0.10445359777814597,0.10538628326298308,0.09559270809112289,0.0639515684454601,0.1301347834442065,0.07952007081411575,0.06742472063563305,0.14295728956094486,0.12014111499939467
103,103.0,102.98410044840509,0.08986946380969255,0.1046537949787632,0.10667563207516015,0.0955066470462054,0.06301194503146301,0.13055825340888497,0.07827518795653056,0.06768512639759779,0.14393305548914676,0.11983089380655554
104,104.0,103.98866394444643,0.09015643055458797,0.10442863062396585,0.10671991769576292,0.09410454474352165,0.0625747104179058,0.1304919413832306,0.0774283672898726,0.06787677940136133,0.1442028504189848,0.12201582747080639
105,105.0,104.99288445143917,0.08887275156422196,0.10397946048349288,0.10700619559705658,0.09343145581764532,0.06252648050212885,0.1303961341015086,0.07807561334154214,0.06803730195585746,0.14448298091586126,0.12319162572068479
106,106.0,105.99675406321822,0.08992396982045311,0.10591380789243655,0.10655043722630751,0.09383572663194145,0.06319224311567241,0.12934509438884942,0.07799566864155873,0.06802018333084002,0.1423506937504658,0.12287217520147489
107,107.0,107.0002691731872,0.09020301318432994,0.10572804930522758,0.10753283352213595,0.09291275964442719,0.0629210256333881,0.12820372267342325,0.0785196444393372,0.06651494994181939,0.14321160889267995,0.12425239276323134
108,108.0,108.0034300804274,0.0905560981606178,0.10579851138873927,0.10804229916728209,0.09189068975708478,0.06301953416147386,0.12679128513075408,0.0770587914555838,0.06718987781799818,0.1429716691374418,0.12668124382302426
109,109.0,109.00624059613932,0.09007585280427441,0.10583776127673812,0.10828426810238419,0.0919489024747896,0.06211429595784493,0.1270946794543134,0.07681231923301236,0.06797874599925208,0.14335176947176212,0.12650140522562872
110,110.0,110.00870765431864,0.08926134846094211,0.10489421478571778,0.10809274415756152,0.09259966660293983,0.06162437458685835,0.1283439006394335,0.07600943303655126,0.069435892411643,0.14336075007515883,0.12637767524319377
111,111.0,111.01084093013685,0.08871760439467294,0.10623835312445368,0.10741576375595645,0.09216324045713871,0.06238246400361447,0.12834068585603725,0.07505161450914874,0.07081220200547345,0.14335517689261149,0.1255228950008928
112,112.0,112.01265246907188,0.0884810545532245,0.1075938848479949,0.10726771205906113,0.09055572090221393,0.06228947119382737,0.12774914031491127,0.07545618752672717,0.07159386940253598,0.14340930760219794,0.1256036515973058
113,113.0,113.01415632942268,0.08945445088592838,0.108066258293652,0.10772345243991754,0.08890152905836515,0.06184541515513258,0.12798062955727216,0.07479176616148601,0.0722809463004418,0.1425481503906797,0.1264074017571247
114,114.0,114.01536824044418,0.08964833787987896,0.10866425458887521,0.10672133811725233,0.08878798063818105,0.06218716555025322,0.12730762003904347,0.07439858434380611,0.07253883803601235,0.1423818935747804,0.12736398723191691
115,115.0,115.01630527795908,0.0902767235740653,0.10842851474746662,0.10777368969178183,0.08867323348272432,0.06090654342657296,0.12777803504665003,0.07446409923647238,0.07215349352275346,0.14218591040325698,0.12735975686825615
116,116.0,116.0169855589429,0.08971859609420926,0.10956534092504938,0.10852309223544004,0.08864600326786318,0.05979016869173273,0.12829958478764272,0.07500606463647123,0.07104143733044196,0.14100832136431596,0.12840139066683356
117,117.0,117.01742795623892,0.08810447843089747,0.11177517769597356,0.10890345178213129,0.08978470942398048,0.059561750698244154,0.1280459263256556,0.07505289888155742,0.07087345345286243,0.14031669205521377,0.1275814612534839
118,118.0,118.01765183424293,0.08726713428327618,0.11151430928214628,0.10901229481538896,0.09083322380532045,0.05957864502303356,0.12855553198416597,0.07584596779075524,0.06998136903739524,0.13951279287704754,0.12789873110147063
119,119.0,119.01767680610413,0.08734844285449815,0.1114501039471265,0.10963998779923548,0.09088656240637896,0.05964223991787081,0.1275118494797552,0.07566774419619865,0.07037640577290757,0.139555395589434,0.1279212680365947
120,120.0,120.01752251271817,0.08753087038341023,0.11138232337400471,0.10932045717044908,0.0902943386011914,0.05928734948485493,0.12940343115085196,0.07549394827806999,0.06843459977778651,0.1407295315820536,0.12812315019732765
121,121.0,121.01720842354362,0.08683840898802687,0.11057801163627873,0.10913860723546735,0.091941624556169,0.05954738302042033,0.12982796658248794,0.07692196438302375,0.06810216583708019,0.13934494695238805,0.12775892080865783
122,122.0,122.01675365905109,0.08678622877096574,0.1126781884074794,0.10837772363772812,0.09186448660248567,0.05886019225280911,0.12943045212920534,0.07662905862364035,0.0669409435939542,0.1398384111184714,0.1285943148632607
123,123.0,123.0161768344173,0.08656568704607319,0.11299823152572902,0.10729846821017949,0.09210332935431556,0.05873750983027065,0.12912999419260546,0.0773646788379717,0.06594495738821465,0.14067411464214508,0.12918302897249523
124,124.0,124.01549592390272,0.0853448427453872,0.11342613106384328,0.10761310035561515,0.09313348035597893,0.058068350191326945,0.12914895162630036,0.07676882367002916,0.06786175293115501,0.14091901017234754,0.12771555688801642
125,125.0,125.01472814520056,0.08551405170271388,0.11453089980017454,0.10801255348526242,0.09205954534390744,0.0581769829296033,0.1279638559162199,0.07596228676344433,0.06781908598725944,0.14151115827572974,0.128449579795685
126,126.0,126.01388986291661,0.0855343776127496,0.11485989281971604,0.10776278752213182,0.0912489306992621,0.0575070114358147,0.1297641202780773,0.07589905143033511,0.06777307071905604,0.1419078058137337,0.12774295166912356
127,127.0,127.0129965102319,0.08434029947556616,0.11423714062714377,0.10795577438556829,0.08991554093576389,0.05716438257318225,0.13021534918629046,0.07765572106138963,0.06797847508810562,0.14196849058887456,0.1285688260781153
128,128.0,128.01206252771334,0.08469936486434078,0.11417305287098012,0.10858161060615203,0.09024318150865258,0.05811960143294575,0.12847169775668615,0.07827484224491965,0.0668736441174293,0.14138992555528573,0.12917307904260777
129,129.0,129.0111013181695,0.08595439199196338,0.11469453670473387,0.10775742436701174,0.09023700403450644,0.057438077881609845,0.12870350507648198,0.07864063132337812,0.06748541948083375,0.14006976371541566,0.12901924542406507
130,130.0,130.01012521639834,0.08599024451692197,0.11421586949997496,0.10721068864676608,0.08967672725576632,0.05761909631698034,0.12949394645654136,0.07957712983366658,0.06671004034574622,0.14003862432049505,0.12946763280714094
131,131.0,131.0091454726403,0.08606505643936395,0.11502024700015759,0.10721895396456346,0.088653265809844,0.05715633707092997,0.12756916068039145,0.08014539659057647,0.06817519695220425,0.1398638524705043,0.13013253302146432
132,132.0,132.0081722485317,0.08488971907703277,0.11624787633572688,0.10629263434843698,0.08880412766182363,0.05637104705236522,0.12683411720525692,0.07949567951143122,0.06927107624396683,0.1419619287319125,0.12983179383204682
133,133.0,133.00721462434865,0.0840684027133547,0.11680041846419467,0.10718459925470544,0.08792177695210501,0.05459767347858004,0.127132731956886,0.08115518141169424,0.06857000252636779,0.14220687728279588,0.13036233595931596
134,134.0,134.0062806163404,0.08425429786553579,0.11823022651614598,0.10722764106317502,0.08754436801127659,0.05450121520785703,0.12594906924059485,0.08079629863625229,0.0686570583409642,0.14203990387102378,0.1307999212471742
135,135.0,135.00537720296956,0.08587187906821013,0.11850577116272319,0.10551166516473344,0.08759077393714634,0.05493203544735531,0.12737193010607847,0.08053804866270799,0.06675356531727118,0.14149654038861487,0.1314277907451588
136,136.0,136.00451035890612,0.0860882582670655,0.11945144003735458,0.10471237623283361,0.08721975496512042,0.056420292322653096,0.12696244227467662,0.07969193986425004,0.0660682034289915,0.1418283437406073,0.13155694886644706
137,137.0,137.00368509565993,0.08640994464952949,0.11920619949576909,0.10541300717784469,0.08818766405687474,0.05600710207416636,0.12783416381153775,0.07897595129128832,0.06581218329831408,0.1408059854795033,0.1313477986651719
138,138.0,138.0029055077818,0.0877469693560004,0.11912099303931198,0.10486953941555946,0.08880242472892355,0.05695905057197084,0.1273631147328137,0.07843817470500175,0.06593633193397151,0.14075080060972778,0.1300126009067187
139,139.0,139.00217482361367,0.08801475745720247,0.11916797777600405,0.1044524832389296,0.08813995147345809,0.05807757169489219,0.1269012799101682,0.07895408450722702,0.06538860230349187,0.14181713119115674,0.12908616044746946
140,140.0,140.0014954596262,0.09008276363994933,0.1192857823828491,0.10302551521371073,0.08704037875291057,0.057759430854511074,0.12672675238189307,0.079225601805799,0.06658829255481295,0.14224131130266685,0.128024171110897
141,141.0,141.00086907744122,0.09158412723584511,0.12011543756664368,0.10171679604595638,0.08806649990991745,0.05940190749981235,0.12550497996798196,0.07821220000893067,0.06689961714656076,0.1427050596961482,0.1257933749222031
142,142.0,142.0002966427003,0.09134157041517701,0.1222953731778982,0.10189127968219916,0.08775177440053512,0.059513907733074474,0.12551528151292501,0.0783791088397031,0.06747307342254596,0.14044563791977444,0.12539299289616715
143,143.0,142.99977848500652,0.09172565275467376,0.12253044799211835,0.10087146723571519,0.08939283424310472,0.06003749501088696,0.12473802483205275,0.07904060361695357,0.0668992489614401,0.13966333703705797,0.12510088831599628
144,144.0,143.99931435823203,0.09109809897202599,0.1215167141713929,0.10211411218408892,0.08953242027091841,0.06059372588485905,0.1254541726113995,0.07817335834912717,0.06594539645637008,0.13986155281210583,0.12571044828771177
145,145.0,144.99890350055264,0.0909635361129006,0.12114700681489968,0.10317554607650663,0.09006408502961677,0.06054171820154976,0.12604378679294853,0.07719683566471831,0.06504205024438894,0.13930825776993522,0.12651717729253517
146,146.0,145.9985446936357,0.09154983645873228,0.11989887950633812,0.10405894179005454,0.09018006519825783,0.06034033675706788,0.12652846160207798,0.0759605588788779,0.06365548451164356,0.1408034720495877,0.12702396324736182
147,147.0,146.99823632047406,0.0920194026358383,0.1192162237478472,0.10367538777966477,0.09088862398361959,0.06107222835171644,0.12815174177494945,0.07455578670328346,0.06297554304294332,0.14118888247180164,0.12625617950833545
148,148.0,147.99797642142389,0.0922650054766471,0.11791069949777694,0.10402791823401895,0.09139338467050008,0.06087285816534998,0.12863850608160005,0.07582162267873037,0.06292804478636298,0.14153655440507165,0.12460540600394154
149,149.0,148.99776274806447,0.09163230675338335,0.1176827605334252,0.10519900452784321,0.09124899243977709,0.06068047964707103,0.12892535107971145,0.07637358185317078,0.06258937663537699,0.14139329834255307,0.12427484818768747
150,150.0,149.99759281456036,0.09013442753645137,0.11727543657812349,0.10453525022451013,0.09146556919927898,0.06082593296671253,0.1290611431038627,0.07686971537312227,0.06407082849123984,0.14065939844536682,0.12510229808133153
151,151.0,150.99746394626104,0.09004939191741271,0.11702649066453445,0.10412019447353434,0.0916714402959441,0.06200761912850243,0.12767794184055853,0.07641016029762275,0.06425855216920105,0.1409499657878382,0.12582824342485113
152,152.0,151.99737332532905,0.09065300461626893,0.11674569783555544,0.1027777126295375,0.09351408172216362,0.06196345526479937,0.12678404545577238,0.07501482157706364,0.06387977960226729,0.1415574911807522,0.12710991011581932
153,153.0,152.99731803323698,0.09047426987840314,0.1164986751550876,0.10194129914454425,0.09283089198992497,0.06138529871493506,0.1266203402622537,0.0762765394159783,0.06392812285455025,0.14225911720285092,0.1277854453814715
154,154.0,153.99729509002177,0.08861989169137098,0.11632038013113763,0.10198191931927056,0.09483893619462154,0.06147153277434606,0.12570471702644448,0.07603506171963526,0.06474597363093555,0.14139708498503586,0.12888450252720177
155,155.0,154.99730149022784,0.0876620861353744,0.11593726893048267,0.1017259470146418,0.0944479136402942,0.06193795729919214,0.12526323109236712,0.07694562474024634,0.06534954526518102,0.1411574189193625,0.1295730069628575
156,156.0,155.99733423551103,0.0890705520971117,0.11427565851211947,0.10163537037706875,0.09348846348262668,0.061347227336352776,0.12640237692155476,0.07611005670832588,0.06562888898845325,0.14129890971268766,0.13074249586369877
157,157.0,156.99739036391077,0.08797299461918012,0.11290276688483727,0.10168637525307524,0.09351859606220876,0.06224732714671036,0.12544785106884498,0.0765580041096879,0.0660871779654669,0.1413716205799341,0.13220728631005407
158,158.0,157.99746697583146,0.08702932227173503,0.11384821765514319,0.1024795553776522,0.09370837661376157,0.061902677637087386,0.12569660312266415,0.07609497594099647,0.06569672179845723,0.1416185298243493,0.1319250197581532
159,159.0,158.99756125680176,0.08764263469052194,0.11358028717648296,0.10278149164309479,0.09381007042772464,0.06042612534516415,0.12592098796164197,0.07480120349025673,0.06496331525293247,0.1421203251514422,0.13395355886073787
160,160.0,159.997670497107,0.08815935009716903,0.114553214367979,0.10222869912729413,0.09331647495046994,0.059895742508276936,0.12555871279697203,0.07402300776915009,0.06464353511704578,0.1429028250425595,0.13471843822308333
161,161.0,160.99779210841066,0.08803222194184752,0.11405789431744609,0.10315700316593616,0.09352597606579906,0.060654000599701746,0.12471141888400242,0.07504063639549237,0.06392456767079881,0.14213502293658709,0.13476125802238847
162,162.0,161.99792363749984,0.08747730722192909,0.11290306387760655,0.10338574450298875,0.09254695693239438,0.06177432585337138,0.12468112451133456,0.0750769367352897,0.06500779774813197,0.14198933032977304,0.1351574122871803
163,163.0,162.9980627773051,0.08649940519332468,0.11452126970161466,0.10360375553655862,0.09260295069857657,0.06223712696858749,0.1240171580389842,0.07529354608335766,0.06508498067161184,0.1419400054149342,0.13419980169244983
164,164.0,163.9982073753568,0.08749571632379397,0.1146008153314909,0.10297409324614552,0.09309333120428105,0.062123150514304185,0.12330015360305316,0.0741125730163047,0.06603574558096499,0.1422886000858727,0.13397582109378856
165,165.0,164.99835543984977,0.08886250703973621,0.11542088274041266,0.1031800301202232,0.09259057068014281,0.06366166689090924,0.12308183445440096,0.07399149240744032,0.0648532978600257,0.14126903176108843,0.13308868604562024
166,166.0,165.99850514349492,0.08893175720435575,0.11600660607586713,0.10309313382328353,0.09133044177258956,0.0648566973538318,0.1219966382952416,0.07385322199859405,0.06551796194330956,0.14187691902192667,0.13253662251100007
167,167.0,166.99865482534062,0.09044786540963323,0.117365110375092,0.10137301876671832,0.090663346597303,0.06620460039545543,0.12040878729045708,0.0740747734001092,0.06562887529482164,0.14195576632478715,0.13187785614562264
168,168.0,167.99880299074837,0.0905516934200689,0.11922388953714327,0.10152891382993748,0.09001015271575918,0.06657043661034746,0.12021788232474535,0.07467703188187622,0.06452924469710009,0.1416102957649602,0.13108045921806155
169,169.0,168.99894830970783,0.0901337488356717,0.11994882276329422,0.10103841640471294,0.09030107221799205,0.06808807057775758,0.11961213154894415,0.07403412662513147,0.06658053040941438,0.14096736698709386,0.1292957136299874
170,170.0,169.99908961367427,0.09052125753713157,0.11940623805797805,0.10140545160652731,0.09027508643932661,0.06832140778025517,0.11914113773877073,0.07342705186068377,0.06702179899859009,0.14059846154606948,0.12988210843466702
171,171.0,170.99922589110733,0.08998848544647103,0.11922190618472242,0.1012654095568673,0.08991279838718405,0.06824698673767697,0.117651885526866,0.07443094122398235,0.06758773111472333,0.14108062482147093,0.1306132310000354
172,172.0,171.99935628188598,0.09199793026307916,0.1180854592001487,0.10158190744230836,0.08875864374973233,0.0676241812647953,0.11575572313442842,0.07381816218069234,0.06852769837719509,0.14334579454752475,0.13050449984009535
173,173.0,172.99948007076793,0.09327127829316187,0.11669347787307424,0.10263779126625394,0.08900578806398916,0.06698466815278684,0.11582822546969943,0.07331479091490264,0.06865864944445894,0.14380571749197224,0.1297996130297005
174,174.0,173.99959668005403,0.09264047183490703,0.11444132062096112,0.10319082612826248,0.08913326383674527,0.06789001429165695,0.11687549687722802,0.07459785047663323,0.06892738566916472,0.14238408089036161,0.12991928937407934
175,175.0,174.99970566161096,0.09288295645213127,0.11606363912207059,0.10222149845446131,0.0900632417877377,0.06760044720075098,0.1171323171880302,0.07435727900551801,0.06913774633257022,0.13937406990398934,0.13116680455274016
