,Unnamed: 0,Total_iterations,Add_vertex,Delete_vertex,Insert_inside_vertex,Delete_inside_vertex
0,0.0,0.0,0.25,0.25,0.25,0.25
1,1.0,1.0,0.25,0.25,0.25,0.25
2,2.0,2.0,0.25,0.25,0.25,0.25
3,3.0,3.0,0.25,0.25,0.25,0.25
4,4.0,4.0,0.25,0.25,0.25,0.25
5,5.0,5.0,0.25,0.25,0.25,0.25
6,6.0,6.0,0.25,0.25,0.25,0.25
7,7.0,7.0,0.25,0.25,0.25,0.25
8,8.0,8.0,0.25,0.25,0.25,0.25
9,9.0,9.0,0.25,0.25,0.25,0.25
10,10.0,10.0,0.25,0.25,0.25,0.25
11,11.0,11.0,0.25,0.25,0.25,0.25
12,12.0,12.0,0.25,0.25,0.25,0.25
13,13.0,13.0,0.25,0.25,0.25,0.25
14,14.0,14.0,0.25,0.25,0.25,0.25
15,15.0,15.0,0.25,0.25,0.25,0.25
16,16.0,16.0,0.25,0.25,0.25,0.25
17,17.0,17.0,0.25,0.25,0.25,0.25
18,18.0,18.0,0.25,0.25,0.25,0.25
19,19.0,19.0,0.25,0.25,0.25,0.25
20,20.0,20.0,0.25,0.25,0.25,0.25
21,21.0,21.0,0.25,0.25,0.25,0.25
22,22.0,22.0,0.25,0.25,0.25,0.25
23,23.0,23.0,0.25,0.25,0.25,0.25
24,24.0,24.0,0.25,0.25,0.25,0.25
25,25.0,25.0,0.25,0.25,0.25,0.25
26,26.0,26.0,0.25,0.25,0.25,0.25
27,27.0,27.0,0.25,0.25,0.25,0.25
28,28.0,28.0,0.25,0.25,0.25,0.25
29,29.0,29.0,0.25,0.25,0.25,0.25
30,30.0,30.0,0.25,0.25,0.25,0.25
31,31.0,31.0,0.25,0.25,0.25,0.25
32,32.0,32.0,0.25,0.25,0.25,0.25
33,33.0,33.0,0.25,0.25,0.25,0.25
34,34.0,34.0,0.25,0.25,0.25,0.25
35,35.0,35.0,0.25,0.25,0.25,0.25
36,36.0,36.0,0.25,0.25,0.25,0.25
37,37.0,37.0,0.25,0.25,0.25,0.25
38,38.0,38.0,0.25,0.25,0.25,0.25
39,39.0,39.0,0.25,0.25,0.25,0.25
40,40.0,40.0,0.25,0.25,0.25,0.25
41,41.0,41.0,0.25,0.25,0.25,0.25
42,42.0,42.0,0.25,0.25,0.25,0.25
43,43.0,43.0,0.25,0.25,0.25,0.25
44,44.0,44.0,0.25,0.25,0.25,0.25
45,45.0,45.0,0.25,0.25,0.25,0.25
46,46.0,46.0,0.25,0.25,0.25,0.25
47,47.0,47.0,0.25,0.25,0.25,0.25
48,48.0,48.0,0.25,0.25,0.25,0.25
49,49.0,49.0,0.25,0.25,0.25,0.25
50,50.0,50.0,0.25,0.25,0.25,0.25
51,51.0,51.0,0.25,0.25,0.25,0.25
52,52.0,52.0,0.25,0.25,0.25,0.25
53,53.0,53.0,0.25,0.25,0.25,0.25
54,54.0,54.0,0.25,0.25,0.25,0.25
55,55.0,55.0,0.25,0.25,0.25,0.25
56,56.0,56.0,0.25,0.25,0.25,0.25
57,57.0,57.0,0.25,0.25,0.25,0.25
58,58.0,58.0,0.25,0.25,0.25,0.25
59,59.0,59.0,0.25,0.25,0.25,0.25
60,60.0,60.0,0.25,0.25,0.25,0.25
61,61.0,61.0,0.25,0.25,0.25,0.25
62,62.0,62.0,0.25,0.25,0.25,0.25
63,63.0,63.0,0.25,0.25,0.25,0.25
64,64.0,64.0,0.25,0.25,0.25,0.25
65,65.0,65.0,0.25,0.25,0.25,0.25
66,66.0,66.0,0.25,0.25,0.25,0.25
67,67.0,67.0,0.25,0.25,0.25,0.25
68,68.0,68.0,0.25,0.25,0.25,0.25
69,69.0,69.0,0.25,0.25,0.25,0.25
70,70.0,70.0,0.25,0.25,0.25,0.25
71,71.0,71.0,0.25,0.25,0.25,0.25
72,72.0,72.0,0.25,0.25,0.25,0.25
73,73.0,73.0,0.25,0.25,0.25,0.25
74,74.0,74.0,0.25,0.25,0.25,0.25
75,75.0,75.0,0.25,0.25,0.25,0.25
76,76.0,76.0,0.25,0.25,0.25,0.25
77,77.0,77.0,0.25,0.25,0.25,0.25
78,78.0,78.0,0.25,0.25,0.25,0.25
79,79.0,79.0,0.25,0.25,0.25,0.25
80,80.0,80.0,0.25,0.25,0.25,0.25
81,81.0,81.0,0.25,0.25,0.25,0.25
82,82.0,82.0,0.25,0.25,0.25,0.25
83,83.0,83.0,0.25,0.25,0.25,0.25
84,84.0,84.1,0.25,0.25,0.25,0.25
85,85.0,85.1,0.25,0.25,0.25,0.25
86,86.0,86.1,0.25,0.25,0.25,0.25
87,87.0,87.1,0.25,0.25,0.25,0.25
88,88.0,88.1,0.25,0.25,0.25,0.25
89,89.0,89.2,0.25,0.25,0.25,0.25
90,90.0,90.2,0.25,0.25,0.25,0.25
91,91.0,91.2,0.25,0.25,0.25,0.25
92,92.0,92.2,0.25,0.25,0.25,0.25
93,93.0,93.4,0.25,0.25,0.25,0.25
94,94.0,94.4,0.25,0.25,0.25,0.25
95,95.0,95.4,0.25,0.25,0.25,0.25
96,96.0,96.6,0.25,0.25,0.25,0.25
97,97.0,97.6,0.25,0.25,0.25,0.25
98,98.0,98.6,0.25,0.25,0.25,0.25
99,99.0,99.6,0.25,0.25,0.25,0.25
100,100.0,100.6,0.25,0.25,0.25,0.25
101,101.0,101.6,0.25,0.25,0.25,0.25
102,102.0,102.6,0.25,0.25,0.25,0.25
103,103.0,103.6,0.25,0.25,0.25,0.25
104,104.0,104.6,0.25,0.25,0.25,0.25
105,105.0,105.6,0.25,0.25,0.25,0.25
106,106.0,106.6,0.25,0.25,0.25,0.25
107,107.0,107.6,0.25,0.25,0.25,0.25
108,108.0,108.6,0.25,0.25,0.25,0.25
109,109.0,109.6,0.25,0.25,0.25,0.25
110,110.0,110.6,0.25,0.25,0.25,0.25
111,111.0,111.6,0.25,0.25,0.25,0.25
112,112.0,112.6,0.25,0.25,0.25,0.25
113,113.0,113.6,0.25,0.25,0.25,0.25
114,114.0,114.6,0.25,0.25,0.25,0.25
115,115.0,115.6,0.25,0.25,0.25,0.25
116,116.0,116.6,0.25,0.25,0.25,0.25
117,117.0,117.6,0.25,0.25,0.25,0.25
118,118.0,118.6,0.25,0.25,0.25,0.25
119,119.0,119.6,0.25,0.25,0.25,0.25
120,120.0,120.6,0.25,0.25,0.25,0.25
121,121.0,121.6,0.25,0.25,0.25,0.25
122,122.0,122.6,0.25,0.25,0.25,0.25
123,123.0,123.6,0.25,0.25,0.25,0.25
124,124.0,124.6,0.25,0.25,0.25,0.25
125,125.0,125.6,0.25,0.25,0.25,0.25
126,126.0,126.6,0.25,0.25,0.25,0.25
127,127.0,127.6,0.25,0.25,0.25,0.25
128,128.0,128.6,0.25,0.25,0.25,0.25
129,129.0,129.6,0.25,0.25,0.25,0.25
130,130.0,130.6,0.25,0.25,0.25,0.25
131,131.0,131.6,0.25,0.25,0.25,0.25
132,132.0,132.6,0.25,0.25,0.25,0.25
133,133.0,133.6,0.25,0.25,0.25,0.25
134,134.0,134.6,0.25,0.25,0.25,0.25
135,135.0,135.6,0.25,0.25,0.25,0.25
136,136.0,136.6,0.25,0.25,0.25,0.25
137,137.0,137.6,0.25,0.25,0.25,0.25
138,138.0,138.6,0.25,0.25,0.25,0.25
139,139.0,139.6,0.25,0.25,0.25,0.25
140,140.0,140.6,0.25,0.25,0.25,0.25
141,141.0,141.6,0.25,0.25,0.25,0.25
142,142.0,142.6,0.25,0.25,0.25,0.25
143,143.0,143.6,0.25,0.25,0.25,0.25
144,144.0,144.6,0.25,0.25,0.25,0.25
145,145.0,145.6,0.25,0.25,0.25,0.25
146,146.0,146.6,0.25,0.25,0.25,0.25
147,147.0,147.6,0.25,0.25,0.25,0.25
148,148.0,148.6,0.25,0.25,0.25,0.25
149,149.0,149.6,0.25,0.25,0.25,0.25
150,150.0,150.6,0.25,0.25,0.25,0.25
151,151.0,151.6,0.25,0.25,0.25,0.25
152,152.0,152.6,0.25,0.25,0.25,0.25
153,153.0,153.6,0.25,0.25,0.25,0.25
154,154.0,154.6,0.25,0.25,0.25,0.25
155,155.0,155.6,0.25,0.25,0.25,0.25
156,156.0,156.6,0.25,0.25,0.25,0.25
157,157.0,157.6,0.25,0.25,0.25,0.25
158,158.0,158.6,0.25,0.25,0.25,0.25
159,159.0,159.6,0.25,0.25,0.25,0.25
160,160.0,160.6,0.25,0.25,0.25,0.25
161,161.0,161.6,0.25,0.25,0.25,0.25
162,162.0,162.6,0.25,0.25,0.25,0.25
163,163.0,163.6,0.25,0.25,0.25,0.25
164,164.0,164.6,0.25,0.25,0.25,0.25
165,165.0,165.6,0.25,0.25,0.25,0.25
166,166.0,166.6,0.25,0.25,0.25,0.25
167,167.0,167.6,0.25,0.25,0.25,0.25
168,168.0,168.6,0.25,0.25,0.25,0.25
169,169.0,169.6,0.25,0.25,0.25,0.25
170,170.0,170.6,0.25,0.25,0.25,0.25
171,171.0,171.6,0.25,0.25,0.25,0.25
172,172.0,172.6,0.25,0.25,0.25,0.25
173,173.0,173.6,0.25,0.25,0.25,0.25
174,174.0,174.6,0.25,0.25,0.25,0.25
175,175.0,175.6,0.25,0.25,0.25,0.25
176,176.0,176.7,0.25,0.25,0.25,0.25
177,177.0,177.7,0.25,0.25,0.25,0.25
178,178.0,178.7,0.25,0.25,0.25,0.25
179,179.0,179.7,0.25,0.25,0.25,0.25
180,180.0,180.7,0.25,0.25,0.25,0.25
181,181.0,181.7,0.25,0.25,0.25,0.25
182,182.0,182.7,0.25,0.25,0.25,0.25
183,183.0,183.7,0.25,0.25,0.25,0.25
184,184.0,184.7,0.25,0.25,0.25,0.25
185,185.0,185.7,0.25,0.25,0.25,0.25
186,186.0,186.7,0.25,0.25,0.25,0.25
187,187.0,187.7,0.25,0.25,0.25,0.25
188,188.0,188.7,0.25,0.25,0.25,0.25
189,189.0,189.7,0.25,0.25,0.25,0.25
190,190.0,190.7,0.25,0.25,0.25,0.25
191,191.0,191.7,0.25,0.25,0.25,0.25
192,192.0,192.7,0.25,0.25,0.25,0.25
193,193.0,193.7,0.25,0.25,0.25,0.25
194,194.0,194.7,0.25,0.25,0.25,0.25
195,195.0,195.7,0.25,0.25,0.25,0.25
196,196.0,196.7,0.25,0.25,0.25,0.25
197,197.0,197.7,0.25,0.25,0.25,0.25
198,198.0,198.7,0.2556658539715129,0.2516345438213782,0.24098601308866932,0.2517135891184396
199,199.0,199.7,0.31505078834097117,0.25049577435017645,0.21432749765726075,0.22012593965159155
200,200.0,200.7,0.2922074476430536,0.31252234054618505,0.19255741501477308,0.20271279679598814
201,201.0,201.7,0.2913028631742963,0.312682266496187,0.1936060552359677,0.20240881509354888
202,202.0,202.7,0.2863457966692651,0.313676745453973,0.19574298305966512,0.20423447481709664
203,203.0,203.7,0.2902271400545025,0.31645590434260906,0.19134209979647598,0.20197485580641222
204,204.0,204.7,0.28945116535986076,0.32056852928486446,0.18979371994276836,0.20018658541250628
205,205.0,205.7,0.2909279634294061,0.32194219000690893,0.18697855667993574,0.2001512898837491
206,206.0,206.7,0.28890618218918784,0.32288972194672844,0.18630552217238938,0.2018985736916942
207,207.0,207.7,0.28636840642414896,0.3251399820574899,0.18268004973402138,0.20581156178433968
208,208.0,208.7,0.28401572248361423,0.3319931764958285,0.18518638332709744,0.1988047176934597
209,209.0,209.7,0.28497717580342685,0.3328569197354075,0.18214543737281721,0.2000204670883483
210,210.0,210.7,0.2813770712069914,0.33406366286415223,0.1843666355171781,0.20019263041167812
211,211.0,211.7,0.27854322452312463,0.3356432109338716,0.18192464345739914,0.20388892108560452
212,212.0,212.7,0.273002543238919,0.33676702779018586,0.18315380512656584,0.2070766238443292
213,213.0,213.7,0.2748978775485316,0.3324300445649774,0.18453523285131052,0.20813684503518032
214,214.0,214.7,0.2668817447383137,0.33791364356513115,0.18621835581106938,0.20898625588548558
215,215.0,215.7,0.26824448951767527,0.3432719380495514,0.183714890214152,0.20476868221862127
216,216.0,216.7,0.2676739295659295,0.33756363561287617,0.1856694912108462,0.20909294361034805
217,217.0,217.7,0.26832965356118255,0.33857682998053734,0.18456394648298713,0.20852956997529287
218,218.0,218.7,0.26740321754279883,0.3374352959638794,0.1876674293068113,0.20749405718651034
219,219.0,219.7,0.26718185492051416,0.3368221246600211,0.18907035141829565,0.206925669001169
220,220.0,220.7,0.2667413288966137,0.33957995856765305,0.18983974003288892,0.20383897250284416
221,221.0,221.7,0.26811729899432735,0.3335552497395816,0.19188816796245461,0.20643928330363637
222,222.0,222.7,0.26986402396413306,0.3367668770508195,0.18610149449567986,0.20726760448936749
223,223.0,223.7,0.26525065699247036,0.33774936382966014,0.1860303878551904,0.21096959132267906
224,224.0,224.7,0.2697700336532492,0.3366768713428498,0.18148518710333267,0.2120679079005682
225,225.0,225.7,0.26893136425193076,0.3355994473185679,0.1863980241291812,0.2090711643003201
226,226.0,226.7,0.27293642157567555,0.33204325401352824,0.18756531663885803,0.20745500777193807
227,227.0,227.7,0.27123731663450856,0.33209468006447995,0.18741363661577906,0.20925436668523228
228,228.0,228.7,0.27494177349383464,0.329790478303171,0.18811119733119838,0.2071565508717958
229,229.0,229.8,0.2779639740539703,0.32895467957384456,0.18812852769356977,0.2049528186786152
230,230.0,230.8,0.27810051293751553,0.33269802872972165,0.1882896013528743,0.2009118569798884
231,231.0,231.8,0.27811184293434665,0.3296848985031541,0.18965573338268835,0.20254752517981073
232,232.0,232.8,0.2795136151905831,0.3274718941189134,0.18923562081702286,0.2037788698734805
233,233.0,233.8,0.28088106322755785,0.32824950573074896,0.19088049861478434,0.19998893242690877
234,234.0,234.8,0.28472075580735917,0.3309999236916652,0.1916354912859011,0.19264382921507434
235,235.0,235.8,0.28259138317744037,0.33286763297117034,0.1883051460118737,0.19623583783951545
236,236.0,236.8,0.28302726632567826,0.3302270806333606,0.18948896769074547,0.19725668535021557
237,237.0,237.8,0.2865839542412073,0.32556421413753406,0.19015163496534798,0.19770019665591057
238,238.0,238.8,0.2850229640398464,0.32116768736575585,0.19341632706307899,0.20039302153131855
239,239.0,239.8,0.2835129645720295,0.32337096412104516,0.19386141386738542,0.19925465743953977
240,240.0,240.8,0.28019468960793076,0.3237591093392707,0.1963290000505073,0.19971720100229107
241,241.0,241.9,0.2782347864427793,0.3233186373256197,0.19690827385111315,0.20153830238048762
242,242.0,242.9,0.2794955217457261,0.32785016540336576,0.19259557871755367,0.20005873413335426
243,243.0,243.9,0.2660778419293973,0.33242107121986686,0.195422943321598,0.20607814352913773
244,244.0,244.9,0.2596631419006884,0.3434367713858577,0.18797894335878457,0.20892114335466921
245,245.0,245.9,0.2637600501964866,0.34191090620624826,0.18529874111201658,0.20903030248524845
246,246.0,246.9,0.2644659988321583,0.3438372849895492,0.18274780891960488,0.2089489072586876
247,247.0,247.9,0.2643365797563814,0.3442017803547207,0.18085842978751654,0.2106032101013812
248,248.0,248.9,0.26794452638876215,0.3422509598879114,0.17840064424005836,0.21140386948326806
249,249.0,249.9,0.26615440108490823,0.3423489041015539,0.1787378740217697,0.2127588207917682
250,250.0,250.9,0.2714784743137925,0.339443310296999,0.177611773149275,0.21146644223993336
251,251.0,251.9,0.27521189218758113,0.3378723443289059,0.17788317922623306,0.20903258425727977
252,252.0,252.9,0.2754503223544106,0.33558589281100504,0.1783305302819919,0.21063325455259235
253,253.0,253.9,0.2730924330866694,0.33890888508035133,0.17932231589868802,0.2086763659342911
254,254.0,254.9,0.27128556411641147,0.3377249371870624,0.18282950196356743,0.20815999673295868
255,255.0,255.9,0.26975268597453894,0.3376865486081149,0.18379622747809377,0.20876453793925226
256,256.0,256.9,0.26830498798800845,0.33706471228033963,0.18450781521981133,0.21012248451184048
257,257.0,257.9,0.2653597033230222,0.3418010154623092,0.17838253133461807,0.21445674988005048
258,258.0,258.9,0.26294271037929023,0.3380082692166946,0.17829085957639346,0.22075816082762162
259,259.0,259.9,0.26904999348977887,0.3316340021615322,0.17779140418554693,0.22152460016314196
260,260.0,260.9,0.2674086297873836,0.33513539931113134,0.17665839598837535,0.2207975749131096
261,261.0,261.9,0.26360995339544,0.34090254457932956,0.17432592935202712,0.2211615726732031
262,262.0,262.9,0.26299577903591714,0.34090552935752394,0.1736163434738513,0.22248234813270745
263,263.0,263.9,0.27263588039238396,0.33121926512485234,0.1738241818830049,0.22232067259975863
264,264.0,264.9,0.2728649877839858,0.3332787650421501,0.17177094013742505,0.2220853070364389
265,265.0,265.9,0.27470771941562583,0.33331839944060365,0.17471563512124508,0.21725824602252536
266,266.0,266.9,0.272204387689741,0.33507155810982714,0.1756407125838864,0.21708334161654547
267,267.0,267.9,0.274762319398502,0.3384001586634397,0.17204778650768512,0.21478973543037308
268,268.0,268.9,0.2738311429251982,0.33893681132028003,0.17194818556573127,0.2152838601887904
269,269.0,269.9,0.2753245832480765,0.33950830164952245,0.17261755058775577,0.21254956451464513
270,270.0,270.9,0.27949615412236806,0.3443046880748861,0.16855929948707934,0.20763985831566645
271,271.0,271.9,0.2808555730545325,0.3433334193992352,0.17228192731272302,0.20352908023350916
272,272.0,272.9,0.280034270394122,0.3461682525395224,0.17468850391956675,0.19910897314678871
273,273.0,273.9,0.2811625873220113,0.34386656121958287,0.17594710246463102,0.19902374899377479
274,274.0,274.9,0.2817172547192625,0.3406783441041199,0.17660729181296006,0.20099710936365747
275,275.0,275.9,0.2816516479332237,0.34016709069406803,0.17659142493216437,0.20158983644054373
276,276.0,276.9,0.27703765437146294,0.34777955162585295,0.17604429169733554,0.1991385023053484
277,277.0,277.9,0.278109018775427,0.3531618236013965,0.17878538528650192,0.18994377233667442
278,278.0,278.9,0.2798837761331587,0.3528316545980248,0.17943810252467113,0.18784646674414526
279,279.0,279.9,0.27972448809838457,0.35622866741690185,0.17678270152743192,0.18726414295728142
280,280.0,280.9,0.27719729223961737,0.3555954028740431,0.17888894266527947,0.18831836222105997
281,281.0,281.9,0.27624071265866224,0.3588735393085868,0.18014496539598496,0.18474078263676583
282,282.0,282.9,0.2811695258404661,0.36185009599765816,0.1822925470460648,0.17468783111581085
283,283.0,283.9,0.28098116733100614,0.3632497295917082,0.1809520908558478,0.17481701222143767
284,284.0,284.9,0.28399501088424456,0.35857416610664505,0.18125500857579474,0.17617581443331554
285,285.0,285.9,0.2860390789854549,0.3615080083430129,0.17763731930432308,0.17481559336720898
286,286.0,286.9,0.28543147728488577,0.3633757925856024,0.17975141964988162,0.17144131047963015
287,287.0,287.9,0.28483969951332344,0.3627266038703474,0.18070898551749875,0.17172471109883033
288,288.0,288.9,0.2870561091259286,0.3619870603777856,0.18156055582995884,0.16939627466632673
289,289.0,289.9,0.28640098425379534,0.3568945003285275,0.18961688492124396,0.1670876304964331
290,290.0,290.9,0.2872565520292325,0.3556690769822194,0.18741998628122586,0.16965438470732225
291,291.0,291.9,0.2804655910400012,0.3620717554723418,0.18697328235729402,0.17048937113036283
292,292.0,292.9,0.2798749709405257,0.3713254929236511,0.18243340223084098,0.16636613390498212
293,293.0,293.9,0.277747549468479,0.3720823245021096,0.18369024414666257,0.16647988188274881
294,294.0,294.9,0.27332450811375497,0.37421794364191585,0.18579508016356505,0.16666246808076404
295,295.0,295.9,0.27263929416634664,0.3730348376369413,0.18704042092717693,0.16728544726953493
296,296.0,296.9,0.2742626583369453,0.38019194451069704,0.18593110827723988,0.15961428887511767
297,297.0,297.9,0.2756869779443529,0.38292301872325474,0.18902774969521988,0.15236225363717246
298,298.0,298.9,0.26833105645917793,0.3866555225210977,0.19157904734483205,0.15343437367489227
299,299.0,300.0,0.27049474779148486,0.38474931871247164,0.1905068812387181,0.15424905225732527
300,300.0,301.0,0.2686592552201767,0.38609705670241146,0.1894151924099376,0.15582849566747403
301,301.0,302.0,0.27017117068449326,0.3893826192670131,0.1841146566795509,0.1563315533689426
302,302.0,303.0,0.2761870125809195,0.3916945468901294,0.18669092815563132,0.1454275123733197
303,303.0,304.0,0.27982820855233353,0.3959116568134737,0.18205980087175502,0.1422003337624376
304,304.0,305.0,0.279232703669097,0.396531266931495,0.18110664798338025,0.14312938141602755
305,305.0,306.0,0.27510602184177385,0.40165667059581833,0.1799713383602616,0.14326596920214604
306,306.0,307.0,0.27603407486930376,0.402760792219558,0.18051611515496377,0.14068901775617432
307,307.0,308.0,0.27923471585402265,0.40660878793571975,0.17360026152665461,0.14055623468360298
308,308.0,309.0,0.28196495659884074,0.4107101469724087,0.1693986291048037,0.13792626732394664
309,309.0,310.0,0.2772677464206713,0.41396836507220974,0.16734623396182605,0.14141765454529287
310,310.0,311.1,0.27746985221612236,0.41737463641139894,0.1590209300086879,0.1461345813637908
311,311.0,312.1,0.28455762812352176,0.42473175015154674,0.14540373849490912,0.14530688323002228
312,312.0,313.1,0.28502723325183027,0.4236950451948406,0.14577631131434055,0.1455014102389886
313,313.0,314.1,0.2869953014114275,0.42013767783469175,0.1463677932131931,0.14649922754068762
314,314.0,315.1,0.28504493618846816,0.420007138831206,0.14783874000909197,0.14710918497123376
315,315.0,316.1,0.2822633026564055,0.4165431007841196,0.15602861586028488,0.14516498069918987
316,316.0,317.1,0.2777759240402143,0.42041451040211647,0.15587765557685226,0.14593190998081687
317,317.0,318.1,0.26927378579734756,0.4214760082800962,0.1623657803470316,0.14688442557552459
318,318.0,319.1,0.2706734874562856,0.4196955639448735,0.16279666503984486,0.14683428355899603
319,319.0,320.1,0.2712832053434466,0.4176102905612763,0.1632246857617317,0.1478818183335453
320,320.0,321.1,0.27227261739073366,0.418123963701848,0.162512205311129,0.1470912135962892
321,321.0,322.1,0.27058044072369836,0.4171838831372597,0.16414461802333985,0.14809105811570206
322,322.0,323.1,0.27261640266810755,0.4151932629153519,0.1644286656925255,0.1477616687240149
323,323.0,324.1,0.2723268872353235,0.41488317042769135,0.1623904531474144,0.15039948918957063
324,324.0,325.1,0.2723027328125093,0.41437804149692614,0.16218528991282716,0.15113393577773737
325,325.0,326.1,0.2721072725132262,0.41605186274281036,0.1614499035555407,0.15039096118842266
326,326.0,327.1,0.2733560801355615,0.4162429287074568,0.161640820081418,0.14876017107556355
327,327.0,328.1,0.2776756138240458,0.4122606384794141,0.16127164304971764,0.14879210464682233
328,328.0,329.1,0.2779249319534844,0.4100633991410606,0.1642140132122163,0.14779765569323858
329,329.0,330.1,0.2817089477421975,0.40743242423733605,0.16358865128527364,0.14726997673519274
330,330.0,331.1,0.28568789224810365,0.4048583400568887,0.16303789137639432,0.14641587631861322
331,331.0,332.1,0.2874164327904035,0.40511135731744785,0.16482508180769645,0.1426471280844521
332,332.0,333.1,0.2876830182056652,0.4050209646206223,0.16469753783964564,0.1425984793340667
333,333.0,334.1,0.2853882197228924,0.40632173736646254,0.16511795680026936,0.1431720861103754
334,334.0,335.1,0.283297893133298,0.40614755073564063,0.16670088265881125,0.1438536734722499
335,335.0,336.1,0.28125061521477607,0.4094443477611695,0.16618762768336057,0.14311740934069367
336,336.0,337.1,0.27802095115604036,0.40851140699793537,0.1709902721621626,0.14247736968386152
337,337.0,338.1,0.2759320290422394,0.4123472513448204,0.17001325040631968,0.1417074692066203
338,338.0,339.1,0.2736846849089264,0.41370116245378313,0.17029925726806178,0.14231489536922853
339,339.0,340.1,0.27166007227757577,0.4129708452550213,0.1715949925623838,0.1437740899050189
340,340.0,341.1,0.2694779764433481,0.4133071231353799,0.17327921541953165,0.14393568500174023
341,341.0,342.1,0.27187537896372166,0.4106660249435218,0.17326000707685357,0.144198589015903
342,342.0,343.1,0.26648990210133805,0.40927112220189743,0.1736671357905086,0.15057183990625572
343,343.0,344.1,0.2686517611733885,0.41060598056019415,0.17041676962751848,0.15032548863889864
344,344.0,345.1,0.2676319754998306,0.4080685951162183,0.17464511108219086,0.14965431830176015
345,345.0,346.1,0.27058382000433784,0.40625055832983775,0.17439447797781962,0.1487711436880047
346,346.0,347.1,0.27041250660731686,0.40491892281936037,0.1744907794188355,0.15017779115448715
347,347.0,348.1,0.2719581493951578,0.40066161195507605,0.17306116044511752,0.15431907820464866
348,348.0,349.1,0.267092612776645,0.40230346819803453,0.17542786979933161,0.15517604922598868
349,349.0,350.1,0.26566717415643165,0.3982766208849404,0.18143426689779676,0.15462193806083102
350,350.0,351.1,0.2639341219680935,0.39896520309746875,0.1817640349408097,0.15533663999362796
351,351.0,352.1,0.2667279218115074,0.3958081115791602,0.18369101187900444,0.15377295473032787
352,352.0,353.1,0.2688868750848864,0.39738662973725986,0.1829140822972383,0.15081241288061537
353,353.0,354.1,0.26961583146553675,0.39733601019929277,0.18227207843295157,0.15077607990221883
354,354.0,355.1,0.271101399421141,0.3943776331694851,0.18374725198654812,0.1507737154228257
355,355.0,356.1,0.2736269590046224,0.3917380772544738,0.18337856747394615,0.15125639626695758
356,356.0,357.1,0.2744902007708412,0.39307511572238085,0.1813025087816678,0.15113217472511017
357,357.0,358.1,0.2753489852268557,0.38986895999071314,0.1824084574788701,0.15237359730356084
358,358.0,359.1,0.2698940672263056,0.39430504670955757,0.1878333296300098,0.1479675564341269
359,359.0,360.1,0.27523143477081724,0.38548406082130504,0.19490062676231687,0.14438387764556077
360,360.0,361.1,0.27674338021406486,0.38232719167431195,0.19624201562141827,0.1446874124902049
361,361.0,362.1,0.27656775113800536,0.38258161155868303,0.1910257444549845,0.1498248928483271
362,362.0,363.1,0.27477944206196675,0.3808259219966529,0.19063501720858933,0.15375961873279104
363,363.0,364.1,0.2751069794872226,0.37954826361615734,0.19044207326267362,0.15490268363394638
364,364.0,365.1,0.2760232543319395,0.37870745702307734,0.1893462461718954,0.15592304247308764
365,365.0,366.1,0.2808006160816378,0.3750636432522492,0.18869830351433184,0.15543743715178102
366,366.0,367.1,0.28217410298084833,0.3777521594455712,0.1833520927898703,0.15672164478371006
367,367.0,368.1,0.28003777218783454,0.37770817590275846,0.18465871597696548,0.15759533593244138
368,368.0,369.1,0.2811938880180712,0.3770824359969704,0.18663337234827299,0.15509030363668527
369,369.0,370.1,0.28023522831360564,0.37594978562043846,0.18718040794640317,0.15663457811955261
370,370.0,371.1,0.2734396487851357,0.3768870327081405,0.19127073716754706,0.1584025813391765
371,371.0,372.1,0.2842551661659348,0.3590516848733394,0.1975466311831089,0.15914651777761668
372,372.0,373.1,0.28156364559406155,0.3602981273641791,0.19818916904690692,0.15994905799485223
373,373.0,374.1,0.2856632744850446,0.35931028684984023,0.19564586658132396,0.15938057208379108
374,374.0,375.1,0.28673384711775896,0.3581536372751975,0.19702896489222674,0.1580835507148167
375,375.0,376.1,0.29942837842728975,0.33464873797553224,0.2081275552722698,0.15779532832490814
376,376.0,377.1,0.2992245848854419,0.3337935686215186,0.20907935527231514,0.15790249122072436
377,377.0,378.1,0.2996477144777131,0.33222610315124224,0.20966753468550312,0.15845864768554152
378,378.0,379.1,0.3005869402114686,0.33057577525640996,0.21051769257817812,0.1583195919539432
379,379.0,380.1,0.29722119170739825,0.3283590460503201,0.21731078638430762,0.15710897585797393
380,380.0,381.1,0.3019929139376504,0.32763309718552386,0.21310719287939572,0.15726679599742985
381,381.0,382.1,0.30234836543588134,0.32712434293481524,0.21199165125357497,0.15853564037572826
382,382.0,383.1,0.30138749819942623,0.3271733932052678,0.2132536196640861,0.15818548893121973
383,383.0,384.1,0.3439677405031841,0.3275574922107204,0.17336255176570747,0.15511221552038798
384,384.0,385.1,0.34447194303303913,0.3265264282328698,0.17401069294709767,0.15499093578699322
385,385.0,386.1,0.34500492280370737,0.324457074756666,0.17437796851993467,0.1561600339196918
386,386.0,387.1,0.344062734815145,0.3252733665823023,0.17291945484902432,0.15774444375352825
387,387.0,388.1,0.3451915515855072,0.3251503775393875,0.17277208322613818,0.15688598764896694
388,388.0,389.1,0.3498491792335146,0.3254677487861162,0.1721546137782847,0.15252845820208435
389,389.0,390.1,0.35095275440086415,0.3239906725014921,0.17193960041903902,0.15311697267860463
390,390.0,391.1,0.35507559873512495,0.3204842048623455,0.17086915016005694,0.15357104624247248
391,391.0,392.1,0.3565526523045733,0.32167182429732655,0.16900932310984107,0.152766200288259
392,392.0,393.1,0.35443779376628076,0.3268537046488974,0.16734941773622286,0.1513590838485989
393,393.0,394.1,0.3529194374897396,0.3316412396468985,0.16937041737229172,0.14606890549106996
394,394.0,395.1,0.3574324676269799,0.3314852851293199,0.16476456567003223,0.14631768157366776
395,395.0,396.1,0.3561402211564915,0.3327918485991853,0.16517566929637154,0.14589226094795144
396,396.0,397.1,0.35964349532041,0.3289229211774848,0.16510595471979353,0.14632762878231162
397,397.0,398.1,0.35821433646988476,0.32976114515818034,0.1659539892639703,0.14607052910796453
398,398.0,399.1,0.35764018310149087,0.3271285230387432,0.17052300997835457,0.14470828388141127
399,399.0,400.1,0.35971475629484456,0.3227438319077161,0.1722359480892049,0.14530546370823433
400,400.0,401.1,0.36368785595048586,0.31709099181718836,0.17338709732866453,0.14583405490366108
401,401.0,402.1,0.3654810673552755,0.3151673195963128,0.1733005131464575,0.1460510999019541
402,402.0,403.1,0.373731380617232,0.3139124327548885,0.16652588918229563,0.1458302974455838
403,403.0,404.1,0.3761566190556813,0.3090857627393718,0.16931872762641126,0.14543889057853546
404,404.0,405.1,0.37875736599447873,0.3061931669916229,0.16990690126529398,0.14514256574860418
405,405.0,406.1,0.3789241881704678,0.30613795141097727,0.17086045290923996,0.1440774075093149
406,406.0,407.1,0.37359029096330076,0.3098514735240047,0.17270870936286092,0.1438495261498334
407,407.0,408.1,0.37610548272587996,0.3103159923049683,0.16907984858867275,0.1444986763804789
408,408.0,409.1,0.3772786609768254,0.3095214907703403,0.16945635512424506,0.1437434931285892
409,409.0,410.1,0.3780910733985578,0.30788531700671196,0.17034370001231663,0.14367990958241347
410,410.0,411.1,0.3808560270676577,0.3148750863048727,0.17617976839860147,0.12808911822886798
411,411.0,412.1,0.38235663409672804,0.3141570144859469,0.17608792752662344,0.12739842389070138
412,412.0,413.1,0.37957097605236373,0.31515475693753403,0.1778096888684295,0.12746457814167256
413,413.0,414.1,0.38147252843843815,0.30983693081904506,0.18103892008804892,0.12765162065446764
414,414.0,415.1,0.38223414518362464,0.30985208249680046,0.1799051396670148,0.12800863265255996
415,415.0,416.1,0.38576338953543415,0.3048567589243586,0.18263635870030684,0.12674349283990033
416,416.0,417.1,0.38602898241295885,0.30392167639115475,0.18346623094355702,0.12658311025232924
417,417.0,418.1,0.38613129795197115,0.3076939944574625,0.18093831768056162,0.1252363899100046
418,418.0,419.1,0.3834766206748053,0.31064608108932446,0.18035294540595073,0.12552435282991933
419,419.0,420.1,0.38228003545439054,0.30551498273613364,0.18762897939654172,0.12457600241293407
420,420.0,421.1,0.37905990534867434,0.3100475522052505,0.18605992275487132,0.12483261969120367
421,421.0,422.1,0.3781964348238359,0.3111809535323384,0.18634092955826848,0.12428168208555716
422,422.0,423.1,0.3824265628083165,0.31233892469089375,0.18560171727545408,0.11963279522533561
423,423.0,424.1,0.36536125996628344,0.3227863316681257,0.1918086392338135,0.12004376913177739
424,424.0,425.1,0.36326870855324067,0.3280171897658287,0.1882632813550869,0.12045082032584353
425,425.0,426.1,0.35889353076070263,0.32872701031838286,0.19246490094149493,0.11991455797941948
426,426.0,427.1,0.36017822167041197,0.3278556554407476,0.1918016640344332,0.12016445885440723
427,427.0,428.1,0.35246029003605084,0.3330924215247386,0.19301716343328884,0.12143012500592165
428,428.0,429.1,0.3527548972236619,0.33252056099714855,0.19377868912078672,0.12094585265840274
429,429.0,430.1,0.349735406749961,0.32769952832751914,0.19860846903618312,0.1239565958863366
430,430.0,431.1,0.3501893469480207,0.3285223274713997,0.19258656196762197,0.12870176361295746
431,431.0,432.1,0.3499035529198136,0.3191199114641751,0.2010927006130942,0.12988383500291695
432,432.0,433.1,0.35067159218718,0.31682051568475256,0.20158109360367713,0.13092679852439024
433,433.0,434.1,0.35046563536214526,0.3134795792289845,0.2020762550744121,0.13397853033445803
434,434.0,435.1,0.35398878319482,0.3154667421586273,0.20521844357060867,0.1253260310759438
435,435.0,436.1,0.3551118676805639,0.3181407548792875,0.20389842863930224,0.12284894880084626
436,436.0,437.1,0.34893192029200304,0.3179203093658099,0.2099691115058185,0.1231786588363684
437,437.0,438.2,0.35015509146425616,0.3176996876972062,0.20863575715012636,0.12350946368841123
438,438.0,439.2,0.3509229573208771,0.3088461046622041,0.21591673885437776,0.12431419916254101
439,439.0,440.2,0.3523560930932695,0.30802767834094613,0.21536518530108748,0.1242510432646968
440,440.0,441.2,0.35180957547026537,0.30858921664718564,0.215416536682907,0.12418467119964179
441,441.0,442.2,0.35406782490716926,0.29730961295977487,0.22463009053458757,0.12399247159846805
442,442.0,443.3,0.35527921120040684,0.2830567596970892,0.23924023907872544,0.12242379002377834
443,443.0,444.3,0.35589245971987354,0.2815131688083288,0.24015682569600982,0.12243754577578776
444,444.0,445.3,0.3535615279589249,0.2592547576428428,0.2661005696016895,0.12108314479654278
445,445.0,446.3,0.3511756672926321,0.2608965244525233,0.26692987130568,0.12099793694916447
446,446.0,447.3,0.35428850159543934,0.2591789967658104,0.2670201762990128,0.11951232533973735
447,447.0,448.3,0.3523521937474777,0.26062136917449397,0.2651662237743588,0.12186021330366939
448,448.0,449.3,0.35055694030456386,0.2592098835367759,0.2694169129652328,0.12081626319342746
449,449.0,450.3,0.3471513844939823,0.26138091523002316,0.2698559216446316,0.12161177863136274
450,450.0,451.3,0.34663071260142597,0.2621069651331545,0.2691637275294631,0.12209859473595637
451,451.0,452.3,0.34685893338909374,0.26305362176897473,0.26936623141153115,0.12072121343040024
452,452.0,453.3,0.34737969608498276,0.26272470299105244,0.2694427487326287,0.12045285219133599
453,453.0,454.3,0.34903823253680577,0.2657797487531116,0.2657984601806704,0.11938355852941211
454,454.0,455.3,0.35112267181495943,0.2615866050535861,0.26664761470633375,0.12064310842512065
455,455.0,456.3,0.35388152240119874,0.2596343048323645,0.2663146515247309,0.12016952124170574
456,456.0,457.3,0.3628885267914576,0.2638076087650246,0.2720517048356629,0.10125215960785487
457,457.0,458.3,0.37082174142849456,0.26026303881718527,0.27198927535049244,0.09692594440382765
458,458.0,459.3,0.3681078613043235,0.2615936425237357,0.27366688458144905,0.09663161159049168
459,459.0,460.3,0.3707564032564188,0.2585112319527024,0.27382608026424193,0.09690628452663672
460,460.0,461.3,0.37145522552018184,0.2567923687108036,0.2738314971506773,0.0979209086183372
461,461.0,462.3,0.3705366713717684,0.2565677750486829,0.2755862476200099,0.09730930595953874
462,462.0,463.3,0.36540800371810145,0.2557405067503898,0.2825887829575558,0.0962627065739529
463,463.0,464.3,0.3637339550331965,0.25555855938858824,0.28377761726900386,0.09692986830921127
464,464.0,465.3,0.3641284194594429,0.25451091419040556,0.2834586037796228,0.09790206257052861
465,465.0,466.3,0.3686030883652779,0.24886516134845577,0.28432772853805316,0.09820402174821309
466,466.0,467.3,0.3700208460000644,0.24685313702176548,0.28428267959817,0.09884333738000009
467,467.0,468.3,0.370206896330969,0.2482446075587179,0.28229247976424643,0.09925601634606664
468,468.0,469.3,0.372133760933948,0.24292635976986268,0.28513719967779066,0.09980267961839864
469,469.0,470.3,0.3696215224314054,0.24116827149684253,0.2846370562556969,0.10457314981605503
470,470.0,471.3,0.3706700617948802,0.23880233367812295,0.28502610426144553,0.10550150026555125
471,471.0,472.3,0.3726406669853552,0.23538236282257144,0.28637330524702087,0.10560366494505231
472,472.0,473.3,0.37130197291894007,0.23857952292651669,0.2831309844527267,0.10698751970181641
473,473.0,474.3,0.37375637422050795,0.24005715704409147,0.2809468407940129,0.10523962794138755
474,474.0,475.3,0.3750773872606983,0.23057891447767864,0.29023132132886426,0.10411237693275868
475,475.0,476.3,0.366292777958238,0.23091530444119157,0.2982332858685394,0.10455863173203087
476,476.0,477.3,0.34900689348127506,0.23394082351820006,0.313297302019132,0.1037549809813928
477,477.0,478.3,0.349168752844297,0.22983780074078522,0.3176140460711038,0.10337940034381388
478,478.0,479.3,0.3503367859179564,0.23769991728085965,0.3093754876782876,0.10258780912289614
479,479.0,480.3,0.35104649979690977,0.23737671376461833,0.3085936848123727,0.10298310162609914
480,480.0,481.3,0.3516739118312818,0.2357806212461267,0.30942246871443924,0.10312299820815214
481,481.0,482.3,0.3501238895360602,0.23587748154254232,0.3111422810436277,0.10285634787776965
482,482.0,483.3,0.35017966591812805,0.2356130469684486,0.3107598294362763,0.10344745767714691
483,483.0,484.3,0.35099377435799767,0.23485462469757765,0.3114237282804758,0.10272787266394878
484,484.0,485.3,0.35001161804272385,0.2333350949025494,0.31300140484611233,0.10365188220861425
485,485.0,486.3,0.3520076885378491,0.23360461929981985,0.3113713455817798,0.10301634658055114
486,486.0,487.3,0.35104791557684045,0.241291637710141,0.3050182923563689,0.1026421543566495
487,487.0,488.3,0.35057117357294354,0.24442028819941797,0.30474286154679464,0.10026567668084377
488,488.0,489.3,0.35401071122502625,0.2456352564457057,0.2997342283832308,0.10061980394603709
489,489.0,490.3,0.35469957212523884,0.24557121556138525,0.298429312396954,0.10129989991642177
490,490.0,491.3,0.35238300432644365,0.2517437613147251,0.2930825418970077,0.1027906924618234
491,491.0,492.4,0.353496200146205,0.25565092770655556,0.28766237306448916,0.1031904990827501
492,492.0,493.4,0.35365596608584404,0.25482080474784097,0.28745688608618847,0.1040663430801263
493,493.0,494.5,0.3536966538714711,0.25392028287661755,0.2880641106224609,0.10431895262945028
494,494.0,495.5,0.3529820673176029,0.2547296504528699,0.2885466339495847,0.10374164827994226
495,495.0,496.5,0.3539071706416977,0.2562150927236947,0.2863280552920972,0.10354968134251023
496,496.0,497.5,0.35443595708426623,0.25625069064430406,0.2847697669873851,0.10454358528404453
497,497.0,498.5,0.3543424537906835,0.25593201386678205,0.2861870895477552,0.1035384427947792
498,498.0,499.5,0.3522130947091659,0.25796449250104153,0.28642742949751343,0.10339498329227899
499,499.0,500.5,0.352711314154032,0.2597901993961984,0.2845044961688956,0.10299399028087383
500,500.0,501.5,0.3515542145312237,0.2598279187279124,0.28441836296762857,0.1041995037732352
501,501.0,502.5,0.3507719164245233,0.25485931835117215,0.2894757397571166,0.10489302546718779
502,502.0,503.5,0.3510980295779401,0.2534371414119457,0.29049600675278076,0.10496882225733326
503,503.0,504.5,0.3516493683037155,0.2545288992248813,0.2889691831719149,0.10485254929948815
504,504.0,505.5,0.3507463374485715,0.25202259224923546,0.2925292227053999,0.10470184759679313
505,505.0,506.5,0.34787614252078164,0.2537912322167345,0.2927109444599983,0.10562168080248543
506,506.0,507.5,0.3512441900300627,0.2491377471299593,0.2936214606489234,0.10599660219105453
507,507.0,508.5,0.34977765209331446,0.2505678408447998,0.29359857978592874,0.10605592727595692
508,508.0,509.5,0.35211021575058965,0.25312930359529684,0.29339570714015506,0.10136477351395826
509,509.0,510.5,0.35606902091345694,0.25110053037876556,0.30018682142337416,0.09264362728440316
510,510.0,511.5,0.3523282752853417,0.24928216488790023,0.3054674719259506,0.0929220879008074
511,511.0,512.5,0.35000291196290817,0.250790179500339,0.3063693727092752,0.09283753582747753
512,512.0,513.5,0.3490780214569576,0.2520576221437401,0.30607759197857864,0.09278676442072353
513,513.0,514.5,0.353222710476485,0.25136211106564127,0.30319369594811113,0.09222148250976245
514,514.0,515.5,0.3523769907439609,0.2547463546351695,0.30020046030032005,0.0926761943205494
515,515.0,516.5,0.353637002376582,0.2547193568744555,0.29872852756639345,0.09291511318256888
516,516.0,517.5,0.35520238459518466,0.2578955318474124,0.29409697108327093,0.0928051124741319
517,517.0,518.5,0.354397553847894,0.2583736094139018,0.2941262613425256,0.0931025753956784
518,518.0,519.5,0.35192749309594296,0.2589732045592037,0.29561870545179203,0.09348059689306129
519,519.0,520.5,0.35179061481399915,0.25911760576857545,0.29511968557916396,0.0939720938382613
520,520.0,521.5,0.34936956723206897,0.26026071657745337,0.29631400984343825,0.09405570634703928
521,521.0,522.5,0.3476673241016325,0.26071828401041974,0.296915946646507,0.09469844524144064
522,522.0,523.5,0.3475516207339479,0.2643023118728292,0.2985140753539157,0.08963199203930709
523,523.0,524.5,0.34949924958974976,0.26316890869040244,0.29754270207462974,0.08978913964521795
524,524.0,525.5,0.3496091499007831,0.26288002239757086,0.2968491239489657,0.09066170375268026
525,525.0,526.5,0.3490433488597211,0.2617664015435602,0.29749080473589296,0.09169944486082561
526,526.0,527.5,0.34759982962593494,0.26326858119630553,0.29641206944153986,0.09271951973621954
527,527.0,528.5,0.3504547798215766,0.26493471104597677,0.2907709585045638,0.09383955062788275
528,528.0,529.6,0.3539360326956126,0.25941653956370697,0.291561990777205,0.09508543696347532
529,529.0,530.6,0.35078632027507306,0.2619801272124787,0.29158863394741596,0.09564491856503216
530,530.0,531.6,0.3495327929032067,0.2633198607390448,0.2913240085492743,0.0958233378084741
531,531.0,532.6,0.34844303396121384,0.26297790220310036,0.29276496975316313,0.09581409408252253
532,532.0,533.6,0.3458692164303586,0.26543900670782383,0.2923648210799045,0.09632695578191296
533,533.0,534.6,0.34561125177822466,0.2675325450106332,0.2909024712265315,0.09595373198461052
534,534.0,535.6,0.3464866892820565,0.26099650895267734,0.29281927129304697,0.09969753047221902
535,535.0,536.6,0.3517359442110524,0.26405066316833026,0.28301230067329236,0.10120109194732488
536,536.0,537.6,0.35901618690179105,0.2564441301269453,0.28154793556306007,0.10299174740820345
537,537.0,538.6,0.3603118691229178,0.25364715152001055,0.28285559591034154,0.10318538344672998
538,538.0,539.6,0.3610966851708432,0.25541966622307777,0.2803654300721145,0.10311821853396434
539,539.0,540.6,0.36149973959621284,0.25772868999328225,0.27693855002667556,0.10383302038382936
540,540.0,541.6,0.35887695957561017,0.25757769522024804,0.27836168308978654,0.10518366211435515
541,541.0,542.6,0.35879920962954176,0.259312936729748,0.27896936904371583,0.1029184845969943
542,542.0,543.6,0.35765239325673825,0.259179336596932,0.279553943561211,0.10361432658511871
543,543.0,544.7,0.3616357137884652,0.25775074277685006,0.27517765699522967,0.10543588643945494
544,544.0,545.7,0.3604632069920064,0.25724123241057945,0.27582361419389406,0.10647194640351995
545,545.0,546.7,0.3632172469812691,0.25687685275368966,0.27686054565650065,0.10304535460854056
546,546.0,547.8,0.3624932726464073,0.2578695704125459,0.27811846159882925,0.10151869534221751
547,547.0,548.8,0.3625893090121164,0.25796374438745234,0.2775532774420656,0.10189366915836555
548,548.0,549.8,0.3642819601890232,0.26003498840303446,0.2729365784770277,0.10274647293091452
