,Unnamed: 0,Total_iterations,Add_vertex,Delete_vertex,Insert_inside_vertex,Delete_inside_vertex
0,0.0,0.0,0.25,0.25,0.25,0.25
1,1.0,0.10900000000000001,0.25,0.25,0.25,0.25
2,2.0,0.31601,0.25,0.25,0.25,0.25
3,3.0,0.6191589000000001,0.25,0.25,0.25,0.25
4,4.0,1.015801321,0.25,0.25,0.25,0.25
5,5.0,1.50262148669,0.25,0.25,0.25,0.25
6,6.0,2.0757334209441005,0.25,0.25,0.25,0.25
7,7.0,2.7307768275633495,0.25,0.25,0.25,0.25
8,8.0,3.4630081252450404,0.25,0.25,0.25,0.25
9,9.0,4.2673862119061114,0.25,0.25,0.25,0.25
10,10.0,5.138652627782014,0.25,0.25,0.25,0.25
11,11.0,6.071405875792507,0.25,0.25,0.25,0.25
12,12.0,7.060169740244025,0.25,0.25,0.25,0.25
13,13.0,8.099455520847952,0.25,0.25,0.25,0.25
14,14.0,9.183818168183006,0.25,0.25,0.25,0.25
15,15.0,10.307906369102724,0.25,0.25,0.25,0.25
16,16.0,11.466506686239443,0.25,0.25,0.25,0.25
17,17.0,12.654581904800096,0.25,0.25,0.25,0.25
18,18.0,13.867303782456686,0.25,0.25,0.25,0.25
19,19.0,15.100080434523047,0.25,0.25,0.25,0.25
20,20.0,16.348578617037543,0.25,0.25,0.25,0.25
21,21.0,17.608741195130214,0.25,0.25,0.25,0.25
22,22.0,18.876800103462312,0.25,0.25,0.25,0.25
23,23.0,20.14928511992658,0.25,0.25,0.25,0.25
24,24.0,21.423028783545156,0.25,0.25,0.25,0.25
25,25.0,22.695167792966423,0.25,0.25,0.25,0.25
26,26.0,23.963141223515898,0.25,0.25,0.25,0.25
27,27.0,25.224685898775267,0.25,0.25,0.25,0.25
28,28.0,26.477829247520948,0.25,0.25,0.25,0.25
29,29.0,27.720879968916847,0.25,0.25,0.25,0.25
30,30.0,28.95241681848399,0.25,0.25,0.25,0.25
31,31.0,30.17127581490958,0.25,0.25,0.25,0.25
32,32.0,31.376536153543515,0.25,0.25,0.25,0.25
33,33.0,32.567505096778625,0.25,0.25,0.25,0.25
34,34.0,33.74370209472243,0.25,0.25,0.25,0.25
35,35.0,34.90484237192463,0.25,0.25,0.25,0.25
36,36.0,36.05082019768737,0.25,0.25,0.25,0.25
37,37.0,37.18169203889697,0.25,0.25,0.25,0.25
38,38.0,38.29765977559663,0.25,0.25,0.25,0.25
39,39.0,39.399054140870355,0.25,0.25,0.25,0.25
40,40.0,40.48631852820801,0.25,0.25,0.25,0.25
41,41.0,41.55999329152982,0.25,0.25,0.25,0.25
42,42.0,42.62070064560415,0.25,0.25,0.25,0.25
43,43.0,43.669130257815,0.25,0.25,0.25,0.25
44,44.0,44.70602560622662,0.25,0.25,0.25,0.25
45,45.0,45.73217116373481,0.25,0.25,0.25,0.25
46,46.0,46.748380453854836,0.25,0.25,0.25,0.25
47,47.0,47.755485010424316,0.25,0.25,0.25,0.25
48,48.0,48.7543242612326,0.25,0.25,0.25,0.25
49,49.0,49.745736344347726,0.25,0.25,0.25,0.25
50,50.0,50.730549855707864,0.25,0.25,0.25,0.25
51,51.0,51.70957651737491,0.25,0.25,0.25,0.25
52,52.0,52.68360474770151,0.25,0.25,0.25,0.25
53,53.0,53.65339410751842,0.25,0.25,0.25,0.25
54,54.0,54.61967059027847,0.25,0.25,0.25,0.25
55,55.0,55.58312271885972,0.25,0.25,0.25,0.25
56,56.0,56.544398407394254,0.25,0.25,0.25,0.25
57,57.0,57.504102543001395,0.25,0.25,0.25,0.25
58,58.0,58.462795239617805,0.25,0.25,0.25,0.25
59,59.0,59.42099071417639,0.25,0.25,0.25,0.25
60,60.0,60.379156734137354,0.25,0.25,0.25,0.25
61,61.0,61.337714584760846,0.25,0.25,0.25,0.25
62,62.0,62.29703950447439,0.25,0.25,0.25,0.25
63,63.0,63.257461537171835,0.25,0.25,0.25,0.25
64,64.0,64.21926675122782,0.25,0.25,0.25,0.25
65,65.0,65.18269877636592,0.25,0.25,0.25,0.25
66,66.0,66.14796061122655,0.25,0.25,0.25,0.25
67,67.0,67.11521665648885,0.25,0.25,0.25,0.25
68,68.0,68.08459493066005,0.25,0.25,0.25,0.25
69,69.0,69.05618942810752,0.25,0.25,0.25,0.25
70,70.0,70.03006258152917,0.25,0.25,0.25,0.25
71,71.0,71.00624779379335,0.25,0.25,0.25,0.25
72,72.0,71.98475200689319,0.25,0.25,0.25,0.25
73,73.0,72.96555827861411,0.25,0.25,0.25,0.25
74,74.0,73.94862834037681,0.25,0.25,0.25,0.25
75,75.0,74.93390511255946,0.25,0.25,0.25,0.25
76,76.0,75.92131515639825,0.25,0.25,0.25,0.25
77,77.0,76.91077104428919,0.25,0.25,0.25,0.25
78,78.0,77.90217363294813,0.25,0.25,0.25,0.25
79,79.0,78.89541422641172,0.25,0.25,0.25,0.25
80,80.0,79.89037661826481,0.25,0.25,0.25,0.25
81,81.0,80.88693900474995,0.25,0.25,0.25,0.25
82,82.0,81.88497576253909,0.25,0.25,0.25,0.25
83,83.0,82.88435908692391,0.25,0.25,0.25,0.25
84,84.0,83.89496048800102,0.25,0.25,0.25,0.25
85,85.0,84.9065521440904,0.25,0.25,0.25,0.25
86,86.0,85.91891911312993,0.25,0.25,0.25,0.25
87,87.0,86.93186019413422,0.25,0.25,0.25,0.25
88,88.0,87.94518856509674,0.25,0.25,0.25,0.25
89,89.0,88.96873221331205,0.25,0.25,0.25,0.25
90,90.0,89.99223417457269,0.25,0.25,0.25,0.25
91,91.0,91.01546359796154,0.25,0.25,0.25,0.25
92,92.0,92.0382154430319,0.25,0.25,0.25,0.25
93,93.0,93.0803099491649,0.25,0.25,0.25,0.25
94,94.0,94.12139190519295,0.25,0.25,0.25,0.25
95,95.0,95.16115174656628,0.25,0.25,0.25,0.25
96,96.0,96.21932408633658,0.25,0.25,0.25,0.25
97,97.0,97.27548595126652,0.25,0.25,0.25,0.25
98,98.0,98.32927677019079,0.25,0.25,0.25,0.25
99,99.0,99.38039573952071,0.25,0.25,0.25,0.25
100,100.0,100.42859885452245,0.25,0.25,0.25,0.25
101,101.0,101.47369566947877,0.25,0.25,0.25,0.25
102,102.0,102.51554584624469,0.25,0.25,0.25,0.25
103,103.0,103.55405554687157,0.25,0.25,0.25,0.25
104,104.0,104.58917372196703,0.25,0.25,0.25,0.25
105,105.0,105.62088834233329,0.25,0.25,0.25,0.25
106,106.0,106.64922261723957,0.25,0.25,0.25,0.25
107,107.0,107.67423123848285,0.25,0.25,0.25,0.25
108,108.0,108.69599668521697,0.25,0.25,0.25,0.25
109,109.0,109.7146256204255,0.25,0.25,0.25,0.25
110,110.0,110.73024540590892,0.25,0.25,0.25,0.25
111,111.0,111.7430007587849,0.25,0.25,0.25,0.25
112,112.0,112.75305056878545,0.25,0.25,0.25,0.25
113,113.0,113.76056489209809,0.25,0.25,0.25,0.25
114,114.0,114.7657221341585,0.25,0.25,0.25,0.25
115,115.0,115.76870643067127,0.25,0.25,0.25,0.25
116,116.0,116.76970523322605,0.25,0.25,0.25,0.25
117,117.0,117.7689071031931,0.25,0.25,0.25,0.25
118,118.0,118.76649971513152,0.25,0.25,0.25,0.25
119,119.0,119.76266806872476,0.25,0.25,0.25,0.25
120,120.0,120.75759290627144,0.25,0.25,0.25,0.25
121,121.0,121.75144933100073,0.25,0.25,0.25,0.25
122,122.0,122.74440561994709,0.25,0.25,0.25,0.25
123,123.0,123.73662222379934,0.25,0.25,0.25,0.25
124,124.0,124.72825094502838,0.25,0.25,0.25,0.25
125,125.0,125.71943428468423,0.25,0.25,0.25,0.25
126,126.0,126.71030494752763,0.25,0.25,0.25,0.25
127,127.0,127.70098549461144,0.25,0.25,0.25,0.25
128,128.0,128.69158813204075,0.25,0.25,0.25,0.25
129,129.0,129.68221462440673,0.25,0.25,0.25,0.25
130,130.0,130.67295632129205,0.25,0.25,0.25,0.25
131,131.0,131.66389428527592,0.25,0.25,0.25,0.25
132,132.0,132.65509951000863,0.25,0.25,0.25,0.25
133,133.0,133.646633217168,0.25,0.25,0.25,0.25
134,134.0,134.63854722143972,0.25,0.25,0.25,0.25
135,135.0,135.6308843530699,0.25,0.25,0.25,0.25
136,136.0,136.62367892800634,0.25,0.25,0.25,0.25
137,137.0,137.6169572561691,0.25,0.25,0.25,0.25
138,138.0,138.61073817895385,0.25,0.25,0.25,0.25
139,139.0,139.60503362767062,0.25,0.25,0.25,0.25
140,140.0,140.59984919523902,0.25,0.25,0.25,0.25
141,141.0,141.59518471409817,0.25,0.25,0.25,0.25
142,142.0,142.59103483393042,0.25,0.25,0.25,0.25
143,143.0,143.58738959344015,0.25,0.25,0.25,0.25
144,144.0,144.58423498106453,0.25,0.25,0.25,0.25
145,145.0,145.58155348011582,0.25,0.25,0.25,0.25
146,146.0,146.5793245944608,0.25,0.25,0.25,0.25
147,147.0,147.57752535142666,0.25,0.25,0.25,0.25
148,148.0,148.57613077918165,0.25,0.25,0.25,0.25
149,149.0,149.57511435636937,0.25,0.25,0.25,0.25
150,150.0,150.57444843227464,0.25,0.25,0.25,0.25
151,151.0,151.57410461626662,0.25,0.25,0.25,0.25
152,152.0,152.57405413569674,0.25,0.25,0.25,0.25
153,153.0,153.57426816182686,0.25,0.25,0.25,0.25
154,154.0,154.57471810372573,0.25,0.25,0.25,0.25
155,155.0,155.57537587039744,0.25,0.25,0.25,0.25
156,156.0,156.576214101698,0.25,0.25,0.25,0.25
157,157.0,157.57720636885153,0.25,0.25,0.25,0.25
158,158.0,158.57832734560122,0.25,0.25,0.25,0.25
159,159.0,159.5795529512199,0.25,0.25,0.25,0.25
160,160.0,160.58086046676453,0.25,0.25,0.25,0.25
161,161.0,161.58222862608704,0.25,0.25,0.25,0.25
162,162.0,162.58363768321644,0.25,0.25,0.25,0.25
163,163.0,163.58506945780073,0.25,0.25,0.25,0.25
164,164.0,164.58650736034858,0.25,0.25,0.25,0.25
165,165.0,165.58793639903814,0.25,0.25,0.25,0.25
166,166.0,166.58934316986839,0.25,0.25,0.25,0.25
167,167.0,167.59071583191692,0.25,0.25,0.25,0.25
168,168.0,168.59204406944144,0.25,0.25,0.25,0.25
169,169.0,169.59331904251908,0.25,0.25,0.25,0.25
170,170.0,170.5945333278638,0.25,0.25,0.25,0.25
171,171.0,171.59568085139537,0.25,0.25,0.25,0.25
172,172.0,172.59675681405986,0.25,0.25,0.25,0.25
173,173.0,173.59775761231725,0.25,0.25,0.25,0.25
174,174.0,174.59868075462578,0.25,0.25,0.25,0.25
175,175.0,175.59952477515716,0.25,0.25,0.25,0.25
176,176.0,176.61028914588385,0.25,0.25,0.25,0.25
177,177.0,177.62087418807906,0.25,0.25,0.25,0.25
178,178.0,178.63119198417394,0.25,0.25,0.25,0.25
179,179.0,179.64116608081758,0.25,0.25,0.25,0.25
180,180.0,180.65073110698867,0.25,0.25,0.25,0.25
181,181.0,181.65983231947277,0.25,0.25,0.25,0.25
182,182.0,182.66842508751375,0.25,0.25,0.25,0.25
183,183.0,183.6764743278755,0.25,0.25,0.25,0.25
184,184.0,184.68395390092232,0.25,0.25,0.25,0.25
185,185.0,185.69084597765521,0.25,0.25,0.25,0.25
186,186.0,186.69714038693826,0.25,0.25,0.25,0.25
187,187.0,187.70283395142363,0.25,0.25,0.25,0.25
188,188.0,188.70792981994623,0.25,0.25,0.25,0.25
189,189.0,189.7124368034171,0.25,0.25,0.25,0.25
190,190.0,190.71636872050672,0.25,0.25,0.25,0.25
191,191.0,191.71974375868228,0.25,0.25,0.25,0.25
192,192.0,192.7225838554535,0.25,0.25,0.25,0.25
193,193.0,193.72491410399306,0.25,0.25,0.25,0.25
194,194.0,194.72676218663872,0.25,0.25,0.25,0.25
195,195.0,195.72815783915343,0.25,0.25,0.25,0.25
196,196.0,196.72913234802513,0.25,0.25,0.25,0.25
197,197.0,197.72971808252944,0.25,0.25,0.25,0.25
198,198.0,198.729948062758,0.2505665853971513,0.25016345438213783,0.24909860130886693,0.25017135891184394
199,199.0,199.72985556433616,0.25706599837727695,0.2502113972733341,0.24554036506150434,0.2471822392878847
200,200.0,200.7294737601131,0.2612109838892352,0.25646004626578,0.2398488155005868,0.24248015434439807
201,201.0,201.72883539871123,0.26516097704066005,0.2626604458967856,0.23435837091302233,0.23782020614953206
202,202.0,202.72797251946244,0.2684816830877757,0.26884047166646324,0.22922314040981354,0.2334547048359476
203,203.0,203.7269162029439,0.27203709400451836,0.2751287734859118,0.22382654305710523,0.22900758945246463
204,204.0,204.7256963560478,0.27534126682062243,0.28161277892620806,0.21848992302169068,0.22455603123147885
205,205.0,205.72434153028078,0.278603801147463,0.2879753073982657,0.2131184866327451,0.2203024048215262
206,206.0,206.7228787717877,0.2814611455404172,0.294136005043186,0.20795549113241135,0.21644735828398556
207,207.0,207.72133350142605,0.2838534282840597,0.30019319610372575,0.20272974824867396,0.21322362736354064
208,208.0,208.71972942308628,0.2857963641406854,0.30657945536158304,0.1980767160274714,0.20954746447026018
209,209.0,209.71808845834963,0.2876233453270591,0.312667600228955,0.19345598910595735,0.20625306533802862
210,210.0,210.71643070550314,0.28888115623991556,0.3184694981175288,0.18940634917369936,0.2032429964688564
211,211.0,211.71477442088627,0.28965476054277045,0.3240051026716833,0.18546707689212405,0.20087305989342227
212,212.0,212.71313602052223,0.2896858209267228,0.3292159095386757,0.1820092236712757,0.19908904586332582
213,213.0,213.71153009998937,0.28973647592636315,0.33354744857896307,0.17904674435953957,0.19766933113513419
214,214.0,214.70996947050992,0.28883206616123935,0.33798301957509724,0.17660371015987064,0.1965812041037927
215,215.0,215.7084652092733,0.2879348686363349,0.3425101691599604,0.17425077927698884,0.19530418292671584
216,216.0,216.7070267220676,0.2868734310775597,0.34602139123156567,0.17242324269143627,0.19468193499943842
217,217.0,217.7056618163618,0.285791714659071,0.3491982329765896,0.17080036777684715,0.19420968458749233
218,218.0,218.70437678306297,0.28455090566961394,0.3518370231154848,0.1697877644231608,0.19382430679174056
219,219.0,219.70317648526338,0.2832405644356059,0.3540065998385886,0.169195510264828,0.19355732546097754
220,220.0,220.7020644523911,0.2818566176274578,0.35606315752835954,0.16893816879532245,0.19314205604886026
221,221.0,221.70104297828215,0.2805975096225874,0.35714675657673917,0.1691204199780997,0.19313531382257376
222,222.0,222.7001132218013,0.279514182808902,0.3582072433830331,0.16893345617576533,0.1933451176322997
223,223.0,223.69927530875052,0.27798135039097116,0.35904552652325955,0.1689297584728146,0.19404336461295485
224,224.0,224.69852843391732,0.2769264319469263,0.3594797704738463,0.16864291675879692,0.19495088082043066
225,225.0,225.69787096222825,0.2758215744242173,0.3595348186356363,0.16900446562221122,0.19563914131793544
226,226.0,226.6973005280858,0.27515880628443085,0.3589893889375726,0.16962052443532147,0.1962312803426754
227,227.0,227.69681413207675,0.27437018061741875,0.35823418346516994,0.17033925728684815,0.19705637863056338
228,228.0,228.69640823434784,0.27399953456321136,0.35706268332986973,0.17122661671805342,0.19771116538886563
229,229.0,229.7060788440483,0.27397759555974455,0.35565203128489997,0.17219581904850675,0.19817455410684892
230,230.0,230.71572160433828,0.27401136812992116,0.35448980584290435,0.17324353559829583,0.19825529042887882
231,231.0,231.72524287255587,0.2740837878908392,0.3529245721513197,0.1744735543536332,0.19851808560420808
232,232.0,232.73455958522612,0.2743294234517241,0.3510621646539879,0.17569038176716084,0.19891803012712742
233,233.0,233.7435990307771,0.2747390821776066,0.349227856362222,0.17708546660961047,0.19894759485056118
234,234.0,234.75229854146522,0.2755531640993805,0.3476422371894095,0.17855449255497857,0.19825010615623162
235,235.0,235.76060511566988,0.2761645764830649,0.3462355277268514,0.17967439136571633,0.19792550442436752
236,236.0,236.76847498129737,0.27682270401014847,0.34457175502921134,0.18088699000972905,0.19771855095091134
237,237.0,237.77587311054913,0.27783273319923185,0.3424646262077941,0.1821306152936109,0.1975720252993633
238,238.0,238.78277269577023,0.2786731726596906,0.33995955347063816,0.18365655745559506,0.19771071641407634
239,239.0,239.78915459551155,0.27934206614112334,0.33773739702167793,0.1851720117778863,0.19774852505931262
240,240.0,240.7950067593236,0.279653951762312,0.3356326064104299,0.1868695733071556,0.1978438685201027
241,241.0,241.8103236391612,0.27974406588332285,0.33357551268823005,0.18854990033099206,0.1981305210974553
242,242.0,242.8250055946234,0.27993614932812183,0.33207471239239866,0.18971450887429014,0.19827462940518964
243,243.0,243.8389692985932,0.27876285017098407,0.33113883723791016,0.1910742037220955,0.19902410886901054
244,244.0,244.8521469391801,0.2769385608442733,0.3314109419552892,0.19159701648483396,0.20005348071560375
245,245.0,245.86448534631648,0.2755336370903776,0.3316235079772751,0.19176334701536132,0.20107950791698623
246,246.0,246.87594505927606,0.27422206470649974,0.33211032925768225,0.19159330521456133,0.202074300821257
247,247.0,247.8864993503469,0.27293114699468857,0.3327021875038845,0.19116287471768292,0.20320379078374434
248,248.0,248.89613321880722,0.2720441700449135,0.3331547738072939,0.1904266642664449,0.20437439188134804
249,249.0,249.90484236823343,0.27102588182316906,0.3336628577625328,0.18967753763823791,0.20563372277606057
250,250.0,250.9126321790347,0.2705931149391049,0.33391643440518254,0.18878131694943748,0.20670913370627544
251,251.0,251.91951668696544,0.27058582012457283,0.3340428255456762,0.18789016349921128,0.20748119083054006
252,252.0,252.92551757723348,0.27064935852880706,0.3339662276081627,0.1870327906568538,0.20835162320617687
253,253.0,253.93066320270236,0.2705187638040997,0.3342457853433636,0.18627331105665307,0.20896213979588402
254,254.0,254.93498763359736,0.27024627834766307,0.33442562351308536,0.1858709880713807,0.20945711006787127
255,255.0,255.93852974506686,0.2698581464803703,0.33461663214467996,0.18557515507501007,0.20995006629994004
256,256.0,256.9413323479388,0.2693630033960955,0.3347570554449719,0.18536227487647908,0.21051766628245386
257,257.0,257.9434413670441,0.26861226599966864,0.33538014330178534,0.18454960971271517,0.21145798098583118
258,258.0,258.94490507056844,0.2676623774217448,0.3356258564699612,0.18374737310572425,0.21296439300257006
259,259.0,259.94577335303467,0.2673710093422377,0.33523339574327055,0.18292084948505444,0.21447474542943762
260,260.0,260.94609707372393,0.26696143154191715,0.3351943268683915,0.18201238295373937,0.21583185863595222
261,261.0,261.945927451607,0.26621741586488895,0.33573529013224757,0.18090797654226737,0.21713931746059628
262,262.0,262.94531551718575,0.2654603096949168,0.33627412809200835,0.17977723171222257,0.21848833050085242
263,263.0,263.94431162103473,0.26571827897099853,0.335836769845181,0.1787187363237139,0.21972621486010666
264,264.0,264.94296499828846,0.26604253807284617,0.33560292236756284,0.17751182075509103,0.2208427188045
265,265.0,265.94132338783396,0.26658686892478445,0.3353731815042978,0.17666265743553577,0.22137729213538201
266,266.0,266.93943270454656,0.2669076420238488,0.3353211827736447,0.1759714479710573,0.2217997272314493
267,267.0,267.9373367625425,0.26750509844054177,0.3356047477247799,0.1749867594915348,0.2219033943431436
268,268.0,268.93507704711334,0.26802226377781463,0.33594157555587223,0.17406119003593068,0.2219749706303825
269,269.0,269.932692532756,0.26869514540512185,0.3363318219944237,0.17327398398338745,0.22169904861706705
270,270.0,270.93021954450677,0.26978419033555706,0.33719444722820735,0.17215310909207457,0.22086825334416105
271,271.0,271.92769165963745,0.2709973923040333,0.33794478547951434,0.17148064637640736,0.21957717584004496
272,272.0,272.9251396466587,0.2721057256171259,0.33895745955891654,0.17112410040235443,0.2178127144216031
273,273.0,273.92259143851123,0.27329534273946815,0.3397108050281906,0.17096471291538537,0.2160291393169559
274,274.0,274.9200721367934,0.2745001373351267,0.3401115518009049,0.17093710700743853,0.21445120385652985
275,275.0,275.9176040438794,0.2756500629664569,0.3404267664783747,0.17096737685026203,0.21295579370490633
276,276.0,276.915206719818,0.27628361252814565,0.341469109023433,0.17099614686613934,0.211251131582282
277,277.0,277.9128970609646,0.2769684839924951,0.34300854893756405,0.17134663068765754,0.20867633638228336
278,278.0,278.9106893973869,0.27777374939401206,0.3444625607065831,0.17180172539682925,0.2059619645025756
279,279.0,279.90859560619305,0.2785036597192914,0.3461945635195024,0.17202213430663832,0.2032796424545679
280,280.0,280.9066252380567,0.27892006770995703,0.3477903806358179,0.17247873211145917,0.20081081954276597
281,281.0,281.90478565435336,0.2791819491887572,0.34963247990633844,0.17307937451440666,0.19810619639049776
282,282.0,282.90308217247684,0.2798811114725568,0.3516804355127366,0.17390536675088317,0.19453308626382357
283,283.0,283.9015182170632,0.28050440582070946,0.35376525552274907,0.17459858594764216,0.19113175270889932
284,284.0,284.9000954750203,0.28137152270447374,0.3552688819239436,0.17531631004580198,0.18804328532578068
285,285.0,285.8988140524315,0.2823825695917803,0.3569485827504825,0.1756598797922986,0.18500896786543863
286,286.0,286.8976726315773,0.2832683167142361,0.35869268617455174,0.17620027699382165,0.1818387201173906
287,287.0,287.8966686264927,0.2840279429529965,0.3602442914487991,0.1768179024885147,0.1789098631096898
288,288.0,288.89579833565165,0.2849413650947447,0.36159160497058107,0.1774978332952743,0.17596919663940008
289,289.0,289.8950570905382,0.28571907997541657,0.36229888568933105,0.1789560311558333,0.17302600317941927
290,290.0,290.8944393990307,0.2865113991883488,0.3627588521479672,0.18015532790398872,0.1705744207596956
291,291.0,291.8939390826837,0.28655284190947344,0.3637421920580945,0.18126267116870776,0.16844229486372458
292,292.0,292.8935494071445,0.2864702058398434,0.3655358673564824,0.18186239820619546,0.16613152859747898
293,293.0,293.8932632050878,0.2861171388809785,0.3672837545385491,0.182533546771763,0.16406555980870965
294,294.0,294.8930729911859,0.2852733785884027,0.36911840061602536,0.18335963105621303,0.16224858973935918
295,295.0,295.8929710687623,0.2843259842255972,0.37070226691551544,0.18425199547965276,0.1607197533792349
296,296.0,296.8929496278934,0.28351879881553954,0.37286678297964637,0.1849720764502301,0.1586423417545843
297,297.0,297.89300083483255,0.2828422025024425,0.3751612064739305,0.18593940378381774,0.15605718723980957
298,298.0,298.8931169127294,0.28142612142655676,0.37767705612106367,0.18709601160812186,0.15380081084425792
299,299.0,299.9032902137093,0.2802370669418165,0.3798404850866213,0.1880745723967513,0.15184787557481108
300,300.0,300.91341328245414,0.2788859454569161,0.3819714332908757,0.1888704313120594,0.15027218994014896
301,301.0,301.92338991149995,0.27771886076457003,0.3842590991652801,0.18906209837377683,0.14895994169637317
302,302.0,302.93313497852614,0.27719459183030043,0.3866004264155731,0.1894427514599883,0.14676223029413835
303,303.0,303.94257418906443,0.27707679359410536,0.3891802731379167,0.18929470827614742,0.1444482249918306
304,304.0,304.9516437366583,0.27693873884278847,0.3916314100365837,0.18899380504780924,0.1424360460728187
305,305.0,305.96028989212624,0.27642476103213404,0.3943989721807654,0.1885305896093487,0.14064567717775192
306,306.0,306.96846853312604,0.2760417989133944,0.3970727672570535,0.1880825808817136,0.1388028529478386
307,307.0,307.9761446246946,0.27601711986455973,0.399920862646954,0.18691212300674356,0.1371498944817428
308,308.0,308.9832916608593,0.276300108754985,0.40296116365442103,0.18530542906228456,0.1354332985283096
309,309.0,309.98989107679904,0.27614172621698935,0.4061007462043013,0.1834950969983989,0.1342624305803107
310,310.0,311.00593164037684,0.27603065271437516,0.40934567382179154,0.18087177911522223,0.13375189434861132
311,311.0,312.02130883119304,0.2766538561477798,0.41308210967744363,0.17693056537792,0.13333346879685679
312,312.0,313.03593521461573,0.2773407374704323,0.4164577278566009,0.17310546202746108,0.13309607264550602
313,313.0,314.04973960755,0.27823260243459325,0.41921242065520997,0.16944872569480207,0.13310625121539504
314,314.0,315.06266616511533,0.27892787136981045,0.42168784284540434,0.16607394835018277,0.13331033743460272
315,315.0,316.07467340527296,0.27933662070648624,0.42355251197172866,0.16367328424173377,0.13343758308005155
316,316.0,317.0857331873621,0.27928502406737454,0.4255477610353442,0.16142114383197192,0.13374607106530956
317,317.0,318.0958296593687,0.2783732822676157,0.42739830247406385,0.159987595057653,0.13424082020066763
318,318.0,319.10495818758096,0.2776016898490239,0.4288265223934496,0.1587642714829411,0.1348075162745856
319,319.0,320.11312428109613,0.27689894643708,0.4298120833980513,0.15774640627345807,0.13554256389141078
320,320.0,321.1203425224489,0.2763092611601229,0.4306284376878823,0.1568138623347458,0.1362484388172492
321,321.0,322.12663551444183,0.27556896030646405,0.43114410375241097,0.15619479749088971,0.13709213845023546
322,322.0,323.1320328520911,0.2750564005367843,0.43126953898214454,0.15574554210366232,0.13792851837740905
323,323.0,324.1365701274545,0.27454174522210745,0.4311906586794707,0.15522422223653515,0.13904337386188692
324,324.0,325.14028797400704,0.27405399141674897,0.43090607863146996,0.15480618034177077,0.1402337496100105
325,325.0,326.14323115616423,0.2735779543759556,0.4306520583415123,0.15443019509646477,0.14133979218606754
326,326.0,327.14544770854405,0.27325969498284786,0.4302965447210281,0.15418109711286784,0.14226266318325648
327,327.0,328.14698812860047,0.27340617874942647,0.42943781727965225,0.15399458845414607,0.1431614155167755
328,328.0,329.1479046253653,0.27360564030303725,0.42827346686057627,0.15419373822350205,0.14392715461288472
329,329.0,330.1482504261999,0.27420675019666274,0.42678035331584024,0.15441063957311532,0.144602256914382
330,330.0,331.14807914268914,0.27522066552697166,0.4249856634167481,0.15464255491400092,0.14515111614227968
331,331.0,332.1474441961025,0.276410715645691,0.4231944710000225,0.1551139511285521,0.1452808622257348
332,332.0,333.1463983022135,0.27761847646551163,0.4213925274184611,0.15562256463163454,0.14536643148439304
333,333.0,334.14499301469135,0.2785766267724745,0.4197371398416615,0.15621310841255123,0.14547312497331308
334,334.0,335.1432783257744,0.27929804531928587,0.41809571833470766,0.1569919388851076,0.14561429746089918
335,335.0,336.14130232249147,0.279782592697704,0.4168286370050115,0.1577386502506003,0.14565012004668457
336,336.0,337.1391108963119,0.2799103991575775,0.415521126839523,0.15897544470175154,0.14559302930114829
337,337.0,338.13674750378715,0.27979763828006815,0.4146578549268561,0.16011100580680748,0.14543350098626864
338,338.0,339.13425297547707,0.2794327629846002,0.4139931952805317,0.16126063393352716,0.1453134078013413
339,339.0,340.1316653702432,0.2788444331747872,0.41331904955069615,0.16251525901035244,0.14532125826416462
340,340.0,341.1290198718303,0.2780248831535606,0.41274246413892324,0.16390364120073028,0.1453290115067863
341,341.0,342.1263487245403,0.2774415593193919,0.41196507403910637,0.16524502007999056,0.1453483465615116
342,342.0,343.123681204734,0.276322358378845,0.4111129421841529,0.16657312381265893,0.1459915756243436
343,343.0,344.121043624861,0.2754329388767828,0.4104610911507019,0.16751432067553995,0.14659164929697577
344,344.0,345.1184593667266,0.27446267098053706,0.4096221355702933,0.16881325648711987,0.14710193696205012
345,345.0,346.1159489407384,0.27381630736955953,0.4086697364647468,0.1700155539530554,0.14749840221263857
346,346.0,347.1135300679416,0.27318512390632543,0.40765522193735815,0.1711510410567466,0.14800861309957009
347,347.0,348.11121778174515,0.2727438968952088,0.4062890647850999,0.17206341493631777,0.14890362338337376
348,348.0,349.1090245463509,0.271852381448352,0.4051674344440631,0.17313119981844122,0.14984898428914384
349,349.0,350.1069603890325,0.2708598759974425,0.4037266427433603,0.17471581262200775,0.15069766863718959
350,350.0,351.10503304355564,0.26974138885438004,0.4024442882153964,0.17624212549227683,0.15157219743794687
351,351.0,352.1032481021909,0.2689560577411024,0.40093966913721873,0.1778637238638238,0.15224054925785524
352,352.0,353.10160917394074,0.2684428737071944,0.39969204820708826,0.17930374232019125,0.15256133576552625
353,353.0,354.10011804677623,0.26805834372851917,0.39854107323147586,0.18057166194426374,0.15282892109574137
354,354.0,355.09877485186036,0.26787639842064204,0.39719730742012205,0.18187731112617556,0.15304898303306044
355,355.0,356.0975782279175,0.2679974536119058,0.3956957658558961,0.18303422634723968,0.15327255418495844
356,356.0,357.0965254840897,0.2682490225145922,0.3944385054088693,0.18387128758823665,0.1534411844883019
357,357.0,358.0956127598038,0.26862372475517393,0.3929727215365135,0.18470954978678844,0.15369400392152419
358,358.0,359.0948351803485,0.2684827175763592,0.39206608710781976,0.18598346205751984,0.15346773325830118
359,359.0,360.09418700703526,0.26890366136637667,0.3903904071291875,0.1878552114901337,0.15285072001430214
360,360.0,361.0936617809829,0.26949698305576153,0.3885175447706403,0.1897443790181182,0.15224109315548
361,361.0,362.093252459726,0.270085873640185,0.38679550710542165,0.19098797904269382,0.15213064021169953
362,362.0,363.0929515459975,0.27050186303354046,0.38502796529505445,0.19206852399429528,0.15240164767710979
363,363.0,364.0927512081819,0.2709517830203702,0.38326739139469046,0.19300738498828796,0.15277344059665138
364,364.0,365.092643392066,0.2714898904576572,0.3815616029472695,0.1937171240565474,0.15323138253852586
365,365.0,366.0926199236411,0.27249725696492816,0.37963347050826585,0.19424738617337803,0.15362188635342788
366,366.0,367.0926726028223,0.27362426910256016,0.37812130465993465,0.194134510179489,0.15411991605801612
367,367.0,368.0927932880571,0.2745104452859105,0.3767522655900117,0.1940557599298022,0.1546815291942756
368,368.0,369.09297397188794,0.2754788887029687,0.37546711553962964,0.19408837990268646,0.1549656158547152
369,369.0,370.0932068476167,0.27631177180102556,0.3742133686612061,0.19409789136255115,0.15537696817521726
370,370.0,371.0934843672965,0.2764210432015555,0.3731960853489873,0.1944463097643823,0.15593656168507486
371,371.0,372.09379929133536,0.2775711252559482,0.37053390505810185,0.19535572000161816,0.15653924968433175
372,372.0,373.09414473005694,0.27840388745681416,0.36814776484354134,0.19626035211332515,0.15718799558631935
373,373.0,374.09451417760584,0.2795949339080643,0.36582295822420935,0.19683947893663897,0.15774262893108737
374,374.0,375.0949015386238,0.28083461638323065,0.3635498405956026,0.19748706678515854,0.15812847623600823
375,375.0,376.0953011481537,0.2832787760491788,0.35909958276668597,0.19917517386790112,0.1584464673162342
376,376.0,377.09570778524903,0.2856196364181284,0.3547643253373481,0.2008791740564177,0.15873686418810598
377,377.0,378.09611668078236,0.2879047731940833,0.35049613953675807,0.20255359397956038,0.15904549328959847
378,378.0,379.09652351995453,0.2901727482786546,0.34630703916288863,0.20421672710671573,0.15930348545174128
379,379.0,380.09692444000996,0.2919814929236898,0.34215786326673236,0.2064558659564831,0.1594047778530949
380,380.0,381.09731602365974,0.2941389323150838,0.338213021901548,0.2081592807750608,0.15948876500830755
381,381.0,382.09769528870794,0.29619471273338716,0.33450599000065095,0.20963027907024198,0.15966901819572
382,382.0,383.09805967436426,0.2980103649132396,0.3311007498462305,0.2111039880987895,0.15978489714174043
383,383.0,384.0984070247113,0.3039362474383445,0.32803517004138777,0.20846271575029737,0.15956586676997045
384,384.0,385.0987355697765,0.30972027689457277,0.3251682650409376,0.2057993831149476,0.15931207494954217
385,385.0,386.0990439046375,0.31532671804362966,0.32239469682483135,0.20312122439873798,0.15915736073280107
386,386.0,387.0993309669659,0.32057507832652543,0.3200007383922177,0.20027759762827024,0.15914658565298664
387,387.0,388.0995960133919,0.32564636082305404,0.31788660318047485,0.19743001494476822,0.15903702105170295
388,388.0,389.0998385950414,0.33087172974235507,0.31608825635816823,0.19455886426764477,0.158481149631832
389,389.0,390.1000585325755,0.3358746937813726,0.3144158315139093,0.19172928481741547,0.1579801898873027
390,390.0,391.1002558910304,0.34094042645610934,0.3126557508000375,0.18887772144232717,0.15752610130152614
391,391.0,392.1004309547295,0.3457886429431074,0.31126872464167404,0.18594524598690337,0.15699738642831537
392,392.0,393.1005842025114,0.35004819202119103,0.3106426201308605,0.1829706683108895,0.15633851953705907
393,393.0,394.10071628349004,0.3537738465812631,0.31071999041610887,0.18033943586033727,0.1551667271422909
394,394.0,395.10082799353586,0.35756969460813676,0.3109832407133824,0.17740105129973383,0.15404601337874715
395,395.0,396.1009202526418,0.36085536091546266,0.3115558427720745,0.17467125070152767,0.15291754561093535
396,396.0,397.10099408331075,0.3641156366108581,0.3118966519409984,0.17211250289143276,0.15187520855671088
397,397.0,398.1010505900797,0.366862247438757,0.3124574652834644,0.16982436783504862,0.15085591944273016
398,398.0,399.1010909402709,0.3691903027373379,0.31287197187848725,0.16818324457003053,0.14975448081414452
399,399.0,400.1011163460403,0.37137750862903757,0.31294912421250765,0.16690092509668253,0.14877244206177245
400,400.0,401.1011280477724,0.3736266763737895,0.3125512243810253,0.16591530272454053,0.14790679652064487
401,401.0,402.1011272988535,0.37573086028031216,0.31204614498496525,0.16509430211743323,0.1471286926172895
402,402.0,403.10111535183796,0.3783471591931279,0.3114972965904823,0.16376000128491075,0.1463955429314793
403,403.0,404.1010934460056,0.380898194272748,0.31054481739554,0.16286607325902594,0.14569091507268633
404,404.0,405.10106279629645,0.3834067847861152,0.3093837359987554,0.16218488194329173,0.145024597271838
405,405.0,406.10102458359523,0.3856347042778282,0.30830133549351335,0.16174438511674555,0.14431957511191326
406,406.0,407.10097994632815,0.3870393369385796,0.3076768934092729,0.16162392429614103,0.14365984535600687
407,407.0,408.1009299733245,0.38842053504976104,0.30718309321270015,0.16126347133084534,0.14313290040669394
408,408.0,409.10087569788806,0.38965778065168,0.30669055187324457,0.16105487808821473,0.14259678938686116
409,409.0,410.1008180930163,0.39072875173883176,0.30611195668034263,0.16103989342901465,0.14211939815181135
410,410.0,411.10075806770163,0.3918427443007756,0.3063079315398107,0.1617030521401961,0.140146272019218
411,411.0,412.1006964642414,0.39288553113710095,0.30649817327908996,0.16243547805564562,0.13818081752816383
412,412.0,413.1006340564848,0.39344018451495355,0.3068457535016686,0.16340336200844058,0.13631069997493758
413,413.0,414.100571548939,0.3939908357090025,0.3067098831244991,0.16474144395651785,0.13455783720998082
414,414.0,415.10050957665834,0.39443740038545955,0.3066203854297676,0.1659953144289993,0.13294689975577384
415,415.0,416.1004487058392,0.39507020047743346,0.30607262211793534,0.167536018009942,0.13132115939468947
416,416.0,417.10038943504355,0.39557321173854243,0.30547396825203016,0.16915664186401907,0.12979617814540853
417,417.0,418.10033219697704,0.3959407111341859,0.30529688866073756,0.17050550789718427,0.12825689230789242
418,418.0,419.10027736074744,0.3959078987307263,0.30545669674972764,0.17176527819740564,0.1268701263221405
419,419.0,420.1002252345333,0.39563439626501196,0.30513930803789563,0.17371255153874943,0.12551374415834307
420,420.0,421.10017606859526,0.39493268742719123,0.30531067189114086,0.17544735616036972,0.12430928452129822
421,421.0,422.100130058565,0.39405607459988357,0.3056256082949115,0.1771429066661127,0.12317541043909226
422,422.0,423.1000873489522,0.3935315394559943,0.3060804016265348,0.17868696112192153,0.1217010977955494
423,423.0,424.10004803681113,0.3912418777758138,0.3075970415533626,0.18076644988952073,0.12039463078130287
424,424.0,425.10001217551604,0.3887131209442518,0.30963699619842555,0.18239387588593028,0.11925600697139234
425,425.0,426.09997977859535,0.38574527789268215,0.3117277393699116,0.18433741529603126,0.11818956744137497
426,426.0,427.0999508235808,0.38293417076592057,0.3136922654459703,0.18610155193087058,0.11727201185723857
427,427.0,428.0999252558318,0.3794048216974439,0.31612564942277,0.1878678259631472,0.11660170291663893
428,428.0,429.09990299229946,0.3759884229379621,0.3184281766701504,0.18958511853564733,0.1159982818562402
429,429.0,430.09988392519733,0.37237937974991536,0.3201592717690998,0.19165559554828848,0.11580575293269635
430,430.0,431.0998679255535,0.3689501951704797,0.32187493983812654,0.19298636288768836,0.11618850210370538
431,431.0,432.0998548466184,0.3656477411639424,0.32254527337586086,0.1950306693484948,0.11677631611170197
432,432.0,433.0998445271107,0.3625948946023541,0.3228843803627626,0.1969800047749249,0.11754072025995838
433,433.0,434.0998367942827,0.3597075039902695,0.3227948443586173,0.19882993369407298,0.11866771795704024
434,434.0,435.0998314667946,0.35736874853637957,0.3228198255965545,0.20084155178472932,0.11896987408233668
435,435.0,436.0998283573874,0.35534237742303737,0.3230361791483847,0.20256377549104818,0.11905766793752978
436,436.0,437.099827275347,0.35289834358474864,0.32315989855099314,0.20473419164486933,0.11920756621938895
437,437.0,438.10982802875725,0.3507813660145866,0.32319678795462853,0.20660657994634862,0.11941526608443628
438,438.0,439.11973042653887,0.34894661004159955,0.32228965911182594,0.20904011936014294,0.11972361148643161
439,439.0,440.1294452802769,0.3474584067159432,0.32125696497668166,0.2112439156721711,0.12004071263520408
440,440.0,441.1388941958384,0.3461133488243254,0.3202514012193184,0.2132736801874676,0.12036156976888873
441,441.0,442.1480092778854,0.3451855839320191,0.31810181162322904,0.2160432522013569,0.12066935224339508
442,442.0,443.16673275894885,0.3445605565680187,0.3145339736738455,0.22008275025160334,0.12082271950653255
443,443.0,444.18491656431644,0.34416654333868896,0.3108537882907567,0.22400153204682482,0.12097813632372965
444,444.0,445.20243282350407,0.3436960974200091,0.3050223741346039,0.230284362989584,0.12099716545580315
445,445.0,446.21917312853793,0.34313276433195716,0.2994806019101169,0.2363800030745873,0.12100663068333886
446,446.0,447.23504767178304,0.3430174770125979,0.29393541336483126,0.24218060833273453,0.12086650128983654
447,447.0,448.2499842839858,0.34283279788620674,0.2887414167489524,0.2474641534922644,0.12096163187257666
448,448.0,449.2639273921284,0.3425822552867761,0.28364447075514493,0.2528214337577496,0.12095184020032951
449,449.0,450.27683691553545,0.3420959582164082,0.27902997665785934,0.257852841656701,0.12102122346903159
450,450.0,451.2886871174465,0.3416567779265972,0.27477304634633704,0.26243192015411976,0.12113825557294612
451,451.0,452.29946542799195,0.3413340770912824,0.2709098139174172,0.26664065926375685,0.1211154497275437
452,452.0,453.3091712532029,0.34115097117206605,0.2673214509321127,0.27046343191601774,0.12106414597980367
453,453.0,454.3178147833608,0.3412143167390828,0.26435146134213394,0.2735292916160228,0.12090493030276057
454,454.0,455.32541581266923,0.34155801083519055,0.26127343921531027,0.2762961724842402,0.12087237746525915
455,455.0,456.3320025809202,0.3422388671901091,0.2583111209374296,0.2786565833696965,0.12079342850276499
456,456.0,457.33761064653686,0.3438687649006726,0.2560755967195523,0.2812312391792507,0.11882439920052458
457,457.0,458.34228179912645,0.3463191919227913,0.25378648804913356,0.2834503911158966,0.11644392891217879
458,458.0,459.3460630184658,0.34849821372533807,0.25192411612409227,0.28550077762431947,0.11407689252625046
459,459.0,460.3490054856866,0.3509202840186295,0.2500364355984482,0.28724370611975064,0.11179957426317189
460,460.0,461.3511636513284,0.353368390701346,0.2482503847647212,0.2886787071957272,0.10970251733820587
461,461.0,462.3525943638928,0.3556606996491379,0.24670589948761562,0.28999721111058885,0.1076361897526579
462,462.0,463.3533560615618,0.35735967065401014,0.24533175466400198,0.2917400085328131,0.10556856614917495
463,463.0,464.3535080288483,0.3588018230205456,0.24418091710743345,0.2933358973882072,0.10368136248381392
464,464.0,465.3531097191176,0.3601885279131787,0.24315417520951504,0.29464471320793173,0.10201258366937471
465,465.0,466.3522201431688,0.3619234281225946,0.24177909960700242,0.2957976988272437,0.10049977344315941
466,466.0,467.35089732338326,0.3636934106769744,0.24041118974948655,0.2967161812877443,0.09917921828579487
467,467.0,468.3491978123424,0.3653682743622376,0.23938363740414031,0.29721946050190673,0.0980286277317155
468,468.0,469.3471762742822,0.3671167243589597,0.23801562521598896,0.29780761397863076,0.09706003644642078
469,469.0,470.34488512728524,0.36848927587150515,0.23665771276488942,0.29816023362246463,0.09669277774114093
470,470.0,471.3423742437151,0.3698407486347426,0.23524410336434742,0.2983812643288222,0.09653388367208784
471,471.0,472.33969070606486,0.3712624277723051,0.23366544012144225,0.29858136046242784,0.0964907716438248
472,472.0,473.33687861511896,0.3724218519816004,0.2325815284402334,0.2983151343510895,0.09668148522707676
473,473.0,474.33397894711646,0.3736995751094963,0.23181375128376575,0.29770527498602994,0.09678139862070802
474,474.0,475.33102945644305,0.37498219521973186,0.23025736164390684,0.29791726526904133,0.09684317786732007
475,475.0,476.3280646202725,0.37525904430910745,0.22889346549272283,0.2988313935383173,0.09701609665985252
476,476.0,477.3251156215164,0.3736899573783405,0.22798872925384273,0.30115452951902716,0.09716678384878971
477,477.0,478.3222103664206,0.37204713443798176,0.22682368530375277,0.30379845403186423,0.0973307262264013
478,478.0,479.3193735331703,0.370456613283088,0.22659149855704955,0.3054922861745284,0.0974596019853341
479,479.0,480.31662664791327,0.3688949173579276,0.2264612943206306,0.30697738683137227,0.09766640149006954
480,480.0,481.3139881847028,0.3673736480531103,0.2262936554504443,0.3084130187925484,0.09791967770389703
481,481.0,482.3114736859664,0.3656925060870343,0.22624733615487502,0.30988716328974464,0.09817299446834608
482,482.0,483.30909590024396,0.3640293697902629,0.22627550678532998,0.311188199354025,0.09850692407038217
483,483.0,484.3068649340913,0.3624754609284343,0.22631839352748354,0.3124212379971198,0.0987849075469625
