,Unnamed: 0,Generation,Intertwine_two,Add_vertex,Delete_vertex,Invert_path_vertices,Insert_inside_vertex,Delete_inside_vertex,Replace_inside_vertex,Donate_between_routes,Trim_one_terminal_cb,Grow_one_terminal_cb
0,0.0,0.0,0.09999999999999999,0.09999999999999999,0.09999999999999999,0.09999999999999999,0.09999999999999999,0.09999999999999999,0.09999999999999999,0.09999999999999999,0.09999999999999999,0.09999999999999999
1,1.0,1.0,0.10773618618377896,0.10022315523104317,0.08606910043295972,0.09559047460976713,0.10112054356200291,0.1079019358334167,0.09836964824444976,0.09337148051060132,0.10523827588438847,0.10437919950759174
2,2.0,2.0,0.09923328101845227,0.08973965194598962,0.08898706112159142,0.1018765201626807,0.09843769570163231,0.11005782828333636,0.10590829875756111,0.09490859131549491,0.10162414253276716,0.10922692916049401
3,3.0,3.0,0.09935915375123672,0.09902357414681842,0.08843525056062111,0.1013071509278584,0.09065108254557279,0.10352372379136487,0.09957934668365587,0.09745058387379459,0.1155843772398248,0.1050857564792524
4,4.0,4.0,0.09384358425461603,0.09686903125974868,0.08620800856675617,0.10050772419273168,0.0957281215568624,0.10759333014731595,0.10281380424045701,0.09649905461701838,0.1163356967397889,0.10360164442470472
5,5.0,5.0,0.11133444065892537,0.09736112455243569,0.08229267671470683,0.10440104167333222,0.09816562015515701,0.11003376492391848,0.10085459086994093,0.09490054108386094,0.10100078075014696,0.0996554186175756
6,6.0,6.0,0.10051428009517768,0.09189523582480756,0.08208116793470946,0.10049345579314599,0.0963151468535355,0.11427269859921463,0.09326003727317803,0.08955538766622592,0.11835286300580838,0.11325972695419673
7,7.0,7.0,0.08967952310538864,0.09316686708504077,0.08618815658105038,0.11233241694207823,0.08436279710638951,0.11134136340442842,0.09794124635724075,0.09743798037359444,0.11256496046906336,0.11498468857572537
8,8.0,8.0,0.09088136159039639,0.10730691090172342,0.09089381356172892,0.09892009944651683,0.08793514915176574,0.11469975923688738,0.10260733867216783,0.08788580164045001,0.10957866684602757,0.1092910989523358
9,9.0,9.0,0.09646557058506393,0.0971239169888082,0.0703464932159838,0.09913285514027885,0.0965708510991766,0.12915855974105173,0.09376562261591832,0.09043663505628256,0.1174436623658115,0.10955583319162446
10,10.0,10.0,0.09638680754781007,0.10111052877786597,0.08320438393811287,0.10492248710575611,0.08009020322916133,0.12252198294395658,0.10424999053833664,0.07212653038037656,0.1176846121129905,0.11770247342563331
11,11.0,11.0,0.08918006469454524,0.0977969520026604,0.0881455427159174,0.10081711899969384,0.09960894078837303,0.11473178894409,0.10197578990903396,0.08559205693658262,0.1169982511991166,0.10515349380998693
12,12.0,12.0,0.0966935086624809,0.09772936507372361,0.0851546747807851,0.10393994095778827,0.08420432923690477,0.1264300678529336,0.09437954436567608,0.08145435859323677,0.11610456409459272,0.1139096463818781
13,13.0,13.0,0.100072360956918,0.09936900607319335,0.08467931932406478,0.10418489381315207,0.07661212298874039,0.12126801137177338,0.08703224937881195,0.08803632480493125,0.1300661183412729,0.10867959294714194
14,14.0,14.0,0.09440026394263992,0.1043128909718336,0.09346694581681811,0.09154099979699618,0.077690497005673,0.1259586162384571,0.09191450130578534,0.08644249582371114,0.12159270225587673,0.11268008684220883
15,15.0,15.0,0.09990933186406253,0.11331374885747769,0.08146345239949584,0.10795773966709768,0.07069152872685985,0.11077176402084439,0.09751989475814873,0.08400461867677647,0.12519754940917374,0.10917037162006293
16,16.0,16.0,0.09154363345250159,0.09000517878961162,0.07260143218340223,0.10126920664903931,0.08160096640802385,0.12737079935274534,0.08756586188815046,0.08571891679336717,0.13404835762844888,0.12827564685470955
17,17.0,17.0,0.0984498773379672,0.08919772113286366,0.08273664662307859,0.0964443485853222,0.08025092789047965,0.1226325508963689,0.10149049380030375,0.09839337356544925,0.11526718261885564,0.1151368775493111
18,18.0,18.0,0.0861819524541477,0.11321171619253123,0.08166519630926637,0.09923570654277741,0.0742308991182308,0.11744415181173644,0.090271008426757,0.08484018589709112,0.13521473855068958,0.1177044446967723
19,19.0,19.0,0.10300960036017241,0.09848359851252399,0.09298759744989134,0.09700104433819257,0.0747428341013676,0.12390982405393151,0.08374456097562033,0.09135877326058875,0.11518176973637326,0.11958039721133815
20,20.0,20.0,0.09480414317258104,0.09382602470671124,0.10199879296633436,0.0880816831767328,0.07750964242958283,0.11940849628473053,0.09463174608454686,0.08021551625247529,0.13669816945021346,0.1128257854760916
21,21.0,21.0,0.08777328321661827,0.10138616356662082,0.073159527117416,0.09481889006337116,0.08112388036363988,0.12682164810136776,0.09370430173253888,0.08408729970693701,0.14089203403700024,0.1162329720944899
22,22.0,22.0,0.09575547208715064,0.09031086618085071,0.0856738055609814,0.10970185458371604,0.07095198411245537,0.11436397719726119,0.07521597959786815,0.09415944876274027,0.140410284597907,0.12345632731906916
23,23.0,23.0,0.10726346689416419,0.09184421671501086,0.0908704820074928,0.09577998007877728,0.07961931406960154,0.11717167854490015,0.10075678367664676,0.08350129077101426,0.12395359646011181,0.10923919078228025
24,24.0,24.0,0.0938479925672637,0.10167290171587755,0.08410299247833658,0.09107117672456354,0.09609938498866259,0.13511629092289298,0.07963185580654542,0.07541245434971296,0.13193687692627257,0.11110807351987213
25,25.0,25.0,0.09160315959644652,0.10649124797120062,0.08480773996313577,0.1006535572747023,0.06875450227318133,0.1267450333895162,0.08898230185381759,0.08247674060260281,0.13153024273597036,0.1179554743394265
26,26.0,26.0,0.09984834793366787,0.09513246573008935,0.0873759831499626,0.10354958099583426,0.07522351649019324,0.11778262723960595,0.0969336088902076,0.06848950221875275,0.1349799558623475,0.1206844114893388
27,27.0,27.0,0.10039963362012172,0.0936786029270989,0.07627208464366468,0.08805643568003811,0.0976788229022811,0.11186489490699807,0.08830219903663412,0.08687333373082254,0.142152259572264,0.11472173298007678
28,28.0,28.0,0.07919071197422492,0.09936789514407747,0.08954903711057802,0.1116894367347683,0.08721297671442954,0.11931638771643818,0.10298753799189489,0.0773040281907389,0.13023745329642736,0.10314453512642241
29,29.0,29.0,0.09203039303148955,0.09618333824927627,0.09457540079422229,0.10562244500654597,0.09105506322697807,0.1239557977378581,0.08916041764206926,0.07395845918918341,0.11819490352366664,0.1152637815987104
30,30.0,30.0,0.08937987374435052,0.09476583165681726,0.07640903163610953,0.10574253991560956,0.07685916943440388,0.12703118196190985,0.07839079076300888,0.083300964212536,0.1413046568310985,0.126815959844156
31,31.0,31.0,0.09384684154189135,0.11598403939891493,0.09196129796851321,0.09363246926636787,0.06305408935424837,0.12076428654685752,0.085785955966351,0.08450100575096084,0.13257227445355454,0.1178977397523403
32,32.0,32.0,0.10718575703777271,0.0983979724523629,0.09196875330924378,0.08737726308477152,0.07663308504184892,0.12430602258203147,0.09418463793143579,0.07410403765688353,0.13727367534064586,0.1085687955630035
33,33.0,33.0,0.10366922385542307,0.10971261755542994,0.09101745811013298,0.10430312285187673,0.07037495553004477,0.12336558055175935,0.08409050466823458,0.07649205463728619,0.13637202738131746,0.10060245485849488
34,34.0,34.0,0.08855588734236565,0.09508206132233465,0.09861075189303606,0.09005928740698962,0.07548511762875484,0.1282962674660475,0.08222413213887145,0.08631875223405772,0.13467393031208794,0.12069381225545447
35,35.0,35.0,0.08469963141157336,0.10129424003143091,0.10658186514448986,0.11019206577340016,0.07006930575527762,0.12204362722311682,0.08723841152132994,0.07742860555616052,0.12339792249143955,0.11705432509178126
36,36.0,36.0,0.09021500450157369,0.10319351348052004,0.09150891712712297,0.09473638681433201,0.06501285822280116,0.12405238733832284,0.08968914007502526,0.07051404699858335,0.15045985899200487,0.12061788644971379
37,37.0,37.0,0.10619932702038422,0.10436201531859705,0.09094663578306225,0.10301460405443756,0.07473649014159214,0.11484862902858846,0.08757698506788351,0.07277097206675355,0.1309698483247734,0.1145744931939278
38,38.0,38.0,0.10390429064885238,0.10406170284174651,0.0818845119941354,0.10036232930325346,0.06939826515604866,0.12773920482265366,0.06952971319759729,0.07813809084591743,0.1347174200594103,0.1302644711303849
39,39.0,39.0,0.0897560009026066,0.09299258830251145,0.09918002179137038,0.09022320790746494,0.07715107863332822,0.1430463344219297,0.08584527982928578,0.08283903585456988,0.12372338125229014,0.11524307110464287
40,40.0,40.0,0.09577625107182502,0.09819906422076682,0.10297149365865063,0.07982552047553042,0.05966761403018965,0.11945374936451718,0.08381278147600327,0.08530111518407109,0.15280422789505368,0.12218818262339215
41,41.0,41.0,0.09353756714924401,0.0920321979445377,0.10489823354301811,0.09789682890526155,0.07483200602354519,0.12341869019335763,0.07722102065365617,0.07542007555977795,0.13995181160143055,0.12079156842617107
42,42.0,42.0,0.08964920105577771,0.10519999896151873,0.09928242616482898,0.09782076700400676,0.07376228173989699,0.1297358649406976,0.07617865379595484,0.07875006489051632,0.1395137868015911,0.11010695464521088
43,43.0,43.0,0.09239558692743795,0.1032504331447025,0.10024992574252015,0.09803349244614878,0.06597076899695102,0.12779434529830908,0.08386719732398201,0.06670474990882976,0.13018639892021824,0.13154710129090047
44,44.0,44.0,0.08327669838943585,0.09848866927172603,0.09123250480397782,0.098318403029331,0.0741760848012438,0.13854945307462288,0.08785373549586957,0.08333632776132423,0.13802884393049217,0.10673927944197659
45,45.0,45.0,0.10289279085844309,0.0961387329098735,0.08788847227061213,0.08428569774441316,0.06734712316489982,0.12710223400260545,0.09064947155699352,0.08568354020659494,0.14458430300486813,0.11342763428069622
46,46.0,46.0,0.10779658142992521,0.10321074650313196,0.08748998511205795,0.09932469638080157,0.06589427245830223,0.12625356651145342,0.0950922324822899,0.07377968587194833,0.1219607382737117,0.1191974949763777
47,47.0,47.0,0.09125374727925532,0.10769671872009345,0.08284345864916591,0.08803601326484464,0.051838672585286204,0.13917821284113224,0.08955207747109849,0.06900966616835394,0.14499230756641607,0.13559912545435363
48,48.0,48.0,0.08320130905305735,0.10169571166204787,0.10679676370743389,0.11076052430354064,0.07136876141674499,0.11783718234332834,0.07698912327180696,0.07600024286047609,0.1451385242349489,0.11021185714661494
49,49.0,49.0,0.08926930716696782,0.1104027146059546,0.08944907324596388,0.08697829806461217,0.07351171034449765,0.12499915673113186,0.08250330723570541,0.0846960894197194,0.13025191090786709,0.12793843227758014
50,50.0,50.0,0.0883294925521064,0.11534051060287391,0.09806216268152981,0.09649441219434993,0.05934490760570009,0.11521385684189973,0.07354902120456352,0.07316837560161252,0.15974078033127248,0.12075648038409155
51,51.0,51.0,0.09364942025899411,0.10476796282855523,0.08946381367821968,0.10675188816198555,0.06949346395360481,0.11449671657299001,0.07947454551020419,0.08235338747369647,0.14404246149298308,0.11550634006876681
52,52.0,52.0,0.08596728081520176,0.09428218251429137,0.09666613110906207,0.08493251072847223,0.07757205117581435,0.12532990316970652,0.0847941999074503,0.0833447243900913,0.14336646550163673,0.12374455068827336
53,53.0,53.0,0.0736963231232057,0.11585659494129719,0.1080841400987032,0.08264329862202643,0.06148240390818949,0.1343493606509844,0.08380033767308605,0.07578276625301522,0.1377513784183538,0.12655339631113846
54,54.0,54.0,0.1051715380270267,0.10407906171178996,0.09377707454059603,0.08121401692660954,0.07426290688425563,0.12802180938886423,0.07913939117060066,0.07653561649009964,0.14822268609371686,0.10957589876644074
55,55.0,55.0,0.08366754731213635,0.1088674696650126,0.09523570718803351,0.10204558389189486,0.07263535366844051,0.127862273816633,0.08871602076217192,0.07247335538785349,0.13320232917487135,0.11529435913295241
56,56.0,56.0,0.08524532304293572,0.11051300725150479,0.10013224496763448,0.08235405099204911,0.06309675048970378,0.12058905072866044,0.08771425477420125,0.07089994383394452,0.15138306320299322,0.12807231071637265
57,57.0,57.0,0.0957468449893025,0.09436938789270255,0.10949999955856282,0.08866866822142651,0.060958551663715145,0.14737677548463704,0.07574751200630978,0.07307059561424048,0.13548546390812183,0.1190762006609813
58,58.0,58.0,0.09577213134528792,0.09532151599595375,0.10125223253236004,0.0851559638541185,0.06668687541091643,0.13621122898736068,0.07654794439563074,0.08860673610862074,0.13950711903731472,0.1149382523324364
59,59.0,59.0,0.10364154068151306,0.11735442101750079,0.11754311668180004,0.0761984449835812,0.06446346014933538,0.12210630300218239,0.07533358674172502,0.06812321418312553,0.14808140793040375,0.10715450462883272
60,60.0,60.0,0.07938696881322989,0.10679667749463506,0.11700454148937678,0.09027903318928598,0.05861080725582561,0.12142963833006168,0.07793887636683115,0.06628873425200106,0.14970465775421843,0.13256006505453427
61,61.0,61.0,0.09270985428993013,0.11464780260368827,0.09373821170677302,0.09609290051135592,0.06174786795024225,0.13640196592039097,0.07880867337014157,0.06480209900389101,0.13945705330775734,0.12159357133582945
62,62.0,62.0,0.08083695195106451,0.10618104654712764,0.09920976435731088,0.07616355062674673,0.050784610513627614,0.13393612941192318,0.08046033833386665,0.07140636980715029,0.15838111366544566,0.1426401247857368
63,63.0,63.0,0.09540286062430595,0.08115434560934193,0.10011082256798756,0.08985345237359045,0.06283893294750517,0.12692979654933262,0.08591789007027142,0.07144893962645545,0.15781453607520227,0.12852842355600713
64,64.0,64.0,0.07743247206848197,0.08725146963241366,0.10070951183293345,0.09155021122665664,0.06017498038322152,0.13214681139903844,0.08005069450098042,0.08812987747959897,0.1496666343939395,0.1328873370827354
65,65.0,65.0,0.08768396288783524,0.09604604549465792,0.1143070192092382,0.08506431903889891,0.0644661836622836,0.1270804298772988,0.09912500209669509,0.071387065888054,0.12633594604292758,0.12850402580211062
66,66.0,66.0,0.08112579747130844,0.10152560740085152,0.10200664931907204,0.09558264246996746,0.057214294407657885,0.12646523489081427,0.09877097698911996,0.06468285641552714,0.1370060913399846,0.1356198492956966
67,67.0,67.0,0.07388608052932984,0.10917403842036888,0.11165884681827584,0.09005824956657175,0.07006546470905234,0.13186732674855792,0.0909309083625117,0.07422368162470627,0.13532184957856006,0.11281355364206529
68,68.0,68.0,0.08014878159114679,0.10742829928980566,0.1004525919523882,0.09785376680251094,0.05897578479617325,0.1258375578345223,0.07903520150998614,0.07550768340264044,0.15504907186087605,0.11971126095995019
69,69.0,69.0,0.07647058190033242,0.10221720613938742,0.1051810036104411,0.08650075840456178,0.06731355138538013,0.13327843734179812,0.07209811629767057,0.07237269464007504,0.1352404340933751,0.1493272161869783
70,70.0,70.0,0.0926195406829725,0.10067221165347148,0.09480393093045365,0.11324079188055206,0.06471267910285614,0.11425803370633678,0.08082991388923046,0.0838516519616066,0.14024301221249172,0.11476823398002853
71,71.0,71.0,0.08017570811626681,0.10599860652667377,0.09852619842297847,0.10379628544928698,0.06197419757402793,0.13897549737567585,0.09203497621732373,0.05861384166322473,0.1447924538421719,0.11511223481236985
72,72.0,72.0,0.07682422616021709,0.10764025137542459,0.1114710440744175,0.087086016338109,0.06913891089735716,0.12949579590009022,0.07801844632727181,0.06901755345101732,0.13692156805187522,0.1343861874242201
73,73.0,73.0,0.07509047905693224,0.11533884760277546,0.09717116892876951,0.09723190589806477,0.06604701702914823,0.12230920906190064,0.09263684791507013,0.08557229438896004,0.12383031295657418,0.1247719171618048
74,74.0,74.0,0.10332351814136484,0.10545581729019896,0.09963518306678813,0.08691824243043507,0.07810473559969977,0.10847606616941372,0.08445180266498543,0.08787229547477608,0.12323909814501707,0.12252324101732086
75,75.0,75.0,0.0764980927433086,0.1103246165903929,0.10674741456890025,0.08803477152025571,0.06130158300820774,0.12475731149243138,0.08310110918204136,0.07269413949977889,0.1364818819719868,0.14005907942269638
76,76.0,76.0,0.07697964693646739,0.10450453466548844,0.11319404095875252,0.0928999638139764,0.05360078395727843,0.13586657277217234,0.07349961473544546,0.08072472238978608,0.14748584222245628,0.12124427754817654
77,77.0,77.0,0.07322972584893292,0.09702620577068369,0.10704853726364513,0.09573823869250303,0.05585146998640524,0.14553946083859223,0.08395148717434733,0.08557782349140193,0.15235583422031124,0.10368121671317718
78,78.0,78.0,0.08996617555023968,0.10318247548111852,0.09865511471010927,0.09565694718832032,0.0749537953501051,0.11824315552220362,0.08842878127832923,0.07080249727677353,0.148614596640778,0.1114964610020227
79,79.0,79.0,0.08158867688607241,0.12534849112889596,0.10879687890283643,0.08700828433135331,0.06313579716016605,0.12554969094147955,0.07605096526498731,0.06697737891242643,0.1381237512352293,0.12742008523655324
80,80.0,80.0,0.09780011938513626,0.10863133239300522,0.08545065674040188,0.086919232420458,0.07093238613099984,0.12764780565864375,0.09085682690654556,0.08802374108168404,0.13797186221636598,0.1057660370667594
81,81.0,81.0,0.09512570584878599,0.11056340170371703,0.08469770842075597,0.08569632444497677,0.0684739155160152,0.12744533335241032,0.09325901063170766,0.07225704261084313,0.13402664341316045,0.12845491405762738
82,82.0,82.0,0.0907666921493778,0.10673952522808161,0.11187469329850805,0.09000495182281845,0.048437549012868994,0.11816976927395492,0.08427395546048541,0.0601984656971444,0.1419581342680191,0.14757626378874128
83,83.0,83.0,0.11079813062989079,0.10719332852556865,0.08417880200136399,0.08460566256339966,0.06829796923397521,0.12887492504490164,0.09048176080276789,0.06481294207636311,0.14897360019468064,0.11178287892708841
84,84.0,84.0,0.08143429528916193,0.10346218047228257,0.10287607692894167,0.09722697321196343,0.052960957444636234,0.12307428952669738,0.07421709944811863,0.08357926319454545,0.15082461838141978,0.13034424610223289
85,85.0,85.0,0.05942288726993825,0.1135886275965523,0.1055958856993678,0.08358515126418818,0.07838042237609952,0.13634354731109516,0.08931198100585461,0.06895929835320315,0.13887345358670405,0.12593874553699694
86,86.0,86.0,0.09153920282147782,0.11660646189523971,0.09281782225562325,0.08841666205764906,0.06724850453065641,0.13236250869228638,0.07719385227292967,0.07408986901216781,0.13900103473512057,0.12072408172684923
87,87.0,87.0,0.08714107186398727,0.11357553567309268,0.11429392714222215,0.08391676534274525,0.07345095162866004,0.12876948934821192,0.08270296630797193,0.05911568562792742,0.14018166902561865,0.11685193803956259
88,88.0,88.0,0.08609495583639862,0.11445050575807611,0.09210795613310778,0.10010182028032373,0.0659288913074492,0.13499761870219468,0.08303712268267119,0.07121150086081753,0.13421717792894752,0.11785245051001354
89,89.0,89.0,0.07205044160916865,0.1140325317675311,0.10096770498032684,0.08859299490300807,0.056816383999051034,0.12863609389178857,0.09232103943760601,0.07773002069370694,0.14721839546608972,0.12163439325172302
90,90.0,90.0,0.08530651443241145,0.10089953290862816,0.08716926502855235,0.08048255283962485,0.08430712326809352,0.12688180926610282,0.09509842571563716,0.08036630054614903,0.14356986890498405,0.11591860708981656
91,91.0,91.0,0.08288527474151929,0.12308046132762884,0.09105903365203429,0.09113976685450657,0.0694874770306613,0.12917556025399132,0.08375058216856342,0.06663380774023706,0.14122237179958877,0.12156566443126908
92,92.0,92.0,0.09171474926338678,0.11340975782554177,0.09222967159282762,0.09108707920187274,0.07311265857571438,0.12382286317168631,0.09063300195568429,0.07849235642448243,0.1335373026844296,0.11196055930437401
93,93.0,93.0,0.07521646352999792,0.11595576745899143,0.09375512805141652,0.09317919238703806,0.06332474789840901,0.12520390207136994,0.08803250064273684,0.08041140858317926,0.15035948630879714,0.11456140306806392
94,94.0,94.0,0.07373979772463501,0.10434449156255354,0.10261811792640008,0.0930943013225897,0.06451399394360809,0.10799893946595784,0.08534697884653507,0.09145864737584382,0.14271590455384023,0.13416882727803658
95,95.0,95.0,0.09278973929399112,0.10711498322284155,0.10584267932366509,0.08357304039144023,0.06811168295222826,0.127629952581011,0.07495518393379591,0.07874768328618868,0.12129511239389686,0.13993994262094128
96,96.0,96.0,0.0891387592439187,0.1260428160569375,0.1001023893984819,0.06853637258053455,0.0640709067476741,0.12032526117212197,0.10001906038105102,0.08144643129572461,0.12356019496687717,0.12675780815667842
97,97.0,97.0,0.10385403146533753,0.12400912012534815,0.09642367875146236,0.07669832285744924,0.05232793479612876,0.10999753820085176,0.09376115540513164,0.08387020343711714,0.1263719257502718,0.13268608921090158
98,98.0,98.0,0.08127033493038913,0.1184701770897468,0.09759658119770236,0.10928025301989326,0.07129549217662139,0.11936041803761983,0.08773397239754803,0.06794643175518678,0.1363278502269919,0.11071848916830045
99,99.0,99.0,0.08811219868919089,0.13285250991878575,0.0856376958897213,0.08705801004190758,0.0661220119588646,0.10748495670697741,0.09363384666212815,0.06484355843286434,0.14191533815238735,0.13233987354717264
100,100.0,100.0,0.09512897160589374,0.10828037922518607,0.09902837449515002,0.09319018721273498,0.062343167534240254,0.12090497129024183,0.08108195039921111,0.07097559608762104,0.1409727715746915,0.12809363057502948
101,101.0,101.0,0.08512162656049242,0.09965880514657553,0.11914565890344939,0.08350133933560697,0.06668293323985144,0.12853819323937385,0.07669574593514167,0.08118358087787025,0.1278599090152696,0.13161220774636878
102,102.0,102.0,0.09759761783955473,0.11227241957519704,0.08815955081340682,0.09208051801497182,0.07239983495509786,0.12763364935149427,0.08555306793954516,0.06819785245301695,0.14495765101232724,0.11114783804538805
103,103.0,103.0,0.08695571834777323,0.12252540294378993,0.09363951380585113,0.08052735777411987,0.057117934512689206,0.14170829518825587,0.08856877413740057,0.06509141847960939,0.13686623962993305,0.1269993451805778
104,104.0,104.0,0.0722404913502354,0.09774462995223394,0.10736564392614587,0.1146131768131381,0.06853979030310793,0.11610462278611713,0.0989047742559203,0.06538769958311914,0.1332365257261727,0.12586264530380945
105,105.0,105.0,0.09999109758753019,0.10874570511628279,0.109023971412506,0.09850038431185244,0.055501952895522746,0.11820407271284612,0.08715990108796712,0.061806529972542226,0.14073705477579349,0.1203293301271569
106,106.0,106.0,0.08573622935130779,0.11162578405661616,0.10322154357537942,0.0842161634508449,0.07313433580332965,0.12286767371215297,0.0652246164569497,0.07441371544329352,0.13957107163305804,0.13998886651706777
107,107.0,107.0,0.08648115246124179,0.11424801309716917,0.10688937035353999,0.09332369832411622,0.050091286669552,0.12845581113711954,0.08068111871500074,0.08602679963975934,0.1350642844941786,0.11873846510832257
108,108.0,108.0,0.08600801148934702,0.117578159816913,0.09292534347618331,0.08479725780791186,0.0694449837838443,0.11937142999197728,0.0845403671229982,0.07714756391001466,0.13210909247738326,0.13607779012342708
109,109.0,109.0,0.08949549556082012,0.10241347677883539,0.1103804995044256,0.07665661656280673,0.07610697392955079,0.13591644727790733,0.0696960660587277,0.07184688319181795,0.13781450059620437,0.129673040538904
110,110.0,110.0,0.09117833207549121,0.10264569276189457,0.10491092667771607,0.0873488322144214,0.060147574437168394,0.11993740895376645,0.0939352079656629,0.06791315246008403,0.13286158227768347,0.1391212901761114
111,111.0,111.0,0.09853379695640628,0.12270959262573551,0.11242076781399997,0.08049432334724715,0.054220324348698515,0.1279527173076181,0.07080945762212834,0.07999287551106274,0.12428122259332748,0.12858492187377585
112,112.0,112.0,0.082865209457985,0.11954394185086784,0.10670288233296991,0.06576176041560114,0.05218815502251647,0.12616169825408233,0.09783845867700798,0.07545090528421786,0.13724036976183904,0.13624661894291232
113,113.0,113.0,0.08186046323669882,0.10081917422790368,0.10311632792430972,0.09152700063719081,0.07261610875771538,0.11787598608856978,0.0879146888646746,0.05803955836615175,0.1560143622999801,0.1302163295968053
114,114.0,114.0,0.07830643015054567,0.11028852663836468,0.10517360744091005,0.08752054925258053,0.06042870341897202,0.14723884399411738,0.09388329499191335,0.06567903105702183,0.13699334728596718,0.11448766576960726
115,115.0,115.0,0.08995057588273073,0.10120268619885384,0.1005487595533922,0.08812041877300815,0.07178536776131025,0.12892069951752347,0.07497173768462684,0.06351493213109691,0.14473388588475664,0.13625093661270088
116,116.0,116.0,0.11282902240445399,0.11726804530302878,0.08957993288323829,0.08087792385086372,0.06086656891939797,0.14302023221560836,0.07490944683851922,0.07000365751987843,0.142211548127617,0.10843362193739421
117,117.0,117.0,0.0988267683195855,0.09840058278273098,0.08082741620827325,0.08595025107920672,0.06635600674954882,0.1299796062119039,0.08961321448291114,0.0677997755392303,0.1500385201022548,0.13220785852435454
118,118.0,118.0,0.07972297785092755,0.11279709659341672,0.10406522443812682,0.0991731689240559,0.04944383089625341,0.12538876147371847,0.08469857162505542,0.06710165539648646,0.1368428986994701,0.14076581410248912
119,119.0,119.0,0.09861025535006059,0.10235798653862047,0.1083242095979386,0.091433330688684,0.07752084831377783,0.11698341265304162,0.0724181181216231,0.06731854914809754,0.13343722531985483,0.1315960642683014
120,120.0,120.0,0.08635914108673758,0.11211173522519738,0.09841734070385341,0.1107343864514027,0.07817786188997386,0.12107414160010936,0.06748290421672898,0.07651928572895325,0.14025725269281925,0.10886595040422427
121,121.0,121.0,0.07974418911236499,0.13211505804653695,0.0932453794804873,0.09559567787334185,0.06529272586852546,0.1141952991384132,0.08538957756334735,0.06573306361302653,0.15033804784970803,0.1183509814542483
122,122.0,122.0,0.10198655191669519,0.09259327812321236,0.09834431754529753,0.08633260090386213,0.0735867344541892,0.13677062737242524,0.07916952138218544,0.07105010327023346,0.1457747184493593,0.11439154658254007
123,123.0,123.0,0.08339389340822403,0.11443999092896498,0.10273327965441921,0.09352992395962334,0.06561380587817853,0.13776596244119033,0.08078686801093884,0.04666850301922143,0.14931474190902452,0.1257530307902147
124,124.0,124.0,0.08629477741721214,0.09418252008193286,0.11143758531202048,0.09628635019644444,0.07529869119947553,0.131195287350712,0.08685382495780979,0.06847101128097462,0.13416985842051168,0.11581009378290641
125,125.0,125.0,0.08648140920934141,0.12364069383583227,0.10117065677471049,0.08413139267759094,0.06687121793192984,0.12366272358942351,0.07291354551650268,0.053983946756159154,0.16873378351024637,0.11841063019826326
126,126.0,126.0,0.09334343237559567,0.1268133945991215,0.09655702646830053,0.08556937890518473,0.08071479046018734,0.1066489491973387,0.07142534444153778,0.06945500870567407,0.15503662510693217,0.11443604974012751
127,127.0,127.0,0.0891152022439555,0.12569207000235766,0.1114333795781159,0.08860656338949988,0.0668403597348236,0.11553298528809663,0.07603384750892471,0.048683490468049484,0.15164347908273818,0.12641862270343837
128,128.0,128.0,0.07324904107721615,0.11032372054919752,0.10720200583822373,0.06906520663504245,0.054881716693849426,0.10822043073300314,0.0978501605015379,0.085892383005062,0.17232578344369642,0.12098955152317126
129,129.0,129.0,0.08807648501616414,0.1210599633210544,0.09100228499716093,0.07948234260581824,0.06970945011738158,0.12343614722332472,0.07856146612236077,0.07951554471322536,0.14220558826779034,0.12695072761571946
130,130.0,130.0,0.09178399228687928,0.12039918462777748,0.08115892746060066,0.08960209604650829,0.07873769699261031,0.13412399854899343,0.08113925816597142,0.06768938816202778,0.13414003622320045,0.12122542148543088
131,131.0,131.0,0.0812559019614569,0.1037258090128554,0.09022461102667503,0.09088579291501109,0.07929408609395683,0.130774626498283,0.07536653476078713,0.06523839904852463,0.14745971380949358,0.1357745248729564
132,132.0,132.0,0.08222560695059906,0.09953872907360237,0.10648522114675721,0.11039369627069773,0.07268936541256071,0.11870792736345004,0.08767254981166091,0.06670676372489023,0.12657103966740288,0.1290091005783789
133,133.0,133.0,0.0758373475943376,0.10402562317834212,0.12077527450553735,0.09769127018810601,0.055322977141865945,0.11414101834655414,0.08943389302072352,0.06392580533935706,0.15846241154938367,0.12038437913579254
134,134.0,134.0,0.0939802647998076,0.12346151352053743,0.09965851524246142,0.09793331449960113,0.06112790963753264,0.11558216313134335,0.0743087392290142,0.05894291663244733,0.13570435954784998,0.13930030375940486
135,135.0,135.0,0.08966926028237894,0.11289067361529281,0.09533214046125693,0.08984436999090413,0.04945459107791467,0.13794064939392633,0.09386189981747797,0.07151365479790703,0.12955979984969998,0.12993296071324117
136,136.0,136.0,0.08635612701203534,0.1220030654998551,0.09022087030911022,0.0963745756977473,0.06398448426897244,0.12188649032224244,0.08555892182897144,0.06486457375958687,0.13928289314793804,0.1294679981535408
137,137.0,137.0,0.10507048830531537,0.12194172618537232,0.0925784251997949,0.08460637308673216,0.06589914702372389,0.12666499326601413,0.06975024774116172,0.07700501148464775,0.12308208008723345,0.13340150762000424
138,138.0,138.0,0.08307623399891785,0.08864824400902091,0.09862526207029605,0.09056031670370546,0.06142237033175478,0.12158264349219947,0.10782282821988735,0.07444193504151475,0.14725546910681142,0.12656469702589188
139,139.0,139.0,0.10121081891935939,0.09676829665115005,0.0885872304804219,0.09682621154561338,0.05511938467625489,0.12181750258773134,0.08933182798425202,0.06583542046378037,0.14431551235230766,0.14018779433912903
140,140.0,140.0,0.08267646350440767,0.14408753303420993,0.10979182366339872,0.07878083304870694,0.058391267762334484,0.14061185220215772,0.07109917363982668,0.06257830552796466,0.1295270680652318,0.12245567955176133
141,141.0,141.0,0.10464720348334138,0.11944036896546191,0.094362985615252,0.08651899688483786,0.05059014828714727,0.124425567954301,0.06793552319725447,0.07445415111366484,0.1542173194822272,0.123407735016512
142,142.0,142.0,0.09381028193996335,0.1157241244367266,0.08844088802767233,0.08763326135997809,0.04405100363212525,0.11954229990870271,0.0836907300898045,0.08238652139679047,0.1635520496859989,0.12116883952223778
143,143.0,143.0,0.09412937465096294,0.10785621727479269,0.10392061575286889,0.10095804786767207,0.0529352618963525,0.1280511561713731,0.09514742250766421,0.06465972791264188,0.1289171275943159,0.12342504837135579
144,144.0,144.0,0.07408027529387065,0.11232138090353652,0.10298448424896786,0.1035852977591146,0.06378968583228754,0.11894050572290596,0.0890596527300648,0.09937984842022989,0.12951362483216258,0.10634524425685957
145,145.0,145.0,0.08984325322897913,0.10758126930059994,0.10672243942688302,0.08168103792530679,0.06088210216305665,0.1276680175916067,0.09072733324711174,0.06368952845691375,0.152721123003031,0.11848389565651123
146,146.0,146.0,0.08540416140416576,0.1214149964663129,0.10397977131976781,0.10211969010357722,0.06899753989575162,0.12040151887448003,0.08944341093459376,0.07319413028386004,0.11989763463251227,0.11514714608497847
147,147.0,147.0,0.083288902338819,0.10805433344603754,0.08824464453479114,0.09686580795228619,0.06538215576129511,0.11870206608203113,0.07454239447038997,0.07274341713725821,0.14579812023866007,0.1463781580384316
148,148.0,148.0,0.08135137550090274,0.11563178846927549,0.10759814956133348,0.08086051196108585,0.05968893213943377,0.12632724832475556,0.08404583293360095,0.06858216245026694,0.1439986034273216,0.13191539523202364
149,149.0,149.0,0.10855972401503977,0.100669748547308,0.12039224122134533,0.09082213556932733,0.05442835772985347,0.11501228125138527,0.08773928464269329,0.0788535766508576,0.13917670757894374,0.1043459427932462
150,150.0,150.0,0.1073639076648655,0.1155735418793002,0.12406911087958465,0.0790589719120928,0.07667854290741391,0.12133150149013734,0.06653792894597618,0.05383659347051441,0.11991637796335894,0.135633522886756
151,151.0,151.0,0.10397704215589702,0.11337898075887956,0.10712307897153114,0.09616831126465744,0.05260456505415813,0.11401511065000322,0.0766391665238716,0.07297673185896633,0.13261184286418076,0.13050516989785477
152,152.0,152.0,0.07092662352760518,0.09796073365764076,0.12109407675279864,0.09461433915614484,0.05652311097395043,0.16562999438686515,0.05766962128550711,0.06814579747090498,0.14192390844389918,0.12551179434468365
153,153.0,153.0,0.08293667305215341,0.12079354088233392,0.10143945935808774,0.08282998365990507,0.048944124442846744,0.14930872912433876,0.08580941652937096,0.053548607871143995,0.14363302092631097,0.13075644415350834
154,154.0,154.0,0.0990741474303346,0.11043509155324713,0.08676678034372436,0.09192721659356483,0.06591420623330999,0.13597753590907394,0.07463264130385741,0.06227523791982429,0.13029220436709252,0.14270493834597087
155,155.0,155.0,0.10426676396251092,0.10833852239326595,0.09918291443498414,0.08744702650621368,0.061373589527253455,0.11029837112278944,0.07882451304228623,0.08586593796916539,0.13931601744114946,0.12508634360038134
156,156.0,156.0,0.0749061178748357,0.12293459795221826,0.09945142038114958,0.09544609466740542,0.07752085032056252,0.10679474568013511,0.08702891987765972,0.057484893644606,0.14443517759123567,0.13399718201019187
157,157.0,157.0,0.08862321524595414,0.10919522356492113,0.1340597103465731,0.06316432377606142,0.07080810599825088,0.1320498680754894,0.07534172333401268,0.05921624803480102,0.14201916360944114,0.12552241801449504
158,158.0,158.0,0.0926706857047451,0.12250376898733943,0.11954894983112437,0.07013390880456905,0.05632526357524137,0.1201063800250376,0.07568438854702217,0.06988698092012861,0.15094089278890357,0.12219878081588868
159,159.0,159.0,0.09078599392757869,0.11284307419560495,0.1037615644528761,0.09770417449389776,0.07716567788961715,0.12022288632337477,0.07360239554215019,0.07068853501189735,0.12648597770579398,0.12673972045720902
160,160.0,160.0,0.08178164811973947,0.10696165492226484,0.11403230156845909,0.08029764524245828,0.05982930510285715,0.1262894424069653,0.08373594276195975,0.08310081127137853,0.1367217608784969,0.12724948772542058
161,161.0,161.0,0.08248773101315873,0.1068679052905073,0.09156791739902193,0.08760601666089263,0.07516930992055895,0.11895011729414218,0.09408607781138412,0.07247249546574056,0.13089096596892547,0.13990146317566815
162,162.0,162.0,0.09392400868712591,0.11782850035313108,0.08403212400149948,0.09390501803961894,0.058697274062891436,0.1103032136424236,0.09513918950824125,0.06217314042421429,0.14664796215665077,0.1373495691242032
163,163.0,163.0,0.09546307354966715,0.11115614294172242,0.10723618238852325,0.09602298627274053,0.0587678266795373,0.14921313107976109,0.06934072593766018,0.06067675157460212,0.13843596115952794,0.11368721841625795
164,164.0,164.0,0.07288517463352363,0.12384243642980108,0.11965575704006179,0.0834491877901282,0.05542772579822719,0.14012148585313747,0.0600913858080427,0.06899306771223837,0.1562709462860849,0.11926283264875463
165,165.0,165.0,0.10862886390191462,0.09899992064718179,0.1008406486689963,0.10453595147972757,0.06116012173759109,0.11098419777056953,0.08140875261658571,0.06038565363962335,0.15199808435432968,0.12105780518348028
166,166.0,166.0,0.08940407757085664,0.11276923255855889,0.11744997029988671,0.08808890449956715,0.05361794949203079,0.12527673782584123,0.07218723522454942,0.05067902384455242,0.13684442245222736,0.15368244623192934
167,167.0,167.0,0.08641619115318623,0.10872135551819795,0.10711218098826976,0.06374180332926452,0.07438759033032369,0.13177776912416347,0.08552014434626021,0.08625213605569411,0.137419013769349,0.11865181538529104
168,168.0,168.0,0.0771768039585234,0.11126751489983688,0.1007085630008149,0.11722342496678606,0.07496848267356024,0.1254803658636451,0.06935628765856365,0.07252502841566315,0.13153959563194992,0.11975393293065664
169,169.0,169.0,0.1217524341502115,0.11922521843725271,0.09968392270043891,0.08148575214429174,0.057721947813240734,0.12028427469404421,0.07250010516538344,0.06863423060331819,0.14967385194214328,0.10903826234967531
170,170.0,170.0,0.08532427370332155,0.12141712695329052,0.09314487662826137,0.10314961464945656,0.08295217058125144,0.11928810220255896,0.07345068058932559,0.07802411613540831,0.14248307772408447,0.10076596083304112
171,171.0,171.0,0.08472891456004969,0.10895499170791248,0.09060772170054279,0.07943519960328514,0.08277508328623526,0.10769479502752173,0.08721899639372012,0.06595069427232728,0.15465226600393236,0.1379813374444731
172,172.0,172.0,0.08327141806620905,0.12857763361635308,0.11332675359063497,0.08585293047427386,0.05635255663078707,0.13430785262300848,0.07482286828098753,0.05126538730802799,0.14191177850526465,0.13031082090445328
173,173.0,173.0,0.11109055964413891,0.1265234764771734,0.09490105308477656,0.10493356498764395,0.05577210712454047,0.10599940251266608,0.08368396456853149,0.0821326424808617,0.11816575893872447,0.11679747018094296
174,174.0,174.0,0.08782635354449302,0.10481866498972081,0.10812304365857442,0.09052513200263206,0.07034057803810392,0.11255054733431746,0.08400774872809597,0.055889811184412996,0.15595116101017203,0.12996695950947726
175,175.0,175.0,0.07186768092567972,0.12510543665280305,0.12165357357342006,0.07284334038797727,0.06591848021469264,0.11864593889450632,0.07783928680978067,0.0581413330604878,0.1548659498745782,0.1331189796060743
176,176.0,176.0,0.0857629396820829,0.09547178579306217,0.09848564234596778,0.0859351248022766,0.07861818906547811,0.12974262986518081,0.0806204419898188,0.08523697035656115,0.1354772501847916,0.12464902591478
177,177.0,177.0,0.07039775129350419,0.13057254620138695,0.1082094062392627,0.09391801475250751,0.06153601066418953,0.12145024134843245,0.09365193479063534,0.060429464175428604,0.1515840825127841,0.10825054802186865
178,178.0,178.0,0.1058459565011739,0.09744595454794128,0.1151589235160817,0.09469161822325528,0.057679117848790526,0.13245217184445665,0.0728780379265786,0.05407049836538037,0.13420008818147822,0.13557763304486353
179,179.0,179.0,0.10561611455575334,0.11272843716088032,0.08506992456423115,0.12458269941193259,0.06345858195823925,0.11246545046723944,0.08068482974336057,0.05456603856223685,0.1494863707518143,0.11134155282431217
180,180.0,180.0,0.09377749071060801,0.11337557458232332,0.11159540436094548,0.0946382184156217,0.06810220704050861,0.11295479765220498,0.07220920018690488,0.06553969784868191,0.14744183334497787,0.12036557585722318
181,181.0,181.0,0.09917478885416872,0.1149626784043714,0.10256812162478054,0.09157644188316556,0.07673314448511023,0.12713957247562352,0.07647748415082185,0.06589885321212238,0.12613179203777983,0.11933712287205582
182,182.0,182.0,0.08399225661453238,0.11206336506671237,0.10904711150594752,0.08879775172009954,0.07024310880238274,0.10465970441391019,0.07910708408026298,0.07599668022406206,0.13906818340845167,0.1370247541636385
183,183.0,183.0,0.10113225319774503,0.12338748838442674,0.08624523010093058,0.09886743769855075,0.05727859358928419,0.1410719858584018,0.07018210579578898,0.05662721595977725,0.14959973975342997,0.11560794966166461
184,184.0,184.0,0.0831840937535023,0.114629698818184,0.09620004606506981,0.10073310552833978,0.06908964135932508,0.13471461690576023,0.061780449003670704,0.05805209444326733,0.1562968937296231,0.12531936039325758
185,185.0,185.0,0.06907534893820093,0.11120171710517927,0.13173602062433915,0.08568493548974052,0.07502223432796061,0.12751856750256862,0.06817615107623379,0.04626962268216163,0.15418336197271565,0.13113204028089975
186,186.0,186.0,0.10321259043832987,0.12929019417601412,0.10275684632057609,0.08332228404450855,0.05292903382535843,0.11602711374887778,0.1068299661142891,0.04631061310618824,0.1382344090847041,0.1210869491411537
