,Unnamed: 0,Generation,Intertwine_two,Add_vertex,Delete_vertex,Invert_path_vertices,Insert_inside_vertex,Delete_inside_vertex,Replace_inside_vertex,Donate_between_routes,Trim_one_terminal_cb,Grow_one_terminal_cb
0,0.0,0.0,0.09999999999999999,0.09999999999999999,0.09999999999999999,0.09999999999999999,0.09999999999999999,0.09999999999999999,0.09999999999999999,0.09999999999999999,0.09999999999999999,0.09999999999999999
1,1.0,0.10900000000000001,0.10084324429403191,0.10002432392018369,0.09848153194719261,0.09951936173246462,0.1001221392482583,0.10086131100584242,0.09982229165864501,0.09927749137565553,0.10057097207139834,0.10047733274632749
2,2.0,0.31601,0.10082080306102542,0.09899985343295227,0.0972825824533868,0.09967610297574717,0.09997376382879117,0.1019224864043683,0.10040169276859472,0.09872188458558434,0.10077010663862462,0.10143072385092511
3,3.0,0.6191589000000001,0.1007973180041723,0.09891362019965724,0.09606539163954658,0.09978223734308855,0.09904620395439322,0.10230548723263412,0.10034532462004858,0.09843790479764934,0.10235389157877547,0.10195262063003449
4,4.0,1.015801321,0.10021024286081306,0.09862165554045635,0.09467089429691465,0.09981306473603083,0.09863515275447582,0.10306933097925579,0.10061037926267324,0.09807729685359169,0.10398673483151813,0.10230524788427035
5,5.0,1.50262148669,0.10136729428615872,0.09839057043363718,0.0929396846460394,0.10023708773230594,0.09847988622240349,0.10404607382055614,0.1006750413537617,0.09757711592825831,0.10404629177910504,0.10224095379777406
6,6.0,2.0757334209441005,0.10142629597632269,0.09762571050592508,0.0912539750029386,0.10026958938034519,0.09815195635270377,0.10540891265628968,0.0999755773712268,0.0965656720052508,0.10580464614720983,0.10351766460178753
7,7.0,2.7307768275633495,0.10038680163967992,0.09700719495019636,0.09005580711809968,0.10148497564260174,0.09664321640026775,0.10643097194840051,0.09974702529437117,0.09637352890189065,0.10693385699341562,0.1049366211110766
8,8.0,3.4630081252450404,0.09946436779985929,0.09782613205305721,0.08940934521444202,0.10134606594207127,0.09551978145467417,0.10773576880910643,0.0999898798673225,0.0952560267502691,0.10770782842745373,0.1057448036817443
9,9.0,4.2673862119061114,0.09910676818139284,0.09763968384282712,0.08678764215004847,0.10121806311601449,0.09529641387535195,0.110425605938436,0.09935045196540221,0.09443165590429477,0.10920961065425215,0.10653410437198
10,10.0,5.138652627782014,0.09875064024508437,0.09786538396398563,0.08554948697496655,0.10166097168935376,0.09346006263919866,0.11237013121314926,0.09976755535242093,0.09181876146684716,0.11066765015020423,0.10808935630478948
11,11.0,6.071405875792507,0.09768581249010752,0.09776960784364654,0.08490581216480472,0.1016816677489169,0.09362552168848151,0.1134427030777126,0.09996035268966667,0.0906167868179002,0.11198141922480156,0.1083303162539618
12,12.0,7.060169740244025,0.09739375442946631,0.0976769240840378,0.08405981534765698,0.10200393091084095,0.09229380786868817,0.11559073650536775,0.09939440011104574,0.08907099250070018,0.11312461100122995,0.10939102724096626
13,13.0,8.099455520847952,0.09746178494666308,0.09775799721023377,0.08326183126088328,0.10233782314257843,0.09025515001973987,0.11711615425561703,0.09810016473414677,0.08826180789731497,0.11557943855561713,0.10986784797720578
14,14.0,9.183818168183006,0.09698190847081489,0.09834146160230378,0.0834365831126941,0.10139240745623232,0.08839176508706968,0.1189996092886713,0.09731289893408171,0.08737190402522244,0.11708630854388254,0.1106851534790274
15,15.0,10.307906369102724,0.09707510998941205,0.0998263796374265,0.08249381406463284,0.10208469324893862,0.08590780913897123,0.11924562366615675,0.09711091508297653,0.08631790874363057,0.11884804018577105,0.11108970624208409
16,16.0,11.466506686239443,0.0963507637337399,0.09896682255445084,0.08074881628311696,0.10209762762475005,0.08461102974967791,0.12104220154263062,0.09593781612673376,0.08551760990118842,0.12138217457763224,0.11334513790607954
17,17.0,12.654581904800096,0.09634140518936914,0.09802285897644958,0.08011036588272318,0.10161849854685152,0.08327882381414295,0.12224858276392062,0.09619077071494476,0.08606679968912048,0.12191143985985615,0.11421045456262191
18,18.0,13.867303782456686,0.09512727473253949,0.09948643988377934,0.0794548782983911,0.10141467667287307,0.08144755663569998,0.12281932563594283,0.09534947853783358,0.08532901747018681,0.12431609163463106,0.11525526049812307
19,19.0,15.100080434523047,0.09562786888921136,0.0994681036954629,0.08001928276666348,0.100985981064533,0.0797784430982403,0.12392580970674028,0.09388888613220908,0.08531198389376532,0.12458596781965744,0.11640767293351717
20,20.0,16.348578617037543,0.0953316752261665,0.09897599869356744,0.0815580494865852,0.09966836953361757,0.07850256565737937,0.12447135273700978,0.09356162822647379,0.08424279586784286,0.12688645437673235,0.11680111019462541
21,21.0,17.608741195130214,0.09435673961329401,0.09923761833798392,0.08026342038442039,0.09904037298088868,0.07770577052173228,0.12565302808139328,0.09318505285469197,0.08362743219380514,0.12947439588751325,0.11745616914427734
22,22.0,18.876800103462312,0.09421168188479524,0.09838703173166813,0.08027864310415857,0.09992125770629198,0.07600564637295053,0.1254824550011275,0.09100249529539972,0.08408541846788284,0.1318695446848016,0.11875582575092412
23,23.0,20.14928511992658,0.09524736731187126,0.09769407718389175,0.08086596282114229,0.09941967247743533,0.07529173101215661,0.12549852458561356,0.09143440874293925,0.08353253061832874,0.1324649171877127,0.11855080805890879
24,24.0,21.423028783545156,0.09495809775937257,0.09799478798629087,0.08081784680537553,0.09846096851205638,0.07634049010992264,0.12722417998904312,0.08980386180805176,0.08222573551312679,0.13371396727967272,0.1184600642370879
25,25.0,22.695167792966423,0.09446217081312094,0.09878404347127824,0.08087786859639498,0.09848247508035428,0.07474747397515133,0.12801906520813058,0.08916969411136519,0.08168791573209987,0.1347796780398725,0.11898961497223236
26,26.0,23.963141223515898,0.09481176528304987,0.09843556722865499,0.08122801124066258,0.09881314418587905,0.07390073115853865,0.12782548097213212,0.08939219996541078,0.07981304233949567,0.13605129468365101,0.11972876294252555
27,27.0,25.224685898775267,0.09523189470113745,0.09794352131500936,0.08049422948896662,0.0976087962173713,0.07539742111811258,0.12695905338914745,0.08880472833794245,0.07985080403615144,0.13790226664583027,0.11980728475033135
28,28.0,26.477829247520948,0.09354079640201646,0.09802696003054703,0.08111929971067856,0.098792659545814,0.07592067148078564,0.12677347626058377,0.08973951247573393,0.07899808430607998,0.1384191607134723,0.1186693790742886
29,29.0,27.720879968916847,0.0931592751942561,0.09779700853618613,0.08226879665258274,0.09938040514047973,0.0768887285107827,0.126995826961577,0.08933058641992533,0.0778791390877067,0.13759829332290358,0.11870194017360024
30,30.0,28.95241681848399,0.0925395653569302,0.09743216482914632,0.08160977302590161,0.09998380606524593,0.07648205380568457,0.12747308072263888,0.08788388859401297,0.07776713209452077,0.13897645410414255,0.11985208140177639
31,31.0,30.17127581490958,0.09239692636696518,0.09919896293529697,0.08251987098123104,0.09937344717111497,0.0747393097193679,0.12727150057848208,0.08722644609271601,0.07784166827567608,0.13936684259677282,0.12006502528237716
32,32.0,31.376536153543515,0.09361694197733407,0.09919832530081353,0.0834341189449734,0.09814119376918999,0.07441188740679176,0.1273791799119421,0.0874602111367936,0.07693564740406099,0.140120386647417,0.1193021075006838
33,33.0,32.567505096778625,0.09449899085903549,0.10032121241160064,0.08424715893607317,0.09861711237732386,0.0735136063506434,0.1273513155357298,0.08672843061808971,0.07633071422017589,0.1406799443839962,0.11771151430733212
34,34.0,33.74370209472243,0.09387320353122489,0.09996266923943778,0.08580592729809386,0.09767791568490115,0.07318478310177488,0.12777944893872784,0.08585681163882135,0.07677055751852754,0.14097065746996773,0.11811802557852319
35,35.0,34.90484237192463,0.09287119618122754,0.10021239217622982,0.08813397839500728,0.09876973021558266,0.07237026433571529,0.1275446731624062,0.08553745570072618,0.07637288376640963,0.14004173119369848,0.11814569487299714
36,36.0,36.05082019768737,0.09243921122753342,0.10063788864280358,0.0889064084479875,0.09832101875286736,0.07110854310720964,0.12747924051584442,0.08551211777001609,0.0753340787516433,0.1417454531080901,0.1185160396760048
37,37.0,37.18169203889697,0.09362661495383016,0.10116324189490482,0.08957139244805498,0.09870915384104881,0.07088440034458957,0.12646570677119018,0.08531986835471295,0.07457664642764002,0.14141694582315856,0.11826602914087017
38,38.0,38.29765977559663,0.0945915017910096,0.1016380163083478,0.0892774181025731,0.0988363024474276,0.07018737025764718,0.12672641320298186,0.08336468786104319,0.07441361247034459,0.1413915754652,0.1195731020934253
39,39.0,39.399054140870355,0.09413819885842493,0.10098263869185697,0.09066846311027853,0.0979520843221479,0.070327433476111,0.12850188986771868,0.08309823233327479,0.07477422119339967,0.1402025967082674,0.1193542414385203
40,40.0,40.48631852820801,0.0942884292564624,0.10083354592494731,0.09238466639075235,0.0960392305020559,0.06877338036398677,0.1278860048057827,0.0826826429979151,0.07542562512371107,0.14187580833674465,0.11981066629764196
41,41.0,41.55999329152982,0.09421464644059163,0.10005633099006389,0.09422779160429454,0.09596265580668097,0.06880011409907252,0.1276438797785117,0.08166073789863754,0.07512253959916561,0.14220574136859496,0.12010556241438684
42,42.0,42.62070064560415,0.09375263450404785,0.10059337631991166,0.09543172797805081,0.09590547412170383,0.06877752095152963,0.12801543283285022,0.0805923894510678,0.07518573691975466,0.14243633931960462,0.11930936760147907
43,43.0,43.669130257815,0.09357042801384177,0.1009278267615091,0.09665052765406838,0.09589443607826165,0.06802788345233009,0.12817288293859455,0.08035559284450661,0.07407372628982378,0.14168191316219592,0.12064478280486834
44,44.0,44.70602560622662,0.09248280490799204,0.10077588183548108,0.09688169924951447,0.09593438346116079,0.068153170138926,0.129386313434993,0.08057624576058506,0.07466238474432549,0.1416722189791357,0.11947489748788663
45,45.0,45.73217116373481,0.09337349229444245,0.10038126564023307,0.09669885848762402,0.09459090577295992,0.06764326113985109,0.12942531037094612,0.0811271818885209,0.07551363802807408,0.14228260637133266,0.11896348000601595
46,46.0,46.748380453854836,0.09476068298503602,0.10069088709653211,0.09640634922389707,0.09478262363693252,0.06703609659027439,0.12935231010050535,0.08216252339287752,0.07519107957176836,0.14059261551752966,0.1190248318846473
47,47.0,47.755485010424316,0.09448523017595215,0.10144334222296339,0.09558927459913522,0.09387172213035085,0.06507267026703403,0.130548087054186,0.08266961233657348,0.07440966105373559,0.1411884619059392,0.12072193825413041
48,48.0,48.7543242612326,0.0933997639961899,0.10158298489591829,0.09712177978317667,0.09526600478964188,0.06512625548244612,0.12957648452058765,0.08193852161731593,0.07435144210786448,0.14177738377896584,0.11985937902789358
49,49.0,49.745736344347726,0.09292765969636362,0.10258049086362966,0.09686301524190953,0.09429758175424996,0.06545120212843525,0.1293008466573569,0.08178246438291889,0.07518511772003093,0.14085236353654146,0.12075925801856416
50,50.0,50.730549855707864,0.09237220083973985,0.10405024807168507,0.09741729667836625,0.09430441959847462,0.06440757891810635,0.12803122569226374,0.08075379269737523,0.07487776410616695,0.1428627277344133,0.12092274566340898
51,51.0,51.70957651737491,0.09236385355659088,0.10442867740681497,0.09706276373087792,0.09535822118099913,0.06443254695047675,0.1266886791082853,0.08034849289602189,0.0755025531558522,0.14327100415463764,0.12054320785944367
52,52.0,52.68360474770151,0.09160098272440162,0.10372407863122288,0.09738792632069608,0.09423864153172971,0.06531348607186234,0.1264417862170234,0.08050694904067032,0.07623250533538686,0.14357856790708834,0.12097507621991876
53,53.0,53.65339410751842,0.08963096618713969,0.10515296201472128,0.09881515559838018,0.0929090373287101,0.0646199522053864,0.12711040953254232,0.08059304585608527,0.0762043886738075,0.14329174555191115,0.12167233705131641
54,54.0,54.61967059027847,0.0908461263633467,0.10536824006618488,0.09876164523748841,0.09146680798938392,0.0652424465401927,0.12715180490148176,0.0802365112578802,0.07625015247788657,0.14402533252845243,0.12065093263770274
55,55.0,55.58312271885972,0.08993262556708079,0.10602793932428042,0.09880950347046064,0.09214943036989115,0.0657301407233775,0.12718180722117794,0.08086232187777997,0.07588796843145525,0.14322549865110765,0.12019276436338899
56,56.0,56.544398407394254,0.08920560164097197,0.10681461771862295,0.09930649169527146,0.09089359875758311,0.06528425729982078,0.1264882916660618,0.08140391182573663,0.07537051550384015,0.1442234898695472,0.12100922402254428
57,57.0,57.504102543001395,0.08956182951613034,0.10594525023297982,0.10069881408941767,0.09030941655178827,0.0646472672679197,0.12848390773268092,0.0807577719315931,0.0750771673303172,0.14360351776999009,0.1209150575771832
58,58.0,58.462795239617805,0.08994681339410313,0.10514227368282335,0.10121513939622043,0.08941597464653851,0.0646099214578868,0.12935233622043005,0.0802061866665432,0.0763467023064238,0.1433665278546893,0.1203981243743417
59,59.0,59.42099071417639,0.09113849299741299,0.10652467771296853,0.1033092915186483,0.08767352493683579,0.06437473824222938,0.12879201818855573,0.07955174173989858,0.0755635319303922,0.14397207173205379,0.11909991100100493
60,60.0,60.379156734137354,0.08991057793040455,0.10682136442085795,0.10528250916122259,0.08739862821914127,0.06357869527785778,0.12815320834079305,0.07918108871844731,0.07460082742137863,0.14472047956604678,0.12035262094385027
61,61.0,61.337714584760846,0.09003250682659525,0.10787324809960151,0.10484899238456061,0.08776141195512464,0.0631262837991447,0.12900827653673227,0.07892205857595604,0.07350260890676165,0.14441912795387607,0.12050548496164744
62,62.0,62.29703950447439,0.08898172607391365,0.10804101334985552,0.10489487474384074,0.08617829721461108,0.061609003566152426,0.1296051911560674,0.07885296409202826,0.0730876342249036,0.1459906967922301,0.12275859878639744
63,63.0,63.257461537171835,0.08941116652259587,0.1056707323132783,0.10496942358439522,0.08602233665695459,0.06134063966932189,0.1294850904097685,0.07935260797255213,0.07270160134898432,0.1474723551564565,0.12357404636569287
64,64.0,64.21926675122782,0.08806054101184457,0.1039020279156266,0.10504780045722477,0.08608995919753674,0.06084769983852788,0.1298731482844657,0.0792812207290717,0.07400973892874604,0.1480944793253215,0.12479338431163473
65,65.0,65.18269877636592,0.0877638464446701,0.10302314596113236,0.10643470749415893,0.0855568327855761,0.06082644712416641,0.12973849885066494,0.08113209770722987,0.07365398297688563,0.14633704379288495,0.12553339686263093
66,66.0,66.14796061122655,0.08684020595699203,0.10271033738804217,0.10653160995553385,0.08612392622045162,0.060118528121159684,0.12952921417186217,0.08294241352070936,0.07264071250207026,0.14562235536589818,0.1269406967972809
67,67.0,67.11521665648885,0.08522781373902709,0.10318180547434082,0.10753879231432703,0.08617645818399516,0.06073747571145806,0.12985042735390356,0.08394597652486419,0.07260327303478889,0.14472454896520848,0.1260134286980869
68,68.0,68.08459493066005,0.08428951351694337,0.10349147516841356,0.10736583149569164,0.08704210658860402,0.060278840441414634,0.1295567113202838,0.08372946186172744,0.07271418177792824,0.14579521843895288,0.12573665939004058
69,69.0,69.05618942810752,0.08303581602872862,0.10328843681925112,0.10761387552929202,0.08679400591509617,0.06068681480084383,0.12999926330589595,0.0827939475401554,0.07252843578674426,0.144870495722792,0.1283889085512008
70,70.0,70.03006258152917,0.08345673182631537,0.10294049054961471,0.10677507917234512,0.08924178618143279,0.060860171861923065,0.1285283114697598,0.0827182060974717,0.07350760271536513,0.1444422024738647,0.1275294176519078
71,71.0,71.00624779379335,0.08268280087603946,0.10313729560530073,0.10627267771792648,0.09074032783500043,0.06078087013642089,0.12953349840653694,0.0837516621097833,0.07196851241374813,0.1444696908101844,0.12666266408905946
72,72.0,71.98475200689319,0.08162604389758844,0.10350719774950697,0.10703753618114412,0.09054854798823636,0.061437903190177924,0.1295846164917692,0.08336295267293393,0.07149015561356688,0.14371056936416232,0.12769447685091406
73,73.0,72.96555827861411,0.08045356972928033,0.10465129983828683,0.10634025636240793,0.091355909765643,0.061797053628810154,0.12891107587874245,0.08442150927509273,0.07269038256557252,0.1416503445400895,0.12772859841607473
74,74.0,73.94862834037681,0.08216801597952281,0.10479956416457596,0.10586741506501084,0.09110992897987023,0.0633685605146377,0.1268555563696013,0.08463785907842694,0.07412940604919308,0.1395588204014331,0.12750487339772823
75,75.0,74.93390511255946,0.08124003008655382,0.10542644451951179,0.10609075872758245,0.09095828231616246,0.06324996320358389,0.12644991844167414,0.08469564398899891,0.07404414048120768,0.13883752983677516,0.12900728839794987
76,76.0,75.92131515639825,0.08040557882876517,0.10545761036717241,0.1069429972212953,0.09127908444023845,0.06235366191658878,0.12717884436502136,0.0837715556157845,0.07475695974920726,0.13926520787498206,0.12858849962094482
77,77.0,76.91077104428919,0.07924532126907896,0.10472829598356966,0.1071579719335007,0.0918678426334969,0.061684530581612766,0.12888904378674737,0.08388234391497834,0.07594348482697426,0.1402193236526285,0.12638184141741265
78,78.0,77.90217363294813,0.07981457848129059,0.1046105191072418,0.10651101257243342,0.0924282998176013,0.06293421431055225,0.12786509690518036,0.08443047422724469,0.07563016816214599,0.14082526920023386,0.12495036721607591
79,79.0,78.89541422641172,0.07959067607655382,0.10670684104706324,0.10686436658812234,0.09210013147130573,0.06299732565799941,0.12757797883986788,0.08372599297746104,0.07491739461851211,0.14039942892692922,0.12511986379618537
80,80.0,79.89037661826481,0.08103028817029231,0.10710823142013179,0.10486708810914605,0.09174495629715068,0.06383516948280692,0.12750910117381917,0.08449579573968685,0.07630113448910653,0.1399782270021517,0.12313000811570818
81,81.0,80.88693900474995,0.08222619601317036,0.1076779206966934,0.10280007833241535,0.09125475060409609,0.06441435403011712,0.12742825108860023,0.08549244690987488,0.07608705659148318,0.13918455974167354,0.123434385991876
82,82.0,81.88497576253909,0.08299560680017594,0.10783710820810553,0.10347644432201634,0.09118884395653991,0.06297257908724067,0.12642810042669575,0.08556859308314022,0.0746502286524459,0.1392118291294439,0.12567066633419596
83,83.0,82.88435908692391,0.08576893121002428,0.10801478146832492,0.10139956707270774,0.09057776012646025,0.06351567336001877,0.126515897096549,0.0862449587970807,0.0736740135156812,0.13996538122248917,0.12432303613066409
84,84.0,83.88496048800103,0.08557883163901357,0.1077933580677662,0.10122789739037433,0.09123019476861435,0.06251857998532473,0.12603844082708002,0.0852695898242191,0.07458344129001802,0.14091876211462573,0.1248409040929641
85,85.0,84.88665214409042,0.08316515585968305,0.1085634099437355,0.10136185734870254,0.09051317153620901,0.06406756621583953,0.1269060144499939,0.08579072100065625,0.07402988802183222,0.14068074700074498,0.1249214686226032
86,86.0,85.88930811312994,0.08396705652754209,0.10960849223850479,0.10024695525033013,0.09028172150367007,0.06449159060036115,0.1273831021773465,0.08508313878620918,0.07399404124967515,0.14046121857895355,0.12448268308740755
87,87.0,86.89280540413424,0.08432467549580552,0.11031595337814978,0.1013168625205078,0.08960477620843443,0.06552102639553392,0.12750297326270582,0.08491833333157825,0.0724653190939347,0.14036710458995275,0.12366297572339721
88,88.0,87.89702491199675,0.08457008492816556,0.11107276123527804,0.1001909526089734,0.09055715082782333,0.0657746118313996,0.12824633533578253,0.08478127038964427,0.07216555434239721,0.13968409853454156,0.12295717996599467
89,89.0,88.90185221995306,0.08340175070364894,0.11174586835286697,0.09998277860855569,0.09035885214206676,0.06509313078759939,0.1283467215541751,0.08556886394032744,0.07253807751448663,0.14031484563232977,0.12264911076394351
90,90.0,89.90717827491419,0.08356234409296345,0.11106123150695335,0.09842542727672,0.08935168054615694,0.06714610430719795,0.12826453441153596,0.08662295851871818,0.07318889578640352,0.1405867008625662,0.12179012269078462
91,91.0,90.91289994163006,0.08348219587765178,0.11256153420154791,0.09730022631793442,0.08942225623426095,0.06768342604070239,0.12840611383049524,0.08652161395653167,0.07247315699813496,0.14062645253966366,0.12152302400307718
92,92.0,91.91892044225806,0.0842870407246967,0.11304992554773512,0.09634219732244773,0.08949768069449365,0.06854757426526129,0.12800596006356307,0.08709093551139623,0.07295645346453883,0.13989968133013472,0.1203225510757329
93,93.0,92.92514968840067,0.08343584959908514,0.11374767704542664,0.09559139161507238,0.08979066801229339,0.0683921674427383,0.1277420945943737,0.08737869544392246,0.07363868452977143,0.14086418181753835,0.11941858989977845
94,94.0,93.93150451304501,0.08243991714480757,0.11323660670784086,0.09578360283029637,0.09007975273561578,0.06832055171154422,0.125758737486332,0.08737566525556403,0.07542514360828131,0.14106282712561852,0.12051719539409957
95,95.0,94.93790881009448,0.08336157089869163,0.11296477141858959,0.09634739421468551,0.0894179483793607,0.0685778008766522,0.12575921942039608,0.08631347173067724,0.07592219540765033,0.13911605946117855,0.12221956819211842
96,96.0,95.94429358933806,0.08392024295613305,0.11455440505971555,0.09637573031920721,0.08726020859776137,0.06840058632554973,0.125047891351771,0.08775030232503583,0.0766676717068214,0.1374122673498078,0.12261069400819732
97,97.0,96.9505969547639,0.08594676019285007,0.1158965898535422,0.09607062833936753,0.08594719946184118,0.06702349923862422,0.12332769749108491,0.08854034694292678,0.07762876518610365,0.13602150680408426,0.12359700648957547
98,98.0,97.9567640140995,0.0856913287651254,0.11663178716714413,0.09591685730625676,0.08793119548971348,0.06753392095401556,0.1225825094072419,0.08870087688289233,0.07696378653177477,0.13566891895006697,0.12237881854576896
99,99.0,98.96274672736057,0.08610141691770604,0.11875008193151579,0.09459937208457343,0.08770805819230179,0.06751356818831815,0.12069207308502274,0.08942567221046586,0.07596484486288066,0.1359169279867602,0.12332798454045563
100,100.0,99.96850370202192,0.08719228136441373,0.11834035842996302,0.09466308648365278,0.08811395186021007,0.0671034506944335,0.12020061068957147,0.08886488012350698,0.07556778826205146,0.1361058635636708,0.12384772852852648
101,101.0,100.97399994219691,0.08725269176432533,0.11700885007865668,0.09677581076376911,0.08756113372713996,0.06712071868889652,0.12052866033458523,0.08784371750159409,0.0761853138785858,0.13501328840705834,0.1247098148553892
102,102.0,101.97920655893245,0.08853334960011368,0.11689835355602232,0.09580235028826634,0.08788091733139802,0.06770357220094743,0.12081354595535755,0.0876989236266483,0.07549249676097423,0.13566821117189504,0.1235082795083774
103,103.0,102.98410044840509,0.08871239438553946,0.11777794568270245,0.09539780416480968,0.08705540255798082,0.06674691294509388,0.12254560863169016,0.08784872120211161,0.07448537151470348,0.13554139492041295,0.12388844399495583
104,104.0,103.98866394444643,0.0873844452322912,0.11613897587016983,0.09638874276213859,0.08965574071796854,0.06693181540954352,0.1217357246657413,0.08902433956123346,0.07351464737305985,0.13507753735079825,0.12414803105705581
105,105.0,104.99288445143917,0.0888129120792767,0.115580067096116,0.09755618926001068,0.09063434017278063,0.0658105236357253,0.12116046307026399,0.08900671311459467,0.07220160920662347,0.13539170832686082,0.12384547403774808
106,106.0,105.99675406321822,0.08878482727302393,0.11529671347370256,0.09814132614590787,0.09016531803740148,0.06646151362266758,0.1210795238306909,0.08677885272925173,0.07217664261156505,0.13561131735553292,0.1255039649202563
107,107.0,107.0002691731872,0.08880355727917269,0.11526720882341489,0.09908553419532612,0.0905944600570218,0.0648098279193445,0.1215833737563864,0.08610388624552517,0.07333785182397633,0.13539788431022512,0.1250164155896073
108,108.0,108.0034300804274,0.08874987613933778,0.11556347735286793,0.098616957113649,0.09015533620573062,0.06511149508528502,0.12119712494880547,0.08582811357566578,0.07362190602032985,0.1349069393696081,0.12624877418872077
109,109.0,109.00624059613932,0.08902289287413377,0.11433379755020834,0.09988383720658918,0.08889247983107984,0.06609252943618774,0.12248574580100734,0.0840826106018386,0.0733827433041252,0.13500765126601266,0.12681571212881768
110,110.0,110.00870765431864,0.08944161761378414,0.1131311041184069,0.10058203863054274,0.08870277202637288,0.06547966484769557,0.12218190775034395,0.08479170667065654,0.07275876518524454,0.13463106863422658,0.1282993545227265
111,111.0,111.01084093013685,0.09057138351217804,0.1139502159026046,0.10200469290620107,0.08783304471729968,0.06428204080510036,0.12268753935216628,0.0832087531111893,0.07335670105609822,0.1334164134336181,0.12868921520354473
112,112.0,112.01265246907188,0.09010093820533271,0.11445844519812705,0.10281745395526855,0.08550364663226867,0.06290034506958245,0.12301615766800732,0.08436300205826615,0.07350700806173169,0.13352778656151867,0.12980521658989708
113,113.0,113.01415632942268,0.08950470551956982,0.11309422976832825,0.10322913774234027,0.08578629351573305,0.06359249238066556,0.12251479834157375,0.08454420369558939,0.07192058864722008,0.13554254746244654,0.13027100292653365
114,114.0,114.01536824044418,0.08853625037093919,0.11269062056715119,0.10380425300418455,0.08569743764360455,0.06308692059053651,0.12495347261580825,0.08533785063359503,0.07111794814043593,0.13565844892025564,0.12911679751348948
115,115.0,115.01630527795908,0.0887267571081862,0.11139476730285287,0.10387306549545988,0.0856956854268214,0.06374099024193855,0.125539318728743,0.08424643159065463,0.07012477262090358,0.13655016307581988,0.13010804840862028
116,116.0,116.0169855589429,0.09119829601162627,0.11173311446436189,0.10280487101117161,0.08499410627296401,0.06331821681920287,0.12751034730808058,0.08316517842833725,0.06981368878730454,0.13718230926820313,0.12827987162874815
117,117.0,117.01742795623892,0.09223876288016376,0.1102062299660769,0.10083599492653633,0.08482875593310565,0.06346214804275781,0.12813530927818922,0.08357987003079262,0.06931522482632632,0.13858423042740597,0.1288134736886457
118,118.0,118.01765183424293,0.09133068406937594,0.11015362882685553,0.1011877014861673,0.08601344736317906,0.061929407145695614,0.12825713354680562,0.08352196163173807,0.06878164075430059,0.13864094022715853,0.13018345494872408
119,119.0,119.01767680610413,0.09228606382739572,0.10908881147374229,0.10195891113533596,0.0864372830423167,0.06323278631759766,0.12749755678576183,0.08225356482217891,0.0683063046110604,0.13833343129369743,0.13060528669091348
120,120.0,120.01752251271817,0.09198403609850786,0.10903854247524683,0.10172596591480525,0.08879880120627612,0.06461440954989091,0.12711786915420198,0.08052013183608069,0.06878869818560017,0.13868971393114046,0.12872183164825007
121,121.0,121.01720842354362,0.09099446699495382,0.11102436458623438,0.10096603284188148,0.08962965254848478,0.06470499138021081,0.12602782876408758,0.0806203372070606,0.06822153606652683,0.14003412320814485,0.1277766664024152
122,122.0,122.01675365905109,0.09221558830336232,0.10907033342839376,0.10071478034911716,0.08951077131277317,0.06562179323094824,0.12718599994012908,0.08013620882638921,0.0682179094005465,0.14089079786382955,0.1264358173445113
123,123.0,123.0161768344173,0.09155304126621619,0.10933160611386064,0.10090384468850325,0.09009172880211973,0.06572927145124328,0.1284237337797659,0.07985256107221826,0.06580480731475989,0.14206464660576762,0.12624475890554554
124,124.0,124.01549592390272,0.09116524585510355,0.10759208829422866,0.10196272750937002,0.09092461511778879,0.06679333572590787,0.12897404901300544,0.08021331685753871,0.06562190322077187,0.14167912307769318,0.12507359532859222
125,125.0,125.01472814520056,0.09078618847993619,0.10883824394982687,0.1019837777724456,0.09051233440079214,0.0669932998010871,0.12873828873016924,0.07921037420119911,0.06403707416430313,0.1447134517648278,0.12418696673541307
126,126.0,126.01388986291661,0.09108819136620505,0.11042507861505423,0.10153322876859529,0.09022127096102253,0.0685564039028826,0.12677397138500074,0.07809593741615001,0.0640573029343513,0.14631483506037174,0.12293377959036676
127,127.0,127.0129965102319,0.09095972336077691,0.11190498051392314,0.1025656079531086,0.090216513393103,0.06869733838753522,0.12569323916154826,0.0774870886865984,0.062052334061345436,0.1475039833244075,0.12291919115765378
128,128.0,128.01206252771334,0.08923904082804944,0.1118379281724735,0.10316028956143145,0.08824199640649368,0.06760974533309805,0.12388772216619716,0.07910622371748653,0.06383506289340844,0.15068384215571884,0.12239814876564321
129,129.0,129.0111013181695,0.08901327094498118,0.11283606326612175,0.10211594808758365,0.08731487681790834,0.0679864046400653,0.12362765560508139,0.07882201517520865,0.06502240821419802,0.15075011499918817,0.12251124224966381
130,130.0,130.01012521639834,0.0891714609180031,0.1137505459816268,0.10008056837656036,0.08741411919012963,0.06924545315863188,0.1244604657488265,0.07882140120099114,0.06505333471277916,0.1499177600865376,0.12208489062591404
131,131.0,131.0091454726403,0.08828714817486934,0.11297272925055066,0.09896607858408726,0.08765368678054287,0.07052915817381625,0.12497169300112772,0.07826675485332675,0.06486243018464437,0.15034283118514802,0.12314748981188697
132,132.0,132.0081722485317,0.08751792474282905,0.11176151699627987,0.09950168410729557,0.08985240900882814,0.07111166989854396,0.12428315694968707,0.07896917244459078,0.06484121226559841,0.14860769658593181,0.12355355700041556
133,133.0,133.00721462434865,0.08613387454044434,0.11099788749868335,0.10148256978445566,0.0907664292786444,0.0699150685788696,0.12315103130583853,0.07986451637130537,0.06456267581449665,0.15001484606565002,0.12311110076161229
134,134.0,134.0062806163404,0.08659955580938403,0.11218448734186261,0.10134661801480298,0.09168250036172315,0.06927269972635931,0.12218613257526091,0.07925350429267175,0.06380733543306269,0.14908995105208037,0.12457721539279237
135,135.0,135.00537720296956,0.08666137558959112,0.11230811347198622,0.1007747429162717,0.0917605780270031,0.06744578800224998,0.1234875326495602,0.0806094618301113,0.06433595871831195,0.14750923365501037,0.12510721513990422
136,136.0,136.00451035890612,0.08641577891167104,0.11333644177898676,0.09969450228782872,0.0924647064160784,0.06707464480041402,0.12319790797670482,0.08113205019482991,0.06421858853200021,0.1468794029894181,0.1255859761120682
137,137.0,137.00368509565993,0.0880655815118746,0.11434246956104765,0.09886330489151134,0.09196070039796134,0.06690118058892237,0.12340198188896752,0.0800657810306371,0.0653334589891016,0.14461650898589978,0.12644903215407685
138,138.0,138.0029055077818,0.08752102748935246,0.11199453891351058,0.09865706212495864,0.09202894607024102,0.066287364793731,0.12311004354639295,0.08281024149784139,0.06619725028113502,0.14478189899570446,0.12661162628713268
139,139.0,139.00217482361367,0.08879993942622236,0.11045994364589522,0.09746732247552717,0.09270227036581818,0.06505598206788901,0.12285551094708708,0.08368128176198217,0.06619645783379545,0.14466149003018933,0.12811980144559423
140,140.0,140.0014954596262,0.08822163342284145,0.11367381507339992,0.09842821518938547,0.09154496379394493,0.06417555994932284,0.12449548648556089,0.08269845802748904,0.06586642276390813,0.14307081775573932,0.12782462753840823
141,141.0,141.00086907744122,0.08984278031850766,0.11440572013088746,0.0978637709117834,0.09114956295541972,0.06254522517322468,0.12451399970256762,0.08138155877831138,0.0667240945872201,0.14397280035352877,0.1276004870885494
142,142.0,142.0002966427003,0.09036616460191779,0.11474315671809845,0.09672855345021825,0.09085882298755524,0.06030445864037336,0.12404145047583118,0.08163740978749591,0.0683665368217779,0.14582050290320342,0.12713294361352867
143,143.0,142.99977848500652,0.09090356090146731,0.11426986860758125,0.09717195385310382,0.09189738005097081,0.05901366003714741,0.12442205029236414,0.08303387814057106,0.06821225533021519,0.14419725845657028,0.1268781343300089
144,144.0,143.99931435823203,0.08941456577284762,0.11422628915766225,0.09754488768430838,0.0931854130753561,0.05887659970642962,0.12388981614118717,0.08380305812424967,0.07150988876439181,0.14264318686976257,0.12490629470380496
145,145.0,144.99890350055264,0.08949742504581097,0.11369400740990025,0.0983087196158306,0.09225821566075966,0.05851161790311909,0.12423406348781518,0.08471465410732328,0.07118742645537754,0.14343397663834648,0.12415989367571711
146,146.0,145.9985446936357,0.08913154749082834,0.11453719917239275,0.09880603874159959,0.0933618314280954,0.0590183828960085,0.12385157576910562,0.0854668250522356,0.07177269157997468,0.14095621005666698,0.12309769781309272
147,147.0,146.99823632047406,0.08855345792394267,0.11402878342954766,0.0977318506020757,0.09391727599032326,0.059212724546160736,0.12330289097407587,0.08469344311505989,0.07226857326449078,0.14110568293952866,0.12518531721479495
148,148.0,147.99797642142389,0.0877867790741027,0.11426921026347577,0.09860555971848559,0.09284613181682794,0.05888000398126296,0.1235255846339011,0.08484623273147615,0.07230348975058382,0.14110718122596164,0.12582982680392252
149,149.0,148.99776274806447,0.08975324892492843,0.11300301620387232,0.10076123298768416,0.09275840822294887,0.058062587313478645,0.12262252885731532,0.08534508455918127,0.07332484273512345,0.14065525432092713,0.12371379587454061
150,150.0,149.99759281456036,0.09159155490655528,0.1132304882068628,0.10326533597812342,0.09148377789619803,0.05951558853439255,0.12236559820620402,0.0836978576352793,0.07179764944233213,0.13830770167741774,0.12474444751663491
151,151.0,150.99746394626104,0.0930650672667057,0.11323918743423653,0.10403246322772801,0.0919232964775377,0.0585875213916197,0.12139238056902978,0.08305387787466403,0.07215757875794698,0.1372805375512009,0.12526808944933088
152,152.0,151.99737332532905,0.0911953062769038,0.11170658996199544,0.10615088368793692,0.09220591613776336,0.05808428599172875,0.1256042003700689,0.08051319445276592,0.0720066132342044,0.13724060944870736,0.1252924004379254
153,153.0,152.99731803323698,0.09051083951104393,0.11247307439640422,0.10624143229330248,0.09130592251252627,0.05685786372853874,0.1281629696049194,0.08081212316577142,0.07037241714522699,0.1374224183946563,0.12584093924761047
154,154.0,153.99729509002177,0.09143282519499925,0.11221027011932275,0.10480763840734297,0.09132089215465267,0.05737195447785713,0.1293442001899526,0.080013454418561,0.0696060655772745,0.13631407081540506,0.1275786286446323
155,155.0,154.99730149022784,0.09285828718613004,0.11174633756829054,0.10457842873846923,0.09089240906822042,0.05746599699919257,0.12790572459504523,0.07966003158876747,0.07120211089447688,0.1361587206370015,0.12753195272440637
156,156.0,155.99733423551103,0.09131922313714404,0.11275432767650655,0.10434503548806455,0.09127222728093051,0.05920443727300597,0.1260846604806406,0.08015403654002584,0.06994708551824996,0.1365623944594884,0.12835657214594384
157,157.0,156.99739036391077,0.09114164417754539,0.11238938403792836,0.10754687440817354,0.08842762525709993,0.06028092321768244,0.1267783158692068,0.07949867017517,0.0688660761999288,0.13676282733286463,0.12830765932440036
158,158.0,157.99746697583146,0.09136138587046978,0.11335984770071975,0.10924258174411075,0.0863118089236928,0.059906748153396,0.12626097243593404,0.07890153749968912,0.06886374282032123,0.13788795319961522,0.12790342165205154
159,159.0,158.99756125680176,0.09138377721472786,0.11335863473092474,0.10929304348949954,0.08700282179136802,0.06161821718119423,0.1257454680517133,0.07812374730174246,0.06895203056884938,0.1365856043672727,0.127936655302708
160,160.0,159.997670497107,0.09049751701090472,0.11276424552542202,0.11031021798154153,0.08599109397415705,0.06158037663462086,0.12583294389699032,0.0783918773279755,0.07029008221290331,0.13633607246881996,0.12800557296666498
161,161.0,160.99779210841066,0.08968333242789416,0.11216189437126227,0.10901645744330478,0.08575444159319363,0.06306280990915739,0.12518230463155708,0.07972164851086752,0.0705596044025728,0.13553227115335212,0.12932523555683856
162,162.0,161.99792363749984,0.09002223805643403,0.11266289794797332,0.10692400821869663,0.08618987033887617,0.06287086127058751,0.12366971705412114,0.08116739803816121,0.06979136777975439,0.1363381365363593,0.1303635047590366
163,163.0,162.9980627773051,0.09052017731468094,0.11249822144992397,0.10713229091307971,0.08687070451031004,0.06266342688546224,0.12606571494404556,0.08002844417036824,0.0688741336607012,0.13634531353755638,0.12900157261387196
164,164.0,163.9982073753568,0.08875996171783868,0.11360522116540539,0.10856274171793277,0.0863175982339636,0.06210376984865925,0.12754442268367236,0.07797157449406572,0.06879828074645597,0.1381561778275092,0.12818025156449733
165,165.0,164.99835543984977,0.09059138873667659,0.11221964148372071,0.10807956675841526,0.08789979484977338,0.06210655766896862,0.12608730147277433,0.07807332657938754,0.06787121958603158,0.13953981717987696,0.1275313856843753
166,166.0,165.99850514349492,0.0904975691721773,0.11221735375297681,0.10923325227704435,0.08784542867228569,0.061345385123377255,0.1260541153514712,0.07727610597734551,0.06599134590267845,0.13939430907854222,0.13014513469210143
167,167.0,166.99865482534062,0.09010340800634768,0.11181602587932704,0.10931995749287726,0.08536422375378933,0.06266001955986085,0.12666657719687432,0.07784100964015081,0.06770364758819356,0.13929531205278997,0.1292298188297894
168,168.0,167.99880299074837,0.08878785206910313,0.11167850002759486,0.10873555262333533,0.0882630772866495,0.06401855549472436,0.12663916445095819,0.07680982861496702,0.06805749322582905,0.13859950993303863,0.12841046627380015
169,169.0,168.99894830970783,0.09194530426364605,0.1123463872634999,0.10802685431448478,0.0875878816607756,0.06362608362185794,0.12608329587680045,0.07612161203341955,0.06803154987036485,0.13971611451327087,0.12651491658188024
170,170.0,169.99908961367427,0.09144226649291133,0.11323546493915573,0.10665169191316107,0.08908557055284072,0.06573683985499305,0.1254254066990824,0.07556105958374068,0.0689532162109856,0.14010155858796275,0.12380692516516686
171,171.0,170.99922589110733,0.09086881665702701,0.11287123794284952,0.10502526210634888,0.08820268949204835,0.06779096504257563,0.1236126026766672,0.076412290169525,0.06866608273048042,0.14168919227453144,0.12486086090794678
172,172.0,171.99935628188598,0.09014556313437727,0.11446653537466862,0.10568920306516907,0.08796219472554646,0.06714726622829173,0.12448320673955074,0.07604685194769957,0.06691197801701428,0.1419736445798705,0.12517355618781198
173,173.0,172.99948007076793,0.09220780767110381,0.11583799833180469,0.10452055538277606,0.08963272024451906,0.06640194524883651,0.12253415184394625,0.07659182734014398,0.06826354338508826,0.13985443103727557,0.12415501951450603
174,174.0,173.99959668005403,0.09192623466392347,0.11500868862593558,0.10469477650302214,0.08984835836052443,0.0670817050774402,0.12126976942675456,0.07718560498158428,0.06699436007766771,0.1415087923350994,0.12448170994804848
175,175.0,174.99970566161096,0.09003595288438553,0.11618908682059946,0.1062389111742837,0.08828102123988488,0.06728386787044903,0.12065417218637654,0.0771713801045141,0.06596620179966414,0.14303362007633216,0.1251457858435107
