,Unnamed: 0,Total_iterations,Add_vertex,Delete_vertex,Insert_inside_vertex,Delete_inside_vertex
0,0.0,0.0,0.25,0.25,0.25,0.25
1,1.0,1.0,0.25,0.25,0.25,0.25
2,2.0,2.0,0.25,0.25,0.25,0.25
3,3.0,3.0,0.25,0.25,0.25,0.25
4,4.0,4.0,0.25,0.25,0.25,0.25
5,5.0,5.0,0.25,0.25,0.25,0.25
6,6.0,6.0,0.25,0.25,0.25,0.25
7,7.0,7.0,0.25,0.25,0.25,0.25
8,8.0,8.0,0.25,0.25,0.25,0.25
9,9.0,9.0,0.25,0.25,0.25,0.25
10,10.0,10.0,0.25,0.25,0.25,0.25
11,11.0,11.0,0.25,0.25,0.25,0.25
12,12.0,12.0,0.25,0.25,0.25,0.25
13,13.0,13.0,0.25,0.25,0.25,0.25
14,14.0,14.0,0.25,0.25,0.25,0.25
15,15.0,15.0,0.25,0.25,0.25,0.25
16,16.0,16.0,0.25,0.25,0.25,0.25
17,17.0,17.0,0.25,0.25,0.25,0.25
18,18.0,18.0,0.25,0.25,0.25,0.25
19,19.0,19.0,0.25,0.25,0.25,0.25
20,20.0,20.0,0.25,0.25,0.25,0.25
21,21.0,21.0,0.25,0.25,0.25,0.25
22,22.0,22.0,0.25,0.25,0.25,0.25
23,23.0,23.0,0.25,0.25,0.25,0.25
24,24.0,24.0,0.25,0.25,0.25,0.25
25,25.0,25.0,0.25,0.25,0.25,0.25
26,26.0,26.0,0.25,0.25,0.25,0.25
27,27.0,27.0,0.25,0.25,0.25,0.25
28,28.0,28.0,0.25,0.25,0.25,0.25
29,29.0,29.0,0.25,0.25,0.25,0.25
30,30.0,30.0,0.25,0.25,0.25,0.25
31,31.0,31.0,0.25,0.25,0.25,0.25
32,32.0,32.0,0.25,0.25,0.25,0.25
33,33.0,33.0,0.25,0.25,0.25,0.25
34,34.0,34.0,0.25,0.25,0.25,0.25
35,35.0,35.0,0.25,0.25,0.25,0.25
36,36.0,36.0,0.25,0.25,0.25,0.25
37,37.0,37.0,0.25,0.25,0.25,0.25
38,38.0,38.0,0.25,0.25,0.25,0.25
39,39.0,39.0,0.25,0.25,0.25,0.25
40,40.0,40.0,0.25,0.25,0.25,0.25
41,41.0,41.0,0.25,0.25,0.25,0.25
42,42.0,42.0,0.25,0.25,0.25,0.25
43,43.0,43.0,0.25,0.25,0.25,0.25
44,44.0,44.0,0.25,0.25,0.25,0.25
45,45.0,45.0,0.25,0.25,0.25,0.25
46,46.0,46.0,0.25,0.25,0.25,0.25
47,47.0,47.0,0.25,0.25,0.25,0.25
48,48.0,48.0,0.25,0.25,0.25,0.25
49,49.0,49.0,0.25,0.25,0.25,0.25
50,50.0,50.0,0.25,0.25,0.25,0.25
51,51.0,51.0,0.25,0.25,0.25,0.25
52,52.0,52.0,0.25,0.25,0.25,0.25
53,53.0,53.0,0.25,0.25,0.25,0.25
54,54.0,54.0,0.25,0.25,0.25,0.25
55,55.0,55.0,0.25,0.25,0.25,0.25
56,56.0,56.0,0.25,0.25,0.25,0.25
57,57.0,57.0,0.25,0.25,0.25,0.25
58,58.0,58.0,0.25,0.25,0.25,0.25
59,59.0,59.0,0.25,0.25,0.25,0.25
60,60.0,60.0,0.25,0.25,0.25,0.25
61,61.0,61.0,0.25,0.25,0.25,0.25
62,62.0,62.0,0.25,0.25,0.25,0.25
63,63.0,63.0,0.25,0.25,0.25,0.25
64,64.0,64.0,0.25,0.25,0.25,0.25
65,65.0,65.0,0.25,0.25,0.25,0.25
66,66.0,66.0,0.25,0.25,0.25,0.25
67,67.0,67.0,0.25,0.25,0.25,0.25
68,68.0,68.0,0.25,0.25,0.25,0.25
69,69.0,69.0,0.25,0.25,0.25,0.25
70,70.0,70.0,0.25,0.25,0.25,0.25
71,71.0,71.0,0.25,0.25,0.25,0.25
72,72.0,72.0,0.25,0.25,0.25,0.25
73,73.0,73.0,0.25,0.25,0.25,0.25
74,74.0,74.0,0.25,0.25,0.25,0.25
75,75.0,75.0,0.25,0.25,0.25,0.25
76,76.0,76.0,0.25,0.25,0.25,0.25
77,77.0,77.0,0.25,0.25,0.25,0.25
78,78.0,78.0,0.25,0.25,0.25,0.25
79,79.0,79.0,0.25,0.25,0.25,0.25
80,80.0,80.0,0.25,0.25,0.25,0.25
81,81.0,81.0,0.25,0.25,0.25,0.25
82,82.0,82.0,0.25,0.25,0.25,0.25
83,83.0,83.0,0.25,0.25,0.25,0.25
84,84.0,84.0,0.25,0.25,0.25,0.25
85,85.0,85.0,0.25,0.25,0.25,0.25
86,86.0,86.0,0.25,0.25,0.25,0.25
87,87.0,87.0,0.25,0.25,0.25,0.25
88,88.0,88.0,0.25,0.25,0.25,0.25
89,89.0,89.0,0.25,0.25,0.25,0.25
90,90.0,90.0,0.25,0.25,0.25,0.25
91,91.0,91.0,0.25,0.25,0.25,0.25
92,92.0,92.0,0.25,0.25,0.25,0.25
93,93.0,93.0,0.25,0.25,0.25,0.25
94,94.0,94.0,0.25,0.25,0.25,0.25
95,95.0,95.0,0.25,0.25,0.25,0.25
96,96.0,96.0,0.25,0.25,0.25,0.25
97,97.0,97.0,0.25,0.25,0.25,0.25
98,98.0,98.0,0.25,0.25,0.25,0.25
99,99.0,99.0,0.25,0.25,0.25,0.25
100,100.0,100.0,0.25,0.25,0.25,0.25
101,101.0,101.0,0.25,0.25,0.25,0.25
102,102.0,102.0,0.25,0.25,0.25,0.25
103,103.0,103.0,0.25,0.25,0.25,0.25
104,104.0,104.0,0.25,0.25,0.25,0.25
105,105.0,105.0,0.25,0.25,0.25,0.25
106,106.0,106.0,0.25,0.25,0.25,0.25
107,107.0,107.0,0.25,0.25,0.25,0.25
108,108.0,108.0,0.25,0.25,0.25,0.25
109,109.0,109.0,0.25,0.25,0.25,0.25
110,110.0,110.0,0.25,0.25,0.25,0.25
111,111.0,111.0,0.25,0.25,0.25,0.25
112,112.0,112.0,0.25,0.25,0.25,0.25
113,113.0,113.0,0.25,0.25,0.25,0.25
114,114.0,114.0,0.25,0.25,0.25,0.25
115,115.0,115.0,0.25,0.25,0.25,0.25
116,116.0,116.0,0.25,0.25,0.25,0.25
117,117.0,117.0,0.25,0.25,0.25,0.25
118,118.0,118.0,0.25,0.25,0.25,0.25
119,119.0,119.0,0.25,0.25,0.25,0.25
120,120.0,120.0,0.25,0.25,0.25,0.25
121,121.0,121.0,0.25,0.25,0.25,0.25
122,122.0,122.0,0.25,0.25,0.25,0.25
123,123.0,123.0,0.25,0.25,0.25,0.25
124,124.0,124.0,0.25,0.25,0.25,0.25
125,125.0,125.0,0.25,0.25,0.25,0.25
126,126.0,126.0,0.25,0.25,0.25,0.25
127,127.0,127.0,0.25,0.25,0.25,0.25
128,128.0,128.0,0.25,0.25,0.25,0.25
129,129.0,129.0,0.25,0.25,0.25,0.25
130,130.0,130.0,0.25,0.25,0.25,0.25
131,131.0,131.0,0.25,0.25,0.25,0.25
132,132.0,132.0,0.25,0.25,0.25,0.25
133,133.0,133.0,0.25,0.25,0.25,0.25
134,134.0,134.0,0.25,0.25,0.25,0.25
135,135.0,135.0,0.25,0.25,0.25,0.25
136,136.0,136.0,0.25,0.25,0.25,0.25
137,137.0,137.0,0.25,0.25,0.25,0.25
138,138.0,138.0,0.25,0.25,0.25,0.25
139,139.0,139.0,0.25,0.25,0.25,0.25
140,140.0,140.0,0.25,0.25,0.25,0.25
141,141.0,141.0,0.25,0.25,0.25,0.25
142,142.0,142.0,0.25,0.25,0.25,0.25
143,143.0,143.0,0.25,0.25,0.25,0.25
144,144.0,144.0,0.25,0.25,0.25,0.25
145,145.0,145.0,0.25,0.25,0.25,0.25
146,146.0,146.0,0.25,0.25,0.25,0.25
147,147.0,147.0,0.25,0.25,0.25,0.25
148,148.0,148.0,0.25,0.25,0.25,0.25
149,149.0,149.0,0.25,0.25,0.25,0.25
150,150.0,150.0,0.25,0.25,0.25,0.25
151,151.0,151.0,0.25,0.25,0.25,0.25
152,152.0,152.0,0.25,0.25,0.25,0.25
153,153.0,153.0,0.25,0.25,0.25,0.25
154,154.0,154.0,0.25,0.25,0.25,0.25
155,155.0,155.0,0.25,0.25,0.25,0.25
156,156.0,156.0,0.25,0.25,0.25,0.25
157,157.0,157.0,0.25,0.25,0.25,0.25
158,158.0,158.0,0.25,0.25,0.25,0.25
159,159.0,159.0,0.25,0.25,0.25,0.25
160,160.0,160.0,0.25,0.25,0.25,0.25
161,161.0,161.0,0.25,0.25,0.25,0.25
162,162.0,162.0,0.25,0.25,0.25,0.25
163,163.0,163.0,0.25,0.25,0.25,0.25
164,164.0,164.0,0.25,0.25,0.25,0.25
165,165.0,165.0,0.25,0.25,0.25,0.25
166,166.0,166.0,0.25,0.25,0.25,0.25
167,167.0,167.0,0.25,0.25,0.25,0.25
168,168.0,168.0,0.25,0.25,0.25,0.25
169,169.0,169.0,0.25,0.25,0.25,0.25
170,170.0,170.0,0.25,0.25,0.25,0.25
171,171.0,171.0,0.25,0.25,0.25,0.25
172,172.0,172.0,0.25,0.25,0.25,0.25
173,173.0,173.0,0.25,0.25,0.25,0.25
174,174.0,174.0,0.25,0.25,0.25,0.25
175,175.0,175.0,0.25,0.25,0.25,0.25
176,176.0,176.0,0.25,0.25,0.25,0.25
177,177.0,177.0,0.25,0.25,0.25,0.25
178,178.0,178.0,0.25,0.25,0.25,0.25
179,179.0,179.0,0.25,0.25,0.25,0.25
180,180.0,180.0,0.25,0.25,0.25,0.25
181,181.0,181.0,0.25,0.25,0.25,0.25
182,182.0,182.0,0.25,0.25,0.25,0.25
183,183.0,183.0,0.25,0.25,0.25,0.25
184,184.0,184.0,0.25,0.25,0.25,0.25
185,185.0,185.0,0.25,0.25,0.25,0.25
186,186.0,186.0,0.25,0.25,0.25,0.25
187,187.0,187.0,0.25,0.25,0.25,0.25
188,188.0,188.0,0.25,0.25,0.25,0.25
189,189.0,189.0,0.25,0.25,0.25,0.25
190,190.0,190.0,0.25,0.25,0.25,0.25
191,191.0,191.0,0.25,0.25,0.25,0.25
192,192.0,192.0,0.25,0.25,0.25,0.25
193,193.0,193.0,0.25,0.25,0.25,0.25
194,194.0,194.0,0.25,0.25,0.25,0.25
195,195.0,195.0,0.25,0.25,0.25,0.25
196,196.0,196.0,0.25,0.25,0.25,0.25
197,197.0,197.0,0.25,0.25,0.25,0.25
198,198.0,198.0,0.25,0.25,0.25,0.25
199,199.0,199.0,0.25,0.25,0.25,0.25
200,200.0,200.0,0.20802299714707942,0.3242483325608205,0.13105997913244546,0.33666869115965437
201,201.0,201.0,0.20752154947986473,0.32406874101277505,0.12914544125552874,0.3392642682518313
202,202.0,202.0,0.2071389976339379,0.32546459038396736,0.12864479980069288,0.3387516121814017
203,203.0,203.0,0.2068772540982128,0.32651220296844696,0.12780590870299025,0.33880463423034984
204,204.0,204.0,0.20408871949362611,0.32714944824671327,0.12941118513114264,0.3393506471285179
205,205.0,205.0,0.2049441017293029,0.327672803960128,0.12963075772754862,0.3377523365830204
206,206.0,206.0,0.20490634896348303,0.32929581720568785,0.13007387026312126,0.3357239635677077
207,207.0,207.0,0.20436355101633685,0.32897913366803494,0.1310699065985469,0.3355874087170811
208,208.0,208.0,0.2025399693783078,0.3285368055639261,0.13168978423554745,0.3372334408222185
209,209.0,209.0,0.20204596243519918,0.32768057465164996,0.13194832612751733,0.33832513678563336
210,210.0,210.0,0.2028754538760274,0.324698560869014,0.13291992542028094,0.3395060598346774
211,211.0,211.0,0.20350619585089902,0.3238472802710539,0.13520994726083974,0.3374365766172071
212,212.0,212.0,0.20473989112943633,0.32464444675460286,0.13368765040776115,0.3369280117081996
213,213.0,213.0,0.20827177580724182,0.3236506168399278,0.1350522068583389,0.33302540049449136
214,214.0,214.0,0.2121116593528969,0.32053122649559296,0.13635014725379277,0.33100696689771725
215,215.0,215.0,0.21110294126259949,0.32097269115010996,0.13705853180073124,0.33086583578655915
216,216.0,216.0,0.210968524672216,0.3211418637336407,0.1370539643119421,0.33083564728220116
217,217.0,217.0,0.21380629794489248,0.3211622277343392,0.13501209200792846,0.33001938231283967
218,218.0,218.0,0.21534958012042488,0.32163714645687597,0.13440693184669236,0.3286063415760067
219,219.0,219.0,0.21568503068660982,0.3220490294487406,0.13496748264829153,0.32729845721635803
220,220.0,220.0,0.21567074243989773,0.322191657456779,0.13511363336120924,0.32702396674211387
221,221.0,221.0,0.2160140526346273,0.3207375875568297,0.1356668424744662,0.3275815173340767
222,222.0,222.0,0.21757250910382248,0.31975810126271836,0.1373034386293207,0.32536595100413823
223,223.0,223.0,0.21538492499428888,0.318649131210191,0.1377059875539251,0.3282599562415949
224,224.0,224.0,0.21592352511209728,0.3192152898466417,0.13743929674761177,0.327421888293649
225,225.0,225.0,0.2147224162285085,0.31663216356229185,0.13798182273666576,0.3306635974725337
226,226.0,226.0,0.21315705282433792,0.3148795480899873,0.1381521068146912,0.3338112922709834
227,227.0,227.0,0.21268151595742862,0.3153647171916145,0.1371519534173462,0.33480181343361054
228,228.0,228.0,0.2117053208572454,0.31438493349720736,0.13738219164674348,0.33652755399880363
229,229.0,229.0,0.2135977080434155,0.31386380880278486,0.13681833992702566,0.33572014322677385
230,230.0,230.0,0.21051493970084154,0.3155995797139292,0.13651660155367346,0.33736887903155566
231,231.0,231.0,0.2096802400006732,0.31640749788888234,0.13708615702322996,0.3368261050872144
232,232.0,232.0,0.20978493016758176,0.3158718005237128,0.1371324155447237,0.3372108537639815
233,233.0,233.0,0.20931405051216534,0.3174659039667366,0.13560397448098646,0.3376160710401114
234,234.0,234.0,0.21021245192567112,0.316144693848137,0.13675984761592658,0.33688300661026516
235,235.0,235.0,0.21021037378557902,0.3160624747814065,0.13723258060033355,0.33649457083268075
236,236.0,236.0,0.2089229020437454,0.31528801245892424,0.13749383543129756,0.3382952500660326
237,237.0,237.0,0.20778473351160714,0.31628895533526996,0.13719435889979195,0.3387319522533307
238,238.0,238.0,0.2076199342254157,0.3165727290023754,0.13697674038204913,0.33883059639015956
239,239.0,239.0,0.21012639676649475,0.3173672189585112,0.1381762339725886,0.3343301503024053
240,240.0,240.0,0.21103978060929526,0.3160645936496521,0.13930189321593606,0.3335937325251165
241,241.0,241.0,0.20970863652946795,0.31776107586098634,0.13892596484435574,0.3336043227651898
242,242.0,242.0,0.21271575372631016,0.31719788708628993,0.13553558355783163,0.33455077562956814
243,243.0,243.0,0.2114596875241978,0.3186269461388975,0.1371639707680501,0.3327493955688544
244,244.0,244.0,0.21486700353082178,0.3164552854339317,0.1363557664378475,0.3323219445973989
245,245.0,245.0,0.2140667696856194,0.31515226083456194,0.13734017126810644,0.333440798211712
246,246.0,246.0,0.2141696189748858,0.3164417717126286,0.13399578491110664,0.33539282440137874
247,247.0,247.0,0.21518423438813966,0.3165816737896171,0.1351659178172972,0.33306817400494587
248,248.0,248.0,0.2168370602060309,0.3155654259901789,0.13484421358239565,0.3327533002213945
249,249.0,249.0,0.21930437575556452,0.3167782807499575,0.13551382615069688,0.3284035173437811
250,250.0,250.0,0.2178748875227333,0.3178227791271864,0.1356597121916389,0.32864262115844123
251,251.0,251.0,0.2158052546387173,0.31828857018131657,0.13625091239417778,0.3296552627857884
252,252.0,252.0,0.21594223475274993,0.31968072783957735,0.13515738547437275,0.3292196519332999
253,253.0,253.0,0.21612987150101254,0.31867632858947215,0.13633785288516595,0.3288559470243492
254,254.0,254.0,0.2173622698996529,0.3184297337818994,0.13578711600329113,0.32842088031515637
255,255.0,255.0,0.2227682767554804,0.31065117103812423,0.13720717053644896,0.32937338166994634
256,256.0,256.0,0.22479834942279192,0.30951045723512394,0.13962740239474258,0.3260637909473415
257,257.0,257.0,0.22617337769236862,0.3104396351644596,0.13830592129251748,0.32508106585065416
258,258.0,258.0,0.2252475519023966,0.3106114205971418,0.13789033552878305,0.3262506919716784
259,259.0,259.0,0.23052948871737627,0.31017119477386706,0.13828014764528435,0.32101916886347226
260,260.0,260.0,0.23541814437924208,0.310645203079144,0.13880984503151164,0.31512680751010225
261,261.0,261.0,0.2332242872614377,0.3086304522809794,0.14321397270208802,0.3149312877554948
262,262.0,262.0,0.23262695124038296,0.3093258533007463,0.14149862292835397,0.3165485725305166
263,263.0,263.0,0.23234130498772415,0.3102976961880484,0.14285093890357287,0.31451005992065445
264,264.0,264.0,0.23170938570233407,0.3124883812009741,0.14305274273673943,0.31274949035995225
265,265.0,265.0,0.2324188982686357,0.3119741655002132,0.14296340959239812,0.3126435266387527
266,266.0,266.0,0.23539856786348246,0.31084515799496076,0.14245958510635354,0.3112966890352031
267,267.0,267.0,0.23618630852150604,0.30983979359714364,0.14291147078585664,0.3110624270954936
268,268.0,268.0,0.23751178452789193,0.30954806976276694,0.14185151305856616,0.3110886326507749
269,269.0,269.0,0.23805275496785322,0.309264385833538,0.1418341577464538,0.31084870145215493
270,270.0,270.0,0.23935967154146448,0.3094388926186548,0.14071861241519118,0.3104828234246894
271,271.0,271.0,0.2404236820274405,0.311103574908548,0.14082537015382518,0.30764737291018623
272,272.0,272.0,0.24128453558978985,0.31212470752252425,0.1407667412423735,0.30582401564531225
273,273.0,273.0,0.23980957786630608,0.3131210563684207,0.1415515165112529,0.30551784925402026
274,274.0,274.0,0.24082008099271307,0.3140068711749221,0.13981948029663183,0.3053535675357329
275,275.0,275.0,0.24231837454307265,0.3146795305776154,0.1381994952153777,0.3048025996639342
276,276.0,276.0,0.2440200825822294,0.313850572246693,0.13798351348680302,0.3041458316842744
277,277.0,277.0,0.24256156398478024,0.3145502020860154,0.13979300555783153,0.30309522837137287
278,278.0,278.0,0.24373188773561516,0.3147196185305491,0.13894840651916468,0.3026000872146709
279,279.0,279.0,0.2436163113588329,0.31404702393405504,0.13978069534587031,0.3025559693612416
280,280.0,280.0,0.24163776071163104,0.3141606775760215,0.1410194681723225,0.3031820935400248
281,281.0,281.0,0.23812611879395412,0.31498126369674173,0.14444807103447072,0.3024445464748333
282,282.0,282.0,0.2365921464480508,0.3140720088218202,0.1463734879995408,0.30296235673058797
283,283.0,283.0,0.23502751235067126,0.31388281081457314,0.14584387491040168,0.3052458019243537
284,284.0,284.0,0.2343753796512397,0.3139456712869394,0.1475288930037157,0.3041500560581051
285,285.0,285.0,0.23306046915209616,0.31499278444799783,0.14842005035927125,0.3035266960406346
286,286.0,286.0,0.2331188696655607,0.3155346272843945,0.1489823476409498,0.3023641554090949
287,287.0,287.0,0.23176754212401773,0.3166403634257686,0.14904643634093703,0.30254565810927647
288,288.0,288.0,0.2292747801888831,0.31580924562685986,0.15075024683192234,0.3041657273523347
289,289.0,289.0,0.2291541349457189,0.314016297563358,0.15240295857097683,0.3044266089199461
290,290.0,290.0,0.22824516203162087,0.31310450424615077,0.15305841116518146,0.3055919225570468
291,291.0,291.0,0.22841284472491563,0.31252388967119565,0.15359084218282543,0.3054724234210631
292,292.0,292.0,0.23056210774017538,0.31289306387168875,0.15100586953756018,0.3055389588505756
293,293.0,293.0,0.2336745899600031,0.3105234121122226,0.15217440444681607,0.3036275934809581
294,294.0,294.0,0.2364900335317437,0.3118760188755458,0.14973326590811295,0.3019006816845974
295,295.0,295.0,0.23719906498709187,0.31101530728466453,0.15211345433543583,0.29967217339280755
296,296.0,296.0,0.23852352380230996,0.3101919432987274,0.15257856567749165,0.2987059672214708
297,297.0,297.0,0.2386855322754869,0.31172022812447014,0.15280492495952028,0.2967893146405226
298,298.0,298.0,0.2384143871225195,0.31055974237863776,0.15628789069834814,0.29473797980049454
299,299.0,299.0,0.23982428410804763,0.3090017363672785,0.15745346056014253,0.29372051896453133
300,300.0,300.0,0.23827954213112662,0.31064252521547076,0.15901544120259445,0.2920624914508081
301,301.0,301.0,0.23646667833027174,0.3110754479051197,0.1588976775614657,0.29356019620314283
302,302.0,302.0,0.23767950935190565,0.31161835418328926,0.15777468019766192,0.292927456267143
303,303.0,303.0,0.23652819721038196,0.3125987563559771,0.1562664573601515,0.2946065890734893
304,304.0,304.0,0.23832203283661993,0.31126152387130784,0.1539228568208646,0.2964935864712076
305,305.0,305.0,0.237502642591899,0.31311007883508146,0.15400987049733672,0.2953774080756828
306,306.0,306.0,0.2387150611049716,0.31194251389423544,0.1545047743626302,0.2948376506381626
307,307.0,307.0,0.23742794903857017,0.31343443053584674,0.15441582965125428,0.2947217907743287
308,308.0,308.0,0.24058813331046477,0.31076748019778594,0.1544402636969932,0.294204122794756
309,309.0,309.0,0.23960837547917477,0.310719326503486,0.15519987252364761,0.2944724254936914
310,310.0,310.0,0.2392905354282638,0.31187002138815856,0.1538535915842124,0.29498585159936513
311,311.0,311.0,0.2398989003243758,0.31395124140852826,0.15307001628093836,0.29307984198615755
312,312.0,312.0,0.23937608223413073,0.3154446092068597,0.15137769428339926,0.29380161427561025
313,313.0,313.0,0.23955904318520999,0.3169621552807996,0.14885987581383292,0.2946189257201575
314,314.0,314.0,0.23869631596227125,0.31656121952933536,0.14804818701976258,0.2966942774886307
315,315.0,315.0,0.23790156722215552,0.3152964800177622,0.15079656139016692,0.2960053913699152
316,316.0,316.0,0.24075355292120001,0.31302939854526807,0.1502141729013444,0.29600287563218747
317,317.0,317.0,0.2402269774701268,0.31472765196792174,0.1499279265908275,0.2951174439711238
318,318.0,318.0,0.24018928162199274,0.3140750840916511,0.15044638244953215,0.2952892518368238
319,319.0,319.0,0.2395299456191883,0.3142085004482446,0.15185779800400068,0.2944037559285662
320,320.0,320.0,0.23882037197649955,0.31597054473731595,0.1511472102692018,0.2940618730169825
321,321.0,321.0,0.2404756424240797,0.3147398423723295,0.1491678227057835,0.2956166924978072
322,322.0,322.0,0.24198163358402053,0.3130830103708825,0.14843824523486762,0.29649711081022917
323,323.0,323.0,0.24073025326325684,0.31134928669127493,0.15304604030935584,0.29487441973611234
324,324.0,324.0,0.24013696423483727,0.31200876646403675,0.15366093692193236,0.29419333237919354
325,325.0,325.0,0.23997602536643425,0.3118246204155727,0.15339521783228602,0.2948041363857069
326,326.0,326.0,0.2416472219360372,0.31011186139375824,0.1527951443180427,0.2954457723521618
327,327.0,327.0,0.24232969984409342,0.30961608017225095,0.15291445368550877,0.29513976629814687
328,328.0,328.0,0.24161475849142916,0.3102682054064314,0.15255568962703042,0.29556134647510895
329,329.0,329.0,0.2415707179124363,0.31186640401301,0.1517024819853713,0.2948603960891822
330,330.0,330.0,0.24092684721271293,0.3124028052064637,0.1509729415647485,0.29569740601607475
331,331.0,331.0,0.2422798423992593,0.3123248208158922,0.15121976623691843,0.29417557054793
332,332.0,332.0,0.24350268486420273,0.3122246465941362,0.14827709559509547,0.2959955729465654
333,333.0,333.0,0.2438284218668682,0.31191283214465343,0.1472842297857921,0.2969745162026861
334,334.0,334.0,0.24512028815352727,0.31006146937560636,0.1470905006890849,0.29772774178178146
335,335.0,335.0,0.24682988886150775,0.31011580257354443,0.1445175732183137,0.298536735346634
336,336.0,336.0,0.24877967475012475,0.3095610755447363,0.14407100898158387,0.29758824072355505
337,337.0,337.0,0.2485634452673524,0.3081096482184225,0.144705784681445,0.29862112183277995
338,338.0,338.0,0.24877699366208042,0.30792473487997907,0.14457324773685043,0.29872502372109
339,339.0,339.0,0.2501096119455798,0.3097058018271471,0.14096494247583125,0.2992196437514418
340,340.0,340.0,0.24998826946041475,0.30860152635682603,0.1410815071684111,0.30032869701434795
341,341.0,341.0,0.250381089653964,0.3083104194488083,0.1408852410166889,0.30042324988053865
342,342.0,342.0,0.24970120720079736,0.30791606078681344,0.1409833691105269,0.3013993629018622
343,343.0,343.0,0.24954608906673367,0.3072438427741119,0.1415813297777405,0.3016287383814136
344,344.0,344.0,0.251332136856827,0.305146930965885,0.1419187019734833,0.30160223020380456
345,345.0,345.0,0.25260908662356873,0.30410152417034264,0.1416756658024692,0.30161372340361925
346,346.0,346.0,0.254408658019594,0.3053168756673478,0.13818051348763993,0.3020939528254182
347,347.0,347.0,0.25325949706471085,0.3049669939788282,0.13881238901833068,0.30296111993813
348,348.0,348.0,0.2533843742694641,0.3042187093083558,0.13980380792064048,0.30259310850153953
349,349.0,349.0,0.2549584790419264,0.3045523384155686,0.13743316423393198,0.3030560183085728
350,350.0,350.0,0.25523157237591415,0.3052368346874069,0.13763344367541186,0.3018981492612668
351,351.0,351.0,0.2551433967218203,0.30388609965906876,0.13830928238891219,0.3026612212301985
352,352.0,352.0,0.2563983028770732,0.3016746752614778,0.13870696634192528,0.30322005551952347
353,353.0,353.0,0.25544043928354254,0.30077388128112226,0.1408657276087107,0.30291995182662446
354,354.0,354.0,0.25617795728205295,0.3010249559284227,0.1393309586791907,0.3034661281103335
355,355.0,355.0,0.25719625451878486,0.3003050167359011,0.1400914735281551,0.30240725521715883
356,356.0,356.0,0.2618599179171105,0.2985775930435506,0.1388426787474925,0.3007198102918463
357,357.0,357.0,0.2608854036751436,0.2987028542694449,0.1409131041317819,0.2994986379236296
358,358.0,358.0,0.2597953161242422,0.29956250827050823,0.14039122303865195,0.3002509525665974
359,359.0,359.0,0.25988928793367067,0.2995728599258746,0.14022336160328294,0.30031449053717163
360,360.0,360.0,0.25690553779097336,0.2984512451971093,0.14152359159012198,0.3031196254217952
361,361.0,361.0,0.2583601691989356,0.298773461479357,0.14144584400037466,0.3014205253213326
362,362.0,362.0,0.26016519923295356,0.2979220323302367,0.1414602410579378,0.30045252737887185
363,363.0,363.0,0.2594411306131251,0.29786029321952456,0.14145933991324217,0.301239236254108
364,364.0,364.0,0.258372863036578,0.29691839952244964,0.13975635598190647,0.3049523814590657
365,365.0,365.0,0.2579619742061804,0.2965957079183064,0.13879716102659098,0.306645156848922
366,366.0,366.0,0.25946049844590935,0.2949210454773856,0.13912384518631232,0.30649461089039254
367,367.0,367.0,0.257926381086795,0.29319599476656416,0.14246761501959856,0.30641000912704214
368,368.0,368.0,0.2581494008221781,0.2926348155931374,0.1434360187035935,0.3057797648810909
369,369.0,369.0,0.2589684131689343,0.2940890988892652,0.1412451436577295,0.30569734428407086
370,370.0,370.0,0.25996210903755085,0.2934297290691257,0.14148160203042487,0.3051265598628985
371,371.0,371.0,0.2567724223477673,0.2957823975521595,0.14190777264457705,0.30553740745549607
372,372.0,372.0,0.25487413176389717,0.29427018808534416,0.14572692622610167,0.3051287539246569
373,373.0,373.0,0.25300865312933485,0.2928295299991965,0.14840290875998924,0.30575890811147943
374,374.0,374.0,0.2536794924873641,0.29241617613436255,0.1485592692216459,0.3053450621566273
375,375.0,375.0,0.25435062232627875,0.29236654412342866,0.14793297954016232,0.30534985401013015
376,376.0,376.0,0.2533121623946036,0.2936303175644532,0.14825887172237556,0.3047986483185677
377,377.0,377.0,0.25492786334130907,0.29307186073770347,0.14718526178036123,0.3048150141406261
378,378.0,378.0,0.25473849220270894,0.29301164517592315,0.1471163316477399,0.30513353097362794
379,379.0,379.0,0.2534841183276691,0.292904976407681,0.14811907892288537,0.3054918263417644
380,380.0,380.0,0.2558863829198238,0.29117422405182636,0.1472874665286939,0.3056519264996559
381,381.0,381.0,0.2574942328214229,0.290800493901579,0.14872467963652092,0.302980593640477
382,382.0,382.0,0.2567789343965805,0.29001261437798104,0.14843404077943695,0.3047744104460014
383,383.0,383.0,0.25682703283503966,0.2913744676037793,0.14759939750805487,0.30419910205312606
384,384.0,384.0,0.25856167125106544,0.2894601249946598,0.14911200231452876,0.3028662014397459
385,385.0,385.0,0.2603588122803823,0.28737449357487976,0.14970180436297365,0.3025648897817642
386,386.0,386.0,0.24748352336089158,0.30695185687965215,0.1446819522167268,0.3008826675427294
387,387.0,387.0,0.24825172747999194,0.3030199150061018,0.1487892322083384,0.2999391253055677
388,388.0,388.0,0.2487943706229594,0.3000051780868248,0.14931335768364812,0.3018870936065675
389,389.0,389.0,0.24951805911361777,0.30009994158088343,0.14929095801190567,0.301091041293593
390,390.0,390.0,0.25154596884562885,0.2996949674556492,0.1483894172157875,0.30036964648293435
391,391.0,391.0,0.24996606257969328,0.30226185257713534,0.14773408689708997,0.3000379979460812
392,392.0,392.0,0.2511805415721432,0.3020249767260131,0.14698320803721304,0.29981127366463056
393,393.0,393.0,0.25068152984250597,0.3016342200063852,0.14742834383498965,0.3002559063161191
394,394.0,394.0,0.2499552796193394,0.301391557140641,0.146826253938023,0.30182690930199657
395,395.0,395.0,0.2499638975368847,0.3000297273663616,0.14936175168470173,0.3006446234120519
396,396.0,396.0,0.25114597271011596,0.29758677228421526,0.1497607169654444,0.3015065380402243
397,397.0,397.0,0.25134633665522377,0.2977311473686458,0.14902106000997753,0.30190145596615275
398,398.0,398.0,0.2505377156230211,0.2980791093793337,0.1488888324518785,0.30249434254576657
399,399.0,399.0,0.24977704729047528,0.3001095027398798,0.14859883848640879,0.30151461148323605
400,400.0,400.0,0.25040779205253083,0.2999801111782813,0.14891719563126415,0.30069490113792374
401,401.0,401.0,0.24501252562996573,0.30845466821689826,0.14659368522940786,0.299939120923728
402,402.0,402.0,0.24452700285359547,0.3084409367304825,0.14608960805916832,0.30094245235675354
403,403.0,403.0,0.24498627412418683,0.308966699254483,0.14517892415727024,0.3008681024640599
404,404.0,404.0,0.24478532186572727,0.30829580405933893,0.1456417323682096,0.30127714170672415
405,405.0,405.0,0.24522726615628182,0.3072444709869145,0.14670171390418948,0.3008265489526142
406,406.0,406.0,0.24695805428716558,0.30448592248287343,0.14613134314210682,0.302424680087854
407,407.0,407.0,0.24599612742271892,0.3055853639928721,0.14651795282058552,0.30190055576382335
408,408.0,408.0,0.24625338823472465,0.30527685825607387,0.14620364769719824,0.30226610581200314
409,409.0,409.0,0.2478481086655532,0.30235024903026964,0.1466516087464089,0.3031500335577682
410,410.0,410.0,0.24708215304812425,0.3017563322726636,0.14699035164453086,0.3041711630346812
411,411.0,411.0,0.247620643164059,0.3012436673149855,0.14745190358641516,0.3036837859345404
412,412.0,412.0,0.24338225709638764,0.3045097277703795,0.14734312604564298,0.30476488908758975
413,413.0,413.0,0.2381406050034644,0.3109409708476587,0.1472206081380367,0.3036978160108401
414,414.0,414.0,0.23711732199091565,0.311484694183458,0.14838947042800724,0.3030085133976191
415,415.0,415.0,0.23875334517769448,0.3125415154457903,0.14346097255444046,0.3052441668220748
416,416.0,416.0,0.23759065852877687,0.31259084402508985,0.14397212060744238,0.3058463768386907
417,417.0,417.0,0.23586608920738036,0.31422245927021136,0.14349276470638178,0.3064186868160264
418,418.0,418.0,0.23527034901695404,0.31426799936696187,0.14310448419586558,0.3073571674202184
419,419.0,419.0,0.23560801195037406,0.3131776167914661,0.14305894059222993,0.30815543066592976
420,420.0,420.0,0.23902593782062778,0.30970912804025896,0.14264836808323014,0.30861656605588295
421,421.0,421.0,0.239522564825847,0.30934660834058225,0.1423691499568443,0.3087616768767264
422,422.0,422.0,0.23769973449771134,0.3111615332069606,0.1428283848711929,0.308310347424135
423,423.0,423.0,0.23867291488436107,0.309036764353571,0.1441956503951953,0.30809467036687244
424,424.0,424.0,0.2371972715243389,0.3115333257239256,0.14539261492537486,0.3058767878263604
425,425.0,425.0,0.23749104418885492,0.3121978177257835,0.1462132330209051,0.3040979050644564
426,426.0,426.0,0.23814349555143002,0.31196006502883095,0.1467818206984471,0.30311461872129186
427,427.0,427.0,0.2386757761642983,0.31167868900509277,0.14676211688723395,0.3028834179433749
428,428.0,428.0,0.23689106284154895,0.3111271004225124,0.1464996235418346,0.30548221319410396
429,429.0,429.0,0.23769913626442135,0.3110117771273473,0.14617755981812183,0.3051115267901095
430,430.0,430.0,0.23839596945327698,0.3102330388409821,0.14638225911797736,0.30498873258776343
431,431.0,431.0,0.23892601721185228,0.31052957055640107,0.145380544122149,0.30516386810959767
432,432.0,432.0,0.2397258499001497,0.31066208093973346,0.14386161687079413,0.3057504522893226
433,433.0,433.0,0.23909862098532747,0.3129553732567791,0.1423917972499797,0.3055542085079136
434,434.0,434.0,0.23926623623192117,0.3132268279833691,0.14105217380214666,0.30645476198256294
435,435.0,435.0,0.23977764844014313,0.3145487109704929,0.14070165515077931,0.3049719854385845
436,436.0,436.0,0.236984250410693,0.31631429948567436,0.1412426055470499,0.3054588445565827
437,437.0,437.0,0.23684508009685484,0.3173049345090197,0.14071418212397369,0.30513580327015166
438,438.0,438.0,0.2372752119567138,0.31462482554617244,0.14185614213951095,0.30624382035760267
439,439.0,439.0,0.2374227663893269,0.31498999528386223,0.14082031944794843,0.3067669188788623
440,440.0,440.0,0.2381118895327577,0.3136578856141222,0.14088797439713033,0.3073422504559896
441,441.0,441.0,0.23699508568288058,0.3115853889678589,0.1429963574679602,0.30842316788130025
442,442.0,442.0,0.23873682517050102,0.30963252185404894,0.14120861391354605,0.31042203906190385
443,443.0,443.0,0.23660963712184202,0.31096194048570797,0.13944155924585044,0.31298686314659946
444,444.0,444.0,0.23760229025809668,0.3102835544235629,0.13920884040092443,0.3129053149174158
445,445.0,445.0,0.23915108103730337,0.3091214667655585,0.13952841392191065,0.31219903827522727
446,446.0,446.0,0.24145595160606442,0.30589798026403114,0.13933036904254187,0.3133156990873625
447,447.0,447.0,0.24173836363086462,0.3061089771198646,0.13964555906607873,0.31250710018319194
448,448.0,448.0,0.24196658524039055,0.30483756233486936,0.14003722913648234,0.3131586232882576
449,449.0,449.0,0.2437601798373942,0.3034119382586103,0.1407870170258017,0.3120408648781937
450,450.0,450.0,0.2450637508313954,0.30211913944800317,0.14173637354678809,0.3110807361738132
451,451.0,451.0,0.24516889046444268,0.3017894115350301,0.14276060409656105,0.3102810939039661
452,452.0,452.0,0.24561612444119746,0.30175340822811825,0.1415161206800329,0.31111434665065135
453,453.0,453.0,0.2443937995079791,0.30276830177654757,0.14290116770838018,0.30993673100709296
454,454.0,454.0,0.24623252161873982,0.30152202685807694,0.14274258379974647,0.3095028677234366
455,455.0,455.0,0.2457292608820038,0.3032072275571992,0.13983241827165266,0.3112310932891441
456,456.0,456.0,0.24846005127968307,0.3005683057392595,0.13969950853928825,0.31127213444176893
457,457.0,457.0,0.25068430899986,0.29682345619928585,0.14075061609348338,0.3117416187073706
458,458.0,458.0,0.2472327063315615,0.2975115495571532,0.14335641644883154,0.31189932766245365
459,459.0,459.0,0.24763260189270989,0.2988037210310578,0.1422306472571046,0.3113330298191277
460,460.0,460.0,0.24767478279818939,0.30030116891531,0.1418422977335618,0.3101817505529388
461,461.0,461.0,0.2475670896521293,0.2989812817654484,0.14391299655057685,0.3095386320318452
462,462.0,462.0,0.2483163796370605,0.2967747970622203,0.14221870029997447,0.3126901230007446
463,463.0,463.0,0.2506650904979843,0.29273518314156055,0.1426930013911752,0.31390672496927985
464,464.0,464.0,0.25173588571418887,0.29323542147053855,0.14359270488924278,0.31143598792602956
465,465.0,465.0,0.25256780156099257,0.2903807747843648,0.14323652409355603,0.31381489956108644
466,466.0,466.0,0.25082244624506805,0.2913499156751706,0.14368270765006666,0.3141449304296945
467,467.0,467.0,0.25031387452860027,0.29115684080882476,0.14336595228518428,0.31516333237739047
468,468.0,468.0,0.25012239616440884,0.2919610500257559,0.14492466415022442,0.3129918896596107
469,469.0,469.0,0.24902966570497514,0.2932786992867753,0.14608607089731765,0.3116055641109319
470,470.0,470.0,0.2479551236200551,0.2927830291473959,0.14580118009399254,0.31346066713855636
471,471.0,471.0,0.24722734959527531,0.2904926347166253,0.14810863881822273,0.3141713768698766
472,472.0,472.0,0.24706626521658137,0.29079214887102756,0.14681554261482102,0.3153260432975699
473,473.0,473.0,0.24821379413746675,0.28859803339431633,0.14790915719340292,0.31527901527481383
474,474.0,474.0,0.2477166245007742,0.2901807274317766,0.14656625569618686,0.31553639237126224
475,475.0,475.0,0.24712578154349782,0.2880920127133939,0.14770362676016105,0.31707857898294706
476,476.0,476.0,0.24735691572434898,0.2856980883802122,0.14593892073454606,0.3210060751608927
477,477.0,477.0,0.24675429308228392,0.2843375276378609,0.1467680677745713,0.32214011150528366
478,478.0,478.0,0.24700393541332571,0.28471542066558114,0.14674345179242146,0.3215371921286716
479,479.0,479.0,0.24608986342446268,0.2875861952741624,0.14502983302408742,0.3212941082772874
480,480.0,480.0,0.24643698951728105,0.28769716609090906,0.14281409905481568,0.32305174533699416
481,481.0,481.0,0.2464336482755149,0.2875082474505327,0.1417075469709586,0.3243505573029936
482,482.0,482.0,0.2459796000641899,0.28932332838088015,0.14142458013584097,0.323272491419089
483,483.0,483.0,0.24718423086455316,0.2889556334043889,0.139676990746198,0.32418314498485984
484,484.0,484.0,0.24780815940745696,0.29016989659555203,0.13922190383380906,0.3228000401631818
485,485.0,485.0,0.24763065269489265,0.28970192283069973,0.13959385708264177,0.32307356739176574
486,486.0,486.0,0.2471331944338943,0.2885685609250765,0.13958109152361717,0.3247171531174119
487,487.0,487.0,0.2462697186181131,0.2889330598436909,0.1402044058876614,0.32459281565053444
488,488.0,488.0,0.2453291445028829,0.28920827032050145,0.13823637087018692,0.3272262143064287
489,489.0,489.0,0.24491005324933668,0.2892540041309556,0.13776497785623013,0.3280709647634774
490,490.0,490.0,0.24638972049811808,0.2894092281866766,0.13694745289958202,0.32725359841562324
491,491.0,491.0,0.24618564084870012,0.28858306260877603,0.13830943895086095,0.3269218575916628
492,492.0,492.0,0.24336581022264142,0.2892532385104178,0.13978551479514195,0.3275954364717987
493,493.0,493.0,0.24005262806243963,0.2902922414659639,0.1408277337031219,0.32882739676847444
494,494.0,494.0,0.2403909775597343,0.29206378545991224,0.13816698840198763,0.32937824857836573
495,495.0,495.0,0.23954218223432613,0.2928763584977438,0.13632494228664407,0.33125651698128594
496,496.0,496.0,0.2401363753928179,0.29085514597563145,0.1357865980004509,0.3332218806310998
497,497.0,497.0,0.24184655015637513,0.2906950735446716,0.1337954686628154,0.3336629076361376
498,498.0,498.0,0.24034907257427585,0.29098595819189177,0.13204384370900496,0.33662112552482726
499,499.0,499.0,0.24060770935591108,0.290022535528491,0.13104828567439292,0.33832146944120495
500,500.0,500.0,0.23994010306278396,0.28906624244698265,0.13132193049214577,0.3396717239980875
501,501.0,501.0,0.2374332668879821,0.28786018955173803,0.13144191856036164,0.34326462499991806
502,502.0,502.0,0.23769280646663718,0.2875407974992493,0.1321528865102521,0.34261350952386127
503,503.0,503.0,0.23617921149231358,0.28761103390660625,0.13260607061073212,0.3436036839903479
504,504.0,504.0,0.2362081155233488,0.2862201899388133,0.1333219957756718,0.344249698762166
505,505.0,505.0,0.23587697460460633,0.2863267073297703,0.13302024183049826,0.34477607623512496
506,506.0,506.0,0.23483434165719355,0.2845997951259163,0.13321834169391206,0.34734752152297793
507,507.0,507.0,0.23314965338711574,0.2844474955518964,0.13407997349768186,0.34832287756330577
508,508.0,508.0,0.23123382317168226,0.28519294749481217,0.13462065904867493,0.3489525702848305
509,509.0,509.0,0.22823489567149183,0.2904524519132502,0.13471379966255745,0.3465988527527003
510,510.0,510.0,0.2268068372841508,0.2906202782148668,0.13673882271585142,0.3458340617851309
511,511.0,511.0,0.22859921331944708,0.2907069260010622,0.13750842347399336,0.34318543720549727
512,512.0,512.0,0.22609110727566809,0.2884231617211003,0.13808587705021066,0.34739985395302087
513,513.0,513.0,0.22500488026975654,0.2893489885106316,0.13836409835818264,0.3472820328614291
514,514.0,514.0,0.22691808840560962,0.28862376215388363,0.13691233018843077,0.3475458192520758
515,515.0,515.0,0.21583752020473393,0.2875432747542071,0.1562043024225816,0.34041490261847707
516,516.0,516.0,0.21428199720356136,0.2872110599211436,0.1584685994000019,0.3400383434752929
517,517.0,517.0,0.21447790783003073,0.2875509117405858,0.15871220291035879,0.33925897751902456
518,518.0,518.0,0.2144200364804037,0.28732618673001536,0.15683813170731284,0.34141564508226796
519,519.0,519.0,0.21488292238558956,0.2856495210449159,0.15778364896956978,0.3416839075999246
520,520.0,520.0,0.21564574044957427,0.285302033913179,0.15968549822639203,0.3393667274108546
521,521.0,521.0,0.21440854028094175,0.2870945436723641,0.1606516313491551,0.337845284697539
522,522.0,522.0,0.21376045243781522,0.28991075227610213,0.15391368024752444,0.3424151150385582
523,523.0,523.0,0.2142778423572818,0.29039652957850576,0.15242103620863384,0.3429045918555784
524,524.0,524.0,0.21550831655160807,0.28867546626473994,0.15310069722325376,0.34271551996039806
525,525.0,525.0,0.2157820544616779,0.29024025000700526,0.15223659756304178,0.34174109796827506
526,526.0,526.0,0.2173418686340959,0.2889292291586546,0.15231206518595336,0.3414168370212961
527,527.0,527.0,0.21632895503626495,0.287453127820835,0.1540465667371983,0.3421713504057016
528,528.0,528.0,0.21897332639856484,0.2849498829394685,0.15419067942212628,0.34188611123984014
529,529.0,529.0,0.22036275768465358,0.2832630090601934,0.15493535907154515,0.3414388741836077
530,530.0,530.0,0.22052640706925777,0.28266231510954765,0.15649363620820564,0.34031764161298883
531,531.0,531.0,0.22146887647077898,0.28632549588645156,0.15572925690879996,0.3364763707339694
532,532.0,532.0,0.21986731033874932,0.2853339269435854,0.15784434666294472,0.33695441605472043
533,533.0,533.0,0.21929686940622806,0.284129108020307,0.15861239981661684,0.33796162275684793
534,534.0,534.0,0.2192886249852762,0.28312401120962993,0.16056528145221272,0.33702208235288106
535,535.0,535.0,0.2178003873024413,0.2836676390916736,0.16129031369592758,0.33724165990995736
536,536.0,536.0,0.21915294391041332,0.2846164203942944,0.16077992722070628,0.3354507084745858
537,537.0,537.0,0.2183461662910191,0.2859500713001044,0.1617625211124603,0.33394124129641606
538,538.0,538.0,0.21917916753608865,0.2844517556196854,0.16253763905506835,0.3338314377891574
539,539.0,539.0,0.2194519526830511,0.2845704256703051,0.16278561862134233,0.33319200302530133
540,540.0,540.0,0.21912141946519484,0.28196253752817335,0.16250185216681326,0.33641419083981844
541,541.0,541.0,0.21880292315493616,0.28102931084058613,0.16399299785071647,0.33617476815376107
542,542.0,542.0,0.21821638310411648,0.28088681971403107,0.1640809567440906,0.3368158404377617
543,543.0,543.0,0.217427294572984,0.28214585964418515,0.1635826969250533,0.33684414885777747
544,544.0,544.0,0.21475039737379542,0.28170635527405946,0.1657787007293416,0.33776454662280353
545,545.0,545.0,0.21463964024500207,0.28196658111782325,0.16578216398322546,0.3376116146539491
546,546.0,546.0,0.2145023945716848,0.2816157224836232,0.16766058890953134,0.33622129403516055
547,547.0,547.0,0.21400046768879397,0.2818536947664781,0.16892532539180583,0.335220512152922
548,548.0,548.0,0.21374986489446846,0.28063332514736317,0.16881409626374308,0.3368027136944251
549,549.0,549.0,0.2148264625369587,0.2811731778138392,0.1680753061662702,0.3359250534829316
550,550.0,550.0,0.21390841049746898,0.2806869760798018,0.16834594398002417,0.33705866944270485
