Total_iterations,Unnamed: 0.1,Add_vertex,Delete_vertex,Insert_inside_vertex,Delete_inside_vertex
0,0.0,0.25,0.25,0.25,0.25
1,1.0,0.25,0.25,0.25,0.25
2,2.0,0.25,0.25,0.25,0.25
3,3.0,0.25,0.25,0.25,0.25
4,4.0,0.25,0.25,0.25,0.25
5,5.0,0.25,0.25,0.25,0.25
6,6.0,0.25,0.25,0.25,0.25
7,7.0,0.25,0.25,0.25,0.25
8,8.0,0.25,0.25,0.25,0.25
9,9.0,0.25,0.25,0.25,0.25
10,10.0,0.25,0.25,0.25,0.25
11,11.0,0.25,0.25,0.25,0.25
12,12.0,0.25,0.25,0.25,0.25
13,13.0,0.25,0.25,0.25,0.25
14,14.0,0.25,0.25,0.25,0.25
15,15.0,0.25,0.25,0.25,0.25
16,16.0,0.25,0.25,0.25,0.25
17,17.0,0.25,0.25,0.25,0.25
18,18.0,0.25,0.25,0.25,0.25
19,19.0,0.25,0.25,0.25,0.25
20,20.0,0.25,0.25,0.25,0.25
21,21.0,0.25,0.25,0.25,0.25
22,22.0,0.25,0.25,0.25,0.25
23,23.0,0.25,0.25,0.25,0.25
24,24.0,0.25,0.25,0.25,0.25
25,25.0,0.25,0.25,0.25,0.25
26,26.0,0.25,0.25,0.25,0.25
27,27.0,0.25,0.25,0.25,0.25
28,28.0,0.25,0.25,0.25,0.25
29,29.0,0.25,0.25,0.25,0.25
30,30.0,0.25,0.25,0.25,0.25
31,31.0,0.25,0.25,0.25,0.25
32,32.0,0.25,0.25,0.25,0.25
33,33.0,0.25,0.25,0.25,0.25
34,34.0,0.25,0.25,0.25,0.25
35,35.0,0.25,0.25,0.25,0.25
36,36.0,0.25,0.25,0.25,0.25
37,37.0,0.25,0.25,0.25,0.25
38,38.0,0.25,0.25,0.25,0.25
39,39.0,0.25,0.25,0.25,0.25
40,40.0,0.25,0.25,0.25,0.25
41,41.0,0.25,0.25,0.25,0.25
42,42.0,0.25,0.25,0.25,0.25
43,43.0,0.25,0.25,0.25,0.25
44,44.0,0.25,0.25,0.25,0.25
45,45.0,0.25,0.25,0.25,0.25
46,46.0,0.25,0.25,0.25,0.25
47,47.0,0.25,0.25,0.25,0.25
48,48.0,0.25,0.25,0.25,0.25
49,49.0,0.25,0.25,0.25,0.25
50,50.0,0.25,0.25,0.25,0.25
51,51.0,0.25,0.25,0.25,0.25
52,52.0,0.25,0.25,0.25,0.25
53,53.0,0.25,0.25,0.25,0.25
54,54.0,0.25,0.25,0.25,0.25
55,55.0,0.25,0.25,0.25,0.25
56,56.0,0.25,0.25,0.25,0.25
57,57.0,0.25,0.25,0.25,0.25
58,58.0,0.25,0.25,0.25,0.25
59,59.0,0.25,0.25,0.25,0.25
60,60.0,0.25,0.25,0.25,0.25
61,61.0,0.25,0.25,0.25,0.25
62,62.0,0.25,0.25,0.25,0.25
63,63.0,0.25,0.25,0.25,0.25
64,64.0,0.25,0.25,0.25,0.25
65,65.0,0.25,0.25,0.25,0.25
66,66.0,0.25,0.25,0.25,0.25
67,67.0,0.25,0.25,0.25,0.25
68,68.0,0.25,0.25,0.25,0.25
69,69.0,0.25,0.25,0.25,0.25
70,70.0,0.25,0.25,0.25,0.25
71,71.0,0.25,0.25,0.25,0.25
72,72.0,0.25,0.25,0.25,0.25
73,73.0,0.25,0.25,0.25,0.25
74,74.0,0.25,0.25,0.25,0.25
75,75.0,0.25,0.25,0.25,0.25
76,76.0,0.25,0.25,0.25,0.25
77,77.0,0.25,0.25,0.25,0.25
78,78.0,0.25,0.25,0.25,0.25
79,79.0,0.25,0.25,0.25,0.25
80,80.0,0.25,0.25,0.25,0.25
81,81.0,0.25,0.25,0.25,0.25
82,82.0,0.25,0.25,0.25,0.25
83,83.0,0.25,0.25,0.25,0.25
84,84.0,0.25,0.25,0.25,0.25
85,85.0,0.25,0.25,0.25,0.25
86,86.0,0.25,0.25,0.25,0.25
87,87.0,0.25,0.25,0.25,0.25
88,88.0,0.25,0.25,0.25,0.25
89,89.0,0.25,0.25,0.25,0.25
90,90.0,0.25,0.25,0.25,0.25
91,91.0,0.25,0.25,0.25,0.25
92,92.0,0.25,0.25,0.25,0.25
93,93.0,0.25,0.25,0.25,0.25
94,94.0,0.25,0.25,0.25,0.25
95,95.0,0.25,0.25,0.25,0.25
96,96.0,0.25,0.25,0.25,0.25
97,97.0,0.25,0.25,0.25,0.25
98,98.0,0.25,0.25,0.25,0.25
99,99.0,0.25,0.25,0.25,0.25
100,100.0,0.25,0.25,0.25,0.25
101,101.0,0.25,0.25,0.25,0.25
102,102.0,0.25,0.25,0.25,0.25
103,103.0,0.25,0.25,0.25,0.25
104,104.0,0.25,0.25,0.25,0.25
105,105.0,0.25,0.25,0.25,0.25
106,106.0,0.25,0.25,0.25,0.25
107,107.0,0.25,0.25,0.25,0.25
108,108.0,0.25,0.25,0.25,0.25
109,109.0,0.25,0.25,0.25,0.25
110,110.0,0.25,0.25,0.25,0.25
111,111.0,0.25,0.25,0.25,0.25
112,112.0,0.25,0.25,0.25,0.25
113,113.0,0.25,0.25,0.25,0.25
114,114.0,0.25,0.25,0.25,0.25
115,115.0,0.25,0.25,0.25,0.25
116,116.0,0.25,0.25,0.25,0.25
117,117.0,0.25,0.25,0.25,0.25
118,118.0,0.25,0.25,0.25,0.25
119,119.0,0.25,0.25,0.25,0.25
120,120.0,0.25,0.25,0.25,0.25
121,121.0,0.25,0.25,0.25,0.25
122,122.0,0.25,0.25,0.25,0.25
123,123.0,0.25,0.25,0.25,0.25
124,124.0,0.25,0.25,0.25,0.25
125,125.0,0.25,0.25,0.25,0.25
126,126.0,0.25,0.25,0.25,0.25
127,127.0,0.25,0.25,0.25,0.25
128,128.0,0.25,0.25,0.25,0.25
129,129.0,0.25,0.25,0.25,0.25
130,130.0,0.25,0.25,0.25,0.25
131,131.0,0.25,0.25,0.25,0.25
132,132.0,0.25,0.25,0.25,0.25
133,133.0,0.25,0.25,0.25,0.25
134,134.0,0.25,0.25,0.25,0.25
135,135.0,0.25,0.25,0.25,0.25
136,136.0,0.25,0.25,0.25,0.25
137,137.0,0.25,0.25,0.25,0.25
138,138.0,0.25,0.25,0.25,0.25
139,139.0,0.25,0.25,0.25,0.25
140,140.0,0.25,0.25,0.25,0.25
141,141.0,0.25,0.25,0.25,0.25
142,142.0,0.25,0.25,0.25,0.25
143,143.0,0.25,0.25,0.25,0.25
144,144.0,0.25,0.25,0.25,0.25
145,145.0,0.25,0.25,0.25,0.25
146,146.0,0.25,0.25,0.25,0.25
147,147.0,0.25,0.25,0.25,0.25
148,148.0,0.25,0.25,0.25,0.25
149,149.0,0.25,0.25,0.25,0.25
150,150.0,0.25,0.25,0.25,0.25
151,151.0,0.25,0.25,0.25,0.25
152,152.0,0.25,0.25,0.25,0.25
153,153.0,0.25,0.25,0.25,0.25
154,154.0,0.25,0.25,0.25,0.25
155,155.0,0.25,0.25,0.25,0.25
156,156.0,0.25,0.25,0.25,0.25
157,157.0,0.25,0.25,0.25,0.25
158,158.0,0.25,0.25,0.25,0.25
159,159.0,0.25,0.25,0.25,0.25
160,160.0,0.25,0.25,0.25,0.25
161,161.0,0.25,0.25,0.25,0.25
162,162.0,0.25,0.25,0.25,0.25
163,163.0,0.25,0.25,0.25,0.25
164,164.0,0.25,0.25,0.25,0.25
165,165.0,0.25,0.25,0.25,0.25
166,166.0,0.25,0.25,0.25,0.25
167,167.0,0.25,0.25,0.25,0.25
168,168.0,0.25,0.25,0.25,0.25
169,169.0,0.25,0.25,0.25,0.25
170,170.0,0.25,0.25,0.25,0.25
171,171.0,0.25,0.25,0.25,0.25
172,172.0,0.25,0.25,0.25,0.25
173,173.0,0.25,0.25,0.25,0.25
174,174.0,0.25,0.25,0.25,0.25
175,175.0,0.25,0.25,0.25,0.25
176,176.0,0.25,0.25,0.25,0.25
177,177.0,0.25,0.25,0.25,0.25
178,178.0,0.25,0.25,0.25,0.25
179,179.0,0.25,0.25,0.25,0.25
180,180.0,0.25,0.25,0.25,0.25
181,181.0,0.25,0.25,0.25,0.25
182,182.0,0.25,0.25,0.25,0.25
183,183.0,0.25,0.25,0.25,0.25
184,184.0,0.25,0.25,0.25,0.25
185,185.0,0.25,0.25,0.25,0.25
186,186.0,0.25,0.25,0.25,0.25
187,187.0,0.25,0.25,0.25,0.25
188,188.0,0.25,0.25,0.25,0.25
189,189.0,0.25,0.25,0.25,0.25
190,190.0,0.25,0.25,0.25,0.25
191,191.0,0.25,0.25,0.25,0.25
192,192.0,0.25,0.25,0.25,0.25
193,193.0,0.25,0.25,0.25,0.25
194,194.0,0.25,0.25,0.25,0.25
195,195.0,0.25,0.25,0.25,0.25
196,196.0,0.25,0.25,0.25,0.25
197,197.0,0.25,0.25,0.25,0.25
198,198.0,0.25,0.25,0.25,0.25
199,199.0,0.25,0.25,0.25,0.25
200,200.0,0.2458022997147079,0.257424833256082,0.2381059979132445,0.2586668691159654
201,201.0,0.2415964316655474,0.2647574590247987,0.2261394820596649,0.2675066272499889
202,202.0,0.2374321464148533,0.2720895199736427,0.2143496132379184,0.2761287203735855
203,203.0,0.233355183847847,0.2793268867901535,0.202797794054204,0.2845201353077954
204,204.0,0.2291422847795863,0.2863760946146229,0.1918117655781641,0.2926698550276267
205,205.0,0.2251856781888598,0.2931804507643076,0.1813222914048986,0.300311579641934
206,206.0,0.2214185412160283,0.2998115961555381,0.1714091605657434,0.3073607020626901
207,207.0,0.21780871622324,0.3060428008643817,0.1621735935410201,0.3139748893713582
208,208.0,0.2142430639138585,0.3118360156199666,0.1536125341130444,0.3203083863531304
209,209.0,0.2108675451957488,0.317131293708205,0.1457142073182883,0.3262869537777578
210,210.0,0.2078243116659274,0.3217043354187904,0.1385652143203765,0.3319061385949056
211,211.0,0.2050989871086763,0.3257648871530235,0.1323036699173108,0.3368324558209893
212,212.0,0.2027536366224263,0.3294799242933685,0.1265451130426791,0.341221326041526
213,213.0,0.2010158721976519,0.3326757199528238,0.1215702928742191,0.3447381149753051
214,214.0,0.1999084316060163,0.3351497459807712,0.1173575679019917,0.3475842545112206
215,215.0,0.1989328955419834,0.3372743306765237,0.113826879675199,0.3499658941062938
216,216.0,0.1981631718825216,0.3390403577657899,0.1108811200434619,0.3519153503082265
217,217.0,0.1978822514441706,0.3404528336058778,0.1082874775871819,0.3533774373627695
218,218.0,0.1979429917322151,0.3415786476754953,0.1061599295046138,0.3543184310876756
219,219.0,0.1982052689319558,0.3424336536251512,0.1045836613338833,0.3547774161090095
220,220.0,0.1986146872045977,0.3430135755388813,0.1034834732646616,0.3548882639918592
221,221.0,0.1991880552218014,0.3431818790904225,0.1028649265146532,0.3547651391731227
222,222.0,0.2000281920583325,0.3430109607420625,0.1027999132147293,0.3541609339848756
223,223.0,0.200740999970712,0.3425137086284923,0.1031266913914042,0.3536186000093914
224,224.0,0.2015828263538702,0.3418841518157411,0.1037399156314054,0.3527931061989832
225,225.0,0.202363766197936,0.3408325494361392,0.1046830638574739,0.3521206205084509
226,226.0,0.2030336622174839,0.3394688418885285,0.1058819132575301,0.3516155826364576
227,227.0,0.2036902488544545,0.3380441290678562,0.1071835643134178,0.3510820577642716
228,228.0,0.2042734699887395,0.336437115041048,0.1086777579776957,0.3506116569925169
229,229.0,0.2050619262368981,0.33471816813204,0.1102531914402645,0.3499667141907975
230,230.0,0.2055486178440486,0.3331361494117546,0.1119065592041088,0.3494086735400881
231,231.0,0.2059528335390352,0.3316177586840149,0.11369764616202,0.3487317616149301
232,232.0,0.2063643707458303,0.3300455346845808,0.1155481353849015,0.3480419591846875
233,233.0,0.2067218718606218,0.3286482060877838,0.1172765743807194,0.3473533476708751
234,234.0,0.2071593847918002,0.3271466663175961,0.1191310307914522,0.3465629180991517
235,235.0,0.2075834692871903,0.3256770388930596,0.1210236030277971,0.3457158887919533
236,236.0,0.2078626672038418,0.3241807823376119,0.1229151332993293,0.3450414171592171
237,237.0,0.2080107308240134,0.3228453180265567,0.1247333499118774,0.3444106012375526
238,238.0,0.2081252481804246,0.3216062138864046,0.1264725931012756,0.3437959448318952
239,239.0,0.2084739069157526,0.3205201343070411,0.1282629028035956,0.3427430559736108
240,240.0,0.2088955630603352,0.3193808710012427,0.1300858807717083,0.3416376851667139
241,241.0,0.2091633813579664,0.3184920194736417,0.131781128230294,0.3405634709380979
242,242.0,0.2097105820972337,0.3176284247852046,0.1330392611805093,0.3396217319370524
243,243.0,0.2101075078586538,0.3169897900938828,0.1343593827804982,0.3385433192669652
244,244.0,0.2108189944412498,0.3162142243616468,0.1354947176673434,0.33747206352976
245,245.0,0.2114197890719616,0.3153883233534202,0.136623570036235,0.3365683175383832
246,246.0,0.2119972589746655,0.3147716029086344,0.1373122645448562,0.3359188735718439
247,247.0,0.2126401670284266,0.3142472464040659,0.1380159380968969,0.3350966484706106
248,248.0,0.2134095075321978,0.313697045043866,0.1385885736674473,0.3343048737564889
249,249.0,0.2143829210672836,0.3133418331051271,0.1391334633369223,0.333141782490667
250,250.0,0.2151652589724605,0.3131609566744332,0.1396022562716818,0.3320715280814245
251,251.0,0.2156894960842209,0.3130913652167493,0.1400438644924187,0.3311752742066111
252,252.0,0.2161761650817534,0.3132199207203056,0.1402940296781191,0.330309884519822
253,253.0,0.2166305915510689,0.3132997888196884,0.1405858586442913,0.3294837609849515
254,254.0,0.2171578080128163,0.3134007760260734,0.1407509509680675,0.3286904649930428
255,255.0,0.2181749481328401,0.3127640978150008,0.1409919011631341,0.328069052889025
256,256.0,0.2193393147938191,0.3120558867769666,0.1414129322182566,0.3271918662109577
257,257.0,0.2205793379619476,0.3114859603402509,0.1416418567594092,0.3262928449383923
258,258.0,0.2216587166315703,0.3109797418387171,0.1417729709154041,0.3255885706143085
259,259.0,0.2231942394684369,0.3104764393925935,0.1418911285135835,0.3244381926253861
260,260.0,0.2251384280802928,0.3100678155754227,0.1420143302818847,0.3227794260623999
261,261.0,0.2267716092821722,0.3095043529351897,0.1425335797879097,0.3211904579947285
262,262.0,0.2282462655415508,0.3090580376544146,0.1428361732951005,0.3198595235089342
263,263.0,0.229588698406714,0.3087562163469105,0.1432303635454267,0.3184247217009489
264,264.0,0.230761222122632,0.3087190604698608,0.1436015209076184,0.3169181964998889
265,265.0,0.2318969263593853,0.3086718918177512,0.143921141437448,0.3155100403854156
266,266.0,0.2332222468510406,0.3085495620171518,0.1441488401472397,0.3140793509845681
267,267.0,0.234515572569457,0.3083618847166087,0.1443820650035936,0.3127404777103407
268,268.0,0.2358288206761909,0.3081785818514876,0.1444712656594058,0.3115213318129158
269,269.0,0.2370816706547645,0.3079989357590686,0.1445236131924171,0.3103957803937499
270,270.0,0.2383496381359728,0.3078673594551478,0.1444322768845414,0.3093507255243381
271,271.0,0.2396073102517128,0.3079311243422434,0.1443236133366232,0.3081379520694207
272,272.0,0.240833464229871,0.3081223505076902,0.1441849708205236,0.3068592144419153
273,273.0,0.2417940177514642,0.3084341125113304,0.1441044877871404,0.3056673819500651
274,274.0,0.2427397218346872,0.3088501492338275,0.1438333197228746,0.3045768092086108
275,275.0,0.2437214884562041,0.3093434154437552,0.1433871315626474,0.3035479645373933
276,276.0,0.2447612180803536,0.3097578203509365,0.1429120876821129,0.302568873886597
277,277.0,0.2455437115273621,0.3102416752702894,0.1426162116547815,0.3015984015475669
278,278.0,0.2463351665293274,0.3107371716103178,0.1422372312653471,0.3006904305950078
279,279.0,0.2470098856054808,0.3111556833258961,0.1419464895500649,0.2998879415185582
280,280.0,0.2473853419668322,0.311572622640195,0.1417870413469142,0.2992549940460587
281,281.0,0.2473146126877287,0.3120558071844941,0.1419787225185474,0.2986508576092297
282,282.0,0.2470056741630076,0.3124290023519937,0.1423684707546836,0.2981968527303151
283,283.0,0.246467030803871,0.3127623882667169,0.1427063330307408,0.2980642478986712
284,284.0,0.2458026433261729,0.3130799258626829,0.1432102863073203,0.2979071445038238
285,285.0,0.244958930909581,0.3134790784694007,0.1437961460587613,0.2977658445622568
286,286.0,0.2440864451684198,0.3139076371588725,0.1444258886062313,0.2975800290664763
287,287.0,0.2430563994921919,0.3144201834947897,0.1450446303593001,0.2974787866537183
288,288.0,0.2417671936163916,0.314820565216534,0.1458118970459769,0.2976003441210974
289,289.0,0.2404699196695798,0.315011500763857,0.146717091735751,0.2978014878308122
290,290.0,0.2390983179788007,0.315082211392722,0.1476541708843204,0.2981652997441568
291,291.0,0.2377721131669573,0.3150680124297393,0.1486048276226058,0.2985550467806976
292,292.0,0.2366998624534037,0.3150667095555187,0.1492517815681384,0.2989816464229392
293,293.0,0.235984707486056,0.3148068353359352,0.1499684344897375,0.2992400226882712
294,294.0,0.2355995111973566,0.3146653749824053,0.1503913679648772,0.2993437458553609
295,295.0,0.2353326429064059,0.3144240959440717,0.1510034459146675,0.2992398152348549
296,296.0,0.2352435715468789,0.3140905205243837,0.1516119272878921,0.2990539806408454
297,297.0,0.2352124076931765,0.3139041453569822,0.1521918628358931,0.2986915841139483
298,298.0,0.2351919769553708,0.3135985199594124,0.153068232024213,0.2981412710610038
299,299.0,0.2353468030915699,0.313137268724656,0.1540057178666218,0.2975102103171523
300,300.0,0.2353764472266218,0.3128448661746207,0.1550401306159701,0.2967385559827875
301,301.0,0.2352508715171281,0.3126029727389623,0.1559990788321369,0.2961470769117729
302,302.0,0.2352712945488786,0.3124242840263482,0.1567788184775999,0.2955256029471734
303,303.0,0.2351986262113319,0.3123534451038338,0.1573397204919663,0.2951082081928682
304,304.0,0.2353259039801543,0.3121584199376254,0.1575994396196491,0.2949162364625715
305,305.0,0.2353884762361869,0.3121587838237519,0.157805122374223,0.2946476175658384
306,306.0,0.2355871747814806,0.3120518677772945,0.1580017747211,0.2943591827201251
307,307.0,0.2356685711288398,0.3121037414608134,0.1581348973585671,0.2940927900517801
308,308.0,0.2360754400477498,0.3118970396329246,0.1582199604597881,0.2938075598595377
309,309.0,0.2363887732242669,0.3116948970240433,0.1583346811659246,0.2935816485857654
310,310.0,0.2366711851005903,0.3116182824593119,0.1582719536210811,0.2934385788190169
311,311.0,0.2370123857821693,0.3117599687423791,0.1580929576800259,0.2931346877954259
312,312.0,0.2372960497319879,0.3120587359036341,0.1577123997193314,0.2929328146450466
313,313.0,0.2375904437069541,0.3125132396891899,0.1570547686533905,0.2928415479504657
314,314.0,0.2377888115569123,0.3129266886769598,0.156299782886241,0.292984716879887
315,315.0,0.2378969427919167,0.3132086641233191,0.1558126171741821,0.2930817759105821
316,316.0,0.2382795057176275,0.3132566120367375,0.1552657686266066,0.2931981136190283
317,317.0,0.2385958952776957,0.3134673183661648,0.1546944643454844,0.2932423220106551
318,318.0,0.2388931871188679,0.3136043006110399,0.1541844707007984,0.293318041569294
319,319.0,0.2391077771206737,0.3137456341018929,0.1538292370935151,0.2933173516839184
320,320.0,0.2392341724430152,0.3140536673360312,0.1534187536825851,0.2932934065383685
321,321.0,0.2395093172732154,0.3142269957842699,0.1528286644222725,0.2934350225202423
322,322.0,0.2399172099878983,0.3142224366534207,0.1521880179237346,0.2936723354349465
323,323.0,0.2401798196349978,0.3140335668048702,0.1520347178556107,0.2937518957045213
324,324.0,0.240362343750828,0.313902689117315,0.1519683506800943,0.2937666164517628
325,325.0,0.2405082677730749,0.3137475453671361,0.1518989741755833,0.2938452126842057
326,326.0,0.240801396625991,0.3134174108402781,0.151791490406666,0.2939897021270649
327,327.0,0.2411419186375216,0.3130376561494898,0.1517167224905009,0.2941037027224876
328,328.0,0.2413887721246985,0.3127268736914262,0.1516255322720545,0.2942588219118209
329,329.0,0.2416087960689256,0.3125824026569768,0.1514674418848366,0.294341359389261
330,330.0,0.2417420497671929,0.312498858858878,0.1512545568952836,0.2945045344786456
331,331.0,0.2419891255887432,0.3124149104650078,0.1510848267185975,0.2945111372276515
332,332.0,0.242336685242738,0.3123284385918579,0.1506391518905809,0.2946957242748232
333,333.0,0.2426937226278145,0.3122183945410975,0.1501151374014808,0.2949727454296071
334,334.0,0.2431555898954399,0.311931162994544,0.1495958423754632,0.2953174047345531
335,335.0,0.2437618774896816,0.3116593909862503,0.1488461306881063,0.295732600835962
336,336.0,0.2445331950270791,0.311343887591778,0.1480834481711143,0.2960394692100288
337,337.0,0.2452482226596901,0.3108969636836512,0.1474203870839122,0.2964344265727467
338,338.0,0.2459462545945893,0.3104483676778404,0.1467832323869463,0.2968221453406241
339,339.0,0.2467360525550236,0.3101975016393489,0.1458268627870741,0.2972395830185536
340,340.0,0.2474684720648034,0.3098563776595525,0.1449291674133346,0.2977459828623097
341,341.0,0.2481921296169163,0.3095077068739066,0.1440631383593476,0.2982370251498297
342,342.0,0.2487973227688718,0.3091424944263748,0.1432617460467165,0.2987984367580371
343,343.0,0.2493355236365445,0.3087343170859305,0.142577505262708,0.2993526540148171
344,344.0,0.2500006148507612,0.3081423615555897,0.141985464021825,0.2998715595718241
345,345.0,0.2507402071402911,0.3074751065928318,0.1414276556674454,0.3003570305994318
346,346.0,0.2516044861353034,0.3069623764518252,0.1405785930183711,0.3008545443945004
347,347.0,0.252295462854169,0.3064494761482225,0.139853643391966,0.3014014176056426
348,348.0,0.2529394699637287,0.305898212586239,0.1392899180746961,0.3018723993753363
349,349.0,0.2536809358826361,0.3054186432583962,0.1385506398189417,0.3023497810400261
350,350.0,0.2543883399746444,0.3050468174420933,0.1378941425770606,0.3026707000062017
351,351.0,0.2550246184160552,0.3045790008770399,0.1373682719417012,0.3030281087652036
352,352.0,0.2557239474119079,0.3039298945165531,0.1369441668696512,0.3034019912018877
353,353.0,0.2562643007034739,0.3032330672015287,0.1367959764262074,0.3037066556687899
354,354.0,0.256816131851535,0.3026064382235328,0.1365498256459811,0.3040276042789512
355,355.0,0.2574082278627683,0.3019546634011331,0.1364321527590059,0.3042049559770926
356,356.0,0.2584053608792711,0.3011788272250861,0.1362379608903535,0.3041778510052893
357,357.0,0.2592398747403053,0.3004670884474178,0.1362962779255666,0.3039967588867103
358,358.0,0.2598983837494943,0.299894846605843,0.1363427434100076,0.3038640262346551
359,359.0,0.2604994083624548,0.2993775407306089,0.136408260998754,0.3037147899081823
360,360.0,0.2607358542955616,0.2988017571619744,0.136635400833355,0.3038269877091091
361,361.0,0.2610558156111081,0.2983122684587794,0.1368809338330888,0.3037509820970238
362,362.0,0.2614973273343799,0.2977911976411977,0.1371490023402785,0.303562472684144
363,363.0,0.2618089597423276,0.2973173683411933,0.1374332862694561,0.303440385647023
364,364.0,0.2619589238605337,0.2968021618502652,0.1375591039490203,0.3036798103401807
365,365.0,0.2620169420756399,0.2963073692247374,0.1375983928854254,0.3040772958141973
366,366.0,0.2621784612145137,0.295697473004606,0.1376784090255738,0.3044456567553064
367,367.0,0.2621432370759028,0.2949682970601334,0.1380992548966434,0.3047892109673205
368,368.0,0.2620916687648001,0.2942381977698297,0.138618540150235,0.3050515933151353
369,369.0,0.2620877358400572,0.2937105029164021,0.1389149841594147,0.3052867770841261
370,370.0,0.2621523725679389,0.2931734265260321,0.139228731199929,0.3054454697061001
371,371.0,0.2618696743187502,0.2929278876484334,0.1395762493061121,0.3056261887267044
372,372.0,0.2613744443163835,0.2925842268109503,0.140294246193214,0.3057470826794522
373,373.0,0.2606771863252725,0.2921477258613446,0.1412623684453234,0.3059127193680596
374,374.0,0.260040052737116,0.2917203576615946,0.1422207199215341,0.3060188696797552
375,375.0,0.2594701398891692,0.291337721265454,0.1430839927749766,0.3061081460704003
376,376.0,0.2588021771572206,0.2911300140816096,0.143942017428948,0.3061257913322219
377,377.0,0.2583076806455113,0.2909122349683031,0.144650047166255,0.3061300372199307
378,378.0,0.2578098984980708,0.2907318084678433,0.1453057330627103,0.3061525599713757
379,379.0,0.2572057431149168,0.290581556107686,0.146014231082885,0.3061984696945124
380,380.0,0.2568650134814212,0.2902964879509588,0.146589766540023,0.3062487320275971
381,381.0,0.2567093554958191,0.2900113309558884,0.1472584467621166,0.306020866786176
382,382.0,0.256505582239549,0.2896837933374221,0.1478458574050365,0.3059647670179926
383,383.0,0.2563297296743221,0.2895284830137878,0.1482969444902702,0.3058448428216199
384,384.0,0.2563498992388277,0.289215729307505,0.1488472078778058,0.3055871635758616
385,385.0,0.2565698836699367,0.288728131786744,0.1494040730757995,0.3052979114675198
386,386.0,0.2555182300520903,0.2902334939664177,0.1494062438522409,0.3048420321292512
387,387.0,0.2545682151410265,0.2913623093699013,0.1497716826338442,0.304297792855228
388,388.0,0.2537043011587556,0.2921933455974709,0.1501431655805631,0.3039591876632106
389,389.0,0.2529500481184196,0.2930288728765829,0.1504669621864667,0.303554116818531
390,390.0,0.2524396914652703,0.2938110607023033,0.1506564650104225,0.3030927828220041
391,391.0,0.2518134426246459,0.2948305573251338,0.1507388140421666,0.3026171860080539
392,392.0,0.2513527927668795,0.295798729653089,0.1507077930132979,0.3021406845667339
393,393.0,0.2508865842099786,0.2966932715470151,0.1506871418173328,0.3017330024256737
394,394.0,0.2503923209427764,0.2975235024495679,0.1505757587714442,0.3015084178362118
395,395.0,0.2499439753808146,0.2981732078313482,0.150691568756478,0.3011912480313594
396,396.0,0.2496588711139328,0.2985322123620859,0.150822396100365,0.3009865204236164
397,397.0,0.2494371846842118,0.2988602995474142,0.1508555582229674,0.3008469575454066
398,398.0,0.2491758963139528,0.2991790826934908,0.1508538363953698,0.3007911845971867
399,399.0,0.2488782881405558,0.2996580271278729,0.15080363731455,0.3006600474170215
400,400.0,0.2486825028522032,0.3000806527187769,0.1507682458680164,0.3004685985610038
401,401.0,0.2479840223424326,0.3013074660390472,0.1504855320235829,0.3002229795949374
402,402.0,0.2472771226388774,0.3024816969004274,0.1501417633786271,0.3000994170820681
403,403.0,0.2466593388348841,0.3036506733263702,0.1497007816547825,0.2999892061839633
404,404.0,0.2460665075383371,0.3046888228494855,0.1493049603494411,0.2999397092627363
405,405.0,0.2455643419437742,0.3055540939251453,0.1490180870484196,0.2998634770826608
406,406.0,0.2452821009638811,0.3060738868134527,0.1486797002698496,0.2999643119528165
407,407.0,0.2449486509287654,0.3066357649206235,0.1483883295657072,0.3000272545849039
408,408.0,0.2446847467433014,0.3071001006341198,0.1480759616521889,0.3001391909703897
409,409.0,0.2446223914343809,0.3072071094299057,0.1478209034953937,0.3003495956403196
410,410.0,0.2445219332669213,0.307195457066356,0.1476135324966004,0.3006690771701223
411,411.0,0.2445109721256131,0.3070793121954565,0.1474668219833541,0.3009428936955763
412,412.0,0.2441083652020531,0.3072430314083817,0.1473237555833858,0.3013248478061794
413,413.0,0.2432145926805001,0.3080061699713622,0.1471829377372763,0.3015962996108614
414,414.0,0.2422571292330771,0.3087767150203876,0.1471734646087824,0.3017926911377528
415,415.0,0.2415076163766528,0.3096029674823743,0.1466842490639735,0.3022051670769993
416,416.0,0.2406892434289895,0.3103809130357265,0.1462628371138503,0.3026670064214335
417,417.0,0.2397492649949508,0.3112663248681493,0.1458127236035693,0.3031716865333304
418,418.0,0.2388048786273976,0.3120973108710255,0.145345593804293,0.3037522166972838
419,419.0,0.2379533518938373,0.3127578669010239,0.1448982115284963,0.3043905696766424
420,420.0,0.2375053170212238,0.3130097159518061,0.1444361175200168,0.3050488495069533
421,421.0,0.2371669545443875,0.313167122248427,0.1439744336053787,0.3056914896018067
422,422.0,0.236703701385236,0.3134520752629451,0.143588788737154,0.3062554346146649
423,423.0,0.2363940519117893,0.3134731506701127,0.1433708308694923,0.3067619665486057
424,424.0,0.2359905916794108,0.3136974108104335,0.1433026134368718,0.3070093840732839
425,425.0,0.235668921535171,0.313944053286043,0.1433441795719514,0.3070428456068346
426,426.0,0.2354628847681495,0.3141247938887936,0.1434671383957668,0.30694518294729
427,427.0,0.2353574858469499,0.3142376755402958,0.1436089777791062,0.3067958608336482
428,428.0,0.2351173383887687,0.3142585203030377,0.1437419152806529,0.3068822260275406
429,429.0,0.2349997502632207,0.3142344340611836,0.1438569297422855,0.3069088859333101
430,430.0,0.2349905981291251,0.31410265604554,0.1440041189884988,0.3069026268368361
431,431.0,0.2350694196975381,0.3139750128309572,0.1440601992118027,0.3068953682597021
432,432.0,0.2352589083530827,0.3138389305534203,0.1439719821367441,0.306930178956753
433,433.0,0.2354113946670612,0.3139140172392048,0.1437445011544505,0.3069300869392837
434,434.0,0.235602266137484,0.3139991542892456,0.1433922788865582,0.3070063006867125
435,435.0,0.235861831382631,0.3142002426699359,0.1430168259294744,0.306921100017959
436,436.0,0.2358552584708934,0.3145612657470809,0.142709861599939,0.306873614182087
437,437.0,0.2358467157383438,0.3150027803562318,0.1423660788005206,0.306784425104904
438,438.0,0.2358920241086202,0.3151551541497108,0.1421543513158324,0.3067984704258369
439,439.0,0.2359613889636111,0.3153235042515755,0.1418572322186935,0.3068578745661202
440,440.0,0.2361073434217032,0.3153384732866026,0.1415862213984792,0.3069679618932152
441,441.0,0.2361470675101089,0.3151278898767758,0.1415461674973558,0.3071788751157596
442,442.0,0.2363654733201639,0.3147076530874616,0.1413458465306095,0.3075810270617653
443,443.0,0.2363730332628507,0.3144116305279106,0.1409874798675975,0.3082278563416414
444,444.0,0.2364814685634843,0.3140428747176781,0.1406262187801767,0.3088494379386611
445,445.0,0.2367451476289213,0.3135571925197273,0.1403188673698041,0.3093787924815475
446,446.0,0.2372370051787745,0.3127533726338771,0.1400145420780529,0.3099950801092956
447,447.0,0.2377501076403954,0.3119824804984969,0.1397653265874754,0.3105020852736325
448,448.0,0.2382746045767114,0.3111028010643688,0.139579001977782,0.3110435923811379
449,449.0,0.238962931085733,0.3101058747787327,0.1394908708895769,0.3114403232459575
450,450.0,0.2397607545307691,0.3090124218753982,0.1395194500236532,0.3117073735701794
451,451.0,0.2405423395576127,0.3079264086468259,0.1396697635345305,0.3118614882610309
452,452.0,0.2413367549885156,0.3068840264393017,0.1397115057582876,0.3120677128138951
453,453.0,0.2419722900775333,0.305996065625261,0.1399056246117212,0.3121260196854845
454,454.0,0.2427523589630297,0.3050399957622902,0.1400944286199146,0.3121132166547655
455,455.0,0.24343889651286,0.3043128732664865,0.1399998172262776,0.3122484129943759
456,456.0,0.2443527629911666,0.3033835143813764,0.1398997020092217,0.3123640206182353
457,457.0,0.2454387414765454,0.3021444543443588,0.1399127071345915,0.3125040970445044
458,458.0,0.2461234175217896,0.301044899665379,0.140193370872548,0.3126383119402836
459,459.0,0.246790708406722,0.3001491841006053,0.1403650217732991,0.3126950857193738
460,460.0,0.2474039072285689,0.2994793302500387,0.1404993288864588,0.3126174336349337
461,461.0,0.2479477256093214,0.2987526914561954,0.1408407048584751,0.3124588780760083
462,462.0,0.2485082847909198,0.2978803539745061,0.1410092365251505,0.3126021247094237
463,463.0,0.2492457400889121,0.2966802332797969,0.1412204397720267,0.3128535868592644
464,464.0,0.2500307228828164,0.2956106979860741,0.1415152186602135,0.3128433604708961
465,465.0,0.2508374506103245,0.2943388987879508,0.1417656764423033,0.3130579741594216
466,466.0,0.2514062735429958,0.2932516123586846,0.1420504152783476,0.3132916988199721
467,467.0,0.251861518737774,0.2922347301188752,0.1422913276180165,0.3136124235253343
468,468.0,0.2522366151345635,0.2913891781316394,0.1426747661568942,0.3136994405769029
469,469.0,0.2524437866560292,0.2907656649881703,0.1431585004965267,0.3136320478592739
470,470.0,0.2524886456073457,0.2901800664880962,0.1435946480258714,0.3137366398786868
471,471.0,0.2524109060411796,0.2894500180215455,0.1442399919953859,0.3138990839418891
472,472.0,0.2522729964293018,0.2888333519840408,0.1447301784158371,0.3141634731708204
473,473.0,0.2522115633585731,0.2880785289714854,0.1453015612940912,0.3144083463758504
474,474.0,0.2520665789390369,0.2875626527081598,0.1457075916937914,0.3146631766590119
475,475.0,0.251833509121344,0.2869156733465647,0.146195342799943,0.3150554747321483
476,476.0,0.2515997824277272,0.2861057628814792,0.1464729310325201,0.3158215236582736
477,477.0,0.2512867374722317,0.2852367106436545,0.1468003350428622,0.3166762168412516
478,478.0,0.2509846368014904,0.2844833611023263,0.1470922143812723,0.3174397877149109
479,479.0,0.2505815319850554,0.2840947445716217,0.1471800562831194,0.3181436671602035
480,480.0,0.2502085335739397,0.2837910012826876,0.1470160383652644,0.3189844267781084
481,481.0,0.2498347854391924,0.2835378021066914,0.1467157476377046,0.3199116648164116
482,482.0,0.2494189959251506,0.2835311353947681,0.1463671072927216,0.3206827613873598
483,483.0,0.2491308544839397,0.2835462877862491,0.1458291467717039,0.3214937109581076
484,484.0,0.2489144538049464,0.2837354447138797,0.1452379520512939,0.3221121494298803
485,485.0,0.2486908795786211,0.2839232330910787,0.1446829116456333,0.3227029756846671
486,486.0,0.2484293146799912,0.2840366933373917,0.1441312081790065,0.323402783803611
487,487.0,0.2480945974871852,0.2842205761268116,0.1436515053288928,0.3240333210571106
488,488.0,0.247681045813446,0.2844607165221394,0.1429884982676307,0.324869739396784
489,489.0,0.2472434211686206,0.2847288917969635,0.1422971313371248,0.3257305556972912
490,490.0,0.2469741920339629,0.2850310230732172,0.1415478270691956,0.3264469578236243
491,491.0,0.2467056331324708,0.2852641067151901,0.1409636480914912,0.3270666120608479
492,492.0,0.2461767471356843,0.2855740891420658,0.1405589525045789,0.327690211217671
493,493.0,0.2453413221534259,0.2859937651154919,0.1402912139900616,0.3283736987410206
494,494.0,0.2445703876782129,0.286591612654475,0.1397895399940131,0.329048459673299
495,495.0,0.2437498730167956,0.2872656544713973,0.1391376032701149,0.3298468692416921
496,496.0,0.2430287522295445,0.2877262778946797,0.1384688991801525,0.3307760706956233
497,497.0,0.242521837229007,0.2881561204133473,0.1376411295536257,0.3316809128040199
498,498.0,0.241909113099587,0.2885974566761835,0.1366825177854625,0.332810912438767
499,499.0,0.2413679246560194,0.2889222020615529,0.1356738246498899,0.3340360486325378
500,500.0,0.2408064922744947,0.289129846934904,0.1347471099198948,0.3353165508707064
501,501.0,0.2400418556215253,0.2891954859865164,0.1338908136754433,0.3368718447165151
502,502.0,0.2393535507043828,0.2892092689633708,0.1331667548992751,0.3382704254329712
503,503.0,0.2385661093391448,0.2892120125686343,0.1325502817268816,0.3396715963653392
504,504.0,0.2378364335350658,0.2890593876299719,0.1320676062770599,0.3410365725579024
505,505.0,0.2371303280394033,0.2889042849473598,0.1316155668726892,0.3423498201405477
506,506.0,0.2363780362642178,0.2885662255364477,0.131242588144675,0.3438131500546596
507,507.0,0.2355170678934728,0.2882070778051194,0.1310128280053315,0.3452630262960763
508,508.0,0.2345269391931954,0.2879207942186834,0.1308907838899452,0.3466614826981761
509,509.0,0.2333029994527116,0.288161810965496,0.1308275569990731,0.3477076325827194
510,510.0,0.2320079668097298,0.2884184150772666,0.1310120175292524,0.3485616005837513
511,511.0,0.2309696637393201,0.2886800421878556,0.131312260134094,0.3490380339387304
512,512.0,0.2297606758673746,0.2887073989975217,0.1317021854694722,0.3498297396656316
513,513.0,0.2285272683961156,0.28882176043241,0.1321447773179171,0.3505061938535574
514,514.0,0.2275732986043041,0.2888574353689169,0.132460126374945,0.351109139651834
515,515.0,0.2256001168695993,0.2887791573396551,0.13471765978782,0.3509030660029256
516,516.0,0.2235710750415991,0.2886631268041587,0.1371907359834972,0.3505750621707451
517,517.0,0.2216716376806654,0.288578163835326,0.1396536435448074,0.3500965549392013
518,518.0,0.219884419622356,0.2884689521413721,0.1418734388233375,0.3497731894129344
519,519.0,0.2182675681289766,0.2881915673941901,0.14411545322908,0.3494254112477532
520,520.0,0.2168548371338998,0.2878817519450599,0.1464601330773354,0.3488032778437049
521,521.0,0.2154475682546242,0.2877563718364424,0.1487992119045322,0.3479968480044013
522,522.0,0.2141058271992267,0.2879185323174197,0.1503491119332924,0.3476265285500614
523,523.0,0.2129465454937014,0.2881329766801265,0.1516304032384299,0.3472900745877424
524,524.0,0.2120395523467971,0.2881765058041697,0.1528594378442176,0.3469245040048157
525,525.0,0.2112853199476383,0.2883771499946408,0.1538815716171958,0.3464559584405252
526,526.0,0.2108074595507776,0.2884452586813535,0.1547925890346257,0.3459546927332433
527,527.0,0.2103414379246531,0.2883637860703859,0.1557611496269505,0.3455336263780106
528,528.0,0.2102463307684871,0.288031029649883,0.156630119599638,0.3450925199819921
529,529.0,0.2103869474128474,0.2875320500163986,0.1574622661382235,0.3446187364325306
530,530.0,0.2106296254339501,0.2869802085416361,0.1583417566659498,0.3440484093584641
531,531.0,0.2110412504094478,0.2868066903577193,0.1590383790063854,0.3431136802264476
532,532.0,0.211355832534806,0.2865465551531949,0.1598437568672161,0.3422538554447831
533,533.0,0.2116670271324157,0.286179825294699,0.1606254081552882,0.3415277394175972
534,534.0,0.2120225762509074,0.285728751568241,0.161504052394726,0.3407446197861256
535,535.0,0.2122664071766101,0.2853511005990472,0.1623579477251663,0.3400245444991764
536,536.0,0.2126764504717981,0.2850892582419611,0.1630647385347481,0.3391695527514927
537,537.0,0.213029576609914,0.2849822368326878,0.1637762615394067,0.3382119250179914
538,538.0,0.2134838561555362,0.2847457643409742,0.1644740066335908,0.3372963728698986
539,539.0,0.2139769393750981,0.2845418660162811,0.1651074114991987,0.3363737831094221
540,540.0,0.2144424110839976,0.2840978543063843,0.1656258813040143,0.3358338533056037
541,541.0,0.2148762760747933,0.2835835679309363,0.1662103784053666,0.3353297775889036
542,542.0,0.2152473670322289,0.2830809185094742,0.1667230478803746,0.3349486665779221
543,543.0,0.2155321302015266,0.2827324970352192,0.1671082035146153,0.3346271692486388
544,544.0,0.2155396789776902,0.2823691008974668,0.167639188899965,0.3344520312248777
545,545.0,0.2155275043473192,0.2820614395016321,0.168098817190462,0.3343122389605866
546,546.0,0.2154939439716303,0.2817485097981226,0.1686771586124675,0.3340803876177794
547,547.0,0.2154036314512219,0.2814893424201046,0.1693139738434705,0.3337930522852028
548,548.0,0.2152832582657974,0.2811376983414407,0.1698720981540503,0.3337069452387114
549,549.0,0.2152672482294512,0.28087016020535,0.1702899510049218,0.333572640560277
550,550.0,0.2151566261358656,0.2805837858855495,0.170670935903695,0.3335886520748898
551,551.0,0.2150193828906763,0.2800419173822487,0.1709981191258096,0.3339405806012653
552,552.0,0.2150538254666675,0.2795758184754803,0.171148112773759,0.3342222432840931
553,553.0,0.2152643409413923,0.2790306486790207,0.1712659664156875,0.3344390439638994
554,554.0,0.2152792795364452,0.2786118314356063,0.1714158245967013,0.3346930644312471
555,555.0,0.2149936283485015,0.2784800246199103,0.1714698090058378,0.3350565380257504
556,556.0,0.214529892312734,0.2786126823746677,0.171367790269142,0.3354896350434564
557,557.0,0.2140599634974221,0.2787895857173497,0.1712075705571336,0.3359428802280947
558,558.0,0.2132617895114102,0.2789193568142538,0.1712203891563539,0.3365984645179822
559,559.0,0.2125766144115793,0.2791797411170856,0.1709210764394218,0.3373225680319135
560,560.0,0.2117264467741498,0.279549597174071,0.1704481344698937,0.3382758215818857
561,561.0,0.210776218413939,0.280106787116237,0.169875036685314,0.3392419577845102
562,562.0,0.2099405844190195,0.2805427016698769,0.169475213032473,0.3400415008786308
563,563.0,0.209161522510102,0.2810793048835446,0.1692337889878061,0.3405253836185474
564,564.0,0.208588064568905,0.2814749908933377,0.1691172670711987,0.3408196774665587
565,565.0,0.2078477086319642,0.281897202405641,0.1690311330852456,0.3412239558771493
566,566.0,0.2070043179962396,0.2824480603518258,0.1686981149054698,0.3418495067464647
567,567.0,0.2063507848009927,0.2828547321797407,0.1683144574770592,0.3424800255422075
568,568.0,0.205899767042869,0.283133221837191,0.1679001212171421,0.343066889902798
569,569.0,0.2054328738249395,0.2834856470074016,0.1675456126435293,0.3435358665241297
570,570.0,0.2051776227489349,0.2836096503507267,0.1671583359788028,0.3440543909215355
571,571.0,0.2050020248877838,0.2839190141298033,0.1664753971363875,0.3446035638460253
572,572.0,0.2050269961577919,0.2844086032642811,0.1652166615148312,0.3453477390630958
573,573.0,0.2050869771808906,0.284566594104073,0.1641062935591004,0.346240135155936
574,574.0,0.2053220488953645,0.2845181642618845,0.1632454150812908,0.3469143717614601
575,575.0,0.2058607042470636,0.2840826473296257,0.1624751658020958,0.3475814826212149
576,576.0,0.2064462925691269,0.2835169627057132,0.1619487964791245,0.3480879482460353
577,577.0,0.2071878804807734,0.2828731673343821,0.1616165246274344,0.34832242755741
578,578.0,0.2081948506203205,0.2822326946691821,0.1613166670360077,0.3482557876744896
579,579.0,0.2091291793885224,0.2815599154450759,0.1611779359912643,0.3481329691751371
580,580.0,0.2095834770388484,0.280897266861172,0.1612879478681201,0.3482313082318593
581,581.0,0.2102918386778983,0.2803860402517588,0.1614723153800273,0.3478498056903154
582,582.0,0.211100182519599,0.2792832575225802,0.1617521473391006,0.34786441261872
583,583.0,0.211441238547504,0.2785744609327832,0.1620505162605882,0.3479337842591245
584,584.0,0.2111686744475401,0.278155175265695,0.1622850844085623,0.3483910658782024
585,585.0,0.2111392816863477,0.2770302614801699,0.162688682013594,0.3491417748198882
586,586.0,0.211305013191426,0.2760930020275448,0.1626430582095255,0.3499589265715034
587,587.0,0.2115108967624673,0.2752512534293718,0.1626290071824983,0.3506088426256624
588,588.0,0.2116651665527952,0.2744622087527182,0.1628360461024931,0.3510365785919933
589,589.0,0.2114428073892675,0.2737312967544111,0.1632312281717098,0.3515946676846114
590,590.0,0.2111721459583159,0.2729308755989256,0.1636977349350599,0.3521992435076984
591,591.0,0.2108152952336852,0.2721453400659702,0.1641609016640375,0.3528784630363069
592,592.0,0.2104038849992273,0.2711557633215349,0.1647090037434606,0.353731347935777
593,593.0,0.2094814177106127,0.2703657116929726,0.1654385000192497,0.3547143705771649
594,594.0,0.2088050245133209,0.2696587264688602,0.1659527352964369,0.3555835137213818
595,595.0,0.2081503909747511,0.2691921686354891,0.1663748285550914,0.3562826118346682
596,596.0,0.2073773794952013,0.2688976429040785,0.1669016177589783,0.3568233598417417
597,597.0,0.2066426380260771,0.2687406609161976,0.167387541703385,0.3572291593543401
