,Unnamed: 0,Generation,Intertwine_two,Add_vertex,Delete_vertex,Invert_path_vertices,Insert_inside_vertex,Delete_inside_vertex,Replace_inside_vertex,Donate_between_routes,Trim_one_terminal_cb,Grow_one_terminal_cb
0,0.0,0.0,0.09999999999999999,0.09999999999999999,0.09999999999999999,0.09999999999999999,0.09999999999999999,0.09999999999999999,0.09999999999999999,0.09999999999999999,0.09999999999999999,0.09999999999999999
1,1.0,1.0,0.10500146066530709,0.0940572055848218,0.09253079468380837,0.09604591163072308,0.10053280725467569,0.10438140882708832,0.10328492139710543,0.10978106922167401,0.09576315286730887,0.09862126786748728
2,2.0,2.0,0.09603912039494719,0.09441677017391804,0.08752896309821437,0.10583694199992603,0.09686830087313328,0.11267203963112067,0.10265894289778754,0.09841856043697764,0.10512040377007381,0.10043995672390138
3,3.0,3.0,0.09550720394959042,0.10354802892571921,0.08283738845917735,0.09915265701567652,0.0950591958249162,0.11106369779124803,0.08860628280567444,0.10209717568903214,0.11222831531998416,0.10990005421898144
4,4.0,4.0,0.09406948052887613,0.09619776803825954,0.08764895317623404,0.10622612846448105,0.09275126695212027,0.10981748768381912,0.09985511270273287,0.09789427396268222,0.1051837686393939,0.11035575985140081
5,5.0,5.0,0.09313541456096505,0.0989958423319326,0.08360641896259478,0.10069683688314073,0.08908548280877673,0.11359935176922134,0.10316905448098457,0.09214894965789092,0.11521787945739854,0.1103447690870947
6,6.0,6.0,0.09113655102144977,0.09504960516296511,0.09833148176612917,0.0970848259070573,0.08801581647724867,0.11685746131573024,0.09151512160140052,0.08634815848669913,0.12444883191343994,0.1112121463478801
7,7.0,7.0,0.09325547652787675,0.09357519727140644,0.08229634520228304,0.10715367713595343,0.08954327498845181,0.11363596145445765,0.0917397841269851,0.08184155764153284,0.12976862384826202,0.11719010180279095
8,8.0,8.0,0.10170566536019347,0.09686766057844276,0.08675366766258076,0.1006760880435537,0.08110894505623903,0.11544382317069013,0.09320581716173429,0.09137255778368998,0.12153210296898898,0.11133367221388688
9,9.0,9.0,0.10137110878713107,0.08872742583841878,0.08215664198689002,0.09375086035245957,0.07328971365161722,0.13341770417910653,0.0856697854972548,0.09685834707915192,0.12460069341860894,0.12015771920936114
10,10.0,10.0,0.10157266483803269,0.09511539213445429,0.09395852652678063,0.09351103664086756,0.07758480553702388,0.12657473896914917,0.08891612057418556,0.08182227637496789,0.1223042221027876,0.11864021630175077
11,11.0,11.0,0.0949881845030581,0.09699001960439393,0.0929636948323616,0.10140340814570567,0.08887739310624984,0.12825984786089822,0.07999699393912259,0.07750771093962312,0.1289756781584535,0.11003706891013343
12,12.0,12.0,0.10293457571260352,0.08859195662813096,0.09062091839671593,0.0988402600200423,0.08083684284177514,0.12043175558615013,0.09549829082089899,0.08343720193264684,0.13317704005116568,0.10563115800987047
13,13.0,13.0,0.08602291386625005,0.10664952261566174,0.08676052371525586,0.10491973084677661,0.07588577696107855,0.12583029489996242,0.07817610918240733,0.08201920309278646,0.1341441671219884,0.11959175769783248
14,14.0,14.0,0.0919569867372392,0.10343269384455675,0.0831702296807023,0.09616027956269078,0.0678948354812929,0.14115162643685789,0.08854706792475564,0.07316685477747567,0.13918744028751673,0.11533198526691209
15,15.0,15.0,0.1041404591892523,0.09638180431236151,0.09146915329192624,0.0989186729071995,0.07434352151280911,0.12661519123761894,0.08454077837532614,0.0858394085752612,0.12677059236869131,0.11098041822955373
16,16.0,16.0,0.09720765991247649,0.11469140323590254,0.09176512753897006,0.09686696174553935,0.07487672031416112,0.12026290453750976,0.08687793965719696,0.08052678060644104,0.12450443644894,0.11242006600286261
17,17.0,17.0,0.09507894478117804,0.1069299302304674,0.09481948418465365,0.09093108921984641,0.07604918236814814,0.13437624456432087,0.0809491769846488,0.08150265691143631,0.12802660587766124,0.1113366848776391
18,18.0,18.0,0.09337708641742268,0.09452766087378164,0.08729205674374049,0.09568708411356124,0.08162651360479202,0.1226312751020783,0.0906035377087395,0.09492999211086171,0.13304791573160926,0.10627687759341309
19,19.0,19.0,0.08315475526037507,0.10898066746625326,0.09126202041514586,0.10352819774069744,0.07450531221085296,0.1257678825137955,0.08339210800254102,0.07076923686429377,0.13631551556931237,0.12232430395673277
20,20.0,20.0,0.09934478854137632,0.10626117431568086,0.09620184536121523,0.09708605611827002,0.07527104571231455,0.11390181399744495,0.07261966477555297,0.09683549687342333,0.1299933027771721,0.1124848115275496
21,21.0,21.0,0.07553142652934722,0.10378754865786569,0.09077451202961347,0.10614864295708226,0.07941684306187799,0.1287091896123083,0.08799864779030894,0.08372470547503484,0.135489954442286,0.10841852944427521
22,22.0,22.0,0.09393298332019337,0.0965653612554023,0.10228186927865582,0.08712413775400474,0.07581508181195795,0.12511467189275877,0.08528107570116741,0.08099286710936768,0.14508383970347752,0.10780811217301438
23,23.0,23.0,0.0879786650412976,0.10819609659861636,0.09455970205158457,0.09192328729918395,0.05812266266754176,0.1303532462378985,0.08595937345432336,0.08751430403729996,0.14541665903074108,0.1099760035815128
24,24.0,24.0,0.08863660112053708,0.09971480698979171,0.10355040221083249,0.09560111907195847,0.07826534728187283,0.11640171491555969,0.08610980244562516,0.0851470163364929,0.13202112265149463,0.11455206697583505
25,25.0,25.0,0.08667434760225863,0.09937851800562424,0.08666851499495198,0.10611116514581478,0.07363388773288516,0.11650673093092667,0.09237709849709584,0.08732522009797508,0.13171226039112865,0.11961225660133885
26,26.0,26.0,0.07838204250578422,0.10625680125678658,0.08496575240700557,0.09456015529960805,0.07642606787502051,0.13407332104050185,0.08836472387742408,0.07541727767299304,0.14601314999470608,0.11554070807016999
27,27.0,27.0,0.08593099177402955,0.1058023644990171,0.09677329599341454,0.09194823824111335,0.06641123545328129,0.11949138365915227,0.08333857317059294,0.08239510060391056,0.14600106611911362,0.12190775048637473
28,28.0,28.0,0.10474943905829444,0.10108072237059222,0.09893418299498329,0.0872816875041895,0.07129688157464557,0.1297790978791066,0.08303947097912964,0.08314076452979557,0.13110472937947776,0.10959302372978541
29,29.0,29.0,0.08296306519757349,0.10388080889248275,0.10079052294210014,0.09676221289637735,0.06359761733360429,0.12904512590182055,0.08435118919682713,0.07086573021408578,0.14375209952789225,0.1239916278972362
30,30.0,30.0,0.09009703823025594,0.10715978736063055,0.09857221780525469,0.08923291579031059,0.052389757830693516,0.13208312313265017,0.09032767478233207,0.08078453484045801,0.13920916658591082,0.12014378364150355
31,31.0,31.0,0.09680386782290637,0.10278933425278422,0.09316225762291033,0.08740999702592249,0.07986099105078193,0.12648642101051152,0.08552783355076095,0.08309268226652436,0.13245859147372124,0.11240802392317657
32,32.0,32.0,0.08173038712028033,0.11354653978139388,0.09209540437101779,0.08615719639651279,0.08263608924461692,0.13246001076675415,0.07756478890281437,0.06785321810989428,0.1380947575030784,0.12786160780363695
33,33.0,33.0,0.10057794227404085,0.10624706290485157,0.09528132222775952,0.09631406918008778,0.07116937828436196,0.12544869991539573,0.0796506565075471,0.08168291010970581,0.13534026983696903,0.10828768875928059
34,34.0,34.0,0.09669660037554642,0.10104227536767907,0.10131230187484888,0.09479564337223725,0.0757783180552824,0.12390178645363596,0.08861196950080871,0.06452563026018517,0.13150806127794226,0.12182741346183383
35,35.0,35.0,0.08354750417028516,0.10150014256677153,0.10420131216909574,0.09802558538440397,0.0636241563459771,0.13261423393176927,0.08815514785343741,0.068852428493456,0.14526028339085642,0.11421920569394735
36,36.0,36.0,0.08098142610864226,0.11054189570779212,0.10000918697391056,0.08800197021147135,0.057624047467244685,0.13453966763025388,0.08992464836362661,0.08136132448950364,0.14399096172795886,0.11302487131959596
37,37.0,37.0,0.09081062697708894,0.11087144431056466,0.0925640055660935,0.08658485934317837,0.060532640206458876,0.13088878776007667,0.08222197283562767,0.07545115201506122,0.14994570718885653,0.12012880379699342
38,38.0,38.0,0.09424948910111632,0.10446481843709324,0.10160153687324265,0.08688725883436267,0.07569059338235215,0.1385723417605355,0.08018890415063637,0.07198543793624043,0.13205870263001118,0.11430091689440942
39,39.0,39.0,0.09197453233730846,0.09946231940198338,0.10073601308826508,0.10795308479599101,0.07253286083802521,0.12982790622344742,0.07371131765720293,0.07627829567075643,0.14929851023598167,0.09822515975103834
40,40.0,40.0,0.08888825502929934,0.10482221720600708,0.10679348169568477,0.09291598514148589,0.06839991531708421,0.13935846765560994,0.07907997657969243,0.07775625762019847,0.13372447353493996,0.10826097021999789
41,41.0,41.0,0.09329003816192663,0.10987841232488886,0.10306497067543492,0.08854728826032805,0.0723168090315792,0.1359624903733593,0.07225509368480888,0.06396461001363646,0.13666378384988007,0.12405650362415754
42,42.0,42.0,0.08383398374149678,0.10766009691779285,0.09773833659073394,0.0930137366498273,0.06205431265266257,0.14306742093387065,0.07279160112533475,0.08381800494321111,0.14110404670279167,0.11491845974227828
43,43.0,43.0,0.090126723920623,0.0974313224282657,0.1097824284528253,0.09879336996891708,0.051749858948353024,0.12726815247354853,0.0907228105929298,0.06929608330360384,0.14299278823406042,0.1218364616768733
44,44.0,44.0,0.08343893992474781,0.0940968663221699,0.09202905383066941,0.10589048717893175,0.06505453353491575,0.12810752773285386,0.08112679040025288,0.09082679121270595,0.15083191739101426,0.10859709247173843
45,45.0,45.0,0.09312013132368467,0.10831454823393472,0.11212196410945248,0.0821522968998826,0.06294235310082856,0.12805042558877255,0.07744513715213758,0.06946784132890158,0.14639785163461655,0.11998745062778866
46,46.0,46.0,0.08657003808393973,0.11156773910029519,0.11563632455794348,0.08849478793509327,0.06832063202672721,0.12763722025960383,0.08487366047162007,0.06863411135290445,0.1407628317366791,0.10750265447519361
47,47.0,47.0,0.09457312996090705,0.11175633591670504,0.09809642006182613,0.08307258048640419,0.05652332603876077,0.13208780963724073,0.08880195842112232,0.08214853075390563,0.14180471045864168,0.11113519826448637
48,48.0,48.0,0.0938022237010582,0.11346826785563932,0.0971832773331117,0.07984482156703462,0.06149880106108766,0.13874032019678115,0.07684111647023996,0.07041003409577068,0.14601639072599013,0.12219474699328658
49,49.0,49.0,0.08305395880491066,0.10129269521439857,0.09821111383779876,0.09389976835847717,0.055339961595830975,0.14080496963792072,0.07728025526625307,0.06611611944883644,0.1453640553200373,0.13863710251553626
50,50.0,50.0,0.08478697414783401,0.1069552016032361,0.09916875944724667,0.08366543869918043,0.06310214736597378,0.13895874979410403,0.08470596465194165,0.06918411283734024,0.1417657442467009,0.12770690720644223
51,51.0,51.0,0.08411445198904158,0.09361411614185468,0.10200207943162068,0.10163920116363392,0.07638854231157319,0.12872339024498286,0.09298968220783774,0.06089379658415426,0.1371724851433233,0.12246225478197774
52,52.0,52.0,0.08988426873466715,0.09861383942613113,0.09358769050600313,0.09473212882690922,0.0709468444740495,0.11523301303065155,0.1084435333512811,0.06457385687924809,0.14001534947781644,0.12396947529324262
53,53.0,53.0,0.07951665911629846,0.09782124497469587,0.10783333679844478,0.09650021096601005,0.0737610647484084,0.12940499641720793,0.08619037491736735,0.07077969950720961,0.1376085426306857,0.12058386992367184
54,54.0,54.0,0.1017471480179261,0.10362059742636558,0.1042436755280132,0.08231547097283956,0.06538367865200254,0.13502176474885147,0.07065888758603402,0.07084094326130146,0.14734487910772914,0.11882295469893682
55,55.0,55.0,0.09257311381968424,0.10361250191577889,0.10892684221071891,0.09006240508863472,0.05423986703510001,0.1386836119146204,0.0761401659857389,0.06587305550084624,0.14294213471936484,0.12694630180951277
56,56.0,56.0,0.09222500276872382,0.10324240762726404,0.11536124244139048,0.10186413559150084,0.04655347224050911,0.1346953196816161,0.06493785990189395,0.09144800939176453,0.1279723746728722,0.12170017568246486
57,57.0,57.0,0.09425697518980586,0.10270750995142637,0.10389604518316153,0.09232011184457083,0.05201484621379697,0.13272610671319468,0.08104823035935224,0.07350912895824568,0.1358646895775902,0.13165635600885545
58,58.0,58.0,0.08587675326934359,0.10375036526639966,0.10464166831292838,0.07555965272760778,0.053749680181331305,0.13176407915084168,0.0974675152069984,0.07689516116380339,0.1454907279479979,0.1248043967727479
59,59.0,59.0,0.08670569123383036,0.1121701048190206,0.10474510777720111,0.08732506943524738,0.07540306239850997,0.1303814215172607,0.08566239829181281,0.07889810183275632,0.13211163001767767,0.10659741267668303
60,60.0,60.0,0.09290984722183623,0.09561978335683118,0.09119389190503946,0.08846105530004719,0.06324462861142394,0.13822572243959186,0.08630443645880614,0.06719368305280035,0.15341269567450339,0.12343425597912025
61,61.0,61.0,0.09039644975980349,0.09765341290334292,0.10471125500975935,0.08549289159992482,0.06445168989124772,0.1347218510050535,0.07958850188028452,0.08418787137628454,0.1528018393548719,0.10599423721942716
62,62.0,62.0,0.0826199796836958,0.11110729338773315,0.09707303615812385,0.10551794301590138,0.06283832805932683,0.12949620650951155,0.07316263962659553,0.07728684180553108,0.1378389960961668,0.12305873565741399
63,63.0,63.0,0.08760774496138188,0.10809860425271436,0.09529862562247202,0.10441157479736418,0.06995015061642167,0.11263136211883981,0.07223530021473634,0.06952100206544,0.15393423282500582,0.12631140252562384
64,64.0,64.0,0.08322911631984924,0.09998020732676724,0.11545043233609656,0.09671151603862471,0.06011833890345221,0.12928784588190112,0.0769400250338811,0.061028318225056014,0.13940047333058847,0.13785372660378328
65,65.0,65.0,0.09413143841280955,0.10039446226859243,0.12068255053726233,0.09470091938995193,0.06462573727387115,0.12825470106276543,0.07460084326341629,0.05557722003210598,0.1432890068173087,0.12374312094191622
66,66.0,66.0,0.0905932316930491,0.1168785916600947,0.10745858908511019,0.07727540909403771,0.06355696178887174,0.1167248706677586,0.08833949044752462,0.06125840095092212,0.14974977186838884,0.12816468274424234
67,67.0,67.0,0.09707611799336412,0.09490574766682466,0.09773798068818747,0.08797312660250393,0.0720756331474697,0.12452486661319495,0.08896672892736485,0.07927916411854483,0.13649639371585287,0.12096424052669259
68,68.0,68.0,0.09526644549912201,0.10456556259284969,0.09238625201976489,0.08691213785292837,0.07248417475699674,0.1290596298004697,0.08070622706488863,0.0658025650120287,0.15036038035116067,0.12245662504979064
69,69.0,69.0,0.0889848106512395,0.1091077663767932,0.08810305106299593,0.0808409555928794,0.07155673662936962,0.1382092244715095,0.07458592461465839,0.07433322454879365,0.13500985219455114,0.1392684538572096
70,70.0,70.0,0.0829308105607646,0.0999839787616204,0.10060519303173283,0.08990142292692085,0.0639979196420872,0.14150263981672745,0.08280691555426797,0.07596861581223158,0.14411706285731507,0.11818544103633193
71,71.0,71.0,0.10018087962805189,0.10080663821001831,0.10917352641986258,0.09336938211810258,0.058677210066792405,0.12406993374709052,0.07867439692236233,0.07047851647875378,0.1352182948487816,0.12935122156018403
72,72.0,72.0,0.08421492933187619,0.09957839482349003,0.10384183003755507,0.08744563305601434,0.06907407145792868,0.12207548881670308,0.07822723624503079,0.08207877074737455,0.14201337681895643,0.1314502686650708
73,73.0,73.0,0.09029375812054473,0.11216010183819762,0.11142180164571167,0.08537833235012042,0.054296060304519014,0.12672117083416423,0.07391677296738093,0.07979391758530151,0.13526825165748962,0.13074983269657023
74,74.0,74.0,0.09341333687957872,0.10783804962093124,0.10937567537047758,0.08452132440833401,0.052312267590437465,0.1431306596741468,0.0899123132454415,0.062199061596771146,0.1375653856819308,0.11973192593195067
75,75.0,75.0,0.09204364229413484,0.10327695786627988,0.1111552337009761,0.07968674523244287,0.0645413895684799,0.1336768604243946,0.09325678039125213,0.07112597701168104,0.13218218127919076,0.11905423223116784
76,76.0,76.0,0.08643412999388014,0.10898267354679217,0.10079575261569629,0.09052994168509443,0.07075026199239288,0.12865130883844855,0.08109768834064614,0.06010959973872654,0.15354558229648266,0.1191030609518402
77,77.0,77.0,0.09599390425394627,0.10771717004271275,0.0955468620202327,0.09617802429972586,0.060519987958684615,0.13002826567711814,0.07927107922152318,0.05845432526628652,0.14972902408258365,0.12656135717718625
78,78.0,78.0,0.08693330351221268,0.10240879682430386,0.11537453343832882,0.09889529826556329,0.05830928553516005,0.1238100980905718,0.0827412763574067,0.06790950744925615,0.13801995365619085,0.12559794687100578
79,79.0,79.0,0.09761966099587506,0.10563703462448788,0.10134792786692078,0.093124806301711,0.05527390469164214,0.13515832107861941,0.08228517787338267,0.07884276184294467,0.1306770913492647,0.12003331337515169
80,80.0,80.0,0.09695989098573134,0.11335809724077388,0.09250108751401158,0.08339183835844041,0.05569115388721744,0.13845576569311707,0.0831133034277572,0.06879192194502465,0.1542921276462874,0.11344481330163898
81,81.0,81.0,0.10651053129471336,0.10039334598317762,0.09314532554830894,0.08928957718958175,0.06992848715880466,0.12503538584073906,0.0753001368409889,0.07846211976145394,0.13489319655894694,0.1270418938232848
82,82.0,82.0,0.08343306164343665,0.10442820507268924,0.10309815645065842,0.08604156768346428,0.07013851440373256,0.11815569748868711,0.08008888895270687,0.08199133542574508,0.147037803690699,0.1255867691881807
83,83.0,83.0,0.09884419863949845,0.10969359828929863,0.10683447356481328,0.07895434559378058,0.06766189654689393,0.128160297678045,0.07498049896109246,0.06246548295960621,0.1621231044531792,0.11028210331379214
84,84.0,84.0,0.10117645215941957,0.1033165882862356,0.09952174214176635,0.07910319029230331,0.06810107706754388,0.13161488641474703,0.08494709831767201,0.06332455267741224,0.14392638016252327,0.12496803248037672
85,85.0,85.0,0.09315219015649101,0.10894051982058361,0.09089907093309832,0.09253294788393263,0.06391829059023107,0.13452822005905957,0.07806301018885405,0.0740344578157391,0.1362752797804759,0.1276560127715347
86,86.0,86.0,0.08669678874921413,0.10635549120747019,0.10194799081001735,0.09723130655518833,0.06663083242214655,0.13305105522484031,0.09118570854514792,0.06459981022483788,0.14612242709201723,0.10617858916912008
87,87.0,87.0,0.08481809533545889,0.11792878750466378,0.10487285455486287,0.08642627641036134,0.07008713505763577,0.11427963759132573,0.0805621334493083,0.07614343098341149,0.1480704821245734,0.1168111669883984
88,88.0,88.0,0.08577037066996035,0.10877476300939967,0.08579046550270608,0.09947850784920027,0.06041852061839577,0.1314325375548962,0.07809655152154972,0.07205644527350563,0.15797954884002877,0.12020228916035747
89,89.0,89.0,0.08674642932548753,0.1085981698663688,0.09476066959674809,0.08327525829880511,0.07088410754711284,0.11998460872935249,0.08416493990032382,0.05798515146461103,0.15232751332405137,0.1412731519471389
90,90.0,90.0,0.09160099653277695,0.11421453045320622,0.09712396571783237,0.09987557973330732,0.056182570973449274,0.12539067200736032,0.09273809027770274,0.07431463145470288,0.13196201702598326,0.11659694582367866
91,91.0,91.0,0.10663344365009272,0.10707686192897145,0.10985961463129609,0.08361856134265841,0.060720898103404995,0.12564646122282414,0.09097998764800909,0.06434304904699166,0.13061622534731987,0.12050489707843151
92,92.0,92.0,0.10104009113546171,0.09699760460138764,0.11232594153002473,0.09152537639454092,0.08196260845873297,0.12409086027301444,0.08469868426219218,0.06758194786768759,0.12460101620386059,0.11517586927309716
93,93.0,93.0,0.09219971581881897,0.09923705165877827,0.1097099308222782,0.07962884207753265,0.06364956253137896,0.12602715301473658,0.08974505786402022,0.07369207267167985,0.14099591154607888,0.12511470199469737
94,94.0,94.0,0.07361657953483372,0.10022817575357931,0.11083238654451202,0.08369504049004342,0.0617342325427605,0.13637522635046043,0.08007392960878329,0.07364563264933902,0.14867245338173543,0.13112634314395283
95,95.0,95.0,0.08210144592054869,0.11177619594561028,0.08868139368478581,0.10645735855420542,0.07203549335545709,0.11708395855532683,0.08657161340600002,0.06037006852552932,0.14756675942788575,0.12735571262465079
96,96.0,96.0,0.07645495748258264,0.1048184350998114,0.10027196421471904,0.11297514119923516,0.07176440182748176,0.1284242298399749,0.07277714011893699,0.06500021002749104,0.14616965306607943,0.1213438671236877
97,97.0,97.0,0.09011364998160756,0.11244519171611678,0.11111457914561904,0.0852007760403173,0.05968217405495457,0.11878139779710269,0.08264365724184045,0.08060071381843574,0.14111724801367423,0.11830061219033157
98,98.0,98.0,0.08217289372929125,0.10605951547293649,0.09975410889692482,0.09175614821046976,0.062382154231745646,0.1518005119182077,0.07399941994005821,0.08007815578766833,0.14193949168822453,0.11005760012447319
99,99.0,99.0,0.09240794648478824,0.09979513548095205,0.09151646866176852,0.09438327061284783,0.05751917194378873,0.13110105645717438,0.08693295238517616,0.07136578600810149,0.14466061827702575,0.13031759368837678
100,100.0,100.0,0.06981846240609133,0.12003753329793651,0.1055042223632993,0.09520915924046289,0.06962064086046198,0.10995910476527357,0.0938940160117939,0.07359040861136552,0.13976521260244218,0.12260123984087276
101,101.0,101.0,0.10107355911761788,0.11152970490815535,0.10685194124467903,0.0819477294851447,0.06483986725927274,0.12369869727360765,0.08143436536469122,0.07344882055421362,0.13637800188674767,0.11879731290587017
102,102.0,102.0,0.10020192915255617,0.11005519807350357,0.09861831394822544,0.09638018802029945,0.054624429722853626,0.13447260995085042,0.08345934176394154,0.056223814853867016,0.1433952193269376,0.1225689551869652
103,103.0,103.0,0.08372087737293946,0.1018780437140862,0.10652170652033932,0.0824716423328213,0.07904770466355707,0.1349290334036243,0.0834936527221182,0.05828653250358516,0.13952877681882606,0.1301220299481029
104,104.0,104.0,0.07323632250080905,0.07690916407930314,0.10009277656420765,0.1012271824506897,0.07224992898247329,0.13697138484036622,0.08130402771712296,0.08164802458333846,0.14763365529037573,0.1287275329913137
105,105.0,105.0,0.0851123763785451,0.10358809474418981,0.10909491197854479,0.07555457037457257,0.05606190622298448,0.14441571345053636,0.07832050223227549,0.07354899515596429,0.14671352824842163,0.12758940121396542
106,106.0,106.0,0.07931330282663424,0.11304592835557967,0.10584237371694878,0.09100797259737922,0.06399123917697022,0.11332316100953117,0.08629928218847105,0.08467243480864171,0.13964723480759655,0.12285707051224737
107,107.0,107.0,0.0980902019552832,0.101007585046863,0.08881915950251591,0.0896897236118858,0.07014793362411409,0.1382362112232146,0.08827729703461676,0.06006428809754015,0.1376701872952628,0.12799741260870362
108,108.0,108.0,0.10784426427067155,0.09236130464864377,0.08521203668380357,0.10403354990202193,0.06507589181716741,0.13237995210682102,0.09431353862609548,0.07277064703863242,0.12855577399299015,0.1174530409131527
109,109.0,109.0,0.08790215132859143,0.09248723100066902,0.11205579179491831,0.09488950011026331,0.06328963686033032,0.12312936921414448,0.07886625972678526,0.05348319192868241,0.1578542140769493,0.13604265395866616
110,110.0,110.0,0.08078471412619437,0.10133997646698416,0.09828593216260026,0.09387655969977968,0.05579823390357659,0.1383024522808709,0.08295820728268617,0.07189938655637737,0.16223270513634888,0.11452183238458166
111,111.0,111.0,0.06918251351745416,0.12053574028120262,0.1278041807228052,0.09274120687421236,0.04664020517394411,0.13966629228129132,0.06453515551486758,0.05736876234627625,0.15734028624083304,0.1241856570471133
112,112.0,112.0,0.07750938827019178,0.10234734344377291,0.10783681914330057,0.08439131457143516,0.05223639325006042,0.12875077411054542,0.08221834704816182,0.07591446323656252,0.15700128113452633,0.13179387579144297
113,113.0,113.0,0.09654850720099767,0.09915437572284982,0.10266888872103049,0.09118630139465186,0.0600270283785909,0.14049976458361849,0.08099704778294911,0.06255882795899989,0.15172992533951954,0.11462933291679211
114,114.0,114.0,0.08880467962150687,0.11991185257281067,0.10160293851674307,0.09652751444428839,0.05743582814742226,0.1330209523135866,0.07471529000173262,0.05384509337106434,0.1489060423662191,0.12522980864462604
115,115.0,115.0,0.08715835925398879,0.09932969452041075,0.11237246010958642,0.08317663101997894,0.057396348739613925,0.13663653543841364,0.07997275900084833,0.05288138172481207,0.15804827524585438,0.13302755494649268
116,116.0,116.0,0.09306028896850785,0.09609418821754039,0.10672613725871138,0.07928519326750572,0.06160697585250143,0.13401836665191894,0.08930829332132985,0.06890112237233172,0.1476061942883028,0.12339323980134986
117,117.0,117.0,0.08644788670206548,0.10776667592465741,0.10694046557686168,0.09210532024351695,0.06113104267569171,0.12450388540159855,0.09403631649987869,0.055712315216204955,0.15488792524673606,0.11646816651278855
118,118.0,118.0,0.09109045349670884,0.11065640915251743,0.11036480732539677,0.08929028288367002,0.06376094458014017,0.12045068311758869,0.06919023838429791,0.07195801204709548,0.1507756273163922,0.12246254169619239
119,119.0,119.0,0.09909879060242288,0.11317743394805009,0.10821054867861865,0.10176365843335948,0.06278689047870341,0.10865114659903248,0.07235476543186818,0.0728329543838401,0.14045893012161306,0.12066488132249165
120,120.0,120.0,0.08794274928483006,0.11721012154160897,0.10797748607751759,0.09316550692481713,0.04711037738676453,0.12143481137939012,0.08496009598441004,0.0652731806854838,0.13373441282469162,0.14119125791048612
121,121.0,121.0,0.09916227943217797,0.1033250862793494,0.11469694865302131,0.08041904591561738,0.07022538157530951,0.11543535532056097,0.08407589766413462,0.06386323555499673,0.14821937250586936,0.12057739709896267
122,122.0,122.0,0.09891348354267865,0.10203526016108304,0.11710552644604699,0.07913775946518267,0.06416744359874155,0.11567472972248047,0.0820615060622865,0.06455894669796941,0.13880163533757256,0.13754370896595808
123,123.0,123.0,0.08714672812706778,0.09934452391538395,0.11431633492187102,0.0928756849665698,0.07238242292722483,0.11897125869703944,0.06754822232037815,0.08150792189219026,0.14008366636083733,0.12582323587143746
124,124.0,124.0,0.07559011458103113,0.1071780647006452,0.10585869215727657,0.08471596572872363,0.06667946926776287,0.13930485860314973,0.07023414079507864,0.05711309970929408,0.15772609480424832,0.13559949965278975
125,125.0,125.0,0.09644653554526339,0.09494629193273105,0.09918283979589479,0.0704586892993087,0.0732049754159071,0.12089811767209198,0.08833279909966116,0.07656789425188582,0.15414853505817072,0.1258133219290853
126,126.0,126.0,0.0901224987391717,0.1112340755711669,0.09923995195538234,0.09181575778752626,0.06068076526396229,0.13200816126081996,0.07184490452607176,0.06637275520011668,0.15044588548479398,0.12623524421098808
127,127.0,127.0,0.09290997890756192,0.11686470232451071,0.10508028254188954,0.07311438960052911,0.05345956979951512,0.12989920380464437,0.0891486925775657,0.0765894591177699,0.1421728376227592,0.1207608837032544
128,128.0,128.0,0.08515804509598562,0.10402367977993758,0.10099860194165362,0.07878246829753374,0.05823340684718324,0.12247491628570364,0.08834009217759944,0.06778562880552483,0.15700734103515765,0.1371958197337206
129,129.0,129.0,0.09562094979572931,0.10037402809176905,0.10940702081936257,0.08497688630362986,0.056989045116538836,0.13193459440280347,0.08681224690188834,0.06805367236622939,0.14077572846620381,0.12505582773584534
130,130.0,130.0,0.11323750456367995,0.10220766896485008,0.10636910155372899,0.08683461274293326,0.05218824384719732,0.12956505299178522,0.05649673196567253,0.07515761902833995,0.16380299387612035,0.11414047046569227
131,131.0,131.0,0.09081106994276636,0.11733508059801909,0.10185190378039824,0.07302216160569126,0.06201015169102253,0.13921388297371778,0.07470141724020507,0.06816965820852547,0.16462046772938535,0.10826420623026878
132,132.0,132.0,0.0896478493729252,0.10239319906843096,0.09221723166785925,0.08746065789683907,0.07024258410811458,0.1480391545881255,0.08870266249471967,0.057403395916639746,0.13675198934041888,0.12714127554592713
133,133.0,133.0,0.08808757637227763,0.10613610678380496,0.10249086751401955,0.10661155448201902,0.06253565622570337,0.13943734435650154,0.07835806012838667,0.05222908108443195,0.14781464031770936,0.11629911273514593
134,134.0,134.0,0.09006276564530478,0.1134547672590716,0.10806055009110953,0.0773023332333992,0.08043177186455833,0.14030252642331553,0.07326551307241938,0.058484213392896924,0.1438858624095524,0.11474969660837227
135,135.0,135.0,0.08795366464264384,0.11076123400134608,0.12550534189757334,0.07346844858147263,0.054791346822986364,0.13740483558998426,0.07413441469953122,0.05978186051302686,0.15640904226399824,0.1197898109874371
136,136.0,136.0,0.10151162235995333,0.116977928144649,0.11652840320353482,0.07787237475684336,0.05469647319230113,0.11311752827062202,0.07719536486108915,0.05394560873535668,0.1532991360391713,0.1348555604364792
137,137.0,137.0,0.08761533446226673,0.10947039487063696,0.12455806452509585,0.08316036989972186,0.08624811017187523,0.1009824055533319,0.0779534703719297,0.06416628428816828,0.14934784453218855,0.11649772132478486
138,138.0,138.0,0.08293390384841855,0.1166729269723947,0.12169613529609191,0.0761373103715786,0.05981751064969979,0.12066290124973408,0.0705303400091342,0.0755757254781408,0.15596750619619373,0.12000573992861359
139,139.0,139.0,0.09795537347888442,0.10808474593173693,0.1133692222930424,0.10490810539974331,0.053354066707392456,0.12486195633886157,0.08071316356861619,0.07295152648287948,0.12019319605484864,0.12360864374399454
140,140.0,140.0,0.08449429166413722,0.10871598736838362,0.10653059983330629,0.0736997508120092,0.06895383197545812,0.14098727406949146,0.0762621294350803,0.059171933442939605,0.15355285142034295,0.12763134997885123
141,141.0,141.0,0.08935885165341954,0.11688313014481402,0.10112206413648325,0.0819711523212413,0.07186984473054303,0.13418340417306368,0.0723454127124596,0.05871040753420971,0.14275569245197633,0.1308000401417895
142,142.0,142.0,0.09235943340227358,0.09827711602564829,0.10804517265990574,0.08484728234226695,0.05286837631736838,0.12645607147817917,0.07984387105596545,0.07913713594475776,0.1507133499974251,0.12745219077620956
143,143.0,143.0,0.10732875554165995,0.10807030264447615,0.1017562941742648,0.0873587061992519,0.06406016401721235,0.11935491684353661,0.09257109294732276,0.05716836575623074,0.12874558255793017,0.13358581931811456
144,144.0,144.0,0.09400320164063136,0.12663091264408866,0.11740234572608366,0.07657783100798135,0.06354239338383688,0.13280249302083796,0.07007070260359483,0.06527407763362449,0.11974202063570008,0.1339540217036207
145,145.0,145.0,0.07725445496206063,0.1136329943844256,0.1253238300142272,0.0868250139790494,0.0587540678172512,0.11273871343860005,0.09698437708973341,0.072390595397362,0.13442365948738938,0.12167229342990123
146,146.0,146.0,0.10378591835184267,0.12059428380314374,0.11596060407976028,0.08660636478047935,0.053514750900980276,0.11910985245986574,0.07134296664951414,0.06610560252954371,0.1467253970230584,0.1162542594218116
147,147.0,147.0,0.09888892620983938,0.11029938208487118,0.09812971868578639,0.0905588774203751,0.051252014987771786,0.12802626801743985,0.07033576413172607,0.062358663908438895,0.15238767767586522,0.13776270687788608
148,148.0,148.0,0.1145089355983296,0.11227768757824796,0.11753083914083014,0.0803199684147267,0.05534448771696336,0.12625404388697206,0.05777143788687069,0.07244477592233163,0.1373810908780786,0.12616673297664924
149,149.0,149.0,0.10523402947757816,0.1015510404276045,0.10665051832166665,0.09625122987429473,0.05093305728082557,0.12872154508813402,0.0866572653189354,0.0645332825415348,0.14411421412732825,0.11535381754209781
150,150.0,150.0,0.08334487831183512,0.12232552834483446,0.11113202973694403,0.0846625540552403,0.06424706982944757,0.12904979288908855,0.0635727461546155,0.04972512118276184,0.16516145676711816,0.12677882272811442
151,151.0,151.0,0.10891647260230686,0.09713899586403482,0.11481864410668327,0.08298460670104006,0.06784462090209623,0.14421082154735892,0.06476567393635893,0.07027030585343216,0.1387861321365141,0.11026372635017463
152,152.0,152.0,0.0862148762633334,0.1056147605031031,0.11521869331423343,0.09210630115951196,0.04624400273833883,0.11640939092516105,0.0830176160897014,0.06682480675734209,0.15731722239603918,0.13103232985323549
153,153.0,153.0,0.09502946646606539,0.09606840189390428,0.11724513519969497,0.0813175858732045,0.05901855514640407,0.12875060878817646,0.06889664673961556,0.07666075311152314,0.14299516620312644,0.13401768057828506
154,154.0,154.0,0.10140723678697502,0.1213898972276197,0.10160938798011236,0.08348721104914107,0.060519068175646284,0.11453157481730869,0.08166591899081625,0.06381333893721655,0.14640369893656432,0.1251726670985997
155,155.0,155.0,0.08280095622649239,0.11825872426374362,0.10555970546003679,0.09299913397661344,0.05937676255541757,0.11948970887321901,0.09328213743713716,0.06499750273025393,0.13292226559133974,0.13031310288574632
156,156.0,156.0,0.06951686005113997,0.10809318266942655,0.10047850816521371,0.09596660553624398,0.061534535408143035,0.14254495167951545,0.08095256058679039,0.0732923463811171,0.13907278064587647,0.1285476688765334
157,157.0,157.0,0.07770611972755534,0.10436504363118762,0.10719341156706079,0.09459917976842616,0.0684554906058281,0.13173246972314598,0.07000451722827164,0.07501731396094465,0.12989667316499257,0.14102978062258711
158,158.0,158.0,0.10920822875233618,0.11835835734279194,0.09980727542615209,0.0851374431932643,0.06657037873612304,0.10755547137698125,0.06341857375971918,0.0681046301411691,0.15483298013464813,0.12700666113681477
159,159.0,159.0,0.0855866945304772,0.09688569550899426,0.10651669847898723,0.0997256092514276,0.05818186222468639,0.13018910350291568,0.09639013597875482,0.05453937871842527,0.15087296550112975,0.12111185630420188
160,160.0,160.0,0.10853525957760231,0.09273200769859577,0.12981045962321022,0.1008860355419116,0.06541668367406459,0.11570847068279957,0.07629939754368123,0.06221298596788978,0.1496319308963666,0.09876676879387827
161,161.0,161.0,0.08830582017020006,0.11704288099554483,0.12966733750779538,0.08833375273765418,0.05474134124850374,0.10365134569854491,0.0737307367449139,0.08282812370709684,0.1580227905500838,0.10367587063966235
162,162.0,162.0,0.08472594968363117,0.1087163148509966,0.10024778409524841,0.08675938728339491,0.054303665036219896,0.1396091508103319,0.07091883681757198,0.06597876446616627,0.15966010123119467,0.12908004572524412
163,163.0,163.0,0.08450684721744472,0.09236363922523169,0.11029931027305813,0.09665723121799512,0.07047376496202526,0.1329593027410187,0.07537350636506077,0.053015448491847285,0.1554190230004315,0.1289319265058868
164,164.0,164.0,0.1049492319048368,0.1087280854519895,0.11321000803217396,0.0825346639679985,0.07523603043249989,0.12990532311411354,0.0595842969476032,0.06241361804483812,0.14950715865654735,0.11393158344739904
165,165.0,165.0,0.10457693464997823,0.10445910981308044,0.09538801026730603,0.09500038355449314,0.049993832357180155,0.13266006811975295,0.07833207680577901,0.053169075636006216,0.17191194886326105,0.11450855993316267
166,166.0,166.0,0.09698389913113996,0.11216426037528002,0.11168878482077368,0.09195834503379186,0.04952298970508355,0.11483165460957798,0.08517569234235008,0.07040142780473517,0.15680393171174523,0.11046901446552251
167,167.0,167.0,0.07932900063388562,0.12748973093109178,0.11768116703414473,0.08139463021167996,0.04961357198025187,0.11324039376002407,0.09654599563046148,0.05804112547834974,0.1636934651554102,0.11297091918470055
168,168.0,168.0,0.09914311329215697,0.09550144090922776,0.0922886005386733,0.07929188664147416,0.05778405158684548,0.14059733743005742,0.0674090429156323,0.08036322854271305,0.16297847860829523,0.12464281953492429
169,169.0,169.0,0.06803421860990283,0.13665480071250785,0.11150864657630706,0.07287524537347133,0.06736053343224838,0.12069555842176953,0.06251810103720913,0.068900372652034,0.1572505971715601,0.1342019260129898
170,170.0,170.0,0.07604145913835769,0.11326395332211832,0.11651118478016069,0.0818499334589237,0.051032519270501044,0.12205221400189767,0.0715706037178235,0.07394219414430425,0.16068666713126145,0.13304927103465164
171,171.0,171.0,0.09122722742517533,0.10971492427310907,0.1308257486971276,0.0864237791845332,0.051204010296692956,0.12621663810847955,0.06735953300300045,0.07473373108258476,0.16331400900561058,0.09898039892368651
172,172.0,172.0,0.08500409884581067,0.11474715764116675,0.11807749654816417,0.08996987028580798,0.05559571406575804,0.17350939808932853,0.06858402796855687,0.0439515765546445,0.1377922634998626,0.11276839650089984
173,173.0,173.0,0.10613973642531291,0.09130915892305923,0.11829088060961043,0.09620655789269247,0.05131588363064009,0.1180830688219852,0.06898423581619462,0.07044707972078686,0.14672342157616303,0.13249997658355514
174,174.0,174.0,0.08423187313098375,0.13274913146258627,0.11626773403832728,0.0818961957723282,0.04350129896735396,0.11617621872124957,0.0727698080617104,0.04812173457868859,0.17412149932648094,0.130164505940291
175,175.0,175.0,0.08556340374132461,0.10296873983766797,0.13203779695422596,0.07998995219511351,0.050255684112333256,0.13491163706923945,0.06199182408153163,0.07604656011096159,0.16058446664544998,0.11564993525215202
176,176.0,176.0,0.07515608566100329,0.10577139529601651,0.10393283761778745,0.0863104102968128,0.03995071574163854,0.15285120788367362,0.05886665331481653,0.07450811313336861,0.18363233819701072,0.1190202428578719
177,177.0,177.0,0.0859763213028953,0.09489117689841316,0.11647439937476456,0.08935863567529008,0.06527969331377152,0.12159814629709384,0.09609071037049936,0.0536098186082839,0.14641297599707354,0.13030812216191473
178,178.0,178.0,0.10282972586863745,0.1132360746083553,0.11963968373978588,0.08034405487194957,0.058779923919654066,0.13222598700490873,0.07351536388678641,0.06134793992356865,0.133016363846602,0.12506488232975194
179,179.0,179.0,0.09804033420611408,0.10461651413895574,0.10851560097257784,0.07212025022107003,0.06837688676933555,0.13206938433115292,0.0592563384723356,0.07282012967660945,0.17063270956709664,0.11355185164475208
180,180.0,180.0,0.09343956397205726,0.10984228069554532,0.10376453424134882,0.08077782706209993,0.048540242559672556,0.12534741456999077,0.07041054865185607,0.07368602702758587,0.16393305693936325,0.1302585042804802
181,181.0,181.0,0.0886488779482386,0.09878703385505123,0.11324044443752745,0.053177683829675824,0.06464245738652215,0.14695120458154917,0.08835465629006309,0.06248011441663552,0.15449539096303744,0.1292221362916994
182,182.0,182.0,0.10023280834052513,0.1203253585305776,0.12732004216695086,0.08815668324890988,0.05344178585728797,0.11323484877057599,0.06462389570843693,0.05231926092875274,0.15277777865001047,0.12756753779797236
183,183.0,183.0,0.08428090807023592,0.12591153014031323,0.11916970043819727,0.057426095264035894,0.05046115836222572,0.11662893337727351,0.08724497941451848,0.06668770960764588,0.16379545456330374,0.1283935307622503
184,184.0,184.0,0.09025027132607219,0.12509727475363913,0.11693063807699418,0.06495208272089127,0.05259495158320192,0.12695405574071486,0.0790350324920642,0.055994558831021224,0.1459484455184576,0.1422426889569434
185,185.0,185.0,0.10965204358250316,0.11752631983568593,0.13473718145550226,0.05531796368962727,0.056205016996510294,0.13813548528550998,0.07076221573637179,0.043077040333146056,0.1454454948568112,0.12914123822833207
