,Unnamed: 0,Generation,Intertwine_two,Add_vertex,Delete_vertex,Invert_path_vertices,Insert_inside_vertex,Delete_inside_vertex,Replace_inside_vertex,Donate_between_routes,Trim_one_terminal_cb,Grow_one_terminal_cb
0,0.0,0.0,0.09999999999999999,0.09999999999999999,0.09999999999999999,0.09999999999999999,0.09999999999999999,0.09999999999999999,0.09999999999999999,0.09999999999999999,0.09999999999999999,0.09999999999999999
1,1.0,0.10900000000000001,0.10095025682531403,0.10010283607025772,0.09870293004098517,0.10025621248577414,0.09939053887703138,0.09845856672393417,0.09910434982251384,0.09893627554033667,0.10184949399258465,0.10224853962126809
2,2.0,0.31601,0.10207255264682338,0.09981571016220785,0.09772957243312504,0.10116891420263974,0.09815174326845648,0.09863096622497178,0.09957593068724283,0.09700753829220822,0.10297268062904688,0.10287439145327766
3,3.0,0.6191589000000001,0.10239912757634159,0.10030526694724297,0.09770288671372687,0.10215635884719744,0.09706292579588802,0.09889188839364305,0.0985917611740857,0.09466028577639408,0.10430487067286333,0.10392462810261678
4,4.0,1.015801321,0.10343145521119383,0.10053700965259442,0.09676129149982282,0.1014836129087558,0.09619889850710912,0.09875396752407367,0.09619015717810475,0.09365124241923353,0.10667270626805973,0.10631965883105216
5,5.0,1.50262148669,0.10375993386305521,0.10175960469476164,0.09680776012853047,0.10222621223082744,0.09478714764974289,0.09935896731835211,0.0959617694508948,0.09171932816636795,0.1075406235097964,0.1060786529876709
6,6.0,2.0757334209441005,0.10526674995204614,0.10117048282970362,0.09682614547599268,0.10288533830684168,0.09387509119377643,0.09961315121737432,0.09573650566189154,0.08913514984882773,0.10840877252822918,0.10708261298531649
7,7.0,2.7307768275633495,0.10548828239649675,0.1007442646246487,0.09761550514742799,0.1025929358962544,0.09280876097489774,0.09996443227990232,0.09397731085314086,0.08813712011389685,0.11021538860739512,0.10845599910593909
8,8.0,3.4630081252450404,0.10615906128927353,0.10127862006031882,0.09786124081819975,0.10279765722648616,0.09113988535254662,0.10092521195202317,0.0931799697538798,0.08663913458811505,0.11131757115055194,0.10870164780860496
9,9.0,4.2673862119061114,0.10682742244853748,0.10221998035860003,0.09648836054777174,0.10264040309467964,0.08956242096669632,0.10026678200627208,0.09394739347347238,0.08519370809680173,0.11251800467413701,0.11033552433303138
10,10.0,5.138652627782014,0.10707222104756862,0.10219172488289144,0.09794606986778055,0.10222293634486185,0.08852472080735749,0.10014168165215306,0.092776968381188,0.08240510576809083,0.11584749937736497,0.11087107187074295
11,11.0,6.071405875792507,0.107705573065021,0.10226954633642554,0.09911252481357087,0.10079425291225123,0.08802036685092712,0.1011760430263722,0.08960437319461691,0.08139090964736755,0.11747021664243655,0.11245619351101077
12,12.0,7.060169740244025,0.1070141592375004,0.10371641265956882,0.09914483145905469,0.10000815507646305,0.08641296528922168,0.10281985651720257,0.08925687905942607,0.07839478953615664,0.11796763606325895,0.11526431510214685
13,13.0,8.099455520847952,0.10723149242562534,0.10176695058627544,0.09983924417375482,0.09924494546295501,0.08660393411493825,0.10295213452875876,0.0883781802041387,0.07722274620871834,0.11919318119997127,0.11756719109486378
14,14.0,9.183818168183006,0.10836603149334417,0.10220052165272889,0.10036790537324111,0.0984735700901,0.0857498407129838,0.10362181526586277,0.0849006203800651,0.07652532827870774,0.121383286141873,0.11841108061109312
15,15.0,10.307906369102724,0.10867644394884995,0.10078354150369612,0.09963847812705795,0.10011815183100128,0.08454005502897344,0.10387551930329324,0.08513057925717368,0.07529308185359469,0.12188600319469345,0.12005814595166592
16,16.0,11.466506686239443,0.10915367871567228,0.10132716311093906,0.09894838303330616,0.10124619046774201,0.08459010007077777,0.1034034714642921,0.0837673748069294,0.0745592981265533,0.12407051170182248,0.11893382850196513
17,17.0,12.654581904800096,0.10853230573935363,0.1020829352646609,0.10013438386991307,0.1010830247149838,0.08535708634716768,0.10150213530030391,0.08179241002558767,0.07284762003893788,0.12587649609586285,0.12079160260322828
18,18.0,13.867303782456686,0.11057432726507813,0.10327419544543255,0.09884180821852208,0.1011932941849292,0.08526020995260353,0.10177377266497999,0.07930326625627343,0.0712638638054151,0.12702926233108222,0.12148599987568344
19,19.0,15.100080434523047,0.11100323506674194,0.1042005043219519,0.09899516825309826,0.1017668916947854,0.084553882595888,0.10034612792105017,0.0780752134024671,0.06901451885139734,0.12925235227891743,0.12279210561370214
20,20.0,16.348578617037543,0.11200535295472006,0.10462531866963519,0.10033963042038965,0.10179976845664786,0.08441986796251426,0.099703661881436,0.07525543836440632,0.0673051057442081,0.13112832731379598,0.12341752823224628
21,21.0,17.608741195130214,0.11394016981321563,0.10326907580036276,0.10190279763312393,0.10142446860379711,0.08334854201592065,0.0978968152827272,0.07572266341372257,0.0652167024317303,0.13307427485117182,0.12420449015422771
22,22.0,18.876800103462312,0.1142706646934202,0.10360329343846347,0.10160918924575713,0.10231602898959775,0.08069939353522225,0.09831406331537738,0.07518909646143239,0.06304088233947883,0.13548022885915945,0.12547715912209084
23,23.0,20.14928511992658,0.11431208935216204,0.10397029999994373,0.1015044192725815,0.10044256098440422,0.0793612696605448,0.0991348442541819,0.07370700378208915,0.06341911779896772,0.13644969162542392,0.12769870326970073
24,24.0,21.423028783545156,0.11326610336616699,0.10541040031194111,0.10384765170348084,0.09936298285712923,0.07926455761242984,0.09838578386800463,0.07383737560288679,0.06301291905314238,0.1372353788808102,0.12637684674400773
25,25.0,22.695167792966423,0.11099593627734228,0.10417471957142516,0.10592671964223403,0.09843790125629201,0.07896445222097472,0.09760221556540848,0.07243572534973154,0.06376748896622611,0.14049461926830006,0.12720022188206537
26,26.0,23.963141223515898,0.10976294455606715,0.10397230030720205,0.10916981615252833,0.09743940746868665,0.07732242949000043,0.09954237837521565,0.0700328967589984,0.06220485267593955,0.1417638289629604,0.12878914525240115
27,27.0,25.224685898775267,0.10847196653632067,0.10264693151266321,0.10961991699298919,0.09802474215600869,0.07559422322410944,0.10008398618929336,0.07007780303260691,0.06356008200248163,0.143860401456043,0.12805994689748365
28,28.0,26.477829247520948,0.1074770093363739,0.10064300184590996,0.10832260244807523,0.10046733931956428,0.0744462870796398,0.10113828276758481,0.0700033588871842,0.06370070042360595,0.1465469197129952,0.12725449817906648
29,29.0,27.720879968916847,0.10668702942197318,0.09899583395658068,0.10943062363164134,0.10118818670318794,0.0741429328234113,0.10078839325885326,0.07039499021965624,0.06324269916338841,0.14725738495549592,0.1278719258658115
30,30.0,28.95241681848399,0.10780135336266333,0.10063046509378608,0.10877895001876246,0.10018848769557889,0.07451317958474908,0.10207517389877724,0.07010423737048212,0.06160343671461257,0.14497263598799956,0.1293320802725885
31,31.0,30.17127581490958,0.1068687860274189,0.09874667689150324,0.11015336355237786,0.09944706506701181,0.07276791649291178,0.10429474812434855,0.0712859519245258,0.06036120855091066,0.14448501311664352,0.13158927025234773
32,32.0,31.376536153543515,0.10546505086502612,0.09830470492625605,0.11013578711083309,0.09839836702116302,0.07382029917451648,0.10394302075919278,0.0717002716525507,0.059457569071785135,0.14546494259410755,0.13330998682456896
33,33.0,32.567505096778625,0.10286856148912865,0.09828419985458364,0.11285185004858662,0.09907649423274333,0.07171524660039519,0.10358071528497449,0.07286239470760388,0.05755490321889142,0.1480968480570021,0.1331087865060906
34,34.0,33.74370209472243,0.10154316069380626,0.09944320540843192,0.11217934740189732,0.0966152252109269,0.07198530035714583,0.10509925733035642,0.07269098266260356,0.06014847229358114,0.1465320761542132,0.1337629724870373
35,35.0,34.90484237192463,0.10214008131826635,0.10014052213250861,0.11320713377656834,0.09545519129789563,0.07268863190713423,0.10485501691653028,0.07193031861550732,0.06043687091217138,0.1463698073307573,0.1327764257926604
36,36.0,36.05082019768737,0.10117414581925287,0.099561171860143,0.11515036591721362,0.09491822244718152,0.07005202482386304,0.1081602813116149,0.07352181396656692,0.059941811241402555,0.14566582746872114,0.1318543351440403
37,37.0,37.18169203889697,0.09941416957251982,0.09739551838476573,0.11631230168413027,0.09348072581814479,0.06896137405556771,0.10836630019098258,0.07459133374861177,0.060140247422311374,0.1468121830220635,0.13452584610090232
38,38.0,38.29765977559663,0.09876776401601987,0.09974195806456161,0.11683097143880493,0.09215659133667488,0.06770787440928301,0.10958185051692007,0.0758853377853482,0.060514540075636475,0.14424574100593887,0.13456737135081193
39,39.0,39.399054140870355,0.09789514346636238,0.09909751499539679,0.11731610560085436,0.09109549947665203,0.06807333417263917,0.11160400521347398,0.07628619536931439,0.06041955994725047,0.14363234125065555,0.13458030050740075
40,40.0,40.48631852820801,0.09736770556991667,0.09882120764366416,0.11837901565691096,0.09065321817181896,0.06789889413234154,0.11096812200002902,0.07523124746528032,0.061787369649259946,0.14459340141206137,0.13429981829871696
41,41.0,41.55999329152982,0.09737472488664829,0.09833801514570514,0.11946675555639402,0.08957727435248218,0.06763734566287655,0.11033550857169108,0.07663219883671085,0.06055317366546342,0.14598176344562133,0.13410323987640707
42,42.0,42.62070064560415,0.09632642032965252,0.09812569449260028,0.12128853701282123,0.08908797473263078,0.0678435212301507,0.11133073126439491,0.07689241445341091,0.06137877236332297,0.1443520299327219,0.13337390418829378
43,43.0,43.669130257815,0.09401485395441235,0.09768656696602872,0.12236265291187204,0.08921835318316244,0.0693219618312421,0.111493694790269,0.07763590235453895,0.06012270805550177,0.14480736048632192,0.1333359454666507
44,44.0,44.70602560622662,0.09249259154783522,0.09943376973969734,0.12297562629040625,0.09223791211008073,0.06943707988571761,0.11173948547571363,0.07649742544135894,0.05911310439234397,0.1434180618832682,0.13265494323357804
45,45.0,45.73217116373481,0.0940081267630102,0.10192875073208087,0.12423843346133866,0.09153484446864675,0.06947100143930982,0.11095363558556098,0.07370290499202384,0.05729872430842382,0.1443553098654031,0.13250826838420193
46,46.0,46.748380453854836,0.09528524811130222,0.10164842926230924,0.12300587862734695,0.09109226389236441,0.06796218349509858,0.11304006654380006,0.07165766904030106,0.05786906610575214,0.14632268872642584,0.13211650619529944
47,47.0,47.755485010424316,0.09687605996814745,0.10090007542329862,0.12292812253807343,0.09105052394760443,0.0678275395320907,0.1136576035962358,0.07139826765706869,0.05766215703138054,0.14669494693702184,0.13100470336907846
48,48.0,48.7543242612326,0.09520242048144809,0.10063585307030598,0.12384488360466382,0.0905736842960419,0.06635431661812759,0.1143717898783473,0.07274909444948238,0.057761223703319986,0.1476050160463956,0.13090171785186738
49,49.0,49.745736344347726,0.09249658244760797,0.10210163216121258,0.12437551195150787,0.09256467578596377,0.06466544490685977,0.11439104173582898,0.07198604958852882,0.0570829694944536,0.1491496433270254,0.13118644860101125
50,50.0,50.730549855707864,0.09141773265073287,0.10243855461747808,0.12345757842715793,0.09365036171216158,0.06438915487262947,0.11555234082595026,0.07228305849444187,0.056384471405549905,0.14901144689648155,0.13141530009741648
51,51.0,51.70957651737491,0.09232983189068478,0.10201294026505832,0.12271555426137323,0.092535164847996,0.06327015873933106,0.11465664982542312,0.0729505343512414,0.054922515509243944,0.1504776686731877,0.13412898163646045
52,52.0,52.68360474770151,0.0935727851960876,0.10051031787601457,0.12325576575737823,0.09322282708462475,0.06300201482922359,0.1138275548844224,0.07309126247952086,0.05678082365172114,0.14904363561000045,0.13369301263100639
53,53.0,53.65339410751842,0.09393119836205985,0.09980833042766356,0.12249208785740288,0.09269034739865764,0.06549647632905684,0.11151197174185748,0.07360920111611742,0.05790153753849438,0.14826762492623868,0.1342912243024512
54,54.0,54.61967059027847,0.09291145492458537,0.09789239260802453,0.12470682002327978,0.09328608703055831,0.06516827974309723,0.11065045096524415,0.07551193917195813,0.056749563715075814,0.1488389575662466,0.13428405425193
55,55.0,55.58312271885972,0.09255902886973505,0.09851678912516712,0.12732521314390735,0.09396506076095128,0.064131982427949,0.11043418227528184,0.07360521760542325,0.05805128803594654,0.14838744620784516,0.1330237915477933
56,56.0,56.544398407394254,0.09160199129038112,0.0976510897044357,0.12888154367406185,0.09579368999573347,0.06324607203785712,0.11030413256625166,0.07495394826274016,0.05778445644239172,0.14823835796235263,0.13154471806379445
57,57.0,57.504102543001395,0.09090848564728117,0.0976750906026919,0.13045436727562879,0.09981142965236173,0.06231389415854051,0.11005788822553869,0.07564005842214357,0.05746004968100136,0.14514692316510255,0.13053181316970955
58,58.0,58.462795239617805,0.08969376011160803,0.09873372577925046,0.12995875056622477,0.10011221859736158,0.062213255290978486,0.1097125132618137,0.07579364446264603,0.05855590532738783,0.14581878806073978,0.12940743854198913
59,59.0,59.42099071417639,0.08803967626139521,0.09963230704113032,0.13046672402357196,0.10055586985579429,0.06348403957070126,0.10888417213210283,0.07479944285981019,0.0580656719564006,0.14619959479243508,0.12987250150665805
60,60.0,60.379156734137354,0.08776436837776504,0.10042610327246732,0.13334952533277436,0.09850586015257247,0.06198663855472177,0.10941013954502428,0.07324810809423782,0.058748839837467204,0.1479591675844678,0.12860124924850172
61,61.0,61.337714584760846,0.0894563240959986,0.10152252802474414,0.13284253161996976,0.09775640290203934,0.06214130210264192,0.11110828496813616,0.07303590753040341,0.056259968311044795,0.14724389379653846,0.12863285664848323
62,62.0,62.29703950447439,0.09027978500427114,0.09949607692696344,0.1344748966964719,0.09815480609528775,0.06338109337398352,0.11192933630681234,0.07170613205656667,0.05631027066335923,0.14691237780559577,0.1273552250706881
63,63.0,63.257461537171835,0.08891112892556784,0.09942838246679843,0.135269977854269,0.09864485103864401,0.062488697987698474,0.11325205703950621,0.06874617536828724,0.057397134569624246,0.14789579403597505,0.12796580071362934
64,64.0,64.21926675122782,0.09414545548099498,0.10215709559043709,0.1318417653459259,0.0969610308919668,0.062089609724237306,0.11214589396039892,0.0689762467092584,0.057713225141004604,0.1479157296229963,0.12605394753277954
65,65.0,65.18269877636592,0.09474137794143385,0.10331197562584171,0.13349175783435463,0.09571818382078928,0.06332806140489076,0.11304613375385889,0.06684059772447332,0.05745755388443845,0.1479592900699317,0.12410506793998725
66,66.0,66.14796061122655,0.09444419463356787,0.10540279186325449,0.13267905920274067,0.09410217053899655,0.06387538698246473,0.11359686368945134,0.06679297944402521,0.05702310481934569,0.14926303698780743,0.12282041183834583
67,67.0,67.11521665648885,0.09835545824433498,0.1041262708262559,0.1315314021305194,0.0939255495801411,0.0655961356049142,0.11383124345376205,0.06512313752529097,0.056602219491455,0.14853368042320336,0.12237490272012289
68,68.0,68.08459493066005,0.09949241978735389,0.1042470097849979,0.13171062012204926,0.09300641256054612,0.06650376978510258,0.11603189627114326,0.06255319059211824,0.05713492763589984,0.14861727208177036,0.12070248137901843
69,69.0,69.05618942810752,0.10041380129863081,0.10415657914364268,0.13198755482939167,0.09106664982298898,0.06682198387886278,0.1147779600956984,0.061966671227474256,0.05954461962039261,0.14985395799526957,0.1194102220876481
70,70.0,70.03006258152917,0.10135408641556012,0.10468037389722186,0.13048118053819255,0.09297705478727414,0.06699116249419264,0.11569926666476382,0.061029729035643354,0.06021613040238489,0.14840428567084352,0.118166730093923
71,71.0,71.00624779379335,0.10229889219311467,0.10680127795082181,0.12980057491294644,0.0919315286950888,0.06677618624185945,0.11433677761294223,0.05914040724358747,0.06282899281636528,0.14716433921806826,0.1189210231152055
72,72.0,71.98475200689319,0.10047394476750067,0.10693987169938166,0.1282362906450249,0.09101067329930704,0.06578050302074745,0.11388088485364437,0.06085624409197768,0.06562180931322659,0.14683289391797077,0.12036688439121881
73,73.0,72.96555827861411,0.10119021913199443,0.10836065381918493,0.12916085629818097,0.0908252391627648,0.0652335071273639,0.11044868058690775,0.06151186484460181,0.06447139222907258,0.14689493336317697,0.1219026534367518
74,74.0,73.94862834037681,0.10280233887431138,0.1096543440209078,0.1271290923484295,0.09349525728539092,0.06523390499129922,0.10935055859013558,0.06123575569771608,0.062121096778330574,0.14511698554368155,0.12386066586979735
75,75.0,74.93390511255946,0.10203282656907887,0.10914923162196802,0.12771352539995592,0.0920031416208554,0.06486138632685398,0.10866740831418922,0.0614694291932424,0.06204947058174898,0.14659646215240366,0.12545711821970348
76,76.0,75.92131515639825,0.10120562006654069,0.10837176744619506,0.12888956497927867,0.09326849910583437,0.06455005079143261,0.1076031597835622,0.06102951971402354,0.06174674072885203,0.14676180596300983,0.12657327142127092
77,77.0,76.91077104428919,0.09945444224515752,0.10896313274446418,0.12701463302465782,0.0932127670075316,0.06230986767970999,0.1092540689499117,0.06011662754171326,0.06576714363371505,0.14602188092455334,0.12788543624858545
78,78.0,77.90217363294813,0.09623854742287521,0.10970879910677883,0.1274387346959314,0.09328449679191836,0.06282265875347474,0.10851132149509402,0.060264629880437875,0.06433403106214843,0.1455881111312959,0.13180866966004515
79,79.0,78.89541422641172,0.0970543277780686,0.11288628531094287,0.12593535446223453,0.09377861916504601,0.061488140654140815,0.11008188647968872,0.05919127887256083,0.06295545167745253,0.14364414094230854,0.13298451465755642
80,80.0,79.89037661826481,0.09571705828385377,0.11330662698133523,0.1267120032799472,0.09177024298045897,0.06263562586134928,0.11069498847893625,0.05752792880739201,0.06105712235417336,0.14713846032614142,0.1334399426464124
81,81.0,80.88693900474995,0.09604843881273202,0.11363922502536848,0.12779193490718388,0.09038774146288964,0.06221016300945936,0.11061100635806007,0.05684579970654963,0.061824827451277146,0.14637459921905097,0.13426626404742864
82,82.0,81.88497576253909,0.09710396807517847,0.11158578526668074,0.1281930621308064,0.0911541036155358,0.06413659299489675,0.10871594962713878,0.058207903814039626,0.05999181745216023,0.14653370104735552,0.13437711597620752
83,83.0,82.88435908692391,0.0973402255179112,0.11215107419654487,0.12660636059427646,0.09143473321994633,0.06332249258377814,0.10577985695295698,0.06030384078257807,0.061654987588143785,0.1457127766642002,0.1356936518996638
84,84.0,83.88496048800103,0.09700833284393852,0.11196497303966056,0.12748846810135514,0.09361017757482759,0.06414421593968252,0.10245486503561363,0.06282309612057052,0.06074866649561789,0.14360005461526712,0.13615715023346636
85,85.0,84.88665214409042,0.09768720486931522,0.11273590178518117,0.12627705245107052,0.09384212058066317,0.06399060833977435,0.10080773978082136,0.06463390829806999,0.05942588051283007,0.14428160051312633,0.1363179828691477
86,86.0,85.88930811312994,0.09625830676863163,0.11196275616272573,0.12612610879529995,0.09342701656399134,0.06472678129441889,0.10119516117929114,0.06576648483604361,0.06007857943172227,0.1437758833025151,0.13668292166536025
87,87.0,86.89280540413424,0.0954982302044955,0.11217746290571233,0.12381423555862046,0.0944867357621069,0.06588033888080366,0.10025899613273198,0.06846169160386885,0.059405913088684086,0.1438397947988312,0.13617660106414495
88,88.0,87.89702491199675,0.09603230392040367,0.1135142476117702,0.12255278082464896,0.09577875668620926,0.06640956447739634,0.09725718694011073,0.06910619970004447,0.057454896930848834,0.14488572896605298,0.13700833394251447
89,89.0,88.90185221995306,0.09401027354726052,0.11342581179742214,0.12192750706196315,0.09437417462884241,0.06966935207655604,0.0987906295314395,0.07014870376013273,0.05728522609276571,0.1439176692927484,0.13645065221086933
90,90.0,89.90717827491419,0.09240140271823588,0.11278385843805336,0.12265412886961086,0.09561833223165228,0.06909159710532593,0.09982049131267061,0.0700646164143452,0.0559003114461244,0.1427228168334586,0.1389424446305228
91,91.0,90.91289994163006,0.09132020931265457,0.10921859900668682,0.12397402549350361,0.09462846025858551,0.06926207109522456,0.10073002374585469,0.07151504904798209,0.057483796348744794,0.14345217594238097,0.1384155897483823
92,92.0,91.91892044225806,0.09115812589668368,0.10881603607625337,0.1226963297942347,0.09642126336049486,0.06827238186516835,0.10264971506219803,0.07217295071066296,0.05573770508763585,0.14457243102692355,0.13750306111974459
93,93.0,92.92514968840067,0.09104421374250991,0.11160719062326444,0.12620750691886992,0.09625009811133715,0.06657522798792932,0.10232589460195873,0.07014362661506683,0.0550980465798968,0.14356031604937292,0.13718787876979388
94,94.0,93.93150451304501,0.08831589803128223,0.11233158585391617,0.12572245416985223,0.0938547830710138,0.06427581487871886,0.10264432834986587,0.07353246238219914,0.055600846019686526,0.1458885938730216,0.13783323337044345
95,95.0,94.93790881009448,0.08902032449316048,0.11281910620966742,0.1252321583585807,0.09383050454068918,0.06302425765234605,0.10405076727622783,0.07360420142834737,0.05516001571488305,0.1450951063494001,0.13816355797669772
96,96.0,95.94429358933806,0.0876922628998745,0.10871302064714344,0.1216487486623383,0.09400120977201916,0.061299813989313175,0.10436465489882926,0.07643667092594796,0.056363429792903784,0.14843241389674913,0.14104777451488118
97,97.0,96.9505969547639,0.08574738973308776,0.10931811222016727,0.12266545649302078,0.09158821988894097,0.06126702698227778,0.10589232320044752,0.07705550374804267,0.05486379922670649,0.14925884106471266,0.14234332744259595
98,98.0,97.9567640140995,0.0872496696882584,0.10681741694875849,0.12283599616254764,0.09432822327185854,0.06342963325367014,0.1039229314932089,0.07711360197722594,0.053875114973835785,0.1500450552326032,0.1403823569980328
99,99.0,98.96274672736057,0.08679884143371275,0.10499137263010741,0.12265141593095105,0.09293169828934467,0.06306439329602676,0.10473290086219693,0.07508385750913901,0.05448343530223096,0.15344394321026678,0.1418181415360235
100,100.0,99.96850370202192,0.08631493310134386,0.10534506078426023,0.12377542308186439,0.09086753522983289,0.062133543912076594,0.1051386906422088,0.07449447180047127,0.055443087887029445,0.15411270230559823,0.14237455125531415
101,101.0,100.97399994219691,0.08755740328686264,0.10697277761029862,0.1235954737911308,0.09109941333220112,0.060948925772181896,0.10496124465855561,0.07250711978487115,0.05415776950808369,0.1570622163798159,0.14113765587599844
102,102.0,101.97920655893245,0.08785970609279257,0.10735455224375268,0.1265624997448826,0.0932335147945681,0.0617516812907758,0.10264166017404937,0.0718470449014636,0.052366761782468324,0.15687135441338904,0.1395112245618578
103,103.0,102.98410044840509,0.08838193857356741,0.10759355286132205,0.12732820168445347,0.09310777131935054,0.06036413374461305,0.10178654295117914,0.07159418944798254,0.05156752837123986,0.1585799275748806,0.1396962134714112
104,104.0,103.98866394444643,0.08803905783908479,0.10841832274299691,0.12815513545429244,0.0929119990332724,0.06048360112946966,0.10136046723989064,0.07004078853788959,0.0509753688358971,0.16062831230319682,0.13898694688400953
105,105.0,104.99288445143917,0.08741865377849001,0.10548543494762325,0.12564953186273714,0.092758241319674,0.06179895245641896,0.10280994064321765,0.07248986907264811,0.04926010941310611,0.15927951157193437,0.14304975493415034
106,106.0,105.99675406321822,0.0903340208952107,0.10647223102057693,0.12332034770087687,0.09081537069633629,0.06511948260145883,0.10246779529510167,0.07238682191721808,0.047794786368890646,0.159675364632857,0.14161377887147297
107,107.0,107.0002691731872,0.08936296815885661,0.10590987085348308,0.12710008472627987,0.09506164663647425,0.06375028484834257,0.10221909531216722,0.07163397461194625,0.04797653329923571,0.15859319005817832,0.13839235149503615
108,108.0,108.0034300804274,0.09140985856053505,0.10413571577095815,0.1277837219242936,0.09464192569070276,0.06388849502942867,0.10271822431428936,0.06926658073489907,0.04804396471367685,0.1599987712335645,0.13811274202765203
109,109.0,109.00624059613932,0.0892993836775116,0.10451969197825985,0.12810382214659619,0.09249561728796057,0.06344405544086094,0.10596541747681551,0.06986766421659325,0.04980824107334213,0.15948429690390417,0.13701180979815586
110,110.0,110.00870765431864,0.09197598667748205,0.10202044778660356,0.1278427742429767,0.09386770711247748,0.06289705819432116,0.10542197250654536,0.06981149582781064,0.051878918919849595,0.15816169846815867,0.13612194026377486
111,111.0,111.01084093013685,0.09163811727911705,0.101591132324383,0.13016063874373404,0.09587937393112089,0.061920364593956986,0.10581194844705862,0.06767291895557648,0.05191516050385439,0.15748650911527304,0.1359238361059256
112,112.0,112.01265246907188,0.09019097852829891,0.10097978301333643,0.1315512520191093,0.09687408940181506,0.06556488660924499,0.10630954612229965,0.06874144653437667,0.051803425811944304,0.1541530014974299,0.13383159046214488
113,113.0,113.01415632942268,0.08977065941861108,0.1029732496829207,0.13006823813356644,0.09604207343880843,0.06910500773517012,0.107859353803639,0.06631169283459036,0.05349769322948552,0.152666800128689,0.13170523159451947
114,114.0,114.01536824044418,0.08971084735413354,0.1043047278000838,0.13274782542771546,0.09798001694337401,0.06915692241119394,0.10528626252755897,0.06448806448285978,0.054032061622738284,0.15366809639177384,0.12862517503856846
115,115.0,115.01630527795908,0.0888726486832198,0.10758436622025828,0.1382228284406658,0.09537917095545184,0.06872000885454645,0.10286482405626393,0.06365912686998787,0.05583913295695239,0.15328833465515707,0.12556955830749664
116,116.0,116.0169855589429,0.08610262775952861,0.10897325275467212,0.1398376788645527,0.09782869580022278,0.06966861144631442,0.10366806003756117,0.06161072754117402,0.055056745541510174,0.15094586227506007,0.126307737979404
117,117.0,117.01742795623892,0.0882327192622161,0.10950721028115004,0.14080077991801226,0.09672348361680923,0.07137539881514673,0.10162083150439974,0.060480888221047864,0.05618646428330944,0.14862295757963268,0.126449266518276
118,118.0,118.01765183424293,0.09253155845624898,0.10664272468935827,0.14096819318211617,0.09949129621819314,0.07079279153544857,0.10039736942161787,0.05930635345755631,0.055594406833729605,0.14681057325807734,0.1274647329476538
119,119.0,119.01767680610413,0.09163026408717817,0.10502901634296229,0.1431772051701085,0.10099333716373723,0.07210557068013608,0.0992038270689388,0.057801835686696786,0.058132622105706494,0.14206086538106993,0.1298654563134658
120,120.0,120.01752251271817,0.09112534423591157,0.10861411934038386,0.14335105821265193,0.1002603995003877,0.07066281893531903,0.09732807540949905,0.05794517129215862,0.0591740980037192,0.14180054413867704,0.1297383709312921
121,121.0,121.01720842354362,0.0937707531742745,0.11139423052662993,0.14301623872412686,0.10000833729246353,0.07077746248578064,0.09554185546865435,0.05637902662827495,0.05819852376933909,0.143761149833984,0.1271524220964722
122,122.0,122.01675365905109,0.09690521362844322,0.11158394971171162,0.1408010317514444,0.09961202258669559,0.07026622775568932,0.09327846304182047,0.054623865958186316,0.05993244911261924,0.1439930936825011,0.12900368277088878
123,123.0,123.0161768344173,0.10031780671701701,0.10874852945194338,0.1390037141189937,0.09821037124890292,0.06987251158564813,0.09533893341570507,0.05282193915577385,0.058238093586098806,0.14614061020621358,0.13130749051370358
124,124.0,124.01549592390272,0.1021371159269059,0.10842772068709766,0.13645347319104648,0.10027378311772328,0.06691901159111924,0.0946277993685618,0.051755530334105154,0.05911534137373927,0.1470838255464431,0.13320639886325816
125,125.0,125.01472814520056,0.1032668378070675,0.10798484071207008,0.13471890950994658,0.09972819675779512,0.06411914408839088,0.09620960729747877,0.05215391266932805,0.05953613762932036,0.1479296434619574,0.1343527700666453
126,126.0,126.01388986291661,0.10501681352195036,0.10781515277814106,0.13719225360987902,0.09884338888529273,0.06238092698554386,0.09590822012376647,0.050794892727322224,0.058954849761405075,0.14958766728050935,0.13350583432618987
127,127.0,127.0129965102319,0.10725823597283404,0.10633539634000601,0.13513490098438447,0.09673436934938404,0.06279973073610785,0.09791043657648563,0.052691916531130145,0.059158183533918655,0.14960601945029883,0.13237081052545036
128,128.0,128.01206252771334,0.1098896364137164,0.10533091443333094,0.13448160851842653,0.09615523232625611,0.061428118362217086,0.09796956264262967,0.05212508028580647,0.05902815569096674,0.15269893335503734,0.1308927579716127
129,129.0,129.0111013181695,0.11012729827719922,0.10607180022099243,0.13458663776097557,0.09597860862001145,0.059177955583890496,0.0972535276474773,0.053359817026492944,0.06323291115892549,0.15302462864278893,0.12718681506124613
130,130.0,130.01012521639834,0.11145755970358226,0.10848638014395925,0.13370603916659018,0.09669946952598972,0.05875041794047849,0.09896858634539582,0.052068449128662084,0.0618583997732357,0.15193710966958798,0.1260675886025185
131,131.0,131.0091454726403,0.10945185048419855,0.10855747334559745,0.1373259788099262,0.09665753451051456,0.05754852707087292,0.09795101446919097,0.054834821268890103,0.06026435010996957,0.1524671442838627,0.12494130564697695
132,132.0,132.0081722485317,0.10881541510239205,0.10691681648738714,0.1366522366206312,0.09507561833072149,0.05757057644068665,0.10007886938773657,0.05482527263964485,0.06140153671755154,0.15482520335653632,0.12383845491671217
133,133.0,133.00721462434865,0.11174170639508318,0.10484396314674961,0.13644886347286225,0.09681939575680494,0.05841839341486434,0.09846460587882311,0.0549959521617818,0.060821317853380144,0.15296276110803853,0.1244830408116121
134,134.0,134.0062806163404,0.11097008263954955,0.10753965751521018,0.137918016267515,0.09400758352237391,0.05773322227619211,0.10113652513242614,0.05336017605109313,0.06204072018491348,0.15001672605419755,0.125277290356529
135,135.0,135.00537720296956,0.10841325591377317,0.10824314181546424,0.14016897954853888,0.09422835785246744,0.056501961209294196,0.10207671854962108,0.05288977832513578,0.06084082589778077,0.15165629237079112,0.12498068851713338
136,136.0,136.00451035890612,0.10748186431977513,0.1117507705147108,0.13764329279978899,0.0932319537058777,0.05701586252692185,0.10220025454049002,0.05265150294802116,0.05956209214988584,0.15359345040394212,0.1248689560905864
137,137.0,137.00368509565993,0.10608973273875165,0.10896763261670198,0.13564691337938864,0.09288513158540763,0.05516590066957219,0.10584882560398917,0.05373919527746218,0.05934392675451836,0.1551781195599,0.12713462181430818
138,138.0,138.0029055077818,0.10815600517674404,0.10746611605507472,0.1374988738539503,0.09121407661036288,0.05908297417569825,0.10536747606402863,0.05392535518007392,0.05774988512488482,0.15192461395078563,0.1276146238083968
139,139.0,139.00217482361367,0.10505796502018637,0.10634747928739549,0.13640882159697407,0.09167912077722368,0.060334957244732104,0.10581649659022827,0.05234850803243873,0.057320255014204576,0.1552756120953253,0.12941078434129138
140,140.0,140.0014954596262,0.10499625351069716,0.10645041130248312,0.13900920097198968,0.08983365508871223,0.057885575455781976,0.10402491307249079,0.050839839762813206,0.05802674161330891,0.15651988515006096,0.1324135240716619
141,141.0,141.00086907744122,0.10377415957700643,0.10354471209542639,0.14119276334249212,0.09431979545031255,0.05569163244035844,0.10181668750020234,0.05177610148023553,0.05745164567288669,0.1583712150667836,0.13206128737429584
142,142.0,142.0002966427003,0.10355095021032112,0.10163569295161931,0.14192260215066543,0.09554042190335915,0.05361227006954448,0.10078598010166367,0.05252035688057935,0.054962405153989265,0.15927929636733335,0.1361900242109248
143,143.0,142.99977848500652,0.10288159448798767,0.10195141705553691,0.14027421633978326,0.09354310613081124,0.052792837184566184,0.10022426377582688,0.05667696705179769,0.05343879336524212,0.16273630722564647,0.13548049738280152
144,144.0,143.99931435823203,0.10735070427030698,0.10079904103151012,0.14053156540510828,0.09230225125802352,0.05170067020125145,0.0987166636915528,0.05828609745355599,0.051895664760057886,0.16398198797206967,0.13443535395656325
145,145.0,144.99890350055264,0.10784998588210244,0.10349193800018543,0.14395053368976365,0.09366190988270963,0.04962363849831901,0.09666409822739061,0.05777857557929947,0.04930553742866523,0.16322845867382413,0.13444532413774035
146,146.0,145.9985446936357,0.10955778266770227,0.10422539083715433,0.14651109560063602,0.0952354897008653,0.04727804728265222,0.09777575735599654,0.05671457747129198,0.04707566556917625,0.16037522217705336,0.1352509713374717
147,147.0,146.99823632047406,0.1100603519880983,0.10535505342361726,0.14482292591280854,0.09714551392442658,0.04547960074888103,0.09748303098874862,0.056568286274856175,0.04511907348320329,0.1595290744312054,0.13843708882415476
148,148.0,147.99797642142389,0.10915771073940654,0.10855319249117365,0.14559056729552325,0.0960040639053368,0.04624147823413391,0.09472516763984465,0.05615973659888389,0.04438735348043926,0.16119499077606927,0.1379857388391887
149,149.0,148.99776274806447,0.11054020611719143,0.10670766568240526,0.14751948066159878,0.09548154251723147,0.04506155497939187,0.09774665285467614,0.05417919723347646,0.04490071686859552,0.15944043462956825,0.1384225484558648
150,150.0,149.99759281456036,0.11191613898235814,0.10453192436143667,0.14484853863764896,0.09470551712100551,0.043561147907933466,0.09881671051152628,0.05306810733391072,0.044580408379369676,0.16508155708898237,0.13888994967582818
151,151.0,150.99746394626104,0.11122367266910299,0.1084862213661909,0.14181630152283187,0.09438782749616488,0.04436728069676495,0.09886822388532243,0.05082568566870386,0.04423193733555226,0.16353081109004985,0.14226203826931597
152,152.0,151.99737332532905,0.11293090146737267,0.10990065849280581,0.14309316487480706,0.0930759573145797,0.045611071683431564,0.0965965481093218,0.04896194119046074,0.042888311276747686,0.1676225360850686,0.1393189095054043
153,153.0,152.99731803323698,0.11184086455427858,0.10917251528910422,0.144373670177629,0.09375081512898227,0.04498531264266528,0.09848208409939661,0.05123342940305827,0.043213093354245606,0.16631672823723676,0.13663148711340334
154,154.0,153.99729509002177,0.11107692009792722,0.10811921483112952,0.14368078594598685,0.09299341039034528,0.04380024550656756,0.097297793020391,0.051947549171686695,0.044755821233216225,0.17222061513149545,0.13410764467125413
155,155.0,154.99730149022784,0.10782989392920672,0.10725264277915504,0.14410303792981466,0.0941999418803091,0.04228610926829124,0.09536754250479157,0.056235353208239705,0.04530730923164216,0.17197177858395002,0.13544639068459974
156,156.0,155.99733423551103,0.10370781659744732,0.11141899793637705,0.1423150968344306,0.09250160871637284,0.044524539495805836,0.09406506408464643,0.05723685255556067,0.04384945417937907,0.17587162277814378,0.13450894682183637
157,157.0,156.99739036391077,0.10053065705679792,0.10896339304043448,0.1411530124192028,0.09360013087845646,0.044823701479854094,0.09625831034185837,0.05941464807350463,0.04457723297711778,0.17663037798295542,0.134048535749818
158,158.0,157.99746697583146,0.10334751916331653,0.10872730064833125,0.14380539052866617,0.09132280142817142,0.04341284754215158,0.09535831878068388,0.05792277139128689,0.04279239003993258,0.17856278949942586,0.1347478709780338
159,159.0,158.99756125680176,0.10298886984163891,0.1048423284089737,0.14539214335338904,0.09199429213884229,0.042919117301187276,0.09478367722766401,0.058063071958307164,0.04105810749606657,0.18081442964612426,0.13714396262780673
160,160.0,159.997670497107,0.10355840804091719,0.1067756452993972,0.14666228351011723,0.08892632240950978,0.044324752777049004,0.09433942003544121,0.057869149459647,0.040139915304176835,0.1791156594859841,0.13828844367776044
161,161.0,160.99779210841066,0.10210606146669243,0.1052301403934221,0.15122921531293795,0.08593856827388541,0.042636776088485255,0.09435747406005615,0.05742199558433547,0.03951493498303747,0.1821698347698273,0.1393949990673205
162,162.0,161.99792363749984,0.0991598289637929,0.10287909474970638,0.14804068322395164,0.08780096612520061,0.04330673145271855,0.09364327762635052,0.05716897687272475,0.04162477312375541,0.18037425904228405,0.14600140881951523
163,163.0,162.9980627773051,0.10157986563570635,0.10594572983342226,0.14958055478773372,0.08314701538011388,0.04190204033778257,0.09364135557115025,0.056260925670643086,0.04043316148921431,0.18324454638710824,0.14426480490712543
164,164.0,163.9982073753568,0.10154561812550297,0.10649310864005039,0.1505866734482104,0.08125331091967139,0.04244069432183325,0.09379537553009268,0.05450657679744866,0.040027625224930447,0.18547810430084574,0.14387291269141417
165,165.0,164.99835543984977,0.10484880039330557,0.10747876154976506,0.1465691081365666,0.07765360959677432,0.044831537312649744,0.0975368364988966,0.0538538278722991,0.03861643212829053,0.18575633648475084,0.1428547500267017
166,166.0,165.99850514349492,0.10641566160151798,0.10625710614067375,0.14551856332050744,0.08083836320579724,0.045030259015121255,0.09714964855494554,0.05316063747604567,0.039271669202702,0.18487353886218638,0.1414845526205028
167,167.0,166.99865482534062,0.10592996845898434,0.10340276109105315,0.14578899891292654,0.07943631192662683,0.04516239319740781,0.09754366961281337,0.0517540053852693,0.03919522306582439,0.18837267579621467,0.14341399255287968
168,168.0,167.99880299074837,0.10333855270738318,0.10259597551421044,0.14788508958273652,0.08062142263246644,0.04619696532767548,0.0974380499261463,0.05322589713888686,0.03792127294465218,0.18912352373825456,0.14165325048758812
169,169.0,168.99894830970783,0.10196326954589181,0.0999616541197991,0.1473019959217195,0.08224504455382266,0.0452139847213721,0.09853097728490565,0.054884011457401925,0.03669550510615067,0.18940174191232953,0.14380181537660716
170,170.0,169.99908961367427,0.10381096181971088,0.10148132307587114,0.14603524951127472,0.0808356628449875,0.04554244702014661,0.1001144694580125,0.05333308301506912,0.03832911823707716,0.1904495142400784,0.1400681707777721
171,171.0,170.99922589110733,0.0997545834265589,0.10118631467028529,0.15107369155371173,0.08273102662505621,0.044160869229148206,0.0994569613198283,0.05139603693969713,0.04102782765113004,0.18918228859041636,0.14003039999416797
172,172.0,171.99935628188598,0.10166786145409296,0.1007255828081583,0.15083504818552534,0.0822199246959921,0.04560192994361451,0.09849458117633332,0.05062088830669508,0.041475062620932084,0.1882632321290977,0.14009588867955872
173,173.0,172.99948007076793,0.10138483906141672,0.09890755183343636,0.1497912897718563,0.08724899696642946,0.04766780430176072,0.09711432263785706,0.04940989889003026,0.04034055917707759,0.18939484933438158,0.13873988802575407
174,174.0,173.99959668005403,0.09940233945962987,0.09798413067929132,0.15165753421425088,0.08657894493313459,0.04873482739148938,0.09346458228853036,0.05079481828693542,0.03921610048583776,0.19206844006451876,0.14009828219638176
175,175.0,174.99970566161096,0.09768614410043823,0.09623415331434505,0.15426506657983055,0.09059782849886844,0.0479938042827686,0.09041655648360371,0.054105141122077,0.038111926658863544,0.19067830171072594,0.13991107724847904
