,Unnamed: 0,Total_iterations,Intertwine_two,Add_vertex,Delete_vertex,Invert_path_vertices,Insert_inside_vertex,Delete_inside_vertex
0,0.0,0.0,0.16666666666666669,0.16666666666666669,0.16666666666666669,0.16666666666666669,0.16666666666666669,0.16666666666666669
1,1.0,1.0,0.16666666666666669,0.16666666666666669,0.16666666666666669,0.16666666666666669,0.16666666666666669,0.16666666666666669
2,2.0,2.0,0.16666666666666669,0.16666666666666669,0.16666666666666669,0.16666666666666669,0.16666666666666669,0.16666666666666669
3,3.0,3.0,0.16666666666666669,0.16666666666666669,0.16666666666666669,0.16666666666666669,0.16666666666666669,0.16666666666666669
4,4.0,4.0,0.16666666666666669,0.16666666666666669,0.16666666666666669,0.16666666666666669,0.16666666666666669,0.16666666666666669
5,5.0,5.0,0.16666666666666669,0.16666666666666669,0.16666666666666669,0.16666666666666669,0.16666666666666669,0.16666666666666669
6,6.0,6.0,0.16666666666666669,0.16666666666666669,0.16666666666666669,0.16666666666666669,0.16666666666666669,0.16666666666666669
7,7.0,7.0,0.16666666666666669,0.16666666666666669,0.16666666666666669,0.16666666666666669,0.16666666666666669,0.16666666666666669
8,8.0,8.0,0.16666666666666669,0.16666666666666669,0.16666666666666669,0.16666666666666669,0.16666666666666669,0.16666666666666669
9,9.0,9.0,0.16666666666666669,0.16666666666666669,0.16666666666666669,0.16666666666666669,0.16666666666666669,0.16666666666666669
10,10.0,10.0,0.16666666666666669,0.16666666666666669,0.16666666666666669,0.16666666666666669,0.16666666666666669,0.16666666666666669
11,11.0,11.0,0.16666666666666669,0.16666666666666669,0.16666666666666669,0.16666666666666669,0.16666666666666669,0.16666666666666669
12,12.0,12.0,0.16666666666666669,0.16666666666666669,0.16666666666666669,0.16666666666666669,0.16666666666666669,0.16666666666666669
13,13.0,13.0,0.16666666666666669,0.16666666666666669,0.16666666666666669,0.16666666666666669,0.16666666666666669,0.16666666666666669
14,14.0,14.0,0.16666666666666669,0.16666666666666669,0.16666666666666669,0.16666666666666669,0.16666666666666669,0.16666666666666669
15,15.0,15.0,0.16666666666666669,0.16666666666666669,0.16666666666666669,0.16666666666666669,0.16666666666666669,0.16666666666666669
16,16.0,16.0,0.16666666666666669,0.16666666666666669,0.16666666666666669,0.16666666666666669,0.16666666666666669,0.16666666666666669
17,17.0,17.0,0.16666666666666669,0.16666666666666669,0.16666666666666669,0.16666666666666669,0.16666666666666669,0.16666666666666669
18,18.0,18.0,0.16666666666666669,0.16666666666666669,0.16666666666666669,0.16666666666666669,0.16666666666666669,0.16666666666666669
19,19.0,19.0,0.16666666666666669,0.16666666666666669,0.16666666666666669,0.16666666666666669,0.16666666666666669,0.16666666666666669
20,20.0,20.0,0.16666666666666669,0.16666666666666669,0.16666666666666669,0.16666666666666669,0.16666666666666669,0.16666666666666669
21,21.0,21.0,0.16666666666666669,0.16666666666666669,0.16666666666666669,0.16666666666666669,0.16666666666666669,0.16666666666666669
22,22.0,22.0,0.16666666666666669,0.16666666666666669,0.16666666666666669,0.16666666666666669,0.16666666666666669,0.16666666666666669
23,23.0,23.0,0.16666666666666669,0.16666666666666669,0.16666666666666669,0.16666666666666669,0.16666666666666669,0.16666666666666669
24,24.0,24.0,0.16666666666666669,0.16666666666666669,0.16666666666666669,0.16666666666666669,0.16666666666666669,0.16666666666666669
25,25.0,25.0,0.16666666666666669,0.16666666666666669,0.16666666666666669,0.16666666666666669,0.16666666666666669,0.16666666666666669
26,26.0,26.0,0.16666666666666669,0.16666666666666669,0.16666666666666669,0.16666666666666669,0.16666666666666669,0.16666666666666669
27,27.0,27.0,0.16666666666666669,0.16666666666666669,0.16666666666666669,0.16666666666666669,0.16666666666666669,0.16666666666666669
28,28.0,28.0,0.16666666666666669,0.16666666666666669,0.16666666666666669,0.16666666666666669,0.16666666666666669,0.16666666666666669
29,29.0,29.0,0.16666666666666669,0.16666666666666669,0.16666666666666669,0.16666666666666669,0.16666666666666669,0.16666666666666669
30,30.0,30.0,0.16666666666666669,0.16666666666666669,0.16666666666666669,0.16666666666666669,0.16666666666666669,0.16666666666666669
31,31.0,31.0,0.16666666666666669,0.16666666666666669,0.16666666666666669,0.16666666666666669,0.16666666666666669,0.16666666666666669
32,32.0,32.0,0.16666666666666669,0.16666666666666669,0.16666666666666669,0.16666666666666669,0.16666666666666669,0.16666666666666669
33,33.0,33.0,0.16666666666666669,0.16666666666666669,0.16666666666666669,0.16666666666666669,0.16666666666666669,0.16666666666666669
34,34.0,34.0,0.16666666666666669,0.16666666666666669,0.16666666666666669,0.16666666666666669,0.16666666666666669,0.16666666666666669
35,35.0,35.0,0.16666666666666669,0.16666666666666669,0.16666666666666669,0.16666666666666669,0.16666666666666669,0.16666666666666669
36,36.0,36.0,0.16666666666666669,0.16666666666666669,0.16666666666666669,0.16666666666666669,0.16666666666666669,0.16666666666666669
37,37.0,37.0,0.16666666666666669,0.16666666666666669,0.16666666666666669,0.16666666666666669,0.16666666666666669,0.16666666666666669
38,38.0,38.0,0.16666666666666669,0.16666666666666669,0.16666666666666669,0.16666666666666669,0.16666666666666669,0.16666666666666669
39,39.0,39.0,0.16666666666666669,0.16666666666666669,0.16666666666666669,0.16666666666666669,0.16666666666666669,0.16666666666666669
40,40.0,40.0,0.16666666666666669,0.16666666666666669,0.16666666666666669,0.16666666666666669,0.16666666666666669,0.16666666666666669
41,41.0,41.0,0.16666666666666669,0.16666666666666669,0.16666666666666669,0.16666666666666669,0.16666666666666669,0.16666666666666669
42,42.0,42.0,0.16666666666666669,0.16666666666666669,0.16666666666666669,0.16666666666666669,0.16666666666666669,0.16666666666666669
43,43.0,43.0,0.16666666666666669,0.16666666666666669,0.16666666666666669,0.16666666666666669,0.16666666666666669,0.16666666666666669
44,44.0,44.0,0.16666666666666669,0.16666666666666669,0.16666666666666669,0.16666666666666669,0.16666666666666669,0.16666666666666669
45,45.0,45.0,0.16666666666666669,0.16666666666666669,0.16666666666666669,0.16666666666666669,0.16666666666666669,0.16666666666666669
46,46.0,46.0,0.16666666666666669,0.16666666666666669,0.16666666666666669,0.16666666666666669,0.16666666666666669,0.16666666666666669
47,47.0,47.0,0.16666666666666669,0.16666666666666669,0.16666666666666669,0.16666666666666669,0.16666666666666669,0.16666666666666669
48,48.0,48.0,0.16666666666666669,0.16666666666666669,0.16666666666666669,0.16666666666666669,0.16666666666666669,0.16666666666666669
49,49.0,49.0,0.16666666666666669,0.16666666666666669,0.16666666666666669,0.16666666666666669,0.16666666666666669,0.16666666666666669
50,50.0,50.0,0.16666666666666669,0.16666666666666669,0.16666666666666669,0.16666666666666669,0.16666666666666669,0.16666666666666669
51,51.0,51.0,0.16666666666666669,0.16666666666666669,0.16666666666666669,0.16666666666666669,0.16666666666666669,0.16666666666666669
52,52.0,52.0,0.16666666666666669,0.16666666666666669,0.16666666666666669,0.16666666666666669,0.16666666666666669,0.16666666666666669
53,53.0,53.0,0.16666666666666669,0.16666666666666669,0.16666666666666669,0.16666666666666669,0.16666666666666669,0.16666666666666669
54,54.0,54.0,0.16666666666666669,0.16666666666666669,0.16666666666666669,0.16666666666666669,0.16666666666666669,0.16666666666666669
55,55.0,55.0,0.16666666666666669,0.16666666666666669,0.16666666666666669,0.16666666666666669,0.16666666666666669,0.16666666666666669
56,56.0,56.0,0.16666666666666669,0.16666666666666669,0.16666666666666669,0.16666666666666669,0.16666666666666669,0.16666666666666669
57,57.0,57.0,0.16666666666666669,0.16666666666666669,0.16666666666666669,0.16666666666666669,0.16666666666666669,0.16666666666666669
58,58.0,58.0,0.16666666666666669,0.16666666666666669,0.16666666666666669,0.16666666666666669,0.16666666666666669,0.16666666666666669
59,59.0,59.0,0.16666666666666669,0.16666666666666669,0.16666666666666669,0.16666666666666669,0.16666666666666669,0.16666666666666669
60,60.0,60.0,0.16666666666666669,0.16666666666666669,0.16666666666666669,0.16666666666666669,0.16666666666666669,0.16666666666666669
61,61.0,61.0,0.16666666666666669,0.16666666666666669,0.16666666666666669,0.16666666666666669,0.16666666666666669,0.16666666666666669
62,62.0,62.0,0.16666666666666669,0.16666666666666669,0.16666666666666669,0.16666666666666669,0.16666666666666669,0.16666666666666669
63,63.0,63.0,0.16666666666666669,0.16666666666666669,0.16666666666666669,0.16666666666666669,0.16666666666666669,0.16666666666666669
64,64.0,64.0,0.16666666666666669,0.16666666666666669,0.16666666666666669,0.16666666666666669,0.16666666666666669,0.16666666666666669
65,65.0,65.0,0.16666666666666669,0.16666666666666669,0.16666666666666669,0.16666666666666669,0.16666666666666669,0.16666666666666669
66,66.0,66.0,0.16666666666666669,0.16666666666666669,0.16666666666666669,0.16666666666666669,0.16666666666666669,0.16666666666666669
67,67.0,67.0,0.16666666666666669,0.16666666666666669,0.16666666666666669,0.16666666666666669,0.16666666666666669,0.16666666666666669
68,68.0,68.0,0.16666666666666669,0.16666666666666669,0.16666666666666669,0.16666666666666669,0.16666666666666669,0.16666666666666669
69,69.0,69.0,0.16666666666666669,0.16666666666666669,0.16666666666666669,0.16666666666666669,0.16666666666666669,0.16666666666666669
70,70.0,70.0,0.16666666666666669,0.16666666666666669,0.16666666666666669,0.16666666666666669,0.16666666666666669,0.16666666666666669
71,71.0,71.0,0.16666666666666669,0.16666666666666669,0.16666666666666669,0.16666666666666669,0.16666666666666669,0.16666666666666669
72,72.0,72.0,0.16666666666666669,0.16666666666666669,0.16666666666666669,0.16666666666666669,0.16666666666666669,0.16666666666666669
73,73.0,73.0,0.16666666666666669,0.16666666666666669,0.16666666666666669,0.16666666666666669,0.16666666666666669,0.16666666666666669
74,74.0,74.0,0.16666666666666669,0.16666666666666669,0.16666666666666669,0.16666666666666669,0.16666666666666669,0.16666666666666669
75,75.0,75.0,0.16666666666666669,0.16666666666666669,0.16666666666666669,0.16666666666666669,0.16666666666666669,0.16666666666666669
76,76.0,76.0,0.16666666666666669,0.16666666666666669,0.16666666666666669,0.16666666666666669,0.16666666666666669,0.16666666666666669
77,77.0,77.0,0.16666666666666669,0.16666666666666669,0.16666666666666669,0.16666666666666669,0.16666666666666669,0.16666666666666669
78,78.0,78.2,0.16666666666666669,0.16666666666666669,0.16666666666666669,0.16666666666666669,0.16666666666666669,0.16666666666666669
79,79.0,79.2,0.16666666666666669,0.16666666666666669,0.16666666666666669,0.16666666666666669,0.16666666666666669,0.16666666666666669
80,80.0,80.5,0.16666666666666669,0.16666666666666669,0.16666666666666669,0.16666666666666669,0.16666666666666669,0.16666666666666669
81,81.0,81.5,0.16666666666666669,0.16666666666666669,0.16666666666666669,0.16666666666666669,0.16666666666666669,0.16666666666666669
82,82.0,82.5,0.16666666666666669,0.16666666666666669,0.16666666666666669,0.16666666666666669,0.16666666666666669,0.16666666666666669
83,83.0,83.5,0.16666666666666669,0.16666666666666669,0.16666666666666669,0.16666666666666669,0.16666666666666669,0.16666666666666669
84,84.0,84.5,0.16666666666666669,0.16666666666666669,0.16666666666666669,0.16666666666666669,0.16666666666666669,0.16666666666666669
85,85.0,85.5,0.16666666666666669,0.16666666666666669,0.16666666666666669,0.16666666666666669,0.16666666666666669,0.16666666666666669
86,86.0,86.5,0.16666666666666669,0.16666666666666669,0.16666666666666669,0.16666666666666669,0.16666666666666669,0.16666666666666669
87,87.0,87.5,0.16666666666666669,0.16666666666666669,0.16666666666666669,0.16666666666666669,0.16666666666666669,0.16666666666666669
88,88.0,88.6,0.16666666666666669,0.16666666666666669,0.16666666666666669,0.16666666666666669,0.16666666666666669,0.16666666666666669
89,89.0,89.6,0.16666666666666669,0.16666666666666669,0.16666666666666669,0.16666666666666669,0.16666666666666669,0.16666666666666669
90,90.0,90.6,0.16666666666666669,0.16666666666666669,0.16666666666666669,0.16666666666666669,0.16666666666666669,0.16666666666666669
91,91.0,91.6,0.16666666666666669,0.16666666666666669,0.16666666666666669,0.16666666666666669,0.16666666666666669,0.16666666666666669
92,92.0,92.6,0.16666666666666669,0.16666666666666669,0.16666666666666669,0.16666666666666669,0.16666666666666669,0.16666666666666669
93,93.0,93.8,0.16666666666666669,0.16666666666666669,0.16666666666666669,0.16666666666666669,0.16666666666666669,0.16666666666666669
94,94.0,94.9,0.16666666666666669,0.16666666666666669,0.16666666666666669,0.16666666666666669,0.16666666666666669,0.16666666666666669
95,95.0,95.9,0.16666666666666669,0.16666666666666669,0.16666666666666669,0.16666666666666669,0.16666666666666669,0.16666666666666669
96,96.0,96.9,0.16666666666666669,0.16666666666666669,0.16666666666666669,0.16666666666666669,0.16666666666666669,0.16666666666666669
97,97.0,97.9,0.16666666666666669,0.16666666666666669,0.16666666666666669,0.16666666666666669,0.16666666666666669,0.16666666666666669
98,98.0,98.9,0.16666666666666669,0.16666666666666669,0.16666666666666669,0.16666666666666669,0.16666666666666669,0.16666666666666669
99,99.0,99.9,0.16666666666666669,0.16666666666666669,0.16666666666666669,0.16666666666666669,0.16666666666666669,0.16666666666666669
100,100.0,100.9,0.16666666666666669,0.16666666666666669,0.16666666666666669,0.16666666666666669,0.16666666666666669,0.16666666666666669
101,101.0,101.9,0.16666666666666669,0.16666666666666669,0.16666666666666669,0.16666666666666669,0.16666666666666669,0.16666666666666669
102,102.0,102.9,0.16666666666666669,0.16666666666666669,0.16666666666666669,0.16666666666666669,0.16666666666666669,0.16666666666666669
103,103.0,103.9,0.16666666666666669,0.16666666666666669,0.16666666666666669,0.16666666666666669,0.16666666666666669,0.16666666666666669
104,104.0,104.9,0.16666666666666669,0.16666666666666669,0.16666666666666669,0.16666666666666669,0.16666666666666669,0.16666666666666669
105,105.0,105.9,0.16666666666666669,0.16666666666666669,0.16666666666666669,0.16666666666666669,0.16666666666666669,0.16666666666666669
106,106.0,106.9,0.16666666666666669,0.16666666666666669,0.16666666666666669,0.16666666666666669,0.16666666666666669,0.16666666666666669
107,107.0,107.9,0.16666666666666669,0.16666666666666669,0.16666666666666669,0.16666666666666669,0.16666666666666669,0.16666666666666669
108,108.0,108.9,0.16666666666666669,0.16666666666666669,0.16666666666666669,0.16666666666666669,0.16666666666666669,0.16666666666666669
109,109.0,109.9,0.16666666666666669,0.16666666666666669,0.16666666666666669,0.16666666666666669,0.16666666666666669,0.16666666666666669
110,110.0,110.9,0.16666666666666669,0.16666666666666669,0.16666666666666669,0.16666666666666669,0.16666666666666669,0.16666666666666669
111,111.0,111.9,0.16666666666666669,0.16666666666666669,0.16666666666666669,0.16666666666666669,0.16666666666666669,0.16666666666666669
112,112.0,112.9,0.16666666666666669,0.16666666666666669,0.16666666666666669,0.16666666666666669,0.16666666666666669,0.16666666666666669
113,113.0,113.9,0.16666666666666669,0.16666666666666669,0.16666666666666669,0.16666666666666669,0.16666666666666669,0.16666666666666669
114,114.0,114.9,0.16666666666666669,0.16666666666666669,0.16666666666666669,0.16666666666666669,0.16666666666666669,0.16666666666666669
115,115.0,115.9,0.16666666666666669,0.16666666666666669,0.16666666666666669,0.16666666666666669,0.16666666666666669,0.16666666666666669
116,116.0,116.9,0.16666666666666669,0.16666666666666669,0.16666666666666669,0.16666666666666669,0.16666666666666669,0.16666666666666669
117,117.0,117.9,0.16666666666666669,0.16666666666666669,0.16666666666666669,0.16666666666666669,0.16666666666666669,0.16666666666666669
118,118.0,118.9,0.16666666666666669,0.16666666666666669,0.16666666666666669,0.16666666666666669,0.16666666666666669,0.16666666666666669
119,119.0,119.9,0.16666666666666669,0.16666666666666669,0.16666666666666669,0.16666666666666669,0.16666666666666669,0.16666666666666669
120,120.0,120.9,0.16666666666666669,0.16666666666666669,0.16666666666666669,0.16666666666666669,0.16666666666666669,0.16666666666666669
121,121.0,121.9,0.16666666666666669,0.16666666666666669,0.16666666666666669,0.16666666666666669,0.16666666666666669,0.16666666666666669
122,122.0,122.9,0.16666666666666669,0.16666666666666669,0.16666666666666669,0.16666666666666669,0.16666666666666669,0.16666666666666669
123,123.0,123.9,0.16666666666666669,0.16666666666666669,0.16666666666666669,0.16666666666666669,0.16666666666666669,0.16666666666666669
124,124.0,124.9,0.16666666666666669,0.16666666666666669,0.16666666666666669,0.16666666666666669,0.16666666666666669,0.16666666666666669
125,125.0,125.9,0.16666666666666669,0.16666666666666669,0.16666666666666669,0.16666666666666669,0.16666666666666669,0.16666666666666669
126,126.0,126.9,0.16666666666666669,0.16666666666666669,0.16666666666666669,0.16666666666666669,0.16666666666666669,0.16666666666666669
127,127.0,127.9,0.16666666666666669,0.16666666666666669,0.16666666666666669,0.16666666666666669,0.16666666666666669,0.16666666666666669
128,128.0,128.9,0.16666666666666669,0.16666666666666669,0.16666666666666669,0.16666666666666669,0.16666666666666669,0.16666666666666669
129,129.0,129.9,0.16666666666666669,0.16666666666666669,0.16666666666666669,0.16666666666666669,0.16666666666666669,0.16666666666666669
130,130.0,130.9,0.16666666666666669,0.16666666666666669,0.16666666666666669,0.16666666666666669,0.16666666666666669,0.16666666666666669
131,131.0,131.9,0.16666666666666669,0.16666666666666669,0.16666666666666669,0.16666666666666669,0.16666666666666669,0.16666666666666669
132,132.0,132.9,0.16666666666666669,0.16666666666666669,0.16666666666666669,0.16666666666666669,0.16666666666666669,0.16666666666666669
133,133.0,133.9,0.16666666666666669,0.16666666666666669,0.16666666666666669,0.16666666666666669,0.16666666666666669,0.16666666666666669
134,134.0,134.9,0.16666666666666669,0.16666666666666669,0.16666666666666669,0.16666666666666669,0.16666666666666669,0.16666666666666669
135,135.0,135.9,0.16666666666666669,0.16666666666666669,0.16666666666666669,0.16666666666666669,0.16666666666666669,0.16666666666666669
136,136.0,136.9,0.16666666666666669,0.16666666666666669,0.16666666666666669,0.16666666666666669,0.16666666666666669,0.16666666666666669
137,137.0,137.9,0.16666666666666669,0.16666666666666669,0.16666666666666669,0.16666666666666669,0.16666666666666669,0.16666666666666669
138,138.0,138.9,0.16666666666666669,0.16666666666666669,0.16666666666666669,0.16666666666666669,0.16666666666666669,0.16666666666666669
139,139.0,139.9,0.16666666666666669,0.16666666666666669,0.16666666666666669,0.16666666666666669,0.16666666666666669,0.16666666666666669
140,140.0,140.9,0.16666666666666669,0.16666666666666669,0.16666666666666669,0.16666666666666669,0.16666666666666669,0.16666666666666669
141,141.0,141.9,0.16666666666666669,0.16666666666666669,0.16666666666666669,0.16666666666666669,0.16666666666666669,0.16666666666666669
142,142.0,142.9,0.16666666666666669,0.16666666666666669,0.16666666666666669,0.16666666666666669,0.16666666666666669,0.16666666666666669
143,143.0,143.9,0.16666666666666669,0.16666666666666669,0.16666666666666669,0.16666666666666669,0.16666666666666669,0.16666666666666669
144,144.0,144.9,0.16666666666666669,0.16666666666666669,0.16666666666666669,0.16666666666666669,0.16666666666666669,0.16666666666666669
145,145.0,145.9,0.16666666666666669,0.16666666666666669,0.16666666666666669,0.16666666666666669,0.16666666666666669,0.16666666666666669
146,146.0,146.9,0.16666666666666669,0.16666666666666669,0.16666666666666669,0.16666666666666669,0.16666666666666669,0.16666666666666669
147,147.0,147.9,0.16666666666666669,0.16666666666666669,0.16666666666666669,0.16666666666666669,0.16666666666666669,0.16666666666666669
148,148.0,148.9,0.16666666666666669,0.16666666666666669,0.16666666666666669,0.16666666666666669,0.16666666666666669,0.16666666666666669
149,149.0,149.9,0.16666666666666669,0.16666666666666669,0.16666666666666669,0.16666666666666669,0.16666666666666669,0.16666666666666669
150,150.0,150.9,0.16666666666666669,0.16666666666666669,0.16666666666666669,0.16666666666666669,0.16666666666666669,0.16666666666666669
151,151.0,151.9,0.16666666666666669,0.16666666666666669,0.16666666666666669,0.16666666666666669,0.16666666666666669,0.16666666666666669
152,152.0,152.9,0.16666666666666669,0.16666666666666669,0.16666666666666669,0.16666666666666669,0.16666666666666669,0.16666666666666669
153,153.0,153.9,0.16666666666666669,0.16666666666666669,0.16666666666666669,0.16666666666666669,0.16666666666666669,0.16666666666666669
154,154.0,154.9,0.16666666666666669,0.16666666666666669,0.16666666666666669,0.16666666666666669,0.16666666666666669,0.16666666666666669
155,155.0,155.9,0.16666666666666669,0.16666666666666669,0.16666666666666669,0.16666666666666669,0.16666666666666669,0.16666666666666669
156,156.0,156.9,0.16666666666666669,0.16666666666666669,0.16666666666666669,0.16666666666666669,0.16666666666666669,0.16666666666666669
157,157.0,157.9,0.16666666666666669,0.16666666666666669,0.16666666666666669,0.16666666666666669,0.16666666666666669,0.16666666666666669
158,158.0,158.9,0.16666666666666669,0.16666666666666669,0.16666666666666669,0.16666666666666669,0.16666666666666669,0.16666666666666669
159,159.0,159.9,0.16666666666666669,0.16666666666666669,0.16666666666666669,0.16666666666666669,0.16666666666666669,0.16666666666666669
160,160.0,160.9,0.16666666666666669,0.16666666666666669,0.16666666666666669,0.16666666666666669,0.16666666666666669,0.16666666666666669
161,161.0,161.9,0.16666666666666669,0.16666666666666669,0.16666666666666669,0.16666666666666669,0.16666666666666669,0.16666666666666669
162,162.0,162.9,0.16666666666666669,0.16666666666666669,0.16666666666666669,0.16666666666666669,0.16666666666666669,0.16666666666666669
163,163.0,164.0,0.16666666666666669,0.16666666666666669,0.16666666666666669,0.16666666666666669,0.16666666666666669,0.16666666666666669
164,164.0,165.0,0.16666666666666669,0.16666666666666669,0.16666666666666669,0.16666666666666669,0.16666666666666669,0.16666666666666669
165,165.0,166.0,0.16666666666666669,0.16666666666666669,0.16666666666666669,0.16666666666666669,0.16666666666666669,0.16666666666666669
166,166.0,167.0,0.16666666666666669,0.16666666666666669,0.16666666666666669,0.16666666666666669,0.16666666666666669,0.16666666666666669
167,167.0,168.0,0.16666666666666669,0.16666666666666669,0.16666666666666669,0.16666666666666669,0.16666666666666669,0.16666666666666669
168,168.0,169.0,0.16666666666666669,0.16666666666666669,0.16666666666666669,0.16666666666666669,0.16666666666666669,0.16666666666666669
169,169.0,170.0,0.16666666666666669,0.16666666666666669,0.16666666666666669,0.16666666666666669,0.16666666666666669,0.16666666666666669
170,170.0,171.0,0.16666666666666669,0.16666666666666669,0.16666666666666669,0.16666666666666669,0.16666666666666669,0.16666666666666669
171,171.0,172.0,0.16666666666666669,0.16666666666666669,0.16666666666666669,0.16666666666666669,0.16666666666666669,0.16666666666666669
172,172.0,173.0,0.16666666666666669,0.16666666666666669,0.16666666666666669,0.16666666666666669,0.16666666666666669,0.16666666666666669
173,173.0,174.0,0.16666666666666669,0.16666666666666669,0.16666666666666669,0.16666666666666669,0.16666666666666669,0.16666666666666669
174,174.0,175.0,0.16666666666666669,0.16666666666666669,0.16666666666666669,0.16666666666666669,0.16666666666666669,0.16666666666666669
175,175.0,176.0,0.16666666666666669,0.16666666666666669,0.16666666666666669,0.16666666666666669,0.16666666666666669,0.16666666666666669
176,176.0,177.0,0.16666666666666669,0.16666666666666669,0.16666666666666669,0.16666666666666669,0.16666666666666669,0.16666666666666669
177,177.0,178.1,0.16666666666666669,0.16666666666666669,0.16666666666666669,0.16666666666666669,0.16666666666666669,0.16666666666666669
178,178.0,179.1,0.16666666666666669,0.16666666666666669,0.16666666666666669,0.16666666666666669,0.16666666666666669,0.16666666666666669
179,179.0,180.1,0.16666666666666669,0.16666666666666669,0.16666666666666669,0.16666666666666669,0.16666666666666669,0.16666666666666669
180,180.0,181.1,0.16666666666666669,0.16666666666666669,0.16666666666666669,0.16666666666666669,0.16666666666666669,0.16666666666666669
181,181.0,182.1,0.16666666666666669,0.16666666666666669,0.16666666666666669,0.16666666666666669,0.16666666666666669,0.16666666666666669
182,182.0,183.1,0.16666666666666669,0.16666666666666669,0.16666666666666669,0.16666666666666669,0.16666666666666669,0.16666666666666669
183,183.0,184.2,0.16666666666666669,0.16666666666666669,0.16666666666666669,0.16666666666666669,0.16666666666666669,0.16666666666666669
184,184.0,185.2,0.16666666666666669,0.16666666666666669,0.16666666666666669,0.16666666666666669,0.16666666666666669,0.16666666666666669
185,185.0,186.2,0.16666666666666669,0.16666666666666669,0.16666666666666669,0.16666666666666669,0.16666666666666669,0.16666666666666669
186,186.0,187.2,0.16666666666666669,0.16666666666666669,0.16666666666666669,0.16666666666666669,0.16666666666666669,0.16666666666666669
187,187.0,188.2,0.16666666666666669,0.16666666666666669,0.16666666666666669,0.16666666666666669,0.16666666666666669,0.16666666666666669
188,188.0,189.2,0.16666666666666669,0.16666666666666669,0.16666666666666669,0.16666666666666669,0.16666666666666669,0.16666666666666669
189,189.0,190.2,0.16666666666666669,0.16666666666666669,0.16666666666666669,0.16666666666666669,0.16666666666666669,0.16666666666666669
190,190.0,191.2,0.16666666666666669,0.16666666666666669,0.16666666666666669,0.16666666666666669,0.16666666666666669,0.16666666666666669
191,191.0,192.2,0.16666666666666669,0.16666666666666669,0.16666666666666669,0.16666666666666669,0.16666666666666669,0.16666666666666669
192,192.0,193.2,0.16666666666666669,0.16666666666666669,0.16666666666666669,0.16666666666666669,0.16666666666666669,0.16666666666666669
193,193.0,194.2,0.16666666666666669,0.16666666666666669,0.16666666666666669,0.16666666666666669,0.16666666666666669,0.16666666666666669
194,194.0,195.2,0.16666666666666669,0.16666666666666669,0.16666666666666669,0.16666666666666669,0.16666666666666669,0.16666666666666669
195,195.0,196.2,0.16666666666666669,0.16666666666666669,0.16666666666666669,0.16666666666666669,0.16666666666666669,0.16666666666666669
196,196.0,197.2,0.16666666666666669,0.16666666666666669,0.16666666666666669,0.16666666666666669,0.16666666666666669,0.16666666666666669
197,197.0,198.2,0.16666666666666669,0.16666666666666669,0.16666666666666669,0.16666666666666669,0.16666666666666669,0.16666666666666669
198,198.0,199.2,0.16666666666666669,0.16666666666666669,0.16666666666666669,0.16666666666666669,0.16666666666666669,0.16666666666666669
199,199.0,200.2,0.1642857142857143,0.17857142857142858,0.1642857142857143,0.1642857142857143,0.1642857142857143,0.1642857142857143
200,200.0,201.2,0.1642857142857143,0.17857142857142858,0.1642857142857143,0.1642857142857143,0.1642857142857143,0.1642857142857143
201,201.0,202.2,0.17500000000000002,0.17500000000000002,0.1625,0.1625,0.1625,0.1625
202,202.0,203.2,0.17222222222222222,0.18333333333333335,0.16111111111111112,0.16111111111111112,0.16111111111111112,0.16111111111111112
203,203.0,204.2,0.17222222222222222,0.18333333333333335,0.16111111111111112,0.16111111111111112,0.16111111111111112,0.16111111111111112
204,204.0,205.2,0.17222222222222222,0.18333333333333335,0.16111111111111112,0.16111111111111112,0.16111111111111112,0.16111111111111112
205,205.0,206.2,0.16984126984126985,0.19523809523809524,0.15873015873015872,0.15873015873015872,0.15873015873015872,0.15873015873015872
206,206.0,207.2,0.16984126984126985,0.19523809523809524,0.15873015873015872,0.15873015873015872,0.15873015873015872,0.15873015873015872
207,207.0,208.2,0.15634920634920635,0.20396825396825397,0.15634920634920635,0.15634920634920635,0.17063492063492064,0.15634920634920635
208,208.0,209.2,0.15456349206349207,0.21468253968253967,0.15456349206349207,0.15456349206349207,0.16706349206349208,0.15456349206349207
209,209.0,210.2,0.15166666666666667,0.21666666666666665,0.15166666666666667,0.15166666666666667,0.16416666666666668,0.16416666666666668
210,210.0,211.2,0.1502777777777778,0.225,0.1502777777777778,0.1502777777777778,0.1627777777777778,0.16138888888888892
211,211.0,212.2,0.1502777777777778,0.225,0.1502777777777778,0.1502777777777778,0.1627777777777778,0.16138888888888892
212,212.0,213.2,0.14825757575757575,0.22621212121212123,0.15825757575757576,0.14825757575757575,0.1607575757575758,0.15825757575757576
213,213.0,214.2,0.14587662337662338,0.22383116883116885,0.15587662337662336,0.14587662337662338,0.17266233766233768,0.15587662337662336
214,214.0,215.2,0.14587662337662338,0.22383116883116885,0.15587662337662336,0.14587662337662338,0.17266233766233768,0.15587662337662336
215,215.0,216.2,0.143495670995671,0.22145021645021642,0.153495670995671,0.143495670995671,0.17028138528138528,0.16778138528138525
216,216.0,217.2,0.143495670995671,0.22145021645021642,0.153495670995671,0.143495670995671,0.17028138528138528,0.16778138528138525
217,217.0,218.2,0.143495670995671,0.20895021645021647,0.153495670995671,0.155995670995671,0.17028138528138528,0.16778138528138525
218,218.0,219.2,0.143495670995671,0.20895021645021647,0.153495670995671,0.155995670995671,0.17028138528138528,0.16778138528138525
219,219.0,220.2,0.143495670995671,0.20895021645021647,0.153495670995671,0.155995670995671,0.17028138528138528,0.16778138528138525
220,220.0,221.2,0.14170995670995673,0.2071645021645022,0.1517099567099567,0.16670995670995672,0.168495670995671,0.1642099567099567
221,221.0,222.2,0.14690476190476193,0.16690476190476192,0.1569047619047619,0.18619047619047618,0.1736904761904762,0.1694047619047619
222,222.0,223.2,0.1594047619047619,0.16690476190476192,0.1569047619047619,0.18619047619047618,0.1611904761904762,0.1694047619047619
223,223.0,224.2,0.16734126984126985,0.16373015873015873,0.168015873015873,0.19095238095238096,0.14373015873015874,0.16623015873015873
224,224.0,225.2,0.16734126984126985,0.16373015873015873,0.168015873015873,0.19095238095238096,0.14373015873015874,0.16623015873015873
225,225.0,226.2,0.17511904761904762,0.1626190476190476,0.1669047619047619,0.18761904761904763,0.14261904761904762,0.1651190476190476
226,226.0,227.2,0.17239177489177487,0.1708008658008658,0.165995670995671,0.18489177489177488,0.14170995670995673,0.1642099567099567
227,227.0,228.2,0.17239177489177487,0.1708008658008658,0.165995670995671,0.18489177489177488,0.14170995670995673,0.1642099567099567
228,228.0,229.2,0.1576190476190476,0.1692857142857143,0.16523809523809524,0.19511904761904764,0.14095238095238094,0.17178571428571426
229,229.0,230.2,0.1576190476190476,0.1692857142857143,0.16523809523809524,0.20761904761904765,0.14095238095238094,0.15928571428571428
230,230.0,231.2,0.1576190476190476,0.1692857142857143,0.16523809523809524,0.20761904761904765,0.14095238095238094,0.15928571428571428
231,231.0,232.2,0.15873015873015872,0.18373015873015872,0.15634920634920632,0.20873015873015874,0.14206349206349206,0.1503968253968254
232,232.0,233.2,0.1576190476190476,0.17928571428571427,0.15523809523809523,0.20761904761904765,0.15095238095238092,0.1492857142857143
233,233.0,234.2,0.1576190476190476,0.17928571428571427,0.15523809523809523,0.20761904761904765,0.15095238095238092,0.1492857142857143
234,234.0,235.2,0.1576190476190476,0.18928571428571428,0.15523809523809523,0.20761904761904765,0.14095238095238094,0.1492857142857143
235,235.0,236.2,0.16580086580086578,0.18474025974025973,0.1543290043290043,0.2067099567099567,0.14004329004329003,0.14837662337662336
236,236.0,237.2,0.16428571428571428,0.18095238095238095,0.1619047619047619,0.20595238095238097,0.13928571428571426,0.1476190476190476
237,237.0,238.2,0.16428571428571428,0.18095238095238095,0.1619047619047619,0.20595238095238097,0.13928571428571426,0.1476190476190476
238,238.0,239.2,0.1738095238095238,0.17619047619047618,0.17142857142857143,0.2011904761904762,0.1345238095238095,0.14285714285714282
239,239.0,240.2,0.17202380952380952,0.1744047619047619,0.16785714285714284,0.2119047619047619,0.1327380952380952,0.14107142857142854
240,240.0,241.2,0.17202380952380952,0.1744047619047619,0.16785714285714284,0.2119047619047619,0.1327380952380952,0.14107142857142854
241,241.0,242.2,0.17202380952380952,0.1744047619047619,0.16785714285714284,0.2119047619047619,0.1327380952380952,0.14107142857142854
242,242.0,243.2,0.16385281385281383,0.20097402597402594,0.17397186147186144,0.18706709956709952,0.13290043290043288,0.1412337662337662
243,243.0,244.2,0.16385281385281383,0.20097402597402594,0.17397186147186144,0.18706709956709952,0.13290043290043288,0.1412337662337662
244,244.0,245.2,0.17040043290043286,0.20434704184704183,0.17496392496392493,0.18250360750360745,0.13389249639249637,0.13389249639249637
245,245.0,246.2,0.1682539682539682,0.21507936507936506,0.17281746031746031,0.18035714285714283,0.13174603174603172,0.13174603174603172
246,246.0,247.2,0.16178571428571425,0.21706349206349204,0.17884920634920634,0.17567460317460315,0.12706349206349205,0.13956349206349203
247,247.0,248.2,0.15884670884670885,0.2268439893439893,0.18082473082473077,0.1727355977355977,0.12412448662448661,0.13662448662448662
248,248.0,249.2,0.15884670884670885,0.2268439893439893,0.18082473082473077,0.1727355977355977,0.12412448662448661,0.13662448662448662
249,249.0,250.2,0.1582972582972583,0.2301406926406926,0.1922258297258297,0.17218614718614716,0.12357503607503606,0.12357503607503606
250,250.0,251.2,0.15365440115440115,0.2302200577200577,0.2079401154401154,0.16754329004329002,0.12032106782106781,0.12032106782106781
251,251.0,252.2,0.15254329004329004,0.2291089466089466,0.21460678210678208,0.1653210678210678,0.11920995670995668,0.11920995670995668
252,252.0,253.2,0.14941197691197688,0.23708874458874454,0.20763708513708515,0.171482683982684,0.11718975468975468,0.11718975468975468
253,253.0,254.2,0.1491468253968254,0.22428571428571425,0.21301587301587302,0.16970238095238094,0.12692460317460316,0.11692460317460315
254,254.0,255.2,0.15641955266955265,0.22246753246753243,0.21028860028860027,0.16879329004329002,0.12601551226551228,0.11601551226551225
255,255.0,256.2,0.15530844155844153,0.22024531024531022,0.20862193362193357,0.17601551226551224,0.12490440115440113,0.11490440115440115
256,256.0,257.2,0.15439935064935065,0.20842712842712846,0.22407647907647904,0.17510642135642132,0.12399531024531023,0.11399531024531025
257,257.0,258.2,0.15364177489177488,0.21524531024531024,0.22028860028860028,0.17434884559884556,0.12323773448773448,0.11323773448773448
258,258.0,259.2,0.15300074925074922,0.21332223332223332,0.21708347208347206,0.17370781995781992,0.13028901653901653,0.11259670884670883
259,259.0,260.2,0.15300074925074922,0.21332223332223332,0.21708347208347206,0.17370781995781992,0.13028901653901653,0.11259670884670883
260,260.0,261.2,0.15235972360972358,0.21268120768120768,0.2222116772116772,0.17114371739371737,0.1296479908979909,0.11195568320568319
261,261.0,262.2,0.15181027306027303,0.21213175713175714,0.21946442446442446,0.18378108003108,0.12140623265623263,0.11140623265623265
262,262.0,263.2,0.14406135531135528,0.2034737484737485,0.23647741147741144,0.18230921855921853,0.12183913308913308,0.11183913308913307
263,263.0,264.2,0.14364468864468863,0.20305708180708182,0.24022741147741145,0.1802258852258852,0.12142246642246642,0.1114224664224664
264,264.0,265.2,0.1432770415858651,0.20268943474825832,0.23353623500682322,0.17838764993176756,0.13105481936364288,0.11105481936364288
265,265.0,266.2,0.1432770415858651,0.20268943474825832,0.23353623500682322,0.17838764993176756,0.13105481936364288,0.11105481936364288
266,266.0,267.2,0.1432770415858651,0.20268943474825832,0.23353623500682322,0.17838764993176756,0.13105481936364288,0.11105481936364288
267,267.0,268.2,0.1429502442002442,0.2023626373626374,0.23647741147741144,0.17675366300366296,0.13072802197802197,0.11072802197802196
268,268.0,269.2,0.14113206238206238,0.20145354645354646,0.2337501387501387,0.18493548118548114,0.12890984015984014,0.10981893106893106
269,269.0,270.2,0.14113206238206238,0.20145354645354646,0.2337501387501387,0.18493548118548114,0.12890984015984014,0.10981893106893106
270,270.0,271.2,0.14291777666777666,0.20323926073926074,0.2498215673215673,0.16172119547119548,0.13069555444555445,0.11160464535464536
271,271.0,272.2,0.14772546897546895,0.20516233766233766,0.23636002886002885,0.16792748917748918,0.12641233766233767,0.11641233766233765
272,272.0,273.2,0.14772546897546895,0.20516233766233766,0.23636002886002885,0.16792748917748918,0.12641233766233767,0.11641233766233765
273,273.0,274.2,0.14772546897546895,0.20516233766233766,0.23636002886002885,0.16792748917748918,0.12641233766233767,0.11641233766233765
274,274.0,275.2,0.14772546897546895,0.20516233766233766,0.23636002886002885,0.16792748917748918,0.12641233766233767,0.11641233766233765
275,275.0,276.2,0.14772546897546895,0.20516233766233766,0.23636002886002885,0.16792748917748918,0.12641233766233767,0.11641233766233765
276,276.0,277.2,0.14772546897546895,0.20516233766233766,0.23636002886002885,0.16792748917748918,0.12641233766233767,0.11641233766233765
277,277.0,278.2,0.15397546897546896,0.18016233766233763,0.23636002886002885,0.17417748917748915,0.13266233766233765,0.12266233766233765
278,278.0,279.2,0.15218975468975468,0.17837662337662336,0.24528860028860028,0.17239177489177487,0.13087662337662337,0.12087662337662337
279,279.0,280.2,0.1508008658008658,0.17698773448773447,0.2522330447330447,0.171002886002886,0.12948773448773448,0.11948773448773449
280,280.0,281.2,0.1508008658008658,0.17698773448773447,0.2522330447330447,0.171002886002886,0.12948773448773448,0.11948773448773449
281,281.0,282.2,0.16080086580086578,0.17698773448773447,0.23778860028860027,0.17544733044733044,0.12948773448773448,0.11948773448773449
282,282.0,283.2,0.16080086580086578,0.17698773448773447,0.23778860028860027,0.17544733044733044,0.12948773448773448,0.11948773448773449
283,283.0,284.2,0.16258658008658006,0.15377344877344876,0.2395743145743146,0.19151875901875898,0.13127344877344876,0.12127344877344877
284,284.0,285.2,0.1708008658008658,0.15198773448773448,0.22778860028860032,0.20044733044733043,0.12948773448773448,0.11948773448773449
285,285.0,286.2,0.16668470418470419,0.14968975468975468,0.24387445887445885,0.19537157287157286,0.12718975468975469,0.11718975468975468
286,286.0,287.2,0.16557359307359307,0.14857864357864356,0.24165223665223662,0.20203823953823954,0.12607864357864357,0.11607864357864357
287,287.0,288.2,0.15557359307359306,0.14766955266955265,0.2489249639249639,0.20749278499278495,0.12516955266955265,0.11516955266955267
288,288.0,289.2,0.1548160173160173,0.14691197691197688,0.24740981240981239,0.21203823953823955,0.12441197691197689,0.11441197691197691
289,289.0,290.2,0.1548160173160173,0.14691197691197688,0.24740981240981239,0.21203823953823955,0.12441197691197689,0.11441197691197691
290,290.0,291.2,0.1548160173160173,0.14691197691197688,0.24740981240981239,0.21203823953823955,0.12441197691197689,0.11441197691197691
291,291.0,292.2,0.1548160173160173,0.14691197691197688,0.24740981240981239,0.21203823953823955,0.12441197691197689,0.11441197691197691
292,292.0,293.2,0.1548160173160173,0.15600288600288598,0.23831890331890332,0.21203823953823955,0.12441197691197689,0.11441197691197691
293,293.0,294.2,0.1533008658008658,0.15448773448773448,0.23528860028860027,0.21128066378066376,0.12365440115440114,0.12198773448773448
294,294.0,295.2,0.1533008658008658,0.15448773448773448,0.23528860028860027,0.21128066378066376,0.12365440115440114,0.12198773448773448
295,295.0,296.2,0.1533008658008658,0.15448773448773448,0.23528860028860027,0.21128066378066376,0.12365440115440114,0.12198773448773448
296,296.0,297.2,0.1533008658008658,0.15448773448773448,0.22695526695526694,0.21961399711399712,0.12365440115440114,0.12198773448773448
