Total_iterations,Unnamed: 0.1,Intertwine_two,Add_vertex,Delete_vertex,Invert_path_vertices,Insert_inside_vertex,Delete_inside_vertex
0,0.0,0.1666666666666666,0.1666666666666666,0.1666666666666666,0.1666666666666666,0.1666666666666666,0.1666666666666666
1,1.0,0.1666666666666666,0.1666666666666666,0.1666666666666666,0.1666666666666666,0.1666666666666666,0.1666666666666666
2,2.0,0.1666666666666666,0.1666666666666666,0.1666666666666666,0.1666666666666666,0.1666666666666666,0.1666666666666666
3,3.0,0.1666666666666666,0.1666666666666666,0.1666666666666666,0.1666666666666666,0.1666666666666666,0.1666666666666666
4,4.0,0.1666666666666666,0.1666666666666666,0.1666666666666666,0.1666666666666666,0.1666666666666666,0.1666666666666666
5,5.0,0.1666666666666666,0.1666666666666666,0.1666666666666666,0.1666666666666666,0.1666666666666666,0.1666666666666666
6,6.0,0.1666666666666666,0.1666666666666666,0.1666666666666666,0.1666666666666666,0.1666666666666666,0.1666666666666666
7,7.0,0.1666666666666666,0.1666666666666666,0.1666666666666666,0.1666666666666666,0.1666666666666666,0.1666666666666666
8,8.0,0.1666666666666666,0.1666666666666666,0.1666666666666666,0.1666666666666666,0.1666666666666666,0.1666666666666666
9,9.0,0.1666666666666666,0.1666666666666666,0.1666666666666666,0.1666666666666666,0.1666666666666666,0.1666666666666666
10,10.0,0.1666666666666666,0.1666666666666666,0.1666666666666666,0.1666666666666666,0.1666666666666666,0.1666666666666666
11,11.0,0.1666666666666666,0.1666666666666666,0.1666666666666666,0.1666666666666666,0.1666666666666666,0.1666666666666666
12,12.0,0.1666666666666666,0.1666666666666666,0.1666666666666666,0.1666666666666666,0.1666666666666666,0.1666666666666666
13,13.0,0.1666666666666666,0.1666666666666666,0.1666666666666666,0.1666666666666666,0.1666666666666666,0.1666666666666666
14,14.0,0.1666666666666666,0.1666666666666666,0.1666666666666666,0.1666666666666666,0.1666666666666666,0.1666666666666666
15,15.0,0.1666666666666666,0.1666666666666666,0.1666666666666666,0.1666666666666666,0.1666666666666666,0.1666666666666666
16,16.0,0.1666666666666666,0.1666666666666666,0.1666666666666666,0.1666666666666666,0.1666666666666666,0.1666666666666666
17,17.0,0.1666666666666666,0.1666666666666666,0.1666666666666666,0.1666666666666666,0.1666666666666666,0.1666666666666666
18,18.0,0.1666666666666666,0.1666666666666666,0.1666666666666666,0.1666666666666666,0.1666666666666666,0.1666666666666666
19,19.0,0.1666666666666666,0.1666666666666666,0.1666666666666666,0.1666666666666666,0.1666666666666666,0.1666666666666666
20,20.0,0.1666666666666666,0.1666666666666666,0.1666666666666666,0.1666666666666666,0.1666666666666666,0.1666666666666666
21,21.0,0.1666666666666666,0.1666666666666666,0.1666666666666666,0.1666666666666666,0.1666666666666666,0.1666666666666666
22,22.0,0.1666666666666666,0.1666666666666666,0.1666666666666666,0.1666666666666666,0.1666666666666666,0.1666666666666666
23,23.0,0.1666666666666666,0.1666666666666666,0.1666666666666666,0.1666666666666666,0.1666666666666666,0.1666666666666666
24,24.0,0.1666666666666666,0.1666666666666666,0.1666666666666666,0.1666666666666666,0.1666666666666666,0.1666666666666666
25,25.0,0.1666666666666666,0.1666666666666666,0.1666666666666666,0.1666666666666666,0.1666666666666666,0.1666666666666666
26,26.0,0.1666666666666666,0.1666666666666666,0.1666666666666666,0.1666666666666666,0.1666666666666666,0.1666666666666666
27,27.0,0.1666666666666666,0.1666666666666666,0.1666666666666666,0.1666666666666666,0.1666666666666666,0.1666666666666666
28,28.0,0.1666666666666666,0.1666666666666666,0.1666666666666666,0.1666666666666666,0.1666666666666666,0.1666666666666666
29,29.0,0.1666666666666666,0.1666666666666666,0.1666666666666666,0.1666666666666666,0.1666666666666666,0.1666666666666666
30,30.0,0.1666666666666666,0.1666666666666666,0.1666666666666666,0.1666666666666666,0.1666666666666666,0.1666666666666666
31,31.0,0.1666666666666666,0.1666666666666666,0.1666666666666666,0.1666666666666666,0.1666666666666666,0.1666666666666666
32,32.0,0.1666666666666666,0.1666666666666666,0.1666666666666666,0.1666666666666666,0.1666666666666666,0.1666666666666666
33,33.0,0.1666666666666666,0.1666666666666666,0.1666666666666666,0.1666666666666666,0.1666666666666666,0.1666666666666666
34,34.0,0.1666666666666666,0.1666666666666666,0.1666666666666666,0.1666666666666666,0.1666666666666666,0.1666666666666666
35,35.0,0.1666666666666666,0.1666666666666666,0.1666666666666666,0.1666666666666666,0.1666666666666666,0.1666666666666666
36,36.0,0.1666666666666666,0.1666666666666666,0.1666666666666666,0.1666666666666666,0.1666666666666666,0.1666666666666666
37,37.0,0.1666666666666666,0.1666666666666666,0.1666666666666666,0.1666666666666666,0.1666666666666666,0.1666666666666666
38,38.0,0.1666666666666666,0.1666666666666666,0.1666666666666666,0.1666666666666666,0.1666666666666666,0.1666666666666666
39,39.0,0.1666666666666666,0.1666666666666666,0.1666666666666666,0.1666666666666666,0.1666666666666666,0.1666666666666666
40,40.0,0.1666666666666666,0.1666666666666666,0.1666666666666666,0.1666666666666666,0.1666666666666666,0.1666666666666666
41,41.0,0.1666666666666666,0.1666666666666666,0.1666666666666666,0.1666666666666666,0.1666666666666666,0.1666666666666666
42,42.0,0.1666666666666666,0.1666666666666666,0.1666666666666666,0.1666666666666666,0.1666666666666666,0.1666666666666666
43,43.0,0.1666666666666666,0.1666666666666666,0.1666666666666666,0.1666666666666666,0.1666666666666666,0.1666666666666666
44,44.0,0.1666666666666666,0.1666666666666666,0.1666666666666666,0.1666666666666666,0.1666666666666666,0.1666666666666666
45,45.0,0.1666666666666666,0.1666666666666666,0.1666666666666666,0.1666666666666666,0.1666666666666666,0.1666666666666666
46,46.0,0.1666666666666666,0.1666666666666666,0.1666666666666666,0.1666666666666666,0.1666666666666666,0.1666666666666666
47,47.0,0.1666666666666666,0.1666666666666666,0.1666666666666666,0.1666666666666666,0.1666666666666666,0.1666666666666666
48,48.0,0.1666666666666666,0.1666666666666666,0.1666666666666666,0.1666666666666666,0.1666666666666666,0.1666666666666666
49,49.0,0.1666666666666666,0.1666666666666666,0.1666666666666666,0.1666666666666666,0.1666666666666666,0.1666666666666666
50,50.0,0.1666666666666666,0.1666666666666666,0.1666666666666666,0.1666666666666666,0.1666666666666666,0.1666666666666666
51,51.0,0.1666666666666666,0.1666666666666666,0.1666666666666666,0.1666666666666666,0.1666666666666666,0.1666666666666666
52,52.0,0.1666666666666666,0.1666666666666666,0.1666666666666666,0.1666666666666666,0.1666666666666666,0.1666666666666666
53,53.0,0.1666666666666666,0.1666666666666666,0.1666666666666666,0.1666666666666666,0.1666666666666666,0.1666666666666666
54,54.0,0.1666666666666666,0.1666666666666666,0.1666666666666666,0.1666666666666666,0.1666666666666666,0.1666666666666666
55,55.0,0.1666666666666666,0.1666666666666666,0.1666666666666666,0.1666666666666666,0.1666666666666666,0.1666666666666666
56,56.0,0.1666666666666666,0.1666666666666666,0.1666666666666666,0.1666666666666666,0.1666666666666666,0.1666666666666666
57,57.0,0.1666666666666666,0.1666666666666666,0.1666666666666666,0.1666666666666666,0.1666666666666666,0.1666666666666666
58,58.0,0.1666666666666666,0.1666666666666666,0.1666666666666666,0.1666666666666666,0.1666666666666666,0.1666666666666666
59,59.0,0.1666666666666666,0.1666666666666666,0.1666666666666666,0.1666666666666666,0.1666666666666666,0.1666666666666666
60,60.0,0.1666666666666666,0.1666666666666666,0.1666666666666666,0.1666666666666666,0.1666666666666666,0.1666666666666666
61,61.0,0.1666666666666666,0.1666666666666666,0.1666666666666666,0.1666666666666666,0.1666666666666666,0.1666666666666666
62,62.0,0.1666666666666666,0.1666666666666666,0.1666666666666666,0.1666666666666666,0.1666666666666666,0.1666666666666666
63,63.0,0.1666666666666666,0.1666666666666666,0.1666666666666666,0.1666666666666666,0.1666666666666666,0.1666666666666666
64,64.0,0.1666666666666666,0.1666666666666666,0.1666666666666666,0.1666666666666666,0.1666666666666666,0.1666666666666666
65,65.0,0.1666666666666666,0.1666666666666666,0.1666666666666666,0.1666666666666666,0.1666666666666666,0.1666666666666666
66,66.0,0.1666666666666666,0.1666666666666666,0.1666666666666666,0.1666666666666666,0.1666666666666666,0.1666666666666666
67,67.0,0.1666666666666666,0.1666666666666666,0.1666666666666666,0.1666666666666666,0.1666666666666666,0.1666666666666666
68,68.0,0.1666666666666666,0.1666666666666666,0.1666666666666666,0.1666666666666666,0.1666666666666666,0.1666666666666666
69,69.0,0.1666666666666666,0.1666666666666666,0.1666666666666666,0.1666666666666666,0.1666666666666666,0.1666666666666666
70,70.0,0.1666666666666666,0.1666666666666666,0.1666666666666666,0.1666666666666666,0.1666666666666666,0.1666666666666666
71,71.0,0.1666666666666666,0.1666666666666666,0.1666666666666666,0.1666666666666666,0.1666666666666666,0.1666666666666666
72,72.0,0.1666666666666666,0.1666666666666666,0.1666666666666666,0.1666666666666666,0.1666666666666666,0.1666666666666666
73,73.0,0.1666666666666666,0.1666666666666666,0.1666666666666666,0.1666666666666666,0.1666666666666666,0.1666666666666666
74,74.0,0.1666666666666666,0.1666666666666666,0.1666666666666666,0.1666666666666666,0.1666666666666666,0.1666666666666666
75,75.0,0.1666666666666666,0.1666666666666666,0.1666666666666666,0.1666666666666666,0.1666666666666666,0.1666666666666666
76,76.0,0.1666666666666666,0.1666666666666666,0.1666666666666666,0.1666666666666666,0.1666666666666666,0.1666666666666666
77,77.0,0.1666666666666666,0.1666666666666666,0.1666666666666666,0.1666666666666666,0.1666666666666666,0.1666666666666666
78,78.0,0.1666666666666666,0.1666666666666666,0.1666666666666666,0.1666666666666666,0.1666666666666666,0.1666666666666666
79,79.0,0.1666666666666666,0.1666666666666666,0.1666666666666666,0.1666666666666666,0.1666666666666666,0.1666666666666666
80,80.0,0.1666666666666666,0.1666666666666666,0.1666666666666666,0.1666666666666666,0.1666666666666666,0.1666666666666666
81,81.0,0.1666666666666666,0.1666666666666666,0.1666666666666666,0.1666666666666666,0.1666666666666666,0.1666666666666666
82,82.0,0.1666666666666666,0.1666666666666666,0.1666666666666666,0.1666666666666666,0.1666666666666666,0.1666666666666666
83,83.0,0.1666666666666666,0.1666666666666666,0.1666666666666666,0.1666666666666666,0.1666666666666666,0.1666666666666666
84,84.0,0.1666666666666666,0.1666666666666666,0.1666666666666666,0.1666666666666666,0.1666666666666666,0.1666666666666666
85,85.0,0.1666666666666666,0.1666666666666666,0.1666666666666666,0.1666666666666666,0.1666666666666666,0.1666666666666666
86,86.0,0.1666666666666666,0.1666666666666666,0.1666666666666666,0.1666666666666666,0.1666666666666666,0.1666666666666666
87,87.0,0.1666666666666666,0.1666666666666666,0.1666666666666666,0.1666666666666666,0.1666666666666666,0.1666666666666666
88,88.0,0.1666666666666666,0.1666666666666666,0.1666666666666666,0.1666666666666666,0.1666666666666666,0.1666666666666666
89,89.0,0.1666666666666666,0.1666666666666666,0.1666666666666666,0.1666666666666666,0.1666666666666666,0.1666666666666666
90,90.0,0.1666666666666666,0.1666666666666666,0.1666666666666666,0.1666666666666666,0.1666666666666666,0.1666666666666666
91,91.0,0.1666666666666666,0.1666666666666666,0.1666666666666666,0.1666666666666666,0.1666666666666666,0.1666666666666666
92,92.0,0.1666666666666666,0.1666666666666666,0.1666666666666666,0.1666666666666666,0.1666666666666666,0.1666666666666666
93,93.0,0.1666666666666666,0.1666666666666666,0.1666666666666666,0.1666666666666666,0.1666666666666666,0.1666666666666666
94,94.0,0.1666666666666666,0.1666666666666666,0.1666666666666666,0.1666666666666666,0.1666666666666666,0.1666666666666666
95,95.0,0.1666666666666666,0.1666666666666666,0.1666666666666666,0.1666666666666666,0.1666666666666666,0.1666666666666666
96,96.0,0.1666666666666666,0.1666666666666666,0.1666666666666666,0.1666666666666666,0.1666666666666666,0.1666666666666666
97,97.0,0.1666666666666666,0.1666666666666666,0.1666666666666666,0.1666666666666666,0.1666666666666666,0.1666666666666666
98,98.0,0.1666666666666666,0.1666666666666666,0.1666666666666666,0.1666666666666666,0.1666666666666666,0.1666666666666666
99,99.0,0.1666666666666666,0.1666666666666666,0.1666666666666666,0.1666666666666666,0.1666666666666666,0.1666666666666666
100,100.0,0.1666666666666666,0.1666666666666666,0.1666666666666666,0.1666666666666666,0.1666666666666666,0.1666666666666666
101,101.0,0.1666666666666666,0.1666666666666666,0.1666666666666666,0.1666666666666666,0.1666666666666666,0.1666666666666666
102,102.0,0.1666666666666666,0.1666666666666666,0.1666666666666666,0.1666666666666666,0.1666666666666666,0.1666666666666666
103,103.0,0.1666666666666666,0.1666666666666666,0.1666666666666666,0.1666666666666666,0.1666666666666666,0.1666666666666666
104,104.0,0.1666666666666666,0.1666666666666666,0.1666666666666666,0.1666666666666666,0.1666666666666666,0.1666666666666666
105,105.0,0.1666666666666666,0.1666666666666666,0.1666666666666666,0.1666666666666666,0.1666666666666666,0.1666666666666666
106,106.0,0.1666666666666666,0.1666666666666666,0.1666666666666666,0.1666666666666666,0.1666666666666666,0.1666666666666666
107,107.0,0.1666666666666666,0.1666666666666666,0.1666666666666666,0.1666666666666666,0.1666666666666666,0.1666666666666666
108,108.0,0.1666666666666666,0.1666666666666666,0.1666666666666666,0.1666666666666666,0.1666666666666666,0.1666666666666666
109,109.0,0.1666666666666666,0.1666666666666666,0.1666666666666666,0.1666666666666666,0.1666666666666666,0.1666666666666666
110,110.0,0.1666666666666666,0.1666666666666666,0.1666666666666666,0.1666666666666666,0.1666666666666666,0.1666666666666666
111,111.0,0.1666666666666666,0.1666666666666666,0.1666666666666666,0.1666666666666666,0.1666666666666666,0.1666666666666666
112,112.0,0.1666666666666666,0.1666666666666666,0.1666666666666666,0.1666666666666666,0.1666666666666666,0.1666666666666666
113,113.0,0.1666666666666666,0.1666666666666666,0.1666666666666666,0.1666666666666666,0.1666666666666666,0.1666666666666666
114,114.0,0.1666666666666666,0.1666666666666666,0.1666666666666666,0.1666666666666666,0.1666666666666666,0.1666666666666666
115,115.0,0.1666666666666666,0.1666666666666666,0.1666666666666666,0.1666666666666666,0.1666666666666666,0.1666666666666666
116,116.0,0.1666666666666666,0.1666666666666666,0.1666666666666666,0.1666666666666666,0.1666666666666666,0.1666666666666666
117,117.0,0.1666666666666666,0.1666666666666666,0.1666666666666666,0.1666666666666666,0.1666666666666666,0.1666666666666666
118,118.0,0.1666666666666666,0.1666666666666666,0.1666666666666666,0.1666666666666666,0.1666666666666666,0.1666666666666666
119,119.0,0.1666666666666666,0.1666666666666666,0.1666666666666666,0.1666666666666666,0.1666666666666666,0.1666666666666666
120,120.0,0.1666666666666666,0.1666666666666666,0.1666666666666666,0.1666666666666666,0.1666666666666666,0.1666666666666666
121,121.0,0.1666666666666666,0.1666666666666666,0.1666666666666666,0.1666666666666666,0.1666666666666666,0.1666666666666666
122,122.0,0.1666666666666666,0.1666666666666666,0.1666666666666666,0.1666666666666666,0.1666666666666666,0.1666666666666666
123,123.0,0.1666666666666666,0.1666666666666666,0.1666666666666666,0.1666666666666666,0.1666666666666666,0.1666666666666666
124,124.0,0.1666666666666666,0.1666666666666666,0.1666666666666666,0.1666666666666666,0.1666666666666666,0.1666666666666666
125,125.0,0.1666666666666666,0.1666666666666666,0.1666666666666666,0.1666666666666666,0.1666666666666666,0.1666666666666666
126,126.0,0.1666666666666666,0.1666666666666666,0.1666666666666666,0.1666666666666666,0.1666666666666666,0.1666666666666666
127,127.0,0.1666666666666666,0.1666666666666666,0.1666666666666666,0.1666666666666666,0.1666666666666666,0.1666666666666666
128,128.0,0.1666666666666666,0.1666666666666666,0.1666666666666666,0.1666666666666666,0.1666666666666666,0.1666666666666666
129,129.0,0.1666666666666666,0.1666666666666666,0.1666666666666666,0.1666666666666666,0.1666666666666666,0.1666666666666666
130,130.0,0.1666666666666666,0.1666666666666666,0.1666666666666666,0.1666666666666666,0.1666666666666666,0.1666666666666666
131,131.0,0.1666666666666666,0.1666666666666666,0.1666666666666666,0.1666666666666666,0.1666666666666666,0.1666666666666666
132,132.0,0.1666666666666666,0.1666666666666666,0.1666666666666666,0.1666666666666666,0.1666666666666666,0.1666666666666666
133,133.0,0.1666666666666666,0.1666666666666666,0.1666666666666666,0.1666666666666666,0.1666666666666666,0.1666666666666666
134,134.0,0.1666666666666666,0.1666666666666666,0.1666666666666666,0.1666666666666666,0.1666666666666666,0.1666666666666666
135,135.0,0.1666666666666666,0.1666666666666666,0.1666666666666666,0.1666666666666666,0.1666666666666666,0.1666666666666666
136,136.0,0.1666666666666666,0.1666666666666666,0.1666666666666666,0.1666666666666666,0.1666666666666666,0.1666666666666666
137,137.0,0.1666666666666666,0.1666666666666666,0.1666666666666666,0.1666666666666666,0.1666666666666666,0.1666666666666666
138,138.0,0.1666666666666666,0.1666666666666666,0.1666666666666666,0.1666666666666666,0.1666666666666666,0.1666666666666666
139,139.0,0.1666666666666666,0.1666666666666666,0.1666666666666666,0.1666666666666666,0.1666666666666666,0.1666666666666666
140,140.0,0.1666666666666666,0.1666666666666666,0.1666666666666666,0.1666666666666666,0.1666666666666666,0.1666666666666666
141,141.0,0.1666666666666666,0.1666666666666666,0.1666666666666666,0.1666666666666666,0.1666666666666666,0.1666666666666666
142,142.0,0.1666666666666666,0.1666666666666666,0.1666666666666666,0.1666666666666666,0.1666666666666666,0.1666666666666666
143,143.0,0.1666666666666666,0.1666666666666666,0.1666666666666666,0.1666666666666666,0.1666666666666666,0.1666666666666666
144,144.0,0.1666666666666666,0.1666666666666666,0.1666666666666666,0.1666666666666666,0.1666666666666666,0.1666666666666666
145,145.0,0.1666666666666666,0.1666666666666666,0.1666666666666666,0.1666666666666666,0.1666666666666666,0.1666666666666666
146,146.0,0.1666666666666666,0.1666666666666666,0.1666666666666666,0.1666666666666666,0.1666666666666666,0.1666666666666666
147,147.0,0.1666666666666666,0.1666666666666666,0.1666666666666666,0.1666666666666666,0.1666666666666666,0.1666666666666666
148,148.0,0.1666666666666666,0.1666666666666666,0.1666666666666666,0.1666666666666666,0.1666666666666666,0.1666666666666666
149,149.0,0.1666666666666666,0.1666666666666666,0.1666666666666666,0.1666666666666666,0.1666666666666666,0.1666666666666666
150,150.0,0.1666666666666666,0.1666666666666666,0.1666666666666666,0.1666666666666666,0.1666666666666666,0.1666666666666666
151,151.0,0.1666666666666666,0.1666666666666666,0.1666666666666666,0.1666666666666666,0.1666666666666666,0.1666666666666666
152,152.0,0.1666666666666666,0.1666666666666666,0.1666666666666666,0.1666666666666666,0.1666666666666666,0.1666666666666666
153,153.0,0.1666666666666666,0.1666666666666666,0.1666666666666666,0.1666666666666666,0.1666666666666666,0.1666666666666666
154,154.0,0.1666666666666666,0.1666666666666666,0.1666666666666666,0.1666666666666666,0.1666666666666666,0.1666666666666666
155,155.0,0.1666666666666666,0.1666666666666666,0.1666666666666666,0.1666666666666666,0.1666666666666666,0.1666666666666666
156,156.0,0.1666666666666666,0.1666666666666666,0.1666666666666666,0.1666666666666666,0.1666666666666666,0.1666666666666666
157,157.0,0.1666666666666666,0.1666666666666666,0.1666666666666666,0.1666666666666666,0.1666666666666666,0.1666666666666666
158,158.0,0.1666666666666666,0.1666666666666666,0.1666666666666666,0.1666666666666666,0.1666666666666666,0.1666666666666666
159,159.0,0.1666666666666666,0.1666666666666666,0.1666666666666666,0.1666666666666666,0.1666666666666666,0.1666666666666666
160,160.0,0.1666666666666666,0.1666666666666666,0.1666666666666666,0.1666666666666666,0.1666666666666666,0.1666666666666666
161,161.0,0.1666666666666666,0.1666666666666666,0.1666666666666666,0.1666666666666666,0.1666666666666666,0.1666666666666666
162,162.0,0.1666666666666666,0.1666666666666666,0.1666666666666666,0.1666666666666666,0.1666666666666666,0.1666666666666666
163,163.0,0.1666666666666666,0.1666666666666666,0.1666666666666666,0.1666666666666666,0.1666666666666666,0.1666666666666666
164,164.0,0.1666666666666666,0.1666666666666666,0.1666666666666666,0.1666666666666666,0.1666666666666666,0.1666666666666666
165,165.0,0.1666666666666666,0.1666666666666666,0.1666666666666666,0.1666666666666666,0.1666666666666666,0.1666666666666666
166,166.0,0.1666666666666666,0.1666666666666666,0.1666666666666666,0.1666666666666666,0.1666666666666666,0.1666666666666666
167,167.0,0.1666666666666666,0.1666666666666666,0.1666666666666666,0.1666666666666666,0.1666666666666666,0.1666666666666666
168,168.0,0.1666666666666666,0.1666666666666666,0.1666666666666666,0.1666666666666666,0.1666666666666666,0.1666666666666666
169,169.0,0.1666666666666666,0.1666666666666666,0.1666666666666666,0.1666666666666666,0.1666666666666666,0.1666666666666666
170,170.0,0.1666666666666666,0.1666666666666666,0.1666666666666666,0.1666666666666666,0.1666666666666666,0.1666666666666666
171,171.0,0.1666666666666666,0.1666666666666666,0.1666666666666666,0.1666666666666666,0.1666666666666666,0.1666666666666666
172,172.0,0.1666666666666666,0.1666666666666666,0.1666666666666666,0.1666666666666666,0.1666666666666666,0.1666666666666666
173,173.0,0.1666666666666666,0.1666666666666666,0.1666666666666666,0.1666666666666666,0.1666666666666666,0.1666666666666666
174,174.0,0.1666666666666666,0.1666666666666666,0.1666666666666666,0.1666666666666666,0.1666666666666666,0.1666666666666666
175,175.0,0.1666666666666666,0.1666666666666666,0.1666666666666666,0.1666666666666666,0.1666666666666666,0.1666666666666666
176,176.0,0.1666666666666666,0.1666666666666666,0.1666666666666666,0.1666666666666666,0.1666666666666666,0.1666666666666666
177,177.0,0.1666666666666666,0.1666666666666666,0.1666666666666666,0.1666666666666666,0.1666666666666666,0.1666666666666666
178,178.0,0.1666666666666666,0.1666666666666666,0.1666666666666666,0.1666666666666666,0.1666666666666666,0.1666666666666666
179,179.0,0.1666666666666666,0.1666666666666666,0.1666666666666666,0.1666666666666666,0.1666666666666666,0.1666666666666666
180,180.0,0.1666666666666666,0.1666666666666666,0.1666666666666666,0.1666666666666666,0.1666666666666666,0.1666666666666666
181,181.0,0.1666666666666666,0.1666666666666666,0.1666666666666666,0.1666666666666666,0.1666666666666666,0.1666666666666666
182,182.0,0.1666666666666666,0.1666666666666666,0.1666666666666666,0.1666666666666666,0.1666666666666666,0.1666666666666666
183,183.0,0.1666666666666666,0.1666666666666666,0.1666666666666666,0.1666666666666666,0.1666666666666666,0.1666666666666666
184,184.0,0.1666666666666666,0.1666666666666666,0.1666666666666666,0.1666666666666666,0.1666666666666666,0.1666666666666666
185,185.0,0.1666666666666666,0.1666666666666666,0.1666666666666666,0.1666666666666666,0.1666666666666666,0.1666666666666666
186,186.0,0.1666666666666666,0.1666666666666666,0.1666666666666666,0.1666666666666666,0.1666666666666666,0.1666666666666666
187,187.0,0.1666666666666666,0.1666666666666666,0.1666666666666666,0.1666666666666666,0.1666666666666666,0.1666666666666666
188,188.0,0.1666666666666666,0.1666666666666666,0.1666666666666666,0.1666666666666666,0.1666666666666666,0.1666666666666666
189,189.0,0.1666666666666666,0.1666666666666666,0.1666666666666666,0.1666666666666666,0.1666666666666666,0.1666666666666666
190,190.0,0.1666666666666666,0.1666666666666666,0.1666666666666666,0.1666666666666666,0.1666666666666666,0.1666666666666666
191,191.0,0.1666666666666666,0.1666666666666666,0.1666666666666666,0.1666666666666666,0.1666666666666666,0.1666666666666666
192,192.0,0.1666666666666666,0.1666666666666666,0.1666666666666666,0.1666666666666666,0.1666666666666666,0.1666666666666666
193,193.0,0.1666666666666666,0.1666666666666666,0.1666666666666666,0.1666666666666666,0.1666666666666666,0.1666666666666666
194,194.0,0.1666666666666666,0.1666666666666666,0.1666666666666666,0.1666666666666666,0.1666666666666666,0.1666666666666666
195,195.0,0.1666666666666666,0.1666666666666666,0.1666666666666666,0.1666666666666666,0.1666666666666666,0.1666666666666666
196,196.0,0.1666666666666666,0.1666666666666666,0.1666666666666666,0.1666666666666666,0.1666666666666666,0.1666666666666666
197,197.0,0.1666666666666666,0.1666666666666666,0.1666666666666666,0.1666666666666666,0.1666666666666666,0.1666666666666666
198,198.0,0.1666666666666666,0.1666666666666666,0.1666666666666666,0.1666666666666666,0.1666666666666666,0.1666666666666666
199,199.0,0.1664285714285714,0.1678571428571428,0.1664285714285714,0.1664285714285714,0.1664285714285714,0.1664285714285714
200,200.0,0.1661928571428572,0.1690357142857143,0.1661928571428572,0.1661928571428572,0.1661928571428572,0.1661928571428572
201,201.0,0.1670330714285715,0.1698346428571429,0.1657830714285715,0.1657830714285715,0.1657830714285715,0.1657830714285715
202,202.0,0.1675911557936508,0.1714386654761905,0.1652425446825397,0.1652425446825397,0.1652425446825397,0.1652425446825397
203,203.0,0.1681397423865079,0.1730012325119048,0.1647147562753969,0.1647147562753969,0.1647147562753969,0.1647147562753969
204,204.0,0.1686742951184365,0.1745108638522619,0.1642037102573254,0.1642037102573254,0.1642037102573254,0.1642037102573254
205,205.0,0.1689527766101149,0.1771482329438702,0.1634747476115038,0.1634747476115038,0.1634747476115038,0.1634747476115038
206,206.0,0.1692122948849369,0.17970276374926,0.1627712353414508,0.1627712353414508,0.1627712353414508,0.1627712353414508
207,207.0,0.1681029447326337,0.183030210662015,0.161859568294195,0.161859568294195,0.1632881397227664,0.161859568294195
208,208.0,0.1668084207831552,0.1873057218879855,0.1608053929036434,0.1608053929036434,0.1634696786179292,0.1608053929036434
209,209.0,0.1652312174017453,0.1916258628677171,0.159504533504063,0.159504533504063,0.1633793192183487,0.160754533504063
210,210.0,0.1635371999622367,0.1965977311207984,0.1581164924871778,0.1581164924871778,0.1631669803443206,0.1604651035982889
211,211.0,0.1618799900448344,0.2013564352373636,0.156788868424887,0.156788868424887,0.1629719833320299,0.1602138545359981
212,212.0,0.1600704587944816,0.2059969167111108,0.1563268756603341,0.1553268756603341,0.1625925237634055,0.159686349410334
213,213.0,0.1580856566006998,0.2101374068443981,0.1556922939351136,0.1537022939351136,0.1634231368620614,0.1589592118226136
214,214.0,0.1561772442940553,0.2140007855842244,0.1551230136768303,0.1521619136768303,0.1642630806588545,0.1582739621092052
215,215.0,0.1541185717708058,0.2173380350444423,0.154380102303278,0.150474623303278,0.1648649274079079,0.1588237401702881
216,216.0,0.1521595374921299,0.2203826813726961,0.1537026377540049,0.1488862724440048,0.1654607540607908,0.1594081168763737
217,217.0,0.1503097679763569,0.2218835384188997,0.1530908499920757,0.1486528506561757,0.1660452043605913,0.1600177885959008
218,218.0,0.1485768344423545,0.2231049765407962,0.1525442892163754,0.1485161992505244,0.1666135714396197,0.1606441291103301
219,219.0,0.1469663826272854,0.2240627232495972,0.1520618983360381,0.1484680077028897,0.1671617799491629,0.1612792081350269
220,220.0,0.1453036974488356,0.2245949987909528,0.1514635128417594,0.1495713405143749,0.1675077922325025,0.1615586581715749
221,221.0,0.1442908239003226,0.2208737677859344,0.1514469108550711,0.1526837781547193,0.1683485625946204,0.1623561567093323
222,222.0,0.1446553770867053,0.2169849698226061,0.1514865475775485,0.1558200390113868,0.1679086750564851,0.1631443914452683
223,223.0,0.145924619596281,0.2126667892589719,0.1526875138821614,0.1594225686303689,0.1656995625374715,0.1635989460947453
224,224.0,0.1472811043573491,0.2082910604464129,0.1539216671476501,0.162980143410673,0.1634916672322861,0.1640343574056288
225,225.0,0.1494803200749273,0.2037961843868362,0.1550622360341611,0.1661283497550304,0.1611958352614869,0.1643370744875581
226,226.0,0.1514432742234617,0.2001572063837211,0.156116264199818,0.1689039151708649,0.1588529095204341,0.1645264305017003
227,227.0,0.1534194179638257,0.196588562775089,0.1571636836168676,0.1715618026423251,0.1565728468253818,0.1646936861765108
228,228.0,0.1539103981721601,0.1929673914060627,0.1581189233902428,0.1751099283618611,0.1542964039229229,0.1655969547467505
229,229.0,0.15438936685413,0.1894715204027355,0.159049830904759,0.1797533327020153,0.1521141650810045,0.1652217840553559
230,230.0,0.154852735475552,0.1861233784385708,0.1599495303111568,0.1842110537573244,0.1500385322819916,0.1648247697354043
231,231.0,0.1554085414673779,0.1843861184737385,0.1599232565372955,0.188568193756831,0.1481907123606951,0.1635231774040621
232,232.0,0.1558308719215379,0.1823715804635092,0.1597527585278282,0.1925801282950091,0.1473552911174451,0.1621093696746706
233,233.0,0.156228851087257,0.1805276375925249,0.1595541636864104,0.1963412585726097,0.1466393828968694,0.1607087061643287
234,234.0,0.1566009343017221,0.1798556697755708,0.1593322676446512,0.1998390537129146,0.1450381954789064,0.1593338790862349
235,235.0,0.1577641721460957,0.1788906537308682,0.1590007103920932,0.2029739601873413,0.1434653595665654,0.1579051439770361
236,236.0,0.1587399379910646,0.1777018474719419,0.1594131675617359,0.2057569784037939,0.1419398289744682,0.1564482395969955
237,237.0,0.1596735850144831,0.1766644271737126,0.1598092949578446,0.2082636488240872,0.1405403102946931,0.1550487337351795
238,238.0,0.1615123695806529,0.1752974379669024,0.1611391452361926,0.2100203490474435,0.1387920070466153,0.1532386911221933
239,239.0,0.1631116758039231,0.1738975066344376,0.1620817618914867,0.2125845090913232,0.1369972807195457,0.1513272658592838
240,240.0,0.1646401727420651,0.1726426409879225,0.1629878706909079,0.2148854556589492,0.1353394351703686,0.1495044247497866
241,241.0,0.1660896563542104,0.1715308831152273,0.1638520613320494,0.2169265006322708,0.1338213607767865,0.1477795377894556
242,242.0,0.1666364335697375,0.1732159662246233,0.1652813555857995,0.2162294574872189,0.1324604949334095,0.1461762921992113
243,243.0,0.1671006968665427,0.1750101216205738,0.1666546254730352,0.2153104950774709,0.1312401150540404,0.1446839459083369
244,244.0,0.168140816908292,0.1772218021077653,0.168062947080742,0.2137446457472449,0.1302575826902785,0.1425722054656772
245,245.0,0.1688848746411413,0.1805567992668628,0.1691847998418634,0.2118083245029586,0.1291950062352685,0.1403701955119053
246,246.0,0.1689013921400086,0.1841019350665882,0.1708339685348033,0.2092828695983888,0.1277959437126131,0.1390838909475978
247,247.0,0.1685512005665456,0.1886002225843599,0.1725959251841457,0.2063799769761376,0.1262355623818316,0.1376371123069795
248,248.0,0.1681389832332306,0.1930311190179507,0.1742639742249596,0.2034309298237061,0.1248101084265547,0.1363248852735981
249,249.0,0.1676201198344368,0.1976867248411132,0.1769709358177998,0.2004148890106916,0.1234653985938398,0.1338419319021186
250,250.0,0.1665956284458648,0.2022092462678917,0.1811311787618648,0.1969538791464474,0.1219308592938115,0.1311792080841194
251,251.0,0.1654330628121244,0.2064485125554029,0.1858101534449726,0.1933226421553739,0.1204225648979475,0.1285630641341786
252,252.0,0.1639447247009383,0.2112884363526782,0.1896122272494179,0.1903906747362262,0.1188509536577698,0.1259129833029694
253,253.0,0.162433377771466,0.2146220678222836,0.1937522210401742,0.1873847938484276,0.1183933764004145,0.1234141631172338
254,254.0,0.1616675727384673,0.2175371544277446,0.1973981246988845,0.1844117678295393,0.1179759600456276,0.1210094202597364
255,255.0,0.1608147568969682,0.2199878139308351,0.2006416760809544,0.1823020818568996,0.1175695697374071,0.1186841014969353
256,256.0,0.1599012503953247,0.2210141642649432,0.2051861294456815,0.1802495896947009,0.1171862576832695,0.11646260851608
257,257.0,0.1589483179706282,0.2224938273890805,0.2090862530914561,0.1782751574895816,0.1168336097844085,0.1143628342748449
258,258.0,0.1579735107935102,0.2235607313370587,0.2123878750241118,0.1763948028219644,0.1172853961275951,0.1123976838957596
259,259.0,0.1570464567186765,0.2244185599100908,0.2154062907340956,0.1746756137924675,0.1178220400405772,0.1106310388040924
260,260.0,0.1561075484125443,0.2250155397958386,0.2186524571993952,0.1728622554711635,0.1183655867631429,0.1089966123579155
261,261.0,0.155170107634052,0.2253745333169202,0.2213348739435624,0.1724767838649517,0.1181434270306247,0.1075002742098889
262,262.0,0.1535179208127794,0.2246993988582412,0.2254316432198202,0.1720957162338362,0.1180194013709045,0.1062359195044184
263,263.0,0.1518947203519531,0.2238378546749185,0.2296041932510282,0.1716465570557527,0.1179043089276719,0.1051123657386755
264,264.0,0.1503145749142545,0.2228178924753673,0.2327966028143203,0.1711442835477672,0.1187991425978281,0.1041275036504624
265,265.0,0.1488220686870418,0.2216986419185001,0.2356771677432083,0.1707646710544202,0.1197270496686269,0.1033104009282024
266,266.0,0.1474233628115387,0.2205012243456173,0.2382482668518437,0.1704992495991814,0.120675443729296,0.1026524526625228
267,267.0,0.146090384572767,0.219212750895487,0.2408092533782241,0.1701758555999819,0.1216001124016795,0.1021116431518603
268,268.0,0.1446774845723291,0.2177937145641322,0.2427980955602311,0.1707687608929209,0.1223417751207699,0.1016201692896166
269,269.0,0.1433704203500324,0.2163531801848071,0.2444975739559364,0.1714440428594917,0.123074952218342,0.1012598304313904
270,270.0,0.142350250398857,0.2150862743346732,0.2475267730171561,0.1698652824412367,0.1239717319141433,0.1011996878939337
271,271.0,0.1419185419362576,0.2140198966259063,0.2489298462691441,0.1689835865657362,0.1244177501873569,0.1017303784155989
272,272.0,0.1415880735903102,0.2129715810983805,0.2500669140218421,0.1681794993039032,0.1248391125079989,0.1023548194775651
273,273.0,0.1413520260328092,0.2119500046892467,0.2509532061476523,0.1674533006669895,0.1252340708481201,0.1030573916151823
274,274.0,0.1412033176604848,0.2109627092507573,0.2516049372880051,0.1668044637788721,0.1256013160223714,0.1038232559995094
275,275.0,0.1411347016385428,0.2100161396402326,0.252039046230043,0.1662317408335525,0.1259399468955972,0.104638424762032
276,276.0,0.1411388548921642,0.2091156889709814,0.2522729541041769,0.1657332476662044,0.1262494385891678,0.1054898157773055
277,277.0,0.1418334589612565,0.2057657498555689,0.2523243419384559,0.1659315462307038,0.1271546101041131,0.1069902929099019
278,278.0,0.1424014512950103,0.2023161991011939,0.2531038050013798,0.1660139029396498,0.1278457703145746,0.1083188713481916
279,279.0,0.1428716385404473,0.1988333187761218,0.254421614155328,0.1660129138083335,0.1283592341457216,0.1095012805740477
280,280.0,0.1433740993339447,0.1954802706406731,0.2555857566996586,0.1660619233120943,0.1288326365971741,0.1106653134164551
281,281.0,0.1449005817127616,0.1922776019572398,0.2551555134254456,0.1665998859368315,0.1292652497823869,0.1118011671853346
282,282.0,0.1464334186945779,0.1892423014674548,0.2545946253472854,0.1671725267441999,0.1296568264961319,0.1129003012503501
283,283.0,0.1481352178778468,0.1840665567854225,0.2541003372549258,0.1693777943650056,0.1301861260469898,0.1141339676698093
284,284.0,0.1506327793363048,0.1789268840629023,0.2523316463164247,0.1724768020131254,0.1304947974414551,0.1151370908297876
285,285.0,0.1526706493519464,0.1738019891370845,0.2521029798700812,0.1750380384231996,0.1305327330871387,0.1158536101305496
286,286.0,0.1545337618032403,0.168837350248264,0.2515926726361936,0.1782131532034167,0.130422334273169,0.1164007278357162
287,287.0,0.1553209613221083,0.1640756790907203,0.251761264493128,0.1818544619144149,0.1301886293427419,0.1167990038368864
288,288.0,0.1559562096308469,0.1595503562089617,0.2517331190071721,0.1858425684396424,0.1298523465628681,0.1170654001505087
289,289.0,0.1565165311855632,0.1553511818224091,0.2516645550038383,0.1896938210233332,0.1294952883644727,0.1172786226003834
290,290.0,0.1570038154461125,0.1514875328254075,0.2515602999748975,0.1933833925338039,0.1291231028713919,0.1174418563483866
291,291.0,0.1574204932993059,0.1479644931689717,0.2514249655732,0.1968905553632719,0.128741024668025,0.1175584679272254
292,292.0,0.1577694586073471,0.1456923232247005,0.2503539221709475,0.2001984787515428,0.1283538638074343,0.1176319534380278
293,293.0,0.1579024778201557,0.143598960751123,0.2489666026173694,0.203218249833096,0.1278902425881906,0.1184234663900652
294,294.0,0.1579761789914905,0.1418238222622694,0.2475812349958615,0.2060166679459696,0.1274306250765333,0.1191714707278756
295,295.0,0.1579957569137856,0.1403528367445559,0.2462114777894317,0.2085878842059028,0.1269792070768205,0.1198728372695035
296,296.0,0.157966428132722,0.1391702987560454,0.2440361341953033,0.2117622399689235,0.1265396828178547,0.1205252161291509
297,297.0,0.1578933766064462,0.1382591889237029,0.2419075162881873,0.214697677727093,0.126115258168151,0.1211269822864195
298,298.0,0.1577817051247422,0.137601475530235,0.2406755710117871,0.2165554015699811,0.1257086674132801,0.1216771793499743
299,299.0,0.1576363923979698,0.1371783960656889,0.239512950555795,0.2181746056506874,0.1253221930713076,0.1221754622585512
300,300.0,0.1573981531138011,0.1369066153677152,0.2390653742837559,0.2191783345200073,0.1248935856802607,0.1225579370344597
301,301.0,0.1570814095735645,0.1367764686193839,0.2385240552982364,0.2203488676411557,0.1244340918717045,0.1228351069959548
302,302.0,0.1567466301877199,0.1368245444426643,0.2380521327087917,0.2213116654115843,0.1240008457749262,0.1230641814743135
303,303.0,0.1568434107791309,0.1374769842666072,0.2358696083239307,0.2220778733886609,0.1240399995241601,0.1236921237175101
304,304.0,0.1568165164330467,0.1381557161817956,0.2335471453448216,0.2233261551386164,0.1239928104862016,0.1241616564155179
305,305.0,0.1567785835866776,0.1389513236599531,0.2313219622606802,0.2243958204666636,0.1239683848301496,0.1245839251958757
306,306.0,0.156731095418516,0.1398441630700012,0.2292065829128513,0.2252940343617128,0.1239646904743738,0.1249594337625448
307,307.0,0.1566754823424226,0.1408155828246504,0.2272111807211817,0.2260289598281132,0.1239796912324044,0.1252891030512276
308,308.0,0.1566131129799515,0.1418480106918942,0.2253437119919724,0.2266095764540657,0.1240113675852806,0.1255742202968356
309,309.0,0.1565452866533652,0.1429250215818005,0.2236100580662693,0.2270455089573557,0.1240577352099889,0.1258163895312205
310,310.0,0.1564732273223412,0.1440313870832041,0.2220141740029788,0.2273468664252164,0.124116861303099,0.1260174838631605
311,311.0,0.1563980788806334,0.1451531080799412,0.2205582416564927,0.2275240927865121,0.1241868787568398,0.1261795998395809
312,312.0,0.1562732826761082,0.1462298127648921,0.2190999680357382,0.2279211622216198,0.1242183792129916,0.1262573950886503
313,313.0,0.1561479085899498,0.147298092865243,0.2177827414329211,0.2282121197288072,0.1242577565096089,0.1263013808734702
314,314.0,0.156023268151183,0.1483481080384503,0.2166056294122758,0.2284046669257944,0.1243038291896792,0.1263144982826175
315,315.0,0.1559005343994564,0.1493711846254965,0.2155663916357916,0.2285067193716315,0.1243554669880563,0.1262997029795678
316,316.0,0.1557807440035833,0.1503597857191271,0.2146616330568173,0.2285263060169753,0.1244115970149258,0.1262599341885715
317,317.0,0.1556648005319369,0.1513074728577473,0.2138869533413915,0.2284714775754216,0.1244712087471697,0.1261980869463331
318,318.0,0.1555534787268111,0.1522088605654721,0.2132370914003138,0.2283502238400757,0.1245333578969283,0.1261169875703993
319,319.0,0.1554474296396052,0.1530595649083136,0.21270606407556,0.2281703998776702,0.1245971692309524,0.1260193722678988
320,320.0,0.1553471864893991,0.1538561471793319,0.2122872981787453,0.2279396609505353,0.1246618384174752,0.1259078687845134
321,321.0,0.1552531711139949,0.1545960537629991,0.211973755226044,0.2276654059444151,0.1247266329793817,0.1257849809731654
322,322.0,0.1551657008896665,0.1552775531622135,0.2117580483525717,0.2273547290172694,0.1247908924335144,0.1256530761447646
