,Unnamed: 0,Total_iterations,Intertwine_two,Add_vertex,Delete_vertex,Invert_path_vertices,Insert_inside_vertex,Delete_inside_vertex,Replace_inside_vertex,Donate_between_routes
0,0.0,0.0,0.125,0.125,0.125,0.125,0.125,0.125,0.125,0.125
1,1.0,1.0,0.125,0.125,0.125,0.125,0.125,0.125,0.125,0.125
2,2.0,2.0,0.125,0.125,0.125,0.125,0.125,0.125,0.125,0.125
3,3.0,3.0,0.125,0.125,0.125,0.125,0.125,0.125,0.125,0.125
4,4.0,4.0,0.125,0.125,0.125,0.125,0.125,0.125,0.125,0.125
5,5.0,5.0,0.125,0.125,0.125,0.125,0.125,0.125,0.125,0.125
6,6.0,6.0,0.125,0.125,0.125,0.125,0.125,0.125,0.125,0.125
7,7.0,7.0,0.125,0.125,0.125,0.125,0.125,0.125,0.125,0.125
8,8.0,8.0,0.125,0.125,0.125,0.125,0.125,0.125,0.125,0.125
9,9.0,9.0,0.125,0.125,0.125,0.125,0.125,0.125,0.125,0.125
10,10.0,10.0,0.125,0.125,0.125,0.125,0.125,0.125,0.125,0.125
11,11.0,11.0,0.125,0.125,0.125,0.125,0.125,0.125,0.125,0.125
12,12.0,12.0,0.125,0.125,0.125,0.125,0.125,0.125,0.125,0.125
13,13.0,13.0,0.125,0.125,0.125,0.125,0.125,0.125,0.125,0.125
14,14.0,14.0,0.125,0.125,0.125,0.125,0.125,0.125,0.125,0.125
15,15.0,15.0,0.125,0.125,0.125,0.125,0.125,0.125,0.125,0.125
16,16.0,16.0,0.125,0.125,0.125,0.125,0.125,0.125,0.125,0.125
17,17.0,17.0,0.125,0.125,0.125,0.125,0.125,0.125,0.125,0.125
18,18.0,18.0,0.125,0.125,0.125,0.125,0.125,0.125,0.125,0.125
19,19.0,19.0,0.125,0.125,0.125,0.125,0.125,0.125,0.125,0.125
20,20.0,20.0,0.125,0.125,0.125,0.125,0.125,0.125,0.125,0.125
21,21.0,21.0,0.125,0.125,0.125,0.125,0.125,0.125,0.125,0.125
22,22.0,22.0,0.125,0.125,0.125,0.125,0.125,0.125,0.125,0.125
23,23.0,23.0,0.125,0.125,0.125,0.125,0.125,0.125,0.125,0.125
24,24.0,24.0,0.125,0.125,0.125,0.125,0.125,0.125,0.125,0.125
25,25.0,25.0,0.125,0.125,0.125,0.125,0.125,0.125,0.125,0.125
26,26.0,26.0,0.125,0.125,0.125,0.125,0.125,0.125,0.125,0.125
27,27.0,27.0,0.125,0.125,0.125,0.125,0.125,0.125,0.125,0.125
28,28.0,28.0,0.125,0.125,0.125,0.125,0.125,0.125,0.125,0.125
29,29.0,29.0,0.125,0.125,0.125,0.125,0.125,0.125,0.125,0.125
30,30.0,30.0,0.125,0.125,0.125,0.125,0.125,0.125,0.125,0.125
31,31.0,31.0,0.125,0.125,0.125,0.125,0.125,0.125,0.125,0.125
32,32.0,32.0,0.125,0.125,0.125,0.125,0.125,0.125,0.125,0.125
33,33.0,33.0,0.125,0.125,0.125,0.125,0.125,0.125,0.125,0.125
34,34.0,34.0,0.125,0.125,0.125,0.125,0.125,0.125,0.125,0.125
35,35.0,35.0,0.125,0.125,0.125,0.125,0.125,0.125,0.125,0.125
36,36.0,36.0,0.125,0.125,0.125,0.125,0.125,0.125,0.125,0.125
37,37.0,37.0,0.125,0.125,0.125,0.125,0.125,0.125,0.125,0.125
38,38.0,38.0,0.125,0.125,0.125,0.125,0.125,0.125,0.125,0.125
39,39.0,39.0,0.125,0.125,0.125,0.125,0.125,0.125,0.125,0.125
40,40.0,40.0,0.125,0.125,0.125,0.125,0.125,0.125,0.125,0.125
41,41.0,41.0,0.125,0.125,0.125,0.125,0.125,0.125,0.125,0.125
42,42.0,42.0,0.125,0.125,0.125,0.125,0.125,0.125,0.125,0.125
43,43.0,43.0,0.125,0.125,0.125,0.125,0.125,0.125,0.125,0.125
44,44.0,44.0,0.125,0.125,0.125,0.125,0.125,0.125,0.125,0.125
45,45.0,45.0,0.125,0.125,0.125,0.125,0.125,0.125,0.125,0.125
46,46.0,46.0,0.125,0.125,0.125,0.125,0.125,0.125,0.125,0.125
47,47.0,47.0,0.125,0.125,0.125,0.125,0.125,0.125,0.125,0.125
48,48.0,48.0,0.125,0.125,0.125,0.125,0.125,0.125,0.125,0.125
49,49.0,49.0,0.125,0.125,0.125,0.125,0.125,0.125,0.125,0.125
50,50.0,50.0,0.125,0.125,0.125,0.125,0.125,0.125,0.125,0.125
51,51.0,51.0,0.125,0.125,0.125,0.125,0.125,0.125,0.125,0.125
52,52.0,52.0,0.125,0.125,0.125,0.125,0.125,0.125,0.125,0.125
53,53.0,53.0,0.125,0.125,0.125,0.125,0.125,0.125,0.125,0.125
54,54.0,54.0,0.125,0.125,0.125,0.125,0.125,0.125,0.125,0.125
55,55.0,55.0,0.125,0.125,0.125,0.125,0.125,0.125,0.125,0.125
56,56.0,56.0,0.125,0.125,0.125,0.125,0.125,0.125,0.125,0.125
57,57.0,57.0,0.125,0.125,0.125,0.125,0.125,0.125,0.125,0.125
58,58.0,58.0,0.125,0.125,0.125,0.125,0.125,0.125,0.125,0.125
59,59.0,59.0,0.125,0.125,0.125,0.125,0.125,0.125,0.125,0.125
60,60.0,60.0,0.125,0.125,0.125,0.125,0.125,0.125,0.125,0.125
61,61.0,61.0,0.125,0.125,0.125,0.125,0.125,0.125,0.125,0.125
62,62.0,62.0,0.125,0.125,0.125,0.125,0.125,0.125,0.125,0.125
63,63.0,63.0,0.125,0.125,0.125,0.125,0.125,0.125,0.125,0.125
64,64.0,64.0,0.125,0.125,0.125,0.125,0.125,0.125,0.125,0.125
65,65.0,65.0,0.125,0.125,0.125,0.125,0.125,0.125,0.125,0.125
66,66.0,66.0,0.125,0.125,0.125,0.125,0.125,0.125,0.125,0.125
67,67.0,67.0,0.125,0.125,0.125,0.125,0.125,0.125,0.125,0.125
68,68.0,68.0,0.125,0.125,0.125,0.125,0.125,0.125,0.125,0.125
69,69.0,69.0,0.125,0.125,0.125,0.125,0.125,0.125,0.125,0.125
70,70.0,70.0,0.125,0.125,0.125,0.125,0.125,0.125,0.125,0.125
71,71.0,71.0,0.125,0.125,0.125,0.125,0.125,0.125,0.125,0.125
72,72.0,72.0,0.125,0.125,0.125,0.125,0.125,0.125,0.125,0.125
73,73.0,73.0,0.125,0.125,0.125,0.125,0.125,0.125,0.125,0.125
74,74.0,74.1,0.125,0.125,0.125,0.125,0.125,0.125,0.125,0.125
75,75.0,75.1,0.125,0.125,0.125,0.125,0.125,0.125,0.125,0.125
76,76.0,76.1,0.125,0.125,0.125,0.125,0.125,0.125,0.125,0.125
77,77.0,77.1,0.125,0.125,0.125,0.125,0.125,0.125,0.125,0.125
78,78.0,78.1,0.125,0.125,0.125,0.125,0.125,0.125,0.125,0.125
79,79.0,79.1,0.125,0.125,0.125,0.125,0.125,0.125,0.125,0.125
80,80.0,80.1,0.125,0.125,0.125,0.125,0.125,0.125,0.125,0.125
81,81.0,81.1,0.125,0.125,0.125,0.125,0.125,0.125,0.125,0.125
82,82.0,82.1,0.125,0.125,0.125,0.125,0.125,0.125,0.125,0.125
83,83.0,83.1,0.125,0.125,0.125,0.125,0.125,0.125,0.125,0.125
84,84.0,84.1,0.125,0.125,0.125,0.125,0.125,0.125,0.125,0.125
85,85.0,85.1,0.125,0.125,0.125,0.125,0.125,0.125,0.125,0.125
86,86.0,86.1,0.125,0.125,0.125,0.125,0.125,0.125,0.125,0.125
87,87.0,87.1,0.125,0.125,0.125,0.125,0.125,0.125,0.125,0.125
88,88.0,88.1,0.125,0.125,0.125,0.125,0.125,0.125,0.125,0.125
89,89.0,89.2,0.125,0.125,0.125,0.125,0.125,0.125,0.125,0.125
90,90.0,90.3,0.125,0.125,0.125,0.125,0.125,0.125,0.125,0.125
91,91.0,91.3,0.125,0.125,0.125,0.125,0.125,0.125,0.125,0.125
92,92.0,92.3,0.125,0.125,0.125,0.125,0.125,0.125,0.125,0.125
93,93.0,93.3,0.125,0.125,0.125,0.125,0.125,0.125,0.125,0.125
94,94.0,94.3,0.125,0.125,0.125,0.125,0.125,0.125,0.125,0.125
95,95.0,95.3,0.125,0.125,0.125,0.125,0.125,0.125,0.125,0.125
96,96.0,96.3,0.125,0.125,0.125,0.125,0.125,0.125,0.125,0.125
97,97.0,97.3,0.125,0.125,0.125,0.125,0.125,0.125,0.125,0.125
98,98.0,98.3,0.125,0.125,0.125,0.125,0.125,0.125,0.125,0.125
99,99.0,99.3,0.125,0.125,0.125,0.125,0.125,0.125,0.125,0.125
100,100.0,100.3,0.125,0.125,0.125,0.125,0.125,0.125,0.125,0.125
101,101.0,101.3,0.125,0.125,0.125,0.125,0.125,0.125,0.125,0.125
102,102.0,102.3,0.125,0.125,0.125,0.125,0.125,0.125,0.125,0.125
103,103.0,103.3,0.125,0.125,0.125,0.125,0.125,0.125,0.125,0.125
104,104.0,104.3,0.125,0.125,0.125,0.125,0.125,0.125,0.125,0.125
105,105.0,105.3,0.125,0.125,0.125,0.125,0.125,0.125,0.125,0.125
106,106.0,106.3,0.125,0.125,0.125,0.125,0.125,0.125,0.125,0.125
107,107.0,107.3,0.125,0.125,0.125,0.125,0.125,0.125,0.125,0.125
108,108.0,108.3,0.125,0.125,0.125,0.125,0.125,0.125,0.125,0.125
109,109.0,109.3,0.125,0.125,0.125,0.125,0.125,0.125,0.125,0.125
110,110.0,110.3,0.125,0.125,0.125,0.125,0.125,0.125,0.125,0.125
111,111.0,111.3,0.125,0.125,0.125,0.125,0.125,0.125,0.125,0.125
112,112.0,112.3,0.125,0.125,0.125,0.125,0.125,0.125,0.125,0.125
113,113.0,113.3,0.125,0.125,0.125,0.125,0.125,0.125,0.125,0.125
114,114.0,114.3,0.125,0.125,0.125,0.125,0.125,0.125,0.125,0.125
115,115.0,115.3,0.125,0.125,0.125,0.125,0.125,0.125,0.125,0.125
116,116.0,116.3,0.125,0.125,0.125,0.125,0.125,0.125,0.125,0.125
117,117.0,117.3,0.125,0.125,0.125,0.125,0.125,0.125,0.125,0.125
118,118.0,118.3,0.125,0.125,0.125,0.125,0.125,0.125,0.125,0.125
119,119.0,119.3,0.125,0.125,0.125,0.125,0.125,0.125,0.125,0.125
120,120.0,120.3,0.125,0.125,0.125,0.125,0.125,0.125,0.125,0.125
121,121.0,121.3,0.125,0.125,0.125,0.125,0.125,0.125,0.125,0.125
122,122.0,122.3,0.125,0.125,0.125,0.125,0.125,0.125,0.125,0.125
123,123.0,123.3,0.125,0.125,0.125,0.125,0.125,0.125,0.125,0.125
124,124.0,124.3,0.125,0.125,0.125,0.125,0.125,0.125,0.125,0.125
125,125.0,125.3,0.125,0.125,0.125,0.125,0.125,0.125,0.125,0.125
126,126.0,126.3,0.125,0.125,0.125,0.125,0.125,0.125,0.125,0.125
127,127.0,127.3,0.125,0.125,0.125,0.125,0.125,0.125,0.125,0.125
128,128.0,128.3,0.125,0.125,0.125,0.125,0.125,0.125,0.125,0.125
129,129.0,129.3,0.125,0.125,0.125,0.125,0.125,0.125,0.125,0.125
130,130.0,130.3,0.125,0.125,0.125,0.125,0.125,0.125,0.125,0.125
131,131.0,131.3,0.125,0.125,0.125,0.125,0.125,0.125,0.125,0.125
132,132.0,132.3,0.125,0.125,0.125,0.125,0.125,0.125,0.125,0.125
133,133.0,133.3,0.125,0.125,0.125,0.125,0.125,0.125,0.125,0.125
134,134.0,134.3,0.125,0.125,0.125,0.125,0.125,0.125,0.125,0.125
135,135.0,135.3,0.125,0.125,0.125,0.125,0.125,0.125,0.125,0.125
136,136.0,136.3,0.125,0.125,0.125,0.125,0.125,0.125,0.125,0.125
137,137.0,137.3,0.125,0.125,0.125,0.125,0.125,0.125,0.125,0.125
138,138.0,138.3,0.125,0.125,0.125,0.125,0.125,0.125,0.125,0.125
139,139.0,139.3,0.125,0.125,0.125,0.125,0.125,0.125,0.125,0.125
140,140.0,140.3,0.125,0.125,0.125,0.125,0.125,0.125,0.125,0.125
141,141.0,141.3,0.125,0.125,0.125,0.125,0.125,0.125,0.125,0.125
142,142.0,142.3,0.125,0.125,0.125,0.125,0.125,0.125,0.125,0.125
143,143.0,143.3,0.125,0.125,0.125,0.125,0.125,0.125,0.125,0.125
144,144.0,144.3,0.125,0.125,0.125,0.125,0.125,0.125,0.125,0.125
145,145.0,145.3,0.125,0.125,0.125,0.125,0.125,0.125,0.125,0.125
146,146.0,146.3,0.125,0.125,0.125,0.125,0.125,0.125,0.125,0.125
147,147.0,147.3,0.125,0.125,0.125,0.125,0.125,0.125,0.125,0.125
148,148.0,148.3,0.125,0.125,0.125,0.125,0.125,0.125,0.125,0.125
149,149.0,149.3,0.125,0.125,0.125,0.125,0.125,0.125,0.125,0.125
150,150.0,150.3,0.125,0.125,0.125,0.125,0.125,0.125,0.125,0.125
151,151.0,151.3,0.125,0.125,0.125,0.125,0.125,0.125,0.125,0.125
152,152.0,152.3,0.125,0.125,0.125,0.125,0.125,0.125,0.125,0.125
153,153.0,153.3,0.125,0.125,0.125,0.125,0.125,0.125,0.125,0.125
154,154.0,154.3,0.125,0.125,0.125,0.125,0.125,0.125,0.125,0.125
155,155.0,155.3,0.125,0.125,0.125,0.125,0.125,0.125,0.125,0.125
156,156.0,156.3,0.125,0.125,0.125,0.125,0.125,0.125,0.125,0.125
157,157.0,157.3,0.125,0.125,0.125,0.125,0.125,0.125,0.125,0.125
158,158.0,158.3,0.125,0.125,0.125,0.125,0.125,0.125,0.125,0.125
159,159.0,159.3,0.125,0.125,0.125,0.125,0.125,0.125,0.125,0.125
160,160.0,160.3,0.125,0.125,0.125,0.125,0.125,0.125,0.125,0.125
161,161.0,161.3,0.125,0.125,0.125,0.125,0.125,0.125,0.125,0.125
162,162.0,162.3,0.125,0.125,0.125,0.125,0.125,0.125,0.125,0.125
163,163.0,163.3,0.125,0.125,0.125,0.125,0.125,0.125,0.125,0.125
164,164.0,164.3,0.125,0.125,0.125,0.125,0.125,0.125,0.125,0.125
165,165.0,165.3,0.125,0.125,0.125,0.125,0.125,0.125,0.125,0.125
166,166.0,166.3,0.125,0.125,0.125,0.125,0.125,0.125,0.125,0.125
167,167.0,167.3,0.125,0.125,0.125,0.125,0.125,0.125,0.125,0.125
168,168.0,168.3,0.125,0.125,0.125,0.125,0.125,0.125,0.125,0.125
169,169.0,169.3,0.125,0.125,0.125,0.125,0.125,0.125,0.125,0.125
170,170.0,170.3,0.125,0.125,0.125,0.125,0.125,0.125,0.125,0.125
171,171.0,171.3,0.125,0.125,0.125,0.125,0.125,0.125,0.125,0.125
172,172.0,172.3,0.125,0.125,0.125,0.125,0.125,0.125,0.125,0.125
173,173.0,173.3,0.125,0.125,0.125,0.125,0.125,0.125,0.125,0.125
174,174.0,174.3,0.125,0.125,0.125,0.125,0.125,0.125,0.125,0.125
175,175.0,175.3,0.125,0.125,0.125,0.125,0.125,0.125,0.125,0.125
176,176.0,176.3,0.125,0.125,0.125,0.125,0.125,0.125,0.125,0.125
177,177.0,177.3,0.125,0.125,0.125,0.125,0.125,0.125,0.125,0.125
178,178.0,178.3,0.125,0.125,0.125,0.125,0.125,0.125,0.125,0.125
179,179.0,179.3,0.125,0.125,0.125,0.125,0.125,0.125,0.125,0.125
180,180.0,180.3,0.125,0.125,0.125,0.125,0.125,0.125,0.125,0.125
181,181.0,181.3,0.125,0.125,0.125,0.125,0.125,0.125,0.125,0.125
182,182.0,182.3,0.125,0.125,0.125,0.125,0.125,0.125,0.125,0.125
183,183.0,183.3,0.125,0.125,0.125,0.125,0.125,0.125,0.125,0.125
184,184.0,184.3,0.125,0.125,0.125,0.125,0.125,0.125,0.125,0.125
185,185.0,185.3,0.125,0.125,0.125,0.125,0.125,0.125,0.125,0.125
186,186.0,186.3,0.125,0.125,0.125,0.125,0.125,0.125,0.125,0.125
187,187.0,187.3,0.125,0.125,0.125,0.125,0.125,0.125,0.125,0.125
188,188.0,188.3,0.125,0.125,0.125,0.125,0.125,0.125,0.125,0.125
189,189.0,189.3,0.125,0.125,0.125,0.125,0.125,0.125,0.125,0.125
190,190.0,190.3,0.125,0.125,0.125,0.125,0.125,0.125,0.125,0.125
191,191.0,191.3,0.125,0.125,0.125,0.125,0.125,0.125,0.125,0.125
192,192.0,192.3,0.125,0.125,0.125,0.125,0.125,0.125,0.125,0.125
193,193.0,193.3,0.125,0.125,0.125,0.125,0.125,0.125,0.125,0.125
194,194.0,194.3,0.125,0.125,0.125,0.125,0.125,0.125,0.125,0.125
195,195.0,195.3,0.125,0.125,0.125,0.125,0.125,0.125,0.125,0.125
196,196.0,196.3,0.125,0.125,0.125,0.125,0.125,0.125,0.125,0.125
197,197.0,197.3,0.125,0.125,0.125,0.125,0.125,0.125,0.125,0.125
198,198.0,198.3,0.125,0.125,0.125,0.125,0.125,0.125,0.125,0.125
199,199.0,199.3,0.12361111111111112,0.12361111111111112,0.12361111111111112,0.13472222222222224,0.12361111111111112,0.12361111111111112,0.12361111111111112,0.12361111111111112
200,200.0,200.3,0.12250000000000001,0.12250000000000001,0.12250000000000001,0.1325,0.12250000000000001,0.1325,0.12250000000000001,0.12250000000000001
201,201.0,201.3,0.1211111111111111,0.1211111111111111,0.1211111111111111,0.13111111111111112,0.1211111111111111,0.13111111111111112,0.1211111111111111,0.1322222222222222
202,202.0,202.3,0.1202020202020202,0.1202020202020202,0.1202020202020202,0.1383838383838384,0.1202020202020202,0.1292929292929293,0.1202020202020202,0.13131313131313133
203,203.0,203.3,0.11881313131313131,0.11881313131313131,0.11881313131313131,0.1369949494949495,0.11881313131313131,0.1390151515151515,0.11881313131313131,0.12992424242424244
204,204.0,204.3,0.1165909090909091,0.1165909090909091,0.1165909090909091,0.13477272727272727,0.1165909090909091,0.1556818181818182,0.1165909090909091,0.1265909090909091
205,205.0,205.3,0.11568181818181818,0.11568181818181818,0.11568181818181818,0.13386363636363635,0.11568181818181818,0.16204545454545455,0.11568181818181818,0.12568181818181817
206,206.0,206.3,0.11353535353535352,0.11353535353535352,0.12464646464646463,0.13171717171717173,0.11353535353535352,0.16595959595959597,0.11353535353535352,0.12353535353535353
207,207.0,207.3,0.12166666666666666,0.11999999999999997,0.13166666666666665,0.12833333333333333,0.11166666666666666,0.15333333333333332,0.11166666666666666,0.12166666666666666
208,208.0,208.3,0.12075757575757576,0.11909090909090907,0.12984848484848482,0.1274242424242424,0.11075757575757575,0.1524242424242424,0.11075757575757575,0.12893939393939394
209,209.0,209.3,0.11829836829836829,0.11754079254079253,0.14417249417249417,0.11754079254079253,0.1092074592074592,0.1483100233100233,0.11754079254079253,0.12738927738927738
210,210.0,210.3,0.11678321678321676,0.11678321678321676,0.14189976689976688,0.1157415501165501,0.10844988344988345,0.1558857808857809,0.11782488344988343,0.12663170163170162
211,211.0,211.3,0.11640322735683559,0.11601332516280967,0.14754013168961622,0.12331573066109147,0.10767999182947637,0.14614153029101482,0.11704425299786123,0.12586181001129454
212,212.0,212.3,0.11640322735683559,0.11601332516280967,0.1552324393819239,0.12331573066109147,0.10767999182947637,0.13844922259870712,0.11704425299786123,0.12586181001129454
213,213.0,213.3,0.11466330061690884,0.11418182333130784,0.15239361154309605,0.12084320318856401,0.10648951563900018,0.14440160355108808,0.11521275116635939,0.13181419096367547
214,214.0,214.3,0.11466330061690884,0.11418182333130784,0.15239361154309605,0.1285355108808717,0.10648951563900018,0.1367092958587804,0.11521275116635939,0.13181419096367547
215,215.0,215.3,0.11411385006745829,0.1136323727818573,0.1507452598947444,0.12743660978197058,0.1059400650895496,0.13506094421042875,0.121806157759766,0.13126474041422492
216,216.0,216.3,0.11268527863888686,0.12037229952178403,0.14741192656141108,0.12600803835339916,0.10498768413716864,0.13267999182947637,0.11935194530555356,0.1365028356523202
217,217.0,217.3,0.11713582808943632,0.11789061454009905,0.1501958093452939,0.13025254384790466,0.10360490025438478,0.12949775739724192,0.11713582808943632,0.13428671843620296
218,218.0,218.3,0.11640053397178926,0.11752296748127553,0.14835757405117622,0.1357672497302576,0.10323725319556125,0.12876246327959487,0.11676818103061279,0.13318377725973235
219,219.0,219.3,0.11574693920054743,0.11719617009565461,0.15297358712307166,0.13511365495901578,0.10291045580994033,0.13366442406390858,0.11019138364499188,0.1322033851028696
220,220.0,220.3,0.11533594067035387,0.11744521628510327,0.15712235029660263,0.1447026564288222,0.10315950199938899,0.13847573375524921,0.11007278277561702,0.11368581778886269
221,221.0,221.3,0.11404624149025044,0.11751324232567231,0.16176553973586447,0.1433471533443538,0.10322752803995802,0.1386271974261896,0.10984691338274763,0.11162618425496362
222,222.0,222.3,0.11280075187969925,0.11682330827067666,0.15859022556390975,0.1473872180451128,0.10253759398496239,0.14152255639097744,0.10990601503759398,0.11043233082706765
223,223.0,223.3,0.11123376623376621,0.11551948051948051,0.1553246753246753,0.15376082251082251,0.10123376623376623,0.14441829004329004,0.10831709956709956,0.11019209956709956
224,224.0,224.3,0.10904761904761902,0.12119047619047618,0.1507142857142857,0.14839285714285713,0.11095238095238096,0.1453273809523809,0.1063690476190476,0.10800595238095237
225,225.0,225.3,0.11609890109890109,0.11990842490842488,0.1494322344322344,0.1464697802197802,0.1103113553113553,0.14468635531135526,0.10572802197802196,0.10736492673992673
226,226.0,226.3,0.11456709956709954,0.1257359307359307,0.14703463203463202,0.14438852813852812,0.10932900432900432,0.14781655844155842,0.10496212121212119,0.10616612554112552
227,227.0,227.3,0.10909090909090909,0.12350378787878788,0.14727272727272728,0.1486742424242424,0.11575757575757575,0.14376893939393937,0.10496212121212119,0.10696969696969696
228,228.0,228.3,0.1081287097781943,0.12838566073102156,0.14734145579506402,0.1473168541080912,0.11479537644486097,0.14321266791627613,0.10439511090284284,0.10642416432364885
229,229.0,229.3,0.10699815874355119,0.1267174440372294,0.14976821701338533,0.15170100895580102,0.11366482541021786,0.14185687856496249,0.10382983538552129,0.10546363188933125
230,230.0,230.3,0.10624540302646648,0.13631096641948512,0.14916229577379875,0.1458209742569482,0.11291206969313317,0.14084358232350633,0.10384819436908418,0.1048565141375776
231,231.0,231.3,0.10582873635979984,0.13506096641948515,0.1487456291071321,0.15040430759028153,0.11207873635979984,0.140010248990173,0.10343152770241755,0.10443984747091095
232,232.0,232.3,0.10027318080424426,0.14061652197504068,0.1487456291071321,0.15040430759028153,0.11207873635979984,0.140010248990173,0.10343152770241755,0.10443984747091095
233,233.0,233.3,0.10027318080424426,0.14061652197504068,0.1487456291071321,0.15040430759028153,0.11207873635979984,0.140010248990173,0.10343152770241755,0.10443984747091095
234,234.0,234.3,0.09998078314342557,0.14412529390486525,0.14816083378549466,0.15548471694700666,0.1052439410381624,0.1397178513293543,0.10313913004159883,0.10414744981009223
235,235.0,235.3,0.0983471079409903,0.1478262695360047,0.14947885729587612,0.155123423730464,0.10441093772822434,0.14188470714250936,0.10245392911047276,0.10047476751545839
236,236.0,236.3,0.0979847891004106,0.1476451101157148,0.14802958193355725,0.15476110488988426,0.10404861888764463,0.14514557670772676,0.10227276969018288,0.10011244867487867
237,237.0,237.3,0.0974835359675785,0.14997593718338398,0.15150075987841943,0.1530192502532928,0.1033092705167173,0.14359169199594732,0.10150835866261398,0.0996111955420466
238,238.0,238.3,0.09702899051303306,0.14755169475914154,0.15404404992170947,0.15620106843511097,0.1030170627245095,0.14218476558902088,0.10081571796997327,0.09915665008750114
239,239.0,239.3,0.09671047430830038,0.1461195652173913,0.15578557312252964,0.15977865612648218,0.10288833992094859,0.14040316205533596,0.10051679841897232,0.09779743083003951
240,240.0,240.3,0.09671047430830038,0.1461195652173913,0.15578557312252964,0.15977865612648218,0.10288833992094859,0.14040316205533596,0.10051679841897232,0.09779743083003951
241,241.0,241.3,0.09671047430830038,0.15066501976284583,0.15578557312252964,0.1506877470355731,0.10743379446640315,0.14040316205533596,0.10051679841897232,0.09779743083003951
242,242.0,242.3,0.09651284584980235,0.1546175889328063,0.15479743083003952,0.149897233201581,0.10703853754940709,0.13941501976284582,0.10012154150197627,0.09759980237154149
243,243.0,243.3,0.09651284584980235,0.15353063241106718,0.15479743083003952,0.149897233201581,0.10703853754940709,0.13941501976284582,0.10120849802371538,0.09759980237154149
244,244.0,244.3,0.09619834034595605,0.15144915848527346,0.15531381486676016,0.14918747078073863,0.11066491351098642,0.13906545114539504,0.10084724170172979,0.09727360916316034
245,245.0,245.3,0.09709119748881319,0.16127058705670205,0.1562066720096173,0.14025889935216723,0.11155777065384358,0.13370830828825217,0.1017400988445869,0.09816646630601748
246,246.0,246.3,0.09679564776882074,0.15935604158407118,0.1556727677194837,0.1406648605788291,0.11070730364301129,0.13337844147834893,0.10139879300471341,0.10202614422272145
247,247.0,247.3,0.0961527906259636,0.15578461301264263,0.15486324390995992,0.1422600986740672,0.10956444650015415,0.14340225100215848,0.1007559358618563,0.09721662041319765
248,248.0,248.3,0.09527458549775847,0.15867563865366824,0.15260042339713936,0.13967035508432363,0.10837854906425673,0.14903045613036361,0.10003157688749731,0.09633841528499251
249,249.0,249.3,0.09465250621361807,0.16489817470534926,0.15177990292911545,0.1375067859880755,0.1073179211444792,0.14891731659903687,0.0993647047702102,0.09556268765011529
250,250.0,250.3,0.09432570882799714,0.16293739039162378,0.15700866109905007,0.13619959644559185,0.10699112375885829,0.14826372182779501,0.09903790738458929,0.09523589026449436
251,251.0,251.3,0.09403331116717843,0.16644616232144832,0.15642386577741266,0.13118385195616314,0.10669872609803957,0.15152508035231144,0.09874550972377058,0.09494349260367566
252,252.0,252.3,0.09373968521285818,0.1700655125701379,0.1596934554635757,0.12683559724956578,0.10592226913457255,0.1501583884817002,0.09863912674504717,0.09494596514254236
253,253.0,253.3,0.09323703971021267,0.17279038029500562,0.16133366710378733,0.12575094116490967,0.10555189876420216,0.14849172181503353,0.0982687563746768,0.094575594772172
254,254.0,254.3,0.09299073429149347,0.172667227585646,0.16330411045354104,0.12562778845555006,0.10542874605484256,0.1473833474307971,0.09814560366531719,0.09445244206281239
255,255.0,255.3,0.09310512459119606,0.17168347100820378,0.16348713493306516,0.12575361778522293,0.10554313635454515,0.148618762667585,0.09723048126769651,0.09457827139248523
256,256.0,256.3,0.09299073429149347,0.172667227585646,0.16330411045354104,0.12562778845555006,0.10542874605484256,0.14844717721803113,0.09708177387808316,0.09445244206281239
257,257.0,257.3,0.09303259836247288,0.1702699496116603,0.16343263142864656,0.12596614662593514,0.10698478016630782,0.14858689640142334,0.09709004332420254,0.09463695407935128
258,258.0,258.3,0.09303259836247288,0.1702699496116603,0.16343263142864656,0.12596614662593514,0.10698478016630782,0.14858689640142334,0.09709004332420254,0.09463695407935128
259,259.0,259.3,0.09303259836247288,0.1742699496116603,0.15998435556657759,0.12596614662593514,0.10698478016630782,0.1480351722634923,0.09709004332420254,0.09463695407935128
260,260.0,260.3,0.0934548872180451,0.17111152882205513,0.17019924812030074,0.1284598997493734,0.10817418546365913,0.14014661654135335,0.09327944862155388,0.09517418546365915
261,261.0,261.3,0.09284789206266283,0.17268165761799034,0.17182703968357618,0.12693845345373356,0.1069750834903636,0.1414290223076301,0.09277998034789206,0.09452087103615117
262,262.0,262.3,0.09242982894298682,0.1769098554953818,0.17667185884291145,0.12120994137441503,0.10644137660585029,0.13967080069053753,0.09246272367982893,0.09420361436808804
263,263.0,263.3,0.0922322004844888,0.17651459857838575,0.17509083117492727,0.12041942754042294,0.10604611968885425,0.14342574140199998,0.0922650952213309,0.09400598590959001
264,264.0,264.3,0.09219665269894102,0.17826605545484261,0.17710306893716504,0.12078626903226444,0.10256680733454186,0.14253792088917944,0.09232424440548011,0.09421898124758536
265,265.0,265.3,0.09164810320921504,0.17416627288447178,0.18181290811759243,0.11958625336166051,0.1017996920968384,0.14551623669102468,0.09186482147546891,0.09360571216372802
266,266.0,266.3,0.09128240752382627,0.17645378077300272,0.1829302562426132,0.11890933437272107,0.10151803002489498,0.1439989815676314,0.09158315940352552,0.09332405009178463
267,267.0,267.3,0.09094251794480626,0.17438166207044922,0.18399650883060492,0.12245315769915308,0.10125750552524004,0.142582487433746,0.09132263490387058,0.09306352559212969
268,268.0,268.3,0.09062570112798944,0.17247325366204083,0.1846667007616664,0.12605924204436786,0.10101576378349833,0.1412566616079202,0.09108089316212885,0.09282178385038796
269,269.0,269.3,0.09048345361732088,0.17240212990670656,0.18331534941031508,0.1259881182890336,0.10094464002816403,0.14047430029924307,0.09364134835416299,0.09275066009505369
270,270.0,270.3,0.09034850085078916,0.17233465352344068,0.18459740069236635,0.12592064190576774,0.09652933755794166,0.14407988617027517,0.09350639558763127,0.09268318371178783
271,271.0,271.3,0.08848518872431915,0.17154180602006688,0.18765456282847587,0.1263655040611562,0.09697419971333013,0.14406880076445291,0.09288079311992355,0.0920291447682752
272,272.0,272.3,0.08808652146722135,0.1710348995295973,0.18906956793648202,0.12526734100116918,0.09660067433450252,0.14583908421024008,0.09243434755417787,0.09166756396660955
273,273.0,273.3,0.08797037744863831,0.17097682752030577,0.19023100812231244,0.12520926899187765,0.096542602325211,0.14514222009874184,0.09231820353559482,0.09160949195731803
274,274.0,274.3,0.08785963547743121,0.1709214565347022,0.1890128464390345,0.12515389800627413,0.09648723133960745,0.1468033496668481,0.09220746156438772,0.09155412097171448
275,275.0,275.3,0.08775392723218808,0.17086860241208066,0.19012278301408733,0.12510104388365256,0.09643437721698589,0.1461162460727678,0.0921017533191446,0.09150126684909292
276,276.0,276.3,0.08765291713117798,0.1708180973615756,0.1911833890746934,0.12505053883314748,0.09638387216648084,0.14545968041620214,0.09200074321813449,0.09145076179858788
277,277.0,277.3,0.08765291713117798,0.1708180973615756,0.1911833890746934,0.12505053883314748,0.09638387216648084,0.14545968041620214,0.09200074321813449,0.09145076179858788
278,278.0,278.3,0.08765291713117798,0.1708180973615756,0.1911833890746934,0.12505053883314748,0.09638387216648084,0.14545968041620214,0.09200074321813449,0.09145076179858788
279,279.0,279.3,0.08755629877369006,0.17076978818283164,0.19002396878483835,0.12500222965440355,0.09633556298773688,0.1470055741360089,0.09190412486064659,0.09140245261984391
280,280.0,280.3,0.08746379183566971,0.17072353471382146,0.1889138855285941,0.12495597618539338,0.09628930951872669,0.14848568514433452,0.09181161792262624,0.09135619915083373
281,281.0,281.3,0.0873751393534002,0.17067920847268672,0.18993338907469343,0.12491164994425863,0.09624498327759194,0.14782079152731326,0.09172296544035671,0.09131187290969897
282,282.0,282.3,0.0873751393534002,0.17067920847268672,0.18993338907469343,0.12491164994425863,0.09624498327759194,0.14782079152731326,0.09172296544035671,0.09131187290969897
283,283.0,283.3,0.0873751393534002,0.17067920847268672,0.18993338907469343,0.12491164994425863,0.09624498327759194,0.14782079152731326,0.09172296544035671,0.09131187290969897
284,284.0,284.3,0.09701232756201698,0.16924780257699512,0.18952239134226712,0.12348024404856701,0.09481357738190035,0.14579414753638353,0.0902490425378624,0.08988046701400738
285,285.0,285.3,0.09701232756201698,0.16924780257699512,0.18952239134226712,0.12348024404856701,0.09481357738190035,0.14579414753638353,0.0902490425378624,0.08988046701400738
286,286.0,286.3,0.09479010533979478,0.178136691465884,0.188411280231156,0.12236913293745588,0.09370246627078924,0.14468303642527242,0.08913793142675128,0.08876935590289627
287,287.0,287.3,0.09321080368906454,0.17595718050065876,0.18940250329380762,0.12238076416337285,0.10280500658761527,0.14348221343873516,0.08846772068511197,0.0842938076416337
288,288.0,288.3,0.09304413702239787,0.17412384716732543,0.18890250329380762,0.12588076416337285,0.10230500658761525,0.1433155467720685,0.08830105401844532,0.08412714097496705
289,289.0,289.3,0.09152898550724636,0.1726086956521739,0.19014492753623186,0.1251231884057971,0.10912318840579709,0.14055797101449274,0.08754347826086954,0.08336956521739129
290,290.0,290.3,0.09179838022165386,0.17639556692242112,0.19009036658141515,0.12212745098039215,0.1094317988064791,0.13670460358056263,0.08977365728900252,0.08367817561807331
291,291.0,291.3,0.09179838022165386,0.17639556692242112,0.19009036658141515,0.12212745098039215,0.1094317988064791,0.13670460358056263,0.08977365728900252,0.08367817561807331
292,292.0,292.3,0.091617220801364,0.1785694799658994,0.1915076726342711,0.12158397271952257,0.10925063938618924,0.13438150042625746,0.08959249786871268,0.08349701619778345
293,293.0,293.3,0.09225791855203617,0.17562895927601807,0.19385897435897434,0.12253092006033181,0.1054917043740573,0.13532352941176468,0.08937707390648564,0.0855309200603318
294,294.0,294.3,0.09214847942754917,0.1754075730471079,0.19478920691711385,0.12238044126416217,0.10139594514013117,0.13510465116279066,0.08922659511031601,0.08954710793082883
295,295.0,295.3,0.09172104332449157,0.1766702033598585,0.19758709106984967,0.1211180371352785,0.10082802829354551,0.13440362511052165,0.08875906277630412,0.08891290893015028
296,296.0,296.3,0.09146270396270394,0.1749125874125874,0.20058275058275052,0.12051282051282049,0.10058275058275057,0.13502331002330997,0.08846153846153842,0.08846153846153844
297,297.0,297.3,0.0912532184591008,0.17523519508813623,0.20057437116260646,0.11955337690631807,0.10019310754604871,0.13682907506436914,0.08828976034858385,0.08807189542483658
298,298.0,298.3,0.09256068006068004,0.16934130684130683,0.19980389980389976,0.11974414474414474,0.10216357716357716,0.13892496392496392,0.08880193880193879,0.08865948865948864
299,299.0,299.3,0.09236495841082695,0.167457731730666,0.2002327000212491,0.12266352529852856,0.10188098727461119,0.13833011310239676,0.08856993268183896,0.0885000514798823
300,300.0,300.3,0.09056283811901787,0.16821057012068247,0.19966916354556802,0.11745214315439031,0.09925405742821472,0.13790990428630875,0.09578547648772365,0.09115584685809403
301,301.0,301.3,0.09032303610502232,0.16826092000974202,0.2022566358104596,0.1166499584812379,0.09890672853249872,0.13740555200776292,0.0955456744737281,0.0906514945795482
302,302.0,302.3,0.091793216138189,0.18533905067588713,0.17783207423003042,0.13013954754438092,0.09963507647302686,0.12260378559656937,0.09701585450689479,0.09564139483502132
303,303.0,303.3,0.09117726736552259,0.18410150657765662,0.1773852943749064,0.1304234991917841,0.09888949012968515,0.1269221725910299,0.09643484633520671,0.09466592343420835
304,304.0,304.3,0.09048331745912389,0.18157134830521926,0.1799507795072311,0.13520642738384675,0.09824296521877166,0.12512225229967164,0.09566850264430908,0.09375440718182652
305,305.0,305.3,0.08995065023528019,0.18625603997520504,0.18007042293569805,0.13282035485071536,0.09775617804080801,0.12486203865710506,0.0950655353501653,0.09321877995502283
306,306.0,306.3,0.0897607172239525,0.18648406740318504,0.17899659164365045,0.13207230269730266,0.0974771184697655,0.12759549274255155,0.0948756023388376,0.09273810748075452
307,307.0,307.3,0.08925432960759046,0.18637765917657217,0.17820269102877798,0.1351035709459622,0.09689864181712006,0.12771787391352604,0.09433338099098967,0.09211185251946119
308,308.0,308.3,0.08892183085731468,0.18365778486746226,0.17589274524758394,0.13424993465316043,0.09653093322448159,0.13145237379108346,0.09393335159464189,0.09536104576427154
309,309.0,309.3,0.08837371932194407,0.1879149660134114,0.17445620734435696,0.13248695740050062,0.09591918564400612,0.13305926646698002,0.09335092296936046,0.09443877483944012
310,310.0,310.3,0.088128976286871,0.18829814921920182,0.17705320994794677,0.1317336610757663,0.09561451706188545,0.13225997686524,0.09307258530942739,0.09383892423366105
311,311.0,311.3,0.08789441552599445,0.18587393965683435,0.17850415301073194,0.13379341783947046,0.09532344483002374,0.13149701176016962,0.0938467964783754,0.09326682089839984
312,312.0,312.3,0.0887002550689474,0.18357319075170403,0.18258170449163394,0.13303299990766076,0.09504499280543771,0.13076768211331422,0.09357875285981632,0.09272042200148546
313,313.0,313.3,0.09110505760514928,0.1838256439141273,0.18137586327115024,0.13332727926758733,0.09477828012808755,0.13006957053582763,0.09332041743329106,0.09219788784477945
314,314.0,314.3,0.0918293694609484,0.18406775972565445,0.18278841041998933,0.13262271354376615,0.09452250965408858,0.12940049716365504,0.09307118320276213,0.09169755682913576
315,315.0,315.3,0.0917283593599383,0.1840172546751494,0.18259649122807015,0.13248129940235204,0.09445180258338151,0.12919847696163483,0.09294997108155001,0.09257634470792364
316,316.0,316.3,0.08624473407433282,0.198583134340039,0.182930350438167,0.13465037784865816,0.08130557257576537,0.13408396276296225,0.08744654381574651,0.09475532414432883
317,317.0,317.3,0.08611652894612769,0.19781390357080822,0.18478932479714136,0.13439396759224795,0.0812414700116628,0.13369934737834685,0.08738244125164395,0.09456301645202113
318,318.0,318.3,0.08589750919623304,0.1970336619885438,0.18393416288209763,0.13401416921068812,0.081112546430639,0.13654906635311376,0.08720498340542891,0.09425390053325564
319,319.0,319.3,0.08571870853604599,0.19630546955624356,0.18639687453928938,0.13375055285272003,0.08102314610054548,0.13570396579684502,0.08705292643373139,0.09404835618457909
320,320.0,320.3,0.08518912889779669,0.1992473883691641,0.18425998262682033,0.13152345842690044,0.08060774059314244,0.13917776959663894,0.08652943300629785,0.09346509848323911
321,321.0,321.3,0.08484532541445831,0.1971845674691339,0.1833876379172663,0.1344072800316523,0.08031679123242563,0.14055147341220325,0.08623848364558105,0.09306844087727917
322,322.0,322.3,0.08641108513833409,0.19722152238413762,0.1827663556119385,0.13296603834650816,0.08135204140336134,0.14017664498859433,0.08608010543842234,0.09302620668870351
323,323.0,323.3,0.08617199184995793,0.19819091925024127,0.18296178397873314,0.13251576107508306,0.08120873476805678,0.14042705881688933,0.08582234150030758,0.09270140876073077
324,324.0,324.3,0.08611662086435438,0.19918759699110505,0.18262955806511189,0.13223890614706538,0.08115336378245323,0.14037168783128579,0.08576697051470403,0.09253529580392014
325,325.0,325.3,0.08483344022070863,0.19843295757367493,0.18187491864768177,0.13106143374866272,0.08996690166575855,0.1380944431121806,0.0844309357484367,0.09130496928289596
326,326.0,326.3,0.08438567430277082,0.19751852401262865,0.18054276579884537,0.12887651384887935,0.08942014895773184,0.1422947684019902,0.08401770893480545,0.09294389574234818
327,327.0,327.3,0.08303320078048597,0.19666551957471856,0.1905650914815484,0.12718507111970076,0.08705199300467023,0.1414389051876364,0.08269777101109395,0.09136244784014555
328,328.0,328.3,0.08189464127236126,0.19336512431780156,0.1995407173050003,0.12875182562123785,0.08482318316716474,0.13993802683893197,0.08155921150296921,0.09012726997453291
329,329.0,329.3,0.08023049956784636,0.19338051109266277,0.19787761379487034,0.12868786131163423,0.08483856994202595,0.14328099964982705,0.08163182218904111,0.09007212245209206
330,330.0,330.3,0.0799772977679156,0.20142815261693983,0.19753787686167548,0.1270667121250645,0.07537105995115148,0.14746462720261347,0.08136131336245753,0.08979296011218206
331,331.0,331.3,0.07893467505482975,0.212005753603065,0.19461763448672328,0.12457432737210723,0.07421706475054635,0.14671649728860756,0.0803017011828409,0.08863234626127972
332,332.0,332.3,0.07879222491237961,0.21471230630961768,0.19447518434427316,0.12329227609005596,0.07393216446564606,0.14614669671880698,0.08015925104039076,0.08848989611882958
333,333.0,333.3,0.07879222491237961,0.21379487511695716,0.1861418510109398,0.13162560942338927,0.07393216446564606,0.14706412791146756,0.08015925104039076,0.08848989611882958
334,334.0,334.3,0.08576010412796524,0.21183843705960165,0.18560208496658662,0.13022679417136301,0.07324943740677221,0.14616455347978302,0.07941814199652943,0.08774044679139861
335,335.0,335.3,0.08567820404606516,0.2090028742240388,0.18543009479459643,0.1301121340567029,0.07320848736582217,0.14961436692959645,0.07931986189824933,0.0876339766849285
336,336.0,336.3,0.08567820404606516,0.2090028742240388,0.18543009479459643,0.1301121340567029,0.07320848736582217,0.14961436692959645,0.07931986189824933,0.0876339766849285
337,337.0,337.3,0.08457930294716406,0.21449737971854432,0.18433119369569534,0.12901323295780182,0.07265903681637162,0.1490649163801459,0.07877041134879878,0.08708452613547796
338,338.0,338.3,0.0839643039111124,0.21276130877194702,0.185828205455865,0.12452583925988177,0.07235153729834579,0.15499148493829343,0.07880029374710222,0.08677702661745212
339,339.0,339.3,0.08305840163728559,0.21730835763503364,0.18548531721203337,0.12365622145630173,0.07189858616143238,0.15399426674767902,0.07827477366969536,0.08632407548053872
340,340.0,340.3,0.08298852043532892,0.21727341703405534,0.18450698038463992,0.12362128085532338,0.07186364556045405,0.15528706898387748,0.07816995186676036,0.08628913487956039
341,341.0,341.3,0.08298852043532892,0.21727341703405534,0.18450698038463992,0.12362128085532338,0.07186364556045405,0.15528706898387748,0.07816995186676036,0.08628913487956039
342,342.0,342.3,0.0821613296081381,0.21731436707500534,0.18467897055663013,0.1237359409699835,0.07190459560140408,0.15645005014685864,0.07735914105594954,0.08639560498603048
343,343.0,343.3,0.08208761953442802,0.21727341703405534,0.18540788128554084,0.12362128085532338,0.07186364556045405,0.1561879698847784,0.07726905096585945,0.08628913487956039
344,344.0,344.3,0.08206147918104437,0.21418046928916495,0.18644755003450655,0.12373993558776167,0.07186968023924543,0.15597682309638833,0.07940073613986656,0.08632332643202206
345,345.0,345.3,0.08206147918104437,0.21418046928916495,0.18644755003450655,0.12373993558776167,0.07186968023924543,0.15597682309638833,0.07940073613986656,0.08632332643202206
346,346.0,346.3,0.08206147918104437,0.21635438233264317,0.18644755003450655,0.12156602254428339,0.07186968023924543,0.15597682309638833,0.07940073613986656,0.08632332643202206
347,347.0,347.3,0.08239315466139172,0.21529450314404724,0.18325151573631815,0.11531997314292144,0.07201239124491401,0.15710214937038644,0.08612512262588248,0.08850119007413838
348,348.0,348.3,0.08153190164954868,0.21810099595393712,0.1808586990351696,0.11473420479302829,0.07155960161842513,0.15803711484593835,0.0851787270463741,0.08999875505757857
349,349.0,349.3,0.08062496319849259,0.22006278337160684,0.1801025289995878,0.1148076017193664,0.07156060472236941,0.15852874933757286,0.0851495613260319,0.089163207324972
350,350.0,350.3,0.07978908657480084,0.22239396185824756,0.17773453398453393,0.11416041630327341,0.0711133641490784,0.16006889935461363,0.08420932903075758,0.09053040874469442
351,351.0,351.3,0.0799534669397243,0.2254982602335361,0.17580478173132685,0.11372111470318143,0.0707451750647892,0.16074152640026226,0.08342876500128767,0.09010690992589193
352,352.0,352.3,0.0799534669397243,0.2254982602335361,0.17580478173132685,0.11372111470318143,0.0707451750647892,0.16074152640026226,0.08342876500128767,0.09010690992589193
353,353.0,353.3,0.08486075548629399,0.2235555987016577,0.1753947118411543,0.1152101212327437,0.07069881933807404,0.1564497813169987,0.08311925137983565,0.09071096070324183
354,354.0,354.3,0.08562450846285431,0.2229505616911632,0.17584800676905937,0.11489767611948061,0.07063821795024802,0.1565345827939813,0.08308464231396559,0.09042180389924749
355,355.0,355.3,0.08554823081220594,0.227912422865839,0.17067256817256818,0.11478325964350806,0.07060007912492385,0.15715243176423302,0.0830007368982524,0.09033027071846947
