Total_iterations,Unnamed: 0.1,Intertwine_two,Add_vertex,Delete_vertex,Invert_path_vertices,Insert_inside_vertex,Delete_inside_vertex,Replace_inside_vertex,Donate_between_routes
0,0.0,0.125,0.125,0.125,0.125,0.125,0.125,0.125,0.125
1,1.0,0.125,0.125,0.125,0.125,0.125,0.125,0.125,0.125
2,2.0,0.125,0.125,0.125,0.125,0.125,0.125,0.125,0.125
3,3.0,0.125,0.125,0.125,0.125,0.125,0.125,0.125,0.125
4,4.0,0.125,0.125,0.125,0.125,0.125,0.125,0.125,0.125
5,5.0,0.125,0.125,0.125,0.125,0.125,0.125,0.125,0.125
6,6.0,0.125,0.125,0.125,0.125,0.125,0.125,0.125,0.125
7,7.0,0.125,0.125,0.125,0.125,0.125,0.125,0.125,0.125
8,8.0,0.125,0.125,0.125,0.125,0.125,0.125,0.125,0.125
9,9.0,0.125,0.125,0.125,0.125,0.125,0.125,0.125,0.125
10,10.0,0.125,0.125,0.125,0.125,0.125,0.125,0.125,0.125
11,11.0,0.125,0.125,0.125,0.125,0.125,0.125,0.125,0.125
12,12.0,0.125,0.125,0.125,0.125,0.125,0.125,0.125,0.125
13,13.0,0.125,0.125,0.125,0.125,0.125,0.125,0.125,0.125
14,14.0,0.125,0.125,0.125,0.125,0.125,0.125,0.125,0.125
15,15.0,0.125,0.125,0.125,0.125,0.125,0.125,0.125,0.125
16,16.0,0.125,0.125,0.125,0.125,0.125,0.125,0.125,0.125
17,17.0,0.125,0.125,0.125,0.125,0.125,0.125,0.125,0.125
18,18.0,0.125,0.125,0.125,0.125,0.125,0.125,0.125,0.125
19,19.0,0.125,0.125,0.125,0.125,0.125,0.125,0.125,0.125
20,20.0,0.125,0.125,0.125,0.125,0.125,0.125,0.125,0.125
21,21.0,0.125,0.125,0.125,0.125,0.125,0.125,0.125,0.125
22,22.0,0.125,0.125,0.125,0.125,0.125,0.125,0.125,0.125
23,23.0,0.125,0.125,0.125,0.125,0.125,0.125,0.125,0.125
24,24.0,0.125,0.125,0.125,0.125,0.125,0.125,0.125,0.125
25,25.0,0.125,0.125,0.125,0.125,0.125,0.125,0.125,0.125
26,26.0,0.125,0.125,0.125,0.125,0.125,0.125,0.125,0.125
27,27.0,0.125,0.125,0.125,0.125,0.125,0.125,0.125,0.125
28,28.0,0.125,0.125,0.125,0.125,0.125,0.125,0.125,0.125
29,29.0,0.125,0.125,0.125,0.125,0.125,0.125,0.125,0.125
30,30.0,0.125,0.125,0.125,0.125,0.125,0.125,0.125,0.125
31,31.0,0.125,0.125,0.125,0.125,0.125,0.125,0.125,0.125
32,32.0,0.125,0.125,0.125,0.125,0.125,0.125,0.125,0.125
33,33.0,0.125,0.125,0.125,0.125,0.125,0.125,0.125,0.125
34,34.0,0.125,0.125,0.125,0.125,0.125,0.125,0.125,0.125
35,35.0,0.125,0.125,0.125,0.125,0.125,0.125,0.125,0.125
36,36.0,0.125,0.125,0.125,0.125,0.125,0.125,0.125,0.125
37,37.0,0.125,0.125,0.125,0.125,0.125,0.125,0.125,0.125
38,38.0,0.125,0.125,0.125,0.125,0.125,0.125,0.125,0.125
39,39.0,0.125,0.125,0.125,0.125,0.125,0.125,0.125,0.125
40,40.0,0.125,0.125,0.125,0.125,0.125,0.125,0.125,0.125
41,41.0,0.125,0.125,0.125,0.125,0.125,0.125,0.125,0.125
42,42.0,0.125,0.125,0.125,0.125,0.125,0.125,0.125,0.125
43,43.0,0.125,0.125,0.125,0.125,0.125,0.125,0.125,0.125
44,44.0,0.125,0.125,0.125,0.125,0.125,0.125,0.125,0.125
45,45.0,0.125,0.125,0.125,0.125,0.125,0.125,0.125,0.125
46,46.0,0.125,0.125,0.125,0.125,0.125,0.125,0.125,0.125
47,47.0,0.125,0.125,0.125,0.125,0.125,0.125,0.125,0.125
48,48.0,0.125,0.125,0.125,0.125,0.125,0.125,0.125,0.125
49,49.0,0.125,0.125,0.125,0.125,0.125,0.125,0.125,0.125
50,50.0,0.125,0.125,0.125,0.125,0.125,0.125,0.125,0.125
51,51.0,0.125,0.125,0.125,0.125,0.125,0.125,0.125,0.125
52,52.0,0.125,0.125,0.125,0.125,0.125,0.125,0.125,0.125
53,53.0,0.125,0.125,0.125,0.125,0.125,0.125,0.125,0.125
54,54.0,0.125,0.125,0.125,0.125,0.125,0.125,0.125,0.125
55,55.0,0.125,0.125,0.125,0.125,0.125,0.125,0.125,0.125
56,56.0,0.125,0.125,0.125,0.125,0.125,0.125,0.125,0.125
57,57.0,0.125,0.125,0.125,0.125,0.125,0.125,0.125,0.125
58,58.0,0.125,0.125,0.125,0.125,0.125,0.125,0.125,0.125
59,59.0,0.125,0.125,0.125,0.125,0.125,0.125,0.125,0.125
60,60.0,0.125,0.125,0.125,0.125,0.125,0.125,0.125,0.125
61,61.0,0.125,0.125,0.125,0.125,0.125,0.125,0.125,0.125
62,62.0,0.125,0.125,0.125,0.125,0.125,0.125,0.125,0.125
63,63.0,0.125,0.125,0.125,0.125,0.125,0.125,0.125,0.125
64,64.0,0.125,0.125,0.125,0.125,0.125,0.125,0.125,0.125
65,65.0,0.125,0.125,0.125,0.125,0.125,0.125,0.125,0.125
66,66.0,0.125,0.125,0.125,0.125,0.125,0.125,0.125,0.125
67,67.0,0.125,0.125,0.125,0.125,0.125,0.125,0.125,0.125
68,68.0,0.125,0.125,0.125,0.125,0.125,0.125,0.125,0.125
69,69.0,0.125,0.125,0.125,0.125,0.125,0.125,0.125,0.125
70,70.0,0.125,0.125,0.125,0.125,0.125,0.125,0.125,0.125
71,71.0,0.125,0.125,0.125,0.125,0.125,0.125,0.125,0.125
72,72.0,0.125,0.125,0.125,0.125,0.125,0.125,0.125,0.125
73,73.0,0.125,0.125,0.125,0.125,0.125,0.125,0.125,0.125
74,74.0,0.125,0.125,0.125,0.125,0.125,0.125,0.125,0.125
75,75.0,0.125,0.125,0.125,0.125,0.125,0.125,0.125,0.125
76,76.0,0.125,0.125,0.125,0.125,0.125,0.125,0.125,0.125
77,77.0,0.125,0.125,0.125,0.125,0.125,0.125,0.125,0.125
78,78.0,0.125,0.125,0.125,0.125,0.125,0.125,0.125,0.125
79,79.0,0.125,0.125,0.125,0.125,0.125,0.125,0.125,0.125
80,80.0,0.125,0.125,0.125,0.125,0.125,0.125,0.125,0.125
81,81.0,0.125,0.125,0.125,0.125,0.125,0.125,0.125,0.125
82,82.0,0.125,0.125,0.125,0.125,0.125,0.125,0.125,0.125
83,83.0,0.125,0.125,0.125,0.125,0.125,0.125,0.125,0.125
84,84.0,0.125,0.125,0.125,0.125,0.125,0.125,0.125,0.125
85,85.0,0.125,0.125,0.125,0.125,0.125,0.125,0.125,0.125
86,86.0,0.125,0.125,0.125,0.125,0.125,0.125,0.125,0.125
87,87.0,0.125,0.125,0.125,0.125,0.125,0.125,0.125,0.125
88,88.0,0.125,0.125,0.125,0.125,0.125,0.125,0.125,0.125
89,89.0,0.125,0.125,0.125,0.125,0.125,0.125,0.125,0.125
90,90.0,0.125,0.125,0.125,0.125,0.125,0.125,0.125,0.125
91,91.0,0.125,0.125,0.125,0.125,0.125,0.125,0.125,0.125
92,92.0,0.125,0.125,0.125,0.125,0.125,0.125,0.125,0.125
93,93.0,0.125,0.125,0.125,0.125,0.125,0.125,0.125,0.125
94,94.0,0.125,0.125,0.125,0.125,0.125,0.125,0.125,0.125
95,95.0,0.125,0.125,0.125,0.125,0.125,0.125,0.125,0.125
96,96.0,0.125,0.125,0.125,0.125,0.125,0.125,0.125,0.125
97,97.0,0.125,0.125,0.125,0.125,0.125,0.125,0.125,0.125
98,98.0,0.125,0.125,0.125,0.125,0.125,0.125,0.125,0.125
99,99.0,0.125,0.125,0.125,0.125,0.125,0.125,0.125,0.125
100,100.0,0.125,0.125,0.125,0.125,0.125,0.125,0.125,0.125
101,101.0,0.125,0.125,0.125,0.125,0.125,0.125,0.125,0.125
102,102.0,0.125,0.125,0.125,0.125,0.125,0.125,0.125,0.125
103,103.0,0.125,0.125,0.125,0.125,0.125,0.125,0.125,0.125
104,104.0,0.125,0.125,0.125,0.125,0.125,0.125,0.125,0.125
105,105.0,0.125,0.125,0.125,0.125,0.125,0.125,0.125,0.125
106,106.0,0.125,0.125,0.125,0.125,0.125,0.125,0.125,0.125
107,107.0,0.125,0.125,0.125,0.125,0.125,0.125,0.125,0.125
108,108.0,0.125,0.125,0.125,0.125,0.125,0.125,0.125,0.125
109,109.0,0.125,0.125,0.125,0.125,0.125,0.125,0.125,0.125
110,110.0,0.125,0.125,0.125,0.125,0.125,0.125,0.125,0.125
111,111.0,0.125,0.125,0.125,0.125,0.125,0.125,0.125,0.125
112,112.0,0.125,0.125,0.125,0.125,0.125,0.125,0.125,0.125
113,113.0,0.125,0.125,0.125,0.125,0.125,0.125,0.125,0.125
114,114.0,0.125,0.125,0.125,0.125,0.125,0.125,0.125,0.125
115,115.0,0.125,0.125,0.125,0.125,0.125,0.125,0.125,0.125
116,116.0,0.125,0.125,0.125,0.125,0.125,0.125,0.125,0.125
117,117.0,0.125,0.125,0.125,0.125,0.125,0.125,0.125,0.125
118,118.0,0.125,0.125,0.125,0.125,0.125,0.125,0.125,0.125
119,119.0,0.125,0.125,0.125,0.125,0.125,0.125,0.125,0.125
120,120.0,0.125,0.125,0.125,0.125,0.125,0.125,0.125,0.125
121,121.0,0.125,0.125,0.125,0.125,0.125,0.125,0.125,0.125
122,122.0,0.125,0.125,0.125,0.125,0.125,0.125,0.125,0.125
123,123.0,0.125,0.125,0.125,0.125,0.125,0.125,0.125,0.125
124,124.0,0.125,0.125,0.125,0.125,0.125,0.125,0.125,0.125
125,125.0,0.125,0.125,0.125,0.125,0.125,0.125,0.125,0.125
126,126.0,0.125,0.125,0.125,0.125,0.125,0.125,0.125,0.125
127,127.0,0.125,0.125,0.125,0.125,0.125,0.125,0.125,0.125
128,128.0,0.125,0.125,0.125,0.125,0.125,0.125,0.125,0.125
129,129.0,0.125,0.125,0.125,0.125,0.125,0.125,0.125,0.125
130,130.0,0.125,0.125,0.125,0.125,0.125,0.125,0.125,0.125
131,131.0,0.125,0.125,0.125,0.125,0.125,0.125,0.125,0.125
132,132.0,0.125,0.125,0.125,0.125,0.125,0.125,0.125,0.125
133,133.0,0.125,0.125,0.125,0.125,0.125,0.125,0.125,0.125
134,134.0,0.125,0.125,0.125,0.125,0.125,0.125,0.125,0.125
135,135.0,0.125,0.125,0.125,0.125,0.125,0.125,0.125,0.125
136,136.0,0.125,0.125,0.125,0.125,0.125,0.125,0.125,0.125
137,137.0,0.125,0.125,0.125,0.125,0.125,0.125,0.125,0.125
138,138.0,0.125,0.125,0.125,0.125,0.125,0.125,0.125,0.125
139,139.0,0.125,0.125,0.125,0.125,0.125,0.125,0.125,0.125
140,140.0,0.125,0.125,0.125,0.125,0.125,0.125,0.125,0.125
141,141.0,0.125,0.125,0.125,0.125,0.125,0.125,0.125,0.125
142,142.0,0.125,0.125,0.125,0.125,0.125,0.125,0.125,0.125
143,143.0,0.125,0.125,0.125,0.125,0.125,0.125,0.125,0.125
144,144.0,0.125,0.125,0.125,0.125,0.125,0.125,0.125,0.125
145,145.0,0.125,0.125,0.125,0.125,0.125,0.125,0.125,0.125
146,146.0,0.125,0.125,0.125,0.125,0.125,0.125,0.125,0.125
147,147.0,0.125,0.125,0.125,0.125,0.125,0.125,0.125,0.125
148,148.0,0.125,0.125,0.125,0.125,0.125,0.125,0.125,0.125
149,149.0,0.125,0.125,0.125,0.125,0.125,0.125,0.125,0.125
150,150.0,0.125,0.125,0.125,0.125,0.125,0.125,0.125,0.125
151,151.0,0.125,0.125,0.125,0.125,0.125,0.125,0.125,0.125
152,152.0,0.125,0.125,0.125,0.125,0.125,0.125,0.125,0.125
153,153.0,0.125,0.125,0.125,0.125,0.125,0.125,0.125,0.125
154,154.0,0.125,0.125,0.125,0.125,0.125,0.125,0.125,0.125
155,155.0,0.125,0.125,0.125,0.125,0.125,0.125,0.125,0.125
156,156.0,0.125,0.125,0.125,0.125,0.125,0.125,0.125,0.125
157,157.0,0.125,0.125,0.125,0.125,0.125,0.125,0.125,0.125
158,158.0,0.125,0.125,0.125,0.125,0.125,0.125,0.125,0.125
159,159.0,0.125,0.125,0.125,0.125,0.125,0.125,0.125,0.125
160,160.0,0.125,0.125,0.125,0.125,0.125,0.125,0.125,0.125
161,161.0,0.125,0.125,0.125,0.125,0.125,0.125,0.125,0.125
162,162.0,0.125,0.125,0.125,0.125,0.125,0.125,0.125,0.125
163,163.0,0.125,0.125,0.125,0.125,0.125,0.125,0.125,0.125
164,164.0,0.125,0.125,0.125,0.125,0.125,0.125,0.125,0.125
165,165.0,0.125,0.125,0.125,0.125,0.125,0.125,0.125,0.125
166,166.0,0.125,0.125,0.125,0.125,0.125,0.125,0.125,0.125
167,167.0,0.125,0.125,0.125,0.125,0.125,0.125,0.125,0.125
168,168.0,0.125,0.125,0.125,0.125,0.125,0.125,0.125,0.125
169,169.0,0.125,0.125,0.125,0.125,0.125,0.125,0.125,0.125
170,170.0,0.125,0.125,0.125,0.125,0.125,0.125,0.125,0.125
171,171.0,0.125,0.125,0.125,0.125,0.125,0.125,0.125,0.125
172,172.0,0.125,0.125,0.125,0.125,0.125,0.125,0.125,0.125
173,173.0,0.125,0.125,0.125,0.125,0.125,0.125,0.125,0.125
174,174.0,0.125,0.125,0.125,0.125,0.125,0.125,0.125,0.125
175,175.0,0.125,0.125,0.125,0.125,0.125,0.125,0.125,0.125
176,176.0,0.125,0.125,0.125,0.125,0.125,0.125,0.125,0.125
177,177.0,0.125,0.125,0.125,0.125,0.125,0.125,0.125,0.125
178,178.0,0.125,0.125,0.125,0.125,0.125,0.125,0.125,0.125
179,179.0,0.125,0.125,0.125,0.125,0.125,0.125,0.125,0.125
180,180.0,0.125,0.125,0.125,0.125,0.125,0.125,0.125,0.125
181,181.0,0.125,0.125,0.125,0.125,0.125,0.125,0.125,0.125
182,182.0,0.125,0.125,0.125,0.125,0.125,0.125,0.125,0.125
183,183.0,0.125,0.125,0.125,0.125,0.125,0.125,0.125,0.125
184,184.0,0.125,0.125,0.125,0.125,0.125,0.125,0.125,0.125
185,185.0,0.125,0.125,0.125,0.125,0.125,0.125,0.125,0.125
186,186.0,0.125,0.125,0.125,0.125,0.125,0.125,0.125,0.125
187,187.0,0.125,0.125,0.125,0.125,0.125,0.125,0.125,0.125
188,188.0,0.125,0.125,0.125,0.125,0.125,0.125,0.125,0.125
189,189.0,0.125,0.125,0.125,0.125,0.125,0.125,0.125,0.125
190,190.0,0.125,0.125,0.125,0.125,0.125,0.125,0.125,0.125
191,191.0,0.125,0.125,0.125,0.125,0.125,0.125,0.125,0.125
192,192.0,0.125,0.125,0.125,0.125,0.125,0.125,0.125,0.125
193,193.0,0.125,0.125,0.125,0.125,0.125,0.125,0.125,0.125
194,194.0,0.125,0.125,0.125,0.125,0.125,0.125,0.125,0.125
195,195.0,0.125,0.125,0.125,0.125,0.125,0.125,0.125,0.125
196,196.0,0.125,0.125,0.125,0.125,0.125,0.125,0.125,0.125
197,197.0,0.125,0.125,0.125,0.125,0.125,0.125,0.125,0.125
198,198.0,0.125,0.125,0.125,0.125,0.125,0.125,0.125,0.125
199,199.0,0.1248611111111111,0.1248611111111111,0.1248611111111111,0.1259722222222222,0.1248611111111111,0.1248611111111111,0.1248611111111111,0.1248611111111111
200,200.0,0.1246125,0.1246125,0.1246125,0.1267125,0.1246125,0.1256125,0.1246125,0.1246125
201,201.0,0.1242287361111111,0.1242287361111111,0.1242287361111111,0.1272977361111111,0.1242287361111111,0.1262187361111111,0.1242287361111111,0.1253398472222222
202,202.0,0.123761263270202,0.123761263270202,0.123761263270202,0.1285898550883838,0.123761263270202,0.1266314541792929,0.123761263270202,0.1259723743813131
203,203.0,0.1231660563938131,0.1231660563938131,0.1231660563938131,0.1297118131119949,0.1231660563938131,0.1280017374140151,0.1231660563938131,0.1264561675049242
204,204.0,0.1223646187320341,0.1223646187320341,0.1223646187320341,0.1305721844748523,0.1223646187320341,0.1310117931329432,0.1223646187320341,0.1265929287320341
205,205.0,0.1214946786491126,0.1214946786491126,0.1214946786491126,0.1312976150384935,0.1214946786491126,0.1346039071668308,0.1214946786491126,0.1266250845491126
206,206.0,0.1204389575051639,0.1204389575051639,0.121550068616275,0.1317615162943756,0.1204389575051639,0.13850263941253,0.1204389575051639,0.1264299456561639
207,207.0,0.1202329037490432,0.1200662370823766,0.1223329037490432,0.1318402001405136,0.1192329037490432,0.1410234417365037,0.1192329037490432,0.1260385060444332
208,208.0,0.1199708839068018,0.1196392172401351,0.1229489748158927,0.1317850378430569,0.1179808839068018,0.1433243536531393,0.1179808839068018,0.1263697647273707
209,209.0,0.1194970122213715,0.1190944046456139,0.1250048348087841,0.1307034388328128,0.1166268213122806,0.1450747513544004,0.1174601546456139,0.126538582179123
210,210.0,0.118907026113739,0.118512779613739,0.1268195126687507,0.1294184490182486,0.1152582137804057,0.1474400377626674,0.1170207137804057,0.1266232672620441
211,211.0,0.1183168015809264,0.1178950322947057,0.1291675617640157,0.128882607250578,0.1138813945363723,0.1486788279018622,0.1165551956532109,0.1266225790183289
212,212.0,0.1177664637591542,0.1173202426362567,0.132233762418241,0.1283446808937796,0.1125802431896734,0.1489991352817983,0.116141119912182,0.1266143519089149
213,213.0,0.1170835346815434,0.116606712585768,0.1349394469927978,0.1275630049230814,0.1112411568449947,0.149777150892148,0.1155943328929626,0.1271946601867042
214,214.0,0.1164446961710473,0.1159402866477836,0.137549104755402,0.1275615293013386,0.109988462722724,0.1496543786988213,0.1150984087583992,0.1277631329444842
215,215.0,0.1157969825011143,0.1152679736154878,0.1398814066447875,0.1274600509476753,0.1087711034868981,0.1492495977315917,0.1153125611207123,0.1282603239517332
216,216.0,0.115054351730981,0.1153205285520779,0.1417557835444006,0.1272256288748642,0.1075519316954431,0.1485053130877782,0.1153248129677635,0.1292616495466916
217,217.0,0.114807348251995,0.1151701772065376,0.1437776724626109,0.12742692365357,0.1062907562192726,0.1473589802525396,0.1151544992318756,0.1300136427215988
218,218.0,0.1145348005075173,0.1150253006630046,0.1454777303284151,0.128187815744584,0.1050920750251878,0.1460751390605071,0.1149842654522699,0.1306228732185143
219,219.0,0.1142428053950059,0.1148872087034455,0.1474981821520562,0.128883053489229,0.1039620339936532,0.1452367513083002,0.114191214467846,0.1310987504904641
220,220.0,0.1139539512787817,0.1148109201727093,0.1497862191603963,0.1305299736210881,0.1029593859023798,0.1448476100280041,0.1134256101866985,0.1296863296499422
221,221.0,0.1135788325500853,0.1147754060602275,0.1523831327231907,0.1320183782593918,0.1020658063852607,0.1444488104801041,0.112680451120268,0.1280491824214719
222,222.0,0.113121350822605,0.1147018283161488,0.1544966475826369,0.1338752366547906,0.1012042086309009,0.1443212106529337,0.11198738274859,0.1262921345913939
223,223.0,0.1125497127138505,0.1145264403709036,0.1561131917120278,0.1363188894711238,0.1003117217303981,0.1444679576310921,0.1111839159899204,0.1245281703806837
224,224.0,0.1118034642325558,0.1149456211887683,0.1570991573035671,0.138155799799424,0.1004895654368407,0.1446904423264657,0.1102373225480843,0.1225786271642939
225,225.0,0.1118094103526694,0.1152571273466585,0.1577944724918545,0.1397190819760209,0.1006901503636919,0.1448329453744586,0.1092826031370389,0.1206142089576071
226,226.0,0.1117044766150539,0.1161667464471278,0.1580968735409568,0.1409854177092705,0.1008686537490995,0.1452727525300414,0.1083112197789178,0.1185938596295321
227,227.0,0.1110910434331013,0.116857881194724,0.1582822215938951,0.1425877224020591,0.1017567674446226,0.1452892551244192,0.1074034837709409,0.1167316250362376
228,228.0,0.1104227322946505,0.1180345488196246,0.1583458127505615,0.1439549229941756,0.1025998579224514,0.1452332771542881,0.1065054067072456,0.1149034413570024
229,229.0,0.109685256941416,0.1190302391317699,0.1585356773438385,0.1456574383229906,0.1033675394342571,0.1450271119536587,0.1056195068401436,0.1130772300319254
230,230.0,0.1089193825698178,0.1209625846999808,0.1585582887505246,0.1466621343553669,0.1040861500829334,0.1447085313150596,0.1048061361435619,0.1112967920827548
231,231.0,0.1081616891732792,0.1227301795285657,0.1584430124201082,0.1480162825168547,0.1047378255295107,0.1442998259170715,0.104022856432227,0.1095883284823828
232,232.0,0.1069008800327042,0.1249998782987568,0.1582422898896036,0.149258896112928,0.1053977425397332,0.1438890952896133,0.1033119914047275,0.1079992264319333
233,233.0,0.105699874813902,0.1271987736286917,0.1579666730043248,0.1503887024641675,0.1060584777871341,0.1434806492619065,0.1026734082429548,0.1065334407969185
234,234.0,0.1045354634108016,0.129662834102079,0.1575679278364382,0.1519137251672167,0.1060298625633578,0.1430491040681711,0.1020770248258721,0.1051640580260633
235,235.0,0.103278578825094,0.1323952106892694,0.157246788595869,0.1532858261961046,0.1059129493157134,0.1428440864477367,0.1014823807095423,0.1035541792206705
236,236.0,0.1020618361050581,0.1349905442641791,0.1567351564301249,0.1545028612133893,0.1057564753929005,0.1429760637528151,0.1009388005468259,0.1020382622947068
237,237.0,0.1008758718736961,0.1376859728468802,0.1565347495304757,0.1554265897020514,0.1055246354602237,0.1429611499857569,0.1003864769890578,0.1006045536118581
238,238.0,0.0997291261609547,0.1399923339722519,0.1565583724285998,0.1565520537655415,0.1052646050921587,0.1428133403748138,0.0998313405345379,0.0992588276711416
239,239.0,0.0986382020425348,0.1420004396387803,0.1567286421319247,0.1579192203385155,0.1049952300568676,0.1424958656237385,0.0993116695447244,0.0979107306229141
240,240.0,0.0976370930586146,0.143848925994442,0.1568724541748232,0.1591682646120716,0.1047317236237464,0.1421892113120868,0.0988560169426346,0.0966963102815806
241,241.0,0.0967268287855833,0.1459898155613125,0.1569910162029088,0.1593894174643254,0.1049306794514549,0.1418953619390327,0.0984625374155172,0.0956143431798651
242,242.0,0.0958876645492325,0.1483586251305073,0.1569868533681331,0.159422386943667,0.1050952451548423,0.1415171612751981,0.0980894227594465,0.0946426408189731
243,243.0,0.0951386685495225,0.1504444477286317,0.1569612125914541,0.1593568079376537,0.1052627872118367,0.1411557592626233,0.0978826364085821,0.093797680309696
244,244.0,0.0944468633724016,0.1521444025211886,0.1569681364785008,0.1591322148427967,0.1057939701626652,0.1407781331945632,0.0976936616767568,0.0930426177511269
245,245.0,0.0939310391970141,0.1546495522512735,0.1570471104750112,0.1579377764739476,0.1064100299661799,0.1398854286271031,0.0976444059326496,0.0924946570768207
246,246.0,0.0934688440500841,0.1567789428091412,0.1570563922582032,0.1567265892934319,0.1069309144951364,0.1389872366320103,0.0976069021080851,0.0924441783539076
247,247.0,0.0930218507407487,0.1583640224418285,0.1569699572367365,0.1556354273533455,0.1073231887483904,0.139125156837271,0.0975467818606576,0.0920136147810215
248,248.0,0.0925630456483785,0.1600539025810579,0.1566448165328666,0.1542606539615006,0.1075800584102469,0.1398548764764751,0.097452329280549,0.0915903171089253
249,249.0,0.0921150285353251,0.1621832656722584,0.1562296939212241,0.1526610980104436,0.10771316322048,0.1405920659951649,0.097326427222792,0.0911792574223116
250,250.0,0.0917045081717979,0.1639307631132973,0.1563344614778181,0.1509392355800203,0.1077963253903678,0.1412734295909003,0.0972008184077227,0.0908204582680753
251,251.0,0.0913320120851035,0.165844454275998,0.1563770147428014,0.1487405885523522,0.1078338795608698,0.1422826956018828,0.0970769015978472,0.0905124535831449
252,252.0,0.0909944160024672,0.1679347284277521,0.1567427401602487,0.1461514133908292,0.1077786810833466,0.1431467896722101,0.0969714242523462,0.0902798070107995
253,253.0,0.090667767669934,0.1701097697782414,0.1572654213530057,0.1435195319755803,0.1076734012970509,0.143827923656933,0.0968561346292852,0.0900800496399691
254,254.0,0.0903748463491849,0.1720817978279135,0.1579735612189703,0.1409608375228136,0.1075451191931203,0.144376744786341,0.0967541849150483,0.0899329081866077
255,255.0,0.0901488150699041,0.1737641017124515,0.1586824950386365,0.1385172649576182,0.1074199405981703,0.1450242913529315,0.0965848321199757,0.0898582591503119
256,256.0,0.0899635109837941,0.1753557445592374,0.1593502794273279,0.1361778302442511,0.1072770727903088,0.1456258694310541,0.0964240003569262,0.0898256922071001
257,257.0,0.0898311959464699,0.1765216101542102,0.1600036757849229,0.1340006744013723,0.1072856119070253,0.1462094746975734,0.0962866564500052,0.0898611006584204
258,258.0,0.0897441264370382,0.1775083725842603,0.1606260220631956,0.1319608888650269,0.107290288794663,0.1467584936544793,0.0961710808025182,0.0899407267988181
259,259.0,0.0896986485978041,0.1787240745415793,0.1608693722210887,0.1300651344599251,0.1072914429072533,0.147215722329371,0.0960762523449968,0.0900593525979812
260,260.0,0.0897332869256972,0.1794578229749067,0.1621010264520196,0.1285673409293375,0.1074083555109103,0.1468465670639008,0.0956199851727547,0.0902656149704726
261,261.0,0.0897409779081863,0.1801917465029665,0.1634532766328678,0.127066107710445,0.1074013249563995,0.1465755683963798,0.0951359925248587,0.0904350053678959
262,262.0,0.0897371626220037,0.1811999965771096,0.1652385213420719,0.1251408700629428,0.1073373643542282,0.1461043819730142,0.0946451133531762,0.0905965897154531
263,263.0,0.0897408926817993,0.1820249945413215,0.1668014721885654,0.1232897955099063,0.1072313142430905,0.1459914724503066,0.0941617353560788,0.0907583230289312
264,264.0,0.0897656080350875,0.1828875344371286,0.1684922453164971,0.1216318088816628,0.1067760859620931,0.1457754145181046,0.0937136436757585,0.0909576591736675
265,265.0,0.0897573073507128,0.183207627296495,0.1705710332858849,0.1200111639506893,0.1062475761991495,0.1458464190230181,0.0932505248777663,0.0911083480162837
266,266.0,0.0897321751248218,0.1836340481146576,0.1726660960191532,0.1184806425080288,0.1056992723642828,0.145755295741781,0.0927916947183561,0.0912407754089183
267,267.0,0.0896910694876079,0.1837388123073321,0.1747609193401284,0.1174618424609246,0.1051379340395434,0.1455140722335376,0.0923406097717731,0.0913547403591527
268,268.0,0.0896349072170056,0.1835486877375294,0.176805635417017,0.1169554440054345,0.1045697510879608,0.145135072645538,0.0919002793969951,0.0914502224925192
269,269.0,0.0895800443615066,0.1832597089084187,0.1785893554045281,0.1165836110003494,0.1040157341829584,0.1446769527750945,0.0917518337165498,0.0915427596505943
270,270.0,0.0895262066074625,0.1828843045338754,0.1803701684615511,0.116336258730333,0.103044877779886,0.14458317695404,0.0916236324738719,0.09163137445898
271,271.0,0.089299644358609,0.1823616593363447,0.1823208887487909,0.1162539717346114,0.1021504378304403,0.1444926372666711,0.0914645187398286,0.0916562419847038
272,272.0,0.0890477270525882,0.1817323894763573,0.1842713742589041,0.1161712124557288,0.1012563269568853,0.1445839415275956,0.0912908345664161,0.0916461937055245
273,273.0,0.0887997750194575,0.1810532645019719,0.1861909371733649,0.1161818831892597,0.1003992634435328,0.1446089803781043,0.0911343395383641,0.0916315567559447
274,274.0,0.088557250016811,0.180335750556648,0.1878371283375412,0.1162762236089033,0.0995838025717719,0.1448029606975792,0.0909942584559689,0.0916126257547763
275,275.0,0.088321430544511,0.1795905596533749,0.1894414512238202,0.1164446213182941,0.0988136366626034,0.1449288365153912,0.0908697466883731,0.091589717393632
276,276.0,0.0880934169762168,0.1788276177629656,0.1909982157454345,0.1166776929773489,0.098091644244845,0.1449883422813392,0.0907599051537436,0.0915631648581062
277,277.0,0.0878837997663016,0.1780608748575834,0.19240115554818,0.1169711859290562,0.0974247733480788,0.145046610852041,0.0906734561532209,0.0915381435455378
278,278.0,0.0876928354510267,0.1772983784677793,0.193651623705916,0.1173161231146336,0.0968141805291733,0.1451031832613143,0.0906089249233997,0.0915147505467568
279,279.0,0.087510906548332,0.1765424979880192,0.1946364206725808,0.1176990798209641,0.096255512990657,0.1453122527731898,0.0905551031637591,0.0914882260424977
280,280.0,0.0873383737643583,0.1757998531112823,0.1953656050980772,0.1181121470080949,0.0957488873590621,0.1456653596483385,0.0905109031032494,0.0914588709075371
281,281.0,0.0871754831912681,0.1750762769141309,0.1960593042399391,0.1185479131441722,0.0952938958881099,0.1459448697292301,0.0904752649487575,0.0914269919443919
282,282.0,0.0870308782371083,0.1743810876522802,0.1966223743159623,0.1190037400346425,0.0948939144381477,0.1462151880200135,0.0904556676146308,0.0913971496872144
283,283.0,0.0869041763895274,0.1737183985248186,0.1970622475319706,0.119473063335162,0.0945474418215761,0.1464745305167915,0.090450702992174,0.0913694388879794
284,284.0,0.087758573177205,0.1729484458200127,0.1973457450685626,0.1198066995821514,0.0941094512916528,0.1465187369749039,0.0903115651661953,0.091200782919316
285,285.0,0.0886200678299629,0.1722184819532573,0.1975226593142324,0.120143707649106,0.0937223010756242,0.1465512768928199,0.0901857158965312,0.0910357893884659
286,286.0,0.0892571133925434,0.1724206965683037,0.1974907683445045,0.1203692691622486,0.0932736675331501,0.1464618804142688,0.0899619737091356,0.090764630875845
287,287.0,0.0897278541532653,0.1724418985742986,0.1974703938968811,0.1205934362844207,0.0937844393639825,0.1462435528450291,0.0896853442434918,0.0900530806386306
288,288.0,0.0901696836666064,0.1723127998656244,0.1973213779879892,0.1211630599731651,0.0942843396839679,0.1460027779719838,0.089407534822162,0.0893384260285009
289,289.0,0.0904445596106561,0.1720632063493195,0.1972273173472872,0.1216471407591796,0.0954962748228095,0.1454834506984863,0.0890706839591704,0.0885673664530913
290,290.0,0.0907297316907075,0.1722227142046983,0.1970663827770632,0.1218180002005184,0.0967541466236649,0.1445814646121056,0.0889752640283082,0.0878522958629338
291,291.0,0.0909970730480632,0.1724079998017165,0.196851781501905,0.121974868205522,0.098013007766263,0.1436909085240476,0.0888973700231392,0.0871669911293435
292,292.0,0.0912275773993902,0.1728320238145877,0.1967327568103434,0.1220632274116869,0.0992420547629744,0.1425872346799299,0.0888179123491167,0.0864972127719705
293,293.0,0.0915029975246715,0.1729769679186967,0.1968085139186476,0.1222326528843947,0.1000723894050337,0.1416060737762381,0.0887326039014698,0.0860678006708478
294,294.0,0.0917474809352497,0.1731117989030771,0.1969402231763385,0.1223730706019741,0.1004643078091846,0.1406383156943733,0.0886472231190207,0.0860775797607819
295,295.0,0.0919287823793872,0.1733823675617348,0.1973170397609417,0.122373279841529,0.1007695590615714,0.1396418941701522,0.0885294209013283,0.0860576563233552
296,296.0,0.0920640423523833,0.1734829961177809,0.1979584411514637,0.1223003940678202,0.1010203421099597,0.1387547005990358,0.0883959428926784,0.0860231407088779
297,297.0,0.0921588143938226,0.1736201184987252,0.198561107555232,0.122120976775282,0.1012027066345669,0.1380994889833797,0.0882592908292865,0.0859774963297048
298,298.0,0.0923657994319288,0.1731702905827864,0.1990465928188266,0.1219529019970906,0.1015537856775811,0.1377066832761586,0.0881878265127624,0.0860161197028655
299,299.0,0.0925344626075265,0.1725387981099625,0.1995339826476473,0.1220714851796273,0.1018475957422571,0.1373058558638909,0.0881064491387724,0.0860613707103158
300,300.0,0.0925043523944165,0.1719949280596297,0.1999232670197539,0.1216629922306856,0.1018496657311495,0.1369133328836262,0.0887593987182005,0.0863920629625378
301,301.0,0.092433857858464,0.1714726364238467,0.2005298291463972,0.1211730216185598,0.1017908397485517,0.1365195926875603,0.0893933339159815,0.0866868886006387
302,302.0,0.092496322561889,0.1726782698541154,0.1986505469689738,0.1220357763425876,0.101781890046106,0.1346939094631836,0.0901724170028786,0.0874908677602658
303,303.0,0.0924839148534679,0.173766193339752,0.1967063302963909,0.122921688470971,0.1016778085438399,0.1333617320220245,0.0908839253389573,0.0881984071345965
304,304.0,0.0923902864503695,0.1745956617819601,0.1950198734450839,0.1242723203129304,0.1014915995165675,0.1319183847015355,0.0915031576823008,0.0888087161092521
305,305.0,0.0922336844752842,0.1758804094121786,0.1933633356823758,0.1253586227880898,0.101242846331248,0.1305253894248201,0.0920418235115157,0.0893538883744875
306,306.0,0.0920509190541746,0.1771632413278036,0.1916321394392669,0.1263361071210184,0.1009561958244518,0.1294884055766438,0.0925378665750629,0.0898351250815778
307,307.0,0.0918128893952375,0.1784003574899586,0.1898683172810256,0.1275763318012828,0.1006055719295238,0.1285484291020416,0.0929534605551083,0.0902346424458216
308,308.0,0.0915398272292901,0.1793215476218532,0.1879332264979664,0.1286824427756875,0.1002161702637007,0.1280675947107702,0.0933012914018732,0.0909378994988584
309,309.0,0.0912130801626806,0.1806196992276094,0.1859275861903867,0.1295573198461604,0.0997676816360202,0.1278293808170188,0.0935624169033611,0.0915228352167625
310,310.0,0.0908661398908174,0.181899306661227,0.1842674963854637,0.130298675952656,0.0992950900529756,0.1275873582089681,0.0937674811493669,0.0920184516985251
311,311.0,0.0905030659340134,0.1828725208208258,0.1828463670029363,0.1311862219761035,0.0988038446751383,0.1273399675377782,0.0940225111292676,0.0924255009239367
312,312.0,0.0902307968231048,0.1835483528623119,0.1819316835668298,0.1319350435626591,0.098299074634175,0.1270859534112456,0.0942234766028133,0.0927456185368603
313,313.0,0.0902109294593658,0.1841820953947855,0.1809943845615336,0.1326493904900017,0.0977855695112857,0.1268243468266383,0.094372064748922,0.0929812190074672
314,314.0,0.0902744212990384,0.1847731107403579,0.1802958849587471,0.1332286250400038,0.0972677649594534,0.1265544458003664,0.0944703541842106,0.0931353930178221
315,315.0,0.0903370124262619,0.1852929205361756,0.1796729686516597,0.1337297356059019,0.09676721760268,0.1263197933701525,0.0945327017540347,0.0933476500531335
316,316.0,0.0898588953815392,0.1872045806602902,0.1791749651220549,0.1343851585978053,0.0949789478306293,0.1266259415990075,0.0940226445335711,0.0937488662751022
317,317.0,0.0893796279153962,0.1889619372318677,0.1789502132344691,0.1349520504573859,0.0932263610268248,0.1269375936781551,0.0934914217715654,0.0941007946843355
318,318.0,0.0888937542311853,0.1905540536514504,0.1787208114597643,0.135418692464201,0.0915162916351467,0.1275706699838666,0.0929344856959396,0.0943912408784458
319,319.0,0.0884086253990273,0.1919789352692158,0.1788127545424724,0.1357982634020027,0.0898642516975821,0.1281457125670725,0.0923607425078015,0.0946307146148254
320,320.0,0.0878921523176304,0.193598785949367,0.178757655325631,0.1358966906979495,0.0882474641470632,0.1290862138042349,0.0917389461349931,0.0947820916231307
321,321.0,0.087365915961841,0.194906855495698,0.1786758548325303,0.1362299251020662,0.0866868631799853,0.1301709508571615,0.0910981393321069,0.0948654952386105
322,322.0,0.0870236733085443,0.1961105906986306,0.1785872239890542,0.1363674854465528,0.0853221466072332,0.131213536587985,0.0904569788319283,0.0949183645300715
323,323.0,0.0866856197100375,0.1973020013847355,0.178568790382834,0.1364122475584477,0.0840398699761871,0.1322665362125618,0.0898103892540209,0.0949145455211754
324,324.0,0.0863706980942203,0.1984828279549712,0.1785629074818326,0.1363858831015177,0.082851972557604,0.1332903040021638,0.0891830410578068,0.0948723657498834
325,325.0,0.0859564098033215,0.1994771556168017,0.1785228154350212,0.1362029380808959,0.0826472325814582,0.1340547843791863,0.0884506634991564,0.0946880006041585
326,326.0,0.0855275440538927,0.2002701651759133,0.1783870383401339,0.1357683805290357,0.0824814880229673,0.1352032458348175,0.0877100037375007,0.0946521343057388
327,327.0,0.0849948988296671,0.2008710569236899,0.1792886287975928,0.135139215792642,0.082164888934367,0.1362221900491219,0.0868744932116124,0.0944446274613068
328,328.0,0.0843820451965598,0.2010397645975074,0.1811103874184905,0.134650101533312,0.0817059398115792,0.1370413191585105,0.0859669105654953,0.0941035317185452
329,329.0,0.0836391887170697,0.2011163937786322,0.1827679631251506,0.1341445195098339,0.0813255967121122,0.138141799714854,0.0851132702619719,0.0937512681803755
330,330.0,0.0829112108140433,0.2019127653672125,0.1843769040745224,0.1334728141880647,0.0800716666558035,0.1396019869701915,0.0842831286254131,0.0933695233047489
331,331.0,0.0821224292995497,0.2036824137680446,0.1856645364193332,0.1325549799025466,0.0787807240180187,0.1409199689109189,0.083400821781919,0.0928741258996691
332,332.0,0.0813664033798133,0.205628985997799,0.1868986914960919,0.1315209173920708,0.0775447490228476,0.1421071378843704,0.0825615094025385,0.0923716054244684
333,333.0,0.0806602382673761,0.20737999108843,0.1872518626603232,0.1313413080529558,0.0763962456816216,0.1433077286680872,0.0817821056774746,0.0918805199037314
334,334.0,0.0807027974541913,0.2088244007045477,0.1875046399872022,0.131042621136254,0.0752696791564711,0.1443358669226977,0.0809903028741601,0.0913296917644759
335,335.0,0.0807834837808727,0.2098709534390478,0.1876959150139882,0.1307541786301075,0.0742314718622436,0.1456244595623993,0.0802521307325727,0.0907874069787683
336,336.0,0.0809050486775378,0.2108041701079479,0.1878454043359016,0.1304881599288415,0.0732868554524747,0.1468240920118027,0.0795784531168008,0.090267816368693
337,337.0,0.0809522985283317,0.2121755027005694,0.1878459015203205,0.1301350927290907,0.072380971947871,0.1478767189104986,0.0789146122954756,0.0897189013678425
338,338.0,0.0809695935346292,0.2132593137094488,0.1879609030840682,0.12935737428181,0.0715377074906102,0.1494286219498362,0.0783187017866464,0.0891677841629508
339,339.0,0.0809245159166792,0.2146844684543739,0.188008788690776,0.1285221505486802,0.0707416126634614,0.1507812414960631,0.0777346462405641,0.088602575989402
340,340.0,0.0808982967975346,0.2159898525565153,0.1879288173392862,0.1277182958378417,0.0700332029939095,0.1521600095638034,0.0772039153430877,0.0880676095680216
341,341.0,0.0808956018266824,0.2171775338932179,0.187822624753399,0.1269538564482618,0.0694139387169781,0.1534321714189704,0.0767359179005958,0.0875683550418946
342,342.0,0.0808313864562828,0.2182515009317536,0.1877110939996119,0.1262440012531766,0.0688851929402697,0.1547119641805678,0.0762479794609336,0.087116880777404
343,343.0,0.0807795210470707,0.2192046049237732,0.1876532861596647,0.125568584963302,0.0684354207637484,0.1558549504994604,0.0758109374721788,0.0866926941708017
344,344.0,0.080743309128315,0.2197337918632047,0.1876827719298676,0.1249531027345788,0.0680655115207254,0.1568658537014779,0.0756453493346369,0.0863103097871934
345,345.0,0.0807239001019622,0.2201545268829527,0.1876969569040966,0.1243870370572598,0.06777063488919,0.1577667762772428,0.0755338738789016,0.0859662940083942
346,346.0,0.0807198077690355,0.2206908391291358,0.1876972293122068,0.1236537156286299,0.0675462363743086,0.1585597070636226,0.0754722145913494,0.0856602501317112
347,347.0,0.0807627089315562,0.2210241676638761,0.1873653742569102,0.1223482444718833,0.0674017832501316,0.159360048559092,0.0761284450966393,0.0856092277699112
348,348.0,0.080731499133939,0.221547515980933,0.1867862844518224,0.1210444608825325,0.0672726025556713,0.1601512734606825,0.0767243797687417,0.0857419837656775
349,349.0,0.0806207204961339,0.2221802430077813,0.1861302107695187,0.1198152927838555,0.0671993102316789,0.16089139773513,0.077342347874376,0.0858204771015256
350,350.0,0.0804374744867638,0.222961640584247,0.1852426681362407,0.118594246042792,0.0671322360276636,0.1616878980998612,0.077882568074436,0.0860612685479955
351,351.0,0.0802825072357034,0.2239696514533351,0.1841758231994527,0.1174070355184305,0.0670748616168351,0.1624558211452317,0.0783539774611062,0.0862803223699052
352,352.0,0.0801397463067893,0.2248921473233164,0.1831319523416622,0.1163016868383526,0.0670599277815689,0.1631298089386155,0.0788289937845112,0.0865157366851838
353,353.0,0.0805001275317529,0.2255341885822138,0.1820781898745302,0.115429967957887,0.0670787042299901,0.163283340618951,0.0792715548255983,0.0868239263790766
354,354.0,0.0809444522114215,0.2260317361153666,0.1811082983665681,0.1146119779868903,0.0671257440458673,0.1633616636859317,0.079704875821532,0.0871112517664224
355,355.0,0.0813835172205728,0.2269449032684296,0.179665249233778,0.1138672023467218,0.0671993907366683,0.1634256685343199,0.0801202718412254,0.087393796818284
356,356.0,0.0818017524157306,0.2277117726920594,0.1781873545430599,0.1131726720714856,0.0672903944177743,0.1636805957185212,0.0805091499338978,0.087646308207471
357,357.0,0.0821317724344849,0.228601261281075,0.1766568496846221,0.1127426829767026,0.0673753711193197,0.1638099466539501,0.0808297733295032,0.0878523425203421
358,358.0,0.0826707629743935,0.2291691721126067,0.1754168621138926,0.112957440238045,0.0673277537680867,0.1622457251967051,0.0813512402014325,0.0888610433948374
359,359.0,0.0826816391223961,0.2293778582038275,0.1746622776231691,0.1132584157940365,0.0672650543018938,0.1607880707960183,0.0818229462597095,0.0901437378989489
360,360.0,0.0825436872783749,0.2290496429735913,0.1742664626945449,0.1135614768443646,0.0676471045558209,0.1593600352613244,0.0822230761976799,0.0913485141942987
361,361.0,0.0823867298038373,0.229027457070995,0.1734546979386022,0.1138872623983794,0.0680139025239115,0.158135866720562,0.082603766926262,0.0924903166174503
362,362.0,0.0822121776469031,0.2288400350673607,0.1728651912518121,0.1142276916496584,0.0683799072976683,0.1569712732749789,0.0829423114347407,0.0935614123768774
363,363.0,0.0820227437350183,0.2284990141845855,0.1722980325143767,0.1145760127349907,0.0687409908575632,0.155791549162196,0.0834306908171169,0.0946409659941524
364,364.0,0.0818121682236469,0.2280077191256579,0.1717529732851936,0.1149216776267774,0.0690890657894833,0.1547357913918238,0.0840465813846603,0.0956340231727565
365,365.0,0.0815833837801695,0.2269443772290995,0.1714170366787088,0.1152594289387917,0.069421164681292,0.1538070566827961,0.0845956425385708,0.0969719094705715
366,366.0,0.0813921786468388,0.2258501038876601,0.1714197725925056,0.1157264324683396,0.0697629470008635,0.1524083152274688,0.0851231857661422,0.0983170644101809
367,367.0,0.0811989216407652,0.2249332066135189,0.1714649773433588,0.1161924280120313,0.0700911051404847,0.1510357318446004,0.0856068205043498,0.0994768089008905
368,368.0,0.0810018729763308,0.2239239471052622,0.1715128638008679,0.1166385375002376,0.0704000693002842,0.1497727710288426,0.0860320092484527,0.1007179290397216
369,369.0,0.0807664309471451,0.2226542105885463,0.1717639919008564,0.1170424683264027,0.0706519414442626,0.1485265451325028,0.0867792988843229,0.1018151127759609
370,370.0,0.0806001360232148,0.2209724419700182,0.1728737649480557,0.1178357009251647,0.0709514790647792,0.1473909672167851,0.0876146107277019,0.1017608991242801
371,371.0,0.0804375675128632,0.2193278924125711,0.1739919298557102,0.1186068368566607,0.071230968409479,0.1463072963415837,0.0884757007634139,0.1016218078477181
372,372.0,0.0802764722166281,0.21764837703756,0.1753199312724815,0.1193374728150512,0.0714863271425422,0.1452729891722899,0.0892665856452441,0.1013918446982029
373,373.0,0.0801176392713734,0.2161178697451191,0.1766682842946515,0.1200227617427794,0.0717169511542511,0.1442909434093833,0.0899848918000471,0.1010806585823951
374,374.0,0.0800109751957997,0.2147040478481116,0.1778196712215423,0.1206933170355597,0.0719485689200416,0.1433782107526155,0.0907101117669877,0.1007350972593418
375,375.0,0.0799000235602372,0.2133573310664184,0.1788467367595568,0.1213172153420156,0.0723748083949499,0.1425126026185972,0.0913558683123876,0.1003354139458371
