,Unnamed: 0,Total_iterations,Intertwine_two,Add_vertex,Delete_vertex,Invert_path_vertices,Insert_inside_vertex,Delete_inside_vertex,Replace_inside_vertex,Donate_between_routes
0,0.0,0.0,0.125,0.125,0.125,0.125,0.125,0.125,0.125,0.125
1,1.0,0.10900000000000001,0.125,0.125,0.125,0.125,0.125,0.125,0.125,0.125
2,2.0,0.31601,0.125,0.125,0.125,0.125,0.125,0.125,0.125,0.125
3,3.0,0.6191589000000001,0.125,0.125,0.125,0.125,0.125,0.125,0.125,0.125
4,4.0,1.015801321,0.125,0.125,0.125,0.125,0.125,0.125,0.125,0.125
5,5.0,1.50262148669,0.125,0.125,0.125,0.125,0.125,0.125,0.125,0.125
6,6.0,2.0757334209441005,0.125,0.125,0.125,0.125,0.125,0.125,0.125,0.125
7,7.0,2.7307768275633495,0.125,0.125,0.125,0.125,0.125,0.125,0.125,0.125
8,8.0,3.4630081252450404,0.125,0.125,0.125,0.125,0.125,0.125,0.125,0.125
9,9.0,4.2673862119061114,0.125,0.125,0.125,0.125,0.125,0.125,0.125,0.125
10,10.0,5.138652627782014,0.125,0.125,0.125,0.125,0.125,0.125,0.125,0.125
11,11.0,6.071405875792507,0.125,0.125,0.125,0.125,0.125,0.125,0.125,0.125
12,12.0,7.060169740244025,0.125,0.125,0.125,0.125,0.125,0.125,0.125,0.125
13,13.0,8.099455520847952,0.125,0.125,0.125,0.125,0.125,0.125,0.125,0.125
14,14.0,9.183818168183006,0.125,0.125,0.125,0.125,0.125,0.125,0.125,0.125
15,15.0,10.307906369102724,0.125,0.125,0.125,0.125,0.125,0.125,0.125,0.125
16,16.0,11.466506686239443,0.125,0.125,0.125,0.125,0.125,0.125,0.125,0.125
17,17.0,12.654581904800096,0.125,0.125,0.125,0.125,0.125,0.125,0.125,0.125
18,18.0,13.867303782456686,0.125,0.125,0.125,0.125,0.125,0.125,0.125,0.125
19,19.0,15.100080434523047,0.125,0.125,0.125,0.125,0.125,0.125,0.125,0.125
20,20.0,16.348578617037543,0.125,0.125,0.125,0.125,0.125,0.125,0.125,0.125
21,21.0,17.608741195130214,0.125,0.125,0.125,0.125,0.125,0.125,0.125,0.125
22,22.0,18.876800103462312,0.125,0.125,0.125,0.125,0.125,0.125,0.125,0.125
23,23.0,20.14928511992658,0.125,0.125,0.125,0.125,0.125,0.125,0.125,0.125
24,24.0,21.423028783545156,0.125,0.125,0.125,0.125,0.125,0.125,0.125,0.125
25,25.0,22.695167792966423,0.125,0.125,0.125,0.125,0.125,0.125,0.125,0.125
26,26.0,23.963141223515898,0.125,0.125,0.125,0.125,0.125,0.125,0.125,0.125
27,27.0,25.224685898775267,0.125,0.125,0.125,0.125,0.125,0.125,0.125,0.125
28,28.0,26.477829247520948,0.125,0.125,0.125,0.125,0.125,0.125,0.125,0.125
29,29.0,27.720879968916847,0.125,0.125,0.125,0.125,0.125,0.125,0.125,0.125
30,30.0,28.95241681848399,0.125,0.125,0.125,0.125,0.125,0.125,0.125,0.125
31,31.0,30.17127581490958,0.125,0.125,0.125,0.125,0.125,0.125,0.125,0.125
32,32.0,31.376536153543515,0.125,0.125,0.125,0.125,0.125,0.125,0.125,0.125
33,33.0,32.567505096778625,0.125,0.125,0.125,0.125,0.125,0.125,0.125,0.125
34,34.0,33.74370209472243,0.125,0.125,0.125,0.125,0.125,0.125,0.125,0.125
35,35.0,34.90484237192463,0.125,0.125,0.125,0.125,0.125,0.125,0.125,0.125
36,36.0,36.05082019768737,0.125,0.125,0.125,0.125,0.125,0.125,0.125,0.125
37,37.0,37.18169203889697,0.125,0.125,0.125,0.125,0.125,0.125,0.125,0.125
38,38.0,38.29765977559663,0.125,0.125,0.125,0.125,0.125,0.125,0.125,0.125
39,39.0,39.399054140870355,0.125,0.125,0.125,0.125,0.125,0.125,0.125,0.125
40,40.0,40.48631852820801,0.125,0.125,0.125,0.125,0.125,0.125,0.125,0.125
41,41.0,41.55999329152982,0.125,0.125,0.125,0.125,0.125,0.125,0.125,0.125
42,42.0,42.62070064560415,0.125,0.125,0.125,0.125,0.125,0.125,0.125,0.125
43,43.0,43.669130257815,0.125,0.125,0.125,0.125,0.125,0.125,0.125,0.125
44,44.0,44.70602560622662,0.125,0.125,0.125,0.125,0.125,0.125,0.125,0.125
45,45.0,45.73217116373481,0.125,0.125,0.125,0.125,0.125,0.125,0.125,0.125
46,46.0,46.748380453854836,0.125,0.125,0.125,0.125,0.125,0.125,0.125,0.125
47,47.0,47.755485010424316,0.125,0.125,0.125,0.125,0.125,0.125,0.125,0.125
48,48.0,48.7543242612326,0.125,0.125,0.125,0.125,0.125,0.125,0.125,0.125
49,49.0,49.745736344347726,0.125,0.125,0.125,0.125,0.125,0.125,0.125,0.125
50,50.0,50.730549855707864,0.125,0.125,0.125,0.125,0.125,0.125,0.125,0.125
51,51.0,51.70957651737491,0.125,0.125,0.125,0.125,0.125,0.125,0.125,0.125
52,52.0,52.68360474770151,0.125,0.125,0.125,0.125,0.125,0.125,0.125,0.125
53,53.0,53.65339410751842,0.125,0.125,0.125,0.125,0.125,0.125,0.125,0.125
54,54.0,54.61967059027847,0.125,0.125,0.125,0.125,0.125,0.125,0.125,0.125
55,55.0,55.58312271885972,0.125,0.125,0.125,0.125,0.125,0.125,0.125,0.125
56,56.0,56.544398407394254,0.125,0.125,0.125,0.125,0.125,0.125,0.125,0.125
57,57.0,57.504102543001395,0.125,0.125,0.125,0.125,0.125,0.125,0.125,0.125
58,58.0,58.462795239617805,0.125,0.125,0.125,0.125,0.125,0.125,0.125,0.125
59,59.0,59.42099071417639,0.125,0.125,0.125,0.125,0.125,0.125,0.125,0.125
60,60.0,60.379156734137354,0.125,0.125,0.125,0.125,0.125,0.125,0.125,0.125
61,61.0,61.337714584760846,0.125,0.125,0.125,0.125,0.125,0.125,0.125,0.125
62,62.0,62.29703950447439,0.125,0.125,0.125,0.125,0.125,0.125,0.125,0.125
63,63.0,63.257461537171835,0.125,0.125,0.125,0.125,0.125,0.125,0.125,0.125
64,64.0,64.21926675122782,0.125,0.125,0.125,0.125,0.125,0.125,0.125,0.125
65,65.0,65.18269877636592,0.125,0.125,0.125,0.125,0.125,0.125,0.125,0.125
66,66.0,66.14796061122655,0.125,0.125,0.125,0.125,0.125,0.125,0.125,0.125
67,67.0,67.11521665648885,0.125,0.125,0.125,0.125,0.125,0.125,0.125,0.125
68,68.0,68.08459493066005,0.125,0.125,0.125,0.125,0.125,0.125,0.125,0.125
69,69.0,69.05618942810752,0.125,0.125,0.125,0.125,0.125,0.125,0.125,0.125
70,70.0,70.03006258152917,0.125,0.125,0.125,0.125,0.125,0.125,0.125,0.125
71,71.0,71.00624779379335,0.125,0.125,0.125,0.125,0.125,0.125,0.125,0.125
72,72.0,71.98475200689319,0.125,0.125,0.125,0.125,0.125,0.125,0.125,0.125
73,73.0,72.96555827861411,0.125,0.125,0.125,0.125,0.125,0.125,0.125,0.125
74,74.0,73.9586283403768,0.125,0.125,0.125,0.125,0.125,0.125,0.125,0.125
75,75.0,74.95380511255946,0.125,0.125,0.125,0.125,0.125,0.125,0.125,0.125
76,76.0,75.95092615639825,0.125,0.125,0.125,0.125,0.125,0.125,0.125,0.125
77,77.0,76.94982583428919,0.125,0.125,0.125,0.125,0.125,0.125,0.125,0.125
78,78.0,77.95033728604814,0.125,0.125,0.125,0.125,0.125,0.125,0.125,0.125
79,79.0,78.9522942197707,0.125,0.125,0.125,0.125,0.125,0.125,0.125,0.125
80,80.0,79.95553251792332,0.125,0.125,0.125,0.125,0.125,0.125,0.125,0.125
81,81.0,80.95989166108143,0.125,0.125,0.125,0.125,0.125,0.125,0.125,0.125
82,82.0,81.96521597331291,0.125,0.125,0.125,0.125,0.125,0.125,0.125,0.125
83,83.0,82.97135569458811,0.125,0.125,0.125,0.125,0.125,0.125,0.125,0.125
84,84.0,83.97816788678992,0.125,0.125,0.125,0.125,0.125,0.125,0.125,0.125
85,85.0,84.98551718090366,0.125,0.125,0.125,0.125,0.125,0.125,0.125,0.125
86,86.0,85.99327637379697,0.125,0.125,0.125,0.125,0.125,0.125,0.125,0.125
87,87.0,87.00132688366298,0.125,0.125,0.125,0.125,0.125,0.125,0.125,0.125
88,88.0,88.00955907370577,0.125,0.125,0.125,0.125,0.125,0.125,0.125,0.125
89,89.0,89.02787245400722,0.125,0.125,0.125,0.125,0.125,0.125,0.125,0.125
90,90.0,90.05607577173845,0.125,0.125,0.125,0.125,0.125,0.125,0.125,0.125
91,91.0,91.08389799997917,0.125,0.125,0.125,0.125,0.125,0.125,0.125,0.125
92,92.0,92.11109902539603,0.125,0.125,0.125,0.125,0.125,0.125,0.125,0.125
93,93.0,93.13746895801724,0.125,0.125,0.125,0.125,0.125,0.125,0.125,0.125
94,94.0,94.16282720779617,0.125,0.125,0.125,0.125,0.125,0.125,0.125,0.125
95,95.0,95.18702136051924,0.125,0.125,0.125,0.125,0.125,0.125,0.125,0.125
96,96.0,96.20992588436481,0.125,0.125,0.125,0.125,0.125,0.125,0.125,0.125
97,97.0,97.23144069698218,0.125,0.125,0.125,0.125,0.125,0.125,0.125,0.125
98,98.0,98.25148962136798,0.125,0.125,0.125,0.125,0.125,0.125,0.125,0.125
99,99.0,99.27001875710152,0.125,0.125,0.125,0.125,0.125,0.125,0.125,0.125
100,100.0,100.2869947916907,0.125,0.125,0.125,0.125,0.125,0.125,0.125,0.125
101,101.0,101.30240327490405,0.125,0.125,0.125,0.125,0.125,0.125,0.125,0.125
102,102.0,102.31624687704704,0.125,0.125,0.125,0.125,0.125,0.125,0.125,0.125
103,103.0,103.32854365020523,0.125,0.125,0.125,0.125,0.125,0.125,0.125,0.125
104,104.0,104.33932530954559,0.125,0.125,0.125,0.125,0.125,0.125,0.125,0.125
105,105.0,105.34863554985644,0.125,0.125,0.125,0.125,0.125,0.125,0.125,0.125
106,106.0,106.35652841063764,0.125,0.125,0.125,0.125,0.125,0.125,0.125,0.125
107,107.0,107.36306670123435,0.125,0.125,0.125,0.125,0.125,0.125,0.125,0.125
108,108.0,108.36832049575902,0.125,0.125,0.125,0.125,0.125,0.125,0.125,0.125
109,109.0,109.37236570587365,0.125,0.125,0.125,0.125,0.125,0.125,0.125,0.125
110,110.0,110.37528273791808,0.125,0.125,0.125,0.125,0.125,0.125,0.125,0.125
111,111.0,111.3771552393789,0.125,0.125,0.125,0.125,0.125,0.125,0.125,0.125
112,112.0,112.37806893829983,0.125,0.125,0.125,0.125,0.125,0.125,0.125,0.125
113,113.0,113.37811057794568,0.125,0.125,0.125,0.125,0.125,0.125,0.125,0.125
114,114.0,114.37736694784749,0.125,0.125,0.125,0.125,0.125,0.125,0.125,0.125
115,115.0,115.37592401128065,0.125,0.125,0.125,0.125,0.125,0.125,0.125,0.125
116,116.0,116.37386612825767,0.125,0.125,0.125,0.125,0.125,0.125,0.125,0.125
117,117.0,117.37127537225443,0.125,0.125,0.125,0.125,0.125,0.125,0.125,0.125
118,118.0,118.36823093812896,0.125,0.125,0.125,0.125,0.125,0.125,0.125,0.125
119,119.0,119.36480863803476,0.125,0.125,0.125,0.125,0.125,0.125,0.125,0.125
120,120.0,120.36108048156962,0.125,0.125,0.125,0.125,0.125,0.125,0.125,0.125
121,121.0,121.3571143359353,0.125,0.125,0.125,0.125,0.125,0.125,0.125,0.125
122,122.0,122.35297366150506,0.125,0.125,0.125,0.125,0.125,0.125,0.125,0.125
123,123.0,123.3487173179028,0.125,0.125,0.125,0.125,0.125,0.125,0.125,0.125
124,124.0,124.34439943548173,0.125,0.125,0.125,0.125,0.125,0.125,0.125,0.125
125,125.0,125.34006934694796,0.125,0.125,0.125,0.125,0.125,0.125,0.125,0.125
126,126.0,126.33577157379807,0.125,0.125,0.125,0.125,0.125,0.125,0.125,0.125
127,127.0,127.3315458622252,0.125,0.125,0.125,0.125,0.125,0.125,0.125,0.125
128,128.0,128.32742726318736,0.125,0.125,0.125,0.125,0.125,0.125,0.125,0.125
129,129.0,129.32344625142142,0.125,0.125,0.125,0.125,0.125,0.125,0.125,0.125
130,130.0,130.31962887831787,0.125,0.125,0.125,0.125,0.125,0.125,0.125,0.125
131,131.0,131.3159969537415,0.125,0.125,0.125,0.125,0.125,0.125,0.125,0.125
132,132.0,132.31256825208533,0.125,0.125,0.125,0.125,0.125,0.125,0.125,0.125
133,133.0,133.30935673807394,0.125,0.125,0.125,0.125,0.125,0.125,0.125,0.125
134,134.0,134.30637280808295,0.125,0.125,0.125,0.125,0.125,0.125,0.125,0.125
135,135.0,135.30362354301025,0.125,0.125,0.125,0.125,0.125,0.125,0.125,0.125
136,136.0,136.3011129690147,0.125,0.125,0.125,0.125,0.125,0.125,0.125,0.125
137,137.0,137.29884232272858,0.125,0.125,0.125,0.125,0.125,0.125,0.125,0.125
138,138.0,138.29681031784378,0.125,0.125,0.125,0.125,0.125,0.125,0.125,0.125
139,139.0,139.295013410269,0.125,0.125,0.125,0.125,0.125,0.125,0.125,0.125
140,140.0,140.29344605934904,0.125,0.125,0.125,0.125,0.125,0.125,0.125,0.125
141,141.0,141.29210098292756,0.125,0.125,0.125,0.125,0.125,0.125,0.125,0.125
142,142.0,142.29096940431896,0.125,0.125,0.125,0.125,0.125,0.125,0.125,0.125
143,143.0,143.29004128952806,0.125,0.125,0.125,0.125,0.125,0.125,0.125,0.125
144,144.0,144.28930557332097,0.125,0.125,0.125,0.125,0.125,0.125,0.125,0.125
145,145.0,145.28875037300136,0.125,0.125,0.125,0.125,0.125,0.125,0.125,0.125
146,146.0,146.2883631889837,0.125,0.125,0.125,0.125,0.125,0.125,0.125,0.125
147,147.0,147.28813109147796,0.125,0.125,0.125,0.125,0.125,0.125,0.125,0.125
148,148.0,148.28804089280803,0.125,0.125,0.125,0.125,0.125,0.125,0.125,0.125
149,149.0,149.288079305077,0.125,0.125,0.125,0.125,0.125,0.125,0.125,0.125
150,150.0,150.2882330830683,0.125,0.125,0.125,0.125,0.125,0.125,0.125,0.125
151,151.0,151.28848915242978,0.125,0.125,0.125,0.125,0.125,0.125,0.125,0.125
152,152.0,152.2888347233308,0.125,0.125,0.125,0.125,0.125,0.125,0.125,0.125
153,153.0,153.28925738990844,0.125,0.125,0.125,0.125,0.125,0.125,0.125,0.125
154,154.0,154.28974521592923,0.125,0.125,0.125,0.125,0.125,0.125,0.125,0.125
155,155.0,155.29028680718864,0.125,0.125,0.125,0.125,0.125,0.125,0.125,0.125
156,156.0,156.29087137125023,0.125,0.125,0.125,0.125,0.125,0.125,0.125,0.125
157,157.0,157.29148876519315,0.125,0.125,0.125,0.125,0.125,0.125,0.125,0.125
158,158.0,158.29212953208986,0.125,0.125,0.125,0.125,0.125,0.125,0.125,0.125
159,159.0,159.292784926976,0.125,0.125,0.125,0.125,0.125,0.125,0.125,0.125
160,160.0,160.29344693310375,0.125,0.125,0.125,0.125,0.125,0.125,0.125,0.125
161,161.0,161.2941082692877,0.125,0.125,0.125,0.125,0.125,0.125,0.125,0.125
162,162.0,162.29476238916038,0.125,0.125,0.125,0.125,0.125,0.125,0.125,0.125
163,163.0,163.2954034731542,0.125,0.125,0.125,0.125,0.125,0.125,0.125,0.125
164,164.0,164.2960264140171,0.125,0.125,0.125,0.125,0.125,0.125,0.125,0.125
165,165.0,165.29662679665353,0.125,0.125,0.125,0.125,0.125,0.125,0.125,0.125
166,166.0,166.29720087305978,0.125,0.125,0.125,0.125,0.125,0.125,0.125,0.125
167,167.0,167.2977455330948,0.125,0.125,0.125,0.125,0.125,0.125,0.125,0.125
168,168.0,168.2982582717954,0.125,0.125,0.125,0.125,0.125,0.125,0.125,0.125
169,169.0,169.29873715390795,0.125,0.125,0.125,0.125,0.125,0.125,0.125,0.125
170,170.0,170.2991807762702,0.125,0.125,0.125,0.125,0.125,0.125,0.125,0.125
171,171.0,171.2995882286335,0.125,0.125,0.125,0.125,0.125,0.125,0.125,0.125
172,172.0,172.2999590534741,0.125,0.125,0.125,0.125,0.125,0.125,0.125,0.125
173,173.0,173.30029320529596,0.125,0.125,0.125,0.125,0.125,0.125,0.125,0.125
174,174.0,174.30059100988268,0.125,0.125,0.125,0.125,0.125,0.125,0.125,0.125
175,175.0,175.30085312391188,0.125,0.125,0.125,0.125,0.125,0.125,0.125,0.125
176,176.0,176.30108049529903,0.125,0.125,0.125,0.125,0.125,0.125,0.125,0.125
177,177.0,177.30127432459446,0.125,0.125,0.125,0.125,0.125,0.125,0.125,0.125
178,178.0,178.30143602771443,0.125,0.125,0.125,0.125,0.125,0.125,0.125,0.125
179,179.0,179.30156720024527,0.125,0.125,0.125,0.125,0.125,0.125,0.125,0.125
180,180.0,180.30166958352058,0.125,0.125,0.125,0.125,0.125,0.125,0.125,0.125
181,181.0,181.3017450326331,0.125,0.125,0.125,0.125,0.125,0.125,0.125,0.125
182,182.0,182.30179548650807,0.125,0.125,0.125,0.125,0.125,0.125,0.125,0.125
183,183.0,183.30182294013048,0.125,0.125,0.125,0.125,0.125,0.125,0.125,0.125
184,184.0,184.30182941898934,0.125,0.125,0.125,0.125,0.125,0.125,0.125,0.125
185,185.0,185.3018169557724,0.125,0.125,0.125,0.125,0.125,0.125,0.125,0.125
186,186.0,186.30178756931946,0.125,0.125,0.125,0.125,0.125,0.125,0.125,0.125
187,187.0,187.3017432458186,0.125,0.125,0.125,0.125,0.125,0.125,0.125,0.125
188,188.0,188.30168592220969,0.125,0.125,0.125,0.125,0.125,0.125,0.125,0.125
189,189.0,189.30161747173955,0.125,0.125,0.125,0.125,0.125,0.125,0.125,0.125
190,190.0,190.301539691599,0.125,0.125,0.125,0.125,0.125,0.125,0.125,0.125
191,191.0,191.3014542925565,0.125,0.125,0.125,0.125,0.125,0.125,0.125,0.125
192,192.0,192.30136289049273,0.125,0.125,0.125,0.125,0.125,0.125,0.125,0.125
193,193.0,193.3012669997304,0.125,0.125,0.125,0.125,0.125,0.125,0.125,0.125
194,194.0,194.301168028047,0.125,0.125,0.125,0.125,0.125,0.125,0.125,0.125
195,195.0,195.30106727325145,0.125,0.125,0.125,0.125,0.125,0.125,0.125,0.125
196,196.0,196.30096592120296,0.125,0.125,0.125,0.125,0.125,0.125,0.125,0.125
197,197.0,197.3008650451473,0.125,0.125,0.125,0.125,0.125,0.125,0.125,0.125
198,198.0,198.30076560624573,0.125,0.125,0.125,0.125,0.125,0.125,0.125,0.125
199,199.0,199.30066845517186,0.12486111111111112,0.12486111111111112,0.12486111111111112,0.12597222222222224,0.12486111111111112,0.12486111111111112,0.12486111111111112,0.12486111111111112
200,200.0,200.30057433465365,0.12461250000000001,0.12461250000000001,0.12461250000000001,0.1267125,0.12461250000000001,0.12561250000000002,0.12461250000000001,0.12461250000000001
201,201.0,201.30048388284072,0.12422873611111114,0.12422873611111114,0.12422873611111114,0.12729773611111111,0.12422873611111114,0.12621873611111112,0.12422873611111114,0.12533984722222224
202,202.0,202.30039763738068,0.12376126327020207,0.12376126327020207,0.12376126327020207,0.12858985508838386,0.12376126327020207,0.12663145417929295,0.12376126327020207,0.12597237438131317
203,203.0,203.30031604009287,0.12316605639381319,0.12316605639381319,0.12316605639381319,0.12971181311199498,0.12316605639381319,0.12800173741401516,0.12316605639381319,0.12645616750492428
204,204.0,204.3002394421329,0.12236461873203415,0.12236461873203415,0.12236461873203415,0.1305721844748523,0.12236461873203415,0.1310117931329432,0.12236461873203415,0.12659292873203412
205,205.0,205.30016810954757,0.12149467864911268,0.12149467864911268,0.12149467864911268,0.13129761503849355,0.12149467864911268,0.1346039071668308,0.12149467864911268,0.12662508454911264
206,206.0,206.3001022291253,0.12043895750516392,0.12043895750516392,0.12155006861627504,0.13176151629437566,0.12043895750516392,0.13850263941253005,0.12043895750516392,0.12642994565616392
207,207.0,207.30004191445403,0.12023290374904327,0.1200662370823766,0.12233290374904326,0.13184020014051365,0.11923290374904327,0.14102344173650377,0.11923290374904327,0.12603850604443326
208,208.0,208.29998721210535,0.11997088390680181,0.11963921724013515,0.12294897481589273,0.13178503784305698,0.11798088390680182,0.14332435365313934,0.11798088390680182,0.12636976472737074
209,209.0,209.29993810787047,0.1194970122213715,0.11909440464561395,0.1250048348087841,0.13070343883281282,0.11662682131228061,0.14507475135440043,0.11746015464561395,0.12653858217912306
210,210.0,210.29989453298037,0.11890702611373904,0.11851277961373907,0.1268195126687507,0.12941844901824864,0.11525821378040572,0.1474400377626674,0.11702071378040574,0.12662326726204412
211,211.0,211.29985637024947,0.11831680158092649,0.11789503229470574,0.12916756176401573,0.12888260725057804,0.11388139453637239,0.14867882790186224,0.1165551956532109,0.12662257901832893
212,212.0,212.29982346008921,0.11776646375915428,0.11732024263625679,0.13223376241824103,0.12834468089377962,0.11258024318967344,0.1489991352817983,0.11614111991218204,0.12661435190891493
213,213.0,213.29979560634408,0.11708353468154344,0.11660671258576807,0.13493944699279786,0.12756300492308142,0.11124115684499479,0.149777150892148,0.11559433289296267,0.1271946601867042
214,214.0,214.29977258191,0.11644469617104733,0.11594028664778364,0.137549104755402,0.12756152930133866,0.10998846272272406,0.1496543786988213,0.11509840875839922,0.12776313294448427
215,215.0,215.29975413410023,0.11579698250111439,0.11526797361548782,0.1398814066447875,0.12746005094767537,0.10877110348689811,0.14924959773159172,0.11531256112071236,0.1282603239517332
216,216.0,216.29973998973043,0.11505435173098104,0.11532052855207796,0.14175578354440066,0.12722562887486422,0.10755193169544319,0.1485053130877782,0.1153248129677635,0.12926164954669167
217,217.0,217.2997298599003,0.11480734825199503,0.11517017720653765,0.14377767246261092,0.12742692365357008,0.10629075621927261,0.1473589802525396,0.11515449923187569,0.13001364272159885
218,218.0,218.2997234444542,0.11453480050751733,0.11502530066300463,0.14547773032841518,0.128187815744584,0.10509207502518786,0.14607513906050718,0.11498426545226992,0.1306228732185143
219,219.0,219.29972043610817,0.11424280539500592,0.11488720870344553,0.1474981821520562,0.12888305348922907,0.10396203399365322,0.14523675130830022,0.11419121446784607,0.1310987504904641
220,220.0,220.29972052423565,0.11395395127878172,0.1148109201727093,0.14978621916039636,0.13052997362108815,0.1029593859023798,0.14484761002800411,0.11342561018669857,0.12968632964994228
221,221.0,221.29972339830803,0.11357883255008532,0.11477540606022754,0.15238313272319073,0.13201837825939183,0.10206580638526071,0.14444881048010413,0.11268045112026806,0.12804918242147195
222,222.0,222.29972875099008,0.11312135082260508,0.11470182831614884,0.15449664758263698,0.13387523665479065,0.10120420863090093,0.14432121065293377,0.11198738274859003,0.12629213459139396
223,223.0,223.29973628089405,0.1125497127138505,0.11452644037090366,0.15611319171202787,0.1363188894711238,0.10031172173039812,0.14446795763109216,0.11118391598992042,0.12452817038068373
224,224.0,224.29974569499868,0.11180346423255584,0.11494562118876833,0.15709915730356716,0.13815579979942408,0.10048956543684076,0.14469044232646577,0.11023732254808435,0.12257862716429394
225,225.0,225.29975671074286,0.11180941035266947,0.1152571273466585,0.15779447249185458,0.13971908197602093,0.10069015036369197,0.14483294537445862,0.10928260313703897,0.12061420895760716
226,226.0,226.29976905780518,0.11170447661505391,0.11616674644712788,0.1580968735409568,0.1409854177092705,0.10086865374909959,0.14527275253004143,0.10831121977891786,0.11859385962953212
227,227.0,227.29978247958326,0.1110910434331013,0.11685788119472407,0.1582822215938951,0.14258772240205914,0.10175676744462264,0.14528925512441923,0.1074034837709409,0.11673162503623766
228,228.0,228.29979673438768,0.11042273229465058,0.11803454881962465,0.15834581275056156,0.14395492299417564,0.10259985792245145,0.14523327715428816,0.10650540670724562,0.11490344135700244
229,229.0,229.29981159636776,0.10968525694141604,0.11903023913176992,0.15853567734383855,0.1456574383229906,0.10336753943425717,0.1450271119536587,0.10561950684014368,0.11307723003192544
230,230.0,230.29982685618614,0.10891938256981783,0.12096258469998085,0.15855828875052463,0.1466621343553669,0.10408615008293345,0.1447085313150596,0.10480613614356199,0.11129679208275482
231,231.0,231.29984232146083,0.10816168917327927,0.12273017952856573,0.1584430124201082,0.14801628251685472,0.10473782552951076,0.14429982591707155,0.10402285643222704,0.10958832848238284
232,232.0,232.29985781699344,0.10690088003270422,0.12499987829875686,0.15824228988960362,0.14925889611292803,0.10539774253973323,0.14388909528961333,0.1033119914047275,0.10799922643193334
233,233.0,233.2998731848029,0.10569987481390207,0.12719877362869172,0.15796667300432482,0.15038870246416752,0.10605847778713412,0.1434806492619065,0.1026734082429548,0.10653344079691857
234,234.0,234.29988828398336,0.10453546341080168,0.12966283410207904,0.15756792783643825,0.15191372516721674,0.10602986256335784,0.14304910406817117,0.10207702482587214,0.10516405802606332
235,235.0,235.29990299040594,0.10327857882509404,0.13239521068926946,0.15724678859586902,0.15328582619610465,0.10591294931571342,0.14284408644773672,0.10148238070954238,0.1035541792206705
236,236.0,236.2999171962822,0.10206183610505816,0.13499054426417917,0.1567351564301249,0.15450286121338938,0.10575647539290059,0.14297606375281516,0.10093880054682593,0.10203826229470689
237,237.0,237.299930809608,0.10087587187369619,0.1376859728468802,0.1565347495304757,0.15542658970205148,0.10552463546022374,0.14296114998575693,0.10038647698905781,0.10060455361185813
238,238.0,238.29994375350515,0.0997291261609547,0.13999233397225191,0.15655837242859988,0.15655205376554157,0.10526460509215874,0.1428133403748138,0.09983134053453799,0.0992588276711416
239,239.0,239.29995596547752,0.09863820204253486,0.1420004396387803,0.15672864213192478,0.1579192203385155,0.10499523005686766,0.14249586562373856,0.0993116695447244,0.09791073062291414
240,240.0,240.2999673965979,0.09763709305861466,0.14384892599444202,0.1568724541748232,0.15916826461207167,0.10473172362374648,0.1421892113120868,0.09885601694263466,0.09669631028158068
241,241.0,241.29997801064025,0.09672682878558335,0.1459898155613125,0.15699101620290887,0.15938941746432542,0.1049306794514549,0.14189536193903274,0.09846253741551725,0.09561434317986517
242,242.0,242.29998778317196,0.09588766454923255,0.1483586251305073,0.15698685336813317,0.15942238694366706,0.10509524515484235,0.1415171612751981,0.09808942275944653,0.09464264081897314
243,243.0,243.2999967006188,0.09513866854952252,0.1504444477286317,0.15696121259145412,0.1593568079376537,0.1052627872118367,0.14115575926262336,0.09788263640858211,0.093797680309696
244,244.0,244.3000047593148,0.09444686337240166,0.1521444025211886,0.15696813647850086,0.1591322148427967,0.10579397016266527,0.14077813319456325,0.09769366167675689,0.0930426177511269
245,245.0,245.300011964548,0.09393103919701415,0.15464955225127358,0.15704711047501124,0.15793777647394766,0.1064100299661799,0.13988542862710318,0.09764440593264964,0.09249465707682078
246,246.0,246.30001832961239,0.09346884405008413,0.15677894280914123,0.15705639225820328,0.15672658929343192,0.10693091449513649,0.1389872366320103,0.09760690210808515,0.09244417835390763
247,247.0,247.30002387487423,0.09302185074074877,0.15836402244182857,0.15696995723673654,0.15563542735334554,0.10732318874839043,0.13912515683727106,0.09754678186065767,0.09201361478102155
248,248.0,248.30002862686118,0.09256304564837858,0.1600539025810579,0.15664481653286663,0.15426065396150065,0.1075800584102469,0.13985487647647513,0.09745232928054902,0.09159031710892532
249,249.0,249.3000326173808,0.09211502853532516,0.16218326567225846,0.1562296939212241,0.15266109801044367,0.10771316322048005,0.14059206599516497,0.097326427222792,0.09117925742231167
250,250.0,250.30003588267465,0.09170450817179791,0.16393076311329732,0.15633446147781818,0.15093923558002037,0.1077963253903678,0.14127342959090036,0.09720081840772278,0.09082045826807533
251,251.0,251.30003846261235,0.09133201208510353,0.16584445427599803,0.1563770147428014,0.14874058855235223,0.1078338795608698,0.1422826956018828,0.09707690159784728,0.09051245358314494
252,252.0,252.3000403999302,0.09099441600246728,0.16793472842775212,0.15674274016024875,0.14615141339082927,0.1077786810833466,0.14314678967221017,0.09697142425234623,0.09027980701079957
253,253.0,253.30004173951696,0.09066776766993404,0.17010976977824144,0.15726542135300578,0.14351953197558034,0.10767340129705094,0.14382792365693306,0.09685613462928525,0.09008004963996913
254,254.0,254.30004252774987,0.09037484634918497,0.17208179782791352,0.1579735612189703,0.14096083752281366,0.10754511919312039,0.144376744786341,0.09675418491504832,0.08993290818660779
255,255.0,255.30004281188198,0.09014881506990416,0.1737641017124515,0.1586824950386365,0.13851726495761826,0.10741994059817038,0.1450242913529315,0.0965848321199757,0.08985825915031193
256,256.0,256.3000426394821,0.0899635109837941,0.17535574455923741,0.15935027942732793,0.13617783024425117,0.10727707279030886,0.1456258694310541,0.09642400035692622,0.0898256922071001
257,257.0,257.3000420579274,0.08983119594646997,0.17652161015421025,0.16000367578492292,0.1340006744013723,0.10728561190702536,0.14620947469757345,0.0962866564500052,0.08986110065842047
258,258.0,258.30004111394885,0.08974412643703829,0.1775083725842603,0.16062602206319565,0.13196088886502694,0.10729028879466303,0.14675849365447935,0.09617108080251825,0.0899407267988181
259,259.0,259.30003985322867,0.08969864859780412,0.17872407454157935,0.1608693722210887,0.13006513445992518,0.10729144290725337,0.147215722329371,0.09607625234499684,0.09005935259798128
260,260.0,260.3000383200482,0.08973328692569726,0.17945782297490678,0.16210102645201968,0.12856734092933755,0.10740835551091035,0.1468465670639008,0.09561998517275476,0.09026561497047265
261,261.0,261.30003655698533,0.08974097790818636,0.1801917465029665,0.16345327663286788,0.12706610771044505,0.10740132495639959,0.14657556839637984,0.0951359925248587,0.09043500536789596
262,262.0,262.3000346046589,0.08973716262200371,0.1811999965771096,0.1652385213420719,0.12514087006294283,0.1073373643542282,0.1461043819730142,0.09464511335317627,0.09059658971545316
263,263.0,263.3000325015185,0.08974089268179936,0.18202499454132157,0.16680147218856547,0.12328979550990635,0.10723131424309058,0.1459914724503066,0.09416173535607882,0.0907583230289312
264,264.0,264.30003028367696,0.08976560803508757,0.18288753443712863,0.1684922453164971,0.12163180888166283,0.10677608596209312,0.14577541451810466,0.09371364367575855,0.09095765917366756
265,265.0,265.3000279847828,0.08975730735071288,0.18320762729649503,0.17057103328588494,0.1200111639506893,0.10624757619914954,0.14584641902301815,0.09325052487776639,0.09110834801628373
266,266.0,266.30002563593024,0.0897321751248218,0.18363404811465767,0.1726660960191532,0.11848064250802887,0.10569927236428286,0.14575529574178106,0.09279169471835613,0.09124077540891838
267,267.0,267.3000232656036,0.0896910694876079,0.18373881230733213,0.1747609193401284,0.1174618424609246,0.10513793403954348,0.14551407223353763,0.09234060977177311,0.09135474035915274
268,268.0,268.30002089965365,0.08963490721700568,0.18354868773752947,0.17680563541701702,0.11695544400543455,0.10456975108796085,0.14513507264553804,0.09190027939699519,0.09145022249251926
269,269.0,269.3000185613021,0.08958004436150666,0.18325970890841878,0.17858935540452814,0.1165836110003494,0.10401573418295842,0.14467695277509454,0.09175183371654981,0.09154275965059437
270,270.0,270.30001627117275,0.08952620660746251,0.18288430453387544,0.18037016846155113,0.11633625873033303,0.10304487777988605,0.14458317695404008,0.09162363247387192,0.09163137445898
271,271.0,271.3000140473446,0.08929964435860904,0.1823616593363447,0.1823208887487909,0.11625397173461148,0.10215043783044032,0.14449263726667116,0.09146451873982865,0.09165624198470386
272,272.0,272.3000119054258,0.08904772705258825,0.18173238947635734,0.18427137425890416,0.11617121245572884,0.1012563269568853,0.14458394152759568,0.0912908345664161,0.0916461937055245
273,273.0,273.30000985864456,0.08879977501945754,0.18105326450197193,0.1861909371733649,0.1161818831892597,0.1003992634435328,0.14460898037810438,0.09113433953836411,0.09163155675594477
274,274.0,274.30000791795504,0.08855725001681101,0.18033575055664805,0.18783712833754126,0.11627622360890331,0.09958380257177196,0.1448029606975792,0.09099425845596891,0.09161262575477638
275,275.0,275.30000609215494,0.08832143054451104,0.17959055965337495,0.1894414512238202,0.11644462131829411,0.09881363666260343,0.1449288365153912,0.09086974668837311,0.09158971739363206
276,276.0,276.3000043880133,0.08809341697621681,0.17882761776296568,0.19099821574543452,0.1166776929773489,0.09809164424484507,0.14498834228133922,0.0907599051537436,0.09156316485810627
277,277.0,277.3000028104057,0.08788379976630162,0.17806087485758346,0.19240115554818002,0.1169711859290562,0.09742477334807889,0.14504661085204107,0.09067345615322095,0.09153814354553788
278,278.0,278.3000013624548,0.0876928354510267,0.17729837846777938,0.19365162370591607,0.11731612311463369,0.09681418052917336,0.14510318326131433,0.0906089249233997,0.09151475054675683
279,279.0,279.30000004567444,0.087510906548332,0.17654249798801927,0.19463642067258083,0.11769907982096417,0.09625551299065706,0.14531225277318982,0.09055510316375913,0.09148822604249779
280,280.0,280.29999886011535,0.08733837376435832,0.1757998531112823,0.19536560509807724,0.11811214700809498,0.09574888735906216,0.1456653596483385,0.09051090310324945,0.0914588709075371
281,281.0,281.29999780451107,0.08717548319126817,0.1750762769141309,0.19605930423993914,0.11854791314417222,0.09529389588810992,0.14594486972923015,0.09047526494875757,0.09142699194439198
282,282.0,282.29999687642203,0.08703087823710834,0.17438108765228022,0.19662237431596238,0.11900374003464259,0.09489391443814772,0.1462151880200135,0.09045566761463086,0.09139714968721444
283,283.0,283.2999960723777,0.08690417638952741,0.17371839852481868,0.1970622475319706,0.11947306333516208,0.09454744182157619,0.1464745305167915,0.09045070299217407,0.09136943888797949
284,284.0,284.29999538801405,0.087758573177205,0.17294844582001279,0.1973457450685626,0.11980669958215144,0.09410945129165281,0.14651873697490395,0.09031156516619537,0.09120078291931608
285,285.0,285.29999481820664,0.08862006782996294,0.1722184819532573,0.19752265931423246,0.12014370764910602,0.09372230107562424,0.14655127689281994,0.09018571589653121,0.09103578938846593
286,286.0,286.2999943571979,0.08925711339254343,0.1724206965683037,0.19749076834450455,0.12036926916224865,0.09327366753315018,0.14646188041426883,0.08996197370913565,0.09076463087584509
287,287.0,287.29999399871804,0.08972785415326535,0.17244189857429867,0.1974703938968811,0.12059343628442076,0.09378443936398254,0.14624355284502916,0.08968534424349188,0.0900530806386306
288,288.0,288.299993736099,0.09016968366660641,0.17231279986562445,0.19732137798798927,0.12116305997316519,0.09428433968396796,0.14600277797198383,0.08940753482216203,0.08933842602850092
289,289.0,289.29999356238085,0.09044455961065612,0.1720632063493195,0.19722731734728724,0.12164714075917969,0.09549627482280951,0.1454834506984863,0.08907068395917042,0.0885673664530913
290,290.0,290.29999347041075,0.09072973169070751,0.1722227142046983,0.1970663827770632,0.12181800020051842,0.09675414662366498,0.14458146461210564,0.08897526402830826,0.08785229586293383
291,291.0,291.2999934529335,0.09099707304806323,0.1724079998017165,0.19685178150190508,0.121974868205522,0.09801300776626305,0.1436909085240476,0.08889737002313924,0.08716699112934351
292,292.0,292.2999935026747,0.09122757739939029,0.1728320238145877,0.19673275681034347,0.12206322741168697,0.09924205476297449,0.14258723467992998,0.08881791234911678,0.08649721277197052
293,293.0,293.29999361241494,0.09150299752467159,0.17297696791869677,0.1968085139186476,0.12223265288439472,0.10007238940503373,0.14160607377623813,0.08873260390146982,0.08606780067084781
294,294.0,294.29999377505703,0.09174748093524972,0.17311179890307715,0.19694022317633855,0.12237307060197411,0.10046430780918467,0.14063831569437332,0.08864722311902076,0.0860775797607819
295,295.0,295.29999398368443,0.09192878237938726,0.17338236756173486,0.19731703976094173,0.12237327984152907,0.10076955906157142,0.13964189417015227,0.08852942090132837,0.08605765632335521
296,296.0,296.29999423161223,0.09206404235238333,0.1734829961177809,0.19795844115146377,0.12230039406782021,0.10102034210995973,0.13875470059903586,0.08839594289267841,0.08602314070887795
297,297.0,297.2999945124311,0.09215881439382269,0.17362011849872527,0.19856110755523207,0.12212097677528201,0.10120270663456694,0.13809948898337976,0.08825929082928657,0.08597749632970483
298,298.0,298.29999482004376,0.09236579943192881,0.1731702905827864,0.1990465928188266,0.12195290199709066,0.1015537856775811,0.13770668327615862,0.0881878265127624,0.08601611970286556
299,299.0,299.29999514869473,0.09253446260752654,0.17253879810996256,0.19953398264764738,0.12207148517962738,0.10184759574225719,0.13730585586389094,0.08810644913877243,0.0860613707103158
300,300.0,300.2999954929936,0.09250435239441657,0.17199492805962976,0.19992326701975396,0.12166299223068561,0.10184966573114956,0.13691333288362628,0.08875939871820057,0.08639206296253786
301,301.0,301.2999958479327,0.09243385785846407,0.17147263642384675,0.2005298291463972,0.1211730216185598,0.10179083974855177,0.1365195926875603,0.08939333391598157,0.0866868886006387
302,302.0,302.29999620889856,0.09249632256188908,0.17267826985411547,0.1986505469689738,0.12203577634258767,0.10178189004610605,0.13469390946318363,0.09017241700287863,0.08749086776026585
303,303.0,303.29999657167883,0.09248391485346794,0.173766193339752,0.1967063302963909,0.122921688470971,0.10167780854383993,0.1333617320220245,0.09088392533895732,0.08819840713459656
304,304.0,304.2999969324643,0.09239028645036959,0.17459566178196015,0.19501987344508392,0.1242723203129304,0.10149159951656751,0.13191838470153555,0.09150315768230088,0.08880871610925213
305,305.0,305.2999972878466,0.09223368447528425,0.17588040941217867,0.19336333568237582,0.12535862278808987,0.10124284633124801,0.13052538942482017,0.09204182351151578,0.08935388837448752
306,306.0,306.2999976348122,0.09205091905417465,0.17716324132780362,0.19163213943926696,0.1263361071210184,0.10095619582445182,0.12948840557664382,0.09253786657506292,0.08983512508157789
307,307.0,307.29999797073316,0.09181288939523757,0.1784003574899586,0.1898683172810256,0.12757633180128286,0.10060557192952385,0.12854842910204164,0.09295346055510831,0.09023464244582165
308,308.0,308.29999829335463,0.09153982722929013,0.17932154762185323,0.18793322649796648,0.1286824427756875,0.10021617026370078,0.12806759471077028,0.0933012914018732,0.09093789949885847
309,309.0,309.29999860078044,0.09121308016268063,0.1806196992276094,0.18592758619038677,0.12955731984616042,0.09976768163602028,0.12782938081701883,0.09356241690336113,0.09152283521676259
310,310.0,310.29999889145586,0.09086613989081742,0.181899306661227,0.18426749638546372,0.130298675952656,0.09929509005297563,0.12758735820896816,0.09376748114936695,0.09201845169852518
311,311.0,311.29999916414914,0.0905030659340134,0.18287252082082586,0.18284636700293633,0.13118622197610358,0.09880384467513836,0.1273399675377782,0.0940225111292676,0.09242550092393674
312,312.0,312.29999941793164,0.09023079682310489,0.1835483528623119,0.18193168356682982,0.1319350435626591,0.09829907463417507,0.12708595341124565,0.09422347660281336,0.09274561853686034
313,313.0,313.29999965215654,0.09021092945936586,0.18418209539478556,0.1809943845615336,0.1326493904900017,0.09778556951128572,0.12682434682663835,0.09437206474892204,0.09298121900746724
314,314.0,314.2999998664374,0.09027442129903847,0.18477311074035796,0.1802958849587471,0.1332286250400038,0.09726776495945343,0.1265544458003664,0.09447035418421065,0.09313539301782219
315,315.0,315.30000006062585,0.09033701242626191,0.1852929205361756,0.17967296865165974,0.1337297356059019,0.09676721760268,0.1263197933701525,0.0945327017540347,0.09334765005313357
316,316.0,316.3000002347892,0.08985889538153921,0.1872045806602902,0.17917496512205494,0.1343851585978053,0.09497894783062934,0.12662594159900759,0.09402264453357116,0.09374886627510225
317,317.0,317.3000003891883,0.08937962791539622,0.18896193723186772,0.17895021323446916,0.1349520504573859,0.09322636102682483,0.12693759367815516,0.09349142177156547,0.09410079468433553
318,318.0,318.3000005242556,0.08889375423118537,0.19055405365145045,0.17872081145976432,0.13541869246420105,0.09151629163514678,0.1275706699838666,0.09293448569593962,0.0943912408784458
319,319.0,319.3000006405736,0.08840862539902737,0.19197893526921583,0.17881275454247245,0.13579826340200274,0.0898642516975821,0.1281457125670725,0.0923607425078015,0.09463071461482549
320,320.0,320.3000007388541,0.08789215231763044,0.19359878594936702,0.17875765532563104,0.1358966906979495,0.0882474641470632,0.1290862138042349,0.09173894613499314,0.09478209162313074
321,321.0,321.300000819918,0.08736591596184103,0.19490685549569806,0.1786758548325303,0.13622992510206627,0.08668686317998532,0.13017095085716157,0.09109813933210699,0.09486549523861057
322,322.0,322.30000088467636,0.08702367330854431,0.19611059069863068,0.1785872239890542,0.1363674854465528,0.08532214660723321,0.13121353658798507,0.09045697883192831,0.09491836453007152
323,323.0,323.30000093411206,0.08668561971003753,0.1973020013847355,0.178568790382834,0.13641224755844772,0.08403986997618713,0.13226653621256182,0.08981038925402096,0.09491454552117543
324,324.0,324.3000009692631,0.0863706980942203,0.19848282795497127,0.17856290748183268,0.13638588310151775,0.08285197255760401,0.13329030400216382,0.08918304105780686,0.09487236574988343
325,325.0,325.3000009912064,0.08595640980332153,0.19947715561680177,0.17852281543502127,0.13620293808089598,0.08264723258145822,0.13405478437918633,0.08845066349915641,0.09468800060415859
326,326.0,326.30000100104326,0.08552754405389275,0.20027016517591334,0.17838703834013397,0.13576838052903573,0.08248148802296734,0.1352032458348175,0.0877100037375007,0.09465213430573882
327,327.0,327.30000099988604,0.08499489882966714,0.2008710569236899,0.17928862879759283,0.13513921579264207,0.08216488893436703,0.1362221900491219,0.08687449321161243,0.09444462746130686
328,328.0,328.3000009888457,0.08438204519655981,0.2010397645975074,0.18111038741849056,0.13465010153331206,0.08170593981157924,0.13704131915851056,0.08596691056549535,0.09410353171854521
329,329.0,329.3000009690209,0.08363918871706974,0.2011163937786322,0.18276796312515062,0.13414451950983394,0.0813255967121122,0.13814179971485405,0.08511327026197191,0.09375126818037553
330,330.0,330.3000009414884,0.08291121081404336,0.20191276536721253,0.1843769040745224,0.1334728141880647,0.08007166665580355,0.13960198697019158,0.08428312862541314,0.09336952330474899
331,331.0,331.30000090729425,0.08212242929954976,0.20368241376804463,0.18566453641933328,0.1325549799025466,0.07878072401801874,0.14091996891091899,0.08340082178191903,0.09287412589966919
