,Unnamed: 0,Generation,Intertwine_two,Add_vertex,Delete_vertex,Invert_path_vertices,Insert_inside_vertex,Delete_inside_vertex,Replace_inside_vertex,Donate_between_routes,Trim_one_terminal_cb,Grow_one_terminal_cb
0,0.0,0.0,0.09999999999999999,0.09999999999999999,0.09999999999999999,0.09999999999999999,0.09999999999999999,0.09999999999999999,0.09999999999999999,0.09999999999999999,0.09999999999999999,0.09999999999999999
1,1.0,1.0,0.10369930823427771,0.09843045770034678,0.08177068588684053,0.1047657488410884,0.09240915533309131,0.09937492419579955,0.10475481612492173,0.10684290521159237,0.10910222264118818,0.09884977583085292
2,2.0,2.0,0.10777897253355517,0.09334054869583815,0.0774845504342441,0.11718959302884728,0.09254481509212767,0.10435932249944979,0.10281113827193171,0.08607921158318492,0.10878355930447314,0.10962828855634763
3,3.0,3.0,0.10993140919718805,0.0854300984935252,0.0757052956019465,0.11125993103013779,0.0956354949777692,0.1025683135002405,0.10857322071876312,0.09475352035241319,0.11239659699341013,0.10374611913460581
4,4.0,4.0,0.08944798710114342,0.10353661157091958,0.08215703408085928,0.09567113231069796,0.11044146384302163,0.10783581488459212,0.10486754133376161,0.08844068597060804,0.11094886727907047,0.10665286162532542
5,5.0,5.0,0.08807141052404575,0.09882155954714572,0.08133371989444457,0.11722030561582975,0.09600080412706662,0.10988116436047668,0.10143643250621444,0.09134610858861222,0.11726960237911992,0.09861889245704385
6,6.0,6.0,0.09805520301175988,0.09891092131079304,0.0768919427170112,0.12184559506501794,0.08586264566038616,0.11531272460639538,0.10344490585275934,0.09177363952048284,0.10784375227377892,0.1000586699816148
7,7.0,7.0,0.09960426881917228,0.08739832041778561,0.07676085233070866,0.09645308060277584,0.09217064783519972,0.11461301959090293,0.11432776234123534,0.07973823442507422,0.11356117152347596,0.12537264211366897
8,8.0,8.0,0.0885776315809636,0.1030158236904148,0.07920933263740787,0.10086257481441077,0.08270348881046063,0.13467702871368908,0.11234937922438719,0.07749264554626353,0.11274206940142936,0.10837002558057263
9,9.0,9.0,0.09348728656476608,0.09513008460744972,0.08233497580600976,0.10280748798124481,0.08074932516053504,0.13238833801268235,0.09512544601125891,0.08304964958202059,0.1257555489766683,0.10917185729736392
10,10.0,10.0,0.08988788493321517,0.09804137040166025,0.0812344108181987,0.10713814206019723,0.0980681268893675,0.12652171831627798,0.08385956535140213,0.08240640509102673,0.12062355588091864,0.11221882025773526
11,11.0,11.0,0.09854092431399981,0.09525541688689507,0.07426208265293656,0.10149438097172254,0.07931059576535698,0.13237378309875275,0.10412621375464796,0.07925009734696942,0.119878584630389,0.1155079205783294
12,12.0,12.0,0.11133434339974288,0.08694656040693996,0.08025633683029766,0.10037756310434853,0.07645545516543088,0.14665396743133197,0.09945637800268245,0.07098088844209684,0.11937113427071873,0.10816737294640966
13,13.0,13.0,0.09831634410831311,0.08050101332941434,0.0865216007362899,0.10304969676269198,0.08019567383669675,0.13402645341499933,0.10836998673261682,0.09547531414616786,0.1136878510812932,0.09985606585151625
14,14.0,14.0,0.07961870986202496,0.10185763168974467,0.08461501590197561,0.10269361970809938,0.07074750227269157,0.12702663360311423,0.0989433557092849,0.09484272845873828,0.13663138808092606,0.10302341471339993
15,15.0,15.0,0.08406837418146088,0.10011762482177555,0.07929025393350485,0.10231783680908499,0.08071320704615767,0.11947828795616304,0.10264527391958253,0.08889294296068842,0.13196279958988638,0.11051339878169524
16,16.0,16.0,0.08407505931338301,0.08861082944341567,0.08628646607784154,0.10295195616781257,0.08621210976517543,0.13918838299687689,0.1072424188266385,0.07311867356062263,0.1296787767525899,0.10263532709564346
17,17.0,17.0,0.09051509620555508,0.07939442759107707,0.0791887879820132,0.09083062255141618,0.07959902791912457,0.1366997834604739,0.09781164784530971,0.08414786227504507,0.1489601905806198,0.11285255358936508
18,18.0,18.0,0.09536548401777195,0.08561547172379333,0.08643145877302137,0.11274796261166568,0.06466354318465903,0.13757590303581432,0.10161182585445798,0.08025953505211735,0.12169812937019979,0.11403068637649869
19,19.0,19.0,0.10450415322317241,0.10884606599696249,0.08554487558151283,0.09563887837818337,0.0682026740749567,0.1421965078519968,0.08009521852092402,0.07199209194080627,0.12841849182774628,0.11456104260373837
20,20.0,20.0,0.0752795141549178,0.08849508509648189,0.0786378726927313,0.12464824450518013,0.059727051394673415,0.15160413712183954,0.10164781946976857,0.08369877939408187,0.12911068696027841,0.10715080921004669
21,21.0,21.0,0.07802115948652141,0.08489046302937919,0.0780442266158199,0.1203514499191127,0.06954576117614841,0.12384746370472373,0.1042368216607846,0.09977635635855767,0.11483055941148637,0.1264557386374655
22,22.0,22.0,0.10666934260692706,0.09510343657206041,0.09074306123399106,0.09267828390455454,0.07304902833588253,0.1322427506517026,0.0913417763483513,0.08741579669685748,0.13424227030925284,0.09651425334041977
23,23.0,23.0,0.08501233757156687,0.08673768187809432,0.09116387798091495,0.09614016555881097,0.08630061138191143,0.12724503114131713,0.09904712650502995,0.07468255029450671,0.13560973587362896,0.11806088181421814
24,24.0,24.0,0.09767578347654422,0.08897701898998939,0.10027601277525315,0.09750052870715394,0.06955142432761394,0.1319629560793301,0.09233331250616904,0.07150408565843074,0.13844133447841134,0.11177754300110365
25,25.0,25.0,0.09574995447437731,0.08645533712847629,0.08703766831963819,0.08678304078538202,0.07293857549988828,0.13417290456346315,0.10194717224921553,0.07618047204148154,0.14034527797009005,0.11838959696798723
26,26.0,26.0,0.10217730116964549,0.08964741291581071,0.07665285869205589,0.07927149794320056,0.07600418197121302,0.13747269170285564,0.09330010825080473,0.08724861634259999,0.14729751782614348,0.11092781318567006
27,27.0,27.0,0.0940915845944065,0.099881165646409,0.08300069149406109,0.09743753833992316,0.07594040366114074,0.1451302347445152,0.09330382515317281,0.07354872157646283,0.1201083011096594,0.11755753368024884
28,28.0,28.0,0.09019136994178235,0.08399595697002242,0.07692899472869684,0.0849337866182606,0.09270674438293651,0.13829546762863007,0.100514246486021,0.07812404407445275,0.1401849154818764,0.11412447368732055
29,29.0,29.0,0.07859597759381706,0.0919200805654117,0.08079738890994453,0.10656800312781207,0.08412987241326578,0.13793150061758708,0.09982051948846682,0.08609300290463683,0.1332260134259437,0.10091764095311392
30,30.0,30.0,0.08665565250039686,0.0997991622001291,0.08561054744062743,0.08987405413177274,0.07372238595709661,0.1375895777822614,0.09159806682140655,0.09511643234914027,0.13569600258314257,0.10433811823402599
31,31.0,31.0,0.07916892787300048,0.08917099348124857,0.08443357854446543,0.10290180095906183,0.07179621860805677,0.12979783399418154,0.11286021254681156,0.06876100724703214,0.14234988663369702,0.11875954011244423
32,32.0,32.0,0.0885778723037303,0.08208385466000434,0.09155264649109442,0.1020624908231337,0.07605859710104104,0.1350663287000569,0.09421069243887295,0.07772768348099239,0.14073130312016485,0.11192853088090864
33,33.0,33.0,0.09043720098295076,0.09884005108831519,0.08672490188605454,0.08813968720773016,0.07084750886530064,0.14437091159888946,0.10175584842160552,0.07219098629569884,0.14199378086023726,0.10469912279321722
34,34.0,34.0,0.08420786820913932,0.08431856620189497,0.09202852216404848,0.09579818743632086,0.07056227092322394,0.13170103233085267,0.10512644413478785,0.08360129557887669,0.15213848903911173,0.10051732398174307
35,35.0,35.0,0.08394982984361889,0.0707067507447238,0.08090708496535146,0.0949884951867729,0.07566037412269869,0.15085846999893476,0.10713930399423255,0.08165401868417624,0.14352766267511746,0.11060800978437282
36,36.0,36.0,0.08717666304398534,0.08135765820020924,0.08803668876191192,0.09457921015217408,0.07773456515084232,0.1294799597275355,0.1080790034947803,0.08276450907715124,0.14106929794493545,0.10972244444647408
37,37.0,37.0,0.09975724342331713,0.06959856189657623,0.061944235672691174,0.08234999803813793,0.07693316689062844,0.14324532538094442,0.11792920411235612,0.08682974354684092,0.14133286872749087,0.12007965231101636
38,38.0,38.0,0.08184213148397064,0.07909438688782607,0.07734505457745477,0.09253181833916009,0.06010191038027596,0.1504434737851561,0.08926512439219933,0.10169514037125149,0.14907989820034356,0.11860106158236164
39,39.0,39.0,0.10328518271418603,0.12596064992524753,0.054917932437834736,0.09142695932978938,0.07320010565465751,0.1278807438448637,0.08960861701883878,0.07449342272156954,0.1479616747105533,0.11126471164245902
40,40.0,40.0,0.09762110446266234,0.11016738444799024,0.08904290868890005,0.09850112674960838,0.06532292081996174,0.1226925796503042,0.09950618788038187,0.08186514185943852,0.13149859842039927,0.10378204702035294
41,41.0,41.0,0.08547740393378343,0.1049326696261111,0.07523342010179217,0.09703410032238227,0.05636657820726189,0.1366157660191472,0.11005822141342674,0.06837571443728072,0.1673925453640624,0.09851358057475172
42,42.0,42.0,0.07363184794167857,0.08687386388121945,0.0939739392136231,0.10991951476601232,0.0715988406217271,0.12983113214471914,0.0941222182696054,0.08839906296241534,0.13257043906150578,0.1190791411374933
43,43.0,43.0,0.08552587561068373,0.09952033307174242,0.08797595501246394,0.10308329696783058,0.06263801969601321,0.14364733863149942,0.07577742181170947,0.09518734446597923,0.14714292874579285,0.09950148598628475
44,44.0,44.0,0.10100907482717394,0.089038073541601,0.08757006678541125,0.09487067230718219,0.08894748024192407,0.12142134729245299,0.09749761248355544,0.07405209152030275,0.1326966675774904,0.11289691342290557
45,45.0,45.0,0.09494560506872457,0.08716491184219996,0.06896464531788181,0.1015670341477429,0.10585754528169984,0.12731415919102343,0.10952956181248877,0.07956650335748458,0.12846414617503304,0.09662588780572069
46,46.0,46.0,0.07471278038430187,0.09966917545910603,0.07356869980083958,0.09784211106849242,0.06549801468350583,0.13941057715614377,0.0772667590247164,0.08180604469345895,0.15484607689476929,0.13537976083466546
47,47.0,47.0,0.07369445941654956,0.10719853995483639,0.07909974220252451,0.0990749582853168,0.06119535463358443,0.14493702044908563,0.09024629269783155,0.09351585938446791,0.1360642592991377,0.11497351367666506
48,48.0,48.0,0.07448725932411623,0.10661525865510997,0.07703336962625104,0.09907985306662648,0.08440959726863143,0.13539377389503646,0.08521147345401951,0.08779790816192211,0.13679981220653908,0.11317169434174726
49,49.0,49.0,0.09425014426624856,0.08763113975005657,0.08380823968807342,0.08153692374897445,0.06575251103826373,0.14378580495077514,0.10669645615352463,0.087774606272866,0.14632152604231824,0.10244264808889887
50,50.0,50.0,0.09873763252960724,0.10736273366033047,0.07093443137055386,0.0972831571219998,0.056528045420928506,0.13844694223119955,0.08562695850986503,0.08417561269409528,0.14853711831181723,0.1123673681496026
51,51.0,51.0,0.08809606138027952,0.0938613458919652,0.08890535884490433,0.10579857639232593,0.06312038903154214,0.14222124230223712,0.10166368023135282,0.08055584227240413,0.13723018095067158,0.09854732270231682
52,52.0,52.0,0.09605139191955428,0.08851755524633413,0.07753967878306628,0.09601569512409502,0.08217713140563199,0.1302542154384588,0.10166940988665152,0.08775948372774545,0.13133463953491717,0.10868079893354494
53,53.0,53.0,0.08680579171311506,0.08737037066257528,0.07292991768642809,0.08001785114915613,0.06758248613448453,0.13605804703181587,0.1012921995727285,0.10832142910970222,0.13463903169982705,0.12498287524016675
54,54.0,54.0,0.08483344613003871,0.08558565528355096,0.08632825756507054,0.09282284304345303,0.07162892595417684,0.14760048708996137,0.09096869778201286,0.08363388100972181,0.14745788420424072,0.1091399219377727
55,55.0,55.0,0.08341816800672837,0.09441851006037019,0.08435592020180138,0.08139662105515769,0.06759231779016943,0.130766809766605,0.09300809732410228,0.08682157526243181,0.16218003705649614,0.11604194347613732
56,56.0,56.0,0.085303191394968,0.10484208877632814,0.06277398103205031,0.09466030374994258,0.07661804900867317,0.14690153407872925,0.0960052755043671,0.08709068818024426,0.14633694060592536,0.0994679476687714
57,57.0,57.0,0.08423895273632143,0.10090146557431974,0.07747707022228305,0.08691088074743178,0.08224176654226027,0.1355721766963263,0.09602623114977987,0.08496652758482338,0.13900643777734498,0.11265849096910867
58,58.0,58.0,0.08381062063483832,0.08726162720388334,0.08531240273230019,0.1015877602077078,0.07618425638271631,0.1285620217892336,0.09719455098105513,0.08880255953467617,0.14109660640710764,0.11018759412648109
59,59.0,59.0,0.07600135483228633,0.06850499304787508,0.07608062787751313,0.08247371366237158,0.0851224473100968,0.15277832575972994,0.10968260706480049,0.09611732153622855,0.13705853140849547,0.11618007750060222
60,60.0,60.0,0.09960878707807098,0.10104588902419102,0.07396500307122636,0.08158635875733361,0.09069893439043307,0.13984483046404114,0.07314474332710548,0.10012148811328785,0.1323768776264867,0.1076070881478233
61,61.0,61.0,0.09583940316074466,0.09306674889544395,0.07738444428578714,0.07431414102748282,0.06933288863433626,0.14300569563245197,0.10230405625740371,0.08478206271719932,0.14768502551033252,0.1122855338788172
62,62.0,62.0,0.08547269048742323,0.08959497216431862,0.0824041463847927,0.09798561875742921,0.06645383247166817,0.1509224267112354,0.09548501483989838,0.08456848687350552,0.14016365521632634,0.10694915609340183
63,63.0,63.0,0.1084008630547452,0.0985155656732847,0.07728119054984425,0.07859598176375313,0.06017776141989332,0.14925836199754697,0.09108391865360208,0.0846610152802167,0.14963403342320006,0.10239130818391322
64,64.0,64.0,0.0786528304169665,0.07826957483535943,0.056253752388144576,0.11529966005176615,0.06284907709748334,0.13975769997582238,0.09679476584551835,0.09402076075352454,0.14314211553526845,0.13495976310014582
65,65.0,65.0,0.08318498724030354,0.07661073880731688,0.07761802156536589,0.09572574794170738,0.07649234256482644,0.1603753978400915,0.09374043885641327,0.07890366559718993,0.14983096669001117,0.10751769289677364
66,66.0,66.0,0.0934986812620788,0.06546225339598429,0.07564453972916715,0.08828290009550371,0.08007515392734077,0.14525695235989283,0.09330821274673229,0.08560235288965491,0.1359682149156152,0.13690073867802957
67,67.0,67.0,0.09292673959536059,0.10076146696975749,0.07190968986627963,0.08441564516715767,0.06631568131929558,0.14857198507189567,0.09611762417723127,0.08155913972996715,0.15176537421600156,0.10565665388705299
68,68.0,68.0,0.09688809433179314,0.08950528450489993,0.06816233182212494,0.11279750256626267,0.06339944059953896,0.12167627452816757,0.09610232319882925,0.08627602975305923,0.1379540470194432,0.1272386716758807
69,69.0,69.0,0.08851468426514034,0.09736972066948915,0.08819233101400893,0.08458044166313852,0.05556348081899835,0.16058302622314213,0.09020924211880071,0.07931907146414431,0.14930132569300042,0.10636667607013668
70,70.0,70.0,0.09564745588489545,0.08552730776587367,0.09444462703631502,0.10187197504458803,0.06730855556581297,0.12266433194494197,0.10733916244654518,0.07755710409005574,0.13395171217239676,0.1136877680485747
71,71.0,71.0,0.1073779430415674,0.08668388385822522,0.0788547601973629,0.09358804715001481,0.07143289978368486,0.1330659713319115,0.09526900098947164,0.09079452830550136,0.13433235351072653,0.10860061183153329
72,72.0,72.0,0.09635550364594495,0.09575392133162497,0.08226424971090023,0.0956393192745443,0.07325281749546218,0.14591660980411178,0.08752154482775593,0.08760103007961909,0.1386179145041957,0.09707708932584047
73,73.0,73.0,0.09012199486267473,0.10042980629977687,0.06736469964195732,0.09143176476649116,0.08442594758817079,0.13579013522184252,0.10602457311255176,0.08985807209399217,0.11863546371566092,0.11591754269688126
74,74.0,74.0,0.10063792767235527,0.10569079062628735,0.07758299297726058,0.10029523435867446,0.0667471626655305,0.13918847895383973,0.10041387633630752,0.06567720825020198,0.13403026980568208,0.10973605835386005
75,75.0,75.0,0.09378400956946169,0.08681901780652762,0.07400966313120275,0.08680781764536277,0.06285756172004771,0.12161026670980721,0.11507162522730072,0.07325455541250687,0.16520112902772563,0.12058435375005658
76,76.0,76.0,0.09989472808986519,0.09626737962339399,0.06124058779561635,0.09482681772408512,0.06966158942666681,0.13690741428390868,0.09529931155331842,0.07754053157093867,0.1397957447560882,0.1285658951761182
77,77.0,77.0,0.09737174139036053,0.09770202658119098,0.10517173888727505,0.08796734173719109,0.06954345180045038,0.13320813446742055,0.09361219796414276,0.07367883291754358,0.13627979411064728,0.10546474014377734
78,78.0,78.0,0.09415780356395767,0.09026273763852964,0.1103241171604989,0.09192549220868554,0.04576075208832876,0.1504179706184455,0.08635187035892437,0.0729360311811183,0.15253226713270643,0.10533095804880446
79,79.0,79.0,0.07677833515661782,0.09998775861817763,0.0949981318108286,0.08359346812065147,0.06202722563892714,0.13785955966646052,0.10371522532467367,0.07648061632913229,0.14753606224156718,0.11702361709296338
80,80.0,80.0,0.08454324288876477,0.08869645066385147,0.09072861367825834,0.08494216502978233,0.05830889391201558,0.1596056721346824,0.11707257424450998,0.0668686625251043,0.13995475108811223,0.1092789738349182
81,81.0,81.0,0.09554898107110496,0.09035991150382873,0.08866846523819659,0.09797480486032298,0.0841845042213072,0.11721755452278174,0.08238157960939342,0.08388706356490093,0.14634890941767864,0.11342822599048441
82,82.0,82.0,0.08006022294647452,0.07516968732871825,0.0904845842146467,0.09680464318368635,0.056499501872408854,0.1733175071081032,0.08865466283509718,0.09180046520066722,0.13962188297354716,0.1075868423366501
83,83.0,83.0,0.10138546384902562,0.09479244292054223,0.07411420851679786,0.10328795849437308,0.0676172375300301,0.1611953350969142,0.1138434107102719,0.05216493197145923,0.13415171939271678,0.09744729151786855
84,84.0,84.0,0.08897508764308684,0.09334570825317932,0.08730821623574446,0.08798947900249794,0.07244289587108292,0.14264924357988912,0.08960630446480625,0.07549793094143381,0.14154816515257224,0.12063696885570663
85,85.0,85.0,0.09223033353727968,0.09628123585983037,0.07120362874624198,0.08897182226750948,0.07902386572489448,0.13590540510122143,0.08502243497381845,0.07534978121857619,0.1449721197624529,0.13103937280817463
86,86.0,86.0,0.08346514601017321,0.06851207971372417,0.08543632599749873,0.08214706375785163,0.06804897827880454,0.15230277805682274,0.09706414573857886,0.09171921466397386,0.15282404285341689,0.11848022492915503
87,87.0,87.0,0.11059731101086956,0.09751339664864565,0.08870091314899822,0.08150892009695218,0.07029132939369649,0.1319425426218711,0.09252098613054865,0.06773692502832719,0.14170632795858668,0.11748134796150381
88,88.0,88.0,0.09240229297895401,0.10050457887497499,0.06550151243331367,0.1067268946159641,0.05382388195567006,0.14233953501438312,0.1144370484297044,0.0665163413394137,0.15341971843061228,0.10432819592700923
89,89.0,89.0,0.07370458579553285,0.09926677565264633,0.09073850505841906,0.09122474241845749,0.05993285183681507,0.15098601601339187,0.10973712197062442,0.07507184964513365,0.13821214296255319,0.11112540864642557
90,90.0,90.0,0.08687625120421437,0.09082089152335715,0.08260562426251625,0.09354017776642988,0.06397380605563717,0.1490097078433796,0.07976951779425306,0.05544833665391728,0.1735967060674957,0.12435898082879907
91,91.0,91.0,0.09136317936327903,0.09397883101935155,0.07465526640685902,0.10156465444928017,0.06556819389282116,0.15995587467091063,0.0773515306980765,0.06855723544576812,0.15658491067003744,0.11042032338361603
92,92.0,92.0,0.08324874380231813,0.0802597588926014,0.061318686651562516,0.10368301189774129,0.07389457567340374,0.18080420753518203,0.08595213844083277,0.05836827783769878,0.17548167714082824,0.0969889221278307
93,93.0,93.0,0.08099794490400446,0.09441350696711165,0.08180724368442802,0.0899568112377104,0.08495551144624927,0.15689020076588403,0.0693886257076225,0.0653991682131786,0.17137915422883004,0.1048118328449807
94,94.0,94.0,0.07727867753011694,0.08467601932751789,0.08195398315151477,0.07681135667543723,0.05968880438899836,0.14795610381153768,0.09334910740749924,0.10056340196713949,0.1612913065861452,0.11643123915409277
95,95.0,95.0,0.08534104253894828,0.08863528299332173,0.08414607233045959,0.10183845839143964,0.077419537181421,0.1353767643962266,0.11220003569147678,0.0668978556084469,0.13025482480670167,0.11789012606155735
96,96.0,96.0,0.07207786881626436,0.09540008026077393,0.09044445998274941,0.09377234350518027,0.07620018858731686,0.1473168030348181,0.07154631346099971,0.08898879370320736,0.15925568222469547,0.10499746642399418
97,97.0,97.0,0.07406640006772233,0.08303639154054661,0.08728643585870777,0.1031195356825313,0.06891919392318649,0.13479677305698284,0.10545360642258154,0.07481158387789215,0.14464690915048978,0.12386317041935886
98,98.0,98.0,0.08461799103163639,0.0999110972624195,0.08065727505181826,0.08679586797969142,0.06828447538177626,0.16448495827248313,0.09272558688703832,0.0666762366658028,0.15593998416628235,0.0999065273010511
99,99.0,99.0,0.10663368907642339,0.09793655391964178,0.06811571461340202,0.10421306269352955,0.07103555624281654,0.15108696943040573,0.08512404624640522,0.06434193409224663,0.15432858056270143,0.09718389312242733
100,100.0,100.0,0.10858615141456145,0.09967020863521332,0.0746917223751754,0.09760909130009207,0.07426260456828512,0.14537021132177472,0.0862236078274554,0.06934234686144956,0.14400823446900946,0.10023582122698305
101,101.0,101.0,0.07113937943858542,0.0870645781815835,0.08960389972429729,0.09010147305075786,0.07159099551913076,0.14591697525593403,0.1026584495288827,0.06131226710053446,0.17042545695744274,0.11018652524285091
102,102.0,102.0,0.08734545115275545,0.09751622180172424,0.08063401362283373,0.08619772053773116,0.06489169608160315,0.14691137501558968,0.11107343700421088,0.062310284480829384,0.14463532990482492,0.11848447039789692
103,103.0,103.0,0.06632660885213179,0.0892260270468844,0.07861293200591604,0.0905880883904315,0.06982122222700471,0.15851656431158956,0.09275231574659219,0.06782569144659657,0.15090471408764997,0.1354258358852029
104,104.0,104.0,0.12038452972446889,0.08667118202407716,0.08512819686535461,0.0884460491864578,0.08412274099249904,0.1496999145571838,0.09305482306818852,0.06387877747927417,0.12904188582472817,0.09957190027776744
105,105.0,105.0,0.08801205282955124,0.08189803145191961,0.08917276618197592,0.10769402525431312,0.060459536431796024,0.15106849232459285,0.0970827171742921,0.0671965011715174,0.15134825963645127,0.10606761754359004
106,106.0,106.0,0.0931865071720478,0.08942009585810645,0.07522594529033244,0.09149487763548954,0.06943903263604641,0.15276207229156596,0.08881607990587478,0.08479772471206466,0.14833592945110816,0.10652173504736333
107,107.0,107.0,0.10030547659019544,0.09232901250316136,0.09055603408253152,0.09017866325148968,0.06719748625827354,0.15299637193582988,0.0901886715754864,0.07047016938764433,0.1484895660453398,0.09728854837004763
108,108.0,108.0,0.11448751027581563,0.08769090634231058,0.07558746357874593,0.10379011395817155,0.05852734367730813,0.1432205149473144,0.09170690281513469,0.06548547602724838,0.14198539703331786,0.1175183713446325
109,109.0,109.0,0.09392447966627562,0.08518313827268192,0.08785399643054081,0.0980852587966896,0.057264532835273316,0.14917979976779722,0.08911217131403035,0.07930780352972112,0.15512574364996823,0.10496307573702142
110,110.0,110.0,0.07938816522424601,0.08138785082203145,0.08798509389603204,0.09623675753025743,0.07734337643186982,0.15690149296958925,0.08756264475553846,0.07524826223998331,0.14000832435779767,0.1179380317726542
111,111.0,111.0,0.09619649460604683,0.07567233212395356,0.08456538145215144,0.10435518490855047,0.048488188004492803,0.1369890193726253,0.09289332040605633,0.0802157024362756,0.16987864523194557,0.1107457314579016
112,112.0,112.0,0.07602260097663241,0.10143493771798337,0.07401786161644205,0.09992293526389834,0.0782319134036073,0.1277225272218548,0.0955873535428233,0.08580016164109115,0.1406568709957919,0.12060283761987489
113,113.0,113.0,0.11231794512368228,0.08513043575483208,0.1014443889618526,0.08689702481661907,0.058004258739893455,0.14830835000627363,0.08899005212818403,0.06117952266807256,0.14916889894589308,0.10855912285469675
114,114.0,114.0,0.09822671460295676,0.08769511161926628,0.07985325263134462,0.09900423967607573,0.06815694213792049,0.1527509809042296,0.08921144741232409,0.06924304293742754,0.14669782053067457,0.10916044754777987
115,115.0,115.0,0.08720367788105862,0.09458357796195885,0.07507407934368444,0.07362682390461414,0.04994387257692737,0.1842490931361071,0.06989201188729034,0.07208430123600149,0.1711025284901681,0.12224003358218923
116,116.0,116.0,0.08080447731868079,0.09520927310191334,0.08948619931874247,0.0956757693876339,0.07326044594921072,0.15611615983770027,0.08125899417742695,0.08158590980111546,0.14992574137402984,0.09667702973354583
117,117.0,117.0,0.09683929027919007,0.09516138158906089,0.09147893445261787,0.08777989086284115,0.07191418101693137,0.1422314891152357,0.07868502392961563,0.06537229594691776,0.14086014517934162,0.12967736762824747
118,118.0,118.0,0.07736079458322434,0.10067685718672355,0.0808580545704589,0.11150196183484362,0.061106119707981875,0.12749689974210393,0.07851643596689994,0.09253994772422257,0.15932628381255184,0.11061664487098885
119,119.0,119.0,0.08332871860635038,0.09266796486136471,0.08762179265722762,0.0928186576557127,0.06443601829006433,0.14624072523269954,0.0855593164743496,0.07663089796029716,0.15725980840238224,0.11343609985955132
120,120.0,120.0,0.06635205584414629,0.08640101274968301,0.07777408996644909,0.10188091376341182,0.06084186272067031,0.1751813944385197,0.07525346734808833,0.0784934453609745,0.1546922859220698,0.12312947188598669
121,121.0,121.0,0.09181460131234523,0.10106761983900311,0.09201713199549204,0.09654754740606125,0.054910277971422186,0.14523247213117593,0.11398253556717246,0.056902022799059704,0.14660120015227665,0.10092459082599103
122,122.0,122.0,0.09265735163153663,0.09496350380846989,0.09927248599460786,0.08473293837803099,0.08745188518947604,0.14619838056101742,0.08192031438018263,0.07192294783980266,0.13106178681866062,0.10981840539821489
123,123.0,123.0,0.10343714987290933,0.09443760112704036,0.07339042239020892,0.09112088270548041,0.06243602248873936,0.15356870786668902,0.08253962907552195,0.07593862517174624,0.14982365041600745,0.11330730888565652
124,124.0,124.0,0.0963721440071034,0.08469089637801226,0.08181592275065142,0.10297230690499952,0.060312844300799126,0.16360080783692282,0.07660381675296637,0.06485320283771433,0.15684475752148824,0.11193330070934207
125,125.0,125.0,0.08877647938475666,0.11298498618363509,0.0795197556599298,0.08889852444685985,0.05281168949650099,0.13547772223204552,0.09834027024709033,0.07868591624583059,0.1453995360022631,0.11910512010108772
126,126.0,126.0,0.07428831139759633,0.10580179817621382,0.09693590905202723,0.10312402117247396,0.05454992904907578,0.13773079718324635,0.11035530634826922,0.06840915211393125,0.13678148173714813,0.11202329377001752
127,127.0,127.0,0.06642415563938069,0.09437163065710225,0.07768598723067613,0.09077454305256288,0.07491073876100654,0.14946159336871684,0.09414139322945855,0.08051682818188496,0.1497651028925212,0.1219480269866896
128,128.0,128.0,0.09305666866342073,0.09961762152397521,0.08649719495186971,0.09819451168521662,0.05051466020035274,0.16784046943982817,0.07952966357235916,0.06285359166798173,0.15706593049709497,0.10482968779790058
129,129.0,129.0,0.1093242252294527,0.10469769409721019,0.06718004973744512,0.08424659572445622,0.05816170188425297,0.14984530667330112,0.07962378042695155,0.0705228042795983,0.1592504611190959,0.1171473808282355
130,130.0,130.0,0.09988346342343242,0.08358639879764553,0.07662424109496382,0.09851531356720974,0.048066023093938946,0.14256288014284507,0.10575004409017037,0.07726110401303447,0.17521589977817392,0.09253463199858532
131,131.0,131.0,0.08084430778146194,0.08846307290796593,0.07236132139526089,0.11238506188904777,0.055723683706752625,0.13094469601612238,0.09681147651300778,0.08299765226586098,0.1562741693907558,0.12319455813376343
132,132.0,132.0,0.0944286290221544,0.08928898660941482,0.0655880292814226,0.08475037148859992,0.06492873755527119,0.16732652703692405,0.08998662041948782,0.07376161180001085,0.15684241265010332,0.11309807413661055
133,133.0,133.0,0.07017161280558135,0.10097484746148858,0.07418303429588409,0.10972705781916743,0.055436420047086564,0.13568160272172897,0.09719049099512753,0.08362737120127671,0.15157182342700642,0.12143573922565207
134,134.0,134.0,0.08342817153781566,0.09371390527303601,0.09295041610838668,0.09068529668543768,0.06234912598032821,0.14067978732640057,0.08908846099731557,0.07832360645931859,0.14658772685672122,0.12219350277523937
135,135.0,135.0,0.08513214553842262,0.09873367696962027,0.11331098500996839,0.08573835959584655,0.059694513425748795,0.1685108599564154,0.07708562957529903,0.04939785224890833,0.1390251755418865,0.12337080213788368
136,136.0,136.0,0.09063273843972858,0.11860999645831671,0.08729888551413047,0.0926848818237326,0.07750308286700903,0.12306361282477629,0.08983752262791234,0.06042342522765739,0.13195143165769996,0.1279944225590362
137,137.0,137.0,0.08522386540024687,0.10341792541386244,0.0783666552158333,0.09866531181831664,0.0456197408897441,0.14809842668064782,0.09466468399948165,0.07718466974386555,0.1534835389637096,0.1152751818742916
138,138.0,138.0,0.07719157839746053,0.11022859466750992,0.08885465782354432,0.0803704010983294,0.044333831997172855,0.16323244981653268,0.10845553651090985,0.07949557162172509,0.13526450289534814,0.11257287517146683
139,139.0,139.0,0.06960338625921515,0.09454021952623948,0.09708296016547227,0.0742112835384007,0.06587089364805326,0.13859346959996657,0.0818951670952185,0.08950021513160272,0.16521496193509766,0.12348744310073327
140,140.0,140.0,0.08659974852279113,0.09874485252758192,0.08875498628556275,0.10199485400547983,0.07075166629767189,0.12103947846585976,0.0927248165559222,0.07708263550600462,0.14351079294552938,0.11879616888759607
141,141.0,141.0,0.08732003849646919,0.09461114662830698,0.07527201018949983,0.09548924000614122,0.058749425818690845,0.14295356529949887,0.09197285433473341,0.07060590777339712,0.15958652620703823,0.12343928524622391
142,142.0,142.0,0.08502120431055839,0.10452089738269188,0.10841767052923253,0.08659083693172732,0.054525380246656666,0.14527363715561722,0.0778747204964262,0.07757253956898487,0.1372575767238467,0.1229455366542577
143,143.0,143.0,0.07287808793808526,0.09148541684636921,0.07498153497116149,0.09526987671985074,0.0869001105637464,0.12746155991405392,0.08660575776468364,0.07149888034843291,0.1549451219433031,0.13797365299031297
144,144.0,144.0,0.0924744497914183,0.08035297258622608,0.092902530372686,0.08180231458448674,0.0630942397328735,0.1501632311453016,0.0970645496105584,0.07792604614262247,0.1448505646332428,0.11936910140058374
145,145.0,145.0,0.07940265304003348,0.08742354897468323,0.06755884084411487,0.08551037484273187,0.07368369489842201,0.14584038848704178,0.09095737384806242,0.09134313310590961,0.1473693335036796,0.1309106584553208
146,146.0,146.0,0.11315324476466944,0.09109180088112914,0.07841654734228318,0.08115326106170151,0.053039271736091874,0.1588188970959458,0.0903520597011681,0.07024183854811587,0.15148084864643113,0.11225223022246363
147,147.0,147.0,0.08655908835469238,0.10790150843826185,0.099579015987146,0.07622704404517121,0.05057507410616684,0.16689414602918817,0.07448158142316738,0.060488780967870005,0.1649579267363,0.11233583391203575
148,148.0,148.0,0.08772120181494737,0.11078348200527115,0.07874324332875535,0.08784542976796332,0.07087551101262159,0.14207622012309246,0.08669582554530188,0.06768400479223251,0.1530967111138383,0.11447837049597571
149,149.0,149.0,0.0888212097743181,0.1120906196663993,0.08430835499776927,0.08112780167868025,0.0711871545882704,0.1556158356043566,0.07055264461929081,0.06835738525957247,0.1730261549731733,0.09491283883816912
150,150.0,150.0,0.08259737379538246,0.09526209931755644,0.08636402709671423,0.074268861389676,0.06254297718908172,0.14556281692267156,0.07132303859374022,0.08222627695703892,0.15961771634896305,0.14023481238917498
151,151.0,151.0,0.11181331073132743,0.06903586771685155,0.07612062273892446,0.08897935940169295,0.061573581407496226,0.13680559056566294,0.0978089461142832,0.08263939734692322,0.14212942690960362,0.13309389706723404
152,152.0,152.0,0.07364697694557786,0.09746258903079659,0.07262510252318542,0.09317099061897718,0.054556408682953896,0.1573358671137028,0.0888726696262033,0.08180958481037391,0.14476798060793533,0.13575183004029326
153,153.0,153.0,0.08531166192428205,0.09801250061787278,0.09392362649241649,0.0978893989976224,0.05652434487553507,0.1448499412427307,0.09578609144180138,0.0722059728156113,0.15352183418467502,0.10197462740745236
154,154.0,154.0,0.11617466045833665,0.08379368511090271,0.08734875097355828,0.09694731830663221,0.05864445363556642,0.14026010746623396,0.10259597909769318,0.07226262695586334,0.13793556613593855,0.10403685185927432
155,155.0,155.0,0.09638595898381894,0.0960931990629494,0.07902312342188504,0.10668477026111625,0.04048244108300494,0.14299118603012526,0.1052697783513115,0.08348989379295581,0.16308131796710862,0.08649833104572377
156,156.0,156.0,0.08093659290121809,0.09293212948427225,0.09844416741966529,0.08926737871666264,0.04672993116439968,0.1614948432344951,0.09298864551512413,0.06618551521208477,0.1501462381561685,0.12087455819590913
157,157.0,157.0,0.10085676887162691,0.1069538037316486,0.09342088279859939,0.09989442425040924,0.04502837791084158,0.14016867316069603,0.0885328002586924,0.062192498006316856,0.15627035878420098,0.1066814122269677
158,158.0,158.0,0.08316463877977019,0.09562727515245564,0.09295094446865444,0.07604024600091575,0.08447703759654873,0.16169663363573294,0.09713633585136194,0.07632413579044217,0.1457981854486411,0.0867845672754767
159,159.0,159.0,0.10247143904480123,0.0935960571583183,0.09167875498659592,0.08323252139088513,0.06483095762139453,0.15169194464424904,0.09964811527883173,0.06273895789356208,0.14891372280060572,0.1011975291807559
160,160.0,160.0,0.09602257324609834,0.09369372288993534,0.07379704629599959,0.09589911354274061,0.07405307414042717,0.13940958249666757,0.08798090222954873,0.07376927117586277,0.15684482311749887,0.10852989086522061
161,161.0,161.0,0.09928270189926622,0.09678265460746312,0.07763546866953905,0.07634558183000087,0.054344784416071865,0.14890388087587075,0.09133318937519783,0.07156198230478002,0.17507168099735243,0.10873807502445747
162,162.0,162.0,0.10233130270343112,0.07172224434994255,0.08804725867457172,0.11967473563775208,0.06309420814567392,0.1346607581683012,0.09158938449176882,0.0654101101772219,0.14470913655671017,0.11876086109462611
163,163.0,163.0,0.09294210505732946,0.090510490219203,0.08527782306641758,0.08370753040944563,0.0785969185045106,0.14576289337635923,0.08811385639865972,0.07392470360258335,0.13798935589490396,0.12317432347058702
164,164.0,164.0,0.08283783457521621,0.08446274652166393,0.07610714063196643,0.10635216455822676,0.05931406274774964,0.13765324693087538,0.1057029873770369,0.07326444382886893,0.16055398580446448,0.11375138702393099
165,165.0,165.0,0.07049953361764126,0.09849926954077158,0.08793402678696696,0.09223077752249983,0.04873338698745923,0.14922515748251777,0.09651190347167941,0.07085823131222874,0.1579801896007148,0.12752752367752
166,166.0,166.0,0.09027935624550232,0.12076340986529906,0.07647420680033304,0.09237895071313824,0.05426076444888519,0.13702339433541397,0.07905455778224604,0.0629621058462487,0.15696934511366092,0.12983390884927204
167,167.0,167.0,0.08079935538138025,0.09096478524490836,0.0602093707470974,0.09174145861340785,0.06875331794113089,0.1459225057588349,0.11721558807846948,0.09063503645181196,0.15189982567835864,0.10185875610459982
168,168.0,168.0,0.07037132952855964,0.10172539386070689,0.07571032530264613,0.0847778838906735,0.05145166321937309,0.16803902623219874,0.07592714661102191,0.06629777409242783,0.1699213256188804,0.13577813164351146
169,169.0,169.0,0.07327812520583253,0.11011525119180166,0.09049425279677019,0.08202246639669292,0.05219461115796568,0.15643191040144497,0.09951527463265325,0.07735821693494936,0.1446925097966637,0.1138973814852253
170,170.0,170.0,0.06677002267498214,0.10256053923975172,0.09279099222962368,0.08262202827054416,0.061921924983767064,0.1525544723237996,0.0956673682676012,0.06574143901619862,0.16770989752777943,0.11166131546595201
171,171.0,171.0,0.09165380618746016,0.09945224500657868,0.0699181310546676,0.0854397475824373,0.05893281228496929,0.16051977078288798,0.08849410329438195,0.05254699594868323,0.17855693536122028,0.11448545249671313
172,172.0,172.0,0.10147837157554271,0.08451978649171135,0.10022950655990122,0.08977203981186677,0.07254848771300408,0.14124380956636823,0.07509437341597934,0.06442005504175755,0.14728766031661286,0.1234059095072555
173,173.0,173.0,0.1009661434102207,0.11070638687517986,0.10126172553768749,0.08565199696646082,0.047985991246102574,0.15642835720699305,0.08041826370194574,0.05678072906662285,0.15288934037593094,0.10691106561285557
174,174.0,174.0,0.11191334350566391,0.11554476092088639,0.08035958123205215,0.09200088173348361,0.04782310098200958,0.153387955686142,0.07529977861172119,0.07370668839949301,0.1432716276689439,0.1066922812596038
175,175.0,175.0,0.09052120492037474,0.10742743336077458,0.07883822816164145,0.09602708450748385,0.04629651323864871,0.15634821291919232,0.08782461658976215,0.067532539748509,0.14036506540973603,0.1288191011438768
176,176.0,176.0,0.08965413228074273,0.09009032196248863,0.08140892275755643,0.08323731800658553,0.06377017846523568,0.15774512962266257,0.09918279087820987,0.07380764132189091,0.14828984533842238,0.11281371936620496
177,177.0,177.0,0.07994630799431979,0.09179860536155166,0.09081922261617201,0.06949449753686594,0.08588002496608692,0.12904486888797168,0.08664342223037637,0.07193136400469745,0.17239356712395573,0.12204811927800219
178,178.0,178.0,0.07789809176062726,0.09295933458953003,0.06790144857232548,0.09171997355613115,0.07131715128712585,0.14958850568194193,0.09469266413112094,0.07477505478452996,0.16415276472306564,0.1149950109136014
179,179.0,179.0,0.09480834764704829,0.09467099105327047,0.08818713958698379,0.08776481357214076,0.04792383266643423,0.1447720480006857,0.12110721265139432,0.05971487579072249,0.15129823672838758,0.10975250230293196
180,180.0,180.0,0.09255209182080366,0.08821183220796089,0.07351768765712587,0.09568444078185014,0.08853528552805351,0.16630440442524952,0.1159343322911511,0.06850238408147977,0.1364955795051082,0.07426196170121693
181,181.0,181.0,0.08807179401999131,0.08175123531564661,0.08865336730082941,0.07260760938382073,0.05459454509931043,0.1444630562461255,0.08772619510533634,0.09164068100077291,0.15806983463416957,0.13242168189399678
182,182.0,182.0,0.08804927998641235,0.07985378619306097,0.07121849000065841,0.12427390859345497,0.06636948460189444,0.14561515272251713,0.0712996118394294,0.10580784378474173,0.14563410578465885,0.10187833649317138
183,183.0,183.0,0.08931371051424461,0.09987196970223947,0.07077962000123819,0.07898558753673023,0.05605740344617599,0.15204155678049872,0.10538234145624596,0.06880714928265448,0.1557100777440282,0.1230505835359437
184,184.0,184.0,0.0784647540131243,0.10357494631686617,0.09616189479402643,0.1056310367404738,0.03550353158930517,0.14319000001600604,0.09696604267980181,0.07294066629206324,0.15598581029829073,0.11158131726004197
185,185.0,185.0,0.09100298188037671,0.09951011179312273,0.09463010979385138,0.08725189564956172,0.0421056093790772,0.1540150016467374,0.08186009340879366,0.07261017067627865,0.16610660749050796,0.11090741828169208
