,Unnamed: 0,Generation,Intertwine_two,Add_vertex,Delete_vertex,Invert_path_vertices,Insert_inside_vertex,Delete_inside_vertex,Replace_inside_vertex,Donate_between_routes,Trim_one_terminal_cb,Grow_one_terminal_cb
0,0.0,0.0,0.09999999999999999,0.09999999999999999,0.09999999999999999,0.09999999999999999,0.09999999999999999,0.09999999999999999,0.09999999999999999,0.09999999999999999,0.09999999999999999,0.09999999999999999
1,1.0,0.10900000000000001,0.10040322459753626,0.0998289198893378,0.09801300476166562,0.10051946662367864,0.09917259793130695,0.09993186673734215,0.10051827495761646,0.10074587666806356,0.10099214226788951,0.09987462556556297
2,2.0,0.31601,0.10120705400161406,0.09915197226740105,0.09563367231315678,0.1022718338259394,0.09837386761940468,0.10036341720589968,0.10083272004584534,0.09940176659191531,0.10193430477905155,0.10082939134977201
3,3.0,0.6191589000000001,0.10221146331696679,0.09769356015171105,0.09313285640747994,0.10340517570013222,0.09790578780198404,0.10061267078061603,0.10171171305219534,0.0989262728502174,0.10321204735324531,0.10118845258545173
4,4.0,1.015801321,0.101144288949982,0.09806900593874762,0.09135302033220673,0.10294485106826182,0.09894240992458855,0.10138330556349216,0.10220085389607586,0.09782531751953073,0.10430908819498738,0.10182785861212697
5,5.0,1.50262148669,0.09992921134349751,0.09799007800102488,0.08957687658330589,0.104612739042516,0.09854629440252144,0.10234593690888014,0.10232463664719048,0.09703115366822393,0.10599489625340101,0.10164817714943852
6,6.0,2.0757334209441005,0.09971544273823837,0.09793629384890035,0.08745173792466318,0.10670244282999673,0.09715051968323844,0.10383081341883714,0.10262800641643836,0.09630230884443874,0.10668228555669637,0.10160014873855207
7,7.0,2.7307768275633495,0.09966135517698162,0.09674637429730644,0.08542040614117798,0.10619535631485538,0.09641224391313657,0.1052120508881248,0.10399749385197225,0.09439752130025165,0.10788429252180272,0.10407290559439031
8,8.0,3.4630081252450404,0.09850944178445158,0.09714371648933966,0.08375046002860652,0.10608250511527087,0.09475866385679162,0.10855557520979008,0.10513549691716059,0.09231206075385043,0.1089409573682105,0.10481112247652787
9,9.0,4.2673862119061114,0.0978643671275199,0.0967714716258838,0.08251466157024041,0.10612323104931962,0.09295447369062529,0.11159709256422715,0.10450944517758952,0.09084265251358917,0.11123131480783359,0.10559128987317125
10,10.0,5.138652627782014,0.09688008896749878,0.09671116595801024,0.08129058960128749,0.10655979236717797,0.09294053122865795,0.11395570866806462,0.10272557055432657,0.08937793061893896,0.11292467953560775,0.10663394250042935
11,11.0,6.071405875792507,0.09678962052121538,0.09639159754988401,0.07949113022487277,0.10639410494133321,0.09110350585709337,0.11678932973624796,0.10295808818168525,0.08767433488406892,0.11445119942900464,0.10795708867459411
12,12.0,7.060169740244025,0.09800505386606248,0.095261738527945,0.07841875172811626,0.10608430723163943,0.08904673986177529,0.12092345166449595,0.10271205172684116,0.08522993545682764,0.11582859614910866,0.10848937378718779
13,13.0,8.099455520847952,0.0979304368426187,0.09351715891923729,0.07809851332265644,0.10601563521747645,0.08744375948615214,0.12363871515595422,0.10334942305323332,0.08533692807257028,0.11653535025947583,0.10813407967062498
14,14.0,9.183818168183006,0.09599737716954743,0.09395253765153513,0.07770387114844751,0.10588856331472268,0.08498377913519624,0.1254863476996686,0.1030305997814469,0.08547134671873167,0.11943730766698775,0.10804826971371573
15,15.0,10.307906369102724,0.09453880322265165,0.09424942876418839,0.07688532844234769,0.10570467087627662,0.08362400452805749,0.1264097852833509,0.10307297821714727,0.08509105876787201,0.12175415128878389,0.10866979060932377
16,16.0,11.466506686239443,0.09312205089322576,0.0934246331883162,0.07687231047620309,0.105568711276876,0.08292098967871539,0.12914257363946446,0.10356655625700756,0.08320939151401989,0.1237129947476818,0.10845978832848956
17,17.0,12.654581904800096,0.09240050757016123,0.09171253894734838,0.0762449680531065,0.10420804672468517,0.08165987933056702,0.1314536812999005,0.10310445802044525,0.08251790267746126,0.12746375306354196,0.10923426431278246
18,18.0,13.867303782456686,0.09221730324697879,0.09067057743018624,0.07643406515070945,0.10504140839200568,0.0790107230296725,0.13367375117343272,0.10301565930670263,0.08152302959824155,0.1283281938019449,0.11008528887012525
19,19.0,15.100080434523047,0.09299776808436257,0.09200532043499329,0.07661556815562438,0.10415759101144251,0.07683692364944708,0.13617289605985378,0.10077004139645844,0.07978826457035147,0.12971192606794477,0.11094370056952148
20,20.0,16.348578617037543,0.09089278638257062,0.09133989850489128,0.07617751364542855,0.10617790485530275,0.07394659944347096,0.13942312550253844,0.10069749714336777,0.07931968306428251,0.13101357027819585,0.11101142117995108
21,21.0,17.608741195130214,0.08911633466184168,0.09035210842700513,0.07574850356903418,0.10775121125266898,0.07218498315575197,0.13969447477543603,0.10090061075795179,0.08054950836856602,0.13073800847936345,0.11296425655238056
22,22.0,18.876800103462312,0.090271394673473,0.09042977825719943,0.07665523519256422,0.10652587279550722,0.07092346299298227,0.14061974770503466,0.0998272705888624,0.08061256365615108,0.13227209945951218,0.11186257467871337
23,23.0,20.14928511992658,0.08930922765973971,0.0897098422181263,0.07765425358884791,0.10563078046057775,0.07113450880452143,0.14086895142010156,0.0995469445099447,0.07946402110514961,0.13380922960658104,0.1128722406264098
24,24.0,21.423028783545156,0.08966665303699575,0.08925611189074968,0.07959967986885773,0.10486632752495786,0.06980119235525084,0.1414287880546752,0.09861827145898353,0.07806467163753426,0.13549381166209173,0.11320449250990322
25,25.0,22.695167792966423,0.08987584428070498,0.0885927954809518,0.08023349240436901,0.10303291310254473,0.06893742498785836,0.14205897755445138,0.09868100209789499,0.0772072898951945,0.13722980508938243,0.11415045510664767
26,26.0,23.963141223515898,0.09076559217150684,0.08829364370734241,0.07983348448272364,0.10046918711498312,0.0685066065094579,0.14287726608827928,0.09790541497458742,0.07753219257866342,0.13951857788835648,0.11429803448409935
27,27.0,25.224685898775267,0.090871910705686,0.08906132007623846,0.08007645437553663,0.09976646087413212,0.06818746780250783,0.1443254343290361,0.09716170518660959,0.0765517797548111,0.13893734113516257,0.11506012576027944
28,28.0,26.477829247520948,0.09060977266007203,0.08827190639630796,0.07971719997371715,0.09786034285985787,0.06965440639701866,0.14495335703828355,0.09717482971038001,0.07609690988135953,0.1402335990942547,0.11542767598874838
29,29.0,27.720879968916847,0.08921012515704003,0.08831108694964658,0.07975282837775419,0.09817899273555022,0.07034748731497051,0.14541551188140542,0.09715066324977438,0.07650469422020245,0.1407038542157206,0.11442475589793549
30,30.0,28.95241681848399,0.08865026841933699,0.08917034754728073,0.08027665539977771,0.09688027282799203,0.07006833534649322,0.14572241884404433,0.0963333667309102,0.07786992615645577,0.141299304332862,0.11372910439484687
31,31.0,30.17127581490958,0.0873777787334752,0.0889871533597919,0.08068374175039118,0.09694413740695636,0.06966102234606569,0.14513813232099354,0.0976766614373779,0.0766355574507998,0.14244456482584752,0.11445125036830076
32,32.0,31.376536153543515,0.08709134395066782,0.08811540311014208,0.08179952462854695,0.0969772611499525,0.06974203045759926,0.14498572093756726,0.09717251017349932,0.07634254773706776,0.14331249413625977,0.1144611637186971
33,33.0,32.567505096778625,0.08703435079759386,0.08894613204378697,0.08241848597700863,0.09566564445384049,0.06935699460083986,0.14567981505999175,0.09744367145693557,0.07553902063361884,0.1441940663794771,0.1137218185969068
34,34.0,33.74370209472243,0.08639415218429972,0.08834057878587064,0.08354897737751399,0.09517577987773765,0.06899684367819332,0.14502442280875907,0.09806789795299313,0.07592339682545338,0.14597994936106773,0.11254800114811123
35,35.0,34.90484237192463,0.08577030675603135,0.08639417918218906,0.08353907136596446,0.09466015660987612,0.06919817244020923,0.14621707964467884,0.09890157324720736,0.07615138669616865,0.14678774680488033,0.1123803272527945
36,36.0,36.05082019768737,0.08551332442150233,0.08555063600004953,0.0842167964712198,0.09415845055110983,0.0696514094456628,0.14519903367340925,0.0998282282695252,0.07652265293898998,0.14723632718999582,0.11212314103853534
37,37.0,37.18169203889697,0.08655673174458423,0.08357360772776225,0.08225570267993446,0.09248820148282719,0.07006001448160142,0.14550213812514876,0.10172974560362139,0.07732573456587975,0.1476047363224047,0.11290338726623571
38,38.0,38.29765977559663,0.08583629225821061,0.0826041143235168,0.08182768548818158,0.09190177731702814,0.06881336488700118,0.14647217884469346,0.10073669781737962,0.07963008780233123,0.14864828881290884,0.1135295124487484
39,39.0,39.399054140870355,0.08729226023575351,0.08638309928908117,0.0791549314925347,0.09126981007709326,0.06891408523423188,0.14512865544765907,0.09976258833817417,0.07920448447585857,0.1494799797992579,0.11341010561035568
40,40.0,40.48631852820801,0.08819615281517407,0.08860063471672502,0.07991958053101206,0.09141002779566071,0.0682598752674742,0.14322818885484423,0.09977410717985022,0.07951150277827716,0.14856701100706957,0.11253291905391265
41,41.0,41.55999329152982,0.08788953560023956,0.09028861261672921,0.07931804908850977,0.0914604320891883,0.06674608249164717,0.1427047314661498,0.10083699829766847,0.07846241289904973,0.1511640496625997,0.11112909578821821
42,42.0,42.62070064560415,0.08640490319092345,0.09014835272233764,0.08060987641157362,0.09285007408005806,0.06680310019200551,0.14149426677441193,0.10029221222048035,0.07941969987564082,0.15018145877933575,0.11179605575323272
43,43.0,43.669130257815,0.08613040623694702,0.09125402084802635,0.08130636321023567,0.09358782449888223,0.06600629143405384,0.14166983785422896,0.09790572516571269,0.08104987993579695,0.15057826575564862,0.11051138506046752
44,44.0,44.70602560622662,0.08742563359375463,0.0912835593303692,0.08195930842434852,0.09352549213444862,0.06788642688910802,0.13962502769993235,0.09770862285006636,0.08054489134067162,0.1494564125474014,0.1105846251898991
45,45.0,45.73217116373481,0.08812082565137073,0.09110037293664998,0.08074252455390776,0.09415248099224177,0.07148016583616253,0.13819194294684764,0.0987323155952129,0.08057691479057333,0.14785589507003408,0.10904656162699909
46,46.0,46.748380453854836,0.0867914638289565,0.0921465769330488,0.07999004572644662,0.09441842418788558,0.07102235162314756,0.13800303062802521,0.0965353312492403,0.08081958591475141,0.1488597049234271,0.11141348498507078
47,47.0,47.755485010424316,0.08537241925756191,0.09391632296464135,0.07980170556264402,0.09481529465445351,0.07012480945704554,0.1383997293356604,0.09566331298293124,0.08221883598339966,0.14794481575163104,0.11174275405003121
48,48.0,48.7543242612326,0.08405777953565331,0.09558358843300395,0.07941854252399312,0.09521556418880425,0.07154915122282379,0.1378678064282614,0.09432084441602087,0.08301933615693917,0.14707616522322983,0.11189122187127015
49,49.0,49.745736344347726,0.08475518707803344,0.095296032166246,0.07972733106641214,0.09386015672673294,0.07109395464944553,0.13820353859184395,0.09517002726613205,0.08378524184426896,0.14714378760107974,0.11096474300980513
50,50.0,50.730549855707864,0.08592655226439358,0.09693374199302934,0.07875866900905391,0.0940916810183937,0.06970841673555975,0.13802763393069997,0.09394260635574007,0.08415455124927466,0.14741798435250697,0.11103816309134792
51,51.0,51.70957651737491,0.08604473461983707,0.09716183197697084,0.07960572352848155,0.09518350956895708,0.0689888632609776,0.13825094282577913,0.09435844323007732,0.08412516328605889,0.14654525903226998,0.10973552867059042
52,52.0,52.68360474770151,0.08696714506126813,0.09679972903710501,0.07932450094294685,0.09529401780587471,0.07018825462896829,0.13729492113973712,0.09480632175252346,0.08478338505456227,0.14507710132166526,0.10946462325534871
53,53.0,53.65339410751842,0.086963596906495,0.09627629619494218,0.078592576284703,0.09380090759478889,0.06992813110081181,0.13694447772462226,0.09524032227267398,0.08746174017114283,0.14394877398074454,0.11084317776907533
54,54.0,54.61967059027847,0.08676159095695775,0.09553767584376954,0.07921705149416501,0.093599777029785,0.07007520745777693,0.13777445834990537,0.09465909133473843,0.0876121018554529,0.14412206720154808,0.1106409784759008
55,55.0,55.58312271885972,0.086418976341774,0.0956566827997939,0.07965295750706297,0.09226836798258865,0.0698194525476088,0.13693633346772507,0.09430301950927811,0.08802641458814564,0.14578360455552372,0.1111341907004989
56,56.0,56.544398407394254,0.08626911744358214,0.09679376520441738,0.07793410862864342,0.09228775064031612,0.07046957490273346,0.13773379826796403,0.09426932346253854,0.08841415894609322,0.14585864285405445,0.109969759649657
57,57.0,57.504102543001395,0.08601816130885866,0.09750356028409676,0.07770585228112316,0.09155397826311604,0.07167854151676378,0.13741025820804648,0.0942584521054325,0.08853747810104547,0.1451979100173928,0.11013580791412414
58,58.0,58.462795239617805,0.08573167549173386,0.0968123710716668,0.07828166699876823,0.09231484009450672,0.07226649270369162,0.1363996758482942,0.09438317765760806,0.08899635903032554,0.1447503526049731,0.11006338849843167
59,59.0,59.42099071417639,0.08467370112749736,0.09421912992620118,0.07794703011650542,0.09118094028935672,0.07372864550145498,0.13783340558097618,0.09577234999617508,0.09013889007187637,0.1439072059719555,0.11059870141800104
60,60.0,60.379156734137354,0.08599554396131089,0.09488216112413048,0.07741563041945028,0.08998462270794808,0.07571616974556206,0.1379798620126086,0.09350792129780214,0.09162736898162155,0.14261172187840418,0.1102789978711616
61,61.0,61.337714584760846,0.08694439655117803,0.09474261246839273,0.0772448085400745,0.08809673247218906,0.07551816463609745,0.13844640900243319,0.09418223498258936,0.09151799865210002,0.1428742525400734,0.1104323901548721
62,62.0,62.29703950447439,0.08685064268082197,0.09425308236938673,0.07759443541599398,0.08862695311855352,0.07499020166129489,0.13970356726745387,0.09418843136989546,0.09133084841181226,0.14240650083587766,0.11005533686890948
63,63.0,63.257461537171835,0.08904530193229974,0.09465798352912727,0.07744490113051465,0.0872587746573027,0.07380206418689883,0.1407807918290414,0.09376686433454136,0.09110404242084132,0.1429101336665934,0.10922914231283919
64,64.0,64.21926675122782,0.08823924760607632,0.0930363713105428,0.07520593935160659,0.08961115394204275,0.07286362900003132,0.14088500343398283,0.09393170926510488,0.09177146130489201,0.14278145042301044,0.11167403436270992
65,65.0,65.18269877636592,0.08787115022291783,0.09126336874626069,0.07513777879867684,0.09002778914840016,0.0732832183595594,0.1430292906302754,0.0938032675695057,0.0908829217793905,0.14333812727038261,0.11136308747463072
66,66.0,66.14796061122655,0.08852437035042658,0.08840629159788407,0.07490388854508709,0.08971545563743455,0.07405122116143877,0.143620765631017,0.0936438191453674,0.09063331237386364,0.1425177896497743,0.11398308590770645
67,67.0,67.11521665648885,0.08910481740762917,0.08913540313970345,0.07432730884240836,0.08903330442931158,0.0734267157499847,0.14450095827017348,0.0937779006427065,0.0899540329980786,0.14329370597392382,0.1134458525460802
68,68.0,68.08459493066005,0.09006157445463206,0.08878224591915566,0.07340947511582074,0.09121137748928987,0.07250192646339348,0.14264427085905873,0.09392044112781672,0.08973042162950015,0.14269561462842334,0.11504265231290906
69,69.0,69.05618942810752,0.09015357998904099,0.08925807842297903,0.07453395324814334,0.09056579840372764,0.07079499526876878,0.14465424739524402,0.0934812382771232,0.08879893165012365,0.1432446446087388,0.11451453273611034
70,70.0,70.03006258152917,0.09093327317474553,0.08858320280852362,0.07630779694712293,0.0916540769974607,0.07028094952379031,0.14283064463826972,0.09476622778269024,0.08768959532941616,0.142264377049805,0.11468985574817557
71,71.0,71.00624779379335,0.09285518758464831,0.08806091341432241,0.07652663789320127,0.0919073139228344,0.0702010188355171,0.14202790296875656,0.09484143153863178,0.08791361014993036,0.14133707373182347,0.11432890996033412
72,72.0,71.98475200689319,0.09362789416856777,0.08848408641132031,0.07708782491906713,0.09235716170039548,0.07032339179673062,0.14250087999704625,0.094138644997316,0.08782468284736064,0.14086100964277604,0.11279442351941953
73,73.0,72.96555827861411,0.09372725531054203,0.08940522895463666,0.07615470248337045,0.09237409082513663,0.07158013472808097,0.14194806916235073,0.09529026893691578,0.08796811594880778,0.13841187593239407,0.11314025771776469
74,74.0,73.94862834037681,0.09483222101480825,0.09087060144972382,0.07624882159635964,0.09326625073603555,0.07107178300263316,0.1417287944449194,0.09587300384668751,0.08569801891718304,0.1375493720798851,0.11286113291176438
75,75.0,74.93390511255946,0.09519935540493395,0.09045046130509193,0.07598953752725313,0.09279074282073979,0.07018206015181082,0.13974822281991717,0.09790864887947757,0.08421245819828145,0.13985501351208934,0.11366349938040471
76,76.0,75.92131515639825,0.0961266947497327,0.09098085692162423,0.07445947558753813,0.09310485645309208,0.06998846737241499,0.13931404355372418,0.09793512780506866,0.08319447213925545,0.13964301352906577,0.11525299188848367
77,77.0,76.91077104428919,0.09674668182350246,0.0916545428993007,0.07734334607304127,0.09271883073622965,0.06979915132887961,0.1385292879398035,0.09776388931666555,0.08183557541510937,0.1391021457920707,0.11450654867539702
78,78.0,77.90217363294813,0.09698952700292353,0.09157740622176229,0.08073235126545883,0.09271970774821253,0.06724793992320133,0.1394907799676536,0.0968422250030557,0.08045672076475971,0.1402123886141668,0.11373095348880553
79,79.0,78.89541422641172,0.09544182358927884,0.09246733862411019,0.08254577506261801,0.09187935249479845,0.06636362513480197,0.1392095536040281,0.09764415907094044,0.07949500319841,0.14083518545012477,0.11411818377088907
80,80.0,79.89037661826481,0.09463874640588671,0.09221435119073136,0.08387542823428634,0.09117504361389739,0.06515254465759265,0.14111756118421168,0.09976234528655768,0.07763811813959968,0.14070458025505586,0.11372128103218049
81,81.0,80.88693900474995,0.09491559572389659,0.09211782957941933,0.08493463309922139,0.09178210081829935,0.06658169675157766,0.13878083735469154,0.09837271570668105,0.07756106713450513,0.1412189531207811,0.11373457071092676
82,82.0,81.88497576253909,0.09362221815111452,0.09049435853097157,0.08610686769669769,0.09227336317501769,0.06527546147597162,0.14207214833833645,0.09758944604638958,0.0783463213578006,0.14106048561848958,0.11315932960921055
83,83.0,82.88435908692391,0.09445508247381937,0.09084226343452845,0.08556861842982097,0.09340914362721955,0.06512386369765268,0.14413456461019564,0.09931403030753182,0.0752240382742744,0.14035646248189476,0.1115719326630622
84,84.0,83.88496048800103,0.09403292655741192,0.09105020617585347,0.08628905076239635,0.09300028623368525,0.06549492526959469,0.14430673780803355,0.09858773932204067,0.07451669233307014,0.1404004388040532,0.11232099673386056
85,85.0,84.88665214409042,0.09392793243292125,0.09155386242448436,0.08533717276749742,0.09268044083369367,0.06655645737573854,0.1437707348959395,0.09738587613742751,0.07387507839978416,0.14079389021846905,0.11411855451404435
86,86.0,85.88930811312994,0.09293994297921258,0.08927751116799501,0.0857624168570015,0.09167301793707362,0.06653902161015057,0.1448494162726678,0.09738473593611562,0.07494931623255446,0.14197497109597956,0.1146496499112491
87,87.0,86.89280540413424,0.09466922100125402,0.08992127241610402,0.08646833434411011,0.09060726342223341,0.06676266409929714,0.14385873958606968,0.09692618789215653,0.07368560030279726,0.14203466311383037,0.1150660538221473
88,88.0,87.89702491199675,0.09456535031799593,0.09087569700436049,0.08480604579898829,0.09207889837752559,0.06535248424867039,0.14388766783774054,0.09866104886489284,0.07236671084437975,0.14325644162554624,0.1141496550798998
89,89.0,88.90185221995306,0.09258046541133111,0.09170718763026459,0.08564064003723243,0.09199963457992227,0.06457893334829083,0.14476287003591165,0.09991019109009565,0.07197675746732632,0.14293691750733525,0.11390640289228977
90,90.0,89.90717827491419,0.09192247674004293,0.09168653666087317,0.08562946542227375,0.09215209177526189,0.06424037214471667,0.14541515265703922,0.09813592798394632,0.06969439905063465,0.1461405543659918,0.11498302319921948
91,91.0,90.91289994163006,0.09172851749643177,0.09197508828664518,0.08479413407164764,0.09310563177926424,0.06409244018432754,0.14713276925067054,0.09611362837689734,0.06880870573083007,0.14759720951605187,0.1146518753072337
92,92.0,91.91892044225806,0.0907388572397541,0.09088291496449204,0.0826072892039066,0.09426024375441264,0.06480669713512051,0.15089168852556825,0.09496599852804068,0.06699017127934839,0.15088775280972488,0.11296838655963178
93,93.0,92.92514968840067,0.08954818198453847,0.09120910222128632,0.08247509850070278,0.0940210021474764,0.06664650075350156,0.15218244038614254,0.09218664178987657,0.06597036037614636,0.1536849287261418,0.11207574311418704
94,94.0,93.93150451304501,0.08801914514665031,0.09056096603590005,0.08236412226636528,0.0924504973359088,0.0659587434112469,0.15249778496902217,0.091853288734694,0.06856324201703096,0.15537054454167545,0.11236166554150592
95,95.0,94.93790881009448,0.08734184381726876,0.09031472036854898,0.08247935118220749,0.09338336177049349,0.06705013569223749,0.15147824434050788,0.0934533220001555,0.06785028245745892,0.15384315821815608,0.11280558015296524
96,96.0,95.94429358933806,0.08538594723577377,0.09075278462092597,0.083229563183177,0.09350087923920324,0.06801414790061043,0.15159364683926138,0.09101544685293636,0.06940818839483,0.15513271293467348,0.11196668279860823
97,97.0,96.9505969547639,0.08369141265337898,0.089957146532441,0.0836611005396411,0.0945440788214369,0.06823551982860011,0.15040273765231157,0.09201739718267794,0.06958838880901623,0.15487366456501878,0.11302855341547727
98,98.0,97.9567640140995,0.08312524049975852,0.09085933527507288,0.08342282143296051,0.09393634624377412,0.06837811945059566,0.15214367825965347,0.09178071261829009,0.06898926641126366,0.1556675609797635,0.11169691882886743
99,99.0,98.96274672736057,0.08483218287129758,0.09156436842903727,0.08192655872929494,0.09505970161262062,0.0687806307558075,0.15249413872218176,0.09081699118896518,0.06819349569847612,0.15622365162454088,0.11010828036777803
100,100.0,99.96850370202192,0.0867816923015478,0.09243598559406842,0.08109941463101433,0.0955018579160478,0.06948814501791509,0.15222380563467636,0.0900026686112522,0.06793882771782533,0.15567314788485292,0.10885445469079963
101,101.0,100.97399994219691,0.08500961818230553,0.09203222022764491,0.08178212575491559,0.09517010909803929,0.06990549154440019,0.15196664630620837,0.09087547185361528,0.06692065375058436,0.15770276763381863,0.10863489564846769
102,102.0,101.97920655893245,0.08489665625896729,0.09266431933941721,0.08157779489597417,0.09443047355005615,0.06962802851423133,0.15177414617605,0.09262032329602753,0.06604801505159646,0.15707763959586227,0.10928260332181738
103,103.0,102.98410044840509,0.08271759424683839,0.09245270808915136,0.08118235114850372,0.09412151081201812,0.06982390107729324,0.1527127872769029,0.09254310860551852,0.06577680361337641,0.15701753968307364,0.1116516954473235
104,104.0,103.98866394444643,0.08599832066920902,0.09197450665120872,0.0814522840702983,0.09359390620317065,0.0714303114720955,0.15273393706257676,0.0925059581876308,0.06515851080057833,0.1547160386793175,0.11043622620391427
105,105.0,104.99288445143917,0.08605758885040343,0.09101377705357327,0.08213643975952611,0.09499238109182634,0.07063668466655125,0.15285948942137023,0.09288080087094777,0.06492102230507135,0.15461858362856334,0.10988323235216674
106,106.0,105.99675406321822,0.08664792028751953,0.09081016940030352,0.08142786105489129,0.09475811017135896,0.07071859867963892,0.1531239345700139,0.09243351472212476,0.06649015980183426,0.15419693782442923,0.10939279348788553
107,107.0,107.0002691731872,0.08795650139158406,0.09090391344144425,0.08226112994229427,0.09438301257917962,0.07055537099320462,0.1533817465454351,0.09213204200698272,0.06665270366558113,0.15377421017639845,0.10799936925789565
108,108.0,108.0034300804274,0.0906759175057903,0.090538723453003,0.08159716393198078,0.09536452632360952,0.0695078729699679,0.1526323378783666,0.09199310598300475,0.06633869846413436,0.15269049195065798,0.10866116153948475
109,109.0,109.00624059613932,0.09130520487532215,0.0899307974853361,0.08216615080434578,0.09576165905379384,0.06832903837192476,0.1524596803307427,0.09160572837963545,0.06742979430871068,0.15292212925998316,0.10808981713020532
110,110.0,110.00870765431864,0.0904441248116074,0.08895665877724428,0.08274822719228535,0.09595746438174549,0.06916532653797908,0.15304365905243092,0.09107720031009782,0.06812460653206569,0.15164089705305864,0.10884183535148527
111,111.0,111.01084093013685,0.09123942609657058,0.08743269399060173,0.08298249336408035,0.0969483248462164,0.06711424754362916,0.15161657088142552,0.09109944705702014,0.0693179181097936,0.15335849442728874,0.10889038368337366
112,112.0,112.01265246907188,0.08998737857519076,0.08851978262335994,0.08215440981600565,0.09747094290039834,0.06805638839323433,0.14925926679735563,0.0914068111764173,0.0710593222934951,0.15214735614852704,0.10993834127601582
113,113.0,113.01415632942268,0.09235042244466835,0.08799686374747342,0.08407042187528382,0.09666322802806918,0.06698330494161132,0.1489809080043796,0.09106551416607488,0.07031193055500055,0.15179362964112425,0.10978377659631453
114,114.0,114.01536824044418,0.09326771410191574,0.08775404006569258,0.08380945876644907,0.09704934409680407,0.06694300771293615,0.1491679226005157,0.0907597317648018,0.07035430593842168,0.15120192063598759,0.10969255431647551
115,115.0,115.01630527795908,0.09304056292625901,0.08822375610189481,0.08305711257838072,0.09487865593731204,0.06509757259527903,0.15252187754326307,0.08853710120762788,0.07066545698334814,0.15306481232626085,0.11091309180037437
116,116.0,116.0169855589429,0.09213783796147815,0.0887726682670729,0.08374138267427805,0.09491741282174422,0.06561680132643243,0.15304441581782346,0.08748698104198163,0.07190984222281989,0.15280411329753202,0.10956854456883716
117,117.0,117.01742795623892,0.09281553318279832,0.08932626611279636,0.08461394744041784,0.09417028973091279,0.06602591713747033,0.15215695063288012,0.08622219599947334,0.07150518822870765,0.15163414083297222,0.11152957070157091
118,118.0,118.01765183424293,0.09151784688335383,0.09043440288847636,0.08440581761184975,0.09580618205768404,0.06537219787530411,0.1497855184139415,0.08499165894424572,0.07379643588891921,0.15232003952165313,0.1115698999145722
119,119.0,119.01767680610413,0.0908051510931651,0.09073326129703496,0.08485939694440144,0.09556711253163666,0.06507417961588954,0.14930272577923792,0.08452371141551236,0.0744550889250701,0.15280076324335795,0.11187860915469376
120,120.0,120.01752251271817,0.0883912942809067,0.09039488568921282,0.08431047203174835,0.0962306910202047,0.06444016601221876,0.15173165932312135,0.0830823297776146,0.07525588948802593,0.1530212527964513,0.11314135958049529
121,121.0,121.01720842354362,0.08854468531232641,0.09151706962170962,0.08517537999261188,0.09635107725161296,0.06324041226107478,0.15115730463303603,0.08557970450111976,0.07384984329722417,0.15242729514851217,0.11215722798077202
122,122.0,122.01675365905109,0.08879971143252349,0.09201212906007634,0.08674775007732945,0.09527992865862184,0.06533149326395406,0.1506777279299248,0.08490514794423595,0.07391701602459526,0.150280530982043,0.11204856462669564
123,123.0,123.0161768344173,0.09014579116682826,0.09243460603394739,0.08569992415230814,0.09484921945486888,0.06493308381572695,0.15093834815400275,0.08433013017693392,0.07435909853057565,0.1500324421503216,0.11227735636448626
124,124.0,124.01549592390272,0.09078367592818277,0.09186019478645945,0.08547633583821222,0.09560944022394922,0.06433722688025864,0.15220241994982317,0.08320112794309241,0.07366422581896653,0.15050918499497729,0.11235616763607807
125,125.0,125.01472814520056,0.09065409043195635,0.09410094066019811,0.08500888551557813,0.09495988933711808,0.06301059633211277,0.1506417598844448,0.08429269817014619,0.07433400148951741,0.14985708712850998,0.11314005105041791
126,126.0,126.01388986291661,0.08906987057616456,0.09558813360105514,0.08627490426586071,0.09573722956262887,0.061888463725682845,0.1493108329442004,0.08661709070538193,0.07395264232738641,0.14836381811091548,0.11319701418072345
127,127.0,127.0129965102319,0.08670984153834468,0.0958857271416669,0.08559593900684158,0.09527575586969593,0.06284124000432291,0.1491702779589179,0.08732503483164189,0.07476475178612932,0.14820241474688006,0.11422901711555858
128,128.0,128.01206252771334,0.08704620984772117,0.09666301945005915,0.08578689152808208,0.09555741428115033,0.06137982578660043,0.15088457923337278,0.0865691751635441,0.07378684741156519,0.14880286136116197,0.1135231759367426
129,129.0,129.0111013181695,0.0890358015709202,0.09790013580567482,0.08403413730999394,0.0944424862294239,0.060720605503177746,0.150797493005794,0.08582791803180347,0.07356432217818328,0.1496443470675751,0.11403275329745331
130,130.0,130.01012521639834,0.09008524217778262,0.09697038657868781,0.083232536773741,0.09476396386209579,0.05909215033287668,0.1499813508846026,0.08771137160351027,0.07400746426249732,0.15209428920976992,0.11206124431443575
131,131.0,131.0091454726403,0.08922380537221825,0.09648743980762112,0.08201872136435528,0.09647778206073543,0.05828204546849771,0.14801081985544048,0.08869300978519672,0.07501248336116799,0.15263628020468747,0.11315761272007924
132,132.0,132.0081722485317,0.08972314939537199,0.09605513541480944,0.08015238428483337,0.09541582219774947,0.058447872857791044,0.14970486379288156,0.08897518320664065,0.07507324819243351,0.15321727531790874,0.11323506533957993
133,133.0,133.00721462434865,0.08779391219082089,0.09676698605843234,0.07918653786467568,0.09685107244702734,0.057712694404311385,0.14824122753749946,0.08995964071563263,0.07610139611677483,0.15324936337082012,0.11413716929400503
134,134.0,134.0062806163404,0.08720703158609594,0.09672363603287826,0.0801439792320961,0.09636738141172585,0.057719541645931606,0.14729817711996504,0.09010775797673916,0.07657161252533123,0.15276305756197373,0.11509782490726281
135,135.0,135.00537720296956,0.08681144784142136,0.0971565008719396,0.08316979772169555,0.09538054492373252,0.05750653875127583,0.14916635510924986,0.08903058739973915,0.07411975181133083,0.15150737389547594,0.116151101674139
136,136.0,136.00451035890612,0.08698868873831486,0.09954948293694126,0.083593236285634,0.09509062245404827,0.059117572836956386,0.146496435634914,0.08921687360745607,0.07276841547098117,0.1495450622236734,0.11763360981108029
137,137.0,137.00368509565993,0.08664375873858497,0.10037456482621107,0.08311816445563386,0.09540367782448769,0.05756302441664291,0.14636266126549746,0.08987345382176279,0.07310488731385405,0.14975625614399232,0.11779955119333253
138,138.0,138.0029055077818,0.08551589410516607,0.10182863905779517,0.08369188497700682,0.09388855292582275,0.05591590711383468,0.14777302430076258,0.09189137356755885,0.07367959998452571,0.1481616998936404,0.11765342407388668
139,139.0,139.00217482361367,0.08365875356418746,0.10165246790819096,0.08508269140890067,0.09177384724275649,0.05647138695522869,0.14673304726600228,0.09121710602663967,0.07525546545548996,0.14959267320231567,0.11856256097028785
140,140.0,140.0014954596262,0.08354640963061458,0.10184325468986191,0.08562162249717989,0.0924733435376612,0.05755339114437342,0.14396027304464695,0.09160001079656857,0.0755744339135591,0.14886635516849445,0.11896090557703963
141,141.0,141.00086907744122,0.08354786247668856,0.10157060818181546,0.08478969650490872,0.09254754390781977,0.05745895361823855,0.14342697698300322,0.09188067692497924,0.07522891476848503,0.14976668664197654,0.1197820799920846
142,142.0,142.0002966427003,0.08335700837976187,0.10224660678447707,0.08726035228268386,0.0917539008945043,0.05696446000951827,0.14317428359630063,0.09072438483081566,0.07556838064752626,0.1484422884154419,0.12050833415896982
143,143.0,142.99977848500652,0.08198757001458849,0.10157420037922239,0.08635190210933986,0.09185589552170496,0.05973249799575038,0.14118664535970513,0.0904283290295503,0.07528657560582276,0.14890723741659045,0.12268914656772495
144,144.0,143.99931435823203,0.08262361685050074,0.09975490235315035,0.08721269282210094,0.09063507428463062,0.060114821225951943,0.14153068721543743,0.09116953228035027,0.07563779069513467,0.14837661463188523,0.12294426764085752
145,145.0,144.99890350055264,0.08198738765709244,0.09863057247086196,0.08550993388623464,0.08981881360008678,0.061547651834757425,0.1414943660590692,0.09128484780312274,0.07731847552631899,0.14811567051270777,0.12429228064974779
146,146.0,145.9985446936357,0.08476399320931799,0.09787343053248523,0.0848837105633506,0.08860538321832073,0.06089411749708599,0.14280298810350792,0.09132482561937792,0.0768612089944014,0.14828450894963294,0.12370583331251905
147,147.0,146.99823632047406,0.08488741508087679,0.09880515724714589,0.08637168480503057,0.08694615295151208,0.05998096837257925,0.14494843192675136,0.08976403016702542,0.07540816965318813,0.14981613474882044,0.12307185504706986
148,148.0,147.99797642142389,0.08513142284404335,0.10002287215895257,0.08575935766852463,0.08650749319460008,0.06109511890850454,0.14461699591808524,0.08942791418468302,0.07467076274167926,0.15015989432571786,0.12260816805520922
149,149.0,148.99776274806447,0.08548692841653938,0.10135713544415458,0.08569461326917299,0.08545431597018462,0.06222682266944335,0.14564725730046224,0.08748377082157996,0.0740045669885608,0.1524915904987402,0.12015299862116165
150,150.0,149.99759281456036,0.08521784264747004,0.10098245520817456,0.08582804793693698,0.08377729729639523,0.06247054163355768,0.145668876459472,0.08564176993020925,0.07473540816321095,0.15345461883678366,0.1222231418877895
151,151.0,150.99746394626104,0.08787105446038124,0.09796541627681586,0.08492915849374336,0.08364394593211928,0.06259367347865727,0.14481155047151187,0.08648937256666522,0.07550938594732279,0.15263414637220857,0.12355229600057434
152,152.0,151.99737332532905,0.08668173427613583,0.09780345788438789,0.083682520615747,0.0839964469606951,0.061992573946081056,0.14601292513809327,0.08647178302614379,0.07619428481336453,0.1520545293292981,0.1251097440100532
153,153.0,152.99731803323698,0.08664746703487981,0.09770927780137444,0.08457982474154778,0.08487728416086066,0.06157401633338931,0.14595879917067542,0.08717130348723491,0.07590648559329592,0.15233539386113906,0.12324014781560248
154,154.0,153.99729509002177,0.08968956832004887,0.0962056664041303,0.08482334892039134,0.08570595072027827,0.06135882864339133,0.14544001384307023,0.08856800854735175,0.07561612658148253,0.15104140953815764,0.12155107848169755
155,155.0,154.99730149022784,0.09071344025063213,0.09595824772888295,0.0842352119467149,0.08753790949506605,0.05932181471705875,0.14519441584084633,0.09023270273232216,0.07644399515830354,0.15226034039656916,0.1181019217336038
156,156.0,155.99733423551103,0.09014671356722884,0.0954208134766333,0.08559587218493582,0.08763640184559021,0.057924857455158366,0.1468017110611746,0.09065318497136668,0.07552909800570187,0.1521720799637509,0.11811926746845919
157,157.0,156.99739036391077,0.09153657594254666,0.09631440323442264,0.08644662088957536,0.08880405928314733,0.056385491331184624,0.14626259107382333,0.09060938906630116,0.0742129530198474,0.1526847992189419,0.11674311694020938
158,158.0,157.99746697583146,0.09111144100043783,0.09609237516348601,0.08723504350984668,0.08758043680167202,0.05883135665397554,0.14786923995357962,0.09140956042293305,0.0743213817608556,0.15213488481071044,0.11341427992250304
159,159.0,158.99756125680176,0.0925800315568363,0.09568477710011901,0.0878745639294731,0.0870830021993336,0.05932448425639768,0.14845302898303342,0.09243816034093302,0.07308047737837084,0.15188814858487787,0.111593325670625
160,160.0,159.997670497107,0.09335579055260429,0.09530681821683241,0.08670000334864847,0.08786346546433009,0.060745575484130836,0.14778259205139585,0.09226927851158369,0.07296327956751654,0.15242945175547512,0.11058374504748253
161,161.0,160.99779210841066,0.09440665434104721,0.09525941744035828,0.08589771149273376,0.08669088571233707,0.06018680360321811,0.14804489855529507,0.09240962981691385,0.07264513256672285,0.15478346411061827,0.10967540236075539
162,162.0,161.99792363749984,0.09570605230664452,0.09272594808745054,0.08613420539468185,0.08986502627749512,0.060500431091485396,0.14686525196125316,0.09255080109895092,0.07173278155063328,0.1540687029550502,0.10985079927635484
163,163.0,162.9980627773051,0.0960028432150398,0.09211461321938454,0.0860892368784186,0.08942312935690928,0.06235890463735151,0.1467917386094917,0.09232068827740156,0.07169989826495471,0.1526598441848749,0.11053910335617315
164,164.0,163.9982073753568,0.09522892060280712,0.09094359623836942,0.08512358283221656,0.0912327295537855,0.06226562539162651,0.14590432349602672,0.09383043151705743,0.07162652538384884,0.1535016293997735,0.11034263558448815
165,165.0,164.99835543984977,0.09317464929576431,0.09122852476019953,0.08534701838413228,0.09160042537744581,0.0610940908680062,0.14618033018342097,0.09438881760081176,0.07133624772363974,0.15407238003685417,0.11157751576972498
166,166.0,165.99850514349492,0.09307703622543066,0.0937840819101051,0.08442799846622139,0.09195247245925449,0.06046884050408504,0.14523900816035637,0.093166861365956,0.07028060511873943,0.15452404925715998,0.1130790465326913
167,167.0,166.99865482534062,0.09201320757591888,0.09337401416253296,0.08189485901811913,0.09220983040544808,0.061293289765228576,0.14519957334369088,0.09574208074837107,0.07202463484216058,0.15444805257047,0.11180045756805956
168,168.0,167.99880299074837,0.08990082068413083,0.09405692176212166,0.08094827408767176,0.09174041136682848,0.060379728909841,0.14738296338017978,0.09414566911910086,0.07134663937339772,0.15615632327758008,0.11394224803914757
169,169.0,168.99894830970783,0.08809505713769317,0.0955872090558468,0.08152236091183127,0.09097276720791123,0.05954253827694676,0.1483938634584646,0.09488552622984,0.07179199908295358,0.1553085353551705,0.1139001432833418
170,170.0,169.99908961367427,0.08567089037349562,0.096354276846354,0.08235843191570956,0.09025234064415866,0.05968831881873228,0.14899631019058618,0.09521290447702818,0.07108680720819877,0.15674110474252836,0.11363861478320811
171,171.0,170.99922589110733,0.0857885099599805,0.09679587105842714,0.08092793530484356,0.0898094255442345,0.05954294609810981,0.15037062371673657,0.09479476304008135,0.06907923653224787,0.15922480890234708,0.11366587984299135
172,172.0,171.99935628188598,0.08693547708889994,0.09572662373728776,0.08256152786308577,0.08980033439762773,0.06076757685422166,0.1497814012392815,0.09301545616153192,0.06829440642736385,0.1585265364063119,0.11459065982438772
173,173.0,172.99948007076793,0.08806195363326166,0.09727089281415341,0.08431166285025052,0.08937986513528344,0.05953130399662001,0.15068417985690524,0.09176725817197855,0.06678538322159872,0.15834587040491505,0.11386162991503315
174,174.0,173.99959668005403,0.09029954443050112,0.0992789273285134,0.08396607053500964,0.08959905259418763,0.05828691627086405,0.1512500822341824,0.09001854152765773,0.06701981172814733,0.15716693443266933,0.11311411891826707
175,175.0,174.99970566161096,0.09039030028023934,0.10043708397134994,0.08346683725122221,0.0902229598759944,0.05690967039045905,0.1520767988315565,0.08954999271641373,0.06668025128565615,0.15567628276409015,0.11458982263301826
