,Unnamed: 0,Total_iterations,Intertwine_two,Add_vertex,Delete_vertex,Invert_path_vertices,Insert_inside_vertex,Delete_inside_vertex,Replace_inside_vertex,Donate_between_routes
0,0.0,0.0,0.125,0.125,0.125,0.125,0.125,0.125,0.125,0.125
1,1.0,1.0,0.125,0.125,0.125,0.125,0.125,0.125,0.125,0.125
2,2.0,2.0,0.125,0.125,0.125,0.125,0.125,0.125,0.125,0.125
3,3.0,3.0,0.125,0.125,0.125,0.125,0.125,0.125,0.125,0.125
4,4.0,4.0,0.125,0.125,0.125,0.125,0.125,0.125,0.125,0.125
5,5.0,5.0,0.125,0.125,0.125,0.125,0.125,0.125,0.125,0.125
6,6.0,6.0,0.125,0.125,0.125,0.125,0.125,0.125,0.125,0.125
7,7.0,7.0,0.125,0.125,0.125,0.125,0.125,0.125,0.125,0.125
8,8.0,8.0,0.125,0.125,0.125,0.125,0.125,0.125,0.125,0.125
9,9.0,9.0,0.125,0.125,0.125,0.125,0.125,0.125,0.125,0.125
10,10.0,10.0,0.125,0.125,0.125,0.125,0.125,0.125,0.125,0.125
11,11.0,11.0,0.125,0.125,0.125,0.125,0.125,0.125,0.125,0.125
12,12.0,12.0,0.125,0.125,0.125,0.125,0.125,0.125,0.125,0.125
13,13.0,13.0,0.125,0.125,0.125,0.125,0.125,0.125,0.125,0.125
14,14.0,14.1,0.125,0.125,0.125,0.125,0.125,0.125,0.125,0.125
15,15.0,15.2,0.125,0.125,0.125,0.125,0.125,0.125,0.125,0.125
16,16.0,16.3,0.125,0.125,0.125,0.125,0.125,0.125,0.125,0.125
17,17.0,17.7,0.125,0.125,0.125,0.125,0.125,0.125,0.125,0.125
18,18.0,18.7,0.125,0.125,0.125,0.125,0.125,0.125,0.125,0.125
19,19.0,19.7,0.125,0.125,0.125,0.125,0.125,0.125,0.125,0.125
20,20.0,20.8,0.125,0.125,0.125,0.125,0.125,0.125,0.125,0.125
21,21.0,21.8,0.125,0.125,0.125,0.125,0.125,0.125,0.125,0.125
22,22.0,22.8,0.125,0.125,0.125,0.125,0.125,0.125,0.125,0.125
23,23.0,23.8,0.125,0.125,0.125,0.125,0.125,0.125,0.125,0.125
24,24.0,24.8,0.125,0.125,0.125,0.125,0.125,0.125,0.125,0.125
25,25.0,26.0,0.125,0.125,0.125,0.125,0.125,0.125,0.125,0.125
26,26.0,27.0,0.125,0.125,0.125,0.125,0.125,0.125,0.125,0.125
27,27.0,28.0,0.125,0.125,0.125,0.125,0.125,0.125,0.125,0.125
28,28.0,29.0,0.125,0.125,0.125,0.125,0.125,0.125,0.125,0.125
29,29.0,30.0,0.125,0.125,0.125,0.125,0.125,0.125,0.125,0.125
30,30.0,31.0,0.125,0.125,0.125,0.125,0.125,0.125,0.125,0.125
31,31.0,32.2,0.125,0.125,0.125,0.125,0.125,0.125,0.125,0.125
32,32.0,33.2,0.125,0.125,0.125,0.125,0.125,0.125,0.125,0.125
33,33.0,34.3,0.125,0.125,0.125,0.125,0.125,0.125,0.125,0.125
34,34.0,35.3,0.125,0.125,0.125,0.125,0.125,0.125,0.125,0.125
35,35.0,36.4,0.125,0.125,0.125,0.125,0.125,0.125,0.125,0.125
36,36.0,37.5,0.125,0.125,0.125,0.125,0.125,0.125,0.125,0.125
37,37.0,38.5,0.125,0.125,0.125,0.125,0.125,0.125,0.125,0.125
38,38.0,39.5,0.125,0.125,0.125,0.125,0.125,0.125,0.125,0.125
39,39.0,40.7,0.125,0.125,0.125,0.125,0.125,0.125,0.125,0.125
40,40.0,41.7,0.125,0.125,0.125,0.125,0.125,0.125,0.125,0.125
41,41.0,42.7,0.125,0.125,0.125,0.125,0.125,0.125,0.125,0.125
42,42.0,43.7,0.125,0.125,0.125,0.125,0.125,0.125,0.125,0.125
43,43.0,44.7,0.125,0.125,0.125,0.125,0.125,0.125,0.125,0.125
44,44.0,45.7,0.125,0.125,0.125,0.125,0.125,0.125,0.125,0.125
45,45.0,46.7,0.125,0.125,0.125,0.125,0.125,0.125,0.125,0.125
46,46.0,47.8,0.125,0.125,0.125,0.125,0.125,0.125,0.125,0.125
47,47.0,48.8,0.125,0.125,0.125,0.125,0.125,0.125,0.125,0.125
48,48.0,49.8,0.125,0.125,0.125,0.125,0.125,0.125,0.125,0.125
49,49.0,50.9,0.125,0.125,0.125,0.125,0.125,0.125,0.125,0.125
50,50.0,51.9,0.125,0.125,0.125,0.125,0.125,0.125,0.125,0.125
51,51.0,52.9,0.125,0.125,0.125,0.125,0.125,0.125,0.125,0.125
52,52.0,53.9,0.125,0.125,0.125,0.125,0.125,0.125,0.125,0.125
53,53.0,54.9,0.125,0.125,0.125,0.125,0.125,0.125,0.125,0.125
54,54.0,55.9,0.125,0.125,0.125,0.125,0.125,0.125,0.125,0.125
55,55.0,57.1,0.125,0.125,0.125,0.125,0.125,0.125,0.125,0.125
56,56.0,58.1,0.125,0.125,0.125,0.125,0.125,0.125,0.125,0.125
57,57.0,59.1,0.125,0.125,0.125,0.125,0.125,0.125,0.125,0.125
58,58.0,60.1,0.125,0.125,0.125,0.125,0.125,0.125,0.125,0.125
59,59.0,61.1,0.125,0.125,0.125,0.125,0.125,0.125,0.125,0.125
60,60.0,62.1,0.125,0.125,0.125,0.125,0.125,0.125,0.125,0.125
61,61.0,63.2,0.125,0.125,0.125,0.125,0.125,0.125,0.125,0.125
62,62.0,64.3,0.125,0.125,0.125,0.125,0.125,0.125,0.125,0.125
63,63.0,65.3,0.125,0.125,0.125,0.125,0.125,0.125,0.125,0.125
64,64.0,66.4,0.125,0.125,0.125,0.125,0.125,0.125,0.125,0.125
65,65.0,67.4,0.125,0.125,0.125,0.125,0.125,0.125,0.125,0.125
66,66.0,68.4,0.125,0.125,0.125,0.125,0.125,0.125,0.125,0.125
67,67.0,69.4,0.125,0.125,0.125,0.125,0.125,0.125,0.125,0.125
68,68.0,70.4,0.125,0.125,0.125,0.125,0.125,0.125,0.125,0.125
69,69.0,71.4,0.125,0.125,0.125,0.125,0.125,0.125,0.125,0.125
70,70.0,72.4,0.125,0.125,0.125,0.125,0.125,0.125,0.125,0.125
71,71.0,73.4,0.125,0.125,0.125,0.125,0.125,0.125,0.125,0.125
72,72.0,74.4,0.125,0.125,0.125,0.125,0.125,0.125,0.125,0.125
73,73.0,75.4,0.125,0.125,0.125,0.125,0.125,0.125,0.125,0.125
74,74.0,76.4,0.125,0.125,0.125,0.125,0.125,0.125,0.125,0.125
75,75.0,77.5,0.125,0.125,0.125,0.125,0.125,0.125,0.125,0.125
76,76.0,78.6,0.125,0.125,0.125,0.125,0.125,0.125,0.125,0.125
77,77.0,79.6,0.125,0.125,0.125,0.125,0.125,0.125,0.125,0.125
78,78.0,80.6,0.125,0.125,0.125,0.125,0.125,0.125,0.125,0.125
79,79.0,81.6,0.125,0.125,0.125,0.125,0.125,0.125,0.125,0.125
80,80.0,82.6,0.125,0.125,0.125,0.125,0.125,0.125,0.125,0.125
81,81.0,83.6,0.125,0.125,0.125,0.125,0.125,0.125,0.125,0.125
82,82.0,84.6,0.125,0.125,0.125,0.125,0.125,0.125,0.125,0.125
83,83.0,85.7,0.125,0.125,0.125,0.125,0.125,0.125,0.125,0.125
84,84.0,86.7,0.125,0.125,0.125,0.125,0.125,0.125,0.125,0.125
85,85.0,87.7,0.125,0.125,0.125,0.125,0.125,0.125,0.125,0.125
86,86.0,88.8,0.125,0.125,0.125,0.125,0.125,0.125,0.125,0.125
87,87.0,89.8,0.125,0.125,0.125,0.125,0.125,0.125,0.125,0.125
88,88.0,90.8,0.125,0.125,0.125,0.125,0.125,0.125,0.125,0.125
89,89.0,91.9,0.125,0.125,0.125,0.125,0.125,0.125,0.125,0.125
90,90.0,92.9,0.125,0.125,0.125,0.125,0.125,0.125,0.125,0.125
91,91.0,93.9,0.125,0.125,0.125,0.125,0.125,0.125,0.125,0.125
92,92.0,94.9,0.125,0.125,0.125,0.125,0.125,0.125,0.125,0.125
93,93.0,95.9,0.125,0.125,0.125,0.125,0.125,0.125,0.125,0.125
94,94.0,96.9,0.125,0.125,0.125,0.125,0.125,0.125,0.125,0.125
95,95.0,97.9,0.125,0.125,0.125,0.125,0.125,0.125,0.125,0.125
96,96.0,98.9,0.125,0.125,0.125,0.125,0.125,0.125,0.125,0.125
97,97.0,99.9,0.125,0.125,0.125,0.125,0.125,0.125,0.125,0.125
98,98.0,100.9,0.125,0.125,0.125,0.125,0.125,0.125,0.125,0.125
99,99.0,101.9,0.125,0.125,0.125,0.125,0.125,0.125,0.125,0.125
100,100.0,102.9,0.125,0.125,0.125,0.125,0.125,0.125,0.125,0.125
101,101.0,103.9,0.125,0.125,0.125,0.125,0.125,0.125,0.125,0.125
102,102.0,105.0,0.125,0.125,0.125,0.125,0.125,0.125,0.125,0.125
103,103.0,106.0,0.125,0.125,0.125,0.125,0.125,0.125,0.125,0.125
104,104.0,107.0,0.125,0.125,0.125,0.125,0.125,0.125,0.125,0.125
105,105.0,108.0,0.125,0.125,0.125,0.125,0.125,0.125,0.125,0.125
106,106.0,109.0,0.125,0.125,0.125,0.125,0.125,0.125,0.125,0.125
107,107.0,110.0,0.125,0.125,0.125,0.125,0.125,0.125,0.125,0.125
108,108.0,111.0,0.125,0.125,0.125,0.125,0.125,0.125,0.125,0.125
109,109.0,112.1,0.125,0.125,0.125,0.125,0.125,0.125,0.125,0.125
110,110.0,113.1,0.125,0.125,0.125,0.125,0.125,0.125,0.125,0.125
111,111.0,114.1,0.125,0.125,0.125,0.125,0.125,0.125,0.125,0.125
112,112.0,115.1,0.125,0.125,0.125,0.125,0.125,0.125,0.125,0.125
113,113.0,116.1,0.125,0.125,0.125,0.125,0.125,0.125,0.125,0.125
114,114.0,117.1,0.125,0.125,0.125,0.125,0.125,0.125,0.125,0.125
115,115.0,118.2,0.125,0.125,0.125,0.125,0.125,0.125,0.125,0.125
116,116.0,119.2,0.125,0.125,0.125,0.125,0.125,0.125,0.125,0.125
117,117.0,120.2,0.125,0.125,0.125,0.125,0.125,0.125,0.125,0.125
118,118.0,121.2,0.125,0.125,0.125,0.125,0.125,0.125,0.125,0.125
119,119.0,122.2,0.125,0.125,0.125,0.125,0.125,0.125,0.125,0.125
120,120.0,123.2,0.125,0.125,0.125,0.125,0.125,0.125,0.125,0.125
121,121.0,124.3,0.125,0.125,0.125,0.125,0.125,0.125,0.125,0.125
122,122.0,125.3,0.125,0.125,0.125,0.125,0.125,0.125,0.125,0.125
123,123.0,126.3,0.125,0.125,0.125,0.125,0.125,0.125,0.125,0.125
124,124.0,127.3,0.125,0.125,0.125,0.125,0.125,0.125,0.125,0.125
125,125.0,128.3,0.125,0.125,0.125,0.125,0.125,0.125,0.125,0.125
126,126.0,129.3,0.125,0.125,0.125,0.125,0.125,0.125,0.125,0.125
127,127.0,130.3,0.125,0.125,0.125,0.125,0.125,0.125,0.125,0.125
128,128.0,131.3,0.125,0.125,0.125,0.125,0.125,0.125,0.125,0.125
129,129.0,132.3,0.125,0.125,0.125,0.125,0.125,0.125,0.125,0.125
130,130.0,133.3,0.125,0.125,0.125,0.125,0.125,0.125,0.125,0.125
131,131.0,134.4,0.125,0.125,0.125,0.125,0.125,0.125,0.125,0.125
132,132.0,135.4,0.125,0.125,0.125,0.125,0.125,0.125,0.125,0.125
133,133.0,136.4,0.125,0.125,0.125,0.125,0.125,0.125,0.125,0.125
134,134.0,137.4,0.125,0.125,0.125,0.125,0.125,0.125,0.125,0.125
135,135.0,138.4,0.125,0.125,0.125,0.125,0.125,0.125,0.125,0.125
136,136.0,139.4,0.125,0.125,0.125,0.125,0.125,0.125,0.125,0.125
137,137.0,140.4,0.125,0.125,0.125,0.125,0.125,0.125,0.125,0.125
138,138.0,141.4,0.125,0.125,0.125,0.125,0.125,0.125,0.125,0.125
139,139.0,142.4,0.125,0.125,0.125,0.125,0.125,0.125,0.125,0.125
140,140.0,143.4,0.125,0.125,0.125,0.125,0.125,0.125,0.125,0.125
141,141.0,144.4,0.125,0.125,0.125,0.125,0.125,0.125,0.125,0.125
142,142.0,145.4,0.125,0.125,0.125,0.125,0.125,0.125,0.125,0.125
143,143.0,146.4,0.125,0.125,0.125,0.125,0.125,0.125,0.125,0.125
144,144.0,147.4,0.125,0.125,0.125,0.125,0.125,0.125,0.125,0.125
145,145.0,148.4,0.125,0.125,0.125,0.125,0.125,0.125,0.125,0.125
146,146.0,149.4,0.125,0.125,0.125,0.125,0.125,0.125,0.125,0.125
147,147.0,150.4,0.125,0.125,0.125,0.125,0.125,0.125,0.125,0.125
148,148.0,151.4,0.125,0.125,0.125,0.125,0.125,0.125,0.125,0.125
149,149.0,152.4,0.125,0.125,0.125,0.125,0.125,0.125,0.125,0.125
150,150.0,153.4,0.125,0.125,0.125,0.125,0.125,0.125,0.125,0.125
151,151.0,154.4,0.125,0.125,0.125,0.125,0.125,0.125,0.125,0.125
152,152.0,155.4,0.125,0.125,0.125,0.125,0.125,0.125,0.125,0.125
153,153.0,156.5,0.125,0.125,0.125,0.125,0.125,0.125,0.125,0.125
154,154.0,157.5,0.125,0.125,0.125,0.125,0.125,0.125,0.125,0.125
155,155.0,158.5,0.125,0.125,0.125,0.125,0.125,0.125,0.125,0.125
156,156.0,159.5,0.125,0.125,0.125,0.125,0.125,0.125,0.125,0.125
157,157.0,160.5,0.125,0.125,0.125,0.125,0.125,0.125,0.125,0.125
158,158.0,161.5,0.125,0.125,0.125,0.125,0.125,0.125,0.125,0.125
159,159.0,162.5,0.125,0.125,0.125,0.125,0.125,0.125,0.125,0.125
160,160.0,163.5,0.125,0.125,0.125,0.125,0.125,0.125,0.125,0.125
161,161.0,164.5,0.125,0.125,0.125,0.125,0.125,0.125,0.125,0.125
162,162.0,165.5,0.125,0.125,0.125,0.125,0.125,0.125,0.125,0.125
163,163.0,166.5,0.125,0.125,0.125,0.125,0.125,0.125,0.125,0.125
164,164.0,167.5,0.125,0.125,0.125,0.125,0.125,0.125,0.125,0.125
165,165.0,168.5,0.125,0.125,0.125,0.125,0.125,0.125,0.125,0.125
166,166.0,169.5,0.125,0.125,0.125,0.125,0.125,0.125,0.125,0.125
167,167.0,170.5,0.125,0.125,0.125,0.125,0.125,0.125,0.125,0.125
168,168.0,171.5,0.125,0.125,0.125,0.125,0.125,0.125,0.125,0.125
169,169.0,172.5,0.125,0.125,0.125,0.125,0.125,0.125,0.125,0.125
170,170.0,173.5,0.125,0.125,0.125,0.125,0.125,0.125,0.125,0.125
171,171.0,174.5,0.125,0.125,0.125,0.125,0.125,0.125,0.125,0.125
172,172.0,175.5,0.125,0.125,0.125,0.125,0.125,0.125,0.125,0.125
173,173.0,176.5,0.125,0.125,0.125,0.125,0.125,0.125,0.125,0.125
174,174.0,177.5,0.125,0.125,0.125,0.125,0.125,0.125,0.125,0.125
175,175.0,178.5,0.125,0.125,0.125,0.125,0.125,0.125,0.125,0.125
176,176.0,179.5,0.125,0.125,0.125,0.125,0.125,0.125,0.125,0.125
177,177.0,180.5,0.125,0.125,0.125,0.125,0.125,0.125,0.125,0.125
178,178.0,181.6,0.125,0.125,0.125,0.125,0.125,0.125,0.125,0.125
179,179.0,182.6,0.125,0.125,0.125,0.125,0.125,0.125,0.125,0.125
180,180.0,183.6,0.125,0.125,0.125,0.125,0.125,0.125,0.125,0.125
181,181.0,184.6,0.125,0.125,0.125,0.125,0.125,0.125,0.125,0.125
182,182.0,185.6,0.125,0.125,0.125,0.125,0.125,0.125,0.125,0.125
183,183.0,186.6,0.125,0.125,0.125,0.125,0.125,0.125,0.125,0.125
184,184.0,187.6,0.125,0.125,0.125,0.125,0.125,0.125,0.125,0.125
185,185.0,188.6,0.125,0.125,0.125,0.125,0.125,0.125,0.125,0.125
186,186.0,189.6,0.125,0.125,0.125,0.125,0.125,0.125,0.125,0.125
187,187.0,190.6,0.125,0.125,0.125,0.125,0.125,0.125,0.125,0.125
188,188.0,191.6,0.125,0.125,0.125,0.125,0.125,0.125,0.125,0.125
189,189.0,192.6,0.125,0.125,0.125,0.125,0.125,0.125,0.125,0.125
190,190.0,193.6,0.125,0.125,0.125,0.125,0.125,0.125,0.125,0.125
191,191.0,194.6,0.125,0.125,0.125,0.125,0.125,0.125,0.125,0.125
192,192.0,195.6,0.125,0.125,0.125,0.125,0.125,0.125,0.125,0.125
193,193.0,196.6,0.125,0.125,0.125,0.125,0.125,0.125,0.125,0.125
194,194.0,197.6,0.125,0.125,0.125,0.125,0.125,0.125,0.125,0.125
195,195.0,198.6,0.125,0.125,0.125,0.125,0.125,0.125,0.125,0.125
196,196.0,199.6,0.125,0.125,0.125,0.125,0.125,0.125,0.125,0.125
197,197.0,200.6,0.125,0.125,0.125,0.125,0.125,0.125,0.125,0.125
198,198.0,201.6,0.125,0.125,0.125,0.125,0.125,0.125,0.125,0.125
199,199.0,202.6,0.12361111111111112,0.12361111111111112,0.12361111111111112,0.13472222222222224,0.12361111111111112,0.12361111111111112,0.12361111111111112,0.12361111111111112
200,200.0,203.6,0.12222222222222223,0.12222222222222223,0.12222222222222223,0.14444444444444443,0.12222222222222223,0.12222222222222223,0.12222222222222223,0.12222222222222223
201,201.0,204.6,0.12222222222222223,0.12222222222222223,0.12222222222222223,0.14444444444444443,0.12222222222222223,0.12222222222222223,0.12222222222222223,0.12222222222222223
202,202.0,205.6,0.12222222222222223,0.12222222222222223,0.12222222222222223,0.14444444444444443,0.12222222222222223,0.12222222222222223,0.12222222222222223,0.12222222222222223
203,203.0,206.6,0.1211111111111111,0.1211111111111111,0.1211111111111111,0.1422222222222222,0.13111111111111112,0.1211111111111111,0.1211111111111111,0.1211111111111111
204,204.0,207.6,0.1202020202020202,0.1202020202020202,0.1202020202020202,0.1404040404040404,0.1292929292929293,0.1202020202020202,0.1202020202020202,0.1292929292929293
205,205.0,208.6,0.11944444444444444,0.11944444444444444,0.11944444444444444,0.1388888888888889,0.12777777777777777,0.11944444444444444,0.11944444444444444,0.13611111111111113
206,206.0,209.6,0.1188034188034188,0.1188034188034188,0.1264957264957265,0.13760683760683762,0.1264957264957265,0.1188034188034188,0.1188034188034188,0.13418803418803418
207,207.0,210.6,0.11825396825396825,0.11825396825396825,0.1253968253968254,0.14365079365079364,0.1253968253968254,0.11825396825396825,0.11825396825396825,0.13253968253968254
208,208.0,211.6,0.11777777777777779,0.11777777777777779,0.12444444444444444,0.1422222222222222,0.13111111111111112,0.11777777777777779,0.11777777777777779,0.13111111111111112
209,209.0,212.6,0.11685672514619883,0.11685672514619883,0.12562865497076023,0.14235380116959062,0.13124269005847952,0.1179093567251462,0.1179093567251462,0.13124269005847952
210,210.0,213.6,0.11673611111111111,0.11673611111111111,0.1254861111111111,0.1422222222222222,0.13111111111111112,0.11777777777777779,0.11881944444444444,0.13111111111111112
211,211.0,214.6,0.11673611111111111,0.11673611111111111,0.1254861111111111,0.1422222222222222,0.13111111111111112,0.11777777777777779,0.11881944444444444,0.13111111111111112
212,212.0,215.7,0.11534722222222223,0.11534722222222223,0.12409722222222222,0.15194444444444444,0.12972222222222224,0.1163888888888889,0.11743055555555555,0.12972222222222224
213,213.0,216.7,0.11522909507445589,0.11522909507445589,0.12395761741122566,0.15284650630011454,0.1295933562428408,0.11626002290950743,0.117290950744559,0.1295933562428408
214,214.0,217.7,0.11522909507445589,0.11522909507445589,0.12395761741122566,0.15284650630011454,0.1295933562428408,0.11626002290950743,0.117290950744559,0.1295933562428408
215,215.0,218.7,0.11400226757369614,0.11400226757369614,0.13270975056689344,0.15048752834467122,0.1283560090702948,0.11502267573696143,0.11706349206349205,0.1283560090702948
216,216.0,219.7,0.11297979797979799,0.11297979797979799,0.13075757575757574,0.14853535353535352,0.12732323232323234,0.11499999999999999,0.11601010101010101,0.1364141414141414
217,217.0,220.7,0.11286868686868685,0.11286868686868685,0.12395959595959594,0.1484040404040404,0.1272020202020202,0.11486868686868686,0.11686868686868686,0.14295959595959595
218,218.0,221.7,0.11158553355335532,0.11158553355335532,0.12189906490649065,0.1600935093509351,0.12507563256325632,0.1135657315731573,0.11653602860286028,0.13965896589658966
219,219.0,222.7,0.11111111111111109,0.11111111111111109,0.12140522875816992,0.1584967320261438,0.12385620915032677,0.11405228758169934,0.12189542483660129,0.1380718954248366
220,220.0,223.7,0.11078431372549018,0.11078431372549018,0.121078431372549,0.1627450980392157,0.12287581699346403,0.1137254901960784,0.12124183006535946,0.13676470588235295
221,221.0,224.7,0.11067961165048541,0.11067961165048541,0.1209546925566343,0.16262135922330095,0.1227615965480043,0.11456310679611648,0.12108953613807982,0.1366504854368932
222,222.0,225.7,0.11565037188440355,0.11038721398966671,0.12066229489581559,0.1611593709192074,0.12188440356554815,0.11427070913529777,0.12050474081644238,0.13548089479361833
223,223.0,226.7,0.11565037188440355,0.11038721398966671,0.12066229489581559,0.1611593709192074,0.12188440356554815,0.11427070913529777,0.12050474081644238,0.13548089479361833
224,224.0,227.7,0.11565037188440355,0.11038721398966671,0.12066229489581559,0.1611593709192074,0.12188440356554815,0.11427070913529777,0.12050474081644238,0.13548089479361833
225,225.0,228.7,0.1155476833108412,0.11028452541610434,0.11220760233918128,0.16103801169590642,0.12177237966711649,0.12342555105713,0.12035537561853349,0.13536887089518665
226,226.0,229.7,0.1155476833108412,0.11028452541610434,0.11220760233918128,0.16103801169590642,0.12177237966711649,0.12342555105713,0.12035537561853349,0.13536887089518665
227,227.0,230.7,0.11502136752136752,0.11002136752136751,0.11194444444444444,0.15972222222222224,0.12098290598290598,0.12816239316239314,0.11982905982905982,0.13431623931623932
228,228.0,231.7,0.11444444444444443,0.10968253968253967,0.11730158730158728,0.15841269841269842,0.12015873015873013,0.12753968253968254,0.1192063492063492,0.13325396825396824
229,229.0,232.7,0.11370458681779434,0.1089426820558896,0.11653477549703964,0.16500852397078813,0.11940988780611421,0.12611387564217752,0.11842156794986983,0.13186410026032666
230,230.0,233.7,0.11123636228776417,0.1178020188534207,0.11404010060552117,0.16115072622081966,0.11671639627247103,0.12305211662688298,0.11590925948402583,0.1400930196490944
231,231.0,234.7,0.10972999425965699,0.12538216817270048,0.11253373257741402,0.15905147281721846,0.11501239978586586,0.12154574859877583,0.11875071754287521,0.13799376624549317
232,232.0,235.7,0.10882090335056607,0.13174580453633683,0.11162464166832309,0.15814238190812752,0.11410330887677493,0.1206366576896849,0.11784162663378428,0.13708467533640226
233,233.0,236.7,0.10806332759299031,0.12871550150603378,0.11086706591074733,0.15738480615055178,0.11334573311919918,0.11987908193210914,0.12541738420954185,0.1363270995788265
234,234.0,237.7,0.10742230195196467,0.12615139894193123,0.11791834796202938,0.15674378050952614,0.11270470747817354,0.1192380562910835,0.12413533292749057,0.13568607393780086
235,235.0,238.8,0.10742230195196467,0.12615139894193123,0.11791834796202938,0.15674378050952614,0.11270470747817354,0.1192380562910835,0.12413533292749057,0.13568607393780086
236,236.0,239.8,0.11401570854537127,0.12395359674412902,0.11681944686312828,0.1561943299600756,0.112155256928723,0.11868860574163295,0.12303643182858948,0.1351366233883503
237,237.0,240.8,0.11401570854537127,0.12395359674412902,0.11681944686312828,0.1561943299600756,0.112155256928723,0.11868860574163295,0.12303643182858948,0.1351366233883503
238,238.0,241.8,0.11456515909482182,0.12450304729357957,0.11736889741257883,0.15839213215787779,0.11270470747817354,0.12747981453284174,0.12358588237804002,0.12140035965208658
239,239.0,242.8,0.10986551091691277,0.13129408234548418,0.11721470378012433,0.15718247225256568,0.11181356286496473,0.1271612992407385,0.12362931720408354,0.12183905139512614
240,240.0,243.8,0.10957269381182425,0.13192719116632162,0.11669829767655852,0.15606452726017944,0.11112548884288014,0.12661893259719345,0.1228979756153669,0.12509489302967564
241,241.0,244.8,0.10909650333563377,0.13097481021394067,0.11622210720036805,0.15415976535541753,0.11064929836668966,0.1318570278352887,0.12242178513917643,0.12461870255348514
242,242.0,245.8,0.1089153439153439,0.13079365079365077,0.11585978835978834,0.15325396825396825,0.11010582010582011,0.131494708994709,0.12187830687830688,0.1276984126984127
243,243.0,246.8,0.1089153439153439,0.13079365079365077,0.11585978835978834,0.15325396825396825,0.11010582010582011,0.131494708994709,0.12187830687830688,0.1276984126984127
244,244.0,247.8,0.1089153439153439,0.13079365079365077,0.11585978835978834,0.15325396825396825,0.11010582010582011,0.131494708994709,0.12187830687830688,0.1276984126984127
245,245.0,248.8,0.1089153439153439,0.13079365079365077,0.11585978835978834,0.15325396825396825,0.11010582010582011,0.131494708994709,0.12187830687830688,0.1276984126984127
246,246.0,249.8,0.10874867724867723,0.13062698412698412,0.11552645502645502,0.1564206349206349,0.1096058201058201,0.13116137566137567,0.12137830687830686,0.12653174603174605
247,247.0,250.8,0.10859483109483108,0.13047313797313795,0.11906491656491655,0.155497557997558,0.10914428164428162,0.13085368335368336,0.12091676841676839,0.12545482295482296
248,248.0,251.8,0.10845238095238094,0.13033068783068785,0.11863756613756613,0.15464285714285714,0.1124206349206349,0.13056878306878306,0.120489417989418,0.12445767195767195
249,249.0,252.8,0.10845238095238094,0.13033068783068785,0.11863756613756613,0.15464285714285714,0.1124206349206349,0.13056878306878306,0.120489417989418,0.12445767195767195
250,250.0,253.8,0.10845238095238094,0.13033068783068785,0.11863756613756613,0.15834656084656082,0.1124206349206349,0.13056878306878306,0.11678571428571427,0.12445767195767195
251,251.0,254.8,0.1083201058201058,0.13019841269841267,0.12181216931216929,0.1574206349206349,0.11189153439153439,0.1303042328042328,0.11652116402116401,0.12353174603174603
252,252.0,255.8,0.1081969531107462,0.13007525998905306,0.12131955847473089,0.15655856595511766,0.11139892355409595,0.13005792738551358,0.1162748586024448,0.12611795292829775
253,253.0,256.8,0.10808201058201057,0.12996031746031744,0.12085978835978835,0.15575396825396826,0.11427248677248676,0.12982804232804232,0.11604497354497353,0.1251984126984127
254,254.0,257.8,0.10658559481140124,0.12846390168970814,0.11904079194401773,0.15361239119303632,0.11234596347499573,0.12822409967571255,0.1287779484553678,0.12294930875576035
255,255.0,258.8,0.10017887205387203,0.12595328282828283,0.11545664983164983,0.16374368686868687,0.12176978114478114,0.1288594276094276,0.12105850168350167,0.12297979797979797
256,256.0,259.8,0.09942129629629629,0.12368055555555554,0.11469907407407406,0.1629861111111111,0.12858796296296296,0.12810185185185183,0.12030092592592592,0.1222222222222222
257,257.0,260.8,0.09878027065527065,0.12175747863247861,0.11093304843304844,0.1654700854700855,0.13435719373219374,0.1274608262108262,0.11965990028490028,0.12158119658119657
258,258.0,261.8,0.09793435076453942,0.12187242526865168,0.1107988447611089,0.16611807479732008,0.13407588218908972,0.12851182360616323,0.11965533418363608,0.12103326442949083
259,259.0,262.8,0.10602800107473002,0.12085753291360765,0.11070089827099172,0.16418527474602237,0.1330698066212085,0.12744403052814265,0.11769608377085013,0.12001837207444684
260,260.0,263.8,0.10594146594146592,0.12075369075369073,0.11057109557109557,0.16407277907277906,0.13297461797461796,0.12728826728826728,0.11848355348355348,0.11991452991452992
261,261.0,264.8,0.10530706805936163,0.12614625944901176,0.11081165521532492,0.16341289699087863,0.13068337371089664,0.12658591154003998,0.11778969246859154,0.11926314256589485
262,262.0,265.8,0.10370851370851371,0.12528860028860028,0.11916305916305917,0.16178932178932176,0.1298340548340548,0.12567821067821067,0.11613275613275612,0.11840548340548337
263,263.0,266.8,0.1036266136266136,0.12519032019032017,0.11992472992472991,0.16168285168285165,0.12974396474396474,0.1255307905307905,0.11599352599352597,0.1183072033072033
264,264.0,267.8,0.1035374870668988,0.12510119363060537,0.11956822368587072,0.16088071264541853,0.132239508415979,0.12535253741136093,0.11572614631438158,0.11759419082948494
265,265.0,268.8,0.10337301587301587,0.12777777777777777,0.1199801587301587,0.16001984126984123,0.1316468253968254,0.1250396825396825,0.11533730158730157,0.1168253968253968
266,266.0,269.8,0.10273844641101275,0.13228613569321532,0.11903638151425762,0.16150442477876104,0.1291789577187807,0.1251474926253687,0.11448869223205507,0.11561946902654867
267,267.0,270.8,0.10224670466927102,0.13630265220973184,0.11831941454729064,0.16033700736134363,0.12976454330436632,0.1245806758085519,0.11384680034016317,0.1146022017592814
268,268.0,271.8,0.10180793385511322,0.13983687528729857,0.11766727246712998,0.15925812274917728,0.13042766772910064,0.12407078123905982,0.1132657820153368,0.11366556465778362
269,269.0,272.8,0.1014811364694923,0.1431048491435077,0.11734047508150906,0.15893132536355636,0.12912047818661695,0.1237439838534389,0.11293898462971588,0.1133387672721627
270,270.0,273.8,0.10104363472784524,0.14580071974808814,0.11663067926225819,0.15786324786324785,0.12732568600989652,0.12404633378317587,0.11231219073324335,0.1149775078722447
271,271.0,274.8,0.10070419918246006,0.14834076551467854,0.11709215904868078,0.15750092902266813,0.12618914901523595,0.12363062058714232,0.11191936083240431,0.11462281679672984
272,272.0,275.8,0.10062923666371941,0.14825081049218977,0.11694223401119952,0.1599675803124079,0.12610669024462126,0.1243427645151783,0.10922782198644265,0.11453286177424107
273,273.0,276.8,0.10055555555555555,0.14816239316239316,0.11679487179487177,0.15987179487179487,0.126025641025641,0.12504273504273503,0.1091025641025641,0.11444444444444443
274,274.0,277.8,0.09927350427350426,0.14752136752136752,0.12320512820512819,0.1585897435897436,0.12038461538461535,0.12440170940170939,0.10782051282051282,0.1188034188034188
275,275.0,278.8,0.099035409035409,0.14514041514041512,0.12296703296703296,0.15835164835164833,0.12443223443223442,0.12416361416361414,0.10758241758241757,0.1183272283272283
276,276.0,279.8,0.09874652654313669,0.14743444879038098,0.12345317582605715,0.1580410361766294,0.12348675806302925,0.1237878129403553,0.10724283249706976,0.11780740916334136
277,277.0,280.8,0.09874652654313669,0.14743444879038098,0.12345317582605715,0.14692992506551827,0.12348675806302925,0.1237878129403553,0.10724283249706976,0.12891852027445244
278,278.0,281.8,0.09626767094797782,0.15786234226131923,0.12034653326213426,0.14442970499236482,0.12095734614916198,0.12975614325997958,0.10471412645325684,0.12566613267380528
279,279.0,282.8,0.09607859531772572,0.15730211817168338,0.11877090301003343,0.14338628762541805,0.12040412486064658,0.1286426978818283,0.11030936454849496,0.12510590858416942
280,280.0,283.8,0.0992307692307692,0.15471153846153846,0.11733974358974357,0.14862179487179486,0.11926282051282047,0.1276282051282051,0.10887820512820508,0.12432692307692306
281,281.0,284.8,0.09915501165501163,0.15462889383343928,0.11719511549057002,0.1485322631913541,0.12001350921805462,0.12746980292434834,0.10876112523839794,0.12424427844882387
282,282.0,285.8,0.0990804960067255,0.15454760403530893,0.11787253047498947,0.14844419924337954,0.1199322194199243,0.12731399747793187,0.10864596469104662,0.12416298865069356
283,283.0,286.8,0.09761830310610795,0.15307874713362518,0.12258703356264329,0.14696867834062954,0.11846336251824055,0.11952183656451947,0.11825489889514276,0.12350713987909108
284,284.0,287.8,0.09688300898846089,0.15271110007480165,0.12699879826852564,0.14586573716415896,0.118095715459417,0.11915418950569594,0.11715195771867218,0.12313949282026755
285,285.0,288.8,0.09622941421721906,0.1515712945590994,0.12536481134042107,0.14488534500729622,0.11858192620387738,0.11882739212007501,0.12172712111736499,0.12281269543464664
286,286.0,289.8,0.10083565510135965,0.15120677520932188,0.12456503127131309,0.1439229173015251,0.11820429381974369,0.11838419456416058,0.12044606968206284,0.12243506305051295
287,287.0,290.9,0.10464188034188034,0.15287264957264957,0.12293418803418803,0.14288290598290598,0.11719059829059826,0.1186059829059829,0.119117094017094,0.12175470085470086
288,288.0,291.9,0.10368949938949938,0.1573964590964591,0.12174371184371184,0.14216862026862026,0.11695250305250302,0.11836788766788767,0.11816471306471306,0.1215166056166056
289,289.0,292.9,0.10278040848040848,0.15557827727827728,0.12083462093462091,0.14125952935952935,0.11604341214341211,0.11745879675879675,0.11725562215562216,0.12878933288933286
290,290.0,293.9,0.10202283272283272,0.15406312576312575,0.12007704517704516,0.14526385836385833,0.11528583638583637,0.116701221001221,0.12006947496947495,0.1265166056166056
291,291.0,294.9,0.10138180708180708,0.16047338217338217,0.11943601953601952,0.1446228327228327,0.11464481074481073,0.11606019536019536,0.11878742368742365,0.12459352869352866
292,292.0,295.9,0.10416568986568986,0.16263455433455432,0.12221990231990229,0.13740671550671552,0.11742869352869352,0.10884407814407815,0.12102185592185591,0.12627851037851037
293,293.0,296.9,0.10278040848040848,0.15982070152070152,0.12992553002553,0.1351123432123432,0.12271007881007881,0.10654970584970584,0.11916038406038405,0.12394084804084804
294,294.0,297.9,0.10205604950604949,0.16000018870018867,0.12935501720501716,0.13454183039183037,0.12126136086136086,0.10597919302919301,0.11817320457320454,0.12863315573315573
295,295.0,298.9,0.10140350216232567,0.16612135511547274,0.1288449200037435,0.1340317331905567,0.11995626617391324,0.10546909582791934,0.11729546031310736,0.12687766721296131
296,296.0,299.9,0.1008121545121545,0.17163022533022532,0.12838584748584747,0.13357266067266066,0.11877357087357088,0.10501002331002329,0.11650959040959039,0.12530592740592741
297,297.0,300.9,0.09841938444697064,0.1709615931960759,0.1205967496105427,0.14364070565449874,0.1161344953896678,0.10198283019662327,0.12535108416487722,0.12291315734074353
298,298.0,301.9,0.10345034965034963,0.166822533022533,0.1172228438228438,0.139409324009324,0.1137061383061383,0.11695058275058275,0.1217235431235431,0.1207146853146853
299,299.0,302.9,0.10191275680840897,0.1658778255560864,0.11968125497690711,0.14391568721133938,0.11295905929818972,0.11510460264373305,0.12058120719859847,0.11996760630673672
300,300.0,303.9,0.10129777850242894,0.1622954826019268,0.11928133043436799,0.14351576266880023,0.11194415644967057,0.11470467810119392,0.11988888499524061,0.12707192624637076
301,301.0,304.9,0.10103462060769211,0.16071653523350576,0.11901817253963114,0.1432526047740634,0.11641784066019689,0.11444152020645708,0.11936256920576693,0.12575613677268654
302,302.0,305.9,0.10049410601475817,0.16233615888941974,0.11153641370706587,0.1500565602272124,0.11530032913945956,0.11410261851674892,0.11878557227796356,0.12738824122737163
303,303.0,306.9,0.09973382462947679,0.16025011992838079,0.11096552626117842,0.15424757754322974,0.11747565381478423,0.11257935011848053,0.11821468483207612,0.12653326287239328
304,304.0,307.9,0.10240762142092064,0.163496873175134,0.11087639970146361,0.15415845098351494,0.11703002101621025,0.11249022355876573,0.11336365351045655,0.12617675663353412
305,305.0,308.9,0.10219117120447041,0.16631072598898683,0.11065994948501338,0.1539420007670647,0.11638067036685962,0.11227377334231552,0.11314720329400632,0.12509450555128304
306,306.0,309.9,0.10199354274597239,0.16453206986250463,0.11046232102651536,0.1537443723085667,0.11578778499136552,0.1120761448838175,0.11294957483550831,0.12845418934574943
307,307.0,310.9,0.10147624887190101,0.16433020650846736,0.11019712799278014,0.15347917927483143,0.11899080532993575,0.11181095185008225,0.11268438180177306,0.12703109837022877
308,308.0,311.9,0.10099212188777404,0.16817941285767374,0.11661776291341505,0.1532331475287997,0.1179273132664437,0.10489825343738386,0.11243835005574132,0.1257136380527685
309,309.0,312.9,0.10027515492080707,0.16903902246728333,0.11570935450500666,0.15065807245372462,0.12338527122440165,0.10398984502897546,0.11194660831399961,0.12499667108580151
310,310.0,313.9,0.10433848598642648,0.17024812630796612,0.11129040466271586,0.15058694869839034,0.12302965244773026,0.10391872127364118,0.11187548455866533,0.12471217606446436
311,311.0,314.9,0.10370093339453952,0.17102757776466215,0.11048763416180293,0.1483135899621833,0.12195697641375391,0.10311595077272825,0.11144036111657592,0.12995697641375387
312,312.0,315.9,0.10344510375085407,0.1707717481209767,0.10998242648733529,0.14563022500329653,0.12058080099735077,0.10261719471116384,0.11677879670586541,0.13019370422315724
313,313.0,316.9,0.10815945372836197,0.1690690940499016,0.10933352860159531,0.1438117364742817,0.12217549285520053,0.10196829682542385,0.11612989882012541,0.12935249864510956
314,314.0,317.9,0.1073892354998639,0.1659034971307745,0.10874623720236554,0.14217181349610455,0.12128332340719025,0.10138100542619408,0.11554260742089566,0.1375822804166115
315,315.0,318.9,0.10708597972076232,0.1668778255560864,0.10933977809629983,0.1420363221319743,0.12085747199660242,0.10116809470722514,0.1153748579922493,0.13725966979880022
316,316.0,319.9,0.10864404542766523,0.16524098539366486,0.10865583568212482,0.14047618924160885,0.11997286513060021,0.10127780308670095,0.11949726478442349,0.1362350112532114
317,317.0,320.9,0.1083797748145574,0.1639724864507473,0.10860298155950328,0.1404233351189873,0.11965574039487081,0.10349767623680668,0.11944441066180193,0.13602359476272516
318,318.0,321.9,0.10361787005265263,0.1639724864507473,0.10860298155950328,0.14518523988089205,0.11965574039487081,0.10349767623680668,0.11944441066180193,0.13602359476272516
319,319.0,322.9,0.09901751871317088,0.16276036523862608,0.11290030259595474,0.145134734830387,0.11935271009184052,0.1056188883580188,0.11939390561129688,0.13582157456070496
320,320.0,323.9,0.0978701757180018,0.16341253915166956,0.11194619631576153,0.14418062855019378,0.11888169559908687,0.10945946806816373,0.1188021181716834,0.13544717842543927
321,321.0,324.9,0.09763890837295092,0.16438386200088323,0.11189994284675134,0.1441343750811836,0.11860417478502583,0.10932070766113319,0.11875586470267321,0.13526216454939857
322,322.0,325.9,0.09763890837295092,0.16438386200088323,0.11189994284675134,0.1441343750811836,0.11860417478502583,0.10932070766113319,0.11875586470267321,0.13526216454939857
323,323.0,326.9,0.09763890837295092,0.16438386200088323,0.11189994284675134,0.1441343750811836,0.11860417478502583,0.10932070766113319,0.11875586470267321,0.13526216454939857
324,324.0,327.9,0.09763890837295092,0.16438386200088323,0.11189994284675134,0.1441343750811836,0.11860417478502583,0.10932070766113319,0.11875586470267321,0.13526216454939857
325,325.0,328.9,0.09741727716727716,0.16323137973137972,0.11185561660561658,0.14409004884004883,0.11833821733821732,0.11127106227106227,0.11871153846153845,0.13508485958485955
326,326.0,329.9,0.09720469213326356,0.16212593755450894,0.11385391592534448,0.14404753183324612,0.11808311529740098,0.11110099424385138,0.11866902145473575,0.13491479155764868
327,327.0,330.9,0.0970006105006105,0.16306471306471304,0.11377228327228325,0.1440067155067155,0.11783821733821731,0.11093772893772895,0.11862820512820513,0.13475152625152625
328,328.0,331.9,0.0970006105006105,0.16306471306471304,0.11377228327228325,0.1440067155067155,0.11783821733821731,0.11093772893772895,0.11862820512820513,0.13475152625152625
329,329.0,332.9,0.09680453206923795,0.16396667384902677,0.11369385189973424,0.143967499820441,0.11760292322057027,0.1107808661926309,0.11858898944193061,0.13459466350642818
330,330.0,333.9,0.09661599511599511,0.1629108669108669,0.11361843711843708,0.14392979242979242,0.11737667887667884,0.11255311355311355,0.11855128205128204,0.1344438339438339
331,331.0,334.9,0.09643457276476144,0.1637816941967885,0.11354586817794363,0.1438935079595457,0.11715897205519846,0.11237169120187988,0.11851499758103531,0.134298696062847
332,332.0,335.9,0.09619112835254566,0.1645515272129445,0.11332600572364351,0.14378357673239564,0.1168743378231567,0.11282815930060024,0.11837382025964702,0.13407144459506662
333,333.0,336.9,0.10078969732752623,0.16130834534617428,0.10901704289862182,0.14286961850284213,0.11826767165582952,0.113669041119699,0.11990599951948633,0.13417258362982046
334,334.0,337.9,0.10045636399419292,0.16397501201284095,0.10885037623195518,0.14270295183617548,0.11760100498916286,0.11350237445303235,0.11973933285281965,0.13317258362982046
335,335.0,338.9,0.10019320609945608,0.16871185411810413,0.10858721833721834,0.14112400446775447,0.11707468919968918,0.11297605866355867,0.11894985916860916,0.13238310994560992
336,336.0,339.9,0.10019320609945608,0.16871185411810413,0.10858721833721834,0.14112400446775447,0.11707468919968918,0.11297605866355867,0.11894985916860916,0.13238310994560992
337,337.0,340.9,0.09995511086136083,0.1682356636419136,0.10834912309912308,0.14445733780108777,0.1165984987234987,0.1124998681873682,0.11823557345432345,0.1316688242313242
338,338.0,341.9,0.09973866064491063,0.1678027632090132,0.10813267288267288,0.14748764083139082,0.11616559829059828,0.11206696775446776,0.1175862228049728,0.13101947358197355
339,339.0,342.9,0.09926863067488063,0.16544412185037186,0.10791389166389162,0.1473013271450771,0.11920156232656232,0.11353649822399822,0.1173999091186591,0.12993405899655897
340,340.0,343.9,0.09898373038998035,0.16416207056832058,0.10777144152144151,0.14715887700262698,0.1221930153180153,0.11339404808154807,0.11725745897620894,0.1290793581418581
341,341.0,344.9,0.09898373038998035,0.16416207056832058,0.10777144152144151,0.14715887700262698,0.1221930153180153,0.11339404808154807,0.11725745897620894,0.1290793581418581
342,342.0,345.9,0.09898373038998035,0.16416207056832058,0.10777144152144151,0.14715887700262698,0.1221930153180153,0.11339404808154807,0.11725745897620894,0.1290793581418581
343,343.0,346.9,0.09898373038998035,0.16416207056832058,0.10777144152144151,0.14715887700262698,0.11848931161431157,0.11339404808154807,0.12096116267991266,0.1290793581418581
344,344.0,347.9,0.09871918012543009,0.16297159437784434,0.10763916638916635,0.14702660187035183,0.11782793595293595,0.11326177294927295,0.12069661241536238,0.1318571359196359
345,345.0,348.9,0.09831623310270086,0.1643716462316167,0.10745335703820273,0.1486265068051025,0.11702420248132588,0.11295065031510129,0.1204189786758412,0.13083842535010864
346,346.0,349.9,0.09816499293331188,0.16346420521528277,0.10739286097044713,0.1485660107373469,0.1160614642780591,0.11276916211183452,0.10927761953085227,0.14430368422286524
347,347.0,350.9,0.10009071188100856,0.16113705059976108,0.10679665229184072,0.14726122647734513,0.12430902230621554,0.1113856472316777,0.10783366793591331,0.14118602127623775
348,348.0,351.9,0.09834485437933713,0.16203105323794978,0.11328899070278375,0.14018875760255065,0.13300605524743453,0.10219020443158373,0.0990706802775768,0.1518794041207834
349,349.0,352.9,0.09684069873580695,0.16300588786459427,0.11192355294483185,0.1388937837318565,0.14129271783106828,0.10158225346165295,0.09764469156274296,0.14881641386744596
350,350.0,353.9,0.09492079353679801,0.1638055709907284,0.11049240021597588,0.14171516296047776,0.14658804994355967,0.10017247276711291,0.09599430616859397,0.1463112434167531
351,351.0,354.9,0.0971012880041918,0.16208702066233824,0.10825355829893031,0.13991268864227116,0.14708287024530214,0.1077434815638082,0.09425551006766973,0.1435635825154881
352,352.0,355.9,0.09641919484024744,0.16090674238042657,0.10731405436668591,0.13930651804336008,0.1470976917819023,0.10759163643374166,0.09378575810154754,0.1475784040520882
353,353.0,356.9,0.09641919484024744,0.16090674238042657,0.10731405436668591,0.13930651804336008,0.1470976917819023,0.10759163643374166,0.09378575810154754,0.1475784040520882
354,354.0,357.9,0.09558263156063626,0.16053171756235382,0.11009124418393859,0.13861818987506336,0.14688212416020738,0.1071324459776934,0.09397510057368655,0.14718654610642035
355,355.0,358.9,0.09543139139124726,0.17046957160184126,0.11003074811618299,0.13855769380730776,0.1467006359569406,0.09786004868351753,0.09394485253980875,0.14700505790315357
