,Unnamed: 0,Total_iterations,Intertwine_two,Add_vertex,Delete_vertex,Invert_path_vertices,Insert_inside_vertex,Delete_inside_vertex,Replace_inside_vertex,Donate_between_routes
0,0.0,0.0,0.125,0.125,0.125,0.125,0.125,0.125,0.125,0.125
1,1.0,0.10900000000000001,0.125,0.125,0.125,0.125,0.125,0.125,0.125,0.125
2,2.0,0.31601,0.125,0.125,0.125,0.125,0.125,0.125,0.125,0.125
3,3.0,0.6191589000000001,0.125,0.125,0.125,0.125,0.125,0.125,0.125,0.125
4,4.0,1.015801321,0.125,0.125,0.125,0.125,0.125,0.125,0.125,0.125
5,5.0,1.50262148669,0.125,0.125,0.125,0.125,0.125,0.125,0.125,0.125
6,6.0,2.0757334209441005,0.125,0.125,0.125,0.125,0.125,0.125,0.125,0.125
7,7.0,2.7307768275633495,0.125,0.125,0.125,0.125,0.125,0.125,0.125,0.125
8,8.0,3.4630081252450404,0.125,0.125,0.125,0.125,0.125,0.125,0.125,0.125
9,9.0,4.2673862119061114,0.125,0.125,0.125,0.125,0.125,0.125,0.125,0.125
10,10.0,5.138652627782014,0.125,0.125,0.125,0.125,0.125,0.125,0.125,0.125
11,11.0,6.071405875792507,0.125,0.125,0.125,0.125,0.125,0.125,0.125,0.125
12,12.0,7.060169740244025,0.125,0.125,0.125,0.125,0.125,0.125,0.125,0.125
13,13.0,8.099455520847952,0.125,0.125,0.125,0.125,0.125,0.125,0.125,0.125
14,14.0,9.193818168183007,0.125,0.125,0.125,0.125,0.125,0.125,0.125,0.125
15,15.0,10.337806369102726,0.125,0.125,0.125,0.125,0.125,0.125,0.125,0.125
16,16.0,11.526017686239447,0.125,0.125,0.125,0.125,0.125,0.125,0.125,0.125
17,17.0,12.7831476948001,0.125,0.125,0.125,0.125,0.125,0.125,0.125,0.125
18,18.0,14.063733225556689,0.125,0.125,0.125,0.125,0.125,0.125,0.125,0.125
19,19.0,15.362622870982051,0.125,0.125,0.125,0.125,0.125,0.125,0.125,0.125
20,20.0,16.684997323155056,0.125,0.125,0.125,0.125,0.125,0.125,0.125,0.125
21,21.0,18.01628435687921,0.125,0.125,0.125,0.125,0.125,0.125,0.125,0.125
22,22.0,19.35227984366216,0.125,0.125,0.125,0.125,0.125,0.125,0.125,0.125
23,23.0,20.68915298333019,0.125,0.125,0.125,0.125,0.125,0.125,0.125,0.125
24,24.0,22.023447279198116,0.125,0.125,0.125,0.125,0.125,0.125,0.125,0.125
25,25.0,23.372077672687272,0.125,0.125,0.125,0.125,0.125,0.125,0.125,0.125
26,26.0,24.712124250100633,0.125,0.125,0.125,0.125,0.125,0.125,0.125,0.125
27,27.0,26.041044927271656,0.125,0.125,0.125,0.125,0.125,0.125,0.125,0.125
28,28.0,27.35666308745286,0.125,0.125,0.125,0.125,0.125,0.125,0.125,0.125
29,29.0,28.65715280074141,0.125,0.125,0.125,0.125,0.125,0.125,0.125,0.125
30,30.0,29.941022014693697,0.125,0.125,0.125,0.125,0.125,0.125,0.125,0.125
31,31.0,31.227094087103822,0.125,0.125,0.125,0.125,0.125,0.125,0.125,0.125
32,32.0,32.49428801140189,0.125,0.125,0.125,0.125,0.125,0.125,0.125,0.125
33,33.0,33.75181966315614,0.125,0.125,0.125,0.125,0.125,0.125,0.125,0.125
34,34.0,34.9890799531034,0.125,0.125,0.125,0.125,0.125,0.125,0.125,0.125
35,35.0,36.215723414524895,0.125,0.125,0.125,0.125,0.125,0.125,0.125,0.125
36,36.0,37.43154529565899,0.125,0.125,0.125,0.125,0.125,0.125,0.125,0.125
37,37.0,38.62646953572309,0.125,0.125,0.125,0.125,0.125,0.125,0.125,0.125
38,38.0,39.800636656423556,0.125,0.125,0.125,0.125,0.125,0.125,0.125,0.125
39,39.0,40.97438069848973,0.125,0.125,0.125,0.125,0.125,0.125,0.125,0.125
40,40.0,42.1280065293644,0.125,0.125,0.125,0.125,0.125,0.125,0.125,0.125
41,41.0,43.26198971185796,0.125,0.125,0.125,0.125,0.125,0.125,0.125,0.125
42,42.0,44.37695467898357,0.125,0.125,0.125,0.125,0.125,0.125,0.125,0.125
43,43.0,45.473653602606795,0.125,0.125,0.125,0.125,0.125,0.125,0.125,0.125
44,44.0,46.55294609784163,0.125,0.125,0.125,0.125,0.125,0.125,0.125,0.125
45,45.0,47.615779882574564,0.125,0.125,0.125,0.125,0.125,0.125,0.125,0.125
46,46.0,48.673172490008454,0.125,0.125,0.125,0.125,0.125,0.125,0.125,0.125
47,47.0,49.716094111798874,0.125,0.125,0.125,0.125,0.125,0.125,0.125,0.125
48,48.0,50.74556263029227,0.125,0.125,0.125,0.125,0.125,0.125,0.125,0.125
49,49.0,51.772628670633395,0.125,0.125,0.125,0.125,0.125,0.125,0.125,0.125
50,50.0,52.78826182023407,0.125,0.125,0.125,0.125,0.125,0.125,0.125,0.125
51,51.0,53.79344903667234,0.125,0.125,0.125,0.125,0.125,0.125,0.125,0.125
52,52.0,54.78918304110007,0.125,0.125,0.125,0.125,0.125,0.125,0.125,0.125
53,53.0,55.77645181467402,0.125,0.125,0.125,0.125,0.125,0.125,0.125,0.125
54,54.0,56.75622919274383,0.125,0.125,0.125,0.125,0.125,0.125,0.125,0.125
55,55.0,57.74946654107923,0.125,0.125,0.125,0.125,0.125,0.125,0.125,0.125
56,56.0,58.7368854891703,0.125,0.125,0.125,0.125,0.125,0.125,0.125,0.125
57,57.0,59.71919368756055,0.125,0.125,0.125,0.125,0.125,0.125,0.125,0.125
58,58.0,60.69707912923617,0.125,0.125,0.125,0.125,0.125,0.125,0.125,0.125
59,59.0,61.67120523545187,0.125,0.125,0.125,0.125,0.125,0.125,0.125,0.125
60,60.0,62.64220667869149,0.125,0.125,0.125,0.125,0.125,0.125,0.125,0.125
61,61.0,63.62068591082022,0.125,0.125,0.125,0.125,0.125,0.125,0.125,0.125
62,62.0,64.60711036062787,0.125,0.125,0.125,0.125,0.125,0.125,0.125,0.125
63,63.0,65.59182126184848,0.125,0.125,0.125,0.125,0.125,0.125,0.125,0.125
64,64.0,66.58514286032855,0.125,0.125,0.125,0.125,0.125,0.125,0.125,0.125
65,65.0,67.57728087035731,0.125,0.125,0.125,0.125,0.125,0.125,0.125,0.125
66,66.0,68.56843227067964,0.125,0.125,0.125,0.125,0.125,0.125,0.125,0.125
67,67.0,69.55878420826294,0.125,0.125,0.125,0.125,0.125,0.125,0.125,0.125
68,68.0,70.54851311000529,0.125,0.125,0.125,0.125,0.125,0.125,0.125,0.125
69,69.0,71.53778399047334,0.125,0.125,0.125,0.125,0.125,0.125,0.125,0.125
70,70.0,72.52674994298985,0.125,0.125,0.125,0.125,0.125,0.125,0.125,0.125
71,71.0,73.51555180082482,0.125,0.125,0.125,0.125,0.125,0.125,0.125,0.125
72,72.0,74.50431795486804,0.125,0.125,0.125,0.125,0.125,0.125,0.125,0.125
73,73.0,75.49316431395827,0.125,0.125,0.125,0.125,0.125,0.125,0.125,0.125
74,74.0,76.48219439399989,0.125,0.125,0.125,0.125,0.125,0.125,0.125,0.125
75,75.0,77.48149952209734,0.125,0.125,0.125,0.125,0.125,0.125,0.125,0.125
76,76.0,78.49105914216408,0.125,0.125,0.125,0.125,0.125,0.125,0.125,0.125
77,77.0,79.50075220880248,0.125,0.125,0.125,0.125,0.125,0.125,0.125,0.125
78,78.0,80.51046844668903,0.125,0.125,0.125,0.125,0.125,0.125,0.125,0.125
79,79.0,81.52010837632004,0.125,0.125,0.125,0.125,0.125,0.125,0.125,0.125
80,80.0,82.52958322922476,0.125,0.125,0.125,0.125,0.125,0.125,0.125,0.125
81,81.0,83.53881476454674,0.125,0.125,0.125,0.125,0.125,0.125,0.125,0.125
82,82.0,84.54773499869106,0.125,0.125,0.125,0.125,0.125,0.125,0.125,0.125
83,83.0,85.56628585943403,0.125,0.125,0.125,0.125,0.125,0.125,0.125,0.125
84,84.0,86.58431877550838,0.125,0.125,0.125,0.125,0.125,0.125,0.125,0.125
85,85.0,87.60170521222021,0.125,0.125,0.125,0.125,0.125,0.125,0.125,0.125
86,86.0,88.62833595313865,0.125,0.125,0.125,0.125,0.125,0.125,0.125,0.125
87,87.0,89.65402026043385,0.125,0.125,0.125,0.125,0.125,0.125,0.125,0.125
88,88.0,90.6785959343952,0.125,0.125,0.125,0.125,0.125,0.125,0.125,0.125
89,89.0,91.71192808161648,0.125,0.125,0.125,0.125,0.125,0.125,0.125,0.125
90,90.0,92.74380773329946,0.125,0.125,0.125,0.125,0.125,0.125,0.125,0.125
91,91.0,93.77406134248115,0.125,0.125,0.125,0.125,0.125,0.125,0.125,0.125
92,92.0,94.80254897731984,0.125,0.125,0.125,0.125,0.125,0.125,0.125,0.125
93,93.0,95.82916235890148,0.125,0.125,0.125,0.125,0.125,0.125,0.125,0.125
94,94.0,96.85382277873593,0.125,0.125,0.125,0.125,0.125,0.125,0.125,0.125
95,95.0,97.87647892879959,0.125,0.125,0.125,0.125,0.125,0.125,0.125,0.125
96,96.0,98.89710467456888,0.125,0.125,0.125,0.125,0.125,0.125,0.125,0.125
97,97.0,99.91569679901556,0.125,0.125,0.125,0.125,0.125,0.125,0.125,0.125
98,98.0,100.93227274302741,0.125,0.125,0.125,0.125,0.125,0.125,0.125,0.125
99,99.0,101.9468683652078,0.125,0.125,0.125,0.125,0.125,0.125,0.125,0.125
100,100.0,102.95953574151808,0.125,0.125,0.125,0.125,0.125,0.125,0.125,0.125
101,101.0,103.97034102278215,0.125,0.125,0.125,0.125,0.125,0.125,0.125,0.125
102,102.0,104.98936236569199,0.125,0.125,0.125,0.125,0.125,0.125,0.125,0.125
103,103.0,106.00658795065391,0.125,0.125,0.125,0.125,0.125,0.125,0.125,0.125
104,104.0,107.02202509761311,0.125,0.125,0.125,0.125,0.125,0.125,0.125,0.125
105,105.0,108.03569827890026,0.125,0.125,0.125,0.125,0.125,0.125,0.125,0.125
106,106.0,109.0476471592697,0.125,0.125,0.125,0.125,0.125,0.125,0.125,0.125
107,107.0,110.05792468000949,0.125,0.125,0.125,0.125,0.125,0.125,0.125,0.125
108,108.0,111.0665952018752,0.125,0.125,0.125,0.125,0.125,0.125,0.125,0.125
109,109.0,112.08373271953559,0.125,0.125,0.125,0.125,0.125,0.125,0.125,0.125
110,110.0,113.0993191582346,0.125,0.125,0.125,0.125,0.125,0.125,0.125,0.125
111,111.0,114.11335376148135,0.125,0.125,0.125,0.125,0.125,0.125,0.125,0.125
112,112.0,115.12585136678862,0.125,0.125,0.125,0.125,0.125,0.125,0.125,0.125
113,113.0,116.13684069789727,0.125,0.125,0.125,0.125,0.125,0.125,0.125,0.125
114,114.0,117.14636268891607,0.125,0.125,0.125,0.125,0.125,0.125,0.125,0.125
115,115.0,118.16446885394384,0.125,0.125,0.125,0.125,0.125,0.125,0.125,0.125
116,116.0,119.1811197139294,0.125,0.125,0.125,0.125,0.125,0.125,0.125,0.125
117,117.0,120.1962942907771,0.125,0.125,0.125,0.125,0.125,0.125,0.125,0.125
118,118.0,121.20998846703228,0.125,0.125,0.125,0.125,0.125,0.125,0.125,0.125
119,119.0,122.2222133409916,0.125,0.125,0.125,0.125,0.125,0.125,0.125,0.125
120,120.0,123.23299359414509,0.125,0.125,0.125,0.125,0.125,0.125,0.125,0.125
121,121.0,124.25236588604176,0.125,0.125,0.125,0.125,0.125,0.125,0.125,0.125
122,122.0,125.27027728988836,0.125,0.125,0.125,0.125,0.125,0.125,0.125,0.125
123,123.0,126.2866947804514,0.125,0.125,0.125,0.125,0.125,0.125,0.125,0.125
124,124.0,127.30160357415363,0.125,0.125,0.125,0.125,0.125,0.125,0.125,0.125
125,125.0,128.31500545274412,0.125,0.125,0.125,0.125,0.125,0.125,0.125,0.125
126,126.0,129.3269170889481,0.125,0.125,0.125,0.125,0.125,0.125,0.125,0.125
127,127.0,130.3373683906422,0.125,0.125,0.125,0.125,0.125,0.125,0.125,0.125
128,128.0,131.3464008782605,0.125,0.125,0.125,0.125,0.125,0.125,0.125,0.125
129,129.0,132.35406610833437,0.125,0.125,0.125,0.125,0.125,0.125,0.125,0.125
130,130.0,133.36042415431749,0.125,0.125,0.125,0.125,0.125,0.125,0.125,0.125
131,131.0,134.37554215415912,0.125,0.125,0.125,0.125,0.125,0.125,0.125,0.125
132,132.0,135.389392932475,0.125,0.125,0.125,0.125,0.125,0.125,0.125,0.125
133,133.0,136.40196470363452,0.125,0.125,0.125,0.125,0.125,0.125,0.125,0.125
134,134.0,137.41325965064178,0.125,0.125,0.125,0.125,0.125,0.125,0.125,0.125
135,135.0,138.42329250644187,0.125,0.125,0.125,0.125,0.125,0.125,0.125,0.125
136,136.0,139.43208915159752,0.125,0.125,0.125,0.125,0.125,0.125,0.125,0.125
137,137.0,140.43968524072167,0.125,0.125,0.125,0.125,0.125,0.125,0.125,0.125
138,138.0,141.44612486852617,0.125,0.125,0.125,0.125,0.125,0.125,0.125,0.125
139,139.0,142.45145928486497,0.125,0.125,0.125,0.125,0.125,0.125,0.125,0.125
140,140.0,143.45574566672124,0.125,0.125,0.125,0.125,0.125,0.125,0.125,0.125
141,141.0,144.45904595372465,0.125,0.125,0.125,0.125,0.125,0.125,0.125,0.125
142,142.0,145.46142575249047,0.125,0.125,0.125,0.125,0.125,0.125,0.125,0.125
143,143.0,146.46295331385483,0.125,0.125,0.125,0.125,0.125,0.125,0.125,0.125
144,144.0,147.4636985859442,0.125,0.125,0.125,0.125,0.125,0.125,0.125,0.125
145,145.0,148.4637323449652,0.125,0.125,0.125,0.125,0.125,0.125,0.125,0.125
146,146.0,149.4631254046344,0.125,0.125,0.125,0.125,0.125,0.125,0.125,0.125
147,147.0,150.46194790429038,0.125,0.125,0.125,0.125,0.125,0.125,0.125,0.125
148,148.0,151.46026867493782,0.125,0.125,0.125,0.125,0.125,0.125,0.125,0.125
149,149.0,152.45815468177116,0.125,0.125,0.125,0.125,0.125,0.125,0.125,0.125
150,150.0,153.45567054110344,0.125,0.125,0.125,0.125,0.125,0.125,0.125,0.125
151,151.0,154.45287810909147,0.125,0.125,0.125,0.125,0.125,0.125,0.125,0.125
152,152.0,155.44983613918978,0.125,0.125,0.125,0.125,0.125,0.125,0.125,0.125
153,153.0,156.45660000488635,0.125,0.125,0.125,0.125,0.125,0.125,0.125,0.125
154,154.0,157.46312148396441,0.125,0.125,0.125,0.125,0.125,0.125,0.125,0.125
155,155.0,158.46935960029504,0.125,0.125,0.125,0.125,0.125,0.125,0.125,0.125
156,156.0,159.47528030898962,0.125,0.125,0.125,0.125,0.125,0.125,0.125,0.125
157,157.0,160.48085614372488,0.125,0.125,0.125,0.125,0.125,0.125,0.125,0.125
158,158.0,161.48606583354936,0.125,0.125,0.125,0.125,0.125,0.125,0.125,0.125
159,159.0,162.4908938960559,0.125,0.125,0.125,0.125,0.125,0.125,0.125,0.125
160,160.0,163.49533021335122,0.125,0.125,0.125,0.125,0.125,0.125,0.125,0.125
161,161.0,164.49936959678348,0.125,0.125,0.125,0.125,0.125,0.125,0.125,0.125
162,162.0,165.5030113459047,0.125,0.125,0.125,0.125,0.125,0.125,0.125,0.125
163,163.0,166.50625880665476,0.125,0.125,0.125,0.125,0.125,0.125,0.125,0.125
164,164.0,167.50911893326327,0.125,0.125,0.125,0.125,0.125,0.125,0.125,0.125
165,165.0,168.51160185787828,0.125,0.125,0.125,0.125,0.125,0.125,0.125,0.125
166,166.0,169.51372047145298,0.125,0.125,0.125,0.125,0.125,0.125,0.125,0.125
167,167.0,170.51549001895572,0.125,0.125,0.125,0.125,0.125,0.125,0.125,0.125
168,168.0,171.51692771151863,0.125,0.125,0.125,0.125,0.125,0.125,0.125,0.125
169,169.0,172.51805235771008,0.125,0.125,0.125,0.125,0.125,0.125,0.125,0.125
170,170.0,173.51888401570525,0.125,0.125,0.125,0.125,0.125,0.125,0.125,0.125
171,171.0,174.51944366774384,0.125,0.125,0.125,0.125,0.125,0.125,0.125,0.125
172,172.0,175.51975291790117,0.125,0.125,0.125,0.125,0.125,0.125,0.125,0.125
173,173.0,176.51983371386376,0.125,0.125,0.125,0.125,0.125,0.125,0.125,0.125
174,174.0,177.51970809309145,0.125,0.125,0.125,0.125,0.125,0.125,0.125,0.125
175,175.0,178.51939795346544,0.125,0.125,0.125,0.125,0.125,0.125,0.125,0.125
176,176.0,179.51892484826737,0.125,0.125,0.125,0.125,0.125,0.125,0.125,0.125
177,177.0,180.51830980510647,0.125,0.125,0.125,0.125,0.125,0.125,0.125,0.125
178,178.0,181.52757316821055,0.125,0.125,0.125,0.125,0.125,0.125,0.125,0.125
179,179.0,182.53663446332212,0.125,0.125,0.125,0.125,0.125,0.125,0.125,0.125
180,180.0,183.5454232842893,0.125,0.125,0.125,0.125,0.125,0.125,0.125,0.125
181,181.0,184.55387899031692,0.125,0.125,0.125,0.125,0.125,0.125,0.125,0.125
182,182.0,185.5619503358386,0.125,0.125,0.125,0.125,0.125,0.125,0.125,0.125
183,183.0,186.5695950434497,0.125,0.125,0.125,0.125,0.125,0.125,0.125,0.125
184,184.0,187.57677932986522,0.125,0.125,0.125,0.125,0.125,0.125,0.125,0.125
185,185.0,188.5834773943405,0.125,0.125,0.125,0.125,0.125,0.125,0.125,0.125
186,186.0,189.58967087842487,0.125,0.125,0.125,0.125,0.125,0.125,0.125,0.125
187,187.0,190.59534830531655,0.125,0.125,0.125,0.125,0.125,0.125,0.125,0.125
188,188.0,191.60050450646588,0.125,0.125,0.125,0.125,0.125,0.125,0.125,0.125
189,189.0,192.60514004243564,0.125,0.125,0.125,0.125,0.125,0.125,0.125,0.125
190,190.0,193.6092606243841,0.125,0.125,0.125,0.125,0.125,0.125,0.125,0.125
191,191.0,194.61287654189383,0.125,0.125,0.125,0.125,0.125,0.125,0.125,0.125
192,192.0,195.61600210223367,0.125,0.125,0.125,0.125,0.125,0.125,0.125,0.125
193,193.0,196.6186550855172,0.125,0.125,0.125,0.125,0.125,0.125,0.125,0.125
194,194.0,197.62085621961717,0.125,0.125,0.125,0.125,0.125,0.125,0.125,0.125
195,195.0,198.62262867811097,0.125,0.125,0.125,0.125,0.125,0.125,0.125,0.125
196,196.0,199.62399760397432,0.125,0.125,0.125,0.125,0.125,0.125,0.125,0.125
197,197.0,200.62498966121157,0.125,0.125,0.125,0.125,0.125,0.125,0.125,0.125
198,198.0,201.625632616113,0.125,0.125,0.125,0.125,0.125,0.125,0.125,0.125
199,199.0,202.62595494936312,0.12486111111111112,0.12486111111111112,0.12486111111111112,0.12597222222222224,0.12486111111111112,0.12486111111111112,0.12486111111111112,0.12486111111111112
200,200.0,203.62598549979458,0.12458472222222225,0.12458472222222225,0.12458472222222225,0.12790694444444445,0.12458472222222225,0.12458472222222225,0.12458472222222225,0.12458472222222225
201,201.0,204.625753140185,0.12431234722222226,0.12431234722222226,0.12431234722222226,0.12981356944444447,0.12431234722222226,0.12431234722222226,0.12431234722222226,0.12431234722222226
202,202.0,205.62528648513452,0.12404630847222226,0.12404630847222226,0.12404630847222226,0.1316758406944445,0.12404630847222226,0.12404630847222226,0.12404630847222226,0.12404630847222226
203,203.0,206.62461363073774,0.12367752162361115,0.12367752162361115,0.12367752162361115,0.13325734863472227,0.12467752162361115,0.12367752162361115,0.12367752162361115,0.12367752162361115
204,204.0,207.62376192547325,0.12322904026382706,0.12322904026382706,0.12322904026382706,0.1345885363350291,0.12512813117291796,0.12322904026382706,0.12322904026382706,0.12413813117291797
205,205.0,208.62275777148045,0.12271937926364573,0.12271937926364573,0.12271937926364573,0.1356932451544802,0.12542381259697905,0.12271937926364573,0.12271937926364573,0.1252860459303124
206,206.0,209.62162645517216,0.12216383245118798,0.12216383245118798,0.12293306322041875,0.13659123440112514,0.1255852604022369,0.12216383245118798,0.12216383245118798,0.12623511217146768
207,207.0,210.620392005943,0.12157529112855323,0.12157529112855323,0.12305111530437743,0.13801397635955834,0.12562977797801375,0.12157529112855323,0.12157529112855323,0.12700396584383794
208,208.0,211.6190770815773,0.12096477166181706,0.12096477166181706,0.12308558118562662,0.1392079551522034,0.1262389428418296,0.12096477166181706,0.12096477166181706,0.12760843417307247
209,209.0,212.6177028788324,0.12029132893975622,0.12029132893975622,0.12324861016397065,0.140325836631021,0.12684907079669352,0.12039659209765095,0.12039659209765095,0.12820064033350076
210,210.0,213.6162890675737,0.11963882304845712,0.11963882304845712,0.12340488230658325,0.1413390517126057,0.12742896425395206,0.11984720024143958,0.11995136690810625,0.12875088848039917
211,211.0,214.61485374676508,0.11902254062691447,0.11902254062691447,0.12356633952297987,0.14225977699112807,0.12798768983405637,0.11933205334621272,0.1195393450128794,0.12926971403891488
212,212.0,215.62341342056968,0.11830613326347918,0.11830613326347918,0.12359195984472926,0.1440602764163314,0.12838288818003188,0.11871398949593531,0.11902243741260199,0.12961618212341208
213,213.0,216.63188299278812,0.11761996481119821,0.11761996481119821,0.12360611027697899,0.1458497737648625,0.12873907343389362,0.11812159442667704,0.11852734127268219,0.12991617720250953
214,214.0,217.64018677785685,0.11697850450677791,0.11697850450677791,0.1236223607373462,0.147530288703893,0.12906818299045864,0.11756982314917289,0.11806939084147317,0.13018294456410054
215,215.0,218.64825831664015,0.11626101338840043,0.11626101338840043,0.12451555203398226,0.1488600165294384,0.12924589860663638,0.1169363962797679,0.11762670518430919,0.13029340458906524
216,216.0,219.6560401183787,0.11549043696432387,0.11549043696432387,0.12520614870535207,0.14987782920964976,0.1292936660911267,0.1163449073181792,0.11711731685631434,0.13117925789073043
217,217.0,220.66348333875962,0.11476070068169858,0.11476070068169858,0.12520340200030913,0.15076730455196574,0.1293048312773678,0.11578598686643628,0.11673365378851543,0.13268342015200865
218,218.0,221.67054740371486,0.11395670255767254,0.11395670255767254,0.12498243880005283,0.15271314661326033,0.12908121307035494,0.11514348993033718,0.11635644153171545,0.13380986493893432
219,219.0,222.67719958813743,0.11316195031178151,0.11316195031178151,0.12470335456605448,0.15437853036332308,0.12871795853767945,0.11459812070513041,0.11655468599468105,0.13472344920956866
220,220.0,223.68341455823634,0.11239348515991081,0.11239348515991081,0.12438651775881501,0.15634339435631495,0.1282443727487117,0.1140691503326479,0.1167211539226451,0.13544844056104388
221,221.0,224.689173885743,0.11167530460138247,0.11167530460138247,0.12405590988684537,0.15816341510524518,0.12775303793654225,0.11367340205605178,0.11690095242651191,0.1361026733860387
222,222.0,225.6944655416416,0.11151606119258983,0.11098974540311614,0.12369811086268873,0.1596998143900536,0.12717320289345876,0.11329688588843403,0.11704617738494398,0.13658000198471512
223,223.0,226.6992833765339,0.11141408523159459,0.11036671681054194,0.12334573358127901,0.1610971693116727,0.1265984633614045,0.11296775957004669,0.11721146548184784,0.1369986066516129
224,224.0,227.70362659417165,0.11136466973322696,0.10980619604901641,0.12300175964115562,0.16235541075720525,0.12603405718459712,0.11268457537915061,0.11739315752240725,0.13736017373324094
225,225.0,228.7074992241039,0.11135278394885163,0.1092972686856937,0.12182331919192774,0.16346373173747444,0.12547339269943683,0.11336105513708883,0.11757285967206019,0.1376555889274668
226,226.0,229.7109095988019,0.11138403573653373,0.10884910662600737,0.1206665656190952,0.16443696341930106,0.12493178453246936,0.11407053187843362,0.11776241676621256,0.13789859542194727
227,227.0,230.71386984004204,0.11140116724224332,0.10843379917071695,0.11951458198127307,0.16514730346834264,0.12433379576512406,0.11527629534795722,0.11790631616052553,0.13798674086381735
228,228.0,231.71639535875778,0.11139509529248087,0.10804201536057931,0.11893780961757916,0.16560140631906647,0.12367967939427352,0.11642807238640177,0.1179927819898215,0.13792313963979752
229,229.0,232.71850437201437,0.11134613826654931,0.10763182941201002,0.11832567108663997,0.16659779436146324,0.12298088093289102,0.11743320713278416,0.11800425878270521,0.13768022002495722
230,230.0,233.72021744022516,0.11107883897572034,0.10816170426448957,0.11750736996374683,0.16709287112071672,0.12204690323301468,0.1181184591880928,0.11776753014138779,0.13822632311283145
231,231.0,234.7215570272126,0.11068920804428399,0.10949300970953846,0.11658558945675004,0.16726909341468577,0.12098261858486001,0.11863388580944775,0.11782003746351342,0.13852655751692072
232,232.0,235.72254708522917,0.11023803897723591,0.11148643983107773,0.11562455934075049,0.16725460818237414,0.11987415112262179,0.1190359793056514,0.11778569176331102,0.13870053147697772
233,233.0,236.7232126665918,0.10974205788486836,0.11318009028448534,0.11464387548386902,0.16707469163479363,0.11874306440839134,0.11933811266031744,0.11851291573940935,0.13876519190386571
234,234.0,237.72357956315224,0.10921478503471624,0.11460331954835741,0.11442862012207271,0.16675176532302619,0.11760701048858946,0.11955133980813223,0.11910825687439405,0.13873490280071193
235,235.0,238.73367397442513,0.10872231463875179,0.11599970667977802,0.11426978757485559,0.1663610517943005,0.1165355389306636,0.11974011140599505,0.11969433465641124,0.1386771543192444
236,236.0,239.74342220482646,0.10892543181485659,0.11713819180089788,0.1140534337763418,0.16585829185065457,0.11547796115906037,0.11985004023797743,0.1201563245330474,0.13854032482716416
237,237.0,240.7527613901394,0.10915914004065605,0.11823098245933805,0.11388637548854726,0.16530916828246744,0.11449291412231409,0.11993736184179812,0.12060091649497537,0.1383831412699038
238,238.0,241.76163904301967,0.10947298818386778,0.11932666524972718,0.11382029879822304,0.16494358890765534,0.11363794027225158,0.12088258460335598,0.12108034946899172,0.13683558451592756
239,239.0,242.7700125401817,0.10933640840407696,0.1210436470867064,0.11378089639982936,0.16442808691229543,0.11277001701793365,0.12176740585884258,0.12154123795730128,0.1353323003630145
240,240.0,243.77784856222573,0.10918949591688473,0.12275474597465921,0.1137281317047214,0.1637798844706356,0.11191051414530938,0.12256344725824497,0.12190378423037604,0.1341699962991688
241,241.0,244.78512249644308,0.10901348760974208,0.12429122133049528,0.11366272609122356,0.162928872510561,0.1110814922593042,0.12384424889490614,0.1221923987423742,0.1329855525613937
242,242.0,245.79181781227427,0.10883779434854363,0.1257227690975532,0.11359322296610899,0.16198469096479753,0.11027670279688644,0.12504086627324704,0.1224000978410536,0.13214385571180975
243,243.0,246.7979254183996,0.108680445909133,0.12706187090486631,0.11355333580744267,0.1610476203465021,0.10955068345379979,0.12618236034096847,0.1225818091202376,0.13134187411705026
244,244.0,247.8034430097284,0.10854118129372556,0.12830438033033595,0.11354050189016644,0.16012632026911086,0.108902817411542,0.1272628284884552,0.12273831424908388,0.13058365606758035
245,245.0,248.80837441182703,0.10841958476607505,0.12944753151789176,0.11355214422931405,0.15922842667930734,0.10833176800045277,0.12827756862625575,0.12287056879133777,0.12987240738936573
246,246.0,249.81272892959754,0.10829843881601561,0.1304731621127829,0.11355236544251832,0.15867724453089743,0.10778556405152614,0.12918967282062743,0.12292967526023596,0.1290938769653964
247,247.0,250.81652070629502,0.10817852522990411,0.13138238325294233,0.11392615158408767,0.1580663068089182,0.10726602921188128,0.12999951439320023,0.12292120355227118,0.12825988596679516
248,248.0,251.8197680982598,0.10806052104680802,0.1321773448120428,0.11427121171857334,0.1574053052855532,0.10714486570816023,0.13070842346963055,0.12285079962101282,0.12738152833821922
249,249.0,252.8224930700455,0.10795823588107728,0.13287434364541967,0.11462542938380037,0.15678277943309774,0.10708857624693602,0.13134504523440935,0.12276382226656435,0.12656176790869544
250,250.0,253.8247206139522,0.10787112068263263,0.13347620603731153,0.11498434665004235,0.1565714773133558,0.10709123631857123,0.131910242201054,0.1222924282344189,0.1258029425626138
251,251.0,254.8264781973287,0.10778530209350243,0.13397319949472042,0.1156613647019957,0.15630646364832754,0.10709401431615351,0.13237904985325644,0.12178665143954591,0.1250139544524983
252,252.0,255.82779524039427,0.10770109812961531,0.1343704304674894,0.11628292791111161,0.15599288616597343,0.10709522863098753,0.13275559802787648,0.12125416690810448,0.12454766375884199
253,253.0,256.8287026267493,0.10761877885905466,0.13467349238532356,0.11684672409345787,0.15563586345963124,0.1074267147854083,0.13304452617286378,0.12070214924100348,0.12405175100325738
254,254.0,257.8292322482014,0.10739968225571869,0.1347494747850633,0.11721237165865574,0.1551015663657734,0.10760085771450868,0.13311200239967116,0.12143205907469169,0.12339198574591755
255,255.0,258.8294165850262,0.10655368216252023,0.134503941327733,0.11720132445895065,0.15561893679713906,0.10874741917528244,0.13318738476992972,0.12139049214163125,0.12279681916681388
256,256.0,259.8292883223183,0.10565277640179756,0.1339701819038685,0.1170981776571855,0.15609006011032606,0.110591366291492,0.13313619175579983,0.12127400442153798,0.12218724145799285
257,257.0,260.82888000265797,0.10471554385198957,0.13319459446659965,0.11660475193566316,0.15683142903809963,0.11300780773971837,0.13297567207994088,0.12109533212439534,0.12157486876359366
258,258.0,261.8282237149371,0.10372808983612208,0.13239368927833375,0.11609053138407296,0.1576498465701392,0.11536796774873646,0.13288115565251038,0.1209197161284456,0.12096900340163985
259,259.0,262.827350818839,0.10359080886214457,0.13146617273329325,0.11556502137240043,0.15827782462611684,0.11757858334446816,0.1326456182395574,0.12055309287136415,0.12032287795065552
260,260.0,263.8262917041623,0.10348297439436425,0.13051493722856822,0.11503044086089145,0.15889082981037142,0.11971353074873504,0.13236604236679803,0.12027330882025604,0.11972793577001585
261,261.0,264.82507558391166,0.10334706850062256,0.13010046967909902,0.11452878091205834,0.15942836576063457,0.12153846985846192,0.13199341075570656,0.11993421951939552,0.11912921501402177
262,262.0,265.82373031984696,0.10308449775675763,0.12960214086623473,0.11487525609591465,0.15978963590801817,0.1231874322080563,0.13151319722738464,0.11944190024452947,0.11850593969310469
263,263.0,266.82228227899026,0.10284623423860675,0.12910068151905252,0.11530612886822383,0.16012412888882943,0.1247289555399422,0.13100791317166116,0.11895179844210928,0.1179341593315751
264,264.0,267.8207562194293,0.10263068821017955,0.1286013518373297,0.11570444974998124,0.16036054589575646,0.12641603099788118,0.13048056098315836,0.11845438612753083,0.1173519861981829
265,265.0,268.8191752036302,0.10242931765377397,0.12838461195642917,0.11614276978735061,0.1604924357319297,0.12793336538229186,0.12992337829062,0.11794054817357073,0.11675357302403415
266,266.0,269.81756053737473,0.10219406418900105,0.12863431351337595,0.116481253988821,0.16075486899075672,0.12908931416060232,0.12938385791839474,0.1173672006136193,0.11609512662542908
267,267.0,270.81593173237104,0.10193860571875137,0.1292972147880781,0.11673974434870202,0.16088181273983934,0.1301891230552221,0.12879924424878006,0.11675821353665819,0.11539604156396899
268,268.0,271.814306490544,0.10166789700361606,0.13031730261728322,0.11692296816656478,0.16088272559901212,0.13124101770534477,0.12817991680477536,0.1161229092029456,0.11466526290045824
269,269.0,272.8127007079942,0.10139297978994717,0.1316573747758889,0.11706263290708481,0.16083462140520716,0.13204887043644437,0.1275487510109519,0.1154898842921661,0.11396488538230973
270,270.0,273.81112849661946,0.10110268569027592,0.13324750152276824,0.11712013001337199,0.16066548692033533,0.1325671747542637,0.12697288911790933,0.11483197348619278,0.1134921584948828
271,271.0,274.809602221416,0.10080688693640896,0.1350581523538719,0.11721313088016157,0.16044901160932185,0.13286758005339136,0.12638377654122032,0.1141753729432034,0.1130460886824207
272,272.0,275.8081325515187,0.10053214492851516,0.13681156873122438,0.11728062943820927,0.16047136813251714,0.13306291463516323,0.12589725805546303,0.11329271844880881,0.11265139763009904
273,273.0,276.80672852309596,0.10027847992794639,0.13849519415547162,0.11732325796454933,0.1604768725811305,0.13316104859295447,0.1255138435356343,0.11244515465084215,0.11230614859147131
274,274.0,277.80539761228454,0.09992474705550547,0.14004302646326078,0.11799736541758425,0.16034757067958405,0.1326139125151909,0.12509995681875688,0.11152071619898425,0.11245270485113351
275,275.0,278.8041458164314,0.09957606551867909,0.14127276371275685,0.11863233022938158,0.16018981117348433,0.1324039589786598,0.12469666677558722,0.1106279100347179,0.1126004935767333
276,276.0,279.8029777419993,0.09922795732147542,0.14264760711657645,0.11929575987327812,0.1599983847722743,0.13204073591339707,0.12429079508828891,0.10975997105382042,0.11273878886088935
277,277.0,280.80189669759045,0.09890984563620872,0.14393283459675216,0.1199344207123128,0.15869541641411772,0.13162829537615692,0.12392048074824111,0.10895365458544516,0.11402505193076544
278,278.0,281.8009047906465,0.0983740263690221,0.14616734481794044,0.12023373876218917,0.15715506797097548,0.1309227423281228,0.12418270419608164,0.10795799093864238,0.11500638461702606
279,279.0,282.80000302649046,0.09785181791131847,0.14823933158248007,0.12034668992686726,0.15553715900566667,0.13013276849425093,0.12436309515196198,0.10758897882118984,0.11594015910626482
280,280.0,283.79919140848517,0.09767931546475364,0.1499356895654433,0.12028947216388022,0.15448308294772395,0.12921037517264758,0.12446679376419062,0.10714095583072661,0.11679431509063413
281,281.0,284.79846903819555,0.09753200204292968,0.15150190577626121,0.12019401608153316,0.15346684844677214,0.1283558145071297,0.12457589640845086,0.10674339964330377,0.11763011709361948
282,282.0,285.79783421455295,0.09740819849458034,0.15293464126675607,0.12014585809995312,0.15249408514856386,0.12749515787545987,0.12468744730880242,0.10639426027583904,0.1184403515300453
283,283.0,286.7972845311291,0.09716727898612562,0.1540933471457186,0.12055123294904684,0.1514305472308496,0.12649805183223325,0.12403489252946887,0.10706344530968247,0.11916120401687477
284,284.0,287.79681697073636,0.09688143225795148,0.1550892717307816,0.12137760478995538,0.15031845029835747,0.12548354479430704,0.12336569796253682,0.1076673322583491,0.1198166659077611
285,285.0,288.7964279966755,0.09655882649277567,0.15584784158920828,0.12201415268874831,0.1491749967120863,0.1245452312412706,0.12268862802916748,0.10876319310662157,0.12040713014012178
286,286.0,289.796113640054,0.09672581126977593,0.15645133705651346,0.12254057437726788,0.14800674919681722,0.12360335275475048,0.12199633297445271,0.109751002006644,0.12092484036377826
287,287.0,290.8058695826941,0.09729781853144409,0.15710862479494894,0.12287151414216343,0.14681048698226024,0.12260030197461777,0.12135932487528873,0.1106140831269215,0.12133784557235523
288,288.0,291.8155912352432,0.09779082758981168,0.15811020495969885,0.12305093905044207,0.14562314660773684,0.1216196497118486,0.12073467464253856,0.11138064814883489,0.12168990928908845
289,289.0,292.82518481018496,0.0982026133694303,0.1588226714675232,0.12310844010491644,0.1444290859163655,0.12059948211785382,0.12005791247240781,0.11204748822680663,0.12273230632469624
290,290.0,293.83456717953067,0.09854324094643928,0.15927993223115752,0.12306169528648284,0.14372316862899584,0.11956001300775652,0.11934707778639644,0.11298111091765464,0.12350376119511688
291,291.0,294.8436656401465,0.09882049911940871,0.16028032449477372,0.12292567588469566,0.14303914740360923,0.11851764647834719,0.1186167654370319,0.11376404985173091,0.12403589133040266
292,292.0,295.8524175982993,0.09937403283309348,0.16139872532493157,0.12304675013798873,0.1417177534323418,0.1178191765229317,0.11721230690022372,0.11474237185419972,0.12468888299428929
293,293.0,296.86077018465386,0.0997816016072076,0.1621362590807846,0.12391801125833439,0.14025595124950763,0.11771478726125391,0.11563517470009767,0.11549950931095102,0.12505870553186324
294,294.0,297.86867981052643,0.10010596567520641,0.16279483260340022,0.12470517017226615,0.13883184192253392,0.11752591804636037,0.11406784974942903,0.11611882382080356,0.1258495980100004
295,295.0,298.87611167570645,0.10035213944034138,0.16397171897625057,0.12540910194500487,0.13745623369282317,0.1172627807123614,0.11252536100649753,0.11660897626118515,0.12641368796553595
296,296.0,299.88303923761146,0.10052507469116559,0.16560330009468335,0.12603109146926753,0.13613803402927124,0.11693462243634362,0.11102065123428378,0.11697839130769609,0.1267688347372888
297,297.0,300.8894436509498,0.10044431020859888,0.16706512914021335,0.12583551981373922,0.1359328050966922,0.11639376192390959,0.10930358684870882,0.11819032621610358,0.1268345607520344
298,298.0,301.8953131864448,0.10085446943701046,0.16800583390439466,0.1252697270429619,0.13540203989843166,0.11566155908902359,0.10918179659056643,0.11898992110902464,0.1266346529285867
299,299.0,302.9006426365259,0.10109581226052021,0.16874616443669457,0.12492588583246747,0.13541506038130763,0.11490831442900248,0.10896527520915347,0.11962265914030432,0.1263208283105499
300,300.0,303.9054327152336,0.10125969241655987,0.16902554423154248,0.12452398998021297,0.1354717926299424,0.11410941139882344,0.1087918067859737,0.12013247662870319,0.12668528592824205
301,301.0,304.9096894589182,0.10138124962838058,0.1690517906937673,0.12408354132825178,0.1355769755646286,0.1138161145432234,0.10866849812879041,0.12053624487298016,0.12688558523997784
302,302.0,305.91342363364515,0.10143313336951894,0.16915402232075846,0.12288830797034396,0.13642879204325542,0.11346641348227939,0.10858136038913131,0.12083019984337698,0.12721777058133565
303,303.0,306.916650154563,0.10139441032446771,0.1689692482546332,0.12164199026100542,0.13775080628746086,0.11338755415153402,0.10840582216488745,0.12101722429649123,0.12743294425952023
304,304.0,307.9193875218434,0.10161033340611607,0.16904043563653326,0.12040462702663098,0.13909667416383198,0.1133128984706383,0.10828066038663244,0.12067241777748795,0.12758195313212917
305,305.0,308.92165727717736,0.10179099203810263,0.1693304539370146,0.11917407282079727,0.14043692799911778,0.11321794451835282,0.10818846539627923,0.12026735924606967,0.12759378404426613
306,306.0,309.92348348420614,0.10193782375270441,0.16938340751531933,0.1179616699563393,0.14175844433270465,0.11310482468223154,0.1081265801385719,0.11981184216242277,0.1279154074597062
307,307.0,310.9248922356899,0.10201880009837155,0.1693623660238617,0.11676899458565537,0.14304114900931794,0.11335014846667076,0.10808385975071425,0.1193067348104979,0.12806794725491064
308,308.0,311.9259111896685,0.10203784059879457,0.16967802772131654,0.11627193157817457,0.14427536034632188,0.11352099723494949,0.10739141248136619,0.1187613114890751,0.1280631185500018
309,309.0,312.92656913635255,0.10197282316536839,0.17003309806135042,0.11573719234395341,0.1452182209139427,0.11426462008251109,0.10665243750767228,0.11815802671128706,0.12796358121391482
310,310.0,313.92689559700466,0.10230366389940115,0.1704636309955085,0.11481375367053581,0.14611408156466585,0.1149895252790683,0.10595362173102736,0.11754584385177153,0.12781587900802166
311,311.0,314.92692045562154,0.10255801352171219,0.170926900735045,0.11386714832429048,0.1467377489480332,0.11561507362425877,0.10522406147738178,0.11689466334106755,0.1281763900282112
312,312.0,315.9266736238204,0.10277277441615186,0.17131926730655544,0.11293088760359805,0.14704647150731665,0.11610386862118484,0.10449650053589779,0.116787901418118,0.12854232859117756
313,313.0,316.9261847389613,0.10344421751224538,0.17149665662195154,0.11199387855523825,0.14712831049273006,0.11674802262796494,0.10375801284174087,0.11662683485176686,0.1288040664963623
314,314.0,317.92548289519846,0.10401864683804089,0.17131547168817485,0.11106523777225501,0.14700480754159992,0.11729281899153834,0.10301674761691348,0.11641817644181147,0.12986809310966624
315,315.0,318.9245964068599,0.10453901353996495,0.17119571834473302,0.11026562515126463,0.14683177580871482,0.11778045562185215,0.10231196042076476,0.11620485323977783,0.1308705978729281
316,316.0,319.9235526032866,0.10518861980419485,0.17088107739150674,0.10946832108040613,0.1464720794233143,0.11816163806628185,0.10167718412504308,0.11641680308468969,0.13173427702456364
317,317.0,320.92237765403775,0.10578139263692568,0.17041464971933287,0.10873733715038852,0.14608310836237462,0.11849110206333885,0.10132387896352073,0.11663307714984553,0.13253545395427346
318,318.0,321.9210964231734,0.10586468153196929,0.16993044318169054,0.10807810805746382,0.1461526271512855,0.11879926604400545,0.10102764229088347,0.11685583714360534,0.13329139459909684
319,319.0,322.9197323511638,0.10545713828876718,0.1693138656092909,0.10791978271249714,0.14620046968355085,0.11905487533981102,0.10099785083709038,0.11707715636812065,0.13397886116087213
320,320.0,323.9183073628435,0.10491121887461242,0.16875862818172893,0.10773168447284238,0.1461374599860387,0.11924080060428097,0.10140130687490037,0.11724033241865484,0.13457856858694164
321,321.0,324.91684179972685,0.10432635423580194,0.16830258589154395,0.10759991582868127,0.1460565575970183,0.11937679021084588,0.10183112288015894,0.11739818337476486,0.1351084899811851
322,322.0,325.91535437492456,0.10373310160224399,0.16785296059147087,0.10752432431911697,0.1459645236217416,0.11949145470249609,0.10229285313270142,0.11755382604854298,0.13558695598168635
323,323.0,326.91386214885324,0.1031382322997489,0.16741360683549922,0.10750004814578545,0.14586339155858696,0.11958577994580658,0.10277868890527395,0.11770592484148458,0.1360143274678146
324,324.0,327.91238052390054,0.10254785668823535,0.16698789100677858,0.10752219853679675,0.14575508253697378,0.1196608566131782,0.10328136128814783,0.11785331315374391,0.13639144017614588
325,325.0,328.91092325620406,0.10194526603415294,0.16646345824392067,0.10758147870769298,0.14563696471885054,0.11969126305085029,0.10398919535745707,0.11799055552615313,0.13670181836092263
326,326.0,329.90950248271525,0.10133639605340865,0.16584860375453606,0.1078774021724516,0.14551093782307134,0.11967958818354722,0.10468205788625036,0.11811703178999501,0.13694798233674002
327,327.0,330.9081287617481,0.10072668786827202,0.16535188560311007,0.10819533516295718,0.14537879792431874,0.11962862627819462,0.10535349699512807,0.11823229869144705,0.1371328714765725
328,328.0,331.9068111252603,0.10014068972797245,0.16488196754144271,0.10853724433550546,0.14524615119126535,0.11956485647397752,0.10601363451254403,0.11833999796712147,0.13727545825017126
329,329.0,332.9055571411686,0.09956228276629195,0.16453106481960617,0.10888946984291178,0.14511045320604438,0.11946666784705981,0.10664131294796043,0.11843588781821184,0.1373628607519139
330,330.0,333.9043729840743,0.0989952852984847,0.1641040277664315,0.10924697514201598,0.1449731247464246,0.11933703620217984,0.10742484380833017,0.1185199489613655,0.13739875807476798
