Total_iterations,Unnamed: 0.1,Intertwine_two,Add_vertex,Delete_vertex,Invert_path_vertices,Insert_inside_vertex,Delete_inside_vertex,Replace_inside_vertex,Donate_between_routes
0,0.0,0.125,0.125,0.125,0.125,0.125,0.125,0.125,0.125
1,1.0,0.125,0.125,0.125,0.125,0.125,0.125,0.125,0.125
2,2.0,0.125,0.125,0.125,0.125,0.125,0.125,0.125,0.125
3,3.0,0.125,0.125,0.125,0.125,0.125,0.125,0.125,0.125
4,4.0,0.125,0.125,0.125,0.125,0.125,0.125,0.125,0.125
5,5.0,0.125,0.125,0.125,0.125,0.125,0.125,0.125,0.125
6,6.0,0.125,0.125,0.125,0.125,0.125,0.125,0.125,0.125
7,7.0,0.125,0.125,0.125,0.125,0.125,0.125,0.125,0.125
8,8.0,0.125,0.125,0.125,0.125,0.125,0.125,0.125,0.125
9,9.0,0.125,0.125,0.125,0.125,0.125,0.125,0.125,0.125
10,10.0,0.125,0.125,0.125,0.125,0.125,0.125,0.125,0.125
11,11.0,0.125,0.125,0.125,0.125,0.125,0.125,0.125,0.125
12,12.0,0.125,0.125,0.125,0.125,0.125,0.125,0.125,0.125
13,13.0,0.125,0.125,0.125,0.125,0.125,0.125,0.125,0.125
14,14.0,0.125,0.125,0.125,0.125,0.125,0.125,0.125,0.125
15,15.0,0.125,0.125,0.125,0.125,0.125,0.125,0.125,0.125
16,16.0,0.125,0.125,0.125,0.125,0.125,0.125,0.125,0.125
17,17.0,0.125,0.125,0.125,0.125,0.125,0.125,0.125,0.125
18,18.0,0.125,0.125,0.125,0.125,0.125,0.125,0.125,0.125
19,19.0,0.125,0.125,0.125,0.125,0.125,0.125,0.125,0.125
20,20.0,0.125,0.125,0.125,0.125,0.125,0.125,0.125,0.125
21,21.0,0.125,0.125,0.125,0.125,0.125,0.125,0.125,0.125
22,22.0,0.125,0.125,0.125,0.125,0.125,0.125,0.125,0.125
23,23.0,0.125,0.125,0.125,0.125,0.125,0.125,0.125,0.125
24,24.0,0.125,0.125,0.125,0.125,0.125,0.125,0.125,0.125
25,25.0,0.125,0.125,0.125,0.125,0.125,0.125,0.125,0.125
26,26.0,0.125,0.125,0.125,0.125,0.125,0.125,0.125,0.125
27,27.0,0.125,0.125,0.125,0.125,0.125,0.125,0.125,0.125
28,28.0,0.125,0.125,0.125,0.125,0.125,0.125,0.125,0.125
29,29.0,0.125,0.125,0.125,0.125,0.125,0.125,0.125,0.125
30,30.0,0.125,0.125,0.125,0.125,0.125,0.125,0.125,0.125
31,31.0,0.125,0.125,0.125,0.125,0.125,0.125,0.125,0.125
32,32.0,0.125,0.125,0.125,0.125,0.125,0.125,0.125,0.125
33,33.0,0.125,0.125,0.125,0.125,0.125,0.125,0.125,0.125
34,34.0,0.125,0.125,0.125,0.125,0.125,0.125,0.125,0.125
35,35.0,0.125,0.125,0.125,0.125,0.125,0.125,0.125,0.125
36,36.0,0.125,0.125,0.125,0.125,0.125,0.125,0.125,0.125
37,37.0,0.125,0.125,0.125,0.125,0.125,0.125,0.125,0.125
38,38.0,0.125,0.125,0.125,0.125,0.125,0.125,0.125,0.125
39,39.0,0.125,0.125,0.125,0.125,0.125,0.125,0.125,0.125
40,40.0,0.125,0.125,0.125,0.125,0.125,0.125,0.125,0.125
41,41.0,0.125,0.125,0.125,0.125,0.125,0.125,0.125,0.125
42,42.0,0.125,0.125,0.125,0.125,0.125,0.125,0.125,0.125
43,43.0,0.125,0.125,0.125,0.125,0.125,0.125,0.125,0.125
44,44.0,0.125,0.125,0.125,0.125,0.125,0.125,0.125,0.125
45,45.0,0.125,0.125,0.125,0.125,0.125,0.125,0.125,0.125
46,46.0,0.125,0.125,0.125,0.125,0.125,0.125,0.125,0.125
47,47.0,0.125,0.125,0.125,0.125,0.125,0.125,0.125,0.125
48,48.0,0.125,0.125,0.125,0.125,0.125,0.125,0.125,0.125
49,49.0,0.125,0.125,0.125,0.125,0.125,0.125,0.125,0.125
50,50.0,0.125,0.125,0.125,0.125,0.125,0.125,0.125,0.125
51,51.0,0.125,0.125,0.125,0.125,0.125,0.125,0.125,0.125
52,52.0,0.125,0.125,0.125,0.125,0.125,0.125,0.125,0.125
53,53.0,0.125,0.125,0.125,0.125,0.125,0.125,0.125,0.125
54,54.0,0.125,0.125,0.125,0.125,0.125,0.125,0.125,0.125
55,55.0,0.125,0.125,0.125,0.125,0.125,0.125,0.125,0.125
56,56.0,0.125,0.125,0.125,0.125,0.125,0.125,0.125,0.125
57,57.0,0.125,0.125,0.125,0.125,0.125,0.125,0.125,0.125
58,58.0,0.125,0.125,0.125,0.125,0.125,0.125,0.125,0.125
59,59.0,0.125,0.125,0.125,0.125,0.125,0.125,0.125,0.125
60,60.0,0.125,0.125,0.125,0.125,0.125,0.125,0.125,0.125
61,61.0,0.125,0.125,0.125,0.125,0.125,0.125,0.125,0.125
62,62.0,0.125,0.125,0.125,0.125,0.125,0.125,0.125,0.125
63,63.0,0.125,0.125,0.125,0.125,0.125,0.125,0.125,0.125
64,64.0,0.125,0.125,0.125,0.125,0.125,0.125,0.125,0.125
65,65.0,0.125,0.125,0.125,0.125,0.125,0.125,0.125,0.125
66,66.0,0.125,0.125,0.125,0.125,0.125,0.125,0.125,0.125
67,67.0,0.125,0.125,0.125,0.125,0.125,0.125,0.125,0.125
68,68.0,0.125,0.125,0.125,0.125,0.125,0.125,0.125,0.125
69,69.0,0.125,0.125,0.125,0.125,0.125,0.125,0.125,0.125
70,70.0,0.125,0.125,0.125,0.125,0.125,0.125,0.125,0.125
71,71.0,0.125,0.125,0.125,0.125,0.125,0.125,0.125,0.125
72,72.0,0.125,0.125,0.125,0.125,0.125,0.125,0.125,0.125
73,73.0,0.125,0.125,0.125,0.125,0.125,0.125,0.125,0.125
74,74.0,0.125,0.125,0.125,0.125,0.125,0.125,0.125,0.125
75,75.0,0.125,0.125,0.125,0.125,0.125,0.125,0.125,0.125
76,76.0,0.125,0.125,0.125,0.125,0.125,0.125,0.125,0.125
77,77.0,0.125,0.125,0.125,0.125,0.125,0.125,0.125,0.125
78,78.0,0.125,0.125,0.125,0.125,0.125,0.125,0.125,0.125
79,79.0,0.125,0.125,0.125,0.125,0.125,0.125,0.125,0.125
80,80.0,0.125,0.125,0.125,0.125,0.125,0.125,0.125,0.125
81,81.0,0.125,0.125,0.125,0.125,0.125,0.125,0.125,0.125
82,82.0,0.125,0.125,0.125,0.125,0.125,0.125,0.125,0.125
83,83.0,0.125,0.125,0.125,0.125,0.125,0.125,0.125,0.125
84,84.0,0.125,0.125,0.125,0.125,0.125,0.125,0.125,0.125
85,85.0,0.125,0.125,0.125,0.125,0.125,0.125,0.125,0.125
86,86.0,0.125,0.125,0.125,0.125,0.125,0.125,0.125,0.125
87,87.0,0.125,0.125,0.125,0.125,0.125,0.125,0.125,0.125
88,88.0,0.125,0.125,0.125,0.125,0.125,0.125,0.125,0.125
89,89.0,0.125,0.125,0.125,0.125,0.125,0.125,0.125,0.125
90,90.0,0.125,0.125,0.125,0.125,0.125,0.125,0.125,0.125
91,91.0,0.125,0.125,0.125,0.125,0.125,0.125,0.125,0.125
92,92.0,0.125,0.125,0.125,0.125,0.125,0.125,0.125,0.125
93,93.0,0.125,0.125,0.125,0.125,0.125,0.125,0.125,0.125
94,94.0,0.125,0.125,0.125,0.125,0.125,0.125,0.125,0.125
95,95.0,0.125,0.125,0.125,0.125,0.125,0.125,0.125,0.125
96,96.0,0.125,0.125,0.125,0.125,0.125,0.125,0.125,0.125
97,97.0,0.125,0.125,0.125,0.125,0.125,0.125,0.125,0.125
98,98.0,0.125,0.125,0.125,0.125,0.125,0.125,0.125,0.125
99,99.0,0.125,0.125,0.125,0.125,0.125,0.125,0.125,0.125
100,100.0,0.125,0.125,0.125,0.125,0.125,0.125,0.125,0.125
101,101.0,0.125,0.125,0.125,0.125,0.125,0.125,0.125,0.125
102,102.0,0.125,0.125,0.125,0.125,0.125,0.125,0.125,0.125
103,103.0,0.125,0.125,0.125,0.125,0.125,0.125,0.125,0.125
104,104.0,0.125,0.125,0.125,0.125,0.125,0.125,0.125,0.125
105,105.0,0.125,0.125,0.125,0.125,0.125,0.125,0.125,0.125
106,106.0,0.125,0.125,0.125,0.125,0.125,0.125,0.125,0.125
107,107.0,0.125,0.125,0.125,0.125,0.125,0.125,0.125,0.125
108,108.0,0.125,0.125,0.125,0.125,0.125,0.125,0.125,0.125
109,109.0,0.125,0.125,0.125,0.125,0.125,0.125,0.125,0.125
110,110.0,0.125,0.125,0.125,0.125,0.125,0.125,0.125,0.125
111,111.0,0.125,0.125,0.125,0.125,0.125,0.125,0.125,0.125
112,112.0,0.125,0.125,0.125,0.125,0.125,0.125,0.125,0.125
113,113.0,0.125,0.125,0.125,0.125,0.125,0.125,0.125,0.125
114,114.0,0.125,0.125,0.125,0.125,0.125,0.125,0.125,0.125
115,115.0,0.125,0.125,0.125,0.125,0.125,0.125,0.125,0.125
116,116.0,0.125,0.125,0.125,0.125,0.125,0.125,0.125,0.125
117,117.0,0.125,0.125,0.125,0.125,0.125,0.125,0.125,0.125
118,118.0,0.125,0.125,0.125,0.125,0.125,0.125,0.125,0.125
119,119.0,0.125,0.125,0.125,0.125,0.125,0.125,0.125,0.125
120,120.0,0.125,0.125,0.125,0.125,0.125,0.125,0.125,0.125
121,121.0,0.125,0.125,0.125,0.125,0.125,0.125,0.125,0.125
122,122.0,0.125,0.125,0.125,0.125,0.125,0.125,0.125,0.125
123,123.0,0.125,0.125,0.125,0.125,0.125,0.125,0.125,0.125
124,124.0,0.125,0.125,0.125,0.125,0.125,0.125,0.125,0.125
125,125.0,0.125,0.125,0.125,0.125,0.125,0.125,0.125,0.125
126,126.0,0.125,0.125,0.125,0.125,0.125,0.125,0.125,0.125
127,127.0,0.125,0.125,0.125,0.125,0.125,0.125,0.125,0.125
128,128.0,0.125,0.125,0.125,0.125,0.125,0.125,0.125,0.125
129,129.0,0.125,0.125,0.125,0.125,0.125,0.125,0.125,0.125
130,130.0,0.125,0.125,0.125,0.125,0.125,0.125,0.125,0.125
131,131.0,0.125,0.125,0.125,0.125,0.125,0.125,0.125,0.125
132,132.0,0.125,0.125,0.125,0.125,0.125,0.125,0.125,0.125
133,133.0,0.125,0.125,0.125,0.125,0.125,0.125,0.125,0.125
134,134.0,0.125,0.125,0.125,0.125,0.125,0.125,0.125,0.125
135,135.0,0.125,0.125,0.125,0.125,0.125,0.125,0.125,0.125
136,136.0,0.125,0.125,0.125,0.125,0.125,0.125,0.125,0.125
137,137.0,0.125,0.125,0.125,0.125,0.125,0.125,0.125,0.125
138,138.0,0.125,0.125,0.125,0.125,0.125,0.125,0.125,0.125
139,139.0,0.125,0.125,0.125,0.125,0.125,0.125,0.125,0.125
140,140.0,0.125,0.125,0.125,0.125,0.125,0.125,0.125,0.125
141,141.0,0.125,0.125,0.125,0.125,0.125,0.125,0.125,0.125
142,142.0,0.125,0.125,0.125,0.125,0.125,0.125,0.125,0.125
143,143.0,0.125,0.125,0.125,0.125,0.125,0.125,0.125,0.125
144,144.0,0.125,0.125,0.125,0.125,0.125,0.125,0.125,0.125
145,145.0,0.125,0.125,0.125,0.125,0.125,0.125,0.125,0.125
146,146.0,0.125,0.125,0.125,0.125,0.125,0.125,0.125,0.125
147,147.0,0.125,0.125,0.125,0.125,0.125,0.125,0.125,0.125
148,148.0,0.125,0.125,0.125,0.125,0.125,0.125,0.125,0.125
149,149.0,0.125,0.125,0.125,0.125,0.125,0.125,0.125,0.125
150,150.0,0.125,0.125,0.125,0.125,0.125,0.125,0.125,0.125
151,151.0,0.125,0.125,0.125,0.125,0.125,0.125,0.125,0.125
152,152.0,0.125,0.125,0.125,0.125,0.125,0.125,0.125,0.125
153,153.0,0.125,0.125,0.125,0.125,0.125,0.125,0.125,0.125
154,154.0,0.125,0.125,0.125,0.125,0.125,0.125,0.125,0.125
155,155.0,0.125,0.125,0.125,0.125,0.125,0.125,0.125,0.125
156,156.0,0.125,0.125,0.125,0.125,0.125,0.125,0.125,0.125
157,157.0,0.125,0.125,0.125,0.125,0.125,0.125,0.125,0.125
158,158.0,0.125,0.125,0.125,0.125,0.125,0.125,0.125,0.125
159,159.0,0.125,0.125,0.125,0.125,0.125,0.125,0.125,0.125
160,160.0,0.125,0.125,0.125,0.125,0.125,0.125,0.125,0.125
161,161.0,0.125,0.125,0.125,0.125,0.125,0.125,0.125,0.125
162,162.0,0.125,0.125,0.125,0.125,0.125,0.125,0.125,0.125
163,163.0,0.125,0.125,0.125,0.125,0.125,0.125,0.125,0.125
164,164.0,0.125,0.125,0.125,0.125,0.125,0.125,0.125,0.125
165,165.0,0.125,0.125,0.125,0.125,0.125,0.125,0.125,0.125
166,166.0,0.125,0.125,0.125,0.125,0.125,0.125,0.125,0.125
167,167.0,0.125,0.125,0.125,0.125,0.125,0.125,0.125,0.125
168,168.0,0.125,0.125,0.125,0.125,0.125,0.125,0.125,0.125
169,169.0,0.125,0.125,0.125,0.125,0.125,0.125,0.125,0.125
170,170.0,0.125,0.125,0.125,0.125,0.125,0.125,0.125,0.125
171,171.0,0.125,0.125,0.125,0.125,0.125,0.125,0.125,0.125
172,172.0,0.125,0.125,0.125,0.125,0.125,0.125,0.125,0.125
173,173.0,0.125,0.125,0.125,0.125,0.125,0.125,0.125,0.125
174,174.0,0.125,0.125,0.125,0.125,0.125,0.125,0.125,0.125
175,175.0,0.125,0.125,0.125,0.125,0.125,0.125,0.125,0.125
176,176.0,0.125,0.125,0.125,0.125,0.125,0.125,0.125,0.125
177,177.0,0.125,0.125,0.125,0.125,0.125,0.125,0.125,0.125
178,178.0,0.125,0.125,0.125,0.125,0.125,0.125,0.125,0.125
179,179.0,0.125,0.125,0.125,0.125,0.125,0.125,0.125,0.125
180,180.0,0.125,0.125,0.125,0.125,0.125,0.125,0.125,0.125
181,181.0,0.125,0.125,0.125,0.125,0.125,0.125,0.125,0.125
182,182.0,0.125,0.125,0.125,0.125,0.125,0.125,0.125,0.125
183,183.0,0.125,0.125,0.125,0.125,0.125,0.125,0.125,0.125
184,184.0,0.125,0.125,0.125,0.125,0.125,0.125,0.125,0.125
185,185.0,0.125,0.125,0.125,0.125,0.125,0.125,0.125,0.125
186,186.0,0.125,0.125,0.125,0.125,0.125,0.125,0.125,0.125
187,187.0,0.125,0.125,0.125,0.125,0.125,0.125,0.125,0.125
188,188.0,0.125,0.125,0.125,0.125,0.125,0.125,0.125,0.125
189,189.0,0.125,0.125,0.125,0.125,0.125,0.125,0.125,0.125
190,190.0,0.125,0.125,0.125,0.125,0.125,0.125,0.125,0.125
191,191.0,0.125,0.125,0.125,0.125,0.125,0.125,0.125,0.125
192,192.0,0.125,0.125,0.125,0.125,0.125,0.125,0.125,0.125
193,193.0,0.125,0.125,0.125,0.125,0.125,0.125,0.125,0.125
194,194.0,0.125,0.125,0.125,0.125,0.125,0.125,0.125,0.125
195,195.0,0.125,0.125,0.125,0.125,0.125,0.125,0.125,0.125
196,196.0,0.125,0.125,0.125,0.125,0.125,0.125,0.125,0.125
197,197.0,0.125,0.125,0.125,0.125,0.125,0.125,0.125,0.125
198,198.0,0.125,0.125,0.125,0.125,0.125,0.125,0.125,0.125
199,199.0,0.1248611111111111,0.1248611111111111,0.1248611111111111,0.1259722222222222,0.1248611111111111,0.1248611111111111,0.1248611111111111,0.1248611111111111
200,200.0,0.1245847222222222,0.1245847222222222,0.1245847222222222,0.1279069444444444,0.1245847222222222,0.1245847222222222,0.1245847222222222,0.1245847222222222
201,201.0,0.1243123472222222,0.1243123472222222,0.1243123472222222,0.1298135694444444,0.1243123472222222,0.1243123472222222,0.1243123472222222,0.1243123472222222
202,202.0,0.1240463084722222,0.1240463084722222,0.1240463084722222,0.1316758406944445,0.1240463084722222,0.1240463084722222,0.1240463084722222,0.1240463084722222
203,203.0,0.1236775216236111,0.1236775216236111,0.1236775216236111,0.1332573486347222,0.1246775216236111,0.1236775216236111,0.1236775216236111,0.1236775216236111
204,204.0,0.123229040263827,0.123229040263827,0.123229040263827,0.1345885363350291,0.1251281311729179,0.123229040263827,0.123229040263827,0.1241381311729179
205,205.0,0.1227193792636457,0.1227193792636457,0.1227193792636457,0.1356932451544802,0.125423812596979,0.1227193792636457,0.1227193792636457,0.1252860459303124
206,206.0,0.1221638324511879,0.1221638324511879,0.1229330632204187,0.1365912344011251,0.1255852604022369,0.1221638324511879,0.1221638324511879,0.1262351121714676
207,207.0,0.1215752911285532,0.1215752911285532,0.1230511153043774,0.1380139763595583,0.1256297779780137,0.1215752911285532,0.1215752911285532,0.1270039658438379
208,208.0,0.120964771661817,0.120964771661817,0.1230855811856266,0.1392079551522034,0.1262389428418296,0.120964771661817,0.120964771661817,0.1276084341730724
209,209.0,0.1202913289397562,0.1202913289397562,0.1232486101639706,0.140325836631021,0.1268490707966935,0.1203965920976509,0.1203965920976509,0.1282006403335007
210,210.0,0.1196388230484571,0.1196388230484571,0.1234048823065832,0.1413390517126057,0.127428964253952,0.1198472002414395,0.1199513669081062,0.1287508884803991
211,211.0,0.1190225406269144,0.1190225406269144,0.1235663395229798,0.142259776991128,0.1279876898340563,0.1193320533462127,0.1195393450128794,0.1292697140389148
212,212.0,0.1183061332634791,0.1183061332634791,0.1235919598447292,0.1440602764163314,0.1283828881800318,0.1187139894959353,0.1190224374126019,0.129616182123412
213,213.0,0.1176199648111982,0.1176199648111982,0.1236061102769789,0.1458497737648625,0.1287390734338936,0.118121594426677,0.1185273412726821,0.1299161772025095
214,214.0,0.1169785045067779,0.1169785045067779,0.1236223607373462,0.147530288703893,0.1290681829904586,0.1175698231491728,0.1180693908414731,0.1301829445641005
215,215.0,0.1162610133884004,0.1162610133884004,0.1245155520339822,0.1488600165294384,0.1292458986066363,0.1169363962797679,0.1176267051843091,0.1302934045890652
216,216.0,0.1154904369643238,0.1154904369643238,0.125206148705352,0.1498778292096497,0.1292936660911267,0.1163449073181792,0.1171173168563143,0.1311792578907304
217,217.0,0.1147607006816985,0.1147607006816985,0.1252034020003091,0.1507673045519657,0.1293048312773678,0.1157859868664362,0.1167336537885154,0.1326834201520086
218,218.0,0.1139567025576725,0.1139567025576725,0.1249824388000528,0.1527131466132603,0.1290812130703549,0.1151434899303371,0.1163564415317154,0.1338098649389343
219,219.0,0.1131619503117815,0.1131619503117815,0.1247033545660544,0.154378530363323,0.1287179585376794,0.1145981207051304,0.116554685994681,0.1347234492095686
220,220.0,0.1123934851599108,0.1123934851599108,0.124386517758815,0.1563433943563149,0.1282443727487117,0.1140691503326479,0.1167211539226451,0.1354484405610438
221,221.0,0.1116753046013824,0.1116753046013824,0.1240559098868453,0.1581634151052451,0.1277530379365422,0.1136734020560517,0.1169009524265119,0.1361026733860387
222,222.0,0.1115160611925898,0.1109897454031161,0.1236981108626887,0.1596998143900536,0.1271732028934587,0.113296885888434,0.1170461773849439,0.1365800019847151
223,223.0,0.1114140852315945,0.1103667168105419,0.123345733581279,0.1610971693116727,0.1265984633614045,0.1129677595700466,0.1172114654818478,0.1369986066516129
224,224.0,0.1113646697332269,0.1098061960490164,0.1230017596411556,0.1623554107572052,0.1260340571845971,0.1126845753791506,0.1173931575224072,0.1373601737332409
225,225.0,0.1113527839488516,0.1092972686856937,0.1218233191919277,0.1634637317374744,0.1254733926994368,0.1133610551370888,0.1175728596720601,0.1376555889274668
226,226.0,0.1113840357365337,0.1088491066260073,0.1206665656190952,0.164436963419301,0.1249317845324693,0.1140705318784336,0.1177624167662125,0.1378985954219472
227,227.0,0.1114011672422433,0.1084337991707169,0.119514581981273,0.1651473034683426,0.124333795765124,0.1152762953479572,0.1179063161605255,0.1379867408638173
228,228.0,0.1113950952924808,0.1080420153605793,0.1189378096175791,0.1656014063190664,0.1236796793942735,0.1164280723864017,0.1179927819898215,0.1379231396397975
229,229.0,0.1113461382665493,0.10763182941201,0.1183256710866399,0.1665977943614632,0.122980880932891,0.1174332071327841,0.1180042587827052,0.1376802200249572
230,230.0,0.1110788389757203,0.1081617042644895,0.1175073699637468,0.1670928711207167,0.1220469032330146,0.1181184591880928,0.1177675301413877,0.1382263231128314
231,231.0,0.1106892080442839,0.1094930097095384,0.11658558945675,0.1672690934146857,0.12098261858486,0.1186338858094477,0.1178200374635134,0.1385265575169207
232,232.0,0.1102380389772359,0.1114864398310777,0.1156245593407504,0.1672546081823741,0.1198741511226217,0.1190359793056514,0.117785691763311,0.1387005314769777
233,233.0,0.1097420578848683,0.1131800902844853,0.114643875483869,0.1670746916347936,0.1187430644083913,0.1193381126603174,0.1185129157394093,0.1387651919038657
234,234.0,0.1092147850347162,0.1146033195483574,0.1144286201220727,0.1667517653230261,0.1176070104885894,0.1195513398081322,0.119108256874394,0.1387349028007119
235,235.0,0.1087223146387517,0.115999706679778,0.1142697875748555,0.1663610517943005,0.1165355389306636,0.119740111405995,0.1196943346564112,0.1386771543192444
236,236.0,0.1089254318148565,0.1171381918008978,0.1140534337763418,0.1658582918506545,0.1154779611590603,0.1198500402379774,0.1201563245330474,0.1385403248271641
237,237.0,0.109159140040656,0.118230982459338,0.1138863754885472,0.1653091682824674,0.114492914122314,0.1199373618417981,0.1206009164949753,0.1383831412699038
238,238.0,0.1094729881838677,0.1193266652497271,0.113820298798223,0.1649435889076553,0.1136379402722515,0.1208825846033559,0.1210803494689917,0.1368355845159275
239,239.0,0.1093364084040769,0.1210436470867064,0.1137808963998293,0.1644280869122954,0.1127700170179336,0.1217674058588425,0.1215412379573012,0.1353323003630145
240,240.0,0.1091894959168847,0.1227547459746592,0.1137281317047214,0.1637798844706356,0.1119105141453093,0.1225634472582449,0.121903784230376,0.1341699962991688
241,241.0,0.109013487609742,0.1242912213304952,0.1136627260912235,0.162928872510561,0.1110814922593042,0.1238442488949061,0.1221923987423742,0.1329855525613937
242,242.0,0.1088377943485436,0.1257227690975532,0.1135932229661089,0.1619846909647975,0.1102767027968864,0.125040866273247,0.1224000978410536,0.1321438557118097
243,243.0,0.108680445909133,0.1270618709048663,0.1135533358074426,0.1610476203465021,0.1095506834537997,0.1261823603409684,0.1225818091202376,0.1313418741170502
244,244.0,0.1085411812937255,0.1283043803303359,0.1135405018901664,0.1601263202691108,0.108902817411542,0.1272628284884552,0.1227383142490838,0.1305836560675803
245,245.0,0.108419584766075,0.1294475315178917,0.113552144229314,0.1592284266793073,0.1083317680004527,0.1282775686262557,0.1228705687913377,0.1298724073893657
246,246.0,0.1082984388160156,0.1304731621127829,0.1135523654425183,0.1586772445308974,0.1077855640515261,0.1291896728206274,0.1229296752602359,0.1290938769653964
247,247.0,0.1081785252299041,0.1313823832529423,0.1139261515840876,0.1580663068089182,0.1072660292118812,0.1299995143932002,0.1229212035522711,0.1282598859667951
248,248.0,0.108060521046808,0.1321773448120428,0.1142712117185733,0.1574053052855532,0.1071448657081602,0.1307084234696305,0.1228507996210128,0.1273815283382192
249,249.0,0.1079582358810772,0.1328743436454196,0.1146254293838003,0.1567827794330977,0.107088576246936,0.1313450452344093,0.1227638222665643,0.1265617679086954
250,250.0,0.1078711206826326,0.1334762060373115,0.1149843466500423,0.1565714773133558,0.1070912363185712,0.131910242201054,0.1222924282344189,0.1258029425626138
251,251.0,0.1077853020935024,0.1339731994947204,0.1156613647019957,0.1563064636483275,0.1070940143161535,0.1323790498532564,0.1217866514395459,0.1250139544524983
252,252.0,0.1077010981296153,0.1343704304674894,0.1162829279111116,0.1559928861659734,0.1070952286309875,0.1327555980278764,0.1212541669081044,0.1245476637588419
253,253.0,0.1076187788590546,0.1346734923853235,0.1168467240934578,0.1556358634596312,0.1074267147854083,0.1330445261728637,0.1207021492410034,0.1240517510032573
254,254.0,0.1073996822557186,0.1347494747850633,0.1172123716586557,0.1551015663657734,0.1076008577145086,0.1331120023996711,0.1214320590746916,0.1233919857459175
255,255.0,0.1065536821625202,0.134503941327733,0.1172013244589506,0.155618936797139,0.1087474191752824,0.1331873847699297,0.1213904921416312,0.1227968191668138
256,256.0,0.1056527764017975,0.1339701819038685,0.1170981776571855,0.156090060110326,0.110591366291492,0.1331361917557998,0.1212740044215379,0.1221872414579928
257,257.0,0.1047155438519895,0.1331945944665996,0.1166047519356631,0.1568314290380996,0.1130078077397183,0.1329756720799408,0.1210953321243953,0.1215748687635936
258,258.0,0.103728089836122,0.1323936892783337,0.1160905313840729,0.1576498465701392,0.1153679677487364,0.1328811556525103,0.1209197161284456,0.1209690034016398
259,259.0,0.1035908088621445,0.1314661727332932,0.1155650213724004,0.1582778246261168,0.1175785833444681,0.1326456182395574,0.1205530928713641,0.1203228779506555
260,260.0,0.1034829743943642,0.1305149372285682,0.1150304408608914,0.1588908298103714,0.119713530748735,0.132366042366798,0.120273308820256,0.1197279357700158
261,261.0,0.1033470685006225,0.130100469679099,0.1145287809120583,0.1594283657606345,0.1215384698584619,0.1319934107557065,0.1199342195193955,0.1191292150140217
262,262.0,0.1030844977567576,0.1296021408662347,0.1148752560959146,0.1597896359080181,0.1231874322080563,0.1315131972273846,0.1194419002445294,0.1185059396931046
263,263.0,0.1028462342386067,0.1291006815190525,0.1153061288682238,0.1601241288888294,0.1247289555399422,0.1310079131716611,0.1189517984421092,0.1179341593315751
264,264.0,0.1026306882101795,0.1286013518373297,0.1157044497499812,0.1603605458957564,0.1264160309978811,0.1304805609831583,0.1184543861275308,0.1173519861981829
265,265.0,0.1024293176537739,0.1283846119564291,0.1161427697873506,0.1604924357319297,0.1279333653822918,0.12992337829062,0.1179405481735707,0.1167535730240341
266,266.0,0.102194064189001,0.1286343135133759,0.116481253988821,0.1607548689907567,0.1290893141606023,0.1293838579183947,0.1173672006136193,0.116095126625429
267,267.0,0.1019386057187513,0.1292972147880781,0.116739744348702,0.1608818127398393,0.1301891230552221,0.12879924424878,0.1167582135366581,0.1153960415639689
268,268.0,0.101667897003616,0.1303173026172832,0.1169229681665647,0.1608827255990121,0.1312410177053447,0.1281799168047753,0.1161229092029456,0.1146652629004582
269,269.0,0.1013929797899471,0.1316573747758889,0.1170626329070848,0.1608346214052071,0.1320488704364443,0.1275487510109519,0.1154898842921661,0.1139648853823097
270,270.0,0.1011026856902759,0.1332475015227682,0.1171201300133719,0.1606654869203353,0.1325671747542637,0.1269728891179093,0.1148319734861927,0.1134921584948828
271,271.0,0.1008068869364089,0.1350581523538719,0.1172131308801615,0.1604490116093218,0.1328675800533913,0.1263837765412203,0.1141753729432034,0.1130460886824207
272,272.0,0.1005321449285151,0.1368115687312243,0.1172806294382092,0.1604713681325171,0.1330629146351632,0.125897258055463,0.1132927184488088,0.112651397630099
273,273.0,0.1002784799279463,0.1384951941554716,0.1173232579645493,0.1604768725811305,0.1331610485929544,0.1255138435356343,0.1124451546508421,0.1123061485914713
274,274.0,0.0999247470555054,0.1400430264632607,0.1179973654175842,0.160347570679584,0.1326139125151909,0.1250999568187568,0.1115207161989842,0.1124527048511335
275,275.0,0.099576065518679,0.1412727637127568,0.1186323302293815,0.1601898111734843,0.1324039589786598,0.1246966667755872,0.1106279100347179,0.1126004935767333
276,276.0,0.0992279573214754,0.1426476071165764,0.1192957598732781,0.1599983847722743,0.132040735913397,0.1242907950882889,0.1097599710538204,0.1127387888608893
277,277.0,0.0989098456362087,0.1439328345967521,0.1199344207123128,0.1586954164141177,0.1316282953761569,0.1239204807482411,0.1089536545854451,0.1140250519307654
278,278.0,0.0983740263690221,0.1461673448179404,0.1202337387621891,0.1571550679709754,0.1309227423281228,0.1241827041960816,0.1079579909386423,0.115006384617026
279,279.0,0.0978518179113184,0.14823933158248,0.1203466899268672,0.1555371590056666,0.1301327684942509,0.1243630951519619,0.1075889788211898,0.1159401591062648
280,280.0,0.0976793154647536,0.1499356895654433,0.1202894721638802,0.1544830829477239,0.1292103751726475,0.1244667937641906,0.1071409558307266,0.1167943150906341
281,281.0,0.0975320020429296,0.1515019057762612,0.1201940160815331,0.1534668484467721,0.1283558145071297,0.1245758964084508,0.1067433996433037,0.1176301170936194
282,282.0,0.0974081984945803,0.152934641266756,0.1201458580999531,0.1524940851485638,0.1274951578754598,0.1246874473088024,0.106394260275839,0.1184403515300453
283,283.0,0.0971672789861256,0.1540933471457186,0.1205512329490468,0.1514305472308496,0.1264980518322332,0.1240348925294688,0.1070634453096824,0.1191612040168747
284,284.0,0.0968814322579514,0.1550892717307816,0.1213776047899553,0.1503184502983574,0.125483544794307,0.1233656979625368,0.1076673322583491,0.1198166659077611
285,285.0,0.0965588264927756,0.1558478415892082,0.1220141526887483,0.1491749967120863,0.1245452312412706,0.1226886280291674,0.1087631931066215,0.1204071301401217
286,286.0,0.0967258112697759,0.1564513370565134,0.1225405743772678,0.1480067491968172,0.1236033527547504,0.1219963329744527,0.109751002006644,0.1209248403637782
287,287.0,0.097297818531444,0.1571086247949489,0.1228715141421634,0.1468104869822602,0.1226003019746177,0.1213593248752887,0.1106140831269215,0.1213378455723552
288,288.0,0.0977908275898116,0.1581102049596988,0.123050939050442,0.1456231466077368,0.1216196497118486,0.1207346746425385,0.1113806481488348,0.1216899092890884
289,289.0,0.0982026133694303,0.1588226714675232,0.1231084401049164,0.1444290859163655,0.1205994821178538,0.1200579124724078,0.1120474882268066,0.1227323063246962
290,290.0,0.0985432409464392,0.1592799322311575,0.1230616952864828,0.1437231686289958,0.1195600130077565,0.1193470777863964,0.1129811109176546,0.1235037611951168
291,291.0,0.0988204991194087,0.1602803244947737,0.1229256758846956,0.1430391474036092,0.1185176464783471,0.1186167654370319,0.1137640498517309,0.1240358913304026
292,292.0,0.0993740328330934,0.1613987253249315,0.1230467501379887,0.1417177534323418,0.1178191765229317,0.1172123069002237,0.1147423718541997,0.1246888829942892
293,293.0,0.0997816016072076,0.1621362590807846,0.1239180112583343,0.1402559512495076,0.1177147872612539,0.1156351747000976,0.115499509310951,0.1250587055318632
294,294.0,0.1001059656752064,0.1627948326034002,0.1247051701722661,0.1388318419225339,0.1175259180463603,0.114067849749429,0.1161188238208035,0.1258495980100004
295,295.0,0.1003521394403413,0.1639717189762505,0.1254091019450048,0.1374562336928231,0.1172627807123614,0.1125253610064975,0.1166089762611851,0.1264136879655359
296,296.0,0.1005250746911655,0.1656033000946833,0.1260310914692675,0.1361380340292712,0.1169346224363436,0.1110206512342837,0.116978391307696,0.1267688347372888
297,297.0,0.1004443102085988,0.1670651291402133,0.1258355198137392,0.1359328050966922,0.1163937619239095,0.1093035868487088,0.1181903262161035,0.1268345607520344
298,298.0,0.1008544694370104,0.1680058339043946,0.1252697270429619,0.1354020398984316,0.1156615590890235,0.1091817965905664,0.1189899211090246,0.1266346529285867
299,299.0,0.1010958122605202,0.1687461644366945,0.1249258858324674,0.1354150603813076,0.1149083144290024,0.1089652752091534,0.1196226591403043,0.1263208283105499
300,300.0,0.1012596924165598,0.1690255442315424,0.1245239899802129,0.1354717926299424,0.1141094113988234,0.1087918067859737,0.1201324766287031,0.126685285928242
301,301.0,0.1013812496283805,0.1690517906937673,0.1240835413282517,0.1355769755646286,0.1138161145432234,0.1086684981287904,0.1205362448729801,0.1268855852399778
302,302.0,0.1014331333695189,0.1691540223207584,0.1228883079703439,0.1364287920432554,0.1134664134822793,0.1085813603891313,0.1208301998433769,0.1272177705813356
303,303.0,0.1013944103244677,0.1689692482546332,0.1216419902610054,0.1377508062874608,0.113387554151534,0.1084058221648874,0.1210172242964912,0.1274329442595202
304,304.0,0.101610333406116,0.1690404356365332,0.1204046270266309,0.1390966741638319,0.1133128984706383,0.1082806603866324,0.1206724177774879,0.1275819531321291
305,305.0,0.1017909920381026,0.1693304539370146,0.1191740728207972,0.1404369279991177,0.1132179445183528,0.1081884653962792,0.1202673592460696,0.1275937840442661
306,306.0,0.1019378237527044,0.1693834075153193,0.1179616699563393,0.1417584443327046,0.1131048246822315,0.1081265801385719,0.1198118421624227,0.1279154074597062
307,307.0,0.1020188000983715,0.1693623660238617,0.1167689945856553,0.1430411490093179,0.1133501484666707,0.1080838597507142,0.1193067348104979,0.1280679472549106
308,308.0,0.1020378405987945,0.1696780277213165,0.1162719315781745,0.1442753603463218,0.1135209972349494,0.1073914124813661,0.1187613114890751,0.1280631185500018
309,309.0,0.1019728231653683,0.1700330980613504,0.1157371923439534,0.1452182209139427,0.114264620082511,0.1066524375076722,0.118158026711287,0.1279635812139148
310,310.0,0.1023036638994011,0.1704636309955085,0.1148137536705358,0.1461140815646658,0.1149895252790683,0.1059536217310273,0.1175458438517715,0.1278158790080216
311,311.0,0.1025580135217121,0.170926900735045,0.1138671483242904,0.1467377489480332,0.1156150736242587,0.1052240614773817,0.1168946633410675,0.1281763900282112
312,312.0,0.1027727744161518,0.1713192673065554,0.112930887603598,0.1470464715073166,0.1161038686211848,0.1044965005358977,0.116787901418118,0.1285423285911775
313,313.0,0.1034442175122453,0.1714966566219515,0.1119938785552382,0.14712831049273,0.1167480226279649,0.1037580128417408,0.1166268348517668,0.1288040664963623
314,314.0,0.1040186468380408,0.1713154716881748,0.111065237772255,0.1470048075415999,0.1172928189915383,0.1030167476169134,0.1164181764418114,0.1298680931096662
315,315.0,0.1045390135399649,0.171195718344733,0.1102656251512646,0.1468317758087148,0.1177804556218521,0.1023119604207647,0.1162048532397778,0.1308705978729281
316,316.0,0.1051886198041948,0.1708810773915067,0.1094683210804061,0.1464720794233143,0.1181616380662818,0.101677184125043,0.1164168030846896,0.1317342770245636
317,317.0,0.1057813926369256,0.1704146497193328,0.1087373371503885,0.1460831083623746,0.1184911020633388,0.1013238789635207,0.1166330771498455,0.1325354539542734
318,318.0,0.1058646815319692,0.1699304431816905,0.1080781080574638,0.1461526271512855,0.1187992660440054,0.1010276422908834,0.1168558371436053,0.1332913945990968
319,319.0,0.1054571382887671,0.1693138656092909,0.1079197827124971,0.1462004696835508,0.119054875339811,0.1009978508370903,0.1170771563681206,0.1339788611608721
320,320.0,0.1049112188746124,0.1687586281817289,0.1077316844728423,0.1461374599860387,0.1192408006042809,0.1014013068749003,0.1172403324186548,0.1345785685869416
321,321.0,0.1043263542358019,0.1683025858915439,0.1075999158286812,0.1460565575970183,0.1193767902108458,0.1018311228801589,0.1173981833747648,0.1351084899811851
322,322.0,0.1037331016022439,0.1678529605914708,0.1075243243191169,0.1459645236217416,0.119491454702496,0.1022928531327014,0.1175538260485429,0.1355869559816863
323,323.0,0.1031382322997489,0.1674136068354992,0.1075000481457854,0.1458633915585869,0.1195857799458065,0.1027786889052739,0.1177059248414845,0.1360143274678146
324,324.0,0.1025478566882353,0.1669878910067785,0.1075221985367967,0.1457550825369737,0.1196608566131782,0.1032813612881478,0.1178533131537439,0.1363914401761458
325,325.0,0.1019452660341529,0.1664634582439206,0.1075814787076929,0.1456369647188505,0.1196912630508502,0.103989195357457,0.1179905555261531,0.1367018183609226
326,326.0,0.1013363960534086,0.165848603754536,0.1078774021724516,0.1455109378230713,0.1196795881835472,0.1046820578862503,0.118117031789995,0.13694798233674
327,327.0,0.100726687868272,0.16535188560311,0.1081953351629571,0.1453787979243187,0.1196286262781946,0.105353496995128,0.118232298691447,0.1371328714765725
328,328.0,0.1001406897279724,0.1648819675414427,0.1085372443355054,0.1452461511912653,0.1195648564739775,0.106013634512544,0.1183399979671214,0.1372754582501712
329,329.0,0.0995622827662919,0.1645310648196061,0.1088894698429117,0.1451104532060443,0.1194666678470598,0.1066413129479604,0.1184358878182118,0.1373628607519139
330,330.0,0.0989952852984847,0.1641040277664315,0.1092469751420159,0.1449731247464246,0.1193370362021798,0.1074248438083301,0.1185199489613655,0.1373987580747679
331,331.0,0.0984430524405099,0.1637948455386108,0.1096051876369246,0.1448354673625758,0.1191789934663848,0.1081631620449874,0.1185922888740782,0.1373870026359286
332,332.0,0.0979016136303535,0.1635934333217695,0.1099449994423225,0.1446911630003666,0.1189880913668532,0.1089153805594198,0.1186425041504505,0.1373228145284643
333,333.0,0.0978570707459327,0.1630974250788471,0.1098537438474917,0.1444608173887432,0.1189344753251051,0.1097155931917307,0.1188382289862614,0.1372426454358879
334,334.0,0.0978129750824366,0.1628997935295569,0.1097465801359887,0.1442209276827565,0.1188128861841724,0.1104586523734236,0.1190083923771568,0.1370397926345084
335,335.0,0.097773407084934,0.1632063615305548,0.1096148549671219,0.1438319524520606,0.1186387055664355,0.1111052112787958,0.1190899014652983,0.1367396056547989
336,336.0,0.0977619938773269,0.1635373276573285,0.1094860259488427,0.1434547952645911,0.1184663028468049,0.1117058227674785,0.1191618592216587,0.1364258724159686
337,337.0,0.0977522245888923,0.1638393233884134,0.1093372822324657,0.1434253792212336,0.1182496052150471,0.1122114564186346,0.119153072630424,0.136031656304889
338,338.0,0.0977438160703807,0.1641117929056349,0.109171886274748,0.1437122546710407,0.1179947762382595,0.1126261207790725,0.1190710546416167,0.1355682984192467
339,339.0,0.0977091938524627,0.1641580610383039,0.1089907596570031,0.1439895650688392,0.1180507347832705,0.1131406802201735,0.1189637587646923,0.1349972466152545
340,340.0,0.0976651381960706,0.1640843578376215,0.1088027320068567,0.1442580170333752,0.1184117510483586,0.1135934968829577,0.118837308964755,0.1343471980300045
341,341.0,0.0976386740272568,0.1640188020843143,0.1086231942168707,0.1445286324011502,0.1187744783296345,0.1139990373914493,0.118707705644926,0.133709475904398
342,342.0,0.0976283068389516,0.1639612345911779,0.108453092678929,0.1447984886781624,0.1191351182526666,0.1143579739559928,0.1185765601903927,0.1330892248137267
343,343.0,0.0976325306049872,0.1639114322071266,0.1082931847832066,0.145064963210718,0.1191199027836786,0.1146713776053375,0.1188157086395413,0.1324909001654038
344,344.0,0.0976233889658142,0.1637500688260448,0.1081308227312112,0.1453125019147097,0.1190337653837581,0.1149274400812823,0.1190259417577237,0.1321960703394556
345,345.0,0.0975858246998817,0.1637370622239663,0.1079611993858987,0.1457124182413336,0.1188638100823605,0.1151101273748954,0.1192040948967121,0.1318254630949513
346,346.0,0.0975441969276317,0.1636409580205388,0.1077974103448648,0.1460954342141573,0.1185961804147656,0.1152348023482225,0.1182624456450941,0.1328285720847247
347,347.0,0.0977055117874332,0.1633199812478494,0.1075863338463295,0.1463343759289304,0.1191547223553788,0.1151840019338374,0.1171807178980016,0.1335343550022393
348,348.0,0.0976999614120232,0.1630986731097669,0.1080377020231972,0.1458514450902309,0.1205786563955609,0.1141807537338598,0.1152373936601638,0.1353154145751971
349,349.0,0.0975509994394743,0.1629863030494388,0.1083599024933787,0.1452306830734551,0.122813137278607,0.1130971297638641,0.1131841358408005,0.1367777090609812
350,350.0,0.0972178401372427,0.1629653341559086,0.1085424041481711,0.144890766187803,0.1255384990901222,0.1118657413583919,0.1110157708211781,0.1379636441011822
351,351.0,0.0971130757459692,0.1627830094872406,0.1085022714064577,0.1443728375266222,0.1282513022591944,0.1113976599872236,0.1087401480468996,0.1388396955403924
352,352.0,0.0969504606000109,0.1624939295689992,0.1083697144146159,0.1438014831828248,0.1308826229448806,0.1109246604559313,0.1065002659736445,0.1400768628590925
353,353.0,0.0967987943110507,0.1622178857706962,0.108239856521479,0.1432423146220126,0.1334129622503683,0.1104656306375464,0.1043572270289939,0.1412653288578526
354,354.0,0.0965748423283174,0.1619188324365135,0.1083914453778331,0.1426308721346653,0.1358055581584532,0.1099778448133571,0.1023417115367478,0.1423588932141122
355,355.0,0.0963482394192418,0.1626295986909562,0.1085388237298373,0.1420343974666812,0.1380515113154204,0.1085831438538125,0.100441056680708,0.1433732288433422
356,356.0,0.09604929191117,0.1634010215156057,0.1089511942258004,0.1413999786365623,0.1401275817827827,0.1071746584039511,0.0986198479584483,0.144276425565679
357,357.0,0.095685214647821,0.1642239619240495,0.1096052773184092,0.1407357366115047,0.1420284212173482,0.1057658688594172,0.0968869370247472,0.1450685823967027
358,358.0,0.0951874019186634,0.165771352209142,0.1100571956915898,0.1399735167842587,0.1435994794621697,0.1042931757259687,0.0955184718258856,0.1455994063823219
359,359.0,0.0947101010169303,0.1672949521453993,0.1104955001791031,0.1392481739596539,0.14502022553234,0.1028827996980587,0.0942852396788844,0.1460630077896299
360,360.0,0.0942560337688968,0.1687819047683426,0.1109171691246408,0.1385632738656721,0.1462914831846225,0.1015426128254125,0.0931860496000276,0.1464614728623848
361,361.0,0.0945325456868013,0.170156902718971,0.1112555468288425,0.1378575186660884,0.147159078427873,0.1002148954971276,0.0921543867191866,0.1466691254551092
362,362.0,0.0954335939546513,0.1714201387377572,0.111518325891547,0.137142798676206,0.1476656905615512,0.0989144251847979,0.0911965621981157,0.1467084647953734
363,363.0,0.0959832568434196,0.1725966187014009,0.1116564406598655,0.1364306311129098,0.1480286597202061,0.098011277266988,0.0903182439840048,0.146974871711205
364,364.0,0.0964715251086823,0.1735116353786445,0.1117099772997266,0.1357051591554166,0.1489100909783653,0.0971313380744939,0.0894975413745413,0.1470627326301291
365,365.0,0.0961814835694282,0.1741837931904268,0.1116752329287881,0.1356848146389855,0.1495014848641655,0.0963429820803959,0.088729696839346,0.1477005118884637
366,366.0,0.0965046531343981,0.1746355851522117,0.1115619886970102,0.1356835600394644,0.1498309070328917,0.0955782816511188,0.0880180858204877,0.1481869384724171
367,367.0,0.0968917726616307,0.174679209845143,0.1114208747867868,0.1357178953208163,0.1500493201986159,0.0948840729585527,0.087406220950164,0.1489506332782903
368,368.0,0.0972658028841644,0.1746544970369847,0.1113273598634308,0.1357832756445828,0.1501651363104713,0.0942589639208371,0.0871924504969668,0.1493525138425619
369,369.0,0.0975521350020781,0.1744502796534552,0.1114275969090285,0.1358233853365424,0.1504887902719053,0.093659857026211,0.086995811641422,0.1496021441593573
370,370.0,0.0977701212546328,0.1741818675676233,0.1117164910003126,0.1358461332636173,0.1507135273841389,0.0931671322407207,0.0868382045547334,0.1497665227342207
371,371.0,0.0979218575042383,0.1739283600585505,0.1121794362762015,0.1358508222792897,0.1508460656631271,0.0927078601955599,0.086714919893307,0.1498506781297257
372,372.0,0.0980099359390151,0.1736255602944827,0.1128014115322277,0.1358370423400106,0.1508933873980739,0.092351278903235,0.086621415122488,0.1498599684704667
373,373.0,0.0983126828363433,0.1734717610492404,0.113286334410818,0.1358031399730572,0.1508097295921789,0.0920307912062134,0.0865370004327995,0.1497485604993489
374,374.0,0.0984674876016187,0.1731836656228705,0.113915609940538,0.1357495990312344,0.1508838166935515,0.0917444986910295,0.0864589965839406,0.1495963258352164
