,Unnamed: 0,Total_iterations,Intertwine_two,Add_vertex,Delete_vertex,Invert_path_vertices,Insert_inside_vertex,Delete_inside_vertex,Replace_inside_vertex,Donate_between_routes
0,0.0,0.0,0.125,0.125,0.125,0.125,0.125,0.125,0.125,0.125
1,1.0,1.0,0.125,0.125,0.125,0.125,0.125,0.125,0.125,0.125
2,2.0,2.0,0.125,0.125,0.125,0.125,0.125,0.125,0.125,0.125
3,3.0,3.0,0.125,0.125,0.125,0.125,0.125,0.125,0.125,0.125
4,4.0,4.0,0.125,0.125,0.125,0.125,0.125,0.125,0.125,0.125
5,5.0,5.0,0.125,0.125,0.125,0.125,0.125,0.125,0.125,0.125
6,6.0,6.0,0.125,0.125,0.125,0.125,0.125,0.125,0.125,0.125
7,7.0,7.0,0.125,0.125,0.125,0.125,0.125,0.125,0.125,0.125
8,8.0,8.0,0.125,0.125,0.125,0.125,0.125,0.125,0.125,0.125
9,9.0,9.0,0.125,0.125,0.125,0.125,0.125,0.125,0.125,0.125
10,10.0,10.0,0.125,0.125,0.125,0.125,0.125,0.125,0.125,0.125
11,11.0,11.0,0.125,0.125,0.125,0.125,0.125,0.125,0.125,0.125
12,12.0,12.0,0.125,0.125,0.125,0.125,0.125,0.125,0.125,0.125
13,13.0,13.0,0.125,0.125,0.125,0.125,0.125,0.125,0.125,0.125
14,14.0,14.0,0.125,0.125,0.125,0.125,0.125,0.125,0.125,0.125
15,15.0,15.0,0.125,0.125,0.125,0.125,0.125,0.125,0.125,0.125
16,16.0,16.0,0.125,0.125,0.125,0.125,0.125,0.125,0.125,0.125
17,17.0,17.0,0.125,0.125,0.125,0.125,0.125,0.125,0.125,0.125
18,18.0,18.0,0.125,0.125,0.125,0.125,0.125,0.125,0.125,0.125
19,19.0,19.0,0.125,0.125,0.125,0.125,0.125,0.125,0.125,0.125
20,20.0,20.0,0.125,0.125,0.125,0.125,0.125,0.125,0.125,0.125
21,21.0,21.0,0.125,0.125,0.125,0.125,0.125,0.125,0.125,0.125
22,22.0,22.0,0.125,0.125,0.125,0.125,0.125,0.125,0.125,0.125
23,23.0,23.0,0.125,0.125,0.125,0.125,0.125,0.125,0.125,0.125
24,24.0,24.0,0.125,0.125,0.125,0.125,0.125,0.125,0.125,0.125
25,25.0,25.0,0.125,0.125,0.125,0.125,0.125,0.125,0.125,0.125
26,26.0,26.0,0.125,0.125,0.125,0.125,0.125,0.125,0.125,0.125
27,27.0,27.0,0.125,0.125,0.125,0.125,0.125,0.125,0.125,0.125
28,28.0,28.0,0.125,0.125,0.125,0.125,0.125,0.125,0.125,0.125
29,29.0,29.0,0.125,0.125,0.125,0.125,0.125,0.125,0.125,0.125
30,30.0,30.0,0.125,0.125,0.125,0.125,0.125,0.125,0.125,0.125
31,31.0,31.0,0.125,0.125,0.125,0.125,0.125,0.125,0.125,0.125
32,32.0,32.0,0.125,0.125,0.125,0.125,0.125,0.125,0.125,0.125
33,33.0,33.0,0.125,0.125,0.125,0.125,0.125,0.125,0.125,0.125
34,34.0,34.0,0.125,0.125,0.125,0.125,0.125,0.125,0.125,0.125
35,35.0,35.0,0.125,0.125,0.125,0.125,0.125,0.125,0.125,0.125
36,36.0,36.0,0.125,0.125,0.125,0.125,0.125,0.125,0.125,0.125
37,37.0,37.0,0.125,0.125,0.125,0.125,0.125,0.125,0.125,0.125
38,38.0,38.0,0.125,0.125,0.125,0.125,0.125,0.125,0.125,0.125
39,39.0,39.0,0.125,0.125,0.125,0.125,0.125,0.125,0.125,0.125
40,40.0,40.0,0.125,0.125,0.125,0.125,0.125,0.125,0.125,0.125
41,41.0,41.0,0.125,0.125,0.125,0.125,0.125,0.125,0.125,0.125
42,42.0,42.0,0.125,0.125,0.125,0.125,0.125,0.125,0.125,0.125
43,43.0,43.0,0.125,0.125,0.125,0.125,0.125,0.125,0.125,0.125
44,44.0,44.0,0.125,0.125,0.125,0.125,0.125,0.125,0.125,0.125
45,45.0,45.0,0.125,0.125,0.125,0.125,0.125,0.125,0.125,0.125
46,46.0,46.0,0.125,0.125,0.125,0.125,0.125,0.125,0.125,0.125
47,47.0,47.0,0.125,0.125,0.125,0.125,0.125,0.125,0.125,0.125
48,48.0,48.0,0.125,0.125,0.125,0.125,0.125,0.125,0.125,0.125
49,49.0,49.0,0.125,0.125,0.125,0.125,0.125,0.125,0.125,0.125
50,50.0,50.0,0.125,0.125,0.125,0.125,0.125,0.125,0.125,0.125
51,51.0,51.0,0.125,0.125,0.125,0.125,0.125,0.125,0.125,0.125
52,52.0,52.0,0.125,0.125,0.125,0.125,0.125,0.125,0.125,0.125
53,53.0,53.0,0.125,0.125,0.125,0.125,0.125,0.125,0.125,0.125
54,54.0,54.0,0.125,0.125,0.125,0.125,0.125,0.125,0.125,0.125
55,55.0,55.0,0.125,0.125,0.125,0.125,0.125,0.125,0.125,0.125
56,56.0,56.0,0.125,0.125,0.125,0.125,0.125,0.125,0.125,0.125
57,57.0,57.0,0.125,0.125,0.125,0.125,0.125,0.125,0.125,0.125
58,58.0,58.0,0.125,0.125,0.125,0.125,0.125,0.125,0.125,0.125
59,59.0,59.0,0.125,0.125,0.125,0.125,0.125,0.125,0.125,0.125
60,60.0,60.0,0.125,0.125,0.125,0.125,0.125,0.125,0.125,0.125
61,61.0,61.0,0.125,0.125,0.125,0.125,0.125,0.125,0.125,0.125
62,62.0,62.0,0.125,0.125,0.125,0.125,0.125,0.125,0.125,0.125
63,63.0,63.0,0.125,0.125,0.125,0.125,0.125,0.125,0.125,0.125
64,64.0,64.0,0.125,0.125,0.125,0.125,0.125,0.125,0.125,0.125
65,65.0,65.0,0.125,0.125,0.125,0.125,0.125,0.125,0.125,0.125
66,66.0,66.0,0.125,0.125,0.125,0.125,0.125,0.125,0.125,0.125
67,67.0,67.0,0.125,0.125,0.125,0.125,0.125,0.125,0.125,0.125
68,68.0,68.0,0.125,0.125,0.125,0.125,0.125,0.125,0.125,0.125
69,69.0,69.0,0.125,0.125,0.125,0.125,0.125,0.125,0.125,0.125
70,70.0,70.0,0.125,0.125,0.125,0.125,0.125,0.125,0.125,0.125
71,71.0,71.0,0.125,0.125,0.125,0.125,0.125,0.125,0.125,0.125
72,72.0,72.0,0.125,0.125,0.125,0.125,0.125,0.125,0.125,0.125
73,73.0,73.0,0.125,0.125,0.125,0.125,0.125,0.125,0.125,0.125
74,74.0,74.1,0.125,0.125,0.125,0.125,0.125,0.125,0.125,0.125
75,75.0,75.1,0.125,0.125,0.125,0.125,0.125,0.125,0.125,0.125
76,76.0,76.1,0.125,0.125,0.125,0.125,0.125,0.125,0.125,0.125
77,77.0,77.1,0.125,0.125,0.125,0.125,0.125,0.125,0.125,0.125
78,78.0,78.1,0.125,0.125,0.125,0.125,0.125,0.125,0.125,0.125
79,79.0,79.1,0.125,0.125,0.125,0.125,0.125,0.125,0.125,0.125
80,80.0,80.1,0.125,0.125,0.125,0.125,0.125,0.125,0.125,0.125
81,81.0,81.1,0.125,0.125,0.125,0.125,0.125,0.125,0.125,0.125
82,82.0,82.1,0.125,0.125,0.125,0.125,0.125,0.125,0.125,0.125
83,83.0,83.1,0.125,0.125,0.125,0.125,0.125,0.125,0.125,0.125
84,84.0,84.1,0.125,0.125,0.125,0.125,0.125,0.125,0.125,0.125
85,85.0,85.1,0.125,0.125,0.125,0.125,0.125,0.125,0.125,0.125
86,86.0,86.1,0.125,0.125,0.125,0.125,0.125,0.125,0.125,0.125
87,87.0,87.2,0.125,0.125,0.125,0.125,0.125,0.125,0.125,0.125
88,88.0,88.2,0.125,0.125,0.125,0.125,0.125,0.125,0.125,0.125
89,89.0,89.2,0.125,0.125,0.125,0.125,0.125,0.125,0.125,0.125
90,90.0,90.2,0.125,0.125,0.125,0.125,0.125,0.125,0.125,0.125
91,91.0,91.2,0.125,0.125,0.125,0.125,0.125,0.125,0.125,0.125
92,92.0,92.2,0.125,0.125,0.125,0.125,0.125,0.125,0.125,0.125
93,93.0,93.2,0.125,0.125,0.125,0.125,0.125,0.125,0.125,0.125
94,94.0,94.2,0.125,0.125,0.125,0.125,0.125,0.125,0.125,0.125
95,95.0,95.3,0.125,0.125,0.125,0.125,0.125,0.125,0.125,0.125
96,96.0,96.3,0.125,0.125,0.125,0.125,0.125,0.125,0.125,0.125
97,97.0,97.3,0.125,0.125,0.125,0.125,0.125,0.125,0.125,0.125
98,98.0,98.3,0.125,0.125,0.125,0.125,0.125,0.125,0.125,0.125
99,99.0,99.3,0.125,0.125,0.125,0.125,0.125,0.125,0.125,0.125
100,100.0,100.4,0.125,0.125,0.125,0.125,0.125,0.125,0.125,0.125
101,101.0,101.4,0.125,0.125,0.125,0.125,0.125,0.125,0.125,0.125
102,102.0,102.4,0.125,0.125,0.125,0.125,0.125,0.125,0.125,0.125
103,103.0,103.4,0.125,0.125,0.125,0.125,0.125,0.125,0.125,0.125
104,104.0,104.4,0.125,0.125,0.125,0.125,0.125,0.125,0.125,0.125
105,105.0,105.4,0.125,0.125,0.125,0.125,0.125,0.125,0.125,0.125
106,106.0,106.4,0.125,0.125,0.125,0.125,0.125,0.125,0.125,0.125
107,107.0,107.4,0.125,0.125,0.125,0.125,0.125,0.125,0.125,0.125
108,108.0,108.4,0.125,0.125,0.125,0.125,0.125,0.125,0.125,0.125
109,109.0,109.4,0.125,0.125,0.125,0.125,0.125,0.125,0.125,0.125
110,110.0,110.4,0.125,0.125,0.125,0.125,0.125,0.125,0.125,0.125
111,111.0,111.4,0.125,0.125,0.125,0.125,0.125,0.125,0.125,0.125
112,112.0,112.4,0.125,0.125,0.125,0.125,0.125,0.125,0.125,0.125
113,113.0,113.4,0.125,0.125,0.125,0.125,0.125,0.125,0.125,0.125
114,114.0,114.4,0.125,0.125,0.125,0.125,0.125,0.125,0.125,0.125
115,115.0,115.4,0.125,0.125,0.125,0.125,0.125,0.125,0.125,0.125
116,116.0,116.4,0.125,0.125,0.125,0.125,0.125,0.125,0.125,0.125
117,117.0,117.4,0.125,0.125,0.125,0.125,0.125,0.125,0.125,0.125
118,118.0,118.4,0.125,0.125,0.125,0.125,0.125,0.125,0.125,0.125
119,119.0,119.4,0.125,0.125,0.125,0.125,0.125,0.125,0.125,0.125
120,120.0,120.4,0.125,0.125,0.125,0.125,0.125,0.125,0.125,0.125
121,121.0,121.4,0.125,0.125,0.125,0.125,0.125,0.125,0.125,0.125
122,122.0,122.4,0.125,0.125,0.125,0.125,0.125,0.125,0.125,0.125
123,123.0,123.4,0.125,0.125,0.125,0.125,0.125,0.125,0.125,0.125
124,124.0,124.4,0.125,0.125,0.125,0.125,0.125,0.125,0.125,0.125
125,125.0,125.4,0.125,0.125,0.125,0.125,0.125,0.125,0.125,0.125
126,126.0,126.4,0.125,0.125,0.125,0.125,0.125,0.125,0.125,0.125
127,127.0,127.4,0.125,0.125,0.125,0.125,0.125,0.125,0.125,0.125
128,128.0,128.4,0.125,0.125,0.125,0.125,0.125,0.125,0.125,0.125
129,129.0,129.4,0.125,0.125,0.125,0.125,0.125,0.125,0.125,0.125
130,130.0,130.4,0.125,0.125,0.125,0.125,0.125,0.125,0.125,0.125
131,131.0,131.4,0.125,0.125,0.125,0.125,0.125,0.125,0.125,0.125
132,132.0,132.4,0.125,0.125,0.125,0.125,0.125,0.125,0.125,0.125
133,133.0,133.4,0.125,0.125,0.125,0.125,0.125,0.125,0.125,0.125
134,134.0,134.4,0.125,0.125,0.125,0.125,0.125,0.125,0.125,0.125
135,135.0,135.4,0.125,0.125,0.125,0.125,0.125,0.125,0.125,0.125
136,136.0,136.4,0.125,0.125,0.125,0.125,0.125,0.125,0.125,0.125
137,137.0,137.4,0.125,0.125,0.125,0.125,0.125,0.125,0.125,0.125
138,138.0,138.4,0.125,0.125,0.125,0.125,0.125,0.125,0.125,0.125
139,139.0,139.4,0.125,0.125,0.125,0.125,0.125,0.125,0.125,0.125
140,140.0,140.4,0.125,0.125,0.125,0.125,0.125,0.125,0.125,0.125
141,141.0,141.4,0.125,0.125,0.125,0.125,0.125,0.125,0.125,0.125
142,142.0,142.4,0.125,0.125,0.125,0.125,0.125,0.125,0.125,0.125
143,143.0,143.4,0.125,0.125,0.125,0.125,0.125,0.125,0.125,0.125
144,144.0,144.4,0.125,0.125,0.125,0.125,0.125,0.125,0.125,0.125
145,145.0,145.4,0.125,0.125,0.125,0.125,0.125,0.125,0.125,0.125
146,146.0,146.4,0.125,0.125,0.125,0.125,0.125,0.125,0.125,0.125
147,147.0,147.5,0.125,0.125,0.125,0.125,0.125,0.125,0.125,0.125
148,148.0,148.5,0.125,0.125,0.125,0.125,0.125,0.125,0.125,0.125
149,149.0,149.5,0.125,0.125,0.125,0.125,0.125,0.125,0.125,0.125
150,150.0,150.5,0.125,0.125,0.125,0.125,0.125,0.125,0.125,0.125
151,151.0,151.5,0.125,0.125,0.125,0.125,0.125,0.125,0.125,0.125
152,152.0,152.5,0.125,0.125,0.125,0.125,0.125,0.125,0.125,0.125
153,153.0,153.5,0.125,0.125,0.125,0.125,0.125,0.125,0.125,0.125
154,154.0,154.5,0.125,0.125,0.125,0.125,0.125,0.125,0.125,0.125
155,155.0,155.5,0.125,0.125,0.125,0.125,0.125,0.125,0.125,0.125
156,156.0,156.5,0.125,0.125,0.125,0.125,0.125,0.125,0.125,0.125
157,157.0,157.5,0.125,0.125,0.125,0.125,0.125,0.125,0.125,0.125
158,158.0,158.5,0.125,0.125,0.125,0.125,0.125,0.125,0.125,0.125
159,159.0,159.5,0.125,0.125,0.125,0.125,0.125,0.125,0.125,0.125
160,160.0,160.5,0.125,0.125,0.125,0.125,0.125,0.125,0.125,0.125
161,161.0,161.5,0.125,0.125,0.125,0.125,0.125,0.125,0.125,0.125
162,162.0,162.5,0.125,0.125,0.125,0.125,0.125,0.125,0.125,0.125
163,163.0,163.5,0.125,0.125,0.125,0.125,0.125,0.125,0.125,0.125
164,164.0,164.6,0.125,0.125,0.125,0.125,0.125,0.125,0.125,0.125
165,165.0,165.6,0.125,0.125,0.125,0.125,0.125,0.125,0.125,0.125
166,166.0,166.6,0.125,0.125,0.125,0.125,0.125,0.125,0.125,0.125
167,167.0,167.6,0.125,0.125,0.125,0.125,0.125,0.125,0.125,0.125
168,168.0,168.6,0.125,0.125,0.125,0.125,0.125,0.125,0.125,0.125
169,169.0,169.6,0.125,0.125,0.125,0.125,0.125,0.125,0.125,0.125
170,170.0,170.6,0.125,0.125,0.125,0.125,0.125,0.125,0.125,0.125
171,171.0,171.6,0.125,0.125,0.125,0.125,0.125,0.125,0.125,0.125
172,172.0,172.6,0.125,0.125,0.125,0.125,0.125,0.125,0.125,0.125
173,173.0,173.6,0.125,0.125,0.125,0.125,0.125,0.125,0.125,0.125
174,174.0,174.6,0.125,0.125,0.125,0.125,0.125,0.125,0.125,0.125
175,175.0,175.6,0.125,0.125,0.125,0.125,0.125,0.125,0.125,0.125
176,176.0,176.6,0.125,0.125,0.125,0.125,0.125,0.125,0.125,0.125
177,177.0,177.6,0.125,0.125,0.125,0.125,0.125,0.125,0.125,0.125
178,178.0,178.6,0.125,0.125,0.125,0.125,0.125,0.125,0.125,0.125
179,179.0,179.6,0.125,0.125,0.125,0.125,0.125,0.125,0.125,0.125
180,180.0,180.6,0.125,0.125,0.125,0.125,0.125,0.125,0.125,0.125
181,181.0,181.6,0.125,0.125,0.125,0.125,0.125,0.125,0.125,0.125
182,182.0,182.6,0.125,0.125,0.125,0.125,0.125,0.125,0.125,0.125
183,183.0,183.6,0.125,0.125,0.125,0.125,0.125,0.125,0.125,0.125
184,184.0,184.6,0.125,0.125,0.125,0.125,0.125,0.125,0.125,0.125
185,185.0,185.6,0.125,0.125,0.125,0.125,0.125,0.125,0.125,0.125
186,186.0,186.6,0.125,0.125,0.125,0.125,0.125,0.125,0.125,0.125
187,187.0,187.6,0.125,0.125,0.125,0.125,0.125,0.125,0.125,0.125
188,188.0,188.6,0.125,0.125,0.125,0.125,0.125,0.125,0.125,0.125
189,189.0,189.6,0.125,0.125,0.125,0.125,0.125,0.125,0.125,0.125
190,190.0,190.6,0.125,0.125,0.125,0.125,0.125,0.125,0.125,0.125
191,191.0,191.6,0.125,0.125,0.125,0.125,0.125,0.125,0.125,0.125
192,192.0,192.6,0.125,0.125,0.125,0.125,0.125,0.125,0.125,0.125
193,193.0,193.6,0.125,0.125,0.125,0.125,0.125,0.125,0.125,0.125
194,194.0,194.6,0.125,0.125,0.125,0.125,0.125,0.125,0.125,0.125
195,195.0,195.6,0.125,0.125,0.125,0.125,0.125,0.125,0.125,0.125
196,196.0,196.6,0.125,0.125,0.125,0.125,0.125,0.125,0.125,0.125
197,197.0,197.6,0.125,0.125,0.125,0.125,0.125,0.125,0.125,0.125
198,198.0,198.6,0.125,0.125,0.125,0.125,0.125,0.125,0.125,0.125
199,199.0,199.6,0.12487113402061856,0.12487113402061856,0.1259020618556701,0.12487113402061856,0.12487113402061856,0.12487113402061856,0.12487113402061856,0.12487113402061856
200,200.0,200.6,0.12209335624284076,0.12209335624284076,0.13423539518900346,0.12209335624284076,0.12209335624284076,0.1332044673539519,0.12209335624284076,0.12209335624284076
201,201.0,201.6,0.12106242840778922,0.12209335624284076,0.13423539518900346,0.12312428407789233,0.12209335624284076,0.1332044673539519,0.12209335624284076,0.12209335624284076
202,202.0,202.6,0.12085600907029478,0.13085600907029477,0.13187641723356008,0.12187641723356009,0.12085600907029478,0.1319671201814059,0.12085600907029478,0.12085600907029478
203,203.0,203.6,0.11843434343434342,0.1366161616161616,0.13964646464646463,0.11944444444444444,0.11843434343434342,0.12954545454545455,0.11843434343434342,0.11944444444444444
204,204.0,204.6,0.11843434343434342,0.1366161616161616,0.13964646464646463,0.11944444444444444,0.11843434343434342,0.12954545454545455,0.11843434343434342,0.11944444444444444
205,205.0,205.6,0.11843434343434342,0.1366161616161616,0.13964646464646463,0.11944444444444444,0.11843434343434342,0.12954545454545455,0.11843434343434342,0.11944444444444444
206,206.0,206.6,0.11843434343434342,0.1366161616161616,0.13964646464646463,0.11944444444444444,0.11843434343434342,0.12954545454545455,0.11843434343434342,0.11944444444444444
207,207.0,207.6,0.11843434343434342,0.1366161616161616,0.13964646464646463,0.11944444444444444,0.11843434343434342,0.12954545454545455,0.11843434343434342,0.11944444444444444
208,208.0,208.6,0.11517676767676768,0.14017676767676768,0.134520202020202,0.11618686868686867,0.11517676767676768,0.1362878787878788,0.11517676767676768,0.1272979797979798
209,209.0,209.6,0.11542668957617411,0.1404266895761741,0.13376002290950745,0.11645761741122565,0.11645761741122565,0.13550687285223367,0.11542668957617411,0.1265378006872852
210,210.0,210.6,0.11387657302605755,0.14464580379528832,0.13065978980927434,0.1149075008611091,0.1149075008611091,0.1421385744839353,0.11387657302605755,0.12498768413716868
211,211.0,211.6,0.11173010837959292,0.14353026698387522,0.12775574940523393,0.12387214732575558,0.12387214732575555,0.14681029165565246,0.11069918054454138,0.11173010837959292
212,212.0,212.6,0.11108908273856725,0.14288924134284958,0.13416600581549035,0.12323112168472994,0.12323112168472991,0.1442461890915499,0.11005815490351571,0.11108908273856725
213,213.0,213.6,0.11871341716702541,0.14233979079339903,0.13251765416713868,0.12268167113527939,0.12268167113527936,0.14101745905869617,0.10950870435406516,0.11053963218911671
214,214.0,214.6,0.11762428048142333,0.14172684458398743,0.13762951334379905,0.12206872492586776,0.12308913308913308,0.13900750043607185,0.10891679748822605,0.10993720565149137
215,215.0,215.6,0.11596371882086168,0.1450113378684807,0.14541950113378682,0.1204081632653061,0.12142857142857141,0.1362358276643991,0.10725623582766439,0.10827664399092969
216,216.0,216.6,0.11513038548752834,0.14561507936507936,0.14375283446712017,0.11897108843537416,0.12101190476190475,0.13456916099773245,0.10683956916099772,0.11410997732426305
217,217.0,217.6,0.11335200746965453,0.15133689839572192,0.1491808844750021,0.11757066462948815,0.11959086664969017,0.1311773194126135,0.10544945250827605,0.11234190645955351
218,218.0,218.6,0.11211824123588829,0.1539126559714795,0.15476530005941772,0.1163368983957219,0.11835710041592395,0.12918597742127153,0.1042156862745098,0.11110814022578727
219,219.0,219.6,0.11031268568033274,0.14919043374925728,0.15295974450386216,0.10342023172905526,0.11655154486036841,0.14474153297682707,0.10241013071895426,0.12041369578134284
220,220.0,220.6,0.10878524486717764,0.15638601594483947,0.15052963493089544,0.10290289192600117,0.1170752275269082,0.14356255322641878,0.10086207559947055,0.11989635597828877
221,221.0,221.6,0.10813165009593581,0.15605921855921856,0.14889564800279087,0.10257609454038026,0.11674843014128729,0.14781091923949066,0.10053527821384964,0.11924276120704691
222,222.0,222.6,0.11377261430888144,0.15760909627008698,0.1448682104420716,0.10136659927128747,0.1155389348721945,0.1497778936135858,0.09932578294475684,0.11774086827713541
223,223.0,223.6,0.11324629851940778,0.1573459383753501,0.14355242096838736,0.11221455248766174,0.11527577697745764,0.14208783513405362,0.09906262505002002,0.11721455248766173
224,224.0,224.6,0.11688775510204082,0.15305555555555556,0.13854308390022677,0.10942743764172336,0.12359977324263036,0.13865646258503403,0.09738662131519274,0.12244331065759637
225,225.0,225.6,0.11645485466914038,0.15283910533910533,0.13724438260152547,0.10921098742527313,0.12792877757163473,0.13714131106988253,0.09717017109874251,0.12201041022469594
226,226.0,226.6,0.11645485466914038,0.15283910533910533,0.13724438260152547,0.10921098742527313,0.12792877757163473,0.13714131106988253,0.09717017109874251,0.12201041022469594
227,227.0,227.6,0.11443465264893833,0.1508189033189033,0.14431508967223255,0.1062816944959802,0.11934291898577612,0.14966656359513503,0.09514996907854048,0.11999020820449388
228,228.0,228.6,0.11338540686366771,0.1500098029989334,0.14859777903256163,0.1054300771692076,0.12673689535102578,0.15082776522993913,0.0932141680782985,0.11179810527636613
229,229.0,229.6,0.11091787439613525,0.14754227053140095,0.15108695652173912,0.11101449275362316,0.1224728260869565,0.15593599033816424,0.09122282608695649,0.10980676328502412
230,230.0,230.6,0.11298030471943514,0.14626021924934968,0.1491638795986622,0.10845039018952059,0.1192676978818283,0.16541202155332585,0.08994077480490521,0.10852471200297284
231,231.0,231.6,0.1103113553113553,0.1623946886446886,0.1503052503052503,0.10633089133089131,0.1160492979242979,0.1605631868131868,0.08782127594627592,0.1062240537240537
232,232.0,232.6,0.1103113553113553,0.15572802197802196,0.15697191697191698,0.10633089133089131,0.1160492979242979,0.1605631868131868,0.08782127594627592,0.1062240537240537
233,233.0,233.6,0.11745421245421243,0.15572802197802196,0.15697191697191698,0.10633089133089131,0.1160492979242979,0.15342032967032965,0.08782127594627592,0.1062240537240537
234,234.0,234.6,0.11468253968253968,0.15337301587301583,0.158234126984127,0.11001984126984125,0.11314484126984126,0.15009920634920634,0.09657738095238091,0.10386904761904758
235,235.0,235.6,0.10728057889822593,0.15633870214752565,0.16454948646125117,0.1085410830999066,0.1116660830999066,0.14825280112044817,0.10098097572362275,0.10239028944911295
236,236.0,236.6,0.10353940778863377,0.1661997183243313,0.16994251448585812,0.10575229294269542,0.10792491199031444,0.1499585807209646,0.09819218556641154,0.09849038818079063
237,237.0,237.6,0.11560736923894817,0.16443752300331244,0.16667807630965523,0.09885523248681141,0.10762125812783704,0.14413582178055864,0.0970122837688627,0.1056524352840142
238,238.0,238.6,0.11457633010264587,0.1639912791886476,0.1597266184108289,0.09840898867214655,0.11626592340408126,0.14570487261276732,0.09627364229337912,0.10505234531550318
239,239.0,239.6,0.11178792941950835,0.16152106908685854,0.16271385534543426,0.09559745322903215,0.11324626275284169,0.16041609706083387,0.08318673894331788,0.11153059416217308
240,240.0,240.6,0.11612396375554268,0.1655757181415076,0.1699334875650665,0.09271737034894927,0.10972515423173315,0.15473178137651816,0.08006856082513973,0.11112396375554268
241,241.0,241.6,0.11471043475580678,0.16331303829262084,0.17422976599927595,0.0917367417821138,0.10874452566489767,0.15218002279027684,0.07887148204185405,0.1162139886731538
242,242.0,242.6,0.11294530057648496,0.15623025837231233,0.17017214170137707,0.09036686451978804,0.1150669560948796,0.16326801946179753,0.07730397632103028,0.11464648295233001
243,243.0,243.6,0.11317168338907466,0.16359949832775916,0.1725808249721293,0.0911426978818283,0.11529333890746932,0.1607148829431438,0.07698090858416944,0.10651616499442584
244,244.0,244.6,0.11207875457875456,0.1681822344322344,0.17438644688644686,0.0904120879120879,0.11456272893772892,0.15980311355311352,0.07606913919413918,0.10450549450549447
245,245.0,245.6,0.11776923076923076,0.16546794871794868,0.17607692307692305,0.08976923076923074,0.11391987179487177,0.1589935897435897,0.07525961538461537,0.10274358974358973
246,246.0,246.6,0.1158333333333333,0.17253205128205124,0.1718910256410256,0.0885576923076923,0.120400641025641,0.1563461538461538,0.07389423076923074,0.10054487179487177
247,247.0,247.6,0.1011385836385836,0.17219627594627593,0.18002085877085874,0.08978886853886851,0.12044134106634104,0.15569495319495313,0.08036757224257221,0.10035154660154658
248,248.0,248.6,0.09943223443223441,0.17007326007326004,0.17597985347985345,0.08876373626373626,0.12435668498168495,0.1598351648351648,0.08236492673992672,0.09919413919413918
249,249.0,249.6,0.0974374526485532,0.17212259593663765,0.172395096996615,0.0875042485977021,0.12782758947251355,0.1590010408629953,0.08073779201506905,0.10297418346991401
250,250.0,250.6,0.09631359329761965,0.16969154704322043,0.17593171928364626,0.08695349205110867,0.12727683292592012,0.1571174541876874,0.07994073004975641,0.10677463116104088
251,251.0,251.6,0.09528927342007835,0.17276079441714115,0.17289376258416506,0.08645145489185736,0.12677479576666878,0.15839441389363984,0.08254214116636717,0.1048933638600821
252,252.0,252.6,0.09561286033284933,0.1800696754475592,0.18310349750452615,0.08662244850924566,0.1155487305605277,0.15141688241183893,0.0827582011974177,0.10486770403603518
253,253.0,253.6,0.0947935326017569,0.17814740653999614,0.18450055632805556,0.09450410117031009,0.10602842243727839,0.15575511770595657,0.08193887346632527,0.1043319897503209
254,254.0,254.6,0.09369292569232646,0.17606640747370295,0.18400219031498366,0.09373029164650055,0.10978892663895908,0.158402176529486,0.08083826655689483,0.1034788151471463
255,255.0,255.6,0.09298863387679175,0.17536211565816825,0.18798823874481768,0.09322761273419167,0.10895945034102927,0.15551552564710455,0.08315816828974723,0.10280025470814942
256,256.0,256.6,0.09175622622991043,0.1732525150288308,0.19430806036069193,0.09247699668752299,0.10703924365108572,0.15228361550729969,0.08699952459820878,0.10188381793644949
257,257.0,257.6,0.09063189648328965,0.1763387115979995,0.1951349527665317,0.08346074462173532,0.10530369333968403,0.16265192109232357,0.08543378383742159,0.10104429626101452
258,258.0,258.6,0.08896038172353961,0.17847672064777326,0.19286389049546943,0.08860564873722768,0.10308596009253901,0.16502048390206278,0.08335610661268554,0.09963080778870251
259,259.0,259.6,0.09301196022633759,0.17690059352286563,0.19154987930340944,0.08832822291102135,0.10215918361698206,0.1661119737130648,0.0826457803535788,0.09929240635274009
260,260.0,260.6,0.09212290760345679,0.17522102706599268,0.1916561610268704,0.08799315736386673,0.0964693279324286,0.1761195177184879,0.08159799757196781,0.09881990371692886
261,261.0,261.6,0.09979450412742943,0.17345586469668475,0.1902394486268415,0.08746510166644804,0.09539779397414033,0.17275298082060625,0.0804073227336691,0.10048698335418041
262,262.0,262.6,0.09851920927776389,0.1758781983055172,0.18989848659137148,0.08702968278594907,0.09446237509364137,0.17487753172891002,0.07935407549849967,0.09998044071834715
263,263.0,263.6,0.09770139551258168,0.17829115377110424,0.19321732034839373,0.08680836024883705,0.0937795140949909,0.17195545910549098,0.07855515512063192,0.09969164179796927
264,264.0,264.6,0.09745623369765244,0.178045991956175,0.1908028356083276,0.08669140356211294,0.09366255740826676,0.1732543152880681,0.07818178817749755,0.10190487430189946
265,265.0,265.6,0.09647360923676711,0.1802359799070325,0.1906548957864747,0.08631728894886788,0.09286109236767129,0.1745046108861898,0.07752277327935223,0.10142974958764431
266,266.0,266.7,0.09609196672468982,0.18219491710510013,0.1910220455449288,0.08610231310345726,0.09264611652226067,0.1760166881808758,0.07480779743394159,0.10111815538474575
267,267.0,267.7,0.09624237322875487,0.18620287346671502,0.19546888732103887,0.08011826057062424,0.09307232039968405,0.16408846915509576,0.07505107448209666,0.10975574137599027
268,268.0,268.7,0.09595747294385457,0.1860604233242649,0.19432928618143772,0.07997581042817409,0.09292987025723391,0.1625215175881442,0.07861232804335024,0.1096132912335401
269,269.0,269.7,0.09505189703827867,0.1852871225509641,0.19263005948221104,0.07792045837282204,0.09984887717624084,0.15978443985106647,0.07770675213777434,0.11177039339064228
270,270.0,270.7,0.09232031376030538,0.18507146290358417,0.19284742800159876,0.07775105219445225,0.09967947099787104,0.16353075132725067,0.07741419325004495,0.11138532756489254
271,271.0,271.7,0.09192995844311631,0.18469365186470446,0.1896033084848874,0.07753371141529034,0.09946213021870916,0.16664034552192442,0.07928864629522522,0.11084824775614247
272,272.0,272.7,0.08807299576140279,0.1881462085979921,0.18970712908289405,0.07743582342288408,0.09936424222630288,0.16570892644266483,0.08101009068693539,0.11055458377892366
273,273.0,273.7,0.08752964579280366,0.1898901405611932,0.19300241863399759,0.07720987784145678,0.09874147124805017,0.16121778659936553,0.08226736202394094,0.11014129729919202
274,274.0,274.7,0.08717436624207818,0.18955266715540858,0.19312382242523057,0.07701263022295678,0.09854422362955018,0.16129228873648624,0.08168213594915132,0.11161786563913796
275,275.0,275.7,0.08646896946263709,0.19107880902666075,0.1952436243922573,0.07670265449259175,0.10286478977110632,0.15588741307483905,0.08075639685218117,0.11099734292772641
276,276.0,276.7,0.0859126888768808,0.19315373509039213,0.1989978000066405,0.07628732434554261,0.10221136438596197,0.15316234491346103,0.0799887869189009,0.11028595546221973
277,277.0,277.7,0.08542933305873149,0.1905506774263207,0.20149520612576127,0.07593742132824285,0.10164501115221199,0.15581162512844843,0.07937245237734733,0.10975827340293569
278,278.0,278.7,0.079249160388915,0.18886367665438236,0.19632973243898627,0.0778059920284534,0.10193433651005875,0.15796126348265255,0.08409036971276371,0.11376546878378772
279,279.0,279.7,0.07790091558062325,0.19534778831056604,0.1952125998091156,0.07671361731013313,0.09961029023748627,0.1579691657588793,0.08566807429281591,0.11157754870038028
280,280.0,280.7,0.07730523539927561,0.19592542390530004,0.1930189682608413,0.07635876571828581,0.09859070045022056,0.16307185654902367,0.0846857940820789,0.11104325563497389
281,281.0,281.7,0.07843714373861431,0.19228341266576557,0.1906341379209026,0.07682515278838806,0.09872375418698946,0.1700606623768388,0.08502045013809718,0.10801528618440381
282,282.0,282.7,0.07821072864427468,0.19417455925502536,0.1893917576596544,0.07663502216429516,0.09822593125520425,0.1709242327687111,0.08468518163301736,0.10775258661981746
283,283.0,283.7,0.07796706897906587,0.1952802289586345,0.18930106164045787,0.07818068906497697,0.0977323119060735,0.17300959453629727,0.0811490435232695,0.10738000139122428
284,284.0,284.7,0.08069191902009237,0.20158209566491297,0.18485741296886807,0.07800917348904964,0.09701215515650499,0.17282113784048764,0.08367818649358895,0.1013479193664952
285,285.0,285.7,0.08023645156665331,0.2013648332113422,0.18363750098163462,0.07776442668750769,0.09625372325709944,0.17155510164544535,0.08814972515029895,0.1010382375000182
286,286.0,286.7,0.08510816431708923,0.1990167554442402,0.18261499881682433,0.07737713323413117,0.09589667783760072,0.17234748151330298,0.08770193562916684,0.09993685320764426
287,287.0,287.7,0.08507894164029203,0.19895831009064582,0.18185207821901186,0.07731868788053678,0.10059434591710603,0.17173380530056187,0.08464386845138984,0.09981996250045547
288,288.0,288.7,0.08114098620677565,0.20535564216485266,0.18428634961529694,0.07707228078938604,0.09668360148623305,0.17231543675622615,0.08418139974061023,0.098964303240619
289,289.0,289.7,0.0831318555823926,0.21458180590529374,0.2003920208301214,0.06446120332779459,0.09132129306062317,0.16647908565588043,0.08632335580222802,0.09330937983566585
290,290.0,290.7,0.08076159684711667,0.21144367306958092,0.21038943258893528,0.0627799707420855,0.08925125868236675,0.1654422683370697,0.084159946829866,0.09577185290297896
291,291.0,291.7,0.08361548131390438,0.21004070327951432,0.20823424011116215,0.061495699457814204,0.09697597124578897,0.16140979358156934,0.08444108331789904,0.0937870276923473
292,292.0,292.7,0.0819665852707236,0.21326358780499355,0.20272190145773572,0.06043968879012751,0.09506157836891364,0.1627909271264064,0.08328426619859944,0.10047146498249986
293,293.0,293.7,0.08105374301010074,0.21229894389762607,0.2013871439439201,0.06739062440927808,0.09336546295659656,0.16329005039230196,0.08218340947545352,0.09903062191472274
294,294.0,294.7,0.0802205645484098,0.21292199728021338,0.2011781097738578,0.06614639516493734,0.09184788117892337,0.16176654707185395,0.08109535551830946,0.10482314946349472
295,295.0,295.7,0.08019652608687133,0.21602295881867492,0.20201945592770398,0.06609831824186041,0.09182384271738489,0.1581127009180078,0.08099920167215562,0.10472699561734085
296,296.0,296.7,0.08247455443107614,0.21714667578798014,0.20190027363940405,0.06587296761209802,0.09152710514123555,0.15872303421216463,0.0851272549913854,0.0972281341846559
297,297.0,297.7,0.08189302844575908,0.21639814681743444,0.2008713110138439,0.06556782260110663,0.09236425242489905,0.1618181150270241,0.08434357278781374,0.0967437508821189
298,298.0,298.7,0.0808639206158327,0.2152234733950225,0.19846660849147965,0.07099168482434974,0.09076707089251708,0.16285740269165275,0.08550074795477978,0.09532909113436557
299,299.0,299.7,0.08033750383864798,0.21734807621821348,0.19595190215327513,0.07071489659590344,0.09015302790903475,0.1643126137147876,0.08470732785521114,0.09647465171492628
300,300.0,300.7,0.08665800831322222,0.21674914360619946,0.19244696241287024,0.07055964894792324,0.08967641965626372,0.1634976376091138,0.08416718014936575,0.09624499930504132
301,301.0,301.7,0.08481749705290895,0.21819817887109078,0.18973523854101654,0.07525451164967754,0.08825540877886415,0.16639536093197418,0.08278075376187502,0.09456305041259273
302,302.0,302.7,0.08472931673589565,0.21676047088876033,0.19297184175473645,0.07514562739891685,0.0880790481448376,0.16540542790542787,0.0824955088770878,0.09441275829433722
303,303.0,303.7,0.08395047058204952,0.22154732986311929,0.19169940585730055,0.07489081970660916,0.0877360994268889,0.16459773559773558,0.08199230374888268,0.09358583521741416
304,304.0,304.7,0.08393034985770345,0.22152720913877327,0.1910756634025722,0.07485057825791701,0.08769585797819673,0.17175316819330902,0.07566182085149836,0.09350535232002985
305,305.0,305.7,0.08242515654280358,0.22307252388134735,0.1928583344759815,0.07900189679601441,0.08670011769276473,0.16907336944101647,0.0749271276109511,0.09194147355912059
306,306.0,306.7,0.08171498085881646,0.23349528388911947,0.19355564780222315,0.08351413680180801,0.07732095498362623,0.16963579862552464,0.0748712870716295,0.08589190996725242
307,307.0,307.7,0.08576515425477135,0.22768342732570504,0.19376871334366466,0.09145573314619386,0.07595579132040844,0.16778728821314803,0.0734752616343304,0.08410863076177806
308,308.0,308.7,0.084856207188627,0.23284997301572977,0.19486639952675083,0.09122834185364932,0.07552143707368449,0.16438131400317968,0.07300958197703587,0.08328674536134291
309,309.0,309.7,0.08400932146153162,0.2281525558650635,0.1977473449401646,0.09108327582911775,0.07530933215900704,0.16570828985281735,0.07546797261840932,0.0825219072738886
310,310.0,310.7,0.08239264201057943,0.2270207219439589,0.19967537090594534,0.08932990010842978,0.08238861718500404,0.1640776700402727,0.07408118982315706,0.08103388798265247
311,311.0,311.7,0.08104350247883621,0.23315919234452606,0.19881108983371498,0.08790622604823502,0.08080167781868679,0.16321338896804236,0.07521690875092671,0.0798480137570317
312,312.0,312.7,0.08024070700541286,0.23787326235855638,0.19959586165468515,0.08768006503300618,0.0804186540583599,0.16025978106860456,0.074780852317617,0.07915081650375766
313,313.0,313.7,0.07941504270163639,0.23568910360805023,0.20146433290072138,0.08740045749963668,0.07992411439829357,0.1581325968073574,0.07410714390109051,0.08386720818321362
314,314.0,314.7,0.08183578899431118,0.23273169864022086,0.20076361639211213,0.08728396689170899,0.07980762379036588,0.1603210164790235,0.07395819629868051,0.08329809251357674
315,315.0,315.7,0.08179554754561905,0.23267133646718258,0.20132699667380227,0.08726384616736291,0.07976738234167373,0.16011980923556274,0.07383747195260405,0.08321760961619243
316,316.0,316.7,0.07658778202850731,0.23304642624990732,0.19954578020270958,0.0937620091617962,0.08167596301067565,0.15316424106377158,0.07461837185812001,0.08759942642451209
317,317.0,317.7,0.07816392077445737,0.23186225751856876,0.20345610991492608,0.09367656351031282,0.0789507549552789,0.1520493182507356,0.07437759935319657,0.08746347572252365
318,318.0,318.7,0.07740949191760967,0.23024651600463378,0.2014957035107007,0.09732502248256235,0.07786163864417853,0.15380957558310332,0.0754304451205249,0.0864216067366865
319,319.0,319.7,0.07639986011017873,0.22986112353844845,0.20165618717474154,0.09455016304176604,0.0769059886223096,0.15183941818955188,0.07453715835844,0.09425010096456352
320,320.0,320.7,0.07627418430321466,0.22971693606913712,0.19891095762962985,0.094487325138284,0.0768246390564803,0.15407260662039274,0.07433743590208683,0.09537591528077423
321,321.0,321.7,0.07571054893675735,0.2308422528126846,0.2001979926013512,0.09432402078850874,0.076643316688687,0.15369289056053487,0.07400987888579849,0.09457909872567746
322,322.0,322.7,0.0756134841849307,0.23074518806085792,0.19897394372254046,0.09425234026444726,0.07657163616462552,0.15558196841389843,0.07386651783767556,0.09439492135102392
323,323.0,323.7,0.0756134841849307,0.23074518806085792,0.19897394372254046,0.09425234026444726,0.07657163616462552,0.15558196841389843,0.07386651783767556,0.09439492135102392
324,324.0,324.7,0.07564952022096674,0.23079924211491196,0.19719883528076534,0.09427035828246529,0.07660767220066157,0.15834806784666455,0.07397462594578365,0.09315167810778066
325,325.0,325.7,0.07591251603274306,0.23306252535380495,0.19516569904031206,0.09436500392589142,0.07683699797876783,0.15881493160621124,0.07253502670130635,0.09330729936096291
326,326.0,326.7,0.07248285355430008,0.2359882665051559,0.1902417928725034,0.09777035828246529,0.08013418735217671,0.15994941919801592,0.07078144412760182,0.09265167810778067
327,327.0,327.7,0.07215018563583842,0.23652436140282546,0.19069909003262472,0.09749725302198305,0.07968120056970769,0.15924493883392923,0.0718018774890707,0.09240109301402055
328,328.0,328.7,0.07312660686683378,0.23703940190928222,0.18994184987883816,0.09723148076535906,0.07924169853409077,0.15976358729034928,0.07149817530892824,0.09215719944631828
329,329.0,329.7,0.07299340673363365,0.23682295169283202,0.18982529976228807,0.09831373184761015,0.07902524831764055,0.15963038715714917,0.07138162519237812,0.09200734929646812
330,330.0,330.7,0.07282754271966838,0.234118902784399,0.19277028673810412,0.09808474336545711,0.07877824181746948,0.16048916224011214,0.07115991760358192,0.09177120273120765
331,331.0,331.7,0.07277811191373788,0.23405192811881942,0.19148200579478197,0.09803851333254351,0.07871446792490677,0.16099579025593483,0.0709972820991582,0.09294190056011727
332,332.0,332.7,0.07256244736050525,0.23472661640693784,0.19193808329260173,0.09799117712368278,0.07849880337167414,0.1606999880545065,0.07077376091374955,0.092809123476342
333,333.0,333.7,0.07256244736050525,0.23472661640693784,0.19193808329260173,0.09799117712368278,0.07849880337167414,0.1606999880545065,0.07077376091374955,0.092809123476342
334,334.0,334.7,0.07331034652016913,0.23785546794755405,0.18918178077159334,0.09707829551534325,0.07885174454814473,0.15708094043545887,0.07147964326669073,0.09516178099504566
335,335.0,335.7,0.07478348031095464,0.23746997889765092,0.19137296280814065,0.09680569133089643,0.07856331757888779,0.1537684262060098,0.07245342223956924,0.09478272062789028
336,336.0,336.7,0.07440879933963268,0.2379073903965648,0.19242132082957303,0.09654790263162784,0.0781273333802178,0.1540817251990328,0.07205971300108452,0.09444581522226628
337,337.0,337.7,0.0740581565832551,0.23834094682707224,0.19267407503387646,0.09632275707346466,0.07772966068084773,0.15497586319290688,0.07172890201845418,0.09416963859012255
338,338.0,338.7,0.07374935640854588,0.23880567659781454,0.1924451786406265,0.09611911965293087,0.07857953759755093,0.1548036750400556,0.07150206905685969,0.0939953870056158
339,339.0,339.7,0.07360296614586767,0.23857174811716503,0.19157389967303823,0.09593117982853382,0.07834708881507926,0.155733234144466,0.07248286384541716,0.09375701943043262
340,340.0,340.7,0.07357210194833678,0.23852545182086873,0.19209859103106294,0.09591574772976838,0.0783162246175484,0.15551718476174997,0.07239027125282457,0.09366442683784001
341,341.0,341.7,0.07354199053611157,0.23848028470253085,0.19139097284376994,0.09590069202365578,0.07950562540044512,0.1553064048761733,0.07229993701614887,0.09357409260116431
342,342.0,342.7,0.07351260470008451,0.2384362059484903,0.19070040569713465,0.09588599910564224,0.07946154664640456,0.15510070402398407,0.07221177950806777,0.09469075437019163
343,343.0,343.7,0.07362334667129163,0.23860231890530095,0.19142022850998072,0.0959413700912458,0.0795169176320081,0.15609738176484786,0.07232252147927486,0.0924759149460499
344,344.0,344.7,0.0752626909335867,0.23860231890530095,0.18978088424768563,0.0959413700912458,0.0795169176320081,0.15609738176484786,0.07232252147927486,0.0924759149460499
345,345.0,345.7,0.07669345170351115,0.23766807930926218,0.19041856932134366,0.09592962197277069,0.07940235016711689,0.15503068834893788,0.07230491484140143,0.09255232433565588
346,346.0,346.7,0.07651843094671948,0.2383635142616359,0.18885787982358887,0.09601480831377004,0.07935952831559191,0.15571345543614362,0.07242408424639044,0.09274829865615945
347,347.0,347.7,0.07628087357437296,0.23896921085754333,0.18949674480733342,0.09596132055320399,0.07918203261851792,0.15517618731604418,0.07226750555065511,0.09266612472232891
348,348.0,348.7,0.07614621415611751,0.23944954895279408,0.1902091873772093,0.09601965614302885,0.07909079006462344,0.15521138102575302,0.06996338191878866,0.09390984036168486
349,349.0,349.7,0.07746665195509603,0.2447091901186868,0.19523370436413132,0.08971588201320362,0.07264177964498361,0.15383281842836166,0.07117375268790056,0.09522622078763628
350,350.0,350.7,0.07724975872930982,0.24526117975133568,0.1958567464765988,0.08966653699084874,0.07247936361403534,0.1533198006637909,0.07102983423975344,0.09513677953432711
351,351.0,351.7,0.07649218297173407,0.24223087672103266,0.19640869452854684,0.08890896123327299,0.07172178785645958,0.15006222490621512,0.07027225848217769,0.10390301330056087
352,352.0,352.7,0.07646417176725226,0.24218885991430997,0.19688585090834015,0.08889495563103209,0.0716797710497369,0.14990719737796246,0.0701882248687323,0.1037909684826337
353,353.0,353.7,0.07643681198613052,0.24214782024262735,0.1962292161614181,0.0888812757404712,0.07163873137805427,0.15087846960778464,0.07010614552536706,0.1036815293581467
354,354.0,354.7,0.07641008116549433,0.24210772401167305,0.1967371017535058,0.08886791033015311,0.07159863514709996,0.15067798845301317,0.07002595306345846,0.10357460607560191
355,355.0,355.7,0.07578652402485869,0.2510590191291326,0.20241669648881605,0.08860281489558723,0.07261418699333314,0.14385406287012786,0.06953524130387963,0.09613145429426458
