Total_iterations,Unnamed: 0.1,Intertwine_two,Add_vertex,Delete_vertex,Invert_path_vertices,Insert_inside_vertex,Delete_inside_vertex,Replace_inside_vertex,Donate_between_routes
0,0.0,0.125,0.125,0.125,0.125,0.125,0.125,0.125,0.125
1,1.0,0.125,0.125,0.125,0.125,0.125,0.125,0.125,0.125
2,2.0,0.125,0.125,0.125,0.125,0.125,0.125,0.125,0.125
3,3.0,0.125,0.125,0.125,0.125,0.125,0.125,0.125,0.125
4,4.0,0.125,0.125,0.125,0.125,0.125,0.125,0.125,0.125
5,5.0,0.125,0.125,0.125,0.125,0.125,0.125,0.125,0.125
6,6.0,0.125,0.125,0.125,0.125,0.125,0.125,0.125,0.125
7,7.0,0.125,0.125,0.125,0.125,0.125,0.125,0.125,0.125
8,8.0,0.125,0.125,0.125,0.125,0.125,0.125,0.125,0.125
9,9.0,0.125,0.125,0.125,0.125,0.125,0.125,0.125,0.125
10,10.0,0.125,0.125,0.125,0.125,0.125,0.125,0.125,0.125
11,11.0,0.125,0.125,0.125,0.125,0.125,0.125,0.125,0.125
12,12.0,0.125,0.125,0.125,0.125,0.125,0.125,0.125,0.125
13,13.0,0.125,0.125,0.125,0.125,0.125,0.125,0.125,0.125
14,14.0,0.125,0.125,0.125,0.125,0.125,0.125,0.125,0.125
15,15.0,0.125,0.125,0.125,0.125,0.125,0.125,0.125,0.125
16,16.0,0.125,0.125,0.125,0.125,0.125,0.125,0.125,0.125
17,17.0,0.125,0.125,0.125,0.125,0.125,0.125,0.125,0.125
18,18.0,0.125,0.125,0.125,0.125,0.125,0.125,0.125,0.125
19,19.0,0.125,0.125,0.125,0.125,0.125,0.125,0.125,0.125
20,20.0,0.125,0.125,0.125,0.125,0.125,0.125,0.125,0.125
21,21.0,0.125,0.125,0.125,0.125,0.125,0.125,0.125,0.125
22,22.0,0.125,0.125,0.125,0.125,0.125,0.125,0.125,0.125
23,23.0,0.125,0.125,0.125,0.125,0.125,0.125,0.125,0.125
24,24.0,0.125,0.125,0.125,0.125,0.125,0.125,0.125,0.125
25,25.0,0.125,0.125,0.125,0.125,0.125,0.125,0.125,0.125
26,26.0,0.125,0.125,0.125,0.125,0.125,0.125,0.125,0.125
27,27.0,0.125,0.125,0.125,0.125,0.125,0.125,0.125,0.125
28,28.0,0.125,0.125,0.125,0.125,0.125,0.125,0.125,0.125
29,29.0,0.125,0.125,0.125,0.125,0.125,0.125,0.125,0.125
30,30.0,0.125,0.125,0.125,0.125,0.125,0.125,0.125,0.125
31,31.0,0.125,0.125,0.125,0.125,0.125,0.125,0.125,0.125
32,32.0,0.125,0.125,0.125,0.125,0.125,0.125,0.125,0.125
33,33.0,0.125,0.125,0.125,0.125,0.125,0.125,0.125,0.125
34,34.0,0.125,0.125,0.125,0.125,0.125,0.125,0.125,0.125
35,35.0,0.125,0.125,0.125,0.125,0.125,0.125,0.125,0.125
36,36.0,0.125,0.125,0.125,0.125,0.125,0.125,0.125,0.125
37,37.0,0.125,0.125,0.125,0.125,0.125,0.125,0.125,0.125
38,38.0,0.125,0.125,0.125,0.125,0.125,0.125,0.125,0.125
39,39.0,0.125,0.125,0.125,0.125,0.125,0.125,0.125,0.125
40,40.0,0.125,0.125,0.125,0.125,0.125,0.125,0.125,0.125
41,41.0,0.125,0.125,0.125,0.125,0.125,0.125,0.125,0.125
42,42.0,0.125,0.125,0.125,0.125,0.125,0.125,0.125,0.125
43,43.0,0.125,0.125,0.125,0.125,0.125,0.125,0.125,0.125
44,44.0,0.125,0.125,0.125,0.125,0.125,0.125,0.125,0.125
45,45.0,0.125,0.125,0.125,0.125,0.125,0.125,0.125,0.125
46,46.0,0.125,0.125,0.125,0.125,0.125,0.125,0.125,0.125
47,47.0,0.125,0.125,0.125,0.125,0.125,0.125,0.125,0.125
48,48.0,0.125,0.125,0.125,0.125,0.125,0.125,0.125,0.125
49,49.0,0.125,0.125,0.125,0.125,0.125,0.125,0.125,0.125
50,50.0,0.125,0.125,0.125,0.125,0.125,0.125,0.125,0.125
51,51.0,0.125,0.125,0.125,0.125,0.125,0.125,0.125,0.125
52,52.0,0.125,0.125,0.125,0.125,0.125,0.125,0.125,0.125
53,53.0,0.125,0.125,0.125,0.125,0.125,0.125,0.125,0.125
54,54.0,0.125,0.125,0.125,0.125,0.125,0.125,0.125,0.125
55,55.0,0.125,0.125,0.125,0.125,0.125,0.125,0.125,0.125
56,56.0,0.125,0.125,0.125,0.125,0.125,0.125,0.125,0.125
57,57.0,0.125,0.125,0.125,0.125,0.125,0.125,0.125,0.125
58,58.0,0.125,0.125,0.125,0.125,0.125,0.125,0.125,0.125
59,59.0,0.125,0.125,0.125,0.125,0.125,0.125,0.125,0.125
60,60.0,0.125,0.125,0.125,0.125,0.125,0.125,0.125,0.125
61,61.0,0.125,0.125,0.125,0.125,0.125,0.125,0.125,0.125
62,62.0,0.125,0.125,0.125,0.125,0.125,0.125,0.125,0.125
63,63.0,0.125,0.125,0.125,0.125,0.125,0.125,0.125,0.125
64,64.0,0.125,0.125,0.125,0.125,0.125,0.125,0.125,0.125
65,65.0,0.125,0.125,0.125,0.125,0.125,0.125,0.125,0.125
66,66.0,0.125,0.125,0.125,0.125,0.125,0.125,0.125,0.125
67,67.0,0.125,0.125,0.125,0.125,0.125,0.125,0.125,0.125
68,68.0,0.125,0.125,0.125,0.125,0.125,0.125,0.125,0.125
69,69.0,0.125,0.125,0.125,0.125,0.125,0.125,0.125,0.125
70,70.0,0.125,0.125,0.125,0.125,0.125,0.125,0.125,0.125
71,71.0,0.125,0.125,0.125,0.125,0.125,0.125,0.125,0.125
72,72.0,0.125,0.125,0.125,0.125,0.125,0.125,0.125,0.125
73,73.0,0.125,0.125,0.125,0.125,0.125,0.125,0.125,0.125
74,74.0,0.125,0.125,0.125,0.125,0.125,0.125,0.125,0.125
75,75.0,0.125,0.125,0.125,0.125,0.125,0.125,0.125,0.125
76,76.0,0.125,0.125,0.125,0.125,0.125,0.125,0.125,0.125
77,77.0,0.125,0.125,0.125,0.125,0.125,0.125,0.125,0.125
78,78.0,0.125,0.125,0.125,0.125,0.125,0.125,0.125,0.125
79,79.0,0.125,0.125,0.125,0.125,0.125,0.125,0.125,0.125
80,80.0,0.125,0.125,0.125,0.125,0.125,0.125,0.125,0.125
81,81.0,0.125,0.125,0.125,0.125,0.125,0.125,0.125,0.125
82,82.0,0.125,0.125,0.125,0.125,0.125,0.125,0.125,0.125
83,83.0,0.125,0.125,0.125,0.125,0.125,0.125,0.125,0.125
84,84.0,0.125,0.125,0.125,0.125,0.125,0.125,0.125,0.125
85,85.0,0.125,0.125,0.125,0.125,0.125,0.125,0.125,0.125
86,86.0,0.125,0.125,0.125,0.125,0.125,0.125,0.125,0.125
87,87.0,0.125,0.125,0.125,0.125,0.125,0.125,0.125,0.125
88,88.0,0.125,0.125,0.125,0.125,0.125,0.125,0.125,0.125
89,89.0,0.125,0.125,0.125,0.125,0.125,0.125,0.125,0.125
90,90.0,0.125,0.125,0.125,0.125,0.125,0.125,0.125,0.125
91,91.0,0.125,0.125,0.125,0.125,0.125,0.125,0.125,0.125
92,92.0,0.125,0.125,0.125,0.125,0.125,0.125,0.125,0.125
93,93.0,0.125,0.125,0.125,0.125,0.125,0.125,0.125,0.125
94,94.0,0.125,0.125,0.125,0.125,0.125,0.125,0.125,0.125
95,95.0,0.125,0.125,0.125,0.125,0.125,0.125,0.125,0.125
96,96.0,0.125,0.125,0.125,0.125,0.125,0.125,0.125,0.125
97,97.0,0.125,0.125,0.125,0.125,0.125,0.125,0.125,0.125
98,98.0,0.125,0.125,0.125,0.125,0.125,0.125,0.125,0.125
99,99.0,0.125,0.125,0.125,0.125,0.125,0.125,0.125,0.125
100,100.0,0.125,0.125,0.125,0.125,0.125,0.125,0.125,0.125
101,101.0,0.125,0.125,0.125,0.125,0.125,0.125,0.125,0.125
102,102.0,0.125,0.125,0.125,0.125,0.125,0.125,0.125,0.125
103,103.0,0.125,0.125,0.125,0.125,0.125,0.125,0.125,0.125
104,104.0,0.125,0.125,0.125,0.125,0.125,0.125,0.125,0.125
105,105.0,0.125,0.125,0.125,0.125,0.125,0.125,0.125,0.125
106,106.0,0.125,0.125,0.125,0.125,0.125,0.125,0.125,0.125
107,107.0,0.125,0.125,0.125,0.125,0.125,0.125,0.125,0.125
108,108.0,0.125,0.125,0.125,0.125,0.125,0.125,0.125,0.125
109,109.0,0.125,0.125,0.125,0.125,0.125,0.125,0.125,0.125
110,110.0,0.125,0.125,0.125,0.125,0.125,0.125,0.125,0.125
111,111.0,0.125,0.125,0.125,0.125,0.125,0.125,0.125,0.125
112,112.0,0.125,0.125,0.125,0.125,0.125,0.125,0.125,0.125
113,113.0,0.125,0.125,0.125,0.125,0.125,0.125,0.125,0.125
114,114.0,0.125,0.125,0.125,0.125,0.125,0.125,0.125,0.125
115,115.0,0.125,0.125,0.125,0.125,0.125,0.125,0.125,0.125
116,116.0,0.125,0.125,0.125,0.125,0.125,0.125,0.125,0.125
117,117.0,0.125,0.125,0.125,0.125,0.125,0.125,0.125,0.125
118,118.0,0.125,0.125,0.125,0.125,0.125,0.125,0.125,0.125
119,119.0,0.125,0.125,0.125,0.125,0.125,0.125,0.125,0.125
120,120.0,0.125,0.125,0.125,0.125,0.125,0.125,0.125,0.125
121,121.0,0.125,0.125,0.125,0.125,0.125,0.125,0.125,0.125
122,122.0,0.125,0.125,0.125,0.125,0.125,0.125,0.125,0.125
123,123.0,0.125,0.125,0.125,0.125,0.125,0.125,0.125,0.125
124,124.0,0.125,0.125,0.125,0.125,0.125,0.125,0.125,0.125
125,125.0,0.125,0.125,0.125,0.125,0.125,0.125,0.125,0.125
126,126.0,0.125,0.125,0.125,0.125,0.125,0.125,0.125,0.125
127,127.0,0.125,0.125,0.125,0.125,0.125,0.125,0.125,0.125
128,128.0,0.125,0.125,0.125,0.125,0.125,0.125,0.125,0.125
129,129.0,0.125,0.125,0.125,0.125,0.125,0.125,0.125,0.125
130,130.0,0.125,0.125,0.125,0.125,0.125,0.125,0.125,0.125
131,131.0,0.125,0.125,0.125,0.125,0.125,0.125,0.125,0.125
132,132.0,0.125,0.125,0.125,0.125,0.125,0.125,0.125,0.125
133,133.0,0.125,0.125,0.125,0.125,0.125,0.125,0.125,0.125
134,134.0,0.125,0.125,0.125,0.125,0.125,0.125,0.125,0.125
135,135.0,0.125,0.125,0.125,0.125,0.125,0.125,0.125,0.125
136,136.0,0.125,0.125,0.125,0.125,0.125,0.125,0.125,0.125
137,137.0,0.125,0.125,0.125,0.125,0.125,0.125,0.125,0.125
138,138.0,0.125,0.125,0.125,0.125,0.125,0.125,0.125,0.125
139,139.0,0.125,0.125,0.125,0.125,0.125,0.125,0.125,0.125
140,140.0,0.125,0.125,0.125,0.125,0.125,0.125,0.125,0.125
141,141.0,0.125,0.125,0.125,0.125,0.125,0.125,0.125,0.125
142,142.0,0.125,0.125,0.125,0.125,0.125,0.125,0.125,0.125
143,143.0,0.125,0.125,0.125,0.125,0.125,0.125,0.125,0.125
144,144.0,0.125,0.125,0.125,0.125,0.125,0.125,0.125,0.125
145,145.0,0.125,0.125,0.125,0.125,0.125,0.125,0.125,0.125
146,146.0,0.125,0.125,0.125,0.125,0.125,0.125,0.125,0.125
147,147.0,0.125,0.125,0.125,0.125,0.125,0.125,0.125,0.125
148,148.0,0.125,0.125,0.125,0.125,0.125,0.125,0.125,0.125
149,149.0,0.125,0.125,0.125,0.125,0.125,0.125,0.125,0.125
150,150.0,0.125,0.125,0.125,0.125,0.125,0.125,0.125,0.125
151,151.0,0.125,0.125,0.125,0.125,0.125,0.125,0.125,0.125
152,152.0,0.125,0.125,0.125,0.125,0.125,0.125,0.125,0.125
153,153.0,0.125,0.125,0.125,0.125,0.125,0.125,0.125,0.125
154,154.0,0.125,0.125,0.125,0.125,0.125,0.125,0.125,0.125
155,155.0,0.125,0.125,0.125,0.125,0.125,0.125,0.125,0.125
156,156.0,0.125,0.125,0.125,0.125,0.125,0.125,0.125,0.125
157,157.0,0.125,0.125,0.125,0.125,0.125,0.125,0.125,0.125
158,158.0,0.125,0.125,0.125,0.125,0.125,0.125,0.125,0.125
159,159.0,0.125,0.125,0.125,0.125,0.125,0.125,0.125,0.125
160,160.0,0.125,0.125,0.125,0.125,0.125,0.125,0.125,0.125
161,161.0,0.125,0.125,0.125,0.125,0.125,0.125,0.125,0.125
162,162.0,0.125,0.125,0.125,0.125,0.125,0.125,0.125,0.125
163,163.0,0.125,0.125,0.125,0.125,0.125,0.125,0.125,0.125
164,164.0,0.125,0.125,0.125,0.125,0.125,0.125,0.125,0.125
165,165.0,0.125,0.125,0.125,0.125,0.125,0.125,0.125,0.125
166,166.0,0.125,0.125,0.125,0.125,0.125,0.125,0.125,0.125
167,167.0,0.125,0.125,0.125,0.125,0.125,0.125,0.125,0.125
168,168.0,0.125,0.125,0.125,0.125,0.125,0.125,0.125,0.125
169,169.0,0.125,0.125,0.125,0.125,0.125,0.125,0.125,0.125
170,170.0,0.125,0.125,0.125,0.125,0.125,0.125,0.125,0.125
171,171.0,0.125,0.125,0.125,0.125,0.125,0.125,0.125,0.125
172,172.0,0.125,0.125,0.125,0.125,0.125,0.125,0.125,0.125
173,173.0,0.125,0.125,0.125,0.125,0.125,0.125,0.125,0.125
174,174.0,0.125,0.125,0.125,0.125,0.125,0.125,0.125,0.125
175,175.0,0.125,0.125,0.125,0.125,0.125,0.125,0.125,0.125
176,176.0,0.125,0.125,0.125,0.125,0.125,0.125,0.125,0.125
177,177.0,0.125,0.125,0.125,0.125,0.125,0.125,0.125,0.125
178,178.0,0.125,0.125,0.125,0.125,0.125,0.125,0.125,0.125
179,179.0,0.125,0.125,0.125,0.125,0.125,0.125,0.125,0.125
180,180.0,0.125,0.125,0.125,0.125,0.125,0.125,0.125,0.125
181,181.0,0.125,0.125,0.125,0.125,0.125,0.125,0.125,0.125
182,182.0,0.125,0.125,0.125,0.125,0.125,0.125,0.125,0.125
183,183.0,0.125,0.125,0.125,0.125,0.125,0.125,0.125,0.125
184,184.0,0.125,0.125,0.125,0.125,0.125,0.125,0.125,0.125
185,185.0,0.125,0.125,0.125,0.125,0.125,0.125,0.125,0.125
186,186.0,0.125,0.125,0.125,0.125,0.125,0.125,0.125,0.125
187,187.0,0.125,0.125,0.125,0.125,0.125,0.125,0.125,0.125
188,188.0,0.125,0.125,0.125,0.125,0.125,0.125,0.125,0.125
189,189.0,0.125,0.125,0.125,0.125,0.125,0.125,0.125,0.125
190,190.0,0.125,0.125,0.125,0.125,0.125,0.125,0.125,0.125
191,191.0,0.125,0.125,0.125,0.125,0.125,0.125,0.125,0.125
192,192.0,0.125,0.125,0.125,0.125,0.125,0.125,0.125,0.125
193,193.0,0.125,0.125,0.125,0.125,0.125,0.125,0.125,0.125
194,194.0,0.125,0.125,0.125,0.125,0.125,0.125,0.125,0.125
195,195.0,0.125,0.125,0.125,0.125,0.125,0.125,0.125,0.125
196,196.0,0.125,0.125,0.125,0.125,0.125,0.125,0.125,0.125
197,197.0,0.125,0.125,0.125,0.125,0.125,0.125,0.125,0.125
198,198.0,0.125,0.125,0.125,0.125,0.125,0.125,0.125,0.125
199,199.0,0.1249871134020618,0.1249871134020618,0.125090206185567,0.1249871134020618,0.1249871134020618,0.1249871134020618,0.1249871134020618,0.1249871134020618
200,200.0,0.1246965778923253,0.1246965778923253,0.1260128436426117,0.1246965778923253,0.1246965778923253,0.1258076890034364,0.1246965778923253,0.1246965778923253
201,201.0,0.1243059709335624,0.1244090637170675,0.1269254428694158,0.1245121565005727,0.1244090637170675,0.1266201748281787,0.1244090637170675,0.1244090637170675
202,202.0,0.1239013473116686,0.1250034091673387,0.127583983901191,0.1242075118393354,0.1240034091673387,0.1272935202784498,0.1240034091673387,0.1240034091673387
203,203.0,0.1232645661059554,0.126172861326199,0.1289965999044029,0.1236668234192524,0.1233646795080172,0.1277041006191283,0.1233646795080172,0.1234656896090273
204,204.0,0.1226431607940973,0.1273298012720729,0.1303744529547142,0.1231379800514297,0.1227405194538911,0.1280920364650022,0.1227405194538911,0.1229415295549012
205,205.0,0.1220418078398275,0.1284639108268003,0.1317072408169119,0.1226250856643194,0.1221357136449821,0.1284557129070932,0.1221357136449821,0.1224348146550831
206,206.0,0.1214645155369298,0.1295661319339486,0.1329861421311854,0.1221316743037214,0.1215543747148577,0.1287939191213588,0.1215543747148577,0.1219488675431405
207,207.0,0.1209146507432961,0.1306286312272041,0.1342037565391843,0.1216607317805904,0.1209999693649405,0.1291058200684387,0.1209999693649405,0.1214864709114052
208,208.0,0.1200692117801786,0.1320008165010843,0.1348414103248298,0.1208889630606535,0.1201495907149515,0.1300651696898233,0.1201495907149515,0.1218352472135273
209,209.0,0.1192843844622794,0.133342534949274,0.135336068737795,0.1201744251414081,0.1194626066730254,0.1309127108464854,0.1193595138895202,0.1221277553002123
210,210.0,0.1183844512722974,0.1350428345208251,0.1354554775411576,0.1193391612817738,0.1186592594876622,0.132384609670709,0.118454104848487,0.1222801013770879
211,211.0,0.1173147861542048,0.1365575801468244,0.135224584546461,0.1194395718503609,0.1187951940810345,0.1342740299778141,0.1172757221451811,0.1211185310981191
212,212.0,0.1162321382060727,0.1379264755144917,0.1355831181408474,0.1195101645527407,0.1189042021834142,0.1358434606145769,0.1160853097320969,0.1199151310557594
213,213.0,0.1159687579409246,0.1391531639487309,0.1357267920877065,0.1195559625012573,0.118990633615624,0.1370171024691478,0.1148987219570902,0.1186888654795187
214,214.0,0.1156502486259921,0.1402277551870516,0.13633519317834,0.1195671431203213,0.1191460784751947,0.1379123878418946,0.11371770209697,0.1174434914742354
215,215.0,0.115217274395051,0.1415383275239589,0.1376746961405635,0.1194361653294783,0.1191593532288916,0.1384519285261413,0.1124407190107182,0.1160815358451969
216,216.0,0.1147517286981288,0.1428129468802806,0.1387910301898303,0.1191842978140846,0.119152326022549,0.1387486874666792,0.1111979227345944,0.115361060193853
217,217.0,0.1141586863370054,0.1445603075288824,0.1403881538777314,0.1188154425758546,0.1190224935130127,0.138634791089962,0.1098968108850749,0.1145233141924765
218,218.0,0.1134935047999442,0.1464582737788682,0.1424719340612567,0.1183476484586073,0.1187879513624202,0.1382585754350087,0.1085579600133627,0.1136241520905319
219,219.0,0.112700533225393,0.1477687650035592,0.1442897143308556,0.1166148595857892,0.1183919993618664,0.139384810920969,0.1071290159358776,0.1137203016356898
220,220.0,0.1118102362515309,0.1496819820127964,0.1457694059179279,0.1148716693413801,0.118069606283007,0.140334092103851,0.1056409719020235,0.1138220361874831
221,221.0,0.1109133595840872,0.1514382379218681,0.1469853319436122,0.1131504306086961,0.1177368289859105,0.1416455663809777,0.1042212635699671,0.1139089810048809
222,222.0,0.1106424499098009,0.1532200658174931,0.147696024771248,0.1113746228616881,0.1173064959031681,0.1430842441963863,0.1027857166906459,0.1138903798495694
223,223.0,0.1103773012679868,0.1548412854386077,0.14817579122546,0.1107611109751143,0.1168752047289165,0.1436769848764729,0.1014328093723243,0.1138595121151174
224,224.0,0.1105315031211315,0.1558963913449989,0.148060413624864,0.1099447732077295,0.1173034480210928,0.1438514227362247,0.100023890569129,0.1143881573748295
225,225.0,0.1106905572654808,0.1567959332812116,0.1477315303572111,0.1091832508397781,0.1181847306691672,0.1438049520569742,0.0987078459320689,0.114901199598108
226,226.0,0.1108913489694318,0.1575659527443819,0.1473306639387666,0.1084981580744768,0.1190753255214589,0.1436964920357778,0.0975080290103816,0.1154340297053245
227,227.0,0.1109256763579646,0.1580096815851622,0.1475760920558649,0.1075957735862842,0.1191068095504373,0.1447858514595674,0.0962227949997264,0.1157773204049929
228,228.0,0.1108867361920268,0.1582562197272049,0.1481926362734499,0.1066853250233307,0.1198769039073962,0.1459312022258141,0.0948617760309006,0.1153092006198767
229,229.0,0.1106299235026459,0.1581488866410074,0.1490004952457853,0.1064118103965728,0.1202121818166886,0.1475218060562999,0.0934212486802972,0.1146536476607028
230,230.0,0.110607914623468,0.1578180155741284,0.149556125241339,0.1059552637996509,0.1202160255572416,0.149985094468072,0.0919745847106156,0.1138869760254843
231,231.0,0.1103449355923595,0.1590181005902234,0.1501664068515694,0.105357373240457,0.1198881616512322,0.1518714398355055,0.0904402991529822,0.1129132830856707
232,232.0,0.1101079186615519,0.159465276318587,0.1513837154019802,0.1048290069180869,0.1195546954985543,0.1536560681359724,0.089033251919045,0.1119700671462223
233,233.0,0.1106109235046088,0.1598303619307085,0.1525351751130493,0.1043684960720818,0.1192195219854017,0.1546170190788791,0.0877547896487738,0.111063712666497
234,234.0,0.1108548934756887,0.1598824149715904,0.1537420772728212,0.1043425552571603,0.1185957179175076,0.1551377957012972,0.0874804489691153,0.1099640964348193
235,235.0,0.1103725468332978,0.1601607373448493,0.1555047456614413,0.1042281055668643,0.1178319096729328,0.1553714682450768,0.0877648711543795,0.1087656155211581
236,236.0,0.109533398064836,0.1613591087464897,0.1577208974216583,0.1038893516052072,0.116708706876126,0.1556811648232839,0.0878741331510886,0.1072332393113103
237,237.0,0.1099250204154899,0.1623098295716425,0.1595112063588752,0.1029133964075023,0.115579621023894,0.1553203900086064,0.0879576592925251,0.1064828769214645
238,238.0,0.1102312001056827,0.1631421308671303,0.1604990073119957,0.1019498307088944,0.1153483266555491,0.1550407520763371,0.0880495149170329,0.1057392373573777
239,239.0,0.1102713730585121,0.1636526725061055,0.161679027974253,0.1007660596154685,0.1148473716264,0.1561668415874656,0.0869057359178474,0.1057109177139477
240,240.0,0.110756297713272,0.1644963088524557,0.1634733580659595,0.0993609712795125,0.1140283901593195,0.1566543831337835,0.0855273270370172,0.10570296375868
241,241.0,0.111105053663005,0.1650401076721727,0.1655824842869074,0.0979318929111629,0.1131502116229875,0.1568187686492727,0.0841124635038228,0.1062590176906688
242,242.0,0.1112784744107605,0.1648039779240917,0.1671614082730944,0.0964467831421252,0.112948037123706,0.1580291278217751,0.0826299259372457,0.1067022653672012
243,243.0,0.1114738596266567,0.1652426479508456,0.1688534155220207,0.0951269684999719,0.1128099075453235,0.1589155263415622,0.0812100758574781,0.1063675986561412
244,244.0,0.1115573916775554,0.1660792930891408,0.1705940583319872,0.0938262316188785,0.1126373642414265,0.1596401016363833,0.0797987421739511,0.105866817230677
245,245.0,0.1122068317714239,0.1665818745556089,0.1723676083655492,0.0925571412745408,0.1124370432005966,0.1602128971399373,0.0784102934480263,0.1052263102443168
246,246.0,0.1126533621022938,0.1677294688734638,0.1735823067992791,0.0912659270134299,0.1129196594728693,0.1604514764294287,0.0769926443525215,0.1044051549567136
247,247.0,0.1116175641429122,0.1687767520500415,0.1754716058910367,0.0901998694544904,0.1134328939375125,0.1605600244990183,0.0763331101780683,0.1036081798469198
248,248.0,0.1104099212537906,0.1695412005606222,0.1768133670733163,0.0891337944147754,0.1143564238185141,0.1610230882126293,0.075979609491441,0.1027425951749109
249,249.0,0.1090137876069974,0.170439458401609,0.1776541413531095,0.088044677530918,0.11563469377213,0.1613445539238877,0.0755625985734755,0.1023060888378726
250,250.0,0.1075291180402057,0.1710216169445057,0.1787119099900615,0.0870039923914549,0.1168519900327289,0.1614220792658805,0.0751593344851912,0.1022999588499713
251,251.0,0.1059783281949132,0.1718391836714919,0.179332304186306,0.0860166670466095,0.1180016013802746,0.1615765017934874,0.0751043518730421,0.102151061853875
252,252.0,0.1045080854776787,0.1733150979362778,0.1808472470389408,0.08514952147644,0.1180013770163156,0.1609859080411549,0.0751508514181461,0.1020419115950456
253,253.0,0.1030139820076102,0.1745187396589416,0.1823729639933209,0.0851719849997219,0.1170246178118697,0.1607925069371744,0.0751868417334233,0.1019183628579376
254,254.0,0.1014770236995469,0.1754302039715203,0.1837175485743031,0.0852081423800005,0.1164116229942906,0.1608327779336326,0.0751766926435587,0.1017459878031469
255,255.0,0.0999454910606642,0.1761864547063094,0.1853291259575773,0.0852756376236854,0.1157107530651231,0.1605560507281655,0.0754561643750992,0.1015403224833755
256,256.0,0.098374302349143,0.1766478769142045,0.1874381188919839,0.08534084148944,0.114820436432637,0.1599333999784539,0.0761688446034782,0.101276179340659
257,257.0,0.0967816187729195,0.1773378229393732,0.1894876011882209,0.0845692613140212,0.1137677845044438,0.1603333470175044,0.076761989532888,0.1009605747306285
258,258.0,0.095119554855447,0.1781625841535887,0.1911615025435112,0.0843782444007707,0.1125139835327079,0.1609533413743719,0.0771747701899285,0.1005360189496738
259,259.0,0.0939672634486825,0.1787503978988337,0.1925536365235859,0.0842208606395891,0.1111986047761882,0.1616611567019298,0.0775370535195818,0.1001110264916085
260,260.0,0.0928317428880829,0.1790929755801072,0.1938071477057976,0.0840867823225246,0.109355384115273,0.1633434530673855,0.0778094175064487,0.09967309681438
261,261.0,0.0925698456830943,0.1791860597711815,0.1947721266629959,0.0839523700178381,0.1074604715627921,0.1646486267530186,0.0779733634114542,0.099437136137625
262,262.0,0.0922788552980814,0.1794547669532866,0.1955611847405658,0.0838229843720564,0.1055408816016229,0.1661167817015945,0.0780399295956644,0.0991846157371277
263,263.0,0.0919975861148483,0.1799021332772622,0.196546593404589,0.0837164720212806,0.1036341794716257,0.1672335213932441,0.0780330885826951,0.0989364257344546
264,264.0,0.091776965762423,0.1802641369922857,0.1971587199976413,0.0836398341191856,0.1018079052321894,0.168415692111109,0.0779948156420887,0.0989419301430769
265,265.0,0.0915369376785039,0.1807867576805315,0.19763128110531,0.0835639642404048,0.1000026584343981,0.1696530615487691,0.0778963382310825,0.0989290010809997
266,266.0,0.0913321148673517,0.1814475022420245,0.1980235372248689,0.0835017170120457,0.0982850230711775,0.170966417265506,0.0775324753271185,0.0989112129899068
267,267.0,0.0912104135062946,0.1824504421321605,0.1987512369932834,0.0828732952141533,0.0967253825665322,0.171006118217145,0.0772020796394347,0.0997810317309961
268,268.0,0.0911227118500777,0.1833763673323834,0.199259383174174,0.0822659202353698,0.0952709304764379,0.1708159774263044,0.0772393388250712,0.1006493706801813
269,269.0,0.0910015703798627,0.1841592104951727,0.1994974910971255,0.0814908464508575,0.0946304136850617,0.1702881983424584,0.0771960443937693,0.1017362251556918
270,270.0,0.0906598879954561,0.184853482497503,0.1996648507635715,0.0807406355461791,0.0940891925898979,0.1700827907297016,0.0771329305942647,0.1027762292834258
271,271.0,0.0903299425754197,0.1854427259997732,0.199422888284082,0.0800138158205351,0.093636262310414,0.1701433629036633,0.0772663861057863,0.1037446160003261
272,272.0,0.0896632955878925,0.1863108100837944,0.1991173083143501,0.0793250882241624,0.0932770949387209,0.1700697057784855,0.0775788631072212,0.1046578339653726
273,273.0,0.0889930753039933,0.1872848329408755,0.1990777135043873,0.0786637461812715,0.0929524386792476,0.1695106925881374,0.0780201318180104,0.1054973689840769
274,274.0,0.0883397147982995,0.1881537592478733,0.1989934656058401,0.0780342748974215,0.0926984136095596,0.1689321018706484,0.0784012233523009,0.1064470466180564
275,275.0,0.0876694971796688,0.1891023961903719,0.1990709262620442,0.0774265367221754,0.092960305761196,0.167794484527402,0.0786844409494339,0.1072914124077076
276,276.0,0.0869986679871552,0.1901834261733566,0.1994777853953684,0.0768308005274531,0.0932297109992534,0.1663790513878167,0.078883295352553,0.1080172621770433
277,277.0,0.0863357263409753,0.1909257504808061,0.2000888993733849,0.076254212888654,0.0935053569239972,0.1652379225189452,0.0790116857768684,0.1086404456963687
278,278.0,0.0851119976596093,0.1914213915497719,0.2001364176524461,0.0759189731681517,0.0938637673343334,0.1643316073984763,0.0796026365582986,0.1096132086789125
279,279.0,0.0838171889928438,0.1924903025285056,0.2000294039884795,0.0755268901364707,0.094034637768136,0.1634530105785187,0.0803371400511357,0.1103114259559099
280,280.0,0.0825331304404979,0.19353866082666,0.1996655604942884,0.0751503975205096,0.0941422187045252,0.1631177040713749,0.0809532745160322,0.1108990534261116
281,281.0,0.0814383896269082,0.1941418498018319,0.1990331523931881,0.0748702765551326,0.0942968317384094,0.1635143503225035,0.0815785863357013,0.1111265632263247
282,282.0,0.0804004689263605,0.1948552501670519,0.1982557569313502,0.0746187033862166,0.0944304704002124,0.1640231521082498,0.0821422587609195,0.1112739393196387
283,283.0,0.0794200769265259,0.1956010705569905,0.1974583914210594,0.0745670174120412,0.094539337869472,0.1647586206987847,0.082321379361362,0.1113341057537638
284,284.0,0.0787956790513028,0.1968992871625796,0.1962148242968328,0.0745394851942199,0.0945972326572148,0.1654842064990603,0.0827237788404114,0.1107455062983781
285,285.0,0.0782071366179461,0.198092783947276,0.1948600485730258,0.0745249284009749,0.0945976440012357,0.1660839994132184,0.0835426363137585,0.1100908227325644
286,286.0,0.0781849128524556,0.1989648437694332,0.1934262747292046,0.074505492924582,0.0945788704614632,0.1667577620450687,0.0842808999760232,0.1093009432417692
287,287.0,0.0782312217104808,0.1997443721907634,0.1919514734508604,0.0745108728635645,0.0950449191573799,0.1673586779871422,0.0846737409108151,0.1084847217289934
288,288.0,0.07794758133865,0.20107782035638,0.1907665854876607,0.0745191522497034,0.0951287828082149,0.168001416753709,0.0849807521564556,0.1075779088492262
289,289.0,0.0779233259902452,0.2032433182975638,0.1912459510835397,0.073291027236466,0.0946835774381855,0.1680393867336096,0.0854632643595354,0.1061101488608543
290,290.0,0.0777165555990747,0.2049918380371353,0.1927685819931781,0.0719292932268948,0.0940422663235579,0.1679542749728619,0.0856897853594979,0.104907404487799
291,291.0,0.0778463011061805,0.2064897271740674,0.1940996390700329,0.0704838122650055,0.0941896475003233,0.167449306846281,0.0859064695229712,0.1035350965151379
292,292.0,0.0778558742603349,0.2081956256109087,0.1948877025842708,0.0689873972044645,0.0941587145091793,0.1670725537541947,0.0859711496961164,0.1028709823805302
293,293.0,0.0778143129831154,0.2096851494352699,0.1955418259844381,0.0682502401277493,0.0939702919145153,0.1667405720316288,0.0858924073446574,0.1021052001786253
294,294.0,0.0777259842877187,0.2111141641600774,0.1961680868071772,0.0674537796770869,0.0936429051119712,0.1662549329328814,0.0856756438539378,0.1019645031691491
295,295.0,0.0776690304183147,0.2127284518974515,0.1968659563926938,0.0667190837340615,0.0933279029041972,0.1654075892700138,0.0854251384443185,0.1018568469389485
296,296.0,0.0778708497269571,0.2143266276272311,0.1975336557861789,0.0660291146674404,0.0929996865577176,0.1646330644193286,0.0855682295398625,0.1010387716752835
297,297.0,0.0780403715532448,0.2157183333685856,0.1980753551562917,0.0653760665358288,0.0927732807600874,0.1641863998331263,0.0856142335600102,0.1002159592328249
298,298.0,0.0781285569828362,0.2168601993280519,0.1983503738957324,0.0653326270003555,0.0924057071056302,0.163864647623946,0.0857586480871177,0.0992992399763299
299,299.0,0.0781826358280799,0.2180839717145604,0.1983475824733659,0.0653224431738248,0.0919971001561393,0.1637105192886743,0.0858067001502342,0.0985490472151207
300,300.0,0.0788849059163624,0.2191181146462532,0.1979706194159948,0.06535167749937,0.0915632523538494,0.1634963271206235,0.0857849385135043,0.0978301645340421
301,301.0,0.0794106288937539,0.2201700571008653,0.1973049437071441,0.0658995543770216,0.0910118199170726,0.1635933396065487,0.085610532818057,0.0969991235795364
302,302.0,0.0799290302232965,0.2209533157294854,0.1969537988388892,0.0664753047145585,0.0904703305491888,0.1636096777544811,0.0853967454131138,0.0962117967769863
303,303.0,0.0803657096696262,0.2220950059442722,0.1964707052968747,0.0670547024759546,0.089924782422255,0.1635615703583604,0.0851250038704842,0.0954025199621724
304,304.0,0.0807925567080126,0.2231150383043341,0.1959258338691931,0.0676504974886484,0.0894078781331917,0.1642441786138029,0.0842160611911631,0.0946479556916539
305,305.0,0.0810575776425672,0.2241717206109916,0.1955652149869543,0.0686738456615752,0.0888259700429416,0.164665636064267,0.0832390010523227,0.0938010339383801
306,306.0,0.08123875470427,0.2261540187204642,0.1952833205204539,0.0701493635291331,0.0873430779673008,0.165145268021903,0.0822709441390205,0.0924152523974543
307,307.0,0.0818115936609435,0.2274303140143346,0.1950336453275654,0.0724051369771006,0.0857717375030656,0.1654369910485739,0.0811860938026447,0.0909244876657715
308,308.0,0.0822757896212735,0.2290981654809341,0.1949060569524353,0.0746030999127077,0.084215936198755,0.1653824473232266,0.0800860522124938,0.0894324522981736
309,309.0,0.0826346815885345,0.230167008161155,0.1950789253819027,0.0767330123717104,0.082707559542157,0.1654560442221774,0.0792710891431409,0.0879516795892218
310,310.0,0.0828097628127041,0.2309956386582825,0.1954539937605841,0.0786180986473182,0.081983966779987,0.165361741906285,0.0783609129359507,0.0864158844988882
311,311.0,0.0828282507532612,0.2323155039786107,0.195747340965628,0.0802794269039568,0.0811780858614524,0.1651776009960987,0.0776125290111285,0.0848612615298635
312,312.0,0.0827467628696761,0.2339832266519683,0.1961204681209453,0.0818282742248514,0.0804107265783109,0.1646968712667067,0.0768714216328556,0.0833422486546856
313,313.0,0.0825657967854291,0.2353046615400054,0.1966778836206719,0.0832527939684012,0.0796707285322775,0.1640071251821482,0.0761161484576049,0.0824048619134617
314,314.0,0.0826134943980364,0.2362020568631362,0.1971573504123654,0.0845646893121155,0.0789956150887148,0.1635464503894642,0.0754014177940731,0.0815189257420941
315,315.0,0.0826446210504765,0.2369689728544211,0.197681271212856,0.0857705758248198,0.0783921089316556,0.1630794680125981,0.074731655547333,0.0807313265658397
316,316.0,0.0821433677509129,0.2376537298609775,0.1980111355407978,0.0875206226891224,0.0780535641913027,0.1619340304684692,0.0741980176798711,0.0804855318185462
317,317.0,0.0817942977986765,0.2381055212576337,0.1987143928537862,0.0891495341665731,0.0775125771076392,0.1607039465034026,0.0736978698904456,0.0803218604218428
318,318.0,0.0813683881857369,0.2382881267258401,0.1991987009656646,0.0910256706869412,0.0769311588797084,0.1596863503855527,0.073359818751323,0.0801417854192329
319,319.0,0.0808445173906668,0.2383335162933954,0.1996735966582096,0.0924997011291489,0.0763216222700285,0.1585147303921082,0.0729869503135962,0.0808253655528462
320,320.0,0.0803160195216025,0.2382752242297144,0.1998463057321543,0.0938405493559139,0.0757707480282564,0.1576168381190667,0.0726468985544552,0.0816874164588364
321,321.0,0.0797435895506149,0.2382497101651506,0.2001210939148514,0.0950374500828486,0.0752673678841645,0.1567353211523568,0.0723250016430757,0.0825204656069373
322,322.0,0.0791783656954049,0.2381429664583358,0.2002467673782627,0.0961003583917402,0.0748209171901208,0.156100439361736,0.0720378070904492,0.0833723784339502
323,323.0,0.0786340154106112,0.2379729193382277,0.2003471452587756,0.0970384956884698,0.0744366187552266,0.1555238610406989,0.0717976191005576,0.0842493254074325
324,324.0,0.0781174984456436,0.2377530050227622,0.2002462424916974,0.097856759503088,0.0741157039415194,0.1552821315687742,0.0716129497078371,0.0850157093186782
325,325.0,0.0776542529761036,0.2377118728336539,0.1999216423051724,0.0985667974883807,0.0738747328695849,0.1551419207827755,0.0713264040923204,0.0858023766520085
326,326.0,0.0768769484362397,0.2379209345037931,0.1990895520878704,0.0995043491751767,0.0740172004932766,0.1551659099427914,0.0709052410070747,0.0865198643537772
327,327.0,0.0761001666096967,0.238143372816699,0.198297923016157,0.1003034952583177,0.0741612925449412,0.1551648872429494,0.0706269995977058,0.087201862913533
328,328.0,0.0754592052791689,0.2383788812348212,0.1974337445064011,0.1009680870851189,0.0743022242681254,0.1552566321746434,0.0703579608901732,0.0878432645615479
329,329.0,0.0748456940842505,0.2385557989962308,0.1965694098896901,0.1016370787742674,0.0744568125400057,0.155370952151005,0.0701155731859264,0.0884486803786239
330,330.0,0.0742584247339213,0.2384272916176221,0.1960185663309577,0.1021830389770193,0.0746169256924573,0.1556023119880882,0.0698879140132892,0.0890055266466448
331,331.0,0.0737106304178894,0.2382618536219841,0.1953614962378378,0.1026287972000889,0.0747962633016575,0.1559100671455656,0.0696794772433762,0.0896514148316001
332,332.0,0.0731867238930959,0.2381383289996902,0.1947769459993814,0.1029793431412901,0.074975282740847,0.1562083237982561,0.0694827100804715,0.0902523413469676
333,333.0,0.0727089652554559,0.2379930397136981,0.1942224621577028,0.1032449528281951,0.0751716354424258,0.1565216714282401,0.0693185301421901,0.0908187430320921
334,334.0,0.0723523072185968,0.2381425002772992,0.1934249526594402,0.1033401756285305,0.0754169186707862,0.1564835626995836,0.0692559087407465,0.0915836741050169
335,335.0,0.0721882087575178,0.2382355955562524,0.1928838805957801,0.1033359969292558,0.0756431791381585,0.1561239871982065,0.0693191647219945,0.0922699871028341
336,336.0,0.0720290047609489,0.2383554662906157,0.1924866423627529,0.1032411541739982,0.0758324165233339,0.1558081435363476,0.0693680667564451,0.0928791055955577
337,337.0,0.071874454834186,0.2385022248356529,0.192153750158127,0.1030663486230262,0.0759859120686235,0.1555960338566887,0.0694059139516339,0.0934153616720616
338,338.0,0.0717263169001191,0.2386791677231748,0.1918364607833961,0.1028212239696025,0.0762264832371768,0.1553817146230728,0.0694405230118126,0.0938881097516451
339,339.0,0.0715985841282754,0.238816288562626,0.1914698596279518,0.1025147967559147,0.0764432829542313,0.1552760028274293,0.0695903661052796,0.0942908190382917
340,340.0,0.0715005820340389,0.2389326222840478,0.1911934281243052,0.1021716328844454,0.0766543543384357,0.155163829586249,0.0697448906075421,0.0946386601409357
341,341.0,0.0714300842071465,0.2390287342168618,0.1908829295813616,0.1017987209779649,0.0769798773653005,0.155045329232384,0.0699013830423636,0.0949329413766168
342,342.0,0.0713848166426302,0.2391053425858471,0.1905395046106729,0.1014026506807881,0.0772936976944262,0.1549207195851245,0.0700573960226327,0.095295872177878
343,343.0,0.0713764279122609,0.2391842100472413,0.1903040134292024,0.1009965579961378,0.0776033515787195,0.154910038521066,0.0702304257368499,0.095394974778522
344,344.0,0.0715552816687483,0.2392493718510767,0.1899392990904571,0.1005805227009037,0.0779011757351163,0.1549122989958511,0.0704070734370696,0.0954549765207769
345,345.0,0.0718964002192278,0.239208122985467,0.1896732405445244,0.1001585245972488,0.0781739181483533,0.1548195149092566,0.0705834501839021,0.0954868284120197
346,346.0,0.072233875353823,0.2392251420648935,0.1892851721911778,0.0997449559118146,0.0784273884553017,0.154806397674439,0.0707713208431252,0.0955057475054249
347,347.0,0.072556692793653,0.2392924126179356,0.1889955242478643,0.0993300938428868,0.0786470835604507,0.1547499359287103,0.0709412742008852,0.0954869828076138
348,348.0,0.0728710043554816,0.2393977579075946,0.1888110975614645,0.0989288638069374,0.0788410343902761,0.1547069022423987,0.0708770821731802,0.0955662575626666
349,349.0,0.0733186806390316,0.240019050695329,0.1891615461405544,0.0979082872849614,0.0783731866518984,0.1545353604528126,0.0709312094226129,0.0957526787127995
350,350.0,0.0737413796848086,0.2406803145617884,0.1895999756552178,0.0969029098602298,0.0778785680141945,0.1543226456454835,0.0709679575349406,0.0959062490433365
351,351.0,0.0740811350406954,0.241018230390467,0.1901123247318234,0.0958499488735201,0.0773036616205019,0.1537954162933129,0.070925892027326,0.0969133910223531
352,352.0,0.0744082242198557,0.2413302794189112,0.190684118236715,0.0948314735488548,0.0767262254478658,0.1532680752096631,0.0708730933736769,0.0978785105444574
353,353.0,0.0747204279784617,0.2416156053822966,0.1911950862431415,0.0938541125884217,0.0761519643813437,0.1528569866790434,0.0708105179660067,0.0987952987812843
354,354.0,0.0750159021192202,0.2418737112748514,0.1917560873073169,0.0929234228145205,0.0755859874683456,0.152447173715296,0.0707391371285063,0.0996585781719427
355,355.0,0.0752334149223021,0.2430034762172649,0.1928787578830677,0.0920187373497093,0.0751382899080581,0.151378257637012,0.0706186913581476,0.0997303747244381
356,356.0,0.0753884010982541,0.2441110415810183,0.1939117597498304,0.0911428004048481,0.0747896033745825,0.1504819390952981,0.0704571161321433,0.0997173385640249
357,357.0,0.075524742363191,0.2451746070141718,0.1948555622815746,0.0903250527797307,0.074569345353394,0.1496043418413847,0.0702907550905387,0.0996555932760142
358,358.0,0.0756319425149981,0.246169126119789,0.1957991377061249,0.0895507803042767,0.0743422142069606,0.1488635629542877,0.0701088203120054,0.0995344158815573
359,359.0,0.0756980152653588,0.2470706407198163,0.1965307833724782,0.0890655888763004,0.0742245770700682,0.1481638239019987,0.0699003612117183,0.0993462095822609
360,360.0,0.0757369636236762,0.2478950911965788,0.1972524229180743,0.088624840716831,0.0742195974744455,0.1474817026305063,0.0696801764973308,0.0991092049425568
361,361.0,0.0756983856172555,0.2483332964361072,0.1983517743257785,0.0880593318459845,0.0741646202337054,0.1463660447595259,0.0694331836904647,0.099593363091178
362,362.0,0.0755922053548038,0.2483745059919982,0.199546320220726,0.0875141540498239,0.0747833810588905,0.1450697101342409,0.0691589977760532,0.0999607254134631
363,363.0,0.0755748110784022,0.24840998414192,0.2005281525307921,0.0870193619699088,0.0753945126317861,0.143771008435712,0.0688704045726107,0.1004317646388678
364,364.0,0.075546722737965,0.2483949773543833,0.2013868758383308,0.0865815794010624,0.0760031283554623,0.1425238102608644,0.0685883779651779,0.1009745280867536
365,365.0,0.0755091066041225,0.2483344081622426,0.2022278122906204,0.0861993912082776,0.0766030256192485,0.1413339650856564,0.0683145295026948,0.1014777615271369
366,366.0,0.0755233068391158,0.2469742963428468,0.2031157834968571,0.0859285399741297,0.0780753273676288,0.1400742957168465,0.0682413810589886,0.1020670692035865
367,367.0,0.0755166180737281,0.2462062524438695,0.2032020443913496,0.0859738571470523,0.0794996237511727,0.1388901381273691,0.0681638745365904,0.1025475915288681
368,368.0,0.0754958589891623,0.2453105843732733,0.2032459792372518,0.0860580498863713,0.080878041714809,0.1377191627526306,0.0680753457453993,0.1032169773011023
369,369.0,0.0758807237682471,0.2444000809255855,0.2028571338015868,0.0861759573659607,0.0822007296867151,0.1366859817705533,0.0679762642818432,0.1038231283995082
370,370.0,0.0762046929036969,0.2431971813740891,0.2023345163070562,0.086943056916118,0.0833207386591542,0.1358966429028396,0.0678265797159872,0.1042765912210586
371,371.0,0.076617635203838,0.2417067389331055,0.2017328043316126,0.087651265532513,0.0842556912596245,0.1357814438095652,0.0676489898460235,0.1046054310837175
372,372.0,0.0770097383119002,0.2401401051716444,0.2011134590320706,0.0883679849892672,0.0851174789037413,0.1356930876642966,0.0674629859393038,0.1050951599877757
373,373.0,0.0777240244143897,0.2387889582253798,0.2006197910905015,0.0891349308203514,0.0859248778009484,0.1352363548222363,0.0670149976605054,0.1055560651656874
374,374.0,0.0784148919754246,0.2376094286637535,0.2001377788478676,0.0898964421282973,0.0866645644172726,0.1347365435032013,0.0665773126006005,0.1059630378635824
