,Unnamed: 0,Total_iterations,Intertwine_two,Add_vertex,Delete_vertex,Invert_path_vertices,Insert_inside_vertex,Delete_inside_vertex,Replace_inside_vertex,Donate_between_routes
0,0.0,0.0,0.125,0.125,0.125,0.125,0.125,0.125,0.125,0.125
1,1.0,0.10900000000000001,0.125,0.125,0.125,0.125,0.125,0.125,0.125,0.125
2,2.0,0.31601,0.125,0.125,0.125,0.125,0.125,0.125,0.125,0.125
3,3.0,0.6191589000000001,0.125,0.125,0.125,0.125,0.125,0.125,0.125,0.125
4,4.0,1.015801321,0.125,0.125,0.125,0.125,0.125,0.125,0.125,0.125
5,5.0,1.50262148669,0.125,0.125,0.125,0.125,0.125,0.125,0.125,0.125
6,6.0,2.0757334209441005,0.125,0.125,0.125,0.125,0.125,0.125,0.125,0.125
7,7.0,2.7307768275633495,0.125,0.125,0.125,0.125,0.125,0.125,0.125,0.125
8,8.0,3.4630081252450404,0.125,0.125,0.125,0.125,0.125,0.125,0.125,0.125
9,9.0,4.2673862119061114,0.125,0.125,0.125,0.125,0.125,0.125,0.125,0.125
10,10.0,5.138652627782014,0.125,0.125,0.125,0.125,0.125,0.125,0.125,0.125
11,11.0,6.071405875792507,0.125,0.125,0.125,0.125,0.125,0.125,0.125,0.125
12,12.0,7.060169740244025,0.125,0.125,0.125,0.125,0.125,0.125,0.125,0.125
13,13.0,8.099455520847952,0.125,0.125,0.125,0.125,0.125,0.125,0.125,0.125
14,14.0,9.183818168183006,0.125,0.125,0.125,0.125,0.125,0.125,0.125,0.125
15,15.0,10.307906369102724,0.125,0.125,0.125,0.125,0.125,0.125,0.125,0.125
16,16.0,11.466506686239443,0.125,0.125,0.125,0.125,0.125,0.125,0.125,0.125
17,17.0,12.654581904800096,0.125,0.125,0.125,0.125,0.125,0.125,0.125,0.125
18,18.0,13.867303782456686,0.125,0.125,0.125,0.125,0.125,0.125,0.125,0.125
19,19.0,15.100080434523047,0.125,0.125,0.125,0.125,0.125,0.125,0.125,0.125
20,20.0,16.348578617037543,0.125,0.125,0.125,0.125,0.125,0.125,0.125,0.125
21,21.0,17.608741195130214,0.125,0.125,0.125,0.125,0.125,0.125,0.125,0.125
22,22.0,18.876800103462312,0.125,0.125,0.125,0.125,0.125,0.125,0.125,0.125
23,23.0,20.14928511992658,0.125,0.125,0.125,0.125,0.125,0.125,0.125,0.125
24,24.0,21.423028783545156,0.125,0.125,0.125,0.125,0.125,0.125,0.125,0.125
25,25.0,22.695167792966423,0.125,0.125,0.125,0.125,0.125,0.125,0.125,0.125
26,26.0,23.963141223515898,0.125,0.125,0.125,0.125,0.125,0.125,0.125,0.125
27,27.0,25.224685898775267,0.125,0.125,0.125,0.125,0.125,0.125,0.125,0.125
28,28.0,26.477829247520948,0.125,0.125,0.125,0.125,0.125,0.125,0.125,0.125
29,29.0,27.720879968916847,0.125,0.125,0.125,0.125,0.125,0.125,0.125,0.125
30,30.0,28.95241681848399,0.125,0.125,0.125,0.125,0.125,0.125,0.125,0.125
31,31.0,30.17127581490958,0.125,0.125,0.125,0.125,0.125,0.125,0.125,0.125
32,32.0,31.376536153543515,0.125,0.125,0.125,0.125,0.125,0.125,0.125,0.125
33,33.0,32.567505096778625,0.125,0.125,0.125,0.125,0.125,0.125,0.125,0.125
34,34.0,33.74370209472243,0.125,0.125,0.125,0.125,0.125,0.125,0.125,0.125
35,35.0,34.90484237192463,0.125,0.125,0.125,0.125,0.125,0.125,0.125,0.125
36,36.0,36.05082019768737,0.125,0.125,0.125,0.125,0.125,0.125,0.125,0.125
37,37.0,37.18169203889697,0.125,0.125,0.125,0.125,0.125,0.125,0.125,0.125
38,38.0,38.29765977559663,0.125,0.125,0.125,0.125,0.125,0.125,0.125,0.125
39,39.0,39.399054140870355,0.125,0.125,0.125,0.125,0.125,0.125,0.125,0.125
40,40.0,40.48631852820801,0.125,0.125,0.125,0.125,0.125,0.125,0.125,0.125
41,41.0,41.55999329152982,0.125,0.125,0.125,0.125,0.125,0.125,0.125,0.125
42,42.0,42.62070064560415,0.125,0.125,0.125,0.125,0.125,0.125,0.125,0.125
43,43.0,43.669130257815,0.125,0.125,0.125,0.125,0.125,0.125,0.125,0.125
44,44.0,44.70602560622662,0.125,0.125,0.125,0.125,0.125,0.125,0.125,0.125
45,45.0,45.73217116373481,0.125,0.125,0.125,0.125,0.125,0.125,0.125,0.125
46,46.0,46.748380453854836,0.125,0.125,0.125,0.125,0.125,0.125,0.125,0.125
47,47.0,47.755485010424316,0.125,0.125,0.125,0.125,0.125,0.125,0.125,0.125
48,48.0,48.7543242612326,0.125,0.125,0.125,0.125,0.125,0.125,0.125,0.125
49,49.0,49.745736344347726,0.125,0.125,0.125,0.125,0.125,0.125,0.125,0.125
50,50.0,50.730549855707864,0.125,0.125,0.125,0.125,0.125,0.125,0.125,0.125
51,51.0,51.70957651737491,0.125,0.125,0.125,0.125,0.125,0.125,0.125,0.125
52,52.0,52.68360474770151,0.125,0.125,0.125,0.125,0.125,0.125,0.125,0.125
53,53.0,53.65339410751842,0.125,0.125,0.125,0.125,0.125,0.125,0.125,0.125
54,54.0,54.61967059027847,0.125,0.125,0.125,0.125,0.125,0.125,0.125,0.125
55,55.0,55.58312271885972,0.125,0.125,0.125,0.125,0.125,0.125,0.125,0.125
56,56.0,56.544398407394254,0.125,0.125,0.125,0.125,0.125,0.125,0.125,0.125
57,57.0,57.504102543001395,0.125,0.125,0.125,0.125,0.125,0.125,0.125,0.125
58,58.0,58.462795239617805,0.125,0.125,0.125,0.125,0.125,0.125,0.125,0.125
59,59.0,59.42099071417639,0.125,0.125,0.125,0.125,0.125,0.125,0.125,0.125
60,60.0,60.379156734137354,0.125,0.125,0.125,0.125,0.125,0.125,0.125,0.125
61,61.0,61.337714584760846,0.125,0.125,0.125,0.125,0.125,0.125,0.125,0.125
62,62.0,62.29703950447439,0.125,0.125,0.125,0.125,0.125,0.125,0.125,0.125
63,63.0,63.257461537171835,0.125,0.125,0.125,0.125,0.125,0.125,0.125,0.125
64,64.0,64.21926675122782,0.125,0.125,0.125,0.125,0.125,0.125,0.125,0.125
65,65.0,65.18269877636592,0.125,0.125,0.125,0.125,0.125,0.125,0.125,0.125
66,66.0,66.14796061122655,0.125,0.125,0.125,0.125,0.125,0.125,0.125,0.125
67,67.0,67.11521665648885,0.125,0.125,0.125,0.125,0.125,0.125,0.125,0.125
68,68.0,68.08459493066005,0.125,0.125,0.125,0.125,0.125,0.125,0.125,0.125
69,69.0,69.05618942810752,0.125,0.125,0.125,0.125,0.125,0.125,0.125,0.125
70,70.0,70.03006258152917,0.125,0.125,0.125,0.125,0.125,0.125,0.125,0.125
71,71.0,71.00624779379335,0.125,0.125,0.125,0.125,0.125,0.125,0.125,0.125
72,72.0,71.98475200689319,0.125,0.125,0.125,0.125,0.125,0.125,0.125,0.125
73,73.0,72.96555827861411,0.125,0.125,0.125,0.125,0.125,0.125,0.125,0.125
74,74.0,73.9586283403768,0.125,0.125,0.125,0.125,0.125,0.125,0.125,0.125
75,75.0,74.95380511255946,0.125,0.125,0.125,0.125,0.125,0.125,0.125,0.125
76,76.0,75.95092615639825,0.125,0.125,0.125,0.125,0.125,0.125,0.125,0.125
77,77.0,76.94982583428919,0.125,0.125,0.125,0.125,0.125,0.125,0.125,0.125
78,78.0,77.95033728604814,0.125,0.125,0.125,0.125,0.125,0.125,0.125,0.125
79,79.0,78.9522942197707,0.125,0.125,0.125,0.125,0.125,0.125,0.125,0.125
80,80.0,79.95553251792332,0.125,0.125,0.125,0.125,0.125,0.125,0.125,0.125
81,81.0,80.95989166108143,0.125,0.125,0.125,0.125,0.125,0.125,0.125,0.125
82,82.0,81.96521597331291,0.125,0.125,0.125,0.125,0.125,0.125,0.125,0.125
83,83.0,82.97135569458811,0.125,0.125,0.125,0.125,0.125,0.125,0.125,0.125
84,84.0,83.97816788678992,0.125,0.125,0.125,0.125,0.125,0.125,0.125,0.125
85,85.0,84.98551718090366,0.125,0.125,0.125,0.125,0.125,0.125,0.125,0.125
86,86.0,85.99327637379697,0.125,0.125,0.125,0.125,0.125,0.125,0.125,0.125
87,87.0,87.01132688366299,0.125,0.125,0.125,0.125,0.125,0.125,0.125,0.125
88,88.0,88.02945907370577,0.125,0.125,0.125,0.125,0.125,0.125,0.125,0.125
89,89.0,89.0474834540072,0.125,0.125,0.125,0.125,0.125,0.125,0.125,0.125
90,90.0,90.06523056173845,0.125,0.125,0.125,0.125,0.125,0.125,0.125,0.125
91,91.0,91.08255065307918,0.125,0.125,0.125,0.125,0.125,0.125,0.125,0.125
92,92.0,92.09931322875505,0.125,0.125,0.125,0.125,0.125,0.125,0.125,0.125
93,93.0,93.11540641457577,0.125,0.125,0.125,0.125,0.125,0.125,0.125,0.125
94,94.0,94.13073621766867,0.125,0.125,0.125,0.125,0.125,0.125,0.125,0.125
95,95.0,95.1552256782756,0.125,0.125,0.125,0.125,0.125,0.125,0.125,0.125
96,96.0,96.17871393603906,0.125,0.125,0.125,0.125,0.125,0.125,0.125,0.125
97,97.0,97.2010662286658,0.125,0.125,0.125,0.125,0.125,0.125,0.125,0.125
98,98.0,98.2221726297432,0.125,0.125,0.125,0.125,0.125,0.125,0.125,0.125
99,99.0,99.24194666441542,0.125,0.125,0.125,0.125,0.125,0.125,0.125,0.125
100,100.0,100.27032382897627,0.125,0.125,0.125,0.125,0.125,0.125,0.125,0.125
101,101.0,101.29716003879128,0.125,0.125,0.125,0.125,0.125,0.125,0.125,0.125
102,102.0,102.32234102723686,0.125,0.125,0.125,0.125,0.125,0.125,0.125,0.125
103,103.0,103.34578050656553,0.125,0.125,0.125,0.125,0.125,0.125,0.125,0.125
104,104.0,104.36741823289567,0.125,0.125,0.125,0.125,0.125,0.125,0.125,0.125
105,105.0,105.38721800426386,0.125,0.125,0.125,0.125,0.125,0.125,0.125,0.125
106,106.0,106.40516561845257,0.125,0.125,0.125,0.125,0.125,0.125,0.125,0.125
107,107.0,107.42126681503788,0.125,0.125,0.125,0.125,0.125,0.125,0.125,0.125
108,108.0,108.4355452238143,0.125,0.125,0.125,0.125,0.125,0.125,0.125,0.125
109,109.0,109.44804033947493,0.125,0.125,0.125,0.125,0.125,0.125,0.125,0.125
110,110.0,110.45880554017475,0.125,0.125,0.125,0.125,0.125,0.125,0.125,0.125
111,111.0,111.46790616540284,0.125,0.125,0.125,0.125,0.125,0.125,0.125,0.125
112,112.0,112.47541766645409,0.125,0.125,0.125,0.125,0.125,0.125,0.125,0.125
113,113.0,113.48142384073569,0.125,0.125,0.125,0.125,0.125,0.125,0.125,0.125
114,114.0,114.48601515918175,0.125,0.125,0.125,0.125,0.125,0.125,0.125,0.125
115,115.0,115.4892871941914,0.125,0.125,0.125,0.125,0.125,0.125,0.125,0.125
116,116.0,116.49133915375818,0.125,0.125,0.125,0.125,0.125,0.125,0.125,0.125
117,117.0,117.49227252583069,0.125,0.125,0.125,0.125,0.125,0.125,0.125,0.125
118,118.0,118.49218983543763,0.125,0.125,0.125,0.125,0.125,0.125,0.125,0.125
119,119.0,119.4911935157295,0.125,0.125,0.125,0.125,0.125,0.125,0.125,0.125
120,120.0,120.4893848928349,0.125,0.125,0.125,0.125,0.125,0.125,0.125,0.125
121,121.0,121.4868632833014,0.125,0.125,0.125,0.125,0.125,0.125,0.125,0.125
122,122.0,122.48372520188823,0.125,0.125,0.125,0.125,0.125,0.125,0.125,0.125
123,123.0,123.48006367659751,0.125,0.125,0.125,0.125,0.125,0.125,0.125,0.125
124,124.0,124.47596766706988,0.125,0.125,0.125,0.125,0.125,0.125,0.125,0.125
125,125.0,125.47152158182433,0.125,0.125,0.125,0.125,0.125,0.125,0.125,0.125
126,126.0,126.46680488928509,0.125,0.125,0.125,0.125,0.125,0.125,0.125,0.125
127,127.0,127.46189181710693,0.125,0.125,0.125,0.125,0.125,0.125,0.125,0.125
128,128.0,128.4568511339755,0.125,0.125,0.125,0.125,0.125,0.125,0.125,0.125
129,129.0,129.4517460078175,0.125,0.125,0.125,0.125,0.125,0.125,0.125,0.125
130,130.0,130.44663393419708,0.125,0.125,0.125,0.125,0.125,0.125,0.125,0.125
131,131.0,131.44156672859674,0.125,0.125,0.125,0.125,0.125,0.125,0.125,0.125
132,132.0,132.43659057627048,0.125,0.125,0.125,0.125,0.125,0.125,0.125,0.125
133,133.0,133.43174613341412,0.125,0.125,0.125,0.125,0.125,0.125,0.125,0.125
134,134.0,134.42706867350927,0.125,0.125,0.125,0.125,0.125,0.125,0.125,0.125
135,135.0,135.4225882728598,0.125,0.125,0.125,0.125,0.125,0.125,0.125,0.125
136,136.0,136.4183300295467,0.125,0.125,0.125,0.125,0.125,0.125,0.125,0.125
137,137.0,137.41431431026945,0.125,0.125,0.125,0.125,0.125,0.125,0.125,0.125
138,138.0,138.41055701981722,0.125,0.125,0.125,0.125,0.125,0.125,0.125,0.125
139,139.0,139.40706988821202,0.125,0.125,0.125,0.125,0.125,0.125,0.125,0.125
140,140.0,140.40386077088522,0.125,0.125,0.125,0.125,0.125,0.125,0.125,0.125
141,141.0,141.40093395758225,0.125,0.125,0.125,0.125,0.125,0.125,0.125,0.125
142,142.0,142.39829048603377,0.125,0.125,0.125,0.125,0.125,0.125,0.125,0.125
143,143.0,143.3959284567798,0.125,0.125,0.125,0.125,0.125,0.125,0.125,0.125
144,144.0,144.39384334588345,0.125,0.125,0.125,0.125,0.125,0.125,0.125,0.125
145,145.0,145.3920283126179,0.125,0.125,0.125,0.125,0.125,0.125,0.125,0.125
146,146.0,146.39047449955274,0.125,0.125,0.125,0.125,0.125,0.125,0.125,0.125
147,147.0,147.39917132279854,0.125,0.125,0.125,0.125,0.125,0.125,0.125,0.125
148,148.0,148.40800675049178,0.125,0.125,0.125,0.125,0.125,0.125,0.125,0.125
149,149.0,149.41687856791077,0.125,0.125,0.125,0.125,0.125,0.125,0.125,0.125
150,150.0,150.42569441790877,0.125,0.125,0.125,0.125,0.125,0.125,0.125,0.125
151,151.0,151.4343717387279,0.125,0.125,0.125,0.125,0.125,0.125,0.125,0.125
152,152.0,152.4428376100778,0.125,0.125,0.125,0.125,0.125,0.125,0.125,0.125
153,153.0,153.45102851819192,0.125,0.125,0.125,0.125,0.125,0.125,0.125,0.125
154,154.0,154.45889005031273,0.125,0.125,0.125,0.125,0.125,0.125,0.125,0.125
155,155.0,155.46637652871834,0.125,0.125,0.125,0.125,0.125,0.125,0.125,0.125
156,156.0,156.4734505939962,0.125,0.125,0.125,0.125,0.125,0.125,0.125,0.125
157,157.0,157.48008274680632,0.125,0.125,0.125,0.125,0.125,0.125,0.125,0.125
158,158.0,158.48625085686734,0.125,0.125,0.125,0.125,0.125,0.125,0.125,0.125
159,159.0,159.4919396473536,0.125,0.125,0.125,0.125,0.125,0.125,0.125,0.125
160,160.0,160.49714016231772,0.125,0.125,0.125,0.125,0.125,0.125,0.125,0.125
161,161.0,161.50184922416224,0.125,0.125,0.125,0.125,0.125,0.125,0.125,0.125
162,162.0,162.50606888758068,0.125,0.125,0.125,0.125,0.125,0.125,0.125,0.125
163,163.0,163.50980589578145,0.125,0.125,0.125,0.125,0.125,0.125,0.125,0.125
164,164.0,164.52307114420435,0.125,0.125,0.125,0.125,0.125,0.125,0.125,0.125
165,165.0,165.53577915634293,0.125,0.125,0.125,0.125,0.125,0.125,0.125,0.125
166,166.0,166.54785857570423,0.125,0.125,0.125,0.125,0.125,0.125,0.125,0.125
167,167.0,167.55925146737232,0.125,0.125,0.125,0.125,0.125,0.125,0.125,0.125
168,168.0,168.5699125551999,0.125,0.125,0.125,0.125,0.125,0.125,0.125,0.125
169,169.0,169.5798084086927,0.125,0.125,0.125,0.125,0.125,0.125,0.125,0.125
170,170.0,170.58891659274934,0.125,0.125,0.125,0.125,0.125,0.125,0.125,0.125
171,171.0,171.5972247924728,0.125,0.125,0.125,0.125,0.125,0.125,0.125,0.125
172,172.0,172.60472992429916,0.125,0.125,0.125,0.125,0.125,0.125,0.125,0.125
173,173.0,173.61143724369992,0.125,0.125,0.125,0.125,0.125,0.125,0.125,0.125
174,174.0,174.61735945872363,0.125,0.125,0.125,0.125,0.125,0.125,0.125,0.125
175,175.0,175.6225158576577,0.125,0.125,0.125,0.125,0.125,0.125,0.125,0.125
176,176.0,176.6269314581218,0.125,0.125,0.125,0.125,0.125,0.125,0.125,0.125
177,177.0,177.63063618395825,0.125,0.125,0.125,0.125,0.125,0.125,0.125,0.125
178,178.0,178.63366407537148,0.125,0.125,0.125,0.125,0.125,0.125,0.125,0.125
179,179.0,179.63605253688968,0.125,0.125,0.125,0.125,0.125,0.125,0.125,0.125
180,180.0,180.63784162688717,0.125,0.125,0.125,0.125,0.125,0.125,0.125,0.125
181,181.0,181.63907339161602,0.125,0.125,0.125,0.125,0.125,0.125,0.125,0.125
182,182.0,182.63979124595582,0.125,0.125,0.125,0.125,0.125,0.125,0.125,0.125
183,183.0,183.64003940240207,0.125,0.125,0.125,0.125,0.125,0.125,0.125,0.125
184,184.0,184.6398623491797,0.125,0.125,0.125,0.125,0.125,0.125,0.125,0.125
185,185.0,185.6393043777878,0.125,0.125,0.125,0.125,0.125,0.125,0.125,0.125
186,186.0,186.63840915975717,0.125,0.125,0.125,0.125,0.125,0.125,0.125,0.125
187,187.0,187.63721937193205,0.125,0.125,0.125,0.125,0.125,0.125,0.125,0.125
188,188.0,188.63577636917012,0.125,0.125,0.125,0.125,0.125,0.125,0.125,0.125
189,189.0,189.6341199029927,0.125,0.125,0.125,0.125,0.125,0.125,0.125,0.125
190,190.0,190.63228788440307,0.125,0.125,0.125,0.125,0.125,0.125,0.125,0.125
191,191.0,191.63031618882837,0.125,0.125,0.125,0.125,0.125,0.125,0.125,0.125
192,192.0,192.62823850092286,0.125,0.125,0.125,0.125,0.125,0.125,0.125,0.125
193,193.0,193.62608619679867,0.125,0.125,0.125,0.125,0.125,0.125,0.125,0.125
194,194.0,194.62388826111894,0.125,0.125,0.125,0.125,0.125,0.125,0.125,0.125
195,195.0,195.621671236396,0.125,0.125,0.125,0.125,0.125,0.125,0.125,0.125
196,196.0,196.61945920178135,0.125,0.125,0.125,0.125,0.125,0.125,0.125,0.125
197,197.0,197.61727377861035,0.125,0.125,0.125,0.125,0.125,0.125,0.125,0.125
198,198.0,198.61513415997035,0.125,0.125,0.125,0.125,0.125,0.125,0.125,0.125
199,199.0,199.61305716159467,0.12498711340206187,0.12498711340206187,0.12509020618556702,0.12498711340206187,0.12498711340206187,0.12498711340206187,0.12498711340206187,0.12498711340206187
200,200.0,200.6110572914406,0.12469657789232533,0.12469657789232533,0.1260128436426117,0.12469657789232533,0.12469657789232533,0.12580768900343642,0.12469657789232533,0.12469657789232533
201,201.0,201.60914683538755,0.12430597093356244,0.12440906371706759,0.12692544286941582,0.12451215650057275,0.12440906371706759,0.1266201748281787,0.12440906371706759,0.12440906371706759
202,202.0,202.60733595658593,0.12390134731166866,0.12500340916733876,0.12758398390119108,0.1242075118393354,0.12400340916733876,0.12729352027844987,0.12400340916733876,0.12400340916733876
203,203.0,203.60563280609858,0.1232645661059554,0.12617286132619907,0.12899659990440296,0.12366682341925248,0.12336467950801724,0.12770410061912835,0.12336467950801724,0.12346568960902735
204,204.0,204.604043642599,0.12264316079409734,0.12732980127207297,0.13037445295471428,0.12313798005142976,0.12274051945389114,0.12809203646500222,0.12274051945389114,0.12294152955490123
205,205.0,205.60257295902338,0.12204180783982754,0.12846391082680036,0.13170724081691196,0.12262508566431946,0.12213571364498216,0.12845571290709326,0.12213571364498216,0.12243481465508319
206,206.0,206.6012236142151,0.12146451553692988,0.12956613193394861,0.1329861421311854,0.12213167430372143,0.1215543747148577,0.1287939191213588,0.1215543747148577,0.12194886754314055
207,207.0,207.59999696774548,0.12091465074329613,0.13062863122720417,0.1342037565391843,0.12166073178059045,0.12099996936494054,0.12910582006843874,0.12099996936494054,0.12148647091140521
208,208.0,208.59889301624537,0.12006921178017867,0.13200081650108436,0.13484141032482982,0.12088896306065353,0.12014959071495156,0.1300651696898233,0.12014959071495156,0.12183524721352734
209,209.0,209.59791052973281,0.11928438446227946,0.133342534949274,0.13533606873779508,0.12017442514140815,0.11946260667302543,0.13091271084648542,0.11935951388952026,0.12212775530021233
210,210.0,210.5970471865742,0.11838445127229746,0.1350428345208251,0.13545547754115764,0.11933916128177383,0.11865925948766226,0.132384609670709,0.118454104848487,0.1222801013770879
211,211.0,211.5962997058657,0.1173147861542048,0.13655758014682443,0.13522458454646105,0.11943957185036094,0.11879519408103453,0.13427402997781418,0.11727572214518113,0.12111853109811914
212,212.0,212.5956639761694,0.11623213820607273,0.13792647551449175,0.13558311814084748,0.11951016455274073,0.11890420218341421,0.13584346061457697,0.1160853097320969,0.11991513105575942
213,213.0,213.59513517968105,0.11596875794092462,0.1391531639487309,0.13572679208770652,0.11955596250125736,0.11899063361562404,0.13701710246914783,0.11489872195709022,0.1186888654795187
214,214.0,214.5947079110447,0.11565024862599213,0.14022775518705163,0.13633519317834003,0.11956714312032138,0.11914607847519479,0.13791238784189466,0.11371770209697005,0.11744349147423548
215,215.0,215.59437629016156,0.11521727439505103,0.14153832752395898,0.13767469614056357,0.11943616532947832,0.11915935322889168,0.13845192852614133,0.11244071901071828,0.11608153584519698
216,216.0,216.5941340684651,0.11475172869812882,0.14281294688028065,0.1387910301898303,0.11918429781408463,0.11915232602254902,0.13874868746667923,0.11119792273459449,0.115361060193853
217,217.0,217.59397472825364,0.11415868633700543,0.14456030752888244,0.14038815387773146,0.11881544257585461,0.11902249351301272,0.138634791089962,0.10989681088507494,0.11452331419247656
218,218.0,218.5938915747808,0.11349350479994426,0.1464582737788682,0.14247193406125677,0.1183476484586073,0.11878795136242021,0.13825857543500877,0.10855796001336274,0.11362415209053192
219,219.0,219.59387782090744,0.11270053322539308,0.14776876500355923,0.1442897143308556,0.11661485958578921,0.11839199936186644,0.13938481092096905,0.10712901593587768,0.11372030163568986
220,220.0,220.59392666421235,0.11181023625153091,0.1496819820127964,0.14576940591792795,0.11487166934138018,0.11806960628300704,0.14033409210385106,0.10564097190202351,0.11382203618748313
221,221.0,221.59403135654463,0.11091335958408724,0.15143823792186817,0.14698533194361227,0.11315043060869619,0.11773682898591051,0.14164556638097775,0.10422126356996714,0.11390898100488094
222,222.0,222.59418526607823,0.11064244990980099,0.1532200658174931,0.14769602477124802,0.11137462286168814,0.11730649590316812,0.14308424419638638,0.10278571669064596,0.11389037984956947
223,223.0,223.5943819319977,0.11037730126798681,0.15484128543860778,0.14817579122546004,0.11076111097511432,0.11687520472891653,0.14367698487647296,0.10143280937232431,0.11385951211511744
224,224.0,224.59461511200524,0.11053150312113157,0.15589639134499897,0.14806041362486405,0.10994477320772952,0.1173034480210928,0.1438514227362247,0.10002389056912907,0.11438815737482952
225,225.0,225.59487882289196,0.11069055726548088,0.1567959332812116,0.14773153035721115,0.10918325083977812,0.11818473066916725,0.14380495205697422,0.09870784593206897,0.11490119959810802
226,226.0,226.59516737446108,0.11089134896943187,0.15756595274438193,0.14733066393876668,0.1084981580744768,0.11907532552145894,0.14369649203577786,0.09750802901038161,0.11543402970532454
227,227.0,227.5954753971287,0.11092567635796463,0.15800968158516224,0.14757609205586494,0.10759577358628428,0.11910680955043734,0.14478585145956743,0.0962227949997264,0.11577732040499293
228,228.0,228.59579786355823,0.1108867361920268,0.15825621972720494,0.14819263627344997,0.10668532502333071,0.11987690390739626,0.14593120222581416,0.09486177603090065,0.11530920061987672
229,229.0,229.59613010470926,0.11062992350264592,0.1581488866410074,0.14900049524578535,0.10641181039657283,0.12021218181668865,0.14752180605629997,0.09342124868029725,0.11465364766070282
230,230.0,230.5964678206981,0.110607914623468,0.15781801557412845,0.14955612524133904,0.10595526379965098,0.12021602555724166,0.149985094468072,0.09197458471061566,0.11388697602548438
231,231.0,231.59680708688109,0.11034493559235957,0.15901810059022348,0.1501664068515694,0.10535737324045709,0.1198881616512322,0.1518714398355055,0.0904402991529822,0.11291328308567077
232,232.0,232.59714435557694,0.11010791866155194,0.159465276318587,0.1513837154019802,0.10482900691808693,0.11955469549855434,0.15365606813597243,0.08903325191904503,0.11197006714622235
233,233.0,233.59747645384743,0.11061092350460881,0.15983036193070851,0.15253517511304931,0.10436849607208183,0.1192195219854017,0.1546170190788791,0.08775478964877388,0.11106371266649709
234,234.0,234.59780057775242,0.11085489347568875,0.15988241497159042,0.1537420772728212,0.10434255525716034,0.11859571791750763,0.15513779570129724,0.08748044896911536,0.1099640964348193
235,235.0,235.5981142834894,0.11037254683329784,0.16016073734484934,0.15550474566144137,0.10422810556686432,0.11783190967293283,0.15537146824507686,0.08776487115437953,0.10876561552115811
236,236.0,236.59841547581775,0.10953339806483608,0.1613591087464897,0.15772089742165832,0.10388935160520722,0.11670870687612604,0.1556811648232839,0.0878741331510886,0.10723323931131036
237,237.0,237.59870239415508,0.10992502041548993,0.16230982957164256,0.15951120635887528,0.10291339640750231,0.11557962102389407,0.15532039000860642,0.08795765929252511,0.10648287692146455
238,238.0,238.59897359671714,0.11023120010568274,0.1631421308671303,0.1604990073119957,0.10194983070889449,0.11534832665554914,0.1550407520763371,0.08804951491703297,0.1057392373573777
239,239.0,239.59922794305584,0.11027137305851215,0.16365267250610557,0.161679027974253,0.10076605961546854,0.11484737162640009,0.15616684158746566,0.0869057359178474,0.10571091771394778
240,240.0,240.5994645753301,0.110756297713272,0.16449630885245575,0.16347335806595956,0.09936097127951253,0.1140283901593195,0.1566543831337835,0.08552732703701726,0.10570296375868006
241,241.0,241.59968289862366,0.111105053663005,0.16504010767217278,0.16558248428690747,0.09793189291116294,0.11315021162298755,0.15681876864927274,0.0841124635038228,0.10625901769066885
242,242.0,242.5998825606016,0.11127847441076051,0.16480397792409174,0.16716140827309442,0.09644678314212525,0.11294803712370609,0.15802912782177517,0.08262992593724572,0.10670226536720125
243,243.0,243.60006343077572,0.11147385962665671,0.16524264795084567,0.1688534155220207,0.09512696849997199,0.1128099075453235,0.1589155263415622,0.08121007585747811,0.10636759865614127
244,244.0,244.6002255796247,0.11155739167755543,0.16607929308914088,0.1705940583319872,0.09382623161887856,0.11263736424142658,0.15964010163638334,0.07979874217395114,0.105866817230677
245,245.0,245.60036925779252,0.11220683177142392,0.1665818745556089,0.17236760836554926,0.09255714127454086,0.11243704320059665,0.1602128971399373,0.07841029344802637,0.10522631024431683
246,246.0,246.60049487556566,0.11265336210229387,0.16772946887346382,0.1735823067992791,0.09126592701342998,0.11291965947286939,0.16045147642942878,0.0769926443525215,0.10440515495671364
247,247.0,247.60060298280578,0.11161756414291227,0.16877675205004156,0.17547160589103677,0.09019986945449043,0.11343289393751257,0.1605600244990183,0.07633311017806835,0.10360817984691982
248,248.0,248.60069424949387,0.11040992125379061,0.16954120056062227,0.17681336707331635,0.0891337944147754,0.11435642381851413,0.16102308821262937,0.07597960949144103,0.10274259517491093
249,249.0,249.60076944701822,0.10901378760699743,0.17043945840160907,0.1776541413531095,0.08804467753091805,0.11563469377213008,0.16134455392388772,0.07556259857347553,0.10230608883787268
250,250.0,250.60082943031995,0.10752911804020576,0.1710216169445057,0.1787119099900615,0.08700399239145494,0.11685199003272893,0.16142207926588054,0.07515933448519123,0.10229995884997137
251,251.0,251.6008751209883,0.10597832819491328,0.17183918367149192,0.17933230418630602,0.08601666704660955,0.11800160138027468,0.1615765017934874,0.0751043518730421,0.102151061853875
252,252.0,252.6009074913799,0.10450808547767879,0.17331509793627783,0.1808472470389408,0.08514952147644,0.11800137701631569,0.16098590804115498,0.07515085141814619,0.10204191159504565
253,253.0,253.60092754981855,0.10301398200761022,0.17451873965894166,0.1823729639933209,0.08517198499972192,0.11702461781186979,0.16079250693717442,0.07518684173342334,0.10191836285793769
254,254.0,254.60093632691516,0.10147702369954693,0.17543020397152032,0.1837175485743031,0.08520814238000057,0.11641162299429064,0.16083277793363268,0.07517669264355874,0.10174598780314692
255,255.0,255.60093486303296,0.09994549106066429,0.17618645470630948,0.18532912595757733,0.08527563762368547,0.11571075306512311,0.16055605072816553,0.07545616437509921,0.10154032248337552
256,256.0,256.6009241969087,0.09837430234914306,0.17664787691420455,0.18743811889198397,0.08534084148944007,0.11482043643263704,0.15993339997845396,0.07616884460347827,0.10127617934065902
257,257.0,257.60090535542776,0.09678161877291955,0.17733782293937325,0.18948760118822097,0.08456926131402127,0.11376778450444389,0.16033334701750443,0.076761989532888,0.10096057473062856
258,258.0,258.60087934454066,0.09511955485544707,0.17816258415358874,0.1911615025435112,0.08437824440077073,0.11251398353270795,0.16095334137437195,0.0771747701899285,0.10053601894967382
259,259.0,259.6008471412968,0.09396726344868257,0.17875039789883376,0.19255363652358598,0.08422086063958917,0.11119860477618822,0.16166115670192982,0.07753705351958184,0.10011102649160858
260,260.0,260.6008096869644,0.09283174288808299,0.17909297558010728,0.1938071477057976,0.08408678232252463,0.10935538411527305,0.16334345306738557,0.07780941750644872,0.09967309681438007
261,261.0,261.60076788119557,0.09256984568309437,0.17918605977118152,0.1947721266629959,0.0839523700178381,0.10746047156279213,0.1646486267530186,0.07797336341145424,0.09943713613762506
262,262.0,262.6007225771917,0.09227885529808141,0.1794547669532866,0.19556118474056583,0.08382298437205643,0.1055408816016229,0.16611678170159458,0.0780399295956644,0.09918461573712777
263,263.0,263.6006745778163,0.09199758611484835,0.17990213327726223,0.19654659340458902,0.08371647202128066,0.1036341794716257,0.16723352139324418,0.07803308858269513,0.0989364257344546
264,264.0,264.6006246326002,0.091776965762423,0.18026413699228575,0.19715871999764134,0.0836398341191856,0.10180790523218948,0.16841569211110904,0.07799481564208871,0.09894193014307694
265,265.0,265.6005734355798,0.09153693767850396,0.18078675768053157,0.19763128110531003,0.08356396424040483,0.10000265843439811,0.16965306154876916,0.0778963382310825,0.09892900108099974
266,266.0,266.61052162390564,0.09133211486735172,0.18144750224202458,0.1980235372248689,0.0835017170120457,0.09828502307117755,0.17096641726550607,0.07753247532711854,0.09891121298990685
267,267.0,267.6203697771598,0.0912104135062946,0.18245044213216052,0.19875123699328348,0.0828732952141533,0.09672538256653221,0.171006118217145,0.0772020796394347,0.0997810317309961
268,268.0,268.63002941731696,0.09112271185007775,0.1833763673323834,0.19925938317417405,0.08226592023536984,0.09527093047643792,0.1708159774263044,0.07723933882507124,0.10064937068018136
269,269.0,269.6394227992852,0.09100157037986277,0.18415921049517275,0.19949749109712553,0.08149084645085755,0.0946304136850617,0.17028819834245845,0.07719604439376931,0.10173622515569189
270,270.0,270.64848261506387,0.09065988799545611,0.18485348249750308,0.1996648507635715,0.08074063554617916,0.09408919258989791,0.17008279072970162,0.0771329305942647,0.10277622928342589
271,271.0,271.657151623114,0.09032994257541972,0.1854427259997732,0.199422888284082,0.08001381582053514,0.09363626231041405,0.17014336290366336,0.07726638610578637,0.10374461600032615
272,272.0,272.66538221412793,0.08966329558789257,0.1863108100837944,0.19911730831435018,0.07932508822416245,0.0932770949387209,0.17006970577848554,0.07757886310722129,0.10465783396537268
273,273.0,273.67313592389917,0.08899307530399332,0.18728483294087558,0.19907771350438733,0.07866374618127152,0.0929524386792476,0.1695106925881374,0.07802013181801042,0.1054973689840769
274,274.0,274.6803829034543,0.08833971479829955,0.18815375924787336,0.19899346560584014,0.07803427489742154,0.09269841360955967,0.16893210187064842,0.07840122335230096,0.10644704661805644
275,275.0,275.6871013560194,0.08766949717966885,0.18910239619037192,0.19907092626204426,0.07742653672217542,0.09296030576119606,0.167794484527402,0.07868444094943394,0.10729141240770768
276,276.0,276.69327694976784,0.08699866798715526,0.19018342617335665,0.19947778539536845,0.07683080052745316,0.09322971099925347,0.16637905138781678,0.07888329535255308,0.10801726217704331
277,277.0,277.6989022146437,0.08633572634097536,0.19092575048080612,0.20008889937338498,0.07625421288865403,0.09350535692399722,0.16523792251894526,0.07901168577686841,0.10864044569636874
278,278.0,278.7039759308855,0.08511199765960936,0.19142139154977197,0.2001364176524461,0.07591897316815176,0.09386376733433342,0.16433160739847633,0.07960263655829866,0.1096132086789125
279,279.0,279.70850251619436,0.08381718899284385,0.19249030252850569,0.2000294039884795,0.0755268901364707,0.094034637768136,0.16345301057851874,0.08033714005113575,0.1103114259559099
280,280.0,280.7124914178103,0.08253313044049791,0.19353866082666005,0.19966556049428844,0.07515039752050964,0.09414221870452526,0.16311770407137494,0.08095327451603221,0.11089905342611162
281,281.0,281.7159565150866,0.0814383896269082,0.1941418498018319,0.19903315239318814,0.07487027655513268,0.09429683173840944,0.16351435032250353,0.08157858633570132,0.11112656322632479
282,282.0,282.7189155374844,0.08040046892636059,0.1948552501670519,0.1982557569313502,0.07461870338621666,0.09443047040021249,0.16402315210824986,0.0821422587609195,0.11127393931963879
283,283.0,283.7213895022676,0.07942007692652599,0.19560107055699055,0.19745839142105945,0.07456701741204122,0.09453933786947208,0.16475862069878477,0.08232137936136207,0.11133410575376387
284,284.0,284.72340217554984,0.07879567905130289,0.19689928716257962,0.1962148242968328,0.07453948519421995,0.09459723265721487,0.16548420649906037,0.0827237788404114,0.11074550629837815
285,285.0,285.7249795597483,0.0782071366179461,0.19809278394727603,0.1948600485730258,0.07452492840097491,0.09459764400123571,0.16608399941321844,0.08354263631375858,0.11009082273256446
286,286.0,286.72614940992946,0.07818491285245564,0.19896484376943327,0.1934262747292046,0.07450549292458206,0.09457887046146324,0.16675776204506873,0.08428089997602323,0.10930094324176928
287,287.0,287.7269407809932,0.07823122171048086,0.19974437219076344,0.19195147345086044,0.07451087286356453,0.09504491915737992,0.16735867798714224,0.08467374091081514,0.10848472172899348
288,288.0,288.7273836071406,0.07794758133865001,0.20107782035638005,0.1907665854876607,0.07451915224970342,0.0951287828082149,0.168001416753709,0.08498075215645565,0.10757790884922624
289,289.0,289.7275083146019,0.0779233259902452,0.20324331829756387,0.19124595108353976,0.07329102723646609,0.09468357743818558,0.16803938673360969,0.08546326435953544,0.10611014886085435
290,290.0,290.727345468171,0.07771655559907475,0.20499183803713533,0.19276858199317812,0.07192929322689487,0.09404226632355792,0.16795427497286194,0.08568978535949796,0.10490740448779906
291,291.0,291.7269254517015,0.07784630110618056,0.20648972717406744,0.19409963907003291,0.07048381226500555,0.09418964750032333,0.167449306846281,0.08590646952297122,0.10353509651513794
292,292.0,292.7262781823619,0.07785587426033494,0.2081956256109087,0.19488770258427088,0.06898739720446458,0.09415871450917933,0.16707255375419477,0.08597114969611647,0.10287098238053029
293,293.0,293.7254328581327,0.07781431298311549,0.20968514943526997,0.19554182598443814,0.06825024012774938,0.09397029191451536,0.16674057203162884,0.08589240734465743,0.10210520017862537
294,294.0,294.72441773774506,0.07772598428771874,0.2111141641600774,0.19616808680717723,0.06745377967708693,0.09364290511197128,0.16625493293288143,0.08567564385393785,0.10196450316914912
295,295.0,295.72325995201874,0.07766903041831472,0.21272845189745157,0.19686595639269389,0.06671908373406153,0.09332790290419729,0.16540758927001387,0.08542513844431855,0.10185684693894859
296,296.0,296.7219853453449,0.07787084972695715,0.2143266276272311,0.19753365578617896,0.06602911466744042,0.09299968655771763,0.16463306441932868,0.08556822953986254,0.10103877167528352
297,297.0,297.72061834588493,0.07804037155324482,0.2157183333685856,0.19807535515629177,0.06537606653582886,0.09277328076008748,0.1641863998331263,0.0856142335600102,0.10021595923282499
298,298.0,298.71918186291214,0.07812855698283622,0.21686019932805195,0.1983503738957324,0.06533262700035554,0.09240570710563024,0.163864647623946,0.08575864808711774,0.09929923997632992
299,299.0,299.71769720960754,0.07818263582807998,0.21808397171456045,0.19834758247336598,0.06532244317382487,0.09199710015613938,0.16371051928867433,0.08580670015023427,0.09854904721512078
300,300.0,300.71618404953733,0.07888490591636246,0.21911811464625325,0.1979706194159948,0.06535167749937003,0.09156325235384945,0.16349632712062354,0.08578493851350437,0.09783016453404211
301,301.0,301.7146603649788,0.07941062889375397,0.22017005710086535,0.19730494370714413,0.06589955437702164,0.09101181991707269,0.16359333960654876,0.08561053281805701,0.09699912357953645
302,302.0,302.71314244522625,0.07992903022329655,0.22095331572948546,0.19695379883888925,0.06647530471455856,0.09047033054918888,0.1636096777544811,0.08539674541311384,0.09621179677698635
303,303.0,303.71164489299673,0.08036570966962626,0.2220950059442722,0.19647070529687471,0.06705470247595463,0.08992478242225506,0.16356157035836044,0.08512500387048422,0.09540251996217249
304,304.0,304.71018064706016,0.08079255670801262,0.22311503830433413,0.1959258338691931,0.06765049748864842,0.08940787813319175,0.16424417861380297,0.08421606119116311,0.09464795569165398
305,305.0,305.70876101924665,0.08105757764256726,0.22417172061099166,0.19556521498695437,0.06867384566157525,0.08882597004294161,0.16466563606426704,0.08323900105232275,0.09380103393838016
306,306.0,306.70739574402205,0.08123875470427008,0.2261540187204642,0.19528332052045394,0.07014936352913315,0.08734307796730087,0.165145268021903,0.08227094413902053,0.09241525239745431
307,307.0,307.70609303887966,0.08181159366094358,0.2274303140143346,0.1950336453275654,0.0724051369771006,0.08577173750306569,0.16543699104857393,0.08118609380264472,0.09092448766577158
308,308.0,308.70485967386276,0.08227578962127358,0.22909816548093415,0.1949060569524353,0.07460309991270778,0.08421593619875506,0.16538244732322668,0.08008605221249389,0.08943245229817368
309,309.0,309.7037010486089,0.08263468158853456,0.23016700816115507,0.19507892538190272,0.07673301237171049,0.08270755954215704,0.16545604422217744,0.07927108914314092,0.08795167958922183
310,310.0,310.70262127539434,0.08280976281270419,0.23099563865828254,0.19545399376058414,0.07861809864731821,0.08198396677998701,0.16536174190628508,0.0783609129359507,0.08641588449888822
311,311.0,311.70162326674733,0.08282825075326129,0.23231550397861075,0.195747340965628,0.08027942690395681,0.08117808586145245,0.16517760099609877,0.07761252901112853,0.08486126152986354
312,312.0,312.7007088262975,0.08274676286967611,0.23398322665196833,0.1961204681209453,0.08182827422485144,0.08041072657831098,0.16469687126670676,0.0768714216328556,0.0833422486546856
313,313.0,313.6998787416297,0.08256579678542916,0.2353046615400054,0.1966778836206719,0.0832527939684012,0.07967072853227752,0.16400712518214822,0.07611614845760492,0.08240486191346177
314,314.0,314.6991328780124,0.08261349439803646,0.23620205686313628,0.19715735041236543,0.08456468931211557,0.0789956150887148,0.16354645038946425,0.07540141779407317,0.08151892574209417
315,315.0,315.69847027197665,0.08264462105047657,0.2369689728544211,0.19768127121285609,0.08577057582481983,0.07839210893165566,0.16307946801259815,0.074731655547333,0.08073132656583971
316,316.0,316.69788922382475,0.08214336775091291,0.23765372986097752,0.19801113554079786,0.08752062268912243,0.07805356419130279,0.16193403046846921,0.07419801767987118,0.0804855318185462
317,317.0,317.69738738824975,0.08179429779867657,0.23810552125763373,0.19871439285378623,0.08914953416657317,0.07751257710763924,0.1607039465034026,0.07369786989044567,0.08032186042184286
318,318.0,318.6969618623498,0.08136838818573691,0.23828812672584018,0.19919870096566464,0.0910256706869412,0.07693115887970843,0.15968635038555276,0.07335981875132305,0.08014178541923293
319,319.0,319.6966092704163,0.08084451739066684,0.2383335162933954,0.19967359665820966,0.09249970112914899,0.07632162227002852,0.15851473039210826,0.07298695031359624,0.08082536555284625
320,320.0,320.69632584497197,0.0803160195216025,0.23827522422971448,0.1998463057321543,0.09384054935591396,0.07577074802825648,0.1576168381190667,0.07264689855445522,0.08168741645883647
321,321.0,321.6961075036224,0.07974358955061497,0.23824971016515065,0.2001210939148514,0.09503745008284863,0.07526736788416455,0.1567353211523568,0.07232500164307579,0.08252046560693738
322,322.0,322.69594992137155,0.07917836569540496,0.23814296645833585,0.2002467673782627,0.09610035839174028,0.07482091719012088,0.15610043936173604,0.07203780709044923,0.08337237843395025
323,323.0,323.6958485981321,0.0786340154106112,0.23797291933822778,0.20034714525877564,0.09703849568846983,0.07443661875522663,0.15552386104069899,0.0717976191005576,0.08424932540743256
324,324.0,324.6957989212352,0.07811749844564361,0.2377530050227622,0.20024624249169742,0.097856759503088,0.0741157039415194,0.1552821315687742,0.0716129497078371,0.08501570931867823
325,325.0,325.6957962228157,0.07765425297610365,0.23771187283365397,0.1999216423051724,0.09856679748838075,0.07387473286958493,0.1551419207827755,0.07132640409232041,0.08580237665200859
326,326.0,326.69583583201,0.07687694843623978,0.23792093450379315,0.1990895520878704,0.09950434917517671,0.07401720049327663,0.15516590994279147,0.07090524100707478,0.08651986435377723
327,327.0,327.69591312196474,0.07610016660969673,0.238143372816699,0.19829792301615706,0.10030349525831773,0.07416129254494128,0.15516488724294944,0.07062699959770587,0.08720186291353303
328,328.0,328.6960235517044,0.07545920527916894,0.23837888123482123,0.1974337445064011,0.10096808708511891,0.07430222426812541,0.15525663217464344,0.07035796089017325,0.0878432645615479
329,329.0,329.6961627029531,0.07484569408425057,0.2385557989962308,0.1965694098896901,0.10163707877426748,0.07445681254000577,0.15537095215100508,0.07011557318592643,0.08844868037862395
330,330.0,330.6963263120473,0.07425842473392134,0.23842729161762216,0.19601856633095777,0.1021830389770193,0.07461692569245733,0.15560231198808827,0.0698879140132892,0.08900552664664481
331,331.0,331.6965102971117,0.07371063041788946,0.23826185362198418,0.19536149623783788,0.10262879720008898,0.07479626330165759,0.15591006714556566,0.06967947724337625,0.08965141483160016
