,Unnamed: 0,Total_iterations,Intertwine_two,Add_vertex,Delete_vertex,Invert_path_vertices,Insert_inside_vertex,Delete_inside_vertex,Replace_inside_vertex,Donate_between_routes
0,0.0,0.0,0.125,0.125,0.125,0.125,0.125,0.125,0.125,0.125
1,1.0,1.0,0.125,0.125,0.125,0.125,0.125,0.125,0.125,0.125
2,2.0,2.0,0.125,0.125,0.125,0.125,0.125,0.125,0.125,0.125
3,3.0,3.0,0.125,0.125,0.125,0.125,0.125,0.125,0.125,0.125
4,4.0,4.0,0.125,0.125,0.125,0.125,0.125,0.125,0.125,0.125
5,5.0,5.0,0.125,0.125,0.125,0.125,0.125,0.125,0.125,0.125
6,6.0,6.0,0.125,0.125,0.125,0.125,0.125,0.125,0.125,0.125
7,7.0,7.0,0.125,0.125,0.125,0.125,0.125,0.125,0.125,0.125
8,8.0,8.0,0.125,0.125,0.125,0.125,0.125,0.125,0.125,0.125
9,9.0,9.0,0.125,0.125,0.125,0.125,0.125,0.125,0.125,0.125
10,10.0,10.0,0.125,0.125,0.125,0.125,0.125,0.125,0.125,0.125
11,11.0,11.0,0.125,0.125,0.125,0.125,0.125,0.125,0.125,0.125
12,12.0,12.0,0.125,0.125,0.125,0.125,0.125,0.125,0.125,0.125
13,13.0,13.0,0.125,0.125,0.125,0.125,0.125,0.125,0.125,0.125
14,14.0,14.0,0.125,0.125,0.125,0.125,0.125,0.125,0.125,0.125
15,15.0,15.0,0.125,0.125,0.125,0.125,0.125,0.125,0.125,0.125
16,16.0,16.0,0.125,0.125,0.125,0.125,0.125,0.125,0.125,0.125
17,17.0,17.0,0.125,0.125,0.125,0.125,0.125,0.125,0.125,0.125
18,18.0,18.0,0.125,0.125,0.125,0.125,0.125,0.125,0.125,0.125
19,19.0,19.0,0.125,0.125,0.125,0.125,0.125,0.125,0.125,0.125
20,20.0,20.0,0.125,0.125,0.125,0.125,0.125,0.125,0.125,0.125
21,21.0,21.0,0.125,0.125,0.125,0.125,0.125,0.125,0.125,0.125
22,22.0,22.0,0.125,0.125,0.125,0.125,0.125,0.125,0.125,0.125
23,23.0,23.0,0.125,0.125,0.125,0.125,0.125,0.125,0.125,0.125
24,24.0,24.0,0.125,0.125,0.125,0.125,0.125,0.125,0.125,0.125
25,25.0,25.0,0.125,0.125,0.125,0.125,0.125,0.125,0.125,0.125
26,26.0,26.0,0.125,0.125,0.125,0.125,0.125,0.125,0.125,0.125
27,27.0,27.0,0.125,0.125,0.125,0.125,0.125,0.125,0.125,0.125
28,28.0,28.0,0.125,0.125,0.125,0.125,0.125,0.125,0.125,0.125
29,29.0,29.0,0.125,0.125,0.125,0.125,0.125,0.125,0.125,0.125
30,30.0,30.0,0.125,0.125,0.125,0.125,0.125,0.125,0.125,0.125
31,31.0,31.0,0.125,0.125,0.125,0.125,0.125,0.125,0.125,0.125
32,32.0,32.0,0.125,0.125,0.125,0.125,0.125,0.125,0.125,0.125
33,33.0,33.0,0.125,0.125,0.125,0.125,0.125,0.125,0.125,0.125
34,34.0,34.0,0.125,0.125,0.125,0.125,0.125,0.125,0.125,0.125
35,35.0,35.0,0.125,0.125,0.125,0.125,0.125,0.125,0.125,0.125
36,36.0,36.0,0.125,0.125,0.125,0.125,0.125,0.125,0.125,0.125
37,37.0,37.0,0.125,0.125,0.125,0.125,0.125,0.125,0.125,0.125
38,38.0,38.0,0.125,0.125,0.125,0.125,0.125,0.125,0.125,0.125
39,39.0,39.0,0.125,0.125,0.125,0.125,0.125,0.125,0.125,0.125
40,40.0,40.0,0.125,0.125,0.125,0.125,0.125,0.125,0.125,0.125
41,41.0,41.0,0.125,0.125,0.125,0.125,0.125,0.125,0.125,0.125
42,42.0,42.0,0.125,0.125,0.125,0.125,0.125,0.125,0.125,0.125
43,43.0,43.0,0.125,0.125,0.125,0.125,0.125,0.125,0.125,0.125
44,44.0,44.0,0.125,0.125,0.125,0.125,0.125,0.125,0.125,0.125
45,45.0,45.0,0.125,0.125,0.125,0.125,0.125,0.125,0.125,0.125
46,46.0,46.0,0.125,0.125,0.125,0.125,0.125,0.125,0.125,0.125
47,47.0,47.0,0.125,0.125,0.125,0.125,0.125,0.125,0.125,0.125
48,48.0,48.0,0.125,0.125,0.125,0.125,0.125,0.125,0.125,0.125
49,49.0,49.0,0.125,0.125,0.125,0.125,0.125,0.125,0.125,0.125
50,50.0,50.0,0.125,0.125,0.125,0.125,0.125,0.125,0.125,0.125
51,51.0,51.0,0.125,0.125,0.125,0.125,0.125,0.125,0.125,0.125
52,52.0,52.0,0.125,0.125,0.125,0.125,0.125,0.125,0.125,0.125
53,53.0,53.0,0.125,0.125,0.125,0.125,0.125,0.125,0.125,0.125
54,54.0,54.0,0.125,0.125,0.125,0.125,0.125,0.125,0.125,0.125
55,55.0,55.0,0.125,0.125,0.125,0.125,0.125,0.125,0.125,0.125
56,56.0,56.0,0.125,0.125,0.125,0.125,0.125,0.125,0.125,0.125
57,57.0,57.0,0.125,0.125,0.125,0.125,0.125,0.125,0.125,0.125
58,58.0,58.0,0.125,0.125,0.125,0.125,0.125,0.125,0.125,0.125
59,59.0,59.0,0.125,0.125,0.125,0.125,0.125,0.125,0.125,0.125
60,60.0,60.0,0.125,0.125,0.125,0.125,0.125,0.125,0.125,0.125
61,61.0,61.0,0.125,0.125,0.125,0.125,0.125,0.125,0.125,0.125
62,62.0,62.0,0.125,0.125,0.125,0.125,0.125,0.125,0.125,0.125
63,63.0,63.0,0.125,0.125,0.125,0.125,0.125,0.125,0.125,0.125
64,64.0,64.1,0.125,0.125,0.125,0.125,0.125,0.125,0.125,0.125
65,65.0,65.1,0.125,0.125,0.125,0.125,0.125,0.125,0.125,0.125
66,66.0,66.1,0.125,0.125,0.125,0.125,0.125,0.125,0.125,0.125
67,67.0,67.1,0.125,0.125,0.125,0.125,0.125,0.125,0.125,0.125
68,68.0,68.1,0.125,0.125,0.125,0.125,0.125,0.125,0.125,0.125
69,69.0,69.1,0.125,0.125,0.125,0.125,0.125,0.125,0.125,0.125
70,70.0,70.1,0.125,0.125,0.125,0.125,0.125,0.125,0.125,0.125
71,71.0,71.1,0.125,0.125,0.125,0.125,0.125,0.125,0.125,0.125
72,72.0,72.1,0.125,0.125,0.125,0.125,0.125,0.125,0.125,0.125
73,73.0,73.2,0.125,0.125,0.125,0.125,0.125,0.125,0.125,0.125
74,74.0,74.2,0.125,0.125,0.125,0.125,0.125,0.125,0.125,0.125
75,75.0,75.2,0.125,0.125,0.125,0.125,0.125,0.125,0.125,0.125
76,76.0,76.2,0.125,0.125,0.125,0.125,0.125,0.125,0.125,0.125
77,77.0,77.2,0.125,0.125,0.125,0.125,0.125,0.125,0.125,0.125
78,78.0,78.2,0.125,0.125,0.125,0.125,0.125,0.125,0.125,0.125
79,79.0,79.3,0.125,0.125,0.125,0.125,0.125,0.125,0.125,0.125
80,80.0,80.3,0.125,0.125,0.125,0.125,0.125,0.125,0.125,0.125
81,81.0,81.4,0.125,0.125,0.125,0.125,0.125,0.125,0.125,0.125
82,82.0,82.4,0.125,0.125,0.125,0.125,0.125,0.125,0.125,0.125
83,83.0,83.4,0.125,0.125,0.125,0.125,0.125,0.125,0.125,0.125
84,84.0,84.4,0.125,0.125,0.125,0.125,0.125,0.125,0.125,0.125
85,85.0,85.4,0.125,0.125,0.125,0.125,0.125,0.125,0.125,0.125
86,86.0,86.4,0.125,0.125,0.125,0.125,0.125,0.125,0.125,0.125
87,87.0,87.4,0.125,0.125,0.125,0.125,0.125,0.125,0.125,0.125
88,88.0,88.4,0.125,0.125,0.125,0.125,0.125,0.125,0.125,0.125
89,89.0,89.4,0.125,0.125,0.125,0.125,0.125,0.125,0.125,0.125
90,90.0,90.4,0.125,0.125,0.125,0.125,0.125,0.125,0.125,0.125
91,91.0,91.5,0.125,0.125,0.125,0.125,0.125,0.125,0.125,0.125
92,92.0,92.5,0.125,0.125,0.125,0.125,0.125,0.125,0.125,0.125
93,93.0,93.5,0.125,0.125,0.125,0.125,0.125,0.125,0.125,0.125
94,94.0,94.5,0.125,0.125,0.125,0.125,0.125,0.125,0.125,0.125
95,95.0,95.5,0.125,0.125,0.125,0.125,0.125,0.125,0.125,0.125
96,96.0,96.5,0.125,0.125,0.125,0.125,0.125,0.125,0.125,0.125
97,97.0,97.5,0.125,0.125,0.125,0.125,0.125,0.125,0.125,0.125
98,98.0,98.5,0.125,0.125,0.125,0.125,0.125,0.125,0.125,0.125
99,99.0,99.5,0.125,0.125,0.125,0.125,0.125,0.125,0.125,0.125
100,100.0,100.5,0.125,0.125,0.125,0.125,0.125,0.125,0.125,0.125
101,101.0,101.5,0.125,0.125,0.125,0.125,0.125,0.125,0.125,0.125
102,102.0,102.5,0.125,0.125,0.125,0.125,0.125,0.125,0.125,0.125
103,103.0,103.5,0.125,0.125,0.125,0.125,0.125,0.125,0.125,0.125
104,104.0,104.5,0.125,0.125,0.125,0.125,0.125,0.125,0.125,0.125
105,105.0,105.5,0.125,0.125,0.125,0.125,0.125,0.125,0.125,0.125
106,106.0,106.5,0.125,0.125,0.125,0.125,0.125,0.125,0.125,0.125
107,107.0,107.5,0.125,0.125,0.125,0.125,0.125,0.125,0.125,0.125
108,108.0,108.5,0.125,0.125,0.125,0.125,0.125,0.125,0.125,0.125
109,109.0,109.5,0.125,0.125,0.125,0.125,0.125,0.125,0.125,0.125
110,110.0,110.5,0.125,0.125,0.125,0.125,0.125,0.125,0.125,0.125
111,111.0,111.5,0.125,0.125,0.125,0.125,0.125,0.125,0.125,0.125
112,112.0,112.5,0.125,0.125,0.125,0.125,0.125,0.125,0.125,0.125
113,113.0,113.5,0.125,0.125,0.125,0.125,0.125,0.125,0.125,0.125
114,114.0,114.5,0.125,0.125,0.125,0.125,0.125,0.125,0.125,0.125
115,115.0,115.5,0.125,0.125,0.125,0.125,0.125,0.125,0.125,0.125
116,116.0,116.5,0.125,0.125,0.125,0.125,0.125,0.125,0.125,0.125
117,117.0,117.5,0.125,0.125,0.125,0.125,0.125,0.125,0.125,0.125
118,118.0,118.5,0.125,0.125,0.125,0.125,0.125,0.125,0.125,0.125
119,119.0,119.5,0.125,0.125,0.125,0.125,0.125,0.125,0.125,0.125
120,120.0,120.5,0.125,0.125,0.125,0.125,0.125,0.125,0.125,0.125
121,121.0,121.5,0.125,0.125,0.125,0.125,0.125,0.125,0.125,0.125
122,122.0,122.5,0.125,0.125,0.125,0.125,0.125,0.125,0.125,0.125
123,123.0,123.5,0.125,0.125,0.125,0.125,0.125,0.125,0.125,0.125
124,124.0,124.5,0.125,0.125,0.125,0.125,0.125,0.125,0.125,0.125
125,125.0,125.5,0.125,0.125,0.125,0.125,0.125,0.125,0.125,0.125
126,126.0,126.5,0.125,0.125,0.125,0.125,0.125,0.125,0.125,0.125
127,127.0,127.5,0.125,0.125,0.125,0.125,0.125,0.125,0.125,0.125
128,128.0,128.5,0.125,0.125,0.125,0.125,0.125,0.125,0.125,0.125
129,129.0,129.5,0.125,0.125,0.125,0.125,0.125,0.125,0.125,0.125
130,130.0,130.5,0.125,0.125,0.125,0.125,0.125,0.125,0.125,0.125
131,131.0,131.5,0.125,0.125,0.125,0.125,0.125,0.125,0.125,0.125
132,132.0,132.5,0.125,0.125,0.125,0.125,0.125,0.125,0.125,0.125
133,133.0,133.5,0.125,0.125,0.125,0.125,0.125,0.125,0.125,0.125
134,134.0,134.5,0.125,0.125,0.125,0.125,0.125,0.125,0.125,0.125
135,135.0,135.5,0.125,0.125,0.125,0.125,0.125,0.125,0.125,0.125
136,136.0,136.5,0.125,0.125,0.125,0.125,0.125,0.125,0.125,0.125
137,137.0,137.5,0.125,0.125,0.125,0.125,0.125,0.125,0.125,0.125
138,138.0,138.5,0.125,0.125,0.125,0.125,0.125,0.125,0.125,0.125
139,139.0,139.5,0.125,0.125,0.125,0.125,0.125,0.125,0.125,0.125
140,140.0,140.5,0.125,0.125,0.125,0.125,0.125,0.125,0.125,0.125
141,141.0,141.5,0.125,0.125,0.125,0.125,0.125,0.125,0.125,0.125
142,142.0,142.5,0.125,0.125,0.125,0.125,0.125,0.125,0.125,0.125
143,143.0,143.5,0.125,0.125,0.125,0.125,0.125,0.125,0.125,0.125
144,144.0,144.5,0.125,0.125,0.125,0.125,0.125,0.125,0.125,0.125
145,145.0,145.5,0.125,0.125,0.125,0.125,0.125,0.125,0.125,0.125
146,146.0,146.5,0.125,0.125,0.125,0.125,0.125,0.125,0.125,0.125
147,147.0,147.5,0.125,0.125,0.125,0.125,0.125,0.125,0.125,0.125
148,148.0,148.5,0.125,0.125,0.125,0.125,0.125,0.125,0.125,0.125
149,149.0,149.5,0.125,0.125,0.125,0.125,0.125,0.125,0.125,0.125
150,150.0,150.5,0.125,0.125,0.125,0.125,0.125,0.125,0.125,0.125
151,151.0,151.5,0.125,0.125,0.125,0.125,0.125,0.125,0.125,0.125
152,152.0,152.5,0.125,0.125,0.125,0.125,0.125,0.125,0.125,0.125
153,153.0,153.5,0.125,0.125,0.125,0.125,0.125,0.125,0.125,0.125
154,154.0,154.5,0.125,0.125,0.125,0.125,0.125,0.125,0.125,0.125
155,155.0,155.5,0.125,0.125,0.125,0.125,0.125,0.125,0.125,0.125
156,156.0,156.5,0.125,0.125,0.125,0.125,0.125,0.125,0.125,0.125
157,157.0,157.5,0.125,0.125,0.125,0.125,0.125,0.125,0.125,0.125
158,158.0,158.5,0.125,0.125,0.125,0.125,0.125,0.125,0.125,0.125
159,159.0,159.5,0.125,0.125,0.125,0.125,0.125,0.125,0.125,0.125
160,160.0,160.5,0.125,0.125,0.125,0.125,0.125,0.125,0.125,0.125
161,161.0,161.5,0.125,0.125,0.125,0.125,0.125,0.125,0.125,0.125
162,162.0,162.5,0.125,0.125,0.125,0.125,0.125,0.125,0.125,0.125
163,163.0,163.5,0.125,0.125,0.125,0.125,0.125,0.125,0.125,0.125
164,164.0,164.5,0.125,0.125,0.125,0.125,0.125,0.125,0.125,0.125
165,165.0,165.5,0.125,0.125,0.125,0.125,0.125,0.125,0.125,0.125
166,166.0,166.5,0.125,0.125,0.125,0.125,0.125,0.125,0.125,0.125
167,167.0,167.5,0.125,0.125,0.125,0.125,0.125,0.125,0.125,0.125
168,168.0,168.5,0.125,0.125,0.125,0.125,0.125,0.125,0.125,0.125
169,169.0,169.5,0.125,0.125,0.125,0.125,0.125,0.125,0.125,0.125
170,170.0,170.5,0.125,0.125,0.125,0.125,0.125,0.125,0.125,0.125
171,171.0,171.5,0.125,0.125,0.125,0.125,0.125,0.125,0.125,0.125
172,172.0,172.5,0.125,0.125,0.125,0.125,0.125,0.125,0.125,0.125
173,173.0,173.5,0.125,0.125,0.125,0.125,0.125,0.125,0.125,0.125
174,174.0,174.5,0.125,0.125,0.125,0.125,0.125,0.125,0.125,0.125
175,175.0,175.5,0.125,0.125,0.125,0.125,0.125,0.125,0.125,0.125
176,176.0,176.5,0.125,0.125,0.125,0.125,0.125,0.125,0.125,0.125
177,177.0,177.5,0.125,0.125,0.125,0.125,0.125,0.125,0.125,0.125
178,178.0,178.5,0.125,0.125,0.125,0.125,0.125,0.125,0.125,0.125
179,179.0,179.5,0.125,0.125,0.125,0.125,0.125,0.125,0.125,0.125
180,180.0,180.5,0.125,0.125,0.125,0.125,0.125,0.125,0.125,0.125
181,181.0,181.5,0.125,0.125,0.125,0.125,0.125,0.125,0.125,0.125
182,182.0,182.5,0.125,0.125,0.125,0.125,0.125,0.125,0.125,0.125
183,183.0,183.5,0.125,0.125,0.125,0.125,0.125,0.125,0.125,0.125
184,184.0,184.5,0.125,0.125,0.125,0.125,0.125,0.125,0.125,0.125
185,185.0,185.5,0.125,0.125,0.125,0.125,0.125,0.125,0.125,0.125
186,186.0,186.5,0.125,0.125,0.125,0.125,0.125,0.125,0.125,0.125
187,187.0,187.5,0.125,0.125,0.125,0.125,0.125,0.125,0.125,0.125
188,188.0,188.5,0.125,0.125,0.125,0.125,0.125,0.125,0.125,0.125
189,189.0,189.5,0.125,0.125,0.125,0.125,0.125,0.125,0.125,0.125
190,190.0,190.5,0.125,0.125,0.125,0.125,0.125,0.125,0.125,0.125
191,191.0,191.5,0.125,0.125,0.125,0.125,0.125,0.125,0.125,0.125
192,192.0,192.5,0.125,0.125,0.125,0.125,0.125,0.125,0.125,0.125
193,193.0,193.5,0.125,0.125,0.125,0.125,0.125,0.125,0.125,0.125
194,194.0,194.5,0.125,0.125,0.125,0.125,0.125,0.125,0.125,0.125
195,195.0,195.5,0.125,0.125,0.125,0.125,0.125,0.125,0.125,0.125
196,196.0,196.5,0.125,0.125,0.125,0.125,0.125,0.125,0.125,0.125
197,197.0,197.5,0.125,0.125,0.125,0.125,0.125,0.125,0.125,0.125
198,198.0,198.5,0.125,0.125,0.125,0.125,0.125,0.125,0.125,0.125
199,199.0,199.5,0.125,0.125,0.125,0.125,0.125,0.125,0.125,0.125
200,200.0,200.5,0.12222222222222223,0.13333333333333333,0.12222222222222223,0.13333333333333336,0.12222222222222223,0.12222222222222223,0.12222222222222223,0.12222222222222223
201,201.0,201.5,0.1211111111111111,0.13111111111111112,0.1211111111111111,0.1422222222222222,0.1211111111111111,0.1211111111111111,0.1211111111111111,0.1211111111111111
202,202.0,202.5,0.1211111111111111,0.13111111111111112,0.1211111111111111,0.1422222222222222,0.1211111111111111,0.1211111111111111,0.1211111111111111,0.1211111111111111
203,203.0,203.5,0.1211111111111111,0.13111111111111112,0.1211111111111111,0.1422222222222222,0.1211111111111111,0.1211111111111111,0.1211111111111111,0.1211111111111111
204,204.0,204.5,0.1322222222222222,0.13111111111111112,0.1211111111111111,0.13111111111111112,0.1211111111111111,0.1211111111111111,0.1211111111111111,0.1211111111111111
205,205.0,205.5,0.13131313131313133,0.1292929292929293,0.1202020202020202,0.1292929292929293,0.1202020202020202,0.1202020202020202,0.1202020202020202,0.1292929292929293
206,206.0,206.5,0.13131313131313133,0.1292929292929293,0.1202020202020202,0.1292929292929293,0.1202020202020202,0.1202020202020202,0.1202020202020202,0.1292929292929293
207,207.0,207.5,0.13131313131313133,0.1202020202020202,0.1202020202020202,0.1383838383838384,0.1202020202020202,0.1202020202020202,0.1202020202020202,0.1292929292929293
208,208.0,208.5,0.13131313131313133,0.1202020202020202,0.1202020202020202,0.1383838383838384,0.1202020202020202,0.1202020202020202,0.1202020202020202,0.1292929292929293
209,209.0,209.5,0.1290909090909091,0.1290909090909091,0.1190909090909091,0.13727272727272727,0.1190909090909091,0.1190909090909091,0.1190909090909091,0.12818181818181817
210,210.0,210.5,0.1290909090909091,0.1290909090909091,0.1190909090909091,0.13727272727272727,0.1190909090909091,0.1190909090909091,0.1190909090909091,0.12818181818181817
211,211.0,211.5,0.12588383838383838,0.12588383838383838,0.11679292929292928,0.1349747474747475,0.11679292929292928,0.12588383838383838,0.11679292929292928,0.13699494949494948
212,212.0,212.5,0.12477272727272726,0.12477272727272726,0.11568181818181818,0.13386363636363635,0.11568181818181818,0.12477272727272726,0.12568181818181817,0.13477272727272727
213,213.0,213.5,0.12386363636363636,0.12386363636363636,0.12386363636363637,0.13295454545454546,0.11477272727272728,0.12386363636363636,0.12386363636363637,0.13295454545454546
214,214.0,214.5,0.12992424242424244,0.12159090909090908,0.12159090909090908,0.1314393939393939,0.11325757575757574,0.12159090909090908,0.12992424242424241,0.13068181818181818
215,215.0,215.5,0.1280011655011655,0.1280011655011655,0.12094988344988344,0.13079836829836827,0.1126165501165501,0.1203088578088578,0.12928321678321678,0.13004079254079254
216,216.0,216.5,0.133495670995671,0.12635281385281383,0.1204004329004329,0.13024891774891773,0.11206709956709955,0.11920995670995671,0.12873376623376623,0.129491341991342
217,217.0,217.5,0.133495670995671,0.12635281385281383,0.1204004329004329,0.13024891774891773,0.11206709956709955,0.11920995670995671,0.12873376623376623,0.129491341991342
218,218.0,218.5,0.133495670995671,0.12635281385281383,0.1204004329004329,0.13024891774891773,0.11206709956709955,0.11920995670995671,0.12873376623376623,0.129491341991342
219,219.0,219.5,0.133495670995671,0.12635281385281383,0.11206709956709955,0.13024891774891773,0.11206709956709955,0.11920995670995671,0.12873376623376623,0.13782467532467532
220,220.0,220.5,0.13285464535464536,0.1334040959040959,0.11142607392607391,0.1296078921078921,0.11142607392607391,0.11856893106893107,0.12681068931068928,0.13590159840159838
221,221.0,221.5,0.13230519480519481,0.1323051948051948,0.11087662337662336,0.12905844155844154,0.11087662337662336,0.12516233766233764,0.12516233766233764,0.13425324675324674
222,222.0,222.5,0.13182900432900432,0.13135281385281383,0.11040043290043289,0.12858225108225108,0.11040043290043289,0.13087662337662337,0.12373376623376622,0.13282467532467532
223,223.0,223.5,0.13182900432900432,0.13135281385281383,0.11040043290043289,0.12858225108225108,0.11040043290043289,0.13087662337662337,0.12373376623376622,0.13282467532467532
224,224.0,224.5,0.13182900432900432,0.13135281385281383,0.11040043290043289,0.12858225108225108,0.11040043290043289,0.13087662337662337,0.12373376623376622,0.13282467532467532
225,225.0,225.5,0.13044011544011544,0.12996392496392495,0.109011544011544,0.1383044733044733,0.109011544011544,0.12948773448773448,0.12234487734487734,0.13143578643578643
226,226.0,226.5,0.13044011544011544,0.12996392496392495,0.109011544011544,0.1383044733044733,0.109011544011544,0.12948773448773448,0.12234487734487734,0.13143578643578643
227,227.0,227.5,0.12932900432900435,0.12885281385281383,0.11790043290043288,0.13608225108225108,0.1079004329004329,0.12837662337662337,0.12123376623376622,0.13032467532467532
228,228.0,228.5,0.12932900432900435,0.12885281385281383,0.11790043290043288,0.13608225108225108,0.1079004329004329,0.12837662337662337,0.12123376623376622,0.13032467532467532
229,229.0,229.5,0.12932900432900435,0.12885281385281383,0.11790043290043288,0.13608225108225108,0.1079004329004329,0.12837662337662337,0.12123376623376622,0.13032467532467532
230,230.0,230.5,0.12932900432900435,0.12885281385281383,0.11790043290043288,0.13608225108225108,0.1079004329004329,0.12837662337662337,0.12123376623376622,0.13032467532467532
231,231.0,231.5,0.12932900432900435,0.12885281385281383,0.11790043290043288,0.13608225108225108,0.1079004329004329,0.12837662337662337,0.12123376623376622,0.13032467532467532
232,232.0,232.5,0.1284199134199134,0.12794372294372294,0.11608225108225108,0.13426406926406925,0.10699134199134197,0.13655844155844155,0.12032467532467532,0.1294155844155844
233,233.0,233.5,0.1284199134199134,0.12794372294372294,0.11608225108225108,0.13426406926406925,0.10699134199134197,0.13655844155844155,0.12032467532467532,0.1294155844155844
234,234.0,234.5,0.1284199134199134,0.12794372294372294,0.11608225108225108,0.13426406926406925,0.10699134199134197,0.13655844155844155,0.12032467532467532,0.1294155844155844
235,235.0,235.5,0.1284199134199134,0.12794372294372294,0.11608225108225108,0.13426406926406925,0.10699134199134197,0.13655844155844155,0.12032467532467532,0.1294155844155844
236,236.0,236.5,0.13044011544011544,0.12996392496392495,0.1292135642135642,0.11810245310245308,0.109011544011544,0.13857864357864355,0.12234487734487734,0.12234487734487734
237,237.0,237.5,0.13130268853953062,0.13082649806334015,0.13370186830713143,0.11896502620186829,0.10987411711095921,0.13549384825700614,0.11531271360218728,0.12452323991797676
238,238.0,238.5,0.13020562770562769,0.1310281385281385,0.13994588744588743,0.11786796536796536,0.10877705627705625,0.12535714285714286,0.12340909090909088,0.12340909090909088
239,239.0,239.5,0.12944805194805192,0.13027056277056276,0.14676406926406924,0.11635281385281385,0.10801948051948049,0.12459956709956707,0.12189393939393937,0.12265151515151514
240,240.0,240.5,0.12880702630702628,0.12962953712953712,0.14484099234099232,0.12276307026307025,0.10737845487845485,0.12395854145854143,0.1206118881118881,0.1220104895104895
241,241.0,241.5,0.13540043290043288,0.12908008658008657,0.14319264069264065,0.12111471861471859,0.1068290043290043,0.12340909090909088,0.119512987012987,0.12146103896103895
242,242.0,242.5,0.13444805194805193,0.12860389610389608,0.14176406926406926,0.11968614718614716,0.10635281385281384,0.1295995670995671,0.11856060606060606,0.12098484848484847
243,243.0,243.5,0.13285714285714284,0.12742965367965367,0.15206709956709957,0.11767857142857141,0.10517857142857141,0.128008658008658,0.11696969696969697,0.11981060606060605
244,244.0,244.5,0.1322161172161172,0.12678862803862803,0.15655427905427904,0.11703754578754577,0.10453754578754577,0.12736763236763235,0.11632867132867133,0.11916958041958041
245,245.0,245.5,0.1322161172161172,0.12678862803862803,0.15655427905427904,0.11703754578754577,0.10453754578754577,0.12736763236763235,0.11632867132867133,0.11916958041958041
246,246.0,246.5,0.1259661172161172,0.12678862803862803,0.15655427905427904,0.12328754578754578,0.10453754578754577,0.12736763236763235,0.11632867132867133,0.11916958041958041
247,247.0,247.5,0.1259661172161172,0.12678862803862803,0.15655427905427904,0.12328754578754578,0.10453754578754577,0.12736763236763235,0.11632867132867133,0.11916958041958041
248,248.0,248.5,0.1325595238095238,0.12623917748917748,0.14700757575757575,0.12898809523809524,0.10398809523809523,0.1268181818181818,0.11577922077922076,0.11862012987012986
249,249.0,249.5,0.1325595238095238,0.12623917748917748,0.14700757575757575,0.12898809523809524,0.10398809523809523,0.1268181818181818,0.11577922077922076,0.11862012987012986
250,250.0,250.5,0.13160714285714287,0.125762987012987,0.15706709956709958,0.12226190476190475,0.10351190476190472,0.12634199134199134,0.11530303030303028,0.11814393939393938
251,251.0,251.5,0.13628851540616246,0.12497867328749682,0.15892984466513876,0.12037464985994395,0.10272759103641456,0.1251900305576776,0.11415106951871656,0.1173596256684492
252,252.0,252.5,0.13563492063492064,0.12465187590187587,0.16317821067821067,0.1190674603174603,0.10240079365079362,0.12453643578643578,0.11349747474747474,0.11703282828282827
253,253.0,253.5,0.13489962651727355,0.12428422884305235,0.1661193871487989,0.11869981325863677,0.10203314659197009,0.12416878872761225,0.11312982768865121,0.11666518122400475
254,254.0,254.5,0.13489962651727355,0.12428422884305235,0.1661193871487989,0.11869981325863677,0.10203314659197009,0.12416878872761225,0.11312982768865121,0.11666518122400475
255,255.0,255.5,0.13424603174603172,0.12395743145743143,0.16317821067821067,0.12392857142857142,0.10170634920634918,0.12384199134199134,0.1128030303030303,0.11633838383838382
256,256.0,256.5,0.1322723475355054,0.12227614490772383,0.16588288904078377,0.12107769423558896,0.11113617376775269,0.12186830713146501,0.11082934609250397,0.11465709728867624
257,257.0,257.5,0.13616123642439432,0.12172058935216827,0.16690628085364928,0.11946950710108603,0.11058061821219714,0.12104959368117263,0.11001063264221159,0.11410154173312068
258,258.0,258.5,0.13309523809523807,0.12333333333333332,0.16738095238095238,0.1280952380952381,0.10666666666666665,0.1207142857142857,0.10642857142857143,0.11428571428571428
259,259.0,259.5,0.13099567099567094,0.12194805194805194,0.16242424242424242,0.1387012987012987,0.10437229437229437,0.12385281385281384,0.10480519480519479,0.11290043290043288
260,260.0,260.5,0.11941558441558438,0.1268181818181818,0.16556277056277052,0.13794372294372292,0.11292207792207791,0.11768398268398265,0.10577922077922075,0.11387445887445886
261,261.0,261.5,0.12185300207039336,0.13268115942028985,0.16223602484472047,0.1367908902691511,0.11196687370600411,0.11672877846790888,0.10482401656314697,0.11291925465838508
262,262.0,262.5,0.12130952380952378,0.13249999999999998,0.16404761904761903,0.1364285714285714,0.11178571428571427,0.11654761904761904,0.10464285714285712,0.11273809523809522
263,263.0,263.5,0.12080952380952378,0.13233333333333333,0.16571428571428568,0.13609523809523807,0.11161904761904759,0.11638095238095236,0.10447619047619046,0.11257142857142854
264,264.0,264.5,0.11761422787738574,0.1270397146712936,0.16693850009639483,0.12879313668787348,0.11825525351841137,0.12465394254867937,0.1084017736649315,0.10830345093502984
265,265.0,265.5,0.11718687745003531,0.12689726452884348,0.16850545166334638,0.1285082364029732,0.11811280337596124,0.12436904226377907,0.1082593235224814,0.1081610007925797
266,266.0,266.5,0.11135559486952676,0.12823234556980684,0.1681925401739643,0.12811440365619928,0.12495208609759692,0.12132168656936455,0.11186790505675952,0.10596343800678162
267,267.0,267.5,0.11034511110042229,0.1274681672194216,0.16545791847382535,0.12594502131440316,0.13059816415746808,0.12388263137168867,0.11110372670637428,0.10519925965639638
268,268.0,268.5,0.10945083296476485,0.12680377414123542,0.1662877782692024,0.1312096417514374,0.12828541943093025,0.12298835323603123,0.1104393336281881,0.1045348665782102
269,269.0,269.5,0.10865206184341307,0.1262200567833245,0.16710191037365707,0.12908982608323463,0.13293979731111458,0.12218958211467945,0.10985561627027718,0.10395114922029929
270,270.0,270.5,0.10696075359968546,0.12473036144282272,0.16692269890412303,0.13861043540223106,0.1314501019706128,0.12049827387095187,0.1083659209297754,0.1024614538797975
271,271.0,271.5,0.1065440869330188,0.12431369477615606,0.16650603223745636,0.1369437687355644,0.12936676863727947,0.1263316072042852,0.10794925426310872,0.10204478721313084
272,272.0,272.5,0.10683648459383752,0.12460609243697478,0.16241246498599438,0.13782096171802052,0.13550711951447245,0.12720880018674136,0.10327089169000932,0.10233718487394956
273,273.0,273.5,0.10507363551481197,0.12303263729734318,0.1620700704524234,0.1339387573211102,0.13834542908072317,0.12507830404889225,0.1116974365503777,0.10076372973431794
274,274.0,274.5,0.10357036754095575,0.13079853153382565,0.16190370087428907,0.1306351328410152,0.14094198285374754,0.12324823868941512,0.10946333078686017,0.09943871487989132
275,275.0,275.5,0.10331826670061961,0.13071449792038026,0.16291210423563363,0.1304670656141244,0.14085794924030215,0.12299613784907899,0.1093792971734148,0.09935468126644595
276,276.0,276.5,0.10308017146252438,0.13063513284101516,0.16386448518801458,0.13030833545539425,0.14077858416093708,0.12275804261098375,0.10929993209404971,0.09927531618708087
277,277.0,277.5,0.10285494623729914,0.1305600577659401,0.16476538608891547,0.1301581853052441,0.13514795353030645,0.12253281738575852,0.1147804125745302,0.09920024111200579
278,278.0,278.5,0.10234917731047762,0.13019653634978712,0.16181770156228356,0.1291387448121194,0.13449203445333474,0.12407383208466796,0.1190952537314766,0.09883671969585281
279,279.0,279.5,0.10188359026594318,0.12986590207178442,0.16664226296579235,0.12821431836137714,0.1338982422805952,0.12301445286739401,0.11797514576926338,0.0985060854178501
280,280.0,280.5,0.10145318733554025,0.1386546133604957,0.16854702487055426,0.12737182751888632,0.13335794924030214,0.12454375689669803,0.10786775316187078,0.0982038876156523
281,281.0,281.5,0.1006956115779645,0.1363818860877684,0.1677894491129785,0.1258566760037348,0.1409337068160597,0.12378618113912228,0.10711017740429503,0.09744631185807653
282,282.0,282.5,0.10112354447720298,0.13727113672235622,0.16898247416540096,0.12333653473897373,0.14302205247327196,0.12241795467405221,0.10725282170404116,0.09659348104470053
283,283.0,283.5,0.10009851259851257,0.14417110667110664,0.1690379065379065,0.12175185925185923,0.14144882894882893,0.12134670884670881,0.10648379398379393,0.09566128316128313
284,284.0,284.5,0.09896297106033305,0.14999766470176046,0.17239733202506544,0.11971195191865096,0.13963551441423705,0.11973536750957783,0.10494532897778294,0.09461386939259202
285,285.0,285.5,0.09813058975777986,0.14736622973968852,0.17562552614304722,0.11806097734553281,0.14490168908890516,0.11840202104478545,0.10362577054497882,0.09388719633528195
286,286.0,286.5,0.09779791518597485,0.1471345652688936,0.1748833214877991,0.12158315565031978,0.1444888651978204,0.11760601753139063,0.10285062781331433,0.09365553186448705
287,287.0,287.5,0.09765298764974298,0.14708625609014964,0.17555964999021453,0.12148653729283188,0.14444055601907643,0.11736447163767083,0.10280231863457037,0.09360722268574309
288,288.0,288.5,0.0973475605760458,0.14687333595447277,0.17274620564855558,0.12285502326261295,0.14406096921673292,0.12063320429261995,0.10358193581232637,0.09190176523663343
289,289.0,289.5,0.09706073569879536,0.1466751635594919,0.17773588559036319,0.12210665992382408,0.14370895066790584,0.11424063291600602,0.10676837880196086,0.0917035928416525
290,290.0,290.5,0.09693318467838721,0.148125183866122,0.1763328243658734,0.1219791089034159,0.14366643366110315,0.116068864208523,0.10672586179515813,0.09016853852141696
291,291.0,291.5,0.09619652732888026,0.14562789987789987,0.18030562737915679,0.11700158011922715,0.1436267147884795,0.12152560511384039,0.10618058248940598,0.08953546290310993
292,292.0,292.5,0.10145113600995952,0.14360799875505753,0.18298708372237782,0.11572128851540615,0.1421996576408341,0.11998521630874567,0.10506146903205722,0.08898615001556176
293,293.0,293.5,0.10120573870573868,0.14343801623213387,0.18583907922143214,0.11521134094663503,0.14189739998563528,0.11922987143575374,0.104362385980033,0.08881616749263806
294,294.0,294.5,0.10097373258563888,0.1432785790525275,0.18851322680449317,0.11473302940781602,0.14161481009666932,0.1170489655415408,0.10371033796298823,0.09012731854832583
295,295.0,295.5,0.10056215239719073,0.14276637708223383,0.19091973504377596,0.1141128770348719,0.14111554283549166,0.11627298745585188,0.10446470858874948,0.08978561956183437
296,296.0,296.5,0.1003536154144602,0.14262518016684336,0.1900606061201309,0.1136892862887005,0.14086681903838078,0.11886666617856285,0.10389340414647727,0.0896444226464439
297,297.0,297.5,0.1002528089628473,0.14252437371523047,0.19187512224916317,0.1133868669338618,0.14066520613515496,0.11836263392049833,0.10338937188841277,0.089543616194831
298,298.0,298.5,0.09768633540372669,0.1407956898174289,0.19507105213626952,0.11244918125352905,0.14505097559445385,0.11723555430077166,0.10258908965430699,0.0891221218395131
299,299.0,299.5,0.09742596257718016,0.14003668714980574,0.19369626293231945,0.11211307894340099,0.15108049408913507,0.11696544051218045,0.10098799690315789,0.08769407689281998
300,300.0,300.5,0.09736330593557616,0.14000535882900372,0.19419751606515154,0.112019093980995,0.15104916576833308,0.1167461422665664,0.1009566685823559,0.08766274857201797
301,301.0,301.5,0.09687119104804383,0.1387540182911387,0.19583878125791404,0.10856112499897881,0.15638505951359785,0.11648157508843301,0.10113674750222612,0.08597150229966749
302,302.0,302.5,0.09652050702150401,0.13972755255158045,0.194776144150521,0.10810847040408356,0.15588110488160337,0.11874603822011595,0.1005462436643892,0.0856939391062023
303,303.0,303.5,0.09579600351339479,0.14433637618420225,0.19488346194867934,0.107377031181379,0.1541472175167827,0.11798685613903001,0.10019464834682221,0.08527840516970948
304,304.0,304.5,0.09530845827175119,0.14301035248112937,0.19510417020217447,0.10686216353536379,0.15736664835916436,0.11736269887552848,0.09995087572600043,0.08503463254888768
305,305.0,305.5,0.09476868084774814,0.14292803435072016,0.199771533204212,0.1064113459783165,0.15587705091386717,0.12161554687326073,0.09386747534450898,0.08476033248736613
306,306.0,306.5,0.09453639105162373,0.1439084689295191,0.20008055579855943,0.10617357526803328,0.1555898798588633,0.12135585250634237,0.0937613908086198,0.08459388577843871
307,307.0,307.5,0.09431073153899239,0.14486175810904073,0.20350457211870254,0.10594267598343683,0.1553107746721877,0.1211039941338854,0.09053334195997235,0.08443215148378189
308,308.0,308.5,0.09409142173920312,0.14578901340701517,0.2022555965889051,0.10725681513576091,0.15503939983317588,0.12085962140235515,0.09043319999767287,0.08427493189591162
309,309.0,309.5,0.09378349976176062,0.1465965895313721,0.20397976321889363,0.10682608780434866,0.15458604425995728,0.12005422277161404,0.09014644938557978,0.08402734326647368
310,310.0,310.5,0.09312466379586658,0.1504654598157671,0.20393731622002034,0.10605091489332048,0.15288282676254578,0.12023815098178572,0.08969235057206959,0.08360831695862421
311,311.0,311.5,0.09425070028011202,0.15078011204481792,0.19860084033613443,0.11181092436974786,0.13806582633053216,0.13064565826330526,0.09092296918767503,0.08492296918767503
312,312.0,312.5,0.09505827696331126,0.1492432796036915,0.19874290659759763,0.11127762969296147,0.14043182789750291,0.1299434413793681,0.09067763472225712,0.08462500314330976
313,313.0,313.5,0.09473196881091614,0.15192912837649677,0.1989731272626009,0.11090991367307153,0.1391290726817042,0.1293504594820384,0.09051448064605956,0.08446184906711218
314,314.0,314.5,0.0942562953478446,0.1539950307908054,0.20041628559234193,0.11042817511127367,0.1376963294921041,0.12872431559051276,0.09029373208950671,0.08418983598561061
315,315.0,315.5,0.09389150121908739,0.15278772951186742,0.20052619793999105,0.11708774941533559,0.13985793899586998,0.12188883913021839,0.08999228740608047,0.08396775638154945
316,316.0,316.5,0.09311035061035058,0.1545353145353145,0.19843356343356341,0.12099342849342846,0.1371297921297921,0.12324499824499821,0.08925100425100421,0.08330154830154826
317,317.0,317.5,0.09143528420268654,0.15661472841438884,0.19690356144515736,0.12063612721931904,0.13591227580191925,0.12637389539341998,0.08900122985861522,0.08312289766449356
318,318.0,318.5,0.09134878194423043,0.15652822615593273,0.1945456623947565,0.1204250709520263,0.13575829716019727,0.12951031476992586,0.08884725121689324,0.08303639540603744
319,319.0,319.5,0.0912661677177806,0.1564456119294829,0.19478249300829947,0.12022281917443207,0.13561158036964488,0.1300170121944315,0.08870053442634085,0.0829537811795876
320,320.0,320.5,0.0912661677177806,0.1564456119294829,0.19478249300829947,0.12022281917443207,0.13561158036964488,0.1300170121944315,0.08870053442634085,0.0829537811795876
321,321.0,321.5,0.0912051921080245,0.15638463631972677,0.1959410295936653,0.12332667440653275,0.13226382269851977,0.1294072560968705,0.08857858320682864,0.0828928055698315
322,322.0,322.5,0.09114712009873296,0.1563265643104353,0.19466344538925184,0.12321053038794971,0.13214767867993674,0.1312074883849077,0.08846243918824562,0.08283473356053998
323,323.0,323.5,0.08972137188658783,0.1549008160982901,0.1953630943168396,0.12178494617724286,0.13066655948218803,0.12806179558884856,0.0869813199904969,0.09252009645950594
324,324.0,324.5,0.08853889499050785,0.15371833920221017,0.19567929890510533,0.1204940801714995,0.1294312284634865,0.12616566084308017,0.08574598897179539,0.10022650845231487
325,325.0,325.5,0.08847037192198479,0.15364981613368708,0.19704976027556673,0.12032099799841733,0.1293122003444584,0.12541190708932642,0.08562696085276726,0.10015798538379181
326,326.0,326.5,0.08888070935978218,0.1540601535714845,0.19884301151961886,0.12301134705947576,0.12348375241303564,0.12516371414319297,0.08598898911182071,0.1005683228215892
327,327.0,327.5,0.08795453027570836,0.15313397448741065,0.19697698281148487,0.1233326047491545,0.1225575733289618,0.1331575624001991,0.08506281002774688,0.09782396191933355
328,328.0,328.5,0.08667451057293193,0.15185395478463423,0.20500161929125552,0.11962537919641554,0.12075510968098473,0.13065743224974516,0.09040320352262696,0.09502879070140563
329,329.0,329.5,0.08621351766513054,0.1513929618768328,0.2054714774472839,0.11381092026253312,0.1230589303169948,0.12975317693059624,0.08948121770702411,0.10081779779360422
330,330.0,330.5,0.07923354748598002,0.16017240029983285,0.20744256434631264,0.11335188381572722,0.11917782064979099,0.14962081124315751,0.07623950896147931,0.09476146319771926
331,331.0,331.5,0.0780355141934089,0.1555579917158864,0.2148886785728891,0.11603460282407649,0.11979020394809865,0.14759312032996239,0.07476855892645365,0.09333132948922421
332,332.0,332.5,0.07715445029686513,0.1596219827643976,0.212320909224934,0.11335993727634594,0.11857752670446167,0.16158477745165048,0.07355588168281664,0.08382453459852839
333,333.0,333.5,0.07625026676110265,0.1587177992286351,0.21209148952183007,0.1158768063721624,0.11741018527396234,0.16524874506298654,0.07238854025231732,0.08201616752700343
334,334.0,334.5,0.08235039470333586,0.16196078431372546,0.21038197097020625,0.1147657244716068,0.1163674560733384,0.1624038706391647,0.07134581105169338,0.08042398777692891
335,335.0,335.5,0.08191707802001917,0.1652774676304088,0.20988163796987322,0.11426580772169007,0.11593413939002173,0.16182070380599792,0.07091249436837671,0.07999067109361227
336,336.0,336.5,0.08149549507330592,0.1681647082131073,0.21026276900066918,0.11374160339536361,0.1154748490526599,0.16083828308697998,0.07045320403101488,0.079569088146899
337,337.0,337.5,0.08020049395049392,0.17028707403707402,0.21563991563991564,0.1128595016095016,0.1146560384060384,0.15844849594849592,0.06963439338439337,0.078274087024087
338,338.0,338.5,0.08074061740728403,0.17082719749386416,0.22205966872633542,0.11722678556011885,0.11767479434146097,0.1469266535933202,0.06517451684118347,0.07936976603643267
339,339.0,339.5,0.07902304638732968,0.18325104061532396,0.2208479583909905,0.11868930433892363,0.11256195368989141,0.14484623787089854,0.06342066135098241,0.0773597973556596
340,340.0,340.5,0.07769874155581066,0.1928655355461341,0.21852962148885782,0.11733005890642627,0.11036562861898255,0.14493525232173318,0.06215054247819982,0.07612461908385537
341,341.0,341.5,0.07646358295223102,0.19244377407174101,0.22686738508977927,0.11606123026917659,0.10906312994806285,0.14332972334778316,0.06088171384095013,0.07488946048027571
342,342.0,342.5,0.07567353966218772,0.19847191259987956,0.22606651928891347,0.11523871944666578,0.10820815159308447,0.142182537200597,0.0600592030184393,0.07409941719023241
343,343.0,343.5,0.07536399774053627,0.2005307917308597,0.22653054067933626,0.11483762637976185,0.10783595302982903,0.14139288239510994,0.05971833277598584,0.07378987526858097
344,344.0,344.5,0.07566066013387805,0.19842818672493406,0.23411377632898386,0.11459932662485908,0.10765642494698033,0.13591628288530444,0.05953880469313716,0.07408653766192276
345,345.0,345.5,0.07564631704724581,0.19841384363830183,0.23440063806162872,0.11452761119169788,0.1076420818603481,0.135772852018982,0.059524461606504916,0.07407219457529052
346,346.0,346.5,0.07561606901336801,0.19838359560442403,0.2350660948069403,0.11446711512394228,0.11524364545102239,0.12771756792014075,0.05946396553874932,0.07404194654141272
347,347.0,347.5,0.07558684633657083,0.19835437292762684,0.23401407844224126,0.11440866977034789,0.11809715389121903,0.12612063458222347,0.059405520185154936,0.07401272386461552
348,348.0,348.5,0.07539053052210944,0.1972336873652663,0.23457976234292022,0.11418410536831589,0.11986114762430551,0.12558533571691463,0.05926498939656831,0.07390044166359952
349,349.0,349.5,0.07519047235676679,0.20885292101921546,0.2227166169166118,0.11390070238963808,0.12151120655498157,0.12493135827894493,0.05911697390621916,0.07377974857762196
350,350.0,350.5,0.07592489673914633,0.20474158602095188,0.22321219703311934,0.11339117547561102,0.12650386525351973,0.12406258051073857,0.05873724162951072,0.07342645733740215
351,351.0,351.5,0.08602403322502498,0.2086370369261911,0.2238075712846296,0.1129530043246461,0.12413831350975083,0.12197796650775865,0.056576207548830915,0.06588586667316756
352,352.0,352.5,0.09341830488848608,0.2037765947920914,0.22323341171457325,0.11139440055893865,0.12157500811572261,0.12008123702677032,0.05770142933446263,0.06881961356895483
353,353.0,353.5,0.09214162393835006,0.20370135245714618,0.22175245821114786,0.11060482730447777,0.1296620568347938,0.11841394949220749,0.055554477898759023,0.06816925386311759
354,354.0,354.5,0.09197139390651411,0.20090309780603127,0.2224521198357204,0.11037383406581121,0.1286416982007054,0.11786412402459634,0.05537342223811992,0.07242030992250113
355,355.0,355.5,0.09174320026008555,0.19992165183255978,0.22307011151308914,0.11008639618103393,0.12676826183681558,0.11726687985986353,0.05513482440218268,0.07600867411436954
356,356.0,356.5,0.09123849500434503,0.20411124544231285,0.2234671057468877,0.10954346993100525,0.12524892750569153,0.1165205999411814,0.05475704735282065,0.07511310907575544
