Total_iterations,Unnamed: 0.1,Intertwine_two,Add_vertex,Delete_vertex,Invert_path_vertices,Insert_inside_vertex,Delete_inside_vertex,Replace_inside_vertex,Donate_between_routes
0,0.0,0.125,0.125,0.125,0.125,0.125,0.125,0.125,0.125
1,1.0,0.125,0.125,0.125,0.125,0.125,0.125,0.125,0.125
2,2.0,0.125,0.125,0.125,0.125,0.125,0.125,0.125,0.125
3,3.0,0.125,0.125,0.125,0.125,0.125,0.125,0.125,0.125
4,4.0,0.125,0.125,0.125,0.125,0.125,0.125,0.125,0.125
5,5.0,0.125,0.125,0.125,0.125,0.125,0.125,0.125,0.125
6,6.0,0.125,0.125,0.125,0.125,0.125,0.125,0.125,0.125
7,7.0,0.125,0.125,0.125,0.125,0.125,0.125,0.125,0.125
8,8.0,0.125,0.125,0.125,0.125,0.125,0.125,0.125,0.125
9,9.0,0.125,0.125,0.125,0.125,0.125,0.125,0.125,0.125
10,10.0,0.125,0.125,0.125,0.125,0.125,0.125,0.125,0.125
11,11.0,0.125,0.125,0.125,0.125,0.125,0.125,0.125,0.125
12,12.0,0.125,0.125,0.125,0.125,0.125,0.125,0.125,0.125
13,13.0,0.125,0.125,0.125,0.125,0.125,0.125,0.125,0.125
14,14.0,0.125,0.125,0.125,0.125,0.125,0.125,0.125,0.125
15,15.0,0.125,0.125,0.125,0.125,0.125,0.125,0.125,0.125
16,16.0,0.125,0.125,0.125,0.125,0.125,0.125,0.125,0.125
17,17.0,0.125,0.125,0.125,0.125,0.125,0.125,0.125,0.125
18,18.0,0.125,0.125,0.125,0.125,0.125,0.125,0.125,0.125
19,19.0,0.125,0.125,0.125,0.125,0.125,0.125,0.125,0.125
20,20.0,0.125,0.125,0.125,0.125,0.125,0.125,0.125,0.125
21,21.0,0.125,0.125,0.125,0.125,0.125,0.125,0.125,0.125
22,22.0,0.125,0.125,0.125,0.125,0.125,0.125,0.125,0.125
23,23.0,0.125,0.125,0.125,0.125,0.125,0.125,0.125,0.125
24,24.0,0.125,0.125,0.125,0.125,0.125,0.125,0.125,0.125
25,25.0,0.125,0.125,0.125,0.125,0.125,0.125,0.125,0.125
26,26.0,0.125,0.125,0.125,0.125,0.125,0.125,0.125,0.125
27,27.0,0.125,0.125,0.125,0.125,0.125,0.125,0.125,0.125
28,28.0,0.125,0.125,0.125,0.125,0.125,0.125,0.125,0.125
29,29.0,0.125,0.125,0.125,0.125,0.125,0.125,0.125,0.125
30,30.0,0.125,0.125,0.125,0.125,0.125,0.125,0.125,0.125
31,31.0,0.125,0.125,0.125,0.125,0.125,0.125,0.125,0.125
32,32.0,0.125,0.125,0.125,0.125,0.125,0.125,0.125,0.125
33,33.0,0.125,0.125,0.125,0.125,0.125,0.125,0.125,0.125
34,34.0,0.125,0.125,0.125,0.125,0.125,0.125,0.125,0.125
35,35.0,0.125,0.125,0.125,0.125,0.125,0.125,0.125,0.125
36,36.0,0.125,0.125,0.125,0.125,0.125,0.125,0.125,0.125
37,37.0,0.125,0.125,0.125,0.125,0.125,0.125,0.125,0.125
38,38.0,0.125,0.125,0.125,0.125,0.125,0.125,0.125,0.125
39,39.0,0.125,0.125,0.125,0.125,0.125,0.125,0.125,0.125
40,40.0,0.125,0.125,0.125,0.125,0.125,0.125,0.125,0.125
41,41.0,0.125,0.125,0.125,0.125,0.125,0.125,0.125,0.125
42,42.0,0.125,0.125,0.125,0.125,0.125,0.125,0.125,0.125
43,43.0,0.125,0.125,0.125,0.125,0.125,0.125,0.125,0.125
44,44.0,0.125,0.125,0.125,0.125,0.125,0.125,0.125,0.125
45,45.0,0.125,0.125,0.125,0.125,0.125,0.125,0.125,0.125
46,46.0,0.125,0.125,0.125,0.125,0.125,0.125,0.125,0.125
47,47.0,0.125,0.125,0.125,0.125,0.125,0.125,0.125,0.125
48,48.0,0.125,0.125,0.125,0.125,0.125,0.125,0.125,0.125
49,49.0,0.125,0.125,0.125,0.125,0.125,0.125,0.125,0.125
50,50.0,0.125,0.125,0.125,0.125,0.125,0.125,0.125,0.125
51,51.0,0.125,0.125,0.125,0.125,0.125,0.125,0.125,0.125
52,52.0,0.125,0.125,0.125,0.125,0.125,0.125,0.125,0.125
53,53.0,0.125,0.125,0.125,0.125,0.125,0.125,0.125,0.125
54,54.0,0.125,0.125,0.125,0.125,0.125,0.125,0.125,0.125
55,55.0,0.125,0.125,0.125,0.125,0.125,0.125,0.125,0.125
56,56.0,0.125,0.125,0.125,0.125,0.125,0.125,0.125,0.125
57,57.0,0.125,0.125,0.125,0.125,0.125,0.125,0.125,0.125
58,58.0,0.125,0.125,0.125,0.125,0.125,0.125,0.125,0.125
59,59.0,0.125,0.125,0.125,0.125,0.125,0.125,0.125,0.125
60,60.0,0.125,0.125,0.125,0.125,0.125,0.125,0.125,0.125
61,61.0,0.125,0.125,0.125,0.125,0.125,0.125,0.125,0.125
62,62.0,0.125,0.125,0.125,0.125,0.125,0.125,0.125,0.125
63,63.0,0.125,0.125,0.125,0.125,0.125,0.125,0.125,0.125
64,64.0,0.125,0.125,0.125,0.125,0.125,0.125,0.125,0.125
65,65.0,0.125,0.125,0.125,0.125,0.125,0.125,0.125,0.125
66,66.0,0.125,0.125,0.125,0.125,0.125,0.125,0.125,0.125
67,67.0,0.125,0.125,0.125,0.125,0.125,0.125,0.125,0.125
68,68.0,0.125,0.125,0.125,0.125,0.125,0.125,0.125,0.125
69,69.0,0.125,0.125,0.125,0.125,0.125,0.125,0.125,0.125
70,70.0,0.125,0.125,0.125,0.125,0.125,0.125,0.125,0.125
71,71.0,0.125,0.125,0.125,0.125,0.125,0.125,0.125,0.125
72,72.0,0.125,0.125,0.125,0.125,0.125,0.125,0.125,0.125
73,73.0,0.125,0.125,0.125,0.125,0.125,0.125,0.125,0.125
74,74.0,0.125,0.125,0.125,0.125,0.125,0.125,0.125,0.125
75,75.0,0.125,0.125,0.125,0.125,0.125,0.125,0.125,0.125
76,76.0,0.125,0.125,0.125,0.125,0.125,0.125,0.125,0.125
77,77.0,0.125,0.125,0.125,0.125,0.125,0.125,0.125,0.125
78,78.0,0.125,0.125,0.125,0.125,0.125,0.125,0.125,0.125
79,79.0,0.125,0.125,0.125,0.125,0.125,0.125,0.125,0.125
80,80.0,0.125,0.125,0.125,0.125,0.125,0.125,0.125,0.125
81,81.0,0.125,0.125,0.125,0.125,0.125,0.125,0.125,0.125
82,82.0,0.125,0.125,0.125,0.125,0.125,0.125,0.125,0.125
83,83.0,0.125,0.125,0.125,0.125,0.125,0.125,0.125,0.125
84,84.0,0.125,0.125,0.125,0.125,0.125,0.125,0.125,0.125
85,85.0,0.125,0.125,0.125,0.125,0.125,0.125,0.125,0.125
86,86.0,0.125,0.125,0.125,0.125,0.125,0.125,0.125,0.125
87,87.0,0.125,0.125,0.125,0.125,0.125,0.125,0.125,0.125
88,88.0,0.125,0.125,0.125,0.125,0.125,0.125,0.125,0.125
89,89.0,0.125,0.125,0.125,0.125,0.125,0.125,0.125,0.125
90,90.0,0.125,0.125,0.125,0.125,0.125,0.125,0.125,0.125
91,91.0,0.125,0.125,0.125,0.125,0.125,0.125,0.125,0.125
92,92.0,0.125,0.125,0.125,0.125,0.125,0.125,0.125,0.125
93,93.0,0.125,0.125,0.125,0.125,0.125,0.125,0.125,0.125
94,94.0,0.125,0.125,0.125,0.125,0.125,0.125,0.125,0.125
95,95.0,0.125,0.125,0.125,0.125,0.125,0.125,0.125,0.125
96,96.0,0.125,0.125,0.125,0.125,0.125,0.125,0.125,0.125
97,97.0,0.125,0.125,0.125,0.125,0.125,0.125,0.125,0.125
98,98.0,0.125,0.125,0.125,0.125,0.125,0.125,0.125,0.125
99,99.0,0.125,0.125,0.125,0.125,0.125,0.125,0.125,0.125
100,100.0,0.125,0.125,0.125,0.125,0.125,0.125,0.125,0.125
101,101.0,0.125,0.125,0.125,0.125,0.125,0.125,0.125,0.125
102,102.0,0.125,0.125,0.125,0.125,0.125,0.125,0.125,0.125
103,103.0,0.125,0.125,0.125,0.125,0.125,0.125,0.125,0.125
104,104.0,0.125,0.125,0.125,0.125,0.125,0.125,0.125,0.125
105,105.0,0.125,0.125,0.125,0.125,0.125,0.125,0.125,0.125
106,106.0,0.125,0.125,0.125,0.125,0.125,0.125,0.125,0.125
107,107.0,0.125,0.125,0.125,0.125,0.125,0.125,0.125,0.125
108,108.0,0.125,0.125,0.125,0.125,0.125,0.125,0.125,0.125
109,109.0,0.125,0.125,0.125,0.125,0.125,0.125,0.125,0.125
110,110.0,0.125,0.125,0.125,0.125,0.125,0.125,0.125,0.125
111,111.0,0.125,0.125,0.125,0.125,0.125,0.125,0.125,0.125
112,112.0,0.125,0.125,0.125,0.125,0.125,0.125,0.125,0.125
113,113.0,0.125,0.125,0.125,0.125,0.125,0.125,0.125,0.125
114,114.0,0.125,0.125,0.125,0.125,0.125,0.125,0.125,0.125
115,115.0,0.125,0.125,0.125,0.125,0.125,0.125,0.125,0.125
116,116.0,0.125,0.125,0.125,0.125,0.125,0.125,0.125,0.125
117,117.0,0.125,0.125,0.125,0.125,0.125,0.125,0.125,0.125
118,118.0,0.125,0.125,0.125,0.125,0.125,0.125,0.125,0.125
119,119.0,0.125,0.125,0.125,0.125,0.125,0.125,0.125,0.125
120,120.0,0.125,0.125,0.125,0.125,0.125,0.125,0.125,0.125
121,121.0,0.125,0.125,0.125,0.125,0.125,0.125,0.125,0.125
122,122.0,0.125,0.125,0.125,0.125,0.125,0.125,0.125,0.125
123,123.0,0.125,0.125,0.125,0.125,0.125,0.125,0.125,0.125
124,124.0,0.125,0.125,0.125,0.125,0.125,0.125,0.125,0.125
125,125.0,0.125,0.125,0.125,0.125,0.125,0.125,0.125,0.125
126,126.0,0.125,0.125,0.125,0.125,0.125,0.125,0.125,0.125
127,127.0,0.125,0.125,0.125,0.125,0.125,0.125,0.125,0.125
128,128.0,0.125,0.125,0.125,0.125,0.125,0.125,0.125,0.125
129,129.0,0.125,0.125,0.125,0.125,0.125,0.125,0.125,0.125
130,130.0,0.125,0.125,0.125,0.125,0.125,0.125,0.125,0.125
131,131.0,0.125,0.125,0.125,0.125,0.125,0.125,0.125,0.125
132,132.0,0.125,0.125,0.125,0.125,0.125,0.125,0.125,0.125
133,133.0,0.125,0.125,0.125,0.125,0.125,0.125,0.125,0.125
134,134.0,0.125,0.125,0.125,0.125,0.125,0.125,0.125,0.125
135,135.0,0.125,0.125,0.125,0.125,0.125,0.125,0.125,0.125
136,136.0,0.125,0.125,0.125,0.125,0.125,0.125,0.125,0.125
137,137.0,0.125,0.125,0.125,0.125,0.125,0.125,0.125,0.125
138,138.0,0.125,0.125,0.125,0.125,0.125,0.125,0.125,0.125
139,139.0,0.125,0.125,0.125,0.125,0.125,0.125,0.125,0.125
140,140.0,0.125,0.125,0.125,0.125,0.125,0.125,0.125,0.125
141,141.0,0.125,0.125,0.125,0.125,0.125,0.125,0.125,0.125
142,142.0,0.125,0.125,0.125,0.125,0.125,0.125,0.125,0.125
143,143.0,0.125,0.125,0.125,0.125,0.125,0.125,0.125,0.125
144,144.0,0.125,0.125,0.125,0.125,0.125,0.125,0.125,0.125
145,145.0,0.125,0.125,0.125,0.125,0.125,0.125,0.125,0.125
146,146.0,0.125,0.125,0.125,0.125,0.125,0.125,0.125,0.125
147,147.0,0.125,0.125,0.125,0.125,0.125,0.125,0.125,0.125
148,148.0,0.125,0.125,0.125,0.125,0.125,0.125,0.125,0.125
149,149.0,0.125,0.125,0.125,0.125,0.125,0.125,0.125,0.125
150,150.0,0.125,0.125,0.125,0.125,0.125,0.125,0.125,0.125
151,151.0,0.125,0.125,0.125,0.125,0.125,0.125,0.125,0.125
152,152.0,0.125,0.125,0.125,0.125,0.125,0.125,0.125,0.125
153,153.0,0.125,0.125,0.125,0.125,0.125,0.125,0.125,0.125
154,154.0,0.125,0.125,0.125,0.125,0.125,0.125,0.125,0.125
155,155.0,0.125,0.125,0.125,0.125,0.125,0.125,0.125,0.125
156,156.0,0.125,0.125,0.125,0.125,0.125,0.125,0.125,0.125
157,157.0,0.125,0.125,0.125,0.125,0.125,0.125,0.125,0.125
158,158.0,0.125,0.125,0.125,0.125,0.125,0.125,0.125,0.125
159,159.0,0.125,0.125,0.125,0.125,0.125,0.125,0.125,0.125
160,160.0,0.125,0.125,0.125,0.125,0.125,0.125,0.125,0.125
161,161.0,0.125,0.125,0.125,0.125,0.125,0.125,0.125,0.125
162,162.0,0.125,0.125,0.125,0.125,0.125,0.125,0.125,0.125
163,163.0,0.125,0.125,0.125,0.125,0.125,0.125,0.125,0.125
164,164.0,0.125,0.125,0.125,0.125,0.125,0.125,0.125,0.125
165,165.0,0.125,0.125,0.125,0.125,0.125,0.125,0.125,0.125
166,166.0,0.125,0.125,0.125,0.125,0.125,0.125,0.125,0.125
167,167.0,0.125,0.125,0.125,0.125,0.125,0.125,0.125,0.125
168,168.0,0.125,0.125,0.125,0.125,0.125,0.125,0.125,0.125
169,169.0,0.125,0.125,0.125,0.125,0.125,0.125,0.125,0.125
170,170.0,0.125,0.125,0.125,0.125,0.125,0.125,0.125,0.125
171,171.0,0.125,0.125,0.125,0.125,0.125,0.125,0.125,0.125
172,172.0,0.125,0.125,0.125,0.125,0.125,0.125,0.125,0.125
173,173.0,0.125,0.125,0.125,0.125,0.125,0.125,0.125,0.125
174,174.0,0.125,0.125,0.125,0.125,0.125,0.125,0.125,0.125
175,175.0,0.125,0.125,0.125,0.125,0.125,0.125,0.125,0.125
176,176.0,0.125,0.125,0.125,0.125,0.125,0.125,0.125,0.125
177,177.0,0.125,0.125,0.125,0.125,0.125,0.125,0.125,0.125
178,178.0,0.125,0.125,0.125,0.125,0.125,0.125,0.125,0.125
179,179.0,0.125,0.125,0.125,0.125,0.125,0.125,0.125,0.125
180,180.0,0.125,0.125,0.125,0.125,0.125,0.125,0.125,0.125
181,181.0,0.125,0.125,0.125,0.125,0.125,0.125,0.125,0.125
182,182.0,0.125,0.125,0.125,0.125,0.125,0.125,0.125,0.125
183,183.0,0.125,0.125,0.125,0.125,0.125,0.125,0.125,0.125
184,184.0,0.125,0.125,0.125,0.125,0.125,0.125,0.125,0.125
185,185.0,0.125,0.125,0.125,0.125,0.125,0.125,0.125,0.125
186,186.0,0.125,0.125,0.125,0.125,0.125,0.125,0.125,0.125
187,187.0,0.125,0.125,0.125,0.125,0.125,0.125,0.125,0.125
188,188.0,0.125,0.125,0.125,0.125,0.125,0.125,0.125,0.125
189,189.0,0.125,0.125,0.125,0.125,0.125,0.125,0.125,0.125
190,190.0,0.125,0.125,0.125,0.125,0.125,0.125,0.125,0.125
191,191.0,0.125,0.125,0.125,0.125,0.125,0.125,0.125,0.125
192,192.0,0.125,0.125,0.125,0.125,0.125,0.125,0.125,0.125
193,193.0,0.125,0.125,0.125,0.125,0.125,0.125,0.125,0.125
194,194.0,0.125,0.125,0.125,0.125,0.125,0.125,0.125,0.125
195,195.0,0.125,0.125,0.125,0.125,0.125,0.125,0.125,0.125
196,196.0,0.125,0.125,0.125,0.125,0.125,0.125,0.125,0.125
197,197.0,0.125,0.125,0.125,0.125,0.125,0.125,0.125,0.125
198,198.0,0.125,0.125,0.125,0.125,0.125,0.125,0.125,0.125
199,199.0,0.125,0.125,0.125,0.125,0.125,0.125,0.125,0.125
200,200.0,0.1247222222222222,0.1258333333333333,0.1247222222222222,0.1258333333333333,0.1247222222222222,0.1247222222222222,0.1247222222222222,0.1247222222222222
201,201.0,0.1243361111111111,0.126436111111111,0.1243361111111111,0.1275472222222222,0.1243361111111111,0.1243361111111111,0.1243361111111111,0.1243361111111111
202,202.0,0.1239563611111111,0.1270253611111111,0.1239563611111111,0.1292364722222222,0.1239563611111111,0.1239563611111111,0.1239563611111111,0.1239563611111111
203,203.0,0.1235861336111111,0.127596543611111,0.1235861336111111,0.1308866547222222,0.1235861336111111,0.1235861336111111,0.1235861336111111,0.1235861336111111
204,204.0,0.1243392897472222,0.1281457535361111,0.1232281786361111,0.1313740635361111,0.1232281786361111,0.1232281786361111,0.1232281786361111,0.1232281786361111
205,205.0,0.1250050505035631,0.1284878778625429,0.122793939392452,0.1316282837625429,0.122793939392452,0.122793939392452,0.122793939392452,0.1237030303015429
206,206.0,0.1256673159923656,0.1288038402706354,0.1223772048812545,0.1318337284216354,0.1223772048812545,0.1223772048812545,0.1223772048812545,0.1241862957903454
207,207.0,0.1263198130854955,0.1281840064190507,0.1219803919743844,0.1329023115326225,0.1219803919743844,0.1219803919743844,0.1219803919743844,0.1246723010652935
208,208.0,0.1269569936515888,0.1275463360904541,0.1216054766404777,0.133918851601023,0.1216054766404777,0.1216054766404777,0.1216054766404777,0.1251559120950232
209,209.0,0.1273517953154659,0.1277878785247218,0.1211429071644659,0.1347672764193005,0.1211429071644659,0.1211429071644659,0.1211429071644659,0.1255214210826478
210,210.0,0.1277245079507098,0.1280182970212245,0.1207060746553198,0.1355559132642846,0.1207060746553198,0.1207060746553198,0.1207060746553198,0.1258769831425017
211,211.0,0.1277529062631242,0.1279156927180668,0.1200669757616462,0.1360530565850567,0.1200669757616462,0.1209760666707371,0.1200669757616462,0.1271013504780764
212,212.0,0.1276486629543932,0.1276919191907714,0.1193479351815417,0.1363785913715374,0.1193479351815417,0.1211570260906326,0.1203479351815417,0.1280799948480402
213,213.0,0.1274351755288095,0.1273704220061161,0.1194823193076322,0.1365555140383819,0.1185732283985413,0.1212651374894504,0.1204723193076322,0.1288458839234364
214,214.0,0.1278133820601931,0.1268187339562287,0.119419805464401,0.1365272196011884,0.1176864721310676,0.1211611500098555,0.1212242387977343,0.1293489979793312
215,215.0,0.1279825688497712,0.1269109621037025,0.1193211514776554,0.1363867737869938,0.1167799999625038,0.1209436537408255,0.1219238638109887,0.1297510262675589
216,216.0,0.1286844734763559,0.1268400343055684,0.1191937051543616,0.1361495434443873,0.1158675954573919,0.1206316690294888,0.1225721747976949,0.1300608043347511
217,217.0,0.1293642996154753,0.1267713270827202,0.1190910707408579,0.1358770298790868,0.1150084264438882,0.1203366656660904,0.1232172706000912,0.13033390997179
218,218.0,0.1300174568544847,0.1267053054498577,0.1190117933903003,0.1355754865490147,0.1142057610629669,0.1200598955494705,0.1238530217785846,0.1305712793653206
219,219.0,0.130640080511005,0.1266423610643111,0.1181209968365665,0.1352508318639488,0.1134619756051792,0.1198023030561174,0.1244740052837805,0.1316074457790916
220,220.0,0.1311648951426174,0.1272879438503323,0.1171946384014088,0.1348445209421366,0.1127145173686868,0.1195004437845355,0.124883180355649,0.1324098601546336
221,221.0,0.1315991807582438,0.1278202397683989,0.1162482851100684,0.1343715297692181,0.1119739754664725,0.1198787959722964,0.1251058778450458,0.1330021153102559
222,222.0,0.131949478905158,0.1282489175497888,0.1152952314829087,0.1338450877838646,0.1112488951859621,0.1208435769296102,0.1251640130408188,0.1334047991218888
223,223.0,0.1322635424916193,0.1286657665160699,0.1143885352326401,0.1333186616300304,0.1105878383106474,0.1218122102556627,0.1252020322489439,0.1337614133143862
224,224.0,0.1325418543378083,0.1290678010590903,0.1135326275840763,0.1327975139861018,0.1099910130687621,0.1227746243803196,0.1252215668761048,0.1340729987077368
225,225.0,0.1326463176104014,0.129313593386857,0.1125920998646436,0.1332585506997497,0.1093190756604931,0.123582928193585,0.1250853811452373,0.1342020534390328
226,226.0,0.1327182725340324,0.1295413097976178,0.1117098193586231,0.1337239429680801,0.1087112566765615,0.1243694496884653,0.1249354089494529,0.1342905400271668
227,227.0,0.13264913928325,0.1296393696078544,0.1117776730386228,0.1339663790907192,0.1080561113532618,0.1250173907707391,0.1246634175460901,0.1342305193094624
228,228.0,0.1325537180080034,0.129719757879517,0.1118999689492406,0.1342057303210097,0.1074649237777638,0.1256341300708444,0.1243843287699403,0.1341374422236806
229,229.0,0.1324355917234914,0.1297834378837462,0.1120700399083086,0.1344399116358835,0.1069372100510422,0.126216620373997,0.1241016432460438,0.1340155451774869
230,230.0,0.1322982121934858,0.1298314436472433,0.112281407701391,0.1346670982137337,0.1064718999254868,0.1267624616768606,0.1238185475044141,0.1338689291373845
231,231.0,0.1321448785378359,0.1298648625364463,0.1125278289671556,0.134885717662484,0.1060674061422363,0.1272698604664354,0.1235379135242409,0.1337015321631653
232,232.0,0.1318878104147536,0.1297939099589836,0.1126215159638583,0.1349126223187387,0.1056307829139837,0.1285557688243365,0.1231713923782713,0.1334261972270739
233,233.0,0.1316217701340311,0.1297115507691146,0.1127404416120747,0.1349303509788213,0.10525142759933,0.1297931130737885,0.1228130561763626,0.1331382896564768
234,234.0,0.1313503153142397,0.1296197492199785,0.1128808927901712,0.1349396439557481,0.1049274069600618,0.1309743761831419,0.1224656697861279,0.1328419457905305
235,235.0,0.1310767019574842,0.1295203675629935,0.1130393124333788,0.1349412518880655,0.1046564277350332,0.1320933536353128,0.1221316120903022,0.1325409726974294
236,236.0,0.1310059022530487,0.1296171778275345,0.1145254508118858,0.1333197655847495,0.1046379157770907,0.1333471044235182,0.1220149109984229,0.1315317723237492
237,237.0,0.131022781960869,0.1297940318469269,0.1164586868959155,0.1317945120968837,0.1047512486072286,0.1342193159922906,0.1212099633049272,0.1307494592949583
238,238.0,0.1309310666803035,0.1299836891730239,0.11899543309953,0.130183783015464,0.1047947707559997,0.1340033811868466,0.121236175614444,0.129871700474388
239,239.0,0.1307655109622903,0.1300890676843048,0.1221698274080648,0.1284594535141962,0.1047980059693466,0.1336468199028923,0.1211299806944404,0.1289413338644643
240,240.0,0.1305392336618334,0.1301216207312177,0.1250804170119985,0.1274275162074669,0.1047690298427577,0.1331713396551977,0.120913839725227,0.1279770031643008
241,241.0,0.1309776026772149,0.1300910525824774,0.1277327182439936,0.1262872930071314,0.1047141005242395,0.1325963343953609,0.1206064032269115,0.1269944953426705
242,242.0,0.1313211249980522,0.1300058125409681,0.1301315314344185,0.1250665092400482,0.1046381941280018,0.1326060048456926,0.1202235381210502,0.1260072846917679
243,243.0,0.1315024734472149,0.1297976530968149,0.1334370917144005,0.1237132426533768,0.1044696003262117,0.1324255529644391,0.1197032392960796,0.1249511465014621
244,244.0,0.1316151311814581,0.1295225270388028,0.1370471139936292,0.1223708534490219,0.1042608530515217,0.1321548747576506,0.1191435323662398,0.1238851141616758
245,245.0,0.1317225330026235,0.1292475745965901,0.1404912056955416,0.1211093700884877,0.1040757474316609,0.1318633919476406,0.1186116475190082,0.1228785297184471
246,246.0,0.1311991304838073,0.1289755279330191,0.1437515189608501,0.1205583168209975,0.103913770357345,0.1315560998228317,0.1181101213945964,0.1219355142265527
247,247.0,0.1306757380841958,0.1287088169368613,0.146813828500562,0.1200896611699218,0.1037742287447627,0.1312376522359516,0.1176409333819666,0.121059140945778
248,248.0,0.1308169293752054,0.1283946300963919,0.1487126412621695,0.1202699048751849,0.1036013294089215,0.1308574041541313,0.1171505964951217,0.1201965643328737
249,249.0,0.1309614274814572,0.1280903074138973,0.1504045220925704,0.1205193061135507,0.1034495876649561,0.1304747886571335,0.1166955795398023,0.1194044810366324
250,250.0,0.1310122186451264,0.1277502866527859,0.1528991977575336,0.1201558360717064,0.1032707861234995,0.1300462495938269,0.11622928164479,0.1186361435107311
251,251.0,0.1315320171894508,0.1273459635988386,0.1553723593839001,0.1196610482307524,0.1030338445500237,0.1295083257759013,0.1156851549474299,0.1178612863237031
252,252.0,0.1319820413843856,0.1269257202086105,0.1580586163017495,0.1190921562359374,0.1027848548601972,0.1289156519104617,0.1151147405883945,0.1171262185102632
253,253.0,0.1323500625405677,0.1264879980084556,0.1608215611186374,0.1185431417755367,0.102520158821377,0.1283016885644436,0.1145484303009711,0.1164269588700106
254,254.0,0.1327067772208986,0.1260720103366621,0.1633611897141381,0.1180505954760071,0.1022770622641448,0.1277077925546589,0.1140245650161669,0.1158000074173232
255,255.0,0.1329843894490359,0.1256470638785497,0.1653803197773766,0.1181366718012502,0.102023156467352,0.1271052163690202,0.1135114591480058,0.1152117231094093
256,256.0,0.1330494884562769,0.1250795870870667,0.1674459835795568,0.117986971770944,0.1027344556337687,0.1263328971306224,0.1128452111571585,0.1145254051846057
257,257.0,0.1334891950424749,0.1244852679973829,0.1693917892374179,0.1177223302548646,0.1034030865093281,0.1255112925710436,0.1121435579697201,0.1138534804177677
258,258.0,0.1336050515509567,0.124084008428332,0.1711656263983854,0.1183641977582705,0.1036852344598072,0.1246937006818352,0.1111325347263864,0.1132696459960263
259,259.0,0.1334942675640764,0.1235768399267079,0.1722285621074109,0.1200997949753116,0.1037395447078697,0.124231926645725,0.1100132365120703,0.1126158275608278
260,260.0,0.1322115673521915,0.1235911133824728,0.173401013862555,0.1217720899321508,0.1046497297827486,0.1231956557684136,0.1090511902995197,0.1121276396199479
261,261.0,0.1311729190976099,0.124222527937229,0.1740451634373818,0.1233235884559647,0.1054560994099255,0.1221123748263816,0.1080571085914137,0.1116102182440936
262,262.0,0.1300905886721273,0.1248572714093112,0.1746879660890891,0.1248183782614711,0.1062288238753165,0.1210654700729392,0.1071119881918067,0.1111395134279387
263,263.0,0.1289786806405669,0.1254883011534255,0.1753267516718777,0.1262464576847645,0.1069631781316057,0.1200614106179211,0.1062200218550042,0.1107151982448342
264,264.0,0.1275767422506383,0.1255953163787234,0.1759279554750225,0.1269000068290969,0.1083342762470768,0.1199482515428078,0.105792372156968,0.1099250791196662
265,265.0,0.126172637513235,0.1256918290501722,0.1765358395007616,0.1274786423290937,0.1096532293094691,0.1198649752567745,0.10541933642957,0.1091835106109236
266,266.0,0.1242359573908892,0.1259242529133591,0.1769713400966144,0.1279703269451523,0.1116088110784507,0.1195303316999732,0.1054728622992687,0.1082861175762921
267,267.0,0.1222630932786539,0.1260800974817533,0.1770020404636416,0.1281973456325358,0.1140668752267127,0.1195031605277783,0.1055085681745339,0.10737881921439
268,268.0,0.1202789079422941,0.1261677989828662,0.1769972155536056,0.1289056012517031,0.1162131713768023,0.1194330733676763,0.1055302157397724,0.1064740157852797
269,269.0,0.1183049832776597,0.1261947183496604,0.1769671919721746,0.1293540901471308,0.1187309981804426,0.1193256706101329,0.1055404179915801,0.1055819294712185
270,270.0,0.1162627910407737,0.1260702296300616,0.1768235967859482,0.1307071484442764,0.1209901607609755,0.1190885164190165,0.1054437824669438,0.1046137744520042
271,271.0,0.1142901309864986,0.1259031244338836,0.1765536854728595,0.1318372671146202,0.1229196731622181,0.1194725085548644,0.1053443652127328,0.1036792450623225
272,272.0,0.1124665162631981,0.1257660752268281,0.1758009320335794,0.1329931582323848,0.1253347403658063,0.1199744117618673,0.1048131023171368,0.1028510637991989
273,273.0,0.1105926777876316,0.1254737855986164,0.1749553298143944,0.1336935178335382,0.1278938555971474,0.1202854189186338,0.1051621980908659,0.1019432163591721
274,274.0,0.1087007059395078,0.1259629028738614,0.1740487982656947,0.1339959314214425,0.1305612304174927,0.1204302476750785,0.1053183260954654,0.1009818573114567
275,275.0,0.1069214178081773,0.126443061346837,0.1732123092340854,0.134217688942063,0.1330572719188214,0.1205635633819885,0.1054918879851744,0.1000927993828526
276,276.0,0.1052602174550948,0.1269099818303139,0.1724517051508906,0.134363891461469,0.1353737795352955,0.1206840637390689,0.1056790312698584,0.0992773295580084
277,277.0,0.1037208141548722,0.1273599542680427,0.1717713793664766,0.1344399031538587,0.1369496213733156,0.1207907313266379,0.106431717282364,0.0985358790744319
278,278.0,0.1022761156128141,0.1277605783553623,0.1707942577750652,0.1343635524492108,0.1382842704414064,0.1210582544859321,0.1076241057622353,0.0978388651179734
279,279.0,0.1009300588374849,0.1281124361860939,0.170307538921018,0.1341501460935826,0.1393881530255335,0.1212232431835569,0.1086999560775906,0.0971884676751393
280,280.0,0.099685102760933,0.1293255140214803,0.1700233153832995,0.133814473011946,0.1402727189397692,0.1215425755111879,0.1087502339975878,0.096586066373796
281,281.0,0.0985065655620247,0.1302833023394455,0.1696769937184678,0.1332964256320274,0.1417572563231623,0.1217842288441534,0.1087109017414705,0.0959843258392479
282,282.0,0.0975105658330905,0.1312952227265563,0.1694657312793066,0.1325037713673415,0.1432939390388664,0.121884913720265,0.1086737598975678,0.0953720961370054
283,283.0,0.0965477926756219,0.132955707209789,0.169276305750173,0.1315402426141292,0.1445169122648998,0.121873735935569,0.1085492200840954,0.0947400834657223
284,284.0,0.095603249879311,0.1351449530423769,0.169439381330546,0.1303711921692945,0.14540557588171,0.1216972715247409,0.1082626334903661,0.094075742681654
285,285.0,0.0947035204441861,0.1370006579120928,0.1699385482716251,0.1290473569091251,0.1466742899896312,0.1213854998683647,0.1078395766676036,0.0934105499373709
286,286.0,0.0938947671885292,0.1387512815660335,0.1703704478317857,0.1280982592098153,0.1477571242886446,0.1209954702380509,0.1073391731927245,0.0927934764844158
287,287.0,0.0931914279847892,0.1404058447737343,0.1708719190227319,0.1271692584090928,0.148694161648974,0.1205863944543298,0.1068390936936649,0.0922419000126825
288,288.0,0.092572495590703,0.1419404637602615,0.1710887759700924,0.1264131790742581,0.1494570005367372,0.1205128802863093,0.1064266161116959,0.0915885886699421
289,289.0,0.0920345245981539,0.14335113233058,0.1717994895136823,0.1256222897809115,0.1500543933676413,0.1198086636374924,0.1063455837838936,0.0909839229876446
290,290.0,0.0915878577138252,0.1447989763868189,0.172358189541231,0.1248625780162879,0.1505243407877773,0.1193020114755941,0.1062726309383719,0.0902934151400934
291,291.0,0.0911656450526244,0.1458855697134046,0.1732980462155996,0.123652249858579,0.1508747425073706,0.1193593671477467,0.106156977755395,0.0896074017492798
292,292.0,0.0913614233484141,0.1466589368966925,0.174482138668489,0.1223684186588654,0.1509749180630512,0.1192786107518354,0.105941214592321,0.0889343390203311
293,293.0,0.0916139812108182,0.1473074597279429,0.1759180708765338,0.1210955045208114,0.1509470976934216,0.1191374615637852,0.1056683219847494,0.0883121024219372
294,294.0,0.0919140002499211,0.1478364921231495,0.1775770347055292,0.1198432090069392,0.1508033033947805,0.1187932608038384,0.1053444544761832,0.0878882452396584
295,295.0,0.0922334566896261,0.1482158219510999,0.179420114896543,0.1186030260111686,0.1505320768669047,0.1183884393586944,0.1051120696159179,0.0874949946100451
296,296.0,0.0925834007441632,0.1484886046560275,0.1811079703775632,0.1173996007505949,0.1501689352717912,0.1182623134113075,0.1048393191871802,0.0871498556013719
297,297.0,0.0929659718947882,0.1486653942004092,0.1828980182808103,0.1162491729359758,0.1497289253835324,0.1181044403605254,0.1045339814251028,0.0868540955188555
298,298.0,0.0931265069451193,0.1485902261957208,0.1849184254221269,0.1150913962747641,0.1496808562375456,0.1178522285884485,0.1041677031204557,0.0865726572158187
299,299.0,0.0932905494923487,0.1483687293609561,0.1867008391960582,0.1139893648984485,0.1501942470491946,0.1175920598718435,0.1036621572364968,0.0862020528946532
300,300.0,0.0934732762515431,0.1480829289554761,0.1884250911432422,0.1129693753039733,0.150662028417998,0.1173297120087409,0.1031772915055203,0.0858802964135058
301,301.0,0.0936274191429051,0.1476197988354928,0.1901987686642031,0.1116960849575143,0.1516204923979509,0.1170613065167135,0.1027367140103968,0.0854394154748231
302,302.0,0.0937635170615284,0.1472116773481085,0.1917452148482658,0.1104735085866263,0.1524803601878654,0.1170403905727743,0.1022651442159203,0.0850201871789106
303,303.0,0.0938411247370781,0.1472304091247596,0.1931780574867606,0.1092763955487313,0.1531148599092439,0.1169627044915939,0.1017883828636193,0.0846080658382131
304,304.0,0.0938817659086717,0.1470857250240327,0.1945067407313746,0.1081285134063506,0.154018176318798,0.1168406128086557,0.1013189830392984,0.084219482762818
305,305.0,0.0938786321443364,0.1469065237949086,0.196175266246439,0.1070376742237935,0.1547156860632707,0.1171612359544533,0.1002745020861274,0.083850479486671
306,306.0,0.0938614832638563,0.1468035012521348,0.1977438041390093,0.1060258786060089,0.1553263413763017,0.1174683704581674,0.0992597905072684,0.0835108303972529
307,307.0,0.0938302323980388,0.1467771595583645,0.1995212573909325,0.1050936495881635,0.1558506560241877,0.1177584804947461,0.0979687612044441,0.0831998033411228
308,308.0,0.0937849806302336,0.1468270235492754,0.2010359009119613,0.1043945476512877,0.1562900029098639,0.1180285973909053,0.0967224664432275,0.0829164805132453
309,309.0,0.0937165262525544,0.1469422786521082,0.2025836937006555,0.103750905849803,0.1566275735188837,0.118219472974489,0.0955092334324678,0.0826503156190384
310,310.0,0.0935897034511457,0.14742943838189,0.2039864232057754,0.1031248627569094,0.1567406500246711,0.1184280013187027,0.0943182860009641,0.0823826348599416
311,311.0,0.0935835161817497,0.1479297075759374,0.2047147411021371,0.103166685442312,0.1553221406040572,0.1196745290532778,0.0933232358198824,0.0822854442206463
312,312.0,0.0936653771485968,0.1482547706511562,0.2053232948273489,0.1032374387807701,0.1541095191394664,0.120835893618102,0.092379154544045,0.0821945512905144
313,313.0,0.0937203502016669,0.148825797385659,0.2058282113642424,0.1033447470925152,0.1527511073873353,0.1219128990143235,0.0914961507899536,0.0821207367643039
314,314.0,0.0937323747892153,0.1495773449980508,0.2063584012394042,0.1034688023827117,0.1512490421444009,0.1228939650864474,0.0906695558541772,0.0820505135055923
315,315.0,0.0937119567107194,0.1501771845792371,0.2067871422053442,0.1043160033015803,0.1499778172496136,0.1231516804103701,0.0898917177059892,0.0819864978371459
316,316.0,0.0936172608242831,0.1509179041539759,0.2069011361813938,0.1055967694975089,0.1484597013751598,0.123506611700577,0.0891185407541132,0.0818820755129881
317,317.0,0.0933594587835847,0.1518286672629615,0.2067660548335196,0.1068676955363929,0.1468583463629105,0.1241363234420496,0.0883990286931548,0.0817844250854263
318,318.0,0.0930995449753016,0.1526875644467173,0.2063100667815091,0.1081281076614884,0.1452922682821039,0.1250390816665392,0.0877420919857746,0.0817012742005656
319,319.0,0.092839853494891,0.1534907171065447,0.2058057165521864,0.1093652230292204,0.1437727866191037,0.1259469461420644,0.0871472288623885,0.0816315281936008
320,320.0,0.0925903943047505,0.1542431034486187,0.2052415691103571,0.1105872028216313,0.1423236410599089,0.1268047248305606,0.0866273851069804,0.0815819793171923
321,321.0,0.0923465412067786,0.1549361786803184,0.2047450993102267,0.1120937263215392,0.1406175136826185,0.1275478729140899,0.0861680620983556,0.081545005786073
322,322.0,0.0921098527266873,0.155568623764313,0.2040824773725024,0.1135503125504479,0.1389868477313578,0.1284153232498978,0.0857671621998196,0.0815194004049741
323,323.0,0.091744630947111,0.1560028289241548,0.2034618922014768,0.1148152839137701,0.1373027447649341,0.128909380923869,0.0852851931412467,0.0824780451834373
324,324.0,0.0912774510652792,0.1562643457501458,0.202853998027534,0.1158943681628205,0.1355971571404551,0.1291559435025161,0.0847448491551534,0.0842118871960958
325,325.0,0.0908227513040304,0.1564673985212061,0.2023721924168073,0.1168942328897444,0.1339885661797516,0.1292725716213287,0.084256648153933,0.0859256389131983
326,326.0,0.0904310314688659,0.1566630039350648,0.2020646681701461,0.1180974137011685,0.1319112258636232,0.1293141109883268,0.0838671732057283,0.0876513726670762
327,327.0,0.0899703624877196,0.1567204023954946,0.2015690769108323,0.1192615415340011,0.1298647269361943,0.1301093772758742,0.0834452460029977,0.0890592664568859
328,328.0,0.0894076001122902,0.1566081947605229,0.2018795874844335,0.1199792446604281,0.1277695600006384,0.1306055857708648,0.0836157265102756,0.0901345007005463
329,329.0,0.08882768378823,0.1564135661985093,0.2022372531343457,0.120040192926184,0.1260441473190425,0.1309622663492303,0.083744835155389,0.0917300551290692
330,330.0,0.0875816204174297,0.1570661382917803,0.2027886031522988,0.1199868499940472,0.1240733127688653,0.1332579514068289,0.0825942258869529,0.0926512980817966
331,331.0,0.0862568793251379,0.1572230749374101,0.2040759692030545,0.1201407635941759,0.1223118450823459,0.1352849274657115,0.0813480353726031,0.093358505019561
332,332.0,0.0848942923011036,0.1577540661911128,0.2050859488076374,0.1199707576718176,0.1205800400287722,0.1386314535595172,0.080039401420863,0.0930440400191759
333,333.0,0.0835001472058541,0.1581602191316018,0.2060443380856246,0.1200033310473221,0.1188846562042629,0.1422392570439972,0.0786800615238666,0.0924879897574705
334,334.0,0.0827829306099053,0.1588556310875213,0.2067964080950128,0.119880273648469,0.1172397931328391,0.145431887617837,0.077289467483792,0.0917236083246234
335,335.0,0.0820897786461541,0.1598442217117792,0.2074590934321807,0.1196683848227409,0.115707361329631,0.1484166582811893,0.0759351646150721,0.0908793371612525
336,336.0,0.0814220565778453,0.1610770097910675,0.2081178487840884,0.1193712386759424,0.1142845114536114,0.1511387502615527,0.0746201362970211,0.0899684481588709
337,337.0,0.0806923409890408,0.162469632629044,0.2092698924668958,0.1189593006124318,0.1129339688765222,0.1534466496582857,0.073313060423453,0.0889151543443265
338,338.0,0.0800846908344102,0.1638551799429822,0.2110124073217946,0.1189642867603047,0.1120375768459792,0.1544215933427298,0.0716539178125302,0.0879703471392688
339,339.0,0.0793726078589761,0.1664142770131814,0.2125699722717144,0.1190976511592689,0.1107759121282885,0.1550160516889933,0.069920509903966,0.0868330179756111
340,340.0,0.078595807083217,0.169847281505463,0.2138227268976218,0.1190776711068835,0.1094386417908919,0.155458267507533,0.0681684324134501,0.0855911716949393
341,341.0,0.0777641998694018,0.173124991941484,0.2158310513669429,0.1189153300740071,0.108114118488424,0.1555904786949657,0.0664045009089084,0.0842553286558659
342,342.0,0.076923742878792,0.1768709330080193,0.2176688201464737,0.118658431064119,0.1068460397953014,0.1554721425954646,0.0646794836018902,0.0828804069099396
343,343.0,0.0761238753629121,0.1806641776769176,0.2194531911785181,0.1183529155323548,0.1056811702331433,0.1551537785714163,0.0630466781954939,0.0815242132492437
344,344.0,0.0754260620617305,0.184066503518873,0.221888222167331,0.1180189686867507,0.104636382646883,0.1541819820370293,0.0615259170672573,0.0802559618141449
345,345.0,0.0747989417627254,0.1872707793000302,0.2242306917721437,0.1176770485617721,0.1037248399335866,0.1531103650779314,0.06013592661944,0.0790514069723706
346,346.0,0.0742399824430782,0.1902630333430666,0.226507159553901,0.117331776468815,0.1037037802699548,0.1511670062742697,0.0588727709594994,0.0779144906874151
347,347.0,0.0737477576534189,0.1930343453367333,0.2285363682735431,0.1169865404363454,0.1040855760685165,0.1490237956336411,0.057735998275986,0.0768496183218154
348,348.0,0.0733035146481109,0.1954696578507062,0.2304740016129759,0.1166275928602596,0.1047457074387577,0.1468123445600304,0.056715545001057,0.0758516360281021
349,349.0,0.0729045602855394,0.1988410027738223,0.231072614683134,0.1162517648689952,0.1056559859668979,0.1445443707615526,0.055807829948541,0.0749218707115173
350,350.0,0.0726418029181753,0.2015641988872543,0.2315773644802619,0.115839056360661,0.1071330547179587,0.1422201864412758,0.0549860046131826,0.0740383315812301
351,351.0,0.0734480658743452,0.2044363943512041,0.2320075250483565,0.1153993227792131,0.1084195695248921,0.1397383830934234,0.0540677707734554,0.0724829685551099
352,352.0,0.075038889374751,0.2065773324810988,0.2322552540649988,0.1148232389947937,0.109478289751578,0.1371374829664007,0.0533789668640177,0.071310545502361
353,353.0,0.07652675658524,0.2084686451876194,0.23223989640613,0.1141915178790116,0.1113608100111439,0.1344593816392277,0.052587572826658,0.0701654194649692
354,354.0,0.0780049627450276,0.2098433282310717,0.2321911662936556,0.1135640026451956,0.1131360548495808,0.1318336535765407,0.0518868816776913,0.0695399499812364
355,355.0,0.0794521932358084,0.2108929960685812,0.2321117178955862,0.1129385934604897,0.1147014880012963,0.1292710786081297,0.0512672652656318,0.0693646674644763
356,356.0,0.0808271402221799,0.2121469430409549,0.2319894976968785,0.112292910596457,0.116079112143083,0.1267700911572089,0.0507105083812076,0.0691837967620299
357,357.0,0.0821933223405915,0.2130658215325825,0.231220443754571,0.1123680298545907,0.1174351482353823,0.1244271638996193,0.0502307506281881,0.0690593197544742
358,358.0,0.0834678289968388,0.2137973091830914,0.230352382486473,0.11238985960465,0.1181618797375415,0.1229068244732838,0.0498492918727405,0.0690746236453807
359,359.0,0.0847681516075764,0.2140874622862684,0.2294179327528043,0.112381733917391,0.1187894033063765,0.1219160854027466,0.049494748888842,0.0691444818379946
360,360.0,0.0859234223331458,0.2139266861893992,0.2284462137868146,0.1130783883110447,0.1192526600763249,0.1207006370000808,0.0495350785593863,0.0691369137438033
361,361.0,0.0870112410309194,0.2136152770561604,0.2275036408772481,0.1137877248792139,0.1196515934870871,0.119608352427709,0.0496438370865296,0.0691783331551324
362,362.0,0.0861156184308564,0.2136462777832286,0.2266976122851093,0.1143549875309544,0.1201292496390343,0.1187391927125931,0.0499005171116485,0.0704165445065751
363,363.0,0.0851093076822075,0.2135025405619738,0.2257460786879467,0.1148100303608375,0.1204904006174912,0.1185615908930842,0.050153588210978,0.0716264629854808
364,364.0,0.0838736103945421,0.2139301847137037,0.2256244763992897,0.1149792229965576,0.1207238768190329,0.1180951490615108,0.0502629319822648,0.072510547633098
365,365.0,0.0824956589793702,0.2144826840673858,0.2254035289176224,0.1149439417969729,0.1213469017813894,0.1174322669178254,0.0506514624768139,0.0732435550626197
366,366.0,0.0810594303919565,0.2154363663117063,0.2250958928406072,0.1148547036787545,0.1218189869790398,0.1168528888143194,0.0509984644028921,0.073883266580724
367,367.0,0.0796023898033737,0.2165934772128898,0.224798486381436,0.1147441122423271,0.1221708785267204,0.1162723323041838,0.0513387666955868,0.0744795568334821
368,368.0,0.0780251722975263,0.2180364469654829,0.2245062424230253,0.1146268308383515,0.1226235291992176,0.1157830509603885,0.0516884245270312,0.0747103027889763
369,369.0,0.0764358964751926,0.219162699672437,0.2247458656617935,0.1144633343877783,0.1229402109777062,0.1153546794835874,0.052016875168886,0.0748804381726186
370,370.0,0.0748526455131535,0.2200019937125569,0.2244114374812609,0.1142629471941319,0.1231378708002698,0.1150107588285775,0.0523267850635497,0.0759955614064995
371,371.0,0.0732918045605818,0.2206413610986297,0.2240028825092577,0.1134095436766213,0.12315430593404,0.1153408219742588,0.0526058142385069,0.0775534660081035
372,372.0,0.0717393647489629,0.2209328296498335,0.2238394174767589,0.1124705616487962,0.1231506494652251,0.1160519406908352,0.052826884196885,0.078988352122703
373,373.0,0.0701981452171984,0.22126841519103,0.2236132748276257,0.111455586457096,0.1231342038821684,0.1170594739432082,0.0529797588341055,0.0802911416475675
374,374.0,0.0686912746898276,0.2212908036318471,0.2233446679557192,0.110386690246972,0.1229782090486677,0.1183291192265765,0.05307842546898,0.0819008097314097
375,375.0,0.0672171642721707,0.2211041604063494,0.2229882893611806,0.1092700665613449,0.1231016523406628,0.1198406540787669,0.0531271678127162,0.0833508451668082
