,Unnamed: 0,Total_iterations,Intertwine_two,Add_vertex,Delete_vertex,Invert_path_vertices,Insert_inside_vertex,Delete_inside_vertex,Replace_inside_vertex,Donate_between_routes
0,0.0,0.0,0.125,0.125,0.125,0.125,0.125,0.125,0.125,0.125
1,1.0,0.10900000000000001,0.125,0.125,0.125,0.125,0.125,0.125,0.125,0.125
2,2.0,0.31601,0.125,0.125,0.125,0.125,0.125,0.125,0.125,0.125
3,3.0,0.6191589000000001,0.125,0.125,0.125,0.125,0.125,0.125,0.125,0.125
4,4.0,1.015801321,0.125,0.125,0.125,0.125,0.125,0.125,0.125,0.125
5,5.0,1.50262148669,0.125,0.125,0.125,0.125,0.125,0.125,0.125,0.125
6,6.0,2.0757334209441005,0.125,0.125,0.125,0.125,0.125,0.125,0.125,0.125
7,7.0,2.7307768275633495,0.125,0.125,0.125,0.125,0.125,0.125,0.125,0.125
8,8.0,3.4630081252450404,0.125,0.125,0.125,0.125,0.125,0.125,0.125,0.125
9,9.0,4.2673862119061114,0.125,0.125,0.125,0.125,0.125,0.125,0.125,0.125
10,10.0,5.138652627782014,0.125,0.125,0.125,0.125,0.125,0.125,0.125,0.125
11,11.0,6.071405875792507,0.125,0.125,0.125,0.125,0.125,0.125,0.125,0.125
12,12.0,7.060169740244025,0.125,0.125,0.125,0.125,0.125,0.125,0.125,0.125
13,13.0,8.099455520847952,0.125,0.125,0.125,0.125,0.125,0.125,0.125,0.125
14,14.0,9.183818168183006,0.125,0.125,0.125,0.125,0.125,0.125,0.125,0.125
15,15.0,10.307906369102724,0.125,0.125,0.125,0.125,0.125,0.125,0.125,0.125
16,16.0,11.466506686239443,0.125,0.125,0.125,0.125,0.125,0.125,0.125,0.125
17,17.0,12.654581904800096,0.125,0.125,0.125,0.125,0.125,0.125,0.125,0.125
18,18.0,13.867303782456686,0.125,0.125,0.125,0.125,0.125,0.125,0.125,0.125
19,19.0,15.100080434523047,0.125,0.125,0.125,0.125,0.125,0.125,0.125,0.125
20,20.0,16.348578617037543,0.125,0.125,0.125,0.125,0.125,0.125,0.125,0.125
21,21.0,17.608741195130214,0.125,0.125,0.125,0.125,0.125,0.125,0.125,0.125
22,22.0,18.876800103462312,0.125,0.125,0.125,0.125,0.125,0.125,0.125,0.125
23,23.0,20.14928511992658,0.125,0.125,0.125,0.125,0.125,0.125,0.125,0.125
24,24.0,21.423028783545156,0.125,0.125,0.125,0.125,0.125,0.125,0.125,0.125
25,25.0,22.695167792966423,0.125,0.125,0.125,0.125,0.125,0.125,0.125,0.125
26,26.0,23.963141223515898,0.125,0.125,0.125,0.125,0.125,0.125,0.125,0.125
27,27.0,25.224685898775267,0.125,0.125,0.125,0.125,0.125,0.125,0.125,0.125
28,28.0,26.477829247520948,0.125,0.125,0.125,0.125,0.125,0.125,0.125,0.125
29,29.0,27.720879968916847,0.125,0.125,0.125,0.125,0.125,0.125,0.125,0.125
30,30.0,28.95241681848399,0.125,0.125,0.125,0.125,0.125,0.125,0.125,0.125
31,31.0,30.17127581490958,0.125,0.125,0.125,0.125,0.125,0.125,0.125,0.125
32,32.0,31.376536153543515,0.125,0.125,0.125,0.125,0.125,0.125,0.125,0.125
33,33.0,32.567505096778625,0.125,0.125,0.125,0.125,0.125,0.125,0.125,0.125
34,34.0,33.74370209472243,0.125,0.125,0.125,0.125,0.125,0.125,0.125,0.125
35,35.0,34.90484237192463,0.125,0.125,0.125,0.125,0.125,0.125,0.125,0.125
36,36.0,36.05082019768737,0.125,0.125,0.125,0.125,0.125,0.125,0.125,0.125
37,37.0,37.18169203889697,0.125,0.125,0.125,0.125,0.125,0.125,0.125,0.125
38,38.0,38.29765977559663,0.125,0.125,0.125,0.125,0.125,0.125,0.125,0.125
39,39.0,39.399054140870355,0.125,0.125,0.125,0.125,0.125,0.125,0.125,0.125
40,40.0,40.48631852820801,0.125,0.125,0.125,0.125,0.125,0.125,0.125,0.125
41,41.0,41.55999329152982,0.125,0.125,0.125,0.125,0.125,0.125,0.125,0.125
42,42.0,42.62070064560415,0.125,0.125,0.125,0.125,0.125,0.125,0.125,0.125
43,43.0,43.669130257815,0.125,0.125,0.125,0.125,0.125,0.125,0.125,0.125
44,44.0,44.70602560622662,0.125,0.125,0.125,0.125,0.125,0.125,0.125,0.125
45,45.0,45.73217116373481,0.125,0.125,0.125,0.125,0.125,0.125,0.125,0.125
46,46.0,46.748380453854836,0.125,0.125,0.125,0.125,0.125,0.125,0.125,0.125
47,47.0,47.755485010424316,0.125,0.125,0.125,0.125,0.125,0.125,0.125,0.125
48,48.0,48.7543242612326,0.125,0.125,0.125,0.125,0.125,0.125,0.125,0.125
49,49.0,49.745736344347726,0.125,0.125,0.125,0.125,0.125,0.125,0.125,0.125
50,50.0,50.730549855707864,0.125,0.125,0.125,0.125,0.125,0.125,0.125,0.125
51,51.0,51.70957651737491,0.125,0.125,0.125,0.125,0.125,0.125,0.125,0.125
52,52.0,52.68360474770151,0.125,0.125,0.125,0.125,0.125,0.125,0.125,0.125
53,53.0,53.65339410751842,0.125,0.125,0.125,0.125,0.125,0.125,0.125,0.125
54,54.0,54.61967059027847,0.125,0.125,0.125,0.125,0.125,0.125,0.125,0.125
55,55.0,55.58312271885972,0.125,0.125,0.125,0.125,0.125,0.125,0.125,0.125
56,56.0,56.544398407394254,0.125,0.125,0.125,0.125,0.125,0.125,0.125,0.125
57,57.0,57.504102543001395,0.125,0.125,0.125,0.125,0.125,0.125,0.125,0.125
58,58.0,58.462795239617805,0.125,0.125,0.125,0.125,0.125,0.125,0.125,0.125
59,59.0,59.42099071417639,0.125,0.125,0.125,0.125,0.125,0.125,0.125,0.125
60,60.0,60.379156734137354,0.125,0.125,0.125,0.125,0.125,0.125,0.125,0.125
61,61.0,61.337714584760846,0.125,0.125,0.125,0.125,0.125,0.125,0.125,0.125
62,62.0,62.29703950447439,0.125,0.125,0.125,0.125,0.125,0.125,0.125,0.125
63,63.0,63.257461537171835,0.125,0.125,0.125,0.125,0.125,0.125,0.125,0.125
64,64.0,64.22926675122783,0.125,0.125,0.125,0.125,0.125,0.125,0.125,0.125
65,65.0,65.20259877636593,0.125,0.125,0.125,0.125,0.125,0.125,0.125,0.125
66,66.0,66.17757161122657,0.125,0.125,0.125,0.125,0.125,0.125,0.125,0.125
67,67.0,67.15427144648888,0.125,0.125,0.125,0.125,0.125,0.125,0.125,0.125
68,68.0,68.13275858376005,0.125,0.125,0.125,0.125,0.125,0.125,0.125,0.125
69,69.0,69.11306942146652,0.125,0.125,0.125,0.125,0.125,0.125,0.125,0.125
70,70.0,70.09521848118769,0.125,0.125,0.125,0.125,0.125,0.125,0.125,0.125
71,71.0,71.07920045012486,0.125,0.125,0.125,0.125,0.125,0.125,0.125,0.125
72,72.0,72.06499221766705,0.125,0.125,0.125,0.125,0.125,0.125,0.125,0.125
73,73.0,73.06255488627838,0.125,0.125,0.125,0.125,0.125,0.125,0.125,0.125
74,74.0,74.06173573916577,0.125,0.125,0.125,0.125,0.125,0.125,0.125,0.125
75,75.0,75.06238114937275,0.125,0.125,0.125,0.125,0.125,0.125,0.125,0.125
76,76.0,76.06433820706532,0.125,0.125,0.125,0.125,0.125,0.125,0.125,0.125
77,77.0,77.06745617691799,0.125,0.125,0.125,0.125,0.125,0.125,0.125,0.125
78,78.0,78.07158778801622,0.125,0.125,0.125,0.125,0.125,0.125,0.125,0.125
79,79.0,79.08659036012443,0.125,0.125,0.125,0.125,0.125,0.125,0.125,0.125
80,80.0,80.1022267714206,0.125,0.125,0.125,0.125,0.125,0.125,0.125,0.125
81,81.0,81.12827727387295,0.125,0.125,0.125,0.125,0.125,0.125,0.125,0.125
82,82.0,82.15443995334132,0.125,0.125,0.125,0.125,0.125,0.125,0.125,0.125
83,83.0,83.18044196532945,0.125,0.125,0.125,0.125,0.125,0.125,0.125,0.125
84,84.0,84.20603935646547,0.125,0.125,0.125,0.125,0.125,0.125,0.125,0.125
85,85.0,85.23101661492323,0.125,0.125,0.125,0.125,0.125,0.125,0.125,0.125
86,86.0,86.25518598138599,0.125,0.125,0.125,0.125,0.125,0.125,0.125,0.125
87,87.0,87.2783865513886,0.125,0.125,0.125,0.125,0.125,0.125,0.125,0.125
88,88.0,88.30048319887707,0.125,0.125,0.125,0.125,0.125,0.125,0.125,0.125
89,89.0,89.32136534962792,0.125,0.125,0.125,0.125,0.125,0.125,0.125,0.125
90,90.0,90.34094563180743,0.125,0.125,0.125,0.125,0.125,0.125,0.125,0.125
91,91.0,91.3691584294509,0.125,0.125,0.125,0.125,0.125,0.125,0.125,0.125
92,92.0,92.39585836303552,0.125,0.125,0.125,0.125,0.125,0.125,0.125,0.125
93,93.0,93.4209297196313,0.125,0.125,0.125,0.125,0.125,0.125,0.125,0.125
94,94.0,94.4442846433712,0.125,0.125,0.125,0.125,0.125,0.125,0.125,0.125
95,95.0,95.4658612283034,0.125,0.125,0.125,0.125,0.125,0.125,0.125,0.125
96,96.0,96.48562154245936,0.125,0.125,0.125,0.125,0.125,0.125,0.125,0.125
97,97.0,97.5035496097751,0.125,0.125,0.125,0.125,0.125,0.125,0.125,0.125
98,98.0,98.51964937426155,0.125,0.125,0.125,0.125,0.125,0.125,0.125,0.125
99,99.0,99.53394266855672,0.125,0.125,0.125,0.125,0.125,0.125,0.125,0.125
100,100.0,100.5464672067368,0.125,0.125,0.125,0.125,0.125,0.125,0.125,0.125
101,101.0,101.55727461903152,0.125,0.125,0.125,0.125,0.125,0.125,0.125,0.125
102,102.0,102.56642854390644,0.125,0.125,0.125,0.125,0.125,0.125,0.125,0.125
103,103.0,103.57400279085482,0.125,0.125,0.125,0.125,0.125,0.125,0.125,0.125
104,104.0,104.58007958519981,0.125,0.125,0.125,0.125,0.125,0.125,0.125,0.125
105,105.0,105.5847479042583,0.125,0.125,0.125,0.125,0.125,0.125,0.125,0.125
106,106.0,106.58810191236836,0.125,0.125,0.125,0.125,0.125,0.125,0.125,0.125
107,107.0,107.59023950054372,0.125,0.125,0.125,0.125,0.125,0.125,0.125,0.125
108,108.0,108.59126093489613,0.125,0.125,0.125,0.125,0.125,0.125,0.125,0.125
109,109.0,109.59126761646432,0.125,0.125,0.125,0.125,0.125,0.125,0.125,0.125
110,110.0,110.59036095371106,0.125,0.125,0.125,0.125,0.125,0.125,0.125,0.125
111,111.0,111.58864134769601,0.125,0.125,0.125,0.125,0.125,0.125,0.125,0.125
112,112.0,112.58620728880551,0.125,0.125,0.125,0.125,0.125,0.125,0.125,0.125
113,113.0,113.58315456291601,0.125,0.125,0.125,0.125,0.125,0.125,0.125,0.125
114,114.0,114.5795755639863,0.125,0.125,0.125,0.125,0.125,0.125,0.125,0.125
115,115.0,115.57555870930969,0.125,0.125,0.125,0.125,0.125,0.125,0.125,0.125
116,116.0,116.57118795300764,0.125,0.125,0.125,0.125,0.125,0.125,0.125,0.125
117,117.0,117.56654239280572,0.125,0.125,0.125,0.125,0.125,0.125,0.125,0.125
118,118.0,118.56169596469593,0.125,0.125,0.125,0.125,0.125,0.125,0.125,0.125
119,119.0,119.55671721975017,0.125,0.125,0.125,0.125,0.125,0.125,0.125,0.125
120,120.0,120.55166917710147,0.125,0.125,0.125,0.125,0.125,0.125,0.125,0.125
121,121.0,121.54660924694664,0.125,0.125,0.125,0.125,0.125,0.125,0.125,0.125
122,122.0,122.54158921733783,0.125,0.125,0.125,0.125,0.125,0.125,0.125,0.125
123,123.0,123.53665529851651,0.125,0.125,0.125,0.125,0.125,0.125,0.125,0.125
124,124.0,124.53184821859216,0.125,0.125,0.125,0.125,0.125,0.125,0.125,0.125
125,125.0,125.52720336447433,0.125,0.125,0.125,0.125,0.125,0.125,0.125,0.125
126,126.0,126.52275096212354,0.125,0.125,0.125,0.125,0.125,0.125,0.125,0.125
127,127.0,127.5185162903866,0.125,0.125,0.125,0.125,0.125,0.125,0.125,0.125
128,128.0,128.51451992291948,0.125,0.125,0.125,0.125,0.125,0.125,0.125,0.125
129,129.0,129.51077799296988,0.125,0.125,0.125,0.125,0.125,0.125,0.125,0.125
130,130.0,130.50730247608553,0.125,0.125,0.125,0.125,0.125,0.125,0.125,0.125
131,131.0,131.50410148612877,0.125,0.125,0.125,0.125,0.125,0.125,0.125,0.125
132,132.0,132.50117958030643,0.125,0.125,0.125,0.125,0.125,0.125,0.125,0.125
133,133.0,133.49853806926322,0.125,0.125,0.125,0.125,0.125,0.125,0.125,0.125
134,134.0,134.4961753286317,0.125,0.125,0.125,0.125,0.125,0.125,0.125,0.125
135,135.0,135.49408710877702,0.125,0.125,0.125,0.125,0.125,0.125,0.125,0.125
136,136.0,136.49226683982005,0.125,0.125,0.125,0.125,0.125,0.125,0.125,0.125
137,137.0,137.49070592936056,0.125,0.125,0.125,0.125,0.125,0.125,0.125,0.125
138,138.0,138.4893940506534,0.125,0.125,0.125,0.125,0.125,0.125,0.125,0.125
139,139.0,139.48831941931044,0.125,0.125,0.125,0.125,0.125,0.125,0.125,0.125
140,140.0,140.48746905690868,0.125,0.125,0.125,0.125,0.125,0.125,0.125,0.125
141,141.0,141.486829040178,0.125,0.125,0.125,0.125,0.125,0.125,0.125,0.125
142,142.0,142.48638473471863,0.125,0.125,0.125,0.125,0.125,0.125,0.125,0.125
143,143.0,143.486121012458,0.125,0.125,0.125,0.125,0.125,0.125,0.125,0.125
144,144.0,144.48602245229884,0.125,0.125,0.125,0.125,0.125,0.125,0.125,0.125
145,145.0,145.48607352363263,0.125,0.125,0.125,0.125,0.125,0.125,0.125,0.125
146,146.0,146.4862587525967,0.125,0.125,0.125,0.125,0.125,0.125,0.125,0.125
147,147.0,147.4865628711384,0.125,0.125,0.125,0.125,0.125,0.125,0.125,0.125
148,148.0,148.48697094911455,0.125,0.125,0.125,0.125,0.125,0.125,0.125,0.125
149,149.0,149.48746850980191,0.125,0.125,0.125,0.125,0.125,0.125,0.125,0.125
150,150.0,150.48804162932257,0.125,0.125,0.125,0.125,0.125,0.125,0.125,0.125
151,151.0,151.48867702059792,0.125,0.125,0.125,0.125,0.125,0.125,0.125,0.125
152,152.0,152.48936210253976,0.125,0.125,0.125,0.125,0.125,0.125,0.125,0.125
153,153.0,153.490085055262,0.125,0.125,0.125,0.125,0.125,0.125,0.125,0.125
154,154.0,154.4908348621594,0.125,0.125,0.125,0.125,0.125,0.125,0.125,0.125
155,155.0,155.49160133974547,0.125,0.125,0.125,0.125,0.125,0.125,0.125,0.125
156,156.0,156.49237515617548,0.125,0.125,0.125,0.125,0.125,0.125,0.125,0.125
157,157.0,157.49314783940073,0.125,0.125,0.125,0.125,0.125,0.125,0.125,0.125
158,158.0,158.49391177590945,0.125,0.125,0.125,0.125,0.125,0.125,0.125,0.125
159,159.0,159.4946602010082,0.125,0.125,0.125,0.125,0.125,0.125,0.125,0.125
160,160.0,160.495387181587,0.125,0.125,0.125,0.125,0.125,0.125,0.125,0.125
161,161.0,161.49608759229207,0.125,0.125,0.125,0.125,0.125,0.125,0.125,0.125
162,162.0,162.4967570860037,0.125,0.125,0.125,0.125,0.125,0.125,0.125,0.125
163,163.0,163.49739205948413,0.125,0.125,0.125,0.125,0.125,0.125,0.125,0.125
164,164.0,164.49798961502165,0.125,0.125,0.125,0.125,0.125,0.125,0.125,0.125
165,165.0,165.49854751885522,0.125,0.125,0.125,0.125,0.125,0.125,0.125,0.125
166,166.0,166.4990641571169,0.125,0.125,0.125,0.125,0.125,0.125,0.125,0.125
167,167.0,167.49953848998123,0.125,0.125,0.125,0.125,0.125,0.125,0.125,0.125
168,168.0,168.4999700046593,0.125,0.125,0.125,0.125,0.125,0.125,0.125,0.125
169,169.0,169.50035866782298,0.125,0.125,0.125,0.125,0.125,0.125,0.125,0.125
170,170.0,170.50070487799206,0.125,0.125,0.125,0.125,0.125,0.125,0.125,0.125
171,171.0,171.50100941836433,0.125,0.125,0.125,0.125,0.125,0.125,0.125,0.125
172,172.0,172.50127341051572,0.125,0.125,0.125,0.125,0.125,0.125,0.125,0.125
173,173.0,173.5014982693468,0.125,0.125,0.125,0.125,0.125,0.125,0.125,0.125
174,174.0,174.5016856596013,0.125,0.125,0.125,0.125,0.125,0.125,0.125,0.125
175,175.0,175.50183745423436,0.125,0.125,0.125,0.125,0.125,0.125,0.125,0.125
176,176.0,176.50195569486178,0.125,0.125,0.125,0.125,0.125,0.125,0.125,0.125
177,177.0,177.5020425544778,0.125,0.125,0.125,0.125,0.125,0.125,0.125,0.125
178,178.0,178.50210030258745,0.125,0.125,0.125,0.125,0.125,0.125,0.125,0.125
179,179.0,179.50213127286025,0.125,0.125,0.125,0.125,0.125,0.125,0.125,0.125
180,180.0,180.5021378333772,0.125,0.125,0.125,0.125,0.125,0.125,0.125,0.125
181,181.0,181.5021223595087,0.125,0.125,0.125,0.125,0.125,0.125,0.125,0.125
182,182.0,182.50208720943192,0.125,0.125,0.125,0.125,0.125,0.125,0.125,0.125
183,183.0,183.5020347022685,0.125,0.125,0.125,0.125,0.125,0.125,0.125,0.125
184,184.0,184.50196709879876,0.125,0.125,0.125,0.125,0.125,0.125,0.125,0.125
185,185.0,185.501886584688,0.125,0.125,0.125,0.125,0.125,0.125,0.125,0.125
186,186.0,186.50179525614143,0.125,0.125,0.125,0.125,0.125,0.125,0.125,0.125
187,187.0,187.5016951078881,0.125,0.125,0.125,0.125,0.125,0.125,0.125,0.125
188,188.0,188.50158802338126,0.125,0.125,0.125,0.125,0.125,0.125,0.125,0.125
189,189.0,189.50147576709125,0.125,0.125,0.125,0.125,0.125,0.125,0.125,0.125
190,190.0,190.50135997875935,0.125,0.125,0.125,0.125,0.125,0.125,0.125,0.125
191,191.0,191.50124216947304,0.125,0.125,0.125,0.125,0.125,0.125,0.125,0.125
192,192.0,192.50112371942066,0.125,0.125,0.125,0.125,0.125,0.125,0.125,0.125
193,193.0,193.5010058771793,0.125,0.125,0.125,0.125,0.125,0.125,0.125,0.125
194,194.0,194.5008897603903,0.125,0.125,0.125,0.125,0.125,0.125,0.125,0.125
195,195.0,195.50077635767627,0.125,0.125,0.125,0.125,0.125,0.125,0.125,0.125
196,196.0,196.5006665316569,0.125,0.125,0.125,0.125,0.125,0.125,0.125,0.125
197,197.0,197.50056102292288,0.125,0.125,0.125,0.125,0.125,0.125,0.125,0.125
198,198.0,198.50046045483302,0.125,0.125,0.125,0.125,0.125,0.125,0.125,0.125
199,199.0,199.50036533900385,0.125,0.125,0.125,0.125,0.125,0.125,0.125,0.125
200,200.0,200.50027608136756,0.12472222222222223,0.12583333333333332,0.12472222222222223,0.12583333333333335,0.12472222222222223,0.12472222222222223,0.12472222222222223,0.12472222222222223
201,201.0,201.5001929886812,0.12433611111111112,0.12643611111111108,0.12433611111111112,0.12754722222222223,0.12433611111111112,0.12433611111111112,0.12433611111111112,0.12433611111111112
202,202.0,202.50011627537666,0.12395636111111112,0.1270253611111111,0.12395636111111112,0.12923647222222223,0.12395636111111112,0.12395636111111112,0.12395636111111112,0.12395636111111112
203,203.0,203.5000460706488,0.12358613361111112,0.12759654361111109,0.12358613361111112,0.13088665472222222,0.12358613361111112,0.12358613361111112,0.12358613361111112,0.12358613361111112
204,204.0,204.49998242568728,0.12433928974722223,0.1281457535361111,0.12322817863611113,0.1313740635361111,0.12322817863611113,0.12322817863611113,0.12322817863611113,0.12322817863611113
205,205.0,205.49992532096502,0.12500505050356314,0.1284878778625429,0.12279393939245203,0.13162828376254293,0.12279393939245203,0.12279393939245203,0.12279393939245203,0.12370303030154295
206,206.0,206.49987467350533,0.12566731599236564,0.1288038402706354,0.12237720488125453,0.13183372842163543,0.12237720488125453,0.12237720488125453,0.12237720488125453,0.12418629579034546
207,207.0,207.49983034405656,0.12631981308549556,0.1281840064190507,0.12198039197438443,0.13290231153262252,0.12198039197438443,0.12198039197438443,0.12198039197438443,0.12467230106529355
208,208.0,208.4997921441121,0.12695699365158883,0.12754633609045415,0.12160547664047772,0.13391885160102307,0.12160547664047772,0.12160547664047772,0.12160547664047772,0.1251559120950232
209,209.0,209.49975984272095,0.12735179531546598,0.12778787852472182,0.12114290716446599,0.13476727641930059,0.12114290716446599,0.12114290716446599,0.12114290716446599,0.12552142108264783
210,210.0,210.49973317304173,0.12772450795070986,0.12801829702122458,0.12070607465531985,0.13555591326428465,0.12070607465531985,0.12070607465531985,0.12070607465531985,0.1258769831425017
211,211.0,211.4997118386,0.12775290626312424,0.12791569271806683,0.12006697576164624,0.13605305658505673,0.12006697576164624,0.12097606667073715,0.12006697576164624,0.12710135047807647
212,212.0,212.49969551921646,0.12764866295439323,0.12769191919077144,0.11934793518154171,0.1363785913715374,0.11934793518154171,0.12115702609063263,0.12034793518154172,0.12807999484804028
213,213.0,213.4996838765791,0.12743517552880956,0.1273704220061161,0.11948231930763223,0.1365555140383819,0.11857322839854131,0.12126513748945042,0.12047231930763223,0.1288458839234364
214,214.0,214.4996765594397,0.12781338206019316,0.12681873395622875,0.11941980546440101,0.13652721960118844,0.11768647213106767,0.12116115000985556,0.12122423879773433,0.12934899797933128
215,215.0,215.49967320841986,0.1279825688497712,0.12691096210370256,0.11932115147765542,0.13638677378699382,0.11677999996250389,0.12094365374082558,0.12192386381098876,0.12975102626755897
216,216.0,216.4996734604178,0.12868447347635592,0.12684003430556848,0.11919370515436162,0.13614954344438734,0.1158675954573919,0.12063166902948882,0.12257217479769496,0.13006080433475117
217,217.0,217.49967695261174,0.12936429961547533,0.12677132708272024,0.11909107074085792,0.13587702987908684,0.1150084264438882,0.12033666566609041,0.12321727060009124,0.13033390997179006
218,218.0,218.49968332606016,0.13001745685448474,0.12670530544985775,0.11901179339030034,0.1355754865490147,0.11420576106296698,0.12005989554947052,0.12385302177858466,0.1305712793653206
219,219.0,219.49969222890314,0.13064008051100506,0.1266423610643111,0.1181209968365665,0.1352508318639488,0.1134619756051792,0.11980230305611747,0.12447400528378054,0.1316074457790916
220,220.0,220.4997033191728,0.13116489514261748,0.12728794385033232,0.11719463840140881,0.1348445209421366,0.11271451736868683,0.11950044378453556,0.124883180355649,0.13240986015463363
221,221.0,221.4997162672238,0.13159918075824387,0.12782023976839896,0.11624828511006849,0.1343715297692181,0.11197397546647253,0.11987879597229645,0.12510587784504587,0.13300211531025596
222,222.0,222.49973075779744,0.13194947890515807,0.1282489175497888,0.11529523148290871,0.13384508778386464,0.11124889518596212,0.12084357692961023,0.12516401304081884,0.13340479912188882
223,223.0,223.49974649173575,0.1322635424916193,0.1286657665160699,0.11438853523264016,0.1333186616300304,0.11058783831064746,0.12181221025566277,0.12520203224894397,0.13376141331438626
224,224.0,224.49976318736287,0.1325418543378083,0.12906780105909033,0.11353262758407637,0.1327975139861018,0.10999101306876212,0.12277462438031966,0.1252215668761048,0.13407299870773684
225,225.0,225.49978058155364,0.13264631761040144,0.12931359338685708,0.11259209986464364,0.13325855069974976,0.10931907566049313,0.12358292819358502,0.1250853811452373,0.13420205343903285
226,226.0,226.4997984305098,0.1327182725340324,0.12954130979761783,0.11170981935862317,0.13372394296808016,0.10871125667656154,0.12436944968846532,0.12493540894945292,0.1342905400271668
227,227.0,227.49981651026525,0.13264913928325,0.12963936960785444,0.11177767303862285,0.13396637909071923,0.10805611135326183,0.12501739077073917,0.1246634175460901,0.13423051930946245
228,228.0,228.49983461694248,0.1325537180080034,0.129719757879517,0.11189996894924067,0.13420573032100971,0.1074649237777638,0.12563413007084448,0.12438432876994034,0.13413744222368065
229,229.0,229.49985256678258,0.13243559172349145,0.12978343788374627,0.11207003990830863,0.13443991163588356,0.10693721005104227,0.12621662037399706,0.12410164324604381,0.13401554517748698
230,230.0,230.49987019597086,0.1322982121934858,0.1298314436472433,0.11228140770139103,0.1346670982137337,0.10647189992548681,0.12676246167686064,0.12381854750441415,0.13386892913738457
231,231.0,231.49988736028058,0.13214487853783594,0.12986486253644633,0.1125278289671556,0.134885717662484,0.10606740614223634,0.12726986046643549,0.12353791352424098,0.1337015321631653
232,232.0,232.49990393455653,0.13188781041475364,0.12979390995898363,0.11262151596385833,0.13491262231873877,0.10563078291398378,0.12855576882433653,0.1231713923782713,0.13342619722707397
233,233.0,233.49991981205932,0.13162177013403117,0.1297115507691146,0.11274044161207471,0.13493035097882133,0.10525142759933007,0.12979311307378855,0.12281305617636262,0.13313828965647687
234,234.0,234.49993490369127,0.13135031531423977,0.12961974921997857,0.11288089279017122,0.13493964395574815,0.10492740696006184,0.1309743761831419,0.12246566978612794,0.13284194579053055
235,235.0,235.4999491371231,0.13107670195748425,0.12952036756299357,0.11303931243337888,0.1349412518880655,0.10465642773503324,0.13209335363531288,0.12213161209030221,0.13254097269742943
236,236.0,236.49996245584052,0.13100590225304878,0.12961717782753457,0.1145254508118858,0.13331976558474953,0.10463791577709078,0.13334710442351827,0.12201491099842299,0.13153177232374924
237,237.0,237.49997481812778,0.13102278196086903,0.1297940318469269,0.11645868689591553,0.13179451209688373,0.10475124860722863,0.13421931599229064,0.12120996330492721,0.13074945929495832
238,238.0,238.499986196005,0.13093106668030358,0.12998368917302394,0.11899543309953005,0.13018378301546404,0.1047947707559997,0.1340033811868466,0.121236175614444,0.12987170047438806
239,239.0,239.4999965741345,0.13076551096229033,0.13008906768430487,0.12216982740806488,0.1284594535141962,0.10479800596934666,0.13364681990289234,0.12112998069444042,0.1289413338644643
240,240.0,240.5000059487097,0.13053923366183348,0.13012162073121772,0.12508041701199857,0.12742751620746692,0.1047690298427577,0.1331713396551977,0.12091383972522705,0.12797700316430083
241,241.0,241.50001432634028,0.1309776026772149,0.1300910525824774,0.12773271824399365,0.12628729300713146,0.10471410052423956,0.1325963343953609,0.12060640322691152,0.12699449534267054
242,242.0,242.50002172294438,0.13132112499805226,0.13000581254096819,0.13013153143441858,0.12506650924004828,0.10463819412800182,0.13260600484569268,0.1202235381210502,0.12600728469176795
243,243.0,243.50002816265862,0.13150247344721497,0.12979765309681493,0.13343709171440055,0.12371324265337683,0.10446960032621175,0.13242555296443914,0.11970323929607968,0.12495114650146216
244,244.0,244.50003367677488,0.13161513118145812,0.1295225270388028,0.13704711399362926,0.1223708534490219,0.10426085305152172,0.1321548747576506,0.11914353236623981,0.12388511416167583
245,245.0,245.50003830271174,0.13172253300262354,0.12924757459659014,0.1404912056955416,0.12110937008848771,0.10407574743166093,0.13186339194764068,0.11861164751900824,0.12287852971844718
246,246.0,246.5000420830278,0.13119913048380735,0.12897552793301914,0.1437515189608501,0.12055831682099752,0.10391377035734506,0.1315560998228317,0.11811012139459647,0.12193551422655273
247,247.0,247.50004506448198,0.13067573808419589,0.12870881693686131,0.146813828500562,0.12008966116992183,0.10377422874476279,0.13123765223595163,0.11764093338196661,0.12105914094577801
248,248.0,248.5000472971459,0.13081692937520545,0.1283946300963919,0.14871264126216954,0.1202699048751849,0.10360132940892151,0.1308574041541313,0.11715059649512173,0.12019656433287372
249,249.0,249.500048833572,0.13096142748145725,0.1280903074138973,0.15040452209257044,0.12051930611355076,0.1034495876649561,0.13047478865713352,0.11669557953980234,0.11940448103663243
250,250.0,250.50004972801977,0.13101221864512644,0.1277502866527859,0.15289919775753366,0.12015583607170643,0.10327078612349957,0.13004624959382693,0.11622928164479002,0.11863614351073119
251,251.0,251.50005003574256,0.13153201718945082,0.12734596359883862,0.15537235938390012,0.11966104823075244,0.10303384455002373,0.1295083257759013,0.11568515494742995,0.11786128632370313
252,252.0,252.50004981233565,0.13198204138438568,0.12692572020861057,0.15805861630174953,0.1190921562359374,0.10278485486019728,0.12891565191046178,0.11511474058839458,0.11712621851026324
253,253.0,253.50004911314605,0.13235006254056772,0.12648799800845562,0.16082156111863743,0.11854314177553674,0.10252015882137709,0.12830168856444363,0.11454843030097119,0.11642695887001064
254,254.0,254.500047992744,0.1327067772208986,0.1260720103366621,0.16336118971413818,0.11805059547600716,0.10227706226414486,0.12770779255465897,0.11402456501616694,0.11580000741732326
255,255.0,255.50004650445467,0.13298438944903596,0.12564706387854976,0.1653803197773766,0.11813667180125029,0.10202315646735201,0.12710521636902022,0.11351145914800587,0.11521172310940933
256,256.0,256.50004469994974,0.1330494884562769,0.1250795870870667,0.16744598357955687,0.11798697177094407,0.10273445563376876,0.12633289713062243,0.11284521115715852,0.11452540518460577
257,257.0,257.5000426288958,0.13348919504247495,0.12448526799738299,0.1693917892374179,0.11772233025486463,0.10340308650932813,0.1255112925710436,0.11214355796972013,0.11385348041776772
258,258.0,258.5000403386583,0.13360505155095675,0.124084008428332,0.17116562639838548,0.11836419775827056,0.10368523445980721,0.12469370068183525,0.11113253472638647,0.11326964599602636
259,259.0,259.500037874058,0.13349426756407648,0.12357683992670798,0.17222856210741097,0.12009979497531162,0.10373954470786974,0.12423192664572505,0.11001323651207037,0.11261582756082789
260,260.0,260.5000352771772,0.13221156735219153,0.1235911133824728,0.17340101386255502,0.12177208993215087,0.10464972978274861,0.12319565576841364,0.10905119029951972,0.1121276396199479
261,261.0,261.5000325872126,0.1311729190976099,0.12422252793722904,0.17404516343738183,0.12332358845596475,0.10545609940992551,0.12211237482638168,0.10805710859141376,0.11161021824409365
262,262.0,262.5000298403724,0.1300905886721273,0.12485727140931127,0.17468796608908918,0.12481837826147113,0.10622882387531653,0.1210654700729392,0.10711198819180676,0.11113951342793874
263,263.0,263.5000270698125,0.12897868064056692,0.1254883011534255,0.17532675167187775,0.12624645768476456,0.10696317813160576,0.12006141061792111,0.10622002185500429,0.11071519824483422
264,264.0,264.50002430561045,0.12757674225063834,0.1255953163787234,0.1759279554750225,0.1269000068290969,0.10833427624707687,0.11994825154280783,0.10579237215696802,0.10992507911966624
265,265.0,265.50002157477246,0.12617263751323504,0.1256918290501722,0.1765358395007616,0.12747864232909376,0.10965322930946919,0.11986497525677459,0.10541933642957001,0.10918351061092367
266,266.0,266.5000189012706,0.12423595739088923,0.12592425291335915,0.17697134009661447,0.1279703269451523,0.11160881107845078,0.11953033169997326,0.10547286229926871,0.10828611757629211
267,267.0,267.5000163061062,0.12226309327865392,0.12608009748175336,0.17700204046364162,0.12819734563253588,0.11406687522671277,0.11950316052777839,0.10550856817453394,0.10737881921439009
268,268.0,268.5000138073972,0.1202789079422941,0.12616779898286623,0.17699721555360565,0.12890560125170317,0.11621317137680234,0.11943307336767636,0.10553021573977243,0.10647401578527971
269,269.0,269.5000114204851,0.11830498327765979,0.1261947183496604,0.17696719197217467,0.1293540901471308,0.11873099818044267,0.1193256706101329,0.10554041799158015,0.10558192947121858
270,270.0,270.50000915805936,0.1162627910407737,0.12607022963006162,0.17682359678594822,0.1307071484442764,0.1209901607609755,0.1190885164190165,0.10544378246694389,0.1046137744520042
271,271.0,271.5000070302956,0.11429013098649865,0.12590312443388368,0.17655368547285952,0.13183726711462027,0.1229196731622181,0.11947250855486442,0.10534436521273288,0.10367924506232251
272,272.0,272.50000504500525,0.11246651626319819,0.12576607522682812,0.17580093203357944,0.1329931582323848,0.12533474036580633,0.11997441176186738,0.10481310231713681,0.10285106379919895
273,273.0,273.5000032077939,0.1105926777876316,0.1254737855986164,0.1749553298143944,0.13369351783353822,0.12789385559714747,0.12028541891863387,0.10516219809086591,0.1019432163591721
274,274.0,274.5000015222258,0.10870070593950786,0.12596290287386142,0.17404879826569475,0.1339959314214425,0.1305612304174927,0.12043024767507858,0.10531832609546546,0.10098185731145672
275,275.0,275.49999998999215,0.10692141780817736,0.12644306134683703,0.17321230923408543,0.134217688942063,0.13305727191882144,0.12056356338198858,0.10549188798517446,0.10009279938285269
276,276.0,276.49999861108193,0.10526021745509481,0.12690998183031396,0.17245170515089064,0.13436389146146907,0.13537377953529559,0.12068406373906895,0.10567903126985848,0.09927732955800848
277,277.0,277.49999738395195,0.10372081415487228,0.12735995426804275,0.17177137936647663,0.13443990315385876,0.13694962137331565,0.12079073132663792,0.10643171728236404,0.09853587907443191
278,278.0,278.4999963056955,0.10227611561281412,0.1277605783553623,0.17079425777506524,0.13436355244921086,0.13828427044140648,0.12105825448593215,0.10762410576223534,0.09783886511797345
279,279.0,279.4999953722077,0.10093005883748497,0.1281124361860939,0.17030753892101805,0.1341501460935826,0.13938815302553353,0.12122324318355691,0.10869995607759061,0.09718846767513936
280,280.0,280.4999945783466,0.09968510276093302,0.12932551402148035,0.1700233153832995,0.13381447301194604,0.1402727189397692,0.12154257551118797,0.10875023399758782,0.096586066373796
281,281.0,281.49999391808814,0.09850656556202476,0.13028330233944557,0.1696769937184678,0.1332964256320274,0.14175725632316238,0.12178422884415344,0.10871090174147055,0.09598432583924797
282,282.0,282.49999338467467,0.09751056583309058,0.1312952227265563,0.16946573127930661,0.13250377136734157,0.14329393903886645,0.12188491372026505,0.10867375989756786,0.09537209613700542
283,283.0,283.4999929707558,0.09654779267562191,0.132955707209789,0.16927630575017305,0.1315402426141292,0.14451691226489985,0.12187373593556904,0.10854922008409547,0.09474008346572234
284,284.0,284.49999266852126,0.09560324987931106,0.13514495304237698,0.16943938133054606,0.13037119216929455,0.14540557588171002,0.12169727152474093,0.10826263349036619,0.09407574268165406
285,285.0,285.499992469825,0.09470352044418619,0.1370006579120928,0.16993854827162516,0.1290473569091251,0.14667428998963125,0.12138549986836476,0.1078395766676036,0.09341054993737098
286,286.0,286.49999236630003,0.09389476718852922,0.1387512815660335,0.17037044783178573,0.12809825920981538,0.14775712428864463,0.12099547023805092,0.10733917319272457,0.09279347648441583
287,287.0,287.4999923494646,0.09319142798478924,0.14040584477373433,0.17087191902273194,0.12716925840909288,0.14869416164897403,0.12058639445432989,0.10683909369366495,0.09224190001268251
288,288.0,288.4999924108181,0.09257249559070309,0.14194046376026156,0.17108877597009248,0.12641317907425814,0.1494570005367372,0.1205128802863093,0.10642661611169595,0.09158858866994217
289,289.0,289.499992541928,0.09203452459815392,0.14335113233058008,0.17179948951368235,0.12562228978091156,0.1500543933676413,0.11980866363749247,0.10634558378389361,0.09098392298764467
290,290.0,290.49999273450766,0.09158785771382527,0.1447989763868189,0.17235818954123105,0.12486257801628792,0.15052434078777732,0.11930201147559416,0.1062726309383719,0.09029341514009345
291,291.0,291.49999298048425,0.0911656450526244,0.14588556971340463,0.17329804621559963,0.12365224985857905,0.15087474250737065,0.1193593671477467,0.10615697775539501,0.08960740174927989
292,292.0,292.49999327205836,0.0913614233484141,0.14665893689669254,0.17448213866848905,0.12236841865886544,0.1509749180630512,0.11927861075183546,0.10594121459232105,0.08893433902033117
293,293.0,293.4999936017545,0.09161398121081821,0.14730745972794293,0.17591807087653386,0.12109550452081148,0.15094709769342163,0.11913746156378524,0.1056683219847494,0.08831210242193724
294,294.0,294.49999396246346,0.09191400024992114,0.14783649212314956,0.17757703470552927,0.11984320900693926,0.15080330339478057,0.11879326080383844,0.10534445447618329,0.08788824523965849
295,295.0,295.49999434747696,0.09223345668962613,0.14821582195109992,0.17942011489654305,0.11860302601116861,0.15053207686690473,0.11838843935869445,0.10511206961591796,0.08749499461004515
296,296.0,296.49999475051425,0.09258340074416321,0.14848860465602753,0.18110797037756327,0.11739960075059493,0.15016893527179126,0.11826231341130752,0.10483931918718026,0.08714985560137199
297,297.0,297.4999951657427,0.09296597189478828,0.14866539420040925,0.18289801828081037,0.1162491729359758,0.14972892538353244,0.1181044403605254,0.10453398142510285,0.08685409551885558
298,298.0,298.4999955877909,0.09312650694511937,0.14859022619572088,0.18491842542212691,0.11509139627476415,0.14968085623754562,0.11785222858844856,0.10416770312045572,0.08657265721581878
299,299.0,299.49999601175637,0.09329054949234877,0.1483687293609561,0.18670083919605823,0.11398936489844852,0.15019424704919468,0.11759205987184351,0.10366215723649688,0.08620205289465328
300,300.0,300.49999643320774,0.09347327625154316,0.1480829289554761,0.18842509114324224,0.11296937530397339,0.15066202841799803,0.11732971200874093,0.10317729150552035,0.08588029641350581
301,301.0,301.49999684818187,0.09362741914290518,0.14761979883549287,0.19019876866420318,0.11169608495751437,0.1516204923979509,0.11706130651671352,0.10273671401039686,0.08543941547482316
302,302.0,302.4999972531768,0.09376351706152841,0.14721167734810858,0.19174521484826584,0.11047350858662637,0.15248036018786548,0.11704039057277435,0.1022651442159203,0.08502018717891069
303,303.0,303.49999764514047,0.09384112473707815,0.14723040912475965,0.19317805748676065,0.1092763955487313,0.15311485990924392,0.11696270449159392,0.10178838286361938,0.0846080658382131
304,304.0,304.49999802145635,0.09388176590867173,0.14708572502403275,0.19450674073137464,0.10812851340635067,0.15401817631879808,0.11684061280865574,0.10131898303929843,0.08421948276281806
305,305.0,305.49999837992607,0.09387863214433644,0.1469065237949086,0.196175266246439,0.10703767422379351,0.15471568606327077,0.11716123595445332,0.10027450208612744,0.08385047948667106
306,306.0,306.49999871874957,0.09386148326385635,0.14680350125213487,0.19774380413900938,0.10602587860600898,0.15532634137630177,0.1174683704581674,0.09925979050726844,0.08351083039725296
307,307.0,307.4999990365032,0.09383023239803881,0.1467771595583645,0.19952125739093254,0.1050936495881635,0.1558506560241877,0.1177584804947461,0.09796876120444412,0.08319980334112285
308,308.0,308.4999993321165,0.09378498063023363,0.1468270235492754,0.20103590091196136,0.10439454765128772,0.1562900029098639,0.11802859739090532,0.09672246644322756,0.08291648051324532
309,309.0,309.49999960484723,0.09371652625255442,0.14694227865210827,0.20258369370065557,0.10375090584980302,0.1566275735188837,0.118219472974489,0.09550923343246781,0.08265031561903842
310,310.0,310.49999985425643,0.09358970345114578,0.14742943838189,0.20398642320577542,0.10312486275690942,0.15674065002467114,0.11842800131870272,0.09431828600096412,0.08238263485994161
311,311.0,311.50000008018213,0.09358351618174976,0.1479297075759374,0.20471474110213714,0.10316668544231203,0.1553221406040572,0.11967452905327787,0.0933232358198824,0.08228544422064639
312,312.0,312.5000002827135,0.09366537714859688,0.14825477065115625,0.20532329482734898,0.1032374387807701,0.15410951913946647,0.12083589361810204,0.092379154544045,0.08219455129051445
313,313.0,313.50000046216456,0.09372035020166693,0.14882579738565907,0.20582821136424245,0.10334474709251527,0.15275110738733533,0.1219128990143235,0.09149615078995368,0.0821207367643039
314,314.0,314.5000006190489,0.09373237478921531,0.14957734499805084,0.20635840123940427,0.10346880238271172,0.15124904214440096,0.1228939650864474,0.09066955585417728,0.08205051350559234
315,315.0,315.50000075405427,0.09371195671071941,0.15017718457923718,0.20678714220534422,0.10431600330158033,0.14997781724961368,0.12315168041037011,0.0898917177059892,0.08198649783714598
316,316.0,316.50000086801856,0.09361726082428312,0.1509179041539759,0.20690113618139386,0.10559676949750893,0.14845970137515987,0.12350661170057702,0.0891185407541132,0.08188207551298818
317,317.0,317.50000096190627,0.09335945878358473,0.15182866726296157,0.20676605483351962,0.10686769553639291,0.1468583463629105,0.12413632344204963,0.08839902869315482,0.0817844250854263
318,318.0,318.50000103678616,0.0930995449753016,0.15268756444671736,0.2063100667815091,0.10812810766148849,0.14529226828210398,0.12503908166653926,0.08774209198577468,0.08170127420056567
319,319.0,319.50000109381017,0.09283985349489107,0.15349071710654474,0.2058057165521864,0.10936522302922047,0.14377278661910375,0.1259469461420644,0.0871472288623885,0.08163152819360082
320,320.0,320.50000113419367,0.0925903943047505,0.15424310344861875,0.2052415691103571,0.11058720282163137,0.14232364105990897,0.12680472483056066,0.08662738510698047,0.08158197931719234
321,321.0,321.50000115919687,0.09234654120677867,0.1549361786803184,0.20474509931022672,0.11209372632153924,0.14061751368261854,0.12754787291408992,0.08616806209835562,0.08154500578607306
322,322.0,322.5000011701078,0.09210985272668733,0.155568623764313,0.20408247737250243,0.11355031255044798,0.13898684773135783,0.1284153232498978,0.08576716219981968,0.08151940040497413
323,323.0,323.5000011682266,0.09174463094711106,0.15600282892415485,0.20346189220147687,0.11481528391377016,0.13730274476493412,0.12890938092386905,0.08528519314124672,0.08247804518343733
324,324.0,324.50000115485125,0.0912774510652792,0.15626434575014586,0.20285399802753404,0.11589436816282052,0.13559715714045517,0.12915594350251614,0.08474484915515341,0.08421188719609582
325,325.0,325.5000011312649,0.09082275130403049,0.1564673985212061,0.20237219241680734,0.11689423288974442,0.1339885661797516,0.12927257162132877,0.08425664815393304,0.08592563891319834
326,326.0,326.50000109872457,0.09043103146886594,0.15666300393506488,0.20206466817014612,0.1180974137011685,0.1319112258636232,0.1293141109883268,0.08386717320572838,0.08765137266707626
327,327.0,327.50000105845095,0.08997036248771964,0.15672040239549462,0.20156907691083234,0.11926154153400112,0.12986472693619439,0.13010937727587427,0.08344524600299774,0.08905926645688597
328,328.0,328.5000010116202,0.08940760011229021,0.1566081947605229,0.20187958748443355,0.11997924466042811,0.12776956000063844,0.13060558577086487,0.08361572651027567,0.09013450070054639
329,329.0,329.5000009593563,0.08882768378823,0.15641356619850932,0.2022372531343457,0.12004019292618405,0.12604414731904254,0.1309622663492303,0.08374483515538902,0.09173005512906922
330,330.0,330.50000090272533,0.08758162041742976,0.15706613829178032,0.20278860315229888,0.11998684999404728,0.12407331276886535,0.13325795140682897,0.08259422588695292,0.09265129808179662
331,331.0,331.5000008427301,0.08625687932513793,0.1572230749374101,0.20407596920305454,0.12014076359417591,0.12231184508234591,0.13528492746571158,0.08134803537260311,0.093358505019561
