,Unnamed: 0,Total_iterations,Intertwine_two,Invert_path_vertices,Insert_inside_vertex,Delete_inside_vertex,Replace_inside_vertex,Donate_between_routes,Trim_one_terminal_cb,Grow_one_terminal_cb
0,0.0,0.0,0.125,0.125,0.125,0.125,0.125,0.125,0.125,0.125
1,1.0,1.0,0.125,0.125,0.125,0.125,0.125,0.125,0.125,0.125
2,2.0,2.0,0.125,0.125,0.125,0.125,0.125,0.125,0.125,0.125
3,3.0,3.0,0.125,0.125,0.125,0.125,0.125,0.125,0.125,0.125
4,4.0,4.0,0.125,0.125,0.125,0.125,0.125,0.125,0.125,0.125
5,5.0,5.0,0.125,0.125,0.125,0.125,0.125,0.125,0.125,0.125
6,6.0,6.0,0.125,0.125,0.125,0.125,0.125,0.125,0.125,0.125
7,7.0,7.0,0.125,0.125,0.125,0.125,0.125,0.125,0.125,0.125
8,8.0,8.0,0.125,0.125,0.125,0.125,0.125,0.125,0.125,0.125
9,9.0,9.0,0.125,0.125,0.125,0.125,0.125,0.125,0.125,0.125
10,10.0,10.0,0.125,0.125,0.125,0.125,0.125,0.125,0.125,0.125
11,11.0,11.0,0.125,0.125,0.125,0.125,0.125,0.125,0.125,0.125
12,12.0,12.0,0.125,0.125,0.125,0.125,0.125,0.125,0.125,0.125
13,13.0,13.0,0.125,0.125,0.125,0.125,0.125,0.125,0.125,0.125
14,14.0,14.0,0.125,0.125,0.125,0.125,0.125,0.125,0.125,0.125
15,15.0,15.0,0.125,0.125,0.125,0.125,0.125,0.125,0.125,0.125
16,16.0,16.0,0.125,0.125,0.125,0.125,0.125,0.125,0.125,0.125
17,17.0,17.0,0.125,0.125,0.125,0.125,0.125,0.125,0.125,0.125
18,18.0,18.0,0.125,0.125,0.125,0.125,0.125,0.125,0.125,0.125
19,19.0,19.0,0.125,0.125,0.125,0.125,0.125,0.125,0.125,0.125
20,20.0,20.0,0.125,0.125,0.125,0.125,0.125,0.125,0.125,0.125
21,21.0,21.0,0.125,0.125,0.125,0.125,0.125,0.125,0.125,0.125
22,22.0,22.0,0.125,0.125,0.125,0.125,0.125,0.125,0.125,0.125
23,23.0,23.0,0.125,0.125,0.125,0.125,0.125,0.125,0.125,0.125
24,24.0,24.0,0.125,0.125,0.125,0.125,0.125,0.125,0.125,0.125
25,25.0,25.0,0.125,0.125,0.125,0.125,0.125,0.125,0.125,0.125
26,26.0,26.0,0.125,0.125,0.125,0.125,0.125,0.125,0.125,0.125
27,27.0,27.0,0.125,0.125,0.125,0.125,0.125,0.125,0.125,0.125
28,28.0,28.0,0.125,0.125,0.125,0.125,0.125,0.125,0.125,0.125
29,29.0,29.0,0.125,0.125,0.125,0.125,0.125,0.125,0.125,0.125
30,30.0,30.0,0.125,0.125,0.125,0.125,0.125,0.125,0.125,0.125
31,31.0,31.0,0.125,0.125,0.125,0.125,0.125,0.125,0.125,0.125
32,32.0,32.0,0.125,0.125,0.125,0.125,0.125,0.125,0.125,0.125
33,33.0,33.0,0.125,0.125,0.125,0.125,0.125,0.125,0.125,0.125
34,34.0,34.0,0.125,0.125,0.125,0.125,0.125,0.125,0.125,0.125
35,35.0,35.0,0.125,0.125,0.125,0.125,0.125,0.125,0.125,0.125
36,36.0,36.0,0.125,0.125,0.125,0.125,0.125,0.125,0.125,0.125
37,37.0,37.0,0.125,0.125,0.125,0.125,0.125,0.125,0.125,0.125
38,38.0,38.0,0.125,0.125,0.125,0.125,0.125,0.125,0.125,0.125
39,39.0,39.0,0.125,0.125,0.125,0.125,0.125,0.125,0.125,0.125
40,40.0,40.0,0.125,0.125,0.125,0.125,0.125,0.125,0.125,0.125
41,41.0,41.0,0.125,0.125,0.125,0.125,0.125,0.125,0.125,0.125
42,42.0,42.0,0.125,0.125,0.125,0.125,0.125,0.125,0.125,0.125
43,43.0,43.0,0.125,0.125,0.125,0.125,0.125,0.125,0.125,0.125
44,44.0,44.0,0.125,0.125,0.125,0.125,0.125,0.125,0.125,0.125
45,45.0,45.0,0.125,0.125,0.125,0.125,0.125,0.125,0.125,0.125
46,46.0,46.0,0.125,0.125,0.125,0.125,0.125,0.125,0.125,0.125
47,47.0,47.0,0.125,0.125,0.125,0.125,0.125,0.125,0.125,0.125
48,48.0,48.0,0.125,0.125,0.125,0.125,0.125,0.125,0.125,0.125
49,49.0,49.0,0.125,0.125,0.125,0.125,0.125,0.125,0.125,0.125
50,50.0,50.0,0.125,0.125,0.125,0.125,0.125,0.125,0.125,0.125
51,51.0,51.0,0.125,0.125,0.125,0.125,0.125,0.125,0.125,0.125
52,52.0,52.0,0.125,0.125,0.125,0.125,0.125,0.125,0.125,0.125
53,53.0,53.0,0.125,0.125,0.125,0.125,0.125,0.125,0.125,0.125
54,54.0,54.0,0.125,0.125,0.125,0.125,0.125,0.125,0.125,0.125
55,55.0,55.0,0.125,0.125,0.125,0.125,0.125,0.125,0.125,0.125
56,56.0,56.0,0.125,0.125,0.125,0.125,0.125,0.125,0.125,0.125
57,57.0,57.0,0.125,0.125,0.125,0.125,0.125,0.125,0.125,0.125
58,58.0,58.0,0.125,0.125,0.125,0.125,0.125,0.125,0.125,0.125
59,59.0,59.0,0.125,0.125,0.125,0.125,0.125,0.125,0.125,0.125
60,60.0,60.0,0.125,0.125,0.125,0.125,0.125,0.125,0.125,0.125
61,61.0,61.0,0.125,0.125,0.125,0.125,0.125,0.125,0.125,0.125
62,62.0,62.0,0.125,0.125,0.125,0.125,0.125,0.125,0.125,0.125
63,63.0,63.0,0.125,0.125,0.125,0.125,0.125,0.125,0.125,0.125
64,64.0,64.0,0.125,0.125,0.125,0.125,0.125,0.125,0.125,0.125
65,65.0,65.0,0.125,0.125,0.125,0.125,0.125,0.125,0.125,0.125
66,66.0,66.0,0.125,0.125,0.125,0.125,0.125,0.125,0.125,0.125
67,67.0,67.0,0.125,0.125,0.125,0.125,0.125,0.125,0.125,0.125
68,68.0,68.0,0.125,0.125,0.125,0.125,0.125,0.125,0.125,0.125
69,69.0,69.0,0.125,0.125,0.125,0.125,0.125,0.125,0.125,0.125
70,70.0,70.0,0.125,0.125,0.125,0.125,0.125,0.125,0.125,0.125
71,71.0,71.0,0.125,0.125,0.125,0.125,0.125,0.125,0.125,0.125
72,72.0,72.0,0.125,0.125,0.125,0.125,0.125,0.125,0.125,0.125
73,73.0,73.0,0.125,0.125,0.125,0.125,0.125,0.125,0.125,0.125
74,74.0,74.0,0.125,0.125,0.125,0.125,0.125,0.125,0.125,0.125
75,75.0,75.0,0.125,0.125,0.125,0.125,0.125,0.125,0.125,0.125
76,76.0,76.0,0.125,0.125,0.125,0.125,0.125,0.125,0.125,0.125
77,77.0,77.0,0.125,0.125,0.125,0.125,0.125,0.125,0.125,0.125
78,78.0,78.0,0.125,0.125,0.125,0.125,0.125,0.125,0.125,0.125
79,79.0,79.0,0.125,0.125,0.125,0.125,0.125,0.125,0.125,0.125
80,80.0,80.0,0.125,0.125,0.125,0.125,0.125,0.125,0.125,0.125
81,81.0,81.0,0.125,0.125,0.125,0.125,0.125,0.125,0.125,0.125
82,82.0,82.0,0.125,0.125,0.125,0.125,0.125,0.125,0.125,0.125
83,83.0,83.0,0.125,0.125,0.125,0.125,0.125,0.125,0.125,0.125
84,84.0,84.1,0.125,0.125,0.125,0.125,0.125,0.125,0.125,0.125
85,85.0,85.1,0.125,0.125,0.125,0.125,0.125,0.125,0.125,0.125
86,86.0,86.1,0.125,0.125,0.125,0.125,0.125,0.125,0.125,0.125
87,87.0,87.1,0.125,0.125,0.125,0.125,0.125,0.125,0.125,0.125
88,88.0,88.1,0.125,0.125,0.125,0.125,0.125,0.125,0.125,0.125
89,89.0,89.1,0.125,0.125,0.125,0.125,0.125,0.125,0.125,0.125
90,90.0,90.1,0.125,0.125,0.125,0.125,0.125,0.125,0.125,0.125
91,91.0,91.1,0.125,0.125,0.125,0.125,0.125,0.125,0.125,0.125
92,92.0,92.1,0.125,0.125,0.125,0.125,0.125,0.125,0.125,0.125
93,93.0,93.1,0.125,0.125,0.125,0.125,0.125,0.125,0.125,0.125
94,94.0,94.1,0.125,0.125,0.125,0.125,0.125,0.125,0.125,0.125
95,95.0,95.1,0.125,0.125,0.125,0.125,0.125,0.125,0.125,0.125
96,96.0,96.1,0.125,0.125,0.125,0.125,0.125,0.125,0.125,0.125
97,97.0,97.1,0.125,0.125,0.125,0.125,0.125,0.125,0.125,0.125
98,98.0,98.2,0.125,0.125,0.125,0.125,0.125,0.125,0.125,0.125
99,99.0,99.2,0.125,0.125,0.125,0.125,0.125,0.125,0.125,0.125
100,100.0,100.2,0.125,0.125,0.125,0.125,0.125,0.125,0.125,0.125
101,101.0,101.2,0.125,0.125,0.125,0.125,0.125,0.125,0.125,0.125
102,102.0,102.2,0.125,0.125,0.125,0.125,0.125,0.125,0.125,0.125
103,103.0,103.2,0.125,0.125,0.125,0.125,0.125,0.125,0.125,0.125
104,104.0,104.2,0.125,0.125,0.125,0.125,0.125,0.125,0.125,0.125
105,105.0,105.2,0.125,0.125,0.125,0.125,0.125,0.125,0.125,0.125
106,106.0,106.2,0.125,0.125,0.125,0.125,0.125,0.125,0.125,0.125
107,107.0,107.2,0.125,0.125,0.125,0.125,0.125,0.125,0.125,0.125
108,108.0,108.2,0.125,0.125,0.125,0.125,0.125,0.125,0.125,0.125
109,109.0,109.2,0.125,0.125,0.125,0.125,0.125,0.125,0.125,0.125
110,110.0,110.2,0.125,0.125,0.125,0.125,0.125,0.125,0.125,0.125
111,111.0,111.2,0.125,0.125,0.125,0.125,0.125,0.125,0.125,0.125
112,112.0,112.2,0.125,0.125,0.125,0.125,0.125,0.125,0.125,0.125
113,113.0,113.2,0.125,0.125,0.125,0.125,0.125,0.125,0.125,0.125
114,114.0,114.2,0.125,0.125,0.125,0.125,0.125,0.125,0.125,0.125
115,115.0,115.2,0.125,0.125,0.125,0.125,0.125,0.125,0.125,0.125
116,116.0,116.2,0.125,0.125,0.125,0.125,0.125,0.125,0.125,0.125
117,117.0,117.2,0.125,0.125,0.125,0.125,0.125,0.125,0.125,0.125
118,118.0,118.2,0.125,0.125,0.125,0.125,0.125,0.125,0.125,0.125
119,119.0,119.2,0.125,0.125,0.125,0.125,0.125,0.125,0.125,0.125
120,120.0,120.2,0.125,0.125,0.125,0.125,0.125,0.125,0.125,0.125
121,121.0,121.2,0.125,0.125,0.125,0.125,0.125,0.125,0.125,0.125
122,122.0,122.2,0.125,0.125,0.125,0.125,0.125,0.125,0.125,0.125
123,123.0,123.2,0.125,0.125,0.125,0.125,0.125,0.125,0.125,0.125
124,124.0,124.2,0.125,0.125,0.125,0.125,0.125,0.125,0.125,0.125
125,125.0,125.2,0.125,0.125,0.125,0.125,0.125,0.125,0.125,0.125
126,126.0,126.2,0.125,0.125,0.125,0.125,0.125,0.125,0.125,0.125
127,127.0,127.2,0.125,0.125,0.125,0.125,0.125,0.125,0.125,0.125
128,128.0,128.2,0.125,0.125,0.125,0.125,0.125,0.125,0.125,0.125
129,129.0,129.2,0.125,0.125,0.125,0.125,0.125,0.125,0.125,0.125
130,130.0,130.2,0.125,0.125,0.125,0.125,0.125,0.125,0.125,0.125
131,131.0,131.2,0.125,0.125,0.125,0.125,0.125,0.125,0.125,0.125
132,132.0,132.2,0.125,0.125,0.125,0.125,0.125,0.125,0.125,0.125
133,133.0,133.2,0.125,0.125,0.125,0.125,0.125,0.125,0.125,0.125
134,134.0,134.3,0.125,0.125,0.125,0.125,0.125,0.125,0.125,0.125
135,135.0,135.3,0.125,0.125,0.125,0.125,0.125,0.125,0.125,0.125
136,136.0,136.3,0.125,0.125,0.125,0.125,0.125,0.125,0.125,0.125
137,137.0,137.3,0.125,0.125,0.125,0.125,0.125,0.125,0.125,0.125
138,138.0,138.3,0.125,0.125,0.125,0.125,0.125,0.125,0.125,0.125
139,139.0,139.3,0.125,0.125,0.125,0.125,0.125,0.125,0.125,0.125
140,140.0,140.3,0.125,0.125,0.125,0.125,0.125,0.125,0.125,0.125
141,141.0,141.3,0.125,0.125,0.125,0.125,0.125,0.125,0.125,0.125
142,142.0,142.3,0.125,0.125,0.125,0.125,0.125,0.125,0.125,0.125
143,143.0,143.3,0.125,0.125,0.125,0.125,0.125,0.125,0.125,0.125
144,144.0,144.3,0.125,0.125,0.125,0.125,0.125,0.125,0.125,0.125
145,145.0,145.3,0.125,0.125,0.125,0.125,0.125,0.125,0.125,0.125
146,146.0,146.3,0.125,0.125,0.125,0.125,0.125,0.125,0.125,0.125
147,147.0,147.3,0.125,0.125,0.125,0.125,0.125,0.125,0.125,0.125
148,148.0,148.3,0.125,0.125,0.125,0.125,0.125,0.125,0.125,0.125
149,149.0,149.3,0.125,0.125,0.125,0.125,0.125,0.125,0.125,0.125
150,150.0,150.3,0.125,0.125,0.125,0.125,0.125,0.125,0.125,0.125
151,151.0,151.3,0.125,0.125,0.125,0.125,0.125,0.125,0.125,0.125
152,152.0,152.3,0.125,0.125,0.125,0.125,0.125,0.125,0.125,0.125
153,153.0,153.3,0.125,0.125,0.125,0.125,0.125,0.125,0.125,0.125
154,154.0,154.3,0.125,0.125,0.125,0.125,0.125,0.125,0.125,0.125
155,155.0,155.3,0.125,0.125,0.125,0.125,0.125,0.125,0.125,0.125
156,156.0,156.3,0.125,0.125,0.125,0.125,0.125,0.125,0.125,0.125
157,157.0,157.3,0.125,0.125,0.125,0.125,0.125,0.125,0.125,0.125
158,158.0,158.3,0.125,0.125,0.125,0.125,0.125,0.125,0.125,0.125
159,159.0,159.3,0.125,0.125,0.125,0.125,0.125,0.125,0.125,0.125
160,160.0,160.3,0.125,0.125,0.125,0.125,0.125,0.125,0.125,0.125
161,161.0,161.3,0.125,0.125,0.125,0.125,0.125,0.125,0.125,0.125
162,162.0,162.3,0.125,0.125,0.125,0.125,0.125,0.125,0.125,0.125
163,163.0,163.3,0.125,0.125,0.125,0.125,0.125,0.125,0.125,0.125
164,164.0,164.3,0.125,0.125,0.125,0.125,0.125,0.125,0.125,0.125
165,165.0,165.3,0.125,0.125,0.125,0.125,0.125,0.125,0.125,0.125
166,166.0,166.3,0.125,0.125,0.125,0.125,0.125,0.125,0.125,0.125
167,167.0,167.3,0.125,0.125,0.125,0.125,0.125,0.125,0.125,0.125
168,168.0,168.3,0.125,0.125,0.125,0.125,0.125,0.125,0.125,0.125
169,169.0,169.3,0.125,0.125,0.125,0.125,0.125,0.125,0.125,0.125
170,170.0,170.3,0.125,0.125,0.125,0.125,0.125,0.125,0.125,0.125
171,171.0,171.3,0.125,0.125,0.125,0.125,0.125,0.125,0.125,0.125
172,172.0,172.3,0.125,0.125,0.125,0.125,0.125,0.125,0.125,0.125
173,173.0,173.3,0.125,0.125,0.125,0.125,0.125,0.125,0.125,0.125
174,174.0,174.3,0.125,0.125,0.125,0.125,0.125,0.125,0.125,0.125
175,175.0,175.3,0.125,0.125,0.125,0.125,0.125,0.125,0.125,0.125
176,176.0,176.3,0.125,0.125,0.125,0.125,0.125,0.125,0.125,0.125
177,177.0,177.3,0.125,0.125,0.125,0.125,0.125,0.125,0.125,0.125
178,178.0,178.3,0.125,0.125,0.125,0.125,0.125,0.125,0.125,0.125
179,179.0,179.3,0.125,0.125,0.125,0.125,0.125,0.125,0.125,0.125
180,180.0,180.3,0.125,0.125,0.125,0.125,0.125,0.125,0.125,0.125
181,181.0,181.3,0.125,0.125,0.125,0.125,0.125,0.125,0.125,0.125
182,182.0,182.3,0.125,0.125,0.125,0.125,0.125,0.125,0.125,0.125
183,183.0,183.3,0.125,0.125,0.125,0.125,0.125,0.125,0.125,0.125
184,184.0,184.3,0.125,0.125,0.125,0.125,0.125,0.125,0.125,0.125
185,185.0,185.3,0.125,0.125,0.125,0.125,0.125,0.125,0.125,0.125
186,186.0,186.3,0.125,0.125,0.125,0.125,0.125,0.125,0.125,0.125
187,187.0,187.4,0.125,0.125,0.125,0.125,0.125,0.125,0.125,0.125
188,188.0,188.4,0.125,0.125,0.125,0.125,0.125,0.125,0.125,0.125
189,189.0,189.4,0.125,0.125,0.125,0.125,0.125,0.125,0.125,0.125
190,190.0,190.4,0.125,0.125,0.125,0.125,0.125,0.125,0.125,0.125
191,191.0,191.4,0.125,0.125,0.125,0.125,0.125,0.125,0.125,0.125
192,192.0,192.4,0.125,0.125,0.125,0.125,0.125,0.125,0.125,0.125
193,193.0,193.4,0.125,0.125,0.125,0.125,0.125,0.125,0.125,0.125
194,194.0,194.4,0.125,0.125,0.125,0.125,0.125,0.125,0.125,0.125
195,195.0,195.4,0.125,0.125,0.125,0.125,0.125,0.125,0.125,0.125
196,196.0,196.4,0.125,0.125,0.125,0.125,0.125,0.125,0.125,0.125
197,197.0,197.4,0.125,0.125,0.125,0.125,0.125,0.125,0.125,0.125
198,198.0,198.4,0.125,0.125,0.125,0.125,0.125,0.125,0.125,0.125
199,199.0,199.4,0.125,0.125,0.125,0.125,0.125,0.125,0.125,0.125
200,200.0,200.4,0.11881313131313131,0.11881313131313131,0.11881313131313131,0.11881313131313131,0.1390151515151515,0.11881313131313131,0.1369949494949495,0.12992424242424244
201,201.0,201.4,0.12527777777777777,0.11694444444444445,0.11694444444444445,0.12694444444444444,0.13527777777777777,0.11694444444444445,0.13361111111111112,0.12805555555555556
202,202.0,202.4,0.12436868686868685,0.11603535353535352,0.11603535353535352,0.1342171717171717,0.13345959595959594,0.11603535353535352,0.1327020202020202,0.12714646464646465
203,203.0,203.4,0.12436868686868685,0.11603535353535352,0.11603535353535352,0.1342171717171717,0.13345959595959594,0.11603535353535352,0.1327020202020202,0.12714646464646465
204,204.0,204.4,0.13194444444444442,0.11527777777777777,0.11527777777777777,0.14027777777777778,0.12361111111111109,0.11527777777777777,0.13194444444444445,0.12638888888888888
205,205.0,205.4,0.13066239316239314,0.11463675213675213,0.11463675213675213,0.13835470085470084,0.1300213675213675,0.11463675213675213,0.1313034188034188,0.12574786324786325
206,206.0,206.4,0.13066239316239314,0.11463675213675213,0.11463675213675213,0.13835470085470084,0.1300213675213675,0.11463675213675213,0.1313034188034188,0.12574786324786325
207,207.0,207.4,0.12717032967032965,0.11233516483516484,0.11233516483516484,0.1420054945054945,0.1366208791208791,0.11233516483516484,0.13486263736263734,0.12233516483516482
208,208.0,208.4,0.12607142857142856,0.1117857142857143,0.1117857142857143,0.1475,0.13607142857142857,0.1117857142857143,0.13321428571428567,0.12178571428571427
209,209.0,209.4,0.12377344877344876,0.10948773448773448,0.10948773448773448,0.1563131313131313,0.13286435786435785,0.10948773448773448,0.1309163059163059,0.12766955266955266
210,210.0,210.4,0.1211111111111111,0.10777777777777778,0.10777777777777778,0.1522222222222222,0.1361111111111111,0.10777777777777778,0.12777777777777777,0.13944444444444443
211,211.0,211.4,0.12027777777777778,0.1073611111111111,0.1073611111111111,0.15055555555555553,0.13527777777777777,0.1073611111111111,0.13277777777777777,0.13902777777777778
212,212.0,212.4,0.12384803921568625,0.11134803921568626,0.1054656862745098,0.1456127450980392,0.1321813725490196,0.1054656862745098,0.1393627450980392,0.1367156862745098
213,213.0,213.4,0.12209150326797384,0.11032679738562093,0.10477124183006534,0.14875816993464053,0.13630718954248366,0.10477124183006534,0.1373202614379085,0.13565359477124184
214,214.0,214.4,0.12052631578947366,0.10941520467836256,0.1041520467836257,0.15187134502923977,0.13441520467836257,0.1041520467836257,0.14076023391812864,0.13470760233918128
215,215.0,215.4,0.125,0.10888888888888888,0.10388888888888888,0.15055555555555555,0.1338888888888889,0.10388888888888888,0.13944444444444443,0.13444444444444445
216,216.0,216.4,0.11873015873015871,0.1084126984126984,0.10365079365079363,0.1549206349206349,0.1334126984126984,0.10365079365079363,0.143015873015873,0.13420634920634922
217,217.0,217.4,0.11808080808080808,0.10797979797979798,0.1034343434343434,0.15383838383838383,0.13297979797979798,0.1034343434343434,0.14626262626262626,0.13398989898989896
218,218.0,218.4,0.11748792270531398,0.10758454106280191,0.10323671497584538,0.15719806763285024,0.13814009661835747,0.10323671497584538,0.1448792270531401,0.1282367149758454
219,219.0,219.4,0.11694444444444443,0.11138888888888887,0.10305555555555554,0.1561111111111111,0.13777777777777778,0.10305555555555554,0.1436111111111111,0.12805555555555556
220,220.0,220.4,0.11644444444444443,0.11088888888888888,0.10288888888888889,0.15911111111111112,0.13744444444444442,0.10288888888888889,0.14244444444444443,0.12788888888888889
221,221.0,221.4,0.11460030165912519,0.11075414781297135,0.10306184012066363,0.16555052790346908,0.13288838612368023,0.10306184012066363,0.14202111613876317,0.12806184012066366
222,222.0,222.4,0.11370370370370368,0.10999999999999999,0.10259259259259257,0.16629629629629628,0.13685185185185184,0.10259259259259257,0.14037037037037037,0.1275925925925926
223,223.0,223.4,0.11317460317460315,0.10960317460317459,0.10246031746031745,0.1688095238095238,0.1365873015873016,0.10246031746031745,0.13944444444444443,0.12746031746031747
224,224.0,224.4,0.11317460317460315,0.10960317460317459,0.10246031746031745,0.1688095238095238,0.1365873015873016,0.10246031746031745,0.13944444444444443,0.12746031746031747
225,225.0,225.4,0.11238959467634602,0.10894131881427707,0.10730792498487599,0.169395039322444,0.13487900786448878,0.10204476709013913,0.13799758015728975,0.12704476709013915
226,226.0,226.4,0.11086239183778894,0.10853771148133798,0.10664115975720004,0.16655204701020276,0.13342276895260233,0.102764755262818,0.14345441043523183,0.12776475526281802
227,227.0,227.4,0.11062429659969371,0.10829961624324272,0.10616496928100956,0.1698853803435361,0.13223229276212614,0.10252666002472277,0.1427401247209461,0.1275266600247228
228,228.0,228.4,0.11062429659969371,0.10829961624324272,0.10616496928100956,0.1698853803435361,0.13223229276212614,0.10252666002472277,0.1427401247209461,0.1275266600247228
229,229.0,229.4,0.1104078463832435,0.10808316602679251,0.10573206884810915,0.1729156833738391,0.13115004167987504,0.10231020980827257,0.14209077407159545,0.12731020980827257
230,230.0,230.4,0.11161794102948526,0.10816966516741626,0.10447151424287852,0.17044352823588205,0.13044602698650673,0.10127311344327836,0.14615567216391803,0.12742253873063467
231,231.0,231.4,0.10821428571428571,0.10464285714285712,0.1041017316017316,0.17367965367965366,0.1338095238095238,0.10107142857142856,0.14727272727272725,0.1272077922077922
232,232.0,232.4,0.10821428571428571,0.10464285714285712,0.1041017316017316,0.17367965367965366,0.1338095238095238,0.10107142857142856,0.14727272727272725,0.1272077922077922
233,233.0,233.4,0.10804761904761903,0.10447619047619047,0.10376839826839826,0.17634632034632033,0.1328095238095238,0.10090476190476191,0.14660606060606057,0.12704112554112554
234,234.0,234.4,0.10752431476569406,0.10407603890362509,0.10333755325134635,0.1809014548669721,0.13164014146772765,0.10062776304155614,0.14512860702515873,0.12676412667791975
235,235.0,235.4,0.10738186462324392,0.10393358876117495,0.10305265296644603,0.18318065714617437,0.1307854406130268,0.10048531289910598,0.14455880645535818,0.12662167653546963
236,236.0,236.4,0.10289222271980894,0.10175585908344528,0.10301537542916853,0.1960180623973727,0.1290826989102851,0.09944394685773995,0.14221152410807583,0.12558031049410356
237,237.0,237.4,0.10201149425287355,0.10432340647857888,0.10201149425287355,0.19226750261233017,0.1275862068965517,0.09856321839080459,0.14853709508881924,0.1246995820271682
238,238.0,238.4,0.10166666666666666,0.10386363636363634,0.10166666666666666,0.1927272727272727,0.12666666666666665,0.09833333333333333,0.15060606060606058,0.12446969696969694
239,239.0,239.4,0.10070306038047971,0.102792503195729,0.10070306038047971,0.1944601097826904,0.12516542597187758,0.09747725392886683,0.1550849687946462,0.12361361756523044
240,240.0,240.4,0.10064512563817345,0.10387093208978634,0.09959650680243003,0.19629137431904392,0.1251074912295713,0.09752012563817346,0.15329889335729155,0.12366955092552978
241,241.0,241.4,0.09980547469771608,0.10293047469771607,0.09875074638005672,0.19181127780265708,0.13393696820420958,0.09677517166741303,0.153065289595462,0.12292459695476936
242,242.0,242.4,0.10572300079906569,0.10208663716270205,0.09799603540475749,0.19369152990349742,0.1321490257545024,0.0961151576618108,0.14997403036449689,0.12226458294916712
243,243.0,243.4,0.10472160023884161,0.10150190326914463,0.09749533512464545,0.19395413494551422,0.13106359158083297,0.09561445738169874,0.15388509479026719,0.12176388266905507
244,244.0,244.4,0.1037384494027496,0.10079727293216137,0.09687006986702726,0.19588404327248138,0.12955544286680187,0.09507831868379533,0.15096630606265493,0.12711009691232814
245,245.0,245.4,0.10336058747823454,0.10033537739420091,0.0976326746914982,0.19592774210421268,0.12868233779998486,0.09477553183435534,0.1524915002856179,0.12679424841189546
246,246.0,246.4,0.1023449306787568,0.09956715290097902,0.0969355739536106,0.20316791510611734,0.12719873184834743,0.09415779617583282,0.1496673565937315,0.12696054274262433
247,247.0,247.4,0.10155010751551256,0.09898965232347842,0.09642554975937587,0.20733078242687938,0.125961056926462,0.09372284705667318,0.14978680802897243,0.12623319596264598
248,248.0,248.4,0.1008244628424995,0.09845604178986792,0.09595604178986791,0.21107727183126354,0.12481569091267493,0.0933244628424995,0.14997437413759115,0.12557165385373545
249,249.0,249.4,0.10034827236630903,0.09821794655177267,0.09571794655177268,0.21441060516459687,0.12433950043648445,0.09308636760440427,0.14878389794711497,0.12509546337754499
250,250.0,250.4,0.09991537193340859,0.09800149633532246,0.09550149633532246,0.2174409081948999,0.1212750210562156,0.09286991738795404,0.1503332258122323,0.12466256294464458
251,251.0,251.4,0.09952011501641253,0.09780386787682444,0.09530386787682445,0.2202077066138722,0.12087976413921955,0.09267228892945603,0.14934508351974216,0.1242673060276485
252,252.0,252.4,0.09776890728694394,0.09886539851501412,0.09373381956764568,0.22135504960904134,0.11649697746238252,0.09110224062027727,0.15816150864051512,0.12251609829817992
253,253.0,253.4,0.09646836857305476,0.09742990703459323,0.09242678008024677,0.22029997681134977,0.1149330339889397,0.0898626775161442,0.1673027208016246,0.12127653519404683
254,254.0,254.4,0.09537903108127826,0.09621236441461159,0.09133141203365922,0.21694136387956614,0.1094266501288973,0.0979223211245683,0.17254158762585728,0.12024526971156183
255,255.0,255.4,0.09520731350031507,0.09591869561413621,0.09115408982854346,0.21460882734822073,0.10901663473306229,0.09780597452920865,0.17615954133031125,0.12012892311620219
256,256.0,256.4,0.09514924149102355,0.09574447958626164,0.09103794580996041,0.21338931515309878,0.11116529907684858,0.09774790251991713,0.1756949652559791,0.12007085110691065
257,257.0,257.4,0.09389725316926778,0.10520733068864763,0.08995010729188935,0.21279805370137223,0.10980563935672374,0.09595785922987385,0.17351203965444884,0.11887171690777643
258,258.0,258.4,0.09289568109792827,0.10356001676226394,0.08904952725177442,0.22316597260417487,0.10874649694874412,0.09446910767135483,0.17024305282732247,0.11787014483643694
259,259.0,259.4,0.09229572549797267,0.09998636818861535,0.08839906660131377,0.23259376703196927,0.10794452114676831,0.09331970152194868,0.16819066077493042,0.11727018923648133
260,260.0,260.4,0.09177122584303823,0.10550741718792522,0.08782625776763538,0.23222799753576498,0.10722678477685803,0.09231901139082378,0.1663756159164073,0.11674568958154692
261,261.0,261.4,0.0913083057073614,0.11032240331188455,0.08731708416294835,0.22759518700679351,0.10870651033960858,0.09143942458848027,0.16702831543705315,0.11628276944587006
262,262.0,262.4,0.09151498791404358,0.11042574441522564,0.08742042526628947,0.22448174489335138,0.10870884134193959,0.09154276569182138,0.1693655337742715,0.11653995670305732
263,263.0,263.4,0.09069870394890509,0.10857569588280239,0.08676197039260632,0.2217881251745371,0.1077764631462295,0.09056099000044945,0.1780660695378072,0.11577198191666278
264,264.0,264.4,0.09027939962526381,0.10722225287130853,0.0863889195379752,0.2276121322365047,0.10731090535357805,0.08986114176019744,0.1759263175531404,0.11539893106203167
265,265.0,265.4,0.0896134491972753,0.10586588584444881,0.08590974549357161,0.22607239853691655,0.10674307882690495,0.09435272794971196,0.17666540727599273,0.11477730687517793
266,266.0,266.4,0.08922134791231688,0.10552102567816006,0.08564991934088831,0.2247024060954955,0.10622815063340532,0.09413541880383139,0.17654258036745152,0.11799915116845079
267,267.0,267.4,0.08858943561926902,0.10414115975720004,0.08514115975720005,0.22737672736665374,0.10547449309053339,0.09314115975720004,0.17885096215936974,0.11728490249257392
268,268.0,268.4,0.08800380826487897,0.10763966260661566,0.08467047493154564,0.22833364806596795,0.10476851414723191,0.09223350014162968,0.1777268435464073,0.11662354829572277
269,269.0,269.4,0.08767423587648304,0.11091432911657628,0.08434090254314972,0.22924988868809087,0.10421269741494457,0.09150873471098186,0.17576752835179799,0.11633168329797541
270,270.0,270.4,0.08756538246574283,0.1107329067653426,0.08423204913240949,0.23117296561116785,0.10388613718272396,0.09143616577048838,0.1747152787146427,0.11625911435748193
271,271.0,271.4,0.08746056066280783,0.10601274921499637,0.0841272273294745,0.23571842015662234,0.10357167177391895,0.09136628456853173,0.1755538531381228,0.11618923315552529
272,272.0,272.4,0.08735955056179771,0.10584439904664622,0.08402621722846439,0.23571842015662234,0.10326864147088863,0.09129894450119165,0.17636193394620361,0.11612189308818519
273,273.0,273.4,0.08712945457083217,0.10472638662428595,0.0837636537050313,0.23965969627181152,0.10287620781758541,0.09067359159323005,0.1752792123200037,0.11589179709721964
274,274.0,274.4,0.08685203176480524,0.10366280870716113,0.08348737011066991,0.24253090591647658,0.10240967587508094,0.09006631747909097,0.17534404832305478,0.11564684182366025
275,275.0,275.4,0.08659246042265678,0.10267715491751464,0.08322887905544565,0.24692603166187452,0.10196753604274147,0.08950474112441117,0.17368459797304184,0.1154185988023138
276,276.0,276.4,0.08634889552425783,0.1056069392533711,0.0829863395141273,0.24548655967344693,0.10154760972647874,0.0889837319521977,0.1738346424183276,0.11520528193779263
277,277.0,277.4,0.08593294626477242,0.10461548884015262,0.08270713981315952,0.24387853414505786,0.1012099646719166,0.08841963196632965,0.17852526582522713,0.11471102847338399
278,278.0,278.4,0.08557080964170088,0.10360803724460646,0.08241756105413027,0.2404896799702551,0.1024740582292715,0.08789375153032074,0.18329801693101538,0.11424808539869953
279,279.0,279.4,0.08538141570230694,0.10351334027490948,0.0823228640844333,0.23935331633389145,0.10237936125957452,0.08779905456062377,0.18528665329465174,0.11396399448960862
280,280.0,280.4,0.08517584017850577,0.10331492409770834,0.08217909271597532,0.23896685772660353,0.10209897786925866,0.08768260559653739,0.18691240940931816,0.11366929240609265
281,281.0,281.4,0.08492483473998515,0.10309687775073781,0.08201392844198206,0.23955168366730523,0.101745111237681,0.08754388235903275,0.18490403700443567,0.11621964479884013
282,282.0,282.4,0.08471145977251181,0.10299019026700115,0.0819072409582454,0.23950094205918662,0.10158377894520117,0.0874371948752961,0.1832165532677716,0.11865263985478602
283,283.0,283.4,0.08465857769953455,0.10457665245631897,0.08188079992175677,0.24037349626331136,0.09989155260992881,0.08741075383880746,0.1825819683920445,0.11862619881829736
284,284.0,284.4,0.08458177278401995,0.10442304262528979,0.08180399500624218,0.23868378812199031,0.09966113786338503,0.08735955056179773,0.18491171749598714,0.11857499554128763
285,285.0,285.4,0.08705992057466774,0.1041991580264052,0.08165451516926235,0.23927098245918463,0.09936284850259568,0.08723487231211949,0.1830676859644556,0.11815001699130909
286,286.0,286.4,0.08698780519005236,0.10405492725717443,0.08158239978464696,0.2407132901514924,0.09914650234874953,0.08718679538904256,0.18222633981060946,0.11810194006823216
287,287.0,287.4,0.08684134245738273,0.10319946088446667,0.0814126270286673,0.24365925223538554,0.09888348949952977,0.08679402723765373,0.18125432332135158,0.11795547733556253
288,288.0,288.4,0.08415123317437587,0.10247180977853457,0.08132753117156939,0.24306171533573848,0.10020047414898996,0.08650166052480321,0.18409227988550475,0.1181932959804836
289,289.0,289.4,0.08394163306558221,0.10177561187467536,0.08116896767631235,0.2402357861186802,0.10008998757680984,0.08612804326610532,0.18892553823690827,0.11773443218492627
290,290.0,290.4,0.08369857910330075,0.10273211209623083,0.08099703746936517,0.24246867010306242,0.09991805736986267,0.08575450015593232,0.18715303674560374,0.11727800695664196
291,291.0,291.4,0.08344698028893334,0.10191396061253133,0.08079096596012489,0.2427476776638211,0.09960224046992881,0.08538098378543685,0.18929321222674658,0.11682397899247698
292,292.0,292.4,0.081691950188315,0.10125077371772677,0.08066253842360911,0.24165297579706038,0.09952341610801621,0.08507430312949146,0.19370490143622993,0.11643914119955094
293,293.0,293.4,0.08146116376805584,0.10057676122655146,0.08049272761310605,0.2460274847469818,0.09930400212290999,0.08473642509209767,0.19137600748027353,0.1160254279500235
294,294.0,294.4,0.08122030333559398,0.0998538437082648,0.08028862631696045,0.24922978801581636,0.09894525953881106,0.08439490651019715,0.18891845954620745,0.11714881302814861
295,295.0,295.4,0.08106554740732945,0.09969234696436156,0.08016853744055204,0.2483775697925162,0.09867503094704555,0.08429552156753617,0.19092081176089537,0.11680463411976343
296,296.0,296.4,0.08086214988529257,0.0990913531144958,0.08001799404113671,0.2458629065697655,0.10118196184689558,0.0839948280179707,0.19029601922357248,0.11869278730087045
297,297.0,297.4,0.0807489563274735,0.09849105485163281,0.0798846797589716,0.24595131201947978,0.10083302203138833,0.08373938694948309,0.19179394339665806,0.11855764466491267
298,298.0,298.4,0.0806406052558959,0.0979191600344507,0.07975676687205752,0.2459996606552542,0.10049719793857555,0.08349608311137377,0.19326254541203244,0.11842798072035979
299,299.0,299.4,0.08055579875804593,0.09744973815198532,0.07967196037420755,0.24824006517826738,0.10030688100912818,0.08328307148531866,0.1921700147542844,0.11832247028876237
300,300.0,300.4,0.08047579727309957,0.09694680538293161,0.07957293301407095,0.2502132804583654,0.10005174866328419,0.08308111878086012,0.1936885748962993,0.11596974153108879
301,301.0,301.4,0.0762325469347941,0.1006329213351685,0.0753111710134182,0.24793761987582214,0.0956393563416035,0.0787217244239716,0.21379816888243855,0.1117264911927833
302,302.0,302.4,0.08323114391620201,0.10024523834890112,0.07459944228450037,0.24846056392454977,0.09337429904216805,0.07791727174186472,0.2111185563261829,0.11105348441563093
303,303.0,303.4,0.0830390318991738,0.09971633120805205,0.0744402914583281,0.24973620062177124,0.09305387086138117,0.07766995653009844,0.2116551641078548,0.11068915331334014
304,304.0,304.4,0.08180630354345579,0.09846355933114635,0.07378823465582168,0.24922016183197088,0.09229625245961415,0.07703498790257493,0.21754967302892125,0.10984082724649472
305,305.0,305.4,0.08072520382106801,0.09736211301116869,0.07321292886198454,0.24790782649496493,0.09161813476719043,0.0764763321253878,0.22361986514030502,0.10907759577793041
306,306.0,306.4,0.07976796363303376,0.10263428507530459,0.07270045308451056,0.24887700006004368,0.09100549062832042,0.07598008484515498,0.22064970501566358,0.10838501765796833
307,307.0,307.4,0.0788627960041188,0.101037665952098,0.07218962673641174,0.2500267036665866,0.09034653364331864,0.07760629340307838,0.22222894618926622,0.10770143440512145
308,308.0,308.4,0.07809411846303231,0.09992127895685946,0.07177313080871131,0.25019260646414204,0.08983485920377303,0.0772052295741434,0.22585968927729222,0.107119087252046
309,309.0,309.4,0.07741583606273325,0.09892959175756573,0.07141140604939286,0.2516670047719366,0.0893978559138915,0.07685856052093756,0.22770418946980014,0.10661555545374216
310,310.0,310.4,0.07675110339520494,0.0976907818414313,0.0722376650263449,0.2511415666800832,0.08889752184492354,0.0763497656025628,0.23083073710044416,0.106100858509005
311,311.0,311.4,0.07612420356322944,0.0965271780810173,0.07185645872944688,0.2530813713011345,0.08839514587283726,0.07585848507189875,0.23257150073570018,0.10558565664473543
312,312.0,312.4,0.07600999612013802,0.0961819537920957,0.0717771918873338,0.2552982409206537,0.08827155278958942,0.07564623950638141,0.23144819758509877,0.10536662739870899
313,313.0,313.4,0.07113823428409047,0.09585066471080661,0.07170100484686104,0.2535707620503177,0.08815284874231394,0.07544250144550048,0.23898822369655348,0.1051557602235561
314,314.0,314.4,0.07081603267617459,0.09488313224327415,0.07141127077141268,0.25369290181531456,0.08782229834033498,0.07503031839046029,0.24160788974479094,0.1047361560182376
315,315.0,315.4,0.0706147504090692,0.095402650292877,0.07120998850430729,0.24974105474191682,0.0895781465783477,0.07471138906453137,0.24417158478015105,0.10457043562879934
316,316.0,316.4,0.07056303741617972,0.09506867054713256,0.07113026430693602,0.25121164297721094,0.08936698519071572,0.0745465538996962,0.24359412302621877,0.10451872263590986
317,317.0,317.4,0.07049505503735409,0.09471024376656499,0.07103492214698863,0.25203924077866213,0.08912633651001337,0.07436971811013036,0.24379176141122,0.10443272223906623
318,318.0,318.4,0.07046414576738688,0.09460832899567626,0.07097728205638523,0.25192808277137446,0.08899769091848844,0.07433880884016317,0.2443013915410755,0.1043842691094499
319,319.0,319.4,0.07021789592014308,0.09372078192302909,0.07070490890715606,0.25069677513497735,0.08858610178834894,0.07398773718998435,0.24666616675043634,0.10541963238592447
320,320.0,320.4,0.0699881410724107,0.09288795100031053,0.07044961779793238,0.25661868468610044,0.08819574807215254,0.07365697224124187,0.24304630762495924,0.10515657750489209
321,321.0,321.4,0.06978934299159015,0.092136717838965,0.0702258509280981,0.2547277441659464,0.08964282284507,0.07336077156301873,0.2451589702432399,0.10495777942407152
322,322.0,322.4,0.06963468283693,0.09164831735056453,0.07004677074901791,0.25360035303855527,0.08941490261714977,0.07320611140835857,0.24764574273001236,0.10480311926941137
323,323.0,323.4,0.06947423463025176,0.09115931207344698,0.06986243338801572,0.2514445528571635,0.08916655845025856,0.07304566320168032,0.2499712085461221,0.10587603685306093
324,324.0,324.4,0.06927260249447802,0.09072688005494592,0.069692129573044,0.2530539150885822,0.0889804318504767,0.07287535938670861,0.24986573015131358,0.1055329514004508
325,325.0,325.4,0.06905040347841934,0.0901016419917163,0.06950017859086313,0.2525413229441087,0.08867906380712438,0.07592275677545504,0.24903092042585057,0.10517371198646246
326,326.0,326.4,0.06883912750311412,0.089507991020388,0.06931812529235508,0.2547688246243765,0.08839121070087033,0.07554243249359319,0.2488026875028749,0.10482960086242779
327,327.0,327.4,0.06870909837470403,0.08900101292796891,0.06918809616394499,0.25640081941839554,0.08708655702032951,0.0752239288831786,0.2496909154774606,0.1046995717340177
328,328.0,328.4,0.06868271775215566,0.08891318856926773,0.06913834013232698,0.25750045622374984,0.0869870449570935,0.07519754826063023,0.248951591747347,0.10462911235742878
329,329.0,329.4,0.07153604452101797,0.08851496774949044,0.06896673439851636,0.2593643027630171,0.08676677904673988,0.07495412361706318,0.24557268683077543,0.10432436107337947
330,330.0,330.4,0.07129194838455855,0.08816427462454109,0.06881669080956995,0.2588877674777314,0.08658314083293346,0.07473734988497532,0.24579205943987487,0.10572676854581513
331,331.0,331.4,0.07103178558483919,0.08763316807331847,0.06864507283522323,0.2580127051726816,0.08629388235903275,0.07441888235903275,0.24851962840228517,0.10544487521358667
332,332.0,332.4,0.07083499419012233,0.08715012184654654,0.06850616885664121,0.257330796909968,0.08604079467249061,0.0757794680134962,0.24903020661249994,0.10532744889823491
333,333.0,333.4,0.07239693110541301,0.08688442502771312,0.06843416320255295,0.25640155264715525,0.08584390129133684,0.07562273755702592,0.2491818233878062,0.10523446578099645
334,334.0,334.4,0.07212038735751825,0.08637549114750576,0.06826328350041437,0.25367761387163,0.08555161532362991,0.07688229211942299,0.2522141641588989,0.10491515252097953
335,335.0,335.4,0.07190507025182741,0.08606008242306011,0.0681236897171574,0.2527762876898756,0.0853683530997518,0.07669177660103375,0.2544430836268315,0.10463165659046232
336,336.0,336.4,0.07322503639751658,0.08561049875011789,0.06797767031475446,0.2506432629393091,0.08511822596514709,0.07637407485905504,0.25666598391353457,0.10438524686056509
337,337.0,337.4,0.0729553273340451,0.08765195423655434,0.06782403705569598,0.24810221283453276,0.08485029511136583,0.0760555604342782,0.25846532075547274,0.10409529223805494
338,338.0,338.4,0.0727658612098949,0.08731230948204508,0.06769912400211062,0.24879374204961308,0.08468405881566984,0.07588870851184668,0.2578945598986525,0.1049616360301671
339,339.0,339.4,0.07258399931565825,0.08698642695338002,0.0675786125455656,0.25037900467014806,0.08452305699001003,0.07572879569574875,0.2575199915748495,0.10470011225463964
340,340.0,340.4,0.07245923348756761,0.08829267540796606,0.06752177963707029,0.24982753567878135,0.08438408399937464,0.07555541267070331,0.2560221288237898,0.10593715029474675
341,341.0,341.4,0.0722272964665477,0.08784568476373109,0.06741114593883867,0.24845581488690907,0.08419366311882502,0.07527633697827477,0.2589355431614907,0.10565451468538281
342,342.0,342.4,0.07206050155892008,0.08754498459404156,0.06837427967706798,0.2467136971247441,0.08545081851206802,0.07512966279499324,0.2593328362776578,0.10539321946050703
343,343.0,343.4,0.07201239320228128,0.0874804991488758,0.06832776368383395,0.24564064455355178,0.08535778652559996,0.0751011162536909,0.2594436057160913,0.10663619091607483
344,344.0,344.4,0.0719262901507321,0.08496521725528447,0.06825648618426641,0.24639100460945781,0.08519421143012801,0.07494916596772556,0.2617693945014833,0.10654822990092205
345,345.0,345.4,0.07170343795880259,0.08455850926157145,0.06811728542904326,0.25003445940346314,0.08494608564080952,0.07468140103206047,0.2596992608530894,0.10625956042115989
346,346.0,346.4,0.07149671956309717,0.08420750876845158,0.0680078308296432,0.24967195408298243,0.08475600757781995,0.07443108249746011,0.25791600283722904,0.10951289384331639
347,347.0,347.4,0.07129707558438743,0.08386828688540418,0.0679019609550387,0.25003855717075113,0.08457175751215919,0.0755224276970635,0.2576155243344835,0.1091844098607122
348,348.0,348.4,0.07109563553175866,0.08349775676975976,0.06777400549554977,0.24910143337098,0.08434208854721562,0.07526230219842532,0.25875378087855894,0.11017299720775175
349,349.0,349.4,0.0709007001058827,0.0831385948486698,0.06764973928153635,0.24873418727708616,0.0841186356819396,0.07638015216067721,0.2571989947979415,0.11187899584626641
350,350.0,350.4,0.07083697511065085,0.08294955150894154,0.06760665759461905,0.24754787020035812,0.08399544898341042,0.07714328141695716,0.2580679210093335,0.11185229417572913
351,351.0,351.4,0.07074157726525301,0.08274853855792857,0.06754785828581975,0.2482988159513039,0.08384181432977579,0.07696776774144348,0.25819389563530815,0.11165973223316719
352,352.0,352.4,0.07339736400484251,0.0853481319056496,0.0702448870678915,0.2507574160299971,0.0801655771093388,0.07961565309038822,0.25894916222767406,0.10152180856421807
353,353.0,353.4,0.07211578160285852,0.08392438622493062,0.06903790531677789,0.2500429346514156,0.07882763699892442,0.08825613248005149,0.2575626407041859,0.10023258202085558
354,354.0,354.4,0.07204304620966082,0.08379373953398932,0.06899792893726339,0.25262821081273534,0.07872706993356686,0.08817576932178897,0.25547086740132857,0.10016336784966651
355,355.0,355.4,0.0710751945237471,0.0840091632643661,0.06804926109756738,0.25057920797307526,0.07770464881329991,0.08622297777497864,0.25494803585742865,0.10741151069553678
356,356.0,356.4,0.07098701216544981,0.08380704046166856,0.06799507464970275,0.25017914902211313,0.07563989896119375,0.08606082723926486,0.2571082819544564,0.10822271554615051
