Total_iterations,Unnamed: 0.1,Intertwine_two,Invert_path_vertices,Insert_inside_vertex,Delete_inside_vertex,Replace_inside_vertex,Donate_between_routes,Trim_one_terminal_cb,Grow_one_terminal_cb
0,0.0,0.125,0.125,0.125,0.125,0.125,0.125,0.125,0.125
1,1.0,0.125,0.125,0.125,0.125,0.125,0.125,0.125,0.125
2,2.0,0.125,0.125,0.125,0.125,0.125,0.125,0.125,0.125
3,3.0,0.125,0.125,0.125,0.125,0.125,0.125,0.125,0.125
4,4.0,0.125,0.125,0.125,0.125,0.125,0.125,0.125,0.125
5,5.0,0.125,0.125,0.125,0.125,0.125,0.125,0.125,0.125
6,6.0,0.125,0.125,0.125,0.125,0.125,0.125,0.125,0.125
7,7.0,0.125,0.125,0.125,0.125,0.125,0.125,0.125,0.125
8,8.0,0.125,0.125,0.125,0.125,0.125,0.125,0.125,0.125
9,9.0,0.125,0.125,0.125,0.125,0.125,0.125,0.125,0.125
10,10.0,0.125,0.125,0.125,0.125,0.125,0.125,0.125,0.125
11,11.0,0.125,0.125,0.125,0.125,0.125,0.125,0.125,0.125
12,12.0,0.125,0.125,0.125,0.125,0.125,0.125,0.125,0.125
13,13.0,0.125,0.125,0.125,0.125,0.125,0.125,0.125,0.125
14,14.0,0.125,0.125,0.125,0.125,0.125,0.125,0.125,0.125
15,15.0,0.125,0.125,0.125,0.125,0.125,0.125,0.125,0.125
16,16.0,0.125,0.125,0.125,0.125,0.125,0.125,0.125,0.125
17,17.0,0.125,0.125,0.125,0.125,0.125,0.125,0.125,0.125
18,18.0,0.125,0.125,0.125,0.125,0.125,0.125,0.125,0.125
19,19.0,0.125,0.125,0.125,0.125,0.125,0.125,0.125,0.125
20,20.0,0.125,0.125,0.125,0.125,0.125,0.125,0.125,0.125
21,21.0,0.125,0.125,0.125,0.125,0.125,0.125,0.125,0.125
22,22.0,0.125,0.125,0.125,0.125,0.125,0.125,0.125,0.125
23,23.0,0.125,0.125,0.125,0.125,0.125,0.125,0.125,0.125
24,24.0,0.125,0.125,0.125,0.125,0.125,0.125,0.125,0.125
25,25.0,0.125,0.125,0.125,0.125,0.125,0.125,0.125,0.125
26,26.0,0.125,0.125,0.125,0.125,0.125,0.125,0.125,0.125
27,27.0,0.125,0.125,0.125,0.125,0.125,0.125,0.125,0.125
28,28.0,0.125,0.125,0.125,0.125,0.125,0.125,0.125,0.125
29,29.0,0.125,0.125,0.125,0.125,0.125,0.125,0.125,0.125
30,30.0,0.125,0.125,0.125,0.125,0.125,0.125,0.125,0.125
31,31.0,0.125,0.125,0.125,0.125,0.125,0.125,0.125,0.125
32,32.0,0.125,0.125,0.125,0.125,0.125,0.125,0.125,0.125
33,33.0,0.125,0.125,0.125,0.125,0.125,0.125,0.125,0.125
34,34.0,0.125,0.125,0.125,0.125,0.125,0.125,0.125,0.125
35,35.0,0.125,0.125,0.125,0.125,0.125,0.125,0.125,0.125
36,36.0,0.125,0.125,0.125,0.125,0.125,0.125,0.125,0.125
37,37.0,0.125,0.125,0.125,0.125,0.125,0.125,0.125,0.125
38,38.0,0.125,0.125,0.125,0.125,0.125,0.125,0.125,0.125
39,39.0,0.125,0.125,0.125,0.125,0.125,0.125,0.125,0.125
40,40.0,0.125,0.125,0.125,0.125,0.125,0.125,0.125,0.125
41,41.0,0.125,0.125,0.125,0.125,0.125,0.125,0.125,0.125
42,42.0,0.125,0.125,0.125,0.125,0.125,0.125,0.125,0.125
43,43.0,0.125,0.125,0.125,0.125,0.125,0.125,0.125,0.125
44,44.0,0.125,0.125,0.125,0.125,0.125,0.125,0.125,0.125
45,45.0,0.125,0.125,0.125,0.125,0.125,0.125,0.125,0.125
46,46.0,0.125,0.125,0.125,0.125,0.125,0.125,0.125,0.125
47,47.0,0.125,0.125,0.125,0.125,0.125,0.125,0.125,0.125
48,48.0,0.125,0.125,0.125,0.125,0.125,0.125,0.125,0.125
49,49.0,0.125,0.125,0.125,0.125,0.125,0.125,0.125,0.125
50,50.0,0.125,0.125,0.125,0.125,0.125,0.125,0.125,0.125
51,51.0,0.125,0.125,0.125,0.125,0.125,0.125,0.125,0.125
52,52.0,0.125,0.125,0.125,0.125,0.125,0.125,0.125,0.125
53,53.0,0.125,0.125,0.125,0.125,0.125,0.125,0.125,0.125
54,54.0,0.125,0.125,0.125,0.125,0.125,0.125,0.125,0.125
55,55.0,0.125,0.125,0.125,0.125,0.125,0.125,0.125,0.125
56,56.0,0.125,0.125,0.125,0.125,0.125,0.125,0.125,0.125
57,57.0,0.125,0.125,0.125,0.125,0.125,0.125,0.125,0.125
58,58.0,0.125,0.125,0.125,0.125,0.125,0.125,0.125,0.125
59,59.0,0.125,0.125,0.125,0.125,0.125,0.125,0.125,0.125
60,60.0,0.125,0.125,0.125,0.125,0.125,0.125,0.125,0.125
61,61.0,0.125,0.125,0.125,0.125,0.125,0.125,0.125,0.125
62,62.0,0.125,0.125,0.125,0.125,0.125,0.125,0.125,0.125
63,63.0,0.125,0.125,0.125,0.125,0.125,0.125,0.125,0.125
64,64.0,0.125,0.125,0.125,0.125,0.125,0.125,0.125,0.125
65,65.0,0.125,0.125,0.125,0.125,0.125,0.125,0.125,0.125
66,66.0,0.125,0.125,0.125,0.125,0.125,0.125,0.125,0.125
67,67.0,0.125,0.125,0.125,0.125,0.125,0.125,0.125,0.125
68,68.0,0.125,0.125,0.125,0.125,0.125,0.125,0.125,0.125
69,69.0,0.125,0.125,0.125,0.125,0.125,0.125,0.125,0.125
70,70.0,0.125,0.125,0.125,0.125,0.125,0.125,0.125,0.125
71,71.0,0.125,0.125,0.125,0.125,0.125,0.125,0.125,0.125
72,72.0,0.125,0.125,0.125,0.125,0.125,0.125,0.125,0.125
73,73.0,0.125,0.125,0.125,0.125,0.125,0.125,0.125,0.125
74,74.0,0.125,0.125,0.125,0.125,0.125,0.125,0.125,0.125
75,75.0,0.125,0.125,0.125,0.125,0.125,0.125,0.125,0.125
76,76.0,0.125,0.125,0.125,0.125,0.125,0.125,0.125,0.125
77,77.0,0.125,0.125,0.125,0.125,0.125,0.125,0.125,0.125
78,78.0,0.125,0.125,0.125,0.125,0.125,0.125,0.125,0.125
79,79.0,0.125,0.125,0.125,0.125,0.125,0.125,0.125,0.125
80,80.0,0.125,0.125,0.125,0.125,0.125,0.125,0.125,0.125
81,81.0,0.125,0.125,0.125,0.125,0.125,0.125,0.125,0.125
82,82.0,0.125,0.125,0.125,0.125,0.125,0.125,0.125,0.125
83,83.0,0.125,0.125,0.125,0.125,0.125,0.125,0.125,0.125
84,84.0,0.125,0.125,0.125,0.125,0.125,0.125,0.125,0.125
85,85.0,0.125,0.125,0.125,0.125,0.125,0.125,0.125,0.125
86,86.0,0.125,0.125,0.125,0.125,0.125,0.125,0.125,0.125
87,87.0,0.125,0.125,0.125,0.125,0.125,0.125,0.125,0.125
88,88.0,0.125,0.125,0.125,0.125,0.125,0.125,0.125,0.125
89,89.0,0.125,0.125,0.125,0.125,0.125,0.125,0.125,0.125
90,90.0,0.125,0.125,0.125,0.125,0.125,0.125,0.125,0.125
91,91.0,0.125,0.125,0.125,0.125,0.125,0.125,0.125,0.125
92,92.0,0.125,0.125,0.125,0.125,0.125,0.125,0.125,0.125
93,93.0,0.125,0.125,0.125,0.125,0.125,0.125,0.125,0.125
94,94.0,0.125,0.125,0.125,0.125,0.125,0.125,0.125,0.125
95,95.0,0.125,0.125,0.125,0.125,0.125,0.125,0.125,0.125
96,96.0,0.125,0.125,0.125,0.125,0.125,0.125,0.125,0.125
97,97.0,0.125,0.125,0.125,0.125,0.125,0.125,0.125,0.125
98,98.0,0.125,0.125,0.125,0.125,0.125,0.125,0.125,0.125
99,99.0,0.125,0.125,0.125,0.125,0.125,0.125,0.125,0.125
100,100.0,0.125,0.125,0.125,0.125,0.125,0.125,0.125,0.125
101,101.0,0.125,0.125,0.125,0.125,0.125,0.125,0.125,0.125
102,102.0,0.125,0.125,0.125,0.125,0.125,0.125,0.125,0.125
103,103.0,0.125,0.125,0.125,0.125,0.125,0.125,0.125,0.125
104,104.0,0.125,0.125,0.125,0.125,0.125,0.125,0.125,0.125
105,105.0,0.125,0.125,0.125,0.125,0.125,0.125,0.125,0.125
106,106.0,0.125,0.125,0.125,0.125,0.125,0.125,0.125,0.125
107,107.0,0.125,0.125,0.125,0.125,0.125,0.125,0.125,0.125
108,108.0,0.125,0.125,0.125,0.125,0.125,0.125,0.125,0.125
109,109.0,0.125,0.125,0.125,0.125,0.125,0.125,0.125,0.125
110,110.0,0.125,0.125,0.125,0.125,0.125,0.125,0.125,0.125
111,111.0,0.125,0.125,0.125,0.125,0.125,0.125,0.125,0.125
112,112.0,0.125,0.125,0.125,0.125,0.125,0.125,0.125,0.125
113,113.0,0.125,0.125,0.125,0.125,0.125,0.125,0.125,0.125
114,114.0,0.125,0.125,0.125,0.125,0.125,0.125,0.125,0.125
115,115.0,0.125,0.125,0.125,0.125,0.125,0.125,0.125,0.125
116,116.0,0.125,0.125,0.125,0.125,0.125,0.125,0.125,0.125
117,117.0,0.125,0.125,0.125,0.125,0.125,0.125,0.125,0.125
118,118.0,0.125,0.125,0.125,0.125,0.125,0.125,0.125,0.125
119,119.0,0.125,0.125,0.125,0.125,0.125,0.125,0.125,0.125
120,120.0,0.125,0.125,0.125,0.125,0.125,0.125,0.125,0.125
121,121.0,0.125,0.125,0.125,0.125,0.125,0.125,0.125,0.125
122,122.0,0.125,0.125,0.125,0.125,0.125,0.125,0.125,0.125
123,123.0,0.125,0.125,0.125,0.125,0.125,0.125,0.125,0.125
124,124.0,0.125,0.125,0.125,0.125,0.125,0.125,0.125,0.125
125,125.0,0.125,0.125,0.125,0.125,0.125,0.125,0.125,0.125
126,126.0,0.125,0.125,0.125,0.125,0.125,0.125,0.125,0.125
127,127.0,0.125,0.125,0.125,0.125,0.125,0.125,0.125,0.125
128,128.0,0.125,0.125,0.125,0.125,0.125,0.125,0.125,0.125
129,129.0,0.125,0.125,0.125,0.125,0.125,0.125,0.125,0.125
130,130.0,0.125,0.125,0.125,0.125,0.125,0.125,0.125,0.125
131,131.0,0.125,0.125,0.125,0.125,0.125,0.125,0.125,0.125
132,132.0,0.125,0.125,0.125,0.125,0.125,0.125,0.125,0.125
133,133.0,0.125,0.125,0.125,0.125,0.125,0.125,0.125,0.125
134,134.0,0.125,0.125,0.125,0.125,0.125,0.125,0.125,0.125
135,135.0,0.125,0.125,0.125,0.125,0.125,0.125,0.125,0.125
136,136.0,0.125,0.125,0.125,0.125,0.125,0.125,0.125,0.125
137,137.0,0.125,0.125,0.125,0.125,0.125,0.125,0.125,0.125
138,138.0,0.125,0.125,0.125,0.125,0.125,0.125,0.125,0.125
139,139.0,0.125,0.125,0.125,0.125,0.125,0.125,0.125,0.125
140,140.0,0.125,0.125,0.125,0.125,0.125,0.125,0.125,0.125
141,141.0,0.125,0.125,0.125,0.125,0.125,0.125,0.125,0.125
142,142.0,0.125,0.125,0.125,0.125,0.125,0.125,0.125,0.125
143,143.0,0.125,0.125,0.125,0.125,0.125,0.125,0.125,0.125
144,144.0,0.125,0.125,0.125,0.125,0.125,0.125,0.125,0.125
145,145.0,0.125,0.125,0.125,0.125,0.125,0.125,0.125,0.125
146,146.0,0.125,0.125,0.125,0.125,0.125,0.125,0.125,0.125
147,147.0,0.125,0.125,0.125,0.125,0.125,0.125,0.125,0.125
148,148.0,0.125,0.125,0.125,0.125,0.125,0.125,0.125,0.125
149,149.0,0.125,0.125,0.125,0.125,0.125,0.125,0.125,0.125
150,150.0,0.125,0.125,0.125,0.125,0.125,0.125,0.125,0.125
151,151.0,0.125,0.125,0.125,0.125,0.125,0.125,0.125,0.125
152,152.0,0.125,0.125,0.125,0.125,0.125,0.125,0.125,0.125
153,153.0,0.125,0.125,0.125,0.125,0.125,0.125,0.125,0.125
154,154.0,0.125,0.125,0.125,0.125,0.125,0.125,0.125,0.125
155,155.0,0.125,0.125,0.125,0.125,0.125,0.125,0.125,0.125
156,156.0,0.125,0.125,0.125,0.125,0.125,0.125,0.125,0.125
157,157.0,0.125,0.125,0.125,0.125,0.125,0.125,0.125,0.125
158,158.0,0.125,0.125,0.125,0.125,0.125,0.125,0.125,0.125
159,159.0,0.125,0.125,0.125,0.125,0.125,0.125,0.125,0.125
160,160.0,0.125,0.125,0.125,0.125,0.125,0.125,0.125,0.125
161,161.0,0.125,0.125,0.125,0.125,0.125,0.125,0.125,0.125
162,162.0,0.125,0.125,0.125,0.125,0.125,0.125,0.125,0.125
163,163.0,0.125,0.125,0.125,0.125,0.125,0.125,0.125,0.125
164,164.0,0.125,0.125,0.125,0.125,0.125,0.125,0.125,0.125
165,165.0,0.125,0.125,0.125,0.125,0.125,0.125,0.125,0.125
166,166.0,0.125,0.125,0.125,0.125,0.125,0.125,0.125,0.125
167,167.0,0.125,0.125,0.125,0.125,0.125,0.125,0.125,0.125
168,168.0,0.125,0.125,0.125,0.125,0.125,0.125,0.125,0.125
169,169.0,0.125,0.125,0.125,0.125,0.125,0.125,0.125,0.125
170,170.0,0.125,0.125,0.125,0.125,0.125,0.125,0.125,0.125
171,171.0,0.125,0.125,0.125,0.125,0.125,0.125,0.125,0.125
172,172.0,0.125,0.125,0.125,0.125,0.125,0.125,0.125,0.125
173,173.0,0.125,0.125,0.125,0.125,0.125,0.125,0.125,0.125
174,174.0,0.125,0.125,0.125,0.125,0.125,0.125,0.125,0.125
175,175.0,0.125,0.125,0.125,0.125,0.125,0.125,0.125,0.125
176,176.0,0.125,0.125,0.125,0.125,0.125,0.125,0.125,0.125
177,177.0,0.125,0.125,0.125,0.125,0.125,0.125,0.125,0.125
178,178.0,0.125,0.125,0.125,0.125,0.125,0.125,0.125,0.125
179,179.0,0.125,0.125,0.125,0.125,0.125,0.125,0.125,0.125
180,180.0,0.125,0.125,0.125,0.125,0.125,0.125,0.125,0.125
181,181.0,0.125,0.125,0.125,0.125,0.125,0.125,0.125,0.125
182,182.0,0.125,0.125,0.125,0.125,0.125,0.125,0.125,0.125
183,183.0,0.125,0.125,0.125,0.125,0.125,0.125,0.125,0.125
184,184.0,0.125,0.125,0.125,0.125,0.125,0.125,0.125,0.125
185,185.0,0.125,0.125,0.125,0.125,0.125,0.125,0.125,0.125
186,186.0,0.125,0.125,0.125,0.125,0.125,0.125,0.125,0.125
187,187.0,0.125,0.125,0.125,0.125,0.125,0.125,0.125,0.125
188,188.0,0.125,0.125,0.125,0.125,0.125,0.125,0.125,0.125
189,189.0,0.125,0.125,0.125,0.125,0.125,0.125,0.125,0.125
190,190.0,0.125,0.125,0.125,0.125,0.125,0.125,0.125,0.125
191,191.0,0.125,0.125,0.125,0.125,0.125,0.125,0.125,0.125
192,192.0,0.125,0.125,0.125,0.125,0.125,0.125,0.125,0.125
193,193.0,0.125,0.125,0.125,0.125,0.125,0.125,0.125,0.125
194,194.0,0.125,0.125,0.125,0.125,0.125,0.125,0.125,0.125
195,195.0,0.125,0.125,0.125,0.125,0.125,0.125,0.125,0.125
196,196.0,0.125,0.125,0.125,0.125,0.125,0.125,0.125,0.125
197,197.0,0.125,0.125,0.125,0.125,0.125,0.125,0.125,0.125
198,198.0,0.125,0.125,0.125,0.125,0.125,0.125,0.125,0.125
199,199.0,0.125,0.125,0.125,0.125,0.125,0.125,0.125,0.125
200,200.0,0.1243813131313131,0.1243813131313131,0.1243813131313131,0.1243813131313131,0.1264015151515151,0.1243813131313131,0.1261994949494949,0.1254924242424242
201,201.0,0.1244152777777777,0.1235819444444444,0.1235819444444444,0.1245819444444444,0.1274152777777777,0.1235819444444444,0.1270486111111111,0.1257930555555555
202,202.0,0.1243635618686868,0.1227052285353535,0.1227052285353535,0.1255134103535353,0.1282244709595959,0.1227052285353535,0.1277875315656566,0.1259953396464646
203,203.0,0.124317068800505,0.1218494854671717,0.1218494854671717,0.1264387672853535,0.1290050960732323,0.1218494854671717,0.1285017048611111,0.1261889065782828
204,204.0,0.125033316977399,0.1209454178107323,0.1209454178107323,0.1279554331743687,0.1287673551895202,0.1209454178107323,0.1291107064046717,0.1262969348218434
205,205.0,0.1256188464830689,0.1200109779555047,0.1200109779555047,0.1292513482282087,0.1291428515944208,0.1200109779555047,0.1296230426101714,0.1263309772176158
206,206.0,0.126196258504965,0.1191162398276124,0.1191162398276124,0.1305087053029296,0.1294895835181009,0.1191162398276124,0.1301009489570536,0.1263557842341135
207,207.0,0.1264113843220394,0.118036021905442,0.118036021905442,0.1320838659907756,0.1304669112493968,0.118036021905442,0.1308990112236331,0.126030761497829
208,208.0,0.1265026969009992,0.1169518721498407,0.1169518721498407,0.1341501774444347,0.1313531008313328,0.1169518721498407,0.1314920683601095,0.1256463400136014
209,209.0,0.1263507675589694,0.1156946778113604,0.1156946778113604,0.1370246691095966,0.1318771476617691,0.1156946778113604,0.1318132439766821,0.1258501382589014
210,210.0,0.1259220241970535,0.1143301378024962,0.1143301378024962,0.1393955053211868,0.132683337235863,0.1143301378024962,0.1317794798371408,0.1272292400012671
211,211.0,0.1254047127071365,0.1129948615276045,0.1129948615276045,0.1414908584139617,0.1333598522579667,0.1129948615276045,0.13220907509096,0.1285509169471614
212,212.0,0.1252448891607084,0.1121354681864946,0.1115472328923769,0.1429730421231234,0.1336782545101822,0.1115472328923769,0.1332598945782917,0.1296139856564456
213,213.0,0.1249114258747017,0.111252015706781,0.110114107210049,0.1446479469747782,0.1343624294169111,0.110114107210049,0.1340624122560745,0.1305355553506552
214,214.0,0.1244265909433784,0.1103564970211014,0.1087089459375101,0.146507781080326,0.1348084359478106,0.1087089459375101,0.1351612539059195,0.1313215492264437
215,215.0,0.1243986051747009,0.109488485701615,0.1073724160112125,0.1481036884674398,0.1351532779339783,0.1073724160112125,0.1360746222435336,0.132036488456307
216,216.0,0.1237524478041601,0.1086536604983309,0.106110894282512,0.1500010317232313,0.1354033727834594,0.106110894282512,0.1372874948265383,0.1326802037992558
217,217.0,0.1230557482149983,0.1078566181512289,0.1049292786987192,0.1516496115771926,0.1355652613609946,0.1049292786987192,0.1387610392578112,0.1332531640403357
218,218.0,0.1223196806458613,0.1071009861454231,0.1038311124748122,0.1534911895478163,0.1362011363108204,0.1038311124748122,0.1400239051950563,0.1332008772053979
219,219.0,0.1215545544281457,0.1068061876719804,0.1028187029562773,0.1550769828500541,0.1367565814846809,0.1028187029562773,0.1410822261629548,0.1330860614896293
220,220.0,0.1207698397323646,0.1065366960580511,0.1018932362489219,0.1568145381046787,0.1372333607707531,0.1018932362489219,0.1419433372168784,0.1329157556194302
221,221.0,0.1198359282747504,0.1063242014262313,0.1010875678618793,0.1590452452431409,0.1372089671328785,0.1010875678618793,0.1426810154071172,0.132729506792123
222,222.0,0.1188533919011993,0.1061018409401637,0.1003352842833216,0.1611925113336429,0.1375401536215165,0.1003352842833216,0.1431732522088093,0.1324682814280249
223,223.0,0.1178647022301183,0.1059010155536188,0.0996675746324849,0.163427411416044,0.1378048834171391,0.0996675746324849,0.1434956439193552,0.1321711941987547
224,224.0,0.1169279805355902,0.1057572942962239,0.0990945633750102,0.1654926426141398,0.138030964414901,0.0990945633750102,0.1437452844640974,0.1318567069250272
225,225.0,0.1159688963870793,0.1056002183887482,0.0990972715365919,0.1674430710556719,0.1380491713123295,0.0985709557471182,0.1437822661254533,0.1314881494470075
226,226.0,0.1149172073524565,0.1054519003429815,0.0991151388937306,0.1689336771044944,0.1378882319943481,0.0982064458127135,0.1443033857887863,0.131184012710489
227,227.0,0.1139063295423398,0.1053254626893655,0.0991588606761712,0.170584739580825,0.1375796843586997,0.0979001604424408,0.1446924751608218,0.1308522875493361
228,228.0,0.1129637191838083,0.1052414103366498,0.0992682713664161,0.1720637022171497,0.1372485175706504,0.0976707686050182,0.145023132091255,0.1305204786290524
229,229.0,0.1120703306136438,0.1051747002566267,0.0993924179234923,0.173676015674136,0.1367920801050958,0.0974912298438899,0.1452329581900068,0.1301702673931087
230,230.0,0.1113706655228159,0.1051523957563698,0.0994414908735841,0.1748722789486251,0.1362544645325075,0.0972741251220188,0.1457968696469315,0.1298377095971472
231,231.0,0.1104030741646175,0.1048098135977933,0.0994989784982449,0.176228240932915,0.1360488758240198,0.0970985522683624,0.1464196834942145,0.1294927812198325
232,232.0,0.1095103540577357,0.104499820090525,0.0995967448914745,0.1774231208462433,0.1358414524662359,0.0969802654631024,0.1469887463945544,0.1291594957901289
233,233.0,0.1086772786114408,0.1042055896378402,0.0996964511791504,0.1787277447632395,0.1355344521576632,0.0968980523027849,0.1474370761469753,0.1288233552009056
234,234.0,0.1078688836859447,0.1039034730815508,0.099783821807246,0.1803336054964321,0.1351139643622868,0.0968364276681984,0.1476845174106548,0.1284753064876863
235,235.0,0.1071236375495508,0.1036190488248662,0.099869502658483,0.182012478877931,0.1346153170320324,0.096804633836559,0.1478246753871314,0.1281307058334461
236,236.0,0.1060065341071896,0.1031484394254401,0.0999747191739482,0.1848188872290824,0.1339579615003392,0.0967086895745725,0.1476834306419143,0.1277013383475137
237,237.0,0.1048819250484972,0.10296771990205,0.0999994324827896,0.1870815905182972,0.1331679396945414,0.0965616194649228,0.1481341484039549,0.1272056244849469
238,238.0,0.1038065898290972,0.1027726521852699,0.100007312319827,0.1892158596110252,0.132309148718355,0.0964262838497498,0.1487507204083642,0.1267114330783118
239,239.0,0.1027210282713941,0.1025008877651608,0.0999346370880103,0.1913450996311845,0.1313296879497915,0.0962379443504832,0.1497720794331681,0.1261586355108074
240,240.0,0.1017180497163215,0.1023670588307741,0.099766258254495,0.1934756922044784,0.1303807371640745,0.0960851190678578,0.1505658239053709,0.1256412608566277
241,241.0,0.1007206746819291,0.1021676057832091,0.0995284437475733,0.1949733726899498,0.130356896695048,0.095887430982122,0.1512841642486897,0.1250814111714789
242,242.0,0.1004056377612686,0.1019113429760442,0.0992311626201387,0.1964776893880853,0.1301924467430451,0.0956523877112525,0.1516393558880479,0.1244899769121176
243,243.0,0.1000751381070298,0.1016239860021067,0.0989011883052825,0.1978299733257629,0.1299554641589901,0.0953954064389644,0.1523334815508117,0.1238853621110518
244,244.0,0.0997258379559238,0.101293680864535,0.0985276263643437,0.1992012613185671,0.1296024462361559,0.095112699933542,0.1526818319069325,0.1238546154199999
245,245.0,0.0994138077419452,0.1009452526076007,0.0982511055349728,0.2004066182148031,0.1291969495652299,0.0948276415812204,0.1531307113912947,0.1238279133629332
246,246.0,0.0990708826667795,0.1005487459749036,0.0979263424063154,0.2021706679605,0.1286784958485803,0.0945087944008101,0.1532458964469753,0.1238501742951357
247,247.0,0.0987155082629258,0.1001243240169869,0.0975731454865733,0.2041845719351596,0.1280733223714048,0.0941748270442751,0.1533257227420795,0.1238285781405949
248,248.0,0.0983514528246819,0.0996776364845658,0.0971968415045826,0.2064031965577089,0.1273930069861187,0.0938298982021002,0.1533809338714041,0.1237670335688378
249,249.0,0.0980009139828216,0.0992395922346302,0.0968219503998343,0.2087800328040722,0.1267073309310077,0.0934905983667372,0.1532775106714105,0.1236820706094862
250,250.0,0.0976656125656922,0.0988134909312147,0.0964518633454352,0.2112785214524346,0.1257600962384358,0.0931595411856422,0.1532944264506849,0.1235764478304604
251,251.0,0.0973468131922532,0.0984021169663319,0.096089518480525,0.2138654649452827,0.1248232085715991,0.09283893063883,0.1531812244163985,0.1234527227887794
252,252.0,0.0969065060014529,0.0981320509708614,0.095598546765151,0.2163718708050488,0.1235022965594387,0.0923917098986874,0.1539226236886514,0.1231743953107083
253,253.0,0.0963887996711986,0.0977527759023373,0.0950073210005995,0.2185719605871091,0.1220870282101794,0.0918523602293617,0.1555463930993085,0.1227933612999057
254,254.0,0.0958147259138107,0.09728644538999,0.0943398755986408,0.2202334602600273,0.1201911083676295,0.0921530130606788,0.1576492355283464,0.1223321358808763
255,255.0,0.0952765308257398,0.0968266402390761,0.0936913578807166,0.2214626353487147,0.1183361343873637,0.0924696590299671,0.1600525126059011,0.1218845296825207
256,256.0,0.0947856558722927,0.0963863145542168,0.0930707048522048,0.2223784036290161,0.1167883292429601,0.0928021963563898,0.1623300746555111,0.1214583208374084
257,257.0,0.094222305438202,0.0969298881984024,0.0923830056843146,0.2230535780513555,0.1152031083393233,0.0929719326828012,0.1642952368460118,0.1209409447595889
258,258.0,0.0936118823176971,0.0973371475104336,0.0916496894452777,0.2245954716782415,0.1136165205954262,0.0930056794861903,0.1658291521628342,0.1203544568038992
259,259.0,0.0929953439370495,0.0974085447264151,0.0908986571431634,0.2269116603944776,0.1120596938092544,0.0929357452761515,0.16704857574938,0.1197417789641084
260,260.0,0.0923810132445824,0.0980506853553514,0.0901404512824742,0.2290164743558446,0.1105456243380839,0.0927765750364621,0.1679759733416744,0.1191132030455269
261,261.0,0.0917757257337788,0.0991846778521158,0.0893840067122368,0.2304796410999769,0.1092977459746932,0.0925407875040508,0.1688598975525513,0.1184775175705961
262,262.0,0.0912469609944597,0.1003269824641355,0.0886928714838644,0.23145630241742,0.1081689761915239,0.0923278992060591,0.1698708353549073,0.1179091718876298
263,263.0,0.0906921246017545,0.1012710393812219,0.0879922798287851,0.2319961900559967,0.1070652442186046,0.0920302708335871,0.171645679937575,0.1173071711424749
264,264.0,0.0901509072094272,0.102058392870466,0.0873121391593889,0.2329624089880978,0.1060324418529884,0.0916777276660056,0.1730932687595115,0.1167127134941144
265,265.0,0.0895985014376921,0.1026830129081081,0.0866428629562778,0.2336245298895141,0.1050589217062724,0.0917914315750756,0.1744983381594759,0.1161024013675837
266,266.0,0.0890622755922305,0.1032425136547206,0.0860072005835824,0.2340079181431207,0.1041481023260844,0.091897647142397,0.1757722886197549,0.1158620539381092
267,267.0,0.0885180718252112,0.1036308628548102,0.0853806556773608,0.2345273445780062,0.1032737996127011,0.0919161929649374,0.1771573851306748,0.115595687356298
268,268.0,0.0879704393373953,0.1043353303888563,0.0847673018199943,0.2350190142672211,0.1024383362111044,0.0918543679115894,0.1783084958994935,0.1153067141643455
269,269.0,0.0874449465487963,0.1053298611426715,0.0841813578406404,0.2354862873877142,0.1016541392557999,0.0917300401428118,0.1791427475484384,0.1150306201331273
270,270.0,0.08696341059126,0.1062626412657208,0.0836447183651729,0.2360367769014695,0.1009412915543952,0.0916086752025443,0.179754596876807,0.1147878892426301
271,271.0,0.0865255657679287,0.1066748302764268,0.0831571339646311,0.2369381248054916,0.1002977305385338,0.0914907335417873,0.180338725533065,0.1145771555721354
272,272.0,0.0861307543657783,0.1070223445586129,0.0827179079276908,0.2377371408726229,0.0997209620063093,0.0913766075506395,0.1808974006805559,0.1143968820377901
273,273.0,0.0857647024667066,0.1072115267152246,0.082309431235109,0.2388301957373999,0.0991981037566227,0.0912105822373158,0.1812465814833342,0.1142288763682867
274,274.0,0.0854211609979806,0.1072505814635533,0.0819287160770485,0.2401093610855099,0.098717659178264,0.0909950621374697,0.1815076541145065,0.1140698049456671
275,275.0,0.0851003252495806,0.1071512876305206,0.0815758098696078,0.2417243379216583,0.0982779652414754,0.0907356489655565,0.1815150383896457,0.1139195867319547
276,276.0,0.0848021379379115,0.1073101602872468,0.0812504710206377,0.2430858868127513,0.0978771437747521,0.0904377671152018,0.1814583842776335,0.113778048773865
277,277.0,0.0845076420073242,0.1073369684266397,0.0809471047714028,0.244174484990503,0.0975193446087621,0.0900987230996657,0.1818002204989195,0.1136155115967827
278,278.0,0.084220635050063,0.1072331357966738,0.080662717621606,0.2448123784245449,0.0973606409157381,0.0897242045307489,0.1825523986619187,0.1134338889987062
279,279.0,0.0839568911405049,0.1070939657472141,0.0804148479241444,0.2452296191670033,0.0972594720681822,0.0893593635917499,0.1834356788276727,0.1132501615335282
280,280.0,0.0837132093151405,0.1069130648302573,0.0801964682211861,0.2455077269461559,0.0971915806582642,0.0890037587599309,0.1844117163329877,0.1130624749360772
281,281.0,0.0834834214370941,0.1066924679629736,0.0800032363060721,0.245751097849268,0.0971441656982902,0.0886566305559093,0.1851143197780462,0.1131546604123462
282,282.0,0.0832696889831339,0.1064473061319223,0.079838765755455,0.2459030633594373,0.0971313684604595,0.0883224189419475,0.1855758116771963,0.1135115766904478
283,283.0,0.0830864592751658,0.1063507355442586,0.0797087829082787,0.2460630665259997,0.0969951524177321,0.0880101321450665,0.1859041033147645,0.1138815678687338
284,284.0,0.0829295932306868,0.106230720201379,0.0796058380244032,0.2459812028591468,0.096878480506545,0.08771795991711,0.186399319349743,0.1142568859109858
285,285.0,0.0830527503652537,0.106082241157138,0.0795202212150358,0.2458932708453271,0.096771473423966,0.0874389529934283,0.1866457346095329,0.1145953553903178
286,286.0,0.0831964519499966,0.1059153561090908,0.0794572974876858,0.2458921399182587,0.0966794461850467,0.0871809982629939,0.1867475932415084,0.1149307168454189
287,287.0,0.0833490506353988,0.1056610086400582,0.0794049398804424,0.2461339297946188,0.0965949909467343,0.0869096201617246,0.1866968518270516,0.115249608113971
288,288.0,0.0832523014421799,0.1053347153297799,0.0793693853196959,0.2462670402177859,0.0966735646827272,0.0866349872700564,0.1868805549253987,0.1155874508123759
289,289.0,0.0831532564747254,0.1049428025046309,0.079341111324017,0.2460721934281099,0.0967685014825653,0.0863491226742327,0.1875013307986526,0.1158716813130656
290,290.0,0.0830476943736969,0.1046540590778529,0.0793167502707343,0.2460617556427455,0.0968699664426674,0.0860522794328929,0.1878970210098332,0.1161004737495766
291,291.0,0.0829340374486305,0.1042931553755665,0.0792910210438421,0.2460443315365966,0.0969601841260379,0.0857447910858678,0.1884597199053677,0.1162727594780906
292,292.0,0.0826613726344119,0.1038782314063979,0.0792700214351504,0.2458862131156587,0.0970599181683189,0.0854337454349465,0.1894156527555109,0.1163948450496045
293,293.0,0.0823832014351283,0.103411124008142,0.0792480658761621,0.2461390250586207,0.0971523723872582,0.0851164221223233,0.1900859954118513,0.1164637937005137
294,294.0,0.0820995409358562,0.1028900919700671,0.0792203423608276,0.2466856707310536,0.0972212232232502,0.0847928793124701,0.1904564491298353,0.1166338023366396
295,295.0,0.0818199785176822,0.1023746509787913,0.079194065148947,0.2471178711867609,0.0972734064796221,0.0844877725613135,0.1909747128016534,0.1167575423252295
296,296.0,0.0815404882780184,0.1018238316615122,0.0791651060412289,0.2472679822606799,0.097585080745016,0.0841811846203781,0.1913781318421498,0.1170581945510164
297,297.0,0.0812708443226118,0.1012407396642046,0.0791342402960652,0.2473978720152693,0.0978666624133386,0.0838778478006635,0.1918801802697194,0.1173316132181274
298,298.0,0.0810121107756367,0.1006312705367838,0.0791011742313556,0.2475051420580193,0.0981161671017281,0.0835791296705976,0.1924780216873388,0.1175769839385399
299,299.0,0.0807670548783767,0.1000086850288352,0.079069490049739,0.2478106707347679,0.0983454999367024,0.0832881517253405,0.1929146711346685,0.1177957765115695
300,300.0,0.0805363918611448,0.0993724753260076,0.079037096253515,0.2482872620162865,0.0985460000643192,0.0830060255017631,0.1934520650876628,0.1177626838893008
301,301.0,0.0799038641659251,0.0991442414892557,0.0785871240044537,0.2485078882958197,0.0983002684329958,0.0823169233976455,0.195949044142058,0.1172906460718463
302,302.0,0.0799977357660568,0.0989149495360113,0.0780782165774964,0.2487530436680723,0.0978259951139474,0.0815803342459923,0.1981068552827919,0.1167428698096314
303,303.0,0.080095343085974,0.0986689989521354,0.0775694970676876,0.2490983223753867,0.0973225893480073,0.0808560418632864,0.2002326630980535,0.1161565442094688
304,304.0,0.0800893537264596,0.0983328395615157,0.0770151517725155,0.2493638481154534,0.0967510751336182,0.080108821002767,0.2028495660339936,0.1154893446536767
305,305.0,0.0799930228288279,0.0979214586756565,0.07642644125631,0.249470150884978,0.0961243523446856,0.0793497183195788,0.2059587989574273,0.1147560567325356
306,306.0,0.0798179228120783,0.0980728396281519,0.0758132190900343,0.2496471174901579,0.0954539752449844,0.0785881673147443,0.2086367032378824,0.1139700551819663
307,307.0,0.0795693164423218,0.0980950350275487,0.0751791088455211,0.2499136566211729,0.0947402553105864,0.0780393114414896,0.21132487122543,0.1131384450859293
308,308.0,0.0792616377510502,0.0980327984967274,0.0745368652115981,0.2501712625892962,0.094002802709001,0.0775009045922829,0.2142163374726637,0.1122773911773803
309,309.0,0.0789052234959957,0.0978965017036602,0.0738950361211066,0.2505507612301351,0.0932537156035337,0.0769787147724948,0.2171195406324712,0.1114005064406026
310,310.0,0.0785030835253612,0.0976602844988253,0.0733751795366424,0.2508509286331227,0.0924909452048199,0.0764566629003324,0.2201509247277357,0.1105119909731602
311,311.0,0.078060947767291,0.0973316336118586,0.0728578128358318,0.2513179661383863,0.0917182800151699,0.0759366191893423,0.2231600449007263,0.1096166955413937
312,312.0,0.0776322373986781,0.0969932808293879,0.0723742425798271,0.2519776209067029,0.0909772906947368,0.0754465739517249,0.2258500372997075,0.1087487163392345
313,313.0,0.0767429994705363,0.0966475211466626,0.0719254401384507,0.2524317685112938,0.090271472522568,0.0749871560873278,0.22908101467279,0.1079126274503707
314,314.0,0.0758544175225526,0.0962316156210979,0.0714903001807512,0.2528641052673155,0.0895819948896156,0.0745370151574481,0.2323499330036256,0.1070906183575933
315,315.0,0.074984181694193,0.0958957676192717,0.0710777556980177,0.2528663116058753,0.0891194528782669,0.0741049284202936,0.2356409085723253,0.1063106935117562
316,316.0,0.0741521038365292,0.0955551752697898,0.0706998155718834,0.2529841035654689,0.0886866358662908,0.0737056314468134,0.23863034717084,0.1055861872723844
317,317.0,0.0733605448625457,0.0952079344299727,0.0703544397297182,0.2531551515033657,0.0882798391806862,0.0733369898162534,0.2413902435065572,0.1049148569709006
318,318.0,0.0726163959607119,0.0948802492904144,0.0700446422868819,0.253286819739497,0.0879093225777829,0.0730124487046916,0.2439491284007349,0.1043009930392852
319,319.0,0.0719005144624039,0.0944938587545999,0.0697479136711014,0.2532686030186943,0.087545582405563,0.0726985181406227,0.2464921249578343,0.1038528845891805
320,320.0,0.0712164194437308,0.0940550934117792,0.0694648987583371,0.253818680646247,0.0871895860727733,0.0723957963285801,0.248420576364602,0.1034389489739504
321,321.0,0.0705685713351297,0.0935734098629913,0.0691976558402618,0.2541526564994275,0.0870239584705481,0.072106338389046,0.2503137062051246,0.1030637033974707
322,322.0,0.0699622497384874,0.0930766877000019,0.0689495111469643,0.254346246531216,0.0868782902494987,0.0718429045597391,0.2522146529506534,0.1027294571234389
323,323.0,0.0693972398118259,0.0925664535221054,0.0687187197829169,0.2542974386067599,0.0867477205575416,0.0716034013611812,0.2541123625010338,0.1025566638566351
324,324.0,0.0688693376124374,0.0920499281456618,0.0685054143098281,0.2543859188403953,0.0866357835537291,0.071385240719387,0.2557683417173462,0.1024000351012148
325,325.0,0.0683760383802023,0.0915093010196324,0.0683061114384622,0.2544009717987017,0.0865283499289302,0.07150853706732,0.2571162159238208,0.1022544744429301
326,326.0,0.0679176851246424,0.090949294918794,0.0681204741959061,0.2546186731406583,0.0864243814947677,0.0716256135493549,0.2582256264623707,0.1021182511135057
327,327.0,0.0675013787055822,0.0903801785798134,0.0679523742757291,0.2549793053426583,0.0862200128280284,0.0717383002115872,0.2592186893549291,0.102009760701672
328,328.0,0.0671361420628644,0.0898453997823424,0.0678084659632902,0.2554280531457512,0.0860347952635624,0.0718719364320573,0.2599432358464457,0.1019319715036862
329,329.0,0.0671082275181975,0.08931495467051,0.0676750866504044,0.2560390348532414,0.085855595361443,0.0720011226844095,0.2601475207561625,0.1018584575056315
330,330.0,0.0671029729843795,0.0887944848881557,0.0675529573873937,0.2565745175405518,0.0856850634650078,0.0721252429476442,0.2602075660965637,0.1019571946903033
331,331.0,0.0671141173779732,0.0882666493262784,0.0674385165874712,0.2569920782279981,0.0855116396845053,0.0722312255013345,0.2603902087325989,0.1020555645618402
332,332.0,0.0671436448748045,0.087736957885382,0.0673336950321602,0.2573098982898751,0.0853380719401442,0.0724845449336791,0.2604869391227489,0.1021662479212057
333,333.0,0.067363326806635,0.0872277975463036,0.0672438798052163,0.2575032209054841,0.0851691988594272,0.0727298086079404,0.260474590826312,0.1022881766426811
334,334.0,0.0675837222134806,0.0867152261279264,0.0671578609647263,0.2573938006993964,0.0849947315143304,0.0731054306605061,0.2606537837622431,0.1023954440573904
335,335.0,0.067805913020513,0.0862189736291381,0.0670775388553165,0.2571680280274643,0.0848249535194484,0.0734622075705655,0.2609535531553408,0.1024888322222129
336,336.0,0.0681788729337243,0.0857257991008737,0.0670011085252258,0.256707612744293,0.0846525746063972,0.0737838323057257,0.261380530942514,0.102569668841246
337,337.0,0.0685380275839051,0.0854849345705718,0.0669267235201336,0.2559784904809113,0.0844752970128605,0.0740673455504256,0.2618975991648739,0.1026315821163179
338,338.0,0.0688864931541543,0.085255862214509,0.0668562588455477,0.255312670588912,0.0843028735300928,0.0743257044272508,0.2622715616952218,0.1027885755443112
339,339.0,0.0692207196585123,0.0850376733138613,0.0667892181443316,0.2548067696627732,0.0841354040658918,0.0745578661756296,0.2625269011221889,0.1029254478568111
340,340.0,0.0695426797261969,0.0849914156851321,0.0667310921663998,0.2542520342801853,0.0839746607782885,0.0747611827418673,0.2625568512358799,0.1031900833860499
341,341.0,0.0698384156226247,0.0849380973520808,0.0666756222911448,0.2535713553706549,0.0838150439636014,0.0749242023815267,0.262809800547851,0.1034274624705154
342,342.0,0.0701117872470863,0.0848891167094821,0.0667293680137151,0.2527333771710237,0.0838008905612596,0.0750597739848594,0.2630384416663781,0.1036372446461954
343,343.0,0.0703724980165561,0.0848651442654723,0.0667895366813386,0.2518116947337734,0.0837953485800132,0.07517963266183,0.2632182395630086,0.1039679054980074
344,344.0,0.0706149263557813,0.0846181944253384,0.0668519430022678,0.2509955060440367,0.0837896276668002,0.0752715252784256,0.2635748902100461,0.1042833870173036
345,345.0,0.0708239402798405,0.084358738998146,0.0669082340474019,0.2505792366883283,0.0837737121036098,0.0753242285466882,0.2636708074704549,0.1045611018655301
346,346.0,0.0710001759487129,0.0840921267669951,0.0669600410418989,0.2501628959632941,0.0837521040258116,0.0753402013595181,0.2635390917370631,0.1051533631567059
347,347.0,0.0711437890889709,0.0838194073906692,0.0670065582473632,0.249819940200737,0.0837242707847471,0.0754546202224049,0.2633342688377376,0.1056971452273698
348,348.0,0.0712544297748944,0.0835373957353588,0.067044582213409,0.2494197538041587,0.0836847288385689,0.0755322627238857,0.2632065664377196,0.1063202804720047
349,349.0,0.0713329249072066,0.0832472726638144,0.0670736713942702,0.249019678233517,0.0836333693975674,0.075711226366189,0.2628916278140502,0.107090229223385
350,350.0,0.0713928757787511,0.0829661707873001,0.0671013041672263,0.2485381236027024,0.0835796798936568,0.0759552958278349,0.2626381493437257,0.1078284005988024
351,351.0,0.0714317327719204,0.0826929116105524,0.0671253472662807,0.2481699164760404,0.0835201535656714,0.076169286831656,0.2623769138996872,0.1085137375781912
352,352.0,0.0717253811846651,0.0827074939557254,0.0674209140438323,0.2480856790646665,0.0831021727560818,0.0766346520790874,0.2621754984766454,0.1081482084392959
353,353.0,0.0718782263441387,0.0826046498778084,0.0675944656987579,0.2479651346262252,0.0825628300599423,0.077947338750855,0.2618233090810692,0.1076240455612031
354,354.0,0.0720108890009323,0.0825122229020602,0.0677610989464198,0.2481359502480119,0.0820300129962709,0.0792238083769115,0.2612545546109961,0.1070714629183972
355,355.0,0.0720338217955425,0.0824633961632438,0.0678285703852542,0.2481297066293011,0.0814152060963128,0.0802668714951301,0.2606325555614437,0.1072298718737716
356,356.0,0.072036056802144,0.0824146974890504,0.0678860829425419,0.248108576490803,0.0806182993283098,0.081248974310754,0.2602319358295091,0.1074553768068876
357,357.0,0.0719359593787583,0.0822784163632517,0.0686875800831135,0.2482538674225258,0.0797580647339854,0.0820063935937283,0.2596722858787165,0.1074074325459204
358,358.0,0.0717477321246717,0.0821915567272829,0.0693399798411032,0.2482607309491171,0.0788522112740944,0.0825605240269197,0.2591541717573092,0.1078930932995016
359,359.0,0.0715386771890424,0.0820915459704039,0.0699664210806925,0.2482342766164481,0.077970772724514,0.0830399164094676,0.2587066201063307,0.1084517699031007
360,360.0,0.071974048905582,0.0819249367015868,0.0704541275178938,0.2481177214415276,0.0771886760039639,0.0833385756895582,0.2582435967630729,0.1087583169768146
361,361.0,0.0723973561009023,0.0817663870865029,0.0709162198867262,0.2478828962418347,0.0764526178677168,0.0835815639598651,0.2578526877162455,0.1091502711402065
362,362.0,0.0728003905337659,0.0816105501684434,0.0713450361451242,0.2479249221831937,0.0757581817734051,0.0837667800906366,0.2573030763276738,0.1094910627777572
363,363.0,0.0738903562243794,0.0816125248774408,0.0710233856311098,0.2480090275928984,0.0751000531547009,0.0838871374496953,0.2566986371645225,0.1097788779052527
364,364.0,0.0749438119968808,0.0815990584335024,0.0706718113309198,0.2482519026429597,0.0744798868519467,0.0839464242313859,0.2560930895257605,0.1100140149866442
365,365.0,0.0759535395917833,0.0815727732695017,0.0702981604735039,0.2483858849089191,0.0739026273315098,0.0839499618475077,0.2557391033776981,0.1101979491995763
366,366.0,0.076424802858225,0.081588242701979,0.069962928441509,0.2486279648593608,0.07342377652481,0.0840118548508843,0.2552963076890525,0.1106641220741792
367,367.0,0.0767345833787772,0.0815380920802549,0.0695627804230568,0.2496141987989566,0.0729368515915466,0.0839168508738764,0.2548382418917074,0.1108584009618241
368,368.0,0.0768980540346822,0.0820931456261779,0.0691079223681744,0.2504980028177367,0.0724449896110236,0.0836828215864782,0.2544642811132122,0.1108107828425147
369,369.0,0.0770129858137912,0.0826283945157246,0.0686508624795116,0.2514753675048027,0.071995590911672,0.0834104807270926,0.2541109100448543,0.1107154080025508
370,370.0,0.0770838558362719,0.0831366526911245,0.0681952642189306,0.2524149020516842,0.071586518129305,0.0831062123274505,0.2538847858069633,0.1105918089382699
371,371.0,0.0771135906430795,0.0836136371352202,0.0677451136560188,0.2533891228827096,0.071216853200555,0.082775134398471,0.2537031462566101,0.1104434018273357
372,372.0,0.0770359630390991,0.0836740554358118,0.0672763301375753,0.2543894624162258,0.0707015218938758,0.0821966051405986,0.2538923791541689,0.1108336827826446
373,373.0,0.0769048748204306,0.0836863217928131,0.0668006857635429,0.2553240850886392,0.0702079607580982,0.0815862391011255,0.254169517535154,0.1113203151401965
374,374.0,0.0767249181179969,0.0836523345650272,0.0663218825572163,0.2560820265654453,0.069736831448654,0.0809510983394772,0.2546343346227969,0.111896573783386
375,375.0,0.0765013575914266,0.083577305210562,0.0658451124371864,0.2568155663901177,0.0692921275392699,0.0802990276315348,0.2552628389355138,0.1124066642643887
