,Unnamed: 0,Total_iterations,Intertwine_two,Invert_path_vertices,Insert_inside_vertex,Delete_inside_vertex,Replace_inside_vertex,Donate_between_routes,Trim_one_terminal_cb,Grow_one_terminal_cb
0,0.0,0.0,0.125,0.125,0.125,0.125,0.125,0.125,0.125,0.125
1,1.0,0.10900000000000001,0.125,0.125,0.125,0.125,0.125,0.125,0.125,0.125
2,2.0,0.31601,0.125,0.125,0.125,0.125,0.125,0.125,0.125,0.125
3,3.0,0.6191589000000001,0.125,0.125,0.125,0.125,0.125,0.125,0.125,0.125
4,4.0,1.015801321,0.125,0.125,0.125,0.125,0.125,0.125,0.125,0.125
5,5.0,1.50262148669,0.125,0.125,0.125,0.125,0.125,0.125,0.125,0.125
6,6.0,2.0757334209441005,0.125,0.125,0.125,0.125,0.125,0.125,0.125,0.125
7,7.0,2.7307768275633495,0.125,0.125,0.125,0.125,0.125,0.125,0.125,0.125
8,8.0,3.4630081252450404,0.125,0.125,0.125,0.125,0.125,0.125,0.125,0.125
9,9.0,4.2673862119061114,0.125,0.125,0.125,0.125,0.125,0.125,0.125,0.125
10,10.0,5.138652627782014,0.125,0.125,0.125,0.125,0.125,0.125,0.125,0.125
11,11.0,6.071405875792507,0.125,0.125,0.125,0.125,0.125,0.125,0.125,0.125
12,12.0,7.060169740244025,0.125,0.125,0.125,0.125,0.125,0.125,0.125,0.125
13,13.0,8.099455520847952,0.125,0.125,0.125,0.125,0.125,0.125,0.125,0.125
14,14.0,9.183818168183006,0.125,0.125,0.125,0.125,0.125,0.125,0.125,0.125
15,15.0,10.307906369102724,0.125,0.125,0.125,0.125,0.125,0.125,0.125,0.125
16,16.0,11.466506686239443,0.125,0.125,0.125,0.125,0.125,0.125,0.125,0.125
17,17.0,12.654581904800096,0.125,0.125,0.125,0.125,0.125,0.125,0.125,0.125
18,18.0,13.867303782456686,0.125,0.125,0.125,0.125,0.125,0.125,0.125,0.125
19,19.0,15.100080434523047,0.125,0.125,0.125,0.125,0.125,0.125,0.125,0.125
20,20.0,16.348578617037543,0.125,0.125,0.125,0.125,0.125,0.125,0.125,0.125
21,21.0,17.608741195130214,0.125,0.125,0.125,0.125,0.125,0.125,0.125,0.125
22,22.0,18.876800103462312,0.125,0.125,0.125,0.125,0.125,0.125,0.125,0.125
23,23.0,20.14928511992658,0.125,0.125,0.125,0.125,0.125,0.125,0.125,0.125
24,24.0,21.423028783545156,0.125,0.125,0.125,0.125,0.125,0.125,0.125,0.125
25,25.0,22.695167792966423,0.125,0.125,0.125,0.125,0.125,0.125,0.125,0.125
26,26.0,23.963141223515898,0.125,0.125,0.125,0.125,0.125,0.125,0.125,0.125
27,27.0,25.224685898775267,0.125,0.125,0.125,0.125,0.125,0.125,0.125,0.125
28,28.0,26.477829247520948,0.125,0.125,0.125,0.125,0.125,0.125,0.125,0.125
29,29.0,27.720879968916847,0.125,0.125,0.125,0.125,0.125,0.125,0.125,0.125
30,30.0,28.95241681848399,0.125,0.125,0.125,0.125,0.125,0.125,0.125,0.125
31,31.0,30.17127581490958,0.125,0.125,0.125,0.125,0.125,0.125,0.125,0.125
32,32.0,31.376536153543515,0.125,0.125,0.125,0.125,0.125,0.125,0.125,0.125
33,33.0,32.567505096778625,0.125,0.125,0.125,0.125,0.125,0.125,0.125,0.125
34,34.0,33.74370209472243,0.125,0.125,0.125,0.125,0.125,0.125,0.125,0.125
35,35.0,34.90484237192463,0.125,0.125,0.125,0.125,0.125,0.125,0.125,0.125
36,36.0,36.05082019768737,0.125,0.125,0.125,0.125,0.125,0.125,0.125,0.125
37,37.0,37.18169203889697,0.125,0.125,0.125,0.125,0.125,0.125,0.125,0.125
38,38.0,38.29765977559663,0.125,0.125,0.125,0.125,0.125,0.125,0.125,0.125
39,39.0,39.399054140870355,0.125,0.125,0.125,0.125,0.125,0.125,0.125,0.125
40,40.0,40.48631852820801,0.125,0.125,0.125,0.125,0.125,0.125,0.125,0.125
41,41.0,41.55999329152982,0.125,0.125,0.125,0.125,0.125,0.125,0.125,0.125
42,42.0,42.62070064560415,0.125,0.125,0.125,0.125,0.125,0.125,0.125,0.125
43,43.0,43.669130257815,0.125,0.125,0.125,0.125,0.125,0.125,0.125,0.125
44,44.0,44.70602560622662,0.125,0.125,0.125,0.125,0.125,0.125,0.125,0.125
45,45.0,45.73217116373481,0.125,0.125,0.125,0.125,0.125,0.125,0.125,0.125
46,46.0,46.748380453854836,0.125,0.125,0.125,0.125,0.125,0.125,0.125,0.125
47,47.0,47.755485010424316,0.125,0.125,0.125,0.125,0.125,0.125,0.125,0.125
48,48.0,48.7543242612326,0.125,0.125,0.125,0.125,0.125,0.125,0.125,0.125
49,49.0,49.745736344347726,0.125,0.125,0.125,0.125,0.125,0.125,0.125,0.125
50,50.0,50.730549855707864,0.125,0.125,0.125,0.125,0.125,0.125,0.125,0.125
51,51.0,51.70957651737491,0.125,0.125,0.125,0.125,0.125,0.125,0.125,0.125
52,52.0,52.68360474770151,0.125,0.125,0.125,0.125,0.125,0.125,0.125,0.125
53,53.0,53.65339410751842,0.125,0.125,0.125,0.125,0.125,0.125,0.125,0.125
54,54.0,54.61967059027847,0.125,0.125,0.125,0.125,0.125,0.125,0.125,0.125
55,55.0,55.58312271885972,0.125,0.125,0.125,0.125,0.125,0.125,0.125,0.125
56,56.0,56.544398407394254,0.125,0.125,0.125,0.125,0.125,0.125,0.125,0.125
57,57.0,57.504102543001395,0.125,0.125,0.125,0.125,0.125,0.125,0.125,0.125
58,58.0,58.462795239617805,0.125,0.125,0.125,0.125,0.125,0.125,0.125,0.125
59,59.0,59.42099071417639,0.125,0.125,0.125,0.125,0.125,0.125,0.125,0.125
60,60.0,60.379156734137354,0.125,0.125,0.125,0.125,0.125,0.125,0.125,0.125
61,61.0,61.337714584760846,0.125,0.125,0.125,0.125,0.125,0.125,0.125,0.125
62,62.0,62.29703950447439,0.125,0.125,0.125,0.125,0.125,0.125,0.125,0.125
63,63.0,63.257461537171835,0.125,0.125,0.125,0.125,0.125,0.125,0.125,0.125
64,64.0,64.21926675122782,0.125,0.125,0.125,0.125,0.125,0.125,0.125,0.125
65,65.0,65.18269877636592,0.125,0.125,0.125,0.125,0.125,0.125,0.125,0.125
66,66.0,66.14796061122655,0.125,0.125,0.125,0.125,0.125,0.125,0.125,0.125
67,67.0,67.11521665648885,0.125,0.125,0.125,0.125,0.125,0.125,0.125,0.125
68,68.0,68.08459493066005,0.125,0.125,0.125,0.125,0.125,0.125,0.125,0.125
69,69.0,69.05618942810752,0.125,0.125,0.125,0.125,0.125,0.125,0.125,0.125
70,70.0,70.03006258152917,0.125,0.125,0.125,0.125,0.125,0.125,0.125,0.125
71,71.0,71.00624779379335,0.125,0.125,0.125,0.125,0.125,0.125,0.125,0.125
72,72.0,71.98475200689319,0.125,0.125,0.125,0.125,0.125,0.125,0.125,0.125
73,73.0,72.96555827861411,0.125,0.125,0.125,0.125,0.125,0.125,0.125,0.125
74,74.0,73.94862834037681,0.125,0.125,0.125,0.125,0.125,0.125,0.125,0.125
75,75.0,74.93390511255946,0.125,0.125,0.125,0.125,0.125,0.125,0.125,0.125
76,76.0,75.92131515639825,0.125,0.125,0.125,0.125,0.125,0.125,0.125,0.125
77,77.0,76.91077104428919,0.125,0.125,0.125,0.125,0.125,0.125,0.125,0.125
78,78.0,77.90217363294813,0.125,0.125,0.125,0.125,0.125,0.125,0.125,0.125
79,79.0,78.89541422641172,0.125,0.125,0.125,0.125,0.125,0.125,0.125,0.125
80,80.0,79.89037661826481,0.125,0.125,0.125,0.125,0.125,0.125,0.125,0.125
81,81.0,80.88693900474995,0.125,0.125,0.125,0.125,0.125,0.125,0.125,0.125
82,82.0,81.88497576253909,0.125,0.125,0.125,0.125,0.125,0.125,0.125,0.125
83,83.0,82.88435908692391,0.125,0.125,0.125,0.125,0.125,0.125,0.125,0.125
84,84.0,83.89496048800102,0.125,0.125,0.125,0.125,0.125,0.125,0.125,0.125
85,85.0,84.9065521440904,0.125,0.125,0.125,0.125,0.125,0.125,0.125,0.125
86,86.0,85.91891911312993,0.125,0.125,0.125,0.125,0.125,0.125,0.125,0.125
87,87.0,86.93186019413422,0.125,0.125,0.125,0.125,0.125,0.125,0.125,0.125
88,88.0,87.94518856509674,0.125,0.125,0.125,0.125,0.125,0.125,0.125,0.125
89,89.0,88.95873221331205,0.125,0.125,0.125,0.125,0.125,0.125,0.125,0.125
90,90.0,89.9723341745727,0.125,0.125,0.125,0.125,0.125,0.125,0.125,0.125
91,91.0,90.98585259796154,0.125,0.125,0.125,0.125,0.125,0.125,0.125,0.125
92,92.0,91.9991606530319,0.125,0.125,0.125,0.125,0.125,0.125,0.125,0.125
93,93.0,93.0121462960649,0.125,0.125,0.125,0.125,0.125,0.125,0.125,0.125
94,94.0,94.02471191183395,0.125,0.125,0.125,0.125,0.125,0.125,0.125,0.125
95,95.0,95.03677384690776,0.125,0.125,0.125,0.125,0.125,0.125,0.125,0.125
96,96.0,96.04826185000512,0.125,0.125,0.125,0.125,0.125,0.125,0.125,0.125
97,97.0,97.05911843429269,0.125,0.125,0.125,0.125,0.125,0.125,0.125,0.125
98,98.0,98.07929817580856,0.125,0.125,0.125,0.125,0.125,0.125,0.125,0.125
99,99.0,99.09866696141478,0.125,0.125,0.125,0.125,0.125,0.125,0.125,0.125
100,100.0,100.11711219884621,0.125,0.125,0.125,0.125,0.125,0.125,0.125,0.125
101,101.0,101.13454179054605,0.125,0.125,0.125,0.125,0.125,0.125,0.125,0.125
102,102.0,102.15088300517044,0.125,0.125,0.125,0.125,0.125,0.125,0.125,0.125
103,103.0,103.16608126828069,0.125,0.125,0.125,0.125,0.125,0.125,0.125,0.125
104,104.0,104.18009889239711,0.125,0.125,0.125,0.125,0.125,0.125,0.125,0.125
105,105.0,105.19291376517792,0.125,0.125,0.125,0.125,0.125,0.125,0.125,0.125
106,106.0,106.20451801302887,0.125,0.125,0.125,0.125,0.125,0.125,0.125,0.125
107,107.0,107.21491665596443,0.125,0.125,0.125,0.125,0.125,0.125,0.125,0.125
108,108.0,108.2241262680468,0.125,0.125,0.125,0.125,0.125,0.125,0.125,0.125
109,109.0,109.23217365624046,0.125,0.125,0.125,0.125,0.125,0.125,0.125,0.125
110,110.0,110.23909456905234,0.125,0.125,0.125,0.125,0.125,0.125,0.125,0.125
111,111.0,111.24493244489251,0.125,0.125,0.125,0.125,0.125,0.125,0.125,0.125
112,112.0,112.24973720869974,0.125,0.125,0.125,0.125,0.125,0.125,0.125,0.125
113,113.0,113.25356412403926,0.125,0.125,0.125,0.125,0.125,0.125,0.125,0.125
114,114.0,114.25647270660443,0.125,0.125,0.125,0.125,0.125,0.125,0.125,0.125
115,115.0,115.25852570384704,0.125,0.125,0.125,0.125,0.125,0.125,0.125,0.125
116,116.0,116.25978814432692,0.125,0.125,0.125,0.125,0.125,0.125,0.125,0.125
117,117.0,117.26032645931554,0.125,0.125,0.125,0.125,0.125,0.125,0.125,0.125
118,118.0,118.26020767821214,0.125,0.125,0.125,0.125,0.125,0.125,0.125,0.125
119,119.0,119.25949869843697,0.125,0.125,0.125,0.125,0.125,0.125,0.125,0.125
120,120.0,120.25826562965494,0.125,0.125,0.125,0.125,0.125,0.125,0.125,0.125
121,121.0,121.25657321145458,0.125,0.125,0.125,0.125,0.125,0.125,0.125,0.125
122,122.0,122.2544843029597,0.125,0.125,0.125,0.125,0.125,0.125,0.125,0.125
123,123.0,123.25205944228472,0.125,0.125,0.125,0.125,0.125,0.125,0.125,0.125
124,124.0,124.24935647325438,0.125,0.125,0.125,0.125,0.125,0.125,0.125,0.125
125,125.0,125.24643023639453,0.125,0.125,0.125,0.125,0.125,0.125,0.125,0.125
126,126.0,126.24333232085672,0.125,0.125,0.125,0.125,0.125,0.125,0.125,0.125
127,127.0,127.24011087366412,0.125,0.125,0.125,0.125,0.125,0.125,0.125,0.125
128,128.0,128.23681046245414,0.125,0.125,0.125,0.125,0.125,0.125,0.125,0.125
129,129.0,129.23347198774061,0.125,0.125,0.125,0.125,0.125,0.125,0.125,0.125
130,130.0,130.23013264062104,0.125,0.125,0.125,0.125,0.125,0.125,0.125,0.125
131,131.0,131.22682590180722,0.125,0.125,0.125,0.125,0.125,0.125,0.125,0.125
132,132.0,132.2235815778567,0.125,0.125,0.125,0.125,0.125,0.125,0.125,0.125
133,133.0,133.22042587052266,0.125,0.125,0.125,0.125,0.125,0.125,0.125,0.125
134,134.0,134.22738147521682,0.125,0.125,0.125,0.125,0.125,0.125,0.125,0.125
135,135.0,135.23436770468936,0.125,0.125,0.125,0.125,0.125,0.125,0.125,0.125
136,136.0,136.24131163416777,0.125,0.125,0.125,0.125,0.125,0.125,0.125,0.125
137,137.0,137.24814805435665,0.125,0.125,0.125,0.125,0.125,0.125,0.125,0.125
138,138.0,138.2548193519831,0.125,0.125,0.125,0.125,0.125,0.125,0.125,0.125
139,139.0,139.26127532632705,0.125,0.125,0.125,0.125,0.125,0.125,0.125,0.125
140,140.0,140.26747294997335,0.125,0.125,0.125,0.125,0.125,0.125,0.125,0.125
141,141.0,141.2733760817553,0.125,0.125,0.125,0.125,0.125,0.125,0.125,0.125
142,142.0,142.27895513954147,0.125,0.125,0.125,0.125,0.125,0.125,0.125,0.125
143,143.0,143.28418674015364,0.125,0.125,0.125,0.125,0.125,0.125,0.125,0.125
144,144.0,144.28905331330304,0.125,0.125,0.125,0.125,0.125,0.125,0.125,0.125
145,145.0,145.29354269600447,0.125,0.125,0.125,0.125,0.125,0.125,0.125,0.125
146,146.0,146.2976477134757,0.125,0.125,0.125,0.125,0.125,0.125,0.125,0.125
147,147.0,147.30136575206504,0.125,0.125,0.125,0.125,0.125,0.125,0.125,0.125
148,148.0,148.30469832927483,0.125,0.125,0.125,0.125,0.125,0.125,0.125,0.125
149,149.0,149.3076506654709,0.125,0.125,0.125,0.125,0.125,0.125,0.125,0.125
150,150.0,150.31023126139266,0.125,0.125,0.125,0.125,0.125,0.125,0.125,0.125
151,151.0,151.31245148510828,0.125,0.125,0.125,0.125,0.125,0.125,0.125,0.125
152,152.0,152.31432517160127,0.125,0.125,0.125,0.125,0.125,0.125,0.125,0.125
153,153.0,153.31586823772898,0.125,0.125,0.125,0.125,0.125,0.125,0.125,0.125
154,154.0,154.3170983148666,0.125,0.125,0.125,0.125,0.125,0.125,0.125,0.125
155,155.0,155.3180344011418,0.125,0.125,0.125,0.125,0.125,0.125,0.125,0.125
156,156.0,156.31869653477807,0.125,0.125,0.125,0.125,0.125,0.125,0.125,0.125
157,157.0,157.3191054897029,0.125,0.125,0.125,0.125,0.125,0.125,0.125,0.125
158,158.0,158.31928249423825,0.125,0.125,0.125,0.125,0.125,0.125,0.125,0.125
159,159.0,159.31924897337768,0.125,0.125,0.125,0.125,0.125,0.125,0.125,0.125
160,160.0,160.31902631486938,0.125,0.125,0.125,0.125,0.125,0.125,0.125,0.125
161,161.0,161.31863565906323,0.125,0.125,0.125,0.125,0.125,0.125,0.125,0.125
162,162.0,162.31809771224704,0.125,0.125,0.125,0.125,0.125,0.125,0.125,0.125
163,163.0,163.31743258299002,0.125,0.125,0.125,0.125,0.125,0.125,0.125,0.125
164,164.0,164.3166596408288,0.125,0.125,0.125,0.125,0.125,0.125,0.125,0.125
165,165.0,165.3157973964754,0.125,0.125,0.125,0.125,0.125,0.125,0.125,0.125
166,166.0,166.31486340259258,0.125,0.125,0.125,0.125,0.125,0.125,0.125,0.125
167,167.0,167.3138741740721,0.125,0.125,0.125,0.125,0.125,0.125,0.125,0.125
168,168.0,168.31284512666298,0.125,0.125,0.125,0.125,0.125,0.125,0.125,0.125
169,169.0,169.31179053272814,0.125,0.125,0.125,0.125,0.125,0.125,0.125,0.125
170,170.0,170.3107234928595,0.125,0.125,0.125,0.125,0.125,0.125,0.125,0.125
171,171.0,171.30965592204913,0.125,0.125,0.125,0.125,0.125,0.125,0.125,0.125
172,172.0,172.3085985490993,0.125,0.125,0.125,0.125,0.125,0.125,0.125,0.125
173,173.0,173.30756092795346,0.125,0.125,0.125,0.125,0.125,0.125,0.125,0.125
174,174.0,174.3065514596427,0.125,0.125,0.125,0.125,0.125,0.125,0.125,0.125
175,175.0,175.30557742356658,0.125,0.125,0.125,0.125,0.125,0.125,0.125,0.125
176,176.0,176.3046450168624,0.125,0.125,0.125,0.125,0.125,0.125,0.125,0.125
177,177.0,177.30375940066,0.125,0.125,0.125,0.125,0.125,0.125,0.125,0.125
178,178.0,178.30292475207125,0.125,0.125,0.125,0.125,0.125,0.125,0.125,0.125
179,179.0,179.30214432082067,0.125,0.125,0.125,0.125,0.125,0.125,0.125,0.125
180,180.0,180.30142048948696,0.125,0.125,0.125,0.125,0.125,0.125,0.125,0.125
181,181.0,181.30075483639172,0.125,0.125,0.125,0.125,0.125,0.125,0.125,0.125
182,182.0,182.30014820024206,0.125,0.125,0.125,0.125,0.125,0.125,0.125,0.125
183,183.0,183.299600745705,0.125,0.125,0.125,0.125,0.125,0.125,0.125,0.125
184,184.0,184.29911202916458,0.125,0.125,0.125,0.125,0.125,0.125,0.125,0.125
185,185.0,185.29868106398655,0.125,0.125,0.125,0.125,0.125,0.125,0.125,0.125
186,186.0,186.29830638468647,0.125,0.125,0.125,0.125,0.125,0.125,0.125,0.125
187,187.0,187.30798610946954,0.125,0.125,0.125,0.125,0.125,0.125,0.125,0.125
188,188.0,188.3176180006796,0.125,0.125,0.125,0.125,0.125,0.125,0.125,0.125
189,189.0,189.32711052276187,0.125,0.125,0.125,0.125,0.125,0.125,0.125,0.125
190,190.0,190.33638268740827,0.125,0.125,0.125,0.125,0.125,0.125,0.125,0.125
191,191.0,191.34536380871594,0.125,0.125,0.125,0.125,0.125,0.125,0.125,0.125
192,192.0,192.3539931798057,0.125,0.125,0.125,0.125,0.125,0.125,0.125,0.125
193,193.0,193.36221968198845,0.125,0.125,0.125,0.125,0.125,0.125,0.125,0.125
194,194.0,194.370001337133,0.125,0.125,0.125,0.125,0.125,0.125,0.125,0.125
195,195.0,195.37730481339176,0.125,0.125,0.125,0.125,0.125,0.125,0.125,0.125
196,196.0,196.38410489389076,0.125,0.125,0.125,0.125,0.125,0.125,0.125,0.125
197,197.0,197.39038391740095,0.125,0.125,0.125,0.125,0.125,0.125,0.125,0.125
198,198.0,198.3961311993861,0.125,0.125,0.125,0.125,0.125,0.125,0.125,0.125
199,199.0,199.40134244117888,0.125,0.125,0.125,0.125,0.125,0.125,0.125,0.125
200,200.0,200.40601913438059,0.12438131313131313,0.12438131313131313,0.12438131313131313,0.12438131313131313,0.12640151515151515,0.12438131313131313,0.12619949494949495,0.12549242424242424
201,201.0,201.41016796691832,0.12441527777777779,0.12358194444444445,0.12358194444444445,0.12458194444444445,0.12741527777777778,0.12358194444444445,0.12704861111111113,0.12579305555555556
202,202.0,202.41380023653312,0.12436356186868688,0.12270522853535354,0.12270522853535354,0.12551341035353536,0.12822447095959597,0.12270522853535354,0.1277875315656566,0.12599533964646464
203,203.0,203.4169312768211,0.12431706880050508,0.12184948546717173,0.12184948546717173,0.12643876728535355,0.12900509607323235,0.12184948546717173,0.12850170486111115,0.12618890657828283
204,204.0,204.41957990031204,0.12503331697739903,0.12094541781073234,0.12094541781073234,0.1279554331743687,0.12876735518952023,0.12094541781073234,0.12911070640467176,0.12629693482184345
205,205.0,205.42176786245076,0.1256188464830689,0.12001097795550478,0.12001097795550478,0.12925134822820872,0.12914285159442088,0.12001097795550478,0.12962304261017146,0.12633097721761588
206,206.0,206.42351934975113,0.12619625850496502,0.11911623982761244,0.11911623982761244,0.13050870530292968,0.12948958351810091,0.11911623982761244,0.13010094895705365,0.12635578423411353
207,207.0,207.42486049482397,0.12641138432203947,0.118036021905442,0.118036021905442,0.13208386599077562,0.1304669112493968,0.118036021905442,0.13089901122363315,0.12603076149782907
208,208.0,208.4258189204413,0.12650269690099927,0.11695187214984079,0.11695187214984079,0.1341501774444347,0.13135310083133284,0.11695187214984079,0.13149206836010957,0.1256463400136014
209,209.0,209.42642331429244,0.1263507675589694,0.11569467781136045,0.11569467781136045,0.13702466910959663,0.13187714766176917,0.11569467781136045,0.13181324397668212,0.12585013825890143
210,210.0,210.42670303561556,0.12592202419705356,0.1143301378024962,0.1143301378024962,0.13939550532118683,0.13268333723586306,0.1143301378024962,0.13177947983714083,0.12722924000126715
211,211.0,211.4266877544502,0.12540471270713655,0.11299486152760455,0.11299486152760455,0.1414908584139617,0.1333598522579667,0.11299486152760455,0.13220907509096008,0.12855091694716142
212,212.0,212.42640712385688,0.12524488916070847,0.11213546818649463,0.11154723289237699,0.1429730421231234,0.13367825451018228,0.11154723289237699,0.1332598945782917,0.1296139856564456
213,213.0,213.42589048508432,0.12491142587470175,0.11125201570678107,0.11011410721004906,0.1446479469747782,0.1343624294169111,0.11011410721004906,0.13406241225607457,0.13053555535065522
214,214.0,214.4251666053382,0.1244265909433784,0.11035649702110145,0.10870894593751014,0.14650778108032605,0.13480843594781064,0.10870894593751014,0.13516125390591952,0.1313215492264437
215,215.0,215.42426344751328,0.12439860517470099,0.10948848570161504,0.10737241601121258,0.14810368846743985,0.13515327793397838,0.10737241601121258,0.13607462224353364,0.13203648845630703
216,216.0,216.42320797099575,0.12375244780416016,0.10865366049833096,0.10611089428251201,0.15000103172323137,0.1354033727834594,0.10611089428251201,0.1372874948265383,0.13268020379925588
217,217.0,217.42202596241998,0.12305574821499835,0.1078566181512289,0.10492927869871929,0.15164961157719267,0.13556526136099467,0.10492927869871929,0.1387610392578112,0.13325316404033571
218,218.0,218.4207418950776,0.12231968064586139,0.10710098614542315,0.10383111247481228,0.15349118954781638,0.1362011363108204,0.10383111247481228,0.1400239051950563,0.1332008772053979
219,219.0,219.41937881551868,0.12155455442814572,0.10680618767198045,0.10281870295627732,0.15507698285005414,0.13675658148468095,0.10281870295627732,0.14108222616295485,0.13308606148962931
220,220.0,220.41795825576045,0.1207698397323646,0.10653669605805112,0.10189323624892198,0.1568145381046787,0.1372333607707531,0.10189323624892198,0.14194333721687846,0.1329157556194302
221,221.0,221.4165001694205,0.11983592827475045,0.10632420142623134,0.10108756786187931,0.15904524524314095,0.1372089671328785,0.10108756786187931,0.14268101540711725,0.13272950679212306
222,222.0,222.4150228900203,0.11885339190119931,0.10610184094016378,0.10033528428332165,0.16119251133364298,0.13754015362151656,0.10033528428332165,0.14317325220880933,0.13246828142802491
223,223.0,223.41354310965994,0.1178647022301183,0.10590101555361882,0.09966757463248496,0.16342741141604408,0.13780488341713912,0.09966757463248496,0.1434956439193552,0.13217119419875478
224,224.0,224.412075876239,0.11692798053559023,0.10575729429622391,0.09909456337501024,0.16549264261413987,0.13803096441490106,0.09909456337501024,0.1437452844640974,0.13185670692502727
225,225.0,225.41063460739772,0.11596889638707938,0.10560021838874825,0.09909727153659192,0.16744307105567197,0.13804917131232952,0.09857095574711824,0.14378226612545336,0.13148814944700757
226,226.0,226.40923111936667,0.11491720735245659,0.10545190034298153,0.09911513889373069,0.16893367710449442,0.1378882319943481,0.09820644581271354,0.1443033857887863,0.13118401271048905
227,227.0,227.40787566894502,0.11390632954233987,0.10532546268936552,0.09915886067617123,0.17058473958082504,0.13757968435869974,0.09790016044244083,0.14469247516082184,0.13085228754933614
228,228.0,228.4065770068761,0.11296371918380836,0.10524141033664988,0.0992682713664161,0.1720637022171497,0.13724851757065049,0.09767076860501822,0.14502313209125506,0.1305204786290524
229,229.0,229.4053424409453,0.11207033061364384,0.10517470025662672,0.09939241792349238,0.17367601567413607,0.1367920801050958,0.0974912298438899,0.1452329581900068,0.1301702673931087
230,230.0,230.40417790719815,0.11137066552281594,0.10515239575636989,0.09944149087358413,0.17487227894862514,0.13625446453250756,0.09727412512201883,0.1457968696469315,0.12983770959714722
231,231.0,231.40308804775373,0.11040307416461756,0.10480981359779332,0.09949897849824496,0.17622824093291503,0.13604887582401984,0.09709855226836246,0.14641968349421455,0.12949278121983254
232,232.0,232.40207629377622,0.10951035405773571,0.10449982009052504,0.09959674489147458,0.17742312084624332,0.1358414524662359,0.0969802654631024,0.14698874639455442,0.12915949579012892
233,233.0,233.40114495225868,0.10867727861144086,0.10420558963784025,0.09969645117915048,0.17872774476323952,0.13553445215766327,0.09689805230278493,0.14743707614697538,0.12882335520090563
234,234.0,234.40029529537028,0.10786888368594479,0.10390347308155089,0.09978382180724607,0.1803336054964321,0.13511396436228687,0.0968364276681984,0.14768451741065486,0.1284753064876863
235,235.0,235.39952765121703,0.1071236375495508,0.1036190488248662,0.09986950265848307,0.18201247887793107,0.13461531703203244,0.09680463383655909,0.1478246753871314,0.12813070583344618
236,236.0,236.39884149496697,0.10600653410718966,0.1031484394254401,0.09997471917394825,0.1848188872290824,0.13395796150033923,0.09670868957457257,0.1476834306419143,0.12770133834751374
237,237.0,237.39823553939223,0.10488192504849728,0.10296771990205002,0.09999943248278961,0.18708159051829726,0.13316793969454147,0.09656161946492285,0.1481341484039549,0.1272056244849469
238,238.0,238.39770782398105,0.10380658982909721,0.10277265218526999,0.100007312319827,0.1892158596110252,0.13230914871835506,0.0964262838497498,0.1487507204083642,0.12671143307831184
239,239.0,239.39725580187115,0.10272102827139414,0.10250088776516088,0.09993463708801034,0.19134509963118457,0.1313296879497915,0.09623794435048323,0.14977207943316811,0.12615863551080747
240,240.0,240.39687642395353,0.10171804971632159,0.10236705883077411,0.09976625825449507,0.19347569220447844,0.13038073716407453,0.09608511906785783,0.15056582390537093,0.12564126085662772
241,241.0,241.39656621958818,0.1007206746819291,0.10216760578320912,0.09952844374757336,0.19497337268994988,0.13035689669504807,0.09588743098212207,0.15128416424868973,0.12508141117147892
242,242.0,242.39632137346348,0.10040563776126869,0.10191134297604428,0.09923116262013872,0.1964776893880853,0.13019244674304514,0.09565238771125258,0.1516393558880479,0.12448997691211768
243,243.0,243.39613779821659,0.10007513810702989,0.10162398600210676,0.09890118830528254,0.19782997332576296,0.12995546415899015,0.09539540643896441,0.15233348155081175,0.12388536211105185
244,244.0,244.39601120251223,0.09972583795592388,0.10129368086453505,0.09852762636434378,0.1992012613185671,0.12960244623615597,0.09511269993354206,0.15268183190693252,0.12385461541999994
245,245.0,245.39593715435316,0.09941380774194522,0.10094525260760072,0.09825110553497284,0.2004066182148031,0.12919694956522995,0.09482764158122048,0.15313071139129475,0.12382791336293322
246,246.0,246.39591113946648,0.09907088266677955,0.10054874597490362,0.09792634240631548,0.20217066796050004,0.12867849584858035,0.09450879440081014,0.15324589644697534,0.1238501742951357
247,247.0,247.3959286146738,0.0987155082629258,0.10012432401698695,0.09757314548657332,0.20418457193515968,0.12807332237140484,0.09417482704427513,0.15332572274207953,0.12382857814059499
248,248.0,248.39598505621365,0.09835145282468198,0.0996776364845658,0.09719684150458262,0.20640319655770895,0.12739300698611875,0.09382989820210022,0.1533809338714041,0.12376703356883781
249,249.0,249.3960760030374,0.09800091398282167,0.09923959223463028,0.09682195039983432,0.2087800328040722,0.12670733093100778,0.09349059836673727,0.1532775106714105,0.12368207060948627
250,250.0,250.39619709514838,0.0976656125656922,0.0988134909312147,0.09645186334543522,0.21127852145243467,0.1257600962384358,0.09315954118564226,0.15329442645068497,0.12357644783046044
251,251.0,251.3963441070968,0.09734681319225326,0.09840211696633197,0.09608951848052509,0.21386546494528277,0.12482320857159918,0.09283893063883007,0.1531812244163985,0.12345272278877942
252,252.0,252.39651297677943,0.09690650600145294,0.0981320509708614,0.09559854676515109,0.21637187080504885,0.12350229655943873,0.09239170989868749,0.1539226236886514,0.12317439531070833
253,253.0,253.39669982972597,0.09638879967119865,0.09775277590233732,0.09500732100059955,0.21857196058710912,0.12208702821017949,0.09185236022936175,0.15554639309930857,0.12279336129990576
254,254.0,254.3969009990806,0.0958147259138107,0.09728644538999004,0.09433987559864088,0.22023346026002738,0.12019110836762954,0.09215301306067882,0.15764923552834648,0.12233213588087635
255,255.0,255.39711304150896,0.09527653082573989,0.09682664023907617,0.09369135788071668,0.2214626353487147,0.11833613438736378,0.09246965902996712,0.16005251260590111,0.12188452968252078
256,256.0,256.3973327492794,0.09478565587229276,0.09638631455421683,0.09307070485220487,0.22237840362901612,0.11678832924296018,0.09280219635638985,0.16233007465551116,0.12145832083740843
257,257.0,257.39755715878005,0.09422230543820208,0.09692988819840247,0.09238300568431468,0.22305357805135556,0.11520310833932335,0.09297193268280125,0.16429523684601186,0.12094094475958891
258,258.0,258.39778355574276,0.09361188231769718,0.09733714751043364,0.09164968944527777,0.2245954716782415,0.11361652059542623,0.09300567948619035,0.16582915216283423,0.12035445680389927
259,259.0,259.39800947745175,0.09299534393704952,0.09740854472641514,0.09089865714316345,0.22691166039447763,0.11205969380925444,0.09293574527615155,0.16704857574938003,0.11974177896410841
260,260.0,260.39823271221536,0.09238101324458241,0.09805068535535147,0.09014045128247422,0.22901647435584463,0.11054562433808394,0.09277657503646211,0.16797597334167444,0.11911320304552693
261,261.0,261.3984512963805,0.09177572573377889,0.09918467785211584,0.08938400671223683,0.23047964109997698,0.10929774597469327,0.09254078750405088,0.16885989755255132,0.1184775175705961
262,262.0,262.39866350916526,0.09124696099445977,0.10032698246413556,0.0886928714838644,0.23145630241742007,0.10816897619152394,0.09232789920605919,0.16987083535490735,0.11790917188762982
263,263.0,263.3988678655799,0.09069212460175453,0.1012710393812219,0.08799227982878516,0.23199619005599673,0.10706524421860468,0.0920302708335871,0.171645679937575,0.11730717114247499
264,264.0,264.3990631076973,0.0901509072094272,0.10205839287046602,0.08731213915938894,0.23296240898809786,0.10603244185298846,0.09167772766600563,0.17309326875951153,0.11671271349411441
265,265.0,265.399248194526,0.08959850143769212,0.10268301290810816,0.08664286295627784,0.23362452988951415,0.10505892170627244,0.09179143157507567,0.17449833815947594,0.1161024013675837
266,266.0,266.3994222907266,0.08906227559223054,0.10324251365472063,0.08600720058358245,0.23400791814312075,0.1041481023260844,0.09189764714239702,0.17577228861975494,0.11586205393810928
267,267.0,267.3995847543998,0.0885180718252112,0.10363086285481025,0.08538065567736085,0.23452734457800625,0.10327379961270117,0.09191619296493744,0.17715738513067486,0.11559568735629802
268,268.0,268.39973512416174,0.08797043933739536,0.10433533038885637,0.08476730181999435,0.2350190142672211,0.10243833621110443,0.09185436791158941,0.1783084958994935,0.11530671416434554
269,269.0,269.3998731057058,0.08744494654879634,0.10532986114267154,0.08418135784064043,0.23548628738771424,0.10165413925579991,0.09173004014281182,0.17914274754843845,0.11503062013312734
270,270.0,270.3999985580384,0.08696341059126007,0.10626264126572085,0.08364471836517297,0.2360367769014695,0.10094129155439524,0.09160867520254432,0.179754596876807,0.1147878892426301
271,271.0,271.40011147955744,0.08652556576792877,0.10667483027642684,0.08315713396463112,0.23693812480549167,0.1002977305385338,0.09149073354178736,0.18033872553306507,0.11457715557213544
272,272.0,272.40021199412894,0.08613075436577837,0.10702234455861291,0.08271790792769088,0.23773714087262293,0.09972096200630934,0.09137660755063953,0.18089740068055596,0.11439688203779014
273,273.0,273.400300337302,0.08576470246670664,0.10721152671522467,0.08230943123510909,0.23883019573739997,0.09919810375662279,0.09121058223731585,0.18124658148333425,0.11422887636828676
274,274.0,274.40037684278474,0.08542116099798067,0.10725058146355339,0.08192871607704856,0.24010936108550993,0.09871765917826408,0.09099506213746976,0.1815076541145065,0.11406980494566711
275,275.0,275.4004419292914,0.08510032524958068,0.10715128763052066,0.08157580986960787,0.24172433792165834,0.09827796524147546,0.09073564896555651,0.18151503838964572,0.11391958673195471
276,276.0,276.40049608785444,0.08480213793791155,0.1073101602872468,0.08125047102063779,0.24308588681275134,0.0978771437747521,0.0904377671152018,0.18145838427763358,0.11377804877386502
277,277.0,277.40053986968263,0.08450764200732427,0.10733696842663971,0.08094710477140285,0.24417448499050307,0.0975193446087621,0.09009872309966571,0.18180022049891953,0.11361551159678272
278,278.0,278.4005738746312,0.08422063505006304,0.10723313579667385,0.08066271762160604,0.24481237842454492,0.09736064091573815,0.08972420453074897,0.18255239866191877,0.11343388899870621
279,279.0,279.40059874033864,0.08395689114050492,0.10709396574721419,0.08041484792414445,0.24522961916700334,0.09725947206818224,0.08935936359174992,0.1834356788276727,0.11325016153352821
280,280.0,280.4006151320719,0.08371320931514051,0.10691306483025735,0.08019646822118612,0.24550772694615597,0.09719158065826425,0.0890037587599309,0.1844117163329877,0.1130624749360772
281,281.0,281.4006237333111,0.08348342143709413,0.10669246796297366,0.08000323630607217,0.24575109784926802,0.09714416569829024,0.08865663055590936,0.1851143197780462,0.1131546604123462
282,282.0,282.40062523709327,0.08326968898313396,0.10644730613192231,0.07983876575545505,0.24590306335943735,0.09713136846045956,0.08832241894194755,0.18557581167719636,0.11351157669044784
283,283.0,283.4006203381263,0.08308645927516586,0.10635073554425865,0.0797087829082787,0.2460630665259997,0.09699515241773211,0.08801013214506653,0.18590410331476456,0.11388156786873382
284,284.0,284.4006097256748,0.0829295932306868,0.10623072020137907,0.07960583802440328,0.24598120285914685,0.09687848050654502,0.08771795991711007,0.18639931934974302,0.11425688591098587
285,285.0,285.40059407721174,0.08305275036525377,0.10608224115713809,0.07952022121503582,0.24589327084532714,0.09677147342396608,0.0874389529934283,0.1866457346095329,0.11459535539031787
286,286.0,286.40057405282283,0.08319645194999663,0.1059153561090908,0.07945729748768583,0.24589213991825876,0.09667944618504673,0.08718099826299393,0.18674759324150841,0.1149307168454189
287,287.0,287.40055029034454,0.0833490506353988,0.10566100864005828,0.07940493988044249,0.24613392979461887,0.09659499094673436,0.0869096201617246,0.1866968518270516,0.115249608113971
288,288.0,288.4005234012106,0.0832523014421799,0.10533471532977991,0.07936938531969595,0.24626704021778592,0.0966735646827272,0.08663498727005645,0.18688055492539876,0.11558745081237591
289,289.0,289.400493966978,0.08315325647472549,0.10494280250463098,0.07934111132401708,0.24607219342810996,0.09676850148256538,0.08634912267423278,0.18750133079865267,0.11587168131306566
290,290.0,290.40046253649894,0.08304769437369694,0.10465405907785295,0.07931675027073433,0.24606175564274554,0.09686996644266747,0.08605227943289291,0.18789702100983324,0.11610047374957663
291,291.0,291.40042962370273,0.08293403744863054,0.10429315537556655,0.07929102104384214,0.2460443315365966,0.09696018412603792,0.08574479108586788,0.18845971990536775,0.11627275947809064
292,292.0,292.40039570594917,0.08266137263441196,0.10387823140639799,0.07927002143515043,0.2458862131156587,0.09705991816831896,0.08543374543494651,0.18941565275551095,0.11639484504960451
293,293.0,293.4003612229114,0.08238320143512838,0.10341112400814204,0.07924806587616216,0.24613902505862076,0.09715237238725827,0.08511642212232333,0.19008599541185134,0.11646379370051373
294,294.0,294.4003265759483,0.08209954093585625,0.1028900919700671,0.0792203423608276,0.24668567073105369,0.09722122322325027,0.08479287931247018,0.19045644912983534,0.11663380233663963
295,295.0,295.4002921279221,0.08181997851768226,0.10237465097879131,0.079194065148947,0.24711787118676093,0.09727340647962213,0.0844877725613135,0.19097471280165346,0.11675754232522952
296,296.0,296.4002582034193,0.08154048827801844,0.10182383166151224,0.07916510604122896,0.24726798226067992,0.09758508074501601,0.08418118462037817,0.19137813184214988,0.11705819455101645
297,297.0,297.40022508933254,0.08127084432261183,0.1012407396642046,0.07913424029606529,0.2473978720152693,0.0978666624133386,0.08387784780066353,0.19188018026971945,0.11733161321812745
298,298.0,298.40019303576116,0.08101211077563675,0.1006312705367838,0.07910117423135565,0.2475051420580193,0.09811616710172816,0.08357912967059762,0.19247802168733888,0.11757698393853991
299,299.0,299.4001622571893,0.08076705487837677,0.10000868502883523,0.079069490049739,0.24781067073476795,0.09834549993670247,0.08328815172534056,0.19291467113466854,0.11779577651156958
300,300.0,300.40013293390274,0.08053639186114485,0.09937247532600763,0.07903709625351503,0.24828726201628654,0.09854600006431921,0.08300602550176313,0.19345206508766286,0.11776268388930086
301,301.0,301.4001052136058,0.07990386416592511,0.09914424148925571,0.07858712400445374,0.2485078882958197,0.09830026843299589,0.08231692339764556,0.19594904414205805,0.11729064607184635
302,302.0,302.4000792132025,0.07999773576605683,0.09891494953601138,0.07807821657749645,0.24875304366807238,0.0978259951139474,0.08158033424599231,0.19810685528279193,0.11674286980963142
303,303.0,303.40005502070744,0.080095343085974,0.09866899895213548,0.07756949706768769,0.2490983223753867,0.0973225893480073,0.08085604186328649,0.20023266309805354,0.11615654420946889
304,304.0,304.40003269725486,0.08008935372645966,0.09833283956151576,0.07701515177251557,0.24936384811545342,0.09675107513361825,0.080108821002767,0.20284956603399362,0.11548934465367679
305,305.0,305.40001227917503,0.07999302282882793,0.09792145867565655,0.07642644125631001,0.24947015088497804,0.09612435234468568,0.07934971831957885,0.20595879895742739,0.11475605673253564
306,306.0,306.39999378011134,0.07981792281207836,0.09807283962815197,0.07581321909003436,0.24964711749015794,0.09545397524498442,0.07858816731474431,0.20863670323788241,0.11397005518196635
307,307.0,307.39997719315295,0.0795693164423218,0.09809503502754871,0.07517910884552116,0.24991365662117299,0.09474025531058645,0.07803931144148969,0.21132487122543,0.11313844508592932
308,308.0,308.3999624929589,0.07926163775105022,0.09803279849672743,0.07453686521159814,0.25017126258929623,0.09400280270900106,0.0775009045922829,0.21421633747266378,0.11227739117738038
309,309.0,309.3999496378546,0.07890522349599571,0.09789650170366021,0.07389503612110669,0.2505507612301351,0.09325371560353377,0.07697871477249481,0.21711954063247127,0.1114005064406026
310,310.0,310.3999385718823,0.0785030835253612,0.09766028449882534,0.07337517953664247,0.2508509286331227,0.09249094520481997,0.07645666290033248,0.2201509247277357,0.11051199097316028
311,311.0,311.39992922678834,0.07806094776729101,0.09733163361185862,0.07285781283583188,0.2513179661383863,0.09171828001516998,0.0759366191893423,0.22316004490072636,0.1096166955413937
312,312.0,312.3999215239359,0.0776322373986781,0.09699328082938799,0.07237424257982719,0.25197762090670295,0.09097729069473687,0.07544657395172497,0.22585003729970757,0.10874871633923454
313,313.0,313.39991537612934,0.07674299947053632,0.0966475211466626,0.07192544013845077,0.25243176851129384,0.09027147252256805,0.07498715608732784,0.22908101467279005,0.10791262745037075
314,314.0,314.39991068934216,0.07585441752255268,0.09623161562109793,0.07149030018075125,0.25286410526731556,0.08958199488961567,0.07453701515744812,0.23234993300362564,0.10709061835759334
315,315.0,315.3999073643403,0.07498418169419306,0.09589576761927178,0.07107775569801777,0.25286631160587536,0.08911945287826699,0.0741049284202936,0.23564090857232534,0.10631069351175629
316,316.0,316.3999052981952,0.07415210383652923,0.09555517526978985,0.0706998155718834,0.25298410356546897,0.0886866358662908,0.07370563144681341,0.23863034717084008,0.10558618727238442
317,317.0,317.3999043856827,0.07336054486254573,0.09520793442997277,0.07035443972971825,0.25315515150336576,0.08827983918068624,0.07333698981625349,0.24139024350655727,0.10491485697090062
318,318.0,318.3999045205646,0.07261639596071194,0.09488024929041447,0.07004464228688198,0.25328681973949707,0.08790932257778292,0.0730124487046916,0.24394912840073493,0.10430099303928524
319,319.0,319.3999055967526,0.0719005144624039,0.0944938587545999,0.06974791367110146,0.2532686030186943,0.08754558240556304,0.07269851814062273,0.2464921249578343,0.1038528845891805
320,320.0,320.39990750935436,0.07121641944373082,0.09405509341177921,0.06946489875833717,0.253818680646247,0.08718958607277336,0.0723957963285801,0.24842057636460205,0.10343894897395044
321,321.0,321.39991015560236,0.07056857133512978,0.09357340986299136,0.06919765584026183,0.25415265649942753,0.08702395847054818,0.07210633838904605,0.25031370620512466,0.10306370339747073
322,322.0,322.39991343566953,0.06996224973848744,0.09307668770000198,0.06894951114696436,0.25434624653121607,0.08687829024949872,0.07184290455973913,0.2522146529506534,0.10272945712343899
323,323.0,323.39991725337325,0.06939723981182594,0.09256645352210541,0.06871871978291696,0.25429743860675996,0.0867477205575416,0.07160340136118126,0.2541123625010338,0.1025566638566351
324,324.0,324.3999215167729,0.06886933761243748,0.0920499281456618,0.06850541430982812,0.25438591884039535,0.08663578355372915,0.071385240719387,0.25576834171734625,0.10240003510121486
325,325.0,325.3999261386649,0.06837603838020238,0.09150930101963244,0.06830611143846224,0.25440097179870175,0.08652834992893021,0.07150853706732002,0.25711621592382083,0.10225447444293015
326,326.0,326.399931036981,0.06791768512464245,0.09094929491879403,0.06812047419590615,0.25461867314065834,0.08642438149476771,0.0716256135493549,0.2582256264623707,0.10211825111350578
327,327.0,327.3999361350957,0.06750137870558223,0.09038017857981348,0.06795237427572914,0.25497930534265834,0.0862200128280284,0.07173830021158722,0.25921868935492914,0.10200976070167204
328,328.0,328.3999413620479,0.06713614206286442,0.08984539978234243,0.0678084659632902,0.2554280531457512,0.08603479526356242,0.07187193643205739,0.25994323584644574,0.10193197150368626
329,329.0,329.39994665268443,0.06710822751819753,0.08931495467051001,0.06767508665040445,0.2560390348532414,0.085855595361443,0.07200112268440956,0.26014752075616254,0.10185845750563154
330,330.0,330.39995194773053,0.06710297298437959,0.0887944848881557,0.06755295738739375,0.2565745175405518,0.08568506346500783,0.07212524294764426,0.2602075660965637,0.10195719469030334
331,331.0,331.39995719379465,0.06711411737797329,0.08826664932627841,0.06743851658747121,0.2569920782279981,0.08551163968450537,0.07223122550133455,0.2603902087325989,0.10205556456184024
