,Unnamed: 0,Total_iterations,Intertwine_two,Add_vertex,Delete_vertex,Invert_path_vertices,Insert_inside_vertex,Delete_inside_vertex,Replace_inside_vertex,Donate_between_routes
0,0.0,0.0,0.125,0.125,0.125,0.125,0.125,0.125,0.125,0.125
1,1.0,1.0,0.125,0.125,0.125,0.125,0.125,0.125,0.125,0.125
2,2.0,2.0,0.125,0.125,0.125,0.125,0.125,0.125,0.125,0.125
3,3.0,3.0,0.125,0.125,0.125,0.125,0.125,0.125,0.125,0.125
4,4.0,4.0,0.125,0.125,0.125,0.125,0.125,0.125,0.125,0.125
5,5.0,5.0,0.125,0.125,0.125,0.125,0.125,0.125,0.125,0.125
6,6.0,6.0,0.125,0.125,0.125,0.125,0.125,0.125,0.125,0.125
7,7.0,7.0,0.125,0.125,0.125,0.125,0.125,0.125,0.125,0.125
8,8.0,8.0,0.125,0.125,0.125,0.125,0.125,0.125,0.125,0.125
9,9.0,9.0,0.125,0.125,0.125,0.125,0.125,0.125,0.125,0.125
10,10.0,10.0,0.125,0.125,0.125,0.125,0.125,0.125,0.125,0.125
11,11.0,11.0,0.125,0.125,0.125,0.125,0.125,0.125,0.125,0.125
12,12.0,12.0,0.125,0.125,0.125,0.125,0.125,0.125,0.125,0.125
13,13.0,13.0,0.125,0.125,0.125,0.125,0.125,0.125,0.125,0.125
14,14.0,14.0,0.125,0.125,0.125,0.125,0.125,0.125,0.125,0.125
15,15.0,15.0,0.125,0.125,0.125,0.125,0.125,0.125,0.125,0.125
16,16.0,16.0,0.125,0.125,0.125,0.125,0.125,0.125,0.125,0.125
17,17.0,17.0,0.125,0.125,0.125,0.125,0.125,0.125,0.125,0.125
18,18.0,18.0,0.125,0.125,0.125,0.125,0.125,0.125,0.125,0.125
19,19.0,19.0,0.125,0.125,0.125,0.125,0.125,0.125,0.125,0.125
20,20.0,20.0,0.125,0.125,0.125,0.125,0.125,0.125,0.125,0.125
21,21.0,21.0,0.125,0.125,0.125,0.125,0.125,0.125,0.125,0.125
22,22.0,22.0,0.125,0.125,0.125,0.125,0.125,0.125,0.125,0.125
23,23.0,23.0,0.125,0.125,0.125,0.125,0.125,0.125,0.125,0.125
24,24.0,24.0,0.125,0.125,0.125,0.125,0.125,0.125,0.125,0.125
25,25.0,25.0,0.125,0.125,0.125,0.125,0.125,0.125,0.125,0.125
26,26.0,26.0,0.125,0.125,0.125,0.125,0.125,0.125,0.125,0.125
27,27.0,27.0,0.125,0.125,0.125,0.125,0.125,0.125,0.125,0.125
28,28.0,28.0,0.125,0.125,0.125,0.125,0.125,0.125,0.125,0.125
29,29.0,29.0,0.125,0.125,0.125,0.125,0.125,0.125,0.125,0.125
30,30.0,30.0,0.125,0.125,0.125,0.125,0.125,0.125,0.125,0.125
31,31.0,31.0,0.125,0.125,0.125,0.125,0.125,0.125,0.125,0.125
32,32.0,32.0,0.125,0.125,0.125,0.125,0.125,0.125,0.125,0.125
33,33.0,33.0,0.125,0.125,0.125,0.125,0.125,0.125,0.125,0.125
34,34.0,34.0,0.125,0.125,0.125,0.125,0.125,0.125,0.125,0.125
35,35.0,35.0,0.125,0.125,0.125,0.125,0.125,0.125,0.125,0.125
36,36.0,36.0,0.125,0.125,0.125,0.125,0.125,0.125,0.125,0.125
37,37.0,37.0,0.125,0.125,0.125,0.125,0.125,0.125,0.125,0.125
38,38.0,38.0,0.125,0.125,0.125,0.125,0.125,0.125,0.125,0.125
39,39.0,39.0,0.125,0.125,0.125,0.125,0.125,0.125,0.125,0.125
40,40.0,40.0,0.125,0.125,0.125,0.125,0.125,0.125,0.125,0.125
41,41.0,41.0,0.125,0.125,0.125,0.125,0.125,0.125,0.125,0.125
42,42.0,42.0,0.125,0.125,0.125,0.125,0.125,0.125,0.125,0.125
43,43.0,43.0,0.125,0.125,0.125,0.125,0.125,0.125,0.125,0.125
44,44.0,44.0,0.125,0.125,0.125,0.125,0.125,0.125,0.125,0.125
45,45.0,45.0,0.125,0.125,0.125,0.125,0.125,0.125,0.125,0.125
46,46.0,46.0,0.125,0.125,0.125,0.125,0.125,0.125,0.125,0.125
47,47.0,47.0,0.125,0.125,0.125,0.125,0.125,0.125,0.125,0.125
48,48.0,48.0,0.125,0.125,0.125,0.125,0.125,0.125,0.125,0.125
49,49.0,49.0,0.125,0.125,0.125,0.125,0.125,0.125,0.125,0.125
50,50.0,50.0,0.125,0.125,0.125,0.125,0.125,0.125,0.125,0.125
51,51.0,51.0,0.125,0.125,0.125,0.125,0.125,0.125,0.125,0.125
52,52.0,52.0,0.125,0.125,0.125,0.125,0.125,0.125,0.125,0.125
53,53.0,53.0,0.125,0.125,0.125,0.125,0.125,0.125,0.125,0.125
54,54.0,54.0,0.125,0.125,0.125,0.125,0.125,0.125,0.125,0.125
55,55.0,55.0,0.125,0.125,0.125,0.125,0.125,0.125,0.125,0.125
56,56.0,56.0,0.125,0.125,0.125,0.125,0.125,0.125,0.125,0.125
57,57.0,57.1,0.125,0.125,0.125,0.125,0.125,0.125,0.125,0.125
58,58.0,58.1,0.125,0.125,0.125,0.125,0.125,0.125,0.125,0.125
59,59.0,59.1,0.125,0.125,0.125,0.125,0.125,0.125,0.125,0.125
60,60.0,60.1,0.125,0.125,0.125,0.125,0.125,0.125,0.125,0.125
61,61.0,61.1,0.125,0.125,0.125,0.125,0.125,0.125,0.125,0.125
62,62.0,62.1,0.125,0.125,0.125,0.125,0.125,0.125,0.125,0.125
63,63.0,63.1,0.125,0.125,0.125,0.125,0.125,0.125,0.125,0.125
64,64.0,64.1,0.125,0.125,0.125,0.125,0.125,0.125,0.125,0.125
65,65.0,65.1,0.125,0.125,0.125,0.125,0.125,0.125,0.125,0.125
66,66.0,66.1,0.125,0.125,0.125,0.125,0.125,0.125,0.125,0.125
67,67.0,67.2,0.125,0.125,0.125,0.125,0.125,0.125,0.125,0.125
68,68.0,68.2,0.125,0.125,0.125,0.125,0.125,0.125,0.125,0.125
69,69.0,69.2,0.125,0.125,0.125,0.125,0.125,0.125,0.125,0.125
70,70.0,70.2,0.125,0.125,0.125,0.125,0.125,0.125,0.125,0.125
71,71.0,71.2,0.125,0.125,0.125,0.125,0.125,0.125,0.125,0.125
72,72.0,72.2,0.125,0.125,0.125,0.125,0.125,0.125,0.125,0.125
73,73.0,73.3,0.125,0.125,0.125,0.125,0.125,0.125,0.125,0.125
74,74.0,74.3,0.125,0.125,0.125,0.125,0.125,0.125,0.125,0.125
75,75.0,75.3,0.125,0.125,0.125,0.125,0.125,0.125,0.125,0.125
76,76.0,76.3,0.125,0.125,0.125,0.125,0.125,0.125,0.125,0.125
77,77.0,77.3,0.125,0.125,0.125,0.125,0.125,0.125,0.125,0.125
78,78.0,78.4,0.125,0.125,0.125,0.125,0.125,0.125,0.125,0.125
79,79.0,79.4,0.125,0.125,0.125,0.125,0.125,0.125,0.125,0.125
80,80.0,80.4,0.125,0.125,0.125,0.125,0.125,0.125,0.125,0.125
81,81.0,81.4,0.125,0.125,0.125,0.125,0.125,0.125,0.125,0.125
82,82.0,82.5,0.125,0.125,0.125,0.125,0.125,0.125,0.125,0.125
83,83.0,83.5,0.125,0.125,0.125,0.125,0.125,0.125,0.125,0.125
84,84.0,84.5,0.125,0.125,0.125,0.125,0.125,0.125,0.125,0.125
85,85.0,85.5,0.125,0.125,0.125,0.125,0.125,0.125,0.125,0.125
86,86.0,86.5,0.125,0.125,0.125,0.125,0.125,0.125,0.125,0.125
87,87.0,87.6,0.125,0.125,0.125,0.125,0.125,0.125,0.125,0.125
88,88.0,88.6,0.125,0.125,0.125,0.125,0.125,0.125,0.125,0.125
89,89.0,89.6,0.125,0.125,0.125,0.125,0.125,0.125,0.125,0.125
90,90.0,90.6,0.125,0.125,0.125,0.125,0.125,0.125,0.125,0.125
91,91.0,91.7,0.125,0.125,0.125,0.125,0.125,0.125,0.125,0.125
92,92.0,92.8,0.125,0.125,0.125,0.125,0.125,0.125,0.125,0.125
93,93.0,93.8,0.125,0.125,0.125,0.125,0.125,0.125,0.125,0.125
94,94.0,94.8,0.125,0.125,0.125,0.125,0.125,0.125,0.125,0.125
95,95.0,95.8,0.125,0.125,0.125,0.125,0.125,0.125,0.125,0.125
96,96.0,96.8,0.125,0.125,0.125,0.125,0.125,0.125,0.125,0.125
97,97.0,97.8,0.125,0.125,0.125,0.125,0.125,0.125,0.125,0.125
98,98.0,98.9,0.125,0.125,0.125,0.125,0.125,0.125,0.125,0.125
99,99.0,100.0,0.125,0.125,0.125,0.125,0.125,0.125,0.125,0.125
100,100.0,101.0,0.125,0.125,0.125,0.125,0.125,0.125,0.125,0.125
101,101.0,102.0,0.125,0.125,0.125,0.125,0.125,0.125,0.125,0.125
102,102.0,103.0,0.125,0.125,0.125,0.125,0.125,0.125,0.125,0.125
103,103.0,104.0,0.125,0.125,0.125,0.125,0.125,0.125,0.125,0.125
104,104.0,105.0,0.125,0.125,0.125,0.125,0.125,0.125,0.125,0.125
105,105.0,106.0,0.125,0.125,0.125,0.125,0.125,0.125,0.125,0.125
106,106.0,107.0,0.125,0.125,0.125,0.125,0.125,0.125,0.125,0.125
107,107.0,108.0,0.125,0.125,0.125,0.125,0.125,0.125,0.125,0.125
108,108.0,109.0,0.125,0.125,0.125,0.125,0.125,0.125,0.125,0.125
109,109.0,110.0,0.125,0.125,0.125,0.125,0.125,0.125,0.125,0.125
110,110.0,111.1,0.125,0.125,0.125,0.125,0.125,0.125,0.125,0.125
111,111.0,112.1,0.125,0.125,0.125,0.125,0.125,0.125,0.125,0.125
112,112.0,113.1,0.125,0.125,0.125,0.125,0.125,0.125,0.125,0.125
113,113.0,114.1,0.125,0.125,0.125,0.125,0.125,0.125,0.125,0.125
114,114.0,115.1,0.125,0.125,0.125,0.125,0.125,0.125,0.125,0.125
115,115.0,116.1,0.125,0.125,0.125,0.125,0.125,0.125,0.125,0.125
116,116.0,117.1,0.125,0.125,0.125,0.125,0.125,0.125,0.125,0.125
117,117.0,118.1,0.125,0.125,0.125,0.125,0.125,0.125,0.125,0.125
118,118.0,119.1,0.125,0.125,0.125,0.125,0.125,0.125,0.125,0.125
119,119.0,120.1,0.125,0.125,0.125,0.125,0.125,0.125,0.125,0.125
120,120.0,121.1,0.125,0.125,0.125,0.125,0.125,0.125,0.125,0.125
121,121.0,122.1,0.125,0.125,0.125,0.125,0.125,0.125,0.125,0.125
122,122.0,123.1,0.125,0.125,0.125,0.125,0.125,0.125,0.125,0.125
123,123.0,124.1,0.125,0.125,0.125,0.125,0.125,0.125,0.125,0.125
124,124.0,125.1,0.125,0.125,0.125,0.125,0.125,0.125,0.125,0.125
125,125.0,126.1,0.125,0.125,0.125,0.125,0.125,0.125,0.125,0.125
126,126.0,127.1,0.125,0.125,0.125,0.125,0.125,0.125,0.125,0.125
127,127.0,128.1,0.125,0.125,0.125,0.125,0.125,0.125,0.125,0.125
128,128.0,129.1,0.125,0.125,0.125,0.125,0.125,0.125,0.125,0.125
129,129.0,130.1,0.125,0.125,0.125,0.125,0.125,0.125,0.125,0.125
130,130.0,131.2,0.125,0.125,0.125,0.125,0.125,0.125,0.125,0.125
131,131.0,132.2,0.125,0.125,0.125,0.125,0.125,0.125,0.125,0.125
132,132.0,133.2,0.125,0.125,0.125,0.125,0.125,0.125,0.125,0.125
133,133.0,134.2,0.125,0.125,0.125,0.125,0.125,0.125,0.125,0.125
134,134.0,135.2,0.125,0.125,0.125,0.125,0.125,0.125,0.125,0.125
135,135.0,136.2,0.125,0.125,0.125,0.125,0.125,0.125,0.125,0.125
136,136.0,137.3,0.125,0.125,0.125,0.125,0.125,0.125,0.125,0.125
137,137.0,138.3,0.125,0.125,0.125,0.125,0.125,0.125,0.125,0.125
138,138.0,139.3,0.125,0.125,0.125,0.125,0.125,0.125,0.125,0.125
139,139.0,140.3,0.125,0.125,0.125,0.125,0.125,0.125,0.125,0.125
140,140.0,141.3,0.125,0.125,0.125,0.125,0.125,0.125,0.125,0.125
141,141.0,142.3,0.125,0.125,0.125,0.125,0.125,0.125,0.125,0.125
142,142.0,143.3,0.125,0.125,0.125,0.125,0.125,0.125,0.125,0.125
143,143.0,144.3,0.125,0.125,0.125,0.125,0.125,0.125,0.125,0.125
144,144.0,145.3,0.125,0.125,0.125,0.125,0.125,0.125,0.125,0.125
145,145.0,146.3,0.125,0.125,0.125,0.125,0.125,0.125,0.125,0.125
146,146.0,147.3,0.125,0.125,0.125,0.125,0.125,0.125,0.125,0.125
147,147.0,148.3,0.125,0.125,0.125,0.125,0.125,0.125,0.125,0.125
148,148.0,149.4,0.125,0.125,0.125,0.125,0.125,0.125,0.125,0.125
149,149.0,150.4,0.125,0.125,0.125,0.125,0.125,0.125,0.125,0.125
150,150.0,151.4,0.125,0.125,0.125,0.125,0.125,0.125,0.125,0.125
151,151.0,152.4,0.125,0.125,0.125,0.125,0.125,0.125,0.125,0.125
152,152.0,153.4,0.125,0.125,0.125,0.125,0.125,0.125,0.125,0.125
153,153.0,154.4,0.125,0.125,0.125,0.125,0.125,0.125,0.125,0.125
154,154.0,155.4,0.125,0.125,0.125,0.125,0.125,0.125,0.125,0.125
155,155.0,156.4,0.125,0.125,0.125,0.125,0.125,0.125,0.125,0.125
156,156.0,157.4,0.125,0.125,0.125,0.125,0.125,0.125,0.125,0.125
157,157.0,158.4,0.125,0.125,0.125,0.125,0.125,0.125,0.125,0.125
158,158.0,159.4,0.125,0.125,0.125,0.125,0.125,0.125,0.125,0.125
159,159.0,160.4,0.125,0.125,0.125,0.125,0.125,0.125,0.125,0.125
160,160.0,161.4,0.125,0.125,0.125,0.125,0.125,0.125,0.125,0.125
161,161.0,162.4,0.125,0.125,0.125,0.125,0.125,0.125,0.125,0.125
162,162.0,163.5,0.125,0.125,0.125,0.125,0.125,0.125,0.125,0.125
163,163.0,164.5,0.125,0.125,0.125,0.125,0.125,0.125,0.125,0.125
164,164.0,165.5,0.125,0.125,0.125,0.125,0.125,0.125,0.125,0.125
165,165.0,166.5,0.125,0.125,0.125,0.125,0.125,0.125,0.125,0.125
166,166.0,167.7,0.125,0.125,0.125,0.125,0.125,0.125,0.125,0.125
167,167.0,168.7,0.125,0.125,0.125,0.125,0.125,0.125,0.125,0.125
168,168.0,169.7,0.125,0.125,0.125,0.125,0.125,0.125,0.125,0.125
169,169.0,170.7,0.125,0.125,0.125,0.125,0.125,0.125,0.125,0.125
170,170.0,171.7,0.125,0.125,0.125,0.125,0.125,0.125,0.125,0.125
171,171.0,172.7,0.125,0.125,0.125,0.125,0.125,0.125,0.125,0.125
172,172.0,173.8,0.125,0.125,0.125,0.125,0.125,0.125,0.125,0.125
173,173.0,174.8,0.125,0.125,0.125,0.125,0.125,0.125,0.125,0.125
174,174.0,175.9,0.125,0.125,0.125,0.125,0.125,0.125,0.125,0.125
175,175.0,176.9,0.125,0.125,0.125,0.125,0.125,0.125,0.125,0.125
176,176.0,177.9,0.125,0.125,0.125,0.125,0.125,0.125,0.125,0.125
177,177.0,178.9,0.125,0.125,0.125,0.125,0.125,0.125,0.125,0.125
178,178.0,179.9,0.125,0.125,0.125,0.125,0.125,0.125,0.125,0.125
179,179.0,180.9,0.125,0.125,0.125,0.125,0.125,0.125,0.125,0.125
180,180.0,181.9,0.125,0.125,0.125,0.125,0.125,0.125,0.125,0.125
181,181.0,182.9,0.125,0.125,0.125,0.125,0.125,0.125,0.125,0.125
182,182.0,184.0,0.125,0.125,0.125,0.125,0.125,0.125,0.125,0.125
183,183.0,185.0,0.125,0.125,0.125,0.125,0.125,0.125,0.125,0.125
184,184.0,186.1,0.125,0.125,0.125,0.125,0.125,0.125,0.125,0.125
185,185.0,187.1,0.125,0.125,0.125,0.125,0.125,0.125,0.125,0.125
186,186.0,188.1,0.125,0.125,0.125,0.125,0.125,0.125,0.125,0.125
187,187.0,189.1,0.125,0.125,0.125,0.125,0.125,0.125,0.125,0.125
188,188.0,190.1,0.125,0.125,0.125,0.125,0.125,0.125,0.125,0.125
189,189.0,191.1,0.125,0.125,0.125,0.125,0.125,0.125,0.125,0.125
190,190.0,192.1,0.125,0.125,0.125,0.125,0.125,0.125,0.125,0.125
191,191.0,193.1,0.125,0.125,0.125,0.125,0.125,0.125,0.125,0.125
192,192.0,194.1,0.125,0.125,0.125,0.125,0.125,0.125,0.125,0.125
193,193.0,195.2,0.125,0.125,0.125,0.125,0.125,0.125,0.125,0.125
194,194.0,196.2,0.125,0.125,0.125,0.125,0.125,0.125,0.125,0.125
195,195.0,197.2,0.125,0.125,0.125,0.125,0.125,0.125,0.125,0.125
196,196.0,198.2,0.125,0.125,0.125,0.125,0.125,0.125,0.125,0.125
197,197.0,199.2,0.125,0.125,0.125,0.125,0.125,0.125,0.125,0.125
198,198.0,200.3,0.12222222222222223,0.13333333333333336,0.13333333333333333,0.12222222222222223,0.12222222222222223,0.12222222222222223,0.12222222222222223,0.12222222222222223
199,199.0,201.3,0.12083333333333332,0.14305555555555555,0.13194444444444445,0.12083333333333332,0.12083333333333332,0.12083333333333332,0.12083333333333332,0.12083333333333332
200,200.0,202.3,0.11846491228070175,0.13846491228070174,0.12957602339181287,0.12957602339181284,0.11846491228070175,0.11846491228070175,0.11846491228070175,0.12852339181286548
201,201.0,203.3,0.11631313131313133,0.1435858585858586,0.1284659090909091,0.12742424242424244,0.11631313131313133,0.11631313131313133,0.11631313131313133,0.13527146464646464
202,202.0,204.4,0.11416666666666668,0.14750000000000002,0.12631944444444443,0.12527777777777777,0.11416666666666668,0.12527777777777777,0.11416666666666668,0.133125
203,203.0,205.4,0.11213675213675214,0.14290598290598291,0.14309294871794873,0.12324786324786326,0.11213675213675214,0.12324786324786323,0.11213675213675214,0.13109508547008547
204,204.0,206.4,0.11024812906391854,0.1410173598331493,0.13905154786733737,0.13030660859608229,0.11130076064286591,0.12135924017502964,0.11024812906391854,0.13646822475769843
205,205.0,207.4,0.11885924017502965,0.13082505214084164,0.1431327444485339,0.12780660859608228,0.12991187175397703,0.10774812906391854,0.10774812906391854,0.13396822475769846
206,206.0,208.4,0.11740069871648817,0.13486101617680563,0.16092086276296802,0.1152369560264297,0.12754423938634465,0.10628958760537706,0.10628958760537706,0.1314570517202096
207,207.0,209.4,0.11270202020202018,0.13936868686868686,0.1629671717171717,0.11166035353535353,0.12394570707070704,0.11270202020202018,0.11103535353535351,0.12561868686868685
208,208.0,210.4,0.11103535353535351,0.13679292929292927,0.16720959595959592,0.10999368686868685,0.12152146464646463,0.11103535353535351,0.11845959595959595,0.12395202020202019
209,209.0,211.4,0.11103535353535351,0.1479040404040404,0.16720959595959592,0.10999368686868685,0.11041035353535351,0.11103535353535351,0.11845959595959595,0.12395202020202019
210,210.0,212.4,0.10992424242424241,0.1490151515151515,0.17609848484848484,0.09888257575757574,0.10929924242424241,0.10992424242424241,0.1240151515151515,0.12284090909090908
211,211.0,213.4,0.1076262626262626,0.1467171717171717,0.18309343434343434,0.09658459595959594,0.1160921717171717,0.1076262626262626,0.1217171717171717,0.12054292929292927
212,212.0,214.4,0.1076262626262626,0.15580808080808078,0.18309343434343434,0.09658459595959594,0.1160921717171717,0.1076262626262626,0.11262626262626263,0.12054292929292927
213,213.0,215.4,0.11704184704184703,0.14145743145743145,0.18484668109668106,0.09690927128427126,0.1255077561327561,0.10795093795093795,0.10509379509379509,0.12119227994227992
214,214.0,216.4,0.1146969696969697,0.14545454545454545,0.1792045454545454,0.1012310606060606,0.12316287878787877,0.11560606060606057,0.10227272727272725,0.11837121212121211
215,215.0,217.4,0.1146969696969697,0.14545454545454545,0.1792045454545454,0.1012310606060606,0.12316287878787877,0.11560606060606057,0.10227272727272725,0.11837121212121211
216,216.0,218.4,0.11519397269397269,0.14705044955044952,0.17716533466533463,0.10723859473859473,0.1157251082251082,0.11610306360306358,0.10167082917082915,0.11985264735264733
217,217.0,219.5,0.11386821511821513,0.14530802530802528,0.17394563769563767,0.11132950382950382,0.11439935064935063,0.12311063936063935,0.09992840492840491,0.1181102231102231
218,218.0,220.5,0.10047026502908854,0.14801928463693168,0.177729476405947,0.10758618832148241,0.11100140056022408,0.136352617970265,0.1052537168713639,0.11358705020469724
219,219.0,221.5,0.09917337351480571,0.1454403418405976,0.17879710443009672,0.10695421160254918,0.10134728655828398,0.13496552680056514,0.10396876993424306,0.12935338531885845
220,220.0,222.5,0.09904480876492258,0.14531177709071447,0.17861010115753945,0.10684902226173572,0.10119534639933118,0.13590054316335148,0.10385189288889476,0.12923650827351016
221,221.0,223.5,0.09796043562172592,0.15223393989523024,0.1844478908188585,0.1047842569616763,0.10566652881169007,0.12464088778604905,0.10244072236007717,0.12782533774469257
222,222.0,224.5,0.10702636968766,0.1578200204813108,0.18399001536098306,0.10487583205325139,0.10520865335381462,0.12473246287762414,0.09483998975934457,0.12150665642601126
223,223.0,225.5,0.10638534404663436,0.16230719996849027,0.18334898971995742,0.10979036196778129,0.10456762771278898,0.11575810390326517,0.0969767418960967,0.12086563078498562
224,224.0,226.5,0.10574431840560869,0.15452331718460752,0.18014386151482922,0.10914933632675565,0.11106945921462048,0.12280938595454723,0.09633571625507106,0.12022460514395997
225,225.0,227.5,0.08948779714908746,0.16402437168566197,0.18764913402010172,0.10955948173690107,0.11147960462476589,0.11981293795809922,0.09674586166521648,0.12124081116016598
226,226.0,228.5,0.08770458036587066,0.16663675929804958,0.19077933715030487,0.10777626495368428,0.10969638784154909,0.12374400688916816,0.09496264488199968,0.11870001861937343
227,227.0,229.5,0.0858893123006026,0.16406391547520577,0.20829099216195987,0.10596099688841623,0.10788111977628104,0.12003771318287444,0.09250635117570598,0.11536959903895386
228,228.0,230.5,0.08418619515630898,0.18130921102932487,0.19082259454650347,0.10078565752190038,0.11312244707643186,0.13150075994003885,0.0908032340314124,0.10746990069807905
229,229.0,231.5,0.08263370673254392,0.17734808473180566,0.1991237896470454,0.09789533463952067,0.11912595479455942,0.12942946588295423,0.08861377317772663,0.10582989039384386
230,230.0,232.5,0.08234130907172521,0.18330568707098693,0.19082700602131447,0.09760293697870195,0.1188335571337407,0.1332306354735975,0.08832137551690793,0.10553749273302515
231,231.0,233.5,0.07906551022317095,0.18610014966034116,0.209035446617526,0.09322419695367709,0.11923045813435688,0.12779520961634502,0.08456938619216318,0.10097964260241961
232,232.0,234.5,0.0782777761454232,0.18754962357903532,0.21141135008782067,0.09793086815145638,0.11748969168086816,0.12339448949743066,0.08376797222385454,0.10017822863411097
233,233.0,235.5,0.08352950970598025,0.1788002846826376,0.20742097771509535,0.09603974456915629,0.12074562692209749,0.1316332360450007,0.08354351530822116,0.09828710505181089
234,234.0,236.5,0.0830050838618613,0.18337389805420493,0.2093365529043278,0.0899597631694818,0.11924080892111581,0.13430212441721393,0.08301908946410222,0.09776267920769195
235,235.0,237.5,0.08410597572362273,0.1928081232492997,0.20367880485527542,0.08336834733893553,0.11264939309056954,0.13848272642390289,0.08411998132586362,0.1007866479925303
236,236.0,238.5,0.09044114055878756,0.19436737772031887,0.20778136895783952,0.08138418444300792,0.11184170078287722,0.13495281189398836,0.08053451124039354,0.09869690440278671
237,237.0,239.5,0.08775580685464401,0.19185141408978618,0.2192138384870943,0.0797196311440497,0.11563694380554843,0.13112839679700142,0.07881523837919183,0.09587873044268387
238,238.0,240.5,0.09387366560408172,0.19856531422473894,0.22162049615690985,0.07814518220117972,0.11289290421940357,0.12399839229857587,0.07724078943632184,0.09366325585878824
239,239.0,241.5,0.0914858584794325,0.20776609395183443,0.2229154000833927,0.07657608852682289,0.11103141288422802,0.12158209514543661,0.07596409342278372,0.09267895750606885
240,240.0,242.5,0.09008791918675638,0.2092628915012636,0.2283957676690235,0.0749149913394099,0.10805452622313086,0.12412595479455943,0.07456615413010759,0.09059179515574863
241,241.0,243.5,0.08952733569112876,0.21571781188160494,0.22970595974906322,0.07421598037977346,0.10659693276072582,0.1226355206096585,0.07159693276072583,0.09000352616731924
242,242.0,244.5,0.08258880008880007,0.21683122433122431,0.23153291153291153,0.07394411144411142,0.10545926295926293,0.12858696858696855,0.0713250638250638,0.08973165723165721
243,243.0,245.5,0.0828099605380553,0.23642293318706914,0.2358113347840778,0.07442842978810349,0.09488990957452606,0.12773488140100672,0.07154622427431903,0.07635632645284227
244,244.0,246.6,0.0827419922206887,0.24134093909176432,0.23273062580559595,0.07364772039655003,0.09816249777230694,0.13384616121866202,0.07079420105603007,0.06673586243840166
245,245.0,247.6,0.08223062858432509,0.2408295754554007,0.23403744398741413,0.07313635676018641,0.09765113413594333,0.13560752485502564,0.07028283741966643,0.06622449880203804
246,246.0,248.7,0.07344198362075752,0.2559181234742893,0.23716272934876764,0.07297344279077089,0.09652915583904245,0.13422580518151034,0.06427197023387665,0.0654767895109851
247,247.0,249.7,0.08062440800751625,0.2529413035965406,0.2353459475753295,0.06986346951671092,0.09309619561041657,0.13573796416116155,0.06943909997376181,0.06295161155856256
248,248.0,250.7,0.07957921080132835,0.2529584845579941,0.23818921083654937,0.06855511441578618,0.09148119783442807,0.13341014864449158,0.06865706066231073,0.06716957224711148
249,249.0,251.7,0.07923668782722644,0.25261596158389216,0.24718351031072502,0.06821259144168426,0.09113867486032615,0.12647098701492748,0.06831453768820882,0.06682704927300957
250,250.0,252.7,0.0737025402342553,0.25317113860965745,0.24779336386175504,0.06767844384871313,0.08974862935263359,0.13383259231770925,0.0677803900952377,0.06629290168003846
251,251.0,253.8,0.07270527590775003,0.2578475920461194,0.24782602825760938,0.06620498904601736,0.08802065895059465,0.13555478790773873,0.06678312576873241,0.06505754211543792
252,252.0,254.8,0.07200623610374064,0.2624342182326441,0.24837600059764253,0.06550594924200799,0.08686184903164272,0.13437315851617018,0.06608408596472302,0.06435850231142853
253,253.0,255.9,0.07144873360115807,0.26450829467743,0.25530852904046847,0.0649484467394254,0.08601194886824141,0.1284464638022901,0.06552658346214044,0.06380099980884596
254,254.0,256.9,0.07120347161676563,0.2642630326930375,0.2551022860081385,0.06470318475503298,0.085766686883849,0.1301242787409746,0.06528132147774802,0.06355573782445353
255,255.0,257.9,0.07215798052249404,0.2489671253483497,0.2623217251056264,0.06522479322786098,0.08650474557312722,0.13798631101764106,0.06254352269116875,0.06429379651373174
256,256.0,258.9,0.07206763102948692,0.25207848862873716,0.261840478001349,0.06513444373485384,0.0912474464479752,0.13097489193871156,0.06245317319816163,0.06420344702072461
257,257.0,259.9,0.06017510094184979,0.270252393575257,0.25472997789444257,0.0650993433660922,0.09330242683233358,0.12874061378138343,0.05985458812133697,0.06784555548730434
258,258.0,260.9,0.05986944950760738,0.2720518151439204,0.2530390053416369,0.06046468760284547,0.09847638350927823,0.1289358180805549,0.06416839130654917,0.06299444950760738
259,259.0,261.9,0.059762616769195684,0.26818305232778916,0.25828691045796304,0.060141404647983565,0.09983438710412391,0.12719117870433658,0.06371283321941215,0.0628876167691957
260,260.0,262.9,0.05951667913195371,0.26714660085655506,0.2585635902998603,0.05969783855224355,0.0993908210083839,0.12977352389537744,0.06326926712367213,0.0626416791319537
261,261.0,263.9,0.06024461062075474,0.27357846609276815,0.254318813337692,0.06024461062075474,0.09993759307689509,0.12449025643819693,0.06381603919218333,0.06336961062075475
262,262.0,264.9,0.06024461062075474,0.27357846609276815,0.2564927263811703,0.06024461062075474,0.09993759307689509,0.12231634339471868,0.06381603919218333,0.06336961062075475
263,263.0,265.9,0.060229990737713845,0.26532240928407974,0.2729463604663834,0.06011094311866623,0.09840041680287673,0.12238108859104282,0.058682371690094784,0.0619264193091424
264,264.0,266.9,0.06178999403233536,0.2736675014490707,0.2746510917782311,0.06032285788210061,0.09350072626197048,0.11505532879453173,0.05891440717787526,0.06209809262388466
265,265.0,267.9,0.06303864448980805,0.27211300620695683,0.274685521052156,0.061571508339573325,0.0891938211638876,0.11588769803091285,0.060163057635347975,0.06334674308135735
266,266.0,268.9,0.06234484974984,0.26756752199017864,0.2679447566625809,0.060877713599605275,0.09323686852918274,0.11479496712073207,0.059469262895379925,0.07376405945250042
267,267.0,269.9,0.06234835600907027,0.2660856009070295,0.26992913832199544,0.06080073696145123,0.09330073696145122,0.11586451247165533,0.05794359410430836,0.07372732426303853
268,268.0,270.9,0.06203904700605063,0.26554746579837446,0.27254962931712134,0.06057191085581588,0.09293106578539334,0.11514761508116803,0.05775500944736518,0.07345825670871103
269,269.0,272.0,0.061725207972984086,0.2644686599126925,0.28051146940120253,0.06025807182274934,0.08761722675232682,0.11483377604810148,0.05744117041429864,0.07314441767564449
270,270.0,273.0,0.06136735310855026,0.2634897922890881,0.28363746621140984,0.05990021695831553,0.08725937188789298,0.11447592118366767,0.05708331554986483,0.07278656281121068
271,271.0,274.0,0.06283800186741359,0.23863632119514472,0.29379598506069093,0.061290382819794556,0.10716339869281044,0.11786181139122313,0.058433239962651706,0.05998085901027075
272,272.0,275.0,0.0624983023512435,0.24016064001358117,0.2948792547321959,0.06095068330362445,0.10660724896019011,0.11716917069858242,0.05809354044648159,0.05964115949410065
273,273.0,276.0,0.06244334168247208,0.24256254614950268,0.29834410758323804,0.06089572263485303,0.10135465983292066,0.11677484351397391,0.05803857977771019,0.05958619882532923
274,274.0,277.0,0.06147700378217191,0.25091366093622036,0.2962987398508317,0.05992938473455287,0.10020716251233064,0.11548194538145315,0.05707224187741,0.05861986092502906
275,275.0,278.0,0.061189780005569426,0.2550118351434141,0.29423837371205785,0.0707532720690615,0.08880882762461706,0.11488025619604565,0.056785018100807536,0.05833263714842658
276,276.0,279.0,0.061028932096096236,0.255783510850675,0.2977941618911768,0.07033656062014268,0.0879589249887757,0.11430621451516973,0.05624037488216589,0.05655132015579774
277,277.0,280.0,0.06795723908322675,0.2593188186801005,0.29884266730732933,0.06684820094060653,0.08821282305149729,0.10883860859168144,0.05275201520262975,0.05722962714292825
278,278.0,281.0,0.06921502232365136,0.25710320125655295,0.3012562267427116,0.06661344686759829,0.08797806897848906,0.10832189963145514,0.05251726112962152,0.056994873069920016
279,279.0,282.0,0.06805132956188682,0.25317894928812473,0.29977290776828236,0.06058864299472264,0.10170799649717344,0.10705599316511591,0.053445353357714984,0.05619882736697901
280,280.0,283.1,0.0663419234537781,0.25052575712689296,0.3005803860263879,0.0618643115134796,0.10135885257022244,0.1065761202792653,0.05677069045767047,0.05598195857230313
281,281.0,284.1,0.0663730399607747,0.25280930944333274,0.3034183377270997,0.061895428020476206,0.09015570525674835,0.10157358773342043,0.05665040566773687,0.06712418619041084
282,282.0,285.1,0.06661942189980057,0.2406841304732282,0.30670921225460274,0.062141809959502047,0.08938134756558928,0.10445663410300825,0.05675452267365548,0.07325292107061318
283,283.0,286.2,0.06656403233947139,0.23845956577561003,0.30813446733141214,0.06208642039917287,0.09357300628693836,0.1024819026652618,0.05619751813629372,0.07250308706583955
284,284.0,287.2,0.06501888663366573,0.23601518893330042,0.3175381169275992,0.06054127469336723,0.09115782336028903,0.1042448037513739,0.05452596434037031,0.0709579413600339
285,285.0,288.2,0.06758021482752603,0.23809265374701064,0.3166342908526293,0.05939889918352383,0.08957614722732148,0.10281951058728933,0.053631737332351895,0.07226654624234737
286,286.0,289.2,0.06579961704961701,0.2383863358863359,0.317292291042291,0.05761280386280383,0.09130244755244751,0.09789973914973911,0.05201062826062823,0.07969613719613718
287,287.0,290.2,0.0650283415414994,0.24085474467053417,0.3065570029385819,0.05691145842461629,0.09075363963521854,0.09893601281759172,0.06167161055318948,0.07928718941876833
288,288.0,291.2,0.06471578436123245,0.24025490500603874,0.3088937890777323,0.05666674384950536,0.09037323984979556,0.09860084143560609,0.0614947385832346,0.07899995783685469
289,289.0,292.2,0.060134453402275446,0.23726035612833524,0.3119087273957168,0.06474775055288604,0.08936333746226714,0.09624478520192382,0.06420953255198147,0.07613105730461385
290,290.0,293.2,0.060110414940736975,0.2402666206970998,0.31226930431879374,0.06472371209134756,0.08630899597042564,0.09602843904807766,0.06418549409044301,0.07610701884307537
291,291.0,294.2,0.06213473049446431,0.248782940978126,0.30911102468992585,0.07941036530741255,0.07920632739716882,0.09174905829810867,0.06612068308445554,0.06348486975033804
292,292.0,295.2,0.0613600513642101,0.2535116734689305,0.308002561209206,0.08059647049088384,0.07843164826691462,0.09016464992528941,0.06526197034075595,0.06267097493380933
293,293.0,296.2,0.06233643093145885,0.27067446450122845,0.3005707331496343,0.081535142667484,0.07940802783416337,0.09089036179235335,0.050975192013267855,0.06360964711040952
294,294.0,297.2,0.06769789317810081,0.26607352073283286,0.3015363592586175,0.06657192958945066,0.09003264797554215,0.0913444789499299,0.051599812154646665,0.06514335816087923
295,295.0,298.2,0.06671101850701561,0.2561104547171352,0.298700266948841,0.07841199406109406,0.09041939967808335,0.09495681019384011,0.050533572404196384,0.06415648348979401
296,296.0,299.2,0.06589297193921728,0.25821640900779663,0.2995672566291375,0.0777282818778784,0.0900775435864755,0.0945474777189664,0.05019171631258854,0.06377834292793945
297,297.0,300.2,0.06528606185322598,0.25324165398792264,0.3063426227605332,0.07701135611583368,0.0894706335004842,0.09329874568680535,0.05221243385422486,0.0631364922409698
298,298.0,301.2,0.0623387993062956,0.25014721120034533,0.3111548356611241,0.07521850426450191,0.09290515699129735,0.09490784047882209,0.05129848666027377,0.062029165437339696
299,299.0,302.2,0.06370812637984802,0.25012764938500887,0.3100593740022822,0.07519894244916542,0.09288559517596087,0.09473178414079392,0.05127892484493729,0.06200960362200323
300,300.0,303.2,0.05894622161794326,0.25232545158281106,0.31262347656638473,0.07519894244916542,0.09288559517596087,0.09473178414079392,0.05127892484493729,0.06200960362200323
301,301.0,304.2,0.058480853652575306,0.2524786755518245,0.3125477189906271,0.07924656149678447,0.09263667742704314,0.09448286639187617,0.048398428148651126,0.061728218340617945
302,302.0,305.2,0.058016216664396734,0.2545395777577065,0.31280148760549725,0.07857199360449615,0.09238869477255285,0.09408267673586382,0.04815044549416085,0.06144890736532567
303,303.0,306.2,0.05915405979861012,0.24913169465472357,0.3153279481718852,0.07348675619620973,0.09808494246517079,0.09296980761936494,0.04928828862837421,0.06255650246566123
304,304.0,307.2,0.058646510327696647,0.24766323576985694,0.3202398758913431,0.07308858418709921,0.09702794244480675,0.0926008582870516,0.048713262774194896,0.06201973031795057
305,305.0,308.2,0.05848303542068919,0.247949063009297,0.32119774534386025,0.07282573693718684,0.0968644675377993,0.09236625962470987,0.04848568530308488,0.06182800682337249
306,306.0,309.2,0.058548583560407666,0.24573951605884642,0.3199518180737427,0.0730178088263799,0.0975454002929024,0.09484038279595422,0.04849025783304725,0.06186623255871938
307,307.0,310.2,0.0583947374065615,0.2445087468280772,0.3197979719198965,0.07271011651868758,0.09677616952367163,0.09776345971903114,0.048336411679201094,0.06171238640487322
308,308.0,311.2,0.058215263939416804,0.2494933621200764,0.31995170837500286,0.07240670457144002,0.09604540714907363,0.09659970376075462,0.04573642548415978,0.06155142460007581
309,309.0,312.2,0.059753451425173076,0.24822280276963596,0.3231256955949195,0.06951013126035424,0.07847661526698099,0.10040278662758591,0.04687855231298582,0.07362996474236436
310,310.0,313.2,0.05966299272027129,0.25626727441386277,0.32335102636370194,0.05943721641510158,0.08072928181707714,0.10018952090514024,0.04680563746773316,0.07355704989711169
311,311.0,314.2,0.05881992411459659,0.26868110700015757,0.31844986169820555,0.05871302423546465,0.0762619305173523,0.09946532872550332,0.048740346639836236,0.07086847706888359
312,312.0,315.2,0.060581778550613974,0.25847541661647727,0.3240206972929772,0.06039045073490122,0.0708475109349904,0.10261895305088305,0.05044421417576145,0.07262097864339524
313,313.0,316.2,0.06107295404178946,0.25694361508467567,0.3290656523379323,0.05961622496067546,0.07007328516076464,0.10171152714345713,0.04966998840153568,0.07184675286916947
314,314.0,317.2,0.05973096269979812,0.2609262990673597,0.33226911554139543,0.05827423361868411,0.07056064726102997,0.09897308279210956,0.04854444727599454,0.07072121174362833
315,315.0,318.2,0.059837636193568376,0.2584941434093976,0.33641231403943267,0.058487580606224644,0.06733484080941705,0.09998008057330088,0.04865112076976479,0.07080228359889373
316,316.0,319.2,0.05971583993579936,0.258814785167505,0.33693750836140735,0.058373439755636344,0.0671723907800848,0.09973611174478336,0.048561781506478094,0.07068814274830544
317,317.0,320.3,0.0596918014742609,0.2504333749110947,0.34926300693690593,0.05832536283255942,0.06712431385700787,0.10507524020891182,0.04853774304493962,0.06154915673431942
318,318.0,321.3,0.05820325520702572,0.2442037311482504,0.3559825941256052,0.058698987664783486,0.06667372808633241,0.10781948741819462,0.04906695303274885,0.059351263317059144
319,319.0,322.3,0.057685344616841716,0.24107132602658,0.35602944586688745,0.05330505097123671,0.06570209322888058,0.10612132952027387,0.05669757112906824,0.06338783864023127
320,320.0,323.3,0.05684892034922782,0.2427223912319326,0.3459202440152946,0.04999128933676246,0.06509103429710902,0.11340030077019916,0.06422306626504039,0.06180275373443374
321,321.0,324.3,0.05418128796504392,0.24448295426152536,0.35069962109140695,0.04982285290976217,0.06267153527589617,0.11257104492712297,0.06407594271101538,0.06149476085822696
322,322.0,325.3,0.053020483947900224,0.2466941740048718,0.34894661317621223,0.056420573476480364,0.06891948861476833,0.11090174515785534,0.05476296478082819,0.06033395684108326
323,323.0,326.4,0.056493640287978,0.24721532633035898,0.3496067161979744,0.05598298101372963,0.07049838378562336,0.10738210395347021,0.05443289919979789,0.05838794923106744
324,324.0,327.4,0.056035630334097475,0.2481126325900508,0.3508753470137348,0.05574053881820813,0.0698612668467554,0.10674111240712292,0.05452030072297004,0.0581131712670601
325,325.0,328.4,0.055795699092031505,0.24999848037604094,0.3516288175311996,0.055405910606445195,0.07173856169519385,0.10338644807491078,0.05417284259918363,0.05787324002499413
326,326.0,329.4,0.05634759817334235,0.2523329106516477,0.34623323272385015,0.05650970876906689,0.0720230810973603,0.10340358779793284,0.05472474168049448,0.058425139106304966
327,327.0,330.4,0.05644182296374317,0.25323410130663615,0.3506714843622065,0.0574615733877728,0.08125760508568211,0.08678013442225317,0.054847652644159785,0.059305625827546025
328,328.0,331.4,0.05634281775302631,0.2534689635988743,0.3511077367327831,0.05734917151404292,0.0811296226754529,0.08659039726658443,0.05477665863792471,0.05923463182131097
329,329.0,332.4,0.05687694249530688,0.24980399801059766,0.35143342475049794,0.057575603948631184,0.0808082939962423,0.08692435658289313,0.05511061795423341,0.06146676226159723
330,330.0,333.4,0.05691956910932818,0.2526493274913636,0.3531340210039879,0.054677054092064234,0.08126119428310843,0.08483739749166458,0.05504571768653428,0.0614757188419485
331,331.0,334.4,0.05431817050792957,0.2505514253934615,0.35853262240258926,0.056075655490665635,0.07356888659080076,0.08623599889026598,0.04875201139282798,0.07196522933145899
332,332.0,335.5,0.054010478200237265,0.252137963855,0.36130185317182006,0.05592180933681947,0.0734150404369546,0.08295715273641983,0.04859816523898182,0.07165753702376668
333,333.0,336.5,0.05394603443854288,0.2522150223463807,0.3634889483656288,0.05587076223813812,0.07302673096296738,0.08141417685041326,0.04850571027280564,0.07153261452512297
334,334.0,337.5,0.05532134731313839,0.2521923214700213,0.36135362245212915,0.05677193423687109,0.0732301072136894,0.08172902290899978,0.04646570580095037,0.07293593860420026
335,335.0,338.5,0.05158799994914807,0.25193138883220767,0.36341251362935134,0.05691210050015637,0.07337027347697468,0.08178710982891982,0.04660587206423565,0.07439274171900612
336,336.0,339.5,0.04857539892680355,0.25226263495071166,0.36969935815423605,0.056867406769036274,0.07006844497343967,0.08166222363589114,0.046561178333115565,0.07430335425676592
337,337.0,340.5,0.04938058528878504,0.2540444450945908,0.3706698967434359,0.060729019463306166,0.08125626087626572,0.07974136660245802,0.047392487997082434,0.05678593793407577
338,338.0,341.6,0.04938058528878504,0.2540444450945908,0.3706698967434359,0.06248340542821845,0.08125626087626572,0.07974136660245802,0.047392487997082434,0.055031551969163484
339,339.0,342.6,0.04935033725490724,0.25437717346724653,0.37057915264180247,0.06242290936046285,0.08119576480851012,0.07971111856858022,0.047362239963204635,0.055001303935285684
340,340.0,343.6,0.049217849388637956,0.25328718313850695,0.370149872200833,0.062235075515411006,0.08100793096345826,0.08218515572262908,0.04720362879494998,0.05471330427557356
341,341.0,344.7,0.04936440028862978,0.25365426144494385,0.3707045804857098,0.06250747338164728,0.07866173657575866,0.0828975129528031,0.047350179694941805,0.054859855175565395
342,342.0,345.7,0.04942949769583978,0.25479515613541276,0.37281298669593077,0.062404200484180605,0.07837697149941228,0.08319903938818451,0.044189470650538895,0.05479267745050026
343,343.0,346.7,0.04930634498648016,0.25356362904181673,0.37515288817376335,0.062281047774821,0.07825381879005266,0.08282958126010569,0.04406631794117929,0.054546372031781046
344,344.0,347.7,0.052806284307920504,0.2681205888726102,0.34598833060592604,0.0580345888021957,0.07169966750973505,0.0878191071884083,0.04751216666086168,0.0680192660523424
345,345.0,348.7,0.05193051914227124,0.27393592147150186,0.34218092139739525,0.05726054883279245,0.07112724044355762,0.08720472170591512,0.04666376127633416,0.06969636573023207
346,346.0,349.7,0.04884978619895347,0.2809728302651582,0.35632612077582226,0.05788464877530972,0.06292781097431019,0.07539263825215349,0.04655093562424083,0.07109522913405159
347,347.0,350.7,0.048702655193547814,0.2811434390317177,0.35841586902314104,0.05775295763129464,0.06277599910594903,0.07385717726686856,0.04640380461883518,0.07094809812864593
348,348.0,351.7,0.05891895111027475,0.2707784914792701,0.3571943283511693,0.05770488070821771,0.0627279221828721,0.0738331388053301,0.04791822769575825,0.07092405966710745
349,349.0,352.7,0.05908917391676007,0.2710991339439615,0.35762578417750834,0.058136757878137144,0.060156462311634684,0.07464464654119823,0.04812763545522162,0.07112040577557814
350,350.0,353.7,0.0580140679559509,0.2789442550504154,0.3568060408316123,0.056985013780829305,0.05888977568559123,0.07319917673269083,0.04709083388664941,0.07007083607626027
351,351.0,354.7,0.05845826521216152,0.2761224365689751,0.35880834792179483,0.05761798045161579,0.05941521547465728,0.07412794532330594,0.04753503114286003,0.06791477790462926
352,352.0,355.8,0.05822518362827348,0.27650699451401695,0.360823943586584,0.05728409241611486,0.05898052098754344,0.07332789412002892,0.047301949558972,0.0675494211884661
353,353.0,356.8,0.05737291090100075,0.2830410854231079,0.35997167085931125,0.05633712271914516,0.053938854320876764,0.07619153048366528,0.046449676831699274,0.06669714846119336
354,354.0,357.8,0.05749455717500962,0.28812695102006314,0.35926013392308775,0.056690305377052996,0.0524536760468846,0.07769414872688142,0.04503286156724658,0.06324736616377366
