Total_iterations,Unnamed: 0.1,Intertwine_two,Add_vertex,Delete_vertex,Invert_path_vertices,Insert_inside_vertex,Delete_inside_vertex,Replace_inside_vertex,Donate_between_routes
0,0.0,0.125,0.125,0.125,0.125,0.125,0.125,0.125,0.125
1,1.0,0.125,0.125,0.125,0.125,0.125,0.125,0.125,0.125
2,2.0,0.125,0.125,0.125,0.125,0.125,0.125,0.125,0.125
3,3.0,0.125,0.125,0.125,0.125,0.125,0.125,0.125,0.125
4,4.0,0.125,0.125,0.125,0.125,0.125,0.125,0.125,0.125
5,5.0,0.125,0.125,0.125,0.125,0.125,0.125,0.125,0.125
6,6.0,0.125,0.125,0.125,0.125,0.125,0.125,0.125,0.125
7,7.0,0.125,0.125,0.125,0.125,0.125,0.125,0.125,0.125
8,8.0,0.125,0.125,0.125,0.125,0.125,0.125,0.125,0.125
9,9.0,0.125,0.125,0.125,0.125,0.125,0.125,0.125,0.125
10,10.0,0.125,0.125,0.125,0.125,0.125,0.125,0.125,0.125
11,11.0,0.125,0.125,0.125,0.125,0.125,0.125,0.125,0.125
12,12.0,0.125,0.125,0.125,0.125,0.125,0.125,0.125,0.125
13,13.0,0.125,0.125,0.125,0.125,0.125,0.125,0.125,0.125
14,14.0,0.125,0.125,0.125,0.125,0.125,0.125,0.125,0.125
15,15.0,0.125,0.125,0.125,0.125,0.125,0.125,0.125,0.125
16,16.0,0.125,0.125,0.125,0.125,0.125,0.125,0.125,0.125
17,17.0,0.125,0.125,0.125,0.125,0.125,0.125,0.125,0.125
18,18.0,0.125,0.125,0.125,0.125,0.125,0.125,0.125,0.125
19,19.0,0.125,0.125,0.125,0.125,0.125,0.125,0.125,0.125
20,20.0,0.125,0.125,0.125,0.125,0.125,0.125,0.125,0.125
21,21.0,0.125,0.125,0.125,0.125,0.125,0.125,0.125,0.125
22,22.0,0.125,0.125,0.125,0.125,0.125,0.125,0.125,0.125
23,23.0,0.125,0.125,0.125,0.125,0.125,0.125,0.125,0.125
24,24.0,0.125,0.125,0.125,0.125,0.125,0.125,0.125,0.125
25,25.0,0.125,0.125,0.125,0.125,0.125,0.125,0.125,0.125
26,26.0,0.125,0.125,0.125,0.125,0.125,0.125,0.125,0.125
27,27.0,0.125,0.125,0.125,0.125,0.125,0.125,0.125,0.125
28,28.0,0.125,0.125,0.125,0.125,0.125,0.125,0.125,0.125
29,29.0,0.125,0.125,0.125,0.125,0.125,0.125,0.125,0.125
30,30.0,0.125,0.125,0.125,0.125,0.125,0.125,0.125,0.125
31,31.0,0.125,0.125,0.125,0.125,0.125,0.125,0.125,0.125
32,32.0,0.125,0.125,0.125,0.125,0.125,0.125,0.125,0.125
33,33.0,0.125,0.125,0.125,0.125,0.125,0.125,0.125,0.125
34,34.0,0.125,0.125,0.125,0.125,0.125,0.125,0.125,0.125
35,35.0,0.125,0.125,0.125,0.125,0.125,0.125,0.125,0.125
36,36.0,0.125,0.125,0.125,0.125,0.125,0.125,0.125,0.125
37,37.0,0.125,0.125,0.125,0.125,0.125,0.125,0.125,0.125
38,38.0,0.125,0.125,0.125,0.125,0.125,0.125,0.125,0.125
39,39.0,0.125,0.125,0.125,0.125,0.125,0.125,0.125,0.125
40,40.0,0.125,0.125,0.125,0.125,0.125,0.125,0.125,0.125
41,41.0,0.125,0.125,0.125,0.125,0.125,0.125,0.125,0.125
42,42.0,0.125,0.125,0.125,0.125,0.125,0.125,0.125,0.125
43,43.0,0.125,0.125,0.125,0.125,0.125,0.125,0.125,0.125
44,44.0,0.125,0.125,0.125,0.125,0.125,0.125,0.125,0.125
45,45.0,0.125,0.125,0.125,0.125,0.125,0.125,0.125,0.125
46,46.0,0.125,0.125,0.125,0.125,0.125,0.125,0.125,0.125
47,47.0,0.125,0.125,0.125,0.125,0.125,0.125,0.125,0.125
48,48.0,0.125,0.125,0.125,0.125,0.125,0.125,0.125,0.125
49,49.0,0.125,0.125,0.125,0.125,0.125,0.125,0.125,0.125
50,50.0,0.125,0.125,0.125,0.125,0.125,0.125,0.125,0.125
51,51.0,0.125,0.125,0.125,0.125,0.125,0.125,0.125,0.125
52,52.0,0.125,0.125,0.125,0.125,0.125,0.125,0.125,0.125
53,53.0,0.125,0.125,0.125,0.125,0.125,0.125,0.125,0.125
54,54.0,0.125,0.125,0.125,0.125,0.125,0.125,0.125,0.125
55,55.0,0.125,0.125,0.125,0.125,0.125,0.125,0.125,0.125
56,56.0,0.125,0.125,0.125,0.125,0.125,0.125,0.125,0.125
57,57.0,0.125,0.125,0.125,0.125,0.125,0.125,0.125,0.125
58,58.0,0.125,0.125,0.125,0.125,0.125,0.125,0.125,0.125
59,59.0,0.125,0.125,0.125,0.125,0.125,0.125,0.125,0.125
60,60.0,0.125,0.125,0.125,0.125,0.125,0.125,0.125,0.125
61,61.0,0.125,0.125,0.125,0.125,0.125,0.125,0.125,0.125
62,62.0,0.125,0.125,0.125,0.125,0.125,0.125,0.125,0.125
63,63.0,0.125,0.125,0.125,0.125,0.125,0.125,0.125,0.125
64,64.0,0.125,0.125,0.125,0.125,0.125,0.125,0.125,0.125
65,65.0,0.125,0.125,0.125,0.125,0.125,0.125,0.125,0.125
66,66.0,0.125,0.125,0.125,0.125,0.125,0.125,0.125,0.125
67,67.0,0.125,0.125,0.125,0.125,0.125,0.125,0.125,0.125
68,68.0,0.125,0.125,0.125,0.125,0.125,0.125,0.125,0.125
69,69.0,0.125,0.125,0.125,0.125,0.125,0.125,0.125,0.125
70,70.0,0.125,0.125,0.125,0.125,0.125,0.125,0.125,0.125
71,71.0,0.125,0.125,0.125,0.125,0.125,0.125,0.125,0.125
72,72.0,0.125,0.125,0.125,0.125,0.125,0.125,0.125,0.125
73,73.0,0.125,0.125,0.125,0.125,0.125,0.125,0.125,0.125
74,74.0,0.125,0.125,0.125,0.125,0.125,0.125,0.125,0.125
75,75.0,0.125,0.125,0.125,0.125,0.125,0.125,0.125,0.125
76,76.0,0.125,0.125,0.125,0.125,0.125,0.125,0.125,0.125
77,77.0,0.125,0.125,0.125,0.125,0.125,0.125,0.125,0.125
78,78.0,0.125,0.125,0.125,0.125,0.125,0.125,0.125,0.125
79,79.0,0.125,0.125,0.125,0.125,0.125,0.125,0.125,0.125
80,80.0,0.125,0.125,0.125,0.125,0.125,0.125,0.125,0.125
81,81.0,0.125,0.125,0.125,0.125,0.125,0.125,0.125,0.125
82,82.0,0.125,0.125,0.125,0.125,0.125,0.125,0.125,0.125
83,83.0,0.125,0.125,0.125,0.125,0.125,0.125,0.125,0.125
84,84.0,0.125,0.125,0.125,0.125,0.125,0.125,0.125,0.125
85,85.0,0.125,0.125,0.125,0.125,0.125,0.125,0.125,0.125
86,86.0,0.125,0.125,0.125,0.125,0.125,0.125,0.125,0.125
87,87.0,0.125,0.125,0.125,0.125,0.125,0.125,0.125,0.125
88,88.0,0.125,0.125,0.125,0.125,0.125,0.125,0.125,0.125
89,89.0,0.125,0.125,0.125,0.125,0.125,0.125,0.125,0.125
90,90.0,0.125,0.125,0.125,0.125,0.125,0.125,0.125,0.125
91,91.0,0.125,0.125,0.125,0.125,0.125,0.125,0.125,0.125
92,92.0,0.125,0.125,0.125,0.125,0.125,0.125,0.125,0.125
93,93.0,0.125,0.125,0.125,0.125,0.125,0.125,0.125,0.125
94,94.0,0.125,0.125,0.125,0.125,0.125,0.125,0.125,0.125
95,95.0,0.125,0.125,0.125,0.125,0.125,0.125,0.125,0.125
96,96.0,0.125,0.125,0.125,0.125,0.125,0.125,0.125,0.125
97,97.0,0.125,0.125,0.125,0.125,0.125,0.125,0.125,0.125
98,98.0,0.125,0.125,0.125,0.125,0.125,0.125,0.125,0.125
99,99.0,0.125,0.125,0.125,0.125,0.125,0.125,0.125,0.125
100,100.0,0.125,0.125,0.125,0.125,0.125,0.125,0.125,0.125
101,101.0,0.125,0.125,0.125,0.125,0.125,0.125,0.125,0.125
102,102.0,0.125,0.125,0.125,0.125,0.125,0.125,0.125,0.125
103,103.0,0.125,0.125,0.125,0.125,0.125,0.125,0.125,0.125
104,104.0,0.125,0.125,0.125,0.125,0.125,0.125,0.125,0.125
105,105.0,0.125,0.125,0.125,0.125,0.125,0.125,0.125,0.125
106,106.0,0.125,0.125,0.125,0.125,0.125,0.125,0.125,0.125
107,107.0,0.125,0.125,0.125,0.125,0.125,0.125,0.125,0.125
108,108.0,0.125,0.125,0.125,0.125,0.125,0.125,0.125,0.125
109,109.0,0.125,0.125,0.125,0.125,0.125,0.125,0.125,0.125
110,110.0,0.125,0.125,0.125,0.125,0.125,0.125,0.125,0.125
111,111.0,0.125,0.125,0.125,0.125,0.125,0.125,0.125,0.125
112,112.0,0.125,0.125,0.125,0.125,0.125,0.125,0.125,0.125
113,113.0,0.125,0.125,0.125,0.125,0.125,0.125,0.125,0.125
114,114.0,0.125,0.125,0.125,0.125,0.125,0.125,0.125,0.125
115,115.0,0.125,0.125,0.125,0.125,0.125,0.125,0.125,0.125
116,116.0,0.125,0.125,0.125,0.125,0.125,0.125,0.125,0.125
117,117.0,0.125,0.125,0.125,0.125,0.125,0.125,0.125,0.125
118,118.0,0.125,0.125,0.125,0.125,0.125,0.125,0.125,0.125
119,119.0,0.125,0.125,0.125,0.125,0.125,0.125,0.125,0.125
120,120.0,0.125,0.125,0.125,0.125,0.125,0.125,0.125,0.125
121,121.0,0.125,0.125,0.125,0.125,0.125,0.125,0.125,0.125
122,122.0,0.125,0.125,0.125,0.125,0.125,0.125,0.125,0.125
123,123.0,0.125,0.125,0.125,0.125,0.125,0.125,0.125,0.125
124,124.0,0.125,0.125,0.125,0.125,0.125,0.125,0.125,0.125
125,125.0,0.125,0.125,0.125,0.125,0.125,0.125,0.125,0.125
126,126.0,0.125,0.125,0.125,0.125,0.125,0.125,0.125,0.125
127,127.0,0.125,0.125,0.125,0.125,0.125,0.125,0.125,0.125
128,128.0,0.125,0.125,0.125,0.125,0.125,0.125,0.125,0.125
129,129.0,0.125,0.125,0.125,0.125,0.125,0.125,0.125,0.125
130,130.0,0.125,0.125,0.125,0.125,0.125,0.125,0.125,0.125
131,131.0,0.125,0.125,0.125,0.125,0.125,0.125,0.125,0.125
132,132.0,0.125,0.125,0.125,0.125,0.125,0.125,0.125,0.125
133,133.0,0.125,0.125,0.125,0.125,0.125,0.125,0.125,0.125
134,134.0,0.125,0.125,0.125,0.125,0.125,0.125,0.125,0.125
135,135.0,0.125,0.125,0.125,0.125,0.125,0.125,0.125,0.125
136,136.0,0.125,0.125,0.125,0.125,0.125,0.125,0.125,0.125
137,137.0,0.125,0.125,0.125,0.125,0.125,0.125,0.125,0.125
138,138.0,0.125,0.125,0.125,0.125,0.125,0.125,0.125,0.125
139,139.0,0.125,0.125,0.125,0.125,0.125,0.125,0.125,0.125
140,140.0,0.125,0.125,0.125,0.125,0.125,0.125,0.125,0.125
141,141.0,0.125,0.125,0.125,0.125,0.125,0.125,0.125,0.125
142,142.0,0.125,0.125,0.125,0.125,0.125,0.125,0.125,0.125
143,143.0,0.125,0.125,0.125,0.125,0.125,0.125,0.125,0.125
144,144.0,0.125,0.125,0.125,0.125,0.125,0.125,0.125,0.125
145,145.0,0.125,0.125,0.125,0.125,0.125,0.125,0.125,0.125
146,146.0,0.125,0.125,0.125,0.125,0.125,0.125,0.125,0.125
147,147.0,0.125,0.125,0.125,0.125,0.125,0.125,0.125,0.125
148,148.0,0.125,0.125,0.125,0.125,0.125,0.125,0.125,0.125
149,149.0,0.125,0.125,0.125,0.125,0.125,0.125,0.125,0.125
150,150.0,0.125,0.125,0.125,0.125,0.125,0.125,0.125,0.125
151,151.0,0.125,0.125,0.125,0.125,0.125,0.125,0.125,0.125
152,152.0,0.125,0.125,0.125,0.125,0.125,0.125,0.125,0.125
153,153.0,0.125,0.125,0.125,0.125,0.125,0.125,0.125,0.125
154,154.0,0.125,0.125,0.125,0.125,0.125,0.125,0.125,0.125
155,155.0,0.125,0.125,0.125,0.125,0.125,0.125,0.125,0.125
156,156.0,0.125,0.125,0.125,0.125,0.125,0.125,0.125,0.125
157,157.0,0.125,0.125,0.125,0.125,0.125,0.125,0.125,0.125
158,158.0,0.125,0.125,0.125,0.125,0.125,0.125,0.125,0.125
159,159.0,0.125,0.125,0.125,0.125,0.125,0.125,0.125,0.125
160,160.0,0.125,0.125,0.125,0.125,0.125,0.125,0.125,0.125
161,161.0,0.125,0.125,0.125,0.125,0.125,0.125,0.125,0.125
162,162.0,0.125,0.125,0.125,0.125,0.125,0.125,0.125,0.125
163,163.0,0.125,0.125,0.125,0.125,0.125,0.125,0.125,0.125
164,164.0,0.125,0.125,0.125,0.125,0.125,0.125,0.125,0.125
165,165.0,0.125,0.125,0.125,0.125,0.125,0.125,0.125,0.125
166,166.0,0.125,0.125,0.125,0.125,0.125,0.125,0.125,0.125
167,167.0,0.125,0.125,0.125,0.125,0.125,0.125,0.125,0.125
168,168.0,0.125,0.125,0.125,0.125,0.125,0.125,0.125,0.125
169,169.0,0.125,0.125,0.125,0.125,0.125,0.125,0.125,0.125
170,170.0,0.125,0.125,0.125,0.125,0.125,0.125,0.125,0.125
171,171.0,0.125,0.125,0.125,0.125,0.125,0.125,0.125,0.125
172,172.0,0.125,0.125,0.125,0.125,0.125,0.125,0.125,0.125
173,173.0,0.125,0.125,0.125,0.125,0.125,0.125,0.125,0.125
174,174.0,0.125,0.125,0.125,0.125,0.125,0.125,0.125,0.125
175,175.0,0.125,0.125,0.125,0.125,0.125,0.125,0.125,0.125
176,176.0,0.125,0.125,0.125,0.125,0.125,0.125,0.125,0.125
177,177.0,0.125,0.125,0.125,0.125,0.125,0.125,0.125,0.125
178,178.0,0.125,0.125,0.125,0.125,0.125,0.125,0.125,0.125
179,179.0,0.125,0.125,0.125,0.125,0.125,0.125,0.125,0.125
180,180.0,0.125,0.125,0.125,0.125,0.125,0.125,0.125,0.125
181,181.0,0.125,0.125,0.125,0.125,0.125,0.125,0.125,0.125
182,182.0,0.125,0.125,0.125,0.125,0.125,0.125,0.125,0.125
183,183.0,0.125,0.125,0.125,0.125,0.125,0.125,0.125,0.125
184,184.0,0.125,0.125,0.125,0.125,0.125,0.125,0.125,0.125
185,185.0,0.125,0.125,0.125,0.125,0.125,0.125,0.125,0.125
186,186.0,0.125,0.125,0.125,0.125,0.125,0.125,0.125,0.125
187,187.0,0.125,0.125,0.125,0.125,0.125,0.125,0.125,0.125
188,188.0,0.125,0.125,0.125,0.125,0.125,0.125,0.125,0.125
189,189.0,0.125,0.125,0.125,0.125,0.125,0.125,0.125,0.125
190,190.0,0.125,0.125,0.125,0.125,0.125,0.125,0.125,0.125
191,191.0,0.125,0.125,0.125,0.125,0.125,0.125,0.125,0.125
192,192.0,0.125,0.125,0.125,0.125,0.125,0.125,0.125,0.125
193,193.0,0.125,0.125,0.125,0.125,0.125,0.125,0.125,0.125
194,194.0,0.125,0.125,0.125,0.125,0.125,0.125,0.125,0.125
195,195.0,0.125,0.125,0.125,0.125,0.125,0.125,0.125,0.125
196,196.0,0.125,0.125,0.125,0.125,0.125,0.125,0.125,0.125
197,197.0,0.125,0.125,0.125,0.125,0.125,0.125,0.125,0.125
198,198.0,0.1247222222222222,0.1258333333333333,0.1258333333333333,0.1247222222222222,0.1247222222222222,0.1247222222222222,0.1247222222222222,0.1247222222222222
199,199.0,0.1243083333333333,0.1276305555555555,0.1265194444444444,0.1243083333333333,0.1243083333333333,0.1243083333333333,0.1243083333333333,0.1243083333333333
200,200.0,0.1236642412280701,0.1289432412280701,0.1269543523391813,0.1247753523391813,0.1236642412280701,0.1236642412280701,0.1236642412280701,0.1246700891812865
201,201.0,0.1228173869471026,0.1307319696743753,0.1272609747248803,0.1250284980582137,0.1228173869471026,0.1228173869471026,0.1228173869471026,0.1257090097541201
202,202.0,0.1217755290732456,0.1328617783065789,0.1273343377510233,0.1250656401843567,0.1217755290732456,0.1228866401843567,0.1217755290732456,0.1265250163539473
203,203.0,0.120558776909717,0.1344655865830947,0.1290675659688367,0.1248981980208281,0.120558776909717,0.1227698880208281,0.120558776909717,0.1271224306772609
204,204.0,0.1191906174075284,0.1358045556879044,0.1303635851072987,0.1254368712607447,0.1192958805654231,0.1224807285186394,0.1191906174075284,0.1282371440449327
205,205.0,0.1187309600832336,0.1360425251544548,0.1320250016176345,0.125720374550023,0.1199404337674441,0.1208481589721224,0.1176198489721224,0.1290726968829649
206,206.0,0.118172697146432,0.1366081193478104,0.1354101657366892,0.1247394245938688,0.120383482792365,0.1191019919353209,0.1159615860353209,0.1296225324121924
207,207.0,0.1171926726675644,0.1375504501593086,0.1389165513095216,0.123403884698548,0.12049398124917,0.1180435608185644,0.1148470060008978,0.129551893096425
208,208.0,0.1160990774452615,0.1381591544991749,0.1427370469533896,0.1219177968144607,0.1203855228760855,0.1168708907406515,0.1145481916876857,0.1292823189832903
209,209.0,0.1150642045060898,0.1398044372641033,0.1464202185229329,0.1204610766193244,0.1191881586469022,0.1157571322984768,0.114318372848514,0.1289863992936564
210,210.0,0.1139814192400167,0.1414772988950493,0.1508318555987774,0.1179342434350842,0.1179116416784106,0.1145964208017773,0.1147085036799258,0.1285586166709584
211,211.0,0.1127365427525953,0.1428284549093038,0.1557544902090294,0.115239778912695,0.1173559453435194,0.1132752606911744,0.1149228899267507,0.1278866372549317
212,212.0,0.1115650511126527,0.1449924733993024,0.1604582507996003,0.1126282090130137,0.1168431809058539,0.1120297266109827,0.1142746894577065,0.1272084187008876
213,213.0,0.1114128791933988,0.145613181179324,0.1650933118418772,0.1101498275052339,0.1173157412616265,0.1108971788314305,0.1129215780140054,0.1265963021731035
214,214.0,0.1110977264100671,0.1465299720838359,0.1688981869082608,0.1082190575182013,0.1175884779960454,0.1106139356865409,0.1113433931033656,0.1257092502936827
215,215.0,0.1108500813379376,0.1473443296316038,0.1724256380534689,0.1064114845607507,0.1178896850649408,0.1104089381053354,0.1098323200254834,0.1248375232204794
216,216.0,0.1107153699563117,0.1482179439924146,0.1754642120792459,0.1053336180727516,0.117469726307899,0.110326111806958,0.108336568517672,0.1241364492667472
217,217.0,0.1105063399826492,0.1488182795484823,0.1778939702313364,0.1047916789093017,0.1169417414881577,0.111010095232137,0.1067494923429309,0.1232884022650048
218,218.0,0.109012036748796,0.1495946049394293,0.1804196531138918,0.1039949803605967,0.1161013362330898,0.1130708836170456,0.1057854441058146,0.1220210608813362
219,219.0,0.1074520569697027,0.1500196503086232,0.1827726287435271,0.1032506660744778,0.114328560746606,0.1150197013900257,0.1047839887263533,0.1223727470406842
220,220.0,0.1059524318589815,0.1503435415812292,0.1848318512398089,0.1026072997381701,0.1125880560509921,0.1170665972760917,0.1038628389923821,0.1227473832623443
221,221.0,0.1044252557140721,0.1512769423621209,0.1872067129517718,0.1018642107307229,0.1113547929696588,0.1179711774946935,0.1028925777178915,0.1230083300590684
222,222.0,0.1038927423893237,0.1526851810988627,0.1892707127254216,0.1012337885954874,0.1101421860090917,0.1188611543035062,0.1012547507571985,0.1226594841211081
223,223.0,0.1033807141059308,0.1544526623044727,0.1910114029839596,0.1011942820998062,0.1089374018539259,0.1188234106197429,0.0999302340962716,0.1222698919358903
224,224.0,0.1028858323861817,0.1553435524877736,0.1921808872634909,0.1011805844882702,0.1084595815230485,0.1194639164423193,0.098644531615333,0.1218411137935827
225,225.0,0.1008433715729497,0.1570872567498182,0.1938635801081097,0.1012889586972872,0.1080966565431891,0.1197741815781156,0.0975053257699001,0.1215406689806302
226,226.0,0.0987132794184806,0.1589872004962556,0.1956288795204069,0.101290879037477,0.1076255318638097,0.120446914657239,0.0962941241896421,0.1210131908166891
227,227.0,0.0965045826824054,0.1605163610737827,0.1989203190689388,0.1011759343962831,0.1070407014056188,0.1207147159801399,0.094945098603704,0.120182286789127
228,228.0,0.0942402912016904,0.1636526106929833,0.2002294816320021,0.1006028009074783,0.1070468909069688,0.1220952718184946,0.0935362763876505,0.1185963764527319
229,229.0,0.0919466390662166,0.1662556887238754,0.2021437785779583,0.0997997770454603,0.1077135677916911,0.1232246975485208,0.0920220598842713,0.1168937913620062
230,230.0,0.0897599830548716,0.1693051431456756,0.2030067675774367,0.0990287713795028,0.108398461091888,0.124683345347953,0.0905959423980827,0.1152215860045897
231,231.0,0.0873902260199742,0.1724691038234844,0.2054825041210271,0.0978827339336305,0.1091589061225453,0.1255380586829732,0.0889144920592267,0.1131639752371385
232,232.0,0.0850954241228237,0.1755979262837502,0.2079837867822529,0.0972753819823239,0.1097699455249062,0.1258898001819337,0.0872775942987549,0.1111101408232545
233,233.0,0.0834870992916699,0.1776584495813026,0.2098701795731393,0.0965462077296092,0.1107226719727136,0.12700528907891,0.0857468444020179,0.1089632583706374
234,234.0,0.0819875884633628,0.1799817002372698,0.2117349985852799,0.095276888130594,0.1115298735251358,0.128322397393071,0.0842946936196047,0.1068718600456818
235,235.0,0.0807582928580475,0.1830499703253191,0.2128235764344917,0.0934221876588146,0.111674322693221,0.1299856523467262,0.083085091060054,0.1052009066233257
236,236.0,0.0803189201254359,0.1860649203809052,0.2141221051932465,0.0914540025414216,0.111733308417702,0.1312145610927962,0.0816482506505694,0.103443931597923
237,237.0,0.0797561735000047,0.1886098036412736,0.2163706206666973,0.0894154824248879,0.1121670037956537,0.1319755199625724,0.0801720296018114,0.1015333664070988
238,238.0,0.0799414837456067,0.1916040046935855,0.2186633825379885,0.0873264109129123,0.1123176250772947,0.1319389112638728,0.0786724178514159,0.0995357639173234
239,239.0,0.0800088040727684,0.1952884767086873,0.220885929750988,0.0851975248975811,0.1122727878886752,0.1315849285300762,0.0771807813905553,0.0975807667606682
240,240.0,0.0800443689820129,0.1988789574496534,0.2234545537045748,0.0830292034013342,0.1119223320027634,0.1314207017007251,0.0756863477668354,0.0955635349921005
241,241.0,0.0801207545528177,0.2028597214950731,0.2259467466104513,0.0809266708381291,0.111422484301406,0.1310509066667574,0.074033233432182,0.0936394821031831
242,242.0,0.0795897138176922,0.206682331284778,0.2284100075355112,0.0789400977330948,0.1108105988746312,0.1312290820733465,0.0724938806307132,0.0918442880502327
243,243.0,0.0791638840637159,0.2121833399115614,0.2310860137331556,0.0771506539100733,0.1091494532929065,0.1312778100858167,0.0711188909862603,0.08886995401651
244,244.0,0.0788103012181439,0.217868444198891,0.2332336016236967,0.0754348612889788,0.1078390856519486,0.1318973639919574,0.0698104713173044,0.0851058707090788
245,245.0,0.0784802572035182,0.2231686266427801,0.2352920827851845,0.0738216401574332,0.1065118525326537,0.1326505868433873,0.068591594548995,0.0814833592860477
246,246.0,0.0773418568078064,0.2296242551322953,0.2374446979786811,0.0723465969081281,0.105116537711631,0.1332198848224391,0.0669104311676442,0.0779957394713742
247,247.0,0.0769965401584712,0.2353995774685041,0.2391975537891851,0.070714329115174,0.1034315845311222,0.1338935281051416,0.0658877124890794,0.074479174343322
248,248.0,0.0766175141319411,0.2407745029285177,0.2410209342826222,0.0691059439954381,0.1016502730018584,0.1342854698684671,0.0649245756220727,0.0716207861690822
249,249.0,0.0762717553773478,0.2456995233614146,0.2435330894396724,0.0676186367944692,0.0999111495764364,0.1339355480802638,0.0640608249947589,0.0689694723756366
250,250.0,0.0754368070634154,0.250256723835823,0.2458915186448311,0.0662325851007721,0.0981192091956263,0.1342821333905056,0.0632725717978139,0.0665084509712121
251,251.0,0.0745682844799342,0.2548549937541751,0.2480363898212286,0.0648522516836546,0.0962499600142634,0.1347617843179983,0.0625084956708871,0.0641678402578583
252,252.0,0.0736980800886783,0.259482025282264,0.2500196674983534,0.0635535750014716,0.0943694617485048,0.1350832372494823,0.0617936694772305,0.0620002836540147
253,253.0,0.0728422274464403,0.2638832832315264,0.2524814335830413,0.0623485394796539,0.0925169471658134,0.1347727746290967,0.0611374798175562,0.0600173146468714
254,254.0,0.0720334989315341,0.2678261393018822,0.2547046697106017,0.0612654803841765,0.0907601078599762,0.13459787665635,0.060566273961856,0.0582459531936229
255,255.0,0.0713927938855437,0.2698094879646453,0.2574315022981301,0.0603772650892382,0.0892028241438892,0.1351819357293909,0.0598255592882267,0.0567786316009354
256,256.0,0.0708147762612211,0.2716972144630079,0.2598864291445529,0.0596173116558792,0.0882485581011881,0.1350344907401173,0.0591770607666891,0.0555241588673438
257,257.0,0.0691178359382497,0.2750173715478434,0.2614043537842108,0.0589850148497698,0.0876252055846608,0.1346377664460242,0.0583663147139375,0.0548461371353033
258,258.0,0.0674705971541872,0.2781378053013359,0.2625346449457246,0.0580136254331098,0.0876383561999575,0.1342412634846111,0.0580829063190563,0.0538808011620171
259,259.0,0.0659013874982239,0.2804984594962919,0.2639817411066788,0.0571315572843269,0.0878943723863022,0.1336568924276769,0.0578431378048244,0.0530924519956742
260,260.0,0.0644031173368426,0.2823962490529438,0.2652548473292401,0.056323437814485,0.0881998304916167,0.1333245358583069,0.0576416864865876,0.0524562956299766
261,261.0,0.0630786029584305,0.284594949695588,0.2659092526630348,0.0556845515058559,0.0886413298984186,0.1324615780805265,0.0575713333133965,0.0520584018847487
262,262.0,0.061858200094483,0.2864636154379396,0.2665997043745443,0.0551551544192387,0.089151641996325,0.131387811559753,0.0575704625163123,0.0518134096014036
263,263.0,0.0607422396338888,0.2871909574317354,0.2687654045434904,0.0547162248530896,0.0895650647678447,0.1303371815290389,0.0571187678154864,0.0515641594254254
264,264.0,0.0598887530598544,0.2884613889611742,0.2709268173859557,0.0543963269025546,0.089535529728472,0.1285794775923652,0.0567510821722672,0.0514606241973563
265,265.0,0.0592644925986955,0.2893013889383367,0.2729127746154897,0.0542925491026158,0.0891179096485634,0.1269455394850187,0.0565666633891733,0.0515986822221067
266,266.0,0.0586710202285669,0.2894309566687912,0.2740437871474793,0.0542025592010436,0.0891471154283283,0.1252551436828476,0.0563672709528537,0.0528821466900889
267,267.0,0.0581739840165868,0.2891807411710994,0.2751991462873626,0.0541806221697989,0.0892206850043522,0.1237361402303648,0.0560662708004842,0.0542424103199507
268,268.0,0.0577374642454277,0.2886707823096704,0.2764483185331163,0.0542041973790316,0.0892907310247388,0.1222186311064945,0.0557952854306956,0.0556345899708245
269,269.0,0.057356228375684,0.2878727055807033,0.2783297706705429,0.0542577082988023,0.0888587918873867,0.1207507788314513,0.0555396119347458,0.0570344044206832
270,270.0,0.0570210204024443,0.2868225093055924,0.2803574942625542,0.054330086275392,0.0884218455259758,0.1193347562696355,0.0552927358867432,0.0584195520716622
271,271.0,0.056909861429476,0.2831586583784331,0.2832310970997809,0.0545899443472998,0.090007371744817,0.1183503366338972,0.0552234456814508,0.0585292846848448
272,272.0,0.0568351298065669,0.2795684010540005,0.2860313155000447,0.0548568510451248,0.0915502906379919,0.1173902096400418,0.0551592124878826,0.0586085898283464
273,273.0,0.0568190070045183,0.2761832824651992,0.2889864767377078,0.0551525093288752,0.0925642283123443,0.1164844522376966,0.05512524982638,0.0586847940872782
274,274.0,0.0567641060394241,0.2736355798507928,0.2915351613868192,0.0553794001272803,0.0934499268024083,0.1155428846750966,0.055027182940511,0.0586657581776674
275,275.0,0.0567331017706065,0.2715252457294007,0.2936705767417822,0.0567114904253684,0.0931747943117937,0.1146346955572794,0.0549306509549377,0.058619444508831
276,276.0,0.056733679920073,0.269537978485014,0.2959537073488636,0.0580091183651928,0.0927985251397847,0.113762376789544,0.0548078515175162,0.0583967624340113
277,277.0,0.0574699834750662,0.2679654240716651,0.2981317799822753,0.0589514219656307,0.0924368766897387,0.1124359676834896,0.0543628212895297,0.0582457248426045
278,278.0,0.0583633075546841,0.2662420973033807,0.3003405101691345,0.0598549875884736,0.092045677141014,0.1111545550010999,0.0539227106161721,0.0580761546260408
279,279.0,0.0591594470978534,0.2642072890546136,0.3021891926056007,0.060133300854536,0.093025914217405,0.1098463663866188,0.0536053657380941,0.0578331240452781
280,280.0,0.0597939509005353,0.2620003590169352,0.3039095917758576,0.0605159030672697,0.0939600340162595,0.1085931056127857,0.0536506889340156,0.0575763666763412
281,281.0,0.060433595699181,0.2601277311957682,0.3057084541416653,0.0608768407938918,0.0937544152894207,0.1069447478084163,0.0537106513465882,0.0584435637250683
282,282.0,0.0610933086544807,0.2571566640421832,0.3076336165594969,0.0612365088140201,0.0934559355658232,0.1056958188206926,0.0538044267617068,0.0599237207815964
283,283.0,0.0617367724906707,0.2540955217985052,0.3094995442001774,0.0615637240875575,0.093565723806718,0.1043619177407898,0.0538626251406969,0.0613141707348844
284,284.0,0.0622096479711492,0.2509396965347352,0.3121055932677208,0.0617089302262767,0.0934230877556606,0.1033188967267332,0.0537711972321516,0.0625229502855727
285,285.0,0.062919461109591,0.2481579552026988,0.3144149800576117,0.0617137016448106,0.0931138950524585,0.1022469075679202,0.0536070370847412,0.0638260622801681
286,286.0,0.063426840693577,0.2455831032032416,0.3165814212954298,0.0615162383648062,0.0929728741738378,0.1007958662114271,0.0532974290473756,0.0658262270103047
287,287.0,0.0638300825319131,0.243440609608981,0.3174647982965638,0.0612293525239635,0.0927743703251424,0.0995645950867518,0.0539720120351352,0.0677241795915491
288,288.0,0.0641737270584848,0.2414265227583124,0.3183844382579197,0.0609035048687004,0.092537469575875,0.0984166481136538,0.0546384455123039,0.0695192438547499
289,289.0,0.0640302946095311,0.2393026735274177,0.3194187015631365,0.0613759750391098,0.0922016263655207,0.097149732147717,0.0555782779693397,0.0709427187782275
290,290.0,0.0638598431472463,0.237671412502498,0.3203104964884651,0.0618325121014622,0.0915655504379851,0.0959788236935312,0.0565080358803445,0.0722733257484675
291,291.0,0.0638713741044976,0.2370808616901189,0.3207168720366774,0.0637409727790847,0.0902302497012018,0.0944975641633126,0.057615111481751,0.0722469940433557
292,292.0,0.0637869176168981,0.2371392600009382,0.3208557052085289,0.0657338918325754,0.0888407719020311,0.0929785046901819,0.058610663964674,0.0720542847841721
293,293.0,0.0637842760722565,0.2390718217185854,0.3201089408172449,0.06777001198496,0.0875837886031512,0.0916557838034218,0.0581444964303167,0.0718808805700633
294,294.0,0.0643035664553353,0.2406670593154547,0.3193380333993115,0.0682438501211282,0.0874332080406073,0.0905030925009846,0.0577157146193625,0.0717954755478157
295,295.0,0.0647061836002253,0.2413605311652411,0.3181825907507868,0.0698375916855271,0.0873623551039212,0.0898353173176716,0.0571620279898116,0.071553402386815
296,296.0,0.0650067827229145,0.2423427504946339,0.3170345680971249,0.0712893318989201,0.0872949722974846,0.0892446013339642,0.0565632398581988,0.0712237532967588
297,297.0,0.0652254928168986,0.2428880089742317,0.3165042112072888,0.072588595014559,0.0872014624759824,0.0886411125092615,0.0561626870584548,0.070788429943323
298,298.0,0.0651282113371545,0.2431728337772488,0.3164064954120278,0.0736228742445136,0.0874834476959568,0.0883054583780062,0.0556712922872478,0.0702093868678442
299,299.0,0.0651496965924315,0.2434969636926616,0.3161564884328998,0.0745677256701389,0.0877894953053535,0.0880517878470817,0.0551833527553581,0.0696044897040746
300,300.0,0.0646784271438644,0.2440747676932368,0.3161269212637886,0.075424404120992,0.0881158991525166,0.0878902843321868,0.0547051628975532,0.0689841333958613
301,301.0,0.0641504257883581,0.2446926205295516,0.3160577006070387,0.0765979220148034,0.088432467800306,0.0877884543919757,0.053952479975374,0.0683279288925922
302,302.0,0.0635720651482267,0.2455326388530458,0.3159856790612868,0.0776131177248247,0.0887346234141349,0.0877237326001835,0.0531947265616965,0.067643416636601
303,303.0,0.0631097664006915,0.2458379364229389,0.3161416638121909,0.0780278588818119,0.0896127289494268,0.0876177855172774,0.0525760899921327,0.0670761700235298
304,304.0,0.0626033855147977,0.2459987959296739,0.3167651057035473,0.0783158976953333,0.0903820460643106,0.0875390584304515,0.0519289364804697,0.0664667741814159
305,305.0,0.0620917264749215,0.2461887966080812,0.3174567380528978,0.0784965747674289,0.0911245429408102,0.0874953621846399,0.0512915838357993,0.065854675135421
306,306.0,0.0616017012424624,0.2461564451876149,0.3179920245132111,0.0786216829429319,0.09191828265114,0.0877521568549347,0.0506903647232651,0.0652673418844397
307,307.0,0.0611147627410441,0.2460000826948306,0.3184779956477137,0.0786474723289499,0.0926119964899315,0.0883464620099179,0.0501118818376974,0.0646893462499148
308,308.0,0.0606313704897083,0.2463429046218571,0.3189439430769986,0.0785809680235387,0.0932049044377213,0.0888591310306662,0.0493134939195974,0.0641232843999122
309,309.0,0.0603259751465788,0.2465558929961191,0.3196907721383267,0.078169714183039,0.0920100474296365,0.0897782471633238,0.0486733867918357,0.0647959641511403
310,310.0,0.060036348230058,0.2475686987951128,0.3204198006049661,0.0767056984128372,0.0910246084557432,0.0906903705051136,0.0480720505475364,0.0654824244486326
311,311.0,0.059687643589524,0.2498085930290241,0.3206151220159793,0.0751429801817145,0.08958802498288,0.091533853798761,0.0477116547140792,0.0659121276880377
312,312.0,0.0595413176618958,0.2509926539408876,0.3213263422421907,0.0737399768641853,0.0876203969544118,0.0926876659448491,0.0475679721368179,0.0665236742547618
313,313.0,0.0594691464850351,0.2519799562351404,0.3224978795007842,0.0722663560396935,0.0856043802911735,0.0937346671566461,0.0473899976602496,0.0670576166312773
314,314.0,0.059286031367229,0.2533164332867318,0.3239382870822362,0.0706793968526616,0.0836833905529815,0.0944828924119967,0.0471400664261968,0.0674735020199661
315,315.0,0.0591363444239062,0.254352145725174,0.3257322820399383,0.0691484166507472,0.081500691710528,0.0953018968237326,0.0469398394734244,0.0678883831525491
316,316.0,0.0589964594668354,0.2553577710724251,0.3275061972540626,0.0676525120235202,0.0793783592403754,0.0960613857489388,0.0467678141025639,0.0682795010912785
317,317.0,0.0588753529640074,0.2554592630002607,0.3304295839153978,0.0662085994440293,0.0773413926403275,0.0973155858879957,0.0466285270966747,0.0677416950513066
318,318.0,0.0586256669698413,0.2548773824781367,0.3339209248596845,0.0648676082395952,0.0753608933353836,0.0987963872772843,0.0465751819496381,0.066975954890436
319,319.0,0.0583449343984452,0.2539337129827593,0.3372884335763299,0.0630596362805018,0.0733944088226985,0.1000495237392611,0.0473151508377681,0.0666141993622359
320,320.0,0.0580020367596113,0.253120893087893,0.3394956813590571,0.0610035395007776,0.0714865437121665,0.1019659617378429,0.0488274965535954,0.066097847289056
321,321.0,0.0574151344821386,0.252461426466913,0.3420243876976852,0.0590260862546856,0.0694635601164159,0.1037221737425824,0.0503278510395519,0.0655593802000272
322,322.0,0.0567385035655278,0.2520092437603118,0.3442116749448682,0.0578141180564254,0.0681997499657223,0.1052243232817666,0.0508843532006086,0.0649180332247689
323,323.0,0.0564396711784096,0.2516012438593651,0.3462935931518225,0.0566656519859168,0.067227407733674,0.1062810679653548,0.0513909847032589,0.064100379422198
324,324.0,0.0561254607257108,0.2512799153991921,0.348327313850119,0.0556009615931849,0.0663212977914633,0.1071790493858306,0.0518861123529267,0.0632798889015721
325,325.0,0.0558177798901592,0.251147631735544,0.3502584898619685,0.0546106731908002,0.0657289280188704,0.1076473868612505,0.0523233233089495,0.0624657871324571
326,326.0,0.0555958362383126,0.2512505279522264,0.3514706930685904,0.0538377458190726,0.0652843435005167,0.1080279951735672,0.0527904982704035,0.0617423599773101
327,327.0,0.055413027050041,0.2514440774397336,0.3529531265149384,0.0532640172758883,0.065875057208799,0.106661953243328,0.0532425892661795,0.0611461520010918
328,328.0,0.0552488862186619,0.2516596584463829,0.3543081254321819,0.0527783969607682,0.0665477267839989,0.105214723602335,0.0536584223955342,0.0605840601601364
329,329.0,0.0551655112599924,0.2515052778450646,0.3555281893724786,0.0524096896661518,0.0672668154926724,0.1037593695937147,0.0540772505060082,0.0602878962639169
330,330.0,0.0551118507709452,0.25163385545361,0.3567553588978747,0.0518396572581651,0.0680947001442008,0.1020725049467254,0.0544580394531472,0.0600340330753313
331,331.0,0.0548214936540466,0.2515499398118881,0.3583634582316525,0.0514948621991762,0.0682022305027347,0.1005218358297445,0.0541772556585355,0.0608689241122214
332,332.0,0.0545243697866075,0.2516230844363081,0.360089362350685,0.0512149699636164,0.0683372897709112,0.0986554906396823,0.0538549131853433,0.0617005198668457
333,333.0,0.0542453750138792,0.2517017692416111,0.3618735104854065,0.0510050306354765,0.0684707896715318,0.0966644990009931,0.053502991983389,0.0625360339677124
334,334.0,0.0541288176001298,0.2517754480097954,0.3632818655941081,0.0509548597560506,0.0686568366200769,0.0947515879105256,0.0529322896373389,0.0635182948719743
335,335.0,0.0536625064884865,0.2518198343719823,0.3647359918782419,0.0509818933357039,0.0688840282060321,0.0929055509710817,0.0523680083138583,0.0646421864346128
336,336.0,0.0529208213203797,0.2518940222544031,0.3666601552039619,0.0510610562559245,0.0688031802357477,0.0911204446948576,0.0517980643871176,0.0657422556476074
337,337.0,0.0522903690813459,0.2521426584899328,0.3685193480855327,0.0515765276586811,0.0698618513001513,0.089227181132323,0.0513158769589077,0.0650661872931251
338,338.0,0.0516938642282899,0.2523854489679561,0.3702141271655254,0.0523074154356995,0.0709285993538757,0.0874283857807432,0.0508426743839005,0.0641994846840093
339,339.0,0.0511308522677567,0.2526538231967091,0.3717349116231346,0.0530609247281657,0.071985899610676,0.0857295749691507,0.050379265399138,0.0633247482052688
340,340.0,0.0505930875665213,0.2528035944724182,0.3730491320010726,0.053813919553203,0.0730107851092694,0.0843878643901167,0.049916165941667,0.0624254509657314
341,341.0,0.0501100020436299,0.2529799323378608,0.3742584085717021,0.0546030662419824,0.0737785340777754,0.0832295335053285,0.0494869061484751,0.0615536170732452
342,342.0,0.0496742787961986,0.253259469176877,0.3755220598254308,0.0553820150435338,0.074489863666776,0.0822138681470321,0.0487631341656268,0.0606953111785244
343,343.0,0.0492673647915709,0.2534032564922174,0.376866245370275,0.0561409755484005,0.0751566161042669,0.081272675224169,0.0480536874749764,0.0598391789941235
344,344.0,0.049251525921499,0.254989964784599,0.3751424230318859,0.0564607948277823,0.0751322501968349,0.0809401232467818,0.0477198966300214,0.0603630213605955
345,345.0,0.0491852420057337,0.2571308417485118,0.3729187010822229,0.0566869661220296,0.0750187523466573,0.0806481777583003,0.0473325670314175,0.0610787519051266
346,346.0,0.0488449659585785,0.2599293726926288,0.3720244934685208,0.0569586661082116,0.0740577462155417,0.0792697839127669,0.0469659997699139,0.0619489718738377
347,347.0,0.0485240526180019,0.2626755459947154,0.3712716977139937,0.0571992868080449,0.0730663601582893,0.0778369118966522,0.0466172254925633,0.0628089193177392
348,348.0,0.0492586462289112,0.2642952861417185,0.3703434691808136,0.0574165744538197,0.0720664014039309,0.0765051258896973,0.0464526367419028,0.0636618599592058
349,349.0,0.0500334058081917,0.2658499485738659,0.3694197176752889,0.0576582041145529,0.0708159077456741,0.075360949386181,0.0463401035517932,0.0645217631444518
350,350.0,0.050713736514549,0.268086148727145,0.3683884276507494,0.0577652819371178,0.0694572003362983,0.0741794805237158,0.0461530188428717,0.0652567054675526
351,351.0,0.0514434571903056,0.2699251280801849,0.3675446734694907,0.057917145962942,0.0681812334002595,0.0731992323686484,0.0460384404809011,0.0657506890472674
352,352.0,0.0521470457203163,0.2716806383773128,0.3668994910173598,0.0580174431275205,0.0669017335298573,0.0722462910383066,0.0459269777033584,0.066180379485968
353,353.0,0.0527558295036782,0.2739622702970041,0.366172844063407,0.05800568009883,0.0651668048544054,0.0716858235081798,0.0457551836493988,0.0664955640250963
354,354.0,0.053362070350078,0.2766151137356828,0.3653856963791862,0.0580137260650026,0.0633445717137642,0.0713767216251422,0.0454658324062129,0.0664362677249307
355,355.0,0.0539343657068202,0.2791784374536389,0.3643346971954468,0.0579884249497494,0.0615786756549204,0.0714625929678317,0.045186440305689,0.0663363657659031
356,356.0,0.0549654824792467,0.2816583693841533,0.361897810071655,0.0580281327461611,0.0599760737221522,0.0717096724341429,0.045468446119055,0.0662960130434336
357,357.0,0.0559703903880644,0.2835413737234524,0.359778094719798,0.058065026595269,0.0594783413656495,0.0720330424135491,0.0457858375608265,0.0653478932333908
358,358.0,0.0568690065387361,0.2854266526003273,0.3579934571016736,0.0580203467161845,0.058999501767757,0.07231833101945,0.0460494595531188,0.0643232447027524
359,359.0,0.0580987023932763,0.28707083083095,0.3564939599757569,0.0580466122286309,0.0583732805355149,0.0720412399774093,0.0463585339568356,0.0635168401016258
360,360.0,0.0592772063244606,0.2885427792593092,0.3550776592166481,0.0580643051223913,0.0578282231110943,0.0718149242726985,0.0466738806691502,0.0627210220242475
361,361.0,0.0603978524853126,0.2901675820265091,0.3541670648619241,0.0577515250852355,0.0573616636879571,0.0716365695286316,0.0469917189920797,0.0615260233323499
362,362.0,0.0614372538087484,0.2917408549105643,0.3533027079523242,0.0574312738695521,0.0569546465855117,0.0714795059845428,0.0473007356439859,0.0603530212447703
363,363.0,0.0627491199118608,0.2930729175305117,0.3517745869102709,0.0573204604658448,0.0568220203117291,0.0714609321500961,0.0473654771810934,0.0594344855385929
364,364.0,0.0639059097340244,0.2940179768687238,0.3502747791793323,0.0569748565926732,0.0566785568811715,0.071227125319319,0.0484410127133793,0.0584797827113762
365,365.0,0.0649197500185846,0.2944603615070093,0.3489821263784477,0.0565683764513945,0.0565308966166438,0.0709446763380006,0.0500862592000513,0.057507553489868
366,366.0,0.0658533204465518,0.2947566758807469,0.3477931288017485,0.0561696956003278,0.0564394589342839,0.0706979422023943,0.0517019821981382,0.0565877959358084
367,367.0,0.0669003405216216,0.2947913654284607,0.346698700769872,0.0558344466457348,0.0564293894094562,0.070707736021481,0.0533003739552896,0.0553376472480838
368,368.0,0.0678634696782487,0.2954190100513357,0.3457098787280948,0.0555124557334191,0.056465783810574,0.070748581534624,0.0541300405478471,0.0541507799158564
369,369.0,0.0688531369402244,0.2962776173968037,0.3433942005962981,0.0548522025527908,0.0566553030245449,0.0719172727044361,0.0549361641147929,0.0531141026701089
370,370.0,0.0697627202493396,0.2968071948943191,0.3410940710719559,0.0542106123246248,0.0571904867219718,0.0730994184599463,0.0556810869801872,0.0521544092976551
371,371.0,0.0705880955236005,0.2969578289247943,0.3387574845256461,0.0536113553402178,0.057749730850183,0.0746351089179551,0.0564149282559994,0.0512854676616037
372,372.0,0.0712873272109472,0.2975563552608318,0.3366019635359455,0.0534473784186885,0.0583104879858772,0.0760968487218686,0.056384292833857,0.0503153460319842
373,373.0,0.0718410940053744,0.2981824414177009,0.3347117414820838,0.0532592496658927,0.0588120097124316,0.0775746461278764,0.0562467229212783,0.0493720946673616
374,374.0,0.0722428521435598,0.2993086659171688,0.3327525730061915,0.053027190240542,0.0592648411627639,0.0789419480990109,0.0560068790211566,0.0484550504096062
