,Unnamed: 0,Total_iterations,Intertwine_two,Add_vertex,Delete_vertex,Invert_path_vertices,Insert_inside_vertex,Delete_inside_vertex,Replace_inside_vertex,Donate_between_routes
0,0.0,0.0,0.125,0.125,0.125,0.125,0.125,0.125,0.125,0.125
1,1.0,0.10900000000000001,0.125,0.125,0.125,0.125,0.125,0.125,0.125,0.125
2,2.0,0.31601,0.125,0.125,0.125,0.125,0.125,0.125,0.125,0.125
3,3.0,0.6191589000000001,0.125,0.125,0.125,0.125,0.125,0.125,0.125,0.125
4,4.0,1.015801321,0.125,0.125,0.125,0.125,0.125,0.125,0.125,0.125
5,5.0,1.50262148669,0.125,0.125,0.125,0.125,0.125,0.125,0.125,0.125
6,6.0,2.0757334209441005,0.125,0.125,0.125,0.125,0.125,0.125,0.125,0.125
7,7.0,2.7307768275633495,0.125,0.125,0.125,0.125,0.125,0.125,0.125,0.125
8,8.0,3.4630081252450404,0.125,0.125,0.125,0.125,0.125,0.125,0.125,0.125
9,9.0,4.2673862119061114,0.125,0.125,0.125,0.125,0.125,0.125,0.125,0.125
10,10.0,5.138652627782014,0.125,0.125,0.125,0.125,0.125,0.125,0.125,0.125
11,11.0,6.071405875792507,0.125,0.125,0.125,0.125,0.125,0.125,0.125,0.125
12,12.0,7.060169740244025,0.125,0.125,0.125,0.125,0.125,0.125,0.125,0.125
13,13.0,8.099455520847952,0.125,0.125,0.125,0.125,0.125,0.125,0.125,0.125
14,14.0,9.183818168183006,0.125,0.125,0.125,0.125,0.125,0.125,0.125,0.125
15,15.0,10.307906369102724,0.125,0.125,0.125,0.125,0.125,0.125,0.125,0.125
16,16.0,11.466506686239443,0.125,0.125,0.125,0.125,0.125,0.125,0.125,0.125
17,17.0,12.654581904800096,0.125,0.125,0.125,0.125,0.125,0.125,0.125,0.125
18,18.0,13.867303782456686,0.125,0.125,0.125,0.125,0.125,0.125,0.125,0.125
19,19.0,15.100080434523047,0.125,0.125,0.125,0.125,0.125,0.125,0.125,0.125
20,20.0,16.348578617037543,0.125,0.125,0.125,0.125,0.125,0.125,0.125,0.125
21,21.0,17.608741195130214,0.125,0.125,0.125,0.125,0.125,0.125,0.125,0.125
22,22.0,18.876800103462312,0.125,0.125,0.125,0.125,0.125,0.125,0.125,0.125
23,23.0,20.14928511992658,0.125,0.125,0.125,0.125,0.125,0.125,0.125,0.125
24,24.0,21.423028783545156,0.125,0.125,0.125,0.125,0.125,0.125,0.125,0.125
25,25.0,22.695167792966423,0.125,0.125,0.125,0.125,0.125,0.125,0.125,0.125
26,26.0,23.963141223515898,0.125,0.125,0.125,0.125,0.125,0.125,0.125,0.125
27,27.0,25.224685898775267,0.125,0.125,0.125,0.125,0.125,0.125,0.125,0.125
28,28.0,26.477829247520948,0.125,0.125,0.125,0.125,0.125,0.125,0.125,0.125
29,29.0,27.720879968916847,0.125,0.125,0.125,0.125,0.125,0.125,0.125,0.125
30,30.0,28.95241681848399,0.125,0.125,0.125,0.125,0.125,0.125,0.125,0.125
31,31.0,30.17127581490958,0.125,0.125,0.125,0.125,0.125,0.125,0.125,0.125
32,32.0,31.376536153543515,0.125,0.125,0.125,0.125,0.125,0.125,0.125,0.125
33,33.0,32.567505096778625,0.125,0.125,0.125,0.125,0.125,0.125,0.125,0.125
34,34.0,33.74370209472243,0.125,0.125,0.125,0.125,0.125,0.125,0.125,0.125
35,35.0,34.90484237192463,0.125,0.125,0.125,0.125,0.125,0.125,0.125,0.125
36,36.0,36.05082019768737,0.125,0.125,0.125,0.125,0.125,0.125,0.125,0.125
37,37.0,37.18169203889697,0.125,0.125,0.125,0.125,0.125,0.125,0.125,0.125
38,38.0,38.29765977559663,0.125,0.125,0.125,0.125,0.125,0.125,0.125,0.125
39,39.0,39.399054140870355,0.125,0.125,0.125,0.125,0.125,0.125,0.125,0.125
40,40.0,40.48631852820801,0.125,0.125,0.125,0.125,0.125,0.125,0.125,0.125
41,41.0,41.55999329152982,0.125,0.125,0.125,0.125,0.125,0.125,0.125,0.125
42,42.0,42.62070064560415,0.125,0.125,0.125,0.125,0.125,0.125,0.125,0.125
43,43.0,43.669130257815,0.125,0.125,0.125,0.125,0.125,0.125,0.125,0.125
44,44.0,44.70602560622662,0.125,0.125,0.125,0.125,0.125,0.125,0.125,0.125
45,45.0,45.73217116373481,0.125,0.125,0.125,0.125,0.125,0.125,0.125,0.125
46,46.0,46.748380453854836,0.125,0.125,0.125,0.125,0.125,0.125,0.125,0.125
47,47.0,47.755485010424316,0.125,0.125,0.125,0.125,0.125,0.125,0.125,0.125
48,48.0,48.7543242612326,0.125,0.125,0.125,0.125,0.125,0.125,0.125,0.125
49,49.0,49.745736344347726,0.125,0.125,0.125,0.125,0.125,0.125,0.125,0.125
50,50.0,50.730549855707864,0.125,0.125,0.125,0.125,0.125,0.125,0.125,0.125
51,51.0,51.70957651737491,0.125,0.125,0.125,0.125,0.125,0.125,0.125,0.125
52,52.0,52.68360474770151,0.125,0.125,0.125,0.125,0.125,0.125,0.125,0.125
53,53.0,53.65339410751842,0.125,0.125,0.125,0.125,0.125,0.125,0.125,0.125
54,54.0,54.61967059027847,0.125,0.125,0.125,0.125,0.125,0.125,0.125,0.125
55,55.0,55.58312271885972,0.125,0.125,0.125,0.125,0.125,0.125,0.125,0.125
56,56.0,56.544398407394254,0.125,0.125,0.125,0.125,0.125,0.125,0.125,0.125
57,57.0,57.51410254300139,0.125,0.125,0.125,0.125,0.125,0.125,0.125,0.125
58,58.0,58.482695239617804,0.125,0.125,0.125,0.125,0.125,0.125,0.125,0.125
59,59.0,59.450601714176386,0.125,0.125,0.125,0.125,0.125,0.125,0.125,0.125
60,60.0,60.418211524137355,0.125,0.125,0.125,0.125,0.125,0.125,0.125,0.125
61,61.0,61.38587823786085,0.125,0.125,0.125,0.125,0.125,0.125,0.125,0.125
62,62.0,62.35391949783339,0.125,0.125,0.125,0.125,0.125,0.125,0.125,0.125
63,63.0,63.32261743683034,0.125,0.125,0.125,0.125,0.125,0.125,0.125,0.125
64,64.0,64.2922194075593,0.125,0.125,0.125,0.125,0.125,0.125,0.125,0.125
65,65.0,65.26293898713978,0.125,0.125,0.125,0.125,0.125,0.125,0.125,0.125
66,66.0,66.2349572188908,0.125,0.125,0.125,0.125,0.125,0.125,0.125,0.125
67,67.0,67.21842405527781,0.125,0.125,0.125,0.125,0.125,0.125,0.125,0.125
68,68.0,68.20335996747335,0.125,0.125,0.125,0.125,0.125,0.125,0.125,0.125
69,69.0,69.18976868877459,0.125,0.125,0.125,0.125,0.125,0.125,0.125,0.125
70,70.0,70.17763885105798,0.125,0.125,0.125,0.125,0.125,0.125,0.125,0.125
71,71.0,71.16694560860243,0.125,0.125,0.125,0.125,0.125,0.125,0.125,0.125
72,72.0,72.15765223430643,0.125,0.125,0.125,0.125,0.125,0.125,0.125,0.125
73,73.0,73.15971167509696,0.125,0.125,0.125,0.125,0.125,0.125,0.125,0.125
74,74.0,74.16296805505746,0.125,0.125,0.125,0.125,0.125,0.125,0.125,0.125
75,75.0,75.16726911647135,0.125,0.125,0.125,0.125,0.125,0.125,0.125,0.125
76,76.0,76.17246738057912,0.125,0.125,0.125,0.125,0.125,0.125,0.125,0.125
77,77.0,77.17842114447033,0.125,0.125,0.125,0.125,0.125,0.125,0.125,0.125
78,78.0,78.19499532052772,0.125,0.125,0.125,0.125,0.125,0.125,0.125,0.125
79,79.0,79.2119621257741,0.125,0.125,0.125,0.125,0.125,0.125,0.125,0.125
80,80.0,80.22911262923809,0.125,0.125,0.125,0.125,0.125,0.125,0.125,0.125
81,81.0,81.2462569560633,0.125,0.125,0.125,0.125,0.125,0.125,0.125,0.125
82,82.0,82.27322428064537,0.125,0.125,0.125,0.125,0.125,0.125,0.125,0.125
83,83.0,83.29976262996277,0.125,0.125,0.125,0.125,0.125,0.125,0.125,0.125
84,84.0,84.3256495180488,0.125,0.125,0.125,0.125,0.125,0.125,0.125,0.125
85,85.0,85.35069122214574,0.125,0.125,0.125,0.125,0.125,0.125,0.125,0.125
86,86.0,86.37472184361154,0.125,0.125,0.125,0.125,0.125,0.125,0.125,0.125
87,87.0,87.40760218449464,0.125,0.125,0.125,0.125,0.125,0.125,0.125,0.125
88,88.0,88.43911846944448,0.125,0.125,0.125,0.125,0.125,0.125,0.125,0.125
89,89.0,89.46909194120488,0.125,0.125,0.125,0.125,0.125,0.125,0.125,0.125
90,90.0,90.4973771463772,0.125,0.125,0.125,0.125,0.125,0.125,0.125,0.125
91,91.0,91.53386005956853,0.125,0.125,0.125,0.125,0.125,0.125,0.125,0.125
92,92.0,92.57835608084503,0.125,0.125,0.125,0.125,0.125,0.125,0.125,0.125
93,93.0,93.62061893918542,0.125,0.125,0.125,0.125,0.125,0.125,0.125,0.125
94,94.0,94.66044932229993,0.125,0.125,0.125,0.125,0.125,0.125,0.125,0.125
95,95.0,95.69769217387997,0.125,0.125,0.125,0.125,0.125,0.125,0.125,0.125
96,96.0,96.73223381856323,0.125,0.125,0.125,0.125,0.125,0.125,0.125,0.125
97,97.0,97.76399896059252,0.125,0.125,0.125,0.125,0.125,0.125,0.125,0.125
98,98.0,98.80294759881296,0.125,0.125,0.125,0.125,0.125,0.125,0.125,0.125
99,99.0,99.84897189722324,0.125,0.125,0.125,0.125,0.125,0.125,0.125,0.125
100,100.0,100.89190404682026,0.125,0.125,0.125,0.125,0.125,0.125,0.125,0.125
101,101.0,101.93162394098937,0.125,0.125,0.125,0.125,0.125,0.125,0.125,0.125
102,102.0,102.96805560633167,0.125,0.125,0.125,0.125,0.125,0.125,0.125,0.125
103,103.0,104.00116354907644,0.125,0.125,0.125,0.125,0.125,0.125,0.125,0.125
104,104.0,105.03094906205595,0.125,0.125,0.125,0.125,0.125,0.125,0.125,0.125
105,105.0,106.05744653311694,0.125,0.125,0.125,0.125,0.125,0.125,0.125,0.125
106,106.0,107.08071979174069,0.125,0.125,0.125,0.125,0.125,0.125,0.125,0.125
107,107.0,108.10085852658464,0.125,0.125,0.125,0.125,0.125,0.125,0.125,0.125
108,108.0,109.11797480267836,0.125,0.125,0.125,0.125,0.125,0.125,0.125,0.125
109,109.0,110.13219970313592,0.125,0.125,0.125,0.125,0.125,0.125,0.125,0.125
110,110.0,111.15368011651637,0.125,0.125,0.125,0.125,0.125,0.125,0.125,0.125
111,111.0,112.17247568739359,0.125,0.125,0.125,0.125,0.125,0.125,0.125,0.125
112,112.0,113.18866694430916,0.125,0.125,0.125,0.125,0.125,0.125,0.125,0.125
113,113.0,114.20235240609009,0.125,0.125,0.125,0.125,0.125,0.125,0.125,0.125
114,114.0,115.21364579763203,0.125,0.125,0.125,0.125,0.125,0.125,0.125,0.125
115,115.0,116.22267339204345,0.125,0.125,0.125,0.125,0.125,0.125,0.125,0.125
116,116.0,117.22957149309329,0.125,0.125,0.125,0.125,0.125,0.125,0.125,0.125
117,117.0,118.23448406910722,0.125,0.125,0.125,0.125,0.125,0.125,0.125,0.125
118,118.0,119.23756054682869,0.125,0.125,0.125,0.125,0.125,0.125,0.125,0.125
119,119.0,120.23895377130972,0.125,0.125,0.125,0.125,0.125,0.125,0.125,0.125
120,120.0,121.23881813562956,0.125,0.125,0.125,0.125,0.125,0.125,0.125,0.125
121,121.0,122.2373078821611,0.125,0.125,0.125,0.125,0.125,0.125,0.125,0.125
122,122.0,123.23457557521789,0.125,0.125,0.125,0.125,0.125,0.125,0.125,0.125
123,123.0,124.23077074321681,0.125,0.125,0.125,0.125,0.125,0.125,0.125,0.125
124,124.0,125.22603868698369,0.125,0.125,0.125,0.125,0.125,0.125,0.125,0.125
125,125.0,126.22051944950404,0.125,0.125,0.125,0.125,0.125,0.125,0.125,0.125
126,126.0,127.21434694127731,0.125,0.125,0.125,0.125,0.125,0.125,0.125,0.125
127,127.0,128.20764821446048,0.125,0.125,0.125,0.125,0.125,0.125,0.125,0.125
128,128.0,129.20054287818073,0.125,0.125,0.125,0.125,0.125,0.125,0.125,0.125
129,129.0,130.19314264674713,0.125,0.125,0.125,0.125,0.125,0.125,0.125,0.125
130,130.0,131.19555101198944,0.125,0.125,0.125,0.125,0.125,0.125,0.125,0.125
131,131.0,132.19776303058762,0.125,0.125,0.125,0.125,0.125,0.125,0.125,0.125
132,132.0,133.19977621702012,0.125,0.125,0.125,0.125,0.125,0.125,0.125,0.125
133,133.0,134.20159032263916,0.125,0.125,0.125,0.125,0.125,0.125,0.125,0.125
134,134.0,135.2032071144699,0.125,0.125,0.125,0.125,0.125,0.125,0.125,0.125
135,135.0,136.20463015597286,0.125,0.125,0.125,0.125,0.125,0.125,0.125,0.125
136,136.0,137.2158645917658,0.125,0.125,0.125,0.125,0.125,0.125,0.125,0.125
137,137.0,138.2268169380618,0.125,0.125,0.125,0.125,0.125,0.125,0.125,0.125
138,138.0,139.23740588034755,0.125,0.125,0.125,0.125,0.125,0.125,0.125,0.125
139,139.0,140.24756186960127,0.125,0.125,0.125,0.125,0.125,0.125,0.125,0.125
140,140.0,141.25722664123361,0.125,0.125,0.125,0.125,0.125,0.125,0.125,0.125
141,141.0,142.26635266929037,0.125,0.125,0.125,0.125,0.125,0.125,0.125,0.125
142,142.0,143.27490256784859,0.125,0.125,0.125,0.125,0.125,0.125,0.125,0.125
143,143.0,144.28284845087248,0.125,0.125,0.125,0.125,0.125,0.125,0.125,0.125
144,144.0,145.29017126108525,0.125,0.125,0.125,0.125,0.125,0.125,0.125,0.125
145,145.0,146.29686007766588,0.125,0.125,0.125,0.125,0.125,0.125,0.125,0.125
146,146.0,147.3029114118118,0.125,0.125,0.125,0.125,0.125,0.125,0.125,0.125
147,147.0,148.30832849842503,0.125,0.125,0.125,0.125,0.125,0.125,0.125,0.125
148,148.0,149.32312059139267,0.125,0.125,0.125,0.125,0.125,0.125,0.125,0.125
149,149.0,150.3372022691496,0.125,0.125,0.125,0.125,0.125,0.125,0.125,0.125
150,150.0,151.35050375643937,0.125,0.125,0.125,0.125,0.125,0.125,0.125,0.125
151,151.0,152.36297005743577,0.125,0.125,0.125,0.125,0.125,0.125,0.125,0.125
152,152.0,153.37456002775815,0.125,0.125,0.125,0.125,0.125,0.125,0.125,0.125
153,153.0,154.3852454007707,0.125,0.125,0.125,0.125,0.125,0.125,0.125,0.125
154,154.0,155.39500978247432,0.125,0.125,0.125,0.125,0.125,0.125,0.125,0.125
155,155.0,156.4038476281828,0.125,0.125,0.125,0.125,0.125,0.125,0.125,0.125
156,156.0,157.41176321303865,0.125,0.125,0.125,0.125,0.125,0.125,0.125,0.125
157,157.0,158.4187696072785,0.125,0.125,0.125,0.125,0.125,0.125,0.125,0.125
158,158.0,159.4248876660216,0.125,0.125,0.125,0.125,0.125,0.125,0.125,0.125
159,159.0,160.43014504223015,0.125,0.125,0.125,0.125,0.125,0.125,0.125,0.125
160,160.0,161.43457523039558,0.125,0.125,0.125,0.125,0.125,0.125,0.125,0.125
161,161.0,162.4382166474405,0.125,0.125,0.125,0.125,0.125,0.125,0.125,0.125
162,162.0,163.45111175630652,0.125,0.125,0.125,0.125,0.125,0.125,0.125,0.125
163,163.0,164.46320623672287,0.125,0.125,0.125,0.125,0.125,0.125,0.125,0.125
164,164.0,165.4744592067304,0.125,0.125,0.125,0.125,0.125,0.125,0.125,0.125
165,165.0,166.4848422876698,0.125,0.125,0.125,0.125,0.125,0.125,0.125,0.125
166,166.0,167.51433863763862,0.125,0.125,0.125,0.125,0.125,0.125,0.125,0.125
167,167.0,168.54274196623416,0.125,0.125,0.125,0.125,0.125,0.125,0.125,0.125
168,168.0,169.5698775423078,0.125,0.125,0.125,0.125,0.125,0.125,0.125,0.125
169,169.0,170.595600785351,0.125,0.125,0.125,0.125,0.125,0.125,0.125,0.125
170,170.0,171.61979569623637,0.125,0.125,0.125,0.125,0.125,0.125,0.125,0.125
171,171.0,172.64237315907084,0.125,0.125,0.125,0.125,0.125,0.125,0.125,0.125
172,172.0,173.67326914403114,0.125,0.125,0.125,0.125,0.125,0.125,0.125,0.125
173,173.0,174.7023428390551,0.125,0.125,0.125,0.125,0.125,0.125,0.125,0.125
174,174.0,175.7394857361861,0.125,0.125,0.125,0.125,0.125,0.125,0.125,0.125
175,175.0,176.77451948624218,0.125,0.125,0.125,0.125,0.125,0.125,0.125,0.125
176,176.0,177.8073046664302,0.125,0.125,0.125,0.125,0.125,0.125,0.125,0.125
177,177.0,178.83773828193512,0.125,0.125,0.125,0.125,0.125,0.125,0.125,0.125
178,178.0,179.8657511530702,0.125,0.125,0.125,0.125,0.125,0.125,0.125,0.125
179,179.0,180.89130522556107,0.125,0.125,0.125,0.125,0.125,0.125,0.125,0.125
180,180.0,181.91439083854723,0.125,0.125,0.125,0.125,0.125,0.125,0.125,0.125
181,181.0,182.93502398184933,0.125,0.125,0.125,0.125,0.125,0.125,0.125,0.125
182,182.0,183.96324357100272,0.125,0.125,0.125,0.125,0.125,0.125,0.125,0.125
183,183.0,184.98900876553074,0.125,0.125,0.125,0.125,0.125,0.125,0.125,0.125
184,184.0,186.02230735295063,0.125,0.125,0.125,0.125,0.125,0.125,0.125,0.125
185,185.0,187.05305300809906,0.125,0.125,0.125,0.125,0.125,0.125,0.125,0.125
186,186.0,188.08119356765164,0.125,0.125,0.125,0.125,0.125,0.125,0.125,0.125
187,187.0,189.10670813557243,0.125,0.125,0.125,0.125,0.125,0.125,0.125,0.125
188,188.0,190.12960416534543,0.125,0.125,0.125,0.125,0.125,0.125,0.125,0.125
189,189.0,191.14991455048767,0.125,0.125,0.125,0.125,0.125,0.125,0.125,0.125
190,190.0,192.16769475161084,0.125,0.125,0.125,0.125,0.125,0.125,0.125,0.125
191,191.0,193.18301998510557,0.125,0.125,0.125,0.125,0.125,0.125,0.125,0.125
192,192.0,194.19598249539976,0.125,0.125,0.125,0.125,0.125,0.125,0.125,0.125
193,193.0,195.21668892971056,0.125,0.125,0.125,0.125,0.125,0.125,0.125,0.125
194,194.0,196.23515783129315,0.125,0.125,0.125,0.125,0.125,0.125,0.125,0.125
195,195.0,197.25142826440455,0.125,0.125,0.125,0.125,0.125,0.125,0.125,0.125
196,196.0,198.26555737156076,0.125,0.125,0.125,0.125,0.125,0.125,0.125,0.125
197,197.0,199.27761799428572,0.125,0.125,0.125,0.125,0.125,0.125,0.125,0.125
198,198.0,200.29769637479535,0.12472222222222223,0.12583333333333335,0.12583333333333332,0.12472222222222223,0.12472222222222223,0.12472222222222223,0.12472222222222223,0.12472222222222223
199,199.0,201.31578995350608,0.12430833333333334,0.12763055555555555,0.12651944444444443,0.12430833333333334,0.12430833333333334,0.12430833333333334,0.12430833333333334,0.12430833333333334
200,200.0,202.33191627481068,0.12366424122807018,0.12894324122807016,0.1269543523391813,0.1247753523391813,0.12366424122807018,0.12366424122807018,0.12366424122807018,0.12467008918128655
201,201.0,203.3461108012367,0.1228173869471026,0.13073196967437534,0.12726097472488038,0.12502849805821373,0.1228173869471026,0.1228173869471026,0.1228173869471026,0.12570900975412014
202,202.0,204.36842476700775,0.12177552907324561,0.13286177830657897,0.12733433775102337,0.12506564018435673,0.12177552907324561,0.12288664018435672,0.12177552907324561,0.12652501635394736
203,203.0,205.3888230885316,0.12055877690971709,0.1344655865830947,0.12906756596883673,0.12489819802082819,0.12055877690971709,0.12276988802082818,0.12055877690971709,0.12712243067726095
204,204.0,206.4072933470178,0.1191906174075284,0.13580455568790442,0.13036358510729873,0.12543687126074476,0.11929588056542313,0.12248072851863949,0.1191906174075284,0.1282371440449327
205,205.0,207.4238436461852,0.1187309600832336,0.13604252515445484,0.13202500161763459,0.12572037455002305,0.11994043376744412,0.12084815897212248,0.11761984897212249,0.12907269688296494
206,206.0,208.438500478974,0.11817269714643208,0.13660811934781047,0.13541016573668924,0.12473942459386886,0.12038348279236509,0.11910199193532096,0.11596158603532099,0.1296225324121924
207,207.0,209.45130662369417,0.11719267266756449,0.1375504501593086,0.1389165513095216,0.12340388469854807,0.12049398124917,0.11804356081856447,0.11484700600089784,0.12955189309642504
208,208.0,210.46231908770537,0.11609907744526154,0.13815915449917499,0.14273704695338965,0.12191779681446074,0.12038552287608556,0.11687089074065152,0.11454819168768579,0.12928231898329035
209,209.0,211.47160711443837,0.11506420450608981,0.13980443726410335,0.14642021852293294,0.12046107661932441,0.11918815864690224,0.11575713229847688,0.11431837284851405,0.1289863992936564
210,210.0,212.47925026735373,0.11398141924001678,0.14147729889504937,0.1508318555987774,0.11793424343508423,0.11791164167841066,0.11459642080177737,0.11470850367992587,0.1285586166709584
211,211.0,213.48533660230402,0.11273654275259534,0.14282845490930385,0.15575449020902946,0.115239778912695,0.11735594534351948,0.11327526069117448,0.11492288992675077,0.1278866372549317
212,212.0,214.48996093773624,0.1115650511126527,0.14499247339930246,0.16045825079960035,0.11262820901301371,0.11684318090585394,0.11202972661098277,0.1142746894577065,0.12720841870088767
213,213.0,215.49322323024785,0.11141287919339887,0.14561318117932406,0.1650933118418772,0.1101498275052339,0.11731574126162657,0.11089717883143055,0.11292157801400546,0.12659630217310353
214,214.0,216.49522706120587,0.11109772641006718,0.14652997208383597,0.16889818690826083,0.10821905751820138,0.11758847799604549,0.1106139356865409,0.11134339310336563,0.12570925029368277
215,215.0,217.496078238456,0.11085008133793767,0.14734432963160382,0.17242563805346894,0.1064114845607507,0.11788968506494088,0.11040893810533542,0.1098323200254834,0.1248375232204794
216,216.0,218.49588351559655,0.11071536995631173,0.14821794399241467,0.17546421207924592,0.1053336180727516,0.11746972630789904,0.11032611180695803,0.10833656851767204,0.1241364492667472
217,217.0,219.50474942986705,0.11050633998264925,0.14881827954848234,0.1778939702313364,0.10479167890930176,0.11694174148815772,0.11101009523213701,0.10674949234293095,0.1232884022650048
218,218.0,220.51268125841187,0.10901203674879602,0.14959460493942933,0.1804196531138918,0.10399498036059676,0.11610133623308981,0.11307088361704568,0.1057854441058146,0.12202106088133623
219,219.0,221.5196930915181,0.10745205696970275,0.15001965030862324,0.18277262874352718,0.1032506660744778,0.11432856074660602,0.1150197013900257,0.1047839887263533,0.12237274704068425
220,220.0,222.5258068103985,0.10595243185898154,0.1503435415812292,0.18483185123980897,0.10260729973817012,0.11258805605099212,0.11706659727609173,0.10386283899238219,0.12274738326234438
221,221.0,223.53105108928688,0.10442525571407217,0.15127694236212097,0.1872067129517718,0.10186421073072291,0.11135479296965888,0.11797117749469352,0.10289257771789156,0.12300833005906842
222,222.0,224.53546042939354,0.1038927423893237,0.15268518109886273,0.18927071272542167,0.10123378859548747,0.11014218600909172,0.1188611543035062,0.10125475075719859,0.12265948412110815
223,223.0,225.53907423119563,0.10338071410593086,0.15445266230447272,0.1910114029839596,0.1011942820998062,0.10893740185392595,0.1188234106197429,0.09993023409627161,0.12226989193589038
224,224.0,226.54193591050554,0.10288583238618178,0.15534355248777362,0.19218088726349092,0.10118058448827025,0.10845958152304853,0.11946391644231935,0.098644531615333,0.12184111379358277
225,225.0,227.5440920627794,0.10084337157294974,0.15708725674981824,0.19386358010810972,0.10128895869728728,0.10809665654318912,0.11977418157811563,0.09750532576990018,0.12154066898063029
226,226.0,228.54559167919808,0.09871327941848061,0.1589872004962556,0.1956288795204069,0.10129087903747708,0.10762553186380974,0.12044691465723902,0.09629412418964212,0.12101319081668917
227,227.0,229.5464854171829,0.09650458268240548,0.16051636107378275,0.19892031906893884,0.10117593439628315,0.10704070140561889,0.12071471598013998,0.09494509860370408,0.12018228678912705
228,228.0,230.54682492719743,0.09424029120169049,0.16365261069298337,0.20022948163200216,0.10060280090747838,0.10704689090696881,0.12209527181849464,0.0935362763876505,0.11859637645273194
229,229.0,231.54666223693852,0.09194663906621667,0.1662556887238754,0.20214377857795834,0.09979977704546034,0.10771356779169114,0.1232246975485208,0.0920220598842713,0.11689379136200628
230,230.0,232.54604919333613,0.08975998305487164,0.16930514314567563,0.2030067675774367,0.09902877137950282,0.10839846109188804,0.12468334534795303,0.09059594239808272,0.1152215860045897
231,231.0,233.5450369621606,0.08739022601997422,0.1724691038234844,0.20548250412102712,0.09788273393363056,0.10915890612254539,0.12553805868297324,0.08891449205922677,0.11316397523713859
232,232.0,234.54367558448104,0.08509542412282373,0.17559792628375026,0.20798378678225296,0.09727538198232392,0.10976994552490626,0.1258898001819337,0.08727759429875492,0.11111014082325453
233,233.0,235.54201358872461,0.08348709929166999,0.1776584495813026,0.20987017957313936,0.09654620772960926,0.1107226719727136,0.12700528907891007,0.08574684440201792,0.10896325837063742
234,234.0,236.5400976566566,0.08198758846336282,0.17998170023726984,0.21173499858527994,0.09527688813059408,0.11152987352513587,0.12832239739307105,0.08429469361960476,0.10687186004568186
235,235.0,237.5379723412288,0.0807582928580475,0.18304997032531917,0.2128235764344917,0.09342218765881467,0.11167432269322108,0.12998565234672627,0.08308509106005403,0.10520090662332579
236,236.0,238.53567983393148,0.08031892012543594,0.18606492038090527,0.21412210519324654,0.09145400254142166,0.11173330841770204,0.13121456109279628,0.08164825065056945,0.10344393159792302
237,237.0,239.5332597790246,0.0797561735000047,0.18860980364127364,0.2163706206666973,0.08941548242488799,0.11216700379565378,0.13197551996257248,0.0801720296018114,0.10153336640709888
238,238.0,240.53074913181817,0.07994148374560676,0.19160400469358557,0.2186633825379885,0.08732641091291231,0.11231762507729479,0.1319389112638728,0.07867241785141596,0.09953576391732344
239,239.0,241.5281820580142,0.08000880407276843,0.19528847670868738,0.22088592975098809,0.08519752489758117,0.11227278788867523,0.1315849285300762,0.07718078139055531,0.09758076676066825
240,240.0,242.52558987101048,0.08004436898201296,0.19887895744965342,0.22345455370457482,0.08302920340133428,0.11192233200276344,0.13142070170072515,0.07568634776683542,0.09556353499210056
241,241.0,243.52300100399702,0.08012075455281772,0.2028597214950731,0.22594674661045136,0.08092667083812918,0.111422484301406,0.13105090666675745,0.07403323343218204,0.09363948210318318
242,242.0,244.52044101364493,0.07958971381769225,0.20668233128477803,0.2284100075355112,0.07894009773309484,0.11081059887463121,0.13122908207334655,0.07249388063071324,0.0918442880502327
243,243.0,245.51793261219163,0.07916388406371593,0.2121833399115614,0.23108601373315568,0.0771506539100733,0.10914945329290653,0.13127781008581677,0.07111889098626036,0.08886995401651003
244,244.0,246.52549572476173,0.07881030121814396,0.21786844419889106,0.23323360162369672,0.07543486128897887,0.10783908565194861,0.1318973639919574,0.06981047131730443,0.08510587070907888
245,245.0,247.5330475688272,0.07848025720351828,0.22316862664278014,0.2352920827851845,0.07382164015743324,0.1065118525326537,0.13265058684338737,0.06859159454899501,0.0814833592860477
246,246.0,248.55051375279785,0.07734185680780649,0.22962425513229537,0.23744469797868112,0.07234659690812816,0.10511653771163108,0.13321988482243918,0.06691043116764425,0.07799573947137425
247,247.0,249.56772818084346,0.07699654015847125,0.23539957746850415,0.23919755378918514,0.070714329115174,0.10343158453112226,0.13389352810514166,0.06588771248907942,0.074479174343322
248,248.0,250.58454388427606,0.07661751413194119,0.24077450292851776,0.2410209342826222,0.06910594399543817,0.10165027300185842,0.1342854698684671,0.06492457562207278,0.07162078616908228
249,249.0,251.60083257852267,0.07627175537734783,0.2456995233614146,0.2435330894396724,0.0676186367944692,0.09991114957643646,0.1339355480802638,0.06406082499475899,0.06896947237563662
250,250.0,252.6164840775594,0.07543680706341548,0.25025672383582304,0.2458915186448311,0.06623258510077216,0.09811920919562633,0.13428213339050568,0.06327257179781397,0.06650845097121215
251,251.0,253.64140558591683,0.07456828447993423,0.25485499375417514,0.2480363898212286,0.06485225168365466,0.0962499600142634,0.13476178431799835,0.06250849567088715,0.06416784025785834
252,252.0,254.6654208875794,0.07369808008867831,0.259482025282264,0.25001966749835347,0.0635535750014716,0.09436946174850488,0.1350832372494823,0.061793669477230535,0.06200028365401476
253,253.0,255.6983804501999,0.07284222744644037,0.2638832832315264,0.2524814335830413,0.06234853947965396,0.09251694716581346,0.1347727746290967,0.06113747981755625,0.06001731464687143
254,254.0,256.7300602520563,0.07203349893153414,0.26782613930188226,0.2547046697106017,0.06126548038417655,0.09076010785997622,0.13459787665635006,0.060566273961856,0.058245953193622926
255,255.0,257.7602714712066,0.0713927938855437,0.2698094879646453,0.2574315022981301,0.06037726508923825,0.08920282414388925,0.13518193572939097,0.05982555928822676,0.05677863160093541
256,256.0,258.7888588537297,0.0708147762612211,0.2716972144630079,0.25988642914455296,0.05961731165587929,0.08824855810118816,0.13503449074011734,0.05917706076668916,0.055524158867343895
257,257.0,259.8156989094632,0.0691178359382497,0.27501737154784345,0.26140435378421084,0.058985014849769805,0.08762520558466089,0.1346377664460242,0.05836631471393758,0.054846137135303306
258,258.0,260.84069797052877,0.0674705971541872,0.27813780530133597,0.26253464494572465,0.05801362543310982,0.08763835619995752,0.13424126348461113,0.05808290631905636,0.0538808011620171
259,259.0,261.86379014578245,0.06590138749822398,0.28049845949629193,0.2639817411066788,0.05713155728432699,0.08789437238630228,0.13365689242767698,0.057843137804824495,0.05309245199567424
260,260.0,262.884935202053,0.0644031173368426,0.28239624905294386,0.26525484732924015,0.05632343781448502,0.08819983049161678,0.13332453585830692,0.057641686486587684,0.05245629562997668
261,261.0,263.90411640067595,0.06307860295843058,0.284594949695588,0.2659092526630348,0.05568455150585595,0.08864132989841864,0.13246157808052653,0.057571333313396526,0.052058401884748765
262,262.0,264.9213383154298,0.06185820009448301,0.2864636154379396,0.26659970437454433,0.05515515441923878,0.08915164199632505,0.13138781155975304,0.05757046251631235,0.051813409601403695
263,263.0,265.936624655554,0.06074223963388881,0.2871909574317354,0.26876540454349046,0.054716224853089634,0.0895650647678447,0.13033718152903898,0.05711876781548644,0.05156415942542541
264,264.0,266.9500161151102,0.05988875305985444,0.28846138896117424,0.2709268173859557,0.05439632690255461,0.08953552972847208,0.12857947759236527,0.056751082172267264,0.05146062419735634
265,265.0,267.9615682675597,0.059264492598695574,0.2893013889383367,0.2729127746154897,0.054292549102615814,0.0891179096485634,0.1269455394850187,0.056566663389173356,0.051598682222106736
266,266.0,268.97134952208864,0.05867102022856692,0.28943095666879126,0.27404378714747935,0.054202559201043665,0.08914711542832837,0.12525514368284763,0.05636727095285378,0.0528821466900889
267,267.0,269.97943915594385,0.05817398401658689,0.2891807411710994,0.2751991462873626,0.05418062216979895,0.08922068500435222,0.12373614023036485,0.056066270800484264,0.05424241031995078
268,268.0,270.98592543485404,0.05773746424542773,0.28867078230967047,0.27644831853311636,0.05420419737903169,0.08929073102473889,0.12221863110649453,0.055795285430695625,0.05563458997082459
269,269.0,272.00090383152474,0.05735622837568406,0.2878727055807033,0.27832977067054293,0.05425770829880234,0.08885879188738677,0.12075077883145131,0.055539611934745894,0.057034404420683235
270,270.0,273.0143753502131,0.05702102040244438,0.2868225093055924,0.2803574942625542,0.054330086275392014,0.08842184552597587,0.11933475626963554,0.05529273588674328,0.058419552071662245
271,271.0,274.0263559635304,0.05690986142947606,0.2831586583784331,0.28323109709978095,0.054589944347299864,0.090007371744817,0.11835033663389721,0.05522344568145083,0.05852928468484485
272,272.0,275.03687495588076,0.056835129806566936,0.27956840105400055,0.2860313155000447,0.05485685104512487,0.09155029063799192,0.11739020964004189,0.05515921248788262,0.058608589828346436
273,273.0,276.04597329943726,0.05681900700451835,0.2761832824651992,0.28898647673770783,0.05515250932887522,0.09256422831234437,0.11648445223769666,0.055125249826380084,0.058684794087278266
274,274.0,277.05370207564374,0.056764106039424146,0.2736355798507928,0.29153516138681923,0.0553794001272803,0.09344992680240834,0.11554288467509666,0.05502718294051109,0.058665758177667414
275,275.0,278.06012095347313,0.05673310177060659,0.2715252457294007,0.29367057674178226,0.05671149042536846,0.09317479431179378,0.11463469555727947,0.054930650954937724,0.05861944450883101
276,276.0,279.06529673398484,0.056733679920073096,0.269537978485014,0.29595370734886367,0.058009118365192854,0.09279852513978477,0.11376237678954407,0.054807851517516236,0.05839676243401132
277,277.0,280.0693019691056,0.05746998347506624,0.2679654240716651,0.2981317799822753,0.0589514219656307,0.09243687668973873,0.11243596768348965,0.05436282128952978,0.05824572484260451
278,278.0,281.07221366102317,0.058363307554684135,0.2662420973033807,0.30034051016913454,0.059854987588473685,0.09204567714101405,0.11115455500109994,0.05392271061617215,0.05807615462604081
279,279.0,282.0741120471388,0.05915944709785346,0.26420728905461366,0.30218919260560073,0.060133300854536054,0.09302591421740504,0.10984636638661885,0.053605365738094116,0.05783312404527816
280,280.0,283.0850794741714,0.05979395090053531,0.26200035901693525,0.30390959177585763,0.06051590306726975,0.09396003401625952,0.10859310561278578,0.053650688934015645,0.0575763666763412
281,281.0,284.09509936375906,0.06043359569918107,0.26012773119576826,0.30570845414166536,0.06087684079389183,0.09375441528942076,0.10694474780841633,0.05371065134658821,0.05844356372506833
282,282.0,285.10416627075034,0.06109330865448077,0.2571566640421832,0.30763361655949695,0.06123650881402013,0.09345593556582325,0.10569581882069264,0.05380442676170687,0.0599237207815964
283,283.0,286.12228482433505,0.06173677249067078,0.25409552179850525,0.3094995442001774,0.0615637240875575,0.09356572380671806,0.10436191774078982,0.05386262514069697,0.06131417073488447
284,284.0,287.1393686743179,0.06220964797114923,0.2509396965347352,0.31210559326772086,0.06170893022627673,0.09342308775566066,0.10331889672673321,0.05377119723215169,0.06252295028557271
285,285.0,288.1553504525593,0.06291946110959103,0.2481579552026988,0.3144149800576117,0.061713701644810603,0.09311389505245854,0.10224690756792022,0.05360703708474128,0.0638260622801681
286,286.0,289.17018054845096,0.06342684069357708,0.24558310320324167,0.3165814212954298,0.06151623836480622,0.09297287417383786,0.10079586621142719,0.05329742904737565,0.06582622701030472
287,287.0,290.1838258292689,0.06383008253191318,0.24344060960898103,0.3174647982965638,0.0612293525239635,0.09277437032514244,0.09956459508675185,0.053972012035135235,0.06772417959154911
288,288.0,291.19626832371245,0.06417372705848483,0.24142652275831247,0.3183844382579197,0.060903504868700484,0.09253746957587503,0.09841664811365387,0.054638445512303915,0.0695192438547499
289,289.0,292.20750388547447,0.0640302946095311,0.2393026735274177,0.3194187015631365,0.06137597503910989,0.09220162636552072,0.097149732147717,0.05557827796933972,0.07094271877822757
290,290.0,293.2175408522055,0.06385984314724633,0.23767141250249801,0.3203104964884651,0.06183251210146226,0.09156555043798516,0.09597882369353126,0.05650803588034452,0.0722733257484675
291,291.0,294.22639871374145,0.06387137410449768,0.23708086169011894,0.3207168720366774,0.06374097277908475,0.09023024970120187,0.09449756416331268,0.05761511148175107,0.07224699404335577
292,292.0,295.23410680198634,0.06378691761689814,0.23713926000093827,0.32085570520852896,0.0657338918325754,0.08884077190203117,0.09297850469018197,0.05861066396467406,0.07205428478417217
293,293.0,296.2407030133869,0.06378427607225656,0.2390718217185854,0.32010894081724495,0.06777001198496009,0.08758378860315126,0.0916557838034218,0.05814449643031676,0.07188088057006331
294,294.0,297.24623257351357,0.06430356645533535,0.2406670593154547,0.31933803339931155,0.06824385012112821,0.08743320804060732,0.09050309250098462,0.05771571461936258,0.07179547554781576
295,295.0,298.2507468518924,0.06470618360022538,0.2413605311652411,0.31818259075078686,0.0698375916855271,0.08736235510392125,0.08983531731767164,0.05716202798981163,0.07155340238681508
296,296.0,299.2543022339145,0.0650067827229145,0.24234275049463394,0.3170345680971249,0.07128933189892019,0.08729497229748462,0.08924460133396427,0.05656323985819884,0.07122375329675881
297,297.0,300.2569590553951,0.06522549281689861,0.2428880089742317,0.3165042112072888,0.07258859501455907,0.08720146247598244,0.08864111250926154,0.056162687058454855,0.07078842994332302
298,298.0,301.25878060417375,0.06512821133715453,0.24317283377724888,0.31640649541202787,0.07362287424451364,0.08748344769595681,0.08830545837800621,0.05567129228724786,0.07020938686784425
299,299.0,302.25983219203283,0.06514969659243151,0.24349696369266163,0.3161564884328998,0.07456772567013899,0.08778949530535352,0.08805178784708176,0.055183352755358184,0.06960448970407468
300,300.0,303.26018029918566,0.06467842714386449,0.24407476769323683,0.3161269212637886,0.07542440412099206,0.08811589915251661,0.08789028433218687,0.05470516289755326,0.06898413339586135
301,301.0,304.2598917926314,0.06415042578835815,0.2446926205295516,0.31605770060703875,0.07659792201480348,0.08843246780030606,0.08778845439197576,0.05395247997537406,0.06832792889259225
302,302.0,305.25903321880617,0.06357206514822678,0.24553263885304583,0.3159856790612868,0.07761311772482471,0.0887346234141349,0.08772373260018353,0.05319472656169651,0.06764341663660109
303,303.0,306.25767017017546,0.06310976640069157,0.24583793642293894,0.3161416638121909,0.0780278588818119,0.08961272894942685,0.08761778551727745,0.05257608999213271,0.06707617002352984
304,304.0,307.25586672470604,0.06260338551479773,0.2459987959296739,0.3167651057035473,0.0783158976953333,0.09038204606431062,0.08753905843045151,0.05192893648046976,0.06646677418141596
305,305.0,308.2536849565365,0.06209172647492151,0.24618879660808124,0.3174567380528978,0.07849657476742898,0.09112454294081024,0.08749536218463999,0.05129158383579937,0.06585467513542101
306,306.0,309.25118451561855,0.06160170124246245,0.24615644518761493,0.3179920245132111,0.07862168294293197,0.09191828265114009,0.08775215685493476,0.0506903647232651,0.06526734188443976
307,307.0,310.2484222736362,0.06111476274104412,0.24600008269483062,0.31847799564771373,0.07864747232894992,0.09261199648993151,0.08834646200991794,0.050111881837697464,0.0646893462499148
308,308.0,311.2454520331157,0.06063137048970832,0.24634290462185715,0.31894394307699864,0.0785809680235387,0.09320490443772139,0.08885913103066628,0.049313493919597495,0.0641232843999122
309,309.0,312.24232429631616,0.06032597514657882,0.24655589299611916,0.3196907721383267,0.07816971418303904,0.09201004742963653,0.0897782471633238,0.04867338679183575,0.06479596415114035
310,310.0,313.23908609023334,0.06003634823005804,0.24756869879511284,0.3204198006049661,0.07670569841283724,0.09102460845574321,0.09069037050511362,0.04807205054753641,0.06548242444863264
311,311.0,314.23578084385656,0.059687643589524,0.2498085930290241,0.32061512201597936,0.07514298018171456,0.08958802498288009,0.09153385379876104,0.04771165471407928,0.0659121276880377
312,312.0,315.23244831367884,0.059541317661895826,0.2509926539408876,0.3213263422421907,0.0737399768641853,0.0876203969544118,0.09268766594484912,0.04756797213681797,0.06652367425476187
313,313.0,316.2291245533821,0.05946914648503519,0.25197995623514047,0.32249787950078423,0.07226635603969356,0.08560438029117357,0.09373466715664612,0.047389997660249636,0.06705761663127738
314,314.0,317.22584192358124,0.059286031367229035,0.2533164332867318,0.32393828708223626,0.07067939685266167,0.08368339055298159,0.09448289241199677,0.047140066426196885,0.06747350201996614
315,315.0,318.2226291375247,0.059136344423906216,0.25435214572517406,0.32573228203993837,0.06914841665074724,0.08150069171052801,0.09530189682373262,0.04693983947342441,0.06788838315254919
316,316.0,319.2195113386985,0.0589964594668354,0.2553577710724251,0.32750619725406266,0.0676525120235202,0.07937835924037544,0.09606138574893883,0.046767814102563914,0.06827950109127856
317,317.0,320.22651020636795,0.05887535296400745,0.25545926300026073,0.33042958391539784,0.06620859944402933,0.07734139264032754,0.0973155858879957,0.04662852709667476,0.06774169505130666
318,318.0,321.23354408520674,0.05862566696984131,0.25487738247813674,0.3339209248596845,0.06486760823959527,0.07536089333538368,0.09879638727728433,0.046575181949638104,0.06697595489043605
319,319.0,322.24053913530963,0.058344934398445236,0.2539337129827593,0.3372884335763299,0.0630596362805018,0.07339440882269851,0.10004952373926113,0.04731515083776816,0.06661419936223595
320,320.0,323.2474292890491,0.058002036759611346,0.25312089308789304,0.33949568135905717,0.061003539500777616,0.07148654371216653,0.1019659617378429,0.04882749655359542,0.06609784728905604
321,321.0,324.2541561345241,0.05741513448213861,0.25246142646691305,0.34202438769768523,0.05902608625468567,0.0694635601164159,0.10372217374258244,0.0503278510395519,0.06555938020002723
322,322.0,325.2606687341064,0.056738503565527836,0.25200924376031186,0.3442116749448682,0.057814118056425494,0.06819974996572233,0.10522432328176666,0.050884353200608655,0.06491803322476894
323,323.0,326.2769233863894,0.056439671178409645,0.2516012438593651,0.34629359315182257,0.05666565198591682,0.06722740773367408,0.10628106796535483,0.0513909847032589,0.06410037942219803
324,324.0,327.2927833395802,0.056125460725710896,0.25127991539919214,0.34832731385011906,0.055600961593184985,0.06632129779146335,0.10717904938583063,0.05188611235292673,0.06327988890157216
325,325.0,328.3081294640561,0.05581777989015929,0.25114763173554405,0.3502584898619685,0.05461067319080028,0.06572892801887047,0.10764738686125054,0.052323323308949565,0.062465787132457165
326,326.0,329.3228596814439,0.055595836238312664,0.2512505279522264,0.35147069306859047,0.053837745819072656,0.06528434350051675,0.10802799517356726,0.05279049827040354,0.061742359977310125
327,327.0,330.3368882802785,0.05541302705004108,0.2514440774397336,0.35295312651493843,0.05326401727588833,0.06587505720879902,0.106661953243328,0.05324258926617956,0.061146152001091844
328,328.0,331.3501451364268,0.05524888621866198,0.25165965844638294,0.35430812543218193,0.05277839696076829,0.06654772678399898,0.10521472360233505,0.05365842239553427,0.06058406016013643
329,329.0,332.36257485559605,0.05516551125999249,0.2515052778450646,0.3555281893724786,0.05240968966615183,0.06726681549267241,0.10375936959371476,0.054077250506008284,0.060287896263916924
330,330.0,333.3741358542924,0.05511185077094523,0.25163385545361,0.35675535889787474,0.05183965725816512,0.06809470014420083,0.10207250494672543,0.05445803945314724,0.0600340330753313
