,Unnamed: 0,Generation,Intertwine_two,Add_vertex,Delete_vertex,Invert_path_vertices,Insert_inside_vertex,Delete_inside_vertex,Replace_inside_vertex,Donate_between_routes,Trim_one_terminal_cb,Grow_one_terminal_cb
0,0.0,0.0,0.09999999999999999,0.09999999999999999,0.09999999999999999,0.09999999999999999,0.09999999999999999,0.09999999999999999,0.09999999999999999,0.09999999999999999,0.09999999999999999,0.09999999999999999
1,1.0,1.0,0.10564030229486124,0.10605864447773872,0.09955907496268993,0.10501841160224226,0.10077079478368733,0.09355916560003197,0.07851003772597977,0.09163739918605174,0.10412735860748039,0.11511881075923616
2,2.0,2.0,0.09701686551138267,0.10368425508410387,0.09019929628811751,0.10618567388998423,0.09569451773203945,0.1050515671432043,0.09204203094721025,0.09277174458196097,0.10323855451027744,0.11411549431171893
3,3.0,3.0,0.10550772713707032,0.10150930147316936,0.09069285214241951,0.10250909442680152,0.082982265303323,0.11383571054565907,0.08692054984465371,0.09309427793117084,0.11286672342997686,0.11008149776575535
4,4.0,4.0,0.10553104765069295,0.10707400807411835,0.09661068633069343,0.10999753654399191,0.09954463065433836,0.10229852607462339,0.09131471381315034,0.07615214525995205,0.10299881658671269,0.10847788901172613
5,5.0,5.0,0.11175802202756735,0.08604479072332814,0.09013968446657199,0.0968060330066848,0.08737802935081254,0.11332293409383912,0.10135059564534192,0.08401905003166274,0.1155142391119685,0.11366662154222248
6,6.0,6.0,0.0988015949570799,0.09837408573426544,0.09415323216370639,0.11749478648067273,0.0881267541821626,0.1001215220179846,0.08450931661433862,0.07966567391870885,0.11813084068065989,0.12062219325042052
7,7.0,7.0,0.10386124449570162,0.10161816516433757,0.09992264025913912,0.10374542061770042,0.08465875506953992,0.10163854573227,0.08425436170353465,0.08505427808149044,0.12801027862767686,0.10723631024860895
8,8.0,8.0,0.10478711803966093,0.10263607982016061,0.10730892690694686,0.1084882175263123,0.08779509194320048,0.09374789917030109,0.09474903379751806,0.06191296896798619,0.11711319713698967,0.12146146669092336
9,9.0,9.0,0.11657068261532874,0.10178066695275174,0.10783610103765968,0.10168467991077204,0.07456737699742265,0.0804836538357089,0.08924711900116976,0.07400527874428198,0.13987943725608304,0.1139450036488209
10,10.0,10.0,0.11501326435037322,0.10501606176783689,0.1066404606131787,0.09679410810674144,0.08548860235281575,0.09721261743935002,0.07889643643165148,0.07395759027953369,0.11624961846934687,0.12473124018917152
11,11.0,11.0,0.10185855799852277,0.0911678486848446,0.09656872810040311,0.10325248636450199,0.10755365953638203,0.10131267168263021,0.09247586152886025,0.06785015039537853,0.11763174676890933,0.12032828893956674
12,12.0,12.0,0.09540751027111706,0.12366588346598714,0.11236449415092815,0.08833151135960506,0.07443007090338324,0.08810635289053449,0.07914282029476526,0.08325484966903435,0.1341811790561689,0.1211153279384759
13,13.0,13.0,0.11898566861427058,0.09030269342593356,0.10254096905157173,0.11563688702746155,0.0845648870977174,0.08735875108128457,0.09133735799585793,0.09840234492827192,0.10124253553200602,0.1096279052456242
14,14.0,14.0,0.11548739850925975,0.10936178935188687,0.10912996980441099,0.1068282477296459,0.08681181902137318,0.09364323605401828,0.07839961409875393,0.07634188043846513,0.13062078720685028,0.0933752577853353
15,15.0,15.0,0.09869766038058439,0.10287111841028236,0.08994014678144072,0.11023478802945305,0.08676867301926079,0.10163613081657188,0.08649565938426565,0.06933418360931631,0.1302371375792376,0.12378450198958682
16,16.0,16.0,0.11443391410398976,0.10636808355295838,0.09681044889415105,0.11061458762278949,0.08135232837430571,0.09982353253529341,0.0799431251273213,0.08055087013236463,0.12748592925431995,0.10261718040250582
17,17.0,17.0,0.09899658025296026,0.09032381258237479,0.11456392936159772,0.10566208902076082,0.08364256301811365,0.11526302255600615,0.06886661953813514,0.07142055654662512,0.13457370337371286,0.11668712374971299
18,18.0,18.0,0.11804499335843566,0.09580316777913066,0.09453635060042971,0.10066847727660386,0.08059792361443383,0.0958688248537759,0.08120823603234946,0.07323101415186832,0.13477508615684244,0.12526592617612978
19,19.0,19.0,0.11695910495064524,0.08620900366681085,0.1202168030555665,0.09810792254914379,0.07255403032204397,0.10525729704915213,0.08259927871895623,0.06807283660519522,0.12931454189140196,0.12070918119108369
20,20.0,20.0,0.087764079618754,0.1058615708589901,0.09667407899944955,0.11183451326925302,0.09193595520325115,0.09759549902059211,0.09130025358276884,0.08614715783178008,0.12582035095948357,0.10506654065567715
21,21.0,21.0,0.10196613100352211,0.11768109153073418,0.10962560131885801,0.09436325332414845,0.0858887019761701,0.09427907716983513,0.07945250191619342,0.07842873640266984,0.11505777822020162,0.12325712713766657
22,22.0,22.0,0.10255003607617441,0.09185938624197723,0.10575975812364873,0.11032140238419189,0.08032611322081792,0.10494100151260552,0.0976062157377861,0.0638486688900474,0.12467466484812535,0.11811275296462509
23,23.0,23.0,0.1273364457391482,0.10385805350388466,0.09242680287292943,0.1080345559160627,0.07824896969496278,0.10185663364156325,0.08380039971662315,0.06997596193153735,0.12914901396796305,0.105313163015325
24,24.0,24.0,0.11950623439898156,0.11229044513480271,0.10482673085989744,0.11397402467837477,0.07391933097075036,0.08823633776300109,0.0775356647994239,0.06509955403817021,0.13265216504455143,0.11195951231204612
25,25.0,25.0,0.10877710266537181,0.10016253038665401,0.10806213103491762,0.11883433919987166,0.08866834188141866,0.10113763225730805,0.08126907808801341,0.06438538580029836,0.1259135289960576,0.10278992969008834
26,26.0,26.0,0.10513775521953092,0.09974646759837558,0.10479164587680594,0.11172971043807456,0.07329795917613098,0.09546808885781641,0.08310788118043731,0.07528894185244256,0.13687824853037886,0.11455330127000633
27,27.0,27.0,0.09746794394427848,0.10984609755246758,0.09817932730830663,0.10852568156605233,0.08806428411022885,0.10197589067914956,0.06298171345306648,0.07139119714739592,0.13433524830776084,0.12723261593129284
28,28.0,28.0,0.1128342371764293,0.07950072634973156,0.12936729561074925,0.08263603565290287,0.0809445180375253,0.11599483727528563,0.10729829038893537,0.05675251231322177,0.11919620653396992,0.11547534066124868
29,29.0,29.0,0.1022239219029453,0.09983910434329862,0.1078192112744369,0.109613499521572,0.0929436642198447,0.09736885714767411,0.07083226052756245,0.07727705310651356,0.1158223007862009,0.1262601271699509
30,30.0,30.0,0.08627419641514404,0.1255523007898035,0.09755550114130525,0.09784976685543569,0.08598829868546493,0.1005374060969914,0.08813732147337085,0.05440140526368348,0.14409966489628456,0.11960413838251582
31,31.0,31.0,0.09496388112274924,0.09315082086985796,0.12331759772740533,0.0987822962039419,0.08853731947212135,0.09990915160570228,0.07640087499092896,0.061729886311944385,0.13467016004738924,0.12853801164795894
32,32.0,32.0,0.09435052452615396,0.11078428862402914,0.11545862891156009,0.13303872820524473,0.06115690860107983,0.10123682146958901,0.06931432637512092,0.06652920422254313,0.13159694582743492,0.11653362323724385
33,33.0,33.0,0.11776743086525665,0.10920063007422828,0.11389597636224007,0.10121024572786266,0.07765847858558612,0.09708005265934122,0.06786030711250206,0.0562964270789596,0.14952842784056597,0.10950202369345696
34,34.0,34.0,0.09702942758553548,0.11477083019114336,0.1041065978484,0.09189910179059366,0.06815000191921793,0.10750256747137468,0.07182405614096934,0.08467048274783158,0.13795307976506507,0.12209385453986851
35,35.0,35.0,0.09334038658707738,0.09614273375428774,0.1261039408267947,0.09245557847075851,0.08313334288516078,0.10144865408082573,0.07902065856110847,0.08918074388108217,0.1250640573680611,0.11410990358484296
36,36.0,36.0,0.08703062036414104,0.09702741062601074,0.1268840757636036,0.10852281771044907,0.07045543692619968,0.09940427372077526,0.08222804325924818,0.07945238396834386,0.1213517865894395,0.1276431510717886
37,37.0,37.0,0.10985394793439111,0.09170422605984599,0.10799461512779422,0.09420126610456457,0.08513880433740398,0.12320401903137886,0.07137666504421158,0.06286000061175347,0.13597006275112075,0.11769639299753502
38,38.0,38.0,0.117385590924771,0.09825153065461406,0.12789151476791086,0.10477443648621876,0.068404343115177,0.10661402408064488,0.07718848412192483,0.055737271110447295,0.13439096550498614,0.10936183923330478
39,39.0,39.0,0.09366459483213022,0.11650089271746589,0.09584312156590485,0.1029227072091667,0.08354717025229624,0.10229384086948612,0.08552761940352784,0.07138119090760245,0.10849951318189058,0.1398193490605287
40,40.0,40.0,0.08176942001826351,0.11291237937266083,0.10713062951452883,0.10341573796145695,0.07720408035235667,0.10418733203212734,0.0804371524827565,0.05039144501691539,0.14100242716242858,0.1415493960865049
41,41.0,41.0,0.09707518534772808,0.11426204301111025,0.12960891165305274,0.07643171545607105,0.07834840671367399,0.09134013203289999,0.07214379195335631,0.04851033298256004,0.15241951867528872,0.1398599621742584
42,42.0,42.0,0.09623179719408388,0.10746734279465131,0.09078512915281589,0.10287703121010465,0.08129674035935876,0.10867263894198502,0.07548082934987126,0.06886559407218534,0.1300184501722618,0.13830444675268158
43,43.0,43.0,0.1142613670942783,0.10696171340051172,0.11846372267680641,0.08450170087348793,0.07537862684891397,0.10350093285713935,0.07668376235495085,0.06946146349256511,0.11674259398264479,0.13404411641870106
44,44.0,44.0,0.08977967560999685,0.11032031614023696,0.11220311555245965,0.0988361096056084,0.06531379295684872,0.11144844034013954,0.08087490531435396,0.06665669990513177,0.13151629221225242,0.13305065236297128
45,45.0,45.0,0.09024672689716225,0.11378146928828411,0.10945122640759619,0.10058166959751973,0.10530378385866043,0.1064519678002542,0.07033726950918322,0.056063412258568535,0.13947909812918974,0.10830337625358115
46,46.0,46.0,0.09154408899403216,0.10024472959751878,0.11358786155796045,0.11680558673637187,0.08207252685044022,0.11586580763019147,0.06280044178593393,0.05395797861574171,0.144540386215644,0.11858059201616497
47,47.0,47.0,0.09238475523456478,0.09738948503122784,0.1074947193844106,0.07847897501260523,0.08418757885075676,0.11024067819321262,0.06932924774313184,0.0909265068080847,0.12973078473856597,0.1398372690034393
48,48.0,48.0,0.08657827898577664,0.11432301644454526,0.11501884216847924,0.08817251888743806,0.08076246693339104,0.10573057990979542,0.059194119198813046,0.06534716690924737,0.14690833734698955,0.13796467321552394
49,49.0,49.0,0.07987047535452768,0.1149706467911161,0.10971090222254602,0.08817525348328059,0.06617063985622895,0.1169157858252724,0.07707812587551265,0.049188141284100914,0.1567919547101989,0.14112807459721538
50,50.0,50.0,0.08310177393113079,0.10265202038645564,0.10053132845491586,0.08615019156253936,0.07962253731734578,0.10471505678531312,0.08349087426519201,0.0827279151104253,0.14903727874605038,0.1279710234406313
51,51.0,51.0,0.09020512394575675,0.1169711278846087,0.12043350594485744,0.11249567183218964,0.0785407976048587,0.117141291081019,0.06759104080485391,0.05270815620516839,0.1287573202246377,0.11515596447204937
52,52.0,52.0,0.10094438886139859,0.11551573466068658,0.10685281243352134,0.10236954986832329,0.08675162311630502,0.11901116185115859,0.06577997348158068,0.054834528108970916,0.12920125559916235,0.11873897201889223
53,53.0,53.0,0.09846061014824259,0.0861677320517841,0.11650572441389659,0.12568869072613692,0.06717093706232634,0.11233792458970111,0.06720504037845484,0.057598853304682264,0.15020348195764158,0.11866100536713327
54,54.0,54.0,0.10464909885891767,0.12002475177068979,0.10718102731296127,0.09365446812830222,0.06113083455489182,0.10976619901502002,0.05968935553451978,0.06058044061588465,0.14965218566612007,0.13367163854269237
55,55.0,55.0,0.09003482757380339,0.11548201505793725,0.11007857257762681,0.11986668692824605,0.07740114586555522,0.11272720602207431,0.0398692114281736,0.05309075963849249,0.14504494303878462,0.13640463186930588
56,56.0,56.0,0.09084866876904825,0.12675823951344212,0.11809887491316198,0.1117154272477117,0.055416445845186804,0.11976959593301632,0.05988172182649034,0.043761460312137734,0.13896575265265557,0.13478381298714887
57,57.0,57.0,0.10639857527813676,0.09219434348225479,0.11683294786341154,0.1020727437533763,0.07751239790615996,0.10468337291825702,0.07883273998059241,0.046993115001354155,0.13320323889524083,0.14127652492121587
58,58.0,58.0,0.11201820124928481,0.1232311926307555,0.12861481642441683,0.10327081090640375,0.061073531767198694,0.1025520817103996,0.04907368789395102,0.04548685357909983,0.15760322820895484,0.11707559562953478
59,59.0,59.0,0.10752538417216004,0.11673941257065204,0.11171249938062269,0.09368197355017407,0.07045012719566959,0.12005894657788027,0.08233692164737519,0.052103868692136124,0.12207395980079046,0.12331690641253919
60,60.0,60.0,0.08454367462355716,0.08847752303684274,0.14155301220230782,0.10895415915076385,0.06894234990649178,0.10501423271993682,0.0693677560103598,0.06871017251150555,0.1422028530827572,0.12223426675547686
61,61.0,61.0,0.1035920304866379,0.11818102505818347,0.12772899290260456,0.08232117140474653,0.07420372350719737,0.10264279265506712,0.06674599274383522,0.04712523337962994,0.15672857699954498,0.12073046086255254
62,62.0,62.0,0.09039943268205874,0.11610512604511028,0.1428516824865364,0.09792428783014713,0.07040215699603868,0.099504422341234,0.046891887803180154,0.06789455087483608,0.13776603492837378,0.1302604180124844
63,63.0,63.0,0.11402130218688691,0.12100954074406385,0.11968691489815801,0.08475804652453271,0.06857402242633574,0.09222686629203128,0.04981000588715732,0.059803471890811276,0.15760843506184108,0.13250139408818146
64,64.0,64.0,0.08456546414680872,0.101880898956802,0.12033091666664722,0.10080024596142297,0.07865358734119139,0.11652192377085094,0.062230954316063715,0.07985628949978608,0.13115148676744529,0.12400823257298128
65,65.0,65.0,0.07179912895032077,0.12820002712292317,0.1287789446107854,0.08751003489660093,0.06833220074408117,0.11015922692797264,0.07507383923288849,0.07742825640430676,0.12981153484911112,0.1229068062610091
66,66.0,66.0,0.09655077251735997,0.1090314472675618,0.12490359877527182,0.10184468933523025,0.05180717372521818,0.11215549888001444,0.07147633094267114,0.06509325832659026,0.1421612307181864,0.12497599951189534
67,67.0,67.0,0.09429979692240023,0.10386062082771066,0.11854594492996422,0.10589967933557272,0.08363731029903576,0.09723394672206302,0.07221445145888353,0.07811346563446309,0.1292872322551653,0.11690755161474102
68,68.0,68.0,0.10221640811482594,0.10480514095859945,0.12537314187535378,0.10139501943868123,0.060195734125349364,0.12850249140192221,0.07497334321622104,0.04853023012709,0.11726943871616924,0.13673905202578734
69,69.0,69.0,0.0954430854271511,0.0918253456180826,0.1078055717801766,0.10391649597543766,0.07193884714253594,0.11084800321236551,0.05628087763856156,0.04975310629677247,0.17706669284021653,0.13512197406869958
70,70.0,70.0,0.09832430845814946,0.10051705869906527,0.12703407409624576,0.10676126883557055,0.07303522858429704,0.11131922203360492,0.04748238694211222,0.043464752301913975,0.1496186421488203,0.1424430579002201
71,71.0,71.0,0.08619533276763791,0.10482909148277779,0.1171534927908831,0.10200728075339074,0.05902183962879974,0.12091993388449748,0.06367308237665334,0.04575148491062052,0.16384255871914033,0.13660590268559863
72,72.0,72.0,0.08576395647519217,0.10020182963738244,0.14291360817246998,0.08633791077465505,0.08320471695456196,0.11306375031162541,0.06332426400544902,0.06658115465726624,0.15452568337683115,0.10408312563456615
73,73.0,73.0,0.10464061545465883,0.10175587324959567,0.1257012293995608,0.09790854221409857,0.04844485361102916,0.09601543329584568,0.0675589935282807,0.0839137804948219,0.14828837730740285,0.12577230144470547
74,74.0,74.0,0.09914906006167275,0.11289235111000288,0.11183618435507126,0.11106412514106985,0.05403866912941949,0.11854849811720318,0.057048549082512924,0.04956808582162375,0.14427395271681495,0.14158052446460856
75,75.0,75.0,0.10751365629914059,0.11197989220532305,0.11745365703261612,0.09510941584456137,0.07459710849743394,0.11454336333789236,0.06509520244257691,0.04606557709254492,0.13742830943309453,0.13021381781481584
76,76.0,76.0,0.06584097696558802,0.1027050663018791,0.14043365738046373,0.10956889294222791,0.07508769028274226,0.12717271520283172,0.0809618762872646,0.0416480075289137,0.13749353149328084,0.11908758561480777
77,77.0,77.0,0.11077947330974125,0.10456997253822715,0.11019869410317058,0.0933890900196939,0.06374811632385859,0.12924910015489438,0.06416988883844396,0.05704437496783408,0.13330094125451883,0.133550348489617
78,78.0,78.0,0.1119023398215597,0.09504401799177882,0.09852144372194475,0.08898758761275996,0.07326507946808286,0.10709216588347895,0.05910290971970913,0.06413326615618398,0.16177129188032596,0.14017989774417555
79,79.0,79.0,0.10435657953411019,0.10706870734716249,0.12282296357332574,0.10604427341554783,0.06703042847153255,0.11513637543495758,0.051530281629054285,0.07411306214315982,0.1395471275772641,0.11235020087388507
80,80.0,80.0,0.09122588021290096,0.10308123954745552,0.10443207322199624,0.12965143238837823,0.051710655265650066,0.10392988845903864,0.07604282109725471,0.05654517073527723,0.14135992597361952,0.14202091309842851
81,81.0,81.0,0.1015159424603905,0.1123565460173972,0.10489760219785978,0.10439281251562445,0.06972928988467804,0.09815835645536868,0.06886900033656704,0.05574727500095382,0.15548054713772036,0.12885262799343972
82,82.0,82.0,0.09801420792836804,0.11756782327785853,0.12128864456579846,0.09546101408627856,0.06329852605801146,0.1031126658402951,0.05173031557950678,0.05717722088039336,0.15189405963995087,0.14045552214353843
83,83.0,83.0,0.11316223978541848,0.10252864755611088,0.11471486894517632,0.11246309678718566,0.053739992346018006,0.11576104424755565,0.06185580147568563,0.062150054315542755,0.12559658919564218,0.13802766534566405
84,84.0,84.0,0.10394242918960124,0.11962493494133386,0.14126015633272354,0.11678457489158252,0.045828732247921236,0.09690612235378518,0.042465541724236486,0.0357848724047413,0.14691495127795173,0.15048768463612253
85,85.0,85.0,0.10501471156649878,0.130154397716219,0.14937605543484567,0.0876103211847116,0.08092288453296517,0.0827952357951787,0.05094515721007107,0.061446554539014264,0.1356833355281299,0.11605134649236555
86,86.0,86.0,0.0991848192175829,0.10155599145797714,0.10993664341686457,0.07776562896547073,0.06599831819406682,0.11710960667291966,0.07061348371587253,0.04995902426147615,0.16133654251474105,0.146539941583028
87,87.0,87.0,0.10683264550901264,0.12207372699097196,0.15045996353966254,0.10687749101274402,0.05187004822884851,0.1012978067900286,0.04787373160544199,0.04848828899340628,0.1396484251247872,0.12457787220509589
88,88.0,88.0,0.10337230843404395,0.10700061048307827,0.12193309816771017,0.10636477582086024,0.06420402562628383,0.10499202464449209,0.06044848535171661,0.061125129707933615,0.1421688705673062,0.12839067119657468
89,89.0,89.0,0.10245329048280813,0.09207741948862787,0.12592349283072105,0.08320380756073441,0.06898230923703703,0.12119366220439776,0.06443767034991679,0.06844387273909397,0.13712539353838288,0.13615908156827974
90,90.0,90.0,0.07616477177268352,0.12615892927985561,0.1440945107073046,0.09369557188515334,0.07326114888031707,0.10771257833017082,0.06653174724486052,0.051317231555547384,0.12789759642996698,0.13316591391413973
91,91.0,91.0,0.0977903784778338,0.1279963726725478,0.12067378022826725,0.09356901205897686,0.06944600504803956,0.11144199618780434,0.059318504279072336,0.041276362446697155,0.13365256372988488,0.1448350248708756
92,92.0,92.0,0.11335923101802617,0.10662868774112925,0.13984604212987373,0.06609640443572021,0.0505533291669796,0.08842777105610629,0.07451243040275515,0.06614923389611617,0.14041320446314776,0.1540136656901454
93,93.0,93.0,0.10453101261897182,0.10138590334766129,0.13840698068112395,0.09207949691419405,0.04858969743219562,0.117142223704191,0.07269054592307267,0.07040534660350628,0.11825422918760412,0.13651456358747888
94,94.0,94.0,0.09701798285007326,0.11253379928379356,0.13744430878852815,0.07702088836480335,0.07770819124573766,0.10263389668375156,0.07553070064083714,0.04436492215490602,0.1363587080859845,0.13938660190158453
95,95.0,95.0,0.09580744956819406,0.09155547457505339,0.13729951821388403,0.09817150062391584,0.0661284019406307,0.09856745992259927,0.06031691940385705,0.06676442016886977,0.15086868241658846,0.13452017316640705
96,96.0,96.0,0.08029754047118846,0.13777968844954297,0.14121190293402874,0.10359383408595743,0.07549570025649004,0.10516143076060029,0.039876249459726676,0.046894428411612635,0.14575877528046474,0.1239304498903876
97,97.0,97.0,0.11889487747636349,0.11166884677275957,0.11986130379256763,0.11354094463773079,0.05293182894518369,0.12062631938824227,0.04676139361561745,0.04231590243764442,0.16202909560963602,0.11136948732425436
98,98.0,98.0,0.08962433657329855,0.11438000512190642,0.12293443806167481,0.09660717315939502,0.06695874920885747,0.09861799517885872,0.04204434860047633,0.07001239652200146,0.15167629133879162,0.14714426623473928
99,99.0,99.0,0.0951826944239869,0.09954655220167327,0.11918170971869091,0.11544723478194888,0.05423519429705774,0.09479354962970053,0.07017570253201083,0.044933989494033565,0.16635391641455008,0.14014945650634686
100,100.0,100.0,0.11970509589048894,0.132682030101302,0.12391403306318849,0.07780673069188766,0.06121077513663069,0.10984298392190342,0.04637644712342672,0.04774730735865067,0.14697234926766417,0.1337422474448568
101,101.0,101.0,0.09617204597039578,0.10841090898177194,0.14810121399415332,0.09703621808298463,0.07208695924316706,0.08439028342105429,0.06757247323015791,0.040186127274441916,0.14008828411947172,0.14595548568240105
102,102.0,102.0,0.09253896948586039,0.0781376321803533,0.1357066088665654,0.10472058791693847,0.040214187778758834,0.11594087722417432,0.060745981806914304,0.07006841189123832,0.16779209562740866,0.13413464722178764
103,103.0,103.0,0.10055309696825163,0.11737119650479226,0.10153616439802962,0.10066886542791098,0.09018019565547444,0.12307694635451612,0.058783487554203886,0.052114774269336694,0.129542372511851,0.126172900355633
104,104.0,104.0,0.11053993557008286,0.10891343359238256,0.1119808718448176,0.09065908760382303,0.059244792097634426,0.12859155910667472,0.06123794420454974,0.06703214737000791,0.13060771649616412,0.13119251211386268
105,105.0,105.0,0.09953691995123176,0.10176126278470081,0.12425149089974996,0.08853918737600477,0.06914655478149148,0.0999026449161906,0.05480440452452242,0.06285888999604064,0.15634095249398294,0.14285769227608425
106,106.0,106.0,0.07965048480426055,0.1098841904783671,0.13263028789635495,0.10312670534527998,0.07916562378546042,0.09671062867720209,0.10104895625356618,0.0441321162516225,0.1335350827981065,0.12011592370977937
107,107.0,107.0,0.08838541604680233,0.0956427071162045,0.1430063443978642,0.07536231839336557,0.05609803824662611,0.12537726254702308,0.08585643976258456,0.05332855714201882,0.1564667604005122,0.12047615594699831
108,108.0,108.0,0.10543428677190816,0.10264617429748457,0.1263659011617278,0.0927176219407971,0.08168722238295886,0.10073942091535663,0.06448982370095054,0.09711518364705132,0.1168589097252796,0.11194545545648507
109,109.0,109.0,0.11729273349910403,0.09758247359139598,0.1239526701464089,0.11068157636128653,0.053089570070097646,0.10867897257111839,0.0702818888539522,0.049643703866265564,0.13961126765963933,0.12918514338073112
110,110.0,110.0,0.09275510047597187,0.09319815443017433,0.15121240416198917,0.09002593863004818,0.05945537211049694,0.10591575367137425,0.049171743382782664,0.03976342344954613,0.16450132106186693,0.15400078862574923
111,111.0,111.0,0.09780741456491734,0.12818571831339276,0.13018668412038598,0.09696005771987629,0.09004835760091753,0.10994493344995451,0.04887288555242031,0.03753706514590136,0.12296599637464005,0.13749088715759353
112,112.0,112.0,0.10937150314995214,0.09946075579742321,0.11711424229701146,0.10447071628874685,0.07098897386973346,0.10095395854655598,0.059941250423475756,0.06084778936266132,0.15076050793262008,0.1260903023318194
113,113.0,113.0,0.1173353366948841,0.11870853527733152,0.12476075340900121,0.08305184890693706,0.04863766589002063,0.09539874585963834,0.04020358249856474,0.06449196246637061,0.16548305448256526,0.1419285145146861
114,114.0,114.0,0.10364340794121074,0.10333022828120782,0.11812385791024249,0.08155234434648709,0.05417430848487984,0.11893451079028436,0.08511862448114446,0.0602818213327022,0.14543229868448448,0.12940859774735622
115,115.0,115.0,0.10557659956006948,0.12047565631214145,0.13997644085238803,0.08551924513410022,0.046510500523310204,0.10803710701574254,0.06419510219640254,0.03941102998452793,0.15734135716631842,0.13295696125499873
116,116.0,116.0,0.09258717200162606,0.10633714129557503,0.13214565790983396,0.08600969643839859,0.0729361700400503,0.10682182645631207,0.06451649759119019,0.03664648294891879,0.15930526618309376,0.14269408913500098
117,117.0,117.0,0.08684545023436677,0.10907281163528766,0.13706187412718784,0.07242712650039865,0.06746656608054731,0.1093935009457155,0.07958929923423311,0.04443247440623354,0.15473624474871195,0.13897465208731744
118,118.0,118.0,0.08392343218445272,0.1002898130473571,0.15458150123909653,0.086187395125132,0.06289779512588727,0.13201734373092533,0.05947021224124266,0.04456886206961501,0.15297120975023581,0.12309243548605533
119,119.0,119.0,0.09822797626183338,0.12460784121845163,0.11059090250851156,0.10739043480836848,0.05581522542698449,0.10560447972901574,0.052200655838512834,0.04372194662289375,0.16512593892143232,0.13671459866399543
120,120.0,120.0,0.10641300166598425,0.09484679593590609,0.11441374210161744,0.09817982424058894,0.056329262989003724,0.11073865633714172,0.04729723103915288,0.06370581223785723,0.16780275859531074,0.14027291485743668
121,121.0,121.0,0.1064772042685225,0.10203025323525675,0.13907730622497522,0.08054792658383175,0.07009134378923593,0.09785984957484524,0.05439284060592743,0.04064940655365305,0.1782449796438495,0.13062888951990237
122,122.0,122.0,0.08376763928687661,0.10722987234378381,0.11560014403423194,0.10354616324434177,0.07061726718275778,0.09972037659471315,0.07145338491105246,0.03225236907767336,0.16896463259729674,0.1468481507272721
123,123.0,123.0,0.05652509417963554,0.11174545048100637,0.1251582735197516,0.10472381218319944,0.08342923442243341,0.09318912245242024,0.05798830173034758,0.058011703000779916,0.1355403372294397,0.17368867080098593
124,124.0,124.0,0.09741361837637381,0.07694395849524775,0.12527314850518823,0.10025765063797346,0.08199633633507099,0.12106216963184133,0.06145436162521291,0.049575355668291854,0.13494159702200614,0.15108180370279317
125,125.0,125.0,0.081216659311178,0.1090361227843176,0.11786873697700422,0.10744756341347736,0.05378771964107713,0.11384996559634863,0.054724472421518476,0.06172371744777525,0.16161562918163883,0.13872941322566415
126,126.0,126.0,0.09504288810348764,0.1259260543647352,0.1400329118574051,0.07948616011535102,0.060960300955683076,0.09383122118917628,0.044053782741017386,0.04320119802661549,0.1737989279107463,0.14366655473578213
127,127.0,127.0,0.07798103936339257,0.11313057518399679,0.13340351054254113,0.12333022762012535,0.07439575428350159,0.11787710627612294,0.0650575649155986,0.03706545427501797,0.1280994117960723,0.12965935574363047
128,128.0,128.0,0.08480906749045004,0.0935025701308449,0.1524407316939584,0.11133600979132192,0.06900345813641584,0.10522040376406216,0.03956796338381796,0.030000000000000006,0.1468850124362715,0.16723478317285695
129,129.0,129.0,0.08526806387567223,0.08977542160780824,0.12997421485475136,0.11300950428413963,0.0535972571283326,0.12752450783857103,0.046042433254060364,0.03866286326536672,0.17980343409780453,0.13634229979349297
130,130.0,130.0,0.11860483385406803,0.12030279328664813,0.12886048339830664,0.10258412966882666,0.04664197058343128,0.09127175872502197,0.06487362444165432,0.04772391890053872,0.15274303183274612,0.12639345530875784
131,131.0,131.0,0.10796041530366973,0.12600885167180773,0.11159772608133715,0.09711353267432057,0.06857439540141938,0.10957212107786504,0.060579257184784185,0.05144157055050297,0.15480408561336392,0.11234804444092891
132,132.0,132.0,0.11408139051831083,0.09828681728432556,0.1395696852891018,0.09685542678517041,0.07482531513839752,0.10650791618001731,0.056721698311985334,0.042818865764486,0.1279739307333542,0.14235895399485063
133,133.0,133.0,0.1005038624912715,0.10866221029517487,0.13543309802565817,0.09773575080527216,0.07564783391950612,0.127956767558583,0.06833913575876327,0.043380241738878944,0.11514078436726616,0.12720031503962542
134,134.0,134.0,0.09733970161805022,0.09700806326531539,0.14468772914475364,0.10648097238447829,0.06017100530067475,0.12952551488642605,0.05196149709858809,0.04883282173231028,0.13308015748584184,0.13091253708356104
135,135.0,135.0,0.08245670147384558,0.12145888406983704,0.11018909408645065,0.08828495383850332,0.050616426113110256,0.10354899057827464,0.0770889128314634,0.0455974872922601,0.18165152774199506,0.13910702197425956
136,136.0,136.0,0.0953031932735316,0.11024501767123471,0.10581677231461824,0.11838212931073248,0.0525573315025202,0.09841257411663665,0.05788680615274252,0.05141171918309151,0.1538404353568601,0.15614402111803163
137,137.0,137.0,0.09253564797170429,0.13088153768696148,0.1390159595254366,0.08083027389030394,0.07112125404860654,0.10319939941379037,0.057277283059919935,0.04698275774498948,0.12292781713900462,0.15522806951928242
138,138.0,138.0,0.07150653100459638,0.1221424837527038,0.1448693385707494,0.061615825094292795,0.07699090096040184,0.10310198119233219,0.042164520557000484,0.05368549550273662,0.17155486897253994,0.15236805439264617
139,139.0,139.0,0.13124584855692129,0.1215800813986988,0.11999435782316806,0.06581677699985708,0.06025471246882169,0.11046915288472325,0.06168915984205651,0.05345503085276833,0.13896302735708094,0.13653185181590383
140,140.0,140.0,0.09610676381918745,0.1080226811137337,0.16762198659750932,0.0766985636493909,0.06523670711527733,0.09849734458483643,0.05874820350709287,0.030000000000000006,0.15405679655846607,0.1450109530545056
141,141.0,141.0,0.07475719530731165,0.12574793314609253,0.1287842138354648,0.09241950003123411,0.08622716539982561,0.12859625079886938,0.04934114036787347,0.06599998474133041,0.12407890888082282,0.12404770749117491
142,142.0,142.0,0.10976827091317756,0.08260216198486858,0.13905877461423227,0.09796898452985577,0.07472556589149335,0.09534666910807506,0.06289225169097387,0.08378691345561036,0.10911306033997559,0.1447373474717372
143,143.0,143.0,0.09287827761912798,0.09917845489298395,0.13238218579513622,0.07878255573216328,0.07424370358012193,0.11729961885126013,0.058783805158285816,0.05271260184786497,0.1405945692265464,0.15314422729650895
144,144.0,144.0,0.11062301283765608,0.08406074213337587,0.11387031748606671,0.08648723728689375,0.08257366649968544,0.10593294697610907,0.04708694018198987,0.05146528656119718,0.15504981076833443,0.1628500392686913
145,145.0,145.0,0.10800223620982438,0.10698813229790398,0.12263127275566603,0.10632708201137031,0.059875417433491715,0.08831539656708783,0.09005218799157551,0.04742683112677489,0.1341551436436342,0.13622629996267074
146,146.0,146.0,0.08870304632706798,0.10316461043047542,0.12670608285960597,0.0884166131489873,0.09964180941320006,0.10281744640025944,0.07491894154423764,0.030000000000000006,0.13076303765285713,0.15486841222330874
147,147.0,147.0,0.08497589627858668,0.12044223594426431,0.12788932001667344,0.09823699217862303,0.05718722883125728,0.13230693874450142,0.042688631533062335,0.05151080286861289,0.14950133627443635,0.13526061732998199
148,148.0,148.0,0.1035767033200405,0.11499842053154401,0.1313592238857355,0.11450671300833723,0.04000944239877598,0.10355545545009573,0.051168815306120205,0.03523579072586486,0.14160162254966419,0.16398781282382152
149,149.0,149.0,0.10396125882866292,0.09957998246636994,0.15060190478146881,0.09814158785120539,0.040345572527980156,0.09405450855483617,0.06358803597958478,0.04663712238628862,0.17662253134485711,0.12646749527874573
150,150.0,150.0,0.09237893075261376,0.10905366985304303,0.15537771711777557,0.06931563508576521,0.03230658370661714,0.1140377426925181,0.06314234690736485,0.057991726314225986,0.15122064557629636,0.1551750019937797
151,151.0,151.0,0.08812104644498253,0.13410741249572933,0.11258170493352111,0.10661923058211767,0.05652838056168934,0.10403105967979423,0.08372368420035352,0.039576252811390766,0.13982371966743634,0.13488750862298482
152,152.0,152.0,0.07487768797737236,0.11952660618983749,0.13252099420650468,0.09462933322845679,0.04092491420231024,0.11704901171359265,0.059788185554208985,0.05502236048372481,0.16725823565784975,0.13840267078614193
153,153.0,153.0,0.09151677329997196,0.09916967047081476,0.15789196565825006,0.07706998433972381,0.041214972397599844,0.12780915092021372,0.06354859986984636,0.046622316764103874,0.17108206463760647,0.12407450164186881
154,154.0,154.0,0.143441811030811,0.08763969258585268,0.11774672966658892,0.10922722150103756,0.06140906868009037,0.08602289023126183,0.07701486954653829,0.04966742263931538,0.15256951099713228,0.11526078312137127
155,155.0,155.0,0.13040274753779757,0.07785780257581836,0.13494995980328947,0.09431971100774057,0.062575211818046,0.10091570310356457,0.0774781062236289,0.05211936418563978,0.1759520226691838,0.09342937107529065
156,156.0,156.0,0.09811106793027283,0.10622726586326196,0.13905987004119838,0.09182697649178526,0.07813310574591799,0.0952298485571764,0.04106924724934958,0.09085611122142284,0.14882126644015778,0.11066524045945667
157,157.0,157.0,0.10686258496533174,0.10579203413134017,0.14514064915853567,0.09724663671334166,0.06336732468494734,0.09290067059745949,0.04695087647321505,0.04672247793010441,0.15797299508120535,0.13704375026451882
158,158.0,158.0,0.07527367558353884,0.11770210919324228,0.1139287662892515,0.08501244890694208,0.10395715523756728,0.09473937097365195,0.08842497902880513,0.06716822548670331,0.14118887305110592,0.11260439624919134
159,159.0,159.0,0.12009425153582094,0.11442576079985481,0.13159175751143998,0.08441423924823002,0.08351226551810867,0.09632141391461603,0.061881949721771835,0.04748288646289947,0.14450573684631765,0.1157697384409403
160,160.0,160.0,0.14365219755820297,0.11048503898109222,0.11525274969391101,0.09479847330672998,0.07169537055648216,0.11328187493190715,0.055805165853165084,0.03272558152684589,0.15180381974037704,0.11049972785128617
161,161.0,161.0,0.07623939643392741,0.09174141387347085,0.10659607876020032,0.09777645257747627,0.06294682134364053,0.12747715134749757,0.03542514915385718,0.05459462573804132,0.20865742025625264,0.13854549051563564
162,162.0,162.0,0.1196847006101629,0.08803293216986637,0.09278768276639543,0.09596404468098328,0.10119868056413224,0.10685855788475755,0.06602996726182611,0.046206929049700696,0.14621676571493925,0.13701973929723588
163,163.0,163.0,0.08569031244364005,0.08387412491322659,0.1488810924582798,0.08935411590134544,0.07555259568803492,0.09222956136419677,0.04980736357056416,0.038402222136853605,0.16755237572864684,0.16865623579521147
164,164.0,164.0,0.12314710076332172,0.0763943236927587,0.10838472255622456,0.11479901440001268,0.059822287941610194,0.10146365870000948,0.07889462449413949,0.05369382883185207,0.14809637924998992,0.1353040593700809
165,165.0,165.0,0.09492165922959435,0.1293566848035216,0.1441455740388223,0.08471223566194105,0.0543976233877423,0.10613592744548206,0.05544082919675294,0.03154559203444043,0.1664237992571299,0.13292007494457267
166,166.0,166.0,0.10191964686753177,0.09218409495936679,0.09721572785938652,0.09500244094520713,0.06322119530745134,0.10373783805725265,0.08963437081739549,0.03490679146569967,0.17206609640621523,0.1501117973144931
167,167.0,167.0,0.1029521367539844,0.12914987062028918,0.08309875759109964,0.095530263482775,0.07311937836099554,0.12084724405020038,0.03969787933785672,0.05290484239652353,0.15231653773056278,0.15038308967571257
168,168.0,168.0,0.09674971680162861,0.1061629413305755,0.13275654690386302,0.08692076947994798,0.07443211614323829,0.09030416069632816,0.051065094387513096,0.05012950231179305,0.14725846200553874,0.1642206899395733
169,169.0,169.0,0.08998711558526068,0.13815233789356668,0.14641525044419723,0.08573112363690236,0.04529252866039859,0.08201131446092182,0.051880032152391564,0.055731146950524814,0.17291511033607193,0.13188403987976413
170,170.0,170.0,0.0799099347295419,0.10631680477650811,0.1254686976617218,0.10286091898059939,0.08256058504148348,0.11557258103593629,0.058457445043644675,0.06374195094313542,0.1437098743796718,0.12140120740775684
171,171.0,171.0,0.07715401894465579,0.10294552203000458,0.1539284174352348,0.09845336936651204,0.04748227861302647,0.1040252891134483,0.07339311899594449,0.07134279006158857,0.17325111762033013,0.09802407781925454
172,172.0,172.0,0.08355903349556448,0.13198210129044774,0.14797036011329223,0.09763310732784916,0.07912347952542867,0.08379262402563681,0.04660574606975304,0.03232089115459661,0.18293728793776753,0.11407536905966342
173,173.0,173.0,0.05480179193219029,0.1005885426073659,0.14244867000102834,0.09365249180433768,0.06376646687501392,0.11294817041760852,0.06583067172107726,0.054346556166262106,0.17167647092098362,0.13994016755413205
174,174.0,174.0,0.1093039355492755,0.08839969873085914,0.13312688096205177,0.07938583449150502,0.08775909942188309,0.09788444952651695,0.060920737861959486,0.06498422865413075,0.1379395152349123,0.14029561956690556
175,175.0,175.0,0.11367579744080689,0.09699597350399326,0.16131755395853473,0.08289082388563376,0.08116489701937354,0.05945793219202953,0.05285636695636897,0.05014525575887885,0.17038753622532965,0.13110786305905053
176,176.0,176.0,0.10617409545641983,0.10984296691734918,0.12587705894348541,0.07429448156553803,0.054848168996642674,0.09450300903875966,0.07623536682462179,0.06107489300201108,0.14261709301201791,0.15453286624315407
177,177.0,177.0,0.0940091136754724,0.10343717839353857,0.12957555948958488,0.10353900562423705,0.046007471709199096,0.0968495504215201,0.05035313267164663,0.05876461298205025,0.17706058191805074,0.14040379311469992
178,178.0,178.0,0.1132717780759301,0.10598349434357508,0.1733289400168953,0.09268191380394229,0.07334248278088865,0.11371989681222294,0.04420732839948835,0.03979111394869058,0.12247866916212904,0.12119438265623736
179,179.0,179.0,0.06989797896808131,0.0888935126146647,0.13217470946879906,0.08615641896741964,0.06583983757514353,0.1297331203152328,0.0543293934516982,0.06795117544569253,0.16225370380245402,0.14277014939081384
180,180.0,180.0,0.12295781562168684,0.095822208072021,0.14779531611299554,0.08753842239989207,0.05901946616704087,0.08432836679793751,0.0642164871763817,0.04782964505560576,0.15335971724289876,0.13713255535353963
181,181.0,181.0,0.0809407262634756,0.11935991167057869,0.13693926314377017,0.07015650451796077,0.07856547583222431,0.07908109770401792,0.07025448789727488,0.04990261144462631,0.16808076506314265,0.1467191564629284
182,182.0,182.0,0.09737042846582007,0.12417197646629666,0.14478294668196023,0.13318913574410057,0.05424534712482432,0.07701841916200311,0.06140213080187501,0.06253350804873706,0.13325707134445205,0.1120290361599305
183,183.0,183.0,0.13299778336709114,0.1436117307390078,0.1640324268874763,0.08130718309438943,0.04722740274920083,0.0860665265596737,0.042985503710729775,0.04476563930815991,0.12268498328136761,0.13432082030290324
184,184.0,184.0,0.14840209461318177,0.08947460643212053,0.11235496481819107,0.06804868670324143,0.07433962045580925,0.060040800928523985,0.060971646598710724,0.04551182179423171,0.19979542001992395,0.14106033763606535
185,185.0,185.0,0.10192129493164703,0.10022205407277687,0.12415768550184454,0.07225569402478083,0.059819253634464685,0.11817561798735694,0.06870378750468817,0.06194864392621937,0.14431758381356294,0.1484783846026583
