,Unnamed: 0,Generation,Intertwine_two,Add_vertex,Delete_vertex,Invert_path_vertices,Insert_inside_vertex,Delete_inside_vertex,Replace_inside_vertex,Donate_between_routes,Trim_one_terminal_cb,Grow_one_terminal_cb
0,0.0,0.0,0.09999999999999999,0.09999999999999999,0.09999999999999999,0.09999999999999999,0.09999999999999999,0.09999999999999999,0.09999999999999999,0.09999999999999999,0.09999999999999999,0.09999999999999999
1,1.0,0.10900000000000001,0.10061479295013988,0.10066039224807352,0.0999519391709332,0.1005470068646444,0.10008401663142191,0.09929794905040348,0.0976575941121318,0.09908847651127964,0.10044988208821536,0.10164795037275674
2,2.0,0.31601,0.10035601802036512,0.10107128885427286,0.09896877791523341,0.10120075331897455,0.0996588716760595,0.09975795551558014,0.09671115257131196,0.09830702913776995,0.10080267032308154,0.10316548266735089
3,3.0,0.6191589000000001,0.1009388152210468,0.10124973010105712,0.09804559355426264,0.1014713163872635,0.09796537243392148,0.10110331179076085,0.09530051585807743,0.09758062699097414,0.10210735546830302,0.10423736219433294
4,4.0,1.015801321,0.10151135387218278,0.10196939359697899,0.09773298363409791,0.10247404514083798,0.09794762857979282,0.1012877379788689,0.09438655955288176,0.09518778830113798,0.10240237509429266,0.10510013424892808
5,5.0,1.50262148669,0.10268953303367773,0.10056521515300103,0.09679331154650346,0.10213258557935585,0.09673096900146991,0.10256627023104527,0.09453686860402752,0.09363056752704467,0.10392539942513311,0.10642927989874133
6,6.0,2.0757334209441005,0.10254493646191332,0.10038917981021787,0.09628242516658259,0.103840881795694,0.09561731846760771,0.10250437468904648,0.0930561561173715,0.09169761604411149,0.105673669876627,0.10839344157082786
7,7.0,2.7307768275633495,0.1028833310861392,0.10053500500396073,0.09637827630416831,0.1041399508509509,0.09419332743301502,0.10257654254596549,0.09161255099327036,0.09037650070449575,0.10835962878571355,0.10894488629232052
8,8.0,3.4630081252450404,0.10329025273643405,0.10077887074551536,0.09723861463232594,0.10487944738921079,0.0931300234656129,0.10184304899285877,0.09128919169808032,0.08682014376126111,0.10988379015324236,0.11084661642545823
9,9.0,4.2673862119061114,0.10484980733229846,0.10093138071692011,0.0981663396634853,0.10490072821346168,0.0907969290851491,0.0997755287633779,0.09048257527376882,0.08457958174204676,0.11360445346576509,0.11191267574372657
10,10.0,5.138652627782014,0.10621487339491117,0.10140067203505121,0.09897842576282237,0.10439866329185754,0.08962697115739371,0.09939473816793255,0.08870919767221067,0.08245256404830135,0.11485281840626511,0.11397107606325409
11,11.0,6.071405875792507,0.1062159461256322,0.10047436681039781,0.09877875034945174,0.10451659713633871,0.0907391310527247,0.09944021084907392,0.08837297272812361,0.07984255439782731,0.1161285276833022,0.11549094286712755
12,12.0,7.060169740244025,0.10552823292926945,0.1027974304050685,0.1001565188599802,0.10311799898816368,0.08859586138005929,0.09817922899122716,0.08677809504304314,0.07891409159974176,0.1189466414522176,0.11698590035122898
13,13.0,8.099455520847952,0.10716589966027681,0.10176055316687593,0.10053623776242963,0.10444193334530623,0.08753874238932707,0.09686885637723315,0.08648580614909719,0.07963663218808145,0.1183414248678647,0.11722391409350758
14,14.0,9.183818168183006,0.1084081703972223,0.10261869464768852,0.10155693216280948,0.10486455987377451,0.08678228993711758,0.09622286846895244,0.08497748727330304,0.0782685293960084,0.12056356621607292,0.11573690162705058
15,15.0,10.307906369102724,0.10791803252872606,0.1028093858333014,0.10063230519727033,0.10560521465793539,0.08609746342076033,0.09641497250360581,0.084363826081894,0.07631720071065233,0.12262570067660682,0.11721589838924729
16,16.0,11.466506686239443,0.10895833009793857,0.10333132174039039,0.10038024955539784,0.106356079656729,0.08494619718752831,0.09645881788979566,0.08317759591695513,0.07561284337512333,0.12428261522762188,0.11649594935251961
17,17.0,12.654581904800096,0.10840562036518739,0.10222700457783782,0.1018930495178448,0.106579193375101,0.08410314235386807,0.09807587488589277,0.0809699935016952,0.07411527068214571,0.1265146488757417,0.11711620186468528
18,18.0,13.867303782456686,0.1097189325151366,0.10166202273126146,0.10137852040636779,0.1062714635036767,0.08303532326984832,0.09776367788885829,0.08009627923774709,0.07292155387763496,0.12862420798234223,0.11852801858712635
19,19.0,15.100080434523047,0.11087558521774483,0.10013553410858946,0.10341506775349278,0.10568242128437809,0.08124552276843741,0.09840259928071404,0.0794601602368005,0.07133448560165033,0.13003826553348363,0.11941035821470875
20,20.0,16.348578617037543,0.10905790531423212,0.10058768576298478,0.10306170531331431,0.10644919737166793,0.08148597988082439,0.09827999570821261,0.07978914180715137,0.07168093978595808,0.13095426099989826,0.11865318805575598
21,21.0,17.608741195130214,0.1086292602825927,0.10222931317007503,0.10397495508595589,0.10544602301469418,0.08120216571248881,0.09783116534100941,0.0790155611715658,0.07136556858938224,0.1306510605453391,0.11965492708689664
22,22.0,18.876800103462312,0.10823523896859176,0.10127912509118715,0.10446680202414141,0.10602815330251669,0.0804373394480884,0.09845788956309183,0.08013907938914433,0.06969435943933462,0.13118393597577682,0.12007807679812679
23,23.0,20.14928511992658,0.11030240872336411,0.1015296251578867,0.10358909830443151,0.10636631840556078,0.07954016919526981,0.09877833569535692,0.07994433554633514,0.06874454360294789,0.13204586606387805,0.11915929930496892
24,24.0,21.423028783545156,0.11155018073880041,0.1026215986644681,0.10392753480107438,0.10728129624963668,0.07828684010030877,0.09773549060600134,0.07918115323778982,0.06741438274414902,0.13314294972986881,0.11885857312790249
25,25.0,22.695167792966423,0.11167982291593392,0.10248827181027982,0.10456465962614321,0.10865773504574207,0.07859006991461508,0.09799206794658201,0.07885117560457433,0.06612267286038305,0.13345155357755795,0.11760197069818837
26,26.0,23.963141223515898,0.11140353892826438,0.10230341394844628,0.10484599816698174,0.1092878331275985,0.07742672119663002,0.09768748885626272,0.07876225506875716,0.06603311669960726,0.1347503887480953,0.11749924525935646
27,27.0,25.224685898775267,0.11032524437474919,0.10312143540470457,0.10443742747398473,0.10955893728717184,0.07781505222364826,0.0980419538571242,0.07671306607490141,0.06565529993593275,0.13568631897713998,0.11864526439064288
28,28.0,26.477829247520948,0.1107628355954959,0.10089036421654107,0.1071259296788749,0.10720363388226169,0.07755506585956012,0.09980220638573341,0.0791631401477998,0.0639087553373229,0.1350012412992073,0.11858682759720275
29,29.0,27.720879968916847,0.11011635018262889,0.10070234156788253,0.10761318688896356,0.10753593122241588,0.0785548872718924,0.09968576195761605,0.07800295532968239,0.06431775684766221,0.1338892304666386,0.11958159826461731
30,30.0,28.95241681848399,0.10786061647947161,0.10309580845649449,0.10702740760858492,0.10667940124493258,0.07890307775903299,0.09987464781914275,0.07861758813993638,0.0625278863852731,0.13553548783153074,0.11987807827560025
31,31.0,30.17127581490958,0.1064835604167473,0.10223434558758379,0.10898169685018137,0.10591348085615326,0.07954220348538948,0.09998844722816634,0.07809231035425512,0.06156858626273308,0.1361598107456917,0.12103555821309836
32,32.0,31.376536153543515,0.10506767750769591,0.10313154053380402,0.11009801929480588,0.10857848385986005,0.0774693267118735,0.10022284072645161,0.07689399113192792,0.06118676094399905,0.13639948343945807,0.12095187585012375
33,33.0,32.567505096778625,0.10602790199364452,0.1038571776113244,0.11100005033620347,0.1080387407589118,0.07709077043305179,0.10002825780131497,0.0755943052580035,0.05987326487556551,0.1383603116890407,0.12012921924293912
34,34.0,33.74370209472243,0.10493569899174227,0.10512070551741329,0.11086189968233767,0.10655357262402097,0.07580489919700079,0.10086590259847558,0.07474362289286321,0.061492755602896465,0.13907920346763025,0.1205417394256193
35,35.0,34.90484237192463,0.10350474947612237,0.10449157223594502,0.11286974537335855,0.10512602426230146,0.07606940020837134,0.10108075822559423,0.07466847333873194,0.06363310064226874,0.1384260425916348,0.12013013364567138
36,36.0,36.05082019768737,0.10148427466088036,0.1039303315849793,0.11488716194349258,0.10532125020280753,0.07511029994947663,0.10107336921254828,0.07496509906205154,0.06484205161881808,0.137333350873141,0.12105281089180454
37,37.0,37.18169203889697,0.10180364354122018,0.102823867332904,0.1149338599312334,0.10409681406375093,0.07566889782735904,0.10343000267694957,0.07421955383350748,0.06441697248554872,0.13765194029982766,0.12095444800769888
38,38.0,38.29765977559663,0.10292474287649572,0.10237158355278245,0.1168961856361774,0.10395318309717357,0.07459288886033097,0.10408971346338163,0.0741013161476962,0.0633065585967377,0.13776394228374514,0.11999988548547912
39,39.0,39.399054140870355,0.10170624114946238,0.10374826382797656,0.11556739274174374,0.10364695483343916,0.07507687804626609,0.10427667795622722,0.07485968743836863,0.06379588520166041,0.13524186906917374,0.12208014973568197
40,40.0,40.48631852820801,0.09933965565057237,0.10475595103006563,0.11530298721985746,0.10341340999506453,0.07496286224567403,0.10461446674518497,0.07513985422754826,0.06221315761408156,0.13595487101524042,0.12430278425671064
41,41.0,41.55999329152982,0.09856460287819474,0.1058794001592167,0.1172311268869589,0.10050484066965268,0.07499709284233975,0.10362948530819363,0.074615641267422,0.0604823744558534,0.13778875747945835,0.1263066780527097
42,42.0,42.62070064560415,0.0977678223923858,0.1062948607823257,0.11520785218498744,0.10029092860004955,0.07535624688262071,0.10435335917305699,0.07445283484981921,0.06084047530767766,0.13734545605891008,0.12809016376816668
43,43.0,43.669130257815,0.09883831669319415,0.1066299372238331,0.11591053707529048,0.09828673572984563,0.07514707910259648,0.10453086784063872,0.07443688231948517,0.06130260420400254,0.13554562910258847,0.12937141070852506
44,44.0,44.70602560622662,0.09750782291950437,0.10727068405692908,0.1159424246201437,0.09777855267131055,0.07395466018883132,0.10547507703992733,0.0748641081384795,0.06151963244483723,0.13521512431366034,0.1304719136063764
45,45.0,45.73217116373481,0.09627980217880504,0.10822396784235323,0.1156585414053484,0.09750631948716312,0.07679407358430403,0.10588495169830064,0.07425495576681608,0.06070699977153507,0.13567696227430467,0.12901342599106952
46,46.0,46.748380453854836,0.0952439889690462,0.10778382429461776,0.11575463687709153,0.0989144548364192,0.077311517042151,0.10720089303484989,0.07291385899741773,0.05971865112615078,0.13663676660607885,0.12852140821617683
47,47.0,47.755485010424316,0.09435882470456639,0.10702677969805574,0.11521014083111406,0.09652802679737253,0.07803633145232783,0.10790937643999975,0.07225861832856419,0.06246838343943513,0.13609866655306346,0.13010485175550074
48,48.0,48.7543242612326,0.0929617885469557,0.1079424197558134,0.11539535245367416,0.09516910543186616,0.07840766570373468,0.10811931469382503,0.07062609516630979,0.0626697897651938,0.13726845294804702,0.1314400155345801
49,49.0,49.745736344347726,0.0909698405463694,0.10889506480933969,0.115027483816533,0.09387638379705038,0.07730623183458121,0.1094028923659752,0.07083090522827583,0.0612619266673025,0.13940602128384255,0.1330232496507301
50,50.0,50.730549855707864,0.08938922355158363,0.10858133853686507,0.11372527885040305,0.09245341683050437,0.07754877517867124,0.10941316830150738,0.07171898132948556,0.06322808940800075,0.14072822452390726,0.13321350348907154
51,51.0,51.70957651737491,0.08861412876153449,0.10967160245994913,0.11441157262592538,0.09374426233489834,0.07767962783849032,0.110618058957895,0.07104598540389759,0.062190658241127725,0.13997330213004566,0.13205080124623625
52,52.0,52.68360474770151,0.08900637989389668,0.11058029592257915,0.11373138700595119,0.09408092518743918,0.07862708948113581,0.11195467994688905,0.07022463289255064,0.061374782360962665,0.1392261056939686,0.13119372161462692
53,53.0,53.65339410751842,0.08923040813138206,0.108512674165437,0.11401572540028765,0.09679872208731614,0.07760298169047057,0.11256087992988065,0.0695834757279161,0.060851524045865336,0.14055360303639913,0.13029000578504527
54,54.0,54.61967059027847,0.09014318443635502,0.10981406713476312,0.11336406023523302,0.09633021672381015,0.07597295398184696,0.11284705780370317,0.06823108144185688,0.06064622358598615,0.14178971980464686,0.13086143485179857
55,55.0,55.58312271885972,0.08964831512654489,0.11063315398224062,0.11300548578392769,0.09850302629069405,0.07598453898088249,0.11336991000296205,0.06494649491469562,0.05971182724465464,0.142520125291951,0.13167712238144685
56,56.0,56.544398407394254,0.08928818199171284,0.11254644320127784,0.11345552987924341,0.09985706553921164,0.07381066154682436,0.11453828893358037,0.06374084524521692,0.057871729928759184,0.14259481936938015,0.1322964343647932
57,57.0,57.504102543001395,0.0905346576890462,0.11095413185841424,0.1137804103103917,0.10023001613052893,0.07387982490525298,0.11413352073965527,0.06451227112390905,0.05639770511720871,0.14204950199615768,0.13352796012943513
58,58.0,58.462795239617805,0.09237708758965194,0.11243713868092549,0.11528151493005587,0.10070390565424571,0.07233451104395168,0.11346159876612297,0.06237385389463465,0.054826410743429296,0.1439102526606197,0.13229372603636258
59,59.0,59.42099071417639,0.09378240392908095,0.11323060735467357,0.11507561039831783,0.10019719154248943,0.07176877831886008,0.11449846030613473,0.06364260010362327,0.053980551746688164,0.1421689311733024,0.13165486512682945
60,60.0,60.379156734137354,0.09288644748213756,0.11115362825982568,0.11784071649174516,0.1012032152220446,0.07109565462612795,0.11398276916906842,0.06367449834344902,0.05486114220101257,0.1424136814491884,0.1308882467554005
61,61.0,61.337714584760846,0.09390149453761079,0.11202793622436683,0.11918403300296505,0.09952284719832973,0.07099444761554323,0.11319181777473046,0.06349796300930884,0.0536336699998219,0.14408442080550027,0.12996136983182277
62,62.0,62.29703950447439,0.09359268246656904,0.1126687543794847,0.12199073642045254,0.09939881086159057,0.07055529741381765,0.11206063423724635,0.061386151011862435,0.054540792402068994,0.14381827358100427,0.1299878672259033
63,63.0,63.257461537171835,0.0956450060552692,0.11377029590564242,0.12240890219801427,0.09795580879764945,0.06997571737111656,0.11018925132963026,0.059632389390471566,0.05468163225041656,0.1455024587057783,0.1302385379960113
64,64.0,64.21926675122782,0.09473027644240768,0.11292121154884238,0.12282243170167019,0.0981293492610603,0.07044803487472333,0.11075488861028175,0.05919787493907728,0.05686488827123081,0.144493590252196,0.12963745409851019
65,65.0,65.18269877636592,0.09252873814822754,0.11467854531841407,0.12401449589902411,0.09698322353865149,0.06992303749292307,0.11068536283018594,0.06012143121827476,0.05881692939270125,0.143318192417291,0.1289300437443067
66,66.0,66.14796061122655,0.09281522194819025,0.11447850254353753,0.12474746358020888,0.097290443945926,0.06778212877992813,0.11081715546428177,0.060742405120676905,0.05952637986436905,0.1433602373771022,0.12844006137577918
67,67.0,67.11521665648885,0.09288531531435243,0.11372691084940378,0.12477293046069504,0.09801798376640034,0.06887857504506734,0.10945699705333019,0.06148243294268001,0.06152257480427957,0.14209868792804103,0.12715759183575015
68,68.0,68.08459493066005,0.09375420527922143,0.11304626743755536,0.12541630049236424,0.09830112057082982,0.06766880641886366,0.11123747844814703,0.06253166734337859,0.06052673560776356,0.13963339951325765,0.12788401888861856
69,69.0,69.05618942810752,0.0939434960071921,0.11105329756805053,0.1242381449251787,0.09883903033717051,0.06767959523406387,0.11124711301406427,0.06173114850496979,0.059632802893060666,0.1431707257443864,0.12846464577186306
70,70.0,70.03006258152917,0.09441697585966512,0.10993651647409478,0.12493632941486862,0.09965840106927308,0.0678415358310049,0.11129891490749674,0.06007632977209285,0.05810063108437932,0.14394847395422097,0.12978589163290352
71,71.0,71.00624779379335,0.09366928348382454,0.10926842219015555,0.12459761477186705,0.0999914645976104,0.06663788040023501,0.1123058108679363,0.06008012302765792,0.05680399092961212,0.14612754068205008,0.13051786904905094
72,72.0,71.98475200689319,0.09287848320916157,0.10816001784299695,0.1267943419115145,0.09874444293679821,0.06789671783740397,0.11251254010521029,0.060084584714036,0.057609456704796294,0.14733416338323627,0.12798525135484584
73,73.0,72.96555827861411,0.09398328359257188,0.10723827640971939,0.12721135112251583,0.09865512126439016,0.06570676518767435,0.11099927681924307,0.06054446997697357,0.060157355465742315,0.14786830840729695,0.1276357917538724
74,74.0,73.94862834037681,0.09453502171696342,0.10746753287420906,0.1261850536907385,0.09988282426141715,0.06412257023899028,0.11174080790877436,0.05997746750455367,0.05925345913356471,0.1479517971588938,0.12888346551189495
75,75.0,74.93390511255946,0.09591418603610968,0.10763686598413971,0.12567964457653674,0.0995040990378871,0.06465179971088034,0.11207574931350572,0.060242541431161756,0.057992847828577575,0.14730559426253817,0.1289966718186631
76,76.0,75.92131515639825,0.09310416069261637,0.10690521345494475,0.1274405165331007,0.10056524721454345,0.06527661750197776,0.11366480790450176,0.06211630195969195,0.05629726799036571,0.1466317610135423,0.12799810573471515
77,77.0,76.91077104428919,0.09479635568061744,0.10639121533077342,0.1261317363747526,0.09999233673855762,0.06480310684588472,0.11543767820458775,0.06231194343376279,0.056164390275252545,0.1455146697703672,0.12845656734544383
78,78.0,77.90217363294813,0.09659144899729148,0.10495780913644893,0.1236267787714009,0.09897053460228834,0.06531809366460316,0.11495568226702665,0.06199990230259988,0.056762489297411504,0.14723418542893182,0.12958307553199724
79,79.0,78.89541422641172,0.09760556586179583,0.10477107458564856,0.1235514155630279,0.09965675179002949,0.06523758655982952,0.11524767171453405,0.060932832549658866,0.05837246578463988,0.14670470415584774,0.12791993143498806
80,80.0,79.89037661826481,0.09727271124445198,0.10422724303757266,0.12163721512046223,0.10269893837253474,0.06365108126406202,0.11438870055690306,0.06232969820962596,0.05822206144594235,0.14633787508392176,0.12923447566452312
81,81.0,80.88693900474995,0.09794168000327595,0.10465386525639736,0.11978893620075481,0.10318056924967253,0.06390568569978994,0.11293388519368952,0.06300662645640386,0.05799013906057559,0.14737001154449547,0.12922860133494482
82,82.0,81.88497576253909,0.09822932105758643,0.10563597978699571,0.11961567606978307,0.10273297962882147,0.0635499893511273,0.1119722270179068,0.061960617141599575,0.05790197486109323,0.1480213909651671,0.13037984411991918
83,83.0,82.88435908692391,0.10000085006087871,0.1051352837272681,0.11881909407480643,0.10395763758472079,0.06227149463320041,0.11228297688865227,0.06192945433227267,0.058312662885267055,0.14601661208608852,0.13127393372684487
84,84.0,83.88496048800103,0.10080485900150545,0.10636821965032399,0.12071565676678589,0.10557703214749453,0.06024440835438472,0.11071194025653519,0.059961645300167676,0.05608413783024611,0.1461399470742443,0.13339215361831203
85,85.0,84.88665214409042,0.10166707098764022,0.10866337541147289,0.12343959809543899,0.10422913731074468,0.06178528917089035,0.10774886045274167,0.05886361768409733,0.056441640839899505,0.1451355370306394,0.13202587301643487
86,86.0,85.88930811312994,0.10189354894605851,0.10808408519373017,0.12220656866282273,0.1018653745744854,0.061871001225476334,0.10826398947052596,0.0597630408754739,0.0556646896578249,0.146702366675031,0.13368533471857097
87,87.0,86.89280540413424,0.1028350744404932,0.10954921661370368,0.1250264749332883,0.10240817686048923,0.06057658824776779,0.10723488177026665,0.058407050965073745,0.05476130341318729,0.1460900433743852,0.13311118938134484
88,88.0,87.89702491199675,0.10337638938867273,0.10948576834466314,0.12496603892557584,0.10289012054022684,0.060557948907384446,0.10661873587567725,0.05833880222674475,0.055149209720268356,0.14572658076555986,0.1328904053052267
89,89.0,88.90185221995306,0.10377163023736444,0.10791149422446578,0.12528035657735703,0.10104251957878443,0.061055462629303746,0.10766810121422549,0.05869739369331839,0.056289958899634,0.1448595396127422,0.13342354333280435
90,90.0,89.90717827491419,0.10148531173262897,0.10974445774805255,0.12738677561415213,0.10025046802574766,0.062010377409436455,0.10739967724139793,0.059286936469295025,0.05572550818110302,0.14307908140362113,0.133631406174565
91,91.0,90.91289994163006,0.1013369803492826,0.11174201397386789,0.12710755705029547,0.09945941668399098,0.06260079404303695,0.10753416646250422,0.059168648778850835,0.05416933285728456,0.1419003508956674,0.13498073890521894
92,92.0,91.91892044225806,0.10272490133957562,0.11156558967094665,0.12870914876476489,0.09594130566783417,0.06131135353522142,0.10539286254558307,0.06058308102482156,0.05512713250668398,0.1414330796401775,0.13721154530439103
93,93.0,92.92514968840067,0.10319755168771844,0.11083316033967255,0.13011804409656347,0.09507486598881927,0.05984691366102663,0.10616748337026774,0.061813175092006296,0.056524984475776786,0.13878643923091194,0.13763738205723677
94,94.0,93.93150451304501,0.10288496863346963,0.11119429096521898,0.1313726720717682,0.09275925573202055,0.061328194993317216,0.10552355681377923,0.06331304893255968,0.05531781242437758,0.13800958865197788,0.13829661078151095
95,95.0,94.93790881009448,0.10242392069862383,0.10943487114052249,0.13254807455915565,0.09263288405314078,0.061667169224392256,0.10450848263552406,0.06326373378244249,0.05636177847681995,0.1387449117583377,0.1384141736710407
96,96.0,95.94429358933806,0.10039182193625774,0.11229502072008993,0.1340446897063661,0.0931167690540609,0.0629535881911081,0.10419490273176528,0.06114581500913812,0.05541837516521288,0.13901694954703167,0.1374220679389692
97,97.0,96.9505969547639,0.10222172393599507,0.11251291785131681,0.13332825555698602,0.0946517472603853,0.06198039925067555,0.10546883496143492,0.05971550687325915,0.054026220119833684,0.1409562338471077,0.1351381603430057
98,98.0,97.9567640140995,0.10110831318085585,0.11297170039355012,0.13285610873181047,0.09452874247201715,0.06241673552759871,0.10456611639146732,0.057826983916877545,0.05542582681060622,0.141877037907717,0.13642243466749954
99,99.0,98.96274672736057,0.10054723952022382,0.11191534243682033,0.13195668704815275,0.09632282863161497,0.061582502822462165,0.10331174391145456,0.05878262229612355,0.05432349782661866,0.14427151660415194,0.13698601890237713
100,100.0,99.96850370202192,0.10244086792134284,0.11415448016337493,0.13149269009401596,0.09436469982775023,0.06145577838654252,0.10360257016584583,0.057376702098945416,0.053518838444165724,0.1447092147143588,0.13688415818365768
101,101.0,100.97399994219691,0.1019644707700321,0.11392786750470034,0.13341802435808103,0.09435975295202302,0.06242689477236937,0.10138144788227363,0.058120973982403026,0.051980811680682054,0.14443736784425876,0.13798238825317655
102,102.0,101.97920655893245,0.10111448143740252,0.11064141884652207,0.13405819657934154,0.09515050239857353,0.06021022301788068,0.10236758556275848,0.05820268452766807,0.05346686921116399,0.14691959597471455,0.13786844244397448
103,103.0,102.98410044840509,0.10106514866675961,0.11128193361994383,0.13123379125449464,0.09555270550674991,0.06301185887412122,0.10410444930484318,0.05810540756592802,0.053174972653208315,0.14553735397709594,0.13693237857685525
104,104.0,103.98866394444643,0.10201431251637903,0.11107351325363093,0.12943932093824662,0.09496487212091145,0.06271147415676723,0.10640881291843199,0.058270084765279326,0.05439340107727661,0.14423992076301806,0.1364842874900587
105,105.0,104.99288445143917,0.10185351464968845,0.11014911704656866,0.12887677506818232,0.09418077420570414,0.063396637358943,0.10583567621349593,0.05780461887108547,0.05519904838446866,0.1455092324274613,0.137194605774402
106,106.0,105.99675406321822,0.09969698710798522,0.11004557468696056,0.12916211064310062,0.09487742201064808,0.0650726903155236,0.10494132124218158,0.06198015259574974,0.05412805200261541,0.1444793431565378,0.1356163462386973
107,107.0,107.0002691731872,0.09842914042166924,0.1085266243850111,0.13049120008321055,0.09281045917325251,0.06441530875726206,0.10692075822933098,0.06460956933542758,0.05398383999047719,0.14573616796936287,0.1340769316549958
108,108.0,108.0034300804274,0.09889252823274677,0.10773107665869651,0.1301484876988424,0.09251124156654078,0.0662994110633536,0.1064230323977757,0.06505185149924582,0.058226159001571465,0.1430138311576937,0.13170238072353313
109,109.0,109.00624059613932,0.10056083952082777,0.1064578646107924,0.12956089758600803,0.09404040496629174,0.06528921602074592,0.10671219820012795,0.06602349168399944,0.057685988379932523,0.14257741460630324,0.13109168442497088
110,110.0,110.00870765431864,0.0997758753175702,0.10478478794136258,0.13170195761161912,0.09351749996689371,0.06489462422693244,0.10671579327598045,0.06482953727486028,0.056131383933648867,0.144643983580808,0.13300455687032425
111,111.0,111.01084093013685,0.09950443119511695,0.10666190899208569,0.1317214440960125,0.09370538176304984,0.06754439764037802,0.10711394642605968,0.06356851458467802,0.05434592449678808,0.14254893656395018,0.13328511424188097
112,112.0,112.01265246907188,0.10039957017711053,0.1056940597793526,0.13041639014987283,0.09465808799604568,0.06824829493896603,0.10660149664103008,0.06339347436029695,0.054901994831780494,0.14324701600268305,0.13243961512286173
113,113.0,113.01415632942268,0.10209129794512635,0.10668544039606437,0.12987347123101747,0.09347176315048797,0.06667407849903163,0.10552829518486694,0.06122764912649467,0.0558263333889534,0.1454226770718365,0.13319899400612065
114,114.0,114.01536824044418,0.10239710044847083,0.10616008320030525,0.1286700274759516,0.09214992119100551,0.06563058383648648,0.10681469487413241,0.06355966994805129,0.05632388026781636,0.1455763002283738,0.13271773852940635
115,115.0,115.01630527795908,0.10287810493829415,0.10737350597802443,0.12966672469494978,0.09125097773778744,0.06381049509052282,0.10700391237617868,0.063781726004309,0.05472417273462445,0.1469040269020019,0.13260635354330724
116,116.0,116.0169855589429,0.10203905116950854,0.10718275647965624,0.12988377105936713,0.09043365643428414,0.06464198222515741,0.1070630120184729,0.06401784975634063,0.052854849823689855,0.1483997451125879,0.13348332592093518
117,117.0,117.01742795623892,0.10061521180919672,0.1072761928132553,0.1305933532775828,0.08829557066737231,0.06492630212852717,0.10737095728985645,0.06574262777582189,0.05178897468083248,0.14939804456938216,0.1339927649881726
118,118.0,118.01765183424293,0.09890385696417639,0.10649995184292174,0.13304862519366384,0.08758863589795526,0.06475071558561415,0.10993071774918121,0.06542148600864009,0.05076976081585301,0.15017339258244267,0.13291285735955155
119,119.0,119.01767680610413,0.09864428776359892,0.10817103639877534,0.13107463880553258,0.08905868616607535,0.06386590152250489,0.1098140820222,0.0643459900402295,0.049705767805236965,0.15211465688299472,0.13320495259285164
120,120.0,120.01752251271817,0.09922501490847663,0.10686327601898579,0.12947549765255484,0.0896439878370284,0.06304046586095327,0.11018043150579765,0.06276624784670683,0.05068672244535545,0.1542595895412638,0.1338587663828773
121,121.0,121.01720842354362,0.09982596946669546,0.10628447260627946,0.13035200947170128,0.08849292793924603,0.06360666981686053,0.10922784761311932,0.06189935066113832,0.04939413195096668,0.15736968272910032,0.13354693774489257
122,122.0,122.01675365905109,0.09816238441894609,0.10624096925198624,0.12888040685739147,0.08967734768373875,0.064233692456253,0.10844289483131289,0.06275013252408707,0.04730364950444568,0.15944948486264537,0.13485903760919335
123,123.0,123.0161768344173,0.09379695591392687,0.10666326307776258,0.12837897482483301,0.09099977850327401,0.06614304530293884,0.1069960867310918,0.062256360406540104,0.047847635890619716,0.15807402872339674,0.13884387062561626
124,124.0,124.01549592390272,0.09358420406174048,0.10361400019641785,0.12790696648102326,0.0918805904231324,0.0678910349474148,0.10834319451604822,0.06211589090347244,0.047595229576029144,0.15655090726239002,0.14051798163233128
125,125.0,125.01472814520056,0.09181132563139947,0.10381217961510289,0.12671537963901774,0.09347608303070375,0.06678441697192035,0.10896156087011766,0.06130986413755951,0.0486027013317686,0.15763140806104342,0.1408950807113665
126,126.0,126.01388986291661,0.09149241126012132,0.10573177368165333,0.12777090254263274,0.09225560085153305,0.0663757519521275,0.10756510019532523,0.05945151716302735,0.04778838413097819,0.1598620308639482,0.141706527358653
127,127.0,127.0129965102319,0.08953470822039515,0.10638180323030569,0.12818055311754756,0.09541387923339503,0.06729734425713134,0.10857553530664521,0.05972540575918643,0.04639605241406345,0.1574390087455631,0.14105570971576695
128,128.0,128.01206252771334,0.08834004160877731,0.10507151703831455,0.13050519032436253,0.09733607147805778,0.06765853181718993,0.10831227236532191,0.05747626693411566,0.044343102459947936,0.1568434529335415,0.1441135530403708
129,129.0,129.0111013181695,0.0872754315556602,0.10340385514414416,0.13057006754027128,0.09937339333066868,0.06645642978362659,0.11027482743956922,0.05592040594307322,0.04321830280318116,0.15949971046390263,0.14400757599590272
130,130.0,130.01012521639834,0.0896308858288945,0.10481941227191144,0.1305111253620895,0.1003008066460219,0.06455041757237652,0.10858834889902692,0.0563044704430043,0.04306653428023012,0.15938733925106083,0.14284065944538385
131,131.0,131.0091454726403,0.09097609230001728,0.10681885333556532,0.1287152952503911,0.10061125216061723,0.06484916459416082,0.1087273885460831,0.05630638330724176,0.0433482816207737,0.15942586746338186,0.14022142142176772
132,132.0,132.0081722485317,0.09296871887552842,0.10603804683746801,0.12972506837894848,0.10082986533997504,0.06578038119553707,0.10855455106396672,0.05596507773655101,0.042820516637958515,0.15673130954796963,0.14058646438609695
133,133.0,133.00721462434865,0.09361545670721233,0.10629534799473395,0.13031865163740727,0.1010749052178592,0.06679117735431517,0.11052341611907904,0.05682721267336147,0.04240164924212941,0.15273531899934367,0.1394168640545583
134,134.0,134.0062806163404,0.09394998872624631,0.10538517295629175,0.13182948414581225,0.10213657172174968,0.06624177760098422,0.11262660291585948,0.056080489481327385,0.04257971251019385,0.1505569194711171,0.13861328047041774
135,135.0,135.00537720296956,0.09279666465787446,0.10692732640523618,0.12986795234753584,0.10131591372728092,0.06473115218122683,0.1120908077218524,0.05787999025795685,0.04247896709966799,0.15327872930147576,0.13863249629989252
136,136.0,136.00451035890612,0.09293992254446812,0.10733919344607194,0.127468552969293,0.10345672948059417,0.06342453258170501,0.11100953222964645,0.05777141951478635,0.04300090462120378,0.15323097689469026,0.1403582357175407
137,137.0,137.00368509565993,0.09281573281951032,0.10980258402664843,0.1284124944434095,0.10177753211483463,0.06399629518595217,0.11038909723524637,0.0576139074030302,0.04311186039239467,0.15010283249141945,0.14197766388755403
138,138.0,138.0029055077818,0.09059824952185945,0.11135651969234464,0.12995341432546592,0.09813533702380461,0.06516909580958068,0.10974906693992592,0.05595750400872662,0.04392070333576713,0.1518784575583051,0.1432816517842197
139,139.0,139.00217482361367,0.09438552912403353,0.11280668119667431,0.1290019033870114,0.0949122615131389,0.06466921557319653,0.10984328598590068,0.056281275047841736,0.04472326344147521,0.15041410007109865,0.14296248465962885
140,140.0,140.0014954596262,0.09464877548654568,0.11284382052409475,0.132818230964198,0.09280871737336034,0.06467337779405262,0.1087371609662775,0.05633265219749113,0.043187382125448585,0.15049104452561116,0.14345883804292003
141,141.0,141.00086907744122,0.09276532024494547,0.11460155972790542,0.13271718606379465,0.09232651974850427,0.06678180291449018,0.11064914090620553,0.055462340831349655,0.04527321359390317,0.14759816328723666,0.1418247526816649
142,142.0,142.0002966427003,0.09439123683871552,0.1119804116293945,0.13361437200902507,0.09244842013882326,0.0677236791969041,0.10922443578198798,0.055972959729497604,0.049136422498414566,0.14326279277455076,0.14224526940268656
143,143.0,142.99977848500652,0.09431933278444822,0.11098522513510095,0.1338086245038749,0.09069469325425142,0.06859320048688539,0.10999871847777155,0.05609086500417672,0.04985238426127224,0.14216761287744475,0.14348934321477375
144,144.0,143.99931435823203,0.09601468210580727,0.10845971831185477,0.13211800053124542,0.08976768583838893,0.07026527097075726,0.10963191472019654,0.05505422265529941,0.0504006204950433,0.1426117446877192,0.1456761396836878
145,145.0,144.99890350055264,0.09742450213956574,0.10823551142560124,0.13129005765238702,0.09088455915104539,0.06962339345491185,0.10750304662003604,0.05833809649753531,0.05050083422265656,0.1410463772653023,0.14515362157095846
146,146.0,145.9985446936357,0.09686919852237531,0.10763889924995323,0.13086580222284125,0.09025312347480116,0.07292486312840762,0.10684539381267927,0.06009739922575423,0.048817603433872196,0.1392294236498327,0.14645829327948295
147,147.0,146.99823632047406,0.09591504874010272,0.10878496795505414,0.13056069885832444,0.09064850416588678,0.07191789723920747,0.10916217604635817,0.058605956103218566,0.04926559997648883,0.13938333139809825,0.14575581951726058
148,148.0,147.99797642142389,0.0968070031155876,0.10938862092826504,0.13060638242874903,0.09270720375096263,0.06914654261159969,0.10860357935421004,0.05795250242454069,0.04806374767949024,0.1388330570478234,0.14789136065877162
149,149.0,148.99776274806447,0.09771591460643078,0.10844616279367021,0.13257929414627434,0.09314151595439146,0.06639456545754487,0.10710026640270964,0.05853847930989286,0.04799393420869763,0.14186758666711372,0.14622228045327446
150,150.0,149.99759281456036,0.09743815558280705,0.10845665740792917,0.13501272203202974,0.09069980237990152,0.06285339720746358,0.10761515058164874,0.059071785166184734,0.049052994359553924,0.14240602419439635,0.14739331108808515
151,151.0,150.99746394626104,0.09671179178248061,0.11097744694948201,0.13312685586164164,0.09201877803955447,0.06178305733288918,0.10714210396253022,0.06165059978355809,0.04825398846458779,0.14183907159188372,0.1464963062313922
152,152.0,151.99737332532905,0.09464782106205083,0.11201937656175287,0.1332180537263095,0.09215287092330166,0.05920685804212231,0.10798704676587603,0.06179871391874761,0.048992716569819704,0.14405211232941925,0.14592443010060022
153,153.0,152.99731803323698,0.0942564546150772,0.1109964919371752,0.13583025835448703,0.09054238425285238,0.05673446506156296,0.10991412885902654,0.06228795278833653,0.04887786393170538,0.14665829312446121,0.1439017070753155
154,154.0,153.99729509002177,0.09906933177273379,0.10880462977189548,0.13438733599371835,0.09217394596644812,0.05637352608066898,0.10764882689457869,0.06408750120945085,0.04905645167324763,0.147396838191083,0.14100161244617504
155,155.0,154.99730149022784,0.10254073965790414,0.10564211545027988,0.1346426228194253,0.09232213321470048,0.056215650737654166,0.10688307704717272,0.06588269213953367,0.04946848450492877,0.15045150664630827,0.13595097778209253
156,156.0,155.99733423551103,0.10271445887260393,0.10535495576082558,0.13528644535619108,0.09222620406446247,0.057692947932531956,0.10556564299043245,0.06397343222002123,0.05373949755382722,0.15074263779333716,0.13270377745576686
157,157.0,156.99739036391077,0.10369992395991631,0.1050617119681489,0.1365116977978641,0.09267784157567714,0.05775033887995876,0.10404367659906194,0.06261421936513988,0.053541212105379925,0.1519006149762361,0.13219876277261688
158,158.0,157.99746697583146,0.10145957821037233,0.10599610328256201,0.1345795262220481,0.09190658450650702,0.061917143645954756,0.10274634682443172,0.0653817046223864,0.0553391426156845,0.15132510603888494,0.12934876403116816
159,159.0,158.99756125680176,0.10366346560474261,0.10662648068530187,0.1344003633267046,0.09108369082238706,0.06404317907932142,0.10165688456285313,0.06544857116726915,0.05510703700128842,0.15103747204491225,0.12693285570521942
160,160.0,159.997670497107,0.10816706672122486,0.10687774096703702,0.1325771298809899,0.09131481539678753,0.06496961233757663,0.10231905992267915,0.06486540645634796,0.0533461699493427,0.15144309238775683,0.12411990598025738
161,161.0,160.99779210841066,0.1058338789220011,0.10526558568997706,0.1298973088846048,0.091855462019922,0.06499580493091121,0.10444417353817388,0.062211954140556275,0.05374208813948613,0.1574971180214307,0.12425662571293676
162,162.0,161.99792363749984,0.10778259549544253,0.10330855605209759,0.12587161808723368,0.09222001309666926,0.06882407435108881,0.10452524622393837,0.06261646081727366,0.053268170217766704,0.1572132786599541,0.12436998699853521
163,163.0,162.9980627773051,0.10625602264603475,0.10097859241351977,0.12752699798557973,0.09192455650362115,0.07002865440376935,0.10315864510567853,0.061392391521638646,0.05199056098525385,0.15898141910654573,0.1277621593283584
164,164.0,163.9982073753568,0.10842212881151195,0.09796260034175001,0.12518074384861266,0.09417743101372182,0.06959498508938201,0.10274282299541113,0.06308360496841392,0.05223398995700812,0.15871285542683353,0.12788883754735472
165,165.0,164.99835543984977,0.10769632992658679,0.1003287608217436,0.1264772400606782,0.09340255603286816,0.06856448927956892,0.10282301832776371,0.062418427736030256,0.05025285074059425,0.1601977253540381,0.12783860172012784
166,166.0,165.99850514349492,0.10761516298697797,0.09903132550914014,0.12312778537337501,0.09364728587471723,0.06837773158378975,0.10268851427923527,0.06516934640355644,0.04861887280188615,0.16216059874246164,0.12956337644486016
167,167.0,166.99865482534062,0.10758840656878084,0.10149173898839153,0.1184424585528336,0.09393387653684306,0.06914790260017954,0.10428889447263462,0.06289617430051453,0.048810976936769376,0.16205128390111515,0.1313482871419375
168,168.0,167.99880299074837,0.10689772109901988,0.10168399950706539,0.11883800633600532,0.09334682260193293,0.07001204505076279,0.10284051180708247,0.06175505796311586,0.04874727530428878,0.16134974550969539,0.13452881482103093
169,169.0,168.99894830970783,0.1054983640116243,0.10510076304840608,0.12069905510057186,0.09263524894498941,0.0679200152189285,0.10058231927343735,0.06070264740018888,0.049263930569004466,0.16314311295542933,0.13445454347741956
170,170.0,169.99908961367427,0.10307611206313276,0.10532281267235846,0.12053650566387046,0.09363877093502906,0.06953771914280082,0.10172036260253305,0.06032499303020193,0.05059467287032484,0.16193434003475632,0.13331371098499203
171,171.0,170.99922589110733,0.10038883195766586,0.10519546898030674,0.12328550506816902,0.09419340724511172,0.06761605069042705,0.1017283945908044,0.06145999601257809,0.0526838976340866,0.16361832407366558,0.12983012374718467
172,172.0,171.99935628188598,0.09837843318770642,0.1079620181140015,0.12547022792351412,0.09465315334153382,0.06884933145375687,0.0997353258166939,0.059922092633931154,0.050848598955048015,0.16619885467589432,0.12798196389791963
173,173.0,172.99948007076793,0.09354515614148409,0.10755275729778305,0.12710931080399612,0.09469866281582573,0.06852632435642894,0.10069769154128108,0.06032730869263955,0.05121411956707532,0.1675626348488405,0.1287660339346454
174,174.0,173.99959668005403,0.09425798751949957,0.10589589602863159,0.12780570008450257,0.0933024939012903,0.07058728264870658,0.10017995339306365,0.0602560433898497,0.052638179732678626,0.16545747979660638,0.12961898350517082
175,175.0,174.99970566161096,0.0954871814291644,0.10508938639073097,0.13130472954538217,0.09225727422352344,0.07195444303923727,0.09584838228755375,0.0593921144715009,0.052559397081410934,0.16653246270302047,0.12957462882847554
