Total_iterations,Unnamed: 0.1,Intertwine_two,Add_vertex,Delete_vertex,Invert_path_vertices,Insert_inside_vertex,Delete_inside_vertex
0,0.0,0.1666666666666666,0.1666666666666666,0.1666666666666666,0.1666666666666666,0.1666666666666666,0.1666666666666666
1,1.0,0.1666666666666666,0.1666666666666666,0.1666666666666666,0.1666666666666666,0.1666666666666666,0.1666666666666666
2,2.0,0.1666666666666666,0.1666666666666666,0.1666666666666666,0.1666666666666666,0.1666666666666666,0.1666666666666666
3,3.0,0.1666666666666666,0.1666666666666666,0.1666666666666666,0.1666666666666666,0.1666666666666666,0.1666666666666666
4,4.0,0.1666666666666666,0.1666666666666666,0.1666666666666666,0.1666666666666666,0.1666666666666666,0.1666666666666666
5,5.0,0.1666666666666666,0.1666666666666666,0.1666666666666666,0.1666666666666666,0.1666666666666666,0.1666666666666666
6,6.0,0.1666666666666666,0.1666666666666666,0.1666666666666666,0.1666666666666666,0.1666666666666666,0.1666666666666666
7,7.0,0.1666666666666666,0.1666666666666666,0.1666666666666666,0.1666666666666666,0.1666666666666666,0.1666666666666666
8,8.0,0.1666666666666666,0.1666666666666666,0.1666666666666666,0.1666666666666666,0.1666666666666666,0.1666666666666666
9,9.0,0.1666666666666666,0.1666666666666666,0.1666666666666666,0.1666666666666666,0.1666666666666666,0.1666666666666666
10,10.0,0.1666666666666666,0.1666666666666666,0.1666666666666666,0.1666666666666666,0.1666666666666666,0.1666666666666666
11,11.0,0.1666666666666666,0.1666666666666666,0.1666666666666666,0.1666666666666666,0.1666666666666666,0.1666666666666666
12,12.0,0.1666666666666666,0.1666666666666666,0.1666666666666666,0.1666666666666666,0.1666666666666666,0.1666666666666666
13,13.0,0.1666666666666666,0.1666666666666666,0.1666666666666666,0.1666666666666666,0.1666666666666666,0.1666666666666666
14,14.0,0.1666666666666666,0.1666666666666666,0.1666666666666666,0.1666666666666666,0.1666666666666666,0.1666666666666666
15,15.0,0.1666666666666666,0.1666666666666666,0.1666666666666666,0.1666666666666666,0.1666666666666666,0.1666666666666666
16,16.0,0.1666666666666666,0.1666666666666666,0.1666666666666666,0.1666666666666666,0.1666666666666666,0.1666666666666666
17,17.0,0.1666666666666666,0.1666666666666666,0.1666666666666666,0.1666666666666666,0.1666666666666666,0.1666666666666666
18,18.0,0.1666666666666666,0.1666666666666666,0.1666666666666666,0.1666666666666666,0.1666666666666666,0.1666666666666666
19,19.0,0.1666666666666666,0.1666666666666666,0.1666666666666666,0.1666666666666666,0.1666666666666666,0.1666666666666666
20,20.0,0.1666666666666666,0.1666666666666666,0.1666666666666666,0.1666666666666666,0.1666666666666666,0.1666666666666666
21,21.0,0.1666666666666666,0.1666666666666666,0.1666666666666666,0.1666666666666666,0.1666666666666666,0.1666666666666666
22,22.0,0.1666666666666666,0.1666666666666666,0.1666666666666666,0.1666666666666666,0.1666666666666666,0.1666666666666666
23,23.0,0.1666666666666666,0.1666666666666666,0.1666666666666666,0.1666666666666666,0.1666666666666666,0.1666666666666666
24,24.0,0.1666666666666666,0.1666666666666666,0.1666666666666666,0.1666666666666666,0.1666666666666666,0.1666666666666666
25,25.0,0.1666666666666666,0.1666666666666666,0.1666666666666666,0.1666666666666666,0.1666666666666666,0.1666666666666666
26,26.0,0.1666666666666666,0.1666666666666666,0.1666666666666666,0.1666666666666666,0.1666666666666666,0.1666666666666666
27,27.0,0.1666666666666666,0.1666666666666666,0.1666666666666666,0.1666666666666666,0.1666666666666666,0.1666666666666666
28,28.0,0.1666666666666666,0.1666666666666666,0.1666666666666666,0.1666666666666666,0.1666666666666666,0.1666666666666666
29,29.0,0.1666666666666666,0.1666666666666666,0.1666666666666666,0.1666666666666666,0.1666666666666666,0.1666666666666666
30,30.0,0.1666666666666666,0.1666666666666666,0.1666666666666666,0.1666666666666666,0.1666666666666666,0.1666666666666666
31,31.0,0.1666666666666666,0.1666666666666666,0.1666666666666666,0.1666666666666666,0.1666666666666666,0.1666666666666666
32,32.0,0.1666666666666666,0.1666666666666666,0.1666666666666666,0.1666666666666666,0.1666666666666666,0.1666666666666666
33,33.0,0.1666666666666666,0.1666666666666666,0.1666666666666666,0.1666666666666666,0.1666666666666666,0.1666666666666666
34,34.0,0.1666666666666666,0.1666666666666666,0.1666666666666666,0.1666666666666666,0.1666666666666666,0.1666666666666666
35,35.0,0.1666666666666666,0.1666666666666666,0.1666666666666666,0.1666666666666666,0.1666666666666666,0.1666666666666666
36,36.0,0.1666666666666666,0.1666666666666666,0.1666666666666666,0.1666666666666666,0.1666666666666666,0.1666666666666666
37,37.0,0.1666666666666666,0.1666666666666666,0.1666666666666666,0.1666666666666666,0.1666666666666666,0.1666666666666666
38,38.0,0.1666666666666666,0.1666666666666666,0.1666666666666666,0.1666666666666666,0.1666666666666666,0.1666666666666666
39,39.0,0.1666666666666666,0.1666666666666666,0.1666666666666666,0.1666666666666666,0.1666666666666666,0.1666666666666666
40,40.0,0.1666666666666666,0.1666666666666666,0.1666666666666666,0.1666666666666666,0.1666666666666666,0.1666666666666666
41,41.0,0.1666666666666666,0.1666666666666666,0.1666666666666666,0.1666666666666666,0.1666666666666666,0.1666666666666666
42,42.0,0.1666666666666666,0.1666666666666666,0.1666666666666666,0.1666666666666666,0.1666666666666666,0.1666666666666666
43,43.0,0.1666666666666666,0.1666666666666666,0.1666666666666666,0.1666666666666666,0.1666666666666666,0.1666666666666666
44,44.0,0.1666666666666666,0.1666666666666666,0.1666666666666666,0.1666666666666666,0.1666666666666666,0.1666666666666666
45,45.0,0.1666666666666666,0.1666666666666666,0.1666666666666666,0.1666666666666666,0.1666666666666666,0.1666666666666666
46,46.0,0.1666666666666666,0.1666666666666666,0.1666666666666666,0.1666666666666666,0.1666666666666666,0.1666666666666666
47,47.0,0.1666666666666666,0.1666666666666666,0.1666666666666666,0.1666666666666666,0.1666666666666666,0.1666666666666666
48,48.0,0.1666666666666666,0.1666666666666666,0.1666666666666666,0.1666666666666666,0.1666666666666666,0.1666666666666666
49,49.0,0.1666666666666666,0.1666666666666666,0.1666666666666666,0.1666666666666666,0.1666666666666666,0.1666666666666666
50,50.0,0.1666666666666666,0.1666666666666666,0.1666666666666666,0.1666666666666666,0.1666666666666666,0.1666666666666666
51,51.0,0.1666666666666666,0.1666666666666666,0.1666666666666666,0.1666666666666666,0.1666666666666666,0.1666666666666666
52,52.0,0.1666666666666666,0.1666666666666666,0.1666666666666666,0.1666666666666666,0.1666666666666666,0.1666666666666666
53,53.0,0.1666666666666666,0.1666666666666666,0.1666666666666666,0.1666666666666666,0.1666666666666666,0.1666666666666666
54,54.0,0.1666666666666666,0.1666666666666666,0.1666666666666666,0.1666666666666666,0.1666666666666666,0.1666666666666666
55,55.0,0.1666666666666666,0.1666666666666666,0.1666666666666666,0.1666666666666666,0.1666666666666666,0.1666666666666666
56,56.0,0.1666666666666666,0.1666666666666666,0.1666666666666666,0.1666666666666666,0.1666666666666666,0.1666666666666666
57,57.0,0.1666666666666666,0.1666666666666666,0.1666666666666666,0.1666666666666666,0.1666666666666666,0.1666666666666666
58,58.0,0.1666666666666666,0.1666666666666666,0.1666666666666666,0.1666666666666666,0.1666666666666666,0.1666666666666666
59,59.0,0.1666666666666666,0.1666666666666666,0.1666666666666666,0.1666666666666666,0.1666666666666666,0.1666666666666666
60,60.0,0.1666666666666666,0.1666666666666666,0.1666666666666666,0.1666666666666666,0.1666666666666666,0.1666666666666666
61,61.0,0.1666666666666666,0.1666666666666666,0.1666666666666666,0.1666666666666666,0.1666666666666666,0.1666666666666666
62,62.0,0.1666666666666666,0.1666666666666666,0.1666666666666666,0.1666666666666666,0.1666666666666666,0.1666666666666666
63,63.0,0.1666666666666666,0.1666666666666666,0.1666666666666666,0.1666666666666666,0.1666666666666666,0.1666666666666666
64,64.0,0.1666666666666666,0.1666666666666666,0.1666666666666666,0.1666666666666666,0.1666666666666666,0.1666666666666666
65,65.0,0.1666666666666666,0.1666666666666666,0.1666666666666666,0.1666666666666666,0.1666666666666666,0.1666666666666666
66,66.0,0.1666666666666666,0.1666666666666666,0.1666666666666666,0.1666666666666666,0.1666666666666666,0.1666666666666666
67,67.0,0.1666666666666666,0.1666666666666666,0.1666666666666666,0.1666666666666666,0.1666666666666666,0.1666666666666666
68,68.0,0.1666666666666666,0.1666666666666666,0.1666666666666666,0.1666666666666666,0.1666666666666666,0.1666666666666666
69,69.0,0.1666666666666666,0.1666666666666666,0.1666666666666666,0.1666666666666666,0.1666666666666666,0.1666666666666666
70,70.0,0.1666666666666666,0.1666666666666666,0.1666666666666666,0.1666666666666666,0.1666666666666666,0.1666666666666666
71,71.0,0.1666666666666666,0.1666666666666666,0.1666666666666666,0.1666666666666666,0.1666666666666666,0.1666666666666666
72,72.0,0.1666666666666666,0.1666666666666666,0.1666666666666666,0.1666666666666666,0.1666666666666666,0.1666666666666666
73,73.0,0.1666666666666666,0.1666666666666666,0.1666666666666666,0.1666666666666666,0.1666666666666666,0.1666666666666666
74,74.0,0.1666666666666666,0.1666666666666666,0.1666666666666666,0.1666666666666666,0.1666666666666666,0.1666666666666666
75,75.0,0.1666666666666666,0.1666666666666666,0.1666666666666666,0.1666666666666666,0.1666666666666666,0.1666666666666666
76,76.0,0.1666666666666666,0.1666666666666666,0.1666666666666666,0.1666666666666666,0.1666666666666666,0.1666666666666666
77,77.0,0.1666666666666666,0.1666666666666666,0.1666666666666666,0.1666666666666666,0.1666666666666666,0.1666666666666666
78,78.0,0.1666666666666666,0.1666666666666666,0.1666666666666666,0.1666666666666666,0.1666666666666666,0.1666666666666666
79,79.0,0.1666666666666666,0.1666666666666666,0.1666666666666666,0.1666666666666666,0.1666666666666666,0.1666666666666666
80,80.0,0.1666666666666666,0.1666666666666666,0.1666666666666666,0.1666666666666666,0.1666666666666666,0.1666666666666666
81,81.0,0.1666666666666666,0.1666666666666666,0.1666666666666666,0.1666666666666666,0.1666666666666666,0.1666666666666666
82,82.0,0.1666666666666666,0.1666666666666666,0.1666666666666666,0.1666666666666666,0.1666666666666666,0.1666666666666666
83,83.0,0.1666666666666666,0.1666666666666666,0.1666666666666666,0.1666666666666666,0.1666666666666666,0.1666666666666666
84,84.0,0.1666666666666666,0.1666666666666666,0.1666666666666666,0.1666666666666666,0.1666666666666666,0.1666666666666666
85,85.0,0.1666666666666666,0.1666666666666666,0.1666666666666666,0.1666666666666666,0.1666666666666666,0.1666666666666666
86,86.0,0.1666666666666666,0.1666666666666666,0.1666666666666666,0.1666666666666666,0.1666666666666666,0.1666666666666666
87,87.0,0.1666666666666666,0.1666666666666666,0.1666666666666666,0.1666666666666666,0.1666666666666666,0.1666666666666666
88,88.0,0.1666666666666666,0.1666666666666666,0.1666666666666666,0.1666666666666666,0.1666666666666666,0.1666666666666666
89,89.0,0.1666666666666666,0.1666666666666666,0.1666666666666666,0.1666666666666666,0.1666666666666666,0.1666666666666666
90,90.0,0.1666666666666666,0.1666666666666666,0.1666666666666666,0.1666666666666666,0.1666666666666666,0.1666666666666666
91,91.0,0.1666666666666666,0.1666666666666666,0.1666666666666666,0.1666666666666666,0.1666666666666666,0.1666666666666666
92,92.0,0.1666666666666666,0.1666666666666666,0.1666666666666666,0.1666666666666666,0.1666666666666666,0.1666666666666666
93,93.0,0.1666666666666666,0.1666666666666666,0.1666666666666666,0.1666666666666666,0.1666666666666666,0.1666666666666666
94,94.0,0.1666666666666666,0.1666666666666666,0.1666666666666666,0.1666666666666666,0.1666666666666666,0.1666666666666666
95,95.0,0.1666666666666666,0.1666666666666666,0.1666666666666666,0.1666666666666666,0.1666666666666666,0.1666666666666666
96,96.0,0.1666666666666666,0.1666666666666666,0.1666666666666666,0.1666666666666666,0.1666666666666666,0.1666666666666666
97,97.0,0.1666666666666666,0.1666666666666666,0.1666666666666666,0.1666666666666666,0.1666666666666666,0.1666666666666666
98,98.0,0.1666666666666666,0.1666666666666666,0.1666666666666666,0.1666666666666666,0.1666666666666666,0.1666666666666666
99,99.0,0.1666666666666666,0.1666666666666666,0.1666666666666666,0.1666666666666666,0.1666666666666666,0.1666666666666666
100,100.0,0.1666666666666666,0.1666666666666666,0.1666666666666666,0.1666666666666666,0.1666666666666666,0.1666666666666666
101,101.0,0.1666666666666666,0.1666666666666666,0.1666666666666666,0.1666666666666666,0.1666666666666666,0.1666666666666666
102,102.0,0.1666666666666666,0.1666666666666666,0.1666666666666666,0.1666666666666666,0.1666666666666666,0.1666666666666666
103,103.0,0.1666666666666666,0.1666666666666666,0.1666666666666666,0.1666666666666666,0.1666666666666666,0.1666666666666666
104,104.0,0.1666666666666666,0.1666666666666666,0.1666666666666666,0.1666666666666666,0.1666666666666666,0.1666666666666666
105,105.0,0.1666666666666666,0.1666666666666666,0.1666666666666666,0.1666666666666666,0.1666666666666666,0.1666666666666666
106,106.0,0.1666666666666666,0.1666666666666666,0.1666666666666666,0.1666666666666666,0.1666666666666666,0.1666666666666666
107,107.0,0.1666666666666666,0.1666666666666666,0.1666666666666666,0.1666666666666666,0.1666666666666666,0.1666666666666666
108,108.0,0.1666666666666666,0.1666666666666666,0.1666666666666666,0.1666666666666666,0.1666666666666666,0.1666666666666666
109,109.0,0.1666666666666666,0.1666666666666666,0.1666666666666666,0.1666666666666666,0.1666666666666666,0.1666666666666666
110,110.0,0.1666666666666666,0.1666666666666666,0.1666666666666666,0.1666666666666666,0.1666666666666666,0.1666666666666666
111,111.0,0.1666666666666666,0.1666666666666666,0.1666666666666666,0.1666666666666666,0.1666666666666666,0.1666666666666666
112,112.0,0.1666666666666666,0.1666666666666666,0.1666666666666666,0.1666666666666666,0.1666666666666666,0.1666666666666666
113,113.0,0.1666666666666666,0.1666666666666666,0.1666666666666666,0.1666666666666666,0.1666666666666666,0.1666666666666666
114,114.0,0.1666666666666666,0.1666666666666666,0.1666666666666666,0.1666666666666666,0.1666666666666666,0.1666666666666666
115,115.0,0.1666666666666666,0.1666666666666666,0.1666666666666666,0.1666666666666666,0.1666666666666666,0.1666666666666666
116,116.0,0.1666666666666666,0.1666666666666666,0.1666666666666666,0.1666666666666666,0.1666666666666666,0.1666666666666666
117,117.0,0.1666666666666666,0.1666666666666666,0.1666666666666666,0.1666666666666666,0.1666666666666666,0.1666666666666666
118,118.0,0.1666666666666666,0.1666666666666666,0.1666666666666666,0.1666666666666666,0.1666666666666666,0.1666666666666666
119,119.0,0.1666666666666666,0.1666666666666666,0.1666666666666666,0.1666666666666666,0.1666666666666666,0.1666666666666666
120,120.0,0.1666666666666666,0.1666666666666666,0.1666666666666666,0.1666666666666666,0.1666666666666666,0.1666666666666666
121,121.0,0.1666666666666666,0.1666666666666666,0.1666666666666666,0.1666666666666666,0.1666666666666666,0.1666666666666666
122,122.0,0.1666666666666666,0.1666666666666666,0.1666666666666666,0.1666666666666666,0.1666666666666666,0.1666666666666666
123,123.0,0.1666666666666666,0.1666666666666666,0.1666666666666666,0.1666666666666666,0.1666666666666666,0.1666666666666666
124,124.0,0.1666666666666666,0.1666666666666666,0.1666666666666666,0.1666666666666666,0.1666666666666666,0.1666666666666666
125,125.0,0.1666666666666666,0.1666666666666666,0.1666666666666666,0.1666666666666666,0.1666666666666666,0.1666666666666666
126,126.0,0.1666666666666666,0.1666666666666666,0.1666666666666666,0.1666666666666666,0.1666666666666666,0.1666666666666666
127,127.0,0.1666666666666666,0.1666666666666666,0.1666666666666666,0.1666666666666666,0.1666666666666666,0.1666666666666666
128,128.0,0.1666666666666666,0.1666666666666666,0.1666666666666666,0.1666666666666666,0.1666666666666666,0.1666666666666666
129,129.0,0.1666666666666666,0.1666666666666666,0.1666666666666666,0.1666666666666666,0.1666666666666666,0.1666666666666666
130,130.0,0.1666666666666666,0.1666666666666666,0.1666666666666666,0.1666666666666666,0.1666666666666666,0.1666666666666666
131,131.0,0.1666666666666666,0.1666666666666666,0.1666666666666666,0.1666666666666666,0.1666666666666666,0.1666666666666666
132,132.0,0.1666666666666666,0.1666666666666666,0.1666666666666666,0.1666666666666666,0.1666666666666666,0.1666666666666666
133,133.0,0.1666666666666666,0.1666666666666666,0.1666666666666666,0.1666666666666666,0.1666666666666666,0.1666666666666666
134,134.0,0.1666666666666666,0.1666666666666666,0.1666666666666666,0.1666666666666666,0.1666666666666666,0.1666666666666666
135,135.0,0.1666666666666666,0.1666666666666666,0.1666666666666666,0.1666666666666666,0.1666666666666666,0.1666666666666666
136,136.0,0.1666666666666666,0.1666666666666666,0.1666666666666666,0.1666666666666666,0.1666666666666666,0.1666666666666666
137,137.0,0.1666666666666666,0.1666666666666666,0.1666666666666666,0.1666666666666666,0.1666666666666666,0.1666666666666666
138,138.0,0.1666666666666666,0.1666666666666666,0.1666666666666666,0.1666666666666666,0.1666666666666666,0.1666666666666666
139,139.0,0.1666666666666666,0.1666666666666666,0.1666666666666666,0.1666666666666666,0.1666666666666666,0.1666666666666666
140,140.0,0.1666666666666666,0.1666666666666666,0.1666666666666666,0.1666666666666666,0.1666666666666666,0.1666666666666666
141,141.0,0.1666666666666666,0.1666666666666666,0.1666666666666666,0.1666666666666666,0.1666666666666666,0.1666666666666666
142,142.0,0.1666666666666666,0.1666666666666666,0.1666666666666666,0.1666666666666666,0.1666666666666666,0.1666666666666666
143,143.0,0.1666666666666666,0.1666666666666666,0.1666666666666666,0.1666666666666666,0.1666666666666666,0.1666666666666666
144,144.0,0.1666666666666666,0.1666666666666666,0.1666666666666666,0.1666666666666666,0.1666666666666666,0.1666666666666666
145,145.0,0.1666666666666666,0.1666666666666666,0.1666666666666666,0.1666666666666666,0.1666666666666666,0.1666666666666666
146,146.0,0.1666666666666666,0.1666666666666666,0.1666666666666666,0.1666666666666666,0.1666666666666666,0.1666666666666666
147,147.0,0.1666666666666666,0.1666666666666666,0.1666666666666666,0.1666666666666666,0.1666666666666666,0.1666666666666666
148,148.0,0.1666666666666666,0.1666666666666666,0.1666666666666666,0.1666666666666666,0.1666666666666666,0.1666666666666666
149,149.0,0.1666666666666666,0.1666666666666666,0.1666666666666666,0.1666666666666666,0.1666666666666666,0.1666666666666666
150,150.0,0.1666666666666666,0.1666666666666666,0.1666666666666666,0.1666666666666666,0.1666666666666666,0.1666666666666666
151,151.0,0.1666666666666666,0.1666666666666666,0.1666666666666666,0.1666666666666666,0.1666666666666666,0.1666666666666666
152,152.0,0.1666666666666666,0.1666666666666666,0.1666666666666666,0.1666666666666666,0.1666666666666666,0.1666666666666666
153,153.0,0.1666666666666666,0.1666666666666666,0.1666666666666666,0.1666666666666666,0.1666666666666666,0.1666666666666666
154,154.0,0.1666666666666666,0.1666666666666666,0.1666666666666666,0.1666666666666666,0.1666666666666666,0.1666666666666666
155,155.0,0.1666666666666666,0.1666666666666666,0.1666666666666666,0.1666666666666666,0.1666666666666666,0.1666666666666666
156,156.0,0.1666666666666666,0.1666666666666666,0.1666666666666666,0.1666666666666666,0.1666666666666666,0.1666666666666666
157,157.0,0.1666666666666666,0.1666666666666666,0.1666666666666666,0.1666666666666666,0.1666666666666666,0.1666666666666666
158,158.0,0.1666666666666666,0.1666666666666666,0.1666666666666666,0.1666666666666666,0.1666666666666666,0.1666666666666666
159,159.0,0.1666666666666666,0.1666666666666666,0.1666666666666666,0.1666666666666666,0.1666666666666666,0.1666666666666666
160,160.0,0.1666666666666666,0.1666666666666666,0.1666666666666666,0.1666666666666666,0.1666666666666666,0.1666666666666666
161,161.0,0.1666666666666666,0.1666666666666666,0.1666666666666666,0.1666666666666666,0.1666666666666666,0.1666666666666666
162,162.0,0.1666666666666666,0.1666666666666666,0.1666666666666666,0.1666666666666666,0.1666666666666666,0.1666666666666666
163,163.0,0.1666666666666666,0.1666666666666666,0.1666666666666666,0.1666666666666666,0.1666666666666666,0.1666666666666666
164,164.0,0.1666666666666666,0.1666666666666666,0.1666666666666666,0.1666666666666666,0.1666666666666666,0.1666666666666666
165,165.0,0.1666666666666666,0.1666666666666666,0.1666666666666666,0.1666666666666666,0.1666666666666666,0.1666666666666666
166,166.0,0.1666666666666666,0.1666666666666666,0.1666666666666666,0.1666666666666666,0.1666666666666666,0.1666666666666666
167,167.0,0.1666666666666666,0.1666666666666666,0.1666666666666666,0.1666666666666666,0.1666666666666666,0.1666666666666666
168,168.0,0.1666666666666666,0.1666666666666666,0.1666666666666666,0.1666666666666666,0.1666666666666666,0.1666666666666666
169,169.0,0.1666666666666666,0.1666666666666666,0.1666666666666666,0.1666666666666666,0.1666666666666666,0.1666666666666666
170,170.0,0.1666666666666666,0.1666666666666666,0.1666666666666666,0.1666666666666666,0.1666666666666666,0.1666666666666666
171,171.0,0.1666666666666666,0.1666666666666666,0.1666666666666666,0.1666666666666666,0.1666666666666666,0.1666666666666666
172,172.0,0.1666666666666666,0.1666666666666666,0.1666666666666666,0.1666666666666666,0.1666666666666666,0.1666666666666666
173,173.0,0.1666666666666666,0.1666666666666666,0.1666666666666666,0.1666666666666666,0.1666666666666666,0.1666666666666666
174,174.0,0.1666666666666666,0.1666666666666666,0.1666666666666666,0.1666666666666666,0.1666666666666666,0.1666666666666666
175,175.0,0.1666666666666666,0.1666666666666666,0.1666666666666666,0.1666666666666666,0.1666666666666666,0.1666666666666666
176,176.0,0.1666666666666666,0.1666666666666666,0.1666666666666666,0.1666666666666666,0.1666666666666666,0.1666666666666666
177,177.0,0.1666666666666666,0.1666666666666666,0.1666666666666666,0.1666666666666666,0.1666666666666666,0.1666666666666666
178,178.0,0.1666666666666666,0.1666666666666666,0.1666666666666666,0.1666666666666666,0.1666666666666666,0.1666666666666666
179,179.0,0.1666666666666666,0.1666666666666666,0.1666666666666666,0.1666666666666666,0.1666666666666666,0.1666666666666666
180,180.0,0.1666666666666666,0.1666666666666666,0.1666666666666666,0.1666666666666666,0.1666666666666666,0.1666666666666666
181,181.0,0.1666666666666666,0.1666666666666666,0.1666666666666666,0.1666666666666666,0.1666666666666666,0.1666666666666666
182,182.0,0.1666666666666666,0.1666666666666666,0.1666666666666666,0.1666666666666666,0.1666666666666666,0.1666666666666666
183,183.0,0.1666666666666666,0.1666666666666666,0.1666666666666666,0.1666666666666666,0.1666666666666666,0.1666666666666666
184,184.0,0.1666666666666666,0.1666666666666666,0.1666666666666666,0.1666666666666666,0.1666666666666666,0.1666666666666666
185,185.0,0.1666666666666666,0.1666666666666666,0.1666666666666666,0.1666666666666666,0.1666666666666666,0.1666666666666666
186,186.0,0.1666666666666666,0.1666666666666666,0.1666666666666666,0.1666666666666666,0.1666666666666666,0.1666666666666666
187,187.0,0.1666666666666666,0.1666666666666666,0.1666666666666666,0.1666666666666666,0.1666666666666666,0.1666666666666666
188,188.0,0.1666666666666666,0.1666666666666666,0.1666666666666666,0.1666666666666666,0.1666666666666666,0.1666666666666666
189,189.0,0.1666666666666666,0.1666666666666666,0.1666666666666666,0.1666666666666666,0.1666666666666666,0.1666666666666666
190,190.0,0.1666666666666666,0.1666666666666666,0.1666666666666666,0.1666666666666666,0.1666666666666666,0.1666666666666666
191,191.0,0.1666666666666666,0.1666666666666666,0.1666666666666666,0.1666666666666666,0.1666666666666666,0.1666666666666666
192,192.0,0.1666666666666666,0.1666666666666666,0.1666666666666666,0.1666666666666666,0.1666666666666666,0.1666666666666666
193,193.0,0.1666666666666666,0.1666666666666666,0.1666666666666666,0.1666666666666666,0.1666666666666666,0.1666666666666666
194,194.0,0.1666666666666666,0.1666666666666666,0.1666666666666666,0.1666666666666666,0.1666666666666666,0.1666666666666666
195,195.0,0.1666666666666666,0.1666666666666666,0.1666666666666666,0.1666666666666666,0.1666666666666666,0.1666666666666666
196,196.0,0.1666666666666666,0.1666666666666666,0.1666666666666666,0.1666666666666666,0.1666666666666666,0.1666666666666666
197,197.0,0.1666666666666666,0.1666666666666666,0.1666666666666666,0.1666666666666666,0.1666666666666666,0.1666666666666666
198,198.0,0.1666666666666666,0.1666666666666666,0.1666666666666666,0.1666666666666666,0.1666666666666666,0.1666666666666666
199,199.0,0.1676190476190476,0.1661904761904762,0.1661904761904762,0.1676190476190476,0.1661904761904762,0.1661904761904762
200,200.0,0.1690380952380952,0.1665523809523809,0.1663738095238095,0.1677880952380952,0.1651238095238095,0.1651238095238095
201,201.0,0.170434380952381,0.1669149523809524,0.1665595952380953,0.167946880952381,0.1640720952380952,0.1640720952380952
202,202.0,0.1717962180952381,0.1672744980952381,0.1667457302380953,0.1680948430952381,0.1630443552380953,0.1630443552380953
203,203.0,0.1731134331523809,0.1676277252095238,0.1669303182452381,0.168231584402381,0.1620484694952381,0.1620484694952381
204,204.0,0.1754289034833968,0.1675947491856826,0.1677069061739763,0.1678409865284366,0.160714227314254,0.160714227314254
205,205.0,0.1773160774290168,0.1673752343834797,0.169544242438577,0.1672654036559673,0.1592495210464797,0.1592495210464797
206,206.0,0.1791203414597529,0.1671507441144877,0.1713535931285223,0.1666898043992646,0.1578427584489863,0.1578427584489863
207,207.0,0.1815422613871036,0.1664557668598215,0.1738577585324736,0.1657191527385253,0.1562125302410381,0.1562125302410381
208,208.0,0.1838565667078481,0.1657657296620237,0.176297929810705,0.1647633747164746,0.1546581995514744,0.1546581995514744
209,209.0,0.1845627805913445,0.1648489436492902,0.1774180094249111,0.1648424455113691,0.152949624697257,0.1553781961258284
210,210.0,0.1851539357567683,0.1639515372775276,0.1784530914596378,0.1649413752478508,0.1513336015576792,0.1561664587005364
211,211.0,0.1856356265242725,0.1630805466463565,0.179401324852486,0.1650571887343964,0.1498170351926729,0.1570082780498159
212,212.0,0.186013982425974,0.1622420400880293,0.180261912133715,0.1651870394611339,0.148405145588431,0.1578898803027169
213,213.0,0.1862955533894361,0.1614411542608451,0.1810350120416744,0.1653282251967768,0.1471015839649195,0.1587984711463482
214,214.0,0.1864872021988481,0.1606821359499614,0.1831502137431831,0.1654782005830781,0.1459085531403004,0.1582936943846291
215,215.0,0.1865960045815209,0.1599683885868568,0.1861664407561566,0.165634586901109,0.1448269303429306,0.1568076488314261
216,216.0,0.1861728079499525,0.1589850622329243,0.1885673965332872,0.1653388299881669,0.1447889306805987,0.1561469726150704
217,217.0,0.1854873457591842,0.1566062496380876,0.1906782970530861,0.1659625144348914,0.1445139845348369,0.1567516085799138
218,218.0,0.1847512706156152,0.1542988589809569,0.1926498959789456,0.167697141800531,0.1443321074440171,0.1562707251799341
219,219.0,0.1829770045659613,0.1530788219743328,0.1941589471635409,0.1694142715195379,0.1445532715910138,0.1558176831856133
220,220.0,0.1811861093613274,0.151949603623231,0.1955223291548666,0.1710984820593852,0.144849246924861,0.1553942288763288
221,221.0,0.1793981568692579,0.1509134142456102,0.1967409750523364,0.1727362232325904,0.1452095925735352,0.1550016380266698
222,222.0,0.1774287121413969,0.1496783835449693,0.1982111114003008,0.1739117241600453,0.1463313387561376,0.1544387299971501
223,223.0,0.1753307703637536,0.1494090691929399,0.1997807665781092,0.1735786457762423,0.1481574309877524,0.1537433171012025
224,224.0,0.1732881606590827,0.149229774516363,0.2012061103328175,0.1731911767961452,0.1499991737411624,0.1530856039544292
225,225.0,0.1713157759171337,0.1491332904944591,0.2024873203691885,0.1727586309691844,0.1518365845366537,0.1524683977133806
226,226.0,0.1694263174890538,0.1491123009019798,0.2036259979586923,0.1722898414383158,0.1536517224620635,0.1518938197498947
227,227.0,0.1673922920896418,0.1503499423823839,0.2052960052411162,0.1715550252311437,0.1542814772779595,0.1511252577777549
228,228.0,0.1654627823843105,0.1516365468421502,0.2068236130704479,0.1708024188916559,0.1548705572796017,0.1504040815318336
229,229.0,0.163468060472134,0.1538472090816021,0.2080292138851319,0.1698627560679074,0.1552385677198278,0.1495541927733967
230,230.0,0.1615953090786327,0.1560638452718051,0.2090936666642003,0.168924853322276,0.1555646497360912,0.1487576759269946
231,231.0,0.1596364122012277,0.1577712674133577,0.2103360982490806,0.1677075096340023,0.1556350888859792,0.1489136236163523
232,232.0,0.1587730726355826,0.1599345997459866,0.2111525129945694,0.1662225236309144,0.1551996729145583,0.1487176180783885
233,233.0,0.1576982019900119,0.1618443407599806,0.2120837892185917,0.1645051296731448,0.155504000834333,0.1483645375239378
234,234.0,0.1586170842523461,0.1635233883186995,0.2133922476691736,0.1626151258901227,0.1553904688963998,0.1464616849732581
235,235.0,0.1592848915729074,0.1649489004129627,0.2143946679567357,0.1618590029725335,0.155072877526788,0.1444396595580726
236,236.0,0.1593271962298106,0.1670069754682731,0.2152723439804187,0.1611666483487238,0.1547355228680758,0.1424913131046978
237,237.0,0.1590326766694035,0.1692822468564433,0.2172436198710202,0.1589635726605178,0.1552174488794545,0.1402604350631605
238,238.0,0.1595904136114744,0.1722278252028886,0.2189751299536492,0.1567293001276586,0.1544593613362544,0.1380179697680746
239,239.0,0.1589810686828195,0.1754184361495292,0.2219005559102971,0.154430202250849,0.153575418226941,0.135694318779564
240,240.0,0.158369022773877,0.1788481948024036,0.2246128311480746,0.1521748317973316,0.1526286237932981,0.1333664956850148
241,241.0,0.1578183587494576,0.1821127349582059,0.2271638402941833,0.1500390620370046,0.1516924234197873,0.131173580541361
242,242.0,0.157328445061353,0.1851959330650851,0.2295441998663291,0.1480322905981523,0.1507751197041306,0.1291240117049495
243,243.0,0.1568981058128129,0.1880850913468649,0.2317471712261868,0.1461616853630156,0.1498839960176992,0.1272239502334203
244,244.0,0.1565256869523662,0.1907707222032374,0.2337684634813866,0.1438073357635744,0.1496503455944347,0.1254774460050005
245,245.0,0.1556723559239257,0.1934227926564149,0.2351133845610188,0.1418168950263711,0.1498747282004885,0.1240998436317808
246,246.0,0.1548451457513072,0.1957939550356491,0.2365082628947195,0.1399492851692862,0.1500599137003322,0.1228434374487056
247,247.0,0.154883221782612,0.1977500436329013,0.2377940610944881,0.1380721823126136,0.1499305361690587,0.1215699550083262
248,248.0,0.1546163413038013,0.1993268938292859,0.2384827180806089,0.1372191956737678,0.1495471234628702,0.1208077276496658
249,249.0,0.1544013529812013,0.2006940293839785,0.2390112719309013,0.1365201277078808,0.1491862816473727,0.1201869363486654
250,250.0,0.1541802724274717,0.2021884207352717,0.2393355023655001,0.1359116321723707,0.1487944169967069,0.1195897553026788
251,251.0,0.1539577511730943,0.2037714093790035,0.2394744309234602,0.1353925682813863,0.1483803819427281,0.1190234583003276
252,252.0,0.1535062883708076,0.2050702537514408,0.2393971465588139,0.1348202224704238,0.147811572837346,0.1193945160111678
253,253.0,0.1530987473488798,0.2061821980178068,0.2392078615892865,0.1343692827532271,0.1472727915403913,0.1198691187504083
254,254.0,0.1527348113394945,0.207114812746045,0.2389196689250615,0.1349412088266824,0.1467664230839908,0.1195230750787258
255,255.0,0.1518423306300625,0.2077338475998286,0.2389739126908222,0.1360383844613796,0.1457228612972246,0.1196886633206825
256,256.0,0.1509973702119686,0.2081930416466368,0.2389500925201981,0.1372115986591333,0.1447205468452824,0.1199273501167807
257,257.0,0.1491321990888313,0.2086823584552704,0.239213395865677,0.1386200868502317,0.1439439495677729,0.1204080101722167
258,258.0,0.1473317757566722,0.2090331782957462,0.239411048770765,0.140065522467715,0.1432175494343135,0.1209409252747882
259,259.0,0.145607629669715,0.2092558426664752,0.2370079572107679,0.142640867523881,0.1425435907318338,0.1229441121973271
260,260.0,0.1439693745643089,0.2093609404707249,0.2345739408335084,0.1452073776242999,0.1419235689042606,0.1249647976028972
261,261.0,0.1422462324647816,0.2091806059585293,0.2319578608559139,0.1475616997349707,0.1411797190538077,0.1278738819319968
262,262.0,0.1406246377772548,0.2089058999923691,0.2293647987235083,0.1498622237194758,0.1404925767669817,0.1307498630204105
263,263.0,0.1389717628185147,0.2084101178884134,0.2277906054953187,0.1519524352616978,0.1397244538213994,0.133150624714656
264,264.0,0.137321153254159,0.2077342139703704,0.2260519139909834,0.1538463523793317,0.1399050184012811,0.1351413480038744
265,265.0,0.1357890886403929,0.2070029594588291,0.2243825609531602,0.15564466534366,0.1401375961082816,0.1370431294956763
266,266.0,0.1346254348472974,0.2066078461451181,0.2215218459321024,0.157996310063482,0.140108372532633,0.1391401904793671
267,267.0,0.1335282825286892,0.2060685411645245,0.2191455417810858,0.1601758691003042,0.140009588516454,0.1410721769089424
268,268.0,0.1326148956732482,0.2060493112136133,0.2169086917987214,0.162291698045001,0.1389639620587336,0.1431714412106826
269,269.0,0.1314893495689274,0.2059094663041601,0.214855832529766,0.1648294187269916,0.137467113972382,0.1454488188977729
270,270.0,0.1302141381754054,0.2058230450505563,0.2134686835750676,0.1666324000392225,0.135721518092945,0.1481402150668033
271,271.0,0.1287022029920839,0.205814505722807,0.2135807723282392,0.1678024541982389,0.133790271646939,0.1503097931116921
272,272.0,0.1273718006776929,0.2057090406599173,0.2128021953312674,0.1688799749150258,0.1319800782712112,0.1532569101448857
273,273.0,0.1270316934747265,0.2054628530683282,0.2118898017680803,0.1688082324872197,0.1301376584742674,0.156669760727378
274,274.0,0.1268809578882504,0.2052840241262674,0.2122261450778215,0.1679263156296346,0.1284698903561669,0.1592126669218593
275,275.0,0.1268134764843191,0.2050823362650378,0.2127644987347691,0.166910356237488,0.1268975517070348,0.1615317805713512
276,276.0,0.1276382556859008,0.2048981176332995,0.2131770058785186,0.1656909760125837,0.1253351514800572,0.1632604933096403
277,277.0,0.1286013595266907,0.2044961638095851,0.2135049397149548,0.1650566598450025,0.1240119680353856,0.1643289090683814
278,278.0,0.1303855017120852,0.1995258857195296,0.2146547018837984,0.165132009933707,0.1235677611827816,0.1667341395680982
279,279.0,0.1311173603623933,0.1953386237654727,0.2156683262158344,0.1649810204378961,0.1230547896172789,0.1698398796011246
280,280.0,0.1318737413485168,0.1906522461267699,0.2172982398312553,0.1647885494966935,0.1226457738115367,0.1727414493852279
281,281.0,0.1330055177379018,0.1863222938923327,0.2198566000703595,0.1640191281725087,0.1226853074485354,0.1741111526783618
282,282.0,0.1341190520065483,0.1821333554460104,0.2223724561908652,0.1631988933026295,0.1229305461750369,0.1752456968789097
283,283.0,0.1352230150418256,0.1781282038084397,0.2248473775659049,0.1623651046142999,0.1232520734884323,0.1761842254810977
284,284.0,0.1363073243367178,0.174328511815121,0.2272607084562745,0.1616556605044535,0.123510840128693,0.17693695475874
285,285.0,0.1390373445965571,0.1719335486033807,0.2263672018742648,0.1611240787651983,0.1240001615363571,0.1775376646242419
286,286.0,0.1415754974515431,0.1705964878968753,0.2251332443097015,0.1604621819061606,0.1243963819499004,0.1778362064858191
287,287.0,0.1440405881136114,0.1703082433854795,0.2230218871031521,0.159814620407909,0.1248298492645996,0.1779848117252483
288,288.0,0.1463511693313305,0.170729636407617,0.2207637786626758,0.1591223337852449,0.1252284015530896,0.1778046802600422
289,289.0,0.1484112023985743,0.170732542226766,0.2190745523744471,0.1583166585867773,0.1254931709467324,0.1779718734667029
290,290.0,0.1502657012402773,0.1706183209645743,0.2180438826157938,0.1574500573551382,0.125684438490627,0.1779375993335894
291,291.0,0.1519984924723947,0.1706452820872525,0.2170434931586177,0.1566191068877793,0.1258894598761273,0.1778041655178285
292,292.0,0.153604418943564,0.1707990377450867,0.2160803598673429,0.1558285516129461,0.1261048095052177,0.1775828223258426
293,293.0,0.1551718176259957,0.1707179242570069,0.2147584007401277,0.1553549628000751,0.1264557755239581,0.1775411190528365
294,294.0,0.1565343734550394,0.1705213214587436,0.2134270818367611,0.1550154500682572,0.1268412496447473,0.1776605235364513
295,295.0,0.1577438849026833,0.1694950971816507,0.2131749356981752,0.1546888157255202,0.1272146844769308,0.1776825820150398
296,296.0,0.1588021008848147,0.1685495955198175,0.2129549043686683,0.1543747812825474,0.1277043319623559,0.1776142859817962
297,297.0,0.1596363826409774,0.1683669784491156,0.2123853706200216,0.1541271318556968,0.1280970076941776,0.177387128740011
298,298.0,0.1603458798876215,0.1682714508034903,0.211869420223023,0.1539191490466472,0.1284774294588591,0.1771166705803589
299,299.0,0.1609359761032326,0.16825525891689,0.2114068543464778,0.1537489460217092,0.1288430184354674,0.1768099461762231
300,300.0,0.1614127104287577,0.1683106311322785,0.2109969601971059,0.1536144468327208,0.129191602013044,0.1764736493960932
301,301.0,0.160889794567093,0.1686084287458742,0.2108171409722553,0.1536919975165485,0.1296999663242875,0.1762926718739415
302,302.0,0.1602759941241457,0.1689607169560063,0.210685473086008,0.1537989032933581,0.1301863353670047,0.1760925771734773
303,303.0,0.1595865355624734,0.1693585238209197,0.2105984580833662,0.1539311595960833,0.1306480449776209,0.1758772779595365
304,304.0,0.1603285532722394,0.1698116344248023,0.2087118414853364,0.1531416853658818,0.1323375227578189,0.1756687626939213
305,305.0,0.1610080728557956,0.1702935037712347,0.2068810430240311,0.1523794494972495,0.1339859762337175,0.1754519546179717
306,306.0,0.161791215596594,0.1712964372924977,0.2029521222037243,0.1518160171793823,0.1367476899676545,0.1753965177601473
307,307.0,0.1625097877515025,0.1723082992358955,0.1991241804685191,0.1512871423803825,0.1394337207964867,0.1753368693672138
308,308.0,0.1633145758090761,0.1759587707804734,0.195501156903015,0.1508704156721109,0.1406719628496222,0.1736831179857024
309,309.0,0.164052546662109,0.1795708628740442,0.1920306081077152,0.1504906076943956,0.141812345051632,0.1720430296101041
310,310.0,0.1637805420050645,0.1839456258741063,0.1880077857443458,0.1506339357650692,0.1427143606767196,0.1709177499346948
311,311.0,0.1633774778482193,0.188907417354382,0.1840061937338959,0.1507603795498125,0.1434309575394576,0.1695175739742327
312,312.0,0.1639976336402647,0.193544410058541,0.1798629457403988,0.150735687714696,0.143873121937064,0.1679862009090355
313,313.0,0.1644772910231965,0.197639791859231,0.1766823411407954,0.1505116926015286,0.1441336806668811,0.1665552027083673
314,314.0,0.1648882232003007,0.2015200076683457,0.1737208147836383,0.1502825581096618,0.1442977261884535,0.1652906700495999
315,315.0,0.1646066223975024,0.2036652519907472,0.1711218157350486,0.1503430831422987,0.1458994735141204,0.1643637532202826
316,316.0,0.1641452144864764,0.2053134281177414,0.1697450307496049,0.1502861712441374,0.1471377208488015,0.1633724345532381
317,317.0,0.1633812099630872,0.2085657644492867,0.1682307740235623,0.1498559439156271,0.1478979227692093,0.1620683848792272
318,318.0,0.1625958543984667,0.2115931185940937,0.1669465443207974,0.1494479071535388,0.1485699434517024,0.160846632081401
319,319.0,0.161799136452384,0.2143877152293881,0.1658821812360101,0.1490639222688513,0.1491558808132474,0.159711164000119
320,320.0,0.1610001595424465,0.2169448841397682,0.1650263417382505,0.1487054239226712,0.1496584838123236,0.1586647068445399
321,321.0,0.1602071393341388,0.2202627964086218,0.1633667318637935,0.1483734484446097,0.1500810598551871,0.157708824093649
322,322.0,0.1594274103593811,0.2233321985774129,0.1619003247490533,0.1480686633026355,0.1504273858770306,0.1568440171344864
