,Unnamed: 0,Generation,Intertwine_two,Add_vertex,Delete_vertex,Invert_path_vertices,Insert_inside_vertex,Delete_inside_vertex,Replace_inside_vertex,Donate_between_routes,Trim_one_terminal_cb,Grow_one_terminal_cb
0,0.0,0.0,0.09999999999999999,0.09999999999999999,0.09999999999999999,0.09999999999999999,0.09999999999999999,0.09999999999999999,0.09999999999999999,0.09999999999999999,0.09999999999999999,0.09999999999999999
1,1.0,1.0,0.10757820897100911,0.09695758681654332,0.08442177420073158,0.10088715924856535,0.0940224396870267,0.10142834871537061,0.10243984555652501,0.09325718908085254,0.11539421821151326,0.10361322951186203
2,2.0,2.0,0.10905176123348218,0.09418887017788047,0.07838996614870229,0.11028577423253598,0.09613744125942866,0.10783391222232146,0.10744354628079675,0.09113186048568225,0.10760347688956504,0.09793339106960439
3,3.0,3.0,0.09555430455931238,0.09050434658684778,0.07844198236287632,0.1082452056720024,0.09792456912836375,0.1125917201590729,0.1024030224212692,0.097217016887356,0.10770176043448745,0.1094160717884114
4,4.0,4.0,0.1017266298308565,0.09028694567983223,0.09187969050252638,0.1003098407019242,0.09949355308012338,0.1037617445381825,0.10670292184186536,0.1057654128985845,0.08970746498911458,0.11036579593698992
5,5.0,5.0,0.10272508853059112,0.09843872567082447,0.07791010244020921,0.1021730021523207,0.08395789396231812,0.1057036461994876,0.11953083798474318,0.09601938655900943,0.10450761213477992,0.10903370436571573
6,6.0,6.0,0.10440739601609235,0.09128538842238525,0.07827342496132789,0.0873901915861818,0.109723964569813,0.11401868877925199,0.11349559045971411,0.08490567875735805,0.11284237378214879,0.10365730266572634
7,7.0,7.0,0.10164940672070248,0.09621896042757419,0.07700667878745857,0.1080958345569627,0.09254084676008857,0.10687913807716176,0.10283575597119894,0.09010014295993993,0.12314059867834119,0.10153263706057122
8,8.0,8.0,0.08988719379277174,0.083679103672812,0.08410439204969541,0.10780800068720298,0.09637249246928008,0.11026470383049278,0.09582595008608233,0.09577897885326878,0.11743143705606995,0.11884774750232352
9,9.0,9.0,0.09002953779595627,0.08399550066315145,0.08087078450757072,0.11044094000051166,0.09216728343048446,0.09803927474843348,0.11155685546707428,0.10061145869679897,0.1139170384682227,0.11837132622179558
10,10.0,10.0,0.10785156190462153,0.09690640557210492,0.07952585096440676,0.10413755242109031,0.0826666361421185,0.10366309282418004,0.10239111182910979,0.09310235332414053,0.11466918298749988,0.11508625203072728
11,11.0,11.0,0.0956574052545566,0.09227876454778494,0.086058414080337,0.10257844198824037,0.09392772187958323,0.12530522208215958,0.09953273893458014,0.09290084659970381,0.10208566126292415,0.10967478337012966
12,12.0,12.0,0.09366072173500099,0.0998153782675368,0.07211501572571709,0.11850371114361327,0.0836278759050387,0.11519322733620292,0.10656770103259419,0.07832918671847784,0.13361590257924758,0.0985712795565702
13,13.0,13.0,0.09251985137042984,0.11589029932509184,0.08889459066580851,0.1079472091498428,0.08678286266675364,0.10616531384962855,0.10728396154342568,0.08302805431208689,0.11304840982215995,0.09843944729477179
14,14.0,14.0,0.09462818148542504,0.0936415799533595,0.07545411268066164,0.09918640887249722,0.09799002557895865,0.1289772548446873,0.10389992098316403,0.08284276097546336,0.12021332612867752,0.10316642849710522
15,15.0,15.0,0.10119284631338252,0.09247083105991102,0.07822626843126447,0.11436887176457355,0.08885725729895949,0.11830627280151576,0.08360862103664576,0.08959661163384161,0.12357834121253024,0.1097940784473751
16,16.0,16.0,0.09204746051951553,0.08635101089191119,0.06993365550186094,0.08963820609428305,0.08437975729078163,0.11840969262246895,0.11376903225191674,0.09273503415931457,0.119432781484621,0.133303369183326
17,17.0,17.0,0.10183447621178757,0.10618316478586501,0.07357038998127026,0.09935167224968441,0.07570912007463389,0.1293245381978863,0.0967494037733439,0.09521771230889532,0.11797663894311483,0.10408288347351802
18,18.0,18.0,0.09672460460292169,0.08871906662789897,0.09217662299981552,0.09215435845469264,0.08168608033363582,0.10508927591036943,0.093090503650721,0.09198849061311462,0.130655923801747,0.12771507300508295
19,19.0,19.0,0.0844831759275032,0.0899336550185936,0.0915874739538521,0.10293720285417751,0.07522631161198598,0.12401479726868006,0.10489609152547977,0.08641279425333984,0.11109749666430616,0.1294110009220813
20,20.0,20.0,0.10442431161340841,0.0956349404836899,0.0747604247708559,0.11031704608041985,0.08113294631491481,0.1196328323795804,0.09519629535630891,0.08479964980934664,0.12416127450709798,0.10994027868437675
21,21.0,21.0,0.10214231988509434,0.08942384080543983,0.07443219045076489,0.09942848640755202,0.08626195444273836,0.12137624281060604,0.09798610377683503,0.09130976735514744,0.12160533906699418,0.11603375499882732
22,22.0,22.0,0.10053628541069612,0.08816302622468705,0.09528600305144276,0.11115163525454701,0.07305684728907658,0.12322915563010661,0.10924212080985454,0.0727534096312787,0.12242817330644909,0.10415334339186104
23,23.0,23.0,0.08492989742636049,0.08602359918246821,0.076696779565157,0.09730890798411342,0.06316662400834985,0.11366348465290554,0.10682782993080438,0.10677099629200235,0.15004542550673844,0.11456645545109989
24,24.0,24.0,0.07389735663466682,0.08562256840400935,0.09424680180427737,0.11503891110418703,0.07251081168263936,0.15107728939203144,0.08903957365753959,0.09473816083510002,0.12132053934671086,0.10250798713883766
25,25.0,25.0,0.07982290631524154,0.1050328370342332,0.09337725696539112,0.1011625008502974,0.07410683290232128,0.127316052966939,0.0884474306419529,0.07692981112147809,0.14466891608310808,0.10913545511903684
26,26.0,26.0,0.08209446152401671,0.10034117763916095,0.0847255170952608,0.10796757668615231,0.0702127146789728,0.12858660347272527,0.08623668126020267,0.07303490575615279,0.14283113180634455,0.12396923008101064
27,27.0,27.0,0.0911800168266502,0.09773520201171812,0.09262935856851359,0.09086890151734932,0.06837363102925435,0.13627300662169953,0.07804536686641482,0.0951470136502634,0.1400123307641449,0.10973517214399135
28,28.0,28.0,0.09873651623011916,0.10451109769555245,0.08274440277728347,0.0923183350685034,0.07372292902358425,0.1325320980984058,0.10763807984502369,0.08202793487907749,0.1265428525601204,0.09922575382232944
29,29.0,29.0,0.08322519653062488,0.08673446856840508,0.09459152581992966,0.10367973643343945,0.09389299459433453,0.11228045809599044,0.09262624329012616,0.08049026558593998,0.13710504833466275,0.11537406274654664
30,30.0,30.0,0.10259627316088538,0.08382008510289711,0.07604655778467054,0.10297209002730623,0.085123191659309,0.12113689217644215,0.0834426248046027,0.101844257144583,0.133684880293835,0.10933314784546844
31,31.0,31.0,0.09262181002087258,0.09506395646147178,0.08012829804079284,0.08368752705901866,0.08270731794295504,0.13314998343280895,0.10063382092586433,0.09313005016825045,0.11185691645159049,0.12702031949637432
32,32.0,32.0,0.09492629953358274,0.10829744419340959,0.07140835110206797,0.09603532461911127,0.07453300772368439,0.12158128136213371,0.09481300731153508,0.0765895080468819,0.1367188235358032,0.1250969525717898
33,33.0,33.0,0.08853908332525043,0.07426410649782493,0.0957530953277074,0.10619111430134236,0.06264957491072094,0.1336692463278939,0.10750182942057514,0.08706412346955578,0.14138849561678438,0.1029793308023443
34,34.0,34.0,0.11027236881281473,0.08569640062009362,0.06540775887396481,0.08346833455108868,0.08130458469960374,0.1359522936446094,0.09424576088298722,0.08328711053497048,0.15021739547432614,0.11014799190554066
35,35.0,35.0,0.09002864862202375,0.10162104411945201,0.08808132241064873,0.09655012084582448,0.06800597498592299,0.12841283010846238,0.10503909517810228,0.07817903014401868,0.13064997180717428,0.11343196177836998
36,36.0,36.0,0.10819135190850841,0.0899207677445191,0.08257236639483646,0.09160753735794015,0.07364286914088107,0.13065102634222944,0.10135910692661307,0.08020999537675866,0.13439322489405708,0.10745175391365609
37,37.0,37.0,0.08850863282800463,0.0920508101787533,0.08491105094318517,0.10276203051866736,0.07617570276540189,0.14305314263749266,0.0862637416965476,0.08606674853578448,0.14261347519478212,0.0975946647013803
38,38.0,38.0,0.07844401876272929,0.10629456056296056,0.08821008046713873,0.10994781547259229,0.06849886194727736,0.12204226887087541,0.09331221662787136,0.08428151101940781,0.12942810752654133,0.11954055874260543
39,39.0,39.0,0.09474241913018339,0.08594423421976778,0.08996661650492706,0.089133361148478,0.07390965624864713,0.13738368620434058,0.1009781969269207,0.0766643036132611,0.1356843366263736,0.11559318937710017
40,40.0,40.0,0.08182931999750676,0.10445896200576468,0.0787841336140814,0.0918470267634954,0.07553129226515506,0.14436704902207037,0.08677251968839543,0.08880386167880845,0.1370689197827262,0.11053691518199585
41,41.0,41.0,0.0982015074671154,0.09541097628337358,0.0701580489296889,0.1002378824424506,0.07441529650995093,0.13092371826780178,0.09503350541547217,0.07234996741840381,0.1470533849006829,0.1162157123650595
42,42.0,42.0,0.09352430403573521,0.10634057657077205,0.08077508386963586,0.08792529321314978,0.06712791990831994,0.14399527569006818,0.08527241713292291,0.07849685308659748,0.1467128586104086,0.10982941788238954
43,43.0,43.0,0.09560866627916123,0.09884145804028625,0.07387320455911774,0.09135494560077137,0.05669057483749227,0.13789781636549242,0.08823629276944996,0.09402773309447506,0.15220381121936408,0.11126549723438917
44,44.0,44.0,0.1018226071011948,0.09555861363789818,0.07324401482466983,0.10054761805097974,0.07317184899099748,0.13665493373746296,0.0994375447007941,0.08240956191526876,0.13494817247169533,0.10220508456903835
45,45.0,45.0,0.08881850727751286,0.09052880347433598,0.08784550414239581,0.0896919596693436,0.06701291772001539,0.13486998895185637,0.0884117359253155,0.09099464674340524,0.13301636577997358,0.12880957031584522
46,46.0,46.0,0.08693069287939473,0.09508533528076382,0.06790310535992576,0.09838722444242093,0.07804247153949437,0.13692969129431262,0.09446576024450766,0.08682787272329492,0.1530977205721397,0.10233012566374504
47,47.0,47.0,0.09624018333723593,0.08710021226424461,0.07187719555654493,0.09712970343796233,0.06721881124314977,0.1340936043414371,0.11979813154171182,0.08946231555511712,0.13541066157407683,0.10166918114851915
48,48.0,48.0,0.07816584474950225,0.09144069402407216,0.07024222633351378,0.10381939063184517,0.07700897970194467,0.13531900764846944,0.09181414813375367,0.08795344392617736,0.1382494098400817,0.12598685501063928
49,49.0,49.0,0.1231157577056049,0.09098343658311385,0.060808160991022354,0.08794845283690034,0.0943853262180903,0.13484598259766747,0.09165422915291252,0.07435911174183651,0.13665358447494233,0.10524595769790901
50,50.0,50.0,0.08753529485522772,0.11129725526649652,0.06725193075696215,0.0963410317721759,0.08526231321703416,0.14429369422547547,0.08260157572374885,0.07670061708324132,0.13958944080831714,0.1091268462913203
51,51.0,51.0,0.09324759018809751,0.0875829938410874,0.07734330018995321,0.08241301142878463,0.06691691200117814,0.1626559289619351,0.10158144428165095,0.08105701720429438,0.13621278144995563,0.11098902045306254
52,52.0,52.0,0.08266512999275215,0.09691335773562285,0.0922173181681014,0.10100310505074081,0.054490907275406765,0.13417893017087454,0.08790200460282485,0.0923719666162344,0.13356911217712475,0.12468816821031706
53,53.0,53.0,0.09331405832210082,0.077002418532726,0.0826144141038255,0.09184023977834295,0.07485088425495791,0.15828427668332737,0.09616140470189602,0.08088484018624605,0.1400848262001376,0.10496263723643935
54,54.0,54.0,0.08682311790795402,0.1110939656909932,0.0752565752481534,0.09536508401723012,0.06270089843552915,0.14689375875631822,0.08318835325154743,0.07786583541229142,0.148625082324278,0.11218732895570452
55,55.0,55.0,0.09403522097801462,0.09649079701193129,0.07041355852685496,0.08876805319161286,0.06887002653006331,0.14868234475851475,0.09640689010863077,0.09094016018377808,0.1374199058379557,0.10797304287264323
56,56.0,56.0,0.09955881071182401,0.09417393240809893,0.0808431374524389,0.08830152904580779,0.06919794884778667,0.13662130723328098,0.09687974370843862,0.08730361326705763,0.1321212335039188,0.11499874382134725
57,57.0,57.0,0.10160745537771354,0.10439622390359726,0.08323242999441097,0.09566742869175103,0.0790734822288102,0.11833995920857276,0.08295707746161443,0.07753870169623377,0.13321510961435296,0.12397213182294262
58,58.0,58.0,0.07558314299776381,0.09991116847361003,0.08467293809379396,0.09868160758654947,0.09735201380790251,0.12099529438618628,0.10810180514621266,0.09063464608417823,0.1289147421930032,0.09515264123079942
59,59.0,59.0,0.08367422276065975,0.08652808187206824,0.09202341092977681,0.08959261772822319,0.06384110294943111,0.1297034581901699,0.11216033022248184,0.08860414925339585,0.13508591699626674,0.11878670909752602
60,60.0,60.0,0.08446491661901481,0.10204757128910011,0.0891503644286809,0.10644000781274618,0.05833088874154309,0.13856693212957064,0.08892562383140241,0.08276062708799592,0.12786259688326446,0.12145047117668102
61,61.0,61.0,0.08935972160797971,0.09737944385227869,0.0872221772027339,0.09623283872168084,0.06343432051206917,0.14272417524886977,0.08906645865745703,0.07346900434890283,0.14562473770092094,0.11548712214710663
62,62.0,62.0,0.10075141823888431,0.09744894926524572,0.09023586473709644,0.09229157716463626,0.07914687137321058,0.13198458088425502,0.08016652503814577,0.07426086946547579,0.14231375119954912,0.11139959263350059
63,63.0,63.0,0.09928098861392681,0.10339991320104054,0.09051806073527424,0.10152879866618014,0.052986322618186435,0.12439575134449572,0.1204124449706481,0.05496792666812853,0.13730928912755885,0.11520050405456025
64,64.0,64.0,0.0977298456194317,0.09168928457955426,0.0915674149125615,0.09418723103068771,0.0508364880675511,0.14208307088096864,0.09061359947933359,0.09060269602753036,0.1410942502961962,0.10959611910618454
65,65.0,65.0,0.09382489394256033,0.10800846922157414,0.08102612284977694,0.09847806902050195,0.08008907473222482,0.1402953693132774,0.09856712210687857,0.07606385275593879,0.13321855192522938,0.09042847413203717
66,66.0,66.0,0.09685276367051579,0.10200748579865512,0.07385943183216213,0.09027145314453716,0.08440230613445843,0.13233754100593106,0.10468094529142051,0.08403975016392855,0.14318441473044458,0.08836390822794618
67,67.0,67.0,0.09967768381414396,0.0953951685761468,0.08146215333893757,0.09495948493534223,0.06908791466536533,0.11983855134933667,0.10110531735363222,0.07453076494822411,0.14487003089525347,0.11907293012361722
68,68.0,68.0,0.08118242941199207,0.0769129168926163,0.08704731397886586,0.09820347976913277,0.07410522633881529,0.12396816183453226,0.09002532757872009,0.09602186743842268,0.1477595589499518,0.12477371780695054
69,69.0,69.0,0.10400437303917978,0.09774309499052407,0.0950027795240452,0.0958594545448951,0.07636812233904558,0.14468590332193243,0.08167358035612493,0.0725186077479025,0.13503285896236852,0.09711122517398135
70,70.0,70.0,0.08505186747385729,0.10595294868144349,0.06684175492203773,0.09764793503555111,0.07632467270379464,0.14499900084114803,0.10081284872735845,0.06412763478475783,0.12900002041302525,0.12924131641702571
71,71.0,71.0,0.09511228026274351,0.11378824837533622,0.08423182294389078,0.08552363647372739,0.06856154776291605,0.13241893590589782,0.09107936125330231,0.07279861018432074,0.13584354683517758,0.12064201000268718
72,72.0,72.0,0.10645933097462215,0.09123281481942044,0.0780776272680839,0.08941348986305571,0.07707112549125272,0.13488822467928704,0.10823612547038508,0.06556582591584624,0.1320069880850605,0.11704844743298579
73,73.0,73.0,0.09878427272763453,0.09488089126429469,0.08968000609021536,0.10313162266329437,0.0631616072176238,0.13860553312849516,0.09552114247721168,0.07571669282498153,0.13608659575745,0.10443163584879848
74,74.0,74.0,0.0983485941458535,0.08326573049418946,0.08587526857330986,0.07416361550583027,0.06716462832989788,0.1493725600588259,0.10989578838160663,0.07661271914638028,0.13911158023442277,0.11618951512968297
75,75.0,75.0,0.09107534425253255,0.0950291613397794,0.0772862413993484,0.10947829484289975,0.07478945658028954,0.14007595259969097,0.09031876199868373,0.06628069643920527,0.1382705549640753,0.11739553558349461
76,76.0,76.0,0.09887259815439021,0.10038586546822684,0.07152717857658303,0.09685401009445334,0.07951963594471258,0.1457949258314784,0.09543265058621186,0.06994115322021952,0.1350407098968328,0.10663127222689098
77,77.0,77.0,0.10954573886556718,0.10262811367449323,0.07646740469647359,0.10389574062851245,0.06165989348475255,0.12262948338862004,0.0916225399438225,0.06932315345432093,0.1404627762326429,0.12176515563079426
78,78.0,78.0,0.09041551671012668,0.09313555775555041,0.06325130861991746,0.09067880308801306,0.07903096076395247,0.1528798819556856,0.11322973711352542,0.06916436125981117,0.13437156115064192,0.1138423115827754
79,79.0,79.0,0.08474951242652443,0.10519877321702487,0.0673915770136821,0.10483792432228409,0.08386938090789409,0.146991144603661,0.10287566050673906,0.0725902822764905,0.13192577633127595,0.09956996839442342
80,80.0,80.0,0.08989575962658652,0.09280261947518723,0.09693582849527665,0.08564113415871095,0.07631518483186062,0.1305737027541328,0.09057701786148216,0.09257818567637666,0.14239878627369187,0.10228178084669401
81,81.0,81.0,0.08919078102248101,0.08389500779182227,0.07068091631220688,0.08909634065374371,0.07244752631458078,0.15931470401582717,0.10332184196596927,0.0867822353656964,0.14072591096966344,0.10454473558800856
82,82.0,82.0,0.09917732595498097,0.10554691687714671,0.07271380178949133,0.0882377537750316,0.06066241131841571,0.1384612740650554,0.0972153239277021,0.09961305283969049,0.13447163192662454,0.10390050752586073
83,83.0,83.0,0.08270544541187033,0.09010516131131863,0.08932510668805234,0.0994831468451292,0.0855798702715029,0.13121860731412832,0.09470343662757702,0.07742054429506214,0.13653089002598376,0.1129277912093749
84,84.0,84.0,0.11582729074592261,0.10081516344317502,0.06343438067987499,0.10787685874552706,0.08872851915842395,0.12772526377733223,0.10144473052953026,0.08387342948141763,0.1074414378010217,0.10283292563777413
85,85.0,85.0,0.09336092802108936,0.09267140443220706,0.09124787468773451,0.08596845027941721,0.06141496704731564,0.14252445525932694,0.08688567321461953,0.08060843523556918,0.15673255790139676,0.10858525392132343
86,86.0,86.0,0.11188726186572377,0.09759796125604717,0.07864371363732706,0.0809353533606551,0.07073636180987308,0.14155297453795251,0.11279965175338198,0.06816083336182731,0.14183438921831923,0.0958514991988923
87,87.0,87.0,0.09636519739472724,0.09642858804049712,0.07985523080500023,0.09497589829989853,0.052704714736558654,0.13353989636144742,0.08857782204090389,0.09260235673894664,0.1587051294853969,0.10624516609662298
88,88.0,88.0,0.08704139937939713,0.11825700299969677,0.08574633246513409,0.08998882938127858,0.07762923620305465,0.13310963624708858,0.08587816851052416,0.07754461648475808,0.13287244445663376,0.11193233387243373
89,89.0,89.0,0.11195483661312537,0.12201374948005381,0.07037053007972513,0.07900262979552394,0.07137615159629117,0.1196037483275378,0.0964188698585133,0.06884527169858837,0.1513945554448773,0.10901965710576336
90,90.0,90.0,0.07658947967971312,0.08985550962330537,0.08746691579345267,0.07988484938986015,0.04721177962669604,0.1691193595587333,0.09693755088541589,0.07870209416927379,0.15978093698564982,0.11445152428789948
91,91.0,91.0,0.09364532255852608,0.08565282095366887,0.07859357120130123,0.0861695554965739,0.0867902983549115,0.13383765269726194,0.09375343386351583,0.0847256840475471,0.1400719274754147,0.11675973335127847
92,92.0,92.0,0.07091435508991827,0.12099548723552334,0.08411086375627047,0.10930477928435081,0.06113256334215393,0.12387365057925806,0.08798891159833039,0.06993906887654458,0.16045478985993974,0.11128553037770994
93,93.0,93.0,0.09794826579554936,0.09627218020599534,0.0651930478337428,0.11551931513187297,0.06955491933667994,0.13458323806866115,0.10076603276746576,0.07774679810634463,0.13398911866216223,0.10842708409152546
94,94.0,94.0,0.09071198414297213,0.08379066083348927,0.0806771319335858,0.1126798022463658,0.05660394890983548,0.12457383654901502,0.11547664023720876,0.08353068849104099,0.14478137332865018,0.10717393332783624
95,95.0,95.0,0.0747124658333128,0.07680254256167816,0.1066084063666272,0.0957800387413361,0.07179113527545919,0.1436109057519345,0.10361294119764031,0.08710560053573299,0.14287587582111172,0.09710008791516662
96,96.0,96.0,0.09944601184996638,0.09225782603140638,0.07018016026789163,0.08290642751584355,0.08707889788819238,0.13482404806562204,0.08581140752046225,0.07476575495635884,0.13244944578866533,0.14028002011559076
97,97.0,97.0,0.08691276139250788,0.10314590219803017,0.08113687691412338,0.09392069908476994,0.06210651781805347,0.14252439541878847,0.102116148492344,0.07044275258954802,0.14185933739914186,0.11583460869269238
98,98.0,98.0,0.09292672331647656,0.07532322379884285,0.07317752393405688,0.10305626848093621,0.06765650327746109,0.1651088163519547,0.08961456636883516,0.079525525154512,0.14916176347596163,0.10444908584096257
99,99.0,99.0,0.10534707332758057,0.11110176892337191,0.07107309986529972,0.09165276416421385,0.05686870485096124,0.14760779304195115,0.10884755538440491,0.06696612039260802,0.13331819749987162,0.10721692254973665
100,100.0,100.0,0.09280478128144312,0.09038131747603141,0.10375502073700242,0.0839669474571027,0.05054579757902433,0.1380265050602481,0.09071816447062091,0.09131170303515973,0.15387228786306545,0.10461747504030146
101,101.0,101.0,0.09217314273347763,0.0845355477285401,0.0945622252927368,0.09178587540543648,0.06044440177939101,0.14318271097063315,0.08452462010971055,0.09094598700593706,0.13193576852486932,0.12590972044926751
102,102.0,102.0,0.09828728924630964,0.09376286989476482,0.07665845150916581,0.09091362974835052,0.07103412124371294,0.121401124952249,0.10380378052745698,0.08738938313148677,0.14660997220143676,0.11013937754506631
103,103.0,103.0,0.0914531936295337,0.09673427268016566,0.05804567730829041,0.09522330214344218,0.06697660537854512,0.16524025948189314,0.0796839825944765,0.07405528893166732,0.16634568659640353,0.10624173125558205
104,104.0,104.0,0.0976526839797683,0.0932134378271812,0.0911323136667608,0.09675058313273391,0.07845885184957743,0.14204083382634308,0.09006295216757734,0.08008003961097432,0.12077158629619374,0.10983671764288938
105,105.0,105.0,0.10354521306186637,0.10183525323129691,0.06999181443564026,0.12227897863202804,0.07663720668717751,0.11333387842692977,0.08081702954575933,0.08518333406820962,0.13064007027288663,0.11573722163820518
106,106.0,106.0,0.1017556887904055,0.08338422723772146,0.07579614235652492,0.12632861615232777,0.082106141258782,0.14325949785865583,0.08968439177933299,0.0705315268780248,0.12815588107923417,0.09899788660899017
107,107.0,107.0,0.09775000075349252,0.10246042593545952,0.0775456644495964,0.09177066648742623,0.05227645395359516,0.13426974230129857,0.10557857648804903,0.06246270619799249,0.16480170572382044,0.11108405770926925
108,108.0,108.0,0.11336302537060469,0.0873527851481523,0.07166273272710141,0.08507679666443124,0.07583955618768809,0.12166785323259119,0.10633836148796831,0.08703688021347497,0.13771704184990582,0.11394496711808155
109,109.0,109.0,0.08372619769213382,0.10313975867036973,0.07359421588229777,0.1079146984752386,0.08043717107180068,0.13310882449392097,0.09906994202510161,0.05571823040138342,0.16199890503335446,0.10129205625439855
110,110.0,110.0,0.10014094443087458,0.1070306588204956,0.07956239064408498,0.08912521859555717,0.07034260805484924,0.13549849637771252,0.09807853307294359,0.06959840589512503,0.13133942452162237,0.11928331958673448
111,111.0,111.0,0.09393130732891179,0.09424652445739296,0.09253353110968587,0.09128419093023361,0.08369002179200798,0.13519283200233084,0.09643324042514875,0.06795589592339166,0.14985253852053415,0.09487991751036198
112,112.0,112.0,0.07803544746155705,0.10608319286897619,0.08153577941891214,0.1343668158412588,0.06161979996674373,0.150892925736047,0.08232684756254754,0.0563994003333533,0.1472473857453806,0.10149240506522317
113,113.0,113.0,0.0878316937933256,0.10335388933797003,0.07012570256558345,0.10178732451791986,0.06004229869842316,0.15884713868362316,0.07620262013971453,0.062002836360611435,0.13846797685412415,0.14133851904870426
114,114.0,114.0,0.08820343194623138,0.09271092074456425,0.06151895131118301,0.0925017990892774,0.059219159643633223,0.14470333574192407,0.10323343988726182,0.07606060001209207,0.16161195874480033,0.12023640287903195
115,115.0,115.0,0.09246260076172105,0.09915588071270881,0.098625236695042,0.0970012384073516,0.08012272777789217,0.13049827682409085,0.09670057090713036,0.06763922553451972,0.12683421731315206,0.11096002506639098
116,116.0,116.0,0.09103470079064922,0.1047737526093897,0.07114221982790389,0.10789962620137353,0.056359448224392206,0.1417784176739358,0.08755878258002574,0.09106714663715494,0.14308390307512225,0.10530200238005231
117,117.0,117.0,0.07128502861636357,0.1163793570387256,0.08680419099135436,0.09961971516174821,0.06535005941874503,0.13401535055055647,0.10394399630922527,0.08125051679223144,0.1569108960402918,0.08444088908075785
118,118.0,118.0,0.070627522668411,0.11695102877863062,0.09173313038125197,0.11158113386868143,0.05386934557864085,0.14839133256415282,0.10775194905065814,0.07511206986761969,0.14345337770350866,0.08052910953844442
119,119.0,119.0,0.10410937539635053,0.0848530384156633,0.08226382098924914,0.0929239156776648,0.05867317518912145,0.14831581940549965,0.079613807865121,0.07559230959960161,0.15967907187338176,0.11397566558834635
120,120.0,120.0,0.08070511418242808,0.10584548079773097,0.07169327317868358,0.12385845001453574,0.09288166440470057,0.13834537451382034,0.07317544791215443,0.07987655244284593,0.13847015973256077,0.09514848282053931
121,121.0,121.0,0.0829645623000271,0.09483159425586311,0.08759151354657171,0.09358877385897987,0.07808805565383166,0.12687627127561973,0.10248223014095814,0.08451710569110556,0.141636576954919,0.10742331632212358
122,122.0,122.0,0.09436824632456445,0.08644202483270347,0.09804323250795276,0.07145117182212617,0.07567048088498972,0.14022993773066636,0.08930158884008874,0.08922489164424134,0.14729878025442097,0.10796964515824556
123,123.0,123.0,0.08772115779703132,0.11749773465446067,0.08597898836182694,0.10351524291039105,0.05614018202007204,0.1467984713960882,0.08647430048839176,0.06526275943089269,0.14607233089121777,0.10453883204962713
124,124.0,124.0,0.10162398519704437,0.10210073188110605,0.06478147638442946,0.08918903110869467,0.061066730624958265,0.14617652731710928,0.08699533920551251,0.06672322479150819,0.165395607163536,0.11594734632610082
125,125.0,125.0,0.10134536499731481,0.0873598717811532,0.06315700215919481,0.10030205797718497,0.059042783269750654,0.14279839745152156,0.12512654220691258,0.07903875983657518,0.1384169000586349,0.10341232026175691
126,126.0,126.0,0.08436338909996038,0.10645827291246149,0.08443259672536253,0.10152013619689286,0.07111559080408528,0.1310666640373718,0.09089135140440122,0.09023902797535462,0.11782785788101402,0.12208511296309535
127,127.0,127.0,0.10817009222668901,0.08561409789316306,0.07594882918265974,0.08462285199105996,0.08021527067772924,0.11266810701754126,0.08917972485737229,0.09241857800497762,0.1565268226736852,0.11463562547512215
128,128.0,128.0,0.09624655842623295,0.08689498946258982,0.09899419928799351,0.10106135987644489,0.06412772668421352,0.12888197348670555,0.09749762217121637,0.06936432391072249,0.1451298377642785,0.11180140892960197
129,129.0,129.0,0.07325060606832726,0.09125140247176707,0.0708303148438702,0.09782364012023255,0.06433456203581646,0.14998297800105032,0.10474217450648002,0.09559449041481304,0.14157859584151927,0.11061123569612345
130,130.0,130.0,0.12413376620568481,0.11242126544650574,0.07925990460267643,0.09419476378286236,0.05731614302152597,0.11077108174628725,0.09458341869416045,0.08127803518541699,0.1414468596970586,0.10459476161782097
131,131.0,131.0,0.08160043094789723,0.0840214419865555,0.0798017590305403,0.08567591479374773,0.0626222869703889,0.13802831652381453,0.10438957523029528,0.07495208291467373,0.16582843663752656,0.12307975496455995
132,132.0,132.0,0.08808730503346196,0.09826299301723082,0.07703945208481117,0.08691910356305586,0.05628318420717824,0.14915397789800813,0.10684007503618301,0.0640721957597579,0.15715542061691393,0.11618629278339865
133,133.0,133.0,0.09030066696398324,0.0987820421519098,0.10092142851645855,0.07037243584530413,0.05527897979998418,0.13967539661272782,0.08205410704530196,0.09551685158514858,0.15476236194122187,0.11233572953795945
134,134.0,134.0,0.09000108003217777,0.07412502229066784,0.08835189720589334,0.08347655157963081,0.05749640701493347,0.15416151840271552,0.09130742456029764,0.0763731591541835,0.15821681625275247,0.12649012350674727
135,135.0,135.0,0.08164371684168828,0.0878825872669712,0.08646124507996897,0.08094731167758022,0.06284240544122036,0.14151638634831748,0.1059795184492868,0.08425451525390644,0.15907128266742016,0.1094010309736397
136,136.0,136.0,0.08512267879620417,0.07449421962804262,0.08516087330417903,0.09681041127226442,0.06146645413713499,0.15057197259696348,0.07901870802540215,0.09244224761100675,0.13851379473950212,0.1363986398892999
137,137.0,137.0,0.0759786256041288,0.10453421639738696,0.08690917082203649,0.09564134642217412,0.05719514932210721,0.14468753516253371,0.0740905892202353,0.09116913376362538,0.15631525678460262,0.113478976501169
138,138.0,138.0,0.09552077025549735,0.10204725430785302,0.09957786056408391,0.08880403473669775,0.05559240300951425,0.14771281382408138,0.08331435302548909,0.06706748955280861,0.1565477802603356,0.10381524046363869
139,139.0,139.0,0.10780582061471788,0.10986410578820986,0.07331947051476745,0.08481164484334917,0.05003856420306465,0.1525584970934939,0.11883448610535927,0.05694200354684993,0.13807413633700208,0.10775127095318535
140,140.0,140.0,0.0859383163383948,0.09426778180266196,0.09373037004433578,0.1102494028415641,0.07202736199126429,0.12990949932510976,0.10404733246762707,0.06122491310970215,0.1385088320262927,0.11009619005304698
141,141.0,141.0,0.12415346926158691,0.08242198065618887,0.09508183406271684,0.08625115891646244,0.049518707629768,0.1646028477713114,0.08627364910967995,0.06589669047799683,0.14868343499253825,0.09711622712175012
142,142.0,142.0,0.11585048081778362,0.09340479119540221,0.06378367458809925,0.08713998707808526,0.07711358947539224,0.13227044788776493,0.090721453401341,0.05941650567340808,0.17065280218930418,0.10964626769341876
143,143.0,143.0,0.09005958760655992,0.09895589663472751,0.09318381574171178,0.08996145046482014,0.051195777350474966,0.12545125783607786,0.08692991837626339,0.08143691932629064,0.15280925660497974,0.13001612005809365
144,144.0,144.0,0.1067697597771147,0.12627063563447977,0.08081022825159748,0.09315723655921151,0.06352472362096435,0.1280351953553594,0.08762410781904592,0.06983557261566078,0.1412532623366632,0.10271927802990248
145,145.0,145.0,0.08735419378480545,0.10720813039729342,0.06950586765682346,0.11248504962743504,0.056168724186962324,0.140865649460265,0.09746371275495119,0.07867408967677517,0.14555884533463842,0.10471573712005007
146,146.0,146.0,0.08642905899492623,0.08812205611714198,0.07556102779324528,0.11505213814287922,0.07735015952429203,0.13175104710691446,0.09931567931352418,0.07680506996514247,0.13246182084364105,0.11715194219829266
147,147.0,147.0,0.06835142975432909,0.1032056735425789,0.061961765158804714,0.10123425579257665,0.06836465573004816,0.12683544111762662,0.10425403641717687,0.09059432434503936,0.1564428370955479,0.11875558104627122
148,148.0,148.0,0.1140542350403273,0.11165404082474344,0.09532233489653838,0.07706923504021927,0.055448320252514206,0.13443259964739124,0.09483055771442382,0.07933346673622922,0.12675420070165588,0.11110100914595684
149,149.0,149.0,0.0943981334213981,0.08938414908824137,0.10601826635348022,0.0748499234662671,0.05305993351979589,0.14685282801324767,0.09258428506103654,0.06675690161730712,0.18199851341202333,0.0940970660472024
150,150.0,150.0,0.08479705693564164,0.10123411332281562,0.0770176136154967,0.08864711758936382,0.07555920347736969,0.1451012580399137,0.08906604489169759,0.08174930740686975,0.14374431406033406,0.11308397066049698
151,151.0,151.0,0.08888527653451829,0.11493315758446424,0.05793168659821246,0.10566804082386608,0.07443620478109733,0.1405838510002049,0.08750852369917414,0.09140611911538896,0.12717886063538084,0.1114682792276924
152,152.0,152.0,0.10183246038577569,0.08164577243540604,0.09525232373426241,0.08930286793844282,0.07134409127114699,0.15296619697326855,0.10399663888213868,0.06637431525245079,0.13259001798744904,0.10469531513965855
153,153.0,153.0,0.10760852225071545,0.07400697022889124,0.07559397723866695,0.10619937523216669,0.051237042349158456,0.1343293223415356,0.09592067278291763,0.08798783020713256,0.1458885692423276,0.12122771812648733
154,154.0,154.0,0.09587351405243325,0.0935268876340493,0.07983268886179105,0.08473651587247424,0.06451029196264568,0.16394664378827414,0.11443150890659917,0.06812010269522713,0.15343177245335138,0.08159007377315432
155,155.0,155.0,0.07763267896714172,0.11340936562401319,0.08890751885357928,0.0731055239155025,0.04922089492061607,0.15741002902459797,0.08064262663072898,0.08560710625084526,0.15674054963324652,0.11732370617972813
156,156.0,156.0,0.0828247721226049,0.12240364518195238,0.0641540667682163,0.08238333429726179,0.06835171405679921,0.1380138761773603,0.10334803686972013,0.07802372644494067,0.1499440978311176,0.1105527302500263
157,157.0,157.0,0.07823369455289925,0.10140211911496302,0.055373418876660904,0.07988410901027933,0.05592413734553322,0.15465337656336386,0.11140168564710873,0.06518300849455341,0.1419698437926888,0.15597460660194912
158,158.0,158.0,0.09398160725238851,0.10054698464263563,0.08806522201999005,0.09407110224123795,0.06651058041621988,0.11628225493665875,0.12074402738137804,0.061730259025358114,0.15278304726972985,0.10528491481440279
159,159.0,159.0,0.10718684577394393,0.0875537390644404,0.09797687485459054,0.1045163983940021,0.04429702901930967,0.12917415814495903,0.09413151371581355,0.06774019618867688,0.1546614460193306,0.11276179882493283
160,160.0,160.0,0.09165213238346373,0.0862479951787184,0.07769157125816809,0.10140187588430685,0.0902050886171563,0.13693001703856186,0.0958233772532329,0.05878847939294749,0.13617581923424743,0.12508364375919664
161,161.0,161.0,0.1024251552311461,0.11084853261397273,0.07215822903249927,0.10284354197342294,0.06104987735738306,0.154533812522606,0.08894648267908535,0.05989834289851727,0.14239006345215816,0.1049059622392087
162,162.0,162.0,0.08451820590581001,0.10543459422193369,0.05742886981709745,0.07855857744164849,0.07304548549805097,0.15573754453742403,0.10017371185085144,0.06722893143416872,0.16794700214512828,0.1099270771478866
163,163.0,163.0,0.11010674226098809,0.10633192142125077,0.07951867056712911,0.06968662978432011,0.06877249844111816,0.15158706106251932,0.10158901512145872,0.07035077154455936,0.14246225805143595,0.09959443174522015
164,164.0,164.0,0.0962774779372657,0.09921405439696832,0.07010674831790971,0.13377212587355994,0.0442827500433407,0.13612459265973334,0.09079505009412667,0.05001659418213167,0.15140574212612318,0.12800486436884043
165,165.0,165.0,0.10198040199688041,0.08811486555482298,0.09581373899671215,0.10794699482889807,0.06310976945769327,0.1414598163602828,0.08535237456634351,0.0656050587827294,0.14296846702834626,0.10764851242729079
166,166.0,166.0,0.08202642182753686,0.08326332068475209,0.08814339010791523,0.09388321989545653,0.09224457502643799,0.14664323206802263,0.07985923062599712,0.0795992431088765,0.14489909546523,0.1094382711897746
167,167.0,167.0,0.1063837674296314,0.08536717310738076,0.07522429879885392,0.09071184172222416,0.06969855429434522,0.14759322805503042,0.095392657847771,0.05137707560086403,0.16650860814509513,0.11174279499880353
168,168.0,168.0,0.1125653132840766,0.10589971269562526,0.08779535895736319,0.08555302693231227,0.08439946352417783,0.12746178968587335,0.07819017530537961,0.05552343771662904,0.1504207808029026,0.1121909410956599
169,169.0,169.0,0.09202536412832898,0.09686158466754008,0.1039874291090801,0.10689325916141938,0.05474612381782814,0.1270388536049819,0.08788236672682956,0.06681748120002758,0.16056237874992166,0.10318515883404222
170,170.0,170.0,0.09667239048935242,0.11134706264911871,0.06566154259334572,0.08517067896798362,0.070370182703784,0.13106940609960072,0.11493481258656098,0.0706955664456559,0.14357482615588263,0.1105035313087149
171,171.0,171.0,0.08710980222757485,0.09160574402918419,0.095199157218165,0.09807021798576838,0.059435843790967356,0.14846619397978406,0.09375492906927188,0.07928758265597324,0.14851969971945425,0.09855082932385634
172,172.0,172.0,0.08547928198887642,0.10208267479003127,0.07987215109427712,0.08561698614547389,0.09387683483098766,0.15286788268712792,0.09060873559121861,0.07724956549741734,0.12902570692841037,0.10332018044617894
173,173.0,173.0,0.06124793310173364,0.08659380560268284,0.0693877107350154,0.11024926613882582,0.09317957878491295,0.1638616362161534,0.09093443817878208,0.0645802846098039,0.16918894149520702,0.09077640513688257
174,174.0,174.0,0.08043777310562945,0.0890917917912342,0.09083004320390167,0.08101471455902108,0.06862285384518148,0.13897106758953517,0.10078661672780173,0.07448379243887794,0.17294257591993392,0.10281877081888294
175,175.0,175.0,0.08308592119562906,0.08262200692842604,0.07551607063474247,0.12649655401292387,0.07373505480349327,0.1501355232648758,0.07445722456927073,0.06284759719264602,0.16429473507845485,0.10680931231953757
176,176.0,176.0,0.0769557080218225,0.09653830966158522,0.09835968790266261,0.08247655414654244,0.05692651343380343,0.13731018924468205,0.08261782235925529,0.07856320838511315,0.14152483607419725,0.14872717077033562
177,177.0,177.0,0.09374740793482599,0.09159901033724265,0.08379520379424069,0.07462364088437703,0.061609038339619795,0.13041182573414903,0.08331195618335793,0.08576903378421694,0.16919514226549523,0.12593774074247427
178,178.0,178.0,0.11851662232745039,0.10499273669823742,0.07967705746729813,0.07890126554423202,0.06330630060097706,0.1477161076623312,0.11475566695704657,0.0625522393812442,0.1263621051445683,0.1032198982166143
179,179.0,179.0,0.08553683084253516,0.08625347948413832,0.08293826923627985,0.08602558381521312,0.06929446375163971,0.16466228334709035,0.08448396227414098,0.08067896014935802,0.13600268556987913,0.12412348152972501
180,180.0,180.0,0.08871098706759077,0.08461396975224122,0.09894072661562021,0.07631468756038265,0.06303710785461229,0.15223500361689885,0.08779583901337121,0.08082485180263124,0.15859606508065727,0.10893076163599384
181,181.0,181.0,0.08818943565911638,0.08613013129589084,0.08077859289517451,0.08023595793158765,0.08145202365663542,0.16232241443495068,0.08664610873891407,0.07258528095706061,0.15011051507176032,0.1115495393589091
182,182.0,182.0,0.07336606238640306,0.08721236267803759,0.09708835149656492,0.11115720634474835,0.07457150138810617,0.11915295303092721,0.09553757389993962,0.06935245650851371,0.16216745283893688,0.11039407942782209
183,183.0,183.0,0.08372250008598277,0.11685206748464436,0.07708269800348258,0.0768183920953325,0.06940406269382907,0.1521672418109516,0.10796327983835512,0.07643854963156281,0.1307850020287509,0.1087662063271078
184,184.0,184.0,0.08520086790979522,0.10168765436725433,0.07126694451316283,0.0928005590866551,0.07934356568102865,0.14361269469716015,0.11257703481153143,0.07819269412025721,0.15413767554356525,0.08118030926958947
185,185.0,185.0,0.0992817230836839,0.10239638776096842,0.07217764574191386,0.08802069490683734,0.0596377091457975,0.14126760730857715,0.08880187415783967,0.07128793779687145,0.16096505194673655,0.11616336815077377
186,186.0,186.0,0.10413807322145807,0.08336620846335965,0.06302238664800867,0.09907433252363745,0.06046040198334664,0.15923828818588798,0.08082574140000279,0.07863219845443642,0.15936401351322396,0.11187835560663799
