,Unnamed: 0,Generation,Intertwine_two,Add_vertex,Delete_vertex,Invert_path_vertices,Insert_inside_vertex,Delete_inside_vertex,Replace_inside_vertex,Donate_between_routes,Trim_one_terminal_cb,Grow_one_terminal_cb
0,0.0,0.0,0.09999999999999999,0.09999999999999999,0.09999999999999999,0.09999999999999999,0.09999999999999999,0.09999999999999999,0.09999999999999999,0.09999999999999999,0.09999999999999999,0.09999999999999999
1,1.0,0.10900000000000001,0.10082602477783999,0.09966837696300321,0.09830197338787973,0.10009670035809362,0.0993484459258859,0.1001556900099754,0.10026594316566123,0.09926503360981292,0.10167796978505493,0.10039384201679295
2,2.0,0.31601,0.10178432414607498,0.09906593666437523,0.09603176663989708,0.10113149676767966,0.09892028735403482,0.10094909395670229,0.10102740111109215,0.09833095255383793,0.10254623094367414,0.10021250986263154
3,3.0,0.6191589000000001,0.10136972228094357,0.09810651737164183,0.09381736418321815,0.1019502994549023,0.09868582896531632,0.10220778648508784,0.10127282232772428,0.09802680432294625,0.1033880668003826,0.10117478780783672
4,4.0,1.015801321,0.1015556589522634,0.09714527820963227,0.0930144189679687,0.10195663443856587,0.09862410221227608,0.10256145153528563,0.10193499336568826,0.09859981264191069,0.10238942646322395,0.10221822321318497
5,5.0,1.50262148669,0.10182455753521064,0.09702675763762489,0.09088346218335806,0.1021321841315363,0.09702367673143782,0.10308594317662313,0.10386141819890538,0.09821257349758791,0.10284384525960662,0.10310558164810901
6,6.0,2.0757334209441005,0.10224380231836708,0.09621887507830633,0.08887219973188887,0.10081230597880364,0.09802924303174167,0.10441566694203196,0.10514836999415626,0.0967307556181465,0.10410293600983964,0.10342584529671778
7,7.0,2.7307768275633495,0.10236695963064614,0.09593580310887931,0.08682940116047407,0.10156075879449614,0.0973328881364234,0.10499449347906309,0.10532411536568613,0.09579831517829952,0.10635333455239168,0.10350393059364026
8,8.0,3.4630081252450404,0.10129440438980478,0.09442988423410571,0.08560242654869427,0.10227093369926807,0.09704141288779278,0.1058728403837052,0.10475642201760647,0.09547002064958654,0.1079756497197209,0.10528600546971502
9,9.0,4.2673862119061114,0.10022926696739569,0.09299868914023048,0.08415980829888997,0.10322875571477302,0.09635187505596052,0.10548472832414504,0.10572928382311873,0.09566089314013468,0.10917885138489597,0.10697784815045559
10,10.0,5.138652627782014,0.10095084840637963,0.09291167216186733,0.08269406828183654,0.10353257861364273,0.09473938036222014,0.10562335474235844,0.10574656080072287,0.09513127349992881,0.11038432920631451,0.10828593392472868
11,11.0,6.071405875792507,0.10044986317144111,0.09241054011301086,0.08199647640490718,0.10365615791741496,0.09429351626939926,0.10789272882536667,0.1054427183013975,0.094614175949542,0.11025375561094547,0.10899006743657469
12,12.0,7.060169740244025,0.09975138352887203,0.09271186488536298,0.08001492325696305,0.10534912904705551,0.09285859604450784,0.10909809095804633,0.10581365646813791,0.09267448887257286,0.11320758256326548,0.10852028437521569
13,13.0,8.099455520847952,0.09894775819616403,0.09466158442005713,0.07983048384251003,0.10594869868532053,0.09179035931688237,0.10934107689258216,0.10622666731493198,0.0912552042411206,0.11401336074480455,0.1079848063456263
14,14.0,9.183818168183006,0.09837104933996903,0.09440374721315899,0.0784110816392206,0.10563221643666972,0.09189958758673866,0.11180920070274074,0.10627054596330543,0.08987704723986088,0.11544540322961501,0.10788012064872066
15,15.0,10.307906369102724,0.09847104917364383,0.09404699716500782,0.0773812655417348,0.10680117062644988,0.09114552058153161,0.11313509446898579,0.10425720050238828,0.08924174814192097,0.11711842220332032,0.1084015315950164
16,16.0,11.466506686239443,0.09767372841596184,0.09309817844382082,0.07563361978995253,0.10545583984160424,0.08999622764320175,0.11439045262402694,0.10525474491443253,0.08898736984124157,0.11827418249695629,0.11123565598880127
17,17.0,12.654581904800096,0.09787857862431078,0.0941599853086288,0.07436741241840851,0.10505821241331006,0.08803863557356591,0.11665195192109015,0.1045357149107899,0.0890441738287689,0.11918033849695468,0.11108499650417207
18,18.0,13.867303782456686,0.09759151562681301,0.09348943346593173,0.07508047886150203,0.10392355094670987,0.08675120358180452,0.11639050092246331,0.10344483478387478,0.08883411063276671,0.12125177038727805,0.11324260079085575
19,19.0,15.100080434523047,0.09610034695128425,0.09295969197819351,0.07583428519707298,0.10386294814179803,0.0848958866845726,0.11793473490940926,0.10354005814579553,0.08811902792019072,0.1212542579089697,0.11549876216271318
20,20.0,16.348578617037543,0.09663623700166109,0.09302279281614274,0.07498753786835502,0.10453713248712539,0.08372006919663089,0.11894714963234335,0.10266933988840395,0.0872970766978045,0.12246130685032472,0.11572135756120808
21,21.0,17.608741195130214,0.0969682196202863,0.09248459507914751,0.07419037070952476,0.10411284156656618,0.08314886304144853,0.12003952075355898,0.1020899438534832,0.08718335808335241,0.12330905703010159,0.11647323026253024
22,22.0,18.876800103462312,0.09715814153225727,0.09184352811503944,0.07556071972405773,0.10485645107117225,0.08134539770043114,0.12122131326517357,0.10265305072459,0.08526663965067661,0.12413727843621519,0.11595747978038654
23,23.0,20.14928511992658,0.09580221389338195,0.09101582012421677,0.07513236432178266,0.1042043787401081,0.07865037106132927,0.12134843785155594,0.10298430852153374,0.08681821942714676,0.1276273118704487,0.11641657418849582
24,24.0,21.423028783545156,0.09336990177455458,0.09018085764521301,0.07651749083608088,0.10532155924659778,0.07700442838303674,0.12512738092122613,0.10154205012554933,0.08721088544892823,0.12812003448161902,0.115605411137194
25,25.0,22.695167792966423,0.09157865038426855,0.09132483538471997,0.07785444332474262,0.10503655419562542,0.07563774592753769,0.12641180512612815,0.10005977850292459,0.08585872265103107,0.13083032755396293,0.11540713694905871
26,26.0,23.963141223515898,0.09007612221319836,0.09202232942726414,0.07834775471393164,0.10542181669988251,0.07400301076500153,0.12770388443952668,0.0983885356257776,0.08416299648109557,0.13322419877668756,0.11664935085763412
27,27.0,25.224685898775267,0.08955258578260672,0.09247266498492858,0.07964589673534032,0.1040841430366963,0.07230993779288686,0.12964422332681477,0.09594376705331076,0.08473677281031526,0.13519287210321632,0.11641713637388382
28,28.0,26.477829247520948,0.08985332724586158,0.0936081819254779,0.07995556359381686,0.10289302767975064,0.07128173884978031,0.13108272530599355,0.09652376263408254,0.08404536603789386,0.13566592486329904,0.11509038186404344
29,29.0,27.720879968916847,0.0886616944826841,0.0929615134169583,0.08144686446254502,0.1028514170688807,0.0723977782597975,0.130366706814937,0.0956557181733968,0.08324915870181271,0.13705666120179594,0.11535248741719167
30,30.0,28.95241681848399,0.08947196767932983,0.09202580296425433,0.08106598505444831,0.10275148607213,0.07274018559865578,0.13042707109384183,0.09392582156139458,0.08464038232404522,0.13796679097368905,0.11498450667821081
31,31.0,30.17127581490958,0.08933501029712526,0.09222599351406466,0.08108117334007574,0.10073529791777737,0.07293059489259937,0.13158980628131886,0.09398320225515082,0.08519310163462662,0.13656029227736988,0.11636552758989119
32,32.0,31.376536153543515,0.08947506560164964,0.0937578934115618,0.0802133193502751,0.0999850306262817,0.0723822994657251,0.1314949995144956,0.09351926970480565,0.08411586428734925,0.13753360040084608,0.11752265763700992
33,33.0,32.567505096778625,0.08901690609420769,0.09187866505756923,0.08177867549953638,0.10028587197208698,0.0707219973828215,0.13251933273940703,0.0943835499964663,0.08411854865466234,0.13886839715142235,0.11642805545182003
34,34.0,33.74370209472243,0.09077311285857678,0.09115444336560535,0.08029270658677898,0.09834340363157892,0.07101250226237553,0.13368103650938373,0.09396697819944318,0.08377271903993452,0.1409778051973488,0.11602529234897399
35,35.0,34.90484237192463,0.09052431948697225,0.0920405277653186,0.08107384144183759,0.09775461006379035,0.07004701650697837,0.13399533612010034,0.09467418483846932,0.08294580826253467,0.1410119259747372,0.11593242953926117
36,36.0,36.05082019768737,0.09211171907252715,0.09176378125110855,0.08129604201949721,0.09671839261181255,0.06972135832740617,0.13444620033300558,0.09504632109184025,0.08235701730496364,0.14131334044139937,0.11522582754643931
37,37.0,37.18169203889697,0.09173290311983599,0.09170928349667704,0.08174265423797913,0.09685013766856651,0.06972076443637802,0.13605423801423888,0.09393483505521527,0.08239131053977025,0.14233743733599444,0.11352643609534425
38,38.0,38.29765977559663,0.0903532646529681,0.09308802582293017,0.0825061921540603,0.09774640564353859,0.06901709523593048,0.13547037359691966,0.09356263418179848,0.08228040507941868,0.1419433481528938,0.11403225547954157
39,39.0,39.399054140870355,0.09062233761063002,0.09242592662963901,0.08342606876544295,0.09659361548689258,0.06891969005277813,0.13634475630741844,0.09399174725008905,0.08143888048388748,0.1420891383918229,0.11414783902139927
40,40.0,40.48631852820801,0.08961439417445362,0.09361669321017795,0.08320111490399762,0.09575286836402874,0.06904408865155051,0.13784042632760954,0.09302724578446635,0.08184771838575788,0.1422947599048399,0.11376069029311776
41,41.0,41.55999329152982,0.09026661308708625,0.09389200724837976,0.08209187814735841,0.09579622310534149,0.06910931985106128,0.13790746249729927,0.09292274577715288,0.08063984450433126,0.14342600737712968,0.11394789840485955
42,42.0,42.62070064560415,0.09046523870911789,0.09524793960185116,0.08203593026820112,0.09464840004296397,0.06849235003704678,0.1392051133499517,0.09187369453869904,0.0800845478070074,0.1444463512483986,0.11350043439676218
43,43.0,43.669130257815,0.09088302864655515,0.09582929323661604,0.0812827807819221,0.09389109345728822,0.06687969839606368,0.13981115480828246,0.09115992321368552,0.08112199183299959,0.14593642106705632,0.11320461455953078
44,44.0,44.70602560622662,0.0919276900487781,0.09605434871570234,0.08046793150859813,0.0941034232966357,0.0669745480989437,0.1402131704735493,0.0916084179098654,0.08102293175108669,0.14561459393060444,0.11201294426623602
45,45.0,45.73217116373481,0.09166642449893472,0.09574896027974575,0.08112247692753986,0.09327339626142826,0.06650599271335805,0.14036090772636797,0.09098777352678872,0.08180615246182055,0.14502510462403648,0.11350281097997945
46,46.0,46.748380453854836,0.09121402489204966,0.0958775622999735,0.079784558198489,0.09336008404112846,0.06719231749834544,0.14064493230040528,0.0910088356379242,0.08218625864228583,0.14638261233890132,0.11234881415049718
47,47.0,47.755485010424316,0.09169498097151067,0.09518686954633446,0.07885902583361949,0.0933626223464257,0.06683614531561112,0.14057979331169038,0.09359559791373237,0.08283821462869692,0.14590281446480577,0.11114393566757302
48,48.0,48.7543242612326,0.09036585960790947,0.09491842767122119,0.0777927314801631,0.09407154635149688,0.0674984338563051,0.14057884666284765,0.09338731095744371,0.08334032886283711,0.14564994967581293,0.11239656487396275
49,49.0,49.745736344347726,0.09354264152769458,0.09459632690305192,0.0758141549763367,0.09321996261936995,0.06992723365300066,0.14047809378366521,0.09316812917046291,0.0824789296057626,0.14518878343084815,0.11158574432980725
50,50.0,50.730549855707864,0.09313943013224256,0.09630168917683846,0.07452775315963378,0.09324008005615857,0.07144543309557194,0.14127586624332186,0.09205046121908832,0.08185662262989675,0.14498196745415828,0.11118069683308944
51,51.0,51.70957651737491,0.09329172805685258,0.09561504474160201,0.07430637024387353,0.09189639323208937,0.0711154412735151,0.14386026321048032,0.092848058063688,0.08168062630825626,0.14440424187284281,0.11098183299679995
52,52.0,52.68360474770151,0.0923701087907795,0.09584978063033761,0.07562489671696493,0.09245125063458966,0.06953386286836344,0.14352647725933143,0.09228528511812474,0.08264748846893419,0.14353800731814695,0.11217284219442748
53,53.0,53.65339410751842,0.09250849449626833,0.09408058478096282,0.07601720435083097,0.09211985431376164,0.06999601044575249,0.14554312908365813,0.09256089667187192,0.08246619655201849,0.14331027866981172,0.1113973506350634
54,54.0,54.61967059027847,0.09199200322805191,0.09572668156986985,0.07570046943327313,0.09217128590355096,0.06924549342155181,0.14634647540884796,0.09154764700550977,0.08198531978574118,0.14392709397402734,0.11135753026957598
55,55.0,55.58312271885972,0.09219668254046222,0.09590152465319124,0.07492666739349003,0.0915898092329364,0.0691214949593644,0.14725381853521316,0.09187398305395254,0.08281876832950577,0.14340868998269168,0.11090856131919247
56,56.0,56.544398407394254,0.09295163827938797,0.09583308969138464,0.07522807236157729,0.09099161025438957,0.06904017389087505,0.14687860885865148,0.09226029992807859,0.08328643124576458,0.14235237131563852,0.11117770417425221
57,57.0,57.504102543001395,0.09390203463533446,0.09677713580247567,0.07579441673796165,0.0911629203262059,0.0699561160169061,0.14461021233102142,0.09126191292791322,0.08277100853352806,0.1414087607482169,0.11235548194043649
58,58.0,58.462795239617805,0.09223201432511512,0.09725446264047011,0.07652255761921037,0.09166356236397592,0.07269949075036233,0.14257148644269127,0.09279478904156123,0.08356439946293669,0.14004753798406383,0.11064969936961307
59,59.0,59.42099071417639,0.09137161530893378,0.09637231519284231,0.07799443550067833,0.09127542166436203,0.0720639621552012,0.14139168760302742,0.09473330021251787,0.08414610408253861,0.1393282270187418,0.11132293126115651
60,60.0,60.379156734137354,0.09059935165472335,0.09703188909847275,0.07917211069818089,0.09259400600380044,0.07085873640670967,0.14109933374714148,0.09432875992737053,0.08412986647534894,0.13791609203842703,0.1122698539498248
61,61.0,61.337714584760846,0.09033245051447338,0.09720884969176427,0.0801389821906435,0.09289847501827794,0.07015909793346822,0.14122661557259833,0.0939247257923837,0.08317239796109538,0.13832084968635772,0.1126175556389374
62,62.0,62.29703950447439,0.09122168186227392,0.09737677070862848,0.081381367237417,0.09281171461263726,0.0710334306194511,0.14028218537581075,0.09262251903761518,0.08229282887380256,0.1384270717995038,0.1125504298728598
63,63.0,63.257461537171835,0.09197024447656477,0.09812371780295193,0.08261627835432774,0.09365215102323504,0.06928540956887086,0.13859033919981043,0.09535056501157904,0.07949160282142104,0.1380610922881367,0.11285859945310237
64,64.0,64.21926675122782,0.09256194397135063,0.0976776692796753,0.08391165160108557,0.09375315350565325,0.06733421629877825,0.13869446371650426,0.09507654063860577,0.08028873954868493,0.1381026888131643,0.11259893262649766
65,65.0,65.18269877636592,0.09275565736545159,0.0988482602259271,0.08409991595000393,0.0942774803140614,0.06833842373985001,0.13864329169640424,0.0955806415540916,0.07965541784085171,0.13738247146342275,0.11041843984993556
66,66.0,66.14796061122655,0.09324347875870909,0.09939329582521829,0.08352194683126671,0.09397071874109666,0.06979104008696171,0.13781797482374833,0.0966755795020109,0.07984710239375166,0.13768922293379493,0.10804964010344159
67,67.0,67.11521665648885,0.09400110287612172,0.0992487380420639,0.0836654216250897,0.09412644384854332,0.0697130683129279,0.13577048633452038,0.09738351451925355,0.07911064644749295,0.1381888127915773,0.10879176520240917
68,68.0,68.08459493066005,0.09289020495095812,0.09723187517421272,0.08433103232066172,0.09459932633949235,0.07013837334716683,0.13418138839288296,0.0969498750856245,0.08055114752988728,0.13899420865008802,0.1101325682090254
69,69.0,69.05618942810752,0.09405551342563997,0.09729652682012148,0.0857527913177765,0.0948265595932191,0.07078710600792139,0.1347208421285658,0.0956551793980298,0.0796519797340755,0.13853404842698797,0.10871945314766233
70,70.0,70.03006258152917,0.09330852909245681,0.09818016435223534,0.08430877183704175,0.09522024652015555,0.07142243060238664,0.13533731085453557,0.09626406412589886,0.07793229770166872,0.1374816084766174,0.1105445764370032
71,71.0,71.00624779379335,0.09355971785529459,0.09983669594381915,0.08457349093741573,0.09438641178336993,0.07126693266433158,0.13473074311424948,0.09588419947959,0.0771136347832898,0.13713394928286318,0.11151422415577636
72,72.0,71.98475200689319,0.09493601843711093,0.09921154654496818,0.08419290188023637,0.09393631810609927,0.07195088844390155,0.1344086429532474,0.09720994933735742,0.07561040948391161,0.13642449610899582,0.11211882870417118
73,73.0,72.96555827861411,0.095522416261422,0.09893393241323425,0.08494945686486656,0.09485781879414912,0.07122669918862515,0.13449527947052672,0.09724188767136104,0.07517214756970413,0.1361497739395148,0.11145058782659592
74,74.0,73.94862834037681,0.09603922500978597,0.0974820332061738,0.08529718809159667,0.09287310673633903,0.07089458005039376,0.1356910575656909,0.0986908893104623,0.07487275993161004,0.13620439065285853,0.11195476944508867
75,75.0,74.93390511255946,0.09580012158534212,0.09720950397725854,0.08475702428307477,0.09443123890571181,0.07132085613381972,0.1359744121303565,0.09814933713807258,0.07358750837875556,0.13619851506364877,0.11257148240395924
76,76.0,75.92131515639825,0.09631740612020033,0.09747809465770477,0.08362026274429127,0.09472159994267454,0.07221220854981009,0.13684234396642764,0.09809502329028078,0.07272375953989246,0.13589096292564,0.11209833826307776
77,77.0,76.91077104428919,0.09787582819303234,0.09797312879883824,0.08297026912969808,0.0957084220308647,0.07130152575215445,0.13539646419325632,0.09763850603598852,0.07185675954512907,0.13614787010472507,0.11313122621631289
78,78.0,77.90217363294813,0.09748208494976243,0.09751595378272061,0.08099863662457636,0.09535674134216239,0.07212260163951034,0.13699254244606232,0.09932820056317412,0.07103524426948297,0.1358131141189807,0.11335488026356742
79,79.0,78.89541422641172,0.09649044992006295,0.0982670138540905,0.07946072092929668,0.09640936146321592,0.07341449554376923,0.1379990125334815,0.09995253334246604,0.0706197637929727,0.13525283972019078,0.1121338089004534
80,80.0,79.89037661826481,0.09599519373840422,0.09777267013776898,0.08091033051254827,0.09552132618439746,0.07392632930364014,0.13735301274790776,0.09931379985094581,0.07226432688893725,0.13576262312163231,0.11118038751381752
81,81.0,80.88693900474995,0.09541797097338263,0.0963872991181173,0.07974974289899502,0.09496881316270725,0.07402410239107818,0.13957791996712307,0.09992605429913168,0.0733679772321117,0.13612050228404743,0.11045961767330545
82,82.0,81.88497576253909,0.09583485307860419,0.09718073319570028,0.07881781432865766,0.09432696803022522,0.07291782090939092,0.1396923613098267,0.09990038937534061,0.07577848686970397,0.13586321971277332,0.10968735318977683
83,83.0,82.88435908692391,0.0945962836477563,0.09643431014575662,0.07957916897981847,0.09481295457544922,0.07429135937527136,0.13905878097071955,0.09959925155943976,0.07596704034877402,0.13582367533070105,0.10983717506631335
84,84.0,83.88496048800103,0.09667484731103956,0.09677023812564858,0.07777277494212781,0.09613641557888741,0.07595529399221816,0.1380608225752776,0.09995339876600569,0.07679656203803553,0.13288621231129263,0.10899343435946675
85,85.0,84.88665214409042,0.09649044276986002,0.09629864665962982,0.07878498576636962,0.09525409406703719,0.07484921218802153,0.13853922357959986,0.09883113883805919,0.07728740080821984,0.13491715985875985,0.10874769546444281
86,86.0,85.88930811312994,0.09814581691977414,0.09633059760032273,0.07856018829236017,0.09386383857661959,0.07465153558909324,0.13891248872814974,0.1002930481005492,0.07651760585828504,0.13547334976359895,0.10725153057124696
87,87.0,86.89280540413424,0.09822086165705671,0.09625508976194858,0.07847985753596864,0.09388737827700845,0.07263131020493414,0.1384735244022921,0.09931164950207073,0.07818537501609107,0.1377246050992091,0.10683034854342022
88,88.0,87.89702491199675,0.09733746547645471,0.0983717091861173,0.07901042375391996,0.09342074231572532,0.0731062935511568,0.13798609421717592,0.09805108713579047,0.07832476304992621,0.13737727164224384,0.10701414967148926
89,89.0,88.90185221995306,0.09893079197631516,0.10085119425404065,0.07801771219864741,0.09186783086265057,0.07295369952859983,0.13614805367891541,0.09784892195468449,0.07757247633610917,0.1388718343579433,0.1069374848520938
90,90.0,89.90717827491419,0.09695849057921643,0.10007853238175693,0.07875743854908564,0.09042978050364567,0.07038415223201594,0.13927993526408675,0.09770454087341764,0.07779382849436718,0.14118080616701945,0.10743249495538819
91,91.0,90.91289994163006,0.09668531350071385,0.09886063760215343,0.07862295257770857,0.08965855648007476,0.0717976878118588,0.13886885224754028,0.09724851629820745,0.0786044870813758,0.14147398115235077,0.10817901524801615
92,92.0,91.91892044225806,0.09413595747377887,0.10116672076221088,0.07905335064520205,0.09124308722780364,0.07065402243787214,0.13745216532534527,0.09622669112965282,0.07791663026224499,0.14376210434083211,0.10838927039505708
93,93.0,92.92514968840067,0.0943127120962619,0.10096815256804292,0.07759950244480412,0.09347123540607731,0.07037174460977957,0.1371123206968492,0.09650238279955398,0.07799855643415027,0.14334177494587866,0.10832161799860202
94,94.0,93.93150451304501,0.09378451862823176,0.09949432953242067,0.07771538292831967,0.09541309827523085,0.06881442926908081,0.13578022955295624,0.09826420254911843,0.0786481614440566,0.14394917739423216,0.10813647042635277
95,95.0,94.93790881009448,0.09167846733118612,0.09731204028619021,0.08044242029684046,0.09564346554667742,0.06880945929542184,0.13637299051370513,0.0988355947966505,0.07963912242791135,0.14431361180634067,0.10695282769907631
96,96.0,95.94429358933806,0.09208671575053166,0.09668841333431051,0.07951558917933346,0.09456480070037666,0.07036357934020247,0.13610016876213016,0.09761746791572146,0.07937166753652142,0.14358458241414135,0.11010701506673082
97,97.0,96.9505969547639,0.09127440724319115,0.09717165082125212,0.07968375854908594,0.09457884576375329,0.06943220255897103,0.13661190271406423,0.0980335672161209,0.07865259877178778,0.1437580937559549,0.11080297260581864
98,98.0,97.9567640140995,0.09110110932047473,0.09488403923334861,0.07905370686750689,0.09549846179361905,0.06907570515439433,0.13939003029116878,0.09719872418689174,0.07883161567820149,0.14462550900770094,0.11034109846669345
99,99.0,98.96274672736057,0.09220543233110036,0.0962074351623433,0.07821745611787553,0.09526134385569916,0.06766188562885599,0.14039743064017038,0.09829482278396191,0.07774372951254654,0.14386718868134596,0.11014327528610085
100,100.0,99.96850370202192,0.09207651024601449,0.09547538969131475,0.08066157896785181,0.0942432702439453,0.06564922552089883,0.1404180657801193,0.0975738997559511,0.07909141413651288,0.14513461951213114,0.10967602614526037
101,101.0,100.97399994219691,0.09190459922499494,0.09418103107048709,0.0821729444060954,0.09400613356033177,0.06467665756435531,0.14092834238991317,0.09623715724179703,0.0803899615841468,0.14416903200952752,0.11133414094835094
102,102.0,101.97920655893245,0.09236397939244538,0.09384238569494521,0.08186668873102396,0.09368328339782205,0.0648179957920487,0.1392319764226964,0.09684487964951213,0.08130855415379018,0.1446450909899944,0.1113951657757215
103,103.0,102.98410044840509,0.09215324508001183,0.09383394997749579,0.07967769883115354,0.09379598895457775,0.0646016098649726,0.14191085199046125,0.09504943903193713,0.08086268633626424,0.14706676432402574,0.11104776560910004
104,104.0,103.98866394444643,0.0925765327193403,0.09350327757351957,0.08079995134188857,0.0940644251864757,0.06557883713284307,0.14223519151080893,0.09431778486905511,0.08099580639437563,0.14488164951735671,0.11104654375433627
105,105.0,104.99288445143917,0.09359750601555002,0.09406495555288916,0.07979925230168677,0.09688571892457586,0.06640497730485385,0.13965445796233586,0.09269215553326471,0.08161678622456539,0.14366079395681225,0.111623396223466
106,106.0,105.99675406321822,0.09443690662545584,0.09280306611174832,0.07938098157893315,0.10008377963797048,0.06779771921064724,0.14006115391652862,0.09199707409453567,0.08074615283115415,0.14218339779611772,0.11050976819690864
107,107.0,107.0002691731872,0.09486498619232928,0.0934807970957551,0.07914364174553797,0.09976868767867907,0.06621130241582396,0.13956018815898769,0.0929377924473991,0.0790535544495495,0.14437804854878244,0.11060100126715573
108,108.0,108.0034300804274,0.09684041040983822,0.09266978719102753,0.07832576295027338,0.09873573772110476,0.06700048903927,0.1377962256117532,0.09398682530537462,0.07982172482513801,0.1438490044105396,0.11097403253568049
109,109.0,109.00624059613932,0.09581983558735685,0.0934654056085657,0.07771619004782317,0.0999532835298019,0.06825890916026689,0.13719147272158352,0.09432762829309187,0.07745336473584187,0.1457397313788596,0.11007417893680847
110,110.0,110.00870765431864,0.09642185654204546,0.09466729572998067,0.07772317217014145,0.09924974091911554,0.06850381358658428,0.13684533582653333,0.09458263322414168,0.07649250686150492,0.14453802933571933,0.11097561580423315
111,111.0,111.01084093013685,0.09637990256995722,0.09459421703384904,0.07904496231152743,0.09873120457972988,0.07007735688866844,0.13648977778896176,0.09468256739579504,0.07539454276776454,0.14517582284864328,0.10942964581510312
112,112.0,112.01265246907188,0.09472807205593187,0.09570863612272434,0.07926968395767901,0.10249831422889034,0.06942265032705117,0.13772681547065269,0.0933793755943165,0.07317633905595063,0.14553608888947842,0.1085540242973248
113,113.0,113.01415632942268,0.09405412298054217,0.09654242851707401,0.0783535867084949,0.10294944879692455,0.06859763579116049,0.13976723178158607,0.09148355495038481,0.07157252993081795,0.1449995004056634,0.11167996013735142
114,114.0,114.01536824044418,0.09342251833610984,0.09629665942085709,0.07658614521736005,0.10241529612250104,0.0676872554324525,0.1403800252362766,0.09232758899749431,0.07143918114764454,0.1467656537237821,0.11267967636552167
115,115.0,115.01630527795908,0.09322780017377094,0.0966841058443134,0.07855540447466282,0.10228536767699506,0.06887358896515303,0.1395542665587712,0.09254299125077739,0.07052324398367571,0.1450258806171343,0.1127273504547459
116,116.0,116.0169855589429,0.09290211183643825,0.09761931256377612,0.0777801344417253,0.10320542956274545,0.06767745257736088,0.13984853793665405,0.09186425024258522,0.07201285246187572,0.14490313676430847,0.11218678161253029
117,117.0,117.01742795623892,0.09061535100495237,0.0996931034546823,0.07858220938228834,0.10325243612234455,0.06738681090425357,0.1393563742617835,0.09284885003150664,0.07256238004951616,0.14615717425639033,0.10954531053228202
118,118.0,118.01765183424293,0.08829821243793393,0.10178354496632878,0.0798791905838755,0.1044545566870711,0.06595679449959146,0.14029761491864734,0.09422673657845639,0.07252999155335856,0.1460475933834247,0.10652576439131199
119,119.0,119.01767680610413,0.08938426610271606,0.10060681812863691,0.08021808212407744,0.10374200914803944,0.06502928820723412,0.14121811737041454,0.09278827247687946,0.07257468666315751,0.1475455978579438,0.1068928619209005
120,120.0,120.01752251271817,0.08816853937256407,0.10148947041579126,0.07948648711785433,0.1060859888618943,0.06755182033548932,0.14112050210818794,0.09071807414404598,0.07307351277566543,0.14689424541108326,0.10541135945742389
121,121.0,121.01720842354362,0.08722569587528582,0.10122602892386277,0.08033994350965065,0.10534632760033448,0.06859603681652421,0.13985798677242028,0.09161014760505731,0.07405454199842033,0.14654042907435935,0.10520286182408453
122,122.0,122.01675365905109,0.08747489379443656,0.10008603029213119,0.08222574185877465,0.10234929672383172,0.06938899436094448,0.13992727246076603,0.09120367041523958,0.07551287253114018,0.14673917618006366,0.10509205138267169
123,123.0,123.0161768344173,0.08710339659422019,0.1020291624511542,0.08287471086486546,0.1025493947947887,0.06821244112967141,0.1406495095995184,0.09053609129348242,0.07456627698038419,0.1468009996796208,0.10467801661229403
124,124.0,124.01549592390272,0.08816550946605486,0.10239296683897252,0.08137007454757704,0.10130652035963636,0.06752547549091828,0.14129881823446336,0.08994675604756215,0.07376735234527043,0.14878168176856998,0.10544484490097485
125,125.0,125.01472814520056,0.08922813378804301,0.10124338242843504,0.07968756845786253,0.10117806116233886,0.06664022423186011,0.1415941601101815,0.0931999604579534,0.07420943240263712,0.14803256419208383,0.10498651276860445
126,126.0,126.01388986291661,0.08860747040018961,0.10197976146560933,0.08013556677074957,0.10117549567489037,0.06697480444252012,0.14069883683032625,0.09302359116454398,0.07577562454248446,0.1452032975141497,0.10642555119453645
127,127.0,127.0129965102319,0.09038710285079213,0.10060287021160486,0.07973335879762375,0.09948690472082346,0.06822730248309417,0.1379568684485439,0.09267237374817118,0.07754778650563808,0.14625309958694474,0.10713233264676353
128,128.0,128.01206252771334,0.09097424857004777,0.0993418695167591,0.08163806333619425,0.09946238312340408,0.0678656760022056,0.1368575959375462,0.09315314131591208,0.07698601477804422,0.146160960192387,0.10756004722749946
129,129.0,129.0111013181695,0.08925580758014912,0.09851814139177395,0.08070947033601336,0.09913253147763583,0.06752351621138626,0.13789859490457435,0.09435373216895832,0.07902721996494558,0.14571259932072805,0.10786838664383498
130,130.0,130.01012521639834,0.09263747468785788,0.09982110498756112,0.08061790405680976,0.09845968844913335,0.06648184095646412,0.13503514818038814,0.09452227277884317,0.07959833181471587,0.14525456088699684,0.10757167320122958
131,131.0,131.0091454726403,0.09174260447419526,0.098279791482364,0.08057609985377155,0.09695959557790694,0.0659832906425711,0.13494112894203225,0.09565518644050622,0.07949653428614183,0.14724240697878616,0.10912336132172454
132,132.0,132.0081722485317,0.0914844869551924,0.09817418093579604,0.08025450196823194,0.0956209940628924,0.06486707504702449,0.13599994964074916,0.09700720260448961,0.07827148328121891,0.1483500271559227,0.10997009834848222
133,133.0,133.00721462434865,0.09143954556192466,0.0981319244781671,0.08232111101557685,0.09267456702260576,0.06367622166191467,0.13613657042363894,0.09584374907730349,0.08017141008411276,0.14919563338238628,0.11040926729236937
134,134.0,134.0062806163404,0.09135775082882372,0.09563469285691428,0.08311010920213954,0.09111017294800745,0.06274222391819145,0.1377435295691294,0.09558407623401555,0.08012042937863105,0.15035779170294494,0.1122392233612025
135,135.0,135.00537720296956,0.09043483254201747,0.09454784418975462,0.08368356023749107,0.08937295807698015,0.06238376762243667,0.13808945948296686,0.09677481354721812,0.08082520965142535,0.15156777107841254,0.112319783571297
136,136.0,136.00451035890612,0.08986419112234015,0.09216419105619024,0.08409740584015324,0.08931151818852999,0.06192814820403667,0.13934062429893868,0.09524244313573266,0.08231257818867506,0.15067603883943168,0.11506286112597151
137,137.0,137.00368509565993,0.08838879340216166,0.09284620319863526,0.08465533130897519,0.08921430473475317,0.06108634330530487,0.1399905423728506,0.09320826053377576,0.08362519518168499,0.15153200358785965,0.11545302237399876
138,138.0,138.0029055077818,0.08889104824115755,0.0933281980498699,0.0864468716002503,0.0885073518746806,0.06012953232535498,0.14092496643342292,0.09210869585940452,0.08247182544013165,0.15237345674098554,0.11481805343474197
139,139.0,139.00217482361367,0.0906378798523193,0.0946308691265966,0.08556472874710458,0.0874748221399006,0.05866764726959671,0.14231839488878584,0.09458315753211828,0.08026720071326454,0.15132514342165898,0.11453015630865448
140,140.0,140.0014954596262,0.09019495728235655,0.09439597306371196,0.0866894375499069,0.08906268940545459,0.059464539667568914,0.14140998174382116,0.09557397095951985,0.07847807744370522,0.15029262093234758,0.11443775195160721
141,141.0,141.00086907744122,0.09357527585226966,0.09299870457985798,0.08790723119921139,0.0883038126863041,0.05805650561283121,0.14394673993378598,0.09477306832346762,0.07716251259459127,0.1502629730995313,0.11301317611814939
142,142.0,142.0002966427003,0.09609304565490431,0.09273367675907405,0.08594517556475872,0.08768917991753253,0.05946338516829908,0.1432031433947749,0.09441204218804884,0.0752178275287639,0.15241743138860334,0.1128250924352402
143,143.0,142.99977848500652,0.09597752350778192,0.09305697340866431,0.086897724599346,0.08741266483591713,0.05831429759879936,0.14174266054942616,0.09367105927579711,0.07551163911625396,0.15275444299834273,0.11466101410967122
144,144.0,143.99931435823203,0.09748539143341503,0.09613840352553141,0.08658052089288677,0.08750886772819143,0.05844182821081531,0.14052370571340694,0.09300618219005347,0.07467518767603239,0.1519027021563429,0.11373721047332423
145,145.0,144.99890350055264,0.0969937596506909,0.09730676242808264,0.08510689857118317,0.08958471532637086,0.05787183477233095,0.14058480666789974,0.09333793256276463,0.0747578369353407,0.1514601993001438,0.1129952537851925
146,146.0,145.9985446936357,0.09636238190859242,0.09654869169205572,0.0842301441861485,0.0919386903592874,0.059459953105574316,0.13973114571953185,0.09386296235598383,0.07468448182496926,0.14969323074080979,0.11348831810704677
147,147.0,146.99823632047406,0.0938870457875074,0.09729052341642605,0.08199444781224421,0.09290661413171794,0.060169611290256136,0.1383914892809458,0.09488385204982182,0.07601859354502638,0.15032874656362818,0.11412907612242593
148,148.0,147.99797642142389,0.09597416764679892,0.09886216019783733,0.08311805122296934,0.09144451986827828,0.059598620553114295,0.13782995385756164,0.09495400674767424,0.07623896564019692,0.14799298807009476,0.11398656619547419
149,149.0,148.99776274806447,0.09606776783220365,0.09817756293372634,0.0853209302750518,0.08976295102550678,0.058804387213408804,0.13853262127099983,0.09479128422007019,0.07521058902491849,0.151202848823267,0.11212905738084701
150,150.0,149.99759281456036,0.09517520400638421,0.09865848768102901,0.08461042950891196,0.08948012820372972,0.060282059666495115,0.13907306701318325,0.09427093993670231,0.07569975377604808,0.15057426021184067,0.11217566999567555
151,151.0,150.99746394626104,0.09467693705232695,0.10048698063618415,0.08198645795872352,0.09091934988143693,0.06165243644275431,0.13916800938744478,0.09359482901196883,0.07716617875922484,0.14828368565754657,0.112065135212389
152,152.0,151.99737332532905,0.09546529857362307,0.09894834755040074,0.08311639956355382,0.09072561901225538,0.06270440187377598,0.1405058505377141,0.0945742776448772,0.07612518026135175,0.14655223604366707,0.11128238893878077
153,153.0,152.99731803323698,0.09681610174740508,0.09662667180139425,0.08228887160004862,0.09222668444862625,0.06172686276347033,0.1399708235741388,0.09474240841694524,0.07725212445864513,0.14618416433610118,0.11216528685322501
154,154.0,153.99729509002177,0.09696624798901379,0.09626295835207921,0.08190101865159255,0.09157108431322619,0.062069504321400855,0.14239461643926882,0.09675659236783436,0.0763869585425035,0.14660426416945652,0.10908675485362415
155,155.0,154.99730149022784,0.09526636875856664,0.09789650333951175,0.08243875069926289,0.08974959931126145,0.060873349895747816,0.14413788881500827,0.0953672188614352,0.0772743410150651,0.1473815068203048,0.10961447248383606
156,156.0,155.99733423551103,0.09407934986879629,0.10042125040683997,0.08051205201517306,0.0888716030937115,0.061593368276527075,0.1438999400705459,0.09624007780726801,0.07739797491213787,0.14749497045398477,0.1094894130950155
157,157.0,156.99739036391077,0.0924393793335705,0.10081319410848756,0.07773637855786711,0.08776660128125381,0.06106621060590453,0.1452908756001983,0.0979020953268809,0.07623143113979267,0.1468241535942252,0.11392968045181939
158,158.0,157.99746697583146,0.0923961402740095,0.1010863192428024,0.0782838231638126,0.08811197405042802,0.06159899227680919,0.1427992304238466,0.10046714117116173,0.07472578257131006,0.14725319567013034,0.11327740115568956
159,159.0,158.99756125680176,0.09369360364234393,0.10002741395986457,0.07986550258118538,0.08952693043986931,0.05990625652232648,0.14158077033108818,0.10031719992656019,0.07384173734054807,0.14788247192940102,0.11335811332681285
160,160.0,159.997670497107,0.0934427817561129,0.09881908806769409,0.07944159741991269,0.09063883361893829,0.06281750802804653,0.1411356760151046,0.10028958229805326,0.07208990954177062,0.1466680476251356,0.1146569756292314
161,161.0,160.99779210841066,0.09427643784954672,0.10006593757937632,0.07848924829058294,0.09189134351166565,0.06279598906310835,0.14245341408935835,0.09953237492453408,0.07049123657193967,0.14609156788917893,0.11391245023070895
162,162.0,161.99792363749984,0.09331752057491953,0.10075453425103238,0.07609588796006514,0.09069962794656042,0.06395872169167352,0.14388055554200105,0.09986775228308895,0.06967956081592273,0.14809141495174472,0.11365442398299153
163,163.0,162.9980627773051,0.09492535551658178,0.10151080457516357,0.0759641735561726,0.08861847866718375,0.06466874998975267,0.14486850439184323,0.10031418182852667,0.06923673035272901,0.14754135877061855,0.11235166235142816
164,164.0,163.9982073753568,0.09514129439914965,0.10152787233291426,0.07493998333785695,0.0929646754358401,0.06289983810275981,0.14427859708312935,0.09964932024961673,0.0668159056115302,0.1478898656078819,0.11389264783932107
165,165.0,164.99835543984977,0.09591729363480334,0.10041017625131589,0.07654057885905363,0.09470181392754182,0.06300434846530731,0.14419966283110786,0.09841813457426457,0.06602801669021705,0.14739495301682362,0.11338502174956491
166,166.0,165.99850514349492,0.09468092601357808,0.09879614218390534,0.07740681154062755,0.09499131288574278,0.06601294255839839,0.14461956511035423,0.09663009547233378,0.06671410551457505,0.14709832966867478,0.11304976905181001
167,167.0,166.99865482534062,0.09587738467282439,0.09739856855050717,0.07700187760881082,0.09492364320089754,0.06672839149365148,0.14511271342995344,0.09640649435431009,0.06463822008163903,0.1489703275812929,0.11294237902611315
168,168.0,167.99880299074837,0.09767741587915865,0.09807369228484202,0.07787676729792711,0.09430474099075889,0.06887208808636945,0.1435682082269278,0.09447486672878423,0.06305194795876536,0.14922172577406798,0.11287854677239852
169,169.0,168.99894830970783,0.09739232802333392,0.0978557510470427,0.08038256094989785,0.09579423508396036,0.06799135480355875,0.14197479575070504,0.09354277409372191,0.06267842229409754,0.15047413449255578,0.11191364346112619
170,170.0,169.99908961367427,0.09754678195024395,0.09909821006738614,0.07904123526668988,0.09507351198927269,0.0686286484277674,0.14079442035010917,0.09535253123447004,0.06277144830951863,0.15000342952236453,0.11168978288217753
171,171.0,170.99922589110733,0.0967207877436763,0.09836477984951911,0.0806540066875512,0.09561578677561938,0.06812619414103369,0.14137451113508614,0.09505914712293535,0.06379361452579073,0.1500099963718848,0.11028117564690326
172,172.0,171.99935628188598,0.09571823107873456,0.09868479537132013,0.08071825185924372,0.09488305521140344,0.07103118088347471,0.1424076785407468,0.09446743989421218,0.06466470208588185,0.14805160429082434,0.10937306078415819
173,173.0,172.99948007076793,0.09229040570067414,0.09745790121639333,0.07971916747019116,0.096594164112285,0.07380439988653928,0.14454150660020776,0.09392888660408773,0.06430760143531786,0.15011511590092544,0.1072408510733782
174,174.0,173.99959668005403,0.09081392213481992,0.09649485413967723,0.08086091019958072,0.09534725798536332,0.074038376284308,0.14416609628722027,0.09439946201362465,0.06497928846446255,0.15253837804843196,0.1063614544425113
175,175.0,174.99970566161096,0.0896461402442592,0.09490710266086749,0.08045677272915862,0.09862990098226067,0.07470601991373975,0.1448927222860887,0.09225391221349653,0.06451523230581373,0.15405857187575492,0.10593362478856026
