,Unnamed: 0,Total_iterations,Intertwine_two,Add_vertex,Delete_vertex,Invert_path_vertices,Insert_inside_vertex,Delete_inside_vertex,Replace_inside_vertex,Donate_between_routes
0,0.0,0.0,0.125,0.125,0.125,0.125,0.125,0.125,0.125,0.125
1,1.0,1.0,0.125,0.125,0.125,0.125,0.125,0.125,0.125,0.125
2,2.0,2.0,0.125,0.125,0.125,0.125,0.125,0.125,0.125,0.125
3,3.0,3.0,0.125,0.125,0.125,0.125,0.125,0.125,0.125,0.125
4,4.0,4.0,0.125,0.125,0.125,0.125,0.125,0.125,0.125,0.125
5,5.0,5.0,0.125,0.125,0.125,0.125,0.125,0.125,0.125,0.125
6,6.0,6.0,0.125,0.125,0.125,0.125,0.125,0.125,0.125,0.125
7,7.0,7.0,0.125,0.125,0.125,0.125,0.125,0.125,0.125,0.125
8,8.0,8.0,0.125,0.125,0.125,0.125,0.125,0.125,0.125,0.125
9,9.0,9.0,0.125,0.125,0.125,0.125,0.125,0.125,0.125,0.125
10,10.0,10.0,0.125,0.125,0.125,0.125,0.125,0.125,0.125,0.125
11,11.0,11.0,0.125,0.125,0.125,0.125,0.125,0.125,0.125,0.125
12,12.0,12.0,0.125,0.125,0.125,0.125,0.125,0.125,0.125,0.125
13,13.0,13.0,0.125,0.125,0.125,0.125,0.125,0.125,0.125,0.125
14,14.0,14.0,0.125,0.125,0.125,0.125,0.125,0.125,0.125,0.125
15,15.0,15.0,0.125,0.125,0.125,0.125,0.125,0.125,0.125,0.125
16,16.0,16.0,0.125,0.125,0.125,0.125,0.125,0.125,0.125,0.125
17,17.0,17.0,0.125,0.125,0.125,0.125,0.125,0.125,0.125,0.125
18,18.0,18.0,0.125,0.125,0.125,0.125,0.125,0.125,0.125,0.125
19,19.0,19.0,0.125,0.125,0.125,0.125,0.125,0.125,0.125,0.125
20,20.0,20.0,0.125,0.125,0.125,0.125,0.125,0.125,0.125,0.125
21,21.0,21.0,0.125,0.125,0.125,0.125,0.125,0.125,0.125,0.125
22,22.0,22.0,0.125,0.125,0.125,0.125,0.125,0.125,0.125,0.125
23,23.0,23.0,0.125,0.125,0.125,0.125,0.125,0.125,0.125,0.125
24,24.0,24.0,0.125,0.125,0.125,0.125,0.125,0.125,0.125,0.125
25,25.0,25.0,0.125,0.125,0.125,0.125,0.125,0.125,0.125,0.125
26,26.0,26.0,0.125,0.125,0.125,0.125,0.125,0.125,0.125,0.125
27,27.0,27.0,0.125,0.125,0.125,0.125,0.125,0.125,0.125,0.125
28,28.0,28.0,0.125,0.125,0.125,0.125,0.125,0.125,0.125,0.125
29,29.0,29.0,0.125,0.125,0.125,0.125,0.125,0.125,0.125,0.125
30,30.0,30.0,0.125,0.125,0.125,0.125,0.125,0.125,0.125,0.125
31,31.0,31.0,0.125,0.125,0.125,0.125,0.125,0.125,0.125,0.125
32,32.0,32.0,0.125,0.125,0.125,0.125,0.125,0.125,0.125,0.125
33,33.0,33.0,0.125,0.125,0.125,0.125,0.125,0.125,0.125,0.125
34,34.0,34.0,0.125,0.125,0.125,0.125,0.125,0.125,0.125,0.125
35,35.0,35.0,0.125,0.125,0.125,0.125,0.125,0.125,0.125,0.125
36,36.0,36.0,0.125,0.125,0.125,0.125,0.125,0.125,0.125,0.125
37,37.0,37.0,0.125,0.125,0.125,0.125,0.125,0.125,0.125,0.125
38,38.0,38.0,0.125,0.125,0.125,0.125,0.125,0.125,0.125,0.125
39,39.0,39.0,0.125,0.125,0.125,0.125,0.125,0.125,0.125,0.125
40,40.0,40.0,0.125,0.125,0.125,0.125,0.125,0.125,0.125,0.125
41,41.0,41.0,0.125,0.125,0.125,0.125,0.125,0.125,0.125,0.125
42,42.0,42.0,0.125,0.125,0.125,0.125,0.125,0.125,0.125,0.125
43,43.0,43.0,0.125,0.125,0.125,0.125,0.125,0.125,0.125,0.125
44,44.0,44.0,0.125,0.125,0.125,0.125,0.125,0.125,0.125,0.125
45,45.0,45.0,0.125,0.125,0.125,0.125,0.125,0.125,0.125,0.125
46,46.0,46.0,0.125,0.125,0.125,0.125,0.125,0.125,0.125,0.125
47,47.0,47.0,0.125,0.125,0.125,0.125,0.125,0.125,0.125,0.125
48,48.0,48.0,0.125,0.125,0.125,0.125,0.125,0.125,0.125,0.125
49,49.0,49.0,0.125,0.125,0.125,0.125,0.125,0.125,0.125,0.125
50,50.0,50.0,0.125,0.125,0.125,0.125,0.125,0.125,0.125,0.125
51,51.0,51.0,0.125,0.125,0.125,0.125,0.125,0.125,0.125,0.125
52,52.0,52.0,0.125,0.125,0.125,0.125,0.125,0.125,0.125,0.125
53,53.0,53.0,0.125,0.125,0.125,0.125,0.125,0.125,0.125,0.125
54,54.0,54.0,0.125,0.125,0.125,0.125,0.125,0.125,0.125,0.125
55,55.0,55.0,0.125,0.125,0.125,0.125,0.125,0.125,0.125,0.125
56,56.0,56.0,0.125,0.125,0.125,0.125,0.125,0.125,0.125,0.125
57,57.0,57.0,0.125,0.125,0.125,0.125,0.125,0.125,0.125,0.125
58,58.0,58.0,0.125,0.125,0.125,0.125,0.125,0.125,0.125,0.125
59,59.0,59.0,0.125,0.125,0.125,0.125,0.125,0.125,0.125,0.125
60,60.0,60.0,0.125,0.125,0.125,0.125,0.125,0.125,0.125,0.125
61,61.0,61.0,0.125,0.125,0.125,0.125,0.125,0.125,0.125,0.125
62,62.0,62.0,0.125,0.125,0.125,0.125,0.125,0.125,0.125,0.125
63,63.0,63.0,0.125,0.125,0.125,0.125,0.125,0.125,0.125,0.125
64,64.0,64.0,0.125,0.125,0.125,0.125,0.125,0.125,0.125,0.125
65,65.0,65.0,0.125,0.125,0.125,0.125,0.125,0.125,0.125,0.125
66,66.0,66.0,0.125,0.125,0.125,0.125,0.125,0.125,0.125,0.125
67,67.0,67.0,0.125,0.125,0.125,0.125,0.125,0.125,0.125,0.125
68,68.0,68.0,0.125,0.125,0.125,0.125,0.125,0.125,0.125,0.125
69,69.0,69.0,0.125,0.125,0.125,0.125,0.125,0.125,0.125,0.125
70,70.0,70.0,0.125,0.125,0.125,0.125,0.125,0.125,0.125,0.125
71,71.0,71.0,0.125,0.125,0.125,0.125,0.125,0.125,0.125,0.125
72,72.0,72.0,0.125,0.125,0.125,0.125,0.125,0.125,0.125,0.125
73,73.0,73.0,0.125,0.125,0.125,0.125,0.125,0.125,0.125,0.125
74,74.0,74.0,0.125,0.125,0.125,0.125,0.125,0.125,0.125,0.125
75,75.0,75.0,0.125,0.125,0.125,0.125,0.125,0.125,0.125,0.125
76,76.0,76.0,0.125,0.125,0.125,0.125,0.125,0.125,0.125,0.125
77,77.0,77.0,0.125,0.125,0.125,0.125,0.125,0.125,0.125,0.125
78,78.0,78.0,0.125,0.125,0.125,0.125,0.125,0.125,0.125,0.125
79,79.0,79.0,0.125,0.125,0.125,0.125,0.125,0.125,0.125,0.125
80,80.0,80.0,0.125,0.125,0.125,0.125,0.125,0.125,0.125,0.125
81,81.0,81.0,0.125,0.125,0.125,0.125,0.125,0.125,0.125,0.125
82,82.0,82.0,0.125,0.125,0.125,0.125,0.125,0.125,0.125,0.125
83,83.0,83.0,0.125,0.125,0.125,0.125,0.125,0.125,0.125,0.125
84,84.0,84.0,0.125,0.125,0.125,0.125,0.125,0.125,0.125,0.125
85,85.0,85.0,0.125,0.125,0.125,0.125,0.125,0.125,0.125,0.125
86,86.0,86.0,0.125,0.125,0.125,0.125,0.125,0.125,0.125,0.125
87,87.0,87.0,0.125,0.125,0.125,0.125,0.125,0.125,0.125,0.125
88,88.0,88.0,0.125,0.125,0.125,0.125,0.125,0.125,0.125,0.125
89,89.0,89.0,0.125,0.125,0.125,0.125,0.125,0.125,0.125,0.125
90,90.0,90.0,0.125,0.125,0.125,0.125,0.125,0.125,0.125,0.125
91,91.0,91.0,0.125,0.125,0.125,0.125,0.125,0.125,0.125,0.125
92,92.0,92.0,0.125,0.125,0.125,0.125,0.125,0.125,0.125,0.125
93,93.0,93.0,0.125,0.125,0.125,0.125,0.125,0.125,0.125,0.125
94,94.0,94.0,0.125,0.125,0.125,0.125,0.125,0.125,0.125,0.125
95,95.0,95.0,0.125,0.125,0.125,0.125,0.125,0.125,0.125,0.125
96,96.0,96.0,0.125,0.125,0.125,0.125,0.125,0.125,0.125,0.125
97,97.0,97.0,0.125,0.125,0.125,0.125,0.125,0.125,0.125,0.125
98,98.0,98.0,0.125,0.125,0.125,0.125,0.125,0.125,0.125,0.125
99,99.0,99.0,0.125,0.125,0.125,0.125,0.125,0.125,0.125,0.125
100,100.0,100.0,0.125,0.125,0.125,0.125,0.125,0.125,0.125,0.125
101,101.0,101.0,0.125,0.125,0.125,0.125,0.125,0.125,0.125,0.125
102,102.0,102.0,0.125,0.125,0.125,0.125,0.125,0.125,0.125,0.125
103,103.0,103.0,0.125,0.125,0.125,0.125,0.125,0.125,0.125,0.125
104,104.0,104.0,0.125,0.125,0.125,0.125,0.125,0.125,0.125,0.125
105,105.0,105.0,0.125,0.125,0.125,0.125,0.125,0.125,0.125,0.125
106,106.0,106.0,0.125,0.125,0.125,0.125,0.125,0.125,0.125,0.125
107,107.0,107.0,0.125,0.125,0.125,0.125,0.125,0.125,0.125,0.125
108,108.0,108.0,0.125,0.125,0.125,0.125,0.125,0.125,0.125,0.125
109,109.0,109.0,0.125,0.125,0.125,0.125,0.125,0.125,0.125,0.125
110,110.0,110.0,0.125,0.125,0.125,0.125,0.125,0.125,0.125,0.125
111,111.0,111.0,0.125,0.125,0.125,0.125,0.125,0.125,0.125,0.125
112,112.0,112.0,0.125,0.125,0.125,0.125,0.125,0.125,0.125,0.125
113,113.0,113.0,0.125,0.125,0.125,0.125,0.125,0.125,0.125,0.125
114,114.0,114.0,0.125,0.125,0.125,0.125,0.125,0.125,0.125,0.125
115,115.0,115.0,0.125,0.125,0.125,0.125,0.125,0.125,0.125,0.125
116,116.0,116.0,0.125,0.125,0.125,0.125,0.125,0.125,0.125,0.125
117,117.0,117.0,0.125,0.125,0.125,0.125,0.125,0.125,0.125,0.125
118,118.0,118.0,0.125,0.125,0.125,0.125,0.125,0.125,0.125,0.125
119,119.0,119.0,0.125,0.125,0.125,0.125,0.125,0.125,0.125,0.125
120,120.0,120.0,0.125,0.125,0.125,0.125,0.125,0.125,0.125,0.125
121,121.0,121.0,0.125,0.125,0.125,0.125,0.125,0.125,0.125,0.125
122,122.0,122.0,0.125,0.125,0.125,0.125,0.125,0.125,0.125,0.125
123,123.0,123.0,0.125,0.125,0.125,0.125,0.125,0.125,0.125,0.125
124,124.0,124.0,0.125,0.125,0.125,0.125,0.125,0.125,0.125,0.125
125,125.0,125.0,0.125,0.125,0.125,0.125,0.125,0.125,0.125,0.125
126,126.0,126.0,0.125,0.125,0.125,0.125,0.125,0.125,0.125,0.125
127,127.0,127.0,0.125,0.125,0.125,0.125,0.125,0.125,0.125,0.125
128,128.0,128.0,0.125,0.125,0.125,0.125,0.125,0.125,0.125,0.125
129,129.0,129.0,0.125,0.125,0.125,0.125,0.125,0.125,0.125,0.125
130,130.0,130.0,0.125,0.125,0.125,0.125,0.125,0.125,0.125,0.125
131,131.0,131.0,0.125,0.125,0.125,0.125,0.125,0.125,0.125,0.125
132,132.0,132.0,0.125,0.125,0.125,0.125,0.125,0.125,0.125,0.125
133,133.0,133.0,0.125,0.125,0.125,0.125,0.125,0.125,0.125,0.125
134,134.0,134.0,0.125,0.125,0.125,0.125,0.125,0.125,0.125,0.125
135,135.0,135.0,0.125,0.125,0.125,0.125,0.125,0.125,0.125,0.125
136,136.0,136.0,0.125,0.125,0.125,0.125,0.125,0.125,0.125,0.125
137,137.0,137.0,0.125,0.125,0.125,0.125,0.125,0.125,0.125,0.125
138,138.0,138.0,0.125,0.125,0.125,0.125,0.125,0.125,0.125,0.125
139,139.0,139.0,0.125,0.125,0.125,0.125,0.125,0.125,0.125,0.125
140,140.0,140.0,0.125,0.125,0.125,0.125,0.125,0.125,0.125,0.125
141,141.0,141.0,0.125,0.125,0.125,0.125,0.125,0.125,0.125,0.125
142,142.0,142.0,0.125,0.125,0.125,0.125,0.125,0.125,0.125,0.125
143,143.0,143.0,0.125,0.125,0.125,0.125,0.125,0.125,0.125,0.125
144,144.0,144.0,0.125,0.125,0.125,0.125,0.125,0.125,0.125,0.125
145,145.0,145.0,0.125,0.125,0.125,0.125,0.125,0.125,0.125,0.125
146,146.0,146.0,0.125,0.125,0.125,0.125,0.125,0.125,0.125,0.125
147,147.0,147.0,0.125,0.125,0.125,0.125,0.125,0.125,0.125,0.125
148,148.0,148.0,0.125,0.125,0.125,0.125,0.125,0.125,0.125,0.125
149,149.0,149.0,0.125,0.125,0.125,0.125,0.125,0.125,0.125,0.125
150,150.0,150.0,0.125,0.125,0.125,0.125,0.125,0.125,0.125,0.125
151,151.0,151.0,0.125,0.125,0.125,0.125,0.125,0.125,0.125,0.125
152,152.0,152.0,0.125,0.125,0.125,0.125,0.125,0.125,0.125,0.125
153,153.0,153.0,0.125,0.125,0.125,0.125,0.125,0.125,0.125,0.125
154,154.0,154.0,0.125,0.125,0.125,0.125,0.125,0.125,0.125,0.125
155,155.0,155.0,0.125,0.125,0.125,0.125,0.125,0.125,0.125,0.125
156,156.0,156.0,0.125,0.125,0.125,0.125,0.125,0.125,0.125,0.125
157,157.0,157.0,0.125,0.125,0.125,0.125,0.125,0.125,0.125,0.125
158,158.0,158.0,0.125,0.125,0.125,0.125,0.125,0.125,0.125,0.125
159,159.0,159.0,0.125,0.125,0.125,0.125,0.125,0.125,0.125,0.125
160,160.0,160.0,0.125,0.125,0.125,0.125,0.125,0.125,0.125,0.125
161,161.0,161.0,0.125,0.125,0.125,0.125,0.125,0.125,0.125,0.125
162,162.0,162.0,0.125,0.125,0.125,0.125,0.125,0.125,0.125,0.125
163,163.0,163.0,0.125,0.125,0.125,0.125,0.125,0.125,0.125,0.125
164,164.0,164.0,0.125,0.125,0.125,0.125,0.125,0.125,0.125,0.125
165,165.0,165.0,0.125,0.125,0.125,0.125,0.125,0.125,0.125,0.125
166,166.0,166.0,0.125,0.125,0.125,0.125,0.125,0.125,0.125,0.125
167,167.0,167.0,0.125,0.125,0.125,0.125,0.125,0.125,0.125,0.125
168,168.0,168.0,0.125,0.125,0.125,0.125,0.125,0.125,0.125,0.125
169,169.0,169.0,0.125,0.125,0.125,0.125,0.125,0.125,0.125,0.125
170,170.0,170.0,0.125,0.125,0.125,0.125,0.125,0.125,0.125,0.125
171,171.0,171.0,0.125,0.125,0.125,0.125,0.125,0.125,0.125,0.125
172,172.0,172.0,0.125,0.125,0.125,0.125,0.125,0.125,0.125,0.125
173,173.0,173.0,0.125,0.125,0.125,0.125,0.125,0.125,0.125,0.125
174,174.0,174.0,0.125,0.125,0.125,0.125,0.125,0.125,0.125,0.125
175,175.0,175.0,0.125,0.125,0.125,0.125,0.125,0.125,0.125,0.125
176,176.0,176.0,0.125,0.125,0.125,0.125,0.125,0.125,0.125,0.125
177,177.0,177.0,0.125,0.125,0.125,0.125,0.125,0.125,0.125,0.125
178,178.0,178.0,0.125,0.125,0.125,0.125,0.125,0.125,0.125,0.125
179,179.0,179.0,0.125,0.125,0.125,0.125,0.125,0.125,0.125,0.125
180,180.0,180.0,0.125,0.125,0.125,0.125,0.125,0.125,0.125,0.125
181,181.0,181.0,0.125,0.125,0.125,0.125,0.125,0.125,0.125,0.125
182,182.0,182.0,0.125,0.125,0.125,0.125,0.125,0.125,0.125,0.125
183,183.0,183.0,0.125,0.125,0.125,0.125,0.125,0.125,0.125,0.125
184,184.0,184.0,0.125,0.125,0.125,0.125,0.125,0.125,0.125,0.125
185,185.0,185.0,0.125,0.125,0.125,0.125,0.125,0.125,0.125,0.125
186,186.0,186.0,0.125,0.125,0.125,0.125,0.125,0.125,0.125,0.125
187,187.0,187.0,0.125,0.125,0.125,0.125,0.125,0.125,0.125,0.125
188,188.0,188.0,0.125,0.125,0.125,0.125,0.125,0.125,0.125,0.125
189,189.0,189.0,0.125,0.125,0.125,0.125,0.125,0.125,0.125,0.125
190,190.0,190.0,0.125,0.125,0.125,0.125,0.125,0.125,0.125,0.125
191,191.0,191.0,0.125,0.125,0.125,0.125,0.125,0.125,0.125,0.125
192,192.0,192.0,0.125,0.125,0.125,0.125,0.125,0.125,0.125,0.125
193,193.0,193.0,0.125,0.125,0.125,0.125,0.125,0.125,0.125,0.125
194,194.0,194.0,0.125,0.125,0.125,0.125,0.125,0.125,0.125,0.125
195,195.0,195.0,0.125,0.125,0.125,0.125,0.125,0.125,0.125,0.125
196,196.0,196.0,0.125,0.125,0.125,0.125,0.125,0.125,0.125,0.125
197,197.0,197.0,0.125,0.125,0.125,0.125,0.125,0.125,0.125,0.125
198,198.0,198.0,0.125,0.125,0.125,0.125,0.125,0.125,0.125,0.125
199,199.0,199.0,0.125,0.125,0.125,0.125,0.125,0.125,0.125,0.125
200,200.0,200.0,0.12222222222222223,0.12222222222222223,0.12222222222222223,0.12222222222222223,0.12222222222222223,0.12222222222222223,0.13333333333333333,0.13333333333333336
201,201.0,201.0,0.13042668957617412,0.119315578465063,0.119315578465063,0.119315578465063,0.1304266895761741,0.119315578465063,0.13042668957617412,0.13145761741122566
202,202.0,202.0,0.1269671201814059,0.11696712018140591,0.1369671201814059,0.11696712018140591,0.1269671201814059,0.11798752834467122,0.128078231292517,0.12909863945578232
203,203.0,203.0,0.12376004947433521,0.1146691403834261,0.14285095856524427,0.1146691403834261,0.1246691403834261,0.12680065965780252,0.12578025149453723,0.12680065965780254
204,204.0,204.0,0.12264893836322407,0.113558029272315,0.14173984745413315,0.113558029272315,0.12355802927231499,0.12457843743558031,0.1246691403834261,0.1356895485466914
205,205.0,205.0,0.12173984745413317,0.11264893836322407,0.14083075654504223,0.11264893836322407,0.12264893836322406,0.12276025561739848,0.13285095856524426,0.13387136672850958
206,206.0,206.0,0.12098227169655743,0.11189136260564832,0.1400731807874665,0.11189136260564832,0.1218913626056483,0.12124510410224695,0.1396691403834261,0.13235621521335808
207,207.0,207.0,0.11946712018140589,0.11113378684807254,0.14613378684807254,0.11113378684807254,0.12113378684807255,0.1204875283446712,0.13891156462585036,0.1315986394557823
208,208.0,208.0,0.11754404325832897,0.10985173556602126,0.15831327402755974,0.10985173556602126,0.11985173556602127,0.11856445142159429,0.13634746206174778,0.12967556253270537
209,209.0,209.0,0.11644514215942788,0.10930228501657072,0.16270887842316412,0.10930228501657072,0.11930228501657072,0.11801500087214374,0.13579801151229723,0.12912611198325483
210,210.0,210.0,0.11494999090743771,0.1093471540280051,0.16703946172031275,0.11041098381523913,0.11934715402800508,0.11703946172031279,0.1337152209492635,0.1281505728314239
211,211.0,211.0,0.11411665757410439,0.10893048736133841,0.1703727950536461,0.10999431714857244,0.11893048736133842,0.12431510274595381,0.12560624659028913,0.12773390616475724
212,212.0,212.0,0.11283191290700678,0.10801338975306436,0.17221507042533324,0.10907721954029839,0.11801338975306434,0.12944196118163578,0.12413969843256452,0.1262673580070326
213,213.0,213.0,0.11328942924687606,0.10879770347855452,0.1659405606214117,0.10986153326578858,0.11990881458966562,0.13022627490712596,0.12492401215805471,0.1270516717325228
214,214.0,214.0,0.11270463392523862,0.10850530581773583,0.1682797419079614,0.10956913560496988,0.11961641692884695,0.12993387724630726,0.12463161449723599,0.12675927407170406
215,215.0,215.0,0.11106720702465381,0.10713103681188789,0.16927389395474501,0.10819486659912192,0.1271310368118879,0.1285596082404593,0.12325734549138805,0.12538500506585612
216,216.0,216.0,0.10968192563937244,0.1057457554266065,0.17650333118418224,0.10680958521384051,0.12392757360842466,0.13241242209327314,0.12139587362991618,0.12352353320438425
217,217.0,217.0,0.10850768321513,0.10457151300236407,0.1741548463356974,0.12021867612293143,0.12123817966903075,0.12957151300236408,0.11980496453900709,0.12193262411347516
218,218.0,218.0,0.10749901051528084,0.1035628403025149,0.17213750093599905,0.11820133072323309,0.126639763379438,0.13297460500839725,0.1184286447803344,0.12055630435480247
219,219.0,219.0,0.1061465721040189,0.12070246538331642,0.17228976697061804,0.11621073961499492,0.12943262411347517,0.13022627490712596,0.11698750422154677,0.10800405268490373
220,220.0,220.0,0.10585417444320018,0.12041006772249774,0.1717049716489806,0.11562594429335749,0.12884782879183776,0.13373504683695053,0.11640270889990934,0.10741925736326632
221,221.0,221.0,0.10404700500445178,0.11770823738908845,0.17679914647999753,0.11377206717632249,0.12699395167480274,0.13056538024623127,0.11454883178287431,0.11556538024623131
222,222.0,222.0,0.10380890976635655,0.1174701421509932,0.18084676552761658,0.11329587670013201,0.12651776119861224,0.12889871357956462,0.11407264130668385,0.11508918977004082
223,223.0,223.0,0.10380890976635655,0.1174701421509932,0.18084676552761658,0.11329587670013201,0.12651776119861224,0.12889871357956462,0.11407264130668385,0.11508918977004082
224,224.0,224.0,0.10250456194026962,0.11545433187431335,0.18151870228650985,0.11218915733254309,0.12541104183102333,0.12779199421197568,0.11296592193909491,0.12216428858427009
225,225.0,225.0,0.10214224309968989,0.1152731724540235,0.1829679776488287,0.1120079979122532,0.11808702526787632,0.12761083479168583,0.11992761966166218,0.1219831291639802
226,226.0,226.0,0.10180890976635655,0.11510650578735684,0.18430131098216201,0.11184133124558655,0.11792035860120964,0.12744416812501919,0.11976095299499553,0.12181646249731355
227,227.0,227.0,0.10264840360585041,0.11700893668978773,0.18739355207440314,0.10807276647702177,0.11415179383264488,0.1448660795469306,0.12099238822643077,0.10486607954693059
228,228.0,228.0,0.10212540808285486,0.11662839130924237,0.18758077226162334,0.1076922210964764,0.11377124845209949,0.1475807722616233,0.12037374760779014,0.10424743892828998
229,229.0,229.0,0.10099986695731374,0.11459375927461032,0.19489678957764064,0.10656667997093527,0.11264570732655836,0.14835999304084407,0.1190317562657988,0.10290544758629863
230,230.0,230.0,0.10080223849881573,0.11439613081611229,0.19845410183060505,0.10636905151243728,0.11244807886806037,0.14638370845586385,0.11863649934880276,0.10251019066930259
231,231.0,231.0,0.10062107907852587,0.11421497139582244,0.1975483047291558,0.10618789209214738,0.1122669194477705,0.13964787182872287,0.11827418050822303,0.11123878091963198
232,232.0,232.0,0.09969683665428344,0.11253315321400428,0.19919981988067093,0.10526364966790495,0.1196760103568614,0.1370569627378138,0.11718327141731395,0.10939029607114711
233,233.0,233.0,0.09863741459486138,0.11865728833813938,0.2018990465798976,0.10433650274075804,0.11810783778868883,0.1345913542722053,0.11610227833632085,0.1076682773491284
234,234.0,234.0,0.09824865903369202,0.11839168548632961,0.20188711725762346,0.11121375703180543,0.11069937779402192,0.13290124999589414,0.11569422534206097,0.1109639280585722
235,235.0,235.0,0.09764019342522642,0.11730702940167355,0.20667547704598324,0.10965291047095889,0.10961472170936586,0.13454146163610578,0.11447729412512975,0.11009091218555633
236,236.0,236.0,0.09751704071586682,0.11718387669231393,0.20581340808046603,0.10952975776159928,0.10949156900000626,0.13651190498585947,0.11423098870641055,0.1097214540574775
237,237.0,237.0,0.09781323877068555,0.1188770685579196,0.1988770685579196,0.11827423167848698,0.11054373522458627,0.13887706855791962,0.11452718676122928,0.10221040189125294
238,238.0,238.0,0.09749065812552427,0.11866201479447876,0.19898459543964003,0.11805917791504612,0.11032868146114541,0.14048997178372608,0.114204606116068,0.10178029436437122
239,239.0,239.0,0.09749065812552427,0.11866201479447876,0.19898459543964003,0.11805917791504612,0.11032868146114541,0.14048997178372608,0.114204606116068,0.10178029436437122
240,240.0,240.0,0.09738985167391137,0.11856120834286585,0.1982789502783497,0.11795837146343321,0.1102278750095325,0.1421028750095325,0.1140029932128422,0.10147787500953251
241,241.0,241.0,0.09777134518040487,0.11227603518269269,0.2061875000618995,0.11214938877945053,0.11108555899221648,0.1440942170008745,0.1147659802258292,0.10166997457663207
242,242.0,242.0,0.09748060571746427,0.11208610217136498,0.20637006575679914,0.11195945576812286,0.11089562598088878,0.1424782590341101,0.11448692065478672,0.10424296491646304
243,243.0,243.0,0.09720717816462496,0.12301848269933376,0.2065394062202573,0.1117807251849805,0.11071689539774643,0.1409549906358417,0.10311304534708787,0.10666927635012739
244,244.0,244.0,0.09591781393408425,0.12070713391739674,0.2061413075868645,0.11058048751415459,0.10951665772692051,0.13975475296501577,0.11191280767626197,0.10546903867930149
245,245.0,245.0,0.09345176690921368,0.11741602959688065,0.20451559669644773,0.1081984741027294,0.10713464431549535,0.1484838506647017,0.11771261244665496,0.1030870252678763
246,246.0,246.0,0.09197380043124721,0.12359318577403682,0.20833677551762655,0.10734932325357856,0.09859318577403682,0.15311699529784634,0.1153483100823526,0.1016884238692749
247,247.0,247.0,0.09182365028109706,0.12351811069896175,0.20893737611822716,0.10727424817850348,0.09851811069896174,0.15304192022277124,0.11527323500727753,0.10161334879419984
248,248.0,248.0,0.09077231186133758,0.12516947498190498,0.19827338861213437,0.10629403351407829,0.10523020372684425,0.15933443283107335,0.11429302034285234,0.10063313412977463
249,249.0,249.0,0.09639382485127161,0.12364813082898188,0.19583982802067906,0.10429071519497049,0.10322688540773643,0.16552847270932375,0.11221033694437947,0.09886180604265708
250,250.0,250.0,0.09554951900696579,0.12530382498467604,0.19537782755867858,0.1112028196070749,0.10244668212753316,0.1609829656638167,0.11135505858910111,0.09778130246215351
251,251.0,251.0,0.09392573628562209,0.13242859046310004,0.2011524188210747,0.11575722861270343,0.10088387501594558,0.1576985468306174,0.10145891814418018,0.09669468582675637
252,252.0,252.0,0.09233523329268008,0.13696591289676394,0.202544815975667,0.11380813096238626,0.10560144403229507,0.15388007981093085,0.09928546151950404,0.09557892150977255
253,253.0,253.0,0.09160391701668816,0.13630700483271513,0.19951225633356023,0.11313218567199787,0.11206835588476385,0.15213727819052825,0.10062052087169926,0.09461848119804704
254,254.0,254.0,0.09143073238817917,0.136028111958963,0.19941888784973888,0.10843310058735586,0.11194802537887641,0.1581476590785101,0.10036523759928011,0.0942282451590962
255,255.0,255.0,0.09041424887169565,0.13977353320438426,0.19734929078014182,0.10735251450676979,0.11045535138620244,0.16045535138620243,0.101244358478401,0.09295535138620242
256,256.0,256.0,0.08958091553836232,0.1431068665377176,0.19609929078014182,0.10651918117343648,0.10920535138620244,0.1633720180528691,0.09999435847840102,0.0921220180528691
257,257.0,257.0,0.0890512827687726,0.14247622366711776,0.20119214906166585,0.1059790778445957,0.11116524805736168,0.15940472677567824,0.09933230393004804,0.09139898789476004
258,258.0,258.0,0.08826021996684022,0.1393826601547563,0.19820159776868485,0.10741023726488555,0.11593720031652618,0.161929947008699,0.0982219032480361,0.09065623427157163
259,259.0,259.0,0.08615962909349136,0.14078433358521716,0.20142691803457788,0.10530964639153668,0.11322926814094565,0.1575364283178106,0.0958407684580765,0.09971300797834404
260,260.0,260.0,0.0855154210556663,0.14326784733412842,0.20561380368842883,0.10466543835371163,0.11204459102261795,0.15483128336322555,0.09494848900056749,0.09911312618165373
261,261.0,261.0,0.08492913390922878,0.14549126301619072,0.20467037368484844,0.10407915120727411,0.11097450509350945,0.15714465608073364,0.09414156096619583,0.09856935604201893
262,262.0,262.0,0.08433488379233059,0.14267252310337414,0.21018551011636116,0.10342682908108439,0.11464871357956463,0.15377209020294125,0.09317581590985845,0.09778363421448526
263,263.0,263.0,0.08404000220333134,0.14035115819377394,0.22155075924631618,0.10313194749208514,0.1182891515729438,0.15351642430021653,0.0927036997906835,0.08641685720064943
264,264.0,264.0,0.08265584785242508,0.13903600985816525,0.22200814641725836,0.10174779314117888,0.11615219077869399,0.15216997733995882,0.09115962437192777,0.09507041024039171
265,265.0,265.0,0.08147655954434267,0.14209569422629917,0.22618584867125263,0.10056850483309647,0.11500918694085831,0.14924831737564093,0.09001662053409211,0.09539926787441752
266,266.0,266.0,0.08046794316452038,0.13935182126093318,0.22400503037066405,0.0995598884532742,0.11747754014752163,0.1566079749301303,0.08886178533495831,0.0936680163379978
267,267.0,267.0,0.07957841803586481,0.13818012661097767,0.219051754982606,0.09867036332461862,0.11662168505253609,0.16772058615143717,0.08800593023997275,0.09217113560198661
268,268.0,268.0,0.07951348297092975,0.13980350323435428,0.21768811861896964,0.09860542825968356,0.11658921752006857,0.16768811861896965,0.08797346270750522,0.09213866806951909
269,269.0,269.0,0.07951348297092975,0.14397016990102096,0.21768811861896964,0.09860542825968356,0.11242255085340189,0.16768811861896965,0.08797346270750522,0.09213866806951909
270,270.0,270.0,0.07879736575481254,0.14856357649442753,0.21987310030395135,0.09788931104356634,0.11103976697061801,0.16587310030395136,0.08709067882472135,0.09087310030395133
271,271.0,271.0,0.07809185197035139,0.15567761158214685,0.21596207273502904,0.0971837972591052,0.11036558150695888,0.16657986722124457,0.0864164933610622,0.08972272436410172
272,272.0,272.0,0.08377133914983856,0.15642761158214685,0.2144043804273367,0.09661328443859238,0.10917968407106145,0.16517602106739843,0.08569213438670324,0.08873554487692223
273,273.0,273.0,0.08288219887834535,0.1551708242518301,0.2160706700200969,0.09609179122592268,0.10865819085839176,0.16810927898595046,0.08517064117403354,0.08784640460542902
274,274.0,274.0,0.08194370382220324,0.15589983380436906,0.222925035697992,0.09548009355540149,0.10747669261806998,0.16495023759161495,0.0844164933610622,0.08690790954928691
275,275.0,275.0,0.08140978355144086,0.15507351587278798,0.2259197018505529,0.095421721128608,0.10741832019127648,0.16274279591048907,0.08472442130056909,0.08728974019427545
276,276.0,276.0,0.08056393735622988,0.160816363634692,0.22265911707000444,0.0947749302640313,0.10624242879759924,0.16500269152337924,0.08381715017551214,0.08612338117855164
277,277.0,277.0,0.08037980903711417,0.16235637324661079,0.22442500677323637,0.0945298263351595,0.10550471403128903,0.16384295344816596,0.08332694231776852,0.08563437481065544
278,278.0,278.0,0.0801499239796429,0.16373568359143836,0.22304569642840882,0.09429994127768823,0.10481505885887524,0.16556709137920045,0.08298211473156163,0.08540448975318418
279,279.0,279.0,0.0751980281109389,0.15758967340468116,0.23156012766779765,0.09434804540898421,0.10765886191490241,0.16500681973234138,0.08292269198113719,0.085715751779217
280,280.0,280.0,0.075097221659326,0.1590009637272618,0.23135851476457187,0.09424723895737132,0.10705402320522499,0.16490601328072846,0.08272107907791139,0.08561494532760411
281,281.0,281.0,0.07502679641187478,0.16868432635859845,0.23674997781240775,0.08596855855044543,0.10663519128314758,0.1578340472517404,0.08293119138233919,0.0861699109494462
282,282.0,282.0,0.07493622392966144,0.16714611740552882,0.23552487680402506,0.08581388350412952,0.10600355511745571,0.1593788131153917,0.08546903279788957,0.08572749732591803
283,283.0,283.0,0.07513392462078317,0.16237305786273243,0.23614289913257372,0.08601158419525126,0.10620125580857745,0.159222646182909,0.0856667334890113,0.08924789870816152
284,284.0,284.0,0.07475240040024966,0.16169913598138022,0.23858215234582075,0.08563005997471776,0.10581973158804395,0.15974646017421523,0.0852852092684778,0.08848485026709449
285,285.0,285.0,0.07460571014520027,0.16139580412232082,0.2380436737965063,0.08548336971966837,0.10570436965379655,0.1613117705088754,0.08516984733423041,0.08828545471940173
286,286.0,286.0,0.07459742794544802,0.16123628175317956,0.23609764493123966,0.08823824541465294,0.10585791443529051,0.1594999852987236,0.08558655001046123,0.08888595021100429
287,287.0,287.0,0.07446390751677856,0.16389782441111236,0.2383377868849994,0.08810472498598348,0.10575361668341825,0.15819448634565011,0.08254107578800071,0.08870657738405695
288,288.0,288.0,0.07440741034163731,0.16370008429811803,0.2387615156985587,0.08804822781084225,0.10572536809584762,0.1581662377580795,0.0825128272004301,0.08867832879648632
289,289.0,289.0,0.07018609886622748,0.16559216080085024,0.23708801843079913,0.09424358300209908,0.10361471235814271,0.16022224868704124,0.07831883812939185,0.09073433972544807
290,290.0,290.0,0.06907243941668337,0.17040792459891246,0.23882048399818911,0.09184787227050367,0.10124544266303595,0.16150582211846182,0.07723161971633637,0.08986839521787704
291,291.0,291.0,0.06840430920695723,0.169611786196662,0.2366789639449543,0.09722369810473358,0.10005346354236411,0.16228029759582357,0.07658909114511508,0.0891583902633899
292,292.0,292.0,0.06640186720451521,0.16541154199641783,0.23640729117328152,0.09522125610229157,0.1046444281333287,0.1702351205506465,0.07458664914267307,0.08709184569684533
293,293.0,293.0,0.06634089159475913,0.1653505663866617,0.23555363263669613,0.09516028049253548,0.1045834525235726,0.17151560835552457,0.07452567353291699,0.08696989447733314
294,294.0,294.0,0.06575702593467396,0.16940459755197337,0.2346364578399482,0.0945764148324503,0.10307200749840809,0.17223412848715447,0.0739666094601334,0.08635275839525805
295,295.0,295.0,0.06529228234493037,0.17298632832120414,0.23458036809635846,0.09411167124270672,0.10179796903686962,0.17179342335894932,0.07352590433192827,0.08591205326705291
296,296.0,296.0,0.0626876127627066,0.17394157921066555,0.22571562216117907,0.0921261967069226,0.10990202399463973,0.16593377002638576,0.07481451381326222,0.09487868132423824
297,297.0,297.0,0.06231558697364831,0.17266143802710032,0.22423550048790553,0.09175417091786431,0.10889901763605832,0.1655843584390462,0.08002065778147818,0.09452926973689864
298,298.0,298.0,0.06226021598804478,0.17260606704149678,0.22578588808480476,0.09169879993226075,0.10884364665045476,0.1644215677413718,0.07996528679587464,0.09441852776569155
299,299.0,299.0,0.06216346370914577,0.17237762029376547,0.22534426149570078,0.09160204765336175,0.11659712627797733,0.1632896820881802,0.07433492803955878,0.0942908704423097
300,300.0,300.0,0.06377649225042846,0.18819025697731342,0.2206968411934144,0.07323578012839185,0.10819121554671995,0.16492402350243815,0.07596926945381675,0.10501612094747677
301,301.0,301.0,0.06257346822131747,0.18575189823460686,0.22918012119843353,0.07201205216553347,0.10695839040085134,0.16495382461919578,0.07478694935845318,0.10378329580160812
302,302.0,302.0,0.06248491759388136,0.18554262326109427,0.22879753583115742,0.07190338081375128,0.09775074222810826,0.1751357240968699,0.07471851945536315,0.10366655671977414
303,303.0,303.0,0.08019824523004053,0.18841526462274363,0.2269562293396768,0.07128337511657709,0.09175360070898272,0.17192704942777595,0.07428233728760074,0.09518389826660228
304,304.0,304.0,0.08646947842946522,0.1888662763769469,0.2248198905012103,0.07050332626471975,0.0906451347068997,0.17156980472212702,0.0734075914660464,0.09371849753258452
305,305.0,305.0,0.09086631292083754,0.1829838476478795,0.22556850813008,0.07195898428550382,0.09893375318459381,0.16533838791297908,0.07477412292711569,0.0895760829910103
306,306.0,306.0,0.09074655592713095,0.18126745199871075,0.22519301247727347,0.06907121099436918,0.10155138205432353,0.16712521173341635,0.07501087217226829,0.09003430264250728
307,307.0,307.0,0.08246489430469402,0.19194752751073152,0.22893255228987391,0.06845253376855377,0.11029576424132118,0.15485225350369278,0.07408457381861634,0.08896990056251629
308,308.0,308.0,0.0844860104434572,0.19373054841139944,0.2332818304626815,0.06753247343672872,0.10814752032837135,0.15231723949809053,0.07291241264645515,0.0875919647728158
309,309.0,309.0,0.08423327575676025,0.1958587661056549,0.23429905223462028,0.06589084986114287,0.10720915052207702,0.1511573930552252,0.0726596779597582,0.08869183450476101
310,310.0,310.0,0.08412138510563354,0.19645742689765852,0.23391972239449838,0.06569959413065109,0.10680592008712848,0.15196350002731712,0.07256681318382176,0.08846563817329088
311,311.0,311.0,0.08374782549294349,0.19664804947958547,0.23294010217574773,0.06540539959732611,0.10831552964021629,0.15261206643675307,0.07219325357113168,0.08813777360629585
312,312.0,312.0,0.08263960038471838,0.19555497588651188,0.24212408485973044,0.06429717448910101,0.10667483699952367,0.1506272179519046,0.0710850284629066,0.08699708096560324
313,313.0,313.0,0.08078984695782003,0.1928536767450541,0.24864774524964894,0.06299687161165321,0.11191758651949017,0.14791257398816185,0.06976569971026854,0.08511599921790287
314,314.0,314.0,0.08075959892394224,0.19282342871117633,0.2497366744692497,0.06296662357777541,0.1118570904517346,0.1470656290395835,0.06973545167639074,0.08505550315014727
315,315.0,315.0,0.08073526025202904,0.1987771120172851,0.24909865958459537,0.06286291982649714,0.10888167318116829,0.14786782826901826,0.06685397014733468,0.0849225767220718
316,316.0,316.0,0.08006598602343278,0.20451809419894523,0.2465541137349648,0.06219364559790087,0.1081841503650014,0.14807426025511125,0.0661846959187384,0.08422505390590493
317,317.0,317.0,0.07933048291088049,0.21054693785073977,0.2441459390317081,0.061537507564713656,0.1071038645306172,0.1482651167574432,0.0655285578855512,0.08354159346834614
318,318.0,318.0,0.07870414228453985,0.2092170365208384,0.24256721745298654,0.0609862420134481,0.10233106975782243,0.1515600050523315,0.06497729233428565,0.08965699458374725
319,319.0,319.0,0.07814522810720463,0.208129435762185,0.24578562568002288,0.060498451591447164,0.10148766055915007,0.1527115588926256,0.06448950191228472,0.08875253749507964
320,320.0,320.0,0.0777775810483811,0.20244504662191348,0.24431503744472877,0.06601315747380011,0.10496616734648039,0.15234391183380208,0.0641218548534612,0.08801724337743258
321,321.0,321.0,0.07772199336121446,0.2037071763050958,0.24207691007502247,0.06745361759847077,0.1046009915865678,0.15231611799021877,0.06409406100987787,0.0880291320735318
322,322.0,322.0,0.07755354678431721,0.20194364640776308,0.2481932309262232,0.061446799920153505,0.10419625547760633,0.15473189470177015,0.06400983772142924,0.08792478806073709
323,323.0,323.0,0.07751442315364428,0.2017871518850714,0.24854534360227948,0.061388114474144106,0.10417669366226986,0.15471233288643368,0.06399027590609277,0.08788566443006415
324,324.0,324.0,0.07748798211715564,0.19587835790740632,0.24960298506182474,0.06136167343765547,0.1041238115892926,0.1538662197187975,0.06396383486960414,0.09371513529826338
325,325.0,325.0,0.0773455319747055,0.1937416057706542,0.24946053491937464,0.061219223295205336,0.10725771472319574,0.15358131943389722,0.063821384727154,0.09357268515581324
326,326.0,326.0,0.07717520509204986,0.1951767003564337,0.2496707255405241,0.061029870537359435,0.10657731318662982,0.1532977432941567,0.06367008371968862,0.09340235827315758
327,327.0,327.0,0.07705205238269026,0.19320625700667998,0.24954757283116452,0.06090671782799982,0.10940982550190077,0.15305143787543748,0.06354693101032902,0.09327920556379797
328,328.0,328.0,0.07661031246833369,0.19561554255998176,0.2477986433743243,0.06046497791364327,0.10839337294386604,0.15582808876567866,0.06310519109597244,0.0921838708781996
329,329.0,329.0,0.07658471082982883,0.1955899409214769,0.24882270891451888,0.0604393762751384,0.10834216966685631,0.155008836333523,0.06307958945746758,0.09213266760118986
330,330.0,330.0,0.07662276258020935,0.195742147922999,0.24848024316109424,0.060496453900709166,0.10836119554204655,0.15502786220871326,0.06309861533265783,0.09217071935157037
331,331.0,331.0,0.07662276258020935,0.195742147922999,0.24848024316109424,0.060496453900709166,0.10836119554204655,0.15502786220871326,0.06309861533265783,0.09217071935157037
332,332.0,332.0,0.0792770185221365,0.19599826547363708,0.24758105102902533,0.06050347883924097,0.10616268248736913,0.15513704146172813,0.06314369202157014,0.09219677016529243
333,333.0,333.0,0.07904768750513427,0.19429319897405,0.2503045674854185,0.06038384128809656,0.10582365800450903,0.15499032467117574,0.0630610777951203,0.0920956442764953
334,334.0,334.0,0.07889036231437083,0.19285538597840854,0.253149502732006,0.06034846731684533,0.10556998323273828,0.15407472265801275,0.06302570382386907,0.09208587194374894
335,335.0,335.0,0.07869054464799141,0.19381700849785954,0.25391567859652964,0.060264793669048945,0.10522841990927094,0.1531649278457789,0.06294203017607268,0.09197659665744769
336,336.0,336.0,0.07866574306068982,0.19379220691055796,0.25332044050129154,0.060239992081747365,0.10517881673466778,0.1539585786394297,0.0629172285887711,0.09192699348284453
337,337.0,337.0,0.0786297070246538,0.19124909236744342,0.25604373522458623,0.06018593802769332,0.10516079871664974,0.15394056062141165,0.06289921057075308,0.09189095744680847
338,338.0,338.0,0.07859461930535554,0.1910911976306013,0.2548145685579196,0.06013330644874595,0.10514325485700063,0.15548551676176253,0.06288166671110397,0.09185586972751024
339,339.0,339.0,0.07857058084381707,0.18868620678811043,0.254261683942535,0.06010926798720747,0.10747613031487606,0.15623070906945485,0.06285762824956549,0.09180779280443331
340,340.0,340.0,0.07854727082050705,0.18866289676480041,0.25372555340640446,0.06008595796389745,0.10742951026825602,0.1569533197920656,0.06283431822625547,0.09176117275781327
341,341.0,341.0,0.07858235853980529,0.18882079150164255,0.2533922200730711,0.060138589542844824,0.10744705412790516,0.1569708636517147,0.0628518620859046,0.09179626047711151
342,342.0,342.0,0.07707893921562417,0.18869483793678607,0.2532599821405791,0.06418227447685418,0.11000293980262557,0.15001660772674125,0.057301611280401496,0.0994628074203879
343,343.0,343.0,0.07705699013748543,0.18867288885864733,0.2527551533433886,0.06563091363400957,0.10995904164634811,0.1492264409137474,0.05727966220226277,0.09941890926411047
344,344.0,344.0,0.07703567726451017,0.18865157598567206,0.2548290598290598,0.06558828788805902,0.10991641590039755,0.1473443502848537,0.05725834932928751,0.09937628351815991
345,345.0,345.0,0.0792585630743525,0.18831035923141182,0.25396825396825395,0.06509816207184624,0.10949039264828735,0.14794277360066832,0.057109440267334964,0.09882205513784457
346,346.0,346.0,0.07950817904977495,0.1900538308135931,0.2544559651817716,0.06510968280917344,0.10955951707225049,0.14535828819360225,0.05712096100466215,0.09883357587517178
347,347.0,347.0,0.07922444576889373,0.1925626821117835,0.25405028068137825,0.06494790074780443,0.10858882470403648,0.14499489322900744,0.05695917894329315,0.09867179381380278
348,348.0,348.0,0.07912974879919676,0.19388843968754108,0.25395558371168125,0.06485320377810747,0.10802064288585467,0.14471080231991654,0.056864481973596184,0.0985770968441058
349,349.0,349.0,0.07915045273294419,0.1939091436212885,0.2544317741878718,0.0673946116456023,0.10806205075334949,0.14404827643999935,0.05688518590734361,0.09611850471160063
350,350.0,350.0,0.07902850151343199,0.19250670459689825,0.2543707985781156,0.06940680676755352,0.1055620507533495,0.14404827643999935,0.05682421029758751,0.09825265105306405
351,351.0,351.0,0.08111909384792677,0.19221634455044062,0.25402236652236654,0.06888415868392982,0.10521361869760035,0.14399020443070784,0.05670806627900447,0.09784614698802338
352,352.0,352.0,0.08115418156722501,0.19237423928728276,0.25235569985569983,0.06893679026287718,0.10523116255724949,0.14400774829035695,0.056725610138653584,0.09921456804065497
353,353.0,353.0,0.08111909384792677,0.19353213402412484,0.2513907875749981,0.06888415868392982,0.10521361869760035,0.14399020443070784,0.05670806627900447,0.0991619364617076
354,354.0,354.0,0.08111909384792677,0.19353213402412484,0.2513907875749981,0.06650320630297743,0.10521361869760035,0.14399020443070784,0.05670806627900447,0.10154288884265998
355,355.0,355.0,0.08111909384792677,0.19353213402412484,0.2513907875749981,0.06650320630297743,0.10521361869760035,0.14399020443070784,0.05670806627900447,0.10154288884265998
