,Unnamed: 0,Total_iterations,Intertwine_two,Add_vertex,Delete_vertex,Invert_path_vertices,Insert_inside_vertex,Delete_inside_vertex,Replace_inside_vertex,Donate_between_routes
0,0.0,0.0,0.125,0.125,0.125,0.125,0.125,0.125,0.125,0.125
1,1.0,0.10900000000000001,0.125,0.125,0.125,0.125,0.125,0.125,0.125,0.125
2,2.0,0.31601,0.125,0.125,0.125,0.125,0.125,0.125,0.125,0.125
3,3.0,0.6191589000000001,0.125,0.125,0.125,0.125,0.125,0.125,0.125,0.125
4,4.0,1.015801321,0.125,0.125,0.125,0.125,0.125,0.125,0.125,0.125
5,5.0,1.50262148669,0.125,0.125,0.125,0.125,0.125,0.125,0.125,0.125
6,6.0,2.0757334209441005,0.125,0.125,0.125,0.125,0.125,0.125,0.125,0.125
7,7.0,2.7307768275633495,0.125,0.125,0.125,0.125,0.125,0.125,0.125,0.125
8,8.0,3.4630081252450404,0.125,0.125,0.125,0.125,0.125,0.125,0.125,0.125
9,9.0,4.2673862119061114,0.125,0.125,0.125,0.125,0.125,0.125,0.125,0.125
10,10.0,5.138652627782014,0.125,0.125,0.125,0.125,0.125,0.125,0.125,0.125
11,11.0,6.071405875792507,0.125,0.125,0.125,0.125,0.125,0.125,0.125,0.125
12,12.0,7.060169740244025,0.125,0.125,0.125,0.125,0.125,0.125,0.125,0.125
13,13.0,8.099455520847952,0.125,0.125,0.125,0.125,0.125,0.125,0.125,0.125
14,14.0,9.183818168183006,0.125,0.125,0.125,0.125,0.125,0.125,0.125,0.125
15,15.0,10.307906369102724,0.125,0.125,0.125,0.125,0.125,0.125,0.125,0.125
16,16.0,11.466506686239443,0.125,0.125,0.125,0.125,0.125,0.125,0.125,0.125
17,17.0,12.654581904800096,0.125,0.125,0.125,0.125,0.125,0.125,0.125,0.125
18,18.0,13.867303782456686,0.125,0.125,0.125,0.125,0.125,0.125,0.125,0.125
19,19.0,15.100080434523047,0.125,0.125,0.125,0.125,0.125,0.125,0.125,0.125
20,20.0,16.348578617037543,0.125,0.125,0.125,0.125,0.125,0.125,0.125,0.125
21,21.0,17.608741195130214,0.125,0.125,0.125,0.125,0.125,0.125,0.125,0.125
22,22.0,18.876800103462312,0.125,0.125,0.125,0.125,0.125,0.125,0.125,0.125
23,23.0,20.14928511992658,0.125,0.125,0.125,0.125,0.125,0.125,0.125,0.125
24,24.0,21.423028783545156,0.125,0.125,0.125,0.125,0.125,0.125,0.125,0.125
25,25.0,22.695167792966423,0.125,0.125,0.125,0.125,0.125,0.125,0.125,0.125
26,26.0,23.963141223515898,0.125,0.125,0.125,0.125,0.125,0.125,0.125,0.125
27,27.0,25.224685898775267,0.125,0.125,0.125,0.125,0.125,0.125,0.125,0.125
28,28.0,26.477829247520948,0.125,0.125,0.125,0.125,0.125,0.125,0.125,0.125
29,29.0,27.720879968916847,0.125,0.125,0.125,0.125,0.125,0.125,0.125,0.125
30,30.0,28.95241681848399,0.125,0.125,0.125,0.125,0.125,0.125,0.125,0.125
31,31.0,30.17127581490958,0.125,0.125,0.125,0.125,0.125,0.125,0.125,0.125
32,32.0,31.376536153543515,0.125,0.125,0.125,0.125,0.125,0.125,0.125,0.125
33,33.0,32.567505096778625,0.125,0.125,0.125,0.125,0.125,0.125,0.125,0.125
34,34.0,33.74370209472243,0.125,0.125,0.125,0.125,0.125,0.125,0.125,0.125
35,35.0,34.90484237192463,0.125,0.125,0.125,0.125,0.125,0.125,0.125,0.125
36,36.0,36.05082019768737,0.125,0.125,0.125,0.125,0.125,0.125,0.125,0.125
37,37.0,37.18169203889697,0.125,0.125,0.125,0.125,0.125,0.125,0.125,0.125
38,38.0,38.29765977559663,0.125,0.125,0.125,0.125,0.125,0.125,0.125,0.125
39,39.0,39.399054140870355,0.125,0.125,0.125,0.125,0.125,0.125,0.125,0.125
40,40.0,40.48631852820801,0.125,0.125,0.125,0.125,0.125,0.125,0.125,0.125
41,41.0,41.55999329152982,0.125,0.125,0.125,0.125,0.125,0.125,0.125,0.125
42,42.0,42.62070064560415,0.125,0.125,0.125,0.125,0.125,0.125,0.125,0.125
43,43.0,43.669130257815,0.125,0.125,0.125,0.125,0.125,0.125,0.125,0.125
44,44.0,44.70602560622662,0.125,0.125,0.125,0.125,0.125,0.125,0.125,0.125
45,45.0,45.73217116373481,0.125,0.125,0.125,0.125,0.125,0.125,0.125,0.125
46,46.0,46.748380453854836,0.125,0.125,0.125,0.125,0.125,0.125,0.125,0.125
47,47.0,47.755485010424316,0.125,0.125,0.125,0.125,0.125,0.125,0.125,0.125
48,48.0,48.7543242612326,0.125,0.125,0.125,0.125,0.125,0.125,0.125,0.125
49,49.0,49.745736344347726,0.125,0.125,0.125,0.125,0.125,0.125,0.125,0.125
50,50.0,50.730549855707864,0.125,0.125,0.125,0.125,0.125,0.125,0.125,0.125
51,51.0,51.70957651737491,0.125,0.125,0.125,0.125,0.125,0.125,0.125,0.125
52,52.0,52.68360474770151,0.125,0.125,0.125,0.125,0.125,0.125,0.125,0.125
53,53.0,53.65339410751842,0.125,0.125,0.125,0.125,0.125,0.125,0.125,0.125
54,54.0,54.61967059027847,0.125,0.125,0.125,0.125,0.125,0.125,0.125,0.125
55,55.0,55.58312271885972,0.125,0.125,0.125,0.125,0.125,0.125,0.125,0.125
56,56.0,56.544398407394254,0.125,0.125,0.125,0.125,0.125,0.125,0.125,0.125
57,57.0,57.504102543001395,0.125,0.125,0.125,0.125,0.125,0.125,0.125,0.125
58,58.0,58.462795239617805,0.125,0.125,0.125,0.125,0.125,0.125,0.125,0.125
59,59.0,59.42099071417639,0.125,0.125,0.125,0.125,0.125,0.125,0.125,0.125
60,60.0,60.379156734137354,0.125,0.125,0.125,0.125,0.125,0.125,0.125,0.125
61,61.0,61.337714584760846,0.125,0.125,0.125,0.125,0.125,0.125,0.125,0.125
62,62.0,62.29703950447439,0.125,0.125,0.125,0.125,0.125,0.125,0.125,0.125
63,63.0,63.257461537171835,0.125,0.125,0.125,0.125,0.125,0.125,0.125,0.125
64,64.0,64.21926675122782,0.125,0.125,0.125,0.125,0.125,0.125,0.125,0.125
65,65.0,65.18269877636592,0.125,0.125,0.125,0.125,0.125,0.125,0.125,0.125
66,66.0,66.14796061122655,0.125,0.125,0.125,0.125,0.125,0.125,0.125,0.125
67,67.0,67.11521665648885,0.125,0.125,0.125,0.125,0.125,0.125,0.125,0.125
68,68.0,68.08459493066005,0.125,0.125,0.125,0.125,0.125,0.125,0.125,0.125
69,69.0,69.05618942810752,0.125,0.125,0.125,0.125,0.125,0.125,0.125,0.125
70,70.0,70.03006258152917,0.125,0.125,0.125,0.125,0.125,0.125,0.125,0.125
71,71.0,71.00624779379335,0.125,0.125,0.125,0.125,0.125,0.125,0.125,0.125
72,72.0,71.98475200689319,0.125,0.125,0.125,0.125,0.125,0.125,0.125,0.125
73,73.0,72.96555827861411,0.125,0.125,0.125,0.125,0.125,0.125,0.125,0.125
74,74.0,73.94862834037681,0.125,0.125,0.125,0.125,0.125,0.125,0.125,0.125
75,75.0,74.93390511255946,0.125,0.125,0.125,0.125,0.125,0.125,0.125,0.125
76,76.0,75.92131515639825,0.125,0.125,0.125,0.125,0.125,0.125,0.125,0.125
77,77.0,76.91077104428919,0.125,0.125,0.125,0.125,0.125,0.125,0.125,0.125
78,78.0,77.90217363294813,0.125,0.125,0.125,0.125,0.125,0.125,0.125,0.125
79,79.0,78.89541422641172,0.125,0.125,0.125,0.125,0.125,0.125,0.125,0.125
80,80.0,79.89037661826481,0.125,0.125,0.125,0.125,0.125,0.125,0.125,0.125
81,81.0,80.88693900474995,0.125,0.125,0.125,0.125,0.125,0.125,0.125,0.125
82,82.0,81.88497576253909,0.125,0.125,0.125,0.125,0.125,0.125,0.125,0.125
83,83.0,82.88435908692391,0.125,0.125,0.125,0.125,0.125,0.125,0.125,0.125
84,84.0,83.88496048800103,0.125,0.125,0.125,0.125,0.125,0.125,0.125,0.125
85,85.0,84.88665214409042,0.125,0.125,0.125,0.125,0.125,0.125,0.125,0.125
86,86.0,85.88930811312994,0.125,0.125,0.125,0.125,0.125,0.125,0.125,0.125
87,87.0,86.89280540413424,0.125,0.125,0.125,0.125,0.125,0.125,0.125,0.125
88,88.0,87.89702491199675,0.125,0.125,0.125,0.125,0.125,0.125,0.125,0.125
89,89.0,88.90185221995306,0.125,0.125,0.125,0.125,0.125,0.125,0.125,0.125
90,90.0,89.90717827491419,0.125,0.125,0.125,0.125,0.125,0.125,0.125,0.125
91,91.0,90.91289994163006,0.125,0.125,0.125,0.125,0.125,0.125,0.125,0.125
92,92.0,91.91892044225806,0.125,0.125,0.125,0.125,0.125,0.125,0.125,0.125
93,93.0,92.92514968840067,0.125,0.125,0.125,0.125,0.125,0.125,0.125,0.125
94,94.0,93.93150451304501,0.125,0.125,0.125,0.125,0.125,0.125,0.125,0.125
95,95.0,94.93790881009448,0.125,0.125,0.125,0.125,0.125,0.125,0.125,0.125
96,96.0,95.94429358933806,0.125,0.125,0.125,0.125,0.125,0.125,0.125,0.125
97,97.0,96.9505969547639,0.125,0.125,0.125,0.125,0.125,0.125,0.125,0.125
98,98.0,97.9567640140995,0.125,0.125,0.125,0.125,0.125,0.125,0.125,0.125
99,99.0,98.96274672736057,0.125,0.125,0.125,0.125,0.125,0.125,0.125,0.125
100,100.0,99.96850370202192,0.125,0.125,0.125,0.125,0.125,0.125,0.125,0.125
101,101.0,100.97399994219691,0.125,0.125,0.125,0.125,0.125,0.125,0.125,0.125
102,102.0,101.97920655893245,0.125,0.125,0.125,0.125,0.125,0.125,0.125,0.125
103,103.0,102.98410044840509,0.125,0.125,0.125,0.125,0.125,0.125,0.125,0.125
104,104.0,103.98866394444643,0.125,0.125,0.125,0.125,0.125,0.125,0.125,0.125
105,105.0,104.99288445143917,0.125,0.125,0.125,0.125,0.125,0.125,0.125,0.125
106,106.0,105.99675406321822,0.125,0.125,0.125,0.125,0.125,0.125,0.125,0.125
107,107.0,107.0002691731872,0.125,0.125,0.125,0.125,0.125,0.125,0.125,0.125
108,108.0,108.0034300804274,0.125,0.125,0.125,0.125,0.125,0.125,0.125,0.125
109,109.0,109.00624059613932,0.125,0.125,0.125,0.125,0.125,0.125,0.125,0.125
110,110.0,110.00870765431864,0.125,0.125,0.125,0.125,0.125,0.125,0.125,0.125
111,111.0,111.01084093013685,0.125,0.125,0.125,0.125,0.125,0.125,0.125,0.125
112,112.0,112.01265246907188,0.125,0.125,0.125,0.125,0.125,0.125,0.125,0.125
113,113.0,113.01415632942268,0.125,0.125,0.125,0.125,0.125,0.125,0.125,0.125
114,114.0,114.01536824044418,0.125,0.125,0.125,0.125,0.125,0.125,0.125,0.125
115,115.0,115.01630527795908,0.125,0.125,0.125,0.125,0.125,0.125,0.125,0.125
116,116.0,116.0169855589429,0.125,0.125,0.125,0.125,0.125,0.125,0.125,0.125
117,117.0,117.01742795623892,0.125,0.125,0.125,0.125,0.125,0.125,0.125,0.125
118,118.0,118.01765183424293,0.125,0.125,0.125,0.125,0.125,0.125,0.125,0.125
119,119.0,119.01767680610413,0.125,0.125,0.125,0.125,0.125,0.125,0.125,0.125
120,120.0,120.01752251271817,0.125,0.125,0.125,0.125,0.125,0.125,0.125,0.125
121,121.0,121.01720842354362,0.125,0.125,0.125,0.125,0.125,0.125,0.125,0.125
122,122.0,122.01675365905109,0.125,0.125,0.125,0.125,0.125,0.125,0.125,0.125
123,123.0,123.0161768344173,0.125,0.125,0.125,0.125,0.125,0.125,0.125,0.125
124,124.0,124.01549592390272,0.125,0.125,0.125,0.125,0.125,0.125,0.125,0.125
125,125.0,125.01472814520056,0.125,0.125,0.125,0.125,0.125,0.125,0.125,0.125
126,126.0,126.01388986291661,0.125,0.125,0.125,0.125,0.125,0.125,0.125,0.125
127,127.0,127.0129965102319,0.125,0.125,0.125,0.125,0.125,0.125,0.125,0.125
128,128.0,128.01206252771334,0.125,0.125,0.125,0.125,0.125,0.125,0.125,0.125
129,129.0,129.0111013181695,0.125,0.125,0.125,0.125,0.125,0.125,0.125,0.125
130,130.0,130.01012521639834,0.125,0.125,0.125,0.125,0.125,0.125,0.125,0.125
131,131.0,131.0091454726403,0.125,0.125,0.125,0.125,0.125,0.125,0.125,0.125
132,132.0,132.0081722485317,0.125,0.125,0.125,0.125,0.125,0.125,0.125,0.125
133,133.0,133.00721462434865,0.125,0.125,0.125,0.125,0.125,0.125,0.125,0.125
134,134.0,134.0062806163404,0.125,0.125,0.125,0.125,0.125,0.125,0.125,0.125
135,135.0,135.00537720296956,0.125,0.125,0.125,0.125,0.125,0.125,0.125,0.125
136,136.0,136.00451035890612,0.125,0.125,0.125,0.125,0.125,0.125,0.125,0.125
137,137.0,137.00368509565993,0.125,0.125,0.125,0.125,0.125,0.125,0.125,0.125
138,138.0,138.0029055077818,0.125,0.125,0.125,0.125,0.125,0.125,0.125,0.125
139,139.0,139.00217482361367,0.125,0.125,0.125,0.125,0.125,0.125,0.125,0.125
140,140.0,140.0014954596262,0.125,0.125,0.125,0.125,0.125,0.125,0.125,0.125
141,141.0,141.00086907744122,0.125,0.125,0.125,0.125,0.125,0.125,0.125,0.125
142,142.0,142.0002966427003,0.125,0.125,0.125,0.125,0.125,0.125,0.125,0.125
143,143.0,142.99977848500652,0.125,0.125,0.125,0.125,0.125,0.125,0.125,0.125
144,144.0,143.99931435823203,0.125,0.125,0.125,0.125,0.125,0.125,0.125,0.125
145,145.0,144.99890350055264,0.125,0.125,0.125,0.125,0.125,0.125,0.125,0.125
146,146.0,145.9985446936357,0.125,0.125,0.125,0.125,0.125,0.125,0.125,0.125
147,147.0,146.99823632047406,0.125,0.125,0.125,0.125,0.125,0.125,0.125,0.125
148,148.0,147.99797642142389,0.125,0.125,0.125,0.125,0.125,0.125,0.125,0.125
149,149.0,148.99776274806447,0.125,0.125,0.125,0.125,0.125,0.125,0.125,0.125
150,150.0,149.99759281456036,0.125,0.125,0.125,0.125,0.125,0.125,0.125,0.125
151,151.0,150.99746394626104,0.125,0.125,0.125,0.125,0.125,0.125,0.125,0.125
152,152.0,151.99737332532905,0.125,0.125,0.125,0.125,0.125,0.125,0.125,0.125
153,153.0,152.99731803323698,0.125,0.125,0.125,0.125,0.125,0.125,0.125,0.125
154,154.0,153.99729509002177,0.125,0.125,0.125,0.125,0.125,0.125,0.125,0.125
155,155.0,154.99730149022784,0.125,0.125,0.125,0.125,0.125,0.125,0.125,0.125
156,156.0,155.99733423551103,0.125,0.125,0.125,0.125,0.125,0.125,0.125,0.125
157,157.0,156.99739036391077,0.125,0.125,0.125,0.125,0.125,0.125,0.125,0.125
158,158.0,157.99746697583146,0.125,0.125,0.125,0.125,0.125,0.125,0.125,0.125
159,159.0,158.99756125680176,0.125,0.125,0.125,0.125,0.125,0.125,0.125,0.125
160,160.0,159.997670497107,0.125,0.125,0.125,0.125,0.125,0.125,0.125,0.125
161,161.0,160.99779210841066,0.125,0.125,0.125,0.125,0.125,0.125,0.125,0.125
162,162.0,161.99792363749984,0.125,0.125,0.125,0.125,0.125,0.125,0.125,0.125
163,163.0,162.9980627773051,0.125,0.125,0.125,0.125,0.125,0.125,0.125,0.125
164,164.0,163.9982073753568,0.125,0.125,0.125,0.125,0.125,0.125,0.125,0.125
165,165.0,164.99835543984977,0.125,0.125,0.125,0.125,0.125,0.125,0.125,0.125
166,166.0,165.99850514349492,0.125,0.125,0.125,0.125,0.125,0.125,0.125,0.125
167,167.0,166.99865482534062,0.125,0.125,0.125,0.125,0.125,0.125,0.125,0.125
168,168.0,167.99880299074837,0.125,0.125,0.125,0.125,0.125,0.125,0.125,0.125
169,169.0,168.99894830970783,0.125,0.125,0.125,0.125,0.125,0.125,0.125,0.125
170,170.0,169.99908961367427,0.125,0.125,0.125,0.125,0.125,0.125,0.125,0.125
171,171.0,170.99922589110733,0.125,0.125,0.125,0.125,0.125,0.125,0.125,0.125
172,172.0,171.99935628188598,0.125,0.125,0.125,0.125,0.125,0.125,0.125,0.125
173,173.0,172.99948007076793,0.125,0.125,0.125,0.125,0.125,0.125,0.125,0.125
174,174.0,173.99959668005403,0.125,0.125,0.125,0.125,0.125,0.125,0.125,0.125
175,175.0,174.99970566161096,0.125,0.125,0.125,0.125,0.125,0.125,0.125,0.125
176,176.0,175.9998066883961,0.125,0.125,0.125,0.125,0.125,0.125,0.125,0.125
177,177.0,176.99989954561875,0.125,0.125,0.125,0.125,0.125,0.125,0.125,0.125
178,178.0,177.99998412166295,0.125,0.125,0.125,0.125,0.125,0.125,0.125,0.125
179,179.0,179.00006039888612,0.125,0.125,0.125,0.125,0.125,0.125,0.125,0.125
180,180.0,180.0001284443981,0.125,0.125,0.125,0.125,0.125,0.125,0.125,0.125
181,181.0,181.00018840091488,0.125,0.125,0.125,0.125,0.125,0.125,0.125,0.125
182,182.0,182.00024047777083,0.125,0.125,0.125,0.125,0.125,0.125,0.125,0.125
183,183.0,183.0002849421635,0.125,0.125,0.125,0.125,0.125,0.125,0.125,0.125
184,184.0,184.00032211069524,0.125,0.125,0.125,0.125,0.125,0.125,0.125,0.125
185,185.0,185.00035234126688,0.125,0.125,0.125,0.125,0.125,0.125,0.125,0.125
186,186.0,186.00037602536867,0.125,0.125,0.125,0.125,0.125,0.125,0.125,0.125
187,187.0,187.0003935808066,0.125,0.125,0.125,0.125,0.125,0.125,0.125,0.125
188,188.0,188.00040544489266,0.125,0.125,0.125,0.125,0.125,0.125,0.125,0.125
189,189.0,189.0004120681212,0.125,0.125,0.125,0.125,0.125,0.125,0.125,0.125
190,190.0,190.00041390834568,0.125,0.125,0.125,0.125,0.125,0.125,0.125,0.125
191,191.0,191.00041142546425,0.125,0.125,0.125,0.125,0.125,0.125,0.125,0.125
192,192.0,192.00040507661635,0.125,0.125,0.125,0.125,0.125,0.125,0.125,0.125
193,193.0,193.00039531188708,0.125,0.125,0.125,0.125,0.125,0.125,0.125,0.125
194,194.0,194.00038257051185,0.125,0.125,0.125,0.125,0.125,0.125,0.125,0.125
195,195.0,195.00036727756904,0.125,0.125,0.125,0.125,0.125,0.125,0.125,0.125
196,196.0,196.0003498411448,0.125,0.125,0.125,0.125,0.125,0.125,0.125,0.125
197,197.0,197.00033064995154,0.125,0.125,0.125,0.125,0.125,0.125,0.125,0.125
198,198.0,198.0003100713781,0.125,0.125,0.125,0.125,0.125,0.125,0.125,0.125
199,199.0,199.00028844994821,0.125,0.125,0.125,0.125,0.125,0.125,0.125,0.125
200,200.0,200.00026610616183,0.12472222222222223,0.12472222222222223,0.12472222222222223,0.12472222222222223,0.12472222222222223,0.12472222222222223,0.12583333333333332,0.12583333333333335
201,201.0,201.00024333569246,0.12526766895761743,0.12415655784650631,0.12415655784650631,0.12415655784650631,0.12526766895761743,0.12415655784650631,0.1263676689576174,0.12647076174112257
202,202.0,202.0002204089131,0.12546420428618185,0.12336420428618183,0.12536420428618184,0.12336420428618183,0.12546420428618185,0.12346624510250837,0.1266543153972929,0.12685841806928957
203,203.0,203.00019757072255,0.12533540817013503,0.12235731726104408,0.12715549907922588,0.12235731726104408,0.1254263172610441,0.12367148959664498,0.12669673837215517,0.12699991299870683
204,204.0,204.00017504064385,0.12509262696762374,0.1212631260585328,0.12881350787671458,0.1212631260585328,0.1252735360585328,0.12366527911975729,0.1266146430696439,0.12801415479066222
205,205.0,205.0001530131666,0.1247587779084105,0.12011039391750139,0.13034407009931953,0.12011039391750139,0.1250279688175014,0.1234870030918984,0.1273394840887034,0.12882190815916417
206,206.0,206.00013165830538,0.12435236687481824,0.11892256285927277,0.13175068538836363,0.11892256285927277,0.12470741042027275,0.12316777204056525,0.12872877393244053,0.12944786562499422
207,207.0,207.00011112234722,0.12380138084128745,0.11770744532857319,0.13370592470855494,0.11770744532857319,0.12431498980886317,0.12278547983922466,0.13001278088055623,0.12996455326436732
208,208.0,208.00009152876143,0.12306984311220322,0.11641989783793343,0.13680786743607104,0.11641989783793343,0.12380179410078151,0.12222612965076492,0.13100096471490305,0.13025360530940958
209,209.0,209.0000729792466,0.12224631104759856,0.11514047841869347,0.14025423039631085,0.11514047841869347,0.12324547232321537,0.12163115264391439,0.13188885008433857,0.1304530266672355
210,210.0,210.00005555489076,0.12129760537537365,0.11393510590849971,0.14401356187051007,0.11404148888722311,0.12270983775148282,0.12096195790484811,0.13251875947480676,0.13052168282725593
211,211.0,211.00003931742162,0.12029696079235853,0.11276272446385371,0.14796055252912071,0.1129744265915133,0.12215247313302208,0.1210480217804072,0.13228674510507527,0.13051809560464933
212,212.0,212.0000243105252,0.11920610316875264,0.11157754903181977,0.1519211940842843,0.11189255967011764,0.12152691535786317,0.12167083592163405,0.1318644723713966,0.13034037039413202
213,213.0,213.00001056121314,0.11820634103887681,0.11055368092275067,0.15506125926694986,0.11096915741211238,0.1211183205878323,0.12238751127388725,0.13148561054424646,0.13021811895334445
214,214.0,213.99999808122018,0.11719890647190478,0.10958540008406466,0.15823002907354844,0.11009777937236254,0.12070925046874098,0.12308166696116564,0.13104977914986757,0.13004718841834556
215,215.0,214.9999868684143,0.11608352994610484,0.10856571948599916,0.16128183423250966,0.10917082579832896,0.12108162101446394,0.12363750228198281,0.13045592234781545,0.12972304489279535
216,216.0,215.99997690820487,0.11489099970514224,0.10749513198247097,0.16483132319574084,0.10818827985117853,0.12115690234324254,0.12457225651558443,0.1296633182712571,0.1292017881353836
217,217.0,216.99996817493434,0.11364820750519397,0.1063966852213127,0.16790773485768481,0.10863111064327884,0.1209834228578557,0.12520784607251187,0.12870820924685025,0.12851678359531213
218,218.0,217.9999606332415,0.11237742201235495,0.10528896414409585,0.1705372419282447,0.10894379947099582,0.12136999726016001,0.12616382254364839,0.12762194670193838,0.12769680593856214
219,219.0,218.99995423938554,0.11104968711270291,0.10598871644426502,0.17293502748528802,0.10911873561763966,0.1220498979568304,0.12681747618219164,0.1264082633364229,0.12563219586465968
220,220.0,219.9999489425213,0.10977645478684736,0.10673639123772592,0.1750281023493166,0.10928861865742892,0.12267715631323646,0.12779072963711235,0.12516326118414647,0.12353928583418616
221,221.0,220.99994468591828,0.10841060594626604,0.10727585228334754,0.17738805590304063,0.10931949893789504,0.1231180078470844,0.12840913425946746,0.12376976601255182,0.1223090788103473
222,222.0,221.9999414081164,0.1071138964565152,0.10784188155165489,0.17991088691192372,0.10934419782507977,0.1235059146182057,0.12882059421278802,0.12237579196820081,0.12108683645563213
223,223.0,222.99993904401353,0.10591380804883786,0.10844759049912486,0.18219079360607546,0.10940594361229655,0.12388514917801893,0.12919168936444428,0.12103818382166973,0.11992684186953255
224,224.0,223.99993752588082,0.10468224471649475,0.10888137304069856,0.18429646302591673,0.10938974221491113,0.1241421144652979,0.1294120733063272,0.119654009127883,0.11954198010247094
225,225.0,224.99993678430258,0.10351582900556572,0.10931939097442203,0.18630871543261168,0.10938503916641157,0.1236536708411915,0.12957610212104936,0.11903754080384381,0.1192037116549045
226,226.0,225.99993674903914,0.1024189856733375,0.10975647826290251,0.18821966855413266,0.10939036934355371,0.12314173845709593,0.129687408714339,0.11847495343412004,0.11891039756051879
227,227.0,226.99993734981166,0.10150967529921168,0.11039360018802258,0.19020956689700597,0.10904281964514549,0.12225192903599458,0.13150734338459763,0.11810462832012093,0.1169804372299013
228,228.0,227.9999385170088,0.10065038369326527,0.11099510874759376,0.1919910372760879,0.10868226984684232,0.12133204466691531,0.133550341220923,0.11773834925472076,0.1150604652936518
229,229.0,228.99994018231612,0.0997792173792553,0.1113893360733611,0.19428185969871878,0.1082353204283117,0.12031598666004173,0.1356072656619449,0.11730085294519216,0.1130901611531745
230,230.0,229.99994227926956,0.0989876113465771,0.1117564220527144,0.1967054804031722,0.10779661670121059,0.11930506881467086,0.13738839647415557,0.11688488960812289,0.11117551459937655
231,231.0,230.99994474373494,0.09827519624666012,0.11209508057973736,0.1988136455413097,0.10736939175290286,0.11830855691234198,0.13840778366224818,0.11649180681810939,0.1102385384866906
232,232.0,231.9999475143165,0.09756505724262926,0.11225289034403706,0.20086349227266342,0.1068806500603941,0.11809218891650937,0.13907854210410536,0.11604676513490746,0.10922041392475418
233,233.0,232.9999505326967,0.09684130772717582,0.11301013527301997,0.2029616402768845,0.10633189784049664,0.11775647867784628,0.13941544806155304,0.11554949337475046,0.10813359876827346
234,234.0,233.9999537439119,0.09616901867582765,0.1137215669545748,0.2048381546114862,0.10650579232069628,0.11671700705469124,0.1395014120577314,0.1150666713407989,0.10748037698419373
235,235.0,234.99995709656648,0.09552390837234638,0.1143000910448261,0.20697634311792507,0.10655329234390237,0.1156128406927794,0.13967679919769468,0.11451671392856198,0.10684001130196417
236,236.0,235.99996054298992,0.09495215667880608,0.11483851683868476,0.2088114972164489,0.10661472327512249,0.11454679450628866,0.13998033858302114,0.1139967275176425,0.10625924538398562
237,237.0,236.99996403934114,0.09449284880047228,0.11551587283825443,0.2097395210615059,0.10757360884977411,0.11364201730584216,0.14045535605104936,0.11356070216518455,0.10502007292791739
238,238.0,237.99996754566382,0.09408041754515786,0.11613759981871971,0.21047687068519338,0.10852210671890362,0.11277522962828365,0.1410283792199241,0.1131456861294167,0.10383371025440116
239,239.0,238.9999710258976,0.09374333182117855,0.11672239825089605,0.21102556259405658,0.10947112551308161,0.11197065523680963,0.14153871599754936,0.11278276089709215,0.10274544968933626
240,240.0,239.999974447849,0.09346734728747935,0.11725803236012929,0.21132841112436024,0.11040104230670014,0.11122003790156507,0.1421488219778545,0.11245018534986724,0.10172612169204433
241,241.0,240.99997778312678,0.09329633560166374,0.11712461750224926,0.21226133517152843,0.11073264244412591,0.11062032906919303,0.1428965920895801,0.11224269413729328,0.10082545398436642
242,242.0,241.9999810070455,0.09315810123392304,0.11693706500582889,0.21305848503237346,0.11102625673002957,0.11006625011815567,0.14341996564256967,0.11205327894975782,0.10028059728736205
243,243.0,242.99998409850193,0.09304957259250789,0.1178129961835028,0.21372596976072405,0.11128196851940955,0.10955799976253514,0.14372925793434888,0.1107697541672563,0.10007248107971557
244,244.0,243.9999870398277,0.09286453644790135,0.11842225423037393,0.21421503051749566,0.11139707292942466,0.10899213963174617,0.14385985455688247,0.11041799100772066,0.09983112067845527
245,245.0,244.9999898166226,0.09248193199013025,0.11866432483737656,0.2144118768802421,0.11125429970314304,0.10824990935384535,0.14480925027121264,0.1106963328078633,0.09943207415618695
246,246.0,245.99999241757178,0.09199948967953042,0.11948742104898957,0.21487219368699384,0.11101033045857037,0.10671660359920525,0.14616376688135915,0.11078057298794936,0.0989696216574022
247,247.0,246.99999483425034,0.09155001969249275,0.12026175777918427,0.2152811846914368,0.11074664055889752,0.10524788673426996,0.14744485660714834,0.11089455901346333,0.09857309492310715
248,248.0,247.99999706091853,0.09104309916806894,0.1211563607938516,0.2145194397590941,0.1103765742589455,0.10452995309826338,0.14928305925734509,0.11094291172992152,0.09814860193451
249,249.0,248.9999990943107,0.09114631412201359,0.12184950023364041,0.21342805274937054,0.10980235734962925,0.10369048350023248,0.15165735936608446,0.11081166192101591,0.09761427075801346
250,250.0,250.00000093342055,0.09120725210342578,0.12265688145097318,0.21222372214713237,0.10992165615090847,0.10285230455305938,0.1534783898928316,0.11062199600770668,0.09703779769396266
251,251.0,251.00000257928522,0.0911431406835978,0.1241224705297521,0.2115488247854731,0.11049727760718428,0.10193760656518958,0.15486392124129397,0.10946901326705022,0.09641774532045913
252,252.0,252.0000040347706,0.09095421606247865,0.125978294143353,0.210976692815795,0.11087302666285599,0.10157559796224927,0.15575739900883465,0.10813388218676309,0.09575089115767055
253,253.0,253.00000530435972,0.09072486244817422,0.12769252077672302,0.21007419931047275,0.11117295732691698,0.10193673986555032,0.15636847564560197,0.1069772859430516,0.0950529586835093
254,254.0,254.00000639394634,0.09050991627813448,0.12929358029994076,0.20914699887753144,0.11099257869955848,0.10235105068812467,0.15747717073294004,0.10584725334575583,0.09438145107801445
255,255.0,255.00000731063483,0.09022402453455082,0.13117642131196908,0.20800827767064667,0.1106965845457552,0.1026706327760817,0.15871247042576922,0.10486331593863697,0.09364827279659055
256,256.0,256.00000806254815,0.08988529087536364,0.13329028267505205,0.2067518387155453,0.11031341577360906,0.10291110384134423,0.1601333356255865,0.10381658269762764,0.09289814979587183
257,257.0,257.0000086586446,0.08952442355176618,0.13522785945339338,0.20602380400475245,0.10987661119979174,0.10338645994264503,0.16104777200197573,0.10277009508369167,0.09214297476198403
258,258.0,258.000009108545,0.08911580527250529,0.1367348058448017,0.20502120108630992,0.10958762769183317,0.10436926354087936,0.1621068563117652,0.10168283825141167,0.09138160200049393
259,259.0,259.0000094223699,0.08852943388077897,0.1382577034832148,0.2043731944531247,0.10909570954306609,0.10509867292948867,0.16261891122845618,0.10043158427332996,0.09159479020854086
260,260.0,260.00000961058856,0.0879135807765699,0.13990192903369777,0.20417921428445762,0.10855070177387793,0.10571797961951886,0.1627584213289131,0.09917031958915298,0.0918078535938121
261,261.0,261.00000968387957,0.08727670267092895,0.14163773278034297,0.20392463502633892,0.10796271343276317,0.10623161316166616,0.16303604631141827,0.09791227026407068,0.09201828635247115
262,262.0,262.0000096530026,0.08662061167654526,0.14295661746340046,0.20425448472376845,0.10732945609088602,0.10710873311752267,0.16288973830558687,0.09664574427288412,0.09219461434940641
263,263.0,263.00000952868334,0.08597778434385787,0.14390863624359193,0.20574718461837646,0.10669101005419865,0.10833758468175186,0.16264131802903967,0.09542395998526847,0.09127252204391535
264,264.0,264.00000932150914,0.08524144648794334,0.14459836353170522,0.20729438898689728,0.10594240256046825,0.10932937067904508,0.16219184614683316,0.09414274398259295,0.09125943762451495
265,265.0,265.0000090418373,0.08443495760045683,0.14546946299108512,0.20925178071826905,0.10510878089110975,0.1101759058938219,0.1613949367683468,0.09284551800029478,0.09131865713661595
266,266.0,266.0000086997143,0.0835786719831756,0.14594532752034262,0.21096469212597463,0.10421225699012475,0.11123295571825773,0.16129221788923093,0.09153424212165101,0.09123963565124289
267,267.0,267.0000083048064,0.0826879551265704,0.14619050106908474,0.21214138823655074,0.10326990928100419,0.11216116089504408,0.16226418959056635,0.09024178375350614,0.09104311204767357
268,268.0,268.0000078663412,0.08184872107822513,0.1464933911807092,0.21313315476716618,0.1023693073767383,0.11303790404247996,0.1631902813341302,0.08905296593379367,0.09087427428675755
269,269.0,269.00000739305915,0.08107005805364145,0.14711576006837435,0.2140712942832381,0.10152112687172846,0.11344581934328146,0.164068742276186,0.08797223486378955,0.09073496423976075
270,270.0,270.0000068931747,0.0802820838590773,0.1481037768249401,0.2151702862595583,0.10065699570948744,0.11366443204082563,0.16471404905596226,0.08691131079094463,0.09049706545920444
271,271.0,271.000006374347,0.07948750852448079,0.1497089934113161,0.2158153044217982,0.0997810494383652,0.1137675182715474,0.1653770923619701,0.08589085425935605,0.09017167931116628
272,272.0,272.0000058436586,0.07932638287575138,0.1512883745207628,0.21624151922017715,0.0989096739905113,0.11370768676796135,0.16584547447058529,0.08490526387450749,0.08977562427974334
273,273.0,273.0000053076024,0.07913690532748643,0.152635531156847,0.21677337011006587,0.09805032287065663,0.11355640906649796,0.1665536496261623,0.08397395191199877,0.08931985993028516
274,274.0,274.00000477207584,0.07890997896394236,0.15394622601552652,0.2179304454778555,0.09719615177928796,0.11325312712906764,0.16689065942034592,0.08307232325706415,0.08880108795691002
275,275.0,275.0000042423811,0.07868269045825907,0.15506275567306838,0.21932122582632366,0.09640439997213796,0.11291657179759104,0.1669538198487113,0.08230509196261365,0.08835344446129502
276,276.0,276.0000037232321,0.07842081711455483,0.15664202474304367,0.22031285442213244,0.09561731747080998,0.11244110034383123,0.16719454355614696,0.08154804997848206,0.08782329237099895
277,277.0,277.0000032187657,0.07818814947572619,0.1582591112561298,0.22140537175516226,0.09487600895465984,0.11187741784335406,0.16727330256499,0.08084038240895956,0.08728025574101839
278,278.0,278.00000273255824,0.07797767669064717,0.15989339277229486,0.2222809026705871,0.09418238095818257,0.11123741103756257,0.16748229597488398,0.08019386443685673,0.08675207545898513
279,279.0,279.0000022676459,0.07731478407009562,0.16078806802635914,0.22392797155598654,0.09356410177767768,0.11088156169616609,0.16759521083314582,0.07963393848986879,0.08629436355070047
280,280.0,280.0000018265484,0.07668693250684637,0.1617024208410583,0.22546649382364156,0.09300540930637508,0.11046858642012887,0.16766086964941213,0.07914273138216973,0.08586655607036815
281,281.0,281.00000141129516,0.07609892646670172,0.16346666006628321,0.22744923037872394,0.09168713633802009,0.11002087984733859,0.16698521741746616,0.07875743969264079,0.08553450979282563
282,282.0,282.0000010234543,0.07554994248180191,0.16495283113660184,0.2292041906517967,0.09042803738399327,0.10952092342961624,0.16644009529342266,0.07870619883051674,0.08519778079225074
283,283.0,283.00000066416294,0.07506948977898287,0.16583501200829823,0.23090866399193932,0.08926847685568266,0.10905555903965669,0.16586325586675496,0.07874748046339101,0.08525206199529438
284,284.0,284.0000003341591,0.07459957427281037,0.1665269630632341,0.23273895767079872,0.08815415103154546,0.10857003563432896,0.16533007568504615,0.07881567404118071,0.08526456860105561
285,285.0,285.00000003381405,0.07416350955302457,0.1670711075559519,0.23439080607359097,0.08711134785374877,0.10809402533564641,0.16495090839986595,0.07893020742003967,0.08528808780813184
286,286.0,285.99999976316536,0.0737746450911639,0.16748813232814747,0.23571939542680648,0.08643203278188939,0.10765707398816302,0.1643920879432787,0.07913735412777773,0.08539927831277339
287,287.0,286.99999952194986,0.07341954286116519,0.16806709038316708,0.23714292253512073,0.08582535930067664,0.107235396404712,0.16370967861059726,0.07908373070132275,0.08551627920323837
288,288.0,287.99999930963645,0.07310474478320836,0.16852668596166476,0.2384784184574583,0.08529649710692412,0.1068382439236361,0.16303753342977745,0.07906721820962301,0.08565065812770799
289,289.0,288.99999912545803,0.0724123220210905,0.16908126361595044,0.23951584603319714,0.08546757395871171,0.1062586123586194,0.16258949090321878,0.07866741414989747,0.0860074769593146
290,290.0,289.99999896844287,0.07165551335868141,0.17002706885646277,0.24059849913207712,0.08546973214259487,0.10547357798058893,0.16229093755029628,0.07819538289463389,0.08628928808466478
291,291.0,290.9999988374448,0.07088174180212062,0.17080248829012332,0.24134095476440676,0.0860730384927918,0.1046055677751188,0.16209183592608384,0.07769666427599156,0.08650770867336335
292,292.0,291.9999987311721,0.06996032887502009,0.17106843433945879,0.2419353776481416,0.08652727660384424,0.1042379340069646,0.16271001137647234,0.0770364975876605,0.08652413956243787
293,293.0,292.99999864821496,0.06908937506294895,0.17124511929945468,0.24232971152509583,0.08701693313780032,0.10390503099591386,0.16346966915405153,0.07641175152273705,0.08653240930199779
294,294.0,293.99999858707133,0.0682196452313945,0.17175059335085424,0.24252513374579585,0.08748067092589962,0.10346105799872832,0.16430567255905054,0.07577471287712939,0.08648251331114756
295,295.0,294.9999985461714,0.06736578783105393,0.17254023311604808,0.24261651801100842,0.08792251801528014,0.10293018795010428,0.1650932896700102,0.07513922654909203,0.08639223885740295
296,296.0,295.99999852389976,0.06631611415766381,0.17335089494572026,0.24173192775703528,0.08818352447441846,0.10325148821298732,0.1652831810735069,0.07468001657982017,0.08720285279884782
297,297.0,296.9999985186163,0.0652979202587573,0.17395838331671815,0.24062762130517357,0.08842065443106216,0.10350686317154045,0.16542564806744878,0.07478868697663149,0.08797422247266816
298,298.0,297.999998528675,0.06434618531833,0.1744866162991597,0.23962486305001526,0.08866186945834915,0.10378508508032308,0.16543917639594502,0.07493327294324979,0.08872293145462806
299,299.0,298.99999855244107,0.06345908895075268,0.17492037581600736,0.23853982821181027,0.08889965705975666,0.10486141837668102,0.16532798723972672,0.07455068457610094,0.08944095976916441
300,300.0,299.9999985883061,0.0628090488216453,0.17686659549430261,0.23696659916003607,0.08730406305446249,0.10510688434929039,0.1653709680890406,0.07436763162172735,0.0912082094094953
301,301.0,300.99999863470157,0.06211338473682538,0.1784875939453278,0.23623632343427498,0.0856049728241512,0.10523536452202625,0.16540816151923282,0.07410066833157565,0.09281353068658604
302,302.0,301.9999986901105,0.06148303283258876,0.179998208096792,0.23547025472200397,0.08392899527510662,0.10444746211900247,0.16645528218517286,0.0738604211903989,0.09435634357893452
303,303.0,302.9999987530774,0.06269706773000465,0.18170046912091775,0.23452993504290354,0.08223835876663554,0.10307166860545956,0.1671636277367265,0.07360916152921322,0.09498971146813938
304,304.0,303.99999882221687,0.06459183423262178,0.1833447531730695,0.2333942763908342,0.08052923118732525,0.10160942716409789,0.16781304847947034,0.07330228500957456,0.0954151443630066
305,305.0,304.99999889622023,0.06695558397608287,0.18429158117913813,0.23236130150796255,0.07903632311879832,0.10101262879006981,0.1678119530294516,0.0731638023525714,0.09536682604592546
306,306.0,305.99999897386107,0.06931009033527472,0.1849590094843704,0.23132614661431858,0.07733315513967769,0.10071648438436276,0.1679649138553137,0.07307894609152926,0.09531125409515298
307,307.0,306.9999990539992,0.07081534455222227,0.18659078693542497,0.2307071298499286,0.07565581679443449,0.10133274161462578,0.16686688575439826,0.07292926488203352,0.09510202961693218
308,308.0,307.9999991355835,0.0724886804588761,0.1882912561371939,0.23056719680365786,0.0739821734202743,0.10176217895683447,0.1655050127405071,0.07268888876563707,0.09471461271701927
309,309.0,308.9999992176535,0.07408938260604067,0.19008889311095356,0.23057012557579828,0.07224723502613609,0.10211868899790823,0.16403146465129437,0.07244951203101876,0.09440469800085013
310,310.0,309.99999929934,0.0756202644048833,0.19182433119648462,0.2305721177533007,0.0706031010467126,0.10245012960662145,0.16265714135225137,0.07222688815155603,0.09404602648819
311,311.0,310.9999993798645,0.07704571326958015,0.193451618688667,0.23050942473758979,0.06904492594273834,0.10294294501457721,0.16137817061080695,0.07199256994909323,0.09363463178694738
312,312.0,311.99999945853784,0.07828481585921845,0.19483883438023297,0.23139570606622983,0.06749535057488487,0.1032761354639245,0.1599409510532816,0.07167286789227457,0.09309533870995325
313,313.0,312.9999995347585,0.07925858069245809,0.19582436000355938,0.23295300908893274,0.06593872069521413,0.10413426883568971,0.1582828517241207,0.0712473247715803,0.092360884188445
314,314.0,313.9999996080095,0.08014725690163958,0.1966786014285803,0.23462042209293257,0.06450531050928707,0.10497837244034086,0.15660216505565852,0.07084649490895456,0.0916213766626066
315,315.0,314.99999967785527,0.08095075504293466,0.19800423531453598,0.23620845483183017,0.06318948409750978,0.10550931113758419,0.15507440161682526,0.07018648944736015,0.09087686851141989
316,316.0,315.99999974393796,0.08160482099933153,0.1997791327970896,0.23751213175940258,0.06193504726134046,0.10595112730392234,0.15364799198700654,0.06949223191606531,0.09007751597584168
317,317.0,316.999999805973,0.08210454169907451,0.20202681451058585,0.2385350433436477,0.06074302628883496,0.10626306350079903,0.15232757165308394,0.06876871097460796,0.08923122802936606
318,318.0,317.99999986374485,0.08246391567832717,0.20400193915314388,0.23935390056847677,0.05962302567121224,0.10607493461100677,0.15142805763308603,0.06803001404127922,0.0890242126434679
319,319.0,318.999999917102,0.08269386310798318,0.20572294222925774,0.24044484606237165,0.05857987823657406,0.10578383904179466,0.15073496987330978,0.06728588054201332,0.08875378090669558
320,320.0,319.99999996595244,0.08281856473878345,0.2067274710190623,0.24133304597952415,0.05821170186718372,0.10582674192341034,0.15009419207382196,0.06655143190049437,0.08843685049771965
321,321.0,321.00000001025836,0.082874827600883,0.20771493565423316,0.24193843308264282,0.058102403703265644,0.10582023119510389,0.1495372098675244,0.06586335296829865,0.08814860592804837
322,322.0,322.0000000500311,0.08285709117668619,0.2083872232426623,0.2430962983304935,0.0574968657268597,0.10576170553264659,0.14930529263423864,0.06521796668089344,0.08787755667551958
323,323.0,323.0000000853262,0.08278418058791807,0.20891219685163034,0.24422455764712206,0.05698551234542635,0.10569142175435096,0.14914887696342313,0.06462308155110046,0.08763017229902854
324,324.0,324.00000011623854,0.08266321938003517,0.2087225432522695,0.24538896303759386,0.056566676219774646,0.10560773086566637,0.1489791261021557,0.06407871277418782,0.08799302836831689
325,325.0,325.0000001428973,0.08248835690606673,0.2082097379457209,0.24646482309501574,0.056223428664621905,0.10583096018647681,0.14884673123469136,0.06357338708167562,0.08836257488573086
326,326.0,326.00000016546124,0.08226251974191598,0.20774704130665445,0.24748407332705402,0.05594552853550568,0.10597809396691679,0.14874656412199147,0.06310594383412288,0.0887302351658387
327,327.0,327.00000018411407,0.08199607787674568,0.20700786658701706,0.24841094978708722,0.055733946568383666,0.10639975779303701,0.14867729497041132,0.06267857103924511,0.08909553537807295
328,328.0,328.00000019906054,0.0816626659517162,0.2064455217988702,0.24908161188587383,0.05555107651913435,0.10670771065783037,0.14893635925206358,0.06225844513213029,0.0893566088023812
329,329.0,329.00000021052176,0.08130951152050536,0.20582855153329868,0.24977478464368574,0.055433072324904575,0.10699660453130377,0.1491565091574712,0.06188623911151489,0.08961472717731583
330,330.0,330.0000002187316,0.0809482297005469,0.2051861128883183,0.25035487279308233,0.0553826393521572,0.1072719672563044,0.14941506993161757,0.06156508978393959,0.0898760182940338
331,331.0,331.00000022393317,0.0805798213913809,0.20451347845818277,0.25085820583121937,0.05538838782217007,0.10753068599166238,0.14970390255112026,0.061291390644609,0.09013412730965535
