Total_iterations,Unnamed: 0.1,Intertwine_two,Add_vertex,Delete_vertex,Invert_path_vertices,Insert_inside_vertex,Delete_inside_vertex,Replace_inside_vertex,Donate_between_routes
0,0.0,0.125,0.125,0.125,0.125,0.125,0.125,0.125,0.125
1,1.0,0.125,0.125,0.125,0.125,0.125,0.125,0.125,0.125
2,2.0,0.125,0.125,0.125,0.125,0.125,0.125,0.125,0.125
3,3.0,0.125,0.125,0.125,0.125,0.125,0.125,0.125,0.125
4,4.0,0.125,0.125,0.125,0.125,0.125,0.125,0.125,0.125
5,5.0,0.125,0.125,0.125,0.125,0.125,0.125,0.125,0.125
6,6.0,0.125,0.125,0.125,0.125,0.125,0.125,0.125,0.125
7,7.0,0.125,0.125,0.125,0.125,0.125,0.125,0.125,0.125
8,8.0,0.125,0.125,0.125,0.125,0.125,0.125,0.125,0.125
9,9.0,0.125,0.125,0.125,0.125,0.125,0.125,0.125,0.125
10,10.0,0.125,0.125,0.125,0.125,0.125,0.125,0.125,0.125
11,11.0,0.125,0.125,0.125,0.125,0.125,0.125,0.125,0.125
12,12.0,0.125,0.125,0.125,0.125,0.125,0.125,0.125,0.125
13,13.0,0.125,0.125,0.125,0.125,0.125,0.125,0.125,0.125
14,14.0,0.125,0.125,0.125,0.125,0.125,0.125,0.125,0.125
15,15.0,0.125,0.125,0.125,0.125,0.125,0.125,0.125,0.125
16,16.0,0.125,0.125,0.125,0.125,0.125,0.125,0.125,0.125
17,17.0,0.125,0.125,0.125,0.125,0.125,0.125,0.125,0.125
18,18.0,0.125,0.125,0.125,0.125,0.125,0.125,0.125,0.125
19,19.0,0.125,0.125,0.125,0.125,0.125,0.125,0.125,0.125
20,20.0,0.125,0.125,0.125,0.125,0.125,0.125,0.125,0.125
21,21.0,0.125,0.125,0.125,0.125,0.125,0.125,0.125,0.125
22,22.0,0.125,0.125,0.125,0.125,0.125,0.125,0.125,0.125
23,23.0,0.125,0.125,0.125,0.125,0.125,0.125,0.125,0.125
24,24.0,0.125,0.125,0.125,0.125,0.125,0.125,0.125,0.125
25,25.0,0.125,0.125,0.125,0.125,0.125,0.125,0.125,0.125
26,26.0,0.125,0.125,0.125,0.125,0.125,0.125,0.125,0.125
27,27.0,0.125,0.125,0.125,0.125,0.125,0.125,0.125,0.125
28,28.0,0.125,0.125,0.125,0.125,0.125,0.125,0.125,0.125
29,29.0,0.125,0.125,0.125,0.125,0.125,0.125,0.125,0.125
30,30.0,0.125,0.125,0.125,0.125,0.125,0.125,0.125,0.125
31,31.0,0.125,0.125,0.125,0.125,0.125,0.125,0.125,0.125
32,32.0,0.125,0.125,0.125,0.125,0.125,0.125,0.125,0.125
33,33.0,0.125,0.125,0.125,0.125,0.125,0.125,0.125,0.125
34,34.0,0.125,0.125,0.125,0.125,0.125,0.125,0.125,0.125
35,35.0,0.125,0.125,0.125,0.125,0.125,0.125,0.125,0.125
36,36.0,0.125,0.125,0.125,0.125,0.125,0.125,0.125,0.125
37,37.0,0.125,0.125,0.125,0.125,0.125,0.125,0.125,0.125
38,38.0,0.125,0.125,0.125,0.125,0.125,0.125,0.125,0.125
39,39.0,0.125,0.125,0.125,0.125,0.125,0.125,0.125,0.125
40,40.0,0.125,0.125,0.125,0.125,0.125,0.125,0.125,0.125
41,41.0,0.125,0.125,0.125,0.125,0.125,0.125,0.125,0.125
42,42.0,0.125,0.125,0.125,0.125,0.125,0.125,0.125,0.125
43,43.0,0.125,0.125,0.125,0.125,0.125,0.125,0.125,0.125
44,44.0,0.125,0.125,0.125,0.125,0.125,0.125,0.125,0.125
45,45.0,0.125,0.125,0.125,0.125,0.125,0.125,0.125,0.125
46,46.0,0.125,0.125,0.125,0.125,0.125,0.125,0.125,0.125
47,47.0,0.125,0.125,0.125,0.125,0.125,0.125,0.125,0.125
48,48.0,0.125,0.125,0.125,0.125,0.125,0.125,0.125,0.125
49,49.0,0.125,0.125,0.125,0.125,0.125,0.125,0.125,0.125
50,50.0,0.125,0.125,0.125,0.125,0.125,0.125,0.125,0.125
51,51.0,0.125,0.125,0.125,0.125,0.125,0.125,0.125,0.125
52,52.0,0.125,0.125,0.125,0.125,0.125,0.125,0.125,0.125
53,53.0,0.125,0.125,0.125,0.125,0.125,0.125,0.125,0.125
54,54.0,0.125,0.125,0.125,0.125,0.125,0.125,0.125,0.125
55,55.0,0.125,0.125,0.125,0.125,0.125,0.125,0.125,0.125
56,56.0,0.125,0.125,0.125,0.125,0.125,0.125,0.125,0.125
57,57.0,0.125,0.125,0.125,0.125,0.125,0.125,0.125,0.125
58,58.0,0.125,0.125,0.125,0.125,0.125,0.125,0.125,0.125
59,59.0,0.125,0.125,0.125,0.125,0.125,0.125,0.125,0.125
60,60.0,0.125,0.125,0.125,0.125,0.125,0.125,0.125,0.125
61,61.0,0.125,0.125,0.125,0.125,0.125,0.125,0.125,0.125
62,62.0,0.125,0.125,0.125,0.125,0.125,0.125,0.125,0.125
63,63.0,0.125,0.125,0.125,0.125,0.125,0.125,0.125,0.125
64,64.0,0.125,0.125,0.125,0.125,0.125,0.125,0.125,0.125
65,65.0,0.125,0.125,0.125,0.125,0.125,0.125,0.125,0.125
66,66.0,0.125,0.125,0.125,0.125,0.125,0.125,0.125,0.125
67,67.0,0.125,0.125,0.125,0.125,0.125,0.125,0.125,0.125
68,68.0,0.125,0.125,0.125,0.125,0.125,0.125,0.125,0.125
69,69.0,0.125,0.125,0.125,0.125,0.125,0.125,0.125,0.125
70,70.0,0.125,0.125,0.125,0.125,0.125,0.125,0.125,0.125
71,71.0,0.125,0.125,0.125,0.125,0.125,0.125,0.125,0.125
72,72.0,0.125,0.125,0.125,0.125,0.125,0.125,0.125,0.125
73,73.0,0.125,0.125,0.125,0.125,0.125,0.125,0.125,0.125
74,74.0,0.125,0.125,0.125,0.125,0.125,0.125,0.125,0.125
75,75.0,0.125,0.125,0.125,0.125,0.125,0.125,0.125,0.125
76,76.0,0.125,0.125,0.125,0.125,0.125,0.125,0.125,0.125
77,77.0,0.125,0.125,0.125,0.125,0.125,0.125,0.125,0.125
78,78.0,0.125,0.125,0.125,0.125,0.125,0.125,0.125,0.125
79,79.0,0.125,0.125,0.125,0.125,0.125,0.125,0.125,0.125
80,80.0,0.125,0.125,0.125,0.125,0.125,0.125,0.125,0.125
81,81.0,0.125,0.125,0.125,0.125,0.125,0.125,0.125,0.125
82,82.0,0.125,0.125,0.125,0.125,0.125,0.125,0.125,0.125
83,83.0,0.125,0.125,0.125,0.125,0.125,0.125,0.125,0.125
84,84.0,0.125,0.125,0.125,0.125,0.125,0.125,0.125,0.125
85,85.0,0.125,0.125,0.125,0.125,0.125,0.125,0.125,0.125
86,86.0,0.125,0.125,0.125,0.125,0.125,0.125,0.125,0.125
87,87.0,0.125,0.125,0.125,0.125,0.125,0.125,0.125,0.125
88,88.0,0.125,0.125,0.125,0.125,0.125,0.125,0.125,0.125
89,89.0,0.125,0.125,0.125,0.125,0.125,0.125,0.125,0.125
90,90.0,0.125,0.125,0.125,0.125,0.125,0.125,0.125,0.125
91,91.0,0.125,0.125,0.125,0.125,0.125,0.125,0.125,0.125
92,92.0,0.125,0.125,0.125,0.125,0.125,0.125,0.125,0.125
93,93.0,0.125,0.125,0.125,0.125,0.125,0.125,0.125,0.125
94,94.0,0.125,0.125,0.125,0.125,0.125,0.125,0.125,0.125
95,95.0,0.125,0.125,0.125,0.125,0.125,0.125,0.125,0.125
96,96.0,0.125,0.125,0.125,0.125,0.125,0.125,0.125,0.125
97,97.0,0.125,0.125,0.125,0.125,0.125,0.125,0.125,0.125
98,98.0,0.125,0.125,0.125,0.125,0.125,0.125,0.125,0.125
99,99.0,0.125,0.125,0.125,0.125,0.125,0.125,0.125,0.125
100,100.0,0.125,0.125,0.125,0.125,0.125,0.125,0.125,0.125
101,101.0,0.125,0.125,0.125,0.125,0.125,0.125,0.125,0.125
102,102.0,0.125,0.125,0.125,0.125,0.125,0.125,0.125,0.125
103,103.0,0.125,0.125,0.125,0.125,0.125,0.125,0.125,0.125
104,104.0,0.125,0.125,0.125,0.125,0.125,0.125,0.125,0.125
105,105.0,0.125,0.125,0.125,0.125,0.125,0.125,0.125,0.125
106,106.0,0.125,0.125,0.125,0.125,0.125,0.125,0.125,0.125
107,107.0,0.125,0.125,0.125,0.125,0.125,0.125,0.125,0.125
108,108.0,0.125,0.125,0.125,0.125,0.125,0.125,0.125,0.125
109,109.0,0.125,0.125,0.125,0.125,0.125,0.125,0.125,0.125
110,110.0,0.125,0.125,0.125,0.125,0.125,0.125,0.125,0.125
111,111.0,0.125,0.125,0.125,0.125,0.125,0.125,0.125,0.125
112,112.0,0.125,0.125,0.125,0.125,0.125,0.125,0.125,0.125
113,113.0,0.125,0.125,0.125,0.125,0.125,0.125,0.125,0.125
114,114.0,0.125,0.125,0.125,0.125,0.125,0.125,0.125,0.125
115,115.0,0.125,0.125,0.125,0.125,0.125,0.125,0.125,0.125
116,116.0,0.125,0.125,0.125,0.125,0.125,0.125,0.125,0.125
117,117.0,0.125,0.125,0.125,0.125,0.125,0.125,0.125,0.125
118,118.0,0.125,0.125,0.125,0.125,0.125,0.125,0.125,0.125
119,119.0,0.125,0.125,0.125,0.125,0.125,0.125,0.125,0.125
120,120.0,0.125,0.125,0.125,0.125,0.125,0.125,0.125,0.125
121,121.0,0.125,0.125,0.125,0.125,0.125,0.125,0.125,0.125
122,122.0,0.125,0.125,0.125,0.125,0.125,0.125,0.125,0.125
123,123.0,0.125,0.125,0.125,0.125,0.125,0.125,0.125,0.125
124,124.0,0.125,0.125,0.125,0.125,0.125,0.125,0.125,0.125
125,125.0,0.125,0.125,0.125,0.125,0.125,0.125,0.125,0.125
126,126.0,0.125,0.125,0.125,0.125,0.125,0.125,0.125,0.125
127,127.0,0.125,0.125,0.125,0.125,0.125,0.125,0.125,0.125
128,128.0,0.125,0.125,0.125,0.125,0.125,0.125,0.125,0.125
129,129.0,0.125,0.125,0.125,0.125,0.125,0.125,0.125,0.125
130,130.0,0.125,0.125,0.125,0.125,0.125,0.125,0.125,0.125
131,131.0,0.125,0.125,0.125,0.125,0.125,0.125,0.125,0.125
132,132.0,0.125,0.125,0.125,0.125,0.125,0.125,0.125,0.125
133,133.0,0.125,0.125,0.125,0.125,0.125,0.125,0.125,0.125
134,134.0,0.125,0.125,0.125,0.125,0.125,0.125,0.125,0.125
135,135.0,0.125,0.125,0.125,0.125,0.125,0.125,0.125,0.125
136,136.0,0.125,0.125,0.125,0.125,0.125,0.125,0.125,0.125
137,137.0,0.125,0.125,0.125,0.125,0.125,0.125,0.125,0.125
138,138.0,0.125,0.125,0.125,0.125,0.125,0.125,0.125,0.125
139,139.0,0.125,0.125,0.125,0.125,0.125,0.125,0.125,0.125
140,140.0,0.125,0.125,0.125,0.125,0.125,0.125,0.125,0.125
141,141.0,0.125,0.125,0.125,0.125,0.125,0.125,0.125,0.125
142,142.0,0.125,0.125,0.125,0.125,0.125,0.125,0.125,0.125
143,143.0,0.125,0.125,0.125,0.125,0.125,0.125,0.125,0.125
144,144.0,0.125,0.125,0.125,0.125,0.125,0.125,0.125,0.125
145,145.0,0.125,0.125,0.125,0.125,0.125,0.125,0.125,0.125
146,146.0,0.125,0.125,0.125,0.125,0.125,0.125,0.125,0.125
147,147.0,0.125,0.125,0.125,0.125,0.125,0.125,0.125,0.125
148,148.0,0.125,0.125,0.125,0.125,0.125,0.125,0.125,0.125
149,149.0,0.125,0.125,0.125,0.125,0.125,0.125,0.125,0.125
150,150.0,0.125,0.125,0.125,0.125,0.125,0.125,0.125,0.125
151,151.0,0.125,0.125,0.125,0.125,0.125,0.125,0.125,0.125
152,152.0,0.125,0.125,0.125,0.125,0.125,0.125,0.125,0.125
153,153.0,0.125,0.125,0.125,0.125,0.125,0.125,0.125,0.125
154,154.0,0.125,0.125,0.125,0.125,0.125,0.125,0.125,0.125
155,155.0,0.125,0.125,0.125,0.125,0.125,0.125,0.125,0.125
156,156.0,0.125,0.125,0.125,0.125,0.125,0.125,0.125,0.125
157,157.0,0.125,0.125,0.125,0.125,0.125,0.125,0.125,0.125
158,158.0,0.125,0.125,0.125,0.125,0.125,0.125,0.125,0.125
159,159.0,0.125,0.125,0.125,0.125,0.125,0.125,0.125,0.125
160,160.0,0.125,0.125,0.125,0.125,0.125,0.125,0.125,0.125
161,161.0,0.125,0.125,0.125,0.125,0.125,0.125,0.125,0.125
162,162.0,0.125,0.125,0.125,0.125,0.125,0.125,0.125,0.125
163,163.0,0.125,0.125,0.125,0.125,0.125,0.125,0.125,0.125
164,164.0,0.125,0.125,0.125,0.125,0.125,0.125,0.125,0.125
165,165.0,0.125,0.125,0.125,0.125,0.125,0.125,0.125,0.125
166,166.0,0.125,0.125,0.125,0.125,0.125,0.125,0.125,0.125
167,167.0,0.125,0.125,0.125,0.125,0.125,0.125,0.125,0.125
168,168.0,0.125,0.125,0.125,0.125,0.125,0.125,0.125,0.125
169,169.0,0.125,0.125,0.125,0.125,0.125,0.125,0.125,0.125
170,170.0,0.125,0.125,0.125,0.125,0.125,0.125,0.125,0.125
171,171.0,0.125,0.125,0.125,0.125,0.125,0.125,0.125,0.125
172,172.0,0.125,0.125,0.125,0.125,0.125,0.125,0.125,0.125
173,173.0,0.125,0.125,0.125,0.125,0.125,0.125,0.125,0.125
174,174.0,0.125,0.125,0.125,0.125,0.125,0.125,0.125,0.125
175,175.0,0.125,0.125,0.125,0.125,0.125,0.125,0.125,0.125
176,176.0,0.125,0.125,0.125,0.125,0.125,0.125,0.125,0.125
177,177.0,0.125,0.125,0.125,0.125,0.125,0.125,0.125,0.125
178,178.0,0.125,0.125,0.125,0.125,0.125,0.125,0.125,0.125
179,179.0,0.125,0.125,0.125,0.125,0.125,0.125,0.125,0.125
180,180.0,0.125,0.125,0.125,0.125,0.125,0.125,0.125,0.125
181,181.0,0.125,0.125,0.125,0.125,0.125,0.125,0.125,0.125
182,182.0,0.125,0.125,0.125,0.125,0.125,0.125,0.125,0.125
183,183.0,0.125,0.125,0.125,0.125,0.125,0.125,0.125,0.125
184,184.0,0.125,0.125,0.125,0.125,0.125,0.125,0.125,0.125
185,185.0,0.125,0.125,0.125,0.125,0.125,0.125,0.125,0.125
186,186.0,0.125,0.125,0.125,0.125,0.125,0.125,0.125,0.125
187,187.0,0.125,0.125,0.125,0.125,0.125,0.125,0.125,0.125
188,188.0,0.125,0.125,0.125,0.125,0.125,0.125,0.125,0.125
189,189.0,0.125,0.125,0.125,0.125,0.125,0.125,0.125,0.125
190,190.0,0.125,0.125,0.125,0.125,0.125,0.125,0.125,0.125
191,191.0,0.125,0.125,0.125,0.125,0.125,0.125,0.125,0.125
192,192.0,0.125,0.125,0.125,0.125,0.125,0.125,0.125,0.125
193,193.0,0.125,0.125,0.125,0.125,0.125,0.125,0.125,0.125
194,194.0,0.125,0.125,0.125,0.125,0.125,0.125,0.125,0.125
195,195.0,0.125,0.125,0.125,0.125,0.125,0.125,0.125,0.125
196,196.0,0.125,0.125,0.125,0.125,0.125,0.125,0.125,0.125
197,197.0,0.125,0.125,0.125,0.125,0.125,0.125,0.125,0.125
198,198.0,0.125,0.125,0.125,0.125,0.125,0.125,0.125,0.125
199,199.0,0.125,0.125,0.125,0.125,0.125,0.125,0.125,0.125
200,200.0,0.1247222222222222,0.1247222222222222,0.1247222222222222,0.1247222222222222,0.1247222222222222,0.1247222222222222,0.1258333333333333,0.1258333333333333
201,201.0,0.1252676689576174,0.1241565578465063,0.1241565578465063,0.1241565578465063,0.1252676689576174,0.1241565578465063,0.1263676689576174,0.1264707617411225
202,202.0,0.1254642042861818,0.1233642042861818,0.1253642042861818,0.1233642042861818,0.1254642042861818,0.1234662451025083,0.1266543153972929,0.1268584180692895
203,203.0,0.125335408170135,0.122357317261044,0.1271554990792258,0.122357317261044,0.1254263172610441,0.1236714895966449,0.1266967383721551,0.1269999129987068
204,204.0,0.1250926269676237,0.1212631260585328,0.1288135078767145,0.1212631260585328,0.1252735360585328,0.1236652791197572,0.1266146430696439,0.1280141547906622
205,205.0,0.1247587779084105,0.1201103939175013,0.1303440700993195,0.1201103939175013,0.1250279688175014,0.1234870030918984,0.1273394840887034,0.1288219081591641
206,206.0,0.1243523668748182,0.1189225628592727,0.1317506853883636,0.1189225628592727,0.1247074104202727,0.1231677720405652,0.1287287739324405,0.1294478656249942
207,207.0,0.1238013808412874,0.1177074453285731,0.1337059247085549,0.1177074453285731,0.1243149898088631,0.1227854798392246,0.1300127808805562,0.1299645532643673
208,208.0,0.1230698431122032,0.1164198978379334,0.136807867436071,0.1164198978379334,0.1238017941007815,0.1222261296507649,0.131000964714903,0.1302536053094095
209,209.0,0.1222463110475985,0.1151404784186934,0.1402542303963108,0.1151404784186934,0.1232454723232153,0.1216311526439143,0.1318888500843385,0.1304530266672355
210,210.0,0.1212976053753736,0.1139351059084997,0.14401356187051,0.1140414888872231,0.1227098377514828,0.1209619579048481,0.1325187594748067,0.1305216828272559
211,211.0,0.1202969607923585,0.1127627244638537,0.1479605525291207,0.1129744265915133,0.122152473133022,0.1210480217804072,0.1322867451050752,0.1305180956046493
212,212.0,0.1192061031687526,0.1115775490318197,0.1519211940842843,0.1118925596701176,0.1215269153578631,0.121670835921634,0.1318644723713966,0.130340370394132
213,213.0,0.1182063410388768,0.1105536809227506,0.1550612592669498,0.1109691574121123,0.1211183205878323,0.1223875112738872,0.1314856105442464,0.1302181189533444
214,214.0,0.1171989064719047,0.1095854000840646,0.1582300290735484,0.1100977793723625,0.1207092504687409,0.1230816669611656,0.1310497791498675,0.1300471884183455
215,215.0,0.1160835299461048,0.1085657194859991,0.1612818342325096,0.1091708257983289,0.1210816210144639,0.1236375022819828,0.1304559223478154,0.1297230448927953
216,216.0,0.1148909997051422,0.1074951319824709,0.1648313231957408,0.1081882798511785,0.1211569023432425,0.1245722565155844,0.1296633182712571,0.1292017881353836
217,217.0,0.1136482075051939,0.1063966852213127,0.1679077348576848,0.1086311106432788,0.1209834228578557,0.1252078460725118,0.1287082092468502,0.1285167835953121
218,218.0,0.1123774220123549,0.1052889641440958,0.1705372419282447,0.1089437994709958,0.12136999726016,0.1261638225436483,0.1276219467019383,0.1276968059385621
219,219.0,0.1110496871127029,0.105988716444265,0.172935027485288,0.1091187356176396,0.1220498979568304,0.1268174761821916,0.1264082633364229,0.1256321958646596
220,220.0,0.1097764547868473,0.1067363912377259,0.1750281023493166,0.1092886186574289,0.1226771563132364,0.1277907296371123,0.1251632611841464,0.1235392858341861
221,221.0,0.108410605946266,0.1072758522833475,0.1773880559030406,0.109319498937895,0.1231180078470844,0.1284091342594674,0.1237697660125518,0.1223090788103473
222,222.0,0.1071138964565152,0.1078418815516548,0.1799108869119237,0.1093441978250797,0.1235059146182057,0.128820594212788,0.1223757919682008,0.1210868364556321
223,223.0,0.1059138080488378,0.1084475904991248,0.1821907936060754,0.1094059436122965,0.1238851491780189,0.1291916893644442,0.1210381838216697,0.1199268418695325
224,224.0,0.1046822447164947,0.1088813730406985,0.1842964630259167,0.1093897422149111,0.1241421144652979,0.1294120733063272,0.119654009127883,0.1195419801024709
225,225.0,0.1035158290055657,0.109319390974422,0.1863087154326116,0.1093850391664115,0.1236536708411915,0.1295761021210493,0.1190375408038438,0.1192037116549045
226,226.0,0.1024189856733375,0.1097564782629025,0.1882196685541326,0.1093903693435537,0.1231417384570959,0.129687408714339,0.11847495343412,0.1189103975605187
227,227.0,0.1015096752992116,0.1103936001880225,0.1902095668970059,0.1090428196451454,0.1222519290359945,0.1315073433845976,0.1181046283201209,0.1169804372299013
228,228.0,0.1006503836932652,0.1109951087475937,0.1919910372760879,0.1086822698468423,0.1213320446669153,0.133550341220923,0.1177383492547207,0.1150604652936518
229,229.0,0.0997792173792553,0.1113893360733611,0.1942818596987187,0.1082353204283117,0.1203159866600417,0.1356072656619449,0.1173008529451921,0.1130901611531745
230,230.0,0.0989876113465771,0.1117564220527144,0.1967054804031722,0.1077966167012105,0.1193050688146708,0.1373883964741555,0.1168848896081228,0.1111755145993765
231,231.0,0.0982751962466601,0.1120950805797373,0.1988136455413097,0.1073693917529028,0.1183085569123419,0.1384077836622481,0.1164918068181093,0.1102385384866906
232,232.0,0.0975650572426292,0.112252890344037,0.2008634922726634,0.1068806500603941,0.1180921889165093,0.1390785421041053,0.1160467651349074,0.1092204139247541
233,233.0,0.0968413077271758,0.1130101352730199,0.2029616402768845,0.1063318978404966,0.1177564786778462,0.139415448061553,0.1155494933747504,0.1081335987682734
234,234.0,0.0961690186758276,0.1137215669545748,0.2048381546114862,0.1065057923206962,0.1167170070546912,0.1395014120577314,0.1150666713407989,0.1074803769841937
235,235.0,0.0955239083723463,0.1143000910448261,0.206976343117925,0.1065532923439023,0.1156128406927794,0.1396767991976946,0.1145167139285619,0.1068400113019641
236,236.0,0.094952156678806,0.1148385168386847,0.2088114972164489,0.1066147232751224,0.1145467945062886,0.1399803385830211,0.1139967275176425,0.1062592453839856
237,237.0,0.0944928488004722,0.1155158728382544,0.2097395210615059,0.1075736088497741,0.1136420173058421,0.1404553560510493,0.1135607021651845,0.1050200729279173
238,238.0,0.0940804175451578,0.1161375998187197,0.2104768706851933,0.1085221067189036,0.1127752296282836,0.1410283792199241,0.1131456861294167,0.1038337102544011
239,239.0,0.0937433318211785,0.116722398250896,0.2110255625940565,0.1094711255130816,0.1119706552368096,0.1415387159975493,0.1127827608970921,0.1027454496893362
240,240.0,0.0934673472874793,0.1172580323601292,0.2113284111243602,0.1104010423067001,0.111220037901565,0.1421488219778545,0.1124501853498672,0.1017261216920443
241,241.0,0.0932963356016637,0.1171246175022492,0.2122613351715284,0.1107326424441259,0.110620329069193,0.1428965920895801,0.1122426941372932,0.1008254539843664
242,242.0,0.093158101233923,0.1169370650058288,0.2130584850323734,0.1110262567300295,0.1100662501181556,0.1434199656425696,0.1120532789497578,0.100280597287362
243,243.0,0.0930495725925078,0.1178129961835028,0.213725969760724,0.1112819685194095,0.1095579997625351,0.1437292579343488,0.1107697541672563,0.1000724810797155
244,244.0,0.0928645364479013,0.1184222542303739,0.2142150305174956,0.1113970729294246,0.1089921396317461,0.1438598545568824,0.1104179910077206,0.0998311206784552
245,245.0,0.0924819319901302,0.1186643248373765,0.2144118768802421,0.111254299703143,0.1082499093538453,0.1448092502712126,0.1106963328078633,0.0994320741561869
246,246.0,0.0919994896795304,0.1194874210489895,0.2148721936869938,0.1110103304585703,0.1067166035992052,0.1461637668813591,0.1107805729879493,0.0989696216574022
247,247.0,0.0915500196924927,0.1202617577791842,0.2152811846914368,0.1107466405588975,0.1052478867342699,0.1474448566071483,0.1108945590134633,0.0985730949231071
248,248.0,0.0910430991680689,0.1211563607938516,0.2145194397590941,0.1103765742589455,0.1045299530982633,0.149283059257345,0.1109429117299215,0.09814860193451
249,249.0,0.0911463141220135,0.1218495002336404,0.2134280527493705,0.1098023573496292,0.1036904835002324,0.1516573593660844,0.1108116619210159,0.0976142707580134
250,250.0,0.0912072521034257,0.1226568814509731,0.2122237221471323,0.1099216561509084,0.1028523045530593,0.1534783898928316,0.1106219960077066,0.0970377976939626
251,251.0,0.0911431406835978,0.1241224705297521,0.2115488247854731,0.1104972776071842,0.1019376065651895,0.1548639212412939,0.1094690132670502,0.0964177453204591
252,252.0,0.0909542160624786,0.125978294143353,0.210976692815795,0.1108730266628559,0.1015755979622492,0.1557573990088346,0.108133882186763,0.0957508911576705
253,253.0,0.0907248624481742,0.127692520776723,0.2100741993104727,0.1111729573269169,0.1019367398655503,0.1563684756456019,0.1069772859430516,0.0950529586835093
254,254.0,0.0905099162781344,0.1292935802999407,0.2091469988775314,0.1109925786995584,0.1023510506881246,0.15747717073294,0.1058472533457558,0.0943814510780144
255,255.0,0.0902240245345508,0.131176421311969,0.2080082776706466,0.1106965845457552,0.1026706327760817,0.1587124704257692,0.1048633159386369,0.0936482727965905
256,256.0,0.0898852908753636,0.133290282675052,0.2067518387155453,0.110313415773609,0.1029111038413442,0.1601333356255865,0.1038165826976276,0.0928981497958718
257,257.0,0.0895244235517661,0.1352278594533933,0.2060238040047524,0.1098766111997917,0.103386459942645,0.1610477720019757,0.1027700950836916,0.092142974761984
258,258.0,0.0891158052725052,0.1367348058448017,0.2050212010863099,0.1095876276918331,0.1043692635408793,0.1621068563117652,0.1016828382514116,0.0913816020004939
259,259.0,0.0885294338807789,0.1382577034832148,0.2043731944531247,0.109095709543066,0.1050986729294886,0.1626189112284561,0.1004315842733299,0.0915947902085408
260,260.0,0.0879135807765699,0.1399019290336977,0.2041792142844576,0.1085507017738779,0.1057179796195188,0.1627584213289131,0.0991703195891529,0.0918078535938121
261,261.0,0.0872767026709289,0.1416377327803429,0.2039246350263389,0.1079627134327631,0.1062316131616661,0.1630360463114182,0.0979122702640706,0.0920182863524711
262,262.0,0.0866206116765452,0.1429566174634004,0.2042544847237684,0.107329456090886,0.1071087331175226,0.1628897383055868,0.0966457442728841,0.0921946143494064
263,263.0,0.0859777843438578,0.1439086362435919,0.2057471846183764,0.1066910100541986,0.1083375846817518,0.1626413180290396,0.0954239599852684,0.0912725220439153
264,264.0,0.0852414464879433,0.1445983635317052,0.2072943889868972,0.1059424025604682,0.109329370679045,0.1621918461468331,0.0941427439825929,0.0912594376245149
265,265.0,0.0844349576004568,0.1454694629910851,0.209251780718269,0.1051087808911097,0.1101759058938219,0.1613949367683468,0.0928455180002947,0.0913186571366159
266,266.0,0.0835786719831756,0.1459453275203426,0.2109646921259746,0.1042122569901247,0.1112329557182577,0.1612922178892309,0.091534242121651,0.0912396356512428
267,267.0,0.0826879551265704,0.1461905010690847,0.2121413882365507,0.1032699092810041,0.112161160895044,0.1622641895905663,0.0902417837535061,0.0910431120476735
268,268.0,0.0818487210782251,0.1464933911807092,0.2131331547671661,0.1023693073767383,0.1130379040424799,0.1631902813341302,0.0890529659337936,0.0908742742867575
269,269.0,0.0810700580536414,0.1471157600683743,0.2140712942832381,0.1015211268717284,0.1134458193432814,0.164068742276186,0.0879722348637895,0.0907349642397607
270,270.0,0.0802820838590773,0.1481037768249401,0.2151702862595583,0.1006569957094874,0.1136644320408256,0.1647140490559622,0.0869113107909446,0.0904970654592044
271,271.0,0.0794875085244807,0.1497089934113161,0.2158153044217982,0.0997810494383652,0.1137675182715474,0.1653770923619701,0.085890854259356,0.0901716793111662
272,272.0,0.0793263828757513,0.1512883745207628,0.2162415192201771,0.0989096739905113,0.1137076867679613,0.1658454744705852,0.0849052638745074,0.0897756242797433
273,273.0,0.0791369053274864,0.152635531156847,0.2167733701100658,0.0980503228706566,0.1135564090664979,0.1665536496261623,0.0839739519119987,0.0893198599302851
274,274.0,0.0789099789639423,0.1539462260155265,0.2179304454778555,0.0971961517792879,0.1132531271290676,0.1668906594203459,0.0830723232570641,0.08880108795691
275,275.0,0.078682690458259,0.1550627556730683,0.2193212258263236,0.0964043999721379,0.112916571797591,0.1669538198487113,0.0823050919626136,0.088353444461295
276,276.0,0.0784208171145548,0.1566420247430436,0.2203128544221324,0.0956173174708099,0.1124411003438312,0.1671945435561469,0.081548049978482,0.0878232923709989
277,277.0,0.0781881494757261,0.1582591112561298,0.2214053717551622,0.0948760089546598,0.111877417843354,0.16727330256499,0.0808403824089595,0.0872802557410183
278,278.0,0.0779776766906471,0.1598933927722948,0.2222809026705871,0.0941823809581825,0.1112374110375625,0.1674822959748839,0.0801938644368567,0.0867520754589851
279,279.0,0.0773147840700956,0.1607880680263591,0.2239279715559865,0.0935641017776776,0.110881561696166,0.1675952108331458,0.0796339384898687,0.0862943635507004
280,280.0,0.0766869325068463,0.1617024208410583,0.2254664938236415,0.093005409306375,0.1104685864201288,0.1676608696494121,0.0791427313821697,0.0858665560703681
281,281.0,0.0760989264667017,0.1634666600662832,0.2274492303787239,0.09168713633802,0.1100208798473385,0.1669852174174661,0.0787574396926407,0.0855345097928256
282,282.0,0.0755499424818019,0.1649528311366018,0.2292041906517967,0.0904280373839932,0.1095209234296162,0.1664400952934226,0.0787061988305167,0.0851977807922507
283,283.0,0.0750694897789828,0.1658350120082982,0.2309086639919393,0.0892684768556826,0.1090555590396566,0.1658632558667549,0.078747480463391,0.0852520619952943
284,284.0,0.0745995742728103,0.1665269630632341,0.2327389576707987,0.0881541510315454,0.1085700356343289,0.1653300756850461,0.0788156740411807,0.0852645686010556
285,285.0,0.0741635095530245,0.1670711075559519,0.2343908060735909,0.0871113478537487,0.1080940253356464,0.1649509083998659,0.0789302074200396,0.0852880878081318
286,286.0,0.0737746450911639,0.1674881323281474,0.2357193954268064,0.0864320327818893,0.107657073988163,0.1643920879432787,0.0791373541277777,0.0853992783127733
287,287.0,0.0734195428611651,0.168067090383167,0.2371429225351207,0.0858253593006766,0.107235396404712,0.1637096786105972,0.0790837307013227,0.0855162792032383
288,288.0,0.0731047447832083,0.1685266859616647,0.2384784184574583,0.0852964971069241,0.1068382439236361,0.1630375334297774,0.079067218209623,0.0856506581277079
289,289.0,0.0724123220210905,0.1690812636159504,0.2395158460331971,0.0854675739587117,0.1062586123586194,0.1625894909032187,0.0786674141498974,0.0860074769593146
290,290.0,0.0716555133586814,0.1700270688564627,0.2405984991320771,0.0854697321425948,0.1054735779805889,0.1622909375502962,0.0781953828946338,0.0862892880846647
291,291.0,0.0708817418021206,0.1708024882901233,0.2413409547644067,0.0860730384927918,0.1046055677751188,0.1620918359260838,0.0776966642759915,0.0865077086733633
292,292.0,0.06996032887502,0.1710684343394587,0.2419353776481416,0.0865272766038442,0.1042379340069646,0.1627100113764723,0.0770364975876605,0.0865241395624378
293,293.0,0.0690893750629489,0.1712451192994546,0.2423297115250958,0.0870169331378003,0.1039050309959138,0.1634696691540515,0.076411751522737,0.0865324093019977
294,294.0,0.0682196452313945,0.1717505933508542,0.2425251337457958,0.0874806709258996,0.1034610579987283,0.1643056725590505,0.0757747128771293,0.0864825133111475
295,295.0,0.0673657878310539,0.172540233116048,0.2426165180110084,0.0879225180152801,0.1029301879501042,0.1650932896700102,0.075139226549092,0.0863922388574029
296,296.0,0.0663161141576638,0.1733508949457202,0.2417319277570352,0.0881835244744184,0.1032514882129873,0.1652831810735069,0.0746800165798201,0.0872028527988478
297,297.0,0.0652979202587573,0.1739583833167181,0.2406276213051735,0.0884206544310621,0.1035068631715404,0.1654256480674487,0.0747886869766314,0.0879742224726681
298,298.0,0.06434618531833,0.1744866162991597,0.2396248630500152,0.0886618694583491,0.103785085080323,0.165439176395945,0.0749332729432497,0.088722931454628
299,299.0,0.0634590889507526,0.1749203758160073,0.2385398282118102,0.0888996570597566,0.104861418376681,0.1653279872397267,0.0745506845761009,0.0894409597691644
300,300.0,0.0628090488216453,0.1768665954943026,0.236966599160036,0.0873040630544624,0.1051068843492903,0.1653709680890406,0.0743676316217273,0.0912082094094953
301,301.0,0.0621133847368253,0.1784875939453278,0.2362363234342749,0.0856049728241512,0.1052353645220262,0.1654081615192328,0.0741006683315756,0.092813530686586
302,302.0,0.0614830328325887,0.179998208096792,0.2354702547220039,0.0839289952751066,0.1044474621190024,0.1664552821851728,0.0738604211903989,0.0943563435789345
303,303.0,0.0626970677300046,0.1817004691209177,0.2345299350429035,0.0822383587666355,0.1030716686054595,0.1671636277367265,0.0736091615292132,0.0949897114681393
304,304.0,0.0645918342326217,0.1833447531730695,0.2333942763908342,0.0805292311873252,0.1016094271640978,0.1678130484794703,0.0733022850095745,0.0954151443630066
305,305.0,0.0669555839760828,0.1842915811791381,0.2323613015079625,0.0790363231187983,0.1010126287900698,0.1678119530294516,0.0731638023525714,0.0953668260459254
306,306.0,0.0693100903352747,0.1849590094843704,0.2313261466143185,0.0773331551396776,0.1007164843843627,0.1679649138553137,0.0730789460915292,0.0953112540951529
307,307.0,0.0708153445522222,0.1865907869354249,0.2307071298499286,0.0756558167944344,0.1013327416146257,0.1668668857543982,0.0729292648820335,0.0951020296169321
308,308.0,0.0724886804588761,0.1882912561371939,0.2305671968036578,0.0739821734202743,0.1017621789568344,0.1655050127405071,0.072688888765637,0.0947146127170192
309,309.0,0.0740893826060406,0.1900888931109535,0.2305701255757982,0.072247235026136,0.1021186889979082,0.1640314646512943,0.0724495120310187,0.0944046980008501
310,310.0,0.0756202644048833,0.1918243311964846,0.2305721177533007,0.0706031010467126,0.1024501296066214,0.1626571413522513,0.072226888151556,0.09404602648819
311,311.0,0.0770457132695801,0.193451618688667,0.2305094247375897,0.0690449259427383,0.1029429450145772,0.1613781706108069,0.0719925699490932,0.0936346317869473
312,312.0,0.0782848158592184,0.1948388343802329,0.2313957060662298,0.0674953505748848,0.1032761354639245,0.1599409510532816,0.0716728678922745,0.0930953387099532
313,313.0,0.079258580692458,0.1958243600035593,0.2329530090889327,0.0659387206952141,0.1041342688356897,0.1582828517241207,0.0712473247715803,0.092360884188445
314,314.0,0.0801472569016395,0.1966786014285803,0.2346204220929325,0.064505310509287,0.1049783724403408,0.1566021650556585,0.0708464949089545,0.0916213766626066
315,315.0,0.0809507550429346,0.1980042353145359,0.2362084548318301,0.0631894840975097,0.1055093111375841,0.1550744016168252,0.0701864894473601,0.0908768685114198
316,316.0,0.0816048209993315,0.1997791327970896,0.2375121317594025,0.0619350472613404,0.1059511273039223,0.1536479919870065,0.0694922319160653,0.0900775159758416
317,317.0,0.0821045416990745,0.2020268145105858,0.2385350433436477,0.0607430262888349,0.106263063500799,0.1523275716530839,0.0687687109746079,0.089231228029366
318,318.0,0.0824639156783271,0.2040019391531438,0.2393539005684767,0.0596230256712122,0.1060749346110067,0.151428057633086,0.0680300140412792,0.0890242126434679
319,319.0,0.0826938631079831,0.2057229422292577,0.2404448460623716,0.058579878236574,0.1057838390417946,0.1507349698733097,0.0672858805420133,0.0887537809066955
320,320.0,0.0828185647387834,0.2067274710190623,0.2413330459795241,0.0582117018671837,0.1058267419234103,0.1500941920738219,0.0665514319004943,0.0884368504977196
321,321.0,0.082874827600883,0.2077149356542331,0.2419384330826428,0.0581024037032656,0.1058202311951038,0.1495372098675244,0.0658633529682986,0.0881486059280483
322,322.0,0.0828570911766861,0.2083872232426623,0.2430962983304935,0.0574968657268597,0.1057617055326465,0.1493052926342386,0.0652179666808934,0.0878775566755195
323,323.0,0.082784180587918,0.2089121968516303,0.244224557647122,0.0569855123454263,0.1056914217543509,0.1491488769634231,0.0646230815511004,0.0876301722990285
324,324.0,0.0826632193800351,0.2087225432522695,0.2453889630375938,0.0565666762197746,0.1056077308656663,0.1489791261021557,0.0640787127741878,0.0879930283683168
325,325.0,0.0824883569060667,0.2082097379457209,0.2464648230950157,0.0562234286646219,0.1058309601864768,0.1488467312346913,0.0635733870816756,0.0883625748857308
326,326.0,0.0822625197419159,0.2077470413066544,0.247484073327054,0.0559455285355056,0.1059780939669167,0.1487465641219914,0.0631059438341228,0.0887302351658387
327,327.0,0.0819960778767456,0.207007866587017,0.2484109497870872,0.0557339465683836,0.106399757793037,0.1486772949704113,0.0626785710392451,0.0890955353780729
328,328.0,0.0816626659517162,0.2064455217988702,0.2490816118858738,0.0555510765191343,0.1067077106578303,0.1489363592520635,0.0622584451321302,0.0893566088023812
329,329.0,0.0813095115205053,0.2058285515332986,0.2497747846436857,0.0554330723249045,0.1069966045313037,0.1491565091574712,0.0618862391115148,0.0896147271773158
330,330.0,0.0809482297005469,0.2051861128883183,0.2503548727930823,0.0553826393521572,0.1072719672563044,0.1494150699316175,0.0615650897839395,0.0898760182940338
331,331.0,0.0805798213913809,0.2045134784581827,0.2508582058312193,0.05538838782217,0.1075306859916623,0.1497039025511202,0.061291390644609,0.0901341273096553
332,332.0,0.0804741089192125,0.2038460059207728,0.2511975067256345,0.0554453445998202,0.1075519866435206,0.1500280094305501,0.0610676413349831,0.0903893964255061
333,333.0,0.0803440636885899,0.2029962965826737,0.2517390646192814,0.0555352232869851,0.1075233617403456,0.1503561242632935,0.0608787660405408,0.0906270997782899
334,334.0,0.0801983267001187,0.2020007459027341,0.2524966152768838,0.0556610628883195,0.1074552348129526,0.150606209415525,0.0607270639959634,0.0908547410075027
335,335.0,0.0800341019999992,0.2011094589434904,0.2532615573297295,0.0558128252090261,0.10734091173015,0.150774991703735,0.0606051511893431,0.0910610018945266
336,336.0,0.0798703840376414,0.2002318960169845,0.2538970225804348,0.0559914508235321,0.1072119357199585,0.1510301602039094,0.060516318294522,0.091250832323017
337,337.0,0.0797073878581463,0.1991233810377536,0.2547355049576076,0.0561892938837642,0.1070737243191315,0.1512872942366198,0.0604585759903236,0.0914248377166531
338,338.0,0.079546405716336,0.1980311851960584,0.2553803047330663,0.0564020559215177,0.1069284504163975,0.1516997431439422,0.0604292598763845,0.0915825949962973
339,339.0,0.079389600078443,0.196738309978629,0.2558996787076892,0.0566284504146143,0.1070131394941305,0.1521833241274797,0.0604249955960327,0.0917225016029814
340,340.0,0.079237953809662,0.1954918702487064,0.2562971222835852,0.0568646826317961,0.1070893275676356,0.1527312819343444,0.0604431530679204,0.0918446084563497
341,341.0,0.0790980741097975,0.1943175742306213,0.2565957724797864,0.0571147675384755,0.1071630530467613,0.1532684187250647,0.0604851608301675,0.0919571790393256
342,342.0,0.0788166832918013,0.1931931446305692,0.2568192983390512,0.0577744506679316,0.1074878345562579,0.1530934406934821,0.059991609748197,0.0928235380727094
343,343.0,0.0785438592070291,0.1921339800157706,0.2569343955706857,0.0585771076382469,0.1078008991516408,0.152826175454091,0.0595183188819318,0.0936652640806039
344,344.0,0.0782813175527412,0.1911439896635831,0.2572035813054509,0.0593657743968932,0.1080999761378374,0.1523614303303462,0.0590678392481988,0.094476091364949
345,345.0,0.078254862241984,0.1901939525344093,0.2573360226658951,0.0600887870329652,0.1083447074978289,0.1519528312501024,0.0586294217724548,0.0951994150043601
346,346.0,0.0782660510681685,0.1894944303433409,0.2574703133246703,0.0607907442295516,0.1085833350157222,0.151286542960682,0.0582207983029667,0.0958877847548976
347,347.0,0.0782601689634624,0.189121339505901,0.2575204629860995,0.0614495168861387,0.10871079236557,0.1505912614560734,0.0578258606013074,0.0965205972354473
348,348.0,0.0782550481403116,0.1889525469358396,0.2575214261613689,0.062067926418714,0.1087674661219996,0.1498811353287459,0.0574522801562643,0.0971021707367558
349,349.0,0.0782612567994394,0.1888520629436761,0.2575342536422336,0.0629064885583752,0.1088151450571742,0.1491240658960712,0.0571122501672735,0.0973944769357565
350,350.0,0.0782635414300383,0.1886719542550661,0.2575086760194926,0.0639072952271376,0.1086005251557931,0.1483919455121032,0.0567978549736069,0.0978582074267619
351,351.0,0.0784823064318607,0.1885191679340897,0.257419434179037,0.0648107515360656,0.1083421392949508,0.1476837932748818,0.0565035484506884,0.0982388588984257
352,352.0,0.0787090715795913,0.1884344214850586,0.2571384791793937,0.0656698594434742,0.1080800612001841,0.1470112747589057,0.0562424721443099,0.0987143602090822
353,353.0,0.0789341025404954,0.1885133373326371,0.2567413006584075,0.0664704627104413,0.1078139475424998,0.1463742184438769,0.0560105804625477,0.0991420503090941
354,354.0,0.0791584803183834,0.1886345495623725,0.2563303348586858,0.0669770473723512,0.107548441962135,0.1457770276202192,0.0558088528071264,0.0997652654987262
355,355.0,0.0793800264537781,0.188792616413752,0.2559110701660995,0.0674282351573765,0.1072861387071612,0.1452216876470322,0.0556362900519659,0.1003439354028344
356,356.0,0.0795992184573714,0.1891183714034661,0.2555837831275559,0.0678387861469199,0.1069985095692967,0.1444767600305065,0.0554941111423885,0.1008904601224948
357,357.0,0.0798095271491367,0.1894668946389984,0.255203935623026,0.0681914917739184,0.1067139036433646,0.1438526981695551,0.0553761268097608,0.1013854221922396
358,358.0,0.0800084835998811,0.1899473694798375,0.2547341933655939,0.0684878099889385,0.1064374827730098,0.1432748799820397,0.0552815520837544,0.101828228726945
359,359.0,0.0801983093406961,0.1904402922576457,0.2542728297192895,0.0687350301582731,0.1061727305971265,0.1427459972182402,0.0552105296867155,0.1022242810220131
360,360.0,0.0816785291327354,0.1931566476092832,0.2509257177086191,0.0705218141180806,0.1071796209088725,0.1412644341025884,0.0547714483668104,0.1005017880530101
361,361.0,0.0828677856286971,0.196389068944542,0.2479463279550515,0.072234143386144,0.1078864214033604,0.1396177327269476,0.0543100912920022,0.098748428663255
362,362.0,0.0839336609836992,0.199299248837422,0.2449229907430987,0.0744230930213564,0.1084594174345568,0.1380400614552789,0.0538041583316747,0.0971173691929131
363,363.0,0.0850591422710981,0.2026471790413414,0.2419667674842492,0.0758201584034834,0.109084118902611,0.1365501343919639,0.0533515385970286,0.0955209609082241
364,364.0,0.0857447736559937,0.2058154812187237,0.2391483000139013,0.0770432925636556,0.1097748964456684,0.1349173721667078,0.0528512211660904,0.0947046627692586
365,365.0,0.0862122155339989,0.2101052672706873,0.2363948048798258,0.0780296322819026,0.1102779157232603,0.1329482297450035,0.0522807685833694,0.0937511659819517
366,366.0,0.0865941621216807,0.2140548710789417,0.2336630983062054,0.0788511377652029,0.1107225937675446,0.1316041056299187,0.0517108779805662,0.0927991533499393
367,367.0,0.0869006945844155,0.2178039536147795,0.2308751792029486,0.079527686538358,0.111642891764802,0.1302313724381943,0.0511511191173049,0.0918671027391968
368,368.0,0.0871274434696461,0.2217131595002727,0.228223834341759,0.0800472198017039,0.1124373631056071,0.1289023539019892,0.0505972308678394,0.0909513950111823
369,369.0,0.087279656951071,0.2257333608212615,0.2257214570518421,0.080419318383189,0.1131083708241327,0.1276250433507144,0.0500537023580853,0.0900590902597036
370,370.0,0.0873688192148095,0.2297346512923816,0.2233837271295227,0.0806661103262901,0.1136957336896041,0.1264181486524951,0.0495304856797218,0.0892023240151746
371,371.0,0.0874000614336234,0.2336817323576017,0.221217274810895,0.080797093722676,0.1142013779059334,0.1252861325162695,0.0490304994900241,0.0883858277629764
372,372.0,0.0873798804168119,0.2376366579768941,0.2195527161205102,0.0808320182157784,0.1146060631059585,0.123813025472902,0.0485574378290174,0.0876222008621272
373,373.0,0.0873287126989486,0.2413125219402441,0.2180790438520254,0.0808036255008196,0.1149679743605079,0.1224575050906857,0.0481284312612857,0.0869221852954825
374,374.0,0.087156945184094,0.2446905816637224,0.2167065846869045,0.0814028718850961,0.115186213175027,0.1209585208081903,0.0476967526215671,0.0862015299753983
375,375.0,0.0869596964621462,0.2477731779091319,0.2156104572280582,0.0819374139098834,0.1153592451765736,0.1195128468235292,0.0473063762890576,0.0855407862016194
