Total_iterations,Unnamed: 0.1,Intertwine_two,Add_vertex,Delete_vertex,Invert_path_vertices,Insert_inside_vertex,Delete_inside_vertex
0,0.0,0.1666666666666666,0.1666666666666666,0.1666666666666666,0.1666666666666666,0.1666666666666666,0.1666666666666666
1,1.0,0.1666666666666666,0.1666666666666666,0.1666666666666666,0.1666666666666666,0.1666666666666666,0.1666666666666666
2,2.0,0.1666666666666666,0.1666666666666666,0.1666666666666666,0.1666666666666666,0.1666666666666666,0.1666666666666666
3,3.0,0.1666666666666666,0.1666666666666666,0.1666666666666666,0.1666666666666666,0.1666666666666666,0.1666666666666666
4,4.0,0.1666666666666666,0.1666666666666666,0.1666666666666666,0.1666666666666666,0.1666666666666666,0.1666666666666666
5,5.0,0.1666666666666666,0.1666666666666666,0.1666666666666666,0.1666666666666666,0.1666666666666666,0.1666666666666666
6,6.0,0.1666666666666666,0.1666666666666666,0.1666666666666666,0.1666666666666666,0.1666666666666666,0.1666666666666666
7,7.0,0.1666666666666666,0.1666666666666666,0.1666666666666666,0.1666666666666666,0.1666666666666666,0.1666666666666666
8,8.0,0.1666666666666666,0.1666666666666666,0.1666666666666666,0.1666666666666666,0.1666666666666666,0.1666666666666666
9,9.0,0.1666666666666666,0.1666666666666666,0.1666666666666666,0.1666666666666666,0.1666666666666666,0.1666666666666666
10,10.0,0.1666666666666666,0.1666666666666666,0.1666666666666666,0.1666666666666666,0.1666666666666666,0.1666666666666666
11,11.0,0.1666666666666666,0.1666666666666666,0.1666666666666666,0.1666666666666666,0.1666666666666666,0.1666666666666666
12,12.0,0.1666666666666666,0.1666666666666666,0.1666666666666666,0.1666666666666666,0.1666666666666666,0.1666666666666666
13,13.0,0.1666666666666666,0.1666666666666666,0.1666666666666666,0.1666666666666666,0.1666666666666666,0.1666666666666666
14,14.0,0.1666666666666666,0.1666666666666666,0.1666666666666666,0.1666666666666666,0.1666666666666666,0.1666666666666666
15,15.0,0.1666666666666666,0.1666666666666666,0.1666666666666666,0.1666666666666666,0.1666666666666666,0.1666666666666666
16,16.0,0.1666666666666666,0.1666666666666666,0.1666666666666666,0.1666666666666666,0.1666666666666666,0.1666666666666666
17,17.0,0.1666666666666666,0.1666666666666666,0.1666666666666666,0.1666666666666666,0.1666666666666666,0.1666666666666666
18,18.0,0.1666666666666666,0.1666666666666666,0.1666666666666666,0.1666666666666666,0.1666666666666666,0.1666666666666666
19,19.0,0.1666666666666666,0.1666666666666666,0.1666666666666666,0.1666666666666666,0.1666666666666666,0.1666666666666666
20,20.0,0.1666666666666666,0.1666666666666666,0.1666666666666666,0.1666666666666666,0.1666666666666666,0.1666666666666666
21,21.0,0.1666666666666666,0.1666666666666666,0.1666666666666666,0.1666666666666666,0.1666666666666666,0.1666666666666666
22,22.0,0.1666666666666666,0.1666666666666666,0.1666666666666666,0.1666666666666666,0.1666666666666666,0.1666666666666666
23,23.0,0.1666666666666666,0.1666666666666666,0.1666666666666666,0.1666666666666666,0.1666666666666666,0.1666666666666666
24,24.0,0.1666666666666666,0.1666666666666666,0.1666666666666666,0.1666666666666666,0.1666666666666666,0.1666666666666666
25,25.0,0.1666666666666666,0.1666666666666666,0.1666666666666666,0.1666666666666666,0.1666666666666666,0.1666666666666666
26,26.0,0.1666666666666666,0.1666666666666666,0.1666666666666666,0.1666666666666666,0.1666666666666666,0.1666666666666666
27,27.0,0.1666666666666666,0.1666666666666666,0.1666666666666666,0.1666666666666666,0.1666666666666666,0.1666666666666666
28,28.0,0.1666666666666666,0.1666666666666666,0.1666666666666666,0.1666666666666666,0.1666666666666666,0.1666666666666666
29,29.0,0.1666666666666666,0.1666666666666666,0.1666666666666666,0.1666666666666666,0.1666666666666666,0.1666666666666666
30,30.0,0.1666666666666666,0.1666666666666666,0.1666666666666666,0.1666666666666666,0.1666666666666666,0.1666666666666666
31,31.0,0.1666666666666666,0.1666666666666666,0.1666666666666666,0.1666666666666666,0.1666666666666666,0.1666666666666666
32,32.0,0.1666666666666666,0.1666666666666666,0.1666666666666666,0.1666666666666666,0.1666666666666666,0.1666666666666666
33,33.0,0.1666666666666666,0.1666666666666666,0.1666666666666666,0.1666666666666666,0.1666666666666666,0.1666666666666666
34,34.0,0.1666666666666666,0.1666666666666666,0.1666666666666666,0.1666666666666666,0.1666666666666666,0.1666666666666666
35,35.0,0.1666666666666666,0.1666666666666666,0.1666666666666666,0.1666666666666666,0.1666666666666666,0.1666666666666666
36,36.0,0.1666666666666666,0.1666666666666666,0.1666666666666666,0.1666666666666666,0.1666666666666666,0.1666666666666666
37,37.0,0.1666666666666666,0.1666666666666666,0.1666666666666666,0.1666666666666666,0.1666666666666666,0.1666666666666666
38,38.0,0.1666666666666666,0.1666666666666666,0.1666666666666666,0.1666666666666666,0.1666666666666666,0.1666666666666666
39,39.0,0.1666666666666666,0.1666666666666666,0.1666666666666666,0.1666666666666666,0.1666666666666666,0.1666666666666666
40,40.0,0.1666666666666666,0.1666666666666666,0.1666666666666666,0.1666666666666666,0.1666666666666666,0.1666666666666666
41,41.0,0.1666666666666666,0.1666666666666666,0.1666666666666666,0.1666666666666666,0.1666666666666666,0.1666666666666666
42,42.0,0.1666666666666666,0.1666666666666666,0.1666666666666666,0.1666666666666666,0.1666666666666666,0.1666666666666666
43,43.0,0.1666666666666666,0.1666666666666666,0.1666666666666666,0.1666666666666666,0.1666666666666666,0.1666666666666666
44,44.0,0.1666666666666666,0.1666666666666666,0.1666666666666666,0.1666666666666666,0.1666666666666666,0.1666666666666666
45,45.0,0.1666666666666666,0.1666666666666666,0.1666666666666666,0.1666666666666666,0.1666666666666666,0.1666666666666666
46,46.0,0.1666666666666666,0.1666666666666666,0.1666666666666666,0.1666666666666666,0.1666666666666666,0.1666666666666666
47,47.0,0.1666666666666666,0.1666666666666666,0.1666666666666666,0.1666666666666666,0.1666666666666666,0.1666666666666666
48,48.0,0.1666666666666666,0.1666666666666666,0.1666666666666666,0.1666666666666666,0.1666666666666666,0.1666666666666666
49,49.0,0.1666666666666666,0.1666666666666666,0.1666666666666666,0.1666666666666666,0.1666666666666666,0.1666666666666666
50,50.0,0.1666666666666666,0.1666666666666666,0.1666666666666666,0.1666666666666666,0.1666666666666666,0.1666666666666666
51,51.0,0.1666666666666666,0.1666666666666666,0.1666666666666666,0.1666666666666666,0.1666666666666666,0.1666666666666666
52,52.0,0.1666666666666666,0.1666666666666666,0.1666666666666666,0.1666666666666666,0.1666666666666666,0.1666666666666666
53,53.0,0.1666666666666666,0.1666666666666666,0.1666666666666666,0.1666666666666666,0.1666666666666666,0.1666666666666666
54,54.0,0.1666666666666666,0.1666666666666666,0.1666666666666666,0.1666666666666666,0.1666666666666666,0.1666666666666666
55,55.0,0.1666666666666666,0.1666666666666666,0.1666666666666666,0.1666666666666666,0.1666666666666666,0.1666666666666666
56,56.0,0.1666666666666666,0.1666666666666666,0.1666666666666666,0.1666666666666666,0.1666666666666666,0.1666666666666666
57,57.0,0.1666666666666666,0.1666666666666666,0.1666666666666666,0.1666666666666666,0.1666666666666666,0.1666666666666666
58,58.0,0.1666666666666666,0.1666666666666666,0.1666666666666666,0.1666666666666666,0.1666666666666666,0.1666666666666666
59,59.0,0.1666666666666666,0.1666666666666666,0.1666666666666666,0.1666666666666666,0.1666666666666666,0.1666666666666666
60,60.0,0.1666666666666666,0.1666666666666666,0.1666666666666666,0.1666666666666666,0.1666666666666666,0.1666666666666666
61,61.0,0.1666666666666666,0.1666666666666666,0.1666666666666666,0.1666666666666666,0.1666666666666666,0.1666666666666666
62,62.0,0.1666666666666666,0.1666666666666666,0.1666666666666666,0.1666666666666666,0.1666666666666666,0.1666666666666666
63,63.0,0.1666666666666666,0.1666666666666666,0.1666666666666666,0.1666666666666666,0.1666666666666666,0.1666666666666666
64,64.0,0.1666666666666666,0.1666666666666666,0.1666666666666666,0.1666666666666666,0.1666666666666666,0.1666666666666666
65,65.0,0.1666666666666666,0.1666666666666666,0.1666666666666666,0.1666666666666666,0.1666666666666666,0.1666666666666666
66,66.0,0.1666666666666666,0.1666666666666666,0.1666666666666666,0.1666666666666666,0.1666666666666666,0.1666666666666666
67,67.0,0.1666666666666666,0.1666666666666666,0.1666666666666666,0.1666666666666666,0.1666666666666666,0.1666666666666666
68,68.0,0.1666666666666666,0.1666666666666666,0.1666666666666666,0.1666666666666666,0.1666666666666666,0.1666666666666666
69,69.0,0.1666666666666666,0.1666666666666666,0.1666666666666666,0.1666666666666666,0.1666666666666666,0.1666666666666666
70,70.0,0.1666666666666666,0.1666666666666666,0.1666666666666666,0.1666666666666666,0.1666666666666666,0.1666666666666666
71,71.0,0.1666666666666666,0.1666666666666666,0.1666666666666666,0.1666666666666666,0.1666666666666666,0.1666666666666666
72,72.0,0.1666666666666666,0.1666666666666666,0.1666666666666666,0.1666666666666666,0.1666666666666666,0.1666666666666666
73,73.0,0.1666666666666666,0.1666666666666666,0.1666666666666666,0.1666666666666666,0.1666666666666666,0.1666666666666666
74,74.0,0.1666666666666666,0.1666666666666666,0.1666666666666666,0.1666666666666666,0.1666666666666666,0.1666666666666666
75,75.0,0.1666666666666666,0.1666666666666666,0.1666666666666666,0.1666666666666666,0.1666666666666666,0.1666666666666666
76,76.0,0.1666666666666666,0.1666666666666666,0.1666666666666666,0.1666666666666666,0.1666666666666666,0.1666666666666666
77,77.0,0.1666666666666666,0.1666666666666666,0.1666666666666666,0.1666666666666666,0.1666666666666666,0.1666666666666666
78,78.0,0.1666666666666666,0.1666666666666666,0.1666666666666666,0.1666666666666666,0.1666666666666666,0.1666666666666666
79,79.0,0.1666666666666666,0.1666666666666666,0.1666666666666666,0.1666666666666666,0.1666666666666666,0.1666666666666666
80,80.0,0.1666666666666666,0.1666666666666666,0.1666666666666666,0.1666666666666666,0.1666666666666666,0.1666666666666666
81,81.0,0.1666666666666666,0.1666666666666666,0.1666666666666666,0.1666666666666666,0.1666666666666666,0.1666666666666666
82,82.0,0.1666666666666666,0.1666666666666666,0.1666666666666666,0.1666666666666666,0.1666666666666666,0.1666666666666666
83,83.0,0.1666666666666666,0.1666666666666666,0.1666666666666666,0.1666666666666666,0.1666666666666666,0.1666666666666666
84,84.0,0.1666666666666666,0.1666666666666666,0.1666666666666666,0.1666666666666666,0.1666666666666666,0.1666666666666666
85,85.0,0.1666666666666666,0.1666666666666666,0.1666666666666666,0.1666666666666666,0.1666666666666666,0.1666666666666666
86,86.0,0.1666666666666666,0.1666666666666666,0.1666666666666666,0.1666666666666666,0.1666666666666666,0.1666666666666666
87,87.0,0.1666666666666666,0.1666666666666666,0.1666666666666666,0.1666666666666666,0.1666666666666666,0.1666666666666666
88,88.0,0.1666666666666666,0.1666666666666666,0.1666666666666666,0.1666666666666666,0.1666666666666666,0.1666666666666666
89,89.0,0.1666666666666666,0.1666666666666666,0.1666666666666666,0.1666666666666666,0.1666666666666666,0.1666666666666666
90,90.0,0.1666666666666666,0.1666666666666666,0.1666666666666666,0.1666666666666666,0.1666666666666666,0.1666666666666666
91,91.0,0.1666666666666666,0.1666666666666666,0.1666666666666666,0.1666666666666666,0.1666666666666666,0.1666666666666666
92,92.0,0.1666666666666666,0.1666666666666666,0.1666666666666666,0.1666666666666666,0.1666666666666666,0.1666666666666666
93,93.0,0.1666666666666666,0.1666666666666666,0.1666666666666666,0.1666666666666666,0.1666666666666666,0.1666666666666666
94,94.0,0.1666666666666666,0.1666666666666666,0.1666666666666666,0.1666666666666666,0.1666666666666666,0.1666666666666666
95,95.0,0.1666666666666666,0.1666666666666666,0.1666666666666666,0.1666666666666666,0.1666666666666666,0.1666666666666666
96,96.0,0.1666666666666666,0.1666666666666666,0.1666666666666666,0.1666666666666666,0.1666666666666666,0.1666666666666666
97,97.0,0.1666666666666666,0.1666666666666666,0.1666666666666666,0.1666666666666666,0.1666666666666666,0.1666666666666666
98,98.0,0.1666666666666666,0.1666666666666666,0.1666666666666666,0.1666666666666666,0.1666666666666666,0.1666666666666666
99,99.0,0.1666666666666666,0.1666666666666666,0.1666666666666666,0.1666666666666666,0.1666666666666666,0.1666666666666666
100,100.0,0.1666666666666666,0.1666666666666666,0.1666666666666666,0.1666666666666666,0.1666666666666666,0.1666666666666666
101,101.0,0.1666666666666666,0.1666666666666666,0.1666666666666666,0.1666666666666666,0.1666666666666666,0.1666666666666666
102,102.0,0.1666666666666666,0.1666666666666666,0.1666666666666666,0.1666666666666666,0.1666666666666666,0.1666666666666666
103,103.0,0.1666666666666666,0.1666666666666666,0.1666666666666666,0.1666666666666666,0.1666666666666666,0.1666666666666666
104,104.0,0.1666666666666666,0.1666666666666666,0.1666666666666666,0.1666666666666666,0.1666666666666666,0.1666666666666666
105,105.0,0.1666666666666666,0.1666666666666666,0.1666666666666666,0.1666666666666666,0.1666666666666666,0.1666666666666666
106,106.0,0.1666666666666666,0.1666666666666666,0.1666666666666666,0.1666666666666666,0.1666666666666666,0.1666666666666666
107,107.0,0.1666666666666666,0.1666666666666666,0.1666666666666666,0.1666666666666666,0.1666666666666666,0.1666666666666666
108,108.0,0.1666666666666666,0.1666666666666666,0.1666666666666666,0.1666666666666666,0.1666666666666666,0.1666666666666666
109,109.0,0.1666666666666666,0.1666666666666666,0.1666666666666666,0.1666666666666666,0.1666666666666666,0.1666666666666666
110,110.0,0.1666666666666666,0.1666666666666666,0.1666666666666666,0.1666666666666666,0.1666666666666666,0.1666666666666666
111,111.0,0.1666666666666666,0.1666666666666666,0.1666666666666666,0.1666666666666666,0.1666666666666666,0.1666666666666666
112,112.0,0.1666666666666666,0.1666666666666666,0.1666666666666666,0.1666666666666666,0.1666666666666666,0.1666666666666666
113,113.0,0.1666666666666666,0.1666666666666666,0.1666666666666666,0.1666666666666666,0.1666666666666666,0.1666666666666666
114,114.0,0.1666666666666666,0.1666666666666666,0.1666666666666666,0.1666666666666666,0.1666666666666666,0.1666666666666666
115,115.0,0.1666666666666666,0.1666666666666666,0.1666666666666666,0.1666666666666666,0.1666666666666666,0.1666666666666666
116,116.0,0.1666666666666666,0.1666666666666666,0.1666666666666666,0.1666666666666666,0.1666666666666666,0.1666666666666666
117,117.0,0.1666666666666666,0.1666666666666666,0.1666666666666666,0.1666666666666666,0.1666666666666666,0.1666666666666666
118,118.0,0.1666666666666666,0.1666666666666666,0.1666666666666666,0.1666666666666666,0.1666666666666666,0.1666666666666666
119,119.0,0.1666666666666666,0.1666666666666666,0.1666666666666666,0.1666666666666666,0.1666666666666666,0.1666666666666666
120,120.0,0.1666666666666666,0.1666666666666666,0.1666666666666666,0.1666666666666666,0.1666666666666666,0.1666666666666666
121,121.0,0.1666666666666666,0.1666666666666666,0.1666666666666666,0.1666666666666666,0.1666666666666666,0.1666666666666666
122,122.0,0.1666666666666666,0.1666666666666666,0.1666666666666666,0.1666666666666666,0.1666666666666666,0.1666666666666666
123,123.0,0.1666666666666666,0.1666666666666666,0.1666666666666666,0.1666666666666666,0.1666666666666666,0.1666666666666666
124,124.0,0.1666666666666666,0.1666666666666666,0.1666666666666666,0.1666666666666666,0.1666666666666666,0.1666666666666666
125,125.0,0.1666666666666666,0.1666666666666666,0.1666666666666666,0.1666666666666666,0.1666666666666666,0.1666666666666666
126,126.0,0.1666666666666666,0.1666666666666666,0.1666666666666666,0.1666666666666666,0.1666666666666666,0.1666666666666666
127,127.0,0.1666666666666666,0.1666666666666666,0.1666666666666666,0.1666666666666666,0.1666666666666666,0.1666666666666666
128,128.0,0.1666666666666666,0.1666666666666666,0.1666666666666666,0.1666666666666666,0.1666666666666666,0.1666666666666666
129,129.0,0.1666666666666666,0.1666666666666666,0.1666666666666666,0.1666666666666666,0.1666666666666666,0.1666666666666666
130,130.0,0.1666666666666666,0.1666666666666666,0.1666666666666666,0.1666666666666666,0.1666666666666666,0.1666666666666666
131,131.0,0.1666666666666666,0.1666666666666666,0.1666666666666666,0.1666666666666666,0.1666666666666666,0.1666666666666666
132,132.0,0.1666666666666666,0.1666666666666666,0.1666666666666666,0.1666666666666666,0.1666666666666666,0.1666666666666666
133,133.0,0.1666666666666666,0.1666666666666666,0.1666666666666666,0.1666666666666666,0.1666666666666666,0.1666666666666666
134,134.0,0.1666666666666666,0.1666666666666666,0.1666666666666666,0.1666666666666666,0.1666666666666666,0.1666666666666666
135,135.0,0.1666666666666666,0.1666666666666666,0.1666666666666666,0.1666666666666666,0.1666666666666666,0.1666666666666666
136,136.0,0.1666666666666666,0.1666666666666666,0.1666666666666666,0.1666666666666666,0.1666666666666666,0.1666666666666666
137,137.0,0.1666666666666666,0.1666666666666666,0.1666666666666666,0.1666666666666666,0.1666666666666666,0.1666666666666666
138,138.0,0.1666666666666666,0.1666666666666666,0.1666666666666666,0.1666666666666666,0.1666666666666666,0.1666666666666666
139,139.0,0.1666666666666666,0.1666666666666666,0.1666666666666666,0.1666666666666666,0.1666666666666666,0.1666666666666666
140,140.0,0.1666666666666666,0.1666666666666666,0.1666666666666666,0.1666666666666666,0.1666666666666666,0.1666666666666666
141,141.0,0.1666666666666666,0.1666666666666666,0.1666666666666666,0.1666666666666666,0.1666666666666666,0.1666666666666666
142,142.0,0.1666666666666666,0.1666666666666666,0.1666666666666666,0.1666666666666666,0.1666666666666666,0.1666666666666666
143,143.0,0.1666666666666666,0.1666666666666666,0.1666666666666666,0.1666666666666666,0.1666666666666666,0.1666666666666666
144,144.0,0.1666666666666666,0.1666666666666666,0.1666666666666666,0.1666666666666666,0.1666666666666666,0.1666666666666666
145,145.0,0.1666666666666666,0.1666666666666666,0.1666666666666666,0.1666666666666666,0.1666666666666666,0.1666666666666666
146,146.0,0.1666666666666666,0.1666666666666666,0.1666666666666666,0.1666666666666666,0.1666666666666666,0.1666666666666666
147,147.0,0.1666666666666666,0.1666666666666666,0.1666666666666666,0.1666666666666666,0.1666666666666666,0.1666666666666666
148,148.0,0.1666666666666666,0.1666666666666666,0.1666666666666666,0.1666666666666666,0.1666666666666666,0.1666666666666666
149,149.0,0.1666666666666666,0.1666666666666666,0.1666666666666666,0.1666666666666666,0.1666666666666666,0.1666666666666666
150,150.0,0.1666666666666666,0.1666666666666666,0.1666666666666666,0.1666666666666666,0.1666666666666666,0.1666666666666666
151,151.0,0.1666666666666666,0.1666666666666666,0.1666666666666666,0.1666666666666666,0.1666666666666666,0.1666666666666666
152,152.0,0.1666666666666666,0.1666666666666666,0.1666666666666666,0.1666666666666666,0.1666666666666666,0.1666666666666666
153,153.0,0.1666666666666666,0.1666666666666666,0.1666666666666666,0.1666666666666666,0.1666666666666666,0.1666666666666666
154,154.0,0.1666666666666666,0.1666666666666666,0.1666666666666666,0.1666666666666666,0.1666666666666666,0.1666666666666666
155,155.0,0.1666666666666666,0.1666666666666666,0.1666666666666666,0.1666666666666666,0.1666666666666666,0.1666666666666666
156,156.0,0.1666666666666666,0.1666666666666666,0.1666666666666666,0.1666666666666666,0.1666666666666666,0.1666666666666666
157,157.0,0.1666666666666666,0.1666666666666666,0.1666666666666666,0.1666666666666666,0.1666666666666666,0.1666666666666666
158,158.0,0.1666666666666666,0.1666666666666666,0.1666666666666666,0.1666666666666666,0.1666666666666666,0.1666666666666666
159,159.0,0.1666666666666666,0.1666666666666666,0.1666666666666666,0.1666666666666666,0.1666666666666666,0.1666666666666666
160,160.0,0.1666666666666666,0.1666666666666666,0.1666666666666666,0.1666666666666666,0.1666666666666666,0.1666666666666666
161,161.0,0.1666666666666666,0.1666666666666666,0.1666666666666666,0.1666666666666666,0.1666666666666666,0.1666666666666666
162,162.0,0.1666666666666666,0.1666666666666666,0.1666666666666666,0.1666666666666666,0.1666666666666666,0.1666666666666666
163,163.0,0.1666666666666666,0.1666666666666666,0.1666666666666666,0.1666666666666666,0.1666666666666666,0.1666666666666666
164,164.0,0.1666666666666666,0.1666666666666666,0.1666666666666666,0.1666666666666666,0.1666666666666666,0.1666666666666666
165,165.0,0.1666666666666666,0.1666666666666666,0.1666666666666666,0.1666666666666666,0.1666666666666666,0.1666666666666666
166,166.0,0.1666666666666666,0.1666666666666666,0.1666666666666666,0.1666666666666666,0.1666666666666666,0.1666666666666666
167,167.0,0.1666666666666666,0.1666666666666666,0.1666666666666666,0.1666666666666666,0.1666666666666666,0.1666666666666666
168,168.0,0.1666666666666666,0.1666666666666666,0.1666666666666666,0.1666666666666666,0.1666666666666666,0.1666666666666666
169,169.0,0.1666666666666666,0.1666666666666666,0.1666666666666666,0.1666666666666666,0.1666666666666666,0.1666666666666666
170,170.0,0.1666666666666666,0.1666666666666666,0.1666666666666666,0.1666666666666666,0.1666666666666666,0.1666666666666666
171,171.0,0.1666666666666666,0.1666666666666666,0.1666666666666666,0.1666666666666666,0.1666666666666666,0.1666666666666666
172,172.0,0.1666666666666666,0.1666666666666666,0.1666666666666666,0.1666666666666666,0.1666666666666666,0.1666666666666666
173,173.0,0.1666666666666666,0.1666666666666666,0.1666666666666666,0.1666666666666666,0.1666666666666666,0.1666666666666666
174,174.0,0.1666666666666666,0.1666666666666666,0.1666666666666666,0.1666666666666666,0.1666666666666666,0.1666666666666666
175,175.0,0.1666666666666666,0.1666666666666666,0.1666666666666666,0.1666666666666666,0.1666666666666666,0.1666666666666666
176,176.0,0.1666666666666666,0.1666666666666666,0.1666666666666666,0.1666666666666666,0.1666666666666666,0.1666666666666666
177,177.0,0.1666666666666666,0.1666666666666666,0.1666666666666666,0.1666666666666666,0.1666666666666666,0.1666666666666666
178,178.0,0.1666666666666666,0.1666666666666666,0.1666666666666666,0.1666666666666666,0.1666666666666666,0.1666666666666666
179,179.0,0.1666666666666666,0.1666666666666666,0.1666666666666666,0.1666666666666666,0.1666666666666666,0.1666666666666666
180,180.0,0.1666666666666666,0.1666666666666666,0.1666666666666666,0.1666666666666666,0.1666666666666666,0.1666666666666666
181,181.0,0.1666666666666666,0.1666666666666666,0.1666666666666666,0.1666666666666666,0.1666666666666666,0.1666666666666666
182,182.0,0.1666666666666666,0.1666666666666666,0.1666666666666666,0.1666666666666666,0.1666666666666666,0.1666666666666666
183,183.0,0.1666666666666666,0.1666666666666666,0.1666666666666666,0.1666666666666666,0.1666666666666666,0.1666666666666666
184,184.0,0.1666666666666666,0.1666666666666666,0.1666666666666666,0.1666666666666666,0.1666666666666666,0.1666666666666666
185,185.0,0.1666666666666666,0.1666666666666666,0.1666666666666666,0.1666666666666666,0.1666666666666666,0.1666666666666666
186,186.0,0.1666666666666666,0.1666666666666666,0.1666666666666666,0.1666666666666666,0.1666666666666666,0.1666666666666666
187,187.0,0.1666666666666666,0.1666666666666666,0.1666666666666666,0.1666666666666666,0.1666666666666666,0.1666666666666666
188,188.0,0.1666666666666666,0.1666666666666666,0.1666666666666666,0.1666666666666666,0.1666666666666666,0.1666666666666666
189,189.0,0.1666666666666666,0.1666666666666666,0.1666666666666666,0.1666666666666666,0.1666666666666666,0.1666666666666666
190,190.0,0.1666666666666666,0.1666666666666666,0.1666666666666666,0.1666666666666666,0.1666666666666666,0.1666666666666666
191,191.0,0.1666666666666666,0.1666666666666666,0.1666666666666666,0.1666666666666666,0.1666666666666666,0.1666666666666666
192,192.0,0.1666666666666666,0.1666666666666666,0.1666666666666666,0.1666666666666666,0.1666666666666666,0.1666666666666666
193,193.0,0.1666666666666666,0.1666666666666666,0.1666666666666666,0.1666666666666666,0.1666666666666666,0.1666666666666666
194,194.0,0.1666666666666666,0.1666666666666666,0.1666666666666666,0.1666666666666666,0.1666666666666666,0.1666666666666666
195,195.0,0.1666666666666666,0.1666666666666666,0.1666666666666666,0.1666666666666666,0.1666666666666666,0.1666666666666666
196,196.0,0.1666666666666666,0.1666666666666666,0.1666666666666666,0.1666666666666666,0.1666666666666666,0.1666666666666666
197,197.0,0.1666666666666666,0.1666666666666666,0.1666666666666666,0.1666666666666666,0.1666666666666666,0.1666666666666666
198,198.0,0.1666666666666666,0.1666666666666666,0.1666666666666666,0.1666666666666666,0.1666666666666666,0.1666666666666666
199,199.0,0.1666666666666666,0.1666666666666666,0.1666666666666666,0.1666666666666666,0.1666666666666666,0.1666666666666666
200,200.0,0.1659523809523809,0.1659523809523809,0.1673809523809524,0.1688095238095238,0.1659523809523809,0.1659523809523809
201,201.0,0.1663166666666666,0.1650666666666666,0.1679095238095238,0.1705738095238095,0.1650666666666666,0.1650666666666666
202,202.0,0.166586072815534,0.1640014854368932,0.1694816282940361,0.1719278425797503,0.1640014854368932,0.1640014854368932
203,203.0,0.1667164031568809,0.1628218242733857,0.1707496910987826,0.1740684329241794,0.1628218242733857,0.1628218242733857
204,204.0,0.1676785953013793,0.1615370388922638,0.1718425468748035,0.1758677411470257,0.1615370388922638,0.1615370388922638
205,205.0,0.1698374504045642,0.1600735755607784,0.1727679129745758,0.1771739099385249,0.1600735755607784,0.1600735755607784
206,206.0,0.1719477322211504,0.1587445654636375,0.1736276389512795,0.178385107193939,0.1586474780849967,0.1586474780849967
207,207.0,0.1725800435931978,0.1574770378443976,0.1744351113175916,0.1795115678944367,0.1572838339609025,0.1587124053894739
208,208.0,0.1729830013085824,0.1560989483028895,0.1750089092823165,0.1803719296599331,0.1558114628659963,0.159725748580282
209,209.0,0.1731973365526422,0.1546569593235805,0.1753884877027913,0.1810060241630988,0.1553888977162451,0.1603622945416419
210,210.0,0.1733003637213667,0.1532324762413416,0.175749078151524,0.1815839750203752,0.1550730664485692,0.1610610404168232
211,211.0,0.1733601473994344,0.1518959573461201,0.1760578286591424,0.1820796630360624,0.1548270393954933,0.1617793641637473
212,212.0,0.17338041409913,0.1506519714081665,0.1763168357146818,0.1824963576141626,0.1546462964060882,0.1625081247577708
213,213.0,0.1731863414227226,0.1505751335625622,0.1761713407356518,0.182659219724082,0.1543475450753094,0.1630604194796719
214,214.0,0.1729620183203008,0.1505852116642425,0.1759846774467282,0.1827527182772538,0.1541062880363163,0.1636090862551583
215,215.0,0.1725738241766014,0.1503956355596844,0.1754850515340119,0.1837550768660433,0.1537802995414314,0.1640101123222276
216,216.0,0.172167028037189,0.1502782664305574,0.1749587555190093,0.1846903859010007,0.1535063126211927,0.1643992514910509
217,217.0,0.1717475580630291,0.1502270572706095,0.1755248304832102,0.1844448861360487,0.1532818669873381,0.1647738010597645
218,218.0,0.1713208763373381,0.1502359041745224,0.1760683785790521,0.1841391134488276,0.1531042529675675,0.1651314744926924
219,219.0,0.1708919708525259,0.1502987130668708,0.1765862170124126,0.1837821528584366,0.1529705635406704,0.1654703826690836
220,220.0,0.1704653530393529,0.1492983485487766,0.1781868494763173,0.1833826927610966,0.1528777431416284,0.1657890130328281
221,221.0,0.1700450603087869,0.1483511316064651,0.1797459902430728,0.1829489777084759,0.1528226330716464,0.166086207061553
222,222.0,0.1696346630798727,0.1474612196517809,0.1812521970747264,0.1824887703466288,0.1528020133985181,0.166361136448473
223,223.0,0.1693761646636233,0.1467706701943972,0.1840845901853607,0.1821482108689852,0.1518404190570673,0.1657799450305662
224,224.0,0.1688938649248395,0.147331928669634,0.186594131777876,0.1815556448438061,0.1506784682194455,0.1649459615643989
225,225.0,0.1682506812788767,0.1475856302709053,0.1888237258738733,0.182027912871811,0.1493835303293604,0.1639285193751733
226,226.0,0.1673798482386268,0.1486036444632458,0.1913564522344255,0.1821006342642269,0.1478925677566733,0.1626668530428017
227,227.0,0.1660977236338056,0.1489870221832875,0.1938670094748106,0.1816118099194619,0.1484535485838274,0.160982886204807
228,228.0,0.1646876950963556,0.1499521032577699,0.196525582527715,0.1808610107932101,0.1488084825153807,0.1591651258095686
229,229.0,0.1633266533049143,0.1509265210859585,0.199031693172267,0.1801137605367007,0.1492062430833962,0.1573951288167633
230,230.0,0.1620233100027951,0.1528086887232919,0.2013755265428562,0.1793771767655246,0.1487294791094564,0.1556858188560759
231,231.0,0.1607849287740871,0.1546708276943003,0.2035498720331729,0.1786575586688602,0.1482885925056781,0.1540482203239014
232,232.0,0.1596173972237362,0.1564963194759062,0.2055499349763414,0.177960405860223,0.147884404401083,0.1524915380627104
233,233.0,0.1585253056994102,0.1582705738692338,0.2073731429976447,0.1772904433388967,0.1475172868267986,0.1510232472680163
234,234.0,0.1574479285496473,0.159916869505075,0.209339462329569,0.1765875491372608,0.1471231013414343,0.1495850891370138
235,235.0,0.1564522604161811,0.1614892316105124,0.2111264571092717,0.175919737673055,0.1467661888986439,0.1482461242923361
236,236.0,0.1555400870787167,0.162979329917532,0.2127341898441777,0.1752901787871784,0.1464463913185979,0.1470098230537975
237,237.0,0.1547121807910285,0.1643804898229054,0.2141645094114176,0.1747013428106567,0.1461631950908224,0.1458782820731695
238,238.0,0.1537302986729205,0.1654494983296483,0.2151827586939906,0.1739169505742245,0.1471062482328442,0.1446142454963721
239,239.0,0.154802807311766,0.166308697342373,0.2147018303594056,0.173064218476054,0.1477790264117946,0.143343420098607
240,240.0,0.1555355816175201,0.1676397371146155,0.2135521230033958,0.1720585383483312,0.1492347963751582,0.1419792235409792
241,241.0,0.1563206518958192,0.1688725077880862,0.2122831654478177,0.171107954102981,0.1506883935525524,0.1407273272127435
242,242.0,0.1570350477367357,0.1698946184560374,0.2105899019585136,0.1701615169392744,0.1527848399101408,0.1395340749992981
243,243.0,0.1565712445181505,0.1707205770160046,0.2092093514414047,0.1692301080225158,0.1558613524887945,0.1384073665131298
244,244.0,0.1560263033528028,0.1713363422677897,0.2076700798504744,0.1682532846489239,0.1594304293818904,0.1372835604981186
245,245.0,0.1554228783561133,0.171765866798784,0.206921533827196,0.1672544474070089,0.1624525779345078,0.13618269567639
246,246.0,0.155612246100577,0.1720295400418171,0.2060042474871582,0.1662518466620829,0.1649825725254713,0.1351195471828934
247,247.0,0.1558924331824956,0.1723867890108842,0.2049263601207235,0.1653505459822032,0.1672136972860909,0.1342301744176025
248,248.0,0.155577592221545,0.1727603546194265,0.2041868881544989,0.1645732159623704,0.1694031524159024,0.1334987966262566
249,249.0,0.1552875172887644,0.1730591552616969,0.2048879561966973,0.163872375693921,0.1700189246124027,0.1328740709465176
250,250.0,0.155558346816379,0.1731091079993284,0.2057713567089114,0.1630688131758297,0.1703193673041008,0.1321730079954507
251,251.0,0.1576366991911645,0.173457069487066,0.2057753694305273,0.1603537321607886,0.1707281271393292,0.1320490025911244
252,252.0,0.1596912262145838,0.1738394159349109,0.2057562305809739,0.1577176651308046,0.171002514627544,0.1319929475111827
253,253.0,0.1622421532340449,0.1724748594083481,0.2062523137799659,0.1548045870184816,0.1716878296984652,0.1325382568606942
254,254.0,0.1649253699407882,0.1726783591467073,0.2056681749516979,0.1522005504923975,0.1724471654041517,0.1320803800642573
255,255.0,0.1675401009133036,0.1728446459546841,0.2043676776871786,0.1497399774734749,0.1731048120383561,0.1324027859330026
256,256.0,0.1699718093200506,0.1735472068286656,0.2028402247074402,0.147385508293568,0.1735691239466462,0.1326861269036293
257,257.0,0.1713640474331058,0.1739297177576406,0.2022201064601223,0.1450901205506174,0.1732316313093706,0.1341643764891434
258,258.0,0.1726493723682402,0.1742736053800666,0.2016289594856249,0.1429633924458895,0.1728138765204454,0.1356707937997334
259,259.0,0.1736867333050057,0.1743015153725965,0.200930909237522,0.1419819475188316,0.1721891744540361,0.1369097201120081
260,260.0,0.1746155530338715,0.1742947663982946,0.2002686265456553,0.1411660719009472,0.1715094668585551,0.1381455152626763
261,261.0,0.1754373974783389,0.1742568918435872,0.1996451574813197,0.1405073674174979,0.1707870513628645,0.1393661344163919
262,262.0,0.1761547457224032,0.1741913830120618,0.1990628553724055,0.1399967039998745,0.170033422911942,0.1405608889813131
263,263.0,0.1767708739036639,0.1741016584197155,0.1985234265444597,0.1396243841756708,0.1692592390858202,0.14172041787067
264,264.0,0.1771508538576999,0.1749632591107761,0.1976113112909982,0.1392414078948979,0.1683354083713912,0.1426977594742367
265,265.0,0.1777728339410267,0.1746307698833257,0.1967478994071073,0.1391443372326872,0.1677444670979634,0.1439596924378898
266,266.0,0.1783063943398819,0.1742769246214897,0.1959369546746688,0.1391555523338045,0.167159035734171,0.1451651382959842
267,267.0,0.1779217080853908,0.1739073973813252,0.1960146731591951,0.1392641124709059,0.1665844176026883,0.1463076913004947
268,268.0,0.1773533355943218,0.1733052294108444,0.1958080780208112,0.1393480864279108,0.1659141664504881,0.1482711040956236
269,269.0,0.1768642181041324,0.1717274842405616,0.1970365554620808,0.1397868708610365,0.1654034369800531,0.1491814343521356
270,270.0,0.1763263212896363,0.1701624970421597,0.198294313450626,0.1402905968783399,0.164916384317911,0.1500098870213271
271,271.0,0.1757499020514093,0.1686246418904347,0.1995658463518336,0.14084773306123,0.164455511309854,0.1507563653352383
272,272.0,0.1762160053956354,0.1677694412750933,0.200658489916854,0.1412687956027479,0.1638442372919828,0.1502430305176867
273,273.0,0.1762347656496744,0.1665419436534124,0.2043788098182588,0.1413072288606632,0.1621533182800606,0.1493839337379307
274,274.0,0.1760237093179846,0.1658919062274954,0.2074457746173348,0.1420627801176257,0.1603056077615915,0.1482702219579679
275,275.0,0.1746786356931629,0.1652953560792978,0.2104395047217789,0.1428380002429793,0.1585170801742332,0.1482314230885481
276,276.0,0.1733263972407705,0.1647529099825295,0.2133373863000098,0.1436231701486312,0.1567997025007481,0.1481604338273111
277,277.0,0.171905475252331,0.163961551689985,0.2158927526615937,0.1443336855817377,0.1550877759507262,0.1488187588636267
278,278.0,0.1711749037892899,0.1628239383740198,0.2184497717500495,0.1449386325539478,0.153366600396047,0.1492461531366462
279,279.0,0.1712883381291224,0.1615668409009048,0.2205921486612461,0.1454411198402306,0.1516529138913246,0.1494586385771717
280,280.0,0.1705031337910332,0.1602268998732074,0.2231914389953126,0.1458524291423764,0.149969165002671,0.1502569331953994
281,281.0,0.1697456780148669,0.1589621626930264,0.2256305039611668,0.1462457469839595,0.1483973792755478,0.1510185290714328
282,282.0,0.1690207705021926,0.157777756347412,0.2279009754459714,0.1466189393326201,0.146942078251073,0.1517394801207309
283,283.0,0.1696455368149194,0.1568795120183838,0.227673775759751,0.1471723070161842,0.1458081866712469,0.1528206817195147
284,284.0,0.1710747215033393,0.1559548666546443,0.2270696308851571,0.1475893695313966,0.1446819732144736,0.1536294382109892
285,285.0,0.1707199400893482,0.1555442782418733,0.2258719593294556,0.1475192693096226,0.1455310750601583,0.154813477969542
286,286.0,0.1703774227116127,0.1552147326833876,0.2245663761905999,0.1474257093410646,0.1464780410881698,0.1559377179851654
287,287.0,0.1699382570291735,0.1548503100382322,0.2229545062360719,0.147978637866753,0.1473925041088843,0.1568857847208851
288,288.0,0.1694255904384163,0.1544672331506166,0.2211012786651658,0.149053331297461,0.1482776607019151,0.1576749057464252
289,289.0,0.1691644871086678,0.1530760933185581,0.2209053055711726,0.1503267263482397,0.1494401773566878,0.1570872102966741
290,290.0,0.1687580427727658,0.1515032632464766,0.2210736837082033,0.1519221629625181,0.1504663339261215,0.1562765133839147
291,291.0,0.168299098398927,0.1498629432893982,0.2216682941717853,0.1533884523147733,0.1514337472772982,0.1553474645478181
292,292.0,0.1678015726887627,0.1481864441435519,0.2218468613309214,0.1547279254917643,0.1531119276218417,0.154325268723158
293,293.0,0.1673319913406994,0.1466095333346576,0.2228286910239519,0.1551642283536066,0.1547784010723547,0.1532871548747298
294,294.0,0.1653208271605791,0.1455665925656804,0.2232022101291286,0.1559618863317681,0.1582748164408778,0.1516736673719659
295,295.0,0.163420738351797,0.1455904784161426,0.2222567489464195,0.1567551756132234,0.1618399919387015,0.150136866733716
296,296.0,0.1615819259576147,0.1457088847502111,0.2212875062702863,0.1574789078671364,0.1653160151825327,0.1486267599722187
297,297.0,0.1598166504605142,0.1459111754561844,0.2211398860101662,0.1572994681403889,0.1686770411653325,0.1471557787674138
298,298.0,0.1579566394971868,0.146008367761241,0.2208046306984877,0.1581303965997428,0.1715438164962331,0.1455561489471086
299,299.0,0.1558743878256624,0.1475238884713108,0.2213756351050079,0.1576450268805567,0.1741562861621855,0.1434247755552767
300,300.0,0.1535235979625144,0.1485853725546648,0.2215601171354105,0.1566274148601546,0.1787054752207,0.1409980222665556
301,301.0,0.1512003296774846,0.1494935585084658,0.2225519053108992,0.1553912855641869,0.1827897604263509,0.1385731605126126
302,302.0,0.1488506316774297,0.1505745806497675,0.2235239874988469,0.1541344883768061,0.1866602438578225,0.1362560679393274
303,303.0,0.1466412689138528,0.1516597201384066,0.2244686134761283,0.1528716580590273,0.1902996008582181,0.134059138554367
304,304.0,0.1445803014907417,0.1527377138447632,0.2268076540326085,0.1516160262270682,0.1922659790720698,0.1319923253327486
305,305.0,0.1437672495482811,0.1536596075211129,0.2286039717492474,0.1502206991919362,0.1938414371990682,0.1299070347903541
306,306.0,0.1432350056292591,0.1545171096940105,0.2303088062884183,0.1488366156173158,0.1951581916348826,0.1279442711361138
307,307.0,0.1428162371946979,0.155459183393171,0.2319125405895092,0.1474751183665283,0.1962270564680095,0.1261098639880842
308,308.0,0.1425254189958815,0.1563641045751305,0.2334308819487017,0.1461648714720062,0.1970859300873094,0.1244287929209707
309,309.0,0.1423526641912238,0.1572265392797894,0.2348571862465939,0.144913852367068,0.1977472228779721,0.1229025350373528
310,310.0,0.1422878939893553,0.1580421118078312,0.2361863941463369,0.1437286484638048,0.1982240799949547,0.1215308715977173
311,311.0,0.1423209576320159,0.1588073526516372,0.237414923208748,0.1426145302810817,0.1985301764344552,0.1203120597920621
312,312.0,0.1421639633205483,0.1593807536823041,0.2382627782491587,0.141436641539783,0.1996517495220492,0.1191041136861569
313,313.0,0.1429366931426863,0.1606110823311564,0.2386087544685712,0.1400484556434967,0.2000416707826864,0.1177533436314033
314,314.0,0.1446074950058956,0.1616421679467126,0.2387214053837166,0.1386067095635099,0.2000128569801066,0.1164093651200589
315,315.0,0.1463198536874369,0.1626086239761467,0.2387479370158702,0.1372561767789924,0.1998574697586576,0.1152099387828964
316,316.0,0.1477191565853284,0.1643961377066655,0.2385855848658984,0.1358901301771314,0.1993674981102184,0.114041492554758
317,317.0,0.1497590798853197,0.1659229100490371,0.2382639517426045,0.1345328725147708,0.1985994820121544,0.1129217037961137
318,318.0,0.1516502235030121,0.1674042491669043,0.2380642887179103,0.1331418964256331,0.1977789847417372,0.1119603574448032
319,319.0,0.153507544355074,0.168793106145385,0.2378141357968181,0.1318578008209796,0.1968956613119834,0.1111317515697601
320,320.0,0.1554721015095477,0.1700848406286331,0.2375210434981786,0.1306827386084086,0.1958083775731241,0.1104308981821082
321,321.0,0.1573729007646475,0.1712762475213393,0.2371922366827329,0.1296175570708373,0.1946890273934584,0.1098520305669848
322,322.0,0.1591973099177597,0.1723654455136307,0.2369908248703162,0.1285056699561418,0.1935520109188636,0.1093887388232883
