,Unnamed: 0,Total_iterations,Intertwine_two,Add_vertex,Delete_vertex,Invert_path_vertices,Insert_inside_vertex,Delete_inside_vertex
0,0.0,0.0,0.16666666666666669,0.16666666666666669,0.16666666666666669,0.16666666666666669,0.16666666666666669,0.16666666666666669
1,1.0,0.10900000000000001,0.16666666666666669,0.16666666666666669,0.16666666666666669,0.16666666666666669,0.16666666666666669,0.16666666666666669
2,2.0,0.31601,0.16666666666666669,0.16666666666666669,0.16666666666666669,0.16666666666666669,0.16666666666666669,0.16666666666666669
3,3.0,0.6191589000000001,0.16666666666666669,0.16666666666666669,0.16666666666666669,0.16666666666666669,0.16666666666666669,0.16666666666666669
4,4.0,1.015801321,0.16666666666666669,0.16666666666666669,0.16666666666666669,0.16666666666666669,0.16666666666666669,0.16666666666666669
5,5.0,1.50262148669,0.16666666666666669,0.16666666666666669,0.16666666666666669,0.16666666666666669,0.16666666666666669,0.16666666666666669
6,6.0,2.0757334209441005,0.16666666666666669,0.16666666666666669,0.16666666666666669,0.16666666666666669,0.16666666666666669,0.16666666666666669
7,7.0,2.7307768275633495,0.16666666666666669,0.16666666666666669,0.16666666666666669,0.16666666666666669,0.16666666666666669,0.16666666666666669
8,8.0,3.4630081252450404,0.16666666666666669,0.16666666666666669,0.16666666666666669,0.16666666666666669,0.16666666666666669,0.16666666666666669
9,9.0,4.2673862119061114,0.16666666666666669,0.16666666666666669,0.16666666666666669,0.16666666666666669,0.16666666666666669,0.16666666666666669
10,10.0,5.138652627782014,0.16666666666666669,0.16666666666666669,0.16666666666666669,0.16666666666666669,0.16666666666666669,0.16666666666666669
11,11.0,6.071405875792507,0.16666666666666669,0.16666666666666669,0.16666666666666669,0.16666666666666669,0.16666666666666669,0.16666666666666669
12,12.0,7.060169740244025,0.16666666666666669,0.16666666666666669,0.16666666666666669,0.16666666666666669,0.16666666666666669,0.16666666666666669
13,13.0,8.099455520847952,0.16666666666666669,0.16666666666666669,0.16666666666666669,0.16666666666666669,0.16666666666666669,0.16666666666666669
14,14.0,9.183818168183006,0.16666666666666669,0.16666666666666669,0.16666666666666669,0.16666666666666669,0.16666666666666669,0.16666666666666669
15,15.0,10.307906369102724,0.16666666666666669,0.16666666666666669,0.16666666666666669,0.16666666666666669,0.16666666666666669,0.16666666666666669
16,16.0,11.466506686239443,0.16666666666666669,0.16666666666666669,0.16666666666666669,0.16666666666666669,0.16666666666666669,0.16666666666666669
17,17.0,12.654581904800096,0.16666666666666669,0.16666666666666669,0.16666666666666669,0.16666666666666669,0.16666666666666669,0.16666666666666669
18,18.0,13.867303782456686,0.16666666666666669,0.16666666666666669,0.16666666666666669,0.16666666666666669,0.16666666666666669,0.16666666666666669
19,19.0,15.100080434523047,0.16666666666666669,0.16666666666666669,0.16666666666666669,0.16666666666666669,0.16666666666666669,0.16666666666666669
20,20.0,16.348578617037543,0.16666666666666669,0.16666666666666669,0.16666666666666669,0.16666666666666669,0.16666666666666669,0.16666666666666669
21,21.0,17.608741195130214,0.16666666666666669,0.16666666666666669,0.16666666666666669,0.16666666666666669,0.16666666666666669,0.16666666666666669
22,22.0,18.876800103462312,0.16666666666666669,0.16666666666666669,0.16666666666666669,0.16666666666666669,0.16666666666666669,0.16666666666666669
23,23.0,20.14928511992658,0.16666666666666669,0.16666666666666669,0.16666666666666669,0.16666666666666669,0.16666666666666669,0.16666666666666669
24,24.0,21.423028783545156,0.16666666666666669,0.16666666666666669,0.16666666666666669,0.16666666666666669,0.16666666666666669,0.16666666666666669
25,25.0,22.695167792966423,0.16666666666666669,0.16666666666666669,0.16666666666666669,0.16666666666666669,0.16666666666666669,0.16666666666666669
26,26.0,23.963141223515898,0.16666666666666669,0.16666666666666669,0.16666666666666669,0.16666666666666669,0.16666666666666669,0.16666666666666669
27,27.0,25.224685898775267,0.16666666666666669,0.16666666666666669,0.16666666666666669,0.16666666666666669,0.16666666666666669,0.16666666666666669
28,28.0,26.477829247520948,0.16666666666666669,0.16666666666666669,0.16666666666666669,0.16666666666666669,0.16666666666666669,0.16666666666666669
29,29.0,27.720879968916847,0.16666666666666669,0.16666666666666669,0.16666666666666669,0.16666666666666669,0.16666666666666669,0.16666666666666669
30,30.0,28.95241681848399,0.16666666666666669,0.16666666666666669,0.16666666666666669,0.16666666666666669,0.16666666666666669,0.16666666666666669
31,31.0,30.17127581490958,0.16666666666666669,0.16666666666666669,0.16666666666666669,0.16666666666666669,0.16666666666666669,0.16666666666666669
32,32.0,31.376536153543515,0.16666666666666669,0.16666666666666669,0.16666666666666669,0.16666666666666669,0.16666666666666669,0.16666666666666669
33,33.0,32.567505096778625,0.16666666666666669,0.16666666666666669,0.16666666666666669,0.16666666666666669,0.16666666666666669,0.16666666666666669
34,34.0,33.74370209472243,0.16666666666666669,0.16666666666666669,0.16666666666666669,0.16666666666666669,0.16666666666666669,0.16666666666666669
35,35.0,34.90484237192463,0.16666666666666669,0.16666666666666669,0.16666666666666669,0.16666666666666669,0.16666666666666669,0.16666666666666669
36,36.0,36.05082019768737,0.16666666666666669,0.16666666666666669,0.16666666666666669,0.16666666666666669,0.16666666666666669,0.16666666666666669
37,37.0,37.18169203889697,0.16666666666666669,0.16666666666666669,0.16666666666666669,0.16666666666666669,0.16666666666666669,0.16666666666666669
38,38.0,38.29765977559663,0.16666666666666669,0.16666666666666669,0.16666666666666669,0.16666666666666669,0.16666666666666669,0.16666666666666669
39,39.0,39.399054140870355,0.16666666666666669,0.16666666666666669,0.16666666666666669,0.16666666666666669,0.16666666666666669,0.16666666666666669
40,40.0,40.48631852820801,0.16666666666666669,0.16666666666666669,0.16666666666666669,0.16666666666666669,0.16666666666666669,0.16666666666666669
41,41.0,41.55999329152982,0.16666666666666669,0.16666666666666669,0.16666666666666669,0.16666666666666669,0.16666666666666669,0.16666666666666669
42,42.0,42.62070064560415,0.16666666666666669,0.16666666666666669,0.16666666666666669,0.16666666666666669,0.16666666666666669,0.16666666666666669
43,43.0,43.669130257815,0.16666666666666669,0.16666666666666669,0.16666666666666669,0.16666666666666669,0.16666666666666669,0.16666666666666669
44,44.0,44.70602560622662,0.16666666666666669,0.16666666666666669,0.16666666666666669,0.16666666666666669,0.16666666666666669,0.16666666666666669
45,45.0,45.73217116373481,0.16666666666666669,0.16666666666666669,0.16666666666666669,0.16666666666666669,0.16666666666666669,0.16666666666666669
46,46.0,46.748380453854836,0.16666666666666669,0.16666666666666669,0.16666666666666669,0.16666666666666669,0.16666666666666669,0.16666666666666669
47,47.0,47.755485010424316,0.16666666666666669,0.16666666666666669,0.16666666666666669,0.16666666666666669,0.16666666666666669,0.16666666666666669
48,48.0,48.7543242612326,0.16666666666666669,0.16666666666666669,0.16666666666666669,0.16666666666666669,0.16666666666666669,0.16666666666666669
49,49.0,49.745736344347726,0.16666666666666669,0.16666666666666669,0.16666666666666669,0.16666666666666669,0.16666666666666669,0.16666666666666669
50,50.0,50.730549855707864,0.16666666666666669,0.16666666666666669,0.16666666666666669,0.16666666666666669,0.16666666666666669,0.16666666666666669
51,51.0,51.70957651737491,0.16666666666666669,0.16666666666666669,0.16666666666666669,0.16666666666666669,0.16666666666666669,0.16666666666666669
52,52.0,52.68360474770151,0.16666666666666669,0.16666666666666669,0.16666666666666669,0.16666666666666669,0.16666666666666669,0.16666666666666669
53,53.0,53.65339410751842,0.16666666666666669,0.16666666666666669,0.16666666666666669,0.16666666666666669,0.16666666666666669,0.16666666666666669
54,54.0,54.61967059027847,0.16666666666666669,0.16666666666666669,0.16666666666666669,0.16666666666666669,0.16666666666666669,0.16666666666666669
55,55.0,55.58312271885972,0.16666666666666669,0.16666666666666669,0.16666666666666669,0.16666666666666669,0.16666666666666669,0.16666666666666669
56,56.0,56.544398407394254,0.16666666666666669,0.16666666666666669,0.16666666666666669,0.16666666666666669,0.16666666666666669,0.16666666666666669
57,57.0,57.504102543001395,0.16666666666666669,0.16666666666666669,0.16666666666666669,0.16666666666666669,0.16666666666666669,0.16666666666666669
58,58.0,58.462795239617805,0.16666666666666669,0.16666666666666669,0.16666666666666669,0.16666666666666669,0.16666666666666669,0.16666666666666669
59,59.0,59.42099071417639,0.16666666666666669,0.16666666666666669,0.16666666666666669,0.16666666666666669,0.16666666666666669,0.16666666666666669
60,60.0,60.379156734137354,0.16666666666666669,0.16666666666666669,0.16666666666666669,0.16666666666666669,0.16666666666666669,0.16666666666666669
61,61.0,61.337714584760846,0.16666666666666669,0.16666666666666669,0.16666666666666669,0.16666666666666669,0.16666666666666669,0.16666666666666669
62,62.0,62.29703950447439,0.16666666666666669,0.16666666666666669,0.16666666666666669,0.16666666666666669,0.16666666666666669,0.16666666666666669
63,63.0,63.257461537171835,0.16666666666666669,0.16666666666666669,0.16666666666666669,0.16666666666666669,0.16666666666666669,0.16666666666666669
64,64.0,64.21926675122782,0.16666666666666669,0.16666666666666669,0.16666666666666669,0.16666666666666669,0.16666666666666669,0.16666666666666669
65,65.0,65.18269877636592,0.16666666666666669,0.16666666666666669,0.16666666666666669,0.16666666666666669,0.16666666666666669,0.16666666666666669
66,66.0,66.14796061122655,0.16666666666666669,0.16666666666666669,0.16666666666666669,0.16666666666666669,0.16666666666666669,0.16666666666666669
67,67.0,67.11521665648885,0.16666666666666669,0.16666666666666669,0.16666666666666669,0.16666666666666669,0.16666666666666669,0.16666666666666669
68,68.0,68.08459493066005,0.16666666666666669,0.16666666666666669,0.16666666666666669,0.16666666666666669,0.16666666666666669,0.16666666666666669
69,69.0,69.05618942810752,0.16666666666666669,0.16666666666666669,0.16666666666666669,0.16666666666666669,0.16666666666666669,0.16666666666666669
70,70.0,70.03006258152917,0.16666666666666669,0.16666666666666669,0.16666666666666669,0.16666666666666669,0.16666666666666669,0.16666666666666669
71,71.0,71.00624779379335,0.16666666666666669,0.16666666666666669,0.16666666666666669,0.16666666666666669,0.16666666666666669,0.16666666666666669
72,72.0,71.98475200689319,0.16666666666666669,0.16666666666666669,0.16666666666666669,0.16666666666666669,0.16666666666666669,0.16666666666666669
73,73.0,72.97555827861412,0.16666666666666669,0.16666666666666669,0.16666666666666669,0.16666666666666669,0.16666666666666669,0.16666666666666669
74,74.0,73.96852834037679,0.16666666666666669,0.16666666666666669,0.16666666666666669,0.16666666666666669,0.16666666666666669,0.16666666666666669
75,75.0,74.96351611255945,0.16666666666666669,0.16666666666666669,0.16666666666666669,0.16666666666666669,0.16666666666666669,0.16666666666666669
76,76.0,75.96036994639825,0.16666666666666669,0.16666666666666669,0.16666666666666669,0.16666666666666669,0.16666666666666669,0.16666666666666669
77,77.0,76.97893469738918,0.16666666666666669,0.16666666666666669,0.16666666666666669,0.16666666666666669,0.16666666666666669,0.16666666666666669
78,78.0,77.99885362630712,0.16666666666666669,0.16666666666666669,0.16666666666666669,0.16666666666666669,0.16666666666666669,0.16666666666666669
79,79.0,79.0197921260702,0.16666666666666669,0.16666666666666669,0.16666666666666669,0.16666666666666669,0.16666666666666669,0.16666666666666669
80,80.0,80.04143885459628,0.16666666666666669,0.16666666666666669,0.16666666666666669,0.16666666666666669,0.16666666666666669,0.16666666666666669
81,81.0,81.06350652172377,0.16666666666666669,0.16666666666666669,0.16666666666666669,0.16666666666666669,0.16666666666666669,0.16666666666666669
82,82.0,82.08573235692128,0.16666666666666669,0.16666666666666669,0.16666666666666669,0.16666666666666669,0.16666666666666669,0.16666666666666669
83,83.0,83.10787828502983,0.16666666666666669,0.16666666666666669,0.16666666666666669,0.16666666666666669,0.16666666666666669,0.16666666666666669
84,84.0,84.12973083747721,0.16666666666666669,0.16666666666666669,0.16666666666666669,0.16666666666666669,0.16666666666666669,0.16666666666666669
85,85.0,85.1511008263051,0.16666666666666669,0.16666666666666669,0.16666666666666669,0.16666666666666669,0.16666666666666669,0.16666666666666669
86,86.0,86.17182280798714,0.16666666666666669,0.16666666666666669,0.16666666666666669,0.16666666666666669,0.16666666666666669,0.16666666666666669
87,87.0,87.19175436342113,0.16666666666666669,0.16666666666666669,0.16666666666666669,0.16666666666666669,0.16666666666666669,0.16666666666666669
88,88.0,88.21077521967749,0.16666666666666669,0.16666666666666669,0.16666666666666669,0.16666666666666669,0.16666666666666669,0.16666666666666669
89,89.0,89.22878623811144,0.16666666666666669,0.16666666666666669,0.16666666666666669,0.16666666666666669,0.16666666666666669,0.16666666666666669
90,90.0,90.24570829232088,0.16666666666666669,0.16666666666666669,0.16666666666666669,0.16666666666666669,0.16666666666666669,0.16666666666666669
91,91.0,91.26148105818618,0.16666666666666669,0.16666666666666669,0.16666666666666669,0.16666666666666669,0.16666666666666669,0.16666666666666669
92,92.0,92.27606173688308,0.16666666666666669,0.16666666666666669,0.16666666666666669,0.16666666666666669,0.16666666666666669,0.16666666666666669
93,93.0,93.28942373034145,0.16666666666666669,0.16666666666666669,0.16666666666666669,0.16666666666666669,0.16666666666666669,0.16666666666666669
94,94.0,94.31155528715057,0.16666666666666669,0.16666666666666669,0.16666666666666669,0.16666666666666669,0.16666666666666669,0.16666666666666669
95,95.0,95.33235813540729,0.16666666666666669,0.16666666666666669,0.16666666666666669,0.16666666666666669,0.16666666666666669,0.16666666666666669
96,96.0,96.35175711748425,0.16666666666666669,0.16666666666666669,0.16666666666666669,0.16666666666666669,0.16666666666666669,0.16666666666666669
97,97.0,97.36969863017868,0.16666666666666669,0.16666666666666669,0.16666666666666669,0.16666666666666669,0.16666666666666669,0.16666666666666669
98,98.0,98.38614900530187,0.16666666666666669,0.16666666666666669,0.16666666666666669,0.16666666666666669,0.16666666666666669,0.16666666666666669
99,99.0,99.40109285285973,0.16666666666666669,0.16666666666666669,0.16666666666666669,0.16666666666666669,0.16666666666666669,0.16666666666666669
100,100.0,100.41453138713322,0.16666666666666669,0.16666666666666669,0.16666666666666669,0.16666666666666669,0.16666666666666669,0.16666666666666669
101,101.0,101.42648075410801,0.16666666666666669,0.16666666666666669,0.16666666666666669,0.16666666666666669,0.16666666666666669,0.16666666666666669
102,102.0,102.43697037684424,0.16666666666666669,0.16666666666666669,0.16666666666666669,0.16666666666666669,0.16666666666666669,0.16666666666666669
103,103.0,103.44604133353842,0.16666666666666669,0.16666666666666669,0.16666666666666669,0.16666666666666669,0.16666666666666669,0.16666666666666669
104,104.0,104.45374478122778,0.16666666666666669,0.16666666666666669,0.16666666666666669,0.16666666666666669,0.16666666666666669,0.16666666666666669
105,105.0,105.46014043633593,0.16666666666666669,0.16666666666666669,0.16666666666666669,0.16666666666666669,0.16666666666666669,0.16666666666666669
106,106.0,106.46529512156992,0.16666666666666669,0.16666666666666669,0.16666666666666669,0.16666666666666669,0.16666666666666669,0.16666666666666669
107,107.0,107.46928138706483,0.16666666666666669,0.16666666666666669,0.16666666666666669,0.16666666666666669,0.16666666666666669,0.16666666666666669
108,108.0,108.47217621213957,0.16666666666666669,0.16666666666666669,0.16666666666666669,0.16666666666666669,0.16666666666666669,0.16666666666666669
109,109.0,109.47405979258545,0.16666666666666669,0.16666666666666669,0.16666666666666669,0.16666666666666669,0.16666666666666669,0.16666666666666669
110,110.0,110.47501441706089,0.16666666666666669,0.16666666666666669,0.16666666666666669,0.16666666666666669,0.16666666666666669,0.16666666666666669
111,111.0,111.47512343491817,0.16666666666666669,0.16666666666666669,0.16666666666666669,0.16666666666666669,0.16666666666666669,0.16666666666666669
112,112.0,112.47447031664055,0.16666666666666669,0.16666666666666669,0.16666666666666669,0.16666666666666669,0.16666666666666669,0.16666666666666669
113,113.0,113.47313780702429,0.16666666666666669,0.16666666666666669,0.16666666666666669,0.16666666666666669,0.16666666666666669,0.16666666666666669
114,114.0,114.4712071702994,0.16666666666666669,0.16666666666666669,0.16666666666666669,0.16666666666666669,0.16666666666666669,0.16666666666666669
115,115.0,115.468757525544,0.16666666666666669,0.16666666666666669,0.16666666666666669,0.16666666666666669,0.16666666666666669,0.16666666666666669
116,116.0,116.46586527000872,0.16666666666666669,0.16666666666666669,0.16666666666666669,0.16666666666666669,0.16666666666666669,0.16666666666666669
117,117.0,117.46260358732687,0.16666666666666669,0.16666666666666669,0.16666666666666669,0.16666666666666669,0.16666666666666669,0.16666666666666669
118,118.0,118.45904203703994,0.16666666666666669,0.16666666666666669,0.16666666666666669,0.16666666666666669,0.16666666666666669,0.16666666666666669
119,119.0,119.4552462214113,0.16666666666666669,0.16666666666666669,0.16666666666666669,0.16666666666666669,0.16666666666666669,0.16666666666666669
120,120.0,120.45127752513142,0.16666666666666669,0.16666666666666669,0.16666666666666669,0.16666666666666669,0.16666666666666669,0.16666666666666669
121,121.0,121.4471929232282,0.16666666666666669,0.16666666666666669,0.16666666666666669,0.16666666666666669,0.16666666666666669,0.16666666666666669
122,122.0,122.44304485228304,0.16666666666666669,0.16666666666666669,0.16666666666666669,0.16666666666666669,0.16666666666666669,0.16666666666666669
123,123.0,123.43888113990955,0.16666666666666669,0.16666666666666669,0.16666666666666669,0.16666666666666669,0.16666666666666669,0.16666666666666669
124,124.0,124.43474498737432,0.16666666666666669,0.16666666666666669,0.16666666666666669,0.16666666666666669,0.16666666666666669,0.16666666666666669
125,125.0,125.43067500021887,0.16666666666666669,0.16666666666666669,0.16666666666666669,0.16666666666666669,0.16666666666666669,0.16666666666666669
126,126.0,126.42670526177677,0.16666666666666669,0.16666666666666669,0.16666666666666669,0.16666666666666669,0.16666666666666669,0.16666666666666669
127,127.0,127.42286544456113,0.16666666666666669,0.16666666666666669,0.16666666666666669,0.16666666666666669,0.16666666666666669,0.16666666666666669
128,128.0,128.41918095462142,0.16666666666666669,0.16666666666666669,0.16666666666666669,0.16666666666666669,0.16666666666666669,0.16666666666666669
129,129.0,129.4156731041295,0.16666666666666669,0.16666666666666669,0.16666666666666669,0.16666666666666669,0.16666666666666669,0.16666666666666669
130,130.0,130.41235930764543,0.16666666666666669,0.16666666666666669,0.16666666666666669,0.16666666666666669,0.16666666666666669,0.16666666666666669
131,131.0,131.40925329773333,0.16666666666666669,0.16666666666666669,0.16666666666666669,0.16666666666666669,0.16666666666666669,0.16666666666666669
132,132.0,132.4063653558351,0.16666666666666669,0.16666666666666669,0.16666666666666669,0.16666666666666669,0.16666666666666669,0.16666666666666669
133,133.0,133.40370255456835,0.16666666666666669,0.16666666666666669,0.16666666666666669,0.16666666666666669,0.16666666666666669,0.16666666666666669
134,134.0,134.4012690078826,0.16666666666666669,0.16666666666666669,0.16666666666666669,0.16666666666666669,0.16666666666666669,0.16666666666666669
135,135.0,135.3990661257866,0.16666666666666669,0.16666666666666669,0.16666666666666669,0.16666666666666669,0.16666666666666669,0.16666666666666669
136,136.0,136.39709287064233,0.16666666666666669,0.16666666666666669,0.16666666666666669,0.16666666666666669,0.16666666666666669,0.16666666666666669
137,137.0,137.39534601230608,0.16666666666666669,0.16666666666666669,0.16666666666666669,0.16666666666666669,0.16666666666666669,0.16666666666666669
138,138.0,138.39382037968036,0.16666666666666669,0.16666666666666669,0.16666666666666669,0.16666666666666669,0.16666666666666669,0.16666666666666669
139,139.0,139.39250910652044,0.16666666666666669,0.16666666666666669,0.16666666666666669,0.16666666666666669,0.16666666666666669,0.16666666666666669
140,140.0,140.39140386961128,0.16666666666666669,0.16666666666666669,0.16666666666666669,0.16666666666666669,0.16666666666666669,0.16666666666666669
141,141.0,141.39049511769693,0.16666666666666669,0.16666666666666669,0.16666666666666669,0.16666666666666669,0.16666666666666669,0.16666666666666669
142,142.0,142.38977228979707,0.16666666666666669,0.16666666666666669,0.16666666666666669,0.16666666666666669,0.16666666666666669,0.16666666666666669
143,143.0,143.3892240217892,0.16666666666666669,0.16666666666666669,0.16666666666666669,0.16666666666666669,0.16666666666666669,0.16666666666666669
144,144.0,144.38883834036423,0.16666666666666669,0.16666666666666669,0.16666666666666669,0.16666666666666669,0.16666666666666669,0.16666666666666669
145,145.0,145.38860284367811,0.16666666666666669,0.16666666666666669,0.16666666666666669,0.16666666666666669,0.16666666666666669,0.16666666666666669
146,146.0,146.38850486822383,0.16666666666666669,0.16666666666666669,0.16666666666666669,0.16666666666666669,0.16666666666666669,0.16666666666666669
147,147.0,147.38853164163277,0.16666666666666669,0.16666666666666669,0.16666666666666669,0.16666666666666669,0.16666666666666669,0.16666666666666669
148,148.0,148.38867042128447,0.16666666666666669,0.16666666666666669,0.16666666666666669,0.16666666666666669,0.16666666666666669,0.16666666666666669
149,149.0,149.38890861875817,0.16666666666666669,0.16666666666666669,0.16666666666666669,0.16666666666666669,0.16666666666666669,0.16666666666666669
150,150.0,150.3892339102969,0.16666666666666669,0.16666666666666669,0.16666666666666669,0.16666666666666669,0.16666666666666669,0.16666666666666669
151,151.0,151.38963433357878,0.16666666666666669,0.16666666666666669,0.16666666666666669,0.16666666666666669,0.16666666666666669,0.16666666666666669
152,152.0,152.39009837119673,0.16666666666666669,0.16666666666666669,0.16666666666666669,0.16666666666666669,0.16666666666666669,0.16666666666666669
153,153.0,153.3906150213409,0.16666666666666669,0.16666666666666669,0.16666666666666669,0.16666666666666669,0.16666666666666669,0.16666666666666669
154,154.0,154.39117385625724,0.16666666666666669,0.16666666666666669,0.16666666666666669,0.16666666666666669,0.16666666666666669,0.16666666666666669
155,155.0,155.39176506911937,0.16666666666666669,0.16666666666666669,0.16666666666666669,0.16666666666666669,0.16666666666666669,0.16666666666666669
156,156.0,156.3923795100041,0.16666666666666669,0.16666666666666669,0.16666666666666669,0.16666666666666669,0.16666666666666669,0.16666666666666669
157,157.0,157.39300871170033,0.16666666666666669,0.16666666666666669,0.16666666666666669,0.16666666666666669,0.16666666666666669,0.16666666666666669
158,158.0,158.39364490610993,0.16666666666666669,0.16666666666666669,0.16666666666666669,0.16666666666666669,0.16666666666666669,0.16666666666666669
159,159.0,159.39428103201746,0.16666666666666669,0.16666666666666669,0.16666666666666669,0.16666666666666669,0.16666666666666669,0.16666666666666669
160,160.0,160.39491073501404,0.16666666666666669,0.16666666666666669,0.16666666666666669,0.16666666666666669,0.16666666666666669,0.16666666666666669
161,161.0,161.39552836036086,0.16666666666666669,0.16666666666666669,0.16666666666666669,0.16666666666666669,0.16666666666666669,0.16666666666666669
162,162.0,162.39612893956937,0.16666666666666669,0.16666666666666669,0.16666666666666669,0.16666666666666669,0.16666666666666669,0.16666666666666669
163,163.0,163.39670817146134,0.16666666666666669,0.16666666666666669,0.16666666666666669,0.16666666666666669,0.16666666666666669,0.16666666666666669
164,164.0,164.3972623984495,0.16666666666666669,0.16666666666666669,0.16666666666666669,0.16666666666666669,0.16666666666666669,0.16666666666666669
165,165.0,165.39778857875433,0.16666666666666669,0.16666666666666669,0.16666666666666669,0.16666666666666669,0.16666666666666669,0.16666666666666669
166,166.0,166.39828425524115,0.16666666666666669,0.16666666666666669,0.16666666666666669,0.16666666666666669,0.16666666666666669,0.16666666666666669
167,167.0,167.39874752152687,0.16666666666666669,0.16666666666666669,0.16666666666666669,0.16666666666666669,0.16666666666666669,0.16666666666666669
168,168.0,168.39917698596875,0.16666666666666669,0.16666666666666669,0.16666666666666669,0.16666666666666669,0.16666666666666669,0.16666666666666669
169,169.0,169.39957173410676,0.16666666666666669,0.16666666666666669,0.16666666666666669,0.16666666666666669,0.16666666666666669,0.16666666666666669
170,170.0,170.39993129008988,0.16666666666666669,0.16666666666666669,0.16666666666666669,0.16666666666666669,0.16666666666666669,0.16666666666666669
171,171.0,171.40025557757383,0.16666666666666669,0.16666666666666669,0.16666666666666669,0.16666666666666669,0.16666666666666669,0.16666666666666669
172,172.0,172.40054488053366,0.16666666666666669,0.16666666666666669,0.16666666666666669,0.16666666666666669,0.16666666666666669,0.16666666666666669
173,173.0,173.40079980439214,0.16666666666666669,0.16666666666666669,0.16666666666666669,0.16666666666666669,0.16666666666666669,0.16666666666666669
174,174.0,174.40102123782086,0.16666666666666669,0.16666666666666669,0.16666666666666669,0.16666666666666669,0.16666666666666669,0.16666666666666669
175,175.0,175.4012103155285,0.16666666666666669,0.16666666666666669,0.16666666666666669,0.16666666666666669,0.16666666666666669,0.16666666666666669
176,176.0,176.40136838231007,0.16666666666666669,0.16666666666666669,0.16666666666666669,0.16666666666666669,0.16666666666666669,0.16666666666666669
177,177.0,177.4014969585904,0.16666666666666669,0.16666666666666669,0.16666666666666669,0.16666666666666669,0.16666666666666669,0.16666666666666669
178,178.0,178.40159770765678,0.16666666666666669,0.16666666666666669,0.16666666666666669,0.16666666666666669,0.16666666666666669,0.16666666666666669
179,179.0,179.40167240473997,0.16666666666666669,0.16666666666666669,0.16666666666666669,0.16666666666666669,0.16666666666666669,0.16666666666666669
180,180.0,180.40172290806743,0.16666666666666669,0.16666666666666669,0.16666666666666669,0.16666666666666669,0.16666666666666669,0.16666666666666669
181,181.0,181.40175113198148,0.16666666666666669,0.16666666666666669,0.16666666666666669,0.16666666666666669,0.16666666666666669,0.16666666666666669
182,182.0,182.40175902218434,0.16666666666666669,0.16666666666666669,0.16666666666666669,0.16666666666666669,0.16666666666666669,0.16666666666666669
183,183.0,183.40174853314505,0.16666666666666669,0.16666666666666669,0.16666666666666669,0.16666666666666669,0.16666666666666669,0.16666666666666669
184,184.0,184.40172160767824,0.16666666666666669,0.16666666666666669,0.16666666666666669,0.16666666666666669,0.16666666666666669,0.16666666666666669
185,185.0,185.40168015868133,0.16666666666666669,0.16666666666666669,0.16666666666666669,0.16666666666666669,0.16666666666666669,0.16666666666666669
186,186.0,186.4016260529973,0.16666666666666669,0.16666666666666669,0.16666666666666669,0.16666666666666669,0.16666666666666669,0.16666666666666669
187,187.0,187.4015610973517,0.16666666666666669,0.16666666666666669,0.16666666666666669,0.16666666666666669,0.16666666666666669,0.16666666666666669
188,188.0,188.40148702629713,0.16666666666666669,0.16666666666666669,0.16666666666666669,0.16666666666666669,0.16666666666666669,0.16666666666666669
189,189.0,189.40140549208505,0.16666666666666669,0.16666666666666669,0.16666666666666669,0.16666666666666669,0.16666666666666669,0.16666666666666669
190,190.0,190.40131805637333,0.16666666666666669,0.16666666666666669,0.16666666666666669,0.16666666666666669,0.16666666666666669,0.16666666666666669
191,191.0,191.40122618366905,0.16666666666666669,0.16666666666666669,0.16666666666666669,0.16666666666666669,0.16666666666666669,0.16666666666666669
192,192.0,192.40113123639853,0.16666666666666669,0.16666666666666669,0.16666666666666669,0.16666666666666669,0.16666666666666669,0.16666666666666669
193,193.0,193.40103447149107,0.16666666666666669,0.16666666666666669,0.16666666666666669,0.16666666666666669,0.16666666666666669,0.16666666666666669
194,194.0,194.40093703835944,0.16666666666666669,0.16666666666666669,0.16666666666666669,0.16666666666666669,0.16666666666666669,0.16666666666666669
195,195.0,195.4008399781574,0.16666666666666669,0.16666666666666669,0.16666666666666669,0.16666666666666669,0.16666666666666669,0.16666666666666669
196,196.0,196.40074422419394,0.16666666666666669,0.16666666666666669,0.16666666666666669,0.16666666666666669,0.16666666666666669,0.16666666666666669
197,197.0,197.40065060338492,0.16666666666666669,0.16666666666666669,0.16666666666666669,0.16666666666666669,0.16666666666666669,0.16666666666666669
198,198.0,198.40055983862294,0.16666666666666669,0.16666666666666669,0.16666666666666669,0.16666666666666669,0.16666666666666669,0.16666666666666669
199,199.0,199.40047255195094,0.16666666666666669,0.16666666666666669,0.16666666666666669,0.16666666666666669,0.16666666666666669,0.16666666666666669
200,200.0,200.4003892684266,0.16595238095238096,0.16595238095238096,0.1673809523809524,0.16880952380952383,0.16595238095238096,0.16595238095238096
201,201.0,201.40031042057046,0.16631666666666667,0.16506666666666667,0.16790952380952384,0.17057380952380954,0.16506666666666667,0.16506666666666667
202,202.0,202.40023635329422,0.166586072815534,0.1640014854368932,0.16948162829403612,0.17192784257975036,0.1640014854368932,0.1640014854368932
203,203.0,203.40016732921268,0.1667164031568809,0.1628218242733857,0.1707496910987826,0.1740684329241794,0.1628218242733857,0.1628218242733857
204,204.0,204.40010353424714,0.1676785953013793,0.1615370388922638,0.17184254687480358,0.17586774114702575,0.1615370388922638,0.1615370388922638
205,205.0,205.40004508343569,0.1698374504045642,0.1600735755607784,0.17276791297457583,0.17717390993852491,0.1600735755607784,0.1600735755607784
206,206.0,206.39999202687102,0.17194773222115048,0.15874456546363752,0.17362763895127956,0.17838510719393905,0.15864747808499677,0.15864747808499677
207,207.0,207.39994435569415,0.1725800435931978,0.1574770378443976,0.1744351113175916,0.1795115678944367,0.1572838339609025,0.15871240538947393
208,208.0,208.39990200807802,0.17298300130858246,0.1560989483028895,0.17500890928231658,0.18037192965993312,0.15581146286599637,0.15972574858028207
209,209.0,209.3998648751427,0.17319733655264224,0.15465695932358056,0.17538848770279136,0.18100602416309886,0.15538889771624512,0.16036229454164191
210,210.0,210.3998328067495,0.17330036372136678,0.15323247624134162,0.17574907815152405,0.1815839750203752,0.15507306644856925,0.1610610404168232
211,211.0,211.3998056171281,0.1733601473994344,0.15189595734612013,0.17605782865914246,0.18207966303606246,0.15482703939549336,0.16177936416374733
212,212.0,212.39978309029757,0.17338041409913008,0.15065197140816658,0.17631683571468182,0.18249635761416266,0.15464629640608824,0.1625081247577708
213,213.0,213.39976498524715,0.17318634142272268,0.15057513356256225,0.1761713407356518,0.18265921972408206,0.1543475450753094,0.16306041947967198
214,214.0,214.39975104084925,0.17296201832030086,0.15058521166424255,0.17598467744672824,0.18275271827725387,0.1541062880363163,0.16360908625515835
215,215.0,215.39974098048268,0.1725738241766014,0.15039563555968447,0.17548505153401195,0.1837550768660433,0.1537802995414314,0.16401011232222767
216,216.0,216.3997345163479,0.172167028037189,0.15027826643055742,0.17495875551900936,0.18469038590100076,0.15350631262119277,0.16439925149105095
217,217.0,217.39973135346318,0.17174755806302913,0.15022705727060956,0.1755248304832102,0.1844448861360487,0.1532818669873381,0.16477380105976458
218,218.0,218.3997311933323,0.1713208763373381,0.15023590417452243,0.17606837857905214,0.18413911344882763,0.15310425296756755,0.1651314744926924
219,219.0,219.39973373728114,0.17089197085252597,0.15029871306687084,0.17658621701241264,0.18378215285843663,0.15297056354067046,0.16547038266908365
220,220.0,220.3997386894623,0.17046535303935298,0.14929834854877666,0.17818684947631738,0.18338269276109664,0.15287774314162844,0.16578901303282811
221,221.0,221.39974575953073,0.17004506030878694,0.1483511316064651,0.17974599024307286,0.18294897770847593,0.1528226330716464,0.16608620706155303
222,222.0,222.399754664997,0.16963466307987277,0.14746121965178097,0.18125219707472648,0.1824887703466288,0.15280201339851815,0.16636113644847306
223,223.0,223.3997651332667,0.16937616466362337,0.14677067019439727,0.18408459018536075,0.18214821086898525,0.15184041905706736,0.1657799450305662
224,224.0,224.39977690337673,0.1688938649248395,0.147331928669634,0.18659413177787604,0.1815556448438061,0.15067846821944558,0.16494596156439897
225,225.0,225.399789727442,0.1682506812788767,0.14758563027090532,0.18882372587387336,0.182027912871811,0.14938353032936044,0.16392851937517336
226,226.0,226.39980337182635,0.16737984823862684,0.14860364446324584,0.19135645223442552,0.1821006342642269,0.14789256775667337,0.16266685304280176
227,227.0,227.399817618054,0.16609772363380565,0.14898702218328755,0.19386700947481061,0.18161180991946196,0.14845354858382742,0.160982886204807
228,228.0,228.39983226347832,0.16468769509635567,0.14995210325776992,0.19652558252771507,0.1808610107932101,0.14880848251538079,0.15916512580956862
229,229.0,229.39984712172543,0.16332665330491433,0.15092652108595858,0.19903169317226704,0.1801137605367007,0.14920624308339622,0.15739512881676337
230,230.0,230.39986202293056,0.16202331000279516,0.15280868872329195,0.20137552654285623,0.1793771767655246,0.14872947910945641,0.15568581885607596
231,231.0,231.3998768137859,0.16078492877408712,0.15467082769430038,0.20354987203317298,0.1786575586688602,0.14828859250567814,0.15404822032390147
232,232.0,232.39989135741786,0.1596173972237362,0.15649631947590628,0.20554993497634144,0.17796040586022305,0.147884404401083,0.1524915380627104
233,233.0,233.39990553311242,0.1585253056994102,0.15827057386923385,0.2073731429976447,0.1772904433388967,0.14751728682679865,0.1510232472680163
234,234.0,234.3999192359064,0.15744792854964731,0.15991686950507508,0.20933946232956907,0.17658754913726082,0.1471231013414343,0.14958508913701382
235,235.0,235.3999323760619,0.15645226041618115,0.16148923161051248,0.2111264571092717,0.17591973767305505,0.1467661888986439,0.14824612429233613
236,236.0,236.39994487844126,0.15554008707871675,0.16297932991753208,0.2127341898441777,0.1752901787871784,0.14644639131859793,0.14700982305379756
237,237.0,237.39995668179827,0.15471218079102853,0.16438048982290548,0.21416450941141768,0.17470134281065672,0.14616319509082243,0.14587828207316958
238,238.0,238.3999677380016,0.15373029867292054,0.1654494983296483,0.21518275869399062,0.17391695057422452,0.14710624823284427,0.14461424549637217
239,239.0,239.39997801120458,0.15480280731176602,0.16630869734237305,0.2147018303594056,0.173064218476054,0.14777902641179466,0.14334342009860707
240,240.0,240.3999874769752,0.15553558161752018,0.16763973711461555,0.21355212300339585,0.17205853834833124,0.14923479637515827,0.14197922354097925
241,241.0,241.399996121399,0.15632065189581928,0.1688725077880862,0.21228316544781775,0.17110795410298102,0.15068839355255242,0.14072732721274356
242,242.0,242.40000394016647,0.15703504773673574,0.16989461845603743,0.2105899019585136,0.17016151693927448,0.15278483991014083,0.1395340749992981
243,243.0,243.4000109376555,0.15657124451815052,0.17072057701600465,0.20920935144140473,0.16923010802251584,0.15586135248879457,0.13840736651312982
244,244.0,244.4000171260191,0.15602630335280282,0.17133634226778974,0.20767007985047445,0.16825328464892395,0.15943042938189042,0.13728356049811868
245,245.0,245.4000225242861,0.15542287835611332,0.171765866798784,0.20692153382719602,0.16725444740700893,0.1624525779345078,0.13618269567639
246,246.0,246.40002715748358,0.155612246100577,0.17202954004181717,0.20600424748715826,0.1662518466620829,0.16498257252547133,0.13511954718289343
247,247.0,247.40003105578646,0.15589243318249565,0.17238678901088422,0.2049263601207235,0.16535054598220322,0.16721369728609098,0.1342301744176025
248,248.0,248.4000342537012,0.15557759222154505,0.17276035461942657,0.20418688815449898,0.16457321596237043,0.16940315241590245,0.1334987966262566
249,249.0,249.4000367892874,0.15528751728876444,0.17305915526169696,0.20488795619669734,0.163872375693921,0.17001892461240276,0.1328740709465176
250,250.0,250.40003870342215,0.155558346816379,0.1731091079993284,0.20577135670891145,0.1630688131758297,0.17031936730410085,0.13217300799545076
251,251.0,251.40004003910923,0.15763669919116455,0.173457069487066,0.20577536943052738,0.16035373216078863,0.17072812713932925,0.1320490025911244
252,252.0,252.4000408408365,0.15969122621458381,0.17383941593491095,0.20575623058097392,0.15771766513080465,0.17100251462754407,0.13199294751118276
253,253.0,253.4000411539827,0.16224215323404498,0.17247485940834814,0.20625231377996597,0.15480458701848165,0.1716878296984652,0.1325382568606942
254,254.0,254.40004102427443,0.1649253699407882,0.17267835914670734,0.20566817495169798,0.15220055049239753,0.17244716540415178,0.1320803800642573
255,255.0,255.4000404972942,0.1675401009133036,0.17284464595468416,0.20436767768717867,0.14973997747347498,0.17310481203835612,0.13240278593300264
256,256.0,256.4000396180391,0.16997180932005065,0.17354720682866567,0.20284022470744023,0.147385508293568,0.17356912394664628,0.13268612690362933
257,257.0,257.4000384305291,0.17136404743310582,0.1739297177576406,0.20222010646012234,0.1450901205506174,0.1732316313093706,0.1341643764891434
258,258.0,258.4000369774648,0.1726493723682402,0.17427360538006662,0.20162895948562493,0.14296339244588954,0.17281387652044544,0.13567079379973343
259,259.0,259.40003529993237,0.17368673330500572,0.17430151537259653,0.20093090923752205,0.1419819475188316,0.17218917445403614,0.13690972011200814
260,260.0,260.4000334371538,0.17461555303387152,0.17429476639829466,0.2002686265456553,0.14116607190094724,0.17150946685855517,0.13814551526267632
261,261.0,261.40003142628154,0.17543739747833897,0.17425689184358722,0.19964515748131972,0.1405073674174979,0.1707870513628645,0.13936613441639195
262,262.0,262.4000293022337,0.1761547457224032,0.17419138301206183,0.1990628553724055,0.13999670399987454,0.17003342291194207,0.1405608889813131
263,263.0,263.4000270975683,0.1767708739036639,0.17410165841971556,0.1985234265444597,0.13962438417567086,0.16925923908582022,0.14172041787067005
264,264.0,264.4000248423937,0.1771508538576999,0.17496325911077618,0.19761131129099824,0.13924140789489797,0.16833540837139122,0.14269775947423674
265,265.0,265.4000225643127,0.1777728339410267,0.1746307698833257,0.19674789940710732,0.13914433723268724,0.16774446709796342,0.14395969243788984
266,266.0,266.4000202883966,0.1783063943398819,0.17427692462148975,0.1959369546746688,0.13915555233380456,0.167159035734171,0.1451651382959842
267,267.0,267.4000180371882,0.17792170808539082,0.17390739738132524,0.1960146731591951,0.13926411247090592,0.16658441760268836,0.14630769130049476
268,268.0,268.40001583072876,0.17735333559432187,0.17330522941084447,0.19580807802081124,0.1393480864279108,0.16591416645048818,0.14827110409562366
269,269.0,269.40001368660796,0.1768642181041324,0.17172748424056164,0.19703655546208088,0.13978687086103658,0.16540343698005314,0.1491814343521356
270,270.0,270.4000116200332,0.17632632128963635,0.17016249704215974,0.198294313450626,0.14029059687833995,0.16491638431791106,0.15000988702132712
