,Unnamed: 0,Total_iterations,Intertwine_two,Add_vertex,Delete_vertex
0,0.0,0.0,0.33333333333333337,0.33333333333333337,0.33333333333333337
1,1.0,1.0,0.33333333333333337,0.33333333333333337,0.33333333333333337
2,2.0,2.0,0.33333333333333337,0.33333333333333337,0.33333333333333337
3,3.0,3.0,0.33333333333333337,0.33333333333333337,0.33333333333333337
4,4.0,4.0,0.33333333333333337,0.33333333333333337,0.33333333333333337
5,5.0,5.0,0.33333333333333337,0.33333333333333337,0.33333333333333337
6,6.0,6.0,0.33333333333333337,0.33333333333333337,0.33333333333333337
7,7.0,7.0,0.33333333333333337,0.33333333333333337,0.33333333333333337
8,8.0,8.0,0.33333333333333337,0.33333333333333337,0.33333333333333337
9,9.0,9.0,0.33333333333333337,0.33333333333333337,0.33333333333333337
10,10.0,10.0,0.33333333333333337,0.33333333333333337,0.33333333333333337
11,11.0,11.0,0.33333333333333337,0.33333333333333337,0.33333333333333337
12,12.0,12.0,0.33333333333333337,0.33333333333333337,0.33333333333333337
13,13.0,13.0,0.33333333333333337,0.33333333333333337,0.33333333333333337
14,14.0,14.0,0.33333333333333337,0.33333333333333337,0.33333333333333337
15,15.0,15.0,0.33333333333333337,0.33333333333333337,0.33333333333333337
16,16.0,16.0,0.33333333333333337,0.33333333333333337,0.33333333333333337
17,17.0,17.0,0.33333333333333337,0.33333333333333337,0.33333333333333337
18,18.0,18.0,0.33333333333333337,0.33333333333333337,0.33333333333333337
19,19.0,19.0,0.33333333333333337,0.33333333333333337,0.33333333333333337
20,20.0,20.0,0.33333333333333337,0.33333333333333337,0.33333333333333337
21,21.0,21.0,0.33333333333333337,0.33333333333333337,0.33333333333333337
22,22.0,22.0,0.33333333333333337,0.33333333333333337,0.33333333333333337
23,23.0,23.0,0.33333333333333337,0.33333333333333337,0.33333333333333337
24,24.0,24.0,0.33333333333333337,0.33333333333333337,0.33333333333333337
25,25.0,25.0,0.33333333333333337,0.33333333333333337,0.33333333333333337
26,26.0,26.0,0.33333333333333337,0.33333333333333337,0.33333333333333337
27,27.0,27.0,0.33333333333333337,0.33333333333333337,0.33333333333333337
28,28.0,28.0,0.33333333333333337,0.33333333333333337,0.33333333333333337
29,29.0,29.0,0.33333333333333337,0.33333333333333337,0.33333333333333337
30,30.0,30.0,0.33333333333333337,0.33333333333333337,0.33333333333333337
31,31.0,31.0,0.33333333333333337,0.33333333333333337,0.33333333333333337
32,32.0,32.0,0.33333333333333337,0.33333333333333337,0.33333333333333337
33,33.0,33.0,0.33333333333333337,0.33333333333333337,0.33333333333333337
34,34.0,34.0,0.33333333333333337,0.33333333333333337,0.33333333333333337
35,35.0,35.0,0.33333333333333337,0.33333333333333337,0.33333333333333337
36,36.0,36.0,0.33333333333333337,0.33333333333333337,0.33333333333333337
37,37.0,37.0,0.33333333333333337,0.33333333333333337,0.33333333333333337
38,38.0,38.0,0.33333333333333337,0.33333333333333337,0.33333333333333337
39,39.0,39.0,0.33333333333333337,0.33333333333333337,0.33333333333333337
40,40.0,40.0,0.33333333333333337,0.33333333333333337,0.33333333333333337
41,41.0,41.0,0.33333333333333337,0.33333333333333337,0.33333333333333337
42,42.0,42.0,0.33333333333333337,0.33333333333333337,0.33333333333333337
43,43.0,43.0,0.33333333333333337,0.33333333333333337,0.33333333333333337
44,44.0,44.0,0.33333333333333337,0.33333333333333337,0.33333333333333337
45,45.0,45.0,0.33333333333333337,0.33333333333333337,0.33333333333333337
46,46.0,46.0,0.33333333333333337,0.33333333333333337,0.33333333333333337
47,47.0,47.0,0.33333333333333337,0.33333333333333337,0.33333333333333337
48,48.0,48.0,0.33333333333333337,0.33333333333333337,0.33333333333333337
49,49.0,49.0,0.33333333333333337,0.33333333333333337,0.33333333333333337
50,50.0,50.0,0.33333333333333337,0.33333333333333337,0.33333333333333337
51,51.0,51.0,0.33333333333333337,0.33333333333333337,0.33333333333333337
52,52.0,52.0,0.33333333333333337,0.33333333333333337,0.33333333333333337
53,53.0,53.0,0.33333333333333337,0.33333333333333337,0.33333333333333337
54,54.0,54.0,0.33333333333333337,0.33333333333333337,0.33333333333333337
55,55.0,55.0,0.33333333333333337,0.33333333333333337,0.33333333333333337
56,56.0,56.0,0.33333333333333337,0.33333333333333337,0.33333333333333337
57,57.0,57.0,0.33333333333333337,0.33333333333333337,0.33333333333333337
58,58.0,58.0,0.33333333333333337,0.33333333333333337,0.33333333333333337
59,59.0,59.0,0.33333333333333337,0.33333333333333337,0.33333333333333337
60,60.0,60.0,0.33333333333333337,0.33333333333333337,0.33333333333333337
61,61.0,61.0,0.33333333333333337,0.33333333333333337,0.33333333333333337
62,62.0,62.0,0.33333333333333337,0.33333333333333337,0.33333333333333337
63,63.0,63.0,0.33333333333333337,0.33333333333333337,0.33333333333333337
64,64.0,64.0,0.33333333333333337,0.33333333333333337,0.33333333333333337
65,65.0,65.0,0.33333333333333337,0.33333333333333337,0.33333333333333337
66,66.0,66.0,0.33333333333333337,0.33333333333333337,0.33333333333333337
67,67.0,67.0,0.33333333333333337,0.33333333333333337,0.33333333333333337
68,68.0,68.0,0.33333333333333337,0.33333333333333337,0.33333333333333337
69,69.0,69.0,0.33333333333333337,0.33333333333333337,0.33333333333333337
70,70.0,70.0,0.33333333333333337,0.33333333333333337,0.33333333333333337
71,71.0,71.0,0.33333333333333337,0.33333333333333337,0.33333333333333337
72,72.0,72.0,0.33333333333333337,0.33333333333333337,0.33333333333333337
73,73.0,73.0,0.33333333333333337,0.33333333333333337,0.33333333333333337
74,74.0,74.0,0.33333333333333337,0.33333333333333337,0.33333333333333337
75,75.0,75.0,0.33333333333333337,0.33333333333333337,0.33333333333333337
76,76.0,76.0,0.33333333333333337,0.33333333333333337,0.33333333333333337
77,77.0,77.0,0.33333333333333337,0.33333333333333337,0.33333333333333337
78,78.0,78.0,0.33333333333333337,0.33333333333333337,0.33333333333333337
79,79.0,79.0,0.33333333333333337,0.33333333333333337,0.33333333333333337
80,80.0,80.0,0.33333333333333337,0.33333333333333337,0.33333333333333337
81,81.0,81.0,0.33333333333333337,0.33333333333333337,0.33333333333333337
82,82.0,82.0,0.33333333333333337,0.33333333333333337,0.33333333333333337
83,83.0,83.0,0.33333333333333337,0.33333333333333337,0.33333333333333337
84,84.0,84.0,0.33333333333333337,0.33333333333333337,0.33333333333333337
85,85.0,85.1,0.33333333333333337,0.33333333333333337,0.33333333333333337
86,86.0,86.1,0.33333333333333337,0.33333333333333337,0.33333333333333337
87,87.0,87.1,0.33333333333333337,0.33333333333333337,0.33333333333333337
88,88.0,88.1,0.33333333333333337,0.33333333333333337,0.33333333333333337
89,89.0,89.1,0.33333333333333337,0.33333333333333337,0.33333333333333337
90,90.0,90.1,0.33333333333333337,0.33333333333333337,0.33333333333333337
91,91.0,91.1,0.33333333333333337,0.33333333333333337,0.33333333333333337
92,92.0,92.1,0.33333333333333337,0.33333333333333337,0.33333333333333337
93,93.0,93.1,0.33333333333333337,0.33333333333333337,0.33333333333333337
94,94.0,94.1,0.33333333333333337,0.33333333333333337,0.33333333333333337
95,95.0,95.1,0.33333333333333337,0.33333333333333337,0.33333333333333337
96,96.0,96.1,0.33333333333333337,0.33333333333333337,0.33333333333333337
97,97.0,97.2,0.33333333333333337,0.33333333333333337,0.33333333333333337
98,98.0,98.2,0.33333333333333337,0.33333333333333337,0.33333333333333337
99,99.0,99.2,0.33333333333333337,0.33333333333333337,0.33333333333333337
100,100.0,100.2,0.33333333333333337,0.33333333333333337,0.33333333333333337
101,101.0,101.2,0.33333333333333337,0.33333333333333337,0.33333333333333337
102,102.0,102.2,0.33333333333333337,0.33333333333333337,0.33333333333333337
103,103.0,103.2,0.33333333333333337,0.33333333333333337,0.33333333333333337
104,104.0,104.2,0.33333333333333337,0.33333333333333337,0.33333333333333337
105,105.0,105.2,0.33333333333333337,0.33333333333333337,0.33333333333333337
106,106.0,106.2,0.33333333333333337,0.33333333333333337,0.33333333333333337
107,107.0,107.2,0.33333333333333337,0.33333333333333337,0.33333333333333337
108,108.0,108.2,0.33333333333333337,0.33333333333333337,0.33333333333333337
109,109.0,109.2,0.33333333333333337,0.33333333333333337,0.33333333333333337
110,110.0,110.2,0.33333333333333337,0.33333333333333337,0.33333333333333337
111,111.0,111.2,0.33333333333333337,0.33333333333333337,0.33333333333333337
112,112.0,112.2,0.33333333333333337,0.33333333333333337,0.33333333333333337
113,113.0,113.2,0.33333333333333337,0.33333333333333337,0.33333333333333337
114,114.0,114.2,0.33333333333333337,0.33333333333333337,0.33333333333333337
115,115.0,115.2,0.33333333333333337,0.33333333333333337,0.33333333333333337
116,116.0,116.2,0.33333333333333337,0.33333333333333337,0.33333333333333337
117,117.0,117.2,0.33333333333333337,0.33333333333333337,0.33333333333333337
118,118.0,118.2,0.33333333333333337,0.33333333333333337,0.33333333333333337
119,119.0,119.2,0.33333333333333337,0.33333333333333337,0.33333333333333337
120,120.0,120.2,0.33333333333333337,0.33333333333333337,0.33333333333333337
121,121.0,121.2,0.33333333333333337,0.33333333333333337,0.33333333333333337
122,122.0,122.2,0.33333333333333337,0.33333333333333337,0.33333333333333337
123,123.0,123.2,0.33333333333333337,0.33333333333333337,0.33333333333333337
124,124.0,124.2,0.33333333333333337,0.33333333333333337,0.33333333333333337
125,125.0,125.2,0.33333333333333337,0.33333333333333337,0.33333333333333337
126,126.0,126.2,0.33333333333333337,0.33333333333333337,0.33333333333333337
127,127.0,127.2,0.33333333333333337,0.33333333333333337,0.33333333333333337
128,128.0,128.2,0.33333333333333337,0.33333333333333337,0.33333333333333337
129,129.0,129.2,0.33333333333333337,0.33333333333333337,0.33333333333333337
130,130.0,130.2,0.33333333333333337,0.33333333333333337,0.33333333333333337
131,131.0,131.2,0.33333333333333337,0.33333333333333337,0.33333333333333337
132,132.0,132.2,0.33333333333333337,0.33333333333333337,0.33333333333333337
133,133.0,133.2,0.33333333333333337,0.33333333333333337,0.33333333333333337
134,134.0,134.2,0.33333333333333337,0.33333333333333337,0.33333333333333337
135,135.0,135.2,0.33333333333333337,0.33333333333333337,0.33333333333333337
136,136.0,136.2,0.33333333333333337,0.33333333333333337,0.33333333333333337
137,137.0,137.2,0.33333333333333337,0.33333333333333337,0.33333333333333337
138,138.0,138.2,0.33333333333333337,0.33333333333333337,0.33333333333333337
139,139.0,139.2,0.33333333333333337,0.33333333333333337,0.33333333333333337
140,140.0,140.2,0.33333333333333337,0.33333333333333337,0.33333333333333337
141,141.0,141.2,0.33333333333333337,0.33333333333333337,0.33333333333333337
142,142.0,142.2,0.33333333333333337,0.33333333333333337,0.33333333333333337
143,143.0,143.2,0.33333333333333337,0.33333333333333337,0.33333333333333337
144,144.0,144.2,0.33333333333333337,0.33333333333333337,0.33333333333333337
145,145.0,145.2,0.33333333333333337,0.33333333333333337,0.33333333333333337
146,146.0,146.2,0.33333333333333337,0.33333333333333337,0.33333333333333337
147,147.0,147.2,0.33333333333333337,0.33333333333333337,0.33333333333333337
148,148.0,148.2,0.33333333333333337,0.33333333333333337,0.33333333333333337
149,149.0,149.2,0.33333333333333337,0.33333333333333337,0.33333333333333337
150,150.0,150.2,0.33333333333333337,0.33333333333333337,0.33333333333333337
151,151.0,151.2,0.33333333333333337,0.33333333333333337,0.33333333333333337
152,152.0,152.2,0.33333333333333337,0.33333333333333337,0.33333333333333337
153,153.0,153.2,0.33333333333333337,0.33333333333333337,0.33333333333333337
154,154.0,154.2,0.33333333333333337,0.33333333333333337,0.33333333333333337
155,155.0,155.2,0.33333333333333337,0.33333333333333337,0.33333333333333337
156,156.0,156.2,0.33333333333333337,0.33333333333333337,0.33333333333333337
157,157.0,157.2,0.33333333333333337,0.33333333333333337,0.33333333333333337
158,158.0,158.2,0.33333333333333337,0.33333333333333337,0.33333333333333337
159,159.0,159.2,0.33333333333333337,0.33333333333333337,0.33333333333333337
160,160.0,160.2,0.33333333333333337,0.33333333333333337,0.33333333333333337
161,161.0,161.2,0.33333333333333337,0.33333333333333337,0.33333333333333337
162,162.0,162.2,0.33333333333333337,0.33333333333333337,0.33333333333333337
163,163.0,163.2,0.33333333333333337,0.33333333333333337,0.33333333333333337
164,164.0,164.2,0.33333333333333337,0.33333333333333337,0.33333333333333337
165,165.0,165.2,0.33333333333333337,0.33333333333333337,0.33333333333333337
166,166.0,166.2,0.33333333333333337,0.33333333333333337,0.33333333333333337
167,167.0,167.2,0.33333333333333337,0.33333333333333337,0.33333333333333337
168,168.0,168.2,0.33333333333333337,0.33333333333333337,0.33333333333333337
169,169.0,169.2,0.33333333333333337,0.33333333333333337,0.33333333333333337
170,170.0,170.2,0.33333333333333337,0.33333333333333337,0.33333333333333337
171,171.0,171.2,0.33333333333333337,0.33333333333333337,0.33333333333333337
172,172.0,172.2,0.33333333333333337,0.33333333333333337,0.33333333333333337
173,173.0,173.2,0.33333333333333337,0.33333333333333337,0.33333333333333337
174,174.0,174.2,0.33333333333333337,0.33333333333333337,0.33333333333333337
175,175.0,175.2,0.33333333333333337,0.33333333333333337,0.33333333333333337
176,176.0,176.2,0.33333333333333337,0.33333333333333337,0.33333333333333337
177,177.0,177.2,0.33333333333333337,0.33333333333333337,0.33333333333333337
178,178.0,178.2,0.33333333333333337,0.33333333333333337,0.33333333333333337
179,179.0,179.2,0.33333333333333337,0.33333333333333337,0.33333333333333337
180,180.0,180.2,0.33333333333333337,0.33333333333333337,0.33333333333333337
181,181.0,181.2,0.33333333333333337,0.33333333333333337,0.33333333333333337
182,182.0,182.2,0.33333333333333337,0.33333333333333337,0.33333333333333337
183,183.0,183.2,0.33333333333333337,0.33333333333333337,0.33333333333333337
184,184.0,184.2,0.33333333333333337,0.33333333333333337,0.33333333333333337
185,185.0,185.2,0.33333333333333337,0.33333333333333337,0.33333333333333337
186,186.0,186.2,0.33333333333333337,0.33333333333333337,0.33333333333333337
187,187.0,187.2,0.33333333333333337,0.33333333333333337,0.33333333333333337
188,188.0,188.2,0.33333333333333337,0.33333333333333337,0.33333333333333337
189,189.0,189.2,0.33333333333333337,0.33333333333333337,0.33333333333333337
190,190.0,190.2,0.33333333333333337,0.33333333333333337,0.33333333333333337
191,191.0,191.2,0.33333333333333337,0.33333333333333337,0.33333333333333337
192,192.0,192.2,0.33333333333333337,0.33333333333333337,0.33333333333333337
193,193.0,193.2,0.33333333333333337,0.33333333333333337,0.33333333333333337
194,194.0,194.2,0.33333333333333337,0.33333333333333337,0.33333333333333337
195,195.0,195.2,0.33333333333333337,0.33333333333333337,0.33333333333333337
196,196.0,196.2,0.33333333333333337,0.33333333333333337,0.33333333333333337
197,197.0,197.2,0.33333333333333337,0.33333333333333337,0.33333333333333337
198,198.0,198.2,0.33333333333333337,0.33333333333333337,0.33333333333333337
199,199.0,199.2,0.325,0.35,0.325
200,200.0,200.2,0.31133333333333335,0.35233333333333333,0.3363333333333334
201,201.0,201.2,0.2943399339933993,0.37033003300330036,0.33533003300330033
202,202.0,202.2,0.28862564827911363,0.3717586044318718,0.3396157472890146
203,203.0,203.2,0.28683993399339935,0.35033003300330035,0.3628300330033004
204,204.0,204.2,0.29679738562091507,0.3283333333333333,0.3748692810457517
205,205.0,205.2,0.2784640522875817,0.36,0.36153594771241837
206,206.0,206.2,0.2760830999066293,0.3576190476190476,0.3662978524743231
207,207.0,207.2,0.2665196078431373,0.3691666666666667,0.36431372549019614
208,208.0,208.2,0.28248340548340545,0.3539379509379509,0.3635786435786436
209,209.0,209.2,0.2745,0.363,0.36250000000000004
210,210.0,210.2,0.2773088578088578,0.3696550116550117,0.3530361305361306
211,211.0,211.2,0.2716977466977467,0.3487762237762238,0.37952602952602954
212,212.0,212.2,0.2663113553113553,0.3554542124542125,0.3782344322344323
213,213.0,213.2,0.26303463203463207,0.35854112554112555,0.37842424242424244
214,214.0,214.2,0.2566060606060606,0.37496969696969695,0.36842424242424243
215,215.0,215.2,0.2503560606060606,0.38496969696969696,0.3646742424242424
216,216.0,216.2,0.2518021390374331,0.3905579322638146,0.3576399286987522
217,217.0,217.2,0.23837250051535763,0.39065450422593273,0.3709729952587095
218,218.0,218.2,0.23511828814460395,0.38464380648591173,0.3802379053694843
219,219.0,219.2,0.23650000000000002,0.3736666666666667,0.38983333333333337
220,220.0,220.2,0.2293388278388278,0.37575457875457874,0.3949065934065935
221,221.0,221.2,0.22630158730158728,0.37139682539682534,0.4023015873015874
222,222.0,222.2,0.21775180375180372,0.38763059163059166,0.39461760461760464
223,223.0,223.2,0.23255417529330571,0.3772353347135956,0.3902104899930987
224,224.0,224.2,0.23376190476190475,0.38242857142857145,0.3838095238095239
225,225.0,225.2,0.22704421768707478,0.38680952380952377,0.38614625850340134
226,226.0,226.2,0.23093799058084769,0.39293040293040293,0.3761316064887493
227,227.0,227.2,0.22681594860166285,0.3991250944822374,0.3740589569160998
228,228.0,228.2,0.2251178451178451,0.404023569023569,0.3708585858585859
229,229.0,229.2,0.22387445887445886,0.40709235209235206,0.36903318903318905
230,230.0,230.2,0.21617554858934165,0.41623998606757223,0.3675844653430861
231,231.0,231.2,0.2156439393939394,0.41684343434343435,0.3675126262626263
232,232.0,232.2,0.2347788367546432,0.4189011078527208,0.34632005539263605
233,233.0,233.2,0.23366935760318114,0.42635786599021896,0.33997277640659995
234,234.0,234.2,0.2325335775335775,0.42801254301254305,0.33945387945387945
235,235.0,235.2,0.22346176699117876,0.45327551533433885,0.32326271767448234
236,236.0,236.2,0.22194299979197002,0.45577928682047675,0.32227771338755323
237,237.0,237.2,0.22084396597554487,0.4574787347155769,0.3216772993088783
238,238.0,238.2,0.21458906633906633,0.469521567021567,0.3158893666393666
239,239.0,239.2,0.20817350635662998,0.4782856860549371,0.3135408075884329
240,240.0,240.2,0.20493650793650792,0.48386382623224733,0.31119966583124475
241,241.0,241.2,0.2036810338784023,0.4827121562647879,0.3136068098568099
242,242.0,242.2,0.20298857860928798,0.4800484838070651,0.316962937583647
243,243.0,243.2,0.2020833333333333,0.48166666666666674,0.31625000000000003
244,244.0,244.2,0.20561759581881534,0.47841521486643446,0.3159671893147503
245,245.0,245.2,0.20284574771870592,0.48373109951149884,0.3134231527697952
246,246.0,246.2,0.20236321897530765,0.48455370685584526,0.3130830741688471
247,247.0,247.2,0.20212668856941424,0.48480528372521786,0.31306802770536785
248,248.0,248.2,0.20111209499177213,0.48535765685362164,0.3135302481546062
249,249.0,249.2,0.20034887098716886,0.4867518297305532,0.312899299282278
250,250.0,250.2,0.19162678209266615,0.4790728548101989,0.3293003630971349
251,251.0,251.2,0.20049983113812903,0.46029550827423166,0.3392046605876393
252,252.0,252.2,0.19320855358182265,0.4627915855044337,0.3439998609137435
253,253.0,253.2,0.18800356995408235,0.46448479285212774,0.34751163719378997
254,254.0,254.2,0.1887743358788462,0.4604330067293053,0.35079265739184856
255,255.0,255.2,0.18639465412108563,0.46391119110650436,0.34969415477240995
256,256.0,256.2,0.18273682085092519,0.4659878347649453,0.35127534438412955
257,257.0,257.2,0.18773568760192663,0.45988626882087463,0.35237804357719876
258,258.0,258.2,0.18642681265334576,0.4594476633087397,0.35412552403791453
259,259.0,259.2,0.18310126842325103,0.4622307681062729,0.354667963470476
260,260.0,260.2,0.18249209813039596,0.46315061612933955,0.3543572857402645
261,261.0,261.2,0.1798981305364284,0.46516642314514656,0.354935446318425
262,262.0,262.2,0.1778450334833313,0.46667188465060805,0.3554830818660606
263,263.0,263.2,0.17601404921813651,0.4679372682844127,0.35604868249745075
264,264.0,264.2,0.1766471915736621,0.4637620917767976,0.3595907166495402
265,265.0,265.2,0.17570261161827236,0.4634252849572709,0.3608721034244567
266,266.0,266.2,0.17634841152899947,0.4644526287214411,0.35919895974955934
267,267.0,267.2,0.17750170125738549,0.46194141783591,0.36055688090670457
268,268.0,268.2,0.17382370782419007,0.4659379401494458,0.3602383520263641
269,269.0,269.2,0.17312487974094537,0.4657921260999382,0.3610829941591162
270,270.0,270.2,0.17349728940667258,0.4906685696635492,0.3358341409297781
271,271.0,271.2,0.1729905738999571,0.4901496441446237,0.3368597819554191
272,272.0,272.2,0.16275355973157007,0.5049995248319648,0.33224691543646506
273,273.0,273.2,0.15788303582906277,0.5119645073243274,0.33015245684660977
274,274.0,274.2,0.15454134060066255,0.5174749006528667,0.3279837587464706
275,275.0,275.2,0.1524640927032231,0.5209398443311487,0.3265960629656282
276,276.0,276.2,0.14991462475561018,0.5233105967070133,0.3267747785373765
277,277.0,277.2,0.14880351364449906,0.5255328189292355,0.3256636674262654
278,278.0,278.2,0.14309274059274052,0.5312275224775225,0.3256797369297369
279,279.0,279.2,0.14304839338572467,0.5329087173446243,0.32404288926965086
280,280.0,280.2,0.14249181963301985,0.5332160031043953,0.32429217726258475
281,281.0,281.2,0.1434678753401288,0.5299486859198093,0.32658343874006185
282,282.0,282.2,0.1582106199167296,0.5137305616544511,0.32805881842881923
283,283.0,283.2,0.1582106199167296,0.5137305616544511,0.32805881842881923
284,284.0,284.2,0.1576537366142629,0.5175910799726589,0.3247551834130781
285,285.0,285.2,0.15641858237547893,0.5192319376026273,0.3243494800218938
286,286.0,286.2,0.15687040516708814,0.518849499321702,0.3242800955112098
287,287.0,287.2,0.15548178657744588,0.520730249731695,0.3237879636908591
288,288.0,288.2,0.1546142840208677,0.5215685406035993,0.32381717537553295
289,289.0,289.2,0.15280449571517143,0.5224047432565514,0.32479076102827714
290,290.0,290.2,0.1518283367809731,0.52275952286695,0.3254121403520769
291,291.0,291.2,0.15020138168736347,0.5190011251701129,0.3307974931425236
292,292.0,292.2,0.14880596002829471,0.5205380716893139,0.33065596828239135
293,293.0,293.2,0.15188384209409633,0.5176196693402795,0.3304964885656242
294,294.0,294.2,0.15078019694697292,0.5189468542326817,0.33027294882034536
295,295.0,295.2,0.14535794749316794,0.5247027009243609,0.3299393515824712
296,296.0,296.2,0.14430627749240826,0.5258611758511373,0.3298325466564543
297,297.0,297.2,0.14410639171285372,0.5266321638579906,0.3292614444291556
298,298.0,298.2,0.14384721810816672,0.5232892714743952,0.33286351041743806
299,299.0,299.2,0.14390170528765392,0.5240136304487542,0.33208466426359184
300,300.0,300.2,0.14314387052981914,0.5253754538105776,0.33148067565960326
301,301.0,301.2,0.14301159539754402,0.5256400040751278,0.33134840052732817
302,302.0,302.2,0.14636542271794833,0.5227233996006243,0.3309111776814274
303,303.0,303.2,0.14604863586855366,0.522749051746301,0.3312023123851452
304,304.0,304.2,0.13994655825817526,0.5287681500645343,0.3312852916772903
305,305.0,305.2,0.1397240888477192,0.5287533187705039,0.3315225923817768
306,306.0,306.2,0.1384899149384206,0.5294958588519252,0.332014226209654
307,307.0,307.2,0.13811038168181025,0.5295092870092869,0.3323803313089027
308,308.0,308.2,0.13768913221854395,0.5298819568231332,0.33242891095832267
309,309.0,309.2,0.1374617321676145,0.5275647935942054,0.3349734742381801
310,310.0,310.2,0.13735333783950707,0.5273962827061756,0.3352503794543174
311,311.0,311.2,0.13711650602849632,0.5273018742773911,0.33558161969411265
312,312.0,312.2,0.1369434357619681,0.5271201504975365,0.3359364137404955
313,313.0,313.2,0.1399357076593303,0.526224276150289,0.3338400161903806
314,314.0,314.2,0.13886607842202195,0.5275804040320924,0.3335535175458856
315,315.0,315.2,0.1377349350367802,0.5248951429779789,0.3373699219852409
316,316.0,316.2,0.13689062919247436,0.5263511374339733,0.33675823337355226
317,317.0,317.2,0.135009876891554,0.5278317296708681,0.3371583934375778
318,318.0,318.2,0.13111084097242287,0.5317572066264878,0.33713195240108923
319,319.0,319.2,0.13406399398924312,0.5274652232916353,0.33847078271912157
320,320.0,320.2,0.1331421384388361,0.5284768814498932,0.3383809801112705
321,321.0,321.2,0.13240729891705388,0.5291795054612659,0.33841319562168015
322,322.0,322.2,0.13172040678619623,0.5303875072296125,0.33789208598419124
323,323.0,323.2,0.13425121681137986,0.5282812688818137,0.3374675143068063
324,324.0,324.2,0.13278022569754377,0.5295341846457207,0.3376855896567355
325,325.0,325.2,0.1319588430087501,0.5273516985456739,0.34068945844557597
326,326.0,326.2,0.1341193224838076,0.5252931197573871,0.3405875577588052
327,327.0,327.2,0.13350326321427622,0.5264824496347943,0.3400142871509294
328,328.0,328.2,0.1332313172529102,0.5273502624786883,0.33941842026840136
329,329.0,329.2,0.13287000224454165,0.5252165101336067,0.34191348762185164
330,330.0,330.2,0.13264046800247978,0.5253419950638079,0.3420175369337123
331,331.0,331.2,0.13250515964184736,0.5260256583596348,0.3414691819985179
332,332.0,332.2,0.13232379724181492,0.5260578306488403,0.3416183721093448
333,333.0,333.2,0.14538751617362736,0.5528898693947214,0.30172261443165127
334,334.0,334.2,0.1451258286031834,0.5538640197673957,0.3010101516294209
335,335.0,335.2,0.14505506300881005,0.5556160086985614,0.29932892829262847
336,336.0,336.2,0.1450142466822794,0.5557792740046839,0.2992064793130367
337,337.0,337.2,0.142113477679026,0.5586811521472452,0.2992053701737288
338,338.0,338.2,0.1453651783592981,0.5854702677935038,0.2691645538471982
339,339.0,339.2,0.1453651783592981,0.5854702677935038,0.2691645538471982
340,340.0,340.2,0.1459619275853043,0.5826885340473738,0.271349538367322
341,341.0,341.2,0.1454073057365648,0.583599831899848,0.27099286236358716
342,342.0,342.2,0.1476218505981685,0.5817987095104903,0.27057943989134114
343,343.0,343.2,0.1670476077225512,0.5623932248701086,0.27055916740734015
344,344.0,344.2,0.1669079909921815,0.5627186105873812,0.2703733984204372
345,345.0,345.2,0.16415383139965184,0.5651953508250721,0.27065081777527594
346,346.0,346.2,0.16371530306638665,0.5660047947924108,0.27027990214120245
347,347.0,347.2,0.15095584960352298,0.5481808311384254,0.3008633192580515
348,348.0,348.2,0.14533315893751592,0.5639122914891245,0.29075454957335944
349,349.0,349.2,0.14530291090363812,0.5612555058468579,0.2934415832495038
350,350.0,350.2,0.14515495306873571,0.5612224153017032,0.293622631629561
351,351.0,351.2,0.14823009895014913,0.5587487474664662,0.29302115358338454
352,352.0,352.2,0.14761707644043764,0.5594095523582415,0.2929733712013207
353,353.0,353.2,0.1437215146378991,0.5679223444756849,0.2883561408864159
354,354.0,354.2,0.14455125713384048,0.5657685533894459,0.28968018947671353
355,355.0,355.2,0.14065331903203335,0.5737899013542848,0.2855567796136817
356,356.0,356.2,0.1513420031078142,0.5667750524039521,0.2818829444882337
357,357.0,357.2,0.1513965665998777,0.5662641397055393,0.28233929369458294
358,358.0,358.2,0.15127462400120967,0.567281163858425,0.2814442121403653
359,359.0,359.2,0.1511334820847339,0.5672574379116824,0.28160908000358353
360,360.0,360.2,0.1510173958492447,0.5671192400122905,0.28186336413846463
361,361.0,361.2,0.15286251605630008,0.5647698928847313,0.2823675910589687
362,362.0,362.2,0.15239780911771267,0.5653860506578752,0.2822161402244121
363,363.0,363.2,0.15226542039580057,0.5778603818692554,0.2698741977349441
364,364.0,364.2,0.1604685721601034,0.5708891265753537,0.2686423012645428
365,365.0,365.2,0.16664085172775364,0.566547407404107,0.2668117408681394
366,366.0,366.2,0.16662073100340757,0.5666480110258373,0.26673125797075514
367,367.0,367.2,0.16651434802468415,0.5643683757674787,0.2691172762078372
368,368.0,368.2,0.1661247584572663,0.5650674799412934,0.26880776160144043
369,369.0,369.2,0.1661247584572663,0.5650674799412934,0.26880776160144043
370,370.0,370.3,0.16638958896574085,0.5645378189243442,0.26907259210991497
371,371.0,371.3,0.16649996705134223,0.5654851895783396,0.26801484337031817
372,372.0,372.3,0.16649996705134223,0.5654851895783396,0.26801484337031817
373,373.0,373.3,0.16408817902438305,0.5636231570687584,0.2722886639068584
374,374.0,374.3,0.16366308761871812,0.5640464864375088,0.2722904259437731
375,375.0,375.3,0.16323388793471755,0.5645436735499499,0.2722224385153325
376,376.0,376.3,0.16321537627237023,0.5646362318616863,0.2721483918659434
377,377.0,377.3,0.16270907274113833,0.5656258409660901,0.27166508629277153
378,378.0,378.3,0.1629558876083266,0.565388554534896,0.2716555578567773
379,379.0,379.3,0.16567787767787764,0.5610409035409035,0.27328121878121875
380,380.0,380.3,0.1655868815092953,0.5609163824681066,0.27349673602259805
381,381.0,381.3,0.16550668100804217,0.5611294150495603,0.27336390394239757
382,382.0,382.3,0.16548959283305922,0.5612148559244747,0.2732955512424659
383,383.0,383.3,0.16829756384755196,0.5579539863592574,0.2737484497931906
384,384.0,384.3,0.16829756384755196,0.5579539863592574,0.2737484497931906
385,385.0,385.3,0.16898459611353162,0.556950384697761,0.2740650191887073
386,386.0,386.3,0.16898459611353162,0.556950384697761,0.2740650191887073
387,387.0,387.3,0.16898459611353162,0.556950384697761,0.2740650191887073
388,388.0,388.3,0.1689683416145185,0.5546097368398718,0.2764219215456097
389,389.0,389.3,0.1684498102329208,0.5529112220422575,0.27863896772482166
390,390.0,390.3,0.1684498102329208,0.5529112220422575,0.27863896772482166
391,391.0,391.3,0.1709361093947519,0.5502677662073123,0.27879612439793583
392,392.0,392.3,0.17142748443856817,0.5461808147152974,0.28239170084613435
393,393.0,393.3,0.1709278623675175,0.5446358411703238,0.28443629646215857
394,394.0,394.3,0.17249875969196454,0.5448312193215845,0.28267002098645105
395,395.0,395.3,0.18484863067484045,0.525376316670869,0.28977505265429054
396,396.0,396.3,0.17615655492688193,0.5371857895381978,0.28665765553492023
397,397.0,397.3,0.1762749096141953,0.5408703736739452,0.2828547167118596
398,398.0,398.3,0.1562749096141953,0.5608703736739452,0.2828547167118596
399,399.0,399.4,0.1528186173003761,0.5669844716428818,0.28019691105674205
400,400.0,400.4,0.15033685846781084,0.5742665376951092,0.27539660383708
401,401.0,401.4,0.15084749676568318,0.5735005802483006,0.2756519229860162
402,402.0,402.4,0.1490617824799689,0.5770720088197292,0.2738662087003019
403,403.0,403.4,0.15886787386629514,0.5695587295354128,0.27157339659829216
404,404.0,404.4,0.1568306655201136,0.5726145420546851,0.2705547924252014
405,405.0,405.4,0.15501248370193177,0.5753418147819578,0.2696457015161105
406,406.0,406.4,0.15499742799581917,0.5754321490186334,0.2695704229855474
407,407.0,407.4,0.1586833254317166,0.5730283028647872,0.2682883717034961
408,408.0,408.4,0.15813176919278266,0.5723067638315328,0.2695614669756845
409,409.0,409.4,0.16362576492631492,0.5590730862773817,0.27730114879630335
410,410.0,410.4,0.16372884608210694,0.5628279824855912,0.2734431714323019
411,411.0,411.4,0.16299218958942993,0.5647571774428162,0.272250632967754
412,412.0,412.4,0.16299218958942993,0.5647571774428162,0.272250632967754
413,413.0,413.4,0.16315885625609658,0.5657571774428162,0.2710839663010873
414,414.0,414.4,0.19093663403387434,0.5324238441094827,0.2766395218566428
415,415.0,415.4,0.19157765967489998,0.5311417928274315,0.27728054749766845
416,416.0,416.4,0.19175881909518983,0.5365765754361271,0.271664605468683
417,417.0,417.4,0.1917179288103201,0.5376078794394011,0.27067419175027874
418,418.0,418.4,0.19115447265862867,0.5388188253562294,0.2700267019851419
419,419.0,419.4,0.19223904026493538,0.5374300691848646,0.2703308905502
420,420.0,420.4,0.19240107730197242,0.533286550666346,0.27431237203168146
421,421.0,421.4,0.19207396285884654,0.5304082971292273,0.27751774001192603
422,422.0,422.4,0.19178414348282027,0.5316406452408857,0.27657521127629386
423,423.0,423.4,0.19114770774141496,0.5334970711003543,0.2753552211582307
424,424.0,424.4,0.1913753109101946,0.5277635094844397,0.2808611796053656
425,425.0,425.4,0.1910829132493759,0.5324868563130496,0.27643023043757436
426,426.0,426.4,0.19059746382327025,0.5371620053232956,0.2722405308534341
427,427.0,427.4,0.19036438223938223,0.5409921171171171,0.2686435006435006
428,428.0,428.4,0.19026968526968527,0.5395716625716626,0.27015865215865215
429,429.0,429.4,0.19470436823377996,0.5341871451283215,0.2711084866378984
430,430.0,430.4,0.19470436823377996,0.5341871451283215,0.2711084866378984
431,431.0,431.4,0.19470436823377996,0.5312459686577333,0.27404966310848666
432,432.0,432.4,0.19470436823377996,0.5312459686577333,0.27404966310848666
433,433.0,433.4,0.19427146780087956,0.5321117695235342,0.27361676267558616
434,434.0,434.4,0.19418743418743417,0.5309352989352989,0.2748772668772668
435,435.0,435.4,0.1941080691080691,0.5298241878241878,0.27606774306774307
436,436.0,436.4,0.1941080691080691,0.5298241878241878,0.27606774306774307
437,437.0,437.4,0.1938551955448507,0.5305368315023488,0.27560797295280054
438,438.0,438.4,0.19816854885820398,0.5232094921750094,0.27862195896678654
439,439.0,439.4,0.1973783946729152,0.5240245970040491,0.2785970083230357
440,440.0,440.4,0.19939859669311724,0.5199841929636451,0.2806172103432377
441,441.0,441.4,0.1988138013714798,0.5186537836069198,0.2825324150216003
442,442.0,442.4,0.1987645642420078,0.5182322859916845,0.28300314976630764
443,443.0,443.4,0.1737645642420078,0.5098989526583512,0.316336483099641
444,444.0,444.4,0.17255797634369058,0.511631856346142,0.3158101673101673
445,445.0,445.4,0.17200364650364647,0.5131128271128271,0.3148835263835264
446,446.0,446.4,0.1691562857200441,0.504719937578998,0.32612377670095793
447,447.0,447.4,0.16767547246494613,0.4979993226309015,0.3343252049041522
448,448.0,448.4,0.16440543840543836,0.49573372273372274,0.33986083886083884
449,449.0,449.4,0.17427541827541826,0.4915617760617761,0.3341628056628056
450,450.0,450.4,0.18346928476346674,0.49043541832657117,0.32609529690996214
451,451.0,451.4,0.17999241240704653,0.4882994632262925,0.331708124366661
452,452.0,452.4,0.1767321838230193,0.4797942624773846,0.343473553699596
453,453.0,453.4,0.1738721651510623,0.47996330203859366,0.34616453281034404
454,454.0,454.4,0.17326284747794232,0.48001063649490894,0.34672651602714877
455,455.0,455.4,0.1709847881803629,0.4733288473635998,0.35568636445603735
456,456.0,456.4,0.16810844176056483,0.4742401453679211,0.35765141287151414
457,457.0,457.4,0.16847474212686522,0.47248190360967923,0.35904335426345557
458,458.0,458.4,0.16682948520986918,0.4728557507770047,0.3603147640131262
459,459.0,459.4,0.1657265440333986,0.4699881037181811,0.3642853522484203
460,460.0,460.4,0.1703017074320914,0.4696613063325602,0.3600369862353484
461,461.0,461.4,0.17439527468355337,0.46936890867174147,0.3562358166447051
462,462.0,462.4,0.17323060303732815,0.4694079864319226,0.3573614105307491
463,463.0,463.4,0.17323060303732815,0.4694079864319226,0.3573614105307491
464,464.0,464.4,0.1691754737392321,0.464084538212055,0.3667399880487129
465,465.0,465.4,0.16822309278685116,0.4638464429739598,0.36793046423918907
466,466.0,466.4,0.17321314777690616,0.4298462089737257,0.396940643249368
467,467.0,467.4,0.17311937652101622,0.4277796609043726,0.39910096257461103
468,468.0,468.4,0.17001378645890441,0.4204556443412256,0.4095305691998698
469,469.0,469.4,0.16867597885264046,0.42267607444875255,0.408647946698607
470,470.0,470.4,0.16865119826410147,0.42221625686141817,0.40913254487448025
471,471.0,471.4,0.16831157257606844,0.41301295450425757,0.418675472919674
472,472.0,472.4,0.1677824720469679,0.41274840423970727,0.4194691237133248
473,473.0,473.4,0.1677824720469679,0.41274840423970727,0.4194691237133248
474,474.0,474.4,0.1739697116692023,0.40533209857488295,0.42069818975591466
475,475.0,475.4,0.1739697116692023,0.40533209857488295,0.42069818975591466
476,476.0,476.4,0.1739697116692023,0.40533209857488295,0.42069818975591466
477,477.0,477.4,0.17923286956393913,0.3964975121087175,0.4242696183273432
478,478.0,478.4,0.17768762714755337,0.39795330676777896,0.4243590660846676
479,479.0,479.4,0.17722785703261085,0.40117169757237664,0.42160044539501246
480,480.0,480.4,0.17951421809656104,0.395523706627272,0.4249620752761669
481,481.0,481.4,0.17901018583849654,0.3953220937240462,0.4256677204374572
482,482.0,482.4,0.17901018583849654,0.3953220937240462,0.4256677204374572
483,483.0,483.5,0.17901018583849654,0.3953220937240462,0.4256677204374572
484,484.0,484.5,0.17853670099001168,0.39513269978465226,0.426330599225336
485,485.0,485.5,0.17863884664548518,0.39139388671391406,0.4299672666406007
486,486.0,486.5,0.17907889363202173,0.38595700228272223,0.434964104085256
487,487.0,487.5,0.17868206823519633,0.3857982721239921,0.4355196596408115
488,488.0,488.5,0.1751312542633297,0.38594636758787704,0.43892237814879326
489,489.0,489.5,0.1747756354866583,0.3858041200772085,0.43942024443613314
490,490.0,490.5,0.17443825357032902,0.38566916731067674,0.4398925791189942
491,491.0,491.5,0.1741177407498162,0.3855409621824716,0.44034129706771213
492,492.0,492.5,0.1730601745289927,0.38423621526403473,0.4427036102069725
493,493.0,493.5,0.1730601745289927,0.38423621526403473,0.4427036102069725
494,494.0,494.5,0.17235452936770237,0.38312734429629275,0.44451812633600485
495,495.0,495.5,0.1768125459446214,0.381969533611043,0.4412179204443355
496,496.0,496.5,0.1757673075532818,0.38087839948297325,0.44335429296374496
497,497.0,497.5,0.17545018281755237,0.3807726912377301,0.44377712594471747
498,498.0,498.5,0.1773320264641019,0.37974731138882084,0.44292066214707726
499,499.0,499.5,0.17632788567735241,0.37877767715831706,0.4448944371643305
500,500.0,500.5,0.1780773918903184,0.37785934439447083,0.4440632637152107
501,501.0,501.5,0.1778114344435099,0.37777069191220136,0.4444178736442887
502,502.0,502.5,0.1778114344435099,0.37777069191220136,0.4444178736442887
503,503.0,503.5,0.1778114344435099,0.37777069191220136,0.4444178736442887
504,504.0,504.5,0.17649869313076857,0.3737552478967573,0.44974605897247405
505,505.0,505.5,0.17856218519426065,0.3730409621824716,0.44839685262326767
506,506.0,506.5,0.17715895217400637,0.37381209501743423,0.4490289528085595
507,507.0,507.5,0.1770790400773127,0.37364228181196024,0.449278678110727
508,508.0,508.5,0.1770002456323211,0.3707721409136503,0.4522276134540285
509,509.0,509.5,0.1770002456323211,0.3707721409136503,0.4522276134540285
510,510.0,510.5,0.1789205870263467,0.37020315087097605,0.4508762621026772
511,511.0,511.5,0.1789205870263467,0.37020315087097605,0.4508762621026772
512,512.0,512.5,0.17907929356803196,0.35458295546354657,0.46633775096842134
513,513.0,513.5,0.17595610097115516,0.3516621920164674,0.47238170701237747
514,514.0,514.5,0.17595610097115516,0.3516621920164674,0.47238170701237747
515,515.0,515.5,0.17354631217838765,0.34954096218247166,0.4769127256391408
516,516.0,516.5,0.17182126755060745,0.3485989541735943,0.47957977827579834
517,517.0,517.5,0.17090563788410673,0.3504685410327282,0.4786258210831651
518,518.0,518.5,0.1699611239083036,0.35109932951833517,0.47893954657336124
519,519.0,519.5,0.1697348795644122,0.35102391473703803,0.4792412056985498
520,520.0,520.5,0.17840606163182068,0.3498402346854335,0.47175370368274583
521,521.0,521.5,0.17637823620776888,0.34886126257438593,0.4747605012178452
522,522.0,522.5,0.17402227238839038,0.34751369866584636,0.4784640289457632
523,523.0,523.5,0.17321838635194625,0.34695042473047943,0.47983118891757437
524,524.0,524.6,0.17074765002609504,0.34653721986255565,0.4827151301113492
525,525.0,525.6,0.17105987682463591,0.346001660404789,0.48293846277057495
526,526.0,526.6,0.1699321598114718,0.34546702457500417,0.484600815613524
527,527.0,527.6,0.16892933495271475,0.34499386073319627,0.48607680431408895
528,528.0,528.6,0.16966945067113326,0.34457156886562956,0.4857589804632371
529,529.0,529.6,0.16774549732664157,0.342796540569822,0.48945796210353637
530,530.0,530.6,0.16606400874956467,0.3449659534648483,0.48897003778558706
531,531.0,531.6,0.165537692960091,0.3447027955701115,0.48975951146979746
532,532.0,532.6,0.16646959260166805,0.3451542377957472,0.4883761696025847
533,533.0,533.6,0.16576747337013706,0.34541106022168727,0.48882146640817564
534,534.0,534.6,0.16481666089758545,0.3447588863086438,0.4904244527937707
535,535.0,535.6,0.16373063339851449,0.34409486735658135,0.4921744992449041
536,536.0,536.6,0.16328162597891882,0.344099445567042,0.4926189284540392
537,537.0,537.6,0.16421475127069204,0.3436825060860112,0.4921027426432968
538,538.0,538.6,0.16366253684802207,0.34401140038067124,0.49232606277130664
