Total_iterations,Unnamed: 0.1,Intertwine_two,Add_vertex,Delete_vertex
0,0.0,0.3333333333333333,0.3333333333333333,0.3333333333333333
1,1.0,0.3333333333333333,0.3333333333333333,0.3333333333333333
2,2.0,0.3333333333333333,0.3333333333333333,0.3333333333333333
3,3.0,0.3333333333333333,0.3333333333333333,0.3333333333333333
4,4.0,0.3333333333333333,0.3333333333333333,0.3333333333333333
5,5.0,0.3333333333333333,0.3333333333333333,0.3333333333333333
6,6.0,0.3333333333333333,0.3333333333333333,0.3333333333333333
7,7.0,0.3333333333333333,0.3333333333333333,0.3333333333333333
8,8.0,0.3333333333333333,0.3333333333333333,0.3333333333333333
9,9.0,0.3333333333333333,0.3333333333333333,0.3333333333333333
10,10.0,0.3333333333333333,0.3333333333333333,0.3333333333333333
11,11.0,0.3333333333333333,0.3333333333333333,0.3333333333333333
12,12.0,0.3333333333333333,0.3333333333333333,0.3333333333333333
13,13.0,0.3333333333333333,0.3333333333333333,0.3333333333333333
14,14.0,0.3333333333333333,0.3333333333333333,0.3333333333333333
15,15.0,0.3333333333333333,0.3333333333333333,0.3333333333333333
16,16.0,0.3333333333333333,0.3333333333333333,0.3333333333333333
17,17.0,0.3333333333333333,0.3333333333333333,0.3333333333333333
18,18.0,0.3333333333333333,0.3333333333333333,0.3333333333333333
19,19.0,0.3333333333333333,0.3333333333333333,0.3333333333333333
20,20.0,0.3333333333333333,0.3333333333333333,0.3333333333333333
21,21.0,0.3333333333333333,0.3333333333333333,0.3333333333333333
22,22.0,0.3333333333333333,0.3333333333333333,0.3333333333333333
23,23.0,0.3333333333333333,0.3333333333333333,0.3333333333333333
24,24.0,0.3333333333333333,0.3333333333333333,0.3333333333333333
25,25.0,0.3333333333333333,0.3333333333333333,0.3333333333333333
26,26.0,0.3333333333333333,0.3333333333333333,0.3333333333333333
27,27.0,0.3333333333333333,0.3333333333333333,0.3333333333333333
28,28.0,0.3333333333333333,0.3333333333333333,0.3333333333333333
29,29.0,0.3333333333333333,0.3333333333333333,0.3333333333333333
30,30.0,0.3333333333333333,0.3333333333333333,0.3333333333333333
31,31.0,0.3333333333333333,0.3333333333333333,0.3333333333333333
32,32.0,0.3333333333333333,0.3333333333333333,0.3333333333333333
33,33.0,0.3333333333333333,0.3333333333333333,0.3333333333333333
34,34.0,0.3333333333333333,0.3333333333333333,0.3333333333333333
35,35.0,0.3333333333333333,0.3333333333333333,0.3333333333333333
36,36.0,0.3333333333333333,0.3333333333333333,0.3333333333333333
37,37.0,0.3333333333333333,0.3333333333333333,0.3333333333333333
38,38.0,0.3333333333333333,0.3333333333333333,0.3333333333333333
39,39.0,0.3333333333333333,0.3333333333333333,0.3333333333333333
40,40.0,0.3333333333333333,0.3333333333333333,0.3333333333333333
41,41.0,0.3333333333333333,0.3333333333333333,0.3333333333333333
42,42.0,0.3333333333333333,0.3333333333333333,0.3333333333333333
43,43.0,0.3333333333333333,0.3333333333333333,0.3333333333333333
44,44.0,0.3333333333333333,0.3333333333333333,0.3333333333333333
45,45.0,0.3333333333333333,0.3333333333333333,0.3333333333333333
46,46.0,0.3333333333333333,0.3333333333333333,0.3333333333333333
47,47.0,0.3333333333333333,0.3333333333333333,0.3333333333333333
48,48.0,0.3333333333333333,0.3333333333333333,0.3333333333333333
49,49.0,0.3333333333333333,0.3333333333333333,0.3333333333333333
50,50.0,0.3333333333333333,0.3333333333333333,0.3333333333333333
51,51.0,0.3333333333333333,0.3333333333333333,0.3333333333333333
52,52.0,0.3333333333333333,0.3333333333333333,0.3333333333333333
53,53.0,0.3333333333333333,0.3333333333333333,0.3333333333333333
54,54.0,0.3333333333333333,0.3333333333333333,0.3333333333333333
55,55.0,0.3333333333333333,0.3333333333333333,0.3333333333333333
56,56.0,0.3333333333333333,0.3333333333333333,0.3333333333333333
57,57.0,0.3333333333333333,0.3333333333333333,0.3333333333333333
58,58.0,0.3333333333333333,0.3333333333333333,0.3333333333333333
59,59.0,0.3333333333333333,0.3333333333333333,0.3333333333333333
60,60.0,0.3333333333333333,0.3333333333333333,0.3333333333333333
61,61.0,0.3333333333333333,0.3333333333333333,0.3333333333333333
62,62.0,0.3333333333333333,0.3333333333333333,0.3333333333333333
63,63.0,0.3333333333333333,0.3333333333333333,0.3333333333333333
64,64.0,0.3333333333333333,0.3333333333333333,0.3333333333333333
65,65.0,0.3333333333333333,0.3333333333333333,0.3333333333333333
66,66.0,0.3333333333333333,0.3333333333333333,0.3333333333333333
67,67.0,0.3333333333333333,0.3333333333333333,0.3333333333333333
68,68.0,0.3333333333333333,0.3333333333333333,0.3333333333333333
69,69.0,0.3333333333333333,0.3333333333333333,0.3333333333333333
70,70.0,0.3333333333333333,0.3333333333333333,0.3333333333333333
71,71.0,0.3333333333333333,0.3333333333333333,0.3333333333333333
72,72.0,0.3333333333333333,0.3333333333333333,0.3333333333333333
73,73.0,0.3333333333333333,0.3333333333333333,0.3333333333333333
74,74.0,0.3333333333333333,0.3333333333333333,0.3333333333333333
75,75.0,0.3333333333333333,0.3333333333333333,0.3333333333333333
76,76.0,0.3333333333333333,0.3333333333333333,0.3333333333333333
77,77.0,0.3333333333333333,0.3333333333333333,0.3333333333333333
78,78.0,0.3333333333333333,0.3333333333333333,0.3333333333333333
79,79.0,0.3333333333333333,0.3333333333333333,0.3333333333333333
80,80.0,0.3333333333333333,0.3333333333333333,0.3333333333333333
81,81.0,0.3333333333333333,0.3333333333333333,0.3333333333333333
82,82.0,0.3333333333333333,0.3333333333333333,0.3333333333333333
83,83.0,0.3333333333333333,0.3333333333333333,0.3333333333333333
84,84.0,0.3333333333333333,0.3333333333333333,0.3333333333333333
85,85.0,0.3333333333333333,0.3333333333333333,0.3333333333333333
86,86.0,0.3333333333333333,0.3333333333333333,0.3333333333333333
87,87.0,0.3333333333333333,0.3333333333333333,0.3333333333333333
88,88.0,0.3333333333333333,0.3333333333333333,0.3333333333333333
89,89.0,0.3333333333333333,0.3333333333333333,0.3333333333333333
90,90.0,0.3333333333333333,0.3333333333333333,0.3333333333333333
91,91.0,0.3333333333333333,0.3333333333333333,0.3333333333333333
92,92.0,0.3333333333333333,0.3333333333333333,0.3333333333333333
93,93.0,0.3333333333333333,0.3333333333333333,0.3333333333333333
94,94.0,0.3333333333333333,0.3333333333333333,0.3333333333333333
95,95.0,0.3333333333333333,0.3333333333333333,0.3333333333333333
96,96.0,0.3333333333333333,0.3333333333333333,0.3333333333333333
97,97.0,0.3333333333333333,0.3333333333333333,0.3333333333333333
98,98.0,0.3333333333333333,0.3333333333333333,0.3333333333333333
99,99.0,0.3333333333333333,0.3333333333333333,0.3333333333333333
100,100.0,0.3333333333333333,0.3333333333333333,0.3333333333333333
101,101.0,0.3333333333333333,0.3333333333333333,0.3333333333333333
102,102.0,0.3333333333333333,0.3333333333333333,0.3333333333333333
103,103.0,0.3333333333333333,0.3333333333333333,0.3333333333333333
104,104.0,0.3333333333333333,0.3333333333333333,0.3333333333333333
105,105.0,0.3333333333333333,0.3333333333333333,0.3333333333333333
106,106.0,0.3333333333333333,0.3333333333333333,0.3333333333333333
107,107.0,0.3333333333333333,0.3333333333333333,0.3333333333333333
108,108.0,0.3333333333333333,0.3333333333333333,0.3333333333333333
109,109.0,0.3333333333333333,0.3333333333333333,0.3333333333333333
110,110.0,0.3333333333333333,0.3333333333333333,0.3333333333333333
111,111.0,0.3333333333333333,0.3333333333333333,0.3333333333333333
112,112.0,0.3333333333333333,0.3333333333333333,0.3333333333333333
113,113.0,0.3333333333333333,0.3333333333333333,0.3333333333333333
114,114.0,0.3333333333333333,0.3333333333333333,0.3333333333333333
115,115.0,0.3333333333333333,0.3333333333333333,0.3333333333333333
116,116.0,0.3333333333333333,0.3333333333333333,0.3333333333333333
117,117.0,0.3333333333333333,0.3333333333333333,0.3333333333333333
118,118.0,0.3333333333333333,0.3333333333333333,0.3333333333333333
119,119.0,0.3333333333333333,0.3333333333333333,0.3333333333333333
120,120.0,0.3333333333333333,0.3333333333333333,0.3333333333333333
121,121.0,0.3333333333333333,0.3333333333333333,0.3333333333333333
122,122.0,0.3333333333333333,0.3333333333333333,0.3333333333333333
123,123.0,0.3333333333333333,0.3333333333333333,0.3333333333333333
124,124.0,0.3333333333333333,0.3333333333333333,0.3333333333333333
125,125.0,0.3333333333333333,0.3333333333333333,0.3333333333333333
126,126.0,0.3333333333333333,0.3333333333333333,0.3333333333333333
127,127.0,0.3333333333333333,0.3333333333333333,0.3333333333333333
128,128.0,0.3333333333333333,0.3333333333333333,0.3333333333333333
129,129.0,0.3333333333333333,0.3333333333333333,0.3333333333333333
130,130.0,0.3333333333333333,0.3333333333333333,0.3333333333333333
131,131.0,0.3333333333333333,0.3333333333333333,0.3333333333333333
132,132.0,0.3333333333333333,0.3333333333333333,0.3333333333333333
133,133.0,0.3333333333333333,0.3333333333333333,0.3333333333333333
134,134.0,0.3333333333333333,0.3333333333333333,0.3333333333333333
135,135.0,0.3333333333333333,0.3333333333333333,0.3333333333333333
136,136.0,0.3333333333333333,0.3333333333333333,0.3333333333333333
137,137.0,0.3333333333333333,0.3333333333333333,0.3333333333333333
138,138.0,0.3333333333333333,0.3333333333333333,0.3333333333333333
139,139.0,0.3333333333333333,0.3333333333333333,0.3333333333333333
140,140.0,0.3333333333333333,0.3333333333333333,0.3333333333333333
141,141.0,0.3333333333333333,0.3333333333333333,0.3333333333333333
142,142.0,0.3333333333333333,0.3333333333333333,0.3333333333333333
143,143.0,0.3333333333333333,0.3333333333333333,0.3333333333333333
144,144.0,0.3333333333333333,0.3333333333333333,0.3333333333333333
145,145.0,0.3333333333333333,0.3333333333333333,0.3333333333333333
146,146.0,0.3333333333333333,0.3333333333333333,0.3333333333333333
147,147.0,0.3333333333333333,0.3333333333333333,0.3333333333333333
148,148.0,0.3333333333333333,0.3333333333333333,0.3333333333333333
149,149.0,0.3333333333333333,0.3333333333333333,0.3333333333333333
150,150.0,0.3333333333333333,0.3333333333333333,0.3333333333333333
151,151.0,0.3333333333333333,0.3333333333333333,0.3333333333333333
152,152.0,0.3333333333333333,0.3333333333333333,0.3333333333333333
153,153.0,0.3333333333333333,0.3333333333333333,0.3333333333333333
154,154.0,0.3333333333333333,0.3333333333333333,0.3333333333333333
155,155.0,0.3333333333333333,0.3333333333333333,0.3333333333333333
156,156.0,0.3333333333333333,0.3333333333333333,0.3333333333333333
157,157.0,0.3333333333333333,0.3333333333333333,0.3333333333333333
158,158.0,0.3333333333333333,0.3333333333333333,0.3333333333333333
159,159.0,0.3333333333333333,0.3333333333333333,0.3333333333333333
160,160.0,0.3333333333333333,0.3333333333333333,0.3333333333333333
161,161.0,0.3333333333333333,0.3333333333333333,0.3333333333333333
162,162.0,0.3333333333333333,0.3333333333333333,0.3333333333333333
163,163.0,0.3333333333333333,0.3333333333333333,0.3333333333333333
164,164.0,0.3333333333333333,0.3333333333333333,0.3333333333333333
165,165.0,0.3333333333333333,0.3333333333333333,0.3333333333333333
166,166.0,0.3333333333333333,0.3333333333333333,0.3333333333333333
167,167.0,0.3333333333333333,0.3333333333333333,0.3333333333333333
168,168.0,0.3333333333333333,0.3333333333333333,0.3333333333333333
169,169.0,0.3333333333333333,0.3333333333333333,0.3333333333333333
170,170.0,0.3333333333333333,0.3333333333333333,0.3333333333333333
171,171.0,0.3333333333333333,0.3333333333333333,0.3333333333333333
172,172.0,0.3333333333333333,0.3333333333333333,0.3333333333333333
173,173.0,0.3333333333333333,0.3333333333333333,0.3333333333333333
174,174.0,0.3333333333333333,0.3333333333333333,0.3333333333333333
175,175.0,0.3333333333333333,0.3333333333333333,0.3333333333333333
176,176.0,0.3333333333333333,0.3333333333333333,0.3333333333333333
177,177.0,0.3333333333333333,0.3333333333333333,0.3333333333333333
178,178.0,0.3333333333333333,0.3333333333333333,0.3333333333333333
179,179.0,0.3333333333333333,0.3333333333333333,0.3333333333333333
180,180.0,0.3333333333333333,0.3333333333333333,0.3333333333333333
181,181.0,0.3333333333333333,0.3333333333333333,0.3333333333333333
182,182.0,0.3333333333333333,0.3333333333333333,0.3333333333333333
183,183.0,0.3333333333333333,0.3333333333333333,0.3333333333333333
184,184.0,0.3333333333333333,0.3333333333333333,0.3333333333333333
185,185.0,0.3333333333333333,0.3333333333333333,0.3333333333333333
186,186.0,0.3333333333333333,0.3333333333333333,0.3333333333333333
187,187.0,0.3333333333333333,0.3333333333333333,0.3333333333333333
188,188.0,0.3333333333333333,0.3333333333333333,0.3333333333333333
189,189.0,0.3333333333333333,0.3333333333333333,0.3333333333333333
190,190.0,0.3333333333333333,0.3333333333333333,0.3333333333333333
191,191.0,0.3333333333333333,0.3333333333333333,0.3333333333333333
192,192.0,0.3333333333333333,0.3333333333333333,0.3333333333333333
193,193.0,0.3333333333333333,0.3333333333333333,0.3333333333333333
194,194.0,0.3333333333333333,0.3333333333333333,0.3333333333333333
195,195.0,0.3333333333333333,0.3333333333333333,0.3333333333333333
196,196.0,0.3333333333333333,0.3333333333333333,0.3333333333333333
197,197.0,0.3333333333333333,0.3333333333333333,0.3333333333333333
198,198.0,0.3333333333333333,0.3333333333333333,0.3333333333333333
199,199.0,0.3325,0.335,0.3325
200,200.0,0.3303083333333333,0.3368833333333333,0.3328083333333334
201,201.0,0.32644674339934,0.3405325033003301,0.3330207533003301
202,202.0,0.322078815793258,0.3442575887105139,0.3336635954962282
203,203.0,0.3176345778440713,0.3457423185940358,0.336623103561893
204,204.0,0.3143225624140481,0.3449247826663015,0.3407526549196505
205,205.0,0.3093331634257625,0.3471897525046776,0.34347708406956
206,206.0,0.3042959179868285,0.3491182325960741,0.3465858494170976
207,207.0,0.2985239197046367,0.3520936347333225,0.3493824455620409
208,208.0,0.2946054578960759,0.353419355403308,0.3519751867006163
209,209.0,0.2901592811959039,0.3555238948678463,0.3543168239362499
210,210.0,0.2862820151346759,0.3581582426027535,0.3555597422625708
211,211.0,0.2821416329952013,0.3585562444668137,0.3593021225379851
212,212.0,0.2777722110680606,0.3594844448053609,0.3627433441265787
213,213.0,0.2733974504483946,0.3605882140952332,0.3660143354563724
214,214.0,0.2687136805637004,0.3632039927134343,0.3680823267228655
215,215.0,0.2637522114678992,0.366675850512378,0.3695719380197231
216,216.0,0.2592975356161969,0.3705422845254122,0.3701601798583911
217,217.0,0.2538704095316698,0.3742318888107389,0.3718977016575916
218,218.0,0.2485055957283568,0.3771156890476828,0.3743787152239607
219,219.0,0.2436815614150772,0.37868867645339,0.3776297621315331
220,220.0,0.2385519977028576,0.3802629362294505,0.3811850660676922
221,221.0,0.2335395346094956,0.3811989111173808,0.3852615542731239
222,222.0,0.2281009599974124,0.3835666442826893,0.3883323957198987
223,223.0,0.2245829884382316,0.3846987179132463,0.3907182936485225
224,224.0,0.2216172988503795,0.3861622740202486,0.3922204271293723
225,225.0,0.2183978555729449,0.3878802327287292,0.3937219116983262
226,226.0,0.2159761975337723,0.3900277763892577,0.3939960260769704
227,227.0,0.2135341190310692,0.3926090611043281,0.3938568198646029
228,228.0,0.2112992563259607,0.3954872251358037,0.3932135185382359
229,229.0,0.2093017271549432,0.3984698145098877,0.3922284583351693
230,230.0,0.2068797871897109,0.4021551337199101,0.3909650790903792
231,231.0,0.2047398379154579,0.405673114359993,0.3895870477245493
232,232.0,0.2048364143194854,0.4091567674868307,0.3860068181936841
233,233.0,0.2051118093923155,0.4131351745183933,0.3817530160892914
234,234.0,0.2055316624330109,0.4170134354637503,0.3774549021032389
235,235.0,0.2052723682664026,0.4231401586222392,0.3715874731113584
236,236.0,0.2050690207837819,0.4292059401806139,0.3657250390356042
237,237.0,0.2049448444578627,0.4351008218390598,0.3599543337030775
238,238.0,0.2043665870160644,0.4418342776910253,0.3537991352929103
239,239.0,0.2033068241134323,0.4490476727544367,0.347645503132131
240,240.0,0.2020780044814832,0.456389922462243,0.3415320730562738
241,241.0,0.2008751044414687,0.4631575192402227,0.3359673763183087
242,242.0,0.1997513081729136,0.4691775354648779,0.3310711563622087
243,243.0,0.1986817397079822,0.4748660778364496,0.3264521824555684
244,244.0,0.1981065702743457,0.479728626679143,0.3221648030465115
245,245.0,0.1973868432295066,0.4846233749839465,0.3179897817865472
246,246.0,0.1967454250597035,0.4891019864379797,0.314152588502317
247,247.0,0.1962006736054475,0.4931124116377255,0.3106869147568271
248,248.0,0.1956681980884925,0.4966939603512121,0.3076378415602954
249,249.0,0.1951670866918055,0.4999434084460673,0.3048895048621273
250,250.0,0.1938956953882906,0.5019680984522464,0.3041362061594631
251,251.0,0.1936160589867172,0.5016836323677905,0.3047003086454926
252,252.0,0.1927040961911846,0.5012633393738647,0.3060325644349509
253,253.0,0.1913678758863376,0.5006696788754065,0.307962445238256
254,254.0,0.1902087111451292,0.4993683569542791,0.3104229319005918
255,255.0,0.1889131509496027,0.4981556321607348,0.3129312168896627
256,256.0,0.1873561784783277,0.4969293998018466,0.3157144217198259
257,257.0,0.1864085963530062,0.4949062184340711,0.3186851852129229
258,258.0,0.1854381558578481,0.4926912951557277,0.3218705489864244
259,259.0,0.1842420915571512,0.4906437383665021,0.3251141700763468
260,260.0,0.1830933084258996,0.4886087923559034,0.3282978992181972
261,261.0,0.1817939947454213,0.4867243398856796,0.3314816653688992
262,262.0,0.1804003440855912,0.4849632996456191,0.3346363562687898
263,263.0,0.178937406959202,0.4833219876429949,0.3377406053978031
264,264.0,0.1776548442035936,0.4812734419962859,0.3410717138001206
265,265.0,0.1763960032017078,0.4792209567301002,0.344383040068192
266,266.0,0.1753206923752489,0.4773184976492218,0.3473608099755293
267,267.0,0.174478518795812,0.4752265046986004,0.3502949765055876
268,268.0,0.173382995055615,0.4736105124057677,0.3530064925386172
269,269.0,0.172331548008799,0.4720648122147043,0.3556036397764966
270,270.0,0.1714304199505588,0.4730985995379608,0.3554709805114805
271,271.0,0.1705894018420322,0.4741528152782549,0.355257782879713
272,272.0,0.1688327958480988,0.4767465658019174,0.3544206383499839
273,273.0,0.1667040057021427,0.4800599691127504,0.353236025185107
274,274.0,0.1643657153492114,0.4839121168074698,0.3517221678433189
275,275.0,0.1619552854943438,0.4880611719389994,0.349983542566657
276,276.0,0.1594360399022905,0.492361183518884,0.3482027765788257
277,277.0,0.1569623936068646,0.4967629102948837,0.3462746960982519
278,278.0,0.1540834458361817,0.5015816338344556,0.3443349203293629
279,279.0,0.1513780510694312,0.5063830633932112,0.3422388855373579
280,280.0,0.1488042418272481,0.5110003351115824,0.3401954230611696
281,281.0,0.146522294858052,0.515051304619586,0.3384264005223621
282,282.0,0.1459122728482563,0.5172243385632558,0.3368633885884881
283,283.0,0.145486236510125,0.5191451313434704,0.3353686321464048
284,284.0,0.1451743593096261,0.5212057509805942,0.3336198897097798
285,285.0,0.1448949481783451,0.5231882477069231,0.3319168041147319
286,286.0,0.1448038967813245,0.5248946878314836,0.330301415387192
287,287.0,0.1447037537488993,0.5265581070994896,0.3287381391516112
288,288.0,0.1446346550923443,0.5280807349542075,0.3272846099534484
289,289.0,0.1444912837601604,0.5294695983452427,0.326039117894597
290,290.0,0.1443477657873252,0.5306844048073273,0.3249678294053477
291,291.0,0.144130709812349,0.5313226420341159,0.3245466481535352
292,292.0,0.1438565239877137,0.5319275350215059,0.3242159409907806
293,293.0,0.1439670393125279,0.5320662038419314,0.3239667568455409
294,294.0,0.144035306617964,0.532179258924538,0.3237854344574981
295,295.0,0.1436219711507661,0.5327242691211334,0.3236537597281006
296,296.0,0.143162161993636,0.533250410108779,0.3235874278975849
297,297.0,0.1427397863292513,0.5337271434557691,0.3235330702149796
298,298.0,0.1423473969246723,0.5337509644337229,0.3239016386416048
299,299.0,0.1420146933903349,0.533740222281724,0.3242450843279413
300,300.0,0.1416583468526209,0.5337694707627776,0.3245721823846017
301,301.0,0.1413392626922228,0.5337383092526589,0.3249224280551186
302,302.0,0.1414041930069582,0.5333376203943263,0.3252581865987158
303,303.0,0.1414805639023904,0.5328734234284577,0.3256460126691522
304,304.0,0.1409847706669033,0.5329563122741776,0.3260589170589194
305,305.0,0.1405059276898319,0.5329875474838262,0.3265065248263422
306,306.0,0.1399437332311167,0.5330475708935186,0.3270086958753648
307,307.0,0.139385266709685,0.5330674176575622,0.3275473156327529
308,308.0,0.1388277730437911,0.5330869654201033,0.3280852615361058
309,309.0,0.1382919023311412,0.5328407919975277,0.3288673056713312
310,310.0,0.1377904775553103,0.5325496248443735,0.3296598976003163
311,311.0,0.1373111406788034,0.5322266001422744,0.3304622591789224
312,312.0,0.1368604841167912,0.5318684582737508,0.3312710576094581
313,313.0,0.1367549499171683,0.5314090600795928,0.331835990003239
314,314.0,0.1365848137911984,0.5310793666537378,0.3323358195550638
315,315.0,0.1363413895856096,0.5304791268388405,0.3331794835755499
316,316.0,0.1360518126706608,0.5300286706124238,0.3339195167169155
317,317.0,0.135611506382333,0.5297345439005536,0.3346539497171134
318,318.0,0.134819310836017,0.5298433494131357,0.3353373397508473
319,319.0,0.1343645654473787,0.5295312146131078,0.3361042199395134
320,320.0,0.1338601033279822,0.5293307991956938,0.3368090974763239
321,321.0,0.1333254238194557,0.5292121485437005,0.3374624276368438
322,322.0,0.132766341799672,0.5292258367029167,0.3380078214974111
323,323.0,0.1325057896342504,0.5290391489166985,0.3384550614490511
324,324.0,0.1321416478457585,0.5289888426851438,0.3388695094690975
325,325.0,0.1317381677457543,0.5287307718863458,0.3395310603678997
326,326.0,0.1315932903558863,0.5282788595551922,0.3401278500889214
327,327.0,0.1314265550993311,0.5279612140469166,0.3406122308537522
328,328.0,0.1312700658534443,0.5277473267297368,0.3409826074168189
329,329.0,0.131112706545304,0.5273374822672563,0.3415498111874397
330,330.0,0.1309657027007639,0.5269599610227075,0.3420743362765286
331,331.0,0.1308366160576317,0.5266723785726072,0.3424910053697611
332,332.0,0.1307189872746517,0.5264103043943077,0.3428707083310406
333,333.0,0.1319355413628225,0.5288541167709717,0.3392103418662058
334,334.0,0.13313879103324,0.5313913204734743,0.3354698884932859
335,335.0,0.1343345095528777,0.5340747296917824,0.3315907607553401
336,336.0,0.135513780122458,0.5367215373089396,0.3277646825686026
337,337.0,0.1363800514003531,0.5395844293455947,0.3240355192540524
338,338.0,0.1375421998812726,0.5450309109712267,0.3174268891475009
339,339.0,0.1386663632988804,0.5503371380025183,0.3109964986986015
340,340.0,0.1398047734479323,0.5551859002539775,0.3050093262980904
341,341.0,0.1408354519385787,0.5599159424034723,0.2992486056579492
342,342.0,0.1420302356043007,0.5642297069940456,0.293740057401654
343,343.0,0.1451040327658275,0.5663472366866877,0.288548730547485
344,344.0,0.1480759242877318,0.5682460118636272,0.2836780638486412
345,345.0,0.1506635313652372,0.5701473095338793,0.2791891591008836
346,346.0,0.1530834279020098,0.571889902246752,0.2750266698512383
347,347.0,0.1540917081904624,0.5716169882483954,0.2742913035611422
348,348.0,0.1544055327975998,0.5727101501138447,0.2728843170885555
349,349.0,0.1545942264020347,0.5733403386422753,0.2720654349556899
350,350.0,0.154656341707552,0.5737833509353931,0.2715603073570548
351,351.0,0.1549247461842707,0.5738090858593387,0.2712661679563906
352,352.0,0.1550380614900052,0.5737477243961384,0.2712142141138564
353,353.0,0.1546762792344167,0.5744003965706236,0.2709233241949598
354,354.0,0.154324101808016,0.574707641898087,0.2709682562938971
355,355.0,0.1535196198673329,0.5756969066042015,0.2707834735284657
356,356.0,0.1537357915199432,0.5758666898921719,0.2703975185878848
357,357.0,0.1539118644723775,0.575877487206622,0.2702106483210004
358,358.0,0.1540329828909766,0.5758927737299049,0.2700742433791185
359,359.0,0.1541002916871706,0.5758180429074704,0.2700816654053591
360,360.0,0.1541195928841718,0.5756513593273823,0.270229047788446
361,361.0,0.1542904540118293,0.5751810881993962,0.2705284577887747
362,362.0,0.1543834789533069,0.5747153480083764,0.2709011730383169
363,363.0,0.1544341058300896,0.5754503219840915,0.270115572185819
364,364.0,0.1552782983412814,0.5754387736316967,0.2692829280270221
365,365.0,0.1567072022963073,0.5749487117268531,0.2683440859768397
366,366.0,0.1580905402777105,0.5744337033314396,0.2674757563908501
367,367.0,0.159410208070358,0.5736643753266756,0.2669254166029667
368,368.0,0.1606299915265422,0.5729489305441774,0.2664210779292807
369,369.0,0.1617827443064152,0.5722262157339002,0.2659910399596849
370,370.0,0.1628901250006569,0.5714512189450297,0.2656586560543137
371,371.0,0.1639328000736854,0.570779324900239,0.265287875026076
372,372.0,0.1648968793091876,0.5701216789067084,0.2649814417841044
373,373.0,0.1655394026958652,0.5692972293682891,0.2651633679358462
374,374.0,0.1660606523665938,0.5685408169975913,0.2653985306358153
375,375.0,0.1664628814543707,0.5678648212696066,0.2656722972760231
376,376.0,0.1667907465319386,0.5672324694683974,0.2659767839996643
377,377.0,0.1669994410460308,0.5667363513816824,0.266264207572287
378,378.0,0.1671690439123838,0.5662550113563636,0.2665759447312528
379,379.0,0.1675517539360159,0.5653783756659627,0.2670698703980215
380,380.0,0.1678683545778453,0.5645335767160717,0.2675980687060831
381,381.0,0.1681224603746809,0.5637583889768356,0.2681191506484837
382,382.0,0.1683232889806682,0.5630429743597417,0.2686337366595902
383,383.0,0.1687564948660301,0.5620547330634827,0.2691887720704873
384,384.0,0.1691417908526709,0.5611243084298074,0.2697339007175218
385,385.0,0.1695488181971944,0.5601548628726445,0.2702963189301611
386,386.0,0.169909500586429,0.5592503170894491,0.270840182324122
387,387.0,0.1702248656920111,0.5584132265606563,0.2713619077473326
388,388.0,0.1704946661413489,0.5574111518803249,0.2720941819783261
389,389.0,0.1706703701623249,0.5563114190378606,0.2730182107998143
390,390.0,0.1708062981819092,0.5552876575096868,0.2739060443084039
391,391.0,0.1711536984362283,0.5540781621961615,0.2747681393676099
392,392.0,0.1715133202790824,0.5525428173048987,0.2759438624160186
393,393.0,0.1717861593721408,0.5509428895223689,0.2772709511054899
394,394.0,0.1721802213182919,0.5494594218496978,0.2783603568320101
395,395.0,0.1737730495518522,0.546132528653941,0.2800944217942066
396,396.0,0.1744481431984905,0.5441117099446621,0.2814401468568472
397,397.0,0.1750846470664802,0.5425921723158211,0.2823231806176984
398,398.0,0.173669403173148,0.5432073704634456,0.2831232263634062
399,399.0,0.1718761095021777,0.5445490886253063,0.2835748018725159
400,400.0,0.1698233943930298,0.5467091954063793,0.2834674102005907
401,401.0,0.1678321492653318,0.5488522691875515,0.2833155815471166
402,402.0,0.1656916106968357,0.5513846615583569,0.2829237277448074
403,403.0,0.1645794368416531,0.5531693602362637,0.2822512029220831
404,404.0,0.1633176439076171,0.5552450639912986,0.2814372921010843
405,405.0,0.1619353423012914,0.5575596194241912,0.2805050382745174
406,406.0,0.1606205366989935,0.5598295746910397,0.2795498886099669
407,407.0,0.1597495703134833,0.5617881755590947,0.278462254127422
408,408.0,0.1588998824938131,0.5635911637100757,0.2775089537961113
409,409.0,0.1586768818964529,0.5639776412917581,0.2773454768117892
410,410.0,0.1585359783047065,0.5646519151859494,0.2768121065093443
411,411.0,0.158387428100641,0.5654334418594404,0.2761791300399188
412,412.0,0.15829978053187,0.5661300532214162,0.2755701662467141
413,413.0,0.1582844884772183,0.5668432746894084,0.2748722368333736
414,414.0,0.1610972470835984,0.5641409797048021,0.2747617732115999
415,415.0,0.1639912262629458,0.5612635377344981,0.2747452360025565
416,416.0,0.166889787800507,0.5589161007730234,0.27419411142647
417,417.0,0.1697430944687719,0.5566831426546546,0.2735737628765739
418,418.0,0.1724744731984566,0.554603822307653,0.2729217044938908
419,419.0,0.1752279708104053,0.5524357084087008,0.2723363207808943
420,420.0,0.1778924330594082,0.5499199976555537,0.2721875692850387
421,421.0,0.1804028240816237,0.5472016981541172,0.2723954777642595
422,422.0,0.1827499054517874,0.5447105294037414,0.2725395651444716
423,423.0,0.1848889774911044,0.5425234212727215,0.2725876012361745
424,424.0,0.1868994899458708,0.5398914042914884,0.2732091057626411
425,425.0,0.188724469598722,0.5378736447431691,0.2734018856581092
426,426.0,0.190341990780184,0.5364713081664052,0.2731867010534111
427,427.0,0.1917770064155418,0.5355991233982687,0.2726238701861896
428,428.0,0.1930449245486326,0.5347260415895888,0.2722290338617786
429,429.0,0.1946017667720344,0.5334502724272636,0.2719479608007021
430,430.0,0.1960039507877133,0.5323094489081815,0.2716866003041052
431,431.0,0.1972529205762851,0.5310073670561503,0.2717397123675646
432,432.0,0.1983515078625746,0.5298378794053379,0.2718106127320875
433,433.0,0.1992604749806572,0.5288860014987109,0.2718535235206319
434,434.0,0.2000202519537892,0.5279439220041713,0.2720358260420396
435,435.0,0.200637786544008,0.5270148531172858,0.2723473603387063
436,436.0,0.2011282705008455,0.5262067844661579,0.2726649450329967
437,437.0,0.2014742166917496,0.5255869610815391,0.2729388222267114
438,438.0,0.2021407133834297,0.5243458848068564,0.273513401809714
439,439.0,0.2026218233421606,0.5232990627162275,0.2740791139416121
440,440.0,0.2032044082203462,0.5219601377734993,0.2748354540061548
441,441.0,0.2036321969632772,0.5206023049412728,0.2757654980954502
442,442.0,0.2039640991630499,0.519318620417402,0.2767172804195484
443,443.0,0.2017108157936349,0.5173191076683277,0.2809700765380377
444,444.0,0.1992827394558134,0.5156186350128401,0.2850986255313467
445,445.0,0.1967747901366485,0.5141964389129028,0.2890287709504489
446,446.0,0.1939851882347097,0.5120663373515756,0.2939484744137148
447,447.0,0.1910781761723085,0.5094037204538457,0.2995181033738461
448,448.0,0.1879008348731229,0.5066667612779415,0.3054324038489359
449,449.0,0.185793271726177,0.5036769729669909,0.3105297553068324
450,450.0,0.184700673008223,0.5007523757445627,0.3145469512472147
451,451.0,0.1833573330439748,0.4978034731601695,0.318839193795856
452,452.0,0.1817886550113794,0.4942039006599861,0.3240074443286349
453,453.0,0.1800402782029642,0.4908370929841159,0.3291226288129202
454,454.0,0.1783441261775596,0.487702961612009,0.3339529122104317
455,455.0,0.1765389706379413,0.484137141212811,0.3393238881492481
456,456.0,0.1745711541857292,0.4809109497154727,0.3445178960987984
457,457.0,0.1727721222911168,0.4777648451485686,0.349463032560315
458,458.0,0.1709454940926235,0.4749179063396985,0.3541365995676784
459,459.0,0.1691500745075048,0.4720482751502061,0.3588016503422894
460,460.0,0.1679574779160263,0.4694123256267807,0.3626301964571933
461,461.0,0.1673169400040025,0.4670132210966737,0.3656698388993241
462,462.0,0.166694772065354,0.4648814916713462,0.3684237362633001
463,463.0,0.1662001792302902,0.4630082001361573,0.3707916206335529
464,464.0,0.1654198369869935,0.4608538907954581,0.3737262722175488
465,465.0,0.1646598472403107,0.4589235093391852,0.3764166434205043
466,466.0,0.1645104944227671,0.453835371964864,0.3816541336123691
467,467.0,0.1644537262949303,0.4488095018911282,0.3867367718139416
468,468.0,0.1641787324759269,0.4433435187585837,0.3924777487654896
469,469.0,0.1638558078180271,0.4384172982058728,0.3977268939761001
470,470.0,0.1636108992774096,0.4337803057121283,0.4026087950104621
471,471.0,0.1634069220119175,0.4285710417435352,0.4080220362445474
472,472.0,0.163219478925706,0.4237006682729535,0.4130798528013406
473,473.0,0.1630964100793283,0.4192078095090976,0.4176957804115742
474,474.0,0.1636512326994882,0.414358012002451,0.421990755298061
475,475.0,0.1642537578473292,0.4099029351121933,0.4258433070404777
476,476.0,0.1648931900186049,0.4058476575455883,0.429259152435807
477,477.0,0.1660857599787327,0.4013092934993202,0.4326049465219473
478,478.0,0.1671360197970611,0.397322227509679,0.43554175269326
479,479.0,0.1681407926955674,0.3940620179920427,0.43779718931239
480,480.0,0.1693645950539885,0.3906341271274629,0.4400012778185487
481,481.0,0.1705171101811868,0.3875777598540166,0.4419051299647967
482,482.0,0.1716393045522384,0.3849044726466153,0.4434562228011465
483,483.0,0.1727229882990474,0.3826026903707283,0.4446743213302244
484,484.0,0.1737138271617214,0.3806393409620239,0.4456468318762547
485,485.0,0.1746640254419584,0.3786433787753424,0.4466925957826993
486,486.0,0.1756029568048606,0.3764308294435955,0.447966213751544
487,487.0,0.1764430718600616,0.3745189237575416,0.4490380043823969
488,488.0,0.1768664839763072,0.3729258116701461,0.4502077043535468
489,489.0,0.1771946407061313,0.3716079915996006,0.4511973676942682
490,490.0,0.1774320535191453,0.3705504195442325,0.4520175269366222
491,491.0,0.1775837357693185,0.3697369716592452,0.4526792925714363
492,492.0,0.1775798332221971,0.3690324337761452,0.4533877330016578
493,493.0,0.1775311243428557,0.3685503874962341,0.4539184881609103
494,494.0,0.1773720123371807,0.3681625170252179,0.4544654706376014
495,495.0,0.1776244383600704,0.3678473008054891,0.4545282608344405
496,496.0,0.1777389790173827,0.3675957151229818,0.4546653058596356
497,497.0,0.1777906364207498,0.3674915440278008,0.4547178195514496
498,498.0,0.1780019079124031,0.3674280635293463,0.4545700285582508
499,499.0,0.1780849393617332,0.3673971601362815,0.4545179005019855
500,500.0,0.178317047750583,0.367391318976359,0.4542916332730581
501,501.0,0.1784969529972644,0.3674818769383829,0.4540211700643529
502,502.0,0.1786520125337401,0.3676662672539427,0.4536817202123175
503,503.0,0.1787831603356659,0.367933262784529,0.4532835768798053
504,504.0,0.1787602019672035,0.367870388651789,0.4533694093810078
505,505.0,0.1789232735535721,0.3678012219533441,0.453275504493084
506,506.0,0.1789261037956853,0.3678684826105313,0.4532054135937836
507,507.0,0.1789029882877011,0.3679714720055213,0.4531255397067778
508,508.0,0.1788560654039122,0.3678338564692457,0.4533100781268422
509,509.0,0.1787952766107864,0.3677393853310418,0.4534653380581721
510,510.0,0.178914650526591,0.367627789858217,0.4534575596151923
511,511.0,0.1790221464158127,0.3675531075428022,0.4534247460413854
512,512.0,0.1791337477763861,0.3659503743514677,0.4549158778721465
513,513.0,0.1789213251991309,0.3641021639456795,0.4569765108551899
514,514.0,0.1787004926373215,0.362314374861178,0.4589851325015008
515,515.0,0.1782333205357547,0.3603867198732799,0.4613799595909658
516,516.0,0.1775934910979928,0.3584491720063759,0.4639573368956317
517,517.0,0.1768683594018832,0.3567938354337478,0.4663378051643693
518,518.0,0.1760616622626264,0.355303858422933,0.4686344793144408
519,519.0,0.175252005019363,0.3539132923460241,0.4708347026346132
520,520.0,0.1753352604526173,0.3525145210955556,0.4721502184518273
521,521.0,0.175238115811933,0.3511309868949281,0.4736308972931392
522,522.0,0.1749264904573376,0.3497283524803039,0.4753451570623586
523,523.0,0.1745565968538678,0.3483875075754609,0.4770558955706713
524,524.0,0.1739632368731408,0.34712505584586,0.4789117072809993
525,525.0,0.17342827970187,0.3459294149836094,0.4806423053145206
526,526.0,0.1728103625176376,0.3448005970788173,0.4823890404035452
527,527.0,0.1721251725388911,0.3437440088552855,0.4841308186058236
528,528.0,0.1715505547539993,0.3427633487861292,0.4856860964598716
529,529.0,0.1708221923723188,0.3417213340951028,0.4874564735325783
530,530.0,0.169967750420642,0.3410112142274289,0.4890210353519291
531,531.0,0.1691070836684746,0.340385337949423,0.4905075783821024
532,532.0,0.1683899796485979,0.339910368097988,0.4916996522534141
533,533.0,0.1676551702370865,0.3395610161712682,0.4927838135916454
534,534.0,0.1668798835508015,0.3392398824864202,0.4938802339627784
535,535.0,0.1660528905567058,0.3389396503130729,0.4950074591302213
536,536.0,0.1652404735484782,0.3387214513485416,0.4960380751029803
537,537.0,0.164583022294555,0.3385371582745453,0.4968798194308997
538,538.0,0.1639324120135186,0.3384556374155292,0.4976119505709522
539,539.0,0.1633177089824758,0.3384245987588388,0.4982576922586855
540,540.0,0.1627406484886753,0.3384388939617769,0.4988204575495478
541,541.0,0.1626250573747025,0.3357462663659996,0.5016286762592981
542,542.0,0.1625447515340521,0.3331163794969388,0.5043388689690093
543,543.0,0.1624961990461854,0.3301688549248072,0.5073349460290076
544,544.0,0.1624759158680537,0.3272515418485787,0.5102725422833679
545,545.0,0.1624736219190854,0.324434738446824,0.5130916396340909
546,546.0,0.1624861885985511,0.3217343685063354,0.5157794428951138
547,547.0,0.1625106763096216,0.3192350600791297,0.518254263611249
548,548.0,0.162660022013378,0.3156773674014437,0.5216626105851786
549,549.0,0.1627818277060795,0.3121603739217408,0.52505779837218
550,550.0,0.1630382554042952,0.3088350765089317,0.5281266680867733
551,551.0,0.1632787285774129,0.3057149166789251,0.5310063547436623
552,552.0,0.163500294101825,0.3028099565047395,0.5336897493934357
553,553.0,0.1637139926885665,0.3001695586579809,0.5361164486534528
554,554.0,0.1638975435805131,0.2977335032556248,0.5383689531638622
555,555.0,0.1640495527146949,0.2957305775613212,0.5402198697239841
556,556.0,0.1641937397366206,0.2939499023400985,0.5418563579232811
557,557.0,0.1643005040757471,0.2923311249322307,0.5433683709920224
558,558.0,0.1645548932735806,0.2908792185945249,0.5445658881318945
559,559.0,0.1647401191070731,0.2895890594710744,0.5456708214218525
560,560.0,0.164564777919831,0.2870303738295707,0.5484048482505983
561,561.0,0.1641334953860165,0.284829657401514,0.5510368472124695
562,562.0,0.163646708687283,0.2830082320183352,0.5533450592943818
563,563.0,0.1631550009002996,0.2808867957218081,0.5559582033778923
564,564.0,0.1626392477060513,0.2789184622640134,0.5584422900299353
565,565.0,0.1641386207441108,0.2721572491688296,0.5637041300870596
566,566.0,0.1649699469941999,0.2665071993880903,0.5685228536177096
567,567.0,0.165737023810458,0.261251753559051,0.5730112226304909
568,568.0,0.166457181837123,0.2565006716890661,0.5770421464738107
569,569.0,0.1671268966187964,0.2520502419046148,0.5808228614765886
570,570.0,0.1677434859654833,0.2479140962775895,0.5843424177569269
571,571.0,0.168320447176566,0.2441167349480852,0.5875628178753485
572,572.0,0.1688399565756353,0.2406464469759439,0.5905135964484206
573,573.0,0.1693015496259559,0.2375044185357207,0.5931940318383232
574,574.0,0.1698748867230243,0.2346884370689574,0.5954366762080181
575,575.0,0.1701757751097954,0.2321989072657682,0.5976253176244363
576,576.0,0.1703780934863766,0.2299688789346637,0.5996530275789596
577,577.0,0.1704862881726996,0.2282036278445413,0.601310083982759
578,578.0,0.1705053875208783,0.2266746654651429,0.6028199470139787
579,579.0,0.1704851466216737,0.225425887159859,0.6040889662184671
580,580.0,0.1704293119801176,0.224233039042299,0.6053376489775832
581,581.0,0.1703416193458903,0.2232895746038958,0.6063688060502137
582,582.0,0.1700174246285416,0.2225796166383915,0.6074029587330668
583,583.0,0.1696409934284305,0.2220397807203034,0.608319225851266
584,584.0,0.169219172372772,0.2216552912628452,0.6091255363643827
585,585.0,0.168758635462653,0.2214113829225454,0.6098299816148016
586,586.0,0.1682646195346331,0.2216780834089687,0.6100572970563983
587,587.0,0.1677445329469853,0.2222376298540151,0.6100178371989996
588,588.0,0.1672042650310685,0.2230639611123459,0.6097317738565856
589,589.0,0.16683118771801,0.2239489005616652,0.6092199117203247
590,590.0,0.1664436124286986,0.2248744056617928,0.6086819819095086
591,591.0,0.1659702482344311,0.2259325438217979,0.6080972079437709
592,592.0,0.1654896532989399,0.2269985504319038,0.6075117962691562
593,593.0,0.1650054795678424,0.2280579018353552,0.6069366185968023
594,594.0,0.1645436971734017,0.2291372207996449,0.6063190820269533
595,595.0,0.1641064224669184,0.2302234550400681,0.6056701224930136
596,596.0,0.1636953223246206,0.2313047955845663,0.6049998820908131
597,597.0,0.1633116421922732,0.2323706702980474,0.6043176875096795
598,598.0,0.1628742683297896,0.2334117256891781,0.6037140059810323
599,599.0,0.1624664795587453,0.2344197983544159,0.6031137220868389
600,600.0,0.1620891667999313,0.2354698445950368,0.602440988605032
