,Unnamed: 0,Total_iterations,Intertwine_two,Add_vertex,Delete_vertex
0,0.0,0.0,0.33333333333333337,0.33333333333333337,0.33333333333333337
1,1.0,0.10900000000000001,0.33333333333333337,0.33333333333333337,0.33333333333333337
2,2.0,0.31601,0.33333333333333337,0.33333333333333337,0.33333333333333337
3,3.0,0.6191589000000001,0.33333333333333337,0.33333333333333337,0.33333333333333337
4,4.0,1.015801321,0.33333333333333337,0.33333333333333337,0.33333333333333337
5,5.0,1.50262148669,0.33333333333333337,0.33333333333333337,0.33333333333333337
6,6.0,2.0757334209441005,0.33333333333333337,0.33333333333333337,0.33333333333333337
7,7.0,2.7307768275633495,0.33333333333333337,0.33333333333333337,0.33333333333333337
8,8.0,3.4630081252450404,0.33333333333333337,0.33333333333333337,0.33333333333333337
9,9.0,4.2673862119061114,0.33333333333333337,0.33333333333333337,0.33333333333333337
10,10.0,5.138652627782014,0.33333333333333337,0.33333333333333337,0.33333333333333337
11,11.0,6.071405875792507,0.33333333333333337,0.33333333333333337,0.33333333333333337
12,12.0,7.060169740244025,0.33333333333333337,0.33333333333333337,0.33333333333333337
13,13.0,8.099455520847952,0.33333333333333337,0.33333333333333337,0.33333333333333337
14,14.0,9.183818168183006,0.33333333333333337,0.33333333333333337,0.33333333333333337
15,15.0,10.307906369102724,0.33333333333333337,0.33333333333333337,0.33333333333333337
16,16.0,11.466506686239443,0.33333333333333337,0.33333333333333337,0.33333333333333337
17,17.0,12.654581904800096,0.33333333333333337,0.33333333333333337,0.33333333333333337
18,18.0,13.867303782456686,0.33333333333333337,0.33333333333333337,0.33333333333333337
19,19.0,15.100080434523047,0.33333333333333337,0.33333333333333337,0.33333333333333337
20,20.0,16.348578617037543,0.33333333333333337,0.33333333333333337,0.33333333333333337
21,21.0,17.608741195130214,0.33333333333333337,0.33333333333333337,0.33333333333333337
22,22.0,18.876800103462312,0.33333333333333337,0.33333333333333337,0.33333333333333337
23,23.0,20.14928511992658,0.33333333333333337,0.33333333333333337,0.33333333333333337
24,24.0,21.423028783545156,0.33333333333333337,0.33333333333333337,0.33333333333333337
25,25.0,22.695167792966423,0.33333333333333337,0.33333333333333337,0.33333333333333337
26,26.0,23.963141223515898,0.33333333333333337,0.33333333333333337,0.33333333333333337
27,27.0,25.224685898775267,0.33333333333333337,0.33333333333333337,0.33333333333333337
28,28.0,26.477829247520948,0.33333333333333337,0.33333333333333337,0.33333333333333337
29,29.0,27.720879968916847,0.33333333333333337,0.33333333333333337,0.33333333333333337
30,30.0,28.95241681848399,0.33333333333333337,0.33333333333333337,0.33333333333333337
31,31.0,30.17127581490958,0.33333333333333337,0.33333333333333337,0.33333333333333337
32,32.0,31.376536153543515,0.33333333333333337,0.33333333333333337,0.33333333333333337
33,33.0,32.567505096778625,0.33333333333333337,0.33333333333333337,0.33333333333333337
34,34.0,33.74370209472243,0.33333333333333337,0.33333333333333337,0.33333333333333337
35,35.0,34.90484237192463,0.33333333333333337,0.33333333333333337,0.33333333333333337
36,36.0,36.05082019768737,0.33333333333333337,0.33333333333333337,0.33333333333333337
37,37.0,37.18169203889697,0.33333333333333337,0.33333333333333337,0.33333333333333337
38,38.0,38.29765977559663,0.33333333333333337,0.33333333333333337,0.33333333333333337
39,39.0,39.399054140870355,0.33333333333333337,0.33333333333333337,0.33333333333333337
40,40.0,40.48631852820801,0.33333333333333337,0.33333333333333337,0.33333333333333337
41,41.0,41.55999329152982,0.33333333333333337,0.33333333333333337,0.33333333333333337
42,42.0,42.62070064560415,0.33333333333333337,0.33333333333333337,0.33333333333333337
43,43.0,43.669130257815,0.33333333333333337,0.33333333333333337,0.33333333333333337
44,44.0,44.70602560622662,0.33333333333333337,0.33333333333333337,0.33333333333333337
45,45.0,45.73217116373481,0.33333333333333337,0.33333333333333337,0.33333333333333337
46,46.0,46.748380453854836,0.33333333333333337,0.33333333333333337,0.33333333333333337
47,47.0,47.755485010424316,0.33333333333333337,0.33333333333333337,0.33333333333333337
48,48.0,48.7543242612326,0.33333333333333337,0.33333333333333337,0.33333333333333337
49,49.0,49.745736344347726,0.33333333333333337,0.33333333333333337,0.33333333333333337
50,50.0,50.730549855707864,0.33333333333333337,0.33333333333333337,0.33333333333333337
51,51.0,51.70957651737491,0.33333333333333337,0.33333333333333337,0.33333333333333337
52,52.0,52.68360474770151,0.33333333333333337,0.33333333333333337,0.33333333333333337
53,53.0,53.65339410751842,0.33333333333333337,0.33333333333333337,0.33333333333333337
54,54.0,54.61967059027847,0.33333333333333337,0.33333333333333337,0.33333333333333337
55,55.0,55.58312271885972,0.33333333333333337,0.33333333333333337,0.33333333333333337
56,56.0,56.544398407394254,0.33333333333333337,0.33333333333333337,0.33333333333333337
57,57.0,57.504102543001395,0.33333333333333337,0.33333333333333337,0.33333333333333337
58,58.0,58.462795239617805,0.33333333333333337,0.33333333333333337,0.33333333333333337
59,59.0,59.42099071417639,0.33333333333333337,0.33333333333333337,0.33333333333333337
60,60.0,60.379156734137354,0.33333333333333337,0.33333333333333337,0.33333333333333337
61,61.0,61.337714584760846,0.33333333333333337,0.33333333333333337,0.33333333333333337
62,62.0,62.29703950447439,0.33333333333333337,0.33333333333333337,0.33333333333333337
63,63.0,63.257461537171835,0.33333333333333337,0.33333333333333337,0.33333333333333337
64,64.0,64.21926675122782,0.33333333333333337,0.33333333333333337,0.33333333333333337
65,65.0,65.18269877636592,0.33333333333333337,0.33333333333333337,0.33333333333333337
66,66.0,66.14796061122655,0.33333333333333337,0.33333333333333337,0.33333333333333337
67,67.0,67.11521665648885,0.33333333333333337,0.33333333333333337,0.33333333333333337
68,68.0,68.08459493066005,0.33333333333333337,0.33333333333333337,0.33333333333333337
69,69.0,69.05618942810752,0.33333333333333337,0.33333333333333337,0.33333333333333337
70,70.0,70.03006258152917,0.33333333333333337,0.33333333333333337,0.33333333333333337
71,71.0,71.00624779379335,0.33333333333333337,0.33333333333333337,0.33333333333333337
72,72.0,71.98475200689319,0.33333333333333337,0.33333333333333337,0.33333333333333337
73,73.0,72.96555827861411,0.33333333333333337,0.33333333333333337,0.33333333333333337
74,74.0,73.94862834037681,0.33333333333333337,0.33333333333333337,0.33333333333333337
75,75.0,74.93390511255946,0.33333333333333337,0.33333333333333337,0.33333333333333337
76,76.0,75.92131515639825,0.33333333333333337,0.33333333333333337,0.33333333333333337
77,77.0,76.91077104428919,0.33333333333333337,0.33333333333333337,0.33333333333333337
78,78.0,77.90217363294813,0.33333333333333337,0.33333333333333337,0.33333333333333337
79,79.0,78.89541422641172,0.33333333333333337,0.33333333333333337,0.33333333333333337
80,80.0,79.89037661826481,0.33333333333333337,0.33333333333333337,0.33333333333333337
81,81.0,80.88693900474995,0.33333333333333337,0.33333333333333337,0.33333333333333337
82,82.0,81.88497576253909,0.33333333333333337,0.33333333333333337,0.33333333333333337
83,83.0,82.88435908692391,0.33333333333333337,0.33333333333333337,0.33333333333333337
84,84.0,83.88496048800103,0.33333333333333337,0.33333333333333337,0.33333333333333337
85,85.0,84.89665214409042,0.33333333333333337,0.33333333333333337,0.33333333333333337
86,86.0,85.90920811312996,0.33333333333333337,0.33333333333333337,0.33333333333333337
87,87.0,86.92241640413425,0.33333333333333337,0.33333333333333337,0.33333333333333337
88,88.0,87.93607970199677,0.33333333333333337,0.33333333333333337,0.33333333333333337
89,89.0,88.95001587305308,0.33333333333333337,0.33333333333333337,0.33333333333333337
90,90.0,89.96405826827322,0.33333333333333337,0.33333333333333337,0.33333333333333337
91,91.0,90.97805584128861,0.33333333333333337,0.33333333333333337,0.33333333333333337
92,92.0,91.99187309858956,0.33333333333333337,0.33333333333333337,0.33333333333333337
93,93.0,93.00538989917455,0.33333333333333337,0.33333333333333337,0.33333333333333337
94,94.0,94.01850112070927,0.33333333333333337,0.33333333333333337,0.33333333333333337
95,95.0,95.03111620888343,0.33333333333333337,0.33333333333333337,0.33333333333333337
96,96.0,96.04315862615134,0.33333333333333337,0.33333333333333337,0.33333333333333337
97,97.0,97.06456521543095,0.33333333333333337,0.33333333333333337,0.33333333333333337
98,98.0,98.08518549362827,0.33333333333333337,0.33333333333333337,0.33333333333333337
99,99.0,99.10489188906959,0.33333333333333337,0.33333333333333337,0.33333333333333337
100,100.0,100.12357872607609,0.33333333333333337,0.33333333333333337,0.33333333333333337
101,101.0,101.14116109212118,0.33333333333333337,0.33333333333333337,0.33333333333333337
102,102.0,102.15757361064055,0.33333333333333337,0.33333333333333337,0.33333333333333337
103,103.0,103.17276914120157,0.33333333333333337,0.33333333333333337,0.33333333333333337
104,104.0,104.18671742729448,0.33333333333333337,0.33333333333333337,0.33333333333333337
105,105.0,105.19940371050515,0.33333333333333337,0.33333333333333337,0.33333333333333337
106,106.0,106.21082732828971,0.33333333333333337,0.33333333333333337,0.33333333333333337
107,107.0,107.22100031101292,0.33333333333333337,0.33333333333333337,0.33333333333333337
108,108.0,108.22994599235366,0.33333333333333337,0.33333333333333337,0.33333333333333337
109,109.0,109.2376976456368,0.33333333333333337,0.33333333333333337,0.33333333333333337
110,110.0,110.24429715713526,0.33333333333333337,0.33333333333333337,0.33333333333333337
111,111.0,111.24979374591253,0.33333333333333337,0.33333333333333337,0.33333333333333337
112,112.0,112.25424273835293,0.33333333333333337,0.33333333333333337,0.33333333333333337
113,113.0,113.25770440416576,0.33333333333333337,0.33333333333333337,0.33333333333333337
114,114.0,114.26024285935567,0.33333333333333337,0.33333333333333337,0.33333333333333337
115,115.0,115.26192504043301,0.33333333333333337,0.33333333333333337,0.33333333333333337
116,116.0,116.26281975299831,0.33333333333333337,0.33333333333333337,0.33333333333333337
117,117.0,117.26299679677709,0.33333333333333337,0.33333333333333337,0.33333333333333337
118,118.0,118.26252616821023,0.33333333333333337,0.33333333333333337,0.33333333333333337
119,119.0,119.26147734081793,0.33333333333333337,0.33333333333333337,0.33333333333333337
120,120.0,120.25991862275669,0.33333333333333337,0.33333333333333337,0.33333333333333337
121,121.0,121.25791659027401,0.33333333333333337,0.33333333333333337,0.33333333333333337
122,122.0,122.25553559513685,0.33333333333333337,0.33333333333333337,0.33333333333333337
123,123.0,123.25283734356205,0.33333333333333337,0.33333333333333337,0.33333333333333337
124,124.0,124.24988054370911,0.33333333333333337,0.33333333333333337,0.33333333333333337
125,125.0,125.24672061840437,0.33333333333333337,0.33333333333333337,0.33333333333333337
126,126.0,126.24340947944606,0.33333333333333337,0.33333333333333337,0.33333333333333337
127,127.0,127.23999535958912,0.33333333333333337,0.33333333333333337,0.33333333333333337
128,128.0,128.23652269812197,0.33333333333333337,0.33333333333333337,0.33333333333333337
129,129.0,129.23303207582032,0.33333333333333337,0.33333333333333337,0.33333333333333337
130,130.0,130.22956019499063,0.33333333333333337,0.33333333333333337,0.33333333333333337
131,131.0,131.226139900294,0.33333333333333337,0.33333333333333337,0.33333333333333337
132,132.0,132.22280023606407,0.33333333333333337,0.33333333333333337,0.33333333333333337
133,133.0,133.21956653589655,0.33333333333333337,0.33333333333333337,0.33333333333333337
134,134.0,134.2164605403868,0.33333333333333337,0.33333333333333337,0.33333333333333337
135,135.0,135.21350053902418,0.33333333333333337,0.33333333333333337,0.33333333333333337
136,136.0,136.21070153240757,0.33333333333333337,0.33333333333333337,0.33333333333333337
137,137.0,137.2080754111285,0.33333333333333337,0.33333333333333337,0.33333333333333337
138,138.0,138.2056311478661,0.33333333333333337,0.33333333333333337,0.33333333333333337
139,139.0,139.20337499945126,0.33333333333333337,0.33333333333333337,0.33333333333333337
140,140.0,140.2013107158834,0.33333333333333337,0.33333333333333337,0.33333333333333337
141,141.0,141.1994397535135,0.33333333333333337,0.33333333333333337,0.33333333333333337
142,142.0,142.19776148984545,0.33333333333333337,0.33333333333333337,0.33333333333333337
143,143.0,143.19627343764574,0.33333333333333337,0.33333333333333337,0.33333333333333337
144,144.0,144.19497145628952,0.33333333333333337,0.33333333333333337,0.33333333333333337
145,145.0,145.19384995850606,0.33333333333333337,0.33333333333333337,0.33333333333333337
146,146.0,146.1929021109159,0.33333333333333337,0.33333333333333337,0.33333333333333337
147,147.0,147.19212002697557,0.33333333333333337,0.33333333333333337,0.33333333333333337
148,148.0,148.19149495115954,0.33333333333333337,0.33333333333333337,0.33333333333333337
149,149.0,149.1910174334135,0.33333333333333337,0.33333333333333337,0.33333333333333337
150,150.0,150.19067749310793,0.33333333333333337,0.33333333333333337,0.33333333333333337
151,151.0,151.19046477190184,0.33333333333333337,0.33333333333333337,0.33333333333333337
152,152.0,152.19036867509735,0.33333333333333337,0.33333333333333337,0.33333333333333337
153,153.0,153.19037850122234,0.33333333333333337,0.33333333333333337,0.33333333333333337
154,154.0,154.1904835597226,0.33333333333333337,0.33333333333333337,0.33333333333333337
155,155.0,155.1906732767756,0.33333333333333337,0.33333333333333337,0.33333333333333337
156,156.0,156.19093728935556,0.33333333333333337,0.33333333333333337,0.33333333333333337
157,157.0,157.19126552778394,0.33333333333333337,0.33333333333333337,0.33333333333333337
158,158.0,158.19164828709165,0.33333333333333337,0.33333333333333337,0.33333333333333337
159,159.0,159.19207628759767,0.33333333333333337,0.33333333333333337,0.33333333333333337
160,160.0,160.19254072517714,0.33333333333333337,0.33333333333333337,0.33333333333333337
161,161.0,161.19303331174686,0.33333333333333337,0.33333333333333337,0.33333333333333337
162,162.0,162.19354630654215,0.33333333333333337,0.33333333333333337,0.33333333333333337
163,163.0,163.19407253879248,0.33333333333333337,0.33333333333333337,0.33333333333333337
164,164.0,164.19460542242985,0.33333333333333337,0.33333333333333337,0.33333333333333337
165,165.0,165.19513896347922,0.33333333333333337,0.33333333333333337,0.33333333333333337
166,166.0,166.19566776078884,0.33333333333333337,0.33333333333333337,0.33333333333333337
167,167.0,167.1961870007596,0.33333333333333337,0.33333333333333337,0.33333333333333337
168,168.0,168.1966924467257,0.33333333333333337,0.33333333333333337,0.33333333333333337
169,169.0,169.1971804236279,0.33333333333333337,0.33333333333333337,0.33333333333333337
170,170.0,170.19764779860367,0.33333333333333337,0.33333333333333337,0.33333333333333337
171,171.0,171.19809195809577,0.33333333333333337,0.33333333333333337,0.33333333333333337
172,172.0,172.19851078205772,0.33333333333333337,0.33333333333333337,0.33333333333333337
173,173.0,173.1989026158029,0.33333333333333337,0.33333333333333337,0.33333333333333337
174,174.0,174.19926624001553,0.33333333333333337,0.33333333333333337,0.33333333333333337
175,175.0,175.19960083940677,0.33333333333333337,0.33333333333333337,0.33333333333333337
176,176.0,176.1999059704648,0.33333333333333337,0.33333333333333337,0.33333333333333337
177,177.0,177.2001815287124,0.33333333333333337,0.33333333333333337,0.33333333333333337
178,178.0,178.2004277158481,0.33333333333333337,0.33333333333333337,0.33333333333333337
179,179.0,179.20064500711172,0.33333333333333337,0.33333333333333337,0.33333333333333337
180,180.0,180.20083411917787,0.33333333333333337,0.33333333333333337,0.33333333333333337
181,181.0,181.20099597884564,0.33333333333333337,0.33333333333333337,0.33333333333333337
182,182.0,182.2011316927582,0.33333333333333337,0.33333333333333337,0.33333333333333337
183,183.0,183.2012425183519,0.33333333333333337,0.33333333333333337,0.33333333333333337
184,184.0,184.20132983620272,0.33333333333333337,0.33333333333333337,0.33333333333333337
185,185.0,185.20139512390642,0.33333333333333337,0.33333333333333337,0.33333333333333337
186,186.0,186.2014399316007,0.33333333333333337,0.33333333333333337,0.33333333333333337
187,187.0,187.20146585920955,0.33333333333333337,0.33333333333333337,0.33333333333333337
188,188.0,188.2014745354654,0.33333333333333337,0.33333333333333337,0.33333333333333337
189,189.0,189.201467598741,0.33333333333333337,0.33333333333333337,0.33333333333333337
190,190.0,190.20144667970166,0.33333333333333337,0.33333333333333337,0.33333333333333337
191,191.0,191.20141338576923,0.33333333333333337,0.33333333333333337,0.33333333333333337
192,192.0,192.20136928737236,0.33333333333333337,0.33333333333333337,0.33333333333333337
193,193.0,193.20131590594144,0.33333333333333337,0.33333333333333337,0.33333333333333337
194,194.0,194.2012547035942,0.33333333333333337,0.33333333333333337,0.33333333333333337
195,195.0,195.20118707444576,0.33333333333333337,0.33333333333333337,0.33333333333333337
196,196.0,196.2011143374677,0.33333333333333337,0.33333333333333337,0.33333333333333337
197,197.0,197.20103773081274,0.33333333333333337,0.33333333333333337,0.33333333333333337
198,198.0,198.20095840751515,0.33333333333333337,0.33333333333333337,0.33333333333333337
199,199.0,199.20087743247217,0.3325,0.335,0.3325
200,200.0,200.2007957806088,0.33030833333333337,0.33688333333333337,0.3328083333333334
201,201.0,201.20071433612566,0.32644674339934,0.3405325033003301,0.3330207533003301
202,202.0,202.20063389272957,0.322078815793258,0.34425758871051393,0.33366359549622826
203,203.0,203.20055515474579,0.3176345778440713,0.34574231859403587,0.33662310356189307
204,204.0,204.20047873901296,0.3143225624140481,0.3449247826663015,0.34075265491965057
205,205.0,205.20040517746327,0.30933316342576256,0.3471897525046776,0.34347708406956
206,206.0,206.20033492029393,0.30429591798682853,0.3491182325960741,0.3465858494170976
207,207.0,207.20026833963854,0.29852391970463676,0.35209363473332256,0.34938244556204096
208,208.0,208.20020573365233,0.2946054578960759,0.35341935540330804,0.3519751867006163
209,209.0,209.20014733092825,0.29015928119590395,0.3555238948678463,0.35431682393624997
210,210.0,210.20009329516728,0.2862820151346759,0.3581582426027535,0.35555974226257087
211,211.0,211.20004373003073,0.28214163299520134,0.3585562444668137,0.35930212253798516
212,212.0,212.19999868410753,0.2777722110680606,0.3594844448053609,0.3627433441265787
213,213.0,213.19995815593558,0.2733974504483946,0.36058821409523323,0.36601433545637246
214,214.0,214.19992209902148,0.2687136805637004,0.36320399271343434,0.36808232672286556
215,215.0,215.19989042680857,0.2637522114678992,0.366675850512378,0.3695719380197231
216,216.0,216.19986301754886,0.25929753561619695,0.37054228452541227,0.3701601798583911
217,217.0,217.19983971903963,0.2538704095316698,0.37423188881073893,0.3718977016575916
218,218.0,218.19982035319092,0.24850559572835684,0.3771156890476828,0.3743787152239607
219,219.0,219.1998047203952,0.24368156141507727,0.37868867645339,0.3776297621315331
220,220.0,220.1997926036751,0.23855199770285765,0.3802629362294505,0.38118506606769226
221,221.0,221.19978377259022,0.23353953460949564,0.38119891111738086,0.3852615542731239
222,222.0,222.19977798688794,0.2281009599974124,0.3835666442826893,0.38833239571989875
223,223.0,223.199774999887,0.2245829884382316,0.3846987179132463,0.39071829364852256
224,224.0,224.19977456158728,0.2216172988503795,0.38616227402024866,0.3922204271293723
225,225.0,225.19977642150167,0.2183978555729449,0.38788023272872924,0.39372191169832627
226,226.0,226.1997803312096,0.21597619753377234,0.3900277763892577,0.39399602607697043
227,227.0,227.19978604663467,0.21353411903106928,0.3926090611043281,0.39385681986460297
228,228.0,228.19979333005085,0.21129925632596072,0.3954872251358037,0.3932135185382359
229,229.0,229.1998019518249,0.20930172715494322,0.3984698145098877,0.3922284583351693
230,230.0,230.1998116919033,0.2068797871897109,0.4021551337199101,0.39096507909037925
231,231.0,231.19982234105487,0.2047398379154579,0.405673114359993,0.38958704772454933
232,232.0,232.1998337018807,0.20483641431948543,0.4091567674868307,0.38600681819368415
233,233.0,233.19984558960513,0.20511180939231557,0.4131351745183933,0.3817530160892914
234,234.0,234.19985783266105,0.20553166243301096,0.41701343546375036,0.37745490210323895
235,235.0,235.19987027308483,0.2052723682664026,0.4231401586222392,0.3715874731113584
236,236.0,236.19988276673536,0.20506902078378197,0.4292059401806139,0.36572503903560427
237,237.0,237.19989518335348,0.20494484445786276,0.43510082183905985,0.35995433370307756
238,238.0,238.19990740647626,0.20436658701606447,0.44183427769102535,0.3537991352929103
239,239.0,239.199919333222,0.20330682411343237,0.44904767275443674,0.347645503132131
240,240.0,240.19993087396094,0.20207800448148325,0.456389922462243,0.34153207305627387
241,241.0,241.1999419518864,0.20087510444146872,0.46315751924022275,0.3359673763183087
242,242.0,242.19995250250042,0.1997513081729136,0.4691775354648779,0.33107115636220874
243,243.0,243.19996247302805,0.19868173970798222,0.4748660778364496,0.32645218245556845
244,244.0,244.19997182177264,0.1981065702743457,0.479728626679143,0.3221648030465115
245,245.0,245.19998051742505,0.1973868432295066,0.4846233749839465,0.3179897817865472
246,246.0,246.19998853833798,0.19674542505970355,0.48910198643797975,0.314152588502317
247,247.0,247.19999587177622,0.19620067360544752,0.49311241163772557,0.3106869147568271
248,248.0,248.20000251315287,0.19566819808849256,0.49669396035121216,0.30763784156029544
249,249.0,249.20000846526034,0.19516708669180557,0.49994340844606733,0.3048895048621273
250,250.0,250.20001373750446,0.19389569538829063,0.5019680984522464,0.30413620615946313
251,251.0,251.20001834514912,0.19361605898671722,0.5016836323677905,0.3047003086454926
252,252.0,252.20002230857781,0.19270409619118464,0.5012633393738647,0.3060325644349509
253,253.0,253.20002565257786,0.19136787588633766,0.5006696788754065,0.307962445238256
254,254.0,254.20002840565212,0.19020871114512922,0.49936835695427917,0.3104229319005918
255,255.0,255.20003059936246,0.18891315094960273,0.4981556321607348,0.3129312168896627
256,256.0,256.2000322677081,0.1873561784783277,0.4969293998018466,0.31571442171982594
257,257.0,257.2000334465421,0.18640859635300627,0.4949062184340711,0.3186851852129229
258,258.0,258.2000341730273,0.18543815585784812,0.49269129515572774,0.3218705489864244
259,259.0,259.2000344851337,0.18424209155715127,0.4906437383665021,0.32511417007634685
260,260.0,260.20003442117815,0.1830933084258996,0.48860879235590343,0.3282978992181972
261,261.0,261.20003401940636,0.1817939947454213,0.48672433988567965,0.3314816653688992
262,262.0,262.2000333176177,0.1804003440855912,0.4849632996456191,0.33463635626878985
263,263.0,263.2000323528317,0.17893740695920202,0.48332198764299494,0.33774060539780315
264,264.0,264.20003116099605,0.17765484420359368,0.4812734419962859,0.3410717138001206
265,265.0,265.2000297767339,0.17639600320170784,0.47922095673010023,0.34438304006819204
266,266.0,266.2000282331307,0.17532069237524897,0.47731849764922185,0.3473608099755293
267,267.0,267.2000265615565,0.17447851879581208,0.4752265046986004,0.35029497650558766
268,268.0,268.2000247915242,0.17338299505561508,0.47361051240576774,0.35300649253861727
269,269.0,269.2000229505798,0.17233154800879907,0.47206481221470437,0.35560363977649667
270,270.0,270.2000210642241,0.17143041995055883,0.4730985995379608,0.3554709805114805
271,271.0,271.2000191558617,0.17058940184203222,0.4741528152782549,0.35525778287971305
272,272.0,272.20001724677695,0.16883279584809882,0.47674656580191743,0.35442063834998394
273,273.0,273.2000153561329,0.16670400570214275,0.4800599691127504,0.353236025185107
274,274.0,274.20001350099193,0.16436571534921146,0.4839121168074698,0.35172216784331894
275,275.0,275.20001169635515,0.16195528549434385,0.48806117193899945,0.349983542566657
276,276.0,276.20000995521843,0.15943603990229052,0.492361183518884,0.3482027765788257
277,277.0,277.20000828864323,0.1569623936068646,0.49676291029488373,0.34627469609825196
278,278.0,278.20000670583914,0.15408344583618175,0.5015816338344556,0.3443349203293629
279,279.0,279.2000052142571,0.1513780510694312,0.5063830633932112,0.3422388855373579
280,280.0,280.2000038196906,0.14880424182724816,0.5110003351115824,0.3401954230611696
281,281.0,281.20000252638386,0.14652229485805204,0.515051304619586,0.3384264005223621
282,282.0,282.20000133714393,0.14591227284825636,0.5172243385632558,0.3368633885884881
283,283.0,283.2000002534566,0.145486236510125,0.5191451313434704,0.3353686321464048
284,284.0,284.19999927560343,0.14517435930962613,0.5212057509805942,0.3336198897097798
285,285.0,285.1999984027795,0.14489494817834514,0.5231882477069231,0.3319168041147319
286,286.0,286.1999976332102,0.1448038967813245,0.5248946878314836,0.330301415387192
287,287.0,287.1999969642658,0.14470375374889932,0.5265581070994896,0.3287381391516112
288,288.0,288.1999963925731,0.14463465509234433,0.5280807349542075,0.3272846099534484
289,289.0,289.19999591412403,0.14449128376016043,0.5294695983452427,0.32603911789459705
290,290.0,290.19999552437855,0.1443477657873252,0.5306844048073273,0.3249678294053477
291,291.0,291.1999952183639,0.144130709812349,0.5313226420341159,0.3245466481535352
292,292.0,292.199994990767,0.1438565239877137,0.5319275350215059,0.3242159409907806
293,293.0,293.19999483602214,0.1439670393125279,0.5320662038419314,0.3239667568455409
294,294.0,294.1999947483916,0.14403530661796404,0.532179258924538,0.3237854344574981
295,295.0,295.1999947220401,0.14362197115076614,0.5327242691211334,0.3236537597281006
296,296.0,296.1999947511034,0.14316216199363607,0.533250410108779,0.32358742789758493
297,297.0,297.19999482974936,0.1427397863292513,0.5337271434557691,0.3235330702149796
298,298.0,298.1999949522332,0.14234739692467233,0.5337509644337229,0.32390163864160487
299,299.0,299.19999511294634,0.14201469339033493,0.533740222281724,0.3242450843279413
300,300.0,300.19999530645873,0.14165834685262096,0.5337694707627776,0.3245721823846017
301,301.0,301.19999552755525,0.14133926269222286,0.5337383092526589,0.3249224280551186
302,302.0,302.1999957712666,0.14140419300695822,0.5333376203943263,0.3252581865987158
303,303.0,303.1999960328941,0.14148056390239047,0.5328734234284577,0.3256460126691522
304,304.0,304.19999630803,0.1409847706669033,0.5329563122741776,0.32605891705891943
305,305.0,305.1999965925719,0.14050592768983194,0.5329875474838262,0.32650652482634224
306,306.0,306.19999688273396,0.13994373323111675,0.5330475708935186,0.32700869587536485
307,307.0,307.19999717505243,0.13938526670968507,0.5330674176575622,0.32754731563275297
308,308.0,308.19999746638854,0.13882777304379118,0.5330869654201033,0.3280852615361058
309,309.0,309.1999977539272,0.13829190233114128,0.5328407919975277,0.3288673056713312
310,310.0,310.1999980351727,0.13779047755531035,0.5325496248443735,0.32965989760031633
311,311.0,311.19999830794194,0.1373111406788034,0.5322266001422744,0.3304622591789224
312,312.0,312.19999857035486,0.13686048411679125,0.5318684582737508,0.3312710576094581
313,313.0,313.19999882082294,0.13675494991716833,0.5314090600795928,0.33183599000323905
314,314.0,314.199999058036,0.13658481379119847,0.5310793666537378,0.33233581955506386
315,315.0,315.19999928094734,0.13634138958560965,0.5304791268388405,0.33317948357554994
316,316.0,316.19999948875807,0.13605181267066083,0.5300286706124238,0.3339195167169155
317,317.0,317.1999996809002,0.135611506382333,0.5297345439005536,0.33465394971711343
318,318.0,318.19999985701907,0.13481931083601703,0.5298433494131357,0.33533733975084734
319,319.0,319.20000001695587,0.13436456544737876,0.5295312146131078,0.33610421993951345
320,320.0,320.2000001607294,0.13386010332798226,0.5293307991956938,0.3368090974763239
321,321.0,321.2000002885183,0.13332542381945572,0.5292121485437005,0.3374624276368438
322,322.0,322.20000040064315,0.13276634179967206,0.5292258367029167,0.33800782149741115
323,323.0,323.20000049754907,0.1325057896342504,0.5290391489166985,0.33845506144905113
324,324.0,324.20000057978893,0.13214164784575855,0.5289888426851438,0.33886950946909755
325,325.0,325.2000006480069,0.13173816774575436,0.5287307718863458,0.33953106036789976
326,326.0,326.20000070292303,0.1315932903558863,0.5282788595551922,0.34012785008892144
327,327.0,327.2000007453182,0.13142655509933113,0.5279612140469166,0.3406122308537522
328,328.0,328.2000007760208,0.13127006585344433,0.5277473267297368,0.3409826074168189
329,329.0,329.2000007958929,0.13111270654530402,0.5273374822672563,0.3415498111874397
330,330.0,330.20000080581883,0.13096570270076394,0.5269599610227075,0.34207433627652867
331,331.0,331.20000080669405,0.13083661605763175,0.5266723785726072,0.3424910053697611
332,332.0,332.20000079941474,0.13071898727465173,0.5264103043943077,0.3428707083310406
333,333.0,333.20000078486925,0.13193554136282257,0.5288541167709717,0.3392103418662058
334,334.0,334.2000007639296,0.13313879103324,0.5313913204734743,0.33546988849328596
335,335.0,335.2000007374446,0.13433450955287776,0.5340747296917824,0.33159076075534016
336,336.0,336.2000007062337,0.135513780122458,0.5367215373089396,0.32776468256860264
337,337.0,337.2000006710815,0.1363800514003531,0.5395844293455947,0.3240355192540524
338,338.0,338.2000006327337,0.13754219988127261,0.5450309109712267,0.3174268891475009
339,339.0,339.2000005918934,0.13866636329888046,0.5503371380025183,0.3109964986986015
340,340.0,340.20000054921815,0.13980477344793232,0.5551859002539775,0.3050093262980904
341,341.0,341.20000050531826,0.14083545193857874,0.5599159424034723,0.29924860565794925
342,342.0,342.2000004607552,0.14203023560430075,0.5642297069940456,0.293740057401654
343,343.0,343.20000041604084,0.1451040327658275,0.5663472366866877,0.288548730547485
344,344.0,344.20000037163754,0.14807592428773184,0.5682460118636272,0.2836780638486412
345,345.0,345.2000003279582,0.15066353136523727,0.5701473095338793,0.2791891591008836
346,346.0,346.20000028536725,0.1530834279020098,0.571889902246752,0.27502666985123836
347,347.0,347.20000024418175,0.15409170819046247,0.5716169882483954,0.2742913035611422
348,348.0,348.2000002046729,0.1544055327975998,0.5727101501138447,0.2728843170885555
349,349.0,349.20000016706825,0.15459422640203477,0.5733403386422753,0.2720654349556899
350,350.0,350.20000013155334,0.15465634170755205,0.5737833509353931,0.2715603073570548
351,351.0,351.2000000982744,0.15492474618427077,0.5738090858593387,0.2712661679563906
352,352.0,352.2000000673406,0.15503806149000524,0.5737477243961384,0.2712142141138564
353,353.0,353.20000003882683,0.15467627923441674,0.5744003965706236,0.2709233241949598
354,354.0,354.2000000127762,0.15432410180801603,0.574707641898087,0.27096825629389715
355,355.0,355.19999998920275,0.15351961986733295,0.5756969066042015,0.27078347352846577
356,356.0,356.1999999680947,0.15373579151994324,0.5758666898921719,0.27039751858788486
357,357.0,357.19999994941645,0.15391186447237756,0.575877487206622,0.27021064832100045
358,358.0,358.1999999331119,0.15403298289097667,0.5758927737299049,0.27007424337911856
359,359.0,359.1999999191067,0.1541002916871706,0.5758180429074704,0.27008166540535916
360,360.0,360.1999999073109,0.15411959288417187,0.5756513593273823,0.27022904778844603
361,361.0,361.1999998976216,0.1542904540118293,0.5751810881993962,0.27052845778877477
362,362.0,362.19999988992504,0.15438347895330695,0.5747153480083764,0.27090117303831696
363,363.0,363.1999998840989,0.15443410583008965,0.5754503219840915,0.27011557218581905
364,364.0,364.19999988001433,0.15527829834128148,0.5754387736316967,0.2692829280270221
365,365.0,365.1999998775381,0.15670720229630739,0.5749487117268531,0.2683440859768397
366,366.0,366.1999998765341,0.15809054027771055,0.5744337033314396,0.2674757563908501
367,367.0,367.19999987686515,0.15941020807035802,0.5736643753266756,0.2669254166029667
368,368.0,368.19999987839446,0.16062999152654223,0.5729489305441774,0.2664210779292807
369,369.0,369.1999998809869,0.16178274430641526,0.5722262157339002,0.2659910399596849
370,370.0,370.20999988451024,0.16289012500065692,0.5714512189450297,0.2656586560543137
371,371.0,371.21989988883615,0.1639328000736854,0.570779324900239,0.265287875026076
372,372.0,372.2296108938411,0.16489687930918764,0.5701216789067084,0.26498144178410443
373,373.0,373.2390546894071,0.16553940269586526,0.5692972293682891,0.2651633679358462
374,374.0,374.2481635585225,0.16606065236659381,0.5685408169975913,0.26539853063581537
375,375.0,375.2568799051411,0.1664628814543707,0.5678648212696066,0.26567229727602315
376,376.0,376.2651558180464,0.1667907465319386,0.5672324694683974,0.26597678399966435
377,377.0,377.2729525814808,0.16699944104603087,0.5667363513816824,0.266264207572287
378,378.0,378.2802401427569,0.1671690439123838,0.5662550113563636,0.26657594473125285
379,379.0,379.28699654647784,0.16755175393601596,0.5653783756659627,0.2670698703980215
380,380.0,380.2932073443619,0.16786835457784532,0.5645335767160717,0.26759806870608316
381,381.0,381.2988649890139,0.16812246037468093,0.5637583889768356,0.26811915064848374
382,382.0,382.30396821931066,0.16832328898066828,0.5630429743597417,0.2686337366595902
383,383.0,383.30852144438455,0.1687564948660301,0.5620547330634827,0.26918877207048736
384,384.0,384.3125341325072,0.16914179085267092,0.5611243084298074,0.2697339007175218
385,385.0,385.3160202104925,0.16954881819719445,0.5601548628726445,0.27029631893016115
386,386.0,386.31899747857443,0.169909500586429,0.5592503170894491,0.270840182324122
387,387.0,387.3214870450624,0.17022486569201115,0.5584132265606563,0.2713619077473326
388,388.0,388.3235127844509,0.17049466614134895,0.5574111518803249,0.27209418197832613
389,389.0,389.3251008220561,0.1706703701623249,0.5563114190378606,0.27301821079981436
390,390.0,390.32627904768015,0.1708062981819092,0.5552876575096868,0.2739060443084039
391,391.0,391.327076660265,0.17115369843622832,0.5540781621961615,0.27476813936760996
392,392.0,392.32752374498875,0.1715133202790824,0.5525428173048987,0.2759438624160186
393,393.0,393.3276508837902,0.17178615937214087,0.5509428895223689,0.27727095110548994
394,394.0,394.32748879987366,0.17218022131829194,0.5494594218496978,0.2783603568320101
395,395.0,395.32706803635006,0.17377304955185222,0.546132528653941,0.2800944217942066
396,396.0,396.3264186688153,0.1744481431984905,0.5441117099446621,0.28144014685684726
397,397.0,397.32557005134584,0.17508464706648022,0.5425921723158211,0.28232318061769845
398,398.0,398.3245505951099,0.17366940317314808,0.5432073704634456,0.2831232263634062
399,399.0,399.3333875785464,0.17187610950217774,0.5445490886253063,0.28357480187251594
400,400.0,400.3420069878539,0.16982339439302988,0.5467091954063793,0.28346741020059074
401,401.0,401.35034438635205,0.16783214926533185,0.5488522691875515,0.2833155815471166
402,402.0,402.3583446011369,0.16569161069683572,0.5513846615583569,0.28292372774480745
403,403.0,403.3659613484318,0.16457943684165316,0.5531693602362637,0.2822512029220831
404,404.0,404.37315680751294,0.1633176439076171,0.5552450639912986,0.2814372921010843
405,405.0,405.37990115261084,0.16193534230129145,0.5575596194241912,0.28050503827451745
406,406.0,406.3861720516728,0.1606205366989935,0.5598295746910397,0.2795498886099669
407,407.0,407.3919541403119,0.15974957031348336,0.5617881755590947,0.27846225412742204
408,408.0,408.397238478684,0.15889988249381318,0.5635911637100757,0.2775089537961113
409,409.0,409.402021998432,0.1586768818964529,0.5639776412917581,0.2773454768117892
410,410.0,410.4063069462209,0.1585359783047065,0.5646519151859494,0.27681210650934435
411,411.0,411.41010032976874,0.15838742810064105,0.5654334418594404,0.2761791300399188
412,412.0,412.4134133716641,0.15829978053187002,0.5661300532214162,0.2755701662467141
413,413.0,413.41626097565324,0.15828448847721835,0.5668432746894084,0.2748722368333736
414,414.0,414.4186612094869,0.16109724708359843,0.5641409797048021,0.2747617732115999
415,415.0,415.42063480784236,0.16399122626294582,0.5612635377344981,0.2747452360025565
416,416.0,416.42220469828385,0.166889787800507,0.5589161007730234,0.27419411142647004
417,417.0,417.42339555269837,0.16974309446877192,0.5566831426546546,0.2735737628765739
418,418.0,418.42423336614445,0.17247447319845668,0.554603822307653,0.2729217044938908
419,419.0,419.42474506458444,0.17522797081040536,0.5524357084087008,0.2723363207808943
420,420.0,420.4249581425346,0.1778924330594082,0.5499199976555537,0.2721875692850387
421,421.0,421.4249003312644,0.18040282408162378,0.5472016981541172,0.2723954777642595
422,422.0,422.4245992978086,0.1827499054517874,0.5447105294037414,0.27253956514447164
423,423.0,423.42408237472034,0.18488897749110447,0.5425234212727215,0.27258760123617454
424,424.0,424.42337632019365,0.18689948994587088,0.5398914042914884,0.2732091057626411
425,425.0,425.42250710791774,0.18872446959872202,0.5378736447431691,0.2734018856581092
426,426.0,426.4214997457902,0.19034199078018402,0.5364713081664052,0.2731867010534111
427,427.0,427.4203781224175,0.19177700641554188,0.5355991233982687,0.27262387018618967
428,428.0,428.41916488015795,0.19304492454863267,0.5347260415895888,0.27222903386177866
429,429.0,429.41788131332277,0.1946017667720344,0.5334502724272636,0.2719479608007021
430,430.0,430.4165472900379,0.19600395078771338,0.5323094489081815,0.2716866003041052
431,431.0,431.4151811961811,0.19725292057628513,0.5310073670561503,0.27173971236756467
432,432.0,432.41379989974814,0.19835150786257466,0.5298378794053379,0.2718106127320875
433,433.0,433.4124187339611,0.19926047498065724,0.5288860014987109,0.27185352352063197
434,434.0,434.4110514974131,0.20002025195378928,0.5279439220041713,0.2720358260420396
435,435.0,435.40971046954576,0.20063778654400805,0.5270148531172858,0.2723473603387063
436,436.0,436.4084064397697,0.20112827050084553,0.5262067844661579,0.27266494503299676
437,437.0,437.40714874857355,0.20147421669174964,0.5255869610815391,0.2729388222267114
438,438.0,438.4059453390113,0.2021407133834297,0.5243458848068564,0.27351340180971406
439,439.0,439.40480281701514,0.20262182334216064,0.5232990627162275,0.2740791139416121
440,440.0,440.40372651904846,0.20320440822034622,0.5219601377734993,0.2748354540061548
441,441.0,441.4027205856879,0.20363219696327722,0.5206023049412728,0.27576549809545026
442,442.0,442.4017880398066,0.20396409916304992,0.519318620417402,0.2767172804195484
443,443.0,443.4009308681153,0.20171081579363492,0.5173191076683277,0.2809700765380377
444,444.0,444.40015010491203,0.19928273945581346,0.5156186350128401,0.2850986255313467
445,445.0,445.39944591697997,0.1967747901366485,0.5141964389129028,0.28902877095044893
446,446.0,446.3988176886713,0.19398518823470978,0.5120663373515756,0.29394847441371486
447,447.0,447.3982641063068,0.1910781761723085,0.5094037204538457,0.2995181033738461
448,448.0,448.3977832411157,0.18790083487312292,0.5066667612779415,0.30543240384893594
449,449.0,449.3973726300325,0.18579327172617707,0.5036769729669909,0.31052975530683247
450,450.0,450.3970293537574,0.18470067300822304,0.5007523757445627,0.3145469512472147
451,451.0,451.39675011157215,0.18335733304397484,0.4978034731601695,0.31883919379585607
452,452.0,452.3965312924897,0.18178865501137945,0.4942039006599861,0.3240074443286349
453,453.0,453.3963690423907,0.18004027820296428,0.4908370929841159,0.3291226288129202
454,454.0,454.3962593268776,0.17834412617755963,0.48770296161200904,0.3339529122104317
455,455.0,455.3961979896471,0.17653897063794133,0.484137141212811,0.3393238881492481
456,456.0,456.3961808062431,0.17457115418572927,0.4809109497154727,0.3445178960987984
457,457.0,457.3962035331171,0.17277212229111683,0.4777648451485686,0.349463032560315
458,458.0,458.3962619519725,0.1709454940926235,0.4749179063396985,0.3541365995676784
459,459.0,459.39635190942266,0.16915007450750488,0.47204827515020614,0.3588016503422894
