,Unnamed: 0,Total_iterations,Intertwine_two,Invert_path_vertices,Insert_inside_vertex,Delete_inside_vertex,Replace_inside_vertex,Donate_between_routes,Trim_one_terminal_cb,Grow_one_terminal_cb
0,0.0,0.0,0.125,0.125,0.125,0.125,0.125,0.125,0.125,0.125
1,1.0,1.0,0.125,0.125,0.125,0.125,0.125,0.125,0.125,0.125
2,2.0,2.0,0.125,0.125,0.125,0.125,0.125,0.125,0.125,0.125
3,3.0,3.0,0.125,0.125,0.125,0.125,0.125,0.125,0.125,0.125
4,4.0,4.0,0.125,0.125,0.125,0.125,0.125,0.125,0.125,0.125
5,5.0,5.0,0.125,0.125,0.125,0.125,0.125,0.125,0.125,0.125
6,6.0,6.0,0.125,0.125,0.125,0.125,0.125,0.125,0.125,0.125
7,7.0,7.0,0.125,0.125,0.125,0.125,0.125,0.125,0.125,0.125
8,8.0,8.0,0.125,0.125,0.125,0.125,0.125,0.125,0.125,0.125
9,9.0,9.0,0.125,0.125,0.125,0.125,0.125,0.125,0.125,0.125
10,10.0,10.0,0.125,0.125,0.125,0.125,0.125,0.125,0.125,0.125
11,11.0,11.0,0.125,0.125,0.125,0.125,0.125,0.125,0.125,0.125
12,12.0,12.0,0.125,0.125,0.125,0.125,0.125,0.125,0.125,0.125
13,13.0,13.0,0.125,0.125,0.125,0.125,0.125,0.125,0.125,0.125
14,14.0,14.0,0.125,0.125,0.125,0.125,0.125,0.125,0.125,0.125
15,15.0,15.0,0.125,0.125,0.125,0.125,0.125,0.125,0.125,0.125
16,16.0,16.0,0.125,0.125,0.125,0.125,0.125,0.125,0.125,0.125
17,17.0,17.0,0.125,0.125,0.125,0.125,0.125,0.125,0.125,0.125
18,18.0,18.0,0.125,0.125,0.125,0.125,0.125,0.125,0.125,0.125
19,19.0,19.0,0.125,0.125,0.125,0.125,0.125,0.125,0.125,0.125
20,20.0,20.0,0.125,0.125,0.125,0.125,0.125,0.125,0.125,0.125
21,21.0,21.0,0.125,0.125,0.125,0.125,0.125,0.125,0.125,0.125
22,22.0,22.0,0.125,0.125,0.125,0.125,0.125,0.125,0.125,0.125
23,23.0,23.0,0.125,0.125,0.125,0.125,0.125,0.125,0.125,0.125
24,24.0,24.0,0.125,0.125,0.125,0.125,0.125,0.125,0.125,0.125
25,25.0,25.0,0.125,0.125,0.125,0.125,0.125,0.125,0.125,0.125
26,26.0,26.0,0.125,0.125,0.125,0.125,0.125,0.125,0.125,0.125
27,27.0,27.0,0.125,0.125,0.125,0.125,0.125,0.125,0.125,0.125
28,28.0,28.0,0.125,0.125,0.125,0.125,0.125,0.125,0.125,0.125
29,29.0,29.0,0.125,0.125,0.125,0.125,0.125,0.125,0.125,0.125
30,30.0,30.0,0.125,0.125,0.125,0.125,0.125,0.125,0.125,0.125
31,31.0,31.0,0.125,0.125,0.125,0.125,0.125,0.125,0.125,0.125
32,32.0,32.0,0.125,0.125,0.125,0.125,0.125,0.125,0.125,0.125
33,33.0,33.0,0.125,0.125,0.125,0.125,0.125,0.125,0.125,0.125
34,34.0,34.0,0.125,0.125,0.125,0.125,0.125,0.125,0.125,0.125
35,35.0,35.0,0.125,0.125,0.125,0.125,0.125,0.125,0.125,0.125
36,36.0,36.0,0.125,0.125,0.125,0.125,0.125,0.125,0.125,0.125
37,37.0,37.0,0.125,0.125,0.125,0.125,0.125,0.125,0.125,0.125
38,38.0,38.0,0.125,0.125,0.125,0.125,0.125,0.125,0.125,0.125
39,39.0,39.0,0.125,0.125,0.125,0.125,0.125,0.125,0.125,0.125
40,40.0,40.0,0.125,0.125,0.125,0.125,0.125,0.125,0.125,0.125
41,41.0,41.0,0.125,0.125,0.125,0.125,0.125,0.125,0.125,0.125
42,42.0,42.0,0.125,0.125,0.125,0.125,0.125,0.125,0.125,0.125
43,43.0,43.0,0.125,0.125,0.125,0.125,0.125,0.125,0.125,0.125
44,44.0,44.0,0.125,0.125,0.125,0.125,0.125,0.125,0.125,0.125
45,45.0,45.0,0.125,0.125,0.125,0.125,0.125,0.125,0.125,0.125
46,46.0,46.0,0.125,0.125,0.125,0.125,0.125,0.125,0.125,0.125
47,47.0,47.0,0.125,0.125,0.125,0.125,0.125,0.125,0.125,0.125
48,48.0,48.0,0.125,0.125,0.125,0.125,0.125,0.125,0.125,0.125
49,49.0,49.0,0.125,0.125,0.125,0.125,0.125,0.125,0.125,0.125
50,50.0,50.0,0.125,0.125,0.125,0.125,0.125,0.125,0.125,0.125
51,51.0,51.0,0.125,0.125,0.125,0.125,0.125,0.125,0.125,0.125
52,52.0,52.0,0.125,0.125,0.125,0.125,0.125,0.125,0.125,0.125
53,53.0,53.0,0.125,0.125,0.125,0.125,0.125,0.125,0.125,0.125
54,54.0,54.0,0.125,0.125,0.125,0.125,0.125,0.125,0.125,0.125
55,55.0,55.0,0.125,0.125,0.125,0.125,0.125,0.125,0.125,0.125
56,56.0,56.0,0.125,0.125,0.125,0.125,0.125,0.125,0.125,0.125
57,57.0,57.0,0.125,0.125,0.125,0.125,0.125,0.125,0.125,0.125
58,58.0,58.0,0.125,0.125,0.125,0.125,0.125,0.125,0.125,0.125
59,59.0,59.0,0.125,0.125,0.125,0.125,0.125,0.125,0.125,0.125
60,60.0,60.0,0.125,0.125,0.125,0.125,0.125,0.125,0.125,0.125
61,61.0,61.0,0.125,0.125,0.125,0.125,0.125,0.125,0.125,0.125
62,62.0,62.0,0.125,0.125,0.125,0.125,0.125,0.125,0.125,0.125
63,63.0,63.0,0.125,0.125,0.125,0.125,0.125,0.125,0.125,0.125
64,64.0,64.0,0.125,0.125,0.125,0.125,0.125,0.125,0.125,0.125
65,65.0,65.0,0.125,0.125,0.125,0.125,0.125,0.125,0.125,0.125
66,66.0,66.0,0.125,0.125,0.125,0.125,0.125,0.125,0.125,0.125
67,67.0,67.0,0.125,0.125,0.125,0.125,0.125,0.125,0.125,0.125
68,68.0,68.0,0.125,0.125,0.125,0.125,0.125,0.125,0.125,0.125
69,69.0,69.0,0.125,0.125,0.125,0.125,0.125,0.125,0.125,0.125
70,70.0,70.0,0.125,0.125,0.125,0.125,0.125,0.125,0.125,0.125
71,71.0,71.0,0.125,0.125,0.125,0.125,0.125,0.125,0.125,0.125
72,72.0,72.0,0.125,0.125,0.125,0.125,0.125,0.125,0.125,0.125
73,73.0,73.0,0.125,0.125,0.125,0.125,0.125,0.125,0.125,0.125
74,74.0,74.0,0.125,0.125,0.125,0.125,0.125,0.125,0.125,0.125
75,75.0,75.0,0.125,0.125,0.125,0.125,0.125,0.125,0.125,0.125
76,76.0,76.0,0.125,0.125,0.125,0.125,0.125,0.125,0.125,0.125
77,77.0,77.0,0.125,0.125,0.125,0.125,0.125,0.125,0.125,0.125
78,78.0,78.0,0.125,0.125,0.125,0.125,0.125,0.125,0.125,0.125
79,79.0,79.0,0.125,0.125,0.125,0.125,0.125,0.125,0.125,0.125
80,80.0,80.0,0.125,0.125,0.125,0.125,0.125,0.125,0.125,0.125
81,81.0,81.0,0.125,0.125,0.125,0.125,0.125,0.125,0.125,0.125
82,82.0,82.0,0.125,0.125,0.125,0.125,0.125,0.125,0.125,0.125
83,83.0,83.1,0.125,0.125,0.125,0.125,0.125,0.125,0.125,0.125
84,84.0,84.1,0.125,0.125,0.125,0.125,0.125,0.125,0.125,0.125
85,85.0,85.1,0.125,0.125,0.125,0.125,0.125,0.125,0.125,0.125
86,86.0,86.1,0.125,0.125,0.125,0.125,0.125,0.125,0.125,0.125
87,87.0,87.1,0.125,0.125,0.125,0.125,0.125,0.125,0.125,0.125
88,88.0,88.1,0.125,0.125,0.125,0.125,0.125,0.125,0.125,0.125
89,89.0,89.1,0.125,0.125,0.125,0.125,0.125,0.125,0.125,0.125
90,90.0,90.1,0.125,0.125,0.125,0.125,0.125,0.125,0.125,0.125
91,91.0,91.1,0.125,0.125,0.125,0.125,0.125,0.125,0.125,0.125
92,92.0,92.1,0.125,0.125,0.125,0.125,0.125,0.125,0.125,0.125
93,93.0,93.1,0.125,0.125,0.125,0.125,0.125,0.125,0.125,0.125
94,94.0,94.1,0.125,0.125,0.125,0.125,0.125,0.125,0.125,0.125
95,95.0,95.2,0.125,0.125,0.125,0.125,0.125,0.125,0.125,0.125
96,96.0,96.2,0.125,0.125,0.125,0.125,0.125,0.125,0.125,0.125
97,97.0,97.2,0.125,0.125,0.125,0.125,0.125,0.125,0.125,0.125
98,98.0,98.2,0.125,0.125,0.125,0.125,0.125,0.125,0.125,0.125
99,99.0,99.2,0.125,0.125,0.125,0.125,0.125,0.125,0.125,0.125
100,100.0,100.3,0.125,0.125,0.125,0.125,0.125,0.125,0.125,0.125
101,101.0,101.3,0.125,0.125,0.125,0.125,0.125,0.125,0.125,0.125
102,102.0,102.3,0.125,0.125,0.125,0.125,0.125,0.125,0.125,0.125
103,103.0,103.3,0.125,0.125,0.125,0.125,0.125,0.125,0.125,0.125
104,104.0,104.3,0.125,0.125,0.125,0.125,0.125,0.125,0.125,0.125
105,105.0,105.3,0.125,0.125,0.125,0.125,0.125,0.125,0.125,0.125
106,106.0,106.3,0.125,0.125,0.125,0.125,0.125,0.125,0.125,0.125
107,107.0,107.3,0.125,0.125,0.125,0.125,0.125,0.125,0.125,0.125
108,108.0,108.3,0.125,0.125,0.125,0.125,0.125,0.125,0.125,0.125
109,109.0,109.3,0.125,0.125,0.125,0.125,0.125,0.125,0.125,0.125
110,110.0,110.3,0.125,0.125,0.125,0.125,0.125,0.125,0.125,0.125
111,111.0,111.3,0.125,0.125,0.125,0.125,0.125,0.125,0.125,0.125
112,112.0,112.3,0.125,0.125,0.125,0.125,0.125,0.125,0.125,0.125
113,113.0,113.3,0.125,0.125,0.125,0.125,0.125,0.125,0.125,0.125
114,114.0,114.3,0.125,0.125,0.125,0.125,0.125,0.125,0.125,0.125
115,115.0,115.3,0.125,0.125,0.125,0.125,0.125,0.125,0.125,0.125
116,116.0,116.3,0.125,0.125,0.125,0.125,0.125,0.125,0.125,0.125
117,117.0,117.3,0.125,0.125,0.125,0.125,0.125,0.125,0.125,0.125
118,118.0,118.3,0.125,0.125,0.125,0.125,0.125,0.125,0.125,0.125
119,119.0,119.3,0.125,0.125,0.125,0.125,0.125,0.125,0.125,0.125
120,120.0,120.3,0.125,0.125,0.125,0.125,0.125,0.125,0.125,0.125
121,121.0,121.3,0.125,0.125,0.125,0.125,0.125,0.125,0.125,0.125
122,122.0,122.3,0.125,0.125,0.125,0.125,0.125,0.125,0.125,0.125
123,123.0,123.3,0.125,0.125,0.125,0.125,0.125,0.125,0.125,0.125
124,124.0,124.3,0.125,0.125,0.125,0.125,0.125,0.125,0.125,0.125
125,125.0,125.3,0.125,0.125,0.125,0.125,0.125,0.125,0.125,0.125
126,126.0,126.3,0.125,0.125,0.125,0.125,0.125,0.125,0.125,0.125
127,127.0,127.3,0.125,0.125,0.125,0.125,0.125,0.125,0.125,0.125
128,128.0,128.3,0.125,0.125,0.125,0.125,0.125,0.125,0.125,0.125
129,129.0,129.3,0.125,0.125,0.125,0.125,0.125,0.125,0.125,0.125
130,130.0,130.3,0.125,0.125,0.125,0.125,0.125,0.125,0.125,0.125
131,131.0,131.3,0.125,0.125,0.125,0.125,0.125,0.125,0.125,0.125
132,132.0,132.3,0.125,0.125,0.125,0.125,0.125,0.125,0.125,0.125
133,133.0,133.3,0.125,0.125,0.125,0.125,0.125,0.125,0.125,0.125
134,134.0,134.3,0.125,0.125,0.125,0.125,0.125,0.125,0.125,0.125
135,135.0,135.3,0.125,0.125,0.125,0.125,0.125,0.125,0.125,0.125
136,136.0,136.3,0.125,0.125,0.125,0.125,0.125,0.125,0.125,0.125
137,137.0,137.3,0.125,0.125,0.125,0.125,0.125,0.125,0.125,0.125
138,138.0,138.3,0.125,0.125,0.125,0.125,0.125,0.125,0.125,0.125
139,139.0,139.3,0.125,0.125,0.125,0.125,0.125,0.125,0.125,0.125
140,140.0,140.3,0.125,0.125,0.125,0.125,0.125,0.125,0.125,0.125
141,141.0,141.3,0.125,0.125,0.125,0.125,0.125,0.125,0.125,0.125
142,142.0,142.3,0.125,0.125,0.125,0.125,0.125,0.125,0.125,0.125
143,143.0,143.3,0.125,0.125,0.125,0.125,0.125,0.125,0.125,0.125
144,144.0,144.3,0.125,0.125,0.125,0.125,0.125,0.125,0.125,0.125
145,145.0,145.3,0.125,0.125,0.125,0.125,0.125,0.125,0.125,0.125
146,146.0,146.3,0.125,0.125,0.125,0.125,0.125,0.125,0.125,0.125
147,147.0,147.3,0.125,0.125,0.125,0.125,0.125,0.125,0.125,0.125
148,148.0,148.3,0.125,0.125,0.125,0.125,0.125,0.125,0.125,0.125
149,149.0,149.3,0.125,0.125,0.125,0.125,0.125,0.125,0.125,0.125
150,150.0,150.3,0.125,0.125,0.125,0.125,0.125,0.125,0.125,0.125
151,151.0,151.3,0.125,0.125,0.125,0.125,0.125,0.125,0.125,0.125
152,152.0,152.3,0.125,0.125,0.125,0.125,0.125,0.125,0.125,0.125
153,153.0,153.3,0.125,0.125,0.125,0.125,0.125,0.125,0.125,0.125
154,154.0,154.3,0.125,0.125,0.125,0.125,0.125,0.125,0.125,0.125
155,155.0,155.3,0.125,0.125,0.125,0.125,0.125,0.125,0.125,0.125
156,156.0,156.3,0.125,0.125,0.125,0.125,0.125,0.125,0.125,0.125
157,157.0,157.3,0.125,0.125,0.125,0.125,0.125,0.125,0.125,0.125
158,158.0,158.3,0.125,0.125,0.125,0.125,0.125,0.125,0.125,0.125
159,159.0,159.3,0.125,0.125,0.125,0.125,0.125,0.125,0.125,0.125
160,160.0,160.3,0.125,0.125,0.125,0.125,0.125,0.125,0.125,0.125
161,161.0,161.3,0.125,0.125,0.125,0.125,0.125,0.125,0.125,0.125
162,162.0,162.3,0.125,0.125,0.125,0.125,0.125,0.125,0.125,0.125
163,163.0,163.3,0.125,0.125,0.125,0.125,0.125,0.125,0.125,0.125
164,164.0,164.3,0.125,0.125,0.125,0.125,0.125,0.125,0.125,0.125
165,165.0,165.3,0.125,0.125,0.125,0.125,0.125,0.125,0.125,0.125
166,166.0,166.3,0.125,0.125,0.125,0.125,0.125,0.125,0.125,0.125
167,167.0,167.3,0.125,0.125,0.125,0.125,0.125,0.125,0.125,0.125
168,168.0,168.3,0.125,0.125,0.125,0.125,0.125,0.125,0.125,0.125
169,169.0,169.3,0.125,0.125,0.125,0.125,0.125,0.125,0.125,0.125
170,170.0,170.3,0.125,0.125,0.125,0.125,0.125,0.125,0.125,0.125
171,171.0,171.3,0.125,0.125,0.125,0.125,0.125,0.125,0.125,0.125
172,172.0,172.3,0.125,0.125,0.125,0.125,0.125,0.125,0.125,0.125
173,173.0,173.3,0.125,0.125,0.125,0.125,0.125,0.125,0.125,0.125
174,174.0,174.3,0.125,0.125,0.125,0.125,0.125,0.125,0.125,0.125
175,175.0,175.3,0.125,0.125,0.125,0.125,0.125,0.125,0.125,0.125
176,176.0,176.3,0.125,0.125,0.125,0.125,0.125,0.125,0.125,0.125
177,177.0,177.3,0.125,0.125,0.125,0.125,0.125,0.125,0.125,0.125
178,178.0,178.3,0.125,0.125,0.125,0.125,0.125,0.125,0.125,0.125
179,179.0,179.3,0.125,0.125,0.125,0.125,0.125,0.125,0.125,0.125
180,180.0,180.3,0.125,0.125,0.125,0.125,0.125,0.125,0.125,0.125
181,181.0,181.3,0.125,0.125,0.125,0.125,0.125,0.125,0.125,0.125
182,182.0,182.3,0.125,0.125,0.125,0.125,0.125,0.125,0.125,0.125
183,183.0,183.3,0.125,0.125,0.125,0.125,0.125,0.125,0.125,0.125
184,184.0,184.3,0.125,0.125,0.125,0.125,0.125,0.125,0.125,0.125
185,185.0,185.3,0.125,0.125,0.125,0.125,0.125,0.125,0.125,0.125
186,186.0,186.3,0.125,0.125,0.125,0.125,0.125,0.125,0.125,0.125
187,187.0,187.3,0.125,0.125,0.125,0.125,0.125,0.125,0.125,0.125
188,188.0,188.3,0.125,0.125,0.125,0.125,0.125,0.125,0.125,0.125
189,189.0,189.3,0.125,0.125,0.125,0.125,0.125,0.125,0.125,0.125
190,190.0,190.3,0.125,0.125,0.125,0.125,0.125,0.125,0.125,0.125
191,191.0,191.3,0.125,0.125,0.125,0.125,0.125,0.125,0.125,0.125
192,192.0,192.3,0.125,0.125,0.125,0.125,0.125,0.125,0.125,0.125
193,193.0,193.3,0.125,0.125,0.125,0.125,0.125,0.125,0.125,0.125
194,194.0,194.3,0.125,0.125,0.125,0.125,0.125,0.125,0.125,0.125
195,195.0,195.3,0.125,0.125,0.125,0.125,0.125,0.125,0.125,0.125
196,196.0,196.3,0.125,0.125,0.125,0.125,0.125,0.125,0.125,0.125
197,197.0,197.3,0.125,0.125,0.125,0.125,0.125,0.125,0.125,0.125
198,198.0,198.3,0.125,0.125,0.125,0.125,0.125,0.125,0.125,0.125
199,199.0,199.3,0.12361111111111112,0.12361111111111112,0.12361111111111112,0.12361111111111112,0.12361111111111112,0.12361111111111112,0.13472222222222224,0.12361111111111112
200,200.0,200.3,0.11972222222222222,0.13083333333333333,0.11972222222222222,0.11972222222222222,0.11972222222222222,0.12972222222222224,0.13083333333333333,0.12972222222222224
201,201.0,201.3,0.11520202020202022,0.12631313131313132,0.11520202020202022,0.1242929292929293,0.1252020202020202,0.1242929292929293,0.13520202020202018,0.1342929292929293
202,202.0,202.3,0.1142929292929293,0.1254040404040404,0.1142929292929293,0.12338383838383837,0.13247474747474747,0.12338383838383837,0.13338383838383838,0.13338383838383838
203,203.0,203.3,0.1142929292929293,0.1254040404040404,0.1142929292929293,0.12338383838383837,0.13247474747474747,0.12338383838383837,0.13338383838383838,0.13338383838383838
204,204.0,204.3,0.11103535353535351,0.13103535353535353,0.12214646464646464,0.12845959595959594,0.1277020202020202,0.12012626262626261,0.12936868686868686,0.13012626262626265
205,205.0,205.3,0.10992424242424241,0.12992424242424244,0.11992424242424242,0.12734848484848485,0.12659090909090912,0.11901515151515149,0.13825757575757575,0.12901515151515153
206,206.0,206.3,0.10992424242424241,0.12992424242424244,0.11992424242424242,0.12734848484848485,0.12659090909090912,0.11901515151515149,0.13825757575757575,0.12901515151515153
207,207.0,207.3,0.11068181818181819,0.13068181818181818,0.12068181818181818,0.11977272727272728,0.11977272727272728,0.11977272727272728,0.14886363636363636,0.1297727272727273
208,208.0,208.3,0.10901515151515151,0.11901515151515149,0.11810606060606059,0.11810606060606059,0.12643939393939393,0.11810606060606059,0.1531060606060606,0.1381060606060606
209,209.0,209.3,0.10810606060606061,0.11810606060606059,0.11719696969696969,0.11719696969696969,0.12553030303030302,0.11719696969696969,0.16037878787878787,0.13628787878787876
210,210.0,210.3,0.10519230769230767,0.11519230769230768,0.12185897435897435,0.11352564102564103,0.12121794871794869,0.11352564102564103,0.17762820512820512,0.13185897435897434
211,211.0,211.3,0.10336080586080584,0.11336080586080585,0.12002747252747252,0.11105311355311354,0.11883699633699632,0.11874542124542123,0.17817765567765562,0.13643772893772893
212,212.0,212.3,0.09789682539682537,0.11503968253968253,0.1062301587301587,0.10503968253968252,0.13234126984126984,0.11218253968253966,0.19194444444444442,0.1393253968253968
213,213.0,213.3,0.09545385170385169,0.11746142746142745,0.10314615939615938,0.11121142746142745,0.1281995781995782,0.1092633755133755,0.200243228993229,0.13502095127095126
214,214.0,214.3,0.10206349206349205,0.11456349206349206,0.10087301587301586,0.10831349206349206,0.12537698412698411,0.11337301587301588,0.2037301587301587,0.1317063492063492
215,215.0,215.3,0.10078675409557761,0.11291910703675408,0.09959627790510142,0.1070367540955776,0.12373259910024614,0.11209627790510142,0.21431170953229772,0.12952052032934386
216,216.0,216.3,0.09922619047619044,0.11103174603174601,0.09755952380952379,0.10547619047619043,0.12089285714285714,0.11053571428571425,0.22140873015873014,0.13386904761904758
217,217.0,217.3,0.0985661457565482,0.10971165659246152,0.10278183203105802,0.09611516536439135,0.11994041476239618,0.10914037544842496,0.2312707012629613,0.1324737087817583
218,218.0,218.3,0.09613418444300796,0.10701653738418442,0.0999332040508511,0.0936832040508511,0.11530085110967463,0.10670841413488472,0.24454724197371255,0.1366763628528334
219,219.0,219.3,0.08962184873949577,0.10152661064425769,0.09305322128851538,0.08717086834733892,0.1149579831932773,0.10607843137254899,0.2730112044817926,0.13457983193277306
220,220.0,220.3,0.08769331975214326,0.10799635005517357,0.09079789491554195,0.0852423393599864,0.11125031830914182,0.10937866055513112,0.276268992445463,0.1313721246074187
221,221.0,221.3,0.08645982958053894,0.10614856475840453,0.08894520969749801,0.08993205180276118,0.10923440435740203,0.11246233584620309,0.27878509267239243,0.1280325112847996
222,222.0,222.3,0.08466624448822588,0.10797283985364477,0.08685922694436624,0.09414508865747254,0.10678346936860865,0.10931536729524342,0.2861075147762454,0.12415024861619287
223,223.0,223.3,0.0834929558745348,0.10613942052099945,0.08542278043593832,0.0923818447634237,0.10502684742158423,0.10735260499734182,0.2986496544391281,0.12153389154704941
224,224.0,224.3,0.08278389154704943,0.10513795853269534,0.07945055821371609,0.0962268740031898,0.10431778309409886,0.10622687400318978,0.30076953748006374,0.1250865231259968
225,225.0,225.3,0.0824162444882259,0.10977031147387181,0.07908291115489256,0.10174157988554274,0.0995824889764518,0.10985922694436626,0.2978283610094755,0.11971887606717328
226,226.0,226.3,0.08106670075710322,0.11287498019696159,0.07749527218567465,0.10395824333904827,0.09737983207023453,0.10674758849681447,0.30321504604786337,0.11726233690629972
227,227.0,227.3,0.08023105549421336,0.11737844027317708,0.07644317670633458,0.10207050259681835,0.09625178914652596,0.10493579519895309,0.30702224675908885,0.11566699382488854
228,228.0,228.3,0.08087698850856744,0.10508731035046823,0.07708910972068866,0.09689772216088002,0.0975436551752341,0.10528933055248843,0.3206105590316116,0.11660532450006131
229,229.0,229.3,0.08017898281056174,0.10869129895445681,0.07639110402268297,0.09593655856813749,0.0968456494772284,0.10418571681729574,0.3229744816586922,0.11479620769094452
230,230.0,230.3,0.07976190476190477,0.10761904761904761,0.0761904761904762,0.10047619047619046,0.09142857142857143,0.10428571428571429,0.3261904761904762,0.11404761904761904
231,231.0,231.3,0.07337251828631136,0.10021906254664872,0.06958463949843258,0.09752836244215551,0.08480108971488279,0.1005721003134796,0.3461990595611285,0.12772316763696073
232,232.0,232.3,0.07254436093641489,0.09858156960480796,0.06855885369003809,0.09984343867027523,0.08375648214853611,0.10349888367504553,0.3475636370126625,0.12565277426221952
233,233.0,233.3,0.07214910401941885,0.1023365103162704,0.06816359677304204,0.09425055329478116,0.08816359677304203,0.10310362675804949,0.3471683800956665,0.12466463196972939
234,234.0,234.3,0.08185300207039337,0.10174430641821944,0.06786749482401655,0.09377329192546582,0.0876863354037267,0.10257763975155276,0.3401293995859213,0.12436853002070389
235,235.0,235.3,0.07963005834744963,0.10478759646150945,0.06655364201016374,0.09229277244494634,0.08482053453792582,0.10964041031432332,0.33945840391492565,0.12281658196875585
236,236.0,236.3,0.07690610114523153,0.10502432350258432,0.06440610114523154,0.10158558832471873,0.08150983074896115,0.10220913144826187,0.3496972230667883,0.11866170061822232
237,237.0,237.3,0.07442644438051167,0.11332894295201448,0.06240080335487066,0.09779681475088205,0.07849246692479508,0.10271022184661731,0.35596886475427847,0.11487544103603006
238,238.0,238.3,0.07362298529593923,0.11582052648261085,0.06159734427029821,0.09683950951246344,0.07732668899964294,0.10077362632158024,0.36153913007045996,0.11248018904700485
239,239.0,239.3,0.07338583818379213,0.11510908514616953,0.061360197158151095,0.10045991225786619,0.07708954188749582,0.09615688195483589,0.3644804017617317,0.11195814164995747
240,240.0,240.3,0.07193326026062596,0.11294915357447322,0.06045706978443549,0.09874278407014977,0.07550468883205454,0.09435062720740468,0.37961977834612104,0.10644263792473507
241,241.0,241.3,0.07031553470194439,0.11033574437732649,0.059161688548098244,0.09996849668249261,0.07376381056401338,0.09224871646271236,0.38966737623431336,0.10453863242909893
242,242.0,242.3,0.06853703703703701,0.11133333333333331,0.05765740740740738,0.09679629629629624,0.07187037037037033,0.0900185185185185,0.40229629629629626,0.10149074074074071
243,243.0,243.3,0.06756049836888875,0.11005546498447247,0.05691624066580751,0.10095290921291249,0.07114862366108135,0.08064856138682555,0.4120020220640218,0.10071567965598985
244,244.0,244.3,0.0669834495806792,0.11230982586622063,0.05621603916823836,0.10569117795333498,0.0701084495806792,0.07931330439011659,0.40974504762582586,0.09963270583490502
245,245.0,245.3,0.06624726937149536,0.11035274722697323,0.0553649164303189,0.11078864466287067,0.06903893603816204,0.07787197799620399,0.40945384543217356,0.10088166284180214
246,246.0,246.3,0.0654748123476776,0.10825399963730135,0.054484932524780705,0.11553481022456354,0.07286408973695499,0.07644194609944134,0.4081728303322231,0.09877257909705725
247,247.0,247.3,0.06424818010381136,0.10879650731462065,0.05348429121492245,0.1160178175084918,0.07131023569527871,0.07774260742445818,0.40684967758210233,0.1015506831563144
248,248.0,248.3,0.06328413204728991,0.10673098149413937,0.052717943849522775,0.11653136629452418,0.06997725374041161,0.07634089010404796,0.4138702437912965,0.10054718867876758
249,249.0,249.3,0.062031382130561294,0.10429218865949368,0.051639225267816204,0.12036393041522994,0.0682435033426825,0.07444099713935552,0.41750249940058415,0.10148627364427631
250,250.0,250.3,0.06166975565331615,0.10296100380903905,0.05119356517712568,0.12121182409273823,0.06755620636735307,0.07352380640472057,0.4213237141244358,0.10056012437127107
251,251.0,251.3,0.0612465632850437,0.10208668362121773,0.053468785507265935,0.11938512295253596,0.06686031046550753,0.07280787769108019,0.4250992159777408,0.09904544049960781
252,252.0,252.3,0.06085172865107863,0.0974183447137484,0.05292380072315069,0.12677499610327866,0.06621319265591832,0.07213553883224245,0.42604153305278103,0.09764086526780145
253,253.0,253.3,0.06040625553783446,0.0960840864788233,0.05233608009923796,0.12769360269360266,0.06553783448520288,0.07114389509126348,0.4277565124933546,0.09904173312068047
254,254.0,254.3,0.06021300479580323,0.09576888451727986,0.05214282935720673,0.12692059972547773,0.06534458374317166,0.07076771751996397,0.427941375056266,0.10090100528483067
255,255.0,255.3,0.06042314310009407,0.09377809123725636,0.051954857000229025,0.1313374012557315,0.06548724566419663,0.0621396721850442,0.4346545544594546,0.1002250350979933
256,256.0,256.3,0.05955488435045821,0.09238899322732778,0.05134975614533001,0.1293998893079913,0.06433983058701737,0.06448673794322704,0.4394710259732766,0.09900888246537157
257,257.0,257.3,0.058692428244454184,0.09888572629180417,0.0505971901492161,0.12900547213735644,0.06321478596803141,0.06343809924012518,0.43854931309838874,0.09761698487062373
258,258.0,258.3,0.06087010659591302,0.09581378299120233,0.05039391611972255,0.1281557510589768,0.06276404598985243,0.06289391611972255,0.4398134571521668,0.09929502397244332
259,259.0,259.3,0.060660550395456925,0.09535122734664465,0.050239730904869995,0.12769539128618024,0.06255448978939632,0.06254429831813305,0.44200670991670366,0.09894760204261491
260,260.0,260.3,0.06027034649113196,0.09416092488210485,0.0499023811231666,0.12640633807976137,0.06198603276564176,0.061841625831225586,0.4473869784647523,0.09804537236221539
261,261.0,261.3,0.055178155826183815,0.0954410243363279,0.04945014400061101,0.12918048544605365,0.061487679635707636,0.06110306489912093,0.45116205235691487,0.09699739349908003
262,262.0,262.3,0.058762950054296346,0.09564713893294256,0.052358570120504655,0.12839943133926685,0.06296463072656526,0.06156105962694554,0.4598544117840559,0.08045180741542261
263,263.0,263.3,0.05799982381959122,0.09424713077620052,0.051513364542434284,0.12610288935870329,0.0665928974126648,0.060659820799355654,0.4636088039867109,0.07927526930433905
264,264.0,264.3,0.057551395393466966,0.09328471507179945,0.05098573882781041,0.12620350379941173,0.06602620560740761,0.06012025627115138,0.4673961343430652,0.07843205068588696
265,265.0,265.3,0.05699557248470288,0.09237638210464293,0.05040398089311129,0.12439990287816372,0.06511255734081818,0.05952638626551667,0.4687109800696757,0.08247423796336838
266,266.0,266.3,0.05649674571920708,0.09141936003068012,0.05002458706169373,0.12782379204512775,0.06450369491036681,0.05899562201655619,0.46899986323140697,0.08173633498496105
267,267.0,267.3,0.056026862420479405,0.09051756635799184,0.04966843361524209,0.1285399513803769,0.06393462132823832,0.06049383044063892,0.4697807444722337,0.08103798998479847
268,268.0,268.3,0.05573711909006024,0.09247362278244628,0.04948711909006023,0.12982200152788387,0.06370898056192173,0.06013307444189796,0.46810839487310074,0.0805296876326288
269,269.0,269.3,0.05557746047989946,0.09211659817147617,0.04938843608965556,0.12944170869780622,0.06361029756151705,0.05995897666019615,0.4696584445364934,0.08024807780295583
270,270.0,270.3,0.05588043338746486,0.08512133565485255,0.04964707047708333,0.13252691232358405,0.060880433387464884,0.06014425786721578,0.47564524004843933,0.08015431685389493
271,271.0,271.3,0.055170774467644144,0.08398882018670291,0.048894838462366245,0.13473795248746417,0.05974995497705722,0.059320666626156336,0.4790725876624598,0.07906440513014901
272,272.0,272.3,0.05644774861154167,0.08293703805772769,0.04836755007444659,0.13449418110625003,0.05919691515381167,0.05856521639280258,0.4796641174917037,0.08032723311171583
273,273.0,273.3,0.0560542287537361,0.08002479678834355,0.04789698424673791,0.1352007105627795,0.058703750196361,0.05796459936361411,0.4846929501633935,0.07946197992503408
274,274.0,274.3,0.060814613694059994,0.07932352044878764,0.04765166774928563,0.13310952448310506,0.05887560995774795,0.05757099997816291,0.48129901257326413,0.08135505111558643
275,275.0,275.3,0.0599768047821159,0.0784509961364909,0.04701826787627199,0.13131058739626658,0.057845959276718796,0.056953374836094285,0.48105702367941083,0.08738698601663042
276,276.0,276.3,0.05790054180246559,0.07766544460706508,0.046604408690294745,0.13558751186593573,0.057373985025908805,0.056479977664882455,0.4818767712589141,0.08651135908453327
277,277.0,277.3,0.0572542295325546,0.07703355529710205,0.04625200424461505,0.13463321526129401,0.05655373954635036,0.0559823313887353,0.48212854514578646,0.09016237958356181
278,278.0,278.3,0.05698460916688199,0.07637690442372294,0.04605687023914306,0.13257581392396617,0.056196730379003204,0.055518579688349036,0.48518958128099554,0.0911009108979378
279,279.0,279.3,0.05668298567879719,0.07570454348570235,0.04579446243733277,0.13136330489676626,0.060357825903135265,0.05499840038241941,0.4893166391082575,0.08578183810758899
280,280.0,280.3,0.056000511476723136,0.07304603702901988,0.04772827646535769,0.13192839328842534,0.06354948424308719,0.05430366828665114,0.48721001750091186,0.08623361170982337
281,281.0,281.3,0.05548715339757324,0.07268437388649919,0.04757795198115763,0.13189203709481354,0.06409143237331448,0.053950642186271915,0.4906675900731564,0.08364881900721333
282,282.0,282.3,0.05483923776029036,0.07195216966269594,0.04704984976037605,0.1320627024048076,0.06295441887547147,0.05337463608516239,0.49513186910555324,0.08263511634564265
283,283.0,283.3,0.054289781170485996,0.07146986401867231,0.04671815739196567,0.13141344414544207,0.06197709385779868,0.05299334054214881,0.49915709121845014,0.08198122765503593
284,284.0,284.3,0.0540583286769727,0.07115462221394421,0.04654839510771709,0.13093717017445825,0.06177810889675293,0.05277550133482332,0.5026372074253429,0.08011066616998816
285,285.0,285.3,0.05401655262228701,0.06883344399902218,0.04661224414624339,0.1260443902742305,0.06211065150585958,0.05554262194454571,0.5046856792007264,0.08215441630708488
286,286.0,286.3,0.05377925590087773,0.06847344299055323,0.04643344404628254,0.12686575150453702,0.061880988616609435,0.05525075083599147,0.5038809231449722,0.08343544296017612
287,287.0,287.3,0.05355114382692846,0.06556230909072372,0.046261877053502036,0.12619544137833272,0.06166015014131863,0.05496943845251738,0.5088208455407579,0.08297879451591886
288,288.0,288.3,0.053345369933607514,0.06527624792383828,0.04601844163256716,0.12783904129766635,0.06130485824681727,0.05453385928445155,0.5091815920791491,0.08250058960190246
289,289.0,289.3,0.05318804728577253,0.06506049330106278,0.045886720623237044,0.12740216316237224,0.06497298551138872,0.05429740072792864,0.5086217557186398,0.080570433669598
290,290.0,290.3,0.05278994217792097,0.06662154354848213,0.04568822649164646,0.12838227578075043,0.06401320769696114,0.05410842562525649,0.5100776633720914,0.07831871530689086
291,291.0,291.3,0.04701632367526877,0.06063775049163498,0.048261594797589055,0.1297321209188636,0.06658068311667739,0.05662310848518971,0.5063995041151136,0.08474891439966277
292,292.0,292.3,0.045450729697523055,0.0690227250594476,0.04666146624657589,0.12771906368890978,0.06581904985537901,0.05856332455087323,0.504980122565708,0.08178351833558316
293,293.0,293.3,0.044310312385727794,0.06667450332725247,0.04547560411705726,0.1263587392649513,0.06454894356396923,0.05716399932850861,0.516210209118302,0.07925768889423121
294,294.0,294.3,0.043787936202080865,0.06737603843776191,0.04491033213584872,0.12782515108066578,0.06340994268129466,0.05639332675837823,0.5180205568747024,0.07827671582926729
295,295.0,295.3,0.04286767143827243,0.06545390784728415,0.05233571821138076,0.12754330436173172,0.0624766724858164,0.055393273696142366,0.5176138996286221,0.0763155523307498
296,296.0,296.3,0.042659397540732856,0.06652414296419862,0.05213959967765895,0.12747761915435724,0.06225565308959045,0.05510750025877863,0.5162176875713207,0.07761839974336232
297,297.0,297.3,0.04250324598069113,0.06620647997147841,0.05506054302880824,0.1263051039097596,0.062064395336547784,0.05485342375069754,0.5157516982380546,0.07725510978396254
298,298.0,298.3,0.042352309152811865,0.0671810394361157,0.05485168699787034,0.12284504736532287,0.06187926463236939,0.054607321844038256,0.5193799291264531,0.07690340144501805
299,299.0,299.3,0.04218268848615854,0.06536302493035355,0.05463168584894901,0.12210734819039046,0.06157061904824886,0.05421583878316742,0.5234313854703423,0.07649740924238957
300,300.0,300.3,0.0382869364046113,0.06415673041474354,0.06149688370745617,0.1215075367439501,0.05870254251830923,0.05401310457374252,0.5262623872205412,0.07557387841664566
301,301.0,301.3,0.0365675782110136,0.06352608694856811,0.060930909447270365,0.12152981176352065,0.05773186037957723,0.05331164603767226,0.5317421121128354,0.07465999509954216
302,302.0,302.3,0.036448232538146566,0.06322823086226254,0.06073924381445195,0.12168073370705657,0.05756223394794437,0.053086109911318055,0.5329201527350198,0.07433506248380002
303,303.0,303.3,0.03634812707904058,0.06300099107170393,0.060584493546602794,0.12186582116727704,0.05742856112037849,0.05291351492950262,0.5338231579149624,0.07403533317053199
304,304.0,304.3,0.03618603464691404,0.0626803545456113,0.060379972709942144,0.12483969867781267,0.05715771308695585,0.05259694363658862,0.5325162209859028,0.07364306171027246
305,305.0,305.3,0.03602948927440057,0.06425706923733775,0.06018282209605329,0.12414676420093611,0.05689676514440769,0.0522922303785668,0.5329299194725587,0.07326494019573884
306,306.0,306.3,0.03583706593609674,0.06375753626633562,0.059898618249970004,0.12257052789689922,0.05658933603717049,0.05188704341464858,0.5367947386162683,0.0726651335826108
307,307.0,307.3,0.03704941883513308,0.05697984555127409,0.05472876330019184,0.12363366791938217,0.05769088054802336,0.061984999127856225,0.5330506001934574,0.07488182452468162
308,308.0,308.3,0.03689384352403148,0.056609875142158185,0.054537391935508994,0.12278642206865667,0.05742845875732785,0.06165597270114857,0.5342745097376876,0.0758135261334804
309,309.0,309.3,0.04584841681621055,0.05623019193031431,0.04526537564305309,0.12298546969890296,0.057267452055013233,0.061444947524659864,0.5355548000014034,0.07540334633044239
310,310.0,310.3,0.04571593136535663,0.055861096545004554,0.047089465876822174,0.12184773570405753,0.058260246990132006,0.06238903986605132,0.5358320591711396,0.07300442448143593
311,311.0,311.3,0.045547916251578655,0.056560075149684995,0.04802039374765353,0.12238874010591909,0.057977103704363486,0.06353439313898433,0.5334727292041486,0.07249864869766715
312,312.0,312.3,0.04706437533958245,0.05618650007046118,0.04773917011047988,0.12589228160966223,0.05774110847062719,0.05411370967677524,0.5391657260664937,0.07209712865591786
313,313.0,313.3,0.04536344982211751,0.05500254284945583,0.0466964981937023,0.12515272046017287,0.05671679844863573,0.05298582319513247,0.5479788656087309,0.07010330142205212
314,314.0,314.3,0.04391359038420214,0.05527533708911854,0.0457916113681842,0.13242171448115764,0.0558545373690682,0.0520355813464569,0.5462640201212502,0.06844360784056183
315,315.0,315.3,0.043738258707925,0.054855161129175246,0.045523331712664344,0.13282477058387068,0.05560269679202941,0.05168596920998332,0.5477801101549837,0.067989701709368
316,316.0,316.3,0.043598804149445294,0.05453897370274524,0.04527844911300606,0.13158712788768773,0.05537363561664327,0.05136197904247593,0.5506046597853859,0.06765637070261045
317,317.0,317.3,0.03578302871695925,0.05429117510584473,0.0450527388811263,0.13057606058865853,0.05518704901543642,0.05109512408084632,0.5605987860901075,0.06741603752102068
318,318.0,318.3,0.03565122384507686,0.05399067164100586,0.04482172987538548,0.13237782756906222,0.05497020260575218,0.050788405023914115,0.5615506637988432,0.06584927564095985
319,319.0,319.3,0.03496132100653849,0.053130172175627134,0.044087978676949274,0.13760444142940195,0.05421307599824632,0.04998092260502169,0.5615798516293904,0.06444223647882454
320,320.0,320.3,0.034329972838132036,0.053307772828482924,0.04337716594913323,0.13725927013741282,0.05351640853518432,0.04919827654870402,0.5659138870793864,0.06309724608356396
321,321.0,321.3,0.03379167754589035,0.05260122955752394,0.0427470384361394,0.1348603606783442,0.052899920641653185,0.048498137240068066,0.5653293134543378,0.06927232244604295
322,322.0,322.3,0.033313698066196704,0.051970618214171684,0.048129726172385784,0.1342825091117066,0.052435343156021344,0.047989545433344216,0.5639277541743744,0.06795080567179912
323,323.0,323.3,0.03286837993128426,0.051332399518254676,0.04733635807279367,0.13918204097184245,0.05198101896745455,0.047481316992299134,0.5631489514885057,0.0666695340575654
324,324.0,324.3,0.0324882076135967,0.050813645504747006,0.05195061241650256,0.13762245916868532,0.051603035414015085,0.048062891636947526,0.5618662142421982,0.06559293400330743
325,325.0,325.3,0.0321227616458831,0.050262623825541905,0.05604854953872812,0.13693764565062538,0.051239549015441886,0.04762646497417332,0.5600743738619686,0.06568803148763756
326,326.0,326.3,0.03201175527140524,0.049970168223591106,0.055916246663691695,0.13724998026246324,0.051119088828559166,0.04580653947427066,0.5625345756132168,0.06539164566280181
327,327.0,327.3,0.03190305416681944,0.049709812388205016,0.0557207356973764,0.13614244765245878,0.051935021411662105,0.0455636844153251,0.5639111619748438,0.0651140822933092
328,328.0,328.3,0.03177101207739388,0.05051375539934513,0.05551733530327942,0.13649396737165723,0.05173278224479896,0.04626622830745465,0.5619627830803646,0.0657421362157058
329,329.0,329.3,0.031404135683636945,0.049938303330204055,0.054366810516384825,0.135435496897487,0.05605943878720535,0.04733794944365385,0.5607930292977743,0.06466483604365339
330,330.0,330.3,0.03106204295453895,0.04939233078252177,0.05330791484966206,0.13335801518926998,0.05543427427804511,0.04685085085789159,0.5623880411756159,0.06820652991245438
331,331.0,331.3,0.03096273300070765,0.04911698615496081,0.053189602708590036,0.13366945618844353,0.05531664233562965,0.046680019699007,0.5620353153644293,0.06902924454823187
332,332.0,332.3,0.03086563944200068,0.050024014522265056,0.05307386958400897,0.13473836670177392,0.05520144788805788,0.044974274565529396,0.5611253634672244,0.06999702382913955
333,333.0,333.3,0.03074737805895549,0.04969998499285021,0.052890701039914355,0.13356222807167878,0.05501868494718741,0.0447404975622969,0.5637051065248218,0.06963541880229496
334,334.0,334.3,0.030631883808945225,0.04938319256858651,0.05271203392326843,0.13356344224224836,0.054840298289689414,0.04451213842185763,0.5650749447149528,0.06928206603045134
335,335.0,335.4,0.03051905823097396,0.049073391181591736,0.052537698930421484,0.13356545142102227,0.054666126058848616,0.044289003181725725,0.5664125926595154,0.06893667833590059
336,336.0,336.4,0.03040880759635951,0.04877034609397535,0.05236753538747585,0.13356817626823708,0.05449601457759815,0.04407090738556245,0.5677192305982457,0.0685989820925457
337,337.0,337.4,0.03030880539085768,0.04851264708434448,0.052216916233355615,0.13247595899093953,0.05434534336178274,0.04390425210669917,0.5699595976487467,0.06827647918327376
338,338.0,338.4,0.0302110687342546,0.04826059126286404,0.0520699008788247,0.13340827140324613,0.05560662871132717,0.043741483514760995,0.5687410325618212,0.06796102293290093
339,339.0,339.4,0.030833504280991037,0.04873309984076966,0.049526532074074064,0.1325654786999772,0.05163218054699943,0.04428576499120172,0.5665724580020721,0.07585098156391454
340,340.0,340.4,0.03075936875593861,0.04853119738681352,0.04943606130271545,0.13297113535702598,0.051565085184710466,0.04417327789284914,0.5668943849598299,0.07566948916011673
341,341.0,341.4,0.03068705147436119,0.04830145899518873,0.04935603883016813,0.13464554889575595,0.05148380949797239,0.043512319215302644,0.5665861133375365,0.07542765975371415
342,342.0,342.4,0.030616201269523143,0.048076203686168203,0.04927761534548545,0.13387168801982854,0.051404078257928795,0.04337335100460378,0.5681902979441198,0.07519056447234193
343,343.0,343.4,0.030568434964195007,0.047968413391486234,0.049226475541215474,0.13365579750923715,0.051329650144390074,0.04327104703672364,0.5688994854037883,0.0750806960089638
344,344.0,344.4,0.031117921429865202,0.048395937295499396,0.05688804815580695,0.13473129536250797,0.05186952625429271,0.043797183330254875,0.5611374704449279,0.07206261772684469
345,345.0,345.4,0.0307335379755182,0.04793489220930961,0.05414736292706869,0.13343520870198342,0.050628175688565244,0.04341133414968981,0.5691276281964381,0.07058186015142659
346,346.0,346.4,0.030347791535512564,0.04738341860794069,0.05284949362200455,0.13338299466050804,0.050175942439022694,0.04389322837433407,0.5675799491552926,0.07438718160538452
347,347.0,347.4,0.030007993210554928,0.04690913339333269,0.05170085354116917,0.13396239547140962,0.05062652000564777,0.04350334756899671,0.5654859612957017,0.07780379551318715
348,348.0,348.4,0.029943613921025913,0.04756234363132055,0.05160180403845379,0.13490362922062824,0.05049056560368594,0.0433479195826845,0.5645449443685547,0.07760517963364601
349,349.0,349.4,0.02986985501259958,0.04819187501587881,0.05150985486895419,0.13389596612343643,0.05035571953060832,0.04322614522266081,0.5656035783922844,0.07734700583357726
350,350.0,350.4,0.029824264856830245,0.04894943862046159,0.051447219635016826,0.13325645994923996,0.05028533806750259,0.043150611601454905,0.5658799519708146,0.07720671529867912
351,351.0,351.4,0.02979687640065747,0.04888817941506783,0.051430138332008345,0.1344196851230318,0.048925370691433115,0.04311320784891383,0.5663014085451347,0.07712513364375276
352,352.0,352.4,0.030308477759961833,0.04934937259405809,0.04249030808198639,0.1354687169026772,0.04938624070660773,0.04359783004013758,0.5690720294922318,0.08032702442233917
353,353.0,353.4,0.029966184532775414,0.04892321150262329,0.04793158529081721,0.13622905805942542,0.04899432236750797,0.04318779592081635,0.5672654310449519,0.07750241128108222
354,354.0,354.4,0.029643625795164885,0.04850889863662342,0.0470848426328565,0.13580280772774428,0.05363186055016689,0.042839360700293226,0.5667518783517033,0.07573672560544731
