,Unnamed: 0,Total_iterations,Intertwine_two,Invert_path_vertices,Insert_inside_vertex,Delete_inside_vertex,Replace_inside_vertex,Donate_between_routes,Trim_one_terminal_cb,Grow_one_terminal_cb
0,0.0,0.0,0.125,0.125,0.125,0.125,0.125,0.125,0.125,0.125
1,1.0,0.10900000000000001,0.125,0.125,0.125,0.125,0.125,0.125,0.125,0.125
2,2.0,0.31601,0.125,0.125,0.125,0.125,0.125,0.125,0.125,0.125
3,3.0,0.6191589000000001,0.125,0.125,0.125,0.125,0.125,0.125,0.125,0.125
4,4.0,1.015801321,0.125,0.125,0.125,0.125,0.125,0.125,0.125,0.125
5,5.0,1.50262148669,0.125,0.125,0.125,0.125,0.125,0.125,0.125,0.125
6,6.0,2.0757334209441005,0.125,0.125,0.125,0.125,0.125,0.125,0.125,0.125
7,7.0,2.7307768275633495,0.125,0.125,0.125,0.125,0.125,0.125,0.125,0.125
8,8.0,3.4630081252450404,0.125,0.125,0.125,0.125,0.125,0.125,0.125,0.125
9,9.0,4.2673862119061114,0.125,0.125,0.125,0.125,0.125,0.125,0.125,0.125
10,10.0,5.138652627782014,0.125,0.125,0.125,0.125,0.125,0.125,0.125,0.125
11,11.0,6.071405875792507,0.125,0.125,0.125,0.125,0.125,0.125,0.125,0.125
12,12.0,7.060169740244025,0.125,0.125,0.125,0.125,0.125,0.125,0.125,0.125
13,13.0,8.099455520847952,0.125,0.125,0.125,0.125,0.125,0.125,0.125,0.125
14,14.0,9.183818168183006,0.125,0.125,0.125,0.125,0.125,0.125,0.125,0.125
15,15.0,10.307906369102724,0.125,0.125,0.125,0.125,0.125,0.125,0.125,0.125
16,16.0,11.466506686239443,0.125,0.125,0.125,0.125,0.125,0.125,0.125,0.125
17,17.0,12.654581904800096,0.125,0.125,0.125,0.125,0.125,0.125,0.125,0.125
18,18.0,13.867303782456686,0.125,0.125,0.125,0.125,0.125,0.125,0.125,0.125
19,19.0,15.100080434523047,0.125,0.125,0.125,0.125,0.125,0.125,0.125,0.125
20,20.0,16.348578617037543,0.125,0.125,0.125,0.125,0.125,0.125,0.125,0.125
21,21.0,17.608741195130214,0.125,0.125,0.125,0.125,0.125,0.125,0.125,0.125
22,22.0,18.876800103462312,0.125,0.125,0.125,0.125,0.125,0.125,0.125,0.125
23,23.0,20.14928511992658,0.125,0.125,0.125,0.125,0.125,0.125,0.125,0.125
24,24.0,21.423028783545156,0.125,0.125,0.125,0.125,0.125,0.125,0.125,0.125
25,25.0,22.695167792966423,0.125,0.125,0.125,0.125,0.125,0.125,0.125,0.125
26,26.0,23.963141223515898,0.125,0.125,0.125,0.125,0.125,0.125,0.125,0.125
27,27.0,25.224685898775267,0.125,0.125,0.125,0.125,0.125,0.125,0.125,0.125
28,28.0,26.477829247520948,0.125,0.125,0.125,0.125,0.125,0.125,0.125,0.125
29,29.0,27.720879968916847,0.125,0.125,0.125,0.125,0.125,0.125,0.125,0.125
30,30.0,28.95241681848399,0.125,0.125,0.125,0.125,0.125,0.125,0.125,0.125
31,31.0,30.17127581490958,0.125,0.125,0.125,0.125,0.125,0.125,0.125,0.125
32,32.0,31.376536153543515,0.125,0.125,0.125,0.125,0.125,0.125,0.125,0.125
33,33.0,32.567505096778625,0.125,0.125,0.125,0.125,0.125,0.125,0.125,0.125
34,34.0,33.74370209472243,0.125,0.125,0.125,0.125,0.125,0.125,0.125,0.125
35,35.0,34.90484237192463,0.125,0.125,0.125,0.125,0.125,0.125,0.125,0.125
36,36.0,36.05082019768737,0.125,0.125,0.125,0.125,0.125,0.125,0.125,0.125
37,37.0,37.18169203889697,0.125,0.125,0.125,0.125,0.125,0.125,0.125,0.125
38,38.0,38.29765977559663,0.125,0.125,0.125,0.125,0.125,0.125,0.125,0.125
39,39.0,39.399054140870355,0.125,0.125,0.125,0.125,0.125,0.125,0.125,0.125
40,40.0,40.48631852820801,0.125,0.125,0.125,0.125,0.125,0.125,0.125,0.125
41,41.0,41.55999329152982,0.125,0.125,0.125,0.125,0.125,0.125,0.125,0.125
42,42.0,42.62070064560415,0.125,0.125,0.125,0.125,0.125,0.125,0.125,0.125
43,43.0,43.669130257815,0.125,0.125,0.125,0.125,0.125,0.125,0.125,0.125
44,44.0,44.70602560622662,0.125,0.125,0.125,0.125,0.125,0.125,0.125,0.125
45,45.0,45.73217116373481,0.125,0.125,0.125,0.125,0.125,0.125,0.125,0.125
46,46.0,46.748380453854836,0.125,0.125,0.125,0.125,0.125,0.125,0.125,0.125
47,47.0,47.755485010424316,0.125,0.125,0.125,0.125,0.125,0.125,0.125,0.125
48,48.0,48.7543242612326,0.125,0.125,0.125,0.125,0.125,0.125,0.125,0.125
49,49.0,49.745736344347726,0.125,0.125,0.125,0.125,0.125,0.125,0.125,0.125
50,50.0,50.730549855707864,0.125,0.125,0.125,0.125,0.125,0.125,0.125,0.125
51,51.0,51.70957651737491,0.125,0.125,0.125,0.125,0.125,0.125,0.125,0.125
52,52.0,52.68360474770151,0.125,0.125,0.125,0.125,0.125,0.125,0.125,0.125
53,53.0,53.65339410751842,0.125,0.125,0.125,0.125,0.125,0.125,0.125,0.125
54,54.0,54.61967059027847,0.125,0.125,0.125,0.125,0.125,0.125,0.125,0.125
55,55.0,55.58312271885972,0.125,0.125,0.125,0.125,0.125,0.125,0.125,0.125
56,56.0,56.544398407394254,0.125,0.125,0.125,0.125,0.125,0.125,0.125,0.125
57,57.0,57.504102543001395,0.125,0.125,0.125,0.125,0.125,0.125,0.125,0.125
58,58.0,58.462795239617805,0.125,0.125,0.125,0.125,0.125,0.125,0.125,0.125
59,59.0,59.42099071417639,0.125,0.125,0.125,0.125,0.125,0.125,0.125,0.125
60,60.0,60.379156734137354,0.125,0.125,0.125,0.125,0.125,0.125,0.125,0.125
61,61.0,61.337714584760846,0.125,0.125,0.125,0.125,0.125,0.125,0.125,0.125
62,62.0,62.29703950447439,0.125,0.125,0.125,0.125,0.125,0.125,0.125,0.125
63,63.0,63.257461537171835,0.125,0.125,0.125,0.125,0.125,0.125,0.125,0.125
64,64.0,64.21926675122782,0.125,0.125,0.125,0.125,0.125,0.125,0.125,0.125
65,65.0,65.18269877636592,0.125,0.125,0.125,0.125,0.125,0.125,0.125,0.125
66,66.0,66.14796061122655,0.125,0.125,0.125,0.125,0.125,0.125,0.125,0.125
67,67.0,67.11521665648885,0.125,0.125,0.125,0.125,0.125,0.125,0.125,0.125
68,68.0,68.08459493066005,0.125,0.125,0.125,0.125,0.125,0.125,0.125,0.125
69,69.0,69.05618942810752,0.125,0.125,0.125,0.125,0.125,0.125,0.125,0.125
70,70.0,70.03006258152917,0.125,0.125,0.125,0.125,0.125,0.125,0.125,0.125
71,71.0,71.00624779379335,0.125,0.125,0.125,0.125,0.125,0.125,0.125,0.125
72,72.0,71.98475200689319,0.125,0.125,0.125,0.125,0.125,0.125,0.125,0.125
73,73.0,72.96555827861411,0.125,0.125,0.125,0.125,0.125,0.125,0.125,0.125
74,74.0,73.94862834037681,0.125,0.125,0.125,0.125,0.125,0.125,0.125,0.125
75,75.0,74.93390511255946,0.125,0.125,0.125,0.125,0.125,0.125,0.125,0.125
76,76.0,75.92131515639825,0.125,0.125,0.125,0.125,0.125,0.125,0.125,0.125
77,77.0,76.91077104428919,0.125,0.125,0.125,0.125,0.125,0.125,0.125,0.125
78,78.0,77.90217363294813,0.125,0.125,0.125,0.125,0.125,0.125,0.125,0.125
79,79.0,78.89541422641172,0.125,0.125,0.125,0.125,0.125,0.125,0.125,0.125
80,80.0,79.89037661826481,0.125,0.125,0.125,0.125,0.125,0.125,0.125,0.125
81,81.0,80.88693900474995,0.125,0.125,0.125,0.125,0.125,0.125,0.125,0.125
82,82.0,81.88497576253909,0.125,0.125,0.125,0.125,0.125,0.125,0.125,0.125
83,83.0,82.89435908692391,0.125,0.125,0.125,0.125,0.125,0.125,0.125,0.125
84,84.0,83.904860488001,0.125,0.125,0.125,0.125,0.125,0.125,0.125,0.125
85,85.0,84.9162631440904,0.125,0.125,0.125,0.125,0.125,0.125,0.125,0.125
86,86.0,85.92836290312992,0.125,0.125,0.125,0.125,0.125,0.125,0.125,0.125
87,87.0,86.9409690572342,0.125,0.125,0.125,0.125,0.125,0.125,0.125,0.125
88,88.0,87.95390490535573,0.125,0.125,0.125,0.125,0.125,0.125,0.125,0.125
89,89.0,88.96700811961153,0.125,0.125,0.125,0.125,0.125,0.125,0.125,0.125
90,90.0,89.98013093124565,0.125,0.125,0.125,0.125,0.125,0.125,0.125,0.125
91,91.0,90.9931401524039,0.125,0.125,0.125,0.125,0.125,0.125,0.125,0.125
92,92.0,92.00591704992227,0.125,0.125,0.125,0.125,0.125,0.125,0.125,0.125
93,93.0,93.0183570871896,0.125,0.125,0.125,0.125,0.125,0.125,0.125,0.125
94,94.0,94.03036954985829,0.125,0.125,0.125,0.125,0.125,0.125,0.125,0.125
95,95.0,95.05187707076153,0.125,0.125,0.125,0.125,0.125,0.125,0.125,0.125
96,96.0,96.07271506886684,0.125,0.125,0.125,0.125,0.125,0.125,0.125,0.125
97,97.0,97.09274211647293,0.125,0.125,0.125,0.125,0.125,0.125,0.125,0.125
98,98.0,98.1118390381537,0.125,0.125,0.125,0.125,0.125,0.125,0.125,0.125
99,99.0,99.12990787728486,0.125,0.125,0.125,0.125,0.125,0.125,0.125,0.125
100,100.0,100.15687075373005,0.125,0.125,0.125,0.125,0.125,0.125,0.125,0.125
101,101.0,101.18256863499342,0.125,0.125,0.125,0.125,0.125,0.125,0.125,0.125
102,102.0,102.20687104178052,0.125,0.125,0.125,0.125,0.125,0.125,0.125,0.125
103,103.0,103.2296744974711,0.125,0.125,0.125,0.125,0.125,0.125,0.125,0.125
104,104.0,104.2509008626179,0.125,0.125,0.125,0.125,0.125,0.125,0.125,0.125
105,105.0,105.27049558262385,0.125,0.125,0.125,0.125,0.125,0.125,0.125,0.125
106,106.0,106.28842587480297,0.125,0.125,0.125,0.125,0.125,0.125,0.125,0.125
107,107.0,107.30467887901615,0.125,0.125,0.125,0.125,0.125,0.125,0.125,0.125
108,108.0,108.31925979401785,0.125,0.125,0.125,0.125,0.125,0.125,0.125,0.125
109,109.0,109.3321900195792,0.125,0.125,0.125,0.125,0.125,0.125,0.125,0.125
110,110.0,110.34350532238862,0.125,0.125,0.125,0.125,0.125,0.125,0.125,0.125
111,111.0,111.3532540416932,0.125,0.125,0.125,0.125,0.125,0.125,0.125,0.125
112,112.0,112.36149534865041,0.125,0.125,0.125,0.125,0.125,0.125,0.125,0.125
113,113.0,113.36829757142539,0.125,0.125,0.125,0.125,0.125,0.125,0.125,0.125
114,114.0,114.37373659620863,0.125,0.125,0.125,0.125,0.125,0.125,0.125,0.125
115,115.0,115.37789435255145,0.125,0.125,0.125,0.125,0.125,0.125,0.125,0.125
116,116.0,116.38085738973447,0.125,0.125,0.125,0.125,0.125,0.125,0.125,0.125
117,117.0,117.38271554930185,0.125,0.125,0.125,0.125,0.125,0.125,0.125,0.125
118,118.0,118.38356073741947,0.125,0.125,0.125,0.125,0.125,0.125,0.125,0.125
119,119.0,119.38348579935112,0.125,0.125,0.125,0.125,0.125,0.125,0.125,0.125
120,120.0,120.3825834970961,0.125,0.125,0.125,0.125,0.125,0.125,0.125,0.125
121,121.0,121.38094559009562,0.125,0.125,0.125,0.125,0.125,0.125,0.125,0.125
122,122.0,122.37866201789424,0.125,0.125,0.125,0.125,0.125,0.125,0.125,0.125
123,123.0,123.37582018273405,0.125,0.125,0.125,0.125,0.125,0.125,0.125,0.125
124,124.0,124.37250432926254,0.125,0.125,0.125,0.125,0.125,0.125,0.125,0.125
125,125.0,125.36879501784557,0.125,0.125,0.125,0.125,0.125,0.125,0.125,0.125
126,126.0,126.36476868739183,0.125,0.125,0.125,0.125,0.125,0.125,0.125,0.125
127,127.0,127.36049730310955,0.125,0.125,0.125,0.125,0.125,0.125,0.125,0.125
128,128.0,128.3560480842244,0.125,0.125,0.125,0.125,0.125,0.125,0.125,0.125
129,129.0,129.35148330638552,0.125,0.125,0.125,0.125,0.125,0.125,0.125,0.125
130,130.0,130.3468601732667,0.125,0.125,0.125,0.125,0.125,0.125,0.125,0.125
131,131.0,131.34223075172704,0.125,0.125,0.125,0.125,0.125,0.125,0.125,0.125
132,132.0,132.33764196482412,0.125,0.125,0.125,0.125,0.125,0.125,0.125,0.125
133,133.0,133.33313563696322,0.125,0.125,0.125,0.125,0.125,0.125,0.125,0.125
134,134.0,134.3287485855188,0.125,0.125,0.125,0.125,0.125,0.125,0.125,0.125
135,135.0,135.32451275336365,0.125,0.125,0.125,0.125,0.125,0.125,0.125,0.125
136,136.0,136.32045537689035,0.125,0.125,0.125,0.125,0.125,0.125,0.125,0.125
137,137.0,137.31659918429548,0.125,0.125,0.125,0.125,0.125,0.125,0.125,0.125
138,138.0,138.31296261911714,0.125,0.125,0.125,0.125,0.125,0.125,0.125,0.125
139,139.0,139.30956008426548,0.125,0.125,0.125,0.125,0.125,0.125,0.125,0.125
140,140.0,140.30640220205632,0.125,0.125,0.125,0.125,0.125,0.125,0.125,0.125
141,141.0,141.30349608604752,0.125,0.125,0.125,0.125,0.125,0.125,0.125,0.125
142,142.0,142.3008456207791,0.125,0.125,0.125,0.125,0.125,0.125,0.125,0.125
143,143.0,143.2984517458298,0.125,0.125,0.125,0.125,0.125,0.125,0.125,0.125
144,144.0,144.2963127409171,0.125,0.125,0.125,0.125,0.125,0.125,0.125,0.125
145,145.0,145.2944245090865,0.125,0.125,0.125,0.125,0.125,0.125,0.125,0.125
146,146.0,146.29278085534807,0.125,0.125,0.125,0.125,0.125,0.125,0.125,0.125
147,147.0,147.29137375843,0.125,0.125,0.125,0.125,0.125,0.125,0.125,0.125
148,148.0,148.29019363361948,0.125,0.125,0.125,0.125,0.125,0.125,0.125,0.125
149,149.0,149.2892295849538,0.125,0.125,0.125,0.125,0.125,0.125,0.125,0.125
150,150.0,150.28846964530516,0.125,0.125,0.125,0.125,0.125,0.125,0.125,0.125
151,151.0,151.28790100316832,0.125,0.125,0.125,0.125,0.125,0.125,0.125,0.125
152,152.0,152.28751021521347,0.125,0.125,0.125,0.125,0.125,0.125,0.125,0.125
153,153.0,153.287283403902,0.125,0.125,0.125,0.125,0.125,0.125,0.125,0.125
154,154.0,154.28720643968265,0.125,0.125,0.125,0.125,0.125,0.125,0.125,0.125
155,155.0,155.2872651074884,0.125,0.125,0.125,0.125,0.125,0.125,0.125,0.125
156,156.0,156.2874452574387,0.125,0.125,0.125,0.125,0.125,0.125,0.125,0.125
157,157.0,157.28773293981956,0.125,0.125,0.125,0.125,0.125,0.125,0.125,0.125
158,158.0,158.28811452456418,0.125,0.125,0.125,0.125,0.125,0.125,0.125,0.125
159,159.0,159.28857680558866,0.125,0.125,0.125,0.125,0.125,0.125,0.125,0.125
160,160.0,160.28910709045482,0.125,0.125,0.125,0.125,0.125,0.125,0.125,0.125
161,161.0,161.2896932759298,0.125,0.125,0.125,0.125,0.125,0.125,0.125,0.125
162,162.0,162.290323910098,0.125,0.125,0.125,0.125,0.125,0.125,0.125,0.125
163,163.0,163.2909882417484,0.125,0.125,0.125,0.125,0.125,0.125,0.125,0.125
164,164.0,164.29167625781628,0.125,0.125,0.125,0.125,0.125,0.125,0.125,0.125
165,165.0,165.29237870969922,0.125,0.125,0.125,0.125,0.125,0.125,0.125,0.125
166,166.0,166.29308712929685,0.125,0.125,0.125,0.125,0.125,0.125,0.125,0.125
167,167.0,167.29379383564174,0.125,0.125,0.125,0.125,0.125,0.125,0.125,0.125
168,168.0,168.29449193299575,0.125,0.125,0.125,0.125,0.125,0.125,0.125,0.125
169,169.0,169.2951753012844,0.125,0.125,0.125,0.125,0.125,0.125,0.125,0.125
170,170.0,170.29583857973134,0.125,0.125,0.125,0.125,0.125,0.125,0.125,0.125
171,171.0,171.29647714453625,0.125,0.125,0.125,0.125,0.125,0.125,0.125,0.125
172,172.0,172.29708708141533,0.125,0.125,0.125,0.125,0.125,0.125,0.125,0.125
173,173.0,173.29766515379234,0.125,0.125,0.125,0.125,0.125,0.125,0.125,0.125
174,174.0,174.29820876739373,0.125,0.125,0.125,0.125,0.125,0.125,0.125,0.125
175,175.0,175.29871593196106,0.125,0.125,0.125,0.125,0.125,0.125,0.125,0.125
176,176.0,176.29918522075204,0.125,0.125,0.125,0.125,0.125,0.125,0.125,0.125
177,177.0,177.29961572845636,0.125,0.125,0.125,0.125,0.125,0.125,0.125,0.125
178,178.0,178.30000702810574,0.125,0.125,0.125,0.125,0.125,0.125,0.125,0.125
179,179.0,179.30035912750913,0.125,0.125,0.125,0.125,0.125,0.125,0.125,0.125
180,180.0,180.30067242569706,0.125,0.125,0.125,0.125,0.125,0.125,0.125,0.125
181,181.0,181.30094766980923,0.125,0.125,0.125,0.125,0.125,0.125,0.125,0.125
182,182.0,182.3011859128121,0.125,0.125,0.125,0.125,0.125,0.125,0.125,0.125
183,183.0,183.30138847238658,0.125,0.125,0.125,0.125,0.125,0.125,0.125,0.125
184,184.0,184.30155689127972,0.125,0.125,0.125,0.125,0.125,0.125,0.125,0.125
185,185.0,185.30169289937075,0.125,0.125,0.125,0.125,0.125,0.125,0.125,0.125
186,186.0,186.30179837765897,0.125,0.125,0.125,0.125,0.125,0.125,0.125,0.125
187,187.0,187.30187532434178,0.125,0.125,0.125,0.125,0.125,0.125,0.125,0.125
188,188.0,188.30192582311292,0.125,0.125,0.125,0.125,0.125,0.125,0.125,0.125
189,189.0,189.3019520137758,0.125,0.125,0.125,0.125,0.125,0.125,0.125,0.125
190,190.0,190.30195606523463,0.125,0.125,0.125,0.125,0.125,0.125,0.125,0.125
191,191.0,191.30194015089523,0.125,0.125,0.125,0.125,0.125,0.125,0.125,0.125
192,192.0,192.3019064264808,0.125,0.125,0.125,0.125,0.125,0.125,0.125,0.125
193,193.0,193.30185701024303,0.125,0.125,0.125,0.125,0.125,0.125,0.125,0.125
194,194.0,194.3017939655266,0.125,0.125,0.125,0.125,0.125,0.125,0.125,0.125
195,195.0,195.30171928562655,0.125,0.125,0.125,0.125,0.125,0.125,0.125,0.125
196,196.0,196.30163488086023,0.125,0.125,0.125,0.125,0.125,0.125,0.125,0.125
197,197.0,197.30154256776194,0.125,0.125,0.125,0.125,0.125,0.125,0.125,0.125
198,198.0,198.3014440602959,0.125,0.125,0.125,0.125,0.125,0.125,0.125,0.125
199,199.0,199.30134096297348,0.12486111111111112,0.12486111111111112,0.12486111111111112,0.12486111111111112,0.12486111111111112,0.12486111111111112,0.12597222222222224,0.12486111111111112
200,200.0,200.30123476575358,0.12433472222222224,0.12544583333333334,0.12433472222222224,0.12433472222222224,0.12433472222222224,0.12533472222222225,0.12654583333333333,0.12533472222222225
201,201.0,201.3011268405981,0.12336282702020204,0.12557393813131312,0.12336282702020204,0.12427191792929294,0.12436282702020204,0.12526191792929298,0.12754182702020203,0.12626191792929298
202,202.0,202.3010184395522,0.12231560417929295,0.12560571529040404,0.12231560417929295,0.12412469508838386,0.12512378599747478,0.12509579508838387,0.12833300508838386,0.12708579508838388
203,203.0,203.3009106942154,0.12129287687361112,0.12563229798472222,0.12129287687361112,0.12398478596452024,0.12588215869179295,0.12492916496452024,0.12909557368270203,0.12789026496452024
204,204.0,204.3008046164701,0.11997666524693308,0.1262170711469331,0.1210877763580442,0.12436043403481191,0.12615334727723615,0.12443798701147858,0.1294232529130846,0.12834346601147859
205,205.0,205.3007011003346,0.11859155055469595,0.12668043870569595,0.12069155055469596,0.12462839780621114,0.12630179262227176,0.12384169849877781,0.1306065074488738,0.12865806380877784
206,206.0,206.30060092480934,0.11725827425037799,0.127129907545768,0.12032727425037801,0.12489676607089319,0.12643828459749018,0.12325677336751086,0.13174794721417116,0.1289447727034109
207,207.0,207.3005047575885,0.11606074283398807,0.12763813042637515,0.12007115283398806,0.12440523893930718,0.12588083543830275,0.12276368210660457,0.13390094534897884,0.12927927207245563
208,208.0,208.30041315951388,0.11476250864604876,0.12695930122980936,0.11958917445513965,0.12374987273754731,0.125984716780045,0.12212332375678349,0.13641251300469476,0.13041858938993192
209,209.0,209.30032658965158,0.11344571521468531,0.12617800436484447,0.11904965368477621,0.12301269594373948,0.1259918476682974,0.12141591951952818,0.1395671320981255,0.13133903150600368
210,210.0,210.300245410879,0.11191582928899668,0.12510274245741293,0.11901175861777151,0.12192394669971186,0.1255624145901092,0.12036993334063996,0.1443393475649615,0.1317740274403966
211,211.0,211.30016989587486,0.11028854655675983,0.12385275220992334,0.11882297503172912,0.12061283657609355,0.12489438492292297,0.11988208087846859,0.1490221751156914,0.13262424870841144
212,212.0,212.30010023341242,0.10820831664438908,0.1227907291915792,0.11728538339951702,0.11873589713326417,0.12558301168702343,0.11877535890989574,0.1549049535936468,0.13371634944068478
213,213.0,213.3000365348621,0.1059886974414824,0.12199957250072499,0.11548259875043262,0.11752686398095641,0.12585618919208716,0.11742146452899019,0.16139972758719315,0.13432488601813336
214,214.0,214.29997884081817,0.10454665573745411,0.12095235648876967,0.11350941382039959,0.1160857862388906,0.12584322342946,0.11653234273198308,0.16798215216913817,0.13454806938390504
215,215.0,215.29992712777045,0.1030963127702976,0.11978153493108333,0.11147950960710457,0.11458341953248592,0.125662453347397,0.11557286604929558,0.17532196943871278,0.13450193432362345
216,216.0,216.2998813147498,0.10161185215117081,0.11847043514972153,0.10933008808856126,0.11299976648041392,0.12519648753532991,0.11451851479149616,0.18302740444490906,0.13484545135839762
217,217.0,217.2998412698837,0.10018597650524269,0.11708404951138768,0.10780013390123533,0.11056314046232699,0.12463883776249869,0.11339023677068993,0.19133230631804704,0.1350053187685719
218,218.0,218.29980681680541,0.09864329398506641,0.11549306658687025,0.10608812931591952,0.10798250116371536,0.12362601237167743,0.11208909180738766,0.2005337560243955,0.13554414874496817
219,219.0,219.2997777408669,0.09657855505113594,0.11342742398878505,0.10379777766025103,0.10486569925348503,0.12259693111567853,0.11080125628745702,0.21210159187041025,0.13583076477279743
220,220.0,220.29975379511356,0.09445787004874687,0.11209631145815467,0.10140348296913469,0.10169077632648102,0.12122360201764196,0.10992499898862856,0.2234475190543044,0.13575543913690807
221,221.0,221.2997347059844,0.09235825902647024,0.11067253203688063,0.09895729334478967,0.09913783256678994,0.11968628159715006,0.10943927156445517,0.23443867827641368,0.13530985158705086
222,222.0,222.2997201787083,0.09023026630273065,0.10952831839447325,0.09644700357109305,0.09716942906089883,0.11795308094743054,0.10871765067042063,0.2455064279306571,0.13444782312229617
223,223.0,223.29970990237274,0.08814210377185086,0.10829962939763378,0.09394822035765604,0.09519129811215767,0.11610584205219229,0.10787789280224762,0.2571276274542203,0.13330738605204157
224,224.0,224.299703554647,0.08614535958233735,0.1070720610128815,0.09101683884412334,0.09376738864877988,0.11426163066742327,0.10700428474342764,0.26821391559936986,0.13251852090165725
225,225.0,225.2997008061474,0.08427791042553996,0.10641114373592024,0.08822616796975748,0.09306193557351929,0.11202887253363321,0.10657349867720493,0.2782230135017526,0.13119745758267243
226,226.0,226.29970132443626,0.08244363515193691,0.1061603767363436,0.08546436771775777,0.09273549059425554,0.10967466068702861,0.10590748465552094,0.28796592359281303,0.12964806086434372
227,227.0,227.29970477765187,0.08069545353545683,0.10645217847895236,0.08279384698770319,0.0923651435661431,0.10732011744654567,0.10513529374463214,0.29726775397044053,0.12797021227012634
228,228.0,228.29971083776942,0.07918203940164772,0.1055949496729716,0.08039146492927579,0.09161160678755483,0.10521953184998163,0.10447368047472896,0.307095777465444,0.12643094941839558
229,229.0,229.29971918349753,0.07776711560248817,0.10517876621476274,0.07812649695480468,0.09089016848128438,0.10318244547652596,0.10377602365907443,0.31631253868931686,0.12476644492174288
230,230.0,230.29972950281783,0.0764760950504596,0.10473210129623078,0.0760506090652388,0.0907453010973148,0.10074399197555718,0.10316222920340941,0.3249958426736746,0.12309382963811491
231,231.0,231.29974149517793,0.07470809600318902,0.1036189738255403,0.07352312496667751,0.09041744654212744,0.09779348144784657,0.10224968764691048,0.3348236209318298,0.12286556863587896
232,232.0,232.29975487335025,0.07302072534848705,0.10241941069494588,0.07110642584245046,0.09042499422427107,0.0949036372989427,0.10170430270888373,0.3439188334956159,0.12250167038640328
233,233.0,233.29976936497184,0.07145780242343497,0.10167691953765577,0.06886639521742238,0.08996668304511096,0.09263201747587575,0.10119187638262164,0.3521014471464943,0.12210685877138433
234,234.0,234.29978471378155,0.07102847461194538,0.10095605301407572,0.06681372947555075,0.08954931554943203,0.09049514929115562,0.1006972114920904,0.358712570710802,0.12174749585494818
235,235.0,235.29980068057247,0.07052803048389485,0.10061948468122411,0.06484548267996568,0.0890678726190294,0.08825729969945313,0.10097709442948397,0.36440965064033054,0.12129508476661839
236,236.0,236.29981704387856,0.06989625532706312,0.10038192700356802,0.06287638807074786,0.08959610456790346,0.08587779703640916,0.10057249434538042,0.3703113920248385,0.12048764162408962
237,237.0,237.2998336004153,0.06914979046762426,0.10104501100361071,0.060918970274160565,0.08981253080207457,0.08339082859437848,0.10027482968055158,0.3760439817500641,0.11936405742753581
238,238.0,238.29985016529417,0.06845039272480091,0.10201378427619281,0.05909176667958187,0.0899914267284748,0.08098699558733982,0.09983762585136258,0.38155958786442745,0.1180684202878198
239,239.0,239.29986657203224,0.06784894597075657,0.10295260350993674,0.05744862450915349,0.09058295416461515,0.07876322810391337,0.0989918279731202,0.38661755595854197,0.11679425980996251
240,240.0,240.29988267237619,0.06721775502193039,0.10370311247949898,0.05591859954488637,0.09104238561930234,0.07658661520112126,0.0980216349477761,0.39246229335971583,0.11504760382576865
241,241.0,241.29989833596196,0.06653506566450565,0.10420969004334006,0.054457423655807725,0.09165544917426358,0.07444275649811356,0.09690156007309349,0.3985988916594556,0.11319916323142024
242,242.0,242.29991344982955,0.06578060016670703,0.10482662928973759,0.05303897989049076,0.09197311681019134,0.07231715018670133,0.09562394445535592,0.4052954069811683,0.11114417221964762
243,243.0,243.29992791781208,0.06503149172057675,0.10531915481704522,0.05173444810271467,0.092722910769049,0.07032746203733811,0.09348104042685444,0.4122628522406335,0.1091206398857881
244,244.0,244.29994165981824,0.06432487930672166,0.10603522698147119,0.0505421672695902,0.09395385219050177,0.06844093691110843,0.09129057631113192,0.41830524722856655,0.10710711380090808
245,245.0,245.29995461102558,0.06364189581607327,0.10654673005437731,0.04944074096497272,0.09568881939839118,0.06665278806994572,0.08905525324838025,0.4236286805023136,0.10534509194554574
246,246.0,246.29996672100194,0.06297601870766216,0.10683526823275159,0.048420700654916625,0.09787590469430574,0.06544983096246074,0.0867886265497057,0.42814992058798956,0.10350372961020772
247,247.0,247.29997795277063,0.06227905402210569,0.10716339067506588,0.047463242563578964,0.10006917124432424,0.06428592674930156,0.08477526184889767,0.4318869504875282,0.10207700240919772
248,248.0,248.29998828183477,0.061575072260269786,0.10726847945749615,0.04658510603134852,0.10225395248058579,0.06317535785143136,0.08275273534188501,0.4357019612889781,0.10068733528800519
249,249.0,249.29999769517414,0.060833304280814814,0.10711380509858526,0.04574823967235222,0.10474628614343116,0.06207048976246508,0.08067835373672602,0.43928037939623493,0.09952914190939041
250,250.0,250.30000619022783,0.06014153123007828,0.10681326352612909,0.04500940379614113,0.10723035225046079,0.06106910892066465,0.07865731765264572,0.44266529836519475,0.09841372425868544
251,251.0,251.30001377387387,0.05949189849182054,0.10641682149496551,0.04463381515437503,0.10942315635119002,0.0601631475473266,0.07671545719313017,0.4458758597801815,0.0972798439870105
252,252.0,252.30002046141658,0.05888529221192429,0.10554988839743384,0.044329636601902915,0.11223528702293405,0.059350042159545244,0.07486147309866188,0.4486518303231492,0.09613655018444839
253,253.0,253.30002627559085,0.0583144636130848,0.10455490734932599,0.04408304548349922,0.11500346237733952,0.058619342998434215,0.07306646369687834,0.45109559878317385,0.09526271569826392
254,254.0,254.30003124559178,0.05780231071917363,0.10354319600116957,0.04392431874889016,0.11754442130265459,0.05801157359409884,0.07139411179208706,0.45308008579058895,0.09469998205133709
255,255.0,255.30003540613671,0.05738649388584896,0.10235583334498755,0.0438448525581274,0.12036672627269177,0.057552177423790235,0.0690199266015617,0.4552860549302381,0.09418793498275414
256,256.0,256.3000387965658,0.056955799353035616,0.10106251973235354,0.04379392294537204,0.1228227563007816,0.05710333004519862,0.06704906396174197,0.45754675930259675,0.09366584835891972
257,257.0,257.3000414599863,0.05650791951287743,0.10046147552238031,0.043748388026280394,0.12505951293907105,0.056659227947985766,0.06514480045540888,0.45930846461693753,0.09311021097905847
258,258.0,258.30004344246487,0.05634444057919672,0.09959758391103847,0.043755567217377916,0.12702708139767646,0.05628001764287675,0.063359477975516,0.46081282229003656,0.09282300898628094
259,259.0,259.3000447922709,0.05622161057900563,0.09873598788717668,0.04381299345690388,0.12876314372975467,0.055982613031702794,0.061713070344895524,0.4621760758209007,0.09259450514965997
260,260.0,260.30004555917367,0.056116432586565665,0.09780767361384177,0.04389520946878657,0.13018601698354743,0.055723821946847704,0.060169348508378726,0.46373933719444127,0.09236215969759069
261,261.0,261.3000457937944,0.055554092465920545,0.09706373322594529,0.04398405188376923,0.13170622085955228,0.055503696765672655,0.05872286553553161,0.4653602562325472,0.09210508303106105
262,262.0,262.30004554701515,0.055402706413753826,0.09639857124760375,0.044409513590411405,0.132971041583143,0.055513119040401224,0.057490632326387556,0.46754633727080025,0.09026807852749881
263,263.0,263.3000448694437,0.05522374877973869,0.09565241032827554,0.04478739913388326,0.1338340099338795,0.055958940873128526,0.05633220282840451,0.4698123301706261,0.08839895795206368
264,264.0,264.3000438109349,0.055045604816911176,0.09487057113491928,0.045141993205631045,0.13454343168786145,0.05640985090745274,0.05527893600710884,0.47216842155426564,0.0865411906858496
265,265.0,265.30004242016764,0.054854750865255555,0.09406022400355181,0.04546138953295594,0.1349181518954359,0.05682046865868514,0.0543200220700197,0.4743726655000903,0.08519232747400544
266,266.0,266.30004074427546,0.05465450784841039,0.09321837095893572,0.04576033275800814,0.1354926065087766,0.05721205927857049,0.0534559867436984,0.47632875651320145,0.0838773793903986
267,267.0,267.30003882852975,0.05444572318208494,0.09235253374222986,0.04603640885894682,0.13600454344967164,0.057580499834572425,0.05288357214514607,0.47809403761626623,0.08260268117108183
268,268.0,268.3000367160733,0.054244654041734064,0.09175053621579765,0.04630306614483639,0.13651884579053494,0.057953073473279174,0.05240842598952982,0.4794324227176709,0.08138897562661691
269,269.0,269.30003444770176,0.054062650604885465,0.09118026684657812,0.046565029931548776,0.13687672017167762,0.0583360805189612,0.05204063115582869,0.4806787339968287,0.08025988677369132
270,270.0,270.30003206169033,0.0539442929012284,0.08997686147586718,0.04685489483991377,0.1374329773625451,0.05846054261309537,0.05180732738124331,0.482288890804662,0.07923421262144485
271,271.0,271.30002959366317,0.053786166480817334,0.08873198983720221,0.04706847181234225,0.13810565220032422,0.058483709564519044,0.05159836416487024,0.4840143301855517,0.07821131575437291
272,272.0,272.3000270765021,0.0537853961967054,0.08745899545300123,0.047226225915236154,0.13865300541907544,0.058461918292601174,0.05141197527141197,0.4855769611860459,0.07742552226592261
273,273.0,273.3000245402921,0.053771974479372465,0.0859768568063292,0.0473325612666619,0.13917468801847624,0.058400339620742134,0.05125569597559458,0.48742708391671624,0.07666079991610711
274,274.0,274.3000220123002,0.05425875597054885,0.08451328379018894,0.047409375663000616,0.13939534397541253,0.05836513889796388,0.05114277370469401,0.4887254592777734,0.07618986872041765
275,275.0,275.30001951698443,0.05467863699864829,0.083056918011019,0.04741759155326694,0.13935118243304828,0.058235597889958385,0.05104366340941131,0.4897955337462944,0.07642087595835323
276,276.0,276.3000170760305,0.054901885303807435,0.08162157443807819,0.04737960669913896,0.13965872354151954,0.05806791717154004,0.05096622154080255,0.49075319042524485,0.07665088087986832
277,277.0,277.3000147084116,0.055068164116446154,0.08022701499312503,0.047302427905767365,0.13979936876192367,0.057828040655551374,0.050901896792680736,0.4915514946333241,0.07732159214118141
278,278.0,278.3000124304705,0.055212713665414824,0.07887431180836904,0.047202949354574204,0.13966854779154828,0.05756370786333485,0.05084843369529302,0.492481842539241,0.07814749328222459
279,279.0,279.30001025601877,0.055330364865692816,0.07756466877444013,0.04707571708716502,0.13935863067681464,0.05772824812790986,0.05079500043698169,0.49365893882470996,0.0784884312062857
280,280.0,280.30000819645204,0.05538152973386665,0.0761015381453485,0.04714177690280093,0.1390562608549198,0.05822179597777482,0.05071947129437903,0.49446424032373293,0.07891338676717717
281,281.0,281.30000626087747,0.05538243212473667,0.07471799925375067,0.0471920632840788,0.1387092137201883,0.058773460738329134,0.05065203442592144,0.49546222670184986,0.07911056975114496
282,282.0,282.3000044562516,0.055319499925519766,0.07337925757525979,0.04718836969212152,0.1383457660636756,0.05920943738939357,0.05056672671180216,0.4967588959791079,0.07923204666311957
283,283.0,283.3000027875258,0.05520311266559182,0.07211188862108998,0.04715049102320148,0.13789090671028897,0.059541533688445065,0.050479899308527046,0.4983121502711942,0.07931001771166128
284,284.0,284.3000012577973,0.05506608556735429,0.07093331213584018,0.047095100656436226,0.13736913126949413,0.059844877463180374,0.05040510513718312,0.5000665401642337,0.07921984760627779
285,285.0,285.2999998684637,0.054928506004568126,0.0696426885784042,0.04704616717471294,0.13634593577180565,0.06017047343568854,0.05063820640592223,0.5018760449181188,0.07935197771077943
286,286.0,286.2999986193788,0.054771835192096836,0.06843703483007109,0.046979907800881196,0.13540418049194092,0.060459945302722584,0.05086785459231823,0.503452219933866,0.07962702185610307
287,287.0,287.2999975090087,0.05459809446056556,0.06706119714819317,0.04689765302760859,0.13440418543756819,0.06071259656866301,0.05109023568416396,0.5053690567197281,0.07986698095350936
288,288.0,288.29999653458543,0.054410680906518946,0.0657793482372398,0.046792922429828694,0.13358646243997374,0.06091392905428582,0.051285612777702064,0.5071648023690534,0.08006624178539748
289,289.0,289.2999956922587,0.05421562333336438,0.0645990777519702,0.04667774798292116,0.13274934971718624,0.0614658503097288,0.05147028877130157,0.5087451577144962,0.08007690441903138
290,290.0,290.299994977242,0.0539899852462642,0.06369755349546043,0.04654633129394848,0.1320404876629672,0.06190167301020133,0.051645870774840175,0.5103118342707813,0.07986626424553685
291,291.0,291.2999943839546,0.05319754868692539,0.062317042259447133,0.046676812056444306,0.13150091420915921,0.06257177632946583,0.05207998841252241,0.5113516855367533,0.08030423250928251
292,292.0,292.2999939061564,0.052265984135629315,0.06189628668613831,0.04665007971500068,0.13079630444483367,0.06313879505854617,0.05271014709373144,0.512096091706971,0.08044631115914944
293,293.0,293.2999935370764,0.05124538176390226,0.061354048880673945,0.046507548260065305,0.1299953508069856,0.06354890383354582,0.053195889159154526,0.5138179062240138,0.08033497107165882
294,294.0,294.2999932695337,0.05020525131720147,0.06098939291127275,0.046312423311072534,0.1293847675990734,0.06381410204008228,0.0535956708627158,0.5155724970939352,0.0801258948646466
295,295.0,295.2999930960499,0.049112934287638715,0.06053285593502879,0.046865328552780014,0.12879146187487497,0.06395541181282939,0.053883445648653994,0.5171354437500641,0.07972311813813004
296,296.0,296.29999300895395,0.04804656894278462,0.06027820668722322,0.04739803531353057,0.1282384366272275,0.06404570127540907,0.05412896389273687,0.5184072590936356,0.0794568281674526
297,297.0,297.2999930004781,0.04701735326239124,0.06007971542769594,0.04821698137696227,0.1276158542051563,0.06408993553456832,0.054334308025263775,0.5194833982543002,0.07916245391366203
298,298.0,298.29999306284503,0.04603082439443226,0.06005979688602295,0.04900158284747548,0.12669641686789462,0.06409097789541361,0.0544996987111264,0.5207774295875758,0.07884327281005907
299,299.0,299.29999318834683,0.045089201194187654,0.059931281173441965,0.04974422509754919,0.12575663965184014,0.06403893432913188,0.05461047825364479,0.5223332284173015,0.07849601188290313
300,300.0,300.299993369415,0.043823099978732495,0.0597493050181272,0.05114799751598023,0.12481436609813255,0.06368060431367553,0.05468596002626408,0.5240275291096048,0.07807113793948327
301,301.0,301.2999935986822,0.042456311429721866,0.05956653638569253,0.05245828412846435,0.12393547910821097,0.06321125846793796,0.054677019213489206,0.5261227208030166,0.07757239046346667
302,302.0,302.29999386903586,0.04115537983613851,0.05941185451349953,0.05370310176960628,0.12313551633818823,0.06271709058272724,0.054632765137598224,0.528182391302404,0.07706190051983827
303,303.0,303.2999941736638,0.03992745938302297,0.05928808061295759,0.054878324040297556,0.1224195107648785,0.062207423636933185,0.054560210418852,0.5301737728841729,0.07654521825888552
304,304.0,304.2999945060923,0.038770328408966506,0.05918174955444804,0.055972633695316694,0.12206695660397729,0.061673849957210716,0.054446787087795497,0.5318718164651669,0.07601587822711857
305,305.0,305.299994860217,0.037687413057443823,0.05927870912087373,0.05698187071359129,0.1217080918322169,0.061122377482503126,0.05429573632953039,0.5334478695819345,0.07547793188190649
306,306.0,306.29999523032706,0.03667696766941259,0.059365803034721276,0.05789377315925471,0.12125187663091605,0.060553053221161626,0.054099236891190346,0.5352476198003024,0.07491166959304113
307,307.0,307.2999956111229,0.03588040309275496,0.05881033581799407,0.05821754831628113,0.12096078346465342,0.06011117866519965,0.05491006103323965,0.5365084523427123,0.07460123726716508
308,308.0,308.2999959977279,0.03515962760007671,0.058255113379360776,0.058454920970975724,0.12064080387449178,0.05966304640459255,0.055677649499359425,0.5377310140638115,0.07441782420733169
309,309.0,309.29999638569507,0.03542372914512374,0.057700992481034406,0.057702179440600604,0.12039418318831258,0.05922128082334206,0.05640715983323624,0.5389247835959112,0.07422569149243932
310,310.0,310.29999677100864,0.035752418867291545,0.0571506661285025,0.057082753048664434,0.12008436403637265,0.05890343300604521,0.05720850624477876,0.5399932022558296,0.07382465641251558
311,311.0,311.29999715008074,0.036131073230845426,0.056712374575856844,0.05651842921128659,0.11987726095648973,0.05858262378174206,0.058096058678673054,0.54067723462221,0.07340494494289654
312,312.0,312.29999751974486,0.03671767649705163,0.056279031676291655,0.05589743503929283,0.12006633712646371,0.058264240755721806,0.058007170867560125,0.5417901183840061,0.07297798965361217
313,313.0,313.29999787724506,0.037178993873316024,0.055769702028524146,0.05515269044353256,0.12022080900932336,0.057870033707253486,0.05777544857748636,0.5436467838006713,0.07238553855989273
314,314.0,314.2999982202228,0.037531038127650455,0.055330913177708975,0.054307369702298214,0.121136052220504,0.05741748890308908,0.05742397807772888,0.5451896189450025,0.0716635408460178
315,315.0,315.2999985467005,0.03789417031148925,0.054893429855095086,0.05343459548629417,0.12211293334344443,0.056969385006297016,0.05701880944698707,0.5467405235900366,0.07093615296035641
316,316.0,316.2999988550635,0.03826548470506055,0.05446769343484039,0.052545497794188406,0.12297548045687677,0.05652951849950287,0.056568430260198664,0.5484291885992568,0.07021870625007554
317,317.0,317.2999991440396,0.037871423310469964,0.054060463599600164,0.05165006836129342,0.12373678260337106,0.05610342115443886,0.056084338983748906,0.5509701544498886,0.06952334753718911
318,318.0,318.2999994126776,0.03748270362221509,0.053666213516462516,0.05075510767631218,0.12467052401310917,0.0556890851815228,0.05556809278022188,0.5534484978027329,0.06871977540742356
319,319.0,319.2999996603251,0.03704555082116048,0.053228583076346196,0.049816934161976176,0.12611062570346698,0.05523328131939006,0.054974926077595236,0.5557629472633085,0.06782715157675641
320,320.0,320.2999998866046,0.036568136185224476,0.0528514916365199,0.0488442071714419,0.12748713825284946,0.05474318904395295,0.05431287140487375,0.5583375243664872,0.06685544193865059
321,321.0,321.3000000913901,0.03606225185018697,0.05244601782549996,0.047851069716438585,0.12858382992023243,0.05422818940161875,0.053595862319999125,0.560671950023972,0.06656082894205238
322,322.0,322.3000002747831,0.035536452257640884,0.05201958237856703,0.04744447446775724,0.12957583257179447,0.053704949287355135,0.05284871771214027,0.5626793508220156,0.06619064050272952
323,323.0,323.300000437089,0.03499647326894372,0.05157147896509174,0.047006054451031114,0.13100565490961302,0.05317590470434787,0.052076872998174824,0.5644206153051916,0.06574694539760627
324,324.0,324.3000005787934,0.034451194013970926,0.05111391969714484,0.04707620490656611,0.1322183006939563,0.05265001736692844,0.051394414660012,0.5658467629772523,0.06524918568416914
325,325.0,325.3000007005394,0.03390426822372031,0.05064401144614814,0.04759787810386953,0.13329524213280655,0.0521299003038645,0.050703244259157405,0.5669113063567335,0.06481414917370013
326,326.0,326.30000080310543,0.03338311930926859,0.05018803458384997,0.04813866040828755,0.13433214692413376,0.05164084541553446,0.049868430555548154,0.5680470462484438,0.06440171655493379
327,327.0,327.3000008873839,0.03288950153542484,0.049749441160640416,0.048683589248186276,0.13518378630871108,0.051277071708477964,0.0490521938055925,0.5691517460807934,0.06401267015217353
328,328.0,328.30000095436054,0.03242217685633685,0.049434705093141476,0.04922405662917734,0.135995000340188,0.05093603095247264,0.04835295002594269,0.5698987321994007,0.0637363479033403
329,329.0,329.30000100509596,0.03195838535799254,0.049104687928540364,0.049658357580120854,0.13662423559141487,0.05106972743923176,0.0478099355206929,0.570374684836698,0.06339998574530882
330,330.0,330.3000010407069,0.031501221239829305,0.04876141137964777,0.04999042339866038,0.1369709117597581,0.05117743493987867,0.04726779274662148,0.5708667268426603,0.06346407769294403
