Total_iterations,Unnamed: 0.1,Intertwine_two,Invert_path_vertices,Insert_inside_vertex,Delete_inside_vertex,Replace_inside_vertex,Donate_between_routes,Trim_one_terminal_cb,Grow_one_terminal_cb
0,0.0,0.125,0.125,0.125,0.125,0.125,0.125,0.125,0.125
1,1.0,0.125,0.125,0.125,0.125,0.125,0.125,0.125,0.125
2,2.0,0.125,0.125,0.125,0.125,0.125,0.125,0.125,0.125
3,3.0,0.125,0.125,0.125,0.125,0.125,0.125,0.125,0.125
4,4.0,0.125,0.125,0.125,0.125,0.125,0.125,0.125,0.125
5,5.0,0.125,0.125,0.125,0.125,0.125,0.125,0.125,0.125
6,6.0,0.125,0.125,0.125,0.125,0.125,0.125,0.125,0.125
7,7.0,0.125,0.125,0.125,0.125,0.125,0.125,0.125,0.125
8,8.0,0.125,0.125,0.125,0.125,0.125,0.125,0.125,0.125
9,9.0,0.125,0.125,0.125,0.125,0.125,0.125,0.125,0.125
10,10.0,0.125,0.125,0.125,0.125,0.125,0.125,0.125,0.125
11,11.0,0.125,0.125,0.125,0.125,0.125,0.125,0.125,0.125
12,12.0,0.125,0.125,0.125,0.125,0.125,0.125,0.125,0.125
13,13.0,0.125,0.125,0.125,0.125,0.125,0.125,0.125,0.125
14,14.0,0.125,0.125,0.125,0.125,0.125,0.125,0.125,0.125
15,15.0,0.125,0.125,0.125,0.125,0.125,0.125,0.125,0.125
16,16.0,0.125,0.125,0.125,0.125,0.125,0.125,0.125,0.125
17,17.0,0.125,0.125,0.125,0.125,0.125,0.125,0.125,0.125
18,18.0,0.125,0.125,0.125,0.125,0.125,0.125,0.125,0.125
19,19.0,0.125,0.125,0.125,0.125,0.125,0.125,0.125,0.125
20,20.0,0.125,0.125,0.125,0.125,0.125,0.125,0.125,0.125
21,21.0,0.125,0.125,0.125,0.125,0.125,0.125,0.125,0.125
22,22.0,0.125,0.125,0.125,0.125,0.125,0.125,0.125,0.125
23,23.0,0.125,0.125,0.125,0.125,0.125,0.125,0.125,0.125
24,24.0,0.125,0.125,0.125,0.125,0.125,0.125,0.125,0.125
25,25.0,0.125,0.125,0.125,0.125,0.125,0.125,0.125,0.125
26,26.0,0.125,0.125,0.125,0.125,0.125,0.125,0.125,0.125
27,27.0,0.125,0.125,0.125,0.125,0.125,0.125,0.125,0.125
28,28.0,0.125,0.125,0.125,0.125,0.125,0.125,0.125,0.125
29,29.0,0.125,0.125,0.125,0.125,0.125,0.125,0.125,0.125
30,30.0,0.125,0.125,0.125,0.125,0.125,0.125,0.125,0.125
31,31.0,0.125,0.125,0.125,0.125,0.125,0.125,0.125,0.125
32,32.0,0.125,0.125,0.125,0.125,0.125,0.125,0.125,0.125
33,33.0,0.125,0.125,0.125,0.125,0.125,0.125,0.125,0.125
34,34.0,0.125,0.125,0.125,0.125,0.125,0.125,0.125,0.125
35,35.0,0.125,0.125,0.125,0.125,0.125,0.125,0.125,0.125
36,36.0,0.125,0.125,0.125,0.125,0.125,0.125,0.125,0.125
37,37.0,0.125,0.125,0.125,0.125,0.125,0.125,0.125,0.125
38,38.0,0.125,0.125,0.125,0.125,0.125,0.125,0.125,0.125
39,39.0,0.125,0.125,0.125,0.125,0.125,0.125,0.125,0.125
40,40.0,0.125,0.125,0.125,0.125,0.125,0.125,0.125,0.125
41,41.0,0.125,0.125,0.125,0.125,0.125,0.125,0.125,0.125
42,42.0,0.125,0.125,0.125,0.125,0.125,0.125,0.125,0.125
43,43.0,0.125,0.125,0.125,0.125,0.125,0.125,0.125,0.125
44,44.0,0.125,0.125,0.125,0.125,0.125,0.125,0.125,0.125
45,45.0,0.125,0.125,0.125,0.125,0.125,0.125,0.125,0.125
46,46.0,0.125,0.125,0.125,0.125,0.125,0.125,0.125,0.125
47,47.0,0.125,0.125,0.125,0.125,0.125,0.125,0.125,0.125
48,48.0,0.125,0.125,0.125,0.125,0.125,0.125,0.125,0.125
49,49.0,0.125,0.125,0.125,0.125,0.125,0.125,0.125,0.125
50,50.0,0.125,0.125,0.125,0.125,0.125,0.125,0.125,0.125
51,51.0,0.125,0.125,0.125,0.125,0.125,0.125,0.125,0.125
52,52.0,0.125,0.125,0.125,0.125,0.125,0.125,0.125,0.125
53,53.0,0.125,0.125,0.125,0.125,0.125,0.125,0.125,0.125
54,54.0,0.125,0.125,0.125,0.125,0.125,0.125,0.125,0.125
55,55.0,0.125,0.125,0.125,0.125,0.125,0.125,0.125,0.125
56,56.0,0.125,0.125,0.125,0.125,0.125,0.125,0.125,0.125
57,57.0,0.125,0.125,0.125,0.125,0.125,0.125,0.125,0.125
58,58.0,0.125,0.125,0.125,0.125,0.125,0.125,0.125,0.125
59,59.0,0.125,0.125,0.125,0.125,0.125,0.125,0.125,0.125
60,60.0,0.125,0.125,0.125,0.125,0.125,0.125,0.125,0.125
61,61.0,0.125,0.125,0.125,0.125,0.125,0.125,0.125,0.125
62,62.0,0.125,0.125,0.125,0.125,0.125,0.125,0.125,0.125
63,63.0,0.125,0.125,0.125,0.125,0.125,0.125,0.125,0.125
64,64.0,0.125,0.125,0.125,0.125,0.125,0.125,0.125,0.125
65,65.0,0.125,0.125,0.125,0.125,0.125,0.125,0.125,0.125
66,66.0,0.125,0.125,0.125,0.125,0.125,0.125,0.125,0.125
67,67.0,0.125,0.125,0.125,0.125,0.125,0.125,0.125,0.125
68,68.0,0.125,0.125,0.125,0.125,0.125,0.125,0.125,0.125
69,69.0,0.125,0.125,0.125,0.125,0.125,0.125,0.125,0.125
70,70.0,0.125,0.125,0.125,0.125,0.125,0.125,0.125,0.125
71,71.0,0.125,0.125,0.125,0.125,0.125,0.125,0.125,0.125
72,72.0,0.125,0.125,0.125,0.125,0.125,0.125,0.125,0.125
73,73.0,0.125,0.125,0.125,0.125,0.125,0.125,0.125,0.125
74,74.0,0.125,0.125,0.125,0.125,0.125,0.125,0.125,0.125
75,75.0,0.125,0.125,0.125,0.125,0.125,0.125,0.125,0.125
76,76.0,0.125,0.125,0.125,0.125,0.125,0.125,0.125,0.125
77,77.0,0.125,0.125,0.125,0.125,0.125,0.125,0.125,0.125
78,78.0,0.125,0.125,0.125,0.125,0.125,0.125,0.125,0.125
79,79.0,0.125,0.125,0.125,0.125,0.125,0.125,0.125,0.125
80,80.0,0.125,0.125,0.125,0.125,0.125,0.125,0.125,0.125
81,81.0,0.125,0.125,0.125,0.125,0.125,0.125,0.125,0.125
82,82.0,0.125,0.125,0.125,0.125,0.125,0.125,0.125,0.125
83,83.0,0.125,0.125,0.125,0.125,0.125,0.125,0.125,0.125
84,84.0,0.125,0.125,0.125,0.125,0.125,0.125,0.125,0.125
85,85.0,0.125,0.125,0.125,0.125,0.125,0.125,0.125,0.125
86,86.0,0.125,0.125,0.125,0.125,0.125,0.125,0.125,0.125
87,87.0,0.125,0.125,0.125,0.125,0.125,0.125,0.125,0.125
88,88.0,0.125,0.125,0.125,0.125,0.125,0.125,0.125,0.125
89,89.0,0.125,0.125,0.125,0.125,0.125,0.125,0.125,0.125
90,90.0,0.125,0.125,0.125,0.125,0.125,0.125,0.125,0.125
91,91.0,0.125,0.125,0.125,0.125,0.125,0.125,0.125,0.125
92,92.0,0.125,0.125,0.125,0.125,0.125,0.125,0.125,0.125
93,93.0,0.125,0.125,0.125,0.125,0.125,0.125,0.125,0.125
94,94.0,0.125,0.125,0.125,0.125,0.125,0.125,0.125,0.125
95,95.0,0.125,0.125,0.125,0.125,0.125,0.125,0.125,0.125
96,96.0,0.125,0.125,0.125,0.125,0.125,0.125,0.125,0.125
97,97.0,0.125,0.125,0.125,0.125,0.125,0.125,0.125,0.125
98,98.0,0.125,0.125,0.125,0.125,0.125,0.125,0.125,0.125
99,99.0,0.125,0.125,0.125,0.125,0.125,0.125,0.125,0.125
100,100.0,0.125,0.125,0.125,0.125,0.125,0.125,0.125,0.125
101,101.0,0.125,0.125,0.125,0.125,0.125,0.125,0.125,0.125
102,102.0,0.125,0.125,0.125,0.125,0.125,0.125,0.125,0.125
103,103.0,0.125,0.125,0.125,0.125,0.125,0.125,0.125,0.125
104,104.0,0.125,0.125,0.125,0.125,0.125,0.125,0.125,0.125
105,105.0,0.125,0.125,0.125,0.125,0.125,0.125,0.125,0.125
106,106.0,0.125,0.125,0.125,0.125,0.125,0.125,0.125,0.125
107,107.0,0.125,0.125,0.125,0.125,0.125,0.125,0.125,0.125
108,108.0,0.125,0.125,0.125,0.125,0.125,0.125,0.125,0.125
109,109.0,0.125,0.125,0.125,0.125,0.125,0.125,0.125,0.125
110,110.0,0.125,0.125,0.125,0.125,0.125,0.125,0.125,0.125
111,111.0,0.125,0.125,0.125,0.125,0.125,0.125,0.125,0.125
112,112.0,0.125,0.125,0.125,0.125,0.125,0.125,0.125,0.125
113,113.0,0.125,0.125,0.125,0.125,0.125,0.125,0.125,0.125
114,114.0,0.125,0.125,0.125,0.125,0.125,0.125,0.125,0.125
115,115.0,0.125,0.125,0.125,0.125,0.125,0.125,0.125,0.125
116,116.0,0.125,0.125,0.125,0.125,0.125,0.125,0.125,0.125
117,117.0,0.125,0.125,0.125,0.125,0.125,0.125,0.125,0.125
118,118.0,0.125,0.125,0.125,0.125,0.125,0.125,0.125,0.125
119,119.0,0.125,0.125,0.125,0.125,0.125,0.125,0.125,0.125
120,120.0,0.125,0.125,0.125,0.125,0.125,0.125,0.125,0.125
121,121.0,0.125,0.125,0.125,0.125,0.125,0.125,0.125,0.125
122,122.0,0.125,0.125,0.125,0.125,0.125,0.125,0.125,0.125
123,123.0,0.125,0.125,0.125,0.125,0.125,0.125,0.125,0.125
124,124.0,0.125,0.125,0.125,0.125,0.125,0.125,0.125,0.125
125,125.0,0.125,0.125,0.125,0.125,0.125,0.125,0.125,0.125
126,126.0,0.125,0.125,0.125,0.125,0.125,0.125,0.125,0.125
127,127.0,0.125,0.125,0.125,0.125,0.125,0.125,0.125,0.125
128,128.0,0.125,0.125,0.125,0.125,0.125,0.125,0.125,0.125
129,129.0,0.125,0.125,0.125,0.125,0.125,0.125,0.125,0.125
130,130.0,0.125,0.125,0.125,0.125,0.125,0.125,0.125,0.125
131,131.0,0.125,0.125,0.125,0.125,0.125,0.125,0.125,0.125
132,132.0,0.125,0.125,0.125,0.125,0.125,0.125,0.125,0.125
133,133.0,0.125,0.125,0.125,0.125,0.125,0.125,0.125,0.125
134,134.0,0.125,0.125,0.125,0.125,0.125,0.125,0.125,0.125
135,135.0,0.125,0.125,0.125,0.125,0.125,0.125,0.125,0.125
136,136.0,0.125,0.125,0.125,0.125,0.125,0.125,0.125,0.125
137,137.0,0.125,0.125,0.125,0.125,0.125,0.125,0.125,0.125
138,138.0,0.125,0.125,0.125,0.125,0.125,0.125,0.125,0.125
139,139.0,0.125,0.125,0.125,0.125,0.125,0.125,0.125,0.125
140,140.0,0.125,0.125,0.125,0.125,0.125,0.125,0.125,0.125
141,141.0,0.125,0.125,0.125,0.125,0.125,0.125,0.125,0.125
142,142.0,0.125,0.125,0.125,0.125,0.125,0.125,0.125,0.125
143,143.0,0.125,0.125,0.125,0.125,0.125,0.125,0.125,0.125
144,144.0,0.125,0.125,0.125,0.125,0.125,0.125,0.125,0.125
145,145.0,0.125,0.125,0.125,0.125,0.125,0.125,0.125,0.125
146,146.0,0.125,0.125,0.125,0.125,0.125,0.125,0.125,0.125
147,147.0,0.125,0.125,0.125,0.125,0.125,0.125,0.125,0.125
148,148.0,0.125,0.125,0.125,0.125,0.125,0.125,0.125,0.125
149,149.0,0.125,0.125,0.125,0.125,0.125,0.125,0.125,0.125
150,150.0,0.125,0.125,0.125,0.125,0.125,0.125,0.125,0.125
151,151.0,0.125,0.125,0.125,0.125,0.125,0.125,0.125,0.125
152,152.0,0.125,0.125,0.125,0.125,0.125,0.125,0.125,0.125
153,153.0,0.125,0.125,0.125,0.125,0.125,0.125,0.125,0.125
154,154.0,0.125,0.125,0.125,0.125,0.125,0.125,0.125,0.125
155,155.0,0.125,0.125,0.125,0.125,0.125,0.125,0.125,0.125
156,156.0,0.125,0.125,0.125,0.125,0.125,0.125,0.125,0.125
157,157.0,0.125,0.125,0.125,0.125,0.125,0.125,0.125,0.125
158,158.0,0.125,0.125,0.125,0.125,0.125,0.125,0.125,0.125
159,159.0,0.125,0.125,0.125,0.125,0.125,0.125,0.125,0.125
160,160.0,0.125,0.125,0.125,0.125,0.125,0.125,0.125,0.125
161,161.0,0.125,0.125,0.125,0.125,0.125,0.125,0.125,0.125
162,162.0,0.125,0.125,0.125,0.125,0.125,0.125,0.125,0.125
163,163.0,0.125,0.125,0.125,0.125,0.125,0.125,0.125,0.125
164,164.0,0.125,0.125,0.125,0.125,0.125,0.125,0.125,0.125
165,165.0,0.125,0.125,0.125,0.125,0.125,0.125,0.125,0.125
166,166.0,0.125,0.125,0.125,0.125,0.125,0.125,0.125,0.125
167,167.0,0.125,0.125,0.125,0.125,0.125,0.125,0.125,0.125
168,168.0,0.125,0.125,0.125,0.125,0.125,0.125,0.125,0.125
169,169.0,0.125,0.125,0.125,0.125,0.125,0.125,0.125,0.125
170,170.0,0.125,0.125,0.125,0.125,0.125,0.125,0.125,0.125
171,171.0,0.125,0.125,0.125,0.125,0.125,0.125,0.125,0.125
172,172.0,0.125,0.125,0.125,0.125,0.125,0.125,0.125,0.125
173,173.0,0.125,0.125,0.125,0.125,0.125,0.125,0.125,0.125
174,174.0,0.125,0.125,0.125,0.125,0.125,0.125,0.125,0.125
175,175.0,0.125,0.125,0.125,0.125,0.125,0.125,0.125,0.125
176,176.0,0.125,0.125,0.125,0.125,0.125,0.125,0.125,0.125
177,177.0,0.125,0.125,0.125,0.125,0.125,0.125,0.125,0.125
178,178.0,0.125,0.125,0.125,0.125,0.125,0.125,0.125,0.125
179,179.0,0.125,0.125,0.125,0.125,0.125,0.125,0.125,0.125
180,180.0,0.125,0.125,0.125,0.125,0.125,0.125,0.125,0.125
181,181.0,0.125,0.125,0.125,0.125,0.125,0.125,0.125,0.125
182,182.0,0.125,0.125,0.125,0.125,0.125,0.125,0.125,0.125
183,183.0,0.125,0.125,0.125,0.125,0.125,0.125,0.125,0.125
184,184.0,0.125,0.125,0.125,0.125,0.125,0.125,0.125,0.125
185,185.0,0.125,0.125,0.125,0.125,0.125,0.125,0.125,0.125
186,186.0,0.125,0.125,0.125,0.125,0.125,0.125,0.125,0.125
187,187.0,0.125,0.125,0.125,0.125,0.125,0.125,0.125,0.125
188,188.0,0.125,0.125,0.125,0.125,0.125,0.125,0.125,0.125
189,189.0,0.125,0.125,0.125,0.125,0.125,0.125,0.125,0.125
190,190.0,0.125,0.125,0.125,0.125,0.125,0.125,0.125,0.125
191,191.0,0.125,0.125,0.125,0.125,0.125,0.125,0.125,0.125
192,192.0,0.125,0.125,0.125,0.125,0.125,0.125,0.125,0.125
193,193.0,0.125,0.125,0.125,0.125,0.125,0.125,0.125,0.125
194,194.0,0.125,0.125,0.125,0.125,0.125,0.125,0.125,0.125
195,195.0,0.125,0.125,0.125,0.125,0.125,0.125,0.125,0.125
196,196.0,0.125,0.125,0.125,0.125,0.125,0.125,0.125,0.125
197,197.0,0.125,0.125,0.125,0.125,0.125,0.125,0.125,0.125
198,198.0,0.125,0.125,0.125,0.125,0.125,0.125,0.125,0.125
199,199.0,0.1248611111111111,0.1248611111111111,0.1248611111111111,0.1248611111111111,0.1248611111111111,0.1248611111111111,0.1259722222222222,0.1248611111111111
200,200.0,0.1243347222222222,0.1254458333333333,0.1243347222222222,0.1243347222222222,0.1243347222222222,0.1253347222222222,0.1265458333333333,0.1253347222222222
201,201.0,0.123362827020202,0.1255739381313131,0.123362827020202,0.1242719179292929,0.124362827020202,0.1252619179292929,0.127541827020202,0.1262619179292929
202,202.0,0.1223156041792929,0.125605715290404,0.1223156041792929,0.1241246950883838,0.1251237859974747,0.1250957950883838,0.1283330050883838,0.1270857950883838
203,203.0,0.1212928768736111,0.1256322979847222,0.1212928768736111,0.1239847859645202,0.1258821586917929,0.1249291649645202,0.129095573682702,0.1278902649645202
204,204.0,0.119976665246933,0.1262170711469331,0.1210877763580442,0.1243604340348119,0.1261533472772361,0.1244379870114785,0.1294232529130846,0.1283434660114785
205,205.0,0.1185915505546959,0.1266804387056959,0.1206915505546959,0.1246283978062111,0.1263017926222717,0.1238416984987778,0.1306065074488738,0.1286580638087778
206,206.0,0.1172582742503779,0.127129907545768,0.120327274250378,0.1248967660708931,0.1264382845974901,0.1232567733675108,0.1317479472141711,0.1289447727034109
207,207.0,0.116060742833988,0.1276381304263751,0.120071152833988,0.1244052389393071,0.1258808354383027,0.1227636821066045,0.1339009453489788,0.1292792720724556
208,208.0,0.1147625086460487,0.1269593012298093,0.1195891744551396,0.1237498727375473,0.125984716780045,0.1221233237567834,0.1364125130046947,0.1304185893899319
209,209.0,0.1134457152146853,0.1261780043648444,0.1190496536847762,0.1230126959437394,0.1259918476682974,0.1214159195195281,0.1395671320981255,0.1313390315060036
210,210.0,0.1119158292889966,0.1251027424574129,0.1190117586177715,0.1219239466997118,0.1255624145901092,0.1203699333406399,0.1443393475649615,0.1317740274403966
211,211.0,0.1102885465567598,0.1238527522099233,0.1188229750317291,0.1206128365760935,0.1248943849229229,0.1198820808784685,0.1490221751156914,0.1326242487084114
212,212.0,0.108208316644389,0.1227907291915792,0.117285383399517,0.1187358971332641,0.1255830116870234,0.1187753589098957,0.1549049535936468,0.1337163494406847
213,213.0,0.1059886974414824,0.1219995725007249,0.1154825987504326,0.1175268639809564,0.1258561891920871,0.1174214645289901,0.1613997275871931,0.1343248860181333
214,214.0,0.1045466557374541,0.1209523564887696,0.1135094138203995,0.1160857862388906,0.12584322342946,0.116532342731983,0.1679821521691381,0.134548069383905
215,215.0,0.1030963127702976,0.1197815349310833,0.1114795096071045,0.1145834195324859,0.125662453347397,0.1155728660492955,0.1753219694387127,0.1345019343236234
216,216.0,0.1016118521511708,0.1184704351497215,0.1093300880885612,0.1129997664804139,0.1251964875353299,0.1145185147914961,0.183027404444909,0.1348454513583976
217,217.0,0.1001859765052426,0.1170840495113876,0.1078001339012353,0.1105631404623269,0.1246388377624986,0.1133902367706899,0.191332306318047,0.1350053187685719
218,218.0,0.0986432939850664,0.1154930665868702,0.1060881293159195,0.1079825011637153,0.1236260123716774,0.1120890918073876,0.2005337560243955,0.1355441487449681
219,219.0,0.0965785550511359,0.113427423988785,0.103797777660251,0.104865699253485,0.1225969311156785,0.110801256287457,0.2121015918704102,0.1358307647727974
220,220.0,0.0944578700487468,0.1120963114581546,0.1014034829691346,0.101690776326481,0.1212236020176419,0.1099249989886285,0.2234475190543044,0.135755439136908
221,221.0,0.0923582590264702,0.1106725320368806,0.0989572933447896,0.0991378325667899,0.11968628159715,0.1094392715644551,0.2344386782764136,0.1353098515870508
222,222.0,0.0902302663027306,0.1095283183944732,0.096447003571093,0.0971694290608988,0.1179530809474305,0.1087176506704206,0.2455064279306571,0.1344478231222961
223,223.0,0.0881421037718508,0.1082996293976337,0.093948220357656,0.0951912981121576,0.1161058420521922,0.1078778928022476,0.2571276274542203,0.1333073860520415
224,224.0,0.0861453595823373,0.1070720610128815,0.0910168388441233,0.0937673886487798,0.1142616306674232,0.1070042847434276,0.2682139155993698,0.1325185209016572
225,225.0,0.0842779104255399,0.1064111437359202,0.0882261679697574,0.0930619355735192,0.1120288725336332,0.1065734986772049,0.2782230135017526,0.1311974575826724
226,226.0,0.0824436351519369,0.1061603767363436,0.0854643677177577,0.0927354905942555,0.1096746606870286,0.1059074846555209,0.287965923592813,0.1296480608643437
227,227.0,0.0806954535354568,0.1064521784789523,0.0827938469877031,0.0923651435661431,0.1073201174465456,0.1051352937446321,0.2972677539704405,0.1279702122701263
228,228.0,0.0791820394016477,0.1055949496729716,0.0803914649292757,0.0916116067875548,0.1052195318499816,0.1044736804747289,0.307095777465444,0.1264309494183955
229,229.0,0.0777671156024881,0.1051787662147627,0.0781264969548046,0.0908901684812843,0.1031824454765259,0.1037760236590744,0.3163125386893168,0.1247664449217428
230,230.0,0.0764760950504596,0.1047321012962307,0.0760506090652388,0.0907453010973148,0.1007439919755571,0.1031622292034094,0.3249958426736746,0.1230938296381149
231,231.0,0.074708096003189,0.1036189738255403,0.0735231249666775,0.0904174465421274,0.0977934814478465,0.1022496876469104,0.3348236209318298,0.1228655686358789
232,232.0,0.073020725348487,0.1024194106949458,0.0711064258424504,0.090424994224271,0.0949036372989427,0.1017043027088837,0.3439188334956159,0.1225016703864032
233,233.0,0.0714578024234349,0.1016769195376557,0.0688663952174223,0.0899666830451109,0.0926320174758757,0.1011918763826216,0.3521014471464943,0.1221068587713843
234,234.0,0.0710284746119453,0.1009560530140757,0.0668137294755507,0.089549315549432,0.0904951492911556,0.1006972114920904,0.358712570710802,0.1217474958549481
235,235.0,0.0705280304838948,0.1006194846812241,0.0648454826799656,0.0890678726190294,0.0882572996994531,0.1009770944294839,0.3644096506403305,0.1212950847666183
236,236.0,0.0698962553270631,0.100381927003568,0.0628763880707478,0.0895961045679034,0.0858777970364091,0.1005724943453804,0.3703113920248385,0.1204876416240896
237,237.0,0.0691497904676242,0.1010450110036107,0.0609189702741605,0.0898125308020745,0.0833908285943784,0.1002748296805515,0.3760439817500641,0.1193640574275358
238,238.0,0.0684503927248009,0.1020137842761928,0.0590917666795818,0.0899914267284748,0.0809869955873398,0.0998376258513625,0.3815595878644274,0.1180684202878198
239,239.0,0.0678489459707565,0.1029526035099367,0.0574486245091534,0.0905829541646151,0.0787632281039133,0.0989918279731202,0.3866175559585419,0.1167942598099625
240,240.0,0.0672177550219303,0.1037031124794989,0.0559185995448863,0.0910423856193023,0.0765866152011212,0.0980216349477761,0.3924622933597158,0.1150476038257686
241,241.0,0.0665350656645056,0.10420969004334,0.0544574236558077,0.0916554491742635,0.0744427564981135,0.0969015600730934,0.3985988916594556,0.1131991632314202
242,242.0,0.065780600166707,0.1048266292897375,0.0530389798904907,0.0919731168101913,0.0723171501867013,0.0956239444553559,0.4052954069811683,0.1111441722196476
243,243.0,0.0650314917205767,0.1053191548170452,0.0517344481027146,0.092722910769049,0.0703274620373381,0.0934810404268544,0.4122628522406335,0.1091206398857881
244,244.0,0.0643248793067216,0.1060352269814711,0.0505421672695902,0.0939538521905017,0.0684409369111084,0.0912905763111319,0.4183052472285665,0.107107113800908
245,245.0,0.0636418958160732,0.1065467300543773,0.0494407409649727,0.0956888193983911,0.0666527880699457,0.0890552532483802,0.4236286805023136,0.1053450919455457
246,246.0,0.0629760187076621,0.1068352682327515,0.0484207006549166,0.0978759046943057,0.0654498309624607,0.0867886265497057,0.4281499205879895,0.1035037296102077
247,247.0,0.0622790540221056,0.1071633906750658,0.0474632425635789,0.1000691712443242,0.0642859267493015,0.0847752618488976,0.4318869504875282,0.1020770024091977
248,248.0,0.0615750722602697,0.1072684794574961,0.0465851060313485,0.1022539524805857,0.0631753578514313,0.082752735341885,0.4357019612889781,0.1006873352880051
249,249.0,0.0608333042808148,0.1071138050985852,0.0457482396723522,0.1047462861434311,0.062070489762465,0.080678353736726,0.4392803793962349,0.0995291419093904
250,250.0,0.0601415312300782,0.106813263526129,0.0450094037961411,0.1072303522504607,0.0610691089206646,0.0786573176526457,0.4426652983651947,0.0984137242586854
251,251.0,0.0594918984918205,0.1064168214949655,0.044633815154375,0.10942315635119,0.0601631475473266,0.0767154571931301,0.4458758597801815,0.0972798439870105
252,252.0,0.0588852922119242,0.1055498883974338,0.0443296366019029,0.112235287022934,0.0593500421595452,0.0748614730986618,0.4486518303231492,0.0961365501844483
253,253.0,0.0583144636130848,0.1045549073493259,0.0440830454834992,0.1150034623773395,0.0586193429984342,0.0730664636968783,0.4510955987831738,0.0952627156982639
254,254.0,0.0578023107191736,0.1035431960011695,0.0439243187488901,0.1175444213026545,0.0580115735940988,0.071394111792087,0.4530800857905889,0.094699982051337
255,255.0,0.0573864938858489,0.1023558333449875,0.0438448525581274,0.1203667262726917,0.0575521774237902,0.0690199266015617,0.4552860549302381,0.0941879349827541
256,256.0,0.0569557993530356,0.1010625197323535,0.043793922945372,0.1228227563007816,0.0571033300451986,0.0670490639617419,0.4575467593025967,0.0936658483589197
257,257.0,0.0565079195128774,0.1004614755223803,0.0437483880262803,0.125059512939071,0.0566592279479857,0.0651448004554088,0.4593084646169375,0.0931102109790584
258,258.0,0.0563444405791967,0.0995975839110384,0.0437555672173779,0.1270270813976764,0.0562800176428767,0.063359477975516,0.4608128222900365,0.0928230089862809
259,259.0,0.0562216105790056,0.0987359878871766,0.0438129934569038,0.1287631437297546,0.0559826130317027,0.0617130703448955,0.4621760758209007,0.0925945051496599
260,260.0,0.0561164325865656,0.0978076736138417,0.0438952094687865,0.1301860169835474,0.0557238219468477,0.0601693485083787,0.4637393371944412,0.0923621596975906
261,261.0,0.0555540924659205,0.0970637332259452,0.0439840518837692,0.1317062208595522,0.0555036967656726,0.0587228655355316,0.4653602562325472,0.092105083031061
262,262.0,0.0554027064137538,0.0963985712476037,0.0444095135904114,0.132971041583143,0.0555131190404012,0.0574906323263875,0.4675463372708002,0.0902680785274988
263,263.0,0.0552237487797386,0.0956524103282755,0.0447873991338832,0.1338340099338795,0.0559589408731285,0.0563322028284045,0.4698123301706261,0.0883989579520636
264,264.0,0.0550456048169111,0.0948705711349192,0.045141993205631,0.1345434316878614,0.0564098509074527,0.0552789360071088,0.4721684215542656,0.0865411906858496
265,265.0,0.0548547508652555,0.0940602240035518,0.0454613895329559,0.1349181518954359,0.0568204686586851,0.0543200220700197,0.4743726655000903,0.0851923274740054
266,266.0,0.0546545078484103,0.0932183709589357,0.0457603327580081,0.1354926065087766,0.0572120592785704,0.0534559867436984,0.4763287565132014,0.0838773793903986
267,267.0,0.0544457231820849,0.0923525337422298,0.0460364088589468,0.1360045434496716,0.0575804998345724,0.052883572145146,0.4780940376162662,0.0826026811710818
268,268.0,0.054244654041734,0.0917505362157976,0.0463030661448363,0.1365188457905349,0.0579530734732791,0.0524084259895298,0.4794324227176709,0.0813889756266169
269,269.0,0.0540626506048854,0.0911802668465781,0.0465650299315487,0.1368767201716776,0.0583360805189612,0.0520406311558286,0.4806787339968287,0.0802598867736913
270,270.0,0.0539442929012284,0.0899768614758671,0.0468548948399137,0.1374329773625451,0.0584605426130953,0.0518073273812433,0.482288890804662,0.0792342126214448
271,271.0,0.0537861664808173,0.0887319898372022,0.0470684718123422,0.1381056522003242,0.058483709564519,0.0515983641648702,0.4840143301855517,0.0782113157543729
272,272.0,0.0537853961967054,0.0874589954530012,0.0472262259152361,0.1386530054190754,0.0584619182926011,0.0514119752714119,0.4855769611860459,0.0774255222659226
273,273.0,0.0537719744793724,0.0859768568063292,0.0473325612666619,0.1391746880184762,0.0584003396207421,0.0512556959755945,0.4874270839167162,0.0766607999161071
274,274.0,0.0542587559705488,0.0845132837901889,0.0474093756630006,0.1393953439754125,0.0583651388979638,0.051142773704694,0.4887254592777734,0.0761898687204176
275,275.0,0.0546786369986482,0.083056918011019,0.0474175915532669,0.1393511824330482,0.0582355978899583,0.0510436634094113,0.4897955337462944,0.0764208759583532
276,276.0,0.0549018853038074,0.0816215744380781,0.0473796066991389,0.1396587235415195,0.05806791717154,0.0509662215408025,0.4907531904252448,0.0766508808798683
277,277.0,0.0550681641164461,0.080227014993125,0.0473024279057673,0.1397993687619236,0.0578280406555513,0.0509018967926807,0.4915514946333241,0.0773215921411814
278,278.0,0.0552127136654148,0.078874311808369,0.0472029493545742,0.1396685477915482,0.0575637078633348,0.050848433695293,0.492481842539241,0.0781474932822245
279,279.0,0.0553303648656928,0.0775646687744401,0.047075717087165,0.1393586306768146,0.0577282481279098,0.0507950004369816,0.4936589388247099,0.0784884312062857
280,280.0,0.0553815297338666,0.0761015381453485,0.0471417769028009,0.1390562608549198,0.0582217959777748,0.050719471294379,0.4944642403237329,0.0789133867671771
281,281.0,0.0553824321247366,0.0747179992537506,0.0471920632840788,0.1387092137201883,0.0587734607383291,0.0506520344259214,0.4954622267018498,0.0791105697511449
282,282.0,0.0553194999255197,0.0733792575752597,0.0471883696921215,0.1383457660636756,0.0592094373893935,0.0505667267118021,0.4967588959791079,0.0792320466631195
283,283.0,0.0552031126655918,0.0721118886210899,0.0471504910232014,0.1378909067102889,0.059541533688445,0.050479899308527,0.4983121502711942,0.0793100177116612
284,284.0,0.0550660855673542,0.0709333121358401,0.0470951006564362,0.1373691312694941,0.0598448774631803,0.0504051051371831,0.5000665401642337,0.0792198476062777
285,285.0,0.0549285060045681,0.0696426885784042,0.0470461671747129,0.1363459357718056,0.0601704734356885,0.0506382064059222,0.5018760449181188,0.0793519777107794
286,286.0,0.0547718351920968,0.068437034830071,0.0469799078008811,0.1354041804919409,0.0604599453027225,0.0508678545923182,0.503452219933866,0.079627021856103
287,287.0,0.0545980944605655,0.0670611971481931,0.0468976530276085,0.1344041854375681,0.060712596568663,0.0510902356841639,0.5053690567197281,0.0798669809535093
288,288.0,0.0544106809065189,0.0657793482372398,0.0467929224298286,0.1335864624399737,0.0609139290542858,0.051285612777702,0.5071648023690534,0.0800662417853974
289,289.0,0.0542156233333643,0.0645990777519702,0.0466777479829211,0.1327493497171862,0.0614658503097288,0.0514702887713015,0.5087451577144962,0.0800769044190313
290,290.0,0.0539899852462642,0.0636975534954604,0.0465463312939484,0.1320404876629672,0.0619016730102013,0.0516458707748401,0.5103118342707813,0.0798662642455368
291,291.0,0.0531975486869253,0.0623170422594471,0.0466768120564443,0.1315009142091592,0.0625717763294658,0.0520799884125224,0.5113516855367533,0.0803042325092825
292,292.0,0.0522659841356293,0.0618962866861383,0.0466500797150006,0.1307963044448336,0.0631387950585461,0.0527101470937314,0.512096091706971,0.0804463111591494
293,293.0,0.0512453817639022,0.0613540488806739,0.0465075482600653,0.1299953508069856,0.0635489038335458,0.0531958891591545,0.5138179062240138,0.0803349710716588
294,294.0,0.0502052513172014,0.0609893929112727,0.0463124233110725,0.1293847675990734,0.0638141020400822,0.0535956708627158,0.5155724970939352,0.0801258948646466
295,295.0,0.0491129342876387,0.0605328559350287,0.04686532855278,0.1287914618748749,0.0639554118128293,0.0538834456486539,0.5171354437500641,0.07972311813813
296,296.0,0.0480465689427846,0.0602782066872232,0.0473980353135305,0.1282384366272275,0.064045701275409,0.0541289638927368,0.5184072590936356,0.0794568281674526
297,297.0,0.0470173532623912,0.0600797154276959,0.0482169813769622,0.1276158542051563,0.0640899355345683,0.0543343080252637,0.5194833982543002,0.079162453913662
298,298.0,0.0460308243944322,0.0600597968860229,0.0490015828474754,0.1266964168678946,0.0640909778954136,0.0544996987111264,0.5207774295875758,0.078843272810059
299,299.0,0.0450892011941876,0.0599312811734419,0.0497442250975491,0.1257566396518401,0.0640389343291318,0.0546104782536447,0.5223332284173015,0.0784960118829031
300,300.0,0.0438230999787324,0.0597493050181272,0.0511479975159802,0.1248143660981325,0.0636806043136755,0.054685960026264,0.5240275291096048,0.0780711379394832
301,301.0,0.0424563114297218,0.0595665363856925,0.0524582841284643,0.1239354791082109,0.0632112584679379,0.0546770192134892,0.5261227208030166,0.0775723904634666
302,302.0,0.0411553798361385,0.0594118545134995,0.0537031017696062,0.1231355163381882,0.0627170905827272,0.0546327651375982,0.528182391302404,0.0770619005198382
303,303.0,0.0399274593830229,0.0592880806129575,0.0548783240402975,0.1224195107648785,0.0622074236369331,0.054560210418852,0.5301737728841729,0.0765452182588855
304,304.0,0.0387703284089665,0.059181749554448,0.0559726336953166,0.1220669566039772,0.0616738499572107,0.0544467870877954,0.5318718164651669,0.0760158782271185
305,305.0,0.0376874130574438,0.0592787091208737,0.0569818707135912,0.1217080918322169,0.0611223774825031,0.0542957363295303,0.5334478695819345,0.0754779318819064
306,306.0,0.0366769676694125,0.0593658030347212,0.0578937731592547,0.121251876630916,0.0605530532211616,0.0540992368911903,0.5352476198003024,0.0749116695930411
307,307.0,0.0358804030927549,0.058810335817994,0.0582175483162811,0.1209607834646534,0.0601111786651996,0.0549100610332396,0.5365084523427123,0.074601237267165
308,308.0,0.0351596276000767,0.0582551133793607,0.0584549209709757,0.1206408038744917,0.0596630464045925,0.0556776494993594,0.5377310140638115,0.0744178242073316
309,309.0,0.0354237291451237,0.0577009924810344,0.0577021794406006,0.1203941831883125,0.059221280823342,0.0564071598332362,0.5389247835959112,0.0742256914924393
310,310.0,0.0357524188672915,0.0571506661285025,0.0570827530486644,0.1200843640363726,0.0589034330060452,0.0572085062447787,0.5399932022558296,0.0738246564125155
311,311.0,0.0361310732308454,0.0567123745758568,0.0565184292112865,0.1198772609564897,0.058582623781742,0.058096058678673,0.54067723462221,0.0734049449428965
312,312.0,0.0367176764970516,0.0562790316762916,0.0558974350392928,0.1200663371264637,0.0582642407557218,0.0580071708675601,0.5417901183840061,0.0729779896536121
313,313.0,0.037178993873316,0.0557697020285241,0.0551526904435325,0.1202208090093233,0.0578700337072534,0.0577754485774863,0.5436467838006713,0.0723855385598927
314,314.0,0.0375310381276504,0.0553309131777089,0.0543073697022982,0.121136052220504,0.057417488903089,0.0574239780777288,0.5451896189450025,0.0716635408460178
315,315.0,0.0378941703114892,0.054893429855095,0.0534345954862941,0.1221129333434444,0.056969385006297,0.057018809446987,0.5467405235900366,0.0709361529603564
316,316.0,0.0382654847050605,0.0544676934348403,0.0525454977941884,0.1229754804568767,0.0565295184995028,0.0565684302601986,0.5484291885992568,0.0702187062500755
317,317.0,0.0378714233104699,0.0540604635996001,0.0516500683612934,0.123736782603371,0.0561034211544388,0.0560843389837489,0.5509701544498886,0.0695233475371891
318,318.0,0.037482703622215,0.0536662135164625,0.0507551076763121,0.1246705240131091,0.0556890851815228,0.0555680927802218,0.5534484978027329,0.0687197754074235
319,319.0,0.0370455508211604,0.0532285830763461,0.0498169341619761,0.1261106257034669,0.05523328131939,0.0549749260775952,0.5557629472633085,0.0678271515767564
320,320.0,0.0365681361852244,0.0528514916365199,0.0488442071714419,0.1274871382528494,0.0547431890439529,0.0543128714048737,0.5583375243664872,0.0668554419386505
321,321.0,0.0360622518501869,0.0524460178254999,0.0478510697164385,0.1285838299202324,0.0542281894016187,0.0535958623199991,0.560671950023972,0.0665608289420523
322,322.0,0.0355364522576408,0.052019582378567,0.0474444744677572,0.1295758325717944,0.0537049492873551,0.0528487177121402,0.5626793508220156,0.0661906405027295
323,323.0,0.0349964732689437,0.0515714789650917,0.0470060544510311,0.131005654909613,0.0531759047043478,0.0520768729981748,0.5644206153051916,0.0657469453976062
324,324.0,0.0344511940139709,0.0511139196971448,0.0470762049065661,0.1322183006939563,0.0526500173669284,0.051394414660012,0.5658467629772523,0.0652491856841691
325,325.0,0.0339042682237203,0.0506440114461481,0.0475978781038695,0.1332952421328065,0.0521299003038645,0.0507032442591574,0.5669113063567335,0.0648141491737001
326,326.0,0.0333831193092685,0.0501880345838499,0.0481386604082875,0.1343321469241337,0.0516408454155344,0.0498684305555481,0.5680470462484438,0.0644017165549337
327,327.0,0.0328895015354248,0.0497494411606404,0.0486835892481862,0.135183786308711,0.0512770717084779,0.0490521938055925,0.5691517460807934,0.0640126701521735
328,328.0,0.0324221768563368,0.0494347050931414,0.0492240566291773,0.135995000340188,0.0509360309524726,0.0483529500259426,0.5698987321994007,0.0637363479033403
329,329.0,0.0319583853579925,0.0491046879285403,0.0496583575801208,0.1366242355914148,0.0510697274392317,0.0478099355206929,0.570374684836698,0.0633999857453088
330,330.0,0.0315012212398293,0.0487614113796477,0.0499904233986603,0.1369709117597581,0.0511774349398786,0.0472677927466214,0.5708667268426603,0.063464077692944
331,331.0,0.0310754507552463,0.048431237216917,0.0503106263357487,0.1372779354454794,0.051305176889601,0.0467586117151814,0.5711895052102374,0.0636514564315885
332,332.0,0.0306814207857056,0.0482316407965703,0.0506160254303986,0.1376250630213914,0.0514487398540542,0.0461289883533759,0.5712974686528781,0.0639706531056258
333,333.0,0.0303168098613773,0.0480375248025736,0.0508971462027101,0.1377909970135064,0.0515971973083151,0.0455274024895492,0.571550889005158,0.06428203331681
334,334.0,0.0299814162864567,0.0478477657674531,0.0511522237344979,0.1378981713340486,0.0517471852277888,0.0449552702487887,0.5718374933164196,0.0645804740845463
335,335.0,0.0296747841864559,0.0476613567651564,0.0513799581157099,0.137951481849496,0.0518956882628501,0.0444136063898217,0.5721615765049967,0.064861547925513
336,336.0,0.0293962329734388,0.0474774044984922,0.0515794801126533,0.1379558734938354,0.0520400342242402,0.0439030533050542,0.5725264253301343,0.0651214960621513
337,337.0,0.0291456624074026,0.0472990069734861,0.0517518685472386,0.1378067272737551,0.0521794382714433,0.0434285685416822,0.5730307540304893,0.0653579739545026
338,338.0,0.0289220066621441,0.0471253800199411,0.0518969670797734,0.1377124192340854,0.0524526894997839,0.0429900122311037,0.5733320817882989,0.0655684434848692
339,339.0,0.0287958506668063,0.0470277187319704,0.0517749482165701,0.1375002212497473,0.0523327101809732,0.0426572544120638,0.5733405088220879,0.0665707877197808
340,340.0,0.0286952732546389,0.0469366871384892,0.0516336000011264,0.1373004613040502,0.0522110139614748,0.0423628087708839,0.5733126053400736,0.0675475502292628
341,341.0,0.0286181628105434,0.0468477299676769,0.0514764089729882,0.1372448254473256,0.0520869005074849,0.042049816517287,0.5731924828402288,0.0684836729364649
342,342.0,0.0285623672770119,0.0467596802733189,0.0513058909977674,0.137091374323165,0.0519611943647945,0.0417688516949601,0.5731787273560001,0.069371913712982
343,343.0,0.0285279130062258,0.0466828217530569,0.0511270280831188,0.136899482397328,0.0518350448639506,0.0415217979511743,0.5731873818720422,0.0702185300731032
344,344.0,0.0285722580286651,0.0466692573916068,0.0517132031959752,0.1368018926005208,0.0517704439769857,0.0413695557019757,0.5723760904759115,0.070727298628359
345,345.0,0.0285991868374377,0.0466282117567216,0.0520184407242704,0.1365637471449618,0.0515891589449176,0.0412182290359233,0.5723325577942352,0.0710504677615322
346,346.0,0.0286061916327133,0.0465491901297139,0.0521846567912577,0.1363129094463813,0.0513711692585386,0.0411521555100781,0.572106561180634,0.0717171660506829
347,347.0,0.0285959321149936,0.0464389844287285,0.0522260356117702,0.1361157964508904,0.0512080840292648,0.0410811119849263,0.5716484993221803,0.0726855560572458
348,348.0,0.0285943812310485,0.0464098218112864,0.0522481197792539,0.1360109841200756,0.0510418962424861,0.0410258523694992,0.5710805165765925,0.0735884278697577
349,349.0,0.0285991018715551,0.0464580538122448,0.0522523374556313,0.1358048131636285,0.0508733293206894,0.0409871619517443,0.5706098397858561,0.0744153626386504
350,350.0,0.0286114989638446,0.0465945571856018,0.0522424450151104,0.1355362202150047,0.0507094048468611,0.0409671770463534,0.5701638054181106,0.0751748913091133
351,351.0,0.0286320451602177,0.0467348331154325,0.0522238814345398,0.1353880114759647,0.050421635415015,0.0409672846017986,0.5697616816100987,0.0758706271869329
352,352.0,0.0287133451852883,0.0469287342331754,0.0513052537559988,0.135349843525264,0.0501937672806352,0.0410373028532927,0.569642229546948,0.0768295236193974
353,353.0,0.0287682372108799,0.0470848355136094,0.0509344671094548,0.1353927152190823,0.0499414188600431,0.0410849211395738,0.5693483608448373,0.0774450441025192
354,354.0,0.0287973636333703,0.0472022791392901,0.0504860560435828,0.1353970381387541,0.0501685881348508,0.0411139628229868,0.569011694445614,0.0778230176415509
355,355.0,0.0288014400062562,0.0472775575788991,0.0499685325348817,0.1353329583023595,0.0508255512006088,0.0411222777139104,0.5686953734346758,0.0779763092284081
356,356.0,0.0287831223217512,0.0473170866470975,0.0493955163690827,0.1351530861523126,0.0515356687780054,0.0411135915671752,0.5687744838319514,0.0779274443326237
357,357.0,0.0287653619490742,0.0474234831504593,0.0488393096350137,0.134951995635042,0.0522376137682045,0.0411115264118639,0.568853636735868,0.077817072714474
358,358.0,0.0287464400680559,0.0475141357295047,0.0483005887653575,0.1347045075700026,0.0529187602336254,0.0411120128985664,0.5690567100091642,0.0776468447257229
359,359.0,0.0287262180168672,0.0475885154682535,0.0477825733268645,0.1345339830166697,0.0535735239709552,0.0411141520075223,0.5692579994599867,0.0774230347328806
360,360.0,0.0287045915759532,0.0476463285325493,0.0473805541125757,0.1348939947967974,0.0537426127524567,0.0411171289434863,0.5693629405695987,0.0771518487165824
361,361.0,0.0286656280165174,0.0477696911241274,0.0469536272349162,0.1350285070578519,0.0538478614706527,0.0411100258457573,0.5694445499287709,0.0771801093214057
362,362.0,0.0286248420226211,0.0478745321365021,0.0465494278648076,0.1350837596959422,0.0539255897167024,0.0411016688319355,0.5696706298821235,0.0771695498493653
363,363.0,0.028582374842121,0.0479604605400943,0.0461690682727488,0.1350605945791585,0.0539771378708987,0.0410916161182062,0.5700358900021609,0.0771228577746111
364,364.0,0.0292758391070551,0.0487647948788214,0.0461574090756396,0.1356429798480425,0.0537106218560594,0.0414590123910178,0.5675758748846242,0.0774134679587396
365,365.0,0.0298510274601259,0.0494332507024925,0.0470578543248411,0.1363282702214954,0.0533136087780006,0.0417099273334366,0.5647466438211713,0.0775594173584361
366,366.0,0.0303974262577627,0.0500557705710693,0.0479219737103062,0.1373964299056131,0.0528506440035665,0.0419368235974,0.5618845624245623,0.0775563695297196
367,367.0,0.0309271870216124,0.0506447749604437,0.0487894562260516,0.138503009677839,0.0523772586044529,0.0421543258346633,0.5590808765957418,0.0775231110791948
368,368.0,0.0314368197641701,0.0511967747061296,0.0496488154852277,0.1395736410461623,0.0518982719732967,0.0423591976345597,0.5564255787170885,0.077460900673365
369,369.0,0.0319231540188306,0.0517128390766299,0.0504944802427483,0.1406511984406807,0.0514213632730737,0.0425537009111744,0.5538653467409644,0.0773779172958978
370,370.0,0.0323845947320037,0.0521931076662299,0.0513214103613992,0.141674171335405,0.0509552446447049,0.0427389178176445,0.5514527267710013,0.0772798266716114
371,371.0,0.0328204180087615,0.0526351653747363,0.0521265707276487,0.1424942594120323,0.0505395386457735,0.0429189129668251,0.549360832683518,0.0771043021807044
372,372.0,0.0332246987190249,0.053027965210852,0.0532952522630958,0.1431720467159198,0.0501319035864413,0.0430803207639875,0.5475630030659941,0.0765048096746844
373,373.0,0.0335828935142773,0.0533625752681101,0.0543624044861019,0.1436950212587019,0.0500798290120783,0.0432123304943685,0.5459000466308821,0.0758048993354797
374,374.0,0.0338943562203415,0.0536392452403019,0.0553235730792435,0.1440425770792483,0.0499808429813929,0.0433136277791733,0.5447906698475427,0.0750151077727559
