,Unnamed: 0,Total_iterations,Intertwine_two,Add_vertex,Delete_vertex,Invert_path_vertices,Insert_inside_vertex,Delete_inside_vertex,Replace_inside_vertex,Donate_between_routes
0,0.0,0.0,0.125,0.125,0.125,0.125,0.125,0.125,0.125,0.125
1,1.0,1.0,0.125,0.125,0.125,0.125,0.125,0.125,0.125,0.125
2,2.0,2.0,0.125,0.125,0.125,0.125,0.125,0.125,0.125,0.125
3,3.0,3.0,0.125,0.125,0.125,0.125,0.125,0.125,0.125,0.125
4,4.0,4.0,0.125,0.125,0.125,0.125,0.125,0.125,0.125,0.125
5,5.0,5.0,0.125,0.125,0.125,0.125,0.125,0.125,0.125,0.125
6,6.0,6.0,0.125,0.125,0.125,0.125,0.125,0.125,0.125,0.125
7,7.0,7.0,0.125,0.125,0.125,0.125,0.125,0.125,0.125,0.125
8,8.0,8.0,0.125,0.125,0.125,0.125,0.125,0.125,0.125,0.125
9,9.0,9.0,0.125,0.125,0.125,0.125,0.125,0.125,0.125,0.125
10,10.0,10.0,0.125,0.125,0.125,0.125,0.125,0.125,0.125,0.125
11,11.0,11.0,0.125,0.125,0.125,0.125,0.125,0.125,0.125,0.125
12,12.0,12.0,0.125,0.125,0.125,0.125,0.125,0.125,0.125,0.125
13,13.0,13.0,0.125,0.125,0.125,0.125,0.125,0.125,0.125,0.125
14,14.0,14.0,0.125,0.125,0.125,0.125,0.125,0.125,0.125,0.125
15,15.0,15.0,0.125,0.125,0.125,0.125,0.125,0.125,0.125,0.125
16,16.0,16.0,0.125,0.125,0.125,0.125,0.125,0.125,0.125,0.125
17,17.0,17.0,0.125,0.125,0.125,0.125,0.125,0.125,0.125,0.125
18,18.0,18.0,0.125,0.125,0.125,0.125,0.125,0.125,0.125,0.125
19,19.0,19.0,0.125,0.125,0.125,0.125,0.125,0.125,0.125,0.125
20,20.0,20.0,0.125,0.125,0.125,0.125,0.125,0.125,0.125,0.125
21,21.0,21.0,0.125,0.125,0.125,0.125,0.125,0.125,0.125,0.125
22,22.0,22.0,0.125,0.125,0.125,0.125,0.125,0.125,0.125,0.125
23,23.0,23.0,0.125,0.125,0.125,0.125,0.125,0.125,0.125,0.125
24,24.0,24.0,0.125,0.125,0.125,0.125,0.125,0.125,0.125,0.125
25,25.0,25.0,0.125,0.125,0.125,0.125,0.125,0.125,0.125,0.125
26,26.0,26.0,0.125,0.125,0.125,0.125,0.125,0.125,0.125,0.125
27,27.0,27.0,0.125,0.125,0.125,0.125,0.125,0.125,0.125,0.125
28,28.0,28.0,0.125,0.125,0.125,0.125,0.125,0.125,0.125,0.125
29,29.0,29.0,0.125,0.125,0.125,0.125,0.125,0.125,0.125,0.125
30,30.0,30.0,0.125,0.125,0.125,0.125,0.125,0.125,0.125,0.125
31,31.0,31.0,0.125,0.125,0.125,0.125,0.125,0.125,0.125,0.125
32,32.0,32.0,0.125,0.125,0.125,0.125,0.125,0.125,0.125,0.125
33,33.0,33.0,0.125,0.125,0.125,0.125,0.125,0.125,0.125,0.125
34,34.0,34.0,0.125,0.125,0.125,0.125,0.125,0.125,0.125,0.125
35,35.0,35.0,0.125,0.125,0.125,0.125,0.125,0.125,0.125,0.125
36,36.0,36.0,0.125,0.125,0.125,0.125,0.125,0.125,0.125,0.125
37,37.0,37.0,0.125,0.125,0.125,0.125,0.125,0.125,0.125,0.125
38,38.0,38.0,0.125,0.125,0.125,0.125,0.125,0.125,0.125,0.125
39,39.0,39.0,0.125,0.125,0.125,0.125,0.125,0.125,0.125,0.125
40,40.0,40.0,0.125,0.125,0.125,0.125,0.125,0.125,0.125,0.125
41,41.0,41.0,0.125,0.125,0.125,0.125,0.125,0.125,0.125,0.125
42,42.0,42.0,0.125,0.125,0.125,0.125,0.125,0.125,0.125,0.125
43,43.0,43.0,0.125,0.125,0.125,0.125,0.125,0.125,0.125,0.125
44,44.0,44.0,0.125,0.125,0.125,0.125,0.125,0.125,0.125,0.125
45,45.0,45.0,0.125,0.125,0.125,0.125,0.125,0.125,0.125,0.125
46,46.0,46.0,0.125,0.125,0.125,0.125,0.125,0.125,0.125,0.125
47,47.0,47.0,0.125,0.125,0.125,0.125,0.125,0.125,0.125,0.125
48,48.0,48.0,0.125,0.125,0.125,0.125,0.125,0.125,0.125,0.125
49,49.0,49.0,0.125,0.125,0.125,0.125,0.125,0.125,0.125,0.125
50,50.0,50.0,0.125,0.125,0.125,0.125,0.125,0.125,0.125,0.125
51,51.0,51.0,0.125,0.125,0.125,0.125,0.125,0.125,0.125,0.125
52,52.0,52.0,0.125,0.125,0.125,0.125,0.125,0.125,0.125,0.125
53,53.0,53.0,0.125,0.125,0.125,0.125,0.125,0.125,0.125,0.125
54,54.0,54.0,0.125,0.125,0.125,0.125,0.125,0.125,0.125,0.125
55,55.0,55.0,0.125,0.125,0.125,0.125,0.125,0.125,0.125,0.125
56,56.0,56.0,0.125,0.125,0.125,0.125,0.125,0.125,0.125,0.125
57,57.0,57.0,0.125,0.125,0.125,0.125,0.125,0.125,0.125,0.125
58,58.0,58.0,0.125,0.125,0.125,0.125,0.125,0.125,0.125,0.125
59,59.0,59.0,0.125,0.125,0.125,0.125,0.125,0.125,0.125,0.125
60,60.0,60.0,0.125,0.125,0.125,0.125,0.125,0.125,0.125,0.125
61,61.0,61.0,0.125,0.125,0.125,0.125,0.125,0.125,0.125,0.125
62,62.0,62.0,0.125,0.125,0.125,0.125,0.125,0.125,0.125,0.125
63,63.0,63.0,0.125,0.125,0.125,0.125,0.125,0.125,0.125,0.125
64,64.0,64.0,0.125,0.125,0.125,0.125,0.125,0.125,0.125,0.125
65,65.0,65.0,0.125,0.125,0.125,0.125,0.125,0.125,0.125,0.125
66,66.0,66.0,0.125,0.125,0.125,0.125,0.125,0.125,0.125,0.125
67,67.0,67.0,0.125,0.125,0.125,0.125,0.125,0.125,0.125,0.125
68,68.0,68.0,0.125,0.125,0.125,0.125,0.125,0.125,0.125,0.125
69,69.0,69.0,0.125,0.125,0.125,0.125,0.125,0.125,0.125,0.125
70,70.0,70.0,0.125,0.125,0.125,0.125,0.125,0.125,0.125,0.125
71,71.0,71.0,0.125,0.125,0.125,0.125,0.125,0.125,0.125,0.125
72,72.0,72.0,0.125,0.125,0.125,0.125,0.125,0.125,0.125,0.125
73,73.0,73.0,0.125,0.125,0.125,0.125,0.125,0.125,0.125,0.125
74,74.0,74.0,0.125,0.125,0.125,0.125,0.125,0.125,0.125,0.125
75,75.0,75.0,0.125,0.125,0.125,0.125,0.125,0.125,0.125,0.125
76,76.0,76.0,0.125,0.125,0.125,0.125,0.125,0.125,0.125,0.125
77,77.0,77.1,0.125,0.125,0.125,0.125,0.125,0.125,0.125,0.125
78,78.0,78.1,0.125,0.125,0.125,0.125,0.125,0.125,0.125,0.125
79,79.0,79.1,0.125,0.125,0.125,0.125,0.125,0.125,0.125,0.125
80,80.0,80.1,0.125,0.125,0.125,0.125,0.125,0.125,0.125,0.125
81,81.0,81.1,0.125,0.125,0.125,0.125,0.125,0.125,0.125,0.125
82,82.0,82.2,0.125,0.125,0.125,0.125,0.125,0.125,0.125,0.125
83,83.0,83.2,0.125,0.125,0.125,0.125,0.125,0.125,0.125,0.125
84,84.0,84.2,0.125,0.125,0.125,0.125,0.125,0.125,0.125,0.125
85,85.0,85.2,0.125,0.125,0.125,0.125,0.125,0.125,0.125,0.125
86,86.0,86.3,0.125,0.125,0.125,0.125,0.125,0.125,0.125,0.125
87,87.0,87.4,0.125,0.125,0.125,0.125,0.125,0.125,0.125,0.125
88,88.0,88.4,0.125,0.125,0.125,0.125,0.125,0.125,0.125,0.125
89,89.0,89.4,0.125,0.125,0.125,0.125,0.125,0.125,0.125,0.125
90,90.0,90.4,0.125,0.125,0.125,0.125,0.125,0.125,0.125,0.125
91,91.0,91.4,0.125,0.125,0.125,0.125,0.125,0.125,0.125,0.125
92,92.0,92.4,0.125,0.125,0.125,0.125,0.125,0.125,0.125,0.125
93,93.0,93.4,0.125,0.125,0.125,0.125,0.125,0.125,0.125,0.125
94,94.0,94.4,0.125,0.125,0.125,0.125,0.125,0.125,0.125,0.125
95,95.0,95.4,0.125,0.125,0.125,0.125,0.125,0.125,0.125,0.125
96,96.0,96.4,0.125,0.125,0.125,0.125,0.125,0.125,0.125,0.125
97,97.0,97.4,0.125,0.125,0.125,0.125,0.125,0.125,0.125,0.125
98,98.0,98.5,0.125,0.125,0.125,0.125,0.125,0.125,0.125,0.125
99,99.0,99.5,0.125,0.125,0.125,0.125,0.125,0.125,0.125,0.125
100,100.0,100.5,0.125,0.125,0.125,0.125,0.125,0.125,0.125,0.125
101,101.0,101.5,0.125,0.125,0.125,0.125,0.125,0.125,0.125,0.125
102,102.0,102.5,0.125,0.125,0.125,0.125,0.125,0.125,0.125,0.125
103,103.0,103.5,0.125,0.125,0.125,0.125,0.125,0.125,0.125,0.125
104,104.0,104.5,0.125,0.125,0.125,0.125,0.125,0.125,0.125,0.125
105,105.0,105.5,0.125,0.125,0.125,0.125,0.125,0.125,0.125,0.125
106,106.0,106.5,0.125,0.125,0.125,0.125,0.125,0.125,0.125,0.125
107,107.0,107.5,0.125,0.125,0.125,0.125,0.125,0.125,0.125,0.125
108,108.0,108.5,0.125,0.125,0.125,0.125,0.125,0.125,0.125,0.125
109,109.0,109.5,0.125,0.125,0.125,0.125,0.125,0.125,0.125,0.125
110,110.0,110.5,0.125,0.125,0.125,0.125,0.125,0.125,0.125,0.125
111,111.0,111.5,0.125,0.125,0.125,0.125,0.125,0.125,0.125,0.125
112,112.0,112.5,0.125,0.125,0.125,0.125,0.125,0.125,0.125,0.125
113,113.0,113.5,0.125,0.125,0.125,0.125,0.125,0.125,0.125,0.125
114,114.0,114.5,0.125,0.125,0.125,0.125,0.125,0.125,0.125,0.125
115,115.0,115.5,0.125,0.125,0.125,0.125,0.125,0.125,0.125,0.125
116,116.0,116.5,0.125,0.125,0.125,0.125,0.125,0.125,0.125,0.125
117,117.0,117.5,0.125,0.125,0.125,0.125,0.125,0.125,0.125,0.125
118,118.0,118.5,0.125,0.125,0.125,0.125,0.125,0.125,0.125,0.125
119,119.0,119.5,0.125,0.125,0.125,0.125,0.125,0.125,0.125,0.125
120,120.0,120.5,0.125,0.125,0.125,0.125,0.125,0.125,0.125,0.125
121,121.0,121.5,0.125,0.125,0.125,0.125,0.125,0.125,0.125,0.125
122,122.0,122.5,0.125,0.125,0.125,0.125,0.125,0.125,0.125,0.125
123,123.0,123.5,0.125,0.125,0.125,0.125,0.125,0.125,0.125,0.125
124,124.0,124.5,0.125,0.125,0.125,0.125,0.125,0.125,0.125,0.125
125,125.0,125.5,0.125,0.125,0.125,0.125,0.125,0.125,0.125,0.125
126,126.0,126.5,0.125,0.125,0.125,0.125,0.125,0.125,0.125,0.125
127,127.0,127.5,0.125,0.125,0.125,0.125,0.125,0.125,0.125,0.125
128,128.0,128.5,0.125,0.125,0.125,0.125,0.125,0.125,0.125,0.125
129,129.0,129.5,0.125,0.125,0.125,0.125,0.125,0.125,0.125,0.125
130,130.0,130.5,0.125,0.125,0.125,0.125,0.125,0.125,0.125,0.125
131,131.0,131.5,0.125,0.125,0.125,0.125,0.125,0.125,0.125,0.125
132,132.0,132.5,0.125,0.125,0.125,0.125,0.125,0.125,0.125,0.125
133,133.0,133.5,0.125,0.125,0.125,0.125,0.125,0.125,0.125,0.125
134,134.0,134.5,0.125,0.125,0.125,0.125,0.125,0.125,0.125,0.125
135,135.0,135.5,0.125,0.125,0.125,0.125,0.125,0.125,0.125,0.125
136,136.0,136.5,0.125,0.125,0.125,0.125,0.125,0.125,0.125,0.125
137,137.0,137.5,0.125,0.125,0.125,0.125,0.125,0.125,0.125,0.125
138,138.0,138.5,0.125,0.125,0.125,0.125,0.125,0.125,0.125,0.125
139,139.0,139.5,0.125,0.125,0.125,0.125,0.125,0.125,0.125,0.125
140,140.0,140.5,0.125,0.125,0.125,0.125,0.125,0.125,0.125,0.125
141,141.0,141.5,0.125,0.125,0.125,0.125,0.125,0.125,0.125,0.125
142,142.0,142.5,0.125,0.125,0.125,0.125,0.125,0.125,0.125,0.125
143,143.0,143.5,0.125,0.125,0.125,0.125,0.125,0.125,0.125,0.125
144,144.0,144.5,0.125,0.125,0.125,0.125,0.125,0.125,0.125,0.125
145,145.0,145.5,0.125,0.125,0.125,0.125,0.125,0.125,0.125,0.125
146,146.0,146.5,0.125,0.125,0.125,0.125,0.125,0.125,0.125,0.125
147,147.0,147.5,0.125,0.125,0.125,0.125,0.125,0.125,0.125,0.125
148,148.0,148.5,0.125,0.125,0.125,0.125,0.125,0.125,0.125,0.125
149,149.0,149.5,0.125,0.125,0.125,0.125,0.125,0.125,0.125,0.125
150,150.0,150.5,0.125,0.125,0.125,0.125,0.125,0.125,0.125,0.125
151,151.0,151.5,0.125,0.125,0.125,0.125,0.125,0.125,0.125,0.125
152,152.0,152.5,0.125,0.125,0.125,0.125,0.125,0.125,0.125,0.125
153,153.0,153.5,0.125,0.125,0.125,0.125,0.125,0.125,0.125,0.125
154,154.0,154.5,0.125,0.125,0.125,0.125,0.125,0.125,0.125,0.125
155,155.0,155.5,0.125,0.125,0.125,0.125,0.125,0.125,0.125,0.125
156,156.0,156.5,0.125,0.125,0.125,0.125,0.125,0.125,0.125,0.125
157,157.0,157.5,0.125,0.125,0.125,0.125,0.125,0.125,0.125,0.125
158,158.0,158.5,0.125,0.125,0.125,0.125,0.125,0.125,0.125,0.125
159,159.0,159.5,0.125,0.125,0.125,0.125,0.125,0.125,0.125,0.125
160,160.0,160.5,0.125,0.125,0.125,0.125,0.125,0.125,0.125,0.125
161,161.0,161.5,0.125,0.125,0.125,0.125,0.125,0.125,0.125,0.125
162,162.0,162.5,0.125,0.125,0.125,0.125,0.125,0.125,0.125,0.125
163,163.0,163.5,0.125,0.125,0.125,0.125,0.125,0.125,0.125,0.125
164,164.0,164.5,0.125,0.125,0.125,0.125,0.125,0.125,0.125,0.125
165,165.0,165.5,0.125,0.125,0.125,0.125,0.125,0.125,0.125,0.125
166,166.0,166.5,0.125,0.125,0.125,0.125,0.125,0.125,0.125,0.125
167,167.0,167.5,0.125,0.125,0.125,0.125,0.125,0.125,0.125,0.125
168,168.0,168.5,0.125,0.125,0.125,0.125,0.125,0.125,0.125,0.125
169,169.0,169.5,0.125,0.125,0.125,0.125,0.125,0.125,0.125,0.125
170,170.0,170.5,0.125,0.125,0.125,0.125,0.125,0.125,0.125,0.125
171,171.0,171.5,0.125,0.125,0.125,0.125,0.125,0.125,0.125,0.125
172,172.0,172.5,0.125,0.125,0.125,0.125,0.125,0.125,0.125,0.125
173,173.0,173.5,0.125,0.125,0.125,0.125,0.125,0.125,0.125,0.125
174,174.0,174.5,0.125,0.125,0.125,0.125,0.125,0.125,0.125,0.125
175,175.0,175.5,0.125,0.125,0.125,0.125,0.125,0.125,0.125,0.125
176,176.0,176.5,0.125,0.125,0.125,0.125,0.125,0.125,0.125,0.125
177,177.0,177.5,0.125,0.125,0.125,0.125,0.125,0.125,0.125,0.125
178,178.0,178.6,0.125,0.125,0.125,0.125,0.125,0.125,0.125,0.125
179,179.0,179.6,0.125,0.125,0.125,0.125,0.125,0.125,0.125,0.125
180,180.0,180.6,0.125,0.125,0.125,0.125,0.125,0.125,0.125,0.125
181,181.0,181.6,0.125,0.125,0.125,0.125,0.125,0.125,0.125,0.125
182,182.0,182.6,0.125,0.125,0.125,0.125,0.125,0.125,0.125,0.125
183,183.0,183.6,0.125,0.125,0.125,0.125,0.125,0.125,0.125,0.125
184,184.0,184.6,0.125,0.125,0.125,0.125,0.125,0.125,0.125,0.125
185,185.0,185.6,0.125,0.125,0.125,0.125,0.125,0.125,0.125,0.125
186,186.0,186.6,0.125,0.125,0.125,0.125,0.125,0.125,0.125,0.125
187,187.0,187.6,0.125,0.125,0.125,0.125,0.125,0.125,0.125,0.125
188,188.0,188.6,0.125,0.125,0.125,0.125,0.125,0.125,0.125,0.125
189,189.0,189.6,0.125,0.125,0.125,0.125,0.125,0.125,0.125,0.125
190,190.0,190.6,0.125,0.125,0.125,0.125,0.125,0.125,0.125,0.125
191,191.0,191.6,0.125,0.125,0.125,0.125,0.125,0.125,0.125,0.125
192,192.0,192.6,0.125,0.125,0.125,0.125,0.125,0.125,0.125,0.125
193,193.0,193.6,0.125,0.125,0.125,0.125,0.125,0.125,0.125,0.125
194,194.0,194.6,0.125,0.125,0.125,0.125,0.125,0.125,0.125,0.125
195,195.0,195.6,0.125,0.125,0.125,0.125,0.125,0.125,0.125,0.125
196,196.0,196.6,0.125,0.125,0.125,0.125,0.125,0.125,0.125,0.125
197,197.0,197.6,0.125,0.125,0.125,0.125,0.125,0.125,0.125,0.125
198,198.0,198.6,0.125,0.125,0.125,0.125,0.125,0.125,0.125,0.125
199,199.0,199.6,0.125,0.125,0.125,0.125,0.125,0.125,0.125,0.125
200,200.0,200.6,0.12361111111111112,0.12361111111111112,0.12361111111111112,0.13472222222222224,0.12361111111111112,0.12361111111111112,0.12361111111111112,0.12361111111111112
201,201.0,201.6,0.11833333333333336,0.11833333333333336,0.1405555555555556,0.13944444444444443,0.12833333333333335,0.11833333333333336,0.11833333333333336,0.11833333333333336
202,202.0,202.6,0.12611111111111112,0.11611111111111112,0.14611111111111114,0.13722222222222222,0.12611111111111112,0.11611111111111112,0.11611111111111112,0.11611111111111112
203,203.0,203.6,0.12270202020202021,0.12381313131313135,0.15997474747474746,0.1327020202020202,0.12270202020202021,0.11270202020202022,0.11270202020202022,0.11270202020202022
204,204.0,204.6,0.12830808080808082,0.12123737373737371,0.17073232323232326,0.12921717171717167,0.12012626262626261,0.11012626262626261,0.11012626262626261,0.11012626262626261
205,205.0,205.6,0.13372766122766122,0.11983877233877231,0.16601204351204352,0.1278185703185703,0.1264199689199689,0.10872766122766123,0.10872766122766123,0.10872766122766123
206,206.0,206.6,0.1326165501165501,0.1176165501165501,0.1558100233100233,0.12670745920745918,0.13530885780885776,0.1167074592074592,0.1076165501165501,0.1076165501165501
207,207.0,207.6,0.12817210567210566,0.11226301476301474,0.15894133644133643,0.13059634809634807,0.12995532245532243,0.1337276612276612,0.10317210567210566,0.10317210567210566
208,208.0,208.6,0.12651154401154402,0.11060245310245309,0.16222582972582972,0.1389357864357864,0.12774531024531022,0.13095598845598844,0.10151154401154401,0.10151154401154401
209,209.0,209.6,0.12414673046251992,0.108237639553429,0.17414673046251994,0.13566188197767143,0.12595693779904304,0.13460925039872407,0.09914673046251991,0.09809409888357254
210,210.0,210.6,0.12323763955342901,0.10732854864433809,0.17323763955342902,0.1338437001594896,0.1332296650717703,0.13370015948963315,0.09823763955342901,0.09718500797448164
211,211.0,211.6,0.12102272727272727,0.106155303030303,0.17670454545454542,0.13087121212121208,0.12907196969696969,0.13058712121212118,0.1106060606060606,0.09498106060606058
212,212.0,212.6,0.1273443960527041,0.10440625172280718,0.17097184703309623,0.13643530514361316,0.12592434349559878,0.12782861973280404,0.11410910193505701,0.09298013488431921
213,213.0,213.6,0.12496828568257137,0.10200910200910196,0.17368623440052008,0.13443857729572012,0.13645877931592215,0.12546302903445755,0.1117204224347081,0.09125556982699837
214,214.0,214.6,0.12455220218378112,0.10157240420398313,0.17151576493681756,0.13502228765386656,0.13544759334233014,0.13032041058356844,0.11071954361428042,0.0908497934813724
215,215.0,215.6,0.12373959373959371,0.10075979575979574,0.17247585747585745,0.12532689532689528,0.1341086691086691,0.14417138417138414,0.10938061938061935,0.09003718503718501
216,216.0,216.6,0.1226223776223776,0.09964257964257961,0.17531468531468528,0.1237334887334887,0.13299145299145299,0.1485120435120435,0.10826340326340325,0.0889199689199689
217,217.0,217.6,0.13080710955710956,0.10013500388500388,0.17515054390054388,0.10601592851592852,0.13348387723387722,0.14998931623931624,0.10875582750582749,0.09566239316239314
218,218.0,218.6,0.1297768065268065,0.09908449883449881,0.16911013986013984,0.10497552447552447,0.1324434731934732,0.15624184149184148,0.10872552447552446,0.09964219114219111
219,219.0,219.6,0.12853277182921913,0.0978206621567134,0.17226796887833576,0.1033539417290145,0.13118953750578674,0.1603330197273121,0.10846168779773901,0.09804041037587918
220,220.0,220.6,0.12623105652517413,0.09506859153917975,0.18004058033469797,0.10797708827120589,0.1278977231918408,0.15329347123464768,0.10625906772965595,0.10323242117359761
221,221.0,221.6,0.12396063688633345,0.09327436237652953,0.17696815568332594,0.10589046144773698,0.1322939702196668,0.16159885006634228,0.1049410290431962,0.1010725342768686
222,222.0,222.6,0.1237254901960784,0.09205882352941172,0.1794117647058823,0.10441176470588232,0.13009803921568625,0.16745098039215683,0.10372549019607842,0.09911764705882349
223,223.0,223.6,0.11598739495798319,0.09098739495798318,0.1862570028011204,0.10334033613445377,0.13521708683473388,0.16864145658263302,0.10217787114845937,0.09739145658263301
224,224.0,224.6,0.11419861192491117,0.08919861192491116,0.1873158133509361,0.1013229762337415,0.1380144401096714,0.17435098929245124,0.10037285434915359,0.09522570281422363
225,225.0,225.6,0.11333262325909384,0.08833262325909383,0.1868174717439423,0.10142786135433193,0.141578886799475,0.1738806536600654,0.09987451274215978,0.09475536718183775
226,226.0,226.6,0.11246257827140178,0.08746257827140178,0.19486008272772976,0.10034136615018967,0.13907485488367838,0.17247160519219337,0.09933126514008864,0.0939956693633164
227,227.0,227.6,0.11213674468469863,0.08713674468469863,0.19295322147304242,0.09981790410498849,0.13876733631529026,0.17668293733830814,0.09900543155338548,0.09349967984558774
228,228.0,228.6,0.11171568627450978,0.08671568627450979,0.2021895424836601,0.09921568627450977,0.13925536881419232,0.1783893557422969,0.09449346405228755,0.08802521008403358
229,229.0,229.6,0.11092982456140348,0.08592982456140348,0.20883040935672512,0.09826315789473682,0.13846950710108602,0.17708939014202169,0.09370760233918125,0.0867802840434419
230,230.0,230.6,0.11022042285200177,0.08522042285200178,0.21474808816914076,0.09739991003148897,0.13776010539168432,0.17099897178844545,0.09799820062977956,0.0856538782854572
231,231.0,231.6,0.10981481481481478,0.08481481481481479,0.21648148148148144,0.09685185185185183,0.13735449735449734,0.17198412698412696,0.09759259259259256,0.08510582010582007
232,232.0,232.6,0.10805555555555553,0.08305555555555552,0.21638888888888888,0.10607142857142857,0.13559523809523805,0.17226190476190475,0.09559523809523807,0.08297619047619044
233,233.0,233.6,0.10497785739165047,0.09108896850276157,0.21907100562272971,0.10175946658705279,0.132517539931333,0.16527690700104494,0.10230108971488279,0.08300716524854453
234,234.0,234.6,0.10395382395382394,0.09006493506493504,0.22598845598845596,0.10304473304473302,0.13149350649350647,0.1633333333333333,0.10036796536796533,0.08175324675324673
235,235.0,235.6,0.10353974527887569,0.0896508563899868,0.22759771629336845,0.10263065436978477,0.13107942781855825,0.16460380199510632,0.09975625823451907,0.08114153961980045
236,236.0,236.6,0.08982762406675446,0.09093873517786558,0.22804896794027227,0.10391853315766357,0.12736730660643703,0.17178759646150948,0.10086297760210801,0.08724825898738939
237,237.0,237.6,0.08966095740008781,0.09077206851119893,0.23121563460693895,0.10375186649099691,0.12720063993977038,0.16995426312817616,0.10052964426877468,0.08691492565405606
238,238.0,238.6,0.087842775581906,0.08986297760210803,0.2243974527887571,0.10284277558190599,0.13538245812158856,0.16904517221908524,0.10462055335968376,0.08600583474496516
239,239.0,239.6,0.08807123879704523,0.09009144081724724,0.22254778375746115,0.11376527594269525,0.13537282609863252,0.169396060928319,0.09512807085387728,0.08562730280472212
240,240.0,240.6,0.09045592833092832,0.08877242664742663,0.21774098124098124,0.11951737614237609,0.1340538119288119,0.17182864357864353,0.09366660654160652,0.08396422558922556
241,241.0,241.6,0.0890635059385059,0.08751227938727936,0.21709484959484956,0.12431783494283491,0.13257721445221443,0.17523767898767895,0.09184128371628367,0.08235535298035294
242,242.0,242.6,0.08774139930811592,0.08631332546624898,0.2255654165924031,0.120365384518308,0.13118063207268602,0.1703713902289614,0.09781622786120533,0.080646223952071
243,243.0,243.6,0.08674066200920418,0.08542753069607287,0.22797802652022597,0.11710353443090012,0.13743769444536708,0.16957927835165681,0.09626604001284304,0.07946723353372966
244,244.0,244.6,0.08631842192295833,0.08511281749154745,0.22730502539541564,0.11662075399948395,0.13712298124084163,0.17279927380256246,0.0958437999265972,0.07887692622059306
245,245.0,245.6,0.08600186649099689,0.08489706851119892,0.23156346069389544,0.11640500501913542,0.13690723226049312,0.1701377517410126,0.09552724449463576,0.07856037078863162
246,246.0,246.6,0.08570494566988253,0.08469484465978153,0.22930050859223364,0.11620278116771803,0.1367050084090757,0.17389813786026964,0.09523032367352138,0.07826344996751726
247,247.0,247.6,0.0797909654639194,0.08442554656908875,0.2317046838498245,0.12133030847385065,0.13643571031838292,0.1736945911434402,0.09487189902311383,0.07774629515837952
248,248.0,248.6,0.07945312619225658,0.08417174091087133,0.23112412525456,0.11378349552262593,0.14332476180302264,0.1778410680584593,0.09304337652163736,0.07725830573656657
249,249.0,249.6,0.08161952583543643,0.08612510797259752,0.23586490056809076,0.12334315308537944,0.12714947389398862,0.1798183030233104,0.08679707775211878,0.07928245786907785
250,250.0,250.6,0.07994359668272709,0.08426109600022641,0.2509767918463571,0.11970676144589185,0.12462184636097677,0.17797225818964948,0.08504607352433438,0.07747157594983681
251,251.0,251.6,0.07864699627857522,0.08303561935140881,0.2567035011771853,0.11744398875977821,0.12339636971215914,0.1814107237791448,0.08349718994455836,0.07586561099718994
252,252.0,252.6,0.07732480527602476,0.08279100574222523,0.26700835208152285,0.11631984817350667,0.12202621497743446,0.17850727592191,0.08093075488197438,0.07509174294540147
253,253.0,253.6,0.07777400377400374,0.08229420579420577,0.27073432123432123,0.11570690420690415,0.12155971805971803,0.17746758796758794,0.08017210567210566,0.07429115329115327
254,254.0,254.6,0.0783057165749527,0.08189679519500984,0.2753113654287396,0.11519875163650115,0.12119201043081913,0.17495598710399088,0.07953009569114539,0.07360927793884105
255,255.0,255.6,0.07799111563817443,0.08164997312056133,0.2757690348866819,0.11582661347367225,0.12097430891548536,0.17537461449226152,0.07918654330419034,0.0732277961689726
256,256.0,256.6,0.07798591785050647,0.08659202908819666,0.2786940977436633,0.11124672137446787,0.1228492898727952,0.17396608538407207,0.0792099006278873,0.06945595805841075
257,257.0,257.6,0.07745045495045493,0.08566113316113314,0.282024012024012,0.11518494268494264,0.12050906300906299,0.17068085068085065,0.07857016857016855,0.06991937491937489
258,258.0,258.6,0.07707919763252559,0.08522209411944774,0.2818711874686213,0.11486905635261684,0.12118218766574818,0.1687045506853045,0.08149613594681757,0.06957559012891809
259,259.0,259.6,0.07659138897620685,0.08438124769629811,0.28278143315440374,0.11366696198201238,0.12475996750898019,0.16789886862067643,0.08080539641092513,0.06911473565049692
260,260.0,260.6,0.07404935736440779,0.08394834726339769,0.2846741141168522,0.11734661566166607,0.12281191556092826,0.1676824184042262,0.0805889461944749,0.0688982854340467
261,261.0,261.6,0.07305310701537113,0.08389549314077613,0.28615402955025593,0.11729376153904451,0.1237024576647218,0.16667819007441648,0.0804303838266102,0.06879257718880358
262,262.0,262.6,0.07283085776584351,0.0845990065433381,0.28635125840733316,0.11696607714486622,0.12348020841519418,0.16498477334519593,0.080124758050398,0.07066306032783072
263,263.0,263.6,0.07278460429683334,0.0845527530743279,0.28799013132280177,0.11682731673783568,0.12343395494618399,0.163808435119829,0.08007850458138782,0.07052429992080018
264,264.0,264.6,0.07274027805569858,0.08450842683319318,0.28697062777670246,0.11669433801443144,0.12338962870504924,0.1631878677439425,0.08003417834025307,0.07247465453072927
265,265.0,265.6,0.07252830268358215,0.0842791444344239,0.28985946662965295,0.11638867511538316,0.12317765333293282,0.16104212343342775,0.08066881756322747,0.07205581680736958
266,266.0,266.6,0.07237010913270708,0.08412095088354885,0.2913343351932377,0.11614884891144686,0.12301945978205775,0.16090551168378714,0.08041811707433205,0.07168266733888232
267,267.0,267.6,0.07098905344520559,0.08252922581106606,0.2934828281091098,0.11468086711813097,0.12163840409455624,0.1576104162072861,0.07895690363782645,0.08011230157681856
268,268.0,268.6,0.06988297416868841,0.08048903477474903,0.30382046524903666,0.11349103277674702,0.12053232481803908,0.15518529089957656,0.07777413063127345,0.07882474668188949
269,269.0,269.6,0.07079872110388924,0.08044957749387606,0.3021392023344443,0.10555386068675647,0.11655903134328069,0.1651508783805748,0.080556296861465,0.07879243179571314
270,270.0,270.6,0.06996985613858675,0.07879852746725809,0.30494414254476176,0.10374931741804802,0.11841261708134772,0.15964494312017524,0.0796490005236135,0.08483159570620867
271,271.0,271.6,0.0731485551485551,0.07726110926110923,0.30825141525141525,0.10209468309468306,0.11865541865541862,0.15900055500055496,0.07875228475228471,0.08283597883597879
272,272.0,272.6,0.07304816811420581,0.07716072222675993,0.31219809051884523,0.10199429606033376,0.11849092905696676,0.15586544238431027,0.07857932877744196,0.08266302286113604
273,273.0,273.6,0.07301449808053577,0.07712705219308988,0.3130735113942661,0.10189328595932365,0.11842358898962671,0.1553940619129298,0.07854565874377192,0.0825283427264559
274,274.0,274.6,0.07349485106088875,0.0781202256862634,0.30010814342889813,0.10230870387474159,0.11887147443751214,0.1569907985096664,0.08005165274976592,0.09005415025226345
275,275.0,275.6,0.07274333258064426,0.07823730209330537,0.30132600801862697,0.10245459672230683,0.11902320707571798,0.15710807033623483,0.07992432489371207,0.0891831582794515
276,276.0,276.6,0.07246831374124799,0.07779539406832833,0.3001870109215587,0.10210177478850216,0.11870928668911751,0.15960148922380538,0.08031068171569146,0.08882604885174825
277,277.0,277.6,0.07236494400224766,0.07857547658892704,0.30409977580083314,0.10192297022937666,0.1185681995400546,0.1554811728985263,0.08027138618391919,0.08871607475611518
278,278.0,278.6,0.07204414340915598,0.07899891277771846,0.307279225120268,0.10152899189400448,0.11814983446606656,0.15398408376036635,0.07969593988853867,0.08831886868388127
279,279.0,279.6,0.07187112887112883,0.07871095571095568,0.3096433566433566,0.10135597735597732,0.11791874791874787,0.153060939060939,0.07929304029304027,0.08814585414585412
280,280.0,280.6,0.07172731751916166,0.07845961747726807,0.306423043582508,0.10121216600401015,0.12177493656678073,0.15361183875973888,0.07886160623713877,0.08792947385339349
281,281.0,281.6,0.07169999415297577,0.07929896055354768,0.3059624571402094,0.10120152320496353,0.12175595348416449,0.15552091579843869,0.07765369785667948,0.08690649780902074
282,282.0,282.6,0.07151625616400521,0.07902052559488015,0.3092138456096211,0.10101778521599299,0.12151684450959037,0.15384609729222484,0.07721322586097493,0.0866554197527101
283,283.0,283.6,0.07178283481224654,0.07968904624786975,0.31578649781590956,0.10126768329709504,0.12172222875164049,0.1593776125834949,0.07723661632485158,0.0731374801668919
284,284.0,284.6,0.07104019487367198,0.07831292214639926,0.3179612941942536,0.10761325569263443,0.12090176135818928,0.1562065533929209,0.07626325251778227,0.07170076582414803
285,285.0,285.6,0.07093519662456158,0.07820792389728887,0.3186255778687949,0.1074553753705468,0.12072201289384629,0.15650020674622883,0.07609775820091627,0.07145594839781615
286,286.0,286.6,0.07083411884024934,0.07810684611297661,0.3176757248441345,0.10730309430922483,0.12054908000201903,0.15837328048399085,0.07593823506300965,0.07121962034439491
287,287.0,287.6,0.06992773491798718,0.0781762753683625,0.3147670206322729,0.1072812189721593,0.12049933972755071,0.16237254011279237,0.07589278515826679,0.07108308511060803
288,288.0,288.6,0.06998773006989409,0.0783203041337148,0.31552231313388895,0.10729313720098929,0.12053529641791916,0.16114940662862948,0.07612084753706445,0.07107096487789955
289,289.0,289.6,0.0699036964564487,0.07906966809948458,0.3167828173355696,0.10720910358754392,0.12045126280447378,0.15972777375529662,0.07586874669672831,0.07098693126445417
290,290.0,290.6,0.06975249656181855,0.07967313148245349,0.3168562609706677,0.10703288284220483,0.12028338234270433,0.15989430343667627,0.0756069735349396,0.07090056882853489
291,291.0,291.6,0.07167441848374048,0.09352516533448732,0.31877818289258963,0.09983932564864764,0.11309801515733715,0.1618244153667882,0.06842979635776243,0.07283068075864683
292,292.0,292.6,0.07293216436105157,0.08981396711241954,0.31184173166266016,0.11208941251829971,0.11442303072148316,0.154003178632508,0.06968754223507354,0.07520897275650405
293,293.0,293.6,0.0729095501593329,0.08979135291070087,0.3110502346025064,0.111998955711425,0.11587033963147864,0.15359612300157177,0.06966492803335486,0.07511851594962934
294,294.0,294.6,0.07144054907482013,0.08721124071507699,0.31003400875523635,0.10984872277711148,0.11681897885222689,0.15267220728857553,0.068293275927547,0.08368101660940533
295,295.0,295.6,0.07110701351257301,0.08687770515282986,0.30993914571605236,0.10888144802613794,0.1187220198232315,0.15305377430822903,0.06804754569900683,0.08337134776193932
296,296.0,296.6,0.07007606709799487,0.0880422429925595,0.3057014576676225,0.10725928928121704,0.12119463908613208,0.14965824921193666,0.06747567180232474,0.09059238286021228
297,297.0,297.6,0.0701547606028978,0.08821975072671145,0.3012221708797014,0.10727762061308174,0.12131178464724579,0.15364883303105692,0.06755436530722768,0.09061071419207697
298,298.0,298.6,0.06935118199349695,0.08665859635973484,0.3104609103423145,0.1064153565576715,0.12044952059183556,0.15178611298155886,0.06669790462484956,0.08818041654853796
299,299.0,299.6,0.0685814952253308,0.08507981672365231,0.3120525295182829,0.1055885921639346,0.1273150638904063,0.14965315752986982,0.06570894735278296,0.08602039759574003
300,300.0,300.6,0.06978475822225819,0.09547369891119889,0.29662329599829595,0.10627008470758466,0.12851284195034193,0.1510798723298723,0.0658029761154761,0.08645247176497173
301,301.0,301.6,0.06993367051165213,0.09447008252512837,0.29754322584597814,0.10433162118483215,0.12767327952649052,0.14902816705568997,0.0648362301389824,0.09218372321124611
302,302.0,302.6,0.07058669639234019,0.09581698816946363,0.3101383418682667,0.09493201548657283,0.13063422025854507,0.14676288643667618,0.06544263597305042,0.0856862154150847
303,303.0,303.6,0.06955209362186102,0.09379823193776679,0.3084285523820407,0.0938378079075753,0.13772183086136572,0.14632937981775185,0.06441637348614089,0.0859157299854974
304,304.0,304.6,0.06874647281624022,0.08397814211767698,0.3168750308285192,0.09297404704381443,0.1508191089586438,0.14402017250854457,0.06376909283886026,0.0788179328877003
305,305.0,305.6,0.06862567546443019,0.08378495094347313,0.31889411164506837,0.0927965204422372,0.15064158235706657,0.14296055459766085,0.06365633924509399,0.07864026530496941
306,306.0,306.6,0.06858723847790141,0.08374651395694434,0.3175385023688564,0.09271061510127801,0.1505556770161074,0.1447954704480216,0.06357267385512784,0.07849330877576274
307,307.0,307.6,0.06857180637913596,0.0837310818581789,0.3168749221219428,0.09264888670621628,0.15049394862104565,0.1457059642751821,0.06355724175636239,0.07841614828193558
308,308.0,308.6,0.0679157250319977,0.08307500051104065,0.31637547370355257,0.100532803075905,0.15257047793334733,0.13957054086561113,0.06290116040922414,0.07705881846932121
309,309.0,309.6,0.06716298231974475,0.08153108200761189,0.3182090718861605,0.09973598160961152,0.15746781216120953,0.13773529469638113,0.06195436939054359,0.07620340592873676
310,310.0,310.6,0.06652806492832769,0.08789677424838341,0.3115792072664417,0.09905803495829771,0.16166379669961636,0.13658580121968408,0.06117720448845797,0.07551111619079072
311,311.0,311.6,0.06651405932608678,0.0878827686461425,0.3121114201515958,0.09900201254933413,0.1616077742906528,0.13627767797038437,0.061163198886217074,0.07544108817958624
312,312.0,312.6,0.06547473840988488,0.09296066384715672,0.3105067138683669,0.09737220141199904,0.15814646132181592,0.13495107935240408,0.06012387797001516,0.08046426381835695
313,313.0,313.6,0.06553249675490107,0.09316066970284147,0.31265044583314305,0.09738986352606092,0.15823524719121204,0.1322388326440404,0.06032388382569992,0.08046856052210075
314,314.0,314.6,0.06551943510390838,0.09314760805184877,0.31201042493450143,0.09733761692209018,0.1581830005872413,0.13308783995856494,0.060310822174707214,0.08040325226713732
315,315.0,315.6,0.06554138418204711,0.09466209444342033,0.3112202581215076,0.09735956600022891,0.15820494966538007,0.1321659786767388,0.060376669409123375,0.08046909950155348
316,316.0,316.6,0.06670991129438457,0.09580867247761908,0.3072485201725967,0.10090904549351876,0.15223061963486037,0.132807727913747,0.06150129836518342,0.0827842046480897
317,317.0,317.6,0.06669714316363892,0.09579590434687343,0.3077464772716774,0.10085797297053614,0.15217954711187776,0.13251406090659687,0.061488530234437754,0.0827203639943614
318,318.0,318.6,0.06534558118005446,0.09640862807757469,0.3065965087852912,0.09821937405384731,0.15171585662009737,0.13142122226253547,0.06872213308601814,0.08157069593458098
319,319.0,319.6,0.06531205829486916,0.09635379231941411,0.30673195872892534,0.098149221132032,0.15274460479718316,0.13061667301808855,0.06864598445488229,0.0814457072546051
320,320.0,320.6,0.06527940978395978,0.09738739639649646,0.3054307961234149,0.09808073888963673,0.1526641779776259,0.13126168018483486,0.06857192807647808,0.08132387256755301
321,321.0,321.6,0.06525928905961373,0.0973471549478043,0.3061551421998736,0.09806061816529064,0.15264405725327984,0.13075866207618295,0.06851156590343986,0.08126351039451478
322,322.0,322.6,0.06613883586939309,0.09846522292633739,0.3147568118480549,0.10022221625712129,0.1537621252318129,0.13050523333438208,0.06169880502091153,0.07445074951198646
323,323.0,323.6,0.06548612252383262,0.09780082187624209,0.3133246185154408,0.09825238851590506,0.15306266106811312,0.13625036945118718,0.06873839936765874,0.06708461868162
324,324.0,324.6,0.0650580168271957,0.09694461048296824,0.313388391107525,0.09778996572935736,0.1505054659182618,0.14139249939856766,0.06831029367102184,0.06661075686510205
325,325.0,325.6,0.0650876432770025,0.09700386338258188,0.3142349473098901,0.09778599755430416,0.15049029953492193,0.13884916434401556,0.06987084479933446,0.06667723979794915
326,326.0,326.6,0.06248554686054682,0.09766839641839638,0.3055233423983424,0.09938381063381059,0.1540040746290746,0.14085800773300766,0.06894408831908828,0.07113273300773296
327,327.0,327.6,0.06196388753640249,0.1000532329078306,0.3044743998106876,0.09882993481482091,0.15736042491616903,0.1386744817024666,0.06823891411254611,0.07040472419907641
328,328.0,328.6,0.06196388753640249,0.1000532329078306,0.3044743998106876,0.09882993481482091,0.15736042491616903,0.1386744817024666,0.06823891411254611,0.07040472419907641
329,329.0,329.6,0.06203136391966835,0.10018818567436232,0.30493818114919097,0.09889741119808677,0.15749537768270072,0.13767088929783639,0.06830639049581197,0.07047220058234226
330,330.0,330.6,0.06201180210433188,0.10012950022835292,0.30560328287063065,0.0988778493827503,0.15747581586736425,0.13726009117577065,0.06822814323446612,0.07041351513633286
331,331.0,331.6,0.0620335058482277,0.10017290771614455,0.30572265346205774,0.09896466435833359,0.15758433458684334,0.13675005319421885,0.06824984697836194,0.07052203385581199
332,332.0,332.6,0.06928121363579617,0.10013840876136697,0.29111279264863654,0.10885041758000011,0.1558829539671191,0.13614752878364486,0.0678052470736227,0.07078143754981318
333,333.0,333.6,0.07173219913978351,0.09846827263960584,0.27614890306424356,0.11323626441238432,0.16395264324867637,0.1350934778077316,0.07078893084035084,0.0705793088472237
334,334.0,334.6,0.06403967342274446,0.10511130224586543,0.2694151948525253,0.11494555710942037,0.15481664088989103,0.14695885304729575,0.07246120021269231,0.07225157821956515
335,335.0,335.6,0.06377639944866831,0.104865930210468,0.26587211046034576,0.11493190003274034,0.1585231142962235,0.147396114001156,0.07244306611533499,0.07219136543506291
336,336.0,336.6,0.0632651212531796,0.10409901291723492,0.26623050645032065,0.11467626093499599,0.16136271329371726,0.1463134072342387,0.07215233929829237,0.07190063861802028
337,337.0,337.6,0.06283222082027917,0.1079951168133388,0.2660140562338705,0.11445981071854576,0.15941466134566534,0.14566405658488804,0.07193588908184216,0.07168418840157006
338,338.0,338.6,0.06283222082027917,0.1079951168133388,0.2660140562338705,0.11445981071854576,0.15941466134566534,0.14566405658488804,0.07193588908184216,0.07168418840157006
339,339.0,339.6,0.05863459236178113,0.10903859507420836,0.2654778243498125,0.10647430347216895,0.16430794197807636,0.14635970875880105,0.07263154125575519,0.07707549274939614
340,340.0,340.6,0.0581127916589642,0.10824076239260408,0.2629383794468315,0.10799292818595982,0.16354302842787374,0.1510208092665463,0.07146871491191262,0.07668258570930746
341,341.0,341.6,0.0581127916589642,0.10824076239260408,0.2629383794468315,0.10799292818595982,0.16354302842787374,0.1510208092665463,0.07146871491191262,0.07668258570930746
342,342.0,342.6,0.06285587466291678,0.10883364776809816,0.2601715810278592,0.10819055664445784,0.1637406568863718,0.15141606618354234,0.07186397182890866,0.07292764499784501
343,343.0,343.6,0.06230642411346623,0.1082841972186476,0.2590726799289581,0.10654220499610619,0.16319120633692125,0.15031716508464124,0.07790792787286471,0.07237819444839447
344,344.0,344.6,0.06205579754705017,0.1095749240356902,0.2571428553675546,0.11189308218908864,0.162827797815618,0.14744749089917758,0.07681770230895495,0.07224034983686563
345,345.0,345.6,0.06205579754705017,0.1095749240356902,0.2571428553675546,0.11189308218908864,0.162827797815618,0.14744749089917758,0.07681770230895495,0.07224034983686563
346,346.0,346.6,0.06166176811864046,0.10920353184553741,0.2543061264484827,0.11031696447544972,0.16252431734023598,0.148210082862958,0.0818403395472119,0.07193686936148362
347,347.0,347.6,0.05938503015072603,0.10992679387762298,0.2584531852720121,0.10811910351288287,0.1634293975541397,0.14856569783622003,0.08046066040282687,0.07166013139356919
348,348.0,348.6,0.05996903045009634,0.11120514164553433,0.2527101125460172,0.1164497671566395,0.16379694763705982,0.14703078605462894,0.07530236378342967,0.07353585072659403
349,349.0,349.6,0.05995324805757376,0.11117357686048916,0.2512244755069531,0.1160711515247945,0.16473527302702884,0.14439346010688187,0.0789219758471971,0.07352683906908157
350,350.0,350.6,0.0653305545392056,0.1142653545747107,0.25065153108469385,0.11563495148543027,0.16452298198981047,0.1377253514647882,0.07859862498577504,0.07327064987558578
351,351.0,351.6,0.06517681768214394,0.1145182673340173,0.2587305308005222,0.11350252750134386,0.16339055800572408,0.13516212327496155,0.07742357525573809,0.07209560014554883
352,352.0,352.6,0.06517681768214394,0.1145182673340173,0.2587305308005222,0.11350252750134386,0.16339055800572408,0.13516212327496155,0.07742357525573809,0.07209560014554883
353,353.0,353.6,0.06518801589043062,0.11454066375059066,0.25930163942314255,0.11354732033449058,0.16345774725544415,0.1343670504866077,0.07743477346402478,0.07216278939526886
354,354.0,354.6,0.06423751711384487,0.11566946731417682,0.2590242694501204,0.11363772751185426,0.16357845746311087,0.1341569996678612,0.07748377277389365,0.07221178870513774
355,355.0,355.6,0.06419727566515274,0.1169773143966718,0.25823956120062347,0.11361760678750818,0.1635583367387648,0.133835068078324,0.07742341060085542,0.07215142653209951
356,356.0,356.6,0.06419727566515274,0.1169773143966718,0.25823956120062347,0.1146277077976092,0.16254823572866378,0.133835068078324,0.07742341060085542,0.07215142653209951
