Total_iterations,Unnamed: 0.1,Intertwine_two,Add_vertex,Delete_vertex,Invert_path_vertices,Insert_inside_vertex,Delete_inside_vertex,Replace_inside_vertex,Donate_between_routes
0,0.0,0.125,0.125,0.125,0.125,0.125,0.125,0.125,0.125
1,1.0,0.125,0.125,0.125,0.125,0.125,0.125,0.125,0.125
2,2.0,0.125,0.125,0.125,0.125,0.125,0.125,0.125,0.125
3,3.0,0.125,0.125,0.125,0.125,0.125,0.125,0.125,0.125
4,4.0,0.125,0.125,0.125,0.125,0.125,0.125,0.125,0.125
5,5.0,0.125,0.125,0.125,0.125,0.125,0.125,0.125,0.125
6,6.0,0.125,0.125,0.125,0.125,0.125,0.125,0.125,0.125
7,7.0,0.125,0.125,0.125,0.125,0.125,0.125,0.125,0.125
8,8.0,0.125,0.125,0.125,0.125,0.125,0.125,0.125,0.125
9,9.0,0.125,0.125,0.125,0.125,0.125,0.125,0.125,0.125
10,10.0,0.125,0.125,0.125,0.125,0.125,0.125,0.125,0.125
11,11.0,0.125,0.125,0.125,0.125,0.125,0.125,0.125,0.125
12,12.0,0.125,0.125,0.125,0.125,0.125,0.125,0.125,0.125
13,13.0,0.125,0.125,0.125,0.125,0.125,0.125,0.125,0.125
14,14.0,0.125,0.125,0.125,0.125,0.125,0.125,0.125,0.125
15,15.0,0.125,0.125,0.125,0.125,0.125,0.125,0.125,0.125
16,16.0,0.125,0.125,0.125,0.125,0.125,0.125,0.125,0.125
17,17.0,0.125,0.125,0.125,0.125,0.125,0.125,0.125,0.125
18,18.0,0.125,0.125,0.125,0.125,0.125,0.125,0.125,0.125
19,19.0,0.125,0.125,0.125,0.125,0.125,0.125,0.125,0.125
20,20.0,0.125,0.125,0.125,0.125,0.125,0.125,0.125,0.125
21,21.0,0.125,0.125,0.125,0.125,0.125,0.125,0.125,0.125
22,22.0,0.125,0.125,0.125,0.125,0.125,0.125,0.125,0.125
23,23.0,0.125,0.125,0.125,0.125,0.125,0.125,0.125,0.125
24,24.0,0.125,0.125,0.125,0.125,0.125,0.125,0.125,0.125
25,25.0,0.125,0.125,0.125,0.125,0.125,0.125,0.125,0.125
26,26.0,0.125,0.125,0.125,0.125,0.125,0.125,0.125,0.125
27,27.0,0.125,0.125,0.125,0.125,0.125,0.125,0.125,0.125
28,28.0,0.125,0.125,0.125,0.125,0.125,0.125,0.125,0.125
29,29.0,0.125,0.125,0.125,0.125,0.125,0.125,0.125,0.125
30,30.0,0.125,0.125,0.125,0.125,0.125,0.125,0.125,0.125
31,31.0,0.125,0.125,0.125,0.125,0.125,0.125,0.125,0.125
32,32.0,0.125,0.125,0.125,0.125,0.125,0.125,0.125,0.125
33,33.0,0.125,0.125,0.125,0.125,0.125,0.125,0.125,0.125
34,34.0,0.125,0.125,0.125,0.125,0.125,0.125,0.125,0.125
35,35.0,0.125,0.125,0.125,0.125,0.125,0.125,0.125,0.125
36,36.0,0.125,0.125,0.125,0.125,0.125,0.125,0.125,0.125
37,37.0,0.125,0.125,0.125,0.125,0.125,0.125,0.125,0.125
38,38.0,0.125,0.125,0.125,0.125,0.125,0.125,0.125,0.125
39,39.0,0.125,0.125,0.125,0.125,0.125,0.125,0.125,0.125
40,40.0,0.125,0.125,0.125,0.125,0.125,0.125,0.125,0.125
41,41.0,0.125,0.125,0.125,0.125,0.125,0.125,0.125,0.125
42,42.0,0.125,0.125,0.125,0.125,0.125,0.125,0.125,0.125
43,43.0,0.125,0.125,0.125,0.125,0.125,0.125,0.125,0.125
44,44.0,0.125,0.125,0.125,0.125,0.125,0.125,0.125,0.125
45,45.0,0.125,0.125,0.125,0.125,0.125,0.125,0.125,0.125
46,46.0,0.125,0.125,0.125,0.125,0.125,0.125,0.125,0.125
47,47.0,0.125,0.125,0.125,0.125,0.125,0.125,0.125,0.125
48,48.0,0.125,0.125,0.125,0.125,0.125,0.125,0.125,0.125
49,49.0,0.125,0.125,0.125,0.125,0.125,0.125,0.125,0.125
50,50.0,0.125,0.125,0.125,0.125,0.125,0.125,0.125,0.125
51,51.0,0.125,0.125,0.125,0.125,0.125,0.125,0.125,0.125
52,52.0,0.125,0.125,0.125,0.125,0.125,0.125,0.125,0.125
53,53.0,0.125,0.125,0.125,0.125,0.125,0.125,0.125,0.125
54,54.0,0.125,0.125,0.125,0.125,0.125,0.125,0.125,0.125
55,55.0,0.125,0.125,0.125,0.125,0.125,0.125,0.125,0.125
56,56.0,0.125,0.125,0.125,0.125,0.125,0.125,0.125,0.125
57,57.0,0.125,0.125,0.125,0.125,0.125,0.125,0.125,0.125
58,58.0,0.125,0.125,0.125,0.125,0.125,0.125,0.125,0.125
59,59.0,0.125,0.125,0.125,0.125,0.125,0.125,0.125,0.125
60,60.0,0.125,0.125,0.125,0.125,0.125,0.125,0.125,0.125
61,61.0,0.125,0.125,0.125,0.125,0.125,0.125,0.125,0.125
62,62.0,0.125,0.125,0.125,0.125,0.125,0.125,0.125,0.125
63,63.0,0.125,0.125,0.125,0.125,0.125,0.125,0.125,0.125
64,64.0,0.125,0.125,0.125,0.125,0.125,0.125,0.125,0.125
65,65.0,0.125,0.125,0.125,0.125,0.125,0.125,0.125,0.125
66,66.0,0.125,0.125,0.125,0.125,0.125,0.125,0.125,0.125
67,67.0,0.125,0.125,0.125,0.125,0.125,0.125,0.125,0.125
68,68.0,0.125,0.125,0.125,0.125,0.125,0.125,0.125,0.125
69,69.0,0.125,0.125,0.125,0.125,0.125,0.125,0.125,0.125
70,70.0,0.125,0.125,0.125,0.125,0.125,0.125,0.125,0.125
71,71.0,0.125,0.125,0.125,0.125,0.125,0.125,0.125,0.125
72,72.0,0.125,0.125,0.125,0.125,0.125,0.125,0.125,0.125
73,73.0,0.125,0.125,0.125,0.125,0.125,0.125,0.125,0.125
74,74.0,0.125,0.125,0.125,0.125,0.125,0.125,0.125,0.125
75,75.0,0.125,0.125,0.125,0.125,0.125,0.125,0.125,0.125
76,76.0,0.125,0.125,0.125,0.125,0.125,0.125,0.125,0.125
77,77.0,0.125,0.125,0.125,0.125,0.125,0.125,0.125,0.125
78,78.0,0.125,0.125,0.125,0.125,0.125,0.125,0.125,0.125
79,79.0,0.125,0.125,0.125,0.125,0.125,0.125,0.125,0.125
80,80.0,0.125,0.125,0.125,0.125,0.125,0.125,0.125,0.125
81,81.0,0.125,0.125,0.125,0.125,0.125,0.125,0.125,0.125
82,82.0,0.125,0.125,0.125,0.125,0.125,0.125,0.125,0.125
83,83.0,0.125,0.125,0.125,0.125,0.125,0.125,0.125,0.125
84,84.0,0.125,0.125,0.125,0.125,0.125,0.125,0.125,0.125
85,85.0,0.125,0.125,0.125,0.125,0.125,0.125,0.125,0.125
86,86.0,0.125,0.125,0.125,0.125,0.125,0.125,0.125,0.125
87,87.0,0.125,0.125,0.125,0.125,0.125,0.125,0.125,0.125
88,88.0,0.125,0.125,0.125,0.125,0.125,0.125,0.125,0.125
89,89.0,0.125,0.125,0.125,0.125,0.125,0.125,0.125,0.125
90,90.0,0.125,0.125,0.125,0.125,0.125,0.125,0.125,0.125
91,91.0,0.125,0.125,0.125,0.125,0.125,0.125,0.125,0.125
92,92.0,0.125,0.125,0.125,0.125,0.125,0.125,0.125,0.125
93,93.0,0.125,0.125,0.125,0.125,0.125,0.125,0.125,0.125
94,94.0,0.125,0.125,0.125,0.125,0.125,0.125,0.125,0.125
95,95.0,0.125,0.125,0.125,0.125,0.125,0.125,0.125,0.125
96,96.0,0.125,0.125,0.125,0.125,0.125,0.125,0.125,0.125
97,97.0,0.125,0.125,0.125,0.125,0.125,0.125,0.125,0.125
98,98.0,0.125,0.125,0.125,0.125,0.125,0.125,0.125,0.125
99,99.0,0.125,0.125,0.125,0.125,0.125,0.125,0.125,0.125
100,100.0,0.125,0.125,0.125,0.125,0.125,0.125,0.125,0.125
101,101.0,0.125,0.125,0.125,0.125,0.125,0.125,0.125,0.125
102,102.0,0.125,0.125,0.125,0.125,0.125,0.125,0.125,0.125
103,103.0,0.125,0.125,0.125,0.125,0.125,0.125,0.125,0.125
104,104.0,0.125,0.125,0.125,0.125,0.125,0.125,0.125,0.125
105,105.0,0.125,0.125,0.125,0.125,0.125,0.125,0.125,0.125
106,106.0,0.125,0.125,0.125,0.125,0.125,0.125,0.125,0.125
107,107.0,0.125,0.125,0.125,0.125,0.125,0.125,0.125,0.125
108,108.0,0.125,0.125,0.125,0.125,0.125,0.125,0.125,0.125
109,109.0,0.125,0.125,0.125,0.125,0.125,0.125,0.125,0.125
110,110.0,0.125,0.125,0.125,0.125,0.125,0.125,0.125,0.125
111,111.0,0.125,0.125,0.125,0.125,0.125,0.125,0.125,0.125
112,112.0,0.125,0.125,0.125,0.125,0.125,0.125,0.125,0.125
113,113.0,0.125,0.125,0.125,0.125,0.125,0.125,0.125,0.125
114,114.0,0.125,0.125,0.125,0.125,0.125,0.125,0.125,0.125
115,115.0,0.125,0.125,0.125,0.125,0.125,0.125,0.125,0.125
116,116.0,0.125,0.125,0.125,0.125,0.125,0.125,0.125,0.125
117,117.0,0.125,0.125,0.125,0.125,0.125,0.125,0.125,0.125
118,118.0,0.125,0.125,0.125,0.125,0.125,0.125,0.125,0.125
119,119.0,0.125,0.125,0.125,0.125,0.125,0.125,0.125,0.125
120,120.0,0.125,0.125,0.125,0.125,0.125,0.125,0.125,0.125
121,121.0,0.125,0.125,0.125,0.125,0.125,0.125,0.125,0.125
122,122.0,0.125,0.125,0.125,0.125,0.125,0.125,0.125,0.125
123,123.0,0.125,0.125,0.125,0.125,0.125,0.125,0.125,0.125
124,124.0,0.125,0.125,0.125,0.125,0.125,0.125,0.125,0.125
125,125.0,0.125,0.125,0.125,0.125,0.125,0.125,0.125,0.125
126,126.0,0.125,0.125,0.125,0.125,0.125,0.125,0.125,0.125
127,127.0,0.125,0.125,0.125,0.125,0.125,0.125,0.125,0.125
128,128.0,0.125,0.125,0.125,0.125,0.125,0.125,0.125,0.125
129,129.0,0.125,0.125,0.125,0.125,0.125,0.125,0.125,0.125
130,130.0,0.125,0.125,0.125,0.125,0.125,0.125,0.125,0.125
131,131.0,0.125,0.125,0.125,0.125,0.125,0.125,0.125,0.125
132,132.0,0.125,0.125,0.125,0.125,0.125,0.125,0.125,0.125
133,133.0,0.125,0.125,0.125,0.125,0.125,0.125,0.125,0.125
134,134.0,0.125,0.125,0.125,0.125,0.125,0.125,0.125,0.125
135,135.0,0.125,0.125,0.125,0.125,0.125,0.125,0.125,0.125
136,136.0,0.125,0.125,0.125,0.125,0.125,0.125,0.125,0.125
137,137.0,0.125,0.125,0.125,0.125,0.125,0.125,0.125,0.125
138,138.0,0.125,0.125,0.125,0.125,0.125,0.125,0.125,0.125
139,139.0,0.125,0.125,0.125,0.125,0.125,0.125,0.125,0.125
140,140.0,0.125,0.125,0.125,0.125,0.125,0.125,0.125,0.125
141,141.0,0.125,0.125,0.125,0.125,0.125,0.125,0.125,0.125
142,142.0,0.125,0.125,0.125,0.125,0.125,0.125,0.125,0.125
143,143.0,0.125,0.125,0.125,0.125,0.125,0.125,0.125,0.125
144,144.0,0.125,0.125,0.125,0.125,0.125,0.125,0.125,0.125
145,145.0,0.125,0.125,0.125,0.125,0.125,0.125,0.125,0.125
146,146.0,0.125,0.125,0.125,0.125,0.125,0.125,0.125,0.125
147,147.0,0.125,0.125,0.125,0.125,0.125,0.125,0.125,0.125
148,148.0,0.125,0.125,0.125,0.125,0.125,0.125,0.125,0.125
149,149.0,0.125,0.125,0.125,0.125,0.125,0.125,0.125,0.125
150,150.0,0.125,0.125,0.125,0.125,0.125,0.125,0.125,0.125
151,151.0,0.125,0.125,0.125,0.125,0.125,0.125,0.125,0.125
152,152.0,0.125,0.125,0.125,0.125,0.125,0.125,0.125,0.125
153,153.0,0.125,0.125,0.125,0.125,0.125,0.125,0.125,0.125
154,154.0,0.125,0.125,0.125,0.125,0.125,0.125,0.125,0.125
155,155.0,0.125,0.125,0.125,0.125,0.125,0.125,0.125,0.125
156,156.0,0.125,0.125,0.125,0.125,0.125,0.125,0.125,0.125
157,157.0,0.125,0.125,0.125,0.125,0.125,0.125,0.125,0.125
158,158.0,0.125,0.125,0.125,0.125,0.125,0.125,0.125,0.125
159,159.0,0.125,0.125,0.125,0.125,0.125,0.125,0.125,0.125
160,160.0,0.125,0.125,0.125,0.125,0.125,0.125,0.125,0.125
161,161.0,0.125,0.125,0.125,0.125,0.125,0.125,0.125,0.125
162,162.0,0.125,0.125,0.125,0.125,0.125,0.125,0.125,0.125
163,163.0,0.125,0.125,0.125,0.125,0.125,0.125,0.125,0.125
164,164.0,0.125,0.125,0.125,0.125,0.125,0.125,0.125,0.125
165,165.0,0.125,0.125,0.125,0.125,0.125,0.125,0.125,0.125
166,166.0,0.125,0.125,0.125,0.125,0.125,0.125,0.125,0.125
167,167.0,0.125,0.125,0.125,0.125,0.125,0.125,0.125,0.125
168,168.0,0.125,0.125,0.125,0.125,0.125,0.125,0.125,0.125
169,169.0,0.125,0.125,0.125,0.125,0.125,0.125,0.125,0.125
170,170.0,0.125,0.125,0.125,0.125,0.125,0.125,0.125,0.125
171,171.0,0.125,0.125,0.125,0.125,0.125,0.125,0.125,0.125
172,172.0,0.125,0.125,0.125,0.125,0.125,0.125,0.125,0.125
173,173.0,0.125,0.125,0.125,0.125,0.125,0.125,0.125,0.125
174,174.0,0.125,0.125,0.125,0.125,0.125,0.125,0.125,0.125
175,175.0,0.125,0.125,0.125,0.125,0.125,0.125,0.125,0.125
176,176.0,0.125,0.125,0.125,0.125,0.125,0.125,0.125,0.125
177,177.0,0.125,0.125,0.125,0.125,0.125,0.125,0.125,0.125
178,178.0,0.125,0.125,0.125,0.125,0.125,0.125,0.125,0.125
179,179.0,0.125,0.125,0.125,0.125,0.125,0.125,0.125,0.125
180,180.0,0.125,0.125,0.125,0.125,0.125,0.125,0.125,0.125
181,181.0,0.125,0.125,0.125,0.125,0.125,0.125,0.125,0.125
182,182.0,0.125,0.125,0.125,0.125,0.125,0.125,0.125,0.125
183,183.0,0.125,0.125,0.125,0.125,0.125,0.125,0.125,0.125
184,184.0,0.125,0.125,0.125,0.125,0.125,0.125,0.125,0.125
185,185.0,0.125,0.125,0.125,0.125,0.125,0.125,0.125,0.125
186,186.0,0.125,0.125,0.125,0.125,0.125,0.125,0.125,0.125
187,187.0,0.125,0.125,0.125,0.125,0.125,0.125,0.125,0.125
188,188.0,0.125,0.125,0.125,0.125,0.125,0.125,0.125,0.125
189,189.0,0.125,0.125,0.125,0.125,0.125,0.125,0.125,0.125
190,190.0,0.125,0.125,0.125,0.125,0.125,0.125,0.125,0.125
191,191.0,0.125,0.125,0.125,0.125,0.125,0.125,0.125,0.125
192,192.0,0.125,0.125,0.125,0.125,0.125,0.125,0.125,0.125
193,193.0,0.125,0.125,0.125,0.125,0.125,0.125,0.125,0.125
194,194.0,0.125,0.125,0.125,0.125,0.125,0.125,0.125,0.125
195,195.0,0.125,0.125,0.125,0.125,0.125,0.125,0.125,0.125
196,196.0,0.125,0.125,0.125,0.125,0.125,0.125,0.125,0.125
197,197.0,0.125,0.125,0.125,0.125,0.125,0.125,0.125,0.125
198,198.0,0.125,0.125,0.125,0.125,0.125,0.125,0.125,0.125
199,199.0,0.125,0.125,0.125,0.125,0.125,0.125,0.125,0.125
200,200.0,0.1248611111111111,0.1248611111111111,0.1248611111111111,0.1259722222222222,0.1248611111111111,0.1248611111111111,0.1248611111111111,0.1248611111111111
201,201.0,0.1241958333333333,0.1241958333333333,0.1264180555555555,0.1274069444444444,0.1251958333333333,0.1241958333333333,0.1241958333333333,0.1241958333333333
202,202.0,0.1243162361111111,0.1233162361111111,0.1285162361111111,0.1285963472222222,0.1253062361111111,0.1233162361111111,0.1233162361111111,0.1233162361111111
203,203.0,0.124101638270202,0.1232227493813131,0.1319669109974747,0.129301048270202,0.125072738270202,0.122111638270202,0.122111638270202,0.122111638270202
204,204.0,0.1244551100933081,0.1228869393862374,0.1364283543357323,0.1296208040842171,0.1245813072751262,0.1206758282751263,0.1206758282751263,0.1206758282751263
205,205.0,0.1253537224832093,0.1224283545943204,0.1403146650571021,0.1297646878533002,0.12472383956244,0.1191382434832093,0.1191382434832093,0.1191382434832093
206,206.0,0.1261351019104538,0.1217675102368174,0.1430491164706823,0.1297636109590165,0.1257579688034866,0.1184482911459084,0.1175392002368174,0.1175392002368174
207,207.0,0.1264587134325904,0.1205958871785085,0.1459508631244292,0.1301209691255345,0.1262488404751287,0.1195119459249732,0.1155563903694177,0.1155563903694177
208,208.0,0.1266010415588523,0.1192920415358194,0.1490207891744198,0.1312812890990527,0.1265066885784074,0.1203342251019912,0.1134819624757286,0.1134819624757286
209,209.0,0.1264917605421125,0.1177952032181632,0.1531078630985944,0.1320747316027749,0.1265723008434005,0.1215458201891209,0.1112587918318641,0.1111535286739694
210,210.0,0.1262790482353417,0.1162615640047161,0.1569057092130818,0.1326428831780557,0.1273524709787234,0.1226759809787246,0.1090459085477836,0.1088364348635731
211,211.0,0.1258357018443587,0.1146746339976065,0.1608337806096355,0.1328689789617949,0.1276976265039644,0.1234920636467258,0.1081830730074307,0.1064141414284834
212,212.0,0.1260207272247553,0.1129862985507852,0.163954482672838,0.1336088968009946,0.1277072472884743,0.1240216384756491,0.1077810550299991,0.1039196539565043
213,213.0,0.1259628757183785,0.1111412812089957,0.1671047269100653,0.1341034141549111,0.1287515205386368,0.124299766564417,0.1072436513693263,0.1013927635352691
214,214.0,0.1258592551124022,0.1093457740288744,0.1697887148521041,0.1346102024406588,0.1296673204541967,0.1250474526239196,0.1067046679033318,0.0989766125845122
215,215.0,0.1256716651933187,0.1075708230240975,0.1723175837546902,0.1341008935172666,0.1304154506837158,0.12715819701585,0.1061258391176802,0.0966395476933808
216,216.0,0.1253717919398846,0.1057935352354337,0.1748790312881121,0.1333954348449692,0.131013978462811,0.1296620647742086,0.1055257194015015,0.094358444053079
217,217.0,0.1258928850620921,0.1041817090939501,0.1771722764670434,0.1308921465570308,0.1316216706335254,0.132251772816837,0.1050622309198021,0.0929253084497187
218,218.0,0.1263079808139987,0.102585548009475,0.1786119393983762,0.1282863845134348,0.1320831752491316,0.1353851380146799,0.1046789969491026,0.092060837051801
219,219.0,0.126591851778084,0.100987608873919,0.180128400943013,0.1255459317991683,0.1323767388138519,0.1388228515510571,0.1043481679829588,0.0911984482579478
220,220.0,0.1266365733158675,0.0992425871229933,0.1821918731581755,0.123319919109846,0.1322998925776249,0.1414279405662928,0.1038712951047688,0.091009919044431
221,221.0,0.1264457255680818,0.0974509046750569,0.1837202427584497,0.1209544166987226,0.1326263339739453,0.1447217138698579,0.1033341833720007,0.0907464790838847
222,222.0,0.1262255970392316,0.0956750711642171,0.185272615430201,0.1185269553020163,0.1326972144926929,0.1484400942376127,0.1027452973845096,0.0904171549495183
223,223.0,0.1252286707710254,0.0939335156709704,0.1872956661370577,0.1160939452818764,0.1332469199687005,0.1520957930491852,0.1020703400191214,0.0900351491020626
224,224.0,0.1240601460682022,0.0921577762166113,0.189211906194851,0.1135749641822051,0.1340410918932613,0.1561223318859167,0.1012834520216348,0.0895483315373172
225,225.0,0.1228232596276467,0.0904434201981894,0.1908677271577264,0.1111958498250753,0.1351520247765106,0.1598814698498018,0.1005163126864727,0.0891199358785768
226,226.0,0.1215281509686919,0.0887923873134495,0.1931217245685552,0.1088483174985368,0.1359657298000849,0.1632637810086138,0.0997651445251765,0.088714764316891
227,227.0,0.1202393140899895,0.0872605762680928,0.1949770196944241,0.1065981226866485,0.1366984037152988,0.1668210725079919,0.0990521710274888,0.0883533200100651
228,228.0,0.1189562293640855,0.0858386021704189,0.1975501794265541,0.1044449233870846,0.1374273028148815,0.1702918953461343,0.097958830734719,0.0875320367561216
229,229.0,0.1176504615085655,0.0844890101522427,0.2005765035033486,0.1023594988083741,0.1380230064931885,0.1733666139443965,0.0968615846330912,0.0866733209567924
230,230.0,0.1163371238981857,0.0832178453090356,0.203974502112239,0.1003553284920735,0.1384926646388035,0.1755620466094511,0.096271583147747,0.0857889057924641
231,231.0,0.1150533922346633,0.0820532619218601,0.2073137760520434,0.0984672152048334,0.1388674705736671,0.1775908207793583,0.0957172871820388,0.0849367760515349
232,232.0,0.1136697220373688,0.0808568264764059,0.2104015403929026,0.0976737172847451,0.1390137402569268,0.1793884283721003,0.0950374384172715,0.0839585867622785
233,233.0,0.1120605073785951,0.0806053631610091,0.2135086134580197,0.0966123500710949,0.1388034281338531,0.1802365101933802,0.0951017376877251,0.0830714899163223
234,234.0,0.1104389843420467,0.0803814788867869,0.2170523481748449,0.0958371173897374,0.1384488849972789,0.1806558304338375,0.0950382881167131,0.0821470676587542
235,235.0,0.108873354137776,0.0802354097342735,0.2204919965286149,0.0951700762655707,0.1380188345218296,0.1809870405454214,0.0949733095619703,0.0812499787045431
236,236.0,0.1060397387441313,0.0803268898423565,0.2237038624093459,0.0947731329136507,0.1371911829056804,0.1818396767069841,0.0950733302861861,0.0810521861916646
237,237.0,0.1033106970764106,0.0804986737263197,0.2269546594239797,0.0944906712326962,0.1363313910214869,0.1823231951166024,0.0951879120778062,0.0809028003246979
238,238.0,0.1005362439968806,0.0806651040788262,0.2292411683071614,0.094238158581511,0.1362844526330775,0.1825437632744655,0.0957535439212649,0.0807375652068124
239,239.0,0.0979351478626678,0.0809297164528288,0.2310656222437114,0.0951891934015272,0.1362322249360986,0.1826423775769119,0.0954020344241813,0.0806036831020726
240,240.0,0.0957339912046083,0.0811275834160933,0.2321417721500959,0.0968060955849216,0.1360447246034608,0.1828419255476602,0.0949367898098759,0.0803671176832837
241,241.0,0.0935609273443758,0.0812560973893299,0.2329016859921376,0.098968466235597,0.1357084054296805,0.183252289442547,0.094322835541786,0.0800292926245457
242,242.0,0.0914279849930687,0.0813144263931193,0.2342745967857577,0.1007728484658245,0.1352347480255508,0.1830548419675247,0.0943429555967423,0.0795775977724115
243,243.0,0.0893713972901517,0.0813283320102435,0.2356643856908644,0.1022665328248133,0.1353936214395735,0.1826710935348885,0.0942407775840114,0.0790638596254532
244,244.0,0.0874519369960924,0.081350367732061,0.2367710320012731,0.1037109407208225,0.1355255769217994,0.1825168013387742,0.0941268459882173,0.0785464983009597
245,245.0,0.0856814320375114,0.0813862494812567,0.2380981971444303,0.1051184310619825,0.1356387360009582,0.1820146108807542,0.0940098215481903,0.0780525218449159
246,246.0,0.084061489837212,0.0814334288606906,0.2390010031986003,0.1064778157234563,0.1357330417496547,0.1818199094890646,0.0938899816995189,0.0775833294418021
247,247.0,0.082028578394673,0.0814815746511028,0.2399569412270487,0.1083112643038387,0.1358007067810065,0.181545105848573,0.093759686790414,0.0771161420033431
248,248.0,0.080142798039914,0.0815289650158318,0.2406767070193536,0.1093368771727604,0.1365568604930609,0.1816339251165811,0.0934706912443989,0.076653175898099
249,249.0,0.0786553389664723,0.0817933808092109,0.2417030479461331,0.1112603606945639,0.135687549056106,0.1818736573836923,0.0925816922288059,0.0764449729150152
250,250.0,0.0771786747537935,0.0818882710976489,0.2440795624342808,0.1127486846241465,0.1345670252579243,0.1818842583971225,0.0915486465472268,0.0761048768878563
251,251.0,0.0757476661412567,0.0818748529413871,0.2468600687008174,0.113931479660377,0.1333365543857096,0.1821985258660845,0.0903989913455992,0.0756518609587683
252,252.0,0.0743565325910918,0.0818499229039333,0.2504914437558978,0.1149187062253512,0.1319927132805083,0.1821831437815574,0.0890386401438654,0.0751688973177946
253,253.0,0.0731791149725905,0.0817872167038059,0.2542974473040062,0.1157599271566494,0.1306369416110248,0.1820285724314543,0.0876573802886993,0.0746533995317695
254,254.0,0.0722185592840485,0.0816961099546756,0.2583449236560488,0.1164656805082799,0.1292892041100866,0.1815926882853631,0.0862751926747878,0.0741176415267095
255,255.0,0.0713834706435918,0.0815914385254169,0.2622030837364082,0.1171509754197467,0.1279734982709162,0.1811758882808945,0.0849294176137356,0.0735922275092899
256,256.0,0.0706974475383598,0.081992025181799,0.2661035936059326,0.1172965080106857,0.1269068692178396,0.1806019026281674,0.0836631270480628,0.072738526769153
257,257.0,0.0700993651567674,0.0823054636189005,0.2700729489579167,0.1177608116072161,0.1256723045902469,0.1796904338979499,0.0824149600689837,0.0719837121020187
258,258.0,0.0695974761794781,0.0825772110035456,0.2737495969498243,0.1181213375216381,0.1245768764752702,0.1785823862090286,0.0815457586104892,0.0712493570507258
259,259.0,0.0691718124488164,0.0827641478385703,0.2772308206163073,0.1182930785958672,0.1239148222680192,0.1774057967272993,0.0806939071176182,0.0705256143875019
260,260.0,0.0686087076953148,0.0829052719453798,0.2806086961377679,0.1187693497645003,0.1231326197390976,0.1762301518910317,0.0799067106453224,0.0698384921815854
261,261.0,0.0680566948789507,0.0830374289824263,0.2838374298302136,0.1191784810629796,0.1225144846316659,0.1749861713705419,0.0791891999389612,0.0692001093042608
262,262.0,0.0675876225406344,0.0832353022976079,0.2867861790363228,0.1194950835969537,0.1219478178403551,0.1736141674162177,0.0785252895644914,0.0688085377074168
263,263.0,0.0672132644415008,0.0834223999768276,0.2895995914070782,0.1197408597723065,0.1214485162870228,0.1721754360940791,0.0779391395654266,0.0684607924557583
264,264.0,0.0669276229267204,0.0835976587949869,0.2920136175853053,0.1199196250274389,0.1210145666515019,0.1707348511568231,0.0774285655923144,0.068363492264909
265,265.0,0.0667074745774962,0.0837415711718353,0.2944246951329187,0.1200176945970231,0.1206265650628569,0.1691482804481125,0.0770585690662903,0.0682751499434669
266,266.0,0.0665517299891678,0.0838606486885373,0.2966964994970966,0.120045684394439,0.1202870551606896,0.167625644065162,0.0767366046289484,0.0681961335759592
267,267.0,0.0663316380823574,0.083811248968271,0.2989023510734053,0.1198851086779517,0.1198707147262026,0.1658585604490427,0.076337530416144,0.0690028476066252
268,268.0,0.0660695215922049,0.0835499498848275,0.3018671859764329,0.1195695646833765,0.1194030773011961,0.1639431912213468,0.0758862800561815,0.0697112292844336
269,269.0,0.0659633259703525,0.0832802258305403,0.3043869438904246,0.1184310725601935,0.1185961667463829,0.1631283386613027,0.0757772498609854,0.0704366764798181
270,270.0,0.0658332173654905,0.0828440626956534,0.306912742618489,0.1170972032037236,0.1180349344668266,0.1618646032284157,0.0756361835215285,0.0717770528998726
271,271.0,0.0660753559098425,0.0822573187013563,0.3094970027436751,0.1155977784927074,0.1175578823987783,0.160640605925773,0.0754596804089053,0.0729143754189621
272,272.0,0.0663539738887114,0.0816692483086515,0.3122050485081629,0.1141032265953777,0.1171230619402561,0.1592090965825179,0.0753164580534939,0.0740198861228285
273,273.0,0.0666683050085814,0.0810915326910313,0.3147297622038509,0.1126269395723295,0.1167386681920191,0.1578401635844682,0.0752168196374962,0.0750878091102233
274,274.0,0.0670627002452193,0.0806312611795111,0.3156889052253374,0.1112324865069978,0.1164543515713705,0.1567433365291817,0.0753110328547603,0.0768759258876218
275,275.0,0.0674068256183256,0.0802036141049146,0.3165181127856838,0.1099028302066333,0.1162378111052687,0.1557703939818856,0.0754304981636428,0.0785299140336456
276,276.0,0.0677424016398049,0.0797548778151639,0.3169985788326181,0.1085963750080815,0.1160393866068216,0.1551574643416196,0.0756215908911356,0.0800893248647547
277,277.0,0.0680813422062506,0.0794094285689798,0.3176541590836759,0.1073377388712765,0.1158733948441358,0.1542382362816742,0.0758365357009475,0.0815691644430596
278,278.0,0.0683971446747025,0.0791325283464928,0.3184265824087429,0.1061114208281958,0.115709113797279,0.1532736514800759,0.0760167899050698,0.0829327685594411
279,279.0,0.0687005354298511,0.0788531862838904,0.3192467029807273,0.1049446088462786,0.1155625594070639,0.1523203150114975,0.0761755202290648,0.0841965718116262
280,280.0,0.0689909119087009,0.0785752222984502,0.3195667467260548,0.1038442106124533,0.1158398412057904,0.1515248084001514,0.0763064093157098,0.085351849532689
281,281.0,0.0692768824591517,0.0784078329709701,0.3196772904211841,0.1028264674760215,0.1161468474699926,0.1510206304574058,0.0763289706248588,0.0863150781204153
282,282.0,0.0695401132725986,0.078238250356197,0.3199647702609319,0.1018758754116252,0.1164553332704588,0.1504443913117236,0.0763184758758405,0.0871627902406239
283,283.0,0.069823440298439,0.0781603008205871,0.3207732580908207,0.1010367514598225,0.1168041240274748,0.1505129446695417,0.0763203171479631,0.0865688634853507
284,284.0,0.0700237645729761,0.0779678212826639,0.321668509172806,0.1009184064611267,0.1170851700166857,0.1503461834516601,0.0762338009039354,0.0857563441381459
285,285.0,0.0702037208981553,0.0777875408822593,0.3225035913642613,0.1008630564224067,0.1173583024739562,0.1502840673903101,0.0761396813687624,0.0848600391998884
286,286.0,0.0703628885696494,0.0776193845736143,0.3231213998991503,0.100863936470908,0.1176204655005158,0.1504776317024304,0.0760386022416375,0.0838956910420938
287,287.0,0.0704202133844739,0.077479861436766,0.3233321004088141,0.1009269325592358,0.1178807243419877,0.1511307220340345,0.0759420823649645,0.0828873634697229
288,288.0,0.0704728804483418,0.0773756576294537,0.3235116093199078,0.101048363725743,0.1181447391222049,0.1517086081648495,0.0758775277417717,0.0818606138477272
289,289.0,0.0705070259406939,0.0773662570644923,0.3237193247982,0.1012116961490074,0.118397854636013,0.1521809503798875,0.0757966516948174,0.0808202393368882
290,290.0,0.0705166035995053,0.0774351770046737,0.3238442480175464,0.1014010473297968,0.1186294046339479,0.1526981795753137,0.0756984068863988,0.0797769329528168
291,291.0,0.0707097746142509,0.0789047878808183,0.3240789912366816,0.1009084260282757,0.1181358026906402,0.1534286582828221,0.0748913545075898,0.078942204758921
292,292.0,0.0710190495539479,0.0800025216216783,0.3235436069274694,0.1016793845400756,0.1177736846227448,0.1533879230169914,0.0742261663728945,0.0783676633441977
293,293.0,0.0713142667275744,0.0810863350231878,0.3228655925905149,0.1024683017997902,0.1175590027136259,0.1533167082708052,0.0735798493901186,0.0778099434843824
294,294.0,0.0714490149097045,0.0818908060438591,0.3220356035226488,0.1030586105792184,0.1174437662866722,0.1531630175752457,0.0728218496814719,0.0781373314011786
295,295.0,0.0715368500590481,0.0826346807529508,0.3211591111099768,0.1035610621275854,0.1175241097251699,0.1530579445483408,0.0720697911832966,0.0784564504936309
296,296.0,0.0715085086865348,0.083463052019105,0.3198342994797898,0.1039042565056091,0.1178556598470885,0.1526237846120961,0.0712955286904278,0.0795149101593483
297,297.0,0.0714765463858777,0.0842721288417936,0.3180527119157077,0.104248514906773,0.1181991593053171,0.1526024436973862,0.070568363228455,0.0805801317186891
298,298.0,0.0713542045965164,0.0848836587643648,0.3172048516439351,0.1045024121193425,0.118453208665601,0.1524074287625343,0.0697981282652295,0.0813961071824758
299,299.0,0.0711470980832444,0.0852939071070243,0.3165334999039204,0.1046673726156647,0.119388370538976,0.1520124066181889,0.0689750188347161,0.0819823262982647
300,300.0,0.0710553724924133,0.0867003779303389,0.3143415502820521,0.1048931985122024,0.1204290609645214,0.151775965677395,0.068210962508704,0.0825935116323726
301,301.0,0.070975004546903,0.0879535732425235,0.3122836060643012,0.1049163643287649,0.1213625639149853,0.1513510373697871,0.0674025573537114,0.0837552931790231
302,302.0,0.0709575626436602,0.0892813046807492,0.3115435640683711,0.1039914055624059,0.1225619177997233,0.1507188451278977,0.0667099700254776,0.0842354300917147
303,303.0,0.0708346959911804,0.0903397441868699,0.3106924951014103,0.1029589280140247,0.1244308203808577,0.1500669618613925,0.065971341840852,0.0847050126234121
304,304.0,0.0706307278996934,0.0903449156378784,0.3107485414485997,0.101852110933041,0.1275554706184117,0.1492119703701807,0.0652262987264138,0.0844299643657809
305,305.0,0.0704162343313396,0.0902665830911637,0.3110621561365244,0.1007494422611057,0.1305825395554548,0.1482845982583854,0.0645299125051672,0.0841085338608589
306,306.0,0.0702014408324991,0.0901274237789907,0.3112871679831208,0.0996689207040793,0.1334989014927138,0.1475802145061984,0.0638860626344479,0.0837498680679495
307,307.0,0.0699904414501202,0.089936828089938,0.3114858339642236,0.0986206954072214,0.1362880221519747,0.1470094710713644,0.0633019206531308,0.0833667872120265
308,308.0,0.0697207475205555,0.0896376263727591,0.3116685793869542,0.0984059661900081,0.1391479429412304,0.1458692245710949,0.0627131379462639,0.0828367750711335
309,309.0,0.0693846984878364,0.0891483267183381,0.3120634790288386,0.0981542961167458,0.1423458304242679,0.1445964912668745,0.0620904346328453,0.0822164433242532
310,310.0,0.0689965454575666,0.089268353806329,0.3118173581731359,0.0978758152406069,0.1457947474302117,0.1432674699797015,0.0614509245081369,0.0815287854043111
311,311.0,0.0686211223648073,0.0893612618297173,0.3116466891824519,0.0976314024083625,0.1490518609873589,0.1419737218087157,0.0608712276354785,0.0808427137831076
312,312.0,0.0681582388593165,0.0899378836390324,0.3113372637722049,0.0972621558470188,0.1517626910249405,0.1406197281546471,0.0602484880709731,0.0806735506318663
313,313.0,0.0677205845343821,0.0905070716550658,0.3112648486004218,0.0969327006088654,0.1542751543486724,0.1390732227071266,0.0597067769474772,0.0805196405979885
314,314.0,0.0673035085990471,0.0910445706848743,0.31114952882828,0.0966355378633022,0.1565707476080594,0.1376979246351797,0.0592241018400138,0.0803740799412432
315,315.0,0.066912494430108,0.0917007988245289,0.3109753333131153,0.0963773070906971,0.1586550989791134,0.1363218693954787,0.0588071461700853,0.0802499517968729
316,316.0,0.066663723286816,0.0924356749098267,0.3104238328026599,0.0965096699337769,0.1599290807168727,0.1351060356962613,0.058560044195146,0.0803719384586402
317,317.0,0.0664390143248543,0.0931295165491982,0.3099455249268574,0.0966676829958477,0.1609935724177378,0.1339594355884254,0.0583657881463265,0.0804994650507523
318,318.0,0.0661042013491182,0.0938419102756794,0.3093780605134448,0.0965879377597895,0.1618171056462796,0.1328037578801487,0.0589455454084281,0.0805214811671113
319,319.0,0.0657919311807465,0.0945032482317154,0.3088530720184553,0.0965254661180962,0.162560147879414,0.1316693676620789,0.0595574779579818,0.0805392889515115
320,320.0,0.0655028244492623,0.0952203182407329,0.3082292549795184,0.0964786309664721,0.163122687776457,0.1307023902360507,0.0601916966797087,0.0805521966717975
321,321.0,0.0652383821718389,0.0958833278855372,0.3077122696635601,0.0964504883368073,0.1635223765133727,0.129787401641248,0.0608402596259268,0.0805654941617085
322,322.0,0.0650885478720135,0.096606481634337,0.3080915785693788,0.096657421077577,0.1638851199818492,0.1289482816360949,0.0608194032520455,0.0799031659767037
323,323.0,0.0648989285475884,0.0972094673161673,0.308356389584141,0.0966823257219435,0.1640404127396078,0.1287831567601204,0.0615133859679156,0.0785159333625155
324,324.0,0.0646913325257045,0.097672446836088,0.3086507790459485,0.0966741982511582,0.1638146791898904,0.1292234294933921,0.0621674099765324,0.0771057246812854
325,325.0,0.0645111255940047,0.0980877753304467,0.3090477613024274,0.0966776443847282,0.1634769102240945,0.1294870321469332,0.0629735155340638,0.0757382354833012
326,326.0,0.0640944948906592,0.0985171851594723,0.3085857567021783,0.0968516107445875,0.1633944295574017,0.1300187801959902,0.06367530818047,0.0748624345692403
327,327.0,0.0636512718449327,0.0991336497671281,0.3080344341601503,0.0969781148854541,0.1635619284368043,0.1303873931124576,0.0642890919429677,0.0739641158501047
328,328.0,0.0632354972606936,0.0996976637454253,0.3075026435288305,0.0971104868115278,0.1636506623930604,0.1308020156231783,0.0648809955509113,0.0731200350863725
329,329.0,0.062855331675962,0.10022232729417,0.3070401276573115,0.0972535636633536,0.163681115855575,0.1311535413031569,0.0654540356220035,0.072339956928467
330,330.0,0.062502986790607,0.1006883145272413,0.3066693540800072,0.0973968151238105,0.1636447104085759,0.1314940080828777,0.06599047050859,0.07161334047829
331,331.0,0.0621831349213144,0.1011064556427956,0.3063369342074823,0.0975492332783695,0.1635611084328124,0.1318070852174003,0.0664978090081662,0.0709582392916589
332,332.0,0.062618542726977,0.1014699972720503,0.3045706274334135,0.0986891392504388,0.1632559608541932,0.1320780318771814,0.0669274740470128,0.0703902265387327
333,333.0,0.0633221350115602,0.1016168552410966,0.3013499840304645,0.1002552520918353,0.1637145668927209,0.1322571737424577,0.0676213186889136,0.0698627143009509
334,334.0,0.0632702161372635,0.1023818445478492,0.2975260233369764,0.1019654930420012,0.1632160928550768,0.1336333019858155,0.0684446819253729,0.0695623461696441
335,335.0,0.0632048563258436,0.1030730922973671,0.2934490419887746,0.1036331448301566,0.1630541190421785,0.1350487990108383,0.0692240606113237,0.0693128858935171
336,336.0,0.0631006201072451,0.1036364519217408,0.2895398290591062,0.105221455081748,0.1631469924628599,0.1363379488065704,0.0699286188020153,0.0690880837587139
337,337.0,0.0629651624786758,0.1045377115832425,0.2857667991746718,0.1067238373450677,0.1630179305549765,0.1375330031420708,0.0705633133569555,0.0688922423643391
338,338.0,0.0628419211963794,0.105383419330895,0.2821735448492728,0.1081533411157902,0.1628657421457884,0.1386898625784494,0.0711482642136505,0.068743904569774
339,339.0,0.0623111441927018,0.1062750211046937,0.2787243978818539,0.1087044084808303,0.1631835898327589,0.1398703432286458,0.0717521614507492,0.0691789338277661
340,340.0,0.0617444993008011,0.1070253151726472,0.2752337553855583,0.1093299305306588,0.1634044049174653,0.1414637795198986,0.0721881801278039,0.0696101350451664
341,341.0,0.0611982018216721,0.1077127343060049,0.2719692233795051,0.1098795303520575,0.1636045247288052,0.1429934424794926,0.0725734022849942,0.070068940647468
342,342.0,0.0611499882892242,0.1083959803444422,0.2686641562928332,0.1103750670155052,0.1638037804418515,0.1444899385026974,0.0729485810444343,0.0701725080690117
343,343.0,0.061068709918813,0.1089603333983273,0.2654947800522886,0.1106343697440625,0.1639275342930934,0.1457961560905,0.0738797914401707,0.0702383250627442
344,344.0,0.0609828738707477,0.1095905624667314,0.2623851379784249,0.1113619082715827,0.163995208627519,0.1467299945909174,0.0746491396042694,0.0703051745898071
345,345.0,0.0609163506642521,0.1101576122439846,0.2595340372858388,0.112022004685526,0.1640444414203831,0.1475776242043757,0.0753632385790051,0.0703846909166344
346,346.0,0.060828471304393,0.1106249909424143,0.2566604619514213,0.1124571904617466,0.1640462364503749,0.1484154487198142,0.0765227360173924,0.070444464152443
347,347.0,0.0605300390518709,0.1111037433832408,0.2544654066777692,0.1126076693042256,0.1641231408076565,0.1492029986224665,0.0774814918328007,0.0704855103199697
348,348.0,0.0603083999655265,0.1116506858617197,0.2519554274448251,0.1135312809689189,0.1642221723049668,0.149751929348832,0.0778583340904287,0.0707217700147822
349,349.0,0.06010395285341,0.1121353221716842,0.249555429282281,0.1143538547658355,0.1644008809448639,0.1499550229748443,0.0785338936256006,0.0709616433814803
350,350.0,0.06045617405271,0.1128710551689625,0.2473548269560121,0.1150677241467137,0.1645438335378711,0.1494153807453663,0.0791134429433292,0.0711775624490351
351,351.0,0.0608065432512388,0.1135724491365012,0.2462151518752397,0.1155026364644826,0.1645590399576883,0.1485564796270477,0.0795123841767056,0.0712753155110962
352,352.0,0.0611655782742238,0.1142131618892611,0.2453145980917974,0.1158740564608432,0.1645610409160041,0.14764952505704,0.0798505431975347,0.0713714961132957
353,353.0,0.0615299420098181,0.1147950940628499,0.2446953698760486,0.1161890984512874,0.1645578558743576,0.1466288846473769,0.0801317364576916,0.0714720186205698
354,354.0,0.0617994002330005,0.1154291690723159,0.2442563901800434,0.1164552591792556,0.1645560592714533,0.1455666848551979,0.080362740692883,0.0715742965158503
355,355.0,0.062062269657804,0.1161330242715033,0.2439305164213898,0.1166646164453183,0.1645426542383213,0.1444644150314096,0.0805358186080616,0.0716666853261919
356,356.0,0.0623202022002006,0.1167749368520238,0.2437803204863939,0.1169235779892068,0.1644197364324969,0.1433660787204693,0.0806604646516502,0.0717546826675584
357,357.0,0.0625734248964575,0.1173593072968396,0.243690291593668,0.1171429353705925,0.1643042714409197,0.1423354574235633,0.0807425882238226,0.0718517237541366
358,358.0,0.0628177950981208,0.1178818833028623,0.2436039687200246,0.11731612980749,0.164285190296458,0.141368048481244,0.0807835389298931,0.071943445363907
359,359.0,0.0630478419895658,0.1179615110943387,0.2435742701573934,0.1175829783573344,0.1646305505237726,0.140398098188933,0.0807811560048103,0.0720235936838517
360,360.0,0.0632480171009414,0.1180955916505449,0.2437284732603098,0.1177203623504957,0.1646605436037969,0.139393036540536,0.0810821171419859,0.0720718583513891
361,361.0,0.0634631596994606,0.1182853818638262,0.2433783463317229,0.1182490023595312,0.1648837968497321,0.1381938537255614,0.0814046884489532,0.072141770721212
362,362.0,0.0636534020828248,0.1184155753016083,0.2431145484135526,0.1190017757600524,0.1649149459780325,0.1370344609516687,0.0816710441404656,0.0721942473717949
363,363.0,0.0637155903315006,0.1184607770328213,0.2432135431478743,0.1196585054692566,0.1649311747590336,0.1359169646477699,0.0819785207192994,0.072124923892444
364,364.0,0.0638366612814478,0.1186132251328691,0.2437868050981886,0.1193637311893257,0.1639369659499613,0.135031663411605,0.0833108938747018,0.0721200540619005
365,365.0,0.0638357373896994,0.1185129495262881,0.2447184220271359,0.1188572109295722,0.1635903461342453,0.1340991790621097,0.0843869353050029,0.0719992196259464
366,366.0,0.0637300540995194,0.1183331050244906,0.2462833400140194,0.1181675101280257,0.1632377855141323,0.1332363023051953,0.0852318895935429,0.0717800133210743
367,367.0,0.0636777727165086,0.1183979385401433,0.2476936394514037,0.1175065549691914,0.1629442108430601,0.1321607544808763,0.0859982707295519,0.0716208582692646
368,368.0,0.0635682091854683,0.1187290847078774,0.2488585887884722,0.1167388380065398,0.1628806483413303,0.1310252077242852,0.0867900308322821,0.0714093924137444
369,369.0,0.0634308449522444,0.118946977262901,0.2500019283606939,0.1159471924412262,0.1630661829539945,0.129924291207732,0.0875027771447092,0.0711798056764986
370,370.0,0.0633650718246254,0.1196605702407424,0.2518241019585475,0.115237165684408,0.1625021881516251,0.1289802696870973,0.087399188344644,0.0710314441083101
371,371.0,0.0632962066051454,0.1203434606996446,0.2537529274574141,0.114539514304622,0.1619510750055674,0.1279835769246784,0.0872437520131545,0.0708894869897734
372,372.0,0.0632314940317469,0.1213747541104061,0.2553489181908265,0.1138849647842098,0.1614545477410212,0.1268699191686124,0.0870494541432598,0.0707859478299171
373,373.0,0.0631571404153057,0.1223563161712445,0.2559542171746517,0.1131944401474041,0.1620303279609955,0.1258347606172385,0.0867912915945602,0.0706815059185997
374,374.0,0.0629987223378064,0.1231314157623021,0.2571607201458308,0.1124000711973698,0.1626020793514907,0.1248044718771175,0.0864013544364862,0.0705011648915962
375,375.0,0.0628415551014546,0.123856454628153,0.2583040338837088,0.1116383678731119,0.1631794223464849,0.1238641935298498,0.0859863298911666,0.0703296427460702
