,Unnamed: 0,Total_iterations,Intertwine_two,Add_vertex,Delete_vertex,Invert_path_vertices,Insert_inside_vertex,Delete_inside_vertex,Replace_inside_vertex,Donate_between_routes
0,0.0,0.0,0.125,0.125,0.125,0.125,0.125,0.125,0.125,0.125
1,1.0,0.10900000000000001,0.125,0.125,0.125,0.125,0.125,0.125,0.125,0.125
2,2.0,0.31601,0.125,0.125,0.125,0.125,0.125,0.125,0.125,0.125
3,3.0,0.6191589000000001,0.125,0.125,0.125,0.125,0.125,0.125,0.125,0.125
4,4.0,1.015801321,0.125,0.125,0.125,0.125,0.125,0.125,0.125,0.125
5,5.0,1.50262148669,0.125,0.125,0.125,0.125,0.125,0.125,0.125,0.125
6,6.0,2.0757334209441005,0.125,0.125,0.125,0.125,0.125,0.125,0.125,0.125
7,7.0,2.7307768275633495,0.125,0.125,0.125,0.125,0.125,0.125,0.125,0.125
8,8.0,3.4630081252450404,0.125,0.125,0.125,0.125,0.125,0.125,0.125,0.125
9,9.0,4.2673862119061114,0.125,0.125,0.125,0.125,0.125,0.125,0.125,0.125
10,10.0,5.138652627782014,0.125,0.125,0.125,0.125,0.125,0.125,0.125,0.125
11,11.0,6.071405875792507,0.125,0.125,0.125,0.125,0.125,0.125,0.125,0.125
12,12.0,7.060169740244025,0.125,0.125,0.125,0.125,0.125,0.125,0.125,0.125
13,13.0,8.099455520847952,0.125,0.125,0.125,0.125,0.125,0.125,0.125,0.125
14,14.0,9.183818168183006,0.125,0.125,0.125,0.125,0.125,0.125,0.125,0.125
15,15.0,10.307906369102724,0.125,0.125,0.125,0.125,0.125,0.125,0.125,0.125
16,16.0,11.466506686239443,0.125,0.125,0.125,0.125,0.125,0.125,0.125,0.125
17,17.0,12.654581904800096,0.125,0.125,0.125,0.125,0.125,0.125,0.125,0.125
18,18.0,13.867303782456686,0.125,0.125,0.125,0.125,0.125,0.125,0.125,0.125
19,19.0,15.100080434523047,0.125,0.125,0.125,0.125,0.125,0.125,0.125,0.125
20,20.0,16.348578617037543,0.125,0.125,0.125,0.125,0.125,0.125,0.125,0.125
21,21.0,17.608741195130214,0.125,0.125,0.125,0.125,0.125,0.125,0.125,0.125
22,22.0,18.876800103462312,0.125,0.125,0.125,0.125,0.125,0.125,0.125,0.125
23,23.0,20.14928511992658,0.125,0.125,0.125,0.125,0.125,0.125,0.125,0.125
24,24.0,21.423028783545156,0.125,0.125,0.125,0.125,0.125,0.125,0.125,0.125
25,25.0,22.695167792966423,0.125,0.125,0.125,0.125,0.125,0.125,0.125,0.125
26,26.0,23.963141223515898,0.125,0.125,0.125,0.125,0.125,0.125,0.125,0.125
27,27.0,25.224685898775267,0.125,0.125,0.125,0.125,0.125,0.125,0.125,0.125
28,28.0,26.477829247520948,0.125,0.125,0.125,0.125,0.125,0.125,0.125,0.125
29,29.0,27.720879968916847,0.125,0.125,0.125,0.125,0.125,0.125,0.125,0.125
30,30.0,28.95241681848399,0.125,0.125,0.125,0.125,0.125,0.125,0.125,0.125
31,31.0,30.17127581490958,0.125,0.125,0.125,0.125,0.125,0.125,0.125,0.125
32,32.0,31.376536153543515,0.125,0.125,0.125,0.125,0.125,0.125,0.125,0.125
33,33.0,32.567505096778625,0.125,0.125,0.125,0.125,0.125,0.125,0.125,0.125
34,34.0,33.74370209472243,0.125,0.125,0.125,0.125,0.125,0.125,0.125,0.125
35,35.0,34.90484237192463,0.125,0.125,0.125,0.125,0.125,0.125,0.125,0.125
36,36.0,36.05082019768737,0.125,0.125,0.125,0.125,0.125,0.125,0.125,0.125
37,37.0,37.18169203889697,0.125,0.125,0.125,0.125,0.125,0.125,0.125,0.125
38,38.0,38.29765977559663,0.125,0.125,0.125,0.125,0.125,0.125,0.125,0.125
39,39.0,39.399054140870355,0.125,0.125,0.125,0.125,0.125,0.125,0.125,0.125
40,40.0,40.48631852820801,0.125,0.125,0.125,0.125,0.125,0.125,0.125,0.125
41,41.0,41.55999329152982,0.125,0.125,0.125,0.125,0.125,0.125,0.125,0.125
42,42.0,42.62070064560415,0.125,0.125,0.125,0.125,0.125,0.125,0.125,0.125
43,43.0,43.669130257815,0.125,0.125,0.125,0.125,0.125,0.125,0.125,0.125
44,44.0,44.70602560622662,0.125,0.125,0.125,0.125,0.125,0.125,0.125,0.125
45,45.0,45.73217116373481,0.125,0.125,0.125,0.125,0.125,0.125,0.125,0.125
46,46.0,46.748380453854836,0.125,0.125,0.125,0.125,0.125,0.125,0.125,0.125
47,47.0,47.755485010424316,0.125,0.125,0.125,0.125,0.125,0.125,0.125,0.125
48,48.0,48.7543242612326,0.125,0.125,0.125,0.125,0.125,0.125,0.125,0.125
49,49.0,49.745736344347726,0.125,0.125,0.125,0.125,0.125,0.125,0.125,0.125
50,50.0,50.730549855707864,0.125,0.125,0.125,0.125,0.125,0.125,0.125,0.125
51,51.0,51.70957651737491,0.125,0.125,0.125,0.125,0.125,0.125,0.125,0.125
52,52.0,52.68360474770151,0.125,0.125,0.125,0.125,0.125,0.125,0.125,0.125
53,53.0,53.65339410751842,0.125,0.125,0.125,0.125,0.125,0.125,0.125,0.125
54,54.0,54.61967059027847,0.125,0.125,0.125,0.125,0.125,0.125,0.125,0.125
55,55.0,55.58312271885972,0.125,0.125,0.125,0.125,0.125,0.125,0.125,0.125
56,56.0,56.544398407394254,0.125,0.125,0.125,0.125,0.125,0.125,0.125,0.125
57,57.0,57.504102543001395,0.125,0.125,0.125,0.125,0.125,0.125,0.125,0.125
58,58.0,58.462795239617805,0.125,0.125,0.125,0.125,0.125,0.125,0.125,0.125
59,59.0,59.42099071417639,0.125,0.125,0.125,0.125,0.125,0.125,0.125,0.125
60,60.0,60.379156734137354,0.125,0.125,0.125,0.125,0.125,0.125,0.125,0.125
61,61.0,61.337714584760846,0.125,0.125,0.125,0.125,0.125,0.125,0.125,0.125
62,62.0,62.29703950447439,0.125,0.125,0.125,0.125,0.125,0.125,0.125,0.125
63,63.0,63.257461537171835,0.125,0.125,0.125,0.125,0.125,0.125,0.125,0.125
64,64.0,64.21926675122782,0.125,0.125,0.125,0.125,0.125,0.125,0.125,0.125
65,65.0,65.18269877636592,0.125,0.125,0.125,0.125,0.125,0.125,0.125,0.125
66,66.0,66.14796061122655,0.125,0.125,0.125,0.125,0.125,0.125,0.125,0.125
67,67.0,67.11521665648885,0.125,0.125,0.125,0.125,0.125,0.125,0.125,0.125
68,68.0,68.08459493066005,0.125,0.125,0.125,0.125,0.125,0.125,0.125,0.125
69,69.0,69.05618942810752,0.125,0.125,0.125,0.125,0.125,0.125,0.125,0.125
70,70.0,70.03006258152917,0.125,0.125,0.125,0.125,0.125,0.125,0.125,0.125
71,71.0,71.00624779379335,0.125,0.125,0.125,0.125,0.125,0.125,0.125,0.125
72,72.0,71.98475200689319,0.125,0.125,0.125,0.125,0.125,0.125,0.125,0.125
73,73.0,72.96555827861411,0.125,0.125,0.125,0.125,0.125,0.125,0.125,0.125
74,74.0,73.94862834037681,0.125,0.125,0.125,0.125,0.125,0.125,0.125,0.125
75,75.0,74.93390511255946,0.125,0.125,0.125,0.125,0.125,0.125,0.125,0.125
76,76.0,75.92131515639825,0.125,0.125,0.125,0.125,0.125,0.125,0.125,0.125
77,77.0,76.92077104428918,0.125,0.125,0.125,0.125,0.125,0.125,0.125,0.125
78,78.0,77.92207363294813,0.125,0.125,0.125,0.125,0.125,0.125,0.125,0.125
79,79.0,78.9250252264117,0.125,0.125,0.125,0.125,0.125,0.125,0.125,0.125
80,80.0,79.9294314082648,0.125,0.125,0.125,0.125,0.125,0.125,0.125,0.125
81,81.0,80.93510265784994,0.125,0.125,0.125,0.125,0.125,0.125,0.125,0.125
82,82.0,81.95185575589807,0.125,0.125,0.125,0.125,0.125,0.125,0.125,0.125
83,83.0,82.9694149865824,0.125,0.125,0.125,0.125,0.125,0.125,0.125,0.125
84,84.0,83.98752414433248,0.125,0.125,0.125,0.125,0.125,0.125,0.125,0.125
85,85.0,85.00594714486422,0.125,0.125,0.125,0.125,0.125,0.125,0.125,0.125
86,86.0,86.03446837389416,0.125,0.125,0.125,0.125,0.125,0.125,0.125,0.125
87,87.0,87.07279279628214,0.125,0.125,0.125,0.125,0.125,0.125,0.125,0.125
88,88.0,88.11055684846852,0.125,0.125,0.125,0.125,0.125,0.125,0.125,0.125
89,89.0,89.14743892695157,0.125,0.125,0.125,0.125,0.125,0.125,0.125,0.125
90,90.0,90.1831584083168,0.125,0.125,0.125,0.125,0.125,0.125,0.125,0.125
91,91.0,91.21747435746234,0.125,0.125,0.125,0.125,0.125,0.125,0.125,0.125
92,92.0,92.25018396811869,0.125,0.125,0.125,0.125,0.125,0.125,0.125,0.125
93,93.0,93.28112077802824,0.125,0.125,0.125,0.125,0.125,0.125,0.125,0.125
94,94.0,94.31015269916654,0.125,0.125,0.125,0.125,0.125,0.125,0.125,0.125
95,95.0,95.33717990119935,0.125,0.125,0.125,0.125,0.125,0.125,0.125,0.125
96,96.0,96.36213258401689,0.125,0.125,0.125,0.125,0.125,0.125,0.125,0.125
97,97.0,97.38496867271252,0.125,0.125,0.125,0.125,0.125,0.125,0.125,0.125
98,98.0,98.41567146581144,0.125,0.125,0.125,0.125,0.125,0.125,0.125,0.125
99,99.0,99.44414726494237,0.125,0.125,0.125,0.125,0.125,0.125,0.125,0.125
100,100.0,100.47033401151077,0.125,0.125,0.125,0.125,0.125,0.125,0.125,0.125
101,101.0,101.49419874330724,0.125,0.125,0.125,0.125,0.125,0.125,0.125,0.125
102,102.0,102.51573501449097,0.125,0.125,0.125,0.125,0.125,0.125,0.125,0.125
103,103.0,103.53496030841143,0.125,0.125,0.125,0.125,0.125,0.125,0.125,0.125
104,104.0,104.55191346985572,0.125,0.125,0.125,0.125,0.125,0.125,0.125,0.125
105,105.0,105.56665218045703,0.125,0.125,0.125,0.125,0.125,0.125,0.125,0.125
106,106.0,106.57925049819363,0.125,0.125,0.125,0.125,0.125,0.125,0.125,0.125
107,107.0,107.58979647917464,0.125,0.125,0.125,0.125,0.125,0.125,0.125,0.125
108,108.0,108.5983898972658,0.125,0.125,0.125,0.125,0.125,0.125,0.125,0.125
109,109.0,109.60514007457519,0.125,0.125,0.125,0.125,0.125,0.125,0.125,0.125
110,110.0,110.61016383340788,0.125,0.125,0.125,0.125,0.125,0.125,0.125,0.125
111,111.0,111.61358357802324,0.125,0.125,0.125,0.125,0.125,0.125,0.125,0.125
112,112.0,112.61552551239681,0.125,0.125,0.125,0.125,0.125,0.125,0.125,0.125
113,113.0,113.61611799820906,0.125,0.125,0.125,0.125,0.125,0.125,0.125,0.125
114,114.0,114.61549005545801,0.125,0.125,0.125,0.125,0.125,0.125,0.125,0.125
115,115.0,115.61377000642747,0.125,0.125,0.125,0.125,0.125,0.125,0.125,0.125
116,116.0,116.61108426223572,0.125,0.125,0.125,0.125,0.125,0.125,0.125,0.125
117,117.0,117.60755624984078,0.125,0.125,0.125,0.125,0.125,0.125,0.125,0.125
118,118.0,118.60330547618693,0.125,0.125,0.125,0.125,0.125,0.125,0.125,0.125
119,119.0,119.5984467251366,0.125,0.125,0.125,0.125,0.125,0.125,0.125,0.125
120,120.0,120.59308938193993,0.125,0.125,0.125,0.125,0.125,0.125,0.125,0.125
121,121.0,121.58733687924354,0.125,0.125,0.125,0.125,0.125,0.125,0.125,0.125
122,122.0,122.58128625802435,0.125,0.125,0.125,0.125,0.125,0.125,0.125,0.125
123,123.0,123.57502783634683,0.125,0.125,0.125,0.125,0.125,0.125,0.125,0.125
124,124.0,124.5686449784736,0.125,0.125,0.125,0.125,0.125,0.125,0.125,0.125
125,125.0,125.56221395660295,0.125,0.125,0.125,0.125,0.125,0.125,0.125,0.125
126,126.0,126.55580389735334,0.125,0.125,0.125,0.125,0.125,0.125,0.125,0.125
127,127.0,127.54947680505516,0.125,0.125,0.125,0.125,0.125,0.125,0.125,0.125
128,128.0,128.54328765393626,0.125,0.125,0.125,0.125,0.125,0.125,0.125,0.125
129,129.0,129.53728454138988,0.125,0.125,0.125,0.125,0.125,0.125,0.125,0.125
130,130.0,130.53150889468424,0.125,0.125,0.125,0.125,0.125,0.125,0.125,0.125
131,131.0,131.52599572370232,0.125,0.125,0.125,0.125,0.125,0.125,0.125,0.125
132,132.0,132.52077391258157,0.125,0.125,0.125,0.125,0.125,0.125,0.125,0.125
133,133.0,133.5158665434471,0.125,0.125,0.125,0.125,0.125,0.125,0.125,0.125
134,134.0,134.51129124579157,0.125,0.125,0.125,0.125,0.125,0.125,0.125,0.125
135,135.0,135.5070605654437,0.125,0.125,0.125,0.125,0.125,0.125,0.125,0.125
136,136.0,136.50318234747618,0.125,0.125,0.125,0.125,0.125,0.125,0.125,0.125
137,137.0,137.49966012783065,0.125,0.125,0.125,0.125,0.125,0.125,0.125,0.125
138,138.0,138.49649352887135,0.125,0.125,0.125,0.125,0.125,0.125,0.125,0.125
139,139.0,139.49367865451927,0.125,0.125,0.125,0.125,0.125,0.125,0.125,0.125
140,140.0,140.4912084810572,0.125,0.125,0.125,0.125,0.125,0.125,0.125,0.125
141,141.0,141.48907324013078,0.125,0.125,0.125,0.125,0.125,0.125,0.125,0.125
142,142.0,142.4872607908957,0.125,0.125,0.125,0.125,0.125,0.125,0.125,0.125
143,143.0,143.48575697867517,0.125,0.125,0.125,0.125,0.125,0.125,0.125,0.125
144,144.0,144.48454597788992,0.125,0.125,0.125,0.125,0.125,0.125,0.125,0.125
145,145.0,145.4836106174043,0.125,0.125,0.125,0.125,0.125,0.125,0.125,0.125
146,146.0,146.48293268679322,0.125,0.125,0.125,0.125,0.125,0.125,0.125,0.125
147,147.0,147.4824932223753,0.125,0.125,0.125,0.125,0.125,0.125,0.125,0.125
148,148.0,148.48227277217543,0.125,0.125,0.125,0.125,0.125,0.125,0.125,0.125
149,149.0,149.48225163927378,0.125,0.125,0.125,0.125,0.125,0.125,0.125,0.125
150,150.0,150.48241010326956,0.125,0.125,0.125,0.125,0.125,0.125,0.125,0.125
151,151.0,151.48272861983307,0.125,0.125,0.125,0.125,0.125,0.125,0.125,0.125
152,152.0,152.4831879985419,0.125,0.125,0.125,0.125,0.125,0.125,0.125,0.125
153,153.0,153.4837695593944,0.125,0.125,0.125,0.125,0.125,0.125,0.125,0.125
154,154.0,154.48445526856773,0.125,0.125,0.125,0.125,0.125,0.125,0.125,0.125
155,155.0,155.48522785413806,0.125,0.125,0.125,0.125,0.125,0.125,0.125,0.125
156,156.0,156.48607090260998,0.125,0.125,0.125,0.125,0.125,0.125,0.125,0.125
157,157.0,157.4869689372086,0.125,0.125,0.125,0.125,0.125,0.125,0.125,0.125
158,158.0,158.48790747897527,0.125,0.125,0.125,0.125,0.125,0.125,0.125,0.125
159,159.0,159.48887309177553,0.125,0.125,0.125,0.125,0.125,0.125,0.125,0.125
160,160.0,160.489853412378,0.125,0.125,0.125,0.125,0.125,0.125,0.125,0.125
161,161.0,161.49083716679647,0.125,0.125,0.125,0.125,0.125,0.125,0.125,0.125
162,162.0,162.4918141741051,0.125,0.125,0.125,0.125,0.125,0.125,0.125,0.125
163,163.0,163.49277533894178,0.125,0.125,0.125,0.125,0.125,0.125,0.125,0.125
164,164.0,164.4937126339054,0.125,0.125,0.125,0.125,0.125,0.125,0.125,0.125
165,165.0,165.49461907303362,0.125,0.125,0.125,0.125,0.125,0.125,0.125,0.125
166,166.0,166.4954886775187,0.125,0.125,0.125,0.125,0.125,0.125,0.125,0.125
167,167.0,167.49631643478006,0.125,0.125,0.125,0.125,0.125,0.125,0.125,0.125
168,168.0,168.4970982519675,0.125,0.125,0.125,0.125,0.125,0.125,0.125,0.125
169,169.0,169.49783090491647,0.125,0.125,0.125,0.125,0.125,0.125,0.125,0.125
170,170.0,170.4985119835214,0.125,0.125,0.125,0.125,0.125,0.125,0.125,0.125
171,171.0,171.49913983443065,0.125,0.125,0.125,0.125,0.125,0.125,0.125,0.125
172,172.0,172.49971350190467,0.125,0.125,0.125,0.125,0.125,0.125,0.125,0.125
173,173.0,173.50023266761224,0.125,0.125,0.125,0.125,0.125,0.125,0.125,0.125
174,174.0,174.50069759007292,0.125,0.125,0.125,0.125,0.125,0.125,0.125,0.125
175,175.0,175.50110904438682,0.125,0.125,0.125,0.125,0.125,0.125,0.125,0.125
176,176.0,176.50146826282545,0.125,0.125,0.125,0.125,0.125,0.125,0.125,0.125
177,177.0,177.50177687679195,0.125,0.125,0.125,0.125,0.125,0.125,0.125,0.125
178,178.0,178.51203686059392,0.125,0.125,0.125,0.125,0.125,0.125,0.125,0.125
179,179.0,179.52215047740972,0.125,0.125,0.125,0.125,0.125,0.125,0.125,0.125
180,180.0,180.53203122776986,0.125,0.125,0.125,0.125,0.125,0.125,0.125,0.125
181,181.0,181.5416035908163,0.125,0.125,0.125,0.125,0.125,0.125,0.125,0.125
182,182.0,182.55080268164988,0.125,0.125,0.125,0.125,0.125,0.125,0.125,0.125
183,183.0,183.55957383658364,0.125,0.125,0.125,0.125,0.125,0.125,0.125,0.125
184,184.0,184.56787213765818,0.125,0.125,0.125,0.125,0.125,0.125,0.125,0.125
185,185.0,185.57566188724869,0.125,0.125,0.125,0.125,0.125,0.125,0.125,0.125
186,186.0,186.58291604300766,0.125,0.125,0.125,0.125,0.125,0.125,0.125,0.125
187,187.0,187.58961562276065,0.125,0.125,0.125,0.125,0.125,0.125,0.125,0.125
188,188.0,188.59574908831075,0.125,0.125,0.125,0.125,0.125,0.125,0.125,0.125
189,189.0,189.60131171642274,0.125,0.125,0.125,0.125,0.125,0.125,0.125,0.125
190,190.0,190.6063049645593,0.125,0.125,0.125,0.125,0.125,0.125,0.125,0.125
191,191.0,191.6107358382366,0.125,0.125,0.125,0.125,0.125,0.125,0.125,0.125
192,192.0,192.6146162661638,0.125,0.125,0.125,0.125,0.125,0.125,0.125,0.125
193,193.0,193.61796248863664,0.125,0.125,0.125,0.125,0.125,0.125,0.125,0.125
194,194.0,194.62079446397584,0.125,0.125,0.125,0.125,0.125,0.125,0.125,0.125
195,195.0,195.62313529714137,0.125,0.125,0.125,0.125,0.125,0.125,0.125,0.125
196,196.0,196.62501069401893,0.125,0.125,0.125,0.125,0.125,0.125,0.125,0.125
197,197.0,197.62644844426853,0.125,0.125,0.125,0.125,0.125,0.125,0.125,0.125
198,198.0,198.62747793505048,0.125,0.125,0.125,0.125,0.125,0.125,0.125,0.125
199,199.0,199.62812969740375,0.125,0.125,0.125,0.125,0.125,0.125,0.125,0.125
200,200.0,200.62843498654766,0.12486111111111112,0.12486111111111112,0.12486111111111112,0.12597222222222224,0.12486111111111112,0.12486111111111112,0.12486111111111112,0.12486111111111112
201,201.0,201.6284253969117,0.12419583333333335,0.12419583333333335,0.12641805555555558,0.12740694444444445,0.12519583333333334,0.12419583333333335,0.12419583333333335,0.12419583333333335
202,202.0,202.62813251227018,0.12431623611111113,0.12331623611111113,0.12851623611111113,0.1285963472222222,0.1253062361111111,0.12331623611111113,0.12331623611111113,0.12331623611111113
203,203.0,203.6275875909701,0.12410163827020204,0.12322274938131315,0.13196691099747476,0.12930104827020203,0.12507273827020202,0.12211163827020205,0.12211163827020205,0.12211163827020205
204,204.0,204.62682128589037,0.1244551100933081,0.1228869393862374,0.13642835433573236,0.12962080408421717,0.12458130727512626,0.1206758282751263,0.1206758282751263,0.1206758282751263
205,205.0,205.62586339845973,0.12535372248320933,0.12242835459432043,0.14031466505710213,0.12976468785330023,0.12472383956244007,0.11913824348320934,0.11913824348320934,0.11913824348320934
206,206.0,206.62474266578752,0.12613510191045385,0.12176751023681746,0.1430491164706823,0.12976361095901653,0.12575796880348666,0.1184482911459084,0.11753920023681748,0.11753920023681748
207,207.0,207.62348657972467,0.12645871343259044,0.12059588717850858,0.1459508631244292,0.13012096912553456,0.12624884047512877,0.11951194592497326,0.1155563903694177,0.1155563903694177
208,208.0,208.6221212364709,0.12660104155885235,0.11929204153581949,0.1490207891744198,0.13128128909905273,0.1265066885784074,0.12033422510199124,0.1134819624757286,0.1134819624757286
209,209.0,209.62067121517774,0.12649176054211256,0.11779520321816324,0.15310786309859445,0.13207473160277494,0.1265723008434005,0.12154582018912095,0.11125879183186416,0.11115352867396942
210,210.0,210.61915948386212,0.12627904823534172,0.11626156400471618,0.1569057092130818,0.1326428831780557,0.1273524709787234,0.12267598097872465,0.10904590854778363,0.10883643486357311
211,211.0,211.61760733083946,0.1258357018443587,0.11467463399760652,0.16083378060963555,0.13286897896179498,0.12769762650396443,0.12349206364672585,0.10818307300743077,0.1064141414284834
212,212.0,212.61603431981067,0.12602072722475532,0.11298629855078521,0.16395448267283808,0.1336088968009946,0.12770724728847432,0.12402163847564918,0.10778105502999913,0.1039196539565043
213,213.0,213.61445826668665,0.1259628757183785,0.11114128120899573,0.16710472691006534,0.13410341415491117,0.1287515205386368,0.12429976656441706,0.10724365136932633,0.10139276353526916
214,214.0,214.61289523620817,0.12585925511240226,0.1093457740288744,0.16978871485210417,0.1346102024406588,0.1296673204541967,0.12504745262391967,0.10670466790333188,0.09897661258451224
215,215.0,215.61135955641547,0.1256716651933187,0.10757082302409754,0.17231758375469025,0.13410089351726662,0.13041545068371585,0.12715819701585004,0.10612583911768024,0.09663954769338087
216,216.0,216.60986384903785,0.12537179193988465,0.10579353523543372,0.17487903128811216,0.13339543484496927,0.131013978462811,0.12966206477420866,0.10552571940150154,0.09435844405307908
217,217.0,217.6084190739076,0.12589288506209212,0.10418170909395019,0.17717227646704348,0.13089214655703083,0.13162167063352548,0.13225177281683706,0.10506223091980216,0.09292530844971879
218,218.0,218.60703458555133,0.12630798081399872,0.10258554800947503,0.17861193939837627,0.12828638451343483,0.1320831752491316,0.1353851380146799,0.10467899694910267,0.09206083705180107
219,219.0,219.60571820017518,0.126591851778084,0.10098760887391908,0.180128400943013,0.1255459317991683,0.1323767388138519,0.13882285155105717,0.1043481679829588,0.09119844825794782
220,220.0,220.60447627133487,0.12663657331586758,0.0992425871229933,0.1821918731581755,0.12331991910984602,0.13229989257762492,0.1414279405662928,0.10387129510476882,0.09100991904443105
221,221.0,221.60331377266527,0.12644572556808184,0.09745090467505695,0.18372024275844978,0.12095441669872269,0.13262633397394538,0.1447217138698579,0.10333418337200073,0.09074647908388472
222,222.0,222.60223438613596,0.12622559703923167,0.09567507116421718,0.18527261543020104,0.11852695530201636,0.13269721449269298,0.14844009423761276,0.10274529738450962,0.09041715494951835
223,223.0,223.60124059439823,0.12522867077102545,0.09393351567097047,0.18729566613705778,0.11609394528187647,0.1332469199687005,0.15209579304918522,0.10207034001912141,0.09003514910206264
224,224.0,224.6003337758903,0.12406014606820223,0.09215777621661136,0.18921190619485106,0.11357496418220511,0.13404109189326135,0.15612233188591673,0.10128345202163481,0.08954833153731727
225,225.0,225.59951430147424,0.1228232596276467,0.09044342019818942,0.19086772715772649,0.1111958498250753,0.1351520247765106,0.15988146984980184,0.1005163126864727,0.08911993587857689
226,226.0,226.59878163148505,0.12152815096869199,0.08879238731344953,0.19312172456855525,0.10884831749853681,0.1359657298000849,0.16326378100861388,0.09976514452517654,0.08871476431689101
227,227.0,227.59813441217992,0.12023931408998953,0.08726057626809283,0.19497701969442416,0.10659812268664857,0.13669840371529887,0.16682107250799197,0.09905217102748881,0.08835332001006511
228,228.0,228.5975705706835,0.11895622936408551,0.08583860217041898,0.19755017942655412,0.10444492338708469,0.13742730281488158,0.17029189534613431,0.09795883073471902,0.08753203675612162
229,229.0,229.5970874076299,0.11765046150856552,0.08448901015224279,0.20057650350334863,0.10235949880837415,0.1380230064931885,0.1733666139443965,0.09686158463309126,0.08667332095679242
230,230.0,230.59668168680537,0.11633712389818573,0.08321784530903566,0.20397450211223905,0.10035532849207353,0.13849266463880353,0.17556204660945113,0.09627158314774702,0.08578890579246418
231,231.0,231.59634972119522,0.11505339223466339,0.08205326192186019,0.20731377605204349,0.0984672152048334,0.13886747057366716,0.17759082077935837,0.09571728718203883,0.08493677605153498
232,232.0,232.59608745493415,0.11366972203736886,0.0808568264764059,0.2104015403929026,0.09767371728474514,0.1390137402569268,0.17938842837210037,0.09503743841727154,0.08395858676227859
233,233.0,233.59589054074985,0.11206050737859514,0.08060536316100914,0.21350861345801977,0.09661235007109496,0.1388034281338531,0.18023651019338022,0.09510173768772512,0.08307148991632236
234,234.0,234.59575441257647,0.11043898434204671,0.08038147888678691,0.21705234817484495,0.0958371173897374,0.13844888499727892,0.18065583043383757,0.09503828811671318,0.0821470676587542
235,235.0,235.5956743530947,0.10887335413777606,0.08023540973427358,0.22049199652861498,0.09517007626557074,0.13801883452182961,0.18098704054542145,0.09497330956197032,0.08124997870454315
236,236.0,236.59564555603012,0.10603973874413135,0.08032688984235659,0.22370386240934592,0.09477313291365075,0.1371911829056804,0.18183967670698412,0.09507333028618613,0.08105218619166467
237,237.0,237.5956631831117,0.10331069707641068,0.0804986737263197,0.2269546594239797,0.09449067123269622,0.13633139102148698,0.18232319511660244,0.09518791207780625,0.08090280032469796
238,238.0,238.595722415654,0.10053624399688066,0.08066510407882622,0.22924116830716149,0.09423815858151106,0.13628445263307756,0.18254376327446556,0.09575354392126494,0.08073756520681243
239,239.0,239.59581850078553,0.09793514786266783,0.08092971645282883,0.23106562224371147,0.09518919340152729,0.1362322249360986,0.18264237757691196,0.0954020344241813,0.08060368310207264
240,240.0,240.59594679239606,0.09573399120460836,0.0811275834160933,0.23214177215009596,0.09680609558492166,0.13604472460346081,0.1828419255476602,0.09493678980987591,0.0803671176832837
241,241.0,241.5961027869216,0.0935609273443758,0.08125609738932993,0.23290168599213767,0.09896846623559702,0.13570840542968057,0.183252289442547,0.09432283554178608,0.08002929262454579
242,242.0,242.59628215412533,0.09142798499306878,0.08131442639311937,0.2342745967857577,0.10077284846582454,0.13523474802555085,0.1830548419675247,0.09434295559674238,0.07957759777241155
243,243.0,243.59648076306746,0.08937139729015177,0.08132833201024353,0.23566438569086448,0.10226653282481335,0.13539362143957356,0.18267109353488853,0.09424077758401145,0.0790638596254532
244,244.0,244.5966947034847,0.0874519369960924,0.08135036773206103,0.23677103200127314,0.10371094072082254,0.1355255769217994,0.18251680133877424,0.09412684598821734,0.07854649830095979
245,245.0,245.59692030282537,0.08568143203751148,0.08138624948125679,0.23809819714443037,0.10511843106198257,0.13563873600095822,0.18201461088075427,0.0940098215481903,0.07805252184491591
246,246.0,246.59715413920372,0.08406148983721207,0.08143342886069067,0.23900100319860032,0.10647781572345638,0.13573304174965475,0.1818199094890646,0.09388998169951898,0.07758332944180214
247,247.0,247.5973930505522,0.082028578394673,0.0814815746511028,0.23995694122704872,0.1083112643038387,0.13580070678100656,0.181545105848573,0.09375968679041406,0.07711614200334313
248,248.0,248.5976341402603,0.080142798039914,0.08152896501583182,0.2406767070193536,0.10933687717276042,0.13655686049306093,0.18163392511658114,0.09347069124439898,0.07665317589809907
249,249.0,249.59787477959503,0.07865533896647234,0.08179338080921095,0.2417030479461331,0.11126036069456398,0.13568754905610608,0.18187365738369238,0.09258169222880594,0.07644497291501524
250,250.0,250.5981126072003,0.07717867475379353,0.08188827109764892,0.24407956243428086,0.11274868462414658,0.13456702525792438,0.18188425839712255,0.09154864654722689,0.0761048768878563
251,251.0,251.59834552597306,0.07574766614125676,0.0818748529413871,0.24686006870081745,0.11393147966037702,0.1333365543857096,0.1821985258660845,0.0903989913455992,0.07565186095876839
252,252.0,252.59857169760878,0.0743565325910918,0.08184992290393334,0.2504914437558978,0.11491870622535126,0.13199271328050832,0.18218314378155742,0.08903864014386548,0.07516889731779462
253,253.0,253.59878953510486,0.07317911497259058,0.08178721670380593,0.2542974473040062,0.1157599271566494,0.1306369416110248,0.18202857243145434,0.08765738028869936,0.0746533995317695
254,254.0,254.5989976935003,0.07221855928404851,0.08169610995467566,0.2583449236560488,0.11646568050827996,0.12928920411008665,0.18159268828536318,0.08627519267478789,0.0741176415267095
255,255.0,255.5991950591212,0.07138347064359185,0.0815914385254169,0.2622030837364082,0.11715097541974678,0.12797349827091628,0.1811758882808945,0.08492941761373564,0.07359222750928995
256,256.0,256.59938073758883,0.07069744753835988,0.081992025181799,0.2661035936059326,0.11729650801068575,0.1269068692178396,0.18060190262816744,0.08366312704806286,0.07273852676915302
257,257.0,257.59955404083377,0.07009936515676743,0.08230546361890052,0.2700729489579167,0.1177608116072161,0.12567230459024697,0.17969043389794997,0.08241496006898373,0.07198371210201877
258,258.0,258.5997144733459,0.06959747617947817,0.08257721100354568,0.2737495969498243,0.11812133752163811,0.12457687647527026,0.1785823862090286,0.08154575861048925,0.07124935705072583
259,259.0,259.5998617178733,0.06917181244881643,0.08276414783857038,0.2772308206163073,0.11829307859586727,0.1239148222680192,0.17740579672729936,0.08069390711761827,0.07052561438750198
260,260.0,260.5999956207693,0.06860870769531485,0.08290527194537985,0.2806086961377679,0.11876934976450033,0.12313261973909766,0.17623015189103178,0.07990671064532243,0.06983849218158544
261,261.0,261.60011617716793,0.0680566948789507,0.08303742898242637,0.2838374298302136,0.1191784810629796,0.12251448463166593,0.17498617137054193,0.07918919993896122,0.06920010930426085
262,262.0,262.60022351615504,0.06758762254063441,0.08323530229760795,0.28678617903632286,0.11949508359695374,0.12194781784035519,0.17361416741621774,0.07852528956449141,0.06880853770741688
263,263.0,263.60031788608194,0.06721326444150083,0.08342239997682765,0.2895995914070782,0.11974085977230656,0.12144851628702288,0.1721754360940791,0.07793913956542664,0.06846079245575838
264,264.0,264.60039964015533,0.06692762292672046,0.08359765879498691,0.2920136175853053,0.11991962502743894,0.12101456665150194,0.17073485115682313,0.07742856559231447,0.06836349226490905
265,265.0,265.60046922241986,0.06670747457749625,0.08374157117183538,0.2944246951329187,0.12001769459702319,0.12062656506285693,0.1691482804481125,0.07705856906629034,0.0682751499434669
266,266.0,266.60052715423365,0.06655172998916781,0.08386064868853738,0.2966964994970966,0.120045684394439,0.12028705516068966,0.167625644065162,0.07673660462894845,0.06819613357595924
267,267.0,267.6005740213238,0.06633163808235747,0.08381124896827102,0.29890235107340535,0.1198851086779517,0.11987071472620264,0.16585856044904274,0.07633753041614402,0.06900284760662523
268,268.0,268.60061046149167,0.06606952159220492,0.08354994988482754,0.3018671859764329,0.11956956468337653,0.11940307730119616,0.16394319122134687,0.07588628005618157,0.06971122928443363
269,269.0,269.60063715302783,0.06596332597035254,0.08328022583054034,0.3043869438904246,0.11843107256019351,0.11859616674638292,0.16312833866130272,0.07577724986098544,0.07043667647981812
270,270.0,270.60065480388005,0.06583321736549051,0.08284406269565342,0.306912742618489,0.1170972032037236,0.11803493446682667,0.16186460322841573,0.07563618352152855,0.07177705289987266
271,271.0,271.6006641416083,0.0660753559098425,0.08225731870135634,0.3094970027436751,0.11559777849270743,0.11755788239877836,0.160640605925773,0.07545968040890534,0.07291437541896212
272,272.0,272.60066590414766,0.06635397388871146,0.08166924830865158,0.31220504850816294,0.1141032265953777,0.1171230619402561,0.15920909658251792,0.07531645805349398,0.07401988612282853
273,273.0,273.60066083139156,0.06666830500858148,0.08109153269103136,0.3147297622038509,0.1126269395723295,0.11673866819201917,0.15784016358446823,0.07521681963749621,0.07508780911022335
274,274.0,274.6006496575972,0.06706270024521933,0.08063126117951111,0.31568890522533744,0.11123248650699785,0.11645435157137055,0.15674333652918176,0.07531103285476039,0.0768759258876218
275,275.0,275.60063310460635,0.06740682561832566,0.0802036141049146,0.3165181127856838,0.10990283020663333,0.11623781110526878,0.15577039398188564,0.0754304981636428,0.0785299140336456
276,276.0,276.6006118758685,0.06774240163980491,0.07975487781516394,0.31699857883261817,0.10859637500808153,0.11603938660682163,0.15515746434161967,0.07562159089113563,0.08008932486475477
277,277.0,277.6005866512457,0.06808134220625063,0.07940942856897987,0.3176541590836759,0.10733773887127657,0.11587339484413586,0.15423823628167427,0.0758365357009475,0.08156916444305963
278,278.0,278.6005580825727,0.06839714467470258,0.07913252834649281,0.3184265824087429,0.10611142082819587,0.11570911379727906,0.15327365148007593,0.07601678990506985,0.08293276855944118
279,279.0,279.60052678994134,0.06870053542985115,0.07885318628389044,0.3192467029807273,0.10494460884627863,0.11556255940706395,0.15232031501149756,0.07617552022906482,0.08419657181162625
280,280.0,280.6004933586737,0.06899091190870092,0.0785752222984502,0.3195667467260548,0.10384421061245336,0.11583984120579047,0.15152480840015145,0.07630640931570988,0.08535184953268904
281,281.0,281.6004583369461,0.06927688245915173,0.07840783297097012,0.31967729042118415,0.10282646747602155,0.11614684746999261,0.1510206304574058,0.0763289706248588,0.08631507812041532
282,282.0,282.6004222340217,0.06954011327259865,0.07823825035619707,0.31996477026093195,0.10187587541162528,0.11645533327045884,0.15044439131172366,0.07631847587584058,0.08716279024062397
283,283.0,283.6003855190496,0.06982344029843908,0.07816030082058711,0.32077325809082075,0.10103675145982252,0.1168041240274748,0.15051294466954174,0.07632031714796318,0.08656886348535078
284,284.0,284.6003486203842,0.0700237645729761,0.07796782128266393,0.321668509172806,0.1009184064611267,0.1170851700166857,0.15034618345166015,0.07623380090393549,0.08575634413814595
285,285.0,285.6003119253815,0.07020372089815531,0.07778754088225938,0.3225035913642613,0.10086305642240677,0.11735830247395623,0.1502840673903101,0.07613968136876242,0.08486003919988842
286,286.0,286.6002757806253,0.07036288856964945,0.07761938457361435,0.32312139989915034,0.10086393647090804,0.11762046550051589,0.15047763170243048,0.07603860224163754,0.08389569104209381
287,287.0,287.6002404925384,0.07042021338447396,0.07747986143676604,0.32333210040881416,0.10092693255923581,0.11788072434198778,0.15113072203403455,0.07594208236496458,0.08288736346972297
288,288.0,288.6002063283348,0.07047288044834184,0.07737565762945375,0.3235116093199078,0.10104836372574302,0.11814473912220495,0.15170860816484952,0.07587752774177171,0.08186061384772722
289,289.0,289.6001735172683,0.07050702594069391,0.0773662570644923,0.3237193247982,0.10121169614900744,0.11839785463601302,0.1521809503798875,0.07579665169481745,0.08082023933688823
290,290.0,290.6001422521357,0.07051660359950532,0.07743517700467378,0.3238442480175464,0.10140104732979686,0.11862940463394794,0.15269817957531373,0.07569840688639884,0.07977693295281688
291,291.0,291.60011269099505,0.0707097746142509,0.07890478788081831,0.3240789912366816,0.10090842602827571,0.11813580269064021,0.15342865828282218,0.0748913545075898,0.07894220475892104
292,292.0,292.60008495905845,0.07101904955394793,0.0800025216216783,0.3235436069274694,0.1016793845400756,0.11777368462274483,0.1533879230169914,0.0742261663728945,0.07836766334419776
293,293.0,293.600059150725,0.07131426672757442,0.08108633502318784,0.32286559259051495,0.10246830179979027,0.11755900271362592,0.15331670827080524,0.07357984939011865,0.0778099434843824
294,294.0,294.60003533171755,0.07144901490970458,0.08189080604385916,0.3220356035226488,0.10305861057921849,0.11744376628667225,0.15316301757524575,0.07282184968147196,0.07813733140117864
295,295.0,295.6000135412937,0.07153685005904817,0.0826346807529508,0.3211591111099768,0.10356106212758544,0.11752410972516995,0.15305794454834087,0.07206979118329666,0.07845645049363092
296,296.0,296.59999379449937,0.07150850868653483,0.08346305201910505,0.3198342994797898,0.10390425650560912,0.11785565984708855,0.1526237846120961,0.0712955286904278,0.07951491015934836
297,297.0,297.5999760844394,0.07147654638587772,0.0842721288417936,0.3180527119157077,0.104248514906773,0.11819915930531712,0.15260244369738626,0.07056836322845508,0.08058013171868918
298,298.0,298.599960384541,0.07135420459651644,0.08488365876436482,0.3172048516439351,0.10450241211934255,0.11845320866560108,0.15240742876253432,0.06979812826522956,0.08139610718247588
299,299.0,299.5999466507871,0.07114709808324447,0.08529390710702438,0.3165334999039204,0.10466737261566475,0.11938837053897607,0.1520124066181889,0.06897501883471611,0.08198232629826473
300,300.0,300.5999348239007,0.0710553724924133,0.0867003779303389,0.3143415502820521,0.10489319851220244,0.12042906096452141,0.15177596567739507,0.06821096250870401,0.08259351163237262
301,301.0,301.59992483146397,0.07097500454690309,0.08795357324252352,0.3122836060643012,0.10491636432876493,0.1213625639149853,0.15135103736978717,0.06740255735371145,0.08375529317902315
302,302.0,302.5999165899562,0.0709575626436602,0.08928130468074927,0.31154356406837114,0.10399140556240591,0.1225619177997233,0.1507188451278977,0.06670997002547767,0.08423543009171473
303,303.0,303.5999100066997,0.07083469599118047,0.0903397441868699,0.31069249510141034,0.1029589280140247,0.12443082038085779,0.15006696186139254,0.06597134184085204,0.08470501262341211
304,304.0,304.5999049817018,0.07063072789969346,0.09034491563787844,0.31074854144859976,0.10185211093304103,0.12755547061841171,0.14921197037018077,0.0652262987264138,0.0844299643657809
305,305.0,305.59990140938675,0.0704162343313396,0.09026658309116374,0.3110621561365244,0.10074944226110574,0.13058253955545485,0.14828459825838544,0.06452991250516722,0.08410853386085893
306,306.0,306.5998991802093,0.07020144083249916,0.09012742377899072,0.31128716798312084,0.09966892070407939,0.13349890149271387,0.14758021450619846,0.06388606263444796,0.08374986806794958
307,307.0,307.5998981821475,0.06999044145012025,0.089936828089938,0.31148583396422364,0.09862069540722147,0.13628802215197475,0.14700947107136444,0.06330192065313087,0.08336678721202657
308,308.0,308.59989830207047,0.06972074752055556,0.08963762637275913,0.31166857938695425,0.09840596619000819,0.13914794294123042,0.14586922457109494,0.06271313794626397,0.08283677507113352
309,309.0,309.59989942698036,0.06938469848783646,0.0891483267183381,0.3120634790288386,0.09815429611674582,0.1423458304242679,0.14459649126687454,0.06209043463284532,0.0822164433242532
310,310.0,310.5999014451295,0.06899654545756664,0.08926835380632904,0.3118173581731359,0.09787581524060698,0.14579474743021176,0.14326746997970155,0.06145092450813695,0.08152878540431113
311,311.0,311.59990424701243,0.06862112236480733,0.08936126182971735,0.3116466891824519,0.09763140240836259,0.1490518609873589,0.14197372180871573,0.060871227635478545,0.08084271378310764
312,312.0,312.5999077262369,0.06815823885931656,0.08993788363903249,0.3113372637722049,0.09726215584701883,0.15176269102494058,0.14061972815464713,0.06024848807097317,0.08067355063186636
313,313.0,313.5999117802766,0.06772058453438216,0.09050707165506584,0.3112648486004218,0.09693270060886544,0.15427515434867245,0.1390732227071266,0.059706776947477225,0.0805196405979885
314,314.0,314.59991631110955,0.06730350859904713,0.09104457068487436,0.31114952882828006,0.09663553786330227,0.15657074760805945,0.1376979246351797,0.05922410184001383,0.0803740799412432
315,315.0,315.5999212257481,0.06691249443010808,0.09170079882452892,0.31097533331311533,0.09637730709069718,0.15865509897911345,0.13632186939547875,0.05880714617008533,0.08024995179687297
316,316.0,316.5999264366653,0.06666372328681607,0.09243567490982679,0.3104238328026599,0.0965096699337769,0.15992908071687278,0.1351060356962613,0.05856004419514607,0.0803719384586402
317,317.0,317.59993186212415,0.06643901432485437,0.09312951654919824,0.30994552492685745,0.09666768299584778,0.1609935724177378,0.13395943558842546,0.058365788146326536,0.08049946505075237
318,318.0,318.59993742641586,0.06610420134911825,0.09384191027567942,0.3093780605134448,0.09658793775978959,0.16181710564627966,0.13280375788014875,0.058945545408428106,0.08052148116711136
319,319.0,319.59994306001425,0.06579193118074657,0.0945032482317154,0.3088530720184553,0.09652546611809627,0.16256014787941406,0.1316693676620789,0.05955747795798184,0.08053928895151158
320,320.0,320.5999486996527,0.06550282444926235,0.09522031824073299,0.3082292549795184,0.0964786309664721,0.163122687776457,0.13070239023605076,0.06019169667970878,0.0805521966717975
321,321.0,321.5999542883308,0.06523838217183892,0.09588332788553723,0.3077122696635601,0.09645048833680739,0.16352237651337273,0.12978740164124808,0.060840259625926894,0.08056549416170855
322,322.0,322.59995977525773,0.06508854787201351,0.09660648163433705,0.3080915785693788,0.09665742107757705,0.16388511998184924,0.12894828163609492,0.060819403252045504,0.07990316597670373
323,323.0,323.5999651157394,0.06489892854758841,0.09720946731616736,0.308356389584141,0.09668232572194357,0.1640404127396078,0.12878315676012048,0.061513385967915626,0.07851593336251557
324,324.0,324.5999702710155,0.06469133252570457,0.097672446836088,0.3086507790459485,0.09667419825115829,0.1638146791898904,0.12922342949339216,0.06216740997653248,0.07710572468128549
325,325.0,325.5999752080538,0.0645111255940047,0.09808777533044673,0.30904776130242745,0.0966776443847282,0.1634769102240945,0.12948703214693325,0.0629735155340638,0.07573823548330127
326,326.0,326.5999798993078,0.06409449489065921,0.09851718515947239,0.30858575670217836,0.09685161074458752,0.16339442955740172,0.13001878019599025,0.06367530818047008,0.07486243456924035
327,327.0,327.59998432244333,0.06365127184493273,0.09913364976712814,0.30803443416015036,0.09697811488545419,0.16356192843680437,0.13038739311245762,0.0642890919429677,0.07396411585010479
328,328.0,328.59998846004083,0.0632354972606936,0.09969766374542535,0.3075026435288305,0.09711048681152785,0.1636506623930604,0.13080201562317836,0.06488099555091133,0.0731200350863725
329,329.0,329.59999229927814,0.06285533167596205,0.10022232729417006,0.30704012765731153,0.09725356366335366,0.16368111585557507,0.1311535413031569,0.06545403562200353,0.07233995692846708
330,330.0,330.59999583159896,0.06250298679060708,0.1006883145272413,0.30666935408000723,0.09739681512381057,0.1636447104085759,0.13149400808287778,0.06599047050859001,0.07161334047829
331,331.0,331.5999990523718,0.06218313492131442,0.10110645564279566,0.3063369342074823,0.09754923327836952,0.16356110843281244,0.13180708521740034,0.0664978090081662,0.07095823929165897
