,Unnamed: 0,Generation,Intertwine_two,Add_vertex,Delete_vertex,Invert_path_vertices,Insert_inside_vertex,Delete_inside_vertex,Replace_inside_vertex,Donate_between_routes,Trim_one_terminal_cb,Grow_one_terminal_cb
0,0.0,0.0,0.09999999999999999,0.09999999999999999,0.09999999999999999,0.09999999999999999,0.09999999999999999,0.09999999999999999,0.09999999999999999,0.09999999999999999,0.09999999999999999,0.09999999999999999
1,1.0,1.0,0.14084879481062823,0.10484523535329004,0.07511244404854793,0.09113891791202203,0.09534256574921594,0.09273563751452782,0.06696251388588496,0.05546088407124157,0.14327276290639998,0.13428024374824096
2,2.0,2.0,0.1291471987130229,0.08615953768317537,0.08367616933991644,0.11192613880328357,0.08690386278460402,0.09812390834115844,0.07188610575612128,0.06246765274108742,0.13631372666731492,0.13339569917031516
3,3.0,3.0,0.13380003060241533,0.0977474489583122,0.07157351741344252,0.10065526515440157,0.10079106938967804,0.0867857601473935,0.07064044452982213,0.057278219240010544,0.15424485328551824,0.12648339127900546
4,4.0,4.0,0.14542933713882011,0.09562039976464795,0.07582676695701071,0.09571934489695937,0.08955085755812622,0.09146818029663346,0.06676032306643875,0.0544271070537657,0.1539932600955327,0.13120442317206446
5,5.0,5.0,0.13877479113642702,0.09956105222857138,0.08999106685292639,0.08874619027548472,0.10903372939832963,0.08804268303501411,0.044416863734289755,0.06318607362054171,0.14527274456835074,0.13297480515006416
6,6.0,6.0,0.12174488658069635,0.10090066547711818,0.0853770336767258,0.08582947051634514,0.10778110569942663,0.09370850298804048,0.05574985209562976,0.05392399191826573,0.16559587046516164,0.12938862058258985
7,7.0,7.0,0.13853687718911523,0.0899690741852042,0.06706106372556558,0.09705452091368934,0.09160505212500127,0.08826861219959037,0.06243470288712958,0.05097837247336619,0.16792631406510575,0.14616541023623203
8,8.0,8.0,0.12130690587934215,0.10706477141695478,0.09320333201862005,0.07904030976943191,0.0836398131056199,0.08171355688400464,0.04575009181354228,0.051729330204405746,0.1795326349696527,0.15701925393842536
9,9.0,9.0,0.13068805533391165,0.0892725251634353,0.08025904730198806,0.0880296716277087,0.09362558183404397,0.0802737853625782,0.061662115924236094,0.05633623580238103,0.17830587106236456,0.1415471105873521
10,10.0,10.0,0.13239750399358613,0.11595555638437378,0.04792133507419882,0.08905840021401303,0.08687161199419996,0.07668314245438695,0.0394321169776098,0.06319125480353568,0.17185876942660622,0.17663030867748927
11,11.0,11.0,0.1463262073519136,0.09690145122896324,0.07959005993152163,0.08491228141343311,0.07076980631507404,0.09663304362597722,0.032428458211506174,0.04197933980614166,0.19358208136881316,0.15687727074665586
12,12.0,12.0,0.13611095655693997,0.10382180658508418,0.08979643917892188,0.0757119801369256,0.10628531180427818,0.0697008468613182,0.05585244457582748,0.03421403318029318,0.16204730497660272,0.16645887614380828
13,13.0,13.0,0.14663798585104235,0.09526666485289957,0.07197660716492835,0.08116923873578843,0.08615918795947876,0.06479149165306793,0.03391934092627127,0.03925366061712417,0.22011105438902384,0.160714767850375
14,14.0,14.0,0.128812079857153,0.08993058664572955,0.0608403640774514,0.09496235255380484,0.10410735079663185,0.07480296406294165,0.03892448762869573,0.045274142117070024,0.2015520618887731,0.16079361037174864
15,15.0,15.0,0.09888706557800894,0.09686512194468119,0.06734175808355422,0.06339359779764792,0.09210254265341586,0.06308707595944212,0.03956171070856791,0.03923065777945722,0.2174560905081641,0.22207437898706014
16,16.0,16.0,0.0772185817238705,0.11653079003174308,0.06866826349332993,0.07284535978465254,0.08401328030683164,0.07283259580427454,0.037591083353240996,0.030000000000000006,0.21000761060866205,0.2302924348933945
17,17.0,17.0,0.06795931794489182,0.1067455264446973,0.06645313520057436,0.06836202496008811,0.06792362382700419,0.10518383545144445,0.03218580104094208,0.030000000000000006,0.23801576950698905,0.2171709656233684
18,18.0,18.0,0.045485146553378666,0.0949461823180108,0.10516518911322692,0.05591273707541207,0.0587446039090207,0.10773455493135693,0.030000000000000006,0.030000000000000006,0.21752449828061823,0.25448708781897544
19,19.0,19.0,0.030000000000000006,0.12941735177518138,0.07295063610071235,0.062059252429478816,0.055308617696169224,0.07826939696377813,0.030000000000000006,0.03776660044803247,0.24091265293957287,0.2633154916470745
20,20.0,20.0,0.036869173339762695,0.12295347789780561,0.06546224183468011,0.07327283219172025,0.058292086671908806,0.07028573811267126,0.030000000000000006,0.030000000000000006,0.25356122036893797,0.2593032295825131
21,21.0,21.0,0.04381394592145692,0.14555531500403718,0.10704524424103608,0.05316547974203427,0.03433146254273958,0.07585242428675323,0.030000000000000006,0.030000000000000006,0.2223445166710431,0.2578916115908994
22,22.0,22.0,0.054146471110578534,0.1026004209158153,0.057454890952357854,0.05778799922463512,0.06266405679724393,0.08483738858319498,0.030000000000000006,0.030000000000000006,0.2496063087661994,0.27090246364997467
23,23.0,23.0,0.04786540014594102,0.09307961963252334,0.1071665413330845,0.04324037869877567,0.05827410830206192,0.07524924985052965,0.030000000000000006,0.03693770750835719,0.28052459665210355,0.22766239787662293
24,24.0,24.0,0.065585026637936,0.12309831967125014,0.09188075432517748,0.05541999328103764,0.04532567499305129,0.10810078875794504,0.030000000000000006,0.030000000000000006,0.2322159813897225,0.21837346094387966
25,25.0,25.0,0.04008495093870697,0.13288684767825804,0.09213314678528697,0.04909587988864087,0.05865880802338439,0.10729341925017828,0.030000000000000006,0.030000000000000006,0.22695186662783168,0.23289508080771265
26,26.0,26.0,0.03594906269234329,0.12710390853586845,0.10593942150937463,0.03401020550508106,0.052063098558666865,0.08689775677119752,0.030000000000000006,0.030000000000000006,0.2270759387415096,0.2709606076859583
27,27.0,27.0,0.035030590021354654,0.12300033910153077,0.08090002050998679,0.05763502055410504,0.0470694543931934,0.07657927751433663,0.035148420144889045,0.030000000000000006,0.24597966796193949,0.268657209798664
28,28.0,28.0,0.03889682951487887,0.11610429962746596,0.09372489552829606,0.030000000000000006,0.04334237277182269,0.09066180870584255,0.030000000000000006,0.030000000000000006,0.26585347370737356,0.26141632014432004
29,29.0,29.0,0.05844915699291523,0.10846356745852888,0.07562094385269383,0.03947787913261354,0.050088690561468516,0.0790865766540754,0.030000000000000006,0.030000000000000006,0.2641050115899124,0.2647081737577921
30,30.0,30.0,0.051650380781251136,0.13110505671498202,0.06829445265909434,0.04092808391791523,0.03175540929696362,0.10023189241249461,0.030000000000000006,0.030000000000000006,0.26066877206486627,0.2553659521524324
31,31.0,31.0,0.045577275904727675,0.12094225802057912,0.06970670385388035,0.04269447588722689,0.04511992004267582,0.11082389451758852,0.030000000000000006,0.030000000000000006,0.23946779361566256,0.2656676781576589
32,32.0,32.0,0.036522190458375715,0.119332764834243,0.10851506354230807,0.046607218476795574,0.04817409881007069,0.12358004981206827,0.030000000000000006,0.030000000000000006,0.22567567047662873,0.23159294358950974
33,33.0,33.0,0.05172432598493493,0.11321524908174067,0.09556304220866622,0.032188727651727735,0.04539340583257532,0.1036837329583498,0.039630401667602025,0.030000000000000006,0.2513284781194999,0.2372726364949032
34,34.0,34.0,0.03156041864916681,0.13872055221271232,0.08685915178664817,0.030000000000000006,0.036080678043415894,0.08913337273395812,0.030000000000000006,0.030000000000000006,0.2651961959349392,0.26244963063915927
35,35.0,35.0,0.04226820371773381,0.10988525016977872,0.07489412511114331,0.030000000000000006,0.03428389276756731,0.09566400613105294,0.04060937177086481,0.030000000000000006,0.25301937632605653,0.2893757740058024
36,36.0,36.0,0.03248682432843349,0.1378786811044272,0.05042341575725866,0.037013785807744316,0.05245402928081215,0.11250032648304031,0.030000000000000006,0.030000000000000006,0.2458830017272894,0.2713599355109944
37,37.0,37.0,0.05392492269199141,0.10582837524576885,0.06781697551418032,0.0481442852278102,0.037174370459347315,0.10286291615196516,0.030000000000000006,0.030000000000000006,0.25221904719390503,0.27202910751503145
38,38.0,38.0,0.05757265274295783,0.13308148029321948,0.07214453066947611,0.030000000000000006,0.047241817741003965,0.08213823512356355,0.030000000000000006,0.030000000000000006,0.24340594921934344,0.27441533421043535
39,39.0,39.0,0.046282690791319046,0.10228308272903833,0.0523641379338632,0.030000000000000006,0.054317754352035674,0.11572113961797281,0.030000000000000006,0.030000000000000006,0.24796140717896353,0.29106978739680717
40,40.0,40.0,0.03265535147437574,0.12182666563304526,0.06685443042639592,0.03776768747692423,0.0500057068057569,0.1009646540289549,0.030000000000000006,0.030000000000000006,0.24755697058927345,0.2823685335652734
41,41.0,41.0,0.03716674640884491,0.11974592842821694,0.07313689782325067,0.03485966199394709,0.042653276451082675,0.10810288972969229,0.038521178148537595,0.030000000000000006,0.27195868206255686,0.24385473895387078
42,42.0,42.0,0.06738472582838623,0.12117080077358473,0.07711072778885966,0.036123494465908644,0.05191917717301268,0.06913772947960829,0.030000000000000006,0.030000000000000006,0.2563876756538593,0.26076566883678043
43,43.0,43.0,0.04176606727155938,0.0954445250645272,0.05991656940977606,0.039144234914906074,0.05298867782805165,0.10028632504338789,0.030000000000000006,0.030000000000000006,0.26386970985117486,0.2865838906166168
44,44.0,44.0,0.030000000000000006,0.09795004554822673,0.08398743677486116,0.033467111594374085,0.04336782242747187,0.10137548347406625,0.030000000000000006,0.030000000000000006,0.25377032424362084,0.2960817759373789
45,45.0,45.0,0.030000000000000006,0.10474192263858387,0.10439213800634006,0.030000000000000006,0.04765660750858735,0.0944990611540489,0.030000000000000006,0.030000000000000006,0.2385107448320652,0.29019952586037445
46,46.0,46.0,0.05775524404469802,0.11492021038250147,0.0789438831685451,0.030000000000000006,0.030000000000000006,0.0714474468620904,0.030000000000000006,0.030000000000000006,0.29600001179356594,0.26093320374859885
47,47.0,47.0,0.046070483871575904,0.1001015240875264,0.09469105597190335,0.036945117757410016,0.03833414130889201,0.07900133691790279,0.030000000000000006,0.030000000000000006,0.2847983189746423,0.26005802111014703
48,48.0,48.0,0.05154224336439446,0.12140953719041667,0.06320166814866454,0.060532529467098264,0.03587437971875908,0.07693628707482723,0.030000000000000006,0.030000000000000006,0.25162630478646364,0.2788770502493759
49,49.0,49.0,0.032008137807001326,0.07684981129037112,0.11728535758079332,0.039652477528454355,0.0393078587014033,0.10442869955755033,0.030000000000000006,0.030000000000000006,0.26531303517403493,0.2651546223603911
50,50.0,50.0,0.05931262291110364,0.12586159443539055,0.08580057539144696,0.030000000000000006,0.03948627272282631,0.11906370060243103,0.030000000000000006,0.030000000000000006,0.2458501053546096,0.2346251285821917
51,51.0,51.0,0.045130903828443626,0.09643368249135416,0.07176739318594759,0.030000000000000006,0.04060458898753845,0.06886150367410639,0.030000000000000006,0.030000000000000006,0.287597710188523,0.2996042176440867
52,52.0,52.0,0.045442345815763785,0.12978546764527307,0.06581291155745264,0.030000000000000006,0.03880806451698248,0.07350536357413506,0.030000000000000006,0.033133247242357035,0.2626427898897485,0.29086980975828725
53,53.0,53.0,0.04456842452856122,0.10296826065729518,0.07561016789653789,0.030000000000000006,0.03993132320364665,0.10005235740364156,0.030000000000000006,0.030000000000000006,0.2750099866708085,0.27185947963950874
54,54.0,54.0,0.030000000000000006,0.1273949703203746,0.10798516237276037,0.030000000000000006,0.05646392566453431,0.10400613711919171,0.030000000000000006,0.030000000000000006,0.23477091076079395,0.2493788937623449
55,55.0,55.0,0.03881594650270933,0.11705212002487327,0.13819893443230202,0.030000000000000006,0.043511782616848425,0.08741200567695684,0.030000000000000006,0.030000000000000006,0.21608316303267228,0.2689260477136376
56,56.0,56.0,0.0493181544692966,0.08310969898587026,0.20162082948538682,0.044278891705102366,0.05172397526703458,0.06633719742417715,0.030000000000000006,0.030000000000000006,0.22511811407504792,0.21849313858808417
57,57.0,57.0,0.055455168951845255,0.12120665303524511,0.07452318494004245,0.030000000000000006,0.04656300704185109,0.07026863560852467,0.030000000000000006,0.04845594158682276,0.23254137843509048,0.2909860304005779
58,58.0,58.0,0.04991864969994354,0.12095296045746032,0.06227282039388251,0.030000000000000006,0.03258806357266562,0.07293178388909242,0.030000000000000006,0.030000000000000006,0.23357655322564966,0.3377591687613058
59,59.0,59.0,0.07238598156047665,0.09952276630555025,0.075536831143005,0.056949063338001225,0.037698476871038035,0.13011246610636004,0.030000000000000006,0.0354563941849503,0.19003906243279817,0.2722989580578201
60,60.0,60.0,0.04938846893061673,0.13540684447347162,0.07645008351742534,0.041907274633456816,0.04910280941303137,0.10174798818689186,0.030000000000000006,0.030000000000000006,0.30154976521339205,0.18444676563171403
61,61.0,61.0,0.044364287169447625,0.07269327617057286,0.07320396338476196,0.030000000000000006,0.032323722931388396,0.07504485837048494,0.030000000000000006,0.030000000000000006,0.36896972546901474,0.24340016650432922
62,62.0,62.0,0.048078253314707844,0.12310328146123792,0.06493042686961706,0.03616631148016346,0.04625801756369226,0.07541602680174304,0.030000000000000006,0.030000000000000006,0.2804819787448642,0.265565703763974
63,63.0,63.0,0.05606520966713643,0.1336338167205811,0.10130472458142765,0.03262662804554195,0.033362568543670625,0.06957034275585273,0.030000000000000006,0.030000000000000006,0.23007467507231644,0.2833620346134728
64,64.0,64.0,0.04377747307986486,0.10936419869460287,0.13122241944318505,0.030000000000000006,0.043564687690616256,0.08088626196685342,0.030000000000000006,0.030000000000000006,0.21435203587456572,0.2868329232503116
65,65.0,65.0,0.03316908292090668,0.1116143321046377,0.06758875928606319,0.03652479167536614,0.04708238112205815,0.0817459981189447,0.030000000000000006,0.030000000000000006,0.2916204068337356,0.2706542479382877
66,66.0,66.0,0.04251617877155017,0.09791168479192286,0.08536654488709543,0.03605422239684323,0.0361357778439745,0.065794734980289,0.030000000000000006,0.030000000000000006,0.2868878893536241,0.28933296697470057
67,67.0,67.0,0.030000000000000006,0.12604108432762212,0.08491765865895914,0.04092160389379951,0.03325240468520224,0.06632933918904696,0.030000000000000006,0.030000000000000006,0.27534570409370446,0.2831922051516654
68,68.0,68.0,0.09605960264900662,0.09905665149231432,0.07493869300288097,0.03922549579469774,0.05046515561586638,0.08509445549035527,0.030000000000000006,0.030000000000000006,0.28653936901433574,0.20862057694054278
69,69.0,69.0,0.04276554135098335,0.16147566755893,0.07113789785360938,0.030000000000000006,0.05276569809717298,0.05788947441741519,0.030000000000000006,0.030000000000000006,0.2988184097027161,0.2251473110191728
70,70.0,70.0,0.030000000000000006,0.1776113440238496,0.05197007063793162,0.04301380896385113,0.03986359012666568,0.0853659132783018,0.030000000000000006,0.030000000000000006,0.2610377298103281,0.2511375431590719
71,71.0,71.0,0.06056847552664144,0.1115098024073361,0.04667976731750464,0.13094201046993376,0.036672171531254946,0.07680341251698948,0.030000000000000006,0.030000000000000006,0.23660181353561355,0.24022254669472592
72,72.0,72.0,0.03945918183408076,0.10630821520005114,0.08601290956026345,0.11095082251981736,0.0471667319437174,0.08135737474227522,0.030000000000000006,0.030000000000000006,0.2691798101748667,0.1995649540249278
73,73.0,73.0,0.05663826869827561,0.10820958789789767,0.07128574816564355,0.09865365682834684,0.04270570311719677,0.08112669079502145,0.030000000000000006,0.030000000000000006,0.27936068160818434,0.20201966288943365
74,74.0,74.0,0.030968141992938725,0.09220300146558923,0.05274968320103529,0.0779416104806008,0.06402864243517466,0.07279731009155352,0.030000000000000006,0.030000000000000006,0.30957434255857585,0.2397372677745317
75,75.0,75.0,0.0945801719664893,0.09365330074019293,0.05873717196033732,0.0561139896373057,0.050487794479236195,0.06542668193467881,0.030000000000000006,0.030000000000000006,0.2884493821903287,0.23255150709143094
76,76.0,76.0,0.1,0.06546280952382283,0.057903554511838276,0.07270867735093967,0.03953012027569006,0.12238693329972876,0.030000000000000006,0.030000000000000006,0.2532403543314032,0.2287675507065771
77,77.0,77.0,0.1,0.0602523478205368,0.10866270111167098,0.06322434549863995,0.03399804284412544,0.06616544415651673,0.030000000000000006,0.030000000000000006,0.29119779480969565,0.21649932375881425
78,78.0,78.0,0.1,0.12579403402165446,0.10825535251222598,0.030000000000000006,0.030000000000000006,0.05676266509363166,0.030000000000000006,0.030000000000000006,0.23433652780837363,0.25485142056411403
79,79.0,79.0,0.0356,0.08206805045364833,0.1289951440735097,0.030000000000000006,0.0944,0.050780667971716285,0.030000000000000006,0.030000000000000006,0.27745253501712386,0.2407036024840016
80,80.0,80.0,0.051456027358026526,0.07719211643171367,0.09806821854820842,0.038162730613127985,0.11619979937205047,0.09909984238773008,0.030000000000000006,0.030000000000000006,0.20016875400345682,0.2596525112856859
81,81.0,81.0,0.06979813083865456,0.0793914644396165,0.1270347366746313,0.030000000000000006,0.1,0.06990300846949533,0.030000000000000006,0.030000000000000006,0.25690905662195207,0.20696360295565003
82,82.0,82.0,0.04683632829207217,0.10619121420198625,0.09613842501395045,0.030000000000000006,0.14150715071507153,0.05322607744769704,0.030000000000000006,0.030000000000000006,0.21909040866889035,0.24701039566033206
83,83.0,83.0,0.049611074489123275,0.06493695434723218,0.126303324037876,0.030000000000000006,0.10814176815591829,0.05453919107513875,0.030000000000000006,0.030000000000000006,0.2013409073340342,0.30512678056067716
84,84.0,84.0,0.030000000000000006,0.055621449429973956,0.09865473758940627,0.05688,0.04427799050528549,0.04953921807210191,0.030000000000000006,0.030000000000000006,0.28887830505083745,0.3161482993523947
85,85.0,85.0,0.030000000000000006,0.05777329667997363,0.06260194844779786,0.12162645845572675,0.06141789495536644,0.06179092319402293,0.030000000000000006,0.030000000000000006,0.3443172928235856,0.2004721854435268
86,86.0,86.0,0.030000000000000006,0.13717819027011002,0.06991832208593889,0.05566546762589926,0.08185953419288139,0.04825769894823619,0.030000000000000006,0.030000000000000006,0.2847892166111768,0.2323315702657574
87,87.0,87.0,0.056203851280272096,0.1611862817705735,0.04942505096890213,0.07682593856655288,0.030000000000000006,0.03492328345967839,0.030000000000000006,0.030000000000000006,0.31447803251569584,0.21695756143832515
88,88.0,88.0,0.04056960182611502,0.1549860087479197,0.0675415003038633,0.03768716153835554,0.030000000000000006,0.05374339358559023,0.030000000000000006,0.030000000000000006,0.33003955540838237,0.22543277858977376
89,89.0,89.0,0.08636408553196544,0.13353989601957095,0.0999619360447007,0.031834992233478965,0.030000000000000006,0.06286730382163062,0.030000000000000006,0.030000000000000006,0.23187075822469067,0.26356102812396254
90,90.0,90.0,0.1,0.14613530853418744,0.061815476787864296,0.033493131119011435,0.030000000000000006,0.1145753721048601,0.030000000000000006,0.030000000000000006,0.28388983936886747,0.17009087208520915
91,91.0,91.0,0.18989620830016496,0.1350257739364883,0.06458614063349302,0.030000000000000006,0.030000000000000006,0.10217636055228993,0.030000000000000006,0.030000000000000006,0.19995486969865262,0.18836064687891113
92,92.0,92.0,0.16811224741295808,0.155593266419234,0.07438383578244154,0.030000000000000006,0.046131665757311736,0.06061725965395539,0.030000000000000006,0.030000000000000006,0.23942969037782488,0.16573203459627422
93,93.0,93.0,0.1,0.07735502359936562,0.06340057186108197,0.030000000000000006,0.030000000000000006,0.03724018812679521,0.030000000000000006,0.030000000000000006,0.37402053737485075,0.22798367903790634
