,Unnamed: 0,Generation,Intertwine_two,Add_vertex,Delete_vertex,Invert_path_vertices,Insert_inside_vertex,Delete_inside_vertex,Replace_inside_vertex,Donate_between_routes,Trim_one_terminal_cb,Grow_one_terminal_cb
0,0.0,0.0,0.09999999999999999,0.09999999999999999,0.09999999999999999,0.09999999999999999,0.09999999999999999,0.09999999999999999,0.09999999999999999,0.09999999999999999,0.09999999999999999,0.09999999999999999
1,1.0,0.10900000000000001,0.10445251863435848,0.1005281306535086,0.09728725640129172,0.09903414205241039,0.09949233966666454,0.09920818448908353,0.09639891401356145,0.09514523636376533,0.1047167311567976,0.10373654656855827
2,2.0,0.31601,0.10765358855728327,0.09917804952165271,0.0954804115680637,0.10016463974730203,0.09815007733102694,0.09896965214217622,0.09335593181151364,0.09107978243521347,0.10865144589150295,0.10731642099426496
3,3.0,0.6191589000000001,0.11121477077841223,0.0989915825121113,0.0925259436032296,0.10017261529837611,0.09821829974399629,0.09761270077257297,0.09027798344648676,0.08661580925246785,0.11426242462231623,0.11010786997003051
4,4.0,1.015801321,0.11580861802930881,0.09859861594861963,0.09008272312733787,0.09969102776715882,0.09718140642897034,0.09675141714860225,0.0869234423824576,0.08201974626924774,0.11968697044768165,0.11325603245061516
5,5.0,1.50262148669,0.11957383314597153,0.09860922912602975,0.08915769512692359,0.09852056669821381,0.09812018414075888,0.09558087979234697,0.08146837829845627,0.07848325984887242,0.12404007303427082,0.11644590078815581
6,6.0,2.0757334209441005,0.12145154587529947,0.09876226054157895,0.08787210032619072,0.09707773599602204,0.09894895716405397,0.09501859619944653,0.07732160431334739,0.07422124203802373,0.13020250466722297,0.11912345287881405
7,7.0,2.7307768275633495,0.12482361979959047,0.09782821373573723,0.08485851734392047,0.0967892107489871,0.09816556901293073,0.09395545095487706,0.07404227528372222,0.06988789156257237,0.1363356711548537,0.12331358040280843
8,8.0,3.4630081252450404,0.12627262177437032,0.09861854993814942,0.08458254495299913,0.09473077001387692,0.0965983906061024,0.0922862463156531,0.0693063423257349,0.06587387671687804,0.1433320595132786,0.12839859784295696
9,9.0,4.2673862119061114,0.12846518133817883,0.09763509010975649,0.08312594920016295,0.093620204935661,0.09605692113779447,0.0905342580938924,0.06639964256949377,0.06258050845042595,0.1498681383996959,0.13171410576493797
10,10.0,5.138652627782014,0.13063165855153128,0.09933465373683348,0.0785525727808497,0.0926676638908176,0.09486988823929543,0.0884957996761755,0.06151323762776155,0.06023953618425409,0.15539027656052237,0.13830471275195877
11,11.0,6.071405875792507,0.13399201683380177,0.09912505951213713,0.07729709411213356,0.0913596724336325,0.09211139530028276,0.08853805064517145,0.05619429609709066,0.05604098683115283,0.1626972170281477,0.14264421120644943
12,12.0,7.060169740244025,0.13611815611352898,0.09960622416269077,0.07721073089322295,0.08919797608431315,0.09296688631423967,0.08596380677060995,0.05351198897706315,0.05134514528052672,0.16642883445319612,0.14765025095060832
13,13.0,8.099455520847952,0.13908431239912783,0.0992259139991945,0.07547687787766101,0.08766331527033815,0.09185740009722135,0.08299342216358666,0.04892800676007041,0.047451539507644004,0.17554984978221586,0.15176936214294
14,14.0,9.183818168183006,0.14004679919129698,0.09831043453986792,0.07276778314778026,0.08759649115421679,0.09259669666424272,0.08113920395314787,0.04515285077668141,0.044467363673138936,0.18234847637437665,0.15557390052525025
15,15.0,10.307906369102724,0.13780818868299338,0.09809615807742778,0.07086046310079458,0.08445313258808776,0.09217668930156425,0.07823545635450095,0.04175664906813867,0.04118532477276241,0.19024967902440443,0.1651782590293256
16,16.0,11.466506686239443,0.13323737960905646,0.09985756570861036,0.06924133854931262,0.08235869072936769,0.09098901497401374,0.07644515169625138,0.038481055411321796,0.03728887731454476,0.19688797753431683,0.17521294847320418
17,17.0,12.654581904800096,0.1276375370857635,0.10063103846120144,0.06755688287314349,0.07993022626461604,0.08824138508456371,0.07803287590962399,0.03498359316837592,0.03370918582900344,0.20579445841381414,0.1834828169098942
18,18.0,13.867303782456686,0.1197534794842398,0.10020837440569974,0.06990104067913083,0.07638399744482666,0.08464743857968474,0.07998840924506878,0.03158931912435608,0.030450371633726207,0.21208337719365639,0.19499419220961067
19,19.0,15.100080434523047,0.110366629658222,0.10322247178058837,0.06914196888760894,0.07360233043872876,0.08081025975730187,0.0790793349070741,0.02851857929349466,0.02828959518644268,0.22013663077227946,0.20683219931825905
20,20.0,16.348578617037543,0.10180171585220002,0.10555072083019648,0.06774805152076706,0.07210475732937227,0.07740012929411991,0.07745470273833524,0.025769727652784437,0.02566300639170016,0.2288571759576497,0.2176500124328746
21,21.0,17.608741195130214,0.09413844525982529,0.11008035625614303,0.07062896803438408,0.06875788703460634,0.07174386903811712,0.07647751275762182,0.023338063899617394,0.023342446412514886,0.2338310366988063,0.22766141460836362
22,22.0,18.876800103462312,0.08777150925221651,0.11021628831815168,0.0686269203298381,0.06605203164465136,0.06911237016821127,0.07649028731991525,0.021216185882770883,0.021320517967122997,0.24091882537508524,0.2382750637420366
23,23.0,20.14928511992658,0.08107690936748849,0.1093103883716069,0.07168452214004457,0.06207935941690577,0.06624054320206814,0.07562644156534559,0.019394333808781312,0.020281347937434784,0.2504765388062378,0.2438296153840865
24,24.0,21.423028783545156,0.07649161702821727,0.11133464073619846,0.0732626052603701,0.059533526062979625,0.06228139125263818,0.07813036235982629,0.017860723604102888,0.018818887755588896,0.2545480999464957,0.24773814599358246
25,25.0,22.695167792966423,0.06970578044904749,0.11425295745438216,0.0748943008053221,0.056568729377387,0.059881910638588665,0.08060285838806341,0.016601867183851274,0.01761448471437171,0.25746277231097103,0.2524143386780151
26,26.0,23.963141223515898,0.0628887304080549,0.1164874874887473,0.07791584272798731,0.0523171164271102,0.05705057611332031,0.0810554441741999,0.01560287773378631,0.016654377130132528,0.2597932755935352,0.260234272203126
27,27.0,25.224685898775267,0.05639214142690559,0.11819437178671337,0.07841152614626108,0.05067007716754319,0.053953135848484914,0.08048934658200663,0.015362600465878885,0.015923736533015938,0.2634539281013657,0.2671491359418247
28,28.0,26.477829247520948,0.050718219779168114,0.11908902338062452,0.08016501366817569,0.04649388921238799,0.05072389463344307,0.08134901117750656,0.0148293671070634,0.015406922630280845,0.2685611533315623,0.27266350507978754
29,29.0,27.720879968916847,0.047448709141365134,0.11910028936071926,0.0800683560889398,0.04351816907388579,0.04841839410025378,0.08105831408356315,0.01450116341305883,0.015087720891516453,0.27295573303075116,0.2778431508159467
30,30.0,28.95241681848399,0.04393627642469154,0.12126821044942793,0.07920424102590509,0.04094463852835126,0.04452681845854508,0.08289150090056113,0.014360768454324126,0.014949562117713337,0.2764787235931082,0.28143926004737235
31,31.0,30.17127581490958,0.04024491753559856,0.12230142802248098,0.07845866470498435,0.03880493468819698,0.042233137363962656,0.08577397316148803,0.014390805306919652,0.0149757236001134,0.27737121773902673,0.2854451978772287
32,32.0,31.376536153543515,0.03607050957447097,0.1230567828195761,0.0815809623764874,0.03730937090300529,0.040503110082365096,0.08989431293933123,0.01457393042118643,0.015149511698272323,0.2764162159152164,0.28544529327008883
33,33.0,32.567505096778625,0.03383827277095111,0.12308761038185814,0.08336516915913418,0.03461449288956389,0.03874472611845481,0.09194984442274563,0.01585604388657487,0.015454425869632629,0.27761458958368834,0.2854748249173965
34,34.0,33.74370209472243,0.02999172944634626,0.12556716188800798,0.08422254495180981,0.0319459722599155,0.03629739456916081,0.09246212562073547,0.016284649416474534,0.01587430436516058,0.2798170365522151,0.2875370809301741
35,35.0,34.90484237192463,0.027616305853086803,0.1250467619424965,0.08382404656601576,0.0295248439706328,0.033912950481953905,0.09354295450976803,0.017868485076305965,0.01639345196748413,0.2804353484568282,0.29183485117542807
36,36.0,36.05082019768737,0.02464680565886973,0.12722612996727387,0.08092902786886393,0.028051958651346465,0.033587673877648314,0.09622054306130892,0.018460408860013364,0.016996750289900484,0.28000403198979557,0.2938766697749796
37,37.0,37.18169203889697,0.024196465507125793,0.12608905611507917,0.0797578108960034,0.027929030077559334,0.031955622605658436,0.09782942955880553,0.019108536176749888,0.017669751277176196,0.2799082414135027,0.29555605637233984
38,38.0,38.29765977559663,0.02445321694750155,0.12758839334415592,0.07901706278214027,0.026206118389872406,0.031545708667570095,0.09725529416964392,0.019800765400045266,0.018398754652952577,0.278663828155187,0.2970708574909313
39,39.0,39.399054140870355,0.023886491406630413,0.12591288796339753,0.07630362488497552,0.024693436687055446,0.032041340875128096,0.09994569217837856,0.020525764047010647,0.019170870144621793,0.2776468232293064,0.2998730685834959
40,40.0,40.48631852820801,0.022237666481998944,0.12612299335877206,0.07507116515726939,0.02416185753534205,0.0322789692420715,0.10104915630173392,0.02127300518880939,0.01997406538567787,0.2763942209765414,0.3014369003717837
41,41.0,41.55999329152982,0.02130904039320131,0.12606105121686906,0.0745080307947106,0.0235286920499181,0.03193485911248999,0.10275525256009968,0.02288490997939392,0.020797200448771563,0.27741867759250866,0.29880228585203744
42,42.0,42.62070064560415,0.02365365191539401,0.1260846392958066,0.07438488153525401,0.023198536059672994,0.03265893424144556,0.1004476995393164,0.023639869157757676,0.02163005000106817,0.2767289879507098,0.29757275030357505
43,43.0,43.669130257815,0.023639247168814673,0.12348410261072243,0.07258188982637076,0.023332719297414498,0.033610154352325144,0.10117266167639231,0.02438293372670748,0.022463314098124437,0.276653057569854,0.2986799196732746
44,44.0,44.70602560622662,0.02263094437076478,0.12111377586705466,0.07323963082071841,0.023043887035503568,0.033697952146816056,0.10192518007649844,0.02510786250149523,0.02328861864449383,0.2754469481891415,0.3005052003475138
45,45.0,45.73217116373481,0.02179716240881223,0.1194280322036011,0.07597954589832061,0.022541459085935023,0.034302547372775986,0.10190930743856788,0.02580921977378925,0.024098506549781344,0.2726187255658895,0.3015154937025274
46,46.0,46.748380453854836,0.02390431142343661,0.11878183058523448,0.0761847699054633,0.022163859340463984,0.0332145629266393,0.09951575817238935,0.026482349121115974,0.024886420599042294,0.27548117209377454,0.2993849658324405
47,47.0,47.755485010424316,0.024970778845498958,0.11667976429717969,0.07797177992485835,0.02259689275187641,0.03303664542673909,0.09783626972530692,0.027123342042498867,0.025646679037386724,0.27714239308397665,0.2969954548646787
48,48.0,48.7543242612326,0.026688772524897694,0.11675292354612288,0.07659834292046046,0.025488846243171756,0.032683518476637134,0.09592987581055112,0.027729002251318483,0.02637444484152285,0.2753968498152473,0.29635742357007067
49,49.0,49.745736344347726,0.02653009098901221,0.11240936041661012,0.08063665181199728,0.026354036023712443,0.03274096073223102,0.096773426648186,0.028296806416742953,0.027065689616830133,0.2749568284618602,0.294236148882818
50,50.0,50.730549855707864,0.029172506585305402,0.1130457364232882,0.08148913865313376,0.02630044348840104,0.03287616914409954,0.09907267523563909,0.028824862101457543,0.027717153018438384,0.272518078328991,0.2889832370212464
51,51.0,51.70957651737491,0.030433909876961256,0.11080384221501587,0.08089617295698978,0.026289205771736775,0.03317578937703969,0.09632168952518233,0.029311863596686104,0.028326298549701423,0.2742312839630563,0.29020994416763085
52,52.0,52.68360474770151,0.031747286977698366,0.11197761434572603,0.07967576786990029,0.026316199769021567,0.033340083135735214,0.09403558651726335,0.029757046306424943,0.029204591266576853,0.27341134126609223,0.2905344825455615
53,53.0,53.65339410751842,0.03297888482802216,0.11053036709756286,0.07941850036230377,0.02637733236888766,0.033654953201040075,0.09442749096365563,0.03016014028212565,0.029721016547286837,0.27380242700316715,0.2889288873459485
54,54.0,54.61967059027847,0.03274637583746284,0.11159489447612128,0.08238637572843151,0.026468578385078267,0.03565436020592928,0.09523183160136356,0.030521323457435037,0.030188589134452957,0.2701425721722095,0.28506509900151605
55,55.0,55.58312271885972,0.03339124863785577,0.11167668484571625,0.08833482863034392,0.026586014015799034,0.03636670786014703,0.09438406808625549,0.030841175080639126,0.030607518571557933,0.2646262114374213,0.2831855428342644
56,56.0,56.544398407394254,0.03507610193351666,0.10840980842624298,0.10052926680539315,0.02815373511379997,0.037900490761528634,0.09144387947328728,0.03112062979071642,0.030978479879236832,0.260079551396302,0.27630805641997624
57,57.0,57.504102543001395,0.037348591873224125,0.10902631395925082,0.09980541233520294,0.028298046497403598,0.03890303339530879,0.08893978671955954,0.03136093273187882,0.03314815441603775,0.25638026942208636,0.27678945865004734
58,58.0,58.462795239617805,0.039021246664556884,0.10967760307193934,0.09767608458346418,0.028444946277672828,0.0384844271552578,0.086765706558151,0.0315635960516062,0.03340834521218415,0.2529160442144782,0.2820420002106895
59,59.0,59.42099071417639,0.04288234319316355,0.10823349743202319,0.09673205803991573,0.03128761295093853,0.03855975923322323,0.09038876340791947,0.03173035707884477,0.034154072895089094,0.2452510975384575,0.280780438230425
60,60.0,60.379156734137354,0.044352615189596684,0.11043510286162608,0.09576180711919505,0.03259844859029385,0.0397593785339696,0.0912103038077487,0.03186313843257104,0.03429261160410713,0.24895159545704165,0.2707749984038502
61,61.0,61.337714584760846,0.04522380034767979,0.10639490833409725,0.0943708520412624,0.03268056146279959,0.03925456156526765,0.08938475402974573,0.03196401026659897,0.03437437032618229,0.25955002130689314,0.2668021603194731
62,62.0,62.29703950447439,0.04637066847269829,0.10746271746675257,0.09207996993304352,0.0333442885814431,0.04012434737032749,0.08763547711607626,0.032035154814558126,0.03440420947278812,0.26133402694096564,0.2652091398313468
63,63.0,63.257461537171835,0.04821862126887789,0.10963320485202152,0.09338411037619332,0.03361589487374732,0.03967894639481283,0.08535436498604139,0.03207883335957578,0.03438702261000549,0.2580903811624151,0.26555862011630926
64,64.0,64.21926675122782,0.04873147101069496,0.10939968781485135,0.09762881240325623,0.03358778506398486,0.04023513365303277,0.08427511576780818,0.032097355716495905,0.03432768420740106,0.2533186789810436,0.266398275381431
65,65.0,65.18269877636592,0.048082656783126204,0.1094141809311992,0.09542161428229995,0.034179087552095415,0.04112076706895076,0.08335587654859787,0.03209305228055906,0.03423100280298306,0.25636131768266146,0.26574044406752695
66,66.0,66.14796061122655,0.048284297824756475,0.10807896151637517,0.09493458598358015,0.034687659904775334,0.04088279295599964,0.08091733615314649,0.03206824866541031,0.034101679510977034,0.2589790316576171,0.26706540582736227
67,67.0,67.11521665648885,0.04715647569453665,0.10958853122935895,0.09435569148095385,0.035645778796803564,0.040332808787346165,0.07862488420638747,0.032025242925122335,0.03394427175306184,0.26045984428604524,0.2678664708403839
68,68.0,68.08459493066005,0.05257583128529409,0.1084132262184962,0.09274240953476243,0.036391233240688756,0.04148829408760301,0.07831523363426178,0.03196628532961193,0.03376316205340755,0.2630608007417703,0.2612835238741039
69,69.0,69.05618942810752,0.052558682900810595,0.11350378756811946,0.09073233910294418,0.03616793528625575,0.04284805372124746,0.07538384223061559,0.03189356064035645,0.03356253170318461,0.26686435130348657,0.2564849155429793
70,70.0,70.03006258152917,0.05116876380417884,0.12017857922918047,0.08681054858024662,0.03720666867078859,0.042880803038236,0.07531829017529068,0.03180917281362296,0.033346339070952115,0.26682901940378473,0.254451815213719
71,71.0,71.00624779379335,0.05276299653183261,0.12015006521043073,0.08240350199835297,0.04699242027040704,0.0425609634348689,0.07450351948039713,0.031715132041426584,0.033118302311233354,0.26429571617064707,0.25149738255040366
72,72.0,71.98475200689319,0.05216493140741303,0.1195178412447965,0.08201323695211608,0.05463997381704727,0.043263675914048616,0.07424862100788743,0.03161334402603558,0.03288188620437413,0.26499660389839813,0.24465988552788326
73,73.0,72.96555827861411,0.05321752398612157,0.1190068806850629,0.08022927899712237,0.060856163926904135,0.04348904482295499,0.0740672315252472,0.03150560137192332,0.03264029284615709,0.26668732205947054,0.23830065977903594
74,74.0,73.94862834037681,0.05163205208354711,0.11683838461020017,0.07668067503285242,0.06475750532001513,0.04581633735571093,0.07314163751322196,0.031393576969503054,0.032396455895300186,0.271357068094962,0.23598630712468716
75,75.0,74.93390511255946,0.05635969126767907,0.11478541423883798,0.07384637042262149,0.06621779154109138,0.04673893889039207,0.07156809681249507,0.03127881923762978,0.032153038080575964,0.27382951623471574,0.23322232327396158
76,76.0,75.92131515639825,0.061538754143737,0.10990737064798854,0.07106104254394091,0.06909047989238554,0.04651100140713893,0.0757865211695677,0.03116274908656754,0.03191243166651841,0.27268001543415765,0.2303496340079979
77,77.0,76.91077104428919,0.06658452319075178,0.10455163963465378,0.07349858723279064,0.07076364819790584,0.045682841117740146,0.07442695829791347,0.03104665845974585,0.03167676157720142,0.2752468121504571,0.2265215701408401
78,78.0,77.90217363294813,0.07145987010115756,0.1058426574246231,0.07600328373159969,0.06887167209601748,0.044420844590132555,0.0721804586657222,0.030931710311008866,0.031447890881044126,0.2720303123215868,0.2268112998771078
79,79.0,78.89541422641172,0.06969308361951118,0.10283148884476519,0.08065401042446248,0.06678017688335777,0.04958083926938439,0.06940623134883761,0.030818939874035493,0.031227428345692115,0.27307012535134645,0.22593767603860754
80,80.0,79.89037661826481,0.06934764768563699,0.09942620933678843,0.08223038323199933,0.06534630248444326,0.056853006025222246,0.07155508857147165,0.030709257082019104,0.031016737780418385,0.26632140307342117,0.22719396472857967
81,81.0,80.88693900474995,0.07069204948993692,0.09635905165134889,0.08670414892458686,0.06296770674539424,0.06237144410173955,0.07084482421818139,0.030603449998384165,0.030816948893867845,0.2652600567944383,0.2233803191821221
82,82.0,81.88497576253909,0.06959689167263577,0.09610890883857294,0.08804421275934801,0.06049729351279619,0.07186503900109488,0.06852847504055348,0.030502189123128874,0.030628969407033677,0.2604394703463227,0.22378855029851372
83,83.0,82.88435908692391,0.06866111862296424,0.09185917737523333,0.09234770223557162,0.05796894866832998,0.07776915727173911,0.06642204816750397,0.030406032444167827,0.03045349817481259,0.2539125017927587,0.2301998152469189
84,84.0,83.88496048800103,0.06566731498800911,0.08683364633622183,0.09379554033734895,0.05810174882162709,0.07700021205909743,0.06390743811053207,0.030315431108661202,0.03029103908406549,0.2562662539216442,0.2378213752327929
85,85.0,84.88665214409042,0.06261621856666941,0.08221373115704898,0.09154190768730827,0.0646836973169509,0.07769492959718992,0.06272577737106516,0.030230735595618625,0.030141915511552445,0.2642546501262079,0.2338964370703887
86,86.0,85.88930811312994,0.059544069601796985,0.08575189251003631,0.08995587607369065,0.06458077949114732,0.08020156895880641,0.060299611739195846,0.030152202277924124,0.030006285141175176,0.26629202551604814,0.2332156886901794
87,87.0,86.89280540413424,0.059104079965421046,0.09185130985537199,0.08627874496985362,0.066515047423337,0.07728817061731386,0.056662201993748086,0.030080000269219836,0.029884154956423888,0.27127951686830754,0.23105677308100356
88,88.0,87.89702491199675,0.0571156620604155,0.09741410788306074,0.08441243496988689,0.06444511977092013,0.07419323040379742,0.05505315505009559,0.03001421845869378,0.029775396240583486,0.2777563965310835,0.22982027863146337
89,89.0,88.90185221995306,0.05974007371415254,0.10085173384379431,0.08580609019734034,0.06172938837093164,0.07096585190759466,0.054504306209767324,0.02995487264463339,0.029679759433921295,0.27429154009798573,0.23247638357987918
90,90.0,89.90717827491419,0.06373187576749746,0.10553202008167395,0.0833872924348384,0.05915210003812072,0.06765155274193624,0.05926477905791347,0.029901912685532703,0.02959688871358611,0.2759508696038825,0.22583070887501894
91,91.0,90.91289994163006,0.0766767996878494,0.10903935712052085,0.08127172267667979,0.05622663773749866,0.0642921679654243,0.06286240939645744,0.029855229595486754,0.02952633617814858,0.2691301588898179,0.2211191807521168
92,92.0,91.91892044225806,0.08728102921356864,0.1145125738719173,0.08018062358880002,0.053331455289563824,0.06253896656264046,0.0623375061228719,0.029814662518490534,0.029467575534473316,0.26624724842316533,0.21428835887450914
93,93.0,92.92514968840067,0.09082192322741403,0.11202545159166043,0.07804234013950868,0.05049247653352683,0.05918384571635056,0.059510183559239725,0.029780005524009036,0.029420015199820848,0.27684353812242724,0.21388022038604312
