,Unnamed: 0,Generation,Intertwine_two,Add_vertex,Delete_vertex,Invert_path_vertices,Insert_inside_vertex,Delete_inside_vertex,Replace_inside_vertex,Donate_between_routes,Trim_one_terminal_cb,Grow_one_terminal_cb
0,0.0,0.0,0.09999999999999999,0.09999999999999999,0.09999999999999999,0.09999999999999999,0.09999999999999999,0.09999999999999999,0.09999999999999999,0.09999999999999999,0.09999999999999999,0.09999999999999999
1,1.0,1.0,0.10553172182521212,0.10035346103193687,0.10583062846329724,0.10426357486691532,0.09621112707037784,0.09973710550455292,0.09002160810323091,0.08719424229919673,0.1000844223278369,0.11077210850744275
2,2.0,2.0,0.10947798213710376,0.10034924848714166,0.0944055537416862,0.09992529782792739,0.09069527872000233,0.10059500866577957,0.10361696791692669,0.08667535428373342,0.10589563425835705,0.1083636739613415
3,3.0,3.0,0.12152621944996518,0.10010085475086875,0.0921011490851177,0.10896555748830532,0.09015830133074614,0.10290383896278207,0.0903177090791921,0.08421632895619958,0.10982624052985179,0.0998838003669709
4,4.0,4.0,0.11683388913599199,0.09284715294100446,0.09129334513451473,0.09868984780040849,0.09019085227293712,0.09843027095654132,0.08697467976255654,0.0942844659221762,0.12313604437499223,0.10731945169887658
5,5.0,5.0,0.11006735649368093,0.10501472235232953,0.10038691774136285,0.10146795319572029,0.08508689961191548,0.10012289700747815,0.08963974317756067,0.07663931392756622,0.12649774311797995,0.10507645337440549
6,6.0,6.0,0.09910831126676736,0.10479915304864251,0.09637493537625526,0.10189542237980583,0.08795139522200093,0.10716326216860528,0.08947583583905379,0.08968204959705275,0.11076130997061388,0.11278832513120192
7,7.0,7.0,0.10587856056841752,0.0922193422590372,0.09917805141625892,0.11063062353650195,0.08490355499676173,0.1065930134711743,0.0875677782028818,0.07752714269464273,0.12469915563597007,0.11080277721835322
8,8.0,8.0,0.10214827107184243,0.09983209413553255,0.09802467848826592,0.10980968074911068,0.09169592047655425,0.08992684460377098,0.08159486782408162,0.08562902246664424,0.1205682341423262,0.12077038604187063
9,9.0,9.0,0.11195485601176598,0.10181711918466993,0.10350136223727568,0.10482691540169878,0.08935103878398093,0.08966694942676978,0.08682892955333096,0.08517688211552396,0.10787932053614577,0.11899662674883767
10,10.0,10.0,0.11389256695230907,0.09081212633121893,0.10763345142484795,0.0975929232698619,0.08979182992182722,0.11065747289511245,0.08928314538052545,0.06767818644656973,0.11211734129321504,0.12054095608451183
11,11.0,11.0,0.0977136489831031,0.10020214761211374,0.10394424681400469,0.10573306841749101,0.08561286086612366,0.10266687423503854,0.08486569422042381,0.09004912370446658,0.1140449029623033,0.11516743218493115
12,12.0,12.0,0.10996459679366473,0.09002426030650747,0.09281862999878046,0.09994643627717995,0.09275150061738173,0.12383877116722082,0.0824640946956339,0.07206346716852846,0.11698485495195307,0.11914338802314894
13,13.0,13.0,0.11318049869773864,0.09016771620562063,0.10584839017296126,0.09928114525436457,0.08120123311847828,0.10244227818893034,0.08338064782776786,0.08639960171183408,0.12774379645901968,0.11035469236328417
14,14.0,14.0,0.11043512778568507,0.1038924838883947,0.09418794786102298,0.10039664776668318,0.0793529347539199,0.11391409096211677,0.07802182669470131,0.06727396279710077,0.12284948379099739,0.12967549369937742
15,15.0,15.0,0.10116647462340911,0.10801991093614485,0.11021766529839563,0.09823480766387475,0.09336734276812804,0.08895704229965727,0.08658100372758104,0.06942257310678496,0.12198860271322935,0.1220445768627945
16,16.0,16.0,0.09349460354359697,0.10828314207958256,0.1086674852028576,0.09795495595140827,0.08593585398089112,0.10519595194369813,0.09595216285707847,0.0641792306498033,0.11763770046512853,0.12269891332595458
17,17.0,17.0,0.10564399494986969,0.10750191762629269,0.09299881945758401,0.0997485589779777,0.07197852770728953,0.11266347543085478,0.07739836332585205,0.08020958457298825,0.13021599643347087,0.12164076151782002
18,18.0,18.0,0.10625062574555688,0.11135638288537378,0.10030305412509824,0.08925500661219872,0.08953289757295854,0.1187689614315719,0.0774050820942087,0.06768883700957068,0.12640726408494363,0.11303188843851848
19,19.0,19.0,0.09028006505244074,0.10029410752380623,0.10841245638847315,0.10341730744121706,0.08992349018641962,0.10035020384109031,0.08138991573085641,0.07530375719234278,0.12508576389031448,0.1255429327530388
20,20.0,20.0,0.09418528513088227,0.10145428436575772,0.09863883777557,0.10618923526545651,0.08335855645771979,0.10024075173385286,0.08696810097591876,0.08490776872822878,0.12518302870665393,0.11887415085995898
21,21.0,21.0,0.10122885463772169,0.09539536774256938,0.11131137045176309,0.1186895331334662,0.08140838685165967,0.10888602078486656,0.06687977918706363,0.07007311942680716,0.13817619254025715,0.10795137524382492
22,22.0,22.0,0.09483662118142858,0.11327069329170254,0.10997778398123399,0.11975691921179474,0.08762938156251861,0.09132807851739957,0.0814777829818724,0.06699286289648822,0.13155277038081242,0.10317710599474841
23,23.0,23.0,0.11340036463430943,0.10361633924917502,0.11036069418314294,0.09717106635814496,0.09523312722536678,0.09747643999395872,0.07323070696622189,0.0659124729488587,0.12710000288829587,0.11649878555252532
24,24.0,24.0,0.09428317423664688,0.09015726337696757,0.11118427779658524,0.09244664934384272,0.09198170548544689,0.12513655994230105,0.07809194672679677,0.06859117543658946,0.12211386438170016,0.1260133832731228
25,25.0,25.0,0.11290044683192509,0.11135380365907747,0.11233945120369218,0.08890458589891923,0.08429601803621663,0.10704103696320917,0.07538974789424074,0.06533135876604206,0.1282126627248281,0.11423088802184884
26,26.0,26.0,0.09945508075420299,0.10592504382503447,0.10750830329062615,0.08898041519202174,0.07985420805027459,0.10219812746919113,0.0800136221057095,0.06733850451290693,0.14699684525127663,0.12172984954875536
27,27.0,27.0,0.09889310947846094,0.09263710575680059,0.10563673279214011,0.10887657995872879,0.0934445483390995,0.10948776147971065,0.07358147465388355,0.0618188693975276,0.14890636943015623,0.10671744871349165
28,28.0,28.0,0.10860678452005892,0.09629561535975326,0.114624195077355,0.1140222918334441,0.07420722668705103,0.10435227438896573,0.0802152096213055,0.05730342660631649,0.1253521829608153,0.12502079294493412
29,29.0,29.0,0.10825012344937823,0.0998344608192519,0.10770528205368395,0.10218641651529048,0.0758882563206534,0.1032354929813107,0.06593195767185417,0.06848891795397234,0.147430541093343,0.12104855114126153
30,30.0,30.0,0.09126109252875589,0.10656002099628523,0.10361465080714287,0.0963204739040336,0.0862308492447954,0.10526543765770946,0.07747527486614206,0.06917213339199799,0.136292263225964,0.1278078033771731
31,31.0,31.0,0.11150839252718539,0.10700549099403259,0.11704405257458109,0.11088610610030339,0.0722064472732628,0.0962670724760777,0.06589108373321025,0.05760914661051862,0.1403789682198256,0.12120323949100217
32,32.0,32.0,0.1013083471840528,0.10051801201391727,0.11375172022471836,0.08284502261745368,0.0904120608203384,0.09942094396122493,0.07725026140343126,0.07221921913299204,0.1299506220447527,0.13232379059711816
33,33.0,33.0,0.10596836686059563,0.10596577855781986,0.11202112447599252,0.08606499625157213,0.07999809879616551,0.10859836993905099,0.0740955371484339,0.0726198166994524,0.12668778699877684,0.12798012427213973
34,34.0,34.0,0.10443113317612382,0.1079237517795665,0.1079719316372125,0.1111272285003168,0.08309013064315843,0.09922522733454699,0.07018090572213173,0.0636568428222467,0.11995856668382451,0.13243428170087163
35,35.0,35.0,0.0958428013453678,0.10232197129988878,0.1175004577289717,0.08464402204249696,0.0799717050124902,0.10574191967624454,0.07821348476691334,0.05385790373703776,0.1378222782236229,0.14408345616696555
36,36.0,36.0,0.10617469941492788,0.11585751280917252,0.1183122874377894,0.10877102426056211,0.06912910340101386,0.10701217867808466,0.07364477447642295,0.04961294745208964,0.13474543843288694,0.11674003363704952
37,37.0,37.0,0.1029929435561325,0.10223791878967056,0.1060001954436925,0.10425391536733908,0.06588112260485895,0.09181745721464935,0.09380233127796701,0.06597876895266669,0.13889412506133159,0.12814122173169135
38,38.0,38.0,0.0992783469706343,0.10126302255513506,0.10180693890124067,0.10881537996329091,0.06170902099741251,0.11717121721134598,0.07242631794258866,0.07713730052404999,0.13127780151671412,0.12911465341758732
39,39.0,39.0,0.10406731934631361,0.10688078840762301,0.12036434851629137,0.10203943058295706,0.07121477413206463,0.09864212242839089,0.0694279926316257,0.07131586680883481,0.13328469769550705,0.1227626594503914
40,40.0,40.0,0.09292579522174535,0.11170853437174347,0.10660678539870025,0.0912074592334192,0.08963650811454263,0.10567328889356445,0.06988000959461825,0.06550193310104785,0.12974357403731634,0.13711611203330182
41,41.0,41.0,0.09529828953397652,0.11459943073958079,0.10160660302112975,0.10355330473097253,0.06467911590976703,0.10608944369488396,0.10358281555165119,0.06383793235059125,0.12022136597378308,0.1265316984936634
42,42.0,42.0,0.10665752850150459,0.10136377170327104,0.10371795873518337,0.09861537398750482,0.07914040854394161,0.12542332691069874,0.08027603262384433,0.06086580156151602,0.14662249196034446,0.09731730547219046
43,43.0,43.0,0.09311779181454974,0.11882075178401227,0.10809087433515185,0.09389381166256384,0.08670059850367864,0.09955803416930693,0.08066919613217727,0.0639823495743455,0.1366783372322571,0.11848825479195642
44,44.0,44.0,0.11174376620385876,0.09498597986476713,0.10929330533202417,0.09756720375606791,0.07004295241820997,0.11577850912389967,0.07485917745575055,0.07185106922678816,0.1389479359445394,0.11493010067409377
45,45.0,45.0,0.09610360028615687,0.10931110640867248,0.12229563859675437,0.10219299315169691,0.07878587347820529,0.09948634316591842,0.06395551727957574,0.06626564946886133,0.13307762124274825,0.12852565692140988
46,46.0,46.0,0.09347305205683025,0.10344798021996075,0.11848638466964001,0.10128187648053633,0.08120883155297139,0.12294590064952385,0.07581947556674684,0.05727833379028267,0.12791775604232963,0.1181404089711779
47,47.0,47.0,0.1148932579577416,0.11065545860042172,0.1070441613048457,0.09404607597372434,0.08304631919415828,0.11458092021362096,0.06686769605596957,0.057123868897254536,0.1265610370321188,0.12518120477014408
48,48.0,48.0,0.08803143594823513,0.1045182678336799,0.11534180850918015,0.09285507828509663,0.0738383463083656,0.10624087653599809,0.08066542860065821,0.07720248216423105,0.14206698485345493,0.11923929096109978
49,49.0,49.0,0.09967604006278033,0.10068026358248763,0.11130079960986698,0.1048730274039255,0.08301061808172942,0.10072563563024331,0.06366433870845184,0.07431635137826585,0.1304249652132629,0.1313279603289857
50,50.0,50.0,0.09463984403443812,0.12016238453342169,0.10150559308429927,0.11672253634789306,0.06837073710097287,0.10531448471943472,0.07314186391304031,0.05977682528341682,0.14255416236161977,0.11781156862146283
51,51.0,51.0,0.09076086701711394,0.10410573931694227,0.1411604013651228,0.10204839414533487,0.06331594279426701,0.0867578249023804,0.07792285066187842,0.05736555785737585,0.13624832458628694,0.14031409735329706
52,52.0,52.0,0.0802571487684523,0.10722978104249678,0.12021178033028343,0.1083445885471751,0.07341923479120184,0.10354094442326756,0.061953258987947436,0.05747496255066877,0.15529712663887035,0.13227117391963597
53,53.0,53.0,0.11568546721219972,0.10278083026800608,0.10679202077090891,0.10054100145115648,0.07283659738420126,0.08906699716862751,0.06990767799261095,0.06418041405699365,0.14416527614417599,0.1340437175511191
54,54.0,54.0,0.1071252570605421,0.09538059485275165,0.12544697414290382,0.1180963004596736,0.08124068091793102,0.09022927869850936,0.056400394035925186,0.06309355490142274,0.13901691251930975,0.12397005241103025
55,55.0,55.0,0.10246329033353344,0.09702729328048074,0.12491419856483406,0.10718694952576757,0.06818320076213052,0.11316917208689585,0.06979204459024838,0.051019775498761744,0.1386272717707116,0.1276168035866357
56,56.0,56.0,0.10335532402305476,0.10185725985385197,0.1103129825096764,0.08697759971952908,0.06855558096918601,0.11288536657159462,0.06918952683948185,0.058822287087672655,0.14577564188873118,0.14226843053722113
57,57.0,57.0,0.10129184927185138,0.12614127465160013,0.10162490698514126,0.1050156482520637,0.07262793494381523,0.1001303020802399,0.06806722267843987,0.0440976183084604,0.1501504658513585,0.13085277697702918
58,58.0,58.0,0.08540384067106455,0.10643864614455026,0.12071896046980239,0.10851593878021992,0.07303182973843778,0.11301866302294931,0.08123789351539087,0.05002579639092802,0.15247522991797569,0.1091332013486807
59,59.0,59.0,0.08861268171779704,0.11667174397745872,0.1202106598527678,0.09737020858757241,0.06349741223367827,0.10143261576115434,0.07363382620784682,0.05890569180348045,0.13503119594030483,0.1446339639179389
60,60.0,60.0,0.10530866114559707,0.09974738993594658,0.11991842943125267,0.09784214985568722,0.0736861378277083,0.11054763275605091,0.07035632423055496,0.05131352188432407,0.1502998961648793,0.12097985676799852
61,61.0,61.0,0.09893039707063275,0.09629591235807901,0.10537248834612181,0.09636137733945842,0.05565703743778422,0.09105470191142681,0.09118388874619604,0.04915874941189927,0.15289043795509585,0.16309500942330538
62,62.0,62.0,0.09642952681633755,0.10020015137633828,0.11457806067672607,0.11545892975931045,0.0678881532535326,0.10877125726330313,0.06691268524288817,0.057039959875162215,0.14384422244363498,0.12887705329276616
63,63.0,63.0,0.10168028150652045,0.1098054604931872,0.12040058566524658,0.10330936056367138,0.07411870813308494,0.09536550883744122,0.05787151189284652,0.061836097172993765,0.1492680188692851,0.12634446686572243
64,64.0,64.0,0.10758237244448339,0.1111122829473942,0.10392808475798473,0.1219572173630479,0.07849568250355086,0.10075130738944056,0.06558641447012858,0.06115252408813571,0.12934181257789304,0.12009230145794059
65,65.0,65.0,0.10086012746321593,0.09298117385343393,0.13775520755636797,0.09946601878785229,0.09041235623029016,0.08570382518631067,0.05835017581123407,0.04786042527405356,0.1460936676278038,0.14051702220943724
66,66.0,66.0,0.09253462670022863,0.10756883671279951,0.12199876316629413,0.09608885824206266,0.08066184057019155,0.10810947869098868,0.06587493197040452,0.054688904353596926,0.13968554951633289,0.1327882100771001
67,67.0,67.0,0.11108694608810547,0.1153984800881909,0.10710913219948803,0.1134831021469916,0.07697978384372756,0.1157603146143225,0.05541099406769957,0.048980018346579744,0.1445235011959994,0.11126772740889479
68,68.0,68.0,0.1015698838877966,0.10826172423420535,0.1373513854171343,0.09349364786377934,0.06263098488256619,0.09727069089280937,0.052636961788420325,0.055705783082812724,0.1565221479939517,0.1345567899565237
69,69.0,69.0,0.10000729825231895,0.11330352110446337,0.10968114058983383,0.09841902503154303,0.0784275434954348,0.09408049106985446,0.06407477224169691,0.06611232435729446,0.13917698595809003,0.13671689789946967
70,70.0,70.0,0.1028294636122723,0.10808660381714028,0.12147517274697388,0.09790433358556891,0.06879319218295507,0.10254014173637846,0.07347147988784082,0.06716909661192112,0.14012347751458723,0.11760703830436152
71,71.0,71.0,0.10649598429966771,0.09076247334455124,0.14661207044057395,0.10495903713186272,0.06809157420518568,0.10228244108994947,0.06229335012903533,0.06291017652938502,0.14621094293405076,0.10938194989573768
72,72.0,72.0,0.11327585925151643,0.10163234591238161,0.12384300632825769,0.0824778157656911,0.06961597170584927,0.10740501592949855,0.04916145854722194,0.052206424366150285,0.1577384903029328,0.14264361189049993
73,73.0,73.0,0.10766262979712297,0.1050037904707489,0.10778946249812842,0.10104567490427965,0.07494040964713065,0.1128962026794271,0.05072973623906781,0.05798134433749297,0.15135835225016486,0.13059239717643623
74,74.0,74.0,0.1086739753758734,0.10410360769291287,0.12103112341175785,0.1005937657601246,0.07161003195159314,0.10769734081841595,0.04730328084336438,0.048850656651456374,0.14837697560682112,0.14175924188767983
75,75.0,75.0,0.09698783364813765,0.10676007201713751,0.12186604605215415,0.08967510980327859,0.07171870362587837,0.11954189419405437,0.06253086652914736,0.05213708902233527,0.1481813860196187,0.13060099908825765
76,76.0,76.0,0.11498329691517802,0.09618797227031817,0.11622167187558072,0.10701978538116053,0.08748363857570482,0.09531045104753248,0.06589068057592638,0.048326630620499425,0.15381092705257354,0.11476494568552546
77,77.0,77.0,0.09944182011390364,0.1089965623675592,0.11087463314435002,0.1195947885048059,0.0768482141218087,0.10066569901835212,0.0571471185966312,0.05457956642642742,0.13626063950445383,0.13559095820170758
78,78.0,78.0,0.08814937299294406,0.12012042364346306,0.13533234288718393,0.0812367499779286,0.060904357985092986,0.11121726776871525,0.05015781659256517,0.06838320060308282,0.14565852907682825,0.1388399384721953
79,79.0,79.0,0.0918249676473067,0.0899884259505174,0.11566627365975604,0.12025178262699118,0.07636839454648878,0.11606914406481643,0.04543176439094856,0.057196393008650995,0.16287697948038046,0.12432587462414309
80,80.0,80.0,0.10309944901448036,0.10300222581312361,0.11767409637474564,0.12091167278774573,0.06407781383305204,0.09040743707233771,0.08331747360037926,0.06293841902147332,0.12997311968513717,0.1245982927975248
81,81.0,81.0,0.08319625846673273,0.1004156199037511,0.12902716519035756,0.0998702474560013,0.056924387096161544,0.1074981609919787,0.08040355273265662,0.042877843565114024,0.15242380750343518,0.14736295709381084
82,82.0,82.0,0.10723436772588013,0.09431914356140556,0.141344977754114,0.10628977801705242,0.052142531194493455,0.1077156172355517,0.06895325004071448,0.05610285374201766,0.13976357252027838,0.1261339082084918
83,83.0,83.0,0.1237048402050456,0.08261736248521524,0.12848839889420577,0.09773346853319106,0.05379183032359701,0.09604893768087959,0.03984160491564885,0.0620722398750958,0.15849645688893793,0.1572048601981828
84,84.0,84.0,0.1038261980875381,0.10148600896097941,0.1294466827073842,0.09552558979913453,0.06274559733743378,0.11545877500214974,0.061853181197086396,0.0471888307652472,0.15752505996396357,0.1249440761790827
85,85.0,85.0,0.08870225764046069,0.10459292221030365,0.12903471045780904,0.08935252070315833,0.0687351891375744,0.0940028218888069,0.07529881948114717,0.05114027752728012,0.15224567132890443,0.14689480962455498
86,86.0,86.0,0.0872993359905982,0.12012635836718441,0.12754659682578362,0.09386320042902234,0.05348850866400913,0.10786386200754908,0.08139408071705552,0.06191164835752583,0.14673422319582916,0.11977218544544233
87,87.0,87.0,0.10499438168721564,0.09924559067591296,0.13397207473616551,0.09817979316251535,0.06658882141257941,0.11109539844297814,0.06108593227696997,0.046492641722624274,0.14295454845871203,0.1353908174243263
88,88.0,88.0,0.09426075382528878,0.11067824091713055,0.13109897821950986,0.09702451935302926,0.06256732413538352,0.10404994232467857,0.06280380516263251,0.05653924326687304,0.14633131309244113,0.13464587970303238
89,89.0,89.0,0.1044471375701396,0.10653960513200814,0.11754320365422415,0.0931832088225228,0.06488235401244424,0.11679228378553545,0.04527711005968584,0.06143175851607272,0.15797826333716602,0.13192507511020057
90,90.0,90.0,0.08048091175490354,0.09244885349626465,0.12971824929049341,0.10751959365094525,0.07922663041248018,0.0998305292869476,0.05891010867178631,0.052627696636838375,0.15085047850149183,0.1483869482978484
91,91.0,91.0,0.10042179674005931,0.11913657260742613,0.13334927816845019,0.08462274031697795,0.08050027453403466,0.09898776667805255,0.05890227423913991,0.04930921485273386,0.1525430045702283,0.12222707729289672
92,92.0,92.0,0.07348296127988495,0.100932258610734,0.13170202295546835,0.1223585000603965,0.0838075318742372,0.10160092677643873,0.05234432832775482,0.03956708246767776,0.1651350151755972,0.12906937247181013
93,93.0,93.0,0.09336986494914558,0.11524630602911386,0.1286721394799554,0.10151602620829422,0.06023582947840378,0.0946617422142273,0.05870279040788703,0.050921918246140174,0.1480692819645382,0.148604101022294
94,94.0,94.0,0.09522619279647367,0.11686964598811037,0.12615286411114418,0.12225344804365004,0.04543230053929149,0.09707653256248996,0.05731285246118025,0.045633309618610174,0.1561794049751906,0.1378634489038589
95,95.0,95.0,0.09051953247799066,0.11425891293612496,0.14608530847509504,0.0939211324577172,0.06412146324523325,0.11437892722829437,0.05555998212466582,0.04878841877864147,0.14507048431157465,0.1272958379646622
96,96.0,96.0,0.09357948043323572,0.09830483872696477,0.1354078228451544,0.09005562705742684,0.06111953394732585,0.08898313662488819,0.0735066365227474,0.06638687857124145,0.14762924830119703,0.14502679696981793
97,97.0,97.0,0.08497335172395329,0.11615353177808516,0.14877723497453693,0.10602992125743596,0.06105218401420313,0.08970680257981276,0.05935494486667954,0.04938976768223054,0.15000323824491493,0.13455902287814742
98,98.0,98.0,0.0863419114852263,0.10445285235013031,0.12262673817600375,0.0944542788405098,0.07521302099309543,0.09663466498382026,0.05775612878131494,0.07764503817117493,0.16489558653036668,0.11997977968835723
99,99.0,99.0,0.09272403911139111,0.11746800437572455,0.1323484216815553,0.09642137902867436,0.05811536908184968,0.10019168800927862,0.06402842512923175,0.05683530066385519,0.1489598510203122,0.13290752189812688
100,100.0,100.0,0.07478731148092765,0.11545427700393336,0.1293073059492046,0.07789343690020903,0.06292909279648709,0.13274468426595226,0.07862555572051162,0.0570365914021435,0.15490575459200445,0.1163159898886261
101,101.0,101.0,0.08245959574660931,0.10905922650339579,0.13793108209319324,0.09803559436151313,0.05656751976813544,0.12066727714720775,0.056481356515560854,0.053165114980236364,0.14257669377153281,0.14305653911261484
102,102.0,102.0,0.08835172825574791,0.09818700765880276,0.14011766237314266,0.09215942935684082,0.04051904151643308,0.11271383815316813,0.05275406138239006,0.06589898929494295,0.15595379452956784,0.15334444747896342
103,103.0,103.0,0.09045056569969832,0.10582974222320522,0.14921246283797265,0.0794549129950251,0.08505477302351075,0.10080989923179562,0.06383526877882686,0.04304469567256694,0.15177791691938,0.13052976261801807
104,104.0,104.0,0.07085471612454133,0.10269929001723595,0.14636284074351452,0.09064674548600356,0.06284451468667414,0.09460714649437083,0.06479894245741667,0.05535776225319218,0.1717903134243,0.14003772831275046
105,105.0,105.0,0.11002313340662562,0.09776030222554964,0.12273928151616242,0.0943837056836179,0.04405486837720872,0.08979508688703612,0.06944372777977545,0.0469782658936263,0.17379551128456694,0.15102611694583057
106,106.0,106.0,0.09941403720544638,0.09172833368011539,0.13593573844254064,0.11526596181564537,0.07091102708088859,0.09949748870721176,0.047838048250697394,0.03828270262431179,0.16820081078741858,0.13292585140572372
107,107.0,107.0,0.07766655855770305,0.1167829418100697,0.12440141218474525,0.10248731313332742,0.06571730664432106,0.0975439722768429,0.0703615158642021,0.05344033500696135,0.1559951120543595,0.13560353246746729
108,108.0,108.0,0.09696434974170026,0.08830539519551414,0.13280398768573176,0.1053760981445921,0.08292475236524553,0.09044079064870755,0.05309748538446405,0.06181946519476892,0.14255254730262412,0.14571512833665118
109,109.0,109.0,0.09649687163938121,0.11620521783160172,0.131698405362555,0.0970880945967175,0.05964592610514907,0.08973783517116656,0.04520747374100773,0.05223017640846579,0.16219955721526325,0.1494904419286919
110,110.0,110.0,0.07674640120420419,0.10199864740277571,0.13735775001763098,0.12776370178614943,0.0639577206918981,0.1001068096479834,0.06691278830697016,0.03687097884583209,0.15158291210387165,0.13670228999268402
111,111.0,111.0,0.09519335034229015,0.12261967966598224,0.1303595821096519,0.10330124336692714,0.07161009819343891,0.08883530539539324,0.06918251250802879,0.04115218830123496,0.1432728330166386,0.13447320710041383
112,112.0,112.0,0.08517895737491446,0.127517450907988,0.12102825312522103,0.11539186267013182,0.051054493448489835,0.1109644769148926,0.049754616407770715,0.04256394891195826,0.16278808823193022,0.13375785200670276
113,113.0,113.0,0.10489268674565846,0.1067224639491102,0.12951518220728722,0.09021480715253757,0.054698924228237,0.11796615873982459,0.08026035467389195,0.04097548700198731,0.15252360011379135,0.12223033518767401
114,114.0,114.0,0.07309105989907881,0.10925364556300092,0.1292803924821217,0.1070611233762631,0.08653879230054246,0.102284391869309,0.03549476963055499,0.05705976177374632,0.15855496613425238,0.14138109697112994
115,115.0,115.0,0.10762129068765347,0.09707169985303656,0.13588342189172012,0.10005331855800967,0.0803973861176566,0.0959166741183767,0.06060366291118698,0.057959955557591356,0.15300003738775306,0.11149255291701513
116,116.0,116.0,0.0751628062955094,0.11805079338340548,0.16392857082245466,0.09469240854540982,0.048945672627389136,0.09826866475429313,0.05443760221039699,0.04828806730507864,0.1500379444130427,0.1481874696430197
117,117.0,117.0,0.10402172974183418,0.10811754096216115,0.12165479287429681,0.08671754978970546,0.0601766306691718,0.11541926119700374,0.05733945007888316,0.0369092462515073,0.1652214056618204,0.14442239277361568
118,118.0,118.0,0.11088034479886717,0.10571467925589617,0.11712471094662417,0.10246320065945429,0.05925346048247897,0.0970238647267974,0.05367054848128085,0.039066543031161804,0.15673070572340048,0.1580719418940383
119,119.0,119.0,0.12730414340533489,0.10638731880372083,0.13695347212802447,0.09518673580990925,0.05557119506543458,0.07508675685456909,0.04498573371157438,0.060167376112158236,0.15792842003550503,0.14042884807376882
120,120.0,120.0,0.08747104979709455,0.12602972406352572,0.12785493809335957,0.09167704569172154,0.05370073417334509,0.09637258396158199,0.06686582447471043,0.05554635838520411,0.1643026215606571,0.13017911979879954
121,121.0,121.0,0.0949106431756643,0.10016180105200831,0.1485016977167963,0.09156302329067115,0.06326228208954947,0.07881139164863576,0.06338202937524948,0.05122466096986176,0.17254173991499752,0.13564073076656555
122,122.0,122.0,0.07469086822692073,0.11812721331084988,0.14116980624847367,0.10337650093693027,0.048137394644812384,0.09041272329716396,0.06628835830018995,0.048668963092551545,0.1599037169492411,0.14922445499286618
123,123.0,123.0,0.09716191069253115,0.11475191177863535,0.14074613068813435,0.10151933129271573,0.04725159540569999,0.07810812548594173,0.0719614394637202,0.03845081535193745,0.15389374061935263,0.15615499922133108
124,124.0,124.0,0.07401316385641613,0.09545312498557121,0.13900823720584782,0.10458467999943052,0.06006739353541658,0.11916734601267749,0.04945442721375672,0.04945722736649505,0.15816929178862793,0.1506251080357603
125,125.0,125.0,0.10262547543885751,0.12241224756629258,0.1319765160825435,0.09782109122180806,0.06905977326861623,0.0751674446890403,0.05656490298960319,0.046592303847890315,0.15284508289917703,0.14493516199617093
126,126.0,126.0,0.08667742031129752,0.09742391767583583,0.11877035019072994,0.10453572722933542,0.0773728687335831,0.11269651569031627,0.05049604914011572,0.046252667832739125,0.1631694676076414,0.14260501558840535
127,127.0,127.0,0.10573311102749952,0.07240279447572964,0.12866587599288043,0.10959363384491076,0.07180517756098534,0.1053167655479087,0.03780382287923388,0.05978273141613157,0.16769114010867273,0.14120494714604706
128,128.0,128.0,0.08958926578541644,0.11461471934314693,0.12319749321927172,0.10489980977029759,0.061643583964790485,0.08408975883823269,0.0476605200233785,0.05769968762234692,0.155594885769154,0.16101027566396436
129,129.0,129.0,0.07493767958024264,0.0822983408429428,0.1436739049610105,0.10738322243584641,0.053469912878332394,0.12077999150314267,0.06248970344387761,0.05635424170570397,0.15370679164768747,0.1449062110012132
130,130.0,130.0,0.08511245498780914,0.12393797059698308,0.13850607032946644,0.08516095867713694,0.05622568690865024,0.08764571598412056,0.05924387058640588,0.04435817112337241,0.1631385992482454,0.15667050155780962
131,131.0,131.0,0.08488961359796018,0.12282741972746136,0.14711628656018877,0.07949638959942557,0.05105873611724526,0.09116074005738851,0.06563303458341478,0.04156502306176714,0.1591507202072218,0.15710203648792628
132,132.0,132.0,0.07478469276203151,0.12691136737459774,0.10146715883012129,0.12261882412145315,0.05942052363064193,0.09275787803025458,0.055873825889961704,0.030000000000000006,0.17230887041536508,0.16385685894557267
133,133.0,133.0,0.09932526686260454,0.10783273929592825,0.1176435520523406,0.09429480182596126,0.053452500805876754,0.11314565173105387,0.07089583915837334,0.0514133468116448,0.14415282032720006,0.14784348112901619
134,134.0,134.0,0.10224964364590934,0.11781550439038728,0.14818067566433873,0.07967018173496397,0.05232332271100578,0.10942784234955258,0.05299689507858022,0.06425613732630667,0.13568721136564496,0.13739258573331015
135,135.0,135.0,0.06734657333752522,0.11216382525559623,0.1309902585971891,0.09851613815293667,0.05898324875556107,0.11905603698328493,0.04759959304105904,0.04838224370746772,0.15966908822368722,0.15729299394569246
136,136.0,136.0,0.08036302658519442,0.10449964284970437,0.14506967202543625,0.0933103264340261,0.06232185243013677,0.09673347425308529,0.04443245255584126,0.05175249794625625,0.1757307198197433,0.1457863351005755
137,137.0,137.0,0.06024293772978447,0.10077689291645167,0.1391419218153407,0.10925683141740943,0.045896545173431724,0.09390220501935126,0.05801576510161919,0.08463247247281033,0.1662679491129587,0.14186647924084217
138,138.0,138.0,0.07596247860038571,0.10994297113978561,0.13309462555978196,0.09192112887882484,0.06363054462889693,0.13400524571618883,0.046595132098798786,0.06149380363448398,0.1461277733966339,0.13722629634621905
139,139.0,139.0,0.08039022577021836,0.13144837341211976,0.15337211518064403,0.09596792679138652,0.03944203660247997,0.11908928988998854,0.04789156653653813,0.047426371570763085,0.16220865695104944,0.12276343729481176
140,140.0,140.0,0.09639399228899595,0.11430415462661898,0.13630702642532294,0.07612740910707039,0.04376646005869572,0.09577388640879447,0.06879872397078582,0.054657719995640286,0.16443972404238855,0.14943090307568657
141,141.0,141.0,0.08625119672093934,0.10109757843914455,0.11301009936613098,0.09407918832325304,0.07773439123076924,0.10902994550295722,0.06826642617892328,0.044471282648756306,0.16442145102387573,0.14163844056524993
142,142.0,142.0,0.08603616133597425,0.0854913133778947,0.15392569801026845,0.07249362995558654,0.09869355365174512,0.1066890408131969,0.042136974795101145,0.031289165182276056,0.17847222196485277,0.14477224091310376
143,143.0,143.0,0.07874698236326753,0.10091664750698526,0.14039673624949606,0.09796365268491608,0.06969574259587447,0.11536492078473601,0.06684404144257963,0.030000000000000006,0.14969454085408637,0.15037673551805825
144,144.0,144.0,0.08581379123832497,0.10271569235738867,0.1527254621512798,0.09914637068641838,0.06125548026059695,0.0979691108852159,0.04785769379912174,0.040447802848903924,0.1428957109084005,0.1691728848643488
145,145.0,145.0,0.09567997972884246,0.08350556386680744,0.1485637446887337,0.10860185827718598,0.05894370923562388,0.10221777290394332,0.07643600285708425,0.0435301044954257,0.13097309768425225,0.15154816626210071
146,146.0,146.0,0.0947572345340715,0.10452948816543647,0.12266157033769949,0.10660045096343765,0.06391112338602642,0.11001863054416638,0.055581353495430606,0.050049587240213265,0.14841270128986123,0.1434778600436566
147,147.0,147.0,0.07577006711482613,0.11893074394596284,0.12936356976966806,0.08070091548771166,0.06969904139838387,0.10413329126588655,0.08416120469821961,0.04376813994731506,0.14692614565918308,0.1465468807128427
148,148.0,148.0,0.10154871246683743,0.1301722234639757,0.1385478171763181,0.07953039180607058,0.04104168088202059,0.11364243466076278,0.044946106705947134,0.052719333380861176,0.14641615210814093,0.15143514734906532
149,149.0,149.0,0.07348328347624826,0.1290467105245306,0.12094409908139545,0.0920089448566255,0.05421770117478793,0.10583054571110206,0.07500597621103991,0.06486637982041557,0.16389216723497815,0.1207041919088762
150,150.0,150.0,0.06753825759457405,0.12008560108279547,0.1433555673661344,0.08725762186628797,0.040949835171914716,0.10303383434229647,0.05634025436303476,0.06659709260433876,0.1933779118128341,0.12146402379578891
151,151.0,151.0,0.06885887833750674,0.12538530936914638,0.1450598040864623,0.05924427490537863,0.055713521418614485,0.12396413806568032,0.03449455460511827,0.05284847708664453,0.1617650084817031,0.17266603364374492
152,152.0,152.0,0.07443669303746123,0.10042699045895372,0.13599292766266302,0.1080883630622155,0.0602180554232721,0.10199065738223927,0.04241027711663827,0.05845619918821354,0.16260316632124028,0.15537667034710273
153,153.0,153.0,0.06480095195385246,0.11275313303864001,0.14269048913240237,0.09851251425017522,0.06181602122505562,0.09303332955923446,0.04844666155723287,0.047707799619406376,0.17953174642876124,0.15070735323523904
154,154.0,154.0,0.12238730365075356,0.10840165781057842,0.13804309170557685,0.08164672362896462,0.061013624808100075,0.09909924123920763,0.03964884997106335,0.04093845492456432,0.1476416670423142,0.1611793852188767
155,155.0,155.0,0.09095735223406307,0.11758145199777617,0.12765783070022507,0.09539976829388032,0.04177215826722288,0.11102524499206064,0.05719238169473129,0.03801325918376254,0.1798549309946963,0.1405456216415814
156,156.0,156.0,0.09632561939540518,0.1006287656853296,0.1500037157840981,0.09009539399202797,0.0650009171387964,0.10544792520774923,0.054305941290782644,0.041194342627704106,0.1501142615618436,0.1468831173162628
157,157.0,157.0,0.09208536860721511,0.12007743504829807,0.13903076919962115,0.08145069017959208,0.060980586974589114,0.09779642251434681,0.06344084581964751,0.05672038454610523,0.16196189613260148,0.12645560097798306
158,158.0,158.0,0.09335305016593168,0.09803911780756838,0.1467396390520792,0.08706876497439968,0.06732095151645943,0.11023460773390188,0.05872779175659254,0.06989218819670924,0.15622608325585244,0.11239780554050513
159,159.0,159.0,0.08154747953295019,0.12790581181935007,0.1315382230321495,0.10831433974242097,0.06051714703488088,0.09317740754071797,0.05737847463719305,0.04333656982168347,0.14024331773594356,0.15604122910271007
160,160.0,160.0,0.0806625579989656,0.14068741268633173,0.14430435503920253,0.08396385305457135,0.0396211120762333,0.10053032665763462,0.07591800533579238,0.03812395452374483,0.1457228933712398,0.15046552925628354
161,161.0,161.0,0.07032983861747968,0.10916472438107941,0.12908441436980672,0.09272689078272287,0.061984374631825344,0.1288348491197329,0.06723411430893196,0.04299088966227366,0.14247807337945373,0.15517183074669333
162,162.0,162.0,0.08835793373015212,0.12160774117399113,0.13128623957263547,0.09927288378172767,0.06557807416145693,0.11716899494967536,0.039778821414518994,0.061864885937275085,0.12700298819338923,0.14808143708517765
163,163.0,163.0,0.09481431462780282,0.09553467269878405,0.12585053879235092,0.08979135455897352,0.05202478544961127,0.1244655407941974,0.05877805472402248,0.04800307594012025,0.15481363299657971,0.15592402941755729
164,164.0,164.0,0.08782166330971272,0.11284083127561384,0.12360948725817203,0.09402232152760868,0.06916359400555303,0.09532883561266817,0.050918787105848115,0.0631453557565564,0.14402774458893416,0.15912137955933253
165,165.0,165.0,0.08533047302246313,0.11363193998557511,0.13100528956114976,0.0994877721711799,0.049112233690420705,0.09003719155619196,0.06837367255254498,0.04637687706478838,0.17385011525765187,0.14279443513803386
166,166.0,166.0,0.11250242332992182,0.11399137052309201,0.10784096777014818,0.09332904067525707,0.07613951341452836,0.08555092718286235,0.057070520853927706,0.04845904408082722,0.15197129636012902,0.15314489580930596
167,167.0,167.0,0.10136178122309751,0.11331679703479791,0.10233047249600813,0.09435139200976618,0.06981628151288631,0.08571003736749835,0.06812987849798526,0.06717474065222262,0.15532571036068185,0.14248290884505552
168,168.0,168.0,0.093488513462916,0.10715156871814627,0.14830555524635938,0.09919941971466181,0.10241931619328577,0.09419979126685546,0.04900457685937433,0.03650663817373125,0.14249105278381263,0.1272335675808567
169,169.0,169.0,0.08863618562638888,0.09187207372745138,0.15860683385408272,0.06292490187863223,0.07018406681477492,0.09161616674993635,0.060035483749450294,0.056481852109085476,0.17254704804812587,0.14709538744207165
170,170.0,170.0,0.1008455352585413,0.09634802820933872,0.13219847750137342,0.07419245949284482,0.05350484083607667,0.10337969053057297,0.06884024109788936,0.07129517152191434,0.15778024162904364,0.14161531392240448
171,171.0,171.0,0.10290812085721805,0.10309280144892352,0.15948655193675468,0.11339695983675704,0.06491837835929375,0.06884773197020785,0.05010838644019687,0.04670477539435933,0.1439070984455233,0.14662919531076526
172,172.0,172.0,0.09199170641727766,0.11119528157289213,0.12601929416019342,0.09360704115602539,0.06116523592081058,0.135487145860917,0.03477922495973953,0.037266284458907784,0.17444741749067785,0.13404136800255842
173,173.0,173.0,0.10266174539051762,0.11100083930009777,0.1299662304332671,0.11036300490838127,0.05959116644697436,0.08808969608010549,0.06844296292667908,0.037027541572957116,0.15271971653412897,0.14013709640689093
174,174.0,174.0,0.12377602883213683,0.09869548872880012,0.12581439363366614,0.1134012354683888,0.06790899278729348,0.07170916330442194,0.04802423476109831,0.03797736149423958,0.15727273248093115,0.1554203685090234
175,175.0,175.0,0.11777907097120652,0.09962555113195426,0.12081231215272185,0.09505043929848621,0.054982922048014846,0.12754844499398793,0.04372583778257626,0.04030772418925377,0.16456053324185776,0.13560716418994023
176,176.0,176.0,0.12099700413869144,0.11744706171422763,0.10651328865151648,0.10917158898948205,0.04466457030052053,0.1003453922674058,0.046621550433038395,0.036382406890559514,0.16578958991392675,0.1520675467006312
177,177.0,177.0,0.11262526917411934,0.12516180450759545,0.11893572522704432,0.11807807510514086,0.0588300994276165,0.09086227719057635,0.0633612175494489,0.033036182208314516,0.15147553572880498,0.12763381388133846
178,178.0,178.0,0.11084106145928194,0.13355920306561062,0.15264998171993224,0.10590522324672338,0.04638632441303312,0.08558050950071452,0.05563353587234843,0.03858428929551784,0.14910148890504185,0.12175838252179569
179,179.0,179.0,0.12656716076991487,0.09260912443144792,0.15623985962598422,0.07659716646656767,0.03796578521034649,0.08802043038855141,0.04538415345533545,0.04478004093672898,0.18741620332429648,0.1444200753908263
180,180.0,180.0,0.10502197273199858,0.09537376088394536,0.1332205364628992,0.10216541006579234,0.05801702110489415,0.09602928370999378,0.05928277029459601,0.0674039562754323,0.16362306793275588,0.11986222053769205
181,181.0,181.0,0.08596889676152375,0.11465259348300424,0.132322032797915,0.0810488072731505,0.08720948924262376,0.11571643101651397,0.06388715439621502,0.03971090079573505,0.14586175062530604,0.13362194360801233
182,182.0,182.0,0.09596068699296917,0.11136032345507382,0.15611345805238894,0.07268202986597559,0.0664485796437526,0.09381140233059958,0.047525406016941295,0.05438958977067554,0.14564189706718617,0.15606662680443698
183,183.0,183.0,0.08167373791353837,0.11053167919489884,0.1524141759982541,0.11813605717518605,0.06928332139563265,0.101819200503705,0.05729074563915746,0.03581348816959401,0.1658946695917145,0.10714292441831863
184,184.0,184.0,0.09479152141328664,0.09564738489420047,0.14721116083488828,0.09543511116271358,0.09784257483126951,0.09657401857442399,0.05223834959281124,0.054096379400803085,0.1552664924648669,0.11089700683073596
185,185.0,185.0,0.13305404587762376,0.11221832655563298,0.1298732003639068,0.09262557160778795,0.05680375977387229,0.08173845631847002,0.04229055622279017,0.050061917012927205,0.1650150090282288,0.1363191572387597
