,Unnamed: 0,Generation,Intertwine_two,Add_vertex,Delete_vertex,Invert_path_vertices,Insert_inside_vertex,Delete_inside_vertex,Replace_inside_vertex,Donate_between_routes,Trim_one_terminal_cb,Grow_one_terminal_cb
0,0.0,0.0,0.09999999999999999,0.09999999999999999,0.09999999999999999,0.09999999999999999,0.09999999999999999,0.09999999999999999,0.09999999999999999,0.09999999999999999,0.09999999999999999,0.09999999999999999
1,1.0,0.10900000000000001,0.10060295767894811,0.10003852725248111,0.1006355385024994,0.10046472966049376,0.09958701285067117,0.09997134449999627,0.09891235528325218,0.09860417241061242,0.10000920203373422,0.10117415982731125
2,2.0,0.31601,0.10158953326265323,0.10007592986302916,0.10011696658219574,0.10048714710310358,0.09862998072343475,0.10002900247616114,0.0992041035477485,0.09718193947750313,0.10059935726008806,0.10208603970408257
3,3.0,0.6191589000000001,0.10376115950801847,0.10008748602513623,0.0993626972598605,0.10140573027473845,0.09763560704996202,0.10031743774630596,0.09818087974571352,0.0955509614530137,0.10157652036093869,0.10212152057631231
4,4.0,1.015801321,0.10542404069686935,0.0993726500773035,0.09853045899295106,0.10128048243255582,0.09666915278086351,0.10015553670097699,0.09684704368555326,0.09497654860260273,0.10386944473790742,0.10287464129241622
5,5.0,1.50262148669,0.10635807898699526,0.09988079969402357,0.098618430674833,0.10141966356780116,0.09522416566749342,0.10016183570783023,0.09581437393367948,0.09268814101096758,0.1064619125478489,0.10337259820852723
6,6.0,2.0757334209441005,0.10613990170048408,0.10036791664528598,0.0983140918226813,0.1015881564042097,0.0941087541659131,0.10087115194310735,0.09480683411558119,0.09177235947461058,0.10742184856776094,0.10460898516036556
7,7.0,2.7307768275633495,0.10655025116845188,0.09959265318649518,0.09830110689528088,0.10261639273240297,0.09273852620252779,0.10151543278736863,0.09365593253291025,0.08971176230287273,0.10971297016624593,0.10560497202544356
8,8.0,3.4630081252450404,0.10653981983396503,0.09958245815195842,0.09818285261303097,0.10353985345707878,0.09210620787140258,0.10047944446730152,0.09196194852732612,0.0885455666294265,0.11151174931021526,0.1075500991382946
9,9.0,4.2673862119061114,0.10746717463929799,0.09977428148562481,0.09862251039265939,0.10393538984746614,0.09129853033018409,0.09941553946290568,0.09085709828819288,0.08742161104658505,0.11195232402749075,0.10925554047959299
10,10.0,5.138652627782014,0.10854044187187664,0.09886685157756991,0.09948019983152835,0.1035768886411734,0.09059622474141005,0.10045959140542235,0.0900678729683438,0.08463773416582171,0.11273191331383217,0.11104228148302141
11,11.0,6.071405875792507,0.10794201183508116,0.09890861953594648,0.09996473238135928,0.10400841241655973,0.08953820885774723,0.10070215710257686,0.08890797778859129,0.08419974322173186,0.11362015411824208,0.11220798274216381
12,12.0,7.060169740244025,0.10852623595450162,0.09794135724868644,0.09932804513901115,0.10383536716038562,0.08926060505766026,0.10305730309455877,0.08758348933865334,0.08206547952328454,0.1147178135296166,0.11368430395364143
13,13.0,8.099455520847952,0.10938801146077905,0.09700599581064193,0.09999290848691361,0.10357420801871534,0.08789064384328886,0.10324509987024004,0.0864319111004924,0.08147823552546495,0.1168042715647837,0.11418871431867988
14,14.0,9.183818168183006,0.10992699719759297,0.09746826448862905,0.09948379608569248,0.10340778441480043,0.08640595480665066,0.10455327002885875,0.08482909594011366,0.07908636569781767,0.1183020477785742,0.11653642356126986
15,15.0,10.307906369102724,0.10949030035037882,0.09836129119759014,0.10057560818608402,0.103011707794515,0.08640064527456978,0.10332852651470223,0.08417440730660664,0.07703041985489636,0.1196094326233331,0.11801766089732363
16,16.0,11.466506686239443,0.10824684782263519,0.09928792454738444,0.10149964163800573,0.10257948466370506,0.08572238479190888,0.10370643347421499,0.08454636941360981,0.07457965588308793,0.12037478045970498,0.11945647730574273
17,17.0,12.654581904800096,0.10819515724550281,0.1001337242921923,0.10083608360585643,0.1023235988615101,0.08371835242204374,0.10480819727118695,0.0831398132912247,0.073872999448446,0.12229405230932816,0.12067802125270859
18,18.0,13.867303782456686,0.10818378718269604,0.10135407252176849,0.10089093220219075,0.10101819600412142,0.08355276202858447,0.10648888607013013,0.08181717015826004,0.07204829975217192,0.1237197431803777,0.12092615089969883
19,19.0,15.100080434523047,0.10655716644248696,0.10144618149586636,0.10174535738445822,0.1011419316214542,0.08350259129126097,0.10628243098374524,0.08098115382161611,0.07112396741637643,0.12489759015390506,0.12232162938883026
20,20.0,16.348578617037543,0.10532095877024247,0.10163357651702899,0.10160364917724876,0.10155324021767528,0.08286515324375143,0.10602635392384854,0.08079064526223521,0.07129426736550876,0.1259692606490777,0.12294289487338267
21,21.0,17.608741195130214,0.10480137207951278,0.10119454745224382,0.10271371694436277,0.10321980769155303,0.08210137607252652,0.10660255545314293,0.07867212993704373,0.07010020740321289,0.12822521815866916,0.12236906880773218
22,22.0,18.876800103462312,0.10365879553780884,0.10252896205175373,0.10366539582278647,0.104981154280295,0.08202914619730131,0.10538817725607842,0.07810734301635247,0.06871725690435065,0.1296927474451729,0.12123102148810003
23,23.0,20.14928511992658,0.10439862925199957,0.10287191709945938,0.10462332171514317,0.1044555385741128,0.08278051622953563,0.1047694720389895,0.07680803158582049,0.06734731852053306,0.130586847283131,0.12135840770127526
24,24.0,21.423028783545156,0.10324277790882806,0.10184211327667088,0.10562518710428845,0.10343719801495892,0.08325613319451283,0.10690571901799337,0.0760890020282032,0.06636789576815356,0.13085805484268534,0.12237591884370522
25,25.0,22.695167792966423,0.10397464292277972,0.10291809536537519,0.10669797420215285,0.1020565796805169,0.08300287544097863,0.10720109741043074,0.07519168499007797,0.06518266642064163,0.1316245795759872,0.12214980399105897
26,26.0,23.963141223515898,0.10337804286665546,0.10342796034474179,0.1072367825689396,0.10069008617101337,0.08234369389015601,0.10698104640975037,0.07484846770595377,0.06431816150602139,0.13415875092009213,0.12261700761667589
27,27.0,25.224685898775267,0.10274567606744489,0.10258301585415126,0.10753726825641594,0.10133276177934097,0.08308456966489935,0.1074641347207844,0.07394800894905695,0.0630183470013941,0.13675883849098638,0.12152737921552555
28,28.0,26.477829247520948,0.10310938778642534,0.10208895767194157,0.10868744624902338,0.10250117919610123,0.08193122548370552,0.1074056017592298,0.07379730422164027,0.061384974892069746,0.13686497396724884,0.12222894877261414
29,29.0,27.720879968916847,0.10345603619377601,0.10194025643078082,0.10909008262828628,0.10248437846574353,0.08098407869602474,0.1072107106793625,0.07229752382601679,0.060992673645585894,0.13905320379907346,0.12249105563534982
30,30.0,28.95241681848399,0.1021170575408854,0.10245792337532418,0.10902954423922276,0.10187968392779137,0.08111494765577253,0.10719855099814128,0.07203839752784282,0.060782886510636853,0.13999255623392043,0.1233884519904622
31,31.0,30.17127581490958,0.10282814710300552,0.10300939160139755,0.11026385093148862,0.10273642996302385,0.07988144853828251,0.10626843963347471,0.07070113351957605,0.059521671879848394,0.1412096409945893,0.12357984583531335
32,32.0,31.376536153543515,0.10253492562884216,0.10289692610077841,0.11111329573597255,0.10078488980782088,0.08051511067459885,0.10564671288221554,0.0705854131812944,0.05982846071169282,0.14125387593393635,0.1248403893428479
33,33.0,32.567505096778625,0.10272476248530153,0.10331669466374283,0.11173112073002295,0.09917110235964638,0.08014297989632367,0.10594264371465499,0.07023244093356255,0.06026853800121184,0.14085437133585926,0.12561534587967385
34,34.0,33.74370209472243,0.10277432833142072,0.10391677453152624,0.11188514397825002,0.10009385582008305,0.08011581656957373,0.10529822446564406,0.06956193373012239,0.059891822961040786,0.13968022932272386,0.12678187028961505
35,35.0,34.90484237192463,0.10197667245829943,0.10393673813704393,0.1129374853874199,0.09838634701549642,0.0798092701531678,0.105309186404393,0.06976792487142448,0.058610535714978006,0.14021265603849284,0.12905318381928407
36,36.0,36.05082019768737,0.10223063326831695,0.10529211186456669,0.1140114053499701,0.09912486606344498,0.07845074256584804,0.10545040538216958,0.06958090146850222,0.05698535524524728,0.14036025232546262,0.12851332646647143
37,37.0,37.18169203889697,0.1021804630729193,0.10525564282683304,0.11378973293773378,0.09943428389924755,0.07681005326599644,0.10407364804878412,0.07146897481610581,0.05708555089461577,0.1408518095076541,0.12904984073011
38,38.0,38.29765977559663,0.10177197504334372,0.10509515382904758,0.11309300673753549,0.10021710272574597,0.07480693342877397,0.10524738054006552,0.07125397306002983,0.05838051231676625,0.14051300177270148,0.12962096054599012
39,39.0,39.399054140870355,0.10185829677356653,0.10547416900355032,0.11420883344049916,0.1003300275039366,0.07382372176442537,0.10457006867063608,0.07077236239729072,0.059151402107253,0.14031641242656354,0.12949470591227863
40,40.0,40.48631852820801,0.10084392414403771,0.10631212345105556,0.11389887631216528,0.09936555670014457,0.07475491518843581,0.10460432517224448,0.07037067079946813,0.05938545419492819,0.13971505250190977,0.13074910153561042
41,41.0,41.55999329152982,0.10008905691946196,0.10740933619980089,0.11304697574977307,0.09965053655181985,0.07324606597882871,0.10468746114103719,0.07337452234508259,0.0594908657878514,0.1381218929787221,0.13088328634762214
42,42.0,42.62070064560415,0.10049769264024175,0.10714516271543852,0.11237699708773902,0.09945225302577235,0.07324856145290916,0.10670969166007058,0.0740493933754206,0.059331993808202164,0.13914915673645994,0.12803909749774578
43,43.0,43.669130257815,0.09957308947886068,0.10859529067746483,0.11212471746837967,0.09879327282945281,0.0740657448464656,0.10613030620556774,0.07475836004604235,0.059516001905333946,0.13915401199785413,0.1272892045445781
44,44.0,44.70602560622662,0.10053899109590553,0.10761918326242947,0.1119775704793112,0.09851853525044675,0.07326179382869165,0.10716518407161184,0.0748745365428206,0.060513144634686926,0.13936058485668115,0.1261704759774147
45,45.0,45.73217116373481,0.09995633371055523,0.10804686720931156,0.11311852886414973,0.09872433705396041,0.07338034160458981,0.1065534908057763,0.07388857578143283,0.06096541036123294,0.13895534247032493,0.12641077213866608
46,46.0,46.748380453854836,0.09913035990656333,0.10785811253462788,0.11385623711511902,0.09885313357098402,0.07378338572911092,0.10827825113848626,0.0740882763398824,0.06052672033834277,0.13801586059028673,0.12560966273659654
47,47.0,47.755485010424316,0.1004724309945644,0.10836487984231198,0.11342225368005716,0.0982697578147196,0.07440412866353721,0.10914071388944531,0.07339014088367792,0.0600839689629582,0.13693367395175166,0.1255180513169764
48,48.0,48.7543242612326,0.09913832104244649,0.1082301571301346,0.11379765238518283,0.09758338304680889,0.07412842192124781,0.10913732806078794,0.07407636777928567,0.06166375305115271,0.1374065743900074,0.12483804119294552
49,49.0,49.745736344347726,0.0989910136460528,0.10768798737109117,0.11374685189110458,0.09812015761995502,0.07479461227439492,0.10855379220917291,0.07305975360432573,0.06295233294306203,0.13671458692505284,0.12537891151578784
50,50.0,50.730549855707864,0.09836166765063152,0.10907816944515945,0.11269715027106499,0.099855734328023,0.074012355552225,0.10840921328584924,0.0729985992183619,0.06277174242064755,0.1372418217043115,0.12457354612372562
51,51.0,51.70957651737491,0.09737014031685802,0.1088345109410556,0.11560598406924408,0.10011900716522705,0.07274642888708897,0.10639247898748835,0.07342309159282505,0.06233813503649812,0.1371388726346841,0.12603135036903043
52,52.0,52.68360474770151,0.09536130115859826,0.10888033474367645,0.1163846165570801,0.10100486602869581,0.07252311922723181,0.1060593835302012,0.07225317315313932,0.06190910308830169,0.13894219319679382,0.12668190931628132
53,53.0,53.65339410751842,0.09694513623663775,0.10846017555157435,0.1157816814779271,0.10109517752140063,0.07227283794830001,0.10428701850210942,0.0718926893162366,0.06214917808018107,0.13961554598764392,0.12750055937798896
54,54.0,54.61967059027847,0.09770197010146317,0.10728521528432133,0.11701463863681871,0.10292644600498423,0.07289363074499337,0.1026559179164802,0.07019767535411932,0.06227687201708355,0.13975222443848767,0.12729540950124826
55,55.0,55.58312271885972,0.09801115677669596,0.10627337468225084,0.11815534587707503,0.10363535109136576,0.07223006674816673,0.10335765033607282,0.06987335503046414,0.061192585448873064,0.13982891785019547,0.12744219615884
56,56.0,56.544398407394254,0.09842314948892598,0.1057532539837068,0.11778944931466755,0.10228794667282931,0.07162962851186794,0.1040589441796843,0.06952040185969567,0.060895250596873604,0.1406007624717396,0.12904121292000906
57,57.0,57.504102543001395,0.09863691720015395,0.10767458689349343,0.1165165701879974,0.10272598407986695,0.07146572902123513,0.10350286641371825,0.06908720483969771,0.059134452717060866,0.141784653821562,0.12947103482521416
58,58.0,58.462795239617805,0.09726705660089742,0.1076181905391775,0.1171314676904318,0.10349314344073843,0.07137023101835364,0.10425750687528498,0.07000419478378206,0.05799218408939015,0.14316629056336183,0.12769973439858204
59,59.0,59.42099071417639,0.09623643400694146,0.10857894815963773,0.11766992030871301,0.10311924179965283,0.07034745705248521,0.10386569012599219,0.07018141599001965,0.05777246798875713,0.1427584496267607,0.12946997494103993
60,60.0,60.379156734137354,0.09690223409226965,0.10783212257207893,0.11815071201845515,0.10277243411736646,0.07037733259441856,0.10440022600746994,0.07004768898008257,0.05682683874441901,0.1438409902694126,0.128849420604027
61,61.0,61.337714584760846,0.09694769203210186,0.10673398445912793,0.11714650762283794,0.10226292710906905,0.06863439859549905,0.1029934892838233,0.07201317747520804,0.05570516200867127,0.14513892008577564,0.13242374132788576
62,62.0,62.29703950447439,0.09675834420290666,0.10603170333828747,0.11704554070707573,0.10365511054589048,0.06815909596646919,0.10337969389400502,0.07154670388320004,0.05541830986685688,0.1454799505480495,0.1325255470472589
63,63.0,63.257461537171835,0.09710971845178357,0.10630186572159646,0.1175122481814383,0.10381115691160006,0.06835166966116818,0.10244061883427535,0.07017642012898558,0.055655973169090135,0.14631290032561683,0.13232742861444546
64,64.0,64.21926675122782,0.09806187000011644,0.10671073005971116,0.1163139181924765,0.10581136635719705,0.06902035380816304,0.10206328003575024,0.06959160592555937,0.0558633140726533,0.1450994856817249,0.13146407586664793
65,65.0,65.18269877636592,0.09834178691993295,0.10530961258349518,0.11849427514790428,0.10552389351077329,0.07090859020008622,0.10020580717030156,0.06830159736203202,0.05477360310460676,0.1455250212761749,0.13261581272469278
66,66.0,66.14796061122655,0.0977863454769019,0.10538408875353675,0.11907356129286656,0.10486687314718374,0.07182798904710926,0.10062962712202564,0.06779355105526647,0.05440657936301367,0.1452728779635491,0.13295850677854684
67,67.0,67.11521665648885,0.09908916292919492,0.10625592912370592,0.11813520774538627,0.10592719906139482,0.0723755808520144,0.10185094718660033,0.06627072939805836,0.05350819264478401,0.1454738708656804,0.1311131801931805
68,68.0,68.08459493066005,0.09942997024781686,0.10641833538110448,0.12020465411895966,0.10495810598671954,0.07147957561023004,0.10124026654684345,0.06451418932533956,0.05332693932901857,0.14684512546069695,0.1315828379932708
69,69.0,69.05618942810752,0.09960183740742863,0.10708711458832,0.1194715986854274,0.10446381535505875,0.07216434084663434,0.10033193823222643,0.0639583120298511,0.054228253909815796,0.14644150861795824,0.13225128032727923
70,70.0,70.03006258152917,0.10004278899552348,0.10722948821124309,0.11989334743000643,0.10390703673873147,0.07187982645463822,0.10029789334409979,0.06439885783064433,0.055263954962470746,0.14610025738854443,0.1309865486440979
71,71.0,71.00624779379335,0.10083416423971585,0.10563378258067394,0.12280242932265724,0.10405137930713468,0.07152273536134796,0.1002639053640657,0.06376826229604966,0.0558892453181011,0.1463421100252788,0.12889198618497494
72,72.0,71.98475200689319,0.1022810076552734,0.10513592167758351,0.1233817930259905,0.10194224206032769,0.07131948151589144,0.10076575902324876,0.06187278803506298,0.05545184073395777,0.14771122046431565,0.13013794580834814
73,73.0,72.96555827861411,0.10313179229979826,0.10498995556298683,0.12230247810900019,0.1017061601891139,0.07165196175100831,0.10183293856056887,0.06019657567448114,0.05560321444168497,0.1484056787525582,0.13017924465879918
74,74.0,73.94862834037681,0.10404394141271893,0.10476870613114385,0.12251013061896313,0.10144189073775761,0.07165104067202097,0.10238414659924443,0.05825067061603301,0.05485016330899388,0.1487620802826182,0.13133722962050584
75,75.0,74.93390511255946,0.1037425617812055,0.10482857709052532,0.12276572006989736,0.10010370138607604,0.0716606687811566,0.10411782111380799,0.0579126407342813,0.05444106546008441,0.14905943165419397,0.13136781192877134
76,76.0,75.92131515639825,0.10520331915821678,0.10384456592855283,0.1224223164179034,0.10052951261152283,0.07324640792280854,0.10340922459306548,0.05799057750333132,0.053668791791504813,0.1498812215355619,0.12980406253753196
77,77.0,76.91077104428919,0.1050616528949691,0.10416324895591936,0.12151654281256252,0.10223514575448586,0.07375240301143463,0.10322602478602386,0.05726536542827278,0.05354561745866592,0.1489051007291512,0.13032889816851467
78,78.0,77.90217363294813,0.10374871021813958,0.105610782942256,0.123040698445357,0.10010800815796805,0.07264437108863028,0.10409069857704599,0.05591256189199707,0.05482546346645407,0.14883993634837203,0.1311787688637798
79,79.0,78.89541422641172,0.10277862790217732,0.10404546016767648,0.12256874803654752,0.10190637500420789,0.07307614588321058,0.10542535831049271,0.054164886036192954,0.05499422148538651,0.15047131937331057,0.13056885780079736
80,80.0,79.89037661826481,0.10292346535197994,0.10379747931464393,0.12227575019635004,0.10377434825812705,0.07226860761362196,0.10416681922889014,0.05629321747045987,0.055742328018940586,0.1487732347173016,0.12998474982968478
81,81.0,80.88693900474995,0.10106525983865254,0.10330768342096219,0.12310134248351744,0.10352275489877602,0.07074457255949744,0.10460561262584639,0.058187566235827035,0.054481527263528645,0.14930202615840169,0.13168165451499045
82,82.0,81.88497576253909,0.10161799578885342,0.10222829884724197,0.12513541502541214,0.10390174885703746,0.0687565535659852,0.10505119779112565,0.058969609720431554,0.05455327076436412,0.14854313277052644,0.13124277686902186
83,83.0,82.88435908692391,0.10381866911132102,0.10000758307041636,0.12584251805441357,0.10341109276268677,0.06696612616101963,0.10431220067885402,0.05686212074727189,0.055230274358200396,0.1496456215558022,0.13390379350001394
84,84.0,83.88496048800103,0.10401027260072837,0.09972190131299773,0.12660119797023062,0.10269193816207055,0.06611837523956006,0.10550545437995683,0.05699633314125572,0.05441965633683714,0.15062923012338425,0.1333056407329785
85,85.0,84.88665214409042,0.10266848095135533,0.0997931201327332,0.12727126751688,0.10135572862828895,0.06592063081123925,0.104533320605837,0.05851025660480555,0.0540129365380976,0.151055497269108,0.13487876094165485
86,86.0,85.88930811312994,0.10118091406882442,0.1014585587069589,0.1277431531750712,0.10048417594122064,0.06424613836165735,0.10493919923383307,0.06065019947435465,0.05469529921214841,0.1508998946275498,0.1337024671983813
87,87.0,86.89280540413424,0.10147279266342607,0.10105605465123714,0.12880843249498858,0.10006522804108645,0.06394155013491418,0.1056568902703096,0.06075277202536729,0.053839688446757766,0.15034022806211852,0.13406636320979412
88,88.0,87.89702491199675,0.10069733650261276,0.10181896138545607,0.12953151065366042,0.09955379320123137,0.06329174371590239,0.1056526516730352,0.06102020621236094,0.05400082844508972,0.15010034782056922,0.1343326203900816
89,89.0,88.90185221995306,0.10095369850559263,0.10218030666305762,0.128842378215595,0.09868407805382912,0.06293117673069266,0.10690704398809037,0.05952606345986328,0.05466049011672629,0.15101146028036605,0.13430330398618665
90,90.0,89.90717827491419,0.09882273611739638,0.10114003523401417,0.12932667183934932,0.09927996421169628,0.06406060585682502,0.1064386740197557,0.05940214530982366,0.05444149211726922,0.1511883510411838,0.1358993242526861
91,91.0,90.91289994163006,0.0987155402229104,0.10278565104161373,0.13012955476303534,0.0976089727147725,0.06535611672805615,0.1058667833400369,0.05928491516514299,0.05389440778454311,0.15151342660739647,0.13484463163249208
92,92.0,91.91892044225806,0.09594224293702708,0.10260978308444224,0.13071962110710872,0.09974879401790498,0.06700424382424419,0.10554460757150874,0.058519787034531846,0.0523819667172659,0.1530754914571531,0.13445346224881286
93,93.0,92.92514968840067,0.09521037293008672,0.1038661314200888,0.13095751648770707,0.09981648286593892,0.06629842085173002,0.10452129411566158,0.05840526333792727,0.052028104492066775,0.1528953717380126,0.13600104176077993
94,94.0,93.93150451304501,0.0947189176287638,0.1052729806641606,0.13089684102328694,0.10196814044612859,0.06412220136882278,0.10374319552121106,0.05816617348701207,0.051169705764175295,0.15349601539411664,0.13644582870232191
95,95.0,94.93790881009448,0.09381101457740196,0.1063940383318662,0.1327880377725825,0.10127425378568122,0.06384562109650513,0.10470647962319882,0.05776717237727863,0.050657293863620445,0.15295253651405943,0.1358035520578054
96,96.0,95.94429358933806,0.09326698180570671,0.10588623155792778,0.13355533899097954,0.10018967403796993,0.06329926434311578,0.10313058073069813,0.05918066491580057,0.05193728038153129,0.15264046139894533,0.13691352183732466
97,97.0,96.9505969547639,0.09191986442652803,0.10713826083818562,0.1356013761390169,0.10070964121522524,0.06277901096779519,0.10164316388188185,0.05918089875093299,0.05153405314064705,0.15254688065873695,0.1369468499810499
98,98.0,97.9567640140995,0.09077484963436876,0.10718517195702118,0.13495951848075238,0.10007325023348451,0.06370959835835997,0.10087791134532728,0.05902296805517318,0.05397523281816152,0.15392645639695637,0.13549504272039453
99,99.0,98.96274672736057,0.09033821970255049,0.1085015839704637,0.135230687135822,0.09964101865480457,0.06295239604509106,0.10050245390135892,0.059495391671042445,0.0543280188307227,0.15368419231168248,0.13532603777646132
100,100.0,99.96850370202192,0.0881754381949561,0.10957464624943546,0.13514180469760692,0.09736701962488478,0.06270391606498037,0.10341673416853397,0.06142561631903467,0.05469072813418792,0.1540135015791915,0.13349059496718801
101,101.0,100.97399994219691,0.08686228199754903,0.10995969355800125,0.1358658431301282,0.09713990041684062,0.061846378547360636,0.10512512519809125,0.06112039797574736,0.05465347749779546,0.1530858963680306,0.13434100531045529
102,102.0,101.97920655893245,0.08622562780828713,0.10921000958070513,0.13675678813702294,0.09635683356858037,0.0594169583685404,0.10602275474478,0.06042658153886984,0.05587845573133731,0.1534836697278243,0.13622232079405228
103,103.0,102.98410044840509,0.08588378378682107,0.10918933743835983,0.1385017274320724,0.09433964772684718,0.061495074189788876,0.10570713827874649,0.06083354228375895,0.05479571211492343,0.15344877923863728,0.13580525751004413
104,104.0,103.98866394444643,0.0836622070291147,0.1088240913375006,0.1398943179422301,0.09349451637106693,0.06137994958356607,0.10475383579510435,0.06132619158696881,0.0549350393537899,0.1554019088256684,0.13632794217498978
105,105.0,104.99288445143917,0.08545155476634167,0.10794022305435601,0.13884997870664967,0.09307911646177551,0.059412018458050074,0.10331319070608563,0.062268782000798044,0.05422671146180716,0.15752412928600942,0.1379342950981265
106,106.0,105.99675406321822,0.08624677389613084,0.10643974553669439,0.1390686121153602,0.09480652804883441,0.06017292481464526,0.10285166926979586,0.06102829487812632,0.052647175576409425,0.15903737147058708,0.1377009043934159
107,107.0,107.0002691731872,0.08491939588125991,0.10744766246522856,0.13808062082069197,0.09528792794662373,0.060445749514586596,0.10220740652847232,0.06203230076279794,0.05259771178829545,0.15927035395656938,0.1377108703354738
108,108.0,108.0034300804274,0.08558200641304024,0.10560038583290218,0.13789489411922973,0.09608206020762762,0.062464751887923595,0.10087061755595131,0.06129279516204264,0.053399533629960284,0.1581030292997578,0.13870992589156422
109,109.0,109.00624059613932,0.08624543151469723,0.10655486922104332,0.13756627279126105,0.0960609192671133,0.06215857140269047,0.09949291366385586,0.05975628585924145,0.053246443724476414,0.15886163327991995,0.14005665927570055
110,110.0,110.00870765431864,0.08496998146391765,0.10608975071359333,0.1377777693873098,0.09911972489288964,0.062289061971680146,0.09919232682372475,0.06039847082213429,0.05156258038011745,0.15851609159028018,0.14008424195435235
111,111.0,111.01084093013685,0.0855845355294275,0.1076923362501008,0.13726409933925898,0.09971284388309873,0.06318842782112712,0.09780379307059031,0.06126855288369206,0.05032830830039181,0.15730476436601698,0.13985233855629528
112,112.0,112.01265246907188,0.08523228303977742,0.10977371379131692,0.1357996182252741,0.10149159689944566,0.062026513314857604,0.0986773449679673,0.06018797672531162,0.049266878289719505,0.15802577607221546,0.13951829867411403
113,113.0,113.01415632942268,0.08688609547951812,0.10974489225369036,0.13518256447989377,0.10071377172010533,0.06123551313852607,0.10028658117756903,0.062161698406205945,0.048085715795339726,0.1576958609175774,0.1380073066315739
114,114.0,114.01536824044418,0.08537442990328817,0.10994184674816973,0.13454706331380886,0.10159337103539591,0.06364223389795536,0.1003435128547816,0.059642475977354,0.048559994739640296,0.15795035127241136,0.13840472025719439
115,115.0,115.01630527795908,0.08734412026349661,0.10889402921035304,0.1345827484969754,0.10173890746074075,0.06542310754717899,0.09977738837932495,0.059644588055982446,0.04916186283823638,0.1576299458657304,0.1358033018819807
116,116.0,116.0169855589429,0.08607376485271137,0.10993067948578174,0.1374323867888462,0.10131694335326383,0.0640304652681583,0.09946446827239612,0.059039473605221104,0.04882433622891512,0.15699907261746673,0.13688840952723919
117,117.0,117.01742795623892,0.0877072277420651,0.10995154063051937,0.13603464529705023,0.10007344443288563,0.06374933509481025,0.1008859417852502,0.05873903667243627,0.04737731748593049,0.15788002153686298,0.1376014893221892
118,118.0,118.01765183424293,0.09002635086818445,0.10971168949347317,0.13417987123743907,0.10039530154508831,0.06336827387587132,0.10047106149391578,0.05808775740723416,0.046186049582865554,0.15789721941172719,0.13967642508420075
119,119.0,119.01767680610413,0.09396448148164545,0.10952311732253828,0.13432289909902087,0.09997800545225989,0.06261594410318794,0.09786948647682078,0.05658895250232208,0.04715279671268971,0.15802080379343214,0.1399635130560826
120,120.0,120.01752251271817,0.09385888629217322,0.11128628490948919,0.13356807650126806,0.09920355726047203,0.0616813537281864,0.09742882437591406,0.05731200497630733,0.047690913150830724,0.15876852605190256,0.13920157275345618
121,121.0,121.01720842354362,0.09444393159455441,0.11043377782813364,0.13489628074155513,0.09841988653207041,0.06171657098675705,0.09526554684966007,0.057709910887932,0.04782160265596713,0.16032072887504753,0.13897176304832243
122,122.0,122.01675365905109,0.09295316198763422,0.11136034291303655,0.1354945295807336,0.09882736200872089,0.06025123488602485,0.09431418868887406,0.058415380285761424,0.047717684005997824,0.16057611922970183,0.14008999641351455
123,123.0,123.0161768344173,0.09367595065035995,0.11192439004020585,0.1360473387466377,0.09905386436256694,0.0587227140690425,0.09218849190912733,0.05969634064030521,0.046611855237829576,0.16019824889309728,0.14188080545082746
124,124.0,124.01549592390272,0.09204644536362333,0.11053042899273612,0.13641806556713776,0.09958890602100137,0.05851391396009663,0.09424048319579698,0.058721154722632424,0.04663564014907499,0.16022267562434325,0.14308228640355705
125,125.0,125.01472814520056,0.09326078894873244,0.11182100326801382,0.13607444930964444,0.0994440423756144,0.059240766631118505,0.09193655384960477,0.058461867699222805,0.04639877008950959,0.15969170495516238,0.14367005287337675
126,126.0,126.01388986291661,0.09285253952747588,0.11058959956970087,0.13440359875644808,0.09996889918398079,0.06082443364790986,0.09344823344655372,0.05760265434610921,0.04615355877196942,0.1601778036031862,0.1439786791466659
127,127.0,127.0129965102319,0.0943289329278034,0.10684756710226995,0.13373305335312924,0.10099272925352162,0.061858449196619036,0.09426325289200464,0.05548907365015884,0.047286866035130215,0.1610973762765553,0.14410269931280767
128,128.0,128.01206252771334,0.09415734424488681,0.10735648264205845,0.13253205243917893,0.10153080295456095,0.061872371114481475,0.0929846048485019,0.05439566823050873,0.04822349684640648,0.16078130388695677,0.14616587279245943
129,129.0,129.0111013181695,0.0924920750251498,0.10465545114485858,0.13340544719859845,0.1022971006202086,0.061065245860414945,0.09541389641573776,0.05482717021280224,0.04902668189265022,0.16025616514299346,0.14656076648658592
130,130.0,130.01012521639834,0.09183526631369408,0.10616491466976356,0.13377740359654575,0.1008154033615769,0.060538457204966034,0.09454049222522186,0.05496756404342998,0.048623216974166966,0.16066122729852916,0.1480760543121057
131,131.0,131.0091454726403,0.09115462622114019,0.10759010731449806,0.13502047264509975,0.09875887447419283,0.05950452463295836,0.09403698309867334,0.05577559795612559,0.04793813328286357,0.16065176905390613,0.14956891132054217
132,132.0,132.0081722485317,0.08946890792801701,0.1094335485836024,0.13169528015494247,0.10102761707900226,0.059325706184333984,0.09371477625165342,0.05562548197447923,0.046101324552302834,0.1619440611660929,0.1516632961255735
133,133.0,133.00721462434865,0.0902589767226036,0.1093595611058393,0.13001796502277466,0.10045299526420608,0.05856891547255861,0.09545399847720144,0.05699506235699349,0.04642851813043962,0.16039516715073718,0.15206884029664602
134,134.0,134.0062806163404,0.09135313921746202,0.11027598066719929,0.13143834963531908,0.09841179168740732,0.057723721875806856,0.09682443407458306,0.05657679806129081,0.04805711968904097,0.15799217817252614,0.15134648691936442
135,135.0,135.00537720296956,0.08895654347628065,0.11061098559617606,0.13116507734018432,0.0982718880105613,0.0575750362515378,0.09914667965834945,0.05562483096157918,0.048097461906270955,0.15800462610987165,0.15254687068918865
136,136.0,136.00451035890612,0.0878851529325968,0.11016160018826018,0.13232532542995779,0.09762783603093257,0.05778916168219345,0.09920353798396858,0.05437109414411173,0.048473643143668754,0.15963863703422637,0.15252401143008382
137,137.0,137.00368509565993,0.0848336712942663,0.10932825875442505,0.13290421715569914,0.09859966465163598,0.05638467075159247,0.09894688291634357,0.05450167584708612,0.05213299225800806,0.16032389062332233,0.15204407574762105
138,138.0,138.0029055077818,0.08341338457118416,0.1094093456279271,0.1328828671299069,0.09784731182406832,0.056789147603816495,0.1026757506461949,0.05351227697202636,0.053437534379228824,0.1589860418667726,0.15104633937887443
139,139.0,139.00217482361367,0.08250339217768553,0.11163820029643096,0.13489351865307883,0.09751561224106116,0.05480273993842722,0.104853430971141,0.052682289979514234,0.05328544177450797,0.15926148365661796,0.1485638903115352
140,140.0,140.0014954596262,0.08326364401133984,0.11212784935069121,0.13518138211367714,0.09521755399342635,0.05329380835183898,0.10462416150466157,0.05397811019524833,0.053813102570709474,0.15976195970955703,0.14873842819885014
141,141.0,141.00086907744122,0.08306489458759962,0.11126963893353728,0.13312202296541287,0.09475357804330975,0.055237289558185486,0.10565492214328767,0.05523932474797813,0.05327779972685173,0.1602573384986792,0.1481231907951583
142,142.0,142.0002966427003,0.0828963795890703,0.10883490244702983,0.13515904036039594,0.09217069995423759,0.05930730990272076,0.10638226648267184,0.05389174372136219,0.051389750249950794,0.16214989762823886,0.14781800966432193
143,143.0,142.99977848500652,0.0820471960105923,0.10795273713139085,0.1358271264163022,0.09219634124701907,0.06046440954470569,0.10790753212857673,0.05503207977289309,0.049360583351835595,0.16113865597713206,0.14807333841955247
144,144.0,143.99931435823203,0.08195660954099458,0.10726833193611204,0.13770697255512815,0.0923953633250516,0.06075408631947606,0.10761526410650074,0.054277867071621966,0.048385507594903954,0.1594342143453369,0.15020578320487404
145,145.0,144.99890350055264,0.08290027238438169,0.10468582801551575,0.1391328472297784,0.09358754202797132,0.0607886322536833,0.10768062755629224,0.0563927048135492,0.04773679253085765,0.15654257051993703,0.1505521826680334
146,146.0,145.9985446936357,0.0837850914973976,0.10425216427535491,0.13792022597644976,0.09461050529171638,0.06129801577932947,0.1084649118786034,0.056411026825553705,0.047762830367340414,0.1554283567092812,0.1500668713989731
147,147.0,146.99823632047406,0.08279243338755413,0.10530476572616361,0.13734648023526333,0.09306111813823155,0.06236138382971375,0.10859777102751109,0.05927720502333543,0.04718098725961381,0.15420675216242896,0.14987110321018426
148,148.0,147.99797642142389,0.08440668196116885,0.10751251476589072,0.13766870470420461,0.09142601530542588,0.060526055599109965,0.10962361380339938,0.05818409559886057,0.047518319332891495,0.15298350265012525,0.15015049627892316
149,149.0,148.99776274806447,0.08322438308341987,0.10961353469468146,0.13620712604148064,0.09108332182596274,0.05999701847367239,0.10980587161530642,0.06007390417841335,0.049088632983276544,0.15356450609631583,0.14734170100747068
150,150.0,149.99759281456036,0.08146840050920665,0.11080267344471811,0.1369802218039021,0.09030902162571877,0.05813630528750242,0.10965047925010014,0.06005748043553659,0.0508327640153868,0.15713926026705954,0.1446233933608688
151,151.0,150.99746394626104,0.07988077683756169,0.11249569842476695,0.13791018511773653,0.08678030275181398,0.05776616734346354,0.11153749004467485,0.05782095683043085,0.051185263678406125,0.15755763520307353,0.1470655237680719
152,152.0,151.99737332532905,0.07889947801807613,0.11165248512523544,0.13791196064749486,0.08821350430251898,0.05786297013504583,0.11116271817165801,0.05636639381473455,0.0520799177193628,0.15806006216222612,0.14779050990364717
153,153.0,152.99731803323698,0.07700810712237209,0.1120139524669629,0.13856412444140298,0.08874454940454643,0.058133440080530493,0.10983797009574821,0.05552136437768638,0.0518740292140316,0.1602505354778057,0.14805192731891312
154,154.0,153.99729509002177,0.08094243693424338,0.11191151735742821,0.13872759576014773,0.08763359058270635,0.05833344920121639,0.10908424159006155,0.05381030969752154,0.050970132793803066,0.15922576563269217,0.14936096045017952
155,155.0,154.99730149022784,0.08175478729042358,0.11270220658209829,0.1378293488059371,0.08794916344000445,0.056616112511814816,0.10949863630672034,0.0538830990604754,0.04976378966282482,0.16140895818142442,0.1485938981582767
156,156.0,155.99733423551103,0.08311475497655638,0.11176735070721346,0.13915379987447773,0.08777724762992624,0.057244945836064834,0.1093291256601355,0.053693058273081566,0.04887868388454792,0.16058422426013091,0.14845680889786533
157,157.0,156.99739036391077,0.08404680945944538,0.11275946150589512,0.1393570103368128,0.08678123448323329,0.05748642252449644,0.10837260380434505,0.05444164084749062,0.0495578494633704,0.16092202756105964,0.14627494001385113
158,158.0,157.99746697583146,0.08509281224139484,0.1115217092360597,0.14030752432678825,0.08639332468765398,0.05837272964277284,0.10864979084318915,0.05473405180787483,0.05155790420019838,0.16066286792993603,0.14270728508413186
159,159.0,158.99756125680176,0.08493626006109657,0.11325957568010106,0.1397071664630261,0.0881755177513022,0.05857950781980061,0.1072093873277376,0.054902227359767845,0.05088573446580608,0.15878697986319307,0.14355764320816874
160,160.0,159.997670497107,0.0846729831401482,0.11624827792782894,0.14036176815203671,0.08754583105971181,0.05669538107541165,0.10650799627765267,0.056932300899105746,0.04968402852861793,0.15746120154538154,0.1438902313941047
161,161.0,160.99779210841066,0.08336265772173426,0.11603023246784383,0.13946834147407833,0.08781959703004422,0.05706525057102901,0.10864741988258587,0.058080835026190686,0.04897358595895275,0.15582613597843112,0.14472594388910984
162,162.0,161.99792363749984,0.0838558461653864,0.11700963815228077,0.13878060071315595,0.08876965864077065,0.05780669431065575,0.10960819000239148,0.05646051924395325,0.05016176031078744,0.1526735878235795,0.14487350463703874
163,163.0,162.9980627773051,0.08499037473008605,0.11532977745097041,0.13754312033889216,0.08878159341955859,0.057196378603643266,0.11127814574414158,0.056735341392595555,0.04996196748398805,0.1523606529682302,0.14582264786789412
164,164.0,163.9982073753568,0.0854104247054839,0.11535056762995219,0.1360883570331714,0.0892255290287254,0.05830925939138588,0.1099993093440643,0.05621718169787047,0.05127679300607353,0.1510249525579348,0.1470976256053381
165,165.0,164.99835543984977,0.0855634630406593,0.11542329229848854,0.1353938615905705,0.09021958406632148,0.05741425941498267,0.10817248744103315,0.05744334257136735,0.050901973734278495,0.1527350871758507,0.14673264866644775
166,166.0,165.99850514349492,0.08841606267288107,0.1155067740307938,0.13240849779283537,0.09059104233161426,0.05922846715138494,0.10589836833212375,0.0575258754874646,0.05072760212457195,0.15229747672304073,0.14739983335328952
167,167.0,166.99865482534062,0.09011020173776864,0.11549929620596214,0.12892494554723286,0.09105496988726511,0.060398041386614205,0.10366409774107628,0.05870153733002251,0.05241955175253815,0.1522358069119379,0.1469915514995822
168,168.0,167.99880299074837,0.09096011591500258,0.1148542183402368,0.13012131207071345,0.09199027167906546,0.06480514406762322,0.10232268899533348,0.05794138623614316,0.051023048058855436,0.15092773735874587,0.14505407727828049
169,169.0,168.99894830970783,0.09126508986633955,0.11266867226579363,0.1324100122343748,0.08927668298843876,0.06592415326393687,0.10077582969518828,0.05827097284689165,0.051618552029225176,0.15267170744155503,0.1451183273682562
170,170.0,169.99908961367427,0.09273421234335856,0.11094131026160008,0.13209097496259617,0.08769769111719794,0.06530593807825771,0.10046841207366874,0.05946572164043479,0.05368447054463943,0.15296335328024077,0.14464791569800578
171,171.0,170.99922589110733,0.09434379436169517,0.10991522896126174,0.13453372388692128,0.09006199615122888,0.06577288719104638,0.09676765314283368,0.058761555283428905,0.053260864605529507,0.15188668910019393,0.14469560731586045
172,172.0,171.99935628188598,0.0947864199991593,0.10973377952823073,0.1336350004216561,0.09044422845063885,0.06580928206039033,0.0998217122824268,0.05650835772564555,0.05187020927467372,0.15389192733612053,0.14349908292105804
173,173.0,172.99948007076793,0.09622383983438221,0.10956564583166999,0.1331446858676102,0.09249546202239727,0.06563819003402047,0.09818727486576434,0.05762956239267544,0.05044870594015079,0.15372942655434516,0.14293720665698412
174,174.0,173.99959668005403,0.0996933250858061,0.10819814238231983,0.13225643453466535,0.09482407072184043,0.06625551960844904,0.09497725212534319,0.056704907781784296,0.04913012328753645,0.15402838034522537,0.14393184412702992
175,175.0,174.99970566161096,0.10245699306345787,0.1069653689816849,0.13089237977791057,0.0952705105818145,0.06553504388329534,0.09743947893971155,0.0553560722039232,0.048064907551752,0.1550586623544673,0.14296058266198275
