,Unnamed: 0,Total_iterations,Intertwine_two,Add_vertex,Delete_vertex,Invert_path_vertices,Insert_inside_vertex,Delete_inside_vertex
0,0.0,0.0,0.16666666666666669,0.16666666666666669,0.16666666666666669,0.16666666666666669,0.16666666666666669,0.16666666666666669
1,1.0,0.10900000000000001,0.16666666666666669,0.16666666666666669,0.16666666666666669,0.16666666666666669,0.16666666666666669,0.16666666666666669
2,2.0,0.31601,0.16666666666666669,0.16666666666666669,0.16666666666666669,0.16666666666666669,0.16666666666666669,0.16666666666666669
3,3.0,0.6191589000000001,0.16666666666666669,0.16666666666666669,0.16666666666666669,0.16666666666666669,0.16666666666666669,0.16666666666666669
4,4.0,1.015801321,0.16666666666666669,0.16666666666666669,0.16666666666666669,0.16666666666666669,0.16666666666666669,0.16666666666666669
5,5.0,1.50262148669,0.16666666666666669,0.16666666666666669,0.16666666666666669,0.16666666666666669,0.16666666666666669,0.16666666666666669
6,6.0,2.0757334209441005,0.16666666666666669,0.16666666666666669,0.16666666666666669,0.16666666666666669,0.16666666666666669,0.16666666666666669
7,7.0,2.7307768275633495,0.16666666666666669,0.16666666666666669,0.16666666666666669,0.16666666666666669,0.16666666666666669,0.16666666666666669
8,8.0,3.4630081252450404,0.16666666666666669,0.16666666666666669,0.16666666666666669,0.16666666666666669,0.16666666666666669,0.16666666666666669
9,9.0,4.2673862119061114,0.16666666666666669,0.16666666666666669,0.16666666666666669,0.16666666666666669,0.16666666666666669,0.16666666666666669
10,10.0,5.138652627782014,0.16666666666666669,0.16666666666666669,0.16666666666666669,0.16666666666666669,0.16666666666666669,0.16666666666666669
11,11.0,6.071405875792507,0.16666666666666669,0.16666666666666669,0.16666666666666669,0.16666666666666669,0.16666666666666669,0.16666666666666669
12,12.0,7.060169740244025,0.16666666666666669,0.16666666666666669,0.16666666666666669,0.16666666666666669,0.16666666666666669,0.16666666666666669
13,13.0,8.099455520847952,0.16666666666666669,0.16666666666666669,0.16666666666666669,0.16666666666666669,0.16666666666666669,0.16666666666666669
14,14.0,9.183818168183006,0.16666666666666669,0.16666666666666669,0.16666666666666669,0.16666666666666669,0.16666666666666669,0.16666666666666669
15,15.0,10.307906369102724,0.16666666666666669,0.16666666666666669,0.16666666666666669,0.16666666666666669,0.16666666666666669,0.16666666666666669
16,16.0,11.466506686239443,0.16666666666666669,0.16666666666666669,0.16666666666666669,0.16666666666666669,0.16666666666666669,0.16666666666666669
17,17.0,12.654581904800096,0.16666666666666669,0.16666666666666669,0.16666666666666669,0.16666666666666669,0.16666666666666669,0.16666666666666669
18,18.0,13.867303782456686,0.16666666666666669,0.16666666666666669,0.16666666666666669,0.16666666666666669,0.16666666666666669,0.16666666666666669
19,19.0,15.100080434523047,0.16666666666666669,0.16666666666666669,0.16666666666666669,0.16666666666666669,0.16666666666666669,0.16666666666666669
20,20.0,16.348578617037543,0.16666666666666669,0.16666666666666669,0.16666666666666669,0.16666666666666669,0.16666666666666669,0.16666666666666669
21,21.0,17.608741195130214,0.16666666666666669,0.16666666666666669,0.16666666666666669,0.16666666666666669,0.16666666666666669,0.16666666666666669
22,22.0,18.876800103462312,0.16666666666666669,0.16666666666666669,0.16666666666666669,0.16666666666666669,0.16666666666666669,0.16666666666666669
23,23.0,20.14928511992658,0.16666666666666669,0.16666666666666669,0.16666666666666669,0.16666666666666669,0.16666666666666669,0.16666666666666669
24,24.0,21.423028783545156,0.16666666666666669,0.16666666666666669,0.16666666666666669,0.16666666666666669,0.16666666666666669,0.16666666666666669
25,25.0,22.695167792966423,0.16666666666666669,0.16666666666666669,0.16666666666666669,0.16666666666666669,0.16666666666666669,0.16666666666666669
26,26.0,23.963141223515898,0.16666666666666669,0.16666666666666669,0.16666666666666669,0.16666666666666669,0.16666666666666669,0.16666666666666669
27,27.0,25.224685898775267,0.16666666666666669,0.16666666666666669,0.16666666666666669,0.16666666666666669,0.16666666666666669,0.16666666666666669
28,28.0,26.477829247520948,0.16666666666666669,0.16666666666666669,0.16666666666666669,0.16666666666666669,0.16666666666666669,0.16666666666666669
29,29.0,27.720879968916847,0.16666666666666669,0.16666666666666669,0.16666666666666669,0.16666666666666669,0.16666666666666669,0.16666666666666669
30,30.0,28.95241681848399,0.16666666666666669,0.16666666666666669,0.16666666666666669,0.16666666666666669,0.16666666666666669,0.16666666666666669
31,31.0,30.17127581490958,0.16666666666666669,0.16666666666666669,0.16666666666666669,0.16666666666666669,0.16666666666666669,0.16666666666666669
32,32.0,31.376536153543515,0.16666666666666669,0.16666666666666669,0.16666666666666669,0.16666666666666669,0.16666666666666669,0.16666666666666669
33,33.0,32.567505096778625,0.16666666666666669,0.16666666666666669,0.16666666666666669,0.16666666666666669,0.16666666666666669,0.16666666666666669
34,34.0,33.74370209472243,0.16666666666666669,0.16666666666666669,0.16666666666666669,0.16666666666666669,0.16666666666666669,0.16666666666666669
35,35.0,34.90484237192463,0.16666666666666669,0.16666666666666669,0.16666666666666669,0.16666666666666669,0.16666666666666669,0.16666666666666669
36,36.0,36.05082019768737,0.16666666666666669,0.16666666666666669,0.16666666666666669,0.16666666666666669,0.16666666666666669,0.16666666666666669
37,37.0,37.18169203889697,0.16666666666666669,0.16666666666666669,0.16666666666666669,0.16666666666666669,0.16666666666666669,0.16666666666666669
38,38.0,38.29765977559663,0.16666666666666669,0.16666666666666669,0.16666666666666669,0.16666666666666669,0.16666666666666669,0.16666666666666669
39,39.0,39.399054140870355,0.16666666666666669,0.16666666666666669,0.16666666666666669,0.16666666666666669,0.16666666666666669,0.16666666666666669
40,40.0,40.48631852820801,0.16666666666666669,0.16666666666666669,0.16666666666666669,0.16666666666666669,0.16666666666666669,0.16666666666666669
41,41.0,41.55999329152982,0.16666666666666669,0.16666666666666669,0.16666666666666669,0.16666666666666669,0.16666666666666669,0.16666666666666669
42,42.0,42.62070064560415,0.16666666666666669,0.16666666666666669,0.16666666666666669,0.16666666666666669,0.16666666666666669,0.16666666666666669
43,43.0,43.669130257815,0.16666666666666669,0.16666666666666669,0.16666666666666669,0.16666666666666669,0.16666666666666669,0.16666666666666669
44,44.0,44.70602560622662,0.16666666666666669,0.16666666666666669,0.16666666666666669,0.16666666666666669,0.16666666666666669,0.16666666666666669
45,45.0,45.73217116373481,0.16666666666666669,0.16666666666666669,0.16666666666666669,0.16666666666666669,0.16666666666666669,0.16666666666666669
46,46.0,46.748380453854836,0.16666666666666669,0.16666666666666669,0.16666666666666669,0.16666666666666669,0.16666666666666669,0.16666666666666669
47,47.0,47.755485010424316,0.16666666666666669,0.16666666666666669,0.16666666666666669,0.16666666666666669,0.16666666666666669,0.16666666666666669
48,48.0,48.7543242612326,0.16666666666666669,0.16666666666666669,0.16666666666666669,0.16666666666666669,0.16666666666666669,0.16666666666666669
49,49.0,49.745736344347726,0.16666666666666669,0.16666666666666669,0.16666666666666669,0.16666666666666669,0.16666666666666669,0.16666666666666669
50,50.0,50.730549855707864,0.16666666666666669,0.16666666666666669,0.16666666666666669,0.16666666666666669,0.16666666666666669,0.16666666666666669
51,51.0,51.70957651737491,0.16666666666666669,0.16666666666666669,0.16666666666666669,0.16666666666666669,0.16666666666666669,0.16666666666666669
52,52.0,52.68360474770151,0.16666666666666669,0.16666666666666669,0.16666666666666669,0.16666666666666669,0.16666666666666669,0.16666666666666669
53,53.0,53.65339410751842,0.16666666666666669,0.16666666666666669,0.16666666666666669,0.16666666666666669,0.16666666666666669,0.16666666666666669
54,54.0,54.61967059027847,0.16666666666666669,0.16666666666666669,0.16666666666666669,0.16666666666666669,0.16666666666666669,0.16666666666666669
55,55.0,55.58312271885972,0.16666666666666669,0.16666666666666669,0.16666666666666669,0.16666666666666669,0.16666666666666669,0.16666666666666669
56,56.0,56.544398407394254,0.16666666666666669,0.16666666666666669,0.16666666666666669,0.16666666666666669,0.16666666666666669,0.16666666666666669
57,57.0,57.504102543001395,0.16666666666666669,0.16666666666666669,0.16666666666666669,0.16666666666666669,0.16666666666666669,0.16666666666666669
58,58.0,58.462795239617805,0.16666666666666669,0.16666666666666669,0.16666666666666669,0.16666666666666669,0.16666666666666669,0.16666666666666669
59,59.0,59.42099071417639,0.16666666666666669,0.16666666666666669,0.16666666666666669,0.16666666666666669,0.16666666666666669,0.16666666666666669
60,60.0,60.379156734137354,0.16666666666666669,0.16666666666666669,0.16666666666666669,0.16666666666666669,0.16666666666666669,0.16666666666666669
61,61.0,61.337714584760846,0.16666666666666669,0.16666666666666669,0.16666666666666669,0.16666666666666669,0.16666666666666669,0.16666666666666669
62,62.0,62.29703950447439,0.16666666666666669,0.16666666666666669,0.16666666666666669,0.16666666666666669,0.16666666666666669,0.16666666666666669
63,63.0,63.257461537171835,0.16666666666666669,0.16666666666666669,0.16666666666666669,0.16666666666666669,0.16666666666666669,0.16666666666666669
64,64.0,64.21926675122782,0.16666666666666669,0.16666666666666669,0.16666666666666669,0.16666666666666669,0.16666666666666669,0.16666666666666669
65,65.0,65.18269877636592,0.16666666666666669,0.16666666666666669,0.16666666666666669,0.16666666666666669,0.16666666666666669,0.16666666666666669
66,66.0,66.14796061122655,0.16666666666666669,0.16666666666666669,0.16666666666666669,0.16666666666666669,0.16666666666666669,0.16666666666666669
67,67.0,67.11521665648885,0.16666666666666669,0.16666666666666669,0.16666666666666669,0.16666666666666669,0.16666666666666669,0.16666666666666669
68,68.0,68.08459493066005,0.16666666666666669,0.16666666666666669,0.16666666666666669,0.16666666666666669,0.16666666666666669,0.16666666666666669
69,69.0,69.05618942810752,0.16666666666666669,0.16666666666666669,0.16666666666666669,0.16666666666666669,0.16666666666666669,0.16666666666666669
70,70.0,70.03006258152917,0.16666666666666669,0.16666666666666669,0.16666666666666669,0.16666666666666669,0.16666666666666669,0.16666666666666669
71,71.0,71.00624779379335,0.16666666666666669,0.16666666666666669,0.16666666666666669,0.16666666666666669,0.16666666666666669,0.16666666666666669
72,72.0,71.99475200689318,0.16666666666666669,0.16666666666666669,0.16666666666666669,0.16666666666666669,0.16666666666666669,0.16666666666666669
73,73.0,72.99545827861411,0.16666666666666669,0.16666666666666669,0.16666666666666669,0.16666666666666669,0.16666666666666669,0.16666666666666669
74,74.0,73.9981393403768,0.16666666666666669,0.16666666666666669,0.16666666666666669,0.16666666666666669,0.16666666666666669,0.16666666666666669
75,75.0,75.00257090255944,0.16666666666666669,0.16666666666666669,0.16666666666666669,0.16666666666666669,0.16666666666666669,0.16666666666666669
76,76.0,76.00853359949824,0.16666666666666669,0.16666666666666669,0.16666666666666669,0.16666666666666669,0.16666666666666669,0.16666666666666669
77,77.0,77.01581469074817,0.16666666666666669,0.16666666666666669,0.16666666666666669,0.16666666666666669,0.16666666666666669,0.16666666666666669
78,78.0,78.02420952596563,0.16666666666666669,0.16666666666666669,0.16666666666666669,0.16666666666666669,0.16666666666666669,0.16666666666666669
79,79.0,79.04352278240168,0.16666666666666669,0.16666666666666669,0.16666666666666669,0.16666666666666669,0.16666666666666669,0.16666666666666669
80,80.0,80.06346948537012,0.16666666666666669,0.16666666666666669,0.16666666666666669,0.16666666666666669,0.16666666666666669,0.16666666666666669
81,81.0,81.083786823188,0.16666666666666669,0.16666666666666669,0.16666666666666669,0.16666666666666669,0.16666666666666669,0.16666666666666669
82,82.0,82.11423455899222,0.16666666666666669,0.16666666666666669,0.16666666666666669,0.16666666666666669,0.16666666666666669,0.16666666666666669
83,83.0,83.1444951756261,0.16666666666666669,0.16666666666666669,0.16666666666666669,0.16666666666666669,0.16666666666666669,0.16666666666666669
84,84.0,84.17428477884033,0.16666666666666669,0.16666666666666669,0.16666666666666669,0.16666666666666669,0.16666666666666669,0.16666666666666669
85,85.0,85.20335257394474,0.16666666666666669,0.16666666666666669,0.16666666666666669,0.16666666666666669,0.16666666666666669,0.16666666666666669
86,86.0,86.24148006379926,0.16666666666666669,0.16666666666666669,0.16666666666666669,0.16666666666666669,0.16666666666666669,0.16666666666666669
87,87.0,87.27838000403032,0.16666666666666669,0.16666666666666669,0.16666666666666669,0.16666666666666669,0.16666666666666669,0.16666666666666669
88,88.0,88.323806150198,0.16666666666666669,0.16666666666666669,0.16666666666666669,0.16666666666666669,0.16666666666666669,0.16666666666666669
89,89.0,89.36745162024691,0.16666666666666669,0.16666666666666669,0.16666666666666669,0.16666666666666669,0.16666666666666669,0.16666666666666669
90,90.0,90.40905802708846,0.16666666666666669,0.16666666666666669,0.16666666666666669,0.16666666666666669,0.16666666666666669,0.16666666666666669
91,91.0,91.45841321297497,0.16666666666666669,0.16666666666666669,0.16666666666666669,0.16666666666666669,0.16666666666666669,0.16666666666666669
92,92.0,92.50524874814307,0.16666666666666669,0.16666666666666669,0.16666666666666669,0.16666666666666669,0.16666666666666669,0.16666666666666669
93,93.0,93.54934824231296,0.16666666666666669,0.16666666666666669,0.16666666666666669,0.16666666666666669,0.16666666666666669,0.16666666666666669
94,94.0,94.60054430464271,0.16666666666666669,0.16666666666666669,0.16666666666666669,0.16666666666666669,0.16666666666666669,0.16666666666666669
95,95.0,95.64861531769307,0.16666666666666669,0.16666666666666669,0.16666666666666669,0.16666666666666669,0.16666666666666669,0.16666666666666669
96,96.0,96.69339307626146,0.16666666666666669,0.16666666666666669,0.16666666666666669,0.16666666666666669,0.16666666666666669,0.16666666666666669
97,97.0,97.73475912821038,0.16666666666666669,0.16666666666666669,0.16666666666666669,0.16666666666666669,0.16666666666666669,0.16666666666666669
98,98.0,98.77264098368231,0.16666666666666669,0.16666666666666669,0.16666666666666669,0.16666666666666669,0.16666666666666669,0.16666666666666669
99,99.0,99.80700824377024,0.16666666666666669,0.16666666666666669,0.16666666666666669,0.16666666666666669,0.16666666666666669,0.16666666666666669
100,100.0,100.83786869541166,0.16666666666666669,0.16666666666666669,0.16666666666666669,0.16666666666666669,0.16666666666666669,0.16666666666666669
101,101.0,101.86526441493481,0.16666666666666669,0.16666666666666669,0.16666666666666669,0.16666666666666669,0.16666666666666669,0.16666666666666669
102,102.0,102.88926791835632,0.16666666666666669,0.16666666666666669,0.16666666666666669,0.16666666666666669,0.16666666666666669,0.16666666666666669
103,103.0,103.90997839225211,0.16666666666666669,0.16666666666666669,0.16666666666666669,0.16666666666666669,0.16666666666666669,0.16666666666666669
104,104.0,104.92751803483581,0.16666666666666669,0.16666666666666669,0.16666666666666669,0.16666666666666669,0.16666666666666669,0.16666666666666669
105,105.0,105.94202853281277,0.16666666666666669,0.16666666666666669,0.16666666666666669,0.16666666666666669,0.16666666666666669,0.16666666666666669
106,106.0,106.95366769566391,0.16666666666666669,0.16666666666666669,0.16666666666666669,0.16666666666666669,0.16666666666666669,0.16666666666666669
107,107.0,107.9626062652733,0.16666666666666669,0.16666666666666669,0.16666666666666669,0.16666666666666669,0.16666666666666669,0.16666666666666669
108,108.0,108.969024915269,0.16666666666666669,0.16666666666666669,0.16666666666666669,0.16666666666666669,0.16666666666666669,0.16666666666666669
109,109.0,109.97311145111246,0.16666666666666669,0.16666666666666669,0.16666666666666669,0.16666666666666669,0.16666666666666669,0.16666666666666669
110,110.0,110.97505821886044,0.16666666666666669,0.16666666666666669,0.16666666666666669,0.16666666666666669,0.16666666666666669,0.16666666666666669
111,111.0,111.97505972764503,0.16666666666666669,0.16666666666666669,0.16666666666666669,0.16666666666666669,0.16666666666666669,0.16666666666666669
112,112.0,112.9733104882747,0.16666666666666669,0.16666666666666669,0.16666666666666669,0.16666666666666669,0.16666666666666669,0.16666666666666669
113,113.0,113.97000306795866,0.16666666666666669,0.16666666666666669,0.16666666666666669,0.16666666666666669,0.16666666666666669,0.16666666666666669
114,114.0,114.96532635899463,0.16666666666666669,0.16666666666666669,0.16666666666666669,0.16666666666666669,0.16666666666666669,0.16666666666666669
115,115.0,115.95946405733706,0.16666666666666669,0.16666666666666669,0.16666666666666669,0.16666666666666669,0.16666666666666669,0.16666666666666669
116,116.0,116.95259334527188,0.16666666666666669,0.16666666666666669,0.16666666666666669,0.16666666666666669,0.16666666666666669,0.16666666666666669
117,117.0,117.9448837709605,0.16666666666666669,0.16666666666666669,0.16666666666666669,0.16666666666666669,0.16666666666666669,0.16666666666666669
118,118.0,118.93649631637065,0.16666666666666669,0.16666666666666669,0.16666666666666669,0.16666666666666669,0.16666666666666669,0.16666666666666669
119,119.0,119.92758264407608,0.16666666666666669,0.16666666666666669,0.16666666666666669,0.16666666666666669,0.16666666666666669,0.16666666666666669
120,120.0,120.91828451257021,0.16666666666666669,0.16666666666666669,0.16666666666666669,0.16666666666666669,0.16666666666666669,0.16666666666666669
121,121.0,121.90873334908923,0.16666666666666669,0.16666666666666669,0.16666666666666669,0.16666666666666669,0.16666666666666669,0.16666666666666669
122,122.0,122.89904996846545,0.16666666666666669,0.16666666666666669,0.16666666666666669,0.16666666666666669,0.16666666666666669,0.16666666666666669
123,123.0,123.88934442621938,0.16666666666666669,0.16666666666666669,0.16666666666666669,0.16666666666666669,0.16666666666666669,0.16666666666666669
124,124.0,124.87971599393575,0.16666666666666669,0.16666666666666669,0.16666666666666669,0.16666666666666669,0.16666666666666669,0.16666666666666669
125,125.0,125.8702532449411,0.16666666666666669,0.16666666666666669,0.16666666666666669,0.16666666666666669,0.16666666666666669,0.16666666666666669
126,126.0,126.86103423839651,0.16666666666666669,0.16666666666666669,0.16666666666666669,0.16666666666666669,0.16666666666666669,0.16666666666666669
127,127.0,127.85212679012243,0.16666666666666669,0.16666666666666669,0.16666666666666669,0.16666666666666669,0.16666666666666669,0.16666666666666669
128,128.0,128.84358881877452,0.16666666666666669,0.16666666666666669,0.16666666666666669,0.16666666666666669,0.16666666666666669,0.16666666666666669
129,129.0,129.83546875637367,0.16666666666666669,0.16666666666666669,0.16666666666666669,0.16666666666666669,0.16666666666666669,0.16666666666666669
130,130.0,130.82780601264915,0.16666666666666669,0.16666666666666669,0.16666666666666669,0.16666666666666669,0.16666666666666669,0.16666666666666669
131,131.0,131.82063148317062,0.16666666666666669,0.16666666666666669,0.16666666666666669,0.16666666666666669,0.16666666666666669,0.16666666666666669
132,132.0,132.8139680918082,0.16666666666666669,0.16666666666666669,0.16666666666666669,0.16666666666666669,0.16666666666666669,0.16666666666666669
133,133.0,133.80783135866395,0.16666666666666669,0.16666666666666669,0.16666666666666669,0.16666666666666669,0.16666666666666669,0.16666666666666669
134,134.0,134.80222998524746,0.16666666666666669,0.16666666666666669,0.16666666666666669,0.16666666666666669,0.16666666666666669,0.16666666666666669
135,135.0,135.7971664493202,0.16666666666666669,0.16666666666666669,0.16666666666666669,0.16666666666666669,0.16666666666666669,0.16666666666666669
136,136.0,136.79263760249245,0.16666666666666669,0.16666666666666669,0.16666666666666669,0.16666666666666669,0.16666666666666669,0.16666666666666669
137,137.0,137.78863526432255,0.16666666666666669,0.16666666666666669,0.16666666666666669,0.16666666666666669,0.16666666666666669,0.16666666666666669
138,138.0,138.7851468073264,0.16666666666666669,0.16666666666666669,0.16666666666666669,0.16666666666666669,0.16666666666666669,0.16666666666666669
139,139.0,139.78215572795662,0.16666666666666669,0.16666666666666669,0.16666666666666669,0.16666666666666669,0.16666666666666669,0.16666666666666669
140,140.0,140.77964219924425,0.16666666666666669,0.16666666666666669,0.16666666666666669,0.16666666666666669,0.16666666666666669,0.16666666666666669
141,141.0,141.77758360141067,0.16666666666666669,0.16666666666666669,0.16666666666666669,0.16666666666666669,0.16666666666666669,0.16666666666666669
142,142.0,142.77595502734633,0.16666666666666669,0.16666666666666669,0.16666666666666669,0.16666666666666669,0.16666666666666669,0.16666666666666669
143,143.0,143.77472976041497,0.16666666666666669,0.16666666666666669,0.16666666666666669,0.16666666666666669,0.16666666666666669,0.16666666666666669
144,144.0,144.7738797225726,0.16666666666666669,0.16666666666666669,0.16666666666666669,0.16666666666666669,0.16666666666666669,0.16666666666666669
145,145.0,145.77337589128874,0.16666666666666669,0.16666666666666669,0.16666666666666669,0.16666666666666669,0.16666666666666669,0.16666666666666669
146,146.0,146.77318868422037,0.16666666666666669,0.16666666666666669,0.16666666666666669,0.16666666666666669,0.16666666666666669,0.16666666666666669
147,147.0,147.77328831101664,0.16666666666666669,0.16666666666666669,0.16666666666666669,0.16666666666666669,0.16666666666666669,0.16666666666666669
148,148.0,148.77364509202312,0.16666666666666669,0.16666666666666669,0.16666666666666669,0.16666666666666669,0.16666666666666669,0.16666666666666669
149,149.0,149.7742297440087,0.16666666666666669,0.16666666666666669,0.16666666666666669,0.16666666666666669,0.16666666666666669,0.16666666666666669
150,150.0,150.77501363335566,0.16666666666666669,0.16666666666666669,0.16666666666666669,0.16666666666666669,0.16666666666666669,0.16666666666666669
151,151.0,151.77596899743435,0.16666666666666669,0.16666666666666669,0.16666666666666669,0.16666666666666669,0.16666666666666669,0.16666666666666669
152,152.0,152.77706913513083,0.16666666666666669,0.16666666666666669,0.16666666666666669,0.16666666666666669,0.16666666666666669,0.16666666666666669
153,153.0,153.77828856770634,0.16666666666666669,0.16666666666666669,0.16666666666666669,0.16666666666666669,0.16666666666666669,0.16666666666666669
154,154.0,154.77960317134725,0.16666666666666669,0.16666666666666669,0.16666666666666669,0.16666666666666669,0.16666666666666669,0.16666666666666669
155,155.0,155.7809902829106,0.16666666666666669,0.16666666666666669,0.16666666666666669,0.16666666666666669,0.16666666666666669,0.16666666666666669
156,156.0,156.78242878048852,0.16666666666666669,0.16666666666666669,0.16666666666666669,0.16666666666666669,0.16666666666666669,0.16666666666666669
157,157.0,157.79389914050373,0.16666666666666669,0.16666666666666669,0.16666666666666669,0.16666666666666669,0.16666666666666669,0.16666666666666669
158,158.0,158.8052834731124,0.16666666666666669,0.16666666666666669,0.16666666666666669,0.16666666666666669,0.16666666666666669,0.16666666666666669
159,159.0,159.8164765377291,0.16666666666666669,0.16666666666666669,0.16666666666666669,0.16666666666666669,0.16666666666666669,0.16666666666666669
160,160.0,160.82738553050683,0.16666666666666669,0.16666666666666669,0.16666666666666669,0.16666666666666669,0.16666666666666669,0.16666666666666669
161,161.0,161.8379297687017,0.16666666666666669,0.16666666666666669,0.16666666666666669,0.16666666666666669,0.16666666666666669,0.16666666666666669
162,162.0,162.84804028539008,0.16666666666666669,0.16666666666666669,0.16666666666666669,0.16666666666666669,0.16666666666666669,0.16666666666666669
163,163.0,163.85765934755574,0.16666666666666669,0.16666666666666669,0.16666666666666669,0.16666666666666669,0.16666666666666669,0.16666666666666669
164,164.0,164.86673991002925,0.16666666666666669,0.16666666666666669,0.16666666666666669,0.16666666666666669,0.16666666666666669,0.16666666666666669
165,165.0,165.87524501715512,0.16666666666666669,0.16666666666666669,0.16666666666666669,0.16666666666666669,0.16666666666666669,0.16666666666666669
166,166.0,166.88314716339684,0.16666666666666669,0.16666666666666669,0.16666666666666669,0.16666666666666669,0.16666666666666669,0.16666666666666669
167,167.0,167.89042762338045,0.16666666666666669,0.16666666666666669,0.16666666666666669,0.16666666666666669,0.16666666666666669,0.16666666666666669
168,168.0,168.9070757611319,0.16666666666666669,0.16666666666666669,0.16666666666666669,0.16666666666666669,0.16666666666666669,0.16666666666666669
169,169.0,169.92298832749688,0.16666666666666669,0.16666666666666669,0.16666666666666669,0.16666666666666669,0.16666666666666669,0.16666666666666669
170,170.0,170.94807975395037,0.16666666666666669,0.16666666666666669,0.16666666666666669,0.16666666666666669,0.16666666666666669,0.16666666666666669
171,171.0,171.98218124021903,0.16666666666666669,0.16666666666666669,0.16666666666666669,0.16666666666666669,0.16666666666666669,0.16666666666666669
172,172.0,173.01505076545862,0.16666666666666669,0.16666666666666669,0.16666666666666669,0.16666666666666669,0.16666666666666669,0.16666666666666669
173,173.0,174.04648283051966,0.16666666666666669,0.16666666666666669,0.16666666666666669,0.16666666666666669,0.16666666666666669,0.16666666666666669
174,174.0,175.07630686076942,0.16666666666666669,0.16666666666666669,0.16666666666666669,0.16666666666666669,0.16666666666666669,0.16666666666666669
175,175.0,176.1043854193865,0.16666666666666669,0.16666666666666669,0.16666666666666669,0.16666666666666669,0.16666666666666669,0.16666666666666669
176,176.0,177.130612267948,0.16666666666666669,0.16666666666666669,0.16666666666666669,0.16666666666666669,0.16666666666666669,0.16666666666666669
177,177.0,178.15491030897388,0.16666666666666669,0.16666666666666669,0.16666666666666669,0.16666666666666669,0.16666666666666669,0.16666666666666669
178,178.0,179.17722944280743,0.16666666666666669,0.16666666666666669,0.16666666666666669,0.16666666666666669,0.16666666666666669,0.16666666666666669
179,179.0,180.19754436882957,0.16666666666666669,0.16666666666666669,0.16666666666666669,0.16666666666666669,0.16666666666666669,0.16666666666666669
180,180.0,181.2158523585612,0.16666666666666669,0.16666666666666669,0.16666666666666669,0.16666666666666669,0.16666666666666669,0.16666666666666669
181,181.0,182.23217102573403,0.16666666666666669,0.16666666666666669,0.16666666666666669,0.16666666666666669,0.16666666666666669,0.16666666666666669
182,182.0,183.24653611593223,0.16666666666666669,0.16666666666666669,0.16666666666666669,0.16666666666666669,0.16666666666666669,0.16666666666666669
183,183.0,184.25899933595127,0.16666666666666669,0.16666666666666669,0.16666666666666669,0.16666666666666669,0.16666666666666669,0.16666666666666669
184,184.0,185.26962624060894,0.16666666666666669,0.16666666666666669,0.16666666666666669,0.16666666666666669,0.16666666666666669,0.16666666666666669
185,185.0,186.27849419239473,0.16666666666666669,0.16666666666666669,0.16666666666666669,0.16666666666666669,0.16666666666666669,0.16666666666666669
186,186.0,187.285690407078,0.16666666666666669,0.16666666666666669,0.16666666666666669,0.16666666666666669,0.16666666666666669,0.16666666666666669
187,187.0,188.29131009622216,0.16666666666666669,0.16666666666666669,0.16666666666666669,0.16666666666666669,0.16666666666666669,0.16666666666666669
188,188.0,189.29545471548968,0.16666666666666669,0.16666666666666669,0.16666666666666669,0.16666666666666669,0.16666666666666669,0.16666666666666669
189,189.0,190.29823032567558,0.16666666666666669,0.16666666666666669,0.16666666666666669,0.16666666666666669,0.16666666666666669,0.16666666666666669
190,190.0,191.29974607158613,0.16666666666666669,0.16666666666666669,0.16666666666666669,0.16666666666666669,0.16666666666666669,0.16666666666666669
191,191.0,192.30011278218976,0.16666666666666669,0.16666666666666669,0.16666666666666669,0.16666666666666669,0.16666666666666669,0.16666666666666669
192,192.0,193.30944169391114,0.16666666666666669,0.16666666666666669,0.16666666666666669,0.16666666666666669,0.16666666666666669,0.16666666666666669
193,193.0,194.31774329752128,0.16666666666666669,0.16666666666666669,0.16666666666666669,0.16666666666666669,0.16666666666666669,0.16666666666666669
194,194.0,195.32503730779516,0.16666666666666669,0.16666666666666669,0.16666666666666669,0.16666666666666669,0.16666666666666669,0.16666666666666669
195,195.0,196.3313515439637,0.16666666666666669,0.16666666666666669,0.16666666666666669,0.16666666666666669,0.16666666666666669,0.16666666666666669
196,196.0,197.33672084107576,0.16666666666666669,0.16666666666666669,0.16666666666666669,0.16666666666666669,0.16666666666666669,0.16666666666666669
197,197.0,198.34118600006585,0.16666666666666669,0.16666666666666669,0.16666666666666669,0.16666666666666669,0.16666666666666669,0.16666666666666669
198,198.0,199.3447927831563,0.16666666666666669,0.16666666666666669,0.16666666666666669,0.16666666666666669,0.16666666666666669,0.16666666666666669
199,199.0,200.34759096010612,0.16666666666666669,0.16666666666666669,0.16666666666666669,0.16666666666666669,0.16666666666666669,0.16666666666666669
200,200.0,201.3596334097599,0.1673809523809524,0.16595238095238096,0.16595238095238096,0.16595238095238096,0.16595238095238096,0.16880952380952383
201,201.0,202.37087528035073,0.1674928571428572,0.16482857142857144,0.16482857142857144,0.16607857142857144,0.16625714285714285,0.17051428571428576
202,202.0,203.38128421107896,0.16714086507936513,0.16340496825396827,0.16340496825396827,0.16686469047619049,0.16731925396825398,0.171865253968254
203,203.0,204.39083940662357,0.16664671119047625,0.16187261222222227,0.16187261222222227,0.16861982055555558,0.16795712015873016,0.1730311236507937
204,204.0,205.3995306885475,0.166043442086508,0.160271591068254,0.160271591068254,0.17013228704047623,0.16824845392539683,0.17503263481111117
205,205.0,206.40735753539354,0.165448001980008,0.15872478151582542,0.15872478151582542,0.17161123162554767,0.16852499517296826,0.17696620818982547
206,206.0,207.41432812220106,0.16486556237229444,0.15724223050030683,0.15724223050030683,0.1740452170549041,0.16778545774087827,0.17881930183130976
207,207.0,208.4204583691058,0.1643006476095658,0.15583233767816243,0.15583233767816243,0.1764143993898235,0.16703884487141388,0.1805814327728722
208,208.0,209.425771007629,0.1637571543549509,0.15450193615827626,0.15450193615827626,0.1787015671164003,0.16629333023700718,0.18224407597508935
209,209.0,210.4302946722236,0.16323837539018446,0.15325638082562132,0.15325638082562132,0.18089205001820308,0.1655562591604965,0.18380055377987356
210,210.0,211.4340630236365,0.1616359159648182,0.1532107537259122,0.15209964261480108,0.18297361174869115,0.1648341579968573,0.1852459179489203
211,211.0,212.43711390967175,0.1601852798302769,0.15335662941796246,0.15114551830685136,0.18526966214102444,0.16435497298866109,0.185687937315224
212,212.0,213.43948856800677,0.15878579101882345,0.1535733988656757,0.1502832877545646,0.18743579182509512,0.1638992043704455,0.18602252616539586
213,213.0,214.4412308748282,0.15744632968626365,0.1538518049990085,0.14951238388789737,0.18946333157488873,0.16346906818939463,0.18625708166254737
214,214.0,215.44238664221922,0.1560631765869226,0.1539606778658433,0.1487202719658433,0.1920125316530017,0.1629551914524914,0.18628815047589795
215,215.0,216.44300296644894,0.15451643719037658,0.15387778682606637,0.1492074701036378,0.19416763878772572,0.16223299174459488,0.18599767534759892
216,216.0,217.4431276285912,0.15305222323459727,0.15383742289502234,0.1497697467424895,0.1961607969163382,0.16154480907416904,0.185635001137384
217,217.0,218.44280854823336,0.1516769243150658,0.15383573700114836,0.15039397126590412,0.19798826935816413,0.16089412356417107,0.18521097449554685
218,218.0,219.44209329042894,0.15039540191735268,0.1538688781996662,0.15106770664019126,0.2010769213860354,0.1602836923536582,0.18330739950309669
219,219.0,220.44102862550065,0.14921109361325322,0.1539330323693514,0.15177926442652076,0.2039840342353544,0.159715594324787,0.1813769810307336
220,220.0,221.4396601408102,0.14812612107644704,0.1540244566713905,0.15251774680582514,0.2066986906954832,0.159191277139682,0.17944170761117248
221,221.0,222.43803190318067,0.1471414004555729,0.15413950984952765,0.15327307649501384,0.20921298984073952,0.1587116058858177,0.17752141747332878
222,222.0,223.43618617028233,0.1462567537652463,0.15427467848437165,0.155464586894778,0.2100932529825866,0.15827691268260863,0.17563381519040916
223,223.0,224.43416314897098,0.14529244865074437,0.15424802791533201,0.15728388768720525,0.2106012239470898,0.1589584752284499,0.17361593657117902
224,224.0,225.43200079830106,0.144287919402455,0.15409783196531282,0.15879365761875583,0.21190198875027494,0.15939578883091465,0.1715228134322871
225,225.0,226.42973467471512,0.14338223372623984,0.15396294713191228,0.1602597520762019,0.21302826036024203,0.15985890524831584,0.16950790145708847
226,226.0,227.42739781674064,0.14257456412165367,0.1538431911518025,0.16167187766237945,0.2139862253802131,0.1603406130349858,0.1675835286489658
227,227.0,228.4250206663962,0.1418631856775794,0.15373824869945552,0.16302131000855352,0.21478313481898814,0.160834235976131,0.16575988481929274
228,228.0,229.42263102442223,0.14124558306240662,0.15364768784661853,0.16430082411526276,0.215427125140299,0.16133364632689243,0.16404513350852104
229,229.0,230.42025403640142,0.14071855471939687,0.1535709760418689,0.16550461666538654,0.21592704835267895,0.16183327124280086,0.1624455329778683
230,230.0,231.4179122068187,0.140278313504764,0.15350749549844536,0.1666282218890822,0.21629231193489729,0.1623280930181825,0.16096556415462912
231,231.0,232.41562543812609,0.1399205831178166,0.15345655789564958,0.16766842246675553,0.21653272921414796,0.1628136437493362,0.15960806355629456
232,232.0,233.41341109192146,0.13964068977965563,0.15341741831544672,0.1686231568572321,0.2166583806479353,0.16328599503337327,0.1583743593663575
233,233.0,234.4112840694181,0.13943364871878403,0.15338928835137952,0.16949142433532677,0.21667948630646772,0.16374174330216493,0.15726440898587754
234,234.0,235.40925690847087,0.13929424511808158,0.1533713483414751,0.17027318891749682,0.2166062897106854,0.16417799137454783,0.1562769365377138
235,235.0,236.40733989453366,0.1392171092675384,0.15336275869041618,0.17096928324751298,0.21644895305197764,0.16459232678943903,0.15540956895311628
236,236.0,237.40554118304485,0.13919678575064404,0.15336267025882885,0.1715813134072905,0.21621746370322403,0.1649827974584388,0.15465896942157434
237,237.0,238.40386693087447,0.13922779656920248,0.1533702338090818,0.17211156551225545,0.21592155182691675,0.16534788514944626,0.15402096713309782
238,238.0,239.40232143461236,0.1393046981814829,0.1533846085074885,0.17256291484683947,0.21557061879457418,0.1656864772833506,0.15349068238626495
239,239.0,240.40090727363034,0.13942213249199029,0.15340496949224947,0.1729387381947348,0.21517367605212329,0.16599783749452304,0.1530626462743797
240,240.0,241.39962545601026,0.13933677664970162,0.15319241928678645,0.17300473468303604,0.2145011987599042,0.16604348013502984,0.15392139048554238
241,241.0,242.39847556559207,0.1391054775140337,0.1528080887978908,0.174076941318534,0.2136231794315302,0.16588523482124679,0.1545010781167651
242,242.0,243.39745590855978,0.13890585669139544,0.15243371364450894,0.17507972930586824,0.2127296667496148,0.16570578708745493,0.15514524652115824
243,243.0,244.3965636581451,0.13873674255871019,0.15207204204462338,0.1760100126299818,0.2118311451763313,0.16550905165299312,0.15584100593736078
244,244.0,245.39579499619046,0.13859677558830955,0.1517254203588833,0.17686573892395563,0.21093710081654937,0.16529872464227297,0.15657623967002976
245,245.0,246.3951452504694,0.13848444073366906,0.1513958098127316,0.17764580662786394,0.21005602639251664,0.1650782684830275,0.15733964795019187
246,246.0,247.39460902681571,0.13857666956033055,0.15126337682624233,0.17727855235224563,0.20937400708346993,0.16645804350884458,0.15704935066886758
247,247.0,248.39418033525925,0.13869136912618288,0.1511490136875999,0.17684666655209524,0.20871724328528685,0.16781780027953117,0.15677790706930453
248,248.0,249.39385270950584,0.13882514536164847,0.15105205704340602,0.17636093123786753,0.20808977708486287,0.16914594305289346,0.15652614621932218
249,249.0,250.3936193192327,0.13897475283741134,0.1509717358106578,0.17583158871411247,0.2074949533844263,0.17043235180093028,0.1562946174524623
250,250.0,251.39347307479454,0.14052600124357303,0.151046078549427,0.17540718201590927,0.20610212283764945,0.17069611361647155,0.15622250173697014
251,251.0,252.39340672405228,0.14179543622525426,0.15099498654628535,0.17592868384990698,0.2044772366568563,0.1707729666857226,0.15603069003597494
252,252.0,253.3934129411437,0.14280522550645053,0.15131797692400667,0.17643113363287183,0.20266642999862075,0.17067362519509527,0.1561056087429554
253,253.0,254.39348440711456,0.14376965348591733,0.1516348545787021,0.1768788171353686,0.20090482069878834,0.17051511973700265,0.15629673436422137
254,254.0,255.39361388241718,0.14470212467226082,0.1519558784618235,0.1772940949099128,0.19922361777274497,0.17032346442100005,0.15650081976225821
255,255.0,256.3937942713654,0.1455965100329299,0.15227742371169709,0.17767605475155424,0.19763159261237212,0.1701038907860385,0.15671452810540848
256,256.0,257.3940186787051,0.1464476742968853,0.15259622273914888,0.17945278028373823,0.19613574769270647,0.16986138640036352,0.1555061885871579
257,257.0,258.3942804585238,0.14725142793115886,0.15290936217614656,0.1811813133963744,0.19474142343887402,0.1696006693829032,0.15431580367454334
258,258.0,259.39457325577536,0.14800447446237602,0.15321427658736553,0.1828491880002911,0.1934524110268297,0.16932616816701065,0.15315348175612734
259,259.0,260.3948910407441,0.1487460208021969,0.1534093803569125,0.18605064468017468,0.1923127360631818,0.16739869116637301,0.1520825269311614
260,260.0,261.3952281368085,0.1494323015063629,0.15359312658818233,0.18915594252976142,0.1912813615527272,0.16548179424595472,0.15105547357701168
261,261.0,262.39557924189836,0.15006198033139792,0.15376481357268998,0.19227184958179028,0.19035777119525113,0.163593588366938,0.14994999695193295
262,262.0,263.3959394440602,0.15063442067696464,0.1539239303652666,0.19525076123011215,0.18954042247903047,0.16175008648397285,0.1489003787646535
263,263.0,264.3963042315653,0.15114962198755427,0.15307014281717954,0.1980765878986145,0.1888268647271019,0.1599652532162838,0.1489115293532662
264,264.0,265.3966694980042,0.15142633797174043,0.15225057527527208,0.201463652545867,0.1880320362387373,0.158160160944111,0.14866723702427245
265,265.0,266.3970315428192,0.15136516120841503,0.15110797651940902,0.20417445886229874,0.1883535127286478,0.1561050005116247,0.14889389016960494
266,266.0,267.39738706772454,0.15123405348301697,0.14996744776744833,0.20666628665326037,0.1888648017205609,0.15412645902062622,0.14914095135508748
267,267.0,268.397733169462,0.15103965073959663,0.14883911487332668,0.20905754657637102,0.18942621679431337,0.1522353492401968,0.14940212177619577
268,268.0,269.3980673293312,0.1507885929632772,0.14773199144470003,0.21121978254818194,0.1900254976468706,0.15044055559813774,0.1497935797988327
269,269.0,270.3983873999201,0.1505080264248137,0.1466672228912564,0.21317866484800746,0.1906718350815284,0.14876529956608409,0.15020895118831015
270,270.0,271.398691589451,0.15020370766580518,0.14565122141101186,0.21493494002004787,0.19135406006573016,0.14721437994335584,0.1506416908940493
