Total_iterations,Unnamed: 0.1,Intertwine_two,Add_vertex,Delete_vertex,Invert_path_vertices,Insert_inside_vertex,Delete_inside_vertex
0,0.0,0.1666666666666666,0.1666666666666666,0.1666666666666666,0.1666666666666666,0.1666666666666666,0.1666666666666666
1,1.0,0.1666666666666666,0.1666666666666666,0.1666666666666666,0.1666666666666666,0.1666666666666666,0.1666666666666666
2,2.0,0.1666666666666666,0.1666666666666666,0.1666666666666666,0.1666666666666666,0.1666666666666666,0.1666666666666666
3,3.0,0.1666666666666666,0.1666666666666666,0.1666666666666666,0.1666666666666666,0.1666666666666666,0.1666666666666666
4,4.0,0.1666666666666666,0.1666666666666666,0.1666666666666666,0.1666666666666666,0.1666666666666666,0.1666666666666666
5,5.0,0.1666666666666666,0.1666666666666666,0.1666666666666666,0.1666666666666666,0.1666666666666666,0.1666666666666666
6,6.0,0.1666666666666666,0.1666666666666666,0.1666666666666666,0.1666666666666666,0.1666666666666666,0.1666666666666666
7,7.0,0.1666666666666666,0.1666666666666666,0.1666666666666666,0.1666666666666666,0.1666666666666666,0.1666666666666666
8,8.0,0.1666666666666666,0.1666666666666666,0.1666666666666666,0.1666666666666666,0.1666666666666666,0.1666666666666666
9,9.0,0.1666666666666666,0.1666666666666666,0.1666666666666666,0.1666666666666666,0.1666666666666666,0.1666666666666666
10,10.0,0.1666666666666666,0.1666666666666666,0.1666666666666666,0.1666666666666666,0.1666666666666666,0.1666666666666666
11,11.0,0.1666666666666666,0.1666666666666666,0.1666666666666666,0.1666666666666666,0.1666666666666666,0.1666666666666666
12,12.0,0.1666666666666666,0.1666666666666666,0.1666666666666666,0.1666666666666666,0.1666666666666666,0.1666666666666666
13,13.0,0.1666666666666666,0.1666666666666666,0.1666666666666666,0.1666666666666666,0.1666666666666666,0.1666666666666666
14,14.0,0.1666666666666666,0.1666666666666666,0.1666666666666666,0.1666666666666666,0.1666666666666666,0.1666666666666666
15,15.0,0.1666666666666666,0.1666666666666666,0.1666666666666666,0.1666666666666666,0.1666666666666666,0.1666666666666666
16,16.0,0.1666666666666666,0.1666666666666666,0.1666666666666666,0.1666666666666666,0.1666666666666666,0.1666666666666666
17,17.0,0.1666666666666666,0.1666666666666666,0.1666666666666666,0.1666666666666666,0.1666666666666666,0.1666666666666666
18,18.0,0.1666666666666666,0.1666666666666666,0.1666666666666666,0.1666666666666666,0.1666666666666666,0.1666666666666666
19,19.0,0.1666666666666666,0.1666666666666666,0.1666666666666666,0.1666666666666666,0.1666666666666666,0.1666666666666666
20,20.0,0.1666666666666666,0.1666666666666666,0.1666666666666666,0.1666666666666666,0.1666666666666666,0.1666666666666666
21,21.0,0.1666666666666666,0.1666666666666666,0.1666666666666666,0.1666666666666666,0.1666666666666666,0.1666666666666666
22,22.0,0.1666666666666666,0.1666666666666666,0.1666666666666666,0.1666666666666666,0.1666666666666666,0.1666666666666666
23,23.0,0.1666666666666666,0.1666666666666666,0.1666666666666666,0.1666666666666666,0.1666666666666666,0.1666666666666666
24,24.0,0.1666666666666666,0.1666666666666666,0.1666666666666666,0.1666666666666666,0.1666666666666666,0.1666666666666666
25,25.0,0.1666666666666666,0.1666666666666666,0.1666666666666666,0.1666666666666666,0.1666666666666666,0.1666666666666666
26,26.0,0.1666666666666666,0.1666666666666666,0.1666666666666666,0.1666666666666666,0.1666666666666666,0.1666666666666666
27,27.0,0.1666666666666666,0.1666666666666666,0.1666666666666666,0.1666666666666666,0.1666666666666666,0.1666666666666666
28,28.0,0.1666666666666666,0.1666666666666666,0.1666666666666666,0.1666666666666666,0.1666666666666666,0.1666666666666666
29,29.0,0.1666666666666666,0.1666666666666666,0.1666666666666666,0.1666666666666666,0.1666666666666666,0.1666666666666666
30,30.0,0.1666666666666666,0.1666666666666666,0.1666666666666666,0.1666666666666666,0.1666666666666666,0.1666666666666666
31,31.0,0.1666666666666666,0.1666666666666666,0.1666666666666666,0.1666666666666666,0.1666666666666666,0.1666666666666666
32,32.0,0.1666666666666666,0.1666666666666666,0.1666666666666666,0.1666666666666666,0.1666666666666666,0.1666666666666666
33,33.0,0.1666666666666666,0.1666666666666666,0.1666666666666666,0.1666666666666666,0.1666666666666666,0.1666666666666666
34,34.0,0.1666666666666666,0.1666666666666666,0.1666666666666666,0.1666666666666666,0.1666666666666666,0.1666666666666666
35,35.0,0.1666666666666666,0.1666666666666666,0.1666666666666666,0.1666666666666666,0.1666666666666666,0.1666666666666666
36,36.0,0.1666666666666666,0.1666666666666666,0.1666666666666666,0.1666666666666666,0.1666666666666666,0.1666666666666666
37,37.0,0.1666666666666666,0.1666666666666666,0.1666666666666666,0.1666666666666666,0.1666666666666666,0.1666666666666666
38,38.0,0.1666666666666666,0.1666666666666666,0.1666666666666666,0.1666666666666666,0.1666666666666666,0.1666666666666666
39,39.0,0.1666666666666666,0.1666666666666666,0.1666666666666666,0.1666666666666666,0.1666666666666666,0.1666666666666666
40,40.0,0.1666666666666666,0.1666666666666666,0.1666666666666666,0.1666666666666666,0.1666666666666666,0.1666666666666666
41,41.0,0.1666666666666666,0.1666666666666666,0.1666666666666666,0.1666666666666666,0.1666666666666666,0.1666666666666666
42,42.0,0.1666666666666666,0.1666666666666666,0.1666666666666666,0.1666666666666666,0.1666666666666666,0.1666666666666666
43,43.0,0.1666666666666666,0.1666666666666666,0.1666666666666666,0.1666666666666666,0.1666666666666666,0.1666666666666666
44,44.0,0.1666666666666666,0.1666666666666666,0.1666666666666666,0.1666666666666666,0.1666666666666666,0.1666666666666666
45,45.0,0.1666666666666666,0.1666666666666666,0.1666666666666666,0.1666666666666666,0.1666666666666666,0.1666666666666666
46,46.0,0.1666666666666666,0.1666666666666666,0.1666666666666666,0.1666666666666666,0.1666666666666666,0.1666666666666666
47,47.0,0.1666666666666666,0.1666666666666666,0.1666666666666666,0.1666666666666666,0.1666666666666666,0.1666666666666666
48,48.0,0.1666666666666666,0.1666666666666666,0.1666666666666666,0.1666666666666666,0.1666666666666666,0.1666666666666666
49,49.0,0.1666666666666666,0.1666666666666666,0.1666666666666666,0.1666666666666666,0.1666666666666666,0.1666666666666666
50,50.0,0.1666666666666666,0.1666666666666666,0.1666666666666666,0.1666666666666666,0.1666666666666666,0.1666666666666666
51,51.0,0.1666666666666666,0.1666666666666666,0.1666666666666666,0.1666666666666666,0.1666666666666666,0.1666666666666666
52,52.0,0.1666666666666666,0.1666666666666666,0.1666666666666666,0.1666666666666666,0.1666666666666666,0.1666666666666666
53,53.0,0.1666666666666666,0.1666666666666666,0.1666666666666666,0.1666666666666666,0.1666666666666666,0.1666666666666666
54,54.0,0.1666666666666666,0.1666666666666666,0.1666666666666666,0.1666666666666666,0.1666666666666666,0.1666666666666666
55,55.0,0.1666666666666666,0.1666666666666666,0.1666666666666666,0.1666666666666666,0.1666666666666666,0.1666666666666666
56,56.0,0.1666666666666666,0.1666666666666666,0.1666666666666666,0.1666666666666666,0.1666666666666666,0.1666666666666666
57,57.0,0.1666666666666666,0.1666666666666666,0.1666666666666666,0.1666666666666666,0.1666666666666666,0.1666666666666666
58,58.0,0.1666666666666666,0.1666666666666666,0.1666666666666666,0.1666666666666666,0.1666666666666666,0.1666666666666666
59,59.0,0.1666666666666666,0.1666666666666666,0.1666666666666666,0.1666666666666666,0.1666666666666666,0.1666666666666666
60,60.0,0.1666666666666666,0.1666666666666666,0.1666666666666666,0.1666666666666666,0.1666666666666666,0.1666666666666666
61,61.0,0.1666666666666666,0.1666666666666666,0.1666666666666666,0.1666666666666666,0.1666666666666666,0.1666666666666666
62,62.0,0.1666666666666666,0.1666666666666666,0.1666666666666666,0.1666666666666666,0.1666666666666666,0.1666666666666666
63,63.0,0.1666666666666666,0.1666666666666666,0.1666666666666666,0.1666666666666666,0.1666666666666666,0.1666666666666666
64,64.0,0.1666666666666666,0.1666666666666666,0.1666666666666666,0.1666666666666666,0.1666666666666666,0.1666666666666666
65,65.0,0.1666666666666666,0.1666666666666666,0.1666666666666666,0.1666666666666666,0.1666666666666666,0.1666666666666666
66,66.0,0.1666666666666666,0.1666666666666666,0.1666666666666666,0.1666666666666666,0.1666666666666666,0.1666666666666666
67,67.0,0.1666666666666666,0.1666666666666666,0.1666666666666666,0.1666666666666666,0.1666666666666666,0.1666666666666666
68,68.0,0.1666666666666666,0.1666666666666666,0.1666666666666666,0.1666666666666666,0.1666666666666666,0.1666666666666666
69,69.0,0.1666666666666666,0.1666666666666666,0.1666666666666666,0.1666666666666666,0.1666666666666666,0.1666666666666666
70,70.0,0.1666666666666666,0.1666666666666666,0.1666666666666666,0.1666666666666666,0.1666666666666666,0.1666666666666666
71,71.0,0.1666666666666666,0.1666666666666666,0.1666666666666666,0.1666666666666666,0.1666666666666666,0.1666666666666666
72,72.0,0.1666666666666666,0.1666666666666666,0.1666666666666666,0.1666666666666666,0.1666666666666666,0.1666666666666666
73,73.0,0.1666666666666666,0.1666666666666666,0.1666666666666666,0.1666666666666666,0.1666666666666666,0.1666666666666666
74,74.0,0.1666666666666666,0.1666666666666666,0.1666666666666666,0.1666666666666666,0.1666666666666666,0.1666666666666666
75,75.0,0.1666666666666666,0.1666666666666666,0.1666666666666666,0.1666666666666666,0.1666666666666666,0.1666666666666666
76,76.0,0.1666666666666666,0.1666666666666666,0.1666666666666666,0.1666666666666666,0.1666666666666666,0.1666666666666666
77,77.0,0.1666666666666666,0.1666666666666666,0.1666666666666666,0.1666666666666666,0.1666666666666666,0.1666666666666666
78,78.0,0.1666666666666666,0.1666666666666666,0.1666666666666666,0.1666666666666666,0.1666666666666666,0.1666666666666666
79,79.0,0.1666666666666666,0.1666666666666666,0.1666666666666666,0.1666666666666666,0.1666666666666666,0.1666666666666666
80,80.0,0.1666666666666666,0.1666666666666666,0.1666666666666666,0.1666666666666666,0.1666666666666666,0.1666666666666666
81,81.0,0.1666666666666666,0.1666666666666666,0.1666666666666666,0.1666666666666666,0.1666666666666666,0.1666666666666666
82,82.0,0.1666666666666666,0.1666666666666666,0.1666666666666666,0.1666666666666666,0.1666666666666666,0.1666666666666666
83,83.0,0.1666666666666666,0.1666666666666666,0.1666666666666666,0.1666666666666666,0.1666666666666666,0.1666666666666666
84,84.0,0.1666666666666666,0.1666666666666666,0.1666666666666666,0.1666666666666666,0.1666666666666666,0.1666666666666666
85,85.0,0.1666666666666666,0.1666666666666666,0.1666666666666666,0.1666666666666666,0.1666666666666666,0.1666666666666666
86,86.0,0.1666666666666666,0.1666666666666666,0.1666666666666666,0.1666666666666666,0.1666666666666666,0.1666666666666666
87,87.0,0.1666666666666666,0.1666666666666666,0.1666666666666666,0.1666666666666666,0.1666666666666666,0.1666666666666666
88,88.0,0.1666666666666666,0.1666666666666666,0.1666666666666666,0.1666666666666666,0.1666666666666666,0.1666666666666666
89,89.0,0.1666666666666666,0.1666666666666666,0.1666666666666666,0.1666666666666666,0.1666666666666666,0.1666666666666666
90,90.0,0.1666666666666666,0.1666666666666666,0.1666666666666666,0.1666666666666666,0.1666666666666666,0.1666666666666666
91,91.0,0.1666666666666666,0.1666666666666666,0.1666666666666666,0.1666666666666666,0.1666666666666666,0.1666666666666666
92,92.0,0.1666666666666666,0.1666666666666666,0.1666666666666666,0.1666666666666666,0.1666666666666666,0.1666666666666666
93,93.0,0.1666666666666666,0.1666666666666666,0.1666666666666666,0.1666666666666666,0.1666666666666666,0.1666666666666666
94,94.0,0.1666666666666666,0.1666666666666666,0.1666666666666666,0.1666666666666666,0.1666666666666666,0.1666666666666666
95,95.0,0.1666666666666666,0.1666666666666666,0.1666666666666666,0.1666666666666666,0.1666666666666666,0.1666666666666666
96,96.0,0.1666666666666666,0.1666666666666666,0.1666666666666666,0.1666666666666666,0.1666666666666666,0.1666666666666666
97,97.0,0.1666666666666666,0.1666666666666666,0.1666666666666666,0.1666666666666666,0.1666666666666666,0.1666666666666666
98,98.0,0.1666666666666666,0.1666666666666666,0.1666666666666666,0.1666666666666666,0.1666666666666666,0.1666666666666666
99,99.0,0.1666666666666666,0.1666666666666666,0.1666666666666666,0.1666666666666666,0.1666666666666666,0.1666666666666666
100,100.0,0.1666666666666666,0.1666666666666666,0.1666666666666666,0.1666666666666666,0.1666666666666666,0.1666666666666666
101,101.0,0.1666666666666666,0.1666666666666666,0.1666666666666666,0.1666666666666666,0.1666666666666666,0.1666666666666666
102,102.0,0.1666666666666666,0.1666666666666666,0.1666666666666666,0.1666666666666666,0.1666666666666666,0.1666666666666666
103,103.0,0.1666666666666666,0.1666666666666666,0.1666666666666666,0.1666666666666666,0.1666666666666666,0.1666666666666666
104,104.0,0.1666666666666666,0.1666666666666666,0.1666666666666666,0.1666666666666666,0.1666666666666666,0.1666666666666666
105,105.0,0.1666666666666666,0.1666666666666666,0.1666666666666666,0.1666666666666666,0.1666666666666666,0.1666666666666666
106,106.0,0.1666666666666666,0.1666666666666666,0.1666666666666666,0.1666666666666666,0.1666666666666666,0.1666666666666666
107,107.0,0.1666666666666666,0.1666666666666666,0.1666666666666666,0.1666666666666666,0.1666666666666666,0.1666666666666666
108,108.0,0.1666666666666666,0.1666666666666666,0.1666666666666666,0.1666666666666666,0.1666666666666666,0.1666666666666666
109,109.0,0.1666666666666666,0.1666666666666666,0.1666666666666666,0.1666666666666666,0.1666666666666666,0.1666666666666666
110,110.0,0.1666666666666666,0.1666666666666666,0.1666666666666666,0.1666666666666666,0.1666666666666666,0.1666666666666666
111,111.0,0.1666666666666666,0.1666666666666666,0.1666666666666666,0.1666666666666666,0.1666666666666666,0.1666666666666666
112,112.0,0.1666666666666666,0.1666666666666666,0.1666666666666666,0.1666666666666666,0.1666666666666666,0.1666666666666666
113,113.0,0.1666666666666666,0.1666666666666666,0.1666666666666666,0.1666666666666666,0.1666666666666666,0.1666666666666666
114,114.0,0.1666666666666666,0.1666666666666666,0.1666666666666666,0.1666666666666666,0.1666666666666666,0.1666666666666666
115,115.0,0.1666666666666666,0.1666666666666666,0.1666666666666666,0.1666666666666666,0.1666666666666666,0.1666666666666666
116,116.0,0.1666666666666666,0.1666666666666666,0.1666666666666666,0.1666666666666666,0.1666666666666666,0.1666666666666666
117,117.0,0.1666666666666666,0.1666666666666666,0.1666666666666666,0.1666666666666666,0.1666666666666666,0.1666666666666666
118,118.0,0.1666666666666666,0.1666666666666666,0.1666666666666666,0.1666666666666666,0.1666666666666666,0.1666666666666666
119,119.0,0.1666666666666666,0.1666666666666666,0.1666666666666666,0.1666666666666666,0.1666666666666666,0.1666666666666666
120,120.0,0.1666666666666666,0.1666666666666666,0.1666666666666666,0.1666666666666666,0.1666666666666666,0.1666666666666666
121,121.0,0.1666666666666666,0.1666666666666666,0.1666666666666666,0.1666666666666666,0.1666666666666666,0.1666666666666666
122,122.0,0.1666666666666666,0.1666666666666666,0.1666666666666666,0.1666666666666666,0.1666666666666666,0.1666666666666666
123,123.0,0.1666666666666666,0.1666666666666666,0.1666666666666666,0.1666666666666666,0.1666666666666666,0.1666666666666666
124,124.0,0.1666666666666666,0.1666666666666666,0.1666666666666666,0.1666666666666666,0.1666666666666666,0.1666666666666666
125,125.0,0.1666666666666666,0.1666666666666666,0.1666666666666666,0.1666666666666666,0.1666666666666666,0.1666666666666666
126,126.0,0.1666666666666666,0.1666666666666666,0.1666666666666666,0.1666666666666666,0.1666666666666666,0.1666666666666666
127,127.0,0.1666666666666666,0.1666666666666666,0.1666666666666666,0.1666666666666666,0.1666666666666666,0.1666666666666666
128,128.0,0.1666666666666666,0.1666666666666666,0.1666666666666666,0.1666666666666666,0.1666666666666666,0.1666666666666666
129,129.0,0.1666666666666666,0.1666666666666666,0.1666666666666666,0.1666666666666666,0.1666666666666666,0.1666666666666666
130,130.0,0.1666666666666666,0.1666666666666666,0.1666666666666666,0.1666666666666666,0.1666666666666666,0.1666666666666666
131,131.0,0.1666666666666666,0.1666666666666666,0.1666666666666666,0.1666666666666666,0.1666666666666666,0.1666666666666666
132,132.0,0.1666666666666666,0.1666666666666666,0.1666666666666666,0.1666666666666666,0.1666666666666666,0.1666666666666666
133,133.0,0.1666666666666666,0.1666666666666666,0.1666666666666666,0.1666666666666666,0.1666666666666666,0.1666666666666666
134,134.0,0.1666666666666666,0.1666666666666666,0.1666666666666666,0.1666666666666666,0.1666666666666666,0.1666666666666666
135,135.0,0.1666666666666666,0.1666666666666666,0.1666666666666666,0.1666666666666666,0.1666666666666666,0.1666666666666666
136,136.0,0.1666666666666666,0.1666666666666666,0.1666666666666666,0.1666666666666666,0.1666666666666666,0.1666666666666666
137,137.0,0.1666666666666666,0.1666666666666666,0.1666666666666666,0.1666666666666666,0.1666666666666666,0.1666666666666666
138,138.0,0.1666666666666666,0.1666666666666666,0.1666666666666666,0.1666666666666666,0.1666666666666666,0.1666666666666666
139,139.0,0.1666666666666666,0.1666666666666666,0.1666666666666666,0.1666666666666666,0.1666666666666666,0.1666666666666666
140,140.0,0.1666666666666666,0.1666666666666666,0.1666666666666666,0.1666666666666666,0.1666666666666666,0.1666666666666666
141,141.0,0.1666666666666666,0.1666666666666666,0.1666666666666666,0.1666666666666666,0.1666666666666666,0.1666666666666666
142,142.0,0.1666666666666666,0.1666666666666666,0.1666666666666666,0.1666666666666666,0.1666666666666666,0.1666666666666666
143,143.0,0.1666666666666666,0.1666666666666666,0.1666666666666666,0.1666666666666666,0.1666666666666666,0.1666666666666666
144,144.0,0.1666666666666666,0.1666666666666666,0.1666666666666666,0.1666666666666666,0.1666666666666666,0.1666666666666666
145,145.0,0.1666666666666666,0.1666666666666666,0.1666666666666666,0.1666666666666666,0.1666666666666666,0.1666666666666666
146,146.0,0.1666666666666666,0.1666666666666666,0.1666666666666666,0.1666666666666666,0.1666666666666666,0.1666666666666666
147,147.0,0.1666666666666666,0.1666666666666666,0.1666666666666666,0.1666666666666666,0.1666666666666666,0.1666666666666666
148,148.0,0.1666666666666666,0.1666666666666666,0.1666666666666666,0.1666666666666666,0.1666666666666666,0.1666666666666666
149,149.0,0.1666666666666666,0.1666666666666666,0.1666666666666666,0.1666666666666666,0.1666666666666666,0.1666666666666666
150,150.0,0.1666666666666666,0.1666666666666666,0.1666666666666666,0.1666666666666666,0.1666666666666666,0.1666666666666666
151,151.0,0.1666666666666666,0.1666666666666666,0.1666666666666666,0.1666666666666666,0.1666666666666666,0.1666666666666666
152,152.0,0.1666666666666666,0.1666666666666666,0.1666666666666666,0.1666666666666666,0.1666666666666666,0.1666666666666666
153,153.0,0.1666666666666666,0.1666666666666666,0.1666666666666666,0.1666666666666666,0.1666666666666666,0.1666666666666666
154,154.0,0.1666666666666666,0.1666666666666666,0.1666666666666666,0.1666666666666666,0.1666666666666666,0.1666666666666666
155,155.0,0.1666666666666666,0.1666666666666666,0.1666666666666666,0.1666666666666666,0.1666666666666666,0.1666666666666666
156,156.0,0.1666666666666666,0.1666666666666666,0.1666666666666666,0.1666666666666666,0.1666666666666666,0.1666666666666666
157,157.0,0.1666666666666666,0.1666666666666666,0.1666666666666666,0.1666666666666666,0.1666666666666666,0.1666666666666666
158,158.0,0.1666666666666666,0.1666666666666666,0.1666666666666666,0.1666666666666666,0.1666666666666666,0.1666666666666666
159,159.0,0.1666666666666666,0.1666666666666666,0.1666666666666666,0.1666666666666666,0.1666666666666666,0.1666666666666666
160,160.0,0.1666666666666666,0.1666666666666666,0.1666666666666666,0.1666666666666666,0.1666666666666666,0.1666666666666666
161,161.0,0.1666666666666666,0.1666666666666666,0.1666666666666666,0.1666666666666666,0.1666666666666666,0.1666666666666666
162,162.0,0.1666666666666666,0.1666666666666666,0.1666666666666666,0.1666666666666666,0.1666666666666666,0.1666666666666666
163,163.0,0.1666666666666666,0.1666666666666666,0.1666666666666666,0.1666666666666666,0.1666666666666666,0.1666666666666666
164,164.0,0.1666666666666666,0.1666666666666666,0.1666666666666666,0.1666666666666666,0.1666666666666666,0.1666666666666666
165,165.0,0.1666666666666666,0.1666666666666666,0.1666666666666666,0.1666666666666666,0.1666666666666666,0.1666666666666666
166,166.0,0.1666666666666666,0.1666666666666666,0.1666666666666666,0.1666666666666666,0.1666666666666666,0.1666666666666666
167,167.0,0.1666666666666666,0.1666666666666666,0.1666666666666666,0.1666666666666666,0.1666666666666666,0.1666666666666666
168,168.0,0.1666666666666666,0.1666666666666666,0.1666666666666666,0.1666666666666666,0.1666666666666666,0.1666666666666666
169,169.0,0.1666666666666666,0.1666666666666666,0.1666666666666666,0.1666666666666666,0.1666666666666666,0.1666666666666666
170,170.0,0.1666666666666666,0.1666666666666666,0.1666666666666666,0.1666666666666666,0.1666666666666666,0.1666666666666666
171,171.0,0.1666666666666666,0.1666666666666666,0.1666666666666666,0.1666666666666666,0.1666666666666666,0.1666666666666666
172,172.0,0.1666666666666666,0.1666666666666666,0.1666666666666666,0.1666666666666666,0.1666666666666666,0.1666666666666666
173,173.0,0.1666666666666666,0.1666666666666666,0.1666666666666666,0.1666666666666666,0.1666666666666666,0.1666666666666666
174,174.0,0.1666666666666666,0.1666666666666666,0.1666666666666666,0.1666666666666666,0.1666666666666666,0.1666666666666666
175,175.0,0.1666666666666666,0.1666666666666666,0.1666666666666666,0.1666666666666666,0.1666666666666666,0.1666666666666666
176,176.0,0.1666666666666666,0.1666666666666666,0.1666666666666666,0.1666666666666666,0.1666666666666666,0.1666666666666666
177,177.0,0.1666666666666666,0.1666666666666666,0.1666666666666666,0.1666666666666666,0.1666666666666666,0.1666666666666666
178,178.0,0.1666666666666666,0.1666666666666666,0.1666666666666666,0.1666666666666666,0.1666666666666666,0.1666666666666666
179,179.0,0.1666666666666666,0.1666666666666666,0.1666666666666666,0.1666666666666666,0.1666666666666666,0.1666666666666666
180,180.0,0.1666666666666666,0.1666666666666666,0.1666666666666666,0.1666666666666666,0.1666666666666666,0.1666666666666666
181,181.0,0.1666666666666666,0.1666666666666666,0.1666666666666666,0.1666666666666666,0.1666666666666666,0.1666666666666666
182,182.0,0.1666666666666666,0.1666666666666666,0.1666666666666666,0.1666666666666666,0.1666666666666666,0.1666666666666666
183,183.0,0.1666666666666666,0.1666666666666666,0.1666666666666666,0.1666666666666666,0.1666666666666666,0.1666666666666666
184,184.0,0.1666666666666666,0.1666666666666666,0.1666666666666666,0.1666666666666666,0.1666666666666666,0.1666666666666666
185,185.0,0.1666666666666666,0.1666666666666666,0.1666666666666666,0.1666666666666666,0.1666666666666666,0.1666666666666666
186,186.0,0.1666666666666666,0.1666666666666666,0.1666666666666666,0.1666666666666666,0.1666666666666666,0.1666666666666666
187,187.0,0.1666666666666666,0.1666666666666666,0.1666666666666666,0.1666666666666666,0.1666666666666666,0.1666666666666666
188,188.0,0.1666666666666666,0.1666666666666666,0.1666666666666666,0.1666666666666666,0.1666666666666666,0.1666666666666666
189,189.0,0.1666666666666666,0.1666666666666666,0.1666666666666666,0.1666666666666666,0.1666666666666666,0.1666666666666666
190,190.0,0.1666666666666666,0.1666666666666666,0.1666666666666666,0.1666666666666666,0.1666666666666666,0.1666666666666666
191,191.0,0.1666666666666666,0.1666666666666666,0.1666666666666666,0.1666666666666666,0.1666666666666666,0.1666666666666666
192,192.0,0.1666666666666666,0.1666666666666666,0.1666666666666666,0.1666666666666666,0.1666666666666666,0.1666666666666666
193,193.0,0.1666666666666666,0.1666666666666666,0.1666666666666666,0.1666666666666666,0.1666666666666666,0.1666666666666666
194,194.0,0.1666666666666666,0.1666666666666666,0.1666666666666666,0.1666666666666666,0.1666666666666666,0.1666666666666666
195,195.0,0.1666666666666666,0.1666666666666666,0.1666666666666666,0.1666666666666666,0.1666666666666666,0.1666666666666666
196,196.0,0.1666666666666666,0.1666666666666666,0.1666666666666666,0.1666666666666666,0.1666666666666666,0.1666666666666666
197,197.0,0.1666666666666666,0.1666666666666666,0.1666666666666666,0.1666666666666666,0.1666666666666666,0.1666666666666666
198,198.0,0.1666666666666666,0.1666666666666666,0.1666666666666666,0.1666666666666666,0.1666666666666666,0.1666666666666666
199,199.0,0.1666666666666666,0.1666666666666666,0.1666666666666666,0.1666666666666666,0.1666666666666666,0.1666666666666666
200,200.0,0.1673809523809524,0.1659523809523809,0.1659523809523809,0.1659523809523809,0.1659523809523809,0.1688095238095238
201,201.0,0.1674928571428572,0.1648285714285714,0.1648285714285714,0.1660785714285714,0.1662571428571428,0.1705142857142857
202,202.0,0.1671408650793651,0.1634049682539682,0.1634049682539682,0.1668646904761904,0.1673192539682539,0.171865253968254
203,203.0,0.1666467111904762,0.1618726122222222,0.1618726122222222,0.1686198205555555,0.1679571201587301,0.1730311236507937
204,204.0,0.166043442086508,0.160271591068254,0.160271591068254,0.1701322870404762,0.1682484539253968,0.1750326348111111
205,205.0,0.165448001980008,0.1587247815158254,0.1587247815158254,0.1716112316255476,0.1685249951729682,0.1769662081898254
206,206.0,0.1648655623722944,0.1572422305003068,0.1572422305003068,0.1740452170549041,0.1677854577408782,0.1788193018313097
207,207.0,0.1643006476095658,0.1558323376781624,0.1558323376781624,0.1764143993898235,0.1670388448714138,0.1805814327728722
208,208.0,0.1637571543549509,0.1545019361582762,0.1545019361582762,0.1787015671164003,0.1662933302370071,0.1822440759750893
209,209.0,0.1632383753901844,0.1532563808256213,0.1532563808256213,0.180892050018203,0.1655562591604965,0.1838005537798735
210,210.0,0.1616359159648182,0.1532107537259122,0.152099642614801,0.1829736117486911,0.1648341579968573,0.1852459179489203
211,211.0,0.1601852798302769,0.1533566294179624,0.1511455183068513,0.1852696621410244,0.164354972988661,0.185687937315224
212,212.0,0.1587857910188234,0.1535733988656757,0.1502832877545646,0.1874357918250951,0.1638992043704455,0.1860225261653958
213,213.0,0.1574463296862636,0.1538518049990085,0.1495123838878973,0.1894633315748887,0.1634690681893946,0.1862570816625473
214,214.0,0.1560631765869226,0.1539606778658433,0.1487202719658433,0.1920125316530017,0.1629551914524914,0.1862881504758979
215,215.0,0.1545164371903765,0.1538777868260663,0.1492074701036378,0.1941676387877257,0.1622329917445948,0.1859976753475989
216,216.0,0.1530522232345972,0.1538374228950223,0.1497697467424895,0.1961607969163382,0.161544809074169,0.185635001137384
217,217.0,0.1516769243150658,0.1538357370011483,0.1503939712659041,0.1979882693581641,0.160894123564171,0.1852109744955468
218,218.0,0.1503954019173526,0.1538688781996662,0.1510677066401912,0.2010769213860354,0.1602836923536582,0.1833073995030966
219,219.0,0.1492110936132532,0.1539330323693514,0.1517792644265207,0.2039840342353544,0.159715594324787,0.1813769810307336
220,220.0,0.148126121076447,0.1540244566713905,0.1525177468058251,0.2066986906954832,0.159191277139682,0.1794417076111724
221,221.0,0.1471414004555729,0.1541395098495276,0.1532730764950138,0.2092129898407395,0.1587116058858177,0.1775214174733287
222,222.0,0.1462567537652463,0.1542746784843716,0.155464586894778,0.2100932529825866,0.1582769126826086,0.1756338151904091
223,223.0,0.1452924486507443,0.154248027915332,0.1572838876872052,0.2106012239470898,0.1589584752284499,0.173615936571179
224,224.0,0.144287919402455,0.1540978319653128,0.1587936576187558,0.2119019887502749,0.1593957888309146,0.1715228134322871
225,225.0,0.1433822337262398,0.1539629471319122,0.1602597520762019,0.213028260360242,0.1598589052483158,0.1695079014570884
226,226.0,0.1425745641216536,0.1538431911518025,0.1616718776623794,0.2139862253802131,0.1603406130349858,0.1675835286489658
227,227.0,0.1418631856775794,0.1537382486994555,0.1630213100085535,0.2147831348189881,0.160834235976131,0.1657598848192927
228,228.0,0.1412455830624066,0.1536476878466185,0.1643008241152627,0.215427125140299,0.1613336463268924,0.164045133508521
229,229.0,0.1407185547193968,0.1535709760418689,0.1655046166653865,0.2159270483526789,0.1618332712428008,0.1624455329778683
230,230.0,0.140278313504764,0.1535074954984453,0.1666282218890822,0.2162923119348972,0.1623280930181825,0.1609655641546291
231,231.0,0.1399205831178166,0.1534565578956495,0.1676684224667555,0.2165327292141479,0.1628136437493362,0.1596080635562945
232,232.0,0.1396406897796556,0.1534174183154467,0.1686231568572321,0.2166583806479353,0.1632859950333732,0.1583743593663575
233,233.0,0.139433648718784,0.1533892883513795,0.1694914243353267,0.2166794863064677,0.1637417433021649,0.1572644089858775
234,234.0,0.1392942451180815,0.1533713483414751,0.1702731889174968,0.2166062897106854,0.1641779913745478,0.1562769365377138
235,235.0,0.1392171092675384,0.1533627586904161,0.1709692832475129,0.2164489530519776,0.164592326789439,0.1554095689531162
236,236.0,0.139196785750644,0.1533626702588288,0.1715813134072905,0.216217463703224,0.1649827974584388,0.1546589694215743
237,237.0,0.1392277965692024,0.1533702338090818,0.1721115655122554,0.2159215518269167,0.1653478851494462,0.1540209671330978
238,238.0,0.1393046981814829,0.1533846085074885,0.1725629148468394,0.2155706187945741,0.1656864772833506,0.1534906823862649
239,239.0,0.1394221324919902,0.1534049694922494,0.1729387381947348,0.2151736760521232,0.165997837494523,0.1530626462743797
240,240.0,0.1393367766497016,0.1531924192867864,0.173004734683036,0.2145011987599042,0.1660434801350298,0.1539213904855423
241,241.0,0.1391054775140337,0.1528080887978908,0.174076941318534,0.2136231794315302,0.1658852348212467,0.1545010781167651
242,242.0,0.1389058566913954,0.1524337136445089,0.1750797293058682,0.2127296667496148,0.1657057870874549,0.1551452465211582
243,243.0,0.1387367425587101,0.1520720420446233,0.1760100126299818,0.2118311451763313,0.1655090516529931,0.1558410059373607
244,244.0,0.1385967755883095,0.1517254203588833,0.1768657389239556,0.2109371008165493,0.1652987246422729,0.1565762396700297
245,245.0,0.138484440733669,0.1513958098127316,0.1776458066278639,0.2100560263925166,0.1650782684830275,0.1573396479501918
246,246.0,0.1385766695603305,0.1512633768262423,0.1772785523522456,0.2093740070834699,0.1664580435088445,0.1570493506688675
247,247.0,0.1386913691261828,0.1511490136875999,0.1768466665520952,0.2087172432852868,0.1678178002795311,0.1567779070693045
248,248.0,0.1388251453616484,0.151052057043406,0.1763609312378675,0.2080897770848628,0.1691459430528934,0.1565261462193221
249,249.0,0.1389747528374113,0.1509717358106578,0.1758315887141124,0.2074949533844263,0.1704323518009302,0.1562946174524623
250,250.0,0.140526001243573,0.151046078549427,0.1754071820159092,0.2061021228376494,0.1706961136164715,0.1562225017369701
251,251.0,0.1417954362252542,0.1509949865462853,0.1759286838499069,0.2044772366568563,0.1707729666857226,0.1560306900359749
252,252.0,0.1428052255064505,0.1513179769240066,0.1764311336328718,0.2026664299986207,0.1706736251950952,0.1561056087429554
253,253.0,0.1437696534859173,0.1516348545787021,0.1768788171353686,0.2009048206987883,0.1705151197370026,0.1562967343642213
254,254.0,0.1447021246722608,0.1519558784618235,0.1772940949099128,0.1992236177727449,0.170323464421,0.1565008197622582
255,255.0,0.1455965100329299,0.152277423711697,0.1776760547515542,0.1976315926123721,0.1701038907860385,0.1567145281054084
256,256.0,0.1464476742968853,0.1525962227391488,0.1794527802837382,0.1961357476927064,0.1698613864003635,0.1555061885871579
257,257.0,0.1472514279311588,0.1529093621761465,0.1811813133963744,0.194741423438874,0.1696006693829032,0.1543158036745433
258,258.0,0.148004474462376,0.1532142765873655,0.1828491880002911,0.1934524110268297,0.1693261681670106,0.1531534817561273
259,259.0,0.1487460208021969,0.1534093803569125,0.1860506446801746,0.1923127360631818,0.167398691166373,0.1520825269311614
260,260.0,0.1494323015063629,0.1535931265881823,0.1891559425297614,0.1912813615527272,0.1654817942459547,0.1510554735770116
261,261.0,0.1500619803313979,0.1537648135726899,0.1922718495817902,0.1903577711952511,0.163593588366938,0.1499499969519329
262,262.0,0.1506344206769646,0.1539239303652666,0.1952507612301121,0.1895404224790304,0.1617500864839728,0.1489003787646535
263,263.0,0.1511496219875542,0.1530701428171795,0.1980765878986145,0.1888268647271019,0.1599652532162838,0.1489115293532662
264,264.0,0.1514263379717404,0.152250575275272,0.201463652545867,0.1880320362387373,0.158160160944111,0.1486672370242724
265,265.0,0.151365161208415,0.151107976519409,0.2041744588622987,0.1883535127286478,0.1561050005116247,0.1488938901696049
266,266.0,0.1512340534830169,0.1499674477674483,0.2066662866532603,0.1888648017205609,0.1541264590206262,0.1491409513550874
267,267.0,0.1510396507395966,0.1488391148733266,0.209057546576371,0.1894262167943133,0.1522353492401968,0.1494021217761957
268,268.0,0.1507885929632772,0.1477319914447,0.2112197825481819,0.1900254976468706,0.1504405555981377,0.1497935797988327
269,269.0,0.1505080264248137,0.1466672228912564,0.2131786648480074,0.1906718350815284,0.148765299566084,0.1502089511883101
270,270.0,0.1502037076658051,0.1456512214110118,0.2149349400200478,0.1913540600657301,0.1472143799433558,0.1506416908940493
271,271.0,0.1498810550958962,0.144689270311449,0.2164913060253612,0.1920617615946794,0.1457908722852477,0.1510857346873665
272,272.0,0.1495451286218759,0.1437855840654952,0.2178521901205672,0.192785314998612,0.1444962704718788,0.1515355117215709
273,273.0,0.1492006148988957,0.1429433730502493,0.2190235316557243,0.1935158995559902,0.1433306299369088,0.1519859509022317
274,274.0,0.1488518177890812,0.1421649118527927,0.2200125714714861,0.1942455063058957,0.1422927109578477,0.1524324816228965
275,275.0,0.1485026536022142,0.1414516101033212,0.2208276493416343,0.1949669369615767,0.1413801205688951,0.1528710294223585
276,276.0,0.1481566506878684,0.1408040848745309,0.2214780106820288,0.1956737948258988,0.1405894518149296,0.1532980071147432
277,277.0,0.14869898757997,0.1401194199138279,0.2221846624932801,0.1963334123222985,0.1398136053671785,0.152849912323445
278,278.0,0.1488754141439603,0.1392860618468963,0.2241212367715175,0.1966778639215505,0.1389367434623836,0.1521026798536916
279,279.0,0.1489391914904449,0.1394092842720992,0.2254622947191792,0.1968854742226298,0.1380598069723682,0.1512439483232787
280,280.0,0.1489100376768005,0.1394103787341527,0.2271994319353006,0.1969769421614335,0.1372006636296452,0.1503025458626673
281,281.0,0.1488793555389945,0.1394651834483877,0.2287847600299657,0.1970447854766195,0.136447943734731,0.1493779717713015
282,282.0,0.1488476047308213,0.1395677793424438,0.2302176066343732,0.1970906881973977,0.1357985321417936,0.1484777889531704
283,283.0,0.1489499978173863,0.1397990108901041,0.2318037694802854,0.1969880156512514,0.1350913392482466,0.1473678669127262
284,284.0,0.1485268636623856,0.1402170049240784,0.2338350676685929,0.1961810123479631,0.1346320300217547,0.1466080213752253
285,285.0,0.1481065174320043,0.1406627466771317,0.2357090123455106,0.1953666366252613,0.1342642506096138,0.1458908363104784
286,286.0,0.1476695737727742,0.1411140189448405,0.2375175045103136,0.1945337894623344,0.1339675408095249,0.1451975725002124
287,287.0,0.1472203209890139,0.1415646368190316,0.2391295100629442,0.1936911542961268,0.1337366416242534,0.1446577362086301
288,288.0,0.1469869506295581,0.1424273450471206,0.2393671082567579,0.1930676832576694,0.1337824462689556,0.1443684665399383
289,289.0,0.1467683899737527,0.1434152534262816,0.2394562729366074,0.1924658764627534,0.1337684258538881,0.1441257813467167
290,290.0,0.1465431917590565,0.1432651049110616,0.2406138390701004,0.1918705982132019,0.1338019689119632,0.1439052971346164
291,291.0,0.1461523902505482,0.1430155380914708,0.2422751595501925,0.1912133279536596,0.1337984669794402,0.1435451171746886
292,292.0,0.1457535750048152,0.1426850510722029,0.2443308214949986,0.1903878981937817,0.1337677201807647,0.1430749340534368
293,293.0,0.1453629347969367,0.1424125767876209,0.2447138842983161,0.1909078720155267,0.1338433829344945,0.1427593491671051
294,294.0,0.1448848863640337,0.1420866748487383,0.2453491020325853,0.1914015343530399,0.1339029160217102,0.1423748863798926
295,295.0,0.1444318521118389,0.1417653975898245,0.2446087531812146,0.1919160302808199,0.1352467876276415,0.1420311792086606
296,296.0,0.1441540091129516,0.1413419274142371,0.2437967485085657,0.1923361067892041,0.13662047086337,0.1417507373116716
297,297.0,0.1437397030917828,0.1407765516487328,0.2428484353718879,0.1935821285118385,0.1377060131656573,0.1413471682101007
298,298.0,0.1433298565032146,0.1402130644744569,0.2417967440693363,0.1948078738928479,0.138892390970558,0.1409600700895863
299,299.0,0.1429498020866748,0.1396691070259805,0.2406936946421769,0.1960166632480862,0.1400587409606017,0.1406119920364799
300,300.0,0.1426003611691257,0.1391481659052085,0.2395554533971422,0.1971981042865779,0.1411954024173739,0.1403025128245717
301,301.0,0.1416867287146059,0.1387721965096258,0.2375635885951366,0.1984621650486606,0.1424130251986815,0.1411022959332897
302,302.0,0.1407701610527495,0.1383727660749252,0.2360567273126542,0.1996317532392214,0.1435336416585138,0.141634950661936
303,303.0,0.1399559841759624,0.138072105893549,0.2344629679997401,0.199845428311307,0.1448105260374924,0.1428529875819492
304,304.0,0.1391882315407584,0.1377999912133804,0.232900050563362,0.2000096455109958,0.1460269283713149,0.1440751528001887
305,305.0,0.1384699382493312,0.1375562886311002,0.23138051999023,0.2001277084535306,0.1471767328411584,0.1452888118346497
306,306.0,0.1386516062541734,0.1374090891531889,0.228495661805383,0.2002730526962592,0.148323596379169,0.1468469937118266
307,307.0,0.1388779842870491,0.1372885687925869,0.2256884713367721,0.2003784959817831,0.149394698771748,0.148371780830061
308,308.0,0.1391182484350462,0.137179714705668,0.222946131164012,0.2005538694863669,0.1503733549740114,0.1498286812348957
309,309.0,0.1395184927901797,0.1371587464919867,0.2205758002137584,0.2007583230551019,0.151335320729022,0.1506533167199514
310,310.0,0.1398151271445951,0.1370952903745613,0.2188460321553146,0.1996151092740907,0.15340085055216,0.1512275904992785
311,311.0,0.1400210406603143,0.1377112626719734,0.2169738046438202,0.1983981742688652,0.1553166799911286,0.1515790377638984
312,312.0,0.140242147384951,0.1383391542263586,0.215239338646948,0.1971765100613498,0.1571280713394056,0.1518747783409871
313,313.0,0.1404747169303671,0.1389714941964757,0.2136462026732045,0.1959628062138485,0.1588273544925773,0.152117425493527
314,314.0,0.1407152773190304,0.1396015143410502,0.2121961950800142,0.194768403728835,0.1604087474386227,0.1523098620924475
315,315.0,0.1409847129925098,0.1402366965766922,0.2106757120784546,0.1936198777716345,0.1618817754042952,0.1526012251764137
316,316.0,0.1412557618487867,0.1408579777499872,0.2092994179634975,0.1925092207999862,0.1632303494860241,0.1528472721517183
317,317.0,0.1417041235095901,0.1416391065840084,0.2082452282162036,0.1930508953421942,0.162132000759958,0.1532286455880458
318,318.0,0.1421468687921449,0.1423955727386286,0.2073307600115653,0.1936278229300223,0.1609316907084227,0.1535672848192164
319,319.0,0.1426301396951713,0.1430238249369788,0.2080422670730858,0.1928365179263917,0.1596797479596986,0.1537875024086738
320,320.0,0.1428961560309755,0.1434277799912197,0.2098542753006208,0.1918805120995967,0.158175726820395,0.1537655497571925
321,321.0,0.1431227908307379,0.1437855890769848,0.2117186166719727,0.190945239124256,0.1566195171934844,0.1538082471025642
322,322.0,0.1433339381222872,0.1441093998113755,0.2136405811257132,0.1900532562227553,0.1550444000239967,0.1538184246938723
