,Unnamed: 0,Total_iterations,Intertwine_two,Add_vertex,Delete_vertex,Invert_path_vertices,Insert_inside_vertex,Delete_inside_vertex,Replace_inside_vertex,Donate_between_routes
0,0.0,0.0,0.125,0.125,0.125,0.125,0.125,0.125,0.125,0.125
1,1.0,1.0,0.125,0.125,0.125,0.125,0.125,0.125,0.125,0.125
2,2.0,2.0,0.125,0.125,0.125,0.125,0.125,0.125,0.125,0.125
3,3.0,3.0,0.125,0.125,0.125,0.125,0.125,0.125,0.125,0.125
4,4.0,4.0,0.125,0.125,0.125,0.125,0.125,0.125,0.125,0.125
5,5.0,5.0,0.125,0.125,0.125,0.125,0.125,0.125,0.125,0.125
6,6.0,6.0,0.125,0.125,0.125,0.125,0.125,0.125,0.125,0.125
7,7.0,7.0,0.125,0.125,0.125,0.125,0.125,0.125,0.125,0.125
8,8.0,8.0,0.125,0.125,0.125,0.125,0.125,0.125,0.125,0.125
9,9.0,9.0,0.125,0.125,0.125,0.125,0.125,0.125,0.125,0.125
10,10.0,10.0,0.125,0.125,0.125,0.125,0.125,0.125,0.125,0.125
11,11.0,11.0,0.125,0.125,0.125,0.125,0.125,0.125,0.125,0.125
12,12.0,12.0,0.125,0.125,0.125,0.125,0.125,0.125,0.125,0.125
13,13.0,13.0,0.125,0.125,0.125,0.125,0.125,0.125,0.125,0.125
14,14.0,14.0,0.125,0.125,0.125,0.125,0.125,0.125,0.125,0.125
15,15.0,15.0,0.125,0.125,0.125,0.125,0.125,0.125,0.125,0.125
16,16.0,16.0,0.125,0.125,0.125,0.125,0.125,0.125,0.125,0.125
17,17.0,17.0,0.125,0.125,0.125,0.125,0.125,0.125,0.125,0.125
18,18.0,18.0,0.125,0.125,0.125,0.125,0.125,0.125,0.125,0.125
19,19.0,19.0,0.125,0.125,0.125,0.125,0.125,0.125,0.125,0.125
20,20.0,20.0,0.125,0.125,0.125,0.125,0.125,0.125,0.125,0.125
21,21.0,21.0,0.125,0.125,0.125,0.125,0.125,0.125,0.125,0.125
22,22.0,22.0,0.125,0.125,0.125,0.125,0.125,0.125,0.125,0.125
23,23.0,23.0,0.125,0.125,0.125,0.125,0.125,0.125,0.125,0.125
24,24.0,24.0,0.125,0.125,0.125,0.125,0.125,0.125,0.125,0.125
25,25.0,25.0,0.125,0.125,0.125,0.125,0.125,0.125,0.125,0.125
26,26.0,26.0,0.125,0.125,0.125,0.125,0.125,0.125,0.125,0.125
27,27.0,27.0,0.125,0.125,0.125,0.125,0.125,0.125,0.125,0.125
28,28.0,28.0,0.125,0.125,0.125,0.125,0.125,0.125,0.125,0.125
29,29.0,29.0,0.125,0.125,0.125,0.125,0.125,0.125,0.125,0.125
30,30.0,30.0,0.125,0.125,0.125,0.125,0.125,0.125,0.125,0.125
31,31.0,31.0,0.125,0.125,0.125,0.125,0.125,0.125,0.125,0.125
32,32.0,32.0,0.125,0.125,0.125,0.125,0.125,0.125,0.125,0.125
33,33.0,33.0,0.125,0.125,0.125,0.125,0.125,0.125,0.125,0.125
34,34.0,34.0,0.125,0.125,0.125,0.125,0.125,0.125,0.125,0.125
35,35.0,35.0,0.125,0.125,0.125,0.125,0.125,0.125,0.125,0.125
36,36.0,36.0,0.125,0.125,0.125,0.125,0.125,0.125,0.125,0.125
37,37.0,37.0,0.125,0.125,0.125,0.125,0.125,0.125,0.125,0.125
38,38.0,38.0,0.125,0.125,0.125,0.125,0.125,0.125,0.125,0.125
39,39.0,39.0,0.125,0.125,0.125,0.125,0.125,0.125,0.125,0.125
40,40.0,40.0,0.125,0.125,0.125,0.125,0.125,0.125,0.125,0.125
41,41.0,41.0,0.125,0.125,0.125,0.125,0.125,0.125,0.125,0.125
42,42.0,42.0,0.125,0.125,0.125,0.125,0.125,0.125,0.125,0.125
43,43.0,43.0,0.125,0.125,0.125,0.125,0.125,0.125,0.125,0.125
44,44.0,44.0,0.125,0.125,0.125,0.125,0.125,0.125,0.125,0.125
45,45.0,45.0,0.125,0.125,0.125,0.125,0.125,0.125,0.125,0.125
46,46.0,46.0,0.125,0.125,0.125,0.125,0.125,0.125,0.125,0.125
47,47.0,47.0,0.125,0.125,0.125,0.125,0.125,0.125,0.125,0.125
48,48.0,48.0,0.125,0.125,0.125,0.125,0.125,0.125,0.125,0.125
49,49.0,49.0,0.125,0.125,0.125,0.125,0.125,0.125,0.125,0.125
50,50.0,50.0,0.125,0.125,0.125,0.125,0.125,0.125,0.125,0.125
51,51.0,51.0,0.125,0.125,0.125,0.125,0.125,0.125,0.125,0.125
52,52.0,52.0,0.125,0.125,0.125,0.125,0.125,0.125,0.125,0.125
53,53.0,53.0,0.125,0.125,0.125,0.125,0.125,0.125,0.125,0.125
54,54.0,54.0,0.125,0.125,0.125,0.125,0.125,0.125,0.125,0.125
55,55.0,55.0,0.125,0.125,0.125,0.125,0.125,0.125,0.125,0.125
56,56.0,56.0,0.125,0.125,0.125,0.125,0.125,0.125,0.125,0.125
57,57.0,57.0,0.125,0.125,0.125,0.125,0.125,0.125,0.125,0.125
58,58.0,58.0,0.125,0.125,0.125,0.125,0.125,0.125,0.125,0.125
59,59.0,59.0,0.125,0.125,0.125,0.125,0.125,0.125,0.125,0.125
60,60.0,60.0,0.125,0.125,0.125,0.125,0.125,0.125,0.125,0.125
61,61.0,61.0,0.125,0.125,0.125,0.125,0.125,0.125,0.125,0.125
62,62.0,62.0,0.125,0.125,0.125,0.125,0.125,0.125,0.125,0.125
63,63.0,63.0,0.125,0.125,0.125,0.125,0.125,0.125,0.125,0.125
64,64.0,64.0,0.125,0.125,0.125,0.125,0.125,0.125,0.125,0.125
65,65.0,65.2,0.125,0.125,0.125,0.125,0.125,0.125,0.125,0.125
66,66.0,66.2,0.125,0.125,0.125,0.125,0.125,0.125,0.125,0.125
67,67.0,67.3,0.125,0.125,0.125,0.125,0.125,0.125,0.125,0.125
68,68.0,68.3,0.125,0.125,0.125,0.125,0.125,0.125,0.125,0.125
69,69.0,69.4,0.125,0.125,0.125,0.125,0.125,0.125,0.125,0.125
70,70.0,70.4,0.125,0.125,0.125,0.125,0.125,0.125,0.125,0.125
71,71.0,71.4,0.125,0.125,0.125,0.125,0.125,0.125,0.125,0.125
72,72.0,72.4,0.125,0.125,0.125,0.125,0.125,0.125,0.125,0.125
73,73.0,73.4,0.125,0.125,0.125,0.125,0.125,0.125,0.125,0.125
74,74.0,74.4,0.125,0.125,0.125,0.125,0.125,0.125,0.125,0.125
75,75.0,75.4,0.125,0.125,0.125,0.125,0.125,0.125,0.125,0.125
76,76.0,76.4,0.125,0.125,0.125,0.125,0.125,0.125,0.125,0.125
77,77.0,77.4,0.125,0.125,0.125,0.125,0.125,0.125,0.125,0.125
78,78.0,78.5,0.125,0.125,0.125,0.125,0.125,0.125,0.125,0.125
79,79.0,79.5,0.125,0.125,0.125,0.125,0.125,0.125,0.125,0.125
80,80.0,80.5,0.125,0.125,0.125,0.125,0.125,0.125,0.125,0.125
81,81.0,81.6,0.125,0.125,0.125,0.125,0.125,0.125,0.125,0.125
82,82.0,82.6,0.125,0.125,0.125,0.125,0.125,0.125,0.125,0.125
83,83.0,83.6,0.125,0.125,0.125,0.125,0.125,0.125,0.125,0.125
84,84.0,84.7,0.125,0.125,0.125,0.125,0.125,0.125,0.125,0.125
85,85.0,85.7,0.125,0.125,0.125,0.125,0.125,0.125,0.125,0.125
86,86.0,86.7,0.125,0.125,0.125,0.125,0.125,0.125,0.125,0.125
87,87.0,87.7,0.125,0.125,0.125,0.125,0.125,0.125,0.125,0.125
88,88.0,88.7,0.125,0.125,0.125,0.125,0.125,0.125,0.125,0.125
89,89.0,89.8,0.125,0.125,0.125,0.125,0.125,0.125,0.125,0.125
90,90.0,90.8,0.125,0.125,0.125,0.125,0.125,0.125,0.125,0.125
91,91.0,91.8,0.125,0.125,0.125,0.125,0.125,0.125,0.125,0.125
92,92.0,92.8,0.125,0.125,0.125,0.125,0.125,0.125,0.125,0.125
93,93.0,93.8,0.125,0.125,0.125,0.125,0.125,0.125,0.125,0.125
94,94.0,94.8,0.125,0.125,0.125,0.125,0.125,0.125,0.125,0.125
95,95.0,95.8,0.125,0.125,0.125,0.125,0.125,0.125,0.125,0.125
96,96.0,96.8,0.125,0.125,0.125,0.125,0.125,0.125,0.125,0.125
97,97.0,97.8,0.125,0.125,0.125,0.125,0.125,0.125,0.125,0.125
98,98.0,98.8,0.125,0.125,0.125,0.125,0.125,0.125,0.125,0.125
99,99.0,99.8,0.125,0.125,0.125,0.125,0.125,0.125,0.125,0.125
100,100.0,100.8,0.125,0.125,0.125,0.125,0.125,0.125,0.125,0.125
101,101.0,101.8,0.125,0.125,0.125,0.125,0.125,0.125,0.125,0.125
102,102.0,102.8,0.125,0.125,0.125,0.125,0.125,0.125,0.125,0.125
103,103.0,103.8,0.125,0.125,0.125,0.125,0.125,0.125,0.125,0.125
104,104.0,104.8,0.125,0.125,0.125,0.125,0.125,0.125,0.125,0.125
105,105.0,105.8,0.125,0.125,0.125,0.125,0.125,0.125,0.125,0.125
106,106.0,106.8,0.125,0.125,0.125,0.125,0.125,0.125,0.125,0.125
107,107.0,107.8,0.125,0.125,0.125,0.125,0.125,0.125,0.125,0.125
108,108.0,108.8,0.125,0.125,0.125,0.125,0.125,0.125,0.125,0.125
109,109.0,109.8,0.125,0.125,0.125,0.125,0.125,0.125,0.125,0.125
110,110.0,110.8,0.125,0.125,0.125,0.125,0.125,0.125,0.125,0.125
111,111.0,111.8,0.125,0.125,0.125,0.125,0.125,0.125,0.125,0.125
112,112.0,112.8,0.125,0.125,0.125,0.125,0.125,0.125,0.125,0.125
113,113.0,113.8,0.125,0.125,0.125,0.125,0.125,0.125,0.125,0.125
114,114.0,114.8,0.125,0.125,0.125,0.125,0.125,0.125,0.125,0.125
115,115.0,115.8,0.125,0.125,0.125,0.125,0.125,0.125,0.125,0.125
116,116.0,116.8,0.125,0.125,0.125,0.125,0.125,0.125,0.125,0.125
117,117.0,117.8,0.125,0.125,0.125,0.125,0.125,0.125,0.125,0.125
118,118.0,118.8,0.125,0.125,0.125,0.125,0.125,0.125,0.125,0.125
119,119.0,119.8,0.125,0.125,0.125,0.125,0.125,0.125,0.125,0.125
120,120.0,120.8,0.125,0.125,0.125,0.125,0.125,0.125,0.125,0.125
121,121.0,121.8,0.125,0.125,0.125,0.125,0.125,0.125,0.125,0.125
122,122.0,122.8,0.125,0.125,0.125,0.125,0.125,0.125,0.125,0.125
123,123.0,123.8,0.125,0.125,0.125,0.125,0.125,0.125,0.125,0.125
124,124.0,124.8,0.125,0.125,0.125,0.125,0.125,0.125,0.125,0.125
125,125.0,125.8,0.125,0.125,0.125,0.125,0.125,0.125,0.125,0.125
126,126.0,126.8,0.125,0.125,0.125,0.125,0.125,0.125,0.125,0.125
127,127.0,127.8,0.125,0.125,0.125,0.125,0.125,0.125,0.125,0.125
128,128.0,128.8,0.125,0.125,0.125,0.125,0.125,0.125,0.125,0.125
129,129.0,129.8,0.125,0.125,0.125,0.125,0.125,0.125,0.125,0.125
130,130.0,130.9,0.125,0.125,0.125,0.125,0.125,0.125,0.125,0.125
131,131.0,131.9,0.125,0.125,0.125,0.125,0.125,0.125,0.125,0.125
132,132.0,132.9,0.125,0.125,0.125,0.125,0.125,0.125,0.125,0.125
133,133.0,133.9,0.125,0.125,0.125,0.125,0.125,0.125,0.125,0.125
134,134.0,134.9,0.125,0.125,0.125,0.125,0.125,0.125,0.125,0.125
135,135.0,136.0,0.125,0.125,0.125,0.125,0.125,0.125,0.125,0.125
136,136.0,137.0,0.125,0.125,0.125,0.125,0.125,0.125,0.125,0.125
137,137.0,138.0,0.125,0.125,0.125,0.125,0.125,0.125,0.125,0.125
138,138.0,139.0,0.125,0.125,0.125,0.125,0.125,0.125,0.125,0.125
139,139.0,140.0,0.125,0.125,0.125,0.125,0.125,0.125,0.125,0.125
140,140.0,141.0,0.125,0.125,0.125,0.125,0.125,0.125,0.125,0.125
141,141.0,142.0,0.125,0.125,0.125,0.125,0.125,0.125,0.125,0.125
142,142.0,143.0,0.125,0.125,0.125,0.125,0.125,0.125,0.125,0.125
143,143.0,144.1,0.125,0.125,0.125,0.125,0.125,0.125,0.125,0.125
144,144.0,145.1,0.125,0.125,0.125,0.125,0.125,0.125,0.125,0.125
145,145.0,146.1,0.125,0.125,0.125,0.125,0.125,0.125,0.125,0.125
146,146.0,147.1,0.125,0.125,0.125,0.125,0.125,0.125,0.125,0.125
147,147.0,148.1,0.125,0.125,0.125,0.125,0.125,0.125,0.125,0.125
148,148.0,149.1,0.125,0.125,0.125,0.125,0.125,0.125,0.125,0.125
149,149.0,150.1,0.125,0.125,0.125,0.125,0.125,0.125,0.125,0.125
150,150.0,151.2,0.125,0.125,0.125,0.125,0.125,0.125,0.125,0.125
151,151.0,152.2,0.125,0.125,0.125,0.125,0.125,0.125,0.125,0.125
152,152.0,153.2,0.125,0.125,0.125,0.125,0.125,0.125,0.125,0.125
153,153.0,154.2,0.125,0.125,0.125,0.125,0.125,0.125,0.125,0.125
154,154.0,155.2,0.125,0.125,0.125,0.125,0.125,0.125,0.125,0.125
155,155.0,156.2,0.125,0.125,0.125,0.125,0.125,0.125,0.125,0.125
156,156.0,157.2,0.125,0.125,0.125,0.125,0.125,0.125,0.125,0.125
157,157.0,158.2,0.125,0.125,0.125,0.125,0.125,0.125,0.125,0.125
158,158.0,159.2,0.125,0.125,0.125,0.125,0.125,0.125,0.125,0.125
159,159.0,160.2,0.125,0.125,0.125,0.125,0.125,0.125,0.125,0.125
160,160.0,161.2,0.125,0.125,0.125,0.125,0.125,0.125,0.125,0.125
161,161.0,162.2,0.125,0.125,0.125,0.125,0.125,0.125,0.125,0.125
162,162.0,163.2,0.125,0.125,0.125,0.125,0.125,0.125,0.125,0.125
163,163.0,164.2,0.125,0.125,0.125,0.125,0.125,0.125,0.125,0.125
164,164.0,165.2,0.125,0.125,0.125,0.125,0.125,0.125,0.125,0.125
165,165.0,166.2,0.125,0.125,0.125,0.125,0.125,0.125,0.125,0.125
166,166.0,167.2,0.125,0.125,0.125,0.125,0.125,0.125,0.125,0.125
167,167.0,168.2,0.125,0.125,0.125,0.125,0.125,0.125,0.125,0.125
168,168.0,169.2,0.125,0.125,0.125,0.125,0.125,0.125,0.125,0.125
169,169.0,170.3,0.125,0.125,0.125,0.125,0.125,0.125,0.125,0.125
170,170.0,171.3,0.125,0.125,0.125,0.125,0.125,0.125,0.125,0.125
171,171.0,172.3,0.125,0.125,0.125,0.125,0.125,0.125,0.125,0.125
172,172.0,173.3,0.125,0.125,0.125,0.125,0.125,0.125,0.125,0.125
173,173.0,174.3,0.125,0.125,0.125,0.125,0.125,0.125,0.125,0.125
174,174.0,175.3,0.125,0.125,0.125,0.125,0.125,0.125,0.125,0.125
175,175.0,176.3,0.125,0.125,0.125,0.125,0.125,0.125,0.125,0.125
176,176.0,177.3,0.125,0.125,0.125,0.125,0.125,0.125,0.125,0.125
177,177.0,178.3,0.125,0.125,0.125,0.125,0.125,0.125,0.125,0.125
178,178.0,179.3,0.125,0.125,0.125,0.125,0.125,0.125,0.125,0.125
179,179.0,180.3,0.125,0.125,0.125,0.125,0.125,0.125,0.125,0.125
180,180.0,181.3,0.125,0.125,0.125,0.125,0.125,0.125,0.125,0.125
181,181.0,182.3,0.125,0.125,0.125,0.125,0.125,0.125,0.125,0.125
182,182.0,183.3,0.125,0.125,0.125,0.125,0.125,0.125,0.125,0.125
183,183.0,184.3,0.125,0.125,0.125,0.125,0.125,0.125,0.125,0.125
184,184.0,185.3,0.125,0.125,0.125,0.125,0.125,0.125,0.125,0.125
185,185.0,186.3,0.125,0.125,0.125,0.125,0.125,0.125,0.125,0.125
186,186.0,187.3,0.125,0.125,0.125,0.125,0.125,0.125,0.125,0.125
187,187.0,188.3,0.125,0.125,0.125,0.125,0.125,0.125,0.125,0.125
188,188.0,189.3,0.125,0.125,0.125,0.125,0.125,0.125,0.125,0.125
189,189.0,190.3,0.125,0.125,0.125,0.125,0.125,0.125,0.125,0.125
190,190.0,191.3,0.125,0.125,0.125,0.125,0.125,0.125,0.125,0.125
191,191.0,192.3,0.125,0.125,0.125,0.125,0.125,0.125,0.125,0.125
192,192.0,193.3,0.125,0.125,0.125,0.125,0.125,0.125,0.125,0.125
193,193.0,194.3,0.125,0.125,0.125,0.125,0.125,0.125,0.125,0.125
194,194.0,195.3,0.125,0.125,0.125,0.125,0.125,0.125,0.125,0.125
195,195.0,196.3,0.125,0.125,0.125,0.125,0.125,0.125,0.125,0.125
196,196.0,197.3,0.125,0.125,0.125,0.125,0.125,0.125,0.125,0.125
197,197.0,198.3,0.125,0.125,0.125,0.125,0.125,0.125,0.125,0.125
198,198.0,199.3,0.12361111111111112,0.12361111111111112,0.13472222222222224,0.12361111111111112,0.12361111111111112,0.12361111111111112,0.12361111111111112,0.12361111111111112
199,199.0,200.3,0.11972222222222224,0.13083333333333333,0.12972222222222224,0.11972222222222224,0.12972222222222224,0.11972222222222224,0.13083333333333336,0.11972222222222224
200,200.0,201.3,0.12833333333333335,0.12722222222222224,0.13722222222222222,0.11722222222222223,0.1272222222222222,0.11722222222222223,0.12833333333333335,0.11722222222222223
201,201.0,202.3,0.12833333333333335,0.12722222222222224,0.13722222222222222,0.11722222222222223,0.1272222222222222,0.11722222222222223,0.12833333333333335,0.11722222222222223
202,202.0,203.4,0.12429292929292927,0.12338383838383837,0.16065656565656566,0.1142929292929293,0.1233838383838384,0.1142929292929293,0.1254040404040404,0.1142929292929293
203,203.0,204.4,0.12214646464646464,0.1288131313131313,0.1569949494949495,0.11214646464646467,0.13234848484848485,0.11214646464646467,0.12325757575757575,0.11214646464646467
204,204.0,205.4,0.121505439005439,0.12689005439005438,0.16276418026418027,0.11150543900543904,0.13170745920745922,0.11150543900543904,0.12261655011655011,0.11150543900543904
205,205.0,206.4,0.12095598845598846,0.1252417027417027,0.16770923520923522,0.11095598845598845,0.13115800865800867,0.11095598845598845,0.12206709956709956,0.11095598845598845
206,206.0,207.4,0.12047979797979798,0.13047979797979797,0.16532828282828282,0.11047979797979797,0.13068181818181818,0.11047979797979797,0.12159090909090908,0.11047979797979797
207,207.0,208.5,0.12805555555555553,0.1297222222222222,0.16305555555555556,0.10972222222222221,0.12916666666666665,0.10972222222222221,0.12083333333333332,0.10972222222222221
208,208.0,209.5,0.12805555555555553,0.1297222222222222,0.16305555555555556,0.10972222222222221,0.12916666666666665,0.10972222222222221,0.12083333333333332,0.10972222222222221
209,209.0,210.5,0.11916666666666664,0.13083333333333333,0.15416666666666667,0.11083333333333331,0.13027777777777777,0.11083333333333331,0.12194444444444444,0.12194444444444444
210,210.0,211.5,0.11916666666666664,0.13083333333333333,0.15416666666666667,0.11083333333333331,0.13027777777777777,0.11083333333333331,0.12194444444444444,0.12194444444444444
211,211.0,212.6,0.11916666666666664,0.13083333333333333,0.15416666666666667,0.11083333333333331,0.13027777777777777,0.11083333333333331,0.12194444444444444,0.12194444444444444
212,212.0,213.6,0.11916666666666664,0.13083333333333333,0.15416666666666667,0.11083333333333331,0.13027777777777777,0.11083333333333331,0.12194444444444444,0.12194444444444444
213,213.0,214.6,0.11916666666666664,0.13083333333333333,0.15416666666666667,0.11083333333333331,0.13027777777777777,0.11083333333333331,0.12194444444444444,0.12194444444444444
214,214.0,215.6,0.11666666666666663,0.12833333333333333,0.15166666666666667,0.10833333333333331,0.12777777777777774,0.10833333333333331,0.13944444444444443,0.11944444444444442
215,215.0,216.6,0.11555555555555552,0.1272222222222222,0.16055555555555556,0.10722222222222219,0.12666666666666665,0.10722222222222219,0.1372222222222222,0.11833333333333332
216,216.0,217.6,0.11555555555555552,0.1272222222222222,0.16055555555555556,0.10722222222222219,0.12666666666666665,0.10722222222222219,0.1372222222222222,0.11833333333333332
217,217.0,218.6,0.11555555555555552,0.1272222222222222,0.16055555555555556,0.11833333333333332,0.11555555555555552,0.10722222222222219,0.1372222222222222,0.11833333333333332
218,218.0,219.6,0.11555555555555552,0.1272222222222222,0.17055555555555557,0.11833333333333332,0.11555555555555552,0.10722222222222219,0.1272222222222222,0.11833333333333332
219,219.0,220.6,0.11555555555555552,0.1272222222222222,0.17055555555555557,0.11833333333333332,0.11555555555555552,0.10722222222222219,0.1272222222222222,0.11833333333333332
220,220.0,221.6,0.11555555555555552,0.1272222222222222,0.17055555555555557,0.11833333333333332,0.11555555555555552,0.10722222222222219,0.1272222222222222,0.11833333333333332
221,221.0,222.7,0.12444444444444443,0.12611111111111112,0.16944444444444445,0.1161111111111111,0.11444444444444442,0.10611111111111109,0.12611111111111112,0.1172222222222222
222,222.0,223.7,0.1217171717171717,0.12429292929292927,0.1748989898989899,0.11338383838383836,0.1126262626262626,0.11338383838383836,0.12429292929292927,0.1154040404040404
223,223.0,224.7,0.11944444444444442,0.12277777777777776,0.17944444444444446,0.11944444444444442,0.11111111111111108,0.11111111111111108,0.12277777777777774,0.11388888888888886
224,224.0,225.7,0.11863247863247861,0.12260683760683759,0.18440170940170938,0.11799145299145297,0.11863247863247861,0.11029914529914528,0.11371794871794869,0.11371794871794869
225,225.0,226.7,0.1161324786324786,0.1201068376068376,0.1819017094017094,0.11549145299145296,0.1272435897435897,0.11779914529914526,0.11010683760683757,0.11121794871794868
226,226.0,227.7,0.1161324786324786,0.1201068376068376,0.1819017094017094,0.11549145299145296,0.1272435897435897,0.11779914529914526,0.11010683760683757,0.11121794871794868
227,227.0,228.7,0.11566239316239313,0.12797008547008543,0.16797008547008546,0.1250213675213675,0.12566239316239314,0.1073290598290598,0.11963675213675211,0.1107478632478632
228,228.0,229.7,0.11427350427350424,0.12658119658119654,0.16658119658119658,0.12363247863247862,0.12427350427350425,0.11705128205128204,0.11824786324786322,0.10935897435897432
229,229.0,230.8,0.11336441336441334,0.12567210567210566,0.17476301476301476,0.12272338772338771,0.12336441336441335,0.11614219114219113,0.1155205905205905,0.10844988344988345
230,230.0,231.8,0.11336441336441334,0.12567210567210566,0.17476301476301476,0.12272338772338771,0.12336441336441335,0.11614219114219113,0.1155205905205905,0.10844988344988345
231,231.0,232.8,0.10689976689976688,0.13663170163170163,0.17107614607614607,0.12368298368298367,0.11599067599067596,0.11801087801087798,0.11738927738927736,0.11031857031857029
232,232.0,233.8,0.10503108003108001,0.14309634809634808,0.16900543900543902,0.12105672105672105,0.12169774669774666,0.11614219114219111,0.1155205905205905,0.10844988344988342
233,233.0,234.8,0.10503108003108001,0.14309634809634808,0.16900543900543902,0.12105672105672105,0.12169774669774666,0.11614219114219111,0.1155205905205905,0.10844988344988342
234,234.0,235.8,0.10503108003108001,0.14309634809634808,0.16900543900543902,0.12105672105672105,0.12169774669774666,0.11614219114219111,0.1155205905205905,0.10844988344988342
235,235.0,236.8,0.10503108003108001,0.1542074592074592,0.16900543900543902,0.12105672105672105,0.12169774669774666,0.10503108003108001,0.1155205905205905,0.10844988344988342
236,236.0,237.8,0.10503108003108001,0.16254079254079254,0.16900543900543902,0.1127233877233877,0.12169774669774666,0.10503108003108001,0.1155205905205905,0.10844988344988342
237,237.0,238.8,0.10503108003108001,0.16254079254079254,0.16900543900543902,0.1127233877233877,0.12169774669774666,0.10503108003108001,0.1155205905205905,0.10844988344988342
238,238.0,239.8,0.10503108003108001,0.16254079254079254,0.16900543900543902,0.1127233877233877,0.12169774669774666,0.10503108003108001,0.1155205905205905,0.10844988344988342
239,239.0,240.8,0.11253108003108,0.16726301476301475,0.166505439005439,0.11022338772338772,0.11086441336441336,0.10253108003108002,0.12413170163170162,0.10594988344988343
240,240.0,241.8,0.11253108003108,0.16726301476301475,0.166505439005439,0.11022338772338772,0.11086441336441336,0.10253108003108002,0.12413170163170162,0.10594988344988343
241,241.0,242.8,0.11253108003108,0.16726301476301475,0.166505439005439,0.11022338772338772,0.11086441336441336,0.10253108003108002,0.12413170163170162,0.10594988344988343
242,242.0,243.8,0.12056138306138306,0.15786907536907538,0.16862665112665112,0.11007187257187256,0.1107128982128982,0.10237956487956486,0.12398018648018647,0.10579836829836828
243,243.0,244.8,0.12056138306138306,0.1662024087024087,0.16862665112665112,0.11007187257187256,0.10237956487956486,0.10237956487956486,0.12398018648018647,0.10579836829836828
244,244.0,245.8,0.13518842268842268,0.16223970473970475,0.16495532245532246,0.10867327117327115,0.10098096348096346,0.10098096348096346,0.12258158508158505,0.10439976689976689
245,245.0,246.8,0.13518842268842268,0.16223970473970475,0.14495532245532244,0.10867327117327115,0.10098096348096346,0.11098096348096345,0.13258158508158505,0.10439976689976689
246,246.0,247.8,0.1340895215895216,0.159492451992452,0.15154872904872904,0.1081238206238206,0.10043151293151291,0.1104315129315129,0.1320321345321345,0.10385031635031634
247,247.0,248.8,0.1328074703074703,0.15885142635142635,0.1489846264846265,0.10748279498279496,0.09979048729048726,0.11748279498279497,0.13139110889110886,0.1032092907092907
248,248.0,249.8,0.13885142635142636,0.1583019758019758,0.1467868242868243,0.10693334443334442,0.09924103674103671,0.11638389388389385,0.1308416583416583,0.10265984015984016
249,249.0,250.8,0.136470473970474,0.15544483294483297,0.15726301476301477,0.10598096348096346,0.09828865578865577,0.11495532245532243,0.12988927738927736,0.1017074592074592
250,250.0,251.8,0.13522047397047396,0.1550281662781663,0.16142968142968145,0.1055642968142968,0.0978719891219891,0.11412198912198909,0.12947261072261068,0.10129079254079254
251,251.0,252.8,0.13522047397047396,0.1550281662781663,0.16142968142968145,0.1055642968142968,0.0978719891219891,0.11412198912198909,0.12947261072261068,0.10129079254079254
252,252.0,253.8,0.13522047397047396,0.1550281662781663,0.16142968142968145,0.1055642968142968,0.0978719891219891,0.11412198912198909,0.12947261072261068,0.10129079254079254
253,253.0,254.8,0.13522047397047396,0.1550281662781663,0.16142968142968145,0.1055642968142968,0.0978719891219891,0.11412198912198909,0.12947261072261068,0.10129079254079254
254,254.0,255.8,0.13410936285936287,0.15391705516705517,0.1703185703185703,0.1044531857031857,0.09676087801087799,0.11301087801087799,0.12725038850038847,0.10017968142968141
255,255.0,256.8,0.11794774669774669,0.1468463480963481,0.17233877233877232,0.1064733877233877,0.10989219114219113,0.11503108003108001,0.12927059052059048,0.10219988344988344
256,256.0,257.8,0.11683663558663557,0.145735236985237,0.17122766122766123,0.1153622766122766,0.10766996891996891,0.11391996891996889,0.1281594794094794,0.10108877233877231
257,257.0,258.8,0.11683663558663557,0.145735236985237,0.17122766122766123,0.1153622766122766,0.10766996891996891,0.11391996891996889,0.1281594794094794,0.10108877233877231
258,258.0,259.8,0.13475330225330223,0.14615190365190367,0.15706099456099457,0.11577894327894327,0.10808663558663556,0.10808663558663556,0.12857614607614604,0.10150543900543899
259,259.0,260.8,0.12608585858585858,0.1564267676767677,0.15657828282828282,0.109760101010101,0.11178030303030302,0.10157828282828281,0.13510101010101008,0.10268939393939394
260,260.0,261.8,0.12608585858585858,0.1564267676767677,0.15657828282828282,0.109760101010101,0.11178030303030302,0.10157828282828281,0.13510101010101008,0.10268939393939394
261,261.0,262.8,0.12608585858585858,0.14733585858585857,0.15657828282828282,0.1188510101010101,0.11178030303030302,0.10157828282828281,0.13510101010101008,0.10268939393939394
262,262.0,263.8,0.11968725718725719,0.15170648795648795,0.15120532245532242,0.11760392385392385,0.11962412587412588,0.1018463480963481,0.13536907536907533,0.1029574592074592
263,263.0,264.8,0.11904623154623153,0.1510654623154623,0.1616754079254079,0.12337315462315461,0.11658993783993783,0.09120532245532244,0.1347280497280497,0.10231643356643357
264,264.0,265.8,0.12237956487956488,0.14550990675990677,0.14723096348096348,0.12670648795648795,0.11992327117327117,0.09453865578865578,0.13806138306138305,0.1056497668997669
265,265.0,266.8,0.12035936285936286,0.14237859362859362,0.14339257964257962,0.12468628593628595,0.11790306915306917,0.11160936285936285,0.13604118104118104,0.10362956487956487
266,266.0,267.8,0.12714257964257963,0.14965132090132088,0.13479118104118104,0.12377719502719504,0.11699397824397824,0.10979118104118105,0.1351320901320901,0.10272047397047397
267,267.0,268.8,0.12714257964257963,0.14965132090132088,0.13479118104118104,0.12377719502719504,0.11699397824397824,0.10979118104118105,0.1351320901320901,0.10272047397047397
268,268.0,269.8,0.1263850038850039,0.14889374514374515,0.14085178710178708,0.12301961926961927,0.11623640248640248,0.10827602952602952,0.13437451437451436,0.10196289821289821
269,269.0,270.8,0.1347183372183372,0.14889374514374515,0.13892871017871017,0.10827602952602951,0.11751845376845375,0.11532731157731158,0.13437451437451436,0.10196289821289821
270,270.0,271.8,0.1347183372183372,0.15798465423465421,0.13892871017871017,0.10827602952602951,0.11751845376845375,0.10623640248640247,0.13437451437451436,0.10196289821289821
271,271.0,272.9,0.14524281274281275,0.15815947940947941,0.13881216006216007,0.10815947940947938,0.11740190365190364,0.10611985236985237,0.12425796425796425,0.1018463480963481
272,272.0,273.9,0.14396076146076145,0.15559537684537686,0.1381711344211344,0.10751845376845375,0.116760878010878,0.11317113442113443,0.12361693861693861,0.10120532245532246
273,273.0,274.9,0.14927211677211677,0.15989940614940615,0.13698065823065822,0.10568695193695192,0.11428835053835054,0.11143120768120766,0.12242646242646242,0.10001484626484627
274,274.0,275.9,0.1499131424131424,0.1605404317904318,0.13954476079476077,0.10632797757797756,0.11492937617937618,0.09668761793761792,0.13140082140082138,0.10065587190587191
275,275.0,276.9,0.13260545010545008,0.16711094461094458,0.1493204018204018,0.10777028527028525,0.11637168387168387,0.0981299256299256,0.1265931290931291,0.10209817959817957
276,276.0,277.9,0.13260545010545008,0.16711094461094458,0.1493204018204018,0.10777028527028525,0.11637168387168387,0.0981299256299256,0.1265931290931291,0.10209817959817957
277,277.0,278.9,0.13260545010545008,0.16711094461094458,0.1493204018204018,0.10777028527028525,0.11637168387168387,0.0981299256299256,0.1265931290931291,0.10209817959817957
278,278.0,279.9,0.13260545010545008,0.16711094461094458,0.1493204018204018,0.10007797757797757,0.12406399156399155,0.0981299256299256,0.1265931290931291,0.10209817959817957
279,279.0,280.9,0.13196442446442444,0.17416222666222664,0.1461152736152736,0.09943695193695191,0.12342296592296591,0.09748889998889997,0.12595210345210345,0.10145715395715393
280,280.0,282.0,0.12427211677211676,0.18734903984903983,0.14336802086802086,0.09888750138750137,0.12287351537351536,0.09693944943944942,0.1254026529026529,0.10090770340770339
281,281.0,283.0,0.12379592629592628,0.19258713508713507,0.1409870684870685,0.09841131091131088,0.12239732489732487,0.09646325896325894,0.12492646242646241,0.10043151293151291
282,282.0,284.0,0.1256808469308469,0.20375777000777,0.12731643356643357,0.10029623154623155,0.12428224553224554,0.09787198912198912,0.11847804972804973,0.10231643356643357
283,283.0,285.0,0.1256808469308469,0.20375777000777,0.12731643356643357,0.10029623154623155,0.12428224553224554,0.09787198912198912,0.11847804972804973,0.10231643356643357
284,284.0,286.0,0.1256808469308469,0.20375777000777,0.12731643356643357,0.10029623154623155,0.12428224553224554,0.09787198912198912,0.11847804972804973,0.10231643356643357
285,285.0,287.0,0.12456973581973581,0.2026466588966589,0.13509421134421135,0.09918512043512043,0.1231711344211344,0.096760878010878,0.11736693861693862,0.10120532245532246
286,286.0,288.0,0.12917535079299786,0.1998993326934503,0.13052870332282096,0.09790838246720598,0.12189439645321998,0.09548414004296357,0.11609020064902417,0.10901949357831711
287,287.0,289.0,0.12852175602175603,0.20382090132090128,0.1288947163947164,0.09758158508158507,0.12156759906759906,0.09515734265734264,0.11576340326340326,0.10869269619269617
288,288.0,290.0,0.13661892201365883,0.167023780313254,0.13085153150942624,0.10070799083956979,0.12469400482558375,0.09828374841532736,0.1300009201324991,0.11181910195068087
289,289.0,291.0,0.13661892201365883,0.167023780313254,0.13085153150942624,0.10070799083956979,0.12469400482558375,0.09828374841532736,0.1300009201324991,0.11181910195068087
290,290.0,292.1,0.13709511248984932,0.17562027154132417,0.12606456409087988,0.10118418131576026,0.12517019530177426,0.09209327222485117,0.13047711060868955,0.11229529242687135
291,291.0,293.1,0.13630563880563878,0.17377816627816628,0.1250119325119325,0.10092102342102342,0.12490703740703742,0.09683011433011432,0.1302139527139527,0.11203213453213452
292,292.0,294.1,0.1355913530913531,0.17687340437340437,0.12405955155955155,0.10068292818292816,0.12466894216894216,0.09635392385392386,0.12997585747585746,0.11179403929403928
293,293.0,295.1,0.13602425352425349,0.18111582861582862,0.1163106338106338,0.11222693972693971,0.1251018426018426,0.09678682428682428,0.1304087579087579,0.10202491952491952
294,294.0,296.1,0.1403694916194916,0.17927059052059052,0.11589396714396713,0.11181027306027305,0.12468517593517592,0.09637015762015762,0.12999209124209124,0.10160825285825285
295,295.0,297.1,0.13950369075369076,0.177755439005439,0.11502816627816628,0.11613927738927739,0.12446872571872572,0.09593725718725718,0.12977564102564101,0.10139180264180266
296,296.0,298.1,0.13950369075369076,0.177755439005439,0.11502816627816628,0.11613927738927739,0.12446872571872572,0.09593725718725718,0.12977564102564101,0.10139180264180266
297,297.0,299.1,0.13950369075369076,0.177755439005439,0.11502816627816628,0.11613927738927739,0.12446872571872572,0.09593725718725718,0.12977564102564101,0.10139180264180266
298,298.0,300.2,0.13950369075369076,0.177755439005439,0.11502816627816628,0.11613927738927739,0.12446872571872572,0.09593725718725718,0.12977564102564101,0.10139180264180266
299,299.0,301.2,0.13950369075369076,0.177755439005439,0.11502816627816628,0.11613927738927739,0.12446872571872572,0.09593725718725718,0.12977564102564101,0.10139180264180266
300,300.0,302.2,0.13950369075369076,0.177755439005439,0.11502816627816628,0.11613927738927739,0.13557983682983682,0.09593725718725718,0.11866452991452991,0.10139180264180266
301,301.0,303.2,0.13839257964257964,0.17664432789432788,0.11391705516705516,0.11502816627816628,0.13335761460761458,0.09482614607614608,0.11755341880341881,0.11028069153069153
302,302.0,304.2,0.13839257964257964,0.17664432789432788,0.11391705516705516,0.11502816627816628,0.13335761460761458,0.09482614607614608,0.11755341880341881,0.11028069153069153
303,303.0,305.2,0.13839257964257964,0.17664432789432788,0.11391705516705516,0.11502816627816628,0.13335761460761458,0.09482614607614608,0.11755341880341881,0.11028069153069153
304,304.0,306.2,0.13839257964257964,0.17664432789432788,0.11391705516705516,0.11502816627816628,0.13335761460761458,0.09482614607614608,0.11755341880341881,0.11028069153069153
305,305.0,307.2,0.14839257964257963,0.17664432789432788,0.11391705516705516,0.11502816627816628,0.13335761460761458,0.09482614607614608,0.11755341880341881,0.10028069153069155
306,306.0,308.2,0.14839257964257963,0.17664432789432788,0.11391705516705516,0.11502816627816628,0.13335761460761458,0.09482614607614608,0.11755341880341881,0.10028069153069155
307,307.0,309.2,0.14839257964257963,0.17664432789432788,0.11391705516705516,0.11502816627816628,0.13335761460761458,0.09482614607614608,0.11755341880341881,0.10028069153069155
308,308.0,310.2,0.14928543678543676,0.16325147075147073,0.12195276945276945,0.11592102342102342,0.13425047175047172,0.09571900321900322,0.11844627594627595,0.10117354867354869
309,309.0,311.2,0.1388092463092463,0.1603943278943279,0.12766705516705518,0.12544483294483294,0.13377428127428126,0.09524281274281274,0.11797008547008547,0.10069735819735821
310,310.0,312.2,0.13790015540015538,0.15948523698523698,0.13584887334887336,0.12362665112665112,0.13195609945609943,0.09433372183372182,0.11706099456099454,0.09978826728826727
311,311.0,313.2,0.13714257964257962,0.15872766122766122,0.1343337218337218,0.13044483294483294,0.1304409479409479,0.09357614607614607,0.1163034188034188,0.09903069153069152
312,312.0,314.2,0.13714257964257962,0.15872766122766122,0.1343337218337218,0.13044483294483294,0.1304409479409479,0.09357614607614607,0.1163034188034188,0.09903069153069152
313,313.0,315.2,0.13714257964257962,0.15872766122766122,0.1343337218337218,0.13044483294483294,0.1304409479409479,0.09357614607614607,0.1163034188034188,0.09903069153069152
314,314.0,316.2,0.13714257964257962,0.15872766122766122,0.1343337218337218,0.13044483294483294,0.1304409479409479,0.09357614607614607,0.1163034188034188,0.09903069153069152
315,315.0,317.2,0.13714257964257962,0.15872766122766122,0.1343337218337218,0.13044483294483294,0.1304409479409479,0.09357614607614607,0.1163034188034188,0.09903069153069152
316,316.0,318.2,0.13714257964257962,0.15872766122766122,0.1343337218337218,0.13044483294483294,0.1304409479409479,0.09357614607614607,0.1163034188034188,0.09903069153069152
317,317.0,319.2,0.13714257964257962,0.15872766122766122,0.1343337218337218,0.13044483294483294,0.1304409479409479,0.09357614607614607,0.1163034188034188,0.09903069153069152
318,318.0,320.2,0.13714257964257962,0.15872766122766122,0.1343337218337218,0.13044483294483294,0.1304409479409479,0.09357614607614607,0.1163034188034188,0.09903069153069152
319,319.0,321.2,0.13714257964257962,0.15872766122766122,0.1343337218337218,0.13044483294483294,0.1304409479409479,0.09357614607614607,0.1163034188034188,0.09903069153069152
320,320.0,322.2,0.13714257964257962,0.15872766122766122,0.1343337218337218,0.13044483294483294,0.1304409479409479,0.09357614607614607,0.1163034188034188,0.09903069153069152
321,321.0,323.2,0.13714257964257962,0.15872766122766122,0.1343337218337218,0.13044483294483294,0.1304409479409479,0.09357614607614607,0.1163034188034188,0.09903069153069152
322,322.0,324.2,0.13714257964257962,0.15872766122766122,0.1343337218337218,0.13044483294483294,0.1304409479409479,0.09357614607614607,0.1163034188034188,0.09903069153069152
323,323.0,325.2,0.13714257964257962,0.15872766122766122,0.1343337218337218,0.13044483294483294,0.1304409479409479,0.09357614607614607,0.1163034188034188,0.09903069153069152
324,324.0,326.2,0.13714257964257962,0.15872766122766122,0.1343337218337218,0.13044483294483294,0.1304409479409479,0.09357614607614607,0.1163034188034188,0.09903069153069152
325,325.0,327.2,0.13714257964257962,0.15872766122766122,0.1343337218337218,0.13044483294483294,0.1304409479409479,0.09357614607614607,0.1163034188034188,0.09903069153069152
326,326.0,328.2,0.13714257964257962,0.15872766122766122,0.1343337218337218,0.13044483294483294,0.1304409479409479,0.09357614607614607,0.1163034188034188,0.09903069153069152
327,327.0,329.2,0.13714257964257962,0.15872766122766122,0.1343337218337218,0.13044483294483294,0.1304409479409479,0.09357614607614607,0.1163034188034188,0.09903069153069152
328,328.0,330.2,0.13714257964257962,0.15872766122766122,0.1343337218337218,0.13044483294483294,0.1304409479409479,0.09357614607614607,0.1163034188034188,0.09903069153069152
329,329.0,331.2,0.13714257964257962,0.15872766122766122,0.1343337218337218,0.13044483294483294,0.1304409479409479,0.09357614607614607,0.1163034188034188,0.09903069153069152
330,330.0,332.2,0.13714257964257962,0.15872766122766122,0.1343337218337218,0.13044483294483294,0.1304409479409479,0.09357614607614607,0.1163034188034188,0.09903069153069152
331,331.0,333.2,0.13714257964257962,0.15872766122766122,0.1343337218337218,0.13044483294483294,0.1304409479409479,0.09357614607614607,0.1163034188034188,0.09903069153069152
332,332.0,334.2,0.13714257964257962,0.15872766122766122,0.1343337218337218,0.13044483294483294,0.1304409479409479,0.09357614607614607,0.1163034188034188,0.09903069153069152
333,333.0,335.2,0.13714257964257962,0.15872766122766122,0.1343337218337218,0.13044483294483294,0.1304409479409479,0.09357614607614607,0.1163034188034188,0.09903069153069152
334,334.0,336.2,0.13714257964257962,0.15872766122766122,0.1343337218337218,0.13044483294483294,0.1304409479409479,0.09357614607614607,0.1163034188034188,0.09903069153069152
335,335.0,337.2,0.13714257964257962,0.15872766122766122,0.1343337218337218,0.13044483294483294,0.1304409479409479,0.09357614607614607,0.1163034188034188,0.09903069153069152
336,336.0,338.2,0.13714257964257962,0.15872766122766122,0.1343337218337218,0.13044483294483294,0.1304409479409479,0.09357614607614607,0.1163034188034188,0.09903069153069152
337,337.0,339.2,0.13007187257187253,0.16074786324786325,0.13635392385392384,0.13448523698523696,0.13246114996114994,0.09559634809634808,0.10923271173271172,0.10105089355089354
338,338.0,340.2,0.13249611499611497,0.12983877233877233,0.14362665112665113,0.1369094794094794,0.13488539238539238,0.09802059052059052,0.12074786324786324,0.10347513597513598
339,339.0,341.2,0.13173853923853923,0.1290811965811966,0.14135392385392384,0.13615190365190366,0.13412781662781662,0.09726301476301477,0.12756604506604505,0.10271756021756022
340,340.0,342.2,0.13173853923853923,0.1290811965811966,0.14135392385392384,0.13615190365190366,0.13412781662781662,0.09726301476301477,0.12756604506604505,0.10271756021756022
341,341.0,343.2,0.13173853923853923,0.1290811965811966,0.14135392385392384,0.13615190365190366,0.13412781662781662,0.09726301476301477,0.12756604506604505,0.10271756021756022
342,342.0,344.2,0.13220862470862468,0.12955128205128205,0.14934537684537685,0.13662198912198914,0.13459790209790207,0.09773310023310024,0.12675407925407925,0.09318764568764568
343,343.0,345.2,0.13165917415917414,0.1290018315018315,0.15429043179043178,0.1360725385725386,0.13404845154845152,0.09718364968364969,0.1251057276057276,0.09263819513819513
344,344.0,346.2,0.13054806304806305,0.12789072039072039,0.15206820956820957,0.13496142746142747,0.1429373404373404,0.09607253857253856,0.12399461649461647,0.09152708402708401
345,345.0,347.3,0.13054806304806305,0.12789072039072039,0.15206820956820957,0.13496142746142747,0.1429373404373404,0.09607253857253856,0.12399461649461647,0.09152708402708401
346,346.0,348.3,0.13054806304806305,0.12789072039072039,0.15206820956820957,0.13496142746142747,0.1429373404373404,0.09607253857253856,0.12399461649461647,0.09152708402708401
347,347.0,349.3,0.1310975135975136,0.12844017094017093,0.16250777000777,0.13551087801087802,0.14348679098679096,0.0966219891219891,0.11025835275835275,0.09207653457653456
348,348.0,350.3,0.1310975135975136,0.12844017094017093,0.16250777000777,0.13551087801087802,0.14348679098679096,0.0966219891219891,0.11025835275835275,0.09207653457653456
349,349.0,351.3,0.13054806304806305,0.12789072039072039,0.16635392385392384,0.13496142746142747,0.1429373404373404,0.09607253857253856,0.1097089022089022,0.09152708402708401
350,350.0,352.3,0.13054806304806305,0.12789072039072039,0.16635392385392384,0.13496142746142747,0.1429373404373404,0.09607253857253856,0.1097089022089022,0.09152708402708401
351,351.0,353.3,0.13054806304806305,0.13900183150183149,0.16635392385392384,0.12385031635031636,0.1429373404373404,0.09607253857253856,0.1097089022089022,0.09152708402708401
352,352.0,354.3,0.1294369519369519,0.14677960927960926,0.16524281274281274,0.12273920523920526,0.1418262293262293,0.09496142746142745,0.10859779109779108,0.0904159729159729
353,353.0,355.3,0.1294369519369519,0.14677960927960926,0.16524281274281274,0.12273920523920526,0.1418262293262293,0.09496142746142745,0.10859779109779108,0.0904159729159729
354,354.0,356.3,0.1294369519369519,0.14677960927960926,0.16524281274281274,0.12273920523920526,0.1418262293262293,0.09496142746142745,0.10859779109779108,0.0904159729159729
