Total_iterations,Unnamed: 0.1,Intertwine_two,Add_vertex,Delete_vertex,Invert_path_vertices,Insert_inside_vertex,Delete_inside_vertex,Replace_inside_vertex,Donate_between_routes
0,0.0,0.125,0.125,0.125,0.125,0.125,0.125,0.125,0.125
1,1.0,0.125,0.125,0.125,0.125,0.125,0.125,0.125,0.125
2,2.0,0.125,0.125,0.125,0.125,0.125,0.125,0.125,0.125
3,3.0,0.125,0.125,0.125,0.125,0.125,0.125,0.125,0.125
4,4.0,0.125,0.125,0.125,0.125,0.125,0.125,0.125,0.125
5,5.0,0.125,0.125,0.125,0.125,0.125,0.125,0.125,0.125
6,6.0,0.125,0.125,0.125,0.125,0.125,0.125,0.125,0.125
7,7.0,0.125,0.125,0.125,0.125,0.125,0.125,0.125,0.125
8,8.0,0.125,0.125,0.125,0.125,0.125,0.125,0.125,0.125
9,9.0,0.125,0.125,0.125,0.125,0.125,0.125,0.125,0.125
10,10.0,0.125,0.125,0.125,0.125,0.125,0.125,0.125,0.125
11,11.0,0.125,0.125,0.125,0.125,0.125,0.125,0.125,0.125
12,12.0,0.125,0.125,0.125,0.125,0.125,0.125,0.125,0.125
13,13.0,0.125,0.125,0.125,0.125,0.125,0.125,0.125,0.125
14,14.0,0.125,0.125,0.125,0.125,0.125,0.125,0.125,0.125
15,15.0,0.125,0.125,0.125,0.125,0.125,0.125,0.125,0.125
16,16.0,0.125,0.125,0.125,0.125,0.125,0.125,0.125,0.125
17,17.0,0.125,0.125,0.125,0.125,0.125,0.125,0.125,0.125
18,18.0,0.125,0.125,0.125,0.125,0.125,0.125,0.125,0.125
19,19.0,0.125,0.125,0.125,0.125,0.125,0.125,0.125,0.125
20,20.0,0.125,0.125,0.125,0.125,0.125,0.125,0.125,0.125
21,21.0,0.125,0.125,0.125,0.125,0.125,0.125,0.125,0.125
22,22.0,0.125,0.125,0.125,0.125,0.125,0.125,0.125,0.125
23,23.0,0.125,0.125,0.125,0.125,0.125,0.125,0.125,0.125
24,24.0,0.125,0.125,0.125,0.125,0.125,0.125,0.125,0.125
25,25.0,0.125,0.125,0.125,0.125,0.125,0.125,0.125,0.125
26,26.0,0.125,0.125,0.125,0.125,0.125,0.125,0.125,0.125
27,27.0,0.125,0.125,0.125,0.125,0.125,0.125,0.125,0.125
28,28.0,0.125,0.125,0.125,0.125,0.125,0.125,0.125,0.125
29,29.0,0.125,0.125,0.125,0.125,0.125,0.125,0.125,0.125
30,30.0,0.125,0.125,0.125,0.125,0.125,0.125,0.125,0.125
31,31.0,0.125,0.125,0.125,0.125,0.125,0.125,0.125,0.125
32,32.0,0.125,0.125,0.125,0.125,0.125,0.125,0.125,0.125
33,33.0,0.125,0.125,0.125,0.125,0.125,0.125,0.125,0.125
34,34.0,0.125,0.125,0.125,0.125,0.125,0.125,0.125,0.125
35,35.0,0.125,0.125,0.125,0.125,0.125,0.125,0.125,0.125
36,36.0,0.125,0.125,0.125,0.125,0.125,0.125,0.125,0.125
37,37.0,0.125,0.125,0.125,0.125,0.125,0.125,0.125,0.125
38,38.0,0.125,0.125,0.125,0.125,0.125,0.125,0.125,0.125
39,39.0,0.125,0.125,0.125,0.125,0.125,0.125,0.125,0.125
40,40.0,0.125,0.125,0.125,0.125,0.125,0.125,0.125,0.125
41,41.0,0.125,0.125,0.125,0.125,0.125,0.125,0.125,0.125
42,42.0,0.125,0.125,0.125,0.125,0.125,0.125,0.125,0.125
43,43.0,0.125,0.125,0.125,0.125,0.125,0.125,0.125,0.125
44,44.0,0.125,0.125,0.125,0.125,0.125,0.125,0.125,0.125
45,45.0,0.125,0.125,0.125,0.125,0.125,0.125,0.125,0.125
46,46.0,0.125,0.125,0.125,0.125,0.125,0.125,0.125,0.125
47,47.0,0.125,0.125,0.125,0.125,0.125,0.125,0.125,0.125
48,48.0,0.125,0.125,0.125,0.125,0.125,0.125,0.125,0.125
49,49.0,0.125,0.125,0.125,0.125,0.125,0.125,0.125,0.125
50,50.0,0.125,0.125,0.125,0.125,0.125,0.125,0.125,0.125
51,51.0,0.125,0.125,0.125,0.125,0.125,0.125,0.125,0.125
52,52.0,0.125,0.125,0.125,0.125,0.125,0.125,0.125,0.125
53,53.0,0.125,0.125,0.125,0.125,0.125,0.125,0.125,0.125
54,54.0,0.125,0.125,0.125,0.125,0.125,0.125,0.125,0.125
55,55.0,0.125,0.125,0.125,0.125,0.125,0.125,0.125,0.125
56,56.0,0.125,0.125,0.125,0.125,0.125,0.125,0.125,0.125
57,57.0,0.125,0.125,0.125,0.125,0.125,0.125,0.125,0.125
58,58.0,0.125,0.125,0.125,0.125,0.125,0.125,0.125,0.125
59,59.0,0.125,0.125,0.125,0.125,0.125,0.125,0.125,0.125
60,60.0,0.125,0.125,0.125,0.125,0.125,0.125,0.125,0.125
61,61.0,0.125,0.125,0.125,0.125,0.125,0.125,0.125,0.125
62,62.0,0.125,0.125,0.125,0.125,0.125,0.125,0.125,0.125
63,63.0,0.125,0.125,0.125,0.125,0.125,0.125,0.125,0.125
64,64.0,0.125,0.125,0.125,0.125,0.125,0.125,0.125,0.125
65,65.0,0.125,0.125,0.125,0.125,0.125,0.125,0.125,0.125
66,66.0,0.125,0.125,0.125,0.125,0.125,0.125,0.125,0.125
67,67.0,0.125,0.125,0.125,0.125,0.125,0.125,0.125,0.125
68,68.0,0.125,0.125,0.125,0.125,0.125,0.125,0.125,0.125
69,69.0,0.125,0.125,0.125,0.125,0.125,0.125,0.125,0.125
70,70.0,0.125,0.125,0.125,0.125,0.125,0.125,0.125,0.125
71,71.0,0.125,0.125,0.125,0.125,0.125,0.125,0.125,0.125
72,72.0,0.125,0.125,0.125,0.125,0.125,0.125,0.125,0.125
73,73.0,0.125,0.125,0.125,0.125,0.125,0.125,0.125,0.125
74,74.0,0.125,0.125,0.125,0.125,0.125,0.125,0.125,0.125
75,75.0,0.125,0.125,0.125,0.125,0.125,0.125,0.125,0.125
76,76.0,0.125,0.125,0.125,0.125,0.125,0.125,0.125,0.125
77,77.0,0.125,0.125,0.125,0.125,0.125,0.125,0.125,0.125
78,78.0,0.125,0.125,0.125,0.125,0.125,0.125,0.125,0.125
79,79.0,0.125,0.125,0.125,0.125,0.125,0.125,0.125,0.125
80,80.0,0.125,0.125,0.125,0.125,0.125,0.125,0.125,0.125
81,81.0,0.125,0.125,0.125,0.125,0.125,0.125,0.125,0.125
82,82.0,0.125,0.125,0.125,0.125,0.125,0.125,0.125,0.125
83,83.0,0.125,0.125,0.125,0.125,0.125,0.125,0.125,0.125
84,84.0,0.125,0.125,0.125,0.125,0.125,0.125,0.125,0.125
85,85.0,0.125,0.125,0.125,0.125,0.125,0.125,0.125,0.125
86,86.0,0.125,0.125,0.125,0.125,0.125,0.125,0.125,0.125
87,87.0,0.125,0.125,0.125,0.125,0.125,0.125,0.125,0.125
88,88.0,0.125,0.125,0.125,0.125,0.125,0.125,0.125,0.125
89,89.0,0.125,0.125,0.125,0.125,0.125,0.125,0.125,0.125
90,90.0,0.125,0.125,0.125,0.125,0.125,0.125,0.125,0.125
91,91.0,0.125,0.125,0.125,0.125,0.125,0.125,0.125,0.125
92,92.0,0.125,0.125,0.125,0.125,0.125,0.125,0.125,0.125
93,93.0,0.125,0.125,0.125,0.125,0.125,0.125,0.125,0.125
94,94.0,0.125,0.125,0.125,0.125,0.125,0.125,0.125,0.125
95,95.0,0.125,0.125,0.125,0.125,0.125,0.125,0.125,0.125
96,96.0,0.125,0.125,0.125,0.125,0.125,0.125,0.125,0.125
97,97.0,0.125,0.125,0.125,0.125,0.125,0.125,0.125,0.125
98,98.0,0.125,0.125,0.125,0.125,0.125,0.125,0.125,0.125
99,99.0,0.125,0.125,0.125,0.125,0.125,0.125,0.125,0.125
100,100.0,0.125,0.125,0.125,0.125,0.125,0.125,0.125,0.125
101,101.0,0.125,0.125,0.125,0.125,0.125,0.125,0.125,0.125
102,102.0,0.125,0.125,0.125,0.125,0.125,0.125,0.125,0.125
103,103.0,0.125,0.125,0.125,0.125,0.125,0.125,0.125,0.125
104,104.0,0.125,0.125,0.125,0.125,0.125,0.125,0.125,0.125
105,105.0,0.125,0.125,0.125,0.125,0.125,0.125,0.125,0.125
106,106.0,0.125,0.125,0.125,0.125,0.125,0.125,0.125,0.125
107,107.0,0.125,0.125,0.125,0.125,0.125,0.125,0.125,0.125
108,108.0,0.125,0.125,0.125,0.125,0.125,0.125,0.125,0.125
109,109.0,0.125,0.125,0.125,0.125,0.125,0.125,0.125,0.125
110,110.0,0.125,0.125,0.125,0.125,0.125,0.125,0.125,0.125
111,111.0,0.125,0.125,0.125,0.125,0.125,0.125,0.125,0.125
112,112.0,0.125,0.125,0.125,0.125,0.125,0.125,0.125,0.125
113,113.0,0.125,0.125,0.125,0.125,0.125,0.125,0.125,0.125
114,114.0,0.125,0.125,0.125,0.125,0.125,0.125,0.125,0.125
115,115.0,0.125,0.125,0.125,0.125,0.125,0.125,0.125,0.125
116,116.0,0.125,0.125,0.125,0.125,0.125,0.125,0.125,0.125
117,117.0,0.125,0.125,0.125,0.125,0.125,0.125,0.125,0.125
118,118.0,0.125,0.125,0.125,0.125,0.125,0.125,0.125,0.125
119,119.0,0.125,0.125,0.125,0.125,0.125,0.125,0.125,0.125
120,120.0,0.125,0.125,0.125,0.125,0.125,0.125,0.125,0.125
121,121.0,0.125,0.125,0.125,0.125,0.125,0.125,0.125,0.125
122,122.0,0.125,0.125,0.125,0.125,0.125,0.125,0.125,0.125
123,123.0,0.125,0.125,0.125,0.125,0.125,0.125,0.125,0.125
124,124.0,0.125,0.125,0.125,0.125,0.125,0.125,0.125,0.125
125,125.0,0.125,0.125,0.125,0.125,0.125,0.125,0.125,0.125
126,126.0,0.125,0.125,0.125,0.125,0.125,0.125,0.125,0.125
127,127.0,0.125,0.125,0.125,0.125,0.125,0.125,0.125,0.125
128,128.0,0.125,0.125,0.125,0.125,0.125,0.125,0.125,0.125
129,129.0,0.125,0.125,0.125,0.125,0.125,0.125,0.125,0.125
130,130.0,0.125,0.125,0.125,0.125,0.125,0.125,0.125,0.125
131,131.0,0.125,0.125,0.125,0.125,0.125,0.125,0.125,0.125
132,132.0,0.125,0.125,0.125,0.125,0.125,0.125,0.125,0.125
133,133.0,0.125,0.125,0.125,0.125,0.125,0.125,0.125,0.125
134,134.0,0.125,0.125,0.125,0.125,0.125,0.125,0.125,0.125
135,135.0,0.125,0.125,0.125,0.125,0.125,0.125,0.125,0.125
136,136.0,0.125,0.125,0.125,0.125,0.125,0.125,0.125,0.125
137,137.0,0.125,0.125,0.125,0.125,0.125,0.125,0.125,0.125
138,138.0,0.125,0.125,0.125,0.125,0.125,0.125,0.125,0.125
139,139.0,0.125,0.125,0.125,0.125,0.125,0.125,0.125,0.125
140,140.0,0.125,0.125,0.125,0.125,0.125,0.125,0.125,0.125
141,141.0,0.125,0.125,0.125,0.125,0.125,0.125,0.125,0.125
142,142.0,0.125,0.125,0.125,0.125,0.125,0.125,0.125,0.125
143,143.0,0.125,0.125,0.125,0.125,0.125,0.125,0.125,0.125
144,144.0,0.125,0.125,0.125,0.125,0.125,0.125,0.125,0.125
145,145.0,0.125,0.125,0.125,0.125,0.125,0.125,0.125,0.125
146,146.0,0.125,0.125,0.125,0.125,0.125,0.125,0.125,0.125
147,147.0,0.125,0.125,0.125,0.125,0.125,0.125,0.125,0.125
148,148.0,0.125,0.125,0.125,0.125,0.125,0.125,0.125,0.125
149,149.0,0.125,0.125,0.125,0.125,0.125,0.125,0.125,0.125
150,150.0,0.125,0.125,0.125,0.125,0.125,0.125,0.125,0.125
151,151.0,0.125,0.125,0.125,0.125,0.125,0.125,0.125,0.125
152,152.0,0.125,0.125,0.125,0.125,0.125,0.125,0.125,0.125
153,153.0,0.125,0.125,0.125,0.125,0.125,0.125,0.125,0.125
154,154.0,0.125,0.125,0.125,0.125,0.125,0.125,0.125,0.125
155,155.0,0.125,0.125,0.125,0.125,0.125,0.125,0.125,0.125
156,156.0,0.125,0.125,0.125,0.125,0.125,0.125,0.125,0.125
157,157.0,0.125,0.125,0.125,0.125,0.125,0.125,0.125,0.125
158,158.0,0.125,0.125,0.125,0.125,0.125,0.125,0.125,0.125
159,159.0,0.125,0.125,0.125,0.125,0.125,0.125,0.125,0.125
160,160.0,0.125,0.125,0.125,0.125,0.125,0.125,0.125,0.125
161,161.0,0.125,0.125,0.125,0.125,0.125,0.125,0.125,0.125
162,162.0,0.125,0.125,0.125,0.125,0.125,0.125,0.125,0.125
163,163.0,0.125,0.125,0.125,0.125,0.125,0.125,0.125,0.125
164,164.0,0.125,0.125,0.125,0.125,0.125,0.125,0.125,0.125
165,165.0,0.125,0.125,0.125,0.125,0.125,0.125,0.125,0.125
166,166.0,0.125,0.125,0.125,0.125,0.125,0.125,0.125,0.125
167,167.0,0.125,0.125,0.125,0.125,0.125,0.125,0.125,0.125
168,168.0,0.125,0.125,0.125,0.125,0.125,0.125,0.125,0.125
169,169.0,0.125,0.125,0.125,0.125,0.125,0.125,0.125,0.125
170,170.0,0.125,0.125,0.125,0.125,0.125,0.125,0.125,0.125
171,171.0,0.125,0.125,0.125,0.125,0.125,0.125,0.125,0.125
172,172.0,0.125,0.125,0.125,0.125,0.125,0.125,0.125,0.125
173,173.0,0.125,0.125,0.125,0.125,0.125,0.125,0.125,0.125
174,174.0,0.125,0.125,0.125,0.125,0.125,0.125,0.125,0.125
175,175.0,0.125,0.125,0.125,0.125,0.125,0.125,0.125,0.125
176,176.0,0.125,0.125,0.125,0.125,0.125,0.125,0.125,0.125
177,177.0,0.125,0.125,0.125,0.125,0.125,0.125,0.125,0.125
178,178.0,0.125,0.125,0.125,0.125,0.125,0.125,0.125,0.125
179,179.0,0.125,0.125,0.125,0.125,0.125,0.125,0.125,0.125
180,180.0,0.125,0.125,0.125,0.125,0.125,0.125,0.125,0.125
181,181.0,0.125,0.125,0.125,0.125,0.125,0.125,0.125,0.125
182,182.0,0.125,0.125,0.125,0.125,0.125,0.125,0.125,0.125
183,183.0,0.125,0.125,0.125,0.125,0.125,0.125,0.125,0.125
184,184.0,0.125,0.125,0.125,0.125,0.125,0.125,0.125,0.125
185,185.0,0.125,0.125,0.125,0.125,0.125,0.125,0.125,0.125
186,186.0,0.125,0.125,0.125,0.125,0.125,0.125,0.125,0.125
187,187.0,0.125,0.125,0.125,0.125,0.125,0.125,0.125,0.125
188,188.0,0.125,0.125,0.125,0.125,0.125,0.125,0.125,0.125
189,189.0,0.125,0.125,0.125,0.125,0.125,0.125,0.125,0.125
190,190.0,0.125,0.125,0.125,0.125,0.125,0.125,0.125,0.125
191,191.0,0.125,0.125,0.125,0.125,0.125,0.125,0.125,0.125
192,192.0,0.125,0.125,0.125,0.125,0.125,0.125,0.125,0.125
193,193.0,0.125,0.125,0.125,0.125,0.125,0.125,0.125,0.125
194,194.0,0.125,0.125,0.125,0.125,0.125,0.125,0.125,0.125
195,195.0,0.125,0.125,0.125,0.125,0.125,0.125,0.125,0.125
196,196.0,0.125,0.125,0.125,0.125,0.125,0.125,0.125,0.125
197,197.0,0.125,0.125,0.125,0.125,0.125,0.125,0.125,0.125
198,198.0,0.1248611111111111,0.1248611111111111,0.1259722222222222,0.1248611111111111,0.1248611111111111,0.1248611111111111,0.1248611111111111,0.1248611111111111
199,199.0,0.1243347222222222,0.1254458333333333,0.1264347222222222,0.1243347222222222,0.1253347222222222,0.1243347222222222,0.1254458333333333,0.1243347222222222
200,200.0,0.1246759583333333,0.1256648472222222,0.1276338472222222,0.1235648472222222,0.1255548472222222,0.1235648472222222,0.1257759583333333,0.1235648472222222
201,201.0,0.1250196445833333,0.1258775334722222,0.1288089434722222,0.1228085334722222,0.1257696334722222,0.1228085334722222,0.1260986445833333,0.1228085334722222
202,202.0,0.1249580586917929,0.1256985596008838,0.1322940972281566,0.1217790586917929,0.1255936286008839,0.1217790586917929,0.126118479802904,0.1217790586917929
203,203.0,0.1246813336307715,0.1260572651974381,0.1353481986766199,0.1205630236307715,0.1263095909609735,0.1205630236307715,0.1259145406418826,0.1205630236307715
204,204.0,0.1243428298219065,0.1262153512031862,0.1388902805653434,0.1193203239219065,0.1269502434598268,0.1193203239219065,0.1256403231840177,0.1193203239219065
205,205.0,0.1239548574308183,0.126199540475393,0.1428113987566883,0.1180688002798183,0.1275194578113259,0.1180688002798183,0.1253083446863195,0.1180688002798183
206,206.0,0.1235280745414716,0.1266995419668518,0.146351288255329,0.1168236818360816,0.128020517188523,0.1168236818360816,0.1249295325395799,0.1168236818360816
207,207.0,0.1238710629330186,0.1271115882935365,0.1494996860225624,0.1155638788223981,0.1283465684864181,0.1155638788223981,0.1244794577972699,0.1155638788223981
208,208.0,0.1242215974116362,0.1275085363268397,0.1524688027084024,0.1143716395440813,0.1286482156363262,0.1143716395440813,0.1240379292845516,0.1143716395440813
209,209.0,0.1236865291349424,0.1279990375268774,0.1543579863652411,0.1133632411314886,0.129035993692658,0.1133632411314886,0.1237196187747041,0.1144743522425997
210,210.0,0.1231597690612352,0.128468831564976,0.1560563384594101,0.1124303834821737,0.1293974117842078,0.1124303834821737,0.1234153875725387,0.1146414945932848
211,211.0,0.1226457539709531,0.1289152912169482,0.1575659586262348,0.1115748410963018,0.1297314917265384,0.1115748410963018,0.1231268700593089,0.1148649522074129
212,212.0,0.1221483495166563,0.1293362853248871,0.1588906238567814,0.1107974378713874,0.1300376265351483,0.1107974378713874,0.1228553800412534,0.1151368589824986
213,213.0,0.1216708686792893,0.1297301505021166,0.1600355829923721,0.110098133923584,0.1303155493753235,0.110098133923584,0.1226019296690354,0.1154496509346951
214,214.0,0.1209660939055327,0.1298456609899353,0.1607573570511467,0.1092261123646584,0.1303153022155057,0.1092261123646584,0.1241172494817933,0.1155461116267695
215,215.0,0.1201776912256521,0.129823386041295,0.162204935689088,0.1083212540602009,0.1301785934161813,0.1083212540602009,0.1254120870406797,0.1155607984667021
216,216.0,0.1194219074570585,0.129777326949328,0.1634912626618998,0.1074958912678094,0.1300204362292941,0.1074958912678094,0.1266955421954929,0.1156017419713077
217,217.0,0.1187030385463093,0.1297103227192866,0.1646195998663669,0.1078614391753124,0.1287334459543584,0.1067503280642012,0.127955918635092,0.115665907039073
218,218.0,0.1180245816967274,0.1296251379072787,0.1665944629072793,0.1082951512336452,0.1274433758029281,0.1060840401225341,0.1281829204666025,0.1157503298630044
219,219.0,0.117389280270692,0.1295244424196211,0.1684114505705831,0.1087858739071416,0.1261634344641672,0.1054957627960305,0.1283776151325182,0.115852140439246
220,220.0,0.1167991717401088,0.1294107942787552,0.1700681805174063,0.1093229989075504,0.1249054084701962,0.1049835777964392,0.1285412864027394,0.1159685818868042
221,221.0,0.1171445267896273,0.1291755141202995,0.1714530001088176,0.1096742925299538,0.1235685754353648,0.1044338866299538,0.1285642887930221,0.1159859155929609
222,222.0,0.1172556182380148,0.1287512997657793,0.1732247067298986,0.1097820977032012,0.1220923662122892,0.1046832095522012,0.1283786409856393,0.1158320608129762
223,223.0,0.1171729433490824,0.1281734079904674,0.1752905309751078,0.1105212003719908,0.1205176017241457,0.1047673337432675,0.1280191856905525,0.1155377961553856
224,224.0,0.1170400543788003,0.1275822550734658,0.177687038426216,0.1111303260693269,0.119758385530823,0.104825286707709,0.1267372789398638,0.115239374873795
225,225.0,0.1166863785480832,0.1267504632734981,0.1796610418419683,0.1114971504661506,0.1199249429989602,0.1056821829616207,0.1250922584509136,0.114705581458805
226,226.0,0.1163625313012817,0.1259354143968606,0.1814600515917427,0.111867235448545,0.12014803118773,0.1065745592135165,0.1234618858024177,0.1141902910579054
227,227.0,0.1160217597054638,0.1259299094263113,0.181690414551477,0.1131895455611205,0.1202616464850617,0.1064429351540705,0.1228139913898071,0.1136497977266877
228,228.0,0.1155725827149081,0.1258064678243659,0.1816216490355351,0.114359053993152,0.1202790188305447,0.1073055569695412,0.122060225137038,0.1129954454949146
229,229.0,0.1150644235480848,0.1256122085792742,0.1822275373648258,0.1154134367374645,0.1202436897049999,0.1080884647633731,0.1210709846179269,0.1122792546840504
230,230.0,0.1145900801961072,0.12543797422962,0.1826981916351693,0.116435480717205,0.1202431007286038,0.1088736190416101,0.1201251642097535,0.1115963892419309
231,231.0,0.1135044498645457,0.1263794642253157,0.18267374184107,0.1175141589649929,0.1195364100388315,0.1098398122998978,0.1194147487923745,0.1111372139729716
232,232.0,0.1122744670496239,0.1279757922419703,0.1823286903616608,0.1182840313725556,0.1194356381482621,0.1106042282025979,0.1185682515158337,0.1105289011074955
233,233.0,0.1110950486460089,0.1295636930155032,0.1818849115166302,0.1190046434362037,0.1193675645322444,0.1113475821444239,0.1177759273569946,0.1099606293519908
234,234.0,0.109972932396606,0.1311281302624913,0.1813567158309908,0.1196737150696922,0.1193296000994835,0.1120645467820449,0.1170402822456754,0.1094340773130156
235,235.0,0.1089136092484882,0.1337669170742302,0.1807578269456598,0.1202897095997021,0.1193191135759813,0.1116394802883942,0.1163630047282372,0.1089503385393066
236,236.0,0.1079213931230081,0.1371795639594609,0.1801013030694597,0.1200184414579479,0.119333462036047,0.1111908364415355,0.1157450308204664,0.1085099690920742
237,237.0,0.1069994954791567,0.1405045584419818,0.1793994729402394,0.1197013495930235,0.1193700184967232,0.110725459415258,0.1151866099004739,0.1081130357331432
238,238.0,0.1061501034452097,0.1437174158172388,0.1786638854845932,0.1193461872958952,0.1194261965933419,0.1102496762977666,0.1146873708786819,0.1077591641872727
239,239.0,0.1061244603805161,0.1472694434444278,0.17765527230972,0.1187103132327546,0.1184161390480095,0.1095192855293574,0.1151074990665992,0.1071975869886153
240,240.0,0.1061654478187975,0.1506662040220837,0.1766360221192913,0.1180531573208344,0.1174315700003744,0.1087920517828063,0.1155758564613758,0.1066796904744363
241,241.0,0.1062659928353735,0.1538892566493834,0.175617391116767,0.1173834193041318,0.1164797862911432,0.1080749316933931,0.116082936568378,0.1062062855414298
242,242.0,0.1072221645252794,0.1559843476556955,0.174821624905503,0.1166939032581405,0.1155518757084162,0.1073589335811466,0.1166046448001617,0.1057625055656569
243,243.0,0.1082161112315557,0.1587221101718435,0.1740434855775769,0.1160071185098856,0.1138350330756735,0.1066647415931089,0.1171479376255673,0.1053634622147884
244,244.0,0.1106968199482066,0.160864629025412,0.1729218589708013,0.115189799637216,0.1120354598843838,0.1058572568968794,0.1175653635171184,0.1048688121199824
245,245.0,0.1131743738205945,0.1628066467507666,0.1698327296595484,0.1143890473671738,0.1103052990481889,0.1060817577361137,0.118991209035159,0.1044189365824549
246,246.0,0.1155144226845319,0.1642740680087498,0.1674630798667193,0.1135562675072518,0.1085999658849961,0.106277855493928,0.1203554287069148,0.1039589118469081
247,247.0,0.1176780125229203,0.1654828284166691,0.1649148412885829,0.1126883386003851,0.1069193789444853,0.1072010082554649,0.1216358909056446,0.1034797010658476
248,248.0,0.1203809335597109,0.166449453708199,0.1622423442004404,0.1118002020930842,0.1052806167265404,0.1080247734982313,0.1228309140094111,0.1029907622043825
249,249.0,0.1227601721826444,0.1669522274057995,0.160730160669595,0.1108569725646778,0.103650096835297,0.1087068962777206,0.1238913041508852,0.1024521699133804
250,250.0,0.1249135899611629,0.1672479831223635,0.159751190699435,0.1099176392316083,0.1020873478560448,0.1092999577077036,0.1248639683439293,0.1019183230777526
251,251.0,0.1269547348019226,0.1673919650988292,0.1588869026335934,0.1090287058076726,0.1006387201873772,0.1098819333088312,0.1257854525414557,0.101431585620318
252,252.0,0.1288744225502918,0.1673979108894417,0.158134471162297,0.1081940216361967,0.0993072879749226,0.1104481119079776,0.126651659901041,0.1009921139778316
253,253.0,0.130665602038026,0.1672795646548802,0.157490234940804,0.1074165086336494,0.098094645995184,0.1109944114193495,0.1274594560328835,0.1005995762852235
254,254.0,0.1322121011852001,0.1669394279488965,0.1578387056952379,0.1065871137020522,0.0968899305335763,0.1114062456454994,0.1279843818762168,0.1001420934133207
255,255.0,0.1320067614182368,0.1657960104786222,0.158479148222482,0.1060213391856462,0.0971175274060337,0.1119949629747084,0.1286514954034787,0.099932754910792
256,256.0,0.1315702543696538,0.1644663270204414,0.1590830316270535,0.1064055514951472,0.0972278890063847,0.1124440586304491,0.1291469774180744,0.099655910432796
257,257.0,0.1310300618380989,0.1630823010077266,0.1597479729871739,0.1068409098248693,0.0974316352458364,0.1128630038235109,0.1295830362511246,0.0994210790216594
258,258.0,0.1321936209638516,0.1617048736227251,0.1590445504270204,0.10735961265616,0.0977590568647509,0.1126672908148977,0.13000292029912,0.0992680743514742
259,259.0,0.1323996766231791,0.1613371456790019,0.1583433633909509,0.1073087542836652,0.0985263788533596,0.111794507279028,0.1310190346025725,0.0992711392882427
260,260.0,0.1325219885362006,0.1609570867496287,0.1576946442528617,0.1072874952156843,0.0993495078848768,0.1109068398522378,0.1319743572306641,0.0993080802778458
261,261.0,0.1325677079584166,0.1596606396133733,0.1570996334143355,0.1082021790215365,0.1002146319646966,0.1100146535978871,0.13286541412465,0.0993751403051042
262,262.0,0.1319041768048253,0.1588076523175313,0.1560216141165055,0.1090071741328896,0.1018932826315728,0.1091541287880819,0.1337165278158075,0.0994954433927861
263,263.0,0.1311207270063149,0.1579048495435604,0.1560502423788551,0.1103945603072408,0.103277957860768,0.1072424760882374,0.1344349530492793,0.099574233765744
264,264.0,0.130628210566388,0.1564683776191501,0.1546878150259909,0.1121063271406494,0.1049906187001688,0.1056949504553815,0.135417800059525,0.1000059004327463
265,265.0,0.1299004391115653,0.1547528368654571,0.1530032235091245,0.1135908986968553,0.1064793197783403,0.1058976851462146,0.1361267779967445,0.1002488188956984
266,266.0,0.1298283557180246,0.1538123804820375,0.1505308448451394,0.1149470578789258,0.1078424791515329,0.1059554449632777,0.1366730930797773,0.1004103438812848
267,267.0,0.1297366229030835,0.1529243591411526,0.1481483074095132,0.1162559025142719,0.1091608375783307,0.1060457861594136,0.13714936662503,0.1005788176692045
268,268.0,0.1295523653612739,0.1520166519762004,0.1464765130598269,0.1174333180354551,0.1103499339933475,0.1060130320332383,0.1374820824750704,0.1006761030655874
269,269.0,0.1301881932922158,0.1511684864594188,0.1447233431932211,0.1170744960425027,0.1116071905799984,0.1067113114997368,0.1377504510591012,0.1007765278738051
270,270.0,0.1308057398693248,0.1512914809902496,0.1430875439831309,0.1166635715836807,0.1127978341398687,0.1065168321112702,0.1379582234178831,0.1008787739045919
271,271.0,0.1324531053146606,0.1514865903179238,0.1415620813443504,0.1161982091385094,0.1139049645283829,0.1063273413537466,0.1370977264386981,0.1009699815637281
272,272.0,0.1339354261615392,0.1514725073473359,0.1400975631925235,0.1156348930764624,0.1148722487051782,0.1068598529872646,0.1361307789715217,0.1009967295581744
273,273.0,0.1359009038078577,0.1519314642991902,0.1386411849491178,0.1148635940443899,0.1155144380100983,0.1072282335977768,0.1350163402284694,0.1009038410630998
274,274.0,0.1378676483832895,0.1524883075384637,0.1375702495192783,0.1141417610585527,0.1161442500739115,0.1061274469137132,0.1347848824791382,0.1008754540336528
275,275.0,0.1380274042107074,0.1537270389783808,0.1376037168477417,0.1135582043057243,0.1168431629616288,0.1051865713775257,0.1340619606631878,0.1009919406551034
276,276.0,0.138116964914331,0.1549757363306319,0.1377510042930853,0.1129751240378244,0.1174674697696749,0.104269216937481,0.1333366427131318,0.1011078410038397
277,277.0,0.1381424543995034,0.156220916030461,0.1379992569691678,0.112398303409039,0.1180183880379364,0.1033822050283651,0.1326164214218814,0.1012220547036458
278,278.0,0.138110024893218,0.157450478046112,0.1383358958261543,0.1110636538925139,0.1192669782069401,0.1025313715161765,0.1319079893364685,0.1013336082824166
279,279.0,0.1379616900255809,0.1593588167309745,0.1384282030368719,0.1096885100003934,0.1203745769285113,0.1016575043322417,0.1311531492930609,0.1013775496523654
280,280.0,0.1369989852198652,0.1625430369653445,0.1383134249575764,0.1082934198619054,0.1213469546129249,0.1007743927683218,0.1303668377406394,0.1013629478734221
281,281.0,0.1359576631626245,0.166180704728924,0.1380225754072197,0.1068961605049031,0.122189741088884,0.0998936238798862,0.1295618964474612,0.1012976347800969
282,282.0,0.135087348005933,0.1708357335117912,0.1364233922506336,0.1057422706511573,0.1231388168188237,0.0992075012470009,0.1281462536735496,0.1014186838411105
283,283.0,0.1342099993541597,0.1753544797813314,0.1348930578228642,0.1046493093917367,0.1240044192629036,0.098576635756154,0.1267754931375741,0.101536605493276
284,284.0,0.1333350940433307,0.179705384326182,0.1334399905953074,0.1036221134798032,0.124786239725269,0.0980018103480502,0.1254588342211009,0.1016505332609564
285,285.0,0.1323600256813486,0.1837506111622524,0.1328487722979953,0.1025532672286162,0.1253737270883564,0.097372058157385,0.1240929222402334,0.1016486161438125
286,286.0,0.1318651227542748,0.1873055431717388,0.1318825794187376,0.1014299503378215,0.1257527659916715,0.0966714955875298,0.1226686678244283,0.1024238749137976
287,287.0,0.1313274529231714,0.1910230767382389,0.130836068373636,0.100351069718838,0.1260226375707084,0.0959964359806524,0.1212883744398875,0.1031548842548672
288,288.0,0.1316252097053545,0.1908171230931508,0.1300704764247263,0.0996650228911788,0.126533612182609,0.0956931319770281,0.1214146123689456,0.1041808113570067
289,289.0,0.1319431279324023,0.1903938313847726,0.1293892542215546,0.0990580104257694,0.1269750932597494,0.0954460645381492,0.1216140895827334,0.1051805286548689
290,290.0,0.132323631325177,0.190638817459324,0.1283120802697242,0.098575818058658,0.127397234392453,0.0946330330628823,0.1219251064282591,0.1061942790035221
291,291.0,0.1326348518218998,0.1905249089409245,0.1272148853933936,0.0981416127713551,0.1277285752315058,0.0943495913372882,0.1222642258415629,0.1071413486620698
292,292.0,0.1328802295673593,0.1905644476572612,0.1261101423806434,0.0977548125954697,0.1279747570845992,0.0940716799665627,0.1226251210584506,0.1080188096896538
293,293.0,0.1331714708168027,0.1908873644933681,0.1243204759860655,0.0985903747474485,0.1282065526465166,0.0938876722150734,0.1230667241611137,0.1078693649336113
294,294.0,0.1338966395779001,0.1908957504775651,0.1225880111425244,0.0994370796673577,0.128342454885129,0.0937093900927839,0.1234959206243203,0.1076347535324195
295,295.0,0.1345274398967236,0.1906355311122574,0.1208752722567718,0.1007557464621055,0.1284065490887355,0.0935322538147069,0.1239255141257389,0.1073416932429602
296,296.0,0.1351449226922344,0.1902725327624124,0.1192753361998083,0.1020963818866503,0.1284248556382813,0.0933968811981632,0.1243706495460147,0.1070184400764352
297,297.0,0.1357442448888087,0.1898206633099821,0.1177929220493248,0.1034433827237669,0.128401770233677,0.0933004496031649,0.1248253213390591,0.1066712458522164
298,298.0,0.1363212293243744,0.1892933285597494,0.1164311017561781,0.1047826424238269,0.1283416629243835,0.0932400292435072,0.1252840291496649,0.1063059766183153
299,299.0,0.1368723399306767,0.1887033483889969,0.1151914341375659,0.1061015425035354,0.1282488369739629,0.0932126231992529,0.1257417822979699,0.1059280925680392
300,300.0,0.1373946529845789,0.1880628871414841,0.1140741006022209,0.1073889299241305,0.129238603617143,0.093215204099304,0.12508298760761,0.1055426340235284
301,301.0,0.1377747139996708,0.1872722864262509,0.1129669299660588,0.1085239709662065,0.1299705837059099,0.0931336363291184,0.1243147766982442,0.1060431019085403
302,302.0,0.1381229475696827,0.1864544661972219,0.1119799776455229,0.1096105498571944,0.1306632360948171,0.0930771504334217,0.1235557733008667,0.1065358989012725
303,303.0,0.1384390541034224,0.1856203266080668,0.1111110913322558,0.1106426470232933,0.1313135670299615,0.0930438030837218,0.1228126466982525,0.1070168641210256
304,304.0,0.1387230852391796,0.1847798409906898,0.1103571532886635,0.111615389665331,0.1319193053473681,0.0930316138989162,0.1220912404769513,0.1074823710929002
305,305.0,0.1399754082053951,0.1839420488040869,0.1097142080682143,0.1125249858092933,0.1324788529256364,0.0930385889543635,0.121396596661045,0.1069293105719651
306,306.0,0.141186670589361,0.1831150586270467,0.1091775858407984,0.1133686541435481,0.1329912333628977,0.0930627420754839,0.120732985448153,0.1063650699127109
307,307.0,0.1423488658254624,0.1823060601603834,0.1087420205293867,0.1141445507657236,0.1334560395688801,0.0931021139244988,0.1201039396901029,0.1057964095355618
308,308.0,0.1435445643904106,0.1801820585034401,0.1092053335240643,0.1149409795950917,0.1339626666189372,0.0932440746244144,0.1196015790132767,0.1053187437303647
309,309.0,0.1436304827751952,0.1778154368489571,0.1103212181499897,0.1166199469321632,0.134373889967685,0.0933489694926654,0.119090282325844,0.1047997735075001
310,310.0,0.1435686878659327,0.1754203571794671,0.1123171545016751,0.1180374482138361,0.1345561767128057,0.0933714042156836,0.1185280042476879,0.1042007670629115
311,311.0,0.1433806295471812,0.1730296766992262,0.1141972992551488,0.1200509095782881,0.1345427188593322,0.0933254610668228,0.1179315263047229,0.1035417786892776
312,312.0,0.1431489965612587,0.1707350441122937,0.1160907937590608,0.1219669640399603,0.1344895890820222,0.0932866190829413,0.1173784150810414,0.1029035782814214
313,313.0,0.1428804627047417,0.1685498009552082,0.1179773680933282,0.123776191744514,0.1344012858710324,0.0932545565673799,0.1168698650169518,0.1022904690468434
314,314.0,0.1425814034032548,0.1664848607165557,0.1198388485315728,0.1254711830906155,0.1342822096018407,0.0932289161984624,0.1164065054971359,0.1017060729605617
315,315.0,0.1422578617943099,0.1645488425068796,0.1216591296590145,0.1270464118006491,0.1341366283429594,0.0932093121652135,0.1159884510623643,0.1011533626686095
316,316.0,0.1419155215247421,0.1627482143053788,0.123424128595459,0.1284981018511211,0.133968648405946,0.0931953368743988,0.1156153517484805,0.1006346966944733
317,317.0,0.1415596858633095,0.161087443393251,0.1251217235706418,0.1298240902074831,0.133782189457984,0.0931865672046831,0.1152864430365344,0.1001518572661129
318,318.0,0.1411952627058128,0.15956915175068,0.126741679030937,0.1310236871555823,0.1335809639896478,0.0931825702906535,0.1150005949534518,0.0997060901232344
319,319.0,0.1408267550334335,0.158194274367136,0.1282755593732306,0.1320975358667642,0.1333684609076582,0.0931829088258819,0.1147563599171771,0.0992981457087182
320,320.0,0.1404582563743835,0.1569622185905516,0.1297166333058998,0.1330474726776085,0.1331479330042005,0.09318714588009,0.1145520189733923,0.0989283211938735
321,321.0,0.1400934508139206,0.1558710228179968,0.1310597707305802,0.1338763894100406,0.132922388040456,0.0931948492308379,0.1143856261222862,0.0985965028338814
322,322.0,0.1397356170977905,0.154917513006794,0.1323013339238241,0.1345880989045775,0.1326945831720909,0.0932055952149641,0.1142550504831021,0.0983022081968565
323,323.0,0.1393876363787213,0.1540974556589203,0.1334390646768425,0.1351872047900632,0.1324670224382509,0.0932189721092894,0.1141580160910396,0.0980446278568726
324,324.0,0.1390520031641976,0.1534057061015213,0.1344719689261278,0.1356789763685481,0.1322419570328219,0.0932345830538508,0.1140921391653071,0.0978226661876252
325,325.0,0.1387308390359101,0.1528363510511236,0.1354002002795606,0.1360692293549473,0.132021388077017,0.0932520485341791,0.1140549627285289,0.0976349809387332
326,326.0,0.1384259087265181,0.152382844607531,0.1362249437131917,0.1363642130786055,0.1318070716154319,0.0932710084418941,0.1140439884961775,0.09748002132065
327,327.0,0.1381386381572258,0.152038136974499,0.136948300584665,0.13657050462856,0.1316005255632605,0.0932911237351802,0.1140567059901337,0.0973560643664755
328,328.0,0.1378701340597164,0.1517947953473019,0.1375731759814815,0.1366949103066819,0.1314030383400831,0.0933120777225473,0.114090618862827,0.0972612493793606
329,329.0,0.1376212048277865,0.151645116541628,0.1381031692971388,0.1367443746433732,0.1312156789352321,0.0933335769947137,0.114143268447657,0.0971936103124706
330,330.0,0.1373923822671975,0.1515812310633818,0.1385424688065962,0.1367258971294098,0.1310393081609233,0.0933553520304778,0.1142122545775616,0.0971511059644517
331,331.0,0.1371839439364213,0.1515951984346031,0.1388957508953791,0.1366464567249971,0.1308745908618457,0.0933771575031222,0.1142952537367343,0.0971316479068972
332,332.0,0.1369959357957842,0.1516790936966328,0.1391680844846671,0.1365129441232239,0.1307220088634668,0.0933987723142324,0.1143900346306565,0.097133126091336
333,333.0,0.1368281949076788,0.1518250851077698,0.1393648410885169,0.1363321016698442,0.1305818744557007,0.0934199993818506,0.1144944712769142,0.0971534321117245
334,334.0,0.136680371955733,0.1520255031389921,0.1394916108394338,0.1361104707745523,0.1304543442235636,0.0934406652096501,0.1146065537338111,0.0971904801242638
335,335.0,0.1365519533758502,0.1522729009479788,0.1395541247252018,0.1358543465904925,0.1303394330518141,0.0934606192633345,0.1147243965957145,0.0972422254496135
336,336.0,0.136442282916623,0.1525601065788636,0.1395581831934783,0.135569739688382,0.1302370281461309,0.0934797331797786,0.1148462453935045,0.0973066809032389
337,337.0,0.1356435117635073,0.1530822873951682,0.1397116114033497,0.1356663848130875,0.1303489231309843,0.0936999200355621,0.114263410338544,0.0975839511197966
338,338.0,0.1351113255762111,0.1505379967974602,0.1405433926440125,0.1359839781894681,0.1307131751280784,0.0941594767287995,0.1148400669545363,0.0981105879814337
339,339.0,0.134530448326086,0.1479653854391785,0.1410955556181626,0.1362033096646533,0.1310069665222785,0.0945359313148734,0.1160999540536809,0.0985624490610865
340,340.0,0.133979739710098,0.1454611933281452,0.1415950859772553,0.1364001939321924,0.1313025872781141,0.0949020112768213,0.1173485133530346,0.0990106751443388
341,341.0,0.1334616899509932,0.1430436204607457,0.1420422516792055,0.1365749068701748,0.1315968982518631,0.0952550932774364,0.1185743920395831,0.0994511474699981
342,342.0,0.1330252222076828,0.1407751891882992,0.1432369628318531,0.1367749270291847,0.1319340958590052,0.0956399548398543,0.1196864028065448,0.0989272452375756
343,343.0,0.1325692902087679,0.1385664169167821,0.1448677925038767,0.1368984707382766,0.1322092667128771,0.0959523166450178,0.1205930540964504,0.098343392177951
344,344.0,0.1320387391381373,0.1363717649071562,0.1462075433793413,0.1368902896436909,0.1333642012186065,0.0961346444889402,0.1213430558813472,0.0976497613427802
345,345.0,0.1315463364136692,0.1343117676533284,0.1474719258291481,0.136863638036741,0.1344993736659502,0.0962981184893063,0.122044573093887,0.0969642668179695
346,346.0,0.1310931912279917,0.1323935596522574,0.1486558328713648,0.1368206294847331,0.1356054085362735,0.0964429892904682,0.1226954390191801,0.0962929499177311
347,347.0,0.1307348543340278,0.1306770891136232,0.1507994290202844,0.1368182748226379,0.1367291042935201,0.0966246135592795,0.1219205837530719,0.095696051103555
348,348.0,0.1304159777220951,0.1291098964471178,0.1528457489641868,0.1368030816586347,0.1378080073419748,0.0967880491568369,0.1211065917036273,0.0951226470055264
349,349.0,0.1300808590751649,0.1276377807372485,0.1551686725087502,0.1367215407196091,0.1387808628670871,0.096878535539345,0.1202105714147294,0.0945211771380656
350,350.0,0.1297839243326566,0.1263154059949008,0.157371156212309,0.1366305527419043,0.1396979976153908,0.0969519133139342,0.119299136462663,0.0939499133262412
351,351.0,0.1295243244515532,0.1262521329818572,0.1594432192219281,0.1354208611980541,0.1405558123170836,0.0970091595636506,0.1183829426632656,0.0934115476026075
352,352.0,0.1291898108334142,0.1271004620330955,0.1612660718657941,0.1341053222490004,0.1412405497186986,0.096940203867373,0.1173605167281532,0.092797062704471
353,353.0,0.1288912199881244,0.128060749651675,0.1629464066540437,0.1328076760247541,0.1418626701762273,0.0968583559766638,0.1163527061302485,0.092220215398263
354,354.0,0.1286279455468519,0.129112197104676,0.1644816720243561,0.131539109715077,0.1424222141795033,0.0967657235898731,0.1153681274418096,0.091683010397853
355,355.0,0.1283990886136076,0.1302351739341262,0.1658710222648217,0.1303094009916089,0.1429198439339188,0.0966643114804771,0.1144143032587744,0.0911868555226652
356,356.0,0.1282034960069212,0.1314112974340862,0.1671151553860207,0.1291269611829635,0.143356774566816,0.0965560117418301,0.1134976963724329,0.0907326073089292
357,357.0,0.1279921781725848,0.1325758726548864,0.1685494851020011,0.1279512687481261,0.1436870876363985,0.0963949770866248,0.1125761320743601,0.0902729985250182
358,358.0,0.1278116779545637,0.1337612658150919,0.1698406484561249,0.1268362630169213,0.1439609989111591,0.0962309484959261,0.111702178891567,0.089856018458646
359,359.0,0.1275698095024976,0.1346808139164329,0.1708991413601274,0.1256961162853888,0.1449995912760144,0.0959749565582813,0.1107889061534444,0.0893906649478132
360,360.0,0.1273569465061299,0.1355973605292369,0.171819464111799,0.1246265623026949,0.1459796470619425,0.0957205757095796,0.1099311967247248,0.0889682470538926
361,361.0,0.1271723170498543,0.1365020403362296,0.1726062304988559,0.1236312373337827,0.1468972193689769,0.0954701886494138,0.109132071368755,0.0885886953941319
362,362.0,0.1269732774075578,0.1373453265532555,0.1735565951605558,0.1226710050602964,0.14770771415527,0.0951842332028652,0.108351996265153,0.0882098521950463
363,363.0,0.1268007589942654,0.138162425677141,0.1743821946228174,0.1217894585354284,0.1484512342250331,0.0949066257630376,0.1076343671397181,0.087872935042559
364,364.0,0.1266538348712096,0.1389477854259614,0.1750872494109619,0.1209875446495655,0.1491270418492213,0.0946393076036572,0.106980115685888,0.0875771205035351
365,365.0,0.1265314148505974,0.1396967261397349,0.1756767634445195,0.1202653192776658,0.1497351501961505,0.094383922978273,0.1063894466510404,0.0873212564620185
366,366.0,0.1264322727223904,0.1404054003148285,0.1761563956586134,0.1196220358220519,0.1502762481100771,0.0941418323797393,0.1058619084836256,0.0871039065086736
367,367.0,0.1263550721186303,0.1410707478633593,0.176532337913049,0.1190562329256515,0.1507516256551622,0.0939141273113564,0.1053964634785745,0.0869233927342167
368,368.0,0.1254802090747281,0.13950862979068,0.176993017963066,0.1196567296524163,0.1517085556382937,0.0937925553617021,0.1055370113151557,0.0873232912039581
369,369.0,0.1246325621015007,0.1379210502032748,0.1773617188649696,0.1203190728909439,0.1525984044249264,0.093685900756582,0.1057306381399311,0.0877506526178715
370,370.0,0.1238178860616129,0.1363264310484903,0.1776439515245522,0.1210304545576728,0.1534189816468439,0.0935937383075937,0.1059700997858336,0.0881984570674006
371,371.0,0.1230410306221295,0.1347414224746124,0.17784554043945,0.1217788569931156,0.1541690086882986,0.093515540423614,0.1062484181542913,0.0886601822044884
372,372.0,0.1223059822774051,0.1331809135092891,0.1779725340949826,0.1225530940960464,0.1548480402969222,0.0934506926269818,0.1065589243893643,0.0891298187090083
373,373.0,0.1216159108014109,0.1316580592813183,0.1780311220805312,0.1233428400286872,0.1554563856999116,0.0933985083869288,0.1068952946420402,0.0896018790791718
374,374.0,0.1210625049363197,0.13027360857353,0.1774025590832386,0.1242279321630262,0.156084315778086,0.0934475289044832,0.1073408645223177,0.0901606860389987
