,Unnamed: 0,Total_iterations,Intertwine_two,Add_vertex,Delete_vertex,Invert_path_vertices,Insert_inside_vertex,Delete_inside_vertex,Replace_inside_vertex,Donate_between_routes
0,0.0,0.0,0.125,0.125,0.125,0.125,0.125,0.125,0.125,0.125
1,1.0,0.10900000000000001,0.125,0.125,0.125,0.125,0.125,0.125,0.125,0.125
2,2.0,0.31601,0.125,0.125,0.125,0.125,0.125,0.125,0.125,0.125
3,3.0,0.6191589000000001,0.125,0.125,0.125,0.125,0.125,0.125,0.125,0.125
4,4.0,1.015801321,0.125,0.125,0.125,0.125,0.125,0.125,0.125,0.125
5,5.0,1.50262148669,0.125,0.125,0.125,0.125,0.125,0.125,0.125,0.125
6,6.0,2.0757334209441005,0.125,0.125,0.125,0.125,0.125,0.125,0.125,0.125
7,7.0,2.7307768275633495,0.125,0.125,0.125,0.125,0.125,0.125,0.125,0.125
8,8.0,3.4630081252450404,0.125,0.125,0.125,0.125,0.125,0.125,0.125,0.125
9,9.0,4.2673862119061114,0.125,0.125,0.125,0.125,0.125,0.125,0.125,0.125
10,10.0,5.138652627782014,0.125,0.125,0.125,0.125,0.125,0.125,0.125,0.125
11,11.0,6.071405875792507,0.125,0.125,0.125,0.125,0.125,0.125,0.125,0.125
12,12.0,7.060169740244025,0.125,0.125,0.125,0.125,0.125,0.125,0.125,0.125
13,13.0,8.099455520847952,0.125,0.125,0.125,0.125,0.125,0.125,0.125,0.125
14,14.0,9.183818168183006,0.125,0.125,0.125,0.125,0.125,0.125,0.125,0.125
15,15.0,10.307906369102724,0.125,0.125,0.125,0.125,0.125,0.125,0.125,0.125
16,16.0,11.466506686239443,0.125,0.125,0.125,0.125,0.125,0.125,0.125,0.125
17,17.0,12.654581904800096,0.125,0.125,0.125,0.125,0.125,0.125,0.125,0.125
18,18.0,13.867303782456686,0.125,0.125,0.125,0.125,0.125,0.125,0.125,0.125
19,19.0,15.100080434523047,0.125,0.125,0.125,0.125,0.125,0.125,0.125,0.125
20,20.0,16.348578617037543,0.125,0.125,0.125,0.125,0.125,0.125,0.125,0.125
21,21.0,17.608741195130214,0.125,0.125,0.125,0.125,0.125,0.125,0.125,0.125
22,22.0,18.876800103462312,0.125,0.125,0.125,0.125,0.125,0.125,0.125,0.125
23,23.0,20.14928511992658,0.125,0.125,0.125,0.125,0.125,0.125,0.125,0.125
24,24.0,21.423028783545156,0.125,0.125,0.125,0.125,0.125,0.125,0.125,0.125
25,25.0,22.695167792966423,0.125,0.125,0.125,0.125,0.125,0.125,0.125,0.125
26,26.0,23.963141223515898,0.125,0.125,0.125,0.125,0.125,0.125,0.125,0.125
27,27.0,25.224685898775267,0.125,0.125,0.125,0.125,0.125,0.125,0.125,0.125
28,28.0,26.477829247520948,0.125,0.125,0.125,0.125,0.125,0.125,0.125,0.125
29,29.0,27.720879968916847,0.125,0.125,0.125,0.125,0.125,0.125,0.125,0.125
30,30.0,28.95241681848399,0.125,0.125,0.125,0.125,0.125,0.125,0.125,0.125
31,31.0,30.17127581490958,0.125,0.125,0.125,0.125,0.125,0.125,0.125,0.125
32,32.0,31.376536153543515,0.125,0.125,0.125,0.125,0.125,0.125,0.125,0.125
33,33.0,32.567505096778625,0.125,0.125,0.125,0.125,0.125,0.125,0.125,0.125
34,34.0,33.74370209472243,0.125,0.125,0.125,0.125,0.125,0.125,0.125,0.125
35,35.0,34.90484237192463,0.125,0.125,0.125,0.125,0.125,0.125,0.125,0.125
36,36.0,36.05082019768737,0.125,0.125,0.125,0.125,0.125,0.125,0.125,0.125
37,37.0,37.18169203889697,0.125,0.125,0.125,0.125,0.125,0.125,0.125,0.125
38,38.0,38.29765977559663,0.125,0.125,0.125,0.125,0.125,0.125,0.125,0.125
39,39.0,39.399054140870355,0.125,0.125,0.125,0.125,0.125,0.125,0.125,0.125
40,40.0,40.48631852820801,0.125,0.125,0.125,0.125,0.125,0.125,0.125,0.125
41,41.0,41.55999329152982,0.125,0.125,0.125,0.125,0.125,0.125,0.125,0.125
42,42.0,42.62070064560415,0.125,0.125,0.125,0.125,0.125,0.125,0.125,0.125
43,43.0,43.669130257815,0.125,0.125,0.125,0.125,0.125,0.125,0.125,0.125
44,44.0,44.70602560622662,0.125,0.125,0.125,0.125,0.125,0.125,0.125,0.125
45,45.0,45.73217116373481,0.125,0.125,0.125,0.125,0.125,0.125,0.125,0.125
46,46.0,46.748380453854836,0.125,0.125,0.125,0.125,0.125,0.125,0.125,0.125
47,47.0,47.755485010424316,0.125,0.125,0.125,0.125,0.125,0.125,0.125,0.125
48,48.0,48.7543242612326,0.125,0.125,0.125,0.125,0.125,0.125,0.125,0.125
49,49.0,49.745736344347726,0.125,0.125,0.125,0.125,0.125,0.125,0.125,0.125
50,50.0,50.730549855707864,0.125,0.125,0.125,0.125,0.125,0.125,0.125,0.125
51,51.0,51.70957651737491,0.125,0.125,0.125,0.125,0.125,0.125,0.125,0.125
52,52.0,52.68360474770151,0.125,0.125,0.125,0.125,0.125,0.125,0.125,0.125
53,53.0,53.65339410751842,0.125,0.125,0.125,0.125,0.125,0.125,0.125,0.125
54,54.0,54.61967059027847,0.125,0.125,0.125,0.125,0.125,0.125,0.125,0.125
55,55.0,55.58312271885972,0.125,0.125,0.125,0.125,0.125,0.125,0.125,0.125
56,56.0,56.544398407394254,0.125,0.125,0.125,0.125,0.125,0.125,0.125,0.125
57,57.0,57.504102543001395,0.125,0.125,0.125,0.125,0.125,0.125,0.125,0.125
58,58.0,58.462795239617805,0.125,0.125,0.125,0.125,0.125,0.125,0.125,0.125
59,59.0,59.42099071417639,0.125,0.125,0.125,0.125,0.125,0.125,0.125,0.125
60,60.0,60.379156734137354,0.125,0.125,0.125,0.125,0.125,0.125,0.125,0.125
61,61.0,61.337714584760846,0.125,0.125,0.125,0.125,0.125,0.125,0.125,0.125
62,62.0,62.29703950447439,0.125,0.125,0.125,0.125,0.125,0.125,0.125,0.125
63,63.0,63.257461537171835,0.125,0.125,0.125,0.125,0.125,0.125,0.125,0.125
64,64.0,64.21926675122782,0.125,0.125,0.125,0.125,0.125,0.125,0.125,0.125
65,65.0,65.20269877636592,0.125,0.125,0.125,0.125,0.125,0.125,0.125,0.125
66,66.0,66.18776061122657,0.125,0.125,0.125,0.125,0.125,0.125,0.125,0.125
67,67.0,67.18443865648887,0.125,0.125,0.125,0.125,0.125,0.125,0.125,0.125
68,68.0,68.18260451066006,0.125,0.125,0.125,0.125,0.125,0.125,0.125,0.125
69,69.0,69.19212773430752,0.125,0.125,0.125,0.125,0.125,0.125,0.125,0.125
70,70.0,70.20277735824718,0.125,0.125,0.125,0.125,0.125,0.125,0.125,0.125
71,71.0,71.21433424621038,0.125,0.125,0.125,0.125,0.125,0.125,0.125,0.125
72,72.0,72.22659210291516,0.125,0.125,0.125,0.125,0.125,0.125,0.125,0.125
73,73.0,73.23935825292031,0.125,0.125,0.125,0.125,0.125,0.125,0.125,0.125
74,74.0,74.25245420539575,0.125,0.125,0.125,0.125,0.125,0.125,0.125,0.125
75,75.0,75.2657160205697,0.125,0.125,0.125,0.125,0.125,0.125,0.125,0.125
76,76.0,76.27899449402054,0.125,0.125,0.125,0.125,0.125,0.125,0.125,0.125
77,77.0,77.2921551751861,0.125,0.125,0.125,0.125,0.125,0.125,0.125,0.125
78,78.0,78.31507823648323,0.125,0.125,0.125,0.125,0.125,0.125,0.125,0.125
79,79.0,79.33755820928583,0.125,0.125,0.125,0.125,0.125,0.125,0.125,0.125
80,80.0,80.3594146027153,0.125,0.125,0.125,0.125,0.125,0.125,0.125,0.125
81,81.0,81.39049121077468,0.125,0.125,0.125,0.125,0.125,0.125,0.125,0.125
82,82.0,82.42055524592038,0.125,0.125,0.125,0.125,0.125,0.125,0.125,0.125
83,83.0,83.4494073250923,0.125,0.125,0.125,0.125,0.125,0.125,0.125,0.125
84,84.0,84.4868801230961,0.125,0.125,0.125,0.125,0.125,0.125,0.125,0.125
85,85.0,85.52273684006855,0.125,0.125,0.125,0.125,0.125,0.125,0.125,0.125
86,86.0,86.55678051694308,0.125,0.125,0.125,0.125,0.125,0.125,0.125,0.125
87,87.0,87.58885202096073,0.125,0.125,0.125,0.125,0.125,0.125,0.125,0.125
88,88.0,88.61882785436701,0.125,0.125,0.125,0.125,0.125,0.125,0.125,0.125
89,89.0,89.65661782588899,0.125,0.125,0.125,0.125,0.125,0.125,0.125,0.125
90,90.0,90.69206262199988,0.125,0.125,0.125,0.125,0.125,0.125,0.125,0.125
91,91.0,91.7250423122797,0.125,0.125,0.125,0.125,0.125,0.125,0.125,0.125
92,92.0,92.75547361040873,0.125,0.125,0.125,0.125,0.125,0.125,0.125,0.125
93,93.0,93.78330704262076,0.125,0.125,0.125,0.125,0.125,0.125,0.125,0.125
94,94.0,94.8085240611854,0.125,0.125,0.125,0.125,0.125,0.125,0.125,0.125
95,95.0,95.8311341372817,0.125,0.125,0.125,0.125,0.125,0.125,0.125,0.125
96,96.0,96.85117186439555,0.125,0.125,0.125,0.125,0.125,0.125,0.125,0.125
97,97.0,97.86869410015409,0.125,0.125,0.125,0.125,0.125,0.125,0.125,0.125
98,98.0,98.88377717133521,0.125,0.125,0.125,0.125,0.125,0.125,0.125,0.125
99,99.0,99.89651416368488,0.125,0.125,0.125,0.125,0.125,0.125,0.125,0.125
100,100.0,100.90701231516273,0.125,0.125,0.125,0.125,0.125,0.125,0.125,0.125
101,101.0,101.91539052834116,0.125,0.125,0.125,0.125,0.125,0.125,0.125,0.125
102,102.0,102.92177701491835,0.125,0.125,0.125,0.125,0.125,0.125,0.125,0.125
103,103.0,103.92630708268862,0.125,0.125,0.125,0.125,0.125,0.125,0.125,0.125
104,104.0,104.92912107285498,0.125,0.125,0.125,0.125,0.125,0.125,0.125,0.125
105,105.0,105.93036245327616,0.125,0.125,0.125,0.125,0.125,0.125,0.125,0.125
106,106.0,106.93017607112245,0.125,0.125,0.125,0.125,0.125,0.125,0.125,0.125
107,107.0,107.9287065664729,0.125,0.125,0.125,0.125,0.125,0.125,0.125,0.125
108,108.0,108.92609694662356,0.125,0.125,0.125,0.125,0.125,0.125,0.125,0.125
109,109.0,109.92248731929293,0.125,0.125,0.125,0.125,0.125,0.125,0.125,0.125
110,110.0,110.91801378150242,0.125,0.125,0.125,0.125,0.125,0.125,0.125,0.125
111,111.0,111.91280745967595,0.125,0.125,0.125,0.125,0.125,0.125,0.125,0.125
112,112.0,112.90699369543536,0.125,0.125,0.125,0.125,0.125,0.125,0.125,0.125
113,113.0,113.90069137066448,0.125,0.125,0.125,0.125,0.125,0.125,0.125,0.125
114,114.0,114.89401236466405,0.125,0.125,0.125,0.125,0.125,0.125,0.125,0.125
115,115.0,115.88706113561702,0.125,0.125,0.125,0.125,0.125,0.125,0.125,0.125
116,116.0,116.87993441811852,0.125,0.125,0.125,0.125,0.125,0.125,0.125,0.125
117,117.0,117.87272102818869,0.125,0.125,0.125,0.125,0.125,0.125,0.125,0.125
118,118.0,118.86550176696994,0.125,0.125,0.125,0.125,0.125,0.125,0.125,0.125
119,119.0,119.85834941420339,0.125,0.125,0.125,0.125,0.125,0.125,0.125,0.125
120,120.0,120.85132880257144,0.125,0.125,0.125,0.125,0.125,0.125,0.125,0.125
121,121.0,121.844496964077,0.125,0.125,0.125,0.125,0.125,0.125,0.125,0.125
122,122.0,122.83790333979121,0.125,0.125,0.125,0.125,0.125,0.125,0.125,0.125
123,123.0,123.8315900445361,0.125,0.125,0.125,0.125,0.125,0.125,0.125,0.125
124,124.0,124.82559217836115,0.125,0.125,0.125,0.125,0.125,0.125,0.125,0.125
125,125.0,125.81993817702006,0.125,0.125,0.125,0.125,0.125,0.125,0.125,0.125
126,126.0,126.81465019404288,0.125,0.125,0.125,0.125,0.125,0.125,0.125,0.125
127,127.0,127.809744507423,0.125,0.125,0.125,0.125,0.125,0.125,0.125,0.125
128,128.0,128.80523194439087,0.125,0.125,0.125,0.125,0.125,0.125,0.125,0.125
129,129.0,129.80111831821804,0.125,0.125,0.125,0.125,0.125,0.125,0.125,0.125
130,130.0,130.80740487148032,0.125,0.125,0.125,0.125,0.125,0.125,0.125,0.125
131,131.0,131.81398872070156,0.125,0.125,0.125,0.125,0.125,0.125,0.125,0.125
132,132.0,132.82077429779366,0.125,0.125,0.125,0.125,0.125,0.125,0.125,0.125
133,133.0,133.82767357419863,0.125,0.125,0.125,0.125,0.125,0.125,0.125,0.125
134,134.0,134.8346061872211,0.125,0.125,0.125,0.125,0.125,0.125,0.125,0.125
135,135.0,135.85149947706915,0.125,0.125,0.125,0.125,0.125,0.125,0.125,0.125
136,136.0,136.8681884431617,0.125,0.125,0.125,0.125,0.125,0.125,0.125,0.125
137,137.0,137.88452662821337,0.125,0.125,0.125,0.125,0.125,0.125,0.125,0.125
138,138.0,138.90038572847772,0.125,0.125,0.125,0.125,0.125,0.125,0.125,0.125
139,139.0,139.91565506143087,0.125,0.125,0.125,0.125,0.125,0.125,0.125,0.125
140,140.0,140.9302409104744,0.125,0.125,0.125,0.125,0.125,0.125,0.125,0.125
141,141.0,141.9440657655088,0.125,0.125,0.125,0.125,0.125,0.125,0.125,0.125
142,142.0,142.95706747738473,0.125,0.125,0.125,0.125,0.125,0.125,0.125,0.125
143,143.0,143.97919834329917,0.125,0.125,0.125,0.125,0.125,0.125,0.125,0.125
144,144.0,145.0003241391892,0.125,0.125,0.125,0.125,0.125,0.125,0.125,0.125
145,145.0,146.02033411409832,0.125,0.125,0.125,0.125,0.125,0.125,0.125,0.125
146,146.0,147.03913975037557,0.125,0.125,0.125,0.125,0.125,0.125,0.125,0.125
147,147.0,148.05667342552132,0.125,0.125,0.125,0.125,0.125,0.125,0.125,0.125
148,148.0,149.0728869988973,0.125,0.125,0.125,0.125,0.125,0.125,0.125,0.125
149,149.0,150.0877503449467,0.125,0.125,0.125,0.125,0.125,0.125,0.125,0.125
150,150.0,151.11124985294168,0.125,0.125,0.125,0.125,0.125,0.125,0.125,0.125
151,151.0,152.13328691160774,0.125,0.125,0.125,0.125,0.125,0.125,0.125,0.125
152,152.0,153.15378739529115,0.125,0.125,0.125,0.125,0.125,0.125,0.125,0.125
153,153.0,154.17269995665328,0.125,0.125,0.125,0.125,0.125,0.125,0.125,0.125
154,154.0,155.18999426231267,0.125,0.125,0.125,0.125,0.125,0.125,0.125,0.125
155,155.0,156.205659194783,0.125,0.125,0.125,0.125,0.125,0.125,0.125,0.125
156,156.0,157.21970104205846,0.125,0.125,0.125,0.125,0.125,0.125,0.125,0.125
157,157.0,158.2321416941858,0.125,0.125,0.125,0.125,0.125,0.125,0.125,0.125
158,158.0,159.24301686415853,0.125,0.125,0.125,0.125,0.125,0.125,0.125,0.125
159,159.0,160.25237434849242,0.125,0.125,0.125,0.125,0.125,0.125,0.125,0.125
160,160.0,161.260272340908,0.125,0.125,0.125,0.125,0.125,0.125,0.125,0.125
161,161.0,162.26677781067292,0.125,0.125,0.125,0.125,0.125,0.125,0.125,0.125
162,162.0,163.2719649553546,0.125,0.125,0.125,0.125,0.125,0.125,0.125,0.125
163,163.0,164.2759137360146,0.125,0.125,0.125,0.125,0.125,0.125,0.125,0.125
164,164.0,165.27870850124845,0.125,0.125,0.125,0.125,0.125,0.125,0.125,0.125
165,165.0,166.28043670494645,0.125,0.125,0.125,0.125,0.125,0.125,0.125,0.125
166,166.0,167.2811877212252,0.125,0.125,0.125,0.125,0.125,0.125,0.125,0.125
167,167.0,168.28105175866378,0.125,0.125,0.125,0.125,0.125,0.125,0.125,0.125
168,168.0,169.28011887477186,0.125,0.125,0.125,0.125,0.125,0.125,0.125,0.125
169,169.0,170.28847809052144,0.125,0.125,0.125,0.125,0.125,0.125,0.125,0.125
170,170.0,171.29611660379084,0.125,0.125,0.125,0.125,0.125,0.125,0.125,0.125
171,171.0,172.30303009969538,0.125,0.125,0.125,0.125,0.125,0.125,0.125,0.125
172,172.0,173.30922194501252,0.125,0.125,0.125,0.125,0.125,0.125,0.125,0.125
173,173.0,174.31470238634785,0.125,0.125,0.125,0.125,0.125,0.125,0.125,0.125
174,174.0,175.31948775968615,0.125,0.125,0.125,0.125,0.125,0.125,0.125,0.125
175,175.0,176.32359971809376,0.125,0.125,0.125,0.125,0.125,0.125,0.125,0.125
176,176.0,177.32706448347966,0.125,0.125,0.125,0.125,0.125,0.125,0.125,0.125
177,177.0,178.32991212749218,0.125,0.125,0.125,0.125,0.125,0.125,0.125,0.125
178,178.0,179.33217588582852,0.125,0.125,0.125,0.125,0.125,0.125,0.125,0.125
179,179.0,180.33389150947295,0.125,0.125,0.125,0.125,0.125,0.125,0.125,0.125
180,180.0,181.33509665565822,0.125,0.125,0.125,0.125,0.125,0.125,0.125,0.125
181,181.0,182.33583032066838,0.125,0.125,0.125,0.125,0.125,0.125,0.125,0.125
182,182.0,183.33613231597084,0.125,0.125,0.125,0.125,0.125,0.125,0.125,0.125
183,183.0,184.33604278858334,0.125,0.125,0.125,0.125,0.125,0.125,0.125,0.125
184,184.0,185.33560178604876,0.125,0.125,0.125,0.125,0.125,0.125,0.125,0.125
185,185.0,186.33484886590716,0.125,0.125,0.125,0.125,0.125,0.125,0.125,0.125
186,186.0,187.33382274912063,0.125,0.125,0.125,0.125,0.125,0.125,0.125,0.125
187,187.0,188.33256101652157,0.125,0.125,0.125,0.125,0.125,0.125,0.125,0.125
188,188.0,189.33109984701719,0.125,0.125,0.125,0.125,0.125,0.125,0.125,0.125
189,189.0,190.32947379599307,0.125,0.125,0.125,0.125,0.125,0.125,0.125,0.125
190,190.0,191.32771561211143,0.125,0.125,0.125,0.125,0.125,0.125,0.125,0.125
191,191.0,192.32585609049687,0.125,0.125,0.125,0.125,0.125,0.125,0.125,0.125
192,192.0,193.32392396013879,0.125,0.125,0.125,0.125,0.125,0.125,0.125,0.125
193,193.0,194.32194580321513,0.125,0.125,0.125,0.125,0.125,0.125,0.125,0.125
194,194.0,195.31994600395166,0.125,0.125,0.125,0.125,0.125,0.125,0.125,0.125
195,195.0,196.31794672457502,0.125,0.125,0.125,0.125,0.125,0.125,0.125,0.125
196,196.0,197.31596790589032,0.125,0.125,0.125,0.125,0.125,0.125,0.125,0.125
197,197.0,198.3140272900152,0.125,0.125,0.125,0.125,0.125,0.125,0.125,0.125
198,198.0,199.31214046282741,0.12486111111111112,0.12486111111111112,0.12597222222222224,0.12486111111111112,0.12486111111111112,0.12486111111111112,0.12486111111111112,0.12486111111111112
199,199.0,200.31032091373015,0.12433472222222225,0.12544583333333334,0.12643472222222224,0.12433472222222225,0.12533472222222225,0.12433472222222225,0.12544583333333337,0.12433472222222225
200,200.0,201.3085801104053,0.12467595833333336,0.12566484722222224,0.12763384722222224,0.12356484722222225,0.12555484722222227,0.12356484722222225,0.12577595833333338,0.12356484722222225
201,201.0,202.30692758630886,0.12501964458333337,0.12587753347222225,0.12880894347222224,0.12280853347222226,0.12576963347222228,0.12280853347222226,0.12609864458333336,0.12280853347222226
202,202.0,203.315371038759,0.12495805869179298,0.12569855960088386,0.1322940972281566,0.12177905869179297,0.1255936286008839,0.12177905869179297,0.12611847980290408,0.12177905869179297
203,203.0,204.32381643557653,0.12468133363077152,0.12605726519743815,0.13534819867661999,0.12056302363077151,0.12630959096097355,0.12056302363077151,0.12591454064188262,0.12056302363077151
204,204.0,205.33217912835653,0.12434282982190657,0.12621535120318625,0.1388902805653434,0.11932032392190656,0.1269502434598268,0.11932032392190656,0.1256403231840177,0.11932032392190656
205,205.0,206.34038376057498,0.12395485743081838,0.12619954047539306,0.14281139875668833,0.11806880027981836,0.12751945781132598,0.11806880027981836,0.12530834468631952,0.11806880027981836
206,206.0,207.34836409196583,0.12352807454147166,0.1266995419668518,0.14635128825532903,0.11682368183608165,0.12802051718852303,0.11682368183608165,0.12492953253957992,0.11682368183608165
207,207.0,208.36606274929795,0.12387106293301864,0.12711158829353655,0.14949968602256244,0.11556387882239819,0.12834656848641818,0.11556387882239819,0.12447945779726999,0.11556387882239819
208,208.0,209.38333091340388,0.12422159741163628,0.1275085363268397,0.15246880270840246,0.11437163954408132,0.12864821563632628,0.11437163954408132,0.12403792928455168,0.11437163954408132
209,209.0,210.40003895196517,0.12368652913494246,0.12799903752687747,0.15435798636524112,0.11336324113148866,0.12903599369265809,0.11336324113148866,0.12371961877470414,0.11447435224259978
210,210.0,211.41607579715068,0.12315976906123527,0.12846883156497602,0.15605633845941017,0.1124303834821737,0.12939741178420788,0.1124303834821737,0.12341538757253875,0.11464149459328482
211,211.0,212.44134819984612,0.12264575397095312,0.12891529121694828,0.15756595862623485,0.11157484109630185,0.12973149172653842,0.11157484109630185,0.12312687005930895,0.11486495220741297
212,212.0,213.46567988027357,0.12214834951665632,0.12933628532488717,0.1588906238567814,0.11079743787138749,0.1300376265351483,0.11079743787138749,0.12285538004125349,0.11513685898249862
213,213.0,214.48892159385557,0.1216708686792893,0.12973015050211664,0.16003558299237217,0.11009813392358402,0.1303155493753235,0.11009813392358402,0.12260192966903549,0.11544965093469517
214,214.0,215.51094992014077,0.12096609390553276,0.1298456609899353,0.16075735705114677,0.1092261123646584,0.1303153022155057,0.1092261123646584,0.12411724948179337,0.11554611162676955
215,215.0,216.53166591459606,0.1201776912256521,0.129823386041295,0.16220493568908803,0.10832125406020097,0.1301785934161813,0.10832125406020097,0.12541208704067974,0.11556079846670213
216,216.0,217.55099365045987,0.11942190745705854,0.129777326949328,0.16349126266189984,0.10749589126780949,0.13002043622929418,0.10749589126780949,0.1266955421954929,0.11560174197130775
217,217.0,218.5688786762327,0.1187030385463093,0.12971032271928665,0.16461959986636698,0.1078614391753124,0.1287334459543584,0.10675032806420129,0.12795591863509204,0.11566590703907308
218,218.0,219.58528641266594,0.11802458169672746,0.12962513790727878,0.1665944629072793,0.10829515123364525,0.12744337580292817,0.10608404012253411,0.12818292046660257,0.11575032986300447
219,219.0,220.60020051132918,0.11738928027069208,0.12952444241962113,0.16841145057058315,0.10878587390714169,0.12616343446416722,0.10549576279603054,0.12837761513251827,0.11585214043924602
220,220.0,221.6136211950128,0.11679917174010887,0.12941079427875526,0.17006818051740635,0.1093229989075504,0.12490540847019627,0.10498357779643924,0.12854128640273943,0.11596858188680428
221,221.0,222.63556359837793,0.11714452678962733,0.12917551412029954,0.17145300010881764,0.10967429252995385,0.12356857543536488,0.1044338866299538,0.12856428879302217,0.1159859155929609
222,222.0,223.65595612542276,0.11725561823801485,0.12875129976577931,0.1732247067298986,0.10978209770320126,0.12209236621228925,0.1046832095522012,0.12837864098563936,0.11583206081297628
223,223.0,224.6747498385089,0.11717294334908245,0.12817340799046748,0.17529053097510783,0.11052120037199088,0.12051760172414576,0.10476733374326751,0.12801918569055257,0.11553779615538562
224,224.0,225.6919166819013,0.11704005437880033,0.12758225507346588,0.177687038426216,0.11113032606932695,0.11975838553082305,0.10482528670770903,0.1267372789398638,0.11523937487379504
225,225.0,226.70744767413544,0.1166863785480832,0.12675046327349815,0.1796610418419683,0.11149715046615066,0.11992494299896025,0.10568218296162077,0.12509225845091365,0.11470558145880505
226,226.0,227.72135109040482,0.11636253130128173,0.12593541439686062,0.18146005159174278,0.11186723544854504,0.12014803118773004,0.10657455921351658,0.12346188580241776,0.11419029105790549
227,227.0,228.73365065414325,0.11602175970546384,0.12592990942631138,0.18169041455147708,0.1131895455611205,0.12026164648506178,0.10644293515407055,0.1228139913898071,0.11364979772668778
228,228.0,229.74438375496638,0.11557258271490814,0.12580646782436591,0.18162164903553515,0.114359053993152,0.12027901883054477,0.10730555696954124,0.12206022513703807,0.11299544549491469
229,229.0,230.76359970815756,0.11506442354808488,0.12561220857927424,0.18222753736482583,0.11541343673746453,0.12024368970499998,0.10808846476337318,0.12107098461792692,0.11227925468405044
230,230.0,231.78125806894803,0.11459008019610724,0.12543797422962003,0.18269819163516932,0.11643548071720504,0.1202431007286038,0.10887361904161011,0.12012516420975354,0.11159638924193094
231,231.0,232.79733801297,0.11350444986454578,0.1263794642253157,0.18267374184107008,0.11751415896499291,0.11953641003883159,0.10983981229989784,0.11941474879237454,0.1111372139729716
232,232.0,233.81183658246005,0.11227446704962397,0.1279757922419703,0.18232869036166083,0.11828403137255565,0.11943563814826211,0.11060422820259791,0.11856825151583379,0.1105289011074955
233,233.0,234.82476692917652,0.11109504864600891,0.12956369301550325,0.18188491151663028,0.11900464343620376,0.11936756453224442,0.1113475821444239,0.11777592735699469,0.10996062935199087
234,234.0,235.83615657192956,0.10997293239660608,0.13112813026249132,0.18135671583099086,0.11967371506969224,0.11932960009948354,0.11206454678204497,0.11704028224567545,0.10943407731301565
235,235.0,236.846045684688,0.10891360924848825,0.13376691707423025,0.18075782694565987,0.12028970959970216,0.11931911357598138,0.11163948028839428,0.11636300472823728,0.10895033853930662
236,236.0,237.85448542932372,0.10792139312300814,0.13717956395946093,0.18010130306945976,0.12001844145794793,0.11933346203604708,0.11119083644153552,0.11574503082046647,0.10850996909207426
237,237.0,238.8615363452026,0.10699949547915674,0.14050455844198184,0.17939947294023947,0.11970134959302353,0.11937001849672321,0.11072545941525808,0.11518660990047398,0.10811303573314322
238,238.0,239.86726680604158,0.10615010344520973,0.1437174158172388,0.1786638854845932,0.11934618729589522,0.11942619659334197,0.1102496762977666,0.1146873708786819,0.1077591641872727
239,239.0,240.87175155273627,0.10612446038051612,0.1472694434444278,0.17765527230972,0.11871031323275466,0.11841613904800956,0.10951928552935741,0.11510749906659923,0.10719758698861533
240,240.0,241.87507030923413,0.10616544781879751,0.15066620402208378,0.17663602211929133,0.11805315732083448,0.11743157000037442,0.10879205178280638,0.11557585646137584,0.10667969047443639
241,241.0,242.87730648698985,0.10626599283537358,0.15388925664938347,0.175617391116767,0.11738341930413186,0.1164797862911432,0.10807493169339316,0.11608293656837806,0.1062062855414298
242,242.0,243.8785459821001,0.10722216452527941,0.15598434765569555,0.17482162490550301,0.11669390325814055,0.11555187570841628,0.10735893358114663,0.11660464480016178,0.10576250556565692
243,243.0,244.8788760678783,0.1082161112315557,0.15872211017184357,0.17404348557757693,0.11600711850988568,0.11383503307567354,0.10666474159310894,0.11714793762556737,0.10536346221478843
244,244.0,245.87838438439996,0.1106968199482066,0.16086462902541204,0.1729218589708013,0.11518979963721603,0.11203545988438383,0.10585725689687943,0.11756536351711844,0.10486881211998245
245,245.0,246.87715802542544,0.11317437382059457,0.16280664675076661,0.16983272965954846,0.11438904736717388,0.1103052990481889,0.10608175773611371,0.11899120903515907,0.10441893658245491
246,246.0,247.8752827220941,0.11551442268453192,0.16427406800874983,0.16746307986671932,0.11355626750725187,0.10859996588499617,0.10627785549392801,0.12035542870691485,0.10395891184690817
247,247.0,248.87284212187495,0.11767801252292032,0.16548282841666917,0.16491484128858294,0.11268833860038519,0.1069193789444853,0.10720100825546494,0.12163589090564468,0.10347970106584764
248,248.0,249.86991716045895,0.12038093355971097,0.16644945370819908,0.1622423442004404,0.11180020209308421,0.10528061672654049,0.10802477349823136,0.12283091400941112,0.10299076220438254
249,249.0,250.86658552358,0.12276017218264447,0.1669522274057995,0.160730160669595,0.11085697256467783,0.10365009683529701,0.10870689627772062,0.12389130415088528,0.10245216991338042
250,250.0,251.86292119515312,0.12491358996116292,0.16724798312236358,0.15975119069943503,0.1099176392316083,0.10208734785604481,0.10929995770770365,0.1248639683439293,0.10191832307775264
251,251.0,252.8589940876174,0.12695473480192263,0.16739196509882925,0.15888690263359348,0.10902870580767261,0.10063872018737728,0.10988193330883123,0.1257854525414557,0.10143158562031804
252,252.0,253.85486974995905,0.12887442255029186,0.16739791088944173,0.158134471162297,0.10819402163619672,0.09930728797492262,0.11044811190797763,0.12665165990104105,0.10099211397783164
253,253.0,254.850609148567,0.13066560203802602,0.1672795646548802,0.157490234940804,0.10741650863364943,0.09809464599518408,0.1109944114193495,0.12745945603288353,0.1005995762852235
254,254.0,255.84626851582848,0.1322121011852001,0.16693942794889657,0.15783870569523797,0.10658711370205223,0.09688993053357634,0.11140624564549946,0.12798438187621683,0.10014209341332074
255,255.0,256.8418992612055,0.1320067614182368,0.1657960104786222,0.15847914822248205,0.10602133918564628,0.0971175274060337,0.11199496297470841,0.1286514954034787,0.09993275491079207
256,256.0,257.8375479394328,0.1315702543696538,0.1644663270204414,0.1590830316270535,0.10640555149514724,0.0972278890063847,0.1124440586304491,0.1291469774180744,0.09965591043279606
257,257.0,258.83325627044303,0.13103006183809895,0.16308230100772664,0.15974797298717391,0.10684090982486939,0.09743163524583642,0.1128630038235109,0.1295830362511246,0.09942107902165942
258,258.0,259.8290612056478,0.1321936209638516,0.16170487362272515,0.15904455042702048,0.10735961265616006,0.09775905686475096,0.11266729081489776,0.13000292029912,0.09926807435147425
259,259.0,260.8249950352756,0.1323996766231791,0.16133714567900198,0.15834336339095095,0.10730875428366526,0.09852637885335964,0.11179450727902805,0.1310190346025725,0.09927113928824273
260,260.0,261.82108553158787,0.13252198853620067,0.16095708674962877,0.1576946442528617,0.10728749521568431,0.09934950788487688,0.11090683985223786,0.13197435723066414,0.09930808027784588
261,261.0,262.817356122953,0.13256770795841666,0.15966063961337337,0.15709963341433555,0.10820217902153653,0.10021463196469667,0.11001465359788713,0.13286541412465006,0.0993751403051042
262,262.0,263.8138260939521,0.13190417680482536,0.15880765231753133,0.1560216141165055,0.10900717413288963,0.10189328263157282,0.10915412878808198,0.1337165278158075,0.09949544339278611
263,263.0,264.81051080691185,0.1311207270063149,0.15790484954356046,0.15605024237885518,0.11039456030724085,0.10327795786076809,0.10724247608823743,0.13443495304927933,0.099574233765744
264,264.0,265.80742194050646,0.13062821056638801,0.15646837761915014,0.15468781502599097,0.11210632714064941,0.10499061870016885,0.10569495045538152,0.135417800059525,0.10000590043274632
265,265.0,266.80456774133654,0.12990043911156535,0.15475283686545713,0.15300322350912451,0.11359089869685532,0.10647931977834037,0.10589768514621464,0.13612677799674452,0.10024881889569841
266,266.0,267.8019532846702,0.12982835571802462,0.1538123804820375,0.1505308448451394,0.11494705787892583,0.10784247915153293,0.10595544496327777,0.13667309307977735,0.10041034388128488
267,267.0,268.79958074082384,0.12973662290308352,0.15292435914115265,0.14814830740951324,0.11625590251427198,0.1091608375783307,0.10604578615941362,0.13714936662503002,0.10057881766920458
268,268.0,269.7974496439539,0.1295523653612739,0.1520166519762004,0.14647651305982692,0.11743331803545518,0.11034993399334758,0.10601303203323839,0.13748208247507043,0.10067610306558744
269,269.0,270.7955571603313,0.13018819329221587,0.15116848645941885,0.14472334319322117,0.11707449604250271,0.11160719057999845,0.10671131149973681,0.13775045105910125,0.10077652787380512
270,270.0,271.79389835346774,0.13080573986932487,0.1512914809902496,0.1430875439831309,0.11666357158368076,0.11279783413986878,0.10651683211127023,0.13795822341788314,0.10087877390459196
271,271.0,272.80246644375586,0.13245310531466065,0.15148659031792383,0.14156208134435042,0.11619820913850949,0.11390496452838292,0.10632734135374662,0.1370977264386981,0.10096998156372818
272,272.0,273.8111530605776,0.13393542616153925,0.15147250734733594,0.14009756319252353,0.11563489307646248,0.11487224870517829,0.10685985298726464,0.1361307789715217,0.1009967295581744
273,273.0,274.8198594851114,0.13590090380785774,0.1519314642991902,0.1386411849491178,0.1148635940443899,0.11551443801009838,0.10722823359777686,0.13501634022846948,0.10090384106309987
274,274.0,275.8284966723407,0.13786764838328955,0.15248830753846374,0.13757024951927835,0.11414176105855275,0.11614425007391155,0.1061274469137132,0.13478488247913828,0.1008754540336528
275,275.0,276.83698517412364,0.13802740421070744,0.15372703897838086,0.13760371684774172,0.11355820430572436,0.1168431629616288,0.10518657137752573,0.13406196066318782,0.1009919406551034
276,276.0,277.8452549739871,0.138116964914331,0.1549757363306319,0.13775100429308537,0.1129751240378244,0.1174674697696749,0.104269216937481,0.13333664271313184,0.10110784100383972
277,277.0,278.8532452441243,0.1381424543995034,0.156220916030461,0.13799925696916782,0.11239830340903906,0.11801838803793646,0.10338220502836518,0.1326164214218814,0.1012220547036458
278,278.0,279.86090403480654,0.13811002489321803,0.15745047804611204,0.13833589582615435,0.11106365389251394,0.11926697820694013,0.10253137151617654,0.1319079893364685,0.10133360828241661
279,279.0,280.8681879060725,0.13796169002558092,0.1593588167309745,0.1384282030368719,0.1096885100003934,0.12037457692851136,0.1016575043322417,0.13115314929306093,0.1013775496523654
280,280.0,281.88506151115115,0.1369989852198652,0.16254303696534456,0.13831342495757643,0.10829341986190544,0.12134695461292497,0.10077439276832188,0.13036683774063948,0.10136294787342215
281,281.0,282.9013971406104,0.13595766316262453,0.16618070472892407,0.1380225754072197,0.10689616050490319,0.12218974108888409,0.09989362387988628,0.12956189644746127,0.10129763478009698
282,282.0,283.91708523571765,0.135087348005933,0.17083573351179124,0.13642339225063368,0.10574227065115732,0.12313881681882374,0.09920750124700096,0.12814625367354962,0.10141868384111055
283,283.0,284.932033668957,0.13420999935415975,0.17535447978133148,0.13489305782286426,0.10464930939173678,0.12400441926290366,0.09857663575615407,0.12677549313757414,0.101536605493276
284,284.0,285.94616692218284,0.13333509404333072,0.17970538432618208,0.13343999059530745,0.10362211347980324,0.124786239725269,0.09800181034805021,0.12545883422110093,0.10165053326095648
285,285.0,286.95942518086423,0.13236002568134864,0.1837506111622524,0.13284877229799535,0.10255326722861623,0.12537372708835645,0.09737205815738503,0.12409292224023345,0.10164861614381257
286,286.0,287.9717633618689,0.13186512275427484,0.18730554317173886,0.1318825794187376,0.1014299503378215,0.1257527659916715,0.09667149558752985,0.12266866782442833,0.10242387491379763
287,287.0,288.98315009115436,0.13132745292317147,0.19102307673823893,0.130836068373636,0.100351069718838,0.12602263757070845,0.09599643598065243,0.12128837443988758,0.10315488425486728
288,288.0,289.99356664659973,0.13162520970535455,0.19081712309315085,0.13007047642472636,0.09966502289117882,0.12653361218260908,0.09569313197702811,0.12141461236894564,0.10418081135700673
289,289.0,291.00300588003466,0.13194312793240237,0.19039383138477264,0.12938925422155467,0.09905801042576945,0.1269750932597494,0.09544606453814922,0.12161408958273343,0.10518052865486897
290,290.0,292.02147113132565,0.13232363132517702,0.19063881745932407,0.12831208026972424,0.09857581805865807,0.12739723439245307,0.09463303306288239,0.12192510642825914,0.10619427900352216
291,291.0,293.03887514617435,0.13263485182189988,0.19052490894092455,0.12721488539339365,0.09814161277135516,0.12772857523150588,0.09434959133728825,0.1222642258415629,0.10714134866206983
292,292.0,294.05515000807645,0.1328802295673593,0.19056444765726124,0.12611014238064344,0.0977548125954697,0.1279747570845992,0.09407167996656274,0.12262512105845068,0.10801880968965386
293,293.0,295.0702458837075,0.13317147081680272,0.19088736449336813,0.12432047598606555,0.09859037474744853,0.12820655264651667,0.09388767221507342,0.12306672416111378,0.10786936493361136
294,294.0,296.0841297129384,0.13389663957790013,0.1908957504775651,0.12258801114252445,0.09943707966735772,0.128342454885129,0.0937093900927839,0.12349592062432034,0.10763475353241952
295,295.0,297.0967838621168,0.1345274398967236,0.19063553111225748,0.12087527225677182,0.10075574646210557,0.12840654908873553,0.09353225381470699,0.12392551412573895,0.1073416932429602
296,296.0,298.10820475775625,0.13514492269223444,0.19027253276241243,0.11927533619980839,0.10209638188665035,0.12842485563828132,0.09339688119816329,0.1243706495460147,0.10701844007643521
297,297.0,299.1184015162542,0.13574424488880873,0.18982066330998215,0.11779292204932487,0.10344338272376692,0.128401770233677,0.0933004496031649,0.12482532133905916,0.1066712458522164
298,298.0,300.1373945837398,0.1363212293243744,0.18929332855974948,0.11643110175617813,0.10478264242382695,0.12834166292438356,0.09324002924350727,0.12528402914966497,0.10630597661831534
299,299.0,301.15511439863945,0.1368723399306767,0.18870334838899694,0.11519143413756594,0.10610154250353548,0.1282488369739629,0.0932126231992529,0.12574178229796995,0.10592809256803926
300,300.0,302.17151108806274,0.1373946529845789,0.1880628871414841,0.11407410060222098,0.10738892992413057,0.12923860361714304,0.093215204099304,0.12508298760761005,0.10554263402352843
301,301.0,303.18655299766306,0.13777471399967087,0.18727228642625096,0.11296692996605885,0.10852397096620651,0.1299705837059099,0.09313363632911843,0.12431477669824423,0.1060431019085403
302,302.0,304.20022518632675,0.13812294756968274,0.1864544661972219,0.1119799776455229,0.10961054985719447,0.1306632360948171,0.0930771504334217,0.12355577330086674,0.1065358989012725
303,303.0,305.21252790426075,0.1384390541034224,0.1856203266080668,0.11111109133225586,0.11064264702329334,0.13131356702996155,0.09304380308372187,0.12281264669825252,0.10701686412102568
304,304.0,306.22347507135873,0.13872308523917964,0.18477984099068984,0.11035715328866351,0.11161538966533105,0.1319193053473681,0.09303161389891627,0.12209124047695138,0.1074823710929002
305,305.0,307.2330927710334,0.13997540820539517,0.18394204880408696,0.10971420806821432,0.11252498580929335,0.13247885292563644,0.09303858895436354,0.12139659666104503,0.10692931057196517
306,306.0,308.24141777303026,0.141186670589361,0.18311505862704677,0.10917758584079847,0.11336865414354814,0.13299123336289775,0.0930627420754839,0.12073298544815306,0.10636506991271091
307,307.0,309.24849609709713,0.14234886582546244,0.1823060601603834,0.10874202052938677,0.11414455076572365,0.1334560395688801,0.09310211392449885,0.12010393969010294,0.10579640953556188
308,308.0,310.2543816277863,0.14354456439041063,0.1801820585034401,0.10920533352406435,0.11494097959509174,0.13396266661893727,0.09324407462441449,0.11960157901327671,0.10531874373036476
309,309.0,311.2591347891287,0.14363048277519522,0.17781543684895715,0.11032121814998978,0.11661994693216328,0.134373889967685,0.0933489694926654,0.11909028232584405,0.10479977350750015
310,310.0,312.2628212864456,0.14356868786593277,0.17542035717946713,0.11231715450167515,0.11803744821383617,0.13455617671280576,0.0933714042156836,0.11852800424768797,0.1042007670629115
311,311.0,313.26551092116637,0.1433806295471812,0.17302967669922623,0.11419729925514881,0.12005090957828812,0.13454271885933222,0.0933254610668228,0.11793152630472299,0.10354177868927769
312,312.0,314.26727648320343,0.14314899656125876,0.17073504411229376,0.11609079375906083,0.12196696403996032,0.13448958908202222,0.0932866190829413,0.11737841508104147,0.1029035782814214
313,313.0,315.2681927242047,0.14288046270474178,0.16854980095520822,0.11797736809332825,0.12377619174451404,0.13440128587103242,0.09325455656737999,0.11686986501695187,0.10229046904684343
314,314.0,316.2683354138638,0.14258140340325487,0.16648486071655574,0.11983884853157287,0.12547118309061556,0.13428220960184079,0.09322891619846249,0.11640650549713591,0.10170607296056174
315,315.0,317.2677804804183,0.1422578617943099,0.1645488425068796,0.12165912965901451,0.12704641180064913,0.1341366283429594,0.09320931216521357,0.11598845106236437,0.10115336266860951
316,316.0,318.26660323551323,0.14191552152474216,0.16274821430537886,0.12342412859545908,0.12849810185112115,0.13396864840594602,0.09319533687439886,0.11561535174848053,0.10063469669447334
317,317.0,319.26487768274353,0.14155968586330953,0.161087443393251,0.12512172357064183,0.1298240902074831,0.133782189457984,0.0931865672046831,0.11528644303653446,0.10015185726611296
318,318.0,320.2626759084233,0.14119526270581287,0.15956915175068007,0.12674167903093708,0.13102368715558235,0.13358096398964783,0.09318257029065356,0.11500059495345183,0.0997060901232344
319,319.0,321.26006755245095,0.14082675503343353,0.15819427436713604,0.12827555937323065,0.1320975358667642,0.13336846090765828,0.0931829088258819,0.11475635991717714,0.09929814570871828
320,320.0,322.25711935655136,0.14045825637438358,0.15696221859055165,0.1297166333058998,0.13304747267760852,0.13314793300420055,0.09318714588009003,0.11455201897339233,0.09892832119387351
321,321.0,323.25389478667614,0.1400934508139206,0.1558710228179968,0.13105977073058026,0.13387638941004068,0.13292238804045609,0.09319484923083791,0.11438562612228628,0.0985965028338814
322,322.0,324.2504537259217,0.13973561709779053,0.15491751300679407,0.1323013339238241,0.13458809890457754,0.13269458317209099,0.0932055952149641,0.11425505048310215,0.09830220819685659
323,323.0,325.2468522339835,0.13938763637872134,0.1540974556589203,0.13343906467684252,0.13518720479006327,0.13246702243825095,0.09321897210928948,0.11415801609103961,0.09804462785687261
324,324.0,326.24314236889927,0.13905200316419766,0.1534057061015213,0.13447196892612787,0.13567897636854812,0.1322419570328219,0.09323458305385088,0.11409213916530711,0.09782266618762522
325,325.0,327.2393720666345,0.13873083903591016,0.15283635105112361,0.13540020027956065,0.13606922935494734,0.13202138807701702,0.09325204853417911,0.11405496272852898,0.09763498093873323
326,326.0,328.2355850739298,0.1384259087265181,0.15238284460753107,0.13622494371319174,0.1363642130786055,0.13180707161543195,0.09327100844189418,0.11404398849617757,0.09748002132065002
327,327.0,329.23182092975634,0.13813863815722588,0.15203813697449908,0.13694830058466503,0.13657050462856007,0.13160052556326055,0.09329112373518025,0.1140567059901337,0.09735606436647555
328,328.0,330.22811499070264,0.1378701340597164,0.1517947953473019,0.13757317598148158,0.13669491030668196,0.13140303834008313,0.09331207772254738,0.11409061886282708,0.09726124937936069
329,329.0,331.2244984956473,0.1376212048277865,0.15164511654162802,0.13810316929713887,0.1367443746433732,0.13121567893523212,0.09333357699471378,0.11414326844765704,0.09719361031247062
330,330.0,332.220998665141,0.13739238226719755,0.15158123106338187,0.13854246880659624,0.13672589712940986,0.13103930816092335,0.09335535203047787,0.11421225457756162,0.09715110596445177
