,Unnamed: 0,Generation,Intertwine_two,Add_vertex,Delete_vertex,Invert_path_vertices,Insert_inside_vertex,Delete_inside_vertex,Replace_inside_vertex,Donate_between_routes,Trim_one_terminal_cb,Grow_one_terminal_cb
0,0.0,0.0,0.09999999999999999,0.09999999999999999,0.09999999999999999,0.09999999999999999,0.09999999999999999,0.09999999999999999,0.09999999999999999,0.09999999999999999,0.09999999999999999,0.09999999999999999
1,1.0,1.0,0.12432837276824386,0.10094029074206574,0.09196053128730018,0.10102655153752829,0.10353274844682991,0.09389129228686502,0.07178038498852285,0.05910372592001154,0.12745277338030853,0.1259833286423236
2,2.0,2.0,0.12082544372440837,0.10241605995249611,0.08859887485615969,0.09924001795666403,0.09615394584847785,0.0925739537299615,0.09248711518703619,0.046864513996964695,0.13785114343866975,0.1229889313091613
3,3.0,3.0,0.13453603891365815,0.10172418016521187,0.09870962494657085,0.08663435499002872,0.10881461078896262,0.07218214467137193,0.06807659374921293,0.05541445391810736,0.13422978874286745,0.13967820911400763
4,4.0,4.0,0.11745776197426135,0.09515130592061036,0.09138236198004404,0.09309358204912965,0.10228521350671045,0.08074592688009845,0.09306260806853664,0.05800823672773384,0.1332848308124442,0.13552817208043058
5,5.0,5.0,0.11984336385266132,0.08919346044976559,0.08590652801020845,0.09395429445327388,0.10342987284392971,0.09262272702913422,0.07833404971371491,0.06268346084200277,0.14163358790476963,0.13239865490053912
6,6.0,6.0,0.13674290884562454,0.11952770884277344,0.08787732155940692,0.08593138307899913,0.07829200967328218,0.09653833020174965,0.07061401888823125,0.05809330276080982,0.13607354993730644,0.1303094662118162
7,7.0,7.0,0.12790003577029152,0.10288072842085579,0.09287812822667951,0.09804422917864335,0.08017678765903372,0.10331420285065729,0.06960523226283566,0.06659946495094762,0.1349866188470765,0.12361457183297866
8,8.0,8.0,0.1288066836803517,0.0927600609657854,0.0792867629832122,0.09641432603186119,0.0955362075915542,0.09581245374265593,0.049037968151930414,0.07074787781969358,0.15093621751053782,0.14066144152241708
9,9.0,9.0,0.1424516030671244,0.08619473917850118,0.09490412192445893,0.0935821406474393,0.10803830428289093,0.08419234549203158,0.03839219823915252,0.051864638774347285,0.15469523473224842,0.14568467366180507
10,10.0,10.0,0.12340838241633348,0.10309275039439987,0.09454318937738339,0.07346844013093601,0.09466939606801925,0.09671149478702165,0.06428269797998933,0.049224867033600295,0.15765198524075769,0.14294679657155868
11,11.0,11.0,0.12643293203975436,0.1141806607032602,0.11075286055699143,0.07923879356515946,0.06728656480560757,0.09226991096682019,0.0463578683044241,0.06598617907703481,0.17273187647293825,0.12476235350800927
12,12.0,12.0,0.11888203715900707,0.09422473373584297,0.09837555657852555,0.0843189301291171,0.08514722874238007,0.09939299573621863,0.04382605458175479,0.07446690190178447,0.1614156097318866,0.1399499517034824
13,13.0,13.0,0.13674571867133206,0.0968987109338574,0.09255118380204523,0.07203009204830141,0.08115835950405423,0.083988124100064,0.0447545703259028,0.062007791174464574,0.18781723624444024,0.14204821319553773
14,14.0,14.0,0.12211512167314183,0.10975219763675145,0.13008150899942153,0.06513516711018688,0.0755236938490236,0.07753973045128326,0.04061357173043041,0.057429690821504606,0.18491045438049067,0.13689886334776535
15,15.0,15.0,0.14021550317455833,0.1048362431537078,0.10103962339125128,0.06844551302807525,0.05651012785126226,0.10283560498571383,0.0465970308369185,0.06662081426590598,0.18571336107249276,0.12718617824011372
16,16.0,16.0,0.13099114570259002,0.10770055302637802,0.10979308940884844,0.059453684240601504,0.09064158452382591,0.09508846594332762,0.05664240207504441,0.05386337723687763,0.18108144843667687,0.11474424940582928
17,17.0,17.0,0.1548284725854318,0.11096611311176974,0.1085472651405794,0.08055248915321173,0.0703746866679804,0.06993004885495827,0.040363170446622264,0.06140992331274927,0.16168730680328072,0.14134052392341598
18,18.0,18.0,0.12331154843494382,0.09890739238160325,0.11199003416979751,0.0689148428031986,0.1074127444848606,0.08329551560112292,0.030000000000000006,0.05817248877013469,0.1762333614739128,0.14176207188042544
19,19.0,19.0,0.13012332042043745,0.09918556692754632,0.10354679262605224,0.07268307394249827,0.07432950296519296,0.10114558542468768,0.06647929138811429,0.04703132623930336,0.18199602347121438,0.12347951659495268
20,20.0,20.0,0.14621715028725596,0.10579046102005711,0.10112773663079153,0.06696631262537796,0.06278292727152525,0.08368288260464415,0.053315358789686094,0.061827829292571815,0.17779845522214993,0.14049088625593983
21,21.0,21.0,0.14535953108184144,0.11500709054571585,0.12176462110568591,0.04681501482459693,0.06491622711885806,0.05933382108881121,0.05499198220984497,0.06116892686047194,0.1870668902162375,0.14357589494793582
22,22.0,22.0,0.15591220524834432,0.09019670402756305,0.12450954721528833,0.0441393223669875,0.07299401941119626,0.05787083151003823,0.03682267230667906,0.052368456900881065,0.23523045999112074,0.1299557810219011
23,23.0,23.0,0.140535336681879,0.14145920601427805,0.10583639251457296,0.06190699557395045,0.04886056271464425,0.0977657799072888,0.0331003432250801,0.0718363606983756,0.17674288624405785,0.12195613642587266
24,24.0,24.0,0.18387550951775794,0.09805753134440912,0.10576475208706149,0.055883555016097944,0.07663312036041137,0.07008059209313884,0.04403546680575217,0.03938970476173549,0.17589023157111602,0.15038953644251926
25,25.0,25.0,0.12530497435260862,0.11585865318512845,0.13072094151683408,0.08045182289285835,0.0750270414065081,0.07500120928826377,0.039156266976258916,0.04074481638140086,0.19757140903770973,0.1201628649624289
26,26.0,26.0,0.13949219706066115,0.12719668426017147,0.1283651932597238,0.05418108409655359,0.05568553379007361,0.07743443466552079,0.04298730372828804,0.0482841767819584,0.19861892866192396,0.12775446369512491
27,27.0,27.0,0.11815177324590923,0.08891421535860547,0.09915757947842588,0.05366692211322517,0.05298935783634294,0.10734982076895108,0.030000000000000006,0.05925153543483341,0.25656974034699154,0.13394905541671503
28,28.0,28.0,0.13043172028442412,0.07425877194236424,0.11443393223669458,0.04816959619149921,0.06772827310056528,0.08076002703624728,0.055273085232540396,0.04644938921501671,0.26245521304651603,0.12003999171413186
29,29.0,29.0,0.13384178808917127,0.06817755459770654,0.12542504600378762,0.07048150005756076,0.06507235637464467,0.09003917004997773,0.038083521437249225,0.05110051680198339,0.20997863419268664,0.14779991239523188
30,30.0,30.0,0.14913664407345878,0.09247410805423348,0.08606840131374449,0.06129151173416726,0.059260751132287695,0.05636794260513003,0.054218682019613704,0.030000000000000006,0.2534753225801314,0.157706636487233
31,31.0,31.0,0.1797240927151508,0.08374953575090315,0.10648756207560828,0.06121486840993499,0.04416289031893515,0.06866143384565082,0.030000000000000006,0.06577676142705405,0.22735654184940918,0.13286631360735346
32,32.0,32.0,0.15056170608141242,0.09815844763994519,0.10637799827412789,0.07227745091952975,0.06334708028706693,0.08376829395477788,0.03543353121518596,0.031084342556682652,0.22439607513976104,0.1345950739315101
33,33.0,33.0,0.13783237459634987,0.06855291315112745,0.11210414777891245,0.040612899639648405,0.04510170943410605,0.08484244333930942,0.030000000000000006,0.0420641949561106,0.294473169110763,0.1444161479936726
34,34.0,34.0,0.1305373321099572,0.11608420447976193,0.14175836936232894,0.03409011800264553,0.030000000000000006,0.047771430802259894,0.04303833761714913,0.0746469335398514,0.2628869084367465,0.11918636564929927
35,35.0,35.0,0.12672940501683327,0.11565028360723825,0.13832496090721197,0.04211707497159465,0.051610697593906886,0.04381741853044559,0.030000000000000006,0.044781421037688486,0.2816855140708708,0.12528322426421007
36,36.0,36.0,0.13433042033060488,0.12843828063356494,0.09209594113640553,0.030000000000000006,0.03201512790079997,0.04728103838444007,0.030000000000000006,0.06852519172233393,0.28182124880503495,0.1554927510868156
37,37.0,37.0,0.103912422329103,0.08437223978359751,0.09881043675047246,0.030000000000000006,0.03819106220993899,0.0788562223759631,0.030000000000000006,0.04248707396982766,0.33112631514932805,0.16224422743176906
38,38.0,38.0,0.18837927393543114,0.08344840015048208,0.08308844844134051,0.04379330793644769,0.030000000000000006,0.05619143613152788,0.030000000000000006,0.0406209150045867,0.33494525200829256,0.10953296639189122
39,39.0,39.0,0.15759690703100565,0.10251127278852412,0.11132722001464943,0.032862684251357646,0.047956989867916425,0.05999689363876577,0.04108187864137408,0.034815964987525795,0.2993077038712643,0.11254248490761662
40,40.0,40.0,0.0827363270845468,0.1474207894447103,0.13233778914288724,0.030000000000000006,0.030000000000000006,0.16756947261637195,0.030000000000000006,0.030000000000000006,0.25686642823758987,0.0930691934738937
41,41.0,41.0,0.1703752256418561,0.06621129277613377,0.14670771588601622,0.0365732663869468,0.0365732663869468,0.05499635703840925,0.030000000000000006,0.049275543562935877,0.31275744349053297,0.09652988883022198
42,42.0,42.0,0.12982278494825034,0.0902690275956556,0.104876304408694,0.032669096596901835,0.030000000000000006,0.04932069382048365,0.05806260423803646,0.030000000000000006,0.3529929401560931,0.1219865482358848
43,43.0,43.0,0.1526387238538102,0.08712385221869941,0.10525796248563099,0.05312805181476069,0.030000000000000006,0.03197087294971065,0.030000000000000006,0.08361025735598135,0.26355973373646696,0.16271054558493958
44,44.0,44.0,0.1289959190487236,0.13494882729872676,0.10300947553407562,0.030000000000000006,0.030000000000000006,0.05855181820251715,0.030000000000000006,0.03299401650302515,0.3100615547341955,0.1414383886787361
45,45.0,45.0,0.10651682212042309,0.10823495943899766,0.11214555321921667,0.030000000000000006,0.030000000000000006,0.08186757273061043,0.030000000000000006,0.04184708737185899,0.3161695590796857,0.1432184460392072
46,46.0,46.0,0.09658958595820194,0.07346996932351778,0.1404909641171161,0.030000000000000006,0.030000000000000006,0.058420000000000014,0.043754989019027156,0.030000000000000006,0.3622517253257125,0.13502276625642445
47,47.0,47.0,0.20479941238155916,0.07479301934136398,0.08780649742616176,0.030000000000000006,0.030000000000000006,0.030000000000000006,0.04907850965551512,0.030000000000000006,0.30115552667898504,0.1623670345164148
48,48.0,48.0,0.16370280687771385,0.08936389022654558,0.15818531356655915,0.030000000000000006,0.030000000000000006,0.05306518880546442,0.030000000000000006,0.030000000000000006,0.32225071474810846,0.09343208577560838
49,49.0,49.0,0.16497072226783333,0.06503550115954569,0.11136646437786848,0.030000000000000006,0.040816406636290437,0.07686869031325583,0.030000000000000006,0.030000000000000006,0.32908289361657417,0.12185932162863192
50,50.0,50.0,0.15692080694427119,0.11714358419483609,0.1337981512677341,0.030000000000000006,0.039667836704857865,0.05519168794518494,0.030000000000000006,0.030000000000000006,0.27508446261886005,0.1321934703242556
51,51.0,51.0,0.118119564649521,0.06622343003790195,0.11594452129575394,0.04603227421990097,0.04607846498238941,0.06611455025498005,0.030000000000000006,0.05828523256017217,0.28890098046445206,0.16430098153492823
52,52.0,52.0,0.12128768011997233,0.08508598210458156,0.07237474318642775,0.05531187054009405,0.03675943476929035,0.04051467630778499,0.030000000000000006,0.041829010846258105,0.3772457083182963,0.13959089380729447
53,53.0,53.0,0.1627650611042266,0.10169320868684387,0.10227683073751011,0.04764476267577655,0.030000000000000006,0.05499894508633364,0.030000000000000006,0.033631973305979945,0.29811591143019245,0.1388733069731367
54,54.0,54.0,0.13067066695334625,0.0836899621810504,0.0589045552161769,0.048251676485985676,0.03962872352108639,0.049218842518325055,0.030000000000000006,0.04192946058091287,0.36562905651877686,0.15207705602433952
55,55.0,55.0,0.14881915122740438,0.10619114916896644,0.11279270708828211,0.05168774604238212,0.033829419038628364,0.05859340908889245,0.030000000000000006,0.030000000000000006,0.3317970670836512,0.0962893512617928
56,56.0,56.0,0.13867779852696313,0.08382446721391842,0.05975387757238804,0.051298941951576395,0.06028131050623561,0.0725081089689203,0.030000000000000006,0.09299945079865163,0.3168158796463997,0.09384016481494664
57,57.0,57.0,0.1661963883048534,0.11086112611410348,0.07108519250561554,0.06489881050146265,0.030000000000000006,0.03316898052163679,0.030000000000000006,0.033996434886567825,0.32274074086469023,0.13705232630106995
58,58.0,58.0,0.18123380771749237,0.05067040546512487,0.15043354869952236,0.03450491438891397,0.030000000000000006,0.06586160048436879,0.030000000000000006,0.030000000000000006,0.33358106162715156,0.09371466161742593
59,59.0,59.0,0.17761684027787666,0.07832364229382724,0.13518277024547712,0.030000000000000006,0.05213028197245526,0.031246776449152403,0.030000000000000006,0.030000000000000006,0.3497337752965469,0.08576591346466422
60,60.0,60.0,0.17456810292415784,0.09483939902849489,0.10197807903277596,0.030000000000000006,0.0488634263946897,0.06264977885002011,0.030000000000000006,0.030000000000000006,0.3394617590780515,0.08763945469180992
61,61.0,61.0,0.2428326662641255,0.0474608223571112,0.1052695943141246,0.030000000000000006,0.04111369979783415,0.030000000000000006,0.030000000000000006,0.030000000000000006,0.35546303498372034,0.08786018228308415
62,62.0,62.0,0.18059150861309342,0.08485972326215106,0.11171251014926922,0.030000000000000006,0.04558254030409509,0.045389603277180224,0.030000000000000006,0.030000000000000006,0.2675258062919856,0.17433830810222523
63,63.0,63.0,0.19927205814423482,0.0844569767226711,0.14678170819056752,0.030000000000000006,0.07381561810827657,0.030000000000000006,0.030000000000000006,0.030000000000000006,0.282709308935454,0.092964329898796
64,64.0,64.0,0.15991369078824152,0.10708510178311818,0.10500123175958868,0.04737788842526035,0.03680918513103767,0.06334481924589559,0.030000000000000006,0.030000000000000006,0.3391444392983212,0.08132364356853655
65,65.0,65.0,0.1298892433445762,0.09044945376705013,0.07012056917496524,0.06420723511512091,0.030000000000000006,0.030000000000000006,0.030000000000000006,0.030000000000000006,0.4108109010408011,0.11452259755748642
66,66.0,66.0,0.1272394237322509,0.09151429277689868,0.10375497349573895,0.03695259593679458,0.09467087895092982,0.030000000000000006,0.030000000000000006,0.030000000000000006,0.32185165064074905,0.13401618446663793
67,67.0,67.0,0.17632351589236755,0.07970377808456844,0.09716192912595992,0.05719998703351135,0.048605783273293734,0.04469099958523435,0.030000000000000006,0.030000000000000006,0.3188201866930624,0.11749382031200213
68,68.0,68.0,0.1269957126751034,0.05734237534626503,0.1481960681674872,0.030000000000000006,0.03443919949956546,0.06388834924614183,0.030000000000000006,0.030000000000000006,0.3373347491482215,0.1418035459172154
69,69.0,69.0,0.17560162190272605,0.05796835992158128,0.11130183488255359,0.07922833562777876,0.030000000000000006,0.07009923360270338,0.030000000000000006,0.037392810138140366,0.26335420107469426,0.14505360284982216
70,70.0,70.0,0.13622989559757498,0.05670083653255002,0.09327138118558362,0.05132187875167871,0.030000000000000006,0.03652359628203648,0.030000000000000006,0.030000000000000006,0.3360553184043815,0.19989709324619456
71,71.0,71.0,0.14343824570207958,0.04470331264774402,0.13236862527456034,0.0513321403429828,0.030000000000000006,0.0469103805756377,0.030000000000000006,0.030000000000000006,0.35412598461112993,0.13712131084586549
72,72.0,72.0,0.1943381616878984,0.14372138852517644,0.05735137569765356,0.04634456777569086,0.030000000000000006,0.05504199963387668,0.030000000000000006,0.030000000000000006,0.30383034792288194,0.10937215875682202
73,73.0,73.0,0.14144952110852177,0.0947671951132965,0.1520579563147371,0.0349896694214876,0.07639083372379053,0.053740891625346066,0.030000000000000006,0.030000000000000006,0.27404041599670986,0.1125635166961104
74,74.0,74.0,0.21362675185938845,0.06634619052506031,0.06763169157181727,0.04615384615384617,0.04310886915878833,0.030000000000000006,0.030000000000000006,0.04567317458526125,0.3262166510515102,0.1312428250943279
75,75.0,75.0,0.19784287435524167,0.05676158287045039,0.06370717068567973,0.03312196683281264,0.030000000000000006,0.04720860163157825,0.030000000000000006,0.03314389774978551,0.32860291755162324,0.17961098832282843
76,76.0,76.0,0.18357062342710964,0.04635137880151402,0.08538542022907769,0.030000000000000006,0.04267584630937432,0.030000000000000006,0.030000000000000006,0.030000000000000006,0.3041547207097674,0.21786201052315673
77,77.0,77.0,0.17381979915832863,0.08646754774230472,0.076554953500553,0.07165829610062027,0.03553503928949871,0.06075021827499281,0.030000000000000006,0.030000000000000006,0.30495742425751565,0.13025672167618613
78,78.0,78.0,0.17851608119367665,0.07794409544801872,0.05727401540665539,0.09456102319238831,0.030000000000000006,0.030000000000000006,0.030000000000000006,0.030000000000000006,0.322490646262559,0.1492141384967018
79,79.0,79.0,0.1664791470628243,0.07989053482795223,0.09270695113813623,0.03631032598798034,0.06167534566349436,0.07163170129669158,0.049632125295938814,0.030000000000000006,0.24425501698161706,0.16741885174536497
80,80.0,80.0,0.1759023396331954,0.06940043072797195,0.10978263374229005,0.07134621988374953,0.03129583700811085,0.038772241992882574,0.030000000000000006,0.030000000000000006,0.2917240163370594,0.15177628067474006
81,81.0,81.0,0.20976418013264722,0.043196263853917394,0.07561055173018505,0.030000000000000006,0.051284712429475354,0.04369278996865204,0.030000000000000006,0.030000000000000006,0.38795272970733835,0.09849877217778444
82,82.0,82.0,0.12453728630516539,0.09294994316043621,0.0988326204827156,0.030000000000000006,0.03555528302401003,0.06696772425351198,0.030000000000000006,0.030000000000000006,0.31512432760476494,0.1760328151693957
83,83.0,83.0,0.10282994332764847,0.10466169498971076,0.09563972727120987,0.030000000000000006,0.05782597147897885,0.11651474494679781,0.030000000000000006,0.030000000000000006,0.3026939219081916,0.12983399607746243
84,84.0,84.0,0.06362440591751665,0.0592301929671689,0.08233854024029301,0.030000000000000006,0.030000000000000006,0.0754056394020173,0.030000000000000006,0.030000000000000006,0.4551866641521989,0.14421455732080524
85,85.0,85.0,0.11894925374466561,0.06989635974837191,0.09474760995255965,0.0442650674848456,0.059823473282442766,0.07236595245912553,0.030000000000000006,0.030000000000000006,0.2968934908112507,0.18305879251673812
86,86.0,86.0,0.16167215628399148,0.05774834015896506,0.08512131628673976,0.04791054628750482,0.06995283018867927,0.03717559766308964,0.030000000000000006,0.030000000000000006,0.31331097189921364,0.16710824123181628
87,87.0,87.0,0.1466591836137028,0.08598836418884048,0.10052858530837146,0.031729339638008405,0.038811188811188814,0.0455640567420757,0.030000000000000006,0.06867925863044709,0.3412526452273701,0.11078737783999495
88,88.0,88.0,0.16791844434532924,0.0545147052030488,0.072247563657265,0.03827125845879453,0.05536035877800026,0.03655458217489378,0.030000000000000006,0.030000000000000006,0.37153539851437845,0.14359768886828983
89,89.0,89.0,0.21945734523732102,0.09511295708997461,0.06302787018537513,0.030000000000000006,0.030000000000000006,0.030000000000000006,0.030000000000000006,0.07200455333911536,0.30362602077819273,0.1267712533700211
90,90.0,90.0,0.1506853400573343,0.07146708412746591,0.08929017076027436,0.05325726839466366,0.030000000000000006,0.030000000000000006,0.030000000000000006,0.030000000000000006,0.43140521434633194,0.08389492231392973
91,91.0,91.0,0.21314726391822045,0.08204389029596879,0.07940775513412077,0.030000000000000006,0.030000000000000006,0.030000000000000006,0.030000000000000006,0.030000000000000006,0.34039446695585135,0.13500662369583855
92,92.0,92.0,0.13965557890145464,0.10405725329172846,0.0924230118947614,0.030000000000000006,0.04179443561878789,0.030000000000000006,0.030000000000000006,0.030000000000000006,0.3474409710738197,0.15462874921944775
93,93.0,93.0,0.13635744325297472,0.0788770526725798,0.1140758015962617,0.030000000000000006,0.030000000000000006,0.030000000000000006,0.030000000000000006,0.030000000000000006,0.43231147249707796,0.08837822998110574
94,94.0,94.0,0.12530267211248547,0.10427493396223533,0.09555563931743238,0.030000000000000006,0.030000000000000006,0.030000000000000006,0.030000000000000006,0.030000000000000006,0.42318150650895137,0.10168524809889537
95,95.0,95.0,0.1633710982638511,0.14087205352135773,0.08364231907949507,0.03785846539236509,0.030000000000000006,0.046894725985009975,0.030000000000000006,0.030000000000000006,0.3138793005100844,0.12348203724783662
96,96.0,96.0,0.1163831180600815,0.2290071032071741,0.09158958803905524,0.030000000000000006,0.030000000000000006,0.05666030028693251,0.030000000000000006,0.030000000000000006,0.2939747174960215,0.09238517291073498
97,97.0,97.0,0.11003480710152391,0.07680644398783928,0.0804457940910379,0.030000000000000006,0.030000000000000006,0.03447328878967129,0.030000000000000006,0.030000000000000006,0.4048014828298804,0.17343818320004706
98,98.0,98.0,0.15866455864758325,0.07969863903850122,0.12288767285647542,0.0434973224948954,0.030000000000000006,0.030000000000000006,0.030000000000000006,0.030000000000000006,0.36049566943702693,0.11475613752551783
99,99.0,99.0,0.09878557308754064,0.10887658519582402,0.14949391261911277,0.030000000000000006,0.030000000000000006,0.030000000000000006,0.030000000000000006,0.030000000000000006,0.34104016226243083,0.1518037668350916
100,100.0,100.0,0.1271558011979071,0.08018318124825036,0.17116923613311816,0.030000000000000006,0.07454999351575672,0.030000000000000006,0.030000000000000006,0.030000000000000006,0.28232253869018453,0.144619249214783
101,101.0,101.0,0.11464912294140883,0.1376350287298724,0.1185272190056452,0.030000000000000006,0.03866336633663366,0.06753066080907927,0.030000000000000006,0.030000000000000006,0.3343617344000331,0.09863286777732735
102,102.0,102.0,0.14281344247778988,0.09443750597702893,0.06348474655765671,0.030000000000000006,0.030000000000000006,0.030000000000000006,0.030000000000000006,0.030000000000000006,0.43234570295904584,0.11691860202847848
103,103.0,103.0,0.16621375974305003,0.07469924649001417,0.10109176260128516,0.030000000000000006,0.030000000000000006,0.05087972508591067,0.030000000000000006,0.030000000000000006,0.42471952923607637,0.062395976843663534
104,104.0,104.0,0.16662644836727608,0.05951282103695833,0.07454075831834851,0.0754385964912281,0.06031443544545022,0.030000000000000006,0.030000000000000006,0.030000000000000006,0.2927788698135734,0.1807880705271653
105,105.0,105.0,0.1468152456901945,0.08704090550551351,0.08337524928557903,0.042330130701982174,0.049919373046931025,0.06395427284788166,0.030000000000000006,0.030000000000000006,0.36638871344684537,0.1001761094750726
106,106.0,106.0,0.12897465394092042,0.08509234826636444,0.09238638348011122,0.030000000000000006,0.030000000000000006,0.03287238553802015,0.030000000000000006,0.030000000000000006,0.4097929117604068,0.130881317014177
107,107.0,107.0,0.23084322073384006,0.05000169273826841,0.10873336771506407,0.030000000000000006,0.030000000000000006,0.030000000000000006,0.030000000000000006,0.04389042001984346,0.34646657853292673,0.10006472026005708
108,108.0,108.0,0.2647623551537228,0.05398264047971445,0.08992174691548177,0.030000000000000006,0.030000000000000006,0.030000000000000006,0.030000000000000006,0.030000000000000006,0.30767959058219485,0.13365366686888597
109,109.0,109.0,0.20255616463905782,0.08549487510750352,0.11541826688777168,0.030000000000000006,0.060463335037156465,0.030000000000000006,0.030000000000000006,0.030000000000000006,0.29428153546322877,0.12178582286528164
110,110.0,110.0,0.12625391850917017,0.08765706074318572,0.13354207639661625,0.030000000000000006,0.03144454662644206,0.06495802835989803,0.030000000000000006,0.030000000000000006,0.35897505739790564,0.107169311966782
111,111.0,111.0,0.2299895019030731,0.0694932240497616,0.07207551140123145,0.048130943485300136,0.030000000000000006,0.030000000000000006,0.030000000000000006,0.030000000000000006,0.3517894057439571,0.10852141341667643
112,112.0,112.0,0.14761291102865864,0.14864096806296784,0.06623557728327305,0.0471338892148969,0.05474770199910008,0.030000000000000006,0.030000000000000006,0.030000000000000006,0.31317317714535514,0.13245577526574828
113,113.0,113.0,0.19586816318855466,0.11882194086193279,0.10498278240632189,0.030000000000000006,0.03315029962088785,0.030000000000000006,0.030000000000000006,0.030000000000000006,0.2828983663025799,0.14427844761972278
114,114.0,114.0,0.23458160346435233,0.05188842309216363,0.14525081387073818,0.030000000000000006,0.030000000000000006,0.05480402346433668,0.030000000000000006,0.030000000000000006,0.25143088002562286,0.1420442560827862
115,115.0,115.0,0.14276562402845022,0.07077488956219183,0.09572286755914487,0.030000000000000006,0.030000000000000006,0.030000000000000006,0.030000000000000006,0.030000000000000006,0.36835185186361874,0.17238476698659425
116,116.0,116.0,0.11926167667924456,0.05518211467266106,0.07151407625737613,0.030000000000000006,0.05520959498980828,0.057555012224938876,0.030000000000000006,0.030000000000000006,0.39695147127292507,0.15432605390304582
117,117.0,117.0,0.15568101808836876,0.09598172061918361,0.06158124087256123,0.030000000000000006,0.030000000000000006,0.054393171436452004,0.030000000000000006,0.030000000000000006,0.3793023373441283,0.13306051163930602
118,118.0,118.0,0.11881213746892942,0.0895554436105748,0.15409806434999893,0.0540749105626423,0.050130120820208644,0.06134788608303619,0.030000000000000006,0.030000000000000006,0.2714483368009957,0.14053310030361388
119,119.0,119.0,0.09182985957755452,0.15371270644295373,0.08608158050147123,0.031847965176252435,0.030000000000000006,0.030000000000000006,0.030000000000000006,0.030000000000000006,0.3854999795960614,0.13102790870570657
120,120.0,120.0,0.1498794079059378,0.14239808898571077,0.10991473845332649,0.040225818717657326,0.030000000000000006,0.030000000000000006,0.030000000000000006,0.03795341455817791,0.31172697327331955,0.11790155810587015
121,121.0,121.0,0.09283806618501567,0.1395361264400417,0.14791301806599938,0.030000000000000006,0.030000000000000006,0.05459079336665401,0.030000000000000006,0.030000000000000006,0.3432764089224472,0.1018455870198419
122,122.0,122.0,0.13095954111423153,0.09688152462553454,0.14934862273672633,0.04261699494233752,0.030000000000000006,0.03648817598816058,0.030000000000000006,0.030000000000000006,0.37179660605832593,0.08190853453468344
123,123.0,123.0,0.1758451801598469,0.09763284139249145,0.08500537283501948,0.07238957829902433,0.05724552055437456,0.07001484780994803,0.030000000000000006,0.030000000000000006,0.29646475150175233,0.08540190744754281
124,124.0,124.0,0.16929009384866797,0.09871908424401019,0.07677449870902667,0.03337909552849696,0.030000000000000006,0.030000000000000006,0.030000000000000006,0.030000000000000006,0.404916945818319,0.09692028185147912
125,125.0,125.0,0.17635523856037794,0.10595187366292277,0.10265244504562639,0.04818648356584113,0.08560747663551403,0.030000000000000006,0.030000000000000006,0.030000000000000006,0.31933865389656135,0.07190782863315627
126,126.0,126.0,0.17735135461768053,0.09307953196796867,0.07520757354290646,0.050495338946876356,0.030000000000000006,0.08816629983742712,0.07419747620101838,0.030000000000000006,0.33097606212344194,0.050526362762680424
127,127.0,127.0,0.1848742479824061,0.11227059812398284,0.1573360488593496,0.030000000000000006,0.030000000000000006,0.03312446351931331,0.030000000000000006,0.030000000000000006,0.30527985759424914,0.08711478392069888
128,128.0,128.0,0.13673606951748057,0.10315694060078144,0.12395236137719837,0.030000000000000006,0.030000000000000006,0.09918671952274975,0.030000000000000006,0.030000000000000006,0.35070153477394805,0.06626637420784165
129,129.0,129.0,0.16087599273784992,0.048609681603942544,0.09579314031782402,0.030000000000000006,0.1058417621627693,0.030000000000000006,0.030000000000000006,0.030000000000000006,0.343283475785573,0.12559594739204122
130,130.0,130.0,0.20594873003318986,0.03764202679111609,0.07371347381988214,0.030000000000000006,0.09043229466633287,0.030000000000000006,0.030000000000000006,0.030000000000000006,0.30120335056509273,0.17106012412438615
131,131.0,131.0,0.20556138138350985,0.11793994837636841,0.06512567178129643,0.030000000000000006,0.030000000000000006,0.030000000000000006,0.030000000000000006,0.030000000000000006,0.34635275338757643,0.11502024507124871
132,132.0,132.0,0.1834318450245922,0.157480746938696,0.05337914602999333,0.030000000000000006,0.04531606366028751,0.030000000000000006,0.030000000000000006,0.030000000000000006,0.33709130685692235,0.10330089148950852
133,133.0,133.0,0.1565746985023007,0.04518093846497251,0.03597493036211699,0.0578664782762275,0.03543175487465181,0.030000000000000006,0.030000000000000006,0.030000000000000006,0.4509893136701858,0.1279818858495446
134,134.0,134.0,0.12257496301253076,0.06276725572549333,0.08944898497495522,0.030000000000000006,0.030000000000000006,0.030000000000000006,0.030000000000000006,0.030000000000000006,0.40819229360608766,0.16701650268093296
135,135.0,135.0,0.14514700915976614,0.041426717252396175,0.04557770524606549,0.030000000000000006,0.030000000000000006,0.05432917034874354,0.030000000000000006,0.030000000000000006,0.45946048232321834,0.13405891566981026
136,136.0,136.0,0.17402048576408718,0.05033387973427659,0.0782475864049667,0.05229653471554572,0.05815460270899836,0.030000000000000006,0.030000000000000006,0.030000000000000006,0.41814838167310214,0.07879852899902315
137,137.0,137.0,0.28670650371317086,0.05976412599928499,0.05430534879771658,0.03802721350653356,0.030000000000000006,0.030000000000000006,0.030000000000000006,0.030000000000000006,0.3694462127843168,0.07175059519897717
138,138.0,138.0,0.25673130366794356,0.10852139358132222,0.0435220696627726,0.030000000000000006,0.030000000000000006,0.030000000000000006,0.030000000000000006,0.030000000000000006,0.3596816744198683,0.08154355866809321
139,139.0,139.0,0.28589588286118095,0.13042439503007972,0.0781188808878285,0.030000000000000006,0.030000000000000006,0.030000000000000006,0.030000000000000006,0.030000000000000006,0.2851315848605126,0.07042925636039807
140,140.0,140.0,0.2727470600451276,0.11208522925674325,0.05201980200381814,0.030000000000000006,0.047129566545283684,0.048557030424057325,0.030000000000000006,0.030000000000000006,0.29374774438215867,0.08371356734281118
141,141.0,141.0,0.19362574423547568,0.07907697963509308,0.07069174285117483,0.030000000000000006,0.03359706301155779,0.039269354683629694,0.030000000000000006,0.030000000000000006,0.4268637927472213,0.0668753228358476
142,142.0,142.0,0.22004512029596163,0.044119100756106006,0.0657230428620996,0.09265449927004762,0.030000000000000006,0.030000000000000006,0.030000000000000006,0.03685216021199263,0.368278638474918,0.08232743812887447
143,143.0,143.0,0.2324540314519808,0.10837577163117762,0.10584083305908407,0.035320989158240945,0.05025974173391016,0.030000000000000006,0.030000000000000006,0.030000000000000006,0.31345344483546234,0.06429518813014391
144,144.0,144.0,0.1749388995359231,0.07730425071498367,0.08120093432515829,0.08275862068965517,0.05295468774645888,0.030000000000000006,0.04181795377954217,0.030000000000000006,0.33345467057872147,0.09556998262955713
145,145.0,145.0,0.14339265015503871,0.05410548263212113,0.08323867344476901,0.03256544502617801,0.03376786710735287,0.045972519001379476,0.030000000000000006,0.030000000000000006,0.4869987683211683,0.05995859431199248
146,146.0,146.0,0.23959636335018414,0.1497450174693085,0.10318836817304225,0.030000000000000006,0.030000000000000006,0.030000000000000006,0.030000000000000006,0.030000000000000006,0.25038903322141837,0.10708121778604669
147,147.0,147.0,0.27756855049566503,0.048119347956071354,0.10335517999181823,0.030000000000000006,0.060104992701134875,0.030000000000000006,0.030000000000000006,0.030000000000000006,0.3081564218482892,0.08269550700702122
148,148.0,148.0,0.22502998264192345,0.07330158878977126,0.12250615021104634,0.030000000000000006,0.03185516948106284,0.030000000000000006,0.030000000000000006,0.030000000000000006,0.2554550650743047,0.17185204380189123
149,149.0,149.0,0.17734119542793234,0.11819001796073433,0.19586814366488742,0.030000000000000006,0.030000000000000006,0.030000000000000006,0.030000000000000006,0.030000000000000006,0.1685861069016722,0.1900145360447736
150,150.0,150.0,0.18938139592135045,0.07259673476377997,0.14535311144971225,0.09926274944567627,0.030000000000000006,0.030000000000000006,0.061721850859624935,0.030000000000000006,0.2624719375818902,0.07921221997796579
151,151.0,151.0,0.19130694277290403,0.0427221140056266,0.154309591370635,0.06937499999999999,0.030000000000000006,0.030000000000000006,0.030000000000000006,0.030000000000000006,0.27564485025804897,0.14664150159278524
152,152.0,152.0,0.22573535676937576,0.049015981911264925,0.13103845608571768,0.030000000000000006,0.07507556897955395,0.030000000000000006,0.030000000000000006,0.030000000000000006,0.3208395253600379,0.07829511089404978
153,153.0,153.0,0.12840786328932316,0.13117445922609317,0.07536387757167443,0.030000000000000006,0.030000000000000006,0.08841379310344828,0.030000000000000006,0.030000000000000006,0.3377495986823883,0.11889040812707252
154,154.0,154.0,0.1966659427980114,0.0954561722412727,0.11182128020247357,0.030000000000000006,0.030000000000000006,0.033219553861822,0.030000000000000006,0.053738654805553884,0.3508597588458111,0.06823863724505523
155,155.0,155.0,0.2746995164462595,0.04851585295624128,0.1569622145100274,0.030000000000000006,0.030000000000000006,0.07880394957461342,0.030000000000000006,0.030000000000000006,0.2254674481987458,0.09555101831411239
156,156.0,156.0,0.2085065918905745,0.06412890738959824,0.10342647402854765,0.030000000000000006,0.030000000000000006,0.03305632328009915,0.030000000000000006,0.030000000000000006,0.2911961366370564,0.17968556677412392
157,157.0,157.0,0.2759658928098248,0.13475524475524475,0.066607119224985,0.030000000000000006,0.030000000000000006,0.030000000000000006,0.030000000000000006,0.030000000000000006,0.31079922181546216,0.0618725213944832
158,158.0,158.0,0.1592548453610121,0.18213007862867547,0.07981443298969074,0.061805163656884876,0.030000000000000006,0.10140952804400091,0.030000000000000006,0.030000000000000006,0.2731228734824697,0.052463077837266156
159,159.0,159.0,0.1881547953786145,0.12654392571098516,0.1490833599942369,0.030000000000000006,0.030000000000000006,0.030000000000000006,0.030000000000000006,0.030000000000000006,0.30408045466420947,0.08213746425195387
160,160.0,160.0,0.22305606271130998,0.06397043328949943,0.07364140476206714,0.030000000000000006,0.030000000000000006,0.030000000000000006,0.030000000000000006,0.030000000000000006,0.3789863323059856,0.11034576693113778
161,161.0,161.0,0.22225037621015414,0.05715469159515363,0.0349950492897542,0.030000000000000006,0.030000000000000006,0.030000000000000006,0.030000000000000006,0.030000000000000006,0.42204145243147595,0.113558430473462
162,162.0,162.0,0.20699636393042103,0.06719475281402414,0.07202521023476911,0.030000000000000006,0.030000000000000006,0.05990506329113926,0.030000000000000006,0.030000000000000006,0.36754996296700476,0.1063286467626416
163,163.0,163.0,0.20830610392930135,0.09120921314622128,0.09723259927720895,0.030000000000000006,0.030000000000000006,0.030000000000000006,0.030000000000000006,0.030000000000000006,0.3294673962470159,0.12378468740025243
164,164.0,164.0,0.15831620904566868,0.06750168809699293,0.11373541452190813,0.030000000000000006,0.030000000000000006,0.07068718682891913,0.030000000000000006,0.030000000000000006,0.3356063709699339,0.13415313053657718
165,165.0,165.0,0.1441462968857135,0.04718074669367849,0.10444372447376689,0.030000000000000006,0.030000000000000006,0.030000000000000006,0.030000000000000006,0.030000000000000006,0.46725617077235837,0.08697306117448267
166,166.0,166.0,0.12100068320097868,0.042544374760239374,0.1390197413835808,0.030000000000000006,0.030000000000000006,0.030000000000000006,0.030000000000000006,0.030000000000000006,0.4074888588544111,0.13994634180078996
167,167.0,167.0,0.14422906860449103,0.1163620683180707,0.04945425140911275,0.030000000000000006,0.0819984295249313,0.030000000000000006,0.030000000000000006,0.030000000000000006,0.3864392130100348,0.10151696913335936
168,168.0,168.0,0.18330488637664694,0.13935810281480934,0.038980048480328176,0.030000000000000006,0.03246552366753634,0.030000000000000006,0.030000000000000006,0.030000000000000006,0.3980928991684736,0.08779853949220554
169,169.0,169.0,0.22822546778340472,0.11678296601143248,0.06898790579248887,0.030000000000000006,0.05984888304862022,0.030000000000000006,0.04113940165499682,0.030000000000000006,0.3314441264863964,0.06357124922266047
170,170.0,170.0,0.15878957567391128,0.1644561337186308,0.12308963380531317,0.030000000000000006,0.030000000000000006,0.030000000000000006,0.030000000000000006,0.030000000000000006,0.3664405882008172,0.03722406860132745
171,171.0,171.0,0.1299485590932092,0.10832950751680788,0.0452195676448016,0.030000000000000006,0.030000000000000006,0.030000000000000006,0.030000000000000006,0.030000000000000006,0.4565247118909661,0.10997765385421505
172,172.0,172.0,0.11815322314126997,0.15374493882929055,0.059663252625508645,0.030000000000000006,0.030000000000000006,0.030000000000000006,0.030000000000000006,0.030000000000000006,0.4422350145129822,0.07620357089094858
173,173.0,173.0,0.12022003783390098,0.13129047353217824,0.037129629629629624,0.06641801004818512,0.030000000000000006,0.04430707537607274,0.030000000000000006,0.030000000000000006,0.4332232305456095,0.07741154303442375
174,174.0,174.0,0.14097004166312485,0.1213966240380511,0.06972282162565294,0.03544153618923439,0.030000000000000006,0.07837011884550085,0.030000000000000006,0.030000000000000006,0.34595195305849424,0.11814690457994162
175,175.0,175.0,0.16035724119039313,0.11738455761006024,0.08103838789082705,0.030000000000000006,0.07134443288241415,0.06095379868133986,0.030000000000000006,0.030000000000000006,0.35076987271466453,0.06815170903030096
176,176.0,176.0,0.2069239413504352,0.10796593570864729,0.05081375769807091,0.030000000000000006,0.07134443288241415,0.03533316570279105,0.030000000000000006,0.030000000000000006,0.3205029751439686,0.11711579151367275
177,177.0,177.0,0.13852112946091424,0.15800153667226152,0.05711738081724862,0.051043402826475584,0.030000000000000006,0.037014467608825194,0.030000000000000006,0.030000000000000006,0.40116800808622655,0.06713407452804829
178,178.0,178.0,0.15545440474041144,0.13253363402321922,0.036938667138684836,0.08732075471698113,0.030000000000000006,0.030000000000000006,0.030000000000000006,0.030000000000000006,0.3803675923247624,0.08738494705594085
179,179.0,179.0,0.0811355967956692,0.16805892922142135,0.05063954714892808,0.030000000000000006,0.030000000000000006,0.030000000000000006,0.030000000000000006,0.030000000000000006,0.44577651082979874,0.1043894160041825
180,180.0,180.0,0.2140908338260195,0.11763346576615703,0.06391623676224516,0.04210803155978151,0.030000000000000006,0.05346725970766279,0.030000000000000006,0.030000000000000006,0.34156224851328154,0.07722192386485237
181,181.0,181.0,0.22342174137565238,0.1239230727704211,0.1185602079862319,0.05085491701666302,0.030000000000000006,0.030000000000000006,0.030000000000000006,0.030000000000000006,0.2729722338630387,0.09026782698799282
182,182.0,182.0,0.21991830153364528,0.0632655632953871,0.07608414755068996,0.04493831356421847,0.030000000000000006,0.030000000000000006,0.030000000000000006,0.030000000000000006,0.34802585451848167,0.1277678195375775
183,183.0,183.0,0.2787162028279006,0.0449661705006766,0.06623466629704068,0.030000000000000006,0.030000000000000006,0.030000000000000006,0.030000000000000006,0.030000000000000006,0.40435299657472096,0.05572996379966091
