,Unnamed: 0,Generation,Intertwine_two,Add_vertex,Delete_vertex,Invert_path_vertices,Insert_inside_vertex,Delete_inside_vertex,Replace_inside_vertex,Donate_between_routes,Trim_one_terminal_cb,Grow_one_terminal_cb
0,0.0,0.0,0.09999999999999999,0.09999999999999999,0.09999999999999999,0.09999999999999999,0.09999999999999999,0.09999999999999999,0.09999999999999999,0.09999999999999999,0.09999999999999999,0.09999999999999999
1,1.0,0.10900000000000001,0.10265179263173857,0.10010249169088516,0.09912369791031572,0.10011189411759058,0.10038506958070445,0.09933415085926828,0.09692406196374899,0.09554230612528125,0.10299235229845362,0.10283218282201326
2,2.0,0.31601,0.10490487889728481,0.10035068912423664,0.09792722872025567,0.10004309203953507,0.10002522873216452,0.09854872419119536,0.09597495398122216,0.089942074643677,0.10696991058371656,0.10531321908671208
3,3.0,0.6191589000000001,0.10846292170347263,0.10052553254380717,0.09776819791960177,0.09871257313179287,0.10092872563369018,0.09574291157945843,0.09264482626522383,0.08532608469588032,0.11049638989942251,0.10939183662765015
4,4.0,1.015801321,0.11021806370720384,0.10003759067317453,0.09690175817263028,0.09804024663931733,0.10116779196839079,0.09383845078068698,0.0919006304275976,0.08113195571604824,0.11381305947894998,0.11295045243600028
5,5.0,1.50262148669,0.11210864868107251,0.09895379559499504,0.0955191850414465,0.0974717573906019,0.10150859181872646,0.09318119083769037,0.08976961811466119,0.07759352485574311,0.1178276555230922,0.11606603214197056
6,6.0,2.0757334209441005,0.11557747680856652,0.10091420151248198,0.0943758220079886,0.09612265129995726,0.09932073817721583,0.0929756325681694,0.0869653482664606,0.07380082063321179,0.12112284748989065,0.1188244612360572
7,7.0,2.7307768275633495,0.1180267891361484,0.10120000386933138,0.0937818909401179,0.0960178277461319,0.09732986041339209,0.0935038443668271,0.08417711344675823,0.07108092787322336,0.12412933417546042,0.12075240803260902
8,8.0,3.4630081252450404,0.12042056748831954,0.10046196649050405,0.09187917882755318,0.09578076024733599,0.09690248169165919,0.0933271636596572,0.07946525688609633,0.06900305104688562,0.1285387049055355,0.12422086875645319
9,9.0,4.2673862119061114,0.12402332110587116,0.09906418161558385,0.09160254966192619,0.09529051661782274,0.09775438777023221,0.09203099309897184,0.07385573610288117,0.0652620862663751,0.13310701541082418,0.12800921234951138
10,10.0,5.138652627782014,0.12554576011620108,0.0993672819253747,0.09135050588077966,0.09282084353990665,0.09728705158458734,0.09203796804778461,0.07104158199343392,0.061497266314920654,0.13773005210964914,0.13132168848736203
11,11.0,6.071405875792507,0.1271970364108414,0.10078611791976275,0.09277656043067463,0.09098164907911481,0.0941019893361001,0.09164682238708832,0.06664877148724044,0.0596623355701419,0.14359799359312075,0.13260072378591467
12,12.0,7.060169740244025,0.1279204545442321,0.10020142304580525,0.09300204212899668,0.08971695916565836,0.09275334546083393,0.09201333065519884,0.06223915162757121,0.05892220861738492,0.1480388530829382,0.1351922316713803
13,13.0,8.099455520847952,0.13026751484166396,0.09988282848594532,0.09267627352433379,0.08729587414510058,0.09106461788207725,0.09087649758369304,0.05817921435782553,0.05716563022001564,0.15480955684151876,0.13778199211782594
14,14.0,9.183818168183006,0.13098159144783028,0.1008516008768399,0.09613486340265193,0.08427474731181912,0.08888223391191294,0.08913962471962346,0.05397692451518796,0.055175321236631776,0.1609425888318755,0.13964050374562686
15,15.0,10.307906369102724,0.13334563384577475,0.10132090654793979,0.09668287218828892,0.08169537195163833,0.08488314633836003,0.08999002765272049,0.05065957603961538,0.05432569919187517,0.16678228694788297,0.14031447929590393
16,16.0,11.466506686239443,0.13461953495001577,0.1020648660052544,0.09809499420915156,0.07834225265949261,0.0844133830045478,0.09010913216159913,0.04863787408338567,0.05240824679943169,0.1717641347299542,0.13954558139716694
17,17.0,12.654581904800096,0.13811349473964263,0.10311734239558795,0.09935830255309801,0.07724544010363357,0.08202618823372503,0.08775027784857026,0.04527046443985332,0.05145174555819419,0.1744015567075459,0.14126518742014893
18,18.0,13.867303782456686,0.1382735159137159,0.10293718678103331,0.10093144659144643,0.07512761465885491,0.0834650037060151,0.08678565335152462,0.04115440577607966,0.05036673276436454,0.178102699455399,0.14285574100156637
19,19.0,15.100080434523047,0.13894909249414347,0.10276256623853414,0.10161353794736898,0.07353626715392751,0.08169109088689785,0.08766759690903601,0.040986338059734,0.04835416255689242,0.1819913007483821,0.14244804700508334
20,20.0,16.348578617037543,0.14107823668247307,0.1032301271664261,0.10200484711496004,0.07152384633566654,0.07886629590110852,0.08684985571394843,0.03977361338846389,0.04800927131231846,0.18507133231438874,0.14359257407024606
21,21.0,17.608741195130214,0.1429600936674761,0.10459819829263103,0.10441194270843976,0.06765196248205066,0.07637647671233556,0.08364731275569326,0.038985240980348904,0.04777116452879445,0.1886974754522811,0.14490013241994903
22,22.0,18.876800103462312,0.1457330267447728,0.10345251257693104,0.10702634813750421,0.0636913282914609,0.07482881617573894,0.08037559021871749,0.03661884223502378,0.046810799050980526,0.19676105540151212,0.1447016811673581
23,23.0,20.14928511992658,0.14679277144272898,0.10741508754597888,0.1076868295443685,0.06170800478138168,0.07100422805550136,0.08119548718807755,0.03411888875678783,0.04794883707919645,0.19855421402700985,0.14357565157896884
24,24.0,21.423028783545156,0.15201798460686894,0.10698167873581804,0.10825559439749728,0.05932265947445081,0.07011791785845567,0.07933057860627872,0.0329522575291256,0.04596728094711856,0.1998646780448341,0.14518936979955221
25,25.0,22.695167792966423,0.15118219818718887,0.10828248151683112,0.11123819328518607,0.05959828444130555,0.06922478281074379,0.07805172273704088,0.03152520153404654,0.044253615828361174,0.2029724689427981,0.14367105071649788
26,26.0,23.963141223515898,0.15158994044193624,0.11066276884393017,0.11388178494071144,0.05742780841635986,0.06654483309211728,0.07711356985796475,0.030700265468100417,0.043430165267065675,0.20582022211433623,0.1428286415574779
27,27.0,25.224685898775267,0.14970188865592093,0.10914211970232512,0.1134850901357446,0.055390496552377835,0.06375466775695993,0.07926397952521483,0.028781963018521976,0.04383433574233615,0.2141062682027032,0.1425391907078954
28,28.0,26.477829247520948,0.14891513559825853,0.10610571208981927,0.11451242498052815,0.05298994753822989,0.06260975738253437,0.07882122726490687,0.0295949797069702,0.04307204654502289,0.2225768916736288,0.140801877220101
29,29.0,27.720879968916847,0.14836323047369873,0.10244635410262368,0.1165353527901043,0.05301244029863559,0.06136493153013962,0.07937005252971616,0.02886451940230019,0.04288487245283756,0.22535157812580775,0.14180666829413638
30,30.0,28.95241681848399,0.1492507870361784,0.10123989926475116,0.11450922028185534,0.052288375548250624,0.05970050198719369,0.07660356369876237,0.02991281120668312,0.04068852053316387,0.2320447353321821,0.14376158511097928
31,31.0,30.17127581490958,0.1531071913769521,0.09919397476822768,0.11444320891093655,0.05171908430234009,0.056688331808658045,0.07514071666401971,0.02867746433679569,0.04218259474283133,0.2356710046173263,0.14317642847191248
32,32.0,31.376536153543515,0.15392788563365659,0.09863908952008751,0.11429328582860833,0.05240793827305604,0.05577054322989191,0.07527004751548035,0.02812223063204764,0.04029396131133712,0.23855545567531208,0.14271956238052244
33,33.0,32.567505096778625,0.15335991552066192,0.09517433292907816,0.11465181712944658,0.05006014684517699,0.053195761794278054,0.07557884268464103,0.027152280182087186,0.03960008027538858,0.24801757721924397,0.14320924541999752
34,34.0,33.74370209472243,0.15196396276108431,0.09654296693225368,0.11791444076503732,0.04720038392433028,0.04928734703521326,0.07224229308972739,0.027611635737016818,0.0422585023482162,0.25383941646029623,0.14113905094682452
35,35.0,34.90484237192463,0.15011254626164083,0.09792675782333438,0.12074590047753019,0.045298190333246294,0.047737970041093494,0.068599288604249,0.0268754889935399,0.04198841527546111,0.26104940726042014,0.13966603492948465
36,36.0,36.05082019768737,0.14897254153107076,0.1006282045857787,0.11884710284598995,0.04234269745049474,0.04442270105260315,0.06541912785197987,0.02624420203447527,0.044147644036068356,0.2677583335220526,0.14121744508948655
37,37.0,37.18169203889697,0.14475831626140287,0.09893100334745972,0.11754212292191459,0.03955932688151339,0.041932476662357714,0.06553312067941455,0.025713601750972356,0.0437309136222269,0.27886750294478097,0.14343161492795692
38,38.0,38.29765977559663,0.14900373974001158,0.09716555063402246,0.11460812529761914,0.03833803089425981,0.038834754345618734,0.06350246661662774,0.025278925478310003,0.0431568019567215,0.2897702372331784,0.1403413678036306
39,39.0,39.399054140870355,0.15014013952227107,0.09734575895089774,0.11447620782452136,0.03620035490764446,0.03775415570388911,0.0619823134059924,0.0260431154422682,0.04203424758653921,0.29647069342678445,0.13755301322919206
40,40.0,40.48631852820801,0.14375140900674607,0.10205055324008037,0.11642704913345842,0.03395680138799201,0.03508794628118108,0.07135157921650893,0.025773086177684222,0.040470169328632434,0.2982853465421072,0.1328460596856093
41,41.0,41.55999329152982,0.1461552905792825,0.09861762079553339,0.11977890638590895,0.03255536184511957,0.03329480497662672,0.06948878582217619,0.025572328977781805,0.040885351559523594,0.30509344668814686,0.1285581023699005
42,42.0,42.62070064560415,0.14450573927583046,0.09760969179719928,0.11888172486038329,0.030943828322948144,0.03105643577793632,0.06709978115764648,0.028242184631895453,0.03941536313106618,0.31532092645416243,0.12692432459093209
43,43.0,43.669130257815,0.1451559074500038,0.09631463151898753,0.11797237309058699,0.031556596357519284,0.029031339141335592,0.0630369039991208,0.028136998492855503,0.04335924564974197,0.31595905773863314,0.12947694656121553
44,44.0,44.70602560622662,0.1434516064902892,0.09983966698359681,0.11680196369656522,0.03001099696172966,0.02721843877698158,0.061727748771234256,0.02806096098279099,0.042249625948316966,0.320659564754408,0.12997942663408749
45,45.0,45.73217116373481,0.13952526905930035,0.10069190371892356,0.11652427812883484,0.028619847535901702,0.025614644061293157,0.06284932521325852,0.02801191761390502,0.042043719209464925,0.3253948414029522,0.13072425405616586
46,46.0,46.748380453854836,0.13466875728579952,0.09805784832637038,0.11906511495857126,0.02738161457729752,0.024215082376560643,0.061704169213192835,0.029363158307671312,0.040671728088936134,0.334172554188012,0.1306999726775885
47,47.0,47.755485010424316,0.1407380876187085,0.09557362468482862,0.11629767992782405,0.026293388768780783,0.023013326036535775,0.057798687121001786,0.03125554530282333,0.03933021879957086,0.3362436675412701,0.1334557741986563
48,48.0,48.7543242612326,0.14273143761557058,0.09458710444252455,0.1205599581891747,0.02535105165342791,0.022001612070148037,0.05631228524736627,0.03122907227643556,0.03802955825114641,0.33986630695749187,0.12933161329671428
49,49.0,49.745736344347726,0.14486195784437983,0.09121416517559111,0.12009037725929504,0.024549437733076045,0.022252694043326634,0.057322402747454426,0.031192955829922202,0.03677866817505294,0.3436337443968442,0.12810359679505773
50,50.0,50.730549855707864,0.1461755221621865,0.0931275414987196,0.12182368398257565,0.02388249082742861,0.02254944795197375,0.056259271136384695,0.031148521469760965,0.03558508042481828,0.34147908648468717,0.12796935406146498
51,51.0,51.70957651737491,0.1435850586665583,0.08999772520080299,0.12171804170918177,0.024946641126061726,0.02362877318503815,0.05638406308548945,0.031097045330918234,0.037283523901376125,0.34025759990964677,0.13110152788492666
52,52.0,52.68360474770151,0.14131579812736772,0.08882940278771699,0.11720825064806037,0.027043192357789233,0.023892759791459717,0.05403369331665913,0.031039746352650596,0.03737651794547473,0.3474791685830429,0.1317814700897788
53,53.0,53.65339410751842,0.14322092056044763,0.08940120106733446,0.11569131237354302,0.028446064461735285,0.0235830710100884,0.05323159723247796,0.030977779808683215,0.036685033760143496,0.34636326609764156,0.13239975362790513
54,54.0,54.61967059027847,0.1419215327405693,0.08823841494460594,0.10985469555798377,0.02996132771844806,0.024331392748861973,0.05194937397845261,0.030912232121025743,0.03686191611629704,0.3516277948229643,0.1343413192507914
55,55.0,55.58312271885972,0.14245442347221238,0.0893965416053063,0.10948105420777289,0.03185157509280458,0.024577925173234625,0.05170552439228526,0.030844116880923762,0.03587883962339011,0.35312268434920036,0.13068731520286986
56,56.0,56.544398407394254,0.14198353713819895,0.08837013348006843,0.10387401056979878,0.03371227903014064,0.027537508440584675,0.0529464085997035,0.030774371996022745,0.04123522746340513,0.35275671000643216,0.12680981327564508
57,57.0,57.504102543001395,0.14427854102926355,0.09010457539471135,0.09951960145897072,0.03692276605794608,0.02750044035123267,0.05032490854534374,0.030703857879651596,0.040673317161562736,0.3526604109161695,0.12731158120514813
58,58.0,58.462795239617805,0.1480669649452415,0.08585406656018606,0.1032511247890826,0.03705257521615128,0.027492074667303537,0.05106326121245608,0.03063335659612105,0.039701185578497854,0.3533585771106645,0.12352681332429571
59,59.0,59.42099071417639,0.15144651815338256,0.08444209568103292,0.10555624217988319,0.03669343541137219,0.02972265300233981,0.048414279602054675,0.030563571874982348,0.03872925529795448,0.3554044228978144,0.11902752589918364
60,60.0,60.379156734137354,0.15444494552658258,0.08476171302938978,0.10460664399098951,0.03630327523295729,0.03162756423579706,0.048998821361251166,0.030495129907207694,0.0377672254924859,0.356161776008387,0.11483290521495215
61,61.0,61.337714584760846,0.16417121807043514,0.08041228783576365,0.10405487149953795,0.035889098320054304,0.03273937030781195,0.046396440634413685,0.030428580837138425,0.03682372641263931,0.3582765212291659,0.11080788485303983
62,62.0,62.29703950447439,0.16748736207673612,0.0799081805972176,0.10421471506889186,0.035457448115241076,0.03427062311815167,0.04542929390163383,0.030364400865704702,0.03590633997665099,0.351357934196239,0.1156037020835333
63,63.0,63.257461537171835,0.1724709881008847,0.07946372485522749,0.10794047203624399,0.03501438844975676,0.038585177599734996,0.04301950460816941,0.030302994882757305,0.035021628784494996,0.3458112348519091,0.1123698858308214
64,64.0,64.21926675122782,0.17328842548745263,0.08137645971215553,0.10750401802530626,0.03630327970884934,0.03911993774052152,0.044054981122559296,0.030244699549277068,0.03417517242370965,0.34583169921913437,0.1081013270110345
65,65.0,65.18269877636592,0.1708879270440051,0.0816914427024936,0.10359811529434278,0.03925696259818283,0.03889719582803079,0.041845326442153996,0.03018978675365209,0.03337160997476574,0.352949890724677,0.1073117426376963
66,66.0,66.14796061122655,0.1680525096466755,0.08216899140542827,0.10311146780735925,0.03943931600591972,0.045074844043601806,0.03973818396536769,0.030138467370053088,0.03261468767096856,0.3510389481428214,0.10862258394180496
67,67.0,67.11521665648885,0.1700009123459463,0.08151118678255116,0.10202061568897997,0.04160330598186335,0.04652417821892539,0.03921347385512977,0.030090895251113456,0.031907310720841416,0.34872408044936193,0.1084040407052875
68,68.0,68.08459493066005,0.1668849204890278,0.0786649482611516,0.10609367582096114,0.040986865067377955,0.04643273664988747,0.04071574497930744,0.030047171391556653,0.031251598358518574,0.34819311683320137,0.11072922214901028
69,69.0,69.05618942810752,0.16854222666242416,0.07595270632027476,0.10649103053471609,0.045245033156445194,0.04578658391629358,0.04292060346939183,0.03000734820403996,0.03138822226265686,0.34020861109445427,0.11345763437930349
70,70.0,70.03006258152917,0.1661672235403688,0.07320509277059553,0.10509371245087692,0.04662657177370905,0.045047180616896144,0.041819198679734215,0.029971433853234544,0.030831948641322125,0.33952412356235306,0.12171351411090983
71,71.0,71.00624779379335,0.16445118246154153,0.06936744562502317,0.10762762727166643,0.047917935758156616,0.04423124584126949,0.0418136567744255,0.02993939659897732,0.03032298289570764,0.3406804633525571,0.12364806342067547
72,72.0,71.98475200689319,0.16778660772158424,0.0755687294519785,0.10265383563271523,0.0486155481332785,0.0433545920847928,0.042672798203483686,0.029911169104156046,0.029861683895697523,0.33682606070750165,0.1227489750648121
73,73.0,72.96555827861411,0.16576514193734815,0.07693599214578228,0.1071950566200169,0.04808519963189199,0.04707114115549491,0.04343960670308692,0.02988665266777534,0.029447897956731445,0.33004814800648835,0.12212516317538401
74,74.0,73.94862834037681,0.17092038959833408,0.07550274014105722,0.10328815803124361,0.04859334835177595,0.047381035788309545,0.041858658039417816,0.029865721348354954,0.030648329090620787,0.32860557276095864,0.12333604684992773
75,75.0,74.93390511255946,0.1744087883654173,0.0731627870751837,0.09902293254813962,0.04772309924558886,0.046306332375668675,0.04203807782487927,0.029848225947393052,0.030626037882520024,0.3275219924728987,0.12934172626231114
76,76.0,75.92131515639825,0.17635546302287725,0.06985179686695656,0.09699889694906125,0.04648166704261145,0.046443620611472634,0.04053040070670374,0.029833997827053413,0.030316764618923443,0.3241127597802464,0.13907463257409422
77,77.0,76.91077104428919,0.1772045393917554,0.07064851839297677,0.0941780834698384,0.0493653909995677,0.04581542157868765,0.042143209120778,0.0298228525404772,0.030035251035497285,0.32092514032092934,0.13986159314949254
78,78.0,77.90217363294813,0.1784044889249463,0.07067141283045965,0.08953502622945522,0.054473944321015655,0.04459373469733941,0.04070578495748771,0.02981459325715384,0.029781536300058774,0.3196499278474142,0.14236955063466955
79,79.0,78.89541422641172,0.17828186601442014,0.07095938858836318,0.08857695817803045,0.05364744337859174,0.04651581372350203,0.04346821549062073,0.03177222649918516,0.029555377675163523,0.31070708087730786,0.1465156295748155
80,80.0,79.89037661826481,0.17899579746246777,0.0702588678228742,0.08946356512176461,0.05623381074608102,0.04535932930090997,0.042950091898120255,0.031749482875387,0.029356281136006163,0.30674089790079945,0.14889187573558985
81,81.0,80.88693900474995,0.18299358523736306,0.06699939807557966,0.0870474938561201,0.054578043479823105,0.046176745939785574,0.0429340569633944,0.03171151878521479,0.029183531439404477,0.3126440357433324,0.1457315904799827
82,82.0,81.88497576253909,0.17833661080097352,0.06880321189144982,0.08708086717103374,0.05284207250539275,0.045390557639123974,0.045254706280679693,0.03166023591620765,0.029036221398068912,0.31142710653099476,0.1501684098660754
83,83.0,82.88435908692391,0.17143660626551316,0.0718392868213503,0.08690913136642225,0.05105127790335151,0.046811704267874274,0.052515122915293366,0.03159747897493915,0.028913280146886218,0.3091258018809713,0.14980030945739872
84,84.0,83.88496048800103,0.160619981813207,0.07035682813769015,0.08551175639822813,0.04922904998248087,0.04541828175796271,0.055578583552282665,0.031525022938048104,0.02881350021935293,0.3222395831206231,0.15070741208012464
85,85.0,84.88665214409042,0.15544754882988945,0.06997796564881109,0.08546329373650072,0.04882326110235705,0.04699236600970695,0.058229999989781206,0.03144456227546569,0.028735563282379445,0.3195421397125307,0.15534329941257807
86,86.0,85.88930811312994,0.154699666447984,0.06842137139087487,0.08454989113652465,0.048777017054336416,0.049550288599627776,0.057238598828619744,0.031357702056386855,0.028678064406279513,0.318529702265031,0.15819769781433554
87,87.0,86.89280540413424,0.15259499993560033,0.06973770864940071,0.08527426995021152,0.04710861203849989,0.04894228020869799,0.05698455367981774,0.03126595083865203,0.032507460636771485,0.32036048859143873,0.15522367547090998
88,88.0,87.89702491199675,0.15276736798439866,0.06793755283888919,0.08325065187100064,0.04610744668232072,0.04994867873956724,0.05574076061980032,0.031170715234304175,0.03244770936110631,0.32524539318026585,0.15538372348834728
89,89.0,88.90185221995306,0.15822790008112567,0.070243009321763,0.0803973953703845,0.04430091013364475,0.04837251833993386,0.053774026863846205,0.031073296038048058,0.036569911453308124,0.3233137695899328,0.15372726280801338
90,90.0,89.90717827491419,0.15687747290174323,0.07020203233778068,0.08028199932546981,0.04485774497796629,0.04677024879686449,0.05176622621484904,0.030974885801037078,0.0364337844212363,0.3341563502273296,0.14767925499572382
91,91.0,90.91289994163006,0.16184635949794357,0.07123548418694373,0.07927998303677927,0.043117164732556286,0.04516050372013341,0.0497415433686031,0.030876567729716822,0.036246932248159294,0.3357860867031286,0.14670937477603616
92,92.0,91.91892044225806,0.15948219797705007,0.07447501121185669,0.07968097177399526,0.04141947086436172,0.0447395716757529,0.04772191337329572,0.030779315788231426,0.03601629596990839,0.3380035837456718,0.14768166761987625
93,93.0,92.92514968840067,0.15682637285264195,0.07516838789316221,0.08233456100884735,0.039777351674342994,0.04315183791336199,0.04572702724378613,0.030683995883012252,0.0357485603597835,0.348580755099568,0.14200115007149383
94,94.0,93.93150451304501,0.15312596383062907,0.07836930168309691,0.08318818749820545,0.03820167088658271,0.04159135914807656,0.04377435945478963,0.03059136800948488,0.03545011270707326,0.358024519893237,0.1376831568888247
95,95.0,94.93790881009448,0.1533242054087726,0.08516889237274176,0.08288879383302626,0.03748738800796914,0.040071014667838904,0.043568687448645886,0.03050208924321539,0.035127008692563313,0.3562452574738096,0.13561666285141735
96,96.0,95.94429358933806,0.1489042937372756,0.10065906057348993,0.0834216016827857,0.03606239765182438,0.03860199448894663,0.044393400458672405,0.030416717461140698,0.034784944992578726,0.3522298034252814,0.13052578552800476
97,97.0,96.9505969547639,0.1439663303803006,0.10066362645856664,0.08286842921633017,0.03471928235477585,0.03719385638305411,0.04303961001625275,0.030335715682662065,0.034429238212666816,0.35911602045569924,0.13366789083969194
98,98.0,97.9567640140995,0.14404582328084126,0.1007183834354946,0.08659053552181101,0.034813018013373956,0.0358545935239203,0.04128820652684212,0.03025945692520468,0.03406480972861942,0.36133988906753184,0.13102528397636104
99,99.0,98.96274672736057,0.13827565568899103,0.1034752618864921,0.09296402654635415,0.03363449090143792,0.03459071101546067,0.039599061321104134,0.030188229474240984,0.03369617599569058,0.36138737790441655,0.13218900926581217
100,100.0,99.96850370202192,0.13552462684134794,0.10314112533072581,0.1014329996805711,0.03253747159168111,0.037862308999268075,0.037982840022728906,0.030122242473631246,0.033327443876097713,0.35535488334396825,0.13271405783998014
101,101.0,100.97399994219691,0.13171434479638494,0.1083560077378736,0.10448823615314452,0.03152477949698317,0.037584961311947315,0.04020147853487184,0.030061631748346168,0.03296231052970315,0.3543992343640118,0.12870701532673376
102,102.0,101.97920655893245,0.1309308706910066,0.10902243983894225,0.10187409156218677,0.0305981088167852,0.03647979580994213,0.03871847893763462,0.030006465778106138,0.03260406741265102,0.3631371721383125,0.12662850901443307
103,103.0,102.98410044840509,0.1326846014405599,0.10750255344258342,0.10289816958464233,0.029758124116439175,0.03542034890003804,0.03938456701933585,0.029956751747109052,0.03225560793317759,0.3709307840710935,0.11920849174502139
104,104.0,103.98866394444643,0.13463951956060544,0.1042879800710292,0.10114667530672511,0.03354841629408616,0.037444086736669005,0.038011025364941636,0.029912441601740586,0.03191943832231973,0.36528885631999597,0.12380156042188749
105,105.0,104.99288445143917,0.13473769488900494,0.10369992089314521,0.1001877203834389,0.034067734477015284,0.03845464803687276,0.04009015490712559,0.02987343805489156,0.03159769128932446,0.36684700584227115,0.12044399122691049
106,106.0,105.99675406321822,0.13316276901764898,0.1028092217552584,0.10005764966095594,0.03338473173370294,0.03748686315246363,0.039091823943512564,0.02983960048217852,0.031292142046735465,0.37258517731972063,0.12029002088782324
107,107.0,107.0002691731872,0.1418903112619533,0.09832135824346175,0.1014985717724081,0.032736181947384806,0.03654098812497077,0.0378438931384039,0.029810750661915,0.03239326830992237,0.3717889756710841,0.11717570086849627
108,108.0,108.0034300804274,0.15402654181853434,0.09419717920193742,0.10098658755218337,0.032125125320224636,0.03562429071897749,0.03664231648242207,0.029786678317058682,0.032110211461905444,0.36694047142085645,0.1175605977059005
109,109.0,109.00624059613932,0.15983588840134266,0.09323449614012219,0.10296480534484309,0.031553923102578235,0.03778935365010941,0.0354944743272142,0.02976714642351741,0.03183435818407116,0.36064440327536834,0.11688115115083372
110,110.0,110.00870765431864,0.15786127847525852,0.09250690373773053,0.10668211692455058,0.031024301875670693,0.03706277126092717,0.037902274480244774,0.02975189625509509,0.03156774665217959,0.3607836654597753,0.11485704487856814
111,111.0,111.01084093013685,0.16614161428151222,0.08998718847629017,0.10414964044146949,0.032350494101227215,0.0362082102016741,0.036844049320779025,0.029740652140964052,0.031312118806955384,0.360172350179728,0.1130936820494007
112,112.0,112.01265246907188,0.16599473629591469,0.09542927949804919,0.1009656769044983,0.033602166171028486,0.037851793346239594,0.035823206184052055,0.029733125916836474,0.03106893255818404,0.3556767141234675,0.11385436900172996
113,113.0,113.01415632942268,0.17050425307219397,0.097877375583178,0.10162752923731687,0.033150599342798626,0.03734023702505593,0.03484621529915727,0.029729021055953292,0.030839375608707996,0.34817812521877445,0.11590726855686392
114,114.0,114.01536824044418,0.17868780129958867,0.09359675593560454,0.10628355201498527,0.03271268320396377,0.03652290699986016,0.03639886369619405,0.029728036470598893,0.03062438059809247,0.33762984898769305,0.11781517079341941
115,115.0,115.01630527795908,0.17743033478230136,0.09121576157135684,0.105910850502285,0.03229143184697276,0.03572208090718537,0.03549989650477492,0.029729869979073946,0.030424641282557577,0.33896650787389865,0.12280862474959381
116,116.0,116.0169855589429,0.17360157307428367,0.0873091804344892,0.10305266018124651,0.03188939130721112,0.03746507611368703,0.037391328289943834,0.029734221436910756,0.030240629485750598,0.34332331625231155,0.12599262342416595
117,117.0,117.01742795623892,0.17325422271402982,0.08755194734834228,0.09917161951459165,0.03150866090835353,0.036690257489318916,0.03897906965709712,0.02974079553459478,0.03007261257376681,0.34601581195020964,0.1270150023096957
118,118.0,118.01765183424293,0.16907898728160078,0.08721210760265759,0.10455446147592576,0.0335584079965624,0.03793903023451528,0.04125764936998704,0.029749304267164448,0.029920671227243734,0.3379865232779438,0.12874285726639936
119,119.0,119.01767680610413,0.16212037910515045,0.09334541147485843,0.10309280688501442,0.03338565086297219,0.037171824529028084,0.04037448487041485,0.029759469083805508,0.029784717303100526,0.34149994588764165,0.12946530999801406
120,120.0,120.01752251271817,0.16095968138390754,0.09833759616379587,0.10399052128454431,0.03405257794001429,0.03640962114879932,0.039475891972095736,0.029771022727944407,0.030459853054158426,0.33772472594117975,0.12881850838356057
121,121.0,121.01720842354362,0.154100116527917,0.1029849710574918,0.10865753437707631,0.03369196284536288,0.03565954189510545,0.04103147878055297,0.029783710780389973,0.030347069389332938,0.33722199402759817,0.1265216203191727
122,122.0,122.01675365905109,0.15112603514701806,0.10326765983419291,0.11339396146431704,0.03459218912595674,0.03492787514782991,0.04075683831617615,0.029797292919787083,0.030242093397096673,0.33968209916791114,0.12221395547971446
123,123.0,123.0161768344173,0.1527362608684427,0.10353335005783301,0.11158196746538711,0.0384598991723237,0.03694464837924107,0.0438196424571356,0.02981154391604661,0.03014519407011307,0.33468415340743957,0.11828334020603767
124,124.0,124.01549592390272,0.15376104457952103,0.10382209045760757,0.10886231950744722,0.03837908672826824,0.03623820095382501,0.04283663345653243,0.02982625437351972,0.030056532735126693,0.34064902763561494,0.11556880957253726
125,125.0,125.01472814520056,0.155545154883354,0.10475420569715996,0.10868155277097707,0.03973709442035502,0.041100763924963694,0.041823559021424254,0.02984123124151032,0.029976172206287684,0.3381022644306241,0.110438001403344
126,126.0,126.01388986291661,0.15745856659930416,0.10431785192291933,0.10571408448062844,0.04127468077279151,0.04036139006254262,0.04661018642335536,0.0342760457303886,0.0299040860082697,0.33678628226347973,0.10329682573632062
127,127.0,127.0129965102319,0.16013185436031563,0.10573185694215466,0.11095114544158177,0.04070118117703757,0.03959233968573822,0.045829528587422695,0.034246845454983514,0.02984016756997082,0.33297417565873016,0.10000090512206503
128,128.0,128.01206252771334,0.1579714194349543,0.10615848311896461,0.11278998059240233,0.04007801972908864,0.03880427094975688,0.05160611148474585,0.034178096752569095,0.029784239299802118,0.33380850425178066,0.09482087438593559
129,129.0,129.0111013181695,0.15822866682499132,0.10105770535322785,0.11174063393005135,0.03941639422864372,0.045591142594153033,0.05036217022044175,0.03407444195287043,0.029736061463652264,0.33398652439191023,0.09580625904005813
130,130.0,130.01012521639834,0.1629939364646872,0.09484575964528925,0.108428780348019,0.038726767335956855,0.05076088652015209,0.04903900138036365,0.033940408213612924,0.029695340796480875,0.3300316995099155,0.10153741978552273
131,131.0,131.0091454726403,0.16767349221113054,0.09671276333812802,0.10424217885504997,0.03801883545917911,0.049767140668379777,0.04765775941048972,0.033780373766145046,0.029661738788061817,0.33069901390892037,0.10178670359451578
132,132.0,132.0081722485317,0.17005101763876157,0.10255941836829807,0.09890841986550998,0.03730150841548735,0.05020670436112964,0.046238064043498284,0.0335985390257625,0.029634879592604045,0.33052998960974594,0.10097145907920282
133,133.0,133.00721462434865,0.16963888414525863,0.09714064033378275,0.09191232246978119,0.039369546819632645,0.04956497439903253,0.04479795757277101,0.033398902369160585,0.029614357520766015,0.34183328159428705,0.10272913277552782
134,134.0,134.0062806163404,0.16573734859569944,0.09350277481008294,0.09040386635383246,0.03862910287030661,0.04830290975043614,0.04335388217338875,0.03318524035452726,0.029599744080904128,0.34881810269472324,0.10846702831609932
135,135.0,135.00537720296956,0.164051547359988,0.0877872868005975,0.08464957906280086,0.03787641228721011,0.04698402246919503,0.044353592527085185,0.03296109213781199,0.029590594544219383,0.3608250024659425,0.11092087034514975
136,136.0,136.00451035890612,0.1652326285262776,0.08307045814476663,0.08234698987859519,0.039349880111105726,0.04844264396228592,0.04292017058875421,0.032729747821390126,0.02958645401576092,0.368486356993601,0.10783466995746302
137,137.0,137.00368509565993,0.17765208194322468,0.07944097119691479,0.0778394418173488,0.03937853557775496,0.047037062622635004,0.04150088913836879,0.032494240458396544,0.029586862999990693,0.37100797942641006,0.10406193481895597
138,138.0,138.0029055077818,0.18692261423165382,0.08085339125007557,0.07246897971853632,0.038588090926373705,0.04560166879072283,0.04010852694163822,0.032257341427118356,0.029591362455797583,0.3722853681130725,0.10132265614501144
139,139.0,139.00217482361367,0.19888063810492668,0.08459154946610849,0.07080577585155302,0.03779080983086684,0.04415379765409465,0.038754315695164326,0.03202155888469681,0.02959949834146581,0.365853972038201,0.09754808413292267
140,140.0,140.0014954596262,0.20919812975682944,0.08658030373884418,0.06677211553322979,0.036995348746602,0.0444221323091167,0.03930368545879191,0.03178913900767045,0.02961082565515255,0.3601201076512044,0.09520821214255884
141,141.0,141.00086907744122,0.21120722996545974,0.08532440687732026,0.06486149219618043,0.03620948028329762,0.04333745748762563,0.03896188412166664,0.03156206972827002,0.029624911980919093,0.3676075109067233,0.09130355645253756
142,142.0,142.0002966427003,0.21548154290197574,0.08063583754162777,0.06270336370047842,0.04170555379049545,0.04190413990236721,0.037730402155510545,0.03134208667952693,0.030326556575499056,0.36908022122786494,0.0890902955246542
143,143.0,142.99977848500652,0.22061495143438192,0.08247662485915647,0.06480302386566128,0.04142815839058837,0.04252108685000197,0.03654476436441496,0.031130681068862888,0.0303380767257867,0.3649151253254174,0.08522750711572831
144,144.0,143.99931435823203,0.21960189672211772,0.0812851728210331,0.06463910623286749,0.04586119399148994,0.04342322025296721,0.035412242708784784,0.03211090458653083,0.03034506409378771,0.362652044782641,0.08466915380778049
145,145.0,144.99890350055264,0.21508889257112954,0.07785317995737534,0.06486097255623707,0.045200582732935285,0.04241177292666025,0.035936102691767724,0.031908380866407876,0.03034790208405074,0.3756777083263477,0.08071450528708876
146,146.0,145.9985446936357,0.2199305977305938,0.08409086289054954,0.06723939872898234,0.044223136720550726,0.04103824456405562,0.03491068893941054,0.03170702570963314,0.03034697725444696,0.364853042605657,0.08166002485612066
147,147.0,146.99823632047406,0.22828200874485566,0.0801987521248702,0.06975615316077127,0.04320120394219912,0.04270218586218439,0.033938709672894966,0.031508735811439544,0.030342675135259088,0.35974294222588,0.08032663331964608
148,148.0,147.99797642142389,0.23103728728982525,0.07889328247744079,0.0742723194396146,0.04214945240226068,0.04154877877688258,0.033024541236302,0.03131518754495092,0.030335376476637414,0.34935785100290634,0.08806592335317971
149,149.0,148.99776274806447,0.22868808621241976,0.08215128577497394,0.086155406743672,0.04108138149229348,0.04022825935904647,0.032171544231005315,0.031127842229661647,0.030325453919111532,0.3303853452256808,0.09768539481213533
150,150.0,149.99759281456036,0.22726435638425177,0.08088454774491594,0.09289580946501831,0.046935578802967684,0.03893750928940351,0.031382131483928245,0.034120138109567176,0.030313269078147125,0.3210806807109595,0.09618597893084098
151,151.0,150.99746394626104,0.2257967246194269,0.07667414331223704,0.10038239292616921,0.04973885314443393,0.03768645913383081,0.0306578386967196,0.033917036443020236,0.030299170030497688,0.3134376864840355,0.10140969520962927
152,152.0,151.99737332532905,0.22757379961226645,0.07317464582032376,0.10533247649715793,0.04852066152030921,0.04099120630043247,0.02999939680126462,0.03369507457869779,0.030283489187308214,0.31070053082774296,0.09972871885449675
153,153.0,152.99731803323698,0.2194220333293879,0.07799935916999405,0.10447715365552908,0.04723908244339388,0.03979876547920979,0.035248184437687326,0.03345835815502061,0.030266541536564606,0.31002948801463764,0.10206103377857527
154,154.0,153.99729509002177,0.21800110992526536,0.07930152348677624,0.10706197060030447,0.04591327044973614,0.038627581085317275,0.034984325472962735,0.033210729792160935,0.0326224887160851,0.31101376660586266,0.0992632338655292
155,155.0,154.99730149022784,0.22431228455510738,0.07594098593092205,0.11394999237737939,0.04456090695094681,0.03748723931996084,0.039287644259878345,0.032955756967665624,0.032580137357992846,0.2997588461956581,0.0991662060844887
156,156.0,155.99733423551103,0.22387692158530823,0.07420355624424216,0.11522576014992533,0.04319817073252695,0.03638605933794044,0.03898103159179831,0.03269672385594319,0.03251621976212989,0.29545937269033595,0.10745618404984966
157,157.0,156.99739036391077,0.23007732170746667,0.07960175677424847,0.11257402280364662,0.041839726428623804,0.035331136760742676,0.038340200779399376,0.03243662681683357,0.032433531728231935,0.2935075226928538,0.10385815350795319
158,158.0,157.99746697583146,0.22444546278355157,0.08974915551840718,0.11104852153267976,0.043679245656513224,0.03432839507365726,0.044821003844846434,0.03217817321346657,0.03233477718044145,0.28815613985304667,0.09925912534338996
159,159.0,158.99756125680176,0.22161487857956283,0.09424700832748367,0.1162901222038343,0.04233555577592893,0.03338264360454381,0.04407865904134024,0.031923783238301605,0.0322225503156256,0.2862853207516885,0.09761947816169057
160,160.0,159.997670497107,0.222222878697233,0.09236069578733896,0.11379129966256045,0.04100287932564378,0.032497640846296263,0.04326976212777127,0.03167559442827012,0.03209932063413508,0.29227012266376895,0.09880980582698216
161,161.0,160.99779210841066,0.22269784199316137,0.08969753770679575,0.10727622487917775,0.039693441727130706,0.031676161955410516,0.04240905728428148,0.03143546855495909,0.03196742071445226,0.3028291184936126,0.10031772669101857
162,162.0,161.99792363749984,0.2215954330736935,0.08797927309507748,0.10439286191274058,0.03841801347119763,0.030920069334059233,0.044500838681411775,0.031205000583429565,0.0318290365795932,0.30807518913340337,0.10108428413539373
163,163.0,162.9980627773051,0.22058824835462773,0.08862643577494023,0.10399489763041139,0.037185947906145884,0.030230385281502486,0.043546977855812394,0.0309855294032187,0.03168620049242411,0.3095831437755522,0.10357223352536493
164,164.0,163.9982073753568,0.214559971174852,0.08686395745560667,0.10521938831725301,0.03600522941853786,0.02960736578138639,0.046621752017106735,0.03077815004699673,0.031540786009047694,0.31175304295049255,0.10705035682872037
165,165.0,164.99835543984977,0.20715509287576653,0.0830520101342889,0.1054774211926429,0.034882530485505256,0.02905057457346804,0.045560984427497855,0.03058372712592699,0.03139450511391845,0.3271094654683757,0.10573368860260937
166,166.0,165.99850514349492,0.19754605307821554,0.07879890771735287,0.10915691550428644,0.03382327614092086,0.028558956740606843,0.04445068375257489,0.030402909225704954,0.031248907257162936,0.3363549815957157,0.10965840898745895
167,167.0,166.99865482534062,0.19045530210199854,0.08199033956832247,0.10381053964611175,0.03283171446938569,0.03333075407611883,0.04330690630761847,0.030236144023248077,0.031105380113511348,0.343282320298471,0.10965059939521381
168,168.0,167.99880299074837,0.18751894566564375,0.08750594897136643,0.0974078181985061,0.03191099182031018,0.03315875784682824,0.04214443754408151,0.030083693900804405,0.030965151883089806,0.35111386267391026,0.10819039149545925
169,169.0,168.99894830970783,0.18932614242071027,0.09073100529220275,0.09406187692969528,0.031063231517939126,0.03573536483678219,0.04097677128145743,0.031059592017096738,0.03082929495687952,0.35196716390854355,0.10424955683869312
170,170.0,169.99908961367427,0.18439802354294774,0.09866139235886758,0.09620996287767591,0.030289614930625784,0.0353105580049971,0.03981610393228119,0.030924758252639156,0.030698730773721462,0.3560295508169341,0.09766130450930997
171,171.0,170.99922589110733,0.17682253041620088,0.10084402551228125,0.0906250303240837,0.029590463852737517,0.03487512627634055,0.03867334227869976,0.03079416028210094,0.030574235701141997,0.3687982217773393,0.09840286357907407
172,172.0,171.99935628188598,0.16835631329370487,0.10742479330164709,0.0865889048971286,0.028965323244110705,0.03443448645778625,0.03755812336768947,0.03066868050579554,0.030456447778809057,0.3797383208050419,0.09580860634828653
173,173.0,172.99948007076793,0.16044136845119722,0.11156523923764154,0.08043377319056491,0.032054844468723975,0.03399356575650951,0.03790955265171059,0.030549061902062725,0.03034587417092132,0.38930819847031634,0.09339852170035187
174,174.0,173.99959668005403,0.15499070516968974,0.11449950797356921,0.07772043241865056,0.03208139784077546,0.033556801467795355,0.04169611858151602,0.030435914539682564,0.030242899182113148,0.38963311094110475,0.09514311188510319
