,Unnamed: 0,Total_iterations,Intertwine_two,Add_vertex,Delete_vertex,Invert_path_vertices,Insert_inside_vertex,Delete_inside_vertex
0,0.0,0.0,0.16666666666666669,0.16666666666666669,0.16666666666666669,0.16666666666666669,0.16666666666666669,0.16666666666666669
1,1.0,1.0,0.16666666666666669,0.16666666666666669,0.16666666666666669,0.16666666666666669,0.16666666666666669,0.16666666666666669
2,2.0,2.0,0.16666666666666669,0.16666666666666669,0.16666666666666669,0.16666666666666669,0.16666666666666669,0.16666666666666669
3,3.0,3.0,0.16666666666666669,0.16666666666666669,0.16666666666666669,0.16666666666666669,0.16666666666666669,0.16666666666666669
4,4.0,4.0,0.16666666666666669,0.16666666666666669,0.16666666666666669,0.16666666666666669,0.16666666666666669,0.16666666666666669
5,5.0,5.0,0.16666666666666669,0.16666666666666669,0.16666666666666669,0.16666666666666669,0.16666666666666669,0.16666666666666669
6,6.0,6.0,0.16666666666666669,0.16666666666666669,0.16666666666666669,0.16666666666666669,0.16666666666666669,0.16666666666666669
7,7.0,7.0,0.16666666666666669,0.16666666666666669,0.16666666666666669,0.16666666666666669,0.16666666666666669,0.16666666666666669
8,8.0,8.0,0.16666666666666669,0.16666666666666669,0.16666666666666669,0.16666666666666669,0.16666666666666669,0.16666666666666669
9,9.0,9.0,0.16666666666666669,0.16666666666666669,0.16666666666666669,0.16666666666666669,0.16666666666666669,0.16666666666666669
10,10.0,10.0,0.16666666666666669,0.16666666666666669,0.16666666666666669,0.16666666666666669,0.16666666666666669,0.16666666666666669
11,11.0,11.0,0.16666666666666669,0.16666666666666669,0.16666666666666669,0.16666666666666669,0.16666666666666669,0.16666666666666669
12,12.0,12.0,0.16666666666666669,0.16666666666666669,0.16666666666666669,0.16666666666666669,0.16666666666666669,0.16666666666666669
13,13.0,13.0,0.16666666666666669,0.16666666666666669,0.16666666666666669,0.16666666666666669,0.16666666666666669,0.16666666666666669
14,14.0,14.0,0.16666666666666669,0.16666666666666669,0.16666666666666669,0.16666666666666669,0.16666666666666669,0.16666666666666669
15,15.0,15.0,0.16666666666666669,0.16666666666666669,0.16666666666666669,0.16666666666666669,0.16666666666666669,0.16666666666666669
16,16.0,16.0,0.16666666666666669,0.16666666666666669,0.16666666666666669,0.16666666666666669,0.16666666666666669,0.16666666666666669
17,17.0,17.0,0.16666666666666669,0.16666666666666669,0.16666666666666669,0.16666666666666669,0.16666666666666669,0.16666666666666669
18,18.0,18.0,0.16666666666666669,0.16666666666666669,0.16666666666666669,0.16666666666666669,0.16666666666666669,0.16666666666666669
19,19.0,19.0,0.16666666666666669,0.16666666666666669,0.16666666666666669,0.16666666666666669,0.16666666666666669,0.16666666666666669
20,20.0,20.0,0.16666666666666669,0.16666666666666669,0.16666666666666669,0.16666666666666669,0.16666666666666669,0.16666666666666669
21,21.0,21.0,0.16666666666666669,0.16666666666666669,0.16666666666666669,0.16666666666666669,0.16666666666666669,0.16666666666666669
22,22.0,22.0,0.16666666666666669,0.16666666666666669,0.16666666666666669,0.16666666666666669,0.16666666666666669,0.16666666666666669
23,23.0,23.0,0.16666666666666669,0.16666666666666669,0.16666666666666669,0.16666666666666669,0.16666666666666669,0.16666666666666669
24,24.0,24.0,0.16666666666666669,0.16666666666666669,0.16666666666666669,0.16666666666666669,0.16666666666666669,0.16666666666666669
25,25.0,25.0,0.16666666666666669,0.16666666666666669,0.16666666666666669,0.16666666666666669,0.16666666666666669,0.16666666666666669
26,26.0,26.0,0.16666666666666669,0.16666666666666669,0.16666666666666669,0.16666666666666669,0.16666666666666669,0.16666666666666669
27,27.0,27.0,0.16666666666666669,0.16666666666666669,0.16666666666666669,0.16666666666666669,0.16666666666666669,0.16666666666666669
28,28.0,28.0,0.16666666666666669,0.16666666666666669,0.16666666666666669,0.16666666666666669,0.16666666666666669,0.16666666666666669
29,29.0,29.1,0.16666666666666669,0.16666666666666669,0.16666666666666669,0.16666666666666669,0.16666666666666669,0.16666666666666669
30,30.0,30.1,0.16666666666666669,0.16666666666666669,0.16666666666666669,0.16666666666666669,0.16666666666666669,0.16666666666666669
31,31.0,31.1,0.16666666666666669,0.16666666666666669,0.16666666666666669,0.16666666666666669,0.16666666666666669,0.16666666666666669
32,32.0,32.1,0.16666666666666669,0.16666666666666669,0.16666666666666669,0.16666666666666669,0.16666666666666669,0.16666666666666669
33,33.0,33.1,0.16666666666666669,0.16666666666666669,0.16666666666666669,0.16666666666666669,0.16666666666666669,0.16666666666666669
34,34.0,34.1,0.16666666666666669,0.16666666666666669,0.16666666666666669,0.16666666666666669,0.16666666666666669,0.16666666666666669
35,35.0,35.2,0.16666666666666669,0.16666666666666669,0.16666666666666669,0.16666666666666669,0.16666666666666669,0.16666666666666669
36,36.0,36.2,0.16666666666666669,0.16666666666666669,0.16666666666666669,0.16666666666666669,0.16666666666666669,0.16666666666666669
37,37.0,37.3,0.16666666666666669,0.16666666666666669,0.16666666666666669,0.16666666666666669,0.16666666666666669,0.16666666666666669
38,38.0,38.3,0.16666666666666669,0.16666666666666669,0.16666666666666669,0.16666666666666669,0.16666666666666669,0.16666666666666669
39,39.0,39.3,0.16666666666666669,0.16666666666666669,0.16666666666666669,0.16666666666666669,0.16666666666666669,0.16666666666666669
40,40.0,40.3,0.16666666666666669,0.16666666666666669,0.16666666666666669,0.16666666666666669,0.16666666666666669,0.16666666666666669
41,41.0,41.4,0.16666666666666669,0.16666666666666669,0.16666666666666669,0.16666666666666669,0.16666666666666669,0.16666666666666669
42,42.0,42.4,0.16666666666666669,0.16666666666666669,0.16666666666666669,0.16666666666666669,0.16666666666666669,0.16666666666666669
43,43.0,43.4,0.16666666666666669,0.16666666666666669,0.16666666666666669,0.16666666666666669,0.16666666666666669,0.16666666666666669
44,44.0,44.5,0.16666666666666669,0.16666666666666669,0.16666666666666669,0.16666666666666669,0.16666666666666669,0.16666666666666669
45,45.0,45.5,0.16666666666666669,0.16666666666666669,0.16666666666666669,0.16666666666666669,0.16666666666666669,0.16666666666666669
46,46.0,46.6,0.16666666666666669,0.16666666666666669,0.16666666666666669,0.16666666666666669,0.16666666666666669,0.16666666666666669
47,47.0,47.6,0.16666666666666669,0.16666666666666669,0.16666666666666669,0.16666666666666669,0.16666666666666669,0.16666666666666669
48,48.0,48.6,0.16666666666666669,0.16666666666666669,0.16666666666666669,0.16666666666666669,0.16666666666666669,0.16666666666666669
49,49.0,49.7,0.16666666666666669,0.16666666666666669,0.16666666666666669,0.16666666666666669,0.16666666666666669,0.16666666666666669
50,50.0,50.7,0.16666666666666669,0.16666666666666669,0.16666666666666669,0.16666666666666669,0.16666666666666669,0.16666666666666669
51,51.0,51.8,0.16666666666666669,0.16666666666666669,0.16666666666666669,0.16666666666666669,0.16666666666666669,0.16666666666666669
52,52.0,52.8,0.16666666666666669,0.16666666666666669,0.16666666666666669,0.16666666666666669,0.16666666666666669,0.16666666666666669
53,53.0,53.8,0.16666666666666669,0.16666666666666669,0.16666666666666669,0.16666666666666669,0.16666666666666669,0.16666666666666669
54,54.0,54.8,0.16666666666666669,0.16666666666666669,0.16666666666666669,0.16666666666666669,0.16666666666666669,0.16666666666666669
55,55.0,55.9,0.16666666666666669,0.16666666666666669,0.16666666666666669,0.16666666666666669,0.16666666666666669,0.16666666666666669
56,56.0,56.9,0.16666666666666669,0.16666666666666669,0.16666666666666669,0.16666666666666669,0.16666666666666669,0.16666666666666669
57,57.0,57.9,0.16666666666666669,0.16666666666666669,0.16666666666666669,0.16666666666666669,0.16666666666666669,0.16666666666666669
58,58.0,59.0,0.16666666666666669,0.16666666666666669,0.16666666666666669,0.16666666666666669,0.16666666666666669,0.16666666666666669
59,59.0,60.0,0.16666666666666669,0.16666666666666669,0.16666666666666669,0.16666666666666669,0.16666666666666669,0.16666666666666669
60,60.0,61.0,0.16666666666666669,0.16666666666666669,0.16666666666666669,0.16666666666666669,0.16666666666666669,0.16666666666666669
61,61.0,62.0,0.16666666666666669,0.16666666666666669,0.16666666666666669,0.16666666666666669,0.16666666666666669,0.16666666666666669
62,62.0,63.0,0.16666666666666669,0.16666666666666669,0.16666666666666669,0.16666666666666669,0.16666666666666669,0.16666666666666669
63,63.0,64.1,0.16666666666666669,0.16666666666666669,0.16666666666666669,0.16666666666666669,0.16666666666666669,0.16666666666666669
64,64.0,65.1,0.16666666666666669,0.16666666666666669,0.16666666666666669,0.16666666666666669,0.16666666666666669,0.16666666666666669
65,65.0,66.1,0.16666666666666669,0.16666666666666669,0.16666666666666669,0.16666666666666669,0.16666666666666669,0.16666666666666669
66,66.0,67.1,0.16666666666666669,0.16666666666666669,0.16666666666666669,0.16666666666666669,0.16666666666666669,0.16666666666666669
67,67.0,68.1,0.16666666666666669,0.16666666666666669,0.16666666666666669,0.16666666666666669,0.16666666666666669,0.16666666666666669
68,68.0,69.1,0.16666666666666669,0.16666666666666669,0.16666666666666669,0.16666666666666669,0.16666666666666669,0.16666666666666669
69,69.0,70.1,0.16666666666666669,0.16666666666666669,0.16666666666666669,0.16666666666666669,0.16666666666666669,0.16666666666666669
70,70.0,71.1,0.16666666666666669,0.16666666666666669,0.16666666666666669,0.16666666666666669,0.16666666666666669,0.16666666666666669
71,71.0,72.1,0.16666666666666669,0.16666666666666669,0.16666666666666669,0.16666666666666669,0.16666666666666669,0.16666666666666669
72,72.0,73.1,0.16666666666666669,0.16666666666666669,0.16666666666666669,0.16666666666666669,0.16666666666666669,0.16666666666666669
73,73.0,74.1,0.16666666666666669,0.16666666666666669,0.16666666666666669,0.16666666666666669,0.16666666666666669,0.16666666666666669
74,74.0,75.1,0.16666666666666669,0.16666666666666669,0.16666666666666669,0.16666666666666669,0.16666666666666669,0.16666666666666669
75,75.0,76.1,0.16666666666666669,0.16666666666666669,0.16666666666666669,0.16666666666666669,0.16666666666666669,0.16666666666666669
76,76.0,77.1,0.16666666666666669,0.16666666666666669,0.16666666666666669,0.16666666666666669,0.16666666666666669,0.16666666666666669
77,77.0,78.2,0.16666666666666669,0.16666666666666669,0.16666666666666669,0.16666666666666669,0.16666666666666669,0.16666666666666669
78,78.0,79.3,0.16666666666666669,0.16666666666666669,0.16666666666666669,0.16666666666666669,0.16666666666666669,0.16666666666666669
79,79.0,80.3,0.16666666666666669,0.16666666666666669,0.16666666666666669,0.16666666666666669,0.16666666666666669,0.16666666666666669
80,80.0,81.3,0.16666666666666669,0.16666666666666669,0.16666666666666669,0.16666666666666669,0.16666666666666669,0.16666666666666669
81,81.0,82.3,0.16666666666666669,0.16666666666666669,0.16666666666666669,0.16666666666666669,0.16666666666666669,0.16666666666666669
82,82.0,83.3,0.16666666666666669,0.16666666666666669,0.16666666666666669,0.16666666666666669,0.16666666666666669,0.16666666666666669
83,83.0,84.3,0.16666666666666669,0.16666666666666669,0.16666666666666669,0.16666666666666669,0.16666666666666669,0.16666666666666669
84,84.0,85.3,0.16666666666666669,0.16666666666666669,0.16666666666666669,0.16666666666666669,0.16666666666666669,0.16666666666666669
85,85.0,86.3,0.16666666666666669,0.16666666666666669,0.16666666666666669,0.16666666666666669,0.16666666666666669,0.16666666666666669
86,86.0,87.3,0.16666666666666669,0.16666666666666669,0.16666666666666669,0.16666666666666669,0.16666666666666669,0.16666666666666669
87,87.0,88.3,0.16666666666666669,0.16666666666666669,0.16666666666666669,0.16666666666666669,0.16666666666666669,0.16666666666666669
88,88.0,89.3,0.16666666666666669,0.16666666666666669,0.16666666666666669,0.16666666666666669,0.16666666666666669,0.16666666666666669
89,89.0,90.3,0.16666666666666669,0.16666666666666669,0.16666666666666669,0.16666666666666669,0.16666666666666669,0.16666666666666669
90,90.0,91.3,0.16666666666666669,0.16666666666666669,0.16666666666666669,0.16666666666666669,0.16666666666666669,0.16666666666666669
91,91.0,92.3,0.16666666666666669,0.16666666666666669,0.16666666666666669,0.16666666666666669,0.16666666666666669,0.16666666666666669
92,92.0,93.3,0.16666666666666669,0.16666666666666669,0.16666666666666669,0.16666666666666669,0.16666666666666669,0.16666666666666669
93,93.0,94.5,0.16666666666666669,0.16666666666666669,0.16666666666666669,0.16666666666666669,0.16666666666666669,0.16666666666666669
94,94.0,95.5,0.16666666666666669,0.16666666666666669,0.16666666666666669,0.16666666666666669,0.16666666666666669,0.16666666666666669
95,95.0,96.5,0.16666666666666669,0.16666666666666669,0.16666666666666669,0.16666666666666669,0.16666666666666669,0.16666666666666669
96,96.0,97.5,0.16666666666666669,0.16666666666666669,0.16666666666666669,0.16666666666666669,0.16666666666666669,0.16666666666666669
97,97.0,98.6,0.16666666666666669,0.16666666666666669,0.16666666666666669,0.16666666666666669,0.16666666666666669,0.16666666666666669
98,98.0,99.6,0.16666666666666669,0.16666666666666669,0.16666666666666669,0.16666666666666669,0.16666666666666669,0.16666666666666669
99,99.0,100.6,0.16666666666666669,0.16666666666666669,0.16666666666666669,0.16666666666666669,0.16666666666666669,0.16666666666666669
100,100.0,101.6,0.16666666666666669,0.16666666666666669,0.16666666666666669,0.16666666666666669,0.16666666666666669,0.16666666666666669
101,101.0,102.6,0.16666666666666669,0.16666666666666669,0.16666666666666669,0.16666666666666669,0.16666666666666669,0.16666666666666669
102,102.0,103.6,0.16666666666666669,0.16666666666666669,0.16666666666666669,0.16666666666666669,0.16666666666666669,0.16666666666666669
103,103.0,104.7,0.16666666666666669,0.16666666666666669,0.16666666666666669,0.16666666666666669,0.16666666666666669,0.16666666666666669
104,104.0,105.7,0.16666666666666669,0.16666666666666669,0.16666666666666669,0.16666666666666669,0.16666666666666669,0.16666666666666669
105,105.0,106.7,0.16666666666666669,0.16666666666666669,0.16666666666666669,0.16666666666666669,0.16666666666666669,0.16666666666666669
106,106.0,107.7,0.16666666666666669,0.16666666666666669,0.16666666666666669,0.16666666666666669,0.16666666666666669,0.16666666666666669
107,107.0,108.8,0.16666666666666669,0.16666666666666669,0.16666666666666669,0.16666666666666669,0.16666666666666669,0.16666666666666669
108,108.0,109.9,0.16666666666666669,0.16666666666666669,0.16666666666666669,0.16666666666666669,0.16666666666666669,0.16666666666666669
109,109.0,110.9,0.16666666666666669,0.16666666666666669,0.16666666666666669,0.16666666666666669,0.16666666666666669,0.16666666666666669
110,110.0,111.9,0.16666666666666669,0.16666666666666669,0.16666666666666669,0.16666666666666669,0.16666666666666669,0.16666666666666669
111,111.0,112.9,0.16666666666666669,0.16666666666666669,0.16666666666666669,0.16666666666666669,0.16666666666666669,0.16666666666666669
112,112.0,113.9,0.16666666666666669,0.16666666666666669,0.16666666666666669,0.16666666666666669,0.16666666666666669,0.16666666666666669
113,113.0,114.9,0.16666666666666669,0.16666666666666669,0.16666666666666669,0.16666666666666669,0.16666666666666669,0.16666666666666669
114,114.0,115.9,0.16666666666666669,0.16666666666666669,0.16666666666666669,0.16666666666666669,0.16666666666666669,0.16666666666666669
115,115.0,116.9,0.16666666666666669,0.16666666666666669,0.16666666666666669,0.16666666666666669,0.16666666666666669,0.16666666666666669
116,116.0,117.9,0.16666666666666669,0.16666666666666669,0.16666666666666669,0.16666666666666669,0.16666666666666669,0.16666666666666669
117,117.0,118.9,0.16666666666666669,0.16666666666666669,0.16666666666666669,0.16666666666666669,0.16666666666666669,0.16666666666666669
118,118.0,119.9,0.16666666666666669,0.16666666666666669,0.16666666666666669,0.16666666666666669,0.16666666666666669,0.16666666666666669
119,119.0,121.0,0.16666666666666669,0.16666666666666669,0.16666666666666669,0.16666666666666669,0.16666666666666669,0.16666666666666669
120,120.0,122.0,0.16666666666666669,0.16666666666666669,0.16666666666666669,0.16666666666666669,0.16666666666666669,0.16666666666666669
121,121.0,123.0,0.16666666666666669,0.16666666666666669,0.16666666666666669,0.16666666666666669,0.16666666666666669,0.16666666666666669
122,122.0,124.0,0.16666666666666669,0.16666666666666669,0.16666666666666669,0.16666666666666669,0.16666666666666669,0.16666666666666669
123,123.0,125.0,0.16666666666666669,0.16666666666666669,0.16666666666666669,0.16666666666666669,0.16666666666666669,0.16666666666666669
124,124.0,126.0,0.16666666666666669,0.16666666666666669,0.16666666666666669,0.16666666666666669,0.16666666666666669,0.16666666666666669
125,125.0,127.0,0.16666666666666669,0.16666666666666669,0.16666666666666669,0.16666666666666669,0.16666666666666669,0.16666666666666669
126,126.0,128.0,0.16666666666666669,0.16666666666666669,0.16666666666666669,0.16666666666666669,0.16666666666666669,0.16666666666666669
127,127.0,129.0,0.16666666666666669,0.16666666666666669,0.16666666666666669,0.16666666666666669,0.16666666666666669,0.16666666666666669
128,128.0,130.0,0.16666666666666669,0.16666666666666669,0.16666666666666669,0.16666666666666669,0.16666666666666669,0.16666666666666669
129,129.0,131.0,0.16666666666666669,0.16666666666666669,0.16666666666666669,0.16666666666666669,0.16666666666666669,0.16666666666666669
130,130.0,132.0,0.16666666666666669,0.16666666666666669,0.16666666666666669,0.16666666666666669,0.16666666666666669,0.16666666666666669
131,131.0,133.0,0.16666666666666669,0.16666666666666669,0.16666666666666669,0.16666666666666669,0.16666666666666669,0.16666666666666669
132,132.0,134.0,0.16666666666666669,0.16666666666666669,0.16666666666666669,0.16666666666666669,0.16666666666666669,0.16666666666666669
133,133.0,135.0,0.16666666666666669,0.16666666666666669,0.16666666666666669,0.16666666666666669,0.16666666666666669,0.16666666666666669
134,134.0,136.0,0.16666666666666669,0.16666666666666669,0.16666666666666669,0.16666666666666669,0.16666666666666669,0.16666666666666669
135,135.0,137.0,0.16666666666666669,0.16666666666666669,0.16666666666666669,0.16666666666666669,0.16666666666666669,0.16666666666666669
136,136.0,138.0,0.16666666666666669,0.16666666666666669,0.16666666666666669,0.16666666666666669,0.16666666666666669,0.16666666666666669
137,137.0,139.0,0.16666666666666669,0.16666666666666669,0.16666666666666669,0.16666666666666669,0.16666666666666669,0.16666666666666669
138,138.0,140.0,0.16666666666666669,0.16666666666666669,0.16666666666666669,0.16666666666666669,0.16666666666666669,0.16666666666666669
139,139.0,141.0,0.16666666666666669,0.16666666666666669,0.16666666666666669,0.16666666666666669,0.16666666666666669,0.16666666666666669
140,140.0,142.0,0.16666666666666669,0.16666666666666669,0.16666666666666669,0.16666666666666669,0.16666666666666669,0.16666666666666669
141,141.0,143.0,0.16666666666666669,0.16666666666666669,0.16666666666666669,0.16666666666666669,0.16666666666666669,0.16666666666666669
142,142.0,144.0,0.16666666666666669,0.16666666666666669,0.16666666666666669,0.16666666666666669,0.16666666666666669,0.16666666666666669
143,143.0,145.0,0.16666666666666669,0.16666666666666669,0.16666666666666669,0.16666666666666669,0.16666666666666669,0.16666666666666669
144,144.0,146.0,0.16666666666666669,0.16666666666666669,0.16666666666666669,0.16666666666666669,0.16666666666666669,0.16666666666666669
145,145.0,147.0,0.16666666666666669,0.16666666666666669,0.16666666666666669,0.16666666666666669,0.16666666666666669,0.16666666666666669
146,146.0,148.0,0.16666666666666669,0.16666666666666669,0.16666666666666669,0.16666666666666669,0.16666666666666669,0.16666666666666669
147,147.0,149.0,0.16666666666666669,0.16666666666666669,0.16666666666666669,0.16666666666666669,0.16666666666666669,0.16666666666666669
148,148.0,150.0,0.16666666666666669,0.16666666666666669,0.16666666666666669,0.16666666666666669,0.16666666666666669,0.16666666666666669
149,149.0,151.0,0.16666666666666669,0.16666666666666669,0.16666666666666669,0.16666666666666669,0.16666666666666669,0.16666666666666669
150,150.0,152.0,0.16666666666666669,0.16666666666666669,0.16666666666666669,0.16666666666666669,0.16666666666666669,0.16666666666666669
151,151.0,153.0,0.16666666666666669,0.16666666666666669,0.16666666666666669,0.16666666666666669,0.16666666666666669,0.16666666666666669
152,152.0,154.0,0.16666666666666669,0.16666666666666669,0.16666666666666669,0.16666666666666669,0.16666666666666669,0.16666666666666669
153,153.0,155.0,0.16666666666666669,0.16666666666666669,0.16666666666666669,0.16666666666666669,0.16666666666666669,0.16666666666666669
154,154.0,156.0,0.16666666666666669,0.16666666666666669,0.16666666666666669,0.16666666666666669,0.16666666666666669,0.16666666666666669
155,155.0,157.0,0.16666666666666669,0.16666666666666669,0.16666666666666669,0.16666666666666669,0.16666666666666669,0.16666666666666669
156,156.0,158.0,0.16666666666666669,0.16666666666666669,0.16666666666666669,0.16666666666666669,0.16666666666666669,0.16666666666666669
157,157.0,159.0,0.16666666666666669,0.16666666666666669,0.16666666666666669,0.16666666666666669,0.16666666666666669,0.16666666666666669
158,158.0,160.0,0.16666666666666669,0.16666666666666669,0.16666666666666669,0.16666666666666669,0.16666666666666669,0.16666666666666669
159,159.0,161.1,0.16666666666666669,0.16666666666666669,0.16666666666666669,0.16666666666666669,0.16666666666666669,0.16666666666666669
160,160.0,162.1,0.16666666666666669,0.16666666666666669,0.16666666666666669,0.16666666666666669,0.16666666666666669,0.16666666666666669
161,161.0,163.1,0.16666666666666669,0.16666666666666669,0.16666666666666669,0.16666666666666669,0.16666666666666669,0.16666666666666669
162,162.0,164.1,0.16666666666666669,0.16666666666666669,0.16666666666666669,0.16666666666666669,0.16666666666666669,0.16666666666666669
163,163.0,165.1,0.16666666666666669,0.16666666666666669,0.16666666666666669,0.16666666666666669,0.16666666666666669,0.16666666666666669
164,164.0,166.1,0.16666666666666669,0.16666666666666669,0.16666666666666669,0.16666666666666669,0.16666666666666669,0.16666666666666669
165,165.0,167.2,0.16666666666666669,0.16666666666666669,0.16666666666666669,0.16666666666666669,0.16666666666666669,0.16666666666666669
166,166.0,168.2,0.16666666666666669,0.16666666666666669,0.16666666666666669,0.16666666666666669,0.16666666666666669,0.16666666666666669
167,167.0,169.2,0.16666666666666669,0.16666666666666669,0.16666666666666669,0.16666666666666669,0.16666666666666669,0.16666666666666669
168,168.0,170.2,0.16666666666666669,0.16666666666666669,0.16666666666666669,0.16666666666666669,0.16666666666666669,0.16666666666666669
169,169.0,171.2,0.16666666666666669,0.16666666666666669,0.16666666666666669,0.16666666666666669,0.16666666666666669,0.16666666666666669
170,170.0,172.2,0.16666666666666669,0.16666666666666669,0.16666666666666669,0.16666666666666669,0.16666666666666669,0.16666666666666669
171,171.0,173.2,0.16666666666666669,0.16666666666666669,0.16666666666666669,0.16666666666666669,0.16666666666666669,0.16666666666666669
172,172.0,174.2,0.16666666666666669,0.16666666666666669,0.16666666666666669,0.16666666666666669,0.16666666666666669,0.16666666666666669
173,173.0,175.2,0.16666666666666669,0.16666666666666669,0.16666666666666669,0.16666666666666669,0.16666666666666669,0.16666666666666669
174,174.0,176.2,0.16666666666666669,0.16666666666666669,0.16666666666666669,0.16666666666666669,0.16666666666666669,0.16666666666666669
175,175.0,177.2,0.16666666666666669,0.16666666666666669,0.16666666666666669,0.16666666666666669,0.16666666666666669,0.16666666666666669
176,176.0,178.2,0.16666666666666669,0.16666666666666669,0.16666666666666669,0.16666666666666669,0.16666666666666669,0.16666666666666669
177,177.0,179.2,0.16666666666666669,0.16666666666666669,0.16666666666666669,0.16666666666666669,0.16666666666666669,0.16666666666666669
178,178.0,180.2,0.16666666666666669,0.16666666666666669,0.16666666666666669,0.16666666666666669,0.16666666666666669,0.16666666666666669
179,179.0,181.2,0.16666666666666669,0.16666666666666669,0.16666666666666669,0.16666666666666669,0.16666666666666669,0.16666666666666669
180,180.0,182.2,0.16666666666666669,0.16666666666666669,0.16666666666666669,0.16666666666666669,0.16666666666666669,0.16666666666666669
181,181.0,183.2,0.16666666666666669,0.16666666666666669,0.16666666666666669,0.16666666666666669,0.16666666666666669,0.16666666666666669
182,182.0,184.2,0.16666666666666669,0.16666666666666669,0.16666666666666669,0.16666666666666669,0.16666666666666669,0.16666666666666669
183,183.0,185.2,0.16666666666666669,0.16666666666666669,0.16666666666666669,0.16666666666666669,0.16666666666666669,0.16666666666666669
184,184.0,186.2,0.16666666666666669,0.16666666666666669,0.16666666666666669,0.16666666666666669,0.16666666666666669,0.16666666666666669
185,185.0,187.2,0.16666666666666669,0.16666666666666669,0.16666666666666669,0.16666666666666669,0.16666666666666669,0.16666666666666669
186,186.0,188.2,0.16666666666666669,0.16666666666666669,0.16666666666666669,0.16666666666666669,0.16666666666666669,0.16666666666666669
187,187.0,189.3,0.16666666666666669,0.16666666666666669,0.16666666666666669,0.16666666666666669,0.16666666666666669,0.16666666666666669
188,188.0,190.3,0.16666666666666669,0.16666666666666669,0.16666666666666669,0.16666666666666669,0.16666666666666669,0.16666666666666669
189,189.0,191.3,0.16666666666666669,0.16666666666666669,0.16666666666666669,0.16666666666666669,0.16666666666666669,0.16666666666666669
190,190.0,192.3,0.16666666666666669,0.16666666666666669,0.16666666666666669,0.16666666666666669,0.16666666666666669,0.16666666666666669
191,191.0,193.3,0.16666666666666669,0.16666666666666669,0.16666666666666669,0.16666666666666669,0.16666666666666669,0.16666666666666669
192,192.0,194.3,0.16666666666666669,0.16666666666666669,0.16666666666666669,0.16666666666666669,0.16666666666666669,0.16666666666666669
193,193.0,195.3,0.16666666666666669,0.16666666666666669,0.16666666666666669,0.16666666666666669,0.16666666666666669,0.16666666666666669
194,194.0,196.3,0.16666666666666669,0.16666666666666669,0.16666666666666669,0.16666666666666669,0.16666666666666669,0.16666666666666669
195,195.0,197.3,0.16666666666666669,0.16666666666666669,0.16666666666666669,0.16666666666666669,0.16666666666666669,0.16666666666666669
196,196.0,198.3,0.16666666666666669,0.16666666666666669,0.16666666666666669,0.16666666666666669,0.16666666666666669,0.16666666666666669
197,197.0,199.3,0.16666666666666669,0.16666666666666669,0.16666666666666669,0.16666666666666669,0.16666666666666669,0.16666666666666669
198,198.0,200.3,0.16666666666666669,0.16666666666666669,0.16666666666666669,0.16666666666666669,0.16666666666666669,0.16666666666666669
199,199.0,201.3,0.16666666666666669,0.16666666666666669,0.16666666666666669,0.16666666666666669,0.16666666666666669,0.16666666666666669
200,200.0,202.3,0.16683168316831684,0.16683168316831684,0.16683168316831684,0.16485148514851486,0.16782178217821783,0.16683168316831684
201,201.0,203.3,0.16445073078736447,0.16445073078736447,0.17873644507307876,0.1624705327675625,0.16544082979726546,0.16445073078736447
202,202.0,204.3,0.1602840641206978,0.1602840641206978,0.17278406412069783,0.1583038661008958,0.17377416313059882,0.1745697784064121
203,203.0,205.3,0.15710946094609463,0.15710946094609463,0.16822057205720573,0.15512926292629264,0.18032178217821784,0.18210946094609465
204,204.0,206.3,0.15710946094609463,0.15710946094609463,0.16822057205720573,0.15512926292629264,0.18032178217821784,0.18210946094609465
205,205.0,207.3,0.15710946094609463,0.15710946094609463,0.16822057205720573,0.15512926292629264,0.18032178217821784,0.18210946094609465
206,206.0,208.3,0.15710946094609463,0.15710946094609463,0.16822057205720573,0.15512926292629264,0.18032178217821784,0.18210946094609465
207,207.0,209.4,0.15472850856514225,0.15472850856514225,0.16583961967625332,0.15274831054534027,0.19222654408297973,0.17972850856514225
208,208.0,210.4,0.15472850856514225,0.16722850856514224,0.16583961967625332,0.15274831054534027,0.19222654408297973,0.16722850856514224
209,209.0,211.4,0.15294279427942797,0.16544279427942796,0.16405390539053905,0.150962596259626,0.20115511551155113,0.16544279427942796
210,210.0,212.4,0.1491729530095867,0.175958667295301,0.1602840641206978,0.1471927549897847,0.20571860757504323,0.16167295300958667
211,211.0,213.4,0.14516501650165017,0.17016501650165017,0.16516501650165016,0.1531848184818482,0.20865511551155116,0.15766501650165018
212,212.0,214.5,0.1437761276127613,0.17710946094609462,0.16377612761276128,0.15179592959295932,0.20726622662266228,0.1562761276127613
213,213.0,215.6,0.14266501650165017,0.17266501650165017,0.16266501650165016,0.1506848184818482,0.21615511551155117,0.1551650165016502
214,214.0,216.6,0.15084683468346835,0.16902865286528654,0.17175592559255926,0.14977572757275728,0.20433693369336936,0.15425592559255927
215,215.0,217.6,0.15675592559255927,0.1650892589258926,0.17645289528952895,0.1481090609060906,0.20100360036003603,0.1525892589258926
216,216.0,218.6,0.1550892589258926,0.16342259225922592,0.18008925892589261,0.14553330333033304,0.20494299429942994,0.1509225922592259
217,217.0,219.6,0.15369065752729122,0.15369065752729122,0.18317783701447068,0.14337712617415588,0.2082063975628332,0.15785732419395787
218,218.0,220.6,0.152500181336815,0.152500181336815,0.18583351467014833,0.14154562434265403,0.21095365031008595,0.15666684800348168
219,219.0,221.6,0.1520239908606245,0.1520239908606245,0.1820239908606245,0.14106943386646356,0.210001269357705,0.16285732419395788
220,220.0,222.6,0.15105787364450732,0.15105787364450732,0.18439120697784064,0.14669672324375294,0.20532178217821784,0.16147454031117398
221,221.0,223.6,0.1403435879302216,0.14867692126355495,0.1903435879302216,0.15860148514851485,0.20294082979726547,0.1590935879302216
222,222.0,224.7,0.1390615366481703,0.14675384434047803,0.18906153664817033,0.15796045950748921,0.20935108620752185,0.15781153664817033
223,223.0,225.7,0.1361769212635549,0.14331977840641205,0.18617692126355495,0.1538395803866101,0.22555987741631306,0.15492692126355495
224,224.0,226.7,0.13659358793022158,0.14373644507307873,0.18326025459688827,0.15425624705327676,0.233059877416313,0.1490935879302216
225,225.0,227.7,0.13659358793022158,0.14373644507307873,0.18326025459688827,0.15425624705327676,0.233059877416313,0.1490935879302216
226,226.0,228.7,0.13659358793022158,0.14373644507307873,0.18326025459688827,0.15425624705327676,0.233059877416313,0.1490935879302216
227,227.0,229.7,0.13659358793022158,0.14373644507307873,0.18326025459688827,0.15425624705327676,0.233059877416313,0.1490935879302216
228,228.0,230.7,0.14611739745403113,0.13897454031117396,0.1784983498349835,0.14949434229137198,0.24258368694012256,0.14433168316831682
229,229.0,231.7,0.1459983498349835,0.13885549269212633,0.1567126355492692,0.14937529467232435,0.2523455917020273,0.1567126355492692
230,230.0,232.7,0.1510716099082436,0.134478203314837,0.15986281869945235,0.15159141188844158,0.23121006056649618,0.17178589562252927
231,231.0,233.7,0.1488084846595485,0.13434273764061,0.15759969345075728,0.1513084846595485,0.2387428883173564,0.16919771127217936
232,232.0,234.7,0.14711545546651933,0.14300934880722113,0.17763493598599983,0.15052454637561022,0.22873123330570136,0.15298448005894813
233,233.0,235.7,0.15718557758031443,0.14008088402825244,0.17971007063112326,0.14809466848940533,0.2243853953064479,0.1505434039644566
234,234.0,236.7,0.16551891091364776,0.13869199513936356,0.1769322928533455,0.14670577960051645,0.22299650641755903,0.1491545150755677
235,235.0,237.7,0.16008928571428574,0.14580357142857142,0.1712202380952381,0.1442559523809524,0.2251190476190476,0.15351190476190474
236,236.0,238.7,0.16432194031458738,0.14442725166989873,0.17515123357035123,0.14324727968110323,0.2222721396250808,0.15058015513897866
237,237.0,239.7,0.16256944444444446,0.14322420634920635,0.17687500000000003,0.14237103174603177,0.21976190476190477,0.1551984126984127
238,238.0,240.7,0.16256944444444446,0.14322420634920635,0.17687500000000003,0.14237103174603177,0.21976190476190477,0.1551984126984127
239,239.0,241.8,0.16256944444444446,0.14322420634920635,0.18401785714285718,0.14237103174603177,0.21976190476190477,0.14805555555555555
240,240.0,242.8,0.17447420634920635,0.14084325396825395,0.18163690476190478,0.13999007936507937,0.2173809523809524,0.14567460317460315
241,241.0,243.8,0.17447420634920635,0.14084325396825395,0.18163690476190478,0.13999007936507937,0.2173809523809524,0.14567460317460315
242,242.0,244.8,0.17447420634920635,0.14084325396825395,0.18163690476190478,0.13999007936507937,0.2173809523809524,0.14567460317460315
243,243.0,245.8,0.18122139937357326,0.14821853267505442,0.19229694218824653,0.13190210755428147,0.19831342570473004,0.14804759250411423
244,244.0,246.8,0.17234472049689442,0.13878019323671495,0.2028830227743271,0.13246376811594202,0.19887508626639058,0.15465320910973085
245,245.0,247.8,0.1571066252587992,0.14497066942719114,0.20050207039337473,0.13198757763975155,0.2126846100759144,0.1527484472049689
246,246.0,248.8,0.15473611565144743,0.15618711634157856,0.19587501362100904,0.1351726235879554,0.20735879553957362,0.15067033525843593
247,247.0,249.8,0.15198757763975154,0.16883540372670808,0.20096273291925465,0.1335351966873706,0.19538302277432712,0.14929606625258798
248,248.0,250.8,0.1662408243929983,0.16971202710333141,0.20820299265951442,0.12191182006399395,0.18375964615095047,0.15017268962921135
249,249.0,251.8,0.17516939582156973,0.18042631281761715,0.20641727837380008,0.12012610577827967,0.1694739318652362,0.14838697534349707
250,250.0,252.8,0.17516939582156973,0.18042631281761715,0.20641727837380008,0.12012610577827967,0.1694739318652362,0.14838697534349707
251,251.0,253.8,0.18032091097308486,0.1891131815044858,0.19485162180814355,0.11492408557625948,0.17260524499654933,0.14818495514147687
252,252.0,254.8,0.17487219302436693,0.19755335244465677,0.19025760471412642,0.11289417104634496,0.17826763815894248,0.14615504061156231
253,253.0,255.8,0.17377329192546584,0.19645445134575568,0.1946532091097308,0.1123447204968944,0.17716873706004138,0.14560559006211177
254,254.0,256.8,0.17194371799062874,0.180631560786023,0.19729314227597977,0.13112500454033632,0.17416957248192946,0.14483700192510257
255,255.0,257.8,0.17194371799062874,0.180631560786023,0.19729314227597977,0.13112500454033632,0.17416957248192946,0.14483700192510257
256,256.0,258.8,0.1711103846572954,0.17979822745268967,0.1953633177145763,0.13070833787366967,0.17859939704333297,0.14442033525843592
257,257.0,259.8,0.17037509053964833,0.1790629333350426,0.19830449418516452,0.13034069081484614,0.17786410292568589,0.1440526881996124
258,258.0,260.8,0.16858937625393405,0.17727721904932833,0.19651877989945024,0.12676926224341756,0.18857838863997162,0.14226697391389811
259,259.0,261.8,0.16720048736504517,0.18699944127155052,0.19512989101056136,0.12399148446563979,0.18580061086219382,0.14087808502500923
260,260.0,262.8,0.16654689259380334,0.1863458465003087,0.1977442700955287,0.12366468708001888,0.185147016090952,0.14055128763938832
261,261.0,263.8,0.16654689259380334,0.1863458465003087,0.1977442700955287,0.12366468708001888,0.185147016090952,0.14055128763938832
262,262.0,264.8,0.16654689259380334,0.1863458465003087,0.1977442700955287,0.12366468708001888,0.185147016090952,0.14055128763938832
263,263.0,265.8,0.16654689259380334,0.1863458465003087,0.1977442700955287,0.12366468708001888,0.185147016090952,0.14055128763938832
264,264.0,266.8,0.16654689259380334,0.1863458465003087,0.1977442700955287,0.12366468708001888,0.185147016090952,0.14055128763938832
265,265.0,267.8,0.16793578148269223,0.1766236242780865,0.19913315898441758,0.11394246485779665,0.2004247938687298,0.1419401765282772
266,266.0,268.8,0.16793578148269223,0.1766236242780865,0.19913315898441758,0.11394246485779665,0.2004247938687298,0.1419401765282772
267,267.0,269.8,0.16793578148269223,0.1766236242780865,0.19913315898441758,0.11394246485779665,0.2004247938687298,0.1419401765282772
268,268.0,270.9,0.16793578148269223,0.1766236242780865,0.19913315898441758,0.11394246485779665,0.2004247938687298,0.1419401765282772
269,269.0,271.9,0.16793578148269223,0.1766236242780865,0.19913315898441758,0.11394246485779665,0.2004247938687298,0.1419401765282772
270,270.0,272.9,0.1697214957684065,0.17840933856380078,0.21520458755584615,0.11572817914351093,0.17721050815444406,0.14372589081399148
271,271.0,273.9,0.16793578148269223,0.1766236242780865,0.2116331589844176,0.11394246485779665,0.17542479386872978,0.15444017652827718
272,272.0,274.9,0.16131813442386872,0.18699944127155052,0.21212335506284896,0.11288037335452868,0.17468949975108272,0.15198919613612033
273,273.0,275.9,0.16131813442386872,0.18699944127155052,0.21212335506284896,0.11288037335452868,0.17468949975108272,0.15198919613612033
274,274.0,276.9,0.16131813442386872,0.18699944127155052,0.21212335506284896,0.11288037335452868,0.17468949975108272,0.15198919613612033
275,275.0,277.9,0.16168578148269225,0.18148473538919757,0.20954982565108424,0.1194980204133522,0.1754247938687298,0.15235684319494386
276,276.0,278.9,0.16168578148269225,0.18148473538919757,0.20954982565108424,0.1194980204133522,0.1754247938687298,0.15235684319494386
277,277.0,279.9,0.16168578148269225,0.18148473538919757,0.20954982565108424,0.1194980204133522,0.1754247938687298,0.15235684319494386
278,278.0,280.9,0.16131813442386872,0.18111708833037407,0.21212335506284896,0.11876272629570514,0.17468949975108272,0.15198919613612033
279,279.0,281.9,0.1609913370382478,0.18079029094475316,0.21441093676219536,0.11810913152446331,0.1740359049798409,0.15166239875049942
280,280.0,282.9,0.1606989393774291,0.18049789328393445,0.21645772038792638,0.1175243362028259,0.17345110965820348,0.1513700010896807
281,281.0,284.0,0.1606989393774291,0.18049789328393445,0.21645772038792638,0.1175243362028259,0.17345110965820348,0.1513700010896807
282,282.0,285.0,0.1606989393774291,0.18049789328393445,0.21645772038792638,0.1175243362028259,0.17345110965820348,0.1513700010896807
283,283.0,286.0,0.1606989393774291,0.18049789328393445,0.21645772038792638,0.1175243362028259,0.17345110965820348,0.1513700010896807
284,284.0,287.0,0.1606989393774291,0.18049789328393445,0.21645772038792638,0.1175243362028259,0.17345110965820348,0.1513700010896807
285,285.0,288.0,0.1606989393774291,0.18049789328393445,0.21645772038792638,0.1175243362028259,0.17345110965820348,0.1513700010896807
286,286.0,289.0,0.1606989393774291,0.18049789328393445,0.21645772038792638,0.1175243362028259,0.17345110965820348,0.1513700010896807
287,287.0,290.0,0.1606989393774291,0.18049789328393445,0.21645772038792638,0.1175243362028259,0.17345110965820348,0.1513700010896807
288,288.0,291.0,0.1606989393774291,0.18049789328393445,0.21645772038792638,0.1175243362028259,0.17345110965820348,0.1513700010896807
289,289.0,292.0,0.16131813442386872,0.18699944127155052,0.20624100212167246,0.11876272629570514,0.17468949975108272,0.15198919613612033
290,290.0,293.0,0.1609913370382478,0.19190140205586428,0.20329982565108423,0.11810913152446331,0.1740359049798409,0.15166239875049942
291,291.0,294.0,0.1609913370382478,0.19190140205586428,0.20329982565108423,0.11810913152446331,0.1740359049798409,0.15166239875049942
292,292.0,295.1,0.1609913370382478,0.19190140205586428,0.20329982565108423,0.11810913152446331,0.1740359049798409,0.15166239875049942
293,293.0,296.1,0.1609913370382478,0.19190140205586428,0.20329982565108423,0.11810913152446331,0.1740359049798409,0.15166239875049942
294,294.0,297.1,0.16168578148269225,0.20023473538919762,0.19079982565108422,0.1194980204133522,0.1754247938687298,0.15235684319494386
295,295.0,298.1,0.1773895629952973,0.18143221438079424,0.19037965758385733,0.12054844058141945,0.17647521403679703,0.1537749104218346
