,Unnamed: 0,Total_iterations,Intertwine_two,Add_vertex,Delete_vertex,Invert_path_vertices,Insert_inside_vertex,Delete_inside_vertex
0,0.0,0.0,0.16666666666666669,0.16666666666666669,0.16666666666666669,0.16666666666666669,0.16666666666666669,0.16666666666666669
1,1.0,0.10900000000000001,0.16666666666666669,0.16666666666666669,0.16666666666666669,0.16666666666666669,0.16666666666666669,0.16666666666666669
2,2.0,0.31601,0.16666666666666669,0.16666666666666669,0.16666666666666669,0.16666666666666669,0.16666666666666669,0.16666666666666669
3,3.0,0.6191589000000001,0.16666666666666669,0.16666666666666669,0.16666666666666669,0.16666666666666669,0.16666666666666669,0.16666666666666669
4,4.0,1.015801321,0.16666666666666669,0.16666666666666669,0.16666666666666669,0.16666666666666669,0.16666666666666669,0.16666666666666669
5,5.0,1.50262148669,0.16666666666666669,0.16666666666666669,0.16666666666666669,0.16666666666666669,0.16666666666666669,0.16666666666666669
6,6.0,2.0757334209441005,0.16666666666666669,0.16666666666666669,0.16666666666666669,0.16666666666666669,0.16666666666666669,0.16666666666666669
7,7.0,2.7307768275633495,0.16666666666666669,0.16666666666666669,0.16666666666666669,0.16666666666666669,0.16666666666666669,0.16666666666666669
8,8.0,3.4630081252450404,0.16666666666666669,0.16666666666666669,0.16666666666666669,0.16666666666666669,0.16666666666666669,0.16666666666666669
9,9.0,4.2673862119061114,0.16666666666666669,0.16666666666666669,0.16666666666666669,0.16666666666666669,0.16666666666666669,0.16666666666666669
10,10.0,5.138652627782014,0.16666666666666669,0.16666666666666669,0.16666666666666669,0.16666666666666669,0.16666666666666669,0.16666666666666669
11,11.0,6.071405875792507,0.16666666666666669,0.16666666666666669,0.16666666666666669,0.16666666666666669,0.16666666666666669,0.16666666666666669
12,12.0,7.060169740244025,0.16666666666666669,0.16666666666666669,0.16666666666666669,0.16666666666666669,0.16666666666666669,0.16666666666666669
13,13.0,8.099455520847952,0.16666666666666669,0.16666666666666669,0.16666666666666669,0.16666666666666669,0.16666666666666669,0.16666666666666669
14,14.0,9.183818168183006,0.16666666666666669,0.16666666666666669,0.16666666666666669,0.16666666666666669,0.16666666666666669,0.16666666666666669
15,15.0,10.307906369102724,0.16666666666666669,0.16666666666666669,0.16666666666666669,0.16666666666666669,0.16666666666666669,0.16666666666666669
16,16.0,11.466506686239443,0.16666666666666669,0.16666666666666669,0.16666666666666669,0.16666666666666669,0.16666666666666669,0.16666666666666669
17,17.0,12.654581904800096,0.16666666666666669,0.16666666666666669,0.16666666666666669,0.16666666666666669,0.16666666666666669,0.16666666666666669
18,18.0,13.867303782456686,0.16666666666666669,0.16666666666666669,0.16666666666666669,0.16666666666666669,0.16666666666666669,0.16666666666666669
19,19.0,15.100080434523047,0.16666666666666669,0.16666666666666669,0.16666666666666669,0.16666666666666669,0.16666666666666669,0.16666666666666669
20,20.0,16.348578617037543,0.16666666666666669,0.16666666666666669,0.16666666666666669,0.16666666666666669,0.16666666666666669,0.16666666666666669
21,21.0,17.608741195130214,0.16666666666666669,0.16666666666666669,0.16666666666666669,0.16666666666666669,0.16666666666666669,0.16666666666666669
22,22.0,18.876800103462312,0.16666666666666669,0.16666666666666669,0.16666666666666669,0.16666666666666669,0.16666666666666669,0.16666666666666669
23,23.0,20.14928511992658,0.16666666666666669,0.16666666666666669,0.16666666666666669,0.16666666666666669,0.16666666666666669,0.16666666666666669
24,24.0,21.423028783545156,0.16666666666666669,0.16666666666666669,0.16666666666666669,0.16666666666666669,0.16666666666666669,0.16666666666666669
25,25.0,22.695167792966423,0.16666666666666669,0.16666666666666669,0.16666666666666669,0.16666666666666669,0.16666666666666669,0.16666666666666669
26,26.0,23.963141223515898,0.16666666666666669,0.16666666666666669,0.16666666666666669,0.16666666666666669,0.16666666666666669,0.16666666666666669
27,27.0,25.224685898775267,0.16666666666666669,0.16666666666666669,0.16666666666666669,0.16666666666666669,0.16666666666666669,0.16666666666666669
28,28.0,26.477829247520948,0.16666666666666669,0.16666666666666669,0.16666666666666669,0.16666666666666669,0.16666666666666669,0.16666666666666669
29,29.0,27.73087996891685,0.16666666666666669,0.16666666666666669,0.16666666666666669,0.16666666666666669,0.16666666666666669,0.16666666666666669
30,30.0,28.972316818483993,0.16666666666666669,0.16666666666666669,0.16666666666666669,0.16666666666666669,0.16666666666666669,0.16666666666666669
31,31.0,30.20088681490958,0.16666666666666669,0.16666666666666669,0.16666666666666669,0.16666666666666669,0.16666666666666669,0.16666666666666669
32,32.0,31.415590943543513,0.16666666666666669,0.16666666666666669,0.16666666666666669,0.16666666666666669,0.16666666666666669,0.16666666666666669
33,33.0,32.61566874987862,0.16666666666666669,0.16666666666666669,0.16666666666666669,0.16666666666666669,0.16666666666666669,0.16666666666666669
34,34.0,33.800582088081434,0.16666666666666669,0.16666666666666669,0.16666666666666669,0.16666666666666669,0.16666666666666669,0.16666666666666669
35,35.0,34.97999827158315,0.16666666666666669,0.16666666666666669,0.16666666666666669,0.16666666666666669,0.16666666666666669,0.16666666666666669
36,36.0,36.14367285401886,0.16666666666666669,0.16666666666666669,0.16666666666666669,0.16666666666666669,0.16666666666666669,0.16666666666666669
37,37.0,37.30154324967081,0.16666666666666669,0.16666666666666669,0.16666666666666669,0.16666666666666669,0.16666666666666669,0.16666666666666669
38,38.0,38.443611173260855,0.16666666666666669,0.16666666666666669,0.16666666666666669,0.16666666666666669,0.16666666666666669,0.16666666666666669
39,39.0,39.57003619275929,0.16666666666666669,0.16666666666666669,0.16666666666666669,0.16666666666666669,0.16666666666666669,0.16666666666666669
40,40.0,40.68111834838029,0.16666666666666669,0.16666666666666669,0.16666666666666669,0.16666666666666669,0.16666666666666669,0.16666666666666669
41,41.0,41.78728110495538,0.16666666666666669,0.16666666666666669,0.16666666666666669,0.16666666666666669,0.16666666666666669,0.16666666666666669
42,42.0,42.87895477482342,0.16666666666666669,0.16666666666666669,0.16666666666666669,0.16666666666666669,0.16666666666666669,0.16666666666666669
43,43.0,43.95667152995641,0.16666666666666669,0.16666666666666669,0.16666666666666669,0.16666666666666669,0.16666666666666669,0.16666666666666669
44,44.0,45.03104989427654,0.16666666666666669,0.16666666666666669,0.16666666666666669,0.16666666666666669,0.16666666666666669,0.16666666666666669
45,45.0,46.092679923221894,0.16666666666666669,0.16666666666666669,0.16666666666666669,0.16666666666666669,0.16666666666666669,0.16666666666666669
46,46.0,47.15222015004049,0.16666666666666669,0.16666666666666669,0.16666666666666669,0.16666666666666669,0.16666666666666669,0.16666666666666669
47,47.0,48.20028415267682,0.16666666666666669,0.16666666666666669,0.16666666666666669,0.16666666666666669,0.16666666666666669,0.16666666666666669
48,48.0,49.237538913522755,0.16666666666666669,0.16666666666666669,0.16666666666666669,0.16666666666666669,0.16666666666666669,0.16666666666666669
49,49.0,50.27469280914887,0.16666666666666669,0.16666666666666669,0.16666666666666669,0.16666666666666669,0.16666666666666669,0.16666666666666669
50,50.0,51.30238438712088,0.16666666666666669,0.16666666666666669,0.16666666666666669,0.16666666666666669,0.16666666666666669,0.16666666666666669
51,51.0,52.331282963424485,0.16666666666666669,0.16666666666666669,0.16666666666666669,0.16666666666666669,0.16666666666666669,0.16666666666666669
52,52.0,53.35197885246349,0.16666666666666669,0.16666666666666669,0.16666666666666669,0.16666666666666669,0.16666666666666669,0.16666666666666669
53,53.0,54.365085364073956,0.16666666666666669,0.16666666666666669,0.16666666666666669,0.16666666666666669,0.16666666666666669,0.16666666666666669
54,54.0,55.37123037088263,0.16666666666666669,0.16666666666666669,0.16666666666666669,0.16666666666666669,0.16666666666666669,0.16666666666666669
55,55.0,56.38104857330161,0.16666666666666669,0.16666666666666669,0.16666666666666669,0.16666666666666669,0.16666666666666669,0.16666666666666669
56,56.0,57.38507446974568,0.16666666666666669,0.16666666666666669,0.16666666666666669,0.16666666666666669,0.16666666666666669,0.16666666666666669
57,57.0,58.383847031847885,0.16666666666666669,0.16666666666666669,0.16666666666666669,0.16666666666666669,0.16666666666666669,0.16666666666666669
58,58.0,59.387903867421386,0.16666666666666669,0.16666666666666669,0.16666666666666669,0.16666666666666669,0.16666666666666669,0.16666666666666669
59,59.0,60.387675980763326,0.16666666666666669,0.16666666666666669,0.16666666666666669,0.16666666666666669,0.16666666666666669,0.16666666666666669
60,60.0,61.383594122963444,0.16666666666666669,0.16666666666666669,0.16666666666666669,0.16666666666666669,0.16666666666666669,0.16666666666666669
61,61.0,62.37608450971391,0.16666666666666669,0.16666666666666669,0.16666666666666669,0.16666666666666669,0.16666666666666669,0.16666666666666669
62,62.0,63.3655650126922,0.16666666666666669,0.16666666666666669,0.16666666666666669,0.16666666666666669,0.16666666666666669,0.16666666666666669
63,63.0,64.36244181524573,0.16666666666666669,0.16666666666666669,0.16666666666666669,0.16666666666666669,0.16666666666666669,0.16666666666666669
64,64.0,65.35700651939146,0.16666666666666669,0.16666666666666669,0.16666666666666669,0.16666666666666669,0.16666666666666669,0.16666666666666669
65,65.0,66.3495446879287,0.16666666666666669,0.16666666666666669,0.16666666666666669,0.16666666666666669,0.16666666666666669,0.16666666666666669
66,66.0,67.34033359273292,0.16666666666666669,0.16666666666666669,0.16666666666666669,0.16666666666666669,0.16666666666666669,0.16666666666666669
67,67.0,68.32964027112938,0.16666666666666669,0.16666666666666669,0.16666666666666669,0.16666666666666669,0.16666666666666669,0.16666666666666669
68,68.0,69.31771987897491,0.16666666666666669,0.16666666666666669,0.16666666666666669,0.16666666666666669,0.16666666666666669,0.16666666666666669
69,69.0,70.30481432724615,0.16666666666666669,0.16666666666666669,0.16666666666666669,0.16666666666666669,0.16666666666666669,0.16666666666666669
70,70.0,71.2911511874178,0.16666666666666669,0.16666666666666669,0.16666666666666669,0.16666666666666669,0.16666666666666669,0.16666666666666669
71,71.0,72.2769428496981,0.16666666666666669,0.16666666666666669,0.16666666666666669,0.16666666666666669,0.16666666666666669,0.16666666666666669
72,72.0,73.2623859172534,0.16666666666666669,0.16666666666666669,0.16666666666666669,0.16666666666666669,0.16666666666666669,0.16666666666666669
73,73.0,74.24766081888063,0.16666666666666669,0.16666666666666669,0.16666666666666669,0.16666666666666669,0.16666666666666669,0.16666666666666669
74,74.0,75.23293162215634,0.16666666666666669,0.16666666666666669,0.16666666666666669,0.16666666666666669,0.16666666666666669,0.16666666666666669
75,75.0,76.2183460288829,0.16666666666666669,0.16666666666666669,0.16666666666666669,0.16666666666666669,0.16666666666666669,0.16666666666666669
76,76.0,77.20403553464799,0.16666666666666669,0.16666666666666669,0.16666666666666669,0.16666666666666669,0.16666666666666669,0.16666666666666669
77,77.0,78.20011573449008,0.16666666666666669,0.16666666666666669,0.16666666666666669,0.16666666666666669,0.16666666666666669,0.16666666666666669
78,78.0,79.20658675700307,0.16666666666666669,0.16666666666666669,0.16666666666666669,0.16666666666666669,0.16666666666666669,0.16666666666666669
79,79.0,80.21334480969472,0.16666666666666669,0.16666666666666669,0.16666666666666669,0.16666666666666669,0.16666666666666669,0.16666666666666669
80,80.0,81.22029360902026,0.16666666666666669,0.16666666666666669,0.16666666666666669,0.16666666666666669,0.16666666666666669,0.16666666666666669
81,81.0,82.22734459232305,0.16666666666666669,0.16666666666666669,0.16666666666666669,0.16666666666666669,0.16666666666666669,0.16666666666666669
82,82.0,83.23441703137232,0.16666666666666669,0.16666666666666669,0.16666666666666669,0.16666666666666669,0.16666666666666669,0.16666666666666669
83,83.0,84.24143805620295,0.16666666666666669,0.16666666666666669,0.16666666666666669,0.16666666666666669,0.16666666666666669,0.16666666666666669
84,84.0,85.24834259798848,0.16666666666666669,0.16666666666666669,0.16666666666666669,0.16666666666666669,0.16666666666666669,0.16666666666666669
85,85.0,86.25507325961557,0.16666666666666669,0.16666666666666669,0.16666666666666669,0.16666666666666669,0.16666666666666669,0.16666666666666669
86,86.0,87.2615801224838,0.16666666666666669,0.16666666666666669,0.16666666666666669,0.16666666666666669,0.16666666666666669,0.16666666666666669
87,87.0,88.26782049784038,0.16666666666666669,0.16666666666666669,0.16666666666666669,0.16666666666666669,0.16666666666666669,0.16666666666666669
88,88.0,89.27375863068289,0.16666666666666669,0.16666666666666669,0.16666666666666669,0.16666666666666669,0.16666666666666669,0.16666666666666669
89,89.0,90.27936536393433,0.16666666666666669,0.16666666666666669,0.16666666666666669,0.16666666666666669,0.16666666666666669,0.16666666666666669
90,90.0,91.28461777022127,0.16666666666666669,0.16666666666666669,0.16666666666666669,0.16666666666666669,0.16666666666666669,0.16666666666666669
91,91.0,92.28949875817732,0.16666666666666669,0.16666666666666669,0.16666666666666669,0.16666666666666669,0.16666666666666669,0.16666666666666669
92,92.0,93.29399665975598,0.16666666666666669,0.16666666666666669,0.16666666666666669,0.16666666666666669,0.16666666666666669,0.16666666666666669
93,93.0,94.31810480457922,0.16666666666666669,0.16666666666666669,0.16666666666666669,0.16666666666666669,0.16666666666666669,0.16666666666666669
94,94.0,95.34162108687434,0.16666666666666669,0.16666666666666669,0.16666666666666669,0.16666666666666669,0.16666666666666669,0.16666666666666669
95,95.0,96.3643695300712,0.16666666666666669,0.16666666666666669,0.16666666666666669,0.16666666666666669,0.16666666666666669,0.16666666666666669
96,96.0,97.38619943364768,0.16666666666666669,0.16666666666666669,0.16666666666666669,0.16666666666666669,0.16666666666666669,0.16666666666666669
97,97.0,98.41698435253001,0.16666666666666669,0.16666666666666669,0.16666666666666669,0.16666666666666669,0.16666666666666669,0.16666666666666669
98,98.0,99.44652093599882,0.16666666666666669,0.16666666666666669,0.16666666666666669,0.16666666666666669,0.16666666666666669,0.16666666666666669
99,99.0,100.47463865176076,0.16666666666666669,0.16666666666666669,0.16666666666666669,0.16666666666666669,0.16666666666666669,0.16666666666666669
100,100.0,101.50119820942889,0.16666666666666669,0.16666666666666669,0.16666666666666669,0.16666666666666669,0.16666666666666669,0.16666666666666669
101,101.0,102.52608982923594,0.16666666666666669,0.16666666666666669,0.16666666666666669,0.16666666666666669,0.16666666666666669,0.16666666666666669
102,102.0,103.54923138876993,0.16666666666666669,0.16666666666666669,0.16666666666666669,0.16666666666666669,0.16666666666666669,0.16666666666666669
103,103.0,104.5805664784628,0.16666666666666669,0.16666666666666669,0.16666666666666669,0.16666666666666669,0.16666666666666669,0.16666666666666669
104,104.0,105.60996239440175,0.16666666666666669,0.16666666666666669,0.16666666666666669,0.16666666666666669,0.16666666666666669,0.16666666666666669
105,105.0,106.63731909480279,0.16666666666666669,0.16666666666666669,0.16666666666666669,0.16666666666666669,0.16666666666666669,0.16666666666666669
106,106.0,107.6625669342157,0.16666666666666669,0.16666666666666669,0.16666666666666669,0.16666666666666669,0.16666666666666669,0.16666666666666669
107,107.0,108.69566432034517,0.16666666666666669,0.16666666666666669,0.16666666666666669,0.16666666666666669,0.16666666666666669,0.16666666666666669
108,108.0,109.73649532465825,0.16666666666666669,0.16666666666666669,0.16666666666666669,0.16666666666666669,0.16666666666666669,0.16666666666666669
109,109.0,110.77487827529343,0.16666666666666669,0.16666666666666669,0.16666666666666669,0.16666666666666669,0.16666666666666669,0.16666666666666669
110,110.0,111.81067414811216,0.16666666666666669,0.16666666666666669,0.16666666666666669,0.16666666666666669,0.16666666666666669,0.16666666666666669
111,111.0,112.84378369216789,0.16666666666666669,0.16666666666666669,0.16666666666666669,0.16666666666666669,0.16666666666666669,0.16666666666666669
112,112.0,113.87414444489637,0.16666666666666669,0.16666666666666669,0.16666666666666669,0.16666666666666669,0.16666666666666669,0.16666666666666669
113,113.0,114.90172767790304,0.16666666666666669,0.16666666666666669,0.16666666666666669,0.16666666666666669,0.16666666666666669,0.16666666666666669
114,114.0,115.92653531083002,0.16666666666666669,0.16666666666666669,0.16666666666666669,0.16666666666666669,0.16666666666666669,0.16666666666666669
115,115.0,116.948596827356,0.16666666666666669,0.16666666666666669,0.16666666666666669,0.16666666666666669,0.16666666666666669,0.16666666666666669
116,116.0,117.96796622395583,0.16666666666666669,0.16666666666666669,0.16666666666666669,0.16666666666666669,0.16666666666666669,0.16666666666666669
117,117.0,118.98471901865611,0.16666666666666669,0.16666666666666669,0.16666666666666669,0.16666666666666669,0.16666666666666669,0.16666666666666669
118,118.0,119.99894934369979,0.16666666666666669,0.16666666666666669,0.16666666666666669,0.16666666666666669,0.16666666666666669,0.16666666666666669
119,119.0,121.02076714280213,0.16666666666666669,0.16666666666666669,0.16666666666666669,0.16666666666666669,0.16666666666666669,0.16666666666666669
120,120.0,122.04019549056619,0.16666666666666669,0.16666666666666669,0.16666666666666669,0.16666666666666669,0.16666666666666669,0.16666666666666669
121,121.0,123.05727904864818,0.16666666666666669,0.16666666666666669,0.16666666666666669,0.16666666666666669,0.16666666666666669,0.16666666666666669
122,122.0,124.07208146043551,0.16666666666666669,0.16666666666666669,0.16666666666666669,0.16666666666666669,0.16666666666666669,0.16666666666666669
123,123.0,125.08468281643974,0.16666666666666669,0.16666666666666669,0.16666666666666669,0.16666666666666669,0.16666666666666669,0.16666666666666669
124,124.0,126.09517720867916,0.16666666666666669,0.16666666666666669,0.16666666666666669,0.16666666666666669,0.16666666666666669,0.16666666666666669
125,125.0,127.10367038960784,0.16666666666666669,0.16666666666666669,0.16666666666666669,0.16666666666666669,0.16666666666666669,0.16666666666666669
126,126.0,128.1102775485476,0.16666666666666669,0.16666666666666669,0.16666666666666669,0.16666666666666669,0.16666666666666669,0.16666666666666669
127,127.0,129.1151212161079,0.16666666666666669,0.16666666666666669,0.16666666666666669,0.16666666666666669,0.16666666666666669,0.16666666666666669
128,128.0,130.11832930475106,0.16666666666666669,0.16666666666666669,0.16666666666666669,0.16666666666666669,0.16666666666666669,0.16666666666666669
129,129.0,131.1200332914824,0.16666666666666669,0.16666666666666669,0.16666666666666669,0.16666666666666669,0.16666666666666669,0.16666666666666669
130,130.0,132.1203665466258,0.16666666666666669,0.16666666666666669,0.16666666666666669,0.16666666666666669,0.16666666666666669,0.16666666666666669
131,131.0,133.11946281078858,0.16666666666666669,0.16666666666666669,0.16666666666666669,0.16666666666666669,0.16666666666666669,0.16666666666666669
132,132.0,134.1174548204272,0.16666666666666669,0.16666666666666669,0.16666666666666669,0.16666666666666669,0.16666666666666669,0.16666666666666669
133,133.0,135.1144730808977,0.16666666666666669,0.16666666666666669,0.16666666666666669,0.16666666666666669,0.16666666666666669,0.16666666666666669
134,134.0,136.11064478451217,0.16666666666666669,0.16666666666666669,0.16666666666666669,0.16666666666666669,0.16666666666666669,0.16666666666666669
135,135.0,137.10609286992008,0.16666666666666669,0.16666666666666669,0.16666666666666669,0.16666666666666669,0.16666666666666669,0.16666666666666669
136,136.0,138.10093521808798,0.16666666666666669,0.16666666666666669,0.16666666666666669,0.16666666666666669,0.16666666666666669,0.16666666666666669
137,137.0,139.09528397925823,0.16666666666666669,0.16666666666666669,0.16666666666666669,0.16666666666666669,0.16666666666666669,0.16666666666666669
138,138.0,140.08924502451885,0.16666666666666669,0.16666666666666669,0.16666666666666669,0.16666666666666669,0.16666666666666669,0.16666666666666669
139,139.0,141.08291751500823,0.16666666666666669,0.16666666666666669,0.16666666666666669,0.16666666666666669,0.16666666666666669,0.16666666666666669
140,140.0,142.0763935812986,0.16666666666666669,0.16666666666666669,0.16666666666666669,0.16666666666666669,0.16666666666666669,0.16666666666666669
141,141.0,143.06975810514695,0.16666666666666669,0.16666666666666669,0.16666666666666669,0.16666666666666669,0.16666666666666669,0.16666666666666669
142,142.0,144.063088595559,0.16666666666666669,0.16666666666666669,0.16666666666666669,0.16666666666666669,0.16666666666666669,0.16666666666666669
143,143.0,145.05645515097424,0.16666666666666669,0.16666666666666669,0.16666666666666669,0.16666666666666669,0.16666666666666669,0.16666666666666669
144,144.0,146.0499204993382,0.16666666666666669,0.16666666666666669,0.16666666666666669,0.16666666666666669,0.16666666666666669,0.16666666666666669
145,145.0,147.04354010787242,0.16666666666666669,0.16666666666666669,0.16666666666666669,0.16666666666666669,0.16666666666666669,0.16666666666666669
146,146.0,148.03736235447448,0.16666666666666669,0.16666666666666669,0.16666666666666669,0.16666666666666669,0.16666666666666669,0.16666666666666669
147,147.0,149.0314287528716,0.16666666666666669,0.16666666666666669,0.16666666666666669,0.16666666666666669,0.16666666666666669,0.16666666666666669
148,148.0,150.02577422390027,0.16666666666666669,0.16666666666666669,0.16666666666666669,0.16666666666666669,0.16666666666666669,0.16666666666666669
149,149.0,151.02042740558707,0.16666666666666669,0.16666666666666669,0.16666666666666669,0.16666666666666669,0.16666666666666669,0.16666666666666669
150,150.0,152.01541099504934,0.16666666666666669,0.16666666666666669,0.16666666666666669,0.16666666666666669,0.16666666666666669,0.16666666666666669
151,151.0,153.01074211561487,0.16666666666666669,0.16666666666666669,0.16666666666666669,0.16666666666666669,0.16666666666666669,0.16666666666666669
152,152.0,154.00643270296771,0.16666666666666669,0.16666666666666669,0.16666666666666669,0.16666666666666669,0.16666666666666669,0.16666666666666669
153,153.0,155.0024899045556,0.16666666666666669,0.16666666666666669,0.16666666666666669,0.16666666666666669,0.16666666666666669,0.16666666666666669
154,154.0,155.99891648693912,0.16666666666666669,0.16666666666666669,0.16666666666666669,0.16666666666666669,0.16666666666666669,0.16666666666666669
155,155.0,156.9957112462149,0.16666666666666669,0.16666666666666669,0.16666666666666669,0.16666666666666669,0.16666666666666669,0.16666666666666669
156,156.0,157.992869417101,0.16666666666666669,0.16666666666666669,0.16666666666666669,0.16666666666666669,0.16666666666666669,0.16666666666666669
157,157.0,158.99038307672743,0.16666666666666669,0.16666666666666669,0.16666666666666669,0.16666666666666669,0.16666666666666669,0.16666666666666669
158,158.0,159.98824153962394,0.16666666666666669,0.16666666666666669,0.16666666666666669,0.16666666666666669,0.16666666666666669,0.16666666666666669
159,159.0,160.99643174083457,0.16666666666666669,0.16666666666666669,0.16666666666666669,0.16666666666666669,0.16666666666666669,0.16666666666666669
160,160.0,162.00483860451578,0.16666666666666669,0.16666666666666669,0.16666666666666669,0.16666666666666669,0.16666666666666669,0.16666666666666669
161,161.0,163.01335639578372,0.16666666666666669,0.16666666666666669,0.16666666666666669,0.16666666666666669,0.16666666666666669,0.16666666666666669
162,162.0,164.02188884396702,0.16666666666666669,0.16666666666666669,0.16666666666666669,0.16666666666666669,0.16666666666666669,0.16666666666666669
163,163.0,165.03034915889234,0.16666666666666669,0.16666666666666669,0.16666666666666669,0.16666666666666669,0.16666666666666669,0.16666666666666669
164,164.0,166.0386599507362,0.16666666666666669,0.16666666666666669,0.16666666666666669,0.16666666666666669,0.16666666666666669,0.16666666666666669
165,165.0,167.05675306388832,0.16666666666666669,0.16666666666666669,0.16666666666666669,0.16666666666666669,0.16666666666666669,0.16666666666666669
166,166.0,168.07446933508632,0.16666666666666669,0.16666666666666669,0.16666666666666669,0.16666666666666669,0.16666666666666669,0.16666666666666669
167,167.0,169.09166928581365,0.16666666666666669,0.16666666666666669,0.16666666666666669,0.16666666666666669,0.16666666666666669,0.16666666666666669
168,168.0,170.10823254861015,0.16666666666666669,0.16666666666666669,0.16666666666666669,0.16666666666666669,0.16666666666666669,0.16666666666666669
169,169.0,171.1240571596409,0.16666666666666669,0.16666666666666669,0.16666666666666669,0.16666666666666669,0.16666666666666669,0.16666666666666669
170,170.0,172.13905873797214,0.16666666666666669,0.16666666666666669,0.16666666666666669,0.16666666666666669,0.16666666666666669,0.16666666666666669
171,171.0,173.15316957109053,0.16666666666666669,0.16666666666666669,0.16666666666666669,0.16666666666666669,0.16666666666666669,0.16666666666666669
172,172.0,174.16633762518617,0.16666666666666669,0.16666666666666669,0.16666666666666669,0.16666666666666669,0.16666666666666669,0.16666666666666669
173,173.0,175.17852549762043,0.16666666666666669,0.16666666666666669,0.16666666666666669,0.16666666666666669,0.16666666666666669,0.16666666666666669
174,174.0,176.18970932783506,0.16666666666666669,0.16666666666666669,0.16666666666666669,0.16666666666666669,0.16666666666666669,0.16666666666666669
175,175.0,177.19987768174985,0.16666666666666669,0.16666666666666669,0.16666666666666669,0.16666666666666669,0.16666666666666669,0.16666666666666669
176,176.0,178.20903042345566,0.16666666666666669,0.16666666666666669,0.16666666666666669,0.16666666666666669,0.16666666666666669,0.16666666666666669
177,177.0,179.21717758675632,0.16666666666666669,0.16666666666666669,0.16666666666666669,0.16666666666666669,0.16666666666666669,0.16666666666666669
178,178.0,180.2243382578594,0.16666666666666669,0.16666666666666669,0.16666666666666669,0.16666666666666669,0.16666666666666669,0.16666666666666669
179,179.0,181.23053947927355,0.16666666666666669,0.16666666666666669,0.16666666666666669,0.16666666666666669,0.16666666666666669,0.16666666666666669
180,180.0,182.23581518375354,0.16666666666666669,0.16666666666666669,0.16666666666666669,0.16666666666666669,0.16666666666666669,0.16666666666666669
181,181.0,183.240205165948,0.16666666666666669,0.16666666666666669,0.16666666666666669,0.16666666666666669,0.16666666666666669,0.16666666666666669
182,182.0,184.24375409826354,0.16666666666666669,0.16666666666666669,0.16666666666666669,0.16666666666666669,0.16666666666666669,0.16666666666666669
183,183.0,185.24651059636489,0.16666666666666669,0.16666666666666669,0.16666666666666669,0.16666666666666669,0.16666666666666669,0.16666666666666669
184,184.0,186.24852633869244,0.16666666666666669,0.16666666666666669,0.16666666666666669,0.16666666666666669,0.16666666666666669,0.16666666666666669
185,185.0,187.24985524340033,0.16666666666666669,0.16666666666666669,0.16666666666666669,0.16666666666666669,0.16666666666666669,0.16666666666666669
186,186.0,188.2505527052034,0.16666666666666669,0.16666666666666669,0.16666666666666669,0.16666666666666669,0.16666666666666669,0.16666666666666669
187,187.0,189.26067489377417,0.16666666666666669,0.16666666666666669,0.16666666666666669,0.16666666666666669,0.16666666666666669,0.16666666666666669
188,188.0,190.2701781145501,0.16666666666666669,0.16666666666666669,0.16666666666666669,0.16666666666666669,0.16666666666666669,0.16666666666666669
189,189.0,191.27902923210294,0.16666666666666669,0.16666666666666669,0.16666666666666669,0.16666666666666669,0.16666666666666669,0.16666666666666669
190,190.0,192.28720494557945,0.16666666666666669,0.16666666666666669,0.16666666666666669,0.16666666666666669,0.16666666666666669,0.16666666666666669
191,191.0,193.29469103825255,0.16666666666666669,0.16666666666666669,0.16666666666666669,0.16666666666666669,0.16666666666666669,0.16666666666666669
192,192.0,194.3014816112758,0.16666666666666669,0.16666666666666669,0.16666666666666669,0.16666666666666669,0.16666666666666669,0.16666666666666669
193,193.0,195.30757831088397,0.16666666666666669,0.16666666666666669,0.16666666666666669,0.16666666666666669,0.16666666666666669,0.16666666666666669
194,194.0,196.31298955742247,0.16666666666666669,0.16666666666666669,0.16666666666666669,0.16666666666666669,0.16666666666666669,0.16666666666666669
195,195.0,197.3177297837329,0.16666666666666669,0.16666666666666669,0.16666666666666669,0.16666666666666669,0.16666666666666669,0.16666666666666669
196,196.0,198.32181868957497,0.16666666666666669,0.16666666666666669,0.16666666666666669,0.16666666666666669,0.16666666666666669,0.16666666666666669
197,197.0,199.32528051793707,0.16666666666666669,0.16666666666666669,0.16666666666666669,0.16666666666666669,0.16666666666666669,0.16666666666666669
198,198.0,200.32814335828363,0.16666666666666669,0.16666666666666669,0.16666666666666669,0.16666666666666669,0.16666666666666669,0.16666666666666669
199,199.0,201.33043848101266,0.16666666666666669,0.16666666666666669,0.16666666666666669,0.16666666666666669,0.16666666666666669,0.16666666666666669
200,200.0,202.33219970665868,0.16668316831683172,0.16668316831683172,0.16668316831683172,0.16648514851485152,0.16678217821782182,0.16668316831683172
201,201.0,203.3334628126735,0.16646140971239984,0.16646140971239984,0.16788998114097128,0.16606735030645925,0.16665843941537012,0.16646140971239984
202,202.0,204.3342649799601,0.16582505351249413,0.16582505351249413,0.16848933922677986,0.16523869707685057,0.16736823173031593,0.16725362494106555
203,203.0,205.33464428071844,0.16487946272120071,0.16487946272120071,0.16861535954659757,0.1641061005429829,0.16872586603253187,0.16879374843548642
204,204.0,206.33463920859376,0.1639507309912856,0.1639507309912856,0.16872482995953958,0.1629969952863351,0.1700636960659831,0.1703130167055713
205,205.0,207.33428825159564,0.16304645973391008,0.16304645973391008,0.16881831075216405,0.16192012323175167,0.17137032395721152,0.17179832259105293
206,206.0,208.33362950778138,0.16217324561439395,0.16217324561439395,0.1688964660785765,0.16088302977957197,0.1726358036415272,0.1732382092715368
207,207.0,209.3427003432707,0.1610986198220512,0.1610986198220512,0.16872195169403872,0.1596540127659822,0.1750420713332544,0.17438472456262263
208,208.0,210.35143709177837,0.16006775549637364,0.16131775549637364,0.16853606542777688,0.158478840431545,0.17737955698330612,0.1742200261646251
209,209.0,211.3597857945175,0.15890801370538007,0.1613955137053801,0.16816323190205457,0.15718530860311805,0.18052462108220657,0.17382331100186102
210,210.0,212.36770176903755,0.15742760977224224,0.1625575562008137,0.1674096043368052,0.15558191870711477,0.18401783292185964,0.17300547806116492
211,211.0,213.37514912841525,0.15561190601399796,0.16315804047828372,0.16714817936401496,0.15465418251274485,0.18767238211773002,0.171755309513229
212,212.0,214.392100260571,0.15373441484756575,0.16446299053268487,0.1667541763709912,0.15366563740861408,0.19103241483906264,0.170350366001082
213,213.0,215.41843527690546,0.15183397881431762,0.16531946584133556,0.1662586820785764,0.15264613862562873,0.1951076712949869,0.16883406334515536
214,214.0,216.4439524388374,0.15085007857944943,0.16580011276208795,0.16668589146872473,0.15161806742859502,0.19780405836566622,0.16724179139547726
215,215.0,217.4684783601878,0.15055544502001736,0.16587104099785768,0.16759077723079355,0.15050771328603962,0.1999628021492213,0.16551222131607113
216,216.0,218.49186690580126,0.15018561295558722,0.16576039192266415,0.16885743196087918,0.1492268322763645,0.20231001893046838,0.16365971195403714
217,217.0,219.5139979277954,0.149761940417443,0.16466423628516208,0.17041859729646422,0.14782148636257886,0.20477518411362072,0.16255855552473164
218,218.0,220.53477586831215,0.14930087468516406,0.1634489128047839,0.1722168062612386,0.14632908125513738,0.2073028701876752,0.16140145480600132
219,219.0,221.5541282560941,0.1488702895450105,0.1621980153101448,0.1735904090326722,0.14489046304169617,0.20951905736031026,0.16093176571016649
220,220.0,222.5720041225369,0.1484176882104167,0.1608738555988627,0.1751477089569636,0.1441202252955757,0.21105049921770708,0.16039002272047465
221,221.0,223.5883723611101,0.14696532029219467,0.15934585680107,0.17723695196427275,0.1446432524940252,0.21213341448087406,0.15967520396756374
222,222.0,224.61322005221484,0.14546376671396996,0.15767166083537373,0.17912013190230533,0.14518945673507214,0.21365713801191388,0.15889784580136537
223,223.0,225.636450773687,0.1437598846544482,0.15571229970789152,0.18062594635553175,0.1453966626676506,0.21660630779268494,0.15789889882179337
224,224.0,226.65799391527503,0.14219222783363633,0.15386661614680944,0.1817450224458491,0.14570924385082754,0.2201000962916152,0.15638679343126283
225,225.0,227.67780280355151,0.1407253502958715,0.15210419923109825,0.18276734324864513,0.14607603694771124,0.2233741037518994,0.15495296652477494
226,226.0,228.69585277496486,0.13936384288822665,0.15043434646537798,0.18369236108464398,0.14648795283596222,0.22641756820279932,0.15360392852299032
227,227.0,229.7121392214872,0.1381107836717662,0.14886449996230675,0.1845205560721654,0.14693636007756125,0.22922310930074438,0.15234469091545647
228,228.0,230.72667563114243,0.13792023937191733,0.14692416708445988,0.1847771380699914,0.14693693498856705,0.23273884492243158,0.15070267556263317
229,229.0,231.7394916435207,0.13781881632096973,0.14508646646476006,0.1827667025571133,0.14695112171959557,0.23697764587831743,0.15039924705924426
230,230.0,232.75063113822597,0.13831665691758302,0.14293249723157497,0.1810117882404629,0.14720974322866023,0.2388326930832987,0.15169662129842051
231,231.0,233.76015037207847,0.13866595045957208,0.14089583541511833,0.1789945631351979,0.14745802655052695,0.24117929201769983,0.15280633242188524
232,232.0,234.76811617882493,0.1389124370700591,0.13986396991922337,0.17896863609713928,0.14764159229290338,0.24226570152049193,0.1523476631001833
233,233.0,235.77460424310846,0.14022331741484154,0.138673898283901,0.17913947822628748,0.14759264321324875,0.24267354159093155,0.15169712127079005
234,234.0,236.77969745853255,0.14240606566013375,0.13747801478066551,0.17902116428879142,0.14741472040543224,0.24271882730259348,0.1509612075623839
235,235.0,237.78348437782896,0.1440587050134957,0.1371250170602613,0.17832258755487979,0.14700251774839185,0.24277461535438774,0.1507165572685839
236,236.0,238.78605776141742,0.14612965169855954,0.1367564726797134,0.17801594454727418,0.14650320243339618,0.24236357812425247,0.15023115051680455
237,237.0,239.78751322903284,0.14800017701426296,0.1363811859950529,0.1778836953736248,0.14593363462886996,0.24154170674582143,0.15025960024236826
238,238.0,240.7879480175964,0.14982934247269786,0.13611185818239996,0.1777545841636041,0.145385397575968,0.24058422448539432,0.15033459311993602
239,239.0,241.79745984712764,0.15160299240500674,0.13594058663268038,0.17834387394723514,0.14486184057005688,0.23951426725377503,0.14973643919124605
240,240.0,242.8060458952345,0.1544994180549553,0.13562118319700278,0.17869287934636408,0.1441276359384014,0.23811568688230375,0.14894319658097294
241,241.0,243.8137128795783,0.1573059490228515,0.13538594081260547,0.17903642445973553,0.14342547620417823,0.2366496172029661,0.14819659229766344
242,242.0,244.82047603669196,0.16000350946722164,0.13522879579820435,0.17937161986479153,0.1427591784749864,0.23513746784334205,0.14749942855145431
243,243.0,245.82635811772732,0.1632507401384113,0.1358810377376239,0.18076195232094722,0.14132302234653488,0.23169221559743428,0.14709103185904868
244,244.0,246.8313884094819,0.1654652864471657,0.13564759648864183,0.18318720948876838,0.13999243873917203,0.2283138667333563,0.14739360210289593
245,245.0,247.83560178796617,0.16600336294173246,0.13608787295108632,0.1853288038345678,0.13867200773869412,0.22635991733196884,0.1475480352019506
246,246.0,248.83903781072237,0.16616161344927802,0.13769459442348617,0.18694526573413878,0.13773528013209496,0.2239320283445255,0.1475312179164767
247,247.0,249.8417398530957,0.16591493012692116,0.14059039770633988,0.18899815085244592,0.13670285603065585,0.22038361865125233,0.147410046632385
248,248.0,250.84375429270077,0.16697896628725295,0.14356673305877427,0.1916894192536164,0.13457966008359015,0.21577770630619955,0.14740751501056681
249,249.0,251.84512974541832,0.16882207455546616,0.14757831638783936,0.1940981251201574,0.1323635339024636,0.20988363316552816,0.14725431686854548
250,250.0,252.84591635540994,0.17054434520951908,0.1515172213482957,0.19638915193258072,0.1302466460582079,0.20417487032592097,0.14712776512547582
251,251.0,253.84616514084829,0.17265579081943874,0.1562200135960865,0.19739479167160826,0.12772003957537648,0.19900310569879895,0.1470062586386913
252,252.0,254.84592739633433,0.1740878712750311,0.16162547539219932,0.19781503402869666,0.12511514274784555,0.19465077824360597,0.1467056983126216
253,253.0,255.84525415230843,0.17527469679266744,0.1667397796693353,0.19855723829649097,0.12259358083110765,0.19045996202319554,0.14637474238720322
254,254.0,256.84419569116204,0.17614486831638446,0.1700575111795486,0.19945017516226315,0.1220997149070456,0.18625539871738342,0.14599233171737486
255,255.0,257.8428011192186,0.17688601118447222,0.17314921003480532,0.20023224801259526,0.12174548847172266,0.18235043347979799,0.14563660881660662
256,256.0,258.8411179932774,0.17742028350047945,0.17592322917871522,0.2007137400643877,0.1214788131739515,0.17919713861213277,0.14526679547033347
257,257.0,259.8391919999975,0.1777645001846894,0.1783850669792092,0.20138769633456155,0.12129433594707227,0.17627966640378134,0.14488873415068632
258,258.0,260.83706668604566,0.17782182967545648,0.18042892823464066,0.20178485352765263,0.12086162713441585,0.1747412143529127,0.14436154707492171
259,259.0,261.8347832366285,0.17764221279404277,0.18320910849489808,0.20195074537626373,0.1202534877763373,0.17321720147222372,0.14372724408623444
260,260.0,262.8323802997868,0.17731078086935625,0.1856838145797721,0.2022932774048534,0.11971086258239756,0.17190606449637913,0.14309520006724155
261,261.0,263.8298938536314,0.17690485325438285,0.18791767037536408,0.20255606615749083,0.11926203815282799,0.17085845073406475,0.14250092132586945
262,262.0,264.8273571135552,0.176435938794301,0.18991242235264633,0.20274445807424493,0.11890212265548729,0.17005848400155066,0.14194657412176973
263,263.0,265.82480047635113,0.17591502531822237,0.19167203337367697,0.20286400891953646,0.11862582435212597,0.16948939926318202,0.14143370877325614
264,264.0,266.8222514981039,0.1753525218625074,0.19320242142387087,0.20292040729205874,0.11842754450637973,0.16913379916692795,0.14096330574825525
265,265.0,267.81973490270036,0.17489710134856581,0.1935389826975875,0.20305829334425238,0.11732924184872227,0.17050166902731728,0.14067471173355467
266,266.0,268.8172726178102,0.17441760968735964,0.19367273425973752,0.2031431394476283,0.1163069016869213,0.1720319831500818,0.1404276317682714
267,267.0,269.81488383523094,0.17392124891022742,0.19362261956585602,0.20317940113603453,0.11536315117300919,0.17369319396775637,0.14022038524711647
268,268.0,270.8225850925573,0.17341466953653306,0.19340752638848496,0.20317157423408397,0.11449956884733616,0.17545559970267322,0.14005106129088865
269,269.0,271.83029037322547,0.17290395921966972,0.19304610350774704,0.2031241458698318,0.11371677371433503,0.17729145680575895,0.1399175608826575
