Total_iterations,Unnamed: 0.1,Intertwine_two,Add_vertex,Delete_vertex,Invert_path_vertices,Insert_inside_vertex,Delete_inside_vertex
0,0.0,0.1666666666666666,0.1666666666666666,0.1666666666666666,0.1666666666666666,0.1666666666666666,0.1666666666666666
1,1.0,0.1666666666666666,0.1666666666666666,0.1666666666666666,0.1666666666666666,0.1666666666666666,0.1666666666666666
2,2.0,0.1666666666666666,0.1666666666666666,0.1666666666666666,0.1666666666666666,0.1666666666666666,0.1666666666666666
3,3.0,0.1666666666666666,0.1666666666666666,0.1666666666666666,0.1666666666666666,0.1666666666666666,0.1666666666666666
4,4.0,0.1666666666666666,0.1666666666666666,0.1666666666666666,0.1666666666666666,0.1666666666666666,0.1666666666666666
5,5.0,0.1666666666666666,0.1666666666666666,0.1666666666666666,0.1666666666666666,0.1666666666666666,0.1666666666666666
6,6.0,0.1666666666666666,0.1666666666666666,0.1666666666666666,0.1666666666666666,0.1666666666666666,0.1666666666666666
7,7.0,0.1666666666666666,0.1666666666666666,0.1666666666666666,0.1666666666666666,0.1666666666666666,0.1666666666666666
8,8.0,0.1666666666666666,0.1666666666666666,0.1666666666666666,0.1666666666666666,0.1666666666666666,0.1666666666666666
9,9.0,0.1666666666666666,0.1666666666666666,0.1666666666666666,0.1666666666666666,0.1666666666666666,0.1666666666666666
10,10.0,0.1666666666666666,0.1666666666666666,0.1666666666666666,0.1666666666666666,0.1666666666666666,0.1666666666666666
11,11.0,0.1666666666666666,0.1666666666666666,0.1666666666666666,0.1666666666666666,0.1666666666666666,0.1666666666666666
12,12.0,0.1666666666666666,0.1666666666666666,0.1666666666666666,0.1666666666666666,0.1666666666666666,0.1666666666666666
13,13.0,0.1666666666666666,0.1666666666666666,0.1666666666666666,0.1666666666666666,0.1666666666666666,0.1666666666666666
14,14.0,0.1666666666666666,0.1666666666666666,0.1666666666666666,0.1666666666666666,0.1666666666666666,0.1666666666666666
15,15.0,0.1666666666666666,0.1666666666666666,0.1666666666666666,0.1666666666666666,0.1666666666666666,0.1666666666666666
16,16.0,0.1666666666666666,0.1666666666666666,0.1666666666666666,0.1666666666666666,0.1666666666666666,0.1666666666666666
17,17.0,0.1666666666666666,0.1666666666666666,0.1666666666666666,0.1666666666666666,0.1666666666666666,0.1666666666666666
18,18.0,0.1666666666666666,0.1666666666666666,0.1666666666666666,0.1666666666666666,0.1666666666666666,0.1666666666666666
19,19.0,0.1666666666666666,0.1666666666666666,0.1666666666666666,0.1666666666666666,0.1666666666666666,0.1666666666666666
20,20.0,0.1666666666666666,0.1666666666666666,0.1666666666666666,0.1666666666666666,0.1666666666666666,0.1666666666666666
21,21.0,0.1666666666666666,0.1666666666666666,0.1666666666666666,0.1666666666666666,0.1666666666666666,0.1666666666666666
22,22.0,0.1666666666666666,0.1666666666666666,0.1666666666666666,0.1666666666666666,0.1666666666666666,0.1666666666666666
23,23.0,0.1666666666666666,0.1666666666666666,0.1666666666666666,0.1666666666666666,0.1666666666666666,0.1666666666666666
24,24.0,0.1666666666666666,0.1666666666666666,0.1666666666666666,0.1666666666666666,0.1666666666666666,0.1666666666666666
25,25.0,0.1666666666666666,0.1666666666666666,0.1666666666666666,0.1666666666666666,0.1666666666666666,0.1666666666666666
26,26.0,0.1666666666666666,0.1666666666666666,0.1666666666666666,0.1666666666666666,0.1666666666666666,0.1666666666666666
27,27.0,0.1666666666666666,0.1666666666666666,0.1666666666666666,0.1666666666666666,0.1666666666666666,0.1666666666666666
28,28.0,0.1666666666666666,0.1666666666666666,0.1666666666666666,0.1666666666666666,0.1666666666666666,0.1666666666666666
29,29.0,0.1666666666666666,0.1666666666666666,0.1666666666666666,0.1666666666666666,0.1666666666666666,0.1666666666666666
30,30.0,0.1666666666666666,0.1666666666666666,0.1666666666666666,0.1666666666666666,0.1666666666666666,0.1666666666666666
31,31.0,0.1666666666666666,0.1666666666666666,0.1666666666666666,0.1666666666666666,0.1666666666666666,0.1666666666666666
32,32.0,0.1666666666666666,0.1666666666666666,0.1666666666666666,0.1666666666666666,0.1666666666666666,0.1666666666666666
33,33.0,0.1666666666666666,0.1666666666666666,0.1666666666666666,0.1666666666666666,0.1666666666666666,0.1666666666666666
34,34.0,0.1666666666666666,0.1666666666666666,0.1666666666666666,0.1666666666666666,0.1666666666666666,0.1666666666666666
35,35.0,0.1666666666666666,0.1666666666666666,0.1666666666666666,0.1666666666666666,0.1666666666666666,0.1666666666666666
36,36.0,0.1666666666666666,0.1666666666666666,0.1666666666666666,0.1666666666666666,0.1666666666666666,0.1666666666666666
37,37.0,0.1666666666666666,0.1666666666666666,0.1666666666666666,0.1666666666666666,0.1666666666666666,0.1666666666666666
38,38.0,0.1666666666666666,0.1666666666666666,0.1666666666666666,0.1666666666666666,0.1666666666666666,0.1666666666666666
39,39.0,0.1666666666666666,0.1666666666666666,0.1666666666666666,0.1666666666666666,0.1666666666666666,0.1666666666666666
40,40.0,0.1666666666666666,0.1666666666666666,0.1666666666666666,0.1666666666666666,0.1666666666666666,0.1666666666666666
41,41.0,0.1666666666666666,0.1666666666666666,0.1666666666666666,0.1666666666666666,0.1666666666666666,0.1666666666666666
42,42.0,0.1666666666666666,0.1666666666666666,0.1666666666666666,0.1666666666666666,0.1666666666666666,0.1666666666666666
43,43.0,0.1666666666666666,0.1666666666666666,0.1666666666666666,0.1666666666666666,0.1666666666666666,0.1666666666666666
44,44.0,0.1666666666666666,0.1666666666666666,0.1666666666666666,0.1666666666666666,0.1666666666666666,0.1666666666666666
45,45.0,0.1666666666666666,0.1666666666666666,0.1666666666666666,0.1666666666666666,0.1666666666666666,0.1666666666666666
46,46.0,0.1666666666666666,0.1666666666666666,0.1666666666666666,0.1666666666666666,0.1666666666666666,0.1666666666666666
47,47.0,0.1666666666666666,0.1666666666666666,0.1666666666666666,0.1666666666666666,0.1666666666666666,0.1666666666666666
48,48.0,0.1666666666666666,0.1666666666666666,0.1666666666666666,0.1666666666666666,0.1666666666666666,0.1666666666666666
49,49.0,0.1666666666666666,0.1666666666666666,0.1666666666666666,0.1666666666666666,0.1666666666666666,0.1666666666666666
50,50.0,0.1666666666666666,0.1666666666666666,0.1666666666666666,0.1666666666666666,0.1666666666666666,0.1666666666666666
51,51.0,0.1666666666666666,0.1666666666666666,0.1666666666666666,0.1666666666666666,0.1666666666666666,0.1666666666666666
52,52.0,0.1666666666666666,0.1666666666666666,0.1666666666666666,0.1666666666666666,0.1666666666666666,0.1666666666666666
53,53.0,0.1666666666666666,0.1666666666666666,0.1666666666666666,0.1666666666666666,0.1666666666666666,0.1666666666666666
54,54.0,0.1666666666666666,0.1666666666666666,0.1666666666666666,0.1666666666666666,0.1666666666666666,0.1666666666666666
55,55.0,0.1666666666666666,0.1666666666666666,0.1666666666666666,0.1666666666666666,0.1666666666666666,0.1666666666666666
56,56.0,0.1666666666666666,0.1666666666666666,0.1666666666666666,0.1666666666666666,0.1666666666666666,0.1666666666666666
57,57.0,0.1666666666666666,0.1666666666666666,0.1666666666666666,0.1666666666666666,0.1666666666666666,0.1666666666666666
58,58.0,0.1666666666666666,0.1666666666666666,0.1666666666666666,0.1666666666666666,0.1666666666666666,0.1666666666666666
59,59.0,0.1666666666666666,0.1666666666666666,0.1666666666666666,0.1666666666666666,0.1666666666666666,0.1666666666666666
60,60.0,0.1666666666666666,0.1666666666666666,0.1666666666666666,0.1666666666666666,0.1666666666666666,0.1666666666666666
61,61.0,0.1666666666666666,0.1666666666666666,0.1666666666666666,0.1666666666666666,0.1666666666666666,0.1666666666666666
62,62.0,0.1666666666666666,0.1666666666666666,0.1666666666666666,0.1666666666666666,0.1666666666666666,0.1666666666666666
63,63.0,0.1666666666666666,0.1666666666666666,0.1666666666666666,0.1666666666666666,0.1666666666666666,0.1666666666666666
64,64.0,0.1666666666666666,0.1666666666666666,0.1666666666666666,0.1666666666666666,0.1666666666666666,0.1666666666666666
65,65.0,0.1666666666666666,0.1666666666666666,0.1666666666666666,0.1666666666666666,0.1666666666666666,0.1666666666666666
66,66.0,0.1666666666666666,0.1666666666666666,0.1666666666666666,0.1666666666666666,0.1666666666666666,0.1666666666666666
67,67.0,0.1666666666666666,0.1666666666666666,0.1666666666666666,0.1666666666666666,0.1666666666666666,0.1666666666666666
68,68.0,0.1666666666666666,0.1666666666666666,0.1666666666666666,0.1666666666666666,0.1666666666666666,0.1666666666666666
69,69.0,0.1666666666666666,0.1666666666666666,0.1666666666666666,0.1666666666666666,0.1666666666666666,0.1666666666666666
70,70.0,0.1666666666666666,0.1666666666666666,0.1666666666666666,0.1666666666666666,0.1666666666666666,0.1666666666666666
71,71.0,0.1666666666666666,0.1666666666666666,0.1666666666666666,0.1666666666666666,0.1666666666666666,0.1666666666666666
72,72.0,0.1666666666666666,0.1666666666666666,0.1666666666666666,0.1666666666666666,0.1666666666666666,0.1666666666666666
73,73.0,0.1666666666666666,0.1666666666666666,0.1666666666666666,0.1666666666666666,0.1666666666666666,0.1666666666666666
74,74.0,0.1666666666666666,0.1666666666666666,0.1666666666666666,0.1666666666666666,0.1666666666666666,0.1666666666666666
75,75.0,0.1666666666666666,0.1666666666666666,0.1666666666666666,0.1666666666666666,0.1666666666666666,0.1666666666666666
76,76.0,0.1666666666666666,0.1666666666666666,0.1666666666666666,0.1666666666666666,0.1666666666666666,0.1666666666666666
77,77.0,0.1666666666666666,0.1666666666666666,0.1666666666666666,0.1666666666666666,0.1666666666666666,0.1666666666666666
78,78.0,0.1666666666666666,0.1666666666666666,0.1666666666666666,0.1666666666666666,0.1666666666666666,0.1666666666666666
79,79.0,0.1666666666666666,0.1666666666666666,0.1666666666666666,0.1666666666666666,0.1666666666666666,0.1666666666666666
80,80.0,0.1666666666666666,0.1666666666666666,0.1666666666666666,0.1666666666666666,0.1666666666666666,0.1666666666666666
81,81.0,0.1666666666666666,0.1666666666666666,0.1666666666666666,0.1666666666666666,0.1666666666666666,0.1666666666666666
82,82.0,0.1666666666666666,0.1666666666666666,0.1666666666666666,0.1666666666666666,0.1666666666666666,0.1666666666666666
83,83.0,0.1666666666666666,0.1666666666666666,0.1666666666666666,0.1666666666666666,0.1666666666666666,0.1666666666666666
84,84.0,0.1666666666666666,0.1666666666666666,0.1666666666666666,0.1666666666666666,0.1666666666666666,0.1666666666666666
85,85.0,0.1666666666666666,0.1666666666666666,0.1666666666666666,0.1666666666666666,0.1666666666666666,0.1666666666666666
86,86.0,0.1666666666666666,0.1666666666666666,0.1666666666666666,0.1666666666666666,0.1666666666666666,0.1666666666666666
87,87.0,0.1666666666666666,0.1666666666666666,0.1666666666666666,0.1666666666666666,0.1666666666666666,0.1666666666666666
88,88.0,0.1666666666666666,0.1666666666666666,0.1666666666666666,0.1666666666666666,0.1666666666666666,0.1666666666666666
89,89.0,0.1666666666666666,0.1666666666666666,0.1666666666666666,0.1666666666666666,0.1666666666666666,0.1666666666666666
90,90.0,0.1666666666666666,0.1666666666666666,0.1666666666666666,0.1666666666666666,0.1666666666666666,0.1666666666666666
91,91.0,0.1666666666666666,0.1666666666666666,0.1666666666666666,0.1666666666666666,0.1666666666666666,0.1666666666666666
92,92.0,0.1666666666666666,0.1666666666666666,0.1666666666666666,0.1666666666666666,0.1666666666666666,0.1666666666666666
93,93.0,0.1666666666666666,0.1666666666666666,0.1666666666666666,0.1666666666666666,0.1666666666666666,0.1666666666666666
94,94.0,0.1666666666666666,0.1666666666666666,0.1666666666666666,0.1666666666666666,0.1666666666666666,0.1666666666666666
95,95.0,0.1666666666666666,0.1666666666666666,0.1666666666666666,0.1666666666666666,0.1666666666666666,0.1666666666666666
96,96.0,0.1666666666666666,0.1666666666666666,0.1666666666666666,0.1666666666666666,0.1666666666666666,0.1666666666666666
97,97.0,0.1666666666666666,0.1666666666666666,0.1666666666666666,0.1666666666666666,0.1666666666666666,0.1666666666666666
98,98.0,0.1666666666666666,0.1666666666666666,0.1666666666666666,0.1666666666666666,0.1666666666666666,0.1666666666666666
99,99.0,0.1666666666666666,0.1666666666666666,0.1666666666666666,0.1666666666666666,0.1666666666666666,0.1666666666666666
100,100.0,0.1666666666666666,0.1666666666666666,0.1666666666666666,0.1666666666666666,0.1666666666666666,0.1666666666666666
101,101.0,0.1666666666666666,0.1666666666666666,0.1666666666666666,0.1666666666666666,0.1666666666666666,0.1666666666666666
102,102.0,0.1666666666666666,0.1666666666666666,0.1666666666666666,0.1666666666666666,0.1666666666666666,0.1666666666666666
103,103.0,0.1666666666666666,0.1666666666666666,0.1666666666666666,0.1666666666666666,0.1666666666666666,0.1666666666666666
104,104.0,0.1666666666666666,0.1666666666666666,0.1666666666666666,0.1666666666666666,0.1666666666666666,0.1666666666666666
105,105.0,0.1666666666666666,0.1666666666666666,0.1666666666666666,0.1666666666666666,0.1666666666666666,0.1666666666666666
106,106.0,0.1666666666666666,0.1666666666666666,0.1666666666666666,0.1666666666666666,0.1666666666666666,0.1666666666666666
107,107.0,0.1666666666666666,0.1666666666666666,0.1666666666666666,0.1666666666666666,0.1666666666666666,0.1666666666666666
108,108.0,0.1666666666666666,0.1666666666666666,0.1666666666666666,0.1666666666666666,0.1666666666666666,0.1666666666666666
109,109.0,0.1666666666666666,0.1666666666666666,0.1666666666666666,0.1666666666666666,0.1666666666666666,0.1666666666666666
110,110.0,0.1666666666666666,0.1666666666666666,0.1666666666666666,0.1666666666666666,0.1666666666666666,0.1666666666666666
111,111.0,0.1666666666666666,0.1666666666666666,0.1666666666666666,0.1666666666666666,0.1666666666666666,0.1666666666666666
112,112.0,0.1666666666666666,0.1666666666666666,0.1666666666666666,0.1666666666666666,0.1666666666666666,0.1666666666666666
113,113.0,0.1666666666666666,0.1666666666666666,0.1666666666666666,0.1666666666666666,0.1666666666666666,0.1666666666666666
114,114.0,0.1666666666666666,0.1666666666666666,0.1666666666666666,0.1666666666666666,0.1666666666666666,0.1666666666666666
115,115.0,0.1666666666666666,0.1666666666666666,0.1666666666666666,0.1666666666666666,0.1666666666666666,0.1666666666666666
116,116.0,0.1666666666666666,0.1666666666666666,0.1666666666666666,0.1666666666666666,0.1666666666666666,0.1666666666666666
117,117.0,0.1666666666666666,0.1666666666666666,0.1666666666666666,0.1666666666666666,0.1666666666666666,0.1666666666666666
118,118.0,0.1666666666666666,0.1666666666666666,0.1666666666666666,0.1666666666666666,0.1666666666666666,0.1666666666666666
119,119.0,0.1666666666666666,0.1666666666666666,0.1666666666666666,0.1666666666666666,0.1666666666666666,0.1666666666666666
120,120.0,0.1666666666666666,0.1666666666666666,0.1666666666666666,0.1666666666666666,0.1666666666666666,0.1666666666666666
121,121.0,0.1666666666666666,0.1666666666666666,0.1666666666666666,0.1666666666666666,0.1666666666666666,0.1666666666666666
122,122.0,0.1666666666666666,0.1666666666666666,0.1666666666666666,0.1666666666666666,0.1666666666666666,0.1666666666666666
123,123.0,0.1666666666666666,0.1666666666666666,0.1666666666666666,0.1666666666666666,0.1666666666666666,0.1666666666666666
124,124.0,0.1666666666666666,0.1666666666666666,0.1666666666666666,0.1666666666666666,0.1666666666666666,0.1666666666666666
125,125.0,0.1666666666666666,0.1666666666666666,0.1666666666666666,0.1666666666666666,0.1666666666666666,0.1666666666666666
126,126.0,0.1666666666666666,0.1666666666666666,0.1666666666666666,0.1666666666666666,0.1666666666666666,0.1666666666666666
127,127.0,0.1666666666666666,0.1666666666666666,0.1666666666666666,0.1666666666666666,0.1666666666666666,0.1666666666666666
128,128.0,0.1666666666666666,0.1666666666666666,0.1666666666666666,0.1666666666666666,0.1666666666666666,0.1666666666666666
129,129.0,0.1666666666666666,0.1666666666666666,0.1666666666666666,0.1666666666666666,0.1666666666666666,0.1666666666666666
130,130.0,0.1666666666666666,0.1666666666666666,0.1666666666666666,0.1666666666666666,0.1666666666666666,0.1666666666666666
131,131.0,0.1666666666666666,0.1666666666666666,0.1666666666666666,0.1666666666666666,0.1666666666666666,0.1666666666666666
132,132.0,0.1666666666666666,0.1666666666666666,0.1666666666666666,0.1666666666666666,0.1666666666666666,0.1666666666666666
133,133.0,0.1666666666666666,0.1666666666666666,0.1666666666666666,0.1666666666666666,0.1666666666666666,0.1666666666666666
134,134.0,0.1666666666666666,0.1666666666666666,0.1666666666666666,0.1666666666666666,0.1666666666666666,0.1666666666666666
135,135.0,0.1666666666666666,0.1666666666666666,0.1666666666666666,0.1666666666666666,0.1666666666666666,0.1666666666666666
136,136.0,0.1666666666666666,0.1666666666666666,0.1666666666666666,0.1666666666666666,0.1666666666666666,0.1666666666666666
137,137.0,0.1666666666666666,0.1666666666666666,0.1666666666666666,0.1666666666666666,0.1666666666666666,0.1666666666666666
138,138.0,0.1666666666666666,0.1666666666666666,0.1666666666666666,0.1666666666666666,0.1666666666666666,0.1666666666666666
139,139.0,0.1666666666666666,0.1666666666666666,0.1666666666666666,0.1666666666666666,0.1666666666666666,0.1666666666666666
140,140.0,0.1666666666666666,0.1666666666666666,0.1666666666666666,0.1666666666666666,0.1666666666666666,0.1666666666666666
141,141.0,0.1666666666666666,0.1666666666666666,0.1666666666666666,0.1666666666666666,0.1666666666666666,0.1666666666666666
142,142.0,0.1666666666666666,0.1666666666666666,0.1666666666666666,0.1666666666666666,0.1666666666666666,0.1666666666666666
143,143.0,0.1666666666666666,0.1666666666666666,0.1666666666666666,0.1666666666666666,0.1666666666666666,0.1666666666666666
144,144.0,0.1666666666666666,0.1666666666666666,0.1666666666666666,0.1666666666666666,0.1666666666666666,0.1666666666666666
145,145.0,0.1666666666666666,0.1666666666666666,0.1666666666666666,0.1666666666666666,0.1666666666666666,0.1666666666666666
146,146.0,0.1666666666666666,0.1666666666666666,0.1666666666666666,0.1666666666666666,0.1666666666666666,0.1666666666666666
147,147.0,0.1666666666666666,0.1666666666666666,0.1666666666666666,0.1666666666666666,0.1666666666666666,0.1666666666666666
148,148.0,0.1666666666666666,0.1666666666666666,0.1666666666666666,0.1666666666666666,0.1666666666666666,0.1666666666666666
149,149.0,0.1666666666666666,0.1666666666666666,0.1666666666666666,0.1666666666666666,0.1666666666666666,0.1666666666666666
150,150.0,0.1666666666666666,0.1666666666666666,0.1666666666666666,0.1666666666666666,0.1666666666666666,0.1666666666666666
151,151.0,0.1666666666666666,0.1666666666666666,0.1666666666666666,0.1666666666666666,0.1666666666666666,0.1666666666666666
152,152.0,0.1666666666666666,0.1666666666666666,0.1666666666666666,0.1666666666666666,0.1666666666666666,0.1666666666666666
153,153.0,0.1666666666666666,0.1666666666666666,0.1666666666666666,0.1666666666666666,0.1666666666666666,0.1666666666666666
154,154.0,0.1666666666666666,0.1666666666666666,0.1666666666666666,0.1666666666666666,0.1666666666666666,0.1666666666666666
155,155.0,0.1666666666666666,0.1666666666666666,0.1666666666666666,0.1666666666666666,0.1666666666666666,0.1666666666666666
156,156.0,0.1666666666666666,0.1666666666666666,0.1666666666666666,0.1666666666666666,0.1666666666666666,0.1666666666666666
157,157.0,0.1666666666666666,0.1666666666666666,0.1666666666666666,0.1666666666666666,0.1666666666666666,0.1666666666666666
158,158.0,0.1666666666666666,0.1666666666666666,0.1666666666666666,0.1666666666666666,0.1666666666666666,0.1666666666666666
159,159.0,0.1666666666666666,0.1666666666666666,0.1666666666666666,0.1666666666666666,0.1666666666666666,0.1666666666666666
160,160.0,0.1666666666666666,0.1666666666666666,0.1666666666666666,0.1666666666666666,0.1666666666666666,0.1666666666666666
161,161.0,0.1666666666666666,0.1666666666666666,0.1666666666666666,0.1666666666666666,0.1666666666666666,0.1666666666666666
162,162.0,0.1666666666666666,0.1666666666666666,0.1666666666666666,0.1666666666666666,0.1666666666666666,0.1666666666666666
163,163.0,0.1666666666666666,0.1666666666666666,0.1666666666666666,0.1666666666666666,0.1666666666666666,0.1666666666666666
164,164.0,0.1666666666666666,0.1666666666666666,0.1666666666666666,0.1666666666666666,0.1666666666666666,0.1666666666666666
165,165.0,0.1666666666666666,0.1666666666666666,0.1666666666666666,0.1666666666666666,0.1666666666666666,0.1666666666666666
166,166.0,0.1666666666666666,0.1666666666666666,0.1666666666666666,0.1666666666666666,0.1666666666666666,0.1666666666666666
167,167.0,0.1666666666666666,0.1666666666666666,0.1666666666666666,0.1666666666666666,0.1666666666666666,0.1666666666666666
168,168.0,0.1666666666666666,0.1666666666666666,0.1666666666666666,0.1666666666666666,0.1666666666666666,0.1666666666666666
169,169.0,0.1666666666666666,0.1666666666666666,0.1666666666666666,0.1666666666666666,0.1666666666666666,0.1666666666666666
170,170.0,0.1666666666666666,0.1666666666666666,0.1666666666666666,0.1666666666666666,0.1666666666666666,0.1666666666666666
171,171.0,0.1666666666666666,0.1666666666666666,0.1666666666666666,0.1666666666666666,0.1666666666666666,0.1666666666666666
172,172.0,0.1666666666666666,0.1666666666666666,0.1666666666666666,0.1666666666666666,0.1666666666666666,0.1666666666666666
173,173.0,0.1666666666666666,0.1666666666666666,0.1666666666666666,0.1666666666666666,0.1666666666666666,0.1666666666666666
174,174.0,0.1666666666666666,0.1666666666666666,0.1666666666666666,0.1666666666666666,0.1666666666666666,0.1666666666666666
175,175.0,0.1666666666666666,0.1666666666666666,0.1666666666666666,0.1666666666666666,0.1666666666666666,0.1666666666666666
176,176.0,0.1666666666666666,0.1666666666666666,0.1666666666666666,0.1666666666666666,0.1666666666666666,0.1666666666666666
177,177.0,0.1666666666666666,0.1666666666666666,0.1666666666666666,0.1666666666666666,0.1666666666666666,0.1666666666666666
178,178.0,0.1666666666666666,0.1666666666666666,0.1666666666666666,0.1666666666666666,0.1666666666666666,0.1666666666666666
179,179.0,0.1666666666666666,0.1666666666666666,0.1666666666666666,0.1666666666666666,0.1666666666666666,0.1666666666666666
180,180.0,0.1666666666666666,0.1666666666666666,0.1666666666666666,0.1666666666666666,0.1666666666666666,0.1666666666666666
181,181.0,0.1666666666666666,0.1666666666666666,0.1666666666666666,0.1666666666666666,0.1666666666666666,0.1666666666666666
182,182.0,0.1666666666666666,0.1666666666666666,0.1666666666666666,0.1666666666666666,0.1666666666666666,0.1666666666666666
183,183.0,0.1666666666666666,0.1666666666666666,0.1666666666666666,0.1666666666666666,0.1666666666666666,0.1666666666666666
184,184.0,0.1666666666666666,0.1666666666666666,0.1666666666666666,0.1666666666666666,0.1666666666666666,0.1666666666666666
185,185.0,0.1666666666666666,0.1666666666666666,0.1666666666666666,0.1666666666666666,0.1666666666666666,0.1666666666666666
186,186.0,0.1666666666666666,0.1666666666666666,0.1666666666666666,0.1666666666666666,0.1666666666666666,0.1666666666666666
187,187.0,0.1666666666666666,0.1666666666666666,0.1666666666666666,0.1666666666666666,0.1666666666666666,0.1666666666666666
188,188.0,0.1666666666666666,0.1666666666666666,0.1666666666666666,0.1666666666666666,0.1666666666666666,0.1666666666666666
189,189.0,0.1666666666666666,0.1666666666666666,0.1666666666666666,0.1666666666666666,0.1666666666666666,0.1666666666666666
190,190.0,0.1666666666666666,0.1666666666666666,0.1666666666666666,0.1666666666666666,0.1666666666666666,0.1666666666666666
191,191.0,0.1666666666666666,0.1666666666666666,0.1666666666666666,0.1666666666666666,0.1666666666666666,0.1666666666666666
192,192.0,0.1666666666666666,0.1666666666666666,0.1666666666666666,0.1666666666666666,0.1666666666666666,0.1666666666666666
193,193.0,0.1666666666666666,0.1666666666666666,0.1666666666666666,0.1666666666666666,0.1666666666666666,0.1666666666666666
194,194.0,0.1666666666666666,0.1666666666666666,0.1666666666666666,0.1666666666666666,0.1666666666666666,0.1666666666666666
195,195.0,0.1666666666666666,0.1666666666666666,0.1666666666666666,0.1666666666666666,0.1666666666666666,0.1666666666666666
196,196.0,0.1666666666666666,0.1666666666666666,0.1666666666666666,0.1666666666666666,0.1666666666666666,0.1666666666666666
197,197.0,0.1666666666666666,0.1666666666666666,0.1666666666666666,0.1666666666666666,0.1666666666666666,0.1666666666666666
198,198.0,0.1666666666666666,0.1666666666666666,0.1666666666666666,0.1666666666666666,0.1666666666666666,0.1666666666666666
199,199.0,0.1666666666666666,0.1666666666666666,0.1666666666666666,0.1666666666666666,0.1666666666666666,0.1666666666666666
200,200.0,0.1666831683168317,0.1666831683168317,0.1666831683168317,0.1664851485148515,0.1667821782178218,0.1666831683168317
201,201.0,0.1664614097123998,0.1664614097123998,0.1678899811409712,0.1660673503064592,0.1666584394153701,0.1664614097123998
202,202.0,0.1658250535124941,0.1658250535124941,0.1684893392267798,0.1652386970768505,0.1673682317303159,0.1672536249410655
203,203.0,0.1648794627212007,0.1648794627212007,0.1686153595465975,0.1641061005429829,0.1687258660325318,0.1687937484354864
204,204.0,0.1639507309912856,0.1639507309912856,0.1687248299595395,0.1629969952863351,0.1700636960659831,0.1703130167055713
205,205.0,0.16304645973391,0.16304645973391,0.168818310752164,0.1619201232317516,0.1713703239572115,0.1717983225910529
206,206.0,0.1621732456143939,0.1621732456143939,0.1688964660785765,0.1608830297795719,0.1726358036415272,0.1732382092715368
207,207.0,0.1610986198220512,0.1610986198220512,0.1687219516940387,0.1596540127659822,0.1750420713332544,0.1743847245626226
208,208.0,0.1600677554963736,0.1613177554963736,0.1685360654277768,0.158478840431545,0.1773795569833061,0.1742200261646251
209,209.0,0.15890801370538,0.1613955137053801,0.1681632319020545,0.157185308603118,0.1805246210822065,0.173823311001861
210,210.0,0.1574276097722422,0.1625575562008137,0.1674096043368052,0.1555819187071147,0.1840178329218596,0.1730054780611649
211,211.0,0.1556119060139979,0.1631580404782837,0.1671481793640149,0.1546541825127448,0.18767238211773,0.171755309513229
212,212.0,0.1537344148475657,0.1644629905326848,0.1667541763709912,0.153665637408614,0.1910324148390626,0.170350366001082
213,213.0,0.1518339788143176,0.1653194658413355,0.1662586820785764,0.1526461386256287,0.1951076712949869,0.1688340633451553
214,214.0,0.1508500785794494,0.1658001127620879,0.1666858914687247,0.151618067428595,0.1978040583656662,0.1672417913954772
215,215.0,0.1505554450200173,0.1658710409978576,0.1675907772307935,0.1505077132860396,0.1999628021492213,0.1655122213160711
216,216.0,0.1501856129555872,0.1657603919226641,0.1688574319608791,0.1492268322763645,0.2023100189304683,0.1636597119540371
217,217.0,0.149761940417443,0.164664236285162,0.1704185972964642,0.1478214863625788,0.2047751841136207,0.1625585555247316
218,218.0,0.149300874685164,0.1634489128047839,0.1722168062612386,0.1463290812551373,0.2073028701876752,0.1614014548060013
219,219.0,0.1488702895450105,0.1621980153101448,0.1735904090326722,0.1448904630416961,0.2095190573603102,0.1609317657101664
220,220.0,0.1484176882104167,0.1608738555988627,0.1751477089569636,0.1441202252955757,0.211050499217707,0.1603900227204746
221,221.0,0.1469653202921946,0.15934585680107,0.1772369519642727,0.1446432524940252,0.212133414480874,0.1596752039675637
222,222.0,0.1454637667139699,0.1576716608353737,0.1791201319023053,0.1451894567350721,0.2136571380119138,0.1588978458013653
223,223.0,0.1437598846544482,0.1557122997078915,0.1806259463555317,0.1453966626676506,0.2166063077926849,0.1578988988217933
224,224.0,0.1421922278336363,0.1538666161468094,0.1817450224458491,0.1457092438508275,0.2201000962916152,0.1563867934312628
225,225.0,0.1407253502958715,0.1521041992310982,0.1827673432486451,0.1460760369477112,0.2233741037518994,0.1549529665247749
226,226.0,0.1393638428882266,0.1504343464653779,0.1836923610846439,0.1464879528359622,0.2264175682027993,0.1536039285229903
227,227.0,0.1381107836717662,0.1488644999623067,0.1845205560721654,0.1469363600775612,0.2292231093007443,0.1523446909154564
228,228.0,0.1379202393719173,0.1469241670844598,0.1847771380699914,0.146936934988567,0.2327388449224315,0.1507026755626331
229,229.0,0.1378188163209697,0.14508646646476,0.1827667025571133,0.1469511217195955,0.2369776458783174,0.1503992470592442
230,230.0,0.138316656917583,0.1429324972315749,0.1810117882404629,0.1472097432286602,0.2388326930832987,0.1516966212984205
231,231.0,0.138665950459572,0.1408958354151183,0.1789945631351979,0.1474580265505269,0.2411792920176998,0.1528063324218852
232,232.0,0.1389124370700591,0.1398639699192233,0.1789686360971392,0.1476415922929033,0.2422657015204919,0.1523476631001833
233,233.0,0.1402233174148415,0.138673898283901,0.1791394782262874,0.1475926432132487,0.2426735415909315,0.15169712127079
234,234.0,0.1424060656601337,0.1374780147806655,0.1790211642887914,0.1474147204054322,0.2427188273025934,0.1509612075623839
235,235.0,0.1440587050134957,0.1371250170602613,0.1783225875548797,0.1470025177483918,0.2427746153543877,0.1507165572685839
236,236.0,0.1461296516985595,0.1367564726797134,0.1780159445472741,0.1465032024333961,0.2423635781242524,0.1502311505168045
237,237.0,0.1480001770142629,0.1363811859950529,0.1778836953736248,0.1459336346288699,0.2415417067458214,0.1502596002423682
238,238.0,0.1498293424726978,0.1361118581823999,0.1777545841636041,0.145385397575968,0.2405842244853943,0.150334593119936
239,239.0,0.1516029924050067,0.1359405866326803,0.1783438739472351,0.1448618405700568,0.239514267253775,0.149736439191246
240,240.0,0.1544994180549553,0.1356211831970027,0.178692879346364,0.1441276359384014,0.2381156868823037,0.1489431965809729
241,241.0,0.1573059490228515,0.1353859408126054,0.1790364244597355,0.1434254762041782,0.2366496172029661,0.1481965922976634
242,242.0,0.1600035094672216,0.1352287957982043,0.1793716198647915,0.1427591784749864,0.235137467843342,0.1474994285514543
243,243.0,0.1632507401384113,0.1358810377376239,0.1807619523209472,0.1413230223465348,0.2316922155974342,0.1470910318590486
244,244.0,0.1654652864471657,0.1356475964886418,0.1831872094887683,0.139992438739172,0.2283138667333563,0.1473936021028959
245,245.0,0.1660033629417324,0.1360878729510863,0.1853288038345678,0.1386720077386941,0.2263599173319688,0.1475480352019506
246,246.0,0.166161613449278,0.1376945944234861,0.1869452657341387,0.1377352801320949,0.2239320283445255,0.1475312179164767
247,247.0,0.1659149301269211,0.1405903977063398,0.1889981508524459,0.1367028560306558,0.2203836186512523,0.147410046632385
248,248.0,0.1669789662872529,0.1435667330587742,0.1916894192536164,0.1345796600835901,0.2157777063061995,0.1474075150105668
249,249.0,0.1688220745554661,0.1475783163878393,0.1940981251201574,0.1323635339024636,0.2098836331655281,0.1472543168685454
250,250.0,0.170544345209519,0.1515172213482957,0.1963891519325807,0.1302466460582079,0.2041748703259209,0.1471277651254758
251,251.0,0.1726557908194387,0.1562200135960865,0.1973947916716082,0.1277200395753764,0.1990031056987989,0.1470062586386913
252,252.0,0.1740878712750311,0.1616254753921993,0.1978150340286966,0.1251151427478455,0.1946507782436059,0.1467056983126216
253,253.0,0.1752746967926674,0.1667397796693353,0.1985572382964909,0.1225935808311076,0.1904599620231955,0.1463747423872032
254,254.0,0.1761448683163844,0.1700575111795486,0.1994501751622631,0.1220997149070456,0.1862553987173834,0.1459923317173748
255,255.0,0.1768860111844722,0.1731492100348053,0.2002322480125952,0.1217454884717226,0.1823504334797979,0.1456366088166066
256,256.0,0.1774202835004794,0.1759232291787152,0.2007137400643877,0.1214788131739515,0.1791971386121327,0.1452667954703334
257,257.0,0.1777645001846894,0.1783850669792092,0.2013876963345615,0.1212943359470722,0.1762796664037813,0.1448887341506863
258,258.0,0.1778218296754564,0.1804289282346406,0.2017848535276526,0.1208616271344158,0.1747412143529127,0.1443615470749217
259,259.0,0.1776422127940427,0.183209108494898,0.2019507453762637,0.1202534877763373,0.1732172014722237,0.1437272440862344
260,260.0,0.1773107808693562,0.1856838145797721,0.2022932774048534,0.1197108625823975,0.1719060644963791,0.1430952000672415
261,261.0,0.1769048532543828,0.187917670375364,0.2025560661574908,0.1192620381528279,0.1708584507340647,0.1425009213258694
262,262.0,0.176435938794301,0.1899124223526463,0.2027444580742449,0.1189021226554872,0.1700584840015506,0.1419465741217697
263,263.0,0.1759150253182223,0.1916720333736769,0.2028640089195364,0.1186258243521259,0.169489399263182,0.1414337087732561
264,264.0,0.1753525218625074,0.1932024214238708,0.2029204072920587,0.1184275445063797,0.1691337991669279,0.1409633057482552
265,265.0,0.1748971013485658,0.1935389826975875,0.2030582933442523,0.1173292418487222,0.1705016690273172,0.1406747117335546
266,266.0,0.1744176096873596,0.1936727342597375,0.2031431394476283,0.1163069016869213,0.1720319831500818,0.1404276317682714
267,267.0,0.1739212489102274,0.193622619565856,0.2031794011360345,0.1153631511730091,0.1736931939677563,0.1402203852471164
268,268.0,0.173414669536533,0.1934075263884849,0.2031715742340839,0.1144995688473361,0.1754555997026732,0.1400510612908886
269,269.0,0.1729039592196697,0.193046103507747,0.2031241458698318,0.113716773714335,0.1772914568057589,0.1399175608826575
270,270.0,0.1725732095856944,0.1927351695513577,0.2046486933302935,0.11319308643464,0.1768536329977372,0.1399962081002771
271,271.0,0.1720684463483722,0.1921334992521603,0.2057692021298218,0.1125685473814318,0.1762845888935132,0.1411757159947004
272,272.0,0.1709110680802432,0.1924744789324883,0.2068853192257863,0.1119139922579813,0.1756903218376992,0.1421248196658015
273,273.0,0.1697734983023633,0.1927266102681741,0.207942204970525,0.1113345564578413,0.1751454732666004,0.1430776567344957
274,274.0,0.1686651318634864,0.1928962567803252,0.2089352136417131,0.1108285224066822,0.1746505498174563,0.1440243254903367
275,275.0,0.1676308967999834,0.1924384998979381,0.2096034499188173,0.1110553749759998,0.1742790376243276,0.1449927407829338
276,276.0,0.1666406340896578,0.1919169810587023,0.2102043263255337,0.1113439687427592,0.1739561342129557,0.1459379555703913
277,277.0,0.1656998491242951,0.191343291646695,0.2107385700848339,0.1116852436495485,0.1736802077392788,0.1468528377553485
278,278.0,0.1647762372731702,0.1906916209074311,0.2114648549650432,0.1119969894215323,0.1733757903624994,0.1476945070703236
279,279.0,0.1638777258401028,0.1899766921777609,0.2123538545281442,0.1122798585079352,0.1730495923401596,0.1484622766058971
280,280.0,0.1630109618962417,0.1892121525426458,0.2133792033198487,0.1125342538836994,0.1727073977142868,0.1491560306432774
281,281.0,0.1622077541215786,0.1884369242784551,0.2143328024030635,0.1128131105450784,0.1724068596704405,0.1498025489813837
282,282.0,0.1614697789769402,0.1876598285307383,0.2152122907578055,0.113111193796897,0.1721468179308564,0.1504000900067624
283,283.0,0.1607978929507706,0.1868888230053251,0.2160162845733745,0.1134236001475931,0.1719258232825042,0.1509475760404323
284,284.0,0.1601922059914846,0.1861310087352393,0.2167442933655322,0.1137457732237718,0.1717421809627442,0.1514445377212278
285,285.0,0.1596521550619866,0.1853926447376491,0.217396635548698,0.1140735146221233,0.1715939921619148,0.1518910578676282
286,286.0,0.1591765770685928,0.1846791696252807,0.2179743543619395,0.1144029900964466,0.1714791934161312,0.1522877154316091
287,287.0,0.1587637804976268,0.1839952292607357,0.2184791349541167,0.1147307314844013,0.1713955937073467,0.1526355300957727
288,288.0,0.1584116151725554,0.1833447095728772,0.2189132233414143,0.1150536347807449,0.1713409091289492,0.1529359080034589
289,289.0,0.1581794591266838,0.1833809284896767,0.2182576760338219,0.1154927937709628,0.171436634022972,0.1532525085558827
290,290.0,0.1579692256998092,0.1839399067210464,0.2172533990708084,0.1158553767102821,0.1714899556077494,0.1534921361903044
291,291.0,0.1578102367290064,0.1845226020826273,0.216210014069899,0.1162042389038114,0.17156340452777,0.1536895036868859
292,292.0,0.1576989576583763,0.1851208159077825,0.2151418656848924,0.1165372638041942,0.1716542335603092,0.1538468633844454
293,293.0,0.1576317302886079,0.185727014211903,0.2140621117380484,0.1168527048917414,0.1717597964037898,0.1539666424659095
294,294.0,0.1576742661677573,0.1871676698973844,0.2117327103250191,0.1172880550257501,0.1720164529375718,0.1541208456465175
295,295.0,0.1593230417634015,0.1867146785683954,0.2093849033998307,0.1178070118170406,0.1723865692440938,0.1543837952072381
296,296.0,0.1609876050118003,0.1862541617304293,0.2070818247090015,0.1183014872168458,0.1727605603678907,0.1546143609640326
297,297.0,0.1622599089194892,0.1860050625369372,0.2057173823560597,0.1185250537046206,0.1728903680103014,0.1546022244725921
298,298.0,0.163239518939819,0.1867287255468724,0.2041457642269179,0.1185832154329275,0.1728797613692775,0.1544230144841858
299,299.0,0.1649736861391001,0.1872234156875707,0.2024311818582653,0.1185058201493191,0.1727567768284616,0.1541091193372833
300,300.0,0.1663968858547174,0.1875252651627306,0.2006232593159213,0.1183162884169139,0.1734520638414229,0.1536862374082942
301,301.0,0.1677714373833354,0.1878141759077906,0.1989130462063149,0.1181095473797337,0.1741404787462905,0.1532513143765351
302,302.0,0.169997550937459,0.1871794617792194,0.1973078737172683,0.117889385378628,0.1748158246048249,0.1528099035826006
303,303.0,0.1721496273608145,0.187093569779403,0.1952577339560604,0.1176593461300003,0.1754726548630743,0.1523670679106477
304,304.0,0.1741843098361633,0.1867977982528911,0.1937077420065839,0.1173642382189253,0.1760477732463208,0.1518981384391158
305,305.0,0.1761193067230262,0.1865003033939341,0.1922812777440025,0.1170661511697059,0.1765962313371797,0.1514367296321518
306,306.0,0.1779189208219095,0.1860200219580503,0.1913223583054102,0.1167157321877014,0.1770625790050338,0.1509603877218949
307,307.0,0.1796023784811487,0.1855458248909755,0.1904859236659522,0.1163690870770629,0.1774977322365576,0.1504990536483033
308,308.0,0.1811406512443062,0.1849151790598328,0.1900776135016332,0.1159816858541412,0.1778528398954499,0.1500320304446368
309,309.0,0.1825543034447873,0.1843000357993404,0.1897801270380112,0.115604335285251,0.178175212605242,0.1495859858273682
310,310.0,0.1838416606168547,0.1837049962850383,0.1895853567696527,0.115239803810678,0.1784649001337461,0.1491632823840303
311,311.0,0.1850024786916291,0.1831340005374504,0.1894849787797149,0.1148904548357363,0.1787222741238059,0.1487658130316635
312,312.0,0.1860378033980922,0.1825903541373812,0.1894705576202552,0.114558263600212,0.1789479921893652,0.1483950290546943
313,313.0,0.1869498308260104,0.1820767586140795,0.1895336418198203,0.1142448362425188,0.1791429627422185,0.1480519697553527
314,314.0,0.187741770428959,0.1815953448351016,0.1896658500005121,0.1139514306484504,0.1793083108281079,0.1477372932588693
315,315.0,0.1884177115934054,0.1811477087638048,0.189858947682411,0.113678978697585,0.1794453452128708,0.1474513080499231
316,316.0,0.1889824947515556,0.1807349489901341,0.1901049149385772,0.1134281095451111,0.1795555269227723,0.1471940048518498
317,317.0,0.1894415878724574,0.1803577054820635,0.1903960051390225,0.1131991736027141,0.1796404394081995,0.146965088495543
318,318.0,0.1898009690286269,0.1800161990481138,0.1907247950873145,0.1129922669088104,0.1797017604667456,0.146764009460389
319,319.0,0.1900670156049754,0.1797102710452122,0.1910842269091855,0.1128072556054897,0.1797412360305132,0.1465899948046241
320,320.0,0.1902464005937217,0.1794394229102831,0.191467642099059,0.1126438002667269,0.1797606558933424,0.146442078236867
321,321.0,0.1903459963037385,0.1792028551378785,0.1918688081682359,0.1125013798494538,0.1797618314266989,0.1463191291139945
322,322.0,0.1903727857057985,0.17899950536947,0.1922819383680942,0.1123793150656941,0.1797465753081963,0.1462198801827469
