,Unnamed: 0,Total_iterations,Intertwine_two,Add_vertex,Delete_vertex,Invert_path_vertices,Insert_inside_vertex,Delete_inside_vertex,Replace_inside_vertex,Donate_between_routes
0,0.0,0.0,0.125,0.125,0.125,0.125,0.125,0.125,0.125,0.125
1,1.0,1.0,0.125,0.125,0.125,0.125,0.125,0.125,0.125,0.125
2,2.0,2.0,0.125,0.125,0.125,0.125,0.125,0.125,0.125,0.125
3,3.0,3.0,0.125,0.125,0.125,0.125,0.125,0.125,0.125,0.125
4,4.0,4.0,0.125,0.125,0.125,0.125,0.125,0.125,0.125,0.125
5,5.0,5.0,0.125,0.125,0.125,0.125,0.125,0.125,0.125,0.125
6,6.0,6.0,0.125,0.125,0.125,0.125,0.125,0.125,0.125,0.125
7,7.0,7.0,0.125,0.125,0.125,0.125,0.125,0.125,0.125,0.125
8,8.0,8.0,0.125,0.125,0.125,0.125,0.125,0.125,0.125,0.125
9,9.0,9.0,0.125,0.125,0.125,0.125,0.125,0.125,0.125,0.125
10,10.0,10.0,0.125,0.125,0.125,0.125,0.125,0.125,0.125,0.125
11,11.0,11.0,0.125,0.125,0.125,0.125,0.125,0.125,0.125,0.125
12,12.0,12.0,0.125,0.125,0.125,0.125,0.125,0.125,0.125,0.125
13,13.0,13.0,0.125,0.125,0.125,0.125,0.125,0.125,0.125,0.125
14,14.0,14.0,0.125,0.125,0.125,0.125,0.125,0.125,0.125,0.125
15,15.0,15.0,0.125,0.125,0.125,0.125,0.125,0.125,0.125,0.125
16,16.0,16.0,0.125,0.125,0.125,0.125,0.125,0.125,0.125,0.125
17,17.0,17.0,0.125,0.125,0.125,0.125,0.125,0.125,0.125,0.125
18,18.0,18.0,0.125,0.125,0.125,0.125,0.125,0.125,0.125,0.125
19,19.0,19.0,0.125,0.125,0.125,0.125,0.125,0.125,0.125,0.125
20,20.0,20.0,0.125,0.125,0.125,0.125,0.125,0.125,0.125,0.125
21,21.0,21.0,0.125,0.125,0.125,0.125,0.125,0.125,0.125,0.125
22,22.0,22.0,0.125,0.125,0.125,0.125,0.125,0.125,0.125,0.125
23,23.0,23.0,0.125,0.125,0.125,0.125,0.125,0.125,0.125,0.125
24,24.0,24.0,0.125,0.125,0.125,0.125,0.125,0.125,0.125,0.125
25,25.0,25.0,0.125,0.125,0.125,0.125,0.125,0.125,0.125,0.125
26,26.0,26.0,0.125,0.125,0.125,0.125,0.125,0.125,0.125,0.125
27,27.0,27.0,0.125,0.125,0.125,0.125,0.125,0.125,0.125,0.125
28,28.0,28.0,0.125,0.125,0.125,0.125,0.125,0.125,0.125,0.125
29,29.0,29.0,0.125,0.125,0.125,0.125,0.125,0.125,0.125,0.125
30,30.0,30.0,0.125,0.125,0.125,0.125,0.125,0.125,0.125,0.125
31,31.0,31.0,0.125,0.125,0.125,0.125,0.125,0.125,0.125,0.125
32,32.0,32.0,0.125,0.125,0.125,0.125,0.125,0.125,0.125,0.125
33,33.0,33.0,0.125,0.125,0.125,0.125,0.125,0.125,0.125,0.125
34,34.0,34.0,0.125,0.125,0.125,0.125,0.125,0.125,0.125,0.125
35,35.0,35.0,0.125,0.125,0.125,0.125,0.125,0.125,0.125,0.125
36,36.0,36.0,0.125,0.125,0.125,0.125,0.125,0.125,0.125,0.125
37,37.0,37.0,0.125,0.125,0.125,0.125,0.125,0.125,0.125,0.125
38,38.0,38.0,0.125,0.125,0.125,0.125,0.125,0.125,0.125,0.125
39,39.0,39.0,0.125,0.125,0.125,0.125,0.125,0.125,0.125,0.125
40,40.0,40.0,0.125,0.125,0.125,0.125,0.125,0.125,0.125,0.125
41,41.0,41.0,0.125,0.125,0.125,0.125,0.125,0.125,0.125,0.125
42,42.0,42.0,0.125,0.125,0.125,0.125,0.125,0.125,0.125,0.125
43,43.0,43.0,0.125,0.125,0.125,0.125,0.125,0.125,0.125,0.125
44,44.0,44.0,0.125,0.125,0.125,0.125,0.125,0.125,0.125,0.125
45,45.0,45.0,0.125,0.125,0.125,0.125,0.125,0.125,0.125,0.125
46,46.0,46.0,0.125,0.125,0.125,0.125,0.125,0.125,0.125,0.125
47,47.0,47.0,0.125,0.125,0.125,0.125,0.125,0.125,0.125,0.125
48,48.0,48.0,0.125,0.125,0.125,0.125,0.125,0.125,0.125,0.125
49,49.0,49.0,0.125,0.125,0.125,0.125,0.125,0.125,0.125,0.125
50,50.0,50.0,0.125,0.125,0.125,0.125,0.125,0.125,0.125,0.125
51,51.0,51.0,0.125,0.125,0.125,0.125,0.125,0.125,0.125,0.125
52,52.0,52.0,0.125,0.125,0.125,0.125,0.125,0.125,0.125,0.125
53,53.0,53.0,0.125,0.125,0.125,0.125,0.125,0.125,0.125,0.125
54,54.0,54.0,0.125,0.125,0.125,0.125,0.125,0.125,0.125,0.125
55,55.0,55.0,0.125,0.125,0.125,0.125,0.125,0.125,0.125,0.125
56,56.0,56.0,0.125,0.125,0.125,0.125,0.125,0.125,0.125,0.125
57,57.0,57.0,0.125,0.125,0.125,0.125,0.125,0.125,0.125,0.125
58,58.0,58.0,0.125,0.125,0.125,0.125,0.125,0.125,0.125,0.125
59,59.0,59.0,0.125,0.125,0.125,0.125,0.125,0.125,0.125,0.125
60,60.0,60.0,0.125,0.125,0.125,0.125,0.125,0.125,0.125,0.125
61,61.0,61.0,0.125,0.125,0.125,0.125,0.125,0.125,0.125,0.125
62,62.0,62.0,0.125,0.125,0.125,0.125,0.125,0.125,0.125,0.125
63,63.0,63.0,0.125,0.125,0.125,0.125,0.125,0.125,0.125,0.125
64,64.0,64.0,0.125,0.125,0.125,0.125,0.125,0.125,0.125,0.125
65,65.0,65.0,0.125,0.125,0.125,0.125,0.125,0.125,0.125,0.125
66,66.0,66.0,0.125,0.125,0.125,0.125,0.125,0.125,0.125,0.125
67,67.0,67.0,0.125,0.125,0.125,0.125,0.125,0.125,0.125,0.125
68,68.0,68.0,0.125,0.125,0.125,0.125,0.125,0.125,0.125,0.125
69,69.0,69.0,0.125,0.125,0.125,0.125,0.125,0.125,0.125,0.125
70,70.0,70.0,0.125,0.125,0.125,0.125,0.125,0.125,0.125,0.125
71,71.0,71.0,0.125,0.125,0.125,0.125,0.125,0.125,0.125,0.125
72,72.0,72.0,0.125,0.125,0.125,0.125,0.125,0.125,0.125,0.125
73,73.0,73.0,0.125,0.125,0.125,0.125,0.125,0.125,0.125,0.125
74,74.0,74.0,0.125,0.125,0.125,0.125,0.125,0.125,0.125,0.125
75,75.0,75.0,0.125,0.125,0.125,0.125,0.125,0.125,0.125,0.125
76,76.0,76.0,0.125,0.125,0.125,0.125,0.125,0.125,0.125,0.125
77,77.0,77.0,0.125,0.125,0.125,0.125,0.125,0.125,0.125,0.125
78,78.0,78.0,0.125,0.125,0.125,0.125,0.125,0.125,0.125,0.125
79,79.0,79.0,0.125,0.125,0.125,0.125,0.125,0.125,0.125,0.125
80,80.0,80.0,0.125,0.125,0.125,0.125,0.125,0.125,0.125,0.125
81,81.0,81.0,0.125,0.125,0.125,0.125,0.125,0.125,0.125,0.125
82,82.0,82.0,0.125,0.125,0.125,0.125,0.125,0.125,0.125,0.125
83,83.0,83.0,0.125,0.125,0.125,0.125,0.125,0.125,0.125,0.125
84,84.0,84.0,0.125,0.125,0.125,0.125,0.125,0.125,0.125,0.125
85,85.0,85.0,0.125,0.125,0.125,0.125,0.125,0.125,0.125,0.125
86,86.0,86.0,0.125,0.125,0.125,0.125,0.125,0.125,0.125,0.125
87,87.0,87.0,0.125,0.125,0.125,0.125,0.125,0.125,0.125,0.125
88,88.0,88.0,0.125,0.125,0.125,0.125,0.125,0.125,0.125,0.125
89,89.0,89.0,0.125,0.125,0.125,0.125,0.125,0.125,0.125,0.125
90,90.0,90.0,0.125,0.125,0.125,0.125,0.125,0.125,0.125,0.125
91,91.0,91.0,0.125,0.125,0.125,0.125,0.125,0.125,0.125,0.125
92,92.0,92.0,0.125,0.125,0.125,0.125,0.125,0.125,0.125,0.125
93,93.0,93.0,0.125,0.125,0.125,0.125,0.125,0.125,0.125,0.125
94,94.0,94.0,0.125,0.125,0.125,0.125,0.125,0.125,0.125,0.125
95,95.0,95.0,0.125,0.125,0.125,0.125,0.125,0.125,0.125,0.125
96,96.0,96.0,0.125,0.125,0.125,0.125,0.125,0.125,0.125,0.125
97,97.0,97.0,0.125,0.125,0.125,0.125,0.125,0.125,0.125,0.125
98,98.0,98.0,0.125,0.125,0.125,0.125,0.125,0.125,0.125,0.125
99,99.0,99.0,0.125,0.125,0.125,0.125,0.125,0.125,0.125,0.125
100,100.0,100.0,0.125,0.125,0.125,0.125,0.125,0.125,0.125,0.125
101,101.0,101.0,0.125,0.125,0.125,0.125,0.125,0.125,0.125,0.125
102,102.0,102.0,0.125,0.125,0.125,0.125,0.125,0.125,0.125,0.125
103,103.0,103.0,0.125,0.125,0.125,0.125,0.125,0.125,0.125,0.125
104,104.0,104.0,0.125,0.125,0.125,0.125,0.125,0.125,0.125,0.125
105,105.0,105.0,0.125,0.125,0.125,0.125,0.125,0.125,0.125,0.125
106,106.0,106.0,0.125,0.125,0.125,0.125,0.125,0.125,0.125,0.125
107,107.0,107.0,0.125,0.125,0.125,0.125,0.125,0.125,0.125,0.125
108,108.0,108.0,0.125,0.125,0.125,0.125,0.125,0.125,0.125,0.125
109,109.0,109.0,0.125,0.125,0.125,0.125,0.125,0.125,0.125,0.125
110,110.0,110.0,0.125,0.125,0.125,0.125,0.125,0.125,0.125,0.125
111,111.0,111.0,0.125,0.125,0.125,0.125,0.125,0.125,0.125,0.125
112,112.0,112.0,0.125,0.125,0.125,0.125,0.125,0.125,0.125,0.125
113,113.0,113.0,0.125,0.125,0.125,0.125,0.125,0.125,0.125,0.125
114,114.0,114.0,0.125,0.125,0.125,0.125,0.125,0.125,0.125,0.125
115,115.0,115.0,0.125,0.125,0.125,0.125,0.125,0.125,0.125,0.125
116,116.0,116.0,0.125,0.125,0.125,0.125,0.125,0.125,0.125,0.125
117,117.0,117.0,0.125,0.125,0.125,0.125,0.125,0.125,0.125,0.125
118,118.0,118.0,0.125,0.125,0.125,0.125,0.125,0.125,0.125,0.125
119,119.0,119.0,0.125,0.125,0.125,0.125,0.125,0.125,0.125,0.125
120,120.0,120.0,0.125,0.125,0.125,0.125,0.125,0.125,0.125,0.125
121,121.0,121.0,0.125,0.125,0.125,0.125,0.125,0.125,0.125,0.125
122,122.0,122.0,0.125,0.125,0.125,0.125,0.125,0.125,0.125,0.125
123,123.0,123.0,0.125,0.125,0.125,0.125,0.125,0.125,0.125,0.125
124,124.0,124.0,0.125,0.125,0.125,0.125,0.125,0.125,0.125,0.125
125,125.0,125.0,0.125,0.125,0.125,0.125,0.125,0.125,0.125,0.125
126,126.0,126.0,0.125,0.125,0.125,0.125,0.125,0.125,0.125,0.125
127,127.0,127.0,0.125,0.125,0.125,0.125,0.125,0.125,0.125,0.125
128,128.0,128.0,0.125,0.125,0.125,0.125,0.125,0.125,0.125,0.125
129,129.0,129.0,0.125,0.125,0.125,0.125,0.125,0.125,0.125,0.125
130,130.0,130.0,0.125,0.125,0.125,0.125,0.125,0.125,0.125,0.125
131,131.0,131.0,0.125,0.125,0.125,0.125,0.125,0.125,0.125,0.125
132,132.0,132.0,0.125,0.125,0.125,0.125,0.125,0.125,0.125,0.125
133,133.0,133.0,0.125,0.125,0.125,0.125,0.125,0.125,0.125,0.125
134,134.0,134.0,0.125,0.125,0.125,0.125,0.125,0.125,0.125,0.125
135,135.0,135.0,0.125,0.125,0.125,0.125,0.125,0.125,0.125,0.125
136,136.0,136.0,0.125,0.125,0.125,0.125,0.125,0.125,0.125,0.125
137,137.0,137.0,0.125,0.125,0.125,0.125,0.125,0.125,0.125,0.125
138,138.0,138.0,0.125,0.125,0.125,0.125,0.125,0.125,0.125,0.125
139,139.0,139.0,0.125,0.125,0.125,0.125,0.125,0.125,0.125,0.125
140,140.0,140.0,0.125,0.125,0.125,0.125,0.125,0.125,0.125,0.125
141,141.0,141.0,0.125,0.125,0.125,0.125,0.125,0.125,0.125,0.125
142,142.0,142.0,0.125,0.125,0.125,0.125,0.125,0.125,0.125,0.125
143,143.0,143.0,0.125,0.125,0.125,0.125,0.125,0.125,0.125,0.125
144,144.0,144.0,0.125,0.125,0.125,0.125,0.125,0.125,0.125,0.125
145,145.0,145.0,0.125,0.125,0.125,0.125,0.125,0.125,0.125,0.125
146,146.0,146.0,0.125,0.125,0.125,0.125,0.125,0.125,0.125,0.125
147,147.0,147.0,0.125,0.125,0.125,0.125,0.125,0.125,0.125,0.125
148,148.0,148.0,0.125,0.125,0.125,0.125,0.125,0.125,0.125,0.125
149,149.0,149.0,0.125,0.125,0.125,0.125,0.125,0.125,0.125,0.125
150,150.0,150.0,0.125,0.125,0.125,0.125,0.125,0.125,0.125,0.125
151,151.0,151.0,0.125,0.125,0.125,0.125,0.125,0.125,0.125,0.125
152,152.0,152.0,0.125,0.125,0.125,0.125,0.125,0.125,0.125,0.125
153,153.0,153.0,0.125,0.125,0.125,0.125,0.125,0.125,0.125,0.125
154,154.0,154.0,0.125,0.125,0.125,0.125,0.125,0.125,0.125,0.125
155,155.0,155.0,0.125,0.125,0.125,0.125,0.125,0.125,0.125,0.125
156,156.0,156.0,0.125,0.125,0.125,0.125,0.125,0.125,0.125,0.125
157,157.0,157.0,0.125,0.125,0.125,0.125,0.125,0.125,0.125,0.125
158,158.0,158.0,0.125,0.125,0.125,0.125,0.125,0.125,0.125,0.125
159,159.0,159.0,0.125,0.125,0.125,0.125,0.125,0.125,0.125,0.125
160,160.0,160.0,0.125,0.125,0.125,0.125,0.125,0.125,0.125,0.125
161,161.0,161.0,0.125,0.125,0.125,0.125,0.125,0.125,0.125,0.125
162,162.0,162.0,0.125,0.125,0.125,0.125,0.125,0.125,0.125,0.125
163,163.0,163.0,0.125,0.125,0.125,0.125,0.125,0.125,0.125,0.125
164,164.0,164.0,0.125,0.125,0.125,0.125,0.125,0.125,0.125,0.125
165,165.0,165.0,0.125,0.125,0.125,0.125,0.125,0.125,0.125,0.125
166,166.0,166.0,0.125,0.125,0.125,0.125,0.125,0.125,0.125,0.125
167,167.0,167.0,0.125,0.125,0.125,0.125,0.125,0.125,0.125,0.125
168,168.0,168.0,0.125,0.125,0.125,0.125,0.125,0.125,0.125,0.125
169,169.0,169.0,0.125,0.125,0.125,0.125,0.125,0.125,0.125,0.125
170,170.0,170.0,0.125,0.125,0.125,0.125,0.125,0.125,0.125,0.125
171,171.0,171.0,0.125,0.125,0.125,0.125,0.125,0.125,0.125,0.125
172,172.0,172.0,0.125,0.125,0.125,0.125,0.125,0.125,0.125,0.125
173,173.0,173.0,0.125,0.125,0.125,0.125,0.125,0.125,0.125,0.125
174,174.0,174.0,0.125,0.125,0.125,0.125,0.125,0.125,0.125,0.125
175,175.0,175.0,0.125,0.125,0.125,0.125,0.125,0.125,0.125,0.125
176,176.0,176.0,0.125,0.125,0.125,0.125,0.125,0.125,0.125,0.125
177,177.0,177.0,0.125,0.125,0.125,0.125,0.125,0.125,0.125,0.125
178,178.0,178.0,0.125,0.125,0.125,0.125,0.125,0.125,0.125,0.125
179,179.0,179.0,0.125,0.125,0.125,0.125,0.125,0.125,0.125,0.125
180,180.0,180.0,0.125,0.125,0.125,0.125,0.125,0.125,0.125,0.125
181,181.0,181.0,0.125,0.125,0.125,0.125,0.125,0.125,0.125,0.125
182,182.0,182.0,0.125,0.125,0.125,0.125,0.125,0.125,0.125,0.125
183,183.0,183.0,0.125,0.125,0.125,0.125,0.125,0.125,0.125,0.125
184,184.0,184.0,0.125,0.125,0.125,0.125,0.125,0.125,0.125,0.125
185,185.0,185.0,0.125,0.125,0.125,0.125,0.125,0.125,0.125,0.125
186,186.0,186.0,0.125,0.125,0.125,0.125,0.125,0.125,0.125,0.125
187,187.0,187.0,0.125,0.125,0.125,0.125,0.125,0.125,0.125,0.125
188,188.0,188.0,0.125,0.125,0.125,0.125,0.125,0.125,0.125,0.125
189,189.0,189.0,0.125,0.125,0.125,0.125,0.125,0.125,0.125,0.125
190,190.0,190.0,0.125,0.125,0.125,0.125,0.125,0.125,0.125,0.125
191,191.0,191.0,0.125,0.125,0.125,0.125,0.125,0.125,0.125,0.125
192,192.0,192.0,0.125,0.125,0.125,0.125,0.125,0.125,0.125,0.125
193,193.0,193.0,0.125,0.125,0.125,0.125,0.125,0.125,0.125,0.125
194,194.0,194.0,0.125,0.125,0.125,0.125,0.125,0.125,0.125,0.125
195,195.0,195.0,0.125,0.125,0.125,0.125,0.125,0.125,0.125,0.125
196,196.0,196.0,0.125,0.125,0.125,0.125,0.125,0.125,0.125,0.125
197,197.0,197.0,0.125,0.125,0.125,0.125,0.125,0.125,0.125,0.125
198,198.0,198.0,0.125,0.125,0.125,0.125,0.125,0.125,0.125,0.125
199,199.0,199.0,0.125,0.125,0.125,0.125,0.125,0.125,0.125,0.125
200,200.0,200.0,0.125,0.125,0.125,0.125,0.125,0.125,0.125,0.125
201,201.0,201.0,0.125,0.125,0.125,0.125,0.125,0.125,0.125,0.125
202,202.0,202.0,0.125,0.125,0.125,0.125,0.125,0.125,0.125,0.125
203,203.0,203.0,0.125,0.125,0.125,0.125,0.125,0.125,0.125,0.125
204,204.0,204.0,0.125,0.125,0.125,0.125,0.125,0.125,0.125,0.125
205,205.0,205.0,0.125,0.125,0.125,0.125,0.125,0.125,0.125,0.125
206,206.0,206.0,0.125,0.125,0.125,0.125,0.125,0.125,0.125,0.125
207,207.0,207.0,0.125,0.125,0.125,0.125,0.125,0.125,0.125,0.125
208,208.0,208.0,0.12361111111111112,0.12361111111111112,0.13472222222222224,0.12361111111111112,0.12361111111111112,0.12361111111111112,0.12361111111111112,0.12361111111111112
209,209.0,209.0,0.12250000000000001,0.12250000000000001,0.1325,0.12250000000000001,0.12250000000000001,0.1325,0.12250000000000001,0.12250000000000001
210,210.0,210.0,0.13068181818181818,0.12159090909090908,0.13068181818181818,0.12159090909090908,0.12159090909090908,0.13068181818181818,0.12159090909090908,0.12159090909090908
211,211.0,211.0,0.13068181818181818,0.12159090909090908,0.13068181818181818,0.12159090909090908,0.12159090909090908,0.13068181818181818,0.12159090909090908,0.12159090909090908
212,212.0,212.0,0.1292929292929293,0.1202020202020202,0.1292929292929293,0.1202020202020202,0.1202020202020202,0.1292929292929293,0.13131313131313133,0.1202020202020202
213,213.0,213.0,0.12666666666666665,0.11833333333333332,0.13666666666666666,0.11833333333333332,0.11833333333333332,0.135,0.12833333333333333,0.11833333333333332
214,214.0,214.0,0.12436868686868688,0.11603535353535352,0.13345959595959594,0.11603535353535352,0.12714646464646465,0.14179292929292928,0.1251262626262626,0.11603535353535352
215,215.0,215.0,0.12232905982905981,0.11463675213675213,0.13066239316239314,0.12232905982905981,0.13408119658119658,0.13835470085470086,0.12297008547008545,0.11463675213675213
216,216.0,216.0,0.12058913308913308,0.11344627594627595,0.12828144078144077,0.12058913308913308,0.13224969474969472,0.13542429792429792,0.12113858363858362,0.12828144078144077
217,217.0,217.0,0.12058913308913308,0.11344627594627595,0.12828144078144077,0.12058913308913308,0.13224969474969472,0.13542429792429792,0.12113858363858362,0.12828144078144077
218,218.0,218.0,0.11892857142857141,0.12178571428571427,0.13321428571428567,0.11892857142857141,0.12892857142857142,0.13321428571428567,0.11892857142857141,0.12607142857142856
219,219.0,219.0,0.11801948051948052,0.11996753246753245,0.14139610389610388,0.11801948051948052,0.12711038961038962,0.13230519480519481,0.11801948051948052,0.12516233766233764
220,220.0,220.0,0.11801948051948052,0.11996753246753245,0.14139610389610388,0.11801948051948052,0.12711038961038962,0.13230519480519481,0.11801948051948052,0.12516233766233764
221,221.0,221.0,0.11726190476190475,0.11845238095238093,0.13988095238095236,0.11726190476190475,0.1255952380952381,0.13988095238095236,0.11726190476190475,0.12440476190476188
222,222.0,222.0,0.11662087912087911,0.12486263736263736,0.13859890109890108,0.11662087912087911,0.12431318681318679,0.13859890109890108,0.11662087912087911,0.12376373626373624
223,223.0,223.0,0.11620300751879697,0.12334586466165412,0.13552631578947366,0.11725563909774435,0.13048872180451127,0.13763157894736838,0.11620300751879697,0.12334586466165412
224,224.0,224.0,0.11559523809523808,0.12845238095238093,0.13550595238095237,0.11663690476190473,0.12892857142857142,0.13654761904761903,0.11559523809523808,0.12273809523809523
225,225.0,225.0,0.11470238095238094,0.12630952380952382,0.1332440476190476,0.1157440476190476,0.13297619047619047,0.13476190476190475,0.12089285714285714,0.12136904761904761
226,226.0,226.0,0.11433473389355742,0.13072128851540615,0.13250875350140054,0.11537640056022407,0.13150560224089633,0.1340266106442577,0.12052521008403361,0.12100140056022408
227,227.0,227.0,0.1140079365079365,0.12908730158730158,0.13741071428571425,0.11504960317460315,0.13019841269841267,0.13337301587301587,0.12019841269841267,0.12067460317460314
228,228.0,228.0,0.11358667286773634,0.12749644730382656,0.1364153941554918,0.11988075859752474,0.12993088391080793,0.132659354571997,0.11977714905821253,0.12025333953440301
229,229.0,229.0,0.11278061224489795,0.12665816326530613,0.13426020408163264,0.11880102040816327,0.12790816326530613,0.14242346938775508,0.1181377551020408,0.11903061224489794
230,230.0,230.0,0.11217486994797916,0.12510004001600641,0.13244297719087633,0.11795718287314924,0.12622048819527812,0.14060624249699877,0.12267907162865144,0.1228191276510604
231,231.0,231.0,0.11195841973152895,0.12856324347920986,0.13179362654152565,0.1165038742769835,0.12535468732947724,0.13995689184764812,0.12348302957546653,0.12238622721815999
232,232.0,232.0,0.11183473389355743,0.12842925048807402,0.13168024785671845,0.11638018843901196,0.12522069433834138,0.13983320600967658,0.12334903658433069,0.12327264239028946
233,233.0,233.0,0.11171352177234528,0.1282979373567609,0.1325691367456073,0.11625897631779984,0.12508938120702826,0.13971199388846445,0.12321772345301756,0.12314132925897632
234,234.0,234.0,0.11238718044256016,0.1269834537344856,0.13185743948892512,0.11574490751961566,0.12851798058870556,0.13900029663178226,0.1228913821232324,0.12261735947069315
235,235.0,235.0,0.11226099135306296,0.12685726464498842,0.13272134940932895,0.11562842528315673,0.12839179149920837,0.13888381439532332,0.12276519303373523,0.12249117038119595
236,236.0,236.0,0.11195609311685839,0.12981323597400124,0.13205413233254465,0.11515188599711727,0.12833312936825214,0.13822611568899404,0.12246029479753065,0.12200511272470152
237,237.0,237.0,0.11178942645019171,0.1286465693073346,0.13155413233254465,0.11481855266378393,0.13149979603491882,0.13772611568899404,0.12229362813086397,0.1216717793913682
238,238.0,238.0,0.11178942645019171,0.1286465693073346,0.13155413233254465,0.10670482173451905,0.13247066982132658,0.14486897283185116,0.12229362813086397,0.1216717793913682
239,239.0,239.0,0.11071568627450981,0.1290105580693816,0.13714705882352943,0.10612594268476619,0.1318544494720965,0.1428521870286576,0.12169607843137253,0.12059803921568628
240,240.0,240.0,0.10976330532212886,0.12941806722689075,0.14202801120448177,0.10560854341736695,0.13130042016806723,0.14107563025210085,0.12116036414565827,0.11964565826330534
241,241.0,241.0,0.10891120976692563,0.13291564927857935,0.142322974472808,0.10514206437291898,0.13174139844617092,0.1394972253052164,0.12067591564927857,0.11879356270810208
242,242.0,242.0,0.11354470616427734,0.13122583085474782,0.14026667700389525,0.1044105900208154,0.13035045554286895,0.14240342914064738,0.12008065387669564,0.11771765739605211
243,243.0,243.0,0.11241256736612773,0.13336773305813554,0.13840729274165803,0.10992718724916865,0.12906490081412683,0.14055154225432862,0.11953331040018345,0.11673546611627103
244,244.0,244.0,0.11495181558862075,0.13178667797394186,0.13763395266363426,0.10903438439596021,0.12787217639349316,0.13885937861383085,0.1190274458407216,0.12083416852979725
245,245.0,245.0,0.11399122445561582,0.13044020835161016,0.13619717105443882,0.10831188850105052,0.1268951648992403,0.14086266268608044,0.12342810265517153,0.11987357739679232
246,246.0,246.0,0.11376133939814456,0.1294057255929895,0.13596728599696756,0.11141533677691258,0.12620550972682648,0.14028795004240227,0.1233131601264359,0.11964369233932104
247,247.0,247.0,0.1135462856347037,0.1284379836575056,0.1357522322335267,0.11109275613175132,0.12878615488811682,0.1397503156338001,0.12320563324471545,0.11942863857588018
248,248.0,248.0,0.11323624904507257,0.12740562133944486,0.13855885536032592,0.1106902533740769,0.12794706518971224,0.14004695059842118,0.1229964031066972,0.11911860198624905
249,249.0,249.0,0.1124804282892518,0.12796722190104542,0.13736194416341474,0.11015907284289636,0.1275995748422219,0.14361194416341475,0.12245703256732668,0.11836278123042829
250,250.0,250.0,0.1124804282892518,0.12796722190104542,0.13736194416341474,0.11015907284289636,0.1275995748422219,0.14361194416341475,0.12245703256732668,0.11836278123042829
251,251.0,251.0,0.11237585943468295,0.12783852177234528,0.13724933155080213,0.11006254774637128,0.12747087471352175,0.14349933155080213,0.12324532085561497,0.11825821237585943
252,252.0,252.0,0.1102913670919182,0.12612558217464234,0.13476168090039659,0.10818358525274929,0.12575793511581881,0.14101168090039656,0.13334662244402698,0.1205215461200512
253,253.0,253.0,0.11019045108508696,0.12600137785854235,0.13553019510626524,0.1080904320156743,0.1256337307997188,0.14090300212380907,0.13323018089768324,0.12042063011321995
254,254.0,254.0,0.11019045108508696,0.12600137785854235,0.13553019510626524,0.1080904320156743,0.1256337307997188,0.14090300212380907,0.13323018089768324,0.12042063011321995
255,255.0,255.0,0.10843670076726342,0.12458706308610398,0.13756553708439895,0.10652546888320544,0.13421941602728046,0.13964887041773227,0.13053122335890877,0.11848572037510655
256,256.0,256.0,0.10843670076726342,0.12458706308610398,0.13756553708439895,0.10652546888320544,0.13421941602728046,0.13964887041773227,0.13053122335890877,0.11848572037510655
257,257.0,257.0,0.10843670076726342,0.12458706308610398,0.13756553708439895,0.10652546888320544,0.13421941602728046,0.13964887041773227,0.13053122335890877,0.11848572037510655
258,258.0,258.0,0.1079367007672634,0.12442039641943733,0.13656553708439895,0.10619213554987213,0.1340527493606138,0.14281553708439895,0.13019789002557544,0.1178190537084399
259,259.0,259.0,0.10747516230572493,0.12426655026559116,0.14564246016132204,0.1058844432421798,0.13389890320676764,0.14573861400747587,0.11989019771788312,0.11720366909305527
260,260.0,260.0,0.10747516230572493,0.12426655026559116,0.14564246016132204,0.1058844432421798,0.13389890320676764,0.14573861400747587,0.11989019771788312,0.11720366909305527
261,261.0,261.0,0.10695036060401171,0.12400416009315603,0.14467531552851026,0.10550958793479075,0.1336365130343325,0.14833272293591765,0.1194928536548719,0.11739848621440914
262,262.0,262.0,0.1064577497665733,0.12375399518781871,0.14377114307261366,0.10601132119514474,0.1333863481289952,0.15073542878689936,0.11911778172807583,0.11676623213387918
263,263.0,263.0,0.10636358780800456,0.12363810354650333,0.1436624946588805,0.10591715923657599,0.13411791411479848,0.1506267803731662,0.11900913331434268,0.11666482694772821
264,264.0,264.0,0.1067418864097363,0.12340100695450593,0.14281675601274993,0.10557827441321357,0.13387369603013619,0.1528598594610258,0.11865600550565052,0.11607251521298174
265,265.0,265.0,0.10639705882352941,0.12328606442577031,0.14212710084033614,0.10534838935574228,0.13375875350140057,0.1550437675070028,0.11842612044817927,0.11561274509803923
266,266.0,266.0,0.10639705882352941,0.12328606442577031,0.14212710084033614,0.10534838935574228,0.13375875350140057,0.1550437675070028,0.11842612044817927,0.11561274509803923
267,267.0,267.0,0.10639705882352941,0.12328606442577031,0.14212710084033614,0.10534838935574228,0.13375875350140057,0.1550437675070028,0.11842612044817927,0.11561274509803923
268,268.0,268.0,0.1060744781783681,0.12317853754404987,0.14470774600162645,0.10513333559230142,0.13365122661968012,0.15386097180807806,0.1182110666847384,0.1151826375711575
269,269.0,269.0,0.1057720588235294,0.12307773109243696,0.14400210084033613,0.10493172268907562,0.13355042016806723,0.15587710084033612,0.11800945378151259,0.1147794117647059
270,270.0,270.0,0.10548796791443849,0.12298303412273999,0.14333922205245736,0.10474232874968167,0.13345572319837024,0.15777104023427552,0.11782005984211867,0.11440062388591801
271,271.0,271.0,0.10522058823529412,0.1228939075630252,0.14271533613445378,0.10456407563025212,0.13336659663865547,0.15955357142857143,0.11764180672268906,0.11404411764705882
272,272.0,272.0,0.10522058823529412,0.1228939075630252,0.14271533613445378,0.10456407563025212,0.13336659663865547,0.15955357142857143,0.11764180672268906,0.11404411764705882
273,273.0,273.0,0.10496848739495798,0.12280987394957983,0.14212710084033614,0.10439600840336134,0.13328256302521008,0.161234243697479,0.11747373949579831,0.11370798319327731
274,274.0,274.0,0.09677584670231729,0.11932141796112383,0.12361699983023511,0.16537364188099485,0.12524865249129952,0.1548669998302351,0.1093604638825227,0.10543597742127153
275,275.0,275.0,0.10473243965891021,0.11833725197695784,0.12218238339561868,0.16340530991266283,0.12335539559804265,0.152756707719943,0.10830122282328163,0.10692928891458302
276,276.0,276.0,0.10280628841925785,0.11711329554705174,0.12072931289220493,0.16332893855482697,0.12157149186905883,0.15329510236588914,0.1072037710965393,0.11395179925517115
277,277.0,277.0,0.10114064856711913,0.11604247468218057,0.11943479314802845,0.1741785175608705,0.12004080478345183,0.1507649213531566,0.10624663326869208,0.11215120663650073
278,278.0,278.0,0.0996827731092437,0.11509558823529412,0.12226995798319326,0.1768781512605042,0.1187111344537815,0.15139495798319327,0.10540231092436976,0.11056512605042017
279,279.0,279.0,0.09915660618673529,0.116904950620876,0.12125134549811736,0.17776202754681952,0.11783343390230047,0.15214281175543726,0.1050318165813144,0.10991700790839957
280,280.0,280.0,0.10160286336756923,0.11567071272953622,0.12029256146903203,0.17857142857142855,0.11700902583255521,0.15286336756924992,0.10468409586056641,0.10930594460006224
281,281.0,281.0,0.1013507625272331,0.11483037659508244,0.12004046062869592,0.17823529411764705,0.11642079053843757,0.15538437597261126,0.10460006224712104,0.10913787737317146
282,282.0,282.0,0.10094655433232722,0.11398135481582812,0.11941476849137585,0.18058486960675743,0.11580986399727848,0.15615034127346028,0.10440995519654887,0.10870229228642359
283,283.0,283.0,0.09976894815472105,0.1127544135888869,0.11871335278996016,0.1849713989932868,0.114331957519372,0.15800147812459714,0.10385868964528333,0.1075997611838925
284,284.0,284.0,0.1078391944293017,0.11172960616315068,0.11267170576921097,0.1840905701325818,0.11360377688407061,0.16437873497012023,0.09845921232630138,0.10722719932526252
285,285.0,285.0,0.11196924405795974,0.11069515250416284,0.11322520758839749,0.18288735391863392,0.11195718181679534,0.16125455626896854,0.102642116077581,0.10536918776750097
286,286.0,286.0,0.11149093152082368,0.11031785006803689,0.11216757241311526,0.1824595464320029,0.11125308199504844,0.16661403339315156,0.10123391643408723,0.10446306774373389
287,287.0,287.0,0.1051937455103519,0.10959477705663434,0.11157866983336602,0.19047200166346473,0.1107324381334435,0.16727197702592356,0.10106982169333345,0.10408656908348238
288,288.0,288.0,0.10505498510332134,0.10954852358762417,0.1112086420812846,0.1903794947254444,0.11068618466443332,0.16616189376967933,0.1009773147553131,0.1059829613128996
289,289.0,289.0,0.10492200637991711,0.10950419734648942,0.1108540321522066,0.19029084224317488,0.11064185842329857,0.16718139731577863,0.1008886622730436,0.10571700386609106
290,290.0,290.0,0.10395411922505518,0.11030201647414048,0.11051389609778481,0.19020580822956945,0.11059934141649586,0.1661184721457106,0.10080362825943814,0.10750271815180534
291,291.0,291.0,0.10353927258464461,0.10996880248679117,0.11160257016390249,0.1898317779156895,0.10997372976832782,0.16889923357308856,0.09955240496310207,0.10663220854445363
292,292.0,292.0,0.10315846763108424,0.10966642890577982,0.11072331319795822,0.18949018864840367,0.10940819829257961,0.17330067836153024,0.0984213420116057,0.10583138295105839
293,293.0,293.0,0.10280725022104331,0.10939062627703602,0.11659273789091232,0.18917667862901127,0.10889430042574058,0.17065361953800084,0.0973935462779276,0.10509124074032794
294,294.0,294.0,0.10222553633744262,0.11099686594931342,0.11538823484678665,0.18850304408745222,0.10797639757387545,0.16969724886464904,0.10093652845298524,0.10427614388749526
295,295.0,295.0,0.1019230860760096,0.11076429688983706,0.11444594346150919,0.18823553442699753,0.10754620005590106,0.17171827951570431,0.09987850495853845,0.10548815461550269
296,296.0,296.0,0.10139701411568525,0.10987873572856008,0.113382838034671,0.1900602056710749,0.10672338191335862,0.17081224140393977,0.10301105884665969,0.1047345242860505
297,297.0,297.0,0.1009006568144499,0.11142176180817154,0.1181696609678354,0.18942209987443254,0.10595107698251711,0.16822138510576642,0.10188805177243312,0.10402530667439387
298,298.0,298.0,0.09492431891086743,0.11139043348736952,0.11782504943901335,0.195241796174005,0.10591974866171512,0.16909857808822257,0.10182539513082908,0.10377468010797783
299,299.0,299.0,0.0942707241396256,0.1110636361017486,0.11749825205339244,0.19850977003021414,0.1052661538904733,0.16877178070260163,0.10149859774520817,0.103121085336736
300,300.0,300.0,0.09321985462009444,0.10992269242596342,0.1160916284477227,0.1978942310181867,0.10921897922277779,0.16776333284597078,0.10401340995410724,0.1018758714651768
301,301.0,301.0,0.09239445430974293,0.10899606238297062,0.11534845874035202,0.19700260477996237,0.1080303040034191,0.16857909718431602,0.10363895258315443,0.10601006601608243
302,302.0,302.0,0.09210768834501085,0.11058397541156158,0.11104005527940619,0.1965138186132101,0.10764852006231314,0.16904477087032865,0.10737810420366198,0.10568306721450735
303,303.0,303.0,0.0919652382025607,0.11044152526911147,0.11061270485205577,0.19637136847075992,0.10736361977741286,0.16790516973072753,0.10994220676776459,0.10539816692960706
304,304.0,304.0,0.0919652382025607,0.11044152526911147,0.11061270485205577,0.19637136847075992,0.10736361977741286,0.16790516973072753,0.10994220676776459,0.10539816692960706
305,305.0,305.0,0.08902971931236484,0.11042030787084486,0.11028953396957922,0.19542608157079608,0.11162811666486054,0.16867489502311434,0.10986493752463225,0.1046664080638077
306,306.0,306.0,0.09013039899580497,0.11017741661790606,0.10607852864805034,0.19361515672972845,0.11528132930802562,0.16761233163902794,0.10959560523520477,0.10750923282625172
307,307.0,307.0,0.09002799244178551,0.11015181497940119,0.10652951135709751,0.19353835181421386,0.11525572766952075,0.16679307920687228,0.11039910281289589,0.10730441971821278
308,308.0,308.0,0.08926786018478518,0.11135214378451075,0.10663538875571628,0.19574286685517878,0.11378148466962372,0.16691748728978256,0.10998767035973538,0.10631509810066717
309,309.0,309.0,0.0885531586953623,0.11250599153570537,0.10745864653842296,0.19357058803856525,0.11240680944826206,0.1663527981001331,0.10959823666472061,0.10955377097882815
310,310.0,310.0,0.08821258562637871,0.1125320736096598,0.10691759549518168,0.19456316033902238,0.11195416811796118,0.16724457215836522,0.10939524555903865,0.10918059909439218
311,311.0,311.0,0.08805325829608801,0.11321193874678408,0.10652030508771489,0.1943762847993653,0.11181447402643534,0.1678806479776161,0.1092398243181357,0.10890326674786037
312,312.0,312.0,0.08789772048509119,0.11306128082160569,0.10613335482424864,0.1941936503889917,0.1116773644009453,0.16849658115868665,0.10908753976435115,0.10945250815607946
313,313.0,313.0,0.0871699482237201,0.11152446303948296,0.11547854968179865,0.19262621399327434,0.11015387462095508,0.16770439306092205,0.10754940111245186,0.10779315626739475
314,314.0,314.0,0.08701501079977161,0.11218563689225532,0.11511105078541117,0.19245160701779165,0.11002170989518038,0.16828271859973748,0.10740308897010786,0.10752917703974432
315,315.0,315.0,0.08669349213324093,0.11139872880780395,0.11462515615495561,0.19194066548534042,0.11163510903039105,0.16850334064228462,0.10721710470816137,0.10798640303782188
316,316.0,316.0,0.08534086845466153,0.11165581098339716,0.11202618135376756,0.19042477650063855,0.11017790549169856,0.1777112388250319,0.10602605363984674,0.10663716475095786
317,317.0,317.0,0.08449510759600785,0.11235732382874564,0.11552651778279052,0.18942215289688685,0.10952865580981393,0.17457755576830292,0.10770636196076747,0.10638632435668471
318,318.0,318.0,0.0837375318384321,0.11159974807116987,0.11325379051006326,0.19699791047264442,0.10877108005223816,0.1730624042531514,0.1069487862031917,0.10562874859910898
319,319.0,319.0,0.08302245954801733,0.11094021076779696,0.11244141332782306,0.195641812541204,0.10811154274886525,0.17503988647720897,0.10227073723747152,0.11253193735161279
320,320.0,320.0,0.08231916284472063,0.11023691406450027,0.11063921552562524,0.19438906528845676,0.10725439989172239,0.17271021614753862,0.10433667130340556,0.11811435493403036
321,321.0,321.0,0.08184297236853014,0.10976072358830977,0.11722866211507185,0.1934366843360758,0.10677820941553191,0.17040648384380633,0.10386048082721508,0.11668578350545893
322,322.0,322.0,0.08135423362979143,0.1093260389036251,0.11662505851146823,0.1925312789306704,0.10634352473084722,0.16887044780777033,0.10965777812451238,0.11529163936131478
323,323.0,323.0,0.08084413642851775,0.1088159417023514,0.12089437307490045,0.19165353467057322,0.10569097738712341,0.17069925625422583,0.10764043272481405,0.11376134775749377
324,324.0,324.0,0.0803148884720252,0.10833932532480625,0.11884740926013478,0.19079748932845977,0.11063764143285866,0.16948676423987621,0.10576127404379779,0.11581520789804123
325,325.0,325.0,0.07983098540191524,0.10790668677964503,0.12355071664039316,0.19002118859753106,0.1097894525175191,0.1705583433967548,0.10403392798795807,0.11430869867828337
326,326.0,326.0,0.07938628491184271,0.10751193633952254,0.12785582774223747,0.1893133302127217,0.10901660165392416,0.17154993498725749,0.10243982940656367,0.11292625474593018
327,327.0,327.0,0.07932137092287808,0.1074957078422814,0.12756371479189665,0.18924841622375707,0.10900037315668298,0.17216661788242135,0.10240737241208138,0.11279642676800095
328,328.0,328.0,0.07925807978363758,0.10747988505747127,0.12727890466531439,0.18918512508451657,0.10898455037187287,0.17276788370520618,0.10570906017579444,0.10933651115618659
329,329.0,329.0,0.0789124576638219,0.10713426293765557,0.13026661587883204,0.18860140772660566,0.11151911258385443,0.171108897530091,0.10415760088239967,0.10829964479673959
330,330.0,330.0,0.07853347260069707,0.10680157417082703,0.13270188446329417,0.1880059724470306,0.11389336069734986,0.17015354588253503,0.10268577173583933,0.10722441800242677
331,331.0,331.0,0.07837855280654962,0.10669182149501744,0.13355569697869205,0.18785105265288315,0.11349951711244936,0.1714947868833289,0.10170869062664441,0.10681988144443495
332,332.0,332.0,0.07831978113449554,0.10667712857700393,0.1332765315364352,0.1877922809808291,0.11348482419443587,0.17206781068585605,0.10167930479061735,0.10670233810032678
333,333.0,333.0,0.07817328222825179,0.10657365893065687,0.1329148863307078,0.18764578207458532,0.11311397486894444,0.171557672347936,0.10370052949079318,0.10632021372812446
334,334.0,334.0,0.07817328222825179,0.10657365893065687,0.1329148863307078,0.18764578207458532,0.11311397486894444,0.171557672347936,0.10370052949079318,0.10632021372812446
335,335.0,335.0,0.07689877242433021,0.10648962531721148,0.13283085271726242,0.18756174846113993,0.11277784041516292,0.17459688803421053,0.102776159742894,0.10606811288778832
336,336.0,336.0,0.07670114396583219,0.10629199685871349,0.1354000226777367,0.1871664915441439,0.11238258349816688,0.17420163111721448,0.10238090282589796,0.10547522751229425
337,337.0,337.0,0.07508907884993074,0.10887460961396052,0.13193343314337228,0.1853592614057117,0.12172848127756848,0.17180616568466464,0.10060168389194757,0.10460728613284394
338,338.0,338.0,0.07488137251158147,0.1085275963900663,0.130006848556049,0.18497120851013488,0.12138146805367427,0.17200634808320547,0.10424099077749249,0.10398416711779604
339,339.0,339.0,0.07460806504741593,0.10812717359269082,0.13198123298833236,0.1856801147691614,0.12074295001820357,0.17003873545881656,0.10565748340007974,0.10316424472529946
340,340.0,340.0,0.07435135487691266,0.10775413658172275,0.1300910349774447,0.18525483115422264,0.12014468778201026,0.17300402894135142,0.10700581147254573,0.10239411421378963
341,341.0,341.0,0.07454309419298026,0.10765797760671669,0.13326959753558712,0.18220904893159623,0.11642534040120708,0.17217549268902427,0.11111243532147541,0.10260701332141273
342,342.0,342.0,0.07513128057063145,0.10721802837320078,0.13480919357491364,0.18461771284469053,0.11814461560952431,0.1683229215016233,0.11035568956380315,0.10140055796161271
343,343.0,343.0,0.07468300470856251,0.10682147664906283,0.13648160736801712,0.18688782778721927,0.11724806388538637,0.16781142724874973,0.10967752864426292,0.10038906370873915
344,344.0,344.0,0.07445551402266774,0.10652308911807769,0.13898561457491057,0.18654060020739407,0.1166651813330641,0.1660492809534965,0.11103749810270436,0.09974322168768493
345,345.0,345.0,0.07440773571401986,0.10651114454091573,0.13982173497624836,0.18648087732158422,0.11665323675590214,0.16547594124972204,0.11101360894838044,0.09963572049322719
346,346.0,346.0,0.07436098489588054,0.10649945683638089,0.1395646054764821,0.18642243879891007,0.1166415490513673,0.1692160067008674,0.10776442708769787,0.09953053115241373
347,347.0,347.0,0.07421442232438662,0.10628640490318483,0.13780085004294287,0.18722746053306702,0.11642849711817124,0.1713772684258731,0.10753993612453154,0.0991251605278427
348,348.0,348.0,0.07007493252154295,0.11008581275550422,0.13718666649412886,0.19808198845506414,0.10511679385937951,0.17338537440164425,0.10732814576856424,0.09874028574417171
349,349.0,349.0,0.06883083520159422,0.11878548361268282,0.1384693071420946,0.19561572363972812,0.10381646471655812,0.17120222323049,0.10601685171346216,0.0972631107433899
350,350.0,350.0,0.06859597202555458,0.12389946766784335,0.13701164715502284,0.19800314014479167,0.0993467383644788,0.1703963624246292,0.10581107709592281,0.09693559512175663
351,351.0,351.0,0.0673085320022655,0.1246540506111055,0.13630612652261537,0.20509582733181847,0.09752710307314541,0.16960862579019445,0.10439927925016268,0.0951004554186924
352,352.0,352.0,0.06629047570070404,0.1307415428777215,0.13388283121916544,0.20110894041967384,0.09618128790645394,0.17145483839671632,0.10318517539430624,0.09715490808525844
353,353.0,353.0,0.06530628876815563,0.13878192336100167,0.13179560480224686,0.19918712735088956,0.09472166455010765,0.16990414652824887,0.10210241137708347,0.09820083326226604
354,354.0,354.0,0.06449900537466535,0.142505154153198,0.13205291927747814,0.19597054827224153,0.09353339560321801,0.1697494369832087,0.10127298537524365,0.10041655496074638
355,355.0,355.0,0.06386579368259429,0.1395389694567812,0.1312093141496823,0.199996100192263,0.09603519120236773,0.1696527285522359,0.10054587049800942,0.09915603226606595
356,356.0,356.0,0.06334160013420718,0.13691800171484575,0.1333166995486636,0.20672997116000494,0.09518841700881935,0.1664969560564804,0.09991415006790191,0.0980942043090767
357,357.0,357.0,0.06327412375094132,0.136783048948314,0.13466622721398075,0.20652754201020737,0.09505346424228764,0.16609209775688524,0.09977919730137019,0.09782429877601326
358,358.0,358.0,0.06310921473522586,0.13615081156204437,0.13584747204441913,0.20522636335015773,0.0976470333076309,0.16560667592065698,0.09944937926993927,0.09696304980992561
359,359.0,359.0,0.06309031781261473,0.13603938001431842,0.1383503841974624,0.20510655455160687,0.09753560175990494,0.16371546985311553,0.09934846739399955,0.09681382441697736
360,360.0,360.0,0.06299016711617825,0.13591271632394913,0.13788828837094974,0.20486922049301487,0.09740893806953567,0.16285157387984064,0.09921128403184404,0.0988678117146875
