Total_iterations,Unnamed: 0.1,Intertwine_two,Add_vertex,Delete_vertex,Invert_path_vertices,Insert_inside_vertex,Delete_inside_vertex,Replace_inside_vertex,Donate_between_routes
0,0.0,0.125,0.125,0.125,0.125,0.125,0.125,0.125,0.125
1,1.0,0.125,0.125,0.125,0.125,0.125,0.125,0.125,0.125
2,2.0,0.125,0.125,0.125,0.125,0.125,0.125,0.125,0.125
3,3.0,0.125,0.125,0.125,0.125,0.125,0.125,0.125,0.125
4,4.0,0.125,0.125,0.125,0.125,0.125,0.125,0.125,0.125
5,5.0,0.125,0.125,0.125,0.125,0.125,0.125,0.125,0.125
6,6.0,0.125,0.125,0.125,0.125,0.125,0.125,0.125,0.125
7,7.0,0.125,0.125,0.125,0.125,0.125,0.125,0.125,0.125
8,8.0,0.125,0.125,0.125,0.125,0.125,0.125,0.125,0.125
9,9.0,0.125,0.125,0.125,0.125,0.125,0.125,0.125,0.125
10,10.0,0.125,0.125,0.125,0.125,0.125,0.125,0.125,0.125
11,11.0,0.125,0.125,0.125,0.125,0.125,0.125,0.125,0.125
12,12.0,0.125,0.125,0.125,0.125,0.125,0.125,0.125,0.125
13,13.0,0.125,0.125,0.125,0.125,0.125,0.125,0.125,0.125
14,14.0,0.125,0.125,0.125,0.125,0.125,0.125,0.125,0.125
15,15.0,0.125,0.125,0.125,0.125,0.125,0.125,0.125,0.125
16,16.0,0.125,0.125,0.125,0.125,0.125,0.125,0.125,0.125
17,17.0,0.125,0.125,0.125,0.125,0.125,0.125,0.125,0.125
18,18.0,0.125,0.125,0.125,0.125,0.125,0.125,0.125,0.125
19,19.0,0.125,0.125,0.125,0.125,0.125,0.125,0.125,0.125
20,20.0,0.125,0.125,0.125,0.125,0.125,0.125,0.125,0.125
21,21.0,0.125,0.125,0.125,0.125,0.125,0.125,0.125,0.125
22,22.0,0.125,0.125,0.125,0.125,0.125,0.125,0.125,0.125
23,23.0,0.125,0.125,0.125,0.125,0.125,0.125,0.125,0.125
24,24.0,0.125,0.125,0.125,0.125,0.125,0.125,0.125,0.125
25,25.0,0.125,0.125,0.125,0.125,0.125,0.125,0.125,0.125
26,26.0,0.125,0.125,0.125,0.125,0.125,0.125,0.125,0.125
27,27.0,0.125,0.125,0.125,0.125,0.125,0.125,0.125,0.125
28,28.0,0.125,0.125,0.125,0.125,0.125,0.125,0.125,0.125
29,29.0,0.125,0.125,0.125,0.125,0.125,0.125,0.125,0.125
30,30.0,0.125,0.125,0.125,0.125,0.125,0.125,0.125,0.125
31,31.0,0.125,0.125,0.125,0.125,0.125,0.125,0.125,0.125
32,32.0,0.125,0.125,0.125,0.125,0.125,0.125,0.125,0.125
33,33.0,0.125,0.125,0.125,0.125,0.125,0.125,0.125,0.125
34,34.0,0.125,0.125,0.125,0.125,0.125,0.125,0.125,0.125
35,35.0,0.125,0.125,0.125,0.125,0.125,0.125,0.125,0.125
36,36.0,0.125,0.125,0.125,0.125,0.125,0.125,0.125,0.125
37,37.0,0.125,0.125,0.125,0.125,0.125,0.125,0.125,0.125
38,38.0,0.125,0.125,0.125,0.125,0.125,0.125,0.125,0.125
39,39.0,0.125,0.125,0.125,0.125,0.125,0.125,0.125,0.125
40,40.0,0.125,0.125,0.125,0.125,0.125,0.125,0.125,0.125
41,41.0,0.125,0.125,0.125,0.125,0.125,0.125,0.125,0.125
42,42.0,0.125,0.125,0.125,0.125,0.125,0.125,0.125,0.125
43,43.0,0.125,0.125,0.125,0.125,0.125,0.125,0.125,0.125
44,44.0,0.125,0.125,0.125,0.125,0.125,0.125,0.125,0.125
45,45.0,0.125,0.125,0.125,0.125,0.125,0.125,0.125,0.125
46,46.0,0.125,0.125,0.125,0.125,0.125,0.125,0.125,0.125
47,47.0,0.125,0.125,0.125,0.125,0.125,0.125,0.125,0.125
48,48.0,0.125,0.125,0.125,0.125,0.125,0.125,0.125,0.125
49,49.0,0.125,0.125,0.125,0.125,0.125,0.125,0.125,0.125
50,50.0,0.125,0.125,0.125,0.125,0.125,0.125,0.125,0.125
51,51.0,0.125,0.125,0.125,0.125,0.125,0.125,0.125,0.125
52,52.0,0.125,0.125,0.125,0.125,0.125,0.125,0.125,0.125
53,53.0,0.125,0.125,0.125,0.125,0.125,0.125,0.125,0.125
54,54.0,0.125,0.125,0.125,0.125,0.125,0.125,0.125,0.125
55,55.0,0.125,0.125,0.125,0.125,0.125,0.125,0.125,0.125
56,56.0,0.125,0.125,0.125,0.125,0.125,0.125,0.125,0.125
57,57.0,0.125,0.125,0.125,0.125,0.125,0.125,0.125,0.125
58,58.0,0.125,0.125,0.125,0.125,0.125,0.125,0.125,0.125
59,59.0,0.125,0.125,0.125,0.125,0.125,0.125,0.125,0.125
60,60.0,0.125,0.125,0.125,0.125,0.125,0.125,0.125,0.125
61,61.0,0.125,0.125,0.125,0.125,0.125,0.125,0.125,0.125
62,62.0,0.125,0.125,0.125,0.125,0.125,0.125,0.125,0.125
63,63.0,0.125,0.125,0.125,0.125,0.125,0.125,0.125,0.125
64,64.0,0.125,0.125,0.125,0.125,0.125,0.125,0.125,0.125
65,65.0,0.125,0.125,0.125,0.125,0.125,0.125,0.125,0.125
66,66.0,0.125,0.125,0.125,0.125,0.125,0.125,0.125,0.125
67,67.0,0.125,0.125,0.125,0.125,0.125,0.125,0.125,0.125
68,68.0,0.125,0.125,0.125,0.125,0.125,0.125,0.125,0.125
69,69.0,0.125,0.125,0.125,0.125,0.125,0.125,0.125,0.125
70,70.0,0.125,0.125,0.125,0.125,0.125,0.125,0.125,0.125
71,71.0,0.125,0.125,0.125,0.125,0.125,0.125,0.125,0.125
72,72.0,0.125,0.125,0.125,0.125,0.125,0.125,0.125,0.125
73,73.0,0.125,0.125,0.125,0.125,0.125,0.125,0.125,0.125
74,74.0,0.125,0.125,0.125,0.125,0.125,0.125,0.125,0.125
75,75.0,0.125,0.125,0.125,0.125,0.125,0.125,0.125,0.125
76,76.0,0.125,0.125,0.125,0.125,0.125,0.125,0.125,0.125
77,77.0,0.125,0.125,0.125,0.125,0.125,0.125,0.125,0.125
78,78.0,0.125,0.125,0.125,0.125,0.125,0.125,0.125,0.125
79,79.0,0.125,0.125,0.125,0.125,0.125,0.125,0.125,0.125
80,80.0,0.125,0.125,0.125,0.125,0.125,0.125,0.125,0.125
81,81.0,0.125,0.125,0.125,0.125,0.125,0.125,0.125,0.125
82,82.0,0.125,0.125,0.125,0.125,0.125,0.125,0.125,0.125
83,83.0,0.125,0.125,0.125,0.125,0.125,0.125,0.125,0.125
84,84.0,0.125,0.125,0.125,0.125,0.125,0.125,0.125,0.125
85,85.0,0.125,0.125,0.125,0.125,0.125,0.125,0.125,0.125
86,86.0,0.125,0.125,0.125,0.125,0.125,0.125,0.125,0.125
87,87.0,0.125,0.125,0.125,0.125,0.125,0.125,0.125,0.125
88,88.0,0.125,0.125,0.125,0.125,0.125,0.125,0.125,0.125
89,89.0,0.125,0.125,0.125,0.125,0.125,0.125,0.125,0.125
90,90.0,0.125,0.125,0.125,0.125,0.125,0.125,0.125,0.125
91,91.0,0.125,0.125,0.125,0.125,0.125,0.125,0.125,0.125
92,92.0,0.125,0.125,0.125,0.125,0.125,0.125,0.125,0.125
93,93.0,0.125,0.125,0.125,0.125,0.125,0.125,0.125,0.125
94,94.0,0.125,0.125,0.125,0.125,0.125,0.125,0.125,0.125
95,95.0,0.125,0.125,0.125,0.125,0.125,0.125,0.125,0.125
96,96.0,0.125,0.125,0.125,0.125,0.125,0.125,0.125,0.125
97,97.0,0.125,0.125,0.125,0.125,0.125,0.125,0.125,0.125
98,98.0,0.125,0.125,0.125,0.125,0.125,0.125,0.125,0.125
99,99.0,0.125,0.125,0.125,0.125,0.125,0.125,0.125,0.125
100,100.0,0.125,0.125,0.125,0.125,0.125,0.125,0.125,0.125
101,101.0,0.125,0.125,0.125,0.125,0.125,0.125,0.125,0.125
102,102.0,0.125,0.125,0.125,0.125,0.125,0.125,0.125,0.125
103,103.0,0.125,0.125,0.125,0.125,0.125,0.125,0.125,0.125
104,104.0,0.125,0.125,0.125,0.125,0.125,0.125,0.125,0.125
105,105.0,0.125,0.125,0.125,0.125,0.125,0.125,0.125,0.125
106,106.0,0.125,0.125,0.125,0.125,0.125,0.125,0.125,0.125
107,107.0,0.125,0.125,0.125,0.125,0.125,0.125,0.125,0.125
108,108.0,0.125,0.125,0.125,0.125,0.125,0.125,0.125,0.125
109,109.0,0.125,0.125,0.125,0.125,0.125,0.125,0.125,0.125
110,110.0,0.125,0.125,0.125,0.125,0.125,0.125,0.125,0.125
111,111.0,0.125,0.125,0.125,0.125,0.125,0.125,0.125,0.125
112,112.0,0.125,0.125,0.125,0.125,0.125,0.125,0.125,0.125
113,113.0,0.125,0.125,0.125,0.125,0.125,0.125,0.125,0.125
114,114.0,0.125,0.125,0.125,0.125,0.125,0.125,0.125,0.125
115,115.0,0.125,0.125,0.125,0.125,0.125,0.125,0.125,0.125
116,116.0,0.125,0.125,0.125,0.125,0.125,0.125,0.125,0.125
117,117.0,0.125,0.125,0.125,0.125,0.125,0.125,0.125,0.125
118,118.0,0.125,0.125,0.125,0.125,0.125,0.125,0.125,0.125
119,119.0,0.125,0.125,0.125,0.125,0.125,0.125,0.125,0.125
120,120.0,0.125,0.125,0.125,0.125,0.125,0.125,0.125,0.125
121,121.0,0.125,0.125,0.125,0.125,0.125,0.125,0.125,0.125
122,122.0,0.125,0.125,0.125,0.125,0.125,0.125,0.125,0.125
123,123.0,0.125,0.125,0.125,0.125,0.125,0.125,0.125,0.125
124,124.0,0.125,0.125,0.125,0.125,0.125,0.125,0.125,0.125
125,125.0,0.125,0.125,0.125,0.125,0.125,0.125,0.125,0.125
126,126.0,0.125,0.125,0.125,0.125,0.125,0.125,0.125,0.125
127,127.0,0.125,0.125,0.125,0.125,0.125,0.125,0.125,0.125
128,128.0,0.125,0.125,0.125,0.125,0.125,0.125,0.125,0.125
129,129.0,0.125,0.125,0.125,0.125,0.125,0.125,0.125,0.125
130,130.0,0.125,0.125,0.125,0.125,0.125,0.125,0.125,0.125
131,131.0,0.125,0.125,0.125,0.125,0.125,0.125,0.125,0.125
132,132.0,0.125,0.125,0.125,0.125,0.125,0.125,0.125,0.125
133,133.0,0.125,0.125,0.125,0.125,0.125,0.125,0.125,0.125
134,134.0,0.125,0.125,0.125,0.125,0.125,0.125,0.125,0.125
135,135.0,0.125,0.125,0.125,0.125,0.125,0.125,0.125,0.125
136,136.0,0.125,0.125,0.125,0.125,0.125,0.125,0.125,0.125
137,137.0,0.125,0.125,0.125,0.125,0.125,0.125,0.125,0.125
138,138.0,0.125,0.125,0.125,0.125,0.125,0.125,0.125,0.125
139,139.0,0.125,0.125,0.125,0.125,0.125,0.125,0.125,0.125
140,140.0,0.125,0.125,0.125,0.125,0.125,0.125,0.125,0.125
141,141.0,0.125,0.125,0.125,0.125,0.125,0.125,0.125,0.125
142,142.0,0.125,0.125,0.125,0.125,0.125,0.125,0.125,0.125
143,143.0,0.125,0.125,0.125,0.125,0.125,0.125,0.125,0.125
144,144.0,0.125,0.125,0.125,0.125,0.125,0.125,0.125,0.125
145,145.0,0.125,0.125,0.125,0.125,0.125,0.125,0.125,0.125
146,146.0,0.125,0.125,0.125,0.125,0.125,0.125,0.125,0.125
147,147.0,0.125,0.125,0.125,0.125,0.125,0.125,0.125,0.125
148,148.0,0.125,0.125,0.125,0.125,0.125,0.125,0.125,0.125
149,149.0,0.125,0.125,0.125,0.125,0.125,0.125,0.125,0.125
150,150.0,0.125,0.125,0.125,0.125,0.125,0.125,0.125,0.125
151,151.0,0.125,0.125,0.125,0.125,0.125,0.125,0.125,0.125
152,152.0,0.125,0.125,0.125,0.125,0.125,0.125,0.125,0.125
153,153.0,0.125,0.125,0.125,0.125,0.125,0.125,0.125,0.125
154,154.0,0.125,0.125,0.125,0.125,0.125,0.125,0.125,0.125
155,155.0,0.125,0.125,0.125,0.125,0.125,0.125,0.125,0.125
156,156.0,0.125,0.125,0.125,0.125,0.125,0.125,0.125,0.125
157,157.0,0.125,0.125,0.125,0.125,0.125,0.125,0.125,0.125
158,158.0,0.125,0.125,0.125,0.125,0.125,0.125,0.125,0.125
159,159.0,0.125,0.125,0.125,0.125,0.125,0.125,0.125,0.125
160,160.0,0.125,0.125,0.125,0.125,0.125,0.125,0.125,0.125
161,161.0,0.125,0.125,0.125,0.125,0.125,0.125,0.125,0.125
162,162.0,0.125,0.125,0.125,0.125,0.125,0.125,0.125,0.125
163,163.0,0.125,0.125,0.125,0.125,0.125,0.125,0.125,0.125
164,164.0,0.125,0.125,0.125,0.125,0.125,0.125,0.125,0.125
165,165.0,0.125,0.125,0.125,0.125,0.125,0.125,0.125,0.125
166,166.0,0.125,0.125,0.125,0.125,0.125,0.125,0.125,0.125
167,167.0,0.125,0.125,0.125,0.125,0.125,0.125,0.125,0.125
168,168.0,0.125,0.125,0.125,0.125,0.125,0.125,0.125,0.125
169,169.0,0.125,0.125,0.125,0.125,0.125,0.125,0.125,0.125
170,170.0,0.125,0.125,0.125,0.125,0.125,0.125,0.125,0.125
171,171.0,0.125,0.125,0.125,0.125,0.125,0.125,0.125,0.125
172,172.0,0.125,0.125,0.125,0.125,0.125,0.125,0.125,0.125
173,173.0,0.125,0.125,0.125,0.125,0.125,0.125,0.125,0.125
174,174.0,0.125,0.125,0.125,0.125,0.125,0.125,0.125,0.125
175,175.0,0.125,0.125,0.125,0.125,0.125,0.125,0.125,0.125
176,176.0,0.125,0.125,0.125,0.125,0.125,0.125,0.125,0.125
177,177.0,0.125,0.125,0.125,0.125,0.125,0.125,0.125,0.125
178,178.0,0.125,0.125,0.125,0.125,0.125,0.125,0.125,0.125
179,179.0,0.125,0.125,0.125,0.125,0.125,0.125,0.125,0.125
180,180.0,0.125,0.125,0.125,0.125,0.125,0.125,0.125,0.125
181,181.0,0.125,0.125,0.125,0.125,0.125,0.125,0.125,0.125
182,182.0,0.125,0.125,0.125,0.125,0.125,0.125,0.125,0.125
183,183.0,0.125,0.125,0.125,0.125,0.125,0.125,0.125,0.125
184,184.0,0.125,0.125,0.125,0.125,0.125,0.125,0.125,0.125
185,185.0,0.125,0.125,0.125,0.125,0.125,0.125,0.125,0.125
186,186.0,0.125,0.125,0.125,0.125,0.125,0.125,0.125,0.125
187,187.0,0.125,0.125,0.125,0.125,0.125,0.125,0.125,0.125
188,188.0,0.125,0.125,0.125,0.125,0.125,0.125,0.125,0.125
189,189.0,0.125,0.125,0.125,0.125,0.125,0.125,0.125,0.125
190,190.0,0.125,0.125,0.125,0.125,0.125,0.125,0.125,0.125
191,191.0,0.125,0.125,0.125,0.125,0.125,0.125,0.125,0.125
192,192.0,0.125,0.125,0.125,0.125,0.125,0.125,0.125,0.125
193,193.0,0.125,0.125,0.125,0.125,0.125,0.125,0.125,0.125
194,194.0,0.125,0.125,0.125,0.125,0.125,0.125,0.125,0.125
195,195.0,0.125,0.125,0.125,0.125,0.125,0.125,0.125,0.125
196,196.0,0.125,0.125,0.125,0.125,0.125,0.125,0.125,0.125
197,197.0,0.125,0.125,0.125,0.125,0.125,0.125,0.125,0.125
198,198.0,0.125,0.125,0.125,0.125,0.125,0.125,0.125,0.125
199,199.0,0.125,0.125,0.125,0.125,0.125,0.125,0.125,0.125
200,200.0,0.125,0.125,0.125,0.125,0.125,0.125,0.125,0.125
201,201.0,0.125,0.125,0.125,0.125,0.125,0.125,0.125,0.125
202,202.0,0.125,0.125,0.125,0.125,0.125,0.125,0.125,0.125
203,203.0,0.125,0.125,0.125,0.125,0.125,0.125,0.125,0.125
204,204.0,0.125,0.125,0.125,0.125,0.125,0.125,0.125,0.125
205,205.0,0.125,0.125,0.125,0.125,0.125,0.125,0.125,0.125
206,206.0,0.125,0.125,0.125,0.125,0.125,0.125,0.125,0.125
207,207.0,0.125,0.125,0.125,0.125,0.125,0.125,0.125,0.125
208,208.0,0.1248611111111111,0.1248611111111111,0.1259722222222222,0.1248611111111111,0.1248611111111111,0.1248611111111111,0.1248611111111111,0.1248611111111111
209,209.0,0.1246125,0.1246125,0.1267125,0.1246125,0.1246125,0.1256125,0.1246125,0.1246125
210,210.0,0.1251858068181818,0.1242767159090909,0.1272548068181818,0.1242767159090909,0.1242767159090909,0.1261758068181818,0.1242767159090909,0.1242767159090909
211,211.0,0.1257567430681818,0.1239476521590909,0.1277771530681818,0.1239476521590909,0.1239476521590909,0.1267278430681818,0.1239476521590909,0.1239476521590909
212,212.0,0.1261809475554293,0.1234890384645202,0.1281374224554293,0.1234890384645202,0.1234890384645202,0.1271253265554293,0.1246001495756313,0.1234890384645202
213,213.0,0.1263312251487007,0.1228565472699129,0.1292105937097007,0.1228565472699129,0.1228565472699129,0.1280754447920341,0.1249565472699129,0.1228565472699129
214,214.0,0.1262400314180267,0.1220122750756025,0.1299303014974077,0.1220122750756025,0.1231233861867136,0.129679089686351,0.1249903659846934,0.1220122750756025
215,215.0,0.125935280910964,0.1210528007454606,0.1303336111712455,0.1218220315146913,0.124097245189905,0.1308996856434791,0.1248065440787939,0.1210528007454606
216,216.0,0.1254509505697958,0.1200060657431981,0.1304617824595157,0.1214818899190223,0.12489040762354,0.1317797318639664,0.124439589594247,0.1214895822267146
217,217.0,0.1249664350879379,0.1189984063431926,0.1305553332021783,0.1211668349146212,0.125677846685073,0.1326082191230082,0.1240763204985982,0.1219506041453904
218,218.0,0.1243205419682215,0.1188699354131624,0.1311100744396516,0.1207114522263492,0.1261201479889866,0.1331610172231576,0.123498999722913,0.122207831017558
219,219.0,0.1235944093641712,0.1186016511830425,0.1324485654843058,0.1201928699080176,0.1263644852150865,0.1335681591072942,0.1228427976509437,0.1223870620871384
220,220.0,0.122885140732079,0.1183738541887795,0.1337426828086126,0.1197044119276337,0.1265918477625294,0.1339219571599961,0.1222039826148567,0.1225761228055128
221,221.0,0.1221223847853124,0.1180332585252152,0.1348324074598484,0.1191721928554491,0.1266501443221915,0.1349817835414556,0.1215114464856671,0.1226963820248604
222,222.0,0.1213231970688859,0.1183719392933046,0.1357354399669666,0.118609990245445,0.1265638570354127,0.135856413844959,0.1207815659880563,0.1227575965569697
223,223.0,0.1205151177844137,0.1185899816951801,0.1362695453037495,0.1181475927828821,0.127081245274222,0.1365742737754982,0.1200412795113265,0.1227809638727276
224,224.0,0.1196839483833767,0.1193444303156055,0.1367407714708593,0.1176606420961402,0.1274249544168593,0.1371225247747272,0.1192758620199886,0.122746866522443
225,225.0,0.1188057231052763,0.1199002278660703,0.1369263363541685,0.1171228633904444,0.1281540907201119,0.1374316301881909,0.1190799419432988,0.1225791864324386
226,226.0,0.1179375222275746,0.1209057150915115,0.1369829924500309,0.1165883096917219,0.1287114755670706,0.1376095983942806,0.1188849783203913,0.1223794082574184
227,227.0,0.1170874338157409,0.121745410635837,0.1374794366252522,0.1160624125329945,0.1291103442418233,0.1376685804251369,0.1186932336388488,0.1221531480843662
228,228.0,0.1162494329079924,0.1224154701068971,0.1378260171465337,0.1160620925388482,0.1294534538549062,0.1376073424772845,0.1184935888520362,0.1218926021155016
229,229.0,0.1153879984283324,0.1229855049989685,0.1379083143783906,0.1159920173857671,0.1295647547426896,0.1384791599267403,0.1181628047503495,0.1215194453887619
230,230.0,0.1145260593051122,0.1233794506595661,0.1377641780950187,0.1158726560247166,0.129479592119918,0.139121516036785,0.1183189802150094,0.1215375675438738
231,231.0,0.1137051571789976,0.1240975279939887,0.1375163083660075,0.115640745208639,0.1292837746335971,0.1396495487354923,0.1185835348420212,0.1215234030412563
232,232.0,0.1129365093072227,0.1247750554507077,0.1372246609231719,0.1154282881810554,0.1290548487237535,0.1401154830116533,0.1188572296545528,0.1216079247478826
233,233.0,0.1122215872563674,0.1254082407989971,0.1369956229828441,0.1152344746466885,0.1287973425479089,0.1405198798780572,0.1191353417419976,0.121687510147139
234,234.0,0.1116404426227789,0.1258755562158077,0.1366740542485086,0.115018880602651,0.1288713673144076,0.1408045884722565,0.1193938323048296,0.1217212782187598
235,235.0,0.1111122609217973,0.1262946001571743,0.1364228672320512,0.114820458008541,0.1289218368280497,0.1410311350649853,0.1196488304006128,0.1217480113867882
236,236.0,0.1106178948716061,0.1269729634821836,0.1360930620313338,0.1146023034179843,0.1289560927239435,0.1411477839211116,0.1198790024895284,0.1217308970623083
237,237.0,0.1101696807422198,0.1274952265329436,0.1357058480537003,0.1143781267789412,0.1292973600633578,0.1411735512093042,0.1200953036259658,0.121684902993567
238,238.0,0.109782485482852,0.1279767767063714,0.1353158383166186,0.1133693989697243,0.129723612407187,0.1418765531277601,0.1203119578938084,0.1216433770956779
239,239.0,0.1093467051415261,0.1284532686646708,0.1354865051425028,0.1123370102641018,0.1300730880558517,0.142337500471092,0.1204670084672882,0.1214989137929664
240,240.0,0.1088729545504245,0.1289284352369383,0.1361448060607041,0.1112940098265082,0.1303500268234094,0.1425798442680107,0.1205652732544894,0.1212646499795152
241,241.0,0.1083702729706298,0.1297107396770474,0.1368256052653557,0.1102518068641378,0.1306528734754683,0.1426250710503899,0.1206112176222442,0.1209524130747266
242,242.0,0.1083866185565127,0.1302778809267778,0.1372876684947253,0.1091895793378819,0.1307972264216981,0.1429251170806226,0.1205936883562356,0.1205422208255457
243,243.0,0.10833969658007,0.1310119777711536,0.137547377060026,0.1087374443939163,0.1307941208916424,0.1430047529398004,0.1205180473243812,0.1200465830390098
244,244.0,0.1085921203313815,0.1315381169755423,0.1377123799178105,0.1082531400875789,0.1306547612717538,0.142882676742156,0.1203895365705241,0.1199772681032527
245,245.0,0.1087868395468337,0.1318794809072429,0.1377164200563553,0.107752829065468,0.1304038106156462,0.1429329035902176,0.1207003216661997,0.1198273945520363
246,246.0,0.1089911421840814,0.1320688674443551,0.1376818751852793,0.1076184845675103,0.1300739030507438,0.142899934080064,0.1209958118093239,0.119669981678642
247,247.0,0.1092012111534008,0.132115909715694,0.1376121335330837,0.1075032849769263,0.1299963668252216,0.1427903782396888,0.1212741737331347,0.1195065418228498
248,248.0,0.1094027203116383,0.1320182322675111,0.137811429345792,0.1073952497811814,0.1298305731330401,0.1426910408537544,0.1215230910458785,0.119327663261204
249,249.0,0.1095468317658042,0.1319403565110258,0.1378785787176837,0.107277850087822,0.1296277746958944,0.1429316956603595,0.121707912694019,0.1190889998673912
250,250.0,0.109705868039788,0.1318305369840893,0.1379338468068436,0.1072010025913492,0.1294249741039266,0.1431550874713346,0.1218817433760785,0.11886694062659
251,251.0,0.1098662894034112,0.131680196246146,0.1379666077993919,0.1071517680373867,0.1292113295656685,0.1433494474068717,0.1221227727106734,0.1186515888304504
252,252.0,0.1098273150967084,0.1313351788774887,0.1377401548651589,0.1069486684865481,0.1288303509729444,0.1432771051252539,0.1233610547520994,0.1186801718237981
253,253.0,0.1097867871399447,0.1309601468470586,0.1375834139052885,0.1067689127347479,0.1284443256493115,0.1431784749518905,0.1245637201116677,0.1187142186600904
254,254.0,0.1097543486183089,0.1305730303297864,0.1374218148534148,0.1066203477509369,0.1280687969095459,0.1430669530675827,0.1257327835431393,0.1187619249272848
255,255.0,0.1095541399417221,0.1300374774622852,0.1374609937070705,0.1063448437949075,0.1285650389054148,0.1428195306916602,0.1265900188511318,0.1186279566458077
256,256.0,0.1093627777410494,0.1295009757377722,0.1374973001091338,0.1060986964853641,0.1290682004729155,0.1425651439505907,0.1274009426734028,0.1185059628297713
257,257.0,0.109181290990706,0.1289689850591939,0.1375306582407434,0.1058814316307534,0.1295725580392097,0.1423070331482996,0.1281620769203017,0.118395965970792
258,258.0,0.1089605070131626,0.1284297075620759,0.1374610293476287,0.1056590003007949,0.1300562817620886,0.1423648184655985,0.1288374558735635,0.118231199675087
259,259.0,0.1087054095247607,0.1278888800878586,0.1382971007288854,0.1054333742255539,0.1305162131732802,0.1427136401296633,0.12842813204225,0.1180172500877476
260,260.0,0.1084635193130086,0.1273659120628404,0.1391230185663408,0.1052348214480032,0.1309639783436875,0.1430578293660997,0.1279743612508242,0.1178165596491952
261,261.0,0.1081834543821876,0.126838008205108,0.1398348245727193,0.1050251346354104,0.1313700772284414,0.1436538184181504,0.1274453914969104,0.1176492910610721
262,262.0,0.1078698039229231,0.1263095397614956,0.1404334376424282,0.1048914343631061,0.1317332140922451,0.1444772681952719,0.126852286147288,0.1174330158752416
263,263.0,0.1075639817721647,0.1257967735523762,0.1409947016180948,0.1047728867904958,0.1321497252086162,0.1452700897592242,0.1262302814470625,0.1172215598519655
264,264.0,0.1073145677570137,0.1252899876049102,0.1414419432619895,0.104643748217271,0.1325198452939458,0.1462605039817067,0.125562952954663,0.1169664509284999
265,265.0,0.1070498855712843,0.1248034961928132,0.141789243351761,0.1045138802575811,0.1328549976252308,0.1474362611413318,0.1248702993312663,0.1166819365287315
266,266.0,0.1068051433366503,0.1243504796042555,0.142105192007441,0.1044053441848417,0.133165672282149,0.1485705176486511,0.1241824692813783,0.116415181654633
267,267.0,0.1065807944803485,0.1239321205227687,0.142389764885882,0.1043170921710853,0.1334512102855679,0.149656081003822,0.1235058587481472,0.1161670779023784
268,268.0,0.1063447850885925,0.1235383841002885,0.1429013183521525,0.104226472954207,0.1337005172326312,0.1505686853186151,0.1228246065088954,0.1158952304446177
269,269.0,0.106099431631426,0.1231703422093327,0.1433092162321616,0.1041338229950749,0.1339143199336974,0.1516245649700493,0.1221451828050046,0.1156031192232533
270,270.0,0.1058469307009882,0.1228287086993338,0.1436169652914637,0.1040394776348566,0.1340936336700309,0.1528067759544369,0.1214734047873287,0.1152941032615611
271,271.0,0.1055893522678141,0.1225138691385974,0.1438287734206452,0.1039437700098654,0.134239724272043,0.1540986616026138,0.1208144458100252,0.1149714034783958
272,272.0,0.1053538440376323,0.1222343139181789,0.1440082663640466,0.1038638362035773,0.13436247453752,0.1553159077842325,0.1201896563395787,0.1146717008152336
273,273.0,0.1051153439884117,0.1219809067949062,0.1440980571814002,0.1037820914494956,0.1344545876361161,0.1566218732110235,0.1195850605973189,0.1143620791413277
274,274.0,0.1040799613089145,0.1214122844566619,0.1423081492525976,0.109812423688124,0.1337223781253525,0.1572066414132756,0.1182084836569423,0.1132496780981314
275,275.0,0.1038707350469604,0.12078119908887,0.1403668589789901,0.1155985016879852,0.1327893266199991,0.1574985071684429,0.1167751601069351,0.1123197113018172
276,276.0,0.1034984333333559,0.1200663871437476,0.1382925459265682,0.1212764028343234,0.131676850582063,0.157767607818203,0.1152906843664178,0.1121310879953209
277,277.0,0.102989876356757,0.1192864433906834,0.1361205798746272,0.1278919971238372,0.1304214998522298,0.1577120552471907,0.1137780732844688,0.1117994748702057
278,278.0,0.1023678952541341,0.1184573656811519,0.1342824690441308,0.1345788605587333,0.1290549102117251,0.157655590257343,0.1122569766761246,0.1113459323166569
279,279.0,0.1017286443480738,0.1178585142066732,0.1324061829375671,0.1411084181857891,0.1276337717225434,0.157616950820963,0.1107823936367918,0.1108651241415986
280,280.0,0.1013722238690895,0.1171865884546503,0.1305100986643567,0.1474324962462104,0.1261743028971028,0.1575994895189469,0.1093629910587627,0.1103618092908804
281,281.0,0.1010285417489548,0.1164826629071333,0.1286762373624806,0.1534019423784637,0.1247103046541491,0.1577885139679717,0.10803033642521,0.1098814605556367
282,282.0,0.1006820292291257,0.115747704873322,0.1268768352097222,0.1592577349637945,0.1232487184402177,0.1580111911222252,0.1067776338081744,0.109398152353418
283,283.0,0.100255052594551,0.1149458850196228,0.1251126110349146,0.1651798725756748,0.1217111116554594,0.1583781057476795,0.1055713981115997,0.1088459632604981
284,284.0,0.1006729372064935,0.1140998516944125,0.1228566519930633,0.1706196288044727,0.120180655944286,0.1593422883189098,0.103928711168121,0.1082992748702411
285,285.0,0.1015337008923357,0.1132112738805118,0.1207797895750772,0.1755297972022771,0.1185728175069002,0.159947999229414,0.1028138883056999,0.1076107334077839
286,286.0,0.1023649123875362,0.1123486623906251,0.1187293040614947,0.1799797435788016,0.1169891965741772,0.1610421523316816,0.1016680100428904,0.1068780186327929
287,287.0,0.1025745443235024,0.111479696625361,0.1167593595248118,0.1848107388693518,0.1154545122027748,0.1621484032976144,0.1006159691961985,0.1061567759603852
288,288.0,0.1027755290370374,0.110674152894035,0.1148975997696745,0.189205996564986,0.1140214501809182,0.1630842565786125,0.099664420265345,0.105676594709391
289,289.0,0.1029659119675414,0.109933474618664,0.1131496654202593,0.1931645982244345,0.1126939090819691,0.1640592512580315,0.0988122899242497,0.1052208995048504
290,290.0,0.1030600288336325,0.1093423533108735,0.1115195545676629,0.196690098756765,0.1114743498856478,0.1648616754130792,0.0980576329393912,0.1049943062929478
291,291.0,0.1031121902529876,0.1087866193667597,0.1101512656222391,0.1997608032992024,0.1103054353594503,0.1658745012626863,0.0972807792765855,0.1047284055600888
292,292.0,0.1031253258583678,0.1082680432901565,0.1088463929201799,0.2023909882068325,0.1091935420823866,0.1672564363292808,0.0964912209417759,0.1044280503710198
293,293.0,0.1031023575799331,0.1077877284144955,0.1082777191603999,0.204597795626176,0.1081435949084472,0.1682959144271855,0.0956971400777777,0.104097749805585
294,294.0,0.1030205636673928,0.1075320979722537,0.1077286126594903,0.2063623476794576,0.1071143592218882,0.1691593846990726,0.0953537295796866,0.1037289045207579
295,295.0,0.1029087538466638,0.1073134213480591,0.107216783892017,0.2077451005254455,0.1061536477357076,0.1701439896505323,0.0949946857706929,0.1035236172308817
296,296.0,0.1027456611342687,0.107062565025574,0.1067221190543021,0.2089769495502579,0.1052206511070927,0.1709552731943213,0.0950336399232891,0.103283141010894
297,297.0,0.1025357554928037,0.1070192586503284,0.1068222101834788,0.2098326356541329,0.1043187509563178,0.1714249124360103,0.0950361721424368,0.103010304484491
298,298.0,0.1017328556383434,0.1070211751121057,0.1069913055546992,0.2109806174197807,0.1035202312488021,0.1719032717784736,0.0951007042718093,0.1027498389759857
299,299.0,0.1008768009249303,0.1070339127728957,0.1072191490890786,0.2121832101820269,0.102760199209043,0.1722730685112259,0.0951933503582726,0.1024603089525268
300,300.0,0.0999352039630522,0.1069715795333168,0.1073863369390962,0.2130672553653276,0.1024965124533046,0.1724700279069536,0.0955912655308489,0.1020818183080998
301,301.0,0.0989380731728973,0.1068523277423229,0.1075495419484613,0.2136220031630044,0.1022075515188988,0.1726818008463333,0.0959961648933049,0.1021525367147769
302,302.0,0.0979465426766531,0.106925229779694,0.1073435752787142,0.2139062035804078,0.1019675358086683,0.1728779368237561,0.0968109173584645,0.1022220586936419
303,303.0,0.0969815316724719,0.1070131840554016,0.1071524350332136,0.2139738150921539,0.1017798414835072,0.1729021674299422,0.0979062767019703,0.1022907485313389
304,304.0,0.0960628588340097,0.1071266263156756,0.1070150115104516,0.2138586409865115,0.1016667543738013,0.1728740049985176,0.0990124594117836,0.102383643569249
305,305.0,0.0949015251840596,0.1072597515996299,0.1068949901851341,0.2134855828762794,0.1020483943178468,0.1728759429867962,0.100109594399862,0.1024242184503916
306,306.0,0.0939076748087316,0.107386880792607,0.10639981589804,0.2127881430799089,0.1028529887552745,0.1727294203582015,0.1011676360914376,0.1027674402157986
307,307.0,0.0929651960574052,0.1075266422606889,0.1059960444380601,0.2119610369081222,0.1036988469906364,0.172464453862059,0.1022845030630624,0.1031032764199655
308,308.0,0.0920115799193552,0.1077987121896607,0.1056485725331304,0.2112528660066716,0.1044282639092612,0.1721817110772698,0.103329686089707,0.1033486082749436
309,309.0,0.0910544180488222,0.1081944942168033,0.1054280417591902,0.2102431843221898,0.1050408038214911,0.1718181314141198,0.104297987286886,0.1039229391304973
310,310.0,0.0901339024649096,0.1085964212218161,0.1051957650061123,0.2092670020733656,0.1056204856657355,0.1715254337899681,0.1052021617475572,0.1044588280305353
311,311.0,0.0892702925379738,0.1090654985639184,0.1049642051924861,0.2082227120781147,0.1061915667409252,0.1712828048938406,0.1060423074761858,0.1049606125165549
312,312.0,0.0884653194802131,0.1095140667811214,0.1047326673328282,0.207126123368564,0.106748057818902,0.1710920106362708,0.1068151853449926,0.1055065692371075
313,313.0,0.0876623905121401,0.1097995685387966,0.1054728096198053,0.205853125160601,0.1071458438769026,0.1708151226999056,0.1073796851059224,0.1058714544859261
314,314.0,0.0869193362755954,0.1101398864509884,0.1062022451890659,0.2045576969642127,0.1075207151639661,0.1705926488146686,0.1078748008365901,0.1061926703049124
315,315.0,0.0862193923412938,0.1103879392679286,0.1068992357943184,0.2032196565347539,0.1080444491831565,0.1703913852200607,0.1082970894493315,0.1065408522091562
316,316.0,0.0854589214304839,0.1106470029161328,0.1073438890625331,0.2017510413392766,0.108405996045031,0.1711121573574106,0.1085472442465557,0.1067337476025759
317,317.0,0.0846887409951314,0.1109603995647241,0.1081409335697411,0.2002157626545856,0.1086841823469962,0.1715134747900288,0.1089152024900824,0.1068813035887101
318,318.0,0.0839178846935654,0.1111806682153389,0.1087048567410859,0.1994836514983624,0.1088672371776355,0.1717537861376527,0.1091585189282057,0.1069333966081531
319,319.0,0.0831508032645632,0.1113171470691132,0.1091766392147621,0.1986642842543603,0.1089650712236197,0.1721809007540751,0.1088876014986945,0.1076575527208117
320,320.0,0.082388816870966,0.1113658790041673,0.1094536714019815,0.1977713542923521,0.1089588722945435,0.1723609267331195,0.1087842005761156,0.1089162788267542
321,321.0,0.0816547135288471,0.1113508290487002,0.11037380047066,0.1968386563412678,0.1088886294867277,0.1722960697780304,0.1085990454054485,0.1099982559403181
322,322.0,0.080947029235463,0.1112779145657075,0.1112101048885544,0.1958746679246993,0.1087608382905131,0.1720651990555044,0.1089647498357954,0.1108994962037626
323,323.0,0.0802631756952332,0.1111417630542659,0.1124438598572318,0.1948858700338378,0.1085563983439509,0.1720083487373992,0.109099079566025,0.1116015047120561
324,324.0,0.07960059232071,0.1109483068426947,0.1134340480797415,0.1938780240442184,0.1088384145870502,0.1718228433248378,0.1090174739867179,0.1124602968140293
325,325.0,0.0789630199381413,0.1107048425825857,0.1148496818298301,0.1928625272333104,0.1090254025827636,0.1717396855783708,0.1087387323603284,0.1131161078946696
326,326.0,0.0783534143994599,0.1104182681464459,0.1166412736631998,0.1918493808786545,0.1091240471918938,0.1717521893437846,0.1082814069947146,0.1135800193818466
327,327.0,0.0778086067208741,0.1101296649861267,0.1183366405589889,0.1909056972539085,0.1092101300350072,0.1718230884786081,0.1078081526903325,0.1139780192761539
328,328.0,0.0773270783382428,0.10984200029192,0.1199262604948699,0.1900334800674115,0.1092839247465449,0.1719504595762659,0.1076583847899774,0.1139784116947674
329,329.0,0.076878450596347,0.1095249187028079,0.121729216000219,0.1891816293139441,0.1096008024643803,0.1719073691879358,0.1073489545041765,0.1138286592301891
330,330.0,0.0764571271930031,0.1091823698382727,0.1236807768122656,0.1883496178919926,0.1101426003229765,0.1717650679571047,0.1068913707960819,0.1135310691883028
331,331.0,0.0760832076046557,0.1088392926359355,0.1256127738711575,0.1875818791783718,0.1106283416409667,0.1717550057286904,0.1063397813572749,0.1131597179829473
332,332.0,0.0757637562599566,0.1085075791506216,0.12740308391101,0.1868877289036529,0.1110927512900714,0.1718006499149166,0.1057941013714395,0.1127503491983313
333,333.0,0.0754871604078485,0.1081803855434681,0.1290369329025587,0.1862573892865532,0.1114975557707601,0.1717933874564376,0.105463963888397,0.1122832247439767
334,334.0,0.0752650853591552,0.1078698440309019,0.130546176529234,0.1857039675590438,0.1118780439943618,0.1717844940927214,0.1051492058096828,0.111803182624899
335,335.0,0.07496684880363,0.1075689914572453,0.131919779529912,0.1852169027880963,0.112199229258971,0.1720781434165565,0.1047589998008611,0.1112911049447277
336,336.0,0.0746979922940145,0.1072676676337043,0.1334220499584431,0.1847624672592743,0.1124545564169816,0.172328089562485,0.1043484603006423,0.1107187165744547
337,337.0,0.0743148464404886,0.1072449807602921,0.1344472141178776,0.18419679251234,0.1136182209079431,0.1723322299661129,0.103781377282303,0.1100643380126425
338,338.0,0.0739569868625748,0.1072061575403684,0.1351520655928912,0.1836605046394752,0.1147119202311154,0.1723507139264177,0.1036031363204485,0.1093585148867086
339,339.0,0.0736168263525259,0.1071443887511965,0.1359324181932635,0.1832618432185061,0.1156990932966489,0.172167144569821,0.1035907472616086,0.1085875383564294
340,340.0,0.0732949232633805,0.1070613209882599,0.1364062038804604,0.1828847022936466,0.1165781613992253,0.1722771774060274,0.103735097277284,0.1077624134917158
341,341.0,0.0730349487308917,0.1069838722600511,0.1370873155657217,0.1822643985276161,0.1170330532172915,0.1723006218487336,0.1043083818182375,0.1069874080314566
342,342.0,0.0728748717440378,0.1068769145347781,0.1378160985060882,0.1819464380335379,0.1176083062462221,0.1719352134368321,0.1048167038643607,0.1061254536341429
343,343.0,0.0727085389579283,0.1067444085480029,0.1386091754824166,0.181913997831232,0.1180417418934788,0.1715190735214813,0.1052617674709121,0.1052012962945479
344,344.0,0.0725558350393466,0.1065960850878173,0.1395520698006575,0.181899817190734,0.1183656089406966,0.1709312565054129,0.1058424792743859,0.1042568481609489
345,345.0,0.0724326204715915,0.1064606695562367,0.1404786221749507,0.1819274901558714,0.1186388905494002,0.1702960674650547,0.1064146811703632,0.1033509584565313
346,346.0,0.0723368034312223,0.1063381315572074,0.1412802374898509,0.1819920858438848,0.1188638186888449,0.1700502026116936,0.1066507339684546,0.1024879864088412
347,347.0,0.0722561536523872,0.1062081554175532,0.1418081594097734,0.1821750276660627,0.1190227261246508,0.1700367084570608,0.1068518693216127,0.1016411999508987
348,348.0,0.0717892025578712,0.1064719001719527,0.142181797689154,0.1834756524268927,0.1180086302009322,0.1702387799151566,0.1070185927718875,0.1008154442661528
349,349.0,0.0712273941404487,0.1076153766624656,0.1425963848934429,0.1845456515903878,0.1168369925918877,0.1702337950551923,0.1070406100015913,0.0999037950645834
350,350.0,0.0706743146577759,0.1092676049789454,0.1427824766010822,0.1858580932085331,0.1152053408297865,0.1701584068823912,0.1070296104636896,0.0990241523777958
351,351.0,0.0700270156947193,0.1109763873849925,0.1428216987802562,0.1878700098529291,0.1133963046901089,0.1700141634188492,0.1068663457613243,0.0980280744168201
352,352.0,0.0693154561608876,0.1132598174093575,0.1425495134885915,0.18945430431646,0.1114748986315604,0.1700649101860271,0.1065733264784983,0.0973077733286173
353,353.0,0.0685463840825824,0.1162937597342978,0.1420091572617071,0.1908045343877915,0.109446734735981,0.1699694123717473,0.1061674512113907,0.0967625662145019
354,354.0,0.0677410899196145,0.1196215125422306,0.1414464325804396,0.1917819094737561,0.1073553096334118,0.1698673407259565,0.1056785704724668,0.0965078346521238
355,355.0,0.0669205831582867,0.1225487080158382,0.1407616847214897,0.1931059886311111,0.1055849874607126,0.16976462636422,0.1051218104687396,0.0961916111796016
356,356.0,0.0660991598234961,0.1250909897823009,0.1402606264826149,0.1950399480851164,0.103811522123345,0.1693554872109618,0.1045117950226671,0.0958304714694974
357,357.0,0.0653255555869651,0.1274838182147896,0.1398751875648197,0.1968771689094903,0.1021156769919157,0.1689181908315251,0.103903309395001,0.095501092505493
358,358.0,0.0645923065541554,0.1296671323727377,0.1395943274183395,0.198497053516429,0.1007781511526675,0.1684478209756628,0.1032814494060222,0.0951417586039856
359,359.0,0.0639156618141763,0.1316858087520115,0.1395543759480725,0.200010261881156,0.099531923564121,0.1678069560480825,0.1026733635269864,0.0948216484653934
360,360.0,0.0632884130385358,0.133533486836944,0.1394601701246748,0.2013993789302557,0.0983776891473502,0.1671028731539831,0.1020791189383088,0.0947588698299473
361,361.0,0.0627182151566417,0.1351322847140435,0.1394911059807492,0.2028098101464444,0.097283083250445,0.1663963085391563,0.1014979221393101,0.0946712700732093
362,362.0,0.0621809740909033,0.1368386822050289,0.1393662417989744,0.2042735345932568,0.0962271363750003,0.1656689749369992,0.100909497399721,0.0945349586001158
363,363.0,0.0616776804563466,0.1382997266902604,0.1390947432875999,0.2058301432920843,0.0954993487414273,0.1649276682981774,0.1003186900419957,0.0943519991921081
364,364.0,0.0612275948356662,0.139590839905236,0.1389333526561931,0.2072464618137924,0.0948646284717106,0.1641973940655682,0.0997565463528734,0.0941831818989596
365,365.0,0.0608296197628673,0.1407155488032036,0.1388790560017946,0.2085209683868055,0.0943194609905334,0.1634826866159923,0.0992252663607571,0.0940273930780458
366,366.0,0.0603882070578746,0.1420894443493281,0.1385970374871938,0.2094180250525604,0.0940992077391895,0.1628388244680701,0.0987183171342508,0.0938509367115323
367,367.0,0.0599946674703153,0.1436528546412862,0.1385617967720674,0.2099573047751146,0.094500968373428,0.1625963782367025,0.0970003603211317,0.093735669409954
368,368.0,0.0596208864996722,0.1450591898377273,0.1386608687111601,0.2103023540461317,0.0952179894215243,0.1622898956629895,0.0952918278411336,0.0935569879796609
369,369.0,0.0592775275658147,0.1462731817019497,0.1391449238606017,0.2103041921104222,0.0959550015419715,0.1620562084783847,0.0936217264590387,0.0933672382818165
370,370.0,0.0589675636024,0.147387032669783,0.1395902132271948,0.2103086885806342,0.0967079087518131,0.161844105191256,0.0920086945901739,0.0931857933867447
371,371.0,0.0587192874373306,0.1483679686845982,0.1402647462400224,0.2102461766207914,0.097556604123744,0.1613046105785738,0.0903675968123087,0.0931730095026307
372,372.0,0.0584934658564407,0.1491740242218851,0.1409800874901742,0.2101784486253444,0.0983418080991398,0.1606665721039681,0.0890388567932997,0.0931267368097476
373,373.0,0.0583069708062746,0.1498392725716847,0.1417637742579758,0.2100263668550043,0.0991320264787872,0.160043093480273,0.0878036434111206,0.0930848521388795
374,374.0,0.0581525968252391,0.1503608664512032,0.1424975505842175,0.2099354382056503,0.1001942944061341,0.1591441749658675,0.0866598183768879,0.0930552601848001
375,375.0,0.0580317782157346,0.1507487494522684,0.1431526110454803,0.2097695016391217,0.1011870869887406,0.1582544981238247,0.0855327744992146,0.0933230000356149
376,376.0,0.0580186138240742,0.1509787507871494,0.1436053826888711,0.2098024100756514,0.1024235571779416,0.157243209659324,0.0844043028586231,0.0935237729283648
377,377.0,0.0579974671560427,0.1508800773591718,0.1438778627900373,0.2099828504307483,0.1038369206362879,0.1564030686568669,0.0833392784413509,0.0936824745294939
378,378.0,0.057962532314175,0.1504717023515666,0.1438675851291517,0.209951511042297,0.1056312812842716,0.1559148892624804,0.0823314416461476,0.0938690569699098
379,379.0,0.0579272323314175,0.1498125676996376,0.1438880004333465,0.2097220805208041,0.107318942304455,0.1554325160832612,0.0814002215240804,0.0944984391029973
380,380.0,0.0578853887520365,0.1494515626635383,0.1439338353627518,0.2093053517663506,0.108881176267596,0.1549475186557957,0.0805370096945241,0.0950581568374066
381,381.0,0.0578568402888959,0.1490173057781733,0.1438597346169619,0.2088390135838244,0.1103524873530055,0.1546483247536906,0.0797620914933942,0.0956642021320539
