,Unnamed: 0,Total_iterations,Intertwine_two,Add_vertex,Delete_vertex,Invert_path_vertices,Insert_inside_vertex,Delete_inside_vertex,Replace_inside_vertex,Donate_between_routes
0,0.0,0.0,0.125,0.125,0.125,0.125,0.125,0.125,0.125,0.125
1,1.0,0.10900000000000001,0.125,0.125,0.125,0.125,0.125,0.125,0.125,0.125
2,2.0,0.31601,0.125,0.125,0.125,0.125,0.125,0.125,0.125,0.125
3,3.0,0.6191589000000001,0.125,0.125,0.125,0.125,0.125,0.125,0.125,0.125
4,4.0,1.015801321,0.125,0.125,0.125,0.125,0.125,0.125,0.125,0.125
5,5.0,1.50262148669,0.125,0.125,0.125,0.125,0.125,0.125,0.125,0.125
6,6.0,2.0757334209441005,0.125,0.125,0.125,0.125,0.125,0.125,0.125,0.125
7,7.0,2.7307768275633495,0.125,0.125,0.125,0.125,0.125,0.125,0.125,0.125
8,8.0,3.4630081252450404,0.125,0.125,0.125,0.125,0.125,0.125,0.125,0.125
9,9.0,4.2673862119061114,0.125,0.125,0.125,0.125,0.125,0.125,0.125,0.125
10,10.0,5.138652627782014,0.125,0.125,0.125,0.125,0.125,0.125,0.125,0.125
11,11.0,6.071405875792507,0.125,0.125,0.125,0.125,0.125,0.125,0.125,0.125
12,12.0,7.060169740244025,0.125,0.125,0.125,0.125,0.125,0.125,0.125,0.125
13,13.0,8.099455520847952,0.125,0.125,0.125,0.125,0.125,0.125,0.125,0.125
14,14.0,9.183818168183006,0.125,0.125,0.125,0.125,0.125,0.125,0.125,0.125
15,15.0,10.307906369102724,0.125,0.125,0.125,0.125,0.125,0.125,0.125,0.125
16,16.0,11.466506686239443,0.125,0.125,0.125,0.125,0.125,0.125,0.125,0.125
17,17.0,12.654581904800096,0.125,0.125,0.125,0.125,0.125,0.125,0.125,0.125
18,18.0,13.867303782456686,0.125,0.125,0.125,0.125,0.125,0.125,0.125,0.125
19,19.0,15.100080434523047,0.125,0.125,0.125,0.125,0.125,0.125,0.125,0.125
20,20.0,16.348578617037543,0.125,0.125,0.125,0.125,0.125,0.125,0.125,0.125
21,21.0,17.608741195130214,0.125,0.125,0.125,0.125,0.125,0.125,0.125,0.125
22,22.0,18.876800103462312,0.125,0.125,0.125,0.125,0.125,0.125,0.125,0.125
23,23.0,20.14928511992658,0.125,0.125,0.125,0.125,0.125,0.125,0.125,0.125
24,24.0,21.423028783545156,0.125,0.125,0.125,0.125,0.125,0.125,0.125,0.125
25,25.0,22.695167792966423,0.125,0.125,0.125,0.125,0.125,0.125,0.125,0.125
26,26.0,23.963141223515898,0.125,0.125,0.125,0.125,0.125,0.125,0.125,0.125
27,27.0,25.224685898775267,0.125,0.125,0.125,0.125,0.125,0.125,0.125,0.125
28,28.0,26.477829247520948,0.125,0.125,0.125,0.125,0.125,0.125,0.125,0.125
29,29.0,27.720879968916847,0.125,0.125,0.125,0.125,0.125,0.125,0.125,0.125
30,30.0,28.95241681848399,0.125,0.125,0.125,0.125,0.125,0.125,0.125,0.125
31,31.0,30.17127581490958,0.125,0.125,0.125,0.125,0.125,0.125,0.125,0.125
32,32.0,31.376536153543515,0.125,0.125,0.125,0.125,0.125,0.125,0.125,0.125
33,33.0,32.567505096778625,0.125,0.125,0.125,0.125,0.125,0.125,0.125,0.125
34,34.0,33.74370209472243,0.125,0.125,0.125,0.125,0.125,0.125,0.125,0.125
35,35.0,34.90484237192463,0.125,0.125,0.125,0.125,0.125,0.125,0.125,0.125
36,36.0,36.05082019768737,0.125,0.125,0.125,0.125,0.125,0.125,0.125,0.125
37,37.0,37.18169203889697,0.125,0.125,0.125,0.125,0.125,0.125,0.125,0.125
38,38.0,38.29765977559663,0.125,0.125,0.125,0.125,0.125,0.125,0.125,0.125
39,39.0,39.399054140870355,0.125,0.125,0.125,0.125,0.125,0.125,0.125,0.125
40,40.0,40.48631852820801,0.125,0.125,0.125,0.125,0.125,0.125,0.125,0.125
41,41.0,41.55999329152982,0.125,0.125,0.125,0.125,0.125,0.125,0.125,0.125
42,42.0,42.62070064560415,0.125,0.125,0.125,0.125,0.125,0.125,0.125,0.125
43,43.0,43.669130257815,0.125,0.125,0.125,0.125,0.125,0.125,0.125,0.125
44,44.0,44.70602560622662,0.125,0.125,0.125,0.125,0.125,0.125,0.125,0.125
45,45.0,45.73217116373481,0.125,0.125,0.125,0.125,0.125,0.125,0.125,0.125
46,46.0,46.748380453854836,0.125,0.125,0.125,0.125,0.125,0.125,0.125,0.125
47,47.0,47.755485010424316,0.125,0.125,0.125,0.125,0.125,0.125,0.125,0.125
48,48.0,48.7543242612326,0.125,0.125,0.125,0.125,0.125,0.125,0.125,0.125
49,49.0,49.745736344347726,0.125,0.125,0.125,0.125,0.125,0.125,0.125,0.125
50,50.0,50.730549855707864,0.125,0.125,0.125,0.125,0.125,0.125,0.125,0.125
51,51.0,51.70957651737491,0.125,0.125,0.125,0.125,0.125,0.125,0.125,0.125
52,52.0,52.68360474770151,0.125,0.125,0.125,0.125,0.125,0.125,0.125,0.125
53,53.0,53.65339410751842,0.125,0.125,0.125,0.125,0.125,0.125,0.125,0.125
54,54.0,54.61967059027847,0.125,0.125,0.125,0.125,0.125,0.125,0.125,0.125
55,55.0,55.58312271885972,0.125,0.125,0.125,0.125,0.125,0.125,0.125,0.125
56,56.0,56.544398407394254,0.125,0.125,0.125,0.125,0.125,0.125,0.125,0.125
57,57.0,57.504102543001395,0.125,0.125,0.125,0.125,0.125,0.125,0.125,0.125
58,58.0,58.462795239617805,0.125,0.125,0.125,0.125,0.125,0.125,0.125,0.125
59,59.0,59.42099071417639,0.125,0.125,0.125,0.125,0.125,0.125,0.125,0.125
60,60.0,60.379156734137354,0.125,0.125,0.125,0.125,0.125,0.125,0.125,0.125
61,61.0,61.337714584760846,0.125,0.125,0.125,0.125,0.125,0.125,0.125,0.125
62,62.0,62.29703950447439,0.125,0.125,0.125,0.125,0.125,0.125,0.125,0.125
63,63.0,63.257461537171835,0.125,0.125,0.125,0.125,0.125,0.125,0.125,0.125
64,64.0,64.21926675122782,0.125,0.125,0.125,0.125,0.125,0.125,0.125,0.125
65,65.0,65.18269877636592,0.125,0.125,0.125,0.125,0.125,0.125,0.125,0.125
66,66.0,66.14796061122655,0.125,0.125,0.125,0.125,0.125,0.125,0.125,0.125
67,67.0,67.11521665648885,0.125,0.125,0.125,0.125,0.125,0.125,0.125,0.125
68,68.0,68.08459493066005,0.125,0.125,0.125,0.125,0.125,0.125,0.125,0.125
69,69.0,69.05618942810752,0.125,0.125,0.125,0.125,0.125,0.125,0.125,0.125
70,70.0,70.03006258152917,0.125,0.125,0.125,0.125,0.125,0.125,0.125,0.125
71,71.0,71.00624779379335,0.125,0.125,0.125,0.125,0.125,0.125,0.125,0.125
72,72.0,71.98475200689319,0.125,0.125,0.125,0.125,0.125,0.125,0.125,0.125
73,73.0,72.96555827861411,0.125,0.125,0.125,0.125,0.125,0.125,0.125,0.125
74,74.0,73.94862834037681,0.125,0.125,0.125,0.125,0.125,0.125,0.125,0.125
75,75.0,74.93390511255946,0.125,0.125,0.125,0.125,0.125,0.125,0.125,0.125
76,76.0,75.92131515639825,0.125,0.125,0.125,0.125,0.125,0.125,0.125,0.125
77,77.0,76.91077104428919,0.125,0.125,0.125,0.125,0.125,0.125,0.125,0.125
78,78.0,77.90217363294813,0.125,0.125,0.125,0.125,0.125,0.125,0.125,0.125
79,79.0,78.89541422641172,0.125,0.125,0.125,0.125,0.125,0.125,0.125,0.125
80,80.0,79.89037661826481,0.125,0.125,0.125,0.125,0.125,0.125,0.125,0.125
81,81.0,80.88693900474995,0.125,0.125,0.125,0.125,0.125,0.125,0.125,0.125
82,82.0,81.88497576253909,0.125,0.125,0.125,0.125,0.125,0.125,0.125,0.125
83,83.0,82.88435908692391,0.125,0.125,0.125,0.125,0.125,0.125,0.125,0.125
84,84.0,83.88496048800103,0.125,0.125,0.125,0.125,0.125,0.125,0.125,0.125
85,85.0,84.88665214409042,0.125,0.125,0.125,0.125,0.125,0.125,0.125,0.125
86,86.0,85.88930811312994,0.125,0.125,0.125,0.125,0.125,0.125,0.125,0.125
87,87.0,86.89280540413424,0.125,0.125,0.125,0.125,0.125,0.125,0.125,0.125
88,88.0,87.89702491199675,0.125,0.125,0.125,0.125,0.125,0.125,0.125,0.125
89,89.0,88.90185221995306,0.125,0.125,0.125,0.125,0.125,0.125,0.125,0.125
90,90.0,89.90717827491419,0.125,0.125,0.125,0.125,0.125,0.125,0.125,0.125
91,91.0,90.91289994163006,0.125,0.125,0.125,0.125,0.125,0.125,0.125,0.125
92,92.0,91.91892044225806,0.125,0.125,0.125,0.125,0.125,0.125,0.125,0.125
93,93.0,92.92514968840067,0.125,0.125,0.125,0.125,0.125,0.125,0.125,0.125
94,94.0,93.93150451304501,0.125,0.125,0.125,0.125,0.125,0.125,0.125,0.125
95,95.0,94.93790881009448,0.125,0.125,0.125,0.125,0.125,0.125,0.125,0.125
96,96.0,95.94429358933806,0.125,0.125,0.125,0.125,0.125,0.125,0.125,0.125
97,97.0,96.9505969547639,0.125,0.125,0.125,0.125,0.125,0.125,0.125,0.125
98,98.0,97.9567640140995,0.125,0.125,0.125,0.125,0.125,0.125,0.125,0.125
99,99.0,98.96274672736057,0.125,0.125,0.125,0.125,0.125,0.125,0.125,0.125
100,100.0,99.96850370202192,0.125,0.125,0.125,0.125,0.125,0.125,0.125,0.125
101,101.0,100.97399994219691,0.125,0.125,0.125,0.125,0.125,0.125,0.125,0.125
102,102.0,101.97920655893245,0.125,0.125,0.125,0.125,0.125,0.125,0.125,0.125
103,103.0,102.98410044840509,0.125,0.125,0.125,0.125,0.125,0.125,0.125,0.125
104,104.0,103.98866394444643,0.125,0.125,0.125,0.125,0.125,0.125,0.125,0.125
105,105.0,104.99288445143917,0.125,0.125,0.125,0.125,0.125,0.125,0.125,0.125
106,106.0,105.99675406321822,0.125,0.125,0.125,0.125,0.125,0.125,0.125,0.125
107,107.0,107.0002691731872,0.125,0.125,0.125,0.125,0.125,0.125,0.125,0.125
108,108.0,108.0034300804274,0.125,0.125,0.125,0.125,0.125,0.125,0.125,0.125
109,109.0,109.00624059613932,0.125,0.125,0.125,0.125,0.125,0.125,0.125,0.125
110,110.0,110.00870765431864,0.125,0.125,0.125,0.125,0.125,0.125,0.125,0.125
111,111.0,111.01084093013685,0.125,0.125,0.125,0.125,0.125,0.125,0.125,0.125
112,112.0,112.01265246907188,0.125,0.125,0.125,0.125,0.125,0.125,0.125,0.125
113,113.0,113.01415632942268,0.125,0.125,0.125,0.125,0.125,0.125,0.125,0.125
114,114.0,114.01536824044418,0.125,0.125,0.125,0.125,0.125,0.125,0.125,0.125
115,115.0,115.01630527795908,0.125,0.125,0.125,0.125,0.125,0.125,0.125,0.125
116,116.0,116.0169855589429,0.125,0.125,0.125,0.125,0.125,0.125,0.125,0.125
117,117.0,117.01742795623892,0.125,0.125,0.125,0.125,0.125,0.125,0.125,0.125
118,118.0,118.01765183424293,0.125,0.125,0.125,0.125,0.125,0.125,0.125,0.125
119,119.0,119.01767680610413,0.125,0.125,0.125,0.125,0.125,0.125,0.125,0.125
120,120.0,120.01752251271817,0.125,0.125,0.125,0.125,0.125,0.125,0.125,0.125
121,121.0,121.01720842354362,0.125,0.125,0.125,0.125,0.125,0.125,0.125,0.125
122,122.0,122.01675365905109,0.125,0.125,0.125,0.125,0.125,0.125,0.125,0.125
123,123.0,123.0161768344173,0.125,0.125,0.125,0.125,0.125,0.125,0.125,0.125
124,124.0,124.01549592390272,0.125,0.125,0.125,0.125,0.125,0.125,0.125,0.125
125,125.0,125.01472814520056,0.125,0.125,0.125,0.125,0.125,0.125,0.125,0.125
126,126.0,126.01388986291661,0.125,0.125,0.125,0.125,0.125,0.125,0.125,0.125
127,127.0,127.0129965102319,0.125,0.125,0.125,0.125,0.125,0.125,0.125,0.125
128,128.0,128.01206252771334,0.125,0.125,0.125,0.125,0.125,0.125,0.125,0.125
129,129.0,129.0111013181695,0.125,0.125,0.125,0.125,0.125,0.125,0.125,0.125
130,130.0,130.01012521639834,0.125,0.125,0.125,0.125,0.125,0.125,0.125,0.125
131,131.0,131.0091454726403,0.125,0.125,0.125,0.125,0.125,0.125,0.125,0.125
132,132.0,132.0081722485317,0.125,0.125,0.125,0.125,0.125,0.125,0.125,0.125
133,133.0,133.00721462434865,0.125,0.125,0.125,0.125,0.125,0.125,0.125,0.125
134,134.0,134.0062806163404,0.125,0.125,0.125,0.125,0.125,0.125,0.125,0.125
135,135.0,135.00537720296956,0.125,0.125,0.125,0.125,0.125,0.125,0.125,0.125
136,136.0,136.00451035890612,0.125,0.125,0.125,0.125,0.125,0.125,0.125,0.125
137,137.0,137.00368509565993,0.125,0.125,0.125,0.125,0.125,0.125,0.125,0.125
138,138.0,138.0029055077818,0.125,0.125,0.125,0.125,0.125,0.125,0.125,0.125
139,139.0,139.00217482361367,0.125,0.125,0.125,0.125,0.125,0.125,0.125,0.125
140,140.0,140.0014954596262,0.125,0.125,0.125,0.125,0.125,0.125,0.125,0.125
141,141.0,141.00086907744122,0.125,0.125,0.125,0.125,0.125,0.125,0.125,0.125
142,142.0,142.0002966427003,0.125,0.125,0.125,0.125,0.125,0.125,0.125,0.125
143,143.0,142.99977848500652,0.125,0.125,0.125,0.125,0.125,0.125,0.125,0.125
144,144.0,143.99931435823203,0.125,0.125,0.125,0.125,0.125,0.125,0.125,0.125
145,145.0,144.99890350055264,0.125,0.125,0.125,0.125,0.125,0.125,0.125,0.125
146,146.0,145.9985446936357,0.125,0.125,0.125,0.125,0.125,0.125,0.125,0.125
147,147.0,146.99823632047406,0.125,0.125,0.125,0.125,0.125,0.125,0.125,0.125
148,148.0,147.99797642142389,0.125,0.125,0.125,0.125,0.125,0.125,0.125,0.125
149,149.0,148.99776274806447,0.125,0.125,0.125,0.125,0.125,0.125,0.125,0.125
150,150.0,149.99759281456036,0.125,0.125,0.125,0.125,0.125,0.125,0.125,0.125
151,151.0,150.99746394626104,0.125,0.125,0.125,0.125,0.125,0.125,0.125,0.125
152,152.0,151.99737332532905,0.125,0.125,0.125,0.125,0.125,0.125,0.125,0.125
153,153.0,152.99731803323698,0.125,0.125,0.125,0.125,0.125,0.125,0.125,0.125
154,154.0,153.99729509002177,0.125,0.125,0.125,0.125,0.125,0.125,0.125,0.125
155,155.0,154.99730149022784,0.125,0.125,0.125,0.125,0.125,0.125,0.125,0.125
156,156.0,155.99733423551103,0.125,0.125,0.125,0.125,0.125,0.125,0.125,0.125
157,157.0,156.99739036391077,0.125,0.125,0.125,0.125,0.125,0.125,0.125,0.125
158,158.0,157.99746697583146,0.125,0.125,0.125,0.125,0.125,0.125,0.125,0.125
159,159.0,158.99756125680176,0.125,0.125,0.125,0.125,0.125,0.125,0.125,0.125
160,160.0,159.997670497107,0.125,0.125,0.125,0.125,0.125,0.125,0.125,0.125
161,161.0,160.99779210841066,0.125,0.125,0.125,0.125,0.125,0.125,0.125,0.125
162,162.0,161.99792363749984,0.125,0.125,0.125,0.125,0.125,0.125,0.125,0.125
163,163.0,162.9980627773051,0.125,0.125,0.125,0.125,0.125,0.125,0.125,0.125
164,164.0,163.9982073753568,0.125,0.125,0.125,0.125,0.125,0.125,0.125,0.125
165,165.0,164.99835543984977,0.125,0.125,0.125,0.125,0.125,0.125,0.125,0.125
166,166.0,165.99850514349492,0.125,0.125,0.125,0.125,0.125,0.125,0.125,0.125
167,167.0,166.99865482534062,0.125,0.125,0.125,0.125,0.125,0.125,0.125,0.125
168,168.0,167.99880299074837,0.125,0.125,0.125,0.125,0.125,0.125,0.125,0.125
169,169.0,168.99894830970783,0.125,0.125,0.125,0.125,0.125,0.125,0.125,0.125
170,170.0,169.99908961367427,0.125,0.125,0.125,0.125,0.125,0.125,0.125,0.125
171,171.0,170.99922589110733,0.125,0.125,0.125,0.125,0.125,0.125,0.125,0.125
172,172.0,171.99935628188598,0.125,0.125,0.125,0.125,0.125,0.125,0.125,0.125
173,173.0,172.99948007076793,0.125,0.125,0.125,0.125,0.125,0.125,0.125,0.125
174,174.0,173.99959668005403,0.125,0.125,0.125,0.125,0.125,0.125,0.125,0.125
175,175.0,174.99970566161096,0.125,0.125,0.125,0.125,0.125,0.125,0.125,0.125
176,176.0,175.9998066883961,0.125,0.125,0.125,0.125,0.125,0.125,0.125,0.125
177,177.0,176.99989954561875,0.125,0.125,0.125,0.125,0.125,0.125,0.125,0.125
178,178.0,177.99998412166295,0.125,0.125,0.125,0.125,0.125,0.125,0.125,0.125
179,179.0,179.00006039888612,0.125,0.125,0.125,0.125,0.125,0.125,0.125,0.125
180,180.0,180.0001284443981,0.125,0.125,0.125,0.125,0.125,0.125,0.125,0.125
181,181.0,181.00018840091488,0.125,0.125,0.125,0.125,0.125,0.125,0.125,0.125
182,182.0,182.00024047777083,0.125,0.125,0.125,0.125,0.125,0.125,0.125,0.125
183,183.0,183.0002849421635,0.125,0.125,0.125,0.125,0.125,0.125,0.125,0.125
184,184.0,184.00032211069524,0.125,0.125,0.125,0.125,0.125,0.125,0.125,0.125
185,185.0,185.00035234126688,0.125,0.125,0.125,0.125,0.125,0.125,0.125,0.125
186,186.0,186.00037602536867,0.125,0.125,0.125,0.125,0.125,0.125,0.125,0.125
187,187.0,187.0003935808066,0.125,0.125,0.125,0.125,0.125,0.125,0.125,0.125
188,188.0,188.00040544489266,0.125,0.125,0.125,0.125,0.125,0.125,0.125,0.125
189,189.0,189.0004120681212,0.125,0.125,0.125,0.125,0.125,0.125,0.125,0.125
190,190.0,190.00041390834568,0.125,0.125,0.125,0.125,0.125,0.125,0.125,0.125
191,191.0,191.00041142546425,0.125,0.125,0.125,0.125,0.125,0.125,0.125,0.125
192,192.0,192.00040507661635,0.125,0.125,0.125,0.125,0.125,0.125,0.125,0.125
193,193.0,193.00039531188708,0.125,0.125,0.125,0.125,0.125,0.125,0.125,0.125
194,194.0,194.00038257051185,0.125,0.125,0.125,0.125,0.125,0.125,0.125,0.125
195,195.0,195.00036727756904,0.125,0.125,0.125,0.125,0.125,0.125,0.125,0.125
196,196.0,196.0003498411448,0.125,0.125,0.125,0.125,0.125,0.125,0.125,0.125
197,197.0,197.00033064995154,0.125,0.125,0.125,0.125,0.125,0.125,0.125,0.125
198,198.0,198.0003100713781,0.125,0.125,0.125,0.125,0.125,0.125,0.125,0.125
199,199.0,199.00028844994821,0.125,0.125,0.125,0.125,0.125,0.125,0.125,0.125
200,200.0,200.00026610616183,0.125,0.125,0.125,0.125,0.125,0.125,0.125,0.125
201,201.0,201.00024333569246,0.125,0.125,0.125,0.125,0.125,0.125,0.125,0.125
202,202.0,202.0002204089131,0.125,0.125,0.125,0.125,0.125,0.125,0.125,0.125
203,203.0,203.00019757072255,0.125,0.125,0.125,0.125,0.125,0.125,0.125,0.125
204,204.0,204.00017504064385,0.125,0.125,0.125,0.125,0.125,0.125,0.125,0.125
205,205.0,205.0001530131666,0.125,0.125,0.125,0.125,0.125,0.125,0.125,0.125
206,206.0,206.00013165830538,0.125,0.125,0.125,0.125,0.125,0.125,0.125,0.125
207,207.0,207.00011112234722,0.125,0.125,0.125,0.125,0.125,0.125,0.125,0.125
208,208.0,208.00009152876143,0.12486111111111112,0.12486111111111112,0.12597222222222224,0.12486111111111112,0.12486111111111112,0.12486111111111112,0.12486111111111112,0.12486111111111112
209,209.0,209.0000729792466,0.12461250000000001,0.12461250000000001,0.1267125,0.12461250000000001,0.12461250000000001,0.12561250000000002,0.12461250000000001,0.12461250000000001
210,210.0,210.00005555489076,0.12518580681818184,0.12427671590909094,0.12725480681818183,0.12427671590909094,0.12427671590909094,0.12617580681818183,0.12427671590909094,0.12427671590909094
211,211.0,211.00003931742162,0.12575674306818183,0.12394765215909094,0.12777715306818183,0.12394765215909094,0.12394765215909094,0.12672784306818183,0.12394765215909094,0.12394765215909094
212,212.0,212.0000243105252,0.1261809475554293,0.12348903846452025,0.1281374224554293,0.12348903846452025,0.12348903846452025,0.1271253265554293,0.12460014957563136,0.12348903846452025
213,213.0,213.00001056121314,0.12633122514870077,0.12285654726991294,0.12921059370970078,0.12285654726991294,0.12285654726991294,0.1280754447920341,0.12495654726991293,0.12285654726991294
214,214.0,213.99999808122018,0.12624003141802675,0.12201227507560257,0.1299303014974077,0.12201227507560257,0.12312338618671369,0.129679089686351,0.12499036598469347,0.12201227507560257
215,215.0,214.9999868684143,0.12593528091096404,0.1210528007454606,0.1303336111712455,0.12182203151469137,0.12409724518990506,0.13089968564347915,0.12480654407879392,0.1210528007454606
216,216.0,215.99997690820487,0.12545095056979588,0.12000606574319812,0.13046178245951578,0.12148188991902231,0.12489040762354002,0.1317797318639664,0.12443958959424707,0.1214895822267146
217,217.0,216.99996817493434,0.12496643508793792,0.11899840634319267,0.1305553332021783,0.12116683491462127,0.12567784668507304,0.13260821912300827,0.12407632049859828,0.12195060414539048
218,218.0,217.9999606332415,0.12432054196822154,0.11886993541316243,0.13111007443965167,0.12071145222634927,0.12612014798898663,0.1331610172231576,0.123498999722913,0.12220783101755806
219,219.0,218.99995423938554,0.12359440936417121,0.11860165118304256,0.13244856548430586,0.12019286990801761,0.12636448521508653,0.1335681591072942,0.12284279765094373,0.12238706208713848
220,220.0,219.9999489425213,0.122885140732079,0.11837385418877956,0.1337426828086126,0.11970441192763374,0.12659184776252946,0.13392195715999616,0.12220398261485675,0.12257612280551286
221,221.0,220.99994468591828,0.12212238478531245,0.11803325852521525,0.13483240745984842,0.11917219285544915,0.12665014432219154,0.13498178354145565,0.12151144648566714,0.12269638202486047
222,222.0,221.9999414081164,0.12132319706888592,0.11837193929330468,0.1357354399669666,0.11860999024544501,0.12656385703541276,0.13585641384495903,0.12078156598805631,0.12275759655696977
223,223.0,222.99993904401353,0.12051511778441376,0.11858998169518017,0.13626954530374955,0.11814759278288214,0.12708124527422204,0.13657427377549824,0.12004127951132658,0.1227809638727276
224,224.0,223.99993752588082,0.11968394838337676,0.11934443031560552,0.1367407714708593,0.11766064209614024,0.12742495441685933,0.13712252477472728,0.11927586201998863,0.12274686652244302
225,225.0,224.99993678430258,0.11880572310527635,0.11990022786607038,0.13692633635416857,0.11712286339044445,0.1281540907201119,0.13743163018819093,0.11907994194329889,0.12257918643243866
226,226.0,225.99993674903914,0.11793752222757467,0.12090571509151153,0.13698299245003098,0.11658830969172192,0.1287114755670706,0.13760959839428064,0.11888497832039134,0.12237940825741846
227,227.0,226.99993734981166,0.1170874338157409,0.12174541063583705,0.13747943662525222,0.11606241253299457,0.12911034424182333,0.13766858042513697,0.11869323363884887,0.12215314808436624
228,228.0,227.9999385170088,0.11624943290799246,0.12241547010689716,0.1378260171465337,0.11606209253884821,0.1294534538549062,0.13760734247728457,0.11849358885203627,0.12189260211550161
229,229.0,228.99994018231612,0.11538799842833244,0.12298550499896851,0.13790831437839068,0.1159920173857671,0.1295647547426896,0.13847915992674034,0.11816280475034953,0.12151944538876194
230,230.0,229.99994227926956,0.11452605930511223,0.12337945065956614,0.13776417809501876,0.11587265602471666,0.12947959211991802,0.13912151603678505,0.11831898021500943,0.12153756754387385
231,231.0,230.99994474373494,0.11370515717899768,0.12409752799398874,0.13751630836600753,0.11564074520863901,0.12928377463359714,0.13964954873549235,0.11858353484202128,0.12152340304125639
232,232.0,231.9999475143165,0.11293650930722274,0.12477505545070772,0.1372246609231719,0.11542828818105542,0.12905484872375356,0.1401154830116533,0.1188572296545528,0.12160792474788265
233,233.0,232.9999505326967,0.11222158725636742,0.12540824079899715,0.13699562298284418,0.11523447464668855,0.1287973425479089,0.1405198798780572,0.11913534174199764,0.12168751014713905
234,234.0,233.9999537439119,0.11164044262277892,0.12587555621580773,0.13667405424850865,0.11501888060265106,0.1288713673144076,0.14080458847225655,0.11939383230482967,0.12172127821875986
235,235.0,234.99995709656648,0.11111226092179735,0.1262946001571743,0.13642286723205121,0.11482045800854107,0.1289218368280497,0.14103113506498532,0.1196488304006128,0.12174801138678822
236,236.0,235.99996054298992,0.11061789487160613,0.12697296348218368,0.13609306203133387,0.1146023034179843,0.12895609272394357,0.14114778392111169,0.1198790024895284,0.12173089706230836
237,237.0,236.99996403934114,0.11016968074221989,0.1274952265329436,0.13570584805370037,0.1143781267789412,0.12929736006335782,0.14117355120930425,0.1200953036259658,0.12168490299356709
238,238.0,237.99996754566382,0.109782485482852,0.12797677670637145,0.13531583831661867,0.11336939896972434,0.12972361240718702,0.14187655312776015,0.12031195789380843,0.12164337709567796
239,239.0,238.9999710258976,0.1093467051415261,0.12845326866467083,0.13548650514250288,0.11233701026410182,0.1300730880558517,0.14233750047109203,0.12046700846728821,0.12149891379296646
240,240.0,239.999974447849,0.10887295455042453,0.1289284352369383,0.13614480606070417,0.11129400982650828,0.1303500268234094,0.1425798442680107,0.12056527325448943,0.1212646499795152
241,241.0,240.99997778312678,0.10837027297062984,0.12971073967704744,0.13682560526535573,0.11025180686413788,0.1306528734754683,0.14262507105038996,0.12061121762224425,0.12095241307472665
242,242.0,241.9999810070455,0.10838661855651276,0.1302778809267778,0.13728766849472537,0.10918957933788198,0.13079722642169814,0.14292511708062267,0.12059368835623564,0.12054222082554572
243,243.0,242.99998409850193,0.10833969658007006,0.13101197777115361,0.13754737706002604,0.10873744439391632,0.13079412089164247,0.14300475293980047,0.12051804732438127,0.12004658303900984
244,244.0,243.9999870398277,0.10859212033138152,0.1315381169755423,0.13771237991781057,0.10825314008757891,0.13065476127175385,0.142882676742156,0.12038953657052417,0.11997726810325277
245,245.0,244.9999898166226,0.10878683954683373,0.13187948090724294,0.13771642005635534,0.10775282906546808,0.1304038106156462,0.14293290359021765,0.12070032166619976,0.11982739455203636
246,246.0,245.99999241757178,0.10899114218408142,0.13206886744435511,0.13768187518527936,0.10761848456751037,0.13007390305074387,0.142899934080064,0.12099581180932394,0.11966998167864204
247,247.0,246.99999483425034,0.10920121115340088,0.13211590971569404,0.13761213353308377,0.10750328497692632,0.12999636682522164,0.14279037823968885,0.12127417373313476,0.11950654182284984
248,248.0,247.99999706091853,0.10940272031163831,0.1320182322675111,0.13781142934579207,0.10739524978118149,0.12983057313304014,0.14269104085375445,0.1215230910458785,0.11932766326120406
249,249.0,248.9999990943107,0.10954683176580425,0.13194035651102587,0.13787857871768378,0.10727785008782205,0.12962777469589445,0.14293169566035951,0.121707912694019,0.11908899986739123
250,250.0,250.00000093342055,0.10970586803978807,0.13183053698408934,0.13793384680684362,0.10720100259134929,0.12942497410392662,0.14315508747133462,0.12188174337607853,0.11886694062659005
251,251.0,251.00000257928522,0.10986628940341127,0.131680196246146,0.13796660779939193,0.10715176803738677,0.12921132956566853,0.14334944740687175,0.12212277271067341,0.11865158883045049
252,252.0,252.0000040347706,0.1098273150967084,0.1313351788774887,0.13774015486515895,0.10694866848654816,0.12883035097294446,0.14327710512525393,0.12336105475209944,0.11868017182379816
253,253.0,253.00000530435972,0.10978678713994477,0.13096014684705867,0.1375834139052885,0.10676891273474792,0.12844432564931155,0.14317847495189057,0.12456372011166775,0.11871421866009045
254,254.0,254.00000639394634,0.10975434861830893,0.13057303032978648,0.13742181485341487,0.10662034775093697,0.12806879690954598,0.14306695306758271,0.12573278354313938,0.11876192492728481
255,255.0,255.00000731063483,0.10955413994172213,0.13003747746228522,0.1374609937070705,0.10634484379490759,0.12856503890541487,0.14281953069166026,0.12659001885113183,0.11862795664580775
256,256.0,256.00000806254815,0.1093627777410494,0.12950097573777228,0.1374973001091338,0.10609869648536413,0.12906820047291553,0.14256514395059075,0.12740094267340282,0.11850596282977138
257,257.0,257.0000086586446,0.10918129099070609,0.12896898505919396,0.13753065824074345,0.10588143163075343,0.12957255803920978,0.1423070331482996,0.12816207692030177,0.11839596597079202
258,258.0,258.000009108545,0.10896050701316268,0.1284297075620759,0.1374610293476287,0.10565900030079499,0.13005628176208864,0.14236481846559856,0.12883745587356357,0.11823119967508705
259,259.0,259.0000094223699,0.10870540952476077,0.12788888008785865,0.13829710072888543,0.10543337422555393,0.13051621317328024,0.14271364012966334,0.12842813204225006,0.11801725008774766
260,260.0,260.00000961058856,0.10846351931300868,0.12736591206284045,0.13912301856634085,0.10523482144800322,0.13096397834368756,0.14305782936609976,0.12797436125082423,0.11781655964919528
261,261.0,261.00000968387957,0.10818345438218767,0.12683800820510807,0.13983482457271937,0.10502513463541045,0.13137007722844143,0.14365381841815048,0.12744539149691048,0.11764929106107212
262,262.0,262.0000096530026,0.10786980392292315,0.12630953976149567,0.14043343764242827,0.10489143436310616,0.13173321409224512,0.14447726819527196,0.12685228614728808,0.11743301587524166
263,263.0,263.00000952868334,0.10756398177216472,0.1257967735523762,0.14099470161809483,0.10477288679049582,0.13214972520861626,0.14527008975922426,0.1262302814470625,0.1172215598519655
264,264.0,264.00000932150914,0.1073145677570137,0.12528998760491022,0.14144194326198953,0.10464374821727107,0.13251984529394586,0.1462605039817067,0.12556295295466305,0.11696645092849996
265,265.0,265.0000090418373,0.10704988557128431,0.12480349619281324,0.141789243351761,0.1045138802575811,0.13285499762523087,0.1474362611413318,0.12487029933126631,0.11668193652873152
266,266.0,266.0000086997143,0.10680514333665031,0.12435047960425552,0.14210519200744107,0.10440534418484174,0.13316567228214907,0.1485705176486511,0.12418246928137837,0.11641518165463302
267,267.0,267.0000083048064,0.1065807944803485,0.12393212052276872,0.14238976488588206,0.10431709217108531,0.13345121028556797,0.149656081003822,0.12350585874814723,0.11616707790237843
268,268.0,268.0000078663412,0.10634478508859255,0.12353838410028857,0.14290131835215253,0.10422647295420702,0.13370051723263124,0.15056868531861511,0.12282460650889544,0.11589523044461773
269,269.0,269.00000739305915,0.10609943163142607,0.12317034220933275,0.14330921623216167,0.10413382299507491,0.1339143199336974,0.15162456497004936,0.12214518280500469,0.11560311922325334
270,270.0,270.0000068931747,0.1058469307009882,0.12282870869933386,0.14361696529146378,0.10403947763485663,0.13409363367003094,0.15280677595443698,0.1214734047873287,0.11529410326156113
271,271.0,271.000006374347,0.10558935226781417,0.12251386913859745,0.14382877342064523,0.10394377000986547,0.13423972427204303,0.15409866160261385,0.12081444581002523,0.1149714034783958
272,272.0,272.0000058436586,0.10535384403763234,0.12223431391817896,0.14400826636404665,0.1038638362035773,0.13436247453752004,0.15531590778423257,0.12018965633957876,0.11467170081523362
273,273.0,273.0000053076024,0.10511534398841171,0.12198090679490625,0.1440980571814002,0.1037820914494956,0.13445458763611617,0.15662187321102358,0.11958506059731897,0.11436207914132776
274,274.0,274.00000477207584,0.10407996130891455,0.12141228445666194,0.14230814925259766,0.10981242368812408,0.13372237812535256,0.15720664141327567,0.11820848365694238,0.1132496780981314
275,275.0,275.0000042423811,0.10387073504696041,0.12078119908887007,0.14036685897899012,0.11559850168798523,0.1327893266199991,0.1574985071684429,0.11677516010693514,0.11231971130181723
276,276.0,276.0000037232321,0.10349843333335595,0.12006638714374766,0.13829254592656823,0.12127640283432345,0.13167685058206302,0.15776760781820304,0.11529068436641787,0.11213108799532094
277,277.0,277.0000032187657,0.10298987635675709,0.11928644339068342,0.13612057987462725,0.12789199712383723,0.13042149985222984,0.15771205524719079,0.11377807328446882,0.11179947487020575
278,278.0,278.00000273255824,0.10236789525413419,0.11845736568115194,0.13428246904413085,0.13457886055873333,0.12905491021172516,0.15765559025734308,0.11225697667612466,0.11134593231665697
279,279.0,279.0000022676459,0.10172864434807383,0.1178585142066732,0.13240618293756715,0.1411084181857891,0.12763377172254342,0.15761695082096303,0.11078239363679183,0.11086512414159864
280,280.0,280.0000018265484,0.1013722238690895,0.11718658845465038,0.13051009866435678,0.14743249624621046,0.12617430289710288,0.15759948951894698,0.10936299105876272,0.11036180929088044
281,281.0,281.00000141129516,0.1010285417489548,0.11648266290713333,0.1286762373624806,0.15340194237846375,0.12471030465414915,0.1577885139679717,0.10803033642521002,0.10988146055563677
282,282.0,282.0000010234543,0.10068202922912577,0.11574770487332203,0.1268768352097222,0.15925773496379456,0.12324871844021777,0.15801119112222525,0.10677763380817448,0.10939815235341804
283,283.0,283.00000066416294,0.10025505259455104,0.11494588501962281,0.1251126110349146,0.16517987257567487,0.12171111165545949,0.1583781057476795,0.1055713981115997,0.10884596326049813
284,284.0,284.0000003341591,0.10067293720649355,0.11409985169441253,0.1228566519930633,0.17061962880447276,0.12018065594428602,0.1593422883189098,0.10392871116812102,0.10829927487024116
285,285.0,285.00000003381405,0.1015337008923357,0.11321127388051187,0.12077978957507723,0.17552979720227718,0.11857281750690023,0.15994799922941402,0.10281388830569999,0.10761073340778395
286,286.0,285.99999976316536,0.10236491238753626,0.11234866239062519,0.11872930406149476,0.1799797435788016,0.11698919657417726,0.16104215233168165,0.10166801004289049,0.1068780186327929
287,287.0,286.99999952194986,0.10257454432350245,0.11147969662536106,0.11675935952481181,0.1848107388693518,0.11545451220277482,0.1621484032976144,0.10061596919619853,0.10615677596038522
288,288.0,287.99999930963645,0.10277552903703747,0.11067415289403504,0.11489759976967456,0.18920599656498605,0.11402145018091829,0.16308425657861256,0.09966442026534508,0.10567659470939102
289,289.0,288.99999912545803,0.1029659119675414,0.10993347461866404,0.11314966542025934,0.19316459822443452,0.1126939090819691,0.1640592512580315,0.0988122899242497,0.10522089950485047
290,290.0,289.99999896844287,0.10306002883363252,0.1093423533108735,0.11151955456766294,0.19669009875676502,0.11147434988564783,0.16486167541307922,0.09805763293939126,0.10499430629294781
291,291.0,290.9999988374448,0.10311219025298768,0.10878661936675976,0.11015126562223918,0.19976080329920248,0.11030543535945038,0.1658745012626863,0.09728077927658552,0.10472840556008882
292,292.0,291.9999987311721,0.10312532585836787,0.10826804329015657,0.10884639292017997,0.20239098820683252,0.10919354208238663,0.16725643632928083,0.0964912209417759,0.10442805037101983
293,293.0,292.99999864821496,0.10310235757993311,0.10778772841449555,0.1082777191603999,0.20459779562617603,0.10814359490844729,0.1682959144271855,0.09569714007777771,0.10409774980558509
294,294.0,293.99999858707133,0.10302056366739284,0.10753209797225377,0.10772861265949037,0.20636234767945763,0.10711435922188828,0.16915938469907263,0.0953537295796866,0.10372890452075798
295,295.0,294.9999985461714,0.10290875384666381,0.10731342134805914,0.10721678389201703,0.20774510052544554,0.10615364773570761,0.17014398965053237,0.09499468577069292,0.1035236172308817
296,296.0,295.99999852389976,0.10274566113426871,0.10706256502557406,0.10672211905430211,0.2089769495502579,0.10522065110709271,0.17095527319432138,0.09503363992328918,0.10328314101089404
297,297.0,296.9999985186163,0.10253575549280373,0.10701925865032849,0.10682221018347882,0.20983263565413296,0.1043187509563178,0.17142491243601035,0.09503617214243687,0.10301030448449106
298,298.0,297.999998528675,0.10173285563834349,0.10702117511210571,0.10699130555469921,0.21098061741978077,0.10352023124880218,0.1719032717784736,0.09510070427180935,0.10274983897598579
299,299.0,298.99999855244107,0.10087680092493032,0.10703391277289576,0.10721914908907862,0.21218321018202696,0.10276019920904306,0.1722730685112259,0.09519335035827269,0.1024603089525268
300,300.0,299.9999985883061,0.09993520396305229,0.1069715795333168,0.10738633693909624,0.21306725536532764,0.10249651245330461,0.17247002790695365,0.09559126553084894,0.10208181830809987
301,301.0,300.99999863470157,0.09893807317289735,0.10685232774232292,0.10754954194846132,0.2136220031630044,0.10220755151889888,0.1726818008463333,0.0959961648933049,0.10215253671477698
302,302.0,301.9999986901105,0.09794654267665315,0.10692522977969401,0.1073435752787142,0.21390620358040785,0.10196753580866831,0.1728779368237561,0.0968109173584645,0.1022220586936419
303,303.0,302.9999987530774,0.09698153167247194,0.10701318405540167,0.10715243503321369,0.21397381509215396,0.10177984148350723,0.17290216742994224,0.09790627670197039,0.10229074853133896
304,304.0,303.99999882221687,0.09606285883400972,0.10712662631567563,0.10701501151045163,0.21385864098651153,0.10166675437380132,0.17287400499851763,0.0990124594117836,0.102383643569249
305,305.0,304.99999889622023,0.09490152518405966,0.10725975159962992,0.10689499018513417,0.21348558287627944,0.10204839431784687,0.17287594298679623,0.10010959439986208,0.10242421845039168
306,306.0,305.99999897386107,0.09390767480873166,0.10738688079260704,0.10639981589804001,0.21278814307990895,0.10285298875527452,0.17272942035820152,0.10116763609143767,0.10276744021579864
307,307.0,306.9999990539992,0.09296519605740525,0.10752664226068895,0.1059960444380601,0.21196103690812226,0.10369884699063642,0.172464453862059,0.10228450306306248,0.10310327641996556
308,308.0,307.9999991355835,0.09201157991935524,0.10779871218966075,0.10564857253313042,0.21125286600667167,0.10442826390926127,0.17218171107726987,0.10332968608970709,0.10334860827494369
309,309.0,308.9999992176535,0.09105441804882225,0.10819449421680333,0.10542804175919025,0.21024318432218983,0.1050408038214911,0.17181813141411983,0.10429798728688605,0.10392293913049734
310,310.0,309.99999929934,0.0901339024649096,0.1085964212218161,0.1051957650061123,0.20926700207336563,0.10562048566573556,0.17152543378996815,0.10520216174755727,0.10445882803053533
311,311.0,310.9999993798645,0.08927029253797385,0.10906549856391848,0.10496420519248614,0.2082227120781147,0.10619156674092525,0.17128280489384068,0.10604230747618587,0.10496061251655492
312,312.0,311.99999945853784,0.08846531948021312,0.10951406678112144,0.10473266733282827,0.20712612336856406,0.10674805781890208,0.1710920106362708,0.10681518534499268,0.10550656923710751
313,313.0,312.9999995347585,0.08766239051214014,0.10979956853879666,0.10547280961980539,0.205853125160601,0.10714584387690262,0.1708151226999056,0.10737968510592244,0.1058714544859261
314,314.0,313.9999996080095,0.08691933627559542,0.11013988645098846,0.10620224518906599,0.20455769696421272,0.10752071516396618,0.1705926488146686,0.10787480083659012,0.10619267030491246
315,315.0,314.99999967785527,0.08621939234129385,0.11038793926792861,0.10689923579431841,0.2032196565347539,0.10804444918315659,0.1703913852200607,0.10829708944933156,0.10654085220915627
316,316.0,315.99999974393796,0.08545892143048398,0.11064700291613283,0.10734388906253317,0.20175104133927668,0.10840599604503105,0.1711121573574106,0.10854724424655571,0.10673374760257595
317,317.0,316.999999805973,0.08468874099513149,0.11096039956472412,0.1081409335697411,0.20021576265458563,0.10868418234699628,0.1715134747900288,0.10891520249008242,0.10688130358871017
318,318.0,317.99999986374485,0.08391788469356545,0.11118066821533891,0.10870485674108599,0.19948365149836242,0.10886723717763559,0.17175378613765277,0.10915851892820573,0.10693339660815315
319,319.0,318.999999917102,0.0831508032645632,0.11131714706911325,0.10917663921476214,0.19866428425436033,0.1089650712236197,0.1721809007540751,0.10888760149869454,0.10765755272081176
320,320.0,319.99999996595244,0.08238881687096604,0.11136587900416732,0.10945367140198152,0.19777135429235218,0.10895887229454357,0.1723609267331195,0.10878420057611565,0.10891627882675427
321,321.0,321.00000001025836,0.0816547135288471,0.11135082904870026,0.11037380047066005,0.1968386563412678,0.10888862948672778,0.17229606977803044,0.10859904540544851,0.10999825594031816
322,322.0,322.0000000500311,0.08094702923546301,0.11127791456570754,0.11121010488855448,0.19587466792469937,0.10876083829051315,0.17206519905550444,0.10896474983579547,0.11089949620376266
323,323.0,323.0000000853262,0.08026317569523325,0.1111417630542659,0.11244385985723183,0.1948858700338378,0.10855639834395094,0.17200834873739923,0.10909907956602508,0.11160150471205613
324,324.0,324.00000011623854,0.07960059232071005,0.11094830684269474,0.11343404807974157,0.1938780240442184,0.10883841458705021,0.17182284332483783,0.10901747398671799,0.11246029681402937
325,325.0,325.0000001428973,0.07896301993814134,0.11070484258258571,0.11484968182983012,0.19286252723331046,0.10902540258276368,0.17173968557837083,0.10873873236032842,0.11311610789466961
326,326.0,326.00000016546124,0.07835341439945998,0.11041826814644594,0.11664127366319986,0.19184938087865458,0.10912404719189385,0.1717521893437846,0.10828140699471468,0.11358001938184666
327,327.0,327.00000018411407,0.07780860672087411,0.11012966498612678,0.11833664055898892,0.19090569725390852,0.1092101300350072,0.17182308847860814,0.10780815269033257,0.1139780192761539
328,328.0,328.00000019906054,0.07732707833824283,0.10984200029192007,0.11992626049486993,0.1900334800674115,0.10928392474654496,0.17195045957626595,0.10765838478997747,0.11397841169476745
329,329.0,329.00000021052176,0.07687845059634704,0.10952491870280798,0.12172921600021905,0.18918162931394414,0.10960080246438038,0.17190736918793584,0.10734895450417657,0.11382865923018914
330,330.0,330.0000002187316,0.07645712719300311,0.10918236983827273,0.12368077681226561,0.18834961789199262,0.11014260032297654,0.17176506795710472,0.10689137079608196,0.11353106918830289
331,331.0,331.00000022393317,0.07608320760465577,0.10883929263593559,0.12561277387115757,0.18758187917837188,0.11062834164096677,0.1717550057286904,0.1063397813572749,0.11315971798294733
332,332.0,332.0000002263752,0.07576375625995668,0.10850757915062162,0.12740308391101,0.18688772890365293,0.11109275129007146,0.17180064991491664,0.10579410137143953,0.11275034919833138
333,333.0,333.00000022630934,0.07548716040784852,0.10818038554346816,0.1290369329025587,0.18625738928655325,0.11149755577076018,0.1717933874564376,0.10546396388839706,0.11228322474397673
334,334.0,334.0000002239869,0.0752650853591552,0.10786984403090194,0.130546176529234,0.18570396755904386,0.11187804399436187,0.17178449409272145,0.1051492058096828,0.11180318262489902
335,335.0,335.0000002196569,0.07496684880363003,0.10756899145724536,0.131919779529912,0.1852169027880963,0.11219922925897105,0.17207814341655653,0.10475899980086115,0.11129110494472773
336,336.0,336.00000021356334,0.07469799229401457,0.1072676676337043,0.13342204995844312,0.18476246725927434,0.11245455641698164,0.17232808956248502,0.10434846030064238,0.11071871657445478
