,Unnamed: 0,Generation,Intertwine_two,Add_vertex,Delete_vertex,Invert_path_vertices,Insert_inside_vertex,Delete_inside_vertex,Replace_inside_vertex,Donate_between_routes,Merge_terminals,Trim_one_terminal_cb,Trim_one_path_random_cb,Grow_one_terminal_cb,Grow_one_path_random_cb
0,0.0,0.0,0.07692307692307689,0.07692307692307689,0.07692307692307689,0.07692307692307689,0.07692307692307689,0.07692307692307689,0.07692307692307689,0.07692307692307689,0.07692307692307689,0.07692307692307689,0.07692307692307689,0.07692307692307689,0.07692307692307689
1,1.0,0.10900000000000001,0.07962366014524652,0.07734998491794319,0.07662449613746933,0.07643508636130857,0.07791403866921284,0.077069924906716,0.075642053685546,0.0734203496793078,0.07166334893200392,0.08015952791502282,0.07656943451323492,0.08002526212722949,0.07750283200975816
2,2.0,0.31601,0.08249603862025624,0.07871703511224469,0.07620619055048314,0.07628069530574454,0.07630146912963473,0.07879858113397945,0.07448205937955023,0.06907016677799757,0.06614002566422829,0.08300995735109654,0.07668017996622045,0.08417979590023686,0.07763780510832685
3,3.0,0.6191589000000001,0.08577082370176897,0.08057331627596138,0.07578164078002653,0.07407850141801726,0.07738441517344369,0.07793582404360816,0.07204407357210625,0.06506076748603604,0.06025111156803497,0.08797947036931711,0.07679602932228222,0.08893955336245049,0.07740447292694654
4,4.0,1.015801321,0.08920282978030229,0.08143832537980342,0.07612129915056151,0.07274917559775336,0.07720708045353845,0.07757206603937392,0.07026035084057543,0.0621193814286825,0.054932830076464705,0.09368398790764562,0.0762814425421466,0.0927460215979454,0.07568520920520641
5,5.0,1.50262148669,0.09302465229068804,0.0813110415427197,0.07731398353641107,0.07086695847437809,0.07833293063079222,0.07796860456852073,0.06709562535853646,0.05999292502056934,0.05004275808746131,0.0982452383293433,0.0755772659168644,0.09668075467602658,0.0735472615676884
6,6.0,2.0757334209441005,0.09681237116391142,0.08327284493753316,0.0776001296708264,0.06879161520783551,0.07827027976559693,0.07781009280223235,0.06560578324317091,0.055166376189093515,0.044879227701789204,0.10534676946806508,0.0731975351784694,0.10143679051655669,0.07181018415491909
7,7.0,2.7307768275633495,0.10015793309506066,0.08524484551342922,0.07839148995443228,0.06765637677705989,0.07778536415441126,0.07666091131053707,0.06357839682343162,0.05103420887596925,0.03991994753652138,0.1109097132681864,0.07318362789410673,0.10659163718453034,0.06888554761232366
8,8.0,3.4630081252450404,0.10340199277279596,0.08472934335351806,0.07948208602768674,0.06808690279162498,0.0773631407079706,0.07414079365093929,0.062148612722941844,0.048451325487227324,0.035257395912415126,0.11483861959734881,0.07308224129153582,0.10945634360451527,0.06956120207948
9,9.0,4.2673862119061114,0.10735339462076203,0.08593438031322198,0.08048186633254524,0.06636399806026866,0.07779411649330263,0.07455302282508862,0.05918454944806801,0.044301415701757454,0.03090852549159535,0.11946667639010157,0.07282990285262322,0.1121694047467121,0.06865874672395297
10,10.0,5.138652627782014,0.11055209957601708,0.087058908270806,0.08018337269704612,0.06514389410427995,0.07511274829692026,0.07542821650839002,0.05864487518319638,0.04141836758972785,0.026885456857941595,0.12323649079718271,0.07278084995254427,0.11554548142420137,0.06800923874174628
11,11.0,6.071405875792507,0.11429512482010402,0.0901904877802842,0.07946023632827132,0.06340407599510058,0.07241565120696707,0.07575426778988947,0.05533839636276087,0.038824662811317766,0.0231958405190738,0.12918344855888408,0.07056736462853615,0.11938277152025173,0.0679876716785589
12,12.0,7.060169740244025,0.11677340729481965,0.09103696865159738,0.07951052625565935,0.06135005098975148,0.06899146857957426,0.07918422459523058,0.05337987827175902,0.035886109057544816,0.01984322740890205,0.13327756994594853,0.07076777981078873,0.12211147375763651,0.06788731538078761
13,13.0,8.099455520847952,0.11882248988337754,0.09237393646884612,0.07850628026049011,0.05970871146689074,0.06830616255280797,0.07823351253347462,0.050375677846369045,0.034985622900524996,0.01682744333565845,0.13776971065933077,0.06992062187802105,0.1266415479289149,0.0675282822852937
14,14.0,9.183818168183006,0.11905681368491892,0.09274052460998332,0.0806227891406497,0.05896135197280218,0.06672627669559338,0.07915470532214704,0.046375376452607996,0.033303847776238016,0.014777663176445155,0.14265016758799068,0.06862103291720073,0.12996453012861853,0.06704492053480442
15,15.0,10.307906369102724,0.12095106460991764,0.09103671232922103,0.0791517191598928,0.055892424317674015,0.06720554156551807,0.08098468043766224,0.04441081588638964,0.031759897686783584,0.012415654455332461,0.15026372039834832,0.06748054948168529,0.13332445122554232,0.06512276844603265
16,16.0,11.466506686239443,0.12563446727483502,0.0891214840147642,0.07701767213714669,0.051540901423069954,0.06681878821284123,0.08324150457165122,0.0416297862453879,0.030800244298677296,0.010365690061777712,0.15627825778912569,0.06708261975595436,0.1347298460526689,0.06573873816209991
17,17.0,12.654581904800096,0.12486657459468162,0.08840099626529752,0.07635963466486707,0.049061872192130596,0.06606262802187461,0.08349736666672325,0.039945126317991374,0.031228093274845915,0.009184717998574989,0.16034983705790712,0.06709062809019718,0.137187245590067,0.0667652792648419
18,18.0,13.867303782456686,0.12635348387117087,0.08880433131015805,0.07564777652713187,0.045411736131249304,0.0657356802337063,0.08073296825352158,0.03849498160871187,0.030994531543215156,0.007719108449253893,0.1672993412411372,0.06948952739008314,0.13801770882098294,0.06529882461967802
19,19.0,15.100080434523047,0.13036283694068287,0.08672099941136922,0.0811851084371563,0.04226825940232352,0.06404561445939562,0.081654004819854,0.03670600726869281,0.029069004436579626,0.006522868770372368,0.17048845097725251,0.06833790191721946,0.1371093951034219,0.06552954805567998
20,20.0,16.348578617037543,0.12867115740474458,0.08935994389780609,0.08644885013706413,0.039634326853851154,0.06557493672350315,0.0799398726430009,0.03624334481060072,0.026970378742190593,0.005581024371675271,0.17360981498390035,0.06654154791792628,0.135376773916768,0.06604802759696898
21,21.0,17.608741195130214,0.12768951997197228,0.08898910922741225,0.08916240612965515,0.041318468731596114,0.06303138649985356,0.07767010167226797,0.03547224555839017,0.02619138320538985,0.005387127183517523,0.17682307917019038,0.07092975968792138,0.1335886760813963,0.0637467368804373
22,22.0,18.876800103462312,0.12938553816119852,0.08943697220853311,0.09084911555931463,0.03806331288481266,0.06325498316502787,0.07764458734321435,0.03350831152751058,0.026348407771547178,0.004900132729392622,0.18330194550102274,0.0689620511980957,0.1339606538011893,0.060383988149140984
23,23.0,20.14928511992658,0.1310398227084184,0.08819788838841319,0.09518142852727746,0.035199259440093215,0.06383823469831647,0.07340760658220918,0.031623579159247656,0.026170513546880214,0.004612836393386284,0.18749606857262308,0.06964430241535634,0.13513137021178237,0.05845708935599636
24,24.0,21.423028783545156,0.130356929441457,0.0900361624537771,0.09726107274344446,0.034158779494559983,0.06114069478934814,0.07187556275650964,0.02893442015303733,0.02586736320518059,0.004508141327046718,0.1962904305208497,0.06870686549789069,0.1336728802818582,0.057190697335040674
25,25.0,22.695167792966423,0.12829048310554605,0.09465712692930987,0.10156507371172553,0.032102628128659064,0.0608241084941845,0.07100694318426104,0.027764649558808054,0.024629681663203073,0.004568834354070642,0.19955949387412367,0.0639698490704463,0.1341657267866748,0.05689540113898769
26,26.0,23.963141223515898,0.12423475101142688,0.09606098896634827,0.10614416982274197,0.03020500876428376,0.05725313850097476,0.0721877831970583,0.02556021092140308,0.025937988286050387,0.0047777697348514656,0.2018923553407409,0.062487559558078457,0.1371462125743877,0.056112063321654394
27,27.0,25.224685898775267,0.12200003698277814,0.09828483613932498,0.1055431496948797,0.032434230128025474,0.05354892284349665,0.07242171077499814,0.023806673069016744,0.024510494839598215,0.005118033880205693,0.21013442062419485,0.06012941176691721,0.13785372015200772,0.05421435910455677
28,28.0,26.477829247520948,0.12205256775679643,0.09729150211128088,0.10509689304221426,0.03224854501622561,0.04994404198746633,0.07110426229666089,0.021826181631717366,0.023146819484611336,0.005573091272222441,0.21860960371910748,0.06038349197185775,0.13854962809807667,0.054173371611762874
29,29.0,27.720879968916847,0.12141412076306159,0.0970045195509019,0.10275547049546956,0.030966290261490042,0.048452016386511296,0.06779016206862169,0.02172525596894268,0.025579349122189652,0.006126912012315289,0.22678305564112514,0.06067682443306882,0.13735514013074895,0.053370883165553704
30,30.0,28.95241681848399,0.12164833844070515,0.09674753827581337,0.10023392940606511,0.033776581391079016,0.04503075577074299,0.06667464479180858,0.02100455471286706,0.025467788126696967,0.0067640815582757,0.23330331466639959,0.060697631426897124,0.1376729815866885,0.050977859845961156
31,31.0,30.17127581490958,0.11976562834534121,0.09745258821903018,0.10031383849291864,0.03319442540374025,0.043197497586927355,0.06320592523985633,0.02032562315650943,0.02501258513818082,0.007469893334057313,0.2404250578846263,0.05950145928200487,0.14106543315055176,0.049070044766255864
32,32.0,31.376536153543515,0.11629748055009002,0.09709649785056981,0.10113632639334116,0.03383101390759912,0.044348880066805485,0.06122768932992709,0.018986638063072755,0.025294952725550168,0.009807455853559717,0.24585495076100708,0.05770235335053159,0.13779550777853727,0.050620253369409056
33,33.0,32.567505096778625,0.11278970223265207,0.09626632056498148,0.10750668540572775,0.034041846288053304,0.04433469774756987,0.05853006754673683,0.01779168509834902,0.027260371137288693,0.01059385979340071,0.2468824140961966,0.05557095823270296,0.13636592166077396,0.05206547019556706
34,34.0,33.74370209472243,0.11612471657967315,0.09629699960448392,0.11023566798865846,0.03362743869016695,0.04658126538084871,0.05700507549260626,0.01673831057911417,0.026897686920403754,0.011395684741323596,0.24498778710987648,0.05768417981648274,0.12944577006212052,0.05297941703424162
35,35.0,34.90484237192463,0.1198896151959679,0.09871987732430978,0.11588836765855857,0.03346799021243237,0.044503138256614456,0.056002563575871855,0.01582289040601166,0.02722965338218483,0.012203370347040958,0.2445053703194254,0.05621380412978798,0.12435967597836359,0.05119368321343093
36,36.0,36.05082019768737,0.12204354243702129,0.09919153767669568,0.11445499564725317,0.034074384741705974,0.04261576828147878,0.05521775189890727,0.015040783346159287,0.027857643078835318,0.013008253688716175,0.2478845494338769,0.05755584819482472,0.12099256802254801,0.0500623735519777
37,37.0,37.18169203889697,0.1230047050502611,0.09779630346881878,0.1134018646922052,0.033774313572773954,0.04055671444885104,0.059514513079663114,0.015857757344697312,0.026943255678451,0.01380256615933671,0.2515767182229391,0.05822234188921921,0.1172114116359094,0.04833753475687436
38,38.0,38.29765977559663,0.11900714043290986,0.1021094353141537,0.11104950003379405,0.03728095354393748,0.04023776161507608,0.05694552352304187,0.015310306002654482,0.028830071570258797,0.014579421721301822,0.2556162252052159,0.05722416027834464,0.11408992267131851,0.04771957808799311
39,39.0,39.399054140870355,0.11725866258492235,0.10449756747768373,0.1070548941763478,0.03598614606203894,0.037328997077519396,0.05633337200991434,0.015375095551383541,0.030468336188920756,0.015332797509857407,0.26879640156864354,0.055925592720674,0.11063306021168513,0.04500907686040937
40,40.0,40.48631852820801,0.11353748953231545,0.10687954665949824,0.10534047507763283,0.03508069473216962,0.03621614336890852,0.05614710293432445,0.015105705115270759,0.02975114010954078,0.01656925155855618,0.2788489886890167,0.05311300477370584,0.10874488317672931,0.044665574272331615
41,41.0,41.55999329152982,0.1073650145282632,0.11005249982324547,0.10550720237515737,0.03435007977467892,0.033673491449204805,0.053969320828515514,0.01521121950220568,0.029238945717858116,0.017255798254111925,0.2765183072123743,0.05420373380162351,0.11024368876195284,0.05241069797080865
42,42.0,42.62070064560415,0.10169037972743904,0.10862920640019269,0.10320336709717175,0.03565868284886026,0.03103860602745186,0.053415351643464705,0.015206760495893102,0.0294214327696555,0.017901132297570975,0.28213663405989114,0.05885003724070676,0.1069503327376944,0.05589807665400814
43,43.0,43.669130257815,0.09672679170709592,0.10791425517519918,0.10235807780439456,0.03570533332973387,0.02855682308759969,0.05522123076765882,0.015078655796764753,0.02875266825552729,0.018502921613708413,0.28822859038374404,0.05793283575039945,0.10903008304141927,0.05599173328675499
44,44.0,44.70602560622662,0.09811630985711921,0.1076998377429023,0.10602076109765265,0.03403477992078431,0.027193334146749397,0.05316639036229748,0.015012575009581591,0.028628940438151923,0.019059502782095023,0.29110884565699713,0.05974720091545993,0.10662951597344122,0.053582006096768026
45,45.0,45.73217116373481,0.09660427474911207,0.10165503589278459,0.10730733369619923,0.032390934053521864,0.025764052516427036,0.05191467456593129,0.01500297655102093,0.027932757066776642,0.01956983080582202,0.2911986222983859,0.0634738938926872,0.11291549068972916,0.05427012322160224
46,46.0,46.748380453854836,0.09771176169186599,0.10178139008101064,0.10605717096544413,0.030787563432450437,0.02376314195378023,0.05228109093549072,0.015044308172806126,0.02906666524166126,0.020033427719118098,0.2909173400900177,0.06408983384510941,0.1163249166255016,0.05214138924574376
47,47.0,47.755485010424316,0.09520096639283565,0.09622854455089186,0.10008420888387119,0.029236654239161653,0.025037621363140916,0.05266733936124779,0.016845697697026207,0.030019307486240238,0.020450330663893387,0.2992629926149721,0.06927495626414315,0.11649763038332228,0.04919375009925368
48,48.0,48.7543242612326,0.09232632442570593,0.09415455986268333,0.09961522690848963,0.027748469422810132,0.023844670683402014,0.05000626963348809,0.0169553205601467,0.029225867622818185,0.020821040007552215,0.30826040476378097,0.06965950089112659,0.1199723123918818,0.04741003282611448
49,49.0,49.745736344347726,0.09688524098794997,0.09165293098610569,0.09955028323222267,0.02633161839386566,0.023754523833364148,0.04825178994070427,0.017084427931353677,0.02955544085556029,0.021146468016769636,0.30694596881306313,0.07236954444825043,0.11987798007876423,0.04659378248202626
50,50.0,50.730549855707864,0.09258846820430484,0.09239958550979575,0.10234086967607889,0.02499313628387698,0.022406617100182404,0.047795304583383644,0.018123387231667065,0.02864122982842722,0.021427888544897623,0.30749144911423726,0.07499825288946452,0.12116642548524927,0.045627385548434644
51,51.0,51.70957651737491,0.09292004018114904,0.08754723128505701,0.10209758167276475,0.024231599691201148,0.021074686469911386,0.048458895972203736,0.018272970478645865,0.028882551898888158,0.021666888134763834,0.3126963921870543,0.0779811659782881,0.11887772595254524,0.045292270097527544
52,52.0,52.68360474770151,0.09299014791420492,0.09120990030672232,0.09903165306123249,0.025694626075997845,0.02088919986428736,0.046039828338205795,0.018424865696140328,0.02809083989973783,0.021865318884295784,0.3145599056637501,0.07723739278115788,0.11643944440027558,0.047526877113991894
53,53.0,53.65339410751842,0.09491000126438032,0.09204541953939929,0.097187706875054,0.02458339755593591,0.01979177187689576,0.04487761181139931,0.018577322734923938,0.02719353473326019,0.022025253370031583,0.3173698278261293,0.07792022949262463,0.11327081528540296,0.05024710763456292
54,54.0,54.61967059027847,0.09564680360786226,0.08666475962998291,0.09625919922907748,0.026500050603639275,0.020798616734675025,0.04573973106770981,0.01872876084247995,0.026314024736097712,0.022148941873493488,0.3260156493560724,0.0755416267064533,0.10975450865252676,0.049887326959929805
55,55.0,55.58312271885972,0.08887720447398362,0.08721337991486958,0.10252306042481296,0.025909427854033343,0.019964452644120306,0.04958710245680878,0.020439961329952006,0.02669700450422602,0.022238772107874265,0.32628008089773164,0.07201548977263368,0.10744447085048459,0.05080959276846944
56,56.0,56.544398407394254,0.0908281843347598,0.08784002725198616,0.10071733506854896,0.02494462200873202,0.0191592822120557,0.0480667847950073,0.020569667736190535,0.025920897946281867,0.02229723159773822,0.3354762020838527,0.07036030878114505,0.10603517787094541,0.047784278312756556
57,57.0,57.504102543001395,0.08862787575114417,0.08947984861248547,0.09879725663655609,0.024026850527873515,0.018443036001076996,0.04547455600639533,0.02068070682444331,0.027028694492591585,0.022326872822638403,0.34802920205250343,0.06790218179983021,0.10439926595297441,0.04478365251948739
58,58.0,58.462795239617805,0.0908782223981925,0.08584302568845625,0.0954793761579356,0.025168460726710626,0.01781398405118539,0.044004099076482193,0.02077383493562637,0.027798506915474273,0.02233028119682218,0.3500390705319912,0.06956730864652032,0.10677073108262755,0.043533098591975856
59,59.0,59.42099071417639,0.09853421771874593,0.08578517831411954,0.09213978404636475,0.02489263379167818,0.01819827109199424,0.040976167823085136,0.020849911886334862,0.02699971498516751,0.022310045921619358,0.35088463761917443,0.06831778315681505,0.106652862320971,0.04345879132393034
60,60.0,60.379156734137354,0.10221452924893731,0.08449777476773364,0.09383977866181392,0.024516173028681025,0.01772643044520143,0.041320754128692155,0.020909882023109155,0.026210805098039747,0.022268733714720625,0.34658812931099997,0.06861437039925394,0.1083287779947332,0.04296386117808426
61,61.0,61.337714584760846,0.10415558658531732,0.08199415084779543,0.08993815185991433,0.02375360745344329,0.017324509558635882,0.042099929962241184,0.02095475632597493,0.025438678148644363,0.02220886539136456,0.34945675420126626,0.06814681231832236,0.10821962043013138,0.04630857691694909
62,62.0,62.29703950447439,0.1014978488512043,0.08032803943637482,0.09346291271499943,0.023029762361194896,0.01783168398236353,0.041255518573048544,0.020985595635294375,0.024689377112702075,0.022132895246430456,0.34976413031060377,0.07160451573769634,0.10883043398621223,0.04458728605187557
63,63.0,63.257461537171835,0.0990103801732797,0.08093339355489694,0.09339031774887913,0.02234800415455939,0.01755189063839408,0.03859412549955098,0.021003495057328934,0.023968112409226996,0.022043193163525456,0.3563835895903298,0.07387994125873414,0.10652874523394054,0.04436481151735424
64,64.0,64.21926675122782,0.09949797738755976,0.07821162730398977,0.0950992685710626,0.023838092909763818,0.017324557722437635,0.03595685908420002,0.02100956958658675,0.02327929305200715,0.021942029357275704,0.3589844804263354,0.0751753294185217,0.10365903596391879,0.04602187921634122
65,65.0,65.18269877636592,0.10282176031149581,0.07482928481687116,0.09092140839245838,0.02494242897958262,0.01714671252085246,0.034355568901360344,0.021004940967052913,0.022626562699989222,0.02183156163807817,0.36510897218707505,0.07595699313852457,0.10293015211444748,0.045523653332212186
66,66.0,66.14796061122655,0.10090304051023262,0.07520276347300309,0.09149178083876065,0.024342441287309707,0.0190842636615857,0.03361294546206146,0.020990725799801935,0.022948984334486444,0.02171382507441961,0.36765587212839634,0.0727684649981729,0.10080239993550094,0.048482492496269035
67,67.0,67.11521665648885,0.10646136244067969,0.06936124580609992,0.08869126364277481,0.02868198547394402,0.019751005078282063,0.032099087585639945,0.020968024891278036,0.022367143841707154,0.02159072391638271,0.3626626390247799,0.07501968091291066,0.10339031384183367,0.04895552354368779
68,68.0,68.08459493066005,0.10774171593541981,0.06709914034298381,0.08284691096933701,0.02807009361687773,0.019655199131170475,0.03115804408868058,0.020937913824693743,0.023976783591815976,0.02146402563498567,0.36316136839799845,0.08277090630014235,0.10303708511910988,0.04808081304678489
69,69.0,69.05618942810752,0.10607644850599744,0.06586000433877844,0.08987092383982773,0.028808279314035335,0.01957242178745834,0.030398718759713814,0.020901434726520944,0.026433829830568464,0.02133535692537848,0.35867649351082126,0.08367924633260741,0.10151270896966155,0.04687413315863116
70,70.0,70.03006258152917,0.10574897722581314,0.06528618548564676,0.0912704394786706,0.030213740790956237,0.019502197960242836,0.03137935649068844,0.020859589190900217,0.026212868857547637,0.021206201517478224,0.35547547397821744,0.08329811532842536,0.10049530334330765,0.0490515503521058
71,71.0,71.00624779379335,0.10183312092446867,0.06177201324559955,0.09722097711789018,0.03210781919498316,0.019443974536146453,0.0357653062677783,0.020813332316932557,0.025661621727484797,0.02107789963519321,0.35355889742307445,0.07905077595226577,0.10009393451335408,0.051600327144829185
72,72.0,71.98475200689319,0.09919690069601367,0.06257124427649764,0.10056138599949216,0.03223036454358281,0.019397133709098246,0.036570698564173096,0.020763567807192337,0.025108883093153397,0.020951648944784768,0.3495628165990361,0.08063373401694983,0.10042359171785505,0.05202803003217123
73,73.0,72.96555827861411,0.09847921016902957,0.06369644066420584,0.10285875516129604,0.0319470374808371,0.019361005627663876,0.03663243347765082,0.02071114407035422,0.025331439188889086,0.02082850683396932,0.34566494906294787,0.08012200370396247,0.10374879080582906,0.05061828375336504
74,74.0,73.94862834037681,0.09655468501116417,0.06091929912229908,0.10383177697367343,0.03378577408873794,0.019334880298096307,0.03646494600151381,0.021328047990294335,0.025158707274514833,0.020709393865895726,0.34138834172077087,0.08218123317952707,0.10944422033189923,0.04889869414161351
75,75.0,74.93390511255946,0.0974704976028793,0.05917135898019773,0.09975027843805337,0.03302763521166599,0.02039084021138557,0.040184696745632145,0.02147467642548513,0.024614808831587547,0.020595098255970532,0.33888991250342504,0.08426306850858162,0.10728529891179528,0.0528818293733411
76,76.0,75.92131515639825,0.09534326558495854,0.057069161939721745,0.1034804930032798,0.03438006681831749,0.020371756369639116,0.03938967216328078,0.021404000058192773,0.024079152144637118,0.020486281224478153,0.3419767010535435,0.08209207845572625,0.10434000265148052,0.05558736853274456
77,77.0,76.91077104428919,0.10280874282099108,0.055025296053729106,0.10118286527268747,0.03540084282091185,0.020350863348370916,0.04001302004607164,0.021326351327047723,0.023850292408113982,0.020383483083890232,0.33638090490426226,0.08535905058121342,0.10271999232740697,0.05519829500530372
78,78.0,77.90217363294813,0.10392515577870234,0.055959792014488904,0.09942793215848028,0.03436505469092895,0.02116510008201867,0.040579643845925294,0.0212432039557467,0.023698953216608854,0.0202871299265222,0.33812182335817176,0.08656182274875032,0.09909720493278545,0.05556718329087062
79,79.0,78.89541422641172,0.10740642023442912,0.05872393919279588,0.10113634645462247,0.03328919482703505,0.0211333679638359,0.04015688822821289,0.021155939282018314,0.023203776195611318,0.02019754078562575,0.33671099407516425,0.08327895581361988,0.10090993453121232,0.052696702415817157
80,80.0,79.89037661826481,0.1074301533536103,0.059473828632527835,0.09913881111831634,0.03218802900126019,0.02306050379422602,0.03826295920408395,0.021065841682842583,0.022726079114757422,0.020114935150962684,0.3398178228448504,0.08322298625831183,0.10070529660619561,0.05279275323805514
81,81.0,80.88693900474995,0.11221700090799135,0.057361114515470026,0.09711280549145525,0.03145845710330761,0.02315500237736922,0.03724531732156474,0.020974095426756,0.02226889095084134,0.0200394407282563,0.3452115953457423,0.08219555082950286,0.09885208823559491,0.05190864076614835
82,82.0,81.88497576253909,0.11245026173699449,0.05876142278382534,0.09577322390706515,0.03245609634264908,0.023063594824785188,0.03638350591505881,0.02088178284201052,0.02385291451199027,0.01997110134053799,0.3479517094919137,0.08040903733634885,0.09921038222969003,0.04883496673713083
83,83.0,82.88435908692391,0.11172061115842524,0.057658016036718246,0.10055127748915793,0.03132693634339274,0.022950692079211705,0.035312198057585356,0.02335142214885794,0.02348937644832677,0.019909884878186134,0.35048727331764556,0.07775961690839271,0.09974274832681976,0.04573994680728012
84,84.0,83.88496048800103,0.10928479898613169,0.056115233843249346,0.10352778154459179,0.031668254214178994,0.022819572687403453,0.034005506712945326,0.02364424391427808,0.02306813826503895,0.0198556912132876,0.35121757470030024,0.07492276966947453,0.10500081873219708,0.04486961551692316
85,85.0,84.88665214409042,0.10560312528700568,0.05789434453435678,0.10503341796177948,0.030822663172653402,0.023232179576551878,0.036262078743951764,0.023503200360495833,0.022658342517429528,0.019808360002746047,0.35326967513351226,0.07353769159865589,0.1061184082762197,0.042256512834642004
86,86.0,85.88930811312994,0.11099845911640617,0.05552605568703616,0.10411353037144802,0.0329823616132717,0.023068274919235045,0.03639349078016951,0.023341229158486854,0.02226294291940675,0.019767678313231188,0.3544561959516521,0.06818673732482572,0.10776678299841008,0.04113626084642092
87,87.0,86.89280540413424,0.11193064002113587,0.05301948799939468,0.10804586323404973,0.035390562196840836,0.0240936270873226,0.03512365665433592,0.023162042785093904,0.02188445385199218,0.019733388009535502,0.3535333708377999,0.065766942702222,0.10961648922135608,0.03869947539892107
88,88.0,87.89702491199675,0.11308107289652927,0.05221221578658599,0.10811016633474514,0.034669033731641326,0.026034251028143742,0.03339957519597091,0.02296915462118931,0.02152496915279915,0.01970519285611403,0.34901295424738743,0.06432734782744515,0.11816210689242376,0.03679195942902501
89,89.0,88.90185221995306,0.10947006294789316,0.051147551024695745,0.10659600825170143,0.034477519197804875,0.026203837463157735,0.032670196515367136,0.02276586372746328,0.02118618323199743,0.019682765289473565,0.35395484935278176,0.06579570517693747,0.12003297155093405,0.03601648626979259
90,90.0,89.90717827491419,0.10534064776647424,0.053174715682913286,0.10925354748860824,0.033795165072485464,0.026899582126147518,0.03346620009238362,0.022555243285835226,0.020869414070955907,0.01966575282660241,0.35977998481974416,0.0636483001067668,0.11654566205630877,0.03500578460477462
91,91.0,90.91289994163006,0.10694177643321047,0.05738334530719797,0.10552254000106677,0.03254456273222895,0.02935411678007896,0.03388726956812018,0.022340132455511624,0.020575627685308975,0.019653784081752345,0.3580187921045302,0.06715651954009866,0.1128276313352858,0.03379390197560938
92,92.0,91.91892044225806,0.10668584025761042,0.05789063814465765,0.10179709904606765,0.03458285569761529,0.029077013388635,0.03393317518959928,0.022123131383665267,0.02030546366137365,0.019646474370569766,0.3610969306627574,0.06728536048135211,0.11078454929137874,0.034791468424718044
93,93.0,92.92514968840067,0.10847454638612648,0.05439756269483778,0.10230813827198468,0.0333111381804413,0.028642479273412413,0.03236144858503415,0.02190659910516689,0.022882346925856466,0.019643430886799748,0.3698483013791327,0.06404971663279116,0.10664711074506603,0.0355271809333505
94,94.0,93.93150451304501,0.11179354368765652,0.05799145121462253,0.09802950848790802,0.0330309136390853,0.029037727307144837,0.03246411115787184,0.023342671006875693,0.022631941424257923,0.019644257442538733,0.3666446924256101,0.06206256407856509,0.1069015063403087,0.036425111787555094
95,95.0,94.93790881009448,0.111778517998084,0.05766828801321421,0.09710251827409723,0.03420131334621124,0.02891393931174623,0.03335895489520315,0.02311669375927675,0.022380257058576658,0.019648558768278434,0.3720458172754405,0.06047005453829831,0.1034033560756758,0.035911730685897814
96,96.0,95.94429358933806,0.10953288635908923,0.057314326639703816,0.0942742247390099,0.03305049967918742,0.028356680920752556,0.03255001452454489,0.024352345974341626,0.02212993855887775,0.019655944373761378,0.3818449474439936,0.06189982009887965,0.09798960552742454,0.03704876516043393
97,97.0,96.9505969547639,0.10794362110402447,0.05968747664712833,0.09773504492157409,0.03175522040144978,0.028577956652311956,0.03214945094353944,0.024097730700209576,0.02188335252355996,0.019666031974958417,0.3784978297297182,0.06804387252156689,0.09167225853113564,0.038290153348823526
98,98.0,97.9567640140995,0.10424270836867258,0.06369084251363694,0.09544998639949206,0.030471916847471407,0.027965587660797188,0.030947618888844734,0.023827599646488635,0.021642591566538347,0.019678450496286165,0.38200771928543,0.07045145660552123,0.08814671685317572,0.041476804867645246
99,99.0,98.96274672736057,0.10233104076386902,0.06815766727358555,0.09526852614866058,0.02921222448041616,0.029563546226190437,0.029539705633116326,0.023546205701674903,0.021409480789553514,0.019692842660518278,0.3801092505202157,0.07080806660615635,0.08958860277947313,0.04077284041657029
100,100.0,99.96850370202192,0.10030670143678101,0.07136122940167204,0.09308307561721803,0.030849474343357514,0.029930581338689838,0.028177186646629594,0.023257489094325793,0.02118558628237163,0.019708867181721997,0.3806577688367726,0.06813479854475131,0.09317537028082029,0.040171870994888594
101,101.0,100.97399994219691,0.09562104273555971,0.06833382955600177,0.09313921553569564,0.029994861619428305,0.033728741528146367,0.02920605453184988,0.022965069256768337,0.020972225363084216,0.019726200578988124,0.38690551265693973,0.06734360131827385,0.09101213387513733,0.04105151144412698
102,102.0,101.97920655893245,0.0960425520418421,0.06858551077778648,0.09119459724730077,0.029862579326824484,0.03300200376955769,0.029260638135423463,0.022672240710398944,0.020770478282094704,0.01974453863073776,0.38382058713861084,0.0689788136697214,0.09410455157822878,0.041960908691472835
103,103.0,102.98410044840509,0.10057453826460637,0.06461586956275234,0.09724695247189549,0.028692477758313007,0.032184409110834436,0.028025665710296053,0.022381972611562502,0.020581201126383196,0.019763597491005053,0.37640706819683906,0.0741725014824681,0.0926916761526179,0.042662070060426764
104,104.0,103.98866394444643,0.10310748965434877,0.06931776296558917,0.09691032397918284,0.02755246156906955,0.031326729826875156,0.02942393387057842,0.02209691159649408,0.020405039674979007,0.019783114490335568,0.37265627188651146,0.07481503938966301,0.09092694942785491,0.04167797166851836
105,105.0,104.99288445143917,0.10625709202041773,0.06697675395178904,0.09559948612313138,0.02916005713483279,0.03191882629140182,0.0300778516366223,0.02181938756696756,0.020242443971965448,0.019802848644829677,0.3630625141913914,0.0785600979919871,0.09623259140822311,0.04029004906644095
106,106.0,105.99675406321822,0.10653141666330056,0.0673809696591664,0.1049245160591224,0.03090403758821047,0.031002977240038913,0.03151625157039263,0.021551422064724015,0.020093683399533588,0.019822580897426077,0.3478219904379446,0.08520007958966483,0.09386560564710666,0.039384469183369186
107,107.0,107.0002691731872,0.10382738710054137,0.06765782787834965,0.1064482943887976,0.029820309957446924,0.030068683321411906,0.03078218342290397,0.021294738892057585,0.01995886205034958,0.019842114115788578,0.34412127978674456,0.08851630705526882,0.09522381374158495,0.04243819828875481
108,108.0,108.0034300804274,0.11075705368449128,0.06791675876481323,0.10177781566187552,0.028746751990185268,0.029127131961433482,0.029638488988329503,0.02105077664773722,0.019837934215580475,0.01986127287115694,0.33866306071299446,0.09263946920114761,0.09735974538372266,0.04262373991653259
109,109.0,109.00624059613932,0.11566159082003757,0.06581209979668486,0.09953932216019135,0.027693082299747925,0.028188464417838566,0.029467135663435205,0.020820702861371523,0.019730719822132477,0.0198799030222769,0.33316532133516663,0.09339919537245103,0.10247957306073949,0.044162889367926665
110,110.0,110.00870765431864,0.11251501221507824,0.0686389456974856,0.09422925115170769,0.026667848755356837,0.02953870206134783,0.029617376554190826,0.02060542942502868,0.019636919669807955,0.019897871128062093,0.3415885243249398,0.08974287030905473,0.10141023884297075,0.04591100986496912
111,111.0,111.01084093013685,0.11017025781455654,0.06930609380581865,0.09613396644715051,0.03021734670101605,0.029857323584453623,0.030069209581955456,0.020405629038069834,0.020100501861299712,0.019915063711988146,0.3400124622467934,0.08700979041301049,0.10275886376758459,0.04404349102630312
112,112.0,112.01265246907188,0.1087853556601356,0.06961529872541655,0.1028285863566872,0.02947028819770335,0.02892228682899177,0.033725830134269365,0.020221752399426175,0.021146316447586255,0.019931386400401714,0.33035090904128256,0.08527786113083557,0.10442247185981726,0.045301656817446696
113,113.0,113.01415632942268,0.10727713865788172,0.06574705237130271,0.10916094429270833,0.029451218948215042,0.027991530880786188,0.03472659736056556,0.02005404590065262,0.021068509405988676,0.019946762955969907,0.3226842209577367,0.08570522665257552,0.1070957904870556,0.049090961128561525
114,114.0,114.01536824044418,0.10711062415578729,0.07132711583705849,0.10971356590032062,0.028467449310773787,0.0270739352185933,0.03357729333833792,0.019902569592749896,0.02098779797449097,0.019961134226421585,0.317136016720944,0.08677645750023441,0.10759087657282268,0.05037516365146519
115,115.0,115.01630527795908,0.10250745037413954,0.06941154651819759,0.11453567843797845,0.027497382143968917,0.02617735977043377,0.032407146784949666,0.019767215219709946,0.020905279706398123,0.019974457027563876,0.32114155001781525,0.08643816675886257,0.10614890645961236,0.05308786078037006
116,116.0,116.0169855589429,0.10064444894410762,0.06927465227443397,0.11493737359984567,0.026549347872404847,0.025308668269385853,0.03122994341905074,0.01964772413177689,0.020821960468050578,0.0199867029783163,0.3312340988275769,0.08492557693830302,0.10272621349909362,0.052713288777654126
117,117.0,117.01742795623892,0.09981961216022806,0.06690694014415602,0.1145009505234638,0.02761129269425455,0.024473759235748873,0.03103972529697764,0.019543704911319373,0.02073875354885728,0.01999785730421032,0.3411771130868586,0.08021441234951733,0.10229092182604323,0.05168495691836506
118,118.0,118.01765183424293,0.10157087942448215,0.0661406547518106,0.11171750501091943,0.026708327876493465,0.023677603513118102,0.029874723826858275,0.01945465056379441,0.020656479786094743,0.021244425056084655,0.3524264304213979,0.07491548275709008,0.10016472223870146,0.05144811477315489
119,119.0,119.01767680610413,0.09783508546605116,0.0675152798828403,0.11100081656681374,0.029093282144096497,0.02292428732761923,0.031936867530675636,0.019379955145384004,0.020575868601747514,0.02346103509376007,0.3595251616765623,0.06942529887167394,0.09508648628064903,0.05224057541212673
120,120.0,120.01752251271817,0.09495908023219228,0.06706035157392408,0.10822732504375003,0.030398351095131004,0.022217059887394048,0.034484975150130465,0.019318929717360798,0.020497559849817527,0.02579852872626107,0.36331061033063616,0.06691512666610294,0.0938698062552873,0.0529422954720124
121,121.0,121.01720842354362,0.09397382187936527,0.06806771822153083,0.10250923593196619,0.03264270032127275,0.023911101983621792,0.03352106931496204,0.019270817534966303,0.022630406769839285,0.025706648253671707,0.35388707871871056,0.06329745714922784,0.10761665897652566,0.05296528494433991
122,122.0,122.01675365905109,0.09416379515765874,0.06466321294907287,0.10230769713109353,0.031938943645683976,0.023279183198216633,0.034470522797958605,0.019234808395461597,0.023488515249534735,0.025566889345804564,0.35705792552331284,0.06241047105379603,0.11123041157802756,0.050187623974378474
123,123.0,123.0161768344173,0.10059855222759265,0.06209812942459554,0.09552062543531152,0.03097804820119724,0.022677664459369824,0.033247070102010876,0.019210052085952743,0.024078823520546327,0.02538543743526609,0.363969932218055,0.06372070077668913,0.11117512317263245,0.04733984094078075
124,124.0,124.01549592390272,0.09968214788449743,0.0603562327577082,0.08969282457051311,0.030003461819147207,0.022109520949813995,0.03334217903803096,0.019195670886535246,0.02393032676981292,0.025168276341428802,0.3708521039992268,0.06672940291858837,0.11006455580314756,0.04887329626154957
125,125.0,125.01472814520056,0.1069358394251583,0.05917144006755663,0.09287605877515077,0.029026299457110705,0.02157709658171561,0.034988364177797215,0.01919077109819415,0.023757376426454726,0.024921148593560954,0.37019414514076565,0.06684310211870134,0.10448655766458122,0.04603180047325289
126,126.0,126.01388986291661,0.10527125916395517,0.057504842025603936,0.09155480308725711,0.028056590336706745,0.02108214368460991,0.03735080883334563,0.01919445357770522,0.023564147353167805,0.024649522134544282,0.37187663599179166,0.07172472387625681,0.10495593367600257,0.043214136259053355
127,127.0,127.0129965102319,0.10307998220785909,0.05929973902656324,0.0889061777068221,0.027103286224976115,0.020625864640368682,0.03806783376579672,0.019205823273488132,0.023354599713677898,0.024358563100083833,0.36869921328076394,0.08079433727495468,0.10108106683362446,0.04542351295102136
128,128.0,128.01206252771334,0.09991423329612191,0.0595263703916988,0.08690722545270031,0.026174279662168787,0.02020895485414789,0.036702977304241775,0.019223997766957872,0.023132460841000204,0.02405311433806859,0.37384368861966155,0.08716311854371311,0.09650557375968438,0.04664400516983506
129,129.0,129.0111013181695,0.09745494439540187,0.05776001271402747,0.08480969368010997,0.028510398350324852,0.019831646498007695,0.04010535274980134,0.01924811483341106,0.022901211247180277,0.023737679308874188,0.37080505202352454,0.09120139075137092,0.09463847752067843,0.048996025927287634
130,130.0,130.01012521639834,0.09588104043977223,0.05739444130633251,0.08060128830301842,0.030020812078374377,0.0214725825960669,0.039041675407681484,0.019277339044884816,0.02266407450027054,0.023416410989510483,0.3622932522101888,0.09427746148923104,0.09889875803863743,0.054760863596031197
131,131.0,131.0091454726403,0.09038356549055772,0.05993648104325712,0.08492327665090496,0.029116752922887602,0.021153752183150607,0.03984569516620568,0.019310867444762347,0.022424010683049073,0.023093105392188045,0.35700999161945773,0.09882552231369097,0.10049741674961404,0.05347956234027431
132,132.0,132.0081722485317,0.08817029285479774,0.06399649549156812,0.08901542754968772,0.02821193215372063,0.020855267289694435,0.038295762749626976,0.021143214886968312,0.02218371314071926,0.02277119930067597,0.3538174482904609,0.10141011054100708,0.0966112559268194,0.05351787982425368
133,133.0,133.00721462434865,0.08865652222794221,0.0629134045502823,0.08762556645404855,0.029261206116934474,0.020578078212686937,0.036717865947209875,0.02116514293499657,0.02194560822121524,0.022453771825308343,0.35412215003116154,0.10099179842147413,0.09441673990317272,0.05915214515356738
134,134.0,134.0062806163404,0.09077585563422043,0.06354145437598424,0.08295947511510846,0.028361781843356394,0.02032282726125332,0.03606288135978289,0.021173226748872037,0.021711857711449466,0.022143549379224397,0.3496000338870135,0.1069748482869741,0.09596428267030177,0.06040792572645928
135,135.0,135.00537720296956,0.09164587342462996,0.0664997711231336,0.0785342245238245,0.027468682178702557,0.022440774210884355,0.034473695342702323,0.02116876991387124,0.021484363675545775,0.0218429136839566,0.350103093689409,0.1082893458903794,0.09876660780995047,0.057281884533010544
136,136.0,136.00451035890612,0.08955063115366885,0.07397285001782881,0.07478303035334519,0.02659020565872708,0.024680914061369203,0.032898690973902786,0.021153071063231808,0.021264775406476994,0.02155391242137602,0.35375792725281036,0.10677285150078325,0.09892551152290338,0.05409562861357657
