,Unnamed: 0,Generation,Intertwine_two,Add_vertex,Delete_vertex,Invert_path_vertices,Insert_inside_vertex,Delete_inside_vertex,Replace_inside_vertex,Donate_between_routes,Trim_one_terminal_cb,Grow_one_terminal_cb
0,0.0,0.0,0.09999999999999999,0.09999999999999999,0.09999999999999999,0.09999999999999999,0.09999999999999999,0.09999999999999999,0.09999999999999999,0.09999999999999999,0.09999999999999999,0.09999999999999999
1,1.0,1.0,0.10976010627047025,0.09271797507598975,0.11062515166707568,0.10290016804074728,0.09507797825322795,0.09204057314315855,0.09777905670027877,0.09557292138572428,0.10298475722261513,0.10054131224071176
2,2.0,2.0,0.11296674712696246,0.10644435638884428,0.09120499118255389,0.10387560513349725,0.08986001577894372,0.10312830030428477,0.0950542493617722,0.07966378886028583,0.11481488820746348,0.10298705765539165
3,3.0,3.0,0.10876436465069558,0.0914025001950877,0.0867053721560698,0.11162040456125992,0.09336981240089855,0.11217979982331931,0.09431218644693064,0.07887601995274543,0.11228650198461318,0.11048303782837939
4,4.0,4.0,0.1112353352097151,0.10065142525121588,0.09442224757547647,0.10707457720276019,0.09879776121766846,0.10444286371237324,0.08009067017171609,0.07411561600141728,0.1043400138075149,0.12482948985014193
5,5.0,5.0,0.12176326220562401,0.09670280796595629,0.09154264596744198,0.10821745583087224,0.08820801378735199,0.09564822432147775,0.09440670462967102,0.08068182950533569,0.12062369487453332,0.1022053609117352
6,6.0,6.0,0.11793609385785717,0.10477546461326741,0.10017950820246294,0.09801312775259842,0.08022606935056208,0.09565753221156581,0.09359241339035149,0.08542406346128703,0.11022404531172278,0.11397168184832451
7,7.0,7.0,0.11201552317510548,0.11072720182540752,0.09351721271611027,0.09556283998393642,0.08540528096604363,0.10695935600538146,0.08113998170347493,0.06947921864248534,0.12282059094706639,0.12237279403498809
8,8.0,8.0,0.09787057031118693,0.1094973872369801,0.09776290267528534,0.10678671138554034,0.08718812575967563,0.10139279026701209,0.08071029328861286,0.07259719466884221,0.132437765634042,0.11375625877282196
9,9.0,9.0,0.11456952969579677,0.09852725287326539,0.09524045264366113,0.08970629988716836,0.09937370682334716,0.11344990051206875,0.08651285514255574,0.08604645601879808,0.11428843348485537,0.10228511291848275
10,10.0,10.0,0.12086578482953884,0.11256529625773586,0.0968727259308813,0.08754601827975925,0.09079497989363894,0.1143276593644584,0.08440515133363126,0.07253884277317665,0.10797771285152957,0.1121058284856494
11,11.0,11.0,0.11341413011763823,0.09969005667291486,0.10436336422556561,0.09295444389158262,0.08470563797228817,0.10436959982149267,0.09555551384323105,0.06857910082393989,0.11235489062043698,0.12401326201090943
12,12.0,12.0,0.11601535053663965,0.1034475097883583,0.10624064358723398,0.09615615539445431,0.07777671565210473,0.1150842675737874,0.07727975318322408,0.07684830075342257,0.12465352086349635,0.10649778266727823
13,13.0,13.0,0.12270756367137933,0.10132336135954859,0.10684527567883524,0.10163106692476105,0.08255023611197645,0.09833891181909846,0.07312665803394765,0.09261630529093112,0.1066767759108324,0.11418384519868921
14,14.0,14.0,0.11516374394853926,0.10129332016629027,0.10762965864792984,0.1005023988303733,0.08421189672594159,0.11358251438462288,0.07233004921253479,0.07169157869980909,0.11692178172056747,0.11667305766339116
15,15.0,15.0,0.10392299339665327,0.10438571849765062,0.11354884171940596,0.09907271792841268,0.08331856201063635,0.09827154876263239,0.08166406354155775,0.06571390822509457,0.13330082421738504,0.11680082170057086
16,16.0,16.0,0.11354451050486562,0.09460798013236603,0.11113198795593478,0.09078392456744247,0.06888268935985434,0.10697730200231517,0.08916509774838163,0.07623429337137219,0.12993651108240098,0.1187357032750663
17,17.0,17.0,0.11038113470269875,0.09058707994644702,0.10254089842852543,0.09496475088266143,0.07555667664377494,0.10542851822054233,0.07624662048105932,0.07878858822756195,0.1419115902691234,0.12359414219760496
18,18.0,18.0,0.10368565799907473,0.09957385777296761,0.10475854194867673,0.10562829319739753,0.07960336360600678,0.10050021240496546,0.07421254709154426,0.06370519094417341,0.13438258378440654,0.13394975125078643
19,19.0,19.0,0.1111426059747886,0.09460595043061089,0.10890786694375429,0.09893567219727992,0.07885477740559461,0.09738502095683525,0.09128421176554902,0.08090604752456276,0.11393595001487075,0.12404189678615352
20,20.0,20.0,0.10360263791480015,0.09587522246714948,0.11734679340211651,0.09373378602868754,0.09015715912680333,0.11748349848179074,0.08262624069769453,0.06839154105183483,0.12702718355115794,0.10375593727796446
21,21.0,21.0,0.09854301542710522,0.09461007406469969,0.10622698400294676,0.09789494363804735,0.08391415074871884,0.11831457683444249,0.08480176293078755,0.06636451600656094,0.1327006214885021,0.11662935485818848
22,22.0,22.0,0.12188511328641241,0.09661624171622889,0.10522601511690052,0.08708367914737679,0.07823046900395327,0.10506576487516466,0.06839160923790594,0.0720224774140701,0.1361519549792188,0.12932667522276817
23,23.0,23.0,0.12418881616386115,0.10086008172844133,0.1267739263100527,0.10061398019876804,0.0692162883122693,0.10438870739506508,0.071849729449625,0.061927543807910004,0.129732666624264,0.11044826000974299
24,24.0,24.0,0.10475663692083123,0.09605659849769047,0.10687406216061575,0.09001939877061853,0.10384042862171845,0.11099109455930982,0.08034114944768796,0.049027804601306346,0.13057497352854613,0.1275178528916749
25,25.0,25.0,0.10408700741162288,0.10414088636423842,0.11529537190663468,0.09999962037439517,0.0677951669494872,0.09982594497385985,0.06723101063246308,0.07160920043300031,0.13166643170937617,0.13834935924492173
26,26.0,26.0,0.10037239323130262,0.10534100090991343,0.12413256105287462,0.09004007400576138,0.07600135054896992,0.09710898991555283,0.09327288364936984,0.06949242169861428,0.12142780342520099,0.12281052156243968
27,27.0,27.0,0.10719498675027421,0.09954466837169137,0.11051658404788,0.10486309344119112,0.06743812257735107,0.10140936083360992,0.0759566351094911,0.07128152562038648,0.13968064331174138,0.12211437993638292
28,28.0,28.0,0.09392845686122217,0.10498254277055427,0.11911151917872824,0.09595333867835534,0.07965407823515065,0.09729524023803968,0.08047832705475194,0.05937994605949792,0.14183636935014168,0.12738018157355774
29,29.0,29.0,0.10105556513468288,0.11447755681736586,0.12128342165949209,0.09751287641412645,0.07482333659867756,0.10598618854620549,0.08091235995943366,0.07393660465372441,0.12944558801873057,0.10056650219756065
30,30.0,30.0,0.10067699846190023,0.0939215209420842,0.12606691210492535,0.09647587780859723,0.07838699073103719,0.09841429811977727,0.07497074112527316,0.07181760613400814,0.13646009814684967,0.12280895642554715
31,31.0,31.0,0.09806222042646301,0.0816930956224062,0.11866375600943387,0.10497393408503583,0.0936733296427394,0.09949563147174881,0.06473635997429826,0.06012729969406836,0.14163471545988585,0.13693965761391996
32,32.0,32.0,0.0922107321879856,0.09447436179076818,0.10952525225226553,0.08684857183281662,0.0908718401198634,0.11244532407664468,0.07854641205183242,0.06590943358109454,0.14348041117125865,0.12568766093546993
33,33.0,33.0,0.10685290673755374,0.10120515992763195,0.11550118769937619,0.08445876112961247,0.08522413066233382,0.11778780410315497,0.0905102287593001,0.0458943455821465,0.1296498308195519,0.1229156445793379
34,34.0,34.0,0.1085238170711573,0.09875050775411993,0.11983231292807879,0.11791291132088944,0.07105981209522332,0.10616282470722678,0.061753695413126176,0.05860560450040183,0.1514936949019624,0.10590481930781362
35,35.0,35.0,0.10477984237373712,0.10190957539773018,0.12434676779707972,0.10455141612526145,0.05479399339187243,0.1083859736633841,0.08082948294444525,0.05937715477823989,0.13364081802135747,0.12738497550689193
36,36.0,36.0,0.10160280265240887,0.10321427969643293,0.11176491220391153,0.1092090125240606,0.08168062571352977,0.11036129058353998,0.07973455682839964,0.05272629777910337,0.1282549495365924,0.1214512724820205
37,37.0,37.0,0.10761831562300499,0.09935113094698184,0.12321980756949724,0.10730003332860157,0.08049591959843372,0.10930519720087432,0.06680125086040156,0.0528155702256512,0.12891587913636587,0.12417689551018736
38,38.0,38.0,0.10788916250139369,0.11430788379777064,0.09707042725648658,0.09005556887739649,0.0685958734491607,0.09445531852816845,0.08174255137587508,0.07713792440988924,0.13088097038635188,0.1378643194175068
39,39.0,39.0,0.10601270030602092,0.09347219754793713,0.12185151710366257,0.09957732912672755,0.06593956501085116,0.10546788531754223,0.06358458623226189,0.0663133958438401,0.15238056312172651,0.12540026038942947
40,40.0,40.0,0.09150621411432129,0.09592624633226557,0.12151428863754324,0.11006019494204292,0.07177407301017584,0.11305459560025084,0.07204414852003113,0.06317862081751405,0.14749173010989275,0.113449887915962
41,41.0,41.0,0.0888021122439474,0.09839180234123476,0.1125682243126416,0.11536524785290452,0.06505289896469552,0.11856742636642639,0.07396495418292812,0.060414595333904086,0.1488738507641552,0.1179988876371619
42,42.0,42.0,0.08902100666326332,0.09295833973755513,0.12930342152180313,0.08217908775422764,0.09858665436494304,0.10299300042284802,0.06638136902613925,0.07586532659478067,0.14452071910543038,0.11819107480900885
43,43.0,43.0,0.10254738925671118,0.10615887712545768,0.11547941092924982,0.10292056612438613,0.07899046857409958,0.09882203576716811,0.07693962229513776,0.05407439403183275,0.13669072613634542,0.1273765097596111
44,44.0,44.0,0.11980593303718104,0.10272594358186027,0.12433140873513175,0.08867414465475235,0.06204531808601245,0.09563684849030302,0.08531026355183573,0.05160824629000464,0.139504229937706,0.1303576636352124
45,45.0,45.0,0.10474756178749586,0.10106495286078943,0.0945442219831495,0.11339920079008989,0.0631469647653484,0.107864084680281,0.075540181115794,0.07122347869182435,0.13724685058868807,0.13122250273653907
46,46.0,46.0,0.09823946203037623,0.08697724635357143,0.11283095319038612,0.09711937874610468,0.06853062412058172,0.11332243798312576,0.08011254863175124,0.06620813064072781,0.1307078674149301,0.14595135088844455
47,47.0,47.0,0.1255407252064311,0.11017912572984254,0.12494537817973232,0.11794438087440746,0.052620736460646265,0.10859179076082633,0.04539038631871033,0.06032375514008028,0.13189747212239628,0.12256624920692669
48,48.0,48.0,0.09386208080531012,0.10465197365808451,0.11446441188799425,0.09750024901591088,0.0583327040096183,0.123610810108896,0.0630996805333496,0.05913051858177829,0.15279941430104374,0.13254815709801396
49,49.0,49.0,0.10178077403965888,0.07221024977779375,0.12443347716168056,0.10527407519537561,0.06469007242250956,0.12293087494918167,0.06724973914751559,0.04563840911904686,0.15836155915816735,0.13743076902906975
50,50.0,50.0,0.08123994401959897,0.10177048829798044,0.12083518115676775,0.10936805146411026,0.05701099972956612,0.11732955491850083,0.08392867187580813,0.05086923644656879,0.15346386556280386,0.12418400652829449
51,51.0,51.0,0.1137386975192473,0.09720713363274618,0.0885260533917614,0.10202843423069771,0.05767086956813825,0.11950276944551619,0.06317123710473835,0.055599639289614367,0.1646469093337924,0.13790825648374747
52,52.0,52.0,0.09481144333164793,0.10509527463779864,0.11578664413535962,0.09404282636971469,0.07368641027187928,0.10535177869177632,0.04698327269651662,0.07156212627432143,0.15458992717011572,0.1380902964208694
53,53.0,53.0,0.09699825798107706,0.10017597617265009,0.1171684669088986,0.09869837811649386,0.061188940869288964,0.11089572119190957,0.054409142412817135,0.0660181840374928,0.15946489205171993,0.1349820402576516
54,54.0,54.0,0.11784478075548277,0.10339252786828239,0.10271415557511394,0.10603854538298671,0.07285495966472492,0.11565441300483403,0.07973425055161576,0.06764011144239612,0.12078179511792322,0.11334446063663979
55,55.0,55.0,0.1055844078236545,0.0973979089450822,0.12116921788340893,0.10242198033712516,0.07321562123462567,0.09615050763149931,0.07606265368691237,0.053428371459743586,0.15501705715489064,0.11955227384305714
56,56.0,56.0,0.1101286861442999,0.10284720645688847,0.11536610568506225,0.09800153406270375,0.06533607890512591,0.09352453655359141,0.08031633235648791,0.0547311067346542,0.1476461900192195,0.13210222308196626
57,57.0,57.0,0.12378737505237025,0.07785006229058064,0.13151102996785144,0.08266971498046603,0.06957212865186271,0.12211648546901262,0.05381811739010552,0.062061291828477506,0.1549049528515527,0.12170884151772021
58,58.0,58.0,0.08858957340351291,0.09527757430149955,0.13473080666853746,0.10058867293957308,0.062164414087159614,0.11336806077576918,0.05044082110758071,0.056187250285049964,0.16299688925987077,0.13565593717144636
59,59.0,59.0,0.12066055962988335,0.11312849734142286,0.09663814657914145,0.09968111356682355,0.0631439768289283,0.10287000044707847,0.07361626455650075,0.058354343334436766,0.1467340874144573,0.1251730103013268
60,60.0,60.0,0.10292815113446323,0.10225038634047641,0.12237219098258414,0.09893529658284725,0.06279155765983038,0.10225148053286728,0.06544133548072292,0.04426303656672862,0.1640401832769042,0.13472638144257518
61,61.0,61.0,0.10319435708587117,0.10856364919331007,0.1248319703303993,0.09959355296637651,0.07415419760524844,0.10195486636431465,0.06277330970239883,0.045344493101551364,0.14848908638316435,0.1311005172673649
62,62.0,62.0,0.09677942873951062,0.09486744713238605,0.13058290298685432,0.10038234837096587,0.06908448561103625,0.09751035432531828,0.0698362151805376,0.05321330175300106,0.16646988389313028,0.12127363200725924
63,63.0,63.0,0.10366304751738156,0.10428799747180661,0.12851184894475326,0.08927969702646689,0.04313854770604396,0.10905907402611485,0.07233298463826507,0.056498308419738,0.15384032484839347,0.13938816940103585
64,64.0,64.0,0.10343371172810148,0.11356844054698076,0.13522247678823787,0.11474382372627848,0.05619209711160585,0.0978040698306892,0.07109575403237597,0.044611703547882325,0.14544370053979488,0.11788422214805272
65,65.0,65.0,0.0970805437578703,0.11176481985243855,0.13311140537724747,0.09070190439030663,0.05270515835880418,0.12156360676494456,0.05652175469725351,0.04439836154884077,0.14320435684493832,0.14894808840735524
66,66.0,66.0,0.09927748673719941,0.09938577012609733,0.12148492444772493,0.10364824088438482,0.05366714905654217,0.11455851665986638,0.05777097881457459,0.05609071376322337,0.17243578599067677,0.12168043351970978
67,67.0,67.0,0.08643599397642532,0.10767799620577023,0.122201318069031,0.0941275618208526,0.0536635547754735,0.1175489053507039,0.07950850668026924,0.05335210080372177,0.14205470658745672,0.14342935573029536
68,68.0,68.0,0.10675566009018837,0.12223334228836666,0.11116042144937259,0.12221439584419873,0.0735662259747645,0.10358913562066156,0.06342498620699516,0.043709072488609925,0.13730963529182788,0.11603712474501418
69,69.0,69.0,0.1003629840129511,0.10249698535470086,0.13206705385371523,0.09221139758474331,0.06220781959752212,0.10184252635653715,0.061690397944161736,0.07441175487679359,0.15117882372114058,0.12153025669773396
70,70.0,70.0,0.08811323910700324,0.11345218014042877,0.13382510275387413,0.10598602736546378,0.06874146011836549,0.10554614961148985,0.06500686223577845,0.05262467061365631,0.13653102208127552,0.13017328597266398
71,71.0,71.0,0.08228577458758496,0.11771453044769475,0.12481126845155988,0.08869350509800916,0.05676833487806475,0.13256498952673107,0.0686819370194152,0.057791250969508844,0.14132346439157356,0.12936494462985748
72,72.0,72.0,0.10642856213864613,0.09652709154360818,0.1493072311076138,0.10458061476737095,0.07366040660734224,0.10227231428485632,0.04787881263836334,0.043197391216427704,0.1525354556369815,0.12361212005878938
73,73.0,73.0,0.08092651102573757,0.0974227145799591,0.1435746532800455,0.08749579761698185,0.04410425061728836,0.09999021284884307,0.0552686561373086,0.06285168584987723,0.16239953460318132,0.165965983440777
74,74.0,74.0,0.0932903913580532,0.10175687078116344,0.1259237147166397,0.09849018196057888,0.06259583336004584,0.11962204643708003,0.06546085661872893,0.04811916524798728,0.1530812201053106,0.13165971941441162
75,75.0,75.0,0.10186001106365035,0.09653373390193552,0.13904551793400527,0.0844131541550632,0.06638496974645666,0.09818855248024383,0.06507397639511424,0.054601698174970535,0.15857077058609567,0.1353276155624643
76,76.0,76.0,0.07520234371801492,0.11151033098308083,0.13614727715471728,0.10404155033388765,0.06215533939752602,0.11483582564526089,0.06501103422484494,0.057490646807558096,0.13531618889247657,0.13828946284263244
77,77.0,77.0,0.06792128365077744,0.10362632224567318,0.14003627280076353,0.10988461857854148,0.058358905661375214,0.09038528227279174,0.06366381923089663,0.0679749466787475,0.17721683459710086,0.120931714283332
78,78.0,78.0,0.10070540221652516,0.11461005529034125,0.12829896089875298,0.10738084260512341,0.04859803848099322,0.09360281256689928,0.055489250075389275,0.057319093004302955,0.14836989300335945,0.14562565185831264
79,79.0,79.0,0.07842024202107141,0.09746702112245764,0.13577337860021216,0.08514030704097506,0.06622449744712626,0.09835994353909074,0.07041588940629201,0.05255235048907494,0.17102872507322947,0.1446176452604699
80,80.0,80.0,0.07239392897592234,0.10520101807206565,0.11967343966932001,0.09606663130810844,0.08584768067277773,0.09969391317958634,0.0737891727283667,0.04521079159907419,0.14165726523155078,0.1604661585632274
81,81.0,81.0,0.07264137534646405,0.11630512321648852,0.12604486444872665,0.11179703256238258,0.05126034944315942,0.14074172627373724,0.05565055243706467,0.031426599592111956,0.163608390342688,0.13052398633717646
82,82.0,82.0,0.11122895213239589,0.10018617155293005,0.13511750380855475,0.11493591187911123,0.056331957251713104,0.11360049839533633,0.06425253544320716,0.03620224987893853,0.15986162132439102,0.10828259833342158
83,83.0,83.0,0.102287514297334,0.09524517217499226,0.11126111443285178,0.09920963886993038,0.057947082837074504,0.10265924688141523,0.06892400246784523,0.053477266187305784,0.15781861298346864,0.15117034886778183
84,84.0,84.0,0.09659755266294645,0.10395015164408869,0.11122556349088761,0.08276539906644559,0.04761559748756026,0.11721908970742193,0.07544140531762114,0.0525425241255601,0.16224130308694584,0.150401413410522
85,85.0,85.0,0.09191699437719202,0.10461189439251786,0.12664373743926954,0.11517694060343886,0.05345140484404152,0.11062014219870062,0.05949055222923323,0.04344757003842394,0.14425554308349986,0.15038522079368216
86,86.0,86.0,0.10077229964180778,0.08842291331059203,0.12110030702771635,0.10310299137675039,0.07062613316083188,0.11236400967592772,0.05461610558915355,0.05675136740447797,0.15301212764390462,0.13923174516883735
87,87.0,87.0,0.07300140100359306,0.09064838205939188,0.15076704212729147,0.0984625940175087,0.07243687663647845,0.09161265898592022,0.08424565692944988,0.05574914057633997,0.16517605076203962,0.11790019690198641
88,88.0,88.0,0.06740066967788455,0.09061640680230271,0.1199233279278001,0.1101045587777459,0.07388971802459357,0.10924451749384059,0.06624626758188354,0.04750297425598249,0.17172309245567338,0.1433484670022929
89,89.0,89.0,0.0868203604392076,0.10279001808977165,0.138085645044246,0.08109635242692824,0.05495722039064889,0.07718121405463917,0.09059243961440863,0.08287179158745758,0.15709413771000375,0.1285108206426881
90,90.0,90.0,0.08724559743530505,0.13885508550426928,0.11579657205012676,0.08544843745791511,0.07560736955159097,0.08755697213557948,0.046554236670635255,0.05060201997306074,0.15408133956932576,0.1582523696521912
91,91.0,91.0,0.07328855327622621,0.11625603020639645,0.1394394405951856,0.10201282903943949,0.043396665016285155,0.1384408702559233,0.06049125435037239,0.046455697014194185,0.15766857986482102,0.12255008038115581
92,92.0,92.0,0.07555410584891906,0.11068172840094484,0.13698197665682998,0.09173216020463917,0.06781053830637074,0.12110143282201809,0.04397781624310208,0.043941672664497,0.1559065332447866,0.15231203560789214
93,93.0,93.0,0.07747541086422058,0.10979296993154275,0.1170011141795615,0.07026613557498501,0.08016001078436066,0.11811102747718583,0.08655709741846633,0.0490131753167279,0.1602930230369308,0.13133003541601826
94,94.0,94.0,0.08184587081991769,0.10156939053848475,0.12778021261430866,0.08413026767623234,0.06779726078159856,0.09222713716017847,0.08296273522935829,0.05888000438389357,0.15168988534699324,0.151117235449034
95,95.0,95.0,0.09149900694440988,0.10685061040952619,0.1459681817134822,0.10223159894942195,0.04659317760814705,0.09435087406519951,0.0642764160537259,0.07196435986043623,0.1389754630756696,0.13729031131998104
96,96.0,96.0,0.09573070658527759,0.08895721108776895,0.13076501799879564,0.0976115246552632,0.06196501825000415,0.12136428076613395,0.061878016945888833,0.06470616396714045,0.1364001206724365,0.14062193907129034
97,97.0,97.0,0.08993844453444359,0.10684308804885956,0.12564947835456544,0.09209466813361061,0.05798166938651128,0.10924072087457329,0.05522700935095398,0.04990299034590105,0.1696409524682952,0.14348097850228564
98,98.0,98.0,0.10927771757218707,0.09382966570891747,0.11412998668957341,0.10478637557326458,0.06113551726761,0.11649205337298434,0.07185302291147137,0.05469639043345241,0.14840672867640997,0.12539254179412898
99,99.0,99.0,0.09566252182346169,0.1341900262943999,0.15896628177914682,0.0883518184377397,0.040529754266918704,0.1040139675149637,0.04481841718498514,0.04719881000619749,0.16338305680025933,0.12288534589192716
100,100.0,100.0,0.09288795835573001,0.11034637709472675,0.1379131154896756,0.09032791284495846,0.06780808730720438,0.113077798667743,0.08008073084736408,0.05145478358741434,0.13200218746308706,0.12410104834209598
101,101.0,101.0,0.10865401215016861,0.10970040831487829,0.12563910906191125,0.0968288795071998,0.05006331961442404,0.10075686541761597,0.0641398961046393,0.04937377871627115,0.14650318789470243,0.14834054321818874
102,102.0,102.0,0.09463046100931313,0.13265091399519932,0.13750191304952314,0.09452485831624631,0.05985757568003306,0.08553520947645223,0.05286611117938095,0.05052080224336346,0.15222029379516666,0.13969186125532135
103,103.0,103.0,0.08752810880483508,0.09509986910058943,0.13699319279419442,0.09248799027901969,0.06929405864207752,0.1097421629131096,0.07759434663167082,0.03619940642672957,0.16171842696523359,0.13334243744253985
104,104.0,104.0,0.08128496610170997,0.15818480312982924,0.12718380457929324,0.08962025640543803,0.05297765535401172,0.09542399921826003,0.05571928052633376,0.04099300376046736,0.16726696469164798,0.13134526623300835
105,105.0,105.0,0.10950015667687367,0.11188491944483443,0.12659450472632805,0.12765427889679276,0.05362277712820538,0.10051347602856153,0.061958317509150554,0.05014992143273801,0.1396299399443211,0.1184917082121941
106,106.0,106.0,0.06365123749138499,0.13106585265564974,0.1228388620546744,0.10325834335570416,0.040387780209506126,0.09596155733802092,0.08215925898706176,0.07767467969122986,0.15237791126753966,0.13062451694922805
107,107.0,107.0,0.08416776840536769,0.12053159090139243,0.15464289556948227,0.11148183365246833,0.05274308905964881,0.1187926386130838,0.05242123551087846,0.035201241145637316,0.15669133268340765,0.11332637445863285
108,108.0,108.0,0.0867934990031227,0.10805311818499468,0.1345918688286768,0.1037176840618276,0.05352961449809929,0.11052744273936832,0.05322483963890784,0.034162401525825614,0.16020906253295214,0.15519046898622474
109,109.0,109.0,0.10027712400986147,0.1020941903929424,0.12444995531702405,0.08123580602168669,0.06711966010160178,0.10139653094658523,0.06726549290285229,0.07408995789926162,0.13984801976040662,0.14222326264777757
110,110.0,110.0,0.07441550452257462,0.14353725270815645,0.11357532469929887,0.13710110929681604,0.06894669190694455,0.09558276033228834,0.05263116914993422,0.035478959249756095,0.1341152334185071,0.14461599471572328
111,111.0,111.0,0.07848184960859972,0.10910428741401727,0.13221580938937874,0.0930743391095983,0.0458065057543222,0.1116254137729473,0.08015326501892842,0.05283541150106817,0.14522257537484068,0.15148054305629882
112,112.0,112.0,0.10731393937980245,0.0886397252974898,0.13889584189413479,0.11335949753569438,0.0639960012975086,0.09002536101284533,0.07580434794377229,0.061202983691909255,0.13583635116147033,0.12492595078537236
113,113.0,113.0,0.08950347698443896,0.1278571887146394,0.13547779616038153,0.10402803201921285,0.06914896683415744,0.1008029039751374,0.0584691894857919,0.03971973848633452,0.13684665569314308,0.13814605164676247
114,114.0,114.0,0.09760169833515354,0.09685740167772193,0.12885094646183556,0.09175085601704017,0.06681250512403883,0.11348304341476534,0.07474629529414027,0.06026851044288199,0.13795844377541683,0.13167029945700517
115,115.0,115.0,0.11915032856665278,0.11167428617838035,0.1475023295535633,0.1019802764911133,0.068110770165911,0.11143980433285876,0.05113661927831681,0.04767269825383045,0.116180587628354,0.1251522995510188
116,116.0,116.0,0.08990074838434287,0.10479208480865314,0.14551740792905452,0.09348376923889311,0.07203710505689476,0.09642498278685425,0.05873929622382157,0.037574221599795225,0.15749211496805296,0.14403826900363725
117,117.0,117.0,0.08805012392093214,0.13535232423009186,0.12986302841576733,0.10068606704495639,0.04668079960410248,0.12898062513006345,0.04073677511531308,0.04840301272496601,0.15472709924496686,0.12652014456884006
118,118.0,118.0,0.0644197696404701,0.10132402288111489,0.13371667095484804,0.1261853410710753,0.05025805992131911,0.12277932016539261,0.07877547032304799,0.04983975309736198,0.15942478288411027,0.11327680906125934
119,119.0,119.0,0.07153526696253634,0.11578463849891008,0.1480262035197893,0.10165226111669798,0.07085312395128511,0.11180587370008624,0.0686160500966443,0.04528298046750384,0.14743446208863567,0.11900913959791086
120,120.0,120.0,0.10899186160205347,0.10768810556359334,0.11444122690993488,0.12214100155563072,0.06295853225444403,0.122329197706179,0.03876355784162742,0.052544420447871755,0.1469751009148094,0.12316699520385561
121,121.0,121.0,0.08662554122476884,0.12319822909316089,0.1164461596609695,0.088848100090539,0.04566649988486019,0.12078439686012417,0.055277700312500885,0.054462527638608094,0.14387806020155886,0.16481278503290914
122,122.0,122.0,0.11707025126595087,0.1249637742633393,0.1403098604103445,0.0789441551276494,0.04683839401039615,0.08668638653971687,0.07133964318228943,0.06089898662508895,0.14026797942528474,0.1326805691499395
123,123.0,123.0,0.06541975693787869,0.1201971577155373,0.14169038231572312,0.08875137145052903,0.039797369488305014,0.12178276483585496,0.06405574354423263,0.0487780880170595,0.15779308470428013,0.15173428099059938
124,124.0,124.0,0.08470534601971494,0.12171163022116271,0.12608280468491978,0.09002200002232863,0.05808885302586486,0.10238228695400238,0.07464941423165153,0.041825585023815476,0.15718806057316154,0.14334401924337775
125,125.0,125.0,0.10590960389169904,0.12014445223515609,0.1153184995911388,0.0841899382990186,0.07151701436565304,0.10571510813541249,0.05477653992168365,0.05837838486359577,0.13320731882607212,0.15084313987057005
126,126.0,126.0,0.10310123892516576,0.110440681061722,0.13176723093357234,0.09640291319146621,0.07163587218068576,0.09386942476052881,0.07639662740390059,0.05530829673014637,0.12381466437328843,0.13726305043952336
127,127.0,127.0,0.11462461491729051,0.1204073701870976,0.12260936436160755,0.12287016298337698,0.07500275591898904,0.10131282649051374,0.0468172525602921,0.03560864321721276,0.13779813071136693,0.12294887865225239
128,128.0,128.0,0.09771258243982976,0.09756201637458609,0.12335831528164094,0.10337362868408248,0.0506404261343919,0.10607587532197611,0.07098943010083113,0.04699302528382608,0.15801785136544258,0.14527684901339255
129,129.0,129.0,0.10943475944056757,0.1410699241704234,0.1106313702606716,0.09349323998219879,0.05003550967706386,0.09522116096439483,0.06535301934431832,0.05312842844567302,0.15787364282034003,0.12375894489434816
130,130.0,130.0,0.08531306488018753,0.10407503429401907,0.12226159363806019,0.08219236426240199,0.048937435933482286,0.11087327533442237,0.06769027761183391,0.050032155344423956,0.1724086837239345,0.1562161149772338
131,131.0,131.0,0.09697622980174972,0.11094276885841414,0.11343493728128033,0.08872832757349017,0.09808566420829601,0.10715754224030119,0.059593724879012086,0.04397314985902941,0.14190539395134577,0.13920226134708075
132,132.0,132.0,0.09991496757978106,0.10148759064620001,0.12007608290042067,0.10274822093435913,0.07046820458378387,0.09711353819459491,0.04274062433538892,0.052246274303689624,0.1652206112960775,0.14798388522570394
133,133.0,133.0,0.1135132746027859,0.08986318899575123,0.11610462887746073,0.11252876682406232,0.04519864293644979,0.1055614002961067,0.04415822054513987,0.05273384069186402,0.15719977917115494,0.16313825705922427
134,134.0,134.0,0.11526852480456436,0.12022296513822964,0.1300568331217886,0.07769824796188447,0.06956129954291458,0.1107908674643799,0.0642702246758193,0.03863576319707297,0.13568637919906917,0.1378088948942767
135,135.0,135.0,0.11313002567876973,0.08678136923837118,0.14215197348900585,0.07788673268993092,0.07056371462392705,0.12228992743003256,0.0486310010800721,0.042557802018593126,0.1626311706282305,0.13337628312306668
136,136.0,136.0,0.08956266756326711,0.1101632745224322,0.14775945970360746,0.06649380105525722,0.05440741601928094,0.10039733597831031,0.06946442301885805,0.06995522119993432,0.14993022463535416,0.14186617630369786
137,137.0,137.0,0.12430954673259095,0.10350615973521157,0.14654679362304843,0.09339741785954842,0.049429568176628275,0.08159636519694559,0.054840437341163194,0.05387314436646149,0.16275040520955947,0.1297501617588422
138,138.0,138.0,0.09440490342174018,0.09228289081827531,0.13513542232586778,0.09141231648065683,0.07391579059095492,0.12287954127027285,0.0648790976179246,0.038925766074182785,0.13190471445744031,0.1542595569426841
139,139.0,139.0,0.09758545977264355,0.119161663015607,0.14780316157090403,0.11354173516983668,0.05071778111838733,0.08292714169723267,0.034899082531537826,0.05684812676566799,0.156017514961992,0.1404983333961905
140,140.0,140.0,0.08487189548338063,0.10020868090238393,0.13734168100879296,0.09871775531921288,0.07734113754645472,0.1178560690025952,0.04875663397392847,0.039697274689992366,0.161057907350365,0.13415096472289348
141,141.0,141.0,0.10800818560394587,0.09918739527898093,0.11876330114316462,0.08041265817520377,0.03916032260511922,0.11609935191853123,0.05657486496312949,0.08567469142539814,0.16177349239264355,0.13434573649388276
142,142.0,142.0,0.10843342492450012,0.116059766798345,0.12389967772767958,0.06767371663577323,0.06149898726506563,0.11593319752481387,0.05985916475040213,0.05033942669356243,0.17392543642037686,0.12237720125948079
143,143.0,143.0,0.10148434497120003,0.10670839145456434,0.11288860983383642,0.06428200795365123,0.0666974672027476,0.09880967744935018,0.08913150691833863,0.04578944194206363,0.1681025123907003,0.14610603988354737
144,144.0,144.0,0.0799005046411143,0.09244824616977962,0.12000205820986247,0.13115100578520517,0.06558055293369008,0.0914090297881891,0.06404920477897152,0.07238999770481111,0.16210289203103206,0.1209665079573442
145,145.0,145.0,0.11540402936683392,0.09717649636694836,0.1249409477688039,0.09169328604404987,0.05107409031165694,0.0952701922758957,0.06108510183561473,0.05691971628104037,0.17175045071895662,0.1346856890301992
146,146.0,146.0,0.09491995317337033,0.11874458855048345,0.13937456201447818,0.1043967057166116,0.04237100479101864,0.12017029970478901,0.045928268397346,0.03730143529187239,0.16120612152029976,0.13558706083973032
147,147.0,147.0,0.11320472332172289,0.10907616590359329,0.12160691386781448,0.11559462371048615,0.07447367944555695,0.08001384060462649,0.03618815957955359,0.06480177808630802,0.15805637881121176,0.126983736669126
148,148.0,148.0,0.08566131379886097,0.13434223887264835,0.12655028287746467,0.12205729585750758,0.05029475475401466,0.053122103188778705,0.05382281132494724,0.07209337162921987,0.17376974904168319,0.12828607865487446
149,149.0,149.0,0.09971080443201966,0.12045714347610306,0.14615503632988172,0.07513894051951583,0.08003635788673916,0.0696361459538581,0.052706795635590956,0.03450070313274074,0.17134231908126402,0.15031575355228644
150,150.0,150.0,0.10658289435161414,0.10273776707200559,0.13999435924288867,0.08752710112515003,0.0556308883865866,0.09435457720246129,0.04624007272471853,0.07173883949172764,0.15910413275228188,0.13608936765056528
151,151.0,151.0,0.09385256229117193,0.13371344418166714,0.12832187335428435,0.09673040743730041,0.057000890959338316,0.08160675169014613,0.046405633870742466,0.0392901700654838,0.16717509975377687,0.15590316639608817
152,152.0,152.0,0.09149321263004381,0.09589413434867208,0.1308551226343347,0.09341357976849683,0.06488048744714145,0.11942359018177444,0.036755772265840356,0.05763420322213002,0.1458352477152364,0.16381464978632965
153,153.0,153.0,0.0979563628520567,0.10328269367842155,0.16969022228609337,0.0680743515073961,0.0743518426037836,0.0987839768989109,0.04637366967968265,0.05073053729440995,0.15753985691784136,0.1332164862814035
154,154.0,154.0,0.10520735067792593,0.1034582863431858,0.13142631922889747,0.09662757724483662,0.03756026986435732,0.11432881398389978,0.058076353442214255,0.057571291020416436,0.15107861539561068,0.14466512279865532
155,155.0,155.0,0.09801755249864899,0.13582876763268725,0.14082421028840267,0.06735142798758623,0.047550738047439235,0.1065794012487695,0.04758896214995263,0.034651838401947424,0.17725560699664578,0.14435149474792008
156,156.0,156.0,0.1153384139358665,0.09822166903359059,0.14455853618112144,0.09925528030871494,0.03884756334709698,0.0807732921212497,0.04446319948803543,0.05682094141905171,0.16438894781569088,0.15733215634958148
157,157.0,157.0,0.11272222794172079,0.0629245383397622,0.13667225955211068,0.13275955593966537,0.06845384238387585,0.09049096301231482,0.03430769132966109,0.0533963236315483,0.16328466219381255,0.1449879356755281
158,158.0,158.0,0.15148100844783902,0.13334448710945013,0.12961025096855244,0.0815498031089054,0.042609710973044,0.08869470616619388,0.03713551935750482,0.05652472435558716,0.12271698891118439,0.15633280060173846
159,159.0,159.0,0.10740271562156253,0.11146183261975914,0.0970265390068182,0.095618840925908,0.11453157549544649,0.10938234602297373,0.06810309617287152,0.05032887924200451,0.13317214374329636,0.11297203114935914
160,160.0,160.0,0.11169850765798875,0.09834639353212422,0.17539795456816618,0.08370896898356184,0.05584597172665723,0.10660814150147982,0.04609509455047815,0.051574250972790024,0.14390081270372954,0.12682390380302389
161,161.0,161.0,0.13088352526186314,0.10677846124646309,0.1265996470277948,0.09925414742051404,0.06919861218487809,0.08134870133966318,0.06503066542953187,0.03814576857818265,0.13948276926582467,0.14327770224528416
162,162.0,162.0,0.09618602613372969,0.10716005283440826,0.13072057005605114,0.0712775761392927,0.09553233166054473,0.08585316939888121,0.050063442278357816,0.0390601815680505,0.1770232408113789,0.14712340911930474
163,163.0,163.0,0.09851659289073815,0.11340215745158604,0.15255546502930278,0.11986655394597659,0.055064789263448856,0.07614483382392032,0.03493042766054009,0.07122924416130998,0.15977681172608926,0.11851312404708751
164,164.0,164.0,0.11485944153337216,0.07687897571995983,0.12845137470958395,0.08671004431643199,0.05482856895024415,0.1310779862422384,0.05309285536185134,0.054015407333144916,0.18395784243322333,0.11612750339994968
165,165.0,165.0,0.1176945489805388,0.08048883939047055,0.2146771625732769,0.10479332576126008,0.048747064367190854,0.08398600636936507,0.03405895263910006,0.031862269636425036,0.16766754615160956,0.11602428413076285
166,166.0,166.0,0.13395656240052695,0.13354033466715115,0.17036018326321908,0.0757115857992254,0.06219204505371637,0.08352018587448513,0.033513817801372414,0.030000000000000006,0.1633967871513798,0.11380849798892345
167,167.0,167.0,0.13645601320880552,0.1176084102438925,0.12279867363473096,0.06648155579684442,0.04596864470951699,0.1541956263006551,0.034746650539601145,0.046613276888604005,0.15225956221410863,0.12287158646324041
168,168.0,168.0,0.098663375519825,0.11987806290520994,0.1532775519843857,0.0851148948484739,0.04737147652789152,0.10299461312453313,0.04010483882638592,0.055538364974981415,0.16152593960512812,0.13553088168318506
169,169.0,169.0,0.17219299328991763,0.0901970142309518,0.16141258879631998,0.07340558698048365,0.05197379086792118,0.09289861693898159,0.030000000000000006,0.03199303593521752,0.17083927710435468,0.12508709585585173
170,170.0,170.0,0.10469448356530922,0.11924496549608306,0.12123511020540707,0.15654175177902593,0.041619294841620504,0.07535193249210523,0.030000000000000006,0.03726084342235405,0.16975457631477142,0.1442970418833232
171,171.0,171.0,0.10600165843400614,0.10992341484489654,0.12075042107942317,0.11421260063385914,0.043754146185168,0.10716497737090329,0.06985101772070895,0.033219533672087055,0.16014697834359687,0.1349752517153505
172,172.0,172.0,0.13991768892529335,0.10888231832114252,0.15863852120413913,0.07031600329587709,0.04653829619588964,0.11026559371935614,0.05717575866987399,0.030000000000000006,0.16828876502223977,0.10997705464618812
173,173.0,173.0,0.09417866266541094,0.11775922772199938,0.1443669659855053,0.09169630208295379,0.05089621262417308,0.09976889963787075,0.07439918760505113,0.05373854404267853,0.1580093759586136,0.11518662167574314
174,174.0,174.0,0.11182482972200843,0.13217800049594117,0.13618343625341342,0.09588301472895941,0.047393680254831205,0.08416162247954168,0.030000000000000006,0.030000000000000006,0.18664839519417226,0.1457270208711322
175,175.0,175.0,0.10339113122083858,0.11825478320499772,0.12559464459141917,0.09377132868194057,0.03892372548169294,0.08818988608504409,0.06150100800983671,0.046214434206283315,0.1868778839569023,0.13728117456104433
176,176.0,176.0,0.09427320111385866,0.09399759431897221,0.1830171243649344,0.08132831894452718,0.060276534973198806,0.06892672000226392,0.06100977992162717,0.033521156167872976,0.1977310753530115,0.12591849483973294
177,177.0,177.0,0.1458963897610707,0.0895102467614087,0.16461551556505963,0.05495292063661285,0.05545444846726129,0.09073422672972095,0.05942600937412912,0.05169536783716119,0.1606544319534332,0.1270604429141422
178,178.0,178.0,0.14985576528061884,0.06907522523570211,0.16314748934994389,0.07519836019410747,0.04304979399574668,0.11569448504960869,0.03653925289488354,0.044505552435037087,0.17757480318697222,0.12535927237737937
179,179.0,179.0,0.14526101482968187,0.10633193696150078,0.19237231672821226,0.04182075463498931,0.05606188586030009,0.08396557013491351,0.030000000000000006,0.03156417648272042,0.1665267884528821,0.14609555591479945
180,180.0,180.0,0.13042897336021092,0.08315123078583561,0.11621654347655172,0.10625700393079258,0.05728094789278669,0.11461928034380034,0.03948886564325954,0.030000000000000006,0.18608701797995245,0.13647013658680981
181,181.0,181.0,0.10955822857796979,0.11292596976262356,0.1347551843371152,0.10381888125007041,0.05116108735554824,0.07512717734394096,0.04960794167413268,0.030000000000000006,0.2013578360074722,0.13168769369112668
182,182.0,182.0,0.12114415173158544,0.1344258772948165,0.1145208485256258,0.09437337477363747,0.03252841324512645,0.10435416516433012,0.030000000000000006,0.04404448643443234,0.17610889842580876,0.14849978440463685
183,183.0,183.0,0.0948599442985429,0.10907593094758446,0.15455261921003335,0.10912161530090185,0.05852561602139689,0.09826472716829608,0.03946495421695852,0.05542714071407305,0.17403888916957128,0.10666856295264138
184,184.0,184.0,0.11756636898933873,0.0640579686834444,0.158500584580701,0.07174627921763364,0.05346079667948098,0.09007110359241104,0.05250982734904931,0.052375390956609424,0.1919162132933015,0.14779546665802973
185,185.0,185.0,0.15182767794498725,0.11871493177006973,0.14484658430354552,0.0688698476583248,0.035710358171237966,0.09842009741941897,0.04052822589056264,0.05680652314392699,0.16939198147773807,0.11488377222018789
