,Unnamed: 0,Generation,Intertwine_two,Add_vertex,Delete_vertex,Invert_path_vertices,Insert_inside_vertex,Delete_inside_vertex,Replace_inside_vertex,Donate_between_routes,Trim_one_terminal_cb,Grow_one_terminal_cb
0,0.0,0.0,0.09999999999999999,0.09999999999999999,0.09999999999999999,0.09999999999999999,0.09999999999999999,0.09999999999999999,0.09999999999999999,0.09999999999999999,0.09999999999999999,0.09999999999999999
1,1.0,0.10900000000000001,0.10106385158348125,0.09920625928328287,0.10115814153171125,0.10031611831644144,0.09946349962960184,0.09913242247260427,0.09975791718033036,0.09951744843104393,0.10032533853726505,0.10005900303423758
2,2.0,0.31601,0.10242894464113349,0.09979964792745,0.10035312296315285,0.10072400900775681,0.09841499783505134,0.09938945692076628,0.09924777330397654,0.09745279349598644,0.10182775050614193,0.10036150339858414
3,3.0,0.6191589000000001,0.1033426681702521,0.0988959591724387,0.09908716303099589,0.10189710653397431,0.0977367760615903,0.10056332630985074,0.0986725022843519,0.09533793711732365,0.10305695403285932,0.10140960728636289
4,4.0,1.015801321,0.10446633336716525,0.09893259720876782,0.09859566872524603,0.10259554455199295,0.09762550171054543,0.10096227988406684,0.09668900358079406,0.09279390680974854,0.10346088386871266,0.10387828029296019
5,5.0,1.50262148669,0.10659811476240347,0.09858789799336255,0.09782362947777001,0.1033832169575286,0.09647810264664464,0.10047668000005483,0.09616947485929672,0.0909741179752395,0.10546158012707055,0.10404718520062889
6,6.0,2.0757334209441005,0.1082856526577734,0.09906608346395487,0.09792967054344041,0.10312003170341674,0.094564548156862,0.09999228633666707,0.0956028421837209,0.08970760853507742,0.10637386295078621,0.10535741346830073
7,7.0,2.7307768275633495,0.109308884107332,0.1001487179201951,0.09738137633049873,0.10258706715834169,0.0932168854895428,0.10064316687774863,0.09382752531908133,0.08693043010631349,0.10849307387927404,0.10746287281167197
8,8.0,3.4630081252450404,0.10884236351622062,0.10110589231102068,0.09727383889862483,0.10315954393619048,0.09210415752308371,0.10073546468216144,0.09205989586326341,0.08456825500842335,0.11150535635428857,0.10864523190672264
9,9.0,4.2673862119061114,0.10998267299063101,0.10095425077565183,0.09692970084454253,0.10200300356091069,0.09227210014200361,0.10203081698648712,0.09093578951267509,0.08366751295192201,0.11261080145968053,0.10861335077549532
10,10.0,5.138652627782014,0.11168444559802625,0.10219730775324304,0.09676631144258165,0.10062312202568054,0.09163639187287413,0.10339860078087504,0.08966909407255194,0.08152987320717743,0.11299140631145245,0.10950344693553726
11,11.0,6.071405875792507,0.11256268886580702,0.10213221495963797,0.09736938895516828,0.09979130016769654,0.09044690611873017,0.10374309082736341,0.0895914650000119,0.07912011293764362,0.11372153152033868,0.11152130064760214
12,12.0,7.060169740244025,0.11362174426122817,0.1024249551740705,0.09816982640536706,0.09929446308303695,0.08862606402651785,0.10513086373437372,0.08775366325715735,0.07767283856687443,0.11559484082364321,0.11171074066773048
13,13.0,8.099455520847952,0.1152680514933353,0.1024862320703217,0.09903139149152476,0.09936341778298818,0.0873561647057698,0.10480485781360824,0.08557959307292128,0.07793884670879848,0.11557373150174943,0.11259771335898258
14,14.0,9.183818168183006,0.11606974115172813,0.10252674845051421,0.09996337720784926,0.09933528669492324,0.08633136209255513,0.10597115328152665,0.08341873967457779,0.07623255596323925,0.11649026413710936,0.11366077134597673
15,15.0,10.307906369102724,0.1156581268170612,0.10286011874298126,0.10147074547408973,0.09917867174682324,0.08529851161546527,0.10556583625148513,0.08229648614435052,0.07405371747213019,0.11895736293444964,0.11466042280116356
16,16.0,11.466506686239443,0.11613247429247811,0.10219763416721984,0.10270647249981218,0.0982077794192521,0.08290555942495789,0.10599868337352751,0.08203023716180044,0.07306140325228945,0.12098475515138685,0.11577500125727534
17,17.0,12.654581904800096,0.11621716980226053,0.10112341149009413,0.1030437730247827,0.09767782040744188,0.08127907248124229,0.10624315359147625,0.08057011395663895,0.0724554788412426,0.12409643362461271,0.11729357278020772
18,18.0,13.867303782456686,0.11556548773970668,0.10094992554789659,0.10356407910330871,0.09824008083303849,0.08016267896974676,0.10596219985236309,0.0790093607982863,0.07046513823682475,0.12632219516848942,0.11975885375033897
19,19.0,15.100080434523047,0.11560587038357328,0.10028323678793383,0.10445923170194356,0.09815073523970726,0.07907747303572216,0.10534320246787425,0.07926388128610198,0.07032631787796112,0.12636132106718403,0.12112873015199828
20,20.0,16.348578617037543,0.11484358531296654,0.09975337124404798,0.10615324803896925,0.09755798495842564,0.0792287989109196,0.10671637075921946,0.07874735592314511,0.06905572620417706,0.1275814040191148,0.1203621546290143
21,21.0,17.608741195130214,0.11353915702666931,0.09911119592653675,0.10667781725600686,0.0974023834769108,0.07884997496294771,0.10814300133392102,0.07853882416753871,0.0677028493417206,0.1292412802649073,0.12079351624284063
22,22.0,18.876800103462312,0.11454941993893687,0.09868884368731119,0.1070453243302055,0.09618614129609174,0.07799130699315417,0.10820380341022985,0.07677275960583729,0.06703767297290912,0.13111489564742818,0.12240983211789577
23,23.0,20.14928511992658,0.11576238378119731,0.09871238465351861,0.10951267872416644,0.09635352881700657,0.07631947937127957,0.10815943914554721,0.0754453020177986,0.06547936892477438,0.1322095912495194,0.12204584331519161
24,24.0,21.423028783545156,0.11499509763875536,0.09827470017077944,0.10991592373964645,0.09548732395683258,0.07820621663194724,0.10874204270625248,0.07506377646268834,0.0627514031096241,0.13325427873557716,0.12330923684789658
25,25.0,22.695167792966423,0.11413519255245753,0.09866703190623809,0.11109055661239005,0.09565108249119153,0.07655609611922273,0.10817236147087281,0.07346216331141663,0.06241713747407507,0.13427685023904185,0.1255715278230935
26,26.0,23.963141223515898,0.1128893347053491,0.09919488046729837,0.11307349326542573,0.09484599591408323,0.0758039967260216,0.10730448868823025,0.07456258725017322,0.0619965411582316,0.13414719757844587,0.1261814842467408
27,27.0,25.224685898775267,0.11232515258010822,0.09915177212285656,0.11360712923053287,0.09555566071914551,0.07427275801320818,0.1068514852879309,0.07400844690505823,0.061871873671553515,0.1357286002310311,0.1266271212385747
28,28.0,26.477829247520948,0.11043943402018788,0.09966069101523357,0.11491598966038759,0.09539645789463844,0.07404789238309747,0.10597794892356124,0.07398137167102516,0.060663611496942715,0.13740695565300493,0.12750964728192077
29,29.0,27.720879968916847,0.10928988837201599,0.10112143794060727,0.11635310959051663,0.09541469793399635,0.07341850101087107,0.10597403393958992,0.07406537680470085,0.06101900474484119,0.13772269153661162,0.1256212581262489
30,30.0,28.95241681848399,0.10813509738900969,0.100514067774683,0.11817416969286584,0.09534839589366685,0.07322246254498134,0.10521344295743906,0.07361528937314024,0.06125613481506703,0.13862553380949075,0.12589540574965596
31,31.0,30.17127581490958,0.1067597267114892,0.09867866662505737,0.11915173559955158,0.09614980450416348,0.07462630709871136,0.10456905296032382,0.07220032708715954,0.06040613594746572,0.13993389922975918,0.12752434423631853
32,32.0,31.376536153543515,0.10484976921502276,0.09813507649720399,0.11911281474395075,0.09514677732419724,0.07580008847022106,0.10523333700852394,0.0722332265664017,0.06021656199279318,0.14131300584143933,0.12795934234024586
33,33.0,32.567505096778625,0.1044686345528894,0.09828231804875798,0.1195795038937042,0.0939220897369934,0.07644243827532325,0.10643756052523629,0.07352234962332073,0.05810136534957611,0.14119281781007897,0.12805092218411948
34,34.0,33.74370209472243,0.10431654711217639,0.09819859864659411,0.12039185348940928,0.09607065264156384,0.07569193816707429,0.10647236618646376,0.07197678583129026,0.05734674406483198,0.14315360512019043,0.1263809087404055
35,35.0,34.90484237192463,0.10384734364538246,0.0984446770400829,0.12156881820683066,0.09688663232290767,0.0733435849385966,0.10672291076239185,0.0723911262674131,0.056757328540701764,0.14321642690904796,0.12682115136664482
36,36.0,36.05082019768737,0.10311668154041866,0.09883126700766956,0.12139768038909557,0.09816342151402059,0.0737332343496652,0.10716256320175264,0.07273892361508942,0.0555879671314463,0.14263862358166632,0.12662963766917557
37,37.0,37.18169203889697,0.10304549815413075,0.09883671323044008,0.1222928182078407,0.09923208977657672,0.07404492212175595,0.10748462833272866,0.0718285669633314,0.054515852414247744,0.14204085680654946,0.12667805399239834
38,38.0,38.29765977559663,0.10305424596899923,0.10034243429317785,0.12049277410702683,0.09855012420327695,0.07319994647647711,0.10630770477201795,0.07245310286726724,0.05596618176530688,0.14156812605724106,0.12806535948920866
39,39.0,39.399054140870355,0.10292282194816754,0.09975366911970442,0.12111661993250654,0.09880358565898148,0.07212779682162204,0.1062312063838772,0.07129228315153426,0.05640074275110101,0.14318575609969206,0.1281655181328132
40,40.0,40.48631852820801,0.10138479049382759,0.0994063706262935,0.12165170730053791,0.10008772498532455,0.07168443061407724,0.10691339565215804,0.07101642466695877,0.056577496666610515,0.14424468790693493,0.1270329710872767
41,41.0,41.55999329152982,0.09963136623408919,0.0993055563401803,0.12123730531264604,0.10187368036968666,0.07061418004669988,0.10814006106970929,0.07097050983566125,0.05652618388371711,0.14536840902090933,0.1263327478867007
42,42.0,42.62070064560415,0.0979668813023548,0.098662339682321,0.12245117243445947,0.10029733988057705,0.07294871726526495,0.10779089100411472,0.07020077241528727,0.05806395961970257,0.14597949927504628,0.12563842712087164
43,43.0,43.669130257815,0.09773202437674773,0.09934645842959025,0.12222977427570965,0.10077159875613076,0.07334656155388594,0.10701156257369895,0.07052564002995906,0.057446878195545475,0.14573189340516488,0.12585760840356708
44,44.0,44.70602560622662,0.09929466117054798,0.0996869961347315,0.12284821207995841,0.09979527927084826,0.07206654543503827,0.10590975299057295,0.07171922483148525,0.05661116529798415,0.1456999868297195,0.1263681759591135
45,45.0,45.73217116373481,0.09940030987866602,0.09985777047172283,0.1204409193951358,0.10127788600146681,0.0709244833225187,0.10603811893975465,0.07195235329645815,0.057770517740281135,0.1453835754079967,0.12695406554599897
46,46.0,46.748380453854836,0.0988980562593486,0.09861476854818388,0.11984406212539926,0.10110546300251122,0.07035721817120272,0.10671774328170792,0.07265528394472284,0.0584469297427542,0.1443635395628773,0.12899693536129184
47,47.0,47.755485010424316,0.10116956837727867,0.09969987953267981,0.12044820199222085,0.1029929216737174,0.06823742482851858,0.1069223874142501,0.06989027794372726,0.05854487500389494,0.143427911051537,0.12866655218217515
48,48.0,48.7543242612326,0.10028977641159517,0.10022855667352197,0.11998880300506158,0.10279673588396021,0.06674464069132133,0.10862516310181079,0.068927703048045,0.058531490884453266,0.14456073521990404,0.12930639508032638
49,49.0,49.745736344347726,0.10022555600985203,0.09750442788209647,0.12051700653281622,0.1033445864224447,0.0659527524423159,0.11023952417471483,0.0684181112782006,0.05717622450765586,0.14621887824795818,0.13040293250194493
50,50.0,50.730549855707864,0.09812922682657528,0.09775579404078916,0.12067172481359274,0.10426634442168353,0.0644595189487186,0.11125923064500506,0.06961568823686305,0.056364189347404295,0.1473428644227726,0.13013541829659536
51,51.0,51.70957651737491,0.09932351308352128,0.09756583505966107,0.11758169305322273,0.1044129819680815,0.06310711059614672,0.11245499116370275,0.06876089385894173,0.05605144845847409,0.14953396636860478,0.13120756638964304
52,52.0,52.68360474770151,0.09864979714037,0.0981800990628819,0.11723616714663493,0.10372254949636753,0.06343713473892607,0.11218655433797481,0.06631688591044833,0.057361712265219016,0.15065138933313793,0.1322577105680392
53,53.0,53.65339410751842,0.09822375071838957,0.09831015857501495,0.11704888087794706,0.10346991821523632,0.06258690228249797,0.112431007688371,0.06466652959629501,0.05812855960769761,0.152183951867748,0.13295034057080224
54,54.0,54.61967059027847,0.0999127062886746,0.09876752548147427,0.11543608796305901,0.1039288513878801,0.06297431533712419,0.11311153202005542,0.0656111458556021,0.059059811200716635,0.1497677578573571,0.13143026660805632
55,55.0,55.58312271885972,0.1003860497534164,0.09862594382883572,0.11570286124660982,0.10400133167862442,0.06345785968655387,0.1117990421910857,0.06623537184946827,0.05856256663858529,0.1507268498243077,0.13050212330251257
56,56.0,56.544398407394254,0.10131847028445094,0.09903116974380412,0.11541730954833888,0.10360872579943717,0.06320267298357132,0.1101987188916263,0.06732081592927983,0.05819397810836973,0.15089584795430194,0.13081229075681952
57,57.0,57.504102543001395,0.10361161981178754,0.09693431901777574,0.11677429340954118,0.10166612668257755,0.06341794398477625,0.11145088099027463,0.06577784926874407,0.0585606382268209,0.15174132597517928,0.13006500263252266
58,58.0,58.462795239617805,0.10235743177391059,0.09659906199817014,0.11846492392027497,0.10151971915629346,0.06293245827606125,0.11180964045452114,0.06393185232722302,0.05833823471510076,0.1533430861035644,0.13070359127488007
59,59.0,59.42099071417639,0.10429808257875439,0.09806920810755074,0.11633988419847839,0.10128788598319563,0.0625857969705056,0.11109830214268643,0.06445308911254967,0.05833327101519081,0.15325492806613275,0.13027955182495543
60,60.0,60.379156734137354,0.10443505222408309,0.09845512139823734,0.11680373551301237,0.10098858670484624,0.062244141677179954,0.11031396265365798,0.06419634106620538,0.0569198837316935,0.15484098701217217,0.1308021880189118
61,61.0,61.337714584760846,0.10456987648912351,0.09947172229456104,0.1175228641855702,0.10076451009146473,0.06307839006755517,0.1094977708754692,0.06371091519080828,0.055629412358378545,0.154805322336881,0.13094921611018814
62,62.0,62.29703950447439,0.10403597029899131,0.09910796216414747,0.11881826431796604,0.1006300111086294,0.06343300049484858,0.10824331802608814,0.06397094639588068,0.055152019794971786,0.15650814152057838,0.13010036587789808
63,63.0,63.257461537171835,0.10417125119006462,0.0996802279303997,0.11989466541960106,0.09939622026225109,0.06121407094007531,0.10816185279471713,0.06451330411406515,0.055031479974159685,0.15687734030515785,0.13105958706950827
64,64.0,64.21926675122782,0.10426498837637577,0.10116938912295817,0.12162066103067257,0.10073105593813393,0.060341634048995244,0.10697200587925464,0.06495589980508426,0.05374900193269901,0.15633958662585187,0.1298557772399744
65,65.0,65.18269877636592,0.10370572228054993,0.10245326264104682,0.12309896809711353,0.09966834379071275,0.059166251602369116,0.10818541798827827,0.06395823453576213,0.05248206451163209,0.1555227150841303,0.13175901946840496
66,66.0,66.14796061122655,0.1033558253070128,0.10246395940680639,0.12336692073675949,0.09991687211343744,0.05813999553774375,0.1087107617636584,0.06311089340671924,0.0524302190244822,0.15758749002876277,0.13091706267461745
67,67.0,67.11521665648885,0.10171598536905384,0.1032720272111502,0.1236608975116811,0.09922579338524591,0.05717127718666204,0.10954108757954635,0.06446864003122865,0.05214630173748455,0.15655616249822912,0.13224182748971813
68,68.0,68.08459493066005,0.10211929612234079,0.10549888253326548,0.12280679115271823,0.10136152361656423,0.05825462056650571,0.10897248201855282,0.06423265861245012,0.05093853133833786,0.15500844603207825,0.1308067680071864
69,69.0,69.05618942810752,0.10188937183225379,0.10569676122735365,0.12401229497305244,0.10049190972108149,0.058246905024723364,0.1082322426232673,0.06383873978521154,0.05284951162942693,0.15482543194807125,0.1299168312355581
70,70.0,70.03006258152917,0.10044220160238768,0.10693837377187927,0.12535360089017575,0.1010039150718557,0.05893293423493158,0.1078724923303383,0.06379437585144801,0.052606307897567026,0.1531594730262091,0.1298963253232074
71,71.0,71.00624779379335,0.0984337123186125,0.10854719815636443,0.1257441078039923,0.09978528878374313,0.05845113325892324,0.11022733763103786,0.06413408065326781,0.052904266201639266,0.15197306971811367,0.1297998054743057
72,72.0,71.98475200689319,0.09887887134101069,0.10796806953490573,0.12853583189850826,0.10016631825452064,0.059689891569634904,0.1095408073964369,0.062404981100461915,0.05176191254767486,0.15192000981210316,0.12913330654474287
73,73.0,72.96555827861411,0.09680480625785456,0.10742200629931502,0.13068283979290685,0.09884490602830999,0.057988863600647075,0.10862203511057891,0.061442514168210144,0.05261357850913937,0.15286481825156245,0.13271363198147554
74,74.0,73.94862834037681,0.09601575276392443,0.10726397209021024,0.1309789711763964,0.09864158237496683,0.0581682505730002,0.10967200518951306,0.06153377539701657,0.05200920688767581,0.15287866156080493,0.13283782198649144
75,75.0,74.93390511255946,0.09613531297588832,0.10654435660100267,0.13250711717867597,0.09704937430226253,0.05875288831462955,0.10857312927734585,0.061616493292798016,0.05207462530466005,0.15344210117264673,0.13330460158009022
76,76.0,75.92131515639825,0.0936343974129699,0.10729425614183973,0.1336580085103521,0.09745286445323911,0.05893242006152117,0.10914502250492603,0.06171922001299754,0.05244766747190773,0.15167502534807692,0.13404111808216965
77,77.0,76.91077104428919,0.09047114686267002,0.10722292560326473,0.13510760295990887,0.09846619927238992,0.058746584453468594,0.10727158010390463,0.06170987070390076,0.053882265202906086,0.15411113331187054,0.1330106915257157
78,78.0,77.90217363294813,0.09067713459185597,0.10822113538943812,0.13528779347271744,0.09924200720534535,0.05759936890026215,0.105738371994085,0.060903538895432874,0.05424874460811856,0.15364999333276297,0.1344319116099814
79,79.0,78.89541422641172,0.08873429020482465,0.10746910997921484,0.13612751837865145,0.09779756914258818,0.05823950749479696,0.10471284219819463,0.061616361312701616,0.054132605305248827,0.15544804955525912,0.1357221464285196
80,80.0,79.89037661826481,0.08627995847014402,0.10746566591640712,0.13526973550311847,0.09746363469180394,0.06085780045196673,0.10385973335935181,0.06268322510138687,0.05327812149550426,0.1542849609265175,0.13855716408379923
81,81.0,80.88693900474995,0.08395694425104341,0.10855033029587904,0.13497891043474144,0.09872216377768858,0.06000542979266581,0.10715505851201071,0.06194059995834318,0.051049993567073626,0.15530701671481406,0.13833355269574008
82,82.0,81.88497576253909,0.08561183344340026,0.10799218100025403,0.1355350913493248,0.10029947657450457,0.05965800617665528,0.10774259503918089,0.06206953515500533,0.0493260095204191,0.15593520375873002,0.1358300679825257
83,83.0,82.88435908692391,0.08646326111990518,0.1069176866019245,0.1336458393594718,0.10029279514376693,0.059473576991532516,0.1072358317958035,0.06267455353734708,0.04937068791285194,0.15633553543981876,0.13759023209757773
84,84.0,83.88496048800103,0.08681879239709514,0.10670441444606822,0.1317181102251415,0.09863152631301622,0.05825917724842603,0.10818996331022064,0.06393330485573723,0.049358490042611475,0.15715293373858283,0.13923328742310062
85,85.0,84.88665214409042,0.08676850232064919,0.1065511011526207,0.13132004593173988,0.1002188772465742,0.057643362417669666,0.10847907818629594,0.06358617673806842,0.048469856891510926,0.15614089990060956,0.14082209921426145
86,86.0,85.88930811312994,0.08766025669887482,0.10477482901272434,0.1303606819415984,0.10058967879767616,0.05876468232593169,0.10893507896261048,0.06274536052307017,0.04895024392359496,0.15598687433430297,0.14123231347961593
87,87.0,86.89280540413424,0.08581686620488575,0.10323521180467626,0.13237132411128974,0.1004844935835345,0.06007355909928117,0.10730463389942599,0.06487028851426221,0.04936038080446562,0.15703489616953656,0.13944834580864207
88,88.0,87.89702491199675,0.0834695869757118,0.10172049049427123,0.13128048782422286,0.10153380437117049,0.061520465509479184,0.10744349944421691,0.06517653845573029,0.04896877496293222,0.1587142315365352,0.14017212042572968
89,89.0,88.90185221995306,0.08313831557260928,0.10146356160673392,0.13200139527854302,0.09966307098902685,0.061053124040414075,0.10438015827110485,0.0678974778975656,0.052138553431630166,0.1588928265014584,0.1393715164109137
90,90.0,89.90717827491419,0.08291951545809276,0.10485209691423047,0.13048214718567627,0.09822895226257529,0.06263657259785203,0.10238873758123336,0.06616945271800848,0.052071709273576905,0.15873429526790692,0.1415165207408474
91,91.0,90.91289994163006,0.0813701517588921,0.10598190304709047,0.1313322550052466,0.09846687941887472,0.060970313815553005,0.10553653111792685,0.06581177966390704,0.05158222034243715,0.1589038116302743,0.1400441541997976
92,92.0,91.91892044225806,0.08012146370205415,0.10654403965771236,0.13193267750492368,0.09768840647226983,0.06173633175249976,0.10696464494894045,0.06378532485135338,0.05083901263615923,0.158867819376747,0.14152027909734002
93,93.0,92.92514968840067,0.07914410137389881,0.1070024636477642,0.13052546449842528,0.0947816158946837,0.06372143720908954,0.10809227474110025,0.06602136855150899,0.05060830256601557,0.15924446246646723,0.14085850905104633
94,94.0,93.93150451304501,0.07868483436903193,0.10662059236234282,0.1302016391328628,0.09330676278178393,0.06443614285549684,0.1066189400497042,0.0678797289514078,0.05137139513710996,0.1587336130839263,0.14214635127633327
95,95.0,94.93790881009448,0.0792684180416098,0.10675451817432915,0.1317047789485884,0.09369776315643759,0.06299258079917927,0.10536139448905457,0.067834451456533,0.05344170009121702,0.1569319691351378,0.14201242570791323
96,96.0,95.94429358933806,0.08033911920004468,0.1050866723952931,0.1316799224389217,0.09367299442213985,0.06306656498076886,0.10682083895032482,0.06751828144633391,0.05476438155827598,0.15487339028031014,0.14217783432758682
97,97.0,96.9505969547639,0.08087743991140497,0.10521290427719446,0.1311368485713974,0.09313840221143785,0.06272380039054254,0.10706741739447005,0.0665122250326568,0.05457389534059376,0.15616001979447236,0.1425970470758296
98,98.0,97.9567640140995,0.08338646590163398,0.10404147257462813,0.129441259221958,0.09391600262499318,0.06268327573740842,0.1080362042788429,0.0671565234595821,0.054835088703487966,0.15532937330476806,0.141174334192697
99,99.0,98.96274672736057,0.08454198223467307,0.10692110203220959,0.13224574559109606,0.0930810910131232,0.06057074966482061,0.10774486237991783,0.06507989646568514,0.0543190177046669,0.15601019783013556,0.1394853550836718
100,100.0,99.96850370202192,0.08541569598352299,0.10740109286668748,0.13293167205625367,0.09247998727740826,0.06119689954954112,0.10835172883751365,0.06653454874460878,0.05420894908686493,0.15355858155895033,0.13792084403864857
101,101.0,100.97399994219691,0.08785336636065384,0.10779794058201311,0.1323714196664533,0.09256756983716445,0.06005206955408818,0.10771307602263948,0.06638511414239512,0.05387424518873434,0.1525866630170865,0.1387985356287714
102,102.0,101.97920655893245,0.0888529210438812,0.11046917877116695,0.13298614980834875,0.09245860511855003,0.05990126066534479,0.10554656078908611,0.06510079232749943,0.05364270936840141,0.15222281216823166,0.13881900993948937
103,103.0,102.98410044840509,0.08910006043799235,0.10934000600418474,0.1335336925429335,0.09217751260005136,0.06070874411182707,0.10581727890942748,0.06629537942784113,0.051970968477188004,0.15284513453753837,0.13821122295101573
104,104.0,103.98866394444643,0.08868245210604829,0.11448984254778878,0.1330801371850823,0.09164086072283405,0.059889692030157045,0.10466835768828658,0.06529599087965324,0.05078804578796513,0.1540488113668328,0.13741580968535155
105,105.0,104.99288445143917,0.09105414880477163,0.11493165667435334,0.1325540440516618,0.09494107023930001,0.05914793696731194,0.10405083268558966,0.06492467778103261,0.05054115671461662,0.15250059957171322,0.13535387650964892
106,106.0,105.99675406321822,0.08878824399379479,0.1172169153370478,0.13164540057116464,0.09579879733658542,0.05710160612049034,0.10300449474753809,0.06658092653734636,0.05306752002163337,0.15225329949215355,0.1345427958422454
107,107.0,107.0002691731872,0.0885492126902898,0.11835871133123307,0.1339199594050331,0.0974676962140099,0.05632830098425534,0.10427546935670279,0.06525353139490755,0.05133997474008515,0.15246331767989052,0.13204382620359256
108,108.0,108.0034300804274,0.08855284313406159,0.11816020925006165,0.13416918904307865,0.09833343161901244,0.05567512678624282,0.10473799861014328,0.06401091322067527,0.049519912688766106,0.15304638718384342,0.13379398846411458
109,109.0,109.00624059613932,0.08988687959282068,0.11728459368715148,0.13338353116401033,0.09691824820392879,0.05642481944550037,0.10429907820025366,0.064188761454443,0.051721037368293164,0.15160667221363755,0.1342863786699608
110,110.0,110.00870765431864,0.0886052529011456,0.12048894187911165,0.13149964025260646,0.10107428903604403,0.05738919442592745,0.10329364729738663,0.06291615980402623,0.050064638920226646,0.14962006358173002,0.13504817190179513
111,111.0,111.01084093013685,0.08771652590345481,0.12016004183075232,0.1314889437458179,0.10077231696883368,0.056058688267859764,0.10391591595922121,0.06442017799900965,0.05016366874539328,0.14878780170701436,0.13651591887264286
112,112.0,112.01265246907188,0.08970753381970484,0.11770701803140883,0.13215458879661943,0.10245207817236163,0.05657766045478211,0.1023930474569994,0.0654962335371783,0.05111627023468412,0.1470644913351115,0.13533107816114973
113,113.0,113.01415632942268,0.0898944587603945,0.11913037002637546,0.1324792772999406,0.10313979089752195,0.05763421538510437,0.10197654323678743,0.06483424881979799,0.04992615418906064,0.14550226105182978,0.13548268033318714
114,114.0,114.01536824044418,0.09086860352432707,0.11739867630503631,0.13213879717167948,0.10253989716116589,0.05846661616587307,0.10285796698994296,0.06580252256165048,0.050807862786626995,0.14412087655151676,0.13499818078218084
115,115.0,115.01630527795908,0.09396752778312459,0.11711642765962378,0.13366462485831881,0.10291504443441149,0.05942906226233378,0.1035531752238405,0.06440243905506027,0.05043642578209412,0.14063822055876773,0.13387705238242478
116,116.0,116.0169855589429,0.09408342960564664,0.11611976232696734,0.13497775466079578,0.10239367857567752,0.06077471431728256,0.10275624677083803,0.06376997339591213,0.049064647537328365,0.1413904065699594,0.13466938623959213
117,117.0,117.01742795623892,0.09396085198736238,0.11816551069453729,0.13469953006437893,0.10255557999005543,0.059562794528853366,0.10523126275761688,0.06135019542010705,0.04879802197018093,0.1419518894917042,0.13372436309520347
118,118.0,118.01765183424293,0.09142838942219604,0.11677572222580809,0.13478612716502572,0.10523252353615646,0.05870097280174125,0.10707614027297523,0.06277013055960802,0.04869778290453569,0.1430547445827215,0.13147746652923195
119,119.0,119.01767680610413,0.08959063664793569,0.1168164571722844,0.13628432325000017,0.10539799290755884,0.05990041052153271,0.10779621718919127,0.06319218356015292,0.04816331018439742,0.14301198246810348,0.12984648609884303
120,120.0,120.01752251271817,0.09150176491819911,0.11603314714384766,0.13439162086818965,0.10755833206780564,0.060299972433958446,0.10953671537950395,0.06064102070050657,0.04837962543714083,0.14297178524376997,0.12868601580707814
121,121.0,121.01720842354362,0.09116004929054626,0.1167957300554088,0.13268917806008107,0.10631917386039685,0.05895696051638808,0.11107660848944662,0.05977761374532341,0.048807767833790844,0.14266593682725515,0.13175098132136287
122,122.0,122.01675365905109,0.09385163114911912,0.11772263418320919,0.13338091942372976,0.1040388262397414,0.057732534596813066,0.10914978914006107,0.06056174263830919,0.04989328948747211,0.14204178640850745,0.13162684673303762
123,123.0,123.0161768344173,0.0913411915901958,0.11815259764425065,0.13421082825141756,0.10271628830231853,0.05581750741112228,0.11070065552922444,0.06064684768363052,0.04976822608635848,0.14321482348970183,0.13343103401177991
124,124.0,124.01549592390272,0.09075114054882526,0.11871145761046337,0.1334717839738993,0.10151341784730003,0.05576292991852838,0.11026720858435253,0.06181689825176762,0.048950517345338826,0.14435583706181068,0.13439880885771402
125,125.0,125.01472814520056,0.09228006245349908,0.11908771550756113,0.13165632382186498,0.09973271408720265,0.05707988554024605,0.11013153923580532,0.06101098149189307,0.04979861013918393,0.14311299733711322,0.13610917038563058
126,126.0,126.01388986291661,0.0935115510854342,0.11846653786488166,0.1315039045769702,0.09919595043447793,0.0584214026695493,0.10878070417362054,0.062385320740525566,0.0503406825875437,0.14095611935449673,0.1364378265125002
127,127.0,127.0129965102319,0.0958681253317856,0.11882388833097611,0.1304535738629344,0.10133165775378665,0.06009760115486392,0.1081601799965218,0.06080440164656772,0.04890825858120016,0.14024186125413765,0.13531045208722597
128,128.0,128.01206252771334,0.09648540380161083,0.11687680318777117,0.12950472921729228,0.10151952596353095,0.059318998360828615,0.1080095395852191,0.0616589207251968,0.04862451902851243,0.14159656372379434,0.13640499640624346
129,129.0,129.0111013181695,0.09822544391090951,0.11928206947033862,0.12731661039476092,0.10071910950931795,0.05847097847819967,0.1067691551366561,0.06195765191406803,0.04896637880983131,0.1429655879683916,0.13532701440752626
130,130.0,130.01012521639834,0.09749140370853689,0.11796519868400973,0.12634347339088067,0.09879638843327539,0.0575135985214641,0.10710254062822955,0.06249418948510621,0.049006045799251816,0.14580029442740802,0.13748686692183756
131,131.0,131.0091454726403,0.09787530063027426,0.11732788678885334,0.12454416565418225,0.09755349555423716,0.06148101776200364,0.10706872160829548,0.06221937890702566,0.04844610663664253,0.14556728515622921,0.1379166413022564
132,132.0,132.0081722485317,0.0985056909293558,0.11574493708268677,0.12347781096933869,0.09774862961938219,0.06265599558050094,0.10603477229210423,0.06026048279211072,0.048724744266984074,0.14765247963459263,0.1391944568329439
133,133.0,133.00721462434865,0.1004469656673339,0.1130152687177271,0.12208692906999431,0.09895230078013281,0.06126464154244794,0.10585979177670818,0.058464037325095156,0.049059490073475945,0.1489027527692423,0.1419478222778423
134,134.0,134.0062806163404,0.10250030104104654,0.1133630240062915,0.12217053278309183,0.09668831759902986,0.06228802858278673,0.10622227211487306,0.05871537865004953,0.047987697056023404,0.14795962885723757,0.14210481930956992
135,135.0,135.00537720296956,0.10426213520244365,0.11040044358733299,0.12353415316498828,0.09447968051247041,0.06338205113679417,0.10774409636928178,0.05743321194319144,0.04732176788387863,0.14968256398276772,0.14175989621685084
136,136.0,136.00451035890612,0.10357972904091406,0.10983612099518682,0.12550833833339542,0.09118668449287413,0.06282285820980758,0.1070699373636849,0.058274581992266566,0.049414533888429604,0.1500925970629119,0.14221461862052898
137,137.0,137.00368509565993,0.10630008079769335,0.10866579071880565,0.12738634959060807,0.09066642092129043,0.061737645369349115,0.1045163711666575,0.057681314878930606,0.04989522248229324,0.15174202116818658,0.1414087829061854
138,138.0,138.0029055077818,0.1059380277070586,0.10643857026853304,0.1281270270327058,0.09002698353835853,0.06308649528244195,0.10611727913696846,0.058122831729226714,0.04887288360638433,0.15025201762813561,0.14301788407018692
139,139.0,139.00217482361367,0.10581490431772447,0.10698039228851829,0.13013049460802897,0.09167828509206079,0.062088952210053866,0.10373047897427734,0.05558975804474151,0.04964554351189282,0.15113882146083793,0.1432023694918639
140,140.0,140.0014954596262,0.10435044239294666,0.10569454660245357,0.1310641940392375,0.0919006930061082,0.06373978737679467,0.10486721818562114,0.05448884011781186,0.048697878051820645,0.15248977108411887,0.14270662914308674
141,141.0,141.00086907744122,0.10515127020360748,0.10438029826565436,0.1301094604104579,0.09033852103748101,0.061543471034424445,0.1058445002755939,0.05422251502105643,0.05235271477767798,0.15386286561196208,0.1421943833620843
142,142.0,142.0002966427003,0.10594310831926104,0.10483278288460472,0.12965037621033482,0.08755941348315072,0.06157682130799283,0.10680998723362703,0.054334775912124544,0.05244176112424321,0.1563929513576011,0.14045802216705988
143,143.0,142.99977848500652,0.10598575779407163,0.10441715134641939,0.12807858665601318,0.08452018884756746,0.062125906207543304,0.10605780559122234,0.057418288819262274,0.05204588101669523,0.1582630609763363,0.1410873727448688
144,144.0,143.99931435823203,0.10382074416016386,0.10263998083465557,0.12722342112650453,0.08826940464975876,0.06255410680018501,0.10456829606552329,0.058002352402740286,0.054287080105430485,0.15944459211137482,0.13919002174366327
145,145.0,144.99890350055264,0.10518338196702834,0.10141143504713626,0.12687544747667445,0.08812674290896988,0.06151910553269429,0.10348226107839145,0.058292067857297125,0.05493816031890895,0.16149930900089848,0.1386720888120006
146,146.0,145.9985446936357,0.10446355484785808,0.1024202036699205,0.12798628761931613,0.08930435474086686,0.05961284568767844,0.10491271964483719,0.057065058762354584,0.05358211997174408,0.1623966326987847,0.1382562223566393
147,147.0,146.99823632047406,0.10554875143869522,0.10252449701454293,0.12732316167697888,0.09163492069871904,0.06093506088365141,0.1023370622452216,0.054875371791476966,0.05494891109194054,0.16287734464418865,0.13699491851458462
148,148.0,147.99797642142389,0.10384764713699272,0.10521048501049912,0.12716352275174872,0.09461829430560581,0.05984254827649191,0.09710656462757684,0.05448124657010724,0.057006711124352225,0.16483311275976956,0.13588986743685566
149,149.0,148.99776274806447,0.10353973899539504,0.10653068220582665,0.12897419066554044,0.09288588503352375,0.06173796930809604,0.09361067643381654,0.054008347949487265,0.05525033090892349,0.16643992743056962,0.137022251068821
150,150.0,149.99759281456036,0.10391154131428282,0.10608618665391445,0.1301595325358971,0.09238806330407325,0.061186285172310936,0.092696474879493,0.05292305137670308,0.0571859060731745,0.1667112659178984,0.13675169277225233
151,151.0,150.99746394626104,0.1029998437256109,0.10875022417234055,0.1301574398974276,0.0928117447569936,0.060771215739522266,0.09061549195259996,0.05189601078927986,0.05582858611256156,0.16768649592498763,0.13848294692867594
152,152.0,151.99737332532905,0.10185190811534897,0.1076155591557178,0.13039052578537863,0.09290056192454461,0.06114790965099094,0.09243420376493452,0.049951784330923385,0.05627601730320375,0.16642510376580177,0.14100642620315545
153,153.0,152.99731803323698,0.10136149413346149,0.10721600232566181,0.1344884590182,0.09045170472766999,0.06247139546493847,0.09227697693191768,0.049031810139135955,0.05600192064119898,0.16625441318228934,0.14044582343552614
154,154.0,153.99729509002177,0.10161116901953562,0.10683462735861544,0.13470222625469855,0.09087928229202413,0.06010217989493706,0.09375502649037133,0.049347520338185895,0.05638659518452745,0.16536752194226062,0.14101385122484372
155,155.0,154.99730149022784,0.10115285841565855,0.10969467460706955,0.13580164680323978,0.08839397012374596,0.05874351359993819,0.09451606769440188,0.04867020871914496,0.05445270397003506,0.16704412992087178,0.14153022614589417
156,156.0,155.99733423551103,0.10244111195672084,0.10876934820102477,0.13721478352105038,0.08913714898304687,0.05653846870887999,0.09274102720082107,0.04773723953012447,0.054731103523021456,0.1673685259542841,0.14332124242102592
157,157.0,156.99739036391077,0.10346789456405378,0.10430136457452728,0.13777141643077956,0.09325761883276941,0.057337647156987664,0.09199558049490913,0.04584927604374771,0.054660099720919175,0.16752025804078138,0.14383884414052475
158,158.0,157.99746697583146,0.10836042029504193,0.10690840592530068,0.13755519362239332,0.09224008578551267,0.055583656571470276,0.09113000660015036,0.04431747586165213,0.0548963986105373,0.16355769363189648,0.14545066309604476
159,159.0,158.99756125680176,0.10878707005183161,0.10733083850386914,0.13402277247213387,0.09262430699791578,0.061067512040760615,0.09239540107620589,0.04596379381426131,0.05450576635728585,0.16062849409990415,0.14267404458583177
160,160.0,159.997670497107,0.10958679049228223,0.10644079385697616,0.13831077265838201,0.09180906423412388,0.06066906222078985,0.09342670510197415,0.04546607283295633,0.05423696563128528,0.15879051791358825,0.1412632550576418
161,161.0,160.99779210841066,0.11224615782073229,0.10640201644295785,0.13766101389106603,0.09254886263790077,0.06159749052369692,0.09196074907297896,0.04691797125486244,0.052625569591839075,0.15654563795001486,0.14149453081395072
162,162.0,161.99792363749984,0.1113562121779353,0.10640904037717094,0.13737770963467458,0.09048407692100396,0.06514245916049176,0.09098571497547195,0.04690908446120723,0.051121956445187716,0.15810866445051236,0.14210508139634412
163,163.0,162.9980627773051,0.11063661591467681,0.10704708250425286,0.1392396539054612,0.09329260254864813,0.06459007541889805,0.08908602527445364,0.045419328463307276,0.052864993123756074,0.1579798911560398,0.13984373169050604
164,164.0,163.9982073753568,0.11150206391176819,0.10403255299493731,0.1386381528284357,0.0927703641645467,0.06397405515858876,0.09274020787086364,0.04578990182730077,0.05289598496202663,0.1603000674674284,0.1373566488141038
165,165.0,164.99835543984977,0.11259805163008312,0.10140892703085462,0.1466175128642935,0.09404807456485709,0.06272003160392162,0.09170315200405905,0.044293057117965294,0.050719758070509324,0.1609957742691747,0.1348956608442816
166,166.0,165.99850514349492,0.11526160689206992,0.1041436123144444,0.15004783546264958,0.09239729244089699,0.06279617880100644,0.09064604821809999,0.04278904235100195,0.0483863520201604,0.16126155220954774,0.13227047929012248
167,167.0,166.99865482534062,0.11809570126377049,0.10530560385087641,0.14858209831632693,0.0898217284626781,0.06123632990648994,0.09669094022991769,0.04146596008906152,0.04776375074350516,0.1604083822115747,0.13062950492579897
168,168.0,167.99880299074837,0.11705072554885329,0.10670138956372713,0.1500529884727861,0.0891336530607857,0.05982007223129281,0.09758628858364878,0.040743811786498996,0.04808441366460418,0.16048567875252623,0.1303409783352767
169,169.0,168.99894830970783,0.1232793356821468,0.10512125857128178,0.15222253892990872,0.08730326683016039,0.05888118580058435,0.09743658572886045,0.03907700470195301,0.04609301690272068,0.16149698199783127,0.1290888248545524
170,170.0,169.99908961367427,0.12262437040572782,0.1064546933611908,0.15024928698089196,0.09383055890395509,0.05693166446099004,0.09550180502696454,0.03748610827884209,0.044686540756064146,0.16239210779071273,0.12984286403466067
171,171.0,170.99922589110733,0.12198632027541625,0.1068505323283392,0.1481347495464236,0.09609931858460433,0.055237456693516214,0.09674030815778943,0.03996454218732474,0.042942324275709466,0.16231058589242917,0.12973386205844747
172,172.0,171.99935628188598,0.12464383158885045,0.10713340657156292,0.14974663258320367,0.09393267538388299,0.053876251598778443,0.09826926930250825,0.04122647155520947,0.04095334817014533,0.16302975877634995,0.12718835446950838
173,173.0,172.99948007076793,0.12261442771831743,0.10829317344804576,0.14985909068065173,0.09388455966106139,0.05301357910231391,0.09871562816877513,0.04424404375097008,0.041427590597704005,0.16270166552797494,0.1252462413441855
174,174.0,173.99959668005403,0.12226822328996839,0.11087350145701402,0.1490870287481943,0.09423804419934144,0.05186574695378024,0.09756715614727336,0.042821491405190336,0.03960366391268871,0.16522336063229967,0.12645178325424938
175,175.0,174.99970566161096,0.12100883551865767,0.1120165199263804,0.14720425791783537,0.09436146138438778,0.04994098187579662,0.09680230235179473,0.04456308018092033,0.039487536677676384,0.16773008544808365,0.12688493871846693
