,Unnamed: 0,Total_iterations,Intertwine_two,Add_vertex,Delete_vertex,Invert_path_vertices,Insert_inside_vertex,Delete_inside_vertex,Replace_inside_vertex,Donate_between_routes
0,0.0,0.0,0.125,0.125,0.125,0.125,0.125,0.125,0.125,0.125
1,1.0,1.0,0.125,0.125,0.125,0.125,0.125,0.125,0.125,0.125
2,2.0,2.0,0.125,0.125,0.125,0.125,0.125,0.125,0.125,0.125
3,3.0,3.0,0.125,0.125,0.125,0.125,0.125,0.125,0.125,0.125
4,4.0,4.0,0.125,0.125,0.125,0.125,0.125,0.125,0.125,0.125
5,5.0,5.0,0.125,0.125,0.125,0.125,0.125,0.125,0.125,0.125
6,6.0,6.0,0.125,0.125,0.125,0.125,0.125,0.125,0.125,0.125
7,7.0,7.0,0.125,0.125,0.125,0.125,0.125,0.125,0.125,0.125
8,8.0,8.0,0.125,0.125,0.125,0.125,0.125,0.125,0.125,0.125
9,9.0,9.0,0.125,0.125,0.125,0.125,0.125,0.125,0.125,0.125
10,10.0,10.0,0.125,0.125,0.125,0.125,0.125,0.125,0.125,0.125
11,11.0,11.0,0.125,0.125,0.125,0.125,0.125,0.125,0.125,0.125
12,12.0,12.0,0.125,0.125,0.125,0.125,0.125,0.125,0.125,0.125
13,13.0,13.0,0.125,0.125,0.125,0.125,0.125,0.125,0.125,0.125
14,14.0,14.0,0.125,0.125,0.125,0.125,0.125,0.125,0.125,0.125
15,15.0,15.0,0.125,0.125,0.125,0.125,0.125,0.125,0.125,0.125
16,16.0,16.0,0.125,0.125,0.125,0.125,0.125,0.125,0.125,0.125
17,17.0,17.0,0.125,0.125,0.125,0.125,0.125,0.125,0.125,0.125
18,18.0,18.0,0.125,0.125,0.125,0.125,0.125,0.125,0.125,0.125
19,19.0,19.0,0.125,0.125,0.125,0.125,0.125,0.125,0.125,0.125
20,20.0,20.0,0.125,0.125,0.125,0.125,0.125,0.125,0.125,0.125
21,21.0,21.0,0.125,0.125,0.125,0.125,0.125,0.125,0.125,0.125
22,22.0,22.0,0.125,0.125,0.125,0.125,0.125,0.125,0.125,0.125
23,23.0,23.0,0.125,0.125,0.125,0.125,0.125,0.125,0.125,0.125
24,24.0,24.0,0.125,0.125,0.125,0.125,0.125,0.125,0.125,0.125
25,25.0,25.0,0.125,0.125,0.125,0.125,0.125,0.125,0.125,0.125
26,26.0,26.0,0.125,0.125,0.125,0.125,0.125,0.125,0.125,0.125
27,27.0,27.0,0.125,0.125,0.125,0.125,0.125,0.125,0.125,0.125
28,28.0,28.0,0.125,0.125,0.125,0.125,0.125,0.125,0.125,0.125
29,29.0,29.0,0.125,0.125,0.125,0.125,0.125,0.125,0.125,0.125
30,30.0,30.0,0.125,0.125,0.125,0.125,0.125,0.125,0.125,0.125
31,31.0,31.0,0.125,0.125,0.125,0.125,0.125,0.125,0.125,0.125
32,32.0,32.0,0.125,0.125,0.125,0.125,0.125,0.125,0.125,0.125
33,33.0,33.0,0.125,0.125,0.125,0.125,0.125,0.125,0.125,0.125
34,34.0,34.0,0.125,0.125,0.125,0.125,0.125,0.125,0.125,0.125
35,35.0,35.0,0.125,0.125,0.125,0.125,0.125,0.125,0.125,0.125
36,36.0,36.0,0.125,0.125,0.125,0.125,0.125,0.125,0.125,0.125
37,37.0,37.0,0.125,0.125,0.125,0.125,0.125,0.125,0.125,0.125
38,38.0,38.0,0.125,0.125,0.125,0.125,0.125,0.125,0.125,0.125
39,39.0,39.0,0.125,0.125,0.125,0.125,0.125,0.125,0.125,0.125
40,40.0,40.0,0.125,0.125,0.125,0.125,0.125,0.125,0.125,0.125
41,41.0,41.0,0.125,0.125,0.125,0.125,0.125,0.125,0.125,0.125
42,42.0,42.0,0.125,0.125,0.125,0.125,0.125,0.125,0.125,0.125
43,43.0,43.0,0.125,0.125,0.125,0.125,0.125,0.125,0.125,0.125
44,44.0,44.0,0.125,0.125,0.125,0.125,0.125,0.125,0.125,0.125
45,45.0,45.0,0.125,0.125,0.125,0.125,0.125,0.125,0.125,0.125
46,46.0,46.0,0.125,0.125,0.125,0.125,0.125,0.125,0.125,0.125
47,47.0,47.0,0.125,0.125,0.125,0.125,0.125,0.125,0.125,0.125
48,48.0,48.0,0.125,0.125,0.125,0.125,0.125,0.125,0.125,0.125
49,49.0,49.0,0.125,0.125,0.125,0.125,0.125,0.125,0.125,0.125
50,50.0,50.0,0.125,0.125,0.125,0.125,0.125,0.125,0.125,0.125
51,51.0,51.0,0.125,0.125,0.125,0.125,0.125,0.125,0.125,0.125
52,52.0,52.0,0.125,0.125,0.125,0.125,0.125,0.125,0.125,0.125
53,53.0,53.0,0.125,0.125,0.125,0.125,0.125,0.125,0.125,0.125
54,54.0,54.1,0.125,0.125,0.125,0.125,0.125,0.125,0.125,0.125
55,55.0,55.1,0.125,0.125,0.125,0.125,0.125,0.125,0.125,0.125
56,56.0,56.1,0.125,0.125,0.125,0.125,0.125,0.125,0.125,0.125
57,57.0,57.1,0.125,0.125,0.125,0.125,0.125,0.125,0.125,0.125
58,58.0,58.1,0.125,0.125,0.125,0.125,0.125,0.125,0.125,0.125
59,59.0,59.1,0.125,0.125,0.125,0.125,0.125,0.125,0.125,0.125
60,60.0,60.1,0.125,0.125,0.125,0.125,0.125,0.125,0.125,0.125
61,61.0,61.1,0.125,0.125,0.125,0.125,0.125,0.125,0.125,0.125
62,62.0,62.1,0.125,0.125,0.125,0.125,0.125,0.125,0.125,0.125
63,63.0,63.1,0.125,0.125,0.125,0.125,0.125,0.125,0.125,0.125
64,64.0,64.1,0.125,0.125,0.125,0.125,0.125,0.125,0.125,0.125
65,65.0,65.1,0.125,0.125,0.125,0.125,0.125,0.125,0.125,0.125
66,66.0,66.1,0.125,0.125,0.125,0.125,0.125,0.125,0.125,0.125
67,67.0,67.1,0.125,0.125,0.125,0.125,0.125,0.125,0.125,0.125
68,68.0,68.1,0.125,0.125,0.125,0.125,0.125,0.125,0.125,0.125
69,69.0,69.1,0.125,0.125,0.125,0.125,0.125,0.125,0.125,0.125
70,70.0,70.1,0.125,0.125,0.125,0.125,0.125,0.125,0.125,0.125
71,71.0,71.1,0.125,0.125,0.125,0.125,0.125,0.125,0.125,0.125
72,72.0,72.1,0.125,0.125,0.125,0.125,0.125,0.125,0.125,0.125
73,73.0,73.1,0.125,0.125,0.125,0.125,0.125,0.125,0.125,0.125
74,74.0,74.1,0.125,0.125,0.125,0.125,0.125,0.125,0.125,0.125
75,75.0,75.1,0.125,0.125,0.125,0.125,0.125,0.125,0.125,0.125
76,76.0,76.1,0.125,0.125,0.125,0.125,0.125,0.125,0.125,0.125
77,77.0,77.1,0.125,0.125,0.125,0.125,0.125,0.125,0.125,0.125
78,78.0,78.1,0.125,0.125,0.125,0.125,0.125,0.125,0.125,0.125
79,79.0,79.1,0.125,0.125,0.125,0.125,0.125,0.125,0.125,0.125
80,80.0,80.1,0.125,0.125,0.125,0.125,0.125,0.125,0.125,0.125
81,81.0,81.1,0.125,0.125,0.125,0.125,0.125,0.125,0.125,0.125
82,82.0,82.1,0.125,0.125,0.125,0.125,0.125,0.125,0.125,0.125
83,83.0,83.1,0.125,0.125,0.125,0.125,0.125,0.125,0.125,0.125
84,84.0,84.1,0.125,0.125,0.125,0.125,0.125,0.125,0.125,0.125
85,85.0,85.1,0.125,0.125,0.125,0.125,0.125,0.125,0.125,0.125
86,86.0,86.1,0.125,0.125,0.125,0.125,0.125,0.125,0.125,0.125
87,87.0,87.1,0.125,0.125,0.125,0.125,0.125,0.125,0.125,0.125
88,88.0,88.1,0.125,0.125,0.125,0.125,0.125,0.125,0.125,0.125
89,89.0,89.1,0.125,0.125,0.125,0.125,0.125,0.125,0.125,0.125
90,90.0,90.1,0.125,0.125,0.125,0.125,0.125,0.125,0.125,0.125
91,91.0,91.1,0.125,0.125,0.125,0.125,0.125,0.125,0.125,0.125
92,92.0,92.1,0.125,0.125,0.125,0.125,0.125,0.125,0.125,0.125
93,93.0,93.1,0.125,0.125,0.125,0.125,0.125,0.125,0.125,0.125
94,94.0,94.1,0.125,0.125,0.125,0.125,0.125,0.125,0.125,0.125
95,95.0,95.1,0.125,0.125,0.125,0.125,0.125,0.125,0.125,0.125
96,96.0,96.1,0.125,0.125,0.125,0.125,0.125,0.125,0.125,0.125
97,97.0,97.1,0.125,0.125,0.125,0.125,0.125,0.125,0.125,0.125
98,98.0,98.1,0.125,0.125,0.125,0.125,0.125,0.125,0.125,0.125
99,99.0,99.1,0.125,0.125,0.125,0.125,0.125,0.125,0.125,0.125
100,100.0,100.1,0.125,0.125,0.125,0.125,0.125,0.125,0.125,0.125
101,101.0,101.1,0.125,0.125,0.125,0.125,0.125,0.125,0.125,0.125
102,102.0,102.1,0.125,0.125,0.125,0.125,0.125,0.125,0.125,0.125
103,103.0,103.1,0.125,0.125,0.125,0.125,0.125,0.125,0.125,0.125
104,104.0,104.1,0.125,0.125,0.125,0.125,0.125,0.125,0.125,0.125
105,105.0,105.1,0.125,0.125,0.125,0.125,0.125,0.125,0.125,0.125
106,106.0,106.1,0.125,0.125,0.125,0.125,0.125,0.125,0.125,0.125
107,107.0,107.1,0.125,0.125,0.125,0.125,0.125,0.125,0.125,0.125
108,108.0,108.1,0.125,0.125,0.125,0.125,0.125,0.125,0.125,0.125
109,109.0,109.1,0.125,0.125,0.125,0.125,0.125,0.125,0.125,0.125
110,110.0,110.1,0.125,0.125,0.125,0.125,0.125,0.125,0.125,0.125
111,111.0,111.1,0.125,0.125,0.125,0.125,0.125,0.125,0.125,0.125
112,112.0,112.1,0.125,0.125,0.125,0.125,0.125,0.125,0.125,0.125
113,113.0,113.1,0.125,0.125,0.125,0.125,0.125,0.125,0.125,0.125
114,114.0,114.1,0.125,0.125,0.125,0.125,0.125,0.125,0.125,0.125
115,115.0,115.1,0.125,0.125,0.125,0.125,0.125,0.125,0.125,0.125
116,116.0,116.1,0.125,0.125,0.125,0.125,0.125,0.125,0.125,0.125
117,117.0,117.1,0.125,0.125,0.125,0.125,0.125,0.125,0.125,0.125
118,118.0,118.1,0.125,0.125,0.125,0.125,0.125,0.125,0.125,0.125
119,119.0,119.1,0.125,0.125,0.125,0.125,0.125,0.125,0.125,0.125
120,120.0,120.1,0.125,0.125,0.125,0.125,0.125,0.125,0.125,0.125
121,121.0,121.1,0.125,0.125,0.125,0.125,0.125,0.125,0.125,0.125
122,122.0,122.1,0.125,0.125,0.125,0.125,0.125,0.125,0.125,0.125
123,123.0,123.1,0.125,0.125,0.125,0.125,0.125,0.125,0.125,0.125
124,124.0,124.1,0.125,0.125,0.125,0.125,0.125,0.125,0.125,0.125
125,125.0,125.1,0.125,0.125,0.125,0.125,0.125,0.125,0.125,0.125
126,126.0,126.1,0.125,0.125,0.125,0.125,0.125,0.125,0.125,0.125
127,127.0,127.1,0.125,0.125,0.125,0.125,0.125,0.125,0.125,0.125
128,128.0,128.1,0.125,0.125,0.125,0.125,0.125,0.125,0.125,0.125
129,129.0,129.1,0.125,0.125,0.125,0.125,0.125,0.125,0.125,0.125
130,130.0,130.1,0.125,0.125,0.125,0.125,0.125,0.125,0.125,0.125
131,131.0,131.1,0.125,0.125,0.125,0.125,0.125,0.125,0.125,0.125
132,132.0,132.1,0.125,0.125,0.125,0.125,0.125,0.125,0.125,0.125
133,133.0,133.1,0.125,0.125,0.125,0.125,0.125,0.125,0.125,0.125
134,134.0,134.1,0.125,0.125,0.125,0.125,0.125,0.125,0.125,0.125
135,135.0,135.1,0.125,0.125,0.125,0.125,0.125,0.125,0.125,0.125
136,136.0,136.1,0.125,0.125,0.125,0.125,0.125,0.125,0.125,0.125
137,137.0,137.1,0.125,0.125,0.125,0.125,0.125,0.125,0.125,0.125
138,138.0,138.1,0.125,0.125,0.125,0.125,0.125,0.125,0.125,0.125
139,139.0,139.1,0.125,0.125,0.125,0.125,0.125,0.125,0.125,0.125
140,140.0,140.1,0.125,0.125,0.125,0.125,0.125,0.125,0.125,0.125
141,141.0,141.1,0.125,0.125,0.125,0.125,0.125,0.125,0.125,0.125
142,142.0,142.1,0.125,0.125,0.125,0.125,0.125,0.125,0.125,0.125
143,143.0,143.1,0.125,0.125,0.125,0.125,0.125,0.125,0.125,0.125
144,144.0,144.1,0.125,0.125,0.125,0.125,0.125,0.125,0.125,0.125
145,145.0,145.1,0.125,0.125,0.125,0.125,0.125,0.125,0.125,0.125
146,146.0,146.1,0.125,0.125,0.125,0.125,0.125,0.125,0.125,0.125
147,147.0,147.1,0.125,0.125,0.125,0.125,0.125,0.125,0.125,0.125
148,148.0,148.1,0.125,0.125,0.125,0.125,0.125,0.125,0.125,0.125
149,149.0,149.1,0.125,0.125,0.125,0.125,0.125,0.125,0.125,0.125
150,150.0,150.1,0.125,0.125,0.125,0.125,0.125,0.125,0.125,0.125
151,151.0,151.1,0.125,0.125,0.125,0.125,0.125,0.125,0.125,0.125
152,152.0,152.1,0.125,0.125,0.125,0.125,0.125,0.125,0.125,0.125
153,153.0,153.1,0.125,0.125,0.125,0.125,0.125,0.125,0.125,0.125
154,154.0,154.1,0.125,0.125,0.125,0.125,0.125,0.125,0.125,0.125
155,155.0,155.1,0.125,0.125,0.125,0.125,0.125,0.125,0.125,0.125
156,156.0,156.1,0.125,0.125,0.125,0.125,0.125,0.125,0.125,0.125
157,157.0,157.1,0.125,0.125,0.125,0.125,0.125,0.125,0.125,0.125
158,158.0,158.1,0.125,0.125,0.125,0.125,0.125,0.125,0.125,0.125
159,159.0,159.1,0.125,0.125,0.125,0.125,0.125,0.125,0.125,0.125
160,160.0,160.1,0.125,0.125,0.125,0.125,0.125,0.125,0.125,0.125
161,161.0,161.1,0.125,0.125,0.125,0.125,0.125,0.125,0.125,0.125
162,162.0,162.1,0.125,0.125,0.125,0.125,0.125,0.125,0.125,0.125
163,163.0,163.1,0.125,0.125,0.125,0.125,0.125,0.125,0.125,0.125
164,164.0,164.1,0.125,0.125,0.125,0.125,0.125,0.125,0.125,0.125
165,165.0,165.1,0.125,0.125,0.125,0.125,0.125,0.125,0.125,0.125
166,166.0,166.1,0.125,0.125,0.125,0.125,0.125,0.125,0.125,0.125
167,167.0,167.1,0.125,0.125,0.125,0.125,0.125,0.125,0.125,0.125
168,168.0,168.1,0.125,0.125,0.125,0.125,0.125,0.125,0.125,0.125
169,169.0,169.1,0.125,0.125,0.125,0.125,0.125,0.125,0.125,0.125
170,170.0,170.1,0.125,0.125,0.125,0.125,0.125,0.125,0.125,0.125
171,171.0,171.1,0.125,0.125,0.125,0.125,0.125,0.125,0.125,0.125
172,172.0,172.1,0.125,0.125,0.125,0.125,0.125,0.125,0.125,0.125
173,173.0,173.1,0.125,0.125,0.125,0.125,0.125,0.125,0.125,0.125
174,174.0,174.1,0.125,0.125,0.125,0.125,0.125,0.125,0.125,0.125
175,175.0,175.1,0.125,0.125,0.125,0.125,0.125,0.125,0.125,0.125
176,176.0,176.1,0.125,0.125,0.125,0.125,0.125,0.125,0.125,0.125
177,177.0,177.1,0.125,0.125,0.125,0.125,0.125,0.125,0.125,0.125
178,178.0,178.1,0.125,0.125,0.125,0.125,0.125,0.125,0.125,0.125
179,179.0,179.1,0.125,0.125,0.125,0.125,0.125,0.125,0.125,0.125
180,180.0,180.1,0.125,0.125,0.125,0.125,0.125,0.125,0.125,0.125
181,181.0,181.1,0.125,0.125,0.125,0.125,0.125,0.125,0.125,0.125
182,182.0,182.1,0.125,0.125,0.125,0.125,0.125,0.125,0.125,0.125
183,183.0,183.1,0.125,0.125,0.125,0.125,0.125,0.125,0.125,0.125
184,184.0,184.1,0.125,0.125,0.125,0.125,0.125,0.125,0.125,0.125
185,185.0,185.1,0.125,0.125,0.125,0.125,0.125,0.125,0.125,0.125
186,186.0,186.1,0.125,0.125,0.125,0.125,0.125,0.125,0.125,0.125
187,187.0,187.1,0.125,0.125,0.125,0.125,0.125,0.125,0.125,0.125
188,188.0,188.1,0.125,0.125,0.125,0.125,0.125,0.125,0.125,0.125
189,189.0,189.1,0.125,0.125,0.125,0.125,0.125,0.125,0.125,0.125
190,190.0,190.1,0.125,0.125,0.125,0.125,0.125,0.125,0.125,0.125
191,191.0,191.1,0.125,0.125,0.125,0.125,0.125,0.125,0.125,0.125
192,192.0,192.1,0.125,0.125,0.125,0.125,0.125,0.125,0.125,0.125
193,193.0,193.1,0.125,0.125,0.125,0.125,0.125,0.125,0.125,0.125
194,194.0,194.1,0.125,0.125,0.125,0.125,0.125,0.125,0.125,0.125
195,195.0,195.1,0.125,0.125,0.125,0.125,0.125,0.125,0.125,0.125
196,196.0,196.1,0.125,0.125,0.125,0.125,0.125,0.125,0.125,0.125
197,197.0,197.1,0.125,0.125,0.125,0.125,0.125,0.125,0.125,0.125
198,198.0,198.1,0.125,0.125,0.125,0.125,0.125,0.125,0.125,0.125
199,199.0,199.1,0.12361111111111112,0.12361111111111112,0.12361111111111112,0.12361111111111112,0.12361111111111112,0.13472222222222224,0.12361111111111112,0.12361111111111112
200,200.0,200.1,0.12070446735395188,0.12173539518900342,0.12070446735395188,0.1429266895761741,0.12070446735395188,0.13181557846506298,0.12070446735395188,0.12070446735395188
201,201.0,201.1,0.11959335624284077,0.12062428407789232,0.11959335624284077,0.14070446735395187,0.1295933562428408,0.13070446735395186,0.11959335624284077,0.11959335624284077
202,202.0,202.1,0.11959335624284077,0.12062428407789232,0.11959335624284077,0.14070446735395187,0.1295933562428408,0.13070446735395186,0.11959335624284077,0.11959335624284077
203,203.0,203.1,0.12653782725211296,0.11846732632446919,0.11744691816120387,0.14653782725211298,0.12653782725211296,0.1295784374355803,0.11744691816120387,0.11744691816120387
204,204.0,204.1,0.12653782725211296,0.11846732632446919,0.11744691816120387,0.14653782725211298,0.12653782725211296,0.1295784374355803,0.11744691816120387,0.11744691816120387
205,205.0,205.1,0.12400226757369612,0.11770975056689341,0.11668934240362812,0.14502267573696143,0.13335600907029477,0.1298412698412698,0.11668934240362812,0.11668934240362812
206,206.0,206.1,0.12249999999999998,0.1161868686868687,0.12628787878787878,0.14351010101010103,0.13184343434343435,0.12830808080808082,0.11517676767676768,0.1161868686868687
207,207.0,207.1,0.12,0.1136868686868687,0.12267676767676768,0.14101010101010103,0.13934343434343435,0.13691919191919194,0.11267676767676768,0.1136868686868687
208,208.0,208.1,0.1177078477078477,0.11304584304584304,0.12972804972804972,0.14083916083916087,0.1374203574203574,0.13516705516705518,0.11203574203574203,0.11405594405594406
209,209.0,209.1,0.11669774669774671,0.112005439005439,0.1286977466977467,0.1398997668997669,0.1363900543900544,0.1332074592074592,0.111005439005439,0.12209634809634809
210,210.0,210.1,0.12067460317460317,0.10819841269841271,0.13148412698412698,0.1447857142857143,0.13148412698412698,0.12864285714285714,0.11719841269841272,0.11753174603174603
211,211.0,211.1,0.12506465756465757,0.10553718503718504,0.1288228993228993,0.14946325896325896,0.1288228993228993,0.13443151293151293,0.11362809412809413,0.11422949272949275
212,212.0,212.1,0.12376984126984128,0.10234126984126983,0.1276370851370851,0.1541233766233766,0.1276370851370851,0.1402922077922078,0.11168470418470419,0.11251443001443003
213,213.0,213.1,0.11566849816849818,0.11344627594627595,0.1353232878232878,0.142523865023865,0.11763098013098013,0.1456707181707182,0.11103757353757353,0.1186988011988012
214,214.0,214.1,0.11400793650793653,0.11067460317460318,0.1331132756132756,0.1403138528138528,0.11597041847041847,0.15005411255411255,0.1088275613275613,0.12703823953823953
215,215.0,215.1,0.11166666666666666,0.11499999999999999,0.12934343434343434,0.13702020202020201,0.12378787878787881,0.15247474747474749,0.106010101010101,0.12469696969696968
216,216.0,216.1,0.11156746031746032,0.11394841269841269,0.12787518037518036,0.136504329004329,0.1387680375180375,0.14933982683982686,0.10454184704184703,0.1174549062049062
217,217.0,217.1,0.11078314659197012,0.11274743230625583,0.12588988625753333,0.1411857015533486,0.137150390459214,0.14630061115355236,0.10927223919870979,0.116670592479416
218,218.0,218.1,0.11045634920634921,0.11242063492063492,0.1252362914862915,0.14053210678210676,0.14237914862914863,0.14433982683982688,0.10829184704184702,0.11634379509379508
219,219.0,219.1,0.11569444444444446,0.12194444444444444,0.12476010101010102,0.13910353535353534,0.1414267676767677,0.1438636363636364,0.10781565656565655,0.10539141414141413
220,220.0,220.1,0.11311868686868687,0.13414141414141414,0.12898989898989896,0.13694444444444442,0.13968434343434344,0.13698232323232323,0.10648989898989898,0.1036489898989899
221,221.0,221.1,0.12010442773600667,0.14093776106934,0.13529685957317533,0.13113778765094553,0.13387768664084454,0.12940561631351105,0.10574798739272422,0.10349187362345258
222,222.0,222.1,0.1242530345471522,0.13993930905695612,0.13387658093540444,0.12950853068500126,0.13261607673372378,0.1277221797810033,0.10959086664969017,0.10249342161106867
223,223.0,223.1,0.1242530345471522,0.13993930905695612,0.13387658093540444,0.12950853068500126,0.13261607673372378,0.1277221797810033,0.10959086664969017,0.10249342161106867
224,224.0,224.1,0.1242530345471522,0.1316059757236228,0.14220991426873777,0.12950853068500126,0.13261607673372378,0.1277221797810033,0.10959086664969017,0.10249342161106867
225,225.0,225.1,0.1242530345471522,0.1316059757236228,0.14935277141159492,0.12450853068500126,0.12547321959086663,0.1327221797810033,0.10959086664969017,0.10249342161106867
226,226.0,226.1,0.1233739136680313,0.12880377792142497,0.15481064686947038,0.12362940980588037,0.12435600347365053,0.13065258271140626,0.10799746005628359,0.10637620549385256
227,227.0,227.1,0.1231574634515811,0.12858732770497477,0.1539448460036695,0.12341295958943015,0.12392310304075009,0.12935388141270493,0.11167711373593725,0.10594330506095213
228,228.0,228.1,0.12104528868476713,0.1254442251031093,0.1519320449444767,0.12031151063746574,0.12230794557507715,0.1388914887080442,0.11569769510187947,0.10436980124518025
229,229.0,229.1,0.12938472702420548,0.12213531179419594,0.14917258218501395,0.12579380611976124,0.1206473839145155,0.1361198159363714,0.10949167889586324,0.10725469413007312
230,230.0,230.1,0.12645904159852006,0.13444772160660573,0.14446118247361422,0.14259395041990552,0.10529745606458765,0.13361079717735264,0.10747508437926871,0.10565476628014528
231,231.0,231.1,0.13210298099245946,0.1384249943338785,0.14093845520088696,0.13873031405626918,0.10961563788276947,0.1309214032379587,0.10554326619745054,0.10372294809832709
232,232.0,232.1,0.13373319718149917,0.13943492394674925,0.13744235163125398,0.13513177207537425,0.10712820701298567,0.1281605937859728,0.11736579007879795,0.10160316428736682
233,233.0,233.1,0.14232270407982958,0.13909593287246408,0.13234235359007945,0.12945217389577607,0.10363975102452967,0.13390804078341978,0.12042989101054594,0.09880915274335525
234,234.0,234.1,0.14060992410618006,0.1381407286563903,0.13514209008546813,0.13607272725545985,0.10248691834995786,0.13120711851728012,0.11888180141897808,0.09745869161028543
235,235.0,235.1,0.13779885230904013,0.15040066771973495,0.13061643771925852,0.1329692577975012,0.10464660678673607,0.12824665362957063,0.12034710683939184,0.09497441719876643
236,236.0,236.1,0.13679739032073607,0.14814920573143084,0.1348635137426503,0.13723095370393396,0.10364514479843198,0.13146874872237513,0.11792751619611701,0.08991752678432455
237,237.0,237.1,0.13642974326191254,0.14667861749613673,0.13376057256617974,0.1427456595862869,0.09801433984487161,0.13073345460472807,0.11682457501964642,0.09481303762023786
238,238.0,238.1,0.1352305759480345,0.15336624317038908,0.13208851774001856,0.14124139863068383,0.09683687627488945,0.12492477504996011,0.12368526322692426,0.09262634995909999
239,239.0,239.1,0.1256863782502327,0.15034816190001948,0.13098062820392536,0.14001956935393464,0.1045247966687595,0.13527521884720026,0.1219528504261476,0.09121239634978023
240,240.0,240.1,0.1255682511024664,0.15024077358386828,0.13081954572969856,0.1398907033745532,0.10439593068937802,0.14068043076014408,0.11630064538605597,0.0921037193738352
241,241.0,241.1,0.12771418411682045,0.1472165843228369,0.1346175255276784,0.13092552527779616,0.10283984350171191,0.1474345509090011,0.11823897606122875,0.09101281028292613
242,242.0,242.1,0.11465843796283293,0.15283882482743033,0.13626197911330845,0.12093347810927839,0.10830823785245917,0.1590277224433491,0.11955009631352546,0.08842122337781586
243,243.0,243.1,0.11171878502318,0.17303232528408868,0.14234201019333953,0.11939242656822682,0.1052261347703561,0.15478761557166326,0.11202613878956794,0.08147456379957732
244,244.0,244.1,0.11064301868425577,0.1730308942680076,0.14124454011051946,0.12224089389037836,0.10388721053669506,0.15153718179491368,0.11701746325457663,0.08039879746065311
245,245.0,245.1,0.08779056921914061,0.17746002674574096,0.15124106052677477,0.12665678237106803,0.1032115239258096,0.14917378917378912,0.11518285946857373,0.08928338856910281
246,246.0,246.1,0.08747104747104742,0.1756356606356606,0.1502103452103452,0.13042920042920042,0.09895123395123392,0.15352684352684348,0.11487364487364485,0.08890202390202387
247,247.0,247.1,0.08534090708003747,0.18248020739325083,0.14806773902426074,0.12663086832652043,0.09669483817309901,0.16067953141866181,0.11339463113376154,0.08671127745040785
248,248.0,248.1,0.0847683400979388,0.1842312968042514,0.15127825275297913,0.12472906636142692,0.09562891212969374,0.16004755849596908,0.11323726883002543,0.08607930452771512
249,249.0,249.1,0.08460167343127215,0.19463605870901332,0.14584968132440773,0.1278957330280936,0.08815272165350327,0.15988089182930243,0.11307060216335878,0.08591263786104845
250,250.0,250.1,0.0836458748438946,0.20832710450532232,0.1486248009416326,0.12619716843479217,0.07860043183805557,0.15849219280902446,0.11115558735360713,0.08495683927367093
251,251.0,251.1,0.08174952843667864,0.21523434581473752,0.1465308260759186,0.12474421921010381,0.07734511107186524,0.1568416151258381,0.11385283575737729,0.0837015185074806
252,252.0,252.1,0.08118932594616925,0.22544809571454882,0.15520684308249827,0.11823362653007378,0.07663106242750968,0.15349744137309657,0.10650983876668205,0.08328376615942133
253,253.0,253.1,0.080279195227215,0.21984678852500633,0.153546712363544,0.12074016247778621,0.081276487264111,0.15725397732080895,0.10468304138106115,0.08237363544046708
254,254.0,254.1,0.0783664032548255,0.2142534518651062,0.15150803157408924,0.1176025805894303,0.09264595826438696,0.1574090586515869,0.10249051443776021,0.08572400136281445
255,255.0,255.1,0.07076706302390633,0.21184979314565805,0.15986310729758604,0.11669839705366787,0.09233331768858848,0.16077837938932868,0.10215613147179832,0.0855538109294661
256,256.0,256.1,0.07062850332652311,0.21945321913143695,0.15755919639583005,0.12311134684897058,0.09186796060558433,0.15335481167164328,0.10126538844360625,0.08275957357640522
257,257.0,257.1,0.07039040808842786,0.22159607627429406,0.15732110115773482,0.12287325161087534,0.09139177012939385,0.15311671643354804,0.101027293205511,0.08228338310021474
258,258.0,258.1,0.069532932230952,0.21976790444612226,0.1647270285636622,0.11844434718197092,0.09031784405546779,0.15583066914750082,0.10016981734803514,0.08120945702628868
259,259.0,259.1,0.06961547309373395,0.22101445736228342,0.1654058855797986,0.11854669002495088,0.09022255843994971,0.1582407318929058,0.09543810939463111,0.08151609421174635
260,260.0,260.1,0.06966210115807489,0.22372723580125267,0.15964649173760107,0.11890031349471472,0.09627737543060018,0.15364288962786082,0.09583133682479099,0.08231225592510441
261,261.0,261.1,0.06907156857540486,0.2258914110423062,0.16382134451699665,0.11894396197721005,0.09884716770394517,0.15200401691706034,0.08993342056257654,0.08148710870449997
262,262.0,262.1,0.06911535088005674,0.22393519334695805,0.16450179450179445,0.1189877442818619,0.09858325770090473,0.1534311984311984,0.08582700523876992,0.08561845561845557
263,263.0,263.1,0.0697556644359713,0.22544696659786173,0.16322875192440403,0.11864766568091374,0.09795827881505628,0.1560555467077206,0.08528929817932374,0.08361782765874834
264,264.0,264.1,0.07094863353299523,0.22958806208675844,0.1635260121445655,0.11930979676851598,0.09267754732073255,0.15415859591014158,0.08626357138375114,0.08352778085253934
265,265.0,265.1,0.07071345692520396,0.22754293613805032,0.16312100620306808,0.1190652848358554,0.09564434115629102,0.15483828113954223,0.08606573607543708,0.08300895752655164
266,266.0,266.1,0.07122915038207389,0.22616248652230658,0.16263853116176952,0.11829264244556596,0.10043641183071464,0.1533662564322234,0.08533888123093518,0.08253563999441056
267,267.0,267.1,0.07111420785333826,0.23265673939586978,0.15740864610429825,0.11817769991683033,0.0999766417157721,0.15325131390348778,0.08522393870219955,0.08219081240820367
268,268.0,268.1,0.07084941275446444,0.2302402473431079,0.16543159169452532,0.11211925402430574,0.1047157110151632,0.14637510997827488,0.08818940690517071,0.08207926628498749
269,269.0,269.1,0.07021990939478746,0.23073402426053785,0.16194627071049256,0.11127330044817851,0.10357615487136003,0.1488547612315897,0.08708910235474639,0.08630647672830724
270,270.0,270.1,0.07152381382369188,0.2164420662185798,0.1659526809669028,0.11257720487708296,0.10459596839117355,0.15015866566049413,0.08829830981395385,0.09045129024812078
271,271.0,271.1,0.06945013440633027,0.22574953721335728,0.16320930291392727,0.11143810489897368,0.10231229575146375,0.14814237269992872,0.0897188620858993,0.08997939003011945
272,272.0,272.1,0.07279899895998963,0.22590291259021905,0.16881839350879596,0.10958351074450143,0.09657025121421402,0.1355581696138971,0.09904422489561805,0.09172353847276446
273,273.0,273.1,0.07194998315285656,0.22398897461724637,0.17278508932830394,0.10872600020410297,0.09572123540708094,0.13365305364815094,0.10182993510055442,0.09134572854170363
274,274.0,274.1,0.07184989975002085,0.22392225234868923,0.17355239541671091,0.11972868762880876,0.09562115200424524,0.12237513686564698,0.1017632128319973,0.09118726315388045
275,275.0,275.1,0.07055762921861988,0.22262998181728827,0.1753398350302375,0.12732530598629666,0.09432888147284427,0.12017706923279674,0.10010862346001662,0.08953267378189977
276,276.0,276.1,0.07100100405982757,0.23601070436364552,0.17252712758595112,0.12776049081931434,0.08513251525016229,0.11969682287329342,0.09801857013621716,0.08985276491158842
277,277.0,277.1,0.06930020088843615,0.23643655037772682,0.17242045100868628,0.12529406813230343,0.08392190815720223,0.11868924539512771,0.09701839119486175,0.0969191848456554
278,278.0,278.1,0.06783929930520245,0.23690878419977843,0.1715373639413202,0.12318423951739929,0.09054223906696572,0.11869111407997401,0.09614608720178733,0.0951508726875723
279,279.0,279.1,0.07205838938037076,0.23325849245353886,0.17007197423606094,0.12285011227735683,0.09382393320473811,0.11737180775880462,0.09546371642346871,0.0951015742656609
280,280.0,280.1,0.0718244060571426,0.23305502019057003,0.17248352149886675,0.12347806640645512,0.09344749973905982,0.11621447369529207,0.0949753438755996,0.09452166853701378
281,281.0,281.1,0.0698711755233494,0.2327950310559006,0.16863814124683688,0.12097538532321137,0.09103519668737056,0.12268806073153897,0.09455026455026451,0.09944674488152745
282,282.0,282.1,0.06958299271642596,0.23088518160482172,0.1673047667500441,0.12067221001253983,0.0903986359458623,0.12578068751981794,0.09674846403482082,0.09862706141566707
283,283.0,283.1,0.0651467492996728,0.23082623671829064,0.16801210538841724,0.12056905646111038,0.08475466306051008,0.131174144637413,0.09668951914828972,0.10282752528629586
284,284.0,284.1,0.06467319221856423,0.23397268980753547,0.17025593961165647,0.11991433995971197,0.08409994655911167,0.12953099691302955,0.09556124556578273,0.10199164936460758
285,285.0,285.1,0.06441960682091105,0.23358141065354449,0.17243716516576338,0.11947960144022769,0.08367969449479182,0.1300524368666729,0.09500329974512504,0.10134678481296337
286,286.0,286.1,0.0638460211050154,0.22973879476868692,0.17026102447742247,0.12258408043131004,0.08273889135904719,0.1283478831525164,0.09381622604212544,0.10866707866387586
287,287.0,287.1,0.0635238922534748,0.2327780104549614,0.17070920374913118,0.12224794597752853,0.08241676250750657,0.1269963425362699,0.09328401315697137,0.10804382936415598
288,288.0,288.1,0.06337377124210976,0.2345615060662082,0.17049021221435012,0.12208405086148026,0.08206421234634395,0.12677046394914732,0.09309396397170686,0.10756181934865314
289,289.0,289.1,0.06398544694842034,0.2315381677552395,0.1717529358295328,0.12217019844464727,0.08181775438304548,0.1301676055556779,0.09144020367338622,0.1071276874100503
290,290.0,290.1,0.0673325185586128,0.2305650815260644,0.16965541604551365,0.12135675989992731,0.08098856316503587,0.1329615671035205,0.09131402374098094,0.10582606996034423
291,291.0,291.1,0.06909941108637488,0.2349599620079014,0.14999373714470435,0.12312365242768938,0.08275545569279796,0.1378081697762101,0.08575689970559605,0.11650271215872557
292,292.0,292.1,0.06909941108637488,0.2373989863981453,0.14999373714470435,0.12312365242768938,0.08031643130255404,0.1378081697762101,0.08575689970559605,0.11650271215872557
293,293.0,293.1,0.06805693504389884,0.23484135884051774,0.15137291352388071,0.12193872624276322,0.0784609471299967,0.13772115200626553,0.08471442366311999,0.12289354354955695
294,294.0,294.1,0.06927193636650418,0.21812343756735975,0.16137253980758162,0.11626763979692785,0.08173845367149177,0.139068428461146,0.09169563390831878,0.1224619304206698
295,295.0,295.1,0.06899356225199751,0.21987732866498527,0.1628153989139995,0.11521251820181973,0.08110908229496336,0.13387913872431115,0.09277882088675923,0.125334150061164
296,296.0,296.1,0.06815203126748114,0.22447110975548998,0.16589394429377452,0.11366469284975222,0.07970795553562951,0.1321680749609442,0.09200954283721682,0.12393264849971128
297,297.0,297.1,0.06346878306878304,0.2391179894179894,0.16724285714285717,0.11130582010582009,0.07467989417989415,0.13455026455026456,0.09492433862433859,0.1147100529100529
298,298.0,298.1,0.06321888658845176,0.2314521509086726,0.17074534161490681,0.11057338394294913,0.08157464918334481,0.13839084426040948,0.09018576029445592,0.11385898320680927
299,299.0,299.1,0.06229160972463867,0.23933646322094973,0.17259515511479825,0.10963985786028838,0.07998403048587331,0.1350400919219398,0.08963254317178757,0.11148024849972411
300,300.0,300.1,0.07198607446705738,0.23769014066030492,0.17763594020353732,0.10913951740790188,0.07552296938158971,0.13746088830373362,0.0936560122432106,0.09690845733266437
301,301.0,301.1,0.07132427150730045,0.2395361524206389,0.17958952185916505,0.10847771444814495,0.07359312130756256,0.13874724587909376,0.09268651697576136,0.09604545560233277
302,302.0,302.1,0.07089118970499635,0.23981229047649083,0.17627340355313476,0.11136975579855021,0.07305208958989841,0.13772506607389853,0.09558358610999118,0.09529261869303951
303,303.0,303.1,0.07061878764072235,0.23817934419452974,0.17450674861529755,0.1142008020101383,0.07280959604075461,0.13960842286489078,0.0960135516069149,0.09406274702675149
304,304.0,304.1,0.06817236759930942,0.2353137152867097,0.18383292138990356,0.11142564974876093,0.07628737609541937,0.13884523539012078,0.09439458982153164,0.09172814466824439
305,305.0,305.1,0.06804716899386014,0.239325021043771,0.18542143246187365,0.11099803178847294,0.0756582367795603,0.13764526391364623,0.09419095984353336,0.08871388517528221
306,306.0,306.1,0.0673241200520612,0.23747846019721014,0.18014630018674138,0.11505623284667402,0.07553654365786718,0.14472810121523355,0.0911380497906233,0.08859219205358909
307,307.0,307.1,0.06750286287786285,0.23727865999741,0.17977038933288933,0.11090597134347133,0.0758563219188219,0.14486913665038664,0.096436183029933,0.08738047484922483
308,308.0,308.1,0.06706073425177196,0.23931879753283053,0.17997761135614912,0.1107445515918393,0.0752198711054843,0.14448542052374597,0.094490884813998,0.08870212882418069
309,309.0,309.1,0.07183948900157339,0.20743726607353521,0.18707537891089682,0.12044550359120369,0.08167209460639765,0.14636125392735044,0.09184358796219408,0.09332542592684853
310,310.0,310.1,0.07227151235439276,0.2060010829046155,0.18807069007884225,0.11984417610368696,0.08557356823932907,0.14446562611100652,0.09071311131501347,0.0930602328931133
311,311.0,311.1,0.07227151235439276,0.2060010829046155,0.18807069007884225,0.11984417610368696,0.08557356823932907,0.14446562611100652,0.09071311131501347,0.0930602328931133
312,312.0,312.1,0.0721048456877261,0.20924849491289707,0.1879040234121756,0.1196775094370203,0.08958806099295227,0.13803705468243513,0.0905464446483468,0.09289356622644665
313,313.0,313.1,0.07209396043771041,0.20656492003367002,0.19642319023569027,0.11070191498316498,0.10304313973063972,0.13628735269360265,0.08181092171717169,0.09307460016835015
314,314.0,314.1,0.07448328530529616,0.20660033793865318,0.20235992082459475,0.1088222323208736,0.09995945008173265,0.1363207199008829,0.08035409273860358,0.09109996088936304
315,315.0,315.1,0.07351339638410573,0.21126925163996102,0.20821654220853306,0.10829075784796607,0.09671199450604481,0.13495454020511227,0.07869273556344492,0.08835078164483197
316,316.0,316.1,0.07279727916798853,0.20871980109051042,0.21734275657387786,0.10757464063184882,0.09894642674047706,0.12934114635258798,0.07797661834732772,0.08730133109538142
317,317.0,317.1,0.06734627847785739,0.2140624511940301,0.21984418992313728,0.10658228516123247,0.09286249617828563,0.13196892678471622,0.07716542229700121,0.09016794998373942
318,318.0,318.1,0.0668083248887227,0.21091076662895974,0.2249873338891159,0.10569882187619442,0.09145297685538047,0.13408329954952414,0.07338675436396112,0.09267172194814131
319,319.0,319.1,0.06646727809227806,0.21257230154105153,0.22566439347689352,0.1051307396307396,0.09066876063751061,0.13441892598142596,0.0731193355255855,0.09195826511451508
320,320.0,320.1,0.06629709198995484,0.20639622189862766,0.224734480183157,0.10474402102990714,0.09369035688241781,0.13967818978965726,0.07301930818891522,0.09144033003736289
321,321.0,321.1,0.06607168948548256,0.20541947771258115,0.23187938179317488,0.10449476640855948,0.08666233064508924,0.14149929891309196,0.0727998687136618,0.09117318632835872
322,322.0,322.1,0.06889400179568464,0.20762150267388652,0.23460425128367568,0.1040978434142535,0.08593807304084805,0.1424951579876877,0.06576737620257235,0.09058179360139132
323,323.0,323.1,0.06802794122158375,0.2086353497186746,0.23814176527866288,0.10316509369399847,0.08446288001394682,0.14318588848735722,0.0650669145194834,0.08931416706629272
324,324.0,324.1,0.06716256996589792,0.20957043976250073,0.24194208018436164,0.10221128384891413,0.08304284019019381,0.14023262395405536,0.0678117795841332,0.08802638250994302
325,325.0,325.1,0.06647424988804296,0.21116778230843564,0.23726292612408764,0.1014363141395809,0.08194827193375286,0.14223621357468902,0.06727670665692442,0.09219753537448636
326,326.0,326.1,0.0660114210611136,0.21126651965383444,0.2402622125581738,0.10079952599100957,0.08145879632251762,0.14206805233032987,0.0668699939230318,0.09126347815998923
327,327.0,327.1,0.06804500311171974,0.2096540723144921,0.2382421379497841,0.1002011901697059,0.08100164852638614,0.1412095449389302,0.06649253439658234,0.0951538685923993
328,328.0,328.1,0.06142869622967558,0.21092013944127022,0.23450390641691926,0.10555990852790856,0.083844990397077,0.13587996849270373,0.06909637908814664,0.0987660114062989
329,329.0,329.1,0.06135892379515432,0.21087183544814012,0.23435899443752892,0.10547403476234393,0.08379668640394689,0.13570822096157448,0.06903734087432098,0.09939396331699019
330,330.0,330.1,0.0609812054008657,0.2111936585705601,0.23712074030041794,0.10494168798260521,0.08348637878322784,0.13496730168516832,0.06871645460132222,0.09859257267583235
331,331.0,331.1,0.05958269701374448,0.2152001208678654,0.23502087916805756,0.10231169868635596,0.07864827648294222,0.13864650661640945,0.06395267162229293,0.10663714954233175
332,332.0,332.1,0.06041757934711224,0.21138876530433265,0.24054685073530138,0.10260427938597942,0.0798859193146782,0.14776037614962773,0.051583545733666844,0.1058126840293013
333,333.0,333.1,0.059504047590115426,0.20688155139362335,0.24032770311493795,0.10079548913873934,0.07904023384513255,0.14666478607607408,0.0542991571232904,0.11248703171808667
334,334.0,334.1,0.06467594746717657,0.20533442317501982,0.23327436765671572,0.10083721077185195,0.07919821511355629,0.15250156995441114,0.054167868645287366,0.11001039721598102
335,335.0,335.1,0.06419159625481943,0.20504773149293115,0.23185567316712166,0.10002355829906465,0.07846210227640116,0.15311921816251178,0.05363423162695772,0.11366588872019226
336,336.0,336.1,0.06319868460069647,0.19899214723073283,0.23554161648877253,0.09973487199705436,0.07817341597439088,0.16625853560056697,0.053238018443226995,0.10486270966455877
337,337.0,337.1,0.06164864628835216,0.20514971711295243,0.23700828011857422,0.09559385141002784,0.07659187299628474,0.16956739665563192,0.051885782518135436,0.1025544529000411
338,338.0,338.1,0.06369280637662988,0.20259093643284815,0.23475925422616592,0.09399307595998771,0.07561325928972987,0.16453243243684418,0.05157160853852029,0.11324662673927377
339,339.0,339.1,0.058144046959945926,0.20200589254591747,0.2348273308036765,0.0928955571266198,0.08010078434329262,0.16918548378800874,0.05105913359208306,0.11178177084045562
340,340.0,340.1,0.05777380998349556,0.20542460659410455,0.23446884540127436,0.09220297589402557,0.08407035934165748,0.16867973149793633,0.05072862648864167,0.10665104479886425
341,341.0,341.1,0.057095316363825456,0.20336281217936897,0.22619013065197136,0.09293155015201159,0.08719431599502589,0.17293416987002178,0.0500838029026416,0.1102079018851331
342,342.0,342.1,0.056076007572777566,0.20118044342091324,0.2261645704633677,0.09535074126685486,0.08521933244395538,0.17569829785154106,0.04909696164406123,0.11121364533652874
343,343.0,343.1,0.05534564556816877,0.19880414373351676,0.2278959193326453,0.0943240812406834,0.08359534457057674,0.1789001404655429,0.0483931386882238,0.1127415864006421
344,344.0,344.1,0.05456275824506046,0.20290097006235444,0.2319071773345353,0.09260449534219815,0.08202852903613549,0.1843557114416648,0.04470411220043569,0.10693624633761549
345,345.0,345.1,0.05404088570501277,0.20740904923896536,0.23137958876220796,0.09185536409251922,0.0816095847717911,0.18354926039411665,0.04427099693939788,0.10588527009598889
346,346.0,346.1,0.05371715563620082,0.21084079886743973,0.22524319220025174,0.0929739764679818,0.08130449229500228,0.18696119041486325,0.0439519262685917,0.1050072678496686
347,347.0,347.1,0.05353911453275858,0.20878032483011294,0.22947314584284922,0.09709534188877407,0.08056086887019089,0.185329995882962,0.04371857771539972,0.10150263043695244
348,348.0,348.1,0.050633730156785975,0.20893594263278956,0.23140903130814644,0.09704710036994432,0.08051262735136114,0.18660139333083,0.04367033619656997,0.10118983865357242
349,349.0,349.1,0.050633572527529966,0.1999423161853739,0.23579617544006343,0.09666240617070093,0.08020461978515683,0.19136314046347877,0.043593334305018897,0.10180443512267708
350,350.0,350.1,0.05454952373394499,0.20072772325631458,0.2377652037655038,0.09698240624462857,0.08026607514182553,0.18836597447106232,0.043147154302207454,0.09819593908451255
351,351.0,351.1,0.05412513227318807,0.20015141097643588,0.2406578486787858,0.09625179613714006,0.07936315645189021,0.18916372351816016,0.042889832478566245,0.09739709948583325
352,352.0,352.1,0.0538843023972911,0.1988043814205137,0.23876835881740002,0.09601762890423124,0.07909086234570348,0.19251845948615118,0.04268287366212757,0.0982331329665815
353,353.0,353.1,0.057431743374948205,0.19489047936512435,0.23992866025117549,0.09529155023475508,0.08204113398433882,0.19130108296031217,0.042291550234755074,0.09682379959459063
354,354.0,354.1,0.05712804281274114,0.19423498071898862,0.24199971365540995,0.09550928857466742,0.08138563533820305,0.19100132980945145,0.04211983240398266,0.09662117668655554
355,355.0,355.1,0.05684151781103843,0.19362105580622713,0.23724946225618798,0.09508603645029391,0.0841050437587749,0.19071211052923445,0.04195696376858965,0.1004278096196533
