,Unnamed: 0,Total_iterations,Intertwine_two,Add_vertex,Delete_vertex,Invert_path_vertices,Insert_inside_vertex,Delete_inside_vertex,Replace_inside_vertex,Donate_between_routes
0,0.0,0.0,0.125,0.125,0.125,0.125,0.125,0.125,0.125,0.125
1,1.0,0.10900000000000001,0.125,0.125,0.125,0.125,0.125,0.125,0.125,0.125
2,2.0,0.31601,0.125,0.125,0.125,0.125,0.125,0.125,0.125,0.125
3,3.0,0.6191589000000001,0.125,0.125,0.125,0.125,0.125,0.125,0.125,0.125
4,4.0,1.015801321,0.125,0.125,0.125,0.125,0.125,0.125,0.125,0.125
5,5.0,1.50262148669,0.125,0.125,0.125,0.125,0.125,0.125,0.125,0.125
6,6.0,2.0757334209441005,0.125,0.125,0.125,0.125,0.125,0.125,0.125,0.125
7,7.0,2.7307768275633495,0.125,0.125,0.125,0.125,0.125,0.125,0.125,0.125
8,8.0,3.4630081252450404,0.125,0.125,0.125,0.125,0.125,0.125,0.125,0.125
9,9.0,4.2673862119061114,0.125,0.125,0.125,0.125,0.125,0.125,0.125,0.125
10,10.0,5.138652627782014,0.125,0.125,0.125,0.125,0.125,0.125,0.125,0.125
11,11.0,6.071405875792507,0.125,0.125,0.125,0.125,0.125,0.125,0.125,0.125
12,12.0,7.060169740244025,0.125,0.125,0.125,0.125,0.125,0.125,0.125,0.125
13,13.0,8.099455520847952,0.125,0.125,0.125,0.125,0.125,0.125,0.125,0.125
14,14.0,9.183818168183006,0.125,0.125,0.125,0.125,0.125,0.125,0.125,0.125
15,15.0,10.307906369102724,0.125,0.125,0.125,0.125,0.125,0.125,0.125,0.125
16,16.0,11.466506686239443,0.125,0.125,0.125,0.125,0.125,0.125,0.125,0.125
17,17.0,12.654581904800096,0.125,0.125,0.125,0.125,0.125,0.125,0.125,0.125
18,18.0,13.867303782456686,0.125,0.125,0.125,0.125,0.125,0.125,0.125,0.125
19,19.0,15.100080434523047,0.125,0.125,0.125,0.125,0.125,0.125,0.125,0.125
20,20.0,16.348578617037543,0.125,0.125,0.125,0.125,0.125,0.125,0.125,0.125
21,21.0,17.608741195130214,0.125,0.125,0.125,0.125,0.125,0.125,0.125,0.125
22,22.0,18.876800103462312,0.125,0.125,0.125,0.125,0.125,0.125,0.125,0.125
23,23.0,20.14928511992658,0.125,0.125,0.125,0.125,0.125,0.125,0.125,0.125
24,24.0,21.423028783545156,0.125,0.125,0.125,0.125,0.125,0.125,0.125,0.125
25,25.0,22.695167792966423,0.125,0.125,0.125,0.125,0.125,0.125,0.125,0.125
26,26.0,23.963141223515898,0.125,0.125,0.125,0.125,0.125,0.125,0.125,0.125
27,27.0,25.224685898775267,0.125,0.125,0.125,0.125,0.125,0.125,0.125,0.125
28,28.0,26.477829247520948,0.125,0.125,0.125,0.125,0.125,0.125,0.125,0.125
29,29.0,27.720879968916847,0.125,0.125,0.125,0.125,0.125,0.125,0.125,0.125
30,30.0,28.95241681848399,0.125,0.125,0.125,0.125,0.125,0.125,0.125,0.125
31,31.0,30.17127581490958,0.125,0.125,0.125,0.125,0.125,0.125,0.125,0.125
32,32.0,31.376536153543515,0.125,0.125,0.125,0.125,0.125,0.125,0.125,0.125
33,33.0,32.567505096778625,0.125,0.125,0.125,0.125,0.125,0.125,0.125,0.125
34,34.0,33.74370209472243,0.125,0.125,0.125,0.125,0.125,0.125,0.125,0.125
35,35.0,34.90484237192463,0.125,0.125,0.125,0.125,0.125,0.125,0.125,0.125
36,36.0,36.05082019768737,0.125,0.125,0.125,0.125,0.125,0.125,0.125,0.125
37,37.0,37.18169203889697,0.125,0.125,0.125,0.125,0.125,0.125,0.125,0.125
38,38.0,38.29765977559663,0.125,0.125,0.125,0.125,0.125,0.125,0.125,0.125
39,39.0,39.399054140870355,0.125,0.125,0.125,0.125,0.125,0.125,0.125,0.125
40,40.0,40.48631852820801,0.125,0.125,0.125,0.125,0.125,0.125,0.125,0.125
41,41.0,41.55999329152982,0.125,0.125,0.125,0.125,0.125,0.125,0.125,0.125
42,42.0,42.62070064560415,0.125,0.125,0.125,0.125,0.125,0.125,0.125,0.125
43,43.0,43.669130257815,0.125,0.125,0.125,0.125,0.125,0.125,0.125,0.125
44,44.0,44.70602560622662,0.125,0.125,0.125,0.125,0.125,0.125,0.125,0.125
45,45.0,45.73217116373481,0.125,0.125,0.125,0.125,0.125,0.125,0.125,0.125
46,46.0,46.748380453854836,0.125,0.125,0.125,0.125,0.125,0.125,0.125,0.125
47,47.0,47.755485010424316,0.125,0.125,0.125,0.125,0.125,0.125,0.125,0.125
48,48.0,48.7543242612326,0.125,0.125,0.125,0.125,0.125,0.125,0.125,0.125
49,49.0,49.745736344347726,0.125,0.125,0.125,0.125,0.125,0.125,0.125,0.125
50,50.0,50.730549855707864,0.125,0.125,0.125,0.125,0.125,0.125,0.125,0.125
51,51.0,51.70957651737491,0.125,0.125,0.125,0.125,0.125,0.125,0.125,0.125
52,52.0,52.68360474770151,0.125,0.125,0.125,0.125,0.125,0.125,0.125,0.125
53,53.0,53.65339410751842,0.125,0.125,0.125,0.125,0.125,0.125,0.125,0.125
54,54.0,54.629670590278465,0.125,0.125,0.125,0.125,0.125,0.125,0.125,0.125
55,55.0,55.60302271885971,0.125,0.125,0.125,0.125,0.125,0.125,0.125,0.125
56,56.0,56.57400940739424,0.125,0.125,0.125,0.125,0.125,0.125,0.125,0.125
57,57.0,57.543157333001375,0.125,0.125,0.125,0.125,0.125,0.125,0.125,0.125
58,58.0,58.51095889271778,0.125,0.125,0.125,0.125,0.125,0.125,0.125,0.125
59,59.0,59.477870707535374,0.125,0.125,0.125,0.125,0.125,0.125,0.125,0.125
60,60.0,60.444312633795846,0.125,0.125,0.125,0.125,0.125,0.125,0.125,0.125
61,61.0,61.41066724109232,0.125,0.125,0.125,0.125,0.125,0.125,0.125,0.125
62,62.0,62.37727971524822,0.125,0.125,0.125,0.125,0.125,0.125,0.125,0.125
63,63.0,63.344458144836054,0.125,0.125,0.125,0.125,0.125,0.125,0.125,0.125
64,64.0,64.31247415001674,0.125,0.125,0.125,0.125,0.125,0.125,0.125,0.125
65,65.0,65.28156381317919,0.125,0.125,0.125,0.125,0.125,0.125,0.125,0.125
66,66.0,66.2519288718936,0.125,0.125,0.125,0.125,0.125,0.125,0.125,0.125
67,67.0,67.22373813601763,0.125,0.125,0.125,0.125,0.125,0.125,0.125,0.125
68,68.0,68.1971290923691,0.125,0.125,0.125,0.125,0.125,0.125,0.125,0.125
69,69.0,69.17220966216172,0.125,0.125,0.125,0.125,0.125,0.125,0.125,0.125
70,70.0,70.14906007835346,0.125,0.125,0.125,0.125,0.125,0.125,0.125,0.125
71,71.0,71.12773485214248,0.125,0.125,0.125,0.125,0.125,0.125,0.125,0.125
72,72.0,72.10826480003118,0.125,0.125,0.125,0.125,0.125,0.125,0.125,0.125
73,73.0,73.09065910513071,0.125,0.125,0.125,0.125,0.125,0.125,0.125,0.125
74,74.0,74.07490738866896,0.125,0.125,0.125,0.125,0.125,0.125,0.125,0.125
75,75.0,75.06098176996672,0.125,0.125,0.125,0.125,0.125,0.125,0.125,0.125
76,76.0,76.04883889543503,0.125,0.125,0.125,0.125,0.125,0.125,0.125,0.125
77,77.0,77.03842191940215,0.125,0.125,0.125,0.125,0.125,0.125,0.125,0.125
78,78.0,78.02966242177855,0.125,0.125,0.125,0.125,0.125,0.125,0.125,0.125
79,79.0,79.02248224969952,0.125,0.125,0.125,0.125,0.125,0.125,0.125,0.125
80,80.0,80.01679527233141,0.125,0.125,0.125,0.125,0.125,0.125,0.125,0.125
81,81.0,81.01250903997678,0.125,0.125,0.125,0.125,0.125,0.125,0.125,0.125
82,82.0,82.00952634045784,0.125,0.125,0.125,0.125,0.125,0.125,0.125,0.125
83,83.0,83.00774664748621,0.125,0.125,0.125,0.125,0.125,0.125,0.125,0.125
84,84.0,84.0070674573369,0.125,0.125,0.125,0.125,0.125,0.125,0.125,0.125
85,85.0,85.00738551162915,0.125,0.125,0.125,0.125,0.125,0.125,0.125,0.125
86,86.0,86.00859790537588,0.125,0.125,0.125,0.125,0.125,0.125,0.125,0.125
87,87.0,87.01060308069417,0.125,0.125,0.125,0.125,0.125,0.125,0.125,0.125
88,88.0,88.01330170767369,0.125,0.125,0.125,0.125,0.125,0.125,0.125,0.125
89,89.0,89.01659745487852,0.125,0.125,0.125,0.125,0.125,0.125,0.125,0.125
90,90.0,90.0203976528141,0.125,0.125,0.125,0.125,0.125,0.125,0.125,0.125
91,91.0,91.02461385442797,0.125,0.125,0.125,0.125,0.125,0.125,0.125,0.125
92,92.0,92.02916229733617,0.125,0.125,0.125,0.125,0.125,0.125,0.125,0.125
93,93.0,93.0339642729802,0.125,0.125,0.125,0.125,0.125,0.125,0.125,0.125
94,94.0,94.03894640833,0.125,0.125,0.125,0.125,0.125,0.125,0.125,0.125
95,95.0,95.04404086606154,0.125,0.125,0.125,0.125,0.125,0.125,0.125,0.125
96,96.0,96.0491854693593,0.125,0.125,0.125,0.125,0.125,0.125,0.125,0.125
97,97.0,97.05432375763371,0.125,0.125,0.125,0.125,0.125,0.125,0.125,0.125
98,98.0,98.05940497950434,0.125,0.125,0.125,0.125,0.125,0.125,0.125,0.125
99,99.0,99.06438402939285,0.125,0.125,0.125,0.125,0.125,0.125,0.125,0.125
100,100.0,100.0692213339986,0.125,0.125,0.125,0.125,0.125,0.125,0.125,0.125
101,101.0,101.07388269480377,0.125,0.125,0.125,0.125,0.125,0.125,0.125,0.125
102,102.0,102.07833909258039,0.125,0.125,0.125,0.125,0.125,0.125,0.125,0.125
103,103.0,103.08256645965355,0.125,0.125,0.125,0.125,0.125,0.125,0.125,0.125
104,104.0,104.08654542542286,0.125,0.125,0.125,0.125,0.125,0.125,0.125,0.125
105,105.0,105.09026104036101,0.125,0.125,0.125,0.125,0.125,0.125,0.125,0.125
106,106.0,106.09370248340174,0.125,0.125,0.125,0.125,0.125,0.125,0.125,0.125
107,107.0,107.0968627573044,0.125,0.125,0.125,0.125,0.125,0.125,0.125,0.125
108,108.0,108.09973837624372,0.125,0.125,0.125,0.125,0.125,0.125,0.125,0.125
109,109.0,109.10232904952667,0.125,0.125,0.125,0.125,0.125,0.125,0.125,0.125
110,110.0,110.10463736498608,0.125,0.125,0.125,0.125,0.125,0.125,0.125,0.125
111,111.0,111.10666847524968,0.125,0.125,0.125,0.125,0.125,0.125,0.125,0.125
112,112.0,112.1084297897344,0.125,0.125,0.125,0.125,0.125,0.125,0.125,0.125
113,113.0,113.10993067487333,0.125,0.125,0.125,0.125,0.125,0.125,0.125,0.125
114,114.0,114.11118216474962,0.125,0.125,0.125,0.125,0.125,0.125,0.125,0.125
115,115.0,115.1121966839908,0.125,0.125,0.125,0.125,0.125,0.125,0.125,0.125
116,116.0,116.11298778446795,0.125,0.125,0.125,0.125,0.125,0.125,0.125,0.125
117,117.0,117.11356989705271,0.125,0.125,0.125,0.125,0.125,0.125,0.125,0.125
118,118.0,118.11395809940846,0.125,0.125,0.125,0.125,0.125,0.125,0.125,0.125
119,119.0,119.11416790053455,0.125,0.125,0.125,0.125,0.125,0.125,0.125,0.125
120,120.0,120.1142150425427,0.125,0.125,0.125,0.125,0.125,0.125,0.125,0.125
121,121.0,121.1141153199246,0.125,0.125,0.125,0.125,0.125,0.125,0.125,0.125
122,122.0,122.11388441636905,0.125,0.125,0.125,0.125,0.125,0.125,0.125,0.125
123,123.0,123.11353775900537,0.125,0.125,0.125,0.125,0.125,0.125,0.125,0.125
124,124.0,124.113090389788,0.125,0.125,0.125,0.125,0.125,0.125,0.125,0.125
125,125.0,125.1125568535945,0.125,0.125,0.125,0.125,0.125,0.125,0.125,0.125
126,126.0,126.1119511024844,0.125,0.125,0.125,0.125,0.125,0.125,0.125,0.125
127,127.0,127.11128641546046,0.125,0.125,0.125,0.125,0.125,0.125,0.125,0.125
128,128.0,128.1105753329843,0.125,0.125,0.125,0.125,0.125,0.125,0.125,0.125
129,129.0,129.10982960542594,0.125,0.125,0.125,0.125,0.125,0.125,0.125,0.125
130,130.0,130.10906015456916,0.125,0.125,0.125,0.125,0.125,0.125,0.125,0.125
131,131.0,131.10827704725236,0.125,0.125,0.125,0.125,0.125,0.125,0.125,0.125
132,132.0,132.10748948019472,0.125,0.125,0.125,0.125,0.125,0.125,0.125,0.125
133,133.0,133.1067057750409,0.125,0.125,0.125,0.125,0.125,0.125,0.125,0.125
134,134.0,134.10593338265204,0.125,0.125,0.125,0.125,0.125,0.125,0.125,0.125
135,135.0,135.10517889567555,0.125,0.125,0.125,0.125,0.125,0.125,0.125,0.125
136,136.0,136.10444806843998,0.125,0.125,0.125,0.125,0.125,0.125,0.125,0.125
137,137.0,137.10374584324356,0.125,0.125,0.125,0.125,0.125,0.125,0.125,0.125
138,138.0,138.10307638213433,0.125,0.125,0.125,0.125,0.125,0.125,0.125,0.125
139,139.0,139.1024431033147,0.125,0.125,0.125,0.125,0.125,0.125,0.125,0.125
140,140.0,140.10184872134386,0.125,0.125,0.125,0.125,0.125,0.125,0.125,0.125
141,141.0,141.10129529035666,0.125,0.125,0.125,0.125,0.125,0.125,0.125,0.125
142,142.0,142.1007842495646,0.125,0.125,0.125,0.125,0.125,0.125,0.125,0.125
143,143.0,143.10031647035615,0.125,0.125,0.125,0.125,0.125,0.125,0.125,0.125
144,144.0,144.09989230436494,0.125,0.125,0.125,0.125,0.125,0.125,0.125,0.125
145,145.0,145.09951163192923,0.125,0.125,0.125,0.125,0.125,0.125,0.125,0.125
146,146.0,146.0991739104178,0.125,0.125,0.125,0.125,0.125,0.125,0.125,0.125
147,147.0,147.09887822195333,0.125,0.125,0.125,0.125,0.125,0.125,0.125,0.125
148,148.0,148.09862332011576,0.125,0.125,0.125,0.125,0.125,0.125,0.125,0.125
149,149.0,149.0984076752608,0.125,0.125,0.125,0.125,0.125,0.125,0.125,0.125
150,150.0,150.09822951813874,0.125,0.125,0.125,0.125,0.125,0.125,0.125,0.125
151,151.0,151.0980868815475,0.125,0.125,0.125,0.125,0.125,0.125,0.125,0.125
152,152.0,152.0979776397999,0.125,0.125,0.125,0.125,0.125,0.125,0.125,0.125
153,153.0,153.09789954582905,0.125,0.125,0.125,0.125,0.125,0.125,0.125,0.125
154,154.0,154.097850265797,0.125,0.125,0.125,0.125,0.125,0.125,0.125,0.125
155,155.0,155.0978274111102,0.125,0.125,0.125,0.125,0.125,0.125,0.125,0.125
156,156.0,156.097828567781,0.125,0.125,0.125,0.125,0.125,0.125,0.125,0.125
157,157.0,157.09785132310688,0.125,0.125,0.125,0.125,0.125,0.125,0.125,0.125
158,158.0,158.09789328966912,0.125,0.125,0.125,0.125,0.125,0.125,0.125,0.125
159,159.0,159.09795212667842,0.125,0.125,0.125,0.125,0.125,0.125,0.125,0.125
160,160.0,160.09802555872,0.125,0.125,0.125,0.125,0.125,0.125,0.125,0.125
161,161.0,161.09811139197024,0.125,0.125,0.125,0.125,0.125,0.125,0.125,0.125
162,162.0,162.09820752797575,0.125,0.125,0.125,0.125,0.125,0.125,0.125,0.125
163,163.0,163.09831197510096,0.125,0.125,0.125,0.125,0.125,0.125,0.125,0.125
164,164.0,164.0984228577626,0.125,0.125,0.125,0.125,0.125,0.125,0.125,0.125
165,165.0,165.0985384235805,0.125,0.125,0.125,0.125,0.125,0.125,0.125,0.125
166,166.0,166.09865704858078,0.125,0.125,0.125,0.125,0.125,0.125,0.125,0.125
167,167.0,167.09877724059524,0.125,0.125,0.125,0.125,0.125,0.125,0.125,0.125
168,168.0,168.09889764100228,0.125,0.125,0.125,0.125,0.125,0.125,0.125,0.125
169,169.0,169.0990170249586,0.125,0.125,0.125,0.125,0.125,0.125,0.125,0.125
170,170.0,170.09913430026972,0.125,0.125,0.125,0.125,0.125,0.125,0.125,0.125
171,171.0,171.099248505047,0.125,0.125,0.125,0.125,0.125,0.125,0.125,0.125
172,172.0,172.09935880429612,0.125,0.125,0.125,0.125,0.125,0.125,0.125,0.125
173,173.0,173.09946448557736,0.125,0.125,0.125,0.125,0.125,0.125,0.125,0.125
174,174.0,174.09956495387468,0.125,0.125,0.125,0.125,0.125,0.125,0.125,0.125
175,175.0,175.09965972580352,0.125,0.125,0.125,0.125,0.125,0.125,0.125,0.125
176,176.0,176.09974842328143,0.125,0.125,0.125,0.125,0.125,0.125,0.125,0.125
177,177.0,177.09983076677875,0.125,0.125,0.125,0.125,0.125,0.125,0.125,0.125
178,178.0,178.09990656825855,0.125,0.125,0.125,0.125,0.125,0.125,0.125,0.125
179,179.0,179.0999757239078,0.125,0.125,0.125,0.125,0.125,0.125,0.125,0.125
180,180.0,180.10003820675303,0.125,0.125,0.125,0.125,0.125,0.125,0.125,0.125
181,181.0,181.1000940592462,0.125,0.125,0.125,0.125,0.125,0.125,0.125,0.125
182,182.0,182.1001433858976,0.125,0.125,0.125,0.125,0.125,0.125,0.125,0.125
183,183.0,183.10018634602488,0.125,0.125,0.125,0.125,0.125,0.125,0.125,0.125
184,184.0,184.10022314667918,0.125,0.125,0.125,0.125,0.125,0.125,0.125,0.125
185,185.0,185.10025403580124,0.125,0.125,0.125,0.125,0.125,0.125,0.125,0.125
186,186.0,186.10027929565308,0.125,0.125,0.125,0.125,0.125,0.125,0.125,0.125
187,187.0,187.10029923656325,0.125,0.125,0.125,0.125,0.125,0.125,0.125,0.125
188,188.0,188.10031419101676,0.125,0.125,0.125,0.125,0.125,0.125,0.125,0.125
189,189.0,189.10032450811474,0.125,0.125,0.125,0.125,0.125,0.125,0.125,0.125
190,190.0,190.10033054842177,0.125,0.125,0.125,0.125,0.125,0.125,0.125,0.125
191,191.0,191.10033267921386,0.125,0.125,0.125,0.125,0.125,0.125,0.125,0.125
192,192.0,192.10033127013463,0.125,0.125,0.125,0.125,0.125,0.125,0.125,0.125
193,193.0,193.10032668926198,0.125,0.125,0.125,0.125,0.125,0.125,0.125,0.125
194,194.0,194.10031929958396,0.125,0.125,0.125,0.125,0.125,0.125,0.125,0.125
195,195.0,195.1003094558779,0.125,0.125,0.125,0.125,0.125,0.125,0.125,0.125
196,196.0,196.10029750198368,0.125,0.125,0.125,0.125,0.125,0.125,0.125,0.125
197,197.0,197.10028376845906,0.125,0.125,0.125,0.125,0.125,0.125,0.125,0.125
198,198.0,198.1002685706023,0.125,0.125,0.125,0.125,0.125,0.125,0.125,0.125
199,199.0,199.1002522068252,0.12486111111111112,0.12486111111111112,0.12486111111111112,0.12486111111111112,0.12486111111111112,0.12597222222222224,0.12486111111111112,0.12486111111111112
200,200.0,200.10023495735751,0.1244329467353952,0.12453603951890035,0.1244329467353952,0.12665516895761741,0.1244329467353952,0.1266440578465063,0.1244329467353952,0.1244329467353952
201,201.0,201.10021708326303,0.12389920289232534,0.12410435753150058,0.12389920289232534,0.1282103140034364,0.12489920289232534,0.12718931400343642,0.12389920289232534,0.12389920289232534
202,202.0,202.1001988257454,0.12337577496706761,0.12368104300830471,0.12337577496706761,0.12973488607817868,0.1253657749670676,0.1277151960781787,0.12337577496706761,0.12337577496706761
203,203.0,203.10018040572206,0.12356131274802061,0.12305379657278198,0.12265222183892971,0.13180003274802057,0.12552241274802062,0.12810577966636733,0.12265222183892971,0.12265222183892971
204,204.0,204.10016202364383,0.12375806189591923,0.1224434100783284,0.12194897098682833,0.1338060426959192,0.12567354089591926,0.12847203147342923,0.12194897098682833,0.12194897098682833
205,205.0,205.10014385953698,0.12370937781474824,0.12177854382002401,0.12119526711592327,0.13558725434307473,0.12650001727440813,0.1288390053999754,0.12119526711592327,0.12119526711592327
206,206.0,206.10012607324546,0.12351826428191422,0.12098718806701628,0.12143172802341082,0.13713344156676754,0.12716114846032095,0.12902598567496099,0.12032061691229971,0.12042162701330981
207,207.0,207.10010880485066,0.12308607945954445,0.11997696469550785,0.1213319932366832,0.13833877666252442,0.1285529893864736,0.13004819998489034,0.1192319932366832,0.1194330033376933
208,208.0,208.10009217524683,0.122437037095601,0.11894076013696131,0.12196080787815738,0.13943319747508737,0.12972124297727292,0.1308616891079561,0.11812257710892661,0.11852268822003774
209,209.0,209.1000762868509,0.12170459697316426,0.11784518645931782,0.12250138317095277,0.14033829644609536,0.13074663205039283,0.13144092338334668,0.11696020394018353,0.11846277757654719
210,210.0,210.10006122442604,0.12139301800790264,0.11642007004419729,0.12332850259837459,0.14163709496313398,0.13123532369900465,0.13152343938297908,0.11647381780826468,0.11798873349614349
211,211.0,211.10004705599943,0.12154441822983965,0.11478912593100818,0.12388834356078898,0.143305254289449,0.1314115114494837,0.13214776353911262,0.11568628438140735,0.11722729861891086
212,212.0,212.1000338338555,0.1215863991934495,0.11290916530060824,0.12432296456600161,0.1453341894958824,0.1314256128850676,0.1333185622596263,0.11476258340036363,0.11634052289900104
213,213.0,213.10002159558738,0.12083588217132799,0.1122220223891555,0.12551588494502408,0.14608817189299625,0.1303998083990028,0.13497986860126548,0.11383576066055462,0.11612260094067361
214,214.0,214.1000103651902,0.11994268684533416,0.11133866902725198,0.12646658609392575,0.14651011176070616,0.1291828399128081,0.1370202922427747,0.11275263710249547,0.11678617701470405
215,215.0,215.10000015418083,0.11884533656443876,0.110969550025552,0.1270116998961466,0.1464985299728115,0.128737190092555,0.1392290752153099,0.11145682911074686,0.1172517891224398
216,216.0,216.0999909627306,0.11777601397773452,0.11057248869360778,0.12737879426579285,0.1463417357825929,0.1297846280142963,0.14103594454969384,0.11008930924034127,0.11702108547594095
217,217.0,217.0999827807981,0.11667310674054895,0.11012879469569034,0.12751561364780367,0.14657038419851548,0.13065539153301856,0.14244124420491328,0.10927610595067756,0.1167393590288326
218,218.0,218.09997558925085,0.11558891088703407,0.10972297673510821,0.1275571343405865,0.14665696146926996,0.132026904506124,0.14354852913272462,0.10844614510677428,0.11645243782237882
219,219.0,219.09996936096582,0.11508561852587336,0.11033709810482051,0.12752367548792903,0.1465307753232202,0.13326955052791106,0.1445053794972068,0.107650018318993,0.1150978842140465
220,220.0,220.0999640618996,0.11438116790243867,0.1122255777706548,0.12788890657373886,0.1461270263011695,0.13429526169476555,0.14467199608077375,0.10680258483488073,0.11360747884157865
221,221.0,221.09995965212107,0.1144331116177419,0.11482400252640583,0.12885932053345692,0.14509116068340672,0.13469162688298048,0.14398738358561827,0.10596257668101239,0.11215081748937798
222,222.0,222.09995608679918,0.11495143480381202,0.11732387719077271,0.12965504062382327,0.14385642220050118,0.13491405515924046,0.1430570710140065,0.10558871137534459,0.11065338763249973
223,223.0,223.09995331714146,0.11551094166870852,0.11979991870736474,0.1304134041082688,0.1426016786507312,0.13509126082361927,0.14206644078722586,0.10529225415298704,0.10922410110109498
224,224.0,224.0999512912781,0.11610191877589982,0.12139641664246015,0.13196389634587447,0.1413414779762809,0.13522599408066127,0.14103143097306106,0.10506842877783228,0.10787043642793046
225,225.0,225.09994995508828,0.1167153093300845,0.12293536037485764,0.1341760852532339,0.13958896789636285,0.13460686912424397,0.14046682962839216,0.10491221031891157,0.10659836807391376
226,226.0,226.09994925296655,0.11725482599310931,0.12412689610728325,0.13686460967722855,0.1377729923644109,0.133846598556413,0.13967428221275657,0.10465905960985006,0.10580073547894868
227,227.0,227.09994912852736,0.11777993684493583,0.1252244020629627,0.13937716194416608,0.13597553353842382,0.13302415905124748,0.1387409024138009,0.1048325733441244,0.10504533080033909
228,228.0,228.0999495252468,0.11809509440096476,0.1259314764193078,0.1415828557190856,0.13392204996034907,0.13203143718992624,0.13876075111426378,0.10545923924548364,0.10421709595061943
229,229.0,229.09995038704184,0.11924218197817264,0.12623207949596504,0.1433955257328208,0.1324860388950825,0.1308746964325325,0.1385027550434509,0.10550502149466931,0.1037617009273066
230,230.0,230.09995165878695,0.12008341770555153,0.12769289556917987,0.14461355933856443,0.1328067210386038,0.12819636384070515,0.13799582731274662,0.10538443264128891,0.10322678255335996
231,231.0,231.09995328676968,0.12146868003851616,0.12947290556817473,0.14535599308781147,0.13280684362522235,0.12598869361211754,0.13722680265981943,0.10510362737244451,0.102576454035894
232,232.0,232.09995521908644,0.12298478076662774,0.13126542841621422,0.14563039772630126,0.13250633445940002,0.12358931676211683,0.13619554553276778,0.10603755140686935,0.10179064492970295
233,233.0,233.09995740598066,0.12531570627590988,0.1329264948273266,0.14528548163587415,0.13169417076835988,0.12091642090077928,0.13576180930069803,0.1072977755177458,0.1008021407733065
234,234.0,234.09995980012565,0.12741233121493806,0.13438762855617176,0.14512559952357068,0.13160285881366626,0.1182227646593558,0.1350828167800485,0.10840848941330583,0.09975751103894318
235,235.0,235.09996235685486,0.12915016240926186,0.13696617381946904,0.14442930529149556,0.13125502979306408,0.11585708442265852,0.13413692004006528,0.10965939558140794,0.09854592864257772
236,236.0,236.09996503434263,0.13070055118432064,0.13919606329660883,0.14408921940924474,0.13138529554520975,0.11351572123444133,0.1335489198192559,0.11065012918095221,0.0969141003299665
237,237.0,237.09996779373822,0.13212010476735536,0.14114543642685348,0.14358059094090603,0.1321124618919634,0.11074670810532973,0.13292538849779395,0.11150426917304664,0.09586504019675132
238,238.0,238.09997059925684,0.1333208826456444,0.14362396662219173,0.1428574196530378,0.1327228174854246,0.1080095262495265,0.13176142301407076,0.1130122670451254,0.09469169728497874
239,239.0,239.09997341823103,0.13346625989934824,0.14565025843644117,0.1419880875212169,0.13323514040331738,0.10620312811894422,0.13168053197880278,0.11430295381173661,0.09347363983019265
240,240.0,240.0999762211255,0.13350748789641392,0.14751016127228628,0.14107950576198247,0.1337511887209889,0.10454769988898019,0.13218419810703996,0.11497585036382166,0.09244390798848653
241,241.0,241.09997898151926,0.13367979402726896,0.1489089610215596,0.14053898055814662,0.13338050954375322,0.10290068807124993,0.13339787196387015,0.11578853827843781,0.09140465653571361
242,242.0,242.09998167605846,0.13246963883053525,0.1507131810793777,0.1401577386829527,0.13202314372472973,0.10196460842467202,0.13578986237790341,0.11667557380464992,0.09020625307517909
243,243.0,243.09998428438317,0.1309084218508326,0.15437758561456036,0.14038366650758485,0.13053651267734895,0.10087736272881948,0.13775102166401926,0.11675025525093384,0.08841517370590052
244,244.0,244.09998678903156,0.12920385356693126,0.1578619539913119,0.14049683797832932,0.12937195060583018,0.09980843689960145,0.139361387582925,0.11726935983447657,0.08662621954059416
245,245.0,245.0999891753248,0.1251988888160818,0.16159248818092858,0.14160582136494676,0.12869412302237773,0.0988196227285876,0.14069613558994756,0.11755057461526575,0.085842345681864
246,246.0,246.09999143123548,0.12118838516953853,0.1649262077262237,0.1425971872728778,0.12844094659657068,0.09754757998918981,0.14241749076741178,0.11774906930701619,0.08513313317117134
247,247.0,247.09999354724272,0.1170287444715637,0.16871810452184272,0.14335128755078194,0.12785313714140262,0.09619113848553874,0.14479307274390568,0.11775105891126954,0.08431345617369487
248,248.0,248.09999551617682,0.11291093277126121,0.17244354160771394,0.14439819368850232,0.1271217057470932,0.09486878552478786,0.1470267638172285,0.11769354904694887,0.08353652779646391
249,249.0,249.0999973330557,0.10890680964758909,0.17695478872743964,0.14486635266023828,0.12675615776502472,0.09293865007854209,0.14915062706333979,0.11758056070022435,0.0828460533576019
250,250.0,250.09999899491618,0.10496446761538326,0.1825608284146394,0.14557504098316484,0.12626870387446365,0.09019843991112572,0.15103053673047176,0.11724227012182849,0.08215971234892279
251,251.0,251.10000050064144,0.10101353921796152,0.1885546510249675,0.14603396058681198,0.12568398509609313,0.08749073860310126,0.15263201422335745,0.11714666661396701,0.08144444463374005
252,252.0,252.10000185078778,0.09720904330341819,0.19523726331214164,0.14731955858564347,0.12449728126869675,0.08488094628613133,0.15378102260070523,0.11629338544925624,0.08078149919400705
253,253.0,253.1000030474116,0.09353378673486128,0.20099359197566818,0.14838945655766492,0.12361726487142503,0.0829141768459323,0.15518794792281335,0.11524491719562874,0.08011885789600608
254,254.0,254.10000409389892,0.08990223071084465,0.20580348607234547,0.14920006921159756,0.1224827209011085,0.08226465455396256,0.15649034913976842,0.1139764243148882,0.07988006509548454
255,255.0,255.1000049947985,0.08575853799157757,0.20997652454533783,0.15078820779611152,0.1213224115711306,0.0817526334707142,0.15800862940392035,0.11268648332685427,0.07970657189435362
256,256.0,256.10000575566016,0.08186544382482216,0.21451133445561202,0.15207789042701322,0.12087318800850615,0.08135108562966899,0.15866042236974262,0.11133115861625395,0.07932947666838083
257,257.0,257.10000638287903,0.07822548014594978,0.21885636793590274,0.1532696083307034,0.12046745886673925,0.08104724227486841,0.15917017040819217,0.10998689915117767,0.07897677288646651
258,258.0,258.1000068835473,0.07478541452864183,0.22261147796873115,0.15512326211288763,0.11968347012369995,0.08076983592670055,0.15983980437444562,0.10860172198740475,0.0785850129774885
259,259.0,259.10000726531325,0.071645084736366,0.22608729655466675,0.15695547388297482,0.1189757233098453,0.08060612173308535,0.16064338986634474,0.10679757269827503,0.07828933721844207
260,260.0,260.10000753624945,0.0688031546133255,0.22943608273398186,0.15811302920880177,0.11836982319150355,0.08116042502496534,0.16088280600281504,0.10509956644803783,0.07813511277656912
261,261.0,261.10000770472953,0.06619495370976955,0.23260931935014356,0.15958764890527358,0.11783418283627763,0.08206744671904818,0.16086199409080876,0.10288888690037043,0.07795556748830838
262,262.0,262.1000077793143,0.06388071727569072,0.23520243145207587,0.16102518858669523,0.1173675825384488,0.08302517245326767,0.1608974017496794,0.10035907911171119,0.0782424268324312
263,263.0,263.1000077686475,0.0619142821766549,0.23757473728785414,0.16222643610138665,0.11692983602774218,0.08398020857795672,0.1611170414371304,0.09788316065724383,0.07837429773403125
264,264.0,264.10000768136086,0.06034220131981822,0.24000264438204436,0.16334730804485526,0.11661925557339815,0.0844514486431155,0.16107440712878432,0.09562632274388674,0.07853641216409757
265,265.0,265.10000752598927,0.05900987521001785,0.24187910234899188,0.16431737924082435,0.11634218738317366,0.08525450507209041,0.16103484666202647,0.0934817575774326,0.0786803465054429
266,266.0,266.10000731089497,0.05797938687403637,0.24328650789556083,0.16513023208268912,0.11604279274746948,0.0865603612864522,0.16079007411598767,0.09140480322815372,0.07880584176965066
267,267.0,267.1000070442011,0.05717295075385985,0.24503135796109668,0.1653138941254111,0.11578434181944312,0.08782841537332618,0.16048404639484154,0.08946339084095699,0.07892160273106458
268,268.0,268.10000673373463,0.05656009130680839,0.2462363276291505,0.16620243204267243,0.11496982497594081,0.08956505324487635,0.15944867372837518,0.08797027199138947,0.07904732508078686
269,269.0,269.10000638697744,0.056088460682970936,0.2472102172192815,0.1666458756663229,0.11412365874965966,0.09116557829259403,0.15863406781638595,0.08651862592087409,0.07961351565191091
270,270.0,270.1000060110262,0.05593569805152584,0.24649276011661614,0.1673986199036911,0.11346399600588225,0.09283213795330897,0.15793351987263812,0.08533876996766973,0.08060449812866788
271,271.0,271.1000056125598,0.05574672489921075,0.2464772888847147,0.167787292522657,0.11274752162738366,0.09422131268836006,0.1570236488850871,0.08444855023544318,0.08154766025714355
272,272.0,272.1000051978145,0.0560485696125643,0.24627142479697603,0.16865222704312588,0.11190414110400361,0.09497827532681212,0.15485753192583646,0.08463259187591571,0.08265523831476591
273,273.0,273.1000047725655,0.056402832567343436,0.24569106819864636,0.16982899935815535,0.1110361412753267,0.09559055987957969,0.15252452144281683,0.08522091670303167,0.08370496057509993
274,274.0,274.1000043421158,0.05686713239221622,0.24494505409747996,0.17099438595022406,0.11133210876127582,0.09613291439206194,0.14910830565190214,0.08590982700455554,0.08471027175028428
275,275.0,275.10000391128995,0.057305602855039675,0.24393418633580222,0.17224755793910346,0.11244210712305414,0.0964866887762777,0.14554657298893134,0.08652292119700337,0.08551436278478808
276,276.0,276.1000034844338,0.05787708401933736,0.24414943555974283,0.1731250647555776,0.11363345612058882,0.09586387102676934,0.14203929391874595,0.0870015576604566,0.08631023693878147
277,277.0,277.1000030654189,0.05835257595047103,0.24430435715073653,0.17389817386098158,0.11460029829665622,0.09507496078514975,0.13855856029730798,0.08744248270818657,0.08776859095051029
278,278.0,278.1000026576513,0.05874390477954762,0.24441233189710593,0.17449088612058558,0.11536641109198292,0.094915444132389,0.13522739375747664,0.08784784393670285,0.08899578428420939
279,279.0,279.10000226408397,0.05960896367848993,0.24406944451724114,0.17484825296191064,0.11610067816802688,0.09505631650802733,0.13193205044273645,0.0882274143971865,0.09015687932638106
280,280.0,280.1000018872325,0.060488612612234004,0.24363238912842894,0.1753632750581253,0.11689180829046956,0.0951331344665011,0.12870490562627973,0.0885925535770977,0.09119332124086363
281,281.0,281.10000152919383,0.061198331533673433,0.24310726667565244,0.17541345938392286,0.11741941987350346,0.09494418397668415,0.12632292967578349,0.08894249880946928,0.09265191007131082
282,282.0,282.1000011916671,0.06189498872217334,0.24234054916684816,0.17525753464609053,0.1178995124216639,0.09467138258880495,0.12445206530972233,0.08953334712446728,0.09395062002022944
283,283.0,283.1000008759764,0.06215523589009046,0.24153005524465096,0.1751084085669183,0.11834900733577411,0.09381873658474901,0.12332091931412775,0.09013136728841592,0.09558626977527344
284,284.0,284.100000583095,0.06237201776720083,0.24100821783833437,0.17512761548620223,0.1187102815995868,0.09289524279571644,0.12221710539888714,0.09062233959631773,0.09704717951775446
285,285.0,285.10000031367076,0.0625647746613485,0.24042908097694232,0.17531430751022298,0.11900399516867106,0.0919341202167891,0.12134895578567635,0.09105780915105822,0.09834695652929148
286,286.0,286.1000000680523,0.06269944561608744,0.23945511950996975,0.17523594483956295,0.11958354134267069,0.09089248532496005,0.12048420057318096,0.0913704792859654,0.10027878350760276
287,287.0,287.0999998463151,0.06279990234508771,0.23878531251090906,0.1751604871595184,0.12010152484477861,0.08984126509750072,0.11964940364610381,0.09162311858642803,0.10203898580967365
288,288.0,288.0999996482885,0.06288254119913533,0.23830076275231965,0.1750261632598963,0.1205727846963984,0.08878566685077112,0.11894896794192378,0.0918480979840234,0.10363501531553199
289,289.0,289.0999994735817,0.06302299603883899,0.23752494157163118,0.17498618460129925,0.12102064598282374,0.08774376808734036,0.11873650492888704,0.09189766207190399,0.10506729671727542
290,290.0,290.09999932160974,0.06349373706468733,0.23666952614793013,0.17470811934244232,0.12135387281075277,0.08666387994140877,0.11893899537820615,0.09192507717377081,0.10624679214080165
291,291.0,291.0999991916189,0.06413248105566631,0.23627809586856424,0.17244116568642087,0.12183049507955686,0.08581191669508281,0.11974612276711545,0.09138792782758456,0.10837179502000882
292,292.0,292.0999990827109,0.06475701994785447,0.2361565297175527,0.1701764331105844,0.12227238669496186,0.08477068272434221,0.12065315788722476,0.09084818313479706,0.11036560678268245
293,293.0,293.0999989938666,0.06525828125796142,0.23580378199268548,0.1680742644705904,0.12256010918766103,0.08360348121920205,0.12163233783721855,0.0902072524727487,0.11286049156193227
294,294.0,294.09999892396814,0.06585890310717757,0.23380489268146754,0.1670152618134988,0.12224573695705776,0.08282932517783335,0.12280921557939146,0.09027360761332875,0.11516305707024464
295,295.0,295.0999988718198,0.06640575569261471,0.2320244668599928,0.16615001811269894,0.1217975088184027,0.08205873888788529,0.12351206870248115,0.09045586620064476,0.11759557672527947
296,296.0,296.09999883616814,0.06683964798665033,0.23075999034776598,0.1656458071279696,0.12117347105224058,0.0812156019850694,0.12407720083714346,0.09056620067113608,0.11972207999202439
297,297.0,297.0999988157199,0.06677495006422089,0.23102376064708902,0.16532938989827953,0.12030086200627657,0.07993889617246717,0.1249049474585096,0.09097141469495124,0.12075577905820584
298,298.0,298.0999988091593,0.06665867061604688,0.23057551235325707,0.16541399751120922,0.1193523198296173,0.07942674642154451,0.12613043055967116,0.09090177872269048,0.12154054398596326
299,299.0,299.0999988151632,0.06642689358603301,0.23096928650559018,0.16572843915387206,0.1183174899034912,0.07882822880358498,0.12702089425387697,0.09077662445110662,0.12193214334244487
300,300.0,300.09999883241505,0.06714638789464847,0.23124272275377908,0.16658418230075178,0.11724933260430703,0.07785501485381591,0.12814458319352223,0.09105489170103026,0.12072288469814514
301,301.0,301.0999988596176,0.06777614934215076,0.23173789073224774,0.16766022687753415,0.11614071258710154,0.07676281703689879,0.12937770204784108,0.09123439390463843,0.11931010747158742
302,302.0,302.0999988955037,0.06833510768632392,0.23228913833533865,0.16841634811585154,0.11535552872526755,0.07569403887261358,0.13047898647452105,0.09170017403201998,0.11773067775806359
303,303.0,303.0999989388461,0.06883649080983908,0.2326971980713359,0.16899876229092634,0.1148921101415086,0.07468146967701537,0.13173093893362603,0.09220120681713546,0.11596182325861311
304,304.0,304.0999989884659,0.06906091658517027,0.23283271040418335,0.17051063218919793,0.11419060510867411,0.07409921667008086,0.13286015223865616,0.09252836359309886,0.11391740321093835
305,305.0,305.09999904323905,0.0692414944325648,0.23338061212827746,0.17216338909684645,0.11348883922949513,0.07353415662650727,0.13381629789705046,0.09282110395595043,0.1115541066333079
306,306.0,306.09999910210246,0.06931976634665295,0.233748511684461,0.17325593751986718,0.11323816196964394,0.07303467407665225,0.13542340237993003,0.09279297783610167,0.10918656818669094
307,307.0,307.0999991640585,0.06938812888896652,0.23409694075017368,0.1742705436418694,0.1126157069942279,0.07264213630369036,0.13697694694638998,0.09328092837171396,0.10672866810296822
308,308.0,308.0999992281783,0.0693865896543286,0.2346463578553295,0.1752594098109075,0.11202225818468269,0.0722573490828422,0.13841568734057985,0.09355710657875373,0.10445524149257593
309,309.0,309.0999992936044,0.06983982126410905,0.23199940450081522,0.176906348133969,0.11244547239010001,0.07258588815439664,0.13995883436754283,0.09355027506226156,0.1027139561268057
310,310.0,310.0999993595519,0.07031092872556804,0.22922790678058758,0.17858981404928817,0.11284623273823496,0.07336258274660877,0.14122212810577323,0.09341401216169988,0.10102639469223941
311,311.0,311.0999994253091,0.0707545312771694,0.226501290593623,0.180199742133371,0.11327689648521094,0.0741837177345269,0.14239152745023287,0.0932643665427275,0.09942792778313848
312,312.0,312.0999994902374,0.07115227671771616,0.22416707514929296,0.18171072022183357,0.11371349998700742,0.07543808700406356,0.14282187070399716,0.09308750626670856,0.09790896394938074
313,313.0,313.09999955377054,0.07151868477890679,0.22164873795910925,0.18398445021570478,0.11326852378773883,0.07805402696030418,0.14298636127328615,0.09202936910899037,0.09650984591595976
314,314.0,314.09999961541274,0.07209313727732496,0.21923493809918784,0.18674886766927917,0.11265441085412223,0.08034989508373339,0.14307074942057743,0.090829178295269,0.09501882330050608
315,315.0,315.0999996747365,0.07253705711406198,0.21740306359378403,0.1899786160474431,0.11201023998124406,0.08228752638723089,0.14294258048836558,0.08947811998983725,0.09336279639803323
316,316.0,316.0999997313806,0.07287473663821403,0.2154380933644373,0.193980390285936,0.1113216796527092,0.08439908246500999,0.14218600866128994,0.08808270194907303,0.0917173069833306
317,317.0,317.0999997850464,0.0726327735662355,0.21413670224563794,0.198065754098385,0.11056526941975758,0.08583656332154671,0.1416394234370477,0.08664464527133514,0.09047886864005454
318,318.0,318.0999998354952,0.07230834649165757,0.2126495392716954,0.2024746802844345,0.10975632403901209,0.08705960348870664,0.14126222904518715,0.08487773523832369,0.08961154214098313
319,319.0,319.09999988254424,0.07192725722886363,0.21145985835992892,0.2067355463467036,0.10893088995016748,0.08812585175103034,0.1408845274407462,0.08314586451603219,0.08879020440652782
320,320.0,320.0999999260629,0.07151265849075089,0.20978266200690793,0.21066662294467403,0.10811132590692979,0.08941306390047718,0.1410058663629793,0.08147691284239834,0.0880308875448827
321,321.0,321.099999965969,0.07106482371099423,0.2081416464695016,0.21505976061623405,0.10731511975711089,0.08991152514106587,0.14128390553959932,0.0798683363420677,0.08735488242342647
322,322.0,322.1000000022248,0.07089407229797834,0.2068577132943972,0.21945426768145757,0.10653063838935777,0.09025522255221183,0.14163588063975185,0.07764668356437714,0.08672552158046844
323,323.0,323.1000000348328,0.07063378926383101,0.205811196035077,0.22391457527567965,0.1057070022366034,0.09037385942443943,0.14203032405333543,0.07545835682252867,0.08607089688850557
324,324.0,324.1000000638317,0.07028693892710736,0.20499108104290736,0.2284511555010792,0.10484492962918998,0.09027951883296403,0.14210155231657068,0.07365943483829959,0.0853853889118819
325,325.0,325.10000008929234,0.06987469792665849,0.20445850539174412,0.23220107154474423,0.10396523085378184,0.09001278868856438,0.14234732743192063,0.07192842120723086,0.08521195695535555
326,326.0,326.100000111314,0.0694233936631754,0.204056153809404,0.23592654317324482,0.10308453397391537,0.08964313882993306,0.14255059777272736,0.07028332052037668,0.08503231825722343
327,327.0,327.10000013002036,0.06918645830508062,0.203604896309808,0.23912081687190567,0.10220922312007612,0.08918289575247756,0.14264286488588945,0.06873085068358953,0.08532199407117319
328,328.0,328.1000001455559,0.0683001712426573,0.2033858630328962,0.24161305325819274,0.10193723485793735,0.08897119869757579,0.1421786144436431,0.06757162913676745,0.0860422353303302
329,329.0,329.1000001580823,0.06742682089289438,0.20325924544844634,0.24377048333949936,0.10172008478215572,0.0887245788658462,0.14168062783299906,0.06653767342275882,0.08688048541540032
330,330.0,330.10000016777525,0.06654235476770148,0.2032535978346804,0.2458942301099445,0.10150895453578025,0.08842231133059866,0.14109862388706457,0.06560002132736678,0.08767990620686353
331,331.0,331.1000001748212,0.0655508729226474,0.20372856181938037,0.24750788119201378,0.10109026571888566,0.08761710099337361,0.14088142760682867,0.06431092047635058,0.08931296927052004
