Total_iterations,Unnamed: 0.1,Intertwine_two,Add_vertex,Delete_vertex,Invert_path_vertices,Insert_inside_vertex,Delete_inside_vertex,Replace_inside_vertex,Donate_between_routes
0,0.0,0.125,0.125,0.125,0.125,0.125,0.125,0.125,0.125
1,1.0,0.125,0.125,0.125,0.125,0.125,0.125,0.125,0.125
2,2.0,0.125,0.125,0.125,0.125,0.125,0.125,0.125,0.125
3,3.0,0.125,0.125,0.125,0.125,0.125,0.125,0.125,0.125
4,4.0,0.125,0.125,0.125,0.125,0.125,0.125,0.125,0.125
5,5.0,0.125,0.125,0.125,0.125,0.125,0.125,0.125,0.125
6,6.0,0.125,0.125,0.125,0.125,0.125,0.125,0.125,0.125
7,7.0,0.125,0.125,0.125,0.125,0.125,0.125,0.125,0.125
8,8.0,0.125,0.125,0.125,0.125,0.125,0.125,0.125,0.125
9,9.0,0.125,0.125,0.125,0.125,0.125,0.125,0.125,0.125
10,10.0,0.125,0.125,0.125,0.125,0.125,0.125,0.125,0.125
11,11.0,0.125,0.125,0.125,0.125,0.125,0.125,0.125,0.125
12,12.0,0.125,0.125,0.125,0.125,0.125,0.125,0.125,0.125
13,13.0,0.125,0.125,0.125,0.125,0.125,0.125,0.125,0.125
14,14.0,0.125,0.125,0.125,0.125,0.125,0.125,0.125,0.125
15,15.0,0.125,0.125,0.125,0.125,0.125,0.125,0.125,0.125
16,16.0,0.125,0.125,0.125,0.125,0.125,0.125,0.125,0.125
17,17.0,0.125,0.125,0.125,0.125,0.125,0.125,0.125,0.125
18,18.0,0.125,0.125,0.125,0.125,0.125,0.125,0.125,0.125
19,19.0,0.125,0.125,0.125,0.125,0.125,0.125,0.125,0.125
20,20.0,0.125,0.125,0.125,0.125,0.125,0.125,0.125,0.125
21,21.0,0.125,0.125,0.125,0.125,0.125,0.125,0.125,0.125
22,22.0,0.125,0.125,0.125,0.125,0.125,0.125,0.125,0.125
23,23.0,0.125,0.125,0.125,0.125,0.125,0.125,0.125,0.125
24,24.0,0.125,0.125,0.125,0.125,0.125,0.125,0.125,0.125
25,25.0,0.125,0.125,0.125,0.125,0.125,0.125,0.125,0.125
26,26.0,0.125,0.125,0.125,0.125,0.125,0.125,0.125,0.125
27,27.0,0.125,0.125,0.125,0.125,0.125,0.125,0.125,0.125
28,28.0,0.125,0.125,0.125,0.125,0.125,0.125,0.125,0.125
29,29.0,0.125,0.125,0.125,0.125,0.125,0.125,0.125,0.125
30,30.0,0.125,0.125,0.125,0.125,0.125,0.125,0.125,0.125
31,31.0,0.125,0.125,0.125,0.125,0.125,0.125,0.125,0.125
32,32.0,0.125,0.125,0.125,0.125,0.125,0.125,0.125,0.125
33,33.0,0.125,0.125,0.125,0.125,0.125,0.125,0.125,0.125
34,34.0,0.125,0.125,0.125,0.125,0.125,0.125,0.125,0.125
35,35.0,0.125,0.125,0.125,0.125,0.125,0.125,0.125,0.125
36,36.0,0.125,0.125,0.125,0.125,0.125,0.125,0.125,0.125
37,37.0,0.125,0.125,0.125,0.125,0.125,0.125,0.125,0.125
38,38.0,0.125,0.125,0.125,0.125,0.125,0.125,0.125,0.125
39,39.0,0.125,0.125,0.125,0.125,0.125,0.125,0.125,0.125
40,40.0,0.125,0.125,0.125,0.125,0.125,0.125,0.125,0.125
41,41.0,0.125,0.125,0.125,0.125,0.125,0.125,0.125,0.125
42,42.0,0.125,0.125,0.125,0.125,0.125,0.125,0.125,0.125
43,43.0,0.125,0.125,0.125,0.125,0.125,0.125,0.125,0.125
44,44.0,0.125,0.125,0.125,0.125,0.125,0.125,0.125,0.125
45,45.0,0.125,0.125,0.125,0.125,0.125,0.125,0.125,0.125
46,46.0,0.125,0.125,0.125,0.125,0.125,0.125,0.125,0.125
47,47.0,0.125,0.125,0.125,0.125,0.125,0.125,0.125,0.125
48,48.0,0.125,0.125,0.125,0.125,0.125,0.125,0.125,0.125
49,49.0,0.125,0.125,0.125,0.125,0.125,0.125,0.125,0.125
50,50.0,0.125,0.125,0.125,0.125,0.125,0.125,0.125,0.125
51,51.0,0.125,0.125,0.125,0.125,0.125,0.125,0.125,0.125
52,52.0,0.125,0.125,0.125,0.125,0.125,0.125,0.125,0.125
53,53.0,0.125,0.125,0.125,0.125,0.125,0.125,0.125,0.125
54,54.0,0.125,0.125,0.125,0.125,0.125,0.125,0.125,0.125
55,55.0,0.125,0.125,0.125,0.125,0.125,0.125,0.125,0.125
56,56.0,0.125,0.125,0.125,0.125,0.125,0.125,0.125,0.125
57,57.0,0.125,0.125,0.125,0.125,0.125,0.125,0.125,0.125
58,58.0,0.125,0.125,0.125,0.125,0.125,0.125,0.125,0.125
59,59.0,0.125,0.125,0.125,0.125,0.125,0.125,0.125,0.125
60,60.0,0.125,0.125,0.125,0.125,0.125,0.125,0.125,0.125
61,61.0,0.125,0.125,0.125,0.125,0.125,0.125,0.125,0.125
62,62.0,0.125,0.125,0.125,0.125,0.125,0.125,0.125,0.125
63,63.0,0.125,0.125,0.125,0.125,0.125,0.125,0.125,0.125
64,64.0,0.125,0.125,0.125,0.125,0.125,0.125,0.125,0.125
65,65.0,0.125,0.125,0.125,0.125,0.125,0.125,0.125,0.125
66,66.0,0.125,0.125,0.125,0.125,0.125,0.125,0.125,0.125
67,67.0,0.125,0.125,0.125,0.125,0.125,0.125,0.125,0.125
68,68.0,0.125,0.125,0.125,0.125,0.125,0.125,0.125,0.125
69,69.0,0.125,0.125,0.125,0.125,0.125,0.125,0.125,0.125
70,70.0,0.125,0.125,0.125,0.125,0.125,0.125,0.125,0.125
71,71.0,0.125,0.125,0.125,0.125,0.125,0.125,0.125,0.125
72,72.0,0.125,0.125,0.125,0.125,0.125,0.125,0.125,0.125
73,73.0,0.125,0.125,0.125,0.125,0.125,0.125,0.125,0.125
74,74.0,0.125,0.125,0.125,0.125,0.125,0.125,0.125,0.125
75,75.0,0.125,0.125,0.125,0.125,0.125,0.125,0.125,0.125
76,76.0,0.125,0.125,0.125,0.125,0.125,0.125,0.125,0.125
77,77.0,0.125,0.125,0.125,0.125,0.125,0.125,0.125,0.125
78,78.0,0.125,0.125,0.125,0.125,0.125,0.125,0.125,0.125
79,79.0,0.125,0.125,0.125,0.125,0.125,0.125,0.125,0.125
80,80.0,0.125,0.125,0.125,0.125,0.125,0.125,0.125,0.125
81,81.0,0.125,0.125,0.125,0.125,0.125,0.125,0.125,0.125
82,82.0,0.125,0.125,0.125,0.125,0.125,0.125,0.125,0.125
83,83.0,0.125,0.125,0.125,0.125,0.125,0.125,0.125,0.125
84,84.0,0.125,0.125,0.125,0.125,0.125,0.125,0.125,0.125
85,85.0,0.125,0.125,0.125,0.125,0.125,0.125,0.125,0.125
86,86.0,0.125,0.125,0.125,0.125,0.125,0.125,0.125,0.125
87,87.0,0.125,0.125,0.125,0.125,0.125,0.125,0.125,0.125
88,88.0,0.125,0.125,0.125,0.125,0.125,0.125,0.125,0.125
89,89.0,0.125,0.125,0.125,0.125,0.125,0.125,0.125,0.125
90,90.0,0.125,0.125,0.125,0.125,0.125,0.125,0.125,0.125
91,91.0,0.125,0.125,0.125,0.125,0.125,0.125,0.125,0.125
92,92.0,0.125,0.125,0.125,0.125,0.125,0.125,0.125,0.125
93,93.0,0.125,0.125,0.125,0.125,0.125,0.125,0.125,0.125
94,94.0,0.125,0.125,0.125,0.125,0.125,0.125,0.125,0.125
95,95.0,0.125,0.125,0.125,0.125,0.125,0.125,0.125,0.125
96,96.0,0.125,0.125,0.125,0.125,0.125,0.125,0.125,0.125
97,97.0,0.125,0.125,0.125,0.125,0.125,0.125,0.125,0.125
98,98.0,0.125,0.125,0.125,0.125,0.125,0.125,0.125,0.125
99,99.0,0.125,0.125,0.125,0.125,0.125,0.125,0.125,0.125
100,100.0,0.125,0.125,0.125,0.125,0.125,0.125,0.125,0.125
101,101.0,0.125,0.125,0.125,0.125,0.125,0.125,0.125,0.125
102,102.0,0.125,0.125,0.125,0.125,0.125,0.125,0.125,0.125
103,103.0,0.125,0.125,0.125,0.125,0.125,0.125,0.125,0.125
104,104.0,0.125,0.125,0.125,0.125,0.125,0.125,0.125,0.125
105,105.0,0.125,0.125,0.125,0.125,0.125,0.125,0.125,0.125
106,106.0,0.125,0.125,0.125,0.125,0.125,0.125,0.125,0.125
107,107.0,0.125,0.125,0.125,0.125,0.125,0.125,0.125,0.125
108,108.0,0.125,0.125,0.125,0.125,0.125,0.125,0.125,0.125
109,109.0,0.125,0.125,0.125,0.125,0.125,0.125,0.125,0.125
110,110.0,0.125,0.125,0.125,0.125,0.125,0.125,0.125,0.125
111,111.0,0.125,0.125,0.125,0.125,0.125,0.125,0.125,0.125
112,112.0,0.125,0.125,0.125,0.125,0.125,0.125,0.125,0.125
113,113.0,0.125,0.125,0.125,0.125,0.125,0.125,0.125,0.125
114,114.0,0.125,0.125,0.125,0.125,0.125,0.125,0.125,0.125
115,115.0,0.125,0.125,0.125,0.125,0.125,0.125,0.125,0.125
116,116.0,0.125,0.125,0.125,0.125,0.125,0.125,0.125,0.125
117,117.0,0.125,0.125,0.125,0.125,0.125,0.125,0.125,0.125
118,118.0,0.125,0.125,0.125,0.125,0.125,0.125,0.125,0.125
119,119.0,0.125,0.125,0.125,0.125,0.125,0.125,0.125,0.125
120,120.0,0.125,0.125,0.125,0.125,0.125,0.125,0.125,0.125
121,121.0,0.125,0.125,0.125,0.125,0.125,0.125,0.125,0.125
122,122.0,0.125,0.125,0.125,0.125,0.125,0.125,0.125,0.125
123,123.0,0.125,0.125,0.125,0.125,0.125,0.125,0.125,0.125
124,124.0,0.125,0.125,0.125,0.125,0.125,0.125,0.125,0.125
125,125.0,0.125,0.125,0.125,0.125,0.125,0.125,0.125,0.125
126,126.0,0.125,0.125,0.125,0.125,0.125,0.125,0.125,0.125
127,127.0,0.125,0.125,0.125,0.125,0.125,0.125,0.125,0.125
128,128.0,0.125,0.125,0.125,0.125,0.125,0.125,0.125,0.125
129,129.0,0.125,0.125,0.125,0.125,0.125,0.125,0.125,0.125
130,130.0,0.125,0.125,0.125,0.125,0.125,0.125,0.125,0.125
131,131.0,0.125,0.125,0.125,0.125,0.125,0.125,0.125,0.125
132,132.0,0.125,0.125,0.125,0.125,0.125,0.125,0.125,0.125
133,133.0,0.125,0.125,0.125,0.125,0.125,0.125,0.125,0.125
134,134.0,0.125,0.125,0.125,0.125,0.125,0.125,0.125,0.125
135,135.0,0.125,0.125,0.125,0.125,0.125,0.125,0.125,0.125
136,136.0,0.125,0.125,0.125,0.125,0.125,0.125,0.125,0.125
137,137.0,0.125,0.125,0.125,0.125,0.125,0.125,0.125,0.125
138,138.0,0.125,0.125,0.125,0.125,0.125,0.125,0.125,0.125
139,139.0,0.125,0.125,0.125,0.125,0.125,0.125,0.125,0.125
140,140.0,0.125,0.125,0.125,0.125,0.125,0.125,0.125,0.125
141,141.0,0.125,0.125,0.125,0.125,0.125,0.125,0.125,0.125
142,142.0,0.125,0.125,0.125,0.125,0.125,0.125,0.125,0.125
143,143.0,0.125,0.125,0.125,0.125,0.125,0.125,0.125,0.125
144,144.0,0.125,0.125,0.125,0.125,0.125,0.125,0.125,0.125
145,145.0,0.125,0.125,0.125,0.125,0.125,0.125,0.125,0.125
146,146.0,0.125,0.125,0.125,0.125,0.125,0.125,0.125,0.125
147,147.0,0.125,0.125,0.125,0.125,0.125,0.125,0.125,0.125
148,148.0,0.125,0.125,0.125,0.125,0.125,0.125,0.125,0.125
149,149.0,0.125,0.125,0.125,0.125,0.125,0.125,0.125,0.125
150,150.0,0.125,0.125,0.125,0.125,0.125,0.125,0.125,0.125
151,151.0,0.125,0.125,0.125,0.125,0.125,0.125,0.125,0.125
152,152.0,0.125,0.125,0.125,0.125,0.125,0.125,0.125,0.125
153,153.0,0.125,0.125,0.125,0.125,0.125,0.125,0.125,0.125
154,154.0,0.125,0.125,0.125,0.125,0.125,0.125,0.125,0.125
155,155.0,0.125,0.125,0.125,0.125,0.125,0.125,0.125,0.125
156,156.0,0.125,0.125,0.125,0.125,0.125,0.125,0.125,0.125
157,157.0,0.125,0.125,0.125,0.125,0.125,0.125,0.125,0.125
158,158.0,0.125,0.125,0.125,0.125,0.125,0.125,0.125,0.125
159,159.0,0.125,0.125,0.125,0.125,0.125,0.125,0.125,0.125
160,160.0,0.125,0.125,0.125,0.125,0.125,0.125,0.125,0.125
161,161.0,0.125,0.125,0.125,0.125,0.125,0.125,0.125,0.125
162,162.0,0.125,0.125,0.125,0.125,0.125,0.125,0.125,0.125
163,163.0,0.125,0.125,0.125,0.125,0.125,0.125,0.125,0.125
164,164.0,0.125,0.125,0.125,0.125,0.125,0.125,0.125,0.125
165,165.0,0.125,0.125,0.125,0.125,0.125,0.125,0.125,0.125
166,166.0,0.125,0.125,0.125,0.125,0.125,0.125,0.125,0.125
167,167.0,0.125,0.125,0.125,0.125,0.125,0.125,0.125,0.125
168,168.0,0.125,0.125,0.125,0.125,0.125,0.125,0.125,0.125
169,169.0,0.125,0.125,0.125,0.125,0.125,0.125,0.125,0.125
170,170.0,0.125,0.125,0.125,0.125,0.125,0.125,0.125,0.125
171,171.0,0.125,0.125,0.125,0.125,0.125,0.125,0.125,0.125
172,172.0,0.125,0.125,0.125,0.125,0.125,0.125,0.125,0.125
173,173.0,0.125,0.125,0.125,0.125,0.125,0.125,0.125,0.125
174,174.0,0.125,0.125,0.125,0.125,0.125,0.125,0.125,0.125
175,175.0,0.125,0.125,0.125,0.125,0.125,0.125,0.125,0.125
176,176.0,0.125,0.125,0.125,0.125,0.125,0.125,0.125,0.125
177,177.0,0.125,0.125,0.125,0.125,0.125,0.125,0.125,0.125
178,178.0,0.125,0.125,0.125,0.125,0.125,0.125,0.125,0.125
179,179.0,0.125,0.125,0.125,0.125,0.125,0.125,0.125,0.125
180,180.0,0.125,0.125,0.125,0.125,0.125,0.125,0.125,0.125
181,181.0,0.125,0.125,0.125,0.125,0.125,0.125,0.125,0.125
182,182.0,0.125,0.125,0.125,0.125,0.125,0.125,0.125,0.125
183,183.0,0.125,0.125,0.125,0.125,0.125,0.125,0.125,0.125
184,184.0,0.125,0.125,0.125,0.125,0.125,0.125,0.125,0.125
185,185.0,0.125,0.125,0.125,0.125,0.125,0.125,0.125,0.125
186,186.0,0.125,0.125,0.125,0.125,0.125,0.125,0.125,0.125
187,187.0,0.125,0.125,0.125,0.125,0.125,0.125,0.125,0.125
188,188.0,0.125,0.125,0.125,0.125,0.125,0.125,0.125,0.125
189,189.0,0.125,0.125,0.125,0.125,0.125,0.125,0.125,0.125
190,190.0,0.125,0.125,0.125,0.125,0.125,0.125,0.125,0.125
191,191.0,0.125,0.125,0.125,0.125,0.125,0.125,0.125,0.125
192,192.0,0.125,0.125,0.125,0.125,0.125,0.125,0.125,0.125
193,193.0,0.125,0.125,0.125,0.125,0.125,0.125,0.125,0.125
194,194.0,0.125,0.125,0.125,0.125,0.125,0.125,0.125,0.125
195,195.0,0.125,0.125,0.125,0.125,0.125,0.125,0.125,0.125
196,196.0,0.125,0.125,0.125,0.125,0.125,0.125,0.125,0.125
197,197.0,0.125,0.125,0.125,0.125,0.125,0.125,0.125,0.125
198,198.0,0.125,0.125,0.125,0.125,0.125,0.125,0.125,0.125
199,199.0,0.1248611111111111,0.1248611111111111,0.1248611111111111,0.1248611111111111,0.1248611111111111,0.1259722222222222,0.1248611111111111,0.1248611111111111
200,200.0,0.1244329467353952,0.1245360395189003,0.1244329467353952,0.1266551689576174,0.1244329467353952,0.1266440578465063,0.1244329467353952,0.1244329467353952
201,201.0,0.1238992028923253,0.1241043575315005,0.1238992028923253,0.1282103140034364,0.1248992028923253,0.1271893140034364,0.1238992028923253,0.1238992028923253
202,202.0,0.1233757749670676,0.1236810430083047,0.1233757749670676,0.1297348860781786,0.1253657749670676,0.1277151960781787,0.1233757749670676,0.1233757749670676
203,203.0,0.1235613127480206,0.1230537965727819,0.1226522218389297,0.1318000327480205,0.1255224127480206,0.1281057796663673,0.1226522218389297,0.1226522218389297
204,204.0,0.1237580618959192,0.1224434100783284,0.1219489709868283,0.1338060426959192,0.1256735408959192,0.1284720314734292,0.1219489709868283,0.1219489709868283
205,205.0,0.1237093778147482,0.121778543820024,0.1211952671159232,0.1355872543430747,0.1265000172744081,0.1288390053999754,0.1211952671159232,0.1211952671159232
206,206.0,0.1235182642819142,0.1209871880670162,0.1214317280234108,0.1371334415667675,0.1271611484603209,0.1290259856749609,0.1203206169122997,0.1204216270133098
207,207.0,0.1230860794595444,0.1199769646955078,0.1213319932366832,0.1383387766625244,0.1285529893864736,0.1300481999848903,0.1192319932366832,0.1194330033376933
208,208.0,0.122437037095601,0.1189407601369613,0.1219608078781573,0.1394331974750873,0.1297212429772729,0.1308616891079561,0.1181225771089266,0.1185226882200377
209,209.0,0.1217045969731642,0.1178451864593178,0.1225013831709527,0.1403382964460953,0.1307466320503928,0.1314409233833466,0.1169602039401835,0.1184627775765471
210,210.0,0.1213930180079026,0.1164200700441972,0.1233285025983745,0.1416370949631339,0.1312353236990046,0.131523439382979,0.1164738178082646,0.1179887334961434
211,211.0,0.1215444182298396,0.1147891259310081,0.1238883435607889,0.143305254289449,0.1314115114494837,0.1321477635391126,0.1156862843814073,0.1172272986189108
212,212.0,0.1215863991934495,0.1129091653006082,0.1243229645660016,0.1453341894958824,0.1314256128850676,0.1333185622596263,0.1147625834003636,0.116340522899001
213,213.0,0.1208358821713279,0.1122220223891555,0.125515884945024,0.1460881718929962,0.1303998083990028,0.1349798686012654,0.1138357606605546,0.1161226009406736
214,214.0,0.1199426868453341,0.1113386690272519,0.1264665860939257,0.1465101117607061,0.1291828399128081,0.1370202922427747,0.1127526371024954,0.116786177014704
215,215.0,0.1188453365644387,0.110969550025552,0.1270116998961466,0.1464985299728115,0.128737190092555,0.1392290752153099,0.1114568291107468,0.1172517891224398
216,216.0,0.1177760139777345,0.1105724886936077,0.1273787942657928,0.1463417357825929,0.1297846280142963,0.1410359445496938,0.1100893092403412,0.1170210854759409
217,217.0,0.1166731067405489,0.1101287946956903,0.1275156136478036,0.1465703841985154,0.1306553915330185,0.1424412442049132,0.1092761059506775,0.1167393590288326
218,218.0,0.115588910887034,0.1097229767351082,0.1275571343405865,0.1466569614692699,0.132026904506124,0.1435485291327246,0.1084461451067742,0.1164524378223788
219,219.0,0.1150856185258733,0.1103370981048205,0.127523675487929,0.1465307753232202,0.133269550527911,0.1445053794972068,0.107650018318993,0.1150978842140465
220,220.0,0.1143811679024386,0.1122255777706548,0.1278889065737388,0.1461270263011695,0.1342952616947655,0.1446719960807737,0.1068025848348807,0.1136074788415786
221,221.0,0.1144331116177419,0.1148240025264058,0.1288593205334569,0.1450911606834067,0.1346916268829804,0.1439873835856182,0.1059625766810123,0.1121508174893779
222,222.0,0.114951434803812,0.1173238771907727,0.1296550406238232,0.1438564222005011,0.1349140551592404,0.1430570710140065,0.1055887113753445,0.1106533876324997
223,223.0,0.1155109416687085,0.1197999187073647,0.1304134041082688,0.1426016786507312,0.1350912608236192,0.1420664407872258,0.105292254152987,0.1092241011010949
224,224.0,0.1161019187758998,0.1213964166424601,0.1319638963458744,0.1413414779762809,0.1352259940806612,0.141031430973061,0.1050684287778322,0.1078704364279304
225,225.0,0.1167153093300845,0.1229353603748576,0.1341760852532339,0.1395889678963628,0.1346068691242439,0.1404668296283921,0.1049122103189115,0.1065983680739137
226,226.0,0.1172548259931093,0.1241268961072832,0.1368646096772285,0.1377729923644109,0.133846598556413,0.1396742822127565,0.10465905960985,0.1058007354789486
227,227.0,0.1177799368449358,0.1252244020629627,0.139377161944166,0.1359755335384238,0.1330241590512474,0.1387409024138009,0.1048325733441244,0.105045330800339
228,228.0,0.1180950944009647,0.1259314764193078,0.1415828557190856,0.133922049960349,0.1320314371899262,0.1387607511142637,0.1054592392454836,0.1042170959506194
229,229.0,0.1192421819781726,0.126232079495965,0.1433955257328208,0.1324860388950825,0.1308746964325325,0.1385027550434509,0.1055050214946693,0.1037617009273066
230,230.0,0.1200834177055515,0.1276928955691798,0.1446135593385644,0.1328067210386038,0.1281963638407051,0.1379958273127466,0.1053844326412889,0.1032267825533599
231,231.0,0.1214686800385161,0.1294729055681747,0.1453559930878114,0.1328068436252223,0.1259886936121175,0.1372268026598194,0.1051036273724445,0.102576454035894
232,232.0,0.1229847807666277,0.1312654284162142,0.1456303977263012,0.1325063344594,0.1235893167621168,0.1361955455327677,0.1060375514068693,0.1017906449297029
233,233.0,0.1253157062759098,0.1329264948273266,0.1452854816358741,0.1316941707683598,0.1209164209007792,0.135761809300698,0.1072977755177458,0.1008021407733065
234,234.0,0.127412331214938,0.1343876285561717,0.1451255995235706,0.1316028588136662,0.1182227646593558,0.1350828167800485,0.1084084894133058,0.0997575110389431
235,235.0,0.1291501624092618,0.136966173819469,0.1444293052914955,0.131255029793064,0.1158570844226585,0.1341369200400652,0.1096593955814079,0.0985459286425777
236,236.0,0.1307005511843206,0.1391960632966088,0.1440892194092447,0.1313852955452097,0.1135157212344413,0.1335489198192559,0.1106501291809522,0.0969141003299665
237,237.0,0.1321201047673553,0.1411454364268534,0.143580590940906,0.1321124618919634,0.1107467081053297,0.1329253884977939,0.1115042691730466,0.0958650401967513
238,238.0,0.1333208826456444,0.1436239666221917,0.1428574196530378,0.1327228174854246,0.1080095262495265,0.1317614230140707,0.1130122670451254,0.0946916972849787
239,239.0,0.1334662598993482,0.1456502584364411,0.1419880875212169,0.1332351404033173,0.1062031281189442,0.1316805319788027,0.1143029538117366,0.0934736398301926
240,240.0,0.1335074878964139,0.1475101612722862,0.1410795057619824,0.1337511887209889,0.1045476998889801,0.1321841981070399,0.1149758503638216,0.0924439079884865
241,241.0,0.1336797940272689,0.1489089610215596,0.1405389805581466,0.1333805095437532,0.1029006880712499,0.1333978719638701,0.1157885382784378,0.0914046565357136
242,242.0,0.1324696388305352,0.1507131810793777,0.1401577386829527,0.1320231437247297,0.101964608424672,0.1357898623779034,0.1166755738046499,0.090206253075179
243,243.0,0.1309084218508326,0.1543775856145603,0.1403836665075848,0.1305365126773489,0.1008773627288194,0.1377510216640192,0.1167502552509338,0.0884151737059005
244,244.0,0.1292038535669312,0.1578619539913119,0.1404968379783293,0.1293719506058301,0.0998084368996014,0.139361387582925,0.1172693598344765,0.0866262195405941
245,245.0,0.1251988888160818,0.1615924881809285,0.1416058213649467,0.1286941230223777,0.0988196227285876,0.1406961355899475,0.1175505746152657,0.085842345681864
246,246.0,0.1211883851695385,0.1649262077262237,0.1425971872728778,0.1284409465965706,0.0975475799891898,0.1424174907674117,0.1177490693070161,0.0851331331711713
247,247.0,0.1170287444715637,0.1687181045218427,0.1433512875507819,0.1278531371414026,0.0961911384855387,0.1447930727439056,0.1177510589112695,0.0843134561736948
248,248.0,0.1129109327712612,0.1724435416077139,0.1443981936885023,0.1271217057470932,0.0948687855247878,0.1470267638172285,0.1176935490469488,0.0835365277964639
249,249.0,0.108906809647589,0.1769547887274396,0.1448663526602382,0.1267561577650247,0.092938650078542,0.1491506270633397,0.1175805607002243,0.0828460533576019
250,250.0,0.1049644676153832,0.1825608284146394,0.1455750409831648,0.1262687038744636,0.0901984399111257,0.1510305367304717,0.1172422701218284,0.0821597123489227
251,251.0,0.1010135392179615,0.1885546510249675,0.1460339605868119,0.1256839850960931,0.0874907386031012,0.1526320142233574,0.117146666613967,0.08144444463374
252,252.0,0.0972090433034181,0.1952372633121416,0.1473195585856434,0.1244972812686967,0.0848809462861313,0.1537810226007052,0.1162933854492562,0.080781499194007
253,253.0,0.0935337867348612,0.2009935919756681,0.1483894565576649,0.123617264871425,0.0829141768459323,0.1551879479228133,0.1152449171956287,0.080118857896006
254,254.0,0.0899022307108446,0.2058034860723454,0.1492000692115975,0.1224827209011085,0.0822646545539625,0.1564903491397684,0.1139764243148882,0.0798800650954845
255,255.0,0.0857585379915775,0.2099765245453378,0.1507882077961115,0.1213224115711306,0.0817526334707142,0.1580086294039203,0.1126864833268542,0.0797065718943536
256,256.0,0.0818654438248221,0.214511334455612,0.1520778904270132,0.1208731880085061,0.0813510856296689,0.1586604223697426,0.1113311586162539,0.0793294766683808
257,257.0,0.0782254801459497,0.2188563679359027,0.1532696083307034,0.1204674588667392,0.0810472422748684,0.1591701704081921,0.1099868991511776,0.0789767728864665
258,258.0,0.0747854145286418,0.2226114779687311,0.1551232621128876,0.1196834701236999,0.0807698359267005,0.1598398043744456,0.1086017219874047,0.0785850129774885
259,259.0,0.071645084736366,0.2260872965546667,0.1569554738829748,0.1189757233098453,0.0806061217330853,0.1606433898663447,0.106797572698275,0.078289337218442
260,260.0,0.0688031546133255,0.2294360827339818,0.1581130292088017,0.1183698231915035,0.0811604250249653,0.160882806002815,0.1050995664480378,0.0781351127765691
261,261.0,0.0661949537097695,0.2326093193501435,0.1595876489052735,0.1178341828362776,0.0820674467190481,0.1608619940908087,0.1028888869003704,0.0779555674883083
262,262.0,0.0638807172756907,0.2352024314520758,0.1610251885866952,0.1173675825384488,0.0830251724532676,0.1608974017496794,0.1003590791117111,0.0782424268324312
263,263.0,0.0619142821766549,0.2375747372878541,0.1622264361013866,0.1169298360277421,0.0839802085779567,0.1611170414371304,0.0978831606572438,0.0783742977340312
264,264.0,0.0603422013198182,0.2400026443820443,0.1633473080448552,0.1166192555733981,0.0844514486431155,0.1610744071287843,0.0956263227438867,0.0785364121640975
265,265.0,0.0590098752100178,0.2418791023489918,0.1643173792408243,0.1163421873831736,0.0852545050720904,0.1610348466620264,0.0934817575774326,0.0786803465054429
266,266.0,0.0579793868740363,0.2432865078955608,0.1651302320826891,0.1160427927474694,0.0865603612864522,0.1607900741159876,0.0914048032281537,0.0788058417696506
267,267.0,0.0571729507538598,0.2450313579610966,0.1653138941254111,0.1157843418194431,0.0878284153733261,0.1604840463948415,0.0894633908409569,0.0789216027310645
268,268.0,0.0565600913068083,0.2462363276291505,0.1662024320426724,0.1149698249759408,0.0895650532448763,0.1594486737283751,0.0879702719913894,0.0790473250807868
269,269.0,0.0560884606829709,0.2472102172192815,0.1666458756663229,0.1141236587496596,0.091165578292594,0.1586340678163859,0.086518625920874,0.0796135156519109
270,270.0,0.0559356980515258,0.2464927601166161,0.1673986199036911,0.1134639960058822,0.0928321379533089,0.1579335198726381,0.0853387699676697,0.0806044981286678
271,271.0,0.0557467248992107,0.2464772888847147,0.167787292522657,0.1127475216273836,0.09422131268836,0.1570236488850871,0.0844485502354431,0.0815476602571435
272,272.0,0.0560485696125643,0.246271424796976,0.1686522270431258,0.1119041411040036,0.0949782753268121,0.1548575319258364,0.0846325918759157,0.0826552383147659
273,273.0,0.0564028325673434,0.2456910681986463,0.1698289993581553,0.1110361412753267,0.0955905598795796,0.1525245214428168,0.0852209167030316,0.0837049605750999
274,274.0,0.0568671323922162,0.2449450540974799,0.170994385950224,0.1113321087612758,0.0961329143920619,0.1491083056519021,0.0859098270045555,0.0847102717502842
275,275.0,0.0573056028550396,0.2439341863358022,0.1722475579391034,0.1124421071230541,0.0964866887762777,0.1455465729889313,0.0865229211970033,0.085514362784788
276,276.0,0.0578770840193373,0.2441494355597428,0.1731250647555776,0.1136334561205888,0.0958638710267693,0.1420392939187459,0.0870015576604566,0.0863102369387814
277,277.0,0.058352575950471,0.2443043571507365,0.1738981738609815,0.1146002982966562,0.0950749607851497,0.1385585602973079,0.0874424827081865,0.0877685909505102
278,278.0,0.0587439047795476,0.2444123318971059,0.1744908861205855,0.1153664110919829,0.094915444132389,0.1352273937574766,0.0878478439367028,0.0889957842842093
279,279.0,0.0596089636784899,0.2440694445172411,0.1748482529619106,0.1161006781680268,0.0950563165080273,0.1319320504427364,0.0882274143971865,0.090156879326381
280,280.0,0.060488612612234,0.2436323891284289,0.1753632750581253,0.1168918082904695,0.0951331344665011,0.1287049056262797,0.0885925535770977,0.0911933212408636
281,281.0,0.0611983315336734,0.2431072666756524,0.1754134593839228,0.1174194198735034,0.0949441839766841,0.1263229296757834,0.0889424988094692,0.0926519100713108
282,282.0,0.0618949887221733,0.2423405491668481,0.1752575346460905,0.1178995124216639,0.0946713825888049,0.1244520653097223,0.0895333471244672,0.0939506200202294
283,283.0,0.0621552358900904,0.2415300552446509,0.1751084085669183,0.1183490073357741,0.093818736584749,0.1233209193141277,0.0901313672884159,0.0955862697752734
284,284.0,0.0623720177672008,0.2410082178383343,0.1751276154862022,0.1187102815995868,0.0928952427957164,0.1222171053988871,0.0906223395963177,0.0970471795177544
285,285.0,0.0625647746613485,0.2404290809769423,0.1753143075102229,0.119003995168671,0.0919341202167891,0.1213489557856763,0.0910578091510582,0.0983469565292914
286,286.0,0.0626994456160874,0.2394551195099697,0.1752359448395629,0.1195835413426706,0.09089248532496,0.1204842005731809,0.0913704792859654,0.1002787835076027
287,287.0,0.0627999023450877,0.238785312510909,0.1751604871595184,0.1201015248447786,0.0898412650975007,0.1196494036461038,0.091623118586428,0.1020389858096736
288,288.0,0.0628825411991353,0.2383007627523196,0.1750261632598963,0.1205727846963984,0.0887856668507711,0.1189489679419237,0.0918480979840234,0.1036350153155319
289,289.0,0.0630229960388389,0.2375249415716311,0.1749861846012992,0.1210206459828237,0.0877437680873403,0.118736504928887,0.0918976620719039,0.1050672967172754
290,290.0,0.0634937370646873,0.2366695261479301,0.1747081193424423,0.1213538728107527,0.0866638799414087,0.1189389953782061,0.0919250771737708,0.1062467921408016
291,291.0,0.0641324810556663,0.2362780958685642,0.1724411656864208,0.1218304950795568,0.0858119166950828,0.1197461227671154,0.0913879278275845,0.1083717950200088
292,292.0,0.0647570199478544,0.2361565297175527,0.1701764331105844,0.1222723866949618,0.0847706827243422,0.1206531578872247,0.090848183134797,0.1103656067826824
293,293.0,0.0652582812579614,0.2358037819926854,0.1680742644705904,0.122560109187661,0.083603481219202,0.1216323378372185,0.0902072524727487,0.1128604915619322
294,294.0,0.0658589031071775,0.2338048926814675,0.1670152618134988,0.1222457369570577,0.0828293251778333,0.1228092155793914,0.0902736076133287,0.1151630570702446
295,295.0,0.0664057556926147,0.2320244668599928,0.1661500181126989,0.1217975088184027,0.0820587388878852,0.1235120687024811,0.0904558662006447,0.1175955767252794
296,296.0,0.0668396479866503,0.2307599903477659,0.1656458071279696,0.1211734710522405,0.0812156019850694,0.1240772008371434,0.090566200671136,0.1197220799920243
297,297.0,0.0667749500642208,0.231023760647089,0.1653293898982795,0.1203008620062765,0.0799388961724671,0.1249049474585096,0.0909714146949512,0.1207557790582058
298,298.0,0.0666586706160468,0.230575512353257,0.1654139975112092,0.1193523198296173,0.0794267464215445,0.1261304305596711,0.0909017787226904,0.1215405439859632
299,299.0,0.066426893586033,0.2309692865055901,0.165728439153872,0.1183174899034912,0.0788282288035849,0.1270208942538769,0.0907766244511066,0.1219321433424448
300,300.0,0.0671463878946484,0.231242722753779,0.1665841823007517,0.117249332604307,0.0778550148538159,0.1281445831935222,0.0910548917010302,0.1207228846981451
301,301.0,0.0677761493421507,0.2317378907322477,0.1676602268775341,0.1161407125871015,0.0767628170368987,0.129377702047841,0.0912343939046384,0.1193101074715874
302,302.0,0.0683351076863239,0.2322891383353386,0.1684163481158515,0.1153555287252675,0.0756940388726135,0.130478986474521,0.0917001740320199,0.1177306777580635
303,303.0,0.068836490809839,0.2326971980713359,0.1689987622909263,0.1148921101415086,0.0746814696770153,0.131730938933626,0.0922012068171354,0.1159618232586131
304,304.0,0.0690609165851702,0.2328327104041833,0.1705106321891979,0.1141906051086741,0.0740992166700808,0.1328601522386561,0.0925283635930988,0.1139174032109383
305,305.0,0.0692414944325648,0.2333806121282774,0.1721633890968464,0.1134888392294951,0.0735341566265072,0.1338162978970504,0.0928211039559504,0.1115541066333079
306,306.0,0.0693197663466529,0.233748511684461,0.1732559375198671,0.1132381619696439,0.0730346740766522,0.13542340237993,0.0927929778361016,0.1091865681866909
307,307.0,0.0693881288889665,0.2340969407501736,0.1742705436418694,0.1126157069942279,0.0726421363036903,0.1369769469463899,0.0932809283717139,0.1067286681029682
308,308.0,0.0693865896543286,0.2346463578553295,0.1752594098109075,0.1120222581846826,0.0722573490828422,0.1384156873405798,0.0935571065787537,0.1044552414925759
309,309.0,0.069839821264109,0.2319994045008152,0.176906348133969,0.1124454723901,0.0725858881543966,0.1399588343675428,0.0935502750622615,0.1027139561268057
310,310.0,0.070310928725568,0.2292279067805875,0.1785898140492881,0.1128462327382349,0.0733625827466087,0.1412221281057732,0.0934140121616998,0.1010263946922394
311,311.0,0.0707545312771694,0.226501290593623,0.180199742133371,0.1132768964852109,0.0741837177345269,0.1423915274502328,0.0932643665427275,0.0994279277831384
312,312.0,0.0711522767177161,0.2241670751492929,0.1817107202218335,0.1137134999870074,0.0754380870040635,0.1428218707039971,0.0930875062667085,0.0979089639493807
313,313.0,0.0715186847789067,0.2216487379591092,0.1839844502157047,0.1132685237877388,0.0780540269603041,0.1429863612732861,0.0920293691089903,0.0965098459159597
314,314.0,0.0720931372773249,0.2192349380991878,0.1867488676692791,0.1126544108541222,0.0803498950837333,0.1430707494205774,0.090829178295269,0.095018823300506
315,315.0,0.0725370571140619,0.217403063593784,0.1899786160474431,0.112010239981244,0.0822875263872308,0.1429425804883655,0.0894781199898372,0.0933627963980332
316,316.0,0.072874736638214,0.2154380933644373,0.193980390285936,0.1113216796527092,0.0843990824650099,0.1421860086612899,0.088082701949073,0.0917173069833306
317,317.0,0.0726327735662355,0.2141367022456379,0.198065754098385,0.1105652694197575,0.0858365633215467,0.1416394234370477,0.0866446452713351,0.0904788686400545
318,318.0,0.0723083464916575,0.2126495392716954,0.2024746802844345,0.109756324039012,0.0870596034887066,0.1412622290451871,0.0848777352383236,0.0896115421409831
319,319.0,0.0719272572288636,0.2114598583599289,0.2067355463467036,0.1089308899501674,0.0881258517510303,0.1408845274407462,0.0831458645160321,0.0887902044065278
320,320.0,0.0715126584907508,0.2097826620069079,0.210666622944674,0.1081113259069297,0.0894130639004771,0.1410058663629793,0.0814769128423983,0.0880308875448827
321,321.0,0.0710648237109942,0.2081416464695016,0.215059760616234,0.1073151197571108,0.0899115251410658,0.1412839055395993,0.0798683363420677,0.0873548824234264
322,322.0,0.0708940722979783,0.2068577132943972,0.2194542676814575,0.1065306383893577,0.0902552225522118,0.1416358806397518,0.0776466835643771,0.0867255215804684
323,323.0,0.070633789263831,0.205811196035077,0.2239145752756796,0.1057070022366034,0.0903738594244394,0.1420303240533354,0.0754583568225286,0.0860708968885055
324,324.0,0.0702869389271073,0.2049910810429073,0.2284511555010792,0.1048449296291899,0.090279518832964,0.1421015523165706,0.0736594348382995,0.0853853889118819
325,325.0,0.0698746979266584,0.2044585053917441,0.2322010715447442,0.1039652308537818,0.0900127886885643,0.1423473274319206,0.0719284212072308,0.0852119569553555
326,326.0,0.0694233936631754,0.204056153809404,0.2359265431732448,0.1030845339739153,0.089643138829933,0.1425505977727273,0.0702833205203766,0.0850323182572234
327,327.0,0.0691864583050806,0.203604896309808,0.2391208168719056,0.1022092231200761,0.0891828957524775,0.1426428648858894,0.0687308506835895,0.0853219940711731
328,328.0,0.0683001712426573,0.2033858630328962,0.2416130532581927,0.1019372348579373,0.0889711986975757,0.1421786144436431,0.0675716291367674,0.0860422353303302
329,329.0,0.0674268208928943,0.2032592454484463,0.2437704833394993,0.1017200847821557,0.0887245788658462,0.141680627832999,0.0665376734227588,0.0868804854154003
330,330.0,0.0665423547677014,0.2032535978346804,0.2458942301099445,0.1015089545357802,0.0884223113305986,0.1410986238870645,0.0656000213273667,0.0876799062068635
331,331.0,0.0655508729226474,0.2037285618193803,0.2475078811920137,0.1010902657188856,0.0876171009933736,0.1408814276068286,0.0643109204763505,0.08931296927052
332,332.0,0.0646823457363464,0.2038896094397419,0.249387894302361,0.1007549181833175,0.0869264877279403,0.141574988698034,0.0619102346330328,0.0908735212792259
333,333.0,0.0637666704290835,0.2036588224656423,0.2509695809039665,0.1002907199886089,0.0861499615579632,0.1421514885472793,0.0599179116240155,0.0930948444834406
334,334.0,0.0634171264118634,0.2033286286563721,0.251581346521699,0.0998821614681836,0.0853957888546979,0.1432991497747218,0.0580555045230924,0.0950402937893697
335,335.0,0.0630666898856827,0.2030228430050065,0.2518069963400489,0.0994426440455589,0.0845814464006321,0.144485833902027,0.0562870980716505,0.0973064483493931
336,336.0,0.0626632549103991,0.2021623263774369,0.2521791622769997,0.0990240188775306,0.0837584761205296,0.1469541152030121,0.0546293822825329,0.0986292639515588
337,337.0,0.0621505138983124,0.2019719166093792,0.2524944025253533,0.0982402626987978,0.0828037979691654,0.1496994986833806,0.0529883008414248,0.0996513067741861
338,338.0,0.0618884443201626,0.2015764477551526,0.252398354935563,0.0973483404800465,0.0817846070125533,0.1518655263735561,0.0514688849632331,0.1016693941597326
339,339.0,0.061115749378724,0.2011721662844325,0.2521423287554087,0.096402305954633,0.0812543741797304,0.1544069254904634,0.0500511904139697,0.103454959542638
340,340.0,0.0603535832095965,0.2011585216282179,0.2517029066735124,0.0954465492702213,0.0811625862316619,0.1567913950496481,0.0487522940410697,0.1046321638960719
341,341.0,0.0595739865631537,0.2009827228458102,0.250307214712153,0.0946267899462874,0.0814214504748371,0.1594817448546058,0.0475385682713353,0.1060675223318172
342,342.0,0.0587456320002571,0.2006300679591332,0.2488073650874673,0.0941139732682884,0.0815146585937896,0.1623139967273738,0.0463729832990295,0.1075013230646607
343,343.0,0.0579003804489145,0.2000805523470021,0.247404207365937,0.0935621399354579,0.0814731938520106,0.1653170506855069,0.0452808143118208,0.1089816610533499
344,344.0,0.0570358179715878,0.199982906842833,0.2463474083364158,0.0929011507591141,0.0813004155381511,0.1687011872432392,0.0439600828183182,0.1097710304903404
345,345.0,0.0561807938907238,0.2003750144389371,0.2451991280425952,0.0922283808212677,0.0811103017642229,0.1718228102824277,0.0427355532418832,0.110348017517942
346,346.0,0.0553575001292079,0.2011414265862786,0.2434138407291572,0.0917310189474647,0.0809136829500843,0.175090728520889,0.0416169239929863,0.1107348781439318
347,347.0,0.0545823281885693,0.2017221438379648,0.2420483710260337,0.0917079593783264,0.0806662717683277,0.1779874401012537,0.0406101728364159,0.1106753128631084
348,348.0,0.0535837028678392,0.2023309329546715,0.2408872845879203,0.0917362554393234,0.0804377235238823,0.1807950458261858,0.0397303566924094,0.1104986981077678
349,349.0,0.0526554245891459,0.2020455306117472,0.2401862386740123,0.0917763609236026,0.0802019783855359,0.183856129166936,0.0389702217686901,0.1103081158803298
350,350.0,0.0521913507383473,0.2018461770659456,0.2397082995516997,0.0918933163193176,0.0799959797106871,0.186386457687335,0.0382877134624248,0.1096907054642425
351,351.0,0.0517548268565089,0.20159794310864,0.2395479878750845,0.0919764060639654,0.0797229899886411,0.1887633234282412,0.0376963182128198,0.1089402044660988
352,352.0,0.0513615754294314,0.2012253642701507,0.2392258569880292,0.0920705240115892,0.0794464714928136,0.191241980192755,0.0371953017491888,0.1082329258660416
353,353.0,0.0513876205125059,0.2004744432814751,0.2390473943513508,0.0921220933464295,0.0794890759189612,0.1933637984211675,0.0367601303083131,0.1073554438597965
354,354.0,0.0514411322596768,0.1996772248878899,0.239102695977762,0.0922219741506602,0.0794873906185342,0.1952228323570441,0.0364066184277122,0.1064401313207203
355,355.0,0.0515175094374909,0.1988439134006981,0.2387064124783862,0.0923024148062706,0.0797767971374038,0.1968248259458355,0.0361293030113947,0.1058988237825198
356,356.0,0.0518771917318769,0.197809567419118,0.238688370156086,0.0923422427013185,0.0799382765278538,0.1981650217749199,0.0359021061851036,0.1052772235037231
357,357.0,0.0523135757488317,0.1967593342773422,0.2385576634635872,0.0923616038983192,0.0803592451766235,0.1992651402390577,0.0357398394821171,0.1046435977141211
358,358.0,0.0528124146495984,0.1958088098179117,0.2376814820696068,0.0920225196474652,0.0812352221296279,0.2003403776768722,0.0356657900489449,0.1044333839599726
359,359.0,0.053277079298898,0.1947058923910107,0.2370510161557312,0.0916395520868572,0.0822618537292353,0.201176630404446,0.0356332346141959,0.1042547413196254
360,360.0,0.0537451900363494,0.1936471411365739,0.2365509561111176,0.0912522616380718,0.0832687509441209,0.2018032810336403,0.035653848247653,0.1040785708524727
361,361.0,0.054225740049857,0.1927966596690083,0.2361250615724178,0.0908706452353625,0.0842770888761638,0.202311000280444,0.0357289747128185,0.1036648296039279
362,362.0,0.0547035464060832,0.1920060196861677,0.2357193719903162,0.0908079259924527,0.0849488732788527,0.2026439183539493,0.0358477037409448,0.1033226405512333
363,363.0,0.0551928295118755,0.1913063407633594,0.2346262127636919,0.0907608735856852,0.0858611342118251,0.2030280328957645,0.0360322290361961,0.1031923472316021
364,364.0,0.0556345948923249,0.1907729881674119,0.2337441437868183,0.0906919620548911,0.0866116589086432,0.2032609231252998,0.0362363654161014,0.1030473636485092
365,365.0,0.0560498582721368,0.1905420017271729,0.2327980849411091,0.0906097153540181,0.0872636442240119,0.2033621519459044,0.0364628797828125,0.102911663752834
366,366.0,0.0564514029318626,0.1903711689771882,0.231903895801905,0.0905448608956543,0.0878704242429226,0.203351016067408,0.0367144120511248,0.1027928190319342
367,367.0,0.0568314649692126,0.1901486559942117,0.2310627711260971,0.0904937478362819,0.0884202110394301,0.203392473149535,0.0369833849443444,0.1026672909408869
368,368.0,0.0571982885282796,0.1899865624358674,0.2303964604221191,0.0904736819359542,0.0889250667613201,0.2031892424658414,0.0372703129221627,0.1025603845284552
369,369.0,0.0575394816274355,0.189865395904477,0.2301121664351413,0.0904516163561728,0.0891016343841249,0.2028979149992703,0.0375655073994089,0.1024662828939689
370,370.0,0.058049430958724,0.1899798906329871,0.2300745518379822,0.0916803451184801,0.0895825630840153,0.2011087813540556,0.0380580456651278,0.1014663913486275
371,371.0,0.0585927977268141,0.1905011163604476,0.2301484413175566,0.0929687608381123,0.0900689461684314,0.1985745099831133,0.0386123844377403,0.100533043167784
372,372.0,0.0594185524414973,0.1906825409359164,0.2303919723511586,0.0941009829733684,0.0905639293296582,0.1960342606615505,0.039170486498044,0.0996372748088063
373,373.0,0.0605908272965277,0.1913795563044621,0.228624715696778,0.0954592683967843,0.0915718613185269,0.1936362066397157,0.0399167881295262,0.0988207762176787
374,374.0,0.0616374938223855,0.1919710896292108,0.2269250603101618,0.0967257779473403,0.0930002777066117,0.1912127795183471,0.040603433853113,0.0979240872128295
