,Unnamed: 0,Total_iterations,Intertwine_two,Invert_path_vertices,Insert_inside_vertex,Delete_inside_vertex,Replace_inside_vertex,Donate_between_routes,Trim_one_terminal_cb,Grow_one_terminal_cb
0,0.0,0.0,0.125,0.125,0.125,0.125,0.125,0.125,0.125,0.125
1,1.0,1.0,0.125,0.125,0.125,0.125,0.125,0.125,0.125,0.125
2,2.0,2.0,0.125,0.125,0.125,0.125,0.125,0.125,0.125,0.125
3,3.0,3.0,0.125,0.125,0.125,0.125,0.125,0.125,0.125,0.125
4,4.0,4.0,0.125,0.125,0.125,0.125,0.125,0.125,0.125,0.125
5,5.0,5.0,0.125,0.125,0.125,0.125,0.125,0.125,0.125,0.125
6,6.0,6.0,0.125,0.125,0.125,0.125,0.125,0.125,0.125,0.125
7,7.0,7.0,0.125,0.125,0.125,0.125,0.125,0.125,0.125,0.125
8,8.0,8.0,0.125,0.125,0.125,0.125,0.125,0.125,0.125,0.125
9,9.0,9.0,0.125,0.125,0.125,0.125,0.125,0.125,0.125,0.125
10,10.0,10.0,0.125,0.125,0.125,0.125,0.125,0.125,0.125,0.125
11,11.0,11.0,0.125,0.125,0.125,0.125,0.125,0.125,0.125,0.125
12,12.0,12.0,0.125,0.125,0.125,0.125,0.125,0.125,0.125,0.125
13,13.0,13.0,0.125,0.125,0.125,0.125,0.125,0.125,0.125,0.125
14,14.0,14.0,0.125,0.125,0.125,0.125,0.125,0.125,0.125,0.125
15,15.0,15.0,0.125,0.125,0.125,0.125,0.125,0.125,0.125,0.125
16,16.0,16.0,0.125,0.125,0.125,0.125,0.125,0.125,0.125,0.125
17,17.0,17.0,0.125,0.125,0.125,0.125,0.125,0.125,0.125,0.125
18,18.0,18.0,0.125,0.125,0.125,0.125,0.125,0.125,0.125,0.125
19,19.0,19.0,0.125,0.125,0.125,0.125,0.125,0.125,0.125,0.125
20,20.0,20.0,0.125,0.125,0.125,0.125,0.125,0.125,0.125,0.125
21,21.0,21.0,0.125,0.125,0.125,0.125,0.125,0.125,0.125,0.125
22,22.0,22.0,0.125,0.125,0.125,0.125,0.125,0.125,0.125,0.125
23,23.0,23.0,0.125,0.125,0.125,0.125,0.125,0.125,0.125,0.125
24,24.0,24.0,0.125,0.125,0.125,0.125,0.125,0.125,0.125,0.125
25,25.0,25.0,0.125,0.125,0.125,0.125,0.125,0.125,0.125,0.125
26,26.0,26.0,0.125,0.125,0.125,0.125,0.125,0.125,0.125,0.125
27,27.0,27.0,0.125,0.125,0.125,0.125,0.125,0.125,0.125,0.125
28,28.0,28.0,0.125,0.125,0.125,0.125,0.125,0.125,0.125,0.125
29,29.0,29.0,0.125,0.125,0.125,0.125,0.125,0.125,0.125,0.125
30,30.0,30.0,0.125,0.125,0.125,0.125,0.125,0.125,0.125,0.125
31,31.0,31.0,0.125,0.125,0.125,0.125,0.125,0.125,0.125,0.125
32,32.0,32.0,0.125,0.125,0.125,0.125,0.125,0.125,0.125,0.125
33,33.0,33.0,0.125,0.125,0.125,0.125,0.125,0.125,0.125,0.125
34,34.0,34.0,0.125,0.125,0.125,0.125,0.125,0.125,0.125,0.125
35,35.0,35.0,0.125,0.125,0.125,0.125,0.125,0.125,0.125,0.125
36,36.0,36.0,0.125,0.125,0.125,0.125,0.125,0.125,0.125,0.125
37,37.0,37.0,0.125,0.125,0.125,0.125,0.125,0.125,0.125,0.125
38,38.0,38.0,0.125,0.125,0.125,0.125,0.125,0.125,0.125,0.125
39,39.0,39.0,0.125,0.125,0.125,0.125,0.125,0.125,0.125,0.125
40,40.0,40.0,0.125,0.125,0.125,0.125,0.125,0.125,0.125,0.125
41,41.0,41.0,0.125,0.125,0.125,0.125,0.125,0.125,0.125,0.125
42,42.0,42.0,0.125,0.125,0.125,0.125,0.125,0.125,0.125,0.125
43,43.0,43.0,0.125,0.125,0.125,0.125,0.125,0.125,0.125,0.125
44,44.0,44.0,0.125,0.125,0.125,0.125,0.125,0.125,0.125,0.125
45,45.0,45.0,0.125,0.125,0.125,0.125,0.125,0.125,0.125,0.125
46,46.0,46.0,0.125,0.125,0.125,0.125,0.125,0.125,0.125,0.125
47,47.0,47.0,0.125,0.125,0.125,0.125,0.125,0.125,0.125,0.125
48,48.0,48.0,0.125,0.125,0.125,0.125,0.125,0.125,0.125,0.125
49,49.0,49.0,0.125,0.125,0.125,0.125,0.125,0.125,0.125,0.125
50,50.0,50.0,0.125,0.125,0.125,0.125,0.125,0.125,0.125,0.125
51,51.0,51.0,0.125,0.125,0.125,0.125,0.125,0.125,0.125,0.125
52,52.0,52.0,0.125,0.125,0.125,0.125,0.125,0.125,0.125,0.125
53,53.0,53.0,0.125,0.125,0.125,0.125,0.125,0.125,0.125,0.125
54,54.0,54.0,0.125,0.125,0.125,0.125,0.125,0.125,0.125,0.125
55,55.0,55.0,0.125,0.125,0.125,0.125,0.125,0.125,0.125,0.125
56,56.0,56.0,0.125,0.125,0.125,0.125,0.125,0.125,0.125,0.125
57,57.0,57.0,0.125,0.125,0.125,0.125,0.125,0.125,0.125,0.125
58,58.0,58.0,0.125,0.125,0.125,0.125,0.125,0.125,0.125,0.125
59,59.0,59.0,0.125,0.125,0.125,0.125,0.125,0.125,0.125,0.125
60,60.0,60.0,0.125,0.125,0.125,0.125,0.125,0.125,0.125,0.125
61,61.0,61.0,0.125,0.125,0.125,0.125,0.125,0.125,0.125,0.125
62,62.0,62.0,0.125,0.125,0.125,0.125,0.125,0.125,0.125,0.125
63,63.0,63.0,0.125,0.125,0.125,0.125,0.125,0.125,0.125,0.125
64,64.0,64.0,0.125,0.125,0.125,0.125,0.125,0.125,0.125,0.125
65,65.0,65.0,0.125,0.125,0.125,0.125,0.125,0.125,0.125,0.125
66,66.0,66.0,0.125,0.125,0.125,0.125,0.125,0.125,0.125,0.125
67,67.0,67.0,0.125,0.125,0.125,0.125,0.125,0.125,0.125,0.125
68,68.0,68.0,0.125,0.125,0.125,0.125,0.125,0.125,0.125,0.125
69,69.0,69.0,0.125,0.125,0.125,0.125,0.125,0.125,0.125,0.125
70,70.0,70.0,0.125,0.125,0.125,0.125,0.125,0.125,0.125,0.125
71,71.0,71.0,0.125,0.125,0.125,0.125,0.125,0.125,0.125,0.125
72,72.0,72.0,0.125,0.125,0.125,0.125,0.125,0.125,0.125,0.125
73,73.0,73.0,0.125,0.125,0.125,0.125,0.125,0.125,0.125,0.125
74,74.0,74.0,0.125,0.125,0.125,0.125,0.125,0.125,0.125,0.125
75,75.0,75.0,0.125,0.125,0.125,0.125,0.125,0.125,0.125,0.125
76,76.0,76.1,0.125,0.125,0.125,0.125,0.125,0.125,0.125,0.125
77,77.0,77.1,0.125,0.125,0.125,0.125,0.125,0.125,0.125,0.125
78,78.0,78.1,0.125,0.125,0.125,0.125,0.125,0.125,0.125,0.125
79,79.0,79.1,0.125,0.125,0.125,0.125,0.125,0.125,0.125,0.125
80,80.0,80.1,0.125,0.125,0.125,0.125,0.125,0.125,0.125,0.125
81,81.0,81.1,0.125,0.125,0.125,0.125,0.125,0.125,0.125,0.125
82,82.0,82.1,0.125,0.125,0.125,0.125,0.125,0.125,0.125,0.125
83,83.0,83.1,0.125,0.125,0.125,0.125,0.125,0.125,0.125,0.125
84,84.0,84.1,0.125,0.125,0.125,0.125,0.125,0.125,0.125,0.125
85,85.0,85.1,0.125,0.125,0.125,0.125,0.125,0.125,0.125,0.125
86,86.0,86.1,0.125,0.125,0.125,0.125,0.125,0.125,0.125,0.125
87,87.0,87.1,0.125,0.125,0.125,0.125,0.125,0.125,0.125,0.125
88,88.0,88.1,0.125,0.125,0.125,0.125,0.125,0.125,0.125,0.125
89,89.0,89.1,0.125,0.125,0.125,0.125,0.125,0.125,0.125,0.125
90,90.0,90.1,0.125,0.125,0.125,0.125,0.125,0.125,0.125,0.125
91,91.0,91.1,0.125,0.125,0.125,0.125,0.125,0.125,0.125,0.125
92,92.0,92.1,0.125,0.125,0.125,0.125,0.125,0.125,0.125,0.125
93,93.0,93.1,0.125,0.125,0.125,0.125,0.125,0.125,0.125,0.125
94,94.0,94.1,0.125,0.125,0.125,0.125,0.125,0.125,0.125,0.125
95,95.0,95.1,0.125,0.125,0.125,0.125,0.125,0.125,0.125,0.125
96,96.0,96.1,0.125,0.125,0.125,0.125,0.125,0.125,0.125,0.125
97,97.0,97.1,0.125,0.125,0.125,0.125,0.125,0.125,0.125,0.125
98,98.0,98.1,0.125,0.125,0.125,0.125,0.125,0.125,0.125,0.125
99,99.0,99.1,0.125,0.125,0.125,0.125,0.125,0.125,0.125,0.125
100,100.0,100.1,0.125,0.125,0.125,0.125,0.125,0.125,0.125,0.125
101,101.0,101.1,0.125,0.125,0.125,0.125,0.125,0.125,0.125,0.125
102,102.0,102.1,0.125,0.125,0.125,0.125,0.125,0.125,0.125,0.125
103,103.0,103.1,0.125,0.125,0.125,0.125,0.125,0.125,0.125,0.125
104,104.0,104.1,0.125,0.125,0.125,0.125,0.125,0.125,0.125,0.125
105,105.0,105.1,0.125,0.125,0.125,0.125,0.125,0.125,0.125,0.125
106,106.0,106.1,0.125,0.125,0.125,0.125,0.125,0.125,0.125,0.125
107,107.0,107.1,0.125,0.125,0.125,0.125,0.125,0.125,0.125,0.125
108,108.0,108.1,0.125,0.125,0.125,0.125,0.125,0.125,0.125,0.125
109,109.0,109.1,0.125,0.125,0.125,0.125,0.125,0.125,0.125,0.125
110,110.0,110.1,0.125,0.125,0.125,0.125,0.125,0.125,0.125,0.125
111,111.0,111.1,0.125,0.125,0.125,0.125,0.125,0.125,0.125,0.125
112,112.0,112.1,0.125,0.125,0.125,0.125,0.125,0.125,0.125,0.125
113,113.0,113.1,0.125,0.125,0.125,0.125,0.125,0.125,0.125,0.125
114,114.0,114.1,0.125,0.125,0.125,0.125,0.125,0.125,0.125,0.125
115,115.0,115.1,0.125,0.125,0.125,0.125,0.125,0.125,0.125,0.125
116,116.0,116.1,0.125,0.125,0.125,0.125,0.125,0.125,0.125,0.125
117,117.0,117.1,0.125,0.125,0.125,0.125,0.125,0.125,0.125,0.125
118,118.0,118.1,0.125,0.125,0.125,0.125,0.125,0.125,0.125,0.125
119,119.0,119.1,0.125,0.125,0.125,0.125,0.125,0.125,0.125,0.125
120,120.0,120.1,0.125,0.125,0.125,0.125,0.125,0.125,0.125,0.125
121,121.0,121.1,0.125,0.125,0.125,0.125,0.125,0.125,0.125,0.125
122,122.0,122.1,0.125,0.125,0.125,0.125,0.125,0.125,0.125,0.125
123,123.0,123.1,0.125,0.125,0.125,0.125,0.125,0.125,0.125,0.125
124,124.0,124.1,0.125,0.125,0.125,0.125,0.125,0.125,0.125,0.125
125,125.0,125.1,0.125,0.125,0.125,0.125,0.125,0.125,0.125,0.125
126,126.0,126.1,0.125,0.125,0.125,0.125,0.125,0.125,0.125,0.125
127,127.0,127.1,0.125,0.125,0.125,0.125,0.125,0.125,0.125,0.125
128,128.0,128.1,0.125,0.125,0.125,0.125,0.125,0.125,0.125,0.125
129,129.0,129.1,0.125,0.125,0.125,0.125,0.125,0.125,0.125,0.125
130,130.0,130.1,0.125,0.125,0.125,0.125,0.125,0.125,0.125,0.125
131,131.0,131.1,0.125,0.125,0.125,0.125,0.125,0.125,0.125,0.125
132,132.0,132.1,0.125,0.125,0.125,0.125,0.125,0.125,0.125,0.125
133,133.0,133.1,0.125,0.125,0.125,0.125,0.125,0.125,0.125,0.125
134,134.0,134.1,0.125,0.125,0.125,0.125,0.125,0.125,0.125,0.125
135,135.0,135.1,0.125,0.125,0.125,0.125,0.125,0.125,0.125,0.125
136,136.0,136.1,0.125,0.125,0.125,0.125,0.125,0.125,0.125,0.125
137,137.0,137.1,0.125,0.125,0.125,0.125,0.125,0.125,0.125,0.125
138,138.0,138.1,0.125,0.125,0.125,0.125,0.125,0.125,0.125,0.125
139,139.0,139.1,0.125,0.125,0.125,0.125,0.125,0.125,0.125,0.125
140,140.0,140.1,0.125,0.125,0.125,0.125,0.125,0.125,0.125,0.125
141,141.0,141.1,0.125,0.125,0.125,0.125,0.125,0.125,0.125,0.125
142,142.0,142.1,0.125,0.125,0.125,0.125,0.125,0.125,0.125,0.125
143,143.0,143.1,0.125,0.125,0.125,0.125,0.125,0.125,0.125,0.125
144,144.0,144.1,0.125,0.125,0.125,0.125,0.125,0.125,0.125,0.125
145,145.0,145.1,0.125,0.125,0.125,0.125,0.125,0.125,0.125,0.125
146,146.0,146.1,0.125,0.125,0.125,0.125,0.125,0.125,0.125,0.125
147,147.0,147.1,0.125,0.125,0.125,0.125,0.125,0.125,0.125,0.125
148,148.0,148.2,0.125,0.125,0.125,0.125,0.125,0.125,0.125,0.125
149,149.0,149.2,0.125,0.125,0.125,0.125,0.125,0.125,0.125,0.125
150,150.0,150.2,0.125,0.125,0.125,0.125,0.125,0.125,0.125,0.125
151,151.0,151.2,0.125,0.125,0.125,0.125,0.125,0.125,0.125,0.125
152,152.0,152.2,0.125,0.125,0.125,0.125,0.125,0.125,0.125,0.125
153,153.0,153.2,0.125,0.125,0.125,0.125,0.125,0.125,0.125,0.125
154,154.0,154.2,0.125,0.125,0.125,0.125,0.125,0.125,0.125,0.125
155,155.0,155.2,0.125,0.125,0.125,0.125,0.125,0.125,0.125,0.125
156,156.0,156.2,0.125,0.125,0.125,0.125,0.125,0.125,0.125,0.125
157,157.0,157.2,0.125,0.125,0.125,0.125,0.125,0.125,0.125,0.125
158,158.0,158.2,0.125,0.125,0.125,0.125,0.125,0.125,0.125,0.125
159,159.0,159.2,0.125,0.125,0.125,0.125,0.125,0.125,0.125,0.125
160,160.0,160.2,0.125,0.125,0.125,0.125,0.125,0.125,0.125,0.125
161,161.0,161.2,0.125,0.125,0.125,0.125,0.125,0.125,0.125,0.125
162,162.0,162.2,0.125,0.125,0.125,0.125,0.125,0.125,0.125,0.125
163,163.0,163.2,0.125,0.125,0.125,0.125,0.125,0.125,0.125,0.125
164,164.0,164.2,0.125,0.125,0.125,0.125,0.125,0.125,0.125,0.125
165,165.0,165.2,0.125,0.125,0.125,0.125,0.125,0.125,0.125,0.125
166,166.0,166.2,0.125,0.125,0.125,0.125,0.125,0.125,0.125,0.125
167,167.0,167.2,0.125,0.125,0.125,0.125,0.125,0.125,0.125,0.125
168,168.0,168.2,0.125,0.125,0.125,0.125,0.125,0.125,0.125,0.125
169,169.0,169.2,0.125,0.125,0.125,0.125,0.125,0.125,0.125,0.125
170,170.0,170.2,0.125,0.125,0.125,0.125,0.125,0.125,0.125,0.125
171,171.0,171.2,0.125,0.125,0.125,0.125,0.125,0.125,0.125,0.125
172,172.0,172.2,0.125,0.125,0.125,0.125,0.125,0.125,0.125,0.125
173,173.0,173.2,0.125,0.125,0.125,0.125,0.125,0.125,0.125,0.125
174,174.0,174.2,0.125,0.125,0.125,0.125,0.125,0.125,0.125,0.125
175,175.0,175.2,0.125,0.125,0.125,0.125,0.125,0.125,0.125,0.125
176,176.0,176.2,0.125,0.125,0.125,0.125,0.125,0.125,0.125,0.125
177,177.0,177.2,0.125,0.125,0.125,0.125,0.125,0.125,0.125,0.125
178,178.0,178.2,0.125,0.125,0.125,0.125,0.125,0.125,0.125,0.125
179,179.0,179.2,0.125,0.125,0.125,0.125,0.125,0.125,0.125,0.125
180,180.0,180.2,0.125,0.125,0.125,0.125,0.125,0.125,0.125,0.125
181,181.0,181.2,0.125,0.125,0.125,0.125,0.125,0.125,0.125,0.125
182,182.0,182.2,0.125,0.125,0.125,0.125,0.125,0.125,0.125,0.125
183,183.0,183.2,0.125,0.125,0.125,0.125,0.125,0.125,0.125,0.125
184,184.0,184.2,0.125,0.125,0.125,0.125,0.125,0.125,0.125,0.125
185,185.0,185.2,0.125,0.125,0.125,0.125,0.125,0.125,0.125,0.125
186,186.0,186.2,0.125,0.125,0.125,0.125,0.125,0.125,0.125,0.125
187,187.0,187.2,0.125,0.125,0.125,0.125,0.125,0.125,0.125,0.125
188,188.0,188.2,0.125,0.125,0.125,0.125,0.125,0.125,0.125,0.125
189,189.0,189.2,0.125,0.125,0.125,0.125,0.125,0.125,0.125,0.125
190,190.0,190.2,0.125,0.125,0.125,0.125,0.125,0.125,0.125,0.125
191,191.0,191.2,0.125,0.125,0.125,0.125,0.125,0.125,0.125,0.125
192,192.0,192.2,0.125,0.125,0.125,0.125,0.125,0.125,0.125,0.125
193,193.0,193.2,0.125,0.125,0.125,0.125,0.125,0.125,0.125,0.125
194,194.0,194.2,0.125,0.125,0.125,0.125,0.125,0.125,0.125,0.125
195,195.0,195.2,0.125,0.125,0.125,0.125,0.125,0.125,0.125,0.125
196,196.0,196.2,0.125,0.125,0.125,0.125,0.125,0.125,0.125,0.125
197,197.0,197.3,0.125,0.125,0.125,0.125,0.125,0.125,0.125,0.125
198,198.0,198.3,0.11684782608695651,0.11684782608695651,0.11684782608695651,0.11684782608695651,0.11684782608695651,0.11684782608695651,0.18206521739130435,0.11684782608695651
199,199.0,199.3,0.11268115942028985,0.11268115942028985,0.12101449275362317,0.12934782608695652,0.11268115942028985,0.11268115942028985,0.186231884057971,0.11268115942028985
200,200.0,200.3,0.10727854142802593,0.10727854142802593,0.11190817105765556,0.12764891179839633,0.10357483772432223,0.1046057655593738,0.23413039327987778,0.10357483772432223
201,201.0,201.3,0.10481740996689448,0.10481740996689448,0.10893828908777362,0.13488456503404955,0.1012459813954659,0.10227690923051747,0.23408114623063075,0.10893828908777362
202,202.0,202.3,0.10715230112937187,0.103306147283218,0.10755017911345673,0.14213903852990234,0.09985787142114903,0.10088879925620058,0.23155548415324456,0.10755017911345673
203,203.0,203.3,0.10601332516280967,0.10216717131665583,0.1065261456756302,0.14046553961502412,0.1065261456756302,0.09986476581837404,0.22857742772691222,0.10985947900896353
204,204.0,204.3,0.10504069564179305,0.1011945417956392,0.10566104303633399,0.1371126559395598,0.10566104303633399,0.09899966317907785,0.23744350788331497,0.10888684948794689
205,205.0,205.3,0.10419805709754162,0.10347690325138777,0.10491921094369545,0.14193844171292622,0.10491921094369545,0.09825783108643932,0.2342461340206185,0.10804421094369546
206,206.0,206.3,0.10261977426925879,0.10483422648371099,0.10343562508510959,0.14026546191494643,0.10343562508510959,0.10788535633896457,0.2310580027074872,0.10646592811541263
207,207.0,207.3,0.10133041003871808,0.1033666091337407,0.10223538741428369,0.13888697112469092,0.1122353874142837,0.10557400755702755,0.23119466343238324,0.10517656388487193
208,208.0,208.3,0.10025325190273641,0.10212138377086828,0.1012422628917474,0.13772577937526387,0.11033317198265649,0.10367179212540034,0.2405529522024367,0.10409940574889028
209,209.0,209.3,0.09878749543697994,0.10049689714638166,0.09985587150535599,0.14112571277519728,0.10818920483868932,0.1015278249814332,0.24738334403282858,0.10263364928313379
210,210.0,210.3,0.09724845639794091,0.09880770795719247,0.09839190754139204,0.15332541247489698,0.10672524087472537,0.10006386101746925,0.244342803492288,0.10109461024409475
211,211.0,211.3,0.09710620888727235,0.09852321293585534,0.1066541171193911,0.15304091745355983,0.1066541171193911,0.09165940392880162,0.24540965982230226,0.10095236273342618
212,212.0,212.3,0.09447125612074062,0.09575330740279192,0.10408664073612524,0.1591599008093853,0.10408664073612524,0.08909192754553577,0.2550329166824012,0.09831740996689448
213,213.0,213.3,0.10509091424039876,0.09374476039424491,0.10162937577886029,0.1571513538008383,0.10932168347116797,0.08727568822929646,0.2493491559986405,0.09643706808655261
214,214.0,214.3,0.10308980559294863,0.1016826761370387,0.10065930926001329,0.155998360452723,0.10835161695232098,0.08630562171044945,0.24850658393655625,0.0954060259579495
215,215.0,215.3,0.10200649865598317,0.10054129719078168,0.09969214634163084,0.15541975206923656,0.11647536312484763,0.08533845879206703,0.24614569279517728,0.09438079103027554
216,216.0,216.3,0.10184038569917253,0.10031981324836751,0.0996367753560273,0.15514289714121882,0.11641999213924407,0.08528308780646347,0.24708699955043753,0.09427004905906845
217,217.0,217.3,0.10120563285511734,0.0905412971907817,0.09910773075721527,0.15868815033763484,0.11589094754043205,0.08475404320765142,0.24703313868262317,0.10277905942854393
218,218.0,218.3,0.09912229952178402,0.09138725678674128,0.09788298328246778,0.16101138266086717,0.11466620006568455,0.0918626290662373,0.24332101747050197,0.10074623114571564
219,219.0,219.3,0.09860972492672862,0.09077806383419795,0.0974670270449003,0.16371101323773557,0.11425024382811708,0.0914466728286698,0.2434552885702462,0.1002819657294042
220,220.0,220.3,0.09013763118636475,0.09054679648914707,0.09742077357589012,0.1634797458926847,0.11420399035910689,0.09140041935965962,0.25262118434576275,0.10018945879138386
221,221.0,221.3,0.0900046524629605,0.09032516528347331,0.09737644733475537,0.16325811468701093,0.11415966411797214,0.09135609311852487,0.25341905668618825,0.10010080630911433
222,222.0,222.3,0.08987710144255233,0.09215339657599034,0.09733393032795265,0.16304552965299732,0.11411714711116942,0.08298024277838882,0.26047687981543993,0.10001577229550891
223,223.0,223.3,0.08975465246296051,0.10024183195013998,0.09793413964244768,0.16284144802034428,0.09869171540002344,0.08293942645185821,0.26061136437849597,0.10698542169372974
224,224.0,224.3,0.08899707670538475,0.09948425619256422,0.09717656388487192,0.16890205408095035,0.09717656388487192,0.08218185069428245,0.2598537886209202,0.10622784593615398
225,225.0,225.3,0.0884476261559342,0.09893480564311367,0.08829378000208805,0.17668593686483314,0.09662711333542137,0.0816324001448319,0.26479884356597516,0.10457949428780233
226,226.0,226.3,0.08733041003871808,0.10486887157717958,0.08717656388487191,0.18159436177325805,0.09550989721820524,0.08051518402761579,0.2604948142619458,0.10250989721820525
227,227.0,227.3,0.08733041003871808,0.10486887157717958,0.08717656388487191,0.1732610284399247,0.10384323055153859,0.08051518402761579,0.2604948142619458,0.10250989721820525
228,228.0,228.3,0.086663312430444,0.1029852258111809,0.08658789764914686,0.17196604890965106,0.11039742145867067,0.07992651779189072,0.26625822731947657,0.09521534862953901
229,229.0,229.3,0.08577045528758687,0.10113998771594282,0.08569504050628972,0.17018033462393678,0.11569504050628972,0.07903366064903358,0.26857965589090516,0.09390582482001521
230,230.0,230.3,0.0911720389979941,0.10054609631322789,0.08528968605681761,0.16925650355304686,0.11528968605681762,0.07862830619956147,0.2667225669014632,0.09309511592107102
231,231.0,231.3,0.08935189850831977,0.09811056646510091,0.08386891189325765,0.17891293942202438,0.11175352727787305,0.07720753203600152,0.2694833644957791,0.0913112599016434
232,232.0,232.3,0.08730873726704533,0.09596258342089145,0.0818956318539399,0.18229440247329873,0.10868134613965419,0.07523425199668374,0.27932000758713915,0.0893030392613473
233,233.0,233.3,0.08757537422485875,0.08987821027769478,0.08222960887909339,0.18474043138991592,0.10901532316480766,0.07556822902183723,0.2869450323445169,0.08404779069727521
234,234.0,234.3,0.08568169171198117,0.09369422871058627,0.0806932590919696,0.1892809046765192,0.10579129830765588,0.07403187923471347,0.28834776488889025,0.0824789733776839
235,235.0,235.3,0.08473459357448056,0.09258950611979558,0.08007197549080983,0.18715487882758314,0.10451641993525429,0.0734105956335537,0.29569566896280053,0.08182636145572211
236,236.0,236.3,0.08416765899665668,0.09216992267843353,0.0798036322188368,0.19057506722962275,0.10424807666328124,0.07314225236158065,0.2943656197017168,0.08152777014987128
237,237.0,237.3,0.08253597942225356,0.09066702529008905,0.07844684821447827,0.19801914143582433,0.10289129265892272,0.07178546835722213,0.29551248115249407,0.08014176346871556
238,238.0,238.3,0.09023779492436382,0.08939081439707638,0.07731188025931872,0.19654061259546796,0.10175632470376317,0.07065050040206258,0.2951335257919617,0.0789785469259854
239,239.0,239.3,0.08794365790196594,0.08803541255254412,0.08428981174811978,0.19768850455857728,0.09956758952589755,0.0692950985575303,0.2955567800739116,0.0776231450814531
240,240.0,240.3,0.08636920895909594,0.08680959158988104,0.08271536280524978,0.19582165795488857,0.09804937090241576,0.06836167525568596,0.30518341075317384,0.07668972177960877
241,241.0,241.3,0.08148977012575416,0.08575169431535432,0.08205723544731784,0.18667552538624418,0.09612963363736308,0.067703547897754,0.32418832117290697,0.07600427201730522
242,242.0,242.3,0.07990678401262527,0.08440074040411485,0.08214003463297266,0.19984654949698274,0.09467278967047152,0.06672289440705292,0.31731302988566423,0.07499717749011552
243,243.0,243.3,0.07818050438881242,0.08670354997068154,0.08043935664766468,0.20647273503398425,0.09238740859571662,0.06552400853644028,0.31651974684570194,0.07377268998099801
244,244.0,244.3,0.07747362336514078,0.08558218558415695,0.07975727721129462,0.20547921650824402,0.09075007850801467,0.06486673068737181,0.3171179246499724,0.07897296348580443
245,245.0,245.3,0.07606369758450562,0.09052549191762349,0.07834735143065948,0.19984244946987512,0.0938681847639928,0.06387347157340333,0.319499648888104,0.07797970437183595
246,246.0,246.3,0.07480048885273706,0.08897246380982865,0.0770841426988909,0.19950568717875178,0.09192500404342871,0.06297790990045829,0.3276501608170135,0.0770841426988909
247,247.0,247.3,0.07358953979784784,0.08742061068774226,0.07589723210554014,0.20614815765058334,0.09013188634019435,0.0621418351542669,0.32844670877266385,0.07622402949116103
248,248.0,248.3,0.07255713899354181,0.08613823285926565,0.07856853500493781,0.2055725169088541,0.0885140975363127,0.06140183201077959,0.33176362033863427,0.07548402634767373
249,249.0,249.3,0.07664745858157307,0.0850263472450917,0.07754988948400396,0.20152281883169612,0.0912728332069477,0.06080192954016774,0.3323179092567676,0.07486081385375187
250,250.0,250.3,0.07628979660039076,0.08447768994939375,0.07709168899518073,0.20299506129158656,0.09004742754381687,0.06048949596242279,0.33408307358292005,0.07452576607428824
251,251.0,251.3,0.07468121432323956,0.0828032604378264,0.07550505579616824,0.19945252885572665,0.09171351265371233,0.05892481184154903,0.3328693721053907,0.08405024398638686
252,252.0,252.3,0.073391222064467,0.08133438703139236,0.07412143388163533,0.1978474000475817,0.09023626108341906,0.057677445328727005,0.3337213970732989,0.09167045348947846
253,253.0,253.3,0.07248213115537608,0.08042529612230145,0.0732123429725444,0.19693830913849078,0.09841807926523724,0.05676835441963609,0.332812306164208,0.08894318076220574
254,254.0,254.3,0.07160492718823522,0.0796232691404007,0.0725939381772462,0.19479645379887947,0.09805847364178166,0.05640874879618054,0.33835131805227314,0.08856287120500275
255,255.0,255.3,0.07069299051442893,0.08007364736281435,0.07181104556251579,0.1924932012434688,0.0974046250861271,0.05596995400396685,0.34345058053823485,0.08810395568844298
256,256.0,256.3,0.06919471737563491,0.07860562886145772,0.07052996269755625,0.20117204781225087,0.0955831567374263,0.05490606141284181,0.3445030753360018,0.08550534976682996
257,257.0,257.3,0.0685101278757492,0.07794206166765542,0.07004555849315065,0.2073895875762819,0.09145278398234698,0.05462184250391633,0.344835932918185,0.08520210498271422
258,258.0,258.3,0.06786767773329908,0.07746627819187195,0.06956977501736718,0.20809898928568363,0.09057386660342961,0.05431272569479952,0.34721769929995133,0.08489298817359742
259,259.0,259.3,0.06631764318862246,0.07710593512991601,0.06928879703477632,0.20708228421655922,0.09019208216922583,0.054132554163821525,0.3511678874544589,0.08471281664261944
260,260.0,260.3,0.06620554478885284,0.07682620334333491,0.06917669863500668,0.20627702690445257,0.09009849543180347,0.05403896742639917,0.3527763452273003,0.0846007182428498
261,261.0,261.3,0.06596610986520737,0.07642555457426507,0.07027059704469456,0.20709808856761946,0.08934797799707551,0.05381755052077175,0.3527128381111616,0.08436128331920437
262,262.0,262.3,0.06580393651224455,0.07610120786833943,0.0783470600553681,0.20620671020913584,0.0806630773713854,0.05621947973191148,0.3524594182853734,0.08419910996624154
263,263.0,263.3,0.0681657903446866,0.07249158219989023,0.08061978732809535,0.1754071176448374,0.08641810665582642,0.05858133356435354,0.3693043380714696,0.08901194419084044
264,264.0,264.3,0.06730242171090055,0.071476391703756,0.07973887483466018,0.17353486074263497,0.0849565183348915,0.061119682088183025,0.3666713929766371,0.09519985760833646
265,265.0,265.3,0.06663078876090453,0.07081218842293549,0.0792039998635274,0.17597451772443262,0.08403495322389251,0.060596911482370466,0.36791072355590393,0.09483591696603275
266,266.0,266.3,0.06595380582909678,0.07013555001084096,0.0785854334607244,0.17949607598427014,0.08293716894149214,0.060039229944451045,0.36840890150999883,0.09444383431912526
267,267.0,267.3,0.06706746966172158,0.07132611799013738,0.07149803909229102,0.1727610638582228,0.09381135078060272,0.06126126660440969,0.3808116179552885,0.08146307405732599
268,268.0,268.3,0.06855974893417328,0.06941002402662962,0.07873945428629245,0.1716330108767215,0.09073573386877891,0.05947352848046468,0.3831536580990528,0.07829484142788645
269,269.0,269.3,0.06677580852209122,0.06780600567663685,0.07355445181972184,0.17043615041400423,0.08866986507363103,0.06624199680282764,0.39089375932284176,0.07562196236824507
270,270.0,270.3,0.06567881648152679,0.06671041481151221,0.07265669075778815,0.16670238968251935,0.08729954790064529,0.06534886952828418,0.4011723865315485,0.07443088430617525
271,271.0,271.3,0.06467004008124666,0.06787232960599995,0.0718340951619684,0.16907950500062205,0.08880940380394373,0.06453027032349916,0.39984747582080943,0.0733568802019103
272,272.0,272.3,0.06373793978545231,0.06688676270594103,0.07107633309945537,0.16545332437577204,0.08755622762813038,0.0689339507035942,0.4039733882720685,0.07238207342958596
273,273.0,273.3,0.06287307629794407,0.06596691151019102,0.07037502981336322,0.1620479910079869,0.08901802283809371,0.06810225701592529,0.4101245195560922,0.07149219196040336
274,274.0,274.3,0.06273439673461102,0.06560400611682542,0.07022200716339791,0.16453693961411098,0.08882620997812703,0.06789288652561902,0.40883004147023805,0.07135351239707032
275,275.0,275.3,0.06223867212897928,0.06917583160815556,0.06988034418241604,0.16228081854220042,0.09054022351876596,0.06751175836585308,0.4072624630218546,0.07110988863177473
276,276.0,276.3,0.06172795753000794,0.06851979448236672,0.06951467985161398,0.15892502837370384,0.09206714723675292,0.067027718599009,0.4061172467609099,0.07610042716563545
277,277.0,277.3,0.06160393901380572,0.06817908012241539,0.06937729592509366,0.1581599354176723,0.09184035011228578,0.06683863412057585,0.40802435663871783,0.07597640864943322
278,278.0,278.3,0.0612221444259165,0.06773861971804158,0.06913258983636188,0.15735074207640198,0.08901102535433231,0.06662005133382948,0.4131049879683467,0.07581983928676925
279,279.0,279.3,0.0608847952819578,0.06741954020679561,0.06893748820307177,0.1566943134211973,0.08871021547579903,0.06642494970053935,0.41523283630182545,0.07569586140881342
280,280.0,280.3,0.06053884843689802,0.06701395591002267,0.06871372599379803,0.15595555041011022,0.08841097942700651,0.06622672375275691,0.41758787235585626,0.07555234371355116
281,281.0,281.3,0.06042786307849175,0.0667043402245341,0.06859025624088491,0.15774577463553371,0.0857158601056192,0.06605280800756039,0.4182106282411196,0.07655246946625602
282,282.0,282.3,0.060761095006224196,0.06690959223360543,0.06070614995127914,0.16512001396078504,0.08648872233478563,0.06049860158236899,0.4216924500992893,0.0778233748316619
283,283.0,283.4,0.06041403657076281,0.06643763450183685,0.06046909815816798,0.16611675089622369,0.08618690721372887,0.06021555774162507,0.4225127162693476,0.07764729864830686
284,284.0,284.4,0.06005778410843282,0.0660268108147867,0.060217302009886196,0.1652326740759495,0.08552502040516219,0.05987099298382992,0.4256158410926358,0.0774535745093166
285,285.0,285.4,0.059738935745877464,0.0655865428641427,0.05999775658856767,0.16648896256220808,0.08524672039072298,0.05960698555511186,0.42604469621976737,0.0772894000736016
286,286.0,286.4,0.05964485611056208,0.06532112322789767,0.05989247874496563,0.16583050734463292,0.08508540759114523,0.061244883348862356,0.42579662140193425,0.07718412222999957
287,287.0,287.4,0.05722830917920128,0.0650640041859489,0.05979054829667295,0.16519408880960756,0.08492999218611683,0.061070897762725077,0.42963996779802016,0.07708219178170687
288,288.0,288.4,0.0569817366439818,0.06692894539576366,0.05958609105245991,0.1651866810600149,0.08467444366464057,0.060797174080108894,0.42891433944291457,0.0769305886601154
289,289.0,289.4,0.056745018871118644,0.06648521858710527,0.05938935865831556,0.16825056381492026,0.08442886941211203,0.06053381299914543,0.42738279634080645,0.0767843613164761
290,290.0,290.4,0.05748472132569994,0.06702460173514557,0.06016706313847653,0.17246474836829323,0.07641737109610156,0.05892450565126227,0.4389975228005486,0.06851946588447196
291,291.0,291.4,0.056356878052537376,0.06570278659115605,0.05907537232422313,0.1713684285198162,0.07528094723711512,0.05777104964409613,0.43787960000091797,0.0765649376301378
292,292.0,292.4,0.055388752234068715,0.0645467181971793,0.05814167175679021,0.16879584133955242,0.07430439200827618,0.05677782794739533,0.44712680897047363,0.07491798754626389
293,293.0,293.4,0.05524691344495748,0.06422266997214839,0.05803264312144345,0.1691166514374135,0.07202013466978692,0.05667238371236658,0.44983712772416345,0.07485147591771986
294,294.0,294.4,0.05452587545326578,0.0634445217577268,0.05730208675929678,0.1765197667482749,0.07100373699976971,0.05589988848137375,0.44782422988574433,0.07347989391454754
295,295.0,295.4,0.05441991011743845,0.06325332179588646,0.05718678609860013,0.17728703828117676,0.07055830158875971,0.05415788487382265,0.4497721639904646,0.07336459325385089
296,296.0,296.4,0.054420724959055845,0.06108052349385438,0.05713592642425731,0.17814104291629237,0.07019240482957294,0.0540203660575881,0.4517377947466734,0.07327121657270533
297,297.0,297.4,0.054223843620805914,0.060754334472360796,0.05697257736684423,0.17870310643641124,0.06999238041534842,0.05382690952902983,0.45237646363710426,0.073150384522095
298,298.0,298.4,0.05355415431460965,0.05995868336007929,0.0562940712734852,0.18459032495735248,0.06901435521022978,0.053066562840754686,0.4515994201642032,0.07192242787928542
299,299.0,299.4,0.05547894272375883,0.05971990432079717,0.05412857351624676,0.18495663276648083,0.0686032522766398,0.05286345498275726,0.4524514929647413,0.07179774644857759
300,300.0,300.4,0.0547274376307309,0.0588895474111286,0.05349102266954529,0.19204036930289348,0.06765072550161548,0.052109869941034545,0.4504070224173658,0.07068400512568564
301,301.0,301.4,0.0582900407111419,0.062374660268907235,0.057162932525210174,0.19576583168478345,0.08011166506092644,0.055670365462603476,0.4086130869127319,0.08201141737369502
302,302.0,302.4,0.057805475651768655,0.06091304375933676,0.06213239872869173,0.19344842480535612,0.08633894141927699,0.054327096424321666,0.4062355538158894,0.07879906539535839
303,303.0,303.4,0.05773860945157263,0.06074310311851111,0.062065532528495705,0.19291440363332776,0.08624293433173111,0.05423607629152098,0.407327141449678,0.07873219919516236
304,304.0,304.4,0.05730574732733965,0.060209661332242724,0.061265023345439186,0.19144118570480623,0.08578197683251022,0.053779893317904594,0.4122848221276512,0.07793169001210586
305,305.0,305.4,0.0572421202699054,0.06004785580267141,0.06120139628800493,0.18879934475780136,0.08569124956863787,0.05369374004960231,0.41545623030870493,0.07786806295467161
306,306.0,306.4,0.06308088598213993,0.05994542581465789,0.061157809059063,0.18857596020947404,0.0856215100023308,0.053665408350790055,0.4160108777969908,0.0719421227845532
307,307.0,307.4,0.06251699963117682,0.05761521983653071,0.0604808005361542,0.1857244812839984,0.08528375731074744,0.0533308737832043,0.42345595597092256,0.07159191164726532
308,308.0,308.4,0.06172169058114148,0.057095284823156775,0.05979861365806455,0.18343233175034926,0.0848318732937878,0.05288207736088154,0.4290360061026238,0.07120212242999438
309,309.0,309.4,0.060212505639042645,0.06578574590868498,0.051840905077525576,0.18601054296962188,0.0830367103729415,0.0458191335605321,0.4372295076782784,0.07006494879337259
310,310.0,310.4,0.060815179175834864,0.07499987122937937,0.05205174992060234,0.18617739765280744,0.06674701986177392,0.04619895669075993,0.4409807850791457,0.07202904038969608
311,311.0,311.4,0.06074800666798439,0.07485593932273561,0.05199535220318767,0.1856848340754981,0.06444685034126543,0.04612374539520965,0.44417262932183743,0.07197264267228143
312,312.0,312.4,0.060547767331435146,0.07464785410305494,0.05190654533463277,0.18574129139861914,0.06430352870507197,0.04598305448383214,0.44498612283962713,0.07188383580372651
313,313.0,313.4,0.06035389246454816,0.07569525192476008,0.05182015843901087,0.1835836363090461,0.0641645035292576,0.04806878231058555,0.4445163261146868,0.0717974489081046
314,314.0,314.4,0.060759628625767295,0.07460626919242107,0.05199046785198681,0.1838467668303229,0.06272940809925902,0.04827546697865124,0.44717894932270996,0.07061304309888147
315,315.0,315.4,0.06218892414214091,0.07419639208355996,0.05185119316870888,0.18303439032388796,0.06254200204438999,0.049356229290849395,0.44641554588445354,0.07041532306200915
316,316.0,316.4,0.0619599563381195,0.07475686571693747,0.05172212825006476,0.1833253104404606,0.06212282563066048,0.04906841736213487,0.44678848615213484,0.07025601010948723
317,317.0,317.4,0.06398333962672759,0.07666307553783167,0.04620332236580561,0.17835085885528404,0.05822468666232265,0.05118266534493902,0.4507113445570024,0.07468070705008685
318,318.0,318.4,0.06354459597528336,0.07616827673856498,0.045997462859820294,0.1777973325652275,0.059814143713795384,0.05079759013497661,0.4514896179537705,0.07439098005856118
319,319.0,319.4,0.07133118697051596,0.07480853066541407,0.044903746502949614,0.17691762286693027,0.05838603766226674,0.04954587030335385,0.45179996289651747,0.0723070421320517
320,320.0,320.4,0.06941753144931415,0.07363774954009279,0.05229941917746184,0.17632855330946345,0.05709786188291623,0.04846805710773261,0.452217547498745,0.07053328003427352
321,321.0,321.4,0.06916476401771258,0.0732770232666133,0.05217885119419731,0.17673049685952955,0.05691130770139036,0.048293916779504356,0.4515180313046464,0.07192560887640581
322,322.0,322.4,0.07532952747708602,0.07228488784933547,0.05077944866964588,0.17648423064775495,0.05608895509340663,0.047483484933314606,0.45109537436221714,0.07045409096723901
323,323.0,323.4,0.07498522917434623,0.07189011599949403,0.05063874045426411,0.17551038059054708,0.05585975207223211,0.0487808870796712,0.45211788298400635,0.07021701164543852
324,324.0,324.4,0.07314752172269517,0.0710501383272711,0.0494710479803703,0.17667474627054078,0.05543639694574125,0.05531871769013097,0.4499199544968615,0.06898147656638867
325,325.0,325.4,0.07005614771202154,0.07044693731080343,0.04847604630163605,0.17576546427413056,0.061569695149979155,0.05429780037808439,0.4514014339856901,0.06798647488765444
326,326.0,326.4,0.06858168213160323,0.07595814984580038,0.047535064850996046,0.17645606883806397,0.062041259633519794,0.05328765560275263,0.4491604728946655,0.06697964620259826
327,327.0,327.4,0.06849128654618855,0.07579341384905929,0.04745154261755652,0.17491759202881513,0.06168888865531361,0.053094461637194536,0.45166669069671334,0.06689612396915874
328,328.0,328.4,0.06842797535773633,0.07565709015886654,0.047382703513128614,0.18322579462740546,0.055136207423653404,0.05293216765171625,0.4518813646380565,0.06535669662943673
329,329.0,329.4,0.06823538091946006,0.07537146186109922,0.04729122681663506,0.180890318976813,0.05499168535442137,0.05278656203888615,0.4552107698456922,0.06522259418699261
330,330.0,330.4,0.06811245684654917,0.07630257601631765,0.04722634892259611,0.17900558184630697,0.05488752001815313,0.05267267689026652,0.45666072480536146,0.0651321146544488
331,331.0,331.4,0.06781188744449577,0.07593686248999414,0.047073613037743114,0.1795890112383639,0.05442315527938894,0.05236440116711753,0.457887900028097,0.06491316931479939
332,332.0,332.4,0.06750669004835305,0.07559207923852308,0.04692904076356964,0.17970526171405357,0.05394404887242345,0.052047150280681874,0.45957141195199985,0.0647043171303953
333,333.0,333.4,0.06719987198179504,0.07659879655970547,0.046773126304121074,0.1814375683164462,0.053475483154560924,0.051734357657348996,0.45829482700905827,0.0644859690169638
334,334.0,334.4,0.06709905030659748,0.07647884702595328,0.04672897206233112,0.18094693430032022,0.05338583665111178,0.05163594816366809,0.4593052109165627,0.06441920057345517
335,335.0,335.4,0.06696596506453063,0.07632680968344145,0.04665098318482839,0.17948948905390844,0.05305385867302694,0.05143512881758526,0.461758502904865,0.0643192626178137
336,336.0,336.4,0.06687038976800516,0.07621246178849583,0.04522010965764527,0.17902149018274657,0.05296863133719605,0.052790728050277416,0.4626602241090893,0.0642559651065442
337,337.0,337.4,0.0667772819330777,0.07610076394433571,0.04517914852182775,0.1785642052933172,0.05288548860440088,0.05267858347444001,0.4636202281916212,0.06419430003697926
338,338.0,338.4,0.05488098953604211,0.0801582888474743,0.040972506134159474,0.17491212981275656,0.05488768614881403,0.0484025093165547,0.469151686612567,0.07663420359163159
339,339.0,339.4,0.05471803659422421,0.07990047859944878,0.040914989721457164,0.1743180848057957,0.05473345192902209,0.0482592931068023,0.47063605568989103,0.07651960955335849
340,340.0,340.4,0.05606802622723271,0.08259258942363508,0.042275080364566675,0.1754131532593547,0.056073340551929585,0.049591313287879094,0.47187835846049564,0.06610813842490623
341,341.0,341.4,0.05610858642007292,0.08117455647345877,0.042285300098813726,0.17552461410362824,0.054655307601753265,0.049631873480719305,0.47448128293805414,0.06613847888349937
342,342.0,342.4,0.05613774300283184,0.0812342476518716,0.04236440498330305,0.1715024778780911,0.0539987305377093,0.049878894987225496,0.4786860379153248,0.06619746304364262
343,343.0,343.4,0.05603253337901113,0.08114171129723553,0.04229831899015525,0.1702117695136021,0.0537064002006701,0.0496806370077821,0.4808168143763852,0.06611181523515836
344,344.0,344.4,0.05583722060368299,0.08090295474526683,0.04223361627694403,0.1708352696884514,0.05358616250041705,0.04950504053049572,0.48112718399502674,0.06597255165971504
345,345.0,345.4,0.05577307531718673,0.0801781692769451,0.042221225906325065,0.1695454097100361,0.0535443089474326,0.049435682023271685,0.4840851168732131,0.06521701194558936
346,346.0,346.4,0.06421764419965856,0.07991025933831684,0.042142196865218404,0.17099156279372102,0.0534029816439888,0.049267654008661156,0.4813555514562709,0.05871214969416404
347,347.0,347.4,0.0641650126207112,0.07989271547866773,0.04212465300556929,0.16891059113380197,0.053385437784339684,0.05021217342686479,0.4826323545751793,0.058677061974865795
348,348.0,348.4,0.06314371490095863,0.07984164837062332,0.042099070097321,0.16982614105949193,0.05335985487609139,0.05110545789692378,0.4819897219069551,0.0586343908916346
349,349.0,349.4,0.06305683205683202,0.07972305472305466,0.04204950604950601,0.16927561327561322,0.053302253302253265,0.05100621600621595,0.4822989232989233,0.059287601287601244
350,350.0,350.4,0.06285918008744298,0.07947167341866469,0.041981015098810755,0.1698648183118913,0.05316316132067892,0.05082647702196931,0.4827009683394735,0.05913270640106834
351,351.0,351.4,0.06268405075008845,0.07925279385185041,0.041922972205991046,0.16918182184691613,0.05305385390291049,0.05067748027653686,0.48423653914219955,0.05899048802350686
352,352.0,352.4,0.06262985306314739,0.07920575619050597,0.04189963871658084,0.16881416331185345,0.05303052041350028,0.05061538119895105,0.4848529646701295,0.058951722435331234
353,353.0,353.4,0.0625769231750533,0.07786094810666708,0.041876820240711994,0.16845401146730857,0.053007701937631435,0.05055468854110071,0.486755058278177,0.058913848253349756
354,354.0,354.4,0.062408666539397806,0.07766589397854404,0.0418211995243336,0.16780143233072253,0.052902131171303005,0.050412104173680396,0.48821163772966064,0.058776934552357774
