Total_iterations,Unnamed: 0.1,Intertwine_two,Invert_path_vertices,Insert_inside_vertex,Delete_inside_vertex,Replace_inside_vertex,Donate_between_routes,Trim_one_terminal_cb,Grow_one_terminal_cb
0,0.0,0.125,0.125,0.125,0.125,0.125,0.125,0.125,0.125
1,1.0,0.125,0.125,0.125,0.125,0.125,0.125,0.125,0.125
2,2.0,0.125,0.125,0.125,0.125,0.125,0.125,0.125,0.125
3,3.0,0.125,0.125,0.125,0.125,0.125,0.125,0.125,0.125
4,4.0,0.125,0.125,0.125,0.125,0.125,0.125,0.125,0.125
5,5.0,0.125,0.125,0.125,0.125,0.125,0.125,0.125,0.125
6,6.0,0.125,0.125,0.125,0.125,0.125,0.125,0.125,0.125
7,7.0,0.125,0.125,0.125,0.125,0.125,0.125,0.125,0.125
8,8.0,0.125,0.125,0.125,0.125,0.125,0.125,0.125,0.125
9,9.0,0.125,0.125,0.125,0.125,0.125,0.125,0.125,0.125
10,10.0,0.125,0.125,0.125,0.125,0.125,0.125,0.125,0.125
11,11.0,0.125,0.125,0.125,0.125,0.125,0.125,0.125,0.125
12,12.0,0.125,0.125,0.125,0.125,0.125,0.125,0.125,0.125
13,13.0,0.125,0.125,0.125,0.125,0.125,0.125,0.125,0.125
14,14.0,0.125,0.125,0.125,0.125,0.125,0.125,0.125,0.125
15,15.0,0.125,0.125,0.125,0.125,0.125,0.125,0.125,0.125
16,16.0,0.125,0.125,0.125,0.125,0.125,0.125,0.125,0.125
17,17.0,0.125,0.125,0.125,0.125,0.125,0.125,0.125,0.125
18,18.0,0.125,0.125,0.125,0.125,0.125,0.125,0.125,0.125
19,19.0,0.125,0.125,0.125,0.125,0.125,0.125,0.125,0.125
20,20.0,0.125,0.125,0.125,0.125,0.125,0.125,0.125,0.125
21,21.0,0.125,0.125,0.125,0.125,0.125,0.125,0.125,0.125
22,22.0,0.125,0.125,0.125,0.125,0.125,0.125,0.125,0.125
23,23.0,0.125,0.125,0.125,0.125,0.125,0.125,0.125,0.125
24,24.0,0.125,0.125,0.125,0.125,0.125,0.125,0.125,0.125
25,25.0,0.125,0.125,0.125,0.125,0.125,0.125,0.125,0.125
26,26.0,0.125,0.125,0.125,0.125,0.125,0.125,0.125,0.125
27,27.0,0.125,0.125,0.125,0.125,0.125,0.125,0.125,0.125
28,28.0,0.125,0.125,0.125,0.125,0.125,0.125,0.125,0.125
29,29.0,0.125,0.125,0.125,0.125,0.125,0.125,0.125,0.125
30,30.0,0.125,0.125,0.125,0.125,0.125,0.125,0.125,0.125
31,31.0,0.125,0.125,0.125,0.125,0.125,0.125,0.125,0.125
32,32.0,0.125,0.125,0.125,0.125,0.125,0.125,0.125,0.125
33,33.0,0.125,0.125,0.125,0.125,0.125,0.125,0.125,0.125
34,34.0,0.125,0.125,0.125,0.125,0.125,0.125,0.125,0.125
35,35.0,0.125,0.125,0.125,0.125,0.125,0.125,0.125,0.125
36,36.0,0.125,0.125,0.125,0.125,0.125,0.125,0.125,0.125
37,37.0,0.125,0.125,0.125,0.125,0.125,0.125,0.125,0.125
38,38.0,0.125,0.125,0.125,0.125,0.125,0.125,0.125,0.125
39,39.0,0.125,0.125,0.125,0.125,0.125,0.125,0.125,0.125
40,40.0,0.125,0.125,0.125,0.125,0.125,0.125,0.125,0.125
41,41.0,0.125,0.125,0.125,0.125,0.125,0.125,0.125,0.125
42,42.0,0.125,0.125,0.125,0.125,0.125,0.125,0.125,0.125
43,43.0,0.125,0.125,0.125,0.125,0.125,0.125,0.125,0.125
44,44.0,0.125,0.125,0.125,0.125,0.125,0.125,0.125,0.125
45,45.0,0.125,0.125,0.125,0.125,0.125,0.125,0.125,0.125
46,46.0,0.125,0.125,0.125,0.125,0.125,0.125,0.125,0.125
47,47.0,0.125,0.125,0.125,0.125,0.125,0.125,0.125,0.125
48,48.0,0.125,0.125,0.125,0.125,0.125,0.125,0.125,0.125
49,49.0,0.125,0.125,0.125,0.125,0.125,0.125,0.125,0.125
50,50.0,0.125,0.125,0.125,0.125,0.125,0.125,0.125,0.125
51,51.0,0.125,0.125,0.125,0.125,0.125,0.125,0.125,0.125
52,52.0,0.125,0.125,0.125,0.125,0.125,0.125,0.125,0.125
53,53.0,0.125,0.125,0.125,0.125,0.125,0.125,0.125,0.125
54,54.0,0.125,0.125,0.125,0.125,0.125,0.125,0.125,0.125
55,55.0,0.125,0.125,0.125,0.125,0.125,0.125,0.125,0.125
56,56.0,0.125,0.125,0.125,0.125,0.125,0.125,0.125,0.125
57,57.0,0.125,0.125,0.125,0.125,0.125,0.125,0.125,0.125
58,58.0,0.125,0.125,0.125,0.125,0.125,0.125,0.125,0.125
59,59.0,0.125,0.125,0.125,0.125,0.125,0.125,0.125,0.125
60,60.0,0.125,0.125,0.125,0.125,0.125,0.125,0.125,0.125
61,61.0,0.125,0.125,0.125,0.125,0.125,0.125,0.125,0.125
62,62.0,0.125,0.125,0.125,0.125,0.125,0.125,0.125,0.125
63,63.0,0.125,0.125,0.125,0.125,0.125,0.125,0.125,0.125
64,64.0,0.125,0.125,0.125,0.125,0.125,0.125,0.125,0.125
65,65.0,0.125,0.125,0.125,0.125,0.125,0.125,0.125,0.125
66,66.0,0.125,0.125,0.125,0.125,0.125,0.125,0.125,0.125
67,67.0,0.125,0.125,0.125,0.125,0.125,0.125,0.125,0.125
68,68.0,0.125,0.125,0.125,0.125,0.125,0.125,0.125,0.125
69,69.0,0.125,0.125,0.125,0.125,0.125,0.125,0.125,0.125
70,70.0,0.125,0.125,0.125,0.125,0.125,0.125,0.125,0.125
71,71.0,0.125,0.125,0.125,0.125,0.125,0.125,0.125,0.125
72,72.0,0.125,0.125,0.125,0.125,0.125,0.125,0.125,0.125
73,73.0,0.125,0.125,0.125,0.125,0.125,0.125,0.125,0.125
74,74.0,0.125,0.125,0.125,0.125,0.125,0.125,0.125,0.125
75,75.0,0.125,0.125,0.125,0.125,0.125,0.125,0.125,0.125
76,76.0,0.125,0.125,0.125,0.125,0.125,0.125,0.125,0.125
77,77.0,0.125,0.125,0.125,0.125,0.125,0.125,0.125,0.125
78,78.0,0.125,0.125,0.125,0.125,0.125,0.125,0.125,0.125
79,79.0,0.125,0.125,0.125,0.125,0.125,0.125,0.125,0.125
80,80.0,0.125,0.125,0.125,0.125,0.125,0.125,0.125,0.125
81,81.0,0.125,0.125,0.125,0.125,0.125,0.125,0.125,0.125
82,82.0,0.125,0.125,0.125,0.125,0.125,0.125,0.125,0.125
83,83.0,0.125,0.125,0.125,0.125,0.125,0.125,0.125,0.125
84,84.0,0.125,0.125,0.125,0.125,0.125,0.125,0.125,0.125
85,85.0,0.125,0.125,0.125,0.125,0.125,0.125,0.125,0.125
86,86.0,0.125,0.125,0.125,0.125,0.125,0.125,0.125,0.125
87,87.0,0.125,0.125,0.125,0.125,0.125,0.125,0.125,0.125
88,88.0,0.125,0.125,0.125,0.125,0.125,0.125,0.125,0.125
89,89.0,0.125,0.125,0.125,0.125,0.125,0.125,0.125,0.125
90,90.0,0.125,0.125,0.125,0.125,0.125,0.125,0.125,0.125
91,91.0,0.125,0.125,0.125,0.125,0.125,0.125,0.125,0.125
92,92.0,0.125,0.125,0.125,0.125,0.125,0.125,0.125,0.125
93,93.0,0.125,0.125,0.125,0.125,0.125,0.125,0.125,0.125
94,94.0,0.125,0.125,0.125,0.125,0.125,0.125,0.125,0.125
95,95.0,0.125,0.125,0.125,0.125,0.125,0.125,0.125,0.125
96,96.0,0.125,0.125,0.125,0.125,0.125,0.125,0.125,0.125
97,97.0,0.125,0.125,0.125,0.125,0.125,0.125,0.125,0.125
98,98.0,0.125,0.125,0.125,0.125,0.125,0.125,0.125,0.125
99,99.0,0.125,0.125,0.125,0.125,0.125,0.125,0.125,0.125
100,100.0,0.125,0.125,0.125,0.125,0.125,0.125,0.125,0.125
101,101.0,0.125,0.125,0.125,0.125,0.125,0.125,0.125,0.125
102,102.0,0.125,0.125,0.125,0.125,0.125,0.125,0.125,0.125
103,103.0,0.125,0.125,0.125,0.125,0.125,0.125,0.125,0.125
104,104.0,0.125,0.125,0.125,0.125,0.125,0.125,0.125,0.125
105,105.0,0.125,0.125,0.125,0.125,0.125,0.125,0.125,0.125
106,106.0,0.125,0.125,0.125,0.125,0.125,0.125,0.125,0.125
107,107.0,0.125,0.125,0.125,0.125,0.125,0.125,0.125,0.125
108,108.0,0.125,0.125,0.125,0.125,0.125,0.125,0.125,0.125
109,109.0,0.125,0.125,0.125,0.125,0.125,0.125,0.125,0.125
110,110.0,0.125,0.125,0.125,0.125,0.125,0.125,0.125,0.125
111,111.0,0.125,0.125,0.125,0.125,0.125,0.125,0.125,0.125
112,112.0,0.125,0.125,0.125,0.125,0.125,0.125,0.125,0.125
113,113.0,0.125,0.125,0.125,0.125,0.125,0.125,0.125,0.125
114,114.0,0.125,0.125,0.125,0.125,0.125,0.125,0.125,0.125
115,115.0,0.125,0.125,0.125,0.125,0.125,0.125,0.125,0.125
116,116.0,0.125,0.125,0.125,0.125,0.125,0.125,0.125,0.125
117,117.0,0.125,0.125,0.125,0.125,0.125,0.125,0.125,0.125
118,118.0,0.125,0.125,0.125,0.125,0.125,0.125,0.125,0.125
119,119.0,0.125,0.125,0.125,0.125,0.125,0.125,0.125,0.125
120,120.0,0.125,0.125,0.125,0.125,0.125,0.125,0.125,0.125
121,121.0,0.125,0.125,0.125,0.125,0.125,0.125,0.125,0.125
122,122.0,0.125,0.125,0.125,0.125,0.125,0.125,0.125,0.125
123,123.0,0.125,0.125,0.125,0.125,0.125,0.125,0.125,0.125
124,124.0,0.125,0.125,0.125,0.125,0.125,0.125,0.125,0.125
125,125.0,0.125,0.125,0.125,0.125,0.125,0.125,0.125,0.125
126,126.0,0.125,0.125,0.125,0.125,0.125,0.125,0.125,0.125
127,127.0,0.125,0.125,0.125,0.125,0.125,0.125,0.125,0.125
128,128.0,0.125,0.125,0.125,0.125,0.125,0.125,0.125,0.125
129,129.0,0.125,0.125,0.125,0.125,0.125,0.125,0.125,0.125
130,130.0,0.125,0.125,0.125,0.125,0.125,0.125,0.125,0.125
131,131.0,0.125,0.125,0.125,0.125,0.125,0.125,0.125,0.125
132,132.0,0.125,0.125,0.125,0.125,0.125,0.125,0.125,0.125
133,133.0,0.125,0.125,0.125,0.125,0.125,0.125,0.125,0.125
134,134.0,0.125,0.125,0.125,0.125,0.125,0.125,0.125,0.125
135,135.0,0.125,0.125,0.125,0.125,0.125,0.125,0.125,0.125
136,136.0,0.125,0.125,0.125,0.125,0.125,0.125,0.125,0.125
137,137.0,0.125,0.125,0.125,0.125,0.125,0.125,0.125,0.125
138,138.0,0.125,0.125,0.125,0.125,0.125,0.125,0.125,0.125
139,139.0,0.125,0.125,0.125,0.125,0.125,0.125,0.125,0.125
140,140.0,0.125,0.125,0.125,0.125,0.125,0.125,0.125,0.125
141,141.0,0.125,0.125,0.125,0.125,0.125,0.125,0.125,0.125
142,142.0,0.125,0.125,0.125,0.125,0.125,0.125,0.125,0.125
143,143.0,0.125,0.125,0.125,0.125,0.125,0.125,0.125,0.125
144,144.0,0.125,0.125,0.125,0.125,0.125,0.125,0.125,0.125
145,145.0,0.125,0.125,0.125,0.125,0.125,0.125,0.125,0.125
146,146.0,0.125,0.125,0.125,0.125,0.125,0.125,0.125,0.125
147,147.0,0.125,0.125,0.125,0.125,0.125,0.125,0.125,0.125
148,148.0,0.125,0.125,0.125,0.125,0.125,0.125,0.125,0.125
149,149.0,0.125,0.125,0.125,0.125,0.125,0.125,0.125,0.125
150,150.0,0.125,0.125,0.125,0.125,0.125,0.125,0.125,0.125
151,151.0,0.125,0.125,0.125,0.125,0.125,0.125,0.125,0.125
152,152.0,0.125,0.125,0.125,0.125,0.125,0.125,0.125,0.125
153,153.0,0.125,0.125,0.125,0.125,0.125,0.125,0.125,0.125
154,154.0,0.125,0.125,0.125,0.125,0.125,0.125,0.125,0.125
155,155.0,0.125,0.125,0.125,0.125,0.125,0.125,0.125,0.125
156,156.0,0.125,0.125,0.125,0.125,0.125,0.125,0.125,0.125
157,157.0,0.125,0.125,0.125,0.125,0.125,0.125,0.125,0.125
158,158.0,0.125,0.125,0.125,0.125,0.125,0.125,0.125,0.125
159,159.0,0.125,0.125,0.125,0.125,0.125,0.125,0.125,0.125
160,160.0,0.125,0.125,0.125,0.125,0.125,0.125,0.125,0.125
161,161.0,0.125,0.125,0.125,0.125,0.125,0.125,0.125,0.125
162,162.0,0.125,0.125,0.125,0.125,0.125,0.125,0.125,0.125
163,163.0,0.125,0.125,0.125,0.125,0.125,0.125,0.125,0.125
164,164.0,0.125,0.125,0.125,0.125,0.125,0.125,0.125,0.125
165,165.0,0.125,0.125,0.125,0.125,0.125,0.125,0.125,0.125
166,166.0,0.125,0.125,0.125,0.125,0.125,0.125,0.125,0.125
167,167.0,0.125,0.125,0.125,0.125,0.125,0.125,0.125,0.125
168,168.0,0.125,0.125,0.125,0.125,0.125,0.125,0.125,0.125
169,169.0,0.125,0.125,0.125,0.125,0.125,0.125,0.125,0.125
170,170.0,0.125,0.125,0.125,0.125,0.125,0.125,0.125,0.125
171,171.0,0.125,0.125,0.125,0.125,0.125,0.125,0.125,0.125
172,172.0,0.125,0.125,0.125,0.125,0.125,0.125,0.125,0.125
173,173.0,0.125,0.125,0.125,0.125,0.125,0.125,0.125,0.125
174,174.0,0.125,0.125,0.125,0.125,0.125,0.125,0.125,0.125
175,175.0,0.125,0.125,0.125,0.125,0.125,0.125,0.125,0.125
176,176.0,0.125,0.125,0.125,0.125,0.125,0.125,0.125,0.125
177,177.0,0.125,0.125,0.125,0.125,0.125,0.125,0.125,0.125
178,178.0,0.125,0.125,0.125,0.125,0.125,0.125,0.125,0.125
179,179.0,0.125,0.125,0.125,0.125,0.125,0.125,0.125,0.125
180,180.0,0.125,0.125,0.125,0.125,0.125,0.125,0.125,0.125
181,181.0,0.125,0.125,0.125,0.125,0.125,0.125,0.125,0.125
182,182.0,0.125,0.125,0.125,0.125,0.125,0.125,0.125,0.125
183,183.0,0.125,0.125,0.125,0.125,0.125,0.125,0.125,0.125
184,184.0,0.125,0.125,0.125,0.125,0.125,0.125,0.125,0.125
185,185.0,0.125,0.125,0.125,0.125,0.125,0.125,0.125,0.125
186,186.0,0.125,0.125,0.125,0.125,0.125,0.125,0.125,0.125
187,187.0,0.125,0.125,0.125,0.125,0.125,0.125,0.125,0.125
188,188.0,0.125,0.125,0.125,0.125,0.125,0.125,0.125,0.125
189,189.0,0.125,0.125,0.125,0.125,0.125,0.125,0.125,0.125
190,190.0,0.125,0.125,0.125,0.125,0.125,0.125,0.125,0.125
191,191.0,0.125,0.125,0.125,0.125,0.125,0.125,0.125,0.125
192,192.0,0.125,0.125,0.125,0.125,0.125,0.125,0.125,0.125
193,193.0,0.125,0.125,0.125,0.125,0.125,0.125,0.125,0.125
194,194.0,0.125,0.125,0.125,0.125,0.125,0.125,0.125,0.125
195,195.0,0.125,0.125,0.125,0.125,0.125,0.125,0.125,0.125
196,196.0,0.125,0.125,0.125,0.125,0.125,0.125,0.125,0.125
197,197.0,0.125,0.125,0.125,0.125,0.125,0.125,0.125,0.125
198,198.0,0.1241847826086956,0.1241847826086956,0.1241847826086956,0.1241847826086956,0.1241847826086956,0.1241847826086956,0.1307065217391304,0.1241847826086956
199,199.0,0.1229610507246376,0.1229610507246376,0.123794384057971,0.1246277173913043,0.1229610507246376,0.1229610507246376,0.1367726449275362,0.1229610507246376
200,200.0,0.1212166313167156,0.1212166313167156,0.1225045942796786,0.1249036683537526,0.1208462609463452,0.1209493537298504,0.1475165991105965,0.1208462609463452
201,201.0,0.1192611598045857,0.1192611598045857,0.120940831050007,0.1259030419779679,0.1185373502807762,0.1187425049199514,0.1580473711121188,0.119306581050007
202,202.0,0.1175902870615397,0.1172056716769243,0.1192746077262485,0.1276177408199078,0.1161476059954793,0.1164528740367164,0.1680328374569354,0.1176783752262485
203,203.0,0.1158682241368203,0.1151028395214357,0.1175553591049553,0.1291388328632657,0.1145007662184168,0.114134162150217,0.1773571779916002,0.1163426380132887
204,204.0,0.1141225555627311,0.1129836709473465,0.1158112329475686,0.130285794402259,0.1128523539497032,0.1118181172251195,0.1871478949857919,0.1149783799794799
205,205.0,0.1123763713924163,0.111186764084724,0.1140658342975443,0.1318689069800627,0.1112226865894633,0.1095313090428075,0.1961427590232701,0.1136053685897115
206,206.0,0.110565194213356,0.1096281816232627,0.1122551506931254,0.1332271056676166,0.1095445926229312,0.1083231994244156,0.2043003572756607,0.1121562184796315
207,207.0,0.1087267441297066,0.108030756121555,0.1104173164259856,0.1343820189698629,0.1088531946105915,0.1070003874588146,0.2119234382296202,0.1106661440538633
208,208.0,0.1068904598999141,0.1064219091638527,0.1085821338431892,0.1353503712884901,0.1080745367843599,0.1056053713475931,0.2199127522172167,0.1091624654553838
209,209.0,0.1050248563665535,0.1047684929855421,0.1067184316705188,0.1365856357961157,0.1071819343783378,0.1041161243408752,0.2279925759889449,0.1076119484731117
210,210.0,0.1031295356733293,0.103068783547752,0.1048260777170675,0.1389627445927395,0.106242268521125,0.1026035226448382,0.2351542710098851,0.1060127962932631
211,211.0,0.1013507115056067,0.1014679847957017,0.1038848384150044,0.1412173196863889,0.1053942865976361,0.1003763387932644,0.2417983674865568,0.1045101527198408
212,212.0,0.0994438294518199,0.0997208276469515,0.102808668191865,0.1439765715839275,0.104386953533387,0.0980279563398768,0.2487764929249286,0.1028587003272434
213,213.0,0.0987398756820668,0.0979078563097801,0.1016071682207555,0.1464108768831121,0.1040008549210945,0.0956434279122607,0.2545509939886619,0.1011389460822681
214,214.0,0.0979697168101273,0.0970283427214499,0.1004290336704534,0.148593857086744,0.1036095678036472,0.0933166682786918,0.2596117693599132,0.0994410442689729
215,215.0,0.0972194440195135,0.0961691859314828,0.0992742990392389,0.1505747234653239,0.1041172045066841,0.0910557578509591,0.2638193262256679,0.0977700589611295
216,216.0,0.0965754577586446,0.0954175175388641,0.0982336792456093,0.1523782679992831,0.1046921220270386,0.0889582283768505,0.2675235217460683,0.0962212053076412
217,217.0,0.0959850441188624,0.0938121873368436,0.0972582479325657,0.1543836296909074,0.1052739220365985,0.0869807959845676,0.2706475464056909,0.0956586264939636
218,218.0,0.0952975443970877,0.0924192772131606,0.0962763798315982,0.1564638236521598,0.105781237552766,0.0858896978896024,0.2728518124009085,0.0950202270627167
219,219.0,0.0946657847392318,0.0910944186023273,0.0953671689514794,0.1586514368650608,0.1062850755186891,0.0849258432921434,0.2745537709572747,0.0944565010737934
220,220.0,0.0932894310750001,0.089875755570391,0.0945652523934057,0.1606477577858934,0.1068135560242133,0.0841189571028944,0.2766911384116856,0.0939981516365165
221,221.0,0.0920058969059648,0.0887635061302685,0.0938676500788507,0.1624506033751433,0.1073586601984204,0.0834611415310246,0.2784538568140387,0.0936386849662889
222,222.0,0.0908179486073621,0.087960921354942,0.09327064426763,0.1640599810151854,0.1079130122937221,0.0821104719982031,0.2804957376878031,0.0933712827751519
223,223.0,0.0897271417690125,0.0880893633467736,0.0928339928295841,0.1654778682143362,0.1069314273565535,0.0808994854938126,0.2821466903517731,0.0938940306381542
224,224.0,0.0886699331456797,0.0882507282496981,0.0924162504277138,0.1673336630976926,0.1058140886420213,0.0797542394736841,0.2833414369138558,0.0944196600496544
225,225.0,0.0876667717653322,0.0884533468868138,0.0911996070123237,0.1697979506809342,0.1046671634964258,0.0786928491128293,0.2846763378313063,0.0948459732140345
226,226.0,0.0866600134552038,0.0893339248411875,0.0899638480566487,0.1725755318585332,0.1034428087520582,0.0776552716866584,0.2852485707839556,0.0951200305657545
227,227.0,0.0857606349419235,0.0902817944674837,0.0888237921548234,0.1743322098841861,0.1030948937001221,0.0767500511265141,0.2855160428761198,0.095440580848827
228,228.0,0.0849001822701117,0.0910923833256474,0.0877224029369087,0.1757730103398038,0.103444672612607,0.0759141373278228,0.2860828967786789,0.0950703144084194
229,229.0,0.0840541204527987,0.0917563179133263,0.0866305218736221,0.1768530897069867,0.104358763027066,0.0751126529993556,0.286626961453533,0.0946075725733114
230,230.0,0.0838499865366055,0.092388306599992,0.0855979386580436,0.1776660504795319,0.1052542717299241,0.0743899917352847,0.2867504377063312,0.0941030165542868
231,231.0,0.0835574724876782,0.0927951213303107,0.0845234538216547,0.1792792632924554,0.1058069678278709,0.0736399023259076,0.2869373673852324,0.0934604515288898
232,232.0,0.0831478379797226,0.0929996107345245,0.0833525440456889,0.1810656378905097,0.1060566417967011,0.0728031701506374,0.2879147283764851,0.0926598290257304
233,233.0,0.0828474396112171,0.092604843610861,0.0823175538279176,0.1829302655662482,0.1063409931145932,0.07210781971387,0.2894709085364567,0.0913801760188359
234,234.0,0.0824349921744108,0.0926038887095213,0.0812315482037228,0.1850805794613099,0.106301250115483,0.0713629734351467,0.2909864851729492,0.0899982827274561
235,235.0,0.0820015466629107,0.0925034604392471,0.0801866318907139,0.1868452626341239,0.1061328940609654,0.0706571724821754,0.2930589073503428,0.0886141244795204
236,236.0,0.081582082713894,0.0923719771086697,0.0792182263178096,0.188778592491795,0.1059383745434452,0.0700226515288177,0.2948174500000133,0.0872706452955552
237,237.0,0.0810672529651663,0.0921013318280131,0.0782168369607702,0.1912809615316975,0.1056107255984395,0.0693471002786876,0.2965103062268114,0.0858654846104141
238,238.0,0.0813887750060933,0.0917157869207418,0.0772043898564558,0.1934526225826153,0.1051751504230233,0.0686499910388398,0.2979860030441334,0.0844272811280971
239,239.0,0.0815372213398704,0.0912100065945076,0.0769920555154816,0.1955527866248808,0.1045300709901695,0.0679070576321558,0.2993279308353964,0.0829428704675374
240,240.0,0.0815774425116039,0.090600476264211,0.0767164872766442,0.1972776067818879,0.1037480528236101,0.0671589556452096,0.3014606174078446,0.0814603612889885
241,241.0,0.0811736153473047,0.089908200392748,0.0764626518811834,0.1979007721780598,0.1027952759279896,0.0664318783172695,0.3053177542984744,0.0800098516569702
242,242.0,0.080655033835907,0.0891084916565335,0.0762984257794955,0.1996664709777702,0.1017254359023356,0.0656921600688582,0.3082903540400614,0.0785636277390382
243,243.0,0.080008200015035,0.0885719572380729,0.0760389705779803,0.2019200192364019,0.1004635153094529,0.0649168324016087,0.3109765922619495,0.0771039129594985
244,244.0,0.0793370845176208,0.0879582557501319,0.0757812568136765,0.2038943879745722,0.0990832926999509,0.0641593814775256,0.3135094559879133,0.0762768847786083
245,245.0,0.0785734533803597,0.087876494342672,0.0754480820517158,0.2051234914204253,0.0980695708350776,0.0633854232265524,0.3160632904517145,0.0754601942914822
246,246.0,0.0777347669256894,0.0876740962409281,0.0750508965865637,0.2061431978730752,0.0969208892239243,0.0626041851168506,0.3192111562463904,0.0746608117865779
247,247.0,0.0768295114302676,0.087349736312839,0.0745950710697151,0.2076588056207001,0.095657805151758,0.0618212005913358,0.3222082803028701,0.073879589520514
248,248.0,0.0758791416876332,0.0869302833384601,0.0744649800048493,0.2089501820396884,0.0943039914183045,0.0610457205496532,0.3252997673949966,0.0731259335664143
249,249.0,0.0753996208511244,0.0864336665953098,0.0742870690443775,0.2096736743577537,0.09330353368644,0.0602913593796888,0.3282021731991603,0.072408902886145
250,250.0,0.0749447642774528,0.0859177726034025,0.0741137573354669,0.210390533134741,0.0922602741566539,0.0595862966705512,0.331032012216099,0.0717545896056323
251,251.0,0.0743879854566626,0.0852716242329892,0.0738288927941433,0.2106074980720119,0.0914658206247076,0.0588043038131587,0.333488007797259,0.0721458672090673
252,252.0,0.0737608175807399,0.0845185197210221,0.0734509141455189,0.2105307039425785,0.0906055642092166,0.0579769786705072,0.3357774199601752,0.0733790817702412
253,253.0,0.0731017614463377,0.0837179752424464,0.0730265294682091,0.2102438470962293,0.0906458222221986,0.0571384816177939,0.3377264215870219,0.0743991613197628
254,254.0,0.072414694225752,0.0828843557223367,0.0725846009141438,0.2096384350209766,0.0907238164419672,0.0563441724360248,0.3399852830857622,0.0754246421530363
255,255.0,0.0716970423894691,0.08214652511066,0.072108669326643,0.208714819085487,0.0908019729561916,0.0555860604568128,0.3425118450328899,0.0764330656418462
256,256.0,0.0708912879041846,0.0813149469325368,0.0715492463737551,0.2085892332220045,0.0907561935054229,0.0548012093518811,0.3449003876201349,0.0771974950900798
257,257.0,0.0700806842121545,0.080473076672135,0.0709871324589534,0.2090237880671758,0.0903502243565431,0.0540674699871595,0.3470793885840324,0.0779382356618459
258,258.0,0.0692711903117184,0.0796425049401501,0.0704242358483955,0.2094694855938612,0.0899079859809176,0.053381736603166,0.3492562315330583,0.0786466291887324
259,259.0,0.0683736072210741,0.0788371938076854,0.069880986492324,0.2097552378978838,0.0894784518056594,0.0527558692953904,0.3515900236803013,0.0793286297996811
260,260.0,0.0675340129591927,0.0780671280230314,0.0693749303373072,0.2099051597034802,0.0890896486778205,0.0521969968933345,0.3538470610278458,0.0799850623779874
261,261.0,0.0667411499494314,0.0773215946931388,0.0690268873217379,0.2100859141668435,0.0886747625868324,0.051690289746252,0.3558613367710164,0.0805980647647471
262,262.0,0.0660036055045078,0.0766092196244541,0.0695337320060224,0.2101295770920298,0.0874396071964766,0.051495718842737,0.3576173579706927,0.0811711817630791
263,263.0,0.0655740041973981,0.0756020393782319,0.0703052982296447,0.2070496857994387,0.0868357049753496,0.0516040280217094,0.3608306896321577,0.0821985497660695
264,264.0,0.0651269440190937,0.0745629535352351,0.0710147614725457,0.2037741322643404,0.0861418581610466,0.0520251141905939,0.3635441301023861,0.0838101062547581
265,265.0,0.0646791813405382,0.073530490330141,0.0716870320276645,0.2007677070657146,0.0854133861188124,0.0524427603609847,0.3661414322122608,0.0853380105438833
266,266.0,0.0642280127108611,0.0725064265852749,0.0723053885653498,0.1981661483195224,0.0846341985236124,0.0528444152717582,0.368546514819994,0.0867688952036267
267,267.0,0.0639505852585965,0.0716801172470807,0.0722159704613769,0.1949645435119922,0.0850033775760222,0.0534000565041772,0.3719499846783829,0.0868353647623708
268,268.0,0.0638812973228349,0.0707412894537857,0.0728524563735106,0.1917482590905271,0.0851161567640545,0.0537999719019622,0.3753359278980784,0.0865246411952461
269,269.0,0.0636873286555546,0.0697226299505494,0.0729656634269017,0.1885327645827988,0.085067266924816,0.0548934781579899,0.3792354642201929,0.0858954040811962
270,270.0,0.0634339424496112,0.0686771110683851,0.0729836615526885,0.1850844773110068,0.0849222603336909,0.055901806247409,0.3838894925819932,0.0851072484552147
271,271.0,0.0631274659645533,0.0678326685913173,0.0729143305983656,0.1820349094219195,0.0849665128676778,0.0568219122402163,0.3881184559760351,0.0841837443399145
272,272.0,0.0627738528395887,0.0669745102820972,0.0727653541788598,0.1787981262150429,0.0849194514400472,0.0581674592525853,0.3924544044742465,0.0831468413175318
273,273.0,0.0623787555478284,0.0661093052084625,0.0725442548619013,0.1754110399736828,0.0850496434380569,0.0594029471094605,0.3970870610890173,0.0820169927715897
274,274.0,0.0620142432364119,0.0652929061658721,0.0723082709611567,0.1724779267274141,0.0851873187442693,0.0605809422306823,0.4012573788183965,0.0808810131157967
275,275.0,0.0616438112305559,0.0649184405761832,0.0720408565144108,0.1695331028274482,0.085519016786263,0.0616761444667547,0.4049296335565177,0.0797389940418661
276,276.0,0.0612652995743727,0.0645583917432041,0.0717420119559393,0.1664746594577767,0.086020449463181,0.0626717786415264,0.4081434694893857,0.0791239396746137
277,277.0,0.0609168638117438,0.0642398903849193,0.0714370401396198,0.1635700548186286,0.0865095261376962,0.0635925003505524,0.4112063705894629,0.0785277537673766
278,278.0,0.0605719629186096,0.0639485850194007,0.0711174974539137,0.1608208901152586,0.0867200709087104,0.0644317529477014,0.414439224572988,0.0779500160634173
279,279.0,0.060234319015466,0.0636924025862957,0.0707905497972737,0.1582462975363166,0.0869023897592261,0.0651894531056678,0.4175482356254619,0.0773963525742919
280,280.0,0.0599023495807956,0.0634585513430289,0.0704553900694283,0.1558397680730089,0.0870546313769768,0.065863915619008,0.4205586951848551,0.0768666987528981
281,281.0,0.0595988435423128,0.0632526777012098,0.0701239826983198,0.1538540718019453,0.0869357003813139,0.0664571683878321,0.4233006761485454,0.0764768793385206
282,282.0,0.0593673014958132,0.0631224332497131,0.0690219681707873,0.1528432861188491,0.086893750305377,0.0664316316334519,0.4260657407226093,0.0762538883033988
283,283.0,0.0591381457455215,0.062995889060028,0.0679232917345018,0.1521560199760258,0.0868217634452222,0.0663210138699244,0.4285925925500395,0.0760512836187364
284,284.0,0.0589090392322785,0.0628753343750246,0.0668347613912533,0.1515886800746593,0.0866844380279113,0.0661259468456873,0.4311162729142486,0.0758655271389368
285,285.0,0.0586824459828657,0.0627543231278547,0.0657669549463842,0.1513401429520683,0.08652142097466,0.0658614362423834,0.4333754664365338,0.0756978093372495
286,286.0,0.0584796689924928,0.0626471932391402,0.0647377093780636,0.1512021022160802,0.0863458273409368,0.0657246219719123,0.4353106254226395,0.0755522514387343
287,287.0,0.0580671668792018,0.0625518037349898,0.0637527430154148,0.151160507751474,0.0861596473325851,0.065539293183644,0.4373414631095361,0.075427374993154
288,288.0,0.057662869146718,0.0626775693067456,0.0628062056174222,0.1512626677689504,0.0859542339214563,0.0653004409517318,0.4390196392391174,0.075316374047858
289,289.0,0.0572685180851688,0.0627888994013501,0.0619024475741648,0.1518002401930804,0.0857320065236193,0.0650141051661982,0.4402757904475678,0.0752179926088504
290,290.0,0.0569823373830922,0.0629799979931557,0.0611417048940907,0.152869977066353,0.0847178206628499,0.0645506693027591,0.4424388692400797,0.0743186234576193
291,291.0,0.0566170142633331,0.0630602512488017,0.0603381209830425,0.1539190559804701,0.0836084065065913,0.0639619697884324,0.444239434408982,0.0742557468203464
292,292.0,0.0561888095115951,0.063043297692909,0.0595088979197677,0.1547804620105426,0.08242900365038,0.0632709088544249,0.4467210656138691,0.0740575547465113
293,293.0,0.0557812407833445,0.0630106688751452,0.0587380220376559,0.155727962240684,0.0810578692295198,0.062573478781245,0.4492296230072025,0.0738811350452029
294,294.0,0.0553369818553659,0.0629156081286856,0.0579641243183785,0.1574549108708647,0.0796318311381465,0.0618095312415949,0.4512921099245302,0.0735949025224333
295,295.0,0.0549184412225814,0.0628162225969784,0.0572494659293684,0.1592765403500917,0.0782175723734259,0.0608886816675526,0.4533084627602093,0.0733246130997921
296,296.0,0.0545368508261857,0.0625138667802277,0.0566005606135173,0.1611815123242183,0.0768315571014119,0.0599788572013538,0.4552843804002439,0.073072414752841
297,297.0,0.0541725700769333,0.0621947942101391,0.0560055645816174,0.163121788758865,0.0754977493924585,0.0590810846174813,0.4570911073087825,0.0728353410537227
298,298.0,0.0537782612074252,0.0618136591884533,0.0554118876714239,0.1656125725789165,0.0741444662441175,0.0581445128722841,0.4585923107424603,0.072502329494919
299,299.0,0.0536136209968547,0.0614282100067242,0.0546698505125464,0.1680806863216601,0.0728341000069127,0.0572305080154915,0.4599586722070415,0.0721843519327685
300,300.0,0.0534089475153074,0.0609811869953419,0.0539328492149236,0.1711791218082188,0.0715172092386232,0.0562888746098786,0.4609088786780041,0.071782931939702
301,301.0,0.0535941865911103,0.0609064611750335,0.0536323207671758,0.1745488724592574,0.0715394366657237,0.0557556640502955,0.4574796523888007,0.0725434059026029
302,302.0,0.0537594037945958,0.0607077282767377,0.0538940979021312,0.1775620769495047,0.0722678912699012,0.0551405946569655,0.4536669297640727,0.0730012773860909
303,303.0,0.0539418733762849,0.0605139277590148,0.0542053937118371,0.1803794223520829,0.0730546102064002,0.0545697952073621,0.4498703244057145,0.0734646529813032
304,304.0,0.0541007771481347,0.0602884548680324,0.0544841104104334,0.1828930612343635,0.0738484447405805,0.0540071202161989,0.4465237158214291,0.0738543155608273
305,305.0,0.0542694775388482,0.0600685607778332,0.0547964018627767,0.1849766333784201,0.0746731584158748,0.0534898251283389,0.4434865199767398,0.0742394229211683
306,306.0,0.0550349108890243,0.0598602060481009,0.0551371553912437,0.1868677369670321,0.0755186076785366,0.0530234655285963,0.4405282055686677,0.0740297119287984
307,307.0,0.0557478720200176,0.0594405183911948,0.0554363392512513,0.1883016645366597,0.0763467657690118,0.0525767078602913,0.4383650571410792,0.0737850750304942
308,308.0,0.0563776974090197,0.0589925530130952,0.0556878306502982,0.189337212563433,0.0771362895641609,0.0521372879758136,0.4368271375577181,0.0735039912664611
309,309.0,0.0568470616966329,0.059439457599459,0.0551595098814642,0.1904679781013254,0.0777443005250067,0.0510429635935995,0.4361844487757076,0.0731142798268044
310,310.0,0.0573634113485881,0.0608265471423481,0.0546719196257819,0.1914577782024302,0.0767154654371305,0.0500438156622989,0.4359916072010107,0.0729294553804114
311,311.0,0.0578559264628352,0.0622022677811542,0.0542012469268746,0.1922465381301972,0.0754598124502376,0.0490986128048579,0.4361871259868339,0.0727484694570091
312,312.0,0.0583080869340541,0.0635461445495275,0.0537467018637656,0.1928964507569527,0.0742052629773248,0.0482041124679268,0.4365242972792039,0.0725689431712443
313,313.0,0.0587180406754363,0.0649713905187692,0.053310571052114,0.193194055018492,0.0729632485913994,0.0475854243675232,0.436865390025447,0.0723918797508186
314,314.0,0.0591439311766933,0.0662524522319128,0.0529201801367942,0.1933921077189106,0.0716139386504452,0.0470541071233971,0.4375151451787605,0.072108137783086
315,315.0,0.0596863191539527,0.067447958232461,0.0525456037218304,0.1933936640897579,0.0702919737925877,0.0466962114334561,0.4381202225143566,0.0718180470615974
316,316.0,0.0601765976029658,0.0686474453348031,0.0521886343509674,0.1933205640975191,0.068982788061661,0.0463719242982116,0.4387850393768621,0.0715270068770096
317,317.0,0.0608380201232901,0.0699786989128217,0.0513108162677558,0.1926573764094159,0.0673461073826832,0.0463184556054112,0.4398556948613565,0.0716948304372653
318,318.0,0.0614208792214718,0.071194191019362,0.0504491191032473,0.1918620896855761,0.0659408262695468,0.0462804683582898,0.4410056686340348,0.071846757708471
319,319.0,0.0627453486768968,0.0722019001651251,0.0495197034570683,0.190917713093087,0.0644719958370137,0.0461662790704852,0.4421765190169173,0.0718005406834062
320,320.0,0.0638318640175952,0.0730178265887827,0.0493766370734172,0.1898688663018387,0.0629603712880514,0.0459895233042277,0.4433682772605303,0.0715866341655564
321,321.0,0.0648403077553809,0.0737222869722397,0.0492650483508452,0.188829695414798,0.0615226286817814,0.0458378144198081,0.4444594007627542,0.0715228176423921
322,322.0,0.0664076280279486,0.0742526351385669,0.0490538162765089,0.1877488230097312,0.0601003118655361,0.0456447942628084,0.4454697325259318,0.0713222588929676
323,323.0,0.067873005437477,0.074670793830385,0.0488668929119993,0.1865660069158305,0.0587571928610765,0.0456192032428494,0.4465375383933334,0.0711093664070483
324,324.0,0.0690791965982561,0.07493533210749,0.048599611111974,0.1855073527360665,0.0574770758365254,0.0462815712243006,0.4473345742711871,0.0707852861141998
325,325.0,0.0698963144931344,0.0750742445174356,0.0482682716927617,0.1843753097099826,0.0569178935459454,0.0468659821410602,0.4482259083123951,0.0703760755872846
326,326.0,0.0704858723726718,0.07570411386782,0.0478780458164954,0.1833394329885418,0.0565083039488178,0.047365255670981,0.4488357680971128,0.069883207237559
327,327.0,0.0709883930033034,0.0762570630432717,0.0475150604948568,0.1821844626168156,0.0561597657704293,0.0478545064506716,0.449638510731539,0.0694022378891124
328,328.0,0.0714093593874554,0.0767364484402167,0.0471808546161663,0.1819031408362409,0.0552461045155625,0.0483310023057105,0.4504027282963086,0.0687903616023388
329,329.0,0.0717391558490674,0.0771285388848771,0.046872940144665,0.1814296302065761,0.0544082582083401,0.0487912996674226,0.4514382509887823,0.068191926050269
330,330.0,0.071988642507931,0.0775569609303555,0.0465935121976297,0.1808096038145296,0.0536496142696739,0.0492341314018161,0.4525529420965447,0.0676145927815191
331,331.0,0.0721443617040891,0.0778934255695133,0.0463330818240623,0.1802918827812111,0.0529327773084827,0.0496362378453399,0.4537199594428926,0.0670482735244086
332,332.0,0.0722106644984212,0.078142199788813,0.0460916425725711,0.179830530183365,0.0522546171824231,0.0499936901890856,0.454980305652848,0.0664963499324726
333,333.0,0.0721926154621636,0.0784412671127981,0.0458671297821942,0.1795872908208497,0.0516143108140833,0.0503046526370393,0.4560328698105052,0.0659598635603663
334,334.0,0.0721163617272084,0.0786800080454785,0.0456697128118952,0.1793378147679293,0.0510476821556373,0.0505889749410327,0.4571038355151327,0.0654556100356857
335,335.0,0.0719842517273358,0.0788576595404445,0.0454948312433802,0.1789836329909837,0.0505279001101821,0.0508352528122448,0.4583350476021419,0.0649814239732867
336,336.0,0.0718056123311699,0.0789808025978493,0.0452059119984129,0.1786231280652456,0.0500768331213178,0.0511984615796583,0.4595675451538998,0.0645417051524459
337,337.0,0.0715861738654962,0.079052778157004,0.0449419305409528,0.1782569287643135,0.0496914765402193,0.0515300576774529,0.4608037201482871,0.0641369343062737
338,338.0,0.0701509610873622,0.0794937885084305,0.0442860551702807,0.1775652146107085,0.0495768154923137,0.0514123720076494,0.4624975885657636,0.065017204557491
339,339.0,0.0686902745773465,0.0798715618033022,0.0436568802050444,0.1768567365237884,0.0495113058337844,0.0512620346569401,0.4642370480296928,0.0659141583701007
340,340.0,0.067370933301802,0.0804810580190668,0.0431992128958068,0.1763032265737363,0.0496385574643513,0.0512299056439079,0.4659907819008916,0.0657863242004368
341,341.0,0.0660745531023504,0.080908916632283,0.0427790929656052,0.175807312969973,0.0496756284677196,0.0511886596279028,0.4678883105983224,0.0656775256358432
342,342.0,0.064811066914297,0.0813026149004306,0.0424039575882048,0.1749559501153688,0.049693131455687,0.0511606725026769,0.4700824916471344,0.0655901148761999
343,343.0,0.0635766751435522,0.0816470060338143,0.0420593316231807,0.1740261179874034,0.0497227071019739,0.0511028405168748,0.4723563676998533,0.065508953893347
344,344.0,0.0623707498547037,0.0819280294512969,0.0417450878570076,0.1732134756049814,0.0497771383445939,0.0510190100468333,0.4745184975759297,0.0654280112646531
345,345.0,0.0612136672735802,0.0820982212331388,0.0414659147145893,0.1723293294037948,0.0498600313492116,0.0509214870779102,0.4768262946164081,0.0652850543313666
346,346.0,0.0609623439192522,0.0822054023233718,0.0412143090942194,0.1716503739341578,0.0499573450990053,0.0508020555538719,0.4787029436337124,0.0645052264424085
347,347.0,0.0607634427452665,0.082277159488766,0.0409953885276317,0.1708246287340882,0.0500776294533047,0.0507736751086058,0.4805461341394028,0.0637419418029339
348,348.0,0.0605163176154584,0.0823127897867153,0.0408070943716573,0.1701538726705917,0.0502164051646596,0.0508318461380547,0.4821616045320595,0.063000069720803
349,349.0,0.0603114906870736,0.082308286275952,0.0406455929837554,0.1694918621189459,0.0503669776446095,0.0508770119930767,0.4836447291983963,0.0623540490981902
350,350.0,0.0601348346682858,0.082253242670297,0.0405074317702318,0.1689528106376593,0.0505179364349834,0.0509009794043032,0.4850062878431597,0.0617264765710795
351,351.0,0.059985574771833,0.0821539997760097,0.0403920182220643,0.1684084847347461,0.0506693208534001,0.0509069053760404,0.4863621945086824,0.0611215017572235
352,352.0,0.0598728058561139,0.0820309653457752,0.0403011222196118,0.1678895589397396,0.0508270788115292,0.0509037345918503,0.4876228965067811,0.0605518377285985
353,353.0,0.0597935913152277,0.0817575014586275,0.0402330191347873,0.1673957565835005,0.0509888135422781,0.0508919280863652,0.4889200383475082,0.0600193515317051
354,354.0,0.0597333058834627,0.0814529130138626,0.0401826022978667,0.1668966590980647,0.0511440066072729,0.050863671399234,0.4902114741486176,0.0595153675516183
355,355.0,0.0596986563532512,0.0811338887733539,0.0401547019786681,0.1660972630084508,0.0514226892490299,0.0509621821268801,0.4914830577166124,0.0590475607937532
356,356.0,0.0596841348510593,0.0808701353212575,0.0401389376858131,0.1652384634462887,0.0516714016792233,0.0510355213391295,0.4927470893399806,0.0586143163372476
357,357.0,0.059688167213996,0.0805979937045729,0.0401352177812453,0.1645260757038163,0.0518892975710561,0.0510844372699988,0.4938614435219884,0.0582173672333257
358,358.0,0.0597196129107844,0.0802908834448897,0.040145226657189,0.1639864239243598,0.0520836290539716,0.0509893364565367,0.4949185964344775,0.0578662911177909
359,359.0,0.0597646006682463,0.0799807184989727,0.0401641852441084,0.1636691542565853,0.0522457873613785,0.0508722321715943,0.4957525619860572,0.057550759813057
360,360.0,0.0598207477059342,0.0796702960045359,0.0401906328172016,0.1633052765796714,0.0522474882304147,0.0508633131683008,0.4966323487751699,0.057269896718771
361,361.0,0.0598734515186888,0.0795201087214251,0.0402184443087438,0.1632455217307543,0.0522115219950466,0.0508264963860006,0.4970931140944659,0.0570113412448744
362,362.0,0.0599330981569431,0.0793698592356834,0.0402511154712581,0.1633084225742789,0.0521467158786738,0.0507713680055546,0.4974343173809655,0.0567851032966422
363,363.0,0.0599978543656602,0.0792202813584433,0.0402874822331523,0.1633157191447625,0.0520550508699064,0.0506990166823461,0.4977261331420519,0.0566984622036769
364,364.0,0.0600549545082232,0.079059386711858,0.040323303158809,0.1635271981398617,0.051932287835977,0.0506027123765728,0.4978707585152199,0.056629398753478
365,365.0,0.0601059711437574,0.0788936840041843,0.0403604323919269,0.1638359069367215,0.0517999378978736,0.0504949105355534,0.4979308141605322,0.0565783429294501
366,366.0,0.0601604002611254,0.0787360644050211,0.0404010017857618,0.1639764907716655,0.0516656949995055,0.0503843151565152,0.4981240191775626,0.0565520134428425
367,367.0,0.0600908486051786,0.0785814790272322,0.0404413880096001,0.1640462782490024,0.0515118238025564,0.0502609225198045,0.4985221097575143,0.056545150029111
368,368.0,0.0600146333720534,0.0784236968371847,0.0404805143738952,0.1640765857144471,0.0513528776616839,0.0501291023690028,0.4989736024654926,0.0565489872062399
369,369.0,0.0599400205607552,0.0783406116325604,0.0405192115150993,0.1640857603832655,0.0511957444044929,0.0499968538805988,0.4993530360561806,0.0565687615670468
370,370.0,0.0598712722796719,0.0782673306110107,0.0405593612843989,0.1640949670283285,0.050921202318458,0.0498696716209715,0.4998093937663934,0.0566068010907667
371,371.0,0.0597965318388849,0.0781905719999634,0.0405963977994215,0.1640604725236848,0.0506480053912139,0.0497367518236657,0.5003223274770024,0.056648941146163
372,372.0,0.0597246570437801,0.0783747879460024,0.0406383859040712,0.1637876201934938,0.0504376392149818,0.0496329270809303,0.5007021211522183,0.0567018614645218
373,373.0,0.0596474990696846,0.0785521725200701,0.0406764302961931,0.1634721941119605,0.050232045850731,0.0495248310514429,0.5011394532916099,0.0567553738083075
374,374.0,0.0595654263187575,0.0787204087519746,0.0407102025394455,0.1632332586245394,0.0500323541023781,0.0494130204195825,0.5015173768872634,0.0568079523560587
