,Unnamed: 0,Total_iterations,Intertwine_two,Invert_path_vertices,Insert_inside_vertex,Delete_inside_vertex,Replace_inside_vertex,Donate_between_routes,Trim_one_terminal_cb,Grow_one_terminal_cb
0,0.0,0.0,0.125,0.125,0.125,0.125,0.125,0.125,0.125,0.125
1,1.0,0.10900000000000001,0.125,0.125,0.125,0.125,0.125,0.125,0.125,0.125
2,2.0,0.31601,0.125,0.125,0.125,0.125,0.125,0.125,0.125,0.125
3,3.0,0.6191589000000001,0.125,0.125,0.125,0.125,0.125,0.125,0.125,0.125
4,4.0,1.015801321,0.125,0.125,0.125,0.125,0.125,0.125,0.125,0.125
5,5.0,1.50262148669,0.125,0.125,0.125,0.125,0.125,0.125,0.125,0.125
6,6.0,2.0757334209441005,0.125,0.125,0.125,0.125,0.125,0.125,0.125,0.125
7,7.0,2.7307768275633495,0.125,0.125,0.125,0.125,0.125,0.125,0.125,0.125
8,8.0,3.4630081252450404,0.125,0.125,0.125,0.125,0.125,0.125,0.125,0.125
9,9.0,4.2673862119061114,0.125,0.125,0.125,0.125,0.125,0.125,0.125,0.125
10,10.0,5.138652627782014,0.125,0.125,0.125,0.125,0.125,0.125,0.125,0.125
11,11.0,6.071405875792507,0.125,0.125,0.125,0.125,0.125,0.125,0.125,0.125
12,12.0,7.060169740244025,0.125,0.125,0.125,0.125,0.125,0.125,0.125,0.125
13,13.0,8.099455520847952,0.125,0.125,0.125,0.125,0.125,0.125,0.125,0.125
14,14.0,9.183818168183006,0.125,0.125,0.125,0.125,0.125,0.125,0.125,0.125
15,15.0,10.307906369102724,0.125,0.125,0.125,0.125,0.125,0.125,0.125,0.125
16,16.0,11.466506686239443,0.125,0.125,0.125,0.125,0.125,0.125,0.125,0.125
17,17.0,12.654581904800096,0.125,0.125,0.125,0.125,0.125,0.125,0.125,0.125
18,18.0,13.867303782456686,0.125,0.125,0.125,0.125,0.125,0.125,0.125,0.125
19,19.0,15.100080434523047,0.125,0.125,0.125,0.125,0.125,0.125,0.125,0.125
20,20.0,16.348578617037543,0.125,0.125,0.125,0.125,0.125,0.125,0.125,0.125
21,21.0,17.608741195130214,0.125,0.125,0.125,0.125,0.125,0.125,0.125,0.125
22,22.0,18.876800103462312,0.125,0.125,0.125,0.125,0.125,0.125,0.125,0.125
23,23.0,20.14928511992658,0.125,0.125,0.125,0.125,0.125,0.125,0.125,0.125
24,24.0,21.423028783545156,0.125,0.125,0.125,0.125,0.125,0.125,0.125,0.125
25,25.0,22.695167792966423,0.125,0.125,0.125,0.125,0.125,0.125,0.125,0.125
26,26.0,23.963141223515898,0.125,0.125,0.125,0.125,0.125,0.125,0.125,0.125
27,27.0,25.224685898775267,0.125,0.125,0.125,0.125,0.125,0.125,0.125,0.125
28,28.0,26.477829247520948,0.125,0.125,0.125,0.125,0.125,0.125,0.125,0.125
29,29.0,27.720879968916847,0.125,0.125,0.125,0.125,0.125,0.125,0.125,0.125
30,30.0,28.95241681848399,0.125,0.125,0.125,0.125,0.125,0.125,0.125,0.125
31,31.0,30.17127581490958,0.125,0.125,0.125,0.125,0.125,0.125,0.125,0.125
32,32.0,31.376536153543515,0.125,0.125,0.125,0.125,0.125,0.125,0.125,0.125
33,33.0,32.567505096778625,0.125,0.125,0.125,0.125,0.125,0.125,0.125,0.125
34,34.0,33.74370209472243,0.125,0.125,0.125,0.125,0.125,0.125,0.125,0.125
35,35.0,34.90484237192463,0.125,0.125,0.125,0.125,0.125,0.125,0.125,0.125
36,36.0,36.05082019768737,0.125,0.125,0.125,0.125,0.125,0.125,0.125,0.125
37,37.0,37.18169203889697,0.125,0.125,0.125,0.125,0.125,0.125,0.125,0.125
38,38.0,38.29765977559663,0.125,0.125,0.125,0.125,0.125,0.125,0.125,0.125
39,39.0,39.399054140870355,0.125,0.125,0.125,0.125,0.125,0.125,0.125,0.125
40,40.0,40.48631852820801,0.125,0.125,0.125,0.125,0.125,0.125,0.125,0.125
41,41.0,41.55999329152982,0.125,0.125,0.125,0.125,0.125,0.125,0.125,0.125
42,42.0,42.62070064560415,0.125,0.125,0.125,0.125,0.125,0.125,0.125,0.125
43,43.0,43.669130257815,0.125,0.125,0.125,0.125,0.125,0.125,0.125,0.125
44,44.0,44.70602560622662,0.125,0.125,0.125,0.125,0.125,0.125,0.125,0.125
45,45.0,45.73217116373481,0.125,0.125,0.125,0.125,0.125,0.125,0.125,0.125
46,46.0,46.748380453854836,0.125,0.125,0.125,0.125,0.125,0.125,0.125,0.125
47,47.0,47.755485010424316,0.125,0.125,0.125,0.125,0.125,0.125,0.125,0.125
48,48.0,48.7543242612326,0.125,0.125,0.125,0.125,0.125,0.125,0.125,0.125
49,49.0,49.745736344347726,0.125,0.125,0.125,0.125,0.125,0.125,0.125,0.125
50,50.0,50.730549855707864,0.125,0.125,0.125,0.125,0.125,0.125,0.125,0.125
51,51.0,51.70957651737491,0.125,0.125,0.125,0.125,0.125,0.125,0.125,0.125
52,52.0,52.68360474770151,0.125,0.125,0.125,0.125,0.125,0.125,0.125,0.125
53,53.0,53.65339410751842,0.125,0.125,0.125,0.125,0.125,0.125,0.125,0.125
54,54.0,54.61967059027847,0.125,0.125,0.125,0.125,0.125,0.125,0.125,0.125
55,55.0,55.58312271885972,0.125,0.125,0.125,0.125,0.125,0.125,0.125,0.125
56,56.0,56.544398407394254,0.125,0.125,0.125,0.125,0.125,0.125,0.125,0.125
57,57.0,57.504102543001395,0.125,0.125,0.125,0.125,0.125,0.125,0.125,0.125
58,58.0,58.462795239617805,0.125,0.125,0.125,0.125,0.125,0.125,0.125,0.125
59,59.0,59.42099071417639,0.125,0.125,0.125,0.125,0.125,0.125,0.125,0.125
60,60.0,60.379156734137354,0.125,0.125,0.125,0.125,0.125,0.125,0.125,0.125
61,61.0,61.337714584760846,0.125,0.125,0.125,0.125,0.125,0.125,0.125,0.125
62,62.0,62.29703950447439,0.125,0.125,0.125,0.125,0.125,0.125,0.125,0.125
63,63.0,63.257461537171835,0.125,0.125,0.125,0.125,0.125,0.125,0.125,0.125
64,64.0,64.21926675122782,0.125,0.125,0.125,0.125,0.125,0.125,0.125,0.125
65,65.0,65.18269877636592,0.125,0.125,0.125,0.125,0.125,0.125,0.125,0.125
66,66.0,66.14796061122655,0.125,0.125,0.125,0.125,0.125,0.125,0.125,0.125
67,67.0,67.11521665648885,0.125,0.125,0.125,0.125,0.125,0.125,0.125,0.125
68,68.0,68.08459493066005,0.125,0.125,0.125,0.125,0.125,0.125,0.125,0.125
69,69.0,69.05618942810752,0.125,0.125,0.125,0.125,0.125,0.125,0.125,0.125
70,70.0,70.03006258152917,0.125,0.125,0.125,0.125,0.125,0.125,0.125,0.125
71,71.0,71.00624779379335,0.125,0.125,0.125,0.125,0.125,0.125,0.125,0.125
72,72.0,71.98475200689319,0.125,0.125,0.125,0.125,0.125,0.125,0.125,0.125
73,73.0,72.96555827861411,0.125,0.125,0.125,0.125,0.125,0.125,0.125,0.125
74,74.0,73.94862834037681,0.125,0.125,0.125,0.125,0.125,0.125,0.125,0.125
75,75.0,74.93390511255946,0.125,0.125,0.125,0.125,0.125,0.125,0.125,0.125
76,76.0,75.93131515639826,0.125,0.125,0.125,0.125,0.125,0.125,0.125,0.125
77,77.0,76.93067104428917,0.125,0.125,0.125,0.125,0.125,0.125,0.125,0.125
78,78.0,77.93178463294811,0.125,0.125,0.125,0.125,0.125,0.125,0.125,0.125
79,79.0,78.93446901641168,0.125,0.125,0.125,0.125,0.125,0.125,0.125,0.125
80,80.0,79.93854027136479,0.125,0.125,0.125,0.125,0.125,0.125,0.125,0.125
81,81.0,80.94381899810892,0.125,0.125,0.125,0.125,0.125,0.125,0.125,0.125
82,82.0,81.95013166219756,0.125,0.125,0.125,0.125,0.125,0.125,0.125,0.125
83,83.0,82.95731174325537,0.125,0.125,0.125,0.125,0.125,0.125,0.125,0.125
84,84.0,83.96520069877484,0.125,0.125,0.125,0.125,0.125,0.125,0.125,0.125
85,85.0,84.97364875175461,0.125,0.125,0.125,0.125,0.125,0.125,0.125,0.125
86,86.0,85.98251551191886,0.125,0.125,0.125,0.125,0.125,0.125,0.125,0.125
87,87.0,86.99167044094749,0.125,0.125,0.125,0.125,0.125,0.125,0.125,0.125
88,88.0,88.00099317266378,0.125,0.125,0.125,0.125,0.125,0.125,0.125,0.125
89,89.0,89.0103736994818,0.125,0.125,0.125,0.125,0.125,0.125,0.125,0.125
90,90.0,90.01971243662322,0.125,0.125,0.125,0.125,0.125,0.125,0.125,0.125
91,91.0,91.02892017568425,0.125,0.125,0.125,0.125,0.125,0.125,0.125,0.125
92,92.0,92.03791793908233,0.125,0.125,0.125,0.125,0.125,0.125,0.125,0.125
93,93.0,93.04663674674978,0.125,0.125,0.125,0.125,0.125,0.125,0.125,0.125
94,94.0,94.05501730618299,0.125,0.125,0.125,0.125,0.125,0.125,0.125,0.125
95,95.0,95.06300963661106,0.125,0.125,0.125,0.125,0.125,0.125,0.125,0.125
96,96.0,96.0705726376302,0.125,0.125,0.125,0.125,0.125,0.125,0.125,0.125
97,97.0,97.07767361217114,0.125,0.125,0.125,0.125,0.125,0.125,0.125,0.125
98,98.0,98.08428775313627,0.125,0.125,0.125,0.125,0.125,0.125,0.125,0.125
99,99.0,99.09039760247352,0.125,0.125,0.125,0.125,0.125,0.125,0.125,0.125
100,100.0,100.09599249085231,0.125,0.125,0.125,0.125,0.125,0.125,0.125,0.125
101,101.0,101.1010679654847,0.125,0.125,0.125,0.125,0.125,0.125,0.125,0.125
102,102.0,102.105625212999,0.125,0.125,0.125,0.125,0.125,0.125,0.125,0.125
103,103.0,103.10967048363189,0.125,0.125,0.125,0.125,0.125,0.125,0.125,0.125
104,104.0,104.11321452236515,0.125,0.125,0.125,0.125,0.125,0.125,0.125,0.125
105,105.0,105.11627201200146,0.125,0.125,0.125,0.125,0.125,0.125,0.125,0.125
106,106.0,106.11886103255411,0.125,0.125,0.125,0.125,0.125,0.125,0.125,0.125
107,107.0,107.12100254072595,0.125,0.125,0.125,0.125,0.125,0.125,0.125,0.125
108,108.0,108.12271987267336,0.125,0.125,0.125,0.125,0.125,0.125,0.125,0.125
109,109.0,109.12403827269928,0.125,0.125,0.125,0.125,0.125,0.125,0.125,0.125
110,110.0,110.12498444999562,0.125,0.125,0.125,0.125,0.125,0.125,0.125,0.125
111,111.0,111.12558616506237,0.125,0.125,0.125,0.125,0.125,0.125,0.125,0.125
112,112.0,112.12587184697182,0.125,0.125,0.125,0.125,0.125,0.125,0.125,0.125
113,113.0,113.12587024222061,0.125,0.125,0.125,0.125,0.125,0.125,0.125,0.125
114,114.0,114.12561009552232,0.125,0.125,0.125,0.125,0.125,0.125,0.125,0.125
115,115.0,115.12511986253864,0.125,0.125,0.125,0.125,0.125,0.125,0.125,0.125
116,116.0,116.12442745422793,0.125,0.125,0.125,0.125,0.125,0.125,0.125,0.125
117,117.0,117.12356001220601,0.125,0.125,0.125,0.125,0.125,0.125,0.125,0.125
118,118.0,118.12254371426424,0.125,0.125,0.125,0.125,0.125,0.125,0.125,0.125
119,119.0,119.12140360897399,0.125,0.125,0.125,0.125,0.125,0.125,0.125,0.125
120,120.0,120.12016347812303,0.125,0.125,0.125,0.125,0.125,0.125,0.125,0.125
121,121.0,121.11884572557594,0.125,0.125,0.125,0.125,0.125,0.125,0.125,0.125
122,122.0,122.11747129102778,0.125,0.125,0.125,0.125,0.125,0.125,0.125,0.125
123,123.0,123.11605958702417,0.125,0.125,0.125,0.125,0.125,0.125,0.125,0.125
124,124.0,124.11462845755068,0.125,0.125,0.125,0.125,0.125,0.125,0.125,0.125
125,125.0,125.11319415644904,0.125,0.125,0.125,0.125,0.125,0.125,0.125,0.125
126,126.0,126.11177134389307,0.125,0.125,0.125,0.125,0.125,0.125,0.125,0.125
127,127.0,127.11037309915378,0.125,0.125,0.125,0.125,0.125,0.125,0.125,0.125
128,128.0,128.10901094789685,0.125,0.125,0.125,0.125,0.125,0.125,0.125,0.125
129,129.0,129.10769490228665,0.125,0.125,0.125,0.125,0.125,0.125,0.125,0.125
130,130.0,130.1064335122146,0.125,0.125,0.125,0.125,0.125,0.125,0.125,0.125
131,131.0,131.10523392602764,0.125,0.125,0.125,0.125,0.125,0.125,0.125,0.125
132,132.0,132.10410195919908,0.125,0.125,0.125,0.125,0.125,0.125,0.125,0.125
133,133.0,133.1030421694614,0.125,0.125,0.125,0.125,0.125,0.125,0.125,0.125
134,134.0,134.10205793700285,0.125,0.125,0.125,0.125,0.125,0.125,0.125,0.125
135,135.0,135.10115154842015,0.125,0.125,0.125,0.125,0.125,0.125,0.125,0.125
136,136.0,136.1003242832115,0.125,0.125,0.125,0.125,0.125,0.125,0.125,0.125
137,137.0,137.09957650169162,0.125,0.125,0.125,0.125,0.125,0.125,0.125,0.125
138,138.0,138.0989077333068,0.125,0.125,0.125,0.125,0.125,0.125,0.125,0.125
139,139.0,139.09831676442738,0.125,0.125,0.125,0.125,0.125,0.125,0.125,0.125
140,140.0,140.09780172479165,0.125,0.125,0.125,0.125,0.125,0.125,0.125,0.125
141,141.0,141.09736017187157,0.125,0.125,0.125,0.125,0.125,0.125,0.125,0.125
142,142.0,142.0969891725248,0.125,0.125,0.125,0.125,0.125,0.125,0.125,0.125
143,143.0,143.09668538138746,0.125,0.125,0.125,0.125,0.125,0.125,0.125,0.125
144,144.0,144.09644511554995,0.125,0.125,0.125,0.125,0.125,0.125,0.125,0.125
145,145.0,145.0962644251407,0.125,0.125,0.125,0.125,0.125,0.125,0.125,0.125
146,146.0,146.096139159521,0.125,0.125,0.125,0.125,0.125,0.125,0.125,0.125
147,147.0,147.09606502886805,0.125,0.125,0.125,0.125,0.125,0.125,0.125,0.125
148,148.0,148.1060376609917,0.125,0.125,0.125,0.125,0.125,0.125,0.125,0.125
149,149.0,149.11595265329305,0.125,0.125,0.125,0.125,0.125,0.125,0.125,0.125
150,150.0,150.12571661983137,0.125,0.125,0.125,0.125,0.125,0.125,0.125,0.125
151,151.0,151.13524702351754,0.125,0.125,0.125,0.125,0.125,0.125,0.125,0.125
152,152.0,152.1444719165999,0.125,0.125,0.125,0.125,0.125,0.125,0.125,0.125
153,153.0,153.15332960120804,0.125,0.125,0.125,0.125,0.125,0.125,0.125,0.125
154,154.0,154.16176822134327,0.125,0.125,0.125,0.125,0.125,0.125,0.125,0.125
155,155.0,155.16974529725155,0.125,0.125,0.125,0.125,0.125,0.125,0.125,0.125
156,156.0,156.1772272125965,0.125,0.125,0.125,0.125,0.125,0.125,0.125,0.125
157,157.0,157.18418866428098,0.125,0.125,0.125,0.125,0.125,0.125,0.125,0.125
158,158.0,158.1906120841542,0.125,0.125,0.125,0.125,0.125,0.125,0.125,0.125
159,159.0,159.19648704119854,0.125,0.125,0.125,0.125,0.125,0.125,0.125,0.125
160,160.0,160.20180963212647,0.125,0.125,0.125,0.125,0.125,0.125,0.125,0.125
161,161.0,161.20658186764035,0.125,0.125,0.125,0.125,0.125,0.125,0.125,0.125
162,162.0,162.21081106092646,0.125,0.125,0.125,0.125,0.125,0.125,0.125,0.125
163,163.0,163.21450922427465,0.125,0.125,0.125,0.125,0.125,0.125,0.125,0.125
164,164.0,164.2176924790453,0.125,0.125,0.125,0.125,0.125,0.125,0.125,0.125
165,165.0,165.22038048354844,0.125,0.125,0.125,0.125,0.125,0.125,0.125,0.125
166,166.0,166.22259588276577,0.125,0.125,0.125,0.125,0.125,0.125,0.125,0.125
167,167.0,167.22436378323374,0.125,0.125,0.125,0.125,0.125,0.125,0.125,0.125
168,168.0,168.22571125582255,0.125,0.125,0.125,0.125,0.125,0.125,0.125,0.125
169,169.0,169.22666686859424,0.125,0.125,0.125,0.125,0.125,0.125,0.125,0.125
170,170.0,170.22726025140284,0.125,0.125,0.125,0.125,0.125,0.125,0.125,0.125
171,171.0,171.22752169341655,0.125,0.125,0.125,0.125,0.125,0.125,0.125,0.125
172,172.0,172.22748177429472,0.125,0.125,0.125,0.125,0.125,0.125,0.125,0.125
173,173.0,173.22717102934212,0.125,0.125,0.125,0.125,0.125,0.125,0.125,0.125
174,174.0,174.22661964859134,0.125,0.125,0.125,0.125,0.125,0.125,0.125,0.125
175,175.0,175.22585720942976,0.125,0.125,0.125,0.125,0.125,0.125,0.125,0.125
176,176.0,176.22491244209004,0.125,0.125,0.125,0.125,0.125,0.125,0.125,0.125
177,177.0,177.2238130270634,0.125,0.125,0.125,0.125,0.125,0.125,0.125,0.125
178,178.0,178.22258542326875,0.125,0.125,0.125,0.125,0.125,0.125,0.125,0.125
179,179.0,179.2212547256209,0.125,0.125,0.125,0.125,0.125,0.125,0.125,0.125
180,180.0,180.2198445504816,0.125,0.125,0.125,0.125,0.125,0.125,0.125,0.125
181,181.0,181.21837694735146,0.125,0.125,0.125,0.125,0.125,0.125,0.125,0.125
182,182.0,182.2168723350608,0.125,0.125,0.125,0.125,0.125,0.125,0.125,0.125
183,183.0,183.2153494606486,0.125,0.125,0.125,0.125,0.125,0.125,0.125,0.125
184,184.0,184.21382537907112,0.125,0.125,0.125,0.125,0.125,0.125,0.125,0.125
185,185.0,185.2123154518607,0.125,0.125,0.125,0.125,0.125,0.125,0.125,0.125
186,186.0,186.2108333628527,0.125,0.125,0.125,0.125,0.125,0.125,0.125,0.125
187,187.0,187.20939114911698,0.125,0.125,0.125,0.125,0.125,0.125,0.125,0.125
188,188.0,188.20799924526366,0.125,0.125,0.125,0.125,0.125,0.125,0.125,0.125
189,189.0,189.20666653934302,0.125,0.125,0.125,0.125,0.125,0.125,0.125,0.125
190,190.0,190.20540043862104,0.125,0.125,0.125,0.125,0.125,0.125,0.125,0.125
191,191.0,191.20420694358504,0.125,0.125,0.125,0.125,0.125,0.125,0.125,0.125
192,192.0,192.2030907286168,0.125,0.125,0.125,0.125,0.125,0.125,0.125,0.125
193,193.0,193.2020552278592,0.125,0.125,0.125,0.125,0.125,0.125,0.125,0.125
194,194.0,194.20110272489876,0.125,0.125,0.125,0.125,0.125,0.125,0.125,0.125
195,195.0,195.2002344449854,0.125,0.125,0.125,0.125,0.125,0.125,0.125,0.125
196,196.0,196.19945064861352,0.125,0.125,0.125,0.125,0.125,0.125,0.125,0.125
197,197.0,197.2087507253927,0.125,0.125,0.125,0.125,0.125,0.125,0.125,0.125
198,198.0,198.21803328724002,0.12418478260869566,0.12418478260869566,0.12418478260869566,0.12418478260869566,0.12418478260869566,0.12418478260869566,0.13070652173913044,0.12418478260869566
199,199.0,199.2272072600302,0.12296105072463767,0.12296105072463767,0.12379438405797101,0.12462771739130435,0.12296105072463767,0.12296105072463767,0.13677264492753624,0.12296105072463767
200,200.0,200.2361917629411,0.12121663131671563,0.12121663131671563,0.1225045942796786,0.12490366835375268,0.12084626094634526,0.12094935372985041,0.1475165991105965,0.12084626094634526
201,201.0,201.24491589793146,0.11926115980458576,0.11926115980458576,0.12094083105000701,0.12590304197796795,0.11853735028077624,0.11874250491995149,0.15804737111211883,0.11930658105000701
202,202.0,202.2533184604435,0.1175902870615397,0.1172056716769243,0.11927460772624855,0.1276177408199078,0.11614760599547931,0.11645287403671643,0.16803283745693545,0.11767837522624855
203,203.0,203.2613475820999,0.11586822413682035,0.11510283952143571,0.11755535910495536,0.12913883286326575,0.11450076621841689,0.11413416215021707,0.17735717799160025,0.1163426380132887
204,204.0,204.26896031576965,0.11412255556273117,0.11298367094734652,0.11581123294756863,0.13028579440225907,0.11285235394970324,0.11181811722511958,0.18714789498579198,0.11497837997947993
205,205.0,205.2761221729147,0.11237637139241637,0.11118676408472403,0.11406583429754437,0.1318689069800627,0.11122268658946338,0.10953130904280757,0.1961427590232701,0.11360536858971157
206,206.0,206.28280662261614,0.11056519421335602,0.10962818162326274,0.11225515069312546,0.13322710566761664,0.10954459262293126,0.10832319942441562,0.20430035727566076,0.11215621847963159
207,207.0,207.28899456112129,0.10872674412970665,0.10803075612155504,0.11041731642598568,0.13438201896986293,0.10885319461059154,0.10700038745881464,0.21192343822962023,0.11066614405386335
208,208.0,208.2946737601647,0.10689045989991418,0.10642190916385272,0.10858213384318924,0.13535037128849017,0.10807453678435999,0.10560537134759317,0.21991275221721673,0.10916246545538387
209,209.0,209.2998383017021,0.10502485636655352,0.10476849298554212,0.10671843167051888,0.13658563579611577,0.10718193437833787,0.1041161243408752,0.22799257598894496,0.10761194847311173
210,210.0,210.30448800606874,0.1031295356733293,0.10306878354775208,0.10482607771706753,0.13896274459273958,0.10624226852112506,0.1026035226448382,0.23515427100988517,0.10601279629326313
211,211.0,211.30862785993804,0.10135071150560676,0.10146798479570171,0.10388483841500448,0.1412173196863889,0.10539428659763611,0.10037633879326445,0.2417983674865568,0.10451015271984085
212,212.0,212.31226744982104,0.09944382945181995,0.09972082764695159,0.10280866819186502,0.14397657158392752,0.10438695353338703,0.09802795633987688,0.24877649292492862,0.10285870032724348
213,213.0,213.31542040621753,0.09873987568206685,0.09790785630978016,0.10160716822075559,0.14641087688311216,0.10400085492109451,0.09564342791226071,0.25455099398866193,0.10113894608226817
214,214.0,214.31810386291218,0.09796971681012737,0.09702834272144992,0.10042903367045347,0.14859385708674405,0.10360956780364729,0.09331666827869184,0.25961176935991326,0.09944104426897292
215,215.0,215.32033793530826,0.0972194440195135,0.09616918593148288,0.09927429903923891,0.1505747234653239,0.10411720450668417,0.09105575785095918,0.26381932622566795,0.09777005896112956
216,216.0,216.32214522111164,0.09657545775864466,0.09541751753886411,0.09823367924560937,0.15237826799928317,0.10469212202703865,0.08895822837685051,0.26752352174606836,0.09622120530764128
217,217.0,217.32355032612355,0.09598504411886247,0.09381218733684367,0.09725824793256575,0.15438362969090744,0.10527392203659854,0.08698079598456762,0.27064754640569094,0.09565862649396367
218,218.0,218.32457941737306,0.0952975443970877,0.09241927721316062,0.09627637983159826,0.1564638236521598,0.10578123755276601,0.08588969788960246,0.2728518124009085,0.09502022706271679
219,219.0,219.3252598053239,0.09466578473923182,0.09109441860232735,0.09536716895147945,0.15865143686506084,0.10628507551868918,0.0849258432921434,0.2745537709572747,0.09445650107379344
220,220.0,220.3256195564264,0.09328943107500011,0.08987575557039103,0.09456525239340573,0.16064775778589344,0.1068135560242133,0.08411895710289449,0.2766911384116856,0.09399815163651651
221,221.0,221.32568713685438,0.0920058969059648,0.08876350613026852,0.09386765007885073,0.1624506033751433,0.10735866019842047,0.08346114153102466,0.2784538568140387,0.09363868496628898
222,222.0,222.325491087871,0.09081794860736217,0.08796092135494202,0.09327064426763002,0.16405998101518549,0.10791301229372216,0.08211047199820319,0.28049573768780317,0.09337128277515191
223,223.0,223.32505973290728,0.08972714176901252,0.08808936334677361,0.0928339928295841,0.16547786821433627,0.10693142735655356,0.08089948549381268,0.28214669035177314,0.09389403063815421
224,224.0,224.32442091611085,0.08866993314567974,0.08825072824969814,0.09241625042771383,0.16733366309769265,0.10581408864202137,0.0797542394736841,0.2833414369138558,0.09441966004965446
225,225.0,225.32360177183295,0.08766677176533223,0.08845334688681382,0.09119960701232378,0.16979795068093428,0.10466716349642584,0.0786928491128293,0.28467633783130636,0.09484597321403451
226,226.0,226.32262852426453,0.08666001345520388,0.08933392484118752,0.08996384805664877,0.1725755318585332,0.10344280875205822,0.07765527168665841,0.2852485707839556,0.09512003056575452
227,227.0,227.32152631621028,0.0857606349419235,0.09028179446748377,0.08882379215482349,0.17433220988418613,0.10309489370012216,0.07675005112651417,0.2855160428761198,0.09544058084882705
228,228.0,228.3203190657994,0.0849001822701117,0.09109238332564748,0.08772240293690872,0.1757730103398038,0.10344467261260709,0.07591413732782287,0.28608289677867893,0.09507031440841947
229,229.0,229.31902934977157,0.0840541204527987,0.09175631791332635,0.08663052187362211,0.17685308970698677,0.10435876302706605,0.07511265299935566,0.286626961453533,0.09460757257331147
230,230.0,230.31767831184882,0.08384998653660558,0.092388306599992,0.0855979386580436,0.17766605047953193,0.10525427172992416,0.07438999173528472,0.2867504377063312,0.09410301655428689
231,231.0,231.31628559459986,0.08355747248767822,0.09279512133031076,0.0845234538216547,0.17927926329245547,0.10580696782787093,0.07363990232590766,0.28693736738523246,0.09346045152888986
232,232.0,232.3148692931298,0.0831478379797226,0.09299961073452459,0.08335254404568894,0.18106563789050978,0.10605664179670116,0.07280317015063746,0.2879147283764851,0.09265982902573044
233,233.0,233.31344592887544,0.0828474396112171,0.09260484361086103,0.08231755382791762,0.18293026556624828,0.10634099311459323,0.07210781971387009,0.28947090853645674,0.09138017601883593
234,234.0,234.31203044175777,0.0824349921744108,0.09260388870952133,0.0812315482037228,0.18508057946130993,0.10630125011548307,0.07136297343514676,0.2909864851729492,0.08999828272745612
235,235.0,235.31063619893428,0.08200154666291079,0.09250346043924716,0.08018663189071396,0.1868452626341239,0.10613289406096549,0.07065717248217546,0.29305890735034285,0.08861412447952041
236,236.0,236.3092750184038,0.08158208271389408,0.0923719771086697,0.07921822631780966,0.18877859249179504,0.10593837454344525,0.07002265152881774,0.2948174500000133,0.0872706452955552
237,237.0,237.30795720574235,0.08106725296516637,0.09210133182801318,0.07821683696077021,0.1912809615316975,0.10561072559843955,0.0693471002786876,0.29651030622681146,0.0858654846104141
238,238.0,238.30669160228962,0.08138877500609332,0.0917157869207418,0.07720438985645582,0.19345262258261534,0.1051751504230233,0.06864999103883984,0.2979860030441334,0.08442728112809711
239,239.0,239.30548564315924,0.08153722133987049,0.09121000659450768,0.0769920555154816,0.19555278662488085,0.1045300709901695,0.06790705763215588,0.29932793083539644,0.08294287046753746
240,240.0,240.3043454235103,0.0815774425116039,0.09060047626421101,0.0767164872766442,0.1972776067818879,0.10374805282361019,0.06715895564520961,0.3014606174078446,0.0814603612889885
241,241.0,241.30327577159116,0.0811736153473047,0.08990820039274805,0.0764626518811834,0.19790077217805982,0.1027952759279896,0.06643187831726954,0.30531775429847446,0.08000985165697029
242,242.0,242.30228032714803,0.08065503383590704,0.0891084916565335,0.0762984257794955,0.19966647097777024,0.10172543590233565,0.06569216006885822,0.30829035404006144,0.07856362773903829
243,243.0,243.30136162387774,0.08000820001503504,0.0885719572380729,0.07603897057798037,0.2019200192364019,0.10046351530945295,0.06491683240160871,0.3109765922619495,0.0771039129594985
244,244.0,244.3005211746957,0.07933708451762085,0.08795825575013197,0.07578125681367659,0.2038943879745722,0.09908329269995098,0.06415938147752562,0.31350945598791335,0.07627688477860833
245,245.0,245.2997595586849,0.07857345338035977,0.08787649434267204,0.07544808205171585,0.2051234914204253,0.09806957083507764,0.06338542322655245,0.31606329045171455,0.07546019429148229
246,246.0,246.29907650868836,0.0777347669256894,0.08767409624092815,0.07505089658656378,0.20614319787307525,0.09692088922392439,0.0626041851168506,0.31921115624639046,0.0746608117865779
247,247.0,247.29847099860456,0.07682951143026762,0.087349736312839,0.0745950710697151,0.20765880562070013,0.09565780515175806,0.06182120059133588,0.3222082803028701,0.07387958952051407
248,248.0,248.2979413295431,0.07587914168763321,0.08693028333846015,0.0744649800048493,0.20895018203968843,0.09430399141830458,0.06104572054965321,0.32529976739499666,0.07312593356641438
249,249.0,249.29748521409238,0.07539962085112446,0.08643366659530984,0.07428706904437758,0.20967367435775375,0.09330353368644002,0.06029135937968888,0.32820217319916034,0.07240890288614506
250,250.0,250.29709985804578,0.07494476427745284,0.08591777260340258,0.07411375733546698,0.210390533134741,0.09226027415665392,0.05958629667055128,0.331032012216099,0.07175458960563236
251,251.0,251.29678203902338,0.07438798545666264,0.08527162423298923,0.07382889279414331,0.21060749807201198,0.0914658206247076,0.05880430381315878,0.333488007797259,0.07214586720906738
252,252.0,252.296528181513,0.07376081758073996,0.08451851972102217,0.07345091414551899,0.21053070394257853,0.09060556420921663,0.05797697867050723,0.3357774199601752,0.07337908177024123
253,253.0,253.29633442793855,0.07310176144633775,0.08371797524244644,0.07302652946820916,0.21024384709622937,0.0906458222221986,0.057138481617793946,0.3377264215870219,0.0743991613197628
254,254.0,254.29619670544213,0.07241469422575203,0.08288435572233675,0.07258460091414384,0.2096384350209766,0.0907238164419672,0.05634417243602485,0.33998528308576226,0.07542464215303635
255,255.0,255.29611078814094,0.0716970423894691,0.08214652511066003,0.07210866932664305,0.20871481908548709,0.09080197295619163,0.05558606045681286,0.3425118450328899,0.07643306564184624
256,256.0,256.2960723546885,0.07089128790418465,0.08131494693253687,0.07154924637375511,0.20858923322200454,0.0907561935054229,0.0548012093518811,0.3449003876201349,0.0771974950900798
257,257.0,257.2960770410344,0.07008068421215459,0.080473076672135,0.07098713245895341,0.2090237880671758,0.09035022435654314,0.05406746998715957,0.3470793885840324,0.07793823566184592
258,258.0,258.29612048833536,0.06927119031171847,0.07964250494015018,0.0704242358483955,0.2094694855938612,0.08990798598091765,0.053381736603166086,0.34925623153305835,0.07864662918873244
259,259.0,259.29619838602287,0.0683736072210741,0.07883719380768546,0.06988098649232402,0.20975523789788383,0.08947845180565944,0.05275586929539049,0.35159002368030134,0.07932862979968117
260,260.0,260.29630651008137,0.0675340129591927,0.07806712802303141,0.06937493033730725,0.20990515970348028,0.0890896486778205,0.05219699689333452,0.3538470610278458,0.07998506237798744
261,261.0,261.2964407566332,0.06674114994943149,0.07732159469313882,0.06902688732173794,0.21008591416684352,0.08867476258683249,0.051690289746252054,0.35586133677101645,0.08059806476474717
262,262.0,262.29659717096354,0.06600360550450787,0.07660921962445419,0.06953373200602248,0.2101295770920298,0.08743960719647668,0.051495718842737,0.3576173579706927,0.08117118176307919
263,263.0,263.29677197215125,0.06557400419739819,0.07560203937823196,0.07030529822964475,0.2070496857994387,0.08683570497534966,0.05160402802170941,0.36083068963215775,0.08219854976606954
264,264.0,264.2969615734986,0.06512694401909375,0.0745629535352351,0.07101476147254578,0.2037741322643404,0.08614185816104661,0.05202511419059397,0.3635441301023861,0.08381010625475815
265,265.0,265.2971625989763,0.06467918134053822,0.07353049033014109,0.07168703202766458,0.20076770706571467,0.08541338611881241,0.0524427603609847,0.36614143221226086,0.08533801054388333
266,266.0,266.29737189591646,0.06422801271086113,0.07250642658527497,0.07230538856534982,0.19816614831952245,0.0846341985236124,0.052844415271758274,0.36854651481999406,0.08676889520362674
267,267.0,267.2975865442034,0.06395058525859659,0.07168011724708077,0.07221597046137694,0.1949645435119922,0.08500337757602225,0.053400056504177285,0.3719499846783829,0.08683536476237086
268,268.0,268.2978038622196,0.06388129732283493,0.07074128945378577,0.07285245637351065,0.19174825909052715,0.08511615676405454,0.05379997190196222,0.3753359278980784,0.08652464119524617
269,269.0,269.298021409812,0.06368732865555461,0.06972262995054943,0.07296566342690174,0.18853276458279883,0.08506726692481605,0.054893478157989985,0.37923546422019294,0.08589540408119621
270,270.0,270.29823698854705,0.06343394244961124,0.06867711106838514,0.07298366155268854,0.18508447731100688,0.08492226033369098,0.055901806247409,0.38388949258199323,0.08510724845521475
271,271.0,271.29844863952314,0.06312746596455335,0.06783266859131733,0.07291433059836568,0.18203490942191952,0.08496651286767781,0.05682191224021636,0.38811845597603517,0.08418374433991455
272,272.0,272.2986546390064,0.06277385283958874,0.06697451028209724,0.07276535417885985,0.17879812621504293,0.08491945144004728,0.058167459252585325,0.39245440447424657,0.08314684131753189
273,273.0,273.2988534921512,0.062378755547828416,0.06610930520846259,0.07254425486190133,0.1754110399736828,0.08504964343805696,0.05940294710946059,0.39708706108901737,0.08201699277158978
274,274.0,274.29904392506006,0.06201424323641197,0.06529290616587213,0.07230827096115675,0.17247792672741413,0.08518731874426938,0.060580942230682354,0.4012573788183965,0.08088101311579671
275,275.0,275.2992248754274,0.06164381123055599,0.06491844057618326,0.07204085651441085,0.16953310282744824,0.08551901678626303,0.061676144466754707,0.40492963355651773,0.07973899404186612
276,276.0,276.2993954820038,0.061265299574372704,0.06455839174320412,0.07174201195593939,0.16647465945777679,0.08602044946318103,0.0626717786415264,0.40814346948938574,0.07912393967461374
277,277.0,277.29955507310245,0.06091686381174388,0.06423989038491938,0.0714370401396198,0.16357005481862863,0.08650952613769626,0.06359250035055243,0.41120637058946297,0.07852775376737661
278,278.0,278.29970315436026,0.06057196291860963,0.0639485850194007,0.07111749745391371,0.16082089011525866,0.08672007090871049,0.06443175294770147,0.414439224572988,0.07795001606341737
279,279.0,279.2998393959487,0.06023431901546601,0.0636924025862957,0.07079054979727371,0.15824629753631664,0.08690238975922619,0.06518945310566786,0.4175482356254619,0.07739635257429198
280,280.0,280.2999636194188,0.05990234958079569,0.06345855134302891,0.07045539006942833,0.15583976807300892,0.0870546313769768,0.06586391561900809,0.4205586951848551,0.07686669875289812
281,281.0,281.30007578434765,0.0595988435423128,0.06325267770120988,0.07012398269831986,0.15385407180194535,0.08693570038131392,0.06645716838783212,0.4233006761485454,0.07647687933852065
282,282.0,282.3001759749402,0.05936730149581323,0.06312243324971312,0.06902196817078732,0.15284328611884918,0.08689375030537702,0.0664316316334519,0.42606574072260933,0.07625388830339888
283,283.0,283.31026438672404,0.059138145745521585,0.06299588906002809,0.06792329173450182,0.15215601997602582,0.08682176344522223,0.06632101386992449,0.4285925925500395,0.0760512836187364
284,284.0,284.32024131346225,0.058909039232278526,0.06287533437502466,0.06683476139125336,0.15158868007465937,0.08668443802791131,0.0661259468456873,0.4311162729142486,0.07586552713893686
285,285.0,285.3300181343921,0.058682445982865775,0.06275432312785477,0.06576695494638422,0.15134014295206832,0.08652142097466008,0.06586143624238346,0.4333754664365338,0.07569780933724958
286,286.0,286.339517091885,0.05847966899249288,0.06264719323914025,0.06473770937806363,0.15120210221608024,0.08634582734093682,0.06572462197191233,0.4353106254226395,0.07555225143873434
287,287.0,287.34867098270973,0.05806716687920188,0.06255180373498989,0.06375274301541485,0.151160507751474,0.08615964733258513,0.06553929318364407,0.43734146310953614,0.07542737499315401
288,288.0,288.3574227746249,0.05766286914671803,0.06267756930674563,0.06280620561742223,0.15126266776895042,0.0859542339214563,0.06530044095173183,0.43901963923911747,0.07531637404785808
289,289.0,289.3657251596024,0.05726851808516889,0.06278889940135013,0.06190244757416481,0.1518002401930804,0.08573200652361934,0.06501410516619825,0.4402757904475678,0.0752179926088504
290,290.0,290.37354005448606,0.05698233738309229,0.06297999799315576,0.06114170489409074,0.15286997706635305,0.08471782066284995,0.06455066930275918,0.4424388692400797,0.07431862345761932
291,291.0,291.3808380593365,0.05661701426333317,0.06306025124880178,0.06033812098304259,0.15391905598047015,0.08360840650659138,0.06396196978843244,0.44423943440898206,0.07425574682034645
292,292.0,292.3875978831085,0.056188809511595134,0.06304329769290908,0.05950889791976777,0.15478046201054263,0.08242900365038,0.06327090885442493,0.4467210656138691,0.07405755474651139
293,293.0,293.39380574567224,0.05578124078334452,0.06301066887514524,0.05873802203765598,0.15572796224068405,0.0810578692295198,0.062573478781245,0.4492296230072025,0.07388113504520298
294,294.0,294.3994547645229,0.055336981855365924,0.06291560812868567,0.05796412431837858,0.15745491087086477,0.07963183113814658,0.061809531241594995,0.4512921099245302,0.07359490252243334
295,295.0,295.40454433384326,0.05491844122258145,0.06281622259697843,0.057249465929368436,0.1592765403500917,0.0782175723734259,0.060888681667552666,0.4533084627602093,0.07332461309979213
296,296.0,296.4090795028931,0.05453685082618574,0.06251386678022779,0.05660056061351734,0.16118151232421837,0.07683155710141196,0.05997885720135382,0.45528438040024394,0.07307241475284108
297,297.0,297.4130703600091,0.05417257007693331,0.06219479421013911,0.05600556458161745,0.163121788758865,0.07549774939245855,0.059081084617481364,0.4570911073087825,0.07283534105372276
298,298.0,298.4165314278133,0.053778261207425224,0.06181365918845338,0.05541188767142391,0.16561257257891654,0.07414446624411752,0.058144512872284136,0.4585923107424603,0.07250232949491903
299,299.0,299.41948107455903,0.053613620996854704,0.06142821000672426,0.05466985051254649,0.16808068632166015,0.07283410000691275,0.05723050801549159,0.45995867220704156,0.07218435193276855
300,300.0,300.4219409458846,0.05340894751530749,0.06098118699534193,0.05393284921492367,0.17117912180821887,0.07151720923862327,0.05628887460987868,0.4609088786780041,0.071782931939702
301,301.0,301.42393542061876,0.05359418659111033,0.06090646117503355,0.05363232076717583,0.17454887245925746,0.07153943666572377,0.055755664050295514,0.4574796523888007,0.0725434059026029
302,302.0,302.4254910936733,0.05375940379459587,0.06070772827673771,0.05389409790213128,0.1775620769495047,0.07226789126990128,0.055140594656965566,0.4536669297640727,0.07300127738609095
303,303.0,303.4266362884856,0.05394187337628499,0.06051392775901488,0.054205393711837184,0.1803794223520829,0.07305461020640022,0.054569795207362104,0.4498703244057145,0.07346465298130328
304,304.0,304.4274006009319,0.05410077714813477,0.06028845486803246,0.05448411041043344,0.18289306123436358,0.0738484447405805,0.05400712021619894,0.44652371582142913,0.07385431556082732
305,305.0,305.42781447612424,0.0542694775388482,0.06006856077783325,0.0547964018627767,0.18497663337842013,0.0746731584158748,0.05348982512833892,0.4434865199767398,0.07423942292116831
306,306.0,306.4279088190361,0.05503491088902431,0.059860206048100995,0.055137155391243725,0.18686773696703213,0.0755186076785366,0.05302346552859631,0.4405282055686677,0.0740297119287984
307,307.0,307.4277146394664,0.05574787202001766,0.05944051839119481,0.055436339251251354,0.18830166453665975,0.07634676576901182,0.052576707860291325,0.4383650571410792,0.07378507503049424
308,308.0,308.42726273145894,0.056377697409019725,0.05899255301309521,0.05568783065029829,0.18933721256343308,0.07713628956416091,0.052137287975813684,0.4368271375577181,0.07350399126646111
309,309.0,309.4265833869377,0.056847061696632915,0.059439457599459004,0.05515950988146429,0.19046797810132549,0.07774430052500673,0.05104296359359954,0.43618444877570767,0.07311427982680445
310,310.0,310.4257061429992,0.057363411348588106,0.06082654714234812,0.05467191962578198,0.1914577782024302,0.07671546543713056,0.05004381566229893,0.4359916072010107,0.07292945538041148
311,311.0,311.42465956202454,0.0578559264628352,0.062202267781154265,0.05420124692687464,0.19224653813019726,0.0754598124502376,0.04909861280485796,0.43618712598683396,0.07274846945700919
312,312.0,312.4234710435272,0.058308086934054155,0.06354614454952753,0.05374670186376567,0.19289645075695275,0.07420526297732487,0.04820411246792685,0.4365242972792039,0.07256894317124436
313,313.0,313.42216666644424,0.058718040675436324,0.06497139051876927,0.053310571052114085,0.19319405501849202,0.07296324859139944,0.04758542436752325,0.436865390025447,0.07239187975081864
314,314.0,314.4207710604052,0.05914393117669331,0.06625245223191284,0.05292018013679422,0.1933921077189106,0.07161393865044527,0.04705410712339719,0.43751514517876056,0.07210813778308604
315,315.0,315.41930730436593,0.0596863191539527,0.06744795823246102,0.05254560372183047,0.19339366408975794,0.07029197379258775,0.046696211433456106,0.4381202225143566,0.07181804706159743
316,316.0,316.41779685088693,0.06017659760296589,0.06864744533480313,0.05218863435096746,0.19332056409751913,0.06898278806166107,0.04637192429821161,0.43878503937686214,0.07152700687700961
317,317.0,317.416259474247,0.06083802012329011,0.06997869891282178,0.05131081626775581,0.19265737640941596,0.06734610738268325,0.04631845560541121,0.43985569486135656,0.0716948304372653
318,318.0,318.41471324052856,0.06142087922147186,0.071194191019362,0.05044911910324731,0.19186208968557614,0.06594082626954688,0.04628046835828989,0.4410056686340348,0.07184675770847106
319,319.0,319.4131744977767,0.06274534867689681,0.07220190016512515,0.049519703457068305,0.19091771309308708,0.06447199583701377,0.04616627907048529,0.4421765190169173,0.0718005406834062
320,320.0,320.4116578843223,0.06383186401759527,0.07301782658878272,0.049376637073417246,0.1898688663018387,0.06296037128805144,0.04598952330422771,0.4433682772605303,0.07158663416555647
321,321.0,321.4101763533701,0.06484030775538092,0.0737222869722397,0.04926504835084528,0.188829695414798,0.06152262868178142,0.04583781441980811,0.44445940076275425,0.07152281764239211
322,322.0,322.4087412119794,0.06640762802794867,0.07425263513856695,0.0490538162765089,0.18774882300973122,0.06010031186553611,0.04564479426280845,0.44546973252593186,0.07132225889296764
323,323.0,323.407362172608,0.06787300543747704,0.07467079383038501,0.04886689291199934,0.18656600691583056,0.05875719286107659,0.04561920324284948,0.44653753839333343,0.0711093664070483
324,324.0,324.4060474154476,0.06907919659825616,0.07493533210749007,0.04859961111197401,0.1855073527360665,0.05747707583652549,0.046281571224300606,0.44733457427118717,0.0707852861141998
325,325.0,325.4048036598488,0.0698963144931344,0.07507424451743565,0.048268271692761745,0.1843753097099826,0.05691789354594545,0.04686598214106027,0.4482259083123951,0.07037607558728462
326,326.0,326.40363624321145,0.07048587237267184,0.07570411386782004,0.04787804581649545,0.18333943298854188,0.05650830394881782,0.04736525567098103,0.4488357680971128,0.06988320723755904
327,327.0,327.40254920580566,0.0709883930033034,0.0762570630432717,0.04751506049485684,0.1821844626168156,0.056159765770429346,0.047854506450671616,0.449638510731539,0.06940223788911246
328,328.0,328.4015453800824,0.07140935938745542,0.07673644844021679,0.0471808546161663,0.18190314083624093,0.05524610451556255,0.04833100230571055,0.4504027282963086,0.0687903616023388
329,329.0,329.4006264831306,0.07173915584906743,0.07712853888487714,0.04687294014466508,0.18142963020657615,0.05440825820834014,0.048791299667422634,0.4514382509887823,0.06819192605026907
330,330.0,330.3997932110428,0.07198864250793105,0.07755696093035551,0.046593512197629784,0.1808096038145296,0.05364961426967395,0.049234131401816185,0.45255294209654473,0.06761459278151917
