,Unnamed: 0,Total_iterations,Intertwine_two,Add_vertex,Delete_vertex,Invert_path_vertices,Insert_inside_vertex,Delete_inside_vertex,Replace_inside_vertex,Donate_between_routes
0,0.0,0.0,0.125,0.125,0.125,0.125,0.125,0.125,0.125,0.125
1,1.0,1.0,0.125,0.125,0.125,0.125,0.125,0.125,0.125,0.125
2,2.0,2.0,0.125,0.125,0.125,0.125,0.125,0.125,0.125,0.125
3,3.0,3.0,0.125,0.125,0.125,0.125,0.125,0.125,0.125,0.125
4,4.0,4.0,0.125,0.125,0.125,0.125,0.125,0.125,0.125,0.125
5,5.0,5.0,0.125,0.125,0.125,0.125,0.125,0.125,0.125,0.125
6,6.0,6.0,0.125,0.125,0.125,0.125,0.125,0.125,0.125,0.125
7,7.0,7.0,0.125,0.125,0.125,0.125,0.125,0.125,0.125,0.125
8,8.0,8.0,0.125,0.125,0.125,0.125,0.125,0.125,0.125,0.125
9,9.0,9.0,0.125,0.125,0.125,0.125,0.125,0.125,0.125,0.125
10,10.0,10.0,0.125,0.125,0.125,0.125,0.125,0.125,0.125,0.125
11,11.0,11.0,0.125,0.125,0.125,0.125,0.125,0.125,0.125,0.125
12,12.0,12.0,0.125,0.125,0.125,0.125,0.125,0.125,0.125,0.125
13,13.0,13.0,0.125,0.125,0.125,0.125,0.125,0.125,0.125,0.125
14,14.0,14.0,0.125,0.125,0.125,0.125,0.125,0.125,0.125,0.125
15,15.0,15.0,0.125,0.125,0.125,0.125,0.125,0.125,0.125,0.125
16,16.0,16.0,0.125,0.125,0.125,0.125,0.125,0.125,0.125,0.125
17,17.0,17.0,0.125,0.125,0.125,0.125,0.125,0.125,0.125,0.125
18,18.0,18.0,0.125,0.125,0.125,0.125,0.125,0.125,0.125,0.125
19,19.0,19.0,0.125,0.125,0.125,0.125,0.125,0.125,0.125,0.125
20,20.0,20.0,0.125,0.125,0.125,0.125,0.125,0.125,0.125,0.125
21,21.0,21.0,0.125,0.125,0.125,0.125,0.125,0.125,0.125,0.125
22,22.0,22.0,0.125,0.125,0.125,0.125,0.125,0.125,0.125,0.125
23,23.0,23.0,0.125,0.125,0.125,0.125,0.125,0.125,0.125,0.125
24,24.0,24.0,0.125,0.125,0.125,0.125,0.125,0.125,0.125,0.125
25,25.0,25.0,0.125,0.125,0.125,0.125,0.125,0.125,0.125,0.125
26,26.0,26.0,0.125,0.125,0.125,0.125,0.125,0.125,0.125,0.125
27,27.0,27.0,0.125,0.125,0.125,0.125,0.125,0.125,0.125,0.125
28,28.0,28.0,0.125,0.125,0.125,0.125,0.125,0.125,0.125,0.125
29,29.0,29.0,0.125,0.125,0.125,0.125,0.125,0.125,0.125,0.125
30,30.0,30.0,0.125,0.125,0.125,0.125,0.125,0.125,0.125,0.125
31,31.0,31.0,0.125,0.125,0.125,0.125,0.125,0.125,0.125,0.125
32,32.0,32.0,0.125,0.125,0.125,0.125,0.125,0.125,0.125,0.125
33,33.0,33.0,0.125,0.125,0.125,0.125,0.125,0.125,0.125,0.125
34,34.0,34.0,0.125,0.125,0.125,0.125,0.125,0.125,0.125,0.125
35,35.0,35.0,0.125,0.125,0.125,0.125,0.125,0.125,0.125,0.125
36,36.0,36.0,0.125,0.125,0.125,0.125,0.125,0.125,0.125,0.125
37,37.0,37.0,0.125,0.125,0.125,0.125,0.125,0.125,0.125,0.125
38,38.0,38.0,0.125,0.125,0.125,0.125,0.125,0.125,0.125,0.125
39,39.0,39.0,0.125,0.125,0.125,0.125,0.125,0.125,0.125,0.125
40,40.0,40.0,0.125,0.125,0.125,0.125,0.125,0.125,0.125,0.125
41,41.0,41.0,0.125,0.125,0.125,0.125,0.125,0.125,0.125,0.125
42,42.0,42.0,0.125,0.125,0.125,0.125,0.125,0.125,0.125,0.125
43,43.0,43.0,0.125,0.125,0.125,0.125,0.125,0.125,0.125,0.125
44,44.0,44.0,0.125,0.125,0.125,0.125,0.125,0.125,0.125,0.125
45,45.0,45.0,0.125,0.125,0.125,0.125,0.125,0.125,0.125,0.125
46,46.0,46.0,0.125,0.125,0.125,0.125,0.125,0.125,0.125,0.125
47,47.0,47.0,0.125,0.125,0.125,0.125,0.125,0.125,0.125,0.125
48,48.0,48.0,0.125,0.125,0.125,0.125,0.125,0.125,0.125,0.125
49,49.0,49.0,0.125,0.125,0.125,0.125,0.125,0.125,0.125,0.125
50,50.0,50.0,0.125,0.125,0.125,0.125,0.125,0.125,0.125,0.125
51,51.0,51.0,0.125,0.125,0.125,0.125,0.125,0.125,0.125,0.125
52,52.0,52.0,0.125,0.125,0.125,0.125,0.125,0.125,0.125,0.125
53,53.0,53.0,0.125,0.125,0.125,0.125,0.125,0.125,0.125,0.125
54,54.0,54.0,0.125,0.125,0.125,0.125,0.125,0.125,0.125,0.125
55,55.0,55.0,0.125,0.125,0.125,0.125,0.125,0.125,0.125,0.125
56,56.0,56.0,0.125,0.125,0.125,0.125,0.125,0.125,0.125,0.125
57,57.0,57.0,0.125,0.125,0.125,0.125,0.125,0.125,0.125,0.125
58,58.0,58.0,0.125,0.125,0.125,0.125,0.125,0.125,0.125,0.125
59,59.0,59.0,0.125,0.125,0.125,0.125,0.125,0.125,0.125,0.125
60,60.0,60.0,0.125,0.125,0.125,0.125,0.125,0.125,0.125,0.125
61,61.0,61.0,0.125,0.125,0.125,0.125,0.125,0.125,0.125,0.125
62,62.0,62.0,0.125,0.125,0.125,0.125,0.125,0.125,0.125,0.125
63,63.0,63.0,0.125,0.125,0.125,0.125,0.125,0.125,0.125,0.125
64,64.0,64.0,0.125,0.125,0.125,0.125,0.125,0.125,0.125,0.125
65,65.0,65.0,0.125,0.125,0.125,0.125,0.125,0.125,0.125,0.125
66,66.0,66.0,0.125,0.125,0.125,0.125,0.125,0.125,0.125,0.125
67,67.0,67.0,0.125,0.125,0.125,0.125,0.125,0.125,0.125,0.125
68,68.0,68.0,0.125,0.125,0.125,0.125,0.125,0.125,0.125,0.125
69,69.0,69.0,0.125,0.125,0.125,0.125,0.125,0.125,0.125,0.125
70,70.0,70.0,0.125,0.125,0.125,0.125,0.125,0.125,0.125,0.125
71,71.0,71.0,0.125,0.125,0.125,0.125,0.125,0.125,0.125,0.125
72,72.0,72.0,0.125,0.125,0.125,0.125,0.125,0.125,0.125,0.125
73,73.0,73.0,0.125,0.125,0.125,0.125,0.125,0.125,0.125,0.125
74,74.0,74.0,0.125,0.125,0.125,0.125,0.125,0.125,0.125,0.125
75,75.0,75.0,0.125,0.125,0.125,0.125,0.125,0.125,0.125,0.125
76,76.0,76.0,0.125,0.125,0.125,0.125,0.125,0.125,0.125,0.125
77,77.0,77.0,0.125,0.125,0.125,0.125,0.125,0.125,0.125,0.125
78,78.0,78.0,0.125,0.125,0.125,0.125,0.125,0.125,0.125,0.125
79,79.0,79.0,0.125,0.125,0.125,0.125,0.125,0.125,0.125,0.125
80,80.0,80.0,0.125,0.125,0.125,0.125,0.125,0.125,0.125,0.125
81,81.0,81.0,0.125,0.125,0.125,0.125,0.125,0.125,0.125,0.125
82,82.0,82.0,0.125,0.125,0.125,0.125,0.125,0.125,0.125,0.125
83,83.0,83.0,0.125,0.125,0.125,0.125,0.125,0.125,0.125,0.125
84,84.0,84.0,0.125,0.125,0.125,0.125,0.125,0.125,0.125,0.125
85,85.0,85.0,0.125,0.125,0.125,0.125,0.125,0.125,0.125,0.125
86,86.0,86.1,0.125,0.125,0.125,0.125,0.125,0.125,0.125,0.125
87,87.0,87.1,0.125,0.125,0.125,0.125,0.125,0.125,0.125,0.125
88,88.0,88.1,0.125,0.125,0.125,0.125,0.125,0.125,0.125,0.125
89,89.0,89.1,0.125,0.125,0.125,0.125,0.125,0.125,0.125,0.125
90,90.0,90.2,0.125,0.125,0.125,0.125,0.125,0.125,0.125,0.125
91,91.0,91.2,0.125,0.125,0.125,0.125,0.125,0.125,0.125,0.125
92,92.0,92.2,0.125,0.125,0.125,0.125,0.125,0.125,0.125,0.125
93,93.0,93.2,0.125,0.125,0.125,0.125,0.125,0.125,0.125,0.125
94,94.0,94.2,0.125,0.125,0.125,0.125,0.125,0.125,0.125,0.125
95,95.0,95.2,0.125,0.125,0.125,0.125,0.125,0.125,0.125,0.125
96,96.0,96.2,0.125,0.125,0.125,0.125,0.125,0.125,0.125,0.125
97,97.0,97.2,0.125,0.125,0.125,0.125,0.125,0.125,0.125,0.125
98,98.0,98.3,0.125,0.125,0.125,0.125,0.125,0.125,0.125,0.125
99,99.0,99.3,0.125,0.125,0.125,0.125,0.125,0.125,0.125,0.125
100,100.0,100.4,0.125,0.125,0.125,0.125,0.125,0.125,0.125,0.125
101,101.0,101.4,0.125,0.125,0.125,0.125,0.125,0.125,0.125,0.125
102,102.0,102.4,0.125,0.125,0.125,0.125,0.125,0.125,0.125,0.125
103,103.0,103.4,0.125,0.125,0.125,0.125,0.125,0.125,0.125,0.125
104,104.0,104.4,0.125,0.125,0.125,0.125,0.125,0.125,0.125,0.125
105,105.0,105.4,0.125,0.125,0.125,0.125,0.125,0.125,0.125,0.125
106,106.0,106.4,0.125,0.125,0.125,0.125,0.125,0.125,0.125,0.125
107,107.0,107.4,0.125,0.125,0.125,0.125,0.125,0.125,0.125,0.125
108,108.0,108.4,0.125,0.125,0.125,0.125,0.125,0.125,0.125,0.125
109,109.0,109.4,0.125,0.125,0.125,0.125,0.125,0.125,0.125,0.125
110,110.0,110.4,0.125,0.125,0.125,0.125,0.125,0.125,0.125,0.125
111,111.0,111.4,0.125,0.125,0.125,0.125,0.125,0.125,0.125,0.125
112,112.0,112.4,0.125,0.125,0.125,0.125,0.125,0.125,0.125,0.125
113,113.0,113.4,0.125,0.125,0.125,0.125,0.125,0.125,0.125,0.125
114,114.0,114.4,0.125,0.125,0.125,0.125,0.125,0.125,0.125,0.125
115,115.0,115.4,0.125,0.125,0.125,0.125,0.125,0.125,0.125,0.125
116,116.0,116.4,0.125,0.125,0.125,0.125,0.125,0.125,0.125,0.125
117,117.0,117.4,0.125,0.125,0.125,0.125,0.125,0.125,0.125,0.125
118,118.0,118.4,0.125,0.125,0.125,0.125,0.125,0.125,0.125,0.125
119,119.0,119.4,0.125,0.125,0.125,0.125,0.125,0.125,0.125,0.125
120,120.0,120.4,0.125,0.125,0.125,0.125,0.125,0.125,0.125,0.125
121,121.0,121.4,0.125,0.125,0.125,0.125,0.125,0.125,0.125,0.125
122,122.0,122.4,0.125,0.125,0.125,0.125,0.125,0.125,0.125,0.125
123,123.0,123.4,0.125,0.125,0.125,0.125,0.125,0.125,0.125,0.125
124,124.0,124.4,0.125,0.125,0.125,0.125,0.125,0.125,0.125,0.125
125,125.0,125.4,0.125,0.125,0.125,0.125,0.125,0.125,0.125,0.125
126,126.0,126.4,0.125,0.125,0.125,0.125,0.125,0.125,0.125,0.125
127,127.0,127.4,0.125,0.125,0.125,0.125,0.125,0.125,0.125,0.125
128,128.0,128.4,0.125,0.125,0.125,0.125,0.125,0.125,0.125,0.125
129,129.0,129.4,0.125,0.125,0.125,0.125,0.125,0.125,0.125,0.125
130,130.0,130.4,0.125,0.125,0.125,0.125,0.125,0.125,0.125,0.125
131,131.0,131.4,0.125,0.125,0.125,0.125,0.125,0.125,0.125,0.125
132,132.0,132.4,0.125,0.125,0.125,0.125,0.125,0.125,0.125,0.125
133,133.0,133.4,0.125,0.125,0.125,0.125,0.125,0.125,0.125,0.125
134,134.0,134.4,0.125,0.125,0.125,0.125,0.125,0.125,0.125,0.125
135,135.0,135.4,0.125,0.125,0.125,0.125,0.125,0.125,0.125,0.125
136,136.0,136.4,0.125,0.125,0.125,0.125,0.125,0.125,0.125,0.125
137,137.0,137.4,0.125,0.125,0.125,0.125,0.125,0.125,0.125,0.125
138,138.0,138.4,0.125,0.125,0.125,0.125,0.125,0.125,0.125,0.125
139,139.0,139.4,0.125,0.125,0.125,0.125,0.125,0.125,0.125,0.125
140,140.0,140.4,0.125,0.125,0.125,0.125,0.125,0.125,0.125,0.125
141,141.0,141.4,0.125,0.125,0.125,0.125,0.125,0.125,0.125,0.125
142,142.0,142.4,0.125,0.125,0.125,0.125,0.125,0.125,0.125,0.125
143,143.0,143.4,0.125,0.125,0.125,0.125,0.125,0.125,0.125,0.125
144,144.0,144.4,0.125,0.125,0.125,0.125,0.125,0.125,0.125,0.125
145,145.0,145.4,0.125,0.125,0.125,0.125,0.125,0.125,0.125,0.125
146,146.0,146.4,0.125,0.125,0.125,0.125,0.125,0.125,0.125,0.125
147,147.0,147.4,0.125,0.125,0.125,0.125,0.125,0.125,0.125,0.125
148,148.0,148.4,0.125,0.125,0.125,0.125,0.125,0.125,0.125,0.125
149,149.0,149.4,0.125,0.125,0.125,0.125,0.125,0.125,0.125,0.125
150,150.0,150.4,0.125,0.125,0.125,0.125,0.125,0.125,0.125,0.125
151,151.0,151.4,0.125,0.125,0.125,0.125,0.125,0.125,0.125,0.125
152,152.0,152.4,0.125,0.125,0.125,0.125,0.125,0.125,0.125,0.125
153,153.0,153.4,0.125,0.125,0.125,0.125,0.125,0.125,0.125,0.125
154,154.0,154.4,0.125,0.125,0.125,0.125,0.125,0.125,0.125,0.125
155,155.0,155.4,0.125,0.125,0.125,0.125,0.125,0.125,0.125,0.125
156,156.0,156.4,0.125,0.125,0.125,0.125,0.125,0.125,0.125,0.125
157,157.0,157.4,0.125,0.125,0.125,0.125,0.125,0.125,0.125,0.125
158,158.0,158.4,0.125,0.125,0.125,0.125,0.125,0.125,0.125,0.125
159,159.0,159.4,0.125,0.125,0.125,0.125,0.125,0.125,0.125,0.125
160,160.0,160.4,0.125,0.125,0.125,0.125,0.125,0.125,0.125,0.125
161,161.0,161.4,0.125,0.125,0.125,0.125,0.125,0.125,0.125,0.125
162,162.0,162.4,0.125,0.125,0.125,0.125,0.125,0.125,0.125,0.125
163,163.0,163.4,0.125,0.125,0.125,0.125,0.125,0.125,0.125,0.125
164,164.0,164.4,0.125,0.125,0.125,0.125,0.125,0.125,0.125,0.125
165,165.0,165.4,0.125,0.125,0.125,0.125,0.125,0.125,0.125,0.125
166,166.0,166.4,0.125,0.125,0.125,0.125,0.125,0.125,0.125,0.125
167,167.0,167.4,0.125,0.125,0.125,0.125,0.125,0.125,0.125,0.125
168,168.0,168.4,0.125,0.125,0.125,0.125,0.125,0.125,0.125,0.125
169,169.0,169.4,0.125,0.125,0.125,0.125,0.125,0.125,0.125,0.125
170,170.0,170.4,0.125,0.125,0.125,0.125,0.125,0.125,0.125,0.125
171,171.0,171.4,0.125,0.125,0.125,0.125,0.125,0.125,0.125,0.125
172,172.0,172.4,0.125,0.125,0.125,0.125,0.125,0.125,0.125,0.125
173,173.0,173.4,0.125,0.125,0.125,0.125,0.125,0.125,0.125,0.125
174,174.0,174.4,0.125,0.125,0.125,0.125,0.125,0.125,0.125,0.125
175,175.0,175.4,0.125,0.125,0.125,0.125,0.125,0.125,0.125,0.125
176,176.0,176.4,0.125,0.125,0.125,0.125,0.125,0.125,0.125,0.125
177,177.0,177.4,0.125,0.125,0.125,0.125,0.125,0.125,0.125,0.125
178,178.0,178.4,0.125,0.125,0.125,0.125,0.125,0.125,0.125,0.125
179,179.0,179.4,0.125,0.125,0.125,0.125,0.125,0.125,0.125,0.125
180,180.0,180.4,0.125,0.125,0.125,0.125,0.125,0.125,0.125,0.125
181,181.0,181.4,0.125,0.125,0.125,0.125,0.125,0.125,0.125,0.125
182,182.0,182.4,0.125,0.125,0.125,0.125,0.125,0.125,0.125,0.125
183,183.0,183.4,0.125,0.125,0.125,0.125,0.125,0.125,0.125,0.125
184,184.0,184.4,0.125,0.125,0.125,0.125,0.125,0.125,0.125,0.125
185,185.0,185.4,0.125,0.125,0.125,0.125,0.125,0.125,0.125,0.125
186,186.0,186.4,0.125,0.125,0.125,0.125,0.125,0.125,0.125,0.125
187,187.0,187.4,0.125,0.125,0.125,0.125,0.125,0.125,0.125,0.125
188,188.0,188.4,0.125,0.125,0.125,0.125,0.125,0.125,0.125,0.125
189,189.0,189.4,0.125,0.125,0.125,0.125,0.125,0.125,0.125,0.125
190,190.0,190.4,0.125,0.125,0.125,0.125,0.125,0.125,0.125,0.125
191,191.0,191.4,0.125,0.125,0.125,0.125,0.125,0.125,0.125,0.125
192,192.0,192.4,0.125,0.125,0.125,0.125,0.125,0.125,0.125,0.125
193,193.0,193.4,0.125,0.125,0.125,0.125,0.125,0.125,0.125,0.125
194,194.0,194.4,0.125,0.125,0.125,0.125,0.125,0.125,0.125,0.125
195,195.0,195.4,0.125,0.125,0.125,0.125,0.125,0.125,0.125,0.125
196,196.0,196.4,0.125,0.125,0.125,0.125,0.125,0.125,0.125,0.125
197,197.0,197.4,0.125,0.125,0.125,0.125,0.125,0.125,0.125,0.125
198,198.0,198.4,0.125,0.125,0.125,0.125,0.125,0.125,0.125,0.125
199,199.0,199.4,0.1202020202020202,0.1202020202020202,0.14747474747474748,0.13131313131313133,0.1202020202020202,0.1202020202020202,0.1202020202020202,0.1202020202020202
200,200.0,200.4,0.11833333333333332,0.11833333333333332,0.15333333333333332,0.12833333333333333,0.11833333333333332,0.12666666666666665,0.11833333333333332,0.11833333333333332
201,201.0,201.4,0.11833333333333332,0.11833333333333332,0.15333333333333332,0.12833333333333333,0.11833333333333332,0.12666666666666665,0.11833333333333332,0.11833333333333332
202,202.0,202.4,0.1178238866396761,0.1178238866396761,0.1585931174089069,0.12571862348178137,0.1178238866396761,0.12656882591093116,0.1178238866396761,0.1178238866396761
203,203.0,203.4,0.11727443609022556,0.11727443609022556,0.15584586466165412,0.13231203007518796,0.11727443609022556,0.12546992481203006,0.11727443609022556,0.11727443609022556
204,204.0,204.4,0.11714285714285713,0.11714285714285713,0.1557142857142857,0.1332440476190476,0.11714285714285713,0.12532738095238094,0.11714285714285713,0.11714285714285713
205,205.0,205.4,0.11666666666666665,0.11666666666666665,0.15333333333333332,0.13229166666666664,0.11666666666666665,0.13104166666666667,0.11666666666666665,0.11666666666666665
206,206.0,206.4,0.11527777777777777,0.11527777777777777,0.15194444444444444,0.13090277777777776,0.11527777777777777,0.14076388888888886,0.11527777777777777,0.11527777777777777
207,207.0,207.4,0.11486111111111111,0.11486111111111111,0.16611111111111113,0.12006944444444445,0.11486111111111111,0.13951388888888888,0.11486111111111111,0.11486111111111111
208,208.0,208.4,0.11369559171186205,0.11369559171186205,0.18116465025726605,0.11957794465303853,0.1147594214990961,0.12758795716868307,0.11369559171186205,0.11582325128633013
209,209.0,209.4,0.11266332051161772,0.11266332051161772,0.1873939081214623,0.11854567345279418,0.11371595209056509,0.12758592113081277,0.11266332051161772,0.11476858366951245
210,210.0,210.4,0.11079463364293085,0.11079463364293085,0.18214138286893705,0.11667698658410733,0.1218472652218782,0.13405056759545925,0.11079463364293085,0.1128998968008256
211,211.0,211.4,0.10988554273383995,0.10988554273383995,0.18032320105075522,0.11576789567501641,0.12002908340369638,0.1331414766863683,0.11897645182474903,0.11199080589173467
212,212.0,212.4,0.10848694133523855,0.10848694133523855,0.19332221957608953,0.114369294276415,0.11787290624751923,0.13110184964674126,0.11682027466857188,0.1095395729141859
213,213.0,213.4,0.11498877283707003,0.10729646514476235,0.18865188990575985,0.11317881808593881,0.1160414044160174,0.13650478004967165,0.11498877283707003,0.10834909672370971
214,214.0,214.4,0.11312369347199067,0.11654249689079407,0.1848820486359186,0.11131373872085945,0.11417632505093804,0.14035398639887803,0.11312369347199067,0.10648401735863036
215,215.0,215.4,0.11189196832579182,0.12419966063348416,0.18362839366515835,0.11112368024132731,0.11293363499245852,0.1390893665158371,0.11189196832579182,0.10524132730015082
216,216.0,216.4,0.10976584917003351,0.12080481020899456,0.1891051312746279,0.10953627280340439,0.11079677700508506,0.14657139050559304,0.10976584917003351,0.10365391986222791
217,217.0,217.4,0.10853208293626729,0.12519874960293395,0.17453803170752835,0.11711203037916196,0.10956301077131883,0.14648481041901293,0.11567494007912442,0.10289634410465216
218,218.0,218.4,0.1066670035711879,0.1233336702378546,0.18949834916784578,0.11524695101408258,0.10769793140623944,0.14319115962536216,0.1133336702378546,0.10103126473957277
219,219.0,219.4,0.10560931126349563,0.120993926648111,0.1871906568601535,0.11354823306536466,0.10664023909854717,0.14649244167664421,0.11185931126349562,0.10766588012418818
220,220.0,220.4,0.10479542086740228,0.12018003625201765,0.187494509274695,0.11380867799211451,0.10584805244634965,0.14679629409118572,0.11209805244634966,0.10897895662988541
221,221.0,221.4,0.10401000143647202,0.11351226387991091,0.19595969798175678,0.11378564246211305,0.10631217230481935,0.14528074050132872,0.11219452524599582,0.10894495618760322
222,222.0,222.4,0.10352124183006535,0.10629901960784312,0.19957924836601304,0.11426470588235291,0.10567401960784313,0.15834150326797386,0.11122957516339868,0.10109068627450979
223,223.0,223.4,0.10293644650842793,0.10496495528035774,0.2047144822841417,0.11397230822153422,0.10538162194702441,0.15658711730306157,0.11064477984176124,0.10079828861369107
224,224.0,224.4,0.10102124183006536,0.10331290849673203,0.20200980392156861,0.11232026143790849,0.10372957516339869,0.15861928104575163,0.1198406862745098,0.09914624183006535
225,225.0,225.4,0.10102124183006536,0.10355100373482726,0.20367647058823524,0.11255835667600374,0.09730100373482727,0.1621907096171802,0.12031687675070027,0.09938433706816059
226,226.0,226.4,0.09872326203208555,0.10146947415329768,0.20501485442661913,0.11047682709447415,0.09521947415329768,0.17425059417706476,0.11754270647653,0.097302807486631
227,227.0,227.4,0.09721689400397839,0.10016073458368853,0.20615231599886333,0.10916808752486502,0.09391073458368854,0.18136082693947145,0.11603633844842284,0.09599406791702186
228,228.0,228.4,0.10340122725128789,0.0974460569919939,0.20424517307704085,0.116421193438325,0.09742457932876368,0.17512297780718036,0.11270235710654145,0.09323643499886677
229,229.0,229.4,0.10270024685913104,0.09691174326650372,0.2045049769986095,0.11588687971283482,0.09652261854444996,0.17325533074835683,0.11163372965556106,0.09858447421455305
230,230.0,230.4,0.10148346364234781,0.09584880620356664,0.20621127070490317,0.11391485174080682,0.09545968148151288,0.1700525335455596,0.11041694643877784,0.10661244624252506
231,231.0,231.4,0.10560111070117133,0.09996645326239018,0.1759438910257588,0.12124105494936299,0.09957732854033642,0.1624054747220302,0.11453459349760135,0.12073009330134858
232,232.0,232.4,0.10596875775999486,0.1003341003212137,0.1847674204375235,0.12160870200818652,0.10031262265798346,0.16277312178085374,0.10901988761524842,0.11521538741899565
233,233.0,233.4,0.10560111070117133,0.09996645326239018,0.18182624396693525,0.12712340789053947,0.09957732854033642,0.1624054747220302,0.10865224055642489,0.11484774036017212
234,234.0,234.4,0.10560111070117133,0.09996645326239018,0.18182624396693525,0.12712340789053947,0.09957732854033642,0.15855932087587638,0.10865224055642489,0.11869389420632596
235,235.0,235.4,0.10531621041627104,0.09982400311994004,0.18054419268488398,0.12698095774808932,0.09943487839788628,0.16112342343997893,0.10836734027152459,0.11840899392142568
236,236.0,236.4,0.10478744821486756,0.10455790625145463,0.1767986896615929,0.12294133733649862,0.09945037936973421,0.16092136805846485,0.10788291905227387,0.12265995205511333
237,237.0,237.4,0.10454114279614835,0.10443475354209501,0.17569031527735643,0.122818184627139,0.10277550252244354,0.15981299367422835,0.10763661363355466,0.1222904939270345
238,238.0,238.4,0.10431125773867707,0.10431981101335938,0.1779891658520691,0.12270324209840337,0.10254561746497226,0.15877851091560768,0.10740672857608338,0.12194566634082762
239,239.0,239.4,0.10431125773867707,0.10431981101335938,0.1779891658520691,0.12270324209840337,0.10254561746497226,0.15877851091560768,0.10740672857608338,0.12194566634082762
240,240.0,240.4,0.1032099934116063,0.10437771010351655,0.18640655491461944,0.1149109268867333,0.10256688651849939,0.1613674273754919,0.10523019543180831,0.12193030535772469
241,241.0,241.4,0.10161949161949162,0.10288801476301476,0.18400960150960152,0.11342123154623152,0.11521249583749582,0.15897047397047398,0.10363969363969364,0.1202389971139971
242,242.0,242.4,0.09922008547008546,0.10168220668220669,0.19195152070152072,0.11331432456432453,0.11270618270618267,0.1599426961926962,0.10233918858918858,0.11884379509379508
243,243.0,243.4,0.0989582203105221,0.1015094680823581,0.19379837376320752,0.1130460293471802,0.1123193572554186,0.159882036477305,0.10206537885246322,0.11842113591154509
244,244.0,244.4,0.09870833915188751,0.1013436205371689,0.19553245589535911,0.11386194898291668,0.11195037936973418,0.15878235116138342,0.10180380998929384,0.11801709491225618
245,245.0,245.4,0.09854960899315736,0.10126425545780382,0.1945800749429782,0.1137825839035516,0.11171228413163894,0.1606871130661453,0.10164507983056367,0.11777899967416094
246,246.0,246.4,0.09680423411806388,0.1003515314153612,0.19467226172013405,0.11276690859137664,0.11061509284913537,0.15916330498777304,0.1006458416830757,0.12498082463507994
247,247.0,247.4,0.09447084441625313,0.10782120020081942,0.19064741980055527,0.11114566828592583,0.10794251412392505,0.1664425643722956,0.09895347762229059,0.12257631117793491
248,248.0,248.4,0.09349992843413893,0.10616018484439535,0.18806470576207418,0.11119407639144478,0.11444628470944258,0.16719272686377945,0.09797136343188971,0.1214707295628348
249,249.0,249.4,0.09168324730824728,0.11908709346209341,0.18549734987234986,0.10981719669219665,0.11290577478077475,0.16472791097791095,0.09669316794316792,0.11958825896325893
250,250.0,250.4,0.0910055916305916,0.12451749639249636,0.18606511544011542,0.10920364357864354,0.11106511544011541,0.1632810245310245,0.09601551226551225,0.11884650072150069
251,251.0,251.4,0.09040744993488892,0.12921842554464502,0.1842590759511491,0.10970814415936363,0.10945361718227568,0.16439019990849255,0.09541737056980956,0.11714571674937527
252,252.0,252.4,0.08979946742833338,0.13325184838071433,0.183461102185329,0.1090401065143333,0.1079112740066348,0.16293063179661116,0.09717960161259129,0.11642596807545261
253,253.0,253.4,0.08924744069579908,0.13091695733966593,0.18408684157242883,0.10842773437775388,0.11240885642488141,0.16258451336841995,0.0965616842226672,0.11576597199838354
254,254.0,254.4,0.08984168609168605,0.13548562548562545,0.1845639083139083,0.10841200466200462,0.11137917637917634,0.15524572649572646,0.09654331779331776,0.11852855477855476
255,255.0,255.4,0.08954928843086736,0.13343884185989446,0.1892422708870077,0.10811960700118592,0.11020958573590149,0.15495332883490776,0.09625092013249906,0.11823615711773605
256,256.0,256.4,0.08921542346542344,0.1315260295260295,0.188260878010878,0.10767463092463092,0.11404584304584302,0.15551845376845375,0.09590695415695413,0.11785178710178708
257,257.0,257.4,0.08185673924535308,0.14416734530595915,0.19091325203948964,0.10789934350577915,0.11338748160530335,0.1563841919906276,0.09623067663909245,0.10916096966839539
258,258.0,258.4,0.0808303053155994,0.1480865213218154,0.19119195347136522,0.10681663924310983,0.11595136889254534,0.15395339137986194,0.09514403080579549,0.10802578956990719
259,259.0,259.4,0.08229152085895435,0.15291663849494155,0.18908142892471722,0.10604754884672567,0.11515228873185815,0.1519585219316118,0.09437350575647323,0.1081785464547178
260,260.0,260.4,0.08161122270164822,0.15042408537089386,0.19478423762998232,0.10535706905387751,0.11443464927507478,0.15014430309643073,0.09368387227429778,0.10956056059779462
261,261.0,261.4,0.08141414141414138,0.15031565656565654,0.19383838383838384,0.10514790764790763,0.11420093795093793,0.15026695526695524,0.09556096681096679,0.1092550505050505
262,262.0,262.4,0.08080703064530556,0.14812691314375948,0.19262031170386965,0.10452699890705279,0.11355788827823865,0.1506659733647604,0.10115235430936238,0.10854252964765092
263,263.0,263.4,0.08005758863825288,0.14460511634498774,0.19791899122448037,0.10376220489427097,0.11613286291700135,0.14984705004728546,0.09998563212979279,0.10769055380392831
264,264.0,264.4,0.08492696573578926,0.1455887304416716,0.19517206377500496,0.10305926916221031,0.1143251138839374,0.14821177460883342,0.10088557140027725,0.1078305109922757
265,265.0,265.4,0.0847602990691226,0.1440887304416716,0.19467206377500496,0.10289260249554363,0.11315844721727072,0.14804510794216677,0.1007189047336106,0.11166384432560902
266,266.0,266.4,0.08460645291527644,0.13714855950150065,0.1970972355531179,0.10273875634169749,0.12148323354205706,0.1478912617883206,0.09860427426603895,0.11043022609199078
267,267.0,267.4,0.08440453963996866,0.13951074879029543,0.19647450626066382,0.1024434010004706,0.12025019033653679,0.14757891698056297,0.0983938662574658,0.1109438307340358
268,268.0,268.4,0.08427226450769354,0.14175942603897268,0.19607768086383842,0.10231112586819546,0.11919198927833574,0.14744664184828782,0.09826159112519069,0.11067928046948552
269,269.0,269.4,0.08414911179833393,0.14040474623601704,0.19662565392842019,0.10218797315883585,0.12165504346552784,0.1473234891389282,0.09813843841583107,0.10951554385810577
270,270.0,270.4,0.08409343434343433,0.14245454545454544,0.19482575757575757,0.10196212121212118,0.12064646464646464,0.15057828282828284,0.09611363636363635,0.10932575757575755
271,271.0,271.4,0.08391845722728075,0.14235799971094085,0.1939233150262562,0.10177548537842654,0.12133962839845192,0.15170041030335146,0.09593046923929274,0.1090542347159994
272,272.0,272.4,0.09455059277639921,0.14188275434243175,0.1936380420654614,0.09330364527945172,0.12107133010358814,0.15537934735515382,0.09655456103036746,0.10361972704714639
273,273.0,273.4,0.09246744136135102,0.14279739180922596,0.1924687337138289,0.09211523841689559,0.12814222012241297,0.15448391600931674,0.09537259913376542,0.10215245943320328
274,274.0,274.4,0.0908032534882088,0.14378471908759888,0.1995663311365893,0.09200042881646653,0.12568164264291373,0.15270328658983076,0.0944582242484427,0.10100211398994914
275,275.0,275.4,0.09071412692849398,0.14547812372218,0.1992989514574449,0.09191130225675173,0.12487950360548057,0.15261416003011596,0.0943690976887279,0.10073473431080474
276,276.0,276.4,0.09063009331504861,0.1442176195204993,0.1990468506171088,0.09182726864330634,0.126980343941615,0.15253012641667058,0.09428506407528252,0.10048263347046862
277,277.0,277.4,0.09055072823568353,0.1458049211078009,0.19880875537901352,0.09174790356394127,0.1261866931479642,0.1524507613373055,0.09420569899591744,0.10024453823237338
278,278.0,278.4,0.08289989558485089,0.1480639983668782,0.20009868166893985,0.10152131333735104,0.11786018482145591,0.15389083777738194,0.09488819967841813,0.1007768887647239
279,279.0,279.4,0.08214231982727513,0.14730642260930243,0.19858353015378832,0.10833949515553284,0.11710260906388015,0.15237568626223044,0.09413062392084237,0.10001931300714814
280,280.0,280.4,0.08214231982727513,0.14730642260930243,0.19858353015378832,0.10833949515553284,0.11710260906388015,0.15237568626223044,0.09413062392084237,0.10001931300714814
281,281.0,281.4,0.08214231982727513,0.14730642260930243,0.19858353015378832,0.10833949515553284,0.11710260906388015,0.15237568626223044,0.09413062392084237,0.10001931300714814
282,282.0,282.4,0.08214231982727513,0.14730642260930243,0.19669673770095814,0.10833949515553284,0.11710260906388015,0.15426247871506063,0.09413062392084237,0.10001931300714814
283,283.0,283.4,0.07817406585902116,0.14651277181565162,0.2101888011930216,0.10992679674283443,0.11313435509562617,0.15029422474680665,0.09016236995258839,0.10160661459444972
284,284.0,284.4,0.0775330402179955,0.14587174617462598,0.20890674991097033,0.10800371981975751,0.11337052243705667,0.15670448115706306,0.08952134431156275,0.10008839597096794
285,285.0,285.4,0.0775330402179955,0.14587174617462598,0.20890674991097033,0.10800371981975751,0.11337052243705667,0.15670448115706306,0.08952134431156275,0.10008839597096794
286,286.0,286.4,0.07886612691179253,0.1470568491466324,0.20738167380969236,0.10918882279176394,0.11470360913085369,0.161330205660701,0.08997723802290362,0.09149547452566027
287,287.0,287.4,0.07783009087575647,0.14722201431179754,0.20538467681269537,0.10815278675572788,0.11156547099271555,0.16029416962466497,0.08894120198686759,0.10060958863977439
288,288.0,288.4,0.07847111651678214,0.14786303995282318,0.1983333947614133,0.1017425303454715,0.11220649663374119,0.17055057988107522,0.08958222762789324,0.10125061428080002
289,289.0,289.4,0.0774335561771623,0.14832698111470488,0.19696123104371183,0.10061343682507365,0.11052256910313174,0.16939860306548285,0.09763557637918249,0.0991080462915501
290,290.0,290.4,0.07655238290113382,0.148868282945362,0.19503030946195773,0.10050437749207367,0.10902742827318461,0.17673831934467674,0.09599682734557827,0.09728207223603291
291,291.0,291.4,0.07650080612541911,0.14967140702434817,0.1948313704699153,0.10035701527574589,0.10893164283257159,0.17657622090671624,0.09594525056986355,0.0971862867954199
292,292.0,292.4,0.07585978048439346,0.14903038138332253,0.19354931918786403,0.09971598963472027,0.10829061719154595,0.17529416962466496,0.10235550698011994,0.09590423551336862
293,293.0,293.4,0.07542797699376644,0.14852014652014647,0.1949994376968061,0.09920575477154422,0.10785881370091895,0.17820087076666022,0.10082480239059181,0.09496219715956555
294,294.0,294.4,0.0785131672148593,0.13544463762516495,0.20142459131262908,0.09878023956103915,0.10902742827318461,0.17876913166960673,0.10194920829795921,0.09609159604555673
295,295.0,295.4,0.07879455249624459,0.14481693199745935,0.20122978611782388,0.09981920060000019,0.1093088135545699,0.16218904508952015,0.10794487929363021,0.09589679085075153
296,296.0,296.4,0.07864372293365032,0.14477922460681078,0.20258725218117232,0.09978149320935162,0.1091956913826242,0.1614348972765488,0.10783175712168451,0.09574596128815727
297,297.0,297.4,0.0851856742003972,0.14374521784386424,0.19817813417123678,0.09882244896514572,0.1081265969385545,0.16711989222464804,0.10546768516637044,0.09335435048978287
298,298.0,298.4,0.08392068898008456,0.14182747866891085,0.19797806653221245,0.09690470979019233,0.10689655231922021,0.1692827527948338,0.11146803270389886,0.0917217182106467
299,299.0,299.4,0.08268710774650334,0.14124435808579028,0.20267084557281753,0.09632158920707176,0.10624609166875956,0.16897484813910307,0.11081757205343823,0.09103758752651603
300,300.0,300.4,0.08250476385351477,0.1494852538716636,0.20368722050223598,0.08782085580753776,0.10605123779699414,0.16810314113546204,0.11066769569291719,0.09167983133967436
301,301.0,301.4,0.08245318707780006,0.14942630898513248,0.2034735452885607,0.0876882298128428,0.10595545235638112,0.16880311166301876,0.1106161189172025,0.09158404589906136
302,302.0,302.4,0.08138262714907776,0.1501742239703356,0.20771804397552152,0.08701418485690667,0.1047778124722292,0.16810009379675378,0.11002174946467067,0.09081126431450456
303,303.0,303.4,0.08334298871063577,0.15650655716832187,0.21218943638061286,0.08172247686953567,0.10656682369917665,0.14840569561157796,0.1123663101604278,0.0988997113997114
304,304.0,304.4,0.0831640989729225,0.15641806722689075,0.21404645191409893,0.08155695611577965,0.10637838468720821,0.1475373482726424,0.11221988795518205,0.09867880485527544
305,305.0,305.4,0.08277632597754547,0.15724980642663572,0.2132099303135888,0.08116918312040262,0.1055028068137824,0.14616918312040264,0.11640727835849785,0.09751548586914438
306,306.0,306.4,0.08254473131865474,0.1582667498636398,0.21225830588868866,0.08094892879581875,0.10479664208731192,0.1470247588668641,0.11703345830140086,0.09712642487762105
307,307.0,307.4,0.08120983803751952,0.15701213513525356,0.21104629069694408,0.07962348981818658,0.103008384056161,0.14673767862542234,0.12572203890429925,0.09564014472621357
308,308.0,308.4,0.08013720841377617,0.15511141863174466,0.20939794357138397,0.0785585602120399,0.1019249931028174,0.14748855883406004,0.13285378613810503,0.09452753109607276
309,309.0,309.4,0.07922074268567139,0.15351556639159789,0.20792208468783863,0.0776481620405101,0.10099743685921476,0.15420730182545633,0.13211052763190795,0.09437817787780275
310,310.0,310.4,0.07837241201421527,0.15315880813175894,0.20722424178735652,0.07680437922733004,0.09971488593373837,0.16137260116932245,0.1299736940654973,0.09337897767078092
311,311.0,311.4,0.07852166276346602,0.16011156648451727,0.20631375227686705,0.07608378870673951,0.09862835024720266,0.15952771272443403,0.12822404371584695,0.09258912308092633
312,312.0,312.4,0.07869160755297602,0.16696198056319225,0.20083152315333352,0.0762537334962495,0.09841182160676101,0.1608286098948964,0.1302193853307538,0.08780133840183732
313,313.0,313.4,0.07827494088630936,0.17154531389652558,0.20041485648666688,0.07583706682958284,0.09799515494009434,0.15957860989489642,0.1289693853307538,0.08738467173517066
314,314.0,314.4,0.0775396467686623,0.1693394315435844,0.20556191531019632,0.07510177271193579,0.09725986082244728,0.15700508048313172,0.13191056180134203,0.08628173055870006
315,315.0,315.4,0.07812802393684744,0.17261703166114928,0.21352484933367286,0.07640183346065696,0.10729829810712162,0.14475384093031152,0.1228584160937102,0.08441770647652999
316,316.0,316.4,0.08548238597151639,0.17592869690695778,0.20680312441182008,0.0760267268962921,0.10653671811280505,0.1437251395947048,0.12150291737248257,0.08399429073342114
317,317.0,317.4,0.08230822954658597,0.17957272230020918,0.2012059373711345,0.0732202175301852,0.10297263298912238,0.14004143724614176,0.12278997525783766,0.09788884775878312
318,318.0,318.4,0.08046358585642888,0.18234097265402846,0.19931504021196728,0.07142182730903826,0.10016318937486841,0.13824304702499482,0.12099158503669075,0.10706075253198297
319,319.0,319.4,0.0789163919156179,0.17748782048704648,0.20298667792475839,0.07200229294269539,0.10489911833952077,0.13674017932531862,0.11422555944227768,0.11274195962276456
320,320.0,320.4,0.07829003789497306,0.1748719587989279,0.2002996637792251,0.07129119315933868,0.10329213477892438,0.1358893233718757,0.12421324050935215,0.1118524477073829
321,321.0,321.4,0.07776037687802391,0.1848927298192004,0.19349216959511079,0.07084627790510141,0.10195738901621251,0.13646135727018077,0.12326691282573632,0.11132278669043372
322,322.0,322.4,0.07867232909060293,0.18613174728410986,0.19496650796433826,0.07114575288635075,0.10771692507107164,0.137493983435401,0.11233245980955717,0.1115402944585683
323,323.0,323.4,0.07726637820328519,0.18795054434285932,0.19919211086194005,0.07018677216732243,0.11123937600455627,0.13445083800871277,0.10945008501934494,0.11026389539197887
324,324.0,324.4,0.07770927466011354,0.18729909955441762,0.19485559555406254,0.07026202156532727,0.11570059031484177,0.13452608740671756,0.10894053909571233,0.1107067918488072
325,325.0,325.4,0.07613137077128529,0.18429062343669783,0.19213223348196093,0.06825811394167172,0.11419271443721798,0.13415199837716635,0.10777279927251034,0.12307014628148938
326,326.0,326.4,0.08305102641872497,0.18837991616974098,0.19116253463937122,0.06741672048947964,0.109220749071221,0.13411382595091745,0.10704096355417292,0.11961426370637171
327,327.0,327.4,0.08205788946577838,0.18785690665677907,0.19114190481969326,0.06689371097651772,0.10875062163123635,0.13258605705138757,0.1065972771506769,0.12411563224793062
328,328.0,328.4,0.08585249255333145,0.1929913370554787,0.18991280794292814,0.06594740215695784,0.10778834018751811,0.13100084651857347,0.1056393125444858,0.1208674610407264
329,329.0,329.4,0.08497070960759501,0.19410955410974223,0.18929628662509868,0.06341566766083381,0.10806813669914601,0.13668883101469748,0.10517419626541602,0.11827661801747058
330,330.0,330.4,0.08513697166211395,0.19744821170817373,0.18927425726287206,0.06355555208021998,0.10905448573143069,0.13679890028798947,0.10040891377229136,0.11832270749490859
331,331.0,331.4,0.08508999573727544,0.19739536379273043,0.18908048157291316,0.06344398425872852,0.10897227786296326,0.13742133129209985,0.10036193784745284,0.11823462763583639
332,332.0,332.4,0.08489097289019888,0.19647225667349505,0.18627982097022344,0.0630577652481677,0.10797111943783769,0.13823697329502282,0.10517138262494297,0.1179197088601113
333,333.0,333.4,0.08366509385321406,0.2006295663027829,0.18483306699805074,0.062255128311763906,0.1057574301148333,0.1364040976492832,0.10546246358984983,0.12099315318022193
334,334.0,334.4,0.08290573493601773,0.19994953049505243,0.1840038899191458,0.06190188988965435,0.10535130961974648,0.14067147355786982,0.10661636424759222,0.118599807334921
335,335.0,335.4,0.08207985240879977,0.20396059593428015,0.18467314118629904,0.06151455026455023,0.10459830130882757,0.13904170147591197,0.10610101642996377,0.11803084099136726
336,336.0,336.4,0.08132851067061592,0.2076005116959064,0.1837837016784385,0.06116368098275989,0.10389479854940378,0.1390981003645477,0.1056261392116655,0.11750455684666208
337,337.0,337.4,0.08284063987422195,0.21225931355129113,0.18055760160237772,0.06148835772436517,0.10998818811785227,0.13886279506148907,0.10101253742111949,0.11299056664728306
338,338.0,338.4,0.08139044506691565,0.21677180594460005,0.1833309990662932,0.060745117491441,0.10777884765017116,0.13808638733271084,0.10009200902583253,0.11180438842203548
339,339.0,339.4,0.08024923605805956,0.22401536372124609,0.1819072022748493,0.060123185637891485,0.10772790934555639,0.13485241066123416,0.09943754774637124,0.1116871445547916
340,340.0,340.4,0.07873398960860259,0.22384436330353513,0.18166388564995375,0.06479972072561078,0.10678492688941603,0.13480646245739122,0.09872691700284578,0.11063973436264456
341,341.0,341.4,0.07198046363681038,0.2289174627187398,0.1809380514566273,0.06460020232175803,0.10684856638030012,0.14140604966069362,0.09424510194827532,0.11106410187679536
342,342.0,342.4,0.06640620732042977,0.2359198623379593,0.18141170165829262,0.06399178871508178,0.10622211703786229,0.14100352863002585,0.09393382179351996,0.11111097250682833
343,343.0,343.4,0.06738491925399266,0.2396763111986966,0.1808958191545375,0.06355446719268573,0.10581264640264645,0.13817849065741333,0.09383695842408206,0.11066038771594547
344,344.0,344.4,0.06720441414234349,0.24032947571308996,0.18182104447065267,0.06350141701781353,0.10543095417773389,0.14348696009038428,0.09365990031270192,0.10456583407528017
345,345.0,345.4,0.06678594666500044,0.25513106159600285,0.18118308730055876,0.06304680003116388,0.10020084898470497,0.1369315128425071,0.09326346591359061,0.10345727666647123
346,346.0,346.4,0.06633537544495785,0.2550214485523891,0.18196184388309622,0.0625336701623881,0.1032606710310769,0.13532757789334618,0.09280768147282026,0.10275173155992519
347,347.0,347.4,0.06592278547644684,0.25938337500313136,0.18114060006843136,0.06221723404003092,0.10287211952410433,0.13489924343540646,0.09237105304277078,0.10119358940967775
348,348.0,348.4,0.06574162605615697,0.2532074856750681,0.18077828122785164,0.062036074619741054,0.10178516300236522,0.14343020522723782,0.09218989362248092,0.10083127056909805
349,349.0,349.4,0.0696086069013987,0.24911500569128378,0.1797344989231998,0.06564846947126636,0.1004942944506271,0.14725432390032672,0.0932008898726076,0.09494391078928978
350,350.0,350.4,0.06877640193925871,0.25219052176002743,0.17885028411803763,0.06903668547872538,0.10047539307344364,0.1447977649268552,0.09257628536724612,0.09329666333640571
351,351.0,351.4,0.06801131994837029,0.25681082320290954,0.17803261373585114,0.06815475498389165,0.10263801599413107,0.1425586915748786,0.0920034716815292,0.09179030887843836
352,352.0,352.4,0.07145399889965105,0.2569682129464738,0.17778625360147096,0.06768156360547663,0.10164165544600323,0.1426927842688712,0.09175905616123005,0.09001647507082286
353,353.0,353.4,0.07085389258833785,0.25768754669382476,0.1787886416189452,0.06712555631455555,0.10036431887771839,0.1441828790240522,0.09146865172211871,0.08952851316044717
354,354.0,354.4,0.07146649550802345,0.2590397722527541,0.1796096377553749,0.07081442146445366,0.09877270441240157,0.14148549848149866,0.09078094020526638,0.08803052992022709
355,355.0,355.4,0.07106106615692305,0.26057909252067774,0.18002605339133898,0.07047047986896157,0.09856733176470692,0.14085414149811987,0.09061667752673926,0.08782515727253244
