,Unnamed: 0,Total_iterations,Intertwine_two,Add_vertex,Delete_vertex,Invert_path_vertices,Insert_inside_vertex,Delete_inside_vertex,Replace_inside_vertex,Donate_between_routes
0,0.0,0.0,0.125,0.125,0.125,0.125,0.125,0.125,0.125,0.125
1,1.0,0.10900000000000001,0.125,0.125,0.125,0.125,0.125,0.125,0.125,0.125
2,2.0,0.31601,0.125,0.125,0.125,0.125,0.125,0.125,0.125,0.125
3,3.0,0.6191589000000001,0.125,0.125,0.125,0.125,0.125,0.125,0.125,0.125
4,4.0,1.015801321,0.125,0.125,0.125,0.125,0.125,0.125,0.125,0.125
5,5.0,1.50262148669,0.125,0.125,0.125,0.125,0.125,0.125,0.125,0.125
6,6.0,2.0757334209441005,0.125,0.125,0.125,0.125,0.125,0.125,0.125,0.125
7,7.0,2.7307768275633495,0.125,0.125,0.125,0.125,0.125,0.125,0.125,0.125
8,8.0,3.4630081252450404,0.125,0.125,0.125,0.125,0.125,0.125,0.125,0.125
9,9.0,4.2673862119061114,0.125,0.125,0.125,0.125,0.125,0.125,0.125,0.125
10,10.0,5.138652627782014,0.125,0.125,0.125,0.125,0.125,0.125,0.125,0.125
11,11.0,6.071405875792507,0.125,0.125,0.125,0.125,0.125,0.125,0.125,0.125
12,12.0,7.060169740244025,0.125,0.125,0.125,0.125,0.125,0.125,0.125,0.125
13,13.0,8.099455520847952,0.125,0.125,0.125,0.125,0.125,0.125,0.125,0.125
14,14.0,9.183818168183006,0.125,0.125,0.125,0.125,0.125,0.125,0.125,0.125
15,15.0,10.307906369102724,0.125,0.125,0.125,0.125,0.125,0.125,0.125,0.125
16,16.0,11.466506686239443,0.125,0.125,0.125,0.125,0.125,0.125,0.125,0.125
17,17.0,12.654581904800096,0.125,0.125,0.125,0.125,0.125,0.125,0.125,0.125
18,18.0,13.867303782456686,0.125,0.125,0.125,0.125,0.125,0.125,0.125,0.125
19,19.0,15.100080434523047,0.125,0.125,0.125,0.125,0.125,0.125,0.125,0.125
20,20.0,16.348578617037543,0.125,0.125,0.125,0.125,0.125,0.125,0.125,0.125
21,21.0,17.608741195130214,0.125,0.125,0.125,0.125,0.125,0.125,0.125,0.125
22,22.0,18.876800103462312,0.125,0.125,0.125,0.125,0.125,0.125,0.125,0.125
23,23.0,20.14928511992658,0.125,0.125,0.125,0.125,0.125,0.125,0.125,0.125
24,24.0,21.423028783545156,0.125,0.125,0.125,0.125,0.125,0.125,0.125,0.125
25,25.0,22.695167792966423,0.125,0.125,0.125,0.125,0.125,0.125,0.125,0.125
26,26.0,23.963141223515898,0.125,0.125,0.125,0.125,0.125,0.125,0.125,0.125
27,27.0,25.224685898775267,0.125,0.125,0.125,0.125,0.125,0.125,0.125,0.125
28,28.0,26.477829247520948,0.125,0.125,0.125,0.125,0.125,0.125,0.125,0.125
29,29.0,27.720879968916847,0.125,0.125,0.125,0.125,0.125,0.125,0.125,0.125
30,30.0,28.95241681848399,0.125,0.125,0.125,0.125,0.125,0.125,0.125,0.125
31,31.0,30.17127581490958,0.125,0.125,0.125,0.125,0.125,0.125,0.125,0.125
32,32.0,31.376536153543515,0.125,0.125,0.125,0.125,0.125,0.125,0.125,0.125
33,33.0,32.567505096778625,0.125,0.125,0.125,0.125,0.125,0.125,0.125,0.125
34,34.0,33.74370209472243,0.125,0.125,0.125,0.125,0.125,0.125,0.125,0.125
35,35.0,34.90484237192463,0.125,0.125,0.125,0.125,0.125,0.125,0.125,0.125
36,36.0,36.05082019768737,0.125,0.125,0.125,0.125,0.125,0.125,0.125,0.125
37,37.0,37.18169203889697,0.125,0.125,0.125,0.125,0.125,0.125,0.125,0.125
38,38.0,38.29765977559663,0.125,0.125,0.125,0.125,0.125,0.125,0.125,0.125
39,39.0,39.399054140870355,0.125,0.125,0.125,0.125,0.125,0.125,0.125,0.125
40,40.0,40.48631852820801,0.125,0.125,0.125,0.125,0.125,0.125,0.125,0.125
41,41.0,41.55999329152982,0.125,0.125,0.125,0.125,0.125,0.125,0.125,0.125
42,42.0,42.62070064560415,0.125,0.125,0.125,0.125,0.125,0.125,0.125,0.125
43,43.0,43.669130257815,0.125,0.125,0.125,0.125,0.125,0.125,0.125,0.125
44,44.0,44.70602560622662,0.125,0.125,0.125,0.125,0.125,0.125,0.125,0.125
45,45.0,45.73217116373481,0.125,0.125,0.125,0.125,0.125,0.125,0.125,0.125
46,46.0,46.748380453854836,0.125,0.125,0.125,0.125,0.125,0.125,0.125,0.125
47,47.0,47.755485010424316,0.125,0.125,0.125,0.125,0.125,0.125,0.125,0.125
48,48.0,48.7543242612326,0.125,0.125,0.125,0.125,0.125,0.125,0.125,0.125
49,49.0,49.745736344347726,0.125,0.125,0.125,0.125,0.125,0.125,0.125,0.125
50,50.0,50.730549855707864,0.125,0.125,0.125,0.125,0.125,0.125,0.125,0.125
51,51.0,51.70957651737491,0.125,0.125,0.125,0.125,0.125,0.125,0.125,0.125
52,52.0,52.68360474770151,0.125,0.125,0.125,0.125,0.125,0.125,0.125,0.125
53,53.0,53.65339410751842,0.125,0.125,0.125,0.125,0.125,0.125,0.125,0.125
54,54.0,54.61967059027847,0.125,0.125,0.125,0.125,0.125,0.125,0.125,0.125
55,55.0,55.58312271885972,0.125,0.125,0.125,0.125,0.125,0.125,0.125,0.125
56,56.0,56.544398407394254,0.125,0.125,0.125,0.125,0.125,0.125,0.125,0.125
57,57.0,57.504102543001395,0.125,0.125,0.125,0.125,0.125,0.125,0.125,0.125
58,58.0,58.462795239617805,0.125,0.125,0.125,0.125,0.125,0.125,0.125,0.125
59,59.0,59.42099071417639,0.125,0.125,0.125,0.125,0.125,0.125,0.125,0.125
60,60.0,60.379156734137354,0.125,0.125,0.125,0.125,0.125,0.125,0.125,0.125
61,61.0,61.337714584760846,0.125,0.125,0.125,0.125,0.125,0.125,0.125,0.125
62,62.0,62.29703950447439,0.125,0.125,0.125,0.125,0.125,0.125,0.125,0.125
63,63.0,63.257461537171835,0.125,0.125,0.125,0.125,0.125,0.125,0.125,0.125
64,64.0,64.21926675122782,0.125,0.125,0.125,0.125,0.125,0.125,0.125,0.125
65,65.0,65.18269877636592,0.125,0.125,0.125,0.125,0.125,0.125,0.125,0.125
66,66.0,66.14796061122655,0.125,0.125,0.125,0.125,0.125,0.125,0.125,0.125
67,67.0,67.11521665648885,0.125,0.125,0.125,0.125,0.125,0.125,0.125,0.125
68,68.0,68.08459493066005,0.125,0.125,0.125,0.125,0.125,0.125,0.125,0.125
69,69.0,69.05618942810752,0.125,0.125,0.125,0.125,0.125,0.125,0.125,0.125
70,70.0,70.03006258152917,0.125,0.125,0.125,0.125,0.125,0.125,0.125,0.125
71,71.0,71.00624779379335,0.125,0.125,0.125,0.125,0.125,0.125,0.125,0.125
72,72.0,71.98475200689319,0.125,0.125,0.125,0.125,0.125,0.125,0.125,0.125
73,73.0,72.96555827861411,0.125,0.125,0.125,0.125,0.125,0.125,0.125,0.125
74,74.0,73.94862834037681,0.125,0.125,0.125,0.125,0.125,0.125,0.125,0.125
75,75.0,74.93390511255946,0.125,0.125,0.125,0.125,0.125,0.125,0.125,0.125
76,76.0,75.92131515639825,0.125,0.125,0.125,0.125,0.125,0.125,0.125,0.125
77,77.0,76.91077104428919,0.125,0.125,0.125,0.125,0.125,0.125,0.125,0.125
78,78.0,77.90217363294813,0.125,0.125,0.125,0.125,0.125,0.125,0.125,0.125
79,79.0,78.89541422641172,0.125,0.125,0.125,0.125,0.125,0.125,0.125,0.125
80,80.0,79.89037661826481,0.125,0.125,0.125,0.125,0.125,0.125,0.125,0.125
81,81.0,80.88693900474995,0.125,0.125,0.125,0.125,0.125,0.125,0.125,0.125
82,82.0,81.88497576253909,0.125,0.125,0.125,0.125,0.125,0.125,0.125,0.125
83,83.0,82.88435908692391,0.125,0.125,0.125,0.125,0.125,0.125,0.125,0.125
84,84.0,83.88496048800103,0.125,0.125,0.125,0.125,0.125,0.125,0.125,0.125
85,85.0,84.88665214409042,0.125,0.125,0.125,0.125,0.125,0.125,0.125,0.125
86,86.0,85.89930811312995,0.125,0.125,0.125,0.125,0.125,0.125,0.125,0.125
87,87.0,86.91270540413421,0.125,0.125,0.125,0.125,0.125,0.125,0.125,0.125
88,88.0,87.92663591199673,0.125,0.125,0.125,0.125,0.125,0.125,0.125,0.125
89,89.0,88.94090700995302,0.125,0.125,0.125,0.125,0.125,0.125,0.125,0.125
90,90.0,89.96534192801415,0.125,0.125,0.125,0.125,0.125,0.125,0.125,0.125
91,91.0,90.98967993498904,0.125,0.125,0.125,0.125,0.125,0.125,0.125,0.125
92,92.0,92.01368734191655,0.125,0.125,0.125,0.125,0.125,0.125,0.125,0.125
93,93.0,93.03715713473213,0.125,0.125,0.125,0.125,0.125,0.125,0.125,0.125
94,94.0,94.05990837691883,0.125,0.125,0.125,0.125,0.125,0.125,0.125,0.125
95,95.0,95.08178541111766,0.125,0.125,0.125,0.125,0.125,0.125,0.125,0.125
96,96.0,96.10265688778546,0.125,0.125,0.125,0.125,0.125,0.125,0.125,0.125
97,97.0,97.12241464790861,0.125,0.125,0.125,0.125,0.125,0.125,0.125,0.125
98,98.0,98.15097248554036,0.125,0.125,0.125,0.125,0.125,0.125,0.125,0.125
99,99.0,99.17816481455355,0.125,0.125,0.125,0.125,0.125,0.125,0.125,0.125
100,100.0,100.21385626251988,0.125,0.125,0.125,0.125,0.125,0.125,0.125,0.125
101,101.0,101.24784000306437,0.125,0.125,0.125,0.125,0.125,0.125,0.125,0.125
102,102.0,102.27994696952376,0.125,0.125,0.125,0.125,0.125,0.125,0.125,0.125
103,103.0,103.310043769642,0.125,0.125,0.125,0.125,0.125,0.125,0.125,0.125
104,104.0,104.33803045205197,0.125,0.125,0.125,0.125,0.125,0.125,0.125,0.125
105,105.0,105.36383816170043,0.125,0.125,0.125,0.125,0.125,0.125,0.125,0.125
106,106.0,106.38742671876703,0.125,0.125,0.125,0.125,0.125,0.125,0.125,0.125
107,107.0,107.40878215293932,0.125,0.125,0.125,0.125,0.125,0.125,0.125,0.125
108,108.0,108.42791422216499,0.125,0.125,0.125,0.125,0.125,0.125,0.125,0.125
109,109.0,109.44485394224643,0.125,0.125,0.125,0.125,0.125,0.125,0.125,0.125
110,110.0,110.45965115089727,0.125,0.125,0.125,0.125,0.125,0.125,0.125,0.125
111,111.0,111.47237212717405,0.125,0.125,0.125,0.125,0.125,0.125,0.125,0.125
112,112.0,112.4830972845514,0.125,0.125,0.125,0.125,0.125,0.125,0.125,0.125
113,113.0,113.49191895334552,0.125,0.125,0.125,0.125,0.125,0.125,0.125,0.125
114,114.0,114.49893926572676,0.125,0.125,0.125,0.125,0.125,0.125,0.125,0.125
115,115.0,115.50426815421262,0.125,0.125,0.125,0.125,0.125,0.125,0.125,0.125
116,116.0,116.50802147230777,0.125,0.125,0.125,0.125,0.125,0.125,0.125,0.125
117,117.0,117.51031924387033,0.125,0.125,0.125,0.125,0.125,0.125,0.125,0.125
118,118.0,118.51128404583793,0.125,0.125,0.125,0.125,0.125,0.125,0.125,0.125
119,119.0,119.51103952715037,0.125,0.125,0.125,0.125,0.125,0.125,0.125,0.125
120,120.0,120.5097090650601,0.125,0.125,0.125,0.125,0.125,0.125,0.125,0.125
121,121.0,121.50741455852823,0.125,0.125,0.125,0.125,0.125,0.125,0.125,0.125
122,122.0,122.50427535706427,0.125,0.125,0.125,0.125,0.125,0.125,0.125,0.125
123,123.0,123.50040732217606,0.125,0.125,0.125,0.125,0.125,0.125,0.125,0.125
124,124.0,124.4959220175549,0.125,0.125,0.125,0.125,0.125,0.125,0.125,0.125
125,125.0,125.49092602322033,0.125,0.125,0.125,0.125,0.125,0.125,0.125,0.125
126,126.0,126.485520368087,0.125,0.125,0.125,0.125,0.125,0.125,0.125,0.125
127,127.0,127.47980007478614,0.125,0.125,0.125,0.125,0.125,0.125,0.125,0.125
128,128.0,128.47385381006748,0.125,0.125,0.125,0.125,0.125,0.125,0.125,0.125
129,129.0,129.46776363372004,0.125,0.125,0.125,0.125,0.125,0.125,0.125,0.125
130,130.0,130.46160483867013,0.125,0.125,0.125,0.125,0.125,0.125,0.125,0.125
131,131.0,131.4554458747385,0.125,0.125,0.125,0.125,0.125,0.125,0.125,0.125
132,132.0,132.44934834845265,0.125,0.125,0.125,0.125,0.125,0.125,0.125,0.125
133,133.0,133.44336709131085,0.125,0.125,0.125,0.125,0.125,0.125,0.125,0.125
134,134.0,134.43755028897016,0.125,0.125,0.125,0.125,0.125,0.125,0.125,0.125
135,135.0,135.43193966397382,0.125,0.125,0.125,0.125,0.125,0.125,0.125,0.125
136,136.0,136.42657070483736,0.125,0.125,0.125,0.125,0.125,0.125,0.125,0.125
137,137.0,137.4214729345662,0.125,0.125,0.125,0.125,0.125,0.125,0.125,0.125
138,138.0,138.41667021197648,0.125,0.125,0.125,0.125,0.125,0.125,0.125,0.125
139,139.0,139.41218105952598,0.125,0.125,0.125,0.125,0.125,0.125,0.125,0.125
140,140.0,140.40801901172526,0.125,0.125,0.125,0.125,0.125,0.125,0.125,0.125
141,141.0,141.4041929785874,0.125,0.125,0.125,0.125,0.125,0.125,0.125,0.125
142,142.0,142.40070761897744,0.125,0.125,0.125,0.125,0.125,0.125,0.125,0.125
143,143.0,143.39756371913867,0.125,0.125,0.125,0.125,0.125,0.125,0.125,0.125
144,144.0,144.3947585720924,0.125,0.125,0.125,0.125,0.125,0.125,0.125,0.125
145,145.0,145.3922863540298,0.125,0.125,0.125,0.125,0.125,0.125,0.125,0.125
146,146.0,146.3901384942332,0.125,0.125,0.125,0.125,0.125,0.125,0.125,0.125
147,147.0,147.38830403547394,0.125,0.125,0.125,0.125,0.125,0.125,0.125,0.125
148,148.0,148.38676998223588,0.125,0.125,0.125,0.125,0.125,0.125,0.125,0.125
149,149.0,149.3855216344992,0.125,0.125,0.125,0.125,0.125,0.125,0.125,0.125
150,150.0,150.38454290519124,0.125,0.125,0.125,0.125,0.125,0.125,0.125,0.125
151,151.0,151.38381661976217,0.125,0.125,0.125,0.125,0.125,0.125,0.125,0.125
152,152.0,152.38332479667838,0.125,0.125,0.125,0.125,0.125,0.125,0.125,0.125
153,153.0,153.38304890793617,0.125,0.125,0.125,0.125,0.125,0.125,0.125,0.125
154,154.0,154.38297011898885,0.125,0.125,0.125,0.125,0.125,0.125,0.125,0.125
155,155.0,155.38306950774637,0.125,0.125,0.125,0.125,0.125,0.125,0.125,0.125
156,156.0,156.38332826255066,0.125,0.125,0.125,0.125,0.125,0.125,0.125,0.125
157,157.0,157.383727859249,0.125,0.125,0.125,0.125,0.125,0.125,0.125,0.125
158,158.0,158.38425021768504,0.125,0.125,0.125,0.125,0.125,0.125,0.125,0.125
159,159.0,159.3848778381006,0.125,0.125,0.125,0.125,0.125,0.125,0.125,0.125
160,160.0,160.38559391809363,0.125,0.125,0.125,0.125,0.125,0.125,0.125,0.125
161,161.0,161.3863824509064,0.125,0.125,0.125,0.125,0.125,0.125,0.125,0.125
162,162.0,162.38722830592886,0.125,0.125,0.125,0.125,0.125,0.125,0.125,0.125
163,163.0,163.38811729238975,0.125,0.125,0.125,0.125,0.125,0.125,0.125,0.125
164,164.0,164.38903620728067,0.125,0.125,0.125,0.125,0.125,0.125,0.125,0.125
165,165.0,165.38997286860968,0.125,0.125,0.125,0.125,0.125,0.125,0.125,0.125
166,166.0,166.3909161351197,0.125,0.125,0.125,0.125,0.125,0.125,0.125,0.125
167,167.0,167.39185591362755,0.125,0.125,0.125,0.125,0.125,0.125,0.125,0.125
168,168.0,168.39278315514832,0.125,0.125,0.125,0.125,0.125,0.125,0.125,0.125
169,169.0,169.39368984096552,0.125,0.125,0.125,0.125,0.125,0.125,0.125,0.125
170,170.0,170.39456895979134,0.125,0.125,0.125,0.125,0.125,0.125,0.125,0.125
171,171.0,171.39541447713668,0.125,0.125,0.125,0.125,0.125,0.125,0.125,0.125
172,172.0,172.39622129797613,0.125,0.125,0.125,0.125,0.125,0.125,0.125,0.125
173,173.0,173.39698522375184,0.125,0.125,0.125,0.125,0.125,0.125,0.125,0.125
174,174.0,174.39770290471247,0.125,0.125,0.125,0.125,0.125,0.125,0.125,0.125
175,175.0,175.39837178852991,0.125,0.125,0.125,0.125,0.125,0.125,0.125,0.125
176,176.0,176.39899006608033,0.125,0.125,0.125,0.125,0.125,0.125,0.125,0.125
177,177.0,177.3995566152149,0.125,0.125,0.125,0.125,0.125,0.125,0.125,0.125
178,178.0,178.40007094328385,0.125,0.125,0.125,0.125,0.125,0.125,0.125,0.125
179,179.0,179.40053312911306,0.125,0.125,0.125,0.125,0.125,0.125,0.125,0.125
180,180.0,180.40094376506823,0.125,0.125,0.125,0.125,0.125,0.125,0.125,0.125
181,181.0,181.4013038997772,0.125,0.125,0.125,0.125,0.125,0.125,0.125,0.125
182,182.0,182.4016149820175,0.125,0.125,0.125,0.125,0.125,0.125,0.125,0.125
183,183.0,183.4018788062136,0.125,0.125,0.125,0.125,0.125,0.125,0.125,0.125
184,184.0,184.40209745992797,0.125,0.125,0.125,0.125,0.125,0.125,0.125,0.125
185,185.0,185.4022732736716,0.125,0.125,0.125,0.125,0.125,0.125,0.125,0.125
186,186.0,186.40240877330416,0.125,0.125,0.125,0.125,0.125,0.125,0.125,0.125
187,187.0,187.40250663524043,0.125,0.125,0.125,0.125,0.125,0.125,0.125,0.125
188,188.0,188.40256964463066,0.125,0.125,0.125,0.125,0.125,0.125,0.125,0.125
189,189.0,189.40260065663557,0.125,0.125,0.125,0.125,0.125,0.125,0.125,0.125
190,190.0,190.40260256087362,0.125,0.125,0.125,0.125,0.125,0.125,0.125,0.125
191,191.0,191.4025782490791,0.125,0.125,0.125,0.125,0.125,0.125,0.125,0.125
192,192.0,192.4025305859733,0.125,0.125,0.125,0.125,0.125,0.125,0.125,0.125
193,193.0,193.40246238331832,0.125,0.125,0.125,0.125,0.125,0.125,0.125,0.125
194,194.0,194.40237637709564,0.125,0.125,0.125,0.125,0.125,0.125,0.125,0.125
195,195.0,195.40227520772427,0.125,0.125,0.125,0.125,0.125,0.125,0.125,0.125
196,196.0,196.4021614032128,0.125,0.125,0.125,0.125,0.125,0.125,0.125,0.125
197,197.0,197.40203736512038,0.125,0.125,0.125,0.125,0.125,0.125,0.125,0.125
198,198.0,198.401905357186,0.125,0.125,0.125,0.125,0.125,0.125,0.125,0.125
199,199.0,199.40176749647318,0.12452020202020203,0.12452020202020203,0.12724747474747475,0.12563131313131315,0.12452020202020203,0.12452020202020203,0.12452020202020203,0.12452020202020203
200,200.0,200.4016257468669,0.12385833333333335,0.12385833333333335,0.13005833333333333,0.12595833333333337,0.12385833333333335,0.12469166666666667,0.12385833333333335,0.12385833333333335
201,201.0,201.4014819147526,0.12320740151515153,0.12320740151515153,0.13282085606060604,0.12627640151515154,0.12320740151515153,0.12486573484848487,0.12320740151515153,0.12320740151515153
202,202.0,202.40133764670222,0.12252187752760399,0.12252187752760399,0.13603822969543614,0.12632176121181452,0.12252187752760399,0.1250306214547295,0.12252187752760399,0.12252187752760399
203,203.0,203.40119442898984,0.12180298097498687,0.12180298097498687,0.13888468956919264,0.12701589422085155,0.12180298097498687,0.12508451133502158,0.12180298097498687,0.12180298097498687
204,204.0,204.4010535887588,0.12109753073404701,0.12109753073404701,0.14160295731176128,0.1277867770419142,0.12109753073404701,0.12512261197608962,0.12109753073404701,0.12109753073404701
205,205.0,205.40091629666324,0.1203754597336702,0.1203754597336702,0.14395241632600306,0.12843990619140383,0.1203754597336702,0.12573037881424237,0.1203754597336702,0.1203754597336702
206,206.0,206.40078357081063,0.11954961901377213,0.11954961901377213,0.1460218497200051,0.12892735114180823,0.11954961901377213,0.12730270406932628,0.11954961901377213,0.11954961901377213
207,207.0,207.40065628183518,0.11872197728683727,0.11872197728683727,0.14936023238851795,0.12830247253019855,0.11872197728683727,0.12872740864709742,0.11872197728683727,0.11872197728683727
208,208.0,208.40053515893894,0.11782193913091372,0.11782193913091372,0.15403763949202096,0.1276086015197517,0.11792832210963713,0.1289249143974888,0.11782193913091372,0.11803470508836053
209,209.0,209.4004207967429,0.11686741419636758,0.11686741419636758,0.15914150177924574,0.12680058392165797,0.11707799650319849,0.12908909639676594,0.11686741419636758,0.11728857881002941
210,210.0,210.40031366279905,0.11577943213155986,0.11577943213155986,0.1634922493759177,0.1258039502918163,0.1170922143264087,0.12986829308992048,0.11577943213155986,0.11640499652125753
211,211.0,211.40021410562161,0.11465949119743754,0.11465949119743754,0.16741259536603445,0.12472480129697262,0.1169707426944344,0.13052048376790587,0.11556858210652846,0.11548381237324945
212,212.0,212.4001223631057,0.11346394473223133,0.11346394473223133,0.17236991466652016,0.1235241380055336,0.11667638391713243,0.13092970260331463,0.11519727806556468,0.11437469327747213
213,213.0,213.4000385712103,0.11298836602975897,0.1122191352605282,0.17657399211902006,0.12223294498689968,0.11624027605771435,0.13184001406590984,0.11469618421157717,0.11320908726859207
214,214.0,214.39996277279235,0.112393841329099,0.11197418320944089,0.18010145667715322,0.1207938220646116,0.11565928233131317,0.13309086267700376,0.1140616176927354,0.11192493401864326
215,215.0,215.39989492648826,0.11174289510531407,0.11256512587454486,0.1831986152019847,0.1193848047531616,0.1149972893989004,0.13416279567590295,0.11335795606895048,0.11059051792124124
216,216.0,216.39983491554972,0.11094592232053657,0.11287383457827886,0.1865380294199117,0.11787533718394597,0.11416717341692714,0.13592500348228714,0.11249738881453664,0.10917731078357623
217,217.0,217.39978255654952,0.11009346945935519,0.11367037610734056,0.18811246327788325,0.11719100148542223,0.11326298844565617,0.137608796369608,0.11228647198002824,0.10777443287470667
218,218.0,218.39973760788385,0.10912414008255313,0.11431603928194407,0.19088974118038582,0.11638780170918034,0.11222571425826099,0.1388836050293257,0.11189640452583464,0.10627655393251559
219,219.0,219.3996997780059,0.10812140304754839,0.11475333808967199,0.1931446081417435,0.11548364160873986,0.11114112043031588,0.14040413657416023,0.11141228057674472,0.10553947153107572
220,220.0,220.3996687333357,0.10711242975859425,0.11512792386260218,0.19514483413560366,0.11467658792558466,0.11004075850662784,0.1418638832569903,0.11100491344771671,0.1050286691062807
221,221.0,221.39964410579915,0.10610264176653059,0.11484879494492282,0.19771505315217489,0.11393925695841015,0.1090549177005528,0.1430754240208936,0.11065886170154243,0.10460504975497299
222,222.0,222.3996254999583,0.10512403020973204,0.11386288918115452,0.20037265175381047,0.11332202928501409,0.1080764182514303,0.14549394014987543,0.1102662767571704,0.10348176441181302
223,223.0,223.39961249970193,0.10416877239265293,0.11276652886528138,0.20327007985321738,0.11274671137884915,0.1071425049947023,0.14762364170064887,0.10986410375913414,0.10241765705551414
224,224.0,224.39960467447418,0.10310519663060322,0.11153658416678375,0.20562174133073555,0.11207597655336499,0.10611916955480777,0.14983322422663808,0.11042954546500261,0.10127856207206434
225,225.0,225.39960158502444,0.10212713889675312,0.11037120670524488,0.20786878395307687,0.1114985675830842,0.10453141457213144,0.15226685192536235,0.11108017345599835,0.10025586290834906
226,226.0,226.39960278866948,0.10100602998582317,0.10904601200200277,0.20998303756337405,0.11078134444260773,0.10282197802119676,0.15576234388712082,0.11148068865342452,0.09911856544445047
227,227.0,227.39960784406333,0.0998235674836381,0.1076466974336369,0.2119499301384984,0.11000192448573666,0.10107658612971564,0.15980419243184357,0.1117511357065284,0.09794596619040263
228,228.0,228.39961631547715,0.0993517178216059,0.10604098693443868,0.21347144302253168,0.11001741874628998,0.09978545938642987,0.1630336375539412,0.11170399194755272,0.09659534458721025
229,229.0,229.39962777659477,0.09889745018085806,0.10445646681318681,0.2147745223108636,0.1100419699551593,0.09850964043846465,0.16587426686047912,0.11156468347096644,0.09588099997002231
230,230.0,230.3996418138347,0.09840495894928941,0.1028486577622996,0.21601522758786917,0.10992531234351564,0.09723523946006209,0.16818436415496232,0.11131831798220643,0.09606792175979567
231,231.0,231.39965802921228,0.09840426659369056,0.10174339580679613,0.21400708480043007,0.11059283620786488,0.09648228770559665,0.16951742753155022,0.11149934003277047,0.09775336132130134
232,232.0,232.39967604276,0.09851237662060877,0.1007676553272813,0.21270147729516464,0.11133685457907652,0.09590911094668986,0.17068282974826648,0.11114114182469112,0.09894855365822162
233,233.0,233.39969549452536,0.09864747475034666,0.09984838863977492,0.21095297232479052,0.1126606601756934,0.09536375756902198,0.17161582995775462,0.11076078618944293,0.10015013039317527
234,234.0,234.39971604616892,0.098838599426619,0.09902222926724534,0.20908805056787524,0.11399671268979705,0.09491507523883402,0.17197881120932135,0.11039738066138938,0.1017631409389189
235,235.0,235.39973738218643,0.09904974671951962,0.09827388305767515,0.20700879779243697,0.11531618189025275,0.09454363866043487,0.1724277096888072,0.11002437425660151,0.10335566793427221
236,236.0,236.3997592107803,0.09924956769995733,0.0980892629828361,0.2044982739411379,0.11621638988808218,0.09425980823443494,0.17269846991970475,0.10962365603051659,0.10536457130333049
237,237.0,237.39978126440704,0.09946015484562845,0.09797547607723117,0.20185096919374965,0.11708151128967687,0.09438877887765892,0.17271354567047653,0.1092209717153858,0.10730859233019288
238,238.0,238.39980330002703,0.09967750465049054,0.09792616638396182,0.19943667343940755,0.11790599303161313,0.09456573118726125,0.17249466005034655,0.10881972374520267,0.10917354751171676
239,239.0,239.39982509908472,0.09991945700574827,0.09794572410631336,0.19704933218462625,0.11869599909002368,0.09480478712868046,0.1721605015008822,0.10844447062034665,0.11097972836337935
240,240.0,240.3998464672458,0.10007100570010244,0.09803285683451593,0.19555186229825255,0.11866784545150998,0.09509947268467336,0.17198483054649996,0.10787871207310609,0.11271341441133989
241,241.0,241.39986723391831,0.10007973922292478,0.09802575528853807,0.1938729909861781,0.11845596845714969,0.09670392475530488,0.17148085731534407,0.10718399403496515,0.11419676993959546
242,242.0,242.3998872515844,0.09986305630248993,0.09794740568382194,0.19305756482973727,0.11820424109492554,0.09808238601656386,0.17099939979607728,0.10639325429163508,0.11545269198474929
243,243.0,243.39990639496804,0.0996354254498182,0.09789696518957643,0.19249730615382704,0.11790195778190336,0.0994305565735167,0.17044945502116426,0.10561366689194102,0.11657466693825319
244,244.0,244.39992456006362,0.0993987975151572,0.09787110901916436,0.19217949223481678,0.11766293547940983,0.10073590029302484,0.1697388620067118,0.10485039846550465,0.11756250498621074
245,245.0,245.39994166304902,0.09916305477445661,0.09787462707303705,0.1918317512490749,0.11740186903426422,0.10199904490753973,0.16918023937572746,0.10411711798107678,0.11843229560482346
246,246.0,246.39995763910537,0.09877021436250372,0.09782041720112587,0.1915554862765618,0.11702914885110856,0.10312328832459378,0.16844016693690853,0.10333252134883777,0.11992875669836017
247,247.0,247.39997244116506,0.09816365921912065,0.09854390633709398,0.1909355313637779,0.11648895425312605,0.1039427675726668,0.16840925906093238,0.10243028117708654,0.12108564101619591
248,248.0,248.39998603860712,0.09748373984383579,0.09912171796246012,0.190116419422792,0.11595418706582167,0.10537067341999684,0.16843679127481587,0.10148528556792238,0.12203118544235546
249,249.0,249.3999984159189,0.09665030617939328,0.10100482395587881,0.18910196595032513,0.11528760752057916,0.10659249380262156,0.1682026480346138,0.10047183074944215,0.12268832380714625
250,250.0,250.4000095713403,0.095782779724918,0.10342348233805808,0.18820968822110173,0.11457162651022176,0.1075711990226994,0.16781248310317626,0.09945416921698161,0.1231745718628433
251,251.0,251.40001951550613,0.09489441986537671,0.10628130793777867,0.1872045885880942,0.11392401382965633,0.10832582305915966,0.16752693761690776,0.09844407309868217,0.12339883600434465
252,252.0,252.40002827010036,0.09398922804182912,0.10948606443720278,0.18619074641543593,0.11323219995594148,0.10886202831564097,0.16709262249099383,0.09768094267120211,0.1234661676717539
253,253.0,253.40003586653415,0.0930774551212479,0.11237451402201477,0.18531356595645243,0.11250640932152409,0.10978486374520874,0.16662550712790836,0.09692732013689154,0.12339036456875233
254,254.0,254.40004234465923,0.09227798388805902,0.11561640989611803,0.18455954297367497,0.11181083802953581,0.11053868755404594,0.1654308146762672,0.09624356685393484,0.12352215612836433
255,255.0,255.4000477515252,0.09150485703414343,0.11852812997613293,0.18434880219988753,0.11112159576698918,0.11110857480592325,0.16422450082190287,0.09560194664258578,0.12356159275243517
256,256.0,256.4000521401893,0.09075610068304224,0.12110650393359747,0.18410993090273706,0.11042676023538368,0.11199610917290675,0.1631026191264596,0.09499658158971627,0.12350539435615704
257,257.0,257.4000555685851,0.08933094477286795,0.12479536732923283,0.1842016936092442,0.10979635822194603,0.11274955129786732,0.162103657769198,0.09449322901601992,0.12252919798362386
258,258.0,258.40005809845553,0.08787091900546057,0.12870098176665754,0.18437926577259067,0.10910175583642354,0.11369041724213039,0.16090431782880027,0.09394892159259423,0.12140342095534287
259,259.0,259.4000597943543,0.0866326112322308,0.13289290187320396,0.18439615514192542,0.10837685348388174,0.11447989809240258,0.15955591567312793,0.09339394349871089,0.12027172100451669
260,260.0,260.40006072271973,0.08540669351686064,0.13661661202290834,0.18502848918268114,0.10763210034093776,0.11512539081836376,0.15808495791208957,0.09283529548857596,0.11927046071758284
261,261.0,261.4000609510214,0.0842457047361247,0.14009518301059842,0.18560056192467445,0.10691815605882059,0.11567605572388225,0.1566939545960509,0.09252870750097865,0.11824167644887006
262,262.0,262.4000605469827,0.08311178812335893,0.1431092272928804,0.1860759983981541,0.10619581284672051,0.11609259799384952,0.15541768342810564,0.09284223965508051,0.11715465226185041
263,263.0,263.400059577878,0.08199327139638393,0.14551986432556577,0.18709920230940402,0.10545253641515559,0.11669963640354024,0.15413962994457397,0.09309084752235804,0.11600501168301847
264,264.0,264.400058109905,0.08145418722427876,0.1477786515848452,0.18785359097373217,0.10469639073833224,0.11705952833409008,0.1527829284665774,0.09347353637603062,0.11490118630211357
265,265.0,265.40005620763026,0.08098707258783255,0.14963966090676498,0.1885557254996402,0.10398282174676335,0.11723942026041675,0.1514995189311364,0.09387541002791175,0.11422037003953411
266,266.0,266.4000539335067,0.08058901706445924,0.15056504289782474,0.18949132713352237,0.10331432284645453,0.11819299189615794,0.15029452162396517,0.09409406821490457,0.11345870832271152
267,267.0,267.40005134746036,0.08025075012440067,0.15149994078469478,0.1903471547589669,0.10267738263700633,0.11896080446423195,0.14915475696837885,0.09431492184285216,0.11279428841946848
268,268.0,268.40004850654407,0.0799746202602761,0.1524463246878015,0.1911389905972014,0.1020885691189101,0.11955890952840152,0.14809998286524548,0.0945412520389236,0.11215135090324038
269,269.0,269.400045464654,0.07975676455410222,0.15305573323381372,0.19195582706073702,0.10154854724918037,0.12033984030237269,0.14713183749131992,0.09476983733531462,0.11144161277315959
270,270.0,270.4000422723064,0.07959905014549808,0.1536826709770996,0.19255768851132962,0.10104633663084871,0.12095497214867196,0.14658790254019846,0.09480676990765223,0.1107646091387015
271,271.0,271.4000389764705,0.07948455330811836,0.15412497911647088,0.1930318002525571,0.10058484133679346,0.12157482211051795,0.14625047763457685,0.09483476117488154,0.11011376506608396
272,272.0,272.4000356204535,0.08048905874858009,0.15435786211099883,0.1934388886713193,0.0993342180026626,0.12210350530957233,0.1463691882513854,0.09493331957513951,0.10897395933034204
273,273.0,273.40003224383366,0.08132541384376901,0.15453416947506773,0.19369032894698351,0.0980295105884571,0.1232760874385439,0.14647658626296706,0.09492003836026376,0.10774786508394804
274,274.0,274.4000288824375,0.08202313491730064,0.1546742110539086,0.19461416898502581,0.09678465023391362,0.12413401493350709,0.14647525482890544,0.09482117338607832,0.10647339166136058
275,275.0,275.4000255683565,0.08272997241321671,0.15486069401866043,0.19546840867286502,0.09560752104467855,0.12484141205232471,0.14652742419988776,0.09471965276196359,0.10524491483640332
276,276.0,276.4000223300001,0.0834375643433494,0.15480865256380416,0.19625031973573254,0.09450273922514318,0.12568853440840558,0.1466268406307296,0.09461637528818344,0.10406897380465219
277,277.0,277.40001919217934,0.08413838586224931,0.15481463508273066,0.19695819547731755,0.09347374437380647,0.12638449754484535,0.14676741176841016,0.09451217594171579,0.10295095394892481
278,278.0,278.40001617621886,0.0840681653879103,0.15495582993592294,0.19774278187275363,0.09350773157684575,0.1261762354910215,0.14709476693201928,0.094483581828687,0.10197090697483971
279,279.0,279.4000133000922,0.08391752668721703,0.15493822941234797,0.19832095347509282,0.09430027405900435,0.1258298815601268,0.14730583213620596,0.09438613572970082,0.10100116694030438
280,280.0,280.40001057857734,0.08376419978799367,0.15484607087310004,0.19884393368398504,0.09515395450391237,0.12543089029735913,0.1475464893612342,0.09429587912252468,0.10011858236989102
281,281.0,281.4000080234282,0.08360998677908546,0.15468773170513891,0.19931201183668606,0.0960541223108458,0.12498851534853343,0.1478113728327696,0.09421299562404933,0.09932326356289158
282,282.0,282.4000056435596,0.08345651840154997,0.15447141336301554,0.199537318112005,0.09698712706553275,0.12451151883174377,0.14828409033672907,0.09413757675838944,0.09861443713103464
283,283.0,283.4000034452423,0.08290842947919988,0.15412571186820231,0.20106089430488794,0.09809908518438117,0.12361130747212903,0.14837249457725052,0.09367280485409467,0.09814927225985469
284,284.0,284.40000143230435,0.08230370324878045,0.1536743485582423,0.20239518681915877,0.09902581691462158,0.12271996445885379,0.14911230133644102,0.09315530322711175,0.09761337543679051
285,285.0,285.39999960633713,0.0817117430110951,0.15319009555544214,0.20366116571292064,0.0999496545008893,0.1218242613266881,0.14985404921791867,0.09265321217367163,0.09715581850137452
286,286.0,286.39999796690324,0.081270500438627,0.15279959465631446,0.204700494949159,0.10098015927891958,0.12106689978822237,0.1510526990810038,0.09221560091808852,0.09591405088966529
287,287.0,287.3999965117438,0.08074573478453377,0.15240723290851926,0.20546300335067919,0.10188609661067168,0.1200078276832157,0.15213065541997378,0.09169576355550826,0.09566368568689834
288,288.0,288.39999523698276,0.08030839182086466,0.15206635771363894,0.2054433494415393,0.10212308146967349,0.11903434178590727,0.15420809229273472,0.0912644668776022,0.09555191859803942
289,289.0,289.39999413732806,0.07979265436655965,0.15176393097682664,0.205217345004742,0.10221965297949331,0.11792153327374708,0.15612601267254372,0.09166481235011857,0.095294058375969
290,290.0,290.39999320626555,0.07921678234818831,0.15151150759814008,0.20473828771383873,0.10227959924348697,0.11669650188810204,0.1587188385462206,0.09192095601231352,0.09491752664970972
291,291.0,291.39999243624663,0.07866669585961208,0.15133820671869302,0.20419016247030272,0.10230106244193433,0.11550770436081104,0.1612163667967183,0.09218708634405015,0.09459271500787829
292,292.0,292.39999181886714,0.07808585655844899,0.15110146536614466,0.2034750567029113,0.10223683628477252,0.11430792340686417,0.1634895356350611,0.0931052109258969,0.09419811511990031
293,293.0,293.3999913450369,0.07749766007759895,0.1508166638227053,0.2028772159880028,0.10210280079050876,0.11312476713709611,0.16594410404366516,0.09387095555114838,0.0937658325892745
294,294.0,294.39999100513927,0.07725610543610487,0.14922982637108617,0.20290289692325547,0.10191064686443123,0.11212412841716965,0.16833260936893343,0.0947421047730059,0.09350168184601329
295,295.0,295.3999907891801,0.07707941540468627,0.14860105021439915,0.20289174618939607,0.10181030036182363,0.11122072509593452,0.16892862072667297,0.0961977772074943,0.09327036479959312
296,296.0,296.39999068692504,0.0769224627910657,0.14799353975214657,0.20300083753454173,0.10169630677279369,0.11037723077421469,0.1693222204109699,0.09761404120220064,0.09307336076206713
297,297.0,297.39999068802626,0.07745261316690771,0.14731123650837122,0.2026539720906456,0.10147865998261174,0.10949936104634395,0.1701660863903028,0.09875444876109979,0.09268362205371718
298,298.0,298.399990782137,0.07788058059346917,0.14646972948483303,0.20227702804804254,0.101064441843778,0.10857254618824896,0.17111138988706448,0.10044798268191457,0.09217630127264927
299,299.0,299.3999909590153,0.0782027942378825,0.14560763859717735,0.20236406669860202,0.10059173613997971,0.10765660681222713,0.17191308619765464,0.10201731764582164,0.09164675367065506
300,300.0,300.3999912086157,0.07851939526364185,0.14561221357176068,0.20254710676578952,0.09927352619727876,0.10679867083519626,0.1725180597962361,0.10350273402136206,0.09122829354873471
301,301.0,301.39999152116985,0.07883903219515251,0.14564916696323163,0.20270187644225524,0.09795934794548102,0.10600947558142516,0.17308838390110737,0.10490610069849254,0.0908466162728545
302,302.0,302.39999188725693,0.07905579098946637,0.1457949879342948,0.2032733357082335,0.09660647184194304,0.10518089563236555,0.17348852108648413,0.10616679394484388,0.0904332028623687
303,303.0,303.3999922978627,0.07947017842210075,0.1466032524884107,0.20427923537079595,0.0947637896801714,0.10461004396930526,0.17182532046190832,0.10757442349133407,0.09087375611597352
304,304.0,304.39999274442926,0.07986396624058571,0.147420874639771,0.20544934863054892,0.09295841053109498,0.10409700136865288,0.17000740891739324,0.10887456672934161,0.09132842294261165
305,305.0,305.3999932188949,0.08021259930500785,0.14832988042184095,0.2065047694371111,0.09118077745323533,0.10357051907390871,0.1680097714056582,0.11049688789613836,0.09169479500709948
306,306.0,306.399993713725,0.08052884686382407,0.14933887922945227,0.2074265373292918,0.08945876630737493,0.10304539141339064,0.16607904933689024,0.11207869884516936,0.09204383067460666
307,307.0,307.39999422193483,0.08070013918319345,0.15021079538980572,0.20818324459867396,0.08769131400322179,0.1024114632225485,0.16412214854615464,0.1144207343541494,0.0922601607022525
308,308.0,308.3999947371043,0.08075213629679483,0.1508734616812274,0.2087280768895446,0.08591343572701894,0.10173855796379234,0.16226218115614904,0.11735475408111351,0.09237739620435931
309,309.0,309.39999525338584,0.08070113784739541,0.15135265568899742,0.209077538729792,0.08414875670613362,0.10104205195794179,0.16111234858106274,0.12007603630533142,0.09248947418334556
310,310.0,310.3999957655054,0.08055560222417307,0.15176988357703255,0.20931071555554695,0.08241116135936258,0.10028649530914138,0.16072497873031563,0.12243185186375224,0.09250931138067559
311,311.0,311.39999626875795,0.08041771333609847,0.15285455375708726,0.20940866100999556,0.08071919867388927,0.09949212466281342,0.16019833324454444,0.1244525392533834,0.09245687606218819
312,312.0,312.39999675899764,0.080291647310056,0.1545883684542783,0.20891763991931467,0.07916707263624279,0.09874690047291797,0.1598477358191955,0.12650840711016675,0.09193222827782803
313,313.0,313.3999972326234,0.08012052082238032,0.15673087113617273,0.20835319310337536,0.07769935914429436,0.09803118124668384,0.1594170068771385,0.12827079796347765,0.0913770697064773
314,314.0,314.3999976865603,0.07987452177234679,0.15858667974218713,0.20828051348521587,0.07628626466662895,0.09731314426824252,0.1587736139182883,0.13015805325218902,0.09072720889490152
315,315.0,315.399998118238,0.07968861159409828,0.1606921950173705,0.20898420924946978,0.07513264079205527,0.0976702218816548,0.1569517509656895,0.1309688935267576,0.0899114769729043
316,316.0,316.3999985255654,0.080241122760569,0.16303757365605423,0.20899076934595506,0.07406956057518849,0.09801171449654887,0.15508722507443615,0.13148199512741612,0.08908003896383217
317,317.0,317.3999989069045,0.08047337980000908,0.16564172820270373,0.2084150782793819,0.07285170910660874,0.09804789937374783,0.15292716068265452,0.13197270157899496,0.08967034297589935
318,318.0,318.3999992610406,0.08051629526395522,0.16840160227104525,0.20763577519446685,0.07157948884700802,0.09784876873795526,0.15067440647357122,0.13214267110008965,0.09120099211190863
319,319.0,319.3999995871527,0.08039967269335038,0.17053956741968426,0.2072183588394974,0.0704909605613534,0.09816628826857629,0.14837232732094288,0.13150753024899955,0.09330529464759588
320,320.0,320.3999998847821,0.08021724416996422,0.17227163241532112,0.2065316658963242,0.069455288449742,0.09835868579078504,0.14609904900827683,0.13176185188165873,0.09530458238792792
321,321.0,321.40000015380076,0.07998082033447185,0.17485857127725762,0.20517057280788592,0.06849705107096396,0.09844770347438311,0.1440082046603439,0.1318206224689673,0.0972164539057264
322,322.0,322.40000039437956,0.07983702966922214,0.17741105958491085,0.20397623883308647,0.06768807719653004,0.09913886985052558,0.14215423888982465,0.13069453359949482,0.09909995237640556
323,323.0,323.4000006069566,0.07955537597597943,0.1799773856446657,0.20323380123683965,0.0668986793945349,0.10019894523460773,0.14013475259914426,0.12920919540004897,0.10079186451417949
324,324.0,324.4000007922064,0.07932328732001688,0.18230166620658284,0.20209153896568077,0.06622862724026762,0.10170953881900971,0.13826790073142808,0.1276238453243774,0.10245359539263685
325,325.0,325.4000009510092,0.07894047701416874,0.18414264543401462,0.20071880728031144,0.0654655234823121,0.10305819597216742,0.13651290701428132,0.12589342321166613,0.1052680205910784
326,326.0,326.4000010844216,0.07925982224122055,0.18620993579203438,0.19930051314123653,0.06472251665952654,0.10388613605806019,0.13490598633985315,0.12408165349900072,0.10763343626906813
327,327.0,327.40000119364856,0.07948583129204755,0.18803989596673304,0.1979406056490827,0.06402845160602287,0.10463761552149681,0.13329905923902546,0.12223628521780396,0.11033225550778782
328,328.0,328.4000012800163,0.08009442032828447,0.19019847327073225,0.19652579221017383,0.06333781476961853,0.10525884895531533,0.13168717377312275,0.1203232672234365,0.11257420946931654
329,329.0,329.4000013449471,0.08061155288857451,0.19228094318760536,0.19512467814070045,0.06248916404111561,0.10587123360923684,0.13079841203087722,0.11840819985380929,0.1144158162480809
330,330.0,330.40000138993537,0.08113718996547765,0.1945073179818557,0.19380318862679574,0.06174863186359878,0.10654298373189373,0.13006843758002365,0.1160757709359484,0.11611647931440655
