Total_iterations,Unnamed: 0.1,Intertwine_two,Add_vertex,Delete_vertex,Invert_path_vertices,Insert_inside_vertex,Delete_inside_vertex,Replace_inside_vertex,Donate_between_routes
0,0.0,0.125,0.125,0.125,0.125,0.125,0.125,0.125,0.125
1,1.0,0.125,0.125,0.125,0.125,0.125,0.125,0.125,0.125
2,2.0,0.125,0.125,0.125,0.125,0.125,0.125,0.125,0.125
3,3.0,0.125,0.125,0.125,0.125,0.125,0.125,0.125,0.125
4,4.0,0.125,0.125,0.125,0.125,0.125,0.125,0.125,0.125
5,5.0,0.125,0.125,0.125,0.125,0.125,0.125,0.125,0.125
6,6.0,0.125,0.125,0.125,0.125,0.125,0.125,0.125,0.125
7,7.0,0.125,0.125,0.125,0.125,0.125,0.125,0.125,0.125
8,8.0,0.125,0.125,0.125,0.125,0.125,0.125,0.125,0.125
9,9.0,0.125,0.125,0.125,0.125,0.125,0.125,0.125,0.125
10,10.0,0.125,0.125,0.125,0.125,0.125,0.125,0.125,0.125
11,11.0,0.125,0.125,0.125,0.125,0.125,0.125,0.125,0.125
12,12.0,0.125,0.125,0.125,0.125,0.125,0.125,0.125,0.125
13,13.0,0.125,0.125,0.125,0.125,0.125,0.125,0.125,0.125
14,14.0,0.125,0.125,0.125,0.125,0.125,0.125,0.125,0.125
15,15.0,0.125,0.125,0.125,0.125,0.125,0.125,0.125,0.125
16,16.0,0.125,0.125,0.125,0.125,0.125,0.125,0.125,0.125
17,17.0,0.125,0.125,0.125,0.125,0.125,0.125,0.125,0.125
18,18.0,0.125,0.125,0.125,0.125,0.125,0.125,0.125,0.125
19,19.0,0.125,0.125,0.125,0.125,0.125,0.125,0.125,0.125
20,20.0,0.125,0.125,0.125,0.125,0.125,0.125,0.125,0.125
21,21.0,0.125,0.125,0.125,0.125,0.125,0.125,0.125,0.125
22,22.0,0.125,0.125,0.125,0.125,0.125,0.125,0.125,0.125
23,23.0,0.125,0.125,0.125,0.125,0.125,0.125,0.125,0.125
24,24.0,0.125,0.125,0.125,0.125,0.125,0.125,0.125,0.125
25,25.0,0.125,0.125,0.125,0.125,0.125,0.125,0.125,0.125
26,26.0,0.125,0.125,0.125,0.125,0.125,0.125,0.125,0.125
27,27.0,0.125,0.125,0.125,0.125,0.125,0.125,0.125,0.125
28,28.0,0.125,0.125,0.125,0.125,0.125,0.125,0.125,0.125
29,29.0,0.125,0.125,0.125,0.125,0.125,0.125,0.125,0.125
30,30.0,0.125,0.125,0.125,0.125,0.125,0.125,0.125,0.125
31,31.0,0.125,0.125,0.125,0.125,0.125,0.125,0.125,0.125
32,32.0,0.125,0.125,0.125,0.125,0.125,0.125,0.125,0.125
33,33.0,0.125,0.125,0.125,0.125,0.125,0.125,0.125,0.125
34,34.0,0.125,0.125,0.125,0.125,0.125,0.125,0.125,0.125
35,35.0,0.125,0.125,0.125,0.125,0.125,0.125,0.125,0.125
36,36.0,0.125,0.125,0.125,0.125,0.125,0.125,0.125,0.125
37,37.0,0.125,0.125,0.125,0.125,0.125,0.125,0.125,0.125
38,38.0,0.125,0.125,0.125,0.125,0.125,0.125,0.125,0.125
39,39.0,0.125,0.125,0.125,0.125,0.125,0.125,0.125,0.125
40,40.0,0.125,0.125,0.125,0.125,0.125,0.125,0.125,0.125
41,41.0,0.125,0.125,0.125,0.125,0.125,0.125,0.125,0.125
42,42.0,0.125,0.125,0.125,0.125,0.125,0.125,0.125,0.125
43,43.0,0.125,0.125,0.125,0.125,0.125,0.125,0.125,0.125
44,44.0,0.125,0.125,0.125,0.125,0.125,0.125,0.125,0.125
45,45.0,0.125,0.125,0.125,0.125,0.125,0.125,0.125,0.125
46,46.0,0.125,0.125,0.125,0.125,0.125,0.125,0.125,0.125
47,47.0,0.125,0.125,0.125,0.125,0.125,0.125,0.125,0.125
48,48.0,0.125,0.125,0.125,0.125,0.125,0.125,0.125,0.125
49,49.0,0.125,0.125,0.125,0.125,0.125,0.125,0.125,0.125
50,50.0,0.125,0.125,0.125,0.125,0.125,0.125,0.125,0.125
51,51.0,0.125,0.125,0.125,0.125,0.125,0.125,0.125,0.125
52,52.0,0.125,0.125,0.125,0.125,0.125,0.125,0.125,0.125
53,53.0,0.125,0.125,0.125,0.125,0.125,0.125,0.125,0.125
54,54.0,0.125,0.125,0.125,0.125,0.125,0.125,0.125,0.125
55,55.0,0.125,0.125,0.125,0.125,0.125,0.125,0.125,0.125
56,56.0,0.125,0.125,0.125,0.125,0.125,0.125,0.125,0.125
57,57.0,0.125,0.125,0.125,0.125,0.125,0.125,0.125,0.125
58,58.0,0.125,0.125,0.125,0.125,0.125,0.125,0.125,0.125
59,59.0,0.125,0.125,0.125,0.125,0.125,0.125,0.125,0.125
60,60.0,0.125,0.125,0.125,0.125,0.125,0.125,0.125,0.125
61,61.0,0.125,0.125,0.125,0.125,0.125,0.125,0.125,0.125
62,62.0,0.125,0.125,0.125,0.125,0.125,0.125,0.125,0.125
63,63.0,0.125,0.125,0.125,0.125,0.125,0.125,0.125,0.125
64,64.0,0.125,0.125,0.125,0.125,0.125,0.125,0.125,0.125
65,65.0,0.125,0.125,0.125,0.125,0.125,0.125,0.125,0.125
66,66.0,0.125,0.125,0.125,0.125,0.125,0.125,0.125,0.125
67,67.0,0.125,0.125,0.125,0.125,0.125,0.125,0.125,0.125
68,68.0,0.125,0.125,0.125,0.125,0.125,0.125,0.125,0.125
69,69.0,0.125,0.125,0.125,0.125,0.125,0.125,0.125,0.125
70,70.0,0.125,0.125,0.125,0.125,0.125,0.125,0.125,0.125
71,71.0,0.125,0.125,0.125,0.125,0.125,0.125,0.125,0.125
72,72.0,0.125,0.125,0.125,0.125,0.125,0.125,0.125,0.125
73,73.0,0.125,0.125,0.125,0.125,0.125,0.125,0.125,0.125
74,74.0,0.125,0.125,0.125,0.125,0.125,0.125,0.125,0.125
75,75.0,0.125,0.125,0.125,0.125,0.125,0.125,0.125,0.125
76,76.0,0.125,0.125,0.125,0.125,0.125,0.125,0.125,0.125
77,77.0,0.125,0.125,0.125,0.125,0.125,0.125,0.125,0.125
78,78.0,0.125,0.125,0.125,0.125,0.125,0.125,0.125,0.125
79,79.0,0.125,0.125,0.125,0.125,0.125,0.125,0.125,0.125
80,80.0,0.125,0.125,0.125,0.125,0.125,0.125,0.125,0.125
81,81.0,0.125,0.125,0.125,0.125,0.125,0.125,0.125,0.125
82,82.0,0.125,0.125,0.125,0.125,0.125,0.125,0.125,0.125
83,83.0,0.125,0.125,0.125,0.125,0.125,0.125,0.125,0.125
84,84.0,0.125,0.125,0.125,0.125,0.125,0.125,0.125,0.125
85,85.0,0.125,0.125,0.125,0.125,0.125,0.125,0.125,0.125
86,86.0,0.125,0.125,0.125,0.125,0.125,0.125,0.125,0.125
87,87.0,0.125,0.125,0.125,0.125,0.125,0.125,0.125,0.125
88,88.0,0.125,0.125,0.125,0.125,0.125,0.125,0.125,0.125
89,89.0,0.125,0.125,0.125,0.125,0.125,0.125,0.125,0.125
90,90.0,0.125,0.125,0.125,0.125,0.125,0.125,0.125,0.125
91,91.0,0.125,0.125,0.125,0.125,0.125,0.125,0.125,0.125
92,92.0,0.125,0.125,0.125,0.125,0.125,0.125,0.125,0.125
93,93.0,0.125,0.125,0.125,0.125,0.125,0.125,0.125,0.125
94,94.0,0.125,0.125,0.125,0.125,0.125,0.125,0.125,0.125
95,95.0,0.125,0.125,0.125,0.125,0.125,0.125,0.125,0.125
96,96.0,0.125,0.125,0.125,0.125,0.125,0.125,0.125,0.125
97,97.0,0.125,0.125,0.125,0.125,0.125,0.125,0.125,0.125
98,98.0,0.125,0.125,0.125,0.125,0.125,0.125,0.125,0.125
99,99.0,0.125,0.125,0.125,0.125,0.125,0.125,0.125,0.125
100,100.0,0.125,0.125,0.125,0.125,0.125,0.125,0.125,0.125
101,101.0,0.125,0.125,0.125,0.125,0.125,0.125,0.125,0.125
102,102.0,0.125,0.125,0.125,0.125,0.125,0.125,0.125,0.125
103,103.0,0.125,0.125,0.125,0.125,0.125,0.125,0.125,0.125
104,104.0,0.125,0.125,0.125,0.125,0.125,0.125,0.125,0.125
105,105.0,0.125,0.125,0.125,0.125,0.125,0.125,0.125,0.125
106,106.0,0.125,0.125,0.125,0.125,0.125,0.125,0.125,0.125
107,107.0,0.125,0.125,0.125,0.125,0.125,0.125,0.125,0.125
108,108.0,0.125,0.125,0.125,0.125,0.125,0.125,0.125,0.125
109,109.0,0.125,0.125,0.125,0.125,0.125,0.125,0.125,0.125
110,110.0,0.125,0.125,0.125,0.125,0.125,0.125,0.125,0.125
111,111.0,0.125,0.125,0.125,0.125,0.125,0.125,0.125,0.125
112,112.0,0.125,0.125,0.125,0.125,0.125,0.125,0.125,0.125
113,113.0,0.125,0.125,0.125,0.125,0.125,0.125,0.125,0.125
114,114.0,0.125,0.125,0.125,0.125,0.125,0.125,0.125,0.125
115,115.0,0.125,0.125,0.125,0.125,0.125,0.125,0.125,0.125
116,116.0,0.125,0.125,0.125,0.125,0.125,0.125,0.125,0.125
117,117.0,0.125,0.125,0.125,0.125,0.125,0.125,0.125,0.125
118,118.0,0.125,0.125,0.125,0.125,0.125,0.125,0.125,0.125
119,119.0,0.125,0.125,0.125,0.125,0.125,0.125,0.125,0.125
120,120.0,0.125,0.125,0.125,0.125,0.125,0.125,0.125,0.125
121,121.0,0.125,0.125,0.125,0.125,0.125,0.125,0.125,0.125
122,122.0,0.125,0.125,0.125,0.125,0.125,0.125,0.125,0.125
123,123.0,0.125,0.125,0.125,0.125,0.125,0.125,0.125,0.125
124,124.0,0.125,0.125,0.125,0.125,0.125,0.125,0.125,0.125
125,125.0,0.125,0.125,0.125,0.125,0.125,0.125,0.125,0.125
126,126.0,0.125,0.125,0.125,0.125,0.125,0.125,0.125,0.125
127,127.0,0.125,0.125,0.125,0.125,0.125,0.125,0.125,0.125
128,128.0,0.125,0.125,0.125,0.125,0.125,0.125,0.125,0.125
129,129.0,0.125,0.125,0.125,0.125,0.125,0.125,0.125,0.125
130,130.0,0.125,0.125,0.125,0.125,0.125,0.125,0.125,0.125
131,131.0,0.125,0.125,0.125,0.125,0.125,0.125,0.125,0.125
132,132.0,0.125,0.125,0.125,0.125,0.125,0.125,0.125,0.125
133,133.0,0.125,0.125,0.125,0.125,0.125,0.125,0.125,0.125
134,134.0,0.125,0.125,0.125,0.125,0.125,0.125,0.125,0.125
135,135.0,0.125,0.125,0.125,0.125,0.125,0.125,0.125,0.125
136,136.0,0.125,0.125,0.125,0.125,0.125,0.125,0.125,0.125
137,137.0,0.125,0.125,0.125,0.125,0.125,0.125,0.125,0.125
138,138.0,0.125,0.125,0.125,0.125,0.125,0.125,0.125,0.125
139,139.0,0.125,0.125,0.125,0.125,0.125,0.125,0.125,0.125
140,140.0,0.125,0.125,0.125,0.125,0.125,0.125,0.125,0.125
141,141.0,0.125,0.125,0.125,0.125,0.125,0.125,0.125,0.125
142,142.0,0.125,0.125,0.125,0.125,0.125,0.125,0.125,0.125
143,143.0,0.125,0.125,0.125,0.125,0.125,0.125,0.125,0.125
144,144.0,0.125,0.125,0.125,0.125,0.125,0.125,0.125,0.125
145,145.0,0.125,0.125,0.125,0.125,0.125,0.125,0.125,0.125
146,146.0,0.125,0.125,0.125,0.125,0.125,0.125,0.125,0.125
147,147.0,0.125,0.125,0.125,0.125,0.125,0.125,0.125,0.125
148,148.0,0.125,0.125,0.125,0.125,0.125,0.125,0.125,0.125
149,149.0,0.125,0.125,0.125,0.125,0.125,0.125,0.125,0.125
150,150.0,0.125,0.125,0.125,0.125,0.125,0.125,0.125,0.125
151,151.0,0.125,0.125,0.125,0.125,0.125,0.125,0.125,0.125
152,152.0,0.125,0.125,0.125,0.125,0.125,0.125,0.125,0.125
153,153.0,0.125,0.125,0.125,0.125,0.125,0.125,0.125,0.125
154,154.0,0.125,0.125,0.125,0.125,0.125,0.125,0.125,0.125
155,155.0,0.125,0.125,0.125,0.125,0.125,0.125,0.125,0.125
156,156.0,0.125,0.125,0.125,0.125,0.125,0.125,0.125,0.125
157,157.0,0.125,0.125,0.125,0.125,0.125,0.125,0.125,0.125
158,158.0,0.125,0.125,0.125,0.125,0.125,0.125,0.125,0.125
159,159.0,0.125,0.125,0.125,0.125,0.125,0.125,0.125,0.125
160,160.0,0.125,0.125,0.125,0.125,0.125,0.125,0.125,0.125
161,161.0,0.125,0.125,0.125,0.125,0.125,0.125,0.125,0.125
162,162.0,0.125,0.125,0.125,0.125,0.125,0.125,0.125,0.125
163,163.0,0.125,0.125,0.125,0.125,0.125,0.125,0.125,0.125
164,164.0,0.125,0.125,0.125,0.125,0.125,0.125,0.125,0.125
165,165.0,0.125,0.125,0.125,0.125,0.125,0.125,0.125,0.125
166,166.0,0.125,0.125,0.125,0.125,0.125,0.125,0.125,0.125
167,167.0,0.125,0.125,0.125,0.125,0.125,0.125,0.125,0.125
168,168.0,0.125,0.125,0.125,0.125,0.125,0.125,0.125,0.125
169,169.0,0.125,0.125,0.125,0.125,0.125,0.125,0.125,0.125
170,170.0,0.125,0.125,0.125,0.125,0.125,0.125,0.125,0.125
171,171.0,0.125,0.125,0.125,0.125,0.125,0.125,0.125,0.125
172,172.0,0.125,0.125,0.125,0.125,0.125,0.125,0.125,0.125
173,173.0,0.125,0.125,0.125,0.125,0.125,0.125,0.125,0.125
174,174.0,0.125,0.125,0.125,0.125,0.125,0.125,0.125,0.125
175,175.0,0.125,0.125,0.125,0.125,0.125,0.125,0.125,0.125
176,176.0,0.125,0.125,0.125,0.125,0.125,0.125,0.125,0.125
177,177.0,0.125,0.125,0.125,0.125,0.125,0.125,0.125,0.125
178,178.0,0.125,0.125,0.125,0.125,0.125,0.125,0.125,0.125
179,179.0,0.125,0.125,0.125,0.125,0.125,0.125,0.125,0.125
180,180.0,0.125,0.125,0.125,0.125,0.125,0.125,0.125,0.125
181,181.0,0.125,0.125,0.125,0.125,0.125,0.125,0.125,0.125
182,182.0,0.125,0.125,0.125,0.125,0.125,0.125,0.125,0.125
183,183.0,0.125,0.125,0.125,0.125,0.125,0.125,0.125,0.125
184,184.0,0.125,0.125,0.125,0.125,0.125,0.125,0.125,0.125
185,185.0,0.125,0.125,0.125,0.125,0.125,0.125,0.125,0.125
186,186.0,0.125,0.125,0.125,0.125,0.125,0.125,0.125,0.125
187,187.0,0.125,0.125,0.125,0.125,0.125,0.125,0.125,0.125
188,188.0,0.125,0.125,0.125,0.125,0.125,0.125,0.125,0.125
189,189.0,0.125,0.125,0.125,0.125,0.125,0.125,0.125,0.125
190,190.0,0.125,0.125,0.125,0.125,0.125,0.125,0.125,0.125
191,191.0,0.125,0.125,0.125,0.125,0.125,0.125,0.125,0.125
192,192.0,0.125,0.125,0.125,0.125,0.125,0.125,0.125,0.125
193,193.0,0.125,0.125,0.125,0.125,0.125,0.125,0.125,0.125
194,194.0,0.125,0.125,0.125,0.125,0.125,0.125,0.125,0.125
195,195.0,0.125,0.125,0.125,0.125,0.125,0.125,0.125,0.125
196,196.0,0.125,0.125,0.125,0.125,0.125,0.125,0.125,0.125
197,197.0,0.125,0.125,0.125,0.125,0.125,0.125,0.125,0.125
198,198.0,0.125,0.125,0.125,0.125,0.125,0.125,0.125,0.125
199,199.0,0.124520202020202,0.124520202020202,0.1272474747474747,0.1256313131313131,0.124520202020202,0.124520202020202,0.124520202020202,0.124520202020202
200,200.0,0.1238583333333333,0.1238583333333333,0.1300583333333333,0.1259583333333333,0.1238583333333333,0.1246916666666666,0.1238583333333333,0.1238583333333333
201,201.0,0.1232074015151515,0.1232074015151515,0.132820856060606,0.1262764015151515,0.1232074015151515,0.1248657348484848,0.1232074015151515,0.1232074015151515
202,202.0,0.1225218775276039,0.1225218775276039,0.1360382296954361,0.1263217612118145,0.1225218775276039,0.1250306214547295,0.1225218775276039,0.1225218775276039
203,203.0,0.1218029809749868,0.1218029809749868,0.1388846895691926,0.1270158942208515,0.1218029809749868,0.1250845113350215,0.1218029809749868,0.1218029809749868
204,204.0,0.121097530734047,0.121097530734047,0.1416029573117612,0.1277867770419142,0.121097530734047,0.1251226119760896,0.121097530734047,0.121097530734047
205,205.0,0.1203754597336702,0.1203754597336702,0.143952416326003,0.1284399061914038,0.1203754597336702,0.1257303788142423,0.1203754597336702,0.1203754597336702
206,206.0,0.1195496190137721,0.1195496190137721,0.1460218497200051,0.1289273511418082,0.1195496190137721,0.1273027040693262,0.1195496190137721,0.1195496190137721
207,207.0,0.1187219772868372,0.1187219772868372,0.1493602323885179,0.1283024725301985,0.1187219772868372,0.1287274086470974,0.1187219772868372,0.1187219772868372
208,208.0,0.1178219391309137,0.1178219391309137,0.1540376394920209,0.1276086015197517,0.1179283221096371,0.1289249143974888,0.1178219391309137,0.1180347050883605
209,209.0,0.1168674141963675,0.1168674141963675,0.1591415017792457,0.1268005839216579,0.1170779965031984,0.1290890963967659,0.1168674141963675,0.1172885788100294
210,210.0,0.1157794321315598,0.1157794321315598,0.1634922493759177,0.1258039502918163,0.1170922143264087,0.1298682930899204,0.1157794321315598,0.1164049965212575
211,211.0,0.1146594911974375,0.1146594911974375,0.1674125953660344,0.1247248012969726,0.1169707426944344,0.1305204837679058,0.1155685821065284,0.1154838123732494
212,212.0,0.1134639447322313,0.1134639447322313,0.1723699146665201,0.1235241380055336,0.1166763839171324,0.1309297026033146,0.1151972780655646,0.1143746932774721
213,213.0,0.1129883660297589,0.1122191352605282,0.17657399211902,0.1222329449868996,0.1162402760577143,0.1318400140659098,0.1146961842115771,0.113209087268592
214,214.0,0.112393841329099,0.1119741832094408,0.1801014566771532,0.1207938220646116,0.1156592823313131,0.1330908626770037,0.1140616176927354,0.1119249340186432
215,215.0,0.111742895105314,0.1125651258745448,0.1831986152019847,0.1193848047531616,0.1149972893989004,0.1341627956759029,0.1133579560689504,0.1105905179212412
216,216.0,0.1109459223205365,0.1128738345782788,0.1865380294199117,0.1178753371839459,0.1141671734169271,0.1359250034822871,0.1124973888145366,0.1091773107835762
217,217.0,0.1100934694593551,0.1136703761073405,0.1881124632778832,0.1171910014854222,0.1132629884456561,0.137608796369608,0.1122864719800282,0.1077744328747066
218,218.0,0.1091241400825531,0.114316039281944,0.1908897411803858,0.1163878017091803,0.1122257142582609,0.1388836050293257,0.1118964045258346,0.1062765539325155
219,219.0,0.1081214030475483,0.1147533380896719,0.1931446081417435,0.1154836416087398,0.1111411204303158,0.1404041365741602,0.1114122805767447,0.1055394715310757
220,220.0,0.1071124297585942,0.1151279238626021,0.1951448341356036,0.1146765879255846,0.1100407585066278,0.1418638832569903,0.1110049134477167,0.1050286691062807
221,221.0,0.1061026417665305,0.1148487949449228,0.1977150531521748,0.1139392569584101,0.1090549177005528,0.1430754240208936,0.1106588617015424,0.1046050497549729
222,222.0,0.105124030209732,0.1138628891811545,0.2003726517538104,0.113322029285014,0.1080764182514303,0.1454939401498754,0.1102662767571704,0.103481764411813
223,223.0,0.1041687723926529,0.1127665288652813,0.2032700798532173,0.1127467113788491,0.1071425049947023,0.1476236417006488,0.1098641037591341,0.1024176570555141
224,224.0,0.1031051966306032,0.1115365841667837,0.2056217413307355,0.1120759765533649,0.1061191695548077,0.149833224226638,0.1104295454650026,0.1012785620720643
225,225.0,0.1021271388967531,0.1103712067052448,0.2078687839530768,0.1114985675830842,0.1045314145721314,0.1522668519253623,0.1110801734559983,0.100255862908349
226,226.0,0.1010060299858231,0.1090460120020027,0.209983037563374,0.1107813444426077,0.1028219780211967,0.1557623438871208,0.1114806886534245,0.0991185654444504
227,227.0,0.0998235674836381,0.1076466974336369,0.2119499301384984,0.1100019244857366,0.1010765861297156,0.1598041924318435,0.1117511357065284,0.0979459661904026
228,228.0,0.0993517178216059,0.1060409869344386,0.2134714430225316,0.1100174187462899,0.0997854593864298,0.1630336375539412,0.1117039919475527,0.0965953445872102
229,229.0,0.098897450180858,0.1044564668131868,0.2147745223108636,0.1100419699551593,0.0985096404384646,0.1658742668604791,0.1115646834709664,0.0958809999700223
230,230.0,0.0984049589492894,0.1028486577622996,0.2160152275878691,0.1099253123435156,0.097235239460062,0.1681843641549623,0.1113183179822064,0.0960679217597956
231,231.0,0.0984042665936905,0.1017433958067961,0.21400708480043,0.1105928362078648,0.0964822877055966,0.1695174275315502,0.1114993400327704,0.0977533613213013
232,232.0,0.0985123766206087,0.1007676553272813,0.2127014772951646,0.1113368545790765,0.0959091109466898,0.1706828297482664,0.1111411418246911,0.0989485536582216
233,233.0,0.0986474747503466,0.0998483886397749,0.2109529723247905,0.1126606601756934,0.0953637575690219,0.1716158299577546,0.1107607861894429,0.1001501303931752
234,234.0,0.098838599426619,0.0990222292672453,0.2090880505678752,0.113996712689797,0.094915075238834,0.1719788112093213,0.1103973806613893,0.1017631409389189
235,235.0,0.0990497467195196,0.0982738830576751,0.2070087977924369,0.1153161818902527,0.0945436386604348,0.1724277096888072,0.1100243742566015,0.1033556679342722
236,236.0,0.0992495676999573,0.0980892629828361,0.2044982739411379,0.1162163898880821,0.0942598082344349,0.1726984699197047,0.1096236560305165,0.1053645713033304
237,237.0,0.0994601548456284,0.0979754760772311,0.2018509691937496,0.1170815112896768,0.0943887788776589,0.1727135456704765,0.1092209717153858,0.1073085923301928
238,238.0,0.0996775046504905,0.0979261663839618,0.1994366734394075,0.1179059930316131,0.0945657311872612,0.1724946600503465,0.1088197237452026,0.1091735475117167
239,239.0,0.0999194570057482,0.0979457241063133,0.1970493321846262,0.1186959990900236,0.0948047871286804,0.1721605015008822,0.1084444706203466,0.1109797283633793
240,240.0,0.1000710057001024,0.0980328568345159,0.1955518622982525,0.1186678454515099,0.0950994726846733,0.1719848305464999,0.107878712073106,0.1127134144113398
241,241.0,0.1000797392229247,0.098025755288538,0.1938729909861781,0.1184559684571496,0.0967039247553048,0.171480857315344,0.1071839940349651,0.1141967699395954
242,242.0,0.0998630563024899,0.0979474056838219,0.1930575648297372,0.1182042410949255,0.0980823860165638,0.1709993997960772,0.106393254291635,0.1154526919847492
243,243.0,0.0996354254498182,0.0978969651895764,0.192497306153827,0.1179019577819033,0.0994305565735167,0.1704494550211642,0.105613666891941,0.1165746669382531
244,244.0,0.0993987975151572,0.0978711090191643,0.1921794922348167,0.1176629354794098,0.1007359002930248,0.1697388620067118,0.1048503984655046,0.1175625049862107
245,245.0,0.0991630547744566,0.097874627073037,0.1918317512490749,0.1174018690342642,0.1019990449075397,0.1691802393757274,0.1041171179810767,0.1184322956048234
246,246.0,0.0987702143625037,0.0978204172011258,0.1915554862765618,0.1170291488511085,0.1031232883245937,0.1684401669369085,0.1033325213488377,0.1199287566983601
247,247.0,0.0981636592191206,0.0985439063370939,0.1909355313637779,0.116488954253126,0.1039427675726668,0.1684092590609323,0.1024302811770865,0.1210856410161959
248,248.0,0.0974837398438357,0.0991217179624601,0.190116419422792,0.1159541870658216,0.1053706734199968,0.1684367912748158,0.1014852855679223,0.1220311854423554
249,249.0,0.0966503061793932,0.1010048239558788,0.1891019659503251,0.1152876075205791,0.1065924938026215,0.1682026480346138,0.1004718307494421,0.1226883238071462
250,250.0,0.095782779724918,0.103423482338058,0.1882096882211017,0.1145716265102217,0.1075711990226994,0.1678124831031762,0.0994541692169816,0.1231745718628433
251,251.0,0.0948944198653767,0.1062813079377786,0.1872045885880942,0.1139240138296563,0.1083258230591596,0.1675269376169077,0.0984440730986821,0.1233988360043446
252,252.0,0.0939892280418291,0.1094860644372027,0.1861907464154359,0.1132321999559414,0.1088620283156409,0.1670926224909938,0.0976809426712021,0.1234661676717539
253,253.0,0.0930774551212479,0.1123745140220147,0.1853135659564524,0.112506409321524,0.1097848637452087,0.1666255071279083,0.0969273201368915,0.1233903645687523
254,254.0,0.092277983888059,0.115616409896118,0.1845595429736749,0.1118108380295358,0.1105386875540459,0.1654308146762672,0.0962435668539348,0.1235221561283643
255,255.0,0.0915048570341434,0.1185281299761329,0.1843488021998875,0.1111215957669891,0.1111085748059232,0.1642245008219028,0.0956019466425857,0.1235615927524351
256,256.0,0.0907561006830422,0.1211065039335974,0.184109930902737,0.1104267602353836,0.1119961091729067,0.1631026191264596,0.0949965815897162,0.123505394356157
257,257.0,0.0893309447728679,0.1247953673292328,0.1842016936092442,0.109796358221946,0.1127495512978673,0.162103657769198,0.0944932290160199,0.1225291979836238
258,258.0,0.0878709190054605,0.1287009817666575,0.1843792657725906,0.1091017558364235,0.1136904172421303,0.1609043178288002,0.0939489215925942,0.1214034209553428
259,259.0,0.0866326112322308,0.1328929018732039,0.1843961551419254,0.1083768534838817,0.1144798980924025,0.1595559156731279,0.0933939434987108,0.1202717210045166
260,260.0,0.0854066935168606,0.1366166120229083,0.1850284891826811,0.1076321003409377,0.1151253908183637,0.1580849579120895,0.0928352954885759,0.1192704607175828
261,261.0,0.0842457047361247,0.1400951830105984,0.1856005619246744,0.1069181560588205,0.1156760557238822,0.1566939545960509,0.0925287075009786,0.11824167644887
262,262.0,0.0831117881233589,0.1431092272928804,0.1860759983981541,0.1061958128467205,0.1160925979938495,0.1554176834281056,0.0928422396550805,0.1171546522618504
263,263.0,0.0819932713963839,0.1455198643255657,0.187099202309404,0.1054525364151555,0.1166996364035402,0.1541396299445739,0.093090847522358,0.1160050116830184
264,264.0,0.0814541872242787,0.1477786515848452,0.1878535909737321,0.1046963907383322,0.11705952833409,0.1527829284665774,0.0934735363760306,0.1149011863021135
265,265.0,0.0809870725878325,0.1496396609067649,0.1885557254996402,0.1039828217467633,0.1172394202604167,0.1514995189311364,0.0938754100279117,0.1142203700395341
266,266.0,0.0805890170644592,0.1505650428978247,0.1894913271335223,0.1033143228464545,0.1181929918961579,0.1502945216239651,0.0940940682149045,0.1134587083227115
267,267.0,0.0802507501244006,0.1514999407846947,0.1903471547589669,0.1026773826370063,0.1189608044642319,0.1491547569683788,0.0943149218428521,0.1127942884194684
268,268.0,0.0799746202602761,0.1524463246878015,0.1911389905972014,0.1020885691189101,0.1195589095284015,0.1480999828652454,0.0945412520389236,0.1121513509032403
269,269.0,0.0797567645541022,0.1530557332338137,0.191955827060737,0.1015485472491803,0.1203398403023726,0.1471318374913199,0.0947698373353146,0.1114416127731595
270,270.0,0.079599050145498,0.1536826709770996,0.1925576885113296,0.1010463366308487,0.1209549721486719,0.1465879025401984,0.0948067699076522,0.1107646091387015
271,271.0,0.0794845533081183,0.1541249791164708,0.1930318002525571,0.1005848413367934,0.1215748221105179,0.1462504776345768,0.0948347611748815,0.1101137650660839
272,272.0,0.08048905874858,0.1543578621109988,0.1934388886713193,0.0993342180026626,0.1221035053095723,0.1463691882513854,0.0949333195751395,0.108973959330342
273,273.0,0.081325413843769,0.1545341694750677,0.1936903289469835,0.0980295105884571,0.1232760874385439,0.146476586262967,0.0949200383602637,0.107747865083948
274,274.0,0.0820231349173006,0.1546742110539086,0.1946141689850258,0.0967846502339136,0.124134014933507,0.1464752548289054,0.0948211733860783,0.1064733916613605
275,275.0,0.0827299724132167,0.1548606940186604,0.195468408672865,0.0956075210446785,0.1248414120523247,0.1465274241998877,0.0947196527619635,0.1052449148364033
276,276.0,0.0834375643433494,0.1548086525638041,0.1962503197357325,0.0945027392251431,0.1256885344084055,0.1466268406307296,0.0946163752881834,0.1040689738046521
277,277.0,0.0841383858622493,0.1548146350827306,0.1969581954773175,0.0934737443738064,0.1263844975448453,0.1467674117684101,0.0945121759417157,0.1029509539489248
278,278.0,0.0840681653879103,0.1549558299359229,0.1977427818727536,0.0935077315768457,0.1261762354910215,0.1470947669320192,0.094483581828687,0.1019709069748397
279,279.0,0.083917526687217,0.1549382294123479,0.1983209534750928,0.0943002740590043,0.1258298815601268,0.1473058321362059,0.0943861357297008,0.1010011669403043
280,280.0,0.0837641997879936,0.1548460708731,0.198843933683985,0.0951539545039123,0.1254308902973591,0.1475464893612342,0.0942958791225246,0.100118582369891
281,281.0,0.0836099867790854,0.1546877317051389,0.199312011836686,0.0960541223108458,0.1249885153485334,0.1478113728327696,0.0942129956240493,0.0993232635628915
282,282.0,0.0834565184015499,0.1544714133630155,0.199537318112005,0.0969871270655327,0.1245115188317437,0.148284090336729,0.0941375767583894,0.0986144371310346
283,283.0,0.0829084294791998,0.1541257118682023,0.2010608943048879,0.0980990851843811,0.123611307472129,0.1483724945772505,0.0936728048540946,0.0981492722598546
284,284.0,0.0823037032487804,0.1536743485582423,0.2023951868191587,0.0990258169146215,0.1227199644588537,0.149112301336441,0.0931553032271117,0.0976133754367905
285,285.0,0.0817117430110951,0.1531900955554421,0.2036611657129206,0.0999496545008893,0.1218242613266881,0.1498540492179186,0.0926532121736716,0.0971558185013745
286,286.0,0.081270500438627,0.1527995946563144,0.204700494949159,0.1009801592789195,0.1210668997882223,0.1510526990810038,0.0922156009180885,0.0959140508896652
287,287.0,0.0807457347845337,0.1524072329085192,0.2054630033506791,0.1018860966106716,0.1200078276832157,0.1521306554199737,0.0916957635555082,0.0956636856868983
288,288.0,0.0803083918208646,0.1520663577136389,0.2054433494415393,0.1021230814696734,0.1190343417859072,0.1542080922927347,0.0912644668776022,0.0955519185980394
289,289.0,0.0797926543665596,0.1517639309768266,0.205217345004742,0.1022196529794933,0.117921533273747,0.1561260126725437,0.0916648123501185,0.095294058375969
290,290.0,0.0792167823481883,0.15151150759814,0.2047382877138387,0.1022795992434869,0.116696501888102,0.1587188385462206,0.0919209560123135,0.0949175266497097
291,291.0,0.078666695859612,0.151338206718693,0.2041901624703027,0.1023010624419343,0.115507704360811,0.1612163667967183,0.0921870863440501,0.0945927150078782
292,292.0,0.0780858565584489,0.1511014653661446,0.2034750567029113,0.1022368362847725,0.1143079234068641,0.1634895356350611,0.0931052109258969,0.0941981151199003
293,293.0,0.0774976600775989,0.1508166638227053,0.2028772159880028,0.1021028007905087,0.1131247671370961,0.1659441040436651,0.0938709555511483,0.0937658325892745
294,294.0,0.0772561054361048,0.1492298263710861,0.2029028969232554,0.1019106468644312,0.1121241284171696,0.1683326093689334,0.0947421047730059,0.0935016818460132
295,295.0,0.0770794154046862,0.1486010502143991,0.202891746189396,0.1018103003618236,0.1112207250959345,0.1689286207266729,0.0961977772074943,0.0932703647995931
296,296.0,0.0769224627910657,0.1479935397521465,0.2030008375345417,0.1016963067727936,0.1103772307742146,0.1693222204109699,0.0976140412022006,0.0930733607620671
297,297.0,0.0774526131669077,0.1473112365083712,0.2026539720906456,0.1014786599826117,0.1094993610463439,0.1701660863903028,0.0987544487610997,0.0926836220537171
298,298.0,0.0778805805934691,0.146469729484833,0.2022770280480425,0.101064441843778,0.1085725461882489,0.1711113898870644,0.1004479826819145,0.0921763012726492
299,299.0,0.0782027942378825,0.1456076385971773,0.202364066698602,0.1005917361399797,0.1076566068122271,0.1719130861976546,0.1020173176458216,0.091646753670655
300,300.0,0.0785193952636418,0.1456122135717606,0.2025471067657895,0.0992735261972787,0.1067986708351962,0.1725180597962361,0.103502734021362,0.0912282935487347
301,301.0,0.0788390321951525,0.1456491669632316,0.2027018764422552,0.097959347945481,0.1060094755814251,0.1730883839011073,0.1049061006984925,0.0908466162728545
302,302.0,0.0790557909894663,0.1457949879342948,0.2032733357082335,0.096606471841943,0.1051808956323655,0.1734885210864841,0.1061667939448438,0.0904332028623687
303,303.0,0.0794701784221007,0.1466032524884107,0.2042792353707959,0.0947637896801714,0.1046100439693052,0.1718253204619083,0.107574423491334,0.0908737561159735
304,304.0,0.0798639662405857,0.147420874639771,0.2054493486305489,0.0929584105310949,0.1040970013686528,0.1700074089173932,0.1088745667293416,0.0913284229426116
305,305.0,0.0802125993050078,0.1483298804218409,0.2065047694371111,0.0911807774532353,0.1035705190739087,0.1680097714056582,0.1104968878961383,0.0916947950070994
306,306.0,0.080528846863824,0.1493388792294522,0.2074265373292918,0.0894587663073749,0.1030453914133906,0.1660790493368902,0.1120786988451693,0.0920438306746066
307,307.0,0.0807001391831934,0.1502107953898057,0.2081832445986739,0.0876913140032217,0.1024114632225485,0.1641221485461546,0.1144207343541494,0.0922601607022525
308,308.0,0.0807521362967948,0.1508734616812274,0.2087280768895446,0.0859134357270189,0.1017385579637923,0.162262181156149,0.1173547540811135,0.0923773962043593
309,309.0,0.0807011378473954,0.1513526556889974,0.209077538729792,0.0841487567061336,0.1010420519579417,0.1611123485810627,0.1200760363053314,0.0924894741833455
310,310.0,0.080555602224173,0.1517698835770325,0.2093107155555469,0.0824111613593625,0.1002864953091413,0.1607249787303156,0.1224318518637522,0.0925093113806755
311,311.0,0.0804177133360984,0.1528545537570872,0.2094086610099955,0.0807191986738892,0.0994921246628134,0.1601983332445444,0.1244525392533834,0.0924568760621881
312,312.0,0.080291647310056,0.1545883684542783,0.2089176399193146,0.0791670726362427,0.0987469004729179,0.1598477358191955,0.1265084071101667,0.091932228277828
313,313.0,0.0801205208223803,0.1567308711361727,0.2083531931033753,0.0776993591442943,0.0980311812466838,0.1594170068771385,0.1282707979634776,0.0913770697064773
314,314.0,0.0798745217723467,0.1585866797421871,0.2082805134852158,0.0762862646666289,0.0973131442682425,0.1587736139182883,0.130158053252189,0.0907272088949015
315,315.0,0.0796886115940982,0.1606921950173705,0.2089842092494697,0.0751326407920552,0.0976702218816548,0.1569517509656895,0.1309688935267576,0.0899114769729043
316,316.0,0.080241122760569,0.1630375736560542,0.208990769345955,0.0740695605751884,0.0980117144965488,0.1550872250744361,0.1314819951274161,0.0890800389638321
317,317.0,0.080473379800009,0.1656417282027037,0.2084150782793819,0.0728517091066087,0.0980478993737478,0.1529271606826545,0.1319727015789949,0.0896703429758993
318,318.0,0.0805162952639552,0.1684016022710452,0.2076357751944668,0.071579488847008,0.0978487687379552,0.1506744064735712,0.1321426711000896,0.0912009921119086
319,319.0,0.0803996726933503,0.1705395674196842,0.2072183588394974,0.0704909605613534,0.0981662882685762,0.1483723273209428,0.1315075302489995,0.0933052946475958
320,320.0,0.0802172441699642,0.1722716324153211,0.2065316658963242,0.069455288449742,0.098358685790785,0.1460990490082768,0.1317618518816587,0.0953045823879279
321,321.0,0.0799808203344718,0.1748585712772576,0.2051705728078859,0.0684970510709639,0.0984477034743831,0.1440082046603439,0.1318206224689673,0.0972164539057264
322,322.0,0.0798370296692221,0.1774110595849108,0.2039762388330864,0.06768807719653,0.0991388698505255,0.1421542388898246,0.1306945335994948,0.0990999523764055
323,323.0,0.0795553759759794,0.1799773856446657,0.2032338012368396,0.0668986793945349,0.1001989452346077,0.1401347525991442,0.1292091954000489,0.1007918645141794
324,324.0,0.0793232873200168,0.1823016662065828,0.2020915389656807,0.0662286272402676,0.1017095388190097,0.138267900731428,0.1276238453243774,0.1024535953926368
325,325.0,0.0789404770141687,0.1841426454340146,0.2007188072803114,0.0654655234823121,0.1030581959721674,0.1365129070142813,0.1258934232116661,0.1052680205910784
326,326.0,0.0792598222412205,0.1862099357920343,0.1993005131412365,0.0647225166595265,0.1038861360580601,0.1349059863398531,0.1240816534990007,0.1076334362690681
327,327.0,0.0794858312920475,0.188039895966733,0.1979406056490827,0.0640284516060228,0.1046376155214968,0.1332990592390254,0.1222362852178039,0.1103322555077878
328,328.0,0.0800944203282844,0.1901984732707322,0.1965257922101738,0.0633378147696185,0.1052588489553153,0.1316871737731227,0.1203232672234365,0.1125742094693165
329,329.0,0.0806115528885745,0.1922809431876053,0.1951246781407004,0.0624891640411156,0.1058712336092368,0.1307984120308772,0.1184081998538092,0.1144158162480809
330,330.0,0.0811371899654776,0.1945073179818557,0.1938031886267957,0.0617486318635987,0.1065429837318937,0.1300684375800236,0.1160757709359484,0.1161164793144065
331,331.0,0.081645563559173,0.1965351794423998,0.1925491811816463,0.0610890653238507,0.1071644530754335,0.1295410083017461,0.1138152187457531,0.1176603303699974
332,332.0,0.0821176418305721,0.1982765458884693,0.1911058214246556,0.0604803827263701,0.1076417378899821,0.1292266893814922,0.1121271334433435,0.1190240474151151
333,333.0,0.0824476576817292,0.2002414637607109,0.1896138622416023,0.0598780785202152,0.107853219106254,0.128850617627825,0.1105674072594814,0.120547693802182
334,334.0,0.0826809104177657,0.201945767290376,0.1881403733165284,0.0593244513903803,0.1079819822614758,0.1290144254405978,0.1092279943230835,0.1216840955597925
335,335.0,0.0828104978726594,0.2038607846430441,0.1868397935767033,0.0588132273960112,0.1079962615436662,0.1291154457450702,0.1079448715978076,0.1226191176250379
336,336.0,0.0828446859536067,0.2059492899495204,0.1855586613361707,0.0583450521015854,0.1079047830193468,0.1293112664652674,0.1067241348715511,0.1233621263029516
337,337.0,0.0830115063939899,0.2083113371283514,0.1840652827155079,0.0579843482995744,0.1083916914596048,0.1295618429221318,0.1051531316822667,0.123520859398573
338,338.0,0.0830149166444065,0.2109279085928596,0.1829635048921716,0.05762043094872,0.1086249399756513,0.1298027304818255,0.1036057700297706,0.1234397984345947
339,339.0,0.0828876202531209,0.214065617662099,0.1818332001137658,0.0572619590130233,0.1088213088863769,0.129778968186911,0.1021125608045386,0.1232387650801642
340,340.0,0.0825951450140676,0.2169719532432348,0.1807923341723219,0.0574356000459169,0.1088928086650077,0.1298037217258469,0.1006708592968956,0.1228375778367083
341,341.0,0.0816179531476858,0.2201636893083805,0.179791686920466,0.0576455663419329,0.1089424435971079,0.1305359860385349,0.0989057070116194,0.1223969676342725
342,342.0,0.0800846799411953,0.2238240294630372,0.1789499330593239,0.0578432410074778,0.1089035313295863,0.1312634724531089,0.0972393358887618,0.1218917768575088
343,343.0,0.0786658205225025,0.2276149388170512,0.1781653840199101,0.0580389015313047,0.108800749082378,0.1317331069907334,0.0956968604002937,0.1212842386358263
344,344.0,0.077257987521829,0.2312126874109195,0.1775791167673956,0.0582648466418755,0.1086401948106019,0.1327510788545594,0.0942723276297724,0.1200217603630468
345,345.0,0.0758485553396936,0.236021987616714,0.1770300998001556,0.0584751012464836,0.1079405930403719,0.1331190676195733,0.0929444804232213,0.1186201149137866
346,346.0,0.0744443831670206,0.2405304872373606,0.1766553900628975,0.0586587343916001,0.1075395362112454,0.1333279884653991,0.091707029348152,0.1171364511163247
347,347.0,0.0730582791375432,0.2451692391541671,0.1762890914561006,0.0588311099676771,0.1070969412625326,0.1334931796751278,0.0905606670588313,0.1155014922880203
348,348.0,0.0717213146323735,0.2488686683049762,0.1759717059120487,0.059001993284841,0.1065476619391329,0.1345090085806695,0.0895289289162531,0.1138507184297049
349,349.0,0.0708449477764829,0.2518322947160268,0.1756297464450949,0.0595473685687901,0.1058765987035316,0.1358948784294316,0.0887280738600077,0.1116460915006341
350,350.0,0.0699606337012164,0.2547799372025994,0.1752746089691013,0.0604380389341148,0.1052169286112431,0.1370100998506793,0.0879895720189767,0.1093301807120686
351,351.0,0.0690764005167682,0.2578689514303772,0.1749089749539778,0.0612374356788699,0.1047920724648742,0.1378677684453664,0.0873135061269598,0.1069348903828063
352,352.0,0.0686142077402089,0.2606542219274589,0.1745865047147473,0.0619787468043581,0.104288525313622,0.1386999886812791,0.0867275049276604,0.1044502998906649
353,353.0,0.0681666215217686,0.2631960386597577,0.1744285177900546,0.0626473542562166,0.1036811305219903,0.1396379243249946,0.0862213789167154,0.1020210340085017
354,354.0,0.0678519269278066,0.2655638113550603,0.174412030409763,0.0636627694984625,0.1029421456465474,0.1402577778970737,0.0857495670832338,0.0995599711820523
355,355.0,0.067564304543933,0.267783498416602,0.1744908094045531,0.0646137655765945,0.1022148275815379,0.1407647876194513,0.0853588238964679,0.0972091829608601
356,356.0,0.0673059292559559,0.2698585980003865,0.1746055686868584,0.0655052406840898,0.1015122721119874,0.1407214674423381,0.0855027847663533,0.0949881390520303
357,357.0,0.0670937551647289,0.2715716314661395,0.1748174480894128,0.0663380817120912,0.1007225935093244,0.140640636693965,0.085735274696206,0.0930805786681319
358,358.0,0.0669614588979744,0.2733202321707629,0.1751122492897348,0.0668154559477608,0.1001431694057302,0.1402111363040505,0.0860621924152739,0.0913741055687122
359,359.0,0.0669609137656257,0.2748267327616197,0.1749314850668663,0.0677416942205338,0.0996148436678593,0.1394995141466253,0.0864815900468262,0.0899432263240435
360,360.0,0.0670393988978359,0.2764488193005283,0.1745144864337206,0.0682961687188518,0.0990696080735952,0.1388476331391149,0.0869666276891855,0.0888172577471675
361,361.0,0.066805068776832,0.2782623114039385,0.1739494125410219,0.0684123875569005,0.099345925745001,0.1381547067730712,0.0875480157443228,0.0875221714589117
362,362.0,0.0670101836916845,0.279987788409023,0.1732930442808851,0.0684325200747489,0.0995063945080135,0.1373787381990753,0.0881109687909454,0.0862803620456241
363,363.0,0.0674696012829628,0.2814770855664151,0.1733284407640686,0.06848607080553,0.0997518737384811,0.1357385197616252,0.0884188568492596,0.0853295512316573
364,364.0,0.0674701267412371,0.2828143761850396,0.1738307626684628,0.0685032985605736,0.1000135558208014,0.1340600925875593,0.0887751947655713,0.0845325926707547
365,365.0,0.0674249990383901,0.2835045564890391,0.1742899559603994,0.0684722111810871,0.1007482136969906,0.1323090757012767,0.0894210565926222,0.0838299313401946
366,366.0,0.0673491313447705,0.2843407056745071,0.1746660839166064,0.0683859035376832,0.1014268950469,0.1305832218236459,0.0900468064038281,0.0832012522520585
367,367.0,0.067231956070212,0.2850200047919582,0.1753581706942801,0.0682306589653811,0.1019616742869222,0.1289469438592926,0.0906339999562374,0.0826165913757161
368,368.0,0.067076810912959,0.2858344904033424,0.1760544824966497,0.0680131836139623,0.1023552967408364,0.1274118730564502,0.0911793857708839,0.0820744770049159
369,369.0,0.066920372793124,0.2866730183598177,0.1760305060128494,0.0677567920036824,0.1026450264709717,0.1259321004034074,0.0917690480081924,0.0822731359479547
370,370.0,0.066725011471274,0.2873607473599872,0.175890326203735,0.067434672110443,0.1029364899734796,0.1250707130978846,0.092164485547477,0.0824175542357195
371,371.0,0.066533152880594,0.2880786572142774,0.1757202640369263,0.0670936144736402,0.1031343771461015,0.1242864829903528,0.0925306629953148,0.0826227882627927
372,372.0,0.066249914224814,0.2888227204581799,0.1756056655737381,0.0667394245364423,0.1032928424278484,0.1235574703632,0.0928532198021172,0.0828787426136598
373,373.0,0.0659541930324769,0.2894012478623299,0.1754702985816661,0.0663689359711214,0.1033694988448152,0.1228725227056857,0.093385991190875,0.0831773118110294
374,374.0,0.0656789567192861,0.2898527286225863,0.1753373023577174,0.0660011194258469,0.1034354697656818,0.1222704079727555,0.09389305768365,0.0835309574524757
