,Unnamed: 0,Total_iterations,Intertwine_two,Invert_path_vertices,Insert_inside_vertex,Delete_inside_vertex,Replace_inside_vertex,Donate_between_routes,Trim_one_terminal_cb,Grow_one_terminal_cb
0,0.0,0.0,0.125,0.125,0.125,0.125,0.125,0.125,0.125,0.125
1,1.0,1.0,0.125,0.125,0.125,0.125,0.125,0.125,0.125,0.125
2,2.0,2.0,0.125,0.125,0.125,0.125,0.125,0.125,0.125,0.125
3,3.0,3.0,0.125,0.125,0.125,0.125,0.125,0.125,0.125,0.125
4,4.0,4.0,0.125,0.125,0.125,0.125,0.125,0.125,0.125,0.125
5,5.0,5.0,0.125,0.125,0.125,0.125,0.125,0.125,0.125,0.125
6,6.0,6.0,0.125,0.125,0.125,0.125,0.125,0.125,0.125,0.125
7,7.0,7.0,0.125,0.125,0.125,0.125,0.125,0.125,0.125,0.125
8,8.0,8.0,0.125,0.125,0.125,0.125,0.125,0.125,0.125,0.125
9,9.0,9.0,0.125,0.125,0.125,0.125,0.125,0.125,0.125,0.125
10,10.0,10.0,0.125,0.125,0.125,0.125,0.125,0.125,0.125,0.125
11,11.0,11.0,0.125,0.125,0.125,0.125,0.125,0.125,0.125,0.125
12,12.0,12.0,0.125,0.125,0.125,0.125,0.125,0.125,0.125,0.125
13,13.0,13.0,0.125,0.125,0.125,0.125,0.125,0.125,0.125,0.125
14,14.0,14.0,0.125,0.125,0.125,0.125,0.125,0.125,0.125,0.125
15,15.0,15.0,0.125,0.125,0.125,0.125,0.125,0.125,0.125,0.125
16,16.0,16.0,0.125,0.125,0.125,0.125,0.125,0.125,0.125,0.125
17,17.0,17.0,0.125,0.125,0.125,0.125,0.125,0.125,0.125,0.125
18,18.0,18.0,0.125,0.125,0.125,0.125,0.125,0.125,0.125,0.125
19,19.0,19.0,0.125,0.125,0.125,0.125,0.125,0.125,0.125,0.125
20,20.0,20.0,0.125,0.125,0.125,0.125,0.125,0.125,0.125,0.125
21,21.0,21.0,0.125,0.125,0.125,0.125,0.125,0.125,0.125,0.125
22,22.0,22.0,0.125,0.125,0.125,0.125,0.125,0.125,0.125,0.125
23,23.0,23.0,0.125,0.125,0.125,0.125,0.125,0.125,0.125,0.125
24,24.0,24.0,0.125,0.125,0.125,0.125,0.125,0.125,0.125,0.125
25,25.0,25.0,0.125,0.125,0.125,0.125,0.125,0.125,0.125,0.125
26,26.0,26.0,0.125,0.125,0.125,0.125,0.125,0.125,0.125,0.125
27,27.0,27.0,0.125,0.125,0.125,0.125,0.125,0.125,0.125,0.125
28,28.0,28.0,0.125,0.125,0.125,0.125,0.125,0.125,0.125,0.125
29,29.0,29.0,0.125,0.125,0.125,0.125,0.125,0.125,0.125,0.125
30,30.0,30.0,0.125,0.125,0.125,0.125,0.125,0.125,0.125,0.125
31,31.0,31.0,0.125,0.125,0.125,0.125,0.125,0.125,0.125,0.125
32,32.0,32.0,0.125,0.125,0.125,0.125,0.125,0.125,0.125,0.125
33,33.0,33.0,0.125,0.125,0.125,0.125,0.125,0.125,0.125,0.125
34,34.0,34.0,0.125,0.125,0.125,0.125,0.125,0.125,0.125,0.125
35,35.0,35.0,0.125,0.125,0.125,0.125,0.125,0.125,0.125,0.125
36,36.0,36.0,0.125,0.125,0.125,0.125,0.125,0.125,0.125,0.125
37,37.0,37.0,0.125,0.125,0.125,0.125,0.125,0.125,0.125,0.125
38,38.0,38.0,0.125,0.125,0.125,0.125,0.125,0.125,0.125,0.125
39,39.0,39.0,0.125,0.125,0.125,0.125,0.125,0.125,0.125,0.125
40,40.0,40.0,0.125,0.125,0.125,0.125,0.125,0.125,0.125,0.125
41,41.0,41.0,0.125,0.125,0.125,0.125,0.125,0.125,0.125,0.125
42,42.0,42.0,0.125,0.125,0.125,0.125,0.125,0.125,0.125,0.125
43,43.0,43.0,0.125,0.125,0.125,0.125,0.125,0.125,0.125,0.125
44,44.0,44.0,0.125,0.125,0.125,0.125,0.125,0.125,0.125,0.125
45,45.0,45.0,0.125,0.125,0.125,0.125,0.125,0.125,0.125,0.125
46,46.0,46.0,0.125,0.125,0.125,0.125,0.125,0.125,0.125,0.125
47,47.0,47.0,0.125,0.125,0.125,0.125,0.125,0.125,0.125,0.125
48,48.0,48.0,0.125,0.125,0.125,0.125,0.125,0.125,0.125,0.125
49,49.0,49.0,0.125,0.125,0.125,0.125,0.125,0.125,0.125,0.125
50,50.0,50.0,0.125,0.125,0.125,0.125,0.125,0.125,0.125,0.125
51,51.0,51.0,0.125,0.125,0.125,0.125,0.125,0.125,0.125,0.125
52,52.0,52.0,0.125,0.125,0.125,0.125,0.125,0.125,0.125,0.125
53,53.0,53.0,0.125,0.125,0.125,0.125,0.125,0.125,0.125,0.125
54,54.0,54.0,0.125,0.125,0.125,0.125,0.125,0.125,0.125,0.125
55,55.0,55.0,0.125,0.125,0.125,0.125,0.125,0.125,0.125,0.125
56,56.0,56.0,0.125,0.125,0.125,0.125,0.125,0.125,0.125,0.125
57,57.0,57.0,0.125,0.125,0.125,0.125,0.125,0.125,0.125,0.125
58,58.0,58.0,0.125,0.125,0.125,0.125,0.125,0.125,0.125,0.125
59,59.0,59.0,0.125,0.125,0.125,0.125,0.125,0.125,0.125,0.125
60,60.0,60.0,0.125,0.125,0.125,0.125,0.125,0.125,0.125,0.125
61,61.0,61.0,0.125,0.125,0.125,0.125,0.125,0.125,0.125,0.125
62,62.0,62.0,0.125,0.125,0.125,0.125,0.125,0.125,0.125,0.125
63,63.0,63.0,0.125,0.125,0.125,0.125,0.125,0.125,0.125,0.125
64,64.0,64.0,0.125,0.125,0.125,0.125,0.125,0.125,0.125,0.125
65,65.0,65.1,0.125,0.125,0.125,0.125,0.125,0.125,0.125,0.125
66,66.0,66.1,0.125,0.125,0.125,0.125,0.125,0.125,0.125,0.125
67,67.0,67.1,0.125,0.125,0.125,0.125,0.125,0.125,0.125,0.125
68,68.0,68.1,0.125,0.125,0.125,0.125,0.125,0.125,0.125,0.125
69,69.0,69.1,0.125,0.125,0.125,0.125,0.125,0.125,0.125,0.125
70,70.0,70.1,0.125,0.125,0.125,0.125,0.125,0.125,0.125,0.125
71,71.0,71.1,0.125,0.125,0.125,0.125,0.125,0.125,0.125,0.125
72,72.0,72.1,0.125,0.125,0.125,0.125,0.125,0.125,0.125,0.125
73,73.0,73.1,0.125,0.125,0.125,0.125,0.125,0.125,0.125,0.125
74,74.0,74.1,0.125,0.125,0.125,0.125,0.125,0.125,0.125,0.125
75,75.0,75.1,0.125,0.125,0.125,0.125,0.125,0.125,0.125,0.125
76,76.0,76.1,0.125,0.125,0.125,0.125,0.125,0.125,0.125,0.125
77,77.0,77.1,0.125,0.125,0.125,0.125,0.125,0.125,0.125,0.125
78,78.0,78.1,0.125,0.125,0.125,0.125,0.125,0.125,0.125,0.125
79,79.0,79.1,0.125,0.125,0.125,0.125,0.125,0.125,0.125,0.125
80,80.0,80.2,0.125,0.125,0.125,0.125,0.125,0.125,0.125,0.125
81,81.0,81.2,0.125,0.125,0.125,0.125,0.125,0.125,0.125,0.125
82,82.0,82.2,0.125,0.125,0.125,0.125,0.125,0.125,0.125,0.125
83,83.0,83.2,0.125,0.125,0.125,0.125,0.125,0.125,0.125,0.125
84,84.0,84.2,0.125,0.125,0.125,0.125,0.125,0.125,0.125,0.125
85,85.0,85.2,0.125,0.125,0.125,0.125,0.125,0.125,0.125,0.125
86,86.0,86.2,0.125,0.125,0.125,0.125,0.125,0.125,0.125,0.125
87,87.0,87.2,0.125,0.125,0.125,0.125,0.125,0.125,0.125,0.125
88,88.0,88.2,0.125,0.125,0.125,0.125,0.125,0.125,0.125,0.125
89,89.0,89.2,0.125,0.125,0.125,0.125,0.125,0.125,0.125,0.125
90,90.0,90.3,0.125,0.125,0.125,0.125,0.125,0.125,0.125,0.125
91,91.0,91.3,0.125,0.125,0.125,0.125,0.125,0.125,0.125,0.125
92,92.0,92.3,0.125,0.125,0.125,0.125,0.125,0.125,0.125,0.125
93,93.0,93.3,0.125,0.125,0.125,0.125,0.125,0.125,0.125,0.125
94,94.0,94.3,0.125,0.125,0.125,0.125,0.125,0.125,0.125,0.125
95,95.0,95.3,0.125,0.125,0.125,0.125,0.125,0.125,0.125,0.125
96,96.0,96.3,0.125,0.125,0.125,0.125,0.125,0.125,0.125,0.125
97,97.0,97.3,0.125,0.125,0.125,0.125,0.125,0.125,0.125,0.125
98,98.0,98.3,0.125,0.125,0.125,0.125,0.125,0.125,0.125,0.125
99,99.0,99.4,0.125,0.125,0.125,0.125,0.125,0.125,0.125,0.125
100,100.0,100.4,0.125,0.125,0.125,0.125,0.125,0.125,0.125,0.125
101,101.0,101.4,0.125,0.125,0.125,0.125,0.125,0.125,0.125,0.125
102,102.0,102.4,0.125,0.125,0.125,0.125,0.125,0.125,0.125,0.125
103,103.0,103.4,0.125,0.125,0.125,0.125,0.125,0.125,0.125,0.125
104,104.0,104.4,0.125,0.125,0.125,0.125,0.125,0.125,0.125,0.125
105,105.0,105.4,0.125,0.125,0.125,0.125,0.125,0.125,0.125,0.125
106,106.0,106.4,0.125,0.125,0.125,0.125,0.125,0.125,0.125,0.125
107,107.0,107.4,0.125,0.125,0.125,0.125,0.125,0.125,0.125,0.125
108,108.0,108.4,0.125,0.125,0.125,0.125,0.125,0.125,0.125,0.125
109,109.0,109.4,0.125,0.125,0.125,0.125,0.125,0.125,0.125,0.125
110,110.0,110.4,0.125,0.125,0.125,0.125,0.125,0.125,0.125,0.125
111,111.0,111.4,0.125,0.125,0.125,0.125,0.125,0.125,0.125,0.125
112,112.0,112.4,0.125,0.125,0.125,0.125,0.125,0.125,0.125,0.125
113,113.0,113.4,0.125,0.125,0.125,0.125,0.125,0.125,0.125,0.125
114,114.0,114.4,0.125,0.125,0.125,0.125,0.125,0.125,0.125,0.125
115,115.0,115.4,0.125,0.125,0.125,0.125,0.125,0.125,0.125,0.125
116,116.0,116.4,0.125,0.125,0.125,0.125,0.125,0.125,0.125,0.125
117,117.0,117.4,0.125,0.125,0.125,0.125,0.125,0.125,0.125,0.125
118,118.0,118.4,0.125,0.125,0.125,0.125,0.125,0.125,0.125,0.125
119,119.0,119.4,0.125,0.125,0.125,0.125,0.125,0.125,0.125,0.125
120,120.0,120.4,0.125,0.125,0.125,0.125,0.125,0.125,0.125,0.125
121,121.0,121.4,0.125,0.125,0.125,0.125,0.125,0.125,0.125,0.125
122,122.0,122.4,0.125,0.125,0.125,0.125,0.125,0.125,0.125,0.125
123,123.0,123.4,0.125,0.125,0.125,0.125,0.125,0.125,0.125,0.125
124,124.0,124.4,0.125,0.125,0.125,0.125,0.125,0.125,0.125,0.125
125,125.0,125.4,0.125,0.125,0.125,0.125,0.125,0.125,0.125,0.125
126,126.0,126.4,0.125,0.125,0.125,0.125,0.125,0.125,0.125,0.125
127,127.0,127.4,0.125,0.125,0.125,0.125,0.125,0.125,0.125,0.125
128,128.0,128.5,0.125,0.125,0.125,0.125,0.125,0.125,0.125,0.125
129,129.0,129.5,0.125,0.125,0.125,0.125,0.125,0.125,0.125,0.125
130,130.0,130.5,0.125,0.125,0.125,0.125,0.125,0.125,0.125,0.125
131,131.0,131.5,0.125,0.125,0.125,0.125,0.125,0.125,0.125,0.125
132,132.0,132.5,0.125,0.125,0.125,0.125,0.125,0.125,0.125,0.125
133,133.0,133.5,0.125,0.125,0.125,0.125,0.125,0.125,0.125,0.125
134,134.0,134.5,0.125,0.125,0.125,0.125,0.125,0.125,0.125,0.125
135,135.0,135.5,0.125,0.125,0.125,0.125,0.125,0.125,0.125,0.125
136,136.0,136.5,0.125,0.125,0.125,0.125,0.125,0.125,0.125,0.125
137,137.0,137.5,0.125,0.125,0.125,0.125,0.125,0.125,0.125,0.125
138,138.0,138.5,0.125,0.125,0.125,0.125,0.125,0.125,0.125,0.125
139,139.0,139.5,0.125,0.125,0.125,0.125,0.125,0.125,0.125,0.125
140,140.0,140.5,0.125,0.125,0.125,0.125,0.125,0.125,0.125,0.125
141,141.0,141.5,0.125,0.125,0.125,0.125,0.125,0.125,0.125,0.125
142,142.0,142.5,0.125,0.125,0.125,0.125,0.125,0.125,0.125,0.125
143,143.0,143.5,0.125,0.125,0.125,0.125,0.125,0.125,0.125,0.125
144,144.0,144.5,0.125,0.125,0.125,0.125,0.125,0.125,0.125,0.125
145,145.0,145.5,0.125,0.125,0.125,0.125,0.125,0.125,0.125,0.125
146,146.0,146.5,0.125,0.125,0.125,0.125,0.125,0.125,0.125,0.125
147,147.0,147.5,0.125,0.125,0.125,0.125,0.125,0.125,0.125,0.125
148,148.0,148.5,0.125,0.125,0.125,0.125,0.125,0.125,0.125,0.125
149,149.0,149.5,0.125,0.125,0.125,0.125,0.125,0.125,0.125,0.125
150,150.0,150.5,0.125,0.125,0.125,0.125,0.125,0.125,0.125,0.125
151,151.0,151.5,0.125,0.125,0.125,0.125,0.125,0.125,0.125,0.125
152,152.0,152.5,0.125,0.125,0.125,0.125,0.125,0.125,0.125,0.125
153,153.0,153.5,0.125,0.125,0.125,0.125,0.125,0.125,0.125,0.125
154,154.0,154.5,0.125,0.125,0.125,0.125,0.125,0.125,0.125,0.125
155,155.0,155.5,0.125,0.125,0.125,0.125,0.125,0.125,0.125,0.125
156,156.0,156.5,0.125,0.125,0.125,0.125,0.125,0.125,0.125,0.125
157,157.0,157.5,0.125,0.125,0.125,0.125,0.125,0.125,0.125,0.125
158,158.0,158.5,0.125,0.125,0.125,0.125,0.125,0.125,0.125,0.125
159,159.0,159.5,0.125,0.125,0.125,0.125,0.125,0.125,0.125,0.125
160,160.0,160.5,0.125,0.125,0.125,0.125,0.125,0.125,0.125,0.125
161,161.0,161.5,0.125,0.125,0.125,0.125,0.125,0.125,0.125,0.125
162,162.0,162.5,0.125,0.125,0.125,0.125,0.125,0.125,0.125,0.125
163,163.0,163.5,0.125,0.125,0.125,0.125,0.125,0.125,0.125,0.125
164,164.0,164.5,0.125,0.125,0.125,0.125,0.125,0.125,0.125,0.125
165,165.0,165.5,0.125,0.125,0.125,0.125,0.125,0.125,0.125,0.125
166,166.0,166.5,0.125,0.125,0.125,0.125,0.125,0.125,0.125,0.125
167,167.0,167.5,0.125,0.125,0.125,0.125,0.125,0.125,0.125,0.125
168,168.0,168.5,0.125,0.125,0.125,0.125,0.125,0.125,0.125,0.125
169,169.0,169.5,0.125,0.125,0.125,0.125,0.125,0.125,0.125,0.125
170,170.0,170.5,0.125,0.125,0.125,0.125,0.125,0.125,0.125,0.125
171,171.0,171.5,0.125,0.125,0.125,0.125,0.125,0.125,0.125,0.125
172,172.0,172.5,0.125,0.125,0.125,0.125,0.125,0.125,0.125,0.125
173,173.0,173.5,0.125,0.125,0.125,0.125,0.125,0.125,0.125,0.125
174,174.0,174.5,0.125,0.125,0.125,0.125,0.125,0.125,0.125,0.125
175,175.0,175.5,0.125,0.125,0.125,0.125,0.125,0.125,0.125,0.125
176,176.0,176.5,0.125,0.125,0.125,0.125,0.125,0.125,0.125,0.125
177,177.0,177.5,0.125,0.125,0.125,0.125,0.125,0.125,0.125,0.125
178,178.0,178.5,0.125,0.125,0.125,0.125,0.125,0.125,0.125,0.125
179,179.0,179.5,0.125,0.125,0.125,0.125,0.125,0.125,0.125,0.125
180,180.0,180.5,0.125,0.125,0.125,0.125,0.125,0.125,0.125,0.125
181,181.0,181.5,0.125,0.125,0.125,0.125,0.125,0.125,0.125,0.125
182,182.0,182.5,0.125,0.125,0.125,0.125,0.125,0.125,0.125,0.125
183,183.0,183.5,0.125,0.125,0.125,0.125,0.125,0.125,0.125,0.125
184,184.0,184.5,0.125,0.125,0.125,0.125,0.125,0.125,0.125,0.125
185,185.0,185.5,0.125,0.125,0.125,0.125,0.125,0.125,0.125,0.125
186,186.0,186.5,0.125,0.125,0.125,0.125,0.125,0.125,0.125,0.125
187,187.0,187.5,0.125,0.125,0.125,0.125,0.125,0.125,0.125,0.125
188,188.0,188.5,0.125,0.125,0.125,0.125,0.125,0.125,0.125,0.125
189,189.0,189.5,0.125,0.125,0.125,0.125,0.125,0.125,0.125,0.125
190,190.0,190.5,0.125,0.125,0.125,0.125,0.125,0.125,0.125,0.125
191,191.0,191.5,0.125,0.125,0.125,0.125,0.125,0.125,0.125,0.125
192,192.0,192.5,0.125,0.125,0.125,0.125,0.125,0.125,0.125,0.125
193,193.0,193.5,0.125,0.125,0.125,0.125,0.125,0.125,0.125,0.125
194,194.0,194.5,0.125,0.125,0.125,0.125,0.125,0.125,0.125,0.125
195,195.0,195.5,0.125,0.125,0.125,0.125,0.125,0.125,0.125,0.125
196,196.0,196.5,0.125,0.125,0.125,0.125,0.125,0.125,0.125,0.125
197,197.0,197.5,0.125,0.125,0.125,0.125,0.125,0.125,0.125,0.125
198,198.0,198.5,0.12159090909090908,0.12159090909090908,0.12159090909090908,0.12159090909090908,0.12159090909090908,0.12159090909090908,0.14886363636363636,0.12159090909090908
199,199.0,199.5,0.12083333333333335,0.12916666666666668,0.12083333333333335,0.12083333333333335,0.12083333333333335,0.12083333333333335,0.14583333333333331,0.12083333333333335
200,200.0,200.5,0.11527777777777777,0.12361111111111112,0.11527777777777777,0.12638888888888888,0.11527777777777777,0.11527777777777777,0.15138888888888888,0.1375
201,201.0,201.5,0.11527777777777777,0.12361111111111112,0.11527777777777777,0.12638888888888888,0.11527777777777777,0.11527777777777777,0.15138888888888888,0.1375
202,202.0,202.5,0.12416666666666668,0.12250000000000001,0.11416666666666667,0.12527777777777777,0.11416666666666667,0.11416666666666667,0.14916666666666667,0.13638888888888887
203,203.0,203.5,0.11984848484848487,0.1190909090909091,0.11075757575757579,0.13095959595959597,0.12186868686868686,0.11075757575757579,0.15484848484848485,0.13186868686868686
204,204.0,204.5,0.11873737373737372,0.11797979797979799,0.10964646464646463,0.13984848484848483,0.11964646464646464,0.10964646464646463,0.15373737373737373,0.13075757575757574
205,205.0,205.5,0.11691919191919191,0.12525252525252528,0.10782828282828283,0.12601010101010102,0.11691919191919195,0.10782828282828283,0.1712121212121212,0.12803030303030302
206,206.0,206.5,0.1242929292929293,0.12186868686868686,0.10520202020202021,0.13095959595959597,0.11353535353535353,0.10520202020202021,0.1742929292929293,0.12464646464646464
207,207.0,207.5,0.12149572649572651,0.11918803418803417,0.10316239316239315,0.12688034188034186,0.11085470085470087,0.10316239316239315,0.1779059829059829,0.13735042735042735
208,208.0,208.5,0.12039682539682536,0.11753968253968253,0.10206349206349205,0.1318253968253968,0.1092063492063492,0.10206349206349205,0.1823015873015873,0.13460317460317459
209,209.0,209.5,0.11863858363858362,0.11642246642246641,0.10094627594627595,0.14442612942612942,0.10808913308913308,0.10094627594627595,0.17799755799755798,0.13253357753357753
210,210.0,210.5,0.11712301587301588,0.1154563492063492,0.09998015873015872,0.15533730158730158,0.10712301587301587,0.09998015873015872,0.17426587301587299,0.13073412698412698
211,211.0,211.5,0.10712301587301587,0.1154563492063492,0.10998015873015872,0.15533730158730158,0.10712301587301587,0.09998015873015872,0.17426587301587299,0.13073412698412698
212,212.0,212.5,0.10664682539682539,0.12117063492063491,0.10950396825396824,0.15343253968253967,0.10617063492063492,0.09950396825396826,0.17378968253968252,0.12978174603174603
213,213.0,213.5,0.10532679738562092,0.12032679738562091,0.11866013071895427,0.15042483660130718,0.10532679738562092,0.10532679738562092,0.16640522875816993,0.12820261437908495
214,214.0,214.5,0.10500000000000001,0.12,0.11833333333333336,0.155,0.10500000000000001,0.10500000000000001,0.16444444444444445,0.1272222222222222
215,215.0,215.5,0.10387426900584795,0.11929093567251461,0.11762426900584795,0.15216374269005847,0.10429093567251461,0.10387426900584795,0.16769005847953217,0.13119152046783625
216,216.0,216.5,0.1036333927510398,0.11108437314319668,0.11775103980986334,0.15539809863339274,0.10441770647653001,0.1036333927510398,0.1735531788472965,0.13052881758764112
217,217.0,217.5,0.10297979797979798,0.11075757575757576,0.11742424242424243,0.15297979797979797,0.1040909090909091,0.10964646464646463,0.17191919191919194,0.13020202020202018
218,218.0,218.5,0.10174024075339864,0.11373898762056656,0.11647708285866183,0.15532733348522823,0.1027270828586618,0.11325339864813548,0.1686119655198603,0.1281239082554872
219,219.0,219.5,0.10099747474747475,0.11304292929292929,0.11599747474747475,0.15792929292929295,0.10224747474747475,0.11224747474747473,0.1705429292929293,0.1269949494949495
220,220.0,220.6,0.10015363721246073,0.11170189287836348,0.11539173245055596,0.1550301332654274,0.10127408539173244,0.11668024785671845,0.17374671080553436,0.1260215601392072
221,221.0,221.6,0.09972073677956031,0.11148544266191326,0.11517528223410575,0.15827688651218064,0.10105763517528224,0.11603089720736781,0.17244800950683306,0.12580510992275698
222,222.0,222.6,0.102718101733447,0.11013498152884342,0.11402244955953397,0.15514776925262858,0.09990480250071043,0.11448280761579994,0.17952969593634555,0.1240593918726911
223,223.0,223.6,0.10217462347257744,0.10995382210855356,0.11384129013924409,0.1538796533105996,0.09972364308042057,0.11393932935493038,0.1826094060812731,0.12387823245240126
224,224.0,224.6,0.10103359783155179,0.10914612980086125,0.11303359783155179,0.1560719610029073,0.09891595077272826,0.12049061140621242,0.17823761120947823,0.12307054014470895
225,225.0,225.6,0.09938079893962248,0.10799865167512226,0.11168849124731477,0.15444044517573932,0.09757084418849124,0.11883781251428312,0.19685554641436995,0.1132274098450569
226,226.0,226.6,0.09875582005377401,0.10746094461567608,0.1113484126463666,0.15601640544735176,0.09723076558754307,0.11052052593612696,0.20597742292755078,0.11268970278561072
227,227.0,227.6,0.09706672412554766,0.10585523953171012,0.1099238669826905,0.15280902104431515,0.10580621992386699,0.1088314300079006,0.20862350068232421,0.11108399770164476
228,228.0,228.6,0.09523872453892737,0.10427354536380906,0.11548502995764658,0.1627812901545153,0.103315434846875,0.10700343042128031,0.20240024118320266,0.10950230353374368
229,229.0,229.6,0.09489389695272048,0.10415860283507343,0.11537008742891094,0.16496519820049232,0.10320049231813937,0.10665860283507342,0.201365758424582,0.10938736100500805
230,230.0,230.6,0.09457131630755919,0.10405107595335299,0.11526256054719053,0.16700820895318053,0.10309296543641895,0.10633602218991212,0.2003980164890981,0.10927983412328764
231,231.0,231.6,0.09351132119514471,0.09902602707749766,0.11440417833800187,0.16740838001867414,0.10147700746965453,0.10527602707749766,0.20630894024276375,0.11258811858076564
232,232.0,232.6,0.0924195379783615,0.09812363780010838,0.11350178906061259,0.16806193479722892,0.0999335925512396,0.10418424386071443,0.21242286798169152,0.11135239597004301
233,233.0,233.6,0.09160270774976656,0.10462791783380018,0.11286321195144725,0.1658043884220355,0.0987455648926237,0.10630859010270774,0.2093338001867414,0.11071381886087768
234,234.0,234.6,0.09087441643323996,0.10359150326797387,0.11230298786181139,0.1626167133520075,0.09770915032679738,0.10949626517273577,0.21325536881419235,0.11015359477124183
235,235.0,235.6,0.09006580837463189,0.10877495870142928,0.11165310996193349,0.15990303813833226,0.09664260576025283,0.10845444588091646,0.21531000861883215,0.10919602456367161
236,236.0,236.6,0.08845169426051777,0.10731099473746533,0.11018914599796951,0.16016580090109506,0.09517864179628885,0.10676525669172728,0.21309529390411744,0.11884317171081878
237,237.0,237.6,0.0867595648245803,0.10502581869454934,0.10863926407270061,0.15725253934232267,0.09326111281219639,0.1150020035004555,0.2178775180787565,0.11618217867443874
238,238.0,238.6,0.08655713567478272,0.10495834231128347,0.10857178768943476,0.15880449615743736,0.09319363642893054,0.11473209796739207,0.21706780147956622,0.11611470229117286
239,239.0,239.6,0.08512893968776322,0.10300475668122729,0.121918261477085,0.15871616945146358,0.09156684818449524,0.1123307085071791,0.21342869548751903,0.11390562052326758
240,240.0,240.6,0.0848365420269445,0.10212756369877111,0.12133346615544757,0.15813137412982614,0.0909820528628578,0.11203831084636037,0.2169374674173436,0.11361322286244886
241,241.0,241.6,0.08363288154536361,0.10051953864722876,0.1192310232410663,0.15824992160716694,0.08963718570605228,0.11001609899744764,0.21860607907953677,0.12010727117613773
242,242.0,242.6,0.08354108309990663,0.10006769374416433,0.11901727357609711,0.1541643323996265,0.08942343604108309,0.11494864612511671,0.21806489262371617,0.12077264239028947
243,243.0,243.6,0.08251749428562014,0.09872194646818448,0.11724695087554182,0.1544193099801855,0.09598644667386116,0.11301221046775081,0.21951789698369728,0.11857774426515877
244,244.0,244.6,0.08177041527767157,0.09757961054323987,0.11575279285964468,0.1534746025137389,0.10163514580082116,0.11586587853881018,0.21718979030776456,0.11673176415830908
245,245.0,245.6,0.07926367446203286,0.0970361322823703,0.11539047401906496,0.155437865068508,0.10127282696024145,0.11532240027794063,0.21972602219182252,0.11655060473801923
246,246.0,246.6,0.07917245897041293,0.09666443758003859,0.10804258884054281,0.15477208696390282,0.10106779892457643,0.1149733026280341,0.22408493779593525,0.1212223882965571
247,247.0,247.6,0.07891760271555667,0.09615239406799508,0.10768439148234543,0.15567651586833173,0.10070960156637905,0.11430974396447542,0.22553171324271074,0.12101803709220586
248,248.0,248.6,0.07867853421561861,0.0956767344619007,0.1073511820187012,0.15437712282980826,0.10037639210273482,0.11368915682214915,0.2290235997780755,0.12082727777101179
249,249.0,249.6,0.08131089500246598,0.09809079845320798,0.127102490086383,0.15377822606069874,0.10292273122631723,0.1159644604064259,0.19732450673763186,0.12350589202686932
250,250.0,250.6,0.08091793039054702,0.09749585466370456,0.1298978154480183,0.15409659840947876,0.10245094014617342,0.11505537847322837,0.1974717070736341,0.12261377539521554
251,251.0,251.6,0.08083289637694158,0.09745333765690183,0.12985529844121557,0.15515952357954677,0.10240842313937068,0.11488531044601749,0.19683395197159326,0.12257125838841283
252,252.0,252.6,0.08075126372388035,0.09741252133037122,0.12981448211468496,0.15417993174281208,0.09522474966998293,0.11127376927782606,0.20536456421649119,0.12597871792395118
253,253.0,253.6,0.08067283235133134,0.09737330564409671,0.12977526642841045,0.15323875527222383,0.09518553398370841,0.11307769084645351,0.20473711323609906,0.12593950223767666
254,254.0,254.6,0.08086126292008644,0.09736955854602913,0.13015030720913073,0.15516333339862753,0.09529672941437647,0.11796229913876972,0.1960094480682716,0.12718706130470836
255,255.0,255.6,0.08032152673823219,0.10574196216188984,0.12761361991590053,0.15368152751937794,0.08754289367819137,0.11775563321390539,0.20736016065452895,0.11998267611797382
256,256.0,256.6,0.08022072028661928,0.10543954280705115,0.13185665510651637,0.15347991461615212,0.08734128077496557,0.11755402031067956,0.20432680288326793,0.11978106321474802
257,257.0,257.6,0.07985851365646764,0.10492288283848387,0.13094473822095304,0.15485442330710872,0.08691931777609527,0.11659703799089989,0.20713687136960796,0.11876621484038363
258,258.0,258.6,0.07966259846055243,0.10396939188499292,0.12034478262099746,0.15465850811119353,0.08672340258018006,0.12299452938839128,0.21362593785867445,0.11802084909501791
259,259.0,259.6,0.07734514467251039,0.10083265933649566,0.12545591332036346,0.15031094935187006,0.08431682223242325,0.11528774200129699,0.2269648647270131,0.11948590435802713
260,260.0,260.6,0.07661453470276999,0.09955259881730469,0.13040694055399935,0.14921802054154995,0.08358621226268284,0.11437597261126672,0.22404839713663244,0.12219732337379396
261,261.0,261.6,0.07565433749257279,0.09814988116458705,0.12805184194890076,0.147517082590612,0.07971850861556744,0.11248143196672608,0.23757278669043375,0.12085412953060012
262,262.0,262.6,0.07557030387912742,0.09789778032425092,0.11779974110856464,0.14726498175027586,0.07963447500212206,0.12231336473983534,0.2388332908921144,0.12068606230370937
263,263.0,263.6,0.07542600373482726,0.09762721755368813,0.11752917833800185,0.15291433239962654,0.07952264239028944,0.1237780112044818,0.2299299719887955,0.12327264239028946
264,264.0,264.6,0.07528827201814818,0.0973706640076609,0.11727262479197462,0.1536916134400655,0.07941623899441236,0.12343989112951961,0.23050460677395662,0.12301608884426223
265,265.0,265.6,0.0751566521950583,0.09712704470778026,0.11702900549209398,0.15707775820552056,0.07931486720520028,0.12311615541558425,0.2284060472343808,0.12277246954438156
266,266.0,266.6,0.07509820684146391,0.09709782203098308,0.1169997828152968,0.15801288386303078,0.07928564452840309,0.1229408193548011,0.22782159369843685,0.12274324686758438
267,267.0,267.6,0.07504170966632266,0.09706957344341245,0.11697153422772617,0.15891683866529066,0.07925739594083246,0.12277132782937736,0.22725662194702445,0.12271499828001375
268,268.0,268.6,0.07491958847431364,0.0968398218892433,0.11674178267355702,0.15952125007211798,0.07916259715319503,0.12247244063661614,0.2278572723751123,0.1224852467258446
269,269.0,269.6,0.07389351292814292,0.09571198225135606,0.12379576121748796,0.15920186207425296,0.07816296264351293,0.12036740747129741,0.22750910432599233,0.12135740708795736
270,270.0,270.6,0.07378133404137709,0.09550345378358291,0.12358723274971481,0.1597772120673842,0.07807638539525195,0.12009184642075603,0.22803365692174876,0.12114887862018422
271,271.0,271.6,0.07291608309990663,0.094546860410831,0.1211154878618114,0.15801849906629317,0.0772359360410831,0.1266450746965453,0.22932977357609713,0.1201922852474323
272,272.0,272.6,0.07286071211430309,0.09438074745402038,0.12094937490500075,0.157797015123879,0.07718056505547956,0.12653433272533818,0.23027108033135732,0.1200261722906217
273,273.0,273.6,0.07216683235065588,0.09358115944513004,0.11886773561405914,0.15538207299236712,0.07648668529183235,0.12606804755701814,0.238220882467206,0.11922658428173134
274,274.0,274.6,0.07206825037707391,0.09340560583207642,0.11869218200100554,0.1559973604826546,0.07641214177978883,0.12579876822523883,0.2385746606334842,0.11905103066867773
275,275.0,275.6,0.07201994119832995,0.09326067829584453,0.11854725446477365,0.15580412376767877,0.07636383260104487,0.1257021498677509,0.23939591667213156,0.11890610313244585
276,276.0,276.6,0.07197368772931977,0.09312191788881401,0.11840849405774312,0.15561910989163805,0.0763175791320347,0.12560964292973056,0.24018222564530448,0.11876734272541531
277,277.0,277.6,0.06930382730015083,0.1019018665158371,0.11718844268476622,0.15351338612368023,0.0751861802413273,0.12457814856711917,0.24189196832579185,0.11643618024132729
278,278.0,278.6,0.07741909001362783,0.09993209521570867,0.1161277622937287,0.15325153487968615,0.0742105338638952,0.12341575441365357,0.24117682037850105,0.11446640894119886
279,279.0,279.6,0.07586312217194571,0.0982944947209653,0.11524773755656108,0.15433069381598793,0.07341214177978884,0.1225765460030166,0.23911312217194566,0.12116214177978883
280,280.0,280.6,0.0758239064856712,0.09817684766214178,0.11513009049773756,0.1541346153846154,0.07337292609351433,0.12249811463046759,0.23981900452488691,0.1210444947209653
281,281.0,281.6,0.07450414781297135,0.0967816742081448,0.11437594268476622,0.1533050527903469,0.07269419306184012,0.12178167420814481,0.23985671191553548,0.12670060331825037
282,282.0,282.6,0.07336896224382351,0.09557391969850348,0.11371763872457548,0.15971703703251983,0.07210845804214283,0.12115965471820078,0.2399603818305261,0.12439394770970798
283,283.0,283.6,0.07583402164284517,0.09796909789556849,0.10777948358830713,0.16037566736096148,0.08124018410783115,0.11942310684957744,0.2247559793148028,0.1326224592401063
284,284.0,284.6,0.07577704158586511,0.09784477777124836,0.107655163463987,0.1609998579851521,0.08118320405085111,0.11919259661906723,0.22484921940804298,0.13249813911578617
285,285.0,285.6,0.07682086095058001,0.09882366207102818,0.10808459721431626,0.1535204592744101,0.08167757286611545,0.11951881269155193,0.22697811041753094,0.1345759245144671
286,286.0,286.6,0.07566868245273818,0.09760882693158235,0.107419212624321,0.15358258485580467,0.08107484491772417,0.11875306195352638,0.226487740845326,0.1394050454189773
287,287.0,287.6,0.07466474059350416,0.09654438900459272,0.10683096517352184,0.15225182940204104,0.08054709353468062,0.12473385196542001,0.22751509426282332,0.13691203606341623
288,288.0,288.6,0.07461481398295955,0.09643601704045372,0.10672259320938285,0.15285105763296192,0.08049716692413603,0.12453047907559375,0.22754420803523495,0.13680366409927727
289,289.0,289.6,0.07456644467104286,0.09633115055339578,0.1066177267223249,0.1520257100673422,0.08044879761221932,0.13099980349669665,0.22897823593142563,0.13003213094555266
290,290.0,290.6,0.07370578893333793,0.0954158500069477,0.10775843710483857,0.1514724313788176,0.08000480854118106,0.12969515868795348,0.22741402828115245,0.13453349706577125
291,291.0,291.6,0.0729509330003544,0.10054334701514064,0.10737122823067857,0.15182857148744322,0.07961759966702107,0.12845528480412763,0.22655733583891732,0.13267569995631712
292,292.0,292.6,0.07292449196386577,0.10046402390567477,0.10726546408472407,0.15169636630500008,0.07959115863053244,0.1284024027311504,0.22705971553220133,0.13259637684685122
293,293.0,293.6,0.07287986445017067,0.09448584017379344,0.10714403165551434,0.15090245248081668,0.07954653111683732,0.12958788134150745,0.22707049978403723,0.13838289899732287
294,294.0,294.6,0.07287986445017067,0.09448584017379344,0.10714403165551434,0.15090245248081668,0.07954653111683732,0.12958788134150745,0.22707049978403723,0.13838289899732287
295,295.0,295.6,0.07285506286286907,0.09441143541188868,0.10704482530630799,0.15077844454430875,0.07952172952953573,0.12953827816690427,0.2275417299427674,0.13830849423541808
296,296.0,296.6,0.06693015979780687,0.094320808364926,0.10693015979780687,0.15589269699563818,0.07947917940565,0.12934210794504913,0.22888702050466758,0.13821786718845544
297,297.0,297.6,0.0665620343708579,0.0935792655057361,0.10649210430092784,0.15449192147721558,0.07911105397870102,0.12817095159742217,0.22986797842680193,0.1417246903423374
298,298.0,298.6,0.0788295686171824,0.09580157134862324,0.10330718055748092,0.15756504500202806,0.08137858822502554,0.11490844923986876,0.22426260082456656,0.14394699618522455
299,299.0,299.6,0.07879053136406078,0.09016308038366862,0.10320229606994313,0.1568352644087938,0.0813395509719039,0.11472784568372804,0.2255218147865207,0.14941961633138104
300,300.0,300.6,0.07846017081361677,0.08979009408727405,0.1028079969005733,0.15682189254860543,0.0810091904214599,0.11367482682212122,0.225172824102357,0.15226300430399234
301,301.0,301.6,0.07816008048789136,0.08944859589405382,0.10744579477360565,0.15018628337410914,0.0807091000957345,0.11271411729248662,0.23151978512924157,0.14981624295287735
302,302.0,302.6,0.07565119325579144,0.08780855812235265,0.10463845013037225,0.16293943249514914,0.07994263710605881,0.11050725027527016,0.23390770200525793,0.1446047766097476
303,303.0,303.6,0.07410104782653802,0.08697686482000208,0.10302961925510945,0.16195092851955598,0.07913463533561572,0.10958709409689801,0.23311339350555035,0.15210641664073038
304,304.0,304.6,0.07258352045284627,0.08606231133695544,0.10123856403939671,0.16757865315412993,0.07825813360294961,0.1082586660561412,0.23265546102706997,0.15336469033051087
305,305.0,305.6,0.06950127660973285,0.08352951804329259,0.09081583459492812,0.17124570537190678,0.07929676888071532,0.10711633013119659,0.24028580706321306,0.15820875930501466
306,306.0,306.6,0.0692982509788082,0.08957649241236793,0.09073812224721149,0.17156354491203984,0.07289134418528206,0.10677658623668163,0.24124391031592482,0.15791174871168398
307,307.0,307.6,0.0692835580607947,0.08956179949435442,0.09072342932919798,0.17221003330463464,0.07286195834925505,0.10665904289257348,0.24080312277551927,0.15789705579367047
308,308.0,308.6,0.061758710772481774,0.0888121622900751,0.0903414391837422,0.17961633920048695,0.07422001108207929,0.10442226517577972,0.2389022419412578,0.16192683035409705
309,309.0,309.6,0.06059307528711374,0.08731972941908615,0.08863944593740503,0.18489937787427993,0.07816398870995414,0.10706097751649865,0.2365747260957603,0.15674867915990204
310,310.0,310.6,0.06041773922633057,0.087144393358303,0.08858100058381065,0.1845487057527136,0.07801787532596817,0.10688564145571547,0.23791896922843128,0.1564856750687273
311,311.0,311.6,0.06026259078753908,0.08698924491951152,0.08853884649530164,0.182373807612939,0.0795719852280462,0.10683089462334969,0.23918684946608887,0.1562457808672239
312,312.0,312.6,0.060265472694967195,0.0869921268269396,0.08216551077383927,0.18436322030903446,0.07956052404884208,0.10891619744751675,0.2397586581344248,0.15797828976443581
313,313.0,313.6,0.059509000389078894,0.08623565452105131,0.08133364319361565,0.18279651225639765,0.07838738507628709,0.10758980584427025,0.2450670985731161,0.1590809001461831
314,314.0,314.6,0.058973737896985276,0.0857003920289577,0.08090078725554148,0.17972559571773916,0.07747046992312906,0.10851820408528709,0.2447272744714324,0.16398353862092782
315,315.0,315.6,0.062081464320888166,0.0888081184528606,0.08949660891753962,0.1808590574357597,0.08025139896141104,0.10857632733458682,0.21764709239860328,0.1722799321783508
316,316.0,316.6,0.06149098973699254,0.08821764386896494,0.08855604436513295,0.18002294070161665,0.08463168461143354,0.10629976677784048,0.2177483830498165,0.17303254688820233
317,317.0,317.6,0.061194999564121375,0.08792165369609381,0.08821084414305175,0.18040701576421428,0.08548480524567592,0.10915143049133731,0.21681447630195624,0.17081477479354926
318,318.0,318.6,0.06106272443184625,0.09136080713524725,0.08794629387850149,0.18014246549966403,0.0853525301134008,0.10849005482996166,0.21668220116968112,0.1689629229416974
319,319.0,319.6,0.06093957172248664,0.09111450171652803,0.08769998845978227,0.1787333693832704,0.08522937740404118,0.10787429128316361,0.21772183915799595,0.1706870608727319
320,320.0,320.6,0.057887566256688075,0.09102447679891691,0.08751672344893105,0.18039159621391102,0.0852542950151657,0.11081939215929897,0.21793323695560063,0.16917271315148763
321,321.0,321.6,0.056377785075760654,0.08940716873626904,0.0858994153862832,0.17417940077243116,0.08898094090833893,0.11980289521897194,0.21596903182385793,0.16938336207808707
322,322.0,322.6,0.055266673964649536,0.08829605762515794,0.0847883042751721,0.17306828966132007,0.08786982979722781,0.11758067299674971,0.2163963822512084,0.17673378942851442
323,323.0,323.6,0.05416353651070564,0.08704549367298109,0.08363098041623533,0.17043520018868663,0.08672007229666387,0.11648632379756181,0.2193112598282106,0.18220713328895508
324,324.0,324.6,0.05329820213244023,0.08608546232501871,0.08267094906827296,0.1690049494049876,0.08582861461641308,0.11431155890727969,0.22736376766520117,0.18143649588038663
325,325.0,325.6,0.05256804993169979,0.08526618356456347,0.08185167030781773,0.16818567064453235,0.08509846241567265,0.11249474826693961,0.2259034632637203,0.18863175160505413
326,326.0,326.6,0.06242648183347534,0.07801271807580387,0.08109975280667422,0.15504985221459627,0.08381138348153488,0.11149855491780507,0.24097636421897417,0.18712489245113612
327,327.0,327.6,0.06135767213943879,0.07712770119713908,0.08021473592800941,0.1524329979053645,0.08724238130001002,0.10827264138789883,0.2409716436924751,0.1923802264496643
328,328.0,328.6,0.06564338642515308,0.07688960595904384,0.07997664068991418,0.1512425217148883,0.08605190510953382,0.1080345461498036,0.24049545321628463,0.1916659407353786
329,329.0,329.6,0.06371156824333489,0.07647293929237717,0.07955997402324752,0.15082585504822163,0.08563523844286716,0.1082996976649551,0.2396621198829513,0.19583260740204528
330,330.0,330.6,0.0660538563571331,0.08185195996441805,0.07914709856098665,0.1500963807618992,0.08513190617373155,0.10568537400695277,0.23858761273952403,0.19344581143535466
331,331.0,331.6,0.06601505442359593,0.0817473107964647,0.07913024570558816,0.14718941457861684,0.08508134760753616,0.10560620595270072,0.2419331568243736,0.19329726411112388
332,332.0,332.6,0.06580647492412198,0.08315347432994492,0.08112733053909524,0.14617189381895265,0.08451494275023687,0.10889892566363153,0.23286232756820993,0.1974646304058069
333,333.0,333.6,0.06562652002280485,0.08142751641203654,0.08083425346583241,0.1477641862781182,0.08440611160425401,0.10839676835032871,0.23298403179208135,0.19856061207454398
334,334.0,334.6,0.060845889621646033,0.08107714586988823,0.0805115370723632,0.1496346232866042,0.0856237488752086,0.10768489950751206,0.23132565713707445,0.20329649862970328
335,335.0,335.6,0.06032218339447255,0.08011535318764233,0.08175556482785398,0.1473242319929067,0.08513802685489433,0.10619235962609457,0.23138420927577558,0.20776807084036003
336,336.0,336.6,0.05946456447684332,0.08435878289508918,0.08096089423404265,0.14766747679958597,0.08371981199826264,0.10459828593947029,0.23163969928355707,0.20759048437314886
337,337.0,337.6,0.060543208055486894,0.07981693585324215,0.08190966768281609,0.14858378271589187,0.07924290002135066,0.10564446198564632,0.23822700087085869,0.20603204281470733
338,338.0,338.6,0.060543208055486894,0.07981693585324215,0.08190966768281609,0.14858378271589187,0.07924290002135066,0.10564446198564632,0.23822700087085869,0.20603204281470733
339,339.0,339.6,0.058766660872968,0.07965011951958453,0.08174285134915849,0.14569863965919302,0.08397537027503621,0.11081251897988678,0.23965756785930936,0.19969627148486357
340,340.0,340.6,0.05812992819620568,0.08359337554697696,0.08127278533906282,0.14426009611723956,0.08255124658553074,0.1093718927664659,0.23984419640249835,0.20097647904602
341,341.0,341.6,0.05671112477740227,0.08232841828201969,0.08000782807410554,0.1423797542368977,0.08436321239749657,0.10810693550150863,0.24398094853925048,0.2021217781913191
342,342.0,342.6,0.055385367201644685,0.08100266070626212,0.07868207049834798,0.1410539966611401,0.08303745482173899,0.10537272722152571,0.2505787931828698,0.20488692970647066
343,343.0,343.6,0.05426014438524539,0.07987743788986283,0.07755684768194869,0.1458111267859173,0.09024556533867303,0.10424750440512642,0.2464678306160249,0.20153354289720152
344,344.0,344.6,0.053298378450817474,0.07885698650942552,0.08215063730307634,0.1404490157538938,0.08861576431698383,0.10335514756246464,0.2547483174007565,0.19852575270258194
345,345.0,345.6,0.05288629053872956,0.07871962387206288,0.08228799994043898,0.1407237410286191,0.08765422585544537,0.10308042228773935,0.25667139432383335,0.1979763021531314
346,346.0,346.6,0.052848238788349045,0.0786244944961116,0.08224994819005846,0.13484474559482912,0.08887188186762193,0.10289016353583676,0.25627185094483795,0.20339867658235514
347,347.0,347.6,0.05251881780283577,0.0782395385235565,0.08162812954372646,0.13423764967410667,0.08127002210282055,0.10241264925154525,0.2615639748743087,0.2081292182271001
348,348.0,348.6,0.05181152071395974,0.07753224143468045,0.07873459763703666,0.13234445514933318,0.0806268275780471,0.10186560857292563,0.26671796562040473,0.21036678329361255
349,349.0,349.6,0.05135856957704634,0.07700672135727357,0.07817279308938306,0.13167379719093938,0.08017387644113369,0.10137637296576549,0.2694982059478149,0.21073966343064363
350,350.0,350.6,0.05135856957704634,0.07700672135727357,0.07817279308938306,0.13167379719093938,0.08017387644113369,0.10137637296576549,0.2694982059478149,0.21073966343064363
351,351.0,351.6,0.05100757253487283,0.07800707566645142,0.07782179604720954,0.13494075082554008,0.07985617943226021,0.09975727465549074,0.2685883315085286,0.21002101932964662
352,352.0,352.6,0.0506810235834626,0.07960410050653952,0.07760410050653953,0.1336450974499755,0.07940350435472386,0.09934088404820111,0.27037088927332836,0.20935040027722956
353,353.0,353.6,0.05035353820334565,0.07920643968782608,0.07727661512642257,0.1314458113559526,0.07895321195706305,0.0988905916505403,0.2752660818000998,0.20860771021874996
354,354.0,354.6,0.05003955394199296,0.07882410272654175,0.074523606474826,0.1303122081170862,0.07978501173623125,0.09837374008105715,0.2777918016942408,0.210349975228024
