Total_iterations,Unnamed: 0.1,Intertwine_two,Invert_path_vertices,Insert_inside_vertex,Delete_inside_vertex,Replace_inside_vertex,Donate_between_routes,Trim_one_terminal_cb,Grow_one_terminal_cb
0,0.0,0.125,0.125,0.125,0.125,0.125,0.125,0.125,0.125
1,1.0,0.125,0.125,0.125,0.125,0.125,0.125,0.125,0.125
2,2.0,0.125,0.125,0.125,0.125,0.125,0.125,0.125,0.125
3,3.0,0.125,0.125,0.125,0.125,0.125,0.125,0.125,0.125
4,4.0,0.125,0.125,0.125,0.125,0.125,0.125,0.125,0.125
5,5.0,0.125,0.125,0.125,0.125,0.125,0.125,0.125,0.125
6,6.0,0.125,0.125,0.125,0.125,0.125,0.125,0.125,0.125
7,7.0,0.125,0.125,0.125,0.125,0.125,0.125,0.125,0.125
8,8.0,0.125,0.125,0.125,0.125,0.125,0.125,0.125,0.125
9,9.0,0.125,0.125,0.125,0.125,0.125,0.125,0.125,0.125
10,10.0,0.125,0.125,0.125,0.125,0.125,0.125,0.125,0.125
11,11.0,0.125,0.125,0.125,0.125,0.125,0.125,0.125,0.125
12,12.0,0.125,0.125,0.125,0.125,0.125,0.125,0.125,0.125
13,13.0,0.125,0.125,0.125,0.125,0.125,0.125,0.125,0.125
14,14.0,0.125,0.125,0.125,0.125,0.125,0.125,0.125,0.125
15,15.0,0.125,0.125,0.125,0.125,0.125,0.125,0.125,0.125
16,16.0,0.125,0.125,0.125,0.125,0.125,0.125,0.125,0.125
17,17.0,0.125,0.125,0.125,0.125,0.125,0.125,0.125,0.125
18,18.0,0.125,0.125,0.125,0.125,0.125,0.125,0.125,0.125
19,19.0,0.125,0.125,0.125,0.125,0.125,0.125,0.125,0.125
20,20.0,0.125,0.125,0.125,0.125,0.125,0.125,0.125,0.125
21,21.0,0.125,0.125,0.125,0.125,0.125,0.125,0.125,0.125
22,22.0,0.125,0.125,0.125,0.125,0.125,0.125,0.125,0.125
23,23.0,0.125,0.125,0.125,0.125,0.125,0.125,0.125,0.125
24,24.0,0.125,0.125,0.125,0.125,0.125,0.125,0.125,0.125
25,25.0,0.125,0.125,0.125,0.125,0.125,0.125,0.125,0.125
26,26.0,0.125,0.125,0.125,0.125,0.125,0.125,0.125,0.125
27,27.0,0.125,0.125,0.125,0.125,0.125,0.125,0.125,0.125
28,28.0,0.125,0.125,0.125,0.125,0.125,0.125,0.125,0.125
29,29.0,0.125,0.125,0.125,0.125,0.125,0.125,0.125,0.125
30,30.0,0.125,0.125,0.125,0.125,0.125,0.125,0.125,0.125
31,31.0,0.125,0.125,0.125,0.125,0.125,0.125,0.125,0.125
32,32.0,0.125,0.125,0.125,0.125,0.125,0.125,0.125,0.125
33,33.0,0.125,0.125,0.125,0.125,0.125,0.125,0.125,0.125
34,34.0,0.125,0.125,0.125,0.125,0.125,0.125,0.125,0.125
35,35.0,0.125,0.125,0.125,0.125,0.125,0.125,0.125,0.125
36,36.0,0.125,0.125,0.125,0.125,0.125,0.125,0.125,0.125
37,37.0,0.125,0.125,0.125,0.125,0.125,0.125,0.125,0.125
38,38.0,0.125,0.125,0.125,0.125,0.125,0.125,0.125,0.125
39,39.0,0.125,0.125,0.125,0.125,0.125,0.125,0.125,0.125
40,40.0,0.125,0.125,0.125,0.125,0.125,0.125,0.125,0.125
41,41.0,0.125,0.125,0.125,0.125,0.125,0.125,0.125,0.125
42,42.0,0.125,0.125,0.125,0.125,0.125,0.125,0.125,0.125
43,43.0,0.125,0.125,0.125,0.125,0.125,0.125,0.125,0.125
44,44.0,0.125,0.125,0.125,0.125,0.125,0.125,0.125,0.125
45,45.0,0.125,0.125,0.125,0.125,0.125,0.125,0.125,0.125
46,46.0,0.125,0.125,0.125,0.125,0.125,0.125,0.125,0.125
47,47.0,0.125,0.125,0.125,0.125,0.125,0.125,0.125,0.125
48,48.0,0.125,0.125,0.125,0.125,0.125,0.125,0.125,0.125
49,49.0,0.125,0.125,0.125,0.125,0.125,0.125,0.125,0.125
50,50.0,0.125,0.125,0.125,0.125,0.125,0.125,0.125,0.125
51,51.0,0.125,0.125,0.125,0.125,0.125,0.125,0.125,0.125
52,52.0,0.125,0.125,0.125,0.125,0.125,0.125,0.125,0.125
53,53.0,0.125,0.125,0.125,0.125,0.125,0.125,0.125,0.125
54,54.0,0.125,0.125,0.125,0.125,0.125,0.125,0.125,0.125
55,55.0,0.125,0.125,0.125,0.125,0.125,0.125,0.125,0.125
56,56.0,0.125,0.125,0.125,0.125,0.125,0.125,0.125,0.125
57,57.0,0.125,0.125,0.125,0.125,0.125,0.125,0.125,0.125
58,58.0,0.125,0.125,0.125,0.125,0.125,0.125,0.125,0.125
59,59.0,0.125,0.125,0.125,0.125,0.125,0.125,0.125,0.125
60,60.0,0.125,0.125,0.125,0.125,0.125,0.125,0.125,0.125
61,61.0,0.125,0.125,0.125,0.125,0.125,0.125,0.125,0.125
62,62.0,0.125,0.125,0.125,0.125,0.125,0.125,0.125,0.125
63,63.0,0.125,0.125,0.125,0.125,0.125,0.125,0.125,0.125
64,64.0,0.125,0.125,0.125,0.125,0.125,0.125,0.125,0.125
65,65.0,0.125,0.125,0.125,0.125,0.125,0.125,0.125,0.125
66,66.0,0.125,0.125,0.125,0.125,0.125,0.125,0.125,0.125
67,67.0,0.125,0.125,0.125,0.125,0.125,0.125,0.125,0.125
68,68.0,0.125,0.125,0.125,0.125,0.125,0.125,0.125,0.125
69,69.0,0.125,0.125,0.125,0.125,0.125,0.125,0.125,0.125
70,70.0,0.125,0.125,0.125,0.125,0.125,0.125,0.125,0.125
71,71.0,0.125,0.125,0.125,0.125,0.125,0.125,0.125,0.125
72,72.0,0.125,0.125,0.125,0.125,0.125,0.125,0.125,0.125
73,73.0,0.125,0.125,0.125,0.125,0.125,0.125,0.125,0.125
74,74.0,0.125,0.125,0.125,0.125,0.125,0.125,0.125,0.125
75,75.0,0.125,0.125,0.125,0.125,0.125,0.125,0.125,0.125
76,76.0,0.125,0.125,0.125,0.125,0.125,0.125,0.125,0.125
77,77.0,0.125,0.125,0.125,0.125,0.125,0.125,0.125,0.125
78,78.0,0.125,0.125,0.125,0.125,0.125,0.125,0.125,0.125
79,79.0,0.125,0.125,0.125,0.125,0.125,0.125,0.125,0.125
80,80.0,0.125,0.125,0.125,0.125,0.125,0.125,0.125,0.125
81,81.0,0.125,0.125,0.125,0.125,0.125,0.125,0.125,0.125
82,82.0,0.125,0.125,0.125,0.125,0.125,0.125,0.125,0.125
83,83.0,0.125,0.125,0.125,0.125,0.125,0.125,0.125,0.125
84,84.0,0.125,0.125,0.125,0.125,0.125,0.125,0.125,0.125
85,85.0,0.125,0.125,0.125,0.125,0.125,0.125,0.125,0.125
86,86.0,0.125,0.125,0.125,0.125,0.125,0.125,0.125,0.125
87,87.0,0.125,0.125,0.125,0.125,0.125,0.125,0.125,0.125
88,88.0,0.125,0.125,0.125,0.125,0.125,0.125,0.125,0.125
89,89.0,0.125,0.125,0.125,0.125,0.125,0.125,0.125,0.125
90,90.0,0.125,0.125,0.125,0.125,0.125,0.125,0.125,0.125
91,91.0,0.125,0.125,0.125,0.125,0.125,0.125,0.125,0.125
92,92.0,0.125,0.125,0.125,0.125,0.125,0.125,0.125,0.125
93,93.0,0.125,0.125,0.125,0.125,0.125,0.125,0.125,0.125
94,94.0,0.125,0.125,0.125,0.125,0.125,0.125,0.125,0.125
95,95.0,0.125,0.125,0.125,0.125,0.125,0.125,0.125,0.125
96,96.0,0.125,0.125,0.125,0.125,0.125,0.125,0.125,0.125
97,97.0,0.125,0.125,0.125,0.125,0.125,0.125,0.125,0.125
98,98.0,0.125,0.125,0.125,0.125,0.125,0.125,0.125,0.125
99,99.0,0.125,0.125,0.125,0.125,0.125,0.125,0.125,0.125
100,100.0,0.125,0.125,0.125,0.125,0.125,0.125,0.125,0.125
101,101.0,0.125,0.125,0.125,0.125,0.125,0.125,0.125,0.125
102,102.0,0.125,0.125,0.125,0.125,0.125,0.125,0.125,0.125
103,103.0,0.125,0.125,0.125,0.125,0.125,0.125,0.125,0.125
104,104.0,0.125,0.125,0.125,0.125,0.125,0.125,0.125,0.125
105,105.0,0.125,0.125,0.125,0.125,0.125,0.125,0.125,0.125
106,106.0,0.125,0.125,0.125,0.125,0.125,0.125,0.125,0.125
107,107.0,0.125,0.125,0.125,0.125,0.125,0.125,0.125,0.125
108,108.0,0.125,0.125,0.125,0.125,0.125,0.125,0.125,0.125
109,109.0,0.125,0.125,0.125,0.125,0.125,0.125,0.125,0.125
110,110.0,0.125,0.125,0.125,0.125,0.125,0.125,0.125,0.125
111,111.0,0.125,0.125,0.125,0.125,0.125,0.125,0.125,0.125
112,112.0,0.125,0.125,0.125,0.125,0.125,0.125,0.125,0.125
113,113.0,0.125,0.125,0.125,0.125,0.125,0.125,0.125,0.125
114,114.0,0.125,0.125,0.125,0.125,0.125,0.125,0.125,0.125
115,115.0,0.125,0.125,0.125,0.125,0.125,0.125,0.125,0.125
116,116.0,0.125,0.125,0.125,0.125,0.125,0.125,0.125,0.125
117,117.0,0.125,0.125,0.125,0.125,0.125,0.125,0.125,0.125
118,118.0,0.125,0.125,0.125,0.125,0.125,0.125,0.125,0.125
119,119.0,0.125,0.125,0.125,0.125,0.125,0.125,0.125,0.125
120,120.0,0.125,0.125,0.125,0.125,0.125,0.125,0.125,0.125
121,121.0,0.125,0.125,0.125,0.125,0.125,0.125,0.125,0.125
122,122.0,0.125,0.125,0.125,0.125,0.125,0.125,0.125,0.125
123,123.0,0.125,0.125,0.125,0.125,0.125,0.125,0.125,0.125
124,124.0,0.125,0.125,0.125,0.125,0.125,0.125,0.125,0.125
125,125.0,0.125,0.125,0.125,0.125,0.125,0.125,0.125,0.125
126,126.0,0.125,0.125,0.125,0.125,0.125,0.125,0.125,0.125
127,127.0,0.125,0.125,0.125,0.125,0.125,0.125,0.125,0.125
128,128.0,0.125,0.125,0.125,0.125,0.125,0.125,0.125,0.125
129,129.0,0.125,0.125,0.125,0.125,0.125,0.125,0.125,0.125
130,130.0,0.125,0.125,0.125,0.125,0.125,0.125,0.125,0.125
131,131.0,0.125,0.125,0.125,0.125,0.125,0.125,0.125,0.125
132,132.0,0.125,0.125,0.125,0.125,0.125,0.125,0.125,0.125
133,133.0,0.125,0.125,0.125,0.125,0.125,0.125,0.125,0.125
134,134.0,0.125,0.125,0.125,0.125,0.125,0.125,0.125,0.125
135,135.0,0.125,0.125,0.125,0.125,0.125,0.125,0.125,0.125
136,136.0,0.125,0.125,0.125,0.125,0.125,0.125,0.125,0.125
137,137.0,0.125,0.125,0.125,0.125,0.125,0.125,0.125,0.125
138,138.0,0.125,0.125,0.125,0.125,0.125,0.125,0.125,0.125
139,139.0,0.125,0.125,0.125,0.125,0.125,0.125,0.125,0.125
140,140.0,0.125,0.125,0.125,0.125,0.125,0.125,0.125,0.125
141,141.0,0.125,0.125,0.125,0.125,0.125,0.125,0.125,0.125
142,142.0,0.125,0.125,0.125,0.125,0.125,0.125,0.125,0.125
143,143.0,0.125,0.125,0.125,0.125,0.125,0.125,0.125,0.125
144,144.0,0.125,0.125,0.125,0.125,0.125,0.125,0.125,0.125
145,145.0,0.125,0.125,0.125,0.125,0.125,0.125,0.125,0.125
146,146.0,0.125,0.125,0.125,0.125,0.125,0.125,0.125,0.125
147,147.0,0.125,0.125,0.125,0.125,0.125,0.125,0.125,0.125
148,148.0,0.125,0.125,0.125,0.125,0.125,0.125,0.125,0.125
149,149.0,0.125,0.125,0.125,0.125,0.125,0.125,0.125,0.125
150,150.0,0.125,0.125,0.125,0.125,0.125,0.125,0.125,0.125
151,151.0,0.125,0.125,0.125,0.125,0.125,0.125,0.125,0.125
152,152.0,0.125,0.125,0.125,0.125,0.125,0.125,0.125,0.125
153,153.0,0.125,0.125,0.125,0.125,0.125,0.125,0.125,0.125
154,154.0,0.125,0.125,0.125,0.125,0.125,0.125,0.125,0.125
155,155.0,0.125,0.125,0.125,0.125,0.125,0.125,0.125,0.125
156,156.0,0.125,0.125,0.125,0.125,0.125,0.125,0.125,0.125
157,157.0,0.125,0.125,0.125,0.125,0.125,0.125,0.125,0.125
158,158.0,0.125,0.125,0.125,0.125,0.125,0.125,0.125,0.125
159,159.0,0.125,0.125,0.125,0.125,0.125,0.125,0.125,0.125
160,160.0,0.125,0.125,0.125,0.125,0.125,0.125,0.125,0.125
161,161.0,0.125,0.125,0.125,0.125,0.125,0.125,0.125,0.125
162,162.0,0.125,0.125,0.125,0.125,0.125,0.125,0.125,0.125
163,163.0,0.125,0.125,0.125,0.125,0.125,0.125,0.125,0.125
164,164.0,0.125,0.125,0.125,0.125,0.125,0.125,0.125,0.125
165,165.0,0.125,0.125,0.125,0.125,0.125,0.125,0.125,0.125
166,166.0,0.125,0.125,0.125,0.125,0.125,0.125,0.125,0.125
167,167.0,0.125,0.125,0.125,0.125,0.125,0.125,0.125,0.125
168,168.0,0.125,0.125,0.125,0.125,0.125,0.125,0.125,0.125
169,169.0,0.125,0.125,0.125,0.125,0.125,0.125,0.125,0.125
170,170.0,0.125,0.125,0.125,0.125,0.125,0.125,0.125,0.125
171,171.0,0.125,0.125,0.125,0.125,0.125,0.125,0.125,0.125
172,172.0,0.125,0.125,0.125,0.125,0.125,0.125,0.125,0.125
173,173.0,0.125,0.125,0.125,0.125,0.125,0.125,0.125,0.125
174,174.0,0.125,0.125,0.125,0.125,0.125,0.125,0.125,0.125
175,175.0,0.125,0.125,0.125,0.125,0.125,0.125,0.125,0.125
176,176.0,0.125,0.125,0.125,0.125,0.125,0.125,0.125,0.125
177,177.0,0.125,0.125,0.125,0.125,0.125,0.125,0.125,0.125
178,178.0,0.125,0.125,0.125,0.125,0.125,0.125,0.125,0.125
179,179.0,0.125,0.125,0.125,0.125,0.125,0.125,0.125,0.125
180,180.0,0.125,0.125,0.125,0.125,0.125,0.125,0.125,0.125
181,181.0,0.125,0.125,0.125,0.125,0.125,0.125,0.125,0.125
182,182.0,0.125,0.125,0.125,0.125,0.125,0.125,0.125,0.125
183,183.0,0.125,0.125,0.125,0.125,0.125,0.125,0.125,0.125
184,184.0,0.125,0.125,0.125,0.125,0.125,0.125,0.125,0.125
185,185.0,0.125,0.125,0.125,0.125,0.125,0.125,0.125,0.125
186,186.0,0.125,0.125,0.125,0.125,0.125,0.125,0.125,0.125
187,187.0,0.125,0.125,0.125,0.125,0.125,0.125,0.125,0.125
188,188.0,0.125,0.125,0.125,0.125,0.125,0.125,0.125,0.125
189,189.0,0.125,0.125,0.125,0.125,0.125,0.125,0.125,0.125
190,190.0,0.125,0.125,0.125,0.125,0.125,0.125,0.125,0.125
191,191.0,0.125,0.125,0.125,0.125,0.125,0.125,0.125,0.125
192,192.0,0.125,0.125,0.125,0.125,0.125,0.125,0.125,0.125
193,193.0,0.125,0.125,0.125,0.125,0.125,0.125,0.125,0.125
194,194.0,0.125,0.125,0.125,0.125,0.125,0.125,0.125,0.125
195,195.0,0.125,0.125,0.125,0.125,0.125,0.125,0.125,0.125
196,196.0,0.125,0.125,0.125,0.125,0.125,0.125,0.125,0.125
197,197.0,0.125,0.125,0.125,0.125,0.125,0.125,0.125,0.125
198,198.0,0.1246590909090909,0.1246590909090909,0.1246590909090909,0.1246590909090909,0.1246590909090909,0.1246590909090909,0.1273863636363636,0.1246590909090909
199,199.0,0.1242458333333333,0.1250791666666666,0.1242458333333333,0.1242458333333333,0.1242458333333333,0.1242458333333333,0.1294458333333333,0.1242458333333333
200,200.0,0.1232842209595959,0.1249425542929292,0.1232842209595959,0.124395332070707,0.1232842209595959,0.1232842209595959,0.1320187866161616,0.1255064431818182
201,201.0,0.1223387053914141,0.1248062887247474,0.1223387053914141,0.1245498165025252,0.1223387053914141,0.1223387053914141,0.1345281455934343,0.1267609276136364
202,202.0,0.122306020992803,0.1245605868261363,0.121306020992803,0.1245961321039141,0.121306020992803,0.121306020992803,0.1367329538837121,0.1278862432150252
203,203.0,0.1218633933089734,0.1239779401582159,0.1199643023998826,0.1252128144200846,0.1210754135109937,0.1199643023998826,0.1394098002909734,0.1285320335109937
204,204.0,0.1213337681978109,0.1232935767353033,0.11855357728872,0.126714185208922,0.12065357728872,0.11855357728872,0.1418622377919726,0.1290355001998311
205,205.0,0.120649323471342,0.1233517845943996,0.1170130353804329,0.1268129235314329,0.1199911262895238,0.1170130353804329,0.1459356576498007,0.1292331137026349
206,206.0,0.1207333956393722,0.1230847952357838,0.1152720738748268,0.1273887092914289,0.1190258172081601,0.1152720738748268,0.15016258096555,0.1290605539100512
207,207.0,0.1205649356474147,0.1225642784612933,0.1134005452790905,0.1275346999341816,0.1178340691301394,0.1134005452790905,0.1545694207943035,0.1301315054744863
208,208.0,0.120312739453246,0.121897215756684,0.1115038979118708,0.128154053426626,0.1165268670123313,0.1115038979118708,0.1592085027008589,0.130892825826512
209,209.0,0.1199107795621057,0.1211415623786441,0.1095907896111676,0.1300082582638871,0.1151654583165225,0.1095907896111676,0.1631842043323631,0.1314081579241421
210,210.0,0.1193847369242875,0.1203176716572347,0.1076859352822741,0.1329123385451616,0.113772815516409,0.1076859352822741,0.1665373008392003,0.1317032659531584
211,211.0,0.1178886813397384,0.1195275567834573,0.1068945086207488,0.1357502604287301,0.1124529389998729,0.1058945086207488,0.1696323734171206,0.1319591717895828
212,212.0,0.1163869556113579,0.1193471698927152,0.1061654620788511,0.1383097843450513,0.1111165128084838,0.1041754620788511,0.1724166546856173,0.1320819984990721
213,213.0,0.1148059983525498,0.1191186725878251,0.1064583214993929,0.140463813114992,0.1097798867038537,0.1031638881660596,0.1741977927276537,0.1320116268476731
214,214.0,0.113255665071391,0.1188924265228398,0.1068112333315141,0.1429595655826711,0.1084997125779421,0.1022424209981808,0.1755268128944191,0.1318121630210419
215,215.0,0.111665235368219,0.1186289743663762,0.1071731685476928,0.1450425214167613,0.1072416523060938,0.1013281032376928,0.176936668763517,0.131983675993647
216,216.0,0.1101318513462597,0.1175778307856885,0.1076160983272367,0.147311829474509,0.1060925679754961,0.1005065912854544,0.1786993849796417,0.1320638458257139
217,217.0,0.1086214616634199,0.1165341872480826,0.1080834048050905,0.1491932393527112,0.1050089637244063,0.1003998057326382,0.18007096882002,0.1320879686536314
218,218.0,0.107081738589388,0.1158352831356312,0.1085026730547923,0.1511591273799072,0.1038881567288659,0.1007568587244089,0.180893153867419,0.1318830085195876
219,219.0,0.1055682962438069,0.1151157006465107,0.1089117977664439,0.1532303046098432,0.1028198588830587,0.1011025794261737,0.1817034049039094,0.1315480575202535
220,220.0,0.1040761061643193,0.1143132450513098,0.1092902925470487,0.1548514380335935,0.1017553280449022,0.1019684543218995,0.1826414042319015,0.1311037316050256
221,221.0,0.1026506203599717,0.1135432764722545,0.1096703072269832,0.1566369203919625,0.1007707928423846,0.1028299245984658,0.1832667865629606,0.1306313715450172
222,222.0,0.1016381207956435,0.1126946802996943,0.1099520869215382,0.1579473424497416,0.0997722963159906,0.1035824486143077,0.1844296115333037,0.1299834130697804
223,223.0,0.1006833231710392,0.1118872308146527,0.1102282763309887,0.1589719149755687,0.0988568585620542,0.1043143759924934,0.1857351258651357,0.1293228942880675
224,224.0,0.0997248157478082,0.111060422960285,0.1104322077068075,0.1600623384013942,0.0979608631979258,0.1057244883716131,0.1864416520787664,0.1285932115354
225,225.0,0.0987099669985447,0.1101824051471859,0.1105072491878682,0.1608406641279354,0.0970295075875347,0.1069759708539738,0.1888572787828303,0.1268969573141271
226,226.0,0.0977408135550335,0.1093165808747315,0.1105525910813224,0.1616347511194618,0.0961626930440973,0.107389194846886,0.1920235131441213,0.1251798623343461
227,227.0,0.0967098159280382,0.1083582121585353,0.110458902434714,0.1619725075148108,0.0962507861140706,0.1076235001585767,0.1952772709425948,0.1233490047486593
228,228.0,0.0956026871870555,0.1073124811709005,0.1109253485957419,0.16318208031694,0.0961765457074453,0.1076636542789296,0.1977167893087061,0.121420413434281
229,229.0,0.0945681489350692,0.1063294396710846,0.1113792527014124,0.1644850787418298,0.0961696239800033,0.10765870799005,0.1998557420810892,0.1195540058994615
230,230.0,0.0936080639239418,0.1054122412647182,0.1118169220556188,0.165866879594086,0.0962229504205148,0.1076119972139925,0.2016991255461205,0.1177618199810074
231,231.0,0.0926476204265219,0.1040706461582892,0.1121594426384015,0.1671619307612568,0.0961780485704577,0.1074511982540584,0.2039362519494451,0.1163948612415693
232,232.0,0.0916826799648519,0.1027225254439563,0.1123999195921629,0.1683952967821403,0.0960362850025568,0.1071755491566739,0.2065847853692631,0.1150029586883948
233,233.0,0.0907399191066244,0.1021136559279874,0.1125635098343162,0.1692762379435669,0.0958288681010713,0.1071099865402675,0.2087179394937287,0.1136498830524376
234,234.0,0.0898272330889985,0.1014871745260908,0.1126577156644618,0.1697155989866328,0.0955677184010672,0.107361733728129,0.2110360936754228,0.112346731929197
235,235.0,0.0889354267007168,0.1014627300951483,0.1126739658435786,0.1697686675476783,0.0952474435336663,0.1075054695824684,0.2133500891707993,0.1110562075259438
236,236.0,0.087982693356591,0.1013674559969665,0.1125319860495709,0.1697440492348021,0.094826751378875,0.1074754026954395,0.2152308128396469,0.110840848448108
237,237.0,0.0869607104123233,0.1011126270917162,0.1122257876419211,0.1693347841139992,0.0942598944453277,0.1082649157179492,0.2173803313697185,0.1104609492070448
238,238.0,0.0860186713916252,0.1009156653546927,0.1119075962010174,0.1690008187390712,0.0937329877504773,0.1090158577627266,0.2192388982539542,0.1101695045464354
239,239.0,0.0850334013171265,0.1005834679979319,0.1129225131978533,0.1685894540052224,0.0930906993874529,0.1095087290590517,0.2205259868828177,0.1097457481525437
240,240.0,0.0841183738677022,0.1002209839654344,0.1138674164456342,0.1680620133670571,0.0924389218165376,0.1099512932541436,0.2219642709278243,0.1093767263556665
241,241.0,0.0831816647966546,0.0997530116283659,0.114582245574297,0.1674998651480701,0.0917032665974965,0.1101682500207572,0.2233753196994448,0.1097363765349138
242,242.0,0.0823339589556532,0.0992943173048863,0.1152507046002643,0.1664928733948187,0.0909991411249482,0.1108552443132433,0.2245434525421221,0.1102303077640637
243,243.0,0.0814807360587658,0.0987546514505496,0.1157129511433377,0.1654887931649965,0.0910059722120938,0.1113208296288629,0.2256752869373458,0.1105607794040479
244,244.0,0.0806484951330409,0.0981543915393284,0.115994897227836,0.1643799553796637,0.0916267948478385,0.1120421370284154,0.2263995533259173,0.1107537755179598
245,245.0,0.0796600234197709,0.0975540619831814,0.1162099957761447,0.1634692740996818,0.0922493868454807,0.1126752032770296,0.2272129186338559,0.110969135964855
246,246.0,0.0787573138390885,0.0969714166154079,0.1156606007341994,0.1625027690469259,0.0928794512409397,0.1132365251058009,0.2283059700069916,0.1116859534106461
247,247.0,0.077923541042302,0.0963927616428537,0.1150541453416924,0.1616460505690582,0.0934925729378694,0.1136927266605615,0.2293921834653807,0.112406018340282
248,248.0,0.0771591792919328,0.0958220025311969,0.1144013170034782,0.1606853692881177,0.0940832318050269,0.1140474195186525,0.2306803595292407,0.1131211210323542
249,249.0,0.0767496833445222,0.0955482730491435,0.1157184009560058,0.1596977839937772,0.0949323903008039,0.1145905908223971,0.2286532410851587,0.1141096364481916
250,250.0,0.0763874526472402,0.0952678473903858,0.117297149940748,0.1587815988844179,0.095729357248244,0.1150022754982878,0.2265302671756098,0.1150040512150666
251,251.0,0.0760982463957588,0.0950334926695568,0.1188397789814084,0.158016474798252,0.0965095916292391,0.1153563159336177,0.224265229545792,0.1158808700463753
252,252.0,0.0758771440039314,0.094842690238031,0.1203342186799477,0.1572013344248422,0.0965524235402972,0.1153090881537194,0.2228054441277037,0.1170776568315273
253,253.0,0.0757190499112313,0.0946927447919538,0.1217700954743531,0.1563433764148942,0.0965737739529189,0.1154066221199149,0.221254483354273,0.118239853980461
254,254.0,0.0756451461090776,0.094584224789199,0.1231799403769305,0.1557326258071547,0.0965902264676531,0.1159595742059877,0.2188206784402209,0.1194875838037766
255,255.0,0.0755768202370641,0.095351650485874,0.1242648357282491,0.1550290767481789,0.0958167151867627,0.1164565917402947,0.2175372129724802,0.1199670969010964
256,256.0,0.0755526933721022,0.0961159947941578,0.125699032905374,0.1543622458124901,0.0950176555285529,0.1168967366455845,0.2159769877512079,0.1203786531905306
257,257.0,0.0755414387997666,0.0968454741548854,0.1269601948982415,0.1538907255275024,0.0941795417887413,0.1172037416650183,0.2147372900520175,0.120641593113827
258,258.0,0.07555488891364,0.0974874305710272,0.1270750905650537,0.1534564027292181,0.0933330456631928,0.1181137282855167,0.2141944645848287,0.1207849486875227
259,259.0,0.075376325732791,0.0978163377038447,0.1276223066556809,0.1526427773886496,0.0922644446845934,0.1182108455162845,0.215034129083931,0.1210328332342248
260,260.0,0.07516224606245,0.0980145112877879,0.1285882399272556,0.1517779034207381,0.0911501665823582,0.1181778430498227,0.2156174877305159,0.1215116019390714
261,261.0,0.0748880775245266,0.0980679766233602,0.1292402570174305,0.1508038242257321,0.0896849063824382,0.1179206680611674,0.2175792585618836,0.1218150316034611
262,262.0,0.0746405850787315,0.0980917043867539,0.128789978163869,0.1498690754498419,0.088258104863497,0.1186180114877442,0.2196708380115681,0.1220617025579942
263,263.0,0.0744127090510898,0.0980840638561269,0.1282477685480544,0.1495666956794802,0.0868765639366529,0.1194290387506488,0.2208545521547578,0.1225286080231892
264,264.0,0.0742039804013818,0.0980469635609355,0.1276269386371179,0.1494057583573999,0.0855489975474418,0.1201686410043051,0.2220681125604849,0.1229306079309329
265,265.0,0.0740138055505032,0.0979824483697424,0.1269402866488356,0.1496423877948998,0.0842827230327004,0.1208346219624544,0.2230348259138165,0.1232689007270475
266,266.0,0.0738482321157986,0.0979129083933693,0.1262202647801344,0.150023220558507,0.0830904751434783,0.1214392865532417,0.2239001347914261,0.1235654776640443
267,267.0,0.073706066054307,0.0978393466922526,0.1254772154198979,0.1505362621590247,0.0819765788782707,0.1219815508604235,0.2246616301952037,0.1238213497406197
268,268.0,0.0735792609158839,0.0977424682733422,0.1247004390283464,0.151142246505236,0.0809374005314457,0.1224475977873006,0.2254329910189305,0.1240175959395146
269,269.0,0.0733759320122702,0.0975334672686932,0.1246271515667952,0.1517394836527085,0.0798844285345525,0.1226567851334512,0.2261166417689344,0.1240661100625946
270,270.0,0.0731868939195001,0.0973062986675584,0.1245320261011288,0.1524091558689624,0.0789108813536121,0.1227946038633111,0.2267983073290842,0.1240618328968429
271,271.0,0.0729361789430787,0.0969881591404221,0.1241897907597245,0.1529096701254659,0.0779422989957652,0.1235469359733383,0.2275537714945805,0.1239331945676245
272,272.0,0.0727047974073074,0.0966608092830224,0.1238344246278005,0.1533890728514859,0.0770579741455959,0.1242439420624743,0.2283455799398683,0.1237633996824451
273,273.0,0.0724287251958184,0.0962634349921837,0.1232775806827467,0.1536231205144767,0.0761939197131776,0.1248475229324932,0.2298724427581271,0.1234932532109763
274,274.0,0.0721677830796685,0.095861420013653,0.122714767320206,0.1539128816849761,0.0754117440285833,0.1253760230285776,0.2313654815082787,0.1231898993360566
275,275.0,0.0719271089302333,0.0954605556375364,0.1221535166871042,0.1541751878549047,0.0747129589720862,0.1258462387312713,0.2328634337785319,0.1228609994083319
276,276.0,0.0717068051715215,0.0950639028849114,0.1215984524543863,0.1544090513793641,0.0740959358106273,0.1262587412812585,0.234355546548013,0.1225115644699177
277,277.0,0.071244214571342,0.0955654904202903,0.120944989923676,0.1544210567597046,0.0734496915094576,0.1265203531564705,0.2359276890995677,0.1219265145594911
278,278.0,0.0716200054298163,0.0958833058330739,0.1202132401345439,0.1543965997712514,0.0727878718879804,0.1266201423829212,0.2373307453935001,0.1211480891669127
279,279.0,0.071860611264113,0.0960460675489312,0.1194258080722001,0.154471053726358,0.0721266216399994,0.1265939879659705,0.2384255869872337,0.121050262795194
280,280.0,0.0721132600554309,0.0962032726590408,0.1186635738050519,0.1545170508437129,0.071540430049587,0.1265224314338304,0.2394884080087352,0.1209515731446108
281,281.0,0.0722457745646494,0.0962249756627707,0.1178668133502483,0.1544716676353146,0.0709633092754877,0.1263461433446384,0.2404520236323128,0.1214292925345779
282,282.0,0.0722741027985146,0.0961292999006172,0.1170489898382511,0.1550603550235237,0.070402635914692,0.1260796374240063,0.2413236915678641,0.1216812875325308
283,283.0,0.0725570527433484,0.0962771557323644,0.1156858196526901,0.155702603525846,0.0708282607178193,0.125616927481517,0.2405741193609145,0.1227580607855001
284,284.0,0.0728387793769959,0.0964147133901369,0.1143674711126093,0.1563897768787063,0.071309744268836,0.1251154993039062,0.2397506469835227,0.1238133686852864
285,285.0,0.0732260979058388,0.0966507043559213,0.1131567777250833,0.1563063938362709,0.0718912509440976,0.1246376065244566,0.2390733966690642,0.1250577720392672
286,286.0,0.0734954143624606,0.0967633422883338,0.1119498934122027,0.1562097023105998,0.0724521973762141,0.1240797400108203,0.2382938815663156,0.126755828673053
287,287.0,0.0736591376683996,0.0967667274812385,0.1107595659776515,0.1559633332175716,0.0729905005022297,0.1241224723691641,0.2375769919083817,0.1281612708753633
288,288.0,0.0738115520119413,0.0967567135736723,0.1096381480821001,0.1557644088187829,0.0735455465849137,0.1241467079986534,0.2368340836170269,0.1295028393129092
289,289.0,0.0739519206096473,0.0967340074428248,0.108589229778671,0.1554737085914529,0.07410976733153,0.1248192902180735,0.2362159701886086,0.1301061058391918
290,290.0,0.0739983320144263,0.096618013301523,0.1077395593132726,0.1551222705327624,0.0746365573991876,0.1253559548674636,0.2354308699954331,0.1310984425759315
291,291.0,0.073961691254618,0.0970143466422249,0.1069363237849138,0.154805091899264,0.0751256300840834,0.1257583577017369,0.2345584421602087,0.1318401164729503
292,292.0,0.0739159628845991,0.0973984043416391,0.106207184439253,0.154476645406753,0.0756080710926702,0.126142201316309,0.2337434840146223,0.1325080465041542
293,293.0,0.0738604298910053,0.0971768940935642,0.1055493985816921,0.1540738493900571,0.0760776361244074,0.1266288104446081,0.2329442624239539,0.1336887190507119
294,294.0,0.0738006445423624,0.096950624331099,0.1049733376406254,0.1536796190059385,0.0765349336028952,0.1270963493690463,0.2321662253659532,0.13479826614208
295,295.0,0.0737351497689318,0.0967148932271169,0.1044666690988937,0.1532846392013297,0.0769741371499434,0.1275370894033049,0.2314621577738064,0.1358252643766731
296,296.0,0.0730749132972774,0.0964706379506844,0.1040249824225592,0.1534155206757445,0.0773906412536942,0.1279341502995882,0.2309238217187539,0.1367653323816982
297,297.0,0.0723824403950989,0.0961551556201185,0.1036127106379227,0.1534180082140745,0.0777495677858946,0.128188469047935,0.2305170470492793,0.1379766012496765
298,298.0,0.0729277641475282,0.0960676932057542,0.1029519675940352,0.1537382984836842,0.0783129699514354,0.1270909305111867,0.2295839214003038,0.1393264547060723
299,299.0,0.073473669844099,0.0954224667177595,0.1023503625354172,0.1539918491321929,0.0788467843578459,0.125963260659786,0.2288168165066639,0.1411347902462357
300,300.0,0.0739851175311679,0.0947518703855839,0.1017780074010692,0.1542471416825979,0.0793191089347115,0.124730701757604,0.2280585730167702,0.1431294792904954
301,301.0,0.0744601619497819,0.0940645661043208,0.1017369674624543,0.1538390915691729,0.0797310928361856,0.123414769043322,0.2279819924894102,0.1447713585453525
302,302.0,0.0746738123887056,0.0932358287719112,0.1014763853264891,0.1547106332972437,0.0800350121211401,0.1219027363812382,0.2281872396287861,0.1457783520844862
303,303.0,0.0747208570494824,0.0923525231360119,0.1011125989646329,0.1554784584469272,0.080226815550404,0.1203359365064659,0.2283497358280184,0.1474230745180575
304,304.0,0.0746052464145829,0.0914123361322377,0.1006252559202958,0.156796998245826,0.0803008666613271,0.1186854853909994,0.2284978257362548,0.1490759854984764
305,305.0,0.0741727551992447,0.0902593882515219,0.0991505073171366,0.1584582058356957,0.0804509488583506,0.1169815776012365,0.2294357176101899,0.1510908993266241
306,306.0,0.0737164957564527,0.0897591338937029,0.0977321156122996,0.1601129516159538,0.0799339385663522,0.1153154337262981,0.230484131516533,0.1529457993124079
307,307.0,0.0732602105183621,0.0893056092650511,0.0963841538524941,0.1617813775904064,0.0793952647761401,0.1137187614295465,0.2314912230661951,0.1546633995018047
308,308.0,0.0720573025506736,0.0888250352811296,0.0950761820088905,0.1641278781141413,0.0789809305739629,0.1119874814054209,0.2323006363745581,0.1566445536912232
309,309.0,0.0707551359134353,0.0882431466785908,0.0936814605967621,0.1669229170637455,0.078954818359872,0.1106175484554834,0.2328623728232021,0.157962600108909
310,310.0,0.0694640317275792,0.0876926791576325,0.0923699466438936,0.1695831495143379,0.0789087977322924,0.1093315094850715,0.2335394834729743,0.1591104022662187
311,311.0,0.0681960601914171,0.0871762606868976,0.0911474792168601,0.1719095244682775,0.0790138809336153,0.1081441410481706,0.2343194659390896,0.1600931875156722
312,312.0,0.0669758393055752,0.0867099020963051,0.0893838386331682,0.1743068460278792,0.0791128907398299,0.1072709072731283,0.235127304860697,0.161112471063417
313,313.0,0.0657348896116226,0.0862173543814894,0.0876411920712299,0.1764083283690686,0.0790891620012576,0.1063688106170095,0.2364315174667501,0.1621087454815723
314,314.0,0.0645022497456305,0.0857207181903415,0.0859664490829018,0.1780564526611465,0.078969096851977,0.1056619734028769,0.2376576822130931,0.1634653778520327
315,315.0,0.0636483613901414,0.0855843149990849,0.0852681059413327,0.1796698021263846,0.0791241448521642,0.1050601945419116,0.2361239082001024,0.1655211679488782
316,316.0,0.0628051454411192,0.0854347427031021,0.0845878256884419,0.1810500975247783,0.0797129891584274,0.1043260988392949,0.234568872495517,0.1675142281493191
317,317.0,0.0620035105126708,0.0852983576310891,0.083980735625399,0.1823204993213609,0.0803774480520186,0.103970315757675,0.2329077447921471,0.1691413883076394
318,318.0,0.0612607264543542,0.0855457593708428,0.0834502006273819,0.1834182710762587,0.0810133071149598,0.1036357845654162,0.2312385696609848,0.1704373811298016
319,319.0,0.0605779255107082,0.0858019408723932,0.0829930495198058,0.1842325979882613,0.0816166572306552,0.1033216728403489,0.2296947121568572,0.17176144388097
320,320.0,0.0596618205769648,0.0860766273404689,0.0826103564113019,0.1850763226060779,0.0821982912976275,0.1033790085598301,0.2282066514529142,0.1727909217548147
321,321.0,0.0586686054753002,0.0862115928500567,0.08215326547776,0.1851676079540432,0.0831249865843952,0.1044033648493251,0.2265682421612181,0.1737023346479017
322,322.0,0.0576406925686955,0.0862539064564367,0.0816682340255463,0.1850287715842846,0.0839064607746144,0.1052570585913448,0.225030416738053,0.1752144592610245
323,323.0,0.0565815170213165,0.0861873538186482,0.0811471740351566,0.184520905085009,0.0845344454859815,0.1060391841832978,0.2238515212700363,0.177137899100554
324,324.0,0.0555175457857427,0.0860400347083857,0.0806070549728204,0.1837799431083278,0.0850323422262936,0.10663009212317,0.223550363518102,0.1788426235571577
325,325.0,0.0544647630171192,0.0858259739092702,0.0800596588816268,0.1828833995162358,0.0854153967964017,0.107057042872862,0.223171425142684,0.1811223398638001
326,326.0,0.0544841345846815,0.0849023747377433,0.0795097307637002,0.1806159511516424,0.0856282686722779,0.1073960562666122,0.2243649910815436,0.183098492741799
327,327.0,0.0544741114985717,0.0839137372288831,0.0789421939901295,0.1780579012032146,0.0861447842905065,0.1074196019545086,0.2256048421052416,0.1854428277289442
328,328.0,0.0549624977560531,0.0829322935867821,0.0784203267894851,0.1753803595976035,0.0865015766979597,0.1074255139441398,0.2268267569948232,0.1875506746331535
329,329.0,0.0553156724562955,0.081946900765947,0.0779245427812428,0.1726875271070597,0.0867765264821167,0.1074634402083796,0.2279798340243278,0.1899055561746308
330,330.0,0.0559517174557639,0.0815432096796639,0.0774534039400186,0.1699724137163497,0.0869622351805519,0.107244504054961,0.2290269754951255,0.1918455404775654
331,331.0,0.0566212991509454,0.0811725102880613,0.0770446306435868,0.1670393547168379,0.0871060138624558,0.107023953410979,0.2303995635997723,0.1935926743273614
332,332.0,0.0572970022793879,0.080985245194051,0.0768972993107688,0.1640993501399287,0.0871585275278902,0.1071405523279054,0.2308431459005841,0.1955788773194837
333,333.0,0.0579722343313017,0.0806657931090098,0.0767776937161896,0.1614333007034172,0.0871684708644064,0.1072128593551662,0.2312747322103782,0.1974949157101307
334,334.0,0.0581784229948234,0.0803508664112882,0.0766783426392178,0.1590842087671524,0.0872715600017648,0.1072185878853709,0.2315144154195092,0.1997035958808732
335,335.0,0.0583382968355437,0.0799785159097002,0.0767516613898238,0.1566444910403389,0.0872992899120905,0.1070791526906347,0.2317340979387728,0.2021744942830953
336,336.0,0.0584162602660184,0.0800691118017951,0.0767882202403683,0.1543898669764003,0.0871608127151484,0.1067853857160644,0.2319538623202583,0.2044364799639467
337,337.0,0.0586047747534182,0.0797393601114287,0.0769577272906725,0.1523851120087181,0.0865540820330405,0.1066037420458028,0.2328072387919584,0.2063479629649609
338,338.0,0.0587938221250987,0.0794433593475171,0.0771598030398676,0.1505428192448758,0.0859349125990265,0.1064306699419657,0.2336294752372774,0.2080651384643711
339,339.0,0.0588038039006632,0.0791640127916881,0.077372488227207,0.148576651086458,0.0857839870080057,0.1067838486683732,0.2345585199932454,0.2089566883243593
340,340.0,0.058748742800718,0.0793117875614603,0.0775606019260224,0.146634465275414,0.0854876554398067,0.106997933603913,0.2354643136065962,0.2097944997860693
341,341.0,0.0585511193228419,0.0793611050076146,0.0776405303625909,0.1446747201658585,0.0853727895210815,0.1070878539110287,0.2367370019002461,0.2105748798087378
342,342.0,0.0582222824897232,0.0793025880843219,0.077603563175042,0.1427554241503932,0.0851267386654171,0.1069055521753392,0.238614645295283,0.2114692059644804
343,343.0,0.0577854379053957,0.0791544012979378,0.0774685554978411,0.1414867564740595,0.0856052111085758,0.1066136300820407,0.2400130695730076,0.2118729380611417
344,344.0,0.0572608482508566,0.0789262184180677,0.0778073104723141,0.1398519881652755,0.0859192597475507,0.1062380032570366,0.2421642477118631,0.2118321239770355
345,345.0,0.0567078840725623,0.078706425243362,0.0781693594813837,0.1384141394907286,0.0861327147221686,0.1058436380301148,0.2444184564260296,0.2116073825336504
346,346.0,0.056168195201721,0.0784992304348186,0.0785325848190989,0.1365552721556362,0.0864618049118752,0.1054420512932711,0.246529819309858,0.2118110418737209
347,347.0,0.0556163335552788,0.0782755121504871,0.0788344793921189,0.1348044766963728,0.0860219008756884,0.1050073529241082,0.2490566786146005,0.2123832657913453
348,348.0,0.0550179532070688,0.0780030762494317,0.078844767818684,0.1330337730603357,0.0855141490029142,0.1045354732872741,0.2519713240260754,0.213079483348216
349,349.0,0.0544020514550574,0.0777006235825937,0.0787967452460108,0.131366180812953,0.0849630039894775,0.1040351594062639,0.2550199953450871,0.2137162401625567
350,350.0,0.053817305059467,0.0774214771601864,0.0787472854090386,0.1298684239540883,0.084419082201901,0.1035582890489497,0.2579085816382249,0.2142595555281441
351,351.0,0.053231346244394,0.0772661332529084,0.0786619269283497,0.1288651918769388,0.0838553308345871,0.1029453767355077,0.2605332181012162,0.2146414760260982
352,352.0,0.0526490906785922,0.0772934356445024,0.0785549334328513,0.1278934732594337,0.0832626955822277,0.1023202355718807,0.2631541978284615,0.2148719380020506
353,353.0,0.0520726314604075,0.0773013483636861,0.0784163824196279,0.1268565141361822,0.0826457027030632,0.1016827857696135,0.266074765750108,0.2149498693973116
354,354.0,0.0515052288053354,0.0772892870280643,0.0780049879696352,0.125855783573567,0.0821366641822719,0.101029473849434,0.2690477620295039,0.2151308125621883
355,355.0,0.0509395328884151,0.0772467431976076,0.0775653495719009,0.1249978662645138,0.0816038776985383,0.1003315609408745,0.2720289136965175,0.2152861557416323
356,356.0,0.0508502695287509,0.0771978786453026,0.0771141556035449,0.1242354116567882,0.0810794226528538,0.0996538786086564,0.2745316402789578,0.2153373430251453
357,357.0,0.0507615520229038,0.0771435317624881,0.0766567912349437,0.123565933373596,0.0805674281255012,0.0990008982920983,0.2770101517117219,0.2152937134767469
358,358.0,0.0508004176737117,0.0771998724095994,0.0767592462540853,0.1231413383067822,0.0803233763050073,0.0973668826264813,0.27929124730983,0.2151176191145027
359,359.0,0.0509391492966049,0.0772179550159466,0.0767894218729986,0.122744829190996,0.0800543978964625,0.0957380195011984,0.2813855013035407,0.2151307259222522
360,360.0,0.0510621192674548,0.0775066853803665,0.0768475836307177,0.122285154915607,0.0797832093805457,0.0942719697736535,0.2827273418951745,0.2155159357564801
361,361.0,0.0511986630093255,0.0777911041488096,0.0769110290821806,0.1219077586055414,0.0795387191522927,0.0928506969869745,0.2838442481564118,0.2159577808584638
362,362.0,0.0513066862769697,0.0780448114778473,0.0769136198330625,0.1215783287387133,0.0792919585988421,0.0914789768437437,0.2846029333391048,0.2167826848917163
363,363.0,0.0514034675121622,0.0782842469255572,0.0769099296289922,0.1216812399668658,0.0790615278456753,0.0901814767684758,0.284942424845943,0.2175356865063284
364,364.0,0.0514883491049821,0.0785080363251879,0.0772573593242413,0.1218248542208445,0.0788476912198887,0.0887360700274473,0.2848947351229313,0.2184429046544767
365,365.0,0.0515838356768774,0.0787429489188934,0.077640761806065,0.1220513836152207,0.0786864844549651,0.0872806527615,0.2842206180971579,0.2197933146693204
366,366.0,0.0516434203128767,0.0790587742540691,0.0779424570544083,0.1225893679833548,0.0785055082743472,0.085885206131725,0.2831260304055314,0.2212492355836874
367,367.0,0.0516791250035338,0.0791052686972895,0.0781707381472459,0.1228762143440765,0.0783117257632239,0.084582370712853,0.2819864181727134,0.223288139159064
368,368.0,0.0516913618301659,0.079127968693189,0.0783676630555549,0.1231490306979705,0.0781285744276145,0.0833516915007486,0.2808791664579628,0.2253045433367937
369,369.0,0.0516864450907023,0.0791225839721165,0.0785352743673387,0.1233898530423359,0.0779442071093932,0.082209301226699,0.2799162941537508,0.2271960410376634
370,370.0,0.0516772504202585,0.0791051712974243,0.0786896000564048,0.1236448008375104,0.0777793390800033,0.0811521762127705,0.2788915400218636,0.2290601220737645
371,371.0,0.0516592099201452,0.0790662831336135,0.0788271288235829,0.1238804498288603,0.0776168223508028,0.0801688893015554,0.277908091955183,0.2308731246862568
372,372.0,0.0516417413957508,0.0790120037895625,0.0789522843429745,0.1242277275260534,0.0774611377243883,0.0792827144563197,0.2768664956908887,0.2325558950740623
373,373.0,0.0516246264966212,0.0789436315544419,0.0790648284920802,0.1246790508821797,0.0773119274302832,0.0784919066505816,0.2757802953063767,0.2341037331874355
374,374.0,0.0516026229488099,0.078867670237387,0.0795628533751305,0.1251243007558769,0.0771796104470627,0.077782037546319,0.2746865435908378,0.2351943610985763
