,Unnamed: 0,Total_iterations,Intertwine_two,Invert_path_vertices,Insert_inside_vertex,Delete_inside_vertex,Replace_inside_vertex,Donate_between_routes,Trim_one_terminal_cb,Grow_one_terminal_cb
0,0.0,0.0,0.125,0.125,0.125,0.125,0.125,0.125,0.125,0.125
1,1.0,0.10900000000000001,0.125,0.125,0.125,0.125,0.125,0.125,0.125,0.125
2,2.0,0.31601,0.125,0.125,0.125,0.125,0.125,0.125,0.125,0.125
3,3.0,0.6191589000000001,0.125,0.125,0.125,0.125,0.125,0.125,0.125,0.125
4,4.0,1.015801321,0.125,0.125,0.125,0.125,0.125,0.125,0.125,0.125
5,5.0,1.50262148669,0.125,0.125,0.125,0.125,0.125,0.125,0.125,0.125
6,6.0,2.0757334209441005,0.125,0.125,0.125,0.125,0.125,0.125,0.125,0.125
7,7.0,2.7307768275633495,0.125,0.125,0.125,0.125,0.125,0.125,0.125,0.125
8,8.0,3.4630081252450404,0.125,0.125,0.125,0.125,0.125,0.125,0.125,0.125
9,9.0,4.2673862119061114,0.125,0.125,0.125,0.125,0.125,0.125,0.125,0.125
10,10.0,5.138652627782014,0.125,0.125,0.125,0.125,0.125,0.125,0.125,0.125
11,11.0,6.071405875792507,0.125,0.125,0.125,0.125,0.125,0.125,0.125,0.125
12,12.0,7.060169740244025,0.125,0.125,0.125,0.125,0.125,0.125,0.125,0.125
13,13.0,8.099455520847952,0.125,0.125,0.125,0.125,0.125,0.125,0.125,0.125
14,14.0,9.183818168183006,0.125,0.125,0.125,0.125,0.125,0.125,0.125,0.125
15,15.0,10.307906369102724,0.125,0.125,0.125,0.125,0.125,0.125,0.125,0.125
16,16.0,11.466506686239443,0.125,0.125,0.125,0.125,0.125,0.125,0.125,0.125
17,17.0,12.654581904800096,0.125,0.125,0.125,0.125,0.125,0.125,0.125,0.125
18,18.0,13.867303782456686,0.125,0.125,0.125,0.125,0.125,0.125,0.125,0.125
19,19.0,15.100080434523047,0.125,0.125,0.125,0.125,0.125,0.125,0.125,0.125
20,20.0,16.348578617037543,0.125,0.125,0.125,0.125,0.125,0.125,0.125,0.125
21,21.0,17.608741195130214,0.125,0.125,0.125,0.125,0.125,0.125,0.125,0.125
22,22.0,18.876800103462312,0.125,0.125,0.125,0.125,0.125,0.125,0.125,0.125
23,23.0,20.14928511992658,0.125,0.125,0.125,0.125,0.125,0.125,0.125,0.125
24,24.0,21.423028783545156,0.125,0.125,0.125,0.125,0.125,0.125,0.125,0.125
25,25.0,22.695167792966423,0.125,0.125,0.125,0.125,0.125,0.125,0.125,0.125
26,26.0,23.963141223515898,0.125,0.125,0.125,0.125,0.125,0.125,0.125,0.125
27,27.0,25.224685898775267,0.125,0.125,0.125,0.125,0.125,0.125,0.125,0.125
28,28.0,26.477829247520948,0.125,0.125,0.125,0.125,0.125,0.125,0.125,0.125
29,29.0,27.720879968916847,0.125,0.125,0.125,0.125,0.125,0.125,0.125,0.125
30,30.0,28.95241681848399,0.125,0.125,0.125,0.125,0.125,0.125,0.125,0.125
31,31.0,30.17127581490958,0.125,0.125,0.125,0.125,0.125,0.125,0.125,0.125
32,32.0,31.376536153543515,0.125,0.125,0.125,0.125,0.125,0.125,0.125,0.125
33,33.0,32.567505096778625,0.125,0.125,0.125,0.125,0.125,0.125,0.125,0.125
34,34.0,33.74370209472243,0.125,0.125,0.125,0.125,0.125,0.125,0.125,0.125
35,35.0,34.90484237192463,0.125,0.125,0.125,0.125,0.125,0.125,0.125,0.125
36,36.0,36.05082019768737,0.125,0.125,0.125,0.125,0.125,0.125,0.125,0.125
37,37.0,37.18169203889697,0.125,0.125,0.125,0.125,0.125,0.125,0.125,0.125
38,38.0,38.29765977559663,0.125,0.125,0.125,0.125,0.125,0.125,0.125,0.125
39,39.0,39.399054140870355,0.125,0.125,0.125,0.125,0.125,0.125,0.125,0.125
40,40.0,40.48631852820801,0.125,0.125,0.125,0.125,0.125,0.125,0.125,0.125
41,41.0,41.55999329152982,0.125,0.125,0.125,0.125,0.125,0.125,0.125,0.125
42,42.0,42.62070064560415,0.125,0.125,0.125,0.125,0.125,0.125,0.125,0.125
43,43.0,43.669130257815,0.125,0.125,0.125,0.125,0.125,0.125,0.125,0.125
44,44.0,44.70602560622662,0.125,0.125,0.125,0.125,0.125,0.125,0.125,0.125
45,45.0,45.73217116373481,0.125,0.125,0.125,0.125,0.125,0.125,0.125,0.125
46,46.0,46.748380453854836,0.125,0.125,0.125,0.125,0.125,0.125,0.125,0.125
47,47.0,47.755485010424316,0.125,0.125,0.125,0.125,0.125,0.125,0.125,0.125
48,48.0,48.7543242612326,0.125,0.125,0.125,0.125,0.125,0.125,0.125,0.125
49,49.0,49.745736344347726,0.125,0.125,0.125,0.125,0.125,0.125,0.125,0.125
50,50.0,50.730549855707864,0.125,0.125,0.125,0.125,0.125,0.125,0.125,0.125
51,51.0,51.70957651737491,0.125,0.125,0.125,0.125,0.125,0.125,0.125,0.125
52,52.0,52.68360474770151,0.125,0.125,0.125,0.125,0.125,0.125,0.125,0.125
53,53.0,53.65339410751842,0.125,0.125,0.125,0.125,0.125,0.125,0.125,0.125
54,54.0,54.61967059027847,0.125,0.125,0.125,0.125,0.125,0.125,0.125,0.125
55,55.0,55.58312271885972,0.125,0.125,0.125,0.125,0.125,0.125,0.125,0.125
56,56.0,56.544398407394254,0.125,0.125,0.125,0.125,0.125,0.125,0.125,0.125
57,57.0,57.504102543001395,0.125,0.125,0.125,0.125,0.125,0.125,0.125,0.125
58,58.0,58.462795239617805,0.125,0.125,0.125,0.125,0.125,0.125,0.125,0.125
59,59.0,59.42099071417639,0.125,0.125,0.125,0.125,0.125,0.125,0.125,0.125
60,60.0,60.379156734137354,0.125,0.125,0.125,0.125,0.125,0.125,0.125,0.125
61,61.0,61.337714584760846,0.125,0.125,0.125,0.125,0.125,0.125,0.125,0.125
62,62.0,62.29703950447439,0.125,0.125,0.125,0.125,0.125,0.125,0.125,0.125
63,63.0,63.257461537171835,0.125,0.125,0.125,0.125,0.125,0.125,0.125,0.125
64,64.0,64.21926675122782,0.125,0.125,0.125,0.125,0.125,0.125,0.125,0.125
65,65.0,65.19269877636592,0.125,0.125,0.125,0.125,0.125,0.125,0.125,0.125
66,66.0,66.16786061122656,0.125,0.125,0.125,0.125,0.125,0.125,0.125,0.125
67,67.0,67.14482765648886,0.125,0.125,0.125,0.125,0.125,0.125,0.125,0.125
68,68.0,68.12364972066004,0.125,0.125,0.125,0.125,0.125,0.125,0.125,0.125
69,69.0,69.1043530812075,0.125,0.125,0.125,0.125,0.125,0.125,0.125,0.125
70,70.0,70.08694257488816,0.125,0.125,0.125,0.125,0.125,0.125,0.125,0.125
71,71.0,71.07140369345186,0.125,0.125,0.125,0.125,0.125,0.125,0.125,0.125
72,72.0,72.05770466322467,0.125,0.125,0.125,0.125,0.125,0.125,0.125,0.125
73,73.0,73.04579848938796,0.125,0.125,0.125,0.125,0.125,0.125,0.125,0.125
74,74.0,74.03562494804103,0.125,0.125,0.125,0.125,0.125,0.125,0.125,0.125
75,75.0,75.02711251134839,0.125,0.125,0.125,0.125,0.125,0.125,0.125,0.125
76,76.0,76.02018019321153,0.125,0.125,0.125,0.125,0.125,0.125,0.125,0.125
77,77.0,77.01473930495624,0.125,0.125,0.125,0.125,0.125,0.125,0.125,0.125
78,78.0,78.01069511247692,0.125,0.125,0.125,0.125,0.125,0.125,0.125,0.125
79,79.0,79.00794838812077,0.125,0.125,0.125,0.125,0.125,0.125,0.125,0.125
80,80.0,80.01639685231902,0.125,0.125,0.125,0.125,0.125,0.125,0.125,0.125
81,81.0,81.02583650157426,0.125,0.125,0.125,0.125,0.125,0.125,0.125,0.125
82,82.0,82.03607382088823,0.125,0.125,0.125,0.125,0.125,0.125,0.125,0.125
83,83.0,83.04692667006194,0.125,0.125,0.125,0.125,0.125,0.125,0.125,0.125
84,84.0,84.05822496761765,0.125,0.125,0.125,0.125,0.125,0.125,0.125,0.125
85,85.0,85.0698111857416,0.125,0.125,0.125,0.125,0.125,0.125,0.125,0.125
86,86.0,86.08154067019575,0.125,0.125,0.125,0.125,0.125,0.125,0.125,0.125
87,87.0,87.09328179950252,0.125,0.125,0.125,0.125,0.125,0.125,0.125,0.125
88,88.0,88.10491599788358,0.125,0.125,0.125,0.125,0.125,0.125,0.125,0.125
89,89.0,89.11633761644771,0.125,0.125,0.125,0.125,0.125,0.125,0.125,0.125
90,90.0,90.13745369699095,0.125,0.125,0.125,0.125,0.125,0.125,0.125,0.125
91,91.0,91.15808363250994,0.125,0.125,0.125,0.125,0.125,0.125,0.125,0.125
92,92.0,92.17806973815195,0.125,0.125,0.125,0.125,0.125,0.125,0.125,0.125
93,93.0,93.19727653584823,0.125,0.125,0.125,0.125,0.125,0.125,0.125,0.125
94,94.0,94.21558988841642,0.125,0.125,0.125,0.125,0.125,0.125,0.125,0.125
95,95.0,95.23291600684361,0.125,0.125,0.125,0.125,0.125,0.125,0.125,0.125
96,96.0,96.24918035335965,0.125,0.125,0.125,0.125,0.125,0.125,0.125,0.125
97,97.0,97.26432646169049,0.125,0.125,0.125,0.125,0.125,0.125,0.125,0.125
98,98.0,98.27831469457134,0.125,0.125,0.125,0.125,0.125,0.125,0.125,0.125
99,99.0,99.30112095721839,0.125,0.125,0.125,0.125,0.125,0.125,0.125,0.125
100,100.0,100.32263538402856,0.125,0.125,0.125,0.125,0.125,0.125,0.125,0.125
101,101.0,101.34277201431743,0.125,0.125,0.125,0.125,0.125,0.125,0.125,0.125
102,102.0,102.36146726143423,0.125,0.125,0.125,0.125,0.125,0.125,0.125,0.125
103,103.0,103.378678311225,0.125,0.125,0.125,0.125,0.125,0.125,0.125,0.125
104,104.0,104.39438147292445,0.125,0.125,0.125,0.125,0.125,0.125,0.125,0.125
105,105.0,105.40857050372472,0.125,0.125,0.125,0.125,0.125,0.125,0.125,0.125
106,106.0,106.4212549264077,0.125,0.125,0.125,0.125,0.125,0.125,0.125,0.125
107,107.0,107.43245835755832,0.125,0.125,0.125,0.125,0.125,0.125,0.125,0.125
108,108.0,108.44221686201828,0.125,0.125,0.125,0.125,0.125,0.125,0.125,0.125
109,109.0,109.45057734741208,0.125,0.125,0.125,0.125,0.125,0.125,0.125,0.125
110,110.0,110.45759601079237,0.125,0.125,0.125,0.125,0.125,0.125,0.125,0.125
111,111.0,111.46333684772671,0.125,0.125,0.125,0.125,0.125,0.125,0.125,0.125
112,112.0,112.46787023249036,0.125,0.125,0.125,0.125,0.125,0.125,0.125,0.125
113,113.0,113.47127157645272,0.125,0.125,0.125,0.125,0.125,0.125,0.125,0.125
114,114.0,114.47362007025433,0.125,0.125,0.125,0.125,0.125,0.125,0.125,0.125
115,115.0,115.47499751397324,0.125,0.125,0.125,0.125,0.125,0.125,0.125,0.125
116,116.0,116.47548723818052,0.125,0.125,0.125,0.125,0.125,0.125,0.125,0.125
117,117.0,117.47517311758526,0.125,0.125,0.125,0.125,0.125,0.125,0.125,0.125
118,118.0,118.47413867787368,0.125,0.125,0.125,0.125,0.125,0.125,0.125,0.125
119,119.0,119.47246629535452,0.125,0.125,0.125,0.125,0.125,0.125,0.125,0.125
120,120.0,120.47023648813375,0.125,0.125,0.125,0.125,0.125,0.125,0.125,0.125
121,121.0,121.4675272967537,0.125,0.125,0.125,0.125,0.125,0.125,0.125,0.125
122,122.0,122.46441375154413,0.125,0.125,0.125,0.125,0.125,0.125,0.125,0.125
123,123.0,123.46096742334008,0.125,0.125,0.125,0.125,0.125,0.125,0.125,0.125
124,124.0,124.45725605372303,0.125,0.125,0.125,0.125,0.125,0.125,0.125,0.125
125,125.0,125.45334326053045,0.125,0.125,0.125,0.125,0.125,0.125,0.125,0.125
126,126.0,126.44928831405181,0.125,0.125,0.125,0.125,0.125,0.125,0.125,0.125
127,127.0,127.44514597908054,0.125,0.125,0.125,0.125,0.125,0.125,0.125,0.125
128,128.0,128.45096641781558,0.125,0.125,0.125,0.125,0.125,0.125,0.125,0.125
129,129.0,129.45669514849894,0.125,0.125,0.125,0.125,0.125,0.125,0.125,0.125
130,130.0,130.46228405462898,0.125,0.125,0.125,0.125,0.125,0.125,0.125,0.125
131,131.0,131.46769122959975,0.125,0.125,0.125,0.125,0.125,0.125,0.125,0.125
132,132.0,132.47288077477742,0.125,0.125,0.125,0.125,0.125,0.125,0.125,0.125
133,133.0,133.47782255768956,0.125,0.125,0.125,0.125,0.125,0.125,0.125,0.125
134,134.0,134.4824919367336,0.125,0.125,0.125,0.125,0.125,0.125,0.125,0.125
135,135.0,135.4868694585059,0.125,0.125,0.125,0.125,0.125,0.125,0.125,0.125
136,136.0,136.49094053351592,0.125,0.125,0.125,0.125,0.125,0.125,0.125,0.125
137,137.0,137.49469509568976,0.125,0.125,0.125,0.125,0.125,0.125,0.125,0.125
138,138.0,138.49812725068935,0.125,0.125,0.125,0.125,0.125,0.125,0.125,0.125
139,139.0,139.50123491768207,0.125,0.125,0.125,0.125,0.125,0.125,0.125,0.125
140,140.0,140.5040194687987,0.125,0.125,0.125,0.125,0.125,0.125,0.125,0.125
141,141.0,141.50648537011568,0.125,0.125,0.125,0.125,0.125,0.125,0.125,0.125
142,142.0,142.5086398275998,0.125,0.125,0.125,0.125,0.125,0.125,0.125,0.125
143,143.0,143.5104924410595,0.125,0.125,0.125,0.125,0.125,0.125,0.125,0.125
144,144.0,144.51205486876265,0.125,0.125,0.125,0.125,0.125,0.125,0.125,0.125
145,145.0,145.51334050500787,0.125,0.125,0.125,0.125,0.125,0.125,0.125,0.125
146,146.0,146.5143641725785,0.125,0.125,0.125,0.125,0.125,0.125,0.125,0.125
147,147.0,147.51514183166626,0.125,0.125,0.125,0.125,0.125,0.125,0.125,0.125
148,148.0,148.51569030652857,0.125,0.125,0.125,0.125,0.125,0.125,0.125,0.125
149,149.0,149.51602703083935,0.125,0.125,0.125,0.125,0.125,0.125,0.125,0.125
150,150.0,150.5161698124107,0.125,0.125,0.125,0.125,0.125,0.125,0.125,0.125
151,151.0,151.51613661770082,0.125,0.125,0.125,0.125,0.125,0.125,0.125,0.125
152,152.0,152.5159453762849,0.125,0.125,0.125,0.125,0.125,0.125,0.125,0.125
153,153.0,153.5156138052477,0.125,0.125,0.125,0.125,0.125,0.125,0.125,0.125
154,154.0,154.51515925326177,0.125,0.125,0.125,0.125,0.125,0.125,0.125,0.125
155,155.0,155.51459856394183,0.125,0.125,0.125,0.125,0.125,0.125,0.125,0.125
156,156.0,156.51394795791444,0.125,0.125,0.125,0.125,0.125,0.125,0.125,0.125
157,157.0,157.51322293291065,0.125,0.125,0.125,0.125,0.125,0.125,0.125,0.125
158,158.0,158.51243818107812,0.125,0.125,0.125,0.125,0.125,0.125,0.125,0.125
159,159.0,159.51160752261805,0.125,0.125,0.125,0.125,0.125,0.125,0.125,0.125
160,160.0,160.51074385477784,0.125,0.125,0.125,0.125,0.125,0.125,0.125,0.125
161,161.0,161.5098591151739,0.125,0.125,0.125,0.125,0.125,0.125,0.125,0.125
162,162.0,162.50896425837857,0.125,0.125,0.125,0.125,0.125,0.125,0.125,0.125
163,163.0,163.50806924467898,0.125,0.125,0.125,0.125,0.125,0.125,0.125,0.125
164,164.0,164.50718303990257,0.125,0.125,0.125,0.125,0.125,0.125,0.125,0.125
165,165.0,165.5063136252048,0.125,0.125,0.125,0.125,0.125,0.125,0.125,0.125
166,166.0,166.50546801572474,0.125,0.125,0.125,0.125,0.125,0.125,0.125,0.125
167,167.0,167.50465228703544,0.125,0.125,0.125,0.125,0.125,0.125,0.125,0.125
168,168.0,168.50387160834472,0.125,0.125,0.125,0.125,0.125,0.125,0.125,0.125
169,169.0,169.5031302814396,0.125,0.125,0.125,0.125,0.125,0.125,0.125,0.125
170,170.0,170.50243178441065,0.125,0.125,0.125,0.125,0.125,0.125,0.125,0.125
171,171.0,171.50177881924049,0.125,0.125,0.125,0.125,0.125,0.125,0.125,0.125
172,172.0,172.5011733623949,0.125,0.125,0.125,0.125,0.125,0.125,0.125,0.125
173,173.0,173.50061671760992,0.125,0.125,0.125,0.125,0.125,0.125,0.125,0.125
174,174.0,174.50010957012734,0.125,0.125,0.125,0.125,0.125,0.125,0.125,0.125
175,175.0,175.49965204169175,0.125,0.125,0.125,0.125,0.125,0.125,0.125,0.125
176,176.0,176.4992437456828,0.125,0.125,0.125,0.125,0.125,0.125,0.125,0.125
177,177.0,177.49888384181793,0.125,0.125,0.125,0.125,0.125,0.125,0.125,0.125
178,178.0,178.49857108992134,0.125,0.125,0.125,0.125,0.125,0.125,0.125,0.125
179,179.0,179.49830390231523,0.125,0.125,0.125,0.125,0.125,0.125,0.125,0.125
180,180.0,180.49808039444656,0.125,0.125,0.125,0.125,0.125,0.125,0.125,0.125
181,181.0,181.4978984334203,0.125,0.125,0.125,0.125,0.125,0.125,0.125,0.125
182,182.0,182.49775568416246,0.125,0.125,0.125,0.125,0.125,0.125,0.125,0.125
183,183.0,183.49764965298877,0.125,0.125,0.125,0.125,0.125,0.125,0.125,0.125
184,184.0,184.49757772840255,0.125,0.125,0.125,0.125,0.125,0.125,0.125,0.125
185,185.0,185.49753721899094,0.125,0.125,0.125,0.125,0.125,0.125,0.125,0.125
186,186.0,186.4975253883306,0.125,0.125,0.125,0.125,0.125,0.125,0.125,0.125
187,187.0,187.49753948685296,0.125,0.125,0.125,0.125,0.125,0.125,0.125,0.125
188,188.0,188.49757678065458,0.125,0.125,0.125,0.125,0.125,0.125,0.125,0.125
189,189.0,189.49763457726948,0.125,0.125,0.125,0.125,0.125,0.125,0.125,0.125
190,190.0,190.4977102484502,0.125,0.125,0.125,0.125,0.125,0.125,0.125,0.125
191,191.0,191.49780125002837,0.125,0.125,0.125,0.125,0.125,0.125,0.125,0.125
192,192.0,192.49790513894843,0.125,0.125,0.125,0.125,0.125,0.125,0.125,0.125
193,193.0,193.49801958758698,0.125,0.125,0.125,0.125,0.125,0.125,0.125,0.125
194,194.0,194.49814239548584,0.125,0.125,0.125,0.125,0.125,0.125,0.125,0.125
195,195.0,195.49827149863995,0.125,0.125,0.125,0.125,0.125,0.125,0.125,0.125
196,196.0,196.49840497649222,0.125,0.125,0.125,0.125,0.125,0.125,0.125,0.125
197,197.0,197.49854105679435,0.125,0.125,0.125,0.125,0.125,0.125,0.125,0.125
198,198.0,198.49867811849833,0.12465909090909091,0.12465909090909091,0.12465909090909091,0.12465909090909091,0.12465909090909091,0.12465909090909091,0.12738636363636363,0.12465909090909091
199,199.0,199.49881469284696,0.12424583333333333,0.12507916666666666,0.12424583333333333,0.12424583333333333,0.12424583333333333,0.12424583333333333,0.12944583333333332,0.12424583333333333
200,200.0,200.49894946283223,0.12328422095959596,0.12494255429292929,0.12328422095959596,0.12439533207070708,0.12328422095959596,0.12328422095959596,0.1320187866161616,0.1255064431818182
201,201.0,201.49908126119067,0.12233870539141414,0.12480628872474749,0.12233870539141414,0.12454981650252527,0.12233870539141414,0.12233870539141414,0.13452814559343432,0.1267609276136364
202,202.0,202.49920906710133,0.12230602099280304,0.12456058682613637,0.12130602099280303,0.12459613210391415,0.12130602099280303,0.12130602099280303,0.1367329538837121,0.12788624321502529
203,203.0,203.49933200174993,0.12186339330897349,0.12397794015821592,0.1199643023998826,0.1252128144200846,0.1210754135109937,0.1199643023998826,0.13940980029097344,0.1285320335109937
204,204.0,204.49944932291618,0.1213337681978109,0.12329357673530333,0.11855357728872001,0.126714185208922,0.12065357728872,0.11855357728872001,0.14186223779197266,0.12903550019983112
205,205.0,205.49956041873665,0.12064932347134202,0.12335178459439969,0.11701303538043295,0.12681292353143292,0.11999112628952385,0.11701303538043295,0.14593565764980074,0.12923311370263496
206,206.0,206.4996648007877,0.12073339563937226,0.12308479523578382,0.11527207387482682,0.12738870929142893,0.11902581720816015,0.11527207387482682,0.15016258096555002,0.12906055391005125
207,207.0,207.49976209662577,0.12056493564741477,0.1225642784612933,0.11340054527909055,0.1275346999341816,0.11783406913013948,0.11340054527909055,0.15456942079430352,0.13013150547448632
208,208.0,208.49985204191375,0.12031273945324603,0.12189721575668408,0.1115038979118708,0.12815405342662609,0.11652686701233134,0.1115038979118708,0.15920850270085893,0.13089282582651202
209,209.0,209.4999344722538,0.11991077956210579,0.12114156237864414,0.10959078961116764,0.13000825826388712,0.11516545831652256,0.10959078961116764,0.16318420433236314,0.1314081579241421
210,210.0,210.5000093148373,0.11938473692428757,0.1203176716572347,0.10768593528227416,0.13291233854516168,0.11377281551640905,0.10768593528227416,0.16653730083920038,0.13170326595315845
211,211.0,211.5000765800141,0.11788868133973845,0.11952755678345736,0.10689450862074885,0.13575026042873017,0.11245293899987296,0.10589450862074887,0.16963237341712062,0.13195917178958286
212,212.0,212.50013635287308,0.11638695561135799,0.11934716989271524,0.10616546207885115,0.13830978434505134,0.11111651280848382,0.10417546207885117,0.17241665468561732,0.13208199849907215
213,213.0,213.5001887849174,0.1148059983525498,0.11911867258782512,0.10645832149939298,0.14046381311499204,0.1097798867038537,0.10316388816605968,0.17419779272765373,0.13201162684767317
214,214.0,214.50023408590812,0.11325566507139104,0.11889242652283988,0.10681123333151415,0.1429595655826711,0.10849971257794219,0.10224242099818084,0.17552681289441913,0.13181216302104193
215,215.0,215.5002725159407,0.11166523536821904,0.11862897436637623,0.10717316854769286,0.14504252141676138,0.10724165230609387,0.10132810323769288,0.176936668763517,0.131983675993647
216,216.0,216.5003043778106,0.11013185134625972,0.11757783078568854,0.10761609832723679,0.14731182947450905,0.10609256797549611,0.10050659128545444,0.1786993849796417,0.13206384582571395
217,217.0,217.50033000971544,0.10862146166341996,0.1165341872480826,0.1080834048050905,0.14919323935271128,0.10500896372440638,0.10039980573263821,0.18007096882002,0.1320879686536314
218,218.0,218.5003497783326,0.107081738589388,0.11583528313563128,0.1085026730547923,0.1511591273799072,0.10388815672886592,0.10075685872440894,0.18089315386741903,0.13188300851958767
219,219.0,219.50036407230476,0.10556829624380695,0.11511570064651071,0.1089117977664439,0.15323030460984322,0.10281985888305875,0.10110257942617379,0.18170340490390943,0.13154805752025356
220,220.0,220.51037329615664,0.1040761061643193,0.1143132450513098,0.10929029254704878,0.15485143803359358,0.10175532804490223,0.10196845432189953,0.18264140423190153,0.1311037316050256
221,221.0,221.52027786466178,0.10265062035997179,0.1135432764722545,0.10967030722698322,0.15663692039196256,0.10077079284238466,0.10282992459846584,0.1832667865629606,0.13063137154501722
222,222.0,222.52998919766978,0.10163812079564358,0.11269468029969433,0.10995208692153827,0.1579473424497416,0.09977229631599063,0.10358244861430774,0.18442961153330376,0.12998341306978048
223,223.0,223.53942950540028,0.10068332317103927,0.1118872308146527,0.11022827633098878,0.1589719149755687,0.09885685856205421,0.10431437599249342,0.18573512586513574,0.12932289428806754
224,224.0,224.54853148730373,0.0997248157478082,0.111060422960285,0.11043220770680756,0.1600623384013942,0.09796086319792588,0.1057244883716131,0.18644165207876642,0.1285932115354
225,225.0,225.5572379561438,0.09870996699854474,0.11018240514718593,0.1105072491878682,0.16084066412793546,0.0970295075875347,0.10697597085397387,0.18885727878283032,0.1268969573141271
226,226.0,226.56550139853843,0.09774081355503357,0.1093165808747315,0.11055259108132243,0.16163475111946188,0.09616269304409739,0.10738919484688604,0.19202351314412133,0.12517986233434616
227,227.0,227.5732834827082,0.09670981592803829,0.10835821215853539,0.11045890243471405,0.16197250751481088,0.09625078611407065,0.10762350015857676,0.19527727094259487,0.12334900474865938
228,228.0,228.5805545236339,0.09560268718705558,0.10731248117090052,0.1109253485957419,0.16318208031694006,0.09617654570744535,0.10766365427892963,0.19771678930870618,0.12142041343428103
229,229.0,229.5872929152307,0.0945681489350692,0.10632943967108466,0.11137925270141244,0.1644850787418298,0.09616962398000332,0.10765870799005003,0.19985574208108925,0.11955400589946157
230,230.0,230.59348453851553,0.09360806392394183,0.10541224126471821,0.11181692205561886,0.165866879594086,0.0962229504205148,0.1076119972139925,0.20169912554612057,0.11776181998100746
231,231.0,231.5991221540867,0.09264762042652191,0.10407064615828925,0.1121594426384015,0.16716193076125688,0.09617804857045774,0.10745119825405847,0.20393625194944512,0.11639486124156938
232,232.0,232.60420478655988,0.0916826799648519,0.10272252544395633,0.11239991959216294,0.16839529678214032,0.09603628500255686,0.1071755491566739,0.20658478536926317,0.1150029586883948
233,233.0,233.60873710792015,0.09073991910662448,0.1021136559279874,0.1125635098343162,0.16927623794356697,0.09582886810107132,0.10710998654026754,0.2087179394937287,0.11364988305243763
234,234.0,234.6127288260652,0.08982723308899856,0.10148717452609088,0.11265771566446187,0.16971559898663285,0.0955677184010672,0.10736173372812902,0.21103609367542286,0.112346731929197
235,235.0,235.6161940841351,0.08893542670071686,0.10146273009514836,0.11267396584357868,0.16976866754767836,0.09524744353366635,0.10750546958246848,0.2133500891707993,0.11105620752594386
236,236.0,236.6191508755566,0.08798269335659105,0.10136745599696652,0.11253198604957096,0.16974404923480213,0.09482675137887504,0.10747540269543956,0.21523081283964698,0.11084084844810803
237,237.0,237.62162047908043,0.08696071041232335,0.10111262709171626,0.11222578764192111,0.16933478411399921,0.09425989444532777,0.10826491571794923,0.2173803313697185,0.11046094920704488
238,238.0,238.62362691746108,0.08601867139162524,0.10091566535469276,0.11190759620101745,0.16900081873907127,0.09373298775047734,0.10901585776272665,0.2192388982539542,0.1101695045464354
239,239.0,239.62519644282906,0.08503340131712656,0.1005834679979319,0.11292251319785336,0.1685894540052224,0.09309069938745294,0.1095087290590517,0.22052598688281771,0.1097457481525437
240,240.0,240.62635705123196,0.08411837386770224,0.10022098396543447,0.11386741644563425,0.16806201336705714,0.09243892181653766,0.10995129325414363,0.22196427092782436,0.10937672635566655
241,241.0,241.62713802828222,0.08318166479665469,0.0997530116283659,0.11458224557429707,0.16749986514807017,0.09170326659749656,0.11016825002075727,0.22337531969944488,0.10973637653491382
242,242.0,242.62756952734463,0.08233395895565328,0.09929431730488639,0.11525070460026436,0.16649287339481877,0.0909991411249482,0.11085524431324335,0.22454345254212218,0.11023030776406378
243,243.0,243.62768218122739,0.08148073605876589,0.09875465145054961,0.11571295114333773,0.1654887931649965,0.09100597221209383,0.11132082962886299,0.2256752869373458,0.11056077940404793
244,244.0,244.6275067479096,0.08064849513304094,0.0981543915393284,0.11599489722783608,0.1643799553796637,0.09162679484783859,0.11204213702841545,0.2263995533259173,0.1107537755179598
245,245.0,245.62707379044448,0.07966002341977092,0.09755406198318146,0.11620999577614471,0.16346927409968187,0.09224938684548072,0.11267520327702968,0.22721291863385593,0.110969135964855
246,246.0,246.62641339082143,0.07875731383908853,0.09697141661540794,0.11566060073419947,0.16250276904692593,0.09287945124093974,0.11323652510580093,0.22830597000699163,0.1116859534106461
247,247.0,247.62555489725247,0.077923541042302,0.09639276164285372,0.11505414534169245,0.16164605056905826,0.09349257293786949,0.11369272666056152,0.22939218346538073,0.11240601834028208
248,248.0,248.62452670406788,0.07715917929193286,0.09582200253119691,0.11440131700347823,0.16068536928811772,0.09408323180502692,0.11404741951865256,0.2306803595292407,0.11312112103235429
249,249.0,249.62335606316108,0.07674968334452223,0.09554827304914354,0.11571840095600586,0.1596977839937772,0.09493239030080394,0.11459059082239714,0.2286532410851587,0.11410963644819161
250,250.0,250.62206892571334,0.0763874526472402,0.09526784739038582,0.11729714994074802,0.15878159888441798,0.09572935724824401,0.1150022754982878,0.2265302671756098,0.1150040512150666
251,251.0,251.62068981275323,0.07609824639575889,0.0950334926695568,0.1188397789814084,0.15801647479825207,0.0965095916292391,0.11535631593361771,0.224265229545792,0.1158808700463753
252,252.0,252.6192417129616,0.07587714400393143,0.09484269023803105,0.12033421867994776,0.15720133442484222,0.09655242354029721,0.11530908815371949,0.22280544412770378,0.11707765683152736
253,253.0,253.6177460060195,0.0757190499112313,0.09469274479195383,0.1217700954743531,0.15634337641489424,0.09657377395291891,0.1154066221199149,0.22125448335427306,0.118239853980461
254,254.0,254.61622240971144,0.07564514610907769,0.094584224789199,0.1231799403769305,0.1557326258071547,0.09659022646765315,0.11595957420598776,0.2188206784402209,0.1194875838037766
255,255.0,255.61468894893707,0.07557682023706411,0.09535165048587402,0.12426483572824915,0.1550290767481789,0.0958167151867627,0.11645659174029474,0.2175372129724802,0.11996709690109648
256,256.0,256.6131619447508,0.07555269337210227,0.09611599479415783,0.12569903290537401,0.1543622458124901,0.09501765552855299,0.11689673664558453,0.21597698775120794,0.1203786531905306
257,257.0,257.6116560215356,0.07554143879976662,0.09684547415488548,0.1269601948982415,0.15389072552750246,0.09417954178874134,0.11720374166501835,0.21473729005201753,0.12064159311382702
258,258.0,258.6101841304266,0.07555488891364001,0.09748743057102724,0.12707509056505378,0.15345640272921812,0.09333304566319289,0.11811372828551674,0.2141944645848287,0.12078494868752279
259,259.0,259.6087575871242,0.075376325732791,0.09781633770384476,0.1276223066556809,0.15264277738864962,0.09226444468459347,0.11821084551628458,0.21503412908393107,0.12103283323422485
260,260.0,260.60738612228084,0.07516224606245003,0.09801451128778796,0.12858823992725568,0.15177790342073816,0.09115016658235825,0.11817784304982273,0.21561748773051598,0.12151160193907143
261,261.0,261.606077942699,0.07488807752452666,0.09806797662336021,0.12924025701743058,0.15080382422573216,0.08968490638243826,0.11792066806116747,0.21757925856188368,0.12181503160346119
262,262.0,262.6048398016483,0.07464058507873153,0.09809170438675391,0.12878997816386908,0.14986907544984196,0.08825810486349701,0.11861801148774423,0.21967083801156817,0.12206170255799428
263,263.0,263.60367707668627,0.07441270905108988,0.09808406385612692,0.12824776854805442,0.1495666956794802,0.0868765639366529,0.11942903875064886,0.2208545521547578,0.12252860802318924
264,264.0,264.6025938534535,0.07420398040138183,0.09804696356093552,0.12762693863711794,0.14940575835739994,0.08554899754744184,0.12016864100430516,0.22206811256048495,0.12293060793093297
265,265.0,265.60159301400955,0.07401380555050328,0.09798244836974246,0.12694028664883564,0.14964238779489988,0.0842827230327004,0.12083462196245442,0.22303482591381651,0.12326890072704755
266,266.0,266.60067632836984,0.07384823211579869,0.09791290839336936,0.12622026478013443,0.15002322055850706,0.08309047514347838,0.12143928655324175,0.22390013479142618,0.1235654776640443
267,267.0,267.5998445480104,0.07370606605430709,0.09783934669225264,0.1254772154198979,0.15053626215902474,0.08197657887827073,0.12198155086042356,0.22466163019520374,0.12382134974061972
268,268.0,268.5990975002069,0.0735792609158839,0.09774246827334226,0.1247004390283464,0.15114224650523606,0.08093740053144573,0.1224475977873006,0.22543299101893055,0.12401759593951461
269,269.0,269.5984341821816,0.07337593201227026,0.09753346726869322,0.12462715156679526,0.15173948365270856,0.0798844285345525,0.12265678513345123,0.22611664176893448,0.1240661100625946
270,270.0,270.59785285413705,0.07318689391950012,0.0973062986675584,0.12453202610112882,0.1524091558689624,0.07891088135361211,0.12279460386331112,0.22679830732908424,0.1240618328968429
271,271.0,271.59735113035555,0.07293617894307873,0.09698815914042211,0.12418979075972456,0.15290967012546594,0.07794229899576527,0.12354693597333839,0.2275537714945805,0.12393319456762458
272,272.0,272.59692606764867,0.0727047974073074,0.09666080928302248,0.12383442462780052,0.15338907285148598,0.07705797414559593,0.1242439420624743,0.22834557993986834,0.12376339968244511
273,273.0,273.596574250536,0.07242872519581844,0.09626343499218377,0.12327758068274672,0.15362312051447677,0.07619391971317764,0.12484752293249325,0.22987244275812715,0.12349325321097633
274,274.0,274.5962918726292,0.07216778307966855,0.09586142001365304,0.12271476732020606,0.1539128816849761,0.07541174402858339,0.12537602302857762,0.2313654815082787,0.12318989933605662
275,275.0,275.5960748137868,0.07192710893023331,0.0954605556375364,0.12215351668710428,0.15417518785490475,0.07471295897208623,0.12584623873127138,0.2328634337785319,0.1228609994083319
276,276.0,276.5959187126908,0.07170680517152155,0.09506390288491146,0.12159845245438633,0.15440905137936417,0.07409593581062734,0.12625874128125852,0.23435554654801305,0.12251156446991773
277,277.0,277.5958190345774,0.07124421457134206,0.09556549042029035,0.12094498992367604,0.15442105675970463,0.07344969150945768,0.12652035315647053,0.23592768909956774,0.12192651455949116
278,278.0,278.59577113392965,0.07162000542981631,0.09588330583307399,0.12021324013454393,0.1543965997712514,0.07278787188798047,0.12662014238292127,0.2373307453935001,0.12114808916691276
279,279.0,279.59577031200735,0.07186061126411301,0.09604606754893127,0.11942580807220013,0.154471053726358,0.07212662163999949,0.12659398796597054,0.2384255869872337,0.12105026279519406
280,280.0,280.59581186915716,0.07211326005543094,0.09620327265904081,0.11866357380505196,0.15451705084371298,0.07154043004958704,0.12652243143383046,0.2394884080087352,0.12095157314461083
281,281.0,281.59589115190045,0.07224577456464949,0.0962249756627707,0.11786681335024833,0.1544716676353146,0.0709633092754877,0.12634614334463848,0.24045202363231288,0.12142929253457797
282,282.0,282.59600359485046,0.07227410279851462,0.09612929990061722,0.11704898983825117,0.15506035502352372,0.07040263591469209,0.12607963742400638,0.2413236915678641,0.12168128753253088
283,283.0,283.59614475755694,0.07255705274334849,0.09627715573236445,0.11568581965269013,0.15570260352584606,0.07082826071781938,0.12561692748151707,0.2405741193609145,0.12275806078550011
284,284.0,284.5963103564172,0.07283877937699593,0.09641471339013699,0.11436747111260936,0.15638977687870637,0.07130974426883606,0.12511549930390628,0.23975064698352277,0.12381336868528647
285,285.0,285.59649629182724,0.07322609790583881,0.09665070435592138,0.11315677772508337,0.15630639383627093,0.07189125094409765,0.12463760652445666,0.23907339666906421,0.12505777203926727
286,286.0,286.59669867077804,0.07349541436246064,0.0967633422883338,0.11194989341220278,0.15620970231059988,0.07245219737621413,0.12407974001082038,0.23829388156631565,0.12675582867305302
287,287.0,287.59691382512597,0.07365913766839965,0.0967667274812385,0.11075956597765152,0.15596333321757164,0.07299050050222972,0.12412247236916416,0.23757699190838177,0.12816127087536333
288,288.0,288.59713832578785,0.07381155201194135,0.09675671357367238,0.10963814808210018,0.15576440881878298,0.07354554658491379,0.12414670799865349,0.2368340836170269,0.12950283931290923
289,289.0,289.59736899312566,0.07395192060964739,0.09673400744282488,0.10858922977867101,0.15547370859145299,0.07410976733153,0.12481929021807359,0.23621597018860868,0.1301061058391918
290,290.0,290.5976029037984,0.07399833201442631,0.09661801330152305,0.10773955931327267,0.15512227053276245,0.07463655739918766,0.1253559548674636,0.2354308699954331,0.13109844257593153
291,291.0,291.59783739436597,0.07396169125461809,0.09701434664222493,0.10693632378491383,0.15480509189926406,0.07512563008408349,0.1257583577017369,0.23455844216020877,0.1318401164729503
292,292.0,292.5980700619331,0.07391596288459919,0.09739840434163918,0.10620718443925306,0.154476645406753,0.07560807109267025,0.12614220131630907,0.23374348401462236,0.13250804650415426
293,293.0,293.59829876212416,0.07386042989100532,0.09717689409356424,0.1055493985816921,0.15407384939005717,0.07607763612440745,0.12662881044460816,0.23294426242395397,0.13368871905071195
294,294.0,294.5985216046749,0.07380064454236249,0.09695062433109909,0.10497333764062547,0.15367961900593852,0.07653493360289522,0.12709634936904632,0.23216622536595324,0.13479826614208
295,295.0,295.5987369469238,0.07373514976893188,0.09671489322711692,0.10446666909889375,0.15328463920132973,0.07697413714994349,0.12753708940330497,0.23146215777380647,0.13582526437667317
296,296.0,296.5989433854786,0.07307491329727747,0.09647063795068442,0.10402498242255924,0.15341552067574454,0.07739064125369427,0.1279341502995882,0.23092382171875397,0.13676533238169822
297,297.0,297.5991397463231,0.07238244039509892,0.09615515562011859,0.10361271063792275,0.15341800821407456,0.07774956778589463,0.12818846904793504,0.23051704704927933,0.13797660124967653
298,298.0,298.5993250736199,0.07292776414752825,0.09606769320575423,0.10295196759403527,0.15373829848368423,0.07831296995143547,0.12709093051118672,0.22958392140030384,0.13932645470607236
299,299.0,299.5994986174508,0.07347366984409902,0.09542246671775954,0.10235036253541721,0.15399184913219294,0.07884678435784596,0.125963260659786,0.22881681650666394,0.14113479024623576
300,300.0,300.5996598207241,0.07398511753116795,0.09475187038558396,0.10177800740106924,0.15424714168259795,0.07931910893471159,0.12473070175760408,0.2280585730167702,0.1431294792904954
301,301.0,301.59980830546294,0.07446016194978193,0.09406456610432082,0.10173696746245434,0.15383909156917291,0.0797310928361856,0.12341476904332205,0.2279819924894102,0.14477135854535256
302,302.0,302.5999438586732,0.07467381238870562,0.09323582877191121,0.1014763853264891,0.15471063329724374,0.08003501212114011,0.12190273638123823,0.22818723962878612,0.14577835208448625
303,303.0,303.6000664179757,0.07472085704948245,0.09235252313601192,0.10111259896463294,0.1554784584469272,0.08022681555040406,0.1203359365064659,0.22834973582801843,0.1474230745180575
304,304.0,304.6001760571682,0.07460524641458298,0.09141233613223779,0.10062525592029589,0.15679699824582602,0.08030086666132713,0.11868548539099945,0.2284978257362548,0.1490759854984764
305,305.0,305.6002729718698,0.07417275519924475,0.09025938825152195,0.09915050731713669,0.1584582058356957,0.08045094885835069,0.11698157760123659,0.22943571761018997,0.15109089932662412
306,306.0,306.60035746538256,0.07371649575645275,0.08975913389370295,0.09773211561229966,0.16011295161595382,0.07993393856635221,0.11531543372629813,0.23048413151653302,0.15294579931240793
307,307.0,307.6004299348902,0.07326021051836216,0.08930560926505114,0.0963841538524941,0.16178137759040648,0.07939526477614017,0.11371876142954652,0.23149122306619513,0.15466339950180474
308,308.0,308.60049085809817,0.07205730255067366,0.08882503528112962,0.09507618200889055,0.16412787811414137,0.07898093057396291,0.11198748140542097,0.23230063637455814,0.1566445536912232
309,309.0,309.60054078040434,0.0707551359134353,0.0882431466785908,0.09368146059676216,0.1669229170637455,0.07895481835987203,0.11061754845548347,0.2328623728232021,0.15796260010890906
310,310.0,310.60058030267584,0.06946403172757923,0.08769267915763251,0.09236994664389361,0.16958314951433798,0.07890879773229245,0.10933150948507155,0.23353948347297432,0.15911040226621878
311,311.0,311.60061006969346,0.06819606019141713,0.08717626068689761,0.09114747921686019,0.1719095244682775,0.07901388093361539,0.10814414104817067,0.23431946593908967,0.16009318751567225
312,312.0,312.60063075931237,0.06697583930557527,0.08670990209630514,0.08938383863316827,0.17430684602787921,0.07911289073982994,0.10727090727312838,0.23512730486069705,0.16111247106341708
313,313.0,313.6006430723763,0.06573488961162269,0.08621735438148942,0.0876411920712299,0.17640832836906864,0.07908916200125765,0.10636881061700956,0.23643151746675012,0.16210874548157236
314,314.0,314.60064772341,0.06450224974563057,0.08572071819034155,0.0859664490829018,0.17805645266114653,0.07896909685197707,0.1056619734028769,0.23765768221309316,0.16346537785203272
315,315.0,315.60064543210626,0.06364836139014149,0.08558431499908492,0.08526810594133272,0.17966980212638464,0.07912414485216428,0.1050601945419116,0.2361239082001024,0.16552116794887828
316,316.0,316.6006369156119,0.06280514544111923,0.08543474270310214,0.08458782568844196,0.18105009752477838,0.07971298915842748,0.10432609883929493,0.23456887249551703,0.16751422814931916
317,317.0,317.60062288161083,0.06200351051267081,0.08529835763108914,0.08398073562539907,0.1823204993213609,0.08037744805201867,0.10397031575767507,0.23290774479214715,0.16914138830763947
318,318.0,318.60060402219375,0.06126072645435423,0.08554575937084284,0.08345020062738197,0.1834182710762587,0.0810133071149598,0.10363578456541625,0.23123856966098486,0.17043738112980167
319,319.0,319.60058100849636,0.06057792551070826,0.08580194087239329,0.08299304951980585,0.18423259798826136,0.08161665723065527,0.10332167284034896,0.22969471215685724,0.17176144388097006
320,320.0,320.6005544860838,0.059661820576964814,0.08607662734046895,0.08261035641130197,0.18507632260607793,0.0821982912976275,0.1033790085598301,0.22820665145291422,0.17279092175481478
321,321.0,321.60052507105166,0.05866860547530021,0.08621159285005672,0.08215326547776002,0.1851676079540432,0.08312498658439521,0.1044033648493251,0.22656824216121813,0.17370233464790172
322,322.0,322.60049334681224,0.057640692568695556,0.08625390645643673,0.08166823402554635,0.18502877158428468,0.08390646077461447,0.10525705859134485,0.22503041673805307,0.17521445926102455
323,323.0,323.60045986152863,0.05658151702131652,0.08618735381864827,0.08114717403515664,0.18452090508500904,0.08453444548598156,0.10603918418329787,0.22385152127003632,0.17713789910055405
324,324.0,324.60042512615803,0.055517545785742736,0.08604003470838574,0.08060705497282045,0.18377994310832785,0.08503234222629366,0.10663009212317004,0.22355036351810204,0.17884262355715777
325,325.0,325.600389613063,0.054464763017119264,0.08582597390927027,0.08005965888162687,0.18288339951623583,0.08541539679640171,0.10705704287286207,0.22317142514268407,0.18112233986380016
326,326.0,326.6003537551468,0.0544841345846815,0.08490237473774331,0.07950973076370021,0.1806159511516424,0.0856282686722779,0.10739605626661221,0.22436499108154365,0.18309849274179907
327,327.0,327.60031794547075,0.054474111498571794,0.08391373722888319,0.0789421939901295,0.17805790120321466,0.08614478429050654,0.10741960195450864,0.22560484210524168,0.18544282772894424
328,328.0,328.60028253730763,0.05496249775605316,0.08293229358678211,0.07842032678948513,0.17538035959760356,0.08650157669795974,0.10742551394413982,0.2268267569948232,0.18755067463315353
329,329.0,329.6002478445877,0.05531567245629557,0.08194690076594709,0.0779245427812428,0.17268752710705979,0.0867765264821167,0.10746344020837967,0.2279798340243278,0.1899055561746308
330,330.0,330.60021414269397,0.05595171745576395,0.08154320967966396,0.07745340394001868,0.16997241371634975,0.0869622351805519,0.10724450405496105,0.2290269754951255,0.19184554047756544
