,Unnamed: 0,Generation,Intertwine_two,Add_vertex,Delete_vertex,Invert_path_vertices,Insert_inside_vertex,Delete_inside_vertex,Replace_inside_vertex,Donate_between_routes,Merge_terminals,Trim_one_terminal_cb,Trim_one_path_random_cb,Grow_one_terminal_cb,Grow_one_path_random_cb
0,0.0,0.0,0.07692307692307689,0.07692307692307689,0.07692307692307689,0.07692307692307689,0.07692307692307689,0.07692307692307689,0.07692307692307689,0.07692307692307689,0.07692307692307689,0.07692307692307689,0.07692307692307689,0.07692307692307689,0.07692307692307689
1,1.0,1.0,0.07752327717583052,0.07746375803114179,0.07610009431897302,0.07921162147757083,0.07691302442106325,0.07866990108145548,0.07847659354000681,0.07757974882815522,0.07134458926400304,0.07723676445415464,0.07678700609298131,0.07662916588263753,0.0760644554320259
2,2.0,2.0,0.0781417012389792,0.07664419221483446,0.07700292907701922,0.07826806571952713,0.07734699590546104,0.07735500376251597,0.07688191748500234,0.07614358722030576,0.07166791099365104,0.07926812102266785,0.07716074194189396,0.07783870243757689,0.07628013098056446
3,3.0,3.0,0.07674574332482366,0.07707333331590561,0.07575887350877823,0.07987506657043449,0.0749205232285356,0.07815439881999438,0.07762744574761883,0.07718042047010606,0.07160294055408846,0.07890783477018436,0.07598763585462,0.07930527731592314,0.07686050651898663
4,4.0,4.0,0.07729626648699149,0.07739345733056667,0.0764988895174461,0.07870555619579661,0.07655070979479009,0.07795287089163025,0.07777406560523384,0.07701866044979506,0.0715605769165785,0.07834949036476299,0.07693028629496346,0.07881438628975426,0.07515478386169007
5,5.0,5.0,0.07659815868606437,0.07736398474478764,0.07650895491258958,0.07708627609165161,0.07529533639530478,0.07886551554375679,0.07929406226526109,0.0766554103228449,0.07139373774830342,0.07827789383219497,0.07684052267328352,0.07933821686328141,0.07648192992067529
6,6.0,6.0,0.0756683979545095,0.07652941456240406,0.0772500036599021,0.0771982699705134,0.07772649765710954,0.07898960305521614,0.07812848145552062,0.07640735320596133,0.07127453621157596,0.07979491242948394,0.07565179464746595,0.07874601985369889,0.07663471533663806
7,7.0,7.0,0.07828164284769791,0.07569644864967631,0.07596091382959146,0.07781113043273767,0.07776567187251529,0.07826103116042654,0.07836466384419939,0.07658936046469955,0.07125156400046248,0.07927735424563039,0.07591291132699383,0.07862970795704341,0.07619759936832518
8,8.0,8.0,0.07752886592269044,0.07836109855467017,0.07746246856245874,0.07715251837026602,0.07618129624694907,0.07931676613365102,0.0771604948330302,0.07654499376621957,0.0716128424894368,0.07886049970852861,0.07628502251284738,0.07696528857049292,0.07656784432875849
9,9.0,9.0,0.0789518912366239,0.07898297560484845,0.07578486716674235,0.07725885618901343,0.07545045659946546,0.07934360236866159,0.07629909814453714,0.07686334868389715,0.07085925021893144,0.07923591052025396,0.07617203622433674,0.07908794926179799,0.07570975778088995
10,10.0,10.0,0.07670287503494985,0.07919081181273804,0.07540885140177118,0.07729093292102242,0.0766077123228408,0.07969165683485427,0.07804970539537337,0.07624427703985874,0.07134688525678148,0.0807372968351066,0.07556952368246002,0.07826276760694827,0.07489670385529443
11,11.0,11.0,0.07700108196197385,0.07795920455177921,0.07628019892471866,0.07788107591886294,0.0757116215726935,0.08039656036589603,0.07709321660797715,0.07579314297293901,0.07109549922814708,0.0799569511071688,0.07601522852277684,0.07964542083643929,0.07517079742862715
12,12.0,12.0,0.07733592668125933,0.07791153206508326,0.07770928300628593,0.07818520465102927,0.07516591858535836,0.07883407954511976,0.07598154987888277,0.07536747704683376,0.07179769886797863,0.08154196791118963,0.07494654533313302,0.07998473695099828,0.07523807947684738
13,13.0,13.0,0.07655801371247067,0.07711727297267144,0.07623564377970711,0.07768103993037767,0.07519659096816601,0.07936020366466064,0.07688257051462487,0.07670905816475518,0.0714329648526764,0.08140593717135798,0.0754132108564293,0.08028837912494632,0.0757191142871558
14,14.0,14.0,0.07720280314159059,0.07576621994291038,0.07679465258212649,0.07694551370882953,0.07555377230992488,0.08043132472911187,0.07690935301628553,0.0762738732282505,0.07219999761311267,0.08096556925434341,0.07631826968261943,0.07964174682799559,0.07499690396289865
15,15.0,15.0,0.0764172815951747,0.07726293614856167,0.07580312136421581,0.07548697663057395,0.07654385920874704,0.08102800450867872,0.07623328272853915,0.07603055659678194,0.07250755382510943,0.08130939195374612,0.07632616618850499,0.07893497536201585,0.07611589388935006
16,16.0,16.0,0.07667592850840435,0.07754037060943078,0.07593247565311287,0.07725011240466516,0.07509353218985135,0.08120247420039223,0.07681227041420603,0.07597863410187869,0.07165131522564464,0.08065595886577216,0.0760100028457488,0.07901131325069638,0.07618561173019597
17,17.0,17.0,0.07611642960921601,0.0793973147841515,0.07614535678843001,0.07676245750635982,0.07423226517187212,0.07987674302615984,0.07823660161505168,0.07493280676561384,0.07222098971462362,0.08086228114201685,0.07609147932418904,0.08037932985223813,0.07474594470007692
18,18.0,18.0,0.07779970614537998,0.07868259126274149,0.07551572379286679,0.07716905817793392,0.0751835179132481,0.08096136203868463,0.07664449843576684,0.075643669422456,0.07241316690943495,0.08057867885482743,0.07537292217219549,0.0789369835988735,0.07509812127559039
19,19.0,19.0,0.07588586527245998,0.07813949518854608,0.07842735987023697,0.0766240279733229,0.07476485418194687,0.0798075943438979,0.07588604458281906,0.07609504026088099,0.07218115700779368,0.08143168609849748,0.07444042517227542,0.07952039406832871,0.07679605597899337
20,20.0,20.0,0.07488914576002453,0.07741741513531525,0.07757792682625055,0.07727811499319495,0.07529790506240289,0.0819860530381608,0.07574908807687679,0.07515990197394667,0.07097343744386943,0.08173508783682888,0.07659591200060904,0.08011670400400982,0.07522330784850982
21,21.0,21.0,0.07667203024741238,0.0772959203025297,0.07732959251595742,0.07570478126693019,0.07433244099787299,0.08030514218012216,0.07495269535505397,0.07599556379571884,0.0717296041441908,0.08213564595100499,0.07591009581832918,0.08043686394844964,0.07719962347642727
22,22.0,22.0,0.07564255274713072,0.077606958194016,0.07582065350136949,0.07716838341512043,0.07717936072190833,0.08071693306107897,0.07742793603842653,0.07614539758230304,0.0726312163314243,0.08124513725703432,0.07492733896209593,0.0774746805410512,0.07601345164704024
23,23.0,23.0,0.07515213547484567,0.07766138754007394,0.07655679094773771,0.07673270639009423,0.07464954688422068,0.0802863311465243,0.07532181549977508,0.07696688515066759,0.0728181008677501,0.08147104333567347,0.07658421230779447,0.08022708162643355,0.0755719628284087
24,24.0,24.0,0.07629779690866786,0.07606665959532116,0.07762811792299404,0.07821257169480152,0.07480526227525568,0.07943121627332124,0.0762557698783208,0.07555301759872247,0.07167040799102992,0.08169642036927466,0.07665312258053657,0.07984878289141965,0.07588085402033395
25,25.0,25.0,0.07638199594050354,0.07878639559812907,0.07708931259625149,0.07706261598782231,0.07437256637554472,0.07882159745388492,0.07557804028814696,0.07568983998942201,0.07191631536100429,0.08154479812609226,0.07724584825529618,0.08116134860706987,0.0743493254208319
26,26.0,26.0,0.07588545239496224,0.07899983974739626,0.07833013621885782,0.07709705604786807,0.07503907779746538,0.0809668146172434,0.07613656671449752,0.07558018912193375,0.07120756294189391,0.08105807936330836,0.07625269040845487,0.07854155635338125,0.07490497827273676
27,27.0,27.0,0.07876754468119015,0.07731053849073159,0.07692457047547542,0.07741134585491403,0.07437898491174283,0.08079014446305284,0.07625976593188948,0.07453051684179492,0.07127261005708754,0.07954023234094504,0.07739936280798677,0.0790229037012953,0.07639147944189359
28,28.0,28.0,0.07722849973882442,0.077174688662531,0.07771304503490459,0.07602818120983874,0.07565943373004645,0.07967793469975389,0.07628683516078696,0.0760868620349336,0.07102642658969902,0.08263754819040377,0.07663757954705377,0.07854403727224879,0.07529892812897454
29,29.0,29.0,0.07720038074530446,0.07898002048567221,0.07669896110339787,0.07611919220027931,0.07595458920057922,0.08070784453236254,0.07571112345519056,0.07588324187934103,0.07188461812122447,0.07990972016435816,0.07709303910525683,0.07926849492126613,0.07458877408576665
30,30.0,30.0,0.07582974557603064,0.08019788545465352,0.07605984154524989,0.07708253988253576,0.07425528766589891,0.07915091178837029,0.07693986540855574,0.07530283975595069,0.07240301062588475,0.08097540344171474,0.07746708899726128,0.07810368590078323,0.07623189395711016
31,31.0,31.0,0.07631452633812036,0.0755207160829223,0.07947255471002865,0.07736115666033931,0.0745110858518557,0.0794220936748161,0.07768479538991604,0.07564346934484699,0.07261063643831889,0.08050331150410624,0.07560991031539759,0.08110914600289022,0.07423659768644116
32,32.0,32.0,0.07694175550776217,0.07736518892624174,0.07592613765784957,0.07653448423504775,0.07598898983693342,0.08001863361462984,0.07733616754901372,0.07573152497032362,0.07253662192097982,0.08194137727420506,0.07488673945960762,0.0790229544914626,0.07576942455594253
33,33.0,33.0,0.07762258720240929,0.0773963519289527,0.07652745820424406,0.07595302993222103,0.07467514280469263,0.07989208477453416,0.07582120863580528,0.07538934267047159,0.07118324584303919,0.08439023361815942,0.07399967495012386,0.0809363728848891,0.07621326655045721
34,34.0,34.0,0.07580874800265922,0.07831548301068983,0.07697304419915854,0.07695011649295541,0.07525252084158322,0.08175280629441643,0.07576040195827845,0.07421965328187222,0.07123405997140612,0.08146510489579567,0.07610241461558367,0.08090495237559045,0.07526069406001025
35,35.0,35.0,0.07476791053089435,0.07882554762604632,0.07887746476628121,0.07922586645917765,0.07487140208323965,0.07961240940362199,0.07749232182137318,0.07544021457672784,0.07088874548348995,0.08098037044844683,0.07550924568460751,0.07878439750387896,0.07472410361221409
36,36.0,36.0,0.07698744543548708,0.07937903887080502,0.07676321055370879,0.07696908121332571,0.07460576564580534,0.08041992625591717,0.07547924286966916,0.07502113228120652,0.07201869437531046,0.08120629435847823,0.07623045735859398,0.0790173423448026,0.07590236843688944
37,37.0,37.0,0.074868672141416,0.07548767975588459,0.0784204623217953,0.07800429157089779,0.07391571455414205,0.07820219353729416,0.07691079626626718,0.07564518638664411,0.07112081426613777,0.0835247184277084,0.07839630936828505,0.07967276231135328,0.07583039909217393
38,38.0,38.0,0.07538142868813216,0.07849305693974361,0.07752317214000312,0.0763594980186742,0.07524158002426462,0.0817675749140082,0.07510463066089332,0.07604851556394421,0.07212279103291079,0.08154155975949559,0.07533468744306752,0.07976748094382441,0.07531402387103774
39,39.0,39.0,0.07679612454973418,0.07739177545110064,0.07695026382313466,0.07676312933591338,0.07571400545470616,0.08149480883751717,0.0763413316229238,0.07590743185269658,0.07159598626974964,0.07941301668261691,0.07661066311542505,0.08034946068674312,0.07467200231773811
40,40.0,40.0,0.07827170672921327,0.08020830558262236,0.07685892141220665,0.07693175944440775,0.07578674337211556,0.08078387517987902,0.07490705913486971,0.07519033136373701,0.07116506265480682,0.08167870391739909,0.07473303473637635,0.07848356569474547,0.0750009307776204
41,41.0,41.0,0.07702147265935382,0.07717046922951501,0.07667630831408942,0.0763649477105677,0.07462652392337055,0.07807275182674725,0.07697082552182345,0.07610232871200644,0.0721822810459035,0.08202708119214039,0.07568866078125709,0.08037331509773991,0.07672303398548494
42,42.0,42.0,0.0766987253117802,0.07840341868534423,0.07735193960656025,0.07475348292228662,0.07465779183910606,0.08129829773448119,0.07540978887403513,0.07448961172417634,0.0716381865889446,0.08359612066859241,0.07810810673755311,0.07827711739657725,0.07531741191056211
43,43.0,43.0,0.07577329223451144,0.07878330723770043,0.07619207055326302,0.0781354990304975,0.07529385703123134,0.07914860838078566,0.0760387435094491,0.07447309883697649,0.07213693945248514,0.08262380678888628,0.07602628306443224,0.07953105126362292,0.07584344261615793
44,44.0,44.0,0.07534007318702748,0.07645476420163475,0.07681489020943923,0.07588933015494705,0.07564093177093381,0.08044829546810886,0.07625514980697792,0.07619033328729123,0.07166500652810498,0.08331257387238965,0.07559818735049693,0.08006322176863419,0.07632724239401348
45,45.0,45.0,0.0765525532397208,0.0812029647581661,0.07663497727082971,0.07690985115437912,0.07281061394511548,0.08000495343795436,0.07666411412527512,0.0738088837897297,0.07174738803794874,0.08110103425829587,0.0770519761839323,0.07912092619543157,0.0763897636032207
46,46.0,46.0,0.07712837353284964,0.07671724535868805,0.07687274967188093,0.07713821254822592,0.07419726648244851,0.0815532539525981,0.07582069237235615,0.07522770595868392,0.07087382366793678,0.08427281193611244,0.07527181671319177,0.07995875791151438,0.07496728989351292
47,47.0,47.0,0.07725325083983335,0.0779949325594688,0.07690787799748695,0.07550001010507282,0.07473600416021041,0.08215100052451164,0.07664417052779526,0.07455037012147875,0.07274630122282695,0.08002014031733667,0.07578676639860969,0.08012756117305855,0.0755816140523097
48,48.0,48.0,0.07605721858474104,0.07684310848138562,0.07920229556132471,0.07679905658168697,0.07470438432840257,0.0806022426238137,0.0758896686783863,0.07486396135610095,0.07081420875701316,0.08298448065686441,0.07656423574801009,0.0793917052935126,0.07528343334875734
49,49.0,49.0,0.07577490829767884,0.07798535306097402,0.07613494535120262,0.07764596453549008,0.074094203174814,0.08183064760541398,0.07542497168183401,0.07720000105149909,0.07071185195734507,0.08097383457194483,0.07523918169303853,0.0808918028012917,0.07609233421747272
50,50.0,50.0,0.07656554784929337,0.07858104368008349,0.07823758941544286,0.07592737333559238,0.07437326708756717,0.08076329119031198,0.07610442194694805,0.07633376088099442,0.07196989000123333,0.08177117117357889,0.07387349396626122,0.08037204393956664,0.0751271055331257
51,51.0,51.0,0.07523656892249975,0.078293372697165,0.07891077794067435,0.07636294040936138,0.0741826917931314,0.08103099727931136,0.07681443585004559,0.07437743552179615,0.0709396925008364,0.08411589353229267,0.07514775119510875,0.07864720800799355,0.07594023434978317
52,52.0,52.0,0.07398257588192887,0.08043036064603962,0.07934491558769009,0.07710645069544345,0.07319092735688269,0.08063517357048508,0.07550326646271814,0.07403849887313868,0.07132706616831158,0.08266539780764767,0.0764920414542261,0.07945942865161473,0.07582389684387292
53,53.0,53.0,0.07549698222639337,0.07997066607296041,0.07708967773992177,0.07423062589516374,0.07422089539791303,0.08291127594091152,0.07681455172893967,0.07446917503908568,0.07178457604308185,0.08100342316498707,0.07808850659177279,0.07911256777795644,0.07480707638091218
54,54.0,54.0,0.07721240816288719,0.0795248780040568,0.07469152385150997,0.07606886557022743,0.0745938024399332,0.08198399237970923,0.07506512283616552,0.0740737939747605,0.0711851843270371,0.08318758224381635,0.07626983657595796,0.07987087397338537,0.07627213566055299
55,55.0,55.0,0.07578065355169578,0.07826139747062995,0.0774121344958639,0.07640625966166215,0.07456905371946722,0.08229819303345869,0.07566873412979408,0.0748386542622618,0.07176976675010008,0.08387981361452937,0.07468174549118398,0.07917857771130553,0.07525501610804705
56,56.0,56.0,0.07568609767301795,0.07784106982372607,0.07654447152539753,0.07582954103980408,0.07504319852466222,0.08091096357353585,0.07592944391764957,0.07682851126274824,0.07234569638609964,0.08324949430401536,0.07510463876466016,0.07933451887881383,0.07535235432586902
57,57.0,57.0,0.07613160194374577,0.08242931633278489,0.07779084722538164,0.07551938534657072,0.07366677280453784,0.08138178554279495,0.07605186934791022,0.07396945770012003,0.0713784561869801,0.08156810526700928,0.07736116018931957,0.07768546135320911,0.07506578075963546
58,58.0,58.0,0.07512691031309539,0.07900111438527008,0.0758116169297215,0.0758124821807523,0.07532667016064064,0.08226443618646559,0.07580735273059919,0.07521495031166604,0.07163884871045956,0.08535670080572941,0.07585346582968833,0.07778006249860109,0.07500538895731039
59,59.0,59.0,0.07620064730507833,0.07869047612397846,0.0782023777500596,0.07839771525211055,0.07307582689879567,0.08042814134460544,0.07735619231345392,0.07505439348219725,0.07113122005991852,0.08214602786550976,0.07645341955648764,0.07907035012298833,0.07379321192481596
60,60.0,60.0,0.0773929492810195,0.07718034933617422,0.07805125108550263,0.07670665864065826,0.07491487245798799,0.08177819351753843,0.07489459334535054,0.07530279499182894,0.07069472674525193,0.08214349945942802,0.07497176888927984,0.07999229455663107,0.07597604769334819
61,61.0,61.0,0.07516420930627346,0.07645305722790079,0.07762899842989635,0.07768132832099786,0.07291981404456238,0.08097676371124184,0.07699915004637949,0.0738550061957012,0.07207176229590992,0.08292532544511182,0.0764486605881298,0.08037457444426724,0.07650134994362745
62,62.0,62.0,0.07573327642611705,0.07997472935226627,0.07760946300907881,0.07374846297443971,0.07386603607973943,0.08187883757865638,0.07541479579068447,0.07411798706864985,0.07308414734262822,0.0824980529782051,0.07622067685360086,0.07997754405007254,0.07587599049586091
63,63.0,63.0,0.07577278605926743,0.07835238912189932,0.07848289500923059,0.07634057828308691,0.07375168976923488,0.08188364261057882,0.07634068831009437,0.07416049630280634,0.07085069610861455,0.08191699832115072,0.07488491243363812,0.08105451993777431,0.07620770773262325
64,64.0,64.0,0.0751435307591081,0.07911182257231796,0.07924629956782406,0.07448453468726926,0.07351674328848651,0.0791459036108947,0.07468722791820954,0.07481158130727339,0.07158759894400257,0.08288625460075336,0.07697828458678226,0.08140515081778728,0.07699506733929053
65,65.0,65.0,0.07496469743237882,0.07857727499477307,0.07707444214489162,0.07725819317386537,0.07419226378492386,0.08384226524359414,0.0756018706934322,0.07544718716522937,0.07140143434206177,0.08093025114220337,0.07710283375654177,0.07803664394071633,0.07557064218538785
66,66.0,66.0,0.07682105516429916,0.0773895380684668,0.0797352474896681,0.07499660411158957,0.07536830359354794,0.08308074008771521,0.07628610172270005,0.07503027413628134,0.07139991862727343,0.08000425586532273,0.0761540159895189,0.07908307962174319,0.07465086552187314
67,67.0,67.0,0.07591556954607234,0.07954868758579448,0.07740977570027482,0.07786147586081624,0.07323637294875018,0.07968587422287006,0.07737912723173859,0.07535402169183837,0.07041205186027297,0.08169367175902234,0.07610494027348683,0.08062994713980363,0.07476848417925867
68,68.0,68.0,0.07531695344918853,0.08010152128620102,0.07826765342804812,0.07664124600459246,0.07433426557427447,0.07958892139659635,0.07540133015968935,0.07586255140888383,0.07101888430068859,0.0802980749985119,0.07647151713127223,0.0799149862014337,0.076782094660619
69,69.0,69.0,0.07381783814528904,0.07771587927244988,0.0802770238507127,0.07655123570776008,0.07362037796316954,0.08236431066289031,0.07510682842636007,0.07375851556504251,0.07131025078696591,0.08117002320639198,0.07722829573333735,0.08252062283142332,0.0745587978482068
70,70.0,70.0,0.07438152610883174,0.07896593898781373,0.0763266985710693,0.07734043016419996,0.07403236101975583,0.08095539875496363,0.07556336430544278,0.07578044397556742,0.07123103257503854,0.08290534357980785,0.07596090469342938,0.07958445554847886,0.07697210171560061
71,71.0,71.0,0.07433485408485022,0.07733472491758618,0.0795839835827676,0.07697395993549992,0.07246037892043816,0.08466713799606052,0.0754294737041888,0.07555510235870568,0.07202757581185829,0.08249554878332557,0.0744367326739975,0.07986499808654461,0.07483552914417653
72,72.0,72.0,0.07810976425953038,0.07953106430213872,0.07809920292854446,0.0753650821764982,0.07310661212563856,0.08280696467162539,0.07476543514271246,0.07461922715790072,0.07079823199463572,0.08126385192274556,0.0750438175676491,0.08219464433364886,0.07429610141673144
73,73.0,73.0,0.07621881010403295,0.07830045432253556,0.07853648524466905,0.07638263293676736,0.07343414386951583,0.0826601351131096,0.07465649744837675,0.07553658184299714,0.07173756935971706,0.08128015759819832,0.07473815851417519,0.08036991206429663,0.07614846158160812
74,74.0,74.0,0.0763589862531022,0.07785964304370793,0.07737342108707491,0.07644520176472526,0.0738220131973057,0.0817607256069355,0.07625045786259123,0.07611603542081688,0.07205556849481896,0.08149963529585516,0.075945236755234,0.08064285844416083,0.07387021677367092
75,75.0,75.0,0.07553297319735797,0.07678703538628215,0.07713928303696757,0.07988631297294996,0.07319903273514874,0.07916960502844943,0.07586007772706481,0.07685195928559937,0.07070179492631111,0.08214899160547125,0.07701482443371346,0.08017171112156633,0.07553639854311733
76,76.0,76.0,0.07654746081156796,0.08067363854381801,0.07724368077616205,0.07558442129238518,0.07226447400386617,0.08334981691364068,0.07535656073090186,0.07520823103011402,0.07037930274560414,0.08250116895998363,0.07693195632156936,0.07926978864677924,0.07468949922360735
77,77.0,77.0,0.07537832518898338,0.07663106152344366,0.07950115620219089,0.07666046224177123,0.07468186533100481,0.08422763886348787,0.075223227689412,0.07274121915852332,0.07195820316716285,0.08225092865197711,0.07638667161058074,0.07851266870178887,0.07584657166967279
78,78.0,78.0,0.07713852638447932,0.07758971037818205,0.07620413516301558,0.07535052150239552,0.07279882552300518,0.08242816163068903,0.07616596845907737,0.07532042441919348,0.07057091986901076,0.0852053379444293,0.07620934818353313,0.08088550099297902,0.07413261955000995
79,79.0,79.0,0.07596866151460262,0.07856366040671972,0.07825347702766597,0.07696814529305801,0.07492962916646481,0.08283739610613303,0.07452402437149933,0.07356293197461186,0.07153101988755531,0.08119712298310044,0.07661779978251577,0.0783960595216384,0.07665007196443427
80,80.0,80.0,0.07430465904167576,0.0796371290974875,0.07707954943701324,0.07724039578871787,0.07357180099002224,0.08463208248210216,0.07382379156903517,0.07482572786285445,0.0713101841189698,0.08268331715488463,0.07627074466722115,0.07859381997868632,0.07602679781132929
81,81.0,81.0,0.07612189728512733,0.07878249559709431,0.07856885491515742,0.07572953719029621,0.07443055155958093,0.0843567018449283,0.07477711670584516,0.07440817683319662,0.07088965137457799,0.08143614163243372,0.07649563966571535,0.08040680409195547,0.07359643130409081
82,82.0,82.0,0.07467119656379151,0.07963948625249954,0.07872103150882612,0.07706324629735851,0.073472930637139,0.08244479745725544,0.07482294477273065,0.0745881727702509,0.0715009598626518,0.08219131013917569,0.07566889659535588,0.08147357866792072,0.07374144847504387
83,83.0,83.0,0.07598961588543125,0.07909231778790245,0.07752593677620867,0.07557189210941143,0.0730751102233124,0.08457672233759583,0.07394669133954371,0.07425664269386081,0.07064108598182803,0.08453938896941891,0.075667210721884,0.08119643281795376,0.0739209523556484
84,84.0,84.0,0.07525507654277,0.07989535872572769,0.07727710293257395,0.0757781071066819,0.0748423374208491,0.08170199035340801,0.07654526181774891,0.0733845904415216,0.07077518993276234,0.08227877796650565,0.07584127400126753,0.07935999050548483,0.07706494225269808
85,85.0,85.0,0.07496724516757605,0.07894717037878507,0.0791455031297122,0.07786876441491553,0.07278200471413965,0.08267405644986628,0.0752456471926966,0.07453326525144313,0.07104267354462283,0.08112495921383772,0.07628578819781262,0.07887450858139473,0.07650841376319721
86,86.0,86.0,0.0746525533234361,0.07894147787921049,0.0779813493994824,0.07608188566845907,0.07283073007811829,0.08265472066387744,0.07527937284192736,0.07504908500367283,0.0709106293003532,0.08471524974922515,0.07627359978577256,0.07959059958584017,0.07503874672062465
87,87.0,87.0,0.07464127318127088,0.0784718413613765,0.07763386860339695,0.07602463198138625,0.07484530580829418,0.08106792205778907,0.07659358622779541,0.07437954528962772,0.07100788932438609,0.0837701207906068,0.07516719120004725,0.07992533615438567,0.07647148801963675
88,88.0,88.0,0.07515759795961882,0.07862514164308101,0.07915279092874107,0.07682145428553891,0.07463393631379531,0.08175009318455817,0.07614313855767353,0.07449350274239336,0.0708649599507168,0.08142790771403967,0.07593758337304382,0.07799595780621102,0.07699593554058816
89,89.0,89.0,0.07659056077249395,0.07860347181957034,0.07924526993206175,0.07599734453803544,0.07297623928569773,0.0831109198504373,0.07417975922685487,0.07435111111853486,0.07118302534216617,0.08170006706840095,0.07557109065853815,0.08135666125601562,0.07513447913119249
90,90.0,90.0,0.07461621028969047,0.07745003482331615,0.07751518225824577,0.07480284173661494,0.0743965590306088,0.08167969572753521,0.07653103301778583,0.07343978716709497,0.07150963833110675,0.08119007455315555,0.0774384835709032,0.08170784695594574,0.07772261253799624
91,91.0,91.0,0.07448870507497356,0.07902702864399677,0.0785636948422239,0.07413554792128106,0.07323731807284761,0.08173054724892602,0.07654897076388908,0.0747578188886801,0.07053866763978557,0.0849336708837469,0.07512756122210998,0.08141220882131417,0.07549825997622492
92,92.0,92.0,0.07526318642894114,0.07816153242144848,0.07828317377842593,0.07531067619615099,0.07305159936096471,0.08225526594904978,0.07390938685130788,0.07495026852137067,0.07224982142733208,0.08211202867555742,0.0758022956253889,0.0826787757907734,0.07597198897328822
93,93.0,93.0,0.07630658351031562,0.08035524187203524,0.0768753198801452,0.07709422322524988,0.07325135594067904,0.08211341791819812,0.07597070384970134,0.07479229632535292,0.07175490365908445,0.07956282894683404,0.07540201274115085,0.08103355948235602,0.07548755264889688
94,94.0,94.0,0.07667320520329254,0.0818970963989816,0.07722912237920943,0.07468191496751528,0.07289467814242877,0.08129857128208948,0.07533337688554079,0.073613276295798,0.07147823865426252,0.08244249345105241,0.07624021481660434,0.0814448334263583,0.07477297809686614
95,95.0,95.0,0.07441415617190798,0.07677490271529738,0.0814128106285122,0.07407592765586185,0.07468912446457357,0.08339647973545425,0.07510717193236202,0.07425094667287191,0.07078696519823822,0.08110926332762279,0.07550103205965712,0.08113338477217473,0.07734783466546553
96,96.0,96.0,0.07410678915499874,0.0772398799966649,0.07841885753347554,0.07556358154989515,0.07448989909834695,0.08208596139538049,0.0744723382924507,0.07377583901253496,0.07076345424441362,0.08372295646456128,0.07748100748644157,0.08147552183139747,0.0764039139394382
97,97.0,97.0,0.07734436110058898,0.0781000526407984,0.08134497512498126,0.07612381560304729,0.0745954314318309,0.07957674499592618,0.07677815847396276,0.07282398120347097,0.07182760494639148,0.08396679699154949,0.0753262064828633,0.07879539350357873,0.07339647750100985
98,98.0,98.0,0.07564724532447614,0.07817270596545621,0.07691229203024005,0.07558768530911983,0.07378856747671081,0.08326278902325839,0.07493102002614851,0.07355338353230646,0.07201768228055164,0.08350756594380089,0.07568118809504701,0.08350751754426604,0.07343035744861762
99,99.0,99.0,0.07747503886697328,0.07839187175435984,0.07906072004128023,0.07674269491705696,0.07216688339257371,0.08190063222754163,0.07459918221802184,0.07680138196329386,0.07066993598301395,0.08178747338280676,0.07706016985536754,0.07889921100956311,0.0744448043881469
100,100.0,100.0,0.07380175500231129,0.07694980424381312,0.08067807590785561,0.07483366433670507,0.07420766940490688,0.0824088394579147,0.07439847835517097,0.07526489828239176,0.07123034721330106,0.08351320982587034,0.07735112899020921,0.08091069635777651,0.07445143262177312
101,101.0,101.0,0.07502023206474019,0.08045609216357738,0.08065760706275336,0.07504428498477018,0.07193657567574363,0.0811552671284569,0.07463568837956126,0.07440125364533581,0.07176403975070098,0.08227277288599746,0.07534749573638914,0.08092209990535525,0.07638659061661801
102,102.0,102.0,0.07434099435724915,0.07799616115893306,0.08134163860390502,0.07483588214493003,0.07313602988361992,0.08203675847526613,0.07564958779760689,0.07354967902317969,0.07156398230016578,0.0802230894868192,0.0783055542078038,0.08168264827623492,0.07533799428428603
103,103.0,103.0,0.07385359961607248,0.0795174999782441,0.07944965402874755,0.07441212395358207,0.0756663287343725,0.08333862452196483,0.07473808839070199,0.07515993304893995,0.07151977127410111,0.08332498982030963,0.07456522969682954,0.07890929414180747,0.07554486279432643
104,104.0,104.0,0.07474971458231744,0.07731128498078971,0.07646811183799158,0.07590260327591683,0.0741979040074872,0.08146752611387609,0.07635029536059142,0.07330896441700294,0.0716527893663635,0.08319062468002789,0.07777261847212778,0.08123189192348804,0.07639567098201921
105,105.0,105.0,0.07612861925031673,0.07869188985014812,0.07857116050609296,0.07618050857917166,0.07305383270503854,0.0826600748146548,0.07750111088624635,0.07386508926610509,0.07039287474982067,0.08249562101983483,0.07684044211129575,0.08017346190164013,0.07344531435963385
106,106.0,106.0,0.07553405395689958,0.08155446259007862,0.07698114829647375,0.0753562689672618,0.07237148296909375,0.08086615442130926,0.07412180458051543,0.07520059577023777,0.0716628750590874,0.08322611685393252,0.07586608375268619,0.08221416356785448,0.07504478921456906
107,107.0,107.0,0.0758371913534785,0.07928168009702324,0.07803110554077573,0.07458367285661952,0.07309865329166558,0.08294034358536428,0.07752606744542688,0.07317768743718452,0.07117289603755114,0.0818090791220498,0.07574256101829677,0.08138308374864772,0.07541597846591588
108,108.0,108.0,0.07363766263505876,0.07948611376062246,0.07799396052794864,0.0759103803440431,0.07394113531307822,0.08434781658022766,0.07254326180197913,0.07313756693850637,0.07086015604508951,0.08311191680433846,0.07644490386146825,0.08234191511995181,0.07624321026768724
109,109.0,109.0,0.0756465370387548,0.07946407075402608,0.07614811364953725,0.07597191549185323,0.07332929975856875,0.08212370921581971,0.07638321903195282,0.07535397266765645,0.07078973313990645,0.0835108629186669,0.07657675764859265,0.080599265810342,0.07410254287432257
110,110.0,110.0,0.07472806991502057,0.07780639104726401,0.07525340145844925,0.07680154392041458,0.07340958218200885,0.08328990160063263,0.0758718730510924,0.07326811952685312,0.07071073426475669,0.08445125653906846,0.07757584102264091,0.0808056487362044,0.07602763673559372
111,111.0,111.0,0.0744381904868464,0.07793311051592258,0.07771977738401917,0.0766939173326408,0.07501575159482934,0.081613513986392,0.07514909731051746,0.07447708880803425,0.07047220773497317,0.08373259411985923,0.07691861083259378,0.07971354592621296,0.07612259396715845
112,112.0,112.0,0.07530112333202216,0.07977640775773312,0.07858546166656726,0.077701617873444,0.07250653892453787,0.08272193057314897,0.07457115615318409,0.07384715331999223,0.07245606556997217,0.0826352243042396,0.07542228021572057,0.07861208849987253,0.07586295180956498
113,113.0,113.0,0.07599988789676201,0.07969436966413188,0.07864177723581525,0.07434826577909769,0.07306491409228537,0.08389776010111076,0.0752612083810147,0.07447858993315573,0.0712297130880345,0.0816548483377693,0.07600954538873066,0.0793318920177952,0.07638722808429665
114,114.0,114.0,0.07513243909654435,0.07899383635243303,0.07802699167274794,0.07549778275021189,0.07439570153666229,0.0812444275062191,0.07558878050059065,0.07437280919007802,0.07159660702431997,0.08293315125519134,0.07563703268817493,0.08080945154555483,0.07577098888127135
115,115.0,115.0,0.07763889645843305,0.07850160870257508,0.07797923024177003,0.07527458374527488,0.07310758415461246,0.08159434147351438,0.07567108446991412,0.07488516850977574,0.07062620565207879,0.08451255578501901,0.07574958568616781,0.07962065212658204,0.0748385029942822
116,116.0,116.0,0.07572018462093738,0.07759048158657111,0.07785633451540037,0.0756450399915361,0.07235518347594738,0.08373990957867232,0.07329358511347582,0.07501253095610146,0.0705107676545726,0.08435825271148158,0.07685364869919437,0.08097748332125798,0.07608659777485123
117,117.0,117.0,0.07583675615827014,0.08037743268323427,0.07757042260114971,0.07624341755906751,0.072969803908033,0.08222809733639216,0.07700556407795324,0.0733028015227509,0.07056058760808705,0.08222752666544127,0.0761454023934646,0.08173380509974151,0.0737983823864143
118,118.0,118.0,0.07600023891225889,0.07980487496664604,0.0764844815983443,0.0746776891437568,0.07447034980240702,0.08253549650756103,0.07516196879293117,0.07185712333660879,0.0711547450185929,0.08368015982698851,0.07759184913725073,0.08015782670175611,0.07642319625489738
119,119.0,119.0,0.07382969945650868,0.07798881215902881,0.07901834316923025,0.07450266597639149,0.07510965363498437,0.08348102422848806,0.07447412408665251,0.07425824557449213,0.07118466291979517,0.08437613780341258,0.07604379156470385,0.08086440351191834,0.07486843591439336
120,120.0,120.0,0.07585352625412807,0.08074737633047058,0.07916915353388997,0.0738347301834315,0.07293597493575192,0.08197821442687599,0.07454024482288606,0.07305776984254682,0.07147136241985298,0.08340605846592078,0.07693684805980261,0.0798129980394893,0.07625574268495297
121,121.0,121.0,0.07419210599329495,0.08175220120229218,0.0812243880429732,0.0766578007219888,0.07237152822714062,0.0806245143364198,0.0739909874196688,0.07331171318329469,0.0717857750675455,0.08213853420612874,0.07556024932541049,0.08124668763419304,0.07514351463964883
122,122.0,122.0,0.07488619245271314,0.07870415986842,0.08061351499899531,0.07592245301212285,0.07394220543042332,0.0795099703736765,0.07555385564898871,0.07280397769667664,0.07093318110507194,0.08318610805366786,0.07674936788938067,0.08330326682029261,0.07389174664957018
123,123.0,123.0,0.07630660965922861,0.07753477196131507,0.07914196402628951,0.075015007463958,0.07427034441074667,0.07954833324280304,0.07606606762726204,0.07426226425220299,0.07000000000000003,0.08491742567285365,0.0734696757620789,0.08282409315511077,0.07664344276615034
124,124.0,124.0,0.07575190436065468,0.07900786272193518,0.07915741434575332,0.07489133822304099,0.07517005550408498,0.08116023442116402,0.07555223184635024,0.07267234479960191,0.07147101156880878,0.08294640494973972,0.07467795687794357,0.0834107085223276,0.07413053185859465
125,125.0,125.0,0.07551222581397832,0.08061241251512309,0.07707814174522509,0.07506921011381498,0.07297412354716915,0.08162776281485083,0.07697326710141339,0.07519269461345045,0.07192991855343896,0.08165967065861326,0.07591143851477508,0.07925588768537009,0.07620324632277682
126,126.0,126.0,0.0738776789180836,0.07894864952074512,0.07929477725530928,0.07543065936763964,0.07309564425277168,0.08331060183458087,0.07661519792091723,0.07458060054747043,0.070784704503312,0.08186912171569269,0.07759319633024783,0.07793201469307962,0.07666715314014969
127,127.0,127.0,0.0745014056524835,0.08085333256058654,0.07867057098543875,0.07771047507619254,0.0720377251311505,0.08068915001052462,0.07498439116800289,0.07482744172819862,0.07180642350523758,0.08084123604148567,0.07535030065544668,0.0817300905917143,0.07599745689353747
128,128.0,128.0,0.07517033801596992,0.0803551967827646,0.07762667982692098,0.0739482854184503,0.07268358956778428,0.08234589104679259,0.0740351059622824,0.07344958576985816,0.07099345917020229,0.08556396942917259,0.07505381848894509,0.08168791114813204,0.0770861693727244
129,129.0,129.0,0.07376605754553456,0.0777696050317486,0.07720788077681857,0.07607541945503009,0.07451175035343124,0.08489323911133777,0.07672804996947788,0.07311858244873472,0.07172299332186816,0.08189266391204171,0.07575859089757056,0.08233853803103709,0.0742166291453687
130,130.0,130.0,0.07488280111874832,0.07816206540767115,0.07816401311838049,0.07594981599134457,0.07341221626943757,0.08064146673746939,0.07357181277016553,0.0733135221384282,0.0718644014567959,0.08352398912647815,0.07708330676101262,0.08304375224053881,0.07638683686352901
131,131.0,131.0,0.07461254986638896,0.07834570286316812,0.07811958330296924,0.07621212976498945,0.07382640610177876,0.08211072989252514,0.07435315292175992,0.0732607764174393,0.07209311626381029,0.08195497155840073,0.07706528885288097,0.08283276142505168,0.07521283076883693
132,132.0,132.0,0.07456380272087847,0.08073202438238626,0.07940985683650964,0.07527616621264369,0.07240557482694138,0.08265062683489352,0.07492461951993731,0.07401659207665151,0.07095330599874516,0.08606990389147394,0.07390942522348495,0.08050475813152916,0.07458334334392466
133,133.0,133.0,0.07445014268457424,0.07865151173988004,0.08084065208017337,0.0775354703838227,0.07286058093984722,0.08268662379023267,0.07423196383932712,0.07323073760522958,0.0715344272460181,0.08441684669427593,0.07464654713102913,0.08118242504188947,0.07373207082370013
134,134.0,134.0,0.07582802471392355,0.08032394325950107,0.07999037850846216,0.07443473344513696,0.07335547671454533,0.08251512170723778,0.07382839160400828,0.07452937181559253,0.07062035452317134,0.08293449948645047,0.07815156995055936,0.07892842391811546,0.07455971035329542
135,135.0,135.0,0.07379115387454874,0.07822803528177033,0.07982883792449243,0.077424233248216,0.07279606206152398,0.08229886584598682,0.07374926922927287,0.07526647694644892,0.07049325283453688,0.08376230142257003,0.0760143415746126,0.08128960630202228,0.07505756345399775
136,136.0,136.0,0.07459553663096721,0.08073810308825606,0.07918545286935172,0.07464234750327356,0.07378838464677762,0.07922530103209252,0.0751791931255871,0.0755366946399498,0.07109456996707807,0.08451626106998553,0.07601551380425517,0.08015462139934788,0.07532802022307736
137,137.0,137.0,0.07414862018765848,0.08011562144620774,0.07771761892382492,0.07345766545437869,0.07357730391039394,0.08235450488182652,0.07637104353988824,0.07211643593138282,0.07040660489135539,0.08657936780288371,0.0750565436955011,0.08121177788370708,0.07688689145099095
138,138.0,138.0,0.07430719979216611,0.07859072875541931,0.07874611535391898,0.07547537719017607,0.07264771092329106,0.08376685290248995,0.0744458784330669,0.07278099306411882,0.07148049392893616,0.08288364963595157,0.07777692759586989,0.08053784702798657,0.0765602253966082
139,139.0,139.0,0.07473661507463603,0.08016735643176974,0.0781911239987039,0.07793341355628483,0.07332622391060542,0.08378053662647979,0.07463233447204888,0.07488515696911277,0.07085507183192233,0.08118709796976276,0.07633091956485857,0.07888629564890391,0.07508785394491072
140,140.0,140.0,0.07583434028438368,0.07769945761554423,0.07900949394747123,0.07623257190063396,0.0735909210515567,0.08071386922240303,0.07423399560263216,0.07402462825635428,0.07114366021083482,0.08384005580986977,0.07621164458509791,0.08242774359128616,0.07503761792193173
141,141.0,141.0,0.07507372088688127,0.07880314127852725,0.07961001702428612,0.07568219290411436,0.0733051980764269,0.08130412868599214,0.07376408745426025,0.07526692585643859,0.07377826940685359,0.08227720385856024,0.07607553114593531,0.08008831965192276,0.0749712637698008
142,142.0,142.0,0.0735459500690585,0.07855154664923329,0.0804088992131384,0.0747135552444759,0.07252124144740557,0.08417299475722555,0.07686511581993323,0.07303672328776561,0.07065772988096833,0.08648136654926007,0.0752270651473372,0.07941899285406674,0.07439881908013121
143,143.0,143.0,0.07421832109757112,0.08087297763091922,0.08126607204571365,0.07327117882655175,0.07168061377626324,0.08297995247149383,0.07482829237471643,0.07454952650134519,0.0720704944623251,0.08253708786956888,0.07576767624870574,0.07998984920652288,0.07596795748830255
144,144.0,144.0,0.07636417160788031,0.07977263621580485,0.07779424771341664,0.07568920968913395,0.07504569469047785,0.08228033886522576,0.07568551692136678,0.07383818695994843,0.07079933813731618,0.0807854772805843,0.0754606085316874,0.08058055539986936,0.07590401798728785
145,145.0,145.0,0.07655765777604791,0.07962462384887051,0.07946670783225673,0.07655331289372327,0.07395486357735034,0.07965409445018433,0.07410731976562528,0.07352200806347309,0.07023465540982869,0.08437056897500517,0.07534153955784725,0.08302298974907121,0.07358965810071587
