,Unnamed: 0,Total_iterations,Intertwine_two,Add_vertex,Delete_vertex,Invert_path_vertices,Insert_inside_vertex,Delete_inside_vertex
0,0.0,0.0,0.16666666666666669,0.16666666666666669,0.16666666666666669,0.16666666666666669,0.16666666666666669,0.16666666666666669
1,1.0,1.0,0.16666666666666669,0.16666666666666669,0.16666666666666669,0.16666666666666669,0.16666666666666669,0.16666666666666669
2,2.0,2.0,0.16666666666666669,0.16666666666666669,0.16666666666666669,0.16666666666666669,0.16666666666666669,0.16666666666666669
3,3.0,3.0,0.16666666666666669,0.16666666666666669,0.16666666666666669,0.16666666666666669,0.16666666666666669,0.16666666666666669
4,4.0,4.0,0.16666666666666669,0.16666666666666669,0.16666666666666669,0.16666666666666669,0.16666666666666669,0.16666666666666669
5,5.0,5.0,0.16666666666666669,0.16666666666666669,0.16666666666666669,0.16666666666666669,0.16666666666666669,0.16666666666666669
6,6.0,6.0,0.16666666666666669,0.16666666666666669,0.16666666666666669,0.16666666666666669,0.16666666666666669,0.16666666666666669
7,7.0,7.0,0.16666666666666669,0.16666666666666669,0.16666666666666669,0.16666666666666669,0.16666666666666669,0.16666666666666669
8,8.0,8.0,0.16666666666666669,0.16666666666666669,0.16666666666666669,0.16666666666666669,0.16666666666666669,0.16666666666666669
9,9.0,9.0,0.16666666666666669,0.16666666666666669,0.16666666666666669,0.16666666666666669,0.16666666666666669,0.16666666666666669
10,10.0,10.0,0.16666666666666669,0.16666666666666669,0.16666666666666669,0.16666666666666669,0.16666666666666669,0.16666666666666669
11,11.0,11.0,0.16666666666666669,0.16666666666666669,0.16666666666666669,0.16666666666666669,0.16666666666666669,0.16666666666666669
12,12.0,12.0,0.16666666666666669,0.16666666666666669,0.16666666666666669,0.16666666666666669,0.16666666666666669,0.16666666666666669
13,13.0,13.0,0.16666666666666669,0.16666666666666669,0.16666666666666669,0.16666666666666669,0.16666666666666669,0.16666666666666669
14,14.0,14.0,0.16666666666666669,0.16666666666666669,0.16666666666666669,0.16666666666666669,0.16666666666666669,0.16666666666666669
15,15.0,15.0,0.16666666666666669,0.16666666666666669,0.16666666666666669,0.16666666666666669,0.16666666666666669,0.16666666666666669
16,16.0,16.0,0.16666666666666669,0.16666666666666669,0.16666666666666669,0.16666666666666669,0.16666666666666669,0.16666666666666669
17,17.0,17.0,0.16666666666666669,0.16666666666666669,0.16666666666666669,0.16666666666666669,0.16666666666666669,0.16666666666666669
18,18.0,18.0,0.16666666666666669,0.16666666666666669,0.16666666666666669,0.16666666666666669,0.16666666666666669,0.16666666666666669
19,19.0,19.0,0.16666666666666669,0.16666666666666669,0.16666666666666669,0.16666666666666669,0.16666666666666669,0.16666666666666669
20,20.0,20.0,0.16666666666666669,0.16666666666666669,0.16666666666666669,0.16666666666666669,0.16666666666666669,0.16666666666666669
21,21.0,21.0,0.16666666666666669,0.16666666666666669,0.16666666666666669,0.16666666666666669,0.16666666666666669,0.16666666666666669
22,22.0,22.0,0.16666666666666669,0.16666666666666669,0.16666666666666669,0.16666666666666669,0.16666666666666669,0.16666666666666669
23,23.0,23.0,0.16666666666666669,0.16666666666666669,0.16666666666666669,0.16666666666666669,0.16666666666666669,0.16666666666666669
24,24.0,24.0,0.16666666666666669,0.16666666666666669,0.16666666666666669,0.16666666666666669,0.16666666666666669,0.16666666666666669
25,25.0,25.0,0.16666666666666669,0.16666666666666669,0.16666666666666669,0.16666666666666669,0.16666666666666669,0.16666666666666669
26,26.0,26.0,0.16666666666666669,0.16666666666666669,0.16666666666666669,0.16666666666666669,0.16666666666666669,0.16666666666666669
27,27.0,27.0,0.16666666666666669,0.16666666666666669,0.16666666666666669,0.16666666666666669,0.16666666666666669,0.16666666666666669
28,28.0,28.0,0.16666666666666669,0.16666666666666669,0.16666666666666669,0.16666666666666669,0.16666666666666669,0.16666666666666669
29,29.0,29.0,0.16666666666666669,0.16666666666666669,0.16666666666666669,0.16666666666666669,0.16666666666666669,0.16666666666666669
30,30.0,30.0,0.16666666666666669,0.16666666666666669,0.16666666666666669,0.16666666666666669,0.16666666666666669,0.16666666666666669
31,31.0,31.0,0.16666666666666669,0.16666666666666669,0.16666666666666669,0.16666666666666669,0.16666666666666669,0.16666666666666669
32,32.0,32.0,0.16666666666666669,0.16666666666666669,0.16666666666666669,0.16666666666666669,0.16666666666666669,0.16666666666666669
33,33.0,33.0,0.16666666666666669,0.16666666666666669,0.16666666666666669,0.16666666666666669,0.16666666666666669,0.16666666666666669
34,34.0,34.0,0.16666666666666669,0.16666666666666669,0.16666666666666669,0.16666666666666669,0.16666666666666669,0.16666666666666669
35,35.0,35.0,0.16666666666666669,0.16666666666666669,0.16666666666666669,0.16666666666666669,0.16666666666666669,0.16666666666666669
36,36.0,36.0,0.16666666666666669,0.16666666666666669,0.16666666666666669,0.16666666666666669,0.16666666666666669,0.16666666666666669
37,37.0,37.0,0.16666666666666669,0.16666666666666669,0.16666666666666669,0.16666666666666669,0.16666666666666669,0.16666666666666669
38,38.0,38.0,0.16666666666666669,0.16666666666666669,0.16666666666666669,0.16666666666666669,0.16666666666666669,0.16666666666666669
39,39.0,39.0,0.16666666666666669,0.16666666666666669,0.16666666666666669,0.16666666666666669,0.16666666666666669,0.16666666666666669
40,40.0,40.0,0.16666666666666669,0.16666666666666669,0.16666666666666669,0.16666666666666669,0.16666666666666669,0.16666666666666669
41,41.0,41.0,0.16666666666666669,0.16666666666666669,0.16666666666666669,0.16666666666666669,0.16666666666666669,0.16666666666666669
42,42.0,42.0,0.16666666666666669,0.16666666666666669,0.16666666666666669,0.16666666666666669,0.16666666666666669,0.16666666666666669
43,43.0,43.0,0.16666666666666669,0.16666666666666669,0.16666666666666669,0.16666666666666669,0.16666666666666669,0.16666666666666669
44,44.0,44.0,0.16666666666666669,0.16666666666666669,0.16666666666666669,0.16666666666666669,0.16666666666666669,0.16666666666666669
45,45.0,45.0,0.16666666666666669,0.16666666666666669,0.16666666666666669,0.16666666666666669,0.16666666666666669,0.16666666666666669
46,46.0,46.0,0.16666666666666669,0.16666666666666669,0.16666666666666669,0.16666666666666669,0.16666666666666669,0.16666666666666669
47,47.0,47.0,0.16666666666666669,0.16666666666666669,0.16666666666666669,0.16666666666666669,0.16666666666666669,0.16666666666666669
48,48.0,48.0,0.16666666666666669,0.16666666666666669,0.16666666666666669,0.16666666666666669,0.16666666666666669,0.16666666666666669
49,49.0,49.0,0.16666666666666669,0.16666666666666669,0.16666666666666669,0.16666666666666669,0.16666666666666669,0.16666666666666669
50,50.0,50.0,0.16666666666666669,0.16666666666666669,0.16666666666666669,0.16666666666666669,0.16666666666666669,0.16666666666666669
51,51.0,51.0,0.16666666666666669,0.16666666666666669,0.16666666666666669,0.16666666666666669,0.16666666666666669,0.16666666666666669
52,52.0,52.0,0.16666666666666669,0.16666666666666669,0.16666666666666669,0.16666666666666669,0.16666666666666669,0.16666666666666669
53,53.0,53.0,0.16666666666666669,0.16666666666666669,0.16666666666666669,0.16666666666666669,0.16666666666666669,0.16666666666666669
54,54.0,54.0,0.16666666666666669,0.16666666666666669,0.16666666666666669,0.16666666666666669,0.16666666666666669,0.16666666666666669
55,55.0,55.0,0.16666666666666669,0.16666666666666669,0.16666666666666669,0.16666666666666669,0.16666666666666669,0.16666666666666669
56,56.0,56.0,0.16666666666666669,0.16666666666666669,0.16666666666666669,0.16666666666666669,0.16666666666666669,0.16666666666666669
57,57.0,57.1,0.16666666666666669,0.16666666666666669,0.16666666666666669,0.16666666666666669,0.16666666666666669,0.16666666666666669
58,58.0,58.1,0.16666666666666669,0.16666666666666669,0.16666666666666669,0.16666666666666669,0.16666666666666669,0.16666666666666669
59,59.0,59.1,0.16666666666666669,0.16666666666666669,0.16666666666666669,0.16666666666666669,0.16666666666666669,0.16666666666666669
60,60.0,60.1,0.16666666666666669,0.16666666666666669,0.16666666666666669,0.16666666666666669,0.16666666666666669,0.16666666666666669
61,61.0,61.1,0.16666666666666669,0.16666666666666669,0.16666666666666669,0.16666666666666669,0.16666666666666669,0.16666666666666669
62,62.0,62.1,0.16666666666666669,0.16666666666666669,0.16666666666666669,0.16666666666666669,0.16666666666666669,0.16666666666666669
63,63.0,63.1,0.16666666666666669,0.16666666666666669,0.16666666666666669,0.16666666666666669,0.16666666666666669,0.16666666666666669
64,64.0,64.1,0.16666666666666669,0.16666666666666669,0.16666666666666669,0.16666666666666669,0.16666666666666669,0.16666666666666669
65,65.0,65.1,0.16666666666666669,0.16666666666666669,0.16666666666666669,0.16666666666666669,0.16666666666666669,0.16666666666666669
66,66.0,66.1,0.16666666666666669,0.16666666666666669,0.16666666666666669,0.16666666666666669,0.16666666666666669,0.16666666666666669
67,67.0,67.1,0.16666666666666669,0.16666666666666669,0.16666666666666669,0.16666666666666669,0.16666666666666669,0.16666666666666669
68,68.0,68.1,0.16666666666666669,0.16666666666666669,0.16666666666666669,0.16666666666666669,0.16666666666666669,0.16666666666666669
69,69.0,69.1,0.16666666666666669,0.16666666666666669,0.16666666666666669,0.16666666666666669,0.16666666666666669,0.16666666666666669
70,70.0,70.1,0.16666666666666669,0.16666666666666669,0.16666666666666669,0.16666666666666669,0.16666666666666669,0.16666666666666669
71,71.0,71.1,0.16666666666666669,0.16666666666666669,0.16666666666666669,0.16666666666666669,0.16666666666666669,0.16666666666666669
72,72.0,72.1,0.16666666666666669,0.16666666666666669,0.16666666666666669,0.16666666666666669,0.16666666666666669,0.16666666666666669
73,73.0,73.1,0.16666666666666669,0.16666666666666669,0.16666666666666669,0.16666666666666669,0.16666666666666669,0.16666666666666669
74,74.0,74.1,0.16666666666666669,0.16666666666666669,0.16666666666666669,0.16666666666666669,0.16666666666666669,0.16666666666666669
75,75.0,75.1,0.16666666666666669,0.16666666666666669,0.16666666666666669,0.16666666666666669,0.16666666666666669,0.16666666666666669
76,76.0,76.1,0.16666666666666669,0.16666666666666669,0.16666666666666669,0.16666666666666669,0.16666666666666669,0.16666666666666669
77,77.0,77.1,0.16666666666666669,0.16666666666666669,0.16666666666666669,0.16666666666666669,0.16666666666666669,0.16666666666666669
78,78.0,78.1,0.16666666666666669,0.16666666666666669,0.16666666666666669,0.16666666666666669,0.16666666666666669,0.16666666666666669
79,79.0,79.1,0.16666666666666669,0.16666666666666669,0.16666666666666669,0.16666666666666669,0.16666666666666669,0.16666666666666669
80,80.0,80.2,0.16666666666666669,0.16666666666666669,0.16666666666666669,0.16666666666666669,0.16666666666666669,0.16666666666666669
81,81.0,81.2,0.16666666666666669,0.16666666666666669,0.16666666666666669,0.16666666666666669,0.16666666666666669,0.16666666666666669
82,82.0,82.2,0.16666666666666669,0.16666666666666669,0.16666666666666669,0.16666666666666669,0.16666666666666669,0.16666666666666669
83,83.0,83.2,0.16666666666666669,0.16666666666666669,0.16666666666666669,0.16666666666666669,0.16666666666666669,0.16666666666666669
84,84.0,84.2,0.16666666666666669,0.16666666666666669,0.16666666666666669,0.16666666666666669,0.16666666666666669,0.16666666666666669
85,85.0,85.2,0.16666666666666669,0.16666666666666669,0.16666666666666669,0.16666666666666669,0.16666666666666669,0.16666666666666669
86,86.0,86.2,0.16666666666666669,0.16666666666666669,0.16666666666666669,0.16666666666666669,0.16666666666666669,0.16666666666666669
87,87.0,87.2,0.16666666666666669,0.16666666666666669,0.16666666666666669,0.16666666666666669,0.16666666666666669,0.16666666666666669
88,88.0,88.2,0.16666666666666669,0.16666666666666669,0.16666666666666669,0.16666666666666669,0.16666666666666669,0.16666666666666669
89,89.0,89.4,0.16666666666666669,0.16666666666666669,0.16666666666666669,0.16666666666666669,0.16666666666666669,0.16666666666666669
90,90.0,90.4,0.16666666666666669,0.16666666666666669,0.16666666666666669,0.16666666666666669,0.16666666666666669,0.16666666666666669
91,91.0,91.4,0.16666666666666669,0.16666666666666669,0.16666666666666669,0.16666666666666669,0.16666666666666669,0.16666666666666669
92,92.0,92.4,0.16666666666666669,0.16666666666666669,0.16666666666666669,0.16666666666666669,0.16666666666666669,0.16666666666666669
93,93.0,93.4,0.16666666666666669,0.16666666666666669,0.16666666666666669,0.16666666666666669,0.16666666666666669,0.16666666666666669
94,94.0,94.5,0.16666666666666669,0.16666666666666669,0.16666666666666669,0.16666666666666669,0.16666666666666669,0.16666666666666669
95,95.0,95.6,0.16666666666666669,0.16666666666666669,0.16666666666666669,0.16666666666666669,0.16666666666666669,0.16666666666666669
96,96.0,96.6,0.16666666666666669,0.16666666666666669,0.16666666666666669,0.16666666666666669,0.16666666666666669,0.16666666666666669
97,97.0,97.6,0.16666666666666669,0.16666666666666669,0.16666666666666669,0.16666666666666669,0.16666666666666669,0.16666666666666669
98,98.0,98.6,0.16666666666666669,0.16666666666666669,0.16666666666666669,0.16666666666666669,0.16666666666666669,0.16666666666666669
99,99.0,99.6,0.16666666666666669,0.16666666666666669,0.16666666666666669,0.16666666666666669,0.16666666666666669,0.16666666666666669
100,100.0,100.6,0.16666666666666669,0.16666666666666669,0.16666666666666669,0.16666666666666669,0.16666666666666669,0.16666666666666669
101,101.0,101.6,0.16666666666666669,0.16666666666666669,0.16666666666666669,0.16666666666666669,0.16666666666666669,0.16666666666666669
102,102.0,102.6,0.16666666666666669,0.16666666666666669,0.16666666666666669,0.16666666666666669,0.16666666666666669,0.16666666666666669
103,103.0,103.6,0.16666666666666669,0.16666666666666669,0.16666666666666669,0.16666666666666669,0.16666666666666669,0.16666666666666669
104,104.0,104.6,0.16666666666666669,0.16666666666666669,0.16666666666666669,0.16666666666666669,0.16666666666666669,0.16666666666666669
105,105.0,105.6,0.16666666666666669,0.16666666666666669,0.16666666666666669,0.16666666666666669,0.16666666666666669,0.16666666666666669
106,106.0,106.6,0.16666666666666669,0.16666666666666669,0.16666666666666669,0.16666666666666669,0.16666666666666669,0.16666666666666669
107,107.0,107.7,0.16666666666666669,0.16666666666666669,0.16666666666666669,0.16666666666666669,0.16666666666666669,0.16666666666666669
108,108.0,108.7,0.16666666666666669,0.16666666666666669,0.16666666666666669,0.16666666666666669,0.16666666666666669,0.16666666666666669
109,109.0,109.8,0.16666666666666669,0.16666666666666669,0.16666666666666669,0.16666666666666669,0.16666666666666669,0.16666666666666669
110,110.0,110.8,0.16666666666666669,0.16666666666666669,0.16666666666666669,0.16666666666666669,0.16666666666666669,0.16666666666666669
111,111.0,111.8,0.16666666666666669,0.16666666666666669,0.16666666666666669,0.16666666666666669,0.16666666666666669,0.16666666666666669
112,112.0,112.8,0.16666666666666669,0.16666666666666669,0.16666666666666669,0.16666666666666669,0.16666666666666669,0.16666666666666669
113,113.0,113.8,0.16666666666666669,0.16666666666666669,0.16666666666666669,0.16666666666666669,0.16666666666666669,0.16666666666666669
114,114.0,114.8,0.16666666666666669,0.16666666666666669,0.16666666666666669,0.16666666666666669,0.16666666666666669,0.16666666666666669
115,115.0,115.8,0.16666666666666669,0.16666666666666669,0.16666666666666669,0.16666666666666669,0.16666666666666669,0.16666666666666669
116,116.0,116.8,0.16666666666666669,0.16666666666666669,0.16666666666666669,0.16666666666666669,0.16666666666666669,0.16666666666666669
117,117.0,117.8,0.16666666666666669,0.16666666666666669,0.16666666666666669,0.16666666666666669,0.16666666666666669,0.16666666666666669
118,118.0,118.8,0.16666666666666669,0.16666666666666669,0.16666666666666669,0.16666666666666669,0.16666666666666669,0.16666666666666669
119,119.0,119.8,0.16666666666666669,0.16666666666666669,0.16666666666666669,0.16666666666666669,0.16666666666666669,0.16666666666666669
120,120.0,120.8,0.16666666666666669,0.16666666666666669,0.16666666666666669,0.16666666666666669,0.16666666666666669,0.16666666666666669
121,121.0,121.8,0.16666666666666669,0.16666666666666669,0.16666666666666669,0.16666666666666669,0.16666666666666669,0.16666666666666669
122,122.0,122.8,0.16666666666666669,0.16666666666666669,0.16666666666666669,0.16666666666666669,0.16666666666666669,0.16666666666666669
123,123.0,123.8,0.16666666666666669,0.16666666666666669,0.16666666666666669,0.16666666666666669,0.16666666666666669,0.16666666666666669
124,124.0,124.8,0.16666666666666669,0.16666666666666669,0.16666666666666669,0.16666666666666669,0.16666666666666669,0.16666666666666669
125,125.0,125.8,0.16666666666666669,0.16666666666666669,0.16666666666666669,0.16666666666666669,0.16666666666666669,0.16666666666666669
126,126.0,126.8,0.16666666666666669,0.16666666666666669,0.16666666666666669,0.16666666666666669,0.16666666666666669,0.16666666666666669
127,127.0,127.8,0.16666666666666669,0.16666666666666669,0.16666666666666669,0.16666666666666669,0.16666666666666669,0.16666666666666669
128,128.0,128.8,0.16666666666666669,0.16666666666666669,0.16666666666666669,0.16666666666666669,0.16666666666666669,0.16666666666666669
129,129.0,129.8,0.16666666666666669,0.16666666666666669,0.16666666666666669,0.16666666666666669,0.16666666666666669,0.16666666666666669
130,130.0,130.8,0.16666666666666669,0.16666666666666669,0.16666666666666669,0.16666666666666669,0.16666666666666669,0.16666666666666669
131,131.0,131.8,0.16666666666666669,0.16666666666666669,0.16666666666666669,0.16666666666666669,0.16666666666666669,0.16666666666666669
132,132.0,132.8,0.16666666666666669,0.16666666666666669,0.16666666666666669,0.16666666666666669,0.16666666666666669,0.16666666666666669
133,133.0,133.8,0.16666666666666669,0.16666666666666669,0.16666666666666669,0.16666666666666669,0.16666666666666669,0.16666666666666669
134,134.0,134.8,0.16666666666666669,0.16666666666666669,0.16666666666666669,0.16666666666666669,0.16666666666666669,0.16666666666666669
135,135.0,135.8,0.16666666666666669,0.16666666666666669,0.16666666666666669,0.16666666666666669,0.16666666666666669,0.16666666666666669
136,136.0,136.8,0.16666666666666669,0.16666666666666669,0.16666666666666669,0.16666666666666669,0.16666666666666669,0.16666666666666669
137,137.0,137.8,0.16666666666666669,0.16666666666666669,0.16666666666666669,0.16666666666666669,0.16666666666666669,0.16666666666666669
138,138.0,138.8,0.16666666666666669,0.16666666666666669,0.16666666666666669,0.16666666666666669,0.16666666666666669,0.16666666666666669
139,139.0,139.8,0.16666666666666669,0.16666666666666669,0.16666666666666669,0.16666666666666669,0.16666666666666669,0.16666666666666669
140,140.0,140.8,0.16666666666666669,0.16666666666666669,0.16666666666666669,0.16666666666666669,0.16666666666666669,0.16666666666666669
141,141.0,141.8,0.16666666666666669,0.16666666666666669,0.16666666666666669,0.16666666666666669,0.16666666666666669,0.16666666666666669
142,142.0,142.8,0.16666666666666669,0.16666666666666669,0.16666666666666669,0.16666666666666669,0.16666666666666669,0.16666666666666669
143,143.0,143.8,0.16666666666666669,0.16666666666666669,0.16666666666666669,0.16666666666666669,0.16666666666666669,0.16666666666666669
144,144.0,144.8,0.16666666666666669,0.16666666666666669,0.16666666666666669,0.16666666666666669,0.16666666666666669,0.16666666666666669
145,145.0,145.8,0.16666666666666669,0.16666666666666669,0.16666666666666669,0.16666666666666669,0.16666666666666669,0.16666666666666669
146,146.0,146.8,0.16666666666666669,0.16666666666666669,0.16666666666666669,0.16666666666666669,0.16666666666666669,0.16666666666666669
147,147.0,147.8,0.16666666666666669,0.16666666666666669,0.16666666666666669,0.16666666666666669,0.16666666666666669,0.16666666666666669
148,148.0,148.8,0.16666666666666669,0.16666666666666669,0.16666666666666669,0.16666666666666669,0.16666666666666669,0.16666666666666669
149,149.0,149.8,0.16666666666666669,0.16666666666666669,0.16666666666666669,0.16666666666666669,0.16666666666666669,0.16666666666666669
150,150.0,150.8,0.16666666666666669,0.16666666666666669,0.16666666666666669,0.16666666666666669,0.16666666666666669,0.16666666666666669
151,151.0,151.8,0.16666666666666669,0.16666666666666669,0.16666666666666669,0.16666666666666669,0.16666666666666669,0.16666666666666669
152,152.0,152.8,0.16666666666666669,0.16666666666666669,0.16666666666666669,0.16666666666666669,0.16666666666666669,0.16666666666666669
153,153.0,153.8,0.16666666666666669,0.16666666666666669,0.16666666666666669,0.16666666666666669,0.16666666666666669,0.16666666666666669
154,154.0,154.8,0.16666666666666669,0.16666666666666669,0.16666666666666669,0.16666666666666669,0.16666666666666669,0.16666666666666669
155,155.0,155.8,0.16666666666666669,0.16666666666666669,0.16666666666666669,0.16666666666666669,0.16666666666666669,0.16666666666666669
156,156.0,156.8,0.16666666666666669,0.16666666666666669,0.16666666666666669,0.16666666666666669,0.16666666666666669,0.16666666666666669
157,157.0,157.8,0.16666666666666669,0.16666666666666669,0.16666666666666669,0.16666666666666669,0.16666666666666669,0.16666666666666669
158,158.0,158.8,0.16666666666666669,0.16666666666666669,0.16666666666666669,0.16666666666666669,0.16666666666666669,0.16666666666666669
159,159.0,159.8,0.16666666666666669,0.16666666666666669,0.16666666666666669,0.16666666666666669,0.16666666666666669,0.16666666666666669
160,160.0,160.8,0.16666666666666669,0.16666666666666669,0.16666666666666669,0.16666666666666669,0.16666666666666669,0.16666666666666669
161,161.0,161.8,0.16666666666666669,0.16666666666666669,0.16666666666666669,0.16666666666666669,0.16666666666666669,0.16666666666666669
162,162.0,162.8,0.16666666666666669,0.16666666666666669,0.16666666666666669,0.16666666666666669,0.16666666666666669,0.16666666666666669
163,163.0,163.9,0.16666666666666669,0.16666666666666669,0.16666666666666669,0.16666666666666669,0.16666666666666669,0.16666666666666669
164,164.0,164.9,0.16666666666666669,0.16666666666666669,0.16666666666666669,0.16666666666666669,0.16666666666666669,0.16666666666666669
165,165.0,165.9,0.16666666666666669,0.16666666666666669,0.16666666666666669,0.16666666666666669,0.16666666666666669,0.16666666666666669
166,166.0,166.9,0.16666666666666669,0.16666666666666669,0.16666666666666669,0.16666666666666669,0.16666666666666669,0.16666666666666669
167,167.0,167.9,0.16666666666666669,0.16666666666666669,0.16666666666666669,0.16666666666666669,0.16666666666666669,0.16666666666666669
168,168.0,168.9,0.16666666666666669,0.16666666666666669,0.16666666666666669,0.16666666666666669,0.16666666666666669,0.16666666666666669
169,169.0,169.9,0.16666666666666669,0.16666666666666669,0.16666666666666669,0.16666666666666669,0.16666666666666669,0.16666666666666669
170,170.0,170.9,0.16666666666666669,0.16666666666666669,0.16666666666666669,0.16666666666666669,0.16666666666666669,0.16666666666666669
171,171.0,171.9,0.16666666666666669,0.16666666666666669,0.16666666666666669,0.16666666666666669,0.16666666666666669,0.16666666666666669
172,172.0,172.9,0.16666666666666669,0.16666666666666669,0.16666666666666669,0.16666666666666669,0.16666666666666669,0.16666666666666669
173,173.0,173.9,0.16666666666666669,0.16666666666666669,0.16666666666666669,0.16666666666666669,0.16666666666666669,0.16666666666666669
174,174.0,174.9,0.16666666666666669,0.16666666666666669,0.16666666666666669,0.16666666666666669,0.16666666666666669,0.16666666666666669
175,175.0,175.9,0.16666666666666669,0.16666666666666669,0.16666666666666669,0.16666666666666669,0.16666666666666669,0.16666666666666669
176,176.0,176.9,0.16666666666666669,0.16666666666666669,0.16666666666666669,0.16666666666666669,0.16666666666666669,0.16666666666666669
177,177.0,177.9,0.16666666666666669,0.16666666666666669,0.16666666666666669,0.16666666666666669,0.16666666666666669,0.16666666666666669
178,178.0,178.9,0.16666666666666669,0.16666666666666669,0.16666666666666669,0.16666666666666669,0.16666666666666669,0.16666666666666669
179,179.0,179.9,0.16666666666666669,0.16666666666666669,0.16666666666666669,0.16666666666666669,0.16666666666666669,0.16666666666666669
180,180.0,180.9,0.16666666666666669,0.16666666666666669,0.16666666666666669,0.16666666666666669,0.16666666666666669,0.16666666666666669
181,181.0,181.9,0.16666666666666669,0.16666666666666669,0.16666666666666669,0.16666666666666669,0.16666666666666669,0.16666666666666669
182,182.0,182.9,0.16666666666666669,0.16666666666666669,0.16666666666666669,0.16666666666666669,0.16666666666666669,0.16666666666666669
183,183.0,183.9,0.16666666666666669,0.16666666666666669,0.16666666666666669,0.16666666666666669,0.16666666666666669,0.16666666666666669
184,184.0,184.9,0.16666666666666669,0.16666666666666669,0.16666666666666669,0.16666666666666669,0.16666666666666669,0.16666666666666669
185,185.0,185.9,0.16666666666666669,0.16666666666666669,0.16666666666666669,0.16666666666666669,0.16666666666666669,0.16666666666666669
186,186.0,186.9,0.16666666666666669,0.16666666666666669,0.16666666666666669,0.16666666666666669,0.16666666666666669,0.16666666666666669
187,187.0,187.9,0.16666666666666669,0.16666666666666669,0.16666666666666669,0.16666666666666669,0.16666666666666669,0.16666666666666669
188,188.0,189.0,0.16666666666666669,0.16666666666666669,0.16666666666666669,0.16666666666666669,0.16666666666666669,0.16666666666666669
189,189.0,190.0,0.16666666666666669,0.16666666666666669,0.16666666666666669,0.16666666666666669,0.16666666666666669,0.16666666666666669
190,190.0,191.0,0.16666666666666669,0.16666666666666669,0.16666666666666669,0.16666666666666669,0.16666666666666669,0.16666666666666669
191,191.0,192.0,0.16666666666666669,0.16666666666666669,0.16666666666666669,0.16666666666666669,0.16666666666666669,0.16666666666666669
192,192.0,193.0,0.16666666666666669,0.16666666666666669,0.16666666666666669,0.16666666666666669,0.16666666666666669,0.16666666666666669
193,193.0,194.0,0.16666666666666669,0.16666666666666669,0.16666666666666669,0.16666666666666669,0.16666666666666669,0.16666666666666669
194,194.0,195.0,0.16666666666666669,0.16666666666666669,0.16666666666666669,0.16666666666666669,0.16666666666666669,0.16666666666666669
195,195.0,196.0,0.16666666666666669,0.16666666666666669,0.16666666666666669,0.16666666666666669,0.16666666666666669,0.16666666666666669
196,196.0,197.0,0.16666666666666669,0.16666666666666669,0.16666666666666669,0.16666666666666669,0.16666666666666669,0.16666666666666669
197,197.0,198.0,0.16666666666666669,0.16666666666666669,0.16666666666666669,0.16666666666666669,0.16666666666666669,0.16666666666666669
198,198.0,199.0,0.16666666666666669,0.16666666666666669,0.16666666666666669,0.16666666666666669,0.16666666666666669,0.16666666666666669
199,199.0,200.0,0.16428571428571428,0.16428571428571428,0.17857142857142855,0.16428571428571428,0.16428571428571428,0.16428571428571428
200,200.0,201.0,0.16190476190476188,0.17619047619047618,0.17619047619047618,0.16190476190476188,0.16190476190476188,0.16190476190476188
201,201.0,202.0,0.15833333333333333,0.19583333333333333,0.17083333333333334,0.15833333333333333,0.15833333333333333,0.15833333333333333
202,202.0,203.0,0.16785714285714287,0.1910714285714286,0.1660714285714286,0.15357142857142858,0.15455182072829132,0.16687675070028013
203,203.0,204.0,0.1767857142857143,0.18928571428571428,0.16428571428571428,0.15178571428571427,0.15276610644257702,0.16509103641456585
204,204.0,205.0,0.18611111111111114,0.19583333333333333,0.1597222222222222,0.1486111111111111,0.14959150326797385,0.16013071895424838
205,205.0,206.0,0.1823872387238724,0.19127612761276128,0.16627612761276128,0.14528602860286027,0.14726622662266226,0.16750825082508253
206,206.0,207.0,0.1759046345811052,0.19588383838383838,0.1699747474747475,0.14172162804515745,0.15479352346999403,0.16172162804515747
207,207.0,208.0,0.17514705882352943,0.20194444444444443,0.16694444444444445,0.1409640522875817,0.1540359477124183,0.1609640522875817
208,208.0,209.0,0.17514705882352943,0.20194444444444443,0.16694444444444445,0.1409640522875817,0.1540359477124183,0.1609640522875817
209,209.0,210.0,0.17514705882352943,0.20194444444444443,0.16694444444444445,0.1409640522875817,0.1540359477124183,0.1609640522875817
210,210.0,211.0,0.1741666666666667,0.20194444444444443,0.16694444444444445,0.14194444444444446,0.1540359477124183,0.1609640522875817
211,211.0,212.0,0.1741666666666667,0.20194444444444443,0.16694444444444445,0.14194444444444446,0.1540359477124183,0.1609640522875817
212,212.0,213.0,0.16845238095238096,0.20595238095238094,0.19523809523809524,0.14345238095238094,0.14443277310924368,0.1424719887955182
213,213.0,214.0,0.16428571428571428,0.2017857142857143,0.2017857142857143,0.1392857142857143,0.14026610644257703,0.1525910364145658
214,214.0,215.0,0.172457235321313,0.19842810910772074,0.21174294960702728,0.13495723532131298,0.13592810910772074,0.1464863615349052
215,215.0,216.0,0.16611166611166608,0.18866411366411368,0.22787212787212785,0.14250055500055497,0.1333125208125208,0.14153901653901652
216,216.0,217.0,0.1776226551226551,0.18671356421356422,0.22414502164502165,0.14055916305916302,0.13135281385281383,0.13960678210678207
217,217.0,218.0,0.17408730158730154,0.1838095238095238,0.2259126984126984,0.14952380952380948,0.12920634920634919,0.13746031746031745
218,218.0,219.0,0.18186507936507934,0.18269841269841272,0.22273809523809524,0.14730158730158727,0.1280952380952381,0.13730158730158729
219,219.0,220.0,0.18106232865666824,0.18125463634897598,0.22644049346879536,0.14650782131914206,0.12728350266086114,0.13745121754555714
220,220.0,221.0,0.1697925153766275,0.18109593418004635,0.22629942487419125,0.14635793593737517,0.12805056314402108,0.1484036264877386
221,221.0,222.0,0.14685600744011956,0.18065942624353842,0.23431529789006428,0.16481031688975614,0.12761405520751315,0.14574489632900847
222,222.0,223.0,0.14503782562193773,0.17884124442535657,0.23795166152642788,0.1611739532533925,0.12579587338933135,0.15119944178355393
223,223.0,224.0,0.14521482930361435,0.18641700200111413,0.232471627541721,0.16041637749581675,0.12503829763175558,0.15044186602597817
224,224.0,225.0,0.15576469826469824,0.18447552447552445,0.2296963221963222,0.15848355348355347,0.1230795130795131,0.14850038850038852
225,225.0,226.0,0.15803003825939604,0.16834276579689425,0.23583330023696997,0.16076588294478203,0.12625378953360605,0.15077422322835168
226,226.0,227.0,0.161477424206782,0.16258019503432344,0.22838325028692,0.1647027793816785,0.13541795869777523,0.14743839239252082
227,227.0,228.0,0.148977424206782,0.16258019503432344,0.24088325028691998,0.1647027793816785,0.13541795869777523,0.14743839239252082
228,228.0,229.0,0.148977424206782,0.16258019503432344,0.24088325028691998,0.1647027793816785,0.13541795869777523,0.14743839239252082
229,229.0,230.0,0.148977424206782,0.16258019503432344,0.24088325028691998,0.1647027793816785,0.13541795869777523,0.14743839239252082
230,230.0,231.0,0.148977424206782,0.16258019503432344,0.24088325028691998,0.1647027793816785,0.13541795869777523,0.14743839239252082
231,231.0,232.0,0.14746227269163048,0.16182261927674768,0.24770143210510182,0.16167247635137544,0.13466038294019947,0.1466808166349451
232,232.0,233.0,0.15008158508158506,0.14083916083916084,0.26145687645687643,0.16291958041958038,0.13587412587412587,0.14882867132867134
233,233.0,234.0,0.15697725697725698,0.14005071505071504,0.2568386568386568,0.16213932463932462,0.13506111006111005,0.14893293643293642
234,234.0,235.0,0.15697725697725698,0.14005071505071504,0.2568386568386568,0.16213932463932462,0.13506111006111005,0.14893293643293642
235,235.0,236.0,0.1606303418803419,0.14460470085470084,0.27202380952380956,0.15873778998778995,0.13869810744810743,0.12530525030525028
236,236.0,237.0,0.1549557387057387,0.14031898656898656,0.28484126984126984,0.16445207570207568,0.13441239316239315,0.12101953601953601
237,237.0,238.0,0.15273351648351646,0.13920787545787544,0.28261904761904766,0.16222985347985347,0.13330128205128203,0.12990842490842489
238,238.0,239.0,0.15273351648351646,0.13920787545787544,0.28261904761904766,0.16222985347985347,0.13330128205128203,0.12990842490842489
239,239.0,240.1,0.1615466477966478,0.13690989565989564,0.28390692640692644,0.15902278277278276,0.13100330225330223,0.12761044511044511
240,240.0,241.1,0.15932442557442555,0.13579878454878452,0.2905735930735931,0.17041167166167165,0.11739219114219113,0.126499333999334
241,241.0,242.1,0.15856684981684982,0.1350412087912088,0.3051190476190476,0.16889652014652015,0.11663461538461536,0.11574175824175822
242,242.0,243.1,0.1465369352869353,0.14273351648351645,0.30757631257631257,0.1648366910866911,0.12460470085470084,0.1137118437118437
243,243.0,244.1,0.1465369352869353,0.14273351648351645,0.30757631257631257,0.1648366910866911,0.12460470085470084,0.1137118437118437
244,244.0,245.1,0.1465369352869353,0.13162240537240538,0.3186874236874237,0.1648366910866911,0.12460470085470084,0.1137118437118437
245,245.0,246.1,0.1465369352869353,0.13162240537240538,0.32637973137973136,0.15714438339438339,0.12460470085470084,0.1137118437118437
246,246.0,247.1,0.14098137973137975,0.13440018315018315,0.31249084249084247,0.1682554945054945,0.12738247863247862,0.1164896214896215
247,247.0,248.1,0.14987026862026862,0.13328907203907203,0.3113797313797314,0.16381105006105007,0.12627136752136753,0.1153785103785104
248,248.0,249.1,0.14875915750915752,0.13106684981684982,0.30915750915750917,0.1715888278388278,0.1251602564102564,0.11426739926739929
249,249.0,250.1,0.14993339993339994,0.12561771561771562,0.3082917082917083,0.17892107892107892,0.1226873126873127,0.11454878454878455
250,250.0,251.1,0.13150584216621952,0.12417879814106232,0.32405638386770463,0.17690863643693833,0.12953680491416342,0.11381353447391185
251,251.0,252.1,0.12984528050565786,0.1219687859310501,0.32401975383107456,0.18413696366526558,0.12787624325360175,0.11215297281335015
252,252.0,253.1,0.13603575669613405,0.12101640497866913,0.32021023002155075,0.1836607731890751,0.12740005277741126,0.11167678233715968
253,253.0,254.1,0.1352024233628007,0.12018307164533579,0.31782029291463254,0.1832441065224084,0.1332333861107446,0.11031671944407792
254,254.0,255.1,0.14505090821128558,0.12169822316048731,0.31933544442978407,0.18551683379513567,0.11732429520165369,0.11107429520165368
255,255.0,256.1,0.14259236046971896,0.12018307164533579,0.31782029291463254,0.19252083608215684,0.11656671944407793,0.11031671944407792
256,256.0,257.1,0.14242484151362655,0.12099421606430953,0.3176615907457029,0.19237095070038995,0.11639920048798551,0.11014920048798552
257,257.0,258.1,0.14242484151362655,0.12099421606430953,0.3176615907457029,0.19237095070038995,0.11639920048798551,0.11014920048798552
258,258.0,259.1,0.14242484151362655,0.12099421606430953,0.3176615907457029,0.19237095070038995,0.11639920048798551,0.11014920048798552
259,259.0,260.1,0.14242484151362655,0.12099421606430953,0.3176615907457029,0.19237095070038995,0.11639920048798551,0.11014920048798552
260,260.0,261.1,0.15000059908938412,0.12023664030673378,0.3138737119578241,0.19085579918523846,0.11564162473040976,0.10939162473040975
261,261.0,262.1,0.1479832536896858,0.12655262824036878,0.3077274072821077,0.18920610084436362,0.12014765791291353,0.10838295203056059
262,262.0,263.1,0.14623075781954287,0.12480013237022584,0.3150641881483003,0.18778040235984161,0.11861781520660024,0.10750670409548913
263,263.0,264.1,0.14623075781954287,0.12480013237022584,0.3150641881483003,0.18778040235984161,0.11861781520660024,0.10750670409548913
264,264.0,265.1,0.1406752022639873,0.12480013237022584,0.327762600846713,0.18063754521698444,0.11861781520660024,0.10750670409548913
265,265.0,266.1,0.13955840455840457,0.12371794871794872,0.3309401709401709,0.18094017094017095,0.11797720797720797,0.10686609686609687
266,266.0,267.1,0.1366417378917379,0.1228846153846154,0.3276068376068376,0.18052350427350425,0.1175605413105413,0.11478276353276354
267,267.0,268.1,0.13775284900284898,0.12399572649572652,0.3309401709401709,0.1727457264957265,0.11867165242165242,0.11589387464387464
268,268.0,269.1,0.1366417378917379,0.1228846153846154,0.3276068376068376,0.1705235042735043,0.12756054131054134,0.11478276353276354
269,269.0,270.1,0.12972596360754254,0.12567644343960133,0.35488108382845224,0.14269863908021801,0.12915088079561762,0.1178669892485682
270,270.0,271.1,0.12972596360754254,0.12567644343960133,0.35488108382845224,0.14269863908021801,0.12915088079561762,0.1178669892485682
271,271.0,272.1,0.12972596360754254,0.12567644343960133,0.36397199291936133,0.14269863908021801,0.12005997170470854,0.1178669892485682
272,272.0,273.1,0.12896838784996678,0.1332522010153589,0.36018411413148255,0.1411834875650665,0.1193023959471328,0.11710941349099244
273,273.0,274.1,0.12896838784996678,0.1332522010153589,0.36018411413148255,0.1411834875650665,0.1193023959471328,0.11710941349099244
274,274.0,275.1,0.12896838784996678,0.1332522010153589,0.36018411413148255,0.1411834875650665,0.1193023959471328,0.11710941349099244
275,275.0,276.1,0.12896838784996678,0.1332522010153589,0.36018411413148255,0.1411834875650665,0.1193023959471328,0.11710941349099244
276,276.0,277.1,0.13329531092688987,0.1444701497333076,0.34031231925968763,0.14262579525737418,0.12074470363944048,0.11855172118330012
277,277.0,278.1,0.13294668294668294,0.14313186813186812,0.340964590964591,0.14163614163614163,0.11542531542531542,0.1258954008954009
278,278.0,279.1,0.1323972323972324,0.1486263736263736,0.3387667887667888,0.14053724053724054,0.11487586487586485,0.1247964997964998
279,279.0,280.1,0.1323972323972324,0.1486263736263736,0.3387667887667888,0.14053724053724054,0.11487586487586485,0.1247964997964998
280,280.0,281.1,0.1327240297828533,0.14927996839761543,0.3364792070674424,0.14086403792286145,0.11552945964710667,0.12512329718212073
281,281.0,282.1,0.1339145059733295,0.14070853982618686,0.3445744451626805,0.13657832363714714,0.11671993583758289,0.12750424956307307
282,282.0,283.1,0.1339145059733295,0.14070853982618686,0.3445744451626805,0.13657832363714714,0.11671993583758289,0.12750424956307307
283,283.0,284.1,0.13428215303215302,0.14144383394383392,0.34200091575091573,0.13694597069597067,0.11745522995522995,0.1278718966218966
284,284.0,285.1,0.13428215303215302,0.14144383394383392,0.34200091575091573,0.13694597069597067,0.11745522995522995,0.1278718966218966
285,285.0,286.1,0.13342745217745217,0.1593925518925519,0.3146504884004884,0.1403647741147741,0.12087403337403338,0.13129070004070004
286,286.0,287.1,0.1408375828964064,0.1553239244415715,0.316112906701142,0.13888601594483946,0.1190276281452752,0.1298119418707654
287,287.0,288.1,0.14202183437477556,0.1538439991381168,0.316206277382748,0.1456740644975939,0.11694390576743516,0.1253099188393306
288,288.0,289.1,0.14202183437477556,0.1538439991381168,0.316206277382748,0.1456740644975939,0.11694390576743516,0.1253099188393306
289,289.0,290.1,0.14404564389858507,0.17408209437621203,0.3063253250017956,0.1392454930690225,0.11896771529124468,0.11733372836314013
290,290.0,291.1,0.15376786612080728,0.17130431659843426,0.3049364361129067,0.1364677152912447,0.1175788264023558,0.11594483947425124
291,291.0,292.1,0.15154564389858508,0.16908209437621202,0.3038253250017956,0.1342454930690225,0.1164677152912447,0.12483372836314013
292,292.0,293.1,0.14335119945414063,0.17074876104287867,0.3091031027795734,0.1341066041801336,0.11716215973568915,0.12552817280758458
293,293.0,294.1,0.14335119945414063,0.17074876104287867,0.3091031027795734,0.1341066041801336,0.11716215973568915,0.12552817280758458
294,294.0,295.1,0.14335119945414063,0.17074876104287867,0.3091031027795734,0.1341066041801336,0.11716215973568915,0.12552817280758458
295,295.0,296.1,0.14335119945414063,0.17074876104287867,0.3091031027795734,0.1341066041801336,0.11716215973568915,0.12552817280758458
