Total_iterations,Unnamed: 0.1,Intertwine_two,Add_vertex,Delete_vertex,Invert_path_vertices,Insert_inside_vertex,Delete_inside_vertex
0,0.0,0.1666666666666666,0.1666666666666666,0.1666666666666666,0.1666666666666666,0.1666666666666666,0.1666666666666666
1,1.0,0.1666666666666666,0.1666666666666666,0.1666666666666666,0.1666666666666666,0.1666666666666666,0.1666666666666666
2,2.0,0.1666666666666666,0.1666666666666666,0.1666666666666666,0.1666666666666666,0.1666666666666666,0.1666666666666666
3,3.0,0.1666666666666666,0.1666666666666666,0.1666666666666666,0.1666666666666666,0.1666666666666666,0.1666666666666666
4,4.0,0.1666666666666666,0.1666666666666666,0.1666666666666666,0.1666666666666666,0.1666666666666666,0.1666666666666666
5,5.0,0.1666666666666666,0.1666666666666666,0.1666666666666666,0.1666666666666666,0.1666666666666666,0.1666666666666666
6,6.0,0.1666666666666666,0.1666666666666666,0.1666666666666666,0.1666666666666666,0.1666666666666666,0.1666666666666666
7,7.0,0.1666666666666666,0.1666666666666666,0.1666666666666666,0.1666666666666666,0.1666666666666666,0.1666666666666666
8,8.0,0.1666666666666666,0.1666666666666666,0.1666666666666666,0.1666666666666666,0.1666666666666666,0.1666666666666666
9,9.0,0.1666666666666666,0.1666666666666666,0.1666666666666666,0.1666666666666666,0.1666666666666666,0.1666666666666666
10,10.0,0.1666666666666666,0.1666666666666666,0.1666666666666666,0.1666666666666666,0.1666666666666666,0.1666666666666666
11,11.0,0.1666666666666666,0.1666666666666666,0.1666666666666666,0.1666666666666666,0.1666666666666666,0.1666666666666666
12,12.0,0.1666666666666666,0.1666666666666666,0.1666666666666666,0.1666666666666666,0.1666666666666666,0.1666666666666666
13,13.0,0.1666666666666666,0.1666666666666666,0.1666666666666666,0.1666666666666666,0.1666666666666666,0.1666666666666666
14,14.0,0.1666666666666666,0.1666666666666666,0.1666666666666666,0.1666666666666666,0.1666666666666666,0.1666666666666666
15,15.0,0.1666666666666666,0.1666666666666666,0.1666666666666666,0.1666666666666666,0.1666666666666666,0.1666666666666666
16,16.0,0.1666666666666666,0.1666666666666666,0.1666666666666666,0.1666666666666666,0.1666666666666666,0.1666666666666666
17,17.0,0.1666666666666666,0.1666666666666666,0.1666666666666666,0.1666666666666666,0.1666666666666666,0.1666666666666666
18,18.0,0.1666666666666666,0.1666666666666666,0.1666666666666666,0.1666666666666666,0.1666666666666666,0.1666666666666666
19,19.0,0.1666666666666666,0.1666666666666666,0.1666666666666666,0.1666666666666666,0.1666666666666666,0.1666666666666666
20,20.0,0.1666666666666666,0.1666666666666666,0.1666666666666666,0.1666666666666666,0.1666666666666666,0.1666666666666666
21,21.0,0.1666666666666666,0.1666666666666666,0.1666666666666666,0.1666666666666666,0.1666666666666666,0.1666666666666666
22,22.0,0.1666666666666666,0.1666666666666666,0.1666666666666666,0.1666666666666666,0.1666666666666666,0.1666666666666666
23,23.0,0.1666666666666666,0.1666666666666666,0.1666666666666666,0.1666666666666666,0.1666666666666666,0.1666666666666666
24,24.0,0.1666666666666666,0.1666666666666666,0.1666666666666666,0.1666666666666666,0.1666666666666666,0.1666666666666666
25,25.0,0.1666666666666666,0.1666666666666666,0.1666666666666666,0.1666666666666666,0.1666666666666666,0.1666666666666666
26,26.0,0.1666666666666666,0.1666666666666666,0.1666666666666666,0.1666666666666666,0.1666666666666666,0.1666666666666666
27,27.0,0.1666666666666666,0.1666666666666666,0.1666666666666666,0.1666666666666666,0.1666666666666666,0.1666666666666666
28,28.0,0.1666666666666666,0.1666666666666666,0.1666666666666666,0.1666666666666666,0.1666666666666666,0.1666666666666666
29,29.0,0.1666666666666666,0.1666666666666666,0.1666666666666666,0.1666666666666666,0.1666666666666666,0.1666666666666666
30,30.0,0.1666666666666666,0.1666666666666666,0.1666666666666666,0.1666666666666666,0.1666666666666666,0.1666666666666666
31,31.0,0.1666666666666666,0.1666666666666666,0.1666666666666666,0.1666666666666666,0.1666666666666666,0.1666666666666666
32,32.0,0.1666666666666666,0.1666666666666666,0.1666666666666666,0.1666666666666666,0.1666666666666666,0.1666666666666666
33,33.0,0.1666666666666666,0.1666666666666666,0.1666666666666666,0.1666666666666666,0.1666666666666666,0.1666666666666666
34,34.0,0.1666666666666666,0.1666666666666666,0.1666666666666666,0.1666666666666666,0.1666666666666666,0.1666666666666666
35,35.0,0.1666666666666666,0.1666666666666666,0.1666666666666666,0.1666666666666666,0.1666666666666666,0.1666666666666666
36,36.0,0.1666666666666666,0.1666666666666666,0.1666666666666666,0.1666666666666666,0.1666666666666666,0.1666666666666666
37,37.0,0.1666666666666666,0.1666666666666666,0.1666666666666666,0.1666666666666666,0.1666666666666666,0.1666666666666666
38,38.0,0.1666666666666666,0.1666666666666666,0.1666666666666666,0.1666666666666666,0.1666666666666666,0.1666666666666666
39,39.0,0.1666666666666666,0.1666666666666666,0.1666666666666666,0.1666666666666666,0.1666666666666666,0.1666666666666666
40,40.0,0.1666666666666666,0.1666666666666666,0.1666666666666666,0.1666666666666666,0.1666666666666666,0.1666666666666666
41,41.0,0.1666666666666666,0.1666666666666666,0.1666666666666666,0.1666666666666666,0.1666666666666666,0.1666666666666666
42,42.0,0.1666666666666666,0.1666666666666666,0.1666666666666666,0.1666666666666666,0.1666666666666666,0.1666666666666666
43,43.0,0.1666666666666666,0.1666666666666666,0.1666666666666666,0.1666666666666666,0.1666666666666666,0.1666666666666666
44,44.0,0.1666666666666666,0.1666666666666666,0.1666666666666666,0.1666666666666666,0.1666666666666666,0.1666666666666666
45,45.0,0.1666666666666666,0.1666666666666666,0.1666666666666666,0.1666666666666666,0.1666666666666666,0.1666666666666666
46,46.0,0.1666666666666666,0.1666666666666666,0.1666666666666666,0.1666666666666666,0.1666666666666666,0.1666666666666666
47,47.0,0.1666666666666666,0.1666666666666666,0.1666666666666666,0.1666666666666666,0.1666666666666666,0.1666666666666666
48,48.0,0.1666666666666666,0.1666666666666666,0.1666666666666666,0.1666666666666666,0.1666666666666666,0.1666666666666666
49,49.0,0.1666666666666666,0.1666666666666666,0.1666666666666666,0.1666666666666666,0.1666666666666666,0.1666666666666666
50,50.0,0.1666666666666666,0.1666666666666666,0.1666666666666666,0.1666666666666666,0.1666666666666666,0.1666666666666666
51,51.0,0.1666666666666666,0.1666666666666666,0.1666666666666666,0.1666666666666666,0.1666666666666666,0.1666666666666666
52,52.0,0.1666666666666666,0.1666666666666666,0.1666666666666666,0.1666666666666666,0.1666666666666666,0.1666666666666666
53,53.0,0.1666666666666666,0.1666666666666666,0.1666666666666666,0.1666666666666666,0.1666666666666666,0.1666666666666666
54,54.0,0.1666666666666666,0.1666666666666666,0.1666666666666666,0.1666666666666666,0.1666666666666666,0.1666666666666666
55,55.0,0.1666666666666666,0.1666666666666666,0.1666666666666666,0.1666666666666666,0.1666666666666666,0.1666666666666666
56,56.0,0.1666666666666666,0.1666666666666666,0.1666666666666666,0.1666666666666666,0.1666666666666666,0.1666666666666666
57,57.0,0.1666666666666666,0.1666666666666666,0.1666666666666666,0.1666666666666666,0.1666666666666666,0.1666666666666666
58,58.0,0.1666666666666666,0.1666666666666666,0.1666666666666666,0.1666666666666666,0.1666666666666666,0.1666666666666666
59,59.0,0.1666666666666666,0.1666666666666666,0.1666666666666666,0.1666666666666666,0.1666666666666666,0.1666666666666666
60,60.0,0.1666666666666666,0.1666666666666666,0.1666666666666666,0.1666666666666666,0.1666666666666666,0.1666666666666666
61,61.0,0.1666666666666666,0.1666666666666666,0.1666666666666666,0.1666666666666666,0.1666666666666666,0.1666666666666666
62,62.0,0.1666666666666666,0.1666666666666666,0.1666666666666666,0.1666666666666666,0.1666666666666666,0.1666666666666666
63,63.0,0.1666666666666666,0.1666666666666666,0.1666666666666666,0.1666666666666666,0.1666666666666666,0.1666666666666666
64,64.0,0.1666666666666666,0.1666666666666666,0.1666666666666666,0.1666666666666666,0.1666666666666666,0.1666666666666666
65,65.0,0.1666666666666666,0.1666666666666666,0.1666666666666666,0.1666666666666666,0.1666666666666666,0.1666666666666666
66,66.0,0.1666666666666666,0.1666666666666666,0.1666666666666666,0.1666666666666666,0.1666666666666666,0.1666666666666666
67,67.0,0.1666666666666666,0.1666666666666666,0.1666666666666666,0.1666666666666666,0.1666666666666666,0.1666666666666666
68,68.0,0.1666666666666666,0.1666666666666666,0.1666666666666666,0.1666666666666666,0.1666666666666666,0.1666666666666666
69,69.0,0.1666666666666666,0.1666666666666666,0.1666666666666666,0.1666666666666666,0.1666666666666666,0.1666666666666666
70,70.0,0.1666666666666666,0.1666666666666666,0.1666666666666666,0.1666666666666666,0.1666666666666666,0.1666666666666666
71,71.0,0.1666666666666666,0.1666666666666666,0.1666666666666666,0.1666666666666666,0.1666666666666666,0.1666666666666666
72,72.0,0.1666666666666666,0.1666666666666666,0.1666666666666666,0.1666666666666666,0.1666666666666666,0.1666666666666666
73,73.0,0.1666666666666666,0.1666666666666666,0.1666666666666666,0.1666666666666666,0.1666666666666666,0.1666666666666666
74,74.0,0.1666666666666666,0.1666666666666666,0.1666666666666666,0.1666666666666666,0.1666666666666666,0.1666666666666666
75,75.0,0.1666666666666666,0.1666666666666666,0.1666666666666666,0.1666666666666666,0.1666666666666666,0.1666666666666666
76,76.0,0.1666666666666666,0.1666666666666666,0.1666666666666666,0.1666666666666666,0.1666666666666666,0.1666666666666666
77,77.0,0.1666666666666666,0.1666666666666666,0.1666666666666666,0.1666666666666666,0.1666666666666666,0.1666666666666666
78,78.0,0.1666666666666666,0.1666666666666666,0.1666666666666666,0.1666666666666666,0.1666666666666666,0.1666666666666666
79,79.0,0.1666666666666666,0.1666666666666666,0.1666666666666666,0.1666666666666666,0.1666666666666666,0.1666666666666666
80,80.0,0.1666666666666666,0.1666666666666666,0.1666666666666666,0.1666666666666666,0.1666666666666666,0.1666666666666666
81,81.0,0.1666666666666666,0.1666666666666666,0.1666666666666666,0.1666666666666666,0.1666666666666666,0.1666666666666666
82,82.0,0.1666666666666666,0.1666666666666666,0.1666666666666666,0.1666666666666666,0.1666666666666666,0.1666666666666666
83,83.0,0.1666666666666666,0.1666666666666666,0.1666666666666666,0.1666666666666666,0.1666666666666666,0.1666666666666666
84,84.0,0.1666666666666666,0.1666666666666666,0.1666666666666666,0.1666666666666666,0.1666666666666666,0.1666666666666666
85,85.0,0.1666666666666666,0.1666666666666666,0.1666666666666666,0.1666666666666666,0.1666666666666666,0.1666666666666666
86,86.0,0.1666666666666666,0.1666666666666666,0.1666666666666666,0.1666666666666666,0.1666666666666666,0.1666666666666666
87,87.0,0.1666666666666666,0.1666666666666666,0.1666666666666666,0.1666666666666666,0.1666666666666666,0.1666666666666666
88,88.0,0.1666666666666666,0.1666666666666666,0.1666666666666666,0.1666666666666666,0.1666666666666666,0.1666666666666666
89,89.0,0.1666666666666666,0.1666666666666666,0.1666666666666666,0.1666666666666666,0.1666666666666666,0.1666666666666666
90,90.0,0.1666666666666666,0.1666666666666666,0.1666666666666666,0.1666666666666666,0.1666666666666666,0.1666666666666666
91,91.0,0.1666666666666666,0.1666666666666666,0.1666666666666666,0.1666666666666666,0.1666666666666666,0.1666666666666666
92,92.0,0.1666666666666666,0.1666666666666666,0.1666666666666666,0.1666666666666666,0.1666666666666666,0.1666666666666666
93,93.0,0.1666666666666666,0.1666666666666666,0.1666666666666666,0.1666666666666666,0.1666666666666666,0.1666666666666666
94,94.0,0.1666666666666666,0.1666666666666666,0.1666666666666666,0.1666666666666666,0.1666666666666666,0.1666666666666666
95,95.0,0.1666666666666666,0.1666666666666666,0.1666666666666666,0.1666666666666666,0.1666666666666666,0.1666666666666666
96,96.0,0.1666666666666666,0.1666666666666666,0.1666666666666666,0.1666666666666666,0.1666666666666666,0.1666666666666666
97,97.0,0.1666666666666666,0.1666666666666666,0.1666666666666666,0.1666666666666666,0.1666666666666666,0.1666666666666666
98,98.0,0.1666666666666666,0.1666666666666666,0.1666666666666666,0.1666666666666666,0.1666666666666666,0.1666666666666666
99,99.0,0.1666666666666666,0.1666666666666666,0.1666666666666666,0.1666666666666666,0.1666666666666666,0.1666666666666666
100,100.0,0.1666666666666666,0.1666666666666666,0.1666666666666666,0.1666666666666666,0.1666666666666666,0.1666666666666666
101,101.0,0.1666666666666666,0.1666666666666666,0.1666666666666666,0.1666666666666666,0.1666666666666666,0.1666666666666666
102,102.0,0.1666666666666666,0.1666666666666666,0.1666666666666666,0.1666666666666666,0.1666666666666666,0.1666666666666666
103,103.0,0.1666666666666666,0.1666666666666666,0.1666666666666666,0.1666666666666666,0.1666666666666666,0.1666666666666666
104,104.0,0.1666666666666666,0.1666666666666666,0.1666666666666666,0.1666666666666666,0.1666666666666666,0.1666666666666666
105,105.0,0.1666666666666666,0.1666666666666666,0.1666666666666666,0.1666666666666666,0.1666666666666666,0.1666666666666666
106,106.0,0.1666666666666666,0.1666666666666666,0.1666666666666666,0.1666666666666666,0.1666666666666666,0.1666666666666666
107,107.0,0.1666666666666666,0.1666666666666666,0.1666666666666666,0.1666666666666666,0.1666666666666666,0.1666666666666666
108,108.0,0.1666666666666666,0.1666666666666666,0.1666666666666666,0.1666666666666666,0.1666666666666666,0.1666666666666666
109,109.0,0.1666666666666666,0.1666666666666666,0.1666666666666666,0.1666666666666666,0.1666666666666666,0.1666666666666666
110,110.0,0.1666666666666666,0.1666666666666666,0.1666666666666666,0.1666666666666666,0.1666666666666666,0.1666666666666666
111,111.0,0.1666666666666666,0.1666666666666666,0.1666666666666666,0.1666666666666666,0.1666666666666666,0.1666666666666666
112,112.0,0.1666666666666666,0.1666666666666666,0.1666666666666666,0.1666666666666666,0.1666666666666666,0.1666666666666666
113,113.0,0.1666666666666666,0.1666666666666666,0.1666666666666666,0.1666666666666666,0.1666666666666666,0.1666666666666666
114,114.0,0.1666666666666666,0.1666666666666666,0.1666666666666666,0.1666666666666666,0.1666666666666666,0.1666666666666666
115,115.0,0.1666666666666666,0.1666666666666666,0.1666666666666666,0.1666666666666666,0.1666666666666666,0.1666666666666666
116,116.0,0.1666666666666666,0.1666666666666666,0.1666666666666666,0.1666666666666666,0.1666666666666666,0.1666666666666666
117,117.0,0.1666666666666666,0.1666666666666666,0.1666666666666666,0.1666666666666666,0.1666666666666666,0.1666666666666666
118,118.0,0.1666666666666666,0.1666666666666666,0.1666666666666666,0.1666666666666666,0.1666666666666666,0.1666666666666666
119,119.0,0.1666666666666666,0.1666666666666666,0.1666666666666666,0.1666666666666666,0.1666666666666666,0.1666666666666666
120,120.0,0.1666666666666666,0.1666666666666666,0.1666666666666666,0.1666666666666666,0.1666666666666666,0.1666666666666666
121,121.0,0.1666666666666666,0.1666666666666666,0.1666666666666666,0.1666666666666666,0.1666666666666666,0.1666666666666666
122,122.0,0.1666666666666666,0.1666666666666666,0.1666666666666666,0.1666666666666666,0.1666666666666666,0.1666666666666666
123,123.0,0.1666666666666666,0.1666666666666666,0.1666666666666666,0.1666666666666666,0.1666666666666666,0.1666666666666666
124,124.0,0.1666666666666666,0.1666666666666666,0.1666666666666666,0.1666666666666666,0.1666666666666666,0.1666666666666666
125,125.0,0.1666666666666666,0.1666666666666666,0.1666666666666666,0.1666666666666666,0.1666666666666666,0.1666666666666666
126,126.0,0.1666666666666666,0.1666666666666666,0.1666666666666666,0.1666666666666666,0.1666666666666666,0.1666666666666666
127,127.0,0.1666666666666666,0.1666666666666666,0.1666666666666666,0.1666666666666666,0.1666666666666666,0.1666666666666666
128,128.0,0.1666666666666666,0.1666666666666666,0.1666666666666666,0.1666666666666666,0.1666666666666666,0.1666666666666666
129,129.0,0.1666666666666666,0.1666666666666666,0.1666666666666666,0.1666666666666666,0.1666666666666666,0.1666666666666666
130,130.0,0.1666666666666666,0.1666666666666666,0.1666666666666666,0.1666666666666666,0.1666666666666666,0.1666666666666666
131,131.0,0.1666666666666666,0.1666666666666666,0.1666666666666666,0.1666666666666666,0.1666666666666666,0.1666666666666666
132,132.0,0.1666666666666666,0.1666666666666666,0.1666666666666666,0.1666666666666666,0.1666666666666666,0.1666666666666666
133,133.0,0.1666666666666666,0.1666666666666666,0.1666666666666666,0.1666666666666666,0.1666666666666666,0.1666666666666666
134,134.0,0.1666666666666666,0.1666666666666666,0.1666666666666666,0.1666666666666666,0.1666666666666666,0.1666666666666666
135,135.0,0.1666666666666666,0.1666666666666666,0.1666666666666666,0.1666666666666666,0.1666666666666666,0.1666666666666666
136,136.0,0.1666666666666666,0.1666666666666666,0.1666666666666666,0.1666666666666666,0.1666666666666666,0.1666666666666666
137,137.0,0.1666666666666666,0.1666666666666666,0.1666666666666666,0.1666666666666666,0.1666666666666666,0.1666666666666666
138,138.0,0.1666666666666666,0.1666666666666666,0.1666666666666666,0.1666666666666666,0.1666666666666666,0.1666666666666666
139,139.0,0.1666666666666666,0.1666666666666666,0.1666666666666666,0.1666666666666666,0.1666666666666666,0.1666666666666666
140,140.0,0.1666666666666666,0.1666666666666666,0.1666666666666666,0.1666666666666666,0.1666666666666666,0.1666666666666666
141,141.0,0.1666666666666666,0.1666666666666666,0.1666666666666666,0.1666666666666666,0.1666666666666666,0.1666666666666666
142,142.0,0.1666666666666666,0.1666666666666666,0.1666666666666666,0.1666666666666666,0.1666666666666666,0.1666666666666666
143,143.0,0.1666666666666666,0.1666666666666666,0.1666666666666666,0.1666666666666666,0.1666666666666666,0.1666666666666666
144,144.0,0.1666666666666666,0.1666666666666666,0.1666666666666666,0.1666666666666666,0.1666666666666666,0.1666666666666666
145,145.0,0.1666666666666666,0.1666666666666666,0.1666666666666666,0.1666666666666666,0.1666666666666666,0.1666666666666666
146,146.0,0.1666666666666666,0.1666666666666666,0.1666666666666666,0.1666666666666666,0.1666666666666666,0.1666666666666666
147,147.0,0.1666666666666666,0.1666666666666666,0.1666666666666666,0.1666666666666666,0.1666666666666666,0.1666666666666666
148,148.0,0.1666666666666666,0.1666666666666666,0.1666666666666666,0.1666666666666666,0.1666666666666666,0.1666666666666666
149,149.0,0.1666666666666666,0.1666666666666666,0.1666666666666666,0.1666666666666666,0.1666666666666666,0.1666666666666666
150,150.0,0.1666666666666666,0.1666666666666666,0.1666666666666666,0.1666666666666666,0.1666666666666666,0.1666666666666666
151,151.0,0.1666666666666666,0.1666666666666666,0.1666666666666666,0.1666666666666666,0.1666666666666666,0.1666666666666666
152,152.0,0.1666666666666666,0.1666666666666666,0.1666666666666666,0.1666666666666666,0.1666666666666666,0.1666666666666666
153,153.0,0.1666666666666666,0.1666666666666666,0.1666666666666666,0.1666666666666666,0.1666666666666666,0.1666666666666666
154,154.0,0.1666666666666666,0.1666666666666666,0.1666666666666666,0.1666666666666666,0.1666666666666666,0.1666666666666666
155,155.0,0.1666666666666666,0.1666666666666666,0.1666666666666666,0.1666666666666666,0.1666666666666666,0.1666666666666666
156,156.0,0.1666666666666666,0.1666666666666666,0.1666666666666666,0.1666666666666666,0.1666666666666666,0.1666666666666666
157,157.0,0.1666666666666666,0.1666666666666666,0.1666666666666666,0.1666666666666666,0.1666666666666666,0.1666666666666666
158,158.0,0.1666666666666666,0.1666666666666666,0.1666666666666666,0.1666666666666666,0.1666666666666666,0.1666666666666666
159,159.0,0.1666666666666666,0.1666666666666666,0.1666666666666666,0.1666666666666666,0.1666666666666666,0.1666666666666666
160,160.0,0.1666666666666666,0.1666666666666666,0.1666666666666666,0.1666666666666666,0.1666666666666666,0.1666666666666666
161,161.0,0.1666666666666666,0.1666666666666666,0.1666666666666666,0.1666666666666666,0.1666666666666666,0.1666666666666666
162,162.0,0.1666666666666666,0.1666666666666666,0.1666666666666666,0.1666666666666666,0.1666666666666666,0.1666666666666666
163,163.0,0.1666666666666666,0.1666666666666666,0.1666666666666666,0.1666666666666666,0.1666666666666666,0.1666666666666666
164,164.0,0.1666666666666666,0.1666666666666666,0.1666666666666666,0.1666666666666666,0.1666666666666666,0.1666666666666666
165,165.0,0.1666666666666666,0.1666666666666666,0.1666666666666666,0.1666666666666666,0.1666666666666666,0.1666666666666666
166,166.0,0.1666666666666666,0.1666666666666666,0.1666666666666666,0.1666666666666666,0.1666666666666666,0.1666666666666666
167,167.0,0.1666666666666666,0.1666666666666666,0.1666666666666666,0.1666666666666666,0.1666666666666666,0.1666666666666666
168,168.0,0.1666666666666666,0.1666666666666666,0.1666666666666666,0.1666666666666666,0.1666666666666666,0.1666666666666666
169,169.0,0.1666666666666666,0.1666666666666666,0.1666666666666666,0.1666666666666666,0.1666666666666666,0.1666666666666666
170,170.0,0.1666666666666666,0.1666666666666666,0.1666666666666666,0.1666666666666666,0.1666666666666666,0.1666666666666666
171,171.0,0.1666666666666666,0.1666666666666666,0.1666666666666666,0.1666666666666666,0.1666666666666666,0.1666666666666666
172,172.0,0.1666666666666666,0.1666666666666666,0.1666666666666666,0.1666666666666666,0.1666666666666666,0.1666666666666666
173,173.0,0.1666666666666666,0.1666666666666666,0.1666666666666666,0.1666666666666666,0.1666666666666666,0.1666666666666666
174,174.0,0.1666666666666666,0.1666666666666666,0.1666666666666666,0.1666666666666666,0.1666666666666666,0.1666666666666666
175,175.0,0.1666666666666666,0.1666666666666666,0.1666666666666666,0.1666666666666666,0.1666666666666666,0.1666666666666666
176,176.0,0.1666666666666666,0.1666666666666666,0.1666666666666666,0.1666666666666666,0.1666666666666666,0.1666666666666666
177,177.0,0.1666666666666666,0.1666666666666666,0.1666666666666666,0.1666666666666666,0.1666666666666666,0.1666666666666666
178,178.0,0.1666666666666666,0.1666666666666666,0.1666666666666666,0.1666666666666666,0.1666666666666666,0.1666666666666666
179,179.0,0.1666666666666666,0.1666666666666666,0.1666666666666666,0.1666666666666666,0.1666666666666666,0.1666666666666666
180,180.0,0.1666666666666666,0.1666666666666666,0.1666666666666666,0.1666666666666666,0.1666666666666666,0.1666666666666666
181,181.0,0.1666666666666666,0.1666666666666666,0.1666666666666666,0.1666666666666666,0.1666666666666666,0.1666666666666666
182,182.0,0.1666666666666666,0.1666666666666666,0.1666666666666666,0.1666666666666666,0.1666666666666666,0.1666666666666666
183,183.0,0.1666666666666666,0.1666666666666666,0.1666666666666666,0.1666666666666666,0.1666666666666666,0.1666666666666666
184,184.0,0.1666666666666666,0.1666666666666666,0.1666666666666666,0.1666666666666666,0.1666666666666666,0.1666666666666666
185,185.0,0.1666666666666666,0.1666666666666666,0.1666666666666666,0.1666666666666666,0.1666666666666666,0.1666666666666666
186,186.0,0.1666666666666666,0.1666666666666666,0.1666666666666666,0.1666666666666666,0.1666666666666666,0.1666666666666666
187,187.0,0.1666666666666666,0.1666666666666666,0.1666666666666666,0.1666666666666666,0.1666666666666666,0.1666666666666666
188,188.0,0.1666666666666666,0.1666666666666666,0.1666666666666666,0.1666666666666666,0.1666666666666666,0.1666666666666666
189,189.0,0.1666666666666666,0.1666666666666666,0.1666666666666666,0.1666666666666666,0.1666666666666666,0.1666666666666666
190,190.0,0.1666666666666666,0.1666666666666666,0.1666666666666666,0.1666666666666666,0.1666666666666666,0.1666666666666666
191,191.0,0.1666666666666666,0.1666666666666666,0.1666666666666666,0.1666666666666666,0.1666666666666666,0.1666666666666666
192,192.0,0.1666666666666666,0.1666666666666666,0.1666666666666666,0.1666666666666666,0.1666666666666666,0.1666666666666666
193,193.0,0.1666666666666666,0.1666666666666666,0.1666666666666666,0.1666666666666666,0.1666666666666666,0.1666666666666666
194,194.0,0.1666666666666666,0.1666666666666666,0.1666666666666666,0.1666666666666666,0.1666666666666666,0.1666666666666666
195,195.0,0.1666666666666666,0.1666666666666666,0.1666666666666666,0.1666666666666666,0.1666666666666666,0.1666666666666666
196,196.0,0.1666666666666666,0.1666666666666666,0.1666666666666666,0.1666666666666666,0.1666666666666666,0.1666666666666666
197,197.0,0.1666666666666666,0.1666666666666666,0.1666666666666666,0.1666666666666666,0.1666666666666666,0.1666666666666666
198,198.0,0.1666666666666666,0.1666666666666666,0.1666666666666666,0.1666666666666666,0.1666666666666666,0.1666666666666666
199,199.0,0.1664285714285714,0.1664285714285714,0.1678571428571428,0.1664285714285714,0.1664285714285714,0.1664285714285714
200,200.0,0.1659547619047619,0.1673833333333333,0.168797619047619,0.1659547619047619,0.1659547619047619,0.1659547619047619
201,201.0,0.1651306904761905,0.1702949761904762,0.1691822619047619,0.1651306904761905,0.1651306904761905,0.1651306904761905
202,202.0,0.1652734335714286,0.1726946478571429,0.1690687607142857,0.1638448621428571,0.1639429013585434,0.1651753943557423
203,203.0,0.1663205965928572,0.1748595487357143,0.1687580648928571,0.1624063108785714,0.1626014089177871,0.1650540699822129
204,204.0,0.1683002341716111,0.1776069830866905,0.1679773659411508,0.1606879484573254,0.1609782523788941,0.1644492159643282
205,205.0,0.1698876295231608,0.1798062169329783,0.1678475759864797,0.1586881456539167,0.1591710163382499,0.1645994155652146
206,206.0,0.170793021017286,0.1823609975785429,0.1680849125297372,0.1563978619045681,0.1581781856892475,0.1641850212806186
207,207.0,0.1715832319218792,0.1854015891736645,0.1680143834650887,0.1541140866158027,0.1571750339071952,0.1637116749163699
208,208.0,0.1723300600050296,0.1883035501619818,0.1679402079166986,0.1519271885126315,0.1562408064414004,0.1632581869622582
209,209.0,0.1730303752680499,0.191051723994292,0.167863492288425,0.149849348857527,0.1553779531348952,0.1628271064568109
210,210.0,0.1735837866246368,0.1936340076478727,0.167785257744539,0.1479884794179198,0.1545879651048158,0.1624205034602161
211,211.0,0.1740876856459852,0.196041167304061,0.1677064385220406,0.1462532565725386,0.1538714557038203,0.1620399962515544
212,212.0,0.1739705560039771,0.198667437416828,0.1704572463603811,0.1447992615412082,0.152267924702693,0.1598375739749128
213,213.0,0.1733932909089871,0.2006872632870072,0.1738355438084267,0.1430605305404559,0.1503297286190772,0.1586936428360462
214,214.0,0.1735998286608233,0.2021803305623562,0.1781512367485719,0.1410250765807912,0.1480509161885723,0.1569926112588853
215,215.0,0.1731397297831161,0.2025101693512632,0.1839841953497971,0.1398868215724225,0.1456171981007895,0.1548618858426119
216,216.0,0.173806459057564,0.202473508759353,0.1893000267934126,0.1386943902050327,0.1431078343529315,0.1526177808317065
217,217.0,0.1740911420116827,0.201992510740772,0.1946094927179502,0.1385363143493879,0.1405172103102117,0.1502533298699958
218,218.0,0.1751250960439234,0.2012666715436255,0.1993835837895213,0.1382816988088295,0.1379614289496141,0.1479815208644865
219,219.0,0.1760427794353106,0.2002833560427978,0.204284050691491,0.1380633671090101,0.1354813902730948,0.1458450564482961
220,220.0,0.1757919086517685,0.1991922146782217,0.2089019284715763,0.1379363245830972,0.1332440826364211,0.1449335409789154
221,221.0,0.1732124802201784,0.1979855738514706,0.2140335807392666,0.1397514405185564,0.13113491977484,0.1438820048956881
222,222.0,0.1704456117221286,0.1965445174494972,0.2192185213153322,0.1412719972605454,0.1290196463719256,0.1434997058805712
223,223.0,0.1677190525810495,0.1958281097150555,0.2235242958374315,0.1427637603125064,0.1270079050037191,0.1431568765502383
224,224.0,0.1660950940174123,0.1948950839243595,0.2272114356898238,0.1440895908298781,0.1249817632433893,0.1427270322951371
225,225.0,0.1647567613520816,0.1923378892503818,0.2311684082261068,0.1456550108681722,0.1234566408028631,0.1426252895003948
226,226.0,0.1638297333170956,0.1892202057330098,0.234031327433865,0.1476086872670927,0.1230284190101138,0.1422816272388233
227,227.0,0.1617218849945051,0.1861478904603883,0.237801473949378,0.1495379369472669,0.122766914793516,0.1420238988549459
228,228.0,0.1596973768962964,0.1831471297607682,0.2412254235767151,0.1514259100837679,0.1226580714376207,0.1418460882448319
229,229.0,0.1577681200810134,0.1802407757838456,0.2443035565084206,0.1532578545995978,0.1226877112899164,0.1417419817372063
230,230.0,0.1559438819885164,0.1774484513971201,0.2470396730847405,0.1550210539116656,0.1228416896310611,0.1417052499868963
231,231.0,0.1540808879759367,0.1747109193096817,0.2501224319572684,0.1564017202441964,0.1230302752530009,0.141653765259916
232,232.0,0.1525999384507673,0.170019911586899,0.2542482493791993,0.1578217379113664,0.1234376776830114,0.1418724849887567
233,233.0,0.1519314675339902,0.1654273525500726,0.2575717493678919,0.159072706658876,0.1238474027706304,0.142149321118539
234,234.0,0.1513803016033235,0.1610402830419353,0.2605555684324229,0.1602292447114391,0.1243282924223922,0.142466309788487
235,235.0,0.1513055303097712,0.1573374233850981,0.2647223517430784,0.1609490762928713,0.1252321210240649,0.1404534972451161
236,236.0,0.1507640239438196,0.1534489510400693,0.2698272173322217,0.162146240424538,0.1257516552012392,0.1380619120581122
237,237.0,0.1500963631398602,0.1497069151737214,0.274349514665319,0.1630245242735913,0.1261947322291965,0.1366279505183118
238,238.0,0.1495218399497332,0.1462340924968498,0.2785022775946438,0.1638070330298018,0.126664567052579,0.1352701898763926
239,239.0,0.1499181989752699,0.1428084919374776,0.282409719810068,0.1641748120441847,0.1269239875638123,0.1337647896691876
240,240.0,0.1501689843642445,0.1395553543601558,0.2866080565365851,0.1655931817533041,0.125837148059706,0.1322372749260046
241,241.0,0.1504104880506658,0.1365142072666948,0.291880760410366,0.1667663842390802,0.1246987853610776,0.1297293746721157
242,242.0,0.1495064135331154,0.1345316756670558,0.2970043032645821,0.1674375849293701,0.124390625779556,0.1271293968263206
243,243.0,0.1486630516848583,0.1328294156355453,0.3017212119264939,0.1680156566122043,0.124115422906938,0.1246552412339602
244,244.0,0.1478827648574476,0.1302853115045545,0.3071360918398239,0.1685041314714999,0.1238726331010594,0.1223190672256147
245,245.0,0.1471670484170728,0.1280089887253413,0.3128942278495276,0.1681378536717871,0.1236614429533051,0.120130438382966
246,246.0,0.1459610469338787,0.1262742101682978,0.316822516404674,0.1688093800603827,0.1237585821771179,0.1183742642556488
247,247.0,0.1457147378158678,0.1246830580856664,0.3202035482540564,0.1689637705101253,0.123771135331992,0.1166637500022919
248,248.0,0.1454235038065909,0.12311485912861,0.3229360165275352,0.1698289724881808,0.1236963243821613,0.1150003236669218
249,249.0,0.1453121739776916,0.1212380865542282,0.3251708728133856,0.1713584779301622,0.1233963394753003,0.1135240492492319
250,250.0,0.1434154336145213,0.1194488957802541,0.3285899193830339,0.1726094145894406,0.1238042120139306,0.1121321246188194
251,251.0,0.1414232152071289,0.1176649218862843,0.3316180629369011,0.1745010825240989,0.124062567061644,0.1107301503839428
252,252.0,0.1401334869125085,0.1160071459269211,0.3338864566633709,0.1762523234290839,0.1242856043188866,0.1094349827492289
253,253.0,0.1388484208118532,0.1144819068206783,0.3355522550400837,0.1778608580745037,0.1251008156683235,0.1081557435845576
254,254.0,0.1386402498316213,0.1133177184248215,0.3370256691093858,0.1795896444671334,0.1243249224963318,0.1071017956707061
255,255.0,0.1382711477590526,0.1122022387643919,0.3380233243734466,0.1819052243424821,0.123480854792835,0.1061172099677917
256,256.0,0.1379654161252382,0.111359229840712,0.3387033135796202,0.1840804138095161,0.122635300610591,0.1052563260343224
257,257.0,0.1377348519086891,0.1106968716716362,0.3391048866368373,0.1861209896987554,0.1218119408453453,0.1045304592387366
258,258.0,0.1375742440098444,0.1102037227633946,0.3392518694294213,0.1880200076090871,0.1210167896530507,0.1039333665352019
259,259.0,0.1374782028759218,0.1098677936789864,0.3391682511559098,0.1897726331592986,0.1202549776883348,0.1034581414415485
260,260.0,0.1381988079993444,0.1096009641511146,0.3384991402268594,0.1912244641783848,0.1194550315723294,0.1030215918719672
261,261.0,0.1387636359813553,0.1100987731309497,0.3370360556404521,0.1923624556115434,0.1191475493177558,0.1025915303179436
262,262.0,0.1391889277552341,0.1105360901768812,0.3361598711157213,0.1932125145052622,0.1187278321039598,0.1021747643429413
263,263.0,0.1396421086523681,0.111072315940153,0.3351603482137894,0.1939232463881549,0.1183489864425698,0.1018529943629648
264,264.0,0.1395603023959049,0.1116921972913983,0.3353296572712371,0.1937871909281895,0.1180107136349591,0.1016199384783111
265,265.0,0.1393861459932106,0.1122729514930797,0.3357241218680405,0.1935635071294272,0.1176482784008866,0.1014049951153554
266,266.0,0.1389394611497709,0.1128267469135083,0.3356979671625516,0.1931942916819819,0.117283709319318,0.1020578237728693
267,267.0,0.138625578669206,0.1135368525877162,0.3359268499653878,0.1919575121274186,0.1170694765769295,0.1028837300733419
268,268.0,0.1382232460289229,0.1141694253224723,0.3357496443643548,0.1904300704497725,0.117781577756116,0.1036460360783615
269,269.0,0.1371537541428767,0.1151050754898728,0.3382361558780115,0.1860738207587996,0.1186792924014358,0.1047519013290035
270,270.0,0.1361169335400819,0.1160528743200306,0.3406404655198068,0.1817194442201383,0.1195919514661654,0.1058783309337771
271,271.0,0.1351198852982411,0.1170021289583683,0.3438558412896,0.1774102972839438,0.1195998430086256,0.1070120041612211
272,272.0,0.1340928450879198,0.1187007770352603,0.3465720531199237,0.1730334333078164,0.1195357891080431,0.1080651023410367
273,273.0,0.1331172643262511,0.1203750745442641,0.3491527643773306,0.1687757562718743,0.1194758066659097,0.1091033338143702
274,274.0,0.1321977528759864,0.1220107135670784,0.3515857180065383,0.1646679242524582,0.1194200883608019,0.1101178029371367
275,275.0,0.131337898920488,0.1235952035620942,0.3538613602340746,0.1607360310681099,0.1193687649620682,0.111100741253165
276,276.0,0.1309730275575266,0.1262396094039359,0.3539854862906519,0.1571460325363967,0.1194661409822893,0.1121897032291995
277,277.0,0.1306330033665342,0.1286680519047431,0.3540256952417521,0.1536708661229414,0.1190346262056472,0.1139677571583817
278,278.0,0.1302951733354976,0.1315477388671914,0.3537114920351906,0.1503129789960735,0.118555224743921,0.1155773920221258
279,279.0,0.1300121468981819,0.1343102434809868,0.3532792621166011,0.147193123197304,0.1180869698296869,0.1171182544772392
280,280.0,0.1298139536981504,0.1370050184119806,0.3525163722864378,0.144351373890373,0.1176987888344621,0.1186144928785959
281,281.0,0.1297837281980167,0.1386959224925886,0.3524789235966247,0.1413303547258885,0.1174467802659339,0.1202642907209475
282,282.0,0.1297978330256494,0.1402378623384717,0.3523661749914535,0.138563917166965,0.117212704109975,0.1218215083674851
283,283.0,0.1298884588058781,0.1417038443864084,0.3519294310073352,0.1360910321345181,0.1170706372986527,0.1233165963672072
284,284.0,0.1300139589503466,0.1430206281251257,0.3514370762690645,0.1338739849909304,0.1169466230950285,0.124707728569504
285,285.0,0.1300841209357163,0.1459848373430301,0.3481645526643967,0.1322512427606322,0.117181976722249,0.1263332695739754
286,286.0,0.1309217131068618,0.1483798400395413,0.345030382607622,0.1307240342499118,0.1172460750303895,0.1276979549656735
287,287.0,0.1318931299066251,0.1504567907800762,0.3419297918656205,0.1301099712624882,0.1171132068010808,0.1284971093841092
288,288.0,0.1328686920710935,0.152359918530138,0.3388820250529904,0.1297129555061579,0.1169919323843666,0.1291844764552535
289,289.0,0.134040610394533,0.1561113838350829,0.3349241822068257,0.1288723952725179,0.1170846860955353,0.1289667421955051
290,290.0,0.1361676094428912,0.1593896319371669,0.3309372461843383,0.1279418442624292,0.1170481058386555,0.128515562334519
291,291.0,0.1380356889309705,0.1622369798534329,0.3269778845522741,0.1269673848414153,0.1169093797019894,0.1288726821199178
292,292.0,0.1390326155754736,0.1650347107899668,0.3237107112656894,0.1261492635558899,0.116849553979327,0.1292231448336533
293,293.0,0.139973035394313,0.1676098091353764,0.320624179222902,0.1254925278051595,0.1167988368864945,0.1295016115557545
294,294.0,0.1408531948718668,0.16995878716532,0.31773108961996,0.1249876063932519,0.1167568247314372,0.129712497218164
295,295.0,0.1416703184474879,0.1720807671310449,0.3150410291089084,0.1246243671004039,0.1167230671419281,0.1298604510702267
296,296.0,0.1424225384756135,0.1739772290393156,0.3125605953856686,0.124392274107638,0.1166970762373075,0.1299502867544567
297,297.0,0.1431088231107118,0.1756517600767949,0.3102936301086918,0.1242805337148736,0.1166783352581328,0.129986917730795
298,298.0,0.1448400141568456,0.175998696909076,0.3082414560861215,0.1242782280660383,0.1166663066216511,0.1299752981602674
299,299.0,0.1461609757291168,0.1759251073661337,0.3062920048216316,0.1252633256321163,0.1165493282688469,0.1298092581821546
300,300.0,0.1473995211591889,0.1756737799809198,0.304554498552059,0.1263272351159556,0.1164390649548804,0.1296059002369962
301,301.0,0.148551506606981,0.1752650018115134,0.3030251178406078,0.1274514362309416,0.1163359478090075,0.1293709897009485
302,302.0,0.1496140682162434,0.1747186057180281,0.3016983439385802,0.1286186578028099,0.1162402933858776,0.1291100309384608
303,303.0,0.1505855227547362,0.1740538174538064,0.3005671839040541,0.1298129255701534,0.1161523119574477,0.128828238359802
304,304.0,0.1514652663841516,0.1732891241185643,0.2996233879506248,0.1310195922357513,0.1160721160385322,0.1285305132723758
305,305.0,0.1522536727591031,0.1724421631527563,0.2988576576297168,0.1322253512431221,0.1159997290373686,0.1282214261779332
306,306.0,0.1519519915412876,0.1715296309290969,0.2982598436812871,0.1334182357680148,0.1169350939321934,0.1279052041481202
307,307.0,0.1513904301203418,0.1703853917137897,0.297728223516663,0.1344057862316102,0.1185953546117324,0.127494813805863
308,308.0,0.1512079514381475,0.1688180845721786,0.2970294593270755,0.1349726865094279,0.1212000768993767,0.1267717412537938
309,309.0,0.1516284620176414,0.1678956793783001,0.2931730173926812,0.1361653226272576,0.1244212249538968,0.1267162936302229
310,310.0,0.1518154798048818,0.1680409319673417,0.2891231200171947,0.1371372166179417,0.127392966696082,0.126490284896558
311,311.0,0.1518123092980471,0.1679035605430574,0.2849832625121311,0.1390336602622246,0.1301323507365692,0.1261348566479706
312,312.0,0.151763001031613,0.1677632012210228,0.2810538394654984,0.1408682341583034,0.1327602190051235,0.1257915051184388
313,313.0,0.1515615507530928,0.1673993341620109,0.2771308794396979,0.1424065573198156,0.1351503332851414,0.1263513450402413
314,314.0,0.1513251871664803,0.1670379488103096,0.2734529657329043,0.1438628715886027,0.1374025678326765,0.1269184588690265
315,315.0,0.1510597652384508,0.1666824108487049,0.2700323728502847,0.1452308147112494,0.1395081882755016,0.1274864480758085
316,316.0,0.1507708450224263,0.1663356909178031,0.2683061460668196,0.1465055443711432,0.1400322283910881,0.1280495452307197
317,317.0,0.1505747766604778,0.1662225966360652,0.2670586189769359,0.1467947457290716,0.1405244312078293,0.1288248307896202
318,318.0,0.150364235650817,0.1661208963813921,0.2660543968821744,0.1469940796016518,0.1408830584274424,0.1295833330565222
319,319.0,0.1499642032397403,0.1658518963250528,0.2672831597579388,0.1469319679701215,0.1409393099088727,0.1290294627982738
320,320.0,0.1495583431772146,0.1655957307334915,0.2687057500498474,0.1467958907869212,0.1408835749968383,0.1284607102556871
321,321.0,0.1491512968290097,0.1653536778161459,0.2702885591133667,0.14659460537905,0.1407276096798062,0.1278842511826215
322,322.0,0.1487472532871759,0.1651267468347681,0.2719997369807003,0.1463366454230538,0.1404829966514463,0.1273066208228557
