,Unnamed: 0,Total_iterations,Intertwine_two,Invert_path_vertices,Insert_inside_vertex,Delete_inside_vertex,Replace_inside_vertex,Donate_between_routes,MSC_add_terminal,MSC_del_terminal
0,0.0,0.0,0.125,0.125,0.125,0.125,0.125,0.125,0.125,0.125
1,1.0,1.0,0.125,0.125,0.125,0.125,0.125,0.125,0.125,0.125
2,2.0,2.0,0.125,0.125,0.125,0.125,0.125,0.125,0.125,0.125
3,3.0,3.0,0.125,0.125,0.125,0.125,0.125,0.125,0.125,0.125
4,4.0,4.0,0.125,0.125,0.125,0.125,0.125,0.125,0.125,0.125
5,5.0,5.0,0.125,0.125,0.125,0.125,0.125,0.125,0.125,0.125
6,6.0,6.0,0.125,0.125,0.125,0.125,0.125,0.125,0.125,0.125
7,7.0,7.0,0.125,0.125,0.125,0.125,0.125,0.125,0.125,0.125
8,8.0,8.0,0.125,0.125,0.125,0.125,0.125,0.125,0.125,0.125
9,9.0,9.0,0.125,0.125,0.125,0.125,0.125,0.125,0.125,0.125
10,10.0,10.0,0.125,0.125,0.125,0.125,0.125,0.125,0.125,0.125
11,11.0,11.0,0.125,0.125,0.125,0.125,0.125,0.125,0.125,0.125
12,12.0,12.0,0.125,0.125,0.125,0.125,0.125,0.125,0.125,0.125
13,13.0,13.0,0.125,0.125,0.125,0.125,0.125,0.125,0.125,0.125
14,14.0,14.0,0.125,0.125,0.125,0.125,0.125,0.125,0.125,0.125
15,15.0,15.0,0.125,0.125,0.125,0.125,0.125,0.125,0.125,0.125
16,16.0,16.0,0.125,0.125,0.125,0.125,0.125,0.125,0.125,0.125
17,17.0,17.0,0.125,0.125,0.125,0.125,0.125,0.125,0.125,0.125
18,18.0,18.0,0.125,0.125,0.125,0.125,0.125,0.125,0.125,0.125
19,19.0,19.0,0.125,0.125,0.125,0.125,0.125,0.125,0.125,0.125
20,20.0,20.0,0.125,0.125,0.125,0.125,0.125,0.125,0.125,0.125
21,21.0,21.0,0.125,0.125,0.125,0.125,0.125,0.125,0.125,0.125
22,22.0,22.0,0.125,0.125,0.125,0.125,0.125,0.125,0.125,0.125
23,23.0,23.0,0.125,0.125,0.125,0.125,0.125,0.125,0.125,0.125
24,24.0,24.0,0.125,0.125,0.125,0.125,0.125,0.125,0.125,0.125
25,25.0,25.0,0.125,0.125,0.125,0.125,0.125,0.125,0.125,0.125
26,26.0,26.0,0.125,0.125,0.125,0.125,0.125,0.125,0.125,0.125
27,27.0,27.0,0.125,0.125,0.125,0.125,0.125,0.125,0.125,0.125
28,28.0,28.0,0.125,0.125,0.125,0.125,0.125,0.125,0.125,0.125
29,29.0,29.0,0.125,0.125,0.125,0.125,0.125,0.125,0.125,0.125
30,30.0,30.0,0.125,0.125,0.125,0.125,0.125,0.125,0.125,0.125
31,31.0,31.0,0.125,0.125,0.125,0.125,0.125,0.125,0.125,0.125
32,32.0,32.0,0.125,0.125,0.125,0.125,0.125,0.125,0.125,0.125
33,33.0,33.0,0.125,0.125,0.125,0.125,0.125,0.125,0.125,0.125
34,34.0,34.0,0.125,0.125,0.125,0.125,0.125,0.125,0.125,0.125
35,35.0,35.0,0.125,0.125,0.125,0.125,0.125,0.125,0.125,0.125
36,36.0,36.0,0.125,0.125,0.125,0.125,0.125,0.125,0.125,0.125
37,37.0,37.0,0.125,0.125,0.125,0.125,0.125,0.125,0.125,0.125
38,38.0,38.0,0.125,0.125,0.125,0.125,0.125,0.125,0.125,0.125
39,39.0,39.0,0.125,0.125,0.125,0.125,0.125,0.125,0.125,0.125
40,40.0,40.0,0.125,0.125,0.125,0.125,0.125,0.125,0.125,0.125
41,41.0,41.0,0.125,0.125,0.125,0.125,0.125,0.125,0.125,0.125
42,42.0,42.0,0.125,0.125,0.125,0.125,0.125,0.125,0.125,0.125
43,43.0,43.0,0.125,0.125,0.125,0.125,0.125,0.125,0.125,0.125
44,44.0,44.0,0.125,0.125,0.125,0.125,0.125,0.125,0.125,0.125
45,45.0,45.0,0.125,0.125,0.125,0.125,0.125,0.125,0.125,0.125
46,46.0,46.0,0.125,0.125,0.125,0.125,0.125,0.125,0.125,0.125
47,47.0,47.0,0.125,0.125,0.125,0.125,0.125,0.125,0.125,0.125
48,48.0,48.0,0.125,0.125,0.125,0.125,0.125,0.125,0.125,0.125
49,49.0,49.0,0.125,0.125,0.125,0.125,0.125,0.125,0.125,0.125
50,50.0,50.0,0.125,0.125,0.125,0.125,0.125,0.125,0.125,0.125
51,51.0,51.0,0.125,0.125,0.125,0.125,0.125,0.125,0.125,0.125
52,52.0,52.0,0.125,0.125,0.125,0.125,0.125,0.125,0.125,0.125
53,53.0,53.0,0.125,0.125,0.125,0.125,0.125,0.125,0.125,0.125
54,54.0,54.0,0.125,0.125,0.125,0.125,0.125,0.125,0.125,0.125
55,55.0,55.0,0.125,0.125,0.125,0.125,0.125,0.125,0.125,0.125
56,56.0,56.0,0.125,0.125,0.125,0.125,0.125,0.125,0.125,0.125
57,57.0,57.0,0.125,0.125,0.125,0.125,0.125,0.125,0.125,0.125
58,58.0,58.0,0.125,0.125,0.125,0.125,0.125,0.125,0.125,0.125
59,59.0,59.0,0.125,0.125,0.125,0.125,0.125,0.125,0.125,0.125
60,60.0,60.0,0.125,0.125,0.125,0.125,0.125,0.125,0.125,0.125
61,61.0,61.0,0.125,0.125,0.125,0.125,0.125,0.125,0.125,0.125
62,62.0,62.0,0.125,0.125,0.125,0.125,0.125,0.125,0.125,0.125
63,63.0,63.0,0.125,0.125,0.125,0.125,0.125,0.125,0.125,0.125
64,64.0,64.0,0.125,0.125,0.125,0.125,0.125,0.125,0.125,0.125
65,65.0,65.0,0.125,0.125,0.125,0.125,0.125,0.125,0.125,0.125
66,66.0,66.0,0.125,0.125,0.125,0.125,0.125,0.125,0.125,0.125
67,67.0,67.1,0.125,0.125,0.125,0.125,0.125,0.125,0.125,0.125
68,68.0,68.1,0.125,0.125,0.125,0.125,0.125,0.125,0.125,0.125
69,69.0,69.1,0.125,0.125,0.125,0.125,0.125,0.125,0.125,0.125
70,70.0,70.3,0.125,0.125,0.125,0.125,0.125,0.125,0.125,0.125
71,71.0,71.3,0.125,0.125,0.125,0.125,0.125,0.125,0.125,0.125
72,72.0,72.4,0.125,0.125,0.125,0.125,0.125,0.125,0.125,0.125
73,73.0,73.4,0.125,0.125,0.125,0.125,0.125,0.125,0.125,0.125
74,74.0,74.4,0.125,0.125,0.125,0.125,0.125,0.125,0.125,0.125
75,75.0,75.4,0.125,0.125,0.125,0.125,0.125,0.125,0.125,0.125
76,76.0,76.4,0.125,0.125,0.125,0.125,0.125,0.125,0.125,0.125
77,77.0,77.4,0.125,0.125,0.125,0.125,0.125,0.125,0.125,0.125
78,78.0,78.4,0.125,0.125,0.125,0.125,0.125,0.125,0.125,0.125
79,79.0,79.5,0.125,0.125,0.125,0.125,0.125,0.125,0.125,0.125
80,80.0,80.5,0.125,0.125,0.125,0.125,0.125,0.125,0.125,0.125
81,81.0,81.5,0.125,0.125,0.125,0.125,0.125,0.125,0.125,0.125
82,82.0,82.5,0.125,0.125,0.125,0.125,0.125,0.125,0.125,0.125
83,83.0,83.6,0.125,0.125,0.125,0.125,0.125,0.125,0.125,0.125
84,84.0,84.6,0.125,0.125,0.125,0.125,0.125,0.125,0.125,0.125
85,85.0,85.6,0.125,0.125,0.125,0.125,0.125,0.125,0.125,0.125
86,86.0,86.6,0.125,0.125,0.125,0.125,0.125,0.125,0.125,0.125
87,87.0,87.6,0.125,0.125,0.125,0.125,0.125,0.125,0.125,0.125
88,88.0,88.7,0.125,0.125,0.125,0.125,0.125,0.125,0.125,0.125
89,89.0,89.7,0.125,0.125,0.125,0.125,0.125,0.125,0.125,0.125
90,90.0,90.8,0.125,0.125,0.125,0.125,0.125,0.125,0.125,0.125
91,91.0,91.8,0.125,0.125,0.125,0.125,0.125,0.125,0.125,0.125
92,92.0,92.8,0.125,0.125,0.125,0.125,0.125,0.125,0.125,0.125
93,93.0,93.8,0.125,0.125,0.125,0.125,0.125,0.125,0.125,0.125
94,94.0,94.8,0.125,0.125,0.125,0.125,0.125,0.125,0.125,0.125
95,95.0,95.8,0.125,0.125,0.125,0.125,0.125,0.125,0.125,0.125
96,96.0,96.8,0.125,0.125,0.125,0.125,0.125,0.125,0.125,0.125
97,97.0,97.8,0.125,0.125,0.125,0.125,0.125,0.125,0.125,0.125
98,98.0,98.8,0.125,0.125,0.125,0.125,0.125,0.125,0.125,0.125
99,99.0,99.8,0.125,0.125,0.125,0.125,0.125,0.125,0.125,0.125
100,100.0,100.8,0.125,0.125,0.125,0.125,0.125,0.125,0.125,0.125
101,101.0,101.8,0.125,0.125,0.125,0.125,0.125,0.125,0.125,0.125
102,102.0,102.8,0.125,0.125,0.125,0.125,0.125,0.125,0.125,0.125
103,103.0,103.8,0.125,0.125,0.125,0.125,0.125,0.125,0.125,0.125
104,104.0,104.8,0.125,0.125,0.125,0.125,0.125,0.125,0.125,0.125
105,105.0,105.8,0.125,0.125,0.125,0.125,0.125,0.125,0.125,0.125
106,106.0,106.8,0.125,0.125,0.125,0.125,0.125,0.125,0.125,0.125
107,107.0,107.8,0.125,0.125,0.125,0.125,0.125,0.125,0.125,0.125
108,108.0,108.8,0.125,0.125,0.125,0.125,0.125,0.125,0.125,0.125
109,109.0,109.8,0.125,0.125,0.125,0.125,0.125,0.125,0.125,0.125
110,110.0,110.8,0.125,0.125,0.125,0.125,0.125,0.125,0.125,0.125
111,111.0,111.8,0.125,0.125,0.125,0.125,0.125,0.125,0.125,0.125
112,112.0,112.8,0.125,0.125,0.125,0.125,0.125,0.125,0.125,0.125
113,113.0,113.8,0.125,0.125,0.125,0.125,0.125,0.125,0.125,0.125
114,114.0,114.8,0.125,0.125,0.125,0.125,0.125,0.125,0.125,0.125
115,115.0,115.8,0.125,0.125,0.125,0.125,0.125,0.125,0.125,0.125
116,116.0,116.8,0.125,0.125,0.125,0.125,0.125,0.125,0.125,0.125
117,117.0,117.8,0.125,0.125,0.125,0.125,0.125,0.125,0.125,0.125
118,118.0,118.8,0.125,0.125,0.125,0.125,0.125,0.125,0.125,0.125
119,119.0,119.8,0.125,0.125,0.125,0.125,0.125,0.125,0.125,0.125
120,120.0,120.8,0.125,0.125,0.125,0.125,0.125,0.125,0.125,0.125
121,121.0,121.8,0.125,0.125,0.125,0.125,0.125,0.125,0.125,0.125
122,122.0,122.8,0.125,0.125,0.125,0.125,0.125,0.125,0.125,0.125
123,123.0,123.8,0.125,0.125,0.125,0.125,0.125,0.125,0.125,0.125
124,124.0,124.8,0.125,0.125,0.125,0.125,0.125,0.125,0.125,0.125
125,125.0,125.8,0.125,0.125,0.125,0.125,0.125,0.125,0.125,0.125
126,126.0,126.8,0.125,0.125,0.125,0.125,0.125,0.125,0.125,0.125
127,127.0,127.9,0.125,0.125,0.125,0.125,0.125,0.125,0.125,0.125
128,128.0,128.9,0.125,0.125,0.125,0.125,0.125,0.125,0.125,0.125
129,129.0,129.9,0.125,0.125,0.125,0.125,0.125,0.125,0.125,0.125
130,130.0,130.9,0.125,0.125,0.125,0.125,0.125,0.125,0.125,0.125
131,131.0,131.9,0.125,0.125,0.125,0.125,0.125,0.125,0.125,0.125
132,132.0,132.9,0.125,0.125,0.125,0.125,0.125,0.125,0.125,0.125
133,133.0,133.9,0.125,0.125,0.125,0.125,0.125,0.125,0.125,0.125
134,134.0,134.9,0.125,0.125,0.125,0.125,0.125,0.125,0.125,0.125
135,135.0,135.9,0.125,0.125,0.125,0.125,0.125,0.125,0.125,0.125
136,136.0,136.9,0.125,0.125,0.125,0.125,0.125,0.125,0.125,0.125
137,137.0,137.9,0.125,0.125,0.125,0.125,0.125,0.125,0.125,0.125
138,138.0,139.0,0.125,0.125,0.125,0.125,0.125,0.125,0.125,0.125
139,139.0,140.0,0.125,0.125,0.125,0.125,0.125,0.125,0.125,0.125
140,140.0,141.0,0.125,0.125,0.125,0.125,0.125,0.125,0.125,0.125
141,141.0,142.0,0.125,0.125,0.125,0.125,0.125,0.125,0.125,0.125
142,142.0,143.0,0.125,0.125,0.125,0.125,0.125,0.125,0.125,0.125
143,143.0,144.0,0.125,0.125,0.125,0.125,0.125,0.125,0.125,0.125
144,144.0,145.0,0.125,0.125,0.125,0.125,0.125,0.125,0.125,0.125
145,145.0,146.0,0.125,0.125,0.125,0.125,0.125,0.125,0.125,0.125
146,146.0,147.0,0.125,0.125,0.125,0.125,0.125,0.125,0.125,0.125
147,147.0,148.0,0.125,0.125,0.125,0.125,0.125,0.125,0.125,0.125
148,148.0,149.0,0.125,0.125,0.125,0.125,0.125,0.125,0.125,0.125
149,149.0,150.1,0.125,0.125,0.125,0.125,0.125,0.125,0.125,0.125
150,150.0,151.1,0.125,0.125,0.125,0.125,0.125,0.125,0.125,0.125
151,151.0,152.1,0.125,0.125,0.125,0.125,0.125,0.125,0.125,0.125
152,152.0,153.1,0.125,0.125,0.125,0.125,0.125,0.125,0.125,0.125
153,153.0,154.1,0.125,0.125,0.125,0.125,0.125,0.125,0.125,0.125
154,154.0,155.1,0.125,0.125,0.125,0.125,0.125,0.125,0.125,0.125
155,155.0,156.1,0.125,0.125,0.125,0.125,0.125,0.125,0.125,0.125
156,156.0,157.1,0.125,0.125,0.125,0.125,0.125,0.125,0.125,0.125
157,157.0,158.1,0.125,0.125,0.125,0.125,0.125,0.125,0.125,0.125
158,158.0,159.1,0.125,0.125,0.125,0.125,0.125,0.125,0.125,0.125
159,159.0,160.2,0.125,0.125,0.125,0.125,0.125,0.125,0.125,0.125
160,160.0,161.2,0.125,0.125,0.125,0.125,0.125,0.125,0.125,0.125
161,161.0,162.2,0.125,0.125,0.125,0.125,0.125,0.125,0.125,0.125
162,162.0,163.2,0.125,0.125,0.125,0.125,0.125,0.125,0.125,0.125
163,163.0,164.3,0.125,0.125,0.125,0.125,0.125,0.125,0.125,0.125
164,164.0,165.3,0.125,0.125,0.125,0.125,0.125,0.125,0.125,0.125
165,165.0,166.3,0.125,0.125,0.125,0.125,0.125,0.125,0.125,0.125
166,166.0,167.3,0.125,0.125,0.125,0.125,0.125,0.125,0.125,0.125
167,167.0,168.3,0.125,0.125,0.125,0.125,0.125,0.125,0.125,0.125
168,168.0,169.3,0.125,0.125,0.125,0.125,0.125,0.125,0.125,0.125
169,169.0,170.4,0.125,0.125,0.125,0.125,0.125,0.125,0.125,0.125
170,170.0,171.4,0.125,0.125,0.125,0.125,0.125,0.125,0.125,0.125
171,171.0,172.4,0.125,0.125,0.125,0.125,0.125,0.125,0.125,0.125
172,172.0,173.4,0.125,0.125,0.125,0.125,0.125,0.125,0.125,0.125
173,173.0,174.5,0.125,0.125,0.125,0.125,0.125,0.125,0.125,0.125
174,174.0,175.5,0.125,0.125,0.125,0.125,0.125,0.125,0.125,0.125
175,175.0,176.5,0.125,0.125,0.125,0.125,0.125,0.125,0.125,0.125
176,176.0,177.6,0.125,0.125,0.125,0.125,0.125,0.125,0.125,0.125
177,177.0,178.7,0.125,0.125,0.125,0.125,0.125,0.125,0.125,0.125
178,178.0,179.7,0.125,0.125,0.125,0.125,0.125,0.125,0.125,0.125
179,179.0,180.7,0.125,0.125,0.125,0.125,0.125,0.125,0.125,0.125
180,180.0,181.7,0.125,0.125,0.125,0.125,0.125,0.125,0.125,0.125
181,181.0,182.7,0.125,0.125,0.125,0.125,0.125,0.125,0.125,0.125
182,182.0,183.7,0.125,0.125,0.125,0.125,0.125,0.125,0.125,0.125
183,183.0,184.7,0.125,0.125,0.125,0.125,0.125,0.125,0.125,0.125
184,184.0,185.7,0.125,0.125,0.125,0.125,0.125,0.125,0.125,0.125
185,185.0,186.7,0.125,0.125,0.125,0.125,0.125,0.125,0.125,0.125
186,186.0,187.7,0.125,0.125,0.125,0.125,0.125,0.125,0.125,0.125
187,187.0,188.7,0.125,0.125,0.125,0.125,0.125,0.125,0.125,0.125
188,188.0,189.7,0.125,0.125,0.125,0.125,0.125,0.125,0.125,0.125
189,189.0,190.7,0.125,0.125,0.125,0.125,0.125,0.125,0.125,0.125
190,190.0,191.7,0.125,0.125,0.125,0.125,0.125,0.125,0.125,0.125
191,191.0,192.7,0.125,0.125,0.125,0.125,0.125,0.125,0.125,0.125
192,192.0,193.7,0.125,0.125,0.125,0.125,0.125,0.125,0.125,0.125
193,193.0,194.7,0.125,0.125,0.125,0.125,0.125,0.125,0.125,0.125
194,194.0,195.7,0.125,0.125,0.125,0.125,0.125,0.125,0.125,0.125
195,195.0,196.7,0.125,0.125,0.125,0.125,0.125,0.125,0.125,0.125
196,196.0,197.7,0.125,0.125,0.125,0.125,0.125,0.125,0.125,0.125
197,197.0,198.7,0.125,0.125,0.125,0.125,0.125,0.125,0.125,0.125
198,198.0,199.7,0.12361111111111112,0.13472222222222224,0.12361111111111112,0.12361111111111112,0.12361111111111112,0.12361111111111112,0.12361111111111112,0.12361111111111112
199,199.0,200.7,0.12222222222222223,0.13333333333333336,0.12222222222222223,0.12222222222222223,0.12222222222222223,0.12222222222222223,0.13333333333333336,0.12222222222222223
200,200.0,201.8,0.12083333333333335,0.13194444444444448,0.12083333333333335,0.13194444444444445,0.12083333333333335,0.12083333333333335,0.13194444444444448,0.12083333333333335
201,201.0,202.8,0.11722222222222223,0.12833333333333335,0.12722222222222224,0.13722222222222222,0.11722222222222223,0.11722222222222223,0.1272222222222222,0.12833333333333335
202,202.0,203.8,0.11583333333333334,0.12694444444444447,0.12583333333333335,0.14694444444444446,0.11583333333333334,0.11583333333333334,0.12583333333333332,0.12694444444444447
203,203.0,204.8,0.11472222222222224,0.12583333333333332,0.12472222222222225,0.15583333333333332,0.11472222222222224,0.11472222222222224,0.12472222222222222,0.12472222222222222
204,204.0,205.8,0.11472222222222224,0.13583333333333333,0.12472222222222225,0.14583333333333331,0.11472222222222224,0.11472222222222224,0.12472222222222222,0.12472222222222222
205,205.0,206.8,0.11472222222222224,0.13583333333333333,0.12472222222222225,0.14583333333333331,0.11472222222222224,0.11472222222222224,0.12472222222222222,0.12472222222222222
206,206.0,207.8,0.11472222222222224,0.13583333333333333,0.12472222222222225,0.13583333333333333,0.11472222222222224,0.11472222222222224,0.12472222222222222,0.13472222222222224
207,207.0,208.8,0.11472222222222224,0.13583333333333333,0.12472222222222225,0.13583333333333333,0.11472222222222224,0.11472222222222224,0.12472222222222222,0.13472222222222224
208,208.0,209.8,0.11333333333333336,0.13444444444444445,0.12333333333333336,0.13444444444444445,0.11333333333333336,0.11333333333333336,0.12333333333333334,0.14444444444444446
209,209.0,210.8,0.11242424242424243,0.13353535353535353,0.12242424242424244,0.13353535353535353,0.11242424242424243,0.11242424242424243,0.12242424242424241,0.15080808080808084
210,210.0,211.8,0.11151515151515153,0.13171717171717173,0.1206060606060606,0.1326262626262626,0.11151515151515153,0.11151515151515153,0.1215151515151515,0.15898989898989901
211,211.0,212.8,0.11151515151515153,0.13171717171717173,0.1206060606060606,0.1326262626262626,0.11151515151515153,0.11151515151515153,0.1215151515151515,0.15898989898989901
212,212.0,213.8,0.11071727917472599,0.13198312916398022,0.12087201805286911,0.13395604986030518,0.11071727917472599,0.11178110896196003,0.12178110896196001,0.15819202664947346
213,213.0,214.8,0.11164673046251994,0.13184875066454013,0.12073763955342902,0.1226993620414673,0.11059409888357256,0.11164673046251994,0.12164673046251992,0.16917995746943118
214,214.0,215.8,0.12053561935140882,0.13073763955342904,0.11962652844231791,0.12158825093035619,0.10948298777246146,0.11053561935140883,0.12053561935140882,0.16695773524720894
215,215.0,216.8,0.12767676767676767,0.1296969696969697,0.11858585858585857,0.12053661616161615,0.10949494949494949,0.10949494949494949,0.11949494949494947,0.1650189393939394
216,216.0,217.8,0.12767676767676767,0.1296969696969697,0.11858585858585857,0.12053661616161615,0.10949494949494949,0.10949494949494949,0.11949494949494947,0.1650189393939394
217,217.0,218.8,0.13676767676767676,0.1296969696969697,0.11858585858585857,0.12053661616161615,0.10949494949494949,0.10949494949494949,0.11949494949494947,0.15592803030303032
218,218.0,219.8,0.13676767676767676,0.1296969696969697,0.11858585858585857,0.12053661616161615,0.10949494949494949,0.10949494949494949,0.11949494949494947,0.15592803030303032
219,219.0,220.8,0.13703363421448528,0.13102675693101223,0.11778798624543305,0.12082473672899204,0.10869707715452397,0.10869707715452397,0.11976090694175798,0.15617182462927143
220,220.0,221.8,0.13703363421448528,0.11991564581990113,0.11778798624543305,0.12082473672899204,0.10869707715452397,0.10869707715452397,0.11976090694175798,0.16728293574038253
221,221.0,222.8,0.13703363421448528,0.11991564581990113,0.11778798624543305,0.12082473672899204,0.10869707715452397,0.10869707715452397,0.11976090694175798,0.16728293574038253
222,222.0,223.8,0.13703363421448528,0.11991564581990113,0.11778798624543305,0.12082473672899204,0.10869707715452397,0.10869707715452397,0.11976090694175798,0.16728293574038253
223,223.0,224.8,0.13703363421448528,0.11991564581990113,0.11778798624543305,0.12082473672899204,0.10869707715452397,0.10869707715452397,0.11976090694175798,0.16728293574038253
224,224.0,225.8,0.14612454330539434,0.11991564581990113,0.11778798624543305,0.12082473672899204,0.10869707715452397,0.10869707715452397,0.11976090694175798,0.15819202664947346
225,225.0,226.8,0.14612454330539434,0.11991564581990113,0.11778798624543305,0.12082473672899204,0.10869707715452397,0.10869707715452397,0.11976090694175798,0.15819202664947346
226,226.0,227.8,0.14558080808080806,0.1194191919191919,0.11719696969696969,0.12143939393939393,0.11032828282828282,0.10810606060606061,0.1192171717171717,0.1587121212121212
227,227.0,229.0,0.14544649794649794,0.11927267177267176,0.11707486957486957,0.12237956487956488,0.11018176268176268,0.10798396048396049,0.11908286158286156,0.15857781107781105
228,228.0,230.0,0.14468892218892218,0.118515096015096,0.11631729381729379,0.12995532245532243,0.10942418692418691,0.10722638472638471,0.11832528582528581,0.15554750804750803
229,229.0,231.0,0.14357781107781104,0.11740398490398488,0.11520618270618269,0.12884421134421134,0.10831307581307578,0.1161152736152736,0.1172141747141747,0.1533252858252858
230,230.0,232.0,0.11657314907314906,0.11767205017205015,0.11547424797424796,0.13958236208236205,0.10858114108114107,0.11638333888333889,0.11748223998223997,0.16825147075147073
231,231.0,233.0,0.12546203796203795,0.11656093906093905,0.11436313686313686,0.13736013986013984,0.10747002997002997,0.11527222777222779,0.11637112887112885,0.16714035964035961
232,232.0,234.0,0.12400349650349649,0.1151023976023976,0.12199550449550449,0.13535214785214783,0.10601148851148849,0.11381368631368634,0.1149125874125874,0.1688086913086913
233,233.0,235.0,0.11170551670551669,0.1228044178044178,0.1196975246975247,0.13305416805416803,0.11482461982461982,0.1106066156066156,0.11261460761460762,0.17469252969252966
234,234.0,236.0,0.11928127428127426,0.12204684204684202,0.11893994893994893,0.13229659229659227,0.11406704406704407,0.10909146409146409,0.11185703185703184,0.1724198024198024
235,235.0,237.0,0.1254234654234654,0.11883005883005882,0.11587468087468085,0.12907980907980907,0.11175935175935174,0.10614274614274613,0.10954933954933951,0.1833405483405483
236,236.0,238.0,0.12724164724164724,0.11064824064824064,0.10769286269286267,0.12998889998889998,0.12266844266844265,0.10705183705183703,0.11045843045843043,0.18424963924963925
237,237.0,239.0,0.1277974133146547,0.11010510562234699,0.1081981045774149,0.13069623862727311,0.12327473292990532,0.10525822836167661,0.10986477124408156,0.1848054053226467
238,238.0,240.0,0.12765373515373515,0.10996142746142745,0.10806748806748805,0.13051337551337552,0.1231179931179931,0.10629009879009876,0.10973415473415471,0.18466172716172718
239,239.0,241.0,0.1282031857031857,0.110510878010878,0.10028360528360528,0.12391996891996893,0.12366744366744364,0.10683954933954931,0.11028360528360526,0.1962917637917638
240,240.0,242.0,0.12756216006216006,0.10986985236985236,0.09964257964257962,0.12327894327894326,0.123026418026418,0.10619852369852367,0.10964257964257962,0.2007789432789433
241,241.0,243.0,0.13651809875947807,0.1100135305307719,0.09977319615250647,0.12346180639284085,0.11207204672721913,0.10631607855745784,0.10977319615250647,0.20207204672721915
242,242.0,244.0,0.1359686482100275,0.10946407998132135,0.09922374560305593,0.1229123558433903,0.11152259617776858,0.10576662800800729,0.10922374560305592,0.205918200573373
243,243.0,245.0,0.13549245773383703,0.11450513088444121,0.09874755512686545,0.12243616536719984,0.11104640570157809,0.10529043753181681,0.10874755512686544,0.203734292527396
244,244.0,246.0,0.13549245773383703,0.11450513088444121,0.09874755512686545,0.12243616536719984,0.11104640570157809,0.10529043753181681,0.10874755512686544,0.203734292527396
245,245.0,247.0,0.12660356884494814,0.11561624199555232,0.09985866623797657,0.12354727647831094,0.1132686279238003,0.10640154864292792,0.10985866623797655,0.2048454036385071
246,246.0,248.0,0.12891126115264046,0.11792393430324462,0.10216635854566887,0.12585496878600327,0.1232686279238003,0.10870924095062025,0.12216635854566886,0.17099924979235323
247,247.0,249.0,0.12781236005373936,0.11737448375379407,0.10161690799621832,0.12530551823655273,0.12216972682489921,0.10761033985171915,0.12161690799621831,0.17649375528685876
248,248.0,250.0,0.1268599791013584,0.1168982932776036,0.10114071752002785,0.12482932776036224,0.12121734587251827,0.11332462556600487,0.12114071752002784,0.17458899338209682
249,249.0,251.0,0.12602664576802508,0.11648162661093693,0.10072405085336118,0.12441266109369557,0.12038401253918493,0.11207462556600487,0.12072405085336117,0.17917232671543018
250,250.0,252.0,0.12511755485893417,0.11557253570184603,0.09981495994427028,0.12350357018460464,0.11947492163009403,0.11116553465691395,0.12799677812608845,0.17735414489724835
251,251.0,253.0,0.11886755485893416,0.11557253570184603,0.09981495994427028,0.12350357018460464,0.11947492163009403,0.11116553465691395,0.12799677812608845,0.18360414489724836
252,252.0,254.0,0.11886755485893416,0.11557253570184603,0.09981495994427028,0.12350357018460464,0.11947492163009403,0.11116553465691395,0.12799677812608845,0.18360414489724836
253,253.0,255.0,0.11886755485893416,0.11557253570184603,0.09981495994427028,0.12350357018460464,0.10836381051898292,0.11116553465691395,0.12799677812608845,0.19471525600835946
254,254.0,256.0,0.11849990780011063,0.1152048886430225,0.09944731288544675,0.12313592312578112,0.10762851640133586,0.11006259348044337,0.12762913106726492,0.19839172659659474
255,255.0,257.0,0.11738879668899951,0.11409377753191138,0.09833620177433564,0.12202481201467001,0.10651740529022476,0.10895148236933225,0.1265180199561538,0.20616950437437254
256,256.0,258.0,0.11615290839428768,0.11285788923719957,0.10619122257053289,0.1207889237199582,0.10495471960989203,0.10706199930337859,0.12528213166144198,0.20671020550330893
257,257.0,259.0,0.11539533263671191,0.11210031347962379,0.10467607105538138,0.12003134796238242,0.10419714385231624,0.10630442354580283,0.12452455590386621,0.212770811563915
258,258.0,260.0,0.11539533263671191,0.11210031347962379,0.10467607105538138,0.12003134796238242,0.10419714385231624,0.10630442354580283,0.12452455590386621,0.212770811563915
259,259.0,261.0,0.11539533263671191,0.11210031347962379,0.10467607105538138,0.12003134796238242,0.10419714385231624,0.10630442354580283,0.12452455590386621,0.212770811563915
260,260.0,262.1,0.11539533263671191,0.11210031347962379,0.10467607105538138,0.12003134796238242,0.09864158829676069,0.11463775687913616,0.12452455590386621,0.20999303378613723
261,261.0,263.1,0.11510293497589322,0.11180791581880509,0.10438367339456264,0.11973895030156372,0.09834919063594197,0.11376056389668002,0.1242321582430475,0.21262461273350564
262,262.0,264.1,0.11510293497589322,0.12014124915213845,0.09605034006122933,0.11973895030156372,0.09834919063594197,0.11376056389668002,0.1242321582430475,0.21262461273350564
263,263.0,265.1,0.11446190933486758,0.11885919787008717,0.09540931442020369,0.11909792466053808,0.09770816499491633,0.12017082030693645,0.12359113260202186,0.21070153581042872
264,264.0,266.1,0.12660066423224317,0.1168366144681934,0.09799023562181455,0.1169267045582835,0.10069293832451724,0.11469415758889438,0.11482070245228138,0.21143798275377218
265,265.0,267.1,0.12645652008809902,0.11671048834206728,0.09781005544163437,0.11671048834206728,0.10047672210830103,0.11462208551682232,0.11465854029011921,0.21255509987088933
266,266.0,268.1,0.12645652008809902,0.11671048834206728,0.09781005544163437,0.11671048834206728,0.10047672210830103,0.11462208551682232,0.11465854029011921,0.21255509987088933
267,267.0,269.1,0.12645652008809902,0.11671048834206728,0.09781005544163437,0.11671048834206728,0.10047672210830103,0.11462208551682232,0.11465854029011921,0.21255509987088933
268,268.0,270.1,0.12645652008809902,0.11671048834206728,0.09781005544163437,0.11671048834206728,0.10047672210830103,0.11462208551682232,0.11465854029011921,0.21255509987088933
269,269.0,271.1,0.12674875753102138,0.11696619610462436,0.09817535224528734,0.1157789814927522,0.09954521525898598,0.11476820423828352,0.11498730741340688,0.2130299857156382
270,270.0,272.1,0.1272198592786828,0.11745580951463304,0.10449178360943065,0.11619454825337176,0.10131213337095687,0.1165517427282133,0.11543989749872101,0.20133422574599041
271,271.0,273.2,0.1272198592786828,0.11745580951463304,0.10449178360943065,0.11619454825337176,0.10131213337095687,0.1165517427282133,0.11543989749872101,0.20133422574599041
272,272.0,274.2,0.12776930982813334,0.11855471061353415,0.1050412341588812,0.10960114165996518,0.10186158392040742,0.11050778668425724,0.11598934804817156,0.21067488508664978
273,273.0,275.2,0.12776930982813334,0.11855471061353415,0.1050412341588812,0.10960114165996518,0.10186158392040742,0.11050778668425724,0.11598934804817156,0.21067488508664978
274,274.0,276.2,0.12654754011321295,0.1186842922499651,0.10522635078235398,0.10843490693208661,0.10208372386857478,0.11058183333364638,0.1175258160229957,0.2109155366971644
275,275.0,277.3,0.126417958476782,0.11855471061353415,0.1050412341588812,0.10824979030861384,0.10186158392040742,0.11050778668425724,0.1173406993995229,0.21202623643800114
276,276.0,278.3,0.12609116109116109,0.11822791322791322,0.10438763938763937,0.1079229929229929,0.1015347865347865,0.10952739452739449,0.11701390201390198,0.21529421029421028
277,277.0,279.3,0.12579876343034238,0.11793551556709451,0.10380284406600193,0.1076305952621742,0.10650554676870463,0.10865020154493835,0.11672150435308326,0.21295502900766058
278,278.0,280.3,0.12553560553560555,0.12267235767235767,0.10327652827652825,0.11505974505974506,0.10597923097923094,0.10786072786072783,0.11645834645834643,0.20315745815745814
279,279.0,281.3,0.12474805974805976,0.12824012324012324,0.10225088725088723,0.1137227487227487,0.10971549471549469,0.10604754104754102,0.11567080067080064,0.1996043446043446
280,280.0,282.3,0.12474805974805976,0.12824012324012324,0.10225088725088723,0.1137227487227487,0.10971549471549469,0.10604754104754102,0.11567080067080064,0.1996043446043446
281,281.0,283.3,0.11363694863694865,0.12824012324012324,0.10225088725088723,0.1137227487227487,0.10971549471549469,0.10604754104754102,0.11567080067080064,0.21071545571545572
282,282.0,284.3,0.11316075816075814,0.13347821847821847,0.10177469677469675,0.11277036777036775,0.10923930423930421,0.10509516009516007,0.11519461019461015,0.2092868842868843
283,283.0,285.3,0.11316075816075814,0.13347821847821847,0.10177469677469675,0.11277036777036775,0.10923930423930421,0.10509516009516007,0.11519461019461015,0.2092868842868843
284,284.0,286.3,0.11316075816075814,0.13347821847821847,0.10177469677469675,0.11277036777036775,0.10923930423930421,0.10509516009516007,0.11519461019461015,0.2092868842868843
285,285.0,287.3,0.11316075816075814,0.13347821847821847,0.10177469677469675,0.11277036777036775,0.10923930423930421,0.10509516009516007,0.11519461019461015,0.2092868842868843
286,286.0,288.3,0.11316075816075814,0.13347821847821847,0.10177469677469675,0.11277036777036775,0.10923930423930421,0.10509516009516007,0.12630572130572126,0.19817577317577317
287,287.0,289.3,0.11316075816075814,0.13347821847821847,0.10177469677469675,0.10610370110370108,0.10923930423930421,0.11176182676182674,0.12630572130572126,0.19817577317577317
288,288.0,290.3,0.1189940914940915,0.13181155181155182,0.10135803010803009,0.10568703443703442,0.10882263757263755,0.11051182676182673,0.12588905463905462,0.19692577317577317
289,289.0,291.3,0.11538298038298038,0.14042266292266295,0.0988580301080301,0.1031870344370344,0.10632263757263756,0.10801182676182675,0.13338905463905462,0.1944257731757732
290,290.0,292.3,0.11427186927186928,0.13820044070044069,0.09774691899691898,0.1020759233259233,0.10521152646152643,0.10690071565071564,0.1322779435279435,0.20331466206466206
291,291.0,293.3,0.11376247383289635,0.14587286344328598,0.09740882161656808,0.10032937524134707,0.10357917708269819,0.10622002215312072,0.13334829685181795,0.19947896977826557
292,292.0,294.3,0.11376247383289635,0.14587286344328598,0.09740882161656808,0.10032937524134707,0.10357917708269819,0.10622002215312072,0.13334829685181795,0.19947896977826557
293,293.0,295.3,0.1130271797152493,0.15551338631910297,0.09704117455774455,0.09996172818252352,0.10180307931964931,0.11099943391782659,0.12327798938610865,0.19837602860179498
294,294.0,296.3,0.11237358494400747,0.15420619677661931,0.09671437717212364,0.0996349307969026,0.10703183748958396,0.10969224437534293,0.12295119200048774,0.19739563644493222
295,295.0,297.3,0.11237358494400747,0.15420619677661931,0.09812282787634899,0.09822648009267723,0.10703183748958396,0.10969224437534293,0.12295119200048774,0.19739563644493222
296,296.0,298.3,0.11237358494400747,0.1430950856655082,0.09812282787634899,0.09822648009267723,0.11814294860069505,0.10969224437534293,0.12295119200048774,0.19739563644493222
297,297.0,299.4,0.11237358494400747,0.1430950856655082,0.09812282787634899,0.09822648009267723,0.11814294860069505,0.10969224437534293,0.12295119200048774,0.19739563644493222
298,298.0,300.5,0.11237358494400747,0.1430950856655082,0.09812282787634899,0.09822648009267723,0.11814294860069505,0.10969224437534293,0.12295119200048774,0.19739563644493222
299,299.0,301.5,0.11237358494400747,0.1430950856655082,0.09812282787634899,0.09822648009267723,0.11814294860069505,0.10969224437534293,0.12295119200048774,0.19739563644493222
300,300.0,302.5,0.11237358494400747,0.1430950856655082,0.09812282787634899,0.09822648009267723,0.11814294860069505,0.10969224437534293,0.12295119200048774,0.19739563644493222
301,301.0,303.5,0.11427834684876936,0.1535712761416987,0.10193235168587278,0.10013124199743914,0.12385723431498077,0.11540653008962867,0.12485595390524964,0.16596706501636077
302,302.0,304.5,0.11650056907099157,0.15801572058614313,0.10304346279698391,0.10124235310855026,0.11941278987053631,0.10651764120073977,0.13263373168302742,0.16263373168302747
303,303.0,305.5,0.11566723573765825,0.16259905391947646,0.10262679613031725,0.10082568644188358,0.11899612320386968,0.10568430786740643,0.1318003983496941,0.16180039834969412
304,304.0,306.5,0.11493194162001119,0.1607608186253588,0.10225914907149372,0.10045803938306005,0.11862847614504615,0.10494901374975937,0.13694745717322349,0.16106510423204706
305,305.0,307.5,0.11451527495334454,0.15951081862535882,0.10142581573816038,0.10004137271639342,0.11737847614504612,0.10994901374975938,0.13653079050655684,0.16064843756538041
306,306.0,308.5,0.1138616801821027,0.15787683169725425,0.10109901835253945,0.09971457533077248,0.11705167875942521,0.10929541897851755,0.1355503983496941,0.16555039834969412
307,307.0,309.5,0.12497279129321381,0.15787683169725425,0.10109901835253945,0.09971457533077248,0.0996905676483141,0.10929541897851755,0.1355503983496941,0.17180039834969413
308,308.0,310.5,0.12438799597157639,0.15641484339316067,0.10080662069172075,0.09942217766995377,0.0993981699874954,0.10871062365688011,0.13467320536723795,0.17618636326197484
309,309.0,311.5,0.12438799597157639,0.15641484339316067,0.10080662069172075,0.09942217766995377,0.0993981699874954,0.10871062365688011,0.13467320536723795,0.17618636326197484
310,310.0,312.5,0.12216577374935418,0.15530373228204958,0.09969550958060965,0.09831106655884266,0.0982870588763843,0.10759951254576901,0.13356209425612683,0.1850752521508637
311,311.0,313.5,0.12216577374935418,0.15530373228204958,0.09969550958060965,0.09831106655884266,0.0982870588763843,0.10759951254576901,0.13356209425612683,0.1850752521508637
312,312.0,314.5,0.12258244041602082,0.15655373228204955,0.10052884291394297,0.09872773322550932,0.09245372554305095,0.10926617921243567,0.1339787609227935,0.18590858548419703
313,313.0,315.5,0.13125668284026326,0.15530373228204958,0.10594550958060964,0.09831106655884266,0.09203705887638429,0.10759951254576901,0.13356209425612683,0.17598434305995464
314,314.0,316.5,0.12139408628649025,0.1539482658530537,0.13143199205238623,0.0992060457626454,0.09293203808018702,0.10739155057310115,0.1162752552781114,0.17742076611402474
315,315.0,317.5,0.1210672889008693,0.15296787369619097,0.1356803580654581,0.09887924837702447,0.09260524069456609,0.1060843610306175,0.11594845789249046,0.17676717134278291
316,316.0,318.5,0.1210672889008693,0.15296787369619097,0.1356803580654581,0.09887924837702447,0.09260524069456609,0.1060843610306175,0.11594845789249046,0.17676717134278291
317,317.0,319.5,0.1201581979917784,0.15205878278710006,0.1347712671563672,0.10706106655884266,0.09169614978547519,0.10517527012152658,0.11503936698339956,0.17403989861551017
318,318.0,320.5,0.1201581979917784,0.15205878278710006,0.1347712671563672,0.10706106655884266,0.09169614978547519,0.10517527012152658,0.11503936698339956,0.17403989861551017
319,319.0,321.5,0.11940062223420264,0.15130120702952427,0.13401369139879143,0.10554591504369112,0.09093857402789943,0.10441769436395083,0.1142817912258238,0.18010050467611624
320,320.0,322.5,0.11940062223420264,0.15130120702952427,0.13401369139879143,0.10554591504369112,0.09093857402789943,0.10441769436395083,0.1142817912258238,0.18010050467611624
321,321.0,323.5,0.11940062223420264,0.15130120702952427,0.13401369139879143,0.10554591504369112,0.09093857402789943,0.10441769436395083,0.1142817912258238,0.18010050467611624
322,322.0,324.5,0.12051173334531376,0.16130120702952427,0.11956924695434701,0.10665702615480224,0.09204968513901055,0.10886213880839526,0.11539290233693492,0.1756560602316718
323,323.0,325.5,0.12085264243622285,0.1666421161204334,0.11949348937858942,0.1077555110032871,0.10148150332082873,0.10795304789930435,0.11573381142784403,0.16008787841348998
324,324.0,326.5,0.12085264243622285,0.1666421161204334,0.11949348937858942,0.1077555110032871,0.10148150332082873,0.10795304789930435,0.11573381142784403,0.16008787841348998
325,325.0,327.5,0.12085264243622285,0.1666421161204334,0.11949348937858942,0.1077555110032871,0.10148150332082873,0.10795304789930435,0.11573381142784403,0.16008787841348998
326,326.0,328.5,0.12085264243622285,0.1666421161204334,0.11949348937858942,0.1077555110032871,0.10148150332082873,0.10795304789930435,0.11573381142784403,0.16008787841348998
327,327.0,329.5,0.12085264243622285,0.1666421161204334,0.11949348937858942,0.1077555110032871,0.10148150332082873,0.10795304789930435,0.11573381142784403,0.16008787841348998
328,328.0,330.5,0.12176173334531377,0.1675512070295243,0.12040258028768033,0.10957369282146892,0.09329968513901055,0.10886213880839526,0.11664290233693493,0.1619060602316718
329,329.0,331.5,0.12174549957907999,0.1711064018347191,0.1303701127552128,0.10864836814614424,0.09328345137277679,0.09723876218501865,0.11662666857070117,0.16098073555634712
330,330.0,332.5,0.12174549957907999,0.1711064018347191,0.1303701127552128,0.10864836814614424,0.09328345137277679,0.09723876218501865,0.11662666857070117,0.16098073555634712
331,331.0,333.5,0.12584622341664592,0.15172534429576684,0.1396174443709655,0.10956236642856357,0.09495502541277187,0.09364717833027689,0.10777192682122257,0.17687449092378668
332,332.0,334.5,0.11827046584088836,0.16308898065940317,0.1320416867952079,0.11031994218613934,0.09571260117034763,0.09440475408785265,0.10852950257879831,0.17763206668136244
333,333.0,335.5,0.11827046584088836,0.16308898065940317,0.1320416867952079,0.11031994218613934,0.09571260117034763,0.09440475408785265,0.10852950257879831,0.17763206668136244
334,334.0,336.5,0.11955251712293964,0.1637300063004288,0.13268271243623353,0.11929430116049833,0.09635362681137327,0.09504577972887829,0.10917052821982395,0.16417052821982397
335,335.0,337.5,0.118911491481914,0.16308898065940317,0.1196485244020455,0.1284823353485325,0.09571260117034763,0.09440475408785265,0.10852950257879831,0.17122181027110603
336,336.0,338.5,0.1165183290887516,0.17133684390726642,0.11789638764990873,0.12561908748528466,0.09396046441821088,0.09265261733571589,0.10677736582666157,0.17523890428820005
337,337.0,339.5,0.1165183290887516,0.17133684390726642,0.11789638764990873,0.12561908748528466,0.09396046441821088,0.09265261733571589,0.10677736582666157,0.17523890428820005
338,338.0,340.5,0.1165183290887516,0.17133684390726642,0.11789638764990873,0.12561908748528466,0.09396046441821088,0.09265261733571589,0.10677736582666157,0.17523890428820005
339,339.0,341.5,0.11596887853930105,0.17078739335781587,0.11624803600155709,0.13111359297979014,0.09341101386876033,0.09210316678626534,0.10622791527721102,0.17414000318929895
340,340.0,342.5,0.11505978763021014,0.16896921153963407,0.11533894509246619,0.1292954111616083,0.09250192295966941,0.10028498496808351,0.1053188243681201,0.17323091228020804
341,341.0,343.5,0.11824411096150225,0.1699796218274479,0.11288946560685686,0.12020171857128377,0.0892869811348072,0.10334683432509517,0.10580872026524198,0.18024254730776468
342,342.0,344.5,0.10859764631503761,0.1695755814234075,0.11324300096039222,0.11979767816724336,0.09797384982167588,0.10294279392105474,0.10727336672988844,0.18059608266130003
343,343.0,345.5,0.10859764631503761,0.17174949446688575,0.11324300096039222,0.11979767816724336,0.09797384982167588,0.10294279392105474,0.10727336672988844,0.17842216961782176
344,344.0,346.5,0.10859764631503761,0.17174949446688575,0.11324300096039222,0.11979767816724336,0.09797384982167588,0.10294279392105474,0.10727336672988844,0.17842216961782176
345,345.0,347.5,0.10859764631503761,0.17174949446688575,0.11106908791691397,0.1269405353101005,0.09797384982167588,0.10294279392105474,0.1094472797733667,0.1712793124749646
346,346.0,348.5,0.10859764631503761,0.17174949446688575,0.11106908791691397,0.1269405353101005,0.09797384982167588,0.10294279392105474,0.1094472797733667,0.1712793124749646
347,347.0,349.5,0.10859764631503761,0.17174949446688575,0.11106908791691397,0.1269405353101005,0.09797384982167588,0.10294279392105474,0.1094472797733667,0.1712793124749646
348,348.0,350.5,0.10832012550097656,0.1714719736528247,0.11083782057186306,0.12689428184109033,0.09774258247662501,0.10275778004501405,0.11115865812674319,0.17081677778486287
349,349.0,351.5,0.10998679216764322,0.17480530698615804,0.11250448723852975,0.12022761517442367,0.09107591580995834,0.0960911133783474,0.11282532479340987,0.18248344445152956
350,350.0,352.5,0.10907770125855232,0.1820780342588853,0.11159539632943885,0.11931852426533276,0.09016682490086744,0.0951820224692565,0.11191623388431897,0.18066526263334773
351,351.0,353.5,0.10642373327155934,0.1800828278002191,0.11106908791691397,0.11860720197676718,0.08964051648834256,0.09460946058772143,0.11162119281684495,0.1879459791416313
352,352.0,354.5,0.10642373327155934,0.1800828278002191,0.11106908791691397,0.11860720197676718,0.08964051648834256,0.09460946058772143,0.11162119281684495,0.1879459791416313
353,353.0,355.5,0.10738294211698465,0.17742435460520564,0.10488543961948212,0.11975142469823319,0.09059972533376787,0.08847206575929979,0.11234913431721938,0.19913491354980714
354,354.0,356.5,0.10652028527028526,0.18228660228660226,0.10402278277278272,0.12114940614940613,0.08973706848706847,0.08765373515373512,0.11126484626484623,0.1973652736152736
