,Unnamed: 0,Total_iterations,Intertwine_two,Invert_path_vertices,Insert_inside_vertex,Delete_inside_vertex,Replace_inside_vertex,Donate_between_routes,MSC_add_terminal,MSC_del_terminal
0,0.0,0.0,0.125,0.125,0.125,0.125,0.125,0.125,0.125,0.125
1,1.0,0.10900000000000001,0.125,0.125,0.125,0.125,0.125,0.125,0.125,0.125
2,2.0,0.31601,0.125,0.125,0.125,0.125,0.125,0.125,0.125,0.125
3,3.0,0.6191589000000001,0.125,0.125,0.125,0.125,0.125,0.125,0.125,0.125
4,4.0,1.015801321,0.125,0.125,0.125,0.125,0.125,0.125,0.125,0.125
5,5.0,1.50262148669,0.125,0.125,0.125,0.125,0.125,0.125,0.125,0.125
6,6.0,2.0757334209441005,0.125,0.125,0.125,0.125,0.125,0.125,0.125,0.125
7,7.0,2.7307768275633495,0.125,0.125,0.125,0.125,0.125,0.125,0.125,0.125
8,8.0,3.4630081252450404,0.125,0.125,0.125,0.125,0.125,0.125,0.125,0.125
9,9.0,4.2673862119061114,0.125,0.125,0.125,0.125,0.125,0.125,0.125,0.125
10,10.0,5.138652627782014,0.125,0.125,0.125,0.125,0.125,0.125,0.125,0.125
11,11.0,6.071405875792507,0.125,0.125,0.125,0.125,0.125,0.125,0.125,0.125
12,12.0,7.060169740244025,0.125,0.125,0.125,0.125,0.125,0.125,0.125,0.125
13,13.0,8.099455520847952,0.125,0.125,0.125,0.125,0.125,0.125,0.125,0.125
14,14.0,9.183818168183006,0.125,0.125,0.125,0.125,0.125,0.125,0.125,0.125
15,15.0,10.307906369102724,0.125,0.125,0.125,0.125,0.125,0.125,0.125,0.125
16,16.0,11.466506686239443,0.125,0.125,0.125,0.125,0.125,0.125,0.125,0.125
17,17.0,12.654581904800096,0.125,0.125,0.125,0.125,0.125,0.125,0.125,0.125
18,18.0,13.867303782456686,0.125,0.125,0.125,0.125,0.125,0.125,0.125,0.125
19,19.0,15.100080434523047,0.125,0.125,0.125,0.125,0.125,0.125,0.125,0.125
20,20.0,16.348578617037543,0.125,0.125,0.125,0.125,0.125,0.125,0.125,0.125
21,21.0,17.608741195130214,0.125,0.125,0.125,0.125,0.125,0.125,0.125,0.125
22,22.0,18.876800103462312,0.125,0.125,0.125,0.125,0.125,0.125,0.125,0.125
23,23.0,20.14928511992658,0.125,0.125,0.125,0.125,0.125,0.125,0.125,0.125
24,24.0,21.423028783545156,0.125,0.125,0.125,0.125,0.125,0.125,0.125,0.125
25,25.0,22.695167792966423,0.125,0.125,0.125,0.125,0.125,0.125,0.125,0.125
26,26.0,23.963141223515898,0.125,0.125,0.125,0.125,0.125,0.125,0.125,0.125
27,27.0,25.224685898775267,0.125,0.125,0.125,0.125,0.125,0.125,0.125,0.125
28,28.0,26.477829247520948,0.125,0.125,0.125,0.125,0.125,0.125,0.125,0.125
29,29.0,27.720879968916847,0.125,0.125,0.125,0.125,0.125,0.125,0.125,0.125
30,30.0,28.95241681848399,0.125,0.125,0.125,0.125,0.125,0.125,0.125,0.125
31,31.0,30.17127581490958,0.125,0.125,0.125,0.125,0.125,0.125,0.125,0.125
32,32.0,31.376536153543515,0.125,0.125,0.125,0.125,0.125,0.125,0.125,0.125
33,33.0,32.567505096778625,0.125,0.125,0.125,0.125,0.125,0.125,0.125,0.125
34,34.0,33.74370209472243,0.125,0.125,0.125,0.125,0.125,0.125,0.125,0.125
35,35.0,34.90484237192463,0.125,0.125,0.125,0.125,0.125,0.125,0.125,0.125
36,36.0,36.05082019768737,0.125,0.125,0.125,0.125,0.125,0.125,0.125,0.125
37,37.0,37.18169203889697,0.125,0.125,0.125,0.125,0.125,0.125,0.125,0.125
38,38.0,38.29765977559663,0.125,0.125,0.125,0.125,0.125,0.125,0.125,0.125
39,39.0,39.399054140870355,0.125,0.125,0.125,0.125,0.125,0.125,0.125,0.125
40,40.0,40.48631852820801,0.125,0.125,0.125,0.125,0.125,0.125,0.125,0.125
41,41.0,41.55999329152982,0.125,0.125,0.125,0.125,0.125,0.125,0.125,0.125
42,42.0,42.62070064560415,0.125,0.125,0.125,0.125,0.125,0.125,0.125,0.125
43,43.0,43.669130257815,0.125,0.125,0.125,0.125,0.125,0.125,0.125,0.125
44,44.0,44.70602560622662,0.125,0.125,0.125,0.125,0.125,0.125,0.125,0.125
45,45.0,45.73217116373481,0.125,0.125,0.125,0.125,0.125,0.125,0.125,0.125
46,46.0,46.748380453854836,0.125,0.125,0.125,0.125,0.125,0.125,0.125,0.125
47,47.0,47.755485010424316,0.125,0.125,0.125,0.125,0.125,0.125,0.125,0.125
48,48.0,48.7543242612326,0.125,0.125,0.125,0.125,0.125,0.125,0.125,0.125
49,49.0,49.745736344347726,0.125,0.125,0.125,0.125,0.125,0.125,0.125,0.125
50,50.0,50.730549855707864,0.125,0.125,0.125,0.125,0.125,0.125,0.125,0.125
51,51.0,51.70957651737491,0.125,0.125,0.125,0.125,0.125,0.125,0.125,0.125
52,52.0,52.68360474770151,0.125,0.125,0.125,0.125,0.125,0.125,0.125,0.125
53,53.0,53.65339410751842,0.125,0.125,0.125,0.125,0.125,0.125,0.125,0.125
54,54.0,54.61967059027847,0.125,0.125,0.125,0.125,0.125,0.125,0.125,0.125
55,55.0,55.58312271885972,0.125,0.125,0.125,0.125,0.125,0.125,0.125,0.125
56,56.0,56.544398407394254,0.125,0.125,0.125,0.125,0.125,0.125,0.125,0.125
57,57.0,57.504102543001395,0.125,0.125,0.125,0.125,0.125,0.125,0.125,0.125
58,58.0,58.462795239617805,0.125,0.125,0.125,0.125,0.125,0.125,0.125,0.125
59,59.0,59.42099071417639,0.125,0.125,0.125,0.125,0.125,0.125,0.125,0.125
60,60.0,60.379156734137354,0.125,0.125,0.125,0.125,0.125,0.125,0.125,0.125
61,61.0,61.337714584760846,0.125,0.125,0.125,0.125,0.125,0.125,0.125,0.125
62,62.0,62.29703950447439,0.125,0.125,0.125,0.125,0.125,0.125,0.125,0.125
63,63.0,63.257461537171835,0.125,0.125,0.125,0.125,0.125,0.125,0.125,0.125
64,64.0,64.21926675122782,0.125,0.125,0.125,0.125,0.125,0.125,0.125,0.125
65,65.0,65.18269877636592,0.125,0.125,0.125,0.125,0.125,0.125,0.125,0.125
66,66.0,66.14796061122655,0.125,0.125,0.125,0.125,0.125,0.125,0.125,0.125
67,67.0,67.12521665648886,0.125,0.125,0.125,0.125,0.125,0.125,0.125,0.125
68,68.0,68.10449493066005,0.125,0.125,0.125,0.125,0.125,0.125,0.125,0.125
69,69.0,69.08580042810752,0.125,0.125,0.125,0.125,0.125,0.125,0.125,0.125
70,70.0,70.08911737152917,0.125,0.125,0.125,0.125,0.125,0.125,0.125,0.125
71,71.0,71.09421144689337,0.125,0.125,0.125,0.125,0.125,0.125,0.125,0.125
72,72.0,72.1108540002522,0.125,0.125,0.125,0.125,0.125,0.125,0.125,0.125
73,73.0,73.12872375827264,0.125,0.125,0.125,0.125,0.125,0.125,0.125,0.125
74,74.0,74.1475193029083,0.125,0.125,0.125,0.125,0.125,0.125,0.125,0.125
75,75.0,75.16696010005131,0.125,0.125,0.125,0.125,0.125,0.125,0.125,0.125
76,76.0,76.18678721647952,0.125,0.125,0.125,0.125,0.125,0.125,0.125,0.125
77,77.0,77.2067637491001,0.125,0.125,0.125,0.125,0.125,0.125,0.125,0.125
78,78.0,78.22667499096764,0.125,0.125,0.125,0.125,0.125,0.125,0.125,0.125
79,79.0,79.25632835873873,0.125,0.125,0.125,0.125,0.125,0.125,0.125,0.125
80,80.0,80.28545310614533,0.125,0.125,0.125,0.125,0.125,0.125,0.125,0.125
81,81.0,81.31381084774982,0.125,0.125,0.125,0.125,0.125,0.125,0.125,0.125
82,82.0,82.34119470671635,0.125,0.125,0.125,0.125,0.125,0.125,0.125,0.125
83,83.0,83.37742823271907,0.125,0.125,0.125,0.125,0.125,0.125,0.125,0.125
84,84.0,84.41226412379433,0.125,0.125,0.125,0.125,0.125,0.125,0.125,0.125
85,85.0,85.44549378452412,0.125,0.125,0.125,0.125,0.125,0.125,0.125,0.125
86,86.0,86.47694554133568,0.125,0.125,0.125,0.125,0.125,0.125,0.125,0.125
87,87.0,87.50648266705274,0.125,0.125,0.125,0.125,0.125,0.125,0.125,0.125
88,88.0,88.54400125352757,0.125,0.125,0.125,0.125,0.125,0.125,0.125,0.125
89,89.0,89.57932796881964,0.125,0.125,0.125,0.125,0.125,0.125,0.125,0.125
90,90.0,90.6223287328943,0.125,0.125,0.125,0.125,0.125,0.125,0.125,0.125
91,91.0,91.66280613323255,0.125,0.125,0.125,0.125,0.125,0.125,0.125,0.125
92,92.0,92.70060773220466,0.125,0.125,0.125,0.125,0.125,0.125,0.125,0.125
93,93.0,93.7356230939575,0.125,0.125,0.125,0.125,0.125,0.125,0.125,0.125
94,94.0,94.7677806885955,0.125,0.125,0.125,0.125,0.125,0.125,0.125,0.125
95,95.0,95.79704471688373,0.125,0.125,0.125,0.125,0.125,0.125,0.125,0.125
96,96.0,96.8234118951743,0.125,0.125,0.125,0.125,0.125,0.125,0.125,0.125
97,97.0,97.84690823668409,0.125,0.125,0.125,0.125,0.125,0.125,0.125,0.125
98,98.0,98.86758586167603,0.125,0.125,0.125,0.125,0.125,0.125,0.125,0.125
99,99.0,99.88551986555204,0.125,0.125,0.125,0.125,0.125,0.125,0.125,0.125
100,100.0,100.90080527038492,0.125,0.125,0.125,0.125,0.125,0.125,0.125,0.125
101,101.0,101.91355408203066,0.125,0.125,0.125,0.125,0.125,0.125,0.125,0.125
102,102.0,102.92389247169152,0.125,0.125,0.125,0.125,0.125,0.125,0.125,0.125
103,103.0,103.93195809766938,0.125,0.125,0.125,0.125,0.125,0.125,0.125,0.125
104,104.0,104.93789758007276,0.125,0.125,0.125,0.125,0.125,0.125,0.125,0.125
105,105.0,105.94186413843507,0.125,0.125,0.125,0.125,0.125,0.125,0.125,0.125
106,106.0,106.94401539957681,0.125,0.125,0.125,0.125,0.125,0.125,0.125,0.125
107,107.0,107.9445113806086,0.125,0.125,0.125,0.125,0.125,0.125,0.125,0.125
108,108.0,108.94351264973113,0.125,0.125,0.125,0.125,0.125,0.125,0.125,0.125
109,109.0,109.94117866544411,0.125,0.125,0.125,0.125,0.125,0.125,0.125,0.125
110,110.0,110.93766629293134,0.125,0.125,0.125,0.125,0.125,0.125,0.125,0.125
111,111.0,111.93312849474052,0.125,0.125,0.125,0.125,0.125,0.125,0.125,0.125
112,112.0,112.92771319142138,0.125,0.125,0.125,0.125,0.125,0.125,0.125,0.125
113,113.0,113.92156228651994,0.125,0.125,0.125,0.125,0.125,0.125,0.125,0.125
114,114.0,114.91481084924345,0.125,0.125,0.125,0.125,0.125,0.125,0.125,0.125
115,115.0,115.90758644720218,0.125,0.125,0.125,0.125,0.125,0.125,0.125,0.125
116,116.0,116.900008620893,0.125,0.125,0.125,0.125,0.125,0.125,0.125,0.125
117,117.0,117.89218849100583,0.125,0.125,0.125,0.125,0.125,0.125,0.125,0.125
118,118.0,118.8842284891973,0.125,0.125,0.125,0.125,0.125,0.125,0.125,0.125
119,119.0,119.87622220267767,0.125,0.125,0.125,0.125,0.125,0.125,0.125,0.125
120,120.0,120.8682543227832,0.125,0.125,0.125,0.125,0.125,0.125,0.125,0.125
121,121.0,121.86040068765035,0.125,0.125,0.125,0.125,0.125,0.125,0.125,0.125
122,122.0,122.8527284091543,0.125,0.125,0.125,0.125,0.125,0.125,0.125,0.125
123,123.0,123.8452960744163,0.125,0.125,0.125,0.125,0.125,0.125,0.125,0.125
124,124.0,124.83815401240794,0.125,0.125,0.125,0.125,0.125,0.125,0.125,0.125
125,125.0,125.83134461647633,0.125,0.125,0.125,0.125,0.125,0.125,0.125,0.125
126,126.0,126.82490271397313,0.125,0.125,0.125,0.125,0.125,0.125,0.125,0.125
127,127.0,127.82885597458052,0.125,0.125,0.125,0.125,0.125,0.125,0.125,0.125
128,128.0,128.83312534938136,0.125,0.125,0.125,0.125,0.125,0.125,0.125,0.125
129,129.0,129.83763653320833,0.125,0.125,0.125,0.125,0.125,0.125,0.125,0.125
130,130.0,130.84232023332046,0.125,0.125,0.125,0.125,0.125,0.125,0.125,0.125
131,131.0,131.84711236108822,0.125,0.125,0.125,0.125,0.125,0.125,0.125,0.125
132,132.0,132.8519541524683,0.125,0.125,0.125,0.125,0.125,0.125,0.125,0.125
133,133.0,133.85679222318572,0.125,0.125,0.125,0.125,0.125,0.125,0.125,0.125
134,134.0,134.8615785645995,0.125,0.125,0.125,0.125,0.125,0.125,0.125,0.125
135,135.0,135.86627048622591,0.125,0.125,0.125,0.125,0.125,0.125,0.125,0.125
136,136.0,136.87083051082743,0.125,0.125,0.125,0.125,0.125,0.125,0.125,0.125
137,137.0,137.8752262278605,0.125,0.125,0.125,0.125,0.125,0.125,0.125,0.125
138,138.0,138.8894301109117,0.125,0.125,0.125,0.125,0.125,0.125,0.125,0.125
139,139.0,139.90331930454863,0.125,0.125,0.125,0.125,0.125,0.125,0.125,0.125
140,140.0,140.9167863857764,0.125,0.125,0.125,0.125,0.125,0.125,0.125,0.125
141,141.0,141.9297388950236,0.125,0.125,0.125,0.125,0.125,0.125,0.125,0.125
142,142.0,142.9420987643959,0.125,0.125,0.125,0.125,0.125,0.125,0.125,0.125
143,143.0,143.95380165918698,0.125,0.125,0.125,0.125,0.125,0.125,0.125,0.125
144,144.0,144.9647962479071,0.125,0.125,0.125,0.125,0.125,0.125,0.125,0.125
145,145.0,145.9750434152761,0.125,0.125,0.125,0.125,0.125,0.125,0.125,0.125
146,146.0,146.98451543175545,0.125,0.125,0.125,0.125,0.125,0.125,0.125,0.125
147,147.0,147.99319509226933,0.125,0.125,0.125,0.125,0.125,0.125,0.125,0.125
148,148.0,149.00107483580913,0.125,0.125,0.125,0.125,0.125,0.125,0.125,0.125
149,149.0,150.01815585663687,0.125,0.125,0.125,0.125,0.125,0.125,0.125,0.125
150,150.0,151.03434721681543,0.125,0.125,0.125,0.125,0.125,0.125,0.125,0.125
151,151.0,152.049575968808,0.125,0.125,0.125,0.125,0.125,0.125,0.125,0.125
152,152.0,153.06378608591322,0.125,0.125,0.125,0.125,0.125,0.125,0.125,0.125
153,153.0,154.0769373304488,0.125,0.125,0.125,0.125,0.125,0.125,0.125,0.125
154,154.0,155.08900407722632,0.125,0.125,0.125,0.125,0.125,0.125,0.125,0.125
155,155.0,156.09997410855385,0.125,0.125,0.125,0.125,0.125,0.125,0.125,0.125
156,156.0,157.10984739566308,0.125,0.125,0.125,0.125,0.125,0.125,0.125,0.125
157,157.0,158.11863488010474,0.125,0.125,0.125,0.125,0.125,0.125,0.125,0.125
158,158.0,159.1263572673012,0.125,0.125,0.125,0.125,0.125,0.125,0.125,0.125
159,159.0,160.143043843105,0.125,0.125,0.125,0.125,0.125,0.125,0.125,0.125
160,160.0,161.15863132289738,0.125,0.125,0.125,0.125,0.125,0.125,0.125,0.125
161,161.0,162.17307374148155,0.125,0.125,0.125,0.125,0.125,0.125,0.125,0.125
162,162.0,163.18634118079245,0.125,0.125,0.125,0.125,0.125,0.125,0.125,0.125
163,163.0,164.20841846436437,0.125,0.125,0.125,0.125,0.125,0.125,0.125,0.125
164,164.0,165.22920383493545,0.125,0.125,0.125,0.125,0.125,0.125,0.125,0.125
165,165.0,166.24861863010008,0.125,0.125,0.125,0.125,0.125,0.125,0.125,0.125
166,166.0,167.26660575944723,0.125,0.125,0.125,0.125,0.125,0.125,0.125,0.125
167,167.0,168.2831281182652,0.125,0.125,0.125,0.125,0.125,0.125,0.125,0.125
168,168.0,169.29816696001873,0.125,0.125,0.125,0.125,0.125,0.125,0.125,0.125
169,169.0,170.3217202479967,0.125,0.125,0.125,0.125,0.125,0.125,0.125,0.125
170,170.0,171.34370100469692,0.125,0.125,0.125,0.125,0.125,0.125,0.125,0.125
171,171.0,172.36404667568016,0.125,0.125,0.125,0.125,0.125,0.125,0.125,0.125
172,172.0,173.38271731280827,0.125,0.125,0.125,0.125,0.125,0.125,0.125,0.125
173,173.0,174.40969371309546,0.125,0.125,0.125,0.125,0.125,0.125,0.125,0.125
174,174.0,175.434875536223,0.125,0.125,0.125,0.125,0.125,0.125,0.125,0.125
175,175.0,176.45819042167557,0.125,0.125,0.125,0.125,0.125,0.125,0.125,0.125
176,176.0,177.48959191436612,0.125,0.125,0.125,0.125,0.125,0.125,0.125,0.125
177,177.0,178.52895733864395,0.125,0.125,0.125,0.125,0.125,0.125,0.125,0.125
178,178.0,179.56609664710754,0.125,0.125,0.125,0.125,0.125,0.125,0.125,0.125
179,179.0,180.6008610582537,0.125,0.125,0.125,0.125,0.125,0.125,0.125,0.125
180,180.0,181.63314041770272,0.125,0.125,0.125,0.125,0.125,0.125,0.125,0.125
181,181.0,182.66286043702982,0.125,0.125,0.125,0.125,0.125,0.125,0.125,0.125
182,182.0,183.6899798500539,0.125,0.125,0.125,0.125,0.125,0.125,0.125,0.125
183,183.0,184.71448752327504,0.125,0.125,0.125,0.125,0.125,0.125,0.125,0.125
184,184.0,185.7363995539413,0.125,0.125,0.125,0.125,0.125,0.125,0.125,0.125
185,185.0,186.75575638600154,0.125,0.125,0.125,0.125,0.125,0.125,0.125,0.125
186,186.0,187.77261997099575,0.125,0.125,0.125,0.125,0.125,0.125,0.125,0.125
187,187.0,188.78707099778057,0.125,0.125,0.125,0.125,0.125,0.125,0.125,0.125
188,188.0,189.7992062119091,0.125,0.125,0.125,0.125,0.125,0.125,0.125,0.125
189,189.0,190.8091358425057,0.125,0.125,0.125,0.125,0.125,0.125,0.125,0.125
190,190.0,191.81698115161757,0.125,0.125,0.125,0.125,0.125,0.125,0.125,0.125
191,191.0,192.8228721183021,0.125,0.125,0.125,0.125,0.125,0.125,0.125,0.125
192,192.0,193.82694526713513,0.125,0.125,0.125,0.125,0.125,0.125,0.125,0.125
193,193.0,194.8293416484135,0.125,0.125,0.125,0.125,0.125,0.125,0.125,0.125
194,194.0,195.8302049750799,0.125,0.125,0.125,0.125,0.125,0.125,0.125,0.125
195,195.0,196.8296799193289,0.125,0.125,0.125,0.125,0.125,0.125,0.125,0.125
196,196.0,197.8279105699597,0.125,0.125,0.125,0.125,0.125,0.125,0.125,0.125
197,197.0,198.8250390498278,0.125,0.125,0.125,0.125,0.125,0.125,0.125,0.125
198,198.0,199.82120429121082,0.12486111111111112,0.12597222222222224,0.12486111111111112,0.12486111111111112,0.12486111111111112,0.12486111111111112,0.12486111111111112,0.12486111111111112
199,199.0,200.81654096554342,0.12458472222222225,0.12679583333333333,0.12458472222222225,0.12458472222222225,0.12458472222222225,0.12458472222222225,0.12569583333333334,0.12458472222222225
200,200.0,201.82117856278734,0.12417345833333336,0.12746356944444445,0.12417345833333336,0.12528456944444447,0.12417345833333336,0.12417345833333336,0.12638456944444446,0.12417345833333336
201,201.0,202.82514061467901,0.12340880847222227,0.12774822958333337,0.12440880847222227,0.12650880847222226,0.12340880847222227,0.12340880847222227,0.12658780847222226,0.12451991958333337
202,202.0,203.8284550552347,0.1225198688458334,0.1278713858569445,0.12450986884583339,0.1286899799569445,0.1225198688458334,0.1225198688458334,0.12663817884583337,0.12473097995694449
203,203.0,204.83115350118248,0.12154184671584728,0.12786184597795838,0.12450294671584727,0.1317244678269584,0.12154184671584728,0.12154184671584728,0.12656435261584725,0.12472084671584727
204,204.0,205.8332705675237,0.12059343055392355,0.12883297496042465,0.12449890955392354,0.13369659556503463,0.12059343055392355,0.12059343055392355,0.1264794877049235,0.12471174055392352
205,205.0,206.83484322155553,0.11968114392487517,0.12977699462837336,0.12449750923487515,0.13559287790698624,0.11968114392487517,0.11968114392487517,0.1263855366302651,0.12470364982487513
206,206.0,207.83591017796863,0.1188104967417051,0.1306871757165768,0.12449849607760508,0.13640193656900615,0.1188104967417051,0.1188104967417051,0.12628434751899215,0.12569655389270504
207,207.0,208.8365113369607,0.11798603153165721,0.13155780027212746,0.12450162149750818,0.13712440333246734,0.11798603153165721,0.11798603153165721,0.12617765606587877,0.12668042423704715
208,208.0,209.836687266684,0.11707248586063086,0.13224522881384623,0.12436775149377922,0.1376228238307022,0.11707248586063086,0.11707248586063086,0.12592819053075127,0.128618547749029
209,209.0,210.83647873076814,0.1161219941405251,0.13279499756679003,0.12414601521790962,0.1379487093943419,0.1161219941405251,0.1161219941405251,0.12558681388625326,0.1311574815131305
210,210.0,211.83592626113617,0.11513866498435799,0.1331153748223069,0.12374741665987211,0.13810696375211864,0.11513866498435799,0.11513866498435799,0.12515704010067585,0.13445720971195316
211,211.0,212.83506977585603,0.11421743360911552,0.13338973232122073,0.12335726439710025,0.13819458566285917,0.11421743360911552,0.11421743360911552,0.12473382480780093,0.137672291983673
212,212.0,213.83394824134535,0.1132815153164151,0.1336465242088835,0.12300521106737602,0.13835074087556393,0.1132815153164151,0.11338789829513851,0.12434734005596787,0.1406992548642406
213,213.0,214.83259937787227,0.11250649162034723,0.133847565107387,0.12265359329053514,0.13732166487496184,0.11240122846245248,0.11261181076928342,0.12396040361843402,0.1446972422565995
214,214.0,215.8310594069678,0.11268926157119677,0.13389740266050054,0.12220686664289618,0.1361381623349739,0.11147978788698625,0.11179257008183509,0.12347791298198331,0.14831803583962863
215,215.0,216.8293628390841,0.11364633293729937,0.13380659184158608,0.12167494229236939,0.13482234745806454,0.11063171954017016,0.11093861697018138,0.12291018148722599,0.1515692674731037
216,216.0,217.82754229959792,0.11464800151418639,0.13368376588311692,0.12116531953983017,0.13349525675588167,0.10985709032758348,0.11015562249494072,0.12236507082202162,0.1546298726624396
217,217.0,218.82562839106438,0.11658888180410143,0.1335333545586332,0.12068086445300517,0.13217128871797446,0.10915630262792912,0.10944432073722421,0.12184577001006698,0.156579217091066
218,218.0,219.82364958947352,0.1185374620146607,0.1333596205179812,0.1202239048161912,0.13086337075829435,0.10852898016691041,0.10880465544285661,0.12135489107415663,0.1583271152089494
219,219.0,220.82163217214705,0.12050008209637506,0.13329961209658855,0.11971647344671274,0.12961178910535306,0.10789426241123141,0.10815607238440417,0.1209210963607261,0.1599006120986094
220,220.0,221.81960017483175,0.12243177569109909,0.1321117648545683,0.11924050034216935,0.12839749509394233,0.10733104457855325,0.10757775767949815,0.12051907922444892,0.16239058253572114
221,221.0,222.81757537549964,0.12431631851158458,0.13092074114640337,0.11879759940711293,0.12722890290002314,0.1068378088549026,0.10706846763983299,0.12014968207897256,0.16468047946116832
222,222.0,223.81557730234576,0.12613958020705054,0.12973876885578994,0.11838889243394535,0.12611312826378557,0.10641248938661323,0.10662639269928126,0.11981333689667169,0.1667674112568629
223,223.0,224.8136232634838,0.12788945627304424,0.12857676256387895,0.11801504709620941,0.1250560471758238,0.1060525477428319,0.10624923209733712,0.11951010193305177,0.1686508051178232
224,224.0,225.81172839587322,0.13046487742094387,0.1274443457337193,0.11767631568373929,0.1240623610921899,0.10575504555754564,0.10593426600615927,0.1192396985158809,0.1694230899898222
225,225.0,226.80990573106496,0.13293935311289803,0.12634988358743743,0.11737257411813312,0.1231356673732874,0.10551671390675778,0.10567842463558286,0.11900154752468589,0.1700058357412178
226,226.0,227.80816627542688,0.13524385961512314,0.12525087988803746,0.11704425917551423,0.1223399994408724,0.10549713962090225,0.10541925227240716,0.11874043170432247,0.17046417828282118
227,227.0,228.82651910259833,0.1374078539383516,0.12418880766423702,0.11673809282016177,0.12170890934070121,0.10551318218105407,0.10520065521667556,0.11849676385269288,0.1707457349861262
228,228.0,229.84477145602665,0.13936007769358105,0.1231080237281434,0.11639015329213406,0.12190521056351153,0.10549854871444021,0.10495599334343239,0.11820756618777037,0.17057442647698723
229,229.0,230.86275085955185,0.14105925640712988,0.12197827779741754,0.11596516801104963,0.12205127167184782,0.1054135238654741,0.10564739046023194,0.11783735437460414,0.17004775741224515
230,230.0,231.88030481412903,0.13991323659556443,0.12094257005763648,0.11560189793183147,0.12332447113988917,0.10539280354768714,0.10640113322370849,0.11752473847295677,0.1708991490307262
231,231.0,232.8973003251072,0.13953730677882029,0.11986661678186654,0.11516256724984819,0.12441070734832892,0.1052949275259023,0.10706821265632258,0.11713184806545586,0.17152781359345545
232,232.0,233.9136232817365,0.13891236310972857,0.11871934791061019,0.1155224120954329,0.1253170150602436,0.10508273598488307,0.10760477015098016,0.11662478536090763,0.17221657032721402
233,233.0,234.9291777098855,0.13697102716168574,0.11842083844359935,0.11568120540066186,0.12600324534908786,0.10578236425454496,0.10782905398709197,0.11592150896753303,0.17339075643579535
234,234.0,235.94388491812074,0.13572874546146124,0.11812025814114022,0.115788524992579,0.1266156042603409,0.10642669467718383,0.1079071699042727,0.11517973362420907,0.17423326893881316
235,235.0,236.95768255635124,0.13506043633367645,0.11756732338630568,0.11561010005825129,0.12690185883915286,0.10685222632068817,0.10769444537673546,0.11424813956677649,0.17606547011841367
236,236.0,237.9705236051952,0.13454440659138622,0.11626412764321033,0.11463398160733883,0.12727217655339929,0.10837518514513782,0.10757838540052114,0.1134536260058219,0.17787811105318455
237,237.0,238.9823753131028,0.13406252883712835,0.11498077910188545,0.11373658800082809,0.1277033635944134,0.10994940968852182,0.10728930506942538,0.11264924592405397,0.17962877978374364
238,238.0,239.99321809708863,0.13355181988697956,0.11376264086380572,0.1128604872697416,0.12810307437026489,0.11148379102879004,0.10711200904720393,0.11188439745267043,0.1812417800805439
239,239.0,241.00304442170497,0.1330881460394583,0.11268324937045524,0.11124567834135296,0.1278275764206217,0.11303602131086853,0.10699916857957863,0.11122947645618513,0.18389068348147963
240,240.0,242.0118576696426,0.13255788740922383,0.11162597074874146,0.10961862701112313,0.12747644962683374,0.11447524022420234,0.106831913402213,0.11056648628352,0.18684742529414258
241,241.0,243.0196710160901,0.13292629123827399,0.11067122662150213,0.10806758199122354,0.12713674676033546,0.11476061189430505,0.10668680533144044,0.10997361771270467,0.18977711845021483
242,242.0,244.0265063177319,0.1332388277046861,0.10975043489113437,0.10653375255998168,0.12673931972186697,0.11493561569078156,0.10649755574506026,0.10938308672842383,0.1929214069580653
243,243.0,245.03239302603222,0.13349978968189138,0.10942296387501724,0.1050325869546757,0.1262957467008415,0.11501136986486125,0.10627230279232854,0.10880239638369835,0.1956628437466861
244,244.0,246.03736713324218,0.1337545821418956,0.10917906163060606,0.10361868759162221,0.12585793516858218,0.11503989897990015,0.10605975648226486,0.10827922666087708,0.1982108513442519
245,245.0,247.04147015839874,0.1331123852229299,0.10912392141428548,0.10240857795133762,0.12554079820264608,0.11524786247287415,0.10597188272481418,0.10792416830610896,0.20067040370500366
246,246.0,248.04474817945567,0.13270008906285022,0.10936998765617884,0.10152474938871711,0.12546620894682947,0.11641523727106001,0.10612786223305895,0.10885472999690554,0.19954113544439991
247,247.0,249.04725091661234,0.13218124412978627,0.10962204168540846,0.10068077471898311,0.1253480211600412,0.11742451838606459,0.10618416746776474,0.10977040674916505,0.1987888257027866
248,248.0,250.0490308708872,0.13157535675403015,0.10987879568477993,0.09988293980137582,0.12519360807507784,0.11828508537871896,0.10682053247426807,0.11066536179105009,0.19769832004069918
249,249.0,251.05014252102572,0.1308995710059896,0.11013840259347583,0.09913579948604911,0.12500932682879698,0.11900558494371255,0.10733330191103842,0.11153390821936973,0.1969441050115678
250,250.0,252.05064158094012,0.13015172548946435,0.11034457196056766,0.09838834662501912,0.1247465979588841,0.11957690973725241,0.1077512985497723,0.11313477415847006,0.19590577552057004
251,251.0,253.05058431905368,0.12880332281828633,0.11058240402836308,0.09772990518328463,0.12449771169821972,0.12009008217036671,0.10816163788570424,0.11472417354333654,0.1954107626724388
252,252.0,254.05002694016534,0.12749040273463258,0.1108463542061138,0.09715815843333345,0.12426377264848561,0.12054578575476683,0.10856098225575506,0.1162873590355439,0.19484718493136877
253,253.0,255.0490250297642,0.12622254618058723,0.11113117118104676,0.09667015437348675,0.1240456254790861,0.11983409922836913,0.1089464377128124,0.11781132016943596,0.19533864567517567
254,254.0,256.04763306010557,0.12497116066284754,0.11139515539781207,0.0962256340694502,0.12380710776779938,0.11900534905575262,0.10920524447595796,0.11924797506362297,0.19614237350675726
255,255.0,257.04590395681174,0.12366909005714335,0.11155972741424183,0.09574667147286617,0.12347461887011005,0.11803459446274248,0.10933563294172272,0.1205136649173166,0.19766599986385683
256,256.0,258.04388872427916,0.12231083474885696,0.11160959390073413,0.09612700251857495,0.12303729196416406,0.1168894748692749,0.10926019274859172,0.12158924050655806,0.19917636874324524
257,257.0,259.04163612775704,0.12095106813209593,0.11159119911618429,0.09641842750871728,0.12254545649061305,0.11566376210680267,0.10909455706456413,0.12251842987266665,0.20121709970835605
258,258.0,260.03919242960956,0.11967172082205715,0.11157973495372382,0.09676328643531203,0.12207766347913482,0.11444595443803281,0.10891758361375167,0.12337476156247634,0.20316929469551137
259,259.0,261.0366011769807,0.11847754436116881,0.11157462299276841,0.09715278731544799,0.1216361866136369,0.11324743943028276,0.10873217590734098,0.12415695802671897,0.20502228535263523
260,260.0,262.0439030378449,0.11737196342912473,0.11157527913277708,0.09757857094496969,0.12122280904817623,0.1115227174119725,0.10937436478128931,0.12486461082330882,0.2064896844283817
261,261.0,263.0510356822443,0.11632793451627907,0.11155188023617149,0.09800351144656147,0.1208096148623218,0.10981241653825928,0.10991724939057565,0.1254688580249634,0.20810853498486792
262,262.0,264.0579447053813,0.11537605849931411,0.11236671491838614,0.09761642618414075,0.12042703344944525,0.10815851349289421,0.1104442786839944,0.12600031350863336,0.20961066126319192
263,263.0,265.0645833791508,0.11445253628470886,0.11304960634651172,0.09718828602263042,0.12001172678227497,0.10650780495939356,0.11159279354122377,0.12639683932717788,0.21080040673607892
264,264.0,266.0709123517518,0.11483533551180329,0.1135200462068711,0.09704326228140794,0.11941169075037888,0.10523264821255829,0.11216457090858313,0.12584861248164234,0.21194383364675506
265,265.0,267.07689930357526,0.11528309368897827,0.11396399515119515,0.09690419262969377,0.11882518683812984,0.1040179884199045,0.11269725919880245,0.12522871300415053,0.21307957106914552
266,266.0,268.08251856718056,0.11579781031242696,0.11439101413299552,0.09678808857127041,0.11827618633214507,0.10288938194340008,0.11319592692318005,0.12456510174726762,0.21409649003731437
267,267.0,269.08775071875357,0.1163676423712875,0.11479852595870657,0.09669381458739304,0.11776642889685801,0.10184950951619509,0.1136589894610563,0.1238687860015015,0.21499630320700208
268,268.0,270.0925821479817,0.1169813800014301,0.11518440622568013,0.09662013041044581,0.11729708779955172,0.10089989645763167,0.1140853767057026,0.12314999937319818,0.2157817230263599
269,269.0,271.0970046128072,0.11765771901371737,0.11557253006337591,0.09660224358187049,0.11677566413246973,0.09994786227649978,0.11448910418614158,0.12245105352922314,0.21650382321670208
270,270.0,272.1010147850221,0.11840444468471509,0.11598473951871548,0.0972335196592012,0.11633797268176072,0.09926369685450302,0.11503360376805107,0.12179262381701887,0.21594939901603466
271,271.0,273.1146137921653,0.11916465193455272,0.11637043872848025,0.09787425076830114,0.1159426161318387,0.0986684323398705,0.11553883478137121,0.12113650981285205,0.21530426550273354
272,272.0,274.12770676067254,0.11998433558779294,0.11683831183502019,0.09857202914984742,0.11492997389878357,0.09821407634195714,0.11539927616843218,0.12054398614090567,0.21551801087726102
273,273.0,275.1402133647223,0.12079990061811255,0.11727656161869128,0.09926472174332941,0.11396530756664576,0.09784163101961962,0.11522475852194529,0.11996516845522656,0.21566195045642966
274,274.0,276.15206717471983,0.12148142626600836,0.11769672607758677,0.09996442186396601,0.11293684273586707,0.09756884375334048,0.11502792758666912,0.11955812113152724,0.21576569058503509
275,275.0,277.17321493197045,0.12213250232394354,0.11807179158867341,0.10062825959937553,0.11194769336778118,0.09734627002002484,0.11479891413745143,0.11915294382676525,0.21592162513598495
276,276.0,278.1935157641763,0.1227286455990515,0.1183815000003379,0.10120448382971498,0.1109878001673501,0.09715842706048251,0.11445185154293729,0.11873748206964496,0.2163498097304809
277,277.0,279.21285135551983,0.1232695599354879,0.11862946193702982,0.10169643766043598,0.1100640084484367,0.09753020801502928,0.11400253133947352,0.1183170909215974,0.2164907017425096
278,278.0,280.2311248741738,0.12375535908375551,0.11931937242687951,0.1021076285931932,0.1099511767493091,0.09790193268271075,0.11346567248998973,0.11789646723319576,0.21560239074096665
279,279.0,281.24825979222067,0.12413162620296028,0.12053059827697557,0.10238682532694392,0.10976701426949897,0.09869088424021563,0.11274513139784301,0.1174247701271312,0.2143231501584316
280,280.0,282.2641986205406,0.12447643094569558,0.12169779679169351,0.10263674300655899,0.10964082538220238,0.09951118674672282,0.11202966851140794,0.11698270303710981,0.21302464557860915
281,281.0,283.27890157982307,0.12367836039106986,0.12281369871942395,0.10285781036065585,0.1095680746170409,0.10035150208226701,0.11132593063897772,0.11657172363242746,0.2128328995581374
282,282.0,284.2923452273791,0.12281206372674645,0.12439608422339786,0.10300308270062629,0.10944890757421455,0.10115380676297,0.11054454456263807,0.11614521389097802,0.2124962965584289
283,283.0,285.30452105790573,0.12193588367319551,0.1259110525195226,0.10312154394734038,0.10937487183763236,0.10195673595036604,0.10978680324925759,0.11575184908670985,0.21216125973597577
284,284.0,286.3154340948007,0.12105957036987529,0.1273501956456218,0.10321469059765663,0.10934219463403574,0.10275219790191185,0.10905791963567418,0.1153922483739475,0.21183098284127705
285,285.0,287.32510148705813,0.12019190027479591,0.12870670468743708,0.10328412264471165,0.10934706688216211,0.10353298472167702,0.10836229678804397,0.11506663135066801,0.2115082926505043
286,286.0,288.33355112521923,0.1193406857680841,0.1299752779629786,0.10333151722836104,0.1093856849143579,0.10429275605464193,0.10770356485824796,0.115885966929267,0.21008454628406154
287,287.0,289.34082028831205,0.11851279343597021,0.1311520233161184,0.10335860414910883,0.10878762130522754,0.10502601573615698,0.10775128874046733,0.11672756649377065,0.20868408682318013
288,288.0,290.3469543322125,0.11829750331764893,0.13206768941889854,0.10332547663737106,0.10818085818832829,0.10568641566788532,0.10770934561467835,0.11753912098327678,0.20719359017191277
289,289.0,291.35200542840073,0.11774959698181309,0.13375033864643832,0.10302598741151366,0.10735983314560602,0.10606213782548836,0.10744962161293976,0.11910301936039006,0.2054994650158108
290,290.0,292.35603136068613,0.1171217040024614,0.13510922397176414,0.10260365642409605,0.10646807150895914,0.10629178165369146,0.10711038095175279,0.12054227714146754,0.2047529043458075
291,291.0,293.3590943861361,0.11647716242984166,0.13713037520612867,0.10214118142311333,0.10544690974568899,0.1063244236092698,0.10673489835391464,0.12206200114068948,0.20368304809135346
292,292.0,294.3612601651798,0.11586992812851443,0.1390368361994283,0.10167763032416344,0.10447668881370242,0.10632634890402459,0.10639181525385238,0.12354261569710051,0.20267813667921394
293,293.0,295.3625967646673,0.11522881330259906,0.14178506365341828,0.10118098154215023,0.10352525213330861,0.10612300017478574,0.10655926370925961,0.1239661948628467,0.20163143062163183
294,294.0,296.3631737365593,0.11456443414627752,0.14426503263441773,0.10065991982993219,0.10260064414288424,0.10641966292691288,0.10662365006696342,0.12430785431868879,0.20055880193392328
295,295.0,297.3630612738966,0.11394458441356545,0.14659641635873924,0.10029235393278041,0.10159799474761995,0.10669278114945402,0.10671228373198063,0.12460178120576466,0.1995618044600957
296,296.0,298.3623294447612,0.113371009659429,0.14765964840369628,0.09993984936477948,0.10066189514533266,0.10805308922425344,0.10682185363692975,0.12484980951208018,0.19864284505349922
297,297.0,299.3710475040917,0.11284481813355199,0.14857091161677577,0.09960442503869435,0.09979505135274755,0.10937826508533734,0.10694917045876809,0.1250540488126482,0.1978033095014767
298,298.0,300.3891832824482,0.11236653342836724,0.1493362902490346,0.09928772717359427,0.09899920622682025,0.11065857019546643,0.10709118633758835,0.12521683561503782,0.197043650774091
299,299.0,301.40661365014455,0.11193614770885736,0.1499627189722323,0.09899105010203174,0.09827521835214426,0.1118856885786349,0.10724501120890415,0.125340687301043,0.1963634777761523
300,300.0,302.4232348445699,0.11155317493364997,0.15045782849004297,0.09871535851536864,0.09762314188234118,0.11305266772370712,0.10740792592475273,0.1254282588654421,0.19576164366469526
301,301.0,303.43896157110703,0.1114071797265431,0.1518774186754463,0.09884226316193405,0.09723278263209796,0.11472528033447058,0.10814882092495094,0.12567277879522792,0.19209347574932914
302,302.0,304.45372600927936,0.1115267179335914,0.15361643286141627,0.09909848934019343,0.0970215550116436,0.11587750677951834,0.10799931462788721,0.1266624562609132,0.18819752718483665
303,303.0,305.4674767435417,0.11160070749797553,0.15568387183936983,0.0993268759685281,0.09683199146753706,0.11690819674430485,0.10776660889292507,0.1275295454009177,0.18435220218844195
304,304.0,306.4801776369423,0.11163443397655337,0.15742989521091733,0.09952865842976484,0.09666455652170229,0.117819932271326,0.10746282130943924,0.1288673400387625,0.18059236224153455
305,305.0,307.49180666463343,0.11165609621704134,0.1589096254794545,0.09965423421796185,0.09651013323239792,0.11852357968438224,0.10766427440870519,0.13011048971750072,0.17697156704255634
306,306.0,308.50235472290916,0.11163882454371934,0.16008399595978656,0.09975228850397905,0.09637378492830186,0.11911273158217739,0.10780307011433089,0.13119548822056945,0.1740398161471356
307,307.0,309.5118244281282,0.1127566197052245,0.16111885774946008,0.09985400465988015,0.0962844793586401,0.1178862466508544,0.1079429097380359,0.13221553597462254,0.1719413461632825
308,308.0,310.52022891854403,0.1138263175342953,0.16187161426923483,0.09992875957103585,0.09620916553958396,0.11657121365655644,0.10802381095961149,0.1330792082787754,0.1704899101909069
309,309.0,311.5275906707329,0.11489466236483183,0.16249452742827136,0.10000481760228283,0.09617351322373713,0.11521595352499767,0.1081034901860022,0.1338724533233976,0.1692405823464795
310,310.0,312.5339403409955,0.11572888382615992,0.16288324131994206,0.09997017675018838,0.09606280167282605,0.11372693046010862,0.10807016171335151,0.13448327027288487,0.16907453398453873
311,311.0,313.53931564082194,0.11654405204058715,0.16315728873206675,0.0999362533116076,0.09598564392586624,0.11223241098587124,0.10803545959629007,0.13502379376725585,0.16908509764045523
312,312.0,314.54376025425745,0.117375587317326,0.16345039583847878,0.09998664811290825,0.09598112284659883,0.1101645566046294,0.10816653488709622,0.1355373145837451,0.16933783980921754
313,313.0,315.5473228038069,0.11904346183980216,0.16352022559868531,0.10057909204875584,0.09596285331238062,0.10808471268422928,0.1081288324254085,0.13594223111530926,0.16873859097542918
314,314.0,316.5500558703633,0.119680421464658,0.16336536080680525,0.10371460401351487,0.09605939078442911,0.10614187453817102,0.10806881081382635,0.13455417072732362,0.1684153668512719
315,315.0,317.55201507156045,0.1202381420366845,0.1630337723288894,0.1072385752634939,0.09614506132049283,0.10422854210357664,0.1078772998067468,0.13308944748508234,0.1681491596550337
316,316.0,318.5532582019223,0.12074838202015019,0.16263468371243817,0.11069456721649466,0.09624950667351548,0.1023903098983516,0.10768701051261392,0.13159978667113928,0.1679957532952968
317,317.0,319.5538444372287,0.12111987798316742,0.1620879267665605,0.11396390879177591,0.09718798672645279,0.10054714113070211,0.10740881456216528,0.13001166955989493,0.1676726744792812
318,318.0,320.5538336046322,0.12144460754996904,0.161495554075476,0.11711438979317494,0.09813134957242027,0.0987997793263653,0.1071361027623551,0.12843264113401007,0.16744557578622943
319,319.0,321.553285519249,0.12164824248875102,0.1607922933648586,0.12005063389230841,0.09891815815214007,0.09708035983129569,0.1067952962403601,0.12680182523345,0.16791319079683625
320,320.0,322.5522593872117,0.12180903773110931,0.16006444786194957,0.12283288415659337,0.0996925634428034,0.09547146442769908,0.1064647943518005,0.1252088905828697,0.16845591744517519
321,321.0,323.55081327450597,0.1219296692942627,0.1593217545010072,0.1254487174668718,0.10044806172040928,0.09397812966046414,0.10614687165221837,0.12366597840377694,0.16906081730098965
322,322.0,324.54900364032574,0.12212405834161126,0.15957312500144424,0.12644417274099715,0.1012900998145985,0.09271484392473815,0.1062878938941562,0.12229462668192505,0.16927117960052948
323,323.0,325.5468849331603,0.1223169761433529,0.1603507301812093,0.1272637574722677,0.1022114518476193,0.09251441699290931,0.10634964727013355,0.12102548379789936,0.16796753629460856
324,324.0,326.5445092473798,0.12247595882784909,0.1611134887023901,0.12792368104947444,0.10309610926889472,0.09242370361754255,0.10642125931480487,0.11983033847857569,0.16671546074046856
325,325.0,327.5419260377035,0.12260281007997939,0.16185525764563324,0.12843331035225164,0.10393889496538651,0.09243263957674533,0.10650102804085405,0.11871374242067706,0.16552231691847274
326,326.0,328.53918188861786,0.1226994745304591,0.16257071827930009,0.12880257851501448,0.10473556825260814,0.09253117057746865,0.10658734009288283,0.11767900665863996,0.1643941430936267
327,327.0,329.5363203355546,0.12276800421494848,0.1632553468280116,0.1290418289701368,0.10548277363861439,0.09270935180555324,0.10667867801777295,0.11672829252049863,0.16333572400446392
328,328.0,330.5333817344421,0.12290143640411075,0.16399628930568524,0.1292525800747405,0.10635980404148493,0.09213925460780033,0.10686453493989846,0.11595361407615397,0.16253248655012584
329,329.0,331.53040317609646,0.12300850496714544,0.1650542061933494,0.13035050931776648,0.10708873782433577,0.09163614805851142,0.10588944454615873,0.1152616729822282,0.16171077611050458
330,330.0,332.5274184418244,0.123092236619996,0.16606685334866084,0.13133884167086432,0.10776037453211962,0.09119982519729405,0.10492535636818157,0.11465257595357975,0.16096393630930386
