Total_iterations,Unnamed: 0.1,Intertwine_two,Invert_path_vertices,Insert_inside_vertex,Delete_inside_vertex,Replace_inside_vertex,Donate_between_routes,MSC_add_terminal,MSC_del_terminal
0,0.0,0.125,0.125,0.125,0.125,0.125,0.125,0.125,0.125
1,1.0,0.125,0.125,0.125,0.125,0.125,0.125,0.125,0.125
2,2.0,0.125,0.125,0.125,0.125,0.125,0.125,0.125,0.125
3,3.0,0.125,0.125,0.125,0.125,0.125,0.125,0.125,0.125
4,4.0,0.125,0.125,0.125,0.125,0.125,0.125,0.125,0.125
5,5.0,0.125,0.125,0.125,0.125,0.125,0.125,0.125,0.125
6,6.0,0.125,0.125,0.125,0.125,0.125,0.125,0.125,0.125
7,7.0,0.125,0.125,0.125,0.125,0.125,0.125,0.125,0.125
8,8.0,0.125,0.125,0.125,0.125,0.125,0.125,0.125,0.125
9,9.0,0.125,0.125,0.125,0.125,0.125,0.125,0.125,0.125
10,10.0,0.125,0.125,0.125,0.125,0.125,0.125,0.125,0.125
11,11.0,0.125,0.125,0.125,0.125,0.125,0.125,0.125,0.125
12,12.0,0.125,0.125,0.125,0.125,0.125,0.125,0.125,0.125
13,13.0,0.125,0.125,0.125,0.125,0.125,0.125,0.125,0.125
14,14.0,0.125,0.125,0.125,0.125,0.125,0.125,0.125,0.125
15,15.0,0.125,0.125,0.125,0.125,0.125,0.125,0.125,0.125
16,16.0,0.125,0.125,0.125,0.125,0.125,0.125,0.125,0.125
17,17.0,0.125,0.125,0.125,0.125,0.125,0.125,0.125,0.125
18,18.0,0.125,0.125,0.125,0.125,0.125,0.125,0.125,0.125
19,19.0,0.125,0.125,0.125,0.125,0.125,0.125,0.125,0.125
20,20.0,0.125,0.125,0.125,0.125,0.125,0.125,0.125,0.125
21,21.0,0.125,0.125,0.125,0.125,0.125,0.125,0.125,0.125
22,22.0,0.125,0.125,0.125,0.125,0.125,0.125,0.125,0.125
23,23.0,0.125,0.125,0.125,0.125,0.125,0.125,0.125,0.125
24,24.0,0.125,0.125,0.125,0.125,0.125,0.125,0.125,0.125
25,25.0,0.125,0.125,0.125,0.125,0.125,0.125,0.125,0.125
26,26.0,0.125,0.125,0.125,0.125,0.125,0.125,0.125,0.125
27,27.0,0.125,0.125,0.125,0.125,0.125,0.125,0.125,0.125
28,28.0,0.125,0.125,0.125,0.125,0.125,0.125,0.125,0.125
29,29.0,0.125,0.125,0.125,0.125,0.125,0.125,0.125,0.125
30,30.0,0.125,0.125,0.125,0.125,0.125,0.125,0.125,0.125
31,31.0,0.125,0.125,0.125,0.125,0.125,0.125,0.125,0.125
32,32.0,0.125,0.125,0.125,0.125,0.125,0.125,0.125,0.125
33,33.0,0.125,0.125,0.125,0.125,0.125,0.125,0.125,0.125
34,34.0,0.125,0.125,0.125,0.125,0.125,0.125,0.125,0.125
35,35.0,0.125,0.125,0.125,0.125,0.125,0.125,0.125,0.125
36,36.0,0.125,0.125,0.125,0.125,0.125,0.125,0.125,0.125
37,37.0,0.125,0.125,0.125,0.125,0.125,0.125,0.125,0.125
38,38.0,0.125,0.125,0.125,0.125,0.125,0.125,0.125,0.125
39,39.0,0.125,0.125,0.125,0.125,0.125,0.125,0.125,0.125
40,40.0,0.125,0.125,0.125,0.125,0.125,0.125,0.125,0.125
41,41.0,0.125,0.125,0.125,0.125,0.125,0.125,0.125,0.125
42,42.0,0.125,0.125,0.125,0.125,0.125,0.125,0.125,0.125
43,43.0,0.125,0.125,0.125,0.125,0.125,0.125,0.125,0.125
44,44.0,0.125,0.125,0.125,0.125,0.125,0.125,0.125,0.125
45,45.0,0.125,0.125,0.125,0.125,0.125,0.125,0.125,0.125
46,46.0,0.125,0.125,0.125,0.125,0.125,0.125,0.125,0.125
47,47.0,0.125,0.125,0.125,0.125,0.125,0.125,0.125,0.125
48,48.0,0.125,0.125,0.125,0.125,0.125,0.125,0.125,0.125
49,49.0,0.125,0.125,0.125,0.125,0.125,0.125,0.125,0.125
50,50.0,0.125,0.125,0.125,0.125,0.125,0.125,0.125,0.125
51,51.0,0.125,0.125,0.125,0.125,0.125,0.125,0.125,0.125
52,52.0,0.125,0.125,0.125,0.125,0.125,0.125,0.125,0.125
53,53.0,0.125,0.125,0.125,0.125,0.125,0.125,0.125,0.125
54,54.0,0.125,0.125,0.125,0.125,0.125,0.125,0.125,0.125
55,55.0,0.125,0.125,0.125,0.125,0.125,0.125,0.125,0.125
56,56.0,0.125,0.125,0.125,0.125,0.125,0.125,0.125,0.125
57,57.0,0.125,0.125,0.125,0.125,0.125,0.125,0.125,0.125
58,58.0,0.125,0.125,0.125,0.125,0.125,0.125,0.125,0.125
59,59.0,0.125,0.125,0.125,0.125,0.125,0.125,0.125,0.125
60,60.0,0.125,0.125,0.125,0.125,0.125,0.125,0.125,0.125
61,61.0,0.125,0.125,0.125,0.125,0.125,0.125,0.125,0.125
62,62.0,0.125,0.125,0.125,0.125,0.125,0.125,0.125,0.125
63,63.0,0.125,0.125,0.125,0.125,0.125,0.125,0.125,0.125
64,64.0,0.125,0.125,0.125,0.125,0.125,0.125,0.125,0.125
65,65.0,0.125,0.125,0.125,0.125,0.125,0.125,0.125,0.125
66,66.0,0.125,0.125,0.125,0.125,0.125,0.125,0.125,0.125
67,67.0,0.125,0.125,0.125,0.125,0.125,0.125,0.125,0.125
68,68.0,0.125,0.125,0.125,0.125,0.125,0.125,0.125,0.125
69,69.0,0.125,0.125,0.125,0.125,0.125,0.125,0.125,0.125
70,70.0,0.125,0.125,0.125,0.125,0.125,0.125,0.125,0.125
71,71.0,0.125,0.125,0.125,0.125,0.125,0.125,0.125,0.125
72,72.0,0.125,0.125,0.125,0.125,0.125,0.125,0.125,0.125
73,73.0,0.125,0.125,0.125,0.125,0.125,0.125,0.125,0.125
74,74.0,0.125,0.125,0.125,0.125,0.125,0.125,0.125,0.125
75,75.0,0.125,0.125,0.125,0.125,0.125,0.125,0.125,0.125
76,76.0,0.125,0.125,0.125,0.125,0.125,0.125,0.125,0.125
77,77.0,0.125,0.125,0.125,0.125,0.125,0.125,0.125,0.125
78,78.0,0.125,0.125,0.125,0.125,0.125,0.125,0.125,0.125
79,79.0,0.125,0.125,0.125,0.125,0.125,0.125,0.125,0.125
80,80.0,0.125,0.125,0.125,0.125,0.125,0.125,0.125,0.125
81,81.0,0.125,0.125,0.125,0.125,0.125,0.125,0.125,0.125
82,82.0,0.125,0.125,0.125,0.125,0.125,0.125,0.125,0.125
83,83.0,0.125,0.125,0.125,0.125,0.125,0.125,0.125,0.125
84,84.0,0.125,0.125,0.125,0.125,0.125,0.125,0.125,0.125
85,85.0,0.125,0.125,0.125,0.125,0.125,0.125,0.125,0.125
86,86.0,0.125,0.125,0.125,0.125,0.125,0.125,0.125,0.125
87,87.0,0.125,0.125,0.125,0.125,0.125,0.125,0.125,0.125
88,88.0,0.125,0.125,0.125,0.125,0.125,0.125,0.125,0.125
89,89.0,0.125,0.125,0.125,0.125,0.125,0.125,0.125,0.125
90,90.0,0.125,0.125,0.125,0.125,0.125,0.125,0.125,0.125
91,91.0,0.125,0.125,0.125,0.125,0.125,0.125,0.125,0.125
92,92.0,0.125,0.125,0.125,0.125,0.125,0.125,0.125,0.125
93,93.0,0.125,0.125,0.125,0.125,0.125,0.125,0.125,0.125
94,94.0,0.125,0.125,0.125,0.125,0.125,0.125,0.125,0.125
95,95.0,0.125,0.125,0.125,0.125,0.125,0.125,0.125,0.125
96,96.0,0.125,0.125,0.125,0.125,0.125,0.125,0.125,0.125
97,97.0,0.125,0.125,0.125,0.125,0.125,0.125,0.125,0.125
98,98.0,0.125,0.125,0.125,0.125,0.125,0.125,0.125,0.125
99,99.0,0.125,0.125,0.125,0.125,0.125,0.125,0.125,0.125
100,100.0,0.125,0.125,0.125,0.125,0.125,0.125,0.125,0.125
101,101.0,0.125,0.125,0.125,0.125,0.125,0.125,0.125,0.125
102,102.0,0.125,0.125,0.125,0.125,0.125,0.125,0.125,0.125
103,103.0,0.125,0.125,0.125,0.125,0.125,0.125,0.125,0.125
104,104.0,0.125,0.125,0.125,0.125,0.125,0.125,0.125,0.125
105,105.0,0.125,0.125,0.125,0.125,0.125,0.125,0.125,0.125
106,106.0,0.125,0.125,0.125,0.125,0.125,0.125,0.125,0.125
107,107.0,0.125,0.125,0.125,0.125,0.125,0.125,0.125,0.125
108,108.0,0.125,0.125,0.125,0.125,0.125,0.125,0.125,0.125
109,109.0,0.125,0.125,0.125,0.125,0.125,0.125,0.125,0.125
110,110.0,0.125,0.125,0.125,0.125,0.125,0.125,0.125,0.125
111,111.0,0.125,0.125,0.125,0.125,0.125,0.125,0.125,0.125
112,112.0,0.125,0.125,0.125,0.125,0.125,0.125,0.125,0.125
113,113.0,0.125,0.125,0.125,0.125,0.125,0.125,0.125,0.125
114,114.0,0.125,0.125,0.125,0.125,0.125,0.125,0.125,0.125
115,115.0,0.125,0.125,0.125,0.125,0.125,0.125,0.125,0.125
116,116.0,0.125,0.125,0.125,0.125,0.125,0.125,0.125,0.125
117,117.0,0.125,0.125,0.125,0.125,0.125,0.125,0.125,0.125
118,118.0,0.125,0.125,0.125,0.125,0.125,0.125,0.125,0.125
119,119.0,0.125,0.125,0.125,0.125,0.125,0.125,0.125,0.125
120,120.0,0.125,0.125,0.125,0.125,0.125,0.125,0.125,0.125
121,121.0,0.125,0.125,0.125,0.125,0.125,0.125,0.125,0.125
122,122.0,0.125,0.125,0.125,0.125,0.125,0.125,0.125,0.125
123,123.0,0.125,0.125,0.125,0.125,0.125,0.125,0.125,0.125
124,124.0,0.125,0.125,0.125,0.125,0.125,0.125,0.125,0.125
125,125.0,0.125,0.125,0.125,0.125,0.125,0.125,0.125,0.125
126,126.0,0.125,0.125,0.125,0.125,0.125,0.125,0.125,0.125
127,127.0,0.125,0.125,0.125,0.125,0.125,0.125,0.125,0.125
128,128.0,0.125,0.125,0.125,0.125,0.125,0.125,0.125,0.125
129,129.0,0.125,0.125,0.125,0.125,0.125,0.125,0.125,0.125
130,130.0,0.125,0.125,0.125,0.125,0.125,0.125,0.125,0.125
131,131.0,0.125,0.125,0.125,0.125,0.125,0.125,0.125,0.125
132,132.0,0.125,0.125,0.125,0.125,0.125,0.125,0.125,0.125
133,133.0,0.125,0.125,0.125,0.125,0.125,0.125,0.125,0.125
134,134.0,0.125,0.125,0.125,0.125,0.125,0.125,0.125,0.125
135,135.0,0.125,0.125,0.125,0.125,0.125,0.125,0.125,0.125
136,136.0,0.125,0.125,0.125,0.125,0.125,0.125,0.125,0.125
137,137.0,0.125,0.125,0.125,0.125,0.125,0.125,0.125,0.125
138,138.0,0.125,0.125,0.125,0.125,0.125,0.125,0.125,0.125
139,139.0,0.125,0.125,0.125,0.125,0.125,0.125,0.125,0.125
140,140.0,0.125,0.125,0.125,0.125,0.125,0.125,0.125,0.125
141,141.0,0.125,0.125,0.125,0.125,0.125,0.125,0.125,0.125
142,142.0,0.125,0.125,0.125,0.125,0.125,0.125,0.125,0.125
143,143.0,0.125,0.125,0.125,0.125,0.125,0.125,0.125,0.125
144,144.0,0.125,0.125,0.125,0.125,0.125,0.125,0.125,0.125
145,145.0,0.125,0.125,0.125,0.125,0.125,0.125,0.125,0.125
146,146.0,0.125,0.125,0.125,0.125,0.125,0.125,0.125,0.125
147,147.0,0.125,0.125,0.125,0.125,0.125,0.125,0.125,0.125
148,148.0,0.125,0.125,0.125,0.125,0.125,0.125,0.125,0.125
149,149.0,0.125,0.125,0.125,0.125,0.125,0.125,0.125,0.125
150,150.0,0.125,0.125,0.125,0.125,0.125,0.125,0.125,0.125
151,151.0,0.125,0.125,0.125,0.125,0.125,0.125,0.125,0.125
152,152.0,0.125,0.125,0.125,0.125,0.125,0.125,0.125,0.125
153,153.0,0.125,0.125,0.125,0.125,0.125,0.125,0.125,0.125
154,154.0,0.125,0.125,0.125,0.125,0.125,0.125,0.125,0.125
155,155.0,0.125,0.125,0.125,0.125,0.125,0.125,0.125,0.125
156,156.0,0.125,0.125,0.125,0.125,0.125,0.125,0.125,0.125
157,157.0,0.125,0.125,0.125,0.125,0.125,0.125,0.125,0.125
158,158.0,0.125,0.125,0.125,0.125,0.125,0.125,0.125,0.125
159,159.0,0.125,0.125,0.125,0.125,0.125,0.125,0.125,0.125
160,160.0,0.125,0.125,0.125,0.125,0.125,0.125,0.125,0.125
161,161.0,0.125,0.125,0.125,0.125,0.125,0.125,0.125,0.125
162,162.0,0.125,0.125,0.125,0.125,0.125,0.125,0.125,0.125
163,163.0,0.125,0.125,0.125,0.125,0.125,0.125,0.125,0.125
164,164.0,0.125,0.125,0.125,0.125,0.125,0.125,0.125,0.125
165,165.0,0.125,0.125,0.125,0.125,0.125,0.125,0.125,0.125
166,166.0,0.125,0.125,0.125,0.125,0.125,0.125,0.125,0.125
167,167.0,0.125,0.125,0.125,0.125,0.125,0.125,0.125,0.125
168,168.0,0.125,0.125,0.125,0.125,0.125,0.125,0.125,0.125
169,169.0,0.125,0.125,0.125,0.125,0.125,0.125,0.125,0.125
170,170.0,0.125,0.125,0.125,0.125,0.125,0.125,0.125,0.125
171,171.0,0.125,0.125,0.125,0.125,0.125,0.125,0.125,0.125
172,172.0,0.125,0.125,0.125,0.125,0.125,0.125,0.125,0.125
173,173.0,0.125,0.125,0.125,0.125,0.125,0.125,0.125,0.125
174,174.0,0.125,0.125,0.125,0.125,0.125,0.125,0.125,0.125
175,175.0,0.125,0.125,0.125,0.125,0.125,0.125,0.125,0.125
176,176.0,0.125,0.125,0.125,0.125,0.125,0.125,0.125,0.125
177,177.0,0.125,0.125,0.125,0.125,0.125,0.125,0.125,0.125
178,178.0,0.125,0.125,0.125,0.125,0.125,0.125,0.125,0.125
179,179.0,0.125,0.125,0.125,0.125,0.125,0.125,0.125,0.125
180,180.0,0.125,0.125,0.125,0.125,0.125,0.125,0.125,0.125
181,181.0,0.125,0.125,0.125,0.125,0.125,0.125,0.125,0.125
182,182.0,0.125,0.125,0.125,0.125,0.125,0.125,0.125,0.125
183,183.0,0.125,0.125,0.125,0.125,0.125,0.125,0.125,0.125
184,184.0,0.125,0.125,0.125,0.125,0.125,0.125,0.125,0.125
185,185.0,0.125,0.125,0.125,0.125,0.125,0.125,0.125,0.125
186,186.0,0.125,0.125,0.125,0.125,0.125,0.125,0.125,0.125
187,187.0,0.125,0.125,0.125,0.125,0.125,0.125,0.125,0.125
188,188.0,0.125,0.125,0.125,0.125,0.125,0.125,0.125,0.125
189,189.0,0.125,0.125,0.125,0.125,0.125,0.125,0.125,0.125
190,190.0,0.125,0.125,0.125,0.125,0.125,0.125,0.125,0.125
191,191.0,0.125,0.125,0.125,0.125,0.125,0.125,0.125,0.125
192,192.0,0.125,0.125,0.125,0.125,0.125,0.125,0.125,0.125
193,193.0,0.125,0.125,0.125,0.125,0.125,0.125,0.125,0.125
194,194.0,0.125,0.125,0.125,0.125,0.125,0.125,0.125,0.125
195,195.0,0.125,0.125,0.125,0.125,0.125,0.125,0.125,0.125
196,196.0,0.125,0.125,0.125,0.125,0.125,0.125,0.125,0.125
197,197.0,0.125,0.125,0.125,0.125,0.125,0.125,0.125,0.125
198,198.0,0.1248611111111111,0.1259722222222222,0.1248611111111111,0.1248611111111111,0.1248611111111111,0.1248611111111111,0.1248611111111111,0.1248611111111111
199,199.0,0.1245847222222222,0.1267958333333333,0.1245847222222222,0.1245847222222222,0.1245847222222222,0.1245847222222222,0.1256958333333333,0.1245847222222222
200,200.0,0.1241734583333333,0.1274635694444444,0.1241734583333333,0.1252845694444444,0.1241734583333333,0.1241734583333333,0.1263845694444444,0.1241734583333333
201,201.0,0.1234088084722222,0.1277482295833333,0.1244088084722222,0.1265088084722222,0.1234088084722222,0.1234088084722222,0.1265878084722222,0.1245199195833333
202,202.0,0.1225198688458334,0.1278713858569445,0.1245098688458333,0.1286899799569445,0.1225198688458334,0.1225198688458334,0.1266381788458333,0.1247309799569444
203,203.0,0.1215418467158472,0.1278618459779583,0.1245029467158472,0.1317244678269584,0.1215418467158472,0.1215418467158472,0.1265643526158472,0.1247208467158472
204,204.0,0.1205934305539235,0.1288329749604246,0.1244989095539235,0.1336965955650346,0.1205934305539235,0.1205934305539235,0.1264794877049235,0.1247117405539235
205,205.0,0.1196811439248751,0.1297769946283733,0.1244975092348751,0.1355928779069862,0.1196811439248751,0.1196811439248751,0.1263855366302651,0.1247036498248751
206,206.0,0.1188104967417051,0.1306871757165768,0.124498496077605,0.1364019365690061,0.1188104967417051,0.1188104967417051,0.1262843475189921,0.125696553892705
207,207.0,0.1179860315316572,0.1315578002721274,0.1245016214975081,0.1371244033324673,0.1179860315316572,0.1179860315316572,0.1261776560658787,0.1266804242370471
208,208.0,0.1170724858606308,0.1322452288138462,0.1243677514937792,0.1376228238307022,0.1170724858606308,0.1170724858606308,0.1259281905307512,0.128618547749029
209,209.0,0.1161219941405251,0.13279499756679,0.1241460152179096,0.1379487093943419,0.1161219941405251,0.1161219941405251,0.1255868138862532,0.1311574815131305
210,210.0,0.1151386649843579,0.1331153748223069,0.1237474166598721,0.1381069637521186,0.1151386649843579,0.1151386649843579,0.1251570401006758,0.1344572097119531
211,211.0,0.1142174336091155,0.1333897323212207,0.1233572643971002,0.1381945856628591,0.1142174336091155,0.1142174336091155,0.1247338248078009,0.137672291983673
212,212.0,0.1132815153164151,0.1336465242088835,0.123005211067376,0.1383507408755639,0.1132815153164151,0.1133878982951385,0.1243473400559678,0.1406992548642406
213,213.0,0.1125064916203472,0.133847565107387,0.1226535932905351,0.1373216648749618,0.1124012284624524,0.1126118107692834,0.123960403618434,0.1446972422565995
214,214.0,0.1126892615711967,0.1338974026605005,0.1222068666428961,0.1361381623349739,0.1114797878869862,0.111792570081835,0.1234779129819833,0.1483180358396286
215,215.0,0.1136463329372993,0.133806591841586,0.1216749422923693,0.1348223474580645,0.1106317195401701,0.1109386169701813,0.1229101814872259,0.1515692674731037
216,216.0,0.1146480015141863,0.1336837658831169,0.1211653195398301,0.1334952567558816,0.1098570903275834,0.1101556224949407,0.1223650708220216,0.1546298726624396
217,217.0,0.1165888818041014,0.1335333545586332,0.1206808644530051,0.1321712887179744,0.1091563026279291,0.1094443207372242,0.1218457700100669,0.156579217091066
218,218.0,0.1185374620146607,0.1333596205179812,0.1202239048161912,0.1308633707582943,0.1085289801669104,0.1088046554428566,0.1213548910741566,0.1583271152089494
219,219.0,0.120500082096375,0.1332996120965885,0.1197164734467127,0.129611789105353,0.1078942624112314,0.1081560723844041,0.1209210963607261,0.1599006120986094
220,220.0,0.122431775691099,0.1321117648545683,0.1192405003421693,0.1283974950939423,0.1073310445785532,0.1075777576794981,0.1205190792244489,0.1623905825357211
221,221.0,0.1243163185115845,0.1309207411464033,0.1187975994071129,0.1272289029000231,0.1068378088549026,0.1070684676398329,0.1201496820789725,0.1646804794611683
222,222.0,0.1261395802070505,0.1297387688557899,0.1183888924339453,0.1261131282637855,0.1064124893866132,0.1066263926992812,0.1198133368966716,0.1667674112568629
223,223.0,0.1278894562730442,0.1285767625638789,0.1180150470962094,0.1250560471758238,0.1060525477428319,0.1062492320973371,0.1195101019330517,0.1686508051178232
224,224.0,0.1304648774209438,0.1274443457337193,0.1176763156837392,0.1240623610921899,0.1057550455575456,0.1059342660061592,0.1192396985158809,0.1694230899898222
225,225.0,0.132939353112898,0.1263498835874374,0.1173725741181331,0.1231356673732874,0.1055167139067577,0.1056784246355828,0.1190015475246858,0.1700058357412178
226,226.0,0.1352438596151231,0.1252508798880374,0.1170442591755142,0.1223399994408724,0.1054971396209022,0.1054192522724071,0.1187404317043224,0.1704641782828211
227,227.0,0.1374078539383516,0.124188807664237,0.1167380928201617,0.1217089093407012,0.105513182181054,0.1052006552166755,0.1184967638526928,0.1707457349861262
228,228.0,0.139360077693581,0.1231080237281434,0.116390153292134,0.1219052105635115,0.1054985487144402,0.1049559933434323,0.1182075661877703,0.1705744264769872
229,229.0,0.1410592564071298,0.1219782777974175,0.1159651680110496,0.1220512716718478,0.1054135238654741,0.1056473904602319,0.1178373543746041,0.1700477574122451
230,230.0,0.1399132365955644,0.1209425700576364,0.1156018979318314,0.1233244711398891,0.1053928035476871,0.1064011332237084,0.1175247384729567,0.1708991490307262
231,231.0,0.1395373067788202,0.1198666167818665,0.1151625672498481,0.1244107073483289,0.1052949275259023,0.1070682126563225,0.1171318480654558,0.1715278135934554
232,232.0,0.1389123631097285,0.1187193479106101,0.1155224120954329,0.1253170150602436,0.105082735984883,0.1076047701509801,0.1166247853609076,0.172216570327214
233,233.0,0.1369710271616857,0.1184208384435993,0.1156812054006618,0.1260032453490878,0.1057823642545449,0.1078290539870919,0.115921508967533,0.1733907564357953
234,234.0,0.1357287454614612,0.1181202581411402,0.115788524992579,0.1266156042603409,0.1064266946771838,0.1079071699042727,0.115179733624209,0.1742332689388131
235,235.0,0.1350604363336764,0.1175673233863056,0.1156101000582512,0.1269018588391528,0.1068522263206881,0.1076944453767354,0.1142481395667764,0.1760654701184136
236,236.0,0.1345444065913862,0.1162641276432103,0.1146339816073388,0.1272721765533992,0.1083751851451378,0.1075783854005211,0.1134536260058219,0.1778781110531845
237,237.0,0.1340625288371283,0.1149807791018854,0.113736588000828,0.1277033635944134,0.1099494096885218,0.1072893050694253,0.1126492459240539,0.1796287797837436
238,238.0,0.1335518198869795,0.1137626408638057,0.1128604872697416,0.1281030743702648,0.11148379102879,0.1071120090472039,0.1118843974526704,0.1812417800805439
239,239.0,0.1330881460394583,0.1126832493704552,0.1112456783413529,0.1278275764206217,0.1130360213108685,0.1069991685795786,0.1112294764561851,0.1838906834814796
240,240.0,0.1325578874092238,0.1116259707487414,0.1096186270111231,0.1274764496268337,0.1144752402242023,0.106831913402213,0.11056648628352,0.1868474252941425
241,241.0,0.1329262912382739,0.1106712266215021,0.1080675819912235,0.1271367467603354,0.114760611894305,0.1066868053314404,0.1099736177127046,0.1897771184502148
242,242.0,0.1332388277046861,0.1097504348911343,0.1065337525599816,0.1267393197218669,0.1149356156907815,0.1064975557450602,0.1093830867284238,0.1929214069580653
243,243.0,0.1334997896818913,0.1094229638750172,0.1050325869546757,0.1262957467008415,0.1150113698648612,0.1062723027923285,0.1088023963836983,0.1956628437466861
244,244.0,0.1337545821418956,0.109179061630606,0.1036186875916222,0.1258579351685821,0.1150398989799001,0.1060597564822648,0.108279226660877,0.1982108513442519
245,245.0,0.1331123852229299,0.1091239214142854,0.1024085779513376,0.125540798202646,0.1152478624728741,0.1059718827248141,0.1079241683061089,0.2006704037050036
246,246.0,0.1327000890628502,0.1093699876561788,0.1015247493887171,0.1254662089468294,0.11641523727106,0.1061278622330589,0.1088547299969055,0.1995411354443999
247,247.0,0.1321812441297862,0.1096220416854084,0.1006807747189831,0.1253480211600412,0.1174245183860645,0.1061841674677647,0.109770406749165,0.1987888257027866
248,248.0,0.1315753567540301,0.1098787956847799,0.0998829398013758,0.1251936080750778,0.1182850853787189,0.106820532474268,0.11066536179105,0.1976983200406991
249,249.0,0.1308995710059896,0.1101384025934758,0.0991357994860491,0.1250093268287969,0.1190055849437125,0.1073333019110384,0.1115339082193697,0.1969441050115678
250,250.0,0.1301517254894643,0.1103445719605676,0.0983883466250191,0.1247465979588841,0.1195769097372524,0.1077512985497723,0.11313477415847,0.19590577552057
251,251.0,0.1288033228182863,0.110582404028363,0.0977299051832846,0.1244977116982197,0.1200900821703667,0.1081616378857042,0.1147241735433365,0.1954107626724388
252,252.0,0.1274904027346325,0.1108463542061138,0.0971581584333334,0.1242637726484856,0.1205457857547668,0.108560982255755,0.1162873590355439,0.1948471849313687
253,253.0,0.1262225461805872,0.1111311711810467,0.0966701543734867,0.1240456254790861,0.1198340992283691,0.1089464377128124,0.1178113201694359,0.1953386456751756
254,254.0,0.1249711606628475,0.111395155397812,0.0962256340694502,0.1238071077677993,0.1190053490557526,0.1092052444759579,0.1192479750636229,0.1961423735067572
255,255.0,0.1236690900571433,0.1115597274142418,0.0957466714728661,0.12347461887011,0.1180345944627424,0.1093356329417227,0.1205136649173166,0.1976659998638568
256,256.0,0.1223108347488569,0.1116095939007341,0.0961270025185749,0.123037291964164,0.1168894748692749,0.1092601927485917,0.121589240506558,0.1991763687432452
257,257.0,0.1209510681320959,0.1115911991161842,0.0964184275087172,0.122545456490613,0.1156637621068026,0.1090945570645641,0.1225184298726666,0.201217099708356
258,258.0,0.1196717208220571,0.1115797349537238,0.096763286435312,0.1220776634791348,0.1144459544380328,0.1089175836137516,0.1233747615624763,0.2031692946955113
259,259.0,0.1184775443611688,0.1115746229927684,0.0971527873154479,0.1216361866136369,0.1132474394302827,0.1087321759073409,0.1241569580267189,0.2050222853526352
260,260.0,0.1173719634291247,0.111575279132777,0.0975785709449696,0.1212228090481762,0.1115227174119725,0.1093743647812893,0.1248646108233088,0.2064896844283817
261,261.0,0.116327934516279,0.1115518802361714,0.0980035114465614,0.1208096148623218,0.1098124165382592,0.1099172493905756,0.1254688580249634,0.2081085349848679
262,262.0,0.1153760584993141,0.1123667149183861,0.0976164261841407,0.1204270334494452,0.1081585134928942,0.1104442786839944,0.1260003135086333,0.2096106612631919
263,263.0,0.1144525362847088,0.1130496063465117,0.0971882860226304,0.1200117267822749,0.1065078049593935,0.1115927935412237,0.1263968393271778,0.2108004067360789
264,264.0,0.1148353355118032,0.1135200462068711,0.0970432622814079,0.1194116907503788,0.1052326482125582,0.1121645709085831,0.1258486124816423,0.211943833646755
265,265.0,0.1152830936889782,0.1139639951511951,0.0969041926296937,0.1188251868381298,0.1040179884199045,0.1126972591988024,0.1252287130041505,0.2130795710691455
266,266.0,0.1157978103124269,0.1143910141329955,0.0967880885712704,0.118276186332145,0.1028893819434,0.11319592692318,0.1245651017472676,0.2140964900373143
267,267.0,0.1163676423712875,0.1147985259587065,0.096693814587393,0.117766428896858,0.101849509516195,0.1136589894610563,0.1238687860015015,0.214996303207002
268,268.0,0.1169813800014301,0.1151844062256801,0.0966201304104458,0.1172970877995517,0.1008998964576316,0.1140853767057026,0.1231499993731981,0.2157817230263599
269,269.0,0.1176577190137173,0.1155725300633759,0.0966022435818704,0.1167756641324697,0.0999478622764997,0.1144891041861415,0.1224510535292231,0.216503823216702
270,270.0,0.118404444684715,0.1159847395187154,0.0972335196592012,0.1163379726817607,0.099263696854503,0.115033603768051,0.1217926238170188,0.2159493990160346
271,271.0,0.1191646519345527,0.1163704387284802,0.0978742507683011,0.1159426161318387,0.0986684323398705,0.1155388347813712,0.121136509812852,0.2153042655027335
272,272.0,0.1199843355877929,0.1168383118350201,0.0985720291498474,0.1149299738987835,0.0982140763419571,0.1153992761684321,0.1205439861409056,0.215518010877261
273,273.0,0.1207999006181125,0.1172765616186912,0.0992647217433294,0.1139653075666457,0.0978416310196196,0.1152247585219452,0.1199651684552265,0.2156619504564296
274,274.0,0.1214814262660083,0.1176967260775867,0.099964421863966,0.112936842735867,0.0975688437533404,0.1150279275866691,0.1195581211315272,0.215765690585035
275,275.0,0.1221325023239435,0.1180717915886734,0.1006282595993755,0.1119476933677811,0.0973462700200248,0.1147989141374514,0.1191529438267652,0.2159216251359849
276,276.0,0.1227286455990515,0.1183815000003379,0.1012044838297149,0.1109878001673501,0.0971584270604825,0.1144518515429372,0.1187374820696449,0.2163498097304809
277,277.0,0.1232695599354879,0.1186294619370298,0.1016964376604359,0.1100640084484367,0.0975302080150292,0.1140025313394735,0.1183170909215974,0.2164907017425096
278,278.0,0.1237553590837555,0.1193193724268795,0.1021076285931932,0.1099511767493091,0.0979019326827107,0.1134656724899897,0.1178964672331957,0.2156023907409666
279,279.0,0.1241316262029602,0.1205305982769755,0.1023868253269439,0.1097670142694989,0.0986908842402156,0.112745131397843,0.1174247701271312,0.2143231501584316
280,280.0,0.1244764309456955,0.1216977967916935,0.1026367430065589,0.1096408253822023,0.0995111867467228,0.1120296685114079,0.1169827030371098,0.2130246455786091
281,281.0,0.1236783603910698,0.1228136987194239,0.1028578103606558,0.1095680746170409,0.100351502082267,0.1113259306389777,0.1165717236324274,0.2128328995581374
282,282.0,0.1228120637267464,0.1243960842233978,0.1030030827006262,0.1094489075742145,0.10115380676297,0.110544544562638,0.116145213890978,0.2124962965584289
283,283.0,0.1219358836731955,0.1259110525195226,0.1031215439473403,0.1093748718376323,0.101956735950366,0.1097868032492575,0.1157518490867098,0.2121612597359757
284,284.0,0.1210595703698752,0.1273501956456218,0.1032146905976566,0.1093421946340357,0.1027521979019118,0.1090579196356741,0.1153922483739475,0.211830982841277
285,285.0,0.1201919002747959,0.128706704687437,0.1032841226447116,0.1093470668821621,0.103532984721677,0.1083622967880439,0.115066631350668,0.2115082926505043
286,286.0,0.1193406857680841,0.1299752779629786,0.103331517228361,0.1093856849143579,0.1042927560546419,0.1077035648582479,0.115885966929267,0.2100845462840615
287,287.0,0.1185127934359702,0.1311520233161184,0.1033586041491088,0.1087876213052275,0.1050260157361569,0.1077512887404673,0.1167275664937706,0.2086840868231801
288,288.0,0.1182975033176489,0.1320676894188985,0.103325476637371,0.1081808581883282,0.1056864156678853,0.1077093456146783,0.1175391209832767,0.2071935901719127
289,289.0,0.117749596981813,0.1337503386464383,0.1030259874115136,0.107359833145606,0.1060621378254883,0.1074496216129397,0.11910301936039,0.2054994650158108
290,290.0,0.1171217040024614,0.1351092239717641,0.102603656424096,0.1064680715089591,0.1062917816536914,0.1071103809517527,0.1205422771414675,0.2047529043458075
291,291.0,0.1164771624298416,0.1371303752061286,0.1021411814231133,0.1054469097456889,0.1063244236092698,0.1067348983539146,0.1220620011406894,0.2036830480913534
292,292.0,0.1158699281285144,0.1390368361994283,0.1016776303241634,0.1044766888137024,0.1063263489040245,0.1063918152538523,0.1235426156971005,0.2026781366792139
293,293.0,0.115228813302599,0.1417850636534182,0.1011809815421502,0.1035252521333086,0.1061230001747857,0.1065592637092596,0.1239661948628467,0.2016314306216318
294,294.0,0.1145644341462775,0.1442650326344177,0.1006599198299321,0.1026006441428842,0.1064196629269128,0.1066236500669634,0.1243078543186887,0.2005588019339232
295,295.0,0.1139445844135654,0.1465964163587392,0.1002923539327804,0.1015979947476199,0.106692781149454,0.1067122837319806,0.1246017812057646,0.1995618044600957
296,296.0,0.113371009659429,0.1476596484036962,0.0999398493647794,0.1006618951453326,0.1080530892242534,0.1068218536369297,0.1248498095120801,0.1986428450534992
297,297.0,0.1128448181335519,0.1485709116167757,0.0996044250386943,0.0997950513527475,0.1093782650853373,0.106949170458768,0.1250540488126482,0.1978033095014767
298,298.0,0.1123665334283672,0.1493362902490346,0.0992877271735942,0.0989992062268202,0.1106585701954664,0.1070911863375883,0.1252168356150378,0.197043650774091
299,299.0,0.1119361477088573,0.1499627189722323,0.0989910501020317,0.0982752183521442,0.1118856885786349,0.1072450112089041,0.125340687301043,0.1963634777761523
300,300.0,0.1115531749336499,0.1504578284900429,0.0987153585153686,0.0976231418823411,0.1130526677237071,0.1074079259247527,0.1254282588654421,0.1957616436646952
301,301.0,0.1114071797265431,0.1518774186754463,0.098842263161934,0.0972327826320979,0.1147252803344705,0.1081488209249509,0.1256727787952279,0.1920934757493291
302,302.0,0.1115267179335914,0.1536164328614162,0.0990984893401934,0.0970215550116436,0.1158775067795183,0.1079993146278872,0.1266624562609132,0.1881975271848366
303,303.0,0.1116007074979755,0.1556838718393698,0.0993268759685281,0.096831991467537,0.1169081967443048,0.107766608892925,0.1275295454009177,0.1843522021884419
304,304.0,0.1116344339765533,0.1574298952109173,0.0995286584297648,0.0966645565217022,0.117819932271326,0.1074628213094392,0.1288673400387625,0.1805923622415345
305,305.0,0.1116560962170413,0.1589096254794545,0.0996542342179618,0.0965101332323979,0.1185235796843822,0.1076642744087051,0.1301104897175007,0.1769715670425563
306,306.0,0.1116388245437193,0.1600839959597865,0.099752288503979,0.0963737849283018,0.1191127315821773,0.1078030701143308,0.1311954882205694,0.1740398161471356
307,307.0,0.1127566197052245,0.16111885774946,0.0998540046598801,0.0962844793586401,0.1178862466508544,0.1079429097380359,0.1322155359746225,0.1719413461632825
308,308.0,0.1138263175342953,0.1618716142692348,0.0999287595710358,0.0962091655395839,0.1165712136565564,0.1080238109596114,0.1330792082787754,0.1704899101909069
309,309.0,0.1148946623648318,0.1624945274282713,0.1000048176022828,0.0961735132237371,0.1152159535249976,0.1081034901860022,0.1338724533233976,0.1692405823464795
310,310.0,0.1157288838261599,0.162883241319942,0.0999701767501883,0.096062801672826,0.1137269304601086,0.1080701617133515,0.1344832702728848,0.1690745339845387
311,311.0,0.1165440520405871,0.1631572887320667,0.0999362533116076,0.0959856439258662,0.1122324109858712,0.10803545959629,0.1350237937672558,0.1690850976404552
312,312.0,0.117375587317326,0.1634503958384787,0.0999866481129082,0.0959811228465988,0.1101645566046294,0.1081665348870962,0.1355373145837451,0.1693378398092175
313,313.0,0.1190434618398021,0.1635202255986853,0.1005790920487558,0.0959628533123806,0.1080847126842292,0.1081288324254085,0.1359422311153092,0.1687385909754291
314,314.0,0.119680421464658,0.1633653608068052,0.1037146040135148,0.0960593907844291,0.106141874538171,0.1080688108138263,0.1345541707273236,0.1684153668512719
315,315.0,0.1202381420366845,0.1630337723288894,0.1072385752634939,0.0961450613204928,0.1042285421035766,0.1078772998067468,0.1330894474850823,0.1681491596550337
316,316.0,0.1207483820201501,0.1626346837124381,0.1106945672164946,0.0962495066735154,0.1023903098983516,0.1076870105126139,0.1315997866711392,0.1679957532952968
317,317.0,0.1211198779831674,0.1620879267665605,0.1139639087917759,0.0971879867264527,0.1005471411307021,0.1074088145621652,0.1300116695598949,0.1676726744792812
318,318.0,0.121444607549969,0.161495554075476,0.1171143897931749,0.0981313495724202,0.0987997793263653,0.1071361027623551,0.12843264113401,0.1674455757862294
319,319.0,0.121648242488751,0.1607922933648586,0.1200506338923084,0.09891815815214,0.0970803598312956,0.1067952962403601,0.12680182523345,0.1679131907968362
320,320.0,0.1218090377311093,0.1600644478619495,0.1228328841565933,0.0996925634428034,0.095471464427699,0.1064647943518005,0.1252088905828697,0.1684559174451751
321,321.0,0.1219296692942627,0.1593217545010072,0.1254487174668718,0.1004480617204092,0.0939781296604641,0.1061468716522183,0.1236659784037769,0.1690608173009896
322,322.0,0.1221240583416112,0.1595731250014442,0.1264441727409971,0.1012900998145985,0.0927148439247381,0.1062878938941562,0.122294626681925,0.1692711796005294
323,323.0,0.1223169761433529,0.1603507301812093,0.1272637574722677,0.1022114518476193,0.0925144169929093,0.1063496472701335,0.1210254837978993,0.1679675362946085
324,324.0,0.122475958827849,0.1611134887023901,0.1279236810494744,0.1030961092688947,0.0924237036175425,0.1064212593148048,0.1198303384785756,0.1667154607404685
325,325.0,0.1226028100799793,0.1618552576456332,0.1284333103522516,0.1039388949653865,0.0924326395767453,0.106501028040854,0.118713742420677,0.1655223169184727
326,326.0,0.1226994745304591,0.1625707182793,0.1288025785150144,0.1047355682526081,0.0925311705774686,0.1065873400928828,0.1176790066586399,0.1643941430936267
327,327.0,0.1227680042149484,0.1632553468280116,0.1290418289701368,0.1054827736386143,0.0927093518055532,0.1066786780177729,0.1167282925204986,0.1633357240044639
328,328.0,0.1229014364041107,0.1639962893056852,0.1292525800747405,0.1063598040414849,0.0921392546078003,0.1068645349398984,0.1159536140761539,0.1625324865501258
329,329.0,0.1230085049671454,0.1650542061933494,0.1303505093177664,0.1070887378243357,0.0916361480585114,0.1058894445461587,0.1152616729822282,0.1617107761105045
330,330.0,0.123092236619996,0.1660668533486608,0.1313388416708643,0.1077603745321196,0.091199825197294,0.1049253563681815,0.1146525759535797,0.1609639363093038
331,331.0,0.1235642001209089,0.1650905255194065,0.1331433866610711,0.1084651273335072,0.0909951282879527,0.1036216526806963,0.1132386553790194,0.1618813240174376
332,332.0,0.1232542117471122,0.1652145422972048,0.1340746419717804,0.1091861348214642,0.0909262576165514,0.1024243321942129,0.1119872171520948,0.162932662199579
333,333.0,0.1229253847516329,0.1653049017808453,0.134892442199653,0.1098463796342723,0.0909121374478281,0.1012665479753143,0.1108263456021297,0.1640258606083241
334,334.0,0.1227110963947992,0.1654281686690098,0.1356640574147965,0.1113427714887541,0.0910115364973049,0.1002200268035335,0.1098226953410303,0.1637996473907713
335,335.0,0.1224225485168277,0.1654580246805696,0.1350252788552212,0.1136878428733086,0.0910903139808721,0.0991623127140817,0.1088487858707263,0.1643048925083924
336,336.0,0.121888428616988,0.166285990975548,0.1341213969318581,0.1156600272578352,0.0910322229127637,0.0979875807720991,0.1077938608393197,0.165230491693588
337,337.0,0.1213540197118499,0.1670816691703457,0.1331456531080117,0.1175345838061835,0.0910092233665206,0.0968769723899509,0.1068342633609272,0.1661636150862102
338,338.0,0.1208246947909946,0.167840331293033,0.132114991011969,0.1193025297364881,0.0910180361854187,0.0958351812954751,0.1059700566550312,0.16709417903159
339,339.0,0.1202502936502574,0.1685031472746487,0.1308803739270747,0.1215062972007007,0.0910004469498099,0.0948107986159044,0.1051453986564961,0.1679032437251078
340,340.0,0.1195996093815752,0.1689407059371164,0.1295319860805056,0.1234039426944647,0.0909178132160424,0.0946799597041761,0.1043231225331126,0.1686028604530067
341,341.0,0.1192870276553768,0.1694358348181439,0.1279315586601521,0.1242613690644913,0.0905377897706017,0.0949244398719608,0.1036420206301297,0.1699799595291433
342,342.0,0.1180306284702131,0.1698464846407576,0.1263761065866546,0.1249520522521792,0.0910519474520339,0.0951882919270944,0.1031971605602609,0.1713573281108061
343,343.0,0.1168055393820139,0.1704307517532843,0.1248448686642441,0.1255221233802489,0.0915839083890194,0.0955033037966543,0.1028375485590752,0.1724719560754597
344,344.0,0.1156208802719649,0.1709697795816943,0.1233507358570362,0.1259779429433816,0.0921265726466328,0.0958612093805022,0.1025582559397162,0.1735346233790715
345,345.0,0.1144844547333516,0.1714627017761152,0.1216875476772348,0.1270406636167253,0.0926734432502354,0.0962541402513708,0.1025714349945427,0.173825613700424
346,346.0,0.1134028036644164,0.1719091996780017,0.1200844937178104,0.1279961109396684,0.0932186308591921,0.0966746645718494,0.1026520545916747,0.1740620419773866
347,347.0,0.112381266128881,0.1723094507375885,0.1185515910963194,0.1288454577740215,0.093756851896878,0.0971158177537721,0.1027925644809105,0.1742470001316287
348,348.0,0.1113962940673545,0.1726363250471034,0.1170740269706784,0.1295861953533991,0.0942602940755382,0.0975526239915714,0.1031567083694849,0.1743375321248698
349,349.0,0.1106457241929836,0.1732522017450574,0.11584852386028,0.1295592733730492,0.0940815482536765,0.0973311344994585,0.1037311240334411,0.1755504700420534
350,350.0,0.1098727128948873,0.1745492945528997,0.1146212216037948,0.1293508179178389,0.0937997115986548,0.0970284846544367,0.1042481310476923,0.1765296257297953
351,351.0,0.108903655811538,0.175592444831151,0.1134337604789621,0.1289917528427681,0.0934570989009048,0.0966803789839117,0.1047606142821372,0.1781802938686268
352,352.0,0.1080067052111238,0.1765761839112679,0.1123413987409922,0.1285647487665443,0.0931105816488043,0.0963463746964774,0.1052904549784847,0.1797635520463052
353,353.0,0.107279540835898,0.1772307682027613,0.1107271852388354,0.1281952919021917,0.0928599363548517,0.0954146622138567,0.1059034131336185,0.1823892021179866
354,354.0,0.1065398612263356,0.1783080546972694,0.1091297099460307,0.1279181401973521,0.0925254877954136,0.0944248619543961,0.1064111038798377,0.1847427803033647
355,355.0,0.1057977502598226,0.1790171625394131,0.1075647093524276,0.1275375678662114,0.0921203963404894,0.0933943785952088,0.1070231825461902,0.1875448525002367
356,356.0,0.1051090472209655,0.1796335406510153,0.1060927610332884,0.12711666304008,0.0917039522334235,0.0923860154211466,0.107582233981001,0.1903757864190795
357,357.0,0.1044460466467071,0.1799442438022453,0.1046900275436779,0.1266233959078748,0.0912522034798204,0.0913747188753697,0.1080807595087222,0.1935886042355823
358,358.0,0.104539426122948,0.1805328985137943,0.1037483522202767,0.1264546728562627,0.0911579355166074,0.0907556327452447,0.1089045639495231,0.1939065180753429
359,359.0,0.1046972292344911,0.1810581307748224,0.1029233536920057,0.1262720344000082,0.0910786506366852,0.0901880345428154,0.1097051890599955,0.1940773776591763
360,360.0,0.1049114355866908,0.1815210305077715,0.1022116142646345,0.1260786984641381,0.0910136433805241,0.0896724514573365,0.1104769465220674,0.1941141798168369
361,361.0,0.1049520405697373,0.1818120908570088,0.1014978143112357,0.1257665570448615,0.0908510249471983,0.0890977266968566,0.1121038944148472,0.1939188511582543
362,362.0,0.1048693316040487,0.1814289184907465,0.1009309645506128,0.1252589454380452,0.0907438493054244,0.0886088550098141,0.1135675775496694,0.1945915580516386
363,363.0,0.1047848005074888,0.1808311017375306,0.1004228717944278,0.1247113201118446,0.0906084772657981,0.0881304731390688,0.115558018904315,0.1949529365395259
364,364.0,0.1047002100982279,0.1800490243800591,0.0999734765639163,0.1241338939855779,0.0904498174826187,0.0876670512158162,0.1174041088314906,0.195622417442293
365,365.0,0.1046495004469229,0.1792412861935088,0.0996144912941102,0.1235685096358085,0.0903048735633673,0.0872548156998337,0.1191679980452595,0.196198525121189
366,366.0,0.1046297905742912,0.178418530642653,0.099340464841637,0.1230196167283842,0.0901737233608436,0.0868927703055541,0.1208402677248247,0.1966848358218118
367,367.0,0.1046381776011918,0.1775904870194309,0.1002567527003994,0.1224910550481448,0.0900562990054002,0.0865795164747499,0.1213022460156999,0.1970854661349828
368,368.0,0.1045606568562914,0.1766548534562003,0.1010129383384638,0.1218749659780632,0.0898412910447723,0.0872021964782704,0.1215592311627342,0.1972938666852041
369,369.0,0.1047288165464413,0.1758428563937053,0.1019285812326306,0.1213973742589354,0.0897517190301958,0.0879721012437591,0.1208402637399525,0.1975382875543798
370,370.0,0.1049164070312349,0.1750502521524973,0.1028785792283479,0.1209492060728574,0.0896759350872112,0.0887668092473644,0.1200501286785641,0.1977126825019225
371,371.0,0.10511960932636,0.1742830274928598,0.1038499968355034,0.120532000748385,0.0896133182480894,0.0895758930852384,0.1192038440930437,0.1978223101705202
372,372.0,0.1068427667357686,0.1739431421000575,0.1037992318851357,0.1176865165922848,0.0899600033676605,0.090786649732401,0.1187123131784849,0.1982693764082067
373,373.0,0.1081857719430582,0.1734093705694446,0.1037411675696581,0.1148061503263946,0.0900707636730298,0.0919543079489553,0.1178115703935319,0.2000208975759273
374,374.0,0.1096356241728993,0.1719843422094817,0.1038179376161772,0.1121321987899751,0.0903134526445501,0.0932293695977828,0.1178565672713317,0.2010305076978019
