,Unnamed: 0,Generation,Intertwine_two,Add_vertex,Delete_vertex,Invert_path_vertices,Insert_inside_vertex,Delete_inside_vertex,Replace_inside_vertex,Donate_between_routes,Trim_one_terminal_cb,Grow_one_terminal_cb
0,0.0,0.0,0.09999999999999999,0.09999999999999999,0.09999999999999999,0.09999999999999999,0.09999999999999999,0.09999999999999999,0.09999999999999999,0.09999999999999999,0.09999999999999999,0.09999999999999999
1,1.0,1.0,0.11542914593369058,0.08769431146804059,0.08378805016206009,0.09266327439518832,0.1062537528852691,0.10091734137405224,0.10710642819331753,0.09897565093111224,0.10919601266107688,0.09797603199619194
2,2.0,2.0,0.10457706809943594,0.08854462345586582,0.0791706577549188,0.11478256240973284,0.10003668884301312,0.10720548493544793,0.10191611037880528,0.10116105569346534,0.11355904586671509,0.08904670256259938
3,3.0,3.0,0.1034273173622952,0.10453328395162151,0.08263221728695701,0.10695539051271259,0.1105584624857405,0.09712351234671153,0.11693787295390609,0.09343756267436913,0.0918934866576861,0.09250089376799983
4,4.0,4.0,0.10010950971229197,0.08747053877206763,0.08110931236021925,0.09123010989049074,0.11884280835114162,0.10803970172864426,0.10633761488164176,0.08855977645036406,0.10727285697221614,0.11102777088092204
5,5.0,5.0,0.10871074663841289,0.08887847041545546,0.08533723591278675,0.0992548726288001,0.1032503577901807,0.11147177060575468,0.1055600868059298,0.0874212884294382,0.11738312993365921,0.09273204083958173
6,6.0,6.0,0.11812403578544924,0.0855340897949321,0.08348101492582118,0.09916229982382321,0.08939152001118725,0.11047475373157556,0.09711805024252909,0.09517123084033867,0.1066822561526187,0.11486074869172455
7,7.0,7.0,0.09996199633495749,0.07460129135603968,0.0786357387013006,0.10510693307923011,0.08697895124190444,0.13517966870019446,0.10846788015211781,0.09473750211239011,0.11280040702846399,0.1035296312934008
8,8.0,8.0,0.09010512585697353,0.08901826495684659,0.08539203635694478,0.0956803524983508,0.09917925401713436,0.12091603362445265,0.11149883752638352,0.08977053390236578,0.11626325766795428,0.10217630359259322
9,9.0,9.0,0.09297335451624546,0.08488511111513114,0.07315795676959533,0.10453314735133538,0.08497614213340178,0.12482105318260357,0.10341076124578297,0.10117744263685428,0.12306425293323706,0.10700077811581252
10,10.0,10.0,0.09246738292375659,0.0950354056581999,0.08400562949084192,0.09137340859891149,0.09116161024132145,0.12096227132358166,0.11630966441727049,0.09468271069512608,0.13248791603480303,0.08151400061618688
11,11.0,11.0,0.12670000093433348,0.07603378775197574,0.07860005907658606,0.08938842526271219,0.09277236132400042,0.10600475240363942,0.10688706352282715,0.08163386533461937,0.11937677705151573,0.12260290733779007
12,12.0,12.0,0.10104859528411929,0.08659495463059663,0.07047543835801803,0.09742569314391038,0.0891711924717501,0.12375969665227882,0.11101604382231682,0.09026545553459177,0.1282372145777085,0.10200571552470916
13,13.0,13.0,0.1124112109832344,0.07426845106765662,0.08073494586564282,0.0987342097832982,0.11389064403484431,0.09717558744585021,0.09395667802991091,0.09491776591257581,0.12994651066716928,0.10396399620981697
14,14.0,14.0,0.09257361233935509,0.0953225291643772,0.0742380163434426,0.10731065747293896,0.09718246368199213,0.11010122599592384,0.108726675699728,0.08764250407244537,0.12701938359070114,0.09988293163909519
15,15.0,15.0,0.09223591671767549,0.08592666619209953,0.07802368935242257,0.0863127951338111,0.07998476284758681,0.13251489097999267,0.1173890269016273,0.104634149150762,0.11849211839540612,0.10448598432861603
16,16.0,16.0,0.12084080865880457,0.07201516035009789,0.08074380898873798,0.0772142958310849,0.07899594075674124,0.1318879080500875,0.0997251559813185,0.10227479446631076,0.13967078072786293,0.09663134618895325
17,17.0,17.0,0.10937115299522097,0.08428512330420194,0.08032684344539967,0.11122372659160548,0.09627211827096685,0.11244475355565235,0.10233342737386167,0.09231601770915346,0.11741865780146257,0.0940081789524747
18,18.0,18.0,0.09406957316170414,0.09294056189747679,0.07041045172085726,0.09115398461384601,0.0906516455802749,0.12262910681803856,0.10850388110915028,0.09101532369356978,0.1253374114638894,0.11328805994119237
19,19.0,19.0,0.09790850407460773,0.0801121607286467,0.07355486234465475,0.10399104321149806,0.08337514239992999,0.13672786649431945,0.10652988859535759,0.08297391338600804,0.1235165369939385,0.11131008177103878
20,20.0,20.0,0.12316352608648382,0.08272734644513799,0.0601251455468421,0.09647403396465634,0.10426172970227802,0.1141381459556303,0.10618586175634108,0.08655890510177872,0.11492289207253455,0.1114424133683167
21,21.0,21.0,0.10221040577104808,0.08414350958240904,0.070575938537981,0.10168694357846415,0.08444101429288922,0.12170744854405509,0.10748054677362469,0.10109345284459773,0.12366306831189573,0.1029976717630349
22,22.0,22.0,0.11045774191052884,0.08516759520773759,0.08026322405302135,0.10455293867242928,0.07898236736240263,0.12043617631238186,0.1053686670754946,0.08262716112717203,0.11638937657256172,0.11575475170626966
23,23.0,23.0,0.105734650950893,0.09467241547999075,0.0827496391822428,0.09075516637102496,0.0898151768362349,0.12518535601407443,0.10476505000697489,0.0887135606698337,0.12139300960157473,0.0962159748871553
24,24.0,24.0,0.11763143450891264,0.08940564631494123,0.08145048991690657,0.09568542333723243,0.08544664602276844,0.12658723440143146,0.09355370676086466,0.0840015066991794,0.12406451549980155,0.10217339653796112
25,25.0,25.0,0.0989338023522824,0.07858935513790524,0.0777782939037405,0.0939859375715948,0.08831607748660075,0.1311441539936195,0.11142441101247794,0.08853218687475359,0.11379627445178778,0.11749950721523705
26,26.0,26.0,0.09481522752155357,0.10175072298770238,0.06944829169317733,0.09929949785084902,0.08366235030379834,0.12696461754769237,0.09734001787381676,0.08340205575807953,0.13592063926735426,0.10739657919597596
27,27.0,27.0,0.09048713096817085,0.08069236289833984,0.07080781150440904,0.09363125738749832,0.08632272308599122,0.13291180875824235,0.09836887037989066,0.08203538134625618,0.15279415052348305,0.11194850314771801
28,28.0,28.0,0.10325465468434018,0.07345906360985424,0.06268565453539905,0.11964660822091851,0.07177820480638654,0.1270903857349583,0.09463656457627213,0.09858989363333685,0.1387518609578865,0.11010710924064726
29,29.0,29.0,0.08880989402511623,0.08360505348030461,0.0658962227951303,0.08980272470558799,0.08491754922923249,0.1366199330044237,0.10769724341013134,0.09948775553720206,0.12904256225706973,0.11412106155580107
30,30.0,30.0,0.09074670453313922,0.09006596095480449,0.07828335937598167,0.09857798522834668,0.08921412515468,0.12922236251361535,0.09648801463519689,0.0865442729889909,0.14074159432761454,0.10011562028762974
31,31.0,31.0,0.10531316087856588,0.09142391275243836,0.06027677466032404,0.10081839025757149,0.0709377506177942,0.13947487610181236,0.10738997627138828,0.09026676849407093,0.13675591883929117,0.09734247112674285
32,32.0,32.0,0.09809057948408263,0.08579008486458582,0.07216122333319008,0.10629173501876454,0.08659014663770494,0.11396589617346833,0.10961889085451389,0.0887651222419332,0.1309337151996412,0.10779260619211499
33,33.0,33.0,0.10235258777019811,0.10146566036817202,0.06858235252390574,0.08313108783206255,0.09037634745363153,0.1427971233307901,0.09327961785041823,0.08260788784524328,0.14082267422952982,0.0945846607960482
34,34.0,34.0,0.08124671034517156,0.09620097455156208,0.0717658582371253,0.08584094308255631,0.09219605579408932,0.14147504492292653,0.1097002497131125,0.09686045426458315,0.12038314964340735,0.1043305594454655
35,35.0,35.0,0.09311123125573254,0.0781222519942418,0.07596737437396281,0.09465766264364794,0.09248184301488258,0.12280487199355636,0.11437239433895316,0.08838607101639566,0.13630233712449036,0.10379396224413635
36,36.0,36.0,0.08823672468433144,0.11799102984921059,0.06278707589425228,0.08992908454386614,0.07486617836494043,0.1192047179560827,0.11250576692827283,0.10107321498011687,0.141007802820542,0.09239840397838424
37,37.0,37.0,0.11729074171604181,0.09048558552610805,0.08537943147936611,0.09511503454517681,0.07426524074449996,0.13524254899840446,0.10520616484279337,0.09661191019477686,0.11650399362751578,0.0838993483253163
38,38.0,38.0,0.09556764929692414,0.08118498805264582,0.08560568836194024,0.11251774874621241,0.0725904815645611,0.1261238071658477,0.10302542972639397,0.09819201191017142,0.13838137303013023,0.08681082214517255
39,39.0,39.0,0.10878359032899558,0.10413893300096526,0.0658866921617722,0.09307016595177506,0.0880187922537867,0.12599818604767576,0.1000468720462625,0.09364827572233174,0.12214904449257584,0.09825944799385886
40,40.0,40.0,0.09703223105843603,0.09573058306381489,0.05871550050333822,0.11128253103676944,0.0972742019781371,0.13404644460912993,0.10282166640460173,0.08616436577709469,0.1099597107453254,0.10697276482335219
41,41.0,41.0,0.09050722164055924,0.08387303357103353,0.08471945080074013,0.09579349928126035,0.0850400424106104,0.13956664336713967,0.11665452798414559,0.08422646522399728,0.12226573761162948,0.09735337810888386
42,42.0,42.0,0.08626670584863823,0.09383587701228216,0.061383051671677714,0.1156343510585232,0.09034611187987221,0.1409424718078287,0.10093365533322525,0.08673111706539886,0.1283022560394458,0.09562440228310738
43,43.0,43.0,0.106632634466541,0.08231865995451923,0.05276049956174992,0.1220715032087627,0.07220036426870786,0.12281291680194686,0.11349370711512767,0.09433626532876649,0.1351128644646572,0.09826058482922059
44,44.0,44.0,0.09838519771463732,0.07726040857677131,0.10165361716366694,0.08785875131966304,0.09941916036605314,0.10944281517000745,0.10220434123160467,0.09401695618918983,0.13460913906169475,0.09514961320671107
45,45.0,45.0,0.10214052140785004,0.08609688028788973,0.06522422439850016,0.0978397866091438,0.08151576496763381,0.13991338147249968,0.10241929934440404,0.10589828294606951,0.13192259597581982,0.08702926259018899
46,46.0,46.0,0.10367258622407542,0.09033417603233695,0.054057501547610645,0.09613263275570413,0.08839252749268235,0.12823910624839435,0.11626474812406414,0.09797503456947798,0.13019481666864757,0.09473687033700598
47,47.0,47.0,0.09907850421059342,0.07500937346260993,0.06320571957213177,0.10224671294955408,0.08471503894369121,0.14170108933851286,0.11024061881110488,0.08912812493576953,0.13555924435705005,0.09911557341898179
48,48.0,48.0,0.08097156355593145,0.10258085543119784,0.07221270813294525,0.09683261485687839,0.08705494641784575,0.13203433414997265,0.10412973795386789,0.10338969408145478,0.12276167063020824,0.09803187478969724
49,49.0,49.0,0.1171096649290468,0.08837585920224561,0.06228888248129041,0.08882782203901395,0.09113292921528283,0.1340451538256879,0.09947548412085486,0.0814705152160074,0.12679781177947502,0.11047587719109471
50,50.0,50.0,0.091185525356032,0.08164873692742552,0.0743480812649229,0.10501097007630918,0.08152006075910116,0.13682298288682976,0.09859743294196435,0.092277694569013,0.14312962524092995,0.09545888997747173
51,51.0,51.0,0.0990746823901261,0.10187418729112747,0.0792872958190931,0.09466848088263151,0.0711400190833399,0.12575781298158162,0.09570190645156566,0.09804914501405844,0.12120100583250817,0.1132454642539676
52,52.0,52.0,0.08439368395886526,0.08550176784001463,0.06497192232287144,0.08636383217683562,0.09486060948504428,0.14274545204340297,0.09667101947859713,0.10169802950655629,0.14718993891130278,0.09560374427650924
53,53.0,53.0,0.09124641171538013,0.07911462982193233,0.06478632710049399,0.09406671063773159,0.08172590205573822,0.1304411046754336,0.12206314197150236,0.1042443341155043,0.1336003433289015,0.09871109457738161
54,54.0,54.0,0.0862974444290859,0.09562485167099989,0.05372497944786585,0.11338865205615509,0.057579114625260996,0.14971128051610127,0.1139427074777963,0.096668021527594,0.13841539448867857,0.0946475537604616
55,55.0,55.0,0.0966647015666839,0.09954065457164789,0.07813462380096615,0.09092800732885818,0.08430742029302027,0.13665437101730027,0.10032337649633136,0.07981307344233993,0.14114925253247898,0.09248451895037268
56,56.0,56.0,0.10695789937367577,0.08391739085390962,0.06865622165547657,0.09327990042745973,0.09102307775051428,0.1279421047636975,0.09977620645639558,0.08710414333584293,0.12594048849091308,0.11540256689211445
57,57.0,57.0,0.1005795231131632,0.08013232097329595,0.0628091504902296,0.08432283431456064,0.07778578635440658,0.14379795776053445,0.10454446736704841,0.10274187410490081,0.13003022786564816,0.11325585765621174
58,58.0,58.0,0.10540636071599367,0.079507747662133,0.07454090830278229,0.07209421600241492,0.07746859553503219,0.14741594739824873,0.09622318562683305,0.10371083927328559,0.13259883727414193,0.11103336220913415
59,59.0,59.0,0.0919526364945979,0.0884524197087404,0.07109627120550413,0.09965769275333526,0.09226694248994546,0.13368159181151723,0.10819926189859778,0.08276228053114117,0.13797918486041763,0.09395171824620253
60,60.0,60.0,0.10434853055047406,0.09171237908404206,0.055528233177583354,0.09678595748239052,0.07655250841519011,0.13462480471911462,0.11530478671291489,0.10824781526497915,0.12388014553211638,0.09301483906119445
61,61.0,61.0,0.08895912522707347,0.09118939087762645,0.07164412307803525,0.09722055588306733,0.09572618246504434,0.147086328290291,0.1025204180766544,0.09145661684310712,0.12213693333134565,0.09206032592775461
62,62.0,62.0,0.0927075997007662,0.08707075773718638,0.062111044879767395,0.10100628598699664,0.08714316669662828,0.12647270876731703,0.11636134303053565,0.08686049736819626,0.13445132614066801,0.10581526969193766
63,63.0,63.0,0.08156126962018455,0.09588991152487365,0.0652035686926278,0.09215950231925604,0.09232862559073061,0.11872283060621544,0.12303600687499687,0.08713113991582563,0.13156264597987413,0.11240449887541479
64,64.0,64.0,0.0802556368541729,0.10465230942081934,0.0636541388721925,0.10628251335097974,0.0837885245113122,0.13276765330098433,0.09196618270397111,0.08878849746943702,0.12837389977323518,0.11947064374289529
65,65.0,65.0,0.09300063372428394,0.08742080992277045,0.07344187646625906,0.10782867283217082,0.0757436134717362,0.13829274520817478,0.10121684807081185,0.08990684922273436,0.13351313705347684,0.09963481402758131
66,66.0,66.0,0.09326194424774667,0.09631476204683057,0.06946054288320966,0.09832164978133034,0.06582629196882399,0.13390059234715151,0.09047711686985323,0.10072553630242198,0.14657397198799849,0.10513759156463312
67,67.0,67.0,0.10820824930477639,0.09568519268497495,0.06502223696621479,0.08933373129310582,0.09672807247115145,0.13708610995338721,0.11283425100560222,0.08624896585614164,0.11827873064981705,0.09057445981482802
68,68.0,68.0,0.10079584353220852,0.08433303869878092,0.0641006772267677,0.11305434562660424,0.07189254540177974,0.13119022109616013,0.09108535705322848,0.09465497125476403,0.1503657813863522,0.09852721872335357
69,69.0,69.0,0.09727445717784458,0.08407733748272185,0.0813371101319605,0.09169134356567041,0.08802041164812954,0.13029963697650815,0.0948944090730799,0.10260116791519916,0.13701217874994484,0.0927919472789406
70,70.0,70.0,0.1010785017202362,0.08214343624332401,0.08485081374672812,0.09328378713703853,0.08714560746450026,0.12357084494198559,0.08723331015603776,0.10384409067278252,0.13426010552894085,0.10258950238842565
71,71.0,71.0,0.08853029099411511,0.08014315113647746,0.0633252252150462,0.09520300917207682,0.08387912610925741,0.13955123915556464,0.09673205537142769,0.10053184805353425,0.1426318284549999,0.10947222633750013
72,72.0,72.0,0.11320896511867547,0.07674036829324257,0.08049024871945196,0.0922839164403918,0.08646553960674089,0.1176115886194645,0.0913181702140495,0.10977075127936771,0.14116964911486657,0.09094080259374851
73,73.0,73.0,0.08788859060736151,0.09057706782015357,0.05585576853414426,0.10389197565882782,0.0939544056978998,0.13255142434157013,0.09122731746154976,0.09170816320835073,0.1442773251193477,0.10806796155079423
74,74.0,74.0,0.10271745175909579,0.07498334886833381,0.05301484700216143,0.08863327318329835,0.08000988471795552,0.13356921253587123,0.1122175950495384,0.11270509977104815,0.13536882620439306,0.10678046090830381
75,75.0,75.0,0.11176386084155328,0.0831788279828361,0.05013878922178646,0.09198249347882136,0.08380523317863992,0.1331697174429935,0.10415021691462298,0.09587981332621644,0.1418647917619491,0.10406625585058052
76,76.0,76.0,0.09399428283881513,0.09312159040776453,0.08473973823681216,0.11628162551173346,0.07691657260975088,0.11874664348617178,0.09540147489940148,0.08339685091604358,0.13986959253957384,0.09753162855393264
77,77.0,77.0,0.10374081904726899,0.0873013051169464,0.06222535239429885,0.10451471861868991,0.07393991822047923,0.1304003724976238,0.12029831069681358,0.0901546800471926,0.12688115237649714,0.10054337098418906
78,78.0,78.0,0.09431609125111357,0.10673109232926155,0.06883126080514702,0.0942524852618864,0.08539726470934354,0.1164580423641757,0.08872043174173551,0.10466819346754727,0.12902849482740691,0.11159664324238217
79,79.0,79.0,0.08931766369752421,0.09709887086435572,0.04788977123266387,0.09403926234245537,0.0764935112305932,0.1402679980213363,0.1216875139843084,0.07748225385731608,0.14341810788880865,0.11230504688063776
80,80.0,80.0,0.0932179908894782,0.08225499071755153,0.06727764252690613,0.0989316141002198,0.09581849768085453,0.12997090420500446,0.11103190645062025,0.0939137267773894,0.1370136863746415,0.09056904027733377
81,81.0,81.0,0.08856798707596374,0.10456210665569876,0.05144535821040266,0.08728124874765461,0.08868790574127083,0.13328493836137745,0.10234330783089718,0.091822102438293,0.14794916653715498,0.1040558784012863
82,82.0,82.0,0.11147560784463235,0.09240163148322825,0.06553420969301274,0.10273318108119592,0.0597161888520961,0.13505336039272525,0.11169799340231013,0.08495234309347044,0.12619994000088666,0.1102355441564417
83,83.0,83.0,0.10563069942397667,0.10254012493034954,0.0798285511121812,0.1090218117020852,0.06985098844328834,0.12929412725578202,0.08156212896572512,0.10809399223733687,0.12506705747851052,0.08911051845076405
84,84.0,84.0,0.0949723148297503,0.0885520347793443,0.06459120808032759,0.09266106530246344,0.0809423087927316,0.12856472242545877,0.11942263471888252,0.09322942130469095,0.13224003292148048,0.1048242568448696
85,85.0,85.0,0.10492221947543683,0.09113250241044232,0.07736216666290541,0.10377962654796431,0.0769046342328,0.12978622478774987,0.08120217706658067,0.09119775295411234,0.13619219126615412,0.1075205045958536
86,86.0,86.0,0.08902679683482607,0.08565579067661706,0.06932144773261728,0.11607588123592442,0.07158477221559877,0.12340809887848188,0.10966583060095761,0.11066559279076685,0.12887500160662982,0.09572078742757972
87,87.0,87.0,0.09741901632923092,0.0999078353552205,0.05174282463966177,0.09027416513678943,0.09408619095218915,0.14385006896480973,0.10012103317338986,0.08422405048432771,0.12839465741986159,0.10998015754451904
88,88.0,88.0,0.09706801712292593,0.08292188646132782,0.0597790429216386,0.09805514843835661,0.08183750412044996,0.1336826235416387,0.10732426508710849,0.10386006265012597,0.13468355291369788,0.10078789674272955
89,89.0,89.0,0.08404977342531758,0.08778003545894317,0.0589798883206353,0.09643948638756507,0.07982719210150974,0.1513858393892175,0.09315812134457314,0.08691703619528857,0.1496822658216831,0.11178036155526642
90,90.0,90.0,0.09149447213424014,0.0935487635412994,0.06449303611637255,0.11975939183279201,0.08665138365069623,0.13327843964086866,0.0939706744435489,0.09104905106270052,0.12272558338226384,0.10302920419521729
91,91.0,91.0,0.08415517269460678,0.08341863640178256,0.0694627694672534,0.09951172127828266,0.07714506538443025,0.14365277109525765,0.104769145798185,0.08951546961960208,0.14113288419665673,0.10723636406394246
92,92.0,92.0,0.09439126526083676,0.0745668843974795,0.06406181611702627,0.10613960585638224,0.09080869729771332,0.1339597091379206,0.10580597490570773,0.08408138029076394,0.1506305213858523,0.09555414535031682
93,93.0,93.0,0.11181571758009312,0.09095705561005173,0.05830573705592862,0.10215732877582206,0.08205124580206571,0.12999169179227568,0.10195964918033273,0.0888273616035111,0.1328674488913507,0.10106676370856811
94,94.0,94.0,0.09429236759753487,0.08405869750370283,0.054721490637326155,0.10620424485021134,0.08756346967625403,0.12402705598339236,0.10486498668273847,0.09321211874273942,0.14398654130341065,0.10706902702268943
95,95.0,95.0,0.09870325107696773,0.08129492668281121,0.07049596692450079,0.10518981856097853,0.06868926433788444,0.1372031786387125,0.10218223774312951,0.07768887358876689,0.13016274136452194,0.12838974108172602
96,96.0,96.0,0.10199034903349372,0.07558439309273092,0.06595841767229713,0.0843864795367166,0.09506140242886285,0.13232090533647503,0.11389697783482297,0.09977606082663436,0.1389207427052363,0.09210427153272971
97,97.0,97.0,0.09936279213716301,0.08825705925327629,0.06602782808121424,0.09856703042266976,0.07593839723090814,0.1414740400596613,0.0985671117036656,0.07683419781673996,0.1418545195872034,0.1131170237074978
98,98.0,98.0,0.0967133610886826,0.07789899690888223,0.06734052196593604,0.10163175885723345,0.07257007721836924,0.15530304225591338,0.09407085169443154,0.09926029735393926,0.13819552795444273,0.09701556470216902
99,99.0,99.0,0.09185281011432495,0.07714690106009446,0.08559709282112396,0.10027327832855013,0.09374643820641386,0.13044088476842125,0.09430043498422602,0.0835087143191069,0.13743520495503156,0.10569824044270637
100,100.0,100.0,0.10343707935807389,0.07556380185377749,0.07023307730188147,0.08498808448505135,0.07246349703220968,0.142623941382565,0.10441756328104448,0.0897360116657778,0.14765719735074861,0.10887974628886976
101,101.0,101.0,0.10035812874430809,0.102473831389398,0.06346940376038203,0.10919392893780286,0.06469530019351269,0.14481384597822794,0.10309842650933912,0.08218428798290311,0.1303472501615574,0.09936559634256825
102,102.0,102.0,0.10026930110203189,0.07464384507048762,0.06153850409639995,0.09646482638063655,0.09359945516248139,0.14096003034510815,0.10447581110109194,0.0895318399542887,0.14338510258925646,0.095131284198217
103,103.0,103.0,0.10744441082282621,0.10191724568038922,0.07197111959346893,0.07971936809628848,0.09643305532204188,0.13683586322129623,0.10302546397782082,0.06931441340759362,0.13480091141059009,0.09853814846768402
104,104.0,104.0,0.1151876889920898,0.060243436348884946,0.0777505564178626,0.10352729680412516,0.07184362896406314,0.12009595841029305,0.11173422264471718,0.0775022879155621,0.15635862391434785,0.10575629958805373
105,105.0,105.0,0.11384661657479897,0.09135398618464256,0.058193154248602254,0.08104797173830489,0.09872529928035673,0.1430510656887035,0.09324939491254045,0.09047232189085438,0.1214107059407364,0.10864948354045938
106,106.0,106.0,0.10711466312127785,0.08404196694178141,0.06891329709402878,0.1109186237148343,0.07650302775728411,0.13026754113210334,0.10100628545074626,0.07985757879581513,0.14724057039652705,0.09413644559560139
107,107.0,107.0,0.10687668201976704,0.08508366234652452,0.06813244539971813,0.08740529514047796,0.08520376966329866,0.1373852188612105,0.09660843211928431,0.09553700584451699,0.13319111799485323,0.10457637061034823
108,108.0,108.0,0.09518077374174976,0.08804177543862339,0.06789853598627243,0.08917437649342586,0.0870407956292832,0.14116326816223548,0.09881467863699407,0.0731074153009677,0.14608722433590987,0.11349115627453772
109,109.0,109.0,0.08739738509670736,0.09055312590515466,0.07851253144040299,0.10434305199998373,0.07450064927936867,0.12863535032032272,0.09832304859254055,0.08536281549120284,0.15312442432201054,0.09924761755230553
110,110.0,110.0,0.1151111648497933,0.08139777354742195,0.062122174672571175,0.10861974934268614,0.062264120782373665,0.13719735104116826,0.10756614564718459,0.07540108140931764,0.1531184143782373,0.09720202432924548
111,111.0,111.0,0.08381577911722662,0.10161307716880996,0.06106455636275744,0.08331773198093069,0.09210959541048641,0.16952926963607973,0.09783796861115009,0.07258040223188425,0.1358755586432301,0.10225606083744428
112,112.0,112.0,0.11235034616899697,0.09131785848960758,0.06712599747039477,0.08750274278676193,0.06887508065864581,0.12304133779281787,0.10639863267201362,0.07714023413761303,0.15898820802401278,0.10725956179913518
113,113.0,113.0,0.08344464590874365,0.10373070798669029,0.07421432257249466,0.08593107438140109,0.0828682700627881,0.14339476698638895,0.09228827318440343,0.08064228461709604,0.1419981728783055,0.11148748142168785
114,114.0,114.0,0.08608933674136651,0.0761967114583729,0.056487336175484085,0.08637138443993804,0.06904586280126243,0.14408844129705298,0.11955623392945773,0.1115518916333286,0.15779108883973567,0.09282171268400066
115,115.0,115.0,0.07069339806155503,0.08825334406748883,0.06513614570944212,0.09847587407264,0.07655913705308293,0.1447676537938093,0.10805188666075108,0.10051887143689157,0.15043023955133417,0.09711344959300461
116,116.0,116.0,0.08652624542514284,0.10167902298631928,0.055664065998030955,0.08888815983181182,0.07332071219628113,0.1403847040164886,0.11587250387970287,0.09650209965809035,0.1282048319240062,0.11295765408412546
117,117.0,117.0,0.10727031072870061,0.09639241506901607,0.06216711288832175,0.08443809970423809,0.07508126274285118,0.12795026331472242,0.09627844812430256,0.09446644951782605,0.14310836715129097,0.11284727075872994
118,118.0,118.0,0.09842615937435864,0.07453517568871479,0.07282912842712588,0.10601386429451698,0.06676975342137847,0.14526035751518768,0.11163629444915266,0.07399834613480222,0.147172011309996,0.10335890938476626
119,119.0,119.0,0.11648660212326947,0.06802654336019001,0.07404941287209547,0.07930786774178529,0.06271074758173473,0.13589670346259072,0.12320221486836573,0.08951130283072779,0.14610754183488533,0.10470106332435505
120,120.0,120.0,0.10004924100190316,0.0885512997780735,0.06704138497596557,0.11053354574527086,0.07115803810400373,0.1353374352578607,0.10428623709333187,0.09184895242493006,0.13304882240503538,0.09814504321362469
121,121.0,121.0,0.1015852681148699,0.09246770377697242,0.07395618850808759,0.10149628358243216,0.0819579673214288,0.13736123348632462,0.10598735600746659,0.07191488103057744,0.132637338324527,0.10063577984731312
122,122.0,122.0,0.10963990720659744,0.07499090827604164,0.08276142010764531,0.10142279706757507,0.09439138289289177,0.13740320934404565,0.07679247492713268,0.06951502060792579,0.15021683303380526,0.10286604653633893
123,123.0,123.0,0.0905368322477871,0.09845099780570674,0.061764225009407835,0.09047047550278066,0.0705046666014973,0.13554531667739875,0.11081983945996421,0.07469165820111405,0.14917137037959846,0.11804461811474443
124,124.0,124.0,0.0807716718618054,0.09645510277842141,0.054314669728139586,0.08661571931235061,0.05833516721618668,0.14340552162557968,0.10208035375537865,0.12342677832411628,0.1420503592516762,0.1125446561463451
125,125.0,125.0,0.11309696549826986,0.09972378083934663,0.06862196902751178,0.07391322473313536,0.06536477758659684,0.13966450024291133,0.0984759263689552,0.08181654866772631,0.1604666653890333,0.09885564164651305
126,126.0,126.0,0.1069316456746247,0.08970469406492096,0.056906497025331,0.0846183120829181,0.07911620326820432,0.13951939429642676,0.11140434158615493,0.08732672090833651,0.1484174261310125,0.09605476496206986
127,127.0,127.0,0.09030621089253985,0.08815969668455978,0.04932158010668558,0.10256974713870197,0.07522697727640208,0.14133872074287135,0.1118037518057948,0.08377632950515562,0.14719517761349155,0.11030180823379701
128,128.0,128.0,0.09929293305739345,0.10469771427238088,0.060219990744113015,0.0940120191673045,0.07383422915186333,0.1303000136935938,0.08954738139334359,0.09227566343205322,0.15586770509041942,0.09995234999753445
129,129.0,129.0,0.09627405874226987,0.10337454923563646,0.08835769425376652,0.10001547801483517,0.0838097327766726,0.1252357675416565,0.08848468768531678,0.08357185658897834,0.13663131418905922,0.09424486097180816
130,130.0,130.0,0.10288086962973408,0.06901734478510088,0.0709021411792428,0.08772670271521361,0.08498137671168648,0.1552380569359421,0.10274650519592525,0.06932834665357218,0.15075369318733278,0.10642496300624944
131,131.0,131.0,0.10120589578440445,0.10192975480123376,0.08609491008573415,0.09174847117624998,0.06713990903073319,0.13699676318709303,0.10236807527027232,0.08272264505977356,0.13546528721593104,0.09432828838857406
132,132.0,132.0,0.08346810718245298,0.09501377590951757,0.060080372924161664,0.10722948381149469,0.07216069383571605,0.15215907560465441,0.10819174881587686,0.07547374309562847,0.1377514108723235,0.10847158794817342
133,133.0,133.0,0.08506826619698073,0.07949072017213024,0.0803088627074574,0.10039995973000641,0.08413167834535973,0.13607303490635975,0.10949649507353076,0.0764876767907051,0.13595394518399576,0.11258936089347364
134,134.0,134.0,0.08912986132636787,0.10105062118270058,0.07723943532266335,0.09161577134721013,0.0893192099421538,0.1287863606665364,0.09405219444399208,0.08796831394365337,0.1391800387312616,0.10165819309346039
135,135.0,135.0,0.08949742880912835,0.10618586950543145,0.057127271192105346,0.09328163641529633,0.0798581898219469,0.1623309228310419,0.11141538640456405,0.07042590821665624,0.14176334326042517,0.08811404354340382
136,136.0,136.0,0.10550316149595718,0.08799235559276038,0.08317221055160806,0.0806647072103642,0.082470907733956,0.1358442953026787,0.10874774062119545,0.07303764290322283,0.14206643664387947,0.10050054194437733
137,137.0,137.0,0.0895394243504529,0.0840310977855567,0.08471350482262871,0.11322936207477026,0.0681981499087904,0.1444780369422911,0.09873734100821174,0.07236362152511751,0.13470357473454508,0.11000588684763524
138,138.0,138.0,0.0919942052348192,0.09360963568224476,0.05988912726245292,0.08823282205564213,0.04985524960353992,0.17320546081142443,0.08404262007250543,0.09343443491054,0.15982174695220266,0.10591469741462815
139,139.0,139.0,0.09091942414151966,0.08314431727187041,0.07085185404845143,0.10495872875007184,0.08467260430288084,0.12835617756151246,0.1072246131257327,0.0913039046929923,0.13652502759319649,0.10204334851177144
140,140.0,140.0,0.10980788690193108,0.08762509578417518,0.06881977885496071,0.08342735653059831,0.0968340517075379,0.12181653373237625,0.08882783537891063,0.07391042017971622,0.15802577847962157,0.11090526245017174
141,141.0,141.0,0.09260329546547917,0.08656603130569979,0.07513114642173638,0.08848441024787994,0.06950324534603447,0.1475183185694887,0.10222566617399527,0.08964204783972682,0.14569685683447606,0.102628981795483
142,142.0,142.0,0.08658236259696743,0.10457944582001152,0.06860839233580819,0.10081049155500821,0.08048611151388035,0.12408362038301332,0.1037794090119625,0.08278431105961678,0.15571434433465356,0.09257151138907764
143,143.0,143.0,0.09613016804102202,0.08315856452386672,0.07645605848327977,0.0975101688302883,0.09488984082848716,0.13759785831238386,0.10260192730182234,0.08939534356064907,0.1290555442141424,0.09320452590405788
144,144.0,144.0,0.09364205431635848,0.10212155115638297,0.06045486047031835,0.09746786506658933,0.059491006428387595,0.13931568054672372,0.10881743928809762,0.0914779180784532,0.15202590583122683,0.09518571881746146
145,145.0,145.0,0.0903901524205154,0.09593204970324651,0.08751181566485998,0.09700611038761164,0.07625063894673101,0.12115730342792923,0.10099576761250964,0.07752302476412719,0.154020052400812,0.0992130846716569
146,146.0,146.0,0.09564982260894636,0.07567955143174604,0.06983028978259073,0.10473973240090832,0.06733591284320489,0.14648769974850467,0.10306060415979308,0.08241062339531854,0.14661929281089467,0.10818647081809225
147,147.0,147.0,0.09882949281884125,0.07800984327202157,0.05277442707028791,0.08373435133824085,0.09570777925809766,0.15918932616596224,0.1123616068024413,0.08157362387747799,0.15025531487154922,0.08756423452507954
148,148.0,148.0,0.1083836050284283,0.07728124523613662,0.0725378674335622,0.0837199502917917,0.08771904558688524,0.14310239755813123,0.09956763104350594,0.07528144704157372,0.16376716964238253,0.08863964113760212
149,149.0,149.0,0.08296613021703107,0.1134376621758852,0.08122783506620976,0.08361212534457067,0.08323113369478946,0.13298298173783563,0.09613648987606685,0.10021843495207361,0.13185241120300606,0.09433479573253133
150,150.0,150.0,0.11387894885275926,0.09505740576943401,0.06425337710591264,0.09268299117646253,0.07284845466565844,0.13354567395296552,0.10499994311994636,0.08641509918956145,0.13996818159730556,0.0963499245699938
151,151.0,151.0,0.09161583930272413,0.09392061401231663,0.07337415941001395,0.09151654729268817,0.06214982450327757,0.1351230651226279,0.12427738821294543,0.07022232939996317,0.15522210238327722,0.10257813036016543
152,152.0,152.0,0.09396346903325448,0.07278262787385903,0.07724724397681061,0.11157817260985878,0.060588375980135466,0.1460012799626723,0.09378268209096505,0.10490387949373337,0.1348129635412226,0.10433930543748786
153,153.0,153.0,0.0907144668875797,0.0935916358259197,0.06789531779259075,0.09295382107165814,0.07083371110424526,0.13995371873420442,0.1019140321879888,0.07975976580036756,0.14593303337638408,0.11645049721906116
154,154.0,154.0,0.10560937917040587,0.07115020815862641,0.052362538922387916,0.09813625814217129,0.06078481234135126,0.1456894072718593,0.1033211962181925,0.07787613185144085,0.16668113672400459,0.11838893119955965
155,155.0,155.0,0.08466232473808429,0.09539339710381772,0.08511356708811238,0.09742784568684215,0.049508907116795765,0.13866736794870937,0.10631761114568292,0.0747271778281152,0.1486809363754833,0.11950086496835644
156,156.0,156.0,0.10377229785872515,0.09401345991095375,0.06285281231163937,0.08385261460230492,0.09070710623228107,0.1359593536221144,0.1280518395853794,0.06455487752544961,0.14780235418711807,0.08843328416403382
157,157.0,157.0,0.10935215788721067,0.07362860316560123,0.06702043001377016,0.08149527575241292,0.06974836577997154,0.13406195298427384,0.11755281347293829,0.08566849277174673,0.15531382270101565,0.10615808547105851
158,158.0,158.0,0.09913609958182283,0.07306317822827625,0.0729719024369231,0.09133363076670521,0.08117801818906789,0.14180578328099067,0.11114405795077335,0.08796978829253418,0.13357303194626827,0.10782450932663779
159,159.0,159.0,0.09498229797589042,0.09164930595811639,0.07068149396632117,0.09885887771605469,0.08452750422632134,0.13823626114589405,0.10159421143513052,0.07267605165779001,0.1449730132060752,0.10182098271240578
160,160.0,160.0,0.10438138897691647,0.09435484148320619,0.06532911151047938,0.08405711182919422,0.08288774289508803,0.1306190082173761,0.10608047913213607,0.0669164156623402,0.14006066713674215,0.12531323315652082
161,161.0,161.0,0.10382930999326664,0.09474416761331052,0.06449404616953948,0.10426835032371391,0.08268287583408747,0.13264191523238184,0.08881971268576169,0.0911522987602058,0.1308848467209171,0.10648247666681503
162,162.0,162.0,0.09413012098146303,0.07493441550517418,0.0814405767689704,0.08141993169567256,0.06880273615055618,0.15306757315224093,0.10355496593469637,0.07868574283359557,0.15610002410408366,0.10786391287354669
163,163.0,163.0,0.07349056521821543,0.09704405037509005,0.06802580605286479,0.0948782075255652,0.0910389932994329,0.129848620056996,0.10987851388790701,0.09770618087452768,0.13369776295601976,0.10439129975338075
164,164.0,164.0,0.09524630686818288,0.08288410265531002,0.05883471355458057,0.11596893649162196,0.07069701648344734,0.15608871462512292,0.09070613056347848,0.07530709042999369,0.13235225670707457,0.12191473162118718
165,165.0,165.0,0.0884520915233217,0.0928982957186093,0.0651437266303086,0.08949588865568818,0.08000412948210207,0.1599623793527754,0.09597699723604244,0.08479858384985177,0.13741772416603526,0.10585018338526478
166,166.0,166.0,0.07536668738400192,0.10707256563978917,0.07011955942200938,0.07593068382352898,0.0726620456202009,0.1563390659060572,0.08688023176487517,0.0935994735068855,0.14492369551244091,0.11710599142021046
167,167.0,167.0,0.09894885256156864,0.08837745067675899,0.07615530264197452,0.10184166406298953,0.06691236354512324,0.13630426702120363,0.08767668652591226,0.06821383000716796,0.14633473313838727,0.12923484981891342
168,168.0,168.0,0.1182455646609544,0.08326789353220121,0.055432299572364604,0.08795111379753859,0.057310439580719574,0.12813328934171003,0.1070972254176891,0.08862625563153534,0.15434241949154515,0.11959349897374157
169,169.0,169.0,0.09121308351029424,0.09747543066072686,0.06849740435004643,0.09096861260816744,0.07585911129325329,0.15110129369854092,0.09857070866347142,0.068533254501666,0.14262887152993559,0.11515222918389748
170,170.0,170.0,0.08856081518112577,0.10239952379516268,0.06595067882323592,0.07947060090926138,0.04589984778616778,0.16088782478187716,0.08939986180718859,0.08230037001852361,0.16648863171244502,0.11864184518501172
171,171.0,171.0,0.10930694096144618,0.09849421151691087,0.058486527526304274,0.08989993068200194,0.0555758321428074,0.14900129771630588,0.09318879183396045,0.06728842779848428,0.1673301758870607,0.11142786393471767
172,172.0,172.0,0.07447294340385317,0.08935116779358063,0.06325715154164721,0.08845461531837653,0.10293850487150061,0.1415638407365323,0.1046633124918028,0.09430412742175645,0.14610780706073126,0.09488652936021859
173,173.0,173.0,0.08910676019019928,0.07819011159550406,0.05499294663208608,0.10972207602354915,0.09797272288108924,0.1512791222880759,0.0932848048146651,0.0851425962134091,0.15465659779186772,0.08565226156955397
174,174.0,174.0,0.09603175081371738,0.06948696277085334,0.06549439469581027,0.09383515430247637,0.07794070342163069,0.12876573138699887,0.09931872494035253,0.09523495052040212,0.15554282344202153,0.11834880370573649
175,175.0,175.0,0.06791590609236231,0.09542368102505225,0.0773895920848762,0.07713928229838009,0.07259617715272094,0.14613604016540588,0.11558127287095468,0.08990769479179507,0.15125094896038438,0.10665940455806781
176,176.0,176.0,0.08512339944574956,0.08877861677563617,0.05672872191079009,0.11499741369547312,0.08256186828410154,0.14177074124916184,0.08579729080294086,0.08952735064925699,0.13966400019925512,0.11505059698763424
177,177.0,177.0,0.07426933442733366,0.08901468738444632,0.05948408754247338,0.10782515742025185,0.07886549004356398,0.13842894800253375,0.12164833432041573,0.06607144144238797,0.154692894701993,0.1096996247145999
178,178.0,178.0,0.09389486657705956,0.09959691171630258,0.06102770659038929,0.08063565296358297,0.05409890505751329,0.1489634552824745,0.0974375987373183,0.07564416257399187,0.17384518920543865,0.11485555129592862
179,179.0,179.0,0.1042820803755482,0.10159477568242783,0.06346901174408237,0.08209035648998393,0.08175835035460084,0.15081584424684835,0.0910490453425741,0.07856951680090643,0.14458882123470224,0.10178219772832527
180,180.0,180.0,0.1100337529392272,0.08972605704243815,0.06981561559109405,0.08926985456898852,0.06647385707532213,0.14570305083797513,0.09143188128473674,0.09304101737153879,0.15501325810843725,0.08949165518024164
181,181.0,181.0,0.0875565195969221,0.09587064062424694,0.054454192904167475,0.09262339434894468,0.08435059726262073,0.14728072912791756,0.08638912392247441,0.061041796170937315,0.1773761016088467,0.11305690443292171
182,182.0,182.0,0.10004390509349378,0.07290439420149056,0.06526083341582016,0.0868623209425398,0.07952671904775975,0.13556159162763184,0.11372437025294091,0.07838978223363172,0.15625170891614784,0.1114743742685432
183,183.0,183.0,0.08234492727647212,0.07164640654693544,0.08236843139246154,0.07253567772902728,0.08765093951423165,0.17010230470650162,0.09733615493159815,0.06917255885615095,0.14793691614237703,0.1189056829042439
184,184.0,184.0,0.09140001629306321,0.09549917491678245,0.08041537117747875,0.07187202853238599,0.08130244623678251,0.1464993618000699,0.09712739438883172,0.07609062297028554,0.15628135850303293,0.1035122251812866
185,185.0,185.0,0.10477922263898713,0.10381581754069732,0.07384438166666592,0.09214508680477901,0.06953643336554395,0.14715847835531007,0.08701145824031586,0.08335160113317158,0.16392577350597895,0.07443174674854983
186,186.0,186.0,0.10680498236392488,0.08868804299020779,0.07179525222517272,0.08608230134127551,0.06491890297204542,0.15828839224215746,0.089944317602986,0.09592674649020624,0.14609540100678112,0.09145566076524249
