,Unnamed: 0,Generation,Intertwine_two,Add_vertex,Delete_vertex,Invert_path_vertices,Insert_inside_vertex,Delete_inside_vertex,Replace_inside_vertex,Donate_between_routes,Trim_one_terminal_cb,Grow_one_terminal_cb
0,0.0,0.0,0.09999999999999999,0.09999999999999999,0.09999999999999999,0.09999999999999999,0.09999999999999999,0.09999999999999999,0.09999999999999999,0.09999999999999999,0.09999999999999999,0.09999999999999999
1,1.0,0.10900000000000001,0.10168177690677227,0.09865867995001643,0.09823289746766455,0.09920029690907552,0.10068165906449433,0.1000999902097717,0.10077460067307162,0.09988834595149124,0.10100236538005737,0.09977938748758491
2,2.0,0.31601,0.10224764202971104,0.09742687941899397,0.09603631747479247,0.10062712270355907,0.10072916675652138,0.10082696926634861,0.10101602777258731,0.09999727083386487,0.10242273401548305,0.09866986972813815
3,3.0,0.6191589000000001,0.10266523982733909,0.09782830243101805,0.09423689483721268,0.10127010312595397,0.10181717626448339,0.10053683831508517,0.10274448924572369,0.09933459177468752,0.10164587298497556,0.09792049119352073
4,4.0,1.015801321,0.10271691785555359,0.09655035843909038,0.09234907719521454,0.10033311031775481,0.10371223227040188,0.10133320613745762,0.10338201260140183,0.09819143170802422,0.10238711122569893,0.09904454224940207
5,5.0,1.50262148669,0.10359747769212613,0.09545020381402403,0.09096043602432302,0.10020126305993383,0.10400984338043982,0.10246020902121573,0.10390758683674335,0.09695242229335806,0.10411411039595946,0.09834644748187643
6,6.0,2.0757334209441005,0.10538244314920789,0.09405990925542627,0.08946880487070871,0.10006387934308594,0.10288421474567204,0.10346492554502551,0.10355292499190251,0.09651699672260936,0.10473101246646686,0.0998748889098947
7,7.0,2.7307768275633495,0.10530012404189473,0.09163010611419413,0.08758193131055492,0.10052568152827089,0.1014949651501079,0.10690976019518171,0.10430436357501091,0.09606828317731797,0.10591755185436957,0.10026723305309707
8,8.0,3.4630081252450404,0.10418696852044511,0.09071469249958433,0.08646991294588838,0.10004445795235903,0.10131951065254113,0.10886644695779824,0.10532538920300609,0.095154436354904,0.107400550919172,0.10051763399430147
9,9.0,4.2673862119061114,0.10333113299043292,0.0894605405868366,0.0842349096930641,0.10045299516479672,0.09971988785000371,0.11113846286663473,0.10549723912337548,0.09541882606365491,0.10950397667151028,0.10124202898969029
10,10.0,5.138652627782014,0.1024067060694312,0.08930107902495346,0.08319740450841222,0.09954550630261365,0.09875133668134597,0.11293422490184508,0.10692092959008076,0.0950648897730899,0.1124750289213886,0.09940289422683887
11,11.0,6.071405875792507,0.10489859041013058,0.0873147450949687,0.08173117505062424,0.09844854701599193,0.09796481847342167,0.11313493930575755,0.10735387826894308,0.09343764078475109,0.11403799091908448,0.10167767467632641
12,12.0,7.060169740244025,0.10479415985698065,0.08647035167241457,0.07956779530701788,0.09817440922861939,0.09684491062957054,0.11501977482512152,0.10815176196240697,0.09271823796074206,0.11638408833095437,0.10187451022617174
13,13.0,8.099455520847952,0.1057989782833286,0.08447899326540366,0.07855578071904465,0.0980510497230758,0.09823220154483575,0.1141451150901778,0.10719256352588298,0.09251147863267084,0.1187850368730509,0.10224880234252869
14,14.0,9.183818168183006,0.10478567732965288,0.08469007308678843,0.0770170662891147,0.09880450253765286,0.09796652975818931,0.11448078990729255,0.10767392584503338,0.09162193192619274,0.12076479259123216,0.10219471072885064
15,15.0,10.307906369102724,0.1037178162592738,0.08404678318958284,0.07598300010361903,0.09746788538621229,0.09599981440600501,0.116980468101989,0.1089839145510056,0.09248071011965665,0.12175639212806047,0.10258321575459495
16,16.0,11.466506686239443,0.10550241149462956,0.08209547052792282,0.07534475939279249,0.09524352911711917,0.09397073786437041,0.11932282441300535,0.10848056841785594,0.0931392094156401,0.12473405520712509,0.10216643414953874
17,17.0,12.654581904800096,0.10611496561173313,0.08146548232606096,0.07478263669467422,0.09646225921812707,0.09372243875724554,0.11961228047984736,0.1082008299129102,0.09282733695681619,0.12533810694085057,0.10147366310173445
18,18.0,13.867303782456686,0.10516866820760953,0.08179223321349419,0.07334052916142081,0.09569975678499301,0.09296241908690116,0.12081955099700184,0.10850743660659741,0.09241146914983966,0.1265944343760523,0.10270350241608976
19,19.0,15.100080434523047,0.10458990268472962,0.08091495218214091,0.07232777266946684,0.0962517527332261,0.09152764333049047,0.12333406598827933,0.10858594782456217,0.09121908563824192,0.12753047139161716,0.10371840555724521
20,20.0,16.348578617037543,0.10652770192922408,0.08037888991103713,0.0700855910436789,0.09607424106673443,0.09224347887065004,0.12347209543162055,0.10860164464453674,0.0904219879268587,0.12747340086950834,0.10472096830615082
21,21.0,17.608741195130214,0.1063427674592981,0.08006153474611186,0.06901310242461525,0.09643976945725191,0.09102584182417106,0.12425991269471023,0.10872108245536026,0.09111942393264488,0.12817054993557678,0.10484601507025937
22,22.0,18.876800103462312,0.10695973643343032,0.07991914340857492,0.06903221958009567,0.0971078162593263,0.08931825551397851,0.12481629636681707,0.10860498315847107,0.0900002274552294,0.1280255401048682,0.10621578171920829
23,23.0,20.14928511992658,0.10707767946895672,0.08079395775000864,0.06941037657767946,0.09640373237518383,0.08876134990067268,0.12574815844133813,0.10840776892358907,0.08952785991654107,0.1282790329248087,0.10559008372122149
24,24.0,21.423028783545156,0.10836007627155181,0.08119339831809384,0.06975419557501687,0.09620659691603478,0.08783382003670641,0.12672139412287015,0.10707271459841809,0.08862338074218906,0.12870546681934547,0.1055289565997733
25,25.0,22.695167792966423,0.10773718376059796,0.0805533881916354,0.06981337601472283,0.09585401469044885,0.0872621145653806,0.1280516565982534,0.10752304605255,0.0882161987623996,0.12801602370643175,0.1069729976575794
26,26.0,23.963141223515898,0.10667668920358346,0.08227387553226523,0.06911328736829205,0.0960493659441584,0.08629274655211935,0.12886186415545925,0.10655891869700189,0.0873398817500452,0.1294657638938196,0.10736760690325534
27,27.0,25.224685898775267,0.10517081983011183,0.08191124660445019,0.06862250961087638,0.09569085934522883,0.0856600486559203,0.13016679761192188,0.10570190031938412,0.08637515073782424,0.1325224299418169,0.10817823734246511
28,28.0,26.477829247520948,0.1049454528769849,0.08084936180350699,0.0673904469512366,0.09794914246995694,0.0836427954656814,0.13078654553187302,0.10448402289977135,0.08711894636161777,0.13407191763427148,0.10876136800509936
29,29.0,27.720879968916847,0.10328123857132182,0.08083436148776661,0.06655559945937554,0.09721418358818879,0.08302255613015805,0.13226031178880643,0.10459552652227078,0.08799285808613565,0.13454232612063508,0.10970103824534104
30,30.0,28.95241681848399,0.1018324133015653,0.08149465887097564,0.06703635660814329,0.0973561320580473,0.08291294825172252,0.13289054058312186,0.10360597407390543,0.0875999793578913,0.13608059932678113,0.10919039756784603
31,31.0,30.17127581490958,0.10187425910564282,0.08231043471646544,0.06578084959814687,0.09772014471554546,0.08104967547647154,0.13444631607613036,0.10373439343960866,0.08760808098929038,0.1371130876134886,0.10836275826920966
32,32.0,31.376536153543515,0.10122405120759351,0.08257238496898074,0.06578429740705848,0.09862607303883336,0.08083685033214995,0.13334590162726045,0.10410941815537193,0.08749179470738358,0.13745653501981833,0.10855269353554947
33,33.0,32.567505096778625,0.10103373021072555,0.08440787474555918,0.06549328261341181,0.09720200043092157,0.08108146074690872,0.1350448512844718,0.10286810782614073,0.08678414688934397,0.1386893053903022,0.10739523986221429
34,34.0,33.74370209472243,0.09876504214663646,0.08570392481904492,0.06558061056955669,0.09605061148286174,0.08157652982130463,0.1365192208556388,0.10329710681634485,0.08753075790460131,0.13777617995351768,0.1072000156304927
35,35.0,34.90484237192463,0.09773449166199773,0.08516746812677521,0.06614120982044652,0.09579393670171402,0.08215686597006812,0.136028694417425,0.10421445179908032,0.08744856645711398,0.13837235550541882,0.10694195953996007
36,36.0,36.05082019768737,0.09627331296462012,0.08860108272790404,0.06542598094381148,0.09507870884812222,0.0810208518094092,0.13509496699504647,0.10495497896787291,0.08865268359634032,0.13935875988792573,0.10553867325894725
37,37.0,37.18169203889697,0.0977832879573484,0.08923469090782278,0.06701512146285574,0.09490210253697812,0.07987679856832743,0.13569949292874836,0.1049670010908423,0.08941446385694779,0.1378126333422055,0.10329440734792329
38,38.0,38.29765977559663,0.09716503074647904,0.08888738746858628,0.06865161671841809,0.09648555759713398,0.07862355915512168,0.13532712264652097,0.10476213912739432,0.09033005072641226,0.13839577099417186,0.10137176481976129
39,39.0,39.399054140870355,0.09791421954540822,0.09079318487394597,0.06832210354484261,0.09612623078332129,0.07897814397625345,0.13488739412589237,0.104262540498268,0.09077832490198391,0.1372972180475457,0.10064063970253823
40,40.0,40.48631852820801,0.09752204724522438,0.09180102502632485,0.06728406840895058,0.09759351251107386,0.08031321777048242,0.1352075722326899,0.10404822448336817,0.09046208017367817,0.13493810528530742,0.10083014686290001
41,41.0,41.55999329152982,0.09651169307140336,0.09156162179456262,0.06886454613733183,0.09750205307575721,0.08046097807061237,0.13603614112837303,0.10522636064712505,0.08994069271892742,0.13379572254052358,0.1001001908153833
42,42.0,42.62070064560415,0.09511827802146393,0.09226555734786616,0.06811188522660279,0.09938673922375355,0.08117035993105548,0.13695474100094443,0.10482887760278442,0.08966476691884259,0.13325593006371078,0.09924286466297562
43,43.0,43.669130257815,0.09581228161658045,0.09176308083670723,0.06650494686040463,0.10188914809032189,0.08008598636382602,0.13600840269373934,0.1056881958183725,0.09014761202656858,0.13340164093685777,0.09869870475662136
44,44.0,44.70602560622662,0.09572034470549455,0.09071058263006751,0.06981056961803143,0.10092186443250784,0.08175307354210286,0.13368773319514288,0.10541070073701703,0.09059212824258629,0.1334995204176718,0.09789348247937756
45,45.0,45.73217116373481,0.09603978238492995,0.09051247967467065,0.06946112129883524,0.10091878153829482,0.08163977333094957,0.13440373809640394,0.10515038738002291,0.09221457379215622,0.13333005382825716,0.09632930867547927
46,46.0,46.748380453854836,0.09654149016827356,0.09071376059539038,0.06798757655746636,0.10071450159886763,0.08222423930978331,0.13393581141888933,0.10627333935633804,0.09301928704064914,0.1329906813885424,0.0955993125657996
47,47.0,47.755485010424316,0.09660492993249262,0.08935863732143491,0.06743690734258793,0.10109623898433653,0.08244419271766357,0.13480390866643308,0.10678149729140297,0.09290839547621021,0.1331937303144404,0.09537156195299754
48,48.0,48.7543242612326,0.09487606739760457,0.09075268193314553,0.06779969202757413,0.10090989756164313,0.08289884999443152,0.13468749247708925,0.10666234256243474,0.0941969472773793,0.13212037211549052,0.09509565665320709
49,49.0,49.745736344347726,0.09679485621510013,0.09070510419577038,0.06717794583994995,0.09990093817238499,0.08375740078750052,0.13475726829098014,0.10606435187697637,0.0932566534799275,0.13146437683650947,0.09612110430490031
50,50.0,50.730549855707864,0.09613250028068412,0.08996627955471549,0.06777540351586482,0.10050045836444849,0.08364256493992228,0.1350907282849432,0.10537246646461355,0.09337324561488224,0.1324604967810017,0.09568585619892388
51,51.0,51.70957651737491,0.0962758258938726,0.0912407069878634,0.06887276365709581,0.10005088273505645,0.08247998346771752,0.13430164783500403,0.10439246660922066,0.09404436807038735,0.13127083407480178,0.09707052066898014
52,52.0,52.68360474770151,0.09496470766757868,0.09085678453561787,0.0685329957562015,0.09876197577949979,0.08369231953905992,0.13520480098770668,0.10352047244049366,0.09505331449902844,0.1326983326646784,0.09671429613013482
53,53.0,53.65339410751842,0.0943642638024785,0.08981899035983262,0.06817303438882558,0.09824826592956175,0.0835816341597973,0.1348626105988991,0.10520639540831091,0.0962824438957755,0.13276903789979347,0.09669332355672502
54,54.0,54.61967059027847,0.09329778907438796,0.09042895418115365,0.06670906732004113,0.09967630565354156,0.08104878125437263,0.13643744177380437,0.10608025009560774,0.09671064799625413,0.1333224907816658,0.09628827186917076
55,55.0,55.58312271885972,0.09330468408641324,0.09142146088530584,0.0677026205147234,0.09885260039641984,0.08120734753997524,0.13668183726876199,0.1055834107898503,0.09541011061347289,0.13414491321680108,0.09569101468827594
56,56.0,56.544398407394254,0.09437380955273789,0.09083358248413241,0.0677532982082509,0.09826720904419482,0.08205262367029745,0.13603029192634897,0.10502893806773983,0.09481276358660874,0.133434260397423,0.09741322306226576
57,57.0,57.504102543001395,0.09482402574458818,0.08985682301871273,0.06722323025037322,0.09679477712973505,0.08157934758877883,0.13694860454623442,0.10495421139279225,0.09576183813682913,0.1331287090783912,0.09892843311356479
58,58.0,58.462795239617805,0.09576945905122225,0.08881803714826454,0.06787520407193715,0.09412200714735494,0.08108374442113091,0.13820537840004574,0.10405073177106045,0.09678270210854668,0.13307958901998448,0.10021314686045264
59,59.0,59.42099071417639,0.09537134562170105,0.08868449417466061,0.06818417384392532,0.09425258392685548,0.08208138477687811,0.13805514499978483,0.10435693227723601,0.09567590518052543,0.13356860820858757,0.09976942698984537
60,60.0,60.379156734137354,0.09621844584944855,0.08888798069128803,0.06693456380953837,0.09413698058957629,0.08150967326670573,0.13797052069842705,0.10538148851043935,0.09709920517219625,0.13264292731201854,0.09921821410036157
61,61.0,61.337714584760846,0.0955231963690915,0.0890470637195387,0.06730744046231577,0.09410288719502083,0.08286292866402085,0.13910705402452958,0.10512438523872107,0.09681254142344062,0.13154786546723032,0.0985646374360905
62,62.0,62.29703950447439,0.09520667857271924,0.08879979840250117,0.06673308845614583,0.09448195283719432,0.08335118948277309,0.13814836480838208,0.10625104511794206,0.09604137285626613,0.13169963976649432,0.09928686969958148
63,63.0,63.257461537171835,0.0937821887592065,0.08944188458928297,0.06647920359611514,0.09400367687987443,0.0843470898811989,0.13639380013732852,0.10803360837281303,0.09528257664569133,0.13157488548349425,0.10066108565499465
64,64.0,64.21926675122782,0.09224737545905368,0.09096048221633705,0.06608300789100913,0.0949670878758527,0.0844692054889356,0.1360424645075461,0.10668095687011617,0.09468388144423648,0.13114360961309413,0.10272192863381877
65,65.0,65.18269877636592,0.09202062578987842,0.09074098840292566,0.0666809168256322,0.09610192797510353,0.08376781162216482,0.1362460235193953,0.10624148931271162,0.09419793709850886,0.13124168795935956,0.10276059149431982
66,66.0,66.14796061122655,0.09185248221931103,0.09139963739845988,0.06688851110489429,0.0962898492079159,0.08206458301027558,0.13601047856084508,0.10472174897853265,0.09479954501656503,0.1326587564553918,0.10331440804780857
67,67.0,67.11521665648885,0.09320987813178769,0.09197861580473883,0.06665723568231384,0.09558050447435873,0.08345947239939353,0.1360959409966365,0.1054472497702597,0.09395259501104611,0.13124374612332873,0.10237476160613618
68,68.0,68.08459493066005,0.09384027758748979,0.09140154674057284,0.06634058184088573,0.09725168791569459,0.08236400614338006,0.13559316999269358,0.10399918109993007,0.09395390425439229,0.13304929174339036,0.1022063526815705
69,69.0,69.05618942810752,0.09412505412163248,0.09078592938079962,0.06775683762797854,0.09677747938391258,0.08288615853018692,0.1350075881882144,0.10294768625815155,0.09475671290945106,0.13351208743423473,0.10144446616543791
70,70.0,70.03006258152917,0.09479325148716218,0.08997139771408316,0.06951864092287866,0.09645907470426317,0.0833199577911296,0.13376060584861385,0.10115469823699597,0.09568197752481979,0.13368839714705136,0.10165199862300212
71,71.0,71.00624779379335,0.09420266054585753,0.08896001108864611,0.06910502676335906,0.09633267982041027,0.08342198548718743,0.13413446355526498,0.10035166965868533,0.09626511254820644,0.13468996526501112,0.1025364252673716
72,72.0,71.98475200689319,0.09608227241562196,0.08762131624190758,0.07039147835474886,0.09591571844529083,0.08377702316960853,0.13233113819364398,0.09905135927959537,0.09775649174689105,0.13552457726906145,0.10154862488363024
73,73.0,72.96555827861411,0.09541315257430909,0.08769135135304734,0.06918682447211597,0.09666494110947796,0.08487232885727473,0.13205493344465385,0.09779466277250898,0.09741261681393028,0.1366429463916129,0.10226624221106878
74,74.0,73.94862834037681,0.09621858521263146,0.08622386822256221,0.06768523326516834,0.09588564160518691,0.08455447264658614,0.131913092898962,0.09869699022182049,0.09914577849447952,0.13683497249769108,0.10284136493491168
75,75.0,74.93390511255946,0.097913104160832,0.08561027612303355,0.06589949153824792,0.09544667039665838,0.08460249102374853,0.13176204809492065,0.09883755316098648,0.09915868857525635,0.1376427310859841,0.10312694584033189
76,76.0,75.92131515639825,0.09779972098074588,0.08602800499454863,0.0675948118623575,0.09744686774309555,0.0839488689278547,0.130197877069082,0.09814231224225009,0.09788922265444781,0.13821241449996993,0.10273989902564777
77,77.0,76.91077104428919,0.09863427535809445,0.08589286830396253,0.06704061083354933,0.09825870224327103,0.08299262063944206,0.1298409837111433,0.09997887062170006,0.09727756252145099,0.13744285733664557,0.10264064843074056
78,78.0,77.90217363294813,0.09849396695498436,0.0877283083717964,0.0671542681643143,0.0980256901215028,0.08318720480456748,0.12813114056351846,0.09867717966844837,0.09810719091904672,0.13685937308514312,0.10363567734667786
79,79.0,78.89541422641172,0.09782606787978762,0.08860701012593096,0.06517918073116277,0.09775692487137212,0.0824940558043531,0.12885654631437876,0.100702798555512,0.09620087254134478,0.13769488978235375,0.10468165339380403
80,80.0,79.89037661826481,0.09752990738948333,0.0879983722973559,0.06516749507576564,0.0979670946967418,0.08374271490344867,0.1285938166255894,0.10167014195478842,0.09594114710658008,0.13786364483949115,0.10352566511075552
81,81.0,80.88693900474995,0.09675524340185797,0.08962387602965502,0.06359485102876927,0.09700085619835275,0.08427420672645038,0.12870253419711045,0.10176550879712322,0.0954779575780903,0.13910057282251764,0.1037043932200729
82,82.0,81.88497576253909,0.09826693532660306,0.0900201641777376,0.06346686160654988,0.09757923870864976,0.08189951466838265,0.12902304625625682,0.10279258550270357,0.09433755251656926,0.13812737129076103,0.10448672994578623
83,83.0,82.88435908692391,0.09917505394198838,0.09141448752877897,0.0648017787493339,0.09878018545373146,0.08055393851707805,0.12879588693715893,0.10079242217306343,0.095531500781356,0.1370189273470437,0.103135818570467
84,84.0,83.88496048800103,0.0989910786912324,0.09138182590363138,0.06462973759828265,0.09832737914682635,0.08034502251511033,0.1285234854701247,0.10258602281962967,0.09524522204095928,0.13661910664330978,0.10335111917089322
85,85.0,84.88665214409042,0.09978030379150585,0.09158217929286548,0.06575161112541475,0.09897504645671822,0.07975920352012245,0.12840088675557637,0.10054658375530164,0.09476424633218168,0.13661069310719834,0.10382924586311498
86,86.0,85.88930811312994,0.09895248327453018,0.09121032940096943,0.06607333096217974,0.10083561830532936,0.07867143453004001,0.1276665887018778,0.10136400988395688,0.0962424872441666,0.13586721694033516,0.10311650075661458
87,87.0,86.89280540413424,0.09894740989429554,0.09224532357887978,0.06463749767367705,0.10008236398847184,0.07987171768948043,0.12900733256394792,0.10122823186415984,0.09507298088977512,0.13508013181814443,0.10382701003916779
88,88.0,87.89702491199675,0.09889245999580323,0.09155484856737325,0.06401992281188215,0.10008445144493996,0.07986924858242998,0.12934568486150255,0.10181528285080668,0.09587553708334813,0.13493379001357358,0.10360877378834024
89,89.0,88.90185221995306,0.09752293628867054,0.09133290633571846,0.06334178117726398,0.09990447092061629,0.07968567773957076,0.13146389290086097,0.1009821041868983,0.09498338026774787,0.13629945130925958,0.10448339887339303
90,90.0,89.90717827491419,0.09690010319450984,0.09167450242669702,0.06323914955711507,0.10203982914791716,0.08020429827953549,0.1317587596263322,0.1002352588708551,0.09451297717972426,0.1349667063765593,0.10446841534075436
91,91.0,90.91289994163006,0.09555156715519916,0.09098766880577205,0.06365629329966171,0.10211408012388577,0.07978489579258875,0.1330767696248406,0.10058029937760676,0.09390161699502292,0.13548555478862537,0.1048612540367967
92,92.0,91.91892044225806,0.09524753003183664,0.08940865302246938,0.0635496920946069,0.10281767087161145,0.08074739844158342,0.13339943244246863,0.10103640720864131,0.09276412242215369,0.1369587553724847,0.10407033809214371
93,93.0,92.92514968840067,0.096707779205026,0.0894781382525043,0.06288326434417199,0.10308589418635625,0.08083851866467516,0.13329863001072387,0.10110996736100557,0.0921281480165322,0.1366450463086416,0.10382461365036287
94,94.0,93.93150451304501,0.09642074784639128,0.0888656283224763,0.061879279454037886,0.10372270112296016,0.08148387652425047,0.13257837485908075,0.10147520206656725,0.0919612389012655,0.1374368414182159,0.10417610948475431
95,95.0,94.93790881009448,0.09658222416907475,0.08798992299517422,0.06248156279346754,0.1042192001742529,0.08023807399555133,0.1331622442993771,0.10156953625377357,0.09027120498054293,0.13683257402179588,0.1066534563169896
96,96.0,95.94429358933806,0.0970774729242214,0.08656378487847068,0.0626500069150442,0.10259542160185743,0.08163857743224327,0.1332399088088134,0.10283203804632217,0.09083306986176162,0.13709783517251653,0.10547188435874909
97,97.0,96.9505969547639,0.09730956987531306,0.08643773327163463,0.06284163177292743,0.10236998655464542,0.08112095825543675,0.13421593030490134,0.10254595244438518,0.08913399186351774,0.13764817697168902,0.10637606868554926
98,98.0,97.9567640140995,0.09727404624906599,0.08530667385085922,0.06317722549657738,0.10243553829429122,0.08026644338481169,0.13654983096855328,0.10179906099431128,0.08972443367835038,0.13781964885382336,0.10564709822935603
99,99.0,98.96274672736057,0.09675041303640403,0.0841394340178628,0.06534654989807473,0.10235064901273352,0.08153805243838917,0.13635165792996443,0.10107253492522543,0.08877603164497241,0.13790170003880933,0.10577297705756397
100,100.0,99.96850370202192,0.09738859404016237,0.08286068291795662,0.06596504573672858,0.10072495556813989,0.08067629032686874,0.1373325001250334,0.10136265329332,0.08849252637634067,0.13899308039403063,0.1062036712214189
101,101.0,100.97399994219691,0.09771554673534741,0.08432784107096133,0.06588800495301864,0.10152504720244988,0.07904175680968406,0.13848716297273708,0.10152239524731184,0.087494634119179,0.13833096916437784,0.10566664172493269
102,102.0,101.97920655893245,0.09802734721687595,0.0830467446799589,0.0656013922693551,0.10104890823496578,0.080317627574953,0.13920424480241333,0.10181966177770005,0.0872781828235093,0.13895901711043207,0.10469687350983632
103,103.0,102.98410044840509,0.09904789816118262,0.08453706899295216,0.06634607352203527,0.09889999651725198,0.0818820895555264,0.13945475959216772,0.10196872843595625,0.08508417057404485,0.13871010199880243,0.1040691126500801
104,104.0,103.98866394444643,0.10082468695460142,0.08188478170837003,0.06765048079260112,0.09915496255788361,0.08097667235990973,0.13798004345813764,0.10298433165049511,0.0837706494286592,0.14060275774282943,0.10417063334651251
105,105.0,104.99288445143917,0.10243331964732413,0.08239236468222703,0.06696970787543698,0.09718022283033247,0.08275863348152562,0.13876946881487312,0.10213739068030463,0.08382280018021036,0.13896891477680778,0.10456717703095766
106,106.0,105.99675406321822,0.10332202669469721,0.08220760364943638,0.06734126099826354,0.0982286997622691,0.08229983799666096,0.13824441514901337,0.10206195290327613,0.08287475676420893,0.13990586046460665,0.10351358561756752
107,107.0,107.0002691731872,0.10413599129144771,0.08216383189332256,0.06761329400033404,0.09694789538310208,0.08269902814849048,0.13840386588248121,0.101543716896279,0.08355928861499387,0.13941751344277747,0.10351557444677141
108,108.0,108.0034300804274,0.10372637550800462,0.08244944692656202,0.06783992427484677,0.09587665357472032,0.08326704929688357,0.13891499000249205,0.10124857629398261,0.08205218539864062,0.14020534780275762,0.10441945092110964
109,109.0,109.00624059613932,0.10249392642073904,0.08301355878825127,0.06910587718443553,0.09636238072701957,0.08256199115876989,0.138144692707908,0.10090944777090062,0.08183188482196949,0.14167693749068136,0.1038993029293251
110,110.0,110.00870765431864,0.10400513480426832,0.08268111989916736,0.06870026566884192,0.09730701161108879,0.08062317256597405,0.13821253179099102,0.10150267781380765,0.0806727502014693,0.14311524208374868,0.10318009356064281
111,111.0,111.01084093013685,0.10234674407664324,0.08439062179761318,0.06816367256386359,0.09574010504789152,0.08167919277743309,0.14149662701775867,0.10112440182715428,0.07929474443735425,0.14278546236695341,0.10297842808733466
112,112.0,112.01265246907188,0.10352233947736354,0.08507187619200615,0.06821589171813576,0.09462416649092749,0.08041046351889268,0.1400838459637066,0.10160715551309256,0.07844337901816889,0.1447308265226787,0.10329005558502752
113,113.0,113.01415632942268,0.1017780853789028,0.08698874991964413,0.06896082252471329,0.09339144071208212,0.08055257229801809,0.14067726085270793,0.1006785126532652,0.07801432374004481,0.1449252245632741,0.10403300735734743
114,114.0,114.01536824044418,0.10028939137884883,0.08612795620235703,0.06791109661140982,0.09225141485366817,0.07932138645072608,0.14130787674521236,0.10248562775923739,0.08074541430012691,0.14665020387910332,0.10290963181931002
115,115.0,115.01630527795908,0.09726797236444429,0.08645959267027038,0.06771698663847324,0.09237704024022851,0.07886189137685069,0.14197115794366036,0.1031323026894439,0.0824081585578891,0.14757800918411576,0.10222688833462368
116,116.0,116.0169855589429,0.0958662342448101,0.08811857089724763,0.0665692712823989,0.09159232000237412,0.07810147578144498,0.14215778100303297,0.10454556768823801,0.08368405834078499,0.14621901549956634,0.10314570526010186
117,117.0,117.01742795623892,0.09658567657929842,0.08921859503068755,0.06607758009811739,0.09041402417384217,0.07754534916438521,0.1410645669164263,0.10397136997352734,0.08475698354453791,0.14630613287044472,0.10405972164873291
118,118.0,118.01765183424293,0.09645560588639775,0.08809463101313664,0.06666215491404648,0.09145137514249525,0.07618904341266881,0.14168054062250976,0.10491344744428048,0.08377290054934604,0.14675892526291423,0.10402137575220445
119,119.0,119.01767680610413,0.09816429207255783,0.08629660561124411,0.06737197042801042,0.08986001625053008,0.07446827475224677,0.14133434972165196,0.10698513767992834,0.08434077597912047,0.14706412232909655,0.10411445517561334
120,120.0,120.01752251271817,0.0982415966284724,0.08654815776881865,0.06737677602540583,0.09144483956302255,0.07364673673838872,0.14091247462781634,0.1071202318863924,0.08513733409385377,0.14602336194073356,0.10354849072709571
121,121.0,121.01720842354362,0.0984828498838265,0.08718622653061817,0.0680692275057795,0.09215834138980437,0.07396245846131512,0.14067941647251112,0.10738358861569293,0.08392794544098922,0.144915783787799,0.10323416191166399
122,122.0,122.01675365905109,0.09953646590512837,0.08606562363860822,0.06963182660809465,0.09288652380434857,0.07556990465769632,0.14044067988864664,0.10468715923794776,0.08247937896704186,0.14555412846645302,0.10314830882603451
123,123.0,123.0161768344173,0.0986754472414337,0.0872923428351401,0.06906974222535006,0.09253201855359118,0.07481614938765191,0.14000965299105791,0.1053841624081521,0.0815636893162169,0.1460707194574945,0.10458607558391157
124,124.0,124.01549592390272,0.09684262825557388,0.08830838715899592,0.06774585558059368,0.09180687277835842,0.07287770487821932,0.14036310591490958,0.10519187346139557,0.08554436033162363,0.14585455674586065,0.10546465489446934
125,125.0,125.01472814520056,0.09826491096800878,0.08963116201275294,0.06785077567172561,0.08983208058806734,0.07169064048015068,0.14033753556521594,0.10462725547361218,0.08534476545977562,0.14746359894418404,0.10495727483650687
126,126.0,126.01388986291661,0.09907675397213829,0.08992067689195762,0.06678136848708413,0.08896608779323431,0.07193416646111413,0.14029328130262017,0.10535042751528054,0.08568086513125293,0.1478368436613215,0.1041595287839964
127,127.0,127.0129965102319,0.09822341811467124,0.09002458071693535,0.06496166161442472,0.08993836002635981,0.07183623761287189,0.14042764624086648,0.10610176251545478,0.08564477425303527,0.14805634487969002,0.10478521402569041
128,128.0,128.01206252771334,0.09827491598721493,0.09175324707787366,0.0642573656776966,0.09008394611015645,0.07164273423363532,0.13945381472538046,0.10460934686726987,0.08644354140785032,0.14911253705125252,0.10436855086166982
129,129.0,129.0111013181695,0.09802955681169367,0.09330617497098878,0.06639689593627082,0.09085460020089796,0.07248804650398562,0.13797940373593143,0.10300928375836152,0.0863503723831184,0.14820702259591442,0.10337864310283733
130,130.0,130.01012521639834,0.09845185966177675,0.0913687733723853,0.0667965258447102,0.09041092013074253,0.07347920880352914,0.13952522642291312,0.1028501627506744,0.08481438410937767,0.1486885404018689,0.1036143985020219
131,131.0,131.0091454726403,0.09870872494199812,0.09269283864938263,0.0687165258063001,0.090386942739551,0.07270212978410454,0.13924946577144204,0.1026680742756432,0.08461656412907309,0.1476137173579424,0.10264501654456278
132,132.0,132.0081722485317,0.09719109654242626,0.0932852686710271,0.06801685589836809,0.09192707963537008,0.07244921493958699,0.1404949854010307,0.10308356201262187,0.08369469675969146,0.1467535046826277,0.10310373545724962
133,133.0,133.00721462434865,0.09584801699066464,0.0922834351891533,0.06933063712981681,0.09278327447521967,0.07341580481944684,0.14012398989986727,0.10363905746970062,0.08288419996011503,0.14570954576790868,0.10398203829810701
134,134.0,134.0062806163404,0.09493760739908105,0.09340984800635369,0.07031587975541766,0.09275159784535254,0.07491164760625926,0.13902091697490276,0.10265314769415593,0.08323885132409697,0.144995036093549,0.10376546730083101
135,135.0,135.00537720296956,0.09409691805420474,0.09501355210587058,0.06926061726107507,0.09287831712029933,0.07545587972572869,0.1412802619958016,0.10341613855972126,0.08185109160517658,0.14455215786591877,0.10219506570620326
136,136.0,136.00451035890612,0.09489487602004817,0.0947492575781643,0.07079404149142732,0.09173470474020819,0.07625098352541425,0.14087551637012663,0.10391605823884163,0.08074902949291966,0.14415598865334206,0.10187954388950764
137,137.0,137.00368509565993,0.09412274732951592,0.09404769770265424,0.07245203441644822,0.09385121910926833,0.07560150040470012,0.14132430726030593,0.10341326281257514,0.07961265758818095,0.14304225465099496,0.10253231872535606
138,138.0,138.0029055077818,0.0936274763666829,0.09427398160519301,0.07158440499701124,0.09345020946916466,0.07310864206057327,0.14463249874520048,0.10144451561732103,0.08062451385182771,0.1444683244714838,0.10278543281554174
139,139.0,139.00217482361367,0.09305792167948458,0.093424461817211,0.07178285842077224,0.0947097175883791,0.07411427109622286,0.14341067237727664,0.1018168234914669,0.08145023067794216,0.14357564959883035,0.10265739325241402
140,140.0,140.0014954596262,0.09441278376166759,0.09300517041380425,0.07174894893908487,0.09379262778534167,0.07634106530083977,0.14150651931507388,0.10036630069985863,0.08055256411026807,0.1448518110820284,0.10342220859203269
141,141.0,141.00086907744122,0.09406565152338975,0.09246810095659436,0.07232027546140254,0.09336929962178872,0.07581702931291164,0.1421660601869757,0.10028522861371017,0.0812514055260569,0.14489920392636804,0.103357744870802
142,142.0,142.0002966427003,0.0931365156615094,0.09372705920002768,0.07221030263249897,0.09417206351156479,0.07638054570089213,0.14046969973686493,0.10038704239557614,0.08127849554539256,0.14595158276537257,0.10228669285030066
143,143.0,142.99977848500652,0.09318953239957714,0.09282655735570301,0.07286007459826602,0.09463090302032572,0.07836913903966514,0.14013053833116376,0.10039485029440536,0.08197903796804012,0.1443304713241183,0.10128889566873525
144,144.0,143.99931435823203,0.0930178424477862,0.0938157244307441,0.07188070940501035,0.09506842085994026,0.0767841966224391,0.13997174848927893,0.10104549937205336,0.08289194665612944,0.14501575791759813,0.10050815379901998
145,145.0,144.99890350055264,0.09254437342027577,0.0941700829202238,0.07359071776118749,0.09544000588976209,0.0768607797968295,0.13800643924027756,0.1009266357735382,0.08240393485820045,0.1459020319878248,0.10015499835188019
146,146.0,145.9985446936357,0.09262267610436188,0.09248137540143571,0.07350078367255672,0.09656345566290989,0.07603213063492725,0.13860220919011038,0.10102683350799262,0.08240467500224277,0.14604078289616698,0.10072507792729567
147,147.0,146.99823632047406,0.09304138700607471,0.09102654957885709,0.07167755178265908,0.09555578511985616,0.0780365708527873,0.14048741969228962,0.10206744943978442,0.08232170066402757,0.14653504601888767,0.0992505398447763
148,148.0,147.99797642142389,0.09443151909670262,0.08951417947187948,0.07182395587095493,0.09452922718864672,0.0792184057657932,0.14076243534820454,0.10182754777613007,0.08161032530817795,0.1483682709949462,0.09791413317856416
149,149.0,148.99776274806447,0.09328041135644528,0.09164635872721706,0.07283185542931202,0.09348644978686758,0.07991827239649985,0.14002140747859768,0.101245922994771,0.08340049749629724,0.14698068661593564,0.09718813771805654
150,150.0,149.99759281456036,0.09523255344239236,0.09194520745086246,0.07212547903217267,0.09335629346403257,0.07954301307420561,0.1393403673600569,0.10155771168474877,0.08379949826391116,0.14639215496012675,0.09670772126749066
151,151.0,150.99746394626104,0.09494963431884487,0.09213161410961729,0.0723230974858948,0.09311577536222793,0.07806847108381726,0.1388272234362655,0.10380048832938063,0.08256547798506035,0.14732362881486774,0.09689458907402357
152,152.0,151.99737332532905,0.09489643213054397,0.09020347148767785,0.07289877317016556,0.09488947932162542,0.07642605197434814,0.13941617380572133,0.10297428569618691,0.08479958325762067,0.14620002613561323,0.09729572302049685
153,153.0,152.99731803323698,0.09451432031553277,0.09037483548700025,0.07252517337565371,0.09479026466414542,0.07581403152829477,0.1394073240769543,0.10295192229996272,0.08449690959594951,0.14618692008185644,0.09893829857465006
154,154.0,153.99729509002177,0.09562191237602578,0.08831708832305027,0.07058935711774214,0.09520085074353986,0.07420852004631685,0.13997839212140195,0.10306213274526159,0.08398876846759697,0.14824739610118262,0.1007855819578819
155,155.0,154.99730149022784,0.09462391445518113,0.08871776596837018,0.07193995712024064,0.09552889104344826,0.07150173211303151,0.1398472595805944,0.10346355427350891,0.08315541968358554,0.14848614188995227,0.102735363872087
156,156.0,155.99733423551103,0.09553709774131408,0.08900713844122618,0.0710611577445207,0.09448559375134605,0.07296551463466087,0.13944663994488926,0.1060267970616229,0.08130389332915401,0.14861510282586377,0.10155106452540202
157,157.0,156.99739036391077,0.0969993007028564,0.08727915120695862,0.070604916622257,0.09320456251197443,0.07236446077487256,0.13886146934574284,0.10750406338491893,0.0815813909767583,0.1494741870331864,0.10212649744047433
158,158.0,157.99746697583146,0.09741720610954924,0.08553091472197172,0.07075360198845011,0.09291837703037359,0.0729403165920237,0.13906120367256805,0.10829321502454906,0.0821021394296308,0.14813168010098035,0.10285134532990318
159,159.0,158.99756125680176,0.0973951297497023,0.08569143729353057,0.07068056097544843,0.0933974873292311,0.07387591244715551,0.1389114581492853,0.10807697527791413,0.08110011586237065,0.14791783550642848,0.1029530874089333
160,160.0,159.997670497107,0.09829104180820453,0.0861660398470884,0.07007959514807148,0.09240312391338505,0.07466048850144247,0.1380082099154451,0.10826615863721542,0.07953809041024573,0.14720469254139495,0.10538255927750664
161,161.0,160.99779210841066,0.09910305823417867,0.08671400277466204,0.06940771453296232,0.09344586056773367,0.07542839278813714,0.13732368518950883,0.10668849022089835,0.08042963906564081,0.1455738415772357,0.1058853150490422
162,162.0,161.99792363749984,0.09891121663396592,0.08530649584705116,0.07044853835567293,0.0922077065914031,0.07480403750826872,0.13870336102858083,0.1065634261957551,0.08009260385978102,0.14648070349924588,0.1064819104802751
163,163.0,162.9980627773051,0.09662679266092464,0.0861469822957742,0.0701537231086349,0.09233131784673754,0.07640573045769768,0.1377668160954577,0.10705313876583664,0.08167724736833856,0.14515284632029704,0.10668540508030083
164,164.0,163.9982073753568,0.09651502297575716,0.08559639600844007,0.06894800096591454,0.09457710976993249,0.07595938905900254,0.13946875315207502,0.10560489549768787,0.08102380681664884,0.14370867340070578,0.10859795235383543
165,165.0,164.99835543984977,0.09572232156354456,0.086075164722638,0.06839261947092569,0.09416493598443146,0.07643576937428684,0.14155406259052633,0.10467957557426828,0.08132769249824734,0.14280190035203338,0.10884595786909784
166,166.0,165.99850514349492,0.09362764757821901,0.08799171486749383,0.06835787047619962,0.09239076862097717,0.07616598687293075,0.14325259290808318,0.10285008531269167,0.08251598749090541,0.14268255998100882,0.11016478589149026
167,167.0,166.99865482534062,0.09391804790724052,0.088037907009284,0.06894778759240078,0.0932205151698399,0.0753131750016752,0.1429086550353787,0.10112349101789826,0.08115772349448573,0.1427386687649957,0.11263402900680093
168,168.0,167.99880299074837,0.09615938745984173,0.08757191965911414,0.06747848784051656,0.09266444352620275,0.07350144380653932,0.14171596930185354,0.10137714199684203,0.08184708952527157,0.14362589594963357,0.11405822093418447
169,169.0,168.99894830970783,0.09569420671412794,0.0885302444955447,0.06734216665890744,0.09241859563070556,0.0735638428599122,0.1428035257777626,0.10080997703667811,0.08052601050105454,0.14336021085506584,0.11495121947024081
170,170.0,169.99908961367427,0.09496550597803036,0.08997459802342761,0.06697635741968956,0.0910330315246421,0.07064702834157266,0.14484395739362213,0.09936005120317024,0.08059382337095108,0.1454997568949545,0.11610588984993951
171,171.0,170.99922589110733,0.09632024098560552,0.09100823422841439,0.06589045718873578,0.09071333250030524,0.06874202190517698,0.14565213181522113,0.09833440906173052,0.07917072619832977,0.1477193914964908,0.11644905461998967
172,172.0,171.99935628188598,0.09418596973642226,0.09109906221345443,0.06531617008578734,0.0902729378238565,0.07163212148766648,0.1456692347556937,0.09850732702794131,0.08047268572129934,0.1477909335991462,0.11505355754873217
173,173.0,172.99948007076793,0.09353137702746625,0.09004722283598407,0.06395230101673624,0.09198514546051507,0.07404969674670425,0.1466151016170818,0.09758666228445587,0.08086661058814179,0.14869336929926552,0.11267251312364883
174,174.0,173.99959668005403,0.09359049648338498,0.08811168140139089,0.06368537011711617,0.09211480946703086,0.07446154279523623,0.14526168290893332,0.0973184374531898,0.08227313825525197,0.14965381627931434,0.11352902483915113
175,175.0,174.99970566161096,0.09085653206487966,0.08877711874937154,0.06465274229215162,0.0905791233208399,0.074332543218288,0.14561567743422102,0.09872329277298218,0.08313590570544194,0.15014792118482165,0.1131791432570022
