,Unnamed: 0,Generation,Intertwine_two,Add_vertex,Delete_vertex,Invert_path_vertices,Insert_inside_vertex,Delete_inside_vertex,Replace_inside_vertex,Donate_between_routes,Trim_one_terminal_cb,Grow_one_terminal_cb
0,0.0,0.0,0.09999999999999999,0.09999999999999999,0.09999999999999999,0.09999999999999999,0.09999999999999999,0.09999999999999999,0.09999999999999999,0.09999999999999999,0.09999999999999999,0.09999999999999999
1,1.0,1.0,0.10240795040113992,0.0928823231781987,0.08029566001264682,0.112572240456417,0.09337477241974747,0.1095966917735347,0.11201620992652055,0.09040779182832559,0.10872189452255854,0.09772446548091017
2,2.0,2.0,0.10396765867547805,0.09395888898611474,0.08701420069909327,0.10439679421471752,0.0890094033599272,0.11210653960647214,0.1069205559915823,0.08334558620179325,0.1145247858169316,0.10475558644788945
3,3.0,3.0,0.09883921603045255,0.0905509014908738,0.08798798493854072,0.10257761497957567,0.09446360252369665,0.10793799287111942,0.10885877185817608,0.08677983966119818,0.10893945058077259,0.11306462506559385
4,4.0,4.0,0.09066472146357203,0.09737257060198312,0.08079619105966637,0.10799198714115657,0.08621498077588219,0.11259924279107444,0.10699502241933864,0.09377260433994856,0.10901467612946365,0.11457800327791404
5,5.0,5.0,0.10302669280209782,0.0923600425881253,0.08305190129486914,0.10910563285099875,0.08666394875623311,0.12343484181364277,0.09863792844119254,0.08003762610533674,0.1147213623377498,0.10896002300975358
6,6.0,6.0,0.09915904262187734,0.08879258572572826,0.08089471635159486,0.09768694370558693,0.07271301320466977,0.12951424433889233,0.10920334202972808,0.08194689985945704,0.12609755376033133,0.11399165840213354
7,7.0,7.0,0.08764068978549208,0.09643251593755961,0.07560256311743077,0.10937829120397118,0.08186818635047352,0.12263357726172726,0.09716012148331424,0.0826617960827461,0.12766966689361012,0.11895259188367455
8,8.0,8.0,0.10404688042736725,0.09691403848378097,0.08902869088067748,0.09658724412727814,0.07357849118701734,0.12243544982695978,0.09698956593599405,0.08065086968512372,0.1345930500869624,0.1051757193588384
9,9.0,9.0,0.09293871933735154,0.08704942587547217,0.09017811731645721,0.1015963524520898,0.08555589535164476,0.1312851990183944,0.1030324477775709,0.0816618687487159,0.12394268072474571,0.10275929339755718
10,10.0,10.0,0.09580047851255939,0.08553795180708225,0.08681494938091101,0.10908027367247693,0.07049861145599202,0.12493773351497857,0.10000256086439074,0.08131496821193242,0.13332329799843032,0.1126891745812458
11,11.0,11.0,0.0869248537639104,0.09081374360060188,0.095619727148213,0.09621935764122932,0.07291027632741112,0.1331427483505146,0.09941557768254697,0.08568266825858169,0.13100795484428068,0.10826309238270988
12,12.0,12.0,0.09756612076675972,0.08896765642013998,0.0927585720974749,0.0996411503144016,0.0799887685775282,0.1322477890233383,0.09496808808204985,0.07931479541591882,0.13731113832448474,0.09723592097790343
13,13.0,13.0,0.09057057376166995,0.09576650842467312,0.0971711086735815,0.10242765669109724,0.06850258332505639,0.1337676826542083,0.10193640051817832,0.07338632733898948,0.13236258502963139,0.10410857358291385
14,14.0,14.0,0.0954855194945747,0.09049526581420608,0.09535021950438227,0.11408782061934539,0.05981821546072501,0.1327217170019263,0.09844674365144876,0.07656829924898642,0.13941913652078847,0.09760706268361606
15,15.0,15.0,0.10045179675939539,0.09190922954400736,0.08502088428128622,0.09660366014035987,0.0643904635249595,0.14006953354273866,0.09695526983299842,0.08607049067348924,0.12907764098175722,0.10945103071900766
16,16.0,16.0,0.081105085132243,0.08110909589525361,0.08413645566354698,0.1018786959050643,0.06491624498072102,0.1530198329361773,0.09291450010314664,0.08581291509732003,0.13698300863090568,0.11812416565562087
17,17.0,17.0,0.08820178506908684,0.08761962992359522,0.10425151486407694,0.09510324912987184,0.06824467424849096,0.13392394438549907,0.0979405246059436,0.08207987247555483,0.13723078958034587,0.10540401571753451
18,18.0,18.0,0.08255718271400768,0.07947845914358702,0.09833596763638061,0.09814581506182722,0.07031102290718302,0.1520022302906068,0.09935534914799457,0.07975594720819332,0.1441538100540246,0.09590421583619459
19,19.0,19.0,0.09773060819926123,0.07870587428818157,0.08039677340715927,0.0925142053628543,0.06402373666361824,0.1476773060546704,0.10241731895216202,0.09209533063220846,0.13678829742436902,0.10765054901551512
20,20.0,20.0,0.08437356717352737,0.08674221876618805,0.10638401092052471,0.09335599153852168,0.07435087498319773,0.13342610016416592,0.09127624299583785,0.07858827573915853,0.14105138625211597,0.11045133146676167
21,21.0,21.0,0.08554907139544403,0.09273999426877602,0.09720114564185289,0.11050912229701296,0.055259404407963765,0.14819475324999487,0.09441898078278714,0.08061111877363258,0.1331746913299666,0.10234171785256867
22,22.0,22.0,0.1045583617828572,0.08565440317783116,0.08835953327961452,0.0898989156118147,0.06281192531759122,0.14487941576238314,0.09926644207163662,0.08167219323297133,0.13684917776099417,0.10604963200230551
23,23.0,23.0,0.10331278200277272,0.08594693840044446,0.08354181680558055,0.09322150966648748,0.058173435737190415,0.1375157784175996,0.1052608971424019,0.08459076451916947,0.14222996948689454,0.10620610782145838
24,24.0,24.0,0.09916831266827597,0.09764383257952798,0.0911783367844803,0.08306677703159425,0.06276756456986794,0.13291644143308318,0.10017904366353655,0.07872364812265746,0.14531870544096065,0.10903733770601524
25,25.0,25.0,0.0804711754309774,0.09459527432677903,0.08814512275001297,0.11074419442205867,0.06171298385709033,0.1388737499904658,0.08618864711516931,0.08585212438169436,0.1400521607715079,0.11336456695424371
26,26.0,26.0,0.08926169298380604,0.08745877010265853,0.09944204726821863,0.10873154684601963,0.0698335597077014,0.13659278657539703,0.0979685640866671,0.07294842320097854,0.13400936251517856,0.10375324671337408
27,27.0,27.0,0.09379840220650745,0.09126068141925618,0.08246219655194208,0.09673489990524795,0.06780971400661007,0.14707976421076546,0.1005624260682837,0.07831757976781087,0.1369725326418668,0.10500180322170896
28,28.0,28.0,0.09547094382745416,0.0971979893144357,0.0783414664657473,0.10490668457761601,0.07416585411100954,0.12887366577686038,0.09417574182449756,0.08829622683370576,0.13260457900887812,0.105966848259795
29,29.0,29.0,0.09082389320021919,0.0852355844468031,0.08795415267898131,0.09283420551313709,0.06984492635009185,0.13679808610035576,0.097818303825008,0.08785465000901516,0.13834172811575432,0.11249446976063374
30,30.0,30.0,0.07952094664715242,0.08520344512097053,0.09206212187416524,0.10739925827520076,0.08822823714083071,0.1373973805269082,0.10202786458998019,0.07725061740869363,0.1375726493145176,0.09333747910158025
31,31.0,31.0,0.09385507797499297,0.10042640241435678,0.08843956713151321,0.0972680027664478,0.05672843393572106,0.14045316177084713,0.10300262617068068,0.0792368547069792,0.1326119328213114,0.10797794030714931
32,32.0,32.0,0.10556442457110618,0.0919324505523826,0.06745171874736608,0.09185505005795688,0.06728980107448713,0.13640535498920206,0.10003270988465895,0.09338187341663956,0.14275438356113432,0.10333223314506583
33,33.0,33.0,0.08928557018977631,0.09031496385886528,0.08556735093473378,0.10929982567835575,0.061362894776271416,0.14207054333374003,0.0972212929626926,0.08133861128362493,0.14540743982515864,0.09813150715678085
34,34.0,34.0,0.08001809799274923,0.08722982987236036,0.08551071725573858,0.09905882309956246,0.0834685315967468,0.13208613372046887,0.09478810510617311,0.06959980885208064,0.14386006861926268,0.12437988388485681
35,35.0,35.0,0.09450346156403922,0.08755614756731087,0.07740725629289438,0.093221986022566,0.08065941771116203,0.13971307315489162,0.09857285467506853,0.08149631462435328,0.14132727472135292,0.10554221366636074
36,36.0,36.0,0.09859920530673177,0.0922024423391379,0.07895377128698658,0.10280246621488283,0.06830250055924592,0.1392592670546327,0.08250564142923131,0.08369067963741272,0.14423323299032936,0.10945079318140849
37,37.0,37.0,0.0907766981899528,0.0809126124132365,0.08079492627816129,0.09186755439855869,0.08352715358903774,0.14238090785341434,0.10918384404796244,0.0809084773396251,0.13964719485965274,0.10000063103039783
38,38.0,38.0,0.09513328119879202,0.08529819933737853,0.09547618742462011,0.09618763630126843,0.07419692516353446,0.1335392063919311,0.09599246770226115,0.07312856533322677,0.13563558053179978,0.11541195061518714
39,39.0,39.0,0.09336870757204054,0.08213704881530583,0.09541385914134609,0.10571410475654093,0.06759286442650049,0.1393246979445028,0.09587398913908354,0.07651832936125583,0.13268088822449203,0.1113755106189314
40,40.0,40.0,0.07617202842252017,0.09195446621476273,0.09193517662158651,0.10345238602011324,0.061388735065139255,0.13356305312916858,0.11986815427369032,0.07221574091286524,0.15199557366077246,0.09745468567938104
41,41.0,41.0,0.08711259545674777,0.09174370931136382,0.08582340659535123,0.08579158754568966,0.06986927964471767,0.14627587362344677,0.1029447084211452,0.06921135851736983,0.14637543606719794,0.1148520448169696
42,42.0,42.0,0.09775658656863886,0.09012446878307372,0.06551925584486133,0.09162308689862586,0.0801181658622759,0.1376719514803561,0.09363442965534358,0.0796950501171039,0.13623236804952465,0.12762463674019564
43,43.0,43.0,0.08581764708506058,0.09003574998301331,0.09684857140416947,0.09304383014567322,0.05988032904114754,0.14457251052320927,0.09935356916960136,0.07721338783719689,0.13534125069055764,0.1178931541203702
44,44.0,44.0,0.08419135444641826,0.08633675193055343,0.0942042995810766,0.08870774209875867,0.06629262030082644,0.14255559449003427,0.10338074827742245,0.06516962518623887,0.15607734227700765,0.11308392141166294
45,45.0,45.0,0.09262986489056431,0.08330606488819123,0.09218077330677601,0.08740016425523,0.07942210782383492,0.14231223140639768,0.08424278146585414,0.06623743882964117,0.1576532867930562,0.11461528634045393
46,46.0,46.0,0.09981001728479814,0.09562931529189553,0.10021883561429698,0.09219399557603478,0.07130577174115543,0.1386107711663765,0.08919057696591619,0.07243658616640418,0.1386628453775211,0.10194128481560068
47,47.0,47.0,0.09058659594901618,0.08518766060306082,0.0996306219427321,0.09755245895390247,0.07056048944052742,0.14249840143642928,0.09560275723576447,0.08802697688515838,0.1323681298223017,0.09798590773110669
48,48.0,48.0,0.09111859928685215,0.08157432030585726,0.09323931607881954,0.09391301159072167,0.07318091832951604,0.16404064799728085,0.08786802031051479,0.0758786715788426,0.1325658451634375,0.10662064935815722
49,49.0,49.0,0.08570942946278905,0.09430293010820925,0.10126010962670848,0.09465359925589066,0.06595940755642901,0.138986619087629,0.09534191235290815,0.07985174479915276,0.13720433365481263,0.10672991409547065
50,50.0,50.0,0.0967065643696282,0.09096079399286965,0.09528299274553564,0.09462387009703369,0.05882355837027529,0.1419867988099866,0.09431803604863917,0.078192659763135,0.1403689274764623,0.10873579832643403
51,51.0,51.0,0.08904476940929454,0.09029991363800621,0.09707375720590394,0.11039651222835026,0.06135423756626949,0.13820917466689128,0.0967095201225707,0.07484808936622825,0.1301753794279248,0.11188864636856007
52,52.0,52.0,0.07943973738652045,0.08852590284184216,0.08945000196466657,0.095785581534226,0.07281338450501437,0.1369517468190014,0.09740334008569183,0.08737418057865487,0.14000009658717258,0.11225602769720928
53,53.0,53.0,0.09941082995456031,0.10179194929848775,0.10175373205188232,0.08516058994789653,0.06782488171322083,0.12944476703900776,0.09514260223493658,0.08026796489128432,0.13789733057961462,0.10130535228910853
54,54.0,54.0,0.08962944163212107,0.08346873132923886,0.10251813322759959,0.09976569144471788,0.06164380658611511,0.14661421554845563,0.09732208799688645,0.06285592201176887,0.13943469856555316,0.11674727165754287
55,55.0,55.0,0.08521519188996504,0.0946267403417782,0.09566174233768246,0.08436025039793241,0.07338239925210918,0.14748656377412508,0.08487779546090682,0.07261754510950633,0.15397239725542486,0.1077993741805692
56,56.0,56.0,0.09215628626007308,0.09857786039663909,0.08820125416343311,0.11127615112516578,0.07069793344913793,0.14120647206343148,0.09266142659388032,0.07352723479876032,0.12730053593354398,0.10439484521593448
57,57.0,57.0,0.0912252598878556,0.10895297076223316,0.08192330813378752,0.08819146350143456,0.06151762188964129,0.1466860183993098,0.0908995942819165,0.08900857290462201,0.13371807247845957,0.10787711776073952
58,58.0,58.0,0.0780979984332567,0.1028244549421137,0.08892037060251304,0.09435848822447208,0.06204387638348585,0.13158710799971013,0.10240340867715544,0.08210168909689766,0.145838567157447,0.1118240384829479
59,59.0,59.0,0.08154918485447651,0.08797549196858453,0.10012448663350637,0.09329688483106234,0.06427614492198633,0.1509973385893551,0.0905167333888833,0.07095466697171596,0.14698006811055625,0.11332899972987294
60,60.0,60.0,0.10036519242251382,0.10016379731588784,0.09172852235752975,0.08106366823478474,0.06564940360380701,0.13510907040145276,0.08380068222051015,0.07685076212663379,0.15270539391969354,0.11256350739718621
61,61.0,61.0,0.08799638024768004,0.09654705548889367,0.07447152741158355,0.08504686212311545,0.08107259632316278,0.14849002422885402,0.1003063508952049,0.07167215134582255,0.14149274404542272,0.11290430789025992
62,62.0,62.0,0.0702127491286224,0.08419447756236348,0.09307824539037898,0.09720095243826381,0.08071821282309086,0.1389243066247346,0.1036772605552468,0.07611578397174439,0.14110013314625203,0.11477787835930216
63,63.0,63.0,0.0932342548889912,0.09428548293336755,0.10810527503093152,0.07841706168767673,0.05063182332592494,0.14432572860300702,0.10202978560564482,0.0716012703925423,0.146864605344672,0.11050471218724141
64,64.0,64.0,0.09307206119110764,0.09555067639990089,0.09761072884963184,0.07758343761750552,0.08015517862255991,0.13857280665136884,0.08896574122526822,0.0675462124288439,0.14330832032669452,0.11763483668711819
65,65.0,65.0,0.0997737536675718,0.08667227910810671,0.09471538459776004,0.08317549880778868,0.05941073957257666,0.1426016561979327,0.09665032993801237,0.07331368826470216,0.15061748510569772,0.11306918473985073
66,66.0,66.0,0.08854145419953788,0.08874498171346003,0.0849262240302754,0.10013915275041263,0.07144160847459281,0.14295172358918481,0.09466775442410184,0.0770478495000115,0.14289226592722248,0.10864698539120014
67,67.0,67.0,0.09125738026110788,0.10528959401146887,0.08589017169093845,0.08964499910164866,0.0665092537045846,0.14562050797132325,0.09941934516931757,0.0783629287224692,0.1355399618010917,0.10246585756604934
68,68.0,68.0,0.08276778974492267,0.10162103180764345,0.08019459387778716,0.08795456765292373,0.07451193715936433,0.14717771824718548,0.09237878574607485,0.07491516224601659,0.14746314942570368,0.11101526409237757
69,69.0,69.0,0.09107536485914608,0.09434261956577228,0.09720480182271522,0.0940210017200873,0.06231890928112149,0.15363998109943738,0.08613905063429524,0.06522215350970113,0.14725288011655258,0.1087832373911708
70,70.0,70.0,0.08581624229751525,0.0968768734009087,0.10749668096206652,0.10225108041552866,0.06469189369886694,0.13743044958332667,0.09370869165528625,0.0590253381836624,0.1468330275608824,0.10586972224195586
71,71.0,71.0,0.08551702367880629,0.08900764126148646,0.08533314753530602,0.08326894268915311,0.07814996878571862,0.15242814990397818,0.10151692119234028,0.07114782393912408,0.13836526341906508,0.11526511759502142
72,72.0,72.0,0.09520677060473925,0.07089272414505843,0.09047110639826464,0.11056404302871173,0.0754356224232722,0.14264007857991276,0.0857131973112686,0.07059561772956227,0.1501377606434545,0.10834307913575517
73,73.0,73.0,0.08855909989075769,0.0831801963460619,0.07713872097666079,0.09098377205269717,0.07191301442712543,0.13850747879769068,0.09630449367318786,0.08689047214402917,0.14152322843023443,0.12499952326155442
74,74.0,74.0,0.0917481157020797,0.09070682912496726,0.09521424994397817,0.09901371819799659,0.060704424993161574,0.14215798693745157,0.10430282244319866,0.07910570827322662,0.1305138040817952,0.10653234030214417
75,75.0,75.0,0.08823012125227185,0.08699860492715986,0.10584691850239514,0.08823475104868675,0.053564134722868084,0.1531189398382962,0.09600598445791263,0.06847729915491399,0.15329863324774368,0.10622461284775138
76,76.0,76.0,0.10093498129885818,0.09639741434722385,0.08666251412352496,0.08716376642166132,0.06727867049159901,0.14294438445910676,0.08813185442353146,0.06882094017535775,0.15001802416294954,0.11164745009618673
77,77.0,77.0,0.09249851871771957,0.10012670760334523,0.10117364219402183,0.10435244231568479,0.061408702177858064,0.1457243494186215,0.08728221892040752,0.07056026062490636,0.13935964256290545,0.09751351546452924
78,78.0,78.0,0.09998252394078407,0.07301784408542683,0.1039071263204884,0.09566336122297656,0.06183665474682072,0.14868161290533113,0.08359810664088925,0.08339594678326209,0.147017389974204,0.10289943337981658
79,79.0,79.0,0.09063723538205415,0.09190639069944169,0.0864436464687818,0.09665505360647184,0.05618919952705246,0.1412701822898727,0.08702338837611415,0.07381102324368417,0.1505043701260872,0.12555951028043938
80,80.0,80.0,0.09210164022566637,0.07897793264676546,0.09188377866809101,0.087654827868473,0.06750250942519637,0.15751351897646076,0.07600758484277524,0.09183788650961974,0.1489375852808382,0.10758273555611345
81,81.0,81.0,0.09118163325068272,0.08356761615459486,0.08309459336059236,0.090723867822123,0.056754778727063526,0.14312456057520193,0.10343315972383522,0.08904352323024664,0.14256063869011032,0.11651562846554894
82,82.0,82.0,0.09600378256501338,0.09797290778358658,0.09052833161416016,0.08461364143825281,0.054891440139807436,0.14218946640951857,0.09065822552396252,0.08715209994173849,0.15096267377354233,0.10502743081041725
83,83.0,83.0,0.07842344643231332,0.08827305766971329,0.09996471429163614,0.0925108478239871,0.06707242853375116,0.13516967408972613,0.08774706559620896,0.0798033768228221,0.15733715203328683,0.11369823670655457
84,84.0,84.0,0.08662298821383468,0.09039559857092425,0.07741893435306882,0.09334770361684852,0.049764577389266484,0.15587587965988223,0.10371374214565869,0.08236503682991896,0.14453449785302494,0.11596104136757199
85,85.0,85.0,0.08874933610872485,0.09351072603571643,0.10097507950012945,0.09149713527542185,0.054655083647933166,0.1490397292399083,0.10445686319726141,0.06496001182473762,0.14350117473867635,0.10865486043149013
86,86.0,86.0,0.08408862272727753,0.08182916005126084,0.10132945424678275,0.09487379847122686,0.07025722686907723,0.14236779476613587,0.10623511453377879,0.06703638191137869,0.14227678160600896,0.10970566481707207
87,87.0,87.0,0.08554417531315543,0.10330343004603719,0.09689582573731531,0.09664815216094153,0.05204137131657095,0.15267854290613903,0.09414495691360267,0.05887809710263083,0.14711622613623238,0.11274922236737424
88,88.0,88.0,0.09315247600323084,0.08775869798092757,0.09168079166509022,0.1000679860338249,0.06774859397888057,0.15578834738878117,0.08263984726129223,0.07008395579101699,0.15711234365859464,0.09396696023836046
89,89.0,89.0,0.08736081823547605,0.08573509693870993,0.08657939744149273,0.09081385581166423,0.054829841709956174,0.15631400895373665,0.10356365336129895,0.07337525067421909,0.14631000126565347,0.11511807560779233
90,90.0,90.0,0.08944493050961268,0.09979156072005775,0.09292685938417049,0.07909950599610341,0.07452313436836353,0.15122766435540685,0.09027828989816014,0.0552649181107322,0.14495775922777226,0.12248537742962033
91,91.0,91.0,0.09190220381860667,0.11446414271208308,0.06747090238333149,0.09106939244618714,0.05687691834939064,0.15642062901751622,0.08909551734697266,0.06545407657147939,0.16881105162516713,0.0984351657292651
92,92.0,92.0,0.0811276982659897,0.09278932957649313,0.09393828540880118,0.09269229772936946,0.06077278205144911,0.1598950942258784,0.07951783196490263,0.07302567865162317,0.1605738555784679,0.10566714654702485
93,93.0,93.0,0.08908056442182395,0.0970971333746971,0.097272066207907,0.09153637143804885,0.0618214341282974,0.15077731645770673,0.08587817220857313,0.07132357366290192,0.16538287190529008,0.08983049619475336
94,94.0,94.0,0.0824762878335246,0.08456962405222171,0.08950521838493378,0.10696593211128354,0.08465736201820909,0.14458680251601583,0.08394152812079178,0.07591488572371656,0.1428394645665837,0.104542894672719
95,95.0,95.0,0.08805106704415444,0.09518955871482042,0.09172319313311632,0.11048969507340312,0.059010884020774534,0.1342953618836109,0.09747700017556947,0.06173157517833304,0.15173639293180347,0.11029527184441382
96,96.0,96.0,0.08399472626098643,0.09204448765276316,0.09349978990447169,0.09597667251247254,0.07418426770962802,0.13715593750366922,0.08377718740404723,0.07225495943429514,0.14853989759994835,0.11857207401771777
97,97.0,97.0,0.08229956775649193,0.08472836165645703,0.09148006366054572,0.09243159157738524,0.07784280641994115,0.14438150579956863,0.09547852656815389,0.0743241012515933,0.14538592986510818,0.1116475454447545
98,98.0,98.0,0.09415210755714565,0.0920056558719246,0.08281605958010743,0.09485318847746242,0.07503135092505964,0.13827493802585716,0.08847846927415408,0.06765421399065127,0.14665924052371265,0.12007477577392459
99,99.0,99.0,0.08840258233504322,0.08485066081710976,0.09497029356066417,0.08751832351410342,0.06599141279984058,0.15708059148805015,0.11452831570084623,0.05907897099050259,0.1455144261273021,0.10206442266653734
100,100.0,100.0,0.08921868602084795,0.08364393196603555,0.08087961298131592,0.10678019967180874,0.05658096249000464,0.14784862010233546,0.11355767732839117,0.06510138493632892,0.15434994610225355,0.10203897840067763
101,101.0,101.0,0.09454859947923974,0.08499479844512806,0.09203791223721369,0.0894575011582649,0.05456840180870971,0.13519683220051165,0.100717906028392,0.07831043073024918,0.1538474121943927,0.11632020571789789
102,102.0,102.0,0.10676873640932052,0.08798009737332695,0.08483768053374884,0.10384490978071839,0.0618446268920407,0.14179863587622557,0.08615555218095931,0.05999944091520494,0.154156433219749,0.11261388681870532
103,103.0,103.0,0.08292515816199726,0.07634014996281555,0.1015389153771595,0.09386887339120722,0.06496076133535433,0.1605906216916291,0.09017318883418407,0.0639222929732325,0.15042739982234646,0.11525263845007354
104,104.0,104.0,0.08383981225686611,0.09749065757409132,0.09824413722946154,0.084206733635116,0.056700638865711236,0.16517768782562497,0.08784180614819848,0.07826363241859449,0.13442040391621082,0.11381449013012453
105,105.0,105.0,0.07821527877865668,0.081786357437902,0.09672479784486568,0.09311790891517549,0.05695990031080903,0.16826732365406086,0.08957422094072183,0.07744946787379516,0.15264946340974467,0.10525528083426808
106,106.0,106.0,0.08096194221393874,0.0842596770600009,0.09921330700919902,0.08167429736294554,0.06419337189725632,0.1631015497061282,0.09786896018327754,0.05312771078627422,0.15817057438671572,0.11742860939426343
107,107.0,107.0,0.09213276662484024,0.06891092117718665,0.08918090790326054,0.09764152312700083,0.06818963607095156,0.1483683301012688,0.08581600390089102,0.07833172156336185,0.14631640870811077,0.1251117808231273
108,108.0,108.0,0.07806148863230926,0.0975286085384036,0.09100308593833309,0.09916959818977858,0.07245607719562729,0.16002581519069364,0.08198554799983761,0.062416931657621355,0.14593268026508027,0.11142016639231482
109,109.0,109.0,0.0928058900151558,0.08955719248013014,0.07886455363535735,0.10100552112103503,0.0599239645023565,0.15228593017071743,0.08424081097134385,0.07075141057714186,0.15536858657134403,0.11519613995541747
110,110.0,110.0,0.07625740796281529,0.08282018416658687,0.09708883736633092,0.08710381514171374,0.056816083670625184,0.161627043467566,0.09185997394810366,0.0685938420791459,0.15644037542269265,0.12139243677441922
111,111.0,111.0,0.08411726586003435,0.08349440598421005,0.10443835121670678,0.08423961078167698,0.04710387117588376,0.14349609131804844,0.10056677489163776,0.09009766062425359,0.14459006642709976,0.1178559017204482
112,112.0,112.0,0.10363390230526623,0.10849773301958746,0.0783089738325771,0.09655642439060444,0.05026258976342936,0.14348252179379545,0.0865689797999564,0.06540998938845859,0.15078322818942919,0.1164956575168953
113,113.0,113.0,0.08309062310940836,0.08917593400727267,0.10350820298620171,0.09091682182800699,0.05050414431500568,0.15683103007936353,0.09372480079656569,0.07990423226430263,0.14244357655148507,0.10990063406238737
114,114.0,114.0,0.09425706456072143,0.10141405737925561,0.0833836974921902,0.083610347518679,0.05782808041178642,0.143117644892909,0.09789783900160019,0.07559146891718711,0.14748522588425178,0.11541457394141877
115,115.0,115.0,0.105822316997749,0.1034025158191555,0.09988382997278653,0.09114326448277267,0.053644650748274715,0.14330820662351176,0.08256253943508852,0.07377615663175244,0.13617898476636314,0.11027753452254532
116,116.0,116.0,0.08620363525131151,0.08882339598740616,0.0893840274912294,0.08542906745929894,0.07520103732099717,0.14445370807811309,0.11680243250991267,0.0545421859872688,0.1573662583931349,0.101794251521327
117,117.0,117.0,0.08491990273150002,0.09558415802470158,0.08486169693197021,0.10120420898167634,0.06984877806171397,0.14623038690025883,0.09242932240607135,0.06041037969737627,0.15268141474146296,0.11182975152326809
118,118.0,118.0,0.10102301379645362,0.0900907448750193,0.10138583357710144,0.08278091114210609,0.054922144428979525,0.16612983123125685,0.10558362590860608,0.058416138788587854,0.14491187224038968,0.09475588401149913
119,119.0,119.0,0.07434980056853155,0.09286847867770501,0.09721566690995899,0.08720200164311995,0.08000300993513751,0.1468631154563615,0.0939482666685445,0.0751573594827191,0.1500297345066606,0.10236256615126087
120,120.0,120.0,0.07405446171175292,0.0929409277245243,0.10667361389799039,0.09752251757667416,0.04682638551297226,0.1461780188811373,0.08445633456911847,0.06907836672693281,0.16351822894579132,0.11875114445310572
121,121.0,121.0,0.0958121923934835,0.0927519944054553,0.09586433310206917,0.0898164057655563,0.07066097680754763,0.1485612386832878,0.07467011460935508,0.0725172679729693,0.15603488111454375,0.1033105951457316
122,122.0,122.0,0.08781877045348663,0.10395001476952323,0.0904076193327789,0.09319468325693514,0.06386472918902719,0.13627639338821623,0.10644946564670572,0.06531826703636831,0.14418143886293727,0.10853861806402099
123,123.0,123.0,0.0827447585345254,0.10226118119220291,0.09970619936897604,0.08435075346638075,0.06517297789614575,0.1596578859410917,0.08118789270728914,0.06477046123604904,0.14925698852048402,0.11089090113685482
124,124.0,124.0,0.08029394869241062,0.08130878674551827,0.10099906869323114,0.08746641583460063,0.06409122854359019,0.1572950220844029,0.10068058279146316,0.05742218904220313,0.15763799533651593,0.11280476223606359
125,125.0,125.0,0.10712970010233876,0.08249438116421404,0.09153393916608114,0.08780080806600672,0.06426390285713315,0.14142021312136,0.0954110710446171,0.06693757788482377,0.1527914629935015,0.11021694359992343
126,126.0,126.0,0.08730030876655637,0.09781417968509747,0.08287588730826226,0.10674283864506147,0.053430856931381096,0.14472648539043287,0.08761925997197337,0.06240863733298905,0.1488449088179918,0.12823663715025382
127,127.0,127.0,0.0864999246559167,0.0933182755828052,0.08826619460933821,0.08704824457012753,0.07715032245222975,0.141046301373953,0.10363947217593443,0.0727426402719912,0.14892327968023047,0.10136534462747301
128,128.0,128.0,0.09343361353068855,0.11444538052784807,0.09665619032005571,0.0848843973356802,0.05727478114835397,0.16156484587394665,0.09189472846316031,0.06173659504216393,0.1519453197931105,0.08616414796499171
129,129.0,129.0,0.09325466330467096,0.09993699354404856,0.10174461692453392,0.08239720157749107,0.058914199344434315,0.15372867216633615,0.09598442282901402,0.05476131582971733,0.13632309680981522,0.12295481766993799
130,130.0,130.0,0.09012009152861668,0.09381931308175914,0.1092475002974416,0.09337187084471495,0.05426232487301522,0.1509514902719887,0.07975596625607337,0.06827078575959528,0.15380794872925993,0.10639270835753467
131,131.0,131.0,0.06446744032910443,0.10060384519758965,0.089817923104161,0.09658912059979387,0.05259854933338494,0.1566411659198846,0.10691158627194897,0.07020995097366974,0.1439926429420682,0.1181677753283941
132,132.0,132.0,0.07834365889231854,0.09375712060465381,0.10628312672475633,0.09333038840511027,0.06739015720986732,0.1325549988741749,0.09813632784368433,0.06533683055033992,0.1547551102660293,0.11011228062906486
133,133.0,133.0,0.09279115654944284,0.1004960434819753,0.10030595488459675,0.08308558111577453,0.05844642059992483,0.1474441768652443,0.09536681327809333,0.06306192437976947,0.1482257349220329,0.11077619392314539
134,134.0,134.0,0.09002240705318446,0.09141554814985609,0.09537972120500758,0.10326949974262718,0.06271866583993568,0.14328422201615423,0.08651929351675748,0.056665859403227915,0.15848881541159443,0.11223596766165458
135,135.0,135.0,0.07899107456633835,0.11294469536819549,0.09073960119987931,0.09050221938589595,0.04995460457794696,0.15002648129779655,0.09024813986409881,0.06436822850825605,0.14347219736295558,0.1287527578686364
136,136.0,136.0,0.07679561634306245,0.08416756766267904,0.10284477392723397,0.09604832457738317,0.05959735982704885,0.14934758867209344,0.10208681454652106,0.0644424821398693,0.1531324424066079,0.11153702989750047
137,137.0,137.0,0.0864987266857796,0.09005304108735121,0.09675462279273381,0.08597408606136456,0.06483225672266633,0.16159444524758904,0.08799464385662352,0.0676391230340985,0.1519483517042059,0.10671070280758707
138,138.0,138.0,0.0877121433902601,0.07730336911653346,0.07711474355745898,0.09230755155390202,0.05346856968617166,0.1551218507149003,0.10335252876223866,0.08428529952738839,0.15933371596148158,0.11000022772966438
139,139.0,139.0,0.08756526813990423,0.10071608533289045,0.1104412721148347,0.07667374747228621,0.052736019874945306,0.1458572952789543,0.10037875438558241,0.06770002285021795,0.1428686701237719,0.11506286442661211
140,140.0,140.0,0.07879596135188917,0.08484654752181922,0.10161628227829841,0.10985322478624955,0.04693150611531895,0.15825173919791294,0.08747107975927074,0.0696508126125677,0.1514402462585979,0.11114260011807502
141,141.0,141.0,0.0765640872737266,0.10319929558979277,0.09521068870054902,0.07934570752874417,0.06222363540285507,0.1508545091243809,0.0904131716744677,0.06525293915701279,0.17361080563954742,0.1033251599089231
142,142.0,142.0,0.10172628137493374,0.08719604224392927,0.09475905527910536,0.09475129685257548,0.05620531005379653,0.14883282182473773,0.09318146469730546,0.06619205907978704,0.14843458677411495,0.10872108181971404
143,143.0,143.0,0.08478069665808864,0.1129377164976828,0.09582309025207678,0.08674087528718093,0.06228846462881321,0.13828808501301387,0.08410319765323965,0.07360940852867728,0.14792498220839997,0.1135034832728264
144,144.0,144.0,0.08564416546139977,0.07724507150757438,0.09644970615421539,0.08953431048035114,0.06034262209662965,0.16596923704555283,0.09517890748188673,0.06665598317705776,0.1422184262170165,0.12076157037831539
145,145.0,145.0,0.09762815399684818,0.09319949631363751,0.09072708052009766,0.0985417831584873,0.0744621622189352,0.1322380492582888,0.08800721727787929,0.05859916449842909,0.15167887640819086,0.11491801634920566
146,146.0,146.0,0.07672451464431876,0.10990763896124141,0.11971081034608051,0.081951754926164,0.05348114104797895,0.13059088427062404,0.08748460190985459,0.08221218705861906,0.14065800659085975,0.11727846024425843
147,147.0,147.0,0.08247098825560947,0.09503827494465657,0.09057563545321483,0.10008106686304959,0.05690078736829214,0.16000954269217355,0.09016719735724578,0.05753628915085109,0.15209643119437266,0.11512378672053392
148,148.0,148.0,0.0933574994015258,0.07920827386312483,0.09822320868154166,0.07592801357811449,0.05460854554953957,0.16078607285611948,0.11062174565514764,0.06091212711140308,0.14586799775664708,0.12048651554683602
149,149.0,149.0,0.08372889362626015,0.07959544238532967,0.08578120126530848,0.10023261405067256,0.05641931432145877,0.15494171127227613,0.09239699275478926,0.07639118455671853,0.14511372208218432,0.12539892368500172
150,150.0,150.0,0.09235607000393578,0.09971936990366546,0.09260125750438511,0.08040046606927427,0.04918740051809761,0.1542038733748319,0.10635758780899544,0.08401620555313208,0.136141012404158,0.10501675685952394
151,151.0,151.0,0.0950434207985135,0.084215186042259,0.08790275364580011,0.08821195472819429,0.05696562391251174,0.15682635501231765,0.09368859544230652,0.0674358898677522,0.1491138600057772,0.12059636054456731
152,152.0,152.0,0.09852854489466881,0.11825652181720439,0.08865686766007755,0.07284901555875728,0.05477556263166379,0.15109671446955336,0.07456900548295062,0.07361650271238881,0.1507807004462607,0.11687056432647427
153,153.0,153.0,0.08044460857053662,0.09426602243428171,0.08722851361595615,0.09560552712120969,0.06007482044574042,0.15810466749519678,0.07318202248548401,0.08031394317570177,0.15244084969651694,0.11833902495937536
154,154.0,154.0,0.08057931029469437,0.10558454966217275,0.1100251738649611,0.09967521985040359,0.06264379315379989,0.14618477113899325,0.0905880704345041,0.06861007019500913,0.13865683952740404,0.09745220187805728
155,155.0,155.0,0.09333440596019038,0.09727119734573557,0.09398126236672665,0.0888853096876952,0.05352403578522276,0.15148211434259776,0.08679507245095472,0.06544251795568953,0.14794284760364365,0.12134123650154334
156,156.0,156.0,0.10202141854101505,0.08988469008824403,0.1069217330475291,0.09013822095153802,0.06126188790415728,0.13448291415575075,0.0925429029823748,0.06699186339853515,0.14307074343438503,0.11268362549647035
157,157.0,157.0,0.09782200061866234,0.09639813803904126,0.09459564868059403,0.10205245218262035,0.05556014575196143,0.1393857644218325,0.09295115818965483,0.0698965965722558,0.13617710791044663,0.11516098763293041
158,158.0,158.0,0.10011345846062551,0.10082908837757742,0.08629223097376322,0.09240535335027453,0.061520263589351684,0.14545167938104253,0.09162398207881295,0.0559471851353142,0.15763152688032908,0.10818523177290836
159,159.0,159.0,0.08660691777814827,0.08755081767038544,0.10224544595243598,0.07220086669193115,0.06820348120988402,0.1409897521207607,0.09140889668349265,0.06889027019272895,0.1566260616669452,0.1252774900332872
160,160.0,160.0,0.08669042282997907,0.10831418927329461,0.09366738417429038,0.07551687481553057,0.06581335374482633,0.15127621405843872,0.07771188405827988,0.06295402367549957,0.15982016981101882,0.11823548355884164
161,161.0,161.0,0.09201959057300864,0.10987105970172598,0.09167194296726786,0.08769108837617245,0.05409803021740358,0.13811606025231826,0.09424424233445505,0.056629864286011265,0.157305128894269,0.11835299239736748
162,162.0,162.0,0.0879923139617718,0.09814599201382798,0.08754414315882036,0.09437916156142537,0.060410545225602,0.14020287538752418,0.11031322721419079,0.06296975674208743,0.14177867196902158,0.11626331276572803
163,163.0,163.0,0.0862226309989907,0.10942320432527146,0.07824638438155748,0.07171144640960413,0.05148196143577575,0.15906086924324608,0.09302474593401255,0.08340541370591506,0.14868314972476163,0.11874019384086484
164,164.0,164.0,0.0746375789286832,0.10251111491013291,0.08697138740878299,0.11245506756065604,0.05860574656028111,0.15065278614824612,0.08913557913390083,0.06874604852937413,0.1385188405903473,0.11776585022959489
165,165.0,165.0,0.08403410524717132,0.09776117000087681,0.09882437119333586,0.09682306690524148,0.07159161457830401,0.1374230776613985,0.10084294542775651,0.06013896062114767,0.14504899475294003,0.10751169361182737
166,166.0,166.0,0.09232948621244684,0.08753562669655338,0.08793787024644201,0.09618530628257782,0.04909054131903449,0.15647891842843076,0.0895293273022975,0.08403521440763892,0.14958384621500523,0.10729386288957257
167,167.0,167.0,0.08067983031785605,0.09263217460191867,0.09932927724896631,0.100567474669916,0.05751857609265336,0.13664221349994277,0.10553331104193961,0.07584253593781053,0.1544686116947271,0.09678599489426924
168,168.0,168.0,0.08205046310999503,0.08916367646926115,0.0982358886696679,0.08290389908489593,0.08470313376023875,0.1433446473922714,0.08324161087983337,0.070878886693171,0.15215281714767825,0.11332497679298678
169,169.0,169.0,0.09076774468048036,0.10136321141994045,0.10162371109241783,0.10206699340414649,0.056085240999250885,0.1489142992949944,0.08809026063209084,0.05496510370869632,0.15320787031467187,0.1029155644533101
170,170.0,170.0,0.09841856279472819,0.09722991579059495,0.10641602263416472,0.09619165488436557,0.0641109156967954,0.1451386234816114,0.07949557603010839,0.07043539115965428,0.14345451776808593,0.09910881975989076
171,171.0,171.0,0.07086587362117676,0.09055221376076393,0.08033760370904267,0.09690239738733278,0.05005443879573862,0.14398456538650004,0.09519158410039971,0.0650087634804794,0.16405013713092415,0.14305242262764156
172,172.0,172.0,0.12340206086744514,0.0849176292196839,0.08619742374709888,0.09513391318070728,0.05297137786963252,0.133513123191146,0.10254292489527597,0.06756308224195309,0.1379754178326406,0.11578304695441617
173,173.0,173.0,0.08025627796690504,0.11804540335832556,0.09252266486578485,0.08310931806941568,0.06410471765534594,0.15233890603780015,0.09322451105179196,0.06508540840920622,0.157125852088785,0.09418694049663914
174,174.0,174.0,0.07925494686427972,0.11208799900145912,0.09880978004263893,0.08016605872898133,0.05818364019474809,0.16003321159620312,0.08742425152544003,0.06924139388625272,0.1473889345760287,0.10740978358396776
175,175.0,175.0,0.09091336897324695,0.10931793253828259,0.0888519776512249,0.07938563063088924,0.057204136830816134,0.15796497674824264,0.09288520765216157,0.06354769870209453,0.13825234085472568,0.12167672941831535
176,176.0,176.0,0.09499082494446992,0.1122693120513942,0.09995961303744613,0.08884096342534005,0.05559022126020389,0.1288389216568932,0.08578666549115985,0.062433763116081176,0.15899826571087963,0.11229144930613148
177,177.0,177.0,0.08586553688952833,0.12096134651610638,0.09345925342053572,0.0950973632628375,0.05799631793046349,0.14501966329787228,0.06263426185540398,0.07267683535884048,0.16031876105879705,0.1059706604096143
178,178.0,178.0,0.0721750340126622,0.09558805907768586,0.09513313152376345,0.08806566659611118,0.07616152646672088,0.15284298734733684,0.06960534396505409,0.07350147126571542,0.16241941727164683,0.1145073624733028
179,179.0,179.0,0.08512676202986988,0.11639499352186611,0.0845415150083503,0.0843820727303519,0.06545775725612626,0.14670778491284378,0.09117875262936001,0.07323103011769119,0.135003827066898,0.11797550472664212
180,180.0,180.0,0.09775689256237179,0.08780961703090365,0.07150286927607144,0.08525304347825749,0.06454439780997148,0.14447365678725757,0.08939532775445536,0.07326410279348995,0.1611731376650684,0.12482695484215237
181,181.0,181.0,0.09680165015334896,0.10150538988126576,0.10131085732178205,0.07532011638696003,0.05911994830753163,0.1474263830701784,0.07818773333352567,0.07204102441220463,0.16244925870365767,0.10583763842954483
182,182.0,182.0,0.09188167167338361,0.09563974634114479,0.08126083823774519,0.0925496628345301,0.058613053179852895,0.1618432998625273,0.10782648488031787,0.0431646386949226,0.1523141378330918,0.1149064664624834
183,183.0,183.0,0.083084963427674,0.10900964984952591,0.0704116890800359,0.09476700429317983,0.04789534325097776,0.15609818703520534,0.1093771701792207,0.05419731886691832,0.16398101390877748,0.11117766010848437
184,184.0,184.0,0.08610746614704204,0.10001672699893235,0.09792917491868522,0.09336561111953745,0.06555419825283017,0.15357580442175475,0.08513574079643625,0.07857511891527649,0.12952275221589568,0.11021740621360916
185,185.0,185.0,0.08216312060989134,0.09429776362545893,0.0885475249687471,0.082406301254128,0.05831870045297479,0.15362387505373165,0.09776890610998742,0.09033891613064841,0.1420595003344161,0.11047539146001575
186,186.0,186.0,0.08229290101621958,0.097917722253346,0.1111691523456712,0.07202741842269353,0.07193028973277378,0.1568051459333167,0.09050270152061164,0.06936010555892044,0.14506516394097663,0.10292939927547
