,Unnamed: 0,Generation,Intertwine_two,Add_vertex,Delete_vertex,Invert_path_vertices,Insert_inside_vertex,Delete_inside_vertex,Replace_inside_vertex,Donate_between_routes,Trim_one_terminal_cb,Grow_one_terminal_cb
0,0.0,0.0,0.09999999999999999,0.09999999999999999,0.09999999999999999,0.09999999999999999,0.09999999999999999,0.09999999999999999,0.09999999999999999,0.09999999999999999,0.09999999999999999,0.09999999999999999
1,1.0,0.10900000000000001,0.10026246659372424,0.09922417322642366,0.0978522269413785,0.10137037420974945,0.09927785019375247,0.10104603940331527,0.10130976688199073,0.09895444930928748,0.10095068650295888,0.0997519667374192
2,2.0,0.31601,0.10067611219358405,0.09857016721051431,0.09641551958797649,0.1018981850368207,0.09813234768440762,0.10232396617329496,0.10208605611273387,0.09722176655018339,0.10246430556525518,0.10021157388522933
3,3.0,0.6191589000000001,0.10056846443377426,0.0975946502644278,0.09512584820497061,0.1022162829494496,0.09755558589912941,0.10315507132707319,0.10302688300585057,0.09586701560944628,0.10338863400022272,0.10150156430565548
4,4.0,1.015801321,0.0996368395092242,0.09732841443632535,0.09317458593971356,0.10304762160727496,0.09618071828384324,0.10441702017290956,0.1037455711542951,0.09525614447117545,0.1042835603123681,0.10292952411287042
5,5.0,1.50262148669,0.09994485303052518,0.09658799095130394,0.09152023697570202,0.10395663462564081,0.09488857685304117,0.10671815626260077,0.10358917560273101,0.09331802722195824,0.10570697377229851,0.10376937470419827
6,6.0,2.0757334209441005,0.09986611857938975,0.09552258464491316,0.08973092105695589,0.10368436740988247,0.0922483097291949,0.10956428585135823,0.1044554484935615,0.09163184506190858,0.10821580891414855,0.10508031025868689
7,7.0,2.7307768275633495,0.09863635153015421,0.09526041200115276,0.08750295935961434,0.10454848742849546,0.09059223366706837,0.11163723535839878,0.10407825097602923,0.09008892128816826,0.11080978930360329,0.1068453590873152
8,8.0,3.4630081252450404,0.09906022363258311,0.0950843299157546,0.0867214026459098,0.10409538877533259,0.08818555522164293,0.11359304059029182,0.103652536360591,0.08842492599998551,0.11400530874934786,0.10717728810856066
9,9.0,4.2673862119061114,0.0983807589837154,0.09395769186374564,0.08615601712950134,0.10411342937348662,0.08707121439687651,0.11632666431050569,0.10380705168660834,0.08695068958383163,0.11602211672767244,0.10721436594405623
10,10.0,5.138652627782014,0.09800099632079161,0.09272348755021585,0.08535107437304869,0.10485288726465,0.08454742607456915,0.11830176445543548,0.10363538074961554,0.08553629854726365,0.11885451127550377,0.10819617338890611
11,11.0,6.071405875792507,0.09674964227121297,0.09206842748995968,0.08552174241905011,0.10427458162765055,0.08237669492544868,0.12096621576002134,0.1033858503892854,0.08465790331566407,0.12131681992036625,0.10868212188134081
12,12.0,7.060169740244025,0.0965893024418041,0.09128171787878935,0.08549020800266921,0.10401573358180406,0.08103622193027156,0.1233964913273359,0.10267682137787117,0.08324080797238735,0.12426012739800203,0.10801256808906509
13,13.0,8.099455520847952,0.09575521007807669,0.09123042381460286,0.08597576432648513,0.10401767514553775,0.07867070317583755,0.12582424167796605,0.102658439178253,0.08133331523018068,0.12654475890765374,0.10798946846540636
14,14.0,9.183818168183006,0.09544417516084845,0.09070249574188903,0.08634262954447049,0.10516953876117849,0.075571618311906,0.12798405483806738,0.10228570912532295,0.07985529907428246,0.12936476067667577,0.1072797187653588
15,15.0,10.307906369102724,0.09566128490516236,0.09036668455014987,0.08572995061794682,0.10454698278593827,0.07308213271227923,0.1307100449578784,0.10176271504110211,0.07944243367817137,0.13096915647333357,0.10772861427803773
16,16.0,11.466506686239443,0.09396991763087197,0.08899986656264783,0.08508300605893498,0.10443475275823674,0.0708072571263181,0.1345520608909008,0.10083986894023714,0.07911137783400765,0.1331847343003247,0.10901715789751978
17,17.0,12.654581904800096,0.0930287087527087,0.08834187607005622,0.08650279637192346,0.10363064048725439,0.0690338019042741,0.1362849640960059,0.10043265621136747,0.07850713868471693,0.13524151518286656,0.10899590223882602
18,18.0,13.867303782456686,0.09156889129001763,0.08692834508725836,0.087366540115765,0.10312592212299199,0.0676364357937459,0.1396287953740062,0.10018272589353562,0.0777666582615275,0.13780481276849688,0.10799087329265472
19,19.0,15.100080434523047,0.09168228103636093,0.085504409857763,0.08645968433750639,0.10205871355464688,0.06577682354104838,0.14232948544977883,0.10025571182044829,0.07835405711252517,0.13943871930545387,0.108140113984468
20,20.0,16.348578617037543,0.09050911097712551,0.08495851724332201,0.08818160877910672,0.1010869593787851,0.06511835547680427,0.14338846413497267,0.09922890763035441,0.07766942332431492,0.14130903985267904,0.10854961320253509
21,21.0,17.608741195130214,0.08950945290796931,0.0850848284558126,0.08899507827009401,0.10185038401795599,0.0627089123565251,0.14571878662052196,0.09853953099161969,0.07726472574252155,0.14220208231696113,0.10812621832001842
22,22.0,18.876800103462312,0.0904710858693448,0.08456650109608926,0.08892510024947632,0.10056303290748053,0.061221170559750994,0.14750930277504987,0.09836263264355505,0.07704006929515249,0.1432829952680478,0.10805810933605262
23,23.0,20.14928511992658,0.09135287031570943,0.08414013901541702,0.08837469271381838,0.09963003514056323,0.05943426153219261,0.14835810470951996,0.09881190773165421,0.07717605686051833,0.1447295579215453,0.1079923740590612
24,24.0,21.423028783545156,0.09185162850085855,0.08494417055457062,0.08859464917053385,0.09771077863210759,0.058272848032707804,0.1485536694891722,0.0987725598571644,0.07678588110628291,0.14631534202075316,0.10819847263584859
25,25.0,22.695167792966423,0.09050396398543709,0.08548993973478355,0.0885151254542705,0.09860474949753882,0.057167064977265314,0.1491690363660366,0.09735217195335058,0.07716694822353848,0.14720592687729703,0.10882507293048174
26,26.0,23.963141223515898,0.09006978979129603,0.08535853492048309,0.08956954653441147,0.09932945296806824,0.05702937700122643,0.14939181734995197,0.0971401792886861,0.07630639027257846,0.1473316357614957,0.10847327611180224
27,27.0,25.224685898775267,0.0901246229707643,0.08564146407109419,0.08891926544224876,0.09887604233624704,0.05683111507974705,0.1505130276912671,0.09721705593662955,0.07603522410268167,0.1476078680374801,0.1082343143318399
28,28.0,26.477829247520948,0.09037796478673785,0.08654602326964375,0.08785736876177977,0.0992637398105348,0.057398079350124184,0.1496671745202552,0.09668103019671659,0.07681186281301534,0.14731332836861113,0.1080834281225811
29,29.0,27.720879968916847,0.09019219714879773,0.086270405722023,0.08776777134772076,0.09846184907861667,0.05764393216498069,0.14949041361126003,0.09653781034712376,0.0775815236100535,0.14747487008371932,0.10857922688570418
30,30.0,28.95241681848399,0.08890102857985915,0.0860087877838289,0.08809979440789865,0.09914037626044195,0.059825540719276545,0.14926433496071062,0.0968426734937663,0.07731654633134528,0.1474520183275134,0.1071488991353589
31,31.0,30.17127581490958,0.08907858918127143,0.08728757394216424,0.08807598296245621,0.09882051399335699,0.05892303506184739,0.149247772755272,0.09726637839477675,0.07727603122110994,0.14683658640747746,0.10718753608026726
32,32.0,31.376536153543515,0.090457093270091,0.08772047458319056,0.08595940366483387,0.09797581756986234,0.05914497067277649,0.1487401399823685,0.09740808365484305,0.07867367772772288,0.14715469621756577,0.10676564265674526
33,33.0,32.567505096778625,0.09022093482490577,0.08799045625045443,0.08568096866653586,0.098898860675638,0.058833470396808224,0.1487264414712775,0.09728072295900422,0.07887431532726222,0.14766229754648336,0.10583153188163016
34,34.0,33.74370209472243,0.08907229135818508,0.08794817142842552,0.08542357762285012,0.09880950886298392,0.06078897807427895,0.1476491128685931,0.09692218524713422,0.07790565188325681,0.14794185304470633,0.10753866960958569
35,35.0,34.90484237192463,0.08939650666161109,0.08793556344253392,0.08438245098357743,0.0981479016662614,0.062494819130668816,0.14728658127813818,0.09695663546193115,0.07814044693056744,0.1478993557590616,0.10735973868564876
36,36.0,36.05082019768737,0.09014894435798804,0.08838505157366194,0.08353033656073439,0.09846124405200586,0.062976030352033,0.14683918715547037,0.09539708152279604,0.07860475765139083,0.1480859832185019,0.10757138355541743
37,37.0,37.18169203889697,0.09012839018253684,0.08769878180674179,0.08290178342655563,0.09769317323917223,0.0649848504563121,0.14667289732393915,0.0965323888385119,0.07879527629021334,0.14775681661664877,0.10683564181936808
38,38.0,38.29765977559663,0.09055203280558884,0.0874518360149928,0.0837831431489567,0.0973756615094868,0.0660451887389402,0.14559614643470745,0.09636154234018054,0.07820988387500785,0.14697830902462572,0.10764625610751288
39,39.0,39.399054140870355,0.09080266628759251,0.0868919333834353,0.08468706451354689,0.09803066754621498,0.06642060448384804,0.14508505038922836,0.09619224188898537,0.07797119391870802,0.14586875567614593,0.10804982191229437
40,40.0,40.48631852820801,0.08933422891928826,0.08732221390929794,0.08525999343598009,0.09847083547773082,0.0661497883175555,0.14399129594231647,0.09843610546887138,0.07731158546762461,0.14666974753162565,0.10705420552970905
41,41.0,41.55999329152982,0.08897506998626951,0.08773471321528906,0.08523120429540251,0.09715072227407655,0.06670649769332589,0.1441739165613921,0.09897755859356246,0.0763665411765524,0.1468818847034914,0.10780189150063783
42,42.0,42.62070064560415,0.08969760131244654,0.08798412849881282,0.0831808010168332,0.09643217897879747,0.06826405257278899,0.1434989024748717,0.09857351002748009,0.07649281864796897,0.14605343687004033,0.10982256959995966
43,43.0,43.669130257815,0.08923457541020996,0.08822113377682077,0.08429175417033191,0.0958794734169493,0.06776060941508781,0.14352317619134347,0.09873238946571039,0.07639032445894456,0.14512051139583249,0.11084605229876912
44,44.0,44.70602560622662,0.08862105355108131,0.08808268488384385,0.08515275299850983,0.09492007317388175,0.06786993689538523,0.14335382427616922,0.09928431066793866,0.0751019340575093,0.14625669502063768,0.11135673447504293
45,45.0,45.73217116373481,0.0888684379312335,0.08763755284639552,0.08581581478226556,0.09386373186001686,0.06926550721400818,0.14316908894628738,0.09790820744488213,0.0739498409718451,0.1475350612071309,0.11198675679593466
46,46.0,46.748380453854836,0.08984671338238717,0.08842594417348039,0.08728002620364293,0.09332777213357106,0.06981145289859914,0.14262411254999272,0.09702783983434718,0.07345574790700157,0.14688772888928053,0.11131266202769707
47,47.0,47.755485010424316,0.08990445219387139,0.08816336461015746,0.08866838320983261,0.09336991695198124,0.07024321897309378,0.14248226340649664,0.09679835438316625,0.07455991160311184,0.1455934094125757,0.11021672525571288
48,48.0,48.7543242612326,0.09001643889554221,0.08753595193337549,0.08938839631634107,0.09308572797225154,0.07089702403371215,0.14450898521373465,0.09580638781310441,0.07447349905179998,0.14431604062175218,0.10997154814838611
49,49.0,49.745736344347726,0.08958733154855275,0.08818452518823175,0.09087699666461237,0.09291228949319641,0.07078613645391801,0.14402294857711914,0.09558162342926219,0.07480708680292074,0.1435127556045654,0.10972830623762107
50,50.0,50.730549855707864,0.09026206940608852,0.08849521155526821,0.0917228564195602,0.09277063504378803,0.06992448542451304,0.14383517028150603,0.09527455074261376,0.07499185385528996,0.1430431742517647,0.10967999301960737
51,51.0,51.70957651737491,0.09016759893147275,0.08873339707449068,0.09269880800830983,0.09423894260298461,0.0692910581471056,0.1432699236864295,0.09522776858508358,0.07485569522181006,0.1415744537616373,0.10994235398067591
52,52.0,52.68360474770151,0.08911084400681936,0.08878602812780965,0.09285853840603672,0.09426090203310278,0.06978752008550503,0.14258485147587627,0.09526986415499342,0.07598568551436498,0.1411210862931103,0.11023467990238135
53,53.0,53.65339410751842,0.0900601627652323,0.09015739946860163,0.09419858340829877,0.0932334131565874,0.06976574419508025,0.14116125746181024,0.0951030111421437,0.07640594015957025,0.14049156907362084,0.10942291916905447
54,54.0,54.61967059027847,0.0900299174874533,0.08967565737668837,0.09555661551434219,0.09368845508531878,0.06910862975616879,0.1414798027958676,0.09517118791770188,0.0750815852996206,0.1400527979897341,0.11015535077710423
55,55.0,55.58312271885972,0.08955726700468328,0.09029582113474588,0.09616282049792213,0.09261822108009247,0.06961643779604734,0.14190507254661205,0.09400962676289813,0.07474357160256113,0.14110549288898142,0.10998566868545605
56,56.0,56.544398407394254,0.08978257025605388,0.09129238971455404,0.09595734538411674,0.09426402084129054,0.06984267806620154,0.1417156210634878,0.0936512665238522,0.07450906797920247,0.13951440120978031,0.10947063896146034
57,57.0,57.504102543001395,0.08991597770510586,0.09329966717976165,0.0950670622665205,0.09360689316683442,0.06913681570722,0.1420879778722633,0.09314266067821475,0.07583633019696143,0.13860203370022853,0.10930458152688943
58,58.0,58.462795239617805,0.08873641108562025,0.09464989835226126,0.0948340761662291,0.09357802643547367,0.0684779730953453,0.14095918836547172,0.09381286619270196,0.07647190023924866,0.13894411279731297,0.10953554727033497
59,59.0,59.42099071417639,0.08791353564368155,0.09446195567605652,0.09568566322342903,0.093453690655798,0.06804390063138951,0.14179058006466616,0.09331328905175777,0.07598550895336548,0.13943507862360124,0.10991679747625459
60,60.0,60.379156734137354,0.08899090499484841,0.09544677316512785,0.09565688338141207,0.09211689873621479,0.06775288372491735,0.1410420733603978,0.09216409895144195,0.07608705789174591,0.14052493034304395,0.11021749545084975
61,61.0,61.337714584760846,0.08883739906769186,0.09601860496410025,0.09386599841876336,0.09120157309240866,0.06901225297981688,0.14164718267970697,0.09269676056131787,0.07566822790055605,0.14050633653888184,0.11054566379675612
62,62.0,62.29703950447439,0.08691247043314508,0.09530328029577032,0.09392092904018727,0.09153164193480504,0.07023085039265271,0.14130363772216473,0.09358934287954924,0.07569568340553003,0.14046020510028426,0.11105195879591113
63,63.0,63.257461537171835,0.08731518802504463,0.09555750060403972,0.09546464272702596,0.09000700792293767,0.06842382273879276,0.14151079614722967,0.09432879864775427,0.07527314300774854,0.1410015333058481,0.11111756687357847
64,64.0,64.21926675122782,0.08772060515660533,0.0959000980514288,0.09593093675008986,0.08843557544288731,0.06957191338585361,0.14115009585918206,0.09376491427068004,0.0744506321272233,0.1411917309094461,0.11188349804660339
65,65.0,65.18269877636592,0.0888091643830014,0.09531710180838426,0.09607786486665562,0.08747197095161649,0.06863658371557711,0.14120257766251748,0.09397788547213352,0.07421807572135262,0.14211499112475706,0.11217378429400421
66,66.0,66.14796061122655,0.08877528363280018,0.09491322722317674,0.09521755931212739,0.08825812758229687,0.06890561546109988,0.1412988088099987,0.09399802644670939,0.07437314720503345,0.14225842834049882,0.11200177598625836
67,67.0,67.11521665648885,0.08901404526944345,0.0961425188711937,0.09443676572629975,0.08803506343671397,0.06867986848520448,0.14166882442873752,0.09449800967812318,0.07467096648554174,0.14165862979792054,0.11119530782082145
68,68.0,68.08459493066005,0.08840240504072053,0.09697349588542917,0.09307902777738614,0.08768136191746621,0.0692552584045704,0.14219707634861456,0.09429315199898325,0.07463114681272322,0.14224994319209303,0.11123713262201332
69,69.0,69.05618942810752,0.08862634019333426,0.09704000933327611,0.0934292400788607,0.08797240601421416,0.06860637333172338,0.14336853578071476,0.09346566291405026,0.07362884838788793,0.14281323037826926,0.11104935358766897
70,70.0,70.03006258152917,0.08832645982118165,0.09732632292217697,0.0948113746815615,0.08911783952789018,0.06819680056742959,0.14290461057118112,0.09340462071691212,0.07202303132415042,0.14332260008764366,0.11056633977987257
71,71.0,71.00624779379335,0.08800154344913673,0.09679258744303282,0.09396579554412121,0.08838184832643743,0.06913894351956472,0.14393210630478745,0.09413354640257696,0.07166006761092794,0.1429693606866313,0.11102420071278321
72,72.0,71.98475200689319,0.0886532482091863,0.09442288433834482,0.09363224372663266,0.09039783722271298,0.06980554779290324,0.1439630057686185,0.09328304087946578,0.07127305721135352,0.14378265397548345,0.11078648087529855
73,73.0,72.96555827861411,0.0886405506457883,0.09328359716229312,0.0919671971754489,0.0904558621898195,0.07010953158559692,0.1435643260359572,0.09350101710917566,0.07254745889836531,0.1437167157808081,0.11221374341674685
74,74.0,73.94862834037681,0.08894720991231198,0.0929098679735748,0.09212792341412737,0.0913163583733741,0.06928029288404013,0.14351999661815543,0.09452506335855576,0.0730593741620523,0.14253449409725064,0.11177941920655735
75,75.0,74.93390511255946,0.08889941286510018,0.0921806588954615,0.09336670715007821,0.09108988182188847,0.06773419034670088,0.14456257533541128,0.09471479877531569,0.07251772032865107,0.1436287705984892,0.1113052838829034
76,76.0,75.92131515639825,0.09012018861113992,0.09241243112748292,0.09268797418807011,0.09075040315511686,0.06757245108373032,0.14456900428805147,0.09411105950378745,0.07202419176889696,0.14438225716761702,0.11137003910610685
77,77.0,76.91077104428919,0.09048338845133902,0.09303380529411173,0.09346797272866705,0.0921278735770902,0.06683695110976141,0.14483654064308962,0.0934229385582971,0.07172191559413774,0.14405091458978098,0.11001769945372501
78,78.0,77.90217363294813,0.09157882013248846,0.09095308471537816,0.09452037652250452,0.09262093453498131,0.06616351390076662,0.14538192779905026,0.09237381128302508,0.0727218191029977,0.14447156829058963,0.10921414371821814
79,79.0,78.89541422641172,0.09171421682773291,0.09078993844961991,0.0938150594497674,0.0931942829023128,0.06494940629915502,0.14516463002893182,0.09168436786238138,0.07276998118381652,0.1452243128533419,0.11069380414294021
80,80.0,79.89037661826481,0.09197174452335735,0.0893614255276681,0.09365057317442507,0.09284488156615284,0.06490043837979795,0.1465544512270934,0.08991567863560548,0.07462642380374569,0.14579790504802148,0.11037647811413247
81,81.0,80.88693900474995,0.09211281770894408,0.08843089731988538,0.09260594905080377,0.09278542382199707,0.0638076148930173,0.1464759851428066,0.09092733488168488,0.07618990046080337,0.1457078401664885,0.11095623655356887
82,82.0,81.88497576253909,0.09271268666282259,0.08898531828412719,0.09231404760799926,0.09210027365387113,0.06256721153452956,0.14627834200470413,0.09068539033159057,0.07753642335099892,0.14643551326668822,0.11038479330266826
83,83.0,82.88435908692391,0.09152744606706514,0.08860418803555208,0.0929771174172844,0.09219849281897503,0.06259218963733773,0.14535759519248082,0.09017625259565404,0.07810957840619065,0.14777313848791096,0.11068400134154893
84,84.0,83.88496048800103,0.09114964371268806,0.08847011359829719,0.09138917822052782,0.0923736991969048,0.06092868720438077,0.14649766440746786,0.0912904044182617,0.07889852194073921,0.147792375904439,0.11120971139629333
85,85.0,84.88665214409042,0.09097698982824917,0.08868021420097329,0.09217594501947837,0.09235606814709836,0.05980894454243502,0.14693389381148297,0.09249168654104283,0.07790273377020657,0.14767377848736526,0.1109997456516679
86,86.0,85.88930811312994,0.0903332534569142,0.08774945326328364,0.09300746395800571,0.0926692771931363,0.06030985185985324,0.14668036518200359,0.09387031735175977,0.07708473420593662,0.14740287546124525,0.11089240806786142
87,87.0,86.89280540413424,0.08983699967400414,0.08899999248672036,0.09339568805462135,0.09315064591632283,0.05903855664037125,0.14744013852531376,0.0940257172912076,0.0754322225942733,0.14759174625220725,0.11108829256495792
88,88.0,87.89702491199675,0.09010827309478416,0.08871403895689561,0.09325858771117986,0.09396083621692523,0.05939514135583041,0.1484872990263654,0.09301625866770355,0.0749000067576985,0.1487565865151495,0.10940297169746754
89,89.0,88.90185221995306,0.08980369542579514,0.08824476726607192,0.09260928001926186,0.09382566596342032,0.05850772689908172,0.14955532011743156,0.09409636240248646,0.0747019814834346,0.14880826608393788,0.10984693433907833
90,90.0,89.90717827491419,0.08971355797921551,0.08920297241919176,0.09259935046502574,0.09250245965219225,0.059641604301957384,0.15007549152792118,0.09383459232706533,0.07269945817215621,0.14869457084387644,0.11103594231139798
91,91.0,90.91289994163006,0.08987547533349721,0.09163850113921079,0.09004809325532079,0.09237453308053448,0.05904628766331225,0.15107446399184765,0.09344515897977851,0.07174175763746615,0.15094020625139956,0.10981552266763236
92,92.0,91.91892044225806,0.08896401768194015,0.09189125208939766,0.09017292816041339,0.09240863828801722,0.05887839536559826,0.15237444738047437,0.0920934040126853,0.07157411055359961,0.15231626696723816,0.10932653950063562
93,93.0,92.92514968840067,0.08886062921696271,0.0925584890992572,0.0906563112273912,0.09232657694003318,0.05885110137219901,0.1527078611218753,0.09138710284619064,0.07126753336022781,0.1541181991302874,0.10726619568557529
94,94.0,93.93150451304501,0.08810935129170169,0.09195163791863763,0.09038082875517907,0.09378777573915116,0.06113983289469184,0.15236957664832532,0.09050267808119115,0.07145130549530143,0.15359824407091113,0.10670876910490934
95,95.0,94.93790881009448,0.08793434844544798,0.09239364518367574,0.09034593590130396,0.09558701251829062,0.0608702187564271,0.15095814881756678,0.09099463149856538,0.07024300516461347,0.15391238955895117,0.10676066415515756
96,96.0,95.94429358933806,0.08737237899148992,0.09250490375131576,0.09050596458227002,0.0959040501889742,0.06212631105351765,0.14980729346255037,0.09013223198382,0.07012275899272771,0.15385371099873021,0.10767039599460392
97,97.0,96.9505969547639,0.08666331410517317,0.09186881970157564,0.0904779560239689,0.09583560222231569,0.06374322755849157,0.14936756691303674,0.09046265589116209,0.07024277362417602,0.1534323653870595,0.10790571857304045
98,98.0,97.9567640140995,0.08716677222406666,0.09195266889790508,0.0895963689898198,0.09598211863588144,0.06505830265209445,0.14831129562996864,0.0901101903851399,0.06972461134265948,0.15310002104719683,0.10899765019526747
99,99.0,98.96274672736057,0.08711478536219133,0.0913131635388603,0.08995056096304418,0.09536920761017052,0.06543760690654477,0.14914085324538554,0.0923816388612793,0.06838003701575963,0.1526220218964445,0.10829012460031964
100,100.0,99.96850370202192,0.08716248552481254,0.09055231080339507,0.08891046300698752,0.09666526646184055,0.06484347376349943,0.14904365534311592,0.09455034542095492,0.06767915085587983,0.1530042987005711,0.10758855011894282
101,101.0,100.97399994219691,0.08775896902197115,0.08993354620101203,0.08900989627186956,0.09620059890908889,0.0640248727538942,0.1476790480884831,0.09540827751373744,0.06834348023218453,0.15331155090751583,0.10832976010024305
102,102.0,101.97920655893245,0.08958571416699468,0.08962580047412834,0.08840964319957037,0.0971537079963495,0.06392118964413074,0.14698625976800522,0.09477727729764497,0.06720994719433498,0.15362433860917046,0.10870612164967053
103,103.0,102.98410044840509,0.08901725719520678,0.08816837754787385,0.08950381929218394,0.09708081455377661,0.06411872266215408,0.1481900726221977,0.09452492351731737,0.06650994760328184,0.15353826514702518,0.10934779985898244
104,104.0,103.98866394444643,0.08853619033975246,0.08885346539952182,0.09027945092161611,0.0960168770682262,0.06347891051814279,0.14985621629506482,0.09402114949959263,0.06728820536956971,0.15182899078723408,0.10984054380127917
105,105.0,104.99288445143917,0.08749381304119377,0.08798598637413176,0.09090523231272395,0.09583234942490569,0.06286122301651809,0.15181792389879442,0.09367920092937877,0.06801697517523912,0.15193946394406524,0.10946783188304904
106,106.0,105.99675406321822,0.08673755447339379,0.08739059092412828,0.09177548213647574,0.09449476898559693,0.06296963819664349,0.1532313773449105,0.0941598713405553,0.06633501721857506,0.15259810087756717,0.11030759850215363
107,107.0,107.0002691731872,0.0871162480808694,0.08528855029220246,0.09162984531598574,0.09475946445039805,0.06347907561313201,0.15312886520954117,0.09342426997080275,0.06720958307096316,0.15206118228494991,0.11190291571115527
108,108.0,108.0034300804274,0.08610010971378407,0.08609470616844075,0.09165650060692473,0.09517931846176288,0.06441131900501745,0.1541547474455685,0.09230310048722098,0.06651643473246238,0.15148213497152294,0.11210162840729519
109,109.0,109.00624059613932,0.08657963911087718,0.08613744387492751,0.09046010299178635,0.095780682162397,0.06407757437029336,0.15436276363344678,0.09141639872427418,0.06668505408901532,0.1518490884730006,0.1126512525699816
110,110.0,110.00870765431864,0.08541862987206972,0.08553640446546328,0.09108981801769486,0.09498398728462198,0.06342488001718918,0.15546332119759476,0.09130852755776875,0.06666171822499463,0.1523217204904488,0.11379099287215391
111,111.0,111.01084093013685,0.08506809512777236,0.08503572897571902,0.09245150311953648,0.0939017397371917,0.061800145886455646,0.15470236501307588,0.09208763806617062,0.06881041904042828,0.1516032449559153,0.11453912007773454
112,112.0,112.01265246907188,0.08669476920975054,0.08707004050857185,0.09118395045375267,0.09406277701584204,0.060506794280444295,0.15390408475763334,0.09147384938281884,0.06848835506657734,0.15150580136577996,0.11510957795882894
113,113.0,113.01415632942268,0.08627383929490028,0.08718301791201809,0.09243432620369794,0.09366868678411523,0.05926449124502156,0.15441626772665348,0.09158797297163454,0.0696171381209147,0.15057691123910025,0.11497734850194377
114,114.0,114.01536824044418,0.08697981435481142,0.08852843907327053,0.09165795259707257,0.09255583949506722,0.05879120865351902,0.15353004150365324,0.09212935630032143,0.07030463747654067,0.15016374171148902,0.1153589688342547
115,115.0,115.01630527795908,0.0888444896544933,0.09006702014544757,0.09252648704812055,0.0922181137115695,0.057937280072398234,0.15264737010990587,0.09114075616650125,0.07079472398246703,0.14863447986657768,0.11518927924251882
116,116.0,116.0169855589429,0.08873060752299582,0.09012718608396905,0.09233176123515469,0.09133199231178621,0.05928145671342054,0.1518741243661294,0.09358922318623136,0.06934221909984525,0.1492523166178325,0.11413911286263498
117,117.0,117.01742795623892,0.08847447062995009,0.09084437373140229,0.09167479761012023,0.09205296795569412,0.06011518557048806,0.151281666916065,0.09358766458684117,0.06847378374537062,0.14942102474654767,0.11407406450752053
118,118.0,118.01765183424293,0.0898187128537198,0.09098789914205697,0.09266781300532084,0.09095102866151403,0.05947021410348764,0.1526878868439488,0.09489010877583577,0.06741213379498466,0.14882851171223316,0.11228569110689811
119,119.0,119.01767680610413,0.08847325254174766,0.09138587384924439,0.09323169040000495,0.09031969117165925,0.061352345637057985,0.15216123264542777,0.09500570779325244,0.06804081095898647,0.14876786981325876,0.11126152518936012
120,120.0,120.01752251271817,0.08709156985556271,0.09176612203867959,0.09472481451912333,0.09075236212886,0.059915108218035563,0.15156575303734576,0.09414997928773777,0.06806988661624679,0.15007476019502888,0.11188964410337943
121,121.0,121.01720842354362,0.08789345742473122,0.09210120013412282,0.09510718614052642,0.09043885636370702,0.06087416644332229,0.1512142660287249,0.09230426518961203,0.06845002963349159,0.15063706144300484,0.11097951119875665
122,122.0,122.01675365905109,0.0878950013926707,0.09352908039914185,0.0949132206924756,0.09048830441822571,0.061155562187870556,0.14964291291800463,0.09364471609923136,0.06811293063874657,0.15001176653773796,0.11060650471589485
123,123.0,123.0161768344173,0.08738822746252828,0.09474949862363076,0.0956234537792526,0.0896754784766242,0.061566734898687414,0.150433179178346,0.09245301211942185,0.06772681432742035,0.14989825281200442,0.11048534832208387
124,124.0,124.01549592390272,0.0866406152519086,0.09382775240668803,0.09643277794567466,0.08920225411590238,0.06186467783314161,0.15100037949461184,0.09321709635188936,0.06661491889692846,0.15062777849753223,0.11057174920572257
125,125.0,125.01472814520056,0.08858787273774871,0.09299155059669745,0.09626031965021509,0.08879243303158034,0.06217235941260917,0.1499863253088447,0.09345245585082126,0.06647382459520057,0.15086980054859564,0.1104130582676868
126,126.0,126.01388986291661,0.08854288361507248,0.09366597712546944,0.09519203819367823,0.09030788086394023,0.06138688367600001,0.14931864264668673,0.09290468444453355,0.06589858320135822,0.15071218160145083,0.11207024463181002
127,127.0,127.0129965102319,0.08840992924511475,0.09386485261673129,0.09464645410404851,0.08986667408338195,0.06297234179769044,0.14830378827653404,0.09396085715454511,0.06637936678211663,0.15055948890740978,0.11103624703242726
128,128.0,128.01206252771334,0.08896453915373799,0.09615108528303198,0.09493062539950639,0.08922501896230223,0.06255347978336964,0.14936969892437016,0.093833724372492,0.06577510021671522,0.15070790740178902,0.10848882050268512
129,129.0,129.0111013181695,0.08949048379266666,0.09694079893677082,0.09571247787507181,0.08835540356124535,0.062287658803738814,0.14966735260615738,0.09410888434613626,0.06449334733486378,0.14929163587231403,0.10965195687103486
130,130.0,130.01012521639834,0.08968801858521708,0.0970697351249796,0.09722675483086607,0.088610634607179,0.061549497880336104,0.1496981359259329,0.0927524380499508,0.06459339641913381,0.149635791297106,0.10917559727929835
131,131.0,131.0091454726403,0.08730485550799523,0.09783172668551834,0.0967668538264186,0.08920967988640253,0.06064590376523743,0.15030734202198104,0.09411723366703267,0.0649141310097889,0.14900572217502114,0.1098965514546038
132,132.0,132.0081722485317,0.08631925644302806,0.09786056781583034,0.09792997397725284,0.08949674182536928,0.061231356304978335,0.14851034904283245,0.09459596740562906,0.06476843829868431,0.14946477590521137,0.10982257298118366
133,133.0,133.00721462434865,0.08679721107476293,0.09851938264873153,0.09846259645646273,0.08876895330730318,0.060925477938799794,0.14822241965901906,0.09478527991818725,0.06441550816414969,0.14927789007159112,0.1098252807609924
134,134.0,134.0062806163404,0.08701043474844529,0.09822403307346311,0.09846776690407405,0.09007550178181367,0.06105262135985144,0.14753950530074025,0.0940767245369551,0.06344472870757058,0.15012547931879344,0.10998320426829272
135,135.0,135.00537720296956,0.08612932252912218,0.10004304832831941,0.09797752784942075,0.09010660735280812,0.059907304757399894,0.14755655547360771,0.09373633501837833,0.06327347541410876,0.14947028119733966,0.11179954207949483
136,136.0,136.00451035890612,0.08504539322977597,0.0989314657575372,0.09867445070647282,0.09069316900618273,0.05974126833830916,0.14752871062486,0.09457896996835866,0.06313772034409591,0.14978664655405266,0.11188220547035455
137,137.0,137.00368509565993,0.08495767012576896,0.09837194980535184,0.09873436939657729,0.09026720219833002,0.06011388616557665,0.14874652469900895,0.09400320280013283,0.06334825248846501,0.14998642426337971,0.1114705180574084
138,138.0,138.0029055077818,0.08501547156821081,0.09651022916412323,0.0968045108281054,0.09047424745914669,0.05936005721203881,0.1493237771179599,0.094960715249856,0.06524525777318253,0.1509243799019099,0.11138135372546638
139,139.0,139.00217482361367,0.08507977205959337,0.0969838836081773,0.0982033932995118,0.08911554082666764,0.058549441297473456,0.1489748294873906,0.09560901715206506,0.06548443527925331,0.1502061287534118,0.11179355823645531
140,140.0,140.0014954596262,0.08428556678383928,0.09586054084396595,0.09870226732827717,0.09108623465528903,0.057181301384176715,0.14986904566968973,0.09494941877375722,0.06591692988666163,0.15034348574694972,0.11180520892739322
141,141.0,141.00086907744122,0.08329269857352485,0.09657466722975164,0.09853983474589129,0.08999677727660735,0.05737669043827469,0.15001794416168798,0.094575206034655,0.06590372651503269,0.15269513058434528,0.11102732444022897
142,142.0,142.0002966427003,0.0848480504813646,0.09568330192597281,0.09831519061914619,0.09045031387069832,0.05699917750170281,0.149958149724149,0.0944736235281449,0.06597924759926387,0.15250314580201008,0.11078979894754717
143,143.0,142.99977848500652,0.08472209103567155,0.0973703679811268,0.09818385304897234,0.09010046447865952,0.05725979264181072,0.14883860777019745,0.09346145097957083,0.06679107963476617,0.15223871345105794,0.11103357897816646
144,144.0,143.99931435823203,0.08469566047110308,0.0954751364169201,0.09810470319806078,0.09003134765322685,0.05735004873455951,0.1504936299873231,0.09356448413545557,0.06689456922049541,0.15138693142363607,0.11200348875921931
145,145.0,144.99890350055264,0.08587975686643927,0.09518256984064692,0.09744465579839015,0.09086491940642229,0.05887315896388469,0.14876478727459208,0.0929561891888154,0.0661796421193545,0.15147468756600763,0.11237963297544688
146,146.0,145.9985446936357,0.08497256365829299,0.09657024345149134,0.09968181036850193,0.0900328997985865,0.05830174608573222,0.14687884495420464,0.09230697248092742,0.0678217052081374,0.15045362300083076,0.11297959099329455
147,147.0,146.99823632047406,0.08464825664195066,0.09646558725469036,0.09898202199209177,0.09101620189649863,0.05808123307704879,0.1479604831011751,0.09194271328285664,0.06697587701577004,0.15058055118842317,0.11334707454949464
148,148.0,147.99797642142389,0.0854232587579708,0.09477412344631596,0.09903290591076654,0.08957651710579155,0.057641742730270874,0.14913210104575308,0.09364257967512701,0.06645781956004543,0.15008710201354325,0.11423184975441532
149,149.0,148.99776274806447,0.08523724249129791,0.09313486437516758,0.09782640372365826,0.09057477580613421,0.05739694632355536,0.14971866075559262,0.0935197757979347,0.06748401666993839,0.14952537914613612,0.1155819349105847
150,150.0,149.99759281456036,0.08591746200040949,0.09353652974306922,0.09730210535458497,0.08958657222074817,0.05644366185715431,0.1502250112098706,0.09479408398345081,0.06925916784735121,0.14807844102702752,0.11485696475633356
151,151.0,150.99746394626104,0.08686278071810294,0.09240943858964602,0.09631337795805851,0.08938647679827799,0.05629096556344421,0.15098276340411898,0.09478969715200185,0.06934634271554259,0.14795410719376303,0.11566404990704375
152,152.0,151.99737332532905,0.08814388637444669,0.09471724760358581,0.09541482845948986,0.0876583517804103,0.05594127935451101,0.15115021224074807,0.09286277899066524,0.07002375685290058,0.1480204883159935,0.11606717002724887
153,153.0,152.99731803323698,0.08759233441794506,0.09463061851997555,0.0943957188983718,0.08823059705835809,0.05614483038065032,0.15200117651856665,0.09080691661063849,0.07133910108144895,0.14827384837232918,0.11658485814171583
154,154.0,153.99729509002177,0.08703793057103529,0.09568085910665847,0.09568651426544189,0.089226336382059,0.05662422347563255,0.15163608964274933,0.09052099632226487,0.07144227201001575,0.14716514141936188,0.11497963680478089
155,155.0,154.99730149022784,0.08774989047260268,0.09589377730858452,0.0953872255419767,0.08914799959180242,0.05620389722104051,0.15178273258983666,0.08988503900549608,0.07119004860364385,0.14701082295039572,0.11574856671462082
156,156.0,155.99733423551103,0.08931520079697168,0.09536052716494031,0.0963978531271858,0.08920016070791471,0.05657259018944295,0.15021178504105812,0.08985656080800074,0.07106050677571416,0.14639404615793278,0.11563076923083869
157,157.0,156.99739036391077,0.09043110047410895,0.0954771884599733,0.09618004831638391,0.09044790943796024,0.05638113262293271,0.14913092856491253,0.0898986193727267,0.0711937060141777,0.1451163504650868,0.11574301627173708
158,158.0,157.99746697583146,0.09173846496917434,0.09603448815514729,0.09513783821962123,0.09072221883921325,0.05679662272810281,0.14866729759087172,0.08983427985806515,0.0699056730906815,0.1460224738129673,0.11514064273615536
159,159.0,158.99756125680176,0.09164818888139999,0.09525617681230897,0.09570671455794352,0.08896547997961722,0.05788612199342162,0.1477716808061085,0.0897727627775452,0.06990116708572273,0.14685352883539496,0.11623817827053723
160,160.0,159.997670497107,0.09152487819655361,0.09655498017262616,0.09542628439856395,0.08754836968546388,0.058730832177867405,0.14792645260673595,0.08836405748161544,0.06929337806060697,0.14801861449830273,0.11661215272166386
161,161.0,160.99779210841066,0.09189847080082911,0.09799718233076146,0.09495676413217734,0.08737007682809073,0.05839036420679592,0.14678322946120564,0.08864293680866281,0.06805055845520287,0.14893370305637188,0.11697671391990219
162,162.0,161.99792363749984,0.09183318768127516,0.09824139627800307,0.09408856769993554,0.087881630690461,0.05867227119375751,0.14587633845166006,0.09055683974623696,0.06745180311425489,0.14828835132448837,0.11710961381992738
163,163.0,162.9980627773051,0.09155905584020346,0.09958795601902312,0.09231197078778047,0.08614023296012176,0.05805051184335876,0.14688920129799987,0.0907480681367154,0.0689116685400628,0.14833288574781256,0.11746844882692176
164,164.0,163.9982073753568,0.09010046772779606,0.1002070033274898,0.09144487800550125,0.08850304925241645,0.05813762143637459,0.1470816862296582,0.09055402378610782,0.06890454835729433,0.14736003845513237,0.11770668342222912
165,165.0,164.99835543984977,0.08957276217048708,0.10031219253001063,0.09180505797393804,0.08930590403302263,0.05951928812313019,0.1459676628186518,0.09153593605342447,0.06803584640370086,0.14704907932933162,0.11689627056430266
166,166.0,165.99850514349492,0.08987197869620339,0.0993587982565557,0.09111076298303576,0.090039868902024,0.058633404079835014,0.14678517997387672,0.09138136537520689,0.06956467116629034,0.14720270041655353,0.1160512701504186
167,167.0,166.99865482534062,0.08900088305505142,0.09889216648538277,0.0915933092641102,0.09120010849666461,0.05858348329062324,0.1456342123052759,0.09282412975804617,0.07026605103805152,0.14785324740101,0.11415240890578418
168,168.0,167.99880299074837,0.08827074972985659,0.09806274815922673,0.09199562173899592,0.09057164023507167,0.06124636127511149,0.1451786648047147,0.09202053949922984,0.07045669284717022,0.14827331387525305,0.11392366783536981
169,169.0,168.99894830970783,0.08842315502803118,0.09844723444385457,0.09275888787797477,0.09184565082006131,0.06101572990990339,0.14530729707035747,0.09169438395532692,0.0690411141153896,0.14879567405149544,0.11267087272760537
170,170.0,169.99908961367427,0.08934884750433757,0.09840910230684594,0.09401370678937486,0.09250693992041474,0.061561424261864034,0.14508156855034404,0.09050533427238369,0.06917336189781591,0.14833458491808676,0.11106512957853248
171,171.0,170.99922589110733,0.08751739896856209,0.09769522131539256,0.09265922507557063,0.09321002151066907,0.060672396402872246,0.1447635776221335,0.09089469278234116,0.06876234242670048,0.14993036596280276,0.11389475793295555
172,172.0,171.99935628188598,0.09095619875751712,0.09641783989343022,0.09190295732328717,0.09370287028000204,0.06005778566109769,0.14342245144485227,0.0920232184339711,0.06861032098938175,0.14890029468490001,0.11400606253156062
173,173.0,172.99948007076793,0.09006099889862193,0.09846597192079083,0.09179778512233876,0.0929582850902796,0.06054710589415729,0.14399892288742752,0.09221224720070269,0.0682152619250459,0.1497790251918794,0.11196439586875605
174,174.0,173.99959668005403,0.08905713870603656,0.09990934462410409,0.09233909045660507,0.09189534281527735,0.06043096247546302,0.14537057757308924,0.09181246977663682,0.06824400877968989,0.14966965916585429,0.11127140562724364
175,175.0,174.99970566161096,0.08922148482518888,0.10105315995454191,0.09189519191416369,0.09074335911710314,0.060206009839437837,0.1465448696456199,0.09195488352513773,0.06771048528151931,0.1486347631244031,0.11203579277288445
