,Unnamed: 0,Total_iterations,Intertwine_two,Add_vertex,Delete_vertex,Invert_path_vertices,Insert_inside_vertex,Delete_inside_vertex
0,0.0,0.0,0.16666666666666669,0.16666666666666669,0.16666666666666669,0.16666666666666669,0.16666666666666669,0.16666666666666669
1,1.0,1.0,0.16666666666666669,0.16666666666666669,0.16666666666666669,0.16666666666666669,0.16666666666666669,0.16666666666666669
2,2.0,2.0,0.16666666666666669,0.16666666666666669,0.16666666666666669,0.16666666666666669,0.16666666666666669,0.16666666666666669
3,3.0,3.0,0.16666666666666669,0.16666666666666669,0.16666666666666669,0.16666666666666669,0.16666666666666669,0.16666666666666669
4,4.0,4.0,0.16666666666666669,0.16666666666666669,0.16666666666666669,0.16666666666666669,0.16666666666666669,0.16666666666666669
5,5.0,5.0,0.16666666666666669,0.16666666666666669,0.16666666666666669,0.16666666666666669,0.16666666666666669,0.16666666666666669
6,6.0,6.0,0.16666666666666669,0.16666666666666669,0.16666666666666669,0.16666666666666669,0.16666666666666669,0.16666666666666669
7,7.0,7.0,0.16666666666666669,0.16666666666666669,0.16666666666666669,0.16666666666666669,0.16666666666666669,0.16666666666666669
8,8.0,8.0,0.16666666666666669,0.16666666666666669,0.16666666666666669,0.16666666666666669,0.16666666666666669,0.16666666666666669
9,9.0,9.0,0.16666666666666669,0.16666666666666669,0.16666666666666669,0.16666666666666669,0.16666666666666669,0.16666666666666669
10,10.0,10.0,0.16666666666666669,0.16666666666666669,0.16666666666666669,0.16666666666666669,0.16666666666666669,0.16666666666666669
11,11.0,11.0,0.16666666666666669,0.16666666666666669,0.16666666666666669,0.16666666666666669,0.16666666666666669,0.16666666666666669
12,12.0,12.0,0.16666666666666669,0.16666666666666669,0.16666666666666669,0.16666666666666669,0.16666666666666669,0.16666666666666669
13,13.0,13.0,0.16666666666666669,0.16666666666666669,0.16666666666666669,0.16666666666666669,0.16666666666666669,0.16666666666666669
14,14.0,14.0,0.16666666666666669,0.16666666666666669,0.16666666666666669,0.16666666666666669,0.16666666666666669,0.16666666666666669
15,15.0,15.0,0.16666666666666669,0.16666666666666669,0.16666666666666669,0.16666666666666669,0.16666666666666669,0.16666666666666669
16,16.0,16.0,0.16666666666666669,0.16666666666666669,0.16666666666666669,0.16666666666666669,0.16666666666666669,0.16666666666666669
17,17.0,17.0,0.16666666666666669,0.16666666666666669,0.16666666666666669,0.16666666666666669,0.16666666666666669,0.16666666666666669
18,18.0,18.0,0.16666666666666669,0.16666666666666669,0.16666666666666669,0.16666666666666669,0.16666666666666669,0.16666666666666669
19,19.0,19.0,0.16666666666666669,0.16666666666666669,0.16666666666666669,0.16666666666666669,0.16666666666666669,0.16666666666666669
20,20.0,20.0,0.16666666666666669,0.16666666666666669,0.16666666666666669,0.16666666666666669,0.16666666666666669,0.16666666666666669
21,21.0,21.0,0.16666666666666669,0.16666666666666669,0.16666666666666669,0.16666666666666669,0.16666666666666669,0.16666666666666669
22,22.0,22.0,0.16666666666666669,0.16666666666666669,0.16666666666666669,0.16666666666666669,0.16666666666666669,0.16666666666666669
23,23.0,23.0,0.16666666666666669,0.16666666666666669,0.16666666666666669,0.16666666666666669,0.16666666666666669,0.16666666666666669
24,24.0,24.0,0.16666666666666669,0.16666666666666669,0.16666666666666669,0.16666666666666669,0.16666666666666669,0.16666666666666669
25,25.0,25.0,0.16666666666666669,0.16666666666666669,0.16666666666666669,0.16666666666666669,0.16666666666666669,0.16666666666666669
26,26.0,26.0,0.16666666666666669,0.16666666666666669,0.16666666666666669,0.16666666666666669,0.16666666666666669,0.16666666666666669
27,27.0,27.0,0.16666666666666669,0.16666666666666669,0.16666666666666669,0.16666666666666669,0.16666666666666669,0.16666666666666669
28,28.0,28.0,0.16666666666666669,0.16666666666666669,0.16666666666666669,0.16666666666666669,0.16666666666666669,0.16666666666666669
29,29.0,29.0,0.16666666666666669,0.16666666666666669,0.16666666666666669,0.16666666666666669,0.16666666666666669,0.16666666666666669
30,30.0,30.0,0.16666666666666669,0.16666666666666669,0.16666666666666669,0.16666666666666669,0.16666666666666669,0.16666666666666669
31,31.0,31.0,0.16666666666666669,0.16666666666666669,0.16666666666666669,0.16666666666666669,0.16666666666666669,0.16666666666666669
32,32.0,32.0,0.16666666666666669,0.16666666666666669,0.16666666666666669,0.16666666666666669,0.16666666666666669,0.16666666666666669
33,33.0,33.0,0.16666666666666669,0.16666666666666669,0.16666666666666669,0.16666666666666669,0.16666666666666669,0.16666666666666669
34,34.0,34.0,0.16666666666666669,0.16666666666666669,0.16666666666666669,0.16666666666666669,0.16666666666666669,0.16666666666666669
35,35.0,35.0,0.16666666666666669,0.16666666666666669,0.16666666666666669,0.16666666666666669,0.16666666666666669,0.16666666666666669
36,36.0,36.0,0.16666666666666669,0.16666666666666669,0.16666666666666669,0.16666666666666669,0.16666666666666669,0.16666666666666669
37,37.0,37.0,0.16666666666666669,0.16666666666666669,0.16666666666666669,0.16666666666666669,0.16666666666666669,0.16666666666666669
38,38.0,38.0,0.16666666666666669,0.16666666666666669,0.16666666666666669,0.16666666666666669,0.16666666666666669,0.16666666666666669
39,39.0,39.0,0.16666666666666669,0.16666666666666669,0.16666666666666669,0.16666666666666669,0.16666666666666669,0.16666666666666669
40,40.0,40.0,0.16666666666666669,0.16666666666666669,0.16666666666666669,0.16666666666666669,0.16666666666666669,0.16666666666666669
41,41.0,41.0,0.16666666666666669,0.16666666666666669,0.16666666666666669,0.16666666666666669,0.16666666666666669,0.16666666666666669
42,42.0,42.0,0.16666666666666669,0.16666666666666669,0.16666666666666669,0.16666666666666669,0.16666666666666669,0.16666666666666669
43,43.0,43.0,0.16666666666666669,0.16666666666666669,0.16666666666666669,0.16666666666666669,0.16666666666666669,0.16666666666666669
44,44.0,44.0,0.16666666666666669,0.16666666666666669,0.16666666666666669,0.16666666666666669,0.16666666666666669,0.16666666666666669
45,45.0,45.0,0.16666666666666669,0.16666666666666669,0.16666666666666669,0.16666666666666669,0.16666666666666669,0.16666666666666669
46,46.0,46.0,0.16666666666666669,0.16666666666666669,0.16666666666666669,0.16666666666666669,0.16666666666666669,0.16666666666666669
47,47.0,47.0,0.16666666666666669,0.16666666666666669,0.16666666666666669,0.16666666666666669,0.16666666666666669,0.16666666666666669
48,48.0,48.0,0.16666666666666669,0.16666666666666669,0.16666666666666669,0.16666666666666669,0.16666666666666669,0.16666666666666669
49,49.0,49.0,0.16666666666666669,0.16666666666666669,0.16666666666666669,0.16666666666666669,0.16666666666666669,0.16666666666666669
50,50.0,50.0,0.16666666666666669,0.16666666666666669,0.16666666666666669,0.16666666666666669,0.16666666666666669,0.16666666666666669
51,51.0,51.0,0.16666666666666669,0.16666666666666669,0.16666666666666669,0.16666666666666669,0.16666666666666669,0.16666666666666669
52,52.0,52.0,0.16666666666666669,0.16666666666666669,0.16666666666666669,0.16666666666666669,0.16666666666666669,0.16666666666666669
53,53.0,53.0,0.16666666666666669,0.16666666666666669,0.16666666666666669,0.16666666666666669,0.16666666666666669,0.16666666666666669
54,54.0,54.0,0.16666666666666669,0.16666666666666669,0.16666666666666669,0.16666666666666669,0.16666666666666669,0.16666666666666669
55,55.0,55.0,0.16666666666666669,0.16666666666666669,0.16666666666666669,0.16666666666666669,0.16666666666666669,0.16666666666666669
56,56.0,56.0,0.16666666666666669,0.16666666666666669,0.16666666666666669,0.16666666666666669,0.16666666666666669,0.16666666666666669
57,57.0,57.0,0.16666666666666669,0.16666666666666669,0.16666666666666669,0.16666666666666669,0.16666666666666669,0.16666666666666669
58,58.0,58.0,0.16666666666666669,0.16666666666666669,0.16666666666666669,0.16666666666666669,0.16666666666666669,0.16666666666666669
59,59.0,59.0,0.16666666666666669,0.16666666666666669,0.16666666666666669,0.16666666666666669,0.16666666666666669,0.16666666666666669
60,60.0,60.0,0.16666666666666669,0.16666666666666669,0.16666666666666669,0.16666666666666669,0.16666666666666669,0.16666666666666669
61,61.0,61.0,0.16666666666666669,0.16666666666666669,0.16666666666666669,0.16666666666666669,0.16666666666666669,0.16666666666666669
62,62.0,62.0,0.16666666666666669,0.16666666666666669,0.16666666666666669,0.16666666666666669,0.16666666666666669,0.16666666666666669
63,63.0,63.0,0.16666666666666669,0.16666666666666669,0.16666666666666669,0.16666666666666669,0.16666666666666669,0.16666666666666669
64,64.0,64.0,0.16666666666666669,0.16666666666666669,0.16666666666666669,0.16666666666666669,0.16666666666666669,0.16666666666666669
65,65.0,65.0,0.16666666666666669,0.16666666666666669,0.16666666666666669,0.16666666666666669,0.16666666666666669,0.16666666666666669
66,66.0,66.0,0.16666666666666669,0.16666666666666669,0.16666666666666669,0.16666666666666669,0.16666666666666669,0.16666666666666669
67,67.0,67.0,0.16666666666666669,0.16666666666666669,0.16666666666666669,0.16666666666666669,0.16666666666666669,0.16666666666666669
68,68.0,68.0,0.16666666666666669,0.16666666666666669,0.16666666666666669,0.16666666666666669,0.16666666666666669,0.16666666666666669
69,69.0,69.0,0.16666666666666669,0.16666666666666669,0.16666666666666669,0.16666666666666669,0.16666666666666669,0.16666666666666669
70,70.0,70.0,0.16666666666666669,0.16666666666666669,0.16666666666666669,0.16666666666666669,0.16666666666666669,0.16666666666666669
71,71.0,71.0,0.16666666666666669,0.16666666666666669,0.16666666666666669,0.16666666666666669,0.16666666666666669,0.16666666666666669
72,72.0,72.0,0.16666666666666669,0.16666666666666669,0.16666666666666669,0.16666666666666669,0.16666666666666669,0.16666666666666669
73,73.0,73.0,0.16666666666666669,0.16666666666666669,0.16666666666666669,0.16666666666666669,0.16666666666666669,0.16666666666666669
74,74.0,74.0,0.16666666666666669,0.16666666666666669,0.16666666666666669,0.16666666666666669,0.16666666666666669,0.16666666666666669
75,75.0,75.0,0.16666666666666669,0.16666666666666669,0.16666666666666669,0.16666666666666669,0.16666666666666669,0.16666666666666669
76,76.0,76.0,0.16666666666666669,0.16666666666666669,0.16666666666666669,0.16666666666666669,0.16666666666666669,0.16666666666666669
77,77.0,77.0,0.16666666666666669,0.16666666666666669,0.16666666666666669,0.16666666666666669,0.16666666666666669,0.16666666666666669
78,78.0,78.0,0.16666666666666669,0.16666666666666669,0.16666666666666669,0.16666666666666669,0.16666666666666669,0.16666666666666669
79,79.0,79.0,0.16666666666666669,0.16666666666666669,0.16666666666666669,0.16666666666666669,0.16666666666666669,0.16666666666666669
80,80.0,80.0,0.16666666666666669,0.16666666666666669,0.16666666666666669,0.16666666666666669,0.16666666666666669,0.16666666666666669
81,81.0,81.0,0.16666666666666669,0.16666666666666669,0.16666666666666669,0.16666666666666669,0.16666666666666669,0.16666666666666669
82,82.0,82.0,0.16666666666666669,0.16666666666666669,0.16666666666666669,0.16666666666666669,0.16666666666666669,0.16666666666666669
83,83.0,83.0,0.16666666666666669,0.16666666666666669,0.16666666666666669,0.16666666666666669,0.16666666666666669,0.16666666666666669
84,84.0,84.0,0.16666666666666669,0.16666666666666669,0.16666666666666669,0.16666666666666669,0.16666666666666669,0.16666666666666669
85,85.0,85.0,0.16666666666666669,0.16666666666666669,0.16666666666666669,0.16666666666666669,0.16666666666666669,0.16666666666666669
86,86.0,86.0,0.16666666666666669,0.16666666666666669,0.16666666666666669,0.16666666666666669,0.16666666666666669,0.16666666666666669
87,87.0,87.0,0.16666666666666669,0.16666666666666669,0.16666666666666669,0.16666666666666669,0.16666666666666669,0.16666666666666669
88,88.0,88.0,0.16666666666666669,0.16666666666666669,0.16666666666666669,0.16666666666666669,0.16666666666666669,0.16666666666666669
89,89.0,89.0,0.16666666666666669,0.16666666666666669,0.16666666666666669,0.16666666666666669,0.16666666666666669,0.16666666666666669
90,90.0,90.0,0.16666666666666669,0.16666666666666669,0.16666666666666669,0.16666666666666669,0.16666666666666669,0.16666666666666669
91,91.0,91.0,0.16666666666666669,0.16666666666666669,0.16666666666666669,0.16666666666666669,0.16666666666666669,0.16666666666666669
92,92.0,92.0,0.16666666666666669,0.16666666666666669,0.16666666666666669,0.16666666666666669,0.16666666666666669,0.16666666666666669
93,93.0,93.0,0.16666666666666669,0.16666666666666669,0.16666666666666669,0.16666666666666669,0.16666666666666669,0.16666666666666669
94,94.0,94.0,0.16666666666666669,0.16666666666666669,0.16666666666666669,0.16666666666666669,0.16666666666666669,0.16666666666666669
95,95.0,95.0,0.16666666666666669,0.16666666666666669,0.16666666666666669,0.16666666666666669,0.16666666666666669,0.16666666666666669
96,96.0,96.0,0.16666666666666669,0.16666666666666669,0.16666666666666669,0.16666666666666669,0.16666666666666669,0.16666666666666669
97,97.0,97.0,0.16666666666666669,0.16666666666666669,0.16666666666666669,0.16666666666666669,0.16666666666666669,0.16666666666666669
98,98.0,98.0,0.16666666666666669,0.16666666666666669,0.16666666666666669,0.16666666666666669,0.16666666666666669,0.16666666666666669
99,99.0,99.0,0.16666666666666669,0.16666666666666669,0.16666666666666669,0.16666666666666669,0.16666666666666669,0.16666666666666669
100,100.0,100.0,0.16666666666666669,0.16666666666666669,0.16666666666666669,0.16666666666666669,0.16666666666666669,0.16666666666666669
101,101.0,101.0,0.16666666666666669,0.16666666666666669,0.16666666666666669,0.16666666666666669,0.16666666666666669,0.16666666666666669
102,102.0,102.0,0.16666666666666669,0.16666666666666669,0.16666666666666669,0.16666666666666669,0.16666666666666669,0.16666666666666669
103,103.0,103.0,0.16666666666666669,0.16666666666666669,0.16666666666666669,0.16666666666666669,0.16666666666666669,0.16666666666666669
104,104.0,104.0,0.16666666666666669,0.16666666666666669,0.16666666666666669,0.16666666666666669,0.16666666666666669,0.16666666666666669
105,105.0,105.0,0.16666666666666669,0.16666666666666669,0.16666666666666669,0.16666666666666669,0.16666666666666669,0.16666666666666669
106,106.0,106.0,0.16666666666666669,0.16666666666666669,0.16666666666666669,0.16666666666666669,0.16666666666666669,0.16666666666666669
107,107.0,107.0,0.16666666666666669,0.16666666666666669,0.16666666666666669,0.16666666666666669,0.16666666666666669,0.16666666666666669
108,108.0,108.0,0.16666666666666669,0.16666666666666669,0.16666666666666669,0.16666666666666669,0.16666666666666669,0.16666666666666669
109,109.0,109.0,0.16666666666666669,0.16666666666666669,0.16666666666666669,0.16666666666666669,0.16666666666666669,0.16666666666666669
110,110.0,110.0,0.16666666666666669,0.16666666666666669,0.16666666666666669,0.16666666666666669,0.16666666666666669,0.16666666666666669
111,111.0,111.0,0.16666666666666669,0.16666666666666669,0.16666666666666669,0.16666666666666669,0.16666666666666669,0.16666666666666669
112,112.0,112.0,0.16666666666666669,0.16666666666666669,0.16666666666666669,0.16666666666666669,0.16666666666666669,0.16666666666666669
113,113.0,113.0,0.16666666666666669,0.16666666666666669,0.16666666666666669,0.16666666666666669,0.16666666666666669,0.16666666666666669
114,114.0,114.0,0.16666666666666669,0.16666666666666669,0.16666666666666669,0.16666666666666669,0.16666666666666669,0.16666666666666669
115,115.0,115.0,0.16666666666666669,0.16666666666666669,0.16666666666666669,0.16666666666666669,0.16666666666666669,0.16666666666666669
116,116.0,116.0,0.16666666666666669,0.16666666666666669,0.16666666666666669,0.16666666666666669,0.16666666666666669,0.16666666666666669
117,117.0,117.0,0.16666666666666669,0.16666666666666669,0.16666666666666669,0.16666666666666669,0.16666666666666669,0.16666666666666669
118,118.0,118.0,0.16666666666666669,0.16666666666666669,0.16666666666666669,0.16666666666666669,0.16666666666666669,0.16666666666666669
119,119.0,119.0,0.16666666666666669,0.16666666666666669,0.16666666666666669,0.16666666666666669,0.16666666666666669,0.16666666666666669
120,120.0,120.0,0.16666666666666669,0.16666666666666669,0.16666666666666669,0.16666666666666669,0.16666666666666669,0.16666666666666669
121,121.0,121.0,0.16666666666666669,0.16666666666666669,0.16666666666666669,0.16666666666666669,0.16666666666666669,0.16666666666666669
122,122.0,122.0,0.16666666666666669,0.16666666666666669,0.16666666666666669,0.16666666666666669,0.16666666666666669,0.16666666666666669
123,123.0,123.0,0.16666666666666669,0.16666666666666669,0.16666666666666669,0.16666666666666669,0.16666666666666669,0.16666666666666669
124,124.0,124.0,0.16666666666666669,0.16666666666666669,0.16666666666666669,0.16666666666666669,0.16666666666666669,0.16666666666666669
125,125.0,125.0,0.16666666666666669,0.16666666666666669,0.16666666666666669,0.16666666666666669,0.16666666666666669,0.16666666666666669
126,126.0,126.0,0.16666666666666669,0.16666666666666669,0.16666666666666669,0.16666666666666669,0.16666666666666669,0.16666666666666669
127,127.0,127.0,0.16666666666666669,0.16666666666666669,0.16666666666666669,0.16666666666666669,0.16666666666666669,0.16666666666666669
128,128.0,128.0,0.16666666666666669,0.16666666666666669,0.16666666666666669,0.16666666666666669,0.16666666666666669,0.16666666666666669
129,129.0,129.0,0.16666666666666669,0.16666666666666669,0.16666666666666669,0.16666666666666669,0.16666666666666669,0.16666666666666669
130,130.0,130.0,0.16666666666666669,0.16666666666666669,0.16666666666666669,0.16666666666666669,0.16666666666666669,0.16666666666666669
131,131.0,131.0,0.16666666666666669,0.16666666666666669,0.16666666666666669,0.16666666666666669,0.16666666666666669,0.16666666666666669
132,132.0,132.0,0.16666666666666669,0.16666666666666669,0.16666666666666669,0.16666666666666669,0.16666666666666669,0.16666666666666669
133,133.0,133.0,0.16666666666666669,0.16666666666666669,0.16666666666666669,0.16666666666666669,0.16666666666666669,0.16666666666666669
134,134.0,134.0,0.16666666666666669,0.16666666666666669,0.16666666666666669,0.16666666666666669,0.16666666666666669,0.16666666666666669
135,135.0,135.0,0.16666666666666669,0.16666666666666669,0.16666666666666669,0.16666666666666669,0.16666666666666669,0.16666666666666669
136,136.0,136.0,0.16666666666666669,0.16666666666666669,0.16666666666666669,0.16666666666666669,0.16666666666666669,0.16666666666666669
137,137.0,137.0,0.16666666666666669,0.16666666666666669,0.16666666666666669,0.16666666666666669,0.16666666666666669,0.16666666666666669
138,138.0,138.0,0.16666666666666669,0.16666666666666669,0.16666666666666669,0.16666666666666669,0.16666666666666669,0.16666666666666669
139,139.0,139.0,0.16666666666666669,0.16666666666666669,0.16666666666666669,0.16666666666666669,0.16666666666666669,0.16666666666666669
140,140.0,140.0,0.16666666666666669,0.16666666666666669,0.16666666666666669,0.16666666666666669,0.16666666666666669,0.16666666666666669
141,141.0,141.0,0.16666666666666669,0.16666666666666669,0.16666666666666669,0.16666666666666669,0.16666666666666669,0.16666666666666669
142,142.0,142.0,0.16666666666666669,0.16666666666666669,0.16666666666666669,0.16666666666666669,0.16666666666666669,0.16666666666666669
143,143.0,143.0,0.16666666666666669,0.16666666666666669,0.16666666666666669,0.16666666666666669,0.16666666666666669,0.16666666666666669
144,144.0,144.0,0.16666666666666669,0.16666666666666669,0.16666666666666669,0.16666666666666669,0.16666666666666669,0.16666666666666669
145,145.0,145.0,0.16666666666666669,0.16666666666666669,0.16666666666666669,0.16666666666666669,0.16666666666666669,0.16666666666666669
146,146.0,146.0,0.16666666666666669,0.16666666666666669,0.16666666666666669,0.16666666666666669,0.16666666666666669,0.16666666666666669
147,147.0,147.0,0.16666666666666669,0.16666666666666669,0.16666666666666669,0.16666666666666669,0.16666666666666669,0.16666666666666669
148,148.0,148.0,0.16666666666666669,0.16666666666666669,0.16666666666666669,0.16666666666666669,0.16666666666666669,0.16666666666666669
149,149.0,149.0,0.16666666666666669,0.16666666666666669,0.16666666666666669,0.16666666666666669,0.16666666666666669,0.16666666666666669
150,150.0,150.0,0.16666666666666669,0.16666666666666669,0.16666666666666669,0.16666666666666669,0.16666666666666669,0.16666666666666669
151,151.0,151.0,0.16666666666666669,0.16666666666666669,0.16666666666666669,0.16666666666666669,0.16666666666666669,0.16666666666666669
152,152.0,152.0,0.16666666666666669,0.16666666666666669,0.16666666666666669,0.16666666666666669,0.16666666666666669,0.16666666666666669
153,153.0,153.0,0.16666666666666669,0.16666666666666669,0.16666666666666669,0.16666666666666669,0.16666666666666669,0.16666666666666669
154,154.0,154.0,0.16666666666666669,0.16666666666666669,0.16666666666666669,0.16666666666666669,0.16666666666666669,0.16666666666666669
155,155.0,155.0,0.16666666666666669,0.16666666666666669,0.16666666666666669,0.16666666666666669,0.16666666666666669,0.16666666666666669
156,156.0,156.0,0.16666666666666669,0.16666666666666669,0.16666666666666669,0.16666666666666669,0.16666666666666669,0.16666666666666669
157,157.0,157.0,0.16666666666666669,0.16666666666666669,0.16666666666666669,0.16666666666666669,0.16666666666666669,0.16666666666666669
158,158.0,158.0,0.16666666666666669,0.16666666666666669,0.16666666666666669,0.16666666666666669,0.16666666666666669,0.16666666666666669
159,159.0,159.0,0.16666666666666669,0.16666666666666669,0.16666666666666669,0.16666666666666669,0.16666666666666669,0.16666666666666669
160,160.0,160.0,0.16666666666666669,0.16666666666666669,0.16666666666666669,0.16666666666666669,0.16666666666666669,0.16666666666666669
161,161.0,161.0,0.16666666666666669,0.16666666666666669,0.16666666666666669,0.16666666666666669,0.16666666666666669,0.16666666666666669
162,162.0,162.0,0.16666666666666669,0.16666666666666669,0.16666666666666669,0.16666666666666669,0.16666666666666669,0.16666666666666669
163,163.0,163.0,0.16666666666666669,0.16666666666666669,0.16666666666666669,0.16666666666666669,0.16666666666666669,0.16666666666666669
164,164.0,164.0,0.16666666666666669,0.16666666666666669,0.16666666666666669,0.16666666666666669,0.16666666666666669,0.16666666666666669
165,165.0,165.0,0.16666666666666669,0.16666666666666669,0.16666666666666669,0.16666666666666669,0.16666666666666669,0.16666666666666669
166,166.0,166.0,0.16666666666666669,0.16666666666666669,0.16666666666666669,0.16666666666666669,0.16666666666666669,0.16666666666666669
167,167.0,167.0,0.16666666666666669,0.16666666666666669,0.16666666666666669,0.16666666666666669,0.16666666666666669,0.16666666666666669
168,168.0,168.0,0.16666666666666669,0.16666666666666669,0.16666666666666669,0.16666666666666669,0.16666666666666669,0.16666666666666669
169,169.0,169.0,0.16666666666666669,0.16666666666666669,0.16666666666666669,0.16666666666666669,0.16666666666666669,0.16666666666666669
170,170.0,170.0,0.16666666666666669,0.16666666666666669,0.16666666666666669,0.16666666666666669,0.16666666666666669,0.16666666666666669
171,171.0,171.0,0.16666666666666669,0.16666666666666669,0.16666666666666669,0.16666666666666669,0.16666666666666669,0.16666666666666669
172,172.0,172.0,0.16666666666666669,0.16666666666666669,0.16666666666666669,0.16666666666666669,0.16666666666666669,0.16666666666666669
173,173.0,173.0,0.16666666666666669,0.16666666666666669,0.16666666666666669,0.16666666666666669,0.16666666666666669,0.16666666666666669
174,174.0,174.0,0.16666666666666669,0.16666666666666669,0.16666666666666669,0.16666666666666669,0.16666666666666669,0.16666666666666669
175,175.0,175.0,0.16666666666666669,0.16666666666666669,0.16666666666666669,0.16666666666666669,0.16666666666666669,0.16666666666666669
176,176.0,176.0,0.16666666666666669,0.16666666666666669,0.16666666666666669,0.16666666666666669,0.16666666666666669,0.16666666666666669
177,177.0,177.0,0.16666666666666669,0.16666666666666669,0.16666666666666669,0.16666666666666669,0.16666666666666669,0.16666666666666669
178,178.0,178.0,0.16666666666666669,0.16666666666666669,0.16666666666666669,0.16666666666666669,0.16666666666666669,0.16666666666666669
179,179.0,179.0,0.16666666666666669,0.16666666666666669,0.16666666666666669,0.16666666666666669,0.16666666666666669,0.16666666666666669
180,180.0,180.0,0.16666666666666669,0.16666666666666669,0.16666666666666669,0.16666666666666669,0.16666666666666669,0.16666666666666669
181,181.0,181.0,0.16666666666666669,0.16666666666666669,0.16666666666666669,0.16666666666666669,0.16666666666666669,0.16666666666666669
182,182.0,182.0,0.16666666666666669,0.16666666666666669,0.16666666666666669,0.16666666666666669,0.16666666666666669,0.16666666666666669
183,183.0,183.0,0.16666666666666669,0.16666666666666669,0.16666666666666669,0.16666666666666669,0.16666666666666669,0.16666666666666669
184,184.0,184.0,0.16666666666666669,0.16666666666666669,0.16666666666666669,0.16666666666666669,0.16666666666666669,0.16666666666666669
185,185.0,185.0,0.16666666666666669,0.16666666666666669,0.16666666666666669,0.16666666666666669,0.16666666666666669,0.16666666666666669
186,186.0,186.0,0.16666666666666669,0.16666666666666669,0.16666666666666669,0.16666666666666669,0.16666666666666669,0.16666666666666669
187,187.0,187.0,0.16666666666666669,0.16666666666666669,0.16666666666666669,0.16666666666666669,0.16666666666666669,0.16666666666666669
188,188.0,188.0,0.16666666666666669,0.16666666666666669,0.16666666666666669,0.16666666666666669,0.16666666666666669,0.16666666666666669
189,189.0,189.0,0.16666666666666669,0.16666666666666669,0.16666666666666669,0.16666666666666669,0.16666666666666669,0.16666666666666669
190,190.0,190.0,0.16666666666666669,0.16666666666666669,0.16666666666666669,0.16666666666666669,0.16666666666666669,0.16666666666666669
191,191.0,191.0,0.16666666666666669,0.16666666666666669,0.16666666666666669,0.16666666666666669,0.16666666666666669,0.16666666666666669
192,192.0,192.0,0.16666666666666669,0.16666666666666669,0.16666666666666669,0.16666666666666669,0.16666666666666669,0.16666666666666669
193,193.0,193.0,0.16666666666666669,0.16666666666666669,0.16666666666666669,0.16666666666666669,0.16666666666666669,0.16666666666666669
194,194.0,194.0,0.16666666666666669,0.16666666666666669,0.16666666666666669,0.16666666666666669,0.16666666666666669,0.16666666666666669
195,195.0,195.0,0.16666666666666669,0.16666666666666669,0.16666666666666669,0.16666666666666669,0.16666666666666669,0.16666666666666669
196,196.0,196.0,0.16666666666666669,0.16666666666666669,0.16666666666666669,0.16666666666666669,0.16666666666666669,0.16666666666666669
197,197.0,197.0,0.16666666666666669,0.16666666666666669,0.16666666666666669,0.16666666666666669,0.16666666666666669,0.16666666666666669
198,198.0,198.0,0.16666666666666669,0.16666666666666669,0.16666666666666669,0.16666666666666669,0.16666666666666669,0.16666666666666669
199,199.0,199.0,0.16666666666666669,0.16666666666666669,0.16666666666666669,0.16666666666666669,0.16666666666666669,0.16666666666666669
200,200.0,200.0,0.16428571428571428,0.16428571428571428,0.16428571428571428,0.16428571428571428,0.17857142857142858,0.16428571428571428
201,201.0,201.0,0.16428571428571428,0.16428571428571428,0.16428571428571428,0.16428571428571428,0.17857142857142858,0.16428571428571428
202,202.0,202.0,0.1595238095238095,0.1738095238095238,0.1738095238095238,0.1595238095238095,0.1738095238095238,0.1595238095238095
203,203.0,203.0,0.1595238095238095,0.1738095238095238,0.1738095238095238,0.1595238095238095,0.1738095238095238,0.1595238095238095
204,204.0,204.0,0.15476190476190477,0.18333333333333332,0.16904761904761906,0.16904761904761906,0.16904761904761906,0.15476190476190477
205,205.0,205.0,0.1488095238095238,0.1755952380952381,0.1738095238095238,0.17738095238095236,0.1755952380952381,0.1488095238095238
206,206.0,206.0,0.14563492063492062,0.18353174603174602,0.17063492063492064,0.18353174603174605,0.17103174603174603,0.14563492063492062
207,207.0,207.0,0.14489087301587303,0.18204365079365079,0.16884920634920636,0.1796626984126984,0.18278769841269843,0.141765873015873
208,208.0,208.0,0.14489087301587303,0.18204365079365079,0.16884920634920636,0.1796626984126984,0.18278769841269843,0.141765873015873
209,209.0,209.0,0.1413988095238095,0.17744047619047618,0.17964285714285713,0.1750595238095238,0.1881845238095238,0.1382738095238095
210,210.0,210.0,0.1481917388167388,0.17423340548340546,0.17456709956709954,0.17185245310245312,0.18406836219336217,0.14708694083694082
211,211.0,211.0,0.1481917388167388,0.17527507215007215,0.17456709956709954,0.17081078643578645,0.18406836219336217,0.14708694083694082
212,212.0,212.0,0.14689806756817064,0.17395992323827375,0.18106194492792432,0.17059099834873032,0.18277469094479404,0.14471437497210693
213,213.0,213.0,0.14598897665907976,0.17305083232918284,0.1774255812915607,0.1787728165305485,0.18186560003570312,0.1428961931539251
214,214.0,214.0,0.14598897665907976,0.18733654661489713,0.1774255812915607,0.1644871022448342,0.18186560003570312,0.1428961931539251
215,215.0,215.0,0.14420326237336548,0.19626511804346855,0.18473077609675545,0.16270138795911993,0.18007988574998884,0.13201956977730173
216,216.0,216.0,0.14043342110352416,0.1897174989958495,0.19524664911262848,0.15893154668927864,0.1874211555912587,0.12824972850746047
217,217.0,217.0,0.1390166704640389,0.18939678742310323,0.1909698488645857,0.15744968481810587,0.197451773372826,0.12571523505734034
218,218.0,218.0,0.13883026695526696,0.18917748917748917,0.19080537518037516,0.16944895382395384,0.18616522366522367,0.12557269119769118
219,219.0,219.0,0.14061598124098124,0.17846320346320346,0.18350018037518037,0.18552038239538243,0.18454184704184703,0.12735840548340546
220,220.0,220.0,0.132390873015873,0.20357142857142857,0.18030753968253968,0.1890376984126984,0.16646825396825396,0.12822420634920634
221,221.0,221.0,0.132390873015873,0.19246031746031747,0.18030753968253968,0.1890376984126984,0.16646825396825396,0.13933531746031744
222,222.0,222.0,0.13047410192147033,0.18742063492063493,0.17592731829573932,0.1720989974937343,0.17670426065162906,0.15737468671679194
223,223.0,223.0,0.13132936507936505,0.1872123015873016,0.1757738095238095,0.1719345238095238,0.17651785714285712,0.15723214285714285
224,224.0,224.0,0.1320869408369408,0.18872745310245312,0.17880411255411255,0.16435876623376622,0.17803300865800864,0.1579897186147186
225,225.0,225.0,0.13021825396825396,0.18505952380952378,0.18459325396825393,0.16137896825396822,0.1742956349206349,0.1644543650793651
226,226.0,226.0,0.12957722832722832,0.1837774725274725,0.18972145909645907,0.16073794261294258,0.17301358363858363,0.1631723137973138
227,227.0,227.0,0.13458694083694084,0.19292027417027416,0.18357233044733046,0.17900883838383835,0.16942189754689757,0.1404897186147186
228,228.0,228.0,0.1324430394167236,0.20016233766233765,0.18558099794941899,0.17730823270296953,0.1662143996354523,0.1382909926330979
229,229.0,229.0,0.1378597060833903,0.1993290043290043,0.18308099794941898,0.1768915660363029,0.16538106630211896,0.13745765929976456
230,230.0,230.0,0.1367567649069197,0.19859371021135724,0.18675746853765426,0.17652391897747935,0.1646457721844719,0.1367223651821175
231,231.0,231.0,0.13577637275005694,0.19794011544011542,0.19002544239386343,0.17619712159185844,0.16399217741323008,0.13606877041087567
232,232.0,232.0,0.13716526163894582,0.1896067821067821,0.2057000455684666,0.16330029619503303,0.17788106630211895,0.12634654818865346
233,233.0,233.0,0.13716526163894582,0.17849567099567099,0.2057000455684666,0.17758601048074732,0.17470646312751575,0.12634654818865346
234,234.0,234.0,0.13625571827699484,0.18542238494366153,0.21724570937336893,0.1744206502717141,0.16021069356175738,0.12644484357250313
235,235.0,235.0,0.13532106782106781,0.18343510290878712,0.21530322017164122,0.18318124857598542,0.15825700615174298,0.12450235437077543
236,236.0,236.0,0.13373015873015873,0.19934419381787805,0.19414160401002506,0.19340852130325817,0.1564640768588137,0.12291144527986633
237,237.0,237.0,0.1326190476190476,0.2060108604845447,0.19191938178780282,0.19229741019214702,0.15535296574770258,0.12180033416875521
238,238.0,238.0,0.1326190476190476,0.2060108604845447,0.17763366750208853,0.19229741019214702,0.15535296574770258,0.1360860484544695
239,239.0,239.0,0.12577956989247313,0.2135215053763441,0.1842204301075269,0.19196236559139784,0.15612903225806452,0.12838709677419352
240,240.0,240.0,0.12300179211469534,0.20074372759856632,0.20116487455197132,0.19751792114695338,0.15335125448028675,0.12422043010752688
241,241.0,241.0,0.12300179211469534,0.20074372759856632,0.20116487455197132,0.19751792114695338,0.15335125448028675,0.12422043010752688
242,242.0,242.0,0.12300179211469534,0.20074372759856632,0.20116487455197132,0.19751792114695338,0.15335125448028675,0.12422043010752688
243,243.0,243.0,0.12411290322580644,0.21407706093189965,0.2022759856630824,0.17862903225806454,0.15557347670250896,0.125331541218638
244,244.0,244.0,0.12300179211469534,0.21185483870967742,0.2000537634408602,0.17751792114695342,0.15446236559139787,0.13310931899641576
245,245.0,245.0,0.12411290322580645,0.20518817204301074,0.19116487455197134,0.18974014336917563,0.15557347670250896,0.13422043010752688
246,246.0,246.0,0.12300179211469534,0.21185483870967742,0.1889426523297491,0.18862903225806454,0.15446236559139787,0.13310931899641576
247,247.0,247.0,0.12440319342493253,0.2368054771315641,0.17907381266076922,0.15215681661333832,0.17091112993286908,0.13664957023652674
248,248.0,248.0,0.12585870222966997,0.23187287622771496,0.15279907368617046,0.1480809244518922,0.18518025880929107,0.15620816459526138
249,249.0,249.0,0.12585870222966997,0.23187287622771496,0.15279907368617046,0.1480809244518922,0.18518025880929107,0.15620816459526138
250,250.0,250.0,0.12676779313876088,0.22641833077316953,0.1546172555043523,0.16149001536098312,0.17358934971838197,0.15711725550435227
251,251.0,251.0,0.14105350742447514,0.22641833077316953,0.1546172555043523,0.16149001536098312,0.1593036354326677,0.15711725550435227
252,252.0,252.0,0.15016908212560387,0.211256038647343,0.1654951690821256,0.15989130434782609,0.15769323671497584,0.15549516908212563
253,253.0,253.0,0.15081541218637992,0.18133512544802866,0.16946236559139785,0.17025985663082438,0.15946236559139787,0.16866487455197135
254,254.0,254.0,0.16313238770685584,0.1811406619385343,0.16929078014184398,0.17007683215130023,0.146790780141844,0.16956855791962178
255,255.0,255.0,0.16295321637426902,0.18095029239766083,0.17017543859649123,0.16989766081871344,0.14662280701754385,0.16940058479532166
256,256.0,256.0,0.16057226399331664,0.17856934001670843,0.16779448621553883,0.16751670843776106,0.14424185463659148,0.18130534670008355
257,257.0,257.0,0.1719611528822055,0.1802360066833751,0.17162489557226399,0.16890559732664995,0.14457811194653297,0.16269423558897245
258,258.0,258.0,0.17057226399331663,0.18856934001670844,0.16884711779448622,0.16751670843776106,0.1431892230576441,0.16130534670008356
259,259.0,259.0,0.17017543859649126,0.17706140350877192,0.1698391812865497,0.16850877192982455,0.1427923976608187,0.1716228070175439
260,260.0,260.0,0.18017543859649124,0.1670614035087719,0.1698391812865497,0.16850877192982455,0.1427923976608187,0.1716228070175439
261,261.0,261.0,0.18017543859649124,0.1670614035087719,0.1698391812865497,0.16850877192982455,0.1427923976608187,0.1716228070175439
262,262.0,262.0,0.17906432748538012,0.1637280701754386,0.1776169590643275,0.16739766081871343,0.1416812865497076,0.17051169590643278
263,263.0,263.0,0.1558500417710944,0.1655137844611529,0.17940267335004179,0.1691833751044277,0.15775271512113614,0.17229741019214706
264,264.0,264.0,0.15902464494569757,0.18118838763575604,0.18257727652464495,0.13763575605680867,0.14981620718462824,0.18975772765246451
265,265.0,265.0,0.1472389306599833,0.17940267335004176,0.2032915622389307,0.1358500417710944,0.14803049289891396,0.18618629908103596
266,266.0,266.0,0.14542074884180148,0.17417540062276904,0.21306428951165796,0.13494095086200347,0.14712140198982304,0.185277208171945
267,267.0,267.0,0.1458200228889884,0.17582089366572123,0.21470978255461018,0.13534022490919043,0.14732708862019206,0.18098198736129772
268,268.0,268.0,0.13514430014430015,0.1742099567099567,0.21309884559884562,0.13375541125541127,0.14690476190476193,0.1968867243867244
269,269.0,269.0,0.1329978354978355,0.17054834054834053,0.22054834054834052,0.1316089466089466,0.1642027417027417,0.18009379509379508
270,270.0,270.0,0.1312204462204462,0.17745393495393497,0.2186252636252636,0.13096792096792095,0.16292069042069043,0.1788117438117438
271,271.0,271.0,0.14495670995670995,0.17525613275613278,0.2378102453102453,0.1304184704184704,0.1546789321789322,0.1568795093795094
272,272.0,272.0,0.15114718614718617,0.17335137085137087,0.2363816738816739,0.12994227994227994,0.15325036075036075,0.15592712842712844
273,273.0,273.0,0.15114718614718617,0.17335137085137087,0.24888167388167387,0.12994227994227994,0.15325036075036075,0.14342712842712843
274,274.0,274.0,0.15018062397372742,0.17473590585659554,0.24910372194854954,0.1289887794198139,0.15343322386425834,0.14355774493705528
275,275.0,275.0,0.15018062397372742,0.18723590585659552,0.23660372194854956,0.1289887794198139,0.15343322386425834,0.14355774493705528
276,276.0,276.0,0.15113300492610837,0.18199781061850026,0.23803229337712098,0.12946496989600437,0.15486179529282978,0.14451012588943624
277,277.0,277.0,0.14879173508483853,0.18890257252326217,0.24049261083743842,0.12759989053092502,0.15204433497536946,0.1421688560481664
278,278.0,278.0,0.16531469176818012,0.17788667404946473,0.2405094130675526,0.12757659653008488,0.1443466223698782,0.14436600221483942
279,279.0,279.0,0.16514094143404487,0.1776327312534209,0.24144499178981937,0.12740284619594963,0.14414614121510674,0.14423234811165847
280,280.0,280.0,0.16247113997114,0.16488455988455988,0.2537229437229437,0.12473304473304474,0.15145021645021645,0.14273809523809525
281,281.0,281.0,0.16156204906204907,0.16397546897546897,0.25826839826839826,0.12382395382395384,0.15054112554112556,0.14182900432900433
282,282.0,282.0,0.15989538239538242,0.16253607503607506,0.2602380952380952,0.1201118326118326,0.15705627705627706,0.14016233766233765
283,283.0,283.0,0.15989538239538242,0.16253607503607506,0.2602380952380952,0.1201118326118326,0.15705627705627706,0.14016233766233765
284,284.0,284.0,0.144498556998557,0.16233405483405483,0.27007936507936503,0.1280916305916306,0.15594516594516597,0.13905122655122654
285,285.0,285.0,0.144498556998557,0.16233405483405483,0.27007936507936503,0.1280916305916306,0.15594516594516597,0.13905122655122654
286,286.0,286.0,0.144498556998557,0.16233405483405483,0.27007936507936503,0.1280916305916306,0.15594516594516597,0.13905122655122654
287,287.0,287.0,0.14919440712544163,0.1593485346071553,0.25095076379559134,0.1304755684928099,0.16860862317758868,0.14142210280141312
288,288.0,288.0,0.15067821067821066,0.1618903318903319,0.24239538239538239,0.131998556998557,0.17007936507936508,0.14295815295815292
289,289.0,289.0,0.16139249639249637,0.1583189033189033,0.2406096681096681,0.1302128427128427,0.1682936507936508,0.14117243867243864
290,290.0,290.0,0.16139249639249637,0.1583189033189033,0.2406096681096681,0.1302128427128427,0.1682936507936508,0.14117243867243864
291,291.0,291.0,0.16048340548340545,0.1574098124098124,0.24515512265512265,0.1293037518037518,0.16738455988455989,0.14026334776334776
292,292.0,292.0,0.14798340548340544,0.1574098124098124,0.24515512265512265,0.1293037518037518,0.1798845598845599,0.14026334776334776
293,293.0,293.0,0.1458017047551931,0.16629811403067216,0.24537828450619145,0.1270427698916071,0.1763403973287694,0.13913872948756667
294,294.0,294.0,0.16417111312460148,0.16815958589214403,0.2503710694989765,0.112944645793483,0.1611311621195342,0.14322242357126075
295,295.0,295.0,0.16326202221551056,0.1745232222557804,0.24855288768079462,0.1120355548843921,0.15931298030135238,0.14231333266216983
