Total_iterations,Unnamed: 0.1,Intertwine_two,Add_vertex,Delete_vertex,Invert_path_vertices,Insert_inside_vertex,Delete_inside_vertex
0,0.0,0.1666666666666666,0.1666666666666666,0.1666666666666666,0.1666666666666666,0.1666666666666666,0.1666666666666666
1,1.0,0.1666666666666666,0.1666666666666666,0.1666666666666666,0.1666666666666666,0.1666666666666666,0.1666666666666666
2,2.0,0.1666666666666666,0.1666666666666666,0.1666666666666666,0.1666666666666666,0.1666666666666666,0.1666666666666666
3,3.0,0.1666666666666666,0.1666666666666666,0.1666666666666666,0.1666666666666666,0.1666666666666666,0.1666666666666666
4,4.0,0.1666666666666666,0.1666666666666666,0.1666666666666666,0.1666666666666666,0.1666666666666666,0.1666666666666666
5,5.0,0.1666666666666666,0.1666666666666666,0.1666666666666666,0.1666666666666666,0.1666666666666666,0.1666666666666666
6,6.0,0.1666666666666666,0.1666666666666666,0.1666666666666666,0.1666666666666666,0.1666666666666666,0.1666666666666666
7,7.0,0.1666666666666666,0.1666666666666666,0.1666666666666666,0.1666666666666666,0.1666666666666666,0.1666666666666666
8,8.0,0.1666666666666666,0.1666666666666666,0.1666666666666666,0.1666666666666666,0.1666666666666666,0.1666666666666666
9,9.0,0.1666666666666666,0.1666666666666666,0.1666666666666666,0.1666666666666666,0.1666666666666666,0.1666666666666666
10,10.0,0.1666666666666666,0.1666666666666666,0.1666666666666666,0.1666666666666666,0.1666666666666666,0.1666666666666666
11,11.0,0.1666666666666666,0.1666666666666666,0.1666666666666666,0.1666666666666666,0.1666666666666666,0.1666666666666666
12,12.0,0.1666666666666666,0.1666666666666666,0.1666666666666666,0.1666666666666666,0.1666666666666666,0.1666666666666666
13,13.0,0.1666666666666666,0.1666666666666666,0.1666666666666666,0.1666666666666666,0.1666666666666666,0.1666666666666666
14,14.0,0.1666666666666666,0.1666666666666666,0.1666666666666666,0.1666666666666666,0.1666666666666666,0.1666666666666666
15,15.0,0.1666666666666666,0.1666666666666666,0.1666666666666666,0.1666666666666666,0.1666666666666666,0.1666666666666666
16,16.0,0.1666666666666666,0.1666666666666666,0.1666666666666666,0.1666666666666666,0.1666666666666666,0.1666666666666666
17,17.0,0.1666666666666666,0.1666666666666666,0.1666666666666666,0.1666666666666666,0.1666666666666666,0.1666666666666666
18,18.0,0.1666666666666666,0.1666666666666666,0.1666666666666666,0.1666666666666666,0.1666666666666666,0.1666666666666666
19,19.0,0.1666666666666666,0.1666666666666666,0.1666666666666666,0.1666666666666666,0.1666666666666666,0.1666666666666666
20,20.0,0.1666666666666666,0.1666666666666666,0.1666666666666666,0.1666666666666666,0.1666666666666666,0.1666666666666666
21,21.0,0.1666666666666666,0.1666666666666666,0.1666666666666666,0.1666666666666666,0.1666666666666666,0.1666666666666666
22,22.0,0.1666666666666666,0.1666666666666666,0.1666666666666666,0.1666666666666666,0.1666666666666666,0.1666666666666666
23,23.0,0.1666666666666666,0.1666666666666666,0.1666666666666666,0.1666666666666666,0.1666666666666666,0.1666666666666666
24,24.0,0.1666666666666666,0.1666666666666666,0.1666666666666666,0.1666666666666666,0.1666666666666666,0.1666666666666666
25,25.0,0.1666666666666666,0.1666666666666666,0.1666666666666666,0.1666666666666666,0.1666666666666666,0.1666666666666666
26,26.0,0.1666666666666666,0.1666666666666666,0.1666666666666666,0.1666666666666666,0.1666666666666666,0.1666666666666666
27,27.0,0.1666666666666666,0.1666666666666666,0.1666666666666666,0.1666666666666666,0.1666666666666666,0.1666666666666666
28,28.0,0.1666666666666666,0.1666666666666666,0.1666666666666666,0.1666666666666666,0.1666666666666666,0.1666666666666666
29,29.0,0.1666666666666666,0.1666666666666666,0.1666666666666666,0.1666666666666666,0.1666666666666666,0.1666666666666666
30,30.0,0.1666666666666666,0.1666666666666666,0.1666666666666666,0.1666666666666666,0.1666666666666666,0.1666666666666666
31,31.0,0.1666666666666666,0.1666666666666666,0.1666666666666666,0.1666666666666666,0.1666666666666666,0.1666666666666666
32,32.0,0.1666666666666666,0.1666666666666666,0.1666666666666666,0.1666666666666666,0.1666666666666666,0.1666666666666666
33,33.0,0.1666666666666666,0.1666666666666666,0.1666666666666666,0.1666666666666666,0.1666666666666666,0.1666666666666666
34,34.0,0.1666666666666666,0.1666666666666666,0.1666666666666666,0.1666666666666666,0.1666666666666666,0.1666666666666666
35,35.0,0.1666666666666666,0.1666666666666666,0.1666666666666666,0.1666666666666666,0.1666666666666666,0.1666666666666666
36,36.0,0.1666666666666666,0.1666666666666666,0.1666666666666666,0.1666666666666666,0.1666666666666666,0.1666666666666666
37,37.0,0.1666666666666666,0.1666666666666666,0.1666666666666666,0.1666666666666666,0.1666666666666666,0.1666666666666666
38,38.0,0.1666666666666666,0.1666666666666666,0.1666666666666666,0.1666666666666666,0.1666666666666666,0.1666666666666666
39,39.0,0.1666666666666666,0.1666666666666666,0.1666666666666666,0.1666666666666666,0.1666666666666666,0.1666666666666666
40,40.0,0.1666666666666666,0.1666666666666666,0.1666666666666666,0.1666666666666666,0.1666666666666666,0.1666666666666666
41,41.0,0.1666666666666666,0.1666666666666666,0.1666666666666666,0.1666666666666666,0.1666666666666666,0.1666666666666666
42,42.0,0.1666666666666666,0.1666666666666666,0.1666666666666666,0.1666666666666666,0.1666666666666666,0.1666666666666666
43,43.0,0.1666666666666666,0.1666666666666666,0.1666666666666666,0.1666666666666666,0.1666666666666666,0.1666666666666666
44,44.0,0.1666666666666666,0.1666666666666666,0.1666666666666666,0.1666666666666666,0.1666666666666666,0.1666666666666666
45,45.0,0.1666666666666666,0.1666666666666666,0.1666666666666666,0.1666666666666666,0.1666666666666666,0.1666666666666666
46,46.0,0.1666666666666666,0.1666666666666666,0.1666666666666666,0.1666666666666666,0.1666666666666666,0.1666666666666666
47,47.0,0.1666666666666666,0.1666666666666666,0.1666666666666666,0.1666666666666666,0.1666666666666666,0.1666666666666666
48,48.0,0.1666666666666666,0.1666666666666666,0.1666666666666666,0.1666666666666666,0.1666666666666666,0.1666666666666666
49,49.0,0.1666666666666666,0.1666666666666666,0.1666666666666666,0.1666666666666666,0.1666666666666666,0.1666666666666666
50,50.0,0.1666666666666666,0.1666666666666666,0.1666666666666666,0.1666666666666666,0.1666666666666666,0.1666666666666666
51,51.0,0.1666666666666666,0.1666666666666666,0.1666666666666666,0.1666666666666666,0.1666666666666666,0.1666666666666666
52,52.0,0.1666666666666666,0.1666666666666666,0.1666666666666666,0.1666666666666666,0.1666666666666666,0.1666666666666666
53,53.0,0.1666666666666666,0.1666666666666666,0.1666666666666666,0.1666666666666666,0.1666666666666666,0.1666666666666666
54,54.0,0.1666666666666666,0.1666666666666666,0.1666666666666666,0.1666666666666666,0.1666666666666666,0.1666666666666666
55,55.0,0.1666666666666666,0.1666666666666666,0.1666666666666666,0.1666666666666666,0.1666666666666666,0.1666666666666666
56,56.0,0.1666666666666666,0.1666666666666666,0.1666666666666666,0.1666666666666666,0.1666666666666666,0.1666666666666666
57,57.0,0.1666666666666666,0.1666666666666666,0.1666666666666666,0.1666666666666666,0.1666666666666666,0.1666666666666666
58,58.0,0.1666666666666666,0.1666666666666666,0.1666666666666666,0.1666666666666666,0.1666666666666666,0.1666666666666666
59,59.0,0.1666666666666666,0.1666666666666666,0.1666666666666666,0.1666666666666666,0.1666666666666666,0.1666666666666666
60,60.0,0.1666666666666666,0.1666666666666666,0.1666666666666666,0.1666666666666666,0.1666666666666666,0.1666666666666666
61,61.0,0.1666666666666666,0.1666666666666666,0.1666666666666666,0.1666666666666666,0.1666666666666666,0.1666666666666666
62,62.0,0.1666666666666666,0.1666666666666666,0.1666666666666666,0.1666666666666666,0.1666666666666666,0.1666666666666666
63,63.0,0.1666666666666666,0.1666666666666666,0.1666666666666666,0.1666666666666666,0.1666666666666666,0.1666666666666666
64,64.0,0.1666666666666666,0.1666666666666666,0.1666666666666666,0.1666666666666666,0.1666666666666666,0.1666666666666666
65,65.0,0.1666666666666666,0.1666666666666666,0.1666666666666666,0.1666666666666666,0.1666666666666666,0.1666666666666666
66,66.0,0.1666666666666666,0.1666666666666666,0.1666666666666666,0.1666666666666666,0.1666666666666666,0.1666666666666666
67,67.0,0.1666666666666666,0.1666666666666666,0.1666666666666666,0.1666666666666666,0.1666666666666666,0.1666666666666666
68,68.0,0.1666666666666666,0.1666666666666666,0.1666666666666666,0.1666666666666666,0.1666666666666666,0.1666666666666666
69,69.0,0.1666666666666666,0.1666666666666666,0.1666666666666666,0.1666666666666666,0.1666666666666666,0.1666666666666666
70,70.0,0.1666666666666666,0.1666666666666666,0.1666666666666666,0.1666666666666666,0.1666666666666666,0.1666666666666666
71,71.0,0.1666666666666666,0.1666666666666666,0.1666666666666666,0.1666666666666666,0.1666666666666666,0.1666666666666666
72,72.0,0.1666666666666666,0.1666666666666666,0.1666666666666666,0.1666666666666666,0.1666666666666666,0.1666666666666666
73,73.0,0.1666666666666666,0.1666666666666666,0.1666666666666666,0.1666666666666666,0.1666666666666666,0.1666666666666666
74,74.0,0.1666666666666666,0.1666666666666666,0.1666666666666666,0.1666666666666666,0.1666666666666666,0.1666666666666666
75,75.0,0.1666666666666666,0.1666666666666666,0.1666666666666666,0.1666666666666666,0.1666666666666666,0.1666666666666666
76,76.0,0.1666666666666666,0.1666666666666666,0.1666666666666666,0.1666666666666666,0.1666666666666666,0.1666666666666666
77,77.0,0.1666666666666666,0.1666666666666666,0.1666666666666666,0.1666666666666666,0.1666666666666666,0.1666666666666666
78,78.0,0.1666666666666666,0.1666666666666666,0.1666666666666666,0.1666666666666666,0.1666666666666666,0.1666666666666666
79,79.0,0.1666666666666666,0.1666666666666666,0.1666666666666666,0.1666666666666666,0.1666666666666666,0.1666666666666666
80,80.0,0.1666666666666666,0.1666666666666666,0.1666666666666666,0.1666666666666666,0.1666666666666666,0.1666666666666666
81,81.0,0.1666666666666666,0.1666666666666666,0.1666666666666666,0.1666666666666666,0.1666666666666666,0.1666666666666666
82,82.0,0.1666666666666666,0.1666666666666666,0.1666666666666666,0.1666666666666666,0.1666666666666666,0.1666666666666666
83,83.0,0.1666666666666666,0.1666666666666666,0.1666666666666666,0.1666666666666666,0.1666666666666666,0.1666666666666666
84,84.0,0.1666666666666666,0.1666666666666666,0.1666666666666666,0.1666666666666666,0.1666666666666666,0.1666666666666666
85,85.0,0.1666666666666666,0.1666666666666666,0.1666666666666666,0.1666666666666666,0.1666666666666666,0.1666666666666666
86,86.0,0.1666666666666666,0.1666666666666666,0.1666666666666666,0.1666666666666666,0.1666666666666666,0.1666666666666666
87,87.0,0.1666666666666666,0.1666666666666666,0.1666666666666666,0.1666666666666666,0.1666666666666666,0.1666666666666666
88,88.0,0.1666666666666666,0.1666666666666666,0.1666666666666666,0.1666666666666666,0.1666666666666666,0.1666666666666666
89,89.0,0.1666666666666666,0.1666666666666666,0.1666666666666666,0.1666666666666666,0.1666666666666666,0.1666666666666666
90,90.0,0.1666666666666666,0.1666666666666666,0.1666666666666666,0.1666666666666666,0.1666666666666666,0.1666666666666666
91,91.0,0.1666666666666666,0.1666666666666666,0.1666666666666666,0.1666666666666666,0.1666666666666666,0.1666666666666666
92,92.0,0.1666666666666666,0.1666666666666666,0.1666666666666666,0.1666666666666666,0.1666666666666666,0.1666666666666666
93,93.0,0.1666666666666666,0.1666666666666666,0.1666666666666666,0.1666666666666666,0.1666666666666666,0.1666666666666666
94,94.0,0.1666666666666666,0.1666666666666666,0.1666666666666666,0.1666666666666666,0.1666666666666666,0.1666666666666666
95,95.0,0.1666666666666666,0.1666666666666666,0.1666666666666666,0.1666666666666666,0.1666666666666666,0.1666666666666666
96,96.0,0.1666666666666666,0.1666666666666666,0.1666666666666666,0.1666666666666666,0.1666666666666666,0.1666666666666666
97,97.0,0.1666666666666666,0.1666666666666666,0.1666666666666666,0.1666666666666666,0.1666666666666666,0.1666666666666666
98,98.0,0.1666666666666666,0.1666666666666666,0.1666666666666666,0.1666666666666666,0.1666666666666666,0.1666666666666666
99,99.0,0.1666666666666666,0.1666666666666666,0.1666666666666666,0.1666666666666666,0.1666666666666666,0.1666666666666666
100,100.0,0.1666666666666666,0.1666666666666666,0.1666666666666666,0.1666666666666666,0.1666666666666666,0.1666666666666666
101,101.0,0.1666666666666666,0.1666666666666666,0.1666666666666666,0.1666666666666666,0.1666666666666666,0.1666666666666666
102,102.0,0.1666666666666666,0.1666666666666666,0.1666666666666666,0.1666666666666666,0.1666666666666666,0.1666666666666666
103,103.0,0.1666666666666666,0.1666666666666666,0.1666666666666666,0.1666666666666666,0.1666666666666666,0.1666666666666666
104,104.0,0.1666666666666666,0.1666666666666666,0.1666666666666666,0.1666666666666666,0.1666666666666666,0.1666666666666666
105,105.0,0.1666666666666666,0.1666666666666666,0.1666666666666666,0.1666666666666666,0.1666666666666666,0.1666666666666666
106,106.0,0.1666666666666666,0.1666666666666666,0.1666666666666666,0.1666666666666666,0.1666666666666666,0.1666666666666666
107,107.0,0.1666666666666666,0.1666666666666666,0.1666666666666666,0.1666666666666666,0.1666666666666666,0.1666666666666666
108,108.0,0.1666666666666666,0.1666666666666666,0.1666666666666666,0.1666666666666666,0.1666666666666666,0.1666666666666666
109,109.0,0.1666666666666666,0.1666666666666666,0.1666666666666666,0.1666666666666666,0.1666666666666666,0.1666666666666666
110,110.0,0.1666666666666666,0.1666666666666666,0.1666666666666666,0.1666666666666666,0.1666666666666666,0.1666666666666666
111,111.0,0.1666666666666666,0.1666666666666666,0.1666666666666666,0.1666666666666666,0.1666666666666666,0.1666666666666666
112,112.0,0.1666666666666666,0.1666666666666666,0.1666666666666666,0.1666666666666666,0.1666666666666666,0.1666666666666666
113,113.0,0.1666666666666666,0.1666666666666666,0.1666666666666666,0.1666666666666666,0.1666666666666666,0.1666666666666666
114,114.0,0.1666666666666666,0.1666666666666666,0.1666666666666666,0.1666666666666666,0.1666666666666666,0.1666666666666666
115,115.0,0.1666666666666666,0.1666666666666666,0.1666666666666666,0.1666666666666666,0.1666666666666666,0.1666666666666666
116,116.0,0.1666666666666666,0.1666666666666666,0.1666666666666666,0.1666666666666666,0.1666666666666666,0.1666666666666666
117,117.0,0.1666666666666666,0.1666666666666666,0.1666666666666666,0.1666666666666666,0.1666666666666666,0.1666666666666666
118,118.0,0.1666666666666666,0.1666666666666666,0.1666666666666666,0.1666666666666666,0.1666666666666666,0.1666666666666666
119,119.0,0.1666666666666666,0.1666666666666666,0.1666666666666666,0.1666666666666666,0.1666666666666666,0.1666666666666666
120,120.0,0.1666666666666666,0.1666666666666666,0.1666666666666666,0.1666666666666666,0.1666666666666666,0.1666666666666666
121,121.0,0.1666666666666666,0.1666666666666666,0.1666666666666666,0.1666666666666666,0.1666666666666666,0.1666666666666666
122,122.0,0.1666666666666666,0.1666666666666666,0.1666666666666666,0.1666666666666666,0.1666666666666666,0.1666666666666666
123,123.0,0.1666666666666666,0.1666666666666666,0.1666666666666666,0.1666666666666666,0.1666666666666666,0.1666666666666666
124,124.0,0.1666666666666666,0.1666666666666666,0.1666666666666666,0.1666666666666666,0.1666666666666666,0.1666666666666666
125,125.0,0.1666666666666666,0.1666666666666666,0.1666666666666666,0.1666666666666666,0.1666666666666666,0.1666666666666666
126,126.0,0.1666666666666666,0.1666666666666666,0.1666666666666666,0.1666666666666666,0.1666666666666666,0.1666666666666666
127,127.0,0.1666666666666666,0.1666666666666666,0.1666666666666666,0.1666666666666666,0.1666666666666666,0.1666666666666666
128,128.0,0.1666666666666666,0.1666666666666666,0.1666666666666666,0.1666666666666666,0.1666666666666666,0.1666666666666666
129,129.0,0.1666666666666666,0.1666666666666666,0.1666666666666666,0.1666666666666666,0.1666666666666666,0.1666666666666666
130,130.0,0.1666666666666666,0.1666666666666666,0.1666666666666666,0.1666666666666666,0.1666666666666666,0.1666666666666666
131,131.0,0.1666666666666666,0.1666666666666666,0.1666666666666666,0.1666666666666666,0.1666666666666666,0.1666666666666666
132,132.0,0.1666666666666666,0.1666666666666666,0.1666666666666666,0.1666666666666666,0.1666666666666666,0.1666666666666666
133,133.0,0.1666666666666666,0.1666666666666666,0.1666666666666666,0.1666666666666666,0.1666666666666666,0.1666666666666666
134,134.0,0.1666666666666666,0.1666666666666666,0.1666666666666666,0.1666666666666666,0.1666666666666666,0.1666666666666666
135,135.0,0.1666666666666666,0.1666666666666666,0.1666666666666666,0.1666666666666666,0.1666666666666666,0.1666666666666666
136,136.0,0.1666666666666666,0.1666666666666666,0.1666666666666666,0.1666666666666666,0.1666666666666666,0.1666666666666666
137,137.0,0.1666666666666666,0.1666666666666666,0.1666666666666666,0.1666666666666666,0.1666666666666666,0.1666666666666666
138,138.0,0.1666666666666666,0.1666666666666666,0.1666666666666666,0.1666666666666666,0.1666666666666666,0.1666666666666666
139,139.0,0.1666666666666666,0.1666666666666666,0.1666666666666666,0.1666666666666666,0.1666666666666666,0.1666666666666666
140,140.0,0.1666666666666666,0.1666666666666666,0.1666666666666666,0.1666666666666666,0.1666666666666666,0.1666666666666666
141,141.0,0.1666666666666666,0.1666666666666666,0.1666666666666666,0.1666666666666666,0.1666666666666666,0.1666666666666666
142,142.0,0.1666666666666666,0.1666666666666666,0.1666666666666666,0.1666666666666666,0.1666666666666666,0.1666666666666666
143,143.0,0.1666666666666666,0.1666666666666666,0.1666666666666666,0.1666666666666666,0.1666666666666666,0.1666666666666666
144,144.0,0.1666666666666666,0.1666666666666666,0.1666666666666666,0.1666666666666666,0.1666666666666666,0.1666666666666666
145,145.0,0.1666666666666666,0.1666666666666666,0.1666666666666666,0.1666666666666666,0.1666666666666666,0.1666666666666666
146,146.0,0.1666666666666666,0.1666666666666666,0.1666666666666666,0.1666666666666666,0.1666666666666666,0.1666666666666666
147,147.0,0.1666666666666666,0.1666666666666666,0.1666666666666666,0.1666666666666666,0.1666666666666666,0.1666666666666666
148,148.0,0.1666666666666666,0.1666666666666666,0.1666666666666666,0.1666666666666666,0.1666666666666666,0.1666666666666666
149,149.0,0.1666666666666666,0.1666666666666666,0.1666666666666666,0.1666666666666666,0.1666666666666666,0.1666666666666666
150,150.0,0.1666666666666666,0.1666666666666666,0.1666666666666666,0.1666666666666666,0.1666666666666666,0.1666666666666666
151,151.0,0.1666666666666666,0.1666666666666666,0.1666666666666666,0.1666666666666666,0.1666666666666666,0.1666666666666666
152,152.0,0.1666666666666666,0.1666666666666666,0.1666666666666666,0.1666666666666666,0.1666666666666666,0.1666666666666666
153,153.0,0.1666666666666666,0.1666666666666666,0.1666666666666666,0.1666666666666666,0.1666666666666666,0.1666666666666666
154,154.0,0.1666666666666666,0.1666666666666666,0.1666666666666666,0.1666666666666666,0.1666666666666666,0.1666666666666666
155,155.0,0.1666666666666666,0.1666666666666666,0.1666666666666666,0.1666666666666666,0.1666666666666666,0.1666666666666666
156,156.0,0.1666666666666666,0.1666666666666666,0.1666666666666666,0.1666666666666666,0.1666666666666666,0.1666666666666666
157,157.0,0.1666666666666666,0.1666666666666666,0.1666666666666666,0.1666666666666666,0.1666666666666666,0.1666666666666666
158,158.0,0.1666666666666666,0.1666666666666666,0.1666666666666666,0.1666666666666666,0.1666666666666666,0.1666666666666666
159,159.0,0.1666666666666666,0.1666666666666666,0.1666666666666666,0.1666666666666666,0.1666666666666666,0.1666666666666666
160,160.0,0.1666666666666666,0.1666666666666666,0.1666666666666666,0.1666666666666666,0.1666666666666666,0.1666666666666666
161,161.0,0.1666666666666666,0.1666666666666666,0.1666666666666666,0.1666666666666666,0.1666666666666666,0.1666666666666666
162,162.0,0.1666666666666666,0.1666666666666666,0.1666666666666666,0.1666666666666666,0.1666666666666666,0.1666666666666666
163,163.0,0.1666666666666666,0.1666666666666666,0.1666666666666666,0.1666666666666666,0.1666666666666666,0.1666666666666666
164,164.0,0.1666666666666666,0.1666666666666666,0.1666666666666666,0.1666666666666666,0.1666666666666666,0.1666666666666666
165,165.0,0.1666666666666666,0.1666666666666666,0.1666666666666666,0.1666666666666666,0.1666666666666666,0.1666666666666666
166,166.0,0.1666666666666666,0.1666666666666666,0.1666666666666666,0.1666666666666666,0.1666666666666666,0.1666666666666666
167,167.0,0.1666666666666666,0.1666666666666666,0.1666666666666666,0.1666666666666666,0.1666666666666666,0.1666666666666666
168,168.0,0.1666666666666666,0.1666666666666666,0.1666666666666666,0.1666666666666666,0.1666666666666666,0.1666666666666666
169,169.0,0.1666666666666666,0.1666666666666666,0.1666666666666666,0.1666666666666666,0.1666666666666666,0.1666666666666666
170,170.0,0.1666666666666666,0.1666666666666666,0.1666666666666666,0.1666666666666666,0.1666666666666666,0.1666666666666666
171,171.0,0.1666666666666666,0.1666666666666666,0.1666666666666666,0.1666666666666666,0.1666666666666666,0.1666666666666666
172,172.0,0.1666666666666666,0.1666666666666666,0.1666666666666666,0.1666666666666666,0.1666666666666666,0.1666666666666666
173,173.0,0.1666666666666666,0.1666666666666666,0.1666666666666666,0.1666666666666666,0.1666666666666666,0.1666666666666666
174,174.0,0.1666666666666666,0.1666666666666666,0.1666666666666666,0.1666666666666666,0.1666666666666666,0.1666666666666666
175,175.0,0.1666666666666666,0.1666666666666666,0.1666666666666666,0.1666666666666666,0.1666666666666666,0.1666666666666666
176,176.0,0.1666666666666666,0.1666666666666666,0.1666666666666666,0.1666666666666666,0.1666666666666666,0.1666666666666666
177,177.0,0.1666666666666666,0.1666666666666666,0.1666666666666666,0.1666666666666666,0.1666666666666666,0.1666666666666666
178,178.0,0.1666666666666666,0.1666666666666666,0.1666666666666666,0.1666666666666666,0.1666666666666666,0.1666666666666666
179,179.0,0.1666666666666666,0.1666666666666666,0.1666666666666666,0.1666666666666666,0.1666666666666666,0.1666666666666666
180,180.0,0.1666666666666666,0.1666666666666666,0.1666666666666666,0.1666666666666666,0.1666666666666666,0.1666666666666666
181,181.0,0.1666666666666666,0.1666666666666666,0.1666666666666666,0.1666666666666666,0.1666666666666666,0.1666666666666666
182,182.0,0.1666666666666666,0.1666666666666666,0.1666666666666666,0.1666666666666666,0.1666666666666666,0.1666666666666666
183,183.0,0.1666666666666666,0.1666666666666666,0.1666666666666666,0.1666666666666666,0.1666666666666666,0.1666666666666666
184,184.0,0.1666666666666666,0.1666666666666666,0.1666666666666666,0.1666666666666666,0.1666666666666666,0.1666666666666666
185,185.0,0.1666666666666666,0.1666666666666666,0.1666666666666666,0.1666666666666666,0.1666666666666666,0.1666666666666666
186,186.0,0.1666666666666666,0.1666666666666666,0.1666666666666666,0.1666666666666666,0.1666666666666666,0.1666666666666666
187,187.0,0.1666666666666666,0.1666666666666666,0.1666666666666666,0.1666666666666666,0.1666666666666666,0.1666666666666666
188,188.0,0.1666666666666666,0.1666666666666666,0.1666666666666666,0.1666666666666666,0.1666666666666666,0.1666666666666666
189,189.0,0.1666666666666666,0.1666666666666666,0.1666666666666666,0.1666666666666666,0.1666666666666666,0.1666666666666666
190,190.0,0.1666666666666666,0.1666666666666666,0.1666666666666666,0.1666666666666666,0.1666666666666666,0.1666666666666666
191,191.0,0.1666666666666666,0.1666666666666666,0.1666666666666666,0.1666666666666666,0.1666666666666666,0.1666666666666666
192,192.0,0.1666666666666666,0.1666666666666666,0.1666666666666666,0.1666666666666666,0.1666666666666666,0.1666666666666666
193,193.0,0.1666666666666666,0.1666666666666666,0.1666666666666666,0.1666666666666666,0.1666666666666666,0.1666666666666666
194,194.0,0.1666666666666666,0.1666666666666666,0.1666666666666666,0.1666666666666666,0.1666666666666666,0.1666666666666666
195,195.0,0.1666666666666666,0.1666666666666666,0.1666666666666666,0.1666666666666666,0.1666666666666666,0.1666666666666666
196,196.0,0.1666666666666666,0.1666666666666666,0.1666666666666666,0.1666666666666666,0.1666666666666666,0.1666666666666666
197,197.0,0.1666666666666666,0.1666666666666666,0.1666666666666666,0.1666666666666666,0.1666666666666666,0.1666666666666666
198,198.0,0.1666666666666666,0.1666666666666666,0.1666666666666666,0.1666666666666666,0.1666666666666666,0.1666666666666666
199,199.0,0.1666666666666666,0.1666666666666666,0.1666666666666666,0.1666666666666666,0.1666666666666666,0.1666666666666666
200,200.0,0.1664285714285714,0.1664285714285714,0.1664285714285714,0.1664285714285714,0.1678571428571428,0.1664285714285714
201,201.0,0.1661928571428572,0.1661928571428572,0.1661928571428572,0.1661928571428572,0.1690357142857143,0.1661928571428572
202,202.0,0.1654854523809524,0.1669140238095239,0.1669140238095239,0.1654854523809524,0.1697155952380953,0.1654854523809524
203,203.0,0.1647891716666667,0.1676320288095239,0.1676320288095239,0.1647891716666667,0.1703684273809524,0.1647891716666667
204,204.0,0.1636336749261905,0.1692923892119048,0.1678638177833334,0.1650622463547619,0.1705141967976191,0.1636336749261905
205,205.0,0.161909772062881,0.1701533134914524,0.1685604563485953,0.1661812006343095,0.171285485399881,0.161909772062881
206,206.0,0.1599097966859085,0.1717762153827339,0.16892246141448,0.1679153363684482,0.171566393462521,0.1599097966859085
207,207.0,0.1578926653242186,0.1732055728675679,0.1690868191374092,0.1692453178639012,0.1729894594826846,0.1575801653242186
208,208.0,0.1559472291756143,0.1745803753831793,0.1692323649601634,0.1705464750152968,0.1743682012901319,0.1553253541756143
209,209.0,0.1537365667310667,0.1754320129410168,0.1704388896938977,0.1713483612252095,0.1762329464277428,0.1528112229810666
210,210.0,0.1523028858881941,0.175897864304858,0.1711092258711725,0.171786463369267,0.1776191166637941,0.1512844439027143
211,211.0,0.1509714616588943,0.1764046526107673,0.171747107167679,0.1720772485295839,0.1789311623315361,0.1498683677015394
212,212.0,0.1496160154992461,0.1767179513902989,0.1729988847946116,0.1723043117442255,0.1800340083062653,0.1483288282653527
213,213.0,0.1482780253853429,0.176881430919448,0.1738424788965477,0.1733097173216299,0.1809630674189977,0.146725280058034
214,214.0,0.1470509437955673,0.1784188279383509,0.1746375446122403,0.1728406419048115,0.1818082459466239,0.1452437958024061
215,215.0,0.145757379264833,0.1807845195849862,0.1761115036036762,0.1721563672045038,0.1823909087338069,0.1427993216081939
216,216.0,0.1442006458912733,0.1824136861467808,0.1785758467224867,0.1710689860547889,0.1836263219965604,0.1401145131881098
217,217.0,0.1426202385432436,0.183920903023612,0.1805327835285133,0.1698207824392732,0.1857792040471423,0.1373260884182156
218,218.0,0.1411431958983476,0.1853102272321937,0.1823819499388769,0.1697736151096821,0.1867048686151626,0.1346861432057371
219,219.0,0.1399692996570818,0.1855278630679415,0.1833999144800997,0.1713350607573357,0.1873702326145438,0.1323976294229975
220,220.0,0.1380967490332708,0.1881639112348897,0.1839978211568869,0.173233946658336,0.1861334170509006,0.130374154865716
221,221.0,0.1363543947116669,0.1895793186473974,0.1844990343512519,0.1751009814867799,0.1848236314127953,0.1296426393901087
222,222.0,0.1345549634958251,0.1903780270528152,0.1844701891408132,0.1752268099097422,0.1844848712323925,0.1308851391684116
223,223.0,0.1329801931016135,0.1910464573630361,0.1843434488657747,0.1752923299978271,0.1840835406133452,0.1322540300584031
224,224.0,0.1316221490423581,0.1917612182359928,0.1844467165278507,0.1745601442576448,0.183798201373013,0.1338115705631405
225,225.0,0.1302176886201055,0.1920073724410254,0.1850621455253959,0.173501183513262,0.1831100067558266,0.1361016031443845
226,226.0,0.128889577329457,0.1920312276110346,0.1861241632204357,0.1723627941266221,0.1822742827538017,0.1383179549586489
227,227.0,0.1282021249288223,0.1928844398774875,0.1865010392398188,0.173049084740599,0.1810703555516585,0.1382929556616139
228,228.0,0.1274328757853105,0.1943768956094292,0.1870118073195476,0.1735562832615236,0.1795495866985376,0.1380725513256514
229,229.0,0.1273323198591308,0.1956946268553726,0.1872071904976022,0.1740086147581036,0.1779642095267645,0.1377930385030263
230,230.0,0.1272367992701645,0.1968433993396932,0.1877094204911931,0.1744077779119252,0.1763380092281576,0.1374645937588663
231,231.0,0.1271479911807761,0.1978294382071743,0.1884787053515104,0.1747555064224581,0.1746921471118503,0.1370962117262307
232,232.0,0.1272932366049083,0.1978846466269033,0.1907539894136798,0.1737931956939492,0.1744927603990764,0.1357821712614829
233,233.0,0.1275226777369676,0.196740444448347,0.1929512056311801,0.1742507584718735,0.1740297350991501,0.1345051786124816
234,234.0,0.1277346462586457,0.1962208861479187,0.1962107550067935,0.1743793814711907,0.1721702026529242,0.1332841284625271
235,235.0,0.1279171636027467,0.1954465704620032,0.1991604500683386,0.1753716146890086,0.1701816596194077,0.131922541558495
236,236.0,0.12799637734553,0.1962204807600563,0.1998604417086005,0.1773654481966417,0.1680934314252734,0.130463820563898
237,237.0,0.1280138964167701,0.1976149038255489,0.2002110235856283,0.1792092179734666,0.1659866213937768,0.1289643368048093
238,238.0,0.1280757150929089,0.1989538441510821,0.1990150594284036,0.1809994926947958,0.163984155808969,0.1289717328238404
239,239.0,0.1274928374540379,0.2009805250965766,0.1983835540281821,0.1826902146588907,0.1621732315330656,0.128279637229247
240,240.0,0.1266733371256605,0.2016521699725416,0.1993680123732206,0.1848601414914567,0.1602051799142247,0.1272411591228958
241,241.0,0.1258990713800112,0.2022475659371703,0.2002719935055428,0.1869396534373211,0.1583653942029286,0.126276321537026
242,242.0,0.1251732594162737,0.2027683839219501,0.2010945053350971,0.1889169968656953,0.1566594456655356,0.1253874087954482
243,243.0,0.1246094250870052,0.2045502068783514,0.2019465807849757,0.1888937263051558,0.1553132322922517,0.12468682865226
244,244.0,0.1239858978609405,0.2060268938574259,0.2024945205164254,0.1886590247490883,0.1539931315892876,0.1248405314268323
245,245.0,0.1235259934111309,0.2067475249204487,0.2020743698150856,0.1895586045348284,0.1529208444077522,0.1251726629107543
246,246.0,0.1230068373933379,0.2080471660150615,0.2013649170090263,0.1902589306192268,0.1518712011562067,0.1254509478071407
247,247.0,0.1226796866555615,0.211749983569348,0.1996153028698823,0.1872257035471012,0.1525973103083149,0.1261320130497923
248,248.0,0.1225480369397302,0.214839814213443,0.1952077613451016,0.1837375210967058,0.1548608596290999,0.1288060067759195
249,249.0,0.1224626588483815,0.2177909924132712,0.1908168870962097,0.1802415909249019,0.1572012480096084,0.1314866227076275
250,250.0,0.1225106880908896,0.2200424170858065,0.1866667403199247,0.1781145561964573,0.1584282967509719,0.1342373015559501
251,251.0,0.124025056888197,0.2221324584279619,0.1826111133731126,0.1760339795325025,0.1582556797193018,0.1369417120589244
252,252.0,0.1264698307812493,0.2225401251467712,0.1797689019000714,0.1738561497919123,0.1579497640761631,0.1394152283038329
253,253.0,0.1289717528045176,0.2198020930087738,0.177464893897082,0.1727933097992401,0.1578487876113687,0.1431191628790181
254,254.0,0.1326736167713252,0.2169337480580193,0.1752941028663794,0.1717931168261985,0.1565068860278985,0.1467985294501793
255,255.0,0.1362919649175487,0.213975269787058,0.1733688235569664,0.1708578631704534,0.1551852162314849,0.1503208623364889
256,256.0,0.1395769955256218,0.2107442943312037,0.1713660430907947,0.1697684376186701,0.1536719940844779,0.1548722353492319
257,257.0,0.1438823646464535,0.2076813335444565,0.1699108660381601,0.168904326219145,0.152249418488687,0.1573716910630981
258,258.0,0.1478990958486706,0.2054835489011066,0.1683405692083523,0.1679877497817585,0.1507534984981647,0.1595355377619475
259,259.0,0.1517012030724299,0.202185606982454,0.1670315738965929,0.1672573269238771,0.1492918452126068,0.1625324439120394
260,260.0,0.1563078419290539,0.1979662172209298,0.165881554189909,0.1666124608018433,0.1479113627800869,0.1653205630781771
261,261.0,0.1606924928666898,0.1938597182984365,0.1648861127248599,0.1660510444032926,0.1466177389396263,0.1678928927670947
262,262.0,0.1647223970567491,0.1895625527869626,0.1648175238697105,0.1654592358087513,0.1453041129593126,0.170134177518514
263,263.0,0.1661713015606602,0.1856153304290922,0.1650623596805935,0.1651245637523351,0.1456927641700771,0.1723336804072419
264,264.0,0.1676895633337448,0.1834292751647898,0.1657435753645431,0.1617091851103196,0.1453694989756249,0.1760589020509778
265,265.0,0.1677907783170691,0.1812608451230559,0.1685964350631273,0.1582160386133991,0.1449444559541365,0.1791914469292122
266,266.0,0.1674945351436719,0.1787679490950379,0.1724882327908838,0.1547576377068385,0.1445018685133357,0.1819897767502322
267,267.0,0.1670471058293144,0.1766429664893943,0.1765611606173676,0.1514868374272043,0.1441503038144167,0.1841116258223027
268,268.0,0.1653645763425206,0.1745611677205018,0.1804471881849991,0.1482231696849755,0.1438234307619044,0.1875804673050987
269,269.0,0.1633334505777775,0.1723178751022315,0.1850160790649553,0.1449265446680274,0.1452898563058698,0.1891161942811385
270,270.0,0.1610243423109704,0.1709717758408088,0.1892910957794421,0.1417623036080808,0.1466705630212023,0.1902799194394956
271,271.0,0.1600217322835651,0.1696053278768794,0.1953504506694366,0.1387515977727823,0.1472515245148206,0.1890193668825162
272,272.0,0.1595877806546794,0.1682415565676593,0.2010856108739825,0.1359110121998513,0.147705806792861,0.1874682329109665
273,273.0,0.1591128182436073,0.1670652605321983,0.2078502156881508,0.1332947978616378,0.1481701063826724,0.1845068012917335
274,274.0,0.1585090395353324,0.1662079087039976,0.2143708794095251,0.1308113297258054,0.1486570648685693,0.1814437777567703
275,275.0,0.1578823545422689,0.166771572030143,0.2193368051841522,0.1285579829004964,0.1491430890958334,0.1783081962471064
276,276.0,0.1573365588380644,0.1669597028381288,0.2241216646918177,0.1265818977705305,0.1497662693909124,0.1752339064705464
277,277.0,0.1565491801810338,0.1679698778335959,0.2288131762816014,0.1246457439383079,0.1500963408837567,0.1719256808817043
278,278.0,0.1574152606070785,0.1679867724290333,0.2331540112809765,0.1229304175551498,0.1496431139076837,0.1688704242200783
279,279.0,0.1582563522687162,0.1680755823015268,0.2372278746705066,0.1214157105666434,0.1491621965983627,0.1658622835942444
280,280.0,0.158815200509553,0.1669762655394038,0.2421643180855892,0.1198453654869901,0.1494096179896522,0.1627892323888118
281,281.0,0.1592638142300128,0.1658750543060356,0.2471772488700825,0.1183900226168536,0.1495617941355093,0.1597320658415061
282,282.0,0.1595238822600804,0.1647210289487592,0.2519967677670794,0.1167633412245897,0.1503600611323519,0.1566349186671394
283,283.0,0.1597616584884942,0.1636605565880836,0.2564167480490867,0.1153328128854245,0.1511454635887496,0.1536827604001613
284,284.0,0.158437311793453,0.1626746846277534,0.2614170707589104,0.1148911073754198,0.1518003228230717,0.1507795026213916
285,285.0,0.1571060122199669,0.1617839935655192,0.2660039841409562,0.1146255776485776,0.1524311445651825,0.1480492878597973
286,286.0,0.1557817680516154,0.1609878722221938,0.2701729599941815,0.1145212614238502,0.1530340243468821,0.1455021139612767
287,287.0,0.1549467012022569,0.1599862728166297,0.2720112421845588,0.1148014743033913,0.1548720732896369,0.1433822362035263
288,288.0,0.1542859984523429,0.1593326356978448,0.2725995532319878,0.1153627056874471,0.1568107570271733,0.1416083499032038
289,289.0,0.1547267166711077,0.1584127963957205,0.2726484200377364,0.1158556010176371,0.1585096870429066,0.1398467788348917
290,290.0,0.1551900208652099,0.1575840020930404,0.2723720126436295,0.1164427792317601,0.1601365636945739,0.1382746214717861
291,291.0,0.1555781103042655,0.1567545271419779,0.2722601679981391,0.1170180311683725,0.1615914144611563,0.1367977489260886
292,292.0,0.1547264437512071,0.1560145525386999,0.2718884573637676,0.1176586151176775,0.1642087116053144,0.1355032196233334
293,293.0,0.1536743433979552,0.1562513581565469,0.2713089006308536,0.1181254938476983,0.1663666212622701,0.1342732827046758
294,294.0,0.1544856675305418,0.1567510979574976,0.271027271909263,0.1172250450553436,0.1668875541932717,0.1336233633540823
295,295.0,0.1552218046149011,0.1579513122940633,0.2703854258539103,0.1162809280586968,0.1671170117286176,0.1330435174498108
296,296.0,0.1559825140245598,0.159343599125591,0.2693787687077243,0.1154024489205324,0.1672646350429415,0.1326280341786509
297,297.0,0.1567390936183574,0.1604451164410552,0.2694336848216477,0.1145809883694698,0.1664473249163809,0.1323537918330889
298,298.0,0.1573958505993528,0.1614691940204001,0.2698268031145742,0.1137268255992688,0.165464151475424,0.13211717519098
299,299.0,0.1580380178408345,0.1623788741734947,0.270227560346351,0.1129335906413633,0.1644233509677382,0.1319986060302182
300,300.0,0.158567500035168,0.1632922685955341,0.2708826005692315,0.1121140000780272,0.1632452884138385,0.1318983423082006
301,301.0,0.1576455187848072,0.1656184375117956,0.2714394850687542,0.1113590960629051,0.1620416957659966,0.1318957668057411
302,302.0,0.1568788211991062,0.1667404608313135,0.2722357939055931,0.1108366256479934,0.1611604952934185,0.1321478031225752
303,303.0,0.1559309744588846,0.1674603900234241,0.2731777167957434,0.111033332082182,0.1600996883547321,0.1322978982850338
304,304.0,0.1549261836686083,0.1688377919855038,0.2722138005774997,0.1111578397737284,0.1589844553875468,0.1338799286071129
305,305.0,0.1537593120203065,0.1699799586077482,0.2709975650271807,0.1111529367067943,0.1577105122035053,0.1363997154344649
306,306.0,0.1526909627886568,0.1698110908933763,0.2709508065740792,0.1112477212633636,0.1563093106710543,0.1389901078094697
307,307.0,0.1516385102436785,0.1695576141064963,0.2708327770850118,0.1113670791581111,0.1550500758304993,0.1415539435762028
308,308.0,0.1504705744817121,0.1690893317023682,0.2713444734840754,0.1114850208239343,0.1536823451832468,0.1439282543246632
309,309.0,0.1500320378270206,0.1706817732614387,0.2693722552919644,0.1123152352245779,0.1531684718462968,0.1444302265487015
310,310.0,0.1491564754524655,0.172799943167503,0.267744282386141,0.1126805333613582,0.1522242454843267,0.1453945201482056
311,311.0,0.1481775426200999,0.1745220305993301,0.2659542570435972,0.1129051575019563,0.1522942452845495,0.146146766950467
312,312.0,0.1475453303753726,0.1758860906913829,0.2631931738493541,0.1134285423787498,0.1528197755123774,0.1471270871927634
313,313.0,0.1467687542942326,0.1779658368032695,0.2606871563469307,0.1137528435816166,0.1530761822239259,0.1477492267500247
314,314.0,0.1459760771271931,0.1798749634779483,0.2586993945058059,0.1140007870719815,0.1532938743097683,0.1481549035073031
315,315.0,0.1445049757792837,0.1830160021874036,0.2563825282622871,0.1141675634964499,0.1535718329201391,0.1483570973544369
316,316.0,0.1429969024923738,0.186731417321275,0.2539754861729656,0.1142253126296307,0.1536732642921461,0.1483976170916089
317,317.0,0.1415670601166237,0.1902967907323606,0.2516759119123652,0.1142785374417008,0.1537964207276317,0.1483852790693181
318,318.0,0.1401385906513417,0.1954414728588279,0.248079387773553,0.114910491449984,0.1531878981558933,0.1482421591104001
319,319.0,0.138364129510251,0.1998308241598596,0.2445738152588223,0.1153972804420968,0.1536212032338601,0.1482127473951103
320,320.0,0.1366726515503789,0.2040766137508486,0.2412089174355736,0.1158573002126396,0.1540505169371304,0.1481340001134289
321,321.0,0.1365159514033468,0.206645763983936,0.2380256241274979,0.1162998634411201,0.1544899227942311,0.1480228742498681
322,322.0,0.1370046335518562,0.2088560714684053,0.2318507946293455,0.1167235111506809,0.1570219296191202,0.148543059580592
