,Unnamed: 0,Generation,Intertwine_two,Add_vertex,Delete_vertex,Invert_path_vertices,Insert_inside_vertex,Delete_inside_vertex,Replace_inside_vertex,Donate_between_routes,Trim_one_terminal_cb,Grow_one_terminal_cb
0,0.0,0.0,0.09999999999999999,0.09999999999999999,0.09999999999999999,0.09999999999999999,0.09999999999999999,0.09999999999999999,0.09999999999999999,0.09999999999999999,0.09999999999999999,0.09999999999999999
1,1.0,1.0,0.10410829111134887,0.09247093039126261,0.09045251150577786,0.10793205988598267,0.091610626025644,0.10409535420337815,0.10206613056585392,0.10550035364675121,0.10452043921086471,0.09724330345313595
2,2.0,2.0,0.10337855188266709,0.08682106916832197,0.09318577708229694,0.11260977172965578,0.09025221934718826,0.11548285612541927,0.10116591446869597,0.09553254308958203,0.10009513348950698,0.10147616361666567
3,3.0,3.0,0.11555949677729419,0.09071362845929612,0.08062973949133542,0.09957206320863543,0.0970715692150429,0.11726071300124326,0.09326578151787239,0.10409304415118847,0.09870179831414568,0.1031321658639461
4,4.0,4.0,0.10079674809710773,0.08894369121088827,0.08312786623538959,0.11006996190214616,0.10074897085340602,0.10657753192077642,0.10503796264224652,0.0931818473844918,0.10171542360442735,0.10979999614912009
5,5.0,5.0,0.08942671281798205,0.10340613797620693,0.08635461660054786,0.0958673511115142,0.09808981344860201,0.10948381475030915,0.0981905837536846,0.0906473258635102,0.11442488821550685,0.11410875546213609
6,6.0,6.0,0.0894556149739317,0.0969800560501198,0.09770611904908309,0.09530122125998934,0.0874541634125951,0.11691387518542237,0.09291235534589012,0.0914508665583886,0.12010733343380857,0.11171839473077125
7,7.0,7.0,0.09496621980185002,0.09948735332806771,0.08566826778356199,0.10761222688223777,0.09225859704387884,0.11071104198097295,0.08944005713946326,0.0781221466971824,0.12073196296859523,0.12100212637418975
8,8.0,8.0,0.1023913352620242,0.09593886117431707,0.08786029817624755,0.10225024450174518,0.09220383396816487,0.10064351517184149,0.09554529810213426,0.09747359429946233,0.11706192603746077,0.10863109330660228
9,9.0,9.0,0.09641858918299831,0.10052603075488012,0.09189458049273277,0.10248400430129659,0.08116801873167416,0.1136208001864214,0.09347812102005797,0.09359645136368785,0.11243809238151262,0.1143753115847382
10,10.0,10.0,0.10430361381963685,0.09166200477533201,0.08656859354021487,0.09148434249840517,0.08768290278345109,0.12203104118918762,0.08787218237354985,0.08316301231621571,0.12570961237480913,0.11952269432919764
11,11.0,11.0,0.10128831356279569,0.09523168061299943,0.08465893563971386,0.09537962840489965,0.08469590176724948,0.1228849260509561,0.09844450830271072,0.09075078865687022,0.11974131366476155,0.10692400333704319
12,12.0,12.0,0.1071441158408866,0.09593761573372386,0.09513613185123407,0.10269421405679262,0.08240364009663188,0.11061253914620606,0.09114874348144233,0.08521316540588812,0.12213174147748063,0.10757809290971372
13,13.0,13.0,0.10612395124002845,0.08283474939375488,0.09888430243041046,0.1041793795153644,0.07486766994014683,0.12762497634044823,0.09177092473854939,0.08769723724652037,0.11941793573602208,0.10659887341875482
14,14.0,14.0,0.08829673349850499,0.08394725793382883,0.09137098503576133,0.09458864379234233,0.08534569031138037,0.12146060887243962,0.1015641870141177,0.09679442600223262,0.13138418796601417,0.10524727957337798
15,15.0,15.0,0.09038668239814543,0.09249542144692838,0.09041604670450712,0.10185382536865265,0.08324392318586991,0.10984541200966787,0.095391851320364,0.09251461245772134,0.13606805776930259,0.10778416733884064
16,16.0,16.0,0.09120835865831264,0.10292551151152263,0.09030092244723546,0.10296299609388712,0.07540558431481534,0.12599638733476343,0.09024037843345019,0.07471602138074937,0.13120616797471502,0.11503767185054876
17,17.0,17.0,0.09270094874268245,0.092345931447147,0.08133348374321209,0.09793668628030003,0.07568496515629299,0.13270550658869135,0.09255290627618287,0.08659162935843336,0.13448569526927048,0.1136622471377873
18,18.0,18.0,0.0890872331989003,0.09041696477140782,0.08509410191663219,0.10227712642242921,0.0707294912920257,0.13802468587243547,0.07951709171290358,0.1037649600645016,0.1333125094340349,0.10777583531472923
19,19.0,19.0,0.0855583188690967,0.1106804571406613,0.09177545016954207,0.09917214521008583,0.07468681293943162,0.1255526904327024,0.08431589882423654,0.08601139893893275,0.13009011448833832,0.11215671298697241
20,20.0,20.0,0.08392020004795268,0.10662270755316812,0.08197875495704435,0.09819565176700233,0.07987845042747983,0.12218837232089849,0.09146670324743048,0.08600062801262695,0.1408394933443351,0.10890903832206156
21,21.0,21.0,0.09333807915754949,0.09706411500250099,0.08327674241006673,0.09147559120324741,0.09091245041209077,0.11005304987416471,0.08664816070154652,0.08713464745723518,0.14191617063045986,0.11818099315113835
22,22.0,22.0,0.10183334911967508,0.09205652023605125,0.09165990454679679,0.09916882497574925,0.0687332113803797,0.1245234063824957,0.09088299938209046,0.08475921695706748,0.13696851236422863,0.10941405465546558
23,23.0,23.0,0.09006902583455798,0.11047572391371263,0.10394958959501144,0.09028108743798853,0.06987825116514525,0.11613548864570397,0.07587885822984591,0.08855800309637912,0.13972691482397548,0.11504705725767961
24,24.0,24.0,0.08572046572234888,0.12579991132718413,0.09269580071842136,0.10425031989134877,0.07555081817370495,0.11560970250159067,0.07870375775207561,0.07920554838278823,0.13260743337702327,0.10985624215351412
25,25.0,25.0,0.08582334175292916,0.10073548058812228,0.08614747892900247,0.09951339085551554,0.07921996210718928,0.12571291261588347,0.09546436777957103,0.07051372930660368,0.1297010071209035,0.1271683289442796
26,26.0,26.0,0.09589478677975243,0.10386427620797342,0.08606410059792012,0.09282563605757732,0.061282087382001874,0.13288984782509516,0.08564955664080028,0.09505514378761767,0.1347262178731135,0.11174834684814823
27,27.0,27.0,0.0845520497732993,0.10058377814337986,0.10296369690102132,0.09353654935485978,0.07738841866904621,0.12908546387745795,0.08571006276031651,0.07400573446104367,0.14063952013757602,0.11153472592199931
28,28.0,28.0,0.09710171750593623,0.10026886153609745,0.09238966945038053,0.10566145214964262,0.07326912739092917,0.12812205770606372,0.08126477165508517,0.07480162900136186,0.14129119134224793,0.10582952226225525
29,29.0,29.0,0.08455334624982534,0.08479945426433785,0.1019428824035612,0.0922766861502742,0.07578652628051159,0.1265624996830848,0.08361563257194332,0.09058095940026378,0.14226748114128787,0.11761453185491003
30,30.0,30.0,0.07069614514695625,0.11475697320092344,0.09076344626524227,0.08723916212917086,0.07083686213787682,0.12548175463392588,0.09262116493223183,0.09141305433496512,0.1313425599519952,0.12484887726671223
31,31.0,31.0,0.08628482318881851,0.10809034905894647,0.10346904362625024,0.08341737296220948,0.07193279209665752,0.1280841858679832,0.07871492336292236,0.07410325587703184,0.1484886546925867,0.11741459926659362
32,32.0,32.0,0.08679845066433126,0.10555288412061543,0.09559769898988689,0.10936342570006523,0.07420309096855322,0.12782299356988594,0.09458970687899321,0.07518988220917233,0.11989185118693815,0.11099001571155828
33,33.0,33.0,0.09201014692385588,0.09253475790045884,0.09921614613305665,0.09907983871665364,0.08694935463962446,0.12301555423985286,0.07897710810557527,0.07363825137163846,0.13781825053578056,0.11676059143350326
34,34.0,34.0,0.09156034104405038,0.1002539518969912,0.10486112150280827,0.08608306915588174,0.07173788835669369,0.12479883219224289,0.08640800832730741,0.07465178957300986,0.14508482450855556,0.11456017344245899
35,35.0,35.0,0.08974719383143566,0.10085824406695347,0.10538204101033292,0.11395186250834972,0.08259623165267256,0.10430250109817549,0.08064775175219871,0.08413664026304261,0.134533576315575,0.10384395750126377
36,36.0,36.0,0.09330752523194832,0.11411551032375784,0.09906795715899387,0.09319487997214093,0.0688762990325529,0.12098755719480256,0.10009752411027517,0.07173823565746204,0.12716431764759872,0.11145019367046752
37,37.0,37.0,0.08782084690536114,0.1057385347305616,0.09993256576660547,0.10399911222863305,0.05970974422587427,0.11806127575496286,0.09214586326559851,0.08347100808985196,0.13734960760710013,0.11177144142545095
38,38.0,38.0,0.07867660831089077,0.09996476153485302,0.10782719259650422,0.08762700484285109,0.07005861926448202,0.13141295165057582,0.07260084277017151,0.0899698703849503,0.13748731254040908,0.1243748361043121
39,39.0,39.0,0.07745768490416509,0.11517363354379287,0.09926947039685913,0.10520239955157336,0.061554855379249096,0.13643884693345304,0.08108810067591136,0.07099229041311318,0.13085682961361442,0.12196588858826843
40,40.0,40.0,0.09631154637487349,0.10593454450874304,0.0971851522433861,0.09334590181520298,0.06687873767596515,0.12320031806755027,0.0912477179069337,0.06959396489321397,0.1368882655503487,0.11941385096378254
41,41.0,41.0,0.08885923150536872,0.09685163676397612,0.10785651537393508,0.08645597890262738,0.06184184009297983,0.1306045533358124,0.09438191586060596,0.07162841610665546,0.14104771189781332,0.12047220016022568
42,42.0,42.0,0.0801608737417688,0.10161870870978278,0.10261173203896572,0.09088571814798657,0.07535642822953664,0.12835918577841948,0.07444153897476721,0.07070867362481739,0.151441908426718,0.12441523232723735
43,43.0,43.0,0.0865923125444072,0.10389022642858263,0.09401064620087991,0.08052981649534954,0.05621375271885334,0.13752813958861043,0.09091392625621846,0.08762834919410765,0.14439594932973093,0.11829688124325988
44,44.0,44.0,0.09024642671719392,0.10609216953323483,0.09199054408055499,0.0916781373178098,0.06474389318992198,0.12064045555003,0.08494877772397978,0.08381710716498503,0.14176367671566645,0.12407881200662318
45,45.0,45.0,0.08249514503979172,0.11959313071593203,0.08825224178919079,0.08727120181117902,0.0709072825703753,0.11746576892002922,0.09057927819446818,0.07428194602082332,0.1428853823889579,0.12626862254925247
46,46.0,46.0,0.08904716104963484,0.10856224362887787,0.09558175980725465,0.0785148125732124,0.06961918289046228,0.126039985025093,0.07758025806210125,0.08450000095680983,0.14011922322312223,0.13043537278343162
47,47.0,47.0,0.08356606101685513,0.10211459875627046,0.08540080059663344,0.10658911299164427,0.07650688069813083,0.12443824836116912,0.08299925997865365,0.07911481694061491,0.13759851564397899,0.12167170501604911
48,48.0,48.0,0.07714413756828384,0.1063967873858778,0.10704438565396512,0.08935841396843888,0.07991736692829782,0.1233372494979212,0.08436806342531925,0.07870911258746223,0.13968752482382352,0.11403695816061037
49,49.0,49.0,0.07390360664768253,0.09866246911124667,0.11096130557158217,0.09343606734241015,0.08153411743834808,0.123377800564248,0.09158529877567481,0.08154184761904511,0.13438771092059315,0.1106097760091693
50,50.0,50.0,0.08931195886300748,0.0998467536337786,0.10731110377875544,0.08915723372186547,0.07476432859946912,0.13095355688368543,0.07744757479445592,0.06782230348734689,0.14524999609085648,0.11813519014677912
51,51.0,51.0,0.0778102800545119,0.10354831278452503,0.10704479164518368,0.09059213179732403,0.07859598500634066,0.1362203542882642,0.07810666720725752,0.06485873480439114,0.1442735080871826,0.11894923432501922
52,52.0,52.0,0.09175391321413398,0.10772203543277667,0.10752094061832022,0.10455411569087851,0.06841417825685095,0.1281241754608558,0.07311866008927817,0.07897820467556925,0.13266361010901076,0.10715016645232567
53,53.0,53.0,0.09364422189369727,0.10883660797382241,0.09593771292518409,0.08739830862226831,0.07203422683835713,0.12592381621917187,0.08238292725051177,0.07811614757407909,0.14197373164283952,0.11375229906006852
54,54.0,54.0,0.08756358871466803,0.09842841274381689,0.0949309940427996,0.09180665760872787,0.07202285277010498,0.14057916178785185,0.06954430972237835,0.0833930551655648,0.1460650540298241,0.11566591341426355
55,55.0,55.0,0.09847857348238553,0.10568944706729615,0.09950010018959664,0.10172645089189036,0.06672415712683775,0.1266507992901283,0.07019326638945841,0.0799630592699024,0.13720858097826516,0.1138655653142393
56,56.0,56.0,0.09149223579303534,0.10833089762086216,0.10133285470142503,0.08294737444807199,0.071900434786996,0.13773038614944885,0.08578864503997961,0.07421683745424153,0.13155813590110865,0.11470219810483076
57,57.0,57.0,0.09301950303795331,0.10134576946768725,0.10209682478641702,0.0981445629987048,0.07716514585005733,0.12831581007526488,0.07681081622716006,0.06505847448986754,0.13896995376809218,0.11907313929879552
58,58.0,58.0,0.08378431408472595,0.11055031011196628,0.0946257225526004,0.09550373590919,0.04991409529119536,0.13720174389946554,0.08045848205863543,0.0771634926360512,0.13558115890592284,0.13521694455024702
59,59.0,59.0,0.07756385508462235,0.10950828521369596,0.10327494343136283,0.0888129995822687,0.07602662666373501,0.11494995668259762,0.08497197529353981,0.08863402477916078,0.13685259852285137,0.11940473474616557
60,60.0,60.0,0.08158782572835013,0.12070963927757405,0.09623630165529642,0.09188695009854787,0.05618769722499193,0.11960693380148182,0.08431634008725433,0.07336547865616881,0.1418090042547275,0.1342938292156071
61,61.0,61.0,0.07891426114383816,0.10802270099047875,0.09669385488237195,0.09377559652924006,0.07014231104367363,0.14234361909505622,0.07537645729148541,0.06410979727350866,0.14767463005801623,0.12294677169233093
62,62.0,62.0,0.08874939552977476,0.10628729687311064,0.09662270534751669,0.09570008942617594,0.05445563288778056,0.12975225509341634,0.0751100129291511,0.07712964400709593,0.14492794822588803,0.13126501968008997
63,63.0,63.0,0.10708033313488172,0.10915690651241827,0.1043419607141165,0.08281093008497027,0.06752220494614541,0.10840052908469464,0.06801318131446797,0.08253413469469813,0.14441942044285,0.12572039907075708
64,64.0,64.0,0.07662360967967748,0.10113176038584684,0.0968882760872217,0.10379573825820854,0.07175936113459577,0.12945544053000482,0.0788833300582605,0.06698894384289823,0.14433790570139698,0.13013563432188918
65,65.0,65.0,0.09112362926893051,0.09048729278367368,0.10347924688731902,0.10279142772913057,0.07755100126554607,0.11888838590799082,0.07765360268560932,0.0790943842526714,0.13423533186692388,0.12469569735220458
66,66.0,66.0,0.08254034467361768,0.11179018597536443,0.09917076804974734,0.08520403204467177,0.06366037526777923,0.12735178939665887,0.08316746779202058,0.07969332101727541,0.1398157117566956,0.127606004026169
67,67.0,67.0,0.07129694363677028,0.11245755642556945,0.09516508370078054,0.09631152157452089,0.06506483285390799,0.13425705529053253,0.09443263313580741,0.07747688754059934,0.13354158437931427,0.11999590146219725
68,68.0,68.0,0.07946330531062282,0.11422510659839898,0.101054120666806,0.09432787532387113,0.07249254459935887,0.13287255578452434,0.08089157975892396,0.08129166740560206,0.1313659491869694,0.11201529536492234
69,69.0,69.0,0.08263785036379323,0.10584279784590156,0.10682905447214527,0.11200045365977337,0.06903364250552643,0.10665776891443826,0.08511949255314706,0.0796078841436909,0.14217317247740555,0.11009788306417836
70,70.0,70.0,0.08144384111788698,0.11109098810878608,0.09871135973105098,0.09211592420008262,0.07083412565893872,0.12036431004886564,0.06892458097428042,0.08956879987484002,0.14043202851380382,0.12651404177146464
71,71.0,71.0,0.10096553659298324,0.11526171352409334,0.10061286797169963,0.08774873403173625,0.08123867078143877,0.10638359153107446,0.08584609561548905,0.07392514378439839,0.1294017407597839,0.11861590540730296
72,72.0,72.0,0.08684511635732281,0.11169199954354206,0.10858347131800963,0.0877071248579811,0.06300770560303616,0.12480187358369166,0.09247821239325064,0.06974356274565634,0.14281554948306244,0.11232538411444712
73,73.0,73.0,0.08926432694439393,0.11679942345414032,0.08822356318428207,0.08237479248785082,0.06804488859107913,0.14045472147219445,0.09633603274179711,0.0653185981397504,0.14322521640115057,0.1099584365833611
74,74.0,74.0,0.08802340960385477,0.10762519988482137,0.10394630493365327,0.09415320730169534,0.06945446695667037,0.11189840861445552,0.09010796486428505,0.06698512868470302,0.14982460426123237,0.11798130489462892
75,75.0,75.0,0.09347616604949746,0.10734740124465451,0.09995575889734797,0.08922422256240561,0.05916470316992899,0.12338910428327592,0.0917590856427083,0.06729300468935015,0.15695441917447517,0.11143613428635579
76,76.0,76.0,0.0879062409473643,0.12257433795321533,0.10310932571717642,0.08074188023472503,0.06446393011446847,0.11652442695041858,0.079458480033956,0.07621589300952637,0.1377772450151687,0.13122824002398084
77,77.0,77.0,0.09150098993094584,0.11750249205425849,0.09393322384866142,0.0889170073130828,0.06996147760426909,0.11771827656841696,0.07907777508405028,0.06571613895917323,0.15148470269667275,0.12418791594046912
78,78.0,78.0,0.10379068708722747,0.12408061857462882,0.09348476828267502,0.09301565602112996,0.05919665190837246,0.13618404184566077,0.07435313978178991,0.0722361484838097,0.1343132017277738,0.10934508628693204
79,79.0,79.0,0.08239242904500008,0.11004113089389862,0.0963120976169932,0.08948762277520522,0.061965433515480915,0.14018476161786717,0.08166900527953333,0.06320539229481993,0.14412268997990457,0.13061943698129688
80,80.0,80.0,0.08937440431243576,0.11995088482715255,0.11499247178603271,0.08411144011090854,0.05276633552253664,0.12020582359790744,0.08795424792999079,0.05947591376843603,0.13001020362844853,0.14115827451615098
81,81.0,81.0,0.09008555562372741,0.11112583431166097,0.08590669340410131,0.09055593348842819,0.0773399459476215,0.12908069544737616,0.0764337423943336,0.0705235460174124,0.15338693259963967,0.11556112076569873
82,82.0,82.0,0.09442775123594374,0.108246472307722,0.10941113503643458,0.07745796183087703,0.055431317116565994,0.1365731138326572,0.08227628008805521,0.07627542386931177,0.1363173385644263,0.12358320611800618
83,83.0,83.0,0.09255079951619168,0.09558780466130298,0.0933902891733541,0.09019448617664101,0.07340177335389894,0.13413517802413216,0.11006682664900187,0.06936532766889095,0.1238299991289902,0.11747751564759609
84,84.0,84.0,0.09622114708908643,0.12768657835016314,0.09636545113805331,0.09629852285753135,0.05287030012718186,0.13387242922783696,0.09042439726059917,0.0657076326952044,0.13601814106687304,0.10453540018747029
85,85.0,85.0,0.08989332921792746,0.10391717341444684,0.10476635985924063,0.08802427881796387,0.06665678185097468,0.12734136126087534,0.08965759003395644,0.09127117760725996,0.11281645494072856,0.12565549299662612
86,86.0,86.0,0.08993165616312784,0.0980314973411778,0.12093363604293846,0.08231074995650965,0.06399074578948931,0.12929082751670215,0.07893032104278741,0.06134916070787718,0.1616525903351941,0.11357881510419605
87,87.0,87.0,0.09026888239283273,0.09275641202744747,0.10086955570815619,0.09648869757509819,0.05568850857316955,0.12639402881764308,0.0926738114633624,0.07491616918392782,0.14887436369256044,0.12106957056580207
88,88.0,88.0,0.09121822287282536,0.09031395225895483,0.1141721963412381,0.08864928917653639,0.06568242213420564,0.12458144285596784,0.08474507661726201,0.06738620811967282,0.1454295225623003,0.12782166706103665
89,89.0,89.0,0.10381535648767022,0.09827473561900515,0.09298457560791029,0.07050764579139976,0.056093991045202296,0.11826825709374252,0.0905493165656528,0.07626469901878921,0.16130117138555047,0.1319402513850772
90,90.0,90.0,0.08773779359926541,0.1048489299149417,0.07299882945443299,0.11263907874006454,0.051210597490286516,0.13119332051087068,0.09316436231510408,0.08449009587257213,0.14028538760916542,0.12143160449329651
91,91.0,91.0,0.08448538510595471,0.10442993124015132,0.1259620220375341,0.07688101733150848,0.059135465947926055,0.12696508984595595,0.08720740762267636,0.07929188664605041,0.1363399950052408,0.11930179921700176
92,92.0,92.0,0.10071421254907113,0.09950236492086448,0.0899723201528054,0.07744154688408236,0.054459123711858334,0.1364201998193994,0.08619455375346828,0.06683349904513577,0.14734371795933113,0.14111846120398358
93,93.0,93.0,0.0731944170079172,0.11391153351837809,0.10621738571530055,0.06506078939530413,0.0849520098055685,0.12477920438919077,0.0896610261661012,0.07903062898552803,0.14297179014463218,0.12022121487207929
94,94.0,94.0,0.08953909863368281,0.09440327256202298,0.10649695601675582,0.08301412981031196,0.05451773562826515,0.11284961425338366,0.08539271141184498,0.09045010822800895,0.15395895758092776,0.12937741587479584
95,95.0,95.0,0.09036352043865312,0.12534805685154754,0.09615320753543619,0.0763830639350817,0.06950805900026177,0.11948796720730522,0.0743116345403183,0.08082681188042287,0.14993815060946197,0.11767952800151127
96,96.0,96.0,0.11178183209610533,0.11638876280680746,0.09608708787008355,0.10140397879941654,0.05874972066179255,0.1097278310069828,0.0836062354340952,0.06357264103829872,0.12965387323992209,0.1290280370464957
97,97.0,97.0,0.09742718060285452,0.12903160496058455,0.10026192548071826,0.09183462909542676,0.06476776337320714,0.13007412104575752,0.06748300342216582,0.06481562450643268,0.13097408416573417,0.12333006334711856
98,98.0,98.0,0.06880374383187925,0.10298799870246629,0.09489755770738426,0.09928843072505635,0.0775710840994871,0.12929373854902748,0.07816316349812344,0.09170366109643069,0.14041888840713274,0.11687173338301235
99,99.0,99.0,0.08312575354485478,0.11197378577283004,0.10205374656252524,0.09157953776979808,0.06450375084145399,0.1299939002329398,0.08579234017091666,0.04810614218608933,0.1574237379263579,0.12544730499223414
100,100.0,100.0,0.08434891637360123,0.11325693294628954,0.09964960861251196,0.09437700632756583,0.04731284459047681,0.129348342979402,0.08332763185260082,0.08402646048248245,0.14032795314008925,0.1240243026949801
101,101.0,101.0,0.10313906688662659,0.10437269053723439,0.11834195930918279,0.075853965527536,0.04852320626764282,0.1141042070592043,0.08828705600967461,0.07890878082764786,0.15938281603706084,0.10908625153818971
102,102.0,102.0,0.08453499612626561,0.127290580759608,0.11170254697246311,0.08887031665424105,0.049763908676458316,0.1262598314391514,0.07316352752283017,0.06612852853906467,0.14656856511033922,0.12571719819957838
103,103.0,103.0,0.09489532834702333,0.09715588510897413,0.11731927491075145,0.10838270970258287,0.05993555402340075,0.11522363800220918,0.07787012541013949,0.07581109174423246,0.14548148522034834,0.10792490753033794
104,104.0,104.0,0.08501799229322628,0.11687175368810805,0.10285639476221183,0.08990755746152468,0.06834394719025513,0.12714745429412205,0.07856047834280036,0.07383716730952543,0.1307664468504637,0.1266908078077625
105,105.0,105.0,0.08717393916239725,0.10976348239575558,0.0980732350574051,0.09169352085634559,0.05999203221877887,0.1340877234145384,0.08787893622261578,0.06364553019913172,0.1473238326208492,0.12036776785218246
106,106.0,106.0,0.09413761076568529,0.10727544519892904,0.11252048614470896,0.09091085939673013,0.0501419976772711,0.12881380335587705,0.0872140758550348,0.06545537811310731,0.1360814055249332,0.12744893796772302
107,107.0,107.0,0.08416392778448849,0.10632122282456383,0.11466876114696214,0.08470527623824142,0.05402369173112424,0.11849763446126842,0.06264821495831552,0.08750005282876458,0.1389517957907001,0.14851942223557124
108,108.0,108.0,0.08578866889290196,0.10990488876952924,0.10427735940484276,0.07790303607632061,0.06317785628750172,0.12883587150398654,0.07801751003902876,0.0862251433901502,0.14330109399538607,0.12256857164035213
109,109.0,109.0,0.11302423413232784,0.10908130663007794,0.09538819228414831,0.08087025798986244,0.051311226664078426,0.13686201105044724,0.060863545444679555,0.07389831337923194,0.14787223895410354,0.13082867347104268
110,110.0,110.0,0.08193083801912679,0.13009607090307926,0.10656737330462247,0.09321947139183775,0.06685881390445295,0.1149021552318921,0.07073049052385205,0.08395722446827544,0.14500717620149198,0.10673038605136913
111,111.0,111.0,0.07324670428391725,0.1144038476533811,0.09744405461456476,0.08803722710548813,0.07691256810311764,0.13237898134935971,0.08216798052961467,0.06609726552802583,0.14956491705974936,0.11974645377278145
112,112.0,112.0,0.089888779573329,0.1047652215135875,0.11587358388396966,0.09884560006534977,0.06823086300750619,0.11989885595751922,0.07162149385995223,0.06804382579955617,0.13180238167950692,0.13102939465972338
113,113.0,113.0,0.09697861758666919,0.10514798749144305,0.11564276860181252,0.07797048893022336,0.0551329872768165,0.13895624395763706,0.08425168695206979,0.06091672012050192,0.14428323585292888,0.1207192632298976
114,114.0,114.0,0.0837978915548002,0.10352099590434904,0.10364594835886945,0.09531472092841241,0.07313384594027743,0.1282909240982158,0.08013949967051671,0.06332889096970026,0.1458483130100563,0.12297896956480234
115,115.0,115.0,0.07983146164812653,0.12417240249736779,0.09809113131836215,0.09168760307419904,0.06404391986177721,0.11714861112361544,0.07713494413188036,0.06242520859242743,0.15431181187713838,0.13115290587510567
116,116.0,116.0,0.08969390251705907,0.12098039914603027,0.09539632130193773,0.0924805347025193,0.060104978870409484,0.13560723093974164,0.08232523602911047,0.0736926806457772,0.13638939343397205,0.1133293224134427
117,117.0,117.0,0.098137810511677,0.1118021053868542,0.0972479049151865,0.09376795022396792,0.07022716264645446,0.12469939703677727,0.0824832782711802,0.07220412295078607,0.12799861660204329,0.1214316514550731
118,118.0,118.0,0.10336306277540752,0.119713937617059,0.10827386230164673,0.07594233091632617,0.0679739504379487,0.12760061618513113,0.07504616820629266,0.0689886344071406,0.13393890234496403,0.11915853480808336
119,119.0,119.0,0.10096327476847536,0.11215743092710037,0.1091267923583312,0.09011488347895455,0.059810345747145534,0.12472811754004169,0.07034234522372954,0.07386903353491728,0.14156568776673342,0.11732208865457106
120,120.0,120.0,0.10501753004707541,0.09388843173067409,0.09317723433705721,0.09538292764560112,0.06946793728954777,0.12576881117838196,0.08299978855243524,0.06517692505769854,0.13684303484292423,0.13227737931860445
121,121.0,121.0,0.07898432537352695,0.11591554937642601,0.08668064627633487,0.09744106818349278,0.0714779625246926,0.11916426040907904,0.08629085105052813,0.07061276842640915,0.14788156414491174,0.1255510042345987
122,122.0,122.0,0.09746454135427957,0.11307979096272842,0.10926931528027875,0.08024253746673012,0.06809831892973148,0.13607782196464846,0.07201267623578905,0.05882986088158778,0.1396593473041915,0.12526578962003482
123,123.0,123.0,0.09743241445285938,0.10014636235958267,0.11849689688363334,0.08544117128396754,0.06454579474910807,0.10126803907148589,0.0856091411603355,0.07856420599586282,0.14764295062321203,0.12085302341995272
124,124.0,124.0,0.09807682348168856,0.09827636200313122,0.09771098563650973,0.07805794992039931,0.05670652216634796,0.13248231105917752,0.083334705639827,0.07710188514349794,0.14507571405359745,0.13317674089582324
125,125.0,125.0,0.09336676734679855,0.11352722532783607,0.08985834601649342,0.0780458618631079,0.06271295169073915,0.12008318781810187,0.0889164202625152,0.0853242060367073,0.14139887908459467,0.12676615455310578
126,126.0,126.0,0.09064593247074192,0.11432041620860593,0.10081006353980651,0.09538251415705953,0.0742478435348997,0.11971570744005886,0.07304504522140658,0.06641119681706673,0.13990394171713105,0.12551733889322308
127,127.0,127.0,0.0884670664193907,0.10675754441512415,0.09616491821424686,0.09548236107662733,0.05881008426167578,0.10988496471347883,0.08763943378714326,0.06841785520095853,0.15181779157254857,0.13655798033880592
128,128.0,128.0,0.08400698137430004,0.11557031330216534,0.09073213993389934,0.07578645480549316,0.07381396353213165,0.13845626825849114,0.09737338415816994,0.08062687061209535,0.13328671041712253,0.11034691360613147
129,129.0,129.0,0.08763556330069462,0.12370265768852633,0.09294854823413365,0.0936880253225221,0.05661325246634439,0.1166844341569068,0.08400367432979576,0.06417345767849007,0.15390448609868254,0.12664590072390364
130,130.0,130.0,0.07986611553483279,0.11101137580920144,0.09262107723339141,0.086642754152018,0.06233614256132294,0.11680963362666599,0.08113236875706739,0.07442749741089241,0.15869637722115604,0.13645665769345153
131,131.0,131.0,0.07667625595707028,0.12115383209088215,0.104454210899257,0.10030753788007896,0.06836257695607884,0.12295264592984816,0.07703514503682599,0.0606858046987682,0.13854525328938885,0.12982673726180147
132,132.0,132.0,0.09204976123737513,0.12696913815258898,0.09523441096612359,0.10196519459425238,0.06966455092717064,0.12059363692851315,0.06855122639897634,0.07124792837247164,0.12907313455171107,0.12465101787081709
133,133.0,133.0,0.1015100362868058,0.11163677977718196,0.10792157908580628,0.09320333365114614,0.07300082280360402,0.12492013059794185,0.07459426787783283,0.06476321467328201,0.1405200686906922,0.10792976655570688
134,134.0,134.0,0.0833168983297137,0.10660513415688214,0.09625589417069932,0.09333367704027605,0.07519134346061784,0.11619926083177456,0.07334184095625687,0.07397848871744392,0.14735841073837547,0.13441905159796005
135,135.0,135.0,0.10463818100783887,0.10205891985027556,0.10456657311898976,0.10287487508095157,0.0711651932203022,0.11549499802075025,0.08570994966390104,0.06446058696000201,0.1325621187457259,0.1164686043312628
136,136.0,136.0,0.1001830917254489,0.08933190174657642,0.10448198363149674,0.08376238340209609,0.06719803274207159,0.11231301992544326,0.07890080321894496,0.08312474729929133,0.14776185905788414,0.1329421772507465
137,137.0,137.0,0.10030259416277965,0.1449884897342152,0.11223625300736037,0.1017289463017698,0.06578361398062357,0.1083913755014341,0.0706077025653582,0.056173484931758146,0.12792743970403397,0.11186010011066697
138,138.0,138.0,0.09762448576734142,0.11026612394851083,0.10750280123575309,0.09596460744255209,0.0595517529437235,0.10266654865840266,0.08431454774547288,0.08048085400084656,0.1389927293381989,0.122635548919198
139,139.0,139.0,0.08400031687579097,0.1224279012725169,0.08865411631535391,0.07597668187329083,0.06451459566924891,0.12604199042665348,0.07139497639694112,0.07806029719460317,0.1497505943153204,0.13917852966028027
140,140.0,140.0,0.09191878489093276,0.1188319913668489,0.10175038304192896,0.09965407042948614,0.056926487649502436,0.11323862128778224,0.0732363216586244,0.06443700268223834,0.1432606066545352,0.1367457303381206
141,141.0,141.0,0.10058678295407293,0.10881830394222332,0.09301985568203469,0.08666141678867953,0.07977576248923537,0.12582815031784406,0.0710141793560031,0.06359557171769822,0.1554947821938528,0.11520519455835596
142,142.0,142.0,0.1016977726243661,0.1011502696970652,0.11832586983810318,0.08727626992782905,0.06352608202110306,0.12429305658483167,0.07550535720105718,0.061437294012199196,0.13796445373106442,0.12882357436238095
143,143.0,143.0,0.10028148861905228,0.11049758769754403,0.10775638432672967,0.0743422008817303,0.054153023426683856,0.14369609915663684,0.08072408401239578,0.06897674108514017,0.15389144635012378,0.10568094444396332
144,144.0,144.0,0.08825629998208293,0.10455355528834917,0.10281603182570706,0.0876980787325512,0.057684723724990394,0.10663070879151985,0.08578239503132146,0.07400497050253595,0.16251952053338292,0.130053715587559
145,145.0,145.0,0.11345665751678073,0.1164973360054532,0.10399725032133311,0.06964290864397295,0.04586884312959496,0.10942251717846521,0.08146838431013068,0.08313092099633043,0.1441167268585159,0.13239845503942288
146,146.0,146.0,0.09624639954590643,0.13041586796001609,0.0967397773360092,0.07842985410394747,0.06870653076451576,0.11027108681609857,0.07493343811341535,0.06380024756569225,0.1508854040560081,0.12957139373839077
147,147.0,147.0,0.10766888970016637,0.10294397173446804,0.1031619657297093,0.08385260091133441,0.05193170968633909,0.13105745462135338,0.08897314092497882,0.07148245316202481,0.14817907930929589,0.11074873422032985
148,148.0,148.0,0.0879115478087821,0.10975701108522953,0.10271201823869117,0.09457777876384305,0.055013898141996774,0.1227168659591337,0.08385036313320435,0.0674086322745079,0.13586460113294788,0.14018728346166356
149,149.0,149.0,0.0928940333491929,0.10891286286509369,0.10741495180349483,0.0857713666557384,0.05633549065479424,0.11748555844047903,0.0833647636046623,0.08128984570533679,0.15304232163347364,0.11348880528773411
150,150.0,150.0,0.07733138381757479,0.10736806772550078,0.10012430440840317,0.09079083311431178,0.07742734859736664,0.12544721515909749,0.08205953305056013,0.07162771397965487,0.15108029230744702,0.11674330784008327
151,151.0,151.0,0.09114497215277344,0.10189201955168783,0.1171803052122651,0.08180575322916381,0.06857480357455684,0.1108997206480021,0.06959730804855654,0.06135152646780247,0.14315990395056521,0.15439368716462665
152,152.0,152.0,0.08755199861569606,0.11188820914533204,0.10218281709606188,0.09295419529962674,0.05617870060387018,0.1349198706546699,0.07248441991111898,0.06213020073494465,0.16071967185767305,0.11898991608100651
153,153.0,153.0,0.10871245886577507,0.11507976684286236,0.09440700179104702,0.08634819165761543,0.07423342285516012,0.117488458739085,0.0788289678965509,0.0651311774014868,0.1294140067190162,0.13035654723140108
154,154.0,154.0,0.08490222224304807,0.092265781354823,0.10469545335863036,0.08055763083332843,0.06503805599984956,0.1252089331825314,0.08690103001068267,0.06443031015919812,0.15932545692468664,0.13667512593322176
155,155.0,155.0,0.08397735599275621,0.11709793568061308,0.07954370045948149,0.08948422927391066,0.05089357615828281,0.1354903427896617,0.08262598723976981,0.08241073927765404,0.15377315444544534,0.12470297868242482
156,156.0,156.0,0.08440397246286312,0.11257740045191786,0.11668871378256378,0.08694257364381024,0.055752809436037123,0.12412389063269832,0.07839021074149456,0.0694862334003456,0.16208653038812584,0.10954766506014353
157,157.0,157.0,0.1031686833477344,0.11864025779933136,0.10131643605602055,0.07516946096407376,0.07666765822559211,0.1362560408129317,0.06032856562610215,0.06567800056564022,0.14200566264498699,0.12076923395758685
158,158.0,158.0,0.11634252253320207,0.12501216807213553,0.10841052813156042,0.08977997072469839,0.05638549898621105,0.12361448395679038,0.05746198543892728,0.05436657051421373,0.1548889059743333,0.11373736566792773
159,159.0,159.0,0.09067489300369568,0.10795464162538582,0.11634272344225853,0.09070437547308088,0.057970379052190844,0.1360412102353402,0.0797744336444021,0.06343406778976937,0.15445198021021012,0.1026512955236664
160,160.0,160.0,0.0840970110459189,0.13949179868674472,0.09768162462053223,0.0960357567861416,0.05553960992941663,0.12487571087131064,0.07198150165328286,0.07429970847132156,0.13684666789504987,0.11915061004028091
161,161.0,161.0,0.07998545376609627,0.11216891375462831,0.09849097075733428,0.06213496400939998,0.06513653954310987,0.11467080148033607,0.0855238831244944,0.07969631279534341,0.16520219190118823,0.13698996886806916
162,162.0,162.0,0.07975850538601831,0.10140275689409536,0.10012944663129182,0.08923586466775124,0.070392237323243,0.13937419494596387,0.07122487491436877,0.06758237180065535,0.14804175844824236,0.13285798898836987
163,163.0,163.0,0.0994192336198089,0.1264252805409531,0.09347919382586632,0.05999552890035724,0.07763640879805253,0.13554675034402003,0.07962064715534976,0.05283230254259548,0.1635753400733387,0.11146931419965785
164,164.0,164.0,0.07693186104514767,0.09635274922387635,0.12240260254262647,0.09326787181785165,0.05813372920253355,0.11930887657212949,0.0721815546144417,0.073110900414524,0.15864064370329195,0.12966921086357716
165,165.0,165.0,0.09480725232781255,0.11401047670985158,0.11148617507665995,0.09712984176629466,0.06040414851929554,0.10408351797095919,0.06172689936778307,0.06741352942817751,0.16661531492920517,0.12232284390396071
166,166.0,166.0,0.09928725025867516,0.10481439186508561,0.12340100399136619,0.08399960016613436,0.05826452709543508,0.13663679377255564,0.07709247994790366,0.047428656247469614,0.16295032512873675,0.10612497152663784
167,167.0,167.0,0.08804864151194516,0.09855143433428416,0.13902122750125945,0.0728369129201406,0.04636203951511778,0.11292887647153826,0.07126714481384551,0.06670909360208227,0.18209274697657357,0.12218188235321312
168,168.0,168.0,0.09698101668775012,0.12298434602426252,0.10260118125492532,0.07495478539715911,0.053503939214334106,0.1309554317492797,0.09523485867679429,0.05436309865234645,0.13424893920396166,0.13417240313918666
169,169.0,169.0,0.09600403219261426,0.11307475841448707,0.10533432943340335,0.07907539302422895,0.06338686696170959,0.11775206573987484,0.07123487163158118,0.07282410828928934,0.14865480480275514,0.13265876951005617
170,170.0,170.0,0.08089068227580873,0.11358191619879494,0.1198004545339096,0.1005756474169669,0.0521251431351622,0.12338323796242343,0.08727786194725819,0.062121427580548984,0.1415850119990925,0.11865861695003448
171,171.0,171.0,0.09293595683671863,0.10435515838719903,0.10937859887274244,0.09121403203277403,0.04686814340353982,0.13369545239404634,0.0855150812434772,0.060752427526538214,0.16327452793202213,0.11201062137094216
172,172.0,172.0,0.08080177847078113,0.09354578249223264,0.11600882723278423,0.07644902725889996,0.05541401674486788,0.14061123951003202,0.09058493588562629,0.05881067959504145,0.1549164981382806,0.13285721467145384
173,173.0,173.0,0.08064010248800914,0.08421969073814643,0.11301236742081792,0.08711274499567641,0.08366318574912926,0.12160840027547226,0.08471268237956404,0.06628518982559077,0.16611849165379972,0.11262714447379392
174,174.0,174.0,0.07207769561996916,0.11657289634771502,0.11424525497459168,0.054959053955171644,0.06393625979902086,0.12041008977120318,0.08040110657352659,0.062708955424956,0.18136969226226568,0.1333189952715802
175,175.0,175.0,0.09209577670586173,0.10181545202565974,0.10547219066098942,0.08870872085114301,0.060403100828743984,0.13028489940158378,0.07192778513756079,0.07321179367624345,0.1494261276581012,0.12665415305411282
176,176.0,176.0,0.08506017202770061,0.10931324992654316,0.11804659283648888,0.08965494677357314,0.06592896236695986,0.12455709781831215,0.06831404811816828,0.058506114594052715,0.15861924543837685,0.12199957009982434
177,177.0,177.0,0.09540960446734162,0.10639079288543032,0.10026337701096251,0.07988732067407359,0.0632504708638454,0.12220939930115655,0.08988189508940013,0.049800978055078146,0.16934678401033962,0.12355937764237206
178,178.0,178.0,0.09032186154864782,0.11923396275720713,0.10769618245798987,0.07165090567723126,0.0717830768224767,0.1309945801705357,0.07022303781007375,0.05429477454468751,0.1584245105358352,0.12537710767531504
179,179.0,179.0,0.07472526268638005,0.13332958769210893,0.110782519429048,0.08524718453119376,0.06303868794714082,0.11774533712134476,0.07603899805153119,0.05512600210484301,0.14725816983671802,0.13670825059969144
180,180.0,180.0,0.09395641310288298,0.10544712981289368,0.11136531011690043,0.07980135900757479,0.04025276310515798,0.1292273569421937,0.08420596600873084,0.07813987380640305,0.14494498080514595,0.13265884729211652
181,181.0,181.0,0.09011435976152857,0.1361361750073215,0.10323945468218125,0.06841336630600048,0.06689356443719718,0.11230206588803555,0.0638092381263141,0.07539540494410821,0.1587741383631533,0.12492223248415986
182,182.0,182.0,0.09068949915364181,0.12685283742824122,0.09154267201926902,0.08251359676419975,0.05045342913899241,0.11534102462644857,0.06526215027049567,0.06787703073665943,0.16090277551485574,0.14856498434719626
183,183.0,183.0,0.09215166016260282,0.10254248967796975,0.11803153114574019,0.0949199091256793,0.05391992157518275,0.12167541982723296,0.07150828323721119,0.04864928197725469,0.15435783680122536,0.1422436664699009
184,184.0,184.0,0.08293052961146438,0.10708012808738769,0.12569541134025167,0.09433223280925408,0.04219178652144898,0.10811428603805354,0.09541673237498964,0.06615743479271552,0.14984315988222524,0.12823829854220922
185,185.0,185.0,0.10009123190234223,0.10334986788721642,0.10220497217468436,0.0952606749764946,0.044348591976021666,0.1396794643426239,0.061499181544020176,0.05111268012749846,0.152521172658821,0.14993216241027713
186,186.0,186.0,0.0954621340052832,0.13184437756661804,0.10124686455871938,0.08190970814057599,0.0317175015141546,0.12697930709392385,0.0730412750551948,0.057738171952012404,0.17173833754987008,0.12832232256364767
