,Unnamed: 0,Generation,Intertwine_two,Add_vertex,Delete_vertex,Invert_path_vertices,Insert_inside_vertex,Delete_inside_vertex,Replace_inside_vertex,Donate_between_routes,Trim_one_terminal_cb,Grow_one_terminal_cb
0,0.0,0.0,0.09999999999999999,0.09999999999999999,0.09999999999999999,0.09999999999999999,0.09999999999999999,0.09999999999999999,0.09999999999999999,0.09999999999999999,0.09999999999999999,0.09999999999999999
1,1.0,1.0,0.12877648450602755,0.09949506207465324,0.08663565906750724,0.09966315534337525,0.10548223294728513,0.0790407287030478,0.08688929251900483,0.060369501532041105,0.11094544352620488,0.14270243978085242
2,2.0,2.0,0.12794192622344744,0.09689140315750891,0.09509615382471523,0.10276606318378545,0.11164311576508405,0.09177425025062462,0.07996339060138906,0.047083787018008284,0.12535011024088988,0.12148979973454659
3,3.0,3.0,0.12359492598660089,0.10162820825681343,0.09909882923351161,0.09020282731905097,0.09294713887609003,0.0827430999263839,0.08044284682057036,0.052240712606546814,0.14423327159398597,0.13286813938044556
4,4.0,4.0,0.1240601070215063,0.09821417324233384,0.10583894548848885,0.0975595610512173,0.08644492697032059,0.09376217214442015,0.06860099735351498,0.04713633764792199,0.14532288898039028,0.13305989009988534
5,5.0,5.0,0.14280656631915428,0.1012376617385301,0.08591781697503426,0.09172866403389579,0.09859034717789518,0.09491735911370983,0.06595360470844105,0.0585386383037594,0.13387259784172795,0.12643674378785172
6,6.0,6.0,0.11679511130691278,0.09386636153984472,0.10958469243244247,0.09890029713220913,0.08586189186585473,0.09598291267289069,0.09224017205456668,0.059366741349588234,0.13596935250060158,0.11143246714508863
7,7.0,7.0,0.11981868450146052,0.08845910837699081,0.10811342236496642,0.08538408640579147,0.08901564883682198,0.09052185521595887,0.05873933744737153,0.062489711034518315,0.14451100087092233,0.15294714494519732
8,8.0,8.0,0.12788566542190175,0.10256049801874696,0.09737857294327086,0.09076782595025155,0.08000115752672321,0.09206088064409758,0.0565203440769646,0.05193613694782521,0.15293521647206618,0.1479537019981517
9,9.0,9.0,0.11693864361557726,0.10430670844886474,0.0844447401928087,0.07932105086042232,0.08943516512770641,0.100341776729951,0.0692897828279236,0.05463177263690176,0.17187108628871173,0.12941927327113195
10,10.0,10.0,0.1338878818918281,0.08745353282455498,0.10450968980705519,0.08886549875606133,0.07635443323045513,0.11025193353345475,0.06241979886933023,0.06653390247005744,0.15306995439287646,0.11665337422432598
11,11.0,11.0,0.13633443432877712,0.12033336599430619,0.08193693715701067,0.07878705813834372,0.10745339093929593,0.07952788717263849,0.08194655816245863,0.04494542778119235,0.14417976525339166,0.12455517507258489
12,12.0,12.0,0.10614820113871401,0.10209861403589801,0.11591541542422941,0.07321956028755075,0.08123593395363773,0.08180617080658473,0.0677505299385877,0.06275614854311075,0.15948659482517508,0.1495828310465115
13,13.0,13.0,0.13865158903972244,0.105936710628818,0.10687980056575788,0.05862316675745295,0.08028794118409396,0.08806065212180018,0.05583620628101642,0.05735901229399083,0.1728646092518668,0.1355003118754802
14,14.0,14.0,0.1416725259075255,0.09154276368359109,0.11900217898250239,0.05510069086568729,0.08779381689037405,0.09703997387851601,0.06270035952021122,0.047929552383727564,0.14763683617493778,0.14958130171292677
15,15.0,15.0,0.1079926009940709,0.0954340065967454,0.10964528298406447,0.07371074070606728,0.08949555169034829,0.09343838340803759,0.04530756829348029,0.047668743688056826,0.1881927223578253,0.14911439928130332
16,16.0,16.0,0.14348609846394375,0.09045424830521714,0.09287457273105779,0.07440230279703128,0.0870222104247699,0.08345568807806057,0.06826457717187762,0.05313721640594239,0.1656042005657894,0.14129888505630986
17,17.0,17.0,0.16271578764177666,0.09545227466496785,0.10827286649551945,0.07290144127051526,0.05247579726497783,0.06846747029722655,0.03771489888810172,0.04622293758494328,0.19138601753135115,0.16439050836061994
18,18.0,18.0,0.15265341362947776,0.09209520385766329,0.11092819857745306,0.053937903452797566,0.07979629270625624,0.07628058192113837,0.04306305342065676,0.05353280480718361,0.1852358994021311,0.15247664822524193
19,19.0,19.0,0.12409494899624056,0.14033607376030124,0.09242537358686624,0.06980099974051643,0.10075946446108423,0.050811230416803355,0.03519607677833132,0.07747324182809792,0.1775054573069053,0.13159713312485316
20,20.0,20.0,0.13161429630869334,0.09315161505234604,0.09660050488708956,0.06725278862670403,0.0618304444299686,0.08195754390975088,0.03234264926739263,0.05620688746568434,0.21611977104061447,0.16292349901175585
21,21.0,21.0,0.14672304021947807,0.10165526291831972,0.10881950808678961,0.07643232294195183,0.0517286880539663,0.08293742168502974,0.030000000000000006,0.08092931901313496,0.20214830323600164,0.11862613384532791
22,22.0,22.0,0.13759131434049102,0.07941883174193279,0.0955101562899396,0.06350428269426757,0.1151943961939826,0.09152712768284346,0.056373527898460986,0.059772681050086984,0.17371183344971677,0.12739584865827797
23,23.0,23.0,0.16307504586562885,0.07547717903823055,0.10771607069229105,0.05048771989568116,0.08165355736995598,0.0900070060034934,0.04929692936705521,0.056121929249831046,0.19987809859725686,0.1262864639205757
24,24.0,24.0,0.13925665726143485,0.10669209273191009,0.09399086153959912,0.05344439568927771,0.08164265771043928,0.1445501655133528,0.030000000000000006,0.034877204695155505,0.18679433411257726,0.12875163074625307
25,25.0,25.0,0.14713849625684383,0.07920819896300303,0.08262884926629024,0.07538747957327982,0.04462627192750551,0.08151105821554656,0.03508976623605694,0.06375029260137816,0.23438478736128893,0.15627479959880664
26,26.0,26.0,0.13801454311983916,0.105054869101496,0.11265403061310053,0.05093196116990225,0.041451985835856284,0.11652360717311486,0.04548430277327722,0.058906064959523864,0.22514536623912274,0.10583326901476689
27,27.0,27.0,0.12585471424345204,0.08520784052047495,0.09319828745984035,0.07522481726455048,0.10190011901108946,0.07661013309653936,0.05478277353941026,0.048981906565974655,0.19933700952586825,0.1389023987728
28,28.0,28.0,0.11900797545576514,0.07725698530640326,0.07854722677399659,0.05828372752420159,0.08091642433672927,0.11694921003562582,0.04010273966798437,0.06034473932354141,0.23401203423081465,0.13457893734493764
29,29.0,29.0,0.1327988292649808,0.09903261296599301,0.1172069353080657,0.05031021880448368,0.044096813529294024,0.11599742222964964,0.03719855255970218,0.053530300685774114,0.24415938314077654,0.10566893151128007
30,30.0,30.0,0.13269940012872652,0.05399712332114265,0.11613918671942665,0.039784939577554954,0.04672606430828287,0.07890670138925573,0.05597036067035728,0.030000000000000006,0.26894139207625195,0.17683483180900125
31,31.0,31.0,0.14150764754866316,0.09526997881398,0.11759596942391207,0.030000000000000006,0.034805215554698246,0.10490630845794095,0.030000000000000006,0.030000000000000006,0.2921478682958222,0.12376701190498311
32,32.0,32.0,0.15516956551753291,0.07167420685182513,0.0892643693732634,0.030000000000000006,0.0559629432895379,0.07136211095737666,0.08246016351924243,0.05048555514091274,0.2812968347913173,0.11232425055899134
33,33.0,33.0,0.11726861914745987,0.08373299294675178,0.1659036954734436,0.040689259387522866,0.05348980670611273,0.11743410033841792,0.030000000000000006,0.031958493510190845,0.22259842250034195,0.13692460998975825
34,34.0,34.0,0.15143947263364152,0.07542426726782621,0.1353140219516932,0.06146384339070095,0.04576244031718089,0.039706636201409184,0.030000000000000006,0.05564529917158164,0.27057779493025186,0.1346662241357144
35,35.0,35.0,0.13842890729525184,0.08465594983290617,0.11303999543485821,0.030000000000000006,0.030000000000000006,0.08546886844724604,0.03939027870961045,0.032939158043018904,0.29567387803142914,0.150402964205679
36,36.0,36.0,0.12438235697828319,0.10695376433423147,0.14508619042909246,0.030000000000000006,0.05473138836844722,0.06023351604455922,0.032862168661698644,0.043493080833722185,0.2748088932270822,0.12744864112288318
37,37.0,37.0,0.1569947014287369,0.10773718692971071,0.1478645044200263,0.030000000000000006,0.051260968062374714,0.08727762187297605,0.030000000000000006,0.032148776288759416,0.2696371836089609,0.08707905738845495
38,38.0,38.0,0.1753589664505558,0.07171248365963265,0.09191712272719518,0.030000000000000006,0.07238336953275297,0.059515185105215154,0.030000000000000006,0.030000000000000006,0.3219722157803616,0.11714065674428649
39,39.0,39.0,0.17666488138877642,0.06369337423288476,0.12863106504387622,0.045701501154734425,0.03776268700184158,0.12727196587486062,0.030000000000000006,0.05181428752750043,0.23944142915478359,0.09901880862074178
40,40.0,40.0,0.17641274049478856,0.061857760495181616,0.13151266398160177,0.030000000000000006,0.030000000000000006,0.07597527692878578,0.030000000000000006,0.03305195580641494,0.332979719200935,0.09820988309229227
41,41.0,41.0,0.18491494221944554,0.11035245753244775,0.11257898077373973,0.07642015989758669,0.030000000000000006,0.08089415711068117,0.030000000000000006,0.055799252144585386,0.21541342187377482,0.10362662844773878
42,42.0,42.0,0.17870724664274598,0.14817838342249867,0.058416715246917925,0.06280020930284927,0.046964690870146916,0.039959421952662874,0.030000000000000006,0.030000000000000006,0.2222356720477768,0.18273766051440138
43,43.0,43.0,0.15933220405703155,0.09524447571577752,0.08546612685239066,0.030000000000000006,0.030000000000000006,0.09954973883975955,0.030000000000000006,0.030000000000000006,0.29540549992146026,0.14500195461358031
44,44.0,44.0,0.179617344155313,0.06687391187017062,0.0937030086969417,0.06016489556614145,0.030000000000000006,0.07744345810342661,0.030000000000000006,0.030000000000000006,0.2937454907413412,0.1384518908666653
45,45.0,45.0,0.12552749859625095,0.0964350078684105,0.08139002220290778,0.042138250522299935,0.08995186136071888,0.05098214096236897,0.030000000000000006,0.030000000000000006,0.3408796266826602,0.11269559180438274
46,46.0,46.0,0.15402108375765491,0.0683789445950164,0.10193850881279624,0.05442332637133006,0.06739446768453886,0.07939215039588413,0.030000000000000006,0.030000000000000006,0.27914401198898886,0.13530750639379038
47,47.0,47.0,0.1921370804482317,0.06260499492569926,0.09977603143776444,0.05545298494534364,0.034569734157208244,0.03332136772116884,0.030000000000000006,0.03995549227106082,0.33331562303174317,0.11886669106177983
48,48.0,48.0,0.15463278938737404,0.1097713625408125,0.07382205709686192,0.030000000000000006,0.04703009001912086,0.06857659546396114,0.030000000000000006,0.055167940107159544,0.2717796920977308,0.15921947328697902
49,49.0,49.0,0.17090572559912323,0.09252286072809283,0.1820553873229644,0.030000000000000006,0.05435615094631111,0.041718359626247446,0.030000000000000006,0.030000000000000006,0.2868228522480939,0.08161866352916705
50,50.0,50.0,0.15462415680650596,0.14077819715946388,0.08988058041349868,0.041567532879222505,0.03658144329896908,0.0673241184836035,0.04809119327368762,0.06386515637716034,0.2678050177747213,0.08948260353316702
51,51.0,51.0,0.16027206295621851,0.11289478442586146,0.07584727874545974,0.049742844315126857,0.044742506803558776,0.04981863316906918,0.030000000000000006,0.04485921314983223,0.3154307600919791,0.1163919163428941
52,52.0,52.0,0.18284522864157277,0.07206959768652885,0.04739293734291664,0.035152203543843706,0.052962118719744336,0.08543475394323438,0.030000000000000006,0.030000000000000006,0.2858914583341129,0.17825170178804634
53,53.0,53.0,0.09086158266981514,0.12298895791132802,0.14665785383751834,0.035285538267031145,0.0338440278305681,0.03111274489832234,0.030000000000000006,0.030000000000000006,0.31320891032797044,0.16604038425744627
54,54.0,54.0,0.1750931084629854,0.07982735123654519,0.14275744535133042,0.030000000000000006,0.040210329789832036,0.07300024809292535,0.030000000000000006,0.04595364029661255,0.25503827586776323,0.12811960090200583
55,55.0,55.0,0.1581647656750081,0.058735179860158325,0.16498259280494626,0.030000000000000006,0.09378326881350216,0.04374939553257566,0.030000000000000006,0.0318921136768884,0.28738585693148233,0.1013068267054386
56,56.0,56.0,0.17676217493665833,0.04900255585337106,0.13599520253830816,0.04243484416850244,0.06790285878713431,0.0640238372770395,0.030000000000000006,0.030000000000000006,0.3121657183572495,0.09171280808173657
57,57.0,57.0,0.23873595987839705,0.041533680654749584,0.07605176662278593,0.05801308870137471,0.030000000000000006,0.05630451430515897,0.030000000000000006,0.030000000000000006,0.36824691636519424,0.07111407347233939
58,58.0,58.0,0.23542568527407365,0.08543783923155321,0.09175949540804157,0.030000000000000006,0.030000000000000006,0.038107609853565386,0.030000000000000006,0.030000000000000006,0.3273908500124974,0.1018785202202687
59,59.0,59.0,0.18682234239573103,0.1209883329726664,0.08884785940923191,0.030000000000000006,0.030000000000000006,0.04418169799663875,0.030000000000000006,0.030000000000000006,0.2869276853190103,0.1522320819067215
60,60.0,60.0,0.16312688032535222,0.047665643378827546,0.08129545811275754,0.030000000000000006,0.08067628865574653,0.04321151283930932,0.030000000000000006,0.030000000000000006,0.32441837798583595,0.16960583870217077
61,61.0,61.0,0.14632757083721057,0.04755839914272382,0.12619396167145078,0.030000000000000006,0.06510027517765668,0.03471582505810269,0.030000000000000006,0.030000000000000006,0.352017417296606,0.13808655081624935
62,62.0,62.0,0.1185572516109648,0.10176993732289856,0.12408913765979161,0.05090497737556562,0.030000000000000006,0.06858853151906573,0.05117551560339125,0.030000000000000006,0.2661177538263691,0.15879689508195313
63,63.0,63.0,0.16560406320930582,0.0621323964197924,0.06303722314477853,0.034735311190350136,0.07522500081317325,0.0747687129346005,0.030000000000000006,0.07022099447513812,0.2949844524534259,0.12929184535943528
64,64.0,64.0,0.18854827479094513,0.05783760065604944,0.06797405856465347,0.05231840436794945,0.03484014395559881,0.03457328095249572,0.030000000000000006,0.049528603821955765,0.33617341606422,0.14820621682613216
65,65.0,65.0,0.15412201748014728,0.07969655637261042,0.11623502486603335,0.030000000000000006,0.048760627899175235,0.050236786269235924,0.030000000000000006,0.032188737955222105,0.328287159133328,0.13047309002424753
66,66.0,66.0,0.13904898125671755,0.07561559022947953,0.10349240458630567,0.030000000000000006,0.030000000000000006,0.04014657980456025,0.030000000000000006,0.047889029700706076,0.3322213866611184,0.17158602776111237
67,67.0,67.0,0.16652110335510703,0.0579164556847217,0.09825465642447466,0.030000000000000006,0.030000000000000006,0.08744101019879905,0.030000000000000006,0.03255380450564553,0.3520711860327494,0.11524178379850254
68,68.0,68.0,0.22681746784811702,0.07115809573050211,0.07211536722781382,0.030000000000000006,0.030000000000000006,0.036800106818255296,0.030000000000000006,0.030000000000000006,0.3476990381430047,0.12540992423230682
69,69.0,69.0,0.13590698567975806,0.06442531207075183,0.12836073751845872,0.06619889502762431,0.030000000000000006,0.030000000000000006,0.06202879067650766,0.030000000000000006,0.2856982708518977,0.16738100817500162
70,70.0,70.0,0.1736232013884598,0.07064027256329489,0.13413936642889152,0.060090438800142476,0.030000000000000006,0.044464659220963744,0.030000000000000006,0.030000000000000006,0.29384699878314746,0.13319506281510002
71,71.0,71.0,0.15026519359557156,0.09688370464302623,0.08873485446715632,0.03614035087719299,0.030000000000000006,0.030000000000000006,0.030000000000000006,0.058262389072261514,0.36262624162445717,0.11708726572033415
72,72.0,72.0,0.19450082284658557,0.05884236161700142,0.13035838742711053,0.0511747430249633,0.030000000000000006,0.07838309271606762,0.030000000000000006,0.03146263215851478,0.31296626251281245,0.08231169769694416
73,73.0,73.0,0.18854948235827534,0.03938234350132187,0.08584635237831814,0.030000000000000006,0.030000000000000006,0.04424763504648173,0.030000000000000006,0.030000000000000006,0.3823831367223095,0.13959104999329314
74,74.0,74.0,0.13834325544551004,0.0694871794871795,0.06272261659368611,0.030000000000000006,0.030000000000000006,0.03618472951879017,0.030000000000000006,0.05675973527260969,0.42129422256405336,0.12520826111817102
75,75.0,75.0,0.10690706974548798,0.14369180489707892,0.15575729246945413,0.030000000000000006,0.030000000000000006,0.041611218551941,0.030000000000000006,0.0512494215640907,0.3295145116650736,0.08126868110687362
76,76.0,76.0,0.16391503873561555,0.05856452821442511,0.1370665466470004,0.04423937325947915,0.030000000000000006,0.07163186236630245,0.0926375371459262,0.030000000000000006,0.2918941134640794,0.0800510001671717
77,77.0,77.0,0.12771522564241417,0.05475562877539815,0.1417014805009102,0.036894990093405036,0.07736379613356767,0.04234805138723956,0.030000000000000006,0.05469610277447913,0.3455943507721152,0.0889303739204708
78,78.0,78.0,0.14445777065657736,0.06485460646756652,0.10141940245898351,0.030000000000000006,0.030000000000000006,0.06370483533207226,0.030000000000000006,0.03628644103138764,0.3297161800906002,0.16956076396281233
79,79.0,79.0,0.17668201896979338,0.07743602686871115,0.07176206720884004,0.04231394551278208,0.030000000000000006,0.05047188979431065,0.030000000000000006,0.034766688585593064,0.378358972611351,0.10820839044861856
80,80.0,80.0,0.15604402328995004,0.06307831303861774,0.10141813326725982,0.030000000000000006,0.030000000000000006,0.06506915043748236,0.06404405286343615,0.030000000000000006,0.29950125930282423,0.1608450678004295
81,81.0,81.0,0.14765187661446016,0.10809261569756712,0.08213460930584018,0.030000000000000006,0.049952332862048074,0.0685957789972171,0.030000000000000006,0.030000000000000006,0.3541846493107126,0.09938813721215464
82,82.0,82.0,0.22205976751961526,0.0980283000326867,0.1349744422454008,0.030000000000000006,0.044860270112413905,0.03744241583675262,0.030000000000000006,0.030000000000000006,0.2591623197786773,0.11347248447445327
83,83.0,83.0,0.15707348656107176,0.08762130204986915,0.12343903256429681,0.05220625162783338,0.030000000000000006,0.03789165698701199,0.030000000000000006,0.030000000000000006,0.34048666025375496,0.11128160995616174
84,84.0,84.0,0.1767745664903207,0.08188503433612501,0.09852849259799007,0.030000000000000006,0.030000000000000006,0.030000000000000006,0.030000000000000006,0.030000000000000006,0.3994839216366099,0.09332798493895426
85,85.0,85.0,0.17185048285231996,0.05640822574554093,0.061482529567959944,0.030000000000000006,0.059264573902091944,0.030000000000000006,0.030000000000000006,0.0564182066228451,0.4373442566619583,0.06723172464728369
86,86.0,86.0,0.12094062667433143,0.11981592389350741,0.11698658018827521,0.030000000000000006,0.034012691355867056,0.06131802868752821,0.030000000000000006,0.030000000000000006,0.36529662631744486,0.09162952288304574
87,87.0,87.0,0.1850259231740336,0.07193575959371362,0.09897177422465622,0.030000000000000006,0.030000000000000006,0.0617082175248216,0.030000000000000006,0.030000000000000006,0.35484203393500474,0.10751629154777007
88,88.0,88.0,0.15339063301963368,0.04720686175580223,0.11214872340410738,0.030000000000000006,0.030000000000000006,0.08869500397250832,0.030000000000000006,0.030000000000000006,0.3347705530269397,0.1437882248210086
89,89.0,89.0,0.12269407433170501,0.030000000000000006,0.17730645165978576,0.09274210808650019,0.030000000000000006,0.038465994060281825,0.030000000000000006,0.05636792023799427,0.27424929919735125,0.14817415242638157
90,90.0,90.0,0.1634810941155756,0.09136123276435808,0.08324447125585979,0.030000000000000006,0.030000000000000006,0.036622706422018356,0.030000000000000006,0.04957236823357077,0.33376413241846,0.1519539947901574
91,91.0,91.0,0.1789270610975922,0.0539679273808494,0.13487094820307616,0.04421301894397421,0.030000000000000006,0.07530218196370954,0.030000000000000006,0.030000000000000006,0.3146922758051212,0.10802658660567713
92,92.0,92.0,0.1634857408458403,0.0867005258581854,0.10795300197489766,0.030000000000000006,0.030000000000000006,0.035269296611310105,0.030000000000000006,0.06580623930498883,0.3299347027583475,0.12085049264643007
93,93.0,93.0,0.20942489997705907,0.11610621030247519,0.08377574919063296,0.030000000000000006,0.030000000000000006,0.04755319148936171,0.030000000000000006,0.06156497103602433,0.31278118747254613,0.07879379053190051
94,94.0,94.0,0.14504133328521857,0.13781422370164717,0.1629948007889414,0.030000000000000006,0.056222389407883246,0.038306890565795615,0.030000000000000006,0.03612763965463436,0.29786461076946014,0.0656281118264194
95,95.0,95.0,0.10768009864131715,0.06663263510211496,0.16831078518516399,0.030000000000000006,0.07134002618943693,0.0454959796274388,0.030000000000000006,0.056756607824880775,0.2802040122658872,0.1435798551637601
96,96.0,96.0,0.28611167353983014,0.05689982044490945,0.13768251277085725,0.030000000000000006,0.035620071935958966,0.030000000000000006,0.030000000000000006,0.030000000000000006,0.2958127215959497,0.06787319971249432
97,97.0,97.0,0.20264195758399678,0.0469266171629034,0.17293585699464176,0.030000000000000006,0.030000000000000006,0.07215201811125904,0.030000000000000006,0.030000000000000006,0.2844046761780016,0.10093887396919732
98,98.0,98.0,0.21345090682604972,0.06578335230664457,0.15299952663179275,0.052441048602585416,0.04908465271700215,0.0413203235143065,0.030000000000000006,0.030000000000000006,0.2826085608098202,0.08231162859179857
99,99.0,99.0,0.18065265290777086,0.04429498245702893,0.15145514376097508,0.032352489082969435,0.030000000000000006,0.057527175492646646,0.030000000000000006,0.030000000000000006,0.3070550638325697,0.13666249246603923
100,100.0,100.0,0.1974357282284903,0.07574538684418894,0.07648441869814693,0.030000000000000006,0.030000000000000006,0.030000000000000006,0.030000000000000006,0.030000000000000006,0.3588871188405477,0.14144734738862613
101,101.0,101.0,0.2136282250284464,0.056738315812706566,0.1399933139150203,0.030000000000000006,0.030000000000000006,0.030000000000000006,0.030000000000000006,0.030000000000000006,0.31106030068947926,0.1285798445543474
102,102.0,102.0,0.2043213301834696,0.09605784208883436,0.11619462001113415,0.030000000000000006,0.05374797974901354,0.030000000000000006,0.030000000000000006,0.030000000000000006,0.30393457289736975,0.10574365507017854
103,103.0,103.0,0.18359718030121677,0.040323461108510775,0.08728798682148489,0.06516675314873341,0.06867727082461281,0.047740304126438884,0.030000000000000006,0.030000000000000006,0.31422917680455403,0.13297786686444837
104,104.0,104.0,0.210906462655585,0.057259950056352336,0.09641156138996507,0.04470470808636098,0.030000000000000006,0.057775559718681854,0.030000000000000006,0.030000000000000006,0.33361171022883457,0.1093300478642201
105,105.0,105.0,0.20601546522331732,0.1003578042142546,0.0815534682066308,0.030000000000000006,0.030000000000000006,0.030000000000000006,0.030000000000000006,0.030000000000000006,0.3570339916956569,0.1050392706601403
106,106.0,106.0,0.24259393540177693,0.09464087249274006,0.044994494916651105,0.030000000000000006,0.09130529891060057,0.030000000000000006,0.030000000000000006,0.030000000000000006,0.26608354920381605,0.14038184907441517
107,107.0,107.0,0.16921275766947316,0.12157513907203817,0.13945261622525698,0.030000000000000006,0.04203865013177745,0.030000000000000006,0.030000000000000006,0.030000000000000006,0.2839494396791612,0.12377139722229294
108,108.0,108.0,0.27010828594173797,0.09208036756151147,0.07113694152128597,0.030000000000000006,0.030000000000000006,0.030000000000000006,0.030000000000000006,0.030000000000000006,0.29368538532683014,0.12298901964863437
109,109.0,109.0,0.1426537932874612,0.12931659171164692,0.19294686463324598,0.030000000000000006,0.052442934309113086,0.030000000000000006,0.030000000000000006,0.030000000000000006,0.23350654019658812,0.1291332758619446
110,110.0,110.0,0.21883181038290767,0.06120161849132248,0.10917926063076697,0.030000000000000006,0.08177691231059454,0.030000000000000006,0.030000000000000006,0.030000000000000006,0.30620399725491193,0.10280640092949626
111,111.0,111.0,0.2125474271923092,0.08656831925746841,0.09620310340706759,0.030000000000000006,0.030000000000000006,0.05359377175476866,0.030000000000000006,0.030000000000000006,0.330853325919242,0.10023405246914399
112,112.0,112.0,0.2524913710173945,0.066066175319095,0.07259086778705996,0.030000000000000006,0.07878787878787881,0.035653515262484635,0.030000000000000006,0.030000000000000006,0.3034137321328204,0.10099645969326665
113,113.0,113.0,0.1833618614604967,0.045231481481481484,0.10040926446577877,0.030000000000000006,0.04965591413457976,0.030000000000000006,0.030000000000000006,0.030000000000000006,0.4251634238454748,0.0761780546121885
114,114.0,114.0,0.13853302808860293,0.10172756769660767,0.09669894464648456,0.030000000000000006,0.07909515350676434,0.04150930185570112,0.030000000000000006,0.05417178801243584,0.3546900436745249,0.07357417251887857
115,115.0,115.0,0.1519354224860923,0.07486449037192891,0.17706428691625578,0.030000000000000006,0.0348458058528245,0.030000000000000006,0.030000000000000006,0.030000000000000006,0.30584131385600244,0.13544868051689601
116,116.0,116.0,0.18113009401375033,0.09640577469644271,0.080837525071824,0.030000000000000006,0.030000000000000006,0.062077487280015886,0.030000000000000006,0.030000000000000006,0.30210019794896065,0.15744892098900637
117,117.0,117.0,0.1914905931951946,0.11693677770352803,0.0554068758260034,0.05822859300787381,0.030000000000000006,0.05870454151666251,0.030000000000000006,0.030000000000000006,0.364441845825877,0.06479077292486046
118,118.0,118.0,0.222591172558175,0.08224690656952022,0.12822241317608507,0.03614457831325302,0.030000000000000006,0.03353588615459906,0.06483473529503736,0.030000000000000006,0.2766175380539931,0.09580676987933712
119,119.0,119.0,0.2067366654013451,0.06318384672257418,0.17286671440831447,0.04997323340471092,0.054120639014256046,0.030000000000000006,0.0335,0.030000000000000006,0.3031965676022959,0.05642233344650323
120,120.0,120.0,0.3305218370725943,0.06970654807381768,0.1175355211607402,0.030000000000000006,0.07230215827338131,0.030000000000000006,0.030000000000000006,0.030000000000000006,0.2217797314746353,0.06815420394483113
121,121.0,121.0,0.2159030031229429,0.05461159710499804,0.11639993724685598,0.08963351314792065,0.030000000000000006,0.05092164179104479,0.030000000000000006,0.030000000000000006,0.3196360867372059,0.0628942208490316
122,122.0,122.0,0.26213144354877704,0.05010034234904622,0.09956657023927432,0.03305142405063292,0.0606664087144045,0.06072234074977142,0.030000000000000006,0.030000000000000006,0.27790262386142583,0.09585884648666772
123,123.0,123.0,0.1939543675995825,0.044951051551668106,0.06163235513187426,0.0809090909090909,0.03536199465328168,0.030000000000000006,0.04815484831273985,0.030000000000000006,0.29411302932739464,0.1809232625143679
124,124.0,124.0,0.2579855681189112,0.04526777207066117,0.13321175437111205,0.03523722627737226,0.04196859552195407,0.06945827232796487,0.030000000000000006,0.030000000000000006,0.2531391679165826,0.10373164339544168
125,125.0,125.0,0.20098975761195162,0.1830121375302263,0.08813923510271458,0.030000000000000006,0.030000000000000006,0.05930890254868966,0.030000000000000006,0.030000000000000006,0.2841868427674736,0.06436312443894424
126,126.0,126.0,0.23518506344398588,0.0350132625994695,0.10441485785746425,0.030000000000000006,0.030000000000000006,0.030000000000000006,0.030000000000000006,0.030000000000000006,0.388556701456323,0.08683011464275736
127,127.0,127.0,0.18985899455225577,0.09143349715327861,0.0885498253201247,0.030000000000000006,0.030000000000000006,0.030000000000000006,0.030000000000000006,0.030000000000000006,0.3993640527560266,0.0807936302183143
128,128.0,128.0,0.15578160111169928,0.0614055330731159,0.05121212121212121,0.030000000000000006,0.030000000000000006,0.030000000000000006,0.030000000000000006,0.030000000000000006,0.46699644742831037,0.11460429717475326
129,129.0,129.0,0.1878111344220923,0.15947746209561056,0.05419824098081636,0.030000000000000006,0.030000000000000006,0.11260691532119546,0.030000000000000006,0.030000000000000006,0.30453644336186037,0.061369803818424926
130,130.0,130.0,0.18377896917754294,0.06744502641160013,0.08941910625228051,0.030000000000000006,0.030000000000000006,0.0748780487804878,0.030000000000000006,0.030000000000000006,0.37477370114727976,0.08970514823080884
131,131.0,131.0,0.17425451100837236,0.030000000000000006,0.051132455820231036,0.07497519603136502,0.04521414492265905,0.07840828958920858,0.030000000000000006,0.030000000000000006,0.4116742768332234,0.07434112579494052
132,132.0,132.0,0.2201757242301028,0.06483762439352622,0.04382978723404256,0.03520151133501259,0.030000000000000006,0.030000000000000006,0.030000000000000006,0.030000000000000006,0.4235398176716763,0.09241553513563942
133,133.0,133.0,0.16036740610338263,0.04938896037032099,0.10662506934168588,0.030000000000000006,0.08172106824925815,0.030000000000000006,0.030000000000000006,0.030000000000000006,0.3259148446020338,0.15598265133331848
134,134.0,134.0,0.19827098526902068,0.09960184360164279,0.08616124618298426,0.030000000000000006,0.061525943156748183,0.030000000000000006,0.030000000000000006,0.030000000000000006,0.3645264874734231,0.06991349431618091
135,135.0,135.0,0.23719299034522584,0.08009106410846002,0.07706524164869674,0.030000000000000006,0.030000000000000006,0.030000000000000006,0.030000000000000006,0.030000000000000006,0.33134908283822895,0.12430162105938843
136,136.0,136.0,0.2522721792291001,0.05614000845120528,0.09077013466156,0.030000000000000006,0.0680781847738268,0.04885432939565744,0.030000000000000006,0.030000000000000006,0.3143856877321075,0.07949947575654273
137,137.0,137.0,0.2391939578186403,0.08227848101265825,0.07337882805404183,0.030000000000000006,0.030000000000000006,0.030000000000000006,0.030000000000000006,0.030000000000000006,0.34113102585451116,0.1140177072601484
138,138.0,138.0,0.16665321228607605,0.05338081356904156,0.07434085135034839,0.030000000000000006,0.030000000000000006,0.04086888331242159,0.030000000000000006,0.030000000000000006,0.369460710334926,0.17529552914718632
139,139.0,139.0,0.12270229587584502,0.10428205128205126,0.08611683665296097,0.030000000000000006,0.030000000000000006,0.06617968040796711,0.030000000000000006,0.030000000000000006,0.36815304877788163,0.13256608700329395
140,140.0,140.0,0.20489953910470948,0.09061604661599769,0.11895826288995622,0.046198700650385414,0.04133909045526979,0.03291181364392678,0.03944924204605815,0.030000000000000006,0.28760339272143964,0.10802391187225666
141,141.0,141.0,0.19786896315863606,0.1346624834926724,0.07211287553758708,0.06416833850474446,0.03307005668451263,0.061892083459520394,0.037917514607427295,0.03752163887705592,0.28209419703816085,0.07869184863968275
142,142.0,142.0,0.2649419019243074,0.04570134065207748,0.08554035861096064,0.03783584422097165,0.03272077924339293,0.04544767733476446,0.031440412540619786,0.0331596146052305,0.2623222898080305,0.16088978105964447
143,143.0,143.0,0.26143505705410847,0.03956328975892487,0.07868389182882354,0.030000000000000006,0.038168643335748334,0.03242033876614765,0.030000000000000006,0.03726101629844296,0.2712243479400308,0.18124341501777327
144,144.0,144.0,0.24105103778705095,0.0985079504620278,0.03986181775546586,0.04009394506908598,0.03452487192752131,0.04565405167996487,0.030000000000000006,0.030000000000000006,0.33007081718132153,0.1102355081375616
145,145.0,145.0,0.22379437902659854,0.12572812427249253,0.0800649038110947,0.030000000000000006,0.030000000000000006,0.030000000000000006,0.030000000000000006,0.030000000000000006,0.29725172901192,0.12316086387789411
146,146.0,146.0,0.2750875097238356,0.04555894001963412,0.13766388699169402,0.030000000000000006,0.030000000000000006,0.030000000000000006,0.030000000000000006,0.030000000000000006,0.25811753787544545,0.13357212538939064
147,147.0,147.0,0.19921526740950213,0.03615090735434574,0.13707465476612662,0.030000000000000006,0.030000000000000006,0.030000000000000006,0.030000000000000006,0.030000000000000006,0.38422209948739117,0.09333707098263426
148,148.0,148.0,0.17141141120913592,0.11037850571483217,0.11499263673583182,0.056237826486415544,0.05085762959103936,0.030000000000000006,0.030000000000000006,0.030000000000000006,0.31440270454588404,0.09171928571686115
149,149.0,149.0,0.24992866769403893,0.047357151045108035,0.09108309416917951,0.030000000000000006,0.030000000000000006,0.030000000000000006,0.030000000000000006,0.030000000000000006,0.4035683787500237,0.05806270834164974
150,150.0,150.0,0.2787770293563618,0.06748110030746308,0.13964665495583517,0.030000000000000006,0.030000000000000006,0.030000000000000006,0.049631086790292746,0.030000000000000006,0.29678879603001684,0.047675332560030224
151,151.0,151.0,0.2892701198054901,0.030000000000000006,0.07379650875343799,0.030000000000000006,0.030000000000000006,0.07234567901234568,0.030000000000000006,0.030000000000000006,0.23798105334688016,0.1766066390818459
152,152.0,152.0,0.27635746324784854,0.05264382384030627,0.05331043913793806,0.030000000000000006,0.030000000000000006,0.04912322312542174,0.030000000000000006,0.030000000000000006,0.3687979163421684,0.0797671343063169
153,153.0,153.0,0.28233754021328683,0.056626720290124624,0.06867773476301392,0.030000000000000006,0.030000000000000006,0.030000000000000006,0.030000000000000006,0.060059362333641855,0.3519558894486045,0.06034275295132825
154,154.0,154.0,0.2225004065959207,0.03623579037677843,0.15732245444879275,0.030000000000000006,0.030000000000000006,0.030000000000000006,0.030000000000000006,0.030000000000000006,0.32409839664302265,0.10984295193548532
155,155.0,155.0,0.2126159040459245,0.08496529731757645,0.09195624528346957,0.030000000000000006,0.030000000000000006,0.05567527675276753,0.030000000000000006,0.030000000000000006,0.22951188053652985,0.205275396063732
156,156.0,156.0,0.2567324539052002,0.03746666666666667,0.04851813672340839,0.030000000000000006,0.030000000000000006,0.030000000000000006,0.030000000000000006,0.030000000000000006,0.29255554887692026,0.21472719382780442
157,157.0,157.0,0.2634477206045342,0.14265787552460493,0.034830297263495,0.030000000000000006,0.030000000000000006,0.030000000000000006,0.030000000000000006,0.030000000000000006,0.24542692884523093,0.1636371777621348
158,158.0,158.0,0.20937073032096049,0.05124341425869703,0.09038597109902573,0.030000000000000006,0.030000000000000006,0.05276642650969342,0.030000000000000006,0.030000000000000006,0.2529895179412934,0.22324393987032992
159,159.0,159.0,0.2220878340816041,0.04969254847865878,0.12431364267417515,0.030000000000000006,0.030000000000000006,0.041631870472944185,0.030000000000000006,0.030000000000000006,0.2819033166463654,0.16037078764625226
160,160.0,160.0,0.29601084950231316,0.06045204632799953,0.08136926408930505,0.030000000000000006,0.030000000000000006,0.030000000000000006,0.030000000000000006,0.030000000000000006,0.30545667503183854,0.1067111650485437
161,161.0,161.0,0.20989361861071862,0.035055702462866954,0.035619425173439044,0.030000000000000006,0.030000000000000006,0.030000000000000006,0.030000000000000006,0.030000000000000006,0.4333953077721449,0.13603594598083044
162,162.0,162.0,0.15342514613956407,0.06826128401887423,0.030000000000000006,0.030000000000000006,0.030000000000000006,0.030000000000000006,0.030000000000000006,0.030000000000000006,0.43377472719789834,0.16453884264366328
163,163.0,163.0,0.21097074505733185,0.05047890403920895,0.08219081272084808,0.030000000000000006,0.04614805801584607,0.030000000000000006,0.030000000000000006,0.030000000000000006,0.379549282728239,0.11066219743852601
164,164.0,164.0,0.26971299151066974,0.037912141985344136,0.05540680863056787,0.030000000000000006,0.030000000000000006,0.03931101198473693,0.08316080008881784,0.039931746117052726,0.315106078110214,0.09945842157259663
165,165.0,165.0,0.21154451574108774,0.09104651446383265,0.13660845095508325,0.030000000000000006,0.030000000000000006,0.030000000000000006,0.0322241998567687,0.03245832615748119,0.3309478184887974,0.07517017433694909
166,166.0,166.0,0.1591080708289867,0.047899329451812564,0.13848851380294017,0.030000000000000006,0.030000000000000006,0.04306058608918887,0.030000000000000006,0.04306058608918887,0.31105627745729547,0.16732663628058728
167,167.0,167.0,0.2883539738545794,0.037838011442570554,0.05818597404998368,0.03548660800979938,0.04097321601959877,0.08159204949191232,0.030000000000000006,0.03621125435071628,0.252989328729771,0.13836958405106856
168,168.0,168.0,0.28055674108393547,0.06377017926857294,0.08833061049398544,0.030000000000000006,0.03888941320353302,0.04250294500804758,0.030000000000000006,0.03634958085966643,0.2531701265230464,0.1364304035592126
169,169.0,169.0,0.1702891620714429,0.09046585238471953,0.1781929950050209,0.05592203898050975,0.03745350366664831,0.07419655551794277,0.030000000000000006,0.032760556913573456,0.255087316592459,0.07563201886768338
170,170.0,170.0,0.352294871556558,0.035906975347206584,0.0855268459506191,0.030000000000000006,0.030000000000000006,0.030000000000000006,0.03583354662259501,0.03625022852420895,0.2765370382801092,0.08765049371870307
171,171.0,171.0,0.2432110676512511,0.07630479809197752,0.1590396808419587,0.04359895567187829,0.04511857451170433,0.030000000000000006,0.030000000000000006,0.03352565517419066,0.2753345139437924,0.06386675411324695
172,172.0,172.0,0.2806548286213366,0.08254390975939936,0.1547128043172507,0.030000000000000006,0.030000000000000006,0.047723436485609186,0.030000000000000006,0.030000000000000006,0.24368332318533242,0.0706816976310716
173,173.0,173.0,0.21340325658009104,0.10838269003543606,0.12493308180487044,0.051012091530752854,0.030000000000000006,0.03249192985757891,0.030000000000000006,0.030000000000000006,0.31149072289782775,0.06828622729344282
174,174.0,174.0,0.22598845620080735,0.038069250773641886,0.0908794463895508,0.030000000000000006,0.030000000000000006,0.03902245155974452,0.030000000000000006,0.030000000000000006,0.42946885198175533,0.0565715430945002
175,175.0,175.0,0.23919184044604824,0.04557947878946139,0.1202551954330447,0.030000000000000006,0.030000000000000006,0.04396803652968038,0.030000000000000006,0.030000000000000006,0.3471055471850081,0.08389990161675712
176,176.0,176.0,0.2517088865487628,0.05968407439161995,0.09226251839209143,0.030000000000000006,0.030000000000000006,0.030000000000000006,0.030000000000000006,0.030000000000000006,0.32293890926273383,0.12340561140479182
177,177.0,177.0,0.2048383374727762,0.04553492215243056,0.05282327975743066,0.030000000000000006,0.030000000000000006,0.0837252612633174,0.030000000000000006,0.054870199527998285,0.3173266264323338,0.15088137339371296
178,178.0,178.0,0.29167617338638163,0.038297089840156485,0.10831304211568323,0.030000000000000006,0.030000000000000006,0.03383517451711284,0.030000000000000006,0.030000000000000006,0.32834152502327524,0.07953699511739046
179,179.0,179.0,0.2312123741256193,0.1253931089743334,0.07986093366049782,0.08244582043343654,0.030000000000000006,0.030000000000000006,0.030000000000000006,0.030000000000000006,0.2467711050458355,0.11431665776027736
180,180.0,180.0,0.15496552281436665,0.06510814010558688,0.18710038622301234,0.030000000000000006,0.04577282463750333,0.030000000000000006,0.030000000000000006,0.030000000000000006,0.36178275861836906,0.06527036760116164
181,181.0,181.0,0.21458770914272507,0.06639474474209588,0.11324938135880744,0.030000000000000006,0.06146824305746494,0.04584924319036145,0.030000000000000006,0.030000000000000006,0.3784506785085452,0.030000000000000006
182,182.0,182.0,0.24001298367091373,0.07768233661506502,0.044304518856774736,0.030000000000000006,0.030000000000000006,0.030000000000000006,0.030000000000000006,0.030000000000000006,0.4347401191467054,0.05326004171054113
183,183.0,183.0,0.17361760370786622,0.05360910383596147,0.09582739022806462,0.030000000000000006,0.030000000000000006,0.030000000000000006,0.030000000000000006,0.030000000000000006,0.3468431052540667,0.18010279697404089
