,Unnamed: 0,Generation,Intertwine_two,Add_vertex,Delete_vertex,Invert_path_vertices,Insert_inside_vertex,Delete_inside_vertex,Replace_inside_vertex,Donate_between_routes,Trim_one_terminal_cb,Grow_one_terminal_cb
0,0.0,0.0,0.09999999999999999,0.09999999999999999,0.09999999999999999,0.09999999999999999,0.09999999999999999,0.09999999999999999,0.09999999999999999,0.09999999999999999,0.09999999999999999,0.09999999999999999
1,1.0,0.10900000000000001,0.103136636811157,0.0999449617661372,0.0985432868383583,0.0999632839324279,0.10059756339125407,0.0977154394286322,0.09857093288457151,0.09568027566699248,0.10119305334435633,0.1046545659361129
2,2.0,0.31601,0.106132552589889,0.0996305624670314,0.09795921819089304,0.10023752896976351,0.10180030542072295,0.09674593996190303,0.09647536588526864,0.09011084457453292,0.10380479192756402,0.10710289001243134
3,3.0,0.6191589000000001,0.10861227050339874,0.09979389201467143,0.09780519330539217,0.09925331125903233,0.10111160366178915,0.09492055851230993,0.0944721814549754,0.0851837785746079,0.10825912597089382,0.11058808474292899
4,4.0,1.015801321,0.11104036128388006,0.0996178282685209,0.0983535188932203,0.09901268385319109,0.09975990624031479,0.0942578478436205,0.0913448371746619,0.0799095510191323,0.11273672980476199,0.113966735618696
5,5.0,1.50262148669,0.1152304863734543,0.09974768319634318,0.09692975333687286,0.09819849825818208,0.09962477078904539,0.09377197018173697,0.08803804965966087,0.0759752441510759,0.11594740573313338,0.11653613832049485
6,6.0,2.0757334209441005,0.11667621425230398,0.09914232239693657,0.09790493251828258,0.09811819619026244,0.09821995911558738,0.09345268953127962,0.08746975318126031,0.07234281221593487,0.11922594145564093,0.11744717914251109
7,7.0,2.7307768275633495,0.11828091563326956,0.0980040127526143,0.09875226437394534,0.09670212426591246,0.09714742363407457,0.09264453343159093,0.08365590707871337,0.06925615973413748,0.12319822255337941,0.12235843654236234
8,8.0,3.4630081252450404,0.1205472226568646,0.09829422399314365,0.09853498968178248,0.09585285310984229,0.09519937482173063,0.09204986870252867,0.07975238055306699,0.06535515060485433,0.12782882488463387,0.12658511099155226
9,9.0,4.2673862119061114,0.12156558122511807,0.09877269789288787,0.09703449501640458,0.0938929812888003,0.09423754947776934,0.09234287017437365,0.07728383019032015,0.06197961582083686,0.13414101788030178,0.1287493610331872
10,10.0,5.138652627782014,0.12413075838807586,0.09757334694578645,0.09756464723075316,0.09293782213514264,0.09201580963497842,0.09367757624494029,0.07429519599436467,0.06005836906669735,0.13831917907090346,0.1294272952883575
11,11.0,6.071405875792507,0.1267816443134703,0.09968071626915799,0.09585395938442544,0.09102961160128817,0.09296952578330543,0.09197215064525378,0.07343934717606723,0.05623515485311888,0.14133801298171622,0.13069987699219635
12,12.0,7.060169740244025,0.12624434622747205,0.09996039996160304,0.09757301792717821,0.0886330468011104,0.09135096326979383,0.09054065333420439,0.07133455252707638,0.054462436866370825,0.14561406398134277,0.13428651910384784
13,13.0,8.099455520847952,0.12881015528928688,0.10061730708483853,0.09840003310477907,0.08486236426280502,0.08969830743751746,0.08979040906050528,0.06821296475134257,0.05241021417015299,0.1509390366321142,0.1362592082066577
14,14.0,9.183818168183006,0.1315198914692049,0.09982232283666757,0.10044138228090409,0.08085411041410011,0.08886740109656249,0.08999582382046063,0.06596618349239838,0.049669755733768986,0.1534279904363131,0.1394351384196195
15,15.0,10.307906369102724,0.13069218788416886,0.0994131657130984,0.10152851490658879,0.07885015273881955,0.08827902302763857,0.08989097955795314,0.062172142996953644,0.047159860237955896,0.1596657259357671,0.1423482470010558
16,16.0,11.466506686239443,0.13326960853572273,0.09850715688156977,0.1009110309251791,0.07706435291983593,0.08751431392567628,0.08883382422719954,0.06088456169185838,0.04545289039801369,0.16330610567029272,0.14425615482465162
17,17.0,12.654581904800096,0.13761442093918672,0.09811102248340556,0.10181476013641534,0.07528042642887102,0.08336651338292196,0.08632978128994652,0.05674457084369525,0.04330203292004507,0.1691836100768769,0.14825286149863542
18,18.0,13.867303782456686,0.1407695283681003,0.09739220696614294,0.10295823069831236,0.07175474895364728,0.08205663527739146,0.08467883069888277,0.053363097814047994,0.04212645695874634,0.1740803763044254,0.15081988796030288
19,19.0,15.100080434523047,0.1408721174434126,0.10151638995978557,0.1022167713837524,0.06998978039970931,0.08295145873218548,0.08056205752871445,0.04943007397919901,0.043576545774153284,0.17782597693067353,0.1510588278684141
20,20.0,16.348578617037543,0.14154861065796723,0.10089790562127357,0.1018690571527019,0.06814459978319196,0.08004197789567752,0.0796740847537386,0.04546266980473238,0.043093957232317626,0.1850552436714301,0.15421189342696887
21,21.0,17.608741195130214,0.14356898579865213,0.10111417159752087,0.10272532914207035,0.06739297254828625,0.07623115417056303,0.07899573162534836,0.04152654091559975,0.045263000001744255,0.19047508223134155,0.15270703196887325
22,22.0,18.876800103462312,0.1445056913815781,0.09909057877171273,0.10222598054226414,0.06551409751603934,0.07890295897079566,0.07928360131017533,0.040506112296070484,0.045456137888037325,0.19262602216667996,0.15188881915664673
23,23.0,20.14928511992658,0.14782795578831437,0.09667846248781739,0.10293000000015046,0.06250135555894076,0.07831641378083423,0.07951310712231127,0.03903874084137747,0.04540805223729599,0.19698935273606893,0.15079655944688897
24,24.0,21.423028783545156,0.14858862579473078,0.09741703636718367,0.10223895730390035,0.0599654190202791,0.07782080457980849,0.08527891729303139,0.03589099548070502,0.0433474414662866,0.19963686125866292,0.14981494143541157
25,25.0,22.695167792966423,0.14996809301471348,0.09542611404536988,0.10039833669230136,0.0598121742905738,0.07371133625189824,0.0847569481991021,0.03350809132489845,0.0442954981952891,0.2066502389824078,0.1514731690034457
26,26.0,23.963141223515898,0.15026892223141874,0.0960567718187631,0.10156660140228319,0.057384455246328334,0.06940453550437017,0.087755972010487,0.03241874798750616,0.04485887443126681,0.21231568230535042,0.14796943706222604
27,27.0,25.224685898775267,0.14920114184769898,0.09472964192954222,0.10078333961804897,0.05756426877520797,0.0712937026524331,0.08675142238470214,0.03249884160832411,0.04451396910957439,0.21496204246401102,0.14770162961045707
28,28.0,26.477829247520948,0.14732200134754003,0.09264492149374559,0.09853744742207173,0.05620859746205818,0.07120164778184027,0.08977982252252278,0.03132576179922853,0.045384516970371894,0.2206550187479188,0.1469402644527022
29,29.0,27.720879968916847,0.1467267200194008,0.09279235650561417,0.10018221309261836,0.05421189370887302,0.06753398508311209,0.09268189774109477,0.030067341038901855,0.045636168404844614,0.22692700244926092,0.1432404219562794
30,30.0,28.95241681848399,0.14604174500290584,0.08848390161641465,0.10172597455940091,0.0513233156592696,0.06426164201661744,0.09181784859865572,0.030883255280881358,0.04358856595010195,0.23522231248093156,0.146651438834821
31,31.0,30.17127581490958,0.14617266878131227,0.08838870998246609,0.10340517027155399,0.04762971769605388,0.05994909260433044,0.0935110536052351,0.029271413085521947,0.04160983808133253,0.24534592992734536,0.14471640596484844
32,32.0,31.376536153543515,0.14761004176643852,0.08601227300401204,0.10222519439895048,0.0441291823521992,0.057932132136259785,0.09179447090962717,0.033074057330767494,0.04176144013271799,0.25384010166235205,0.14162110630667532
33,33.0,32.567505096778625,0.1451891780535558,0.08493597767137419,0.10869754047336846,0.04190633465796029,0.05584986216818646,0.09465242182216166,0.031744281861448995,0.04013241696597467,0.2558895823260502,0.14100240399991937
34,34.0,33.74370209472243,0.14614828047151854,0.08312440945686135,0.11203574613817038,0.0419710593807587,0.053179482003406546,0.08967964801490438,0.030530041120447854,0.040953237447486926,0.26219914056811244,0.140178955398333
35,35.0,34.90484237192463,0.14576332803546727,0.08234016489841745,0.11304551134294383,0.0390778551323066,0.04912572540652428,0.08928064469482157,0.030370951913303395,0.039568282385232634,0.27047113783970755,0.14095639835127555
36,36.0,36.05082019768737,0.1439388716039221,0.08388728409529533,0.1171588643675825,0.036383192757376635,0.047759226052109714,0.0863598887040026,0.029665153890045273,0.039310923864851965,0.2760814643056257,0.13945513035918827
37,37.0,37.18169203889697,0.14536253011432043,0.08558869843442271,0.12141798674946579,0.0338941646923659,0.04625205622569273,0.08617435516851278,0.028775688950659635,0.03798669231170178,0.2806008614523544,0.1339469659005039
38,38.0,38.29765977559663,0.148596570989005,0.08373898589758244,0.11992092390058325,0.03161509778693258,0.04705793264732209,0.08324216397684049,0.02798741361570596,0.03652162712476125,0.28979218532311646,0.13152709873815058
39,39.0,39.399054140870355,0.15190542322465866,0.0811520686493719,0.12196492355652318,0.031117936709646715,0.04457440754255169,0.08714160019258371,0.0272980916780906,0.0373192809380172,0.2901330984488169,0.1273931690597395
40,40.0,40.48631852820801,0.15510577072898937,0.07846569480804721,0.1241593445555152,0.02924617726906687,0.041494849042667065,0.0859227275489679,0.02670472101745587,0.03630588626373385,0.2992868325736221,0.1233079961919346
41,41.0,41.55999329152982,0.1590493733530107,0.08073134871145296,0.12431448832808267,0.03221114798961301,0.038608297902344234,0.08521815568170138,0.02620364021271005,0.03763602138612269,0.2961054924195039,0.11992203401545842
42,42.0,42.62070064560415,0.16223650184562427,0.08684924090173318,0.1189205360951678,0.03395971669771053,0.03762078798404493,0.08044732749964949,0.025790631086311716,0.03643485008939873,0.29311759059274045,0.12462281720761892
43,43.0,43.669130257815,0.1633321206783763,0.08767524452752092,0.11616588203760919,0.032541812530764755,0.035128998999421894,0.08170773476904258,0.025461016561690093,0.03528944742145318,0.29703664255057205,0.1256610999235491
44,44.0,44.70602560622662,0.16630669247146782,0.08565728371805176,0.11420338401840936,0.03425677021182005,0.03283509892326694,0.08080989327857024,0.025209753323913738,0.03420569054608765,0.30038147696831746,0.12613395654009507
45,45.0,45.73217116373481,0.1637079290461824,0.08660939487087468,0.11100083339851144,0.03425664887392889,0.036737424001566696,0.07732203987128794,0.025031518876675873,0.0331882524527978,0.30803888167615046,0.12410707693202389
46,46.0,46.748380453854836,0.16383659617506663,0.08475894471105128,0.10987727838963612,0.03556386327121356,0.03852592157801,0.0767605737589962,0.024920792685395037,0.03224067564430896,0.30908539189389816,0.12442996189242417
47,47.0,47.755485010424316,0.167665841135946,0.08235234459911815,0.10857044344837677,0.037031916717172285,0.037141781505141205,0.07167449175683098,0.024871931186388335,0.03236099898733199,0.3151449983950974,0.12318525226859704
48,48.0,48.7543242612326,0.1676064448877745,0.08470556776315548,0.10471095044704695,0.03599207700628249,0.03711637055227121,0.07023900948880489,0.024879236525418423,0.034066479712499875,0.3146267573991419,0.12605710621760435
49,49.0,49.745736344347726,0.16905054533059105,0.08534927637729367,0.11175185083495852,0.03499630049641886,0.037925243982075744,0.06624462772356161,0.024937018965291317,0.033295632958381616,0.3152361858648042,0.12121331746662348
50,50.0,50.730549855707864,0.16874063065254957,0.09082588361666315,0.10957421585801241,0.035206891920499646,0.03704006837380798,0.06496499733960512,0.026848772298892768,0.035955430187807405,0.31359875470039594,0.11724435505176614
51,51.0,51.70957651737491,0.16888533331882308,0.09346601199416343,0.10601407785751189,0.03627756175535002,0.03705493042607756,0.062086372674030825,0.02697265518151326,0.036727750633451337,0.3164297035148975,0.11608560264418125
52,52.0,52.68360474770151,0.1711867495833786,0.09195389658429742,0.09966285152568659,0.03591675335518481,0.03796714322851356,0.06293454515738087,0.02711442322405657,0.03601823234471146,0.31601363783793307,0.12123176715885721
53,53.0,53.65339410751842,0.16417624441488474,0.09548608574892023,0.10335054033467629,0.03559771376924145,0.03702627541670064,0.058490701575763235,0.027270870230104986,0.035319483561398454,0.3180697021330127,0.12521238281529745
54,54.0,54.61967059027847,0.16555679572510656,0.09462392405122655,0.10671249254917665,0.03477890256016721,0.03678430210613408,0.058406213104993256,0.02743896383324751,0.036232778850464026,0.31405448863451324,0.12541113858497113
55,55.0,55.58312271885972,0.1652018207528873,0.09159079565751674,0.11232121381561011,0.03399418344639873,0.04195808030582817,0.05555102857514462,0.027615858437743307,0.03574580056311211,0.3130853924645681,0.12293582598119106
56,56.0,56.544398407394254,0.16667171365327618,0.08755916154452559,0.11499693771862977,0.03449147882639335,0.0445446915679928,0.05489079034230155,0.02779890499741209,0.0350797718679443,0.31443419669886336,0.11953235278266125
57,57.0,57.504102543001395,0.17429290037063386,0.08279823726605988,0.11162072828799202,0.036576302775096825,0.04331593749741896,0.05361597410490211,0.02798565785113987,0.034429548323613834,0.3212335555271074,0.11413115799603546
58,58.0,58.462795239617805,0.1814653715509011,0.082491175707008,0.10979722306229155,0.03586570331805526,0.04207689945892831,0.05067583444808582,0.028173878840983484,0.03380005165048028,0.32373750544563823,0.11191635651762824
59,59.0,59.42099071417639,0.18359986446253904,0.08579933631321808,0.10768452748273766,0.035167506773537305,0.040840996229697446,0.0485114353253133,0.028361538943432893,0.03319550412815527,0.3219812773486359,0.11485801299273342
60,60.0,60.379156734137354,0.18318358665530723,0.08179630186601775,0.10483949465075666,0.03448745481573577,0.044687902226667346,0.04642316022579834,0.028546817646203038,0.03261945631678122,0.3237992054077201,0.11961662018901288
61,61.0,61.337714584760846,0.1809284386166849,0.07784153985505517,0.1065333750924631,0.03383053350555703,0.04695240014042207,0.043662027384249326,0.028728100302234133,0.03207481872337675,0.32820143631775406,0.12124733006220384
62,62.0,62.29703950447439,0.17577576478150547,0.079400576456083,0.10804399095462287,0.035291496728897156,0.04566189949540799,0.04447481644969005,0.031021525249978907,0.03156389670207897,0.3238116375995494,0.12495439558218652
63,63.0,63.257461537171835,0.1752708543579727,0.0770636489153656,0.10345880524611703,0.0351455318178484,0.04886633000125856,0.046065481900833934,0.0311695960461442,0.03511052736340399,0.3221705497781391,0.12567867457291682
64,64.0,64.21926675122782,0.17701418822347045,0.0743816220273899,0.09942160582943588,0.03676837050938947,0.04797541847888579,0.04376456991899062,0.03129116380223153,0.03658436056439561,0.3245406061267021,0.12825809451910897
65,65.0,65.18269877636592,0.1752559038370134,0.07398825318615448,0.100299747511913,0.03615258523356709,0.04843429375787506,0.04316818677734071,0.0313876631446878,0.036306266291190305,0.3260013592466948,0.12900574101356366
66,66.0,66.14796061122655,0.1719548054032904,0.07328320764659407,0.09997516577171087,0.03553685263299128,0.046974482060460884,0.04169310729830718,0.03146063592145157,0.037584835336494246,0.3277323178063336,0.13380459012236623
67,67.0,67.11521665648885,0.17140197078131292,0.07090207703234278,0.09919443977749177,0.03492732476614314,0.04549090671218352,0.04507951353166341,0.031511705061324446,0.03730506690140385,0.3313200511357195,0.13286694430041499
68,68.0,68.08459493066005,0.17688524739657213,0.06995336727061843,0.09586845962949833,0.03432947643831838,0.044000779831612054,0.043486803770301,0.03154255023659679,0.03675038223530036,0.3343193076921626,0.13286362549902017
69,69.0,69.05618942810752,0.173228470337985,0.06843829740369033,0.09826208360135189,0.03736800768165534,0.04251965784078162,0.041306487333728846,0.0347577644596267,0.03618366221345422,0.3309523591683592,0.13698320995936722
70,70.0,70.03006258152917,0.17333577770954448,0.06765610071937997,0.10129519460623443,0.03978014905137011,0.04106145147062641,0.040677603589572994,0.034721288454871664,0.035611777571658156,0.32828443740689645,0.13757621941984574
71,71.0,71.00624779379335,0.17109942780144832,0.06960630862991293,0.09981298503268178,0.03975917038930618,0.03963845122278046,0.038703012854050256,0.034641247166043415,0.037867202525551265,0.3324168577194734,0.13645533665875234
72,72.0,71.98475200689319,0.17330193346720443,0.06783013540692125,0.10253056840682456,0.04120754061310455,0.038261366487491295,0.041677160335146055,0.03452279753443756,0.03742106115814749,0.3314721319286781,0.13177530466204512
73,73.0,72.96555827861411,0.1749010434113477,0.06419569995676158,0.10080346812887668,0.040493271536145334,0.036939376560856135,0.0413074066249829,0.03437096489064791,0.03681368642163629,0.33737850744375336,0.1327965750249925
74,74.0,73.94862834037681,0.1714561040592694,0.06368705808564924,0.0967871331427548,0.039745496651520586,0.03568019186127593,0.04019774001728189,0.034190605862330754,0.03887488582182081,0.34703540028428104,0.13234538421381595
75,75.0,74.93390511255946,0.16488091158625912,0.07070774415665337,0.10213525407733125,0.03897504428884311,0.03449012371304099,0.039701558868681146,0.033986376678222,0.040357782405642875,0.3472912209736557,0.12747398325167086
76,76.0,75.92131515639825,0.16408429684115494,0.06924347455969598,0.10561570872012589,0.03961582404549287,0.03337416114249914,0.04227615681320922,0.04002646036033452,0.039676363566258144,0.3435816526809077,0.12250590127032213
77,77.0,76.91077104428919,0.1597456696801856,0.06743795251507892,0.1095261196633008,0.039504323002010094,0.03707243283094324,0.04195847092090913,0.039724892727499087,0.04143593325259721,0.34509618955606974,0.11849801585140665
78,78.0,77.90217363294813,0.15719485529635185,0.06669605720674358,0.10933903531634162,0.03868837972444905,0.03606741137021241,0.043812127816985624,0.03935623293067221,0.04131118149121204,0.3448764372877245,0.12265828155930752
79,79.0,78.89541422641172,0.15799417633582533,0.06726807896196449,0.10612572955049045,0.03909854152867783,0.035102217941852545,0.044356051544829175,0.038930876784221295,0.04099668225678769,0.3493913369263177,0.12073630816903397
80,80.0,79.89037661826481,0.1568366441297068,0.06644880663772142,0.10585572434364986,0.03826844664104657,0.03418252167691013,0.04636646734670036,0.04186315277091688,0.04017466415053452,0.34585865162704915,0.12414492067576471
81,81.0,80.88693900474995,0.15494772426825357,0.07017918687580656,0.10363999135058748,0.03743867677576797,0.03530820310789767,0.04871553125526572,0.041319604873524485,0.03933310121340133,0.34768399993525406,0.12143398034424156
82,82.0,81.88497576253909,0.16061552700692322,0.07290923181181275,0.10671476113033991,0.036617497129259546,0.03595855141836454,0.047913154934347606,0.04071721571713608,0.038482363557847434,0.3398895869531896,0.12018211034077972
83,83.0,82.88435908692391,0.1598323637809985,0.0745767631381453,0.10861110977515731,0.038032885638892705,0.03514685507348383,0.04713123296957129,0.040067893319215155,0.03763187603227046,0.3401997766450942,0.11876924362717164
84,84.0,83.88496048800103,0.16107003609839185,0.07563435994958743,0.10797504878675371,0.037227843794668626,0.03436485981235635,0.04554594174274582,0.03938282422789417,0.03679011849892848,0.34638154234218044,0.11562742474649353
85,85.0,84.88665214409042,0.1618485781241651,0.07410102296469231,0.10360353203229981,0.03643102769692026,0.03654387286942725,0.043963720221175444,0.038672433803426345,0.03860645619621592,0.3562621887650372,0.10996716732664076
86,86.0,85.88930811312994,0.1575582993768437,0.07888486152089184,0.10479836199067943,0.035649582931977536,0.03620700337649522,0.04553188651830316,0.03794635808337104,0.0377774569657564,0.35876082819012617,0.1068853610455559
87,87.0,86.89280540413424,0.15973940142719956,0.07881161041521821,0.10419411053883515,0.0348897868142093,0.03548060857706341,0.047140116491139694,0.03721342635448755,0.036953583088685266,0.3600295024157354,0.10554785387742688
88,88.0,87.89702491199675,0.15879172947454817,0.07620403612810574,0.10491575578697862,0.0341570724400758,0.03477204717180414,0.05143188312179807,0.03648165353494754,0.0361425607684344,0.3591122864431699,0.10799097513013803
89,89.0,88.90185221995306,0.15481515788381991,0.07184656135040127,0.11215333901204687,0.03973026958760491,0.03408662143535276,0.05064420330667506,0.03575824146201205,0.037988007096323696,0.3519912493507398,0.11098634951502408
90,90.0,89.90717827491419,0.1549937345950304,0.07364249171339904,0.10991249700069308,0.03900205459672004,0.033428872058192984,0.04962918061677407,0.03504958818174999,0.03915315272239843,0.3507563797881297,0.11443204872691268
91,91.0,90.91289994163006,0.15678392392852694,0.07169668591225575,0.11279170662774798,0.03967794245335388,0.03280260889816726,0.05245354300808474,0.03436130434769664,0.03834873911762033,0.34756788904675,0.11351565665979683
92,92.0,91.91892044225806,0.1570723936751893,0.07304143295364633,0.11291199308503283,0.038910290394833125,0.032210945965162434,0.05122066701458065,0.03369823585357165,0.04112190341264271,0.3458937339424147,0.11391840370292666
93,93.0,92.92514968840067,0.16199006583201378,0.07732886466437222,0.11055293570706137,0.03813030063821611,0.03165633986580647,0.051179954404199424,0.033064491850323445,0.04344046781018988,0.3425120525080921,0.1101445267197256
94,94.0,93.93150451304501,0.16045196244542223,0.08374612800032376,0.11608391736155362,0.03734700685087864,0.03376286991851636,0.050182415333351334,0.032463477328896824,0.043164687662101665,0.3376795728965376,0.10511796220241829
95,95.0,94.93790881009448,0.15517743964149766,0.08294418709974015,0.12206250812449276,0.03656857237376613,0.037395105839004295,0.04988478382807682,0.0318979294863239,0.04490901186577225,0.33116613177451054,0.10799432996681578
96,96.0,95.94429358933806,0.16779855319781506,0.0810860433035181,0.12484289534031404,0.03580229562062721,0.03743157194559997,0.048023429468579494,0.031369957133145034,0.043921718826178784,0.3263552845026062,0.10336825066161638
97,97.0,96.9505969547639,0.17199371500633753,0.07817453133013155,0.13099897443123706,0.035054623586595904,0.03688426924784378,0.05038317806147201,0.0308810824439526,0.04289393790228288,0.32057929178703093,0.102156396203116
98,98.0,97.9567640140995,0.17715673798398965,0.07712736492678549,0.13496518140241692,0.036575277380360316,0.03823131939908497,0.049641470735877886,0.030432284399239888,0.041839995691753736,0.3148395406501047,0.0991908274303866
99,99.0,98.96274672736057,0.17888657496046925,0.07392263805261107,0.1385606728416908,0.03609366755500893,0.03764373259668101,0.050511407868461485,0.03002404331500605,0.04077304774535997,0.3117961051307433,0.10178810993396832
100,100.0,99.96850370202192,0.18213939655084585,0.07388714774861427,0.1344284873399473,0.035387558019175355,0.037038467148550636,0.04861179141476391,0.02965638590604553,0.039705064116151975,0.31419280825113405,0.10495289350477127
101,101.0,100.97399994219691,0.18683914897895684,0.07197308176282466,0.1364809692236475,0.03469818385673338,0.03642334357374779,0.046716018692288454,0.029328930378920606,0.038646828208703264,0.312014102350273,0.10687939297390461
102,102.0,101.97920655893245,0.19040612744025395,0.07403002734372563,0.1359834569755028,0.034030765271968265,0.038180296895589105,0.044842663055137656,0.029040931100718967,0.037607947609912394,0.3093311562436792,0.10654662806351217
103,103.0,102.98410044840509,0.19168314509462822,0.07052811841595522,0.13244714426356397,0.036906456207833324,0.041410160821340455,0.04478224676379445,0.02879132243933031,0.03659687559490149,0.3078919993050001,0.1089625310936526
104,104.0,103.98866394444643,0.1954825295710678,0.06876800270267155,0.12972522870524625,0.03773097651328364,0.04072198237208812,0.04576097823443631,0.02857876141968721,0.03562094202544266,0.3085983831776125,0.10901221527846412
105,105.0,104.99288445143917,0.1985671151874818,0.0713786034500433,0.12545655871127404,0.03707231129528359,0.03999540194404014,0.04398442640098826,0.02840166888781155,0.034686392392675285,0.31182649008015817,0.10863103165024407
106,106.0,105.99675406321822,0.20507557276045874,0.07344624295816851,0.11751982748265466,0.036408789486130716,0.04537205543041661,0.04224568548687512,0.02825826892024534,0.03379843379925789,0.30608881705942015,0.11178630661637247
107,107.0,107.0002691731872,0.2039702504293208,0.07821249146875675,0.11909732818209777,0.03574753196303183,0.04574371112507496,0.04055836180930455,0.0281466262602333,0.03296128672718966,0.30231144770973445,0.11325096432525625
108,108.0,108.0034300804274,0.21271743823092465,0.0799862644532663,0.11388906422163105,0.0350949248726125,0.04483728562715675,0.03893418688139799,0.028064681603620127,0.03217824149505636,0.2997017897794784,0.11459612283485615
109,109.0,109.00624059613932,0.20841836646404857,0.0854272235854209,0.12095509774140356,0.034456629242508995,0.0461174232536701,0.03738308757746811,0.028010284596632073,0.03145171837118582,0.2912750490846973,0.11650512008296486
110,110.0,110.00870765431864,0.21150935785163885,0.08395148316358984,0.11965768517786934,0.03383759688299074,0.0502662000282347,0.035913267328156535,0.027981224444376507,0.03078333037599048,0.2903830430763456,0.11571681167080768
111,111.0,111.01084093013685,0.21373603630672294,0.08493248821383383,0.1170876139028476,0.033242091790594404,0.04913751501710698,0.03689067360597142,0.027975258062902728,0.030173947876554766,0.2922033800770477,0.11462099514641787
112,112.0,112.01265246907188,0.21972255520766304,0.0837815366756524,0.11220448108836945,0.03267371628953176,0.05280911123570885,0.036143344588264376,0.0279901357389473,0.02962376414829708,0.29148422345745945,0.11356713157010656
113,113.0,113.01415632942268,0.21852515942091666,0.0804850572939622,0.1101953650901979,0.03213544117568006,0.05346013904264232,0.034900498652821785,0.02802362428999794,0.029132361151382194,0.303131246757849,0.11001110712455017
114,114.0,114.01536824044418,0.21261298689605135,0.08281529871382884,0.1079182677036699,0.03162963916145673,0.05695194575702027,0.03488386250996534,0.028073527743043537,0.031115953643888552,0.3077865514819809,0.10621196638909482
115,115.0,115.01630527795908,0.207891471475347,0.08241533094906872,0.11379322105219997,0.031158120957041173,0.05589106911206389,0.03378421418928179,0.02813770557335414,0.030714566429586164,0.3075604876737728,0.10865381258828458
116,116.0,116.0169855589429,0.20600201425958636,0.08413397998746461,0.11009071354007441,0.030722173363496752,0.0542412469137283,0.03596443728677537,0.02821408856490014,0.030346172272418155,0.3069657269175036,0.1133194468940525
117,117.0,117.01742795623892,0.20508883348108783,0.0878565823698192,0.10392285996989685,0.03314545809645919,0.05251399446608899,0.037850473998116654,0.02830069237164254,0.030011155808242762,0.31261595173486756,0.10869399770377859
118,118.0,118.01765183424293,0.20724104631387827,0.08802873935387466,0.10516818565030628,0.03336884423577745,0.05073432731855272,0.03723958217730292,0.031879102403498005,0.02970952943240248,0.30943698223421684,0.10719366088019056
119,119.0,119.01767680610413,0.20774608841014963,0.08621955632698641,0.11098395116115548,0.03498051461108443,0.05133734751401016,0.03629915396288363,0.032295754231579585,0.029440970399822207,0.30890561819665924,0.1017910451856694
120,120.0,120.01752251271817,0.22056904923383075,0.08501320464186721,0.11130384842863393,0.03458362179632588,0.05372605053083684,0.035389777030277424,0.032332783334537214,0.029204857566501735,0.30022861644414767,0.09764819099304148
121,121.0,121.01720842354362,0.22174735845856625,0.08226492646269747,0.11154051430529718,0.040143933359872,0.051831428496068165,0.03660960419973354,0.03234278169385371,0.0290003074408483,0.30142046154344926,0.0930986840396143
122,122.0,122.01675365905109,0.22737223725005537,0.07906381733227252,0.11011877112295154,0.03998490065521522,0.052974595251256126,0.038830638924029826,0.03232835240030002,0.02882620925335172,0.29850193209718023,0.09199854571338763
123,123.0,123.0161768344173,0.22596451263046335,0.07537825528532001,0.10494025873926367,0.04455820314082409,0.051549922059444496,0.03797625311917675,0.03410756734337268,0.028681258792071285,0.29729030305977744,0.09955346583028644
124,124.0,124.01549592390272,0.2307805790744546,0.07178864945762553,0.10700445848179449,0.04447049779238287,0.05076649699961963,0.04107337059641371,0.03403384877055777,0.028563990788998177,0.2920706780477099,0.09944742999044356
125,125.0,125.01472814520056,0.2296875077137953,0.08206723198478737,0.10461705928212564,0.04377550763589845,0.0487765758788052,0.043129688365314965,0.033927163567318765,0.028472809678342398,0.2900884679206269,0.09545798797298521
126,126.0,126.01388986291661,0.23183629657138696,0.07752751782161173,0.10393118403610453,0.043012261418703485,0.046797881111284155,0.04221127624429087,0.03379187524873047,0.02840601858196877,0.29868244842360564,0.09380324054231359
127,127.0,127.0129965102319,0.22927108732277243,0.07865865597791313,0.10173222979916519,0.042195217209040986,0.044849077009402376,0.041262592572926284,0.033632197009513705,0.02836184640941282,0.308396508536584,0.09164058815326928
128,128.0,128.01206252771334,0.22316053872725855,0.07680163232232179,0.09588757653032902,0.041337925248254324,0.042946662547614756,0.04029615134296889,0.03345216462412348,0.028338472990018335,0.3248120775476874,0.09296679811942374
129,129.0,129.0111013181695,0.22019020894617974,0.084783542942047,0.09047924601206389,0.040452983231063784,0.041105022906529745,0.047584084254697095,0.03325561383103104,0.02833405218266312,0.3247619329498416,0.08905331274388321
130,130.0,130.01012521639834,0.216789904873513,0.08351095812293427,0.08877102502245922,0.03955200558328166,0.03933649700048794,0.051020565531846696,0.03304616197893753,0.028346732934216794,0.33153827369444255,0.08808787525788055
131,131.0,131.0091454726403,0.21244707603423615,0.07846046982745947,0.08341144190090828,0.04314312524758143,0.03917287320731134,0.05470499759463982,0.032827193692264,0.02837467828127293,0.3417593922077061,0.0856987520066206
132,132.0,132.0081722485317,0.21274872575080142,0.07691418810261018,0.07753476037208681,0.042716085183653815,0.037564610018339974,0.05341719041217847,0.032601850297335186,0.02841608231081072,0.35284410179974385,0.08524240575243973
133,133.0,133.00721462434865,0.2071136486678312,0.07385690251083445,0.07818822547553139,0.0417364522541313,0.04121363387300815,0.05202399204384146,0.0323730227389259,0.02846918511428663,0.3537648002843328,0.09126013703727685
134,134.0,134.0062806163404,0.20536497478407728,0.07588195437996334,0.0770143301914229,0.040737418095019726,0.04288331717672102,0.050549873591899754,0.03214334770896828,0.02853228578627208,0.3581760936507789,0.08871640463487694
135,135.0,135.00537720296956,0.2076124289011687,0.07599062200507785,0.07513969314221212,0.0397309131708691,0.041419864094188054,0.04901766824923321,0.031915206704916745,0.028603753533196268,0.35889202115528734,0.0916778290438508
136,136.0,136.00451035890612,0.211438862109379,0.07373432172298926,0.07484226458427358,0.03872774960742486,0.04379637615634919,0.04933393969790673,0.0316907277342212,0.028682036970096074,0.35756458701556226,0.09018913440179807
137,137.0,137.00368509565993,0.21398316302691947,0.07414155559253699,0.07299472692214994,0.03773762490425079,0.042370236621086306,0.04772835495912467,0.03147178938325299,0.028765671693604937,0.3586126411092155,0.09219423578785864
138,138.0,138.0029055077818,0.2092710672473667,0.07169966858496948,0.07143198636718824,0.03676913642235162,0.04096300867313885,0.04719293347587172,0.03126002697354908,0.028853286227826867,0.3622140420889978,0.10034484393873984
139,139.0,139.00217482361367,0.20020891085513318,0.07440890549930043,0.07123220704781556,0.03582980542441885,0.03958687343325475,0.04917889334886412,0.03105684053508006,0.028943606446348337,0.36539700349755677,0.10415695391222815
140,140.0,140.0014954596262,0.19949762827521658,0.07577934971342043,0.07448539458013113,0.036545979537073704,0.03938639202855349,0.04780947842874428,0.03180832853971296,0.029035458578554177,0.36023426361241884,0.10541772670617455
141,141.0,141.00086907744122,0.19820843546697925,0.08156576016282167,0.07317345330707649,0.0390840272350321,0.0383985823715138,0.049326055334347606,0.03240790413508293,0.029879934799459478,0.35431056943855704,0.10364527774912975
142,142.0,142.0002966427003,0.20375206109304933,0.07840838251652181,0.07332484869096978,0.03898586384751449,0.0374213406791961,0.04917219421816674,0.032354908068958604,0.03028017801186767,0.3462798902350645,0.11002033263869113
143,143.0,142.99977848500652,0.2090025380778051,0.07462586712689223,0.07289761295745993,0.03810243218038606,0.037039603950987675,0.04769374018790825,0.032154025400101344,0.031079331438289923,0.3391029087608508,0.11830193991931878
144,144.0,143.99931435823203,0.21221389062714258,0.07676544357285622,0.06868875617867894,0.038235713865075203,0.036342954148625,0.047533768837839725,0.03195169074412879,0.031134284740827183,0.3378494867499794,0.11928401053484705
145,145.0,144.99890350055264,0.21366681351710015,0.08163050482416201,0.06863282429910679,0.037364855186426946,0.03524530131153543,0.04580559228320282,0.03175007264631221,0.031172399865702444,0.3333617114275684,0.1213699246388829
146,146.0,145.9985446936357,0.22020503284288065,0.07843311771953468,0.07445670472067167,0.036507433823779245,0.03420496074503946,0.04409217746119758,0.03155111563181416,0.031194979479433158,0.3250481946995945,0.12430628287605491
147,147.0,146.99823632047406,0.2190510307734593,0.07428592428184225,0.08027134570023356,0.035670680259158524,0.03322660462774269,0.04240918234678089,0.03135654316244778,0.031203351336996463,0.32950717923737116,0.12301815827396743
148,148.0,147.99797642142389,0.21503368565730388,0.07759485985469272,0.08386435386946871,0.037484677897049845,0.034399581035002104,0.04077039492033806,0.03116786250839356,0.031198852495433478,0.32708547502971963,0.12140025673259808
149,149.0,148.99776274806447,0.21883357795677266,0.07459860286188714,0.08501838979377874,0.03668102460840413,0.03353407732799202,0.039187782287336125,0.03098637129466083,0.031182815013072455,0.3336956809584089,0.11628167789768715
150,150.0,149.99759281456036,0.22544926808989948,0.07364195197642984,0.09097402524807734,0.03589092640253895,0.03271978321840302,0.03767155309476103,0.03277627416838404,0.031156553128816808,0.3296656350001447,0.11005402967254498
151,151.0,150.99746394626104,0.23298597586729108,0.06897124763208227,0.09023580883378393,0.035120928753234894,0.031959720687588886,0.0404647991917304,0.03259262620192473,0.03112135190169856,0.31982905097969194,0.11671848995097345
152,152.0,151.99737332532905,0.23904058865056138,0.06664228362987928,0.08735841409856643,0.0343767215813289,0.03125606720298028,0.040975283888516595,0.03240141677009211,0.031078457278275157,0.32323933168448515,0.1136314352153149
153,153.0,152.99731803323698,0.24546091659802133,0.06480452107498269,0.08596500864977198,0.03366316791080022,0.030610218394802727,0.03960387719545105,0.032205314113741834,0.03403500377777552,0.3250799674760195,0.10857200480863335
154,154.0,153.99729509002177,0.24562426462515133,0.06102966377639255,0.09340254297556728,0.0329843379282164,0.03002285228349491,0.03827357239973754,0.03200676858188917,0.033950202979520325,0.3242195496275681,0.10848624482246262
155,155.0,154.99730149022784,0.24455158901427643,0.06225730416774509,0.09419890206698299,0.0323435475646088,0.029493994260482922,0.03956109003487476,0.031808009917402874,0.03383438023129545,0.31398531042346706,0.11796587231886385
156,156.0,155.99733423551103,0.24767847910073304,0.05883939738636971,0.09054938782541586,0.03174340076171587,0.029023082097167308,0.038313470098400436,0.03161104702019118,0.03369179595558011,0.31023412767494585,0.1283158120794809
157,157.0,156.99739036391077,0.2512547465965221,0.06606867486172867,0.08547572855099403,0.031185834631495074,0.028609030329211582,0.03710747745458954,0.03141766994249874,0.03352655214788051,0.30196841541012753,0.1333858700749525
158,158.0,157.99746697583146,0.24918761805445497,0.0641994704695897,0.08595854827469247,0.03067216676798141,0.028250293434759315,0.038227651951583175,0.031229453873150556,0.033342567199472053,0.29472011841574836,0.14421211155856828
159,159.0,158.99756125680176,0.24820074386532395,0.062232539376551876,0.08983012741177934,0.030203144023139297,0.027944927295404674,0.03826774114078363,0.03104776487200569,0.033143555073909724,0.2906707249865697,0.14845873195453232
160,160.0,159.997670497107,0.2544437295393398,0.06141285126877298,0.08936494592929448,0.02977899211255,0.027690648497031456,0.03717427565709123,0.03087376712225525,0.03293300861016453,0.2892939326554542,0.1470338486080463
161,161.0,160.99779210841066,0.2518663647564243,0.05812588953585099,0.0842913418850716,0.029399465471894135,0.027484891093525247,0.03611841396519715,0.030708431476257306,0.03271418670669221,0.3010103102552448,0.14828070485384257
162,162.0,161.99792363749984,0.24348016174322787,0.05825748026109208,0.07867643656081079,0.029063896840584913,0.027324860519434405,0.03510695430284052,0.030552545080096583,0.0324901051265002,0.31291684201280057,0.15213071755261234
163,163.0,162.9980627773051,0.2407865887670912,0.056697711953420354,0.07835533867545275,0.028771246104000767,0.02882239019914291,0.034145571063691135,0.030406721872750966,0.03226353065306239,0.3194187549994859,0.15033214571190193
164,164.0,163.9982073753568,0.2439384392968044,0.053975056191987204,0.07542630491005645,0.028520147980035028,0.02872861778746299,0.03416997163629348,0.03558749377629418,0.03303015293214301,0.3194274615029877,0.14719635398593586
165,165.0,164.99835543984977,0.24121600271872673,0.056677474112479795,0.08071014379085643,0.028308958188665516,0.02865693643907643,0.03331224135664632,0.0356322615294034,0.03304178691920751,0.3209762575600699,0.14146793738486826
166,166.0,165.99850514349492,0.2332254504374703,0.055138622143234645,0.08621258814000438,0.028135797794546294,0.02860585386113776,0.033813220300316305,0.03541605190479848,0.03410664889311907,0.32048073551758105,0.14486503100779205
167,167.0,166.99865482534062,0.238217369890814,0.052675130643075586,0.08365729333557123,0.02854725626287347,0.029671142604341456,0.03820972134778036,0.035167302723606075,0.03446963086775291,0.3141338262259857,0.14525132609819955
168,168.0,167.99880299074837,0.24243174016139657,0.05290283388352762,0.0841172784631257,0.028438301600857252,0.030534542925770784,0.03869148512355287,0.034891755433296846,0.03482756353064802,0.30782824266791525,0.1453362562099094
169,169.0,168.99894830970783,0.235579165512897,0.05588600756539957,0.09355963684933688,0.030948063287085055,0.03125156096414633,0.04233254817158258,0.03459484531768557,0.0348060207059345,0.30179835531114446,0.13924379631478837
170,170.0,169.99908961367427,0.2469595192433444,0.053460774623526226,0.0936374780730436,0.03086438466357335,0.03121354625904451,0.04150848943647865,0.034865032422718066,0.03511514468683227,0.2980493184716289,0.13432631211981036
171,171.0,170.99922589110733,0.2473468107333485,0.05514230925755411,0.10097771234228936,0.03214032562296491,0.03267905501303286,0.04065175168052033,0.03453453129698659,0.03513224977301221,0.294339810080518,0.12705544419977347
172,172.0,171.99935628188598,0.25139839174053974,0.05749122648326563,0.10773185521713645,0.032043363219718624,0.032610550635438655,0.04154651383191355,0.03419173497085839,0.03477901288716687,0.287646080491305,0.12056127052265746
173,173.0,172.99948007076793,0.24861222181169526,0.062439656846771,0.11130242104426194,0.03403687257767506,0.032522791189249486,0.04089041833190138,0.03384130092763442,0.034413309561034396,0.28796283625920305,0.1139781714505743
174,174.0,173.99959668005403,0.24701109918549083,0.06032133057963307,0.111246873354749,0.033899574036291354,0.03241857977578674,0.040868999667363765,0.033487497279456505,0.03404004347190482,0.30028100822509035,0.10642499442423389
