,Unnamed: 0,Total_iterations,Intertwine_two,Add_vertex,Delete_vertex,Invert_path_vertices,Insert_inside_vertex,Delete_inside_vertex
0,0.0,0.0,0.16666666666666657,0.16666666666666657,0.16666666666666657,0.16666666666666657,0.16666666666666657,0.16666666666666657
1,1.0,1.0,0.16666666666666657,0.16666666666666657,0.16666666666666657,0.16666666666666657,0.16666666666666657,0.16666666666666657
2,2.0,2.0,0.16666666666666657,0.16666666666666657,0.16666666666666657,0.16666666666666657,0.16666666666666657,0.16666666666666657
3,3.0,3.0,0.16666666666666657,0.16666666666666657,0.16666666666666657,0.16666666666666657,0.16666666666666657,0.16666666666666657
4,4.0,4.0,0.16666666666666657,0.16666666666666657,0.16666666666666657,0.16666666666666657,0.16666666666666657,0.16666666666666657
5,5.0,5.0,0.16666666666666657,0.16666666666666657,0.16666666666666657,0.16666666666666657,0.16666666666666657,0.16666666666666657
6,6.0,6.0,0.16666666666666657,0.16666666666666657,0.16666666666666657,0.16666666666666657,0.16666666666666657,0.16666666666666657
7,7.0,7.0,0.16666666666666657,0.16666666666666657,0.16666666666666657,0.16666666666666657,0.16666666666666657,0.16666666666666657
8,8.0,8.0,0.16666666666666657,0.16666666666666657,0.16666666666666657,0.16666666666666657,0.16666666666666657,0.16666666666666657
9,9.0,9.0,0.16666666666666657,0.16666666666666657,0.16666666666666657,0.16666666666666657,0.16666666666666657,0.16666666666666657
10,10.0,10.0,0.16666666666666657,0.16666666666666657,0.16666666666666657,0.16666666666666657,0.16666666666666657,0.16666666666666657
11,11.0,11.0,0.16666666666666657,0.16666666666666657,0.16666666666666657,0.16666666666666657,0.16666666666666657,0.16666666666666657
12,12.0,12.0,0.16666666666666657,0.16666666666666657,0.16666666666666657,0.16666666666666657,0.16666666666666657,0.16666666666666657
13,13.0,13.0,0.16666666666666657,0.16666666666666657,0.16666666666666657,0.16666666666666657,0.16666666666666657,0.16666666666666657
14,14.0,14.0,0.16666666666666657,0.16666666666666657,0.16666666666666657,0.16666666666666657,0.16666666666666657,0.16666666666666657
15,15.0,15.0,0.16666666666666657,0.16666666666666657,0.16666666666666657,0.16666666666666657,0.16666666666666657,0.16666666666666657
16,16.0,16.0,0.16666666666666657,0.16666666666666657,0.16666666666666657,0.16666666666666657,0.16666666666666657,0.16666666666666657
17,17.0,17.0,0.16666666666666657,0.16666666666666657,0.16666666666666657,0.16666666666666657,0.16666666666666657,0.16666666666666657
18,18.0,18.0,0.16666666666666657,0.16666666666666657,0.16666666666666657,0.16666666666666657,0.16666666666666657,0.16666666666666657
19,19.0,19.0,0.16666666666666657,0.16666666666666657,0.16666666666666657,0.16666666666666657,0.16666666666666657,0.16666666666666657
20,20.0,20.0,0.16666666666666657,0.16666666666666657,0.16666666666666657,0.16666666666666657,0.16666666666666657,0.16666666666666657
21,21.0,21.0,0.16666666666666657,0.16666666666666657,0.16666666666666657,0.16666666666666657,0.16666666666666657,0.16666666666666657
22,22.0,22.0,0.16666666666666657,0.16666666666666657,0.16666666666666657,0.16666666666666657,0.16666666666666657,0.16666666666666657
23,23.0,23.0,0.16666666666666657,0.16666666666666657,0.16666666666666657,0.16666666666666657,0.16666666666666657,0.16666666666666657
24,24.0,24.0,0.16666666666666657,0.16666666666666657,0.16666666666666657,0.16666666666666657,0.16666666666666657,0.16666666666666657
25,25.0,25.0,0.16666666666666657,0.16666666666666657,0.16666666666666657,0.16666666666666657,0.16666666666666657,0.16666666666666657
26,26.0,26.0,0.16666666666666657,0.16666666666666657,0.16666666666666657,0.16666666666666657,0.16666666666666657,0.16666666666666657
27,27.0,27.0,0.16666666666666657,0.16666666666666657,0.16666666666666657,0.16666666666666657,0.16666666666666657,0.16666666666666657
28,28.0,28.0,0.16666666666666657,0.16666666666666657,0.16666666666666657,0.16666666666666657,0.16666666666666657,0.16666666666666657
29,29.0,29.0,0.16666666666666657,0.16666666666666657,0.16666666666666657,0.16666666666666657,0.16666666666666657,0.16666666666666657
30,30.0,30.0,0.16666666666666657,0.16666666666666657,0.16666666666666657,0.16666666666666657,0.16666666666666657,0.16666666666666657
31,31.0,31.0,0.16666666666666657,0.16666666666666657,0.16666666666666657,0.16666666666666657,0.16666666666666657,0.16666666666666657
32,32.0,32.0,0.16666666666666657,0.16666666666666657,0.16666666666666657,0.16666666666666657,0.16666666666666657,0.16666666666666657
33,33.0,33.0,0.16666666666666657,0.16666666666666657,0.16666666666666657,0.16666666666666657,0.16666666666666657,0.16666666666666657
34,34.0,34.0,0.16666666666666657,0.16666666666666657,0.16666666666666657,0.16666666666666657,0.16666666666666657,0.16666666666666657
35,35.0,35.0,0.16666666666666657,0.16666666666666657,0.16666666666666657,0.16666666666666657,0.16666666666666657,0.16666666666666657
36,36.0,36.0,0.16666666666666657,0.16666666666666657,0.16666666666666657,0.16666666666666657,0.16666666666666657,0.16666666666666657
37,37.0,37.0,0.16666666666666657,0.16666666666666657,0.16666666666666657,0.16666666666666657,0.16666666666666657,0.16666666666666657
38,38.0,38.0,0.16666666666666657,0.16666666666666657,0.16666666666666657,0.16666666666666657,0.16666666666666657,0.16666666666666657
39,39.0,39.0,0.16666666666666657,0.16666666666666657,0.16666666666666657,0.16666666666666657,0.16666666666666657,0.16666666666666657
40,40.0,40.0,0.16666666666666657,0.16666666666666657,0.16666666666666657,0.16666666666666657,0.16666666666666657,0.16666666666666657
41,41.0,41.0,0.16666666666666657,0.16666666666666657,0.16666666666666657,0.16666666666666657,0.16666666666666657,0.16666666666666657
42,42.0,42.0,0.16666666666666657,0.16666666666666657,0.16666666666666657,0.16666666666666657,0.16666666666666657,0.16666666666666657
43,43.0,43.0,0.16666666666666657,0.16666666666666657,0.16666666666666657,0.16666666666666657,0.16666666666666657,0.16666666666666657
44,44.0,44.0,0.16666666666666657,0.16666666666666657,0.16666666666666657,0.16666666666666657,0.16666666666666657,0.16666666666666657
45,45.0,45.0,0.16666666666666657,0.16666666666666657,0.16666666666666657,0.16666666666666657,0.16666666666666657,0.16666666666666657
46,46.0,46.0,0.16666666666666657,0.16666666666666657,0.16666666666666657,0.16666666666666657,0.16666666666666657,0.16666666666666657
47,47.0,47.0,0.16666666666666657,0.16666666666666657,0.16666666666666657,0.16666666666666657,0.16666666666666657,0.16666666666666657
48,48.0,48.0,0.16666666666666657,0.16666666666666657,0.16666666666666657,0.16666666666666657,0.16666666666666657,0.16666666666666657
49,49.0,49.0,0.16666666666666657,0.16666666666666657,0.16666666666666657,0.16666666666666657,0.16666666666666657,0.16666666666666657
50,50.0,50.0,0.16666666666666657,0.16666666666666657,0.16666666666666657,0.16666666666666657,0.16666666666666657,0.16666666666666657
51,51.0,51.0,0.16666666666666657,0.16666666666666657,0.16666666666666657,0.16666666666666657,0.16666666666666657,0.16666666666666657
52,52.0,52.0,0.16666666666666657,0.16666666666666657,0.16666666666666657,0.16666666666666657,0.16666666666666657,0.16666666666666657
53,53.0,53.0,0.16666666666666657,0.16666666666666657,0.16666666666666657,0.16666666666666657,0.16666666666666657,0.16666666666666657
54,54.0,54.0,0.16666666666666657,0.16666666666666657,0.16666666666666657,0.16666666666666657,0.16666666666666657,0.16666666666666657
55,55.0,55.0,0.16666666666666657,0.16666666666666657,0.16666666666666657,0.16666666666666657,0.16666666666666657,0.16666666666666657
56,56.0,56.0,0.16666666666666657,0.16666666666666657,0.16666666666666657,0.16666666666666657,0.16666666666666657,0.16666666666666657
57,57.0,57.1,0.16666666666666657,0.16666666666666657,0.16666666666666657,0.16666666666666657,0.16666666666666657,0.16666666666666657
58,58.0,58.1,0.16666666666666657,0.16666666666666657,0.16666666666666657,0.16666666666666657,0.16666666666666657,0.16666666666666657
59,59.0,59.1,0.16666666666666657,0.16666666666666657,0.16666666666666657,0.16666666666666657,0.16666666666666657,0.16666666666666657
60,60.0,60.1,0.16666666666666657,0.16666666666666657,0.16666666666666657,0.16666666666666657,0.16666666666666657,0.16666666666666657
61,61.0,61.1,0.16666666666666657,0.16666666666666657,0.16666666666666657,0.16666666666666657,0.16666666666666657,0.16666666666666657
62,62.0,62.1,0.16666666666666657,0.16666666666666657,0.16666666666666657,0.16666666666666657,0.16666666666666657,0.16666666666666657
63,63.0,63.1,0.16666666666666657,0.16666666666666657,0.16666666666666657,0.16666666666666657,0.16666666666666657,0.16666666666666657
64,64.0,64.1,0.16666666666666657,0.16666666666666657,0.16666666666666657,0.16666666666666657,0.16666666666666657,0.16666666666666657
65,65.0,65.1,0.16666666666666657,0.16666666666666657,0.16666666666666657,0.16666666666666657,0.16666666666666657,0.16666666666666657
66,66.0,66.1,0.16666666666666657,0.16666666666666657,0.16666666666666657,0.16666666666666657,0.16666666666666657,0.16666666666666657
67,67.0,67.1,0.16666666666666657,0.16666666666666657,0.16666666666666657,0.16666666666666657,0.16666666666666657,0.16666666666666657
68,68.0,68.1,0.16666666666666657,0.16666666666666657,0.16666666666666657,0.16666666666666657,0.16666666666666657,0.16666666666666657
69,69.0,69.1,0.16666666666666657,0.16666666666666657,0.16666666666666657,0.16666666666666657,0.16666666666666657,0.16666666666666657
70,70.0,70.1,0.16666666666666657,0.16666666666666657,0.16666666666666657,0.16666666666666657,0.16666666666666657,0.16666666666666657
71,71.0,71.1,0.16666666666666657,0.16666666666666657,0.16666666666666657,0.16666666666666657,0.16666666666666657,0.16666666666666657
72,72.0,72.1,0.16666666666666657,0.16666666666666657,0.16666666666666657,0.16666666666666657,0.16666666666666657,0.16666666666666657
73,73.0,73.1,0.16666666666666657,0.16666666666666657,0.16666666666666657,0.16666666666666657,0.16666666666666657,0.16666666666666657
74,74.0,74.1,0.16666666666666657,0.16666666666666657,0.16666666666666657,0.16666666666666657,0.16666666666666657,0.16666666666666657
75,75.0,75.1,0.16666666666666657,0.16666666666666657,0.16666666666666657,0.16666666666666657,0.16666666666666657,0.16666666666666657
76,76.0,76.1,0.16666666666666657,0.16666666666666657,0.16666666666666657,0.16666666666666657,0.16666666666666657,0.16666666666666657
77,77.0,77.1,0.16666666666666657,0.16666666666666657,0.16666666666666657,0.16666666666666657,0.16666666666666657,0.16666666666666657
78,78.0,78.1,0.16666666666666657,0.16666666666666657,0.16666666666666657,0.16666666666666657,0.16666666666666657,0.16666666666666657
79,79.0,79.1,0.16666666666666657,0.16666666666666657,0.16666666666666657,0.16666666666666657,0.16666666666666657,0.16666666666666657
80,80.0,80.1,0.16666666666666657,0.16666666666666657,0.16666666666666657,0.16666666666666657,0.16666666666666657,0.16666666666666657
81,81.0,81.1,0.16666666666666657,0.16666666666666657,0.16666666666666657,0.16666666666666657,0.16666666666666657,0.16666666666666657
82,82.0,82.1,0.16666666666666657,0.16666666666666657,0.16666666666666657,0.16666666666666657,0.16666666666666657,0.16666666666666657
83,83.0,83.1,0.16666666666666657,0.16666666666666657,0.16666666666666657,0.16666666666666657,0.16666666666666657,0.16666666666666657
84,84.0,84.2,0.16666666666666657,0.16666666666666657,0.16666666666666657,0.16666666666666657,0.16666666666666657,0.16666666666666657
85,85.0,85.2,0.16666666666666657,0.16666666666666657,0.16666666666666657,0.16666666666666657,0.16666666666666657,0.16666666666666657
86,86.0,86.2,0.16666666666666657,0.16666666666666657,0.16666666666666657,0.16666666666666657,0.16666666666666657,0.16666666666666657
87,87.0,87.2,0.16666666666666657,0.16666666666666657,0.16666666666666657,0.16666666666666657,0.16666666666666657,0.16666666666666657
88,88.0,88.2,0.16666666666666657,0.16666666666666657,0.16666666666666657,0.16666666666666657,0.16666666666666657,0.16666666666666657
89,89.0,89.2,0.16666666666666657,0.16666666666666657,0.16666666666666657,0.16666666666666657,0.16666666666666657,0.16666666666666657
90,90.0,90.2,0.16666666666666657,0.16666666666666657,0.16666666666666657,0.16666666666666657,0.16666666666666657,0.16666666666666657
91,91.0,91.2,0.16666666666666657,0.16666666666666657,0.16666666666666657,0.16666666666666657,0.16666666666666657,0.16666666666666657
92,92.0,92.2,0.16666666666666657,0.16666666666666657,0.16666666666666657,0.16666666666666657,0.16666666666666657,0.16666666666666657
93,93.0,93.2,0.16666666666666657,0.16666666666666657,0.16666666666666657,0.16666666666666657,0.16666666666666657,0.16666666666666657
94,94.0,94.2,0.16666666666666657,0.16666666666666657,0.16666666666666657,0.16666666666666657,0.16666666666666657,0.16666666666666657
95,95.0,95.2,0.16666666666666657,0.16666666666666657,0.16666666666666657,0.16666666666666657,0.16666666666666657,0.16666666666666657
96,96.0,96.2,0.16666666666666657,0.16666666666666657,0.16666666666666657,0.16666666666666657,0.16666666666666657,0.16666666666666657
97,97.0,97.2,0.16666666666666657,0.16666666666666657,0.16666666666666657,0.16666666666666657,0.16666666666666657,0.16666666666666657
98,98.0,98.2,0.16666666666666657,0.16666666666666657,0.16666666666666657,0.16666666666666657,0.16666666666666657,0.16666666666666657
99,99.0,99.2,0.16666666666666657,0.16666666666666657,0.16666666666666657,0.16666666666666657,0.16666666666666657,0.16666666666666657
100,100.0,100.2,0.16666666666666657,0.16666666666666657,0.16666666666666657,0.16666666666666657,0.16666666666666657,0.16666666666666657
101,101.0,101.2,0.16666666666666657,0.16666666666666657,0.16666666666666657,0.16666666666666657,0.16666666666666657,0.16666666666666657
102,102.0,102.2,0.16666666666666657,0.16666666666666657,0.16666666666666657,0.16666666666666657,0.16666666666666657,0.16666666666666657
103,103.0,103.2,0.16666666666666657,0.16666666666666657,0.16666666666666657,0.16666666666666657,0.16666666666666657,0.16666666666666657
104,104.0,104.2,0.16666666666666657,0.16666666666666657,0.16666666666666657,0.16666666666666657,0.16666666666666657,0.16666666666666657
105,105.0,105.2,0.16666666666666657,0.16666666666666657,0.16666666666666657,0.16666666666666657,0.16666666666666657,0.16666666666666657
106,106.0,106.2,0.16666666666666657,0.16666666666666657,0.16666666666666657,0.16666666666666657,0.16666666666666657,0.16666666666666657
107,107.0,107.2,0.16666666666666657,0.16666666666666657,0.16666666666666657,0.16666666666666657,0.16666666666666657,0.16666666666666657
108,108.0,108.2,0.16666666666666657,0.16666666666666657,0.16666666666666657,0.16666666666666657,0.16666666666666657,0.16666666666666657
109,109.0,109.2,0.16666666666666657,0.16666666666666657,0.16666666666666657,0.16666666666666657,0.16666666666666657,0.16666666666666657
110,110.0,110.2,0.16666666666666657,0.16666666666666657,0.16666666666666657,0.16666666666666657,0.16666666666666657,0.16666666666666657
111,111.0,111.2,0.16666666666666657,0.16666666666666657,0.16666666666666657,0.16666666666666657,0.16666666666666657,0.16666666666666657
112,112.0,112.2,0.16666666666666657,0.16666666666666657,0.16666666666666657,0.16666666666666657,0.16666666666666657,0.16666666666666657
113,113.0,113.2,0.16666666666666657,0.16666666666666657,0.16666666666666657,0.16666666666666657,0.16666666666666657,0.16666666666666657
114,114.0,114.2,0.16666666666666657,0.16666666666666657,0.16666666666666657,0.16666666666666657,0.16666666666666657,0.16666666666666657
115,115.0,115.2,0.16666666666666657,0.16666666666666657,0.16666666666666657,0.16666666666666657,0.16666666666666657,0.16666666666666657
116,116.0,116.2,0.16666666666666657,0.16666666666666657,0.16666666666666657,0.16666666666666657,0.16666666666666657,0.16666666666666657
117,117.0,117.2,0.16666666666666657,0.16666666666666657,0.16666666666666657,0.16666666666666657,0.16666666666666657,0.16666666666666657
118,118.0,118.2,0.16666666666666657,0.16666666666666657,0.16666666666666657,0.16666666666666657,0.16666666666666657,0.16666666666666657
119,119.0,119.2,0.16666666666666657,0.16666666666666657,0.16666666666666657,0.16666666666666657,0.16666666666666657,0.16666666666666657
120,120.0,120.2,0.16666666666666657,0.16666666666666657,0.16666666666666657,0.16666666666666657,0.16666666666666657,0.16666666666666657
121,121.0,121.2,0.16666666666666657,0.16666666666666657,0.16666666666666657,0.16666666666666657,0.16666666666666657,0.16666666666666657
122,122.0,122.2,0.16666666666666657,0.16666666666666657,0.16666666666666657,0.16666666666666657,0.16666666666666657,0.16666666666666657
123,123.0,123.2,0.16666666666666657,0.16666666666666657,0.16666666666666657,0.16666666666666657,0.16666666666666657,0.16666666666666657
124,124.0,124.2,0.16666666666666657,0.16666666666666657,0.16666666666666657,0.16666666666666657,0.16666666666666657,0.16666666666666657
125,125.0,125.2,0.16666666666666657,0.16666666666666657,0.16666666666666657,0.16666666666666657,0.16666666666666657,0.16666666666666657
126,126.0,126.2,0.16666666666666657,0.16666666666666657,0.16666666666666657,0.16666666666666657,0.16666666666666657,0.16666666666666657
127,127.0,127.2,0.16666666666666657,0.16666666666666657,0.16666666666666657,0.16666666666666657,0.16666666666666657,0.16666666666666657
128,128.0,128.2,0.16666666666666657,0.16666666666666657,0.16666666666666657,0.16666666666666657,0.16666666666666657,0.16666666666666657
129,129.0,129.2,0.16666666666666657,0.16666666666666657,0.16666666666666657,0.16666666666666657,0.16666666666666657,0.16666666666666657
130,130.0,130.3,0.16666666666666657,0.16666666666666657,0.16666666666666657,0.16666666666666657,0.16666666666666657,0.16666666666666657
131,131.0,131.3,0.16666666666666657,0.16666666666666657,0.16666666666666657,0.16666666666666657,0.16666666666666657,0.16666666666666657
132,132.0,132.3,0.16666666666666657,0.16666666666666657,0.16666666666666657,0.16666666666666657,0.16666666666666657,0.16666666666666657
133,133.0,133.3,0.16666666666666657,0.16666666666666657,0.16666666666666657,0.16666666666666657,0.16666666666666657,0.16666666666666657
134,134.0,134.3,0.16666666666666657,0.16666666666666657,0.16666666666666657,0.16666666666666657,0.16666666666666657,0.16666666666666657
135,135.0,135.3,0.16666666666666657,0.16666666666666657,0.16666666666666657,0.16666666666666657,0.16666666666666657,0.16666666666666657
136,136.0,136.3,0.16666666666666657,0.16666666666666657,0.16666666666666657,0.16666666666666657,0.16666666666666657,0.16666666666666657
137,137.0,137.3,0.16666666666666657,0.16666666666666657,0.16666666666666657,0.16666666666666657,0.16666666666666657,0.16666666666666657
138,138.0,138.3,0.16666666666666657,0.16666666666666657,0.16666666666666657,0.16666666666666657,0.16666666666666657,0.16666666666666657
139,139.0,139.3,0.16666666666666657,0.16666666666666657,0.16666666666666657,0.16666666666666657,0.16666666666666657,0.16666666666666657
140,140.0,140.3,0.16666666666666657,0.16666666666666657,0.16666666666666657,0.16666666666666657,0.16666666666666657,0.16666666666666657
141,141.0,141.3,0.16666666666666657,0.16666666666666657,0.16666666666666657,0.16666666666666657,0.16666666666666657,0.16666666666666657
142,142.0,142.3,0.16666666666666657,0.16666666666666657,0.16666666666666657,0.16666666666666657,0.16666666666666657,0.16666666666666657
143,143.0,143.3,0.16666666666666657,0.16666666666666657,0.16666666666666657,0.16666666666666657,0.16666666666666657,0.16666666666666657
144,144.0,144.3,0.16666666666666657,0.16666666666666657,0.16666666666666657,0.16666666666666657,0.16666666666666657,0.16666666666666657
145,145.0,145.3,0.16666666666666657,0.16666666666666657,0.16666666666666657,0.16666666666666657,0.16666666666666657,0.16666666666666657
146,146.0,146.3,0.16666666666666657,0.16666666666666657,0.16666666666666657,0.16666666666666657,0.16666666666666657,0.16666666666666657
147,147.0,147.3,0.16666666666666657,0.16666666666666657,0.16666666666666657,0.16666666666666657,0.16666666666666657,0.16666666666666657
148,148.0,148.3,0.16666666666666657,0.16666666666666657,0.16666666666666657,0.16666666666666657,0.16666666666666657,0.16666666666666657
149,149.0,149.3,0.16666666666666657,0.16666666666666657,0.16666666666666657,0.16666666666666657,0.16666666666666657,0.16666666666666657
150,150.0,150.3,0.16666666666666657,0.16666666666666657,0.16666666666666657,0.16666666666666657,0.16666666666666657,0.16666666666666657
151,151.0,151.3,0.16666666666666657,0.16666666666666657,0.16666666666666657,0.16666666666666657,0.16666666666666657,0.16666666666666657
152,152.0,152.3,0.16666666666666657,0.16666666666666657,0.16666666666666657,0.16666666666666657,0.16666666666666657,0.16666666666666657
153,153.0,153.3,0.16666666666666657,0.16666666666666657,0.16666666666666657,0.16666666666666657,0.16666666666666657,0.16666666666666657
154,154.0,154.3,0.16666666666666657,0.16666666666666657,0.16666666666666657,0.16666666666666657,0.16666666666666657,0.16666666666666657
155,155.0,155.3,0.16666666666666657,0.16666666666666657,0.16666666666666657,0.16666666666666657,0.16666666666666657,0.16666666666666657
156,156.0,156.3,0.16666666666666657,0.16666666666666657,0.16666666666666657,0.16666666666666657,0.16666666666666657,0.16666666666666657
157,157.0,157.3,0.16666666666666657,0.16666666666666657,0.16666666666666657,0.16666666666666657,0.16666666666666657,0.16666666666666657
158,158.0,158.3,0.16666666666666657,0.16666666666666657,0.16666666666666657,0.16666666666666657,0.16666666666666657,0.16666666666666657
159,159.0,159.3,0.16666666666666657,0.16666666666666657,0.16666666666666657,0.16666666666666657,0.16666666666666657,0.16666666666666657
160,160.0,160.3,0.16666666666666657,0.16666666666666657,0.16666666666666657,0.16666666666666657,0.16666666666666657,0.16666666666666657
161,161.0,161.3,0.16666666666666657,0.16666666666666657,0.16666666666666657,0.16666666666666657,0.16666666666666657,0.16666666666666657
162,162.0,162.3,0.16666666666666657,0.16666666666666657,0.16666666666666657,0.16666666666666657,0.16666666666666657,0.16666666666666657
163,163.0,163.3,0.16666666666666657,0.16666666666666657,0.16666666666666657,0.16666666666666657,0.16666666666666657,0.16666666666666657
164,164.0,164.3,0.16666666666666657,0.16666666666666657,0.16666666666666657,0.16666666666666657,0.16666666666666657,0.16666666666666657
165,165.0,165.3,0.16666666666666657,0.16666666666666657,0.16666666666666657,0.16666666666666657,0.16666666666666657,0.16666666666666657
166,166.0,166.3,0.16666666666666657,0.16666666666666657,0.16666666666666657,0.16666666666666657,0.16666666666666657,0.16666666666666657
167,167.0,167.3,0.16666666666666657,0.16666666666666657,0.16666666666666657,0.16666666666666657,0.16666666666666657,0.16666666666666657
168,168.0,168.3,0.16666666666666657,0.16666666666666657,0.16666666666666657,0.16666666666666657,0.16666666666666657,0.16666666666666657
169,169.0,169.3,0.16666666666666657,0.16666666666666657,0.16666666666666657,0.16666666666666657,0.16666666666666657,0.16666666666666657
170,170.0,170.3,0.16666666666666657,0.16666666666666657,0.16666666666666657,0.16666666666666657,0.16666666666666657,0.16666666666666657
171,171.0,171.3,0.16666666666666657,0.16666666666666657,0.16666666666666657,0.16666666666666657,0.16666666666666657,0.16666666666666657
172,172.0,172.3,0.16666666666666657,0.16666666666666657,0.16666666666666657,0.16666666666666657,0.16666666666666657,0.16666666666666657
173,173.0,173.3,0.16666666666666657,0.16666666666666657,0.16666666666666657,0.16666666666666657,0.16666666666666657,0.16666666666666657
174,174.0,174.3,0.16666666666666657,0.16666666666666657,0.16666666666666657,0.16666666666666657,0.16666666666666657,0.16666666666666657
175,175.0,175.3,0.16666666666666657,0.16666666666666657,0.16666666666666657,0.16666666666666657,0.16666666666666657,0.16666666666666657
176,176.0,176.3,0.16666666666666657,0.16666666666666657,0.16666666666666657,0.16666666666666657,0.16666666666666657,0.16666666666666657
177,177.0,177.3,0.16666666666666657,0.16666666666666657,0.16666666666666657,0.16666666666666657,0.16666666666666657,0.16666666666666657
178,178.0,178.3,0.16666666666666657,0.16666666666666657,0.16666666666666657,0.16666666666666657,0.16666666666666657,0.16666666666666657
179,179.0,179.3,0.16666666666666657,0.16666666666666657,0.16666666666666657,0.16666666666666657,0.16666666666666657,0.16666666666666657
180,180.0,180.4,0.16666666666666657,0.16666666666666657,0.16666666666666657,0.16666666666666657,0.16666666666666657,0.16666666666666657
181,181.0,181.4,0.16666666666666657,0.16666666666666657,0.16666666666666657,0.16666666666666657,0.16666666666666657,0.16666666666666657
182,182.0,182.4,0.16666666666666657,0.16666666666666657,0.16666666666666657,0.16666666666666657,0.16666666666666657,0.16666666666666657
183,183.0,183.4,0.16666666666666657,0.16666666666666657,0.16666666666666657,0.16666666666666657,0.16666666666666657,0.16666666666666657
184,184.0,184.4,0.16666666666666657,0.16666666666666657,0.16666666666666657,0.16666666666666657,0.16666666666666657,0.16666666666666657
185,185.0,185.4,0.16666666666666657,0.16666666666666657,0.16666666666666657,0.16666666666666657,0.16666666666666657,0.16666666666666657
186,186.0,186.4,0.16666666666666657,0.16666666666666657,0.16666666666666657,0.16666666666666657,0.16666666666666657,0.16666666666666657
187,187.0,187.4,0.16666666666666657,0.16666666666666657,0.16666666666666657,0.16666666666666657,0.16666666666666657,0.16666666666666657
188,188.0,188.4,0.16666666666666657,0.16666666666666657,0.16666666666666657,0.16666666666666657,0.16666666666666657,0.16666666666666657
189,189.0,189.4,0.16666666666666657,0.16666666666666657,0.16666666666666657,0.16666666666666657,0.16666666666666657,0.16666666666666657
190,190.0,190.4,0.16666666666666657,0.16666666666666657,0.16666666666666657,0.16666666666666657,0.16666666666666657,0.16666666666666657
191,191.0,191.4,0.16666666666666657,0.16666666666666657,0.16666666666666657,0.16666666666666657,0.16666666666666657,0.16666666666666657
192,192.0,192.4,0.16666666666666657,0.16666666666666657,0.16666666666666657,0.16666666666666657,0.16666666666666657,0.16666666666666657
193,193.0,193.4,0.16666666666666657,0.16666666666666657,0.16666666666666657,0.16666666666666657,0.16666666666666657,0.16666666666666657
194,194.0,194.4,0.16666666666666657,0.16666666666666657,0.16666666666666657,0.16666666666666657,0.16666666666666657,0.16666666666666657
195,195.0,195.4,0.16666666666666657,0.16666666666666657,0.16666666666666657,0.16666666666666657,0.16666666666666657,0.16666666666666657
196,196.0,196.4,0.16666666666666657,0.16666666666666657,0.16666666666666657,0.16666666666666657,0.16666666666666657,0.16666666666666657
197,197.0,197.4,0.16666666666666657,0.16666666666666657,0.16666666666666657,0.16666666666666657,0.16666666666666657,0.16666666666666657
198,198.0,198.4,0.16666666666666657,0.16666666666666657,0.16666666666666657,0.16666666666666657,0.16666666666666657,0.16666666666666657
199,199.0,199.4,0.16666666666666657,0.16666666666666657,0.16666666666666657,0.16666666666666657,0.16666666666666657,0.16666666666666657
200,200.0,200.4,0.1642857142857142,0.1642857142857142,0.17857142857142846,0.1642857142857142,0.1642857142857142,0.1642857142857142
201,201.0,201.4,0.1642857142857142,0.1642857142857142,0.17857142857142846,0.1642857142857142,0.1642857142857142,0.1642857142857142
202,202.0,202.4,0.16011904761904755,0.16011904761904755,0.18690476190476182,0.16011904761904755,0.16011904761904755,0.17261904761904753
203,203.0,203.4,0.16011904761904755,0.16011904761904755,0.18690476190476182,0.16011904761904755,0.16011904761904755,0.17261904761904753
204,204.0,204.4,0.15773809523809518,0.15773809523809518,0.18452380952380945,0.15773809523809518,0.15773809523809518,0.18452380952380945
205,205.0,205.4,0.1553571428571428,0.1553571428571428,0.19642857142857134,0.1553571428571428,0.1553571428571428,0.18214285714285708
206,206.0,206.4,0.1553571428571428,0.1553571428571428,0.19642857142857134,0.1553571428571428,0.1553571428571428,0.18214285714285708
207,207.0,207.4,0.1553571428571428,0.1553571428571428,0.19642857142857134,0.1553571428571428,0.1553571428571428,0.18214285714285708
208,208.0,208.4,0.1553571428571428,0.1553571428571428,0.19642857142857134,0.1553571428571428,0.1553571428571428,0.18214285714285708
209,209.0,209.4,0.1672619047619047,0.15297619047619043,0.19404761904761897,0.1672619047619047,0.15297619047619043,0.16547619047619042
210,210.0,210.4,0.16459235209235207,0.14727633477633473,0.20110028860028856,0.16179653679653674,0.16280663780663773,0.16242784992784987
211,211.0,211.4,0.1594603174603174,0.1439603174603174,0.1987539682539682,0.16818253968253963,0.15807142857142853,0.17157142857142854
212,212.0,212.4,0.15750432186075747,0.1535439258211535,0.19718686154329715,0.16663523495206659,0.15651422285085648,0.1686154329718686
213,213.0,213.4,0.16844070961718013,0.15340802987861807,0.19701213818860874,0.16647992530345465,0.1452380952380952,0.16942110177404288
214,214.0,214.4,0.16844070961718013,0.15340802987861807,0.18272642390289445,0.18076563958916894,0.1452380952380952,0.16942110177404288
215,215.0,215.4,0.16844070961718013,0.15340802987861807,0.18272642390289445,0.18076563958916894,0.1452380952380952,0.16942110177404288
216,216.0,216.4,0.16732959850606904,0.15229691876750695,0.1893930905695611,0.17965452847805782,0.14412698412698408,0.16719887955182067
217,217.0,217.4,0.16732959850606904,0.15229691876750695,0.1893930905695611,0.17965452847805782,0.14412698412698408,0.16719887955182067
218,218.0,218.4,0.16554388422035476,0.15051120448179267,0.18760737628384683,0.17608309990662926,0.1423412698412698,0.1779131652661064
219,219.0,219.4,0.16193277310924364,0.14690009337068158,0.19621848739495795,0.1721942110177404,0.13984126984126982,0.1829131652661064
220,220.0,220.4,0.16193277310924364,0.14690009337068158,0.19621848739495795,0.1721942110177404,0.13984126984126982,0.1829131652661064
221,221.0,221.4,0.16011459129106184,0.15417282064340884,0.19530939648586704,0.17128512010864946,0.13893217893217888,0.18018589253883366
222,222.0,222.4,0.16011459129106184,0.15417282064340884,0.19530939648586704,0.17128512010864946,0.13893217893217888,0.18018589253883366
223,223.0,223.4,0.16011459129106184,0.15417282064340884,0.19530939648586704,0.17128512010864946,0.13893217893217888,0.18018589253883366
224,224.0,224.4,0.15773363891010947,0.16607758254817076,0.19292844410491466,0.1689041677276971,0.1365512265512265,0.17780494015788129
225,225.0,225.4,0.15773363891010947,0.16607758254817076,0.19292844410491466,0.1689041677276971,0.1365512265512265,0.17780494015788129
226,226.0,226.4,0.1559479246243952,0.17500615397674218,0.19114272981920039,0.1671184534419828,0.13476551226551223,0.176019225872167
227,227.0,227.4,0.15567014684661742,0.18306170953229772,0.17197606315253372,0.16684067566420505,0.13448773448773446,0.18796367031661146
228,228.0,228.4,0.1541682127396413,0.17704596990311275,0.1803834260977118,0.1632178932178932,0.13192537621109046,0.19325912183055036
229,229.0,229.4,0.1433513708513708,0.18375541125541123,0.17975829725829723,0.1538311688311688,0.1322402597402597,0.20706349206349203
230,230.0,230.4,0.14416955266955264,0.1836240981240981,0.17956637806637804,0.15368975468975465,0.13207864357864355,0.20687157287157287
231,231.0,231.4,0.14278066378066376,0.18223520923520922,0.16817748917748915,0.1509119769119769,0.13068975468975466,0.22520490620490613
232,232.0,232.4,0.1409258783021159,0.1857428600002857,0.16556512794136552,0.14910669638392404,0.12886467218150383,0.22979476519080472
233,233.0,233.4,0.1407414480943892,0.18561667091078854,0.16538069773363887,0.14995119259825138,0.13982047364400302,0.21848951701892866
234,234.0,234.4,0.14056059905574464,0.18549293209487383,0.17526163157231114,0.14980841704142672,0.13966817971672335,0.2092082405189201
235,235.0,235.4,0.14038322788322782,0.18537157287157285,0.175074925074925,0.14966838716838712,0.13951881451881448,0.2099830724830724
236,236.0,236.4,0.13331252081252076,0.19143217893217893,0.17190032190032184,0.15168858918858916,0.14153901653901652,0.21012737262737255
237,237.0,237.4,0.13220140970140964,0.19809884559884558,0.17078921078921075,0.15057747807747807,0.1404279054279054,0.20790515040515034
238,238.0,238.4,0.13220140970140964,0.19809884559884558,0.17078921078921075,0.15057747807747807,0.1404279054279054,0.20790515040515034
239,239.0,239.4,0.13041569541569537,0.1963131313131313,0.18150349650349645,0.1487917637917638,0.13864219114219112,0.20433372183372178
240,240.0,240.4,0.12885281385281383,0.19480519480519481,0.1805627705627705,0.14726551226551227,0.1371067821067821,0.21140692640692635
241,241.0,241.4,0.13757099294835143,0.1945206784829426,0.17704974271012003,0.14601963026491327,0.13585191538021726,0.20898704021345527
242,242.0,242.4,0.1355852921740772,0.19348815255357307,0.18417162276975357,0.144978287548381,0.1348017558765222,0.20697488907769274
243,243.0,243.4,0.13407014065892567,0.19273057679599734,0.18947465307278386,0.1442207117908052,0.13404418011894645,0.20545973756254127
244,244.0,244.4,0.1333125649013499,0.19197300103842158,0.1962928348909657,0.14346313603322947,0.1332866043613707,0.20167185877466248
245,245.0,245.4,0.13955840455840454,0.19121082621082616,0.19290598290598288,0.14269230769230767,0.1325071225071225,0.2011253561253561
246,246.0,246.4,0.13791005291005287,0.19066137566137561,0.19730158730158726,0.14214285714285713,0.13195767195767194,0.200026455026455
247,247.0,247.4,0.1356790559084137,0.19391241276562377,0.20056810162314745,0.14089822002666036,0.1307045401082098,0.19823766956794475
248,248.0,248.4,0.13497113997113994,0.19709235209235207,0.19928571428571423,0.1402236652236652,0.13002164502164498,0.19840548340548333
249,249.0,249.4,0.13084727584727582,0.20300943800943796,0.20799442299442297,0.14597383097383093,0.12237880737880735,0.18979622479622477
250,250.0,250.4,0.12959727584727582,0.20509277134277132,0.21007775632775627,0.1451404976404976,0.12154547404547404,0.1885462247962248
251,251.0,251.4,0.12670862038509095,0.1992629394099982,0.22263027733615964,0.140833774951422,0.11902446564211269,0.19153992227521635
252,252.0,252.4,0.1257282282282282,0.19566816816816815,0.2242642642642642,0.14018018018018016,0.12392642642642641,0.1902327327327327
253,253.0,253.4,0.1254358305674095,0.19800734945471787,0.22367946894262677,0.13988778251936146,0.1316749644381223,0.18131460407776195
254,254.0,254.4,0.13008720258720258,0.19947158697158693,0.22336682836682833,0.13898359898359897,0.12986659736659736,0.17822418572418572
255,255.0,255.4,0.12897191436665117,0.19632204645362536,0.21222856604435547,0.15621626397942184,0.12909800922958817,0.17716319992635776
256,256.0,256.4,0.12875546415020095,0.19827009840167734,0.21157921539500482,0.15599981376297162,0.12866510879668774,0.17673029949345737
257,257.0,257.4,0.12855783569170293,0.19570092844120301,0.21098633001951073,0.1558021853044736,0.1282698518796917,0.18068286866341782
258,258.0,258.4,0.12837667627141308,0.1975125226441016,0.2104428517586412,0.14312102588418374,0.12790753303911198,0.19263939040254827
259,259.0,259.4,0.12837667627141308,0.1975125226441016,0.2104428517586412,0.14312102588418374,0.12790753303911198,0.19263939040254827
260,260.0,260.4,0.11830288886171239,0.19979838435720784,0.21613480222303752,0.14419274931039636,0.12819339475221828,0.19337778049542756
261,261.0,261.4,0.1178222453222453,0.2010100485100485,0.2179608454608454,0.14338530838530836,0.12755890505890505,0.19226264726264722
262,262.0,262.4,0.118928449060028,0.20211625224783117,0.2165111255900729,0.14419911446227235,0.13006371019528912,0.18818134844450626
263,263.0,263.4,0.11790771540771539,0.20494167244167244,0.2160805035805035,0.1429152229152229,0.12443924693924693,0.19371563871563865
264,264.0,264.4,0.12926871926871925,0.20470357720357718,0.2177471702471702,0.1433399333399333,0.12420115170115169,0.18073944823944818
265,265.0,265.4,0.12905226905226902,0.20448712698712695,0.2192623217623217,0.14290703290703285,0.12398470148470146,0.18030654780654773
266,266.0,266.4,0.1279537396928701,0.20519039942952982,0.22064572097180787,0.1425117759900368,0.12378707302620344,0.17991129088955168
267,267.0,267.4,0.13610591360591356,0.2036203511203511,0.22052494802494796,0.13937167937167932,0.1222170247170247,0.1781600831600831
268,268.0,268.4,0.137050358050358,0.2078981288981289,0.22280272580272573,0.14014945714945712,0.12316146916146915,0.1689378609378609
269,269.0,269.4,0.1356429506429506,0.20458188958188955,0.2232420882420882,0.14858820358820354,0.12175406175406174,0.16619080619080617
270,270.0,270.4,0.1350799663299663,0.20263047138047136,0.22131734006734,0.14698172198172196,0.12194865319865318,0.172041847041847
271,271.0,271.4,0.13330733846449433,0.19983244611715772,0.22695413600967457,0.14445941974931897,0.12775178290893882,0.16769487675041533
272,272.0,272.4,0.1331753713786381,0.19971600457081398,0.2267678295355246,0.144335215433219,0.1276198158230826,0.16838576325872145
273,273.0,273.4,0.14113181504485844,0.20050379572118698,0.22816770186335403,0.1355003450655624,0.1272429261559696,0.16745341614906828
274,274.0,274.4,0.1306478097356851,0.20135909387855996,0.22765771492134115,0.14638398926496807,0.1270079629923901,0.1669434292070554
275,275.0,275.4,0.12219132369299217,0.20956927450253365,0.22864293659621798,0.14613768384624887,0.1268848102830305,0.1665739710789766
276,276.0,276.4,0.13128384037171575,0.2146990872185533,0.22286084512447135,0.14602434890532773,0.12560436658879368,0.159527511791138
277,277.0,277.4,0.13062686294054476,0.21452066349174242,0.2231716096287842,0.1341487334813252,0.1309913452015788,0.16654078525602437
278,278.0,278.4,0.12143514739802279,0.21532711510464564,0.22286919027394553,0.1340479270297123,0.13089053874996587,0.1754300814437077
279,279.0,279.4,0.1184553494182248,0.21345842823595879,0.21948535189010715,0.1410681290499143,0.129021851881279,0.17851088952451574
280,280.0,280.4,0.11808668582375478,0.21737547892720305,0.2181489463601532,0.1408069923371647,0.12722461685823752,0.17835727969348653
281,281.0,281.4,0.11746779530567071,0.2213588611363917,0.21830840383815908,0.1400805749373602,0.12535572634015346,0.17742863844226467
282,282.0,282.4,0.11699934179523427,0.22419923115536702,0.21562220839223872,0.13951131497531086,0.12378433165324645,0.17988357202860245
283,283.0,283.4,0.11681551826582248,0.22481754666338843,0.21317679841006404,0.13923279447620215,0.12360050812383468,0.18235683406068798
284,284.0,284.4,0.11673148465237711,0.22548981557095144,0.21292469756972793,0.1391487608627568,0.1235164745103893,0.1821887668337972
285,285.0,285.4,0.11839815131904381,0.2271564822376181,0.21792469756972793,0.14081542752942344,0.12518314117705595,0.17052210016713054
286,286.0,286.4,0.118309024759329,0.22706735567790334,0.21881596316687588,0.14063717440999385,0.12509401461734115,0.17007646736855658
287,287.0,287.4,0.11695107541541687,0.22741065747833056,0.21938813283425457,0.1418883187493286,0.12371317848673391,0.17064863703593527
288,288.0,288.4,0.11800801022163247,0.21784510295346204,0.22403484200697815,0.15008034792864508,0.1214165315248906,0.1686151653643913
289,289.0,289.4,0.11781089090552004,0.2183312870780901,0.22448086010745855,0.14987560084746782,0.12122703997384301,0.16827432108762028
290,290.0,290.4,0.11769095087553502,0.21821884329997915,0.22427846130685883,0.150610233531126,0.12111459619573206,0.1680869147907687
291,291.0,291.4,0.11760691726208965,0.2181348096865338,0.22503476382786722,0.15044216630423524,0.12103056258228669,0.16775078033698715
292,292.0,292.4,0.11788798920377866,0.22950292397660815,0.22588618983355824,0.14348627980206924,0.11472559604138548,0.16851102114260003
293,293.0,293.4,0.11481503481503477,0.23088341088341088,0.22342903342903336,0.14033825033825026,0.12538890538890535,0.1651453651453651
294,294.0,294.4,0.10884963113999686,0.23550217351287825,0.22796698667572884,0.1242872364527137,0.12943074494144963,0.17396322727723262
295,295.0,295.4,0.10688899736188869,0.23249875345944968,0.24074508964903893,0.12945521683213293,0.1185486612274349,0.17186328147005486
