Total_iterations,Unnamed: 0.1,Intertwine_two,Add_vertex,Delete_vertex,Invert_path_vertices,Insert_inside_vertex,Delete_inside_vertex
0,0.0,0.1666666666666665,0.1666666666666665,0.1666666666666665,0.1666666666666665,0.1666666666666665,0.1666666666666665
1,1.0,0.1666666666666665,0.1666666666666665,0.1666666666666665,0.1666666666666665,0.1666666666666665,0.1666666666666665
2,2.0,0.1666666666666665,0.1666666666666665,0.1666666666666665,0.1666666666666665,0.1666666666666665,0.1666666666666665
3,3.0,0.1666666666666665,0.1666666666666665,0.1666666666666665,0.1666666666666665,0.1666666666666665,0.1666666666666665
4,4.0,0.1666666666666665,0.1666666666666665,0.1666666666666665,0.1666666666666665,0.1666666666666665,0.1666666666666665
5,5.0,0.1666666666666665,0.1666666666666665,0.1666666666666665,0.1666666666666665,0.1666666666666665,0.1666666666666665
6,6.0,0.1666666666666665,0.1666666666666665,0.1666666666666665,0.1666666666666665,0.1666666666666665,0.1666666666666665
7,7.0,0.1666666666666665,0.1666666666666665,0.1666666666666665,0.1666666666666665,0.1666666666666665,0.1666666666666665
8,8.0,0.1666666666666665,0.1666666666666665,0.1666666666666665,0.1666666666666665,0.1666666666666665,0.1666666666666665
9,9.0,0.1666666666666665,0.1666666666666665,0.1666666666666665,0.1666666666666665,0.1666666666666665,0.1666666666666665
10,10.0,0.1666666666666665,0.1666666666666665,0.1666666666666665,0.1666666666666665,0.1666666666666665,0.1666666666666665
11,11.0,0.1666666666666665,0.1666666666666665,0.1666666666666665,0.1666666666666665,0.1666666666666665,0.1666666666666665
12,12.0,0.1666666666666665,0.1666666666666665,0.1666666666666665,0.1666666666666665,0.1666666666666665,0.1666666666666665
13,13.0,0.1666666666666665,0.1666666666666665,0.1666666666666665,0.1666666666666665,0.1666666666666665,0.1666666666666665
14,14.0,0.1666666666666665,0.1666666666666665,0.1666666666666665,0.1666666666666665,0.1666666666666665,0.1666666666666665
15,15.0,0.1666666666666665,0.1666666666666665,0.1666666666666665,0.1666666666666665,0.1666666666666665,0.1666666666666665
16,16.0,0.1666666666666665,0.1666666666666665,0.1666666666666665,0.1666666666666665,0.1666666666666665,0.1666666666666665
17,17.0,0.1666666666666665,0.1666666666666665,0.1666666666666665,0.1666666666666665,0.1666666666666665,0.1666666666666665
18,18.0,0.1666666666666665,0.1666666666666665,0.1666666666666665,0.1666666666666665,0.1666666666666665,0.1666666666666665
19,19.0,0.1666666666666665,0.1666666666666665,0.1666666666666665,0.1666666666666665,0.1666666666666665,0.1666666666666665
20,20.0,0.1666666666666665,0.1666666666666665,0.1666666666666665,0.1666666666666665,0.1666666666666665,0.1666666666666665
21,21.0,0.1666666666666665,0.1666666666666665,0.1666666666666665,0.1666666666666665,0.1666666666666665,0.1666666666666665
22,22.0,0.1666666666666665,0.1666666666666665,0.1666666666666665,0.1666666666666665,0.1666666666666665,0.1666666666666665
23,23.0,0.1666666666666665,0.1666666666666665,0.1666666666666665,0.1666666666666665,0.1666666666666665,0.1666666666666665
24,24.0,0.1666666666666665,0.1666666666666665,0.1666666666666665,0.1666666666666665,0.1666666666666665,0.1666666666666665
25,25.0,0.1666666666666665,0.1666666666666665,0.1666666666666665,0.1666666666666665,0.1666666666666665,0.1666666666666665
26,26.0,0.1666666666666665,0.1666666666666665,0.1666666666666665,0.1666666666666665,0.1666666666666665,0.1666666666666665
27,27.0,0.1666666666666665,0.1666666666666665,0.1666666666666665,0.1666666666666665,0.1666666666666665,0.1666666666666665
28,28.0,0.1666666666666665,0.1666666666666665,0.1666666666666665,0.1666666666666665,0.1666666666666665,0.1666666666666665
29,29.0,0.1666666666666665,0.1666666666666665,0.1666666666666665,0.1666666666666665,0.1666666666666665,0.1666666666666665
30,30.0,0.1666666666666665,0.1666666666666665,0.1666666666666665,0.1666666666666665,0.1666666666666665,0.1666666666666665
31,31.0,0.1666666666666665,0.1666666666666665,0.1666666666666665,0.1666666666666665,0.1666666666666665,0.1666666666666665
32,32.0,0.1666666666666665,0.1666666666666665,0.1666666666666665,0.1666666666666665,0.1666666666666665,0.1666666666666665
33,33.0,0.1666666666666665,0.1666666666666665,0.1666666666666665,0.1666666666666665,0.1666666666666665,0.1666666666666665
34,34.0,0.1666666666666665,0.1666666666666665,0.1666666666666665,0.1666666666666665,0.1666666666666665,0.1666666666666665
35,35.0,0.1666666666666665,0.1666666666666665,0.1666666666666665,0.1666666666666665,0.1666666666666665,0.1666666666666665
36,36.0,0.1666666666666665,0.1666666666666665,0.1666666666666665,0.1666666666666665,0.1666666666666665,0.1666666666666665
37,37.0,0.1666666666666665,0.1666666666666665,0.1666666666666665,0.1666666666666665,0.1666666666666665,0.1666666666666665
38,38.0,0.1666666666666665,0.1666666666666665,0.1666666666666665,0.1666666666666665,0.1666666666666665,0.1666666666666665
39,39.0,0.1666666666666665,0.1666666666666665,0.1666666666666665,0.1666666666666665,0.1666666666666665,0.1666666666666665
40,40.0,0.1666666666666665,0.1666666666666665,0.1666666666666665,0.1666666666666665,0.1666666666666665,0.1666666666666665
41,41.0,0.1666666666666665,0.1666666666666665,0.1666666666666665,0.1666666666666665,0.1666666666666665,0.1666666666666665
42,42.0,0.1666666666666665,0.1666666666666665,0.1666666666666665,0.1666666666666665,0.1666666666666665,0.1666666666666665
43,43.0,0.1666666666666665,0.1666666666666665,0.1666666666666665,0.1666666666666665,0.1666666666666665,0.1666666666666665
44,44.0,0.1666666666666665,0.1666666666666665,0.1666666666666665,0.1666666666666665,0.1666666666666665,0.1666666666666665
45,45.0,0.1666666666666665,0.1666666666666665,0.1666666666666665,0.1666666666666665,0.1666666666666665,0.1666666666666665
46,46.0,0.1666666666666665,0.1666666666666665,0.1666666666666665,0.1666666666666665,0.1666666666666665,0.1666666666666665
47,47.0,0.1666666666666665,0.1666666666666665,0.1666666666666665,0.1666666666666665,0.1666666666666665,0.1666666666666665
48,48.0,0.1666666666666665,0.1666666666666665,0.1666666666666665,0.1666666666666665,0.1666666666666665,0.1666666666666665
49,49.0,0.1666666666666665,0.1666666666666665,0.1666666666666665,0.1666666666666665,0.1666666666666665,0.1666666666666665
50,50.0,0.1666666666666665,0.1666666666666665,0.1666666666666665,0.1666666666666665,0.1666666666666665,0.1666666666666665
51,51.0,0.1666666666666665,0.1666666666666665,0.1666666666666665,0.1666666666666665,0.1666666666666665,0.1666666666666665
52,52.0,0.1666666666666665,0.1666666666666665,0.1666666666666665,0.1666666666666665,0.1666666666666665,0.1666666666666665
53,53.0,0.1666666666666665,0.1666666666666665,0.1666666666666665,0.1666666666666665,0.1666666666666665,0.1666666666666665
54,54.0,0.1666666666666665,0.1666666666666665,0.1666666666666665,0.1666666666666665,0.1666666666666665,0.1666666666666665
55,55.0,0.1666666666666665,0.1666666666666665,0.1666666666666665,0.1666666666666665,0.1666666666666665,0.1666666666666665
56,56.0,0.1666666666666665,0.1666666666666665,0.1666666666666665,0.1666666666666665,0.1666666666666665,0.1666666666666665
57,57.0,0.1666666666666665,0.1666666666666665,0.1666666666666665,0.1666666666666665,0.1666666666666665,0.1666666666666665
58,58.0,0.1666666666666665,0.1666666666666665,0.1666666666666665,0.1666666666666665,0.1666666666666665,0.1666666666666665
59,59.0,0.1666666666666665,0.1666666666666665,0.1666666666666665,0.1666666666666665,0.1666666666666665,0.1666666666666665
60,60.0,0.1666666666666665,0.1666666666666665,0.1666666666666665,0.1666666666666665,0.1666666666666665,0.1666666666666665
61,61.0,0.1666666666666665,0.1666666666666665,0.1666666666666665,0.1666666666666665,0.1666666666666665,0.1666666666666665
62,62.0,0.1666666666666665,0.1666666666666665,0.1666666666666665,0.1666666666666665,0.1666666666666665,0.1666666666666665
63,63.0,0.1666666666666665,0.1666666666666665,0.1666666666666665,0.1666666666666665,0.1666666666666665,0.1666666666666665
64,64.0,0.1666666666666665,0.1666666666666665,0.1666666666666665,0.1666666666666665,0.1666666666666665,0.1666666666666665
65,65.0,0.1666666666666665,0.1666666666666665,0.1666666666666665,0.1666666666666665,0.1666666666666665,0.1666666666666665
66,66.0,0.1666666666666665,0.1666666666666665,0.1666666666666665,0.1666666666666665,0.1666666666666665,0.1666666666666665
67,67.0,0.1666666666666665,0.1666666666666665,0.1666666666666665,0.1666666666666665,0.1666666666666665,0.1666666666666665
68,68.0,0.1666666666666665,0.1666666666666665,0.1666666666666665,0.1666666666666665,0.1666666666666665,0.1666666666666665
69,69.0,0.1666666666666665,0.1666666666666665,0.1666666666666665,0.1666666666666665,0.1666666666666665,0.1666666666666665
70,70.0,0.1666666666666665,0.1666666666666665,0.1666666666666665,0.1666666666666665,0.1666666666666665,0.1666666666666665
71,71.0,0.1666666666666665,0.1666666666666665,0.1666666666666665,0.1666666666666665,0.1666666666666665,0.1666666666666665
72,72.0,0.1666666666666665,0.1666666666666665,0.1666666666666665,0.1666666666666665,0.1666666666666665,0.1666666666666665
73,73.0,0.1666666666666665,0.1666666666666665,0.1666666666666665,0.1666666666666665,0.1666666666666665,0.1666666666666665
74,74.0,0.1666666666666665,0.1666666666666665,0.1666666666666665,0.1666666666666665,0.1666666666666665,0.1666666666666665
75,75.0,0.1666666666666665,0.1666666666666665,0.1666666666666665,0.1666666666666665,0.1666666666666665,0.1666666666666665
76,76.0,0.1666666666666665,0.1666666666666665,0.1666666666666665,0.1666666666666665,0.1666666666666665,0.1666666666666665
77,77.0,0.1666666666666665,0.1666666666666665,0.1666666666666665,0.1666666666666665,0.1666666666666665,0.1666666666666665
78,78.0,0.1666666666666665,0.1666666666666665,0.1666666666666665,0.1666666666666665,0.1666666666666665,0.1666666666666665
79,79.0,0.1666666666666665,0.1666666666666665,0.1666666666666665,0.1666666666666665,0.1666666666666665,0.1666666666666665
80,80.0,0.1666666666666665,0.1666666666666665,0.1666666666666665,0.1666666666666665,0.1666666666666665,0.1666666666666665
81,81.0,0.1666666666666665,0.1666666666666665,0.1666666666666665,0.1666666666666665,0.1666666666666665,0.1666666666666665
82,82.0,0.1666666666666665,0.1666666666666665,0.1666666666666665,0.1666666666666665,0.1666666666666665,0.1666666666666665
83,83.0,0.1666666666666665,0.1666666666666665,0.1666666666666665,0.1666666666666665,0.1666666666666665,0.1666666666666665
84,84.0,0.1666666666666665,0.1666666666666665,0.1666666666666665,0.1666666666666665,0.1666666666666665,0.1666666666666665
85,85.0,0.1666666666666665,0.1666666666666665,0.1666666666666665,0.1666666666666665,0.1666666666666665,0.1666666666666665
86,86.0,0.1666666666666665,0.1666666666666665,0.1666666666666665,0.1666666666666665,0.1666666666666665,0.1666666666666665
87,87.0,0.1666666666666665,0.1666666666666665,0.1666666666666665,0.1666666666666665,0.1666666666666665,0.1666666666666665
88,88.0,0.1666666666666665,0.1666666666666665,0.1666666666666665,0.1666666666666665,0.1666666666666665,0.1666666666666665
89,89.0,0.1666666666666665,0.1666666666666665,0.1666666666666665,0.1666666666666665,0.1666666666666665,0.1666666666666665
90,90.0,0.1666666666666665,0.1666666666666665,0.1666666666666665,0.1666666666666665,0.1666666666666665,0.1666666666666665
91,91.0,0.1666666666666665,0.1666666666666665,0.1666666666666665,0.1666666666666665,0.1666666666666665,0.1666666666666665
92,92.0,0.1666666666666665,0.1666666666666665,0.1666666666666665,0.1666666666666665,0.1666666666666665,0.1666666666666665
93,93.0,0.1666666666666665,0.1666666666666665,0.1666666666666665,0.1666666666666665,0.1666666666666665,0.1666666666666665
94,94.0,0.1666666666666665,0.1666666666666665,0.1666666666666665,0.1666666666666665,0.1666666666666665,0.1666666666666665
95,95.0,0.1666666666666665,0.1666666666666665,0.1666666666666665,0.1666666666666665,0.1666666666666665,0.1666666666666665
96,96.0,0.1666666666666665,0.1666666666666665,0.1666666666666665,0.1666666666666665,0.1666666666666665,0.1666666666666665
97,97.0,0.1666666666666665,0.1666666666666665,0.1666666666666665,0.1666666666666665,0.1666666666666665,0.1666666666666665
98,98.0,0.1666666666666665,0.1666666666666665,0.1666666666666665,0.1666666666666665,0.1666666666666665,0.1666666666666665
99,99.0,0.1666666666666665,0.1666666666666665,0.1666666666666665,0.1666666666666665,0.1666666666666665,0.1666666666666665
100,100.0,0.1666666666666665,0.1666666666666665,0.1666666666666665,0.1666666666666665,0.1666666666666665,0.1666666666666665
101,101.0,0.1666666666666665,0.1666666666666665,0.1666666666666665,0.1666666666666665,0.1666666666666665,0.1666666666666665
102,102.0,0.1666666666666665,0.1666666666666665,0.1666666666666665,0.1666666666666665,0.1666666666666665,0.1666666666666665
103,103.0,0.1666666666666665,0.1666666666666665,0.1666666666666665,0.1666666666666665,0.1666666666666665,0.1666666666666665
104,104.0,0.1666666666666665,0.1666666666666665,0.1666666666666665,0.1666666666666665,0.1666666666666665,0.1666666666666665
105,105.0,0.1666666666666665,0.1666666666666665,0.1666666666666665,0.1666666666666665,0.1666666666666665,0.1666666666666665
106,106.0,0.1666666666666665,0.1666666666666665,0.1666666666666665,0.1666666666666665,0.1666666666666665,0.1666666666666665
107,107.0,0.1666666666666665,0.1666666666666665,0.1666666666666665,0.1666666666666665,0.1666666666666665,0.1666666666666665
108,108.0,0.1666666666666665,0.1666666666666665,0.1666666666666665,0.1666666666666665,0.1666666666666665,0.1666666666666665
109,109.0,0.1666666666666665,0.1666666666666665,0.1666666666666665,0.1666666666666665,0.1666666666666665,0.1666666666666665
110,110.0,0.1666666666666665,0.1666666666666665,0.1666666666666665,0.1666666666666665,0.1666666666666665,0.1666666666666665
111,111.0,0.1666666666666665,0.1666666666666665,0.1666666666666665,0.1666666666666665,0.1666666666666665,0.1666666666666665
112,112.0,0.1666666666666665,0.1666666666666665,0.1666666666666665,0.1666666666666665,0.1666666666666665,0.1666666666666665
113,113.0,0.1666666666666665,0.1666666666666665,0.1666666666666665,0.1666666666666665,0.1666666666666665,0.1666666666666665
114,114.0,0.1666666666666665,0.1666666666666665,0.1666666666666665,0.1666666666666665,0.1666666666666665,0.1666666666666665
115,115.0,0.1666666666666665,0.1666666666666665,0.1666666666666665,0.1666666666666665,0.1666666666666665,0.1666666666666665
116,116.0,0.1666666666666665,0.1666666666666665,0.1666666666666665,0.1666666666666665,0.1666666666666665,0.1666666666666665
117,117.0,0.1666666666666665,0.1666666666666665,0.1666666666666665,0.1666666666666665,0.1666666666666665,0.1666666666666665
118,118.0,0.1666666666666665,0.1666666666666665,0.1666666666666665,0.1666666666666665,0.1666666666666665,0.1666666666666665
119,119.0,0.1666666666666665,0.1666666666666665,0.1666666666666665,0.1666666666666665,0.1666666666666665,0.1666666666666665
120,120.0,0.1666666666666665,0.1666666666666665,0.1666666666666665,0.1666666666666665,0.1666666666666665,0.1666666666666665
121,121.0,0.1666666666666665,0.1666666666666665,0.1666666666666665,0.1666666666666665,0.1666666666666665,0.1666666666666665
122,122.0,0.1666666666666665,0.1666666666666665,0.1666666666666665,0.1666666666666665,0.1666666666666665,0.1666666666666665
123,123.0,0.1666666666666665,0.1666666666666665,0.1666666666666665,0.1666666666666665,0.1666666666666665,0.1666666666666665
124,124.0,0.1666666666666665,0.1666666666666665,0.1666666666666665,0.1666666666666665,0.1666666666666665,0.1666666666666665
125,125.0,0.1666666666666665,0.1666666666666665,0.1666666666666665,0.1666666666666665,0.1666666666666665,0.1666666666666665
126,126.0,0.1666666666666665,0.1666666666666665,0.1666666666666665,0.1666666666666665,0.1666666666666665,0.1666666666666665
127,127.0,0.1666666666666665,0.1666666666666665,0.1666666666666665,0.1666666666666665,0.1666666666666665,0.1666666666666665
128,128.0,0.1666666666666665,0.1666666666666665,0.1666666666666665,0.1666666666666665,0.1666666666666665,0.1666666666666665
129,129.0,0.1666666666666665,0.1666666666666665,0.1666666666666665,0.1666666666666665,0.1666666666666665,0.1666666666666665
130,130.0,0.1666666666666665,0.1666666666666665,0.1666666666666665,0.1666666666666665,0.1666666666666665,0.1666666666666665
131,131.0,0.1666666666666665,0.1666666666666665,0.1666666666666665,0.1666666666666665,0.1666666666666665,0.1666666666666665
132,132.0,0.1666666666666665,0.1666666666666665,0.1666666666666665,0.1666666666666665,0.1666666666666665,0.1666666666666665
133,133.0,0.1666666666666665,0.1666666666666665,0.1666666666666665,0.1666666666666665,0.1666666666666665,0.1666666666666665
134,134.0,0.1666666666666665,0.1666666666666665,0.1666666666666665,0.1666666666666665,0.1666666666666665,0.1666666666666665
135,135.0,0.1666666666666665,0.1666666666666665,0.1666666666666665,0.1666666666666665,0.1666666666666665,0.1666666666666665
136,136.0,0.1666666666666665,0.1666666666666665,0.1666666666666665,0.1666666666666665,0.1666666666666665,0.1666666666666665
137,137.0,0.1666666666666665,0.1666666666666665,0.1666666666666665,0.1666666666666665,0.1666666666666665,0.1666666666666665
138,138.0,0.1666666666666665,0.1666666666666665,0.1666666666666665,0.1666666666666665,0.1666666666666665,0.1666666666666665
139,139.0,0.1666666666666665,0.1666666666666665,0.1666666666666665,0.1666666666666665,0.1666666666666665,0.1666666666666665
140,140.0,0.1666666666666665,0.1666666666666665,0.1666666666666665,0.1666666666666665,0.1666666666666665,0.1666666666666665
141,141.0,0.1666666666666665,0.1666666666666665,0.1666666666666665,0.1666666666666665,0.1666666666666665,0.1666666666666665
142,142.0,0.1666666666666665,0.1666666666666665,0.1666666666666665,0.1666666666666665,0.1666666666666665,0.1666666666666665
143,143.0,0.1666666666666665,0.1666666666666665,0.1666666666666665,0.1666666666666665,0.1666666666666665,0.1666666666666665
144,144.0,0.1666666666666665,0.1666666666666665,0.1666666666666665,0.1666666666666665,0.1666666666666665,0.1666666666666665
145,145.0,0.1666666666666665,0.1666666666666665,0.1666666666666665,0.1666666666666665,0.1666666666666665,0.1666666666666665
146,146.0,0.1666666666666665,0.1666666666666665,0.1666666666666665,0.1666666666666665,0.1666666666666665,0.1666666666666665
147,147.0,0.1666666666666665,0.1666666666666665,0.1666666666666665,0.1666666666666665,0.1666666666666665,0.1666666666666665
148,148.0,0.1666666666666665,0.1666666666666665,0.1666666666666665,0.1666666666666665,0.1666666666666665,0.1666666666666665
149,149.0,0.1666666666666665,0.1666666666666665,0.1666666666666665,0.1666666666666665,0.1666666666666665,0.1666666666666665
150,150.0,0.1666666666666665,0.1666666666666665,0.1666666666666665,0.1666666666666665,0.1666666666666665,0.1666666666666665
151,151.0,0.1666666666666665,0.1666666666666665,0.1666666666666665,0.1666666666666665,0.1666666666666665,0.1666666666666665
152,152.0,0.1666666666666665,0.1666666666666665,0.1666666666666665,0.1666666666666665,0.1666666666666665,0.1666666666666665
153,153.0,0.1666666666666665,0.1666666666666665,0.1666666666666665,0.1666666666666665,0.1666666666666665,0.1666666666666665
154,154.0,0.1666666666666665,0.1666666666666665,0.1666666666666665,0.1666666666666665,0.1666666666666665,0.1666666666666665
155,155.0,0.1666666666666665,0.1666666666666665,0.1666666666666665,0.1666666666666665,0.1666666666666665,0.1666666666666665
156,156.0,0.1666666666666665,0.1666666666666665,0.1666666666666665,0.1666666666666665,0.1666666666666665,0.1666666666666665
157,157.0,0.1666666666666665,0.1666666666666665,0.1666666666666665,0.1666666666666665,0.1666666666666665,0.1666666666666665
158,158.0,0.1666666666666665,0.1666666666666665,0.1666666666666665,0.1666666666666665,0.1666666666666665,0.1666666666666665
159,159.0,0.1666666666666665,0.1666666666666665,0.1666666666666665,0.1666666666666665,0.1666666666666665,0.1666666666666665
160,160.0,0.1666666666666665,0.1666666666666665,0.1666666666666665,0.1666666666666665,0.1666666666666665,0.1666666666666665
161,161.0,0.1666666666666665,0.1666666666666665,0.1666666666666665,0.1666666666666665,0.1666666666666665,0.1666666666666665
162,162.0,0.1666666666666665,0.1666666666666665,0.1666666666666665,0.1666666666666665,0.1666666666666665,0.1666666666666665
163,163.0,0.1666666666666665,0.1666666666666665,0.1666666666666665,0.1666666666666665,0.1666666666666665,0.1666666666666665
164,164.0,0.1666666666666665,0.1666666666666665,0.1666666666666665,0.1666666666666665,0.1666666666666665,0.1666666666666665
165,165.0,0.1666666666666665,0.1666666666666665,0.1666666666666665,0.1666666666666665,0.1666666666666665,0.1666666666666665
166,166.0,0.1666666666666665,0.1666666666666665,0.1666666666666665,0.1666666666666665,0.1666666666666665,0.1666666666666665
167,167.0,0.1666666666666665,0.1666666666666665,0.1666666666666665,0.1666666666666665,0.1666666666666665,0.1666666666666665
168,168.0,0.1666666666666665,0.1666666666666665,0.1666666666666665,0.1666666666666665,0.1666666666666665,0.1666666666666665
169,169.0,0.1666666666666665,0.1666666666666665,0.1666666666666665,0.1666666666666665,0.1666666666666665,0.1666666666666665
170,170.0,0.1666666666666665,0.1666666666666665,0.1666666666666665,0.1666666666666665,0.1666666666666665,0.1666666666666665
171,171.0,0.1666666666666665,0.1666666666666665,0.1666666666666665,0.1666666666666665,0.1666666666666665,0.1666666666666665
172,172.0,0.1666666666666665,0.1666666666666665,0.1666666666666665,0.1666666666666665,0.1666666666666665,0.1666666666666665
173,173.0,0.1666666666666665,0.1666666666666665,0.1666666666666665,0.1666666666666665,0.1666666666666665,0.1666666666666665
174,174.0,0.1666666666666665,0.1666666666666665,0.1666666666666665,0.1666666666666665,0.1666666666666665,0.1666666666666665
175,175.0,0.1666666666666665,0.1666666666666665,0.1666666666666665,0.1666666666666665,0.1666666666666665,0.1666666666666665
176,176.0,0.1666666666666665,0.1666666666666665,0.1666666666666665,0.1666666666666665,0.1666666666666665,0.1666666666666665
177,177.0,0.1666666666666665,0.1666666666666665,0.1666666666666665,0.1666666666666665,0.1666666666666665,0.1666666666666665
178,178.0,0.1666666666666665,0.1666666666666665,0.1666666666666665,0.1666666666666665,0.1666666666666665,0.1666666666666665
179,179.0,0.1666666666666665,0.1666666666666665,0.1666666666666665,0.1666666666666665,0.1666666666666665,0.1666666666666665
180,180.0,0.1666666666666665,0.1666666666666665,0.1666666666666665,0.1666666666666665,0.1666666666666665,0.1666666666666665
181,181.0,0.1666666666666665,0.1666666666666665,0.1666666666666665,0.1666666666666665,0.1666666666666665,0.1666666666666665
182,182.0,0.1666666666666665,0.1666666666666665,0.1666666666666665,0.1666666666666665,0.1666666666666665,0.1666666666666665
183,183.0,0.1666666666666665,0.1666666666666665,0.1666666666666665,0.1666666666666665,0.1666666666666665,0.1666666666666665
184,184.0,0.1666666666666665,0.1666666666666665,0.1666666666666665,0.1666666666666665,0.1666666666666665,0.1666666666666665
185,185.0,0.1666666666666665,0.1666666666666665,0.1666666666666665,0.1666666666666665,0.1666666666666665,0.1666666666666665
186,186.0,0.1666666666666665,0.1666666666666665,0.1666666666666665,0.1666666666666665,0.1666666666666665,0.1666666666666665
187,187.0,0.1666666666666665,0.1666666666666665,0.1666666666666665,0.1666666666666665,0.1666666666666665,0.1666666666666665
188,188.0,0.1666666666666665,0.1666666666666665,0.1666666666666665,0.1666666666666665,0.1666666666666665,0.1666666666666665
189,189.0,0.1666666666666665,0.1666666666666665,0.1666666666666665,0.1666666666666665,0.1666666666666665,0.1666666666666665
190,190.0,0.1666666666666665,0.1666666666666665,0.1666666666666665,0.1666666666666665,0.1666666666666665,0.1666666666666665
191,191.0,0.1666666666666665,0.1666666666666665,0.1666666666666665,0.1666666666666665,0.1666666666666665,0.1666666666666665
192,192.0,0.1666666666666665,0.1666666666666665,0.1666666666666665,0.1666666666666665,0.1666666666666665,0.1666666666666665
193,193.0,0.1666666666666665,0.1666666666666665,0.1666666666666665,0.1666666666666665,0.1666666666666665,0.1666666666666665
194,194.0,0.1666666666666665,0.1666666666666665,0.1666666666666665,0.1666666666666665,0.1666666666666665,0.1666666666666665
195,195.0,0.1666666666666665,0.1666666666666665,0.1666666666666665,0.1666666666666665,0.1666666666666665,0.1666666666666665
196,196.0,0.1666666666666665,0.1666666666666665,0.1666666666666665,0.1666666666666665,0.1666666666666665,0.1666666666666665
197,197.0,0.1666666666666665,0.1666666666666665,0.1666666666666665,0.1666666666666665,0.1666666666666665,0.1666666666666665
198,198.0,0.1666666666666665,0.1666666666666665,0.1666666666666665,0.1666666666666665,0.1666666666666665,0.1666666666666665
199,199.0,0.1666666666666665,0.1666666666666665,0.1666666666666665,0.1666666666666665,0.1666666666666665,0.1666666666666665
200,200.0,0.1664285714285713,0.1664285714285713,0.1678571428571427,0.1664285714285713,0.1664285714285713,0.1664285714285713
201,201.0,0.1661928571428571,0.1661928571428571,0.1690357142857142,0.1661928571428571,0.1661928571428571,0.1661928571428571
202,202.0,0.1655449761904761,0.1655449761904761,0.1710251190476189,0.1655449761904761,0.1655449761904761,0.1667949761904761
203,203.0,0.164907624047619,0.164907624047619,0.1729743797619047,0.164907624047619,0.164907624047619,0.167395124047619
204,204.0,0.1640480261166666,0.1640480261166666,0.1746299229880951,0.1640480261166666,0.1640480261166666,0.169177972545238
205,205.0,0.1629731934319285,0.1629731934319285,0.1774093269474999,0.1629731934319285,0.1629731934319285,0.1706978993247856
206,206.0,0.1619296835099164,0.1619296835099164,0.1801009829557749,0.1619296835099164,0.1619296835099164,0.1721802830045592
207,207.0,0.1609247991735778,0.1609247991735778,0.1826867492479504,0.1609247991735778,0.1609247991735778,0.1736140540577384
208,208.0,0.1599647267077086,0.1599647267077086,0.1851513571327145,0.1599647267077086,0.1599647267077086,0.1749897360364509
209,209.0,0.160245061840397,0.1588164904118255,0.1872441811338655,0.160245061840397,0.1588164904118255,0.1746327143616895
210,210.0,0.1603005766220762,0.1571546891761888,0.189901024069306,0.1600209950924947,0.1587077194792191,0.1739149955607152
211,211.0,0.1598802542170869,0.1552286827885155,0.1921695433218802,0.1604756907250234,0.1581772938996266,0.1740685350478675
212,212.0,0.1593021651250728,0.1543409542224111,0.1941203442274507,0.1608072548108271,0.1575431316526541,0.1738861499615842
213,213.0,0.1598575452852592,0.1535204386346511,0.1958892578801538,0.1611484113246016,0.1558344837810848,0.1737498630942496
214,214.0,0.1604432190727461,0.1527808505181067,0.1960639375420997,0.1629373387553586,0.1541907368112425,0.1735839173004463
215,215.0,0.1610503003869288,0.1521214930068219,0.196087774101459,0.1647256564513781,0.152621838122653,0.1733929379307593
216,216.0,0.1615594665508845,0.1514298255042724,0.1966422801695634,0.1663844310980624,0.1510248807629658,0.1729591159142517
217,217.0,0.1620754174179966,0.1508159956846102,0.1970688437348573,0.1680100292538782,0.1495186401728874,0.1725110737357705
218,218.0,0.1624137435807067,0.1500997866491717,0.1971974219833974,0.1692323697292113,0.1479305356527865,0.1731261424047264
219,219.0,0.1623884274224312,0.1490982015844922,0.1980783530611992,0.1700120945698965,0.1461953489265804,0.1742275744354006
220,220.0,0.1623610863368514,0.1481747939441426,0.1988525923745583,0.1707356680909915,0.1445701400821419,0.1753057191713145
221,221.0,0.1621503780457353,0.148058252789366,0.1994321576158765,0.1713105605983355,0.1429692543288294,0.1760793966218576
222,222.0,0.161940382716184,0.1480145114286076,0.1999125387217627,0.1718277094500482,0.1414880863968816,0.1768167712865161
223,223.0,0.1617331290053367,0.1480367272960729,0.2002988502947013,0.1722877175231757,0.1401294761834816,0.1775140996972319
224,224.0,0.1612923200503361,0.1493085587007413,0.2003585409341625,0.1724536035767499,0.1386566587808133,0.177930317957197
225,225.0,0.1608600051794333,0.1506208972034172,0.2003379615413852,0.1725674066664761,0.137310068796116,0.1783036606131724
226,226.0,0.1602610867043561,0.1528494258521301,0.2000667734849494,0.1724546256292705,0.1359119779588681,0.1784561103704259
227,227.0,0.1596511506782092,0.1558822244727735,0.197816797130833,0.1722719831961348,0.1346144537706337,0.1797633907514159
228,228.0,0.1589122048056636,0.1582819641190292,0.1963741473668631,0.1716910136863622,0.1331891789807293,0.1815514910413528
229,229.0,0.1571180294108852,0.16130031399373,0.1948533424826572,0.1701447374842098,0.1319252819950359,0.1846582946334821
230,230.0,0.1554474231518077,0.1642282485404463,0.1933144757154364,0.1685758118016007,0.1307747628692024,0.1876592779215067
231,231.0,0.1536922099249265,0.1669184592394386,0.1906531257595582,0.1667371403383564,0.1296134455741578,0.1923856191635628
232,232.0,0.1518179240114359,0.169843581444997,0.1877719183098348,0.1647435563343674,0.1283965148489485,0.1974265050504166
233,233.0,0.1500037032114286,0.1726225653066027,0.1849383206806263,0.1628774117527056,0.1284015389158357,0.2011564601328012
234,234.0,0.1482601970363871,0.1752412179564982,0.1831805999687361,0.1610543418819829,0.1285050205305878,0.2037586226258079
235,235.0,0.1465963083817917,0.1776883865604579,0.181500790994332,0.159287116762623,0.1286948490559352,0.2062325482448602
236,236.0,0.1443296070805995,0.1805737307731933,0.1796072439407139,0.1578024470612769,0.1291759545853969,0.2085110165588194
237,237.0,0.1420682939357347,0.1839457917129118,0.1777148712609426,0.1562939946402274,0.1296214690703375,0.2103555793798461
238,238.0,0.139934443263013,0.1871221770975177,0.1759424792444311,0.1548792222956554,0.1301304964703596,0.2119911816290231
239,239.0,0.1377580758933761,0.1899121192001049,0.1753672223164472,0.1533843383147874,0.1305130237913837,0.2130652204839008
240,240.0,0.1355696332996379,0.1923362835627699,0.1748167812290595,0.1518403918341508,0.1307850491502724,0.2146518609241094
241,241.0,0.134404684680359,0.1945142689693675,0.1740275413584826,0.1502805030058316,0.1309676026301809,0.2158053993557782
242,242.0,0.1331893239282605,0.1963712673375041,0.1740596354944432,0.1487298600612819,0.1310757279392295,0.2165741852392806
243,243.0,0.1319679437823149,0.1979379771452302,0.1747199431198638,0.1472210081103006,0.1311345434209885,0.2170185844213018
244,244.0,0.1308139660439724,0.1992201843929338,0.1761435852640898,0.1457572808154649,0.1311408161457936,0.2169241673377454
245,245.0,0.1304249560337433,0.2002254815995623,0.1772876704916637,0.1443399019681982,0.1310899712948492,0.2166320186119832
246,246.0,0.1300013463449487,0.2009851574766956,0.1789130907601838,0.1429928400079542,0.1310034373861769,0.2161041280240407
247,247.0,0.1294760849905206,0.2018907316583872,0.1808865053994219,0.141647520703464,0.1308097860291405,0.2152893712190657
248,248.0,0.1289945878869868,0.2029439591656548,0.1827311558032302,0.1403617848423552,0.130566157839942,0.2144023544618308
249,249.0,0.1282086196022616,0.2044250564431712,0.1854277576223533,0.139778257946187,0.1295771635771966,0.2125831448088301
250,250.0,0.127402634708459,0.205952221141932,0.1882886992466182,0.1392317061365788,0.1285317518454086,0.2105929869210033
251,251.0,0.1264103291692064,0.2067350916795478,0.1923366893801083,0.1383682251540629,0.1272689176684638,0.2088807469486107
252,252.0,0.1254221978803516,0.2070054765165235,0.1964462150726203,0.1375503882906481,0.1265401184673814,0.2070356037724749
253,253.0,0.1245067002577792,0.207369367914973,0.2003644891556339,0.1368113932663882,0.1266329160671673,0.2043151333380583
254,254.0,0.1241571809025396,0.207749673740662,0.2040928215706362,0.1360866432835078,0.1265860176835316,0.2013276628191227
255,255.0,0.1237903848776155,0.2076942140642951,0.2065272345798529,0.1371866043554986,0.1264997561213893,0.1983018060013486
256,256.0,0.1234904387284291,0.2077253838742634,0.2087102845378578,0.1383452208948845,0.1264048132032531,0.1953238587613119
257,257.0,0.1232533746025293,0.2074019668524617,0.2106444302710844,0.1395447588631629,0.1263024418411653,0.1928530275695963
258,258.0,0.1230749455580822,0.2071750405690173,0.2123342326023856,0.1395188013569976,0.1261937498316135,0.1917032300819036
259,259.0,0.1229673767252131,0.2068741817346683,0.2138361408921192,0.1395314618467207,0.1261130648550919,0.1906777739461866
260,260.0,0.1219172790301229,0.2067383783641591,0.2157231205079843,0.1396859242704674,0.1260869792293733,0.1898483185978929
261,261.0,0.1208879828489109,0.2066679218059153,0.2176081233031942,0.1397892646097299,0.1260211173521237,0.1890255900801258
262,262.0,0.1200415792843316,0.2066585525443156,0.2191631810533824,0.1399996119605183,0.1262277000533053,0.1879093751041466
263,263.0,0.1191666114087361,0.2068872392252951,0.2204931502729618,0.1401025304465405,0.1258895382601844,0.1874609303862821
264,264.0,0.1195026517467902,0.2070497920465309,0.2218126627703253,0.1402657550511183,0.1255468802093566,0.1858222581758786
265,265.0,0.1198811037046132,0.2071509824155685,0.223111084244236,0.1404001089348365,0.1252033856568845,0.1842533350438611
266,266.0,0.1202035691841906,0.2072857424376583,0.2243795158668852,0.1405065709782052,0.124862290872088,0.1827623106609726
267,267.0,0.1213865072122014,0.2072290681965399,0.2254716890836327,0.1403084292055196,0.1243875485563945,0.1812167577457119
268,268.0,0.1226927899457926,0.2075697519865493,0.2266329553458963,0.1401985118895419,0.124033019678321,0.1788729711538987
269,269.0,0.1238712793463297,0.2075480272350496,0.2276837289304381,0.1409429704016358,0.1235644874421457,0.176389506644401
270,270.0,0.1249933380884808,0.2073036717620264,0.2283925339321675,0.1415287872337378,0.1231441633171661,0.1746375056664212
271,271.0,0.1259267944522845,0.2067572173061586,0.2295233860893091,0.1418583215068692,0.123334229474528,0.1726000511708505
272,272.0,0.1268275139112443,0.2061845164293533,0.2304968298825251,0.1421684929035019,0.1235362678419121,0.1707863790314631
273,273.0,0.1284972843656041,0.2056831796366804,0.2314756265257326,0.1415858273490029,0.1237212488856583,0.1690368332373217
274,274.0,0.1290780225504031,0.2052657124998571,0.2322724655637941,0.1420889379470599,0.123899452281375,0.1673954091575107
275,275.0,0.1287707361843057,0.2056719439529006,0.2330419953591127,0.1425600574566184,0.1240786051736942,0.1658766618733683
276,276.0,0.1293376359977773,0.206589506837738,0.2331123724400958,0.1430085077850253,0.1241398604584512,0.1638121164809123
277,277.0,0.129801610130524,0.2074785668652187,0.2331042729902557,0.1422547099493942,0.1247483331373144,0.1626125069272929
278,278.0,0.1293082678238441,0.2084297870175069,0.2329674149163009,0.1414851514874842,0.1253483080237726,0.162461070731091
279,279.0,0.1284875487455941,0.209167989748569,0.2324048765649343,0.1414201968292077,0.1257568390419783,0.1627625490697163
280,280.0,0.1276117132224485,0.2102669816605232,0.2316357562489606,0.141332103287691,0.1259774435844523,0.1631760019959242
281,281.0,0.126666321925822,0.2117254975748677,0.2308246256134969,0.1411749262508402,0.1260015703536083,0.1636070582813647
282,282.0,0.1256766391416131,0.2134185325352905,0.2297008262792341,0.1409655974083348,0.1258596865370234,0.1643787180985039
283,283.0,0.12468076930942,0.2151119025366739,0.2283040797013101,0.1407348065758388,0.1256928552003181,0.1654755866764387
284,284.0,0.1236974305886658,0.2168002188699424,0.2268705248842325,0.1405036713442515,0.125513380165174,0.1666147741477335
285,285.0,0.1229094329472908,0.2185732662035608,0.2259408672757176,0.1404487671976747,0.125498550243663,0.1666291161320928
286,286.0,0.1221462095977993,0.2202459283081865,0.2251131402907091,0.14038519475713,0.1254731365676657,0.1666363904785091
287,287.0,0.1212851418004811,0.2218538686560895,0.2243624311997009,0.140455613791102,0.1253083894267041,0.1667345551259221
288,288.0,0.1205725335996655,0.2224000274049378,0.2241017209514115,0.1413525208891906,0.1249145001942546,0.1666586969605396
289,289.0,0.11988582905354,0.2228946394468492,0.2239110147485548,0.1422265408397472,0.1245060710432516,0.1665759048680567
290,290.0,0.1192350515775483,0.2232829123830709,0.2237248377395127,0.1431631126636912,0.1240944501188438,0.1664996355173326
291,291.0,0.1186255074807912,0.2235733139734949,0.2236384449191492,0.1440636917912261,0.1236857893863011,0.1664132524490371
292,292.0,0.1180948390856916,0.2249171017910143,0.2236597971704783,0.1442424091009209,0.1226609458048824,0.166424907047012
293,293.0,0.1173078735924085,0.2263104177393181,0.2234555624828528,0.1440808904402759,0.1227255640187226,0.1661196917264217
294,294.0,0.1159781358931761,0.228072008287179,0.2237252812981212,0.1422929958561214,0.1232145377801351,0.1667170408852667
295,295.0,0.1145140235385244,0.2294313994271681,0.2252882555829699,0.1410206311742903,0.1226285678656179,0.167117122411429
296,296.0,0.1141744890462782,0.2303099186533841,0.2268668882227764,0.1395628651457033,0.1218655130449894,0.1672203258868684
297,297.0,0.1134316719624373,0.2304815544979028,0.2279362071500555,0.138418214564778,0.120656284092284,0.1690760677325421
298,298.0,0.1131847406771325,0.2324154450534055,0.2274077960617375,0.1377360834955475,0.1199090026703694,0.1693469320418073
299,299.0,0.113000861637649,0.2342445973718104,0.2268609977845508,0.1370913270118203,0.1191992325546713,0.1696029836394979
300,300.0,0.1128755684097994,0.2359611937536431,0.2263031190201543,0.1364866552198835,0.118530320315725,0.1698431432807944
301,301.0,0.1127321264931583,0.2375983060883131,0.2281764208346048,0.1359644891882718,0.1166639729297015,0.1688646844659504
302,302.0,0.1125004099016993,0.2393983788073603,0.2298099172681251,0.1348247375101663,0.1157192137077354,0.1677473428049135
303,303.0,0.112093474114555,0.2421477715863827,0.2313091598699286,0.1335322998964165,0.1146154176307769,0.1663018769019401
304,304.0,0.1117105697696464,0.2447867660080518,0.2327768404617723,0.1322672423409868,0.1135573584463967,0.1649012229731457
305,305.0,0.1113099256283567,0.2475516215893291,0.2339097925472913,0.130954162773933,0.1127580160992005,0.1635164813618892
306,306.0,0.1110955600541586,0.2502900155139061,0.2360215166049691,0.1297766320062777,0.1112638270371383,0.1615524487835501
307,307.0,0.1109091186669117,0.252886218644945,0.238343803915122,0.1284090719552775,0.1098356946855586,0.1596160921321852
308,308.0,0.1107424376813369,0.2553242201809611,0.2405867496347722,0.1271018168183734,0.108468124181918,0.1577766515026384
309,309.0,0.1106037689892365,0.2576069071169696,0.2427539927639141,0.1258716126347812,0.1071752624868071,0.1559884560082914
310,310.0,0.1104952139610721,0.2596884081197648,0.2448533593428854,0.1247265722638938,0.1059657726314882,0.1542706736808957
311,311.0,0.110414544757174,0.2615677247490821,0.246873361572934,0.1236693277045918,0.1048428082834196,0.1526322329327986
312,312.0,0.1103655629506456,0.2632969636986509,0.2486601608857078,0.1229309473482928,0.1036525316029287,0.1510938335137743
313,313.0,0.1103257544699451,0.2648567342887168,0.250317750123824,0.1222598498121022,0.1025423448657523,0.1496975664396597
314,314.0,0.1102978506730699,0.2662542908554046,0.2517961847055968,0.1217422493920851,0.1015232068433578,0.1483862175304858
315,315.0,0.1102834901502204,0.267457098939257,0.2531139822431139,0.1213770606466576,0.1005990177040251,0.147169350316726
316,316.0,0.1102854614423327,0.2684766045708295,0.2542241599339989,0.1213126726435986,0.0997786145239398,0.1459224868853005
317,317.0,0.1103016538412607,0.2693204851253054,0.2552445171698059,0.1213073619456955,0.0990474608905902,0.1447785210273423
318,318.0,0.1103302057915196,0.2699975867840355,0.2559638416743784,0.1213544413669695,0.0984033883440081,0.1439505360390889
319,319.0,0.1103693260065711,0.2705175466081047,0.2566036635806353,0.1214473916655826,0.0978435898771775,0.143218482261929
320,320.0,0.1104077632720571,0.270957999073933,0.2571505315704487,0.1215679831754424,0.0973581520566944,0.1425575708514245
321,321.0,0.1106321045988851,0.2714401627120613,0.255305750085476,0.1233293568639402,0.0971284578195454,0.1421641679200922
322,322.0,0.1106859039227546,0.2716194325239803,0.2531972380104946,0.1260072697559189,0.0967992909742585,0.1416908648125933
