,Unnamed: 0,Total_iterations,Intertwine_two,Invert_path_vertices,Insert_inside_vertex,Delete_inside_vertex,Replace_inside_vertex,Donate_between_routes,Trim_one_terminal_cb,Grow_one_terminal_cb
0,0.0,0.0,0.125,0.125,0.125,0.125,0.125,0.125,0.125,0.125
1,1.0,1.0,0.125,0.125,0.125,0.125,0.125,0.125,0.125,0.125
2,2.0,2.0,0.125,0.125,0.125,0.125,0.125,0.125,0.125,0.125
3,3.0,3.0,0.125,0.125,0.125,0.125,0.125,0.125,0.125,0.125
4,4.0,4.0,0.125,0.125,0.125,0.125,0.125,0.125,0.125,0.125
5,5.0,5.0,0.125,0.125,0.125,0.125,0.125,0.125,0.125,0.125
6,6.0,6.0,0.125,0.125,0.125,0.125,0.125,0.125,0.125,0.125
7,7.0,7.0,0.125,0.125,0.125,0.125,0.125,0.125,0.125,0.125
8,8.0,8.0,0.125,0.125,0.125,0.125,0.125,0.125,0.125,0.125
9,9.0,9.0,0.125,0.125,0.125,0.125,0.125,0.125,0.125,0.125
10,10.0,10.0,0.125,0.125,0.125,0.125,0.125,0.125,0.125,0.125
11,11.0,11.0,0.125,0.125,0.125,0.125,0.125,0.125,0.125,0.125
12,12.0,12.0,0.125,0.125,0.125,0.125,0.125,0.125,0.125,0.125
13,13.0,13.0,0.125,0.125,0.125,0.125,0.125,0.125,0.125,0.125
14,14.0,14.0,0.125,0.125,0.125,0.125,0.125,0.125,0.125,0.125
15,15.0,15.0,0.125,0.125,0.125,0.125,0.125,0.125,0.125,0.125
16,16.0,16.0,0.125,0.125,0.125,0.125,0.125,0.125,0.125,0.125
17,17.0,17.0,0.125,0.125,0.125,0.125,0.125,0.125,0.125,0.125
18,18.0,18.0,0.125,0.125,0.125,0.125,0.125,0.125,0.125,0.125
19,19.0,19.0,0.125,0.125,0.125,0.125,0.125,0.125,0.125,0.125
20,20.0,20.0,0.125,0.125,0.125,0.125,0.125,0.125,0.125,0.125
21,21.0,21.0,0.125,0.125,0.125,0.125,0.125,0.125,0.125,0.125
22,22.0,22.0,0.125,0.125,0.125,0.125,0.125,0.125,0.125,0.125
23,23.0,23.0,0.125,0.125,0.125,0.125,0.125,0.125,0.125,0.125
24,24.0,24.0,0.125,0.125,0.125,0.125,0.125,0.125,0.125,0.125
25,25.0,25.0,0.125,0.125,0.125,0.125,0.125,0.125,0.125,0.125
26,26.0,26.0,0.125,0.125,0.125,0.125,0.125,0.125,0.125,0.125
27,27.0,27.0,0.125,0.125,0.125,0.125,0.125,0.125,0.125,0.125
28,28.0,28.0,0.125,0.125,0.125,0.125,0.125,0.125,0.125,0.125
29,29.0,29.0,0.125,0.125,0.125,0.125,0.125,0.125,0.125,0.125
30,30.0,30.0,0.125,0.125,0.125,0.125,0.125,0.125,0.125,0.125
31,31.0,31.0,0.125,0.125,0.125,0.125,0.125,0.125,0.125,0.125
32,32.0,32.0,0.125,0.125,0.125,0.125,0.125,0.125,0.125,0.125
33,33.0,33.0,0.125,0.125,0.125,0.125,0.125,0.125,0.125,0.125
34,34.0,34.0,0.125,0.125,0.125,0.125,0.125,0.125,0.125,0.125
35,35.0,35.0,0.125,0.125,0.125,0.125,0.125,0.125,0.125,0.125
36,36.0,36.0,0.125,0.125,0.125,0.125,0.125,0.125,0.125,0.125
37,37.0,37.0,0.125,0.125,0.125,0.125,0.125,0.125,0.125,0.125
38,38.0,38.0,0.125,0.125,0.125,0.125,0.125,0.125,0.125,0.125
39,39.0,39.0,0.125,0.125,0.125,0.125,0.125,0.125,0.125,0.125
40,40.0,40.0,0.125,0.125,0.125,0.125,0.125,0.125,0.125,0.125
41,41.0,41.0,0.125,0.125,0.125,0.125,0.125,0.125,0.125,0.125
42,42.0,42.0,0.125,0.125,0.125,0.125,0.125,0.125,0.125,0.125
43,43.0,43.0,0.125,0.125,0.125,0.125,0.125,0.125,0.125,0.125
44,44.0,44.0,0.125,0.125,0.125,0.125,0.125,0.125,0.125,0.125
45,45.0,45.0,0.125,0.125,0.125,0.125,0.125,0.125,0.125,0.125
46,46.0,46.0,0.125,0.125,0.125,0.125,0.125,0.125,0.125,0.125
47,47.0,47.0,0.125,0.125,0.125,0.125,0.125,0.125,0.125,0.125
48,48.0,48.0,0.125,0.125,0.125,0.125,0.125,0.125,0.125,0.125
49,49.0,49.0,0.125,0.125,0.125,0.125,0.125,0.125,0.125,0.125
50,50.0,50.0,0.125,0.125,0.125,0.125,0.125,0.125,0.125,0.125
51,51.0,51.0,0.125,0.125,0.125,0.125,0.125,0.125,0.125,0.125
52,52.0,52.0,0.125,0.125,0.125,0.125,0.125,0.125,0.125,0.125
53,53.0,53.0,0.125,0.125,0.125,0.125,0.125,0.125,0.125,0.125
54,54.0,54.0,0.125,0.125,0.125,0.125,0.125,0.125,0.125,0.125
55,55.0,55.0,0.125,0.125,0.125,0.125,0.125,0.125,0.125,0.125
56,56.0,56.0,0.125,0.125,0.125,0.125,0.125,0.125,0.125,0.125
57,57.0,57.0,0.125,0.125,0.125,0.125,0.125,0.125,0.125,0.125
58,58.0,58.0,0.125,0.125,0.125,0.125,0.125,0.125,0.125,0.125
59,59.0,59.0,0.125,0.125,0.125,0.125,0.125,0.125,0.125,0.125
60,60.0,60.0,0.125,0.125,0.125,0.125,0.125,0.125,0.125,0.125
61,61.0,61.0,0.125,0.125,0.125,0.125,0.125,0.125,0.125,0.125
62,62.0,62.0,0.125,0.125,0.125,0.125,0.125,0.125,0.125,0.125
63,63.0,63.0,0.125,0.125,0.125,0.125,0.125,0.125,0.125,0.125
64,64.0,64.0,0.125,0.125,0.125,0.125,0.125,0.125,0.125,0.125
65,65.0,65.0,0.125,0.125,0.125,0.125,0.125,0.125,0.125,0.125
66,66.0,66.0,0.125,0.125,0.125,0.125,0.125,0.125,0.125,0.125
67,67.0,67.0,0.125,0.125,0.125,0.125,0.125,0.125,0.125,0.125
68,68.0,68.0,0.125,0.125,0.125,0.125,0.125,0.125,0.125,0.125
69,69.0,69.0,0.125,0.125,0.125,0.125,0.125,0.125,0.125,0.125
70,70.0,70.0,0.125,0.125,0.125,0.125,0.125,0.125,0.125,0.125
71,71.0,71.0,0.125,0.125,0.125,0.125,0.125,0.125,0.125,0.125
72,72.0,72.0,0.125,0.125,0.125,0.125,0.125,0.125,0.125,0.125
73,73.0,73.0,0.125,0.125,0.125,0.125,0.125,0.125,0.125,0.125
74,74.0,74.0,0.125,0.125,0.125,0.125,0.125,0.125,0.125,0.125
75,75.0,75.0,0.125,0.125,0.125,0.125,0.125,0.125,0.125,0.125
76,76.0,76.0,0.125,0.125,0.125,0.125,0.125,0.125,0.125,0.125
77,77.0,77.0,0.125,0.125,0.125,0.125,0.125,0.125,0.125,0.125
78,78.0,78.0,0.125,0.125,0.125,0.125,0.125,0.125,0.125,0.125
79,79.0,79.0,0.125,0.125,0.125,0.125,0.125,0.125,0.125,0.125
80,80.0,80.0,0.125,0.125,0.125,0.125,0.125,0.125,0.125,0.125
81,81.0,81.0,0.125,0.125,0.125,0.125,0.125,0.125,0.125,0.125
82,82.0,82.0,0.125,0.125,0.125,0.125,0.125,0.125,0.125,0.125
83,83.0,83.0,0.125,0.125,0.125,0.125,0.125,0.125,0.125,0.125
84,84.0,84.0,0.125,0.125,0.125,0.125,0.125,0.125,0.125,0.125
85,85.0,85.0,0.125,0.125,0.125,0.125,0.125,0.125,0.125,0.125
86,86.0,86.0,0.125,0.125,0.125,0.125,0.125,0.125,0.125,0.125
87,87.0,87.0,0.125,0.125,0.125,0.125,0.125,0.125,0.125,0.125
88,88.0,88.1,0.125,0.125,0.125,0.125,0.125,0.125,0.125,0.125
89,89.0,89.1,0.125,0.125,0.125,0.125,0.125,0.125,0.125,0.125
90,90.0,90.1,0.125,0.125,0.125,0.125,0.125,0.125,0.125,0.125
91,91.0,91.1,0.125,0.125,0.125,0.125,0.125,0.125,0.125,0.125
92,92.0,92.1,0.125,0.125,0.125,0.125,0.125,0.125,0.125,0.125
93,93.0,93.1,0.125,0.125,0.125,0.125,0.125,0.125,0.125,0.125
94,94.0,94.1,0.125,0.125,0.125,0.125,0.125,0.125,0.125,0.125
95,95.0,95.1,0.125,0.125,0.125,0.125,0.125,0.125,0.125,0.125
96,96.0,96.2,0.125,0.125,0.125,0.125,0.125,0.125,0.125,0.125
97,97.0,97.2,0.125,0.125,0.125,0.125,0.125,0.125,0.125,0.125
98,98.0,98.2,0.125,0.125,0.125,0.125,0.125,0.125,0.125,0.125
99,99.0,99.2,0.125,0.125,0.125,0.125,0.125,0.125,0.125,0.125
100,100.0,100.3,0.125,0.125,0.125,0.125,0.125,0.125,0.125,0.125
101,101.0,101.3,0.125,0.125,0.125,0.125,0.125,0.125,0.125,0.125
102,102.0,102.3,0.125,0.125,0.125,0.125,0.125,0.125,0.125,0.125
103,103.0,103.3,0.125,0.125,0.125,0.125,0.125,0.125,0.125,0.125
104,104.0,104.3,0.125,0.125,0.125,0.125,0.125,0.125,0.125,0.125
105,105.0,105.3,0.125,0.125,0.125,0.125,0.125,0.125,0.125,0.125
106,106.0,106.3,0.125,0.125,0.125,0.125,0.125,0.125,0.125,0.125
107,107.0,107.3,0.125,0.125,0.125,0.125,0.125,0.125,0.125,0.125
108,108.0,108.3,0.125,0.125,0.125,0.125,0.125,0.125,0.125,0.125
109,109.0,109.3,0.125,0.125,0.125,0.125,0.125,0.125,0.125,0.125
110,110.0,110.3,0.125,0.125,0.125,0.125,0.125,0.125,0.125,0.125
111,111.0,111.3,0.125,0.125,0.125,0.125,0.125,0.125,0.125,0.125
112,112.0,112.3,0.125,0.125,0.125,0.125,0.125,0.125,0.125,0.125
113,113.0,113.3,0.125,0.125,0.125,0.125,0.125,0.125,0.125,0.125
114,114.0,114.3,0.125,0.125,0.125,0.125,0.125,0.125,0.125,0.125
115,115.0,115.3,0.125,0.125,0.125,0.125,0.125,0.125,0.125,0.125
116,116.0,116.3,0.125,0.125,0.125,0.125,0.125,0.125,0.125,0.125
117,117.0,117.3,0.125,0.125,0.125,0.125,0.125,0.125,0.125,0.125
118,118.0,118.3,0.125,0.125,0.125,0.125,0.125,0.125,0.125,0.125
119,119.0,119.3,0.125,0.125,0.125,0.125,0.125,0.125,0.125,0.125
120,120.0,120.3,0.125,0.125,0.125,0.125,0.125,0.125,0.125,0.125
121,121.0,121.3,0.125,0.125,0.125,0.125,0.125,0.125,0.125,0.125
122,122.0,122.3,0.125,0.125,0.125,0.125,0.125,0.125,0.125,0.125
123,123.0,123.3,0.125,0.125,0.125,0.125,0.125,0.125,0.125,0.125
124,124.0,124.3,0.125,0.125,0.125,0.125,0.125,0.125,0.125,0.125
125,125.0,125.3,0.125,0.125,0.125,0.125,0.125,0.125,0.125,0.125
126,126.0,126.3,0.125,0.125,0.125,0.125,0.125,0.125,0.125,0.125
127,127.0,127.3,0.125,0.125,0.125,0.125,0.125,0.125,0.125,0.125
128,128.0,128.3,0.125,0.125,0.125,0.125,0.125,0.125,0.125,0.125
129,129.0,129.3,0.125,0.125,0.125,0.125,0.125,0.125,0.125,0.125
130,130.0,130.3,0.125,0.125,0.125,0.125,0.125,0.125,0.125,0.125
131,131.0,131.3,0.125,0.125,0.125,0.125,0.125,0.125,0.125,0.125
132,132.0,132.3,0.125,0.125,0.125,0.125,0.125,0.125,0.125,0.125
133,133.0,133.3,0.125,0.125,0.125,0.125,0.125,0.125,0.125,0.125
134,134.0,134.3,0.125,0.125,0.125,0.125,0.125,0.125,0.125,0.125
135,135.0,135.3,0.125,0.125,0.125,0.125,0.125,0.125,0.125,0.125
136,136.0,136.3,0.125,0.125,0.125,0.125,0.125,0.125,0.125,0.125
137,137.0,137.3,0.125,0.125,0.125,0.125,0.125,0.125,0.125,0.125
138,138.0,138.3,0.125,0.125,0.125,0.125,0.125,0.125,0.125,0.125
139,139.0,139.3,0.125,0.125,0.125,0.125,0.125,0.125,0.125,0.125
140,140.0,140.3,0.125,0.125,0.125,0.125,0.125,0.125,0.125,0.125
141,141.0,141.3,0.125,0.125,0.125,0.125,0.125,0.125,0.125,0.125
142,142.0,142.3,0.125,0.125,0.125,0.125,0.125,0.125,0.125,0.125
143,143.0,143.3,0.125,0.125,0.125,0.125,0.125,0.125,0.125,0.125
144,144.0,144.3,0.125,0.125,0.125,0.125,0.125,0.125,0.125,0.125
145,145.0,145.3,0.125,0.125,0.125,0.125,0.125,0.125,0.125,0.125
146,146.0,146.3,0.125,0.125,0.125,0.125,0.125,0.125,0.125,0.125
147,147.0,147.3,0.125,0.125,0.125,0.125,0.125,0.125,0.125,0.125
148,148.0,148.3,0.125,0.125,0.125,0.125,0.125,0.125,0.125,0.125
149,149.0,149.3,0.125,0.125,0.125,0.125,0.125,0.125,0.125,0.125
150,150.0,150.3,0.125,0.125,0.125,0.125,0.125,0.125,0.125,0.125
151,151.0,151.3,0.125,0.125,0.125,0.125,0.125,0.125,0.125,0.125
152,152.0,152.3,0.125,0.125,0.125,0.125,0.125,0.125,0.125,0.125
153,153.0,153.3,0.125,0.125,0.125,0.125,0.125,0.125,0.125,0.125
154,154.0,154.3,0.125,0.125,0.125,0.125,0.125,0.125,0.125,0.125
155,155.0,155.3,0.125,0.125,0.125,0.125,0.125,0.125,0.125,0.125
156,156.0,156.3,0.125,0.125,0.125,0.125,0.125,0.125,0.125,0.125
157,157.0,157.3,0.125,0.125,0.125,0.125,0.125,0.125,0.125,0.125
158,158.0,158.3,0.125,0.125,0.125,0.125,0.125,0.125,0.125,0.125
159,159.0,159.3,0.125,0.125,0.125,0.125,0.125,0.125,0.125,0.125
160,160.0,160.3,0.125,0.125,0.125,0.125,0.125,0.125,0.125,0.125
161,161.0,161.3,0.125,0.125,0.125,0.125,0.125,0.125,0.125,0.125
162,162.0,162.3,0.125,0.125,0.125,0.125,0.125,0.125,0.125,0.125
163,163.0,163.3,0.125,0.125,0.125,0.125,0.125,0.125,0.125,0.125
164,164.0,164.3,0.125,0.125,0.125,0.125,0.125,0.125,0.125,0.125
165,165.0,165.3,0.125,0.125,0.125,0.125,0.125,0.125,0.125,0.125
166,166.0,166.3,0.125,0.125,0.125,0.125,0.125,0.125,0.125,0.125
167,167.0,167.3,0.125,0.125,0.125,0.125,0.125,0.125,0.125,0.125
168,168.0,168.3,0.125,0.125,0.125,0.125,0.125,0.125,0.125,0.125
169,169.0,169.3,0.125,0.125,0.125,0.125,0.125,0.125,0.125,0.125
170,170.0,170.3,0.125,0.125,0.125,0.125,0.125,0.125,0.125,0.125
171,171.0,171.3,0.125,0.125,0.125,0.125,0.125,0.125,0.125,0.125
172,172.0,172.3,0.125,0.125,0.125,0.125,0.125,0.125,0.125,0.125
173,173.0,173.3,0.125,0.125,0.125,0.125,0.125,0.125,0.125,0.125
174,174.0,174.3,0.125,0.125,0.125,0.125,0.125,0.125,0.125,0.125
175,175.0,175.3,0.125,0.125,0.125,0.125,0.125,0.125,0.125,0.125
176,176.0,176.3,0.125,0.125,0.125,0.125,0.125,0.125,0.125,0.125
177,177.0,177.3,0.125,0.125,0.125,0.125,0.125,0.125,0.125,0.125
178,178.0,178.3,0.125,0.125,0.125,0.125,0.125,0.125,0.125,0.125
179,179.0,179.3,0.125,0.125,0.125,0.125,0.125,0.125,0.125,0.125
180,180.0,180.3,0.125,0.125,0.125,0.125,0.125,0.125,0.125,0.125
181,181.0,181.3,0.125,0.125,0.125,0.125,0.125,0.125,0.125,0.125
182,182.0,182.3,0.125,0.125,0.125,0.125,0.125,0.125,0.125,0.125
183,183.0,183.3,0.125,0.125,0.125,0.125,0.125,0.125,0.125,0.125
184,184.0,184.3,0.125,0.125,0.125,0.125,0.125,0.125,0.125,0.125
185,185.0,185.3,0.125,0.125,0.125,0.125,0.125,0.125,0.125,0.125
186,186.0,186.3,0.125,0.125,0.125,0.125,0.125,0.125,0.125,0.125
187,187.0,187.3,0.125,0.125,0.125,0.125,0.125,0.125,0.125,0.125
188,188.0,188.3,0.125,0.125,0.125,0.125,0.125,0.125,0.125,0.125
189,189.0,189.3,0.125,0.125,0.125,0.125,0.125,0.125,0.125,0.125
190,190.0,190.4,0.125,0.125,0.125,0.125,0.125,0.125,0.125,0.125
191,191.0,191.4,0.125,0.125,0.125,0.125,0.125,0.125,0.125,0.125
192,192.0,192.4,0.125,0.125,0.125,0.125,0.125,0.125,0.125,0.125
193,193.0,193.4,0.125,0.125,0.125,0.125,0.125,0.125,0.125,0.125
194,194.0,194.4,0.125,0.125,0.125,0.125,0.125,0.125,0.125,0.125
195,195.0,195.4,0.125,0.125,0.125,0.125,0.125,0.125,0.125,0.125
196,196.0,196.4,0.125,0.125,0.125,0.125,0.125,0.125,0.125,0.125
197,197.0,197.5,0.125,0.125,0.125,0.125,0.125,0.125,0.125,0.125
198,198.0,198.5,0.125,0.125,0.125,0.125,0.125,0.125,0.125,0.125
199,199.0,199.5,0.12361111111111112,0.12361111111111112,0.12361111111111112,0.12361111111111112,0.12361111111111112,0.12361111111111112,0.12361111111111112,0.13472222222222224
200,200.0,200.5,0.12076388888888889,0.11972222222222224,0.12972222222222224,0.11972222222222224,0.11972222222222224,0.11972222222222224,0.13083333333333336,0.13979166666666668
201,201.0,201.5,0.11840206185567011,0.12737113402061856,0.12737113402061856,0.11737113402061856,0.11840206185567011,0.11737113402061856,0.12737113402061856,0.146340206185567
202,202.0,202.5,0.1174929709465792,0.12555295220243673,0.12646204311152764,0.11646204311152766,0.1174929709465792,0.12555295220243673,0.12555295220243673,0.14543111527647606
203,203.0,203.5,0.11673539518900342,0.12403780068728523,0.12570446735395188,0.12403780068728523,0.11673539518900342,0.12403780068728523,0.12403780068728523,0.14467353951890033
204,204.0,204.5,0.11609436954797778,0.12275574940523395,0.12506344171292624,0.12275574940523395,0.1237866772402855,0.12275574940523395,0.12275574940523395,0.1440325138778747
205,205.0,205.5,0.11609436954797778,0.12275574940523395,0.12506344171292624,0.12275574940523395,0.1237866772402855,0.12275574940523395,0.12275574940523395,0.1440325138778747
206,206.0,206.5,0.11609436954797778,0.12275574940523395,0.12506344171292624,0.12275574940523395,0.1237866772402855,0.12275574940523395,0.12275574940523395,0.1440325138778747
207,207.0,207.5,0.11637651821862346,0.12196356275303644,0.12321862348178136,0.12301619433198381,0.12406882591093119,0.12301619433198381,0.12406882591093119,0.14427125506072874
208,208.0,208.5,0.11623397435897435,0.1228846153846154,0.12310897435897435,0.1305769230769231,0.11623397435897435,0.1228846153846154,0.12392628205128205,0.144150641025641
209,209.0,209.5,0.11657584683357877,0.12165684830633283,0.1224521354933726,0.13594256259204712,0.11554491899852723,0.12165684830633283,0.1226877761413844,0.14348306332842414
210,210.0,210.5,0.11504329004329003,0.11966914038342609,0.12096165739022882,0.1396691403834261,0.12311379097093382,0.12068954854669141,0.12068954854669141,0.1401638837353123
211,211.0,211.5,0.11448232323232324,0.11871212121212123,0.1204419191919192,0.14472222222222225,0.12256313131313132,0.11972222222222222,0.11972222222222222,0.1396338383838384
212,212.0,212.5,0.11244800950683302,0.11631016042780748,0.12658942364824716,0.14084967320261438,0.11977124183006535,0.11732026143790848,0.12320261437908495,0.1435086155674391
213,213.0,213.5,0.11244800950683302,0.11631016042780748,0.12658942364824716,0.14185977421271537,0.11876114081996433,0.11732026143790848,0.12320261437908495,0.1435086155674391
214,214.0,214.5,0.11180698386580738,0.11566913478678184,0.12594839800722152,0.14121874857168973,0.11747908953791306,0.11667923579688284,0.12256158873805931,0.14863682069564424
215,215.0,215.5,0.11093073593073592,0.11446608946608945,0.12507215007215006,0.1387085137085137,0.11605339105339103,0.11547619047619047,0.12658730158730158,0.1527056277056277
216,216.0,216.5,0.11045454545454544,0.11398989898989897,0.1245959595959596,0.1382323232323232,0.11510101010101008,0.11499999999999999,0.12611111111111112,0.15651515151515152
217,217.0,217.5,0.10835659223817118,0.111599548112706,0.12249800637958533,0.13467238171185542,0.11258639021796917,0.12372076023391813,0.12839912280701754,0.15816719829877726
218,218.0,218.5,0.10698232323232323,0.1099621212121212,0.12112373737373738,0.13198232323232323,0.11121212121212123,0.12097222222222222,0.14097222222222222,0.15679292929292932
219,219.0,219.5,0.10583513708513707,0.10857683982683983,0.1199765512265512,0.14065656565656565,0.10381493506493507,0.127768759018759,0.13772546897546897,0.15564574314574314
220,220.0,220.5,0.10486774255156608,0.10858798064680417,0.11888289406671756,0.14140485739750444,0.10382607588489941,0.12781146549528902,0.14685908454290808,0.14775989941431117
221,221.0,221.5,0.1023944805194805,0.10611471861471859,0.11640963203463202,0.13860479797979797,0.10135281385281383,0.13215638528138526,0.15473935786435783,0.14822781385281386
222,222.0,222.5,0.10114376459737281,0.10487474152422605,0.11520187143898479,0.13733260439446004,0.10011283676232127,0.1409056693592776,0.1534084586661906,0.14702005325716666
223,223.0,223.5,0.09937719783080606,0.10289172454120907,0.11343530467241805,0.134267336329192,0.09834626999575452,0.14378279223640048,0.16264588790361983,0.14525348649059985
224,224.0,224.5,0.11473762243036108,0.10414837851525434,0.11054176101800481,0.13018802192379061,0.09545272634134129,0.13773624216811126,0.16483530476694977,0.14235994283618664
225,225.0,225.5,0.11267065875584592,0.10636195314301662,0.10895098781968013,0.1324810524376449,0.09386195314301662,0.14777749636268353,0.15975830764761856,0.13813759069049353
226,226.0,226.5,0.11195454153972872,0.10514583592689941,0.10823487060356293,0.1307649352215277,0.0931458359268994,0.14579581138099856,0.1635366959260068,0.14142147347437634
227,227.0,227.5,0.10068958427477145,0.10837660515766863,0.11919213556082789,0.12968801214460463,0.09299198977305326,0.14548811907330625,0.16245977284908372,0.141113781166684
228,228.0,228.5,0.09910228268746987,0.10678930357036705,0.11649372286241519,0.12810071055730304,0.09140468818575165,0.1429484365336237,0.1656343760236869,0.14952647957938242
229,229.0,229.5,0.09791612992270886,0.12379263280579067,0.1206055238621028,0.12308988160961842,0.08916612992270886,0.1409289504355294,0.16341729542387434,0.14108345601766653
230,230.0,230.5,0.09701894935413653,0.12214861531125772,0.11899372286241519,0.12217122337781586,0.08932135485241832,0.14003176986695703,0.1708319705254051,0.13948239384959402
231,231.0,231.5,0.09638814440057616,0.1212546524629605,0.1179952708500313,0.12101410263478181,0.08869054989885794,0.13866567079574962,0.1742452832189036,0.14174632573813892
232,232.0,232.5,0.09582325177685999,0.12521356936305386,0.11710358084069421,0.11997301953487516,0.0881256572751418,0.13744718340079162,0.17727516183701747,0.1390385759715656
233,233.0,233.5,0.09553085411604129,0.12492117170223516,0.10818545218572344,0.11968062187405644,0.08783325961432306,0.13656999041833548,0.18853247177853796,0.13874617831074693
234,234.0,234.5,0.09488982847501565,0.11887721565827909,0.1152367342370055,0.1190395962330308,0.08719223397329742,0.13592896477730984,0.18660939485546102,0.1422260317906004
235,235.0,235.5,0.0879334515186387,0.11782160460266804,0.11439757339784466,0.11831698551042007,0.09301445299139274,0.1308773497256948,0.1938707589209488,0.14376782333239194
236,236.0,236.5,0.08705734741449027,0.11647982969411538,0.11282419960991386,0.11844025022596447,0.09168319775462631,0.12947492983207268,0.2015721183578326,0.14246812711098422
237,237.0,237.5,0.08668525918525916,0.1161180486180486,0.11225524475524473,0.12380924630924625,0.0913317238317238,0.12862665112665111,0.19902625152625147,0.14214757464757463
238,238.0,238.5,0.08586130536130535,0.11530419580419579,0.11125524475524473,0.12372843822843818,0.090527972027972,0.13213170163170163,0.19981701631701632,0.14137412587412584
239,239.0,239.5,0.08586130536130535,0.11530419580419579,0.11125524475524473,0.12372843822843818,0.08386130536130534,0.13213170163170163,0.206483682983683,0.14137412587412584
240,240.0,240.5,0.08544463869463867,0.11488752913752913,0.11083857808857807,0.1295617715617715,0.08344463869463867,0.12963170163170162,0.205233682983683,0.1409574592074592
241,241.0,241.5,0.08544463869463867,0.11488752913752913,0.11083857808857807,0.1295617715617715,0.08344463869463867,0.12963170163170162,0.205233682983683,0.1409574592074592
242,242.0,242.5,0.08592082917082916,0.10869705294705294,0.10464810189810189,0.130037962037962,0.08392082917082916,0.13010789210789211,0.2147574925074925,0.14190984015984015
243,243.0,243.5,0.08544463869463867,0.10822086247086246,0.10417191142191143,0.1233117715617715,0.08344463869463867,0.12963170163170162,0.22481701631701637,0.1409574592074592
244,244.0,244.5,0.08544463869463867,0.10822086247086246,0.09962645687645685,0.1233117715617715,0.08344463869463867,0.12963170163170162,0.22481701631701637,0.14550291375291374
245,245.0,245.5,0.08502797202797202,0.1078041958041958,0.09920979020979019,0.12289510489510487,0.08302797202797202,0.12921503496503495,0.22815034965034964,0.1446695804195804
246,246.0,246.5,0.08446269651065047,0.11312127322805073,0.09864451469246864,0.12213220091928527,0.08246269651065047,0.12825450253071735,0.22738308622323963,0.1435390293849373
247,247.0,247.5,0.08274701023614064,0.11107878956791999,0.09692882841795883,0.13152762575588658,0.08074701023614064,0.1320943718117631,0.22337981824938344,0.14149654572480658
248,248.0,248.5,0.08223635860706797,0.1102757402780286,0.09641817678888615,0.12990586301570278,0.08023635860706797,0.11432703680758598,0.25025479554770175,0.13634567034795866
249,249.0,249.5,0.0804067599067599,0.10818298368298367,0.09458857808857805,0.1427435897435897,0.0784067599067599,0.11091958041958042,0.2504988344988345,0.13425291375291373
250,250.0,250.5,0.07924442224442223,0.10678255078255076,0.0934262404262404,0.14823276723276718,0.07724442224442223,0.10918581418581416,0.25303130203130203,0.13285248085248083
251,251.0,251.5,0.07860339660339659,0.10614152514152513,0.09278521478521476,0.14566866466866463,0.07660339660339659,0.10854478854478852,0.2594415584415584,0.1322114552114552
252,252.0,252.5,0.07790009990009987,0.10543822843822843,0.09208191808191805,0.15030602730602727,0.07590009990009987,0.10277189477189475,0.26409357309357306,0.1315081585081585
253,253.0,253.5,0.07754119954119951,0.10486287786287785,0.09172301772301769,0.14980467680467674,0.0755411995411995,0.10583179783179782,0.26376242276242273,0.1309328079328079
254,254.0,254.5,0.0767351054742359,0.10385915533741619,0.09091692365605406,0.14908275782188823,0.0747351054742359,0.10462887836800878,0.26556753391536,0.13447453995280081
255,255.0,255.5,0.07581649821942174,0.10690958629077067,0.08999831640123993,0.14576003606588311,0.07381649821942174,0.10334081298511581,0.27335502004242634,0.1310032317757205
256,256.0,256.5,0.07568538324420677,0.10010962566844919,0.08986720142602493,0.14832798573975042,0.07368538324420677,0.10773083778966133,0.2799081996434938,0.12468538324420675
257,257.0,257.5,0.07503807303807301,0.1028212898212898,0.08921989121989118,0.15110878010878007,0.07303807303807301,0.1069168609168609,0.27997280497280497,0.12188422688422687
258,258.0,258.5,0.07107690944533047,0.10273312068048908,0.08925872762714866,0.1548376749955697,0.07318217260322521,0.10278025872762715,0.28545578592947013,0.12067534999113945
259,259.0,259.5,0.07057394953659808,0.1019656105072064,0.08875576771841624,0.15712192504722217,0.0726792126944928,0.10206224505545389,0.2868011744904784,0.1200401149501319
260,260.0,260.5,0.07011189513753033,0.10125725068941945,0.0882937133193485,0.1591781118155891,0.07221715829542505,0.10139857775316033,0.28808838514782253,0.11945490784170454
261,261.0,261.5,0.06907151029748282,0.10393954996186117,0.08725332847930099,0.15521680188613823,0.07117677345537757,0.09913783718188751,0.2919046182650301,0.1222995804729214
262,262.0,262.5,0.06701107074535745,0.10587833816950094,0.086245520506123,0.15529062221645556,0.07605131842337604,0.09705972951692646,0.2862071945064707,0.12625620591578973
263,263.0,263.5,0.06636066379699654,0.1048005807937896,0.08559511355776209,0.16186172706121768,0.0750741140893942,0.09561327765487355,0.2833793223691356,0.1273152006768305
264,264.0,264.5,0.06576932433723602,0.1038124159372037,0.0839511425190542,0.16778208350788995,0.07419037696881499,0.09430486774120048,0.2818786261842289,0.12831116280437158
265,265.0,265.5,0.07014144828104782,0.10277122210381387,0.083323266462866,0.164101238490838,0.07326644828104781,0.09402533020372285,0.2831989620038841,0.12917208417277934
266,266.0,266.5,0.0691320214694229,0.10577475588277588,0.0825519348893363,0.1688904127984631,0.07222480497457753,0.09243091834776186,0.282739296098529,0.12625585553913327
267,267.0,267.5,0.06879752248573037,0.1048207554328077,0.08221743590564379,0.17014321540207214,0.07189030599088501,0.0919888924823489,0.2830120602220995,0.12712981207841237
268,268.0,268.5,0.06860758947440268,0.10301841566054722,0.08202750289431608,0.16995328239074442,0.07170037297955731,0.09169815301940829,0.28492257376240093,0.12807210981862283
269,269.0,269.5,0.06797084852749875,0.10415637728445608,0.08139076194741215,0.16993847695818134,0.07103207301729467,0.09159979101358409,0.2884330923592007,0.12547857889237196
270,270.0,270.5,0.0703546360269049,0.10220353409429035,0.08065766632993518,0.1656908077916481,0.07008252718336748,0.09003209209091559,0.29514421153076614,0.12583452495217198
271,271.0,271.5,0.06957536305362388,0.1004405421796726,0.08007602181515222,0.16364577734142946,0.07028243376069461,0.08876686398425526,0.3009234898365333,0.12628950802863842
272,272.0,272.5,0.06900247024813347,0.10168478059708588,0.07961065589138222,0.16754551384727803,0.06981706783692461,0.0879397076986949,0.3003845759529674,0.12401522792753321
273,273.0,273.5,0.0681767856563682,0.10051349827325325,0.07906693717151972,0.1703490298771605,0.06909218969677225,0.08676826991822453,0.3026967329655624,0.12333655644113899
274,274.0,274.5,0.06733246183246182,0.1022254457254457,0.07848397698397697,0.16957333207333203,0.06834256284256282,0.08809110859110858,0.3021995946995947,0.12375151725151723
275,275.0,275.5,0.06691145551187497,0.10092918902396579,0.0781520972231049,0.1696908337343272,0.06801068308169075,0.08738827050087411,0.3044309771035028,0.12448649382065938
276,276.0,276.5,0.06431555481470665,0.10014918077521229,0.07783489261975872,0.17625909254874958,0.06758086093715562,0.08756189139120552,0.3021395448490625,0.12415898206414891
277,277.0,277.5,0.0636910338330428,0.10194363325781808,0.07741157255358151,0.17700422527123427,0.06697386211587107,0.08660730494010338,0.3027443500967249,0.12362401793162378
278,278.0,278.5,0.06331050652228293,0.10157940403312375,0.07714311835489476,0.18047934188588574,0.06653272874450514,0.08271248044934866,0.30487675526692076,0.12336566474303803
279,279.0,279.5,0.06295339933922019,0.10374193004373863,0.07684128426670908,0.18031893898198756,0.06619129069592342,0.0831728760725062,0.3061455733452073,0.12063470725470751
280,280.0,280.5,0.062359406722596634,0.10263306939670766,0.07642215440870291,0.1767135545853385,0.06561018071640468,0.08341017812833759,0.31268424380146376,0.12016721224044802
281,281.0,281.5,0.06185516429954472,0.10169630223377793,0.0761003308976525,0.17939184330681196,0.06517341467661861,0.08285846955981593,0.313134457281984,0.11979001774379405
282,282.0,282.5,0.061507891334117215,0.10365243520641501,0.07586058481394542,0.17784385349550635,0.06482614171119112,0.082403669712668,0.31440800618869125,0.11949741753746543
283,283.0,283.5,0.061001988126601125,0.10000282139020529,0.07551959062214479,0.1773213221665234,0.0643843410677776,0.08393176968834862,0.3161006696958709,0.12173749724252818
284,284.0,284.5,0.06315131918451063,0.10176288879142352,0.07529087289956649,0.17495091497862442,0.06415562334519928,0.08350981525079447,0.31571809520867516,0.12146047034120593
285,285.0,285.5,0.06262772589595589,0.10315251739894382,0.07497812059929176,0.1719374191230459,0.06374817407522759,0.08282265513508513,0.3196319232005287,0.12110146457192103
286,286.0,286.5,0.06213060477334363,0.10215409458542513,0.07468086800760136,0.1714004406146569,0.06630297139441063,0.08216984445942613,0.3204012904260402,0.12075988573909584
287,287.0,287.5,0.06159048917196076,0.10365527176246583,0.07433049426490704,0.17083002977755998,0.06578453042482554,0.08141385907936428,0.32108366116359555,0.12131166435532081
288,288.0,288.5,0.06119878031759218,0.10179518501300677,0.07413857429699011,0.17055222994826952,0.06825048548810923,0.08197740433383996,0.322008218404258,0.12007912219793404
289,289.0,289.5,0.06091482780928945,0.10095061756105217,0.07392969686376247,0.1693356434184135,0.07051908553235907,0.08146151400536412,0.32305758573132703,0.1198310290784319
290,290.0,290.5,0.060673951764179536,0.09806999908409528,0.07376602547006399,0.17085713798376617,0.0703165867265076,0.08116306669063462,0.32294006571648864,0.12221316656426388
291,291.0,291.5,0.060434804322799726,0.09754812591482191,0.07361938496670452,0.17419950915628238,0.07016994622314812,0.07821333645022314,0.3229513180420289,0.122863574923991
292,292.0,292.5,0.06017632348514701,0.09680354974472619,0.07344955661132131,0.17432268652856886,0.07000011786776492,0.0778954453219159,0.3246935144729262,0.12265880596762946
293,293.0,293.5,0.059913616420056603,0.0960331777380086,0.0732579733015652,0.17312178830185135,0.06952403953667166,0.07749021481241526,0.3282256372652278,0.12243355262420334
294,294.0,294.5,0.05953539532092691,0.09521112454981652,0.07303226259930679,0.17265764161818228,0.06902842330134985,0.07705973839148847,0.3313000398294516,0.12217537438947743
295,295.0,295.5,0.05917348938964774,0.0965513400921806,0.0728160918851914,0.1722188301565154,0.06855584233082421,0.07664712669145841,0.3321094040996221,0.12192787535455998
296,296.0,296.5,0.05885709733770973,0.09584276002383679,0.07263910681555852,0.17183362941395483,0.06813495482216693,0.07631176341466682,0.3346297978871791,0.1217508902849271
297,297.0,297.5,0.05855398581957625,0.09340898854941312,0.07246948208801371,0.1735098062044103,0.06773304205745602,0.07599008171542447,0.3367533480083237,0.12158126555738229
298,298.0,298.5,0.058233078043342754,0.09269652223689524,0.0722765142378772,0.17541869288633546,0.06731859026490536,0.07562075074417325,0.3370778019131025,0.12135804967336797
299,299.0,299.5,0.0579248869552957,0.09428461249248883,0.0720910584744084,0.1750783088445102,0.06692171801095029,0.0752655501508941,0.33729049383835025,0.12114337123310201
300,300.0,300.5,0.057628662187485705,0.09357568901686546,0.0719126788244435,0.17464612185200418,0.0665413181589652,0.07492367110014166,0.3376128936423054,0.12315896521778869
301,301.0,301.5,0.05737999642385201,0.09325653679821218,0.07177725730448885,0.17284729661768355,0.06621265992403469,0.0746306507839567,0.338773776989575,0.12512182515819678
302,302.0,302.5,0.05732711435087475,0.09315077265225766,0.0717243752315116,0.17276797350821765,0.06615977785105744,0.07447200456502492,0.33935547979232494,0.12504250204873088
303,303.0,303.5,0.055336714240374285,0.09260472764242719,0.07156594287573556,0.17395337257855953,0.0679439911937088,0.07410393657646318,0.3389326708494723,0.12555864404325892
304,304.0,304.5,0.0552290390564796,0.09221516124676324,0.0714582676918409,0.17382089580736323,0.06783631600981412,0.07383898303407063,0.33942023376081576,0.12618110339285243
305,305.0,305.5,0.05724715926312588,0.09393121702484167,0.055313983422745475,0.1882713467566885,0.07105023789925695,0.07495944800573638,0.3310514224896447,0.12817518513796028
306,306.0,306.5,0.05584420882408496,0.10207359218582127,0.05396727383956483,0.1885192815726871,0.06940845031015305,0.0733856250961514,0.33006564141626066,0.12673592675527662
307,307.0,307.5,0.05459751236660084,0.11038898290713514,0.0527743056818513,0.18699150908596487,0.06793182500025827,0.07191655934028804,0.32922513568190637,0.12617416993599492
308,308.0,308.5,0.053569973667422985,0.11554980581052646,0.05181680598600123,0.1850250399450497,0.06672942734522454,0.07077559751199104,0.3307331576307585,0.1258001921030253
309,309.0,309.5,0.0533099497973117,0.11468411352751387,0.051624246389735076,0.18655303721690103,0.06630157363131131,0.07040615707155387,0.33095646844787246,0.12616445391780046
310,310.0,310.5,0.05251440926194585,0.1191710218685275,0.05085602825874082,0.1870359414428509,0.06553335550031705,0.06952569114288983,0.3293392974142502,0.1260242551104777
311,311.0,311.5,0.05186215002897342,0.1160372524128307,0.05023021006225701,0.19313731511805254,0.06490753730383325,0.06738848578284495,0.3310386123772141,0.1253984369139939
312,312.0,312.5,0.05121851683638258,0.11337261787608735,0.0496498858988196,0.19194560887586934,0.06410096879650444,0.06811854275994612,0.3302051982542117,0.13138866070217864
313,313.0,313.5,0.05098216012502259,0.11258475852037506,0.04947461524500794,0.19334253018769781,0.06370799132121238,0.0677824869055317,0.33040346221449246,0.13172199548065971
314,314.0,314.5,0.050753965663955944,0.11182488856294173,0.049305399846458084,0.19293756633087975,0.06332913231679249,0.0674579011641077,0.33235156791529546,0.13203957819956852
315,315.0,315.5,0.05053350996916696,0.11313233423419719,0.04914192420864914,0.1925455024568147,0.06296363647696336,0.06714419183643688,0.33272210792148604,0.1318167928962855
316,316.0,316.5,0.04899083795538276,0.11260962772424947,0.047654333929051156,0.18926735585921695,0.06128124100256018,0.06555206195229932,0.33329177711609503,0.14135276446114492
317,317.0,317.5,0.058325450246336154,0.0947942134290454,0.05420158213065015,0.19091965952265452,0.06211783780696965,0.06498715993655103,0.33406154055998877,0.1405925563678042
318,318.0,318.5,0.05587172789906506,0.09179010403554416,0.0522110082501573,0.19434798952101853,0.060397927737862046,0.06333496011216472,0.3330683319662836,0.14897795047790427
319,319.0,319.5,0.05374188075874844,0.09534442676954248,0.05047324195568568,0.1915129537994063,0.0588781820259639,0.06188033035031393,0.333710349996193,0.1544586343441461
320,320.0,320.5,0.05318243974997742,0.09320814024797552,0.04959571534863703,0.18819650371262606,0.058176196750596376,0.061241003755306854,0.33843895212131875,0.15796104831356178
321,321.0,321.5,0.051749475753756394,0.09213236981116825,0.048851803331560625,0.18722801953494156,0.05625630221925075,0.06040647819461834,0.3405089434108327,0.16286660774387104
322,322.0,322.5,0.05046911554381682,0.0942523222326726,0.04816745543190633,0.18794002754611858,0.055391995227689395,0.05959902026243533,0.3384965856537278,0.1656834781016329
323,323.0,323.5,0.04908585933811821,0.09768828828761186,0.04695315413211375,0.18649076902446907,0.054504491313517714,0.05960772250004415,0.33772879048594934,0.1679409249181756
324,324.0,324.5,0.04780085224006503,0.10004384925023531,0.04579202820902227,0.1902694823054556,0.05361634934516847,0.05855068650286734,0.33942559839432557,0.16450115375286029
325,325.0,325.5,0.04657525596329986,0.09729728757955733,0.04469599765628598,0.18806123992120463,0.06005978070996053,0.06523358758580233,0.3384760940287857,0.15960075655510342
326,326.0,326.5,0.04549273276140817,0.09498969274030192,0.043726325557500965,0.18872587999703963,0.06355090874035879,0.06504194137872824,0.3365642308760363,0.16190828794862572
327,327.0,327.5,0.045291133324312796,0.09434127368559993,0.04354799342327815,0.18682960780290128,0.06316643054171527,0.06461446504307776,0.34002711050558104,0.16218198567353354
328,328.0,328.5,0.04514352071837574,0.09393539203188231,0.03864381662681464,0.18587181851458096,0.06758589777876915,0.0642876046323463,0.3425499048683019,0.16198204482892875
329,329.0,329.5,0.04590483195444476,0.09333530006641347,0.038475529051024485,0.18359403276868683,0.06722316555427543,0.06388020945131925,0.34533212372544453,0.1622548074283909
330,330.0,330.5,0.04572731886630725,0.0938755719253336,0.03831131152769929,0.18491629243852079,0.06686997943930836,0.06348263099181452,0.3442999712139274,0.16251692359708841
331,331.0,331.5,0.04691261465804539,0.09335975730388082,0.03817232311248784,0.18433958171675185,0.06669645769791706,0.06313712339064793,0.34452792175483965,0.16285422036542918
332,332.0,332.5,0.0461755092289607,0.09242388797975025,0.03775345141061805,0.18393744996784173,0.06595141959310635,0.0625693282371024,0.34554266338464695,0.16564629019797317
333,333.0,333.5,0.04553161141543176,0.09138220059816635,0.03742732439810127,0.1824175153665531,0.0652129445750258,0.06217411004296246,0.34609369960047076,0.1697605940032882
334,334.0,334.5,0.04494087174474251,0.09073569388012519,0.03712784089373697,0.1822212518024084,0.06323173699763306,0.061807171786711426,0.34794638320589966,0.17198904968874248
335,335.0,335.5,0.044354824358174366,0.08982263041207764,0.03677017443977511,0.181115078950312,0.06250039524041844,0.06127822243714613,0.34977155850552,0.174387115656576
336,336.0,336.5,0.04385496463257908,0.08897859861629925,0.03648750498801431,0.18147427071272781,0.06188316462280439,0.06087903177315812,0.3498253746482648,0.17661709000615192
337,337.0,337.5,0.04341920586506394,0.08835754236744883,0.03621143076345322,0.17960850709349055,0.0612766623355341,0.060487406576881675,0.35233413802470864,0.1783051069734189
338,338.0,338.5,0.04293041987363424,0.0875304197740048,0.035899921710392725,0.1785546259030268,0.06200445354943783,0.05996817316598698,0.3529317478926416,0.18018023813087466
339,339.0,339.5,0.04252519342000385,0.08834199273515739,0.035666559428626496,0.17906193710174687,0.06147310096968132,0.05962485629400301,0.35288651574723506,0.18041984430354568
340,340.0,340.5,0.042464214574405405,0.0845594553649783,0.03562312444267718,0.17844458576923244,0.06128931510653901,0.06432578221030932,0.3529809430014956,0.18031257953036234
341,341.0,341.5,0.04232708081392287,0.08025368272078792,0.035495316087421305,0.17762517088174978,0.061009275811907335,0.0640411123963755,0.35637525851341634,0.18287310277441854
342,342.0,342.5,0.04198413606186654,0.08105894705811717,0.03531147149446513,0.17689543633379207,0.06054978094330088,0.06384061778676932,0.35630653959729,0.18405307072439858
343,343.0,343.5,0.043210537750120674,0.08073831367676441,0.03515499679984289,0.17735939691974395,0.0602610311164035,0.06280695010969092,0.3567750974618434,0.1836936761655899
344,344.0,344.5,0.04284193700902787,0.08021178194755582,0.03492453520476353,0.1780228022966588,0.0586101099997836,0.06244735469546101,0.3578044912079573,0.1851369876387917
345,345.0,345.5,0.042689945434055986,0.0797695804208629,0.03480322495329745,0.17722923583314945,0.0583602077638813,0.06304552798537891,0.3587058654836147,0.18539641212575902
346,346.0,346.5,0.042674681730917916,0.07830396189299714,0.03469768323921353,0.17438499795475723,0.05801422780575809,0.06369044701138908,0.36172213207117787,0.18651186829378882
347,347.0,347.5,0.042298792303754815,0.0764115489270206,0.03447556131533463,0.1739432909511957,0.05756206785363631,0.063358731030176,0.3631677035382515,0.18878230408063015
348,348.0,348.5,0.0464464169335195,0.07604849868020909,0.03427754287739054,0.17343842335870696,0.05724899997874959,0.0630681331875887,0.3630113003798279,0.18646068460400744
349,349.0,349.5,0.04598984303025688,0.07565196131919974,0.03407246987256809,0.17304071186387476,0.056829834459200965,0.06275696806208782,0.36307911185149033,0.18857909954132118
350,350.0,350.5,0.04560205686279663,0.07532257061803586,0.03393026132149831,0.1716365789519522,0.056495648922321784,0.06260006659300452,0.3650838575657726,0.1893289591646178
351,351.0,351.5,0.04555294693359603,0.07512184924255992,0.03389549447892995,0.17108862408133824,0.056360480473327715,0.06255095666380392,0.3661874697902571,0.1892421783361869
352,352.0,352.5,0.04256374426307656,0.07597807051989508,0.03386147388123961,0.1705529086942204,0.05622842065995111,0.06250293046387267,0.36621395090254494,0.1920985006151993
353,353.0,353.5,0.04249013220545261,0.07440611949589117,0.033797314779974955,0.16967527151822584,0.0574135612785744,0.060990132205452616,0.365736365441699,0.195491103074729
354,354.0,354.5,0.04088608835249414,0.07334271342676627,0.033471055672755566,0.17302017135739475,0.05657503665908951,0.06020902358719408,0.3666276260990912,0.19586828484521407
355,355.0,355.5,0.04047126527571941,0.0721791768385284,0.03315262054403121,0.1767465751089064,0.05569051030436788,0.05946033877793753,0.36609420330434267,0.19620530984616624
