Total_iterations,Unnamed: 0.1,Intertwine_two,Invert_path_vertices,Insert_inside_vertex,Delete_inside_vertex,Replace_inside_vertex,Donate_between_routes,Trim_one_terminal_cb,Grow_one_terminal_cb
0,0.0,0.125,0.125,0.125,0.125,0.125,0.125,0.125,0.125
1,1.0,0.125,0.125,0.125,0.125,0.125,0.125,0.125,0.125
2,2.0,0.125,0.125,0.125,0.125,0.125,0.125,0.125,0.125
3,3.0,0.125,0.125,0.125,0.125,0.125,0.125,0.125,0.125
4,4.0,0.125,0.125,0.125,0.125,0.125,0.125,0.125,0.125
5,5.0,0.125,0.125,0.125,0.125,0.125,0.125,0.125,0.125
6,6.0,0.125,0.125,0.125,0.125,0.125,0.125,0.125,0.125
7,7.0,0.125,0.125,0.125,0.125,0.125,0.125,0.125,0.125
8,8.0,0.125,0.125,0.125,0.125,0.125,0.125,0.125,0.125
9,9.0,0.125,0.125,0.125,0.125,0.125,0.125,0.125,0.125
10,10.0,0.125,0.125,0.125,0.125,0.125,0.125,0.125,0.125
11,11.0,0.125,0.125,0.125,0.125,0.125,0.125,0.125,0.125
12,12.0,0.125,0.125,0.125,0.125,0.125,0.125,0.125,0.125
13,13.0,0.125,0.125,0.125,0.125,0.125,0.125,0.125,0.125
14,14.0,0.125,0.125,0.125,0.125,0.125,0.125,0.125,0.125
15,15.0,0.125,0.125,0.125,0.125,0.125,0.125,0.125,0.125
16,16.0,0.125,0.125,0.125,0.125,0.125,0.125,0.125,0.125
17,17.0,0.125,0.125,0.125,0.125,0.125,0.125,0.125,0.125
18,18.0,0.125,0.125,0.125,0.125,0.125,0.125,0.125,0.125
19,19.0,0.125,0.125,0.125,0.125,0.125,0.125,0.125,0.125
20,20.0,0.125,0.125,0.125,0.125,0.125,0.125,0.125,0.125
21,21.0,0.125,0.125,0.125,0.125,0.125,0.125,0.125,0.125
22,22.0,0.125,0.125,0.125,0.125,0.125,0.125,0.125,0.125
23,23.0,0.125,0.125,0.125,0.125,0.125,0.125,0.125,0.125
24,24.0,0.125,0.125,0.125,0.125,0.125,0.125,0.125,0.125
25,25.0,0.125,0.125,0.125,0.125,0.125,0.125,0.125,0.125
26,26.0,0.125,0.125,0.125,0.125,0.125,0.125,0.125,0.125
27,27.0,0.125,0.125,0.125,0.125,0.125,0.125,0.125,0.125
28,28.0,0.125,0.125,0.125,0.125,0.125,0.125,0.125,0.125
29,29.0,0.125,0.125,0.125,0.125,0.125,0.125,0.125,0.125
30,30.0,0.125,0.125,0.125,0.125,0.125,0.125,0.125,0.125
31,31.0,0.125,0.125,0.125,0.125,0.125,0.125,0.125,0.125
32,32.0,0.125,0.125,0.125,0.125,0.125,0.125,0.125,0.125
33,33.0,0.125,0.125,0.125,0.125,0.125,0.125,0.125,0.125
34,34.0,0.125,0.125,0.125,0.125,0.125,0.125,0.125,0.125
35,35.0,0.125,0.125,0.125,0.125,0.125,0.125,0.125,0.125
36,36.0,0.125,0.125,0.125,0.125,0.125,0.125,0.125,0.125
37,37.0,0.125,0.125,0.125,0.125,0.125,0.125,0.125,0.125
38,38.0,0.125,0.125,0.125,0.125,0.125,0.125,0.125,0.125
39,39.0,0.125,0.125,0.125,0.125,0.125,0.125,0.125,0.125
40,40.0,0.125,0.125,0.125,0.125,0.125,0.125,0.125,0.125
41,41.0,0.125,0.125,0.125,0.125,0.125,0.125,0.125,0.125
42,42.0,0.125,0.125,0.125,0.125,0.125,0.125,0.125,0.125
43,43.0,0.125,0.125,0.125,0.125,0.125,0.125,0.125,0.125
44,44.0,0.125,0.125,0.125,0.125,0.125,0.125,0.125,0.125
45,45.0,0.125,0.125,0.125,0.125,0.125,0.125,0.125,0.125
46,46.0,0.125,0.125,0.125,0.125,0.125,0.125,0.125,0.125
47,47.0,0.125,0.125,0.125,0.125,0.125,0.125,0.125,0.125
48,48.0,0.125,0.125,0.125,0.125,0.125,0.125,0.125,0.125
49,49.0,0.125,0.125,0.125,0.125,0.125,0.125,0.125,0.125
50,50.0,0.125,0.125,0.125,0.125,0.125,0.125,0.125,0.125
51,51.0,0.125,0.125,0.125,0.125,0.125,0.125,0.125,0.125
52,52.0,0.125,0.125,0.125,0.125,0.125,0.125,0.125,0.125
53,53.0,0.125,0.125,0.125,0.125,0.125,0.125,0.125,0.125
54,54.0,0.125,0.125,0.125,0.125,0.125,0.125,0.125,0.125
55,55.0,0.125,0.125,0.125,0.125,0.125,0.125,0.125,0.125
56,56.0,0.125,0.125,0.125,0.125,0.125,0.125,0.125,0.125
57,57.0,0.125,0.125,0.125,0.125,0.125,0.125,0.125,0.125
58,58.0,0.125,0.125,0.125,0.125,0.125,0.125,0.125,0.125
59,59.0,0.125,0.125,0.125,0.125,0.125,0.125,0.125,0.125
60,60.0,0.125,0.125,0.125,0.125,0.125,0.125,0.125,0.125
61,61.0,0.125,0.125,0.125,0.125,0.125,0.125,0.125,0.125
62,62.0,0.125,0.125,0.125,0.125,0.125,0.125,0.125,0.125
63,63.0,0.125,0.125,0.125,0.125,0.125,0.125,0.125,0.125
64,64.0,0.125,0.125,0.125,0.125,0.125,0.125,0.125,0.125
65,65.0,0.125,0.125,0.125,0.125,0.125,0.125,0.125,0.125
66,66.0,0.125,0.125,0.125,0.125,0.125,0.125,0.125,0.125
67,67.0,0.125,0.125,0.125,0.125,0.125,0.125,0.125,0.125
68,68.0,0.125,0.125,0.125,0.125,0.125,0.125,0.125,0.125
69,69.0,0.125,0.125,0.125,0.125,0.125,0.125,0.125,0.125
70,70.0,0.125,0.125,0.125,0.125,0.125,0.125,0.125,0.125
71,71.0,0.125,0.125,0.125,0.125,0.125,0.125,0.125,0.125
72,72.0,0.125,0.125,0.125,0.125,0.125,0.125,0.125,0.125
73,73.0,0.125,0.125,0.125,0.125,0.125,0.125,0.125,0.125
74,74.0,0.125,0.125,0.125,0.125,0.125,0.125,0.125,0.125
75,75.0,0.125,0.125,0.125,0.125,0.125,0.125,0.125,0.125
76,76.0,0.125,0.125,0.125,0.125,0.125,0.125,0.125,0.125
77,77.0,0.125,0.125,0.125,0.125,0.125,0.125,0.125,0.125
78,78.0,0.125,0.125,0.125,0.125,0.125,0.125,0.125,0.125
79,79.0,0.125,0.125,0.125,0.125,0.125,0.125,0.125,0.125
80,80.0,0.125,0.125,0.125,0.125,0.125,0.125,0.125,0.125
81,81.0,0.125,0.125,0.125,0.125,0.125,0.125,0.125,0.125
82,82.0,0.125,0.125,0.125,0.125,0.125,0.125,0.125,0.125
83,83.0,0.125,0.125,0.125,0.125,0.125,0.125,0.125,0.125
84,84.0,0.125,0.125,0.125,0.125,0.125,0.125,0.125,0.125
85,85.0,0.125,0.125,0.125,0.125,0.125,0.125,0.125,0.125
86,86.0,0.125,0.125,0.125,0.125,0.125,0.125,0.125,0.125
87,87.0,0.125,0.125,0.125,0.125,0.125,0.125,0.125,0.125
88,88.0,0.125,0.125,0.125,0.125,0.125,0.125,0.125,0.125
89,89.0,0.125,0.125,0.125,0.125,0.125,0.125,0.125,0.125
90,90.0,0.125,0.125,0.125,0.125,0.125,0.125,0.125,0.125
91,91.0,0.125,0.125,0.125,0.125,0.125,0.125,0.125,0.125
92,92.0,0.125,0.125,0.125,0.125,0.125,0.125,0.125,0.125
93,93.0,0.125,0.125,0.125,0.125,0.125,0.125,0.125,0.125
94,94.0,0.125,0.125,0.125,0.125,0.125,0.125,0.125,0.125
95,95.0,0.125,0.125,0.125,0.125,0.125,0.125,0.125,0.125
96,96.0,0.125,0.125,0.125,0.125,0.125,0.125,0.125,0.125
97,97.0,0.125,0.125,0.125,0.125,0.125,0.125,0.125,0.125
98,98.0,0.125,0.125,0.125,0.125,0.125,0.125,0.125,0.125
99,99.0,0.125,0.125,0.125,0.125,0.125,0.125,0.125,0.125
100,100.0,0.125,0.125,0.125,0.125,0.125,0.125,0.125,0.125
101,101.0,0.125,0.125,0.125,0.125,0.125,0.125,0.125,0.125
102,102.0,0.125,0.125,0.125,0.125,0.125,0.125,0.125,0.125
103,103.0,0.125,0.125,0.125,0.125,0.125,0.125,0.125,0.125
104,104.0,0.125,0.125,0.125,0.125,0.125,0.125,0.125,0.125
105,105.0,0.125,0.125,0.125,0.125,0.125,0.125,0.125,0.125
106,106.0,0.125,0.125,0.125,0.125,0.125,0.125,0.125,0.125
107,107.0,0.125,0.125,0.125,0.125,0.125,0.125,0.125,0.125
108,108.0,0.125,0.125,0.125,0.125,0.125,0.125,0.125,0.125
109,109.0,0.125,0.125,0.125,0.125,0.125,0.125,0.125,0.125
110,110.0,0.125,0.125,0.125,0.125,0.125,0.125,0.125,0.125
111,111.0,0.125,0.125,0.125,0.125,0.125,0.125,0.125,0.125
112,112.0,0.125,0.125,0.125,0.125,0.125,0.125,0.125,0.125
113,113.0,0.125,0.125,0.125,0.125,0.125,0.125,0.125,0.125
114,114.0,0.125,0.125,0.125,0.125,0.125,0.125,0.125,0.125
115,115.0,0.125,0.125,0.125,0.125,0.125,0.125,0.125,0.125
116,116.0,0.125,0.125,0.125,0.125,0.125,0.125,0.125,0.125
117,117.0,0.125,0.125,0.125,0.125,0.125,0.125,0.125,0.125
118,118.0,0.125,0.125,0.125,0.125,0.125,0.125,0.125,0.125
119,119.0,0.125,0.125,0.125,0.125,0.125,0.125,0.125,0.125
120,120.0,0.125,0.125,0.125,0.125,0.125,0.125,0.125,0.125
121,121.0,0.125,0.125,0.125,0.125,0.125,0.125,0.125,0.125
122,122.0,0.125,0.125,0.125,0.125,0.125,0.125,0.125,0.125
123,123.0,0.125,0.125,0.125,0.125,0.125,0.125,0.125,0.125
124,124.0,0.125,0.125,0.125,0.125,0.125,0.125,0.125,0.125
125,125.0,0.125,0.125,0.125,0.125,0.125,0.125,0.125,0.125
126,126.0,0.125,0.125,0.125,0.125,0.125,0.125,0.125,0.125
127,127.0,0.125,0.125,0.125,0.125,0.125,0.125,0.125,0.125
128,128.0,0.125,0.125,0.125,0.125,0.125,0.125,0.125,0.125
129,129.0,0.125,0.125,0.125,0.125,0.125,0.125,0.125,0.125
130,130.0,0.125,0.125,0.125,0.125,0.125,0.125,0.125,0.125
131,131.0,0.125,0.125,0.125,0.125,0.125,0.125,0.125,0.125
132,132.0,0.125,0.125,0.125,0.125,0.125,0.125,0.125,0.125
133,133.0,0.125,0.125,0.125,0.125,0.125,0.125,0.125,0.125
134,134.0,0.125,0.125,0.125,0.125,0.125,0.125,0.125,0.125
135,135.0,0.125,0.125,0.125,0.125,0.125,0.125,0.125,0.125
136,136.0,0.125,0.125,0.125,0.125,0.125,0.125,0.125,0.125
137,137.0,0.125,0.125,0.125,0.125,0.125,0.125,0.125,0.125
138,138.0,0.125,0.125,0.125,0.125,0.125,0.125,0.125,0.125
139,139.0,0.125,0.125,0.125,0.125,0.125,0.125,0.125,0.125
140,140.0,0.125,0.125,0.125,0.125,0.125,0.125,0.125,0.125
141,141.0,0.125,0.125,0.125,0.125,0.125,0.125,0.125,0.125
142,142.0,0.125,0.125,0.125,0.125,0.125,0.125,0.125,0.125
143,143.0,0.125,0.125,0.125,0.125,0.125,0.125,0.125,0.125
144,144.0,0.125,0.125,0.125,0.125,0.125,0.125,0.125,0.125
145,145.0,0.125,0.125,0.125,0.125,0.125,0.125,0.125,0.125
146,146.0,0.125,0.125,0.125,0.125,0.125,0.125,0.125,0.125
147,147.0,0.125,0.125,0.125,0.125,0.125,0.125,0.125,0.125
148,148.0,0.125,0.125,0.125,0.125,0.125,0.125,0.125,0.125
149,149.0,0.125,0.125,0.125,0.125,0.125,0.125,0.125,0.125
150,150.0,0.125,0.125,0.125,0.125,0.125,0.125,0.125,0.125
151,151.0,0.125,0.125,0.125,0.125,0.125,0.125,0.125,0.125
152,152.0,0.125,0.125,0.125,0.125,0.125,0.125,0.125,0.125
153,153.0,0.125,0.125,0.125,0.125,0.125,0.125,0.125,0.125
154,154.0,0.125,0.125,0.125,0.125,0.125,0.125,0.125,0.125
155,155.0,0.125,0.125,0.125,0.125,0.125,0.125,0.125,0.125
156,156.0,0.125,0.125,0.125,0.125,0.125,0.125,0.125,0.125
157,157.0,0.125,0.125,0.125,0.125,0.125,0.125,0.125,0.125
158,158.0,0.125,0.125,0.125,0.125,0.125,0.125,0.125,0.125
159,159.0,0.125,0.125,0.125,0.125,0.125,0.125,0.125,0.125
160,160.0,0.125,0.125,0.125,0.125,0.125,0.125,0.125,0.125
161,161.0,0.125,0.125,0.125,0.125,0.125,0.125,0.125,0.125
162,162.0,0.125,0.125,0.125,0.125,0.125,0.125,0.125,0.125
163,163.0,0.125,0.125,0.125,0.125,0.125,0.125,0.125,0.125
164,164.0,0.125,0.125,0.125,0.125,0.125,0.125,0.125,0.125
165,165.0,0.125,0.125,0.125,0.125,0.125,0.125,0.125,0.125
166,166.0,0.125,0.125,0.125,0.125,0.125,0.125,0.125,0.125
167,167.0,0.125,0.125,0.125,0.125,0.125,0.125,0.125,0.125
168,168.0,0.125,0.125,0.125,0.125,0.125,0.125,0.125,0.125
169,169.0,0.125,0.125,0.125,0.125,0.125,0.125,0.125,0.125
170,170.0,0.125,0.125,0.125,0.125,0.125,0.125,0.125,0.125
171,171.0,0.125,0.125,0.125,0.125,0.125,0.125,0.125,0.125
172,172.0,0.125,0.125,0.125,0.125,0.125,0.125,0.125,0.125
173,173.0,0.125,0.125,0.125,0.125,0.125,0.125,0.125,0.125
174,174.0,0.125,0.125,0.125,0.125,0.125,0.125,0.125,0.125
175,175.0,0.125,0.125,0.125,0.125,0.125,0.125,0.125,0.125
176,176.0,0.125,0.125,0.125,0.125,0.125,0.125,0.125,0.125
177,177.0,0.125,0.125,0.125,0.125,0.125,0.125,0.125,0.125
178,178.0,0.125,0.125,0.125,0.125,0.125,0.125,0.125,0.125
179,179.0,0.125,0.125,0.125,0.125,0.125,0.125,0.125,0.125
180,180.0,0.125,0.125,0.125,0.125,0.125,0.125,0.125,0.125
181,181.0,0.125,0.125,0.125,0.125,0.125,0.125,0.125,0.125
182,182.0,0.125,0.125,0.125,0.125,0.125,0.125,0.125,0.125
183,183.0,0.125,0.125,0.125,0.125,0.125,0.125,0.125,0.125
184,184.0,0.125,0.125,0.125,0.125,0.125,0.125,0.125,0.125
185,185.0,0.125,0.125,0.125,0.125,0.125,0.125,0.125,0.125
186,186.0,0.125,0.125,0.125,0.125,0.125,0.125,0.125,0.125
187,187.0,0.125,0.125,0.125,0.125,0.125,0.125,0.125,0.125
188,188.0,0.125,0.125,0.125,0.125,0.125,0.125,0.125,0.125
189,189.0,0.125,0.125,0.125,0.125,0.125,0.125,0.125,0.125
190,190.0,0.125,0.125,0.125,0.125,0.125,0.125,0.125,0.125
191,191.0,0.125,0.125,0.125,0.125,0.125,0.125,0.125,0.125
192,192.0,0.125,0.125,0.125,0.125,0.125,0.125,0.125,0.125
193,193.0,0.125,0.125,0.125,0.125,0.125,0.125,0.125,0.125
194,194.0,0.125,0.125,0.125,0.125,0.125,0.125,0.125,0.125
195,195.0,0.125,0.125,0.125,0.125,0.125,0.125,0.125,0.125
196,196.0,0.125,0.125,0.125,0.125,0.125,0.125,0.125,0.125
197,197.0,0.125,0.125,0.125,0.125,0.125,0.125,0.125,0.125
198,198.0,0.125,0.125,0.125,0.125,0.125,0.125,0.125,0.125
199,199.0,0.1248611111111111,0.1248611111111111,0.1248611111111111,0.1248611111111111,0.1248611111111111,0.1248611111111111,0.1248611111111111,0.1259722222222222
200,200.0,0.1244388888888889,0.1243347222222222,0.1253347222222222,0.1243347222222222,0.1243347222222222,0.1243347222222222,0.1254458333333333,0.1274416666666666
201,201.0,0.123785956185567,0.1245797384020618,0.1255697384020619,0.1235797384020618,0.123682831185567,0.1235797384020618,0.1256797384020619,0.1295425206185567
202,202.0,0.1230535687183693,0.1246463487382849,0.125708357829194,0.122747257829194,0.1229524124683693,0.1236563487382849,0.1257253487382849,0.1315103569400187
203,203.0,0.1222630564444158,0.124563848924012,0.1257648945906787,0.122692748924012,0.1221646836319158,0.123592748924012,0.125613158924012,0.1333448596369416
204,204.0,0.121432216221201,0.124356133480594,0.1257510708395451,0.1225289362987759,0.1221065629998068,0.123411754480594,0.125368229380594,0.1350450962988892
205,205.0,0.1206310815535755,0.1241531857407642,0.1257317531722586,0.1223837730671279,0.1220710555733134,0.1232422994307642,0.1251216679917642,0.1366651834704318
206,206.0,0.1198646932326565,0.1239565584115621,0.1257076841571076,0.1222568459220258,0.1220562551061392,0.1230849243856621,0.1248761035559521,0.1381969352288946
207,207.0,0.1191654553740472,0.1236883670599972,0.1254950977959152,0.1221736450189409,0.1220884537740883,0.1229660395879409,0.1247651996727838,0.1396577417162864
208,208.0,0.1184939975437797,0.123521852063677,0.1252700404154201,0.1228632625737889,0.1213537511414154,0.1228463869226954,0.1246441680543488,0.1410065412848746
209,209.0,0.1179012725121513,0.12324283949237,0.1249801942258499,0.1240976189296959,0.1205724154681405,0.1226163051007654,0.1244042101467369,0.14218514412429
210,210.0,0.1172013100478712,0.1227770974740427,0.1245450042575975,0.1256996468657736,0.1205758255947377,0.12230290691712,0.1239712609303634,0.142926947912494
211,211.0,0.1164936669488766,0.1222311481695114,0.1240655259976658,0.1277864751272996,0.1205492083966569,0.1219079823356878,0.1234520568793435,0.1435139361449584
212,212.0,0.1156332433500669,0.121464407447428,0.1242125099413025,0.1294467231316615,0.1202662031992423,0.1212904965328329,0.1232955141025407,0.1443909022949252
213,213.0,0.1148270097727058,0.1207227983273567,0.124368564627645,0.1311559859373068,0.1199055388068673,0.1206950569593142,0.1231536966061837,0.1451713489626205
214,214.0,0.1140135069863196,0.1199471211761945,0.1244671198714567,0.1327372577810391,0.1194412917456557,0.1200613108238307,0.1229624474730888,0.146369944142415
215,215.0,0.1131716644538597,0.1190859273441851,0.1244830075787377,0.1339941938619871,0.1188612775200356,0.1193368140195569,0.1231888859508773,0.1478782292707607
216,216.0,0.1123439778417955,0.1182170354689767,0.1244555788926058,0.1351249604856865,0.1182159477570729,0.1185985416126578,0.1233790456896322,0.1496649122515728
217,217.0,0.1113703702454278,0.117153726328779,0.1242225015604831,0.1358177299224355,0.1173525396055418,0.1187701870537138,0.123806311278317,0.1515066340053021
218,218.0,0.1103265587280395,0.1159774636303819,0.1238580601091789,0.1361607630854506,0.1163903838747033,0.1186993198812966,0.1254940883649408,0.1530933623260084
219,219.0,0.1092389673927142,0.1147201456391138,0.1233880009609321,0.1372951327760572,0.1147329424756042,0.1193379221291841,0.1268431937567997,0.1544436948695946
220,220.0,0.1081293574344886,0.1135282404708461,0.1228214675141828,0.1384245090005021,0.1131331792243047,0.1200012431688316,0.1290795729184033,0.1548824302684406
221,221.0,0.1068507661200478,0.1121587970179563,0.1220248754744253,0.1391907451447019,0.1113529950615326,0.1211108263063886,0.1320581366122366,0.1552528582627109
222,222.0,0.1055303994888346,0.1107418594172738,0.1211310141446808,0.1397472788442988,0.1095268297939013,0.123094835127729,0.1348325662293911,0.1553952169538905
223,223.0,0.1041215464951715,0.1092096426994274,0.1200905908441971,0.1399174856229109,0.1076124844460606,0.1253462636969632,0.138439054732941,0.1552629314623282
224,224.0,0.1043421777741865,0.107893133869188,0.1187983026466027,0.1396062387901844,0.1055075571230596,0.1269522596878395,0.1421459044041757,0.1547544257047635
225,225.0,0.1044380040044102,0.1068921858312094,0.1173936005326493,0.1394612375234521,0.103353496904709,0.129509621323888,0.1452012633999816,0.1537505904797003
226,226.0,0.1045349624375142,0.105864418548535,0.1159733307813498,0.1390893228109232,0.1012483155489649,0.1317957570485511,0.1484744957665221,0.1530193970576396
227,227.0,0.1035699250918343,0.1052553190909886,0.1157134298991289,0.1385636633860609,0.0992572429171899,0.1339625105133032,0.151463334590311,0.1522145745111831
228,228.0,0.1025138579138215,0.1045796122811335,0.1152444648919058,0.1378430832325402,0.0972438948584209,0.1357738764632118,0.1545807142317691,0.152220496127197
229,229.0,0.1014106664248704,0.1056939059886986,0.1152460690650789,0.1365960544728507,0.0951496337124978,0.1372739028090243,0.1572751844670194,0.1513545830599599
230,230.0,0.1002931306629355,0.1067133558442248,0.1151399272689361,0.1352468010373175,0.0932204861362401,0.1385707589396634,0.1605030962984662,0.1503124438122162
231,231.0,0.0991915261687501,0.107695817024039,0.1149830924071041,0.1337860050944393,0.0913821815094138,0.1396159296593907,0.1638528369583876,0.1494926111784753
232,232.0,0.0981155590439299,0.1091115121302704,0.1147828938149507,0.1322394614112616,0.0896443017667931,0.140425231979013,0.1672745158767334,0.1484065239770477
233,233.0,0.0970950257928392,0.1105174185321246,0.1137341090867731,0.130695667911556,0.088035783787436,0.1410361042826453,0.1715797643569995,0.1473061262496262
234,234.0,0.0960968015859869,0.1113223762210988,0.113439844467531,0.1291320007373433,0.0865219898001809,0.1414771256531688,0.1754317073711467,0.1465781541635434
235,235.0,0.0944906923730725,0.1120168254299864,0.1131090591239917,0.1275515151632478,0.0857484995551921,0.1413134017727198,0.179736369365271,0.1460336372165185
236,236.0,0.0928920112624904,0.1125657000188567,0.1126669000787518,0.126049059321588,0.0849918923453875,0.1409214477704832,0.1845220449992281,0.1453909442032142
237,237.0,0.0913576428015633,0.1130626503379859,0.1122136344478806,0.125157660581466,0.0843427115183654,0.140369396118544,0.1887450671202175,0.144751237073977
238,238.0,0.0898475919681706,0.1134590743266175,0.1117061114831701,0.1243338367645533,0.083747963716804,0.1401056272323849,0.1927276753522447,0.1440721191560546
239,239.0,0.0884486833520484,0.1138343071311617,0.1112448321476515,0.1235863413439707,0.0826138241118438,0.1397884959788349,0.1970495828373835,0.1434339330971052
240,240.0,0.0871221251509644,0.1141450488753152,0.1107881182050939,0.1234983497676243,0.0815639066132075,0.1391765099071685,0.2009086405754716,0.1427973009051543
241,241.0,0.0859114479054255,0.1144321412476755,0.110377580255627,0.1234797915668541,0.0806377881852492,0.1385302743599141,0.2044250429638329,0.1422059335154215
242,242.0,0.0848647893399517,0.1140760306426507,0.1093936584603887,0.1235715280337291,0.0798799691527996,0.137907295687722,0.2085502724659375,0.1417564562168204
243,243.0,0.083885737981715,0.1136541222735533,0.1084130542314323,0.1230461361463399,0.0791907215761563,0.1372210017993318,0.2133310035991996,0.1412582223922716
244,244.0,0.0830201807664312,0.1132200721433388,0.1070335535427308,0.1225759398018439,0.0786129379283621,0.1365274442981043,0.2177485217463136,0.141261349772875
245,245.0,0.0822237571852912,0.1127377682627542,0.1056762652895701,0.1221184547427302,0.0780995829863434,0.1357926184536689,0.2221283063577566,0.1412232467218851
246,246.0,0.0814784905589598,0.1127860667880281,0.1043335135591955,0.1216381942934696,0.0776303198772107,0.134969446115359,0.2260536065982702,0.1411103622095068
247,247.0,0.0806660240273275,0.1126286391591617,0.1028965783857401,0.1221504424390533,0.0770847382178747,0.1345454285031382,0.2291993448135966,0.1408288044541076
248,248.0,0.0799045488480393,0.1123911508682804,0.1014925940670452,0.1225430613292287,0.0765792722817477,0.132362568584808,0.23465981167158,0.1400669923492705
249,249.0,0.0790595794142394,0.1119469816410802,0.0999953041374074,0.1242538190200399,0.0759779639324558,0.129876893701738,0.2397545855776396,0.1391348725753995
250,250.0,0.0781963449625109,0.1113695460669758,0.0984774421740112,0.1265273163979232,0.0753448406116023,0.1272768365507768,0.2447005713355519,0.1381071019006475
251,251.0,0.0773658121646719,0.110739881533335,0.0969967518253745,0.1285341082899564,0.0747299228750599,0.1246917723271596,0.2498762914656562,0.1370654595187864
252,252.0,0.0765603788206743,0.1100568702188105,0.0955516854708701,0.1309753028203097,0.0741249019791254,0.121626455310791,0.2550952937177104,0.1360091116617085
253,253.0,0.0758129959859807,0.1093384385603976,0.0941805380420366,0.1333155500923497,0.073562245116104,0.1189851146966606,0.2598492635052029,0.1349558540012678
254,254.0,0.0750770240636122,0.1085467222083046,0.0928413207461999,0.1355144720060301,0.0729950340769394,0.1163560830289157,0.2643474790218121,0.1343218648481858
255,255.0,0.0743393694221055,0.1080923449180474,0.0915249204835641,0.1372969124109006,0.0724100841301827,0.1137438759430469,0.2691868221484024,0.1334056705437502
256,256.0,0.0736771400352011,0.1069915817083111,0.090311782708847,0.1392425349792206,0.0718845818214727,0.1117278614166403,0.2742392309013807,0.1319252864289265
257,257.0,0.0730364849984637,0.1062032416744339,0.0891507818781601,0.1413625292352169,0.0713649067372476,0.1097920804193245,0.2788495489994134,0.1302404260577399
258,258.0,0.072083794986522,0.1054510992113328,0.0881104558646849,0.1437408760630281,0.0709283407809684,0.1076074651077922,0.2835583659430433,0.1285196020426282
259,259.0,0.0711660091294893,0.1046702401919052,0.0871353491793086,0.1462207812025488,0.0705076737476666,0.1055212378963942,0.2879498142482752,0.1268288944044119
260,260.0,0.0702878758223242,0.1038695847957946,0.0862277519079543,0.1487673259434009,0.0701045833672564,0.1035426767474973,0.2920193523911405,0.1251808490246317
261,261.0,0.0693917575550229,0.1033911015254755,0.0853275354938446,0.1507671930759446,0.0696588892901641,0.1015144566664194,0.2960242503590068,0.123924816034122
262,262.0,0.0683760046866637,0.1031598298873162,0.0844358178536826,0.1526189516163676,0.0697603979592331,0.0994574816321078,0.2990177198332908,0.1231737965313381
263,263.0,0.0673831370708914,0.1028710947582235,0.0835863283092251,0.1549693614932254,0.0698169445326384,0.0974375813938703,0.3013009498931446,0.1226346025487812
264,264.0,0.0664201975379813,0.1025317115167371,0.082677478467828,0.1577456896827445,0.0698320344322128,0.0954705871506993,0.3030265710532823,0.1222957301585145
265,265.0,0.0659842556207359,0.1021349542602651,0.081809462645464,0.159976664489858,0.0697968058984191,0.0936606813840026,0.3045001842306811,0.1221369914705739
266,266.0,0.0655325371406557,0.102084588785772,0.0809662532861575,0.1625047049870325,0.069695632311184,0.0918759714965767,0.3055674572775367,0.1217728547150848
267,267.0,0.0651285354535019,0.1019807614847014,0.0801897717804441,0.1649690787729647,0.0695964179109371,0.090231079479864,0.3063269978202737,0.1215773572973129
268,268.0,0.064782630504253,0.1017354828759928,0.0794922217654214,0.167219763245462,0.0695110705303816,0.0887391808485533,0.3069684862867854,0.1215511639431503
269,269.0,0.0644458915449401,0.1016413576183916,0.0788261054684994,0.1692712339189061,0.0693893209161472,0.0874162256014998,0.3076764186410821,0.1213334462905336
270,270.0,0.0644164548013247,0.1013865107641945,0.0781789378043111,0.1706994630387452,0.0692012192009549,0.0861106316410056,0.3087922364142867,0.121214546335177
271,271.0,0.0643714162469986,0.1009890196372564,0.0775631097403195,0.1717302796491076,0.0690607313948387,0.084848288870394,0.3102379199919125,0.1211992344691726
272,272.0,0.0643256317356222,0.1007502166901775,0.0769874570110985,0.1729671432259418,0.0688999728006157,0.083668650499426,0.3113919995218652,0.1210089285152528
273,273.0,0.0642486256013321,0.1004275114444924,0.0764412296716161,0.1743064557542941,0.0686919732021628,0.0825325427595005,0.3125518125643932,0.1207998490022084
274,274.0,0.0641341692986307,0.1003091313368826,0.0759175861223267,0.1753946929906571,0.0684338130430804,0.0816846869324433,0.3134473796800834,0.1206785405958955
275,275.0,0.0640210409194791,0.1000921267137714,0.0754387828604956,0.17632764306031,0.0681673684218139,0.0809153970956549,0.3143640504747904,0.1206735904536843
276,276.0,0.0636885394544498,0.099827192351198,0.075003272608139,0.1777577559111801,0.0678830191948192,0.0803051270656307,0.3148605802308699,0.120674513183713
277,277.0,0.0633331061913596,0.0997714165573826,0.0745972975745166,0.1791043841155873,0.0675633834258189,0.0797329930367545,0.3152407271822895,0.1206566919162906
278,278.0,0.0629787427999192,0.0997065175874837,0.0742332173741784,0.1806428595725754,0.0672257026834826,0.0788973330807239,0.3156711361847312,0.1206444907169053
279,279.0,0.0626274226665403,0.0998830899800925,0.0739044607948626,0.182009812016608,0.066880716471132,0.0782294301562983,0.3160774422855792,0.1203876256288867
280,280.0,0.0622550950515637,0.0999697074693738,0.0735960351223962,0.1828626220462262,0.0665052236243124,0.0777014821890606,0.3169976661325644,0.1201121683645023
281,281.0,0.0618706190724898,0.0999806201127074,0.0733145308589345,0.1838364892704211,0.0661146530291172,0.0772282451210872,0.317827754719592,0.1198270878156504
282,282.0,0.0614897088470512,0.1002032116101821,0.0730650604138355,0.1845137243314298,0.0657189998133737,0.0768131540195836,0.3186552563642116,0.1195408846003322
283,283.0,0.0610964811482755,0.1000730748122506,0.0728343928380674,0.1850042840450801,0.0653098032738414,0.0766482871827294,0.3195268016933319,0.1195068750064235
284,284.0,0.0609565643949516,0.1001312559000136,0.072630772225459,0.1851319174497899,0.0649093999939439,0.0765305464108613,0.320238673720846,0.1194708699041344
285,285.0,0.0608002275360001,0.1003388980686665,0.0724428394508251,0.1848436279037593,0.0645007543485515,0.0764256563930084,0.3212255355596723,0.1194224607395165
286,286.0,0.0606280872342822,0.100454069932405,0.0722693275059702,0.1844014073736856,0.0643809271968834,0.0763299442967957,0.3221747118135757,0.1193615246464019
287,287.0,0.0604341745779883,0.1007248425740039,0.0721022447863476,0.1838163581453194,0.0642404591053988,0.0762266038738243,0.323079473301969,0.1193758436351482
288,288.0,0.0602320454478268,0.1008118335683816,0.0719549608366812,0.1831321705731831,0.0643760740425854,0.0762418245706531,0.3239662562442054,0.1192848347164829
289,289.0,0.0600314013285487,0.1008155022325723,0.0718233536732618,0.1822689436990257,0.0647637316049335,0.0762612899625833,0.3248497172465256,0.1191860602525484
290,290.0,0.0598355682814949,0.1005320933359331,0.0717096035187195,0.1815148559660132,0.0651499270697359,0.0763009663242753,0.325615158831978,0.1193418266718495
291,291.0,0.0596437876298353,0.1002002170695121,0.0716131285488089,0.1810638369437311,0.0655345055342899,0.0760903230294206,0.3262784305602844,0.1195757706841172
292,292.0,0.0594532471265061,0.0998005499011767,0.07152938080453,0.1806015942830314,0.0659099977237387,0.0758901850854286,0.3270163236336672,0.1197987214419208
293,293.0,0.0592627207305871,0.0993338422474386,0.0714540512617713,0.1800026969881852,0.0662412340625736,0.0756895904872507,0.3280104115873345,0.1200054526348585
294,294.0,0.0590599338212418,0.0987985933951608,0.0713817228234606,0.1793484656675935,0.0665226131987338,0.0754840139500495,0.3292146832588364,0.1201899738849233
295,295.0,0.0588459896246999,0.0984150162938937,0.0713115155553279,0.1786488680924001,0.0667536544252515,0.0752734911409798,0.3304003177559113,0.1203511471115354
296,296.0,0.0586250756402679,0.0979803021339019,0.0712456762703438,0.1779164098211111,0.0669375246573075,0.0750642206406427,0.3317365190454715,0.1204942717909532
297,297.0,0.0583982621194402,0.0973243068213662,0.0711833927465557,0.1773639872519251,0.0670747908913354,0.0748561844481553,0.3331803880066072,0.1206186877146146
298,298.0,0.0581635964100732,0.0966235112261127,0.0711209016835474,0.1770191537973749,0.0671634678343666,0.0746433577504643,0.3345480450621244,0.120717966235936
299,299.0,0.057922272979171,0.0961123343260518,0.0710576702760363,0.1766587606749869,0.0672051410820046,0.0744260675931515,0.3358255031731245,0.120792249895473
300,300.0,0.0576754855543392,0.095563105550099,0.0709932579262636,0.1762753836472823,0.0672017727889698,0.0742047133720721,0.3370221053600723,0.1210641758009013
301,301.0,0.0574280420619586,0.0950170102645438,0.0709309388684545,0.1757341691809634,0.0671592709554453,0.0739833821187629,0.3382210435458746,0.1215261430039964
302,302.0,0.0571995742551374,0.0944973433582854,0.0708780266934889,0.1752102751246969,0.0671062649876615,0.0737747920555434,0.3393637855278087,0.1219699379973774
303,303.0,0.0567961886189056,0.0939615729346095,0.0708230259858225,0.1748328873649265,0.0672275160795551,0.0735572263248845,0.3403498893599093,0.1224516933313867
304,304.0,0.0564077792841222,0.0934268544608129,0.0707701869994324,0.1744711955561498,0.0673330392950114,0.073340388915568,0.3412719669148298,0.1229785885740731
305,305.0,0.0562482355012053,0.0931050964800634,0.0691150842916958,0.1755842150256955,0.0677544351450144,0.0732622676855347,0.341246438255601,0.1236842276151894
306,306.0,0.0559743402902953,0.0936380130189345,0.0673528098877254,0.1767375973471964,0.0680024706786492,0.0730515480907483,0.3410229341972971,0.1242202864891535
307,307.0,0.0556018636400657,0.0950335327677188,0.065513610747899,0.1777406810301298,0.068092099924246,0.0727183346499082,0.3406281570435778,0.1246717201964542
308,308.0,0.0551538372722066,0.096959137333358,0.0636351885018098,0.1785393177112368,0.0680509237305399,0.0722963286172263,0.340309629586499,0.1250556372471233
309,309.0,0.0547087725180745,0.0987915188989037,0.0618071686955448,0.1794757476737563,0.0679578648209599,0.0718643718327164,0.339949521237282,0.125445034322762
310,310.0,0.0542146719586114,0.1010482790882822,0.0599832998337488,0.1804375979580503,0.067780727077342,0.0713729819861795,0.3393737760917305,0.125788666006055
311,311.0,0.0536877529048307,0.1029472137409557,0.0581879633227339,0.1819793840162831,0.0675362475726673,0.070698537679859,0.3389251921702556,0.1260377085924145
312,312.0,0.0531309064084104,0.1045206918614063,0.056434550513872,0.183359400155492,0.0672092720650388,0.0701314429829104,0.3383592594306975,0.1268544765821723
313,313.0,0.0525869849947759,0.1059465554943874,0.0547711052743646,0.1848269688991666,0.0668446133279587,0.0695673231679857,0.3377882057493585,0.1276682430920025
314,314.0,0.0520585880277006,0.1072202277985869,0.0532041181186594,0.1861924399956772,0.066447168344077,0.0690093083977864,0.337395220570885,0.1284729287466272
315,315.0,0.0515479389642165,0.1085433240471355,0.0517384949320218,0.1874496088584823,0.0660217379143278,0.0684602100995032,0.3370281513843221,0.1292105337999904
316,316.0,0.0509239433157519,0.1097277301217052,0.0502447093288544,0.1883042051112305,0.0654400299657396,0.0677936484600039,0.336711695601248,0.1308540380954663
317,317.0,0.0512764774076254,0.1090409731353229,0.0495291233521656,0.1892482036125275,0.0649585646028193,0.0671148369178027,0.3364696625560191,0.1323621584157173
318,318.0,0.0514188755839716,0.1079800133111659,0.0487327631728813,0.1904573498226324,0.0643248475013218,0.0663174097775704,0.3361284307359823,0.134640310094474
319,319.0,0.0513785777518024,0.1072186826500683,0.047877044832851,0.1913009842365495,0.0635632583411497,0.0654244378785223,0.3358549229132432,0.1373820913958136
320,320.0,0.0513099986320425,0.1062011138441184,0.0470451076373472,0.1917307298960254,0.0627607788063061,0.0645213894345961,0.33606018035612,0.1403707013934441
321,321.0,0.0511237054358158,0.1050477951391214,0.0462474790367991,0.1919853103099513,0.0618007119512552,0.0635923894222009,0.3364756989013125,0.1437269098035437
322,322.0,0.0508342632413972,0.104092649293495,0.0454872217492879,0.1922380605758522,0.0607947769852333,0.062643684505551,0.3366887622613705,0.1472205813878127
323,323.0,0.0504317881688749,0.1034782113673169,0.0447083623973748,0.1922776296327007,0.0597466573068209,0.0617602736618958,0.3368218180025685,0.1507752594624473
324,324.0,0.0499276006054918,0.103102874099222,0.0439137243056912,0.1926332445058807,0.0586621137394818,0.06083797479127,0.337120318685318,0.1538021492676443
325,325.0,0.0493300046871163,0.1024598241423789,0.0431077300069357,0.1927088360313134,0.0582799100214127,0.0606533230331162,0.3373170716603287,0.156143300417398
326,326.0,0.0486563685531511,0.1015986943316663,0.0423012506046708,0.1927968564506851,0.0583028381850758,0.0605137744755973,0.337314553246248,0.1585156641529056
327,327.0,0.0479982997309553,0.1006927455806411,0.0415718366787383,0.1926457378441695,0.0583375064180611,0.0603907148092965,0.3376510714128277,0.1607120875253104
328,328.0,0.0473642048663191,0.0997732888203963,0.0404447080331982,0.1923557908690606,0.0588589437926898,0.0602895125708904,0.338229977589949,0.1626835734574965
329,329.0,0.0468474437702739,0.098827389571744,0.0393954545805692,0.1918022202933285,0.059379233747267,0.0601976719588368,0.339072414307856,0.1644781717701245
330,330.0,0.0463551813568612,0.0979751865387955,0.0384255054655751,0.1913541508669066,0.0598906154129599,0.0601120829369629,0.3397899891969965,0.1660972882249422
331,331.0,0.046024396139058,0.0971156262008621,0.0375375104811805,0.1908288387266661,0.0604033003782078,0.0600342075377083,0.3405037014714834,0.1675524190648336
332,332.0,0.0456618610853166,0.0962108762753391,0.0367027759513515,0.1902509520554594,0.060853144609647,0.059938369321554,0.341287758884336,0.1690942618169963
333,333.0,0.0452763262370328,0.0952545627212541,0.0359294089278464,0.1895157255703685,0.0612351396659688,0.0598389026967565,0.3420910632224888,0.1708588709582839
334,334.0,0.0448728237582925,0.0942905062295426,0.0352184094109579,0.1887634132753339,0.0614205925080097,0.0597360409822758,0.343039331851149,0.1726588819844382
335,335.0,0.0444517472686339,0.0932960009167034,0.0345618375151899,0.187910293309864,0.0615324773350213,0.059611281812331,0.3441243616604528,0.1745120001818035
336,336.0,0.044021823226277,0.0922818092505239,0.0339647392330684,0.1871104523735871,0.0615811297966243,0.05947574889923,0.3451627420715513,0.1764015551491376
337,337.0,0.0435896471254674,0.0912738990197352,0.0334249710142525,0.1861476573524056,0.0615672871316018,0.0593286395865508,0.3463947871049515,0.1782731116650352
338,338.0,0.0431501056229917,0.090254903986158,0.0329358933095041,0.1851103622117067,0.0616247016065112,0.0591559055339533,0.3476227821310025,0.1801453455981724
339,339.0,0.0427117987679069,0.0893917209099323,0.0325020274310627,0.1841619703418629,0.0616270368953833,0.0589742358757375,0.3487765440975242,0.18185466568059
340,340.0,0.0423093586602918,0.0882261051225635,0.0321388499618463,0.1831956821933509,0.0616092207097969,0.0592873319791566,0.3498654723093169,0.183367979063677
341,341.0,0.041934997746531,0.0867098071519367,0.0318340521488342,0.1821965704067006,0.0615619831572734,0.0595910359931519,0.3512160939580441,0.1849554594375278
342,342.0,0.0415676992796146,0.085361104167794,0.0315779622972135,0.18117868234867,0.061467992799688,0.0598888209088193,0.3524763731958397,0.1864813650023605
343,343.0,0.0413639351960378,0.0840721865728335,0.0313691690532652,0.180266146694889,0.0613453443766075,0.0600929785339916,0.3536957819603256,0.1877944576120494
344,344.0,0.0411621534722502,0.0828261688354875,0.0311960672516696,0.179482137646426,0.061059025551571,0.0602679005709807,0.3549269823779895,0.189079564293625
345,345.0,0.040982148598712,0.0816343888503275,0.0310654292846179,0.1786825795029608,0.0607518592299301,0.0605069422745074,0.3561539752697524,0.1902226769891914
346,346.0,0.0408356958105672,0.0803965769266023,0.0309746788995498,0.1776640199493047,0.0604168950299804,0.0608119575673913,0.3575854144332339,0.1913147613833699
347,347.0,0.0406846892177241,0.0790723787483159,0.0309080214039972,0.1766703554307127,0.0600461845825713,0.0610820846273054,0.3590596340034541,0.1924766519859188
348,348.0,0.040979686778002,0.0778176870649641,0.0308639032133188,0.1756982999599357,0.0596563972251251,0.0613189056609981,0.360411871996158,0.1932532481014977
349,349.0,0.0412541944934811,0.0766311189299989,0.0308378259378668,0.174761080120741,0.0592395980790049,0.0615184203540373,0.3616616616205943,0.1940961004642751
350,350.0,0.041509829306034,0.0755204769623059,0.0308324819741999,0.1737599652917048,0.0588069626576108,0.0616946789079448,0.3630011213563243,0.194874483543875
351,351.0,0.0417759119199792,0.0744988479903919,0.030855173516116,0.1727829325951134,0.0583809607961038,0.061857454490392,0.3643378237030241,0.1955108949888792
352,352.0,0.0417542363556141,0.0736712340559245,0.0309025970536995,0.1718330885443315,0.057964148336182,0.0620060849163356,0.3655620003871551,0.1963066103507572
353,353.0,0.0417354622209978,0.0727922547771431,0.0309684510956736,0.1708776633825273,0.0576901739073525,0.0619935409293181,0.3666225203619422,0.1973199333250449
354,354.0,0.0415657078143917,0.0719109714665149,0.0310233824595713,0.1703402468021773,0.0573569783331696,0.0618941063919379,0.3676572528557875,0.1982513538764492
355,355.0,0.0413646503461498,0.0710157802477282,0.0310654539063387,0.1702560115005657,0.0569608302641921,0.0617128959993226,0.3685248735532065,0.1990995041824959
356,356.0,0.0411606622372102,0.0702045989264052,0.0311171997135221,0.1706667199052535,0.0565412593816384,0.0615612195222399,0.3688865410891636,0.1998617992245667
357,357.0,0.040933435270482,0.0693943709110065,0.0311569107184793,0.1714765311898448,0.0560835082691355,0.0612288975201111,0.3691715021510507,0.2005548439698896
358,358.0,0.0407016344448322,0.069086405694601,0.031191525906273,0.1721438569472226,0.0555980529321948,0.0608491956664101,0.3693398840562906,0.2010894443521753
359,359.0,0.0404521505599259,0.0691392008918192,0.0312137464411028,0.1726648357317576,0.0551907615202247,0.0605515497454664,0.3692239304036902,0.2015638247060129
360,360.0,0.0402010853555253,0.069241587576047,0.0312349456429197,0.1732422254061938,0.0547893009185414,0.0602427669691105,0.3690596561781168,0.2019884319535452
361,361.0,0.0399461043027258,0.0692397212948946,0.0314877362690208,0.1741739182938199,0.054389238762064,0.0599121396519099,0.368584054103707,0.2022670873218577
362,362.0,0.039692459761928,0.0692916759520098,0.0317291724603539,0.1750887400559909,0.0540055628160932,0.0596557162609121,0.3680227972909945,0.2025138754017173
363,363.0,0.0394231925163637,0.0692028538826682,0.0319405127424193,0.1764736735487121,0.0535866721735108,0.0593478945589345,0.3673101289368406,0.2027150716405504
364,364.0,0.0391622716342072,0.0691374137092516,0.0321424535610822,0.1778668731146518,0.053291706407964,0.0590348209977828,0.3665026986187568,0.2028617619563032
365,365.0,0.0388949739915279,0.0690319940732887,0.0325378725767956,0.1797035235505514,0.0529684719726402,0.0586984915470277,0.3654370550362537,0.2027276172519145
366,366.0,0.0386247549614029,0.0688674260161815,0.0329054093910563,0.1817470691915536,0.0527295950136431,0.0583171236444449,0.3642923298753486,0.2025162919063689
367,367.0,0.0383583841856994,0.0686593210328894,0.0332462326257639,0.1838555370970603,0.0524724843401667,0.0579868766081176,0.3632074080129627,0.2022137560973398
368,368.0,0.0378865130578534,0.0684683281332851,0.0335820502239887,0.1858248113586503,0.0520100188738515,0.0576636181778635,0.3622799466522987,0.2022847135222084
369,369.0,0.0373774670941769,0.0682886216905711,0.0339161823675866,0.1876302262504198,0.0516696122669358,0.0573440770496513,0.3612151231496388,0.2025586901310195
370,370.0,0.0368624589254967,0.0681409979472056,0.0341982087579487,0.189599485099,0.0513030159094301,0.0569922376175102,0.3599858752757594,0.202917720467649
371,371.0,0.0363511361227478,0.0679445069867183,0.0344348747282641,0.1915086304037852,0.0509315580829282,0.056626917220713,0.3589036466074657,0.2032987298473774
372,372.0,0.0358522849471664,0.0677052345302737,0.0346251421935184,0.1931765753988213,0.050546258542086,0.0562423913076561,0.3579167285537914,0.2039353845266863
373,373.0,0.0353693084497297,0.0676389146475281,0.0347730217365764,0.1948241056905715,0.05015418138432,0.0558517960920522,0.3569567657003472,0.2044319062988747
374,374.0,0.03490888184266,0.0675722181837352,0.0348837250029577,0.1962208876370842,0.0497845431866483,0.0554681102519798,0.3561807071926405,0.204980926702294
