,Unnamed: 0,Total_iterations,Intertwine_two,Invert_path_vertices,Insert_inside_vertex,Delete_inside_vertex,Replace_inside_vertex,Donate_between_routes,Trim_one_terminal_cb,Grow_one_terminal_cb
0,0.0,0.0,0.125,0.125,0.125,0.125,0.125,0.125,0.125,0.125
1,1.0,0.10900000000000001,0.125,0.125,0.125,0.125,0.125,0.125,0.125,0.125
2,2.0,0.31601,0.125,0.125,0.125,0.125,0.125,0.125,0.125,0.125
3,3.0,0.6191589000000001,0.125,0.125,0.125,0.125,0.125,0.125,0.125,0.125
4,4.0,1.015801321,0.125,0.125,0.125,0.125,0.125,0.125,0.125,0.125
5,5.0,1.50262148669,0.125,0.125,0.125,0.125,0.125,0.125,0.125,0.125
6,6.0,2.0757334209441005,0.125,0.125,0.125,0.125,0.125,0.125,0.125,0.125
7,7.0,2.7307768275633495,0.125,0.125,0.125,0.125,0.125,0.125,0.125,0.125
8,8.0,3.4630081252450404,0.125,0.125,0.125,0.125,0.125,0.125,0.125,0.125
9,9.0,4.2673862119061114,0.125,0.125,0.125,0.125,0.125,0.125,0.125,0.125
10,10.0,5.138652627782014,0.125,0.125,0.125,0.125,0.125,0.125,0.125,0.125
11,11.0,6.071405875792507,0.125,0.125,0.125,0.125,0.125,0.125,0.125,0.125
12,12.0,7.060169740244025,0.125,0.125,0.125,0.125,0.125,0.125,0.125,0.125
13,13.0,8.099455520847952,0.125,0.125,0.125,0.125,0.125,0.125,0.125,0.125
14,14.0,9.183818168183006,0.125,0.125,0.125,0.125,0.125,0.125,0.125,0.125
15,15.0,10.307906369102724,0.125,0.125,0.125,0.125,0.125,0.125,0.125,0.125
16,16.0,11.466506686239443,0.125,0.125,0.125,0.125,0.125,0.125,0.125,0.125
17,17.0,12.654581904800096,0.125,0.125,0.125,0.125,0.125,0.125,0.125,0.125
18,18.0,13.867303782456686,0.125,0.125,0.125,0.125,0.125,0.125,0.125,0.125
19,19.0,15.100080434523047,0.125,0.125,0.125,0.125,0.125,0.125,0.125,0.125
20,20.0,16.348578617037543,0.125,0.125,0.125,0.125,0.125,0.125,0.125,0.125
21,21.0,17.608741195130214,0.125,0.125,0.125,0.125,0.125,0.125,0.125,0.125
22,22.0,18.876800103462312,0.125,0.125,0.125,0.125,0.125,0.125,0.125,0.125
23,23.0,20.14928511992658,0.125,0.125,0.125,0.125,0.125,0.125,0.125,0.125
24,24.0,21.423028783545156,0.125,0.125,0.125,0.125,0.125,0.125,0.125,0.125
25,25.0,22.695167792966423,0.125,0.125,0.125,0.125,0.125,0.125,0.125,0.125
26,26.0,23.963141223515898,0.125,0.125,0.125,0.125,0.125,0.125,0.125,0.125
27,27.0,25.224685898775267,0.125,0.125,0.125,0.125,0.125,0.125,0.125,0.125
28,28.0,26.477829247520948,0.125,0.125,0.125,0.125,0.125,0.125,0.125,0.125
29,29.0,27.720879968916847,0.125,0.125,0.125,0.125,0.125,0.125,0.125,0.125
30,30.0,28.95241681848399,0.125,0.125,0.125,0.125,0.125,0.125,0.125,0.125
31,31.0,30.17127581490958,0.125,0.125,0.125,0.125,0.125,0.125,0.125,0.125
32,32.0,31.376536153543515,0.125,0.125,0.125,0.125,0.125,0.125,0.125,0.125
33,33.0,32.567505096778625,0.125,0.125,0.125,0.125,0.125,0.125,0.125,0.125
34,34.0,33.74370209472243,0.125,0.125,0.125,0.125,0.125,0.125,0.125,0.125
35,35.0,34.90484237192463,0.125,0.125,0.125,0.125,0.125,0.125,0.125,0.125
36,36.0,36.05082019768737,0.125,0.125,0.125,0.125,0.125,0.125,0.125,0.125
37,37.0,37.18169203889697,0.125,0.125,0.125,0.125,0.125,0.125,0.125,0.125
38,38.0,38.29765977559663,0.125,0.125,0.125,0.125,0.125,0.125,0.125,0.125
39,39.0,39.399054140870355,0.125,0.125,0.125,0.125,0.125,0.125,0.125,0.125
40,40.0,40.48631852820801,0.125,0.125,0.125,0.125,0.125,0.125,0.125,0.125
41,41.0,41.55999329152982,0.125,0.125,0.125,0.125,0.125,0.125,0.125,0.125
42,42.0,42.62070064560415,0.125,0.125,0.125,0.125,0.125,0.125,0.125,0.125
43,43.0,43.669130257815,0.125,0.125,0.125,0.125,0.125,0.125,0.125,0.125
44,44.0,44.70602560622662,0.125,0.125,0.125,0.125,0.125,0.125,0.125,0.125
45,45.0,45.73217116373481,0.125,0.125,0.125,0.125,0.125,0.125,0.125,0.125
46,46.0,46.748380453854836,0.125,0.125,0.125,0.125,0.125,0.125,0.125,0.125
47,47.0,47.755485010424316,0.125,0.125,0.125,0.125,0.125,0.125,0.125,0.125
48,48.0,48.7543242612326,0.125,0.125,0.125,0.125,0.125,0.125,0.125,0.125
49,49.0,49.745736344347726,0.125,0.125,0.125,0.125,0.125,0.125,0.125,0.125
50,50.0,50.730549855707864,0.125,0.125,0.125,0.125,0.125,0.125,0.125,0.125
51,51.0,51.70957651737491,0.125,0.125,0.125,0.125,0.125,0.125,0.125,0.125
52,52.0,52.68360474770151,0.125,0.125,0.125,0.125,0.125,0.125,0.125,0.125
53,53.0,53.65339410751842,0.125,0.125,0.125,0.125,0.125,0.125,0.125,0.125
54,54.0,54.61967059027847,0.125,0.125,0.125,0.125,0.125,0.125,0.125,0.125
55,55.0,55.58312271885972,0.125,0.125,0.125,0.125,0.125,0.125,0.125,0.125
56,56.0,56.544398407394254,0.125,0.125,0.125,0.125,0.125,0.125,0.125,0.125
57,57.0,57.504102543001395,0.125,0.125,0.125,0.125,0.125,0.125,0.125,0.125
58,58.0,58.462795239617805,0.125,0.125,0.125,0.125,0.125,0.125,0.125,0.125
59,59.0,59.42099071417639,0.125,0.125,0.125,0.125,0.125,0.125,0.125,0.125
60,60.0,60.379156734137354,0.125,0.125,0.125,0.125,0.125,0.125,0.125,0.125
61,61.0,61.337714584760846,0.125,0.125,0.125,0.125,0.125,0.125,0.125,0.125
62,62.0,62.29703950447439,0.125,0.125,0.125,0.125,0.125,0.125,0.125,0.125
63,63.0,63.257461537171835,0.125,0.125,0.125,0.125,0.125,0.125,0.125,0.125
64,64.0,64.21926675122782,0.125,0.125,0.125,0.125,0.125,0.125,0.125,0.125
65,65.0,65.18269877636592,0.125,0.125,0.125,0.125,0.125,0.125,0.125,0.125
66,66.0,66.14796061122655,0.125,0.125,0.125,0.125,0.125,0.125,0.125,0.125
67,67.0,67.11521665648885,0.125,0.125,0.125,0.125,0.125,0.125,0.125,0.125
68,68.0,68.08459493066005,0.125,0.125,0.125,0.125,0.125,0.125,0.125,0.125
69,69.0,69.05618942810752,0.125,0.125,0.125,0.125,0.125,0.125,0.125,0.125
70,70.0,70.03006258152917,0.125,0.125,0.125,0.125,0.125,0.125,0.125,0.125
71,71.0,71.00624779379335,0.125,0.125,0.125,0.125,0.125,0.125,0.125,0.125
72,72.0,71.98475200689319,0.125,0.125,0.125,0.125,0.125,0.125,0.125,0.125
73,73.0,72.96555827861411,0.125,0.125,0.125,0.125,0.125,0.125,0.125,0.125
74,74.0,73.94862834037681,0.125,0.125,0.125,0.125,0.125,0.125,0.125,0.125
75,75.0,74.93390511255946,0.125,0.125,0.125,0.125,0.125,0.125,0.125,0.125
76,76.0,75.92131515639825,0.125,0.125,0.125,0.125,0.125,0.125,0.125,0.125
77,77.0,76.91077104428919,0.125,0.125,0.125,0.125,0.125,0.125,0.125,0.125
78,78.0,77.90217363294813,0.125,0.125,0.125,0.125,0.125,0.125,0.125,0.125
79,79.0,78.89541422641172,0.125,0.125,0.125,0.125,0.125,0.125,0.125,0.125
80,80.0,79.89037661826481,0.125,0.125,0.125,0.125,0.125,0.125,0.125,0.125
81,81.0,80.88693900474995,0.125,0.125,0.125,0.125,0.125,0.125,0.125,0.125
82,82.0,81.88497576253909,0.125,0.125,0.125,0.125,0.125,0.125,0.125,0.125
83,83.0,82.88435908692391,0.125,0.125,0.125,0.125,0.125,0.125,0.125,0.125
84,84.0,83.88496048800103,0.125,0.125,0.125,0.125,0.125,0.125,0.125,0.125
85,85.0,84.88665214409042,0.125,0.125,0.125,0.125,0.125,0.125,0.125,0.125
86,86.0,85.88930811312994,0.125,0.125,0.125,0.125,0.125,0.125,0.125,0.125
87,87.0,86.89280540413424,0.125,0.125,0.125,0.125,0.125,0.125,0.125,0.125
88,88.0,87.90702491199676,0.125,0.125,0.125,0.125,0.125,0.125,0.125,0.125
89,89.0,88.92175221995305,0.125,0.125,0.125,0.125,0.125,0.125,0.125,0.125
90,90.0,89.93678927491419,0.125,0.125,0.125,0.125,0.125,0.125,0.125,0.125
91,91.0,90.95195473163007,0.125,0.125,0.125,0.125,0.125,0.125,0.125,0.125
92,92.0,91.96708409535805,0.125,0.125,0.125,0.125,0.125,0.125,0.125,0.125
93,93.0,92.98202968175967,0.125,0.125,0.125,0.125,0.125,0.125,0.125,0.125
94,94.0,93.99666041270352,0.125,0.125,0.125,0.125,0.125,0.125,0.125,0.125
95,95.0,95.01086146642596,0.125,0.125,0.125,0.125,0.125,0.125,0.125,0.125
96,96.0,96.0345338001119,0.125,0.125,0.125,0.125,0.125,0.125,0.125,0.125
97,97.0,97.05749356242812,0.125,0.125,0.125,0.125,0.125,0.125,0.125,0.125
98,98.0,98.07958241288844,0.125,0.125,0.125,0.125,0.125,0.125,0.125,0.125
99,99.0,99.10066655417384,0.125,0.125,0.125,0.125,0.125,0.125,0.125,0.125
100,100.0,100.13063561578896,0.125,0.125,0.125,0.125,0.125,0.125,0.125,0.125
101,101.0,101.15930141508468,0.125,0.125,0.125,0.125,0.125,0.125,0.125,0.125
102,102.0,102.18650762029999,0.125,0.125,0.125,0.125,0.125,0.125,0.125,0.125
103,103.0,103.21212812879077,0.125,0.125,0.125,0.125,0.125,0.125,0.125,0.125
104,104.0,104.23606530514456,0.125,0.125,0.125,0.125,0.125,0.125,0.125,0.125
105,105.0,105.25824811081152,0.125,0.125,0.125,0.125,0.125,0.125,0.125,0.125
106,106.0,106.27863015480366,0.125,0.125,0.125,0.125,0.125,0.125,0.125,0.125
107,107.0,107.29718769284857,0.125,0.125,0.125,0.125,0.125,0.125,0.125,0.125
108,108.0,108.3139176001605,0.125,0.125,0.125,0.125,0.125,0.125,0.125,0.125
109,109.0,109.32883534073963,0.125,0.125,0.125,0.125,0.125,0.125,0.125,0.125
110,110.0,110.34197295385346,0.125,0.125,0.125,0.125,0.125,0.125,0.125,0.125
111,111.0,111.35337707611735,0.125,0.125,0.125,0.125,0.125,0.125,0.125,0.125
112,112.0,112.36310701539371,0.125,0.125,0.125,0.125,0.125,0.125,0.125,0.125
113,113.0,113.37123289058847,0.125,0.125,0.125,0.125,0.125,0.125,0.125,0.125
114,114.0,114.37783384935787,0.125,0.125,0.125,0.125,0.125,0.125,0.125,0.125
115,115.0,115.38299637375675,0.125,0.125,0.125,0.125,0.125,0.125,0.125,0.125
116,116.0,116.38681268197817,0.125,0.125,0.125,0.125,0.125,0.125,0.125,0.125
117,117.0,117.38937923255769,0.125,0.125,0.125,0.125,0.125,0.125,0.125,0.125
118,118.0,118.39079533575367,0.125,0.125,0.125,0.125,0.125,0.125,0.125,0.125
119,119.0,119.3911618752725,0.125,0.125,0.125,0.125,0.125,0.125,0.125,0.125
120,120.0,120.39058014208673,0.125,0.125,0.125,0.125,0.125,0.125,0.125,0.125
121,121.0,121.38915078079867,0.125,0.125,0.125,0.125,0.125,0.125,0.125,0.125
122,122.0,122.38697284783143,0.125,0.125,0.125,0.125,0.125,0.125,0.125,0.125
123,123.0,123.38414297968261,0.125,0.125,0.125,0.125,0.125,0.125,0.125,0.125
124,124.0,124.38075466855184,0.125,0.125,0.125,0.125,0.125,0.125,0.125,0.125
125,125.0,125.37689764184863,0.125,0.125,0.125,0.125,0.125,0.125,0.125,0.125
126,126.0,126.37265734139724,0.125,0.125,0.125,0.125,0.125,0.125,0.125,0.125
127,127.0,127.36811449757704,0.125,0.125,0.125,0.125,0.125,0.125,0.125,0.125
128,128.0,128.3633447931631,0.125,0.125,0.125,0.125,0.125,0.125,0.125,0.125
129,129.0,129.35841861125888,0.125,0.125,0.125,0.125,0.125,0.125,0.125,0.125
130,130.0,130.35340086143253,0.125,0.125,0.125,0.125,0.125,0.125,0.125,0.125
131,131.0,131.34835087797447,0.125,0.125,0.125,0.125,0.125,0.125,0.125,0.125
132,132.0,132.34332238408248,0.125,0.125,0.125,0.125,0.125,0.125,0.125,0.125
133,133.0,133.33836351573888,0.125,0.125,0.125,0.125,0.125,0.125,0.125,0.125
134,134.0,134.33351689907224,0.125,0.125,0.125,0.125,0.125,0.125,0.125,0.125
135,135.0,135.32881977508154,0.125,0.125,0.125,0.125,0.125,0.125,0.125,0.125
136,136.0,136.32430416573908,0.125,0.125,0.125,0.125,0.125,0.125,0.125,0.125
137,137.0,137.31999707567348,0.125,0.125,0.125,0.125,0.125,0.125,0.125,0.125
138,138.0,138.31592072385772,0.125,0.125,0.125,0.125,0.125,0.125,0.125,0.125
139,139.0,139.31209279998495,0.125,0.125,0.125,0.125,0.125,0.125,0.125,0.125
140,140.0,140.3085267404996,0.125,0.125,0.125,0.125,0.125,0.125,0.125,0.125
141,141.0,141.3052320195578,0.125,0.125,0.125,0.125,0.125,0.125,0.125,0.125
142,142.0,142.30221445051458,0.125,0.125,0.125,0.125,0.125,0.125,0.125,0.125
143,143.0,143.29947649387057,0.125,0.125,0.125,0.125,0.125,0.125,0.125,0.125
144,144.0,144.29701756795225,0.125,0.125,0.125,0.125,0.125,0.125,0.125,0.125
145,145.0,145.29483435894625,0.125,0.125,0.125,0.125,0.125,0.125,0.125,0.125
146,146.0,146.29292112725136,0.125,0.125,0.125,0.125,0.125,0.125,0.125,0.125
147,147.0,147.29127000745345,0.125,0.125,0.125,0.125,0.125,0.125,0.125,0.125
148,148.0,148.28987129956082,0.125,0.125,0.125,0.125,0.125,0.125,0.125,0.125
149,149.0,149.28871374946183,0.125,0.125,0.125,0.125,0.125,0.125,0.125,0.125
150,150.0,150.28778481687812,0.125,0.125,0.125,0.125,0.125,0.125,0.125,0.125
151,151.0,151.287070929384,0.125,0.125,0.125,0.125,0.125,0.125,0.125,0.125
152,152.0,152.28655772134545,0.125,0.125,0.125,0.125,0.125,0.125,0.125,0.125
153,153.0,153.2862302568973,0.125,0.125,0.125,0.125,0.125,0.125,0.125,0.125
154,154.0,154.28607323632502,0.125,0.125,0.125,0.125,0.125,0.125,0.125,0.125
155,155.0,155.2860711854467,0.125,0.125,0.125,0.125,0.125,0.125,0.125,0.125
156,156.0,156.28620862780176,0.125,0.125,0.125,0.125,0.125,0.125,0.125,0.125
157,157.0,157.28647023964328,0.125,0.125,0.125,0.125,0.125,0.125,0.125,0.125
158,158.0,158.2868409879042,0.125,0.125,0.125,0.125,0.125,0.125,0.125,0.125
159,159.0,159.28730625146002,0.125,0.125,0.125,0.125,0.125,0.125,0.125,0.125
160,160.0,160.28785192614563,0.125,0.125,0.125,0.125,0.125,0.125,0.125,0.125
161,161.0,161.28846451410124,0.125,0.125,0.125,0.125,0.125,0.125,0.125,0.125
162,162.0,162.28913119812026,0.125,0.125,0.125,0.125,0.125,0.125,0.125,0.125
163,163.0,163.28983990175618,0.125,0.125,0.125,0.125,0.125,0.125,0.125,0.125
164,164.0,164.29057933601095,0.125,0.125,0.125,0.125,0.125,0.125,0.125,0.125
165,165.0,165.29133903348014,0.125,0.125,0.125,0.125,0.125,0.125,0.125,0.125
166,166.0,166.2921093708676,0.125,0.125,0.125,0.125,0.125,0.125,0.125,0.125
167,167.0,167.2928815808076,0.125,0.125,0.125,0.125,0.125,0.125,0.125,0.125
168,168.0,168.29364775394558,0.125,0.125,0.125,0.125,0.125,0.125,0.125,0.125
169,169.0,169.2944008322303,0.125,0.125,0.125,0.125,0.125,0.125,0.125,0.125
170,170.0,170.29513459436427,0.125,0.125,0.125,0.125,0.125,0.125,0.125,0.125
171,171.0,171.29584363434117,0.125,0.125,0.125,0.125,0.125,0.125,0.125,0.125
172,172.0,172.29652333397695,0.125,0.125,0.125,0.125,0.125,0.125,0.125,0.125
173,173.0,173.2971698303094,0.125,0.125,0.125,0.125,0.125,0.125,0.125,0.125
174,174.0,174.2977799787055,0.125,0.125,0.125,0.125,0.125,0.125,0.125,0.125
175,175.0,175.29835131247495,0.125,0.125,0.125,0.125,0.125,0.125,0.125,0.125
176,176.0,176.2988819997427,0.125,0.125,0.125,0.125,0.125,0.125,0.125,0.125
177,177.0,177.29937079828622,0.125,0.125,0.125,0.125,0.125,0.125,0.125,0.125
178,178.0,178.29981700899256,0.125,0.125,0.125,0.125,0.125,0.125,0.125,0.125
179,179.0,179.30022042853835,0.125,0.125,0.125,0.125,0.125,0.125,0.125,0.125
180,180.0,180.30058130184418,0.125,0.125,0.125,0.125,0.125,0.125,0.125,0.125
181,181.0,181.30090027480097,0.125,0.125,0.125,0.125,0.125,0.125,0.125,0.125
182,182.0,182.30117834771406,0.125,0.125,0.125,0.125,0.125,0.125,0.125,0.125
183,183.0,183.3014168298587,0.125,0.125,0.125,0.125,0.125,0.125,0.125,0.125
184,184.0,184.3016172954903,0.125,0.125,0.125,0.125,0.125,0.125,0.125,0.125
185,185.0,185.30178154160384,0.125,0.125,0.125,0.125,0.125,0.125,0.125,0.125
186,186.0,186.30191154769,0.125,0.125,0.125,0.125,0.125,0.125,0.125,0.125
187,187.0,187.30200943769063,0.125,0.125,0.125,0.125,0.125,0.125,0.125,0.125
188,188.0,188.3020774443143,0.125,0.125,0.125,0.125,0.125,0.125,0.125,0.125
189,189.0,189.30211787583247,0.125,0.125,0.125,0.125,0.125,0.125,0.125,0.125
190,190.0,190.31213308544045,0.125,0.125,0.125,0.125,0.125,0.125,0.125,0.125
191,191.0,191.32202544323326,0.125,0.125,0.125,0.125,0.125,0.125,0.125,0.125
192,192.0,192.33170831081446,0.125,0.125,0.125,0.125,0.125,0.125,0.125,0.125
193,193.0,193.34110580852942,0.125,0.125,0.125,0.125,0.125,0.125,0.125,0.125
194,194.0,194.35015249838756,0.125,0.125,0.125,0.125,0.125,0.125,0.125,0.125
195,195.0,195.358792994276,0.125,0.125,0.125,0.125,0.125,0.125,0.125,0.125
196,196.0,196.36698151063285,0.125,0.125,0.125,0.125,0.125,0.125,0.125,0.125
197,197.0,197.3846813602477,0.125,0.125,0.125,0.125,0.125,0.125,0.125,0.125
198,198.0,198.40176441129856,0.125,0.125,0.125,0.125,0.125,0.125,0.125,0.125
199,199.0,199.41812151313138,0.12486111111111112,0.12486111111111112,0.12486111111111112,0.12486111111111112,0.12486111111111112,0.12486111111111112,0.12486111111111112,0.12597222222222224
200,200.0,200.43366168964963,0.1244388888888889,0.12433472222222225,0.12533472222222225,0.12433472222222225,0.12433472222222225,0.12433472222222225,0.12544583333333337,0.12744166666666668
201,201.0,201.4483112316195,0.12378595618556704,0.12457973840206188,0.1255697384020619,0.12357973840206188,0.12368283118556704,0.12357973840206188,0.1256797384020619,0.12954252061855673
202,202.0,202.4620127070762,0.1230535687183693,0.12464634873828494,0.12570835782919404,0.12274725782919403,0.1229524124683693,0.12365634873828495,0.12572534873828495,0.13151035694001878
203,203.0,203.47472390791648,0.12226305644441585,0.12456384892401207,0.12576489459067874,0.12269274892401207,0.12216468363191585,0.12359274892401206,0.12561315892401206,0.13334485963694162
204,204.0,204.48641674959356,0.12143221622120105,0.12435613348059407,0.12575107083954512,0.1225289362987759,0.12210656299980682,0.12341175448059408,0.12536822938059408,0.1350450962988892
205,205.0,205.49707613960703,0.1206310815535755,0.12415318574076428,0.12573175317225868,0.12238377306712792,0.12207105557331349,0.12324229943076428,0.12512166799176427,0.13666518347043186
206,206.0,206.50669882922307,0.11986469323265654,0.12395655841156217,0.1257076841571076,0.1222568459220258,0.12205625510613921,0.12308492438566217,0.12487610355595216,0.13819693522889467
207,207.0,207.51529226158527,0.11916545537404724,0.12368836705999722,0.12549509779591528,0.12217364501894096,0.12208845377408839,0.12296603958794097,0.1247651996727838,0.13965774171628642
208,208.0,208.52287342809538,0.11849399754377972,0.12352185206367707,0.12527004041542017,0.12286326257378896,0.1213537511414154,0.12284638692269548,0.12464416805434883,0.14100654128487466
209,209.0,209.52946774367354,0.11790127251215136,0.12324283949237004,0.12498019422584994,0.12409761892969591,0.12057241546814058,0.12261630510076547,0.12440421014673693,0.14218514412429006
210,210.0,210.53510795025716,0.11720131004787124,0.1227770974740427,0.12454500425759757,0.1256996468657736,0.12057582559473777,0.12230290691712001,0.1239712609303634,0.14292694791249405
211,211.0,211.53983305667984,0.11649366694887661,0.12223114816951142,0.1240655259976658,0.12778647512729963,0.12054920839665695,0.12190798233568788,0.12345205687934357,0.14351393614495844
212,212.0,212.54368732189343,0.11563324335006692,0.121464407447428,0.12421250994130253,0.1294467231316615,0.12026620319924236,0.12129049653283293,0.12329551410254079,0.14439090229492527
213,213.0,213.54671928736676,0.11482700977270585,0.1207227983273567,0.12436856462764505,0.13115598593730682,0.11990553880686736,0.12069505695931423,0.12315369660618374,0.14517134896262057
214,214.0,214.54898086341905,0.1140135069863196,0.1199471211761945,0.12446711987145676,0.13273725778103912,0.11944129174565571,0.12006131082383079,0.12296244747308883,0.14636994414241503
215,215.0,215.55052647323197,0.1131716644538597,0.11908592734418513,0.12448300757873779,0.1339941938619871,0.1188612775200356,0.11933681401955697,0.12318888595087736,0.1478782292707607
216,216.0,216.55141225733126,0.1123439778417955,0.1182170354689767,0.1244555788926058,0.1351249604856865,0.11821594775707296,0.11859854161265782,0.12337904568963223,0.1496649122515728
217,217.0,217.5516953404473,0.1113703702454278,0.11715372632877905,0.12422250156048313,0.13581772992243554,0.11735253960554184,0.11877018705371382,0.12380631127831704,0.1515066340053021
218,218.0,218.55143316184729,0.11032655872803951,0.11597746363038194,0.12385806010917895,0.13616076308545066,0.11639038387470334,0.11869931988129667,0.12549408836494083,0.1530933623260084
219,219.0,219.5506828694888,0.10923896739271427,0.11472014563911381,0.12338800096093215,0.13729513277605726,0.11473294247560423,0.11933792212918418,0.12684319375679975,0.15444369486959467
220,220.0,220.54950077767128,0.10812935743448868,0.11352824047084618,0.12282146751418287,0.13842450900050213,0.11313317922430477,0.12000124316883168,0.12907957291840338,0.1548824302684406
221,221.0,221.5479418872588,0.10685076612004786,0.11215879701795634,0.12202487547442531,0.1391907451447019,0.11135299506153266,0.12111082630638861,0.13205813661223667,0.15525285826271093
222,222.0,222.54605946701494,0.10553039948883469,0.11074185941727385,0.12113101414468083,0.13974727884429886,0.10952682979390133,0.12309483512772908,0.1348325662293911,0.15539521695389052
223,223.0,223.54390469412533,0.10412154649517154,0.10920964269942743,0.12009059084419717,0.13991748562291095,0.10761248444606064,0.12534626369696328,0.13843905473294105,0.15526293146232825
224,224.0,224.54152635158346,0.10434217777418654,0.107893133869188,0.11879830264660277,0.13960623879018447,0.10550755712305965,0.1269522596878395,0.14214590440417577,0.15475442570476358
225,225.0,225.53897057977994,0.10443800400441029,0.10689218583120941,0.11739360053264936,0.13946123752345213,0.10335349690470909,0.12950962132388802,0.14520126339998163,0.15375059047970033
226,226.0,226.53628067935898,0.10453496243751428,0.10586441854853502,0.11597333078134987,0.13908932281092323,0.10124831554896495,0.13179575704855115,0.1484744957665221,0.1530193970576396
227,227.0,227.5334969621865,0.1035699250918343,0.10525531909098865,0.11571342989912896,0.13856366338606096,0.09925724291718996,0.13396251051330324,0.15146333459031106,0.1522145745111831
228,228.0,228.5306566471094,0.10251385791382153,0.10457961228113355,0.11524446489190586,0.13784308323254021,0.09724389485842094,0.13577387646321187,0.15458071423176917,0.15222049612719707
229,229.0,229.5277937970689,0.10141066642487043,0.10569390598869866,0.11524606906507892,0.1365960544728507,0.09514963371249784,0.13727390280902435,0.1572751844670194,0.1513545830599599
230,230.0,230.52493929406182,0.10029313066293558,0.10671335584422488,0.11513992726893617,0.13524680103731757,0.0932204861362401,0.1385707589396634,0.16050309629846624,0.15031244381221628
231,231.0,231.5221208484148,0.09919152616875018,0.10769581702403909,0.1149830924071041,0.1337860050944393,0.09138218150941388,0.1396159296593907,0.16385283695838762,0.1494926111784753
232,232.0,232.51936303884835,0.09811555904392996,0.10911151213027044,0.11478289381495078,0.13223946141126164,0.08964430176679311,0.14042523197901308,0.1672745158767334,0.1484065239770477
233,233.0,233.51668737985003,0.09709502579283921,0.1105174185321246,0.11373410908677316,0.130695667911556,0.08803578378743604,0.14103610428264537,0.1715797643569995,0.1473061262496262
234,234.0,234.51411241295307,0.09609680158598698,0.11132237622109886,0.113439844467531,0.12913200073734338,0.08652198980018097,0.1414771256531688,0.1754317073711467,0.1465781541635434
235,235.0,235.51165381861628,0.09449069237307256,0.1120168254299864,0.11310905912399172,0.12755151516324784,0.0857484995551921,0.1413134017727198,0.17973636936527107,0.14603363721651857
236,236.0,236.509324545527,0.09289201126249041,0.11256570001885671,0.11266690007875181,0.126049059321588,0.0849918923453875,0.14092144777048324,0.18452204499922817,0.14539094420321422
237,237.0,237.50713495429136,0.09135764280156336,0.1130626503379859,0.1122136344478806,0.12515766058146607,0.08434271151836549,0.14036939611854407,0.1887450671202175,0.14475123707397702
238,238.0,238.50509297263636,0.0898475919681706,0.11345907432661753,0.11170611148317017,0.12433383676455334,0.08374796371680408,0.14010562723238493,0.1927276753522447,0.14407211915605467
239,239.0,239.5032042594205,0.08844868335204847,0.11383430713116177,0.11124483214765152,0.12358634134397073,0.08261382411184383,0.1397884959788349,0.19704958283738358,0.14343393309710525
240,240.0,240.50147237493204,0.08712212515096444,0.11414504887531526,0.11078811820509399,0.12349834976762439,0.08156390661320756,0.1391765099071685,0.2009086405754716,0.14279730090515433
241,241.0,241.4998989551431,0.08591144790542557,0.11443214124767555,0.11037758025562706,0.12347979156685415,0.08063778818524922,0.1385302743599141,0.2044250429638329,0.14220593351542155
242,242.0,242.49848388778162,0.08486478933995174,0.11407603064265072,0.10939365846038872,0.12357152803372916,0.07987996915279966,0.13790729568772206,0.20855027246593752,0.14175645621682048
243,243.0,243.49722548827847,0.08388573798171503,0.11365412227355334,0.1084130542314323,0.12304613614633995,0.07919072157615631,0.13722100179933186,0.2133310035991996,0.14125822239227165
244,244.0,244.49612067384288,0.08302018076643124,0.1132200721433388,0.10703355354273085,0.12257593980184399,0.07861293792836212,0.13652744429810437,0.21774852174631365,0.14126134977287502
245,245.0,245.49516513411243,0.08222375718529124,0.11273776826275428,0.10567626528957014,0.12211845474273023,0.07809958298634342,0.13579261845366897,0.22212830635775666,0.14122324672188513
246,246.0,246.49435349701386,0.08147849055895988,0.1127860667880281,0.10433351355919554,0.12163819429346963,0.07763031987721074,0.134969446115359,0.22605360659827028,0.14111036220950685
247,247.0,247.49367948865503,0.08066602402732759,0.11262863915916171,0.10289657838574015,0.12215044243905337,0.07708473821787473,0.1345454285031382,0.22919934481359663,0.14082880445410764
248,248.0,248.49313608624553,0.07990454884803938,0.1123911508682804,0.10149259406704522,0.1225430613292287,0.07657927228174773,0.132362568584808,0.23465981167158007,0.14006699234927056
249,249.0,249.49271566321454,0.07905957941423947,0.11194698164108022,0.0999953041374074,0.12425381902003992,0.07597796393245582,0.12987689370173802,0.23975458557763965,0.13913487257539958
250,250.0,250.4924101258545,0.07819634496251099,0.1113695460669758,0.09847744217401129,0.12652731639792328,0.07534484061160238,0.12727683655077687,0.24470057133555198,0.1381071019006475
251,251.0,251.49221104097188,0.0773658121646719,0.110739881533335,0.09699675182537452,0.12853410828995648,0.07472992287505992,0.12469177232715963,0.2498762914656562,0.13706545951878643
252,252.0,252.4921097541678,0.0765603788206743,0.11005687021881051,0.09555168547087016,0.13097530282030972,0.0741249019791254,0.12162645531079103,0.25509529371771045,0.1360091116617085
253,253.0,253.4920974985025,0.0758129959859807,0.1093384385603976,0.09418053804203667,0.13331555009234974,0.07356224511610403,0.11898511469666063,0.25984926350520293,0.1349558540012678
254,254.0,254.49216549341867,0.07507702406361226,0.10854672220830461,0.09284132074619998,0.13551447200603017,0.0729950340769394,0.11635608302891574,0.2643474790218121,0.13432186484818587
255,255.0,255.49230503390905,0.0743393694221055,0.10809234491804749,0.0915249204835641,0.13729691241090064,0.07241008413018277,0.11374387594304698,0.26918682214840245,0.13340567054375024
256,256.0,256.4925075700113,0.0736771400352011,0.10699158170831116,0.09031178270884706,0.13924253497922062,0.0718845818214727,0.11172786141664032,0.27423923090138075,0.1319252864289265
257,257.0,257.49276477680326,0.07303648499846378,0.1062032416744339,0.08915078187816013,0.1413625292352169,0.0713649067372476,0.1097920804193245,0.27884954899941344,0.13024042605773997
258,258.0,258.49306861514793,0.07208379498652205,0.10545109921133286,0.08811045586468494,0.1437408760630281,0.07092834078096849,0.10760746510779226,0.2835583659430433,0.1285196020426282
259,259.0,259.49341138350667,0.07116600912948934,0.10467024019190521,0.08713534917930868,0.14622078120254886,0.07050767374766662,0.10552123789639425,0.28794981424827526,0.12682889440441195
260,260.0,260.49378576119443,0.07028787582232421,0.10386958479579464,0.08622775190795434,0.14876732594340095,0.07010458336725642,0.1035426767474973,0.2920193523911405,0.12518084902463178
261,261.0,261.4941848435015,0.0693917575550229,0.10339110152547555,0.08532753549384463,0.15076719307594463,0.06965888929016417,0.1015144566664194,0.2960242503590068,0.12392481603412206
262,262.0,262.4946021691428,0.06837600468666379,0.10315982988731622,0.08443581785368265,0.1526189516163676,0.06976039795923314,0.09945748163210785,0.2990177198332908,0.12317379653133814
263,263.0,263.4950317405286,0.06738313707089143,0.10287109475822352,0.08358632830922517,0.1549693614932254,0.06981694453263844,0.09743758139387035,0.3013009498931446,0.1226346025487812
264,264.0,264.49546803737053,0.06642019753798131,0.10253171151673718,0.08267747846782804,0.15774568968274455,0.06983203443221286,0.09547058715069932,0.3030265710532823,0.12229573015851455
265,265.0,265.4959060241545,0.06598425562073594,0.10213495426026514,0.08180946264546406,0.15997666448985806,0.06979680589841915,0.09366068138400266,0.30450018423068115,0.12213699147057391
266,266.0,266.4963411520186,0.06553253714065571,0.102084588785772,0.08096625328615753,0.1625047049870325,0.06969563231118406,0.09187597149657677,0.30556745727753676,0.1217728547150848
267,267.0,267.4967693555761,0.06512853545350193,0.10198076148470141,0.08018977178044417,0.16496907877296474,0.06959641791093717,0.09023107947986402,0.3063269978202737,0.12157735729731298
268,268.0,268.49718704522206,0.06478263050425305,0.10173548287599288,0.0794922217654214,0.16721976324546203,0.06951107053038166,0.08873918084855333,0.3069684862867854,0.12155116394315038
269,269.0,269.49759109545124,0.06444589154494017,0.10164135761839163,0.07882610546849944,0.1692712339189061,0.0693893209161472,0.08741622560149982,0.3076764186410821,0.12133344629053369
270,270.0,270.49797882970296,0.06441645480132477,0.10138651076419458,0.07817893780431111,0.17069946303874522,0.06920121920095494,0.08611063164100567,0.30879223641428677,0.12121454633517705
271,271.0,271.4983480022325,0.0643714162469986,0.10098901963725643,0.07756310974031956,0.1717302796491076,0.06906073139483876,0.084848288870394,0.3102379199919125,0.12119923446917266
272,272.0,272.49869677748677,0.06432563173562228,0.10075021669017757,0.0769874570110985,0.1729671432259418,0.06889997280061574,0.08366865049942607,0.31139199952186525,0.12100892851525286
273,273.0,273.4990237074407,0.06424862560133215,0.10042751144449241,0.07644122967161614,0.17430645575429418,0.06869197320216289,0.08253254275950059,0.31255181256439324,0.12079984900220841
274,274.0,274.4993277073249,0.06413416929863076,0.10030913133688263,0.07591758612232676,0.17539469299065713,0.06843381304308047,0.0816846869324433,0.3134473796800834,0.12067854059589553
275,275.0,275.4996080301474,0.06402104091947915,0.10009212671377146,0.07543878286049562,0.17632764306031007,0.06816736842181391,0.08091539709565494,0.31436405047479044,0.12067359045368438
276,276.0,276.49986424038616,0.06368853945444981,0.09982719235119802,0.07500327260813906,0.17775775591118012,0.06788301919481926,0.08030512706563074,0.3148605802308699,0.12067451318371304
277,277.0,277.5000961871972,0.06333310619135961,0.09977141655738264,0.07459729757451665,0.17910438411558732,0.06756338342581898,0.0797329930367545,0.31524072718228957,0.12065669191629069
278,278.0,278.5003039774552,0.06297874279991926,0.09970651758748371,0.07423321737417844,0.18064285957257542,0.06722570268348266,0.07889733308072391,0.31567113618473125,0.12064449071690533
279,279.0,279.50048794891285,0.06262742266654031,0.09988308998009256,0.07390446079486264,0.182009812016608,0.06688071647113203,0.07822943015629838,0.31607744228557927,0.12038762562888677
280,280.0,280.5006486437356,0.06225509505156371,0.09996970746937389,0.07359603512239628,0.18286262204622625,0.06650522362431249,0.07770148218906062,0.3169976661325644,0.12011216836450234
281,281.0,281.50078678263867,0.06187061907248989,0.09998062011270747,0.07331453085893458,0.18383648927042112,0.06611465302911723,0.07722824512108724,0.31782775471959207,0.11982708781565041
282,282.0,282.5009032398251,0.06148970884705126,0.1002032116101821,0.07306506041383552,0.18451372433142985,0.06571899981337376,0.07681315401958369,0.3186552563642116,0.11954088460033224
283,283.0,283.5009990188946,0.061096481148275546,0.10007307481225061,0.0728343928380674,0.18500428404508015,0.06530980327384145,0.0766482871827294,0.3195268016933319,0.11950687500642351
284,284.0,284.5010752298682,0.060956564394951604,0.10013125590001365,0.07263077222545905,0.18513191744978996,0.0649093999939439,0.07653054641086131,0.320238673720846,0.11947086990413446
285,285.0,285.50113306744583,0.06080022753600017,0.1003388980686665,0.07244283945082512,0.1848436279037593,0.0645007543485515,0.07642565639300843,0.32122553555967237,0.11942246073951654
286,286.0,286.50117379059117,0.060628087234282216,0.100454069932405,0.07226932750597022,0.18440140737368566,0.0643809271968834,0.0763299442967957,0.32217471181357576,0.11936152464640194
287,287.0,287.5011987035161,0.06043417457798838,0.1007248425740039,0.07210224478634768,0.1838163581453194,0.06424045910539888,0.07622660387382438,0.323079473301969,0.11937584363514825
288,288.0,288.5012091381134,0.0602320454478268,0.10081183356838162,0.07195496083668129,0.18313217057318315,0.06437607404258544,0.07624182457065315,0.32396625624420544,0.11928483471648296
289,289.0,289.50120643786977,0.060031401328548756,0.10081550223257238,0.07182335367326187,0.18226894369902577,0.06476373160493357,0.07626128996258333,0.32484971724652567,0.11918606025254849
290,290.0,290.50119194327186,0.05983556828149493,0.10053209333593316,0.07170960351871955,0.18151485596601327,0.06514992706973599,0.07630096632427535,0.32561515883197806,0.1193418266718495
291,291.0,291.501166978701,0.059643787629835354,0.10020021706951215,0.07161312854880897,0.18106383694373115,0.06553450553428994,0.07609032302942062,0.3262784305602844,0.11957577068411729
292,292.0,292.50113284080027,0.05945324712650611,0.09980054990117676,0.07152938080453008,0.1806015942830314,0.06590999772373875,0.07589018508542865,0.3270163236336672,0.11979872144192087
293,293.0,293.5010907882816,0.05926272073058715,0.09933384224743864,0.07145405126177139,0.18000269698818527,0.06624123406257362,0.0756895904872507,0.3280104115873345,0.12000545263485857
294,294.0,294.50104203313197,0.05905993382124181,0.09879859339516084,0.07138172282346066,0.1793484656675935,0.0665226131987338,0.07548401395004951,0.3292146832588364,0.12018997388492335
295,295.0,295.50098773316597,0.05884598962469995,0.09841501629389376,0.07131151555532791,0.1786488680924001,0.06675365442525157,0.07527349114097982,0.3304003177559113,0.12035114711153544
296,296.0,296.50092898586485,0.05862507564026795,0.0979803021339019,0.0712456762703438,0.17791640982111118,0.06693752465730754,0.07506422064064273,0.3317365190454715,0.12049427179095329
297,297.0,297.5008668234353,0.058398262119440214,0.0973243068213662,0.07118339274655576,0.1773639872519251,0.06707479089133543,0.07485618444815537,0.3331803880066072,0.1206186877146146
298,298.0,298.5008022090143,0.058163596410073265,0.09662351122611275,0.07112090168354744,0.17701915379737498,0.06716346783436668,0.0746433577504643,0.33454804506212443,0.12071796623593603
299,299.0,299.50073603394526,0.057922272979171,0.09611233432605183,0.07105767027603638,0.17665876067498695,0.06720514108200468,0.0744260675931515,0.3358255031731245,0.12079224989547303
300,300.0,300.5006691160437,0.05767548555433921,0.09556310555009903,0.07099325792626365,0.17627538364728237,0.06720177278896983,0.07420471337207216,0.3370221053600723,0.12106417580090131
301,301.0,301.5006021987718,0.057428042061958694,0.09501701026454384,0.07093093886845453,0.1757341691809634,0.06715927095544537,0.07398338211876296,0.3382210435458746,0.12152614300399643
302,302.0,302.50053595123944,0.057199574255137435,0.09449734335828541,0.07087802669348894,0.17521027512469697,0.06710626498766152,0.07377479205554344,0.3393637855278087,0.12196993799737745
303,303.0,303.50047096894787,0.05679618861890563,0.0939615729346095,0.07082302598582253,0.17483288736492655,0.06722751607955514,0.07355722632488451,0.3403498893599093,0.12245169333138671
304,304.0,304.500407775196,0.056407779284122224,0.09342685446081296,0.07077018699943242,0.17447119555614987,0.06733303929501147,0.07334038891556802,0.3412719669148298,0.12297858857407312
305,305.0,305.50034682306733,0.05624823550120536,0.09310509648006343,0.06911508429169588,0.17558421502569552,0.06775443514501447,0.07326226768553476,0.341246438255601,0.12368422761518948
306,306.0,306.50028849792085,0.0559743402902953,0.09363801301893458,0.06735280988772542,0.1767375973471964,0.06800247067864922,0.07305154809074835,0.3410229341972971,0.12422028648915354
307,307.0,307.5002331203098,0.05560186364006573,0.09503353276771888,0.06551361074789905,0.17774068103012985,0.06809209992424604,0.07271833464990828,0.34062815704357785,0.12467172019645426
308,308.0,308.5001809492568,0.05515383727220668,0.09695913733335804,0.06363518850180983,0.17853931771123682,0.06805092373053993,0.0722963286172263,0.340309629586499,0.12505563724712335
309,309.0,309.5001321858165,0.05470877251807457,0.09879151889890372,0.061807168695544826,0.17947574767375635,0.06795786482095996,0.07186437183271646,0.33994952123728206,0.12544503432276205
310,310.0,310.50008697686206,0.05421467195861146,0.10104827908828229,0.05998329983374881,0.18043759795805037,0.06778072707734208,0.07137298198617958,0.3393737760917305,0.125788666006055
311,311.0,311.50004541903445,0.05368775290483076,0.10294721374095578,0.05818796332273393,0.18197938401628314,0.06753624757266735,0.07069853767985901,0.3389251921702556,0.12603770859241453
312,312.0,312.5000075627993,0.05313090640841048,0.10452069186140633,0.05643455051387203,0.183359400155492,0.06720927206503888,0.07013144298291046,0.3383592594306975,0.12685447658217236
313,313.0,313.49997341655967,0.05258698499477594,0.10594655549438742,0.05477110527436463,0.1848269688991666,0.0668446133279587,0.0695673231679857,0.3377882057493585,0.12766824309200256
314,314.0,314.49994295077835,0.05205858802770066,0.10722022779858693,0.05320411811865941,0.18619243999567728,0.06644716834407709,0.06900930839778645,0.33739522057088506,0.1284729287466272
315,315.0,315.4999161020674,0.051547938964216555,0.10854332404713558,0.05173849493202181,0.18744960885848239,0.06602173791432789,0.06846021009950326,0.3370281513843221,0.12921053379999048
316,316.0,316.49989277720687,0.05092394331575195,0.10972773012170521,0.05024470932885444,0.18830420511123055,0.06544002996573964,0.06779364846000398,0.336711695601248,0.13085403809546634
317,317.0,317.4998728570603,0.051276477407625455,0.10904097313532292,0.04952912335216568,0.1892482036125275,0.06495856460281937,0.06711483691780275,0.3364696625560191,0.13236215841571733
318,318.0,318.49985620035784,0.05141887558397161,0.10798001331116595,0.048732763172881347,0.19045734982263243,0.06432484750132186,0.06631740977757049,0.33612843073598236,0.13464031009447408
319,319.0,319.499842647322,0.05137857775180242,0.1072186826500683,0.047877044832851046,0.1913009842365495,0.0635632583411497,0.06542443787852231,0.3358549229132432,0.13738209139581364
320,320.0,320.4998320231166,0.051309998632042504,0.10620111384411846,0.04704510763734726,0.1917307298960254,0.06276077880630614,0.06452138943459618,0.33606018035612,0.14037070139344415
321,321.0,321.49982414110053,0.05112370543581583,0.10504779513912145,0.046247479036799106,0.1919853103099513,0.06180071195125527,0.06359238942220091,0.33647569890131257,0.1437269098035437
322,322.0,322.49981880587507,0.050834263241397275,0.10409264929349504,0.04548722174928796,0.1922380605758522,0.06079477698523331,0.06264368450555104,0.33668876226137057,0.14722058138781274
323,323.0,323.4998158161134,0.050431788168874905,0.10347821136731698,0.04470836239737485,0.1922776296327007,0.059746657306820945,0.06176027366189588,0.3368218180025685,0.15077525946244738
324,324.0,324.49981496716674,0.04992760060549189,0.10310287409922203,0.04391372430569129,0.19263324450588074,0.05866211373948186,0.06083797479127004,0.33712031868531805,0.1538021492676443
325,325.0,325.4998160534431,0.04933000468711639,0.1024598241423789,0.043107730006935775,0.1927088360313134,0.058279910021412744,0.060653323033116255,0.3373170716603287,0.156143300417398
326,326.0,326.4998188705574,0.04865636855315111,0.10159869433166634,0.04230125060467081,0.19279685645068517,0.058302838185075846,0.0605137744755973,0.337314553246248,0.1585156641529056
327,327.0,327.4998232172547,0.04799829973095539,0.10069274558064117,0.04157183667873836,0.1926457378441695,0.05833750641806112,0.0603907148092965,0.3376510714128277,0.16071208752531044
328,328.0,328.49982889710975,0.04736420486631911,0.09977328882039636,0.040444708033198204,0.19235579086906068,0.0588589437926898,0.060289512570890456,0.338229977589949,0.16268357345749657
329,329.0,329.49983572000815,0.04684744377027392,0.098827389571744,0.03939545458056921,0.19180222029332855,0.05937923374726703,0.06019767195883686,0.339072414307856,0.16447817177012458
330,330.0,330.4998435034166,0.04635518135686121,0.09797518653879558,0.03842550546557515,0.1913541508669066,0.05989061541295991,0.06011208293696298,0.3397899891969965,0.1660972882249422
