,Unnamed: 0,Total_iterations,Intertwine_two,Invert_path_vertices,Insert_inside_vertex,Delete_inside_vertex,Replace_inside_vertex,Donate_between_routes,Trim_one_terminal_cb,Grow_one_terminal_cb
0,0.0,0.0,0.125,0.125,0.125,0.125,0.125,0.125,0.125,0.125
1,1.0,1.0,0.125,0.125,0.125,0.125,0.125,0.125,0.125,0.125
2,2.0,2.0,0.125,0.125,0.125,0.125,0.125,0.125,0.125,0.125
3,3.0,3.0,0.125,0.125,0.125,0.125,0.125,0.125,0.125,0.125
4,4.0,4.0,0.125,0.125,0.125,0.125,0.125,0.125,0.125,0.125
5,5.0,5.0,0.125,0.125,0.125,0.125,0.125,0.125,0.125,0.125
6,6.0,6.0,0.125,0.125,0.125,0.125,0.125,0.125,0.125,0.125
7,7.0,7.0,0.125,0.125,0.125,0.125,0.125,0.125,0.125,0.125
8,8.0,8.0,0.125,0.125,0.125,0.125,0.125,0.125,0.125,0.125
9,9.0,9.0,0.125,0.125,0.125,0.125,0.125,0.125,0.125,0.125
10,10.0,10.0,0.125,0.125,0.125,0.125,0.125,0.125,0.125,0.125
11,11.0,11.0,0.125,0.125,0.125,0.125,0.125,0.125,0.125,0.125
12,12.0,12.0,0.125,0.125,0.125,0.125,0.125,0.125,0.125,0.125
13,13.0,13.0,0.125,0.125,0.125,0.125,0.125,0.125,0.125,0.125
14,14.0,14.0,0.125,0.125,0.125,0.125,0.125,0.125,0.125,0.125
15,15.0,15.0,0.125,0.125,0.125,0.125,0.125,0.125,0.125,0.125
16,16.0,16.0,0.125,0.125,0.125,0.125,0.125,0.125,0.125,0.125
17,17.0,17.0,0.125,0.125,0.125,0.125,0.125,0.125,0.125,0.125
18,18.0,18.0,0.125,0.125,0.125,0.125,0.125,0.125,0.125,0.125
19,19.0,19.0,0.125,0.125,0.125,0.125,0.125,0.125,0.125,0.125
20,20.0,20.0,0.125,0.125,0.125,0.125,0.125,0.125,0.125,0.125
21,21.0,21.0,0.125,0.125,0.125,0.125,0.125,0.125,0.125,0.125
22,22.0,22.0,0.125,0.125,0.125,0.125,0.125,0.125,0.125,0.125
23,23.0,23.0,0.125,0.125,0.125,0.125,0.125,0.125,0.125,0.125
24,24.0,24.0,0.125,0.125,0.125,0.125,0.125,0.125,0.125,0.125
25,25.0,25.0,0.125,0.125,0.125,0.125,0.125,0.125,0.125,0.125
26,26.0,26.0,0.125,0.125,0.125,0.125,0.125,0.125,0.125,0.125
27,27.0,27.0,0.125,0.125,0.125,0.125,0.125,0.125,0.125,0.125
28,28.0,28.0,0.125,0.125,0.125,0.125,0.125,0.125,0.125,0.125
29,29.0,29.0,0.125,0.125,0.125,0.125,0.125,0.125,0.125,0.125
30,30.0,30.0,0.125,0.125,0.125,0.125,0.125,0.125,0.125,0.125
31,31.0,31.0,0.125,0.125,0.125,0.125,0.125,0.125,0.125,0.125
32,32.0,32.0,0.125,0.125,0.125,0.125,0.125,0.125,0.125,0.125
33,33.0,33.0,0.125,0.125,0.125,0.125,0.125,0.125,0.125,0.125
34,34.0,34.0,0.125,0.125,0.125,0.125,0.125,0.125,0.125,0.125
35,35.0,35.0,0.125,0.125,0.125,0.125,0.125,0.125,0.125,0.125
36,36.0,36.0,0.125,0.125,0.125,0.125,0.125,0.125,0.125,0.125
37,37.0,37.0,0.125,0.125,0.125,0.125,0.125,0.125,0.125,0.125
38,38.0,38.0,0.125,0.125,0.125,0.125,0.125,0.125,0.125,0.125
39,39.0,39.0,0.125,0.125,0.125,0.125,0.125,0.125,0.125,0.125
40,40.0,40.0,0.125,0.125,0.125,0.125,0.125,0.125,0.125,0.125
41,41.0,41.0,0.125,0.125,0.125,0.125,0.125,0.125,0.125,0.125
42,42.0,42.0,0.125,0.125,0.125,0.125,0.125,0.125,0.125,0.125
43,43.0,43.0,0.125,0.125,0.125,0.125,0.125,0.125,0.125,0.125
44,44.0,44.0,0.125,0.125,0.125,0.125,0.125,0.125,0.125,0.125
45,45.0,45.0,0.125,0.125,0.125,0.125,0.125,0.125,0.125,0.125
46,46.0,46.0,0.125,0.125,0.125,0.125,0.125,0.125,0.125,0.125
47,47.0,47.0,0.125,0.125,0.125,0.125,0.125,0.125,0.125,0.125
48,48.0,48.0,0.125,0.125,0.125,0.125,0.125,0.125,0.125,0.125
49,49.0,49.0,0.125,0.125,0.125,0.125,0.125,0.125,0.125,0.125
50,50.0,50.0,0.125,0.125,0.125,0.125,0.125,0.125,0.125,0.125
51,51.0,51.0,0.125,0.125,0.125,0.125,0.125,0.125,0.125,0.125
52,52.0,52.0,0.125,0.125,0.125,0.125,0.125,0.125,0.125,0.125
53,53.0,53.0,0.125,0.125,0.125,0.125,0.125,0.125,0.125,0.125
54,54.0,54.0,0.125,0.125,0.125,0.125,0.125,0.125,0.125,0.125
55,55.0,55.0,0.125,0.125,0.125,0.125,0.125,0.125,0.125,0.125
56,56.0,56.0,0.125,0.125,0.125,0.125,0.125,0.125,0.125,0.125
57,57.0,57.0,0.125,0.125,0.125,0.125,0.125,0.125,0.125,0.125
58,58.0,58.0,0.125,0.125,0.125,0.125,0.125,0.125,0.125,0.125
59,59.0,59.0,0.125,0.125,0.125,0.125,0.125,0.125,0.125,0.125
60,60.0,60.0,0.125,0.125,0.125,0.125,0.125,0.125,0.125,0.125
61,61.0,61.0,0.125,0.125,0.125,0.125,0.125,0.125,0.125,0.125
62,62.0,62.0,0.125,0.125,0.125,0.125,0.125,0.125,0.125,0.125
63,63.0,63.0,0.125,0.125,0.125,0.125,0.125,0.125,0.125,0.125
64,64.0,64.0,0.125,0.125,0.125,0.125,0.125,0.125,0.125,0.125
65,65.0,65.0,0.125,0.125,0.125,0.125,0.125,0.125,0.125,0.125
66,66.0,66.0,0.125,0.125,0.125,0.125,0.125,0.125,0.125,0.125
67,67.0,67.0,0.125,0.125,0.125,0.125,0.125,0.125,0.125,0.125
68,68.0,68.0,0.125,0.125,0.125,0.125,0.125,0.125,0.125,0.125
69,69.0,69.0,0.125,0.125,0.125,0.125,0.125,0.125,0.125,0.125
70,70.0,70.0,0.125,0.125,0.125,0.125,0.125,0.125,0.125,0.125
71,71.0,71.0,0.125,0.125,0.125,0.125,0.125,0.125,0.125,0.125
72,72.0,72.0,0.125,0.125,0.125,0.125,0.125,0.125,0.125,0.125
73,73.0,73.0,0.125,0.125,0.125,0.125,0.125,0.125,0.125,0.125
74,74.0,74.0,0.125,0.125,0.125,0.125,0.125,0.125,0.125,0.125
75,75.0,75.0,0.125,0.125,0.125,0.125,0.125,0.125,0.125,0.125
76,76.0,76.0,0.125,0.125,0.125,0.125,0.125,0.125,0.125,0.125
77,77.0,77.0,0.125,0.125,0.125,0.125,0.125,0.125,0.125,0.125
78,78.0,78.0,0.125,0.125,0.125,0.125,0.125,0.125,0.125,0.125
79,79.0,79.0,0.125,0.125,0.125,0.125,0.125,0.125,0.125,0.125
80,80.0,80.0,0.125,0.125,0.125,0.125,0.125,0.125,0.125,0.125
81,81.0,81.0,0.125,0.125,0.125,0.125,0.125,0.125,0.125,0.125
82,82.0,82.0,0.125,0.125,0.125,0.125,0.125,0.125,0.125,0.125
83,83.0,83.0,0.125,0.125,0.125,0.125,0.125,0.125,0.125,0.125
84,84.0,84.0,0.125,0.125,0.125,0.125,0.125,0.125,0.125,0.125
85,85.0,85.0,0.125,0.125,0.125,0.125,0.125,0.125,0.125,0.125
86,86.0,86.0,0.125,0.125,0.125,0.125,0.125,0.125,0.125,0.125
87,87.0,87.0,0.125,0.125,0.125,0.125,0.125,0.125,0.125,0.125
88,88.0,88.0,0.125,0.125,0.125,0.125,0.125,0.125,0.125,0.125
89,89.0,89.0,0.125,0.125,0.125,0.125,0.125,0.125,0.125,0.125
90,90.0,90.1,0.125,0.125,0.125,0.125,0.125,0.125,0.125,0.125
91,91.0,91.2,0.125,0.125,0.125,0.125,0.125,0.125,0.125,0.125
92,92.0,92.2,0.125,0.125,0.125,0.125,0.125,0.125,0.125,0.125
93,93.0,93.2,0.125,0.125,0.125,0.125,0.125,0.125,0.125,0.125
94,94.0,94.2,0.125,0.125,0.125,0.125,0.125,0.125,0.125,0.125
95,95.0,95.3,0.125,0.125,0.125,0.125,0.125,0.125,0.125,0.125
96,96.0,96.3,0.125,0.125,0.125,0.125,0.125,0.125,0.125,0.125
97,97.0,97.3,0.125,0.125,0.125,0.125,0.125,0.125,0.125,0.125
98,98.0,98.3,0.125,0.125,0.125,0.125,0.125,0.125,0.125,0.125
99,99.0,99.3,0.125,0.125,0.125,0.125,0.125,0.125,0.125,0.125
100,100.0,100.3,0.125,0.125,0.125,0.125,0.125,0.125,0.125,0.125
101,101.0,101.3,0.125,0.125,0.125,0.125,0.125,0.125,0.125,0.125
102,102.0,102.3,0.125,0.125,0.125,0.125,0.125,0.125,0.125,0.125
103,103.0,103.3,0.125,0.125,0.125,0.125,0.125,0.125,0.125,0.125
104,104.0,104.3,0.125,0.125,0.125,0.125,0.125,0.125,0.125,0.125
105,105.0,105.3,0.125,0.125,0.125,0.125,0.125,0.125,0.125,0.125
106,106.0,106.3,0.125,0.125,0.125,0.125,0.125,0.125,0.125,0.125
107,107.0,107.3,0.125,0.125,0.125,0.125,0.125,0.125,0.125,0.125
108,108.0,108.3,0.125,0.125,0.125,0.125,0.125,0.125,0.125,0.125
109,109.0,109.3,0.125,0.125,0.125,0.125,0.125,0.125,0.125,0.125
110,110.0,110.3,0.125,0.125,0.125,0.125,0.125,0.125,0.125,0.125
111,111.0,111.3,0.125,0.125,0.125,0.125,0.125,0.125,0.125,0.125
112,112.0,112.3,0.125,0.125,0.125,0.125,0.125,0.125,0.125,0.125
113,113.0,113.3,0.125,0.125,0.125,0.125,0.125,0.125,0.125,0.125
114,114.0,114.3,0.125,0.125,0.125,0.125,0.125,0.125,0.125,0.125
115,115.0,115.3,0.125,0.125,0.125,0.125,0.125,0.125,0.125,0.125
116,116.0,116.3,0.125,0.125,0.125,0.125,0.125,0.125,0.125,0.125
117,117.0,117.3,0.125,0.125,0.125,0.125,0.125,0.125,0.125,0.125
118,118.0,118.3,0.125,0.125,0.125,0.125,0.125,0.125,0.125,0.125
119,119.0,119.3,0.125,0.125,0.125,0.125,0.125,0.125,0.125,0.125
120,120.0,120.3,0.125,0.125,0.125,0.125,0.125,0.125,0.125,0.125
121,121.0,121.3,0.125,0.125,0.125,0.125,0.125,0.125,0.125,0.125
122,122.0,122.3,0.125,0.125,0.125,0.125,0.125,0.125,0.125,0.125
123,123.0,123.3,0.125,0.125,0.125,0.125,0.125,0.125,0.125,0.125
124,124.0,124.3,0.125,0.125,0.125,0.125,0.125,0.125,0.125,0.125
125,125.0,125.3,0.125,0.125,0.125,0.125,0.125,0.125,0.125,0.125
126,126.0,126.3,0.125,0.125,0.125,0.125,0.125,0.125,0.125,0.125
127,127.0,127.3,0.125,0.125,0.125,0.125,0.125,0.125,0.125,0.125
128,128.0,128.3,0.125,0.125,0.125,0.125,0.125,0.125,0.125,0.125
129,129.0,129.3,0.125,0.125,0.125,0.125,0.125,0.125,0.125,0.125
130,130.0,130.3,0.125,0.125,0.125,0.125,0.125,0.125,0.125,0.125
131,131.0,131.3,0.125,0.125,0.125,0.125,0.125,0.125,0.125,0.125
132,132.0,132.3,0.125,0.125,0.125,0.125,0.125,0.125,0.125,0.125
133,133.0,133.3,0.125,0.125,0.125,0.125,0.125,0.125,0.125,0.125
134,134.0,134.3,0.125,0.125,0.125,0.125,0.125,0.125,0.125,0.125
135,135.0,135.3,0.125,0.125,0.125,0.125,0.125,0.125,0.125,0.125
136,136.0,136.3,0.125,0.125,0.125,0.125,0.125,0.125,0.125,0.125
137,137.0,137.3,0.125,0.125,0.125,0.125,0.125,0.125,0.125,0.125
138,138.0,138.3,0.125,0.125,0.125,0.125,0.125,0.125,0.125,0.125
139,139.0,139.3,0.125,0.125,0.125,0.125,0.125,0.125,0.125,0.125
140,140.0,140.3,0.125,0.125,0.125,0.125,0.125,0.125,0.125,0.125
141,141.0,141.3,0.125,0.125,0.125,0.125,0.125,0.125,0.125,0.125
142,142.0,142.3,0.125,0.125,0.125,0.125,0.125,0.125,0.125,0.125
143,143.0,143.3,0.125,0.125,0.125,0.125,0.125,0.125,0.125,0.125
144,144.0,144.3,0.125,0.125,0.125,0.125,0.125,0.125,0.125,0.125
145,145.0,145.3,0.125,0.125,0.125,0.125,0.125,0.125,0.125,0.125
146,146.0,146.3,0.125,0.125,0.125,0.125,0.125,0.125,0.125,0.125
147,147.0,147.3,0.125,0.125,0.125,0.125,0.125,0.125,0.125,0.125
148,148.0,148.3,0.125,0.125,0.125,0.125,0.125,0.125,0.125,0.125
149,149.0,149.3,0.125,0.125,0.125,0.125,0.125,0.125,0.125,0.125
150,150.0,150.3,0.125,0.125,0.125,0.125,0.125,0.125,0.125,0.125
151,151.0,151.3,0.125,0.125,0.125,0.125,0.125,0.125,0.125,0.125
152,152.0,152.3,0.125,0.125,0.125,0.125,0.125,0.125,0.125,0.125
153,153.0,153.3,0.125,0.125,0.125,0.125,0.125,0.125,0.125,0.125
154,154.0,154.3,0.125,0.125,0.125,0.125,0.125,0.125,0.125,0.125
155,155.0,155.3,0.125,0.125,0.125,0.125,0.125,0.125,0.125,0.125
156,156.0,156.3,0.125,0.125,0.125,0.125,0.125,0.125,0.125,0.125
157,157.0,157.3,0.125,0.125,0.125,0.125,0.125,0.125,0.125,0.125
158,158.0,158.3,0.125,0.125,0.125,0.125,0.125,0.125,0.125,0.125
159,159.0,159.3,0.125,0.125,0.125,0.125,0.125,0.125,0.125,0.125
160,160.0,160.3,0.125,0.125,0.125,0.125,0.125,0.125,0.125,0.125
161,161.0,161.3,0.125,0.125,0.125,0.125,0.125,0.125,0.125,0.125
162,162.0,162.3,0.125,0.125,0.125,0.125,0.125,0.125,0.125,0.125
163,163.0,163.3,0.125,0.125,0.125,0.125,0.125,0.125,0.125,0.125
164,164.0,164.3,0.125,0.125,0.125,0.125,0.125,0.125,0.125,0.125
165,165.0,165.3,0.125,0.125,0.125,0.125,0.125,0.125,0.125,0.125
166,166.0,166.4,0.125,0.125,0.125,0.125,0.125,0.125,0.125,0.125
167,167.0,167.4,0.125,0.125,0.125,0.125,0.125,0.125,0.125,0.125
168,168.0,168.4,0.125,0.125,0.125,0.125,0.125,0.125,0.125,0.125
169,169.0,169.4,0.125,0.125,0.125,0.125,0.125,0.125,0.125,0.125
170,170.0,170.4,0.125,0.125,0.125,0.125,0.125,0.125,0.125,0.125
171,171.0,171.4,0.125,0.125,0.125,0.125,0.125,0.125,0.125,0.125
172,172.0,172.4,0.125,0.125,0.125,0.125,0.125,0.125,0.125,0.125
173,173.0,173.4,0.125,0.125,0.125,0.125,0.125,0.125,0.125,0.125
174,174.0,174.4,0.125,0.125,0.125,0.125,0.125,0.125,0.125,0.125
175,175.0,175.4,0.125,0.125,0.125,0.125,0.125,0.125,0.125,0.125
176,176.0,176.4,0.125,0.125,0.125,0.125,0.125,0.125,0.125,0.125
177,177.0,177.4,0.125,0.125,0.125,0.125,0.125,0.125,0.125,0.125
178,178.0,178.4,0.125,0.125,0.125,0.125,0.125,0.125,0.125,0.125
179,179.0,179.4,0.125,0.125,0.125,0.125,0.125,0.125,0.125,0.125
180,180.0,180.4,0.125,0.125,0.125,0.125,0.125,0.125,0.125,0.125
181,181.0,181.4,0.125,0.125,0.125,0.125,0.125,0.125,0.125,0.125
182,182.0,182.4,0.125,0.125,0.125,0.125,0.125,0.125,0.125,0.125
183,183.0,183.4,0.125,0.125,0.125,0.125,0.125,0.125,0.125,0.125
184,184.0,184.5,0.125,0.125,0.125,0.125,0.125,0.125,0.125,0.125
185,185.0,185.5,0.125,0.125,0.125,0.125,0.125,0.125,0.125,0.125
186,186.0,186.5,0.125,0.125,0.125,0.125,0.125,0.125,0.125,0.125
187,187.0,187.5,0.125,0.125,0.125,0.125,0.125,0.125,0.125,0.125
188,188.0,188.5,0.125,0.125,0.125,0.125,0.125,0.125,0.125,0.125
189,189.0,189.5,0.125,0.125,0.125,0.125,0.125,0.125,0.125,0.125
190,190.0,190.5,0.125,0.125,0.125,0.125,0.125,0.125,0.125,0.125
191,191.0,191.5,0.125,0.125,0.125,0.125,0.125,0.125,0.125,0.125
192,192.0,192.5,0.125,0.125,0.125,0.125,0.125,0.125,0.125,0.125
193,193.0,193.5,0.125,0.125,0.125,0.125,0.125,0.125,0.125,0.125
194,194.0,194.5,0.125,0.125,0.125,0.125,0.125,0.125,0.125,0.125
195,195.0,195.5,0.125,0.125,0.125,0.125,0.125,0.125,0.125,0.125
196,196.0,196.5,0.125,0.125,0.125,0.125,0.125,0.125,0.125,0.125
197,197.0,197.5,0.125,0.125,0.125,0.125,0.125,0.125,0.125,0.125
198,198.0,198.5,0.125,0.125,0.125,0.125,0.125,0.125,0.125,0.125
199,199.0,199.5,0.125,0.125,0.125,0.125,0.125,0.125,0.125,0.125
200,200.0,200.5,0.12361111111111112,0.12361111111111112,0.12361111111111112,0.12361111111111112,0.12361111111111112,0.12361111111111112,0.13472222222222224,0.12361111111111112
201,201.0,201.5,0.12083333333333335,0.13194444444444445,0.12083333333333335,0.13194444444444448,0.12083333333333335,0.12083333333333335,0.13194444444444445,0.12083333333333335
202,202.0,202.5,0.11972222222222224,0.13083333333333333,0.11972222222222224,0.13972222222222225,0.11972222222222224,0.11972222222222224,0.13083333333333333,0.11972222222222224
203,203.0,203.5,0.11972222222222224,0.11972222222222224,0.11972222222222224,0.13972222222222225,0.13083333333333333,0.11972222222222224,0.13083333333333333,0.11972222222222224
204,204.0,204.5,0.11583333333333332,0.11583333333333332,0.11583333333333332,0.14694444444444446,0.12694444444444444,0.11583333333333332,0.13694444444444445,0.12583333333333335
205,205.0,205.5,0.11472222222222221,0.11472222222222221,0.11472222222222221,0.14583333333333331,0.13472222222222224,0.11472222222222221,0.13583333333333333,0.12472222222222222
206,206.0,206.5,0.1117929292929293,0.1117929292929293,0.1117929292929293,0.14997474747474748,0.14997474747474748,0.1117929292929293,0.13199494949494947,0.12088383838383839
207,207.0,207.5,0.10949494949494949,0.10949494949494949,0.10949494949494949,0.14585858585858585,0.15878787878787878,0.10949494949494949,0.13878787878787877,0.11858585858585857
208,208.0,208.5,0.1076262626262626,0.1076262626262626,0.1076262626262626,0.15080808080808078,0.15616161616161614,0.1076262626262626,0.1458080808080808,0.11671717171717169
209,209.0,209.5,0.09648523698523698,0.09648523698523698,0.09648523698523698,0.154527195027195,0.13528865578865576,0.09648523698523698,0.1386670551670552,0.1855761460761461
210,210.0,210.5,0.09497008547008547,0.1033034188034188,0.09497008547008547,0.15073931623931622,0.13377350427350426,0.09497008547008547,0.14397008547008547,0.1833034188034188
211,211.0,211.5,0.09406099456099455,0.10239432789432787,0.09406099456099455,0.14983022533022533,0.13286441336441335,0.09406099456099455,0.15033372183372182,0.18239432789432788
212,212.0,212.5,0.09341996891996891,0.10175330225330223,0.09341996891996891,0.15559945609945608,0.12453108003108002,0.09341996891996891,0.14841064491064487,0.18944560994560994
213,213.0,213.5,0.09230885780885781,0.10064219114219113,0.09230885780885781,0.154488344988345,0.1323088578088578,0.09230885780885781,0.14729953379953378,0.18833449883449882
214,214.0,214.5,0.0903008658008658,0.09863419913419912,0.0903008658008658,0.14863419913419912,0.1356255411255411,0.0903008658008658,0.14419264069264068,0.2020108225108225
215,215.0,215.5,0.08906709956709954,0.10406709956709954,0.08906709956709954,0.14597186147186145,0.13439177489177487,0.08906709956709954,0.14806709956709957,0.20030086580086576
216,216.0,216.5,0.08662412587412587,0.10120745920745919,0.08662412587412587,0.15329079254079253,0.12965442890442888,0.09571503496503495,0.14991899766899766,0.19696503496503495
217,217.0,217.5,0.08449357015533485,0.09870925642984466,0.09163642729819199,0.15973866819455051,0.1255920550038197,0.09282690348866818,0.15256079704609113,0.19444232238349884
218,218.0,218.5,0.08903434800493623,0.10363464966406141,0.08903434800493623,0.1606482243246949,0.1218164678458796,0.09775229672288495,0.1467719045660222,0.19130776086658435
219,219.0,219.5,0.08844719006483712,0.11019034886681942,0.08844719006483712,0.16594341932577222,0.12013040880687938,0.09606623768388473,0.14610933184462596,0.1846658733423439
220,220.0,220.5,0.08811695118298887,0.10843441150044919,0.08811695118298887,0.16081536388140158,0.10684710991314764,0.09573599880203648,0.14395402815214134,0.2079791853848457
221,221.0,221.5,0.08749721526037313,0.10752227791701471,0.08749721526037313,0.15639445836814253,0.11090573656363127,0.09511626287942074,0.1479427736006683,0.20712406015037593
222,222.0,222.5,0.09173881673881672,0.10388167388167387,0.08507215007215005,0.15007215007215008,0.11880230880230877,0.09269119769119767,0.1537085137085137,0.204033189033189
223,223.0,223.5,0.0917063492063492,0.10384920634920633,0.08503968253968253,0.15003968253968253,0.11876984126984125,0.09265873015873013,0.15361111111111111,0.2043253968253968
224,224.0,224.5,0.08417502088554721,0.10340121136173767,0.08417502088554721,0.14959168755221386,0.11832184628237259,0.09221073517126148,0.1572671261487051,0.21085735171261483
225,225.0,225.5,0.08226229258683619,0.10161803488375495,0.08226229258683619,0.14661803488375497,0.11653866980438987,0.09975656302228308,0.16314754323882114,0.20779656899332352
226,226.0,226.5,0.08018878249810453,0.09882153863086066,0.08852211583143785,0.14770140876073076,0.1145755068848289,0.09725227456159657,0.1626947746227407,0.21024359820969987
227,227.0,227.5,0.08022606334677271,0.09866119102103081,0.08855939668010604,0.15780837964476407,0.1096783171697359,0.09728955541026477,0.1619505738985144,0.20582652282881111
228,228.0,228.5,0.07967725686765932,0.09719593100398052,0.08801059020099264,0.1554426507445083,0.10894835127033267,0.09674074893115137,0.16392734286697136,0.2100571281144036
229,229.0,229.5,0.07892579487935522,0.09657020000982848,0.08725912821268855,0.15365025308368957,0.10832262027618063,0.096281684603666,0.16772558848100644,0.21126473045358493
230,230.0,230.5,0.07841782893551656,0.09525479314090184,0.0867511622688499,0.15543087436961464,0.10766080817849581,0.09577371865982734,0.17101533784018683,0.20969547660660687
231,231.0,231.5,0.07824893775657779,0.09494345181951291,0.08658227108991112,0.15397993190862458,0.10734946685710689,0.09560482748088857,0.17352655833131211,0.20976455475606576
232,232.0,232.5,0.07730158730158729,0.0941269841269841,0.08563492063492062,0.1661111111111111,0.09515873015873014,0.09492063492063489,0.17769841269841272,0.20904761904761907
233,233.0,233.5,0.07643934729064036,0.09337968664477284,0.0847726806239737,0.16699763957307062,0.09417333743842363,0.09429649014778321,0.18153222495894908,0.2084085933223864
234,234.0,234.5,0.0745399045399045,0.09158175158175154,0.08741869241869239,0.17100455100455098,0.09215895215895212,0.09261349761349756,0.18395715395715395,0.2067254967254967
235,235.0,235.5,0.07330234826728513,0.09023666842741174,0.08598350768757498,0.1816693280227642,0.09061624054611428,0.0913759413408782,0.18131586350380174,0.2055001022041695
236,236.0,236.5,0.07254477250970937,0.08947909266983597,0.09355926526333255,0.17863902499246115,0.08985866478853852,0.09061836558330243,0.180558287746226,0.20474252644659377
237,237.0,237.5,0.07234099888770082,0.08927531904782743,0.09317433222103416,0.18060916441393088,0.08947373174624011,0.0904145919612939,0.18015074050220894,0.20456112121976347
238,238.0,238.5,0.07205157669128255,0.08888509039979627,0.0927182433579492,0.17731167770138356,0.08891683643154227,0.09012516976487561,0.18168883159324337,0.208302574059927
239,239.0,239.5,0.07178172069476414,0.08852053743358089,0.09229454120758465,0.17809485200789546,0.08839843731148075,0.08985531376835722,0.1831377559638429,0.20791684161249377
240,240.0,240.5,0.07058228406054488,0.08751872925785967,0.08568199916025998,0.18101042274955317,0.08725417899330938,0.09718683892596933,0.18394907829690435,0.20681646855559896
241,241.0,241.5,0.06813940493517955,0.08525700955278416,0.0837885705843452,0.17874870304447765,0.08719026148603608,0.09602402031979493,0.18677553536708463,0.2140764947102975
242,242.0,242.5,0.0675437686873694,0.084661373304974,0.0827047992831826,0.18397803892598746,0.08657073608390198,0.09541643949482279,0.18614406538778855,0.21298077883197292
243,243.0,243.5,0.06720548995003117,0.08780539657934956,0.08209028257675928,0.18206912357552438,0.08598768024550418,0.09506647305294975,0.18742097959886664,0.21235457442101477
244,244.0,244.5,0.06765772285133313,0.08924091934832273,0.0818681043627051,0.18764922152955227,0.09692413447834637,0.08122155263856716,0.1904602447570398,0.20497810003413316
245,245.0,245.5,0.0672900757925096,0.0888732722894992,0.08113281024505804,0.19095804505896402,0.09655648741952284,0.08085390557974363,0.19009259769821626,0.2042428059164861
246,246.0,246.5,0.06184135784379165,0.08588636557918825,0.07985075896300675,0.18967599377691274,0.09335135921439465,0.07828980301564106,0.19404104287006568,0.21706331873699897
247,247.0,247.5,0.06747216079414217,0.08372111651678212,0.07793095483807555,0.18984328468229394,0.09005361442822739,0.0756676495159467,0.19383849329205363,0.22147272593247824
248,248.0,248.5,0.06646325509605501,0.08252531885760943,0.07638019799092662,0.1929216052725716,0.08885781676905471,0.07370636286547858,0.1942903364243574,0.22485510672394643
249,249.0,249.5,0.06555979757953438,0.08144597981440083,0.07498272991036146,0.19840617309038358,0.08777847772584613,0.07196957201562462,0.19206635959267535,0.2277909102711734
250,250.0,250.5,0.06460932574709662,0.08032968725693182,0.07342586008994675,0.20072537344209174,0.08666218516837709,0.07616615900671626,0.1938994050371759,0.22418200425166365
251,251.0,251.5,0.06372736201993164,0.07929112058678618,0.0719850978628068,0.20432492178157807,0.08562361849823147,0.0790657078845933,0.18934154579510615,0.2266406255709661
252,252.0,252.5,0.05816857637740488,0.08157720180215931,0.07614860709937107,0.21616373534030578,0.07476716595986542,0.07979522364072446,0.19117407399241015,0.22220541578775874
253,253.0,253.5,0.057408386692754096,0.08067667142838737,0.07481071925081527,0.21874682465494746,0.07386663558609348,0.07802911005541296,0.18956529840893224,0.2268963539226568
254,254.0,254.5,0.05721872213807695,0.08376226819775202,0.07450611216740247,0.21989642078351754,0.07361889902212479,0.0767641766835315,0.18737686148976468,0.22685653951782983
255,255.0,255.5,0.0569055013843377,0.08328932354715782,0.07384870027674731,0.22371694599262515,0.07320772513336997,0.07751478571702629,0.18506430696467008,0.22645271098406544
256,256.0,256.5,0.05667689006504795,0.0829823021928285,0.07588903667851035,0.22065936365278466,0.07295671739750684,0.07832760776839723,0.18615277572514413,0.22635530651978017
257,257.0,257.5,0.056219544528442376,0.08239681852548382,0.07507302981582555,0.21694100571754765,0.07242207105073635,0.07765070394873223,0.1936074588008359,0.22568936761239589
258,258.0,258.5,0.05578901610966497,0.08184578708760029,0.0743086224628068,0.21678766774658223,0.07191721084610711,0.07701753844643472,0.1972672163590902,0.2250669409417135
259,259.0,259.5,0.05514451882309024,0.0810877904806476,0.07064969747112601,0.22304685158256587,0.07120116916545485,0.07817375213803782,0.1985938201652487,0.22210240017382868
260,260.0,260.5,0.05445692080894212,0.08022200875938476,0.06952802438118987,0.22813246342041155,0.07037352391089992,0.07659121925903005,0.19692227038718263,0.22377356907295884
261,261.0,261.5,0.054343190956666086,0.0799945490548327,0.06923308829337195,0.22600043442242024,0.07014606420634786,0.07641001302348815,0.19785114740788495,0.22602151263498782
262,262.0,262.5,0.05418895761137584,0.07970113807036483,0.06887557474480151,0.22662467185560073,0.06992772829695507,0.07619167711409536,0.19604117921580294,0.22844907309100354
263,263.0,263.5,0.05404216532827194,0.07628448583760145,0.06853570748685112,0.22934748134590327,0.06971996040409505,0.07598390922123535,0.19796679950037893,0.2281194908756626
264,264.0,264.5,0.053801263748072224,0.07594833889514738,0.0681010844947015,0.23074378694591458,0.06940078479440179,0.0756647336115421,0.19864219586560009,0.22769781164462014
265,265.0,265.5,0.05357981943960392,0.07569249499287353,0.06984464372423019,0.23334820836640874,0.07010531127450169,0.07542348732287577,0.1983237745235415,0.22368226035596445
266,266.0,266.5,0.053500554085857945,0.07564235019824228,0.06952818736139035,0.2345219020189706,0.07093480051170101,0.06630789924614429,0.20008428318473262,0.22948002339296067
267,267.0,267.5,0.05307376281825314,0.0751831384322463,0.06992014324692104,0.23407563223842304,0.07042911943574567,0.0656456210211793,0.2015411136817597,0.2301314691254716
268,268.0,268.5,0.052805000699470916,0.07485630430417257,0.06959330911884729,0.23330581996369246,0.07450818340391996,0.06517923044389905,0.20217538040965644,0.2275767716563411
269,269.0,269.5,0.05255570216283184,0.07455163478192996,0.06558493589290097,0.23628944265170387,0.07824439211365772,0.06474877248697013,0.20278648138118277,0.22523863852882245
270,270.0,270.5,0.05229908994581828,0.07323322117406714,0.0652945062941758,0.2351330665735821,0.07769252004513072,0.06421225521192472,0.208216258038796,0.223919082716505
271,271.0,271.5,0.05536816181339506,0.07280351212906991,0.06478636587662955,0.23369239111125517,0.08081256190282557,0.06355605235422677,0.20720040664766826,0.22178054816492945
272,272.0,272.5,0.055806690940962,0.06421776551571946,0.06283516119193865,0.2333757222695841,0.07181006665022006,0.0638521313393436,0.22240608803908035,0.22569637405315152
273,273.0,273.5,0.05866759012711163,0.06385876067736287,0.06472916880843746,0.22919834215927987,0.07146103081062694,0.06343185308827676,0.22339403413057987,0.22525922019832442
274,274.0,274.5,0.05857663558046372,0.0637234798895802,0.0645240068186981,0.222308397769377,0.07133513566300069,0.06334089854162885,0.23092725387229157,0.2252641918649597
275,275.0,275.5,0.05435411214931688,0.06268424590324355,0.0634174327650214,0.23284536572655767,0.07030474864979672,0.058640477858391216,0.22968768700570244,0.22806592994196984
276,276.0,276.5,0.0437229552639769,0.052168450128589415,0.052892072911035724,0.22391871017412815,0.05979730166920566,0.056398025291988105,0.27605363080904877,0.23504885375202714
277,277.0,277.5,0.042755655778596566,0.05889356863333567,0.05180685609626675,0.2239610425957085,0.058837999847116726,0.05473432917997858,0.27501878829957704,0.23399175956941995
278,278.0,278.5,0.04231357914812879,0.058450057049312554,0.051249994321866464,0.22337055959428972,0.060946298693627235,0.05423939842688924,0.274244838572017,0.2351852741938687
279,279.0,279.5,0.04146952950245225,0.05705380094687906,0.0502942383647841,0.2235050711468896,0.06716537846350559,0.0527953931812571,0.2763110467510744,0.23140554164315758
280,280.0,280.5,0.04066901571707988,0.055693846905593924,0.04930566844580422,0.22010094371369612,0.06544265830754935,0.0514703797409503,0.2856611001434178,0.23165638702590813
281,281.0,281.5,0.04031786356612184,0.05534213633132077,0.048853059593777705,0.22278280906381037,0.06501793028320954,0.05107297412098209,0.2857477277193464,0.23086549932143102
282,282.0,282.5,0.03987841232181087,0.05490096638848259,0.048314681336827515,0.22323987933018694,0.0641628841750683,0.05058919663553636,0.2854449879678083,0.233468991844279
283,283.0,283.5,0.039569241461766866,0.05458907395616812,0.04790906862070061,0.2241796081455524,0.0637855946697167,0.05023750876868963,0.28712277191578384,0.2326071324616216
284,284.0,284.5,0.03926441919332359,0.05428066371058229,0.049510238873981,0.2245998750103205,0.06341515448744124,0.04989187017371574,0.2871448389065775,0.23189293964405797
285,285.0,285.5,0.03785568964545055,0.05466150741672302,0.047073710705021435,0.22339784024402762,0.06368557868668137,0.050738459774778887,0.2844901017392293,0.2380971117880876
286,286.0,286.5,0.0375316185390082,0.054392559749039525,0.04777717994480522,0.22316402430016122,0.06328220651549564,0.05280862022543374,0.2835876939041526,0.23745609682190358
287,287.0,287.5,0.03732056173630709,0.05421225255125835,0.04759687274702403,0.22588198962823958,0.059622873850725545,0.05253949141344112,0.28227803218781056,0.24054792588519347
288,288.0,288.5,0.03700811460750849,0.05389102798092608,0.04715500499195728,0.2282906265204873,0.059020220072088445,0.05108133432944303,0.28236608184861434,0.24118758964897474
289,289.0,289.5,0.03685485564562177,0.05376502150315606,0.04698510035790984,0.22833193372900004,0.058845012032063014,0.05087522124493473,0.2832812723161095,0.24106158317120469
290,290.0,290.5,0.03664302477386197,0.053578894094599726,0.046756347203402944,0.2281117524722009,0.05861186828732793,0.04956025374372251,0.28602723469182145,0.2407106247330623
291,291.0,291.5,0.036389640481712046,0.053409417734865273,0.0446162337946225,0.23566081705308042,0.05832066289067563,0.0473135535251903,0.2837801591701847,0.24050951534966875
292,292.0,292.5,0.03621360696452057,0.05319384446694543,0.04427975636090146,0.23705858802355295,0.05803310710041391,0.047116042344768586,0.2839562658884911,0.24014878885040564
293,293.0,293.5,0.03608727357317549,0.054086344380719464,0.04407064579359231,0.2397768964218184,0.05783461353480117,0.04479475656637278,0.2833917071593231,0.23995776257019696
294,294.0,294.5,0.035858185373911625,0.05384527610208032,0.04375524129432591,0.24238127201248552,0.057550214990100323,0.044565668367108915,0.2826555937262351,0.23938854813375202
295,295.0,295.5,0.035646458576597276,0.05362162207194711,0.0444800315017851,0.24271916949871614,0.05945894897293861,0.043333533406529255,0.281991590766479,0.23874864520500733
296,296.0,296.5,0.03541469585064927,0.053442683505966114,0.0442238282871109,0.24245878780893704,0.06012148000424193,0.04521912310188504,0.2808324979130555,0.23828690352815393
297,297.0,297.5,0.03514806146899964,0.05319329642727809,0.043865279415050556,0.2438482883757483,0.05969869942753235,0.04489806146899965,0.28164744123153734,0.23770087218485386
298,298.0,298.5,0.03491166780119531,0.05295284796963233,0.04351858311457539,0.245491527585416,0.059353344111683505,0.044651766811096304,0.281769744692841,0.23735051791355985
299,299.0,299.5,0.03463964184342176,0.05443117317530978,0.04313906658908554,0.24378783810261212,0.05893258169142575,0.04432751699348177,0.28398540195071703,0.2367567796539459
300,300.0,300.5,0.034406129291990224,0.05422390164924349,0.04286126458671704,0.24322363552243811,0.058584914093492556,0.04404366974506466,0.2862603703698218,0.23639611474123173
301,301.0,301.5,0.034157253110926426,0.05393977945108149,0.04250815551945755,0.24333012722280972,0.05819473945825051,0.04374624255285705,0.2883754573327776,0.23574824535183944
302,302.0,302.5,0.0339157791417678,0.053664176008808726,0.043399625744258465,0.24308214477706,0.05781595826793563,0.04610519989051058,0.2868956894663109,0.23512142670334754
303,303.0,303.5,0.033753237294884754,0.05345958650123396,0.04314986911834583,0.2428924082520493,0.059240494323789285,0.04587812498581018,0.2870038590296298,0.23462242049425658
304,304.0,304.5,0.033596080870268184,0.05326156972902709,0.04290777359209843,0.24314958988576665,0.05897905957143769,0.045658705555843684,0.28830680969588623,0.2341404110996717
305,305.0,305.5,0.03358240383928403,0.05321610114978598,0.043550299813755335,0.24097875217341075,0.058967445522421315,0.047361040437720395,0.28927052960489674,0.23307342745872517
306,306.0,306.5,0.033374338565271736,0.052978124609735756,0.0448465506950293,0.24076129852115144,0.05861956188278421,0.04704616579642101,0.2898458957699308,0.23252806415967528
307,307.0,307.5,0.03326872384101296,0.05288410845639757,0.04475253454169112,0.24072887331923476,0.05848147962605791,0.048161886234175354,0.28945068363743054,0.23227171034399946
308,308.0,308.5,0.03319627083835276,0.05282274936086782,0.04478042131853977,0.2413506878250237,0.059642014827956405,0.04706217305671946,0.28733758716316793,0.2338080956093719
309,309.0,309.5,0.0330103844328481,0.05265646593300753,0.04454201659444404,0.242035432012549,0.05934186062055358,0.04679479007007238,0.2881946652621437,0.23342438507438143
310,310.0,310.5,0.0328951953599834,0.052534661548540154,0.0428064602611868,0.243063829200259,0.06007912758716746,0.0466261294344823,0.2889026191279007,0.23309197748047988
311,311.0,311.5,0.03282708947899859,0.05240189678683953,0.04264889391218461,0.24010339265869032,0.06149566994400886,0.04648991767251266,0.29134262470261607,0.23269051484414915
312,312.0,312.5,0.034406247708858084,0.057163707937255184,0.04422670551427145,0.23596683195185847,0.056338835130439954,0.04965878006462392,0.28825178217563935,0.2339871095170533
313,313.0,313.5,0.03371547100803379,0.054827396086222835,0.043465998743517094,0.23832070336302041,0.055551687323196965,0.048277226662975334,0.2928436903555962,0.23299782645743705
314,314.0,314.5,0.033048576511748404,0.05356051546198369,0.04271395461542284,0.23959424190949488,0.053143472402664226,0.04700401226368944,0.29891955045516505,0.2320156763798312
315,315.0,315.5,0.03306790438119249,0.05624469300159379,0.04272384021603513,0.24035237214094374,0.046461150568556334,0.04693709496237811,0.29670120936659705,0.23751173536270306
316,316.0,316.5,0.03294470093820413,0.05603050134284512,0.04250009723273086,0.24029586481110715,0.04769241967143013,0.04673015863670533,0.29668013807943844,0.23712611928753854
317,317.0,317.5,0.03274582273729755,0.05584092756300766,0.04231052345289339,0.24131047900016353,0.04749354147052353,0.03932779764408064,0.3032546825343073,0.23771622559772596
318,318.0,318.5,0.03215172125825226,0.054679447157287245,0.04198053997239874,0.24331053176697592,0.04689981305149215,0.04017788896576764,0.3061328538583418,0.2346672039694838
319,319.0,319.5,0.0319504310515414,0.05579965271912542,0.04166724843601978,0.24050812588596532,0.04660987761331046,0.03989921446811516,0.31061590223837254,0.23294954758754965
320,320.0,320.5,0.03174996927720127,0.055509633090085574,0.041416352437652876,0.24172099631129768,0.04632986724888109,0.03960088927977666,0.31107536216708237,0.2325969301880221
321,321.0,321.5,0.03165481832563182,0.05532728856556657,0.041272059663514396,0.24199980848479155,0.046157367652159276,0.03941058737663774,0.31052239252038044,0.23365567741131793
322,322.0,322.5,0.03147314138739546,0.048394022978766355,0.041042484068075404,0.24378668737019274,0.045900451915904604,0.03913636005987979,0.31621922238073874,0.2340476298390465
323,323.0,323.5,0.030900403530653042,0.047828636925150395,0.04047709801445944,0.2431417408444692,0.04532657194075124,0.03849158462650705,0.3196989374803073,0.23413502663770197
324,324.0,324.5,0.030421097701846415,0.04629059958552785,0.039900864544735744,0.24505352286041887,0.050688783806005465,0.03793296051495658,0.3150703080738574,0.2346418629126513
325,325.0,325.5,0.03018967162525431,0.04600472852999084,0.039614814059845946,0.24386974759341298,0.05032441462768837,0.03892269042067095,0.3162388081574771,0.2348351249856592
326,326.0,326.5,0.02970816136811964,0.045444356385989385,0.04042195159914365,0.24124001926683092,0.04944674642782892,0.03834050287237391,0.31796316272875447,0.2374350993509588
327,327.0,327.5,0.029337089115748387,0.045062085925331466,0.04003968113848573,0.24062229929860704,0.04878327651463895,0.03795823241171599,0.3205372192557785,0.23766011633969358
328,328.0,328.5,0.029014702764805205,0.04469277706263274,0.03977537432181632,0.24370986477510087,0.048189661647912954,0.03753798173354654,0.320766624733566,0.23631301296061907
329,329.0,329.5,0.02863645433231755,0.04425047431892225,0.03934844039760521,0.24487528957778198,0.04880617544403165,0.037075081938592755,0.32149041105618503,0.2355176729345633
330,330.0,330.5,0.02835215729403891,0.04292312795372448,0.039014752960443815,0.24736557933921235,0.047342914474137375,0.03802216286697653,0.3214229932640412,0.23555631184742504
331,331.0,331.5,0.028143518013102047,0.042673768118740026,0.03869077777159744,0.24848556496300572,0.04697244648795408,0.037707209256897925,0.3217008738306787,0.23562584155802374
332,332.0,332.5,0.027906687579967348,0.04236165915504223,0.03840878022012488,0.2485748914390169,0.04646111475522087,0.03826903634375518,0.32360794408296667,0.23440988642390578
333,333.0,333.5,0.02637758622023641,0.04208786090833518,0.042301648640084503,0.2492239219367936,0.04600044826276906,0.03898318926583113,0.32050451719900735,0.2345208275669425
334,334.0,334.5,0.026116112708163663,0.045816080243098134,0.04184737852337066,0.24890290769957182,0.045540662514409386,0.03862198752337915,0.31854089627637844,0.2346139745116287
335,335.0,335.5,0.026024642450026718,0.045714508974860193,0.04173037515636727,0.248753637216968,0.04541832805874158,0.03843315475121304,0.3190664293852449,0.23485892400657815
336,336.0,336.5,0.025807431411323987,0.045343451782311306,0.04135931796381839,0.2495871835457423,0.04503221516008008,0.03818583230028507,0.31971346220265595,0.23497110563378273
337,337.0,337.5,0.025650288350860327,0.045043858579397494,0.04105972476090458,0.2495026235002654,0.04471792903915275,0.037999303403794385,0.3213151602184004,0.23471111214722445
338,338.0,338.5,0.025432459966731158,0.04346434187777223,0.04068466454828865,0.25040807482982175,0.044338426730003586,0.037687819747864844,0.3231849499118554,0.23479926238766216
339,339.0,339.5,0.025211882724930607,0.04305213340151977,0.04027245607203619,0.25059284574535234,0.043907226586534946,0.03734635300543843,0.3248647705609457,0.2347523319032417
340,340.0,340.5,0.02505457413236962,0.04272250993369416,0.039942832604210596,0.25101655577486615,0.043549580141516234,0.037089969198594475,0.3262394588310519,0.2343845193836966
341,341.0,341.5,0.024963312399950616,0.042575225792311586,0.039795548462828,0.25226790353705,0.04337492498757466,0.036894580523518405,0.32638763924524045,0.23374086505152597
342,342.0,342.5,0.024845082056887187,0.0422594818566332,0.03858049223654832,0.2518164648576938,0.04312060738197031,0.036690644212827986,0.3288804828573111,0.2338067445401278
343,343.0,343.5,0.025529606109568205,0.041890425525827626,0.03817616875709171,0.25195435931932525,0.04263724963847339,0.036339408726012115,0.32977708536576433,0.23369569655793715
344,344.0,344.5,0.025413116793138273,0.04176495717205901,0.03801608635001745,0.2520529832500779,0.04351081121705223,0.03613264236560502,0.32859436945699494,0.2345150333950549
345,345.0,345.5,0.025166513559703018,0.041415058112271017,0.03763220835716797,0.25218843187654405,0.043038776669444785,0.03579777845402146,0.33036231428883706,0.23439891868201035
346,346.0,346.5,0.02504420516996836,0.04119370159119666,0.0374108518360936,0.252128008932256,0.04274103059313705,0.03566919095023363,0.330278839465172,0.2355341714619424
347,347.0,347.5,0.024803753521298717,0.0408517705449255,0.03703555965554388,0.25402596296380714,0.04229041844305412,0.035323699525115694,0.3302826893070795,0.23538614603917515
348,348.0,348.5,0.02468906025763946,0.04060993389325328,0.03679372300387165,0.2533201074083499,0.042013759154279406,0.03512640531570606,0.33128761510386473,0.2361593958630352
349,349.0,349.5,0.02450570149149797,0.041355800284948445,0.03649672835270577,0.25136830843858043,0.041633540332865315,0.03593748042752138,0.33186578747761397,0.23683665319426633
350,350.0,350.5,0.029994607943341956,0.03566763748559827,0.041929777674567736,0.26386817093912934,0.047065251634858016,0.0413375506793418,0.31986656625601806,0.22027043738714455
351,351.0,351.5,0.029797865990711235,0.03441620170972186,0.04068824288879032,0.2608222246291728,0.04580048980633156,0.041094420241278004,0.3282255510966714,0.2191550036373226
352,352.0,352.5,0.027833339742330137,0.033227886104746314,0.048600543227762125,0.2610500043346082,0.047230724279289975,0.03992285599156439,0.32396783783064687,0.2181668084890518
353,353.0,353.5,0.027752057632525896,0.03406500408443439,0.04847630579149741,0.26127205760427347,0.04708422703829264,0.041459982277461345,0.32345902934045767,0.21643133623105695
354,354.0,354.5,0.02684052244082949,0.03302524317258855,0.04669763977181442,0.2607042924957647,0.04507296083877312,0.040408393847683945,0.32979007020671225,0.21746087722583315
