,Unnamed: 0,Total_iterations,Intertwine_two,Invert_path_vertices,Insert_inside_vertex,Delete_inside_vertex,Replace_inside_vertex,Donate_between_routes,Trim_one_terminal_cb,Grow_one_terminal_cb
0,0.0,0.0,0.125,0.125,0.125,0.125,0.125,0.125,0.125,0.125
1,1.0,0.10900000000000001,0.125,0.125,0.125,0.125,0.125,0.125,0.125,0.125
2,2.0,0.31601,0.125,0.125,0.125,0.125,0.125,0.125,0.125,0.125
3,3.0,0.6191589000000001,0.125,0.125,0.125,0.125,0.125,0.125,0.125,0.125
4,4.0,1.015801321,0.125,0.125,0.125,0.125,0.125,0.125,0.125,0.125
5,5.0,1.50262148669,0.125,0.125,0.125,0.125,0.125,0.125,0.125,0.125
6,6.0,2.0757334209441005,0.125,0.125,0.125,0.125,0.125,0.125,0.125,0.125
7,7.0,2.7307768275633495,0.125,0.125,0.125,0.125,0.125,0.125,0.125,0.125
8,8.0,3.4630081252450404,0.125,0.125,0.125,0.125,0.125,0.125,0.125,0.125
9,9.0,4.2673862119061114,0.125,0.125,0.125,0.125,0.125,0.125,0.125,0.125
10,10.0,5.138652627782014,0.125,0.125,0.125,0.125,0.125,0.125,0.125,0.125
11,11.0,6.071405875792507,0.125,0.125,0.125,0.125,0.125,0.125,0.125,0.125
12,12.0,7.060169740244025,0.125,0.125,0.125,0.125,0.125,0.125,0.125,0.125
13,13.0,8.099455520847952,0.125,0.125,0.125,0.125,0.125,0.125,0.125,0.125
14,14.0,9.183818168183006,0.125,0.125,0.125,0.125,0.125,0.125,0.125,0.125
15,15.0,10.307906369102724,0.125,0.125,0.125,0.125,0.125,0.125,0.125,0.125
16,16.0,11.466506686239443,0.125,0.125,0.125,0.125,0.125,0.125,0.125,0.125
17,17.0,12.654581904800096,0.125,0.125,0.125,0.125,0.125,0.125,0.125,0.125
18,18.0,13.867303782456686,0.125,0.125,0.125,0.125,0.125,0.125,0.125,0.125
19,19.0,15.100080434523047,0.125,0.125,0.125,0.125,0.125,0.125,0.125,0.125
20,20.0,16.348578617037543,0.125,0.125,0.125,0.125,0.125,0.125,0.125,0.125
21,21.0,17.608741195130214,0.125,0.125,0.125,0.125,0.125,0.125,0.125,0.125
22,22.0,18.876800103462312,0.125,0.125,0.125,0.125,0.125,0.125,0.125,0.125
23,23.0,20.14928511992658,0.125,0.125,0.125,0.125,0.125,0.125,0.125,0.125
24,24.0,21.423028783545156,0.125,0.125,0.125,0.125,0.125,0.125,0.125,0.125
25,25.0,22.695167792966423,0.125,0.125,0.125,0.125,0.125,0.125,0.125,0.125
26,26.0,23.963141223515898,0.125,0.125,0.125,0.125,0.125,0.125,0.125,0.125
27,27.0,25.224685898775267,0.125,0.125,0.125,0.125,0.125,0.125,0.125,0.125
28,28.0,26.477829247520948,0.125,0.125,0.125,0.125,0.125,0.125,0.125,0.125
29,29.0,27.720879968916847,0.125,0.125,0.125,0.125,0.125,0.125,0.125,0.125
30,30.0,28.95241681848399,0.125,0.125,0.125,0.125,0.125,0.125,0.125,0.125
31,31.0,30.17127581490958,0.125,0.125,0.125,0.125,0.125,0.125,0.125,0.125
32,32.0,31.376536153543515,0.125,0.125,0.125,0.125,0.125,0.125,0.125,0.125
33,33.0,32.567505096778625,0.125,0.125,0.125,0.125,0.125,0.125,0.125,0.125
34,34.0,33.74370209472243,0.125,0.125,0.125,0.125,0.125,0.125,0.125,0.125
35,35.0,34.90484237192463,0.125,0.125,0.125,0.125,0.125,0.125,0.125,0.125
36,36.0,36.05082019768737,0.125,0.125,0.125,0.125,0.125,0.125,0.125,0.125
37,37.0,37.18169203889697,0.125,0.125,0.125,0.125,0.125,0.125,0.125,0.125
38,38.0,38.29765977559663,0.125,0.125,0.125,0.125,0.125,0.125,0.125,0.125
39,39.0,39.399054140870355,0.125,0.125,0.125,0.125,0.125,0.125,0.125,0.125
40,40.0,40.48631852820801,0.125,0.125,0.125,0.125,0.125,0.125,0.125,0.125
41,41.0,41.55999329152982,0.125,0.125,0.125,0.125,0.125,0.125,0.125,0.125
42,42.0,42.62070064560415,0.125,0.125,0.125,0.125,0.125,0.125,0.125,0.125
43,43.0,43.669130257815,0.125,0.125,0.125,0.125,0.125,0.125,0.125,0.125
44,44.0,44.70602560622662,0.125,0.125,0.125,0.125,0.125,0.125,0.125,0.125
45,45.0,45.73217116373481,0.125,0.125,0.125,0.125,0.125,0.125,0.125,0.125
46,46.0,46.748380453854836,0.125,0.125,0.125,0.125,0.125,0.125,0.125,0.125
47,47.0,47.755485010424316,0.125,0.125,0.125,0.125,0.125,0.125,0.125,0.125
48,48.0,48.7543242612326,0.125,0.125,0.125,0.125,0.125,0.125,0.125,0.125
49,49.0,49.745736344347726,0.125,0.125,0.125,0.125,0.125,0.125,0.125,0.125
50,50.0,50.730549855707864,0.125,0.125,0.125,0.125,0.125,0.125,0.125,0.125
51,51.0,51.70957651737491,0.125,0.125,0.125,0.125,0.125,0.125,0.125,0.125
52,52.0,52.68360474770151,0.125,0.125,0.125,0.125,0.125,0.125,0.125,0.125
53,53.0,53.65339410751842,0.125,0.125,0.125,0.125,0.125,0.125,0.125,0.125
54,54.0,54.61967059027847,0.125,0.125,0.125,0.125,0.125,0.125,0.125,0.125
55,55.0,55.58312271885972,0.125,0.125,0.125,0.125,0.125,0.125,0.125,0.125
56,56.0,56.544398407394254,0.125,0.125,0.125,0.125,0.125,0.125,0.125,0.125
57,57.0,57.504102543001395,0.125,0.125,0.125,0.125,0.125,0.125,0.125,0.125
58,58.0,58.462795239617805,0.125,0.125,0.125,0.125,0.125,0.125,0.125,0.125
59,59.0,59.42099071417639,0.125,0.125,0.125,0.125,0.125,0.125,0.125,0.125
60,60.0,60.379156734137354,0.125,0.125,0.125,0.125,0.125,0.125,0.125,0.125
61,61.0,61.337714584760846,0.125,0.125,0.125,0.125,0.125,0.125,0.125,0.125
62,62.0,62.29703950447439,0.125,0.125,0.125,0.125,0.125,0.125,0.125,0.125
63,63.0,63.257461537171835,0.125,0.125,0.125,0.125,0.125,0.125,0.125,0.125
64,64.0,64.21926675122782,0.125,0.125,0.125,0.125,0.125,0.125,0.125,0.125
65,65.0,65.18269877636592,0.125,0.125,0.125,0.125,0.125,0.125,0.125,0.125
66,66.0,66.14796061122655,0.125,0.125,0.125,0.125,0.125,0.125,0.125,0.125
67,67.0,67.11521665648885,0.125,0.125,0.125,0.125,0.125,0.125,0.125,0.125
68,68.0,68.08459493066005,0.125,0.125,0.125,0.125,0.125,0.125,0.125,0.125
69,69.0,69.05618942810752,0.125,0.125,0.125,0.125,0.125,0.125,0.125,0.125
70,70.0,70.03006258152917,0.125,0.125,0.125,0.125,0.125,0.125,0.125,0.125
71,71.0,71.00624779379335,0.125,0.125,0.125,0.125,0.125,0.125,0.125,0.125
72,72.0,71.98475200689319,0.125,0.125,0.125,0.125,0.125,0.125,0.125,0.125
73,73.0,72.96555827861411,0.125,0.125,0.125,0.125,0.125,0.125,0.125,0.125
74,74.0,73.94862834037681,0.125,0.125,0.125,0.125,0.125,0.125,0.125,0.125
75,75.0,74.93390511255946,0.125,0.125,0.125,0.125,0.125,0.125,0.125,0.125
76,76.0,75.92131515639825,0.125,0.125,0.125,0.125,0.125,0.125,0.125,0.125
77,77.0,76.91077104428919,0.125,0.125,0.125,0.125,0.125,0.125,0.125,0.125
78,78.0,77.90217363294813,0.125,0.125,0.125,0.125,0.125,0.125,0.125,0.125
79,79.0,78.89541422641172,0.125,0.125,0.125,0.125,0.125,0.125,0.125,0.125
80,80.0,79.89037661826481,0.125,0.125,0.125,0.125,0.125,0.125,0.125,0.125
81,81.0,80.88693900474995,0.125,0.125,0.125,0.125,0.125,0.125,0.125,0.125
82,82.0,81.88497576253909,0.125,0.125,0.125,0.125,0.125,0.125,0.125,0.125
83,83.0,82.88435908692391,0.125,0.125,0.125,0.125,0.125,0.125,0.125,0.125
84,84.0,83.88496048800103,0.125,0.125,0.125,0.125,0.125,0.125,0.125,0.125
85,85.0,84.88665214409042,0.125,0.125,0.125,0.125,0.125,0.125,0.125,0.125
86,86.0,85.88930811312994,0.125,0.125,0.125,0.125,0.125,0.125,0.125,0.125
87,87.0,86.89280540413424,0.125,0.125,0.125,0.125,0.125,0.125,0.125,0.125
88,88.0,87.89702491199675,0.125,0.125,0.125,0.125,0.125,0.125,0.125,0.125
89,89.0,88.90185221995306,0.125,0.125,0.125,0.125,0.125,0.125,0.125,0.125
90,90.0,89.91717827491419,0.125,0.125,0.125,0.125,0.125,0.125,0.125,0.125
91,91.0,90.94279994163008,0.125,0.125,0.125,0.125,0.125,0.125,0.125,0.125
92,92.0,91.96843144225808,0.125,0.125,0.125,0.125,0.125,0.125,0.125,0.125
93,93.0,92.99381547840068,0.125,0.125,0.125,0.125,0.125,0.125,0.125,0.125
94,94.0,94.01872295614503,0.125,0.125,0.125,0.125,0.125,0.125,0.125,0.125
95,95.0,95.05295245655348,0.125,0.125,0.125,0.125,0.125,0.125,0.125,0.125
96,96.0,96.08622948235556,0.125,0.125,0.125,0.125,0.125,0.125,0.125,0.125
97,97.0,97.11831651075389,0.125,0.125,0.125,0.125,0.125,0.125,0.125,0.125
98,98.0,98.14901167120483,0.125,0.125,0.125,0.125,0.125,0.125,0.125,0.125
99,99.0,99.17814719889864,0.125,0.125,0.125,0.125,0.125,0.125,0.125,0.125
100,100.0,100.20558770183408,0.125,0.125,0.125,0.125,0.125,0.125,0.125,0.125
101,101.0,101.23122827745763,0.125,0.125,0.125,0.125,0.125,0.125,0.125,0.125
102,102.0,102.25499251274427,0.125,0.125,0.125,0.125,0.125,0.125,0.125,0.125
103,103.0,103.27683039937477,0.125,0.125,0.125,0.125,0.125,0.125,0.125,0.125
104,104.0,104.29671619334849,0.125,0.125,0.125,0.125,0.125,0.125,0.125,0.125
105,105.0,105.31464624599134,0.125,0.125,0.125,0.125,0.125,0.125,0.125,0.125
106,106.0,106.33063683091,0.125,0.125,0.125,0.125,0.125,0.125,0.125,0.125
107,107.0,107.34472198902769,0.125,0.125,0.125,0.125,0.125,0.125,0.125,0.125
108,108.0,108.35695141144335,0.125,0.125,0.125,0.125,0.125,0.125,0.125,0.125
109,109.0,109.367388377503,0.125,0.125,0.125,0.125,0.125,0.125,0.125,0.125
110,110.0,110.37610776318166,0.125,0.125,0.125,0.125,0.125,0.125,0.125,0.125
111,111.0,111.38319413266063,0.125,0.125,0.125,0.125,0.125,0.125,0.125,0.125
112,112.0,112.3887399238651,0.125,0.125,0.125,0.125,0.125,0.125,0.125,0.125
113,113.0,113.39284373671047,0.125,0.125,0.125,0.125,0.125,0.125,0.125,0.125
114,114.0,114.3956087309042,0.125,0.125,0.125,0.125,0.125,0.125,0.125,0.125
115,115.0,115.39714113836952,0.125,0.125,0.125,0.125,0.125,0.125,0.125,0.125
116,116.0,116.39754889370461,0.125,0.125,0.125,0.125,0.125,0.125,0.125,0.125
117,117.0,117.39694038456915,0.125,0.125,0.125,0.125,0.125,0.125,0.125,0.125
118,118.0,118.39542332250154,0.125,0.125,0.125,0.125,0.125,0.125,0.125,0.125
119,119.0,119.39310373341567,0.125,0.125,0.125,0.125,0.125,0.125,0.125,0.125
120,120.0,120.39008506590424,0.125,0.125,0.125,0.125,0.125,0.125,0.125,0.125
121,121.0,121.38646741448491,0.125,0.125,0.125,0.125,0.125,0.125,0.125,0.125
122,122.0,122.38234685406266,0.125,0.125,0.125,0.125,0.125,0.125,0.125,0.125
123,123.0,123.377814881142,0.125,0.125,0.125,0.125,0.125,0.125,0.125,0.125
124,124.0,124.37295795670198,0.125,0.125,0.125,0.125,0.125,0.125,0.125,0.125
125,125.0,125.36785714513897,0.125,0.125,0.125,0.125,0.125,0.125,0.125,0.125
126,126.0,126.36258784328085,0.125,0.125,0.125,0.125,0.125,0.125,0.125,0.125
127,127.0,127.35721959317574,0.125,0.125,0.125,0.125,0.125,0.125,0.125,0.125
128,128.0,128.35181597214938,0.125,0.125,0.125,0.125,0.125,0.125,0.125,0.125
129,129.0,129.34643455350417,0.125,0.125,0.125,0.125,0.125,0.125,0.125,0.125
130,130.0,130.34112693118846,0.125,0.125,0.125,0.125,0.125,0.125,0.125,0.125
131,131.0,131.33593880179242,0.125,0.125,0.125,0.125,0.125,0.125,0.125,0.125
132,132.0,132.33091009731805,0.125,0.125,0.125,0.125,0.125,0.125,0.125,0.125
133,133.0,133.32607516231795,0.125,0.125,0.125,0.125,0.125,0.125,0.125,0.125
134,134.0,134.32146296919467,0.125,0.125,0.125,0.125,0.125,0.125,0.125,0.125
135,135.0,135.31709736569178,0.125,0.125,0.125,0.125,0.125,0.125,0.125,0.125
136,136.0,136.31299734888228,0.125,0.125,0.125,0.125,0.125,0.125,0.125,0.125
137,137.0,137.30917736026487,0.125,0.125,0.125,0.125,0.125,0.125,0.125,0.125
138,138.0,138.30564759690657,0.125,0.125,0.125,0.125,0.125,0.125,0.125,0.125
139,139.0,139.30241433391504,0.125,0.125,0.125,0.125,0.125,0.125,0.125,0.125
140,140.0,140.2994802538835,0.125,0.125,0.125,0.125,0.125,0.125,0.125,0.125
141,141.0,141.2968447793163,0.125,0.125,0.125,0.125,0.125,0.125,0.125,0.125
142,142.0,142.29450440441263,0.125,0.125,0.125,0.125,0.125,0.125,0.125,0.125
143,143.0,143.29245302295524,0.125,0.125,0.125,0.125,0.125,0.125,0.125,0.125
144,144.0,144.29068224941403,0.125,0.125,0.125,0.125,0.125,0.125,0.125,0.125
145,145.0,145.2891817307328,0.125,0.125,0.125,0.125,0.125,0.125,0.125,0.125
146,146.0,146.28793944661234,0.125,0.125,0.125,0.125,0.125,0.125,0.125,0.125
147,147.0,147.2869419964378,0.125,0.125,0.125,0.125,0.125,0.125,0.125,0.125
148,148.0,148.28617487131635,0.125,0.125,0.125,0.125,0.125,0.125,0.125,0.125
149,149.0,149.2856227099939,0.125,0.125,0.125,0.125,0.125,0.125,0.125,0.125
150,150.0,150.28526953770375,0.125,0.125,0.125,0.125,0.125,0.125,0.125,0.125
151,151.0,151.28509898726557,0.125,0.125,0.125,0.125,0.125,0.125,0.125,0.125
152,152.0,152.28509450199854,0.125,0.125,0.125,0.125,0.125,0.125,0.125,0.125
153,153.0,153.28523952023826,0.125,0.125,0.125,0.125,0.125,0.125,0.125,0.125
154,154.0,154.2855176414516,0.125,0.125,0.125,0.125,0.125,0.125,0.125,0.125
155,155.0,155.28591277412912,0.125,0.125,0.125,0.125,0.125,0.125,0.125,0.125
156,156.0,156.28640926579757,0.125,0.125,0.125,0.125,0.125,0.125,0.125,0.125
157,157.0,157.2869920156412,0.125,0.125,0.125,0.125,0.125,0.125,0.125,0.125
158,158.0,158.28764657034407,0.125,0.125,0.125,0.125,0.125,0.125,0.125,0.125
159,159.0,159.2883592038732,0.125,0.125,0.125,0.125,0.125,0.125,0.125,0.125
160,160.0,160.28911698201068,0.125,0.125,0.125,0.125,0.125,0.125,0.125,0.125
161,161.0,161.2899078125143,0.125,0.125,0.125,0.125,0.125,0.125,0.125,0.125
162,162.0,162.2907204818424,0.125,0.125,0.125,0.125,0.125,0.125,0.125,0.125
163,163.0,163.29154467941933,0.125,0.125,0.125,0.125,0.125,0.125,0.125,0.125
164,164.0,164.29237101044436,0.125,0.125,0.125,0.125,0.125,0.125,0.125,0.125
165,165.0,165.29319099826245,0.125,0.125,0.125,0.125,0.125,0.125,0.125,0.125
166,166.0,166.30399707731607,0.125,0.125,0.125,0.125,0.125,0.125,0.125,0.125
167,167.0,167.3146825776912,0.125,0.125,0.125,0.125,0.125,0.125,0.125,0.125
168,168.0,168.3251527022519,0.125,0.125,0.125,0.125,0.125,0.125,0.125,0.125
169,169.0,169.335324287334,0.125,0.125,0.125,0.125,0.125,0.125,0.125,0.125
170,170.0,170.34512547103455,0.125,0.125,0.125,0.125,0.125,0.125,0.125,0.125
171,171.0,171.3544952816547,0.125,0.125,0.125,0.125,0.125,0.125,0.125,0.125
172,172.0,172.3633831583963,0.125,0.125,0.125,0.125,0.125,0.125,0.125,0.125
173,173.0,173.37174841587975,0.125,0.125,0.125,0.125,0.125,0.125,0.125,0.125
174,174.0,174.3795596634561,0.125,0.125,0.125,0.125,0.125,0.125,0.125,0.125
175,175.0,175.38679418964023,0.125,0.125,0.125,0.125,0.125,0.125,0.125,0.125
176,176.0,176.39343732130953,0.125,0.125,0.125,0.125,0.125,0.125,0.125,0.125
177,177.0,177.39948176659885,0.125,0.125,0.125,0.125,0.125,0.125,0.125,0.125
178,178.0,178.40492694969322,0.125,0.125,0.125,0.125,0.125,0.125,0.125,0.125
179,179.0,179.40977834498122,0.125,0.125,0.125,0.125,0.125,0.125,0.125,0.125
180,180.0,180.4140468172906,0.125,0.125,0.125,0.125,0.125,0.125,0.125,0.125
181,181.0,181.41774797419612,0.125,0.125,0.125,0.125,0.125,0.125,0.125,0.125
182,182.0,182.42090153566917,0.125,0.125,0.125,0.125,0.125,0.125,0.125,0.125
183,183.0,183.42353072563822,0.125,0.125,0.125,0.125,0.125,0.125,0.125,0.125
184,184.0,184.43566168935396,0.125,0.125,0.125,0.125,0.125,0.125,0.125,0.125
185,185.0,185.44722293980462,0.125,0.125,0.125,0.125,0.125,0.125,0.125,0.125
186,186.0,186.45815583581214,0.125,0.125,0.125,0.125,0.125,0.125,0.125,0.125
187,187.0,187.4684138838608,0.125,0.125,0.125,0.125,0.125,0.125,0.125,0.125
188,188.0,188.47796198826597,0.125,0.125,0.125,0.125,0.125,0.125,0.125,0.125
189,189.0,189.48677566234798,0.125,0.125,0.125,0.125,0.125,0.125,0.125,0.125
190,190.0,190.49484021239832,0.125,0.125,0.125,0.125,0.125,0.125,0.125,0.125
191,191.0,191.50214990531964,0.125,0.125,0.125,0.125,0.125,0.125,0.125,0.125
192,192.0,192.5087071298956,0.125,0.125,0.125,0.125,0.125,0.125,0.125,0.125
193,193.0,193.51452156071505,0.125,0.125,0.125,0.125,0.125,0.125,0.125,0.125
194,194.0,194.5196093328454,0.125,0.125,0.125,0.125,0.125,0.125,0.125,0.125
195,195.0,195.52399223443425,0.125,0.125,0.125,0.125,0.125,0.125,0.125,0.125
196,196.0,196.52769692351987,0.125,0.125,0.125,0.125,0.125,0.125,0.125,0.125
197,197.0,197.53075417446175,0.125,0.125,0.125,0.125,0.125,0.125,0.125,0.125
198,198.0,198.5331981585648,0.125,0.125,0.125,0.125,0.125,0.125,0.125,0.125
199,199.0,199.53506576267193,0.125,0.125,0.125,0.125,0.125,0.125,0.125,0.125
200,200.0,200.53639594874164,0.12486111111111112,0.12486111111111112,0.12486111111111112,0.12486111111111112,0.12486111111111112,0.12486111111111112,0.12597222222222224,0.12486111111111112
201,201.0,201.53722915671693,0.12444583333333335,0.12555694444444446,0.12444583333333335,0.12555694444444446,0.12444583333333335,0.12444583333333335,0.12665694444444445,0.12444583333333335
202,202.0,202.53760675232752,0.12392484722222225,0.12613595833333335,0.12392484722222225,0.12702484722222226,0.12392484722222225,0.12392484722222225,0.12721495833333332,0.12392484722222225
203,203.0,203.53757052085376,0.12341393347222226,0.12559293347222225,0.12341393347222226,0.12847293347222227,0.12452504458333337,0.12341393347222226,0.1277533545833333,0.12341393347222226
204,204.0,204.53716220731883,0.12252830509583337,0.12465661509583338,0.12252830509583337,0.13061092620694448,0.12473941620694448,0.12252830509583337,0.12887982210694443,0.12352830509583337
205,205.0,205.53642310306424,0.12155317872834726,0.12361458462834726,0.12155317872834726,0.13258734373945835,0.12573217872834727,0.12155317872834726,0.12986317799045832,0.12354317872834726
206,206.0,206.53539367820446,0.1203143261396192,0.12229490429061922,0.1203143261396192,0.134912720828801,0.12824081795780107,0.1203143261396192,0.13042406145521118,0.12318451704871014
207,207.0,207.5341132590486,0.11888434686149908,0.1207723742568891,0.11888434686149908,0.1367445643140527,0.13159724569079206,0.11888434686149908,0.13162385838317905,0.12260891677059002
208,208.0,208.53261974921787,0.1173166028506568,0.1191024542920439,0.1173166028506568,0.13897931316117407,0.13462731071882858,0.1173166028506568,0.13347733602441733,0.12186377725156591
209,209.0,209.53094939287803,0.11469462727455224,0.11637066184292286,0.11469462727455224,0.14148078622196378,0.13548241626119326,0.11469462727455224,0.1345546707852659,0.1280275830649977
210,210.0,210.5291365782434,0.11200124020164982,0.11439501257195524,0.11200124020164982,0.14348378818593896,0.13609855849308095,0.11200124020164982,0.13609569894415052,0.13392322119992509
211,211.0,211.5272136792898,0.10931597119781292,0.11241510319948993,0.10931597119781292,0.1452681361431413,0.136538926868675,0.10931597119781292,0.13819773178876965,0.13963218840648556
212,212.0,212.52521093343861,0.10668257676388895,0.11046887444711696,0.10668257676388895,0.14749659327341733,0.1360651799383337,0.10668257676388895,0.14001861355706868,0.14590300849239662
213,213.0,213.52315635283819,0.10406878458380708,0.10851900173693205,0.10406878458380708,0.14947212220781503,0.13630124447973177,0.10406878458380708,0.1416302163509625,0.15187106147313761
214,214.0,214.52107566676943,0.1013979731531847,0.106484548991019,0.1013979731531847,0.15071484589116366,0.13680544703194963,0.1013979731531847,0.1428266627292633,0.1589745758970505
215,215.0,215.51899229263987,0.09875989516872476,0.10511832806441909,0.09875989516872476,0.151546256972374,0.137124053646505,0.09875989516872476,0.14430457013681372,0.16562710567371414
216,216.0,216.51692733299686,0.09604439965739717,0.10359225290954197,0.09604439965739717,0.15297067609735132,0.13690974221332294,0.09695349056648808,0.14585750190810176,0.17162753699039984
217,217.0,217.51489959598817,0.09329319538749052,0.10194511705537027,0.09400748110177624,0.15490064203964113,0.13623807140030922,0.09502652872082387,0.14755993539757928,0.17702902889700972
218,218.0,218.51292563672047,0.09118319307721312,0.10092287550378214,0.091890335934356,0.15677694726226546,0.13514954878883795,0.0937628061308262,0.1485632449065873,0.18175104839613204
219,219.0,219.51101981701237,0.08920398675323078,0.10068554576923143,0.08989762961037367,0.1590338542333594,0.1338679417251842,0.09249674480184886,0.14938205278914923,0.18543224431762262
220,220.0,220.50919438110495,0.08738210920657792,0.10039140330247465,0.08805666563514938,0.160621360613831,0.13124879014933963,0.0913599606464048,0.14987072230476128,0.19106898814146153
221,221.0,221.5074595449772,0.08568779424209289,0.10011589180602984,0.08633842732066435,0.16160996583760526,0.12905339959376594,0.09031864169579987,0.15065023247213863,0.1962256470319034
222,222.0,222.50582359701244,0.0846051651320835,0.09957793491680528,0.0845610941982026,0.16181532463470819,0.12768572868731604,0.08918692433326936,0.15190129104484806,0.2006665370527671
223,223.0,223.50429300787403,0.08369888869589565,0.09913356435290512,0.08296335819347973,0.16187946905322848,0.1263627439194143,0.08820017468732441,0.15303557572718296,0.20472622537056945
224,224.0,224.50287254757075,0.08221018167635091,0.0987359877666111,0.08145969286727765,0.1617740016660144,0.12505132910306013,0.08731188606194115,0.15442778879888305,0.20902913205986162
225,225.0,225.50156540782208,0.08069872092098151,0.09824650342709951,0.07994227452400737,0.1612598926095379,0.12362544329233624,0.08731599757529158,0.15629721564592294,0.21261395200482303
226,226.0,226.50037332797007,0.07914669094893444,0.09756003321081619,0.07922578052015257,0.16075911326914877,0.12207496203584918,0.08719367474570823,0.15800292622257983,0.2160368190468109
227,227.0,227.49929672282354,0.07776401297445058,0.09693879030937866,0.07867762735466292,0.1611885319061177,0.12011481538199131,0.0871878982821089,0.15951056415315,0.21861775963814
228,228.0,228.49833481096343,0.07648934265322699,0.09625036970349637,0.07822822655106534,0.16130463426675065,0.11817332182145636,0.08722883538823975,0.16108951528496246,0.22123575433080217
229,229.0,229.49748574217972,0.07529887230743967,0.09557767367179196,0.07784644326549639,0.16117126679001598,0.11627115481204847,0.08731489148643809,0.16291877414081726,0.22360092352595226
230,230.0,230.49674672285258,0.07421292162756638,0.09485063181974568,0.07754616856357238,0.16115408805248405,0.1144135379484542,0.087431213311605,0.16494215019040653,0.22544928848616588
231,231.0,231.49611413822961,0.07326072597086603,0.0941692016339767,0.07735108215099967,0.1609363008057776,0.11264302134138088,0.08760243888984356,0.1670750425606472,0.22696218664650844
232,232.0,232.49558367068664,0.07235889695219379,0.09348201019938711,0.07717308122357429,0.1618838465150189,0.10977754718033449,0.08776814654014337,0.1694763462882805,0.22808012510106762
233,233.0,233.49515041319108,0.07151045373778803,0.09279525789931131,0.07701127478191022,0.16286756314549297,0.10695389299314603,0.08792639383193293,0.17210312153330545,0.22883204207711313
234,234.0,234.4948089773132,0.07060619950527777,0.09200323161039559,0.07720786422230508,0.16419490002034345,0.10408336014118204,0.08796421810427349,0.17480400318790482,0.22913622320831786
235,235.0,235.49455359524998,0.06970795211910287,0.091151684834651,0.07734338452751256,0.16652407741937225,0.10122636533330838,0.08792099711721028,0.17706219913940152,0.22906333950944116
236,236.0,236.49437821544058,0.0688597158572697,0.0903003849966509,0.07830932979137568,0.1684687592815018,0.09847321118259256,0.0878408900953325,0.17906135456363498,0.22868635423164185
237,237.0,237.49427659145772,0.06811277642594339,0.08950562485698181,0.07929268657934223,0.17051768955667496,0.09587073367877794,0.08777619116832135,0.1808348090528693,0.22808948868108897
238,238.0,238.49424236395856,0.06745387094272547,0.08874901480838496,0.08027091525862054,0.17213289288164862,0.0934088443745496,0.08771540392229919,0.18257788651677703,0.22769117129499447
239,239.0,239.4942691355697,0.06687984746566306,0.08803297122394038,0.08123342413592785,0.17371668115297348,0.09109638400930789,0.0876578074596532,0.18428265812211858,0.22710022643041541
240,240.0,240.49435053866407,0.06629230140517597,0.08729322684246454,0.08154903909148854,0.17547742937988084,0.08887376438179495,0.08836109822212004,0.18588663577864942,0.2262665048984256
241,241.0,241.49448029606233,0.06556212186475477,0.08640353995278269,0.08168507929458939,0.17689126074728662,0.08685081911242111,0.08896603545476127,0.18759348580172774,0.22604765777167632
242,242.0,242.49465227476017,0.06487116948429891,0.08553179282328803,0.08172017326016145,0.1787052169890747,0.0849716102535074,0.08952030073029149,0.18905832432022218,0.22562141213915574
243,243.0,243.49486053284062,0.06424221046018552,0.08505291853899724,0.08170015241876419,0.18019961429100684,0.08323800795494923,0.0900431042217267,0.19047522781865064,0.22504876429571957
244,244.0,244.4950993597846,0.06375100342351211,0.08479300874043637,0.08166381714168118,0.18212127675099368,0.08279890803243664,0.08917936901089236,0.19202382500085574,0.2236687918991918
245,245.0,245.49536331043637,0.06331121957890191,0.08456680432192809,0.081559628852752,0.18423693476570863,0.08250820566075205,0.08828566445153585,0.1933651619565198,0.22216638041190154
246,246.0,246.49564723291857,0.06241033088601701,0.08410759435391527,0.08133338607843368,0.1860800329536795,0.08206654352331082,0.08715060250298681,0.19493448409121936,0.2219170256104374
247,247.0,247.49594629082335,0.062156921627033394,0.08349556818871584,0.0809229608978998,0.18779151002162375,0.08145212127790782,0.08577822340444978,0.19631768464243624,0.22208500993993327
248,248.0,248.49625598002945,0.061881115115810514,0.08282742035739975,0.08036858249010617,0.18966018918840802,0.08086557642263105,0.08424584781183461,0.19758295753825794,0.2225683110755518
249,249.0,249.49657214051467,0.061588364903860306,0.08211513238989651,0.07969001127004359,0.1919230713811367,0.08030967455202533,0.082587635844032,0.19846637925019028,0.22331973040881514
250,250.0,250.4968909635462,0.061269556856618085,0.08135575243764173,0.07887653737634898,0.19425641640685581,0.07977242164447149,0.08140872313383474,0.19938076313880432,0.22367982900542474
251,251.0,251.49720899463912,0.06092783093028837,0.08055819316179078,0.07794582787644581,0.196781071334304,0.07925393499589752,0.08058523094117372,0.19969310913333368,0.224254801626766
252,252.0,252.49752313267635,0.06009239434323538,0.08005632720931218,0.07746493295005301,0.20031258062935287,0.07776534859336769,0.07990184431282611,0.20005395771475826,0.2243526142470944
253,253.0,253.49783062558308,0.05924524426676431,0.07952980356063272,0.07688517547293708,0.20390775947347056,0.07630558596737863,0.0791091187820611,0.20012904504246906,0.22488826743428642
254,254.0,254.49812906294335,0.05844547416673253,0.07937596063243522,0.07631218847297025,0.20740677069784824,0.07494263644377876,0.07825837237991798,0.1998721424791567,0.22538645472716023
255,255.0,255.49841636593814,0.057682091481043446,0.07923407060765122,0.07571269822087891,0.21106282982155564,0.07366162710944685,0.07755281956437476,0.19928472190977217,0.22580914128527696
256,256.0,256.498690774974,0.05696442003102724,0.07911621997930775,0.07535855065473168,0.21417406596061894,0.07247907891520104,0.0769987238970495,0.1987226861239225,0.22618625443814133
257,257.0,257.4989508353566,0.0562699058726923,0.07899026686919935,0.07496352201916849,0.21666719566917386,0.07136609729052583,0.07644563625320372,0.1988366231202392,0.22646075290579723
258,258.0,258.49919538134736,0.05560128667487062,0.07885587144287631,0.0745326505898263,0.21889841671026047,0.07032448754545731,0.07589659150046807,0.1992528505295556,0.2266378450066853
259,259.0,259.4994235189256,0.05493695696252157,0.07868901505493753,0.07377673352298006,0.2215113265412,0.06933136183983692,0.07552928206162594,0.19974025923685157,0.22648506478004635
260,260.0,260.4996346075567,0.0542723760385983,0.07847625388792345,0.07295297049330629,0.22438686182324383,0.06837348225257925,0.07506689497953137,0.2000003077048953,0.22647085281992216
261,261.0,261.49982824124913,0.053664725669543195,0.0782794804158702,0.07214784069669695,0.22679909669325582,0.06750864507017536,0.07464786922488706,0.2002964586550278,0.22665588357454364
262,262.0,262.50000422915986,0.05310920165573581,0.0780901938789651,0.07135832500085826,0.22902454519687626,0.0667348322064343,0.07426653389275392,0.20035754457846738,0.22705882358990898
263,263.0,263.50016257598793,0.05260534837455517,0.07759428021438818,0.07058894664624782,0.23127573106575217,0.06604955280068656,0.0739218067367615,0.20056192028439396,0.22740241387721463
264,264.0,264.50030346237327,0.05214215843300979,0.07710124527825565,0.06983251143628949,0.23342214641054315,0.06543758785057835,0.07360025576024375,0.20078744684840985,0.22767664798266996
265,265.0,265.50042722549637,0.051719734107922744,0.07662040038167792,0.06930876140086398,0.23558757876825817,0.06499690401292918,0.07330738003102412,0.20093712611199022,0.22752211518533366
266,266.0,266.5005343400522,0.051350226533286615,0.0761733464414068,0.0688110995559307,0.23763144355143936,0.06473432155538057,0.07215339413997182,0.20122175479944718,0.22792441342313693
267,267.0,267.5006253997519,0.05099649386487934,0.07571976675613154,0.06840957036209842,0.239395199462923,0.06450943402555452,0.07099012406658999,0.20161222895171396,0.22836718251010923
268,268.0,268.50070109948416,0.0506720309409683,0.07527349534333758,0.06803061640369022,0.24085240288354023,0.0647741384996304,0.06984309691236419,0.20202637120884423,0.2285278478076249
269,269.0,269.5007622182483,0.05037641415336949,0.07483721220920711,0.06730434744567977,0.2423867824016984,0.06548333384631537,0.06872108801318343,0.20246169942942221,0.22842912250112424
270,270.0,270.5008096029536,0.050106490702923834,0.07430986025343064,0.06660446830807007,0.24359111296272862,0.06619403303415257,0.06761790512115406,0.20339972031322134,0.22817640930431893
271,271.0,271.5008441531588,0.05019239277670935,0.07378150619793845,0.06591066342232776,0.24444636245753165,0.06726065135908531,0.06652536373346556,0.2041905193467835,0.22769254070615846
272,272.0,272.5008668068119,0.05036531524623987,0.07243763294597175,0.06507987558123361,0.24507688040522452,0.06745587743170163,0.0655419912692652,0.20645290548913953,0.22758952163122395
273,273.0,273.5008785270316,0.050861449144379525,0.07111004786106354,0.06449912014200582,0.2451095969657613,0.06764021920528218,0.06459802962707899,0.2087473794519093,0.22743415760251945
274,274.0,274.50088028995896,0.05137693560786774,0.06982918033403088,0.06395822453439118,0.2442909348831893,0.0678317454027955,0.06372770692905858,0.21171219453935997,0.22727307776930697
275,275.0,275.50087307369404,0.05149061808161841,0.06851141915662332,0.0633664189050134,0.24438801043345443,0.06793611418183916,0.06247050634864214,0.21444872202473597,0.22738819086807327
276,276.0,276.5008578483186,0.050558451560137,0.06621558278695729,0.061781767991774914,0.2434672864263811,0.06700298772959891,0.061076480284724524,0.2217005807917187,0.22819686242870763
277,277.0,277.5008355669976,0.0495544167793041,0.06468137057814882,0.060158163537575984,0.24244738229965063,0.06599518687976987,0.05960870266607036,0.22866729993122925,0.22888747732825104
278,278.0,278.5008071581387,0.04853859020350063,0.06319835041237076,0.05855772027694383,0.2412855568884119,0.06522742412924824,0.05818946599911176,0.23532346706771623,0.22967942502269667
279,279.0,279.5007735185843,0.04747769121015614,0.06167652371929657,0.05694866848711588,0.24007421520061584,0.0651155343764104,0.056728251798563584,0.24190985202350326,0.23006926318433835
280,280.0,280.5007355077995,0.04638274912053182,0.06012465706367711,0.055335120583149426,0.23847790349774275,0.06486306002413168,0.055241329087866484,0.24911661577022165,0.2304585648526791
281,281.0,281.5006939430152,0.04530504869073961,0.05864849791461145,0.05377737206300351,0.23712563990232793,0.06459915628748103,0.05382564859277311,0.255976810743593,0.23074182580547037
282,282.0,282.5006495952792,0.04424130132824935,0.05724277407033562,0.052272317444484906,0.23581088138470707,0.0642803260536386,0.05247563165392659,0.26241842141423094,0.2312583466504269
283,283.0,283.50060318636395,0.043209382725939334,0.0559230152904374,0.0508376306551289,0.23459586157983967,0.06395447547385956,0.05120658327209614,0.2686139150781384,0.23165913592456058
284,284.0,284.5005553864766,0.04221377234437426,0.054691051950627734,0.04967724394969225,0.2334402079075929,0.06362247712578945,0.05002018512391728,0.274377154643111,0.23195790695489515
285,285.0,285.50050681271324,0.041147356514667895,0.05361626543301265,0.04838757304714619,0.2321915127969688,0.06334864780606686,0.04903580260116061,0.27942627337748616,0.23284656842349083
286,286.0,286.50045802819903,0.040122258488595755,0.052632515220227834,0.047284077535411875,0.23095636887749108,0.0630652335100041,0.04837390094748127,0.28393087773853354,0.23363476768225452
287,287.0,287.5004095418543,0.03915265818536484,0.0517467097542315,0.04627783187916681,0.23003861243699567,0.062446397107125545,0.04779562377075013,0.28785062365349817,0.23469154321286734
288,288.0,288.50036180872553,0.03823045223508657,0.05094201780577183,0.045341214421718144,0.229411929101687,0.061800943734107126,0.04717679727971921,0.2913314740283899,0.23576517139352027
289,289.0,289.50031523082237,0.037372917607371686,0.05023468450613267,0.044499406152311995,0.22884083179494846,0.061174707657767814,0.04663828749983779,0.2944661044907441,0.23677306029088546
290,290.0,290.5002701584013,0.0365747727356348,0.04961477516557203,0.04374376033645175,0.22829973711254442,0.06056448385833188,0.046064501285274256,0.2974500198226878,0.23768794968350307
291,291.0,291.50022689163825,0.03583178644223889,0.04907955031238428,0.04287979362996899,0.2285657785100653,0.059966635743464274,0.04535838119489834,0.29979660821796483,0.23852146594901513
292,292.0,292.50018568263516,0.035151073966858154,0.04861958929194814,0.04208594025240894,0.22901594325031147,0.05938335713252937,0.04472267371882076,0.30176598395506693,0.2392554384320562
293,293.0,293.5001467377061,0.0345364247298576,0.04834061691668298,0.04137249931695891,0.22977334880409198,0.058825054525805526,0.04394234209877083,0.3033038690648763,0.23990584454295583
294,294.0,294.5001102198928,0.0339758400850639,0.04812289222572079,0.040725843489893575,0.23081548683773842,0.05828423791537394,0.043225658965475526,0.3044152327013404,0.2404348077793934
295,295.0,295.50007625166194,0.03346896467790662,0.047961798439605095,0.04024662624432501,0.23190285866839078,0.057981036135016595,0.04247083074346813,0.3051314632884314,0.24083642180285636
296,296.0,296.5000449177375,0.033011375477857166,0.04785551841182629,0.039832044454420484,0.23296361825530323,0.05778918676420455,0.04198867133982766,0.3054287628062514,0.24113082249030918
297,297.0,297.50001626802816,0.03259691496337562,0.04779079932989795,0.039466983794627285,0.2341522036357419,0.05759756720520312,0.04155492623088327,0.30553186405520566,0.24130874078506515
298,298.0,298.4999903206095,0.03222577259861804,0.047762532281371686,0.03914774252697012,0.23548321524650354,0.05741158539274024,0.04117335751942414,0.30539804129715814,0.24139775313721398
299,299.0,299.4999670647266,0.03189140082658463,0.04793682761514839,0.038866182139405736,0.23661083987129775,0.0572215431066873,0.0408323047902662,0.30526288357465986,0.24137801807595
300,300.0,300.49994646378474,0.03159459738677978,0.04813790971854241,0.03862772643485775,0.23764105175790828,0.05703284867529372,0.0405319247312145,0.30515596365008246,0.241277977645321
301,301.0,301.49992845829917,0.03133070199190113,0.04835133131108785,0.0384201407755572,0.23863471746354023,0.056839526877697284,0.04026695740898571,0.30508228848145574,0.24107433568977474
302,302.0,302.4999129687792,0.031097314250784745,0.04857173488155139,0.0383633408521058,0.2395511724516267,0.05664121126663454,0.040299175404183867,0.3047009357315583,0.24077511516155456
303,303.0,303.49989989852344,0.030899195748001523,0.048800563555483685,0.0383376081073298,0.24039231801165778,0.056616928292276436,0.040363524354255435,0.30419048275033,0.24039937918066523
304,304.0,304.499889136308,0.0307337138685038,0.04903329791425956,0.03833836169451683,0.2412000680814614,0.056595165800434125,0.04045464247263875,0.3036895038966432,0.23995524627154227
305,305.0,305.499880558951,0.030612036143875074,0.04928049469738142,0.038448986664126654,0.24172945459109216,0.056598257090584435,0.040758922898203445,0.3031811679772185,0.23939067993751825
306,306.0,306.49987403374024,0.030511423341262084,0.04951853021271011,0.038729187356399186,0.24217665006035705,0.056589942772074374,0.0410673089924769,0.30264209588251645,0.2387648613822037
307,307.0,307.49986942071314,0.030438939498724612,0.04975795650514238,0.03903313999749695,0.24256172994711173,0.05658894785084979,0.041516217089137886,0.30198944778290876,0.23811362132862776
308,308.0,308.49986657478166,0.030394756583597752,0.04999856577829099,0.039366679997611745,0.24295215472949108,0.05672303125968959,0.04187671974983756,0.3010653672043808,0.23762272469710038
309,309.0,309.4998653476955,0.03036441846198066,0.050226727617164485,0.03969716293851477,0.24335599678334036,0.056842880742587795,0.04222628837887138,0.3001821246931911,0.2371044003843494
310,310.0,310.49986558984097,0.03035205490494748,0.05044419021686232,0.03986949048856105,0.24380908870286777,0.057049461772637235,0.04256971909835482,0.2993381272253856,0.23656786759038367
311,311.0,311.4998671518735,0.030359548520069498,0.05064753479373709,0.040038198346428744,0.24391337518125952,0.057407335593511175,0.04290574967305423,0.29871817498085734,0.23601008291108241
312,312.0,312.49986988618406,0.030548884006254554,0.05132426964789697,0.04037392353437591,0.24355547711590322,0.0572546218944458,0.04356090510948941,0.29777737820530176,0.23560454048633234
313,313.0,313.49987364820174,0.03068878191076471,0.051758094214431206,0.040638533346251886,0.24339286954655828,0.05702930691692261,0.04407336841166756,0.29729459596500085,0.23512444968840288
314,314.0,314.4998782975356,0.030778267466168,0.052052541280606025,0.04082975241810348,0.2433231549269599,0.056570925749161206,0.04444930252621238,0.29742316890259285,0.2345728867301961
315,315.0,315.49988369896073,0.03088344034343118,0.05260104113593815,0.04102168016480435,0.2432989356622916,0.05545587598130018,0.044806498596546354,0.2973320142530946,0.23460051386259356
316,316.0,316.49988972325366,0.030987620229046817,0.053109708358518755,0.04118906243901701,0.243242021955893,0.0544855108463852,0.04512858739093797,0.29724155989096523,0.2346159288892359
317,317.0,317.4998962478848,0.031081065113101807,0.05357775941070081,0.04133385945576179,0.24326279946759202,0.05352436349312151,0.04469424691908563,0.2978119911924205,0.2347139149482158
318,318.0,318.499903157574,0.031122402937088726,0.05390548899861569,0.04144094506275394,0.24346198130012808,0.05253964981305507,0.04433468513383717,0.2986676234095526,0.2345272233449686
319,319.0,319.4999103447185,0.031149771141217503,0.05432020576550962,0.04151138890450543,0.24335948986597797,0.05156801558956147,0.043941644115667616,0.29996064954746243,0.2341888350700978
320,320.0,320.49991770970144,0.03116236294660263,0.05467924336234632,0.04155125735756023,0.24336002097797596,0.05061596237221178,0.043517650384005645,0.30127687159136135,0.2338366310079359
321,321.0,321.499925161089,0.031170056539598284,0.05499244664432485,0.041571360638696625,0.24337198994945677,0.04969900356569158,0.043077858224153685,0.3025041593719574,0.2336131250661206
322,322.0,322.49993261572695,0.03116366069733107,0.05458435145863792,0.04156350302242366,0.243547728097683,0.04881263270706261,0.04261794984013597,0.3042585836920139,0.23345159048471167
323,323.0,323.49993999874386,0.03110372546051698,0.054098623901359374,0.04149468237287291,0.24364378737123932,0.047928389128869625,0.042104738853380196,0.30630514347690885,0.23332090943485254
324,324.0,324.4999472434716,0.030999819945205,0.05344496549608434,0.041364944597720735,0.2439163984537673,0.047642772923140175,0.04155085501187621,0.30781812228270333,0.23326212128950274
325,325.0,325.49995429129183,0.030877375151331418,0.052756542166677536,0.041204934751064945,0.2440547421454084,0.04737974152898061,0.041115153600124875,0.3093691750741918,0.2332423355822202
326,326.0,326.4999610914171,0.030712146775870953,0.0520134058194444,0.04112573843609232,0.24391442868970722,0.047084693185238134,0.04064287894292442,0.31100625437449203,0.2335004537762303
327,327.0,327.4999676006157,0.0305162941586419,0.05124066556653424,0.041009196838181675,0.243699630488525,0.04677642321697682,0.04015658094467272,0.31280660048100734,0.23379460830546012
328,328.0,328.49997378288833,0.0302959961176125,0.050446482656233194,0.040868183561398194,0.24378429534321122,0.04645968729184566,0.03965490419309967,0.31452715871239756,0.23396329212420186
329,329.0,329.4999796091048,0.030047090103909203,0.0496299507066552,0.04068765012747613,0.24397629188701583,0.046253576082400154,0.03913593591259302,0.3162104344131223,0.23405907076682803
330,330.0,330.4999850566086,0.029780538630032452,0.048708542551637896,0.04047840919593143,0.24440710772949067,0.04594727589052609,0.03874296401323541,0.3177714405309908,0.23416372145815512
