Total_iterations,Unnamed: 0.1,Intertwine_two,Invert_path_vertices,Insert_inside_vertex,Delete_inside_vertex,Replace_inside_vertex,Donate_between_routes,Trim_one_terminal_cb,Grow_one_terminal_cb
0,0.0,0.125,0.125,0.125,0.125,0.125,0.125,0.125,0.125
1,1.0,0.125,0.125,0.125,0.125,0.125,0.125,0.125,0.125
2,2.0,0.125,0.125,0.125,0.125,0.125,0.125,0.125,0.125
3,3.0,0.125,0.125,0.125,0.125,0.125,0.125,0.125,0.125
4,4.0,0.125,0.125,0.125,0.125,0.125,0.125,0.125,0.125
5,5.0,0.125,0.125,0.125,0.125,0.125,0.125,0.125,0.125
6,6.0,0.125,0.125,0.125,0.125,0.125,0.125,0.125,0.125
7,7.0,0.125,0.125,0.125,0.125,0.125,0.125,0.125,0.125
8,8.0,0.125,0.125,0.125,0.125,0.125,0.125,0.125,0.125
9,9.0,0.125,0.125,0.125,0.125,0.125,0.125,0.125,0.125
10,10.0,0.125,0.125,0.125,0.125,0.125,0.125,0.125,0.125
11,11.0,0.125,0.125,0.125,0.125,0.125,0.125,0.125,0.125
12,12.0,0.125,0.125,0.125,0.125,0.125,0.125,0.125,0.125
13,13.0,0.125,0.125,0.125,0.125,0.125,0.125,0.125,0.125
14,14.0,0.125,0.125,0.125,0.125,0.125,0.125,0.125,0.125
15,15.0,0.125,0.125,0.125,0.125,0.125,0.125,0.125,0.125
16,16.0,0.125,0.125,0.125,0.125,0.125,0.125,0.125,0.125
17,17.0,0.125,0.125,0.125,0.125,0.125,0.125,0.125,0.125
18,18.0,0.125,0.125,0.125,0.125,0.125,0.125,0.125,0.125
19,19.0,0.125,0.125,0.125,0.125,0.125,0.125,0.125,0.125
20,20.0,0.125,0.125,0.125,0.125,0.125,0.125,0.125,0.125
21,21.0,0.125,0.125,0.125,0.125,0.125,0.125,0.125,0.125
22,22.0,0.125,0.125,0.125,0.125,0.125,0.125,0.125,0.125
23,23.0,0.125,0.125,0.125,0.125,0.125,0.125,0.125,0.125
24,24.0,0.125,0.125,0.125,0.125,0.125,0.125,0.125,0.125
25,25.0,0.125,0.125,0.125,0.125,0.125,0.125,0.125,0.125
26,26.0,0.125,0.125,0.125,0.125,0.125,0.125,0.125,0.125
27,27.0,0.125,0.125,0.125,0.125,0.125,0.125,0.125,0.125
28,28.0,0.125,0.125,0.125,0.125,0.125,0.125,0.125,0.125
29,29.0,0.125,0.125,0.125,0.125,0.125,0.125,0.125,0.125
30,30.0,0.125,0.125,0.125,0.125,0.125,0.125,0.125,0.125
31,31.0,0.125,0.125,0.125,0.125,0.125,0.125,0.125,0.125
32,32.0,0.125,0.125,0.125,0.125,0.125,0.125,0.125,0.125
33,33.0,0.125,0.125,0.125,0.125,0.125,0.125,0.125,0.125
34,34.0,0.125,0.125,0.125,0.125,0.125,0.125,0.125,0.125
35,35.0,0.125,0.125,0.125,0.125,0.125,0.125,0.125,0.125
36,36.0,0.125,0.125,0.125,0.125,0.125,0.125,0.125,0.125
37,37.0,0.125,0.125,0.125,0.125,0.125,0.125,0.125,0.125
38,38.0,0.125,0.125,0.125,0.125,0.125,0.125,0.125,0.125
39,39.0,0.125,0.125,0.125,0.125,0.125,0.125,0.125,0.125
40,40.0,0.125,0.125,0.125,0.125,0.125,0.125,0.125,0.125
41,41.0,0.125,0.125,0.125,0.125,0.125,0.125,0.125,0.125
42,42.0,0.125,0.125,0.125,0.125,0.125,0.125,0.125,0.125
43,43.0,0.125,0.125,0.125,0.125,0.125,0.125,0.125,0.125
44,44.0,0.125,0.125,0.125,0.125,0.125,0.125,0.125,0.125
45,45.0,0.125,0.125,0.125,0.125,0.125,0.125,0.125,0.125
46,46.0,0.125,0.125,0.125,0.125,0.125,0.125,0.125,0.125
47,47.0,0.125,0.125,0.125,0.125,0.125,0.125,0.125,0.125
48,48.0,0.125,0.125,0.125,0.125,0.125,0.125,0.125,0.125
49,49.0,0.125,0.125,0.125,0.125,0.125,0.125,0.125,0.125
50,50.0,0.125,0.125,0.125,0.125,0.125,0.125,0.125,0.125
51,51.0,0.125,0.125,0.125,0.125,0.125,0.125,0.125,0.125
52,52.0,0.125,0.125,0.125,0.125,0.125,0.125,0.125,0.125
53,53.0,0.125,0.125,0.125,0.125,0.125,0.125,0.125,0.125
54,54.0,0.125,0.125,0.125,0.125,0.125,0.125,0.125,0.125
55,55.0,0.125,0.125,0.125,0.125,0.125,0.125,0.125,0.125
56,56.0,0.125,0.125,0.125,0.125,0.125,0.125,0.125,0.125
57,57.0,0.125,0.125,0.125,0.125,0.125,0.125,0.125,0.125
58,58.0,0.125,0.125,0.125,0.125,0.125,0.125,0.125,0.125
59,59.0,0.125,0.125,0.125,0.125,0.125,0.125,0.125,0.125
60,60.0,0.125,0.125,0.125,0.125,0.125,0.125,0.125,0.125
61,61.0,0.125,0.125,0.125,0.125,0.125,0.125,0.125,0.125
62,62.0,0.125,0.125,0.125,0.125,0.125,0.125,0.125,0.125
63,63.0,0.125,0.125,0.125,0.125,0.125,0.125,0.125,0.125
64,64.0,0.125,0.125,0.125,0.125,0.125,0.125,0.125,0.125
65,65.0,0.125,0.125,0.125,0.125,0.125,0.125,0.125,0.125
66,66.0,0.125,0.125,0.125,0.125,0.125,0.125,0.125,0.125
67,67.0,0.125,0.125,0.125,0.125,0.125,0.125,0.125,0.125
68,68.0,0.125,0.125,0.125,0.125,0.125,0.125,0.125,0.125
69,69.0,0.125,0.125,0.125,0.125,0.125,0.125,0.125,0.125
70,70.0,0.125,0.125,0.125,0.125,0.125,0.125,0.125,0.125
71,71.0,0.125,0.125,0.125,0.125,0.125,0.125,0.125,0.125
72,72.0,0.125,0.125,0.125,0.125,0.125,0.125,0.125,0.125
73,73.0,0.125,0.125,0.125,0.125,0.125,0.125,0.125,0.125
74,74.0,0.125,0.125,0.125,0.125,0.125,0.125,0.125,0.125
75,75.0,0.125,0.125,0.125,0.125,0.125,0.125,0.125,0.125
76,76.0,0.125,0.125,0.125,0.125,0.125,0.125,0.125,0.125
77,77.0,0.125,0.125,0.125,0.125,0.125,0.125,0.125,0.125
78,78.0,0.125,0.125,0.125,0.125,0.125,0.125,0.125,0.125
79,79.0,0.125,0.125,0.125,0.125,0.125,0.125,0.125,0.125
80,80.0,0.125,0.125,0.125,0.125,0.125,0.125,0.125,0.125
81,81.0,0.125,0.125,0.125,0.125,0.125,0.125,0.125,0.125
82,82.0,0.125,0.125,0.125,0.125,0.125,0.125,0.125,0.125
83,83.0,0.125,0.125,0.125,0.125,0.125,0.125,0.125,0.125
84,84.0,0.125,0.125,0.125,0.125,0.125,0.125,0.125,0.125
85,85.0,0.125,0.125,0.125,0.125,0.125,0.125,0.125,0.125
86,86.0,0.125,0.125,0.125,0.125,0.125,0.125,0.125,0.125
87,87.0,0.125,0.125,0.125,0.125,0.125,0.125,0.125,0.125
88,88.0,0.125,0.125,0.125,0.125,0.125,0.125,0.125,0.125
89,89.0,0.125,0.125,0.125,0.125,0.125,0.125,0.125,0.125
90,90.0,0.125,0.125,0.125,0.125,0.125,0.125,0.125,0.125
91,91.0,0.125,0.125,0.125,0.125,0.125,0.125,0.125,0.125
92,92.0,0.125,0.125,0.125,0.125,0.125,0.125,0.125,0.125
93,93.0,0.125,0.125,0.125,0.125,0.125,0.125,0.125,0.125
94,94.0,0.125,0.125,0.125,0.125,0.125,0.125,0.125,0.125
95,95.0,0.125,0.125,0.125,0.125,0.125,0.125,0.125,0.125
96,96.0,0.125,0.125,0.125,0.125,0.125,0.125,0.125,0.125
97,97.0,0.125,0.125,0.125,0.125,0.125,0.125,0.125,0.125
98,98.0,0.125,0.125,0.125,0.125,0.125,0.125,0.125,0.125
99,99.0,0.125,0.125,0.125,0.125,0.125,0.125,0.125,0.125
100,100.0,0.125,0.125,0.125,0.125,0.125,0.125,0.125,0.125
101,101.0,0.125,0.125,0.125,0.125,0.125,0.125,0.125,0.125
102,102.0,0.125,0.125,0.125,0.125,0.125,0.125,0.125,0.125
103,103.0,0.125,0.125,0.125,0.125,0.125,0.125,0.125,0.125
104,104.0,0.125,0.125,0.125,0.125,0.125,0.125,0.125,0.125
105,105.0,0.125,0.125,0.125,0.125,0.125,0.125,0.125,0.125
106,106.0,0.125,0.125,0.125,0.125,0.125,0.125,0.125,0.125
107,107.0,0.125,0.125,0.125,0.125,0.125,0.125,0.125,0.125
108,108.0,0.125,0.125,0.125,0.125,0.125,0.125,0.125,0.125
109,109.0,0.125,0.125,0.125,0.125,0.125,0.125,0.125,0.125
110,110.0,0.125,0.125,0.125,0.125,0.125,0.125,0.125,0.125
111,111.0,0.125,0.125,0.125,0.125,0.125,0.125,0.125,0.125
112,112.0,0.125,0.125,0.125,0.125,0.125,0.125,0.125,0.125
113,113.0,0.125,0.125,0.125,0.125,0.125,0.125,0.125,0.125
114,114.0,0.125,0.125,0.125,0.125,0.125,0.125,0.125,0.125
115,115.0,0.125,0.125,0.125,0.125,0.125,0.125,0.125,0.125
116,116.0,0.125,0.125,0.125,0.125,0.125,0.125,0.125,0.125
117,117.0,0.125,0.125,0.125,0.125,0.125,0.125,0.125,0.125
118,118.0,0.125,0.125,0.125,0.125,0.125,0.125,0.125,0.125
119,119.0,0.125,0.125,0.125,0.125,0.125,0.125,0.125,0.125
120,120.0,0.125,0.125,0.125,0.125,0.125,0.125,0.125,0.125
121,121.0,0.125,0.125,0.125,0.125,0.125,0.125,0.125,0.125
122,122.0,0.125,0.125,0.125,0.125,0.125,0.125,0.125,0.125
123,123.0,0.125,0.125,0.125,0.125,0.125,0.125,0.125,0.125
124,124.0,0.125,0.125,0.125,0.125,0.125,0.125,0.125,0.125
125,125.0,0.125,0.125,0.125,0.125,0.125,0.125,0.125,0.125
126,126.0,0.125,0.125,0.125,0.125,0.125,0.125,0.125,0.125
127,127.0,0.125,0.125,0.125,0.125,0.125,0.125,0.125,0.125
128,128.0,0.125,0.125,0.125,0.125,0.125,0.125,0.125,0.125
129,129.0,0.125,0.125,0.125,0.125,0.125,0.125,0.125,0.125
130,130.0,0.125,0.125,0.125,0.125,0.125,0.125,0.125,0.125
131,131.0,0.125,0.125,0.125,0.125,0.125,0.125,0.125,0.125
132,132.0,0.125,0.125,0.125,0.125,0.125,0.125,0.125,0.125
133,133.0,0.125,0.125,0.125,0.125,0.125,0.125,0.125,0.125
134,134.0,0.125,0.125,0.125,0.125,0.125,0.125,0.125,0.125
135,135.0,0.125,0.125,0.125,0.125,0.125,0.125,0.125,0.125
136,136.0,0.125,0.125,0.125,0.125,0.125,0.125,0.125,0.125
137,137.0,0.125,0.125,0.125,0.125,0.125,0.125,0.125,0.125
138,138.0,0.125,0.125,0.125,0.125,0.125,0.125,0.125,0.125
139,139.0,0.125,0.125,0.125,0.125,0.125,0.125,0.125,0.125
140,140.0,0.125,0.125,0.125,0.125,0.125,0.125,0.125,0.125
141,141.0,0.125,0.125,0.125,0.125,0.125,0.125,0.125,0.125
142,142.0,0.125,0.125,0.125,0.125,0.125,0.125,0.125,0.125
143,143.0,0.125,0.125,0.125,0.125,0.125,0.125,0.125,0.125
144,144.0,0.125,0.125,0.125,0.125,0.125,0.125,0.125,0.125
145,145.0,0.125,0.125,0.125,0.125,0.125,0.125,0.125,0.125
146,146.0,0.125,0.125,0.125,0.125,0.125,0.125,0.125,0.125
147,147.0,0.125,0.125,0.125,0.125,0.125,0.125,0.125,0.125
148,148.0,0.125,0.125,0.125,0.125,0.125,0.125,0.125,0.125
149,149.0,0.125,0.125,0.125,0.125,0.125,0.125,0.125,0.125
150,150.0,0.125,0.125,0.125,0.125,0.125,0.125,0.125,0.125
151,151.0,0.125,0.125,0.125,0.125,0.125,0.125,0.125,0.125
152,152.0,0.125,0.125,0.125,0.125,0.125,0.125,0.125,0.125
153,153.0,0.125,0.125,0.125,0.125,0.125,0.125,0.125,0.125
154,154.0,0.125,0.125,0.125,0.125,0.125,0.125,0.125,0.125
155,155.0,0.125,0.125,0.125,0.125,0.125,0.125,0.125,0.125
156,156.0,0.125,0.125,0.125,0.125,0.125,0.125,0.125,0.125
157,157.0,0.125,0.125,0.125,0.125,0.125,0.125,0.125,0.125
158,158.0,0.125,0.125,0.125,0.125,0.125,0.125,0.125,0.125
159,159.0,0.125,0.125,0.125,0.125,0.125,0.125,0.125,0.125
160,160.0,0.125,0.125,0.125,0.125,0.125,0.125,0.125,0.125
161,161.0,0.125,0.125,0.125,0.125,0.125,0.125,0.125,0.125
162,162.0,0.125,0.125,0.125,0.125,0.125,0.125,0.125,0.125
163,163.0,0.125,0.125,0.125,0.125,0.125,0.125,0.125,0.125
164,164.0,0.125,0.125,0.125,0.125,0.125,0.125,0.125,0.125
165,165.0,0.125,0.125,0.125,0.125,0.125,0.125,0.125,0.125
166,166.0,0.125,0.125,0.125,0.125,0.125,0.125,0.125,0.125
167,167.0,0.125,0.125,0.125,0.125,0.125,0.125,0.125,0.125
168,168.0,0.125,0.125,0.125,0.125,0.125,0.125,0.125,0.125
169,169.0,0.125,0.125,0.125,0.125,0.125,0.125,0.125,0.125
170,170.0,0.125,0.125,0.125,0.125,0.125,0.125,0.125,0.125
171,171.0,0.125,0.125,0.125,0.125,0.125,0.125,0.125,0.125
172,172.0,0.125,0.125,0.125,0.125,0.125,0.125,0.125,0.125
173,173.0,0.125,0.125,0.125,0.125,0.125,0.125,0.125,0.125
174,174.0,0.125,0.125,0.125,0.125,0.125,0.125,0.125,0.125
175,175.0,0.125,0.125,0.125,0.125,0.125,0.125,0.125,0.125
176,176.0,0.125,0.125,0.125,0.125,0.125,0.125,0.125,0.125
177,177.0,0.125,0.125,0.125,0.125,0.125,0.125,0.125,0.125
178,178.0,0.125,0.125,0.125,0.125,0.125,0.125,0.125,0.125
179,179.0,0.125,0.125,0.125,0.125,0.125,0.125,0.125,0.125
180,180.0,0.125,0.125,0.125,0.125,0.125,0.125,0.125,0.125
181,181.0,0.125,0.125,0.125,0.125,0.125,0.125,0.125,0.125
182,182.0,0.125,0.125,0.125,0.125,0.125,0.125,0.125,0.125
183,183.0,0.125,0.125,0.125,0.125,0.125,0.125,0.125,0.125
184,184.0,0.125,0.125,0.125,0.125,0.125,0.125,0.125,0.125
185,185.0,0.125,0.125,0.125,0.125,0.125,0.125,0.125,0.125
186,186.0,0.125,0.125,0.125,0.125,0.125,0.125,0.125,0.125
187,187.0,0.125,0.125,0.125,0.125,0.125,0.125,0.125,0.125
188,188.0,0.125,0.125,0.125,0.125,0.125,0.125,0.125,0.125
189,189.0,0.125,0.125,0.125,0.125,0.125,0.125,0.125,0.125
190,190.0,0.125,0.125,0.125,0.125,0.125,0.125,0.125,0.125
191,191.0,0.125,0.125,0.125,0.125,0.125,0.125,0.125,0.125
192,192.0,0.125,0.125,0.125,0.125,0.125,0.125,0.125,0.125
193,193.0,0.125,0.125,0.125,0.125,0.125,0.125,0.125,0.125
194,194.0,0.125,0.125,0.125,0.125,0.125,0.125,0.125,0.125
195,195.0,0.125,0.125,0.125,0.125,0.125,0.125,0.125,0.125
196,196.0,0.125,0.125,0.125,0.125,0.125,0.125,0.125,0.125
197,197.0,0.125,0.125,0.125,0.125,0.125,0.125,0.125,0.125
198,198.0,0.125,0.125,0.125,0.125,0.125,0.125,0.125,0.125
199,199.0,0.125,0.125,0.125,0.125,0.125,0.125,0.125,0.125
200,200.0,0.1248611111111111,0.1248611111111111,0.1248611111111111,0.1248611111111111,0.1248611111111111,0.1248611111111111,0.1259722222222222,0.1248611111111111
201,201.0,0.1244458333333333,0.1255569444444444,0.1244458333333333,0.1255569444444444,0.1244458333333333,0.1244458333333333,0.1266569444444444,0.1244458333333333
202,202.0,0.1239248472222222,0.1261359583333333,0.1239248472222222,0.1270248472222222,0.1239248472222222,0.1239248472222222,0.1272149583333333,0.1239248472222222
203,203.0,0.1234139334722222,0.1255929334722222,0.1234139334722222,0.1284729334722222,0.1245250445833333,0.1234139334722222,0.1277533545833333,0.1234139334722222
204,204.0,0.1225283050958333,0.1246566150958333,0.1225283050958333,0.1306109262069444,0.1247394162069444,0.1225283050958333,0.1288798221069444,0.1235283050958333
205,205.0,0.1215531787283472,0.1236145846283472,0.1215531787283472,0.1325873437394583,0.1257321787283472,0.1215531787283472,0.1298631779904583,0.1235431787283472
206,206.0,0.1203143261396192,0.1222949042906192,0.1203143261396192,0.134912720828801,0.128240817957801,0.1203143261396192,0.1304240614552111,0.1231845170487101
207,207.0,0.118884346861499,0.1207723742568891,0.118884346861499,0.1367445643140527,0.131597245690792,0.118884346861499,0.131623858383179,0.12260891677059
208,208.0,0.1173166028506568,0.1191024542920439,0.1173166028506568,0.138979313161174,0.1346273107188285,0.1173166028506568,0.1334773360244173,0.1218637772515659
209,209.0,0.1146946272745522,0.1163706618429228,0.1146946272745522,0.1414807862219637,0.1354824162611932,0.1146946272745522,0.1345546707852659,0.1280275830649977
210,210.0,0.1120012402016498,0.1143950125719552,0.1120012402016498,0.1434837881859389,0.1360985584930809,0.1120012402016498,0.1360956989441505,0.133923221199925
211,211.0,0.1093159711978129,0.1124151031994899,0.1093159711978129,0.1452681361431413,0.136538926868675,0.1093159711978129,0.1381977317887696,0.1396321884064855
212,212.0,0.1066825767638889,0.1104688744471169,0.1066825767638889,0.1474965932734173,0.1360651799383337,0.1066825767638889,0.1400186135570686,0.1459030084923966
213,213.0,0.104068784583807,0.108519001736932,0.104068784583807,0.149472122207815,0.1363012444797317,0.104068784583807,0.1416302163509625,0.1518710614731376
214,214.0,0.1013979731531847,0.106484548991019,0.1013979731531847,0.1507148458911636,0.1368054470319496,0.1013979731531847,0.1428266627292633,0.1589745758970505
215,215.0,0.0987598951687247,0.105118328064419,0.0987598951687247,0.151546256972374,0.137124053646505,0.0987598951687247,0.1443045701368137,0.1656271056737141
216,216.0,0.0960443996573971,0.1035922529095419,0.0960443996573971,0.1529706760973513,0.1369097422133229,0.096953490566488,0.1458575019081017,0.1716275369903998
217,217.0,0.0932931953874905,0.1019451170553702,0.0940074811017762,0.1549006420396411,0.1362380714003092,0.0950265287208238,0.1475599353975792,0.1770290288970097
218,218.0,0.0911831930772131,0.1009228755037821,0.091890335934356,0.1567769472622654,0.1351495487888379,0.0937628061308262,0.1485632449065873,0.181751048396132
219,219.0,0.0892039867532307,0.1006855457692314,0.0898976296103736,0.1590338542333594,0.1338679417251842,0.0924967448018488,0.1493820527891492,0.1854322443176226
220,220.0,0.0873821092065779,0.1003914033024746,0.0880566656351493,0.160621360613831,0.1312487901493396,0.0913599606464048,0.1498707223047612,0.1910689881414615
221,221.0,0.0856877942420928,0.1001158918060298,0.0863384273206643,0.1616099658376052,0.1290533995937659,0.0903186416957998,0.1506502324721386,0.1962256470319034
222,222.0,0.0846051651320835,0.0995779349168052,0.0845610941982026,0.1618153246347081,0.127685728687316,0.0891869243332693,0.151901291044848,0.2006665370527671
223,223.0,0.0836988886958956,0.0991335643529051,0.0829633581934797,0.1618794690532284,0.1263627439194143,0.0882001746873244,0.1530355757271829,0.2047262253705694
224,224.0,0.0822101816763509,0.0987359877666111,0.0814596928672776,0.1617740016660144,0.1250513291030601,0.0873118860619411,0.154427788798883,0.2090291320598616
225,225.0,0.0806987209209815,0.0982465034270995,0.0799422745240073,0.1612598926095379,0.1236254432923362,0.0873159975752915,0.1562972156459229,0.212613952004823
226,226.0,0.0791466909489344,0.0975600332108161,0.0792257805201525,0.1607591132691487,0.1220749620358491,0.0871936747457082,0.1580029262225798,0.2160368190468109
227,227.0,0.0777640129744505,0.0969387903093786,0.0786776273546629,0.1611885319061177,0.1201148153819913,0.0871878982821089,0.15951056415315,0.21861775963814
228,228.0,0.0764893426532269,0.0962503697034963,0.0782282265510653,0.1613046342667506,0.1181733218214563,0.0872288353882397,0.1610895152849624,0.2212357543308021
229,229.0,0.0752988723074396,0.0955776736717919,0.0778464432654963,0.1611712667900159,0.1162711548120484,0.087314891486438,0.1629187741408172,0.2236009235259522
230,230.0,0.0742129216275663,0.0948506318197456,0.0775461685635723,0.161154088052484,0.1144135379484542,0.087431213311605,0.1649421501904065,0.2254492884861658
231,231.0,0.073260725970866,0.0941692016339767,0.0773510821509996,0.1609363008057776,0.1126430213413808,0.0876024388898435,0.1670750425606472,0.2269621866465084
232,232.0,0.0723588969521937,0.0934820101993871,0.0771730812235742,0.1618838465150189,0.1097775471803344,0.0877681465401433,0.1694763462882805,0.2280801251010676
233,233.0,0.071510453737788,0.0927952578993113,0.0770112747819102,0.1628675631454929,0.106953892993146,0.0879263938319329,0.1721031215333054,0.2288320420771131
234,234.0,0.0706061995052777,0.0920032316103955,0.077207864222305,0.1641949000203434,0.104083360141182,0.0879642181042734,0.1748040031879048,0.2291362232083178
235,235.0,0.0697079521191028,0.091151684834651,0.0773433845275125,0.1665240774193722,0.1012263653333083,0.0879209971172102,0.1770621991394015,0.2290633395094411
236,236.0,0.0688597158572697,0.0903003849966509,0.0783093297913756,0.1684687592815018,0.0984732111825925,0.0878408900953325,0.1790613545636349,0.2286863542316418
237,237.0,0.0681127764259433,0.0895056248569818,0.0792926865793422,0.1705176895566749,0.0958707336787779,0.0877761911683213,0.1808348090528693,0.2280894886810889
238,238.0,0.0674538709427254,0.0887490148083849,0.0802709152586205,0.1721328928816486,0.0934088443745496,0.0877154039222991,0.182577886516777,0.2276911712949944
239,239.0,0.066879847465663,0.0880329712239403,0.0812334241359278,0.1737166811529734,0.0910963840093078,0.0876578074596532,0.1842826581221185,0.2271002264304154
240,240.0,0.0662923014051759,0.0872932268424645,0.0815490390914885,0.1754774293798808,0.0888737643817949,0.08836109822212,0.1858866357786494,0.2262665048984256
241,241.0,0.0655621218647547,0.0864035399527826,0.0816850792945893,0.1768912607472866,0.0868508191124211,0.0889660354547612,0.1875934858017277,0.2260476577716763
242,242.0,0.0648711694842989,0.085531792823288,0.0817201732601614,0.1787052169890747,0.0849716102535074,0.0895203007302914,0.1890583243202221,0.2256214121391557
243,243.0,0.0642422104601855,0.0850529185389972,0.0817001524187641,0.1801996142910068,0.0832380079549492,0.0900431042217267,0.1904752278186506,0.2250487642957195
244,244.0,0.0637510034235121,0.0847930087404363,0.0816638171416811,0.1821212767509936,0.0827989080324366,0.0891793690108923,0.1920238250008557,0.2236687918991918
245,245.0,0.0633112195789019,0.084566804321928,0.081559628852752,0.1842369347657086,0.082508205660752,0.0882856644515358,0.1933651619565198,0.2221663804119015
246,246.0,0.062410330886017,0.0841075943539152,0.0813333860784336,0.1860800329536795,0.0820665435233108,0.0871506025029868,0.1949344840912193,0.2219170256104374
247,247.0,0.0621569216270333,0.0834955681887158,0.0809229608978998,0.1877915100216237,0.0814521212779078,0.0857782234044497,0.1963176846424362,0.2220850099399332
248,248.0,0.0618811151158105,0.0828274203573997,0.0803685824901061,0.189660189188408,0.080865576422631,0.0842458478118346,0.1975829575382579,0.2225683110755518
249,249.0,0.0615883649038603,0.0821151323898965,0.0796900112700435,0.1919230713811367,0.0803096745520253,0.082587635844032,0.1984663792501902,0.2233197304088151
250,250.0,0.061269556856618,0.0813557524376417,0.0788765373763489,0.1942564164068558,0.0797724216444714,0.0814087231338347,0.1993807631388043,0.2236798290054247
251,251.0,0.0609278309302883,0.0805581931617907,0.0779458278764458,0.196781071334304,0.0792539349958975,0.0805852309411737,0.1996931091333336,0.224254801626766
252,252.0,0.0600923943432353,0.0800563272093121,0.077464932950053,0.2003125806293528,0.0777653485933676,0.0799018443128261,0.2000539577147582,0.2243526142470944
253,253.0,0.0592452442667643,0.0795298035606327,0.076885175472937,0.2039077594734705,0.0763055859673786,0.0791091187820611,0.200129045042469,0.2248882674342864
254,254.0,0.0584454741667325,0.0793759606324352,0.0763121884729702,0.2074067706978482,0.0749426364437787,0.0782583723799179,0.1998721424791567,0.2253864547271602
255,255.0,0.0576820914810434,0.0792340706076512,0.0757126982208789,0.2110628298215556,0.0736616271094468,0.0775528195643747,0.1992847219097721,0.2258091412852769
256,256.0,0.0569644200310272,0.0791162199793077,0.0753585506547316,0.2141740659606189,0.072479078915201,0.0769987238970495,0.1987226861239225,0.2261862544381413
257,257.0,0.0562699058726923,0.0789902668691993,0.0749635220191684,0.2166671956691738,0.0713660972905258,0.0764456362532037,0.1988366231202392,0.2264607529057972
258,258.0,0.0556012866748706,0.0788558714428763,0.0745326505898263,0.2188984167102604,0.0703244875454573,0.075896591500468,0.1992528505295556,0.2266378450066853
259,259.0,0.0549369569625215,0.0786890150549375,0.07377673352298,0.2215113265412,0.0693313618398369,0.0755292820616259,0.1997402592368515,0.2264850647800463
260,260.0,0.0542723760385983,0.0784762538879234,0.0729529704933062,0.2243868618232438,0.0683734822525792,0.0750668949795313,0.2000003077048953,0.2264708528199221
261,261.0,0.0536647256695431,0.0782794804158702,0.0721478406966969,0.2267990966932558,0.0675086450701753,0.074647869224887,0.2002964586550278,0.2266558835745436
262,262.0,0.0531092016557358,0.0780901938789651,0.0713583250008582,0.2290245451968762,0.0667348322064343,0.0742665338927539,0.2003575445784673,0.2270588235899089
263,263.0,0.0526053483745551,0.0775942802143881,0.0705889466462478,0.2312757310657521,0.0660495528006865,0.0739218067367615,0.2005619202843939,0.2274024138772146
264,264.0,0.0521421584330097,0.0771012452782556,0.0698325114362894,0.2334221464105431,0.0654375878505783,0.0736002557602437,0.2007874468484098,0.2276766479826699
265,265.0,0.0517197341079227,0.0766204003816779,0.0693087614008639,0.2355875787682581,0.0649969040129291,0.0733073800310241,0.2009371261119902,0.2275221151853336
266,266.0,0.0513502265332866,0.0761733464414068,0.0688110995559307,0.2376314435514393,0.0647343215553805,0.0721533941399718,0.2012217547994471,0.2279244134231369
267,267.0,0.0509964938648793,0.0757197667561315,0.0684095703620984,0.239395199462923,0.0645094340255545,0.0709901240665899,0.2016122289517139,0.2283671825101092
268,268.0,0.0506720309409683,0.0752734953433375,0.0680306164036902,0.2408524028835402,0.0647741384996304,0.0698430969123641,0.2020263712088442,0.2285278478076249
269,269.0,0.0503764141533694,0.0748372122092071,0.0673043474456797,0.2423867824016984,0.0654833338463153,0.0687210880131834,0.2024616994294222,0.2284291225011242
270,270.0,0.0501064907029238,0.0743098602534306,0.06660446830807,0.2435911129627286,0.0661940330341525,0.067617905121154,0.2033997203132213,0.2281764093043189
271,271.0,0.0501923927767093,0.0737815061979384,0.0659106634223277,0.2444463624575316,0.0672606513590853,0.0665253637334655,0.2041905193467835,0.2276925407061584
272,272.0,0.0503653152462398,0.0724376329459717,0.0650798755812336,0.2450768804052245,0.0674558774317016,0.0655419912692652,0.2064529054891395,0.2275895216312239
273,273.0,0.0508614491443795,0.0711100478610635,0.0644991201420058,0.2451095969657613,0.0676402192052821,0.0645980296270789,0.2087473794519093,0.2274341576025194
274,274.0,0.0513769356078677,0.0698291803340308,0.0639582245343911,0.2442909348831893,0.0678317454027955,0.0637277069290585,0.2117121945393599,0.2272730777693069
275,275.0,0.0514906180816184,0.0685114191566233,0.0633664189050134,0.2443880104334544,0.0679361141818391,0.0624705063486421,0.2144487220247359,0.2273881908680732
276,276.0,0.050558451560137,0.0662155827869572,0.0617817679917749,0.2434672864263811,0.0670029877295989,0.0610764802847245,0.2217005807917187,0.2281968624287076
277,277.0,0.0495544167793041,0.0646813705781488,0.0601581635375759,0.2424473822996506,0.0659951868797698,0.0596087026660703,0.2286672999312292,0.228887477328251
278,278.0,0.0485385902035006,0.0631983504123707,0.0585577202769438,0.2412855568884119,0.0652274241292482,0.0581894659991117,0.2353234670677162,0.2296794250226966
279,279.0,0.0474776912101561,0.0616765237192965,0.0569486684871158,0.2400742152006158,0.0651155343764104,0.0567282517985635,0.2419098520235032,0.2300692631843383
280,280.0,0.0463827491205318,0.0601246570636771,0.0553351205831494,0.2384779034977427,0.0648630600241316,0.0552413290878664,0.2491166157702216,0.2304585648526791
281,281.0,0.0453050486907396,0.0586484979146114,0.0537773720630035,0.2371256399023279,0.064599156287481,0.0538256485927731,0.255976810743593,0.2307418258054703
282,282.0,0.0442413013282493,0.0572427740703356,0.0522723174444849,0.235810881384707,0.0642803260536386,0.0524756316539265,0.2624184214142309,0.2312583466504269
283,283.0,0.0432093827259393,0.0559230152904374,0.0508376306551289,0.2345958615798396,0.0639544754738595,0.0512065832720961,0.2686139150781384,0.2316591359245605
284,284.0,0.0422137723443742,0.0546910519506277,0.0496772439496922,0.2334402079075929,0.0636224771257894,0.0500201851239172,0.274377154643111,0.2319579069548951
285,285.0,0.0411473565146678,0.0536162654330126,0.0483875730471461,0.2321915127969688,0.0633486478060668,0.0490358026011606,0.2794262733774861,0.2328465684234908
286,286.0,0.0401222584885957,0.0526325152202278,0.0472840775354118,0.230956368877491,0.0630652335100041,0.0483739009474812,0.2839308777385335,0.2336347676822545
287,287.0,0.0391526581853648,0.0517467097542315,0.0462778318791668,0.2300386124369956,0.0624463971071255,0.0477956237707501,0.2878506236534981,0.2346915432128673
288,288.0,0.0382304522350865,0.0509420178057718,0.0453412144217181,0.229411929101687,0.0618009437341071,0.0471767972797192,0.2913314740283899,0.2357651713935202
289,289.0,0.0373729176073716,0.0502346845061326,0.0444994061523119,0.2288408317949484,0.0611747076577678,0.0466382874998377,0.2944661044907441,0.2367730602908854
290,290.0,0.0365747727356348,0.049614775165572,0.0437437603364517,0.2282997371125444,0.0605644838583318,0.0460645012852742,0.2974500198226878,0.237687949683503
291,291.0,0.0358317864422388,0.0490795503123842,0.0428797936299689,0.2285657785100653,0.0599666357434642,0.0453583811948983,0.2997966082179648,0.2385214659490151
292,292.0,0.0351510739668581,0.0486195892919481,0.0420859402524089,0.2290159432503114,0.0593833571325293,0.0447226737188207,0.3017659839550669,0.2392554384320562
293,293.0,0.0345364247298576,0.0483406169166829,0.0413724993169589,0.2297733488040919,0.0588250545258055,0.0439423420987708,0.3033038690648763,0.2399058445429558
294,294.0,0.0339758400850639,0.0481228922257207,0.0407258434898935,0.2308154868377384,0.0582842379153739,0.0432256589654755,0.3044152327013404,0.2404348077793934
295,295.0,0.0334689646779066,0.047961798439605,0.040246626244325,0.2319028586683907,0.0579810361350165,0.0424708307434681,0.3051314632884314,0.2408364218028563
296,296.0,0.0330113754778571,0.0478555184118262,0.0398320444544204,0.2329636182553032,0.0577891867642045,0.0419886713398276,0.3054287628062514,0.2411308224903091
297,297.0,0.0325969149633756,0.0477907993298979,0.0394669837946272,0.2341522036357419,0.0575975672052031,0.0415549262308832,0.3055318640552056,0.2413087407850651
298,298.0,0.032225772598618,0.0477625322813716,0.0391477425269701,0.2354832152465035,0.0574115853927402,0.0411733575194241,0.3053980412971581,0.2413977531372139
299,299.0,0.0318914008265846,0.0479368276151483,0.0388661821394057,0.2366108398712977,0.0572215431066873,0.0408323047902662,0.3052628835746598,0.24137801807595
300,300.0,0.0315945973867797,0.0481379097185424,0.0386277264348577,0.2376410517579082,0.0570328486752937,0.0405319247312145,0.3051559636500824,0.241277977645321
301,301.0,0.0313307019919011,0.0483513313110878,0.0384201407755572,0.2386347174635402,0.0568395268776972,0.0402669574089857,0.3050822884814557,0.2410743356897747
302,302.0,0.0310973142507847,0.0485717348815513,0.0383633408521058,0.2395511724516267,0.0566412112666345,0.0402991754041838,0.3047009357315583,0.2407751151615545
303,303.0,0.0308991957480015,0.0488005635554836,0.0383376081073298,0.2403923180116577,0.0566169282922764,0.0403635243542554,0.30419048275033,0.2403993791806652
304,304.0,0.0307337138685038,0.0490332979142595,0.0383383616945168,0.2412000680814614,0.0565951658004341,0.0404546424726387,0.3036895038966432,0.2399552462715422
305,305.0,0.030612036143875,0.0492804946973814,0.0384489866641266,0.2417294545910921,0.0565982570905844,0.0407589228982034,0.3031811679772185,0.2393906799375182
306,306.0,0.030511423341262,0.0495185302127101,0.0387291873563991,0.242176650060357,0.0565899427720743,0.0410673089924769,0.3026420958825164,0.2387648613822037
307,307.0,0.0304389394987246,0.0497579565051423,0.0390331399974969,0.2425617299471117,0.0565889478508497,0.0415162170891378,0.3019894477829087,0.2381136213286277
308,308.0,0.0303947565835977,0.0499985657782909,0.0393666799976117,0.242952154729491,0.0567230312596895,0.0418767197498375,0.3010653672043808,0.2376227246971003
309,309.0,0.0303644184619806,0.0502267276171644,0.0396971629385147,0.2433559967833403,0.0568428807425877,0.0422262883788713,0.3001821246931911,0.2371044003843494
310,310.0,0.0303520549049474,0.0504441902168623,0.039869490488561,0.2438090887028677,0.0570494617726372,0.0425697190983548,0.2993381272253856,0.2365678675903836
311,311.0,0.0303595485200694,0.050647534793737,0.0400381983464287,0.2439133751812595,0.0574073355935111,0.0429057496730542,0.2987181749808573,0.2360100829110824
312,312.0,0.0305488840062545,0.0513242696478969,0.0403739235343759,0.2435554771159032,0.0572546218944458,0.0435609051094894,0.2977773782053017,0.2356045404863323
313,313.0,0.0306887819107647,0.0517580942144312,0.0406385333462518,0.2433928695465582,0.0570293069169226,0.0440733684116675,0.2972945959650008,0.2351244496884028
314,314.0,0.030778267466168,0.052052541280606,0.0408297524181034,0.2433231549269599,0.0565709257491612,0.0444493025262123,0.2974231689025928,0.2345728867301961
315,315.0,0.0308834403434311,0.0526010411359381,0.0410216801648043,0.2432989356622916,0.0554558759813001,0.0448064985965463,0.2973320142530946,0.2346005138625935
316,316.0,0.0309876202290468,0.0531097083585187,0.041189062439017,0.243242021955893,0.0544855108463852,0.0451285873909379,0.2972415598909652,0.2346159288892359
317,317.0,0.0310810651131018,0.0535777594107008,0.0413338594557617,0.243262799467592,0.0535243634931215,0.0446942469190856,0.2978119911924205,0.2347139149482158
318,318.0,0.0311224029370887,0.0539054889986156,0.0414409450627539,0.243461981300128,0.052539649813055,0.0443346851338371,0.2986676234095526,0.2345272233449686
319,319.0,0.0311497711412175,0.0543202057655096,0.0415113889045054,0.2433594898659779,0.0515680155895614,0.0439416441156676,0.2999606495474624,0.2341888350700978
320,320.0,0.0311623629466026,0.0546792433623463,0.0415512573575602,0.2433600209779759,0.0506159623722117,0.0435176503840056,0.3012768715913613,0.2338366310079359
321,321.0,0.0311700565395982,0.0549924466443248,0.0415713606386966,0.2433719899494567,0.0496990035656915,0.0430778582241536,0.3025041593719574,0.2336131250661206
322,322.0,0.031163660697331,0.0545843514586379,0.0415635030224236,0.243547728097683,0.0488126327070626,0.0426179498401359,0.3042585836920139,0.2334515904847116
323,323.0,0.0311037254605169,0.0540986239013593,0.0414946823728729,0.2436437873712393,0.0479283891288696,0.0421047388533801,0.3063051434769088,0.2333209094348525
324,324.0,0.030999819945205,0.0534449654960843,0.0413649445977207,0.2439163984537673,0.0476427729231401,0.0415508550118762,0.3078181222827033,0.2332621212895027
325,325.0,0.0308773751513314,0.0527565421666775,0.0412049347510649,0.2440547421454084,0.0473797415289806,0.0411151536001248,0.3093691750741918,0.2332423355822202
326,326.0,0.0307121467758709,0.0520134058194444,0.0411257384360923,0.2439144286897072,0.0470846931852381,0.0406428789429244,0.311006254374492,0.2335004537762303
327,327.0,0.0305162941586419,0.0512406655665342,0.0410091968381816,0.243699630488525,0.0467764232169768,0.0401565809446727,0.3128066004810073,0.2337946083054601
328,328.0,0.0302959961176125,0.0504464826562331,0.0408681835613981,0.2437842953432112,0.0464596872918456,0.0396549041930996,0.3145271587123975,0.2339632921242018
329,329.0,0.0300470901039092,0.0496299507066552,0.0406876501274761,0.2439762918870158,0.0462535760824001,0.039135935912593,0.3162104344131223,0.234059070766828
330,330.0,0.0297805386300324,0.0487085425516378,0.0404784091959314,0.2444071077294906,0.045947275890526,0.0387429640132354,0.3177714405309908,0.2341637214581551
331,331.0,0.0295054945620897,0.0477964850826447,0.0402430582763016,0.2449364252661946,0.0456485153050572,0.0383505859313431,0.3192406496210667,0.234278785955302
332,332.0,0.0292206520921379,0.046893195294542,0.0399875198884406,0.2454572350937973,0.0453417369166908,0.0380471945995813,0.32077824706946,0.2342742190453496
333,333.0,0.0287982440880865,0.0460075392991839,0.0401310347846784,0.2460220435518697,0.0450307634963012,0.037847776110645,0.3218800390547531,0.2342825596144818
334,334.0,0.0283677229545545,0.0455440740529295,0.0402364773181751,0.2465302885242619,0.0447146056907793,0.037643533427909,0.3226615345306965,0.2343017635006939
335,335.0,0.0279485908060981,0.0451195182663783,0.0403357842736738,0.2469965081429075,0.0444260907884791,0.0374506162771847,0.323376227387389,0.2343466640578891
336,336.0,0.0275304112850563,0.0447062622463122,0.0404020007231947,0.2475170317233067,0.0441377384592454,0.0372620839811803,0.3240410562601319,0.2344034153215722
337,337.0,0.027121105611335,0.0443107444033213,0.0404412093798783,0.2479977484593425,0.0438557375178507,0.0370829895083184,0.3247562961066003,0.2344341690133532
338,338.0,0.0267162394939682,0.0438041578162278,0.0404451763034422,0.2485359874051397,0.0435726083548935,0.0368998192561044,0.3255525795788854,0.2344734317913386
339,339.0,0.0263169644688856,0.0433036108808338,0.040409920569473,0.249057600422157,0.0432823302776363,0.0367086993597868,0.3264135404721806,0.2345073335490466
340,340.0,0.0259308352696157,0.0428176415174035,0.0403438534171437,0.249584775593656,0.042991564326692,0.0365174296088731,0.3273103864040446,0.2345035138625713
341,341.0,0.0255654302056583,0.0423645893603409,0.0402656543577798,0.2501986858260355,0.0427179896135961,0.0363314733614403,0.3281216565084111,0.2344345207667377
342,342.0,0.0252187214357333,0.0419273743897364,0.0400690685227748,0.2507267533443515,0.0424529099649892,0.0361493501793026,0.3290837437909163,0.2343720783721956
343,343.0,0.0249713995542804,0.0415002963577807,0.0398368231604624,0.2512267006721326,0.0421726794810631,0.0359557287070323,0.3300372499866804,0.2342991220805679
344,344.0,0.0247427429948827,0.0411072805853243,0.03959518754964,0.2516937922466827,0.0420124739049616,0.0357646295461381,0.3307745323257818,0.2343093608465884
345,345.0,0.0245189955060638,0.040725153250002,0.0393235366886188,0.2521313114364584,0.0418360688048304,0.0355628340383697,0.3315930792854695,0.2343090209901871
346,346.0,0.0243118671076898,0.0403660020447272,0.0390400019782777,0.2525196076172286,0.0416595566857277,0.0353707087751558,0.3323091164168555,0.2344231393743374
347,347.0,0.0241087297649089,0.0400168498508175,0.0387310000194939,0.2530549535962271,0.0414664493026011,0.0351662317175023,0.3329336320497769,0.234522153698672
348,348.0,0.0239213870676041,0.0396867784180726,0.0384117601877818,0.2534758895154558,0.0412732264203142,0.0349640476227493,0.3335696792716576,0.2346972314963641
349,349.0,0.023742119495316,0.0394735323225235,0.0380785645022852,0.2536579941247137,0.0410687092714542,0.0348648130255828,0.3341771183670473,0.2349371488910769
350,350.0,0.0241373051454029,0.0387316172362186,0.0383061749560286,0.2550489776662393,0.0414334632782936,0.0353262355873343,0.3335007781218441,0.233515448008638
351,351.0,0.0245318710631974,0.0379081102834503,0.0384231069130054,0.2560844601553457,0.0416915835851621,0.0357773160000243,0.3335916282665683,0.231991923733246
352,352.0,0.0247431877136496,0.037013203379724,0.0393422270679395,0.2570865500108232,0.0421080043708512,0.0361193029888865,0.3331939612985187,0.2303935631696068
353,353.0,0.0249561460083628,0.0362536457915893,0.0402495946253519,0.2580502707509573,0.0425193605529561,0.036618839437479,0.3326929189435764,0.2286592238897266
354,354.0,0.0250846140706768,0.035444181454012,0.0409706259367163,0.2588930607747604,0.0427341031617519,0.0370116748266343,0.3327827460147226,0.2270789937607252
355,355.0,0.0254518776159727,0.0346682417584315,0.041650374343131,0.2597875268669501,0.0429108271215054,0.0373732374875568,0.3326406638062457,0.2255172510002064
356,356.0,0.0258113882630029,0.0339419416453376,0.0422986239564086,0.2613532065804118,0.0430692141160445,0.0377122778553851,0.3318154977471754,0.2239978498362337
357,357.0,0.026092700209343,0.0331980592448677,0.0427790604845341,0.2626563440729258,0.0431409846521893,0.0379546082465038,0.3309465463476969,0.2232316967419391
358,358.0,0.0263105661796511,0.0324540729535727,0.0431158343008557,0.2636534835656273,0.0431459418816115,0.038118025892295,0.3299752619647779,0.2232268132616086
359,359.0,0.0264557289373374,0.0317036969678701,0.0433080380087211,0.2644532493630624,0.0437373172583155,0.0381979306146746,0.3290022919092886,0.22314174694073
360,360.0,0.0265378040944483,0.0309622975487827,0.0433756857161996,0.2651855876430758,0.0442155633191859,0.0383077266602738,0.3284404737564801,0.2229748612615534
361,361.0,0.0265982950988371,0.0302724064732065,0.0434039951064759,0.2659094329470959,0.0446601898841495,0.0383901725607469,0.3278953198814861,0.2228701880480016
362,362.0,0.0266358936958911,0.0296291759277575,0.0427667947393041,0.266554918707421,0.0452911815235528,0.0384437820211928,0.3278635878993047,0.2228146654855756
363,363.0,0.0266132126360131,0.0289947693738073,0.042059064623792,0.2670275858611612,0.0457962752911031,0.0385093945360428,0.328285871729124,0.2227138259489561
364,364.0,0.0265304725843795,0.0283713682855662,0.0412886037377239,0.267330823911715,0.0461724868146201,0.0385033563435158,0.3292579320806396,0.2225449562418395
365,365.0,0.0264000581964955,0.0277666192742182,0.0404746489093116,0.2680365760151546,0.0464387067954511,0.0384401768854459,0.3301108687627694,0.2223323451611532
366,366.0,0.0262535018312607,0.0272098780416313,0.0396548625005176,0.268706008280469,0.0466541499326809,0.0383511862490659,0.3310089729018587,0.2221614402625155
367,367.0,0.0260744033005892,0.0266821486442734,0.0388182629554861,0.2697299558836355,0.0467819011214048,0.0382139852928716,0.331749187114622,0.2219501556871171
368,368.0,0.0258987295594377,0.0262330548791754,0.0379035005106185,0.270902966975268,0.0468730228987824,0.0380550517000644,0.3325604562384096,0.2215732172382439
369,369.0,0.0257925601855945,0.025826149549123,0.0369982975477088,0.2720132488576733,0.046907902852573,0.0378696916935292,0.3333622201879624,0.2212299291258356
370,370.0,0.0257039035639245,0.0254891814485294,0.0361413012527015,0.2726801626444312,0.0474777372197744,0.037694109010669,0.3338074611150416,0.2210061437449282
371,371.0,0.0256108438699815,0.0252060967210533,0.0353169877757219,0.2733713270572278,0.048009531159886,0.0375037126624068,0.3341607936965371,0.2208207070571853
372,372.0,0.0255120222048097,0.0249668552702761,0.0345269499038238,0.2739778002399029,0.0484971648756365,0.037300002005377,0.3345575122308957,0.2206616932692781
373,373.0,0.0254081932502562,0.0247686915726987,0.0337747146136098,0.2744130791135547,0.0489387400263823,0.0371683387572297,0.3350009765396105,0.2205272661266577
374,374.0,0.0252914802537785,0.024600099475704,0.0330536980232602,0.2747791831923239,0.0493984375840555,0.0370172494036332,0.3354497961939396,0.2204100558733048
375,375.0,0.0251991079325595,0.024491225244349,0.0324026470472902,0.2751956372759968,0.0493354779022624,0.0368894764056805,0.3366375995763995,0.2198488286154619
