,Unnamed: 0,Total_iterations,Intertwine_two,Add_vertex,Delete_vertex
0,0.0,0.0,0.33333333333333337,0.33333333333333337,0.33333333333333337
1,1.0,0.10900000000000001,0.33333333333333337,0.33333333333333337,0.33333333333333337
2,2.0,0.31601,0.33333333333333337,0.33333333333333337,0.33333333333333337
3,3.0,0.6191589000000001,0.33333333333333337,0.33333333333333337,0.33333333333333337
4,4.0,1.015801321,0.33333333333333337,0.33333333333333337,0.33333333333333337
5,5.0,1.50262148669,0.33333333333333337,0.33333333333333337,0.33333333333333337
6,6.0,2.0757334209441005,0.33333333333333337,0.33333333333333337,0.33333333333333337
7,7.0,2.7307768275633495,0.33333333333333337,0.33333333333333337,0.33333333333333337
8,8.0,3.4630081252450404,0.33333333333333337,0.33333333333333337,0.33333333333333337
9,9.0,4.2673862119061114,0.33333333333333337,0.33333333333333337,0.33333333333333337
10,10.0,5.138652627782014,0.33333333333333337,0.33333333333333337,0.33333333333333337
11,11.0,6.071405875792507,0.33333333333333337,0.33333333333333337,0.33333333333333337
12,12.0,7.060169740244025,0.33333333333333337,0.33333333333333337,0.33333333333333337
13,13.0,8.099455520847952,0.33333333333333337,0.33333333333333337,0.33333333333333337
14,14.0,9.183818168183006,0.33333333333333337,0.33333333333333337,0.33333333333333337
15,15.0,10.307906369102724,0.33333333333333337,0.33333333333333337,0.33333333333333337
16,16.0,11.466506686239443,0.33333333333333337,0.33333333333333337,0.33333333333333337
17,17.0,12.654581904800096,0.33333333333333337,0.33333333333333337,0.33333333333333337
18,18.0,13.867303782456686,0.33333333333333337,0.33333333333333337,0.33333333333333337
19,19.0,15.100080434523047,0.33333333333333337,0.33333333333333337,0.33333333333333337
20,20.0,16.348578617037543,0.33333333333333337,0.33333333333333337,0.33333333333333337
21,21.0,17.608741195130214,0.33333333333333337,0.33333333333333337,0.33333333333333337
22,22.0,18.876800103462312,0.33333333333333337,0.33333333333333337,0.33333333333333337
23,23.0,20.14928511992658,0.33333333333333337,0.33333333333333337,0.33333333333333337
24,24.0,21.423028783545156,0.33333333333333337,0.33333333333333337,0.33333333333333337
25,25.0,22.695167792966423,0.33333333333333337,0.33333333333333337,0.33333333333333337
26,26.0,23.963141223515898,0.33333333333333337,0.33333333333333337,0.33333333333333337
27,27.0,25.224685898775267,0.33333333333333337,0.33333333333333337,0.33333333333333337
28,28.0,26.477829247520948,0.33333333333333337,0.33333333333333337,0.33333333333333337
29,29.0,27.720879968916847,0.33333333333333337,0.33333333333333337,0.33333333333333337
30,30.0,28.95241681848399,0.33333333333333337,0.33333333333333337,0.33333333333333337
31,31.0,30.17127581490958,0.33333333333333337,0.33333333333333337,0.33333333333333337
32,32.0,31.376536153543515,0.33333333333333337,0.33333333333333337,0.33333333333333337
33,33.0,32.567505096778625,0.33333333333333337,0.33333333333333337,0.33333333333333337
34,34.0,33.74370209472243,0.33333333333333337,0.33333333333333337,0.33333333333333337
35,35.0,34.90484237192463,0.33333333333333337,0.33333333333333337,0.33333333333333337
36,36.0,36.05082019768737,0.33333333333333337,0.33333333333333337,0.33333333333333337
37,37.0,37.18169203889697,0.33333333333333337,0.33333333333333337,0.33333333333333337
38,38.0,38.29765977559663,0.33333333333333337,0.33333333333333337,0.33333333333333337
39,39.0,39.399054140870355,0.33333333333333337,0.33333333333333337,0.33333333333333337
40,40.0,40.48631852820801,0.33333333333333337,0.33333333333333337,0.33333333333333337
41,41.0,41.55999329152982,0.33333333333333337,0.33333333333333337,0.33333333333333337
42,42.0,42.62070064560415,0.33333333333333337,0.33333333333333337,0.33333333333333337
43,43.0,43.669130257815,0.33333333333333337,0.33333333333333337,0.33333333333333337
44,44.0,44.70602560622662,0.33333333333333337,0.33333333333333337,0.33333333333333337
45,45.0,45.73217116373481,0.33333333333333337,0.33333333333333337,0.33333333333333337
46,46.0,46.748380453854836,0.33333333333333337,0.33333333333333337,0.33333333333333337
47,47.0,47.755485010424316,0.33333333333333337,0.33333333333333337,0.33333333333333337
48,48.0,48.7543242612326,0.33333333333333337,0.33333333333333337,0.33333333333333337
49,49.0,49.745736344347726,0.33333333333333337,0.33333333333333337,0.33333333333333337
50,50.0,50.730549855707864,0.33333333333333337,0.33333333333333337,0.33333333333333337
51,51.0,51.70957651737491,0.33333333333333337,0.33333333333333337,0.33333333333333337
52,52.0,52.68360474770151,0.33333333333333337,0.33333333333333337,0.33333333333333337
53,53.0,53.65339410751842,0.33333333333333337,0.33333333333333337,0.33333333333333337
54,54.0,54.61967059027847,0.33333333333333337,0.33333333333333337,0.33333333333333337
55,55.0,55.58312271885972,0.33333333333333337,0.33333333333333337,0.33333333333333337
56,56.0,56.544398407394254,0.33333333333333337,0.33333333333333337,0.33333333333333337
57,57.0,57.504102543001395,0.33333333333333337,0.33333333333333337,0.33333333333333337
58,58.0,58.462795239617805,0.33333333333333337,0.33333333333333337,0.33333333333333337
59,59.0,59.42099071417639,0.33333333333333337,0.33333333333333337,0.33333333333333337
60,60.0,60.379156734137354,0.33333333333333337,0.33333333333333337,0.33333333333333337
61,61.0,61.337714584760846,0.33333333333333337,0.33333333333333337,0.33333333333333337
62,62.0,62.29703950447439,0.33333333333333337,0.33333333333333337,0.33333333333333337
63,63.0,63.257461537171835,0.33333333333333337,0.33333333333333337,0.33333333333333337
64,64.0,64.21926675122782,0.33333333333333337,0.33333333333333337,0.33333333333333337
65,65.0,65.18269877636592,0.33333333333333337,0.33333333333333337,0.33333333333333337
66,66.0,66.14796061122655,0.33333333333333337,0.33333333333333337,0.33333333333333337
67,67.0,67.11521665648885,0.33333333333333337,0.33333333333333337,0.33333333333333337
68,68.0,68.08459493066005,0.33333333333333337,0.33333333333333337,0.33333333333333337
69,69.0,69.05618942810752,0.33333333333333337,0.33333333333333337,0.33333333333333337
70,70.0,70.03006258152917,0.33333333333333337,0.33333333333333337,0.33333333333333337
71,71.0,71.00624779379335,0.33333333333333337,0.33333333333333337,0.33333333333333337
72,72.0,71.98475200689319,0.33333333333333337,0.33333333333333337,0.33333333333333337
73,73.0,72.96555827861411,0.33333333333333337,0.33333333333333337,0.33333333333333337
74,74.0,73.94862834037681,0.33333333333333337,0.33333333333333337,0.33333333333333337
75,75.0,74.93390511255946,0.33333333333333337,0.33333333333333337,0.33333333333333337
76,76.0,75.92131515639825,0.33333333333333337,0.33333333333333337,0.33333333333333337
77,77.0,76.91077104428919,0.33333333333333337,0.33333333333333337,0.33333333333333337
78,78.0,77.90217363294813,0.33333333333333337,0.33333333333333337,0.33333333333333337
79,79.0,78.89541422641172,0.33333333333333337,0.33333333333333337,0.33333333333333337
80,80.0,79.89037661826481,0.33333333333333337,0.33333333333333337,0.33333333333333337
81,81.0,80.88693900474995,0.33333333333333337,0.33333333333333337,0.33333333333333337
82,82.0,81.88497576253909,0.33333333333333337,0.33333333333333337,0.33333333333333337
83,83.0,82.88435908692391,0.33333333333333337,0.33333333333333337,0.33333333333333337
84,84.0,83.88496048800103,0.33333333333333337,0.33333333333333337,0.33333333333333337
85,85.0,84.88665214409042,0.33333333333333337,0.33333333333333337,0.33333333333333337
86,86.0,85.88930811312994,0.33333333333333337,0.33333333333333337,0.33333333333333337
87,87.0,86.89280540413424,0.33333333333333337,0.33333333333333337,0.33333333333333337
88,88.0,87.89702491199675,0.33333333333333337,0.33333333333333337,0.33333333333333337
89,89.0,88.90185221995306,0.33333333333333337,0.33333333333333337,0.33333333333333337
90,90.0,89.90717827491419,0.33333333333333337,0.33333333333333337,0.33333333333333337
91,91.0,90.91289994163006,0.33333333333333337,0.33333333333333337,0.33333333333333337
92,92.0,91.91892044225806,0.33333333333333337,0.33333333333333337,0.33333333333333337
93,93.0,92.92514968840067,0.33333333333333337,0.33333333333333337,0.33333333333333337
94,94.0,93.93150451304501,0.33333333333333337,0.33333333333333337,0.33333333333333337
95,95.0,94.93790881009448,0.33333333333333337,0.33333333333333337,0.33333333333333337
96,96.0,95.94429358933806,0.33333333333333337,0.33333333333333337,0.33333333333333337
97,97.0,96.9505969547639,0.33333333333333337,0.33333333333333337,0.33333333333333337
98,98.0,97.9567640140995,0.33333333333333337,0.33333333333333337,0.33333333333333337
99,99.0,98.97274672736056,0.33333333333333337,0.33333333333333337,0.33333333333333337
100,100.0,99.9884037020219,0.33333333333333337,0.33333333333333337,0.33333333333333337
101,101.0,101.0036109421969,0.33333333333333337,0.33333333333333337,0.33333333333333337
102,102.0,102.01826134893241,0.33333333333333337,0.33333333333333337,0.33333333333333337
103,103.0,103.03226410150506,0.33333333333333337,0.33333333333333337,0.33333333333333337
104,104.0,104.04554393780539,0.33333333333333337,0.33333333333333337,0.33333333333333337
105,105.0,105.05804035109765,0.33333333333333337,0.33333333333333337,0.33333333333333337
106,106.0,106.06970671954969,0.33333333333333337,0.33333333333333337,0.33333333333333337
107,107.0,107.08050938396102,0.33333333333333337,0.33333333333333337,0.33333333333333337
108,108.0,108.09042668809163,0.33333333333333337,0.33333333333333337,0.33333333333333337
109,109.0,109.09944799492825,0.33333333333333337,0.33333333333333337,0.33333333333333337
110,110.0,110.10757269113195,0.33333333333333337,0.33333333333333337,0.33333333333333337
111,111.0,111.11480919080394,0.33333333333333337,0.33333333333333337,0.33333333333333337
112,112.0,112.1211739486007,0.33333333333333337,0.33333333333333337,0.33333333333333337
113,113.0,113.12669049113178,0.33333333333333337,0.33333333333333337,0.33333333333333337
114,114.0,114.13138847449842,0.33333333333333337,0.33333333333333337,0.33333333333333337
115,115.0,115.13530277478343,0.33333333333333337,0.33333333333333337,0.33333333333333337
116,116.0,116.1384726172921,0.33333333333333337,0.33333333333333337,0.33333333333333337
117,117.0,117.14094074937697,0.33333333333333337,0.33333333333333337,0.33333333333333337
118,118.0,118.14275266075958,0.33333333333333337,0.33333333333333337,0.33333333333333337
119,119.0,119.14395585439635,0.33333333333333337,0.33333333333333337,0.33333333333333337
120,120.0,120.14459917012547,0.33333333333333337,0.33333333333333337,0.33333333333333337
121,121.0,121.14473216258044,0.33333333333333337,0.33333333333333337,0.33333333333333337
122,122.0,122.1444045341641,0.33333333333333337,0.33333333333333337,0.33333333333333337
123,123.0,123.14366562324774,0.33333333333333337,0.33333333333333337,0.33333333333333337
124,124.0,124.14256394719055,0.33333333333333337,0.33333333333333337,0.33333333333333337
125,125.0,125.14114679926718,0.33333333333333337,0.33333333333333337,0.33333333333333337
126,126.0,126.13945989814347,0.33333333333333337,0.33333333333333337,0.33333333333333337
127,127.0,127.13754708815071,0.33333333333333337,0.33333333333333337,0.33333333333333337
128,128.0,128.13545008827572,0.33333333333333337,0.33333333333333337,0.33333333333333337
129,129.0,129.13320828750545,0.33333333333333337,0.33333333333333337,0.33333333333333337
130,130.0,130.13085858393714,0.33333333333333337,0.33333333333333337,0.33333333333333337
131,131.0,131.12843526488632,0.33333333333333337,0.33333333333333337,0.33333333333333337
132,132.0,132.1259699250917,0.33333333333333337,0.33333333333333337,0.33333333333333337
133,133.0,133.12349142002563,0.33333333333333337,0.33333333333333337,0.33333333333333337
134,134.0,134.12102585126593,0.33333333333333337,0.33333333333333337,0.33333333333333337
135,135.0,135.11859658086954,0.33333333333333337,0.33333333333333337,0.33333333333333337
136,136.0,136.11622427170408,0.33333333333333337,0.33333333333333337,0.33333333333333337
137,137.0,137.11392695073812,0.33333333333333337,0.33333333333333337,0.33333333333333337
138,138.0,138.1117200923614,0.33333333333333337,0.33333333333333337,0.33333333333333337
139,139.0,139.1096167188987,0.33333333333333337,0.33333333333333337,0.33333333333333337
140,140.0,140.10762751559332,0.33333333333333337,0.33333333333333337,0.33333333333333337
141,141.0,141.1057609574625,0.33333333333333337,0.33333333333333337,0.33333333333333337
142,142.0,142.1040234455702,0.33333333333333337,0.33333333333333337,0.33333333333333337
143,143.0,143.1024194504114,0.33333333333333337,0.33333333333333337,0.33333333333333337
144,144.0,144.10095166026434,0.33333333333333337,0.33333333333333337,0.33333333333333337
145,145.0,145.09962113252936,0.33333333333333337,0.33333333333333337,0.33333333333333337
146,146.0,146.09842744624257,0.33333333333333337,0.33333333333333337,0.33333333333333337
147,147.0,147.09736885412207,0.33333333333333337,0.33333333333333337,0.33333333333333337
148,148.0,148.09644243267238,0.33333333333333337,0.33333333333333337,0.33333333333333337
149,149.0,149.09564422904091,0.33333333333333337,0.33333333333333337,0.33333333333333337
150,150.0,150.0949694034822,0.33333333333333337,0.33333333333333337,0.33333333333333337
151,151.0,151.09441236644454,0.33333333333333337,0.33333333333333337,0.33333333333333337
152,152.0,152.09396690944624,0.33333333333333337,0.33333333333333337,0.33333333333333337
153,153.0,153.09362632905328,0.33333333333333337,0.33333333333333337,0.33333333333333337
154,154.0,154.09338354340906,0.33333333333333337,0.33333333333333337,0.33333333333333337
155,155.0,155.0932312008952,0.33333333333333337,0.33333333333333337,0.33333333333333337
156,156.0,156.09316178062375,0.33333333333333337,0.33333333333333337,0.33333333333333337
157,157.0,157.09316768457322,0.33333333333333337,0.33333333333333337,0.33333333333333337
158,158.0,158.093241321282,0.33333333333333337,0.33333333333333337,0.33333333333333337
159,159.0,159.0933751811071,0.33333333333333337,0.33333333333333337,0.33333333333333337
160,160.0,160.0935619031386,0.33333333333333337,0.33333333333333337,0.33333333333333337
161,161.0,161.0937943339356,0.33333333333333337,0.33333333333333337,0.33333333333333337
162,162.0,162.09406557831352,0.33333333333333337,0.33333333333333337,0.33333333333333337
163,163.0,163.09436904247053,0.33333333333333337,0.33333333333333337,0.33333333333333337
164,164.0,164.09469846978712,0.33333333333333337,0.33333333333333337,0.33333333333333337
165,165.0,165.09504796967417,0.33333333333333337,0.33333333333333337,0.33333333333333337
166,166.0,166.09541203987578,0.33333333333333337,0.33333333333333337,0.33333333333333337
167,167.0,167.0957855826585,0.33333333333333337,0.33333333333333337,0.33333333333333337
168,168.0,168.09616391533632,0.33333333333333337,0.33333333333333337,0.33333333333333337
169,169.0,169.096542775593,0.33333333333333337,0.33333333333333337,0.33333333333333337
170,170.0,170.0969183220681,0.33333333333333337,0.33333333333333337,0.33333333333333337
171,171.0,171.097287130675,0.33333333333333337,0.33333333333333337,0.33333333333333337
172,172.0,172.09764618711446,0.33333333333333337,0.33333333333333337,0.33333333333333337
173,173.0,173.09799287603886,0.33333333333333337,0.33333333333333337,0.33333333333333337
174,174.0,174.0983249673104,0.33333333333333337,0.33333333333333337,0.33333333333333337
175,175.0,175.09864059978167,0.33333333333333337,0.33333333333333337,0.33333333333333337
176,176.0,176.098938263008,0.33333333333333337,0.33333333333333337,0.33333333333333337
177,177.0,177.09921677728164,0.33333333333333337,0.33333333333333337,0.33333333333333337
178,178.0,178.09947527235508,0.33333333333333337,0.33333333333333337,0.33333333333333337
179,179.0,179.09971316519764,0.33333333333333337,0.33333333333333337,0.33333333333333337
180,180.0,180.09993013710394,0.33333333333333337,0.33333333333333337,0.33333333333333337
181,181.0,181.10012611044857,0.33333333333333337,0.33333333333333337,0.33333333333333337
182,182.0,182.1003012253543,0.33333333333333337,0.33333333333333337,0.33333333333333337
183,183.0,183.10045581651588,0.33333333333333337,0.33333333333333337,0.33333333333333337
184,184.0,184.10059039039615,0.33333333333333337,0.33333333333333337,0.33333333333333337
185,185.0,185.10070560298442,0.33333333333333337,0.33333333333333337,0.33333333333333337
186,186.0,186.10080223828402,0.33333333333333337,0.33333333333333337,0.33333333333333337
187,187.0,187.10088118767084,0.33333333333333337,0.33333333333333337,0.33333333333333337
188,188.0,188.10094343024227,0.33333333333333337,0.33333333333333337,0.33333333333333337
189,189.0,189.10099001425414,0.33333333333333337,0.33333333333333337,0.33333333333333337
190,190.0,190.10102203972227,0.33333333333333337,0.33333333333333337,0.33333333333333337
191,191.0,191.10104064224635,0.33333333333333337,0.33333333333333337,0.33333333333333337
192,192.0,192.10104697809558,0.33333333333333337,0.33333333333333337,0.33333333333333337
193,193.0,193.10104221057892,0.33333333333333337,0.33333333333333337,0.33333333333333337
194,194.0,194.10102749770815,0.33333333333333337,0.33333333333333337,0.33333333333333337
195,195.0,195.10100398114736,0.33333333333333337,0.33333333333333337,0.33333333333333337
196,196.0,196.1009727764312,0.33333333333333337,0.33333333333333337,0.33333333333333337
197,197.0,197.10093496442232,0.33333333333333337,0.33333333333333337,0.33333333333333337
198,198.0,198.1008915839701,0.33333333333333337,0.33333333333333337,0.33333333333333337
199,199.0,199.1008436257234,0.3315663661309291,0.33509435515484126,0.33333927871422975
200,200.0,200.11079202704414,0.3148295113354134,0.3453100265793514,0.33986046208523535
201,201.0,201.12063766796237,0.2984165152344294,0.3551553390407361,0.3464281457248347
202,202.0,202.13029236810917,0.28216363311906595,0.3647840632188647,0.35305230366206963
203,203.0,203.13967867456017,0.2663211974496504,0.3741324655178052,0.3595463370325447
204,204.0,204.14872956362052,0.2511750444144195,0.3832497007258432,0.36557525485973763
205,205.0,205.1573880681386,0.23659866944022914,0.3920108599387618,0.3713904706210094
206,206.0,206.1656068415235,0.2229456730222914,0.40015074702093445,0.3769035799567745
207,207.0,207.17334766915468,0.21031515451876193,0.40714789995470557,0.38253694552653283
208,208.0,208.18058093733117,0.19880218752790704,0.4132902395602295,0.3879075729118638
209,209.0,209.18728506931672,0.18805069074683892,0.4189199714464674,0.393029337806694
210,210.0,210.19344593741053,0.17811425559061678,0.4237426840794419,0.3981430603299417
211,211.0,211.19905625932088,0.16905163785783142,0.4283724961790777,0.40257586596309125
212,212.0,212.20411498644697,0.1609272380774157,0.4322227530484577,0.406850008874127
213,213.0,213.20862669099597,0.1539953565771837,0.4352986378850473,0.4107060055377695
214,214.0,214.21260095818013,0.14811939180884456,0.437825987920529,0.4140546202706269
215,215.0,215.21605178906407,0.1434502979054404,0.4391425323322341,0.41740716976232595
216,216.0,216.21899701896896,0.13967160918002863,0.4398578119212102,0.4204705788987616
217,217.0,217.22145775569368,0.13681767274890178,0.4399412448275849,0.42324108242351377
218,218.0,218.22345784118897,0.13474942307965887,0.43964138597123237,0.4256091909491092
219,219.0,219.2250233397229,0.13339034737455654,0.43892046273137836,0.4276891898940655
220,220.0,220.22618205500618,0.13286656087592336,0.4375513796308974,0.4295820594931796
221,221.0,221.22696307821107,0.13253731926212373,0.43603496385614093,0.4314277168817357
222,222.0,222.22739636831335,0.1330261396275086,0.4339591664383589,0.43301469393413294
223,223.0,223.22751236572228,0.13404531277406634,0.43146423297731384,0.43449045424862015
224,224.0,224.22734163973308,0.13549945172496788,0.42924461496415345,0.435255933310879
225,225.0,225.2269145699455,0.13751146783137977,0.42682501226675795,0.4356635199018626
226,226.0,226.2262610614372,0.13983151854628484,0.42404255878761554,0.43612592266609995
227,227.0,227.22541029316537,0.14188036729436163,0.42132972258356033,0.43678991012207835
228,228.0,228.22439049878906,0.1440462905767846,0.418864670363417,0.43708903905979873
229,229.0,229.2232287788625,0.1457290055478866,0.4168400886991927,0.4374309057529211
230,230.0,230.22195094313997,0.14755909050666913,0.4150616395466033,0.43737926994672793
231,231.0,231.2205813815583,0.1496121403138708,0.4136424801249221,0.43674537956120746
232,232.0,232.2191429623192,0.15170375765966912,0.41228906058258574,0.4360071817577455
233,233.0,233.21765695538082,0.15372160669101886,0.4110912922691075,0.43518710103987396
234,234.0,234.21614297958246,0.1561817950372264,0.4091351739998351,0.43468303096293875
235,235.0,235.21461897156811,0.15852999267282003,0.40751284290390183,0.4339571644232784
236,236.0,236.21310117463955,0.16101040142274095,0.40612707634945383,0.4328625222278055
237,237.0,237.21160414565742,0.16353543084146593,0.4043634782229768,0.43210109093555754
238,238.0,238.21014077811694,0.1662021065660781,0.40280027059348333,0.43099762284043885
239,239.0,239.2087223395493,0.1688695410969261,0.40144569311037176,0.42968476579270243
240,240.0,240.20735852144298,0.17123741103115264,0.4005529772387849,0.42820961173006267
241,241.0,241.20605749993285,0.17292452324185076,0.40032722955410865,0.4267482472040408
242,242.0,242.2048260055744,0.17428828084221182,0.40022527501336497,0.42548644414442344
243,243.0,243.20366940059606,0.17542906231737748,0.4004036566805972,0.4241672810020255
244,244.0,244.2025917621096,0.17625734518169478,0.4008752996971038,0.4228673551212016
245,245.0,245.2015959698507,0.1768941978083909,0.40047141974824124,0.422634382443368
246,246.0,246.20068379711918,0.17767785238859646,0.40036861255074013,0.4219535350606635
247,247.0,247.1998560036896,0.1779783464945907,0.39944872647638696,0.4225729270290225
248,248.0,248.1991124295661,0.1782816277222951,0.3982104738526796,0.42350789842502545
249,249.0,249.1984520885593,0.1784298934949541,0.39633398661331953,0.4252361198917266
250,250.0,250.19787326076755,0.1784355363259463,0.39349181237866565,0.4280726512953883
251,251.0,251.1973735831473,0.17838595094204512,0.3911473766300204,0.4304666724279347
252,252.0,252.19695013745763,0.17824598615046622,0.38863205428515263,0.4331219595643814
253,253.0,253.19659953496236,0.17812768392371367,0.3864009783451796,0.43547133773110686
254,254.0,254.19631799736698,0.17719281443460813,0.3847448220042315,0.4380623635611605
255,255.0,255.1961014335575,0.17586385503688143,0.3843488522704809,0.4397872926926379
256,256.0,256.19594551179335,0.1745439691790245,0.38499537499591735,0.44046065582505833
257,257.0,257.19584572708766,0.1731463252974353,0.38577978974256233,0.44107388496000266
258,258.0,258.1957974635817,0.17163095006420204,0.3874777747843056,0.4408912751514926
259,259.0,259.1957960517905,0.17004417613926506,0.38925571519392355,0.4407001086668117
260,260.0,260.19583682066053,0.16845445188773875,0.3911865926480787,0.44035895546418286
261,261.0,261.195915144437,0.16693414088765207,0.39296595835823955,0.44009990075410865
262,262.0,262.1960264843914,0.16560829671692223,0.394590504462995,0.43980119882008306
263,263.0,263.1961664255064,0.16433697271315784,0.39608987231715587,0.4395731549696866
264,264.0,264.19633070825495,0.1631719536669268,0.39733775763997153,0.43949028869310197
265,265.0,265.19651525564603,0.1619193039475594,0.3988639855972443,0.43921671045519667
266,266.0,266.19671619574154,0.16073381326935712,0.40046018177680975,0.4388060049538335
267,267.0,267.1969298798701,0.1595140354991741,0.4019071334906924,0.43857883101013384
268,268.0,268.1971528967871,0.15831865778090234,0.40321513533157866,0.43846620688751936
269,269.0,269.19738208304454,0.15735903713714508,0.4042316430133897,0.4384093198494655
270,270.0,270.19761452984574,0.15646773509316578,0.4051789957049439,0.43835326920189066
271,271.0,271.1978475866684,0.1557226860218034,0.40545204646419597,0.438825267514001
272,272.0,272.1980788619421,0.15494309417396646,0.4057737006858766,0.4392832051401573
273,273.0,273.198306221069,0.1544652295789761,0.40552013558641276,0.4400146348346114
274,274.0,274.1985277820725,0.15406882734325678,0.40514187831025933,0.4407892943464842
275,275.0,275.19874190915493,0.15336822722689708,0.4058947535363676,0.44073701923673564
276,276.0,276.1989472044376,0.1527185236692292,0.40653612177990145,0.4407453545508697
277,277.0,277.1991424981477,0.15207542405993466,0.4069651170984568,0.4409594588416089
278,278.0,278.1993268375052,0.15152520915821818,0.40762530788523343,0.44084948295654874
279,279.0,279.19949947455194,0.151319177223415,0.4081545453395182,0.4405262774370671
280,280.0,280.1996598531485,0.15141724655663963,0.4085862185620372,0.43999653488132345
281,281.0,281.1998075953539,0.15207191328367822,0.40874368736550376,0.43918439935081827
282,282.0,282.1999424873852,0.15275195915050707,0.408552628315265,0.43869541253422817
283,283.0,283.20006446533955,0.15360911880627884,0.4082816144379631,0.4381092667557583
284,284.0,284.20017360084506,0.15451041304386617,0.4079894970354918,0.4375000899206422
285,285.0,285.20027008679153,0.15547620653848418,0.4075877799296849,0.43693601353183104
286,286.0,286.2003542232755,0.15636190758243415,0.40727496601456936,0.43636312640299657
287,287.0,287.2004264038783,0.15738273567831068,0.4069388387948128,0.43567842552687663
288,288.0,288.200487102382,0.15837122966112183,0.4068214487984764,0.43480732154040186
289,289.0,289.20053686001154,0.1593111375427454,0.4064939488579384,0.43419491359931633
290,290.0,290.200576273278,0.16004051357882312,0.4060991225271403,0.4338603638940367
291,291.0,291.20060598248506,0.16043464901389534,0.4058902046301769,0.4336751463559279
292,292.0,292.20062666094657,0.16113554537849248,0.40524074000328975,0.4336237146182179
293,293.0,293.2006390049524,0.16186915241597424,0.40433218293255274,0.4337986646514732
294,294.0,294.20064372450815,0.1621358388567717,0.4037456815187379,0.43411847962449057
295,295.0,295.2006415348633,0.1625214807475867,0.4029670126274406,0.43451150662497284
296,296.0,296.20063314883424,0.1628983582230075,0.4026227117732361,0.4344789300037566
297,297.0,297.2006192699198,0.163285683449522,0.4023348615535775,0.43437945499690067
298,298.0,298.20060058619754,0.1631704737852031,0.40229476836786376,0.4345347578469333
299,299.0,299.2005777649856,0.1630196329306299,0.40216443511892364,0.4348159319504466
300,300.0,300.200551448245,0.1628870214130825,0.4022683542027934,0.4348446243841243
301,301.0,301.200522248696,0.16261852769150467,0.4023405386301554,0.43504093367834007
302,302.0,302.20049074661495,0.16255100872888534,0.40227026991589376,0.43517872135522095
303,303.0,303.20045748727586,0.1625683836381314,0.40210631594552154,0.43532530041634715
304,304.0,304.2004229789979,0.16273084968192458,0.402215420605605,0.43505372971247047
305,305.0,305.2003876917577,0.1632190995870743,0.4022715302423051,0.43450937017062063
306,306.0,306.200352056324,0.16370746509800496,0.40244896337131464,0.4338435715306805
307,307.0,307.2003164638704,0.16417294379200384,0.4026688505027428,0.43315820570525343
308,308.0,308.20028126602347,0.1645602116604185,0.40272054451718886,0.43271924382239274
309,309.0,309.200246775301,0.16513680648905538,0.4025047441854287,0.43235844932551604
310,310.0,310.2002132658978,0.16605251937074275,0.40213584869566743,0.43181163193359
311,311.0,311.2001809747759,0.16690141526195715,0.4019903423808941,0.43110824235714895
312,312.0,312.2001501030185,0.16776589306353185,0.4023756762374859,0.4298584306989825
313,313.0,313.20012081740657,0.16858963988458742,0.40299634056645983,0.428414019548953
314,314.0,314.2000932521818,0.1694328774377688,0.4037289814597405,0.42683814110249096
315,315.0,315.2000675109577,0.1704126096294958,0.4046089576349454,0.4249784327355591
316,316.0,316.20004366874645,0.1714169781291604,0.40547088360298156,0.4231121382678583
317,317.0,317.2000217740689,0.17229778467959153,0.40612375530476386,0.42157846001564486
318,318.0,318.2000018511183,0.17321003147687064,0.4067939616460723,0.41999600687705735
319,319.0,319.19998390195167,0.17420168551236465,0.40773758274278116,0.41806073174485436
320,320.0,320.19996790868214,0.17522518262660083,0.40849594758272156,0.41627886979067774
321,321.0,321.19995383565276,0.17661734870364504,0.4090979594035507,0.4142846918928044
322,322.0,322.1999416315698,0.1775837728762445,0.4095805696908723,0.4128356574328833
323,323.0,323.1999312315794,0.17841691415119584,0.4100424285140044,0.41154065733479983
324,324.0,324.19992255927224,0.17905447147766054,0.41040854133953886,0.41053698718280074
325,325.0,325.19991552860307,0.1795124563501509,0.41063142547394704,0.4098561181759022
326,326.0,326.19991004571483,0.179879021781325,0.4109719502954188,0.40914902792325636
327,327.0,327.1999060106583,0.18002314885103515,0.411643501799488,0.408333349349477
328,328.0,328.1999033190008,0.18019477571497147,0.41217847602932806,0.4076267482557006
329,329.0,329.19990186331904,0.1803068165887746,0.41297486286413926,0.40671832054708623
330,330.0,330.1999015345723,0.18036931745121637,0.4139072654248309,0.4057234171239528
331,331.0,331.19990222335446,0.18032145883255724,0.4148828771157325,0.40479566405171036
332,332.0,332.1999038210249,0.18028056638496182,0.4158915477302415,0.4038278858847968
333,333.0,333.19990622071805,0.18065091382939366,0.4164295956635483,0.4029194905070581
334,334.0,334.1999093182347,0.1810018475245239,0.4172047854424649,0.4017933670330113
335,335.0,335.19991301281726,0.18136724722780412,0.41774546119969,0.40088729157250597
336,336.0,336.2099172078135,0.181601478416924,0.41819939793324723,0.40019912364982896
337,337.0,337.21982181123195,0.18185099694237072,0.4186835500275519,0.3994654530300776
338,338.0,338.2295377361962,0.1819698143441349,0.4187396222776891,0.39929056337817614
339,339.0,339.2389866913021,0.1821163918675955,0.419055150487908,0.39882845764449665
340,340.0,340.2481008839844,0.18210988422646315,0.41872517302218804,0.39916494275134895
341,341.0,341.2568226485586,0.18181754202192352,0.41873148823005313,0.3994509697480235
342,342.0,342.2651040101899,0.18161123313333974,0.418317244389688,0.4000715224769724
343,343.0,343.27290619555606,0.18130112102707222,0.41801144513776073,0.40068743383516714
344,344.0,344.2801991004301,0.18091494815914416,0.4177253858711223,0.40135966596973366
345,345.0,345.2869607238124,0.18079347255691341,0.41724857907750024,0.40195794836558646
346,346.0,346.29317657761834,0.18063138329003783,0.41669252928868333,0.402676087421279
347,347.0,347.2988390802675,0.1803613242889974,0.4163192650291571,0.4033194106818456
348,348.0,348.30394694184906,0.18014848113584822,0.41586946236711586,0.4039820564970361
349,349.0,349.308504547854,0.18025453308459832,0.41497635230532115,0.40476911461008075
350,350.0,350.3125213477799,0.180282367126029,0.413785890145117,0.4059317427288542
351,351.0,351.31601125423543,0.1804336901565216,0.4128673032220822,0.40669900662139635
352,352.0,352.31899205750307,0.1806565602817841,0.4120262165145563,0.4073172232036598
353,353.0,353.32148485986886,0.18091086514337734,0.4110507639723334,0.4080383708842895
354,354.0,354.3235135333994,0.18160045617046075,0.40964139440095904,0.4087581494285805
355,355.0,355.32510420424296,0.1823685799751638,0.40807122273502905,0.40956019728980747
356,356.0,356.32628476595966,0.1829319270104968,0.40660362107780856,0.410464451911695
357,357.0,357.3270844238451,0.1834387346337562,0.40498167247433664,0.4115795928919075
358,358.0,358.3275332717036,0.18405840708347904,0.4034932184164664,0.4124483745000549
359,359.0,359.3276619020592,0.18591372215664256,0.40112435813616987,0.4129619197071879
360,360.0,360.3275010503587,0.18774709574478546,0.39876313955164167,0.4134897647035731
361,361.0,361.3270812733246,0.18936836251044434,0.3965872094604698,0.4140444280290861
362,362.0,362.3264326612607,0.19094196129254623,0.3944006532621786,0.4146573854452754
363,363.0,363.32558458379054,0.19325308066000252,0.39175469282132147,0.41499222651867623
364,364.0,364.3245654682295,0.1954575820867014,0.3891708659084242,0.41537155200487463
365,365.0,365.3234026095422,0.19764357248230371,0.38669658250130223,0.41565984501639425
366,366.0,366.3221220106283,0.1999238797969679,0.38435580274083103,0.4157203174622012
367,367.0,367.3207482514995,0.20211622458797676,0.3820056121162434,0.41587816329578
368,368.0,368.31930438576853,0.2040929271671712,0.38001135800532526,0.41589571482750365
369,369.0,369.31781186275305,0.2060434815019515,0.37787307163229955,0.41608344686574905
370,370.0,370.3162904734115,0.2084227885916536,0.37548175635804576,0.41609545505030077
371,371.0,371.31475831827004,0.2105913939850128,0.3732445954960913,0.41616401051889607
372,372.0,372.31323179546,0.21242279621829904,0.371167571045139,0.4164096327365621
373,373.0,373.3117256069764,0.21401082597781823,0.369381978255019,0.4166071957671629
374,374.0,374.31025278127134,0.21533617677065284,0.3677883181607774,0.41687550506856996
375,375.0,375.3088247103241,0.21661431361278216,0.36629573242603897,0.41708995396117904
376,376.0,376.30745119936836,0.21774074701473084,0.365053413074924,0.4172058399103453
377,377.0,377.3061405275146,0.21872419243996027,0.36402476790684934,0.4172510396531905
378,378.0,378.3048995175709,0.21976327220158504,0.3629340431110943,0.4173026846873208
379,379.0,379.30373361344596,0.22071134779849955,0.3619845376195691,0.4173041145819314
380,380.0,380.30264696359905,0.22146470520114858,0.36124770212383156,0.4172875926750199
381,381.0,381.3016425091008,0.22201857389689086,0.36079685506782455,0.4171845710352846
382,382.0,382.3007220749614,0.2227538646592674,0.3600992666392267,0.417146868701506
383,383.0,383.29988646348636,0.22316949500881447,0.35953987978162744,0.4172906252095582
384,384.0,384.2991355485239,0.22347252564537598,0.3591616841664999,0.4173657901881242
385,385.0,385.29846836957245,0.22416599965774456,0.3585664008721843,0.41726759947007125
386,386.0,386.29788322482045,0.22486437748459082,0.35788221787290936,0.4172534046424999
387,387.0,387.29737776229547,0.22515587922963665,0.35750715332792543,0.41733696744243787
388,388.0,388.29694906839995,0.22588002538409255,0.35683169254563757,0.4172882820702698
389,389.0,389.30659375321005,0.22656006190186587,0.35615807291797846,0.41728186518015553
390,390.0,390.31620803200707,0.22692409848111159,0.35543803841022054,0.41763786310866774
391,391.0,391.3256988026043,0.22745044441442414,0.35457010081326046,0.41797945477231524
392,392.0,392.3349835081157,0.22773092949724494,0.3538409734078706,0.4184280970948843
393,393.0,393.3439899079948,0.2282038801510516,0.3527803515703828,0.4190157682785654
394,394.0,394.3526557688061,0.2286165914628708,0.35160545381358116,0.41977795472354784
395,395.0,395.3609284858482,0.22888347253995228,0.3505738756434753,0.4205426518165722
396,396.0,396.36876464632763,0.2289927783395112,0.3495847820734605,0.4214224395870281
397,397.0,397.37612954429585,0.22899915521589903,0.34877310830971847,0.4222277364743823
398,398.0,398.38299665702425,0.22887955556247286,0.34811302263153837,0.4230074218059886
399,399.0,399.38934709190954,0.22881970221719355,0.3474585706782696,0.4237217271045367
400,400.0,400.39516901238727,0.22852865698035396,0.34700385816613855,0.4244674848535074
401,401.0,401.4004570506933,0.22832020797200409,0.3466950479667677,0.4249847440612281
402,402.0,402.40521171466185,0.2282887276561015,0.3463065489185704,0.42540472342532804
403,403.0,403.4094387950869,0.2282998465358179,0.34593372599516364,0.4257664274690185
404,404.0,404.41314877951856,0.22857884026886088,0.3456367857235293,0.4257843740076099
405,405.0,405.41635627771194,0.22874037400916417,0.34549652425541866,0.4257631017354173
406,406.0,406.4190794633088,0.2286779493268033,0.3454516123610571,0.4258704383121397
407,407.0,407.4213395357129,0.22856896623703535,0.345494481167762,0.4259365525952028
408,408.0,408.4231602055195,0.2281716485745374,0.3456313804347725,0.42619697099069026
409,409.0,409.4245672062902,0.22823229950197252,0.3454295707866205,0.42633812971140705
410,410.0,410.425587834921,0.22836680053310057,0.34506496930478614,0.4265682301621134
411,411.0,411.4262505223394,0.22872791771055323,0.3445701407271134,0.42670194156233354
412,412.0,412.4265844357926,0.22893656383812563,0.3440374037096586,0.427026032452216
413,413.0,413.42661911354264,0.22912267134485934,0.343322490137829,0.4275548385173118
414,414.0,414.42638413238217,0.22904887608200214,0.34271915744244785,0.4282319664755502
415,415.0,415.42590880801396,0.22882825424749018,0.34207614899163297,0.4290955967608771
416,416.0,416.42522192800243,0.22865503287148337,0.34122577668042353,0.4301191904480934
417,417.0,417.424351516712,0.22826650865606612,0.3405699704533002,0.4311635208906341
418,418.0,418.4233246313836,0.2277195827597553,0.34012800426380607,0.4321524129764391
419,419.0,419.42216718827416,0.22712047185271947,0.33969704729402966,0.4331824808532514
420,420.0,420.4209038175929,0.2265384239918365,0.3391914238904887,0.43427015211767533
421,421.0,421.4195577458038,0.22553332694959352,0.33881571856656556,0.4356509544838414
422,422.0,422.4181507037356,0.22456414315957046,0.3383330580386281,0.4371027988018019
423,423.0,423.41670285883686,0.22364102342905093,0.33772862549212745,0.43863035107882203
424,424.0,424.41523276983963,0.22264364099970235,0.33714449406785174,0.44021186493244635
425,425.0,425.4137573620438,0.22178632832606462,0.3365661884637297,0.4416474832102061
426,426.0,426.412291921407,0.22098063112766086,0.33612339768286725,0.4428959711894723
427,427.0,427.4108501056199,0.2205136195274308,0.33554495220627834,0.4439414282662913
428,428.0,428.40944397035526,0.22035207030562493,0.33480496030515156,0.4448429693892239
429,429.0,429.40808400891353,0.2202406607737086,0.3338929257891311,0.4458664134371606
430,430.0,430.40677920352687,0.2201808456004539,0.3328671159262719,0.44695203847327447
431,431.0,431.40553708664356,0.22027056107034304,0.3318093861975857,0.44792005273207147
432,432.0,432.4043638105822,0.220230843348665,0.3306942027309453,0.4490749539203899
433,433.0,433.4032642240211,0.2202298954657655,0.32978420672510184,0.4499858978091329
434,434.0,434.40224195387594,0.22033892511264258,0.32882362069265086,0.4508374541947068
435,435.0,435.40129949120654,0.22006414771078528,0.3281735757187987,0.45176227657041623
436,436.0,436.40043827989194,0.2198635180766163,0.3274282040706477,0.45270827785273615
437,437.0,437.39965880690994,0.21973095881554305,0.3266949737523263,0.45357406743213075
438,438.0,438.39896069315705,0.21947363921820456,0.3259492494798722,0.45457711130192335
439,439.0,439.39834278384785,0.21934451156809065,0.3252246659432027,0.45543082248870675
440,440.0,440.40780323763113,0.218806561812448,0.3246773637272088,0.45651607446034337
441,441.0,441.4172396136597,0.21832904981879608,0.3239319481306196,0.4577390020505845
442,442.0,442.4265599559489,0.21790309347004966,0.3230626265418684,0.45903427998808216
443,443.0,443.4356826644497,0.2175322158253372,0.32236184916848326,0.4601059350061797
444,444.0,444.4445362754559,0.21735509633415948,0.3218440197687428,0.4608008838970979
445,445.0,445.4530591626069,0.2170524425048652,0.3213841506644445,0.46156340683069047
446,446.0,446.4611991694168,0.21728262939421275,0.3207654964142087,0.46195187419157874
447,447.0,447.4689131838515,0.2175381706638432,0.32029928024999427,0.4621625490861627
448,448.0,448.47616666500426,0.21770066121492743,0.3195461479276787,0.462753190857394
449,449.0,449.4829331313917,0.21787865299321876,0.31871823099717406,0.46340311600960726
450,450.0,450.48919361982644,0.21802567722369406,0.31781121128469203,0.46416311149161404
451,451.0,451.4949361232194,0.2181231400366061,0.316954050269313,0.46492280969408106
452,452.0,452.5001550150409,0.2182226417288221,0.31616971608169386,0.46560764218948414
453,453.0,453.5048504675298,0.2180549932549136,0.31542254245357054,0.466522464291516
454,454.0,454.5090278700946,0.21778881538560627,0.3143720432887737,0.4678391413256201
455,455.0,455.5126972537019,0.21755154752832306,0.31340949350278285,0.46903895896889414
456,456.0,456.51587272641143,0.21725293787169575,0.31259230592030757,0.47015475620799674
457,457.0,457.51857192458596,0.21683817432502916,0.31174799291986893,0.471413832755102
