Total_iterations,Unnamed: 0.1,Intertwine_two,Add_vertex,Delete_vertex
0,0.0,0.3333333333333333,0.3333333333333333,0.3333333333333333
1,1.0,0.3333333333333333,0.3333333333333333,0.3333333333333333
2,2.0,0.3333333333333333,0.3333333333333333,0.3333333333333333
3,3.0,0.3333333333333333,0.3333333333333333,0.3333333333333333
4,4.0,0.3333333333333333,0.3333333333333333,0.3333333333333333
5,5.0,0.3333333333333333,0.3333333333333333,0.3333333333333333
6,6.0,0.3333333333333333,0.3333333333333333,0.3333333333333333
7,7.0,0.3333333333333333,0.3333333333333333,0.3333333333333333
8,8.0,0.3333333333333333,0.3333333333333333,0.3333333333333333
9,9.0,0.3333333333333333,0.3333333333333333,0.3333333333333333
10,10.0,0.3333333333333333,0.3333333333333333,0.3333333333333333
11,11.0,0.3333333333333333,0.3333333333333333,0.3333333333333333
12,12.0,0.3333333333333333,0.3333333333333333,0.3333333333333333
13,13.0,0.3333333333333333,0.3333333333333333,0.3333333333333333
14,14.0,0.3333333333333333,0.3333333333333333,0.3333333333333333
15,15.0,0.3333333333333333,0.3333333333333333,0.3333333333333333
16,16.0,0.3333333333333333,0.3333333333333333,0.3333333333333333
17,17.0,0.3333333333333333,0.3333333333333333,0.3333333333333333
18,18.0,0.3333333333333333,0.3333333333333333,0.3333333333333333
19,19.0,0.3333333333333333,0.3333333333333333,0.3333333333333333
20,20.0,0.3333333333333333,0.3333333333333333,0.3333333333333333
21,21.0,0.3333333333333333,0.3333333333333333,0.3333333333333333
22,22.0,0.3333333333333333,0.3333333333333333,0.3333333333333333
23,23.0,0.3333333333333333,0.3333333333333333,0.3333333333333333
24,24.0,0.3333333333333333,0.3333333333333333,0.3333333333333333
25,25.0,0.3333333333333333,0.3333333333333333,0.3333333333333333
26,26.0,0.3333333333333333,0.3333333333333333,0.3333333333333333
27,27.0,0.3333333333333333,0.3333333333333333,0.3333333333333333
28,28.0,0.3333333333333333,0.3333333333333333,0.3333333333333333
29,29.0,0.3333333333333333,0.3333333333333333,0.3333333333333333
30,30.0,0.3333333333333333,0.3333333333333333,0.3333333333333333
31,31.0,0.3333333333333333,0.3333333333333333,0.3333333333333333
32,32.0,0.3333333333333333,0.3333333333333333,0.3333333333333333
33,33.0,0.3333333333333333,0.3333333333333333,0.3333333333333333
34,34.0,0.3333333333333333,0.3333333333333333,0.3333333333333333
35,35.0,0.3333333333333333,0.3333333333333333,0.3333333333333333
36,36.0,0.3333333333333333,0.3333333333333333,0.3333333333333333
37,37.0,0.3333333333333333,0.3333333333333333,0.3333333333333333
38,38.0,0.3333333333333333,0.3333333333333333,0.3333333333333333
39,39.0,0.3333333333333333,0.3333333333333333,0.3333333333333333
40,40.0,0.3333333333333333,0.3333333333333333,0.3333333333333333
41,41.0,0.3333333333333333,0.3333333333333333,0.3333333333333333
42,42.0,0.3333333333333333,0.3333333333333333,0.3333333333333333
43,43.0,0.3333333333333333,0.3333333333333333,0.3333333333333333
44,44.0,0.3333333333333333,0.3333333333333333,0.3333333333333333
45,45.0,0.3333333333333333,0.3333333333333333,0.3333333333333333
46,46.0,0.3333333333333333,0.3333333333333333,0.3333333333333333
47,47.0,0.3333333333333333,0.3333333333333333,0.3333333333333333
48,48.0,0.3333333333333333,0.3333333333333333,0.3333333333333333
49,49.0,0.3333333333333333,0.3333333333333333,0.3333333333333333
50,50.0,0.3333333333333333,0.3333333333333333,0.3333333333333333
51,51.0,0.3333333333333333,0.3333333333333333,0.3333333333333333
52,52.0,0.3333333333333333,0.3333333333333333,0.3333333333333333
53,53.0,0.3333333333333333,0.3333333333333333,0.3333333333333333
54,54.0,0.3333333333333333,0.3333333333333333,0.3333333333333333
55,55.0,0.3333333333333333,0.3333333333333333,0.3333333333333333
56,56.0,0.3333333333333333,0.3333333333333333,0.3333333333333333
57,57.0,0.3333333333333333,0.3333333333333333,0.3333333333333333
58,58.0,0.3333333333333333,0.3333333333333333,0.3333333333333333
59,59.0,0.3333333333333333,0.3333333333333333,0.3333333333333333
60,60.0,0.3333333333333333,0.3333333333333333,0.3333333333333333
61,61.0,0.3333333333333333,0.3333333333333333,0.3333333333333333
62,62.0,0.3333333333333333,0.3333333333333333,0.3333333333333333
63,63.0,0.3333333333333333,0.3333333333333333,0.3333333333333333
64,64.0,0.3333333333333333,0.3333333333333333,0.3333333333333333
65,65.0,0.3333333333333333,0.3333333333333333,0.3333333333333333
66,66.0,0.3333333333333333,0.3333333333333333,0.3333333333333333
67,67.0,0.3333333333333333,0.3333333333333333,0.3333333333333333
68,68.0,0.3333333333333333,0.3333333333333333,0.3333333333333333
69,69.0,0.3333333333333333,0.3333333333333333,0.3333333333333333
70,70.0,0.3333333333333333,0.3333333333333333,0.3333333333333333
71,71.0,0.3333333333333333,0.3333333333333333,0.3333333333333333
72,72.0,0.3333333333333333,0.3333333333333333,0.3333333333333333
73,73.0,0.3333333333333333,0.3333333333333333,0.3333333333333333
74,74.0,0.3333333333333333,0.3333333333333333,0.3333333333333333
75,75.0,0.3333333333333333,0.3333333333333333,0.3333333333333333
76,76.0,0.3333333333333333,0.3333333333333333,0.3333333333333333
77,77.0,0.3333333333333333,0.3333333333333333,0.3333333333333333
78,78.0,0.3333333333333333,0.3333333333333333,0.3333333333333333
79,79.0,0.3333333333333333,0.3333333333333333,0.3333333333333333
80,80.0,0.3333333333333333,0.3333333333333333,0.3333333333333333
81,81.0,0.3333333333333333,0.3333333333333333,0.3333333333333333
82,82.0,0.3333333333333333,0.3333333333333333,0.3333333333333333
83,83.0,0.3333333333333333,0.3333333333333333,0.3333333333333333
84,84.0,0.3333333333333333,0.3333333333333333,0.3333333333333333
85,85.0,0.3333333333333333,0.3333333333333333,0.3333333333333333
86,86.0,0.3333333333333333,0.3333333333333333,0.3333333333333333
87,87.0,0.3333333333333333,0.3333333333333333,0.3333333333333333
88,88.0,0.3333333333333333,0.3333333333333333,0.3333333333333333
89,89.0,0.3333333333333333,0.3333333333333333,0.3333333333333333
90,90.0,0.3333333333333333,0.3333333333333333,0.3333333333333333
91,91.0,0.3333333333333333,0.3333333333333333,0.3333333333333333
92,92.0,0.3333333333333333,0.3333333333333333,0.3333333333333333
93,93.0,0.3333333333333333,0.3333333333333333,0.3333333333333333
94,94.0,0.3333333333333333,0.3333333333333333,0.3333333333333333
95,95.0,0.3333333333333333,0.3333333333333333,0.3333333333333333
96,96.0,0.3333333333333333,0.3333333333333333,0.3333333333333333
97,97.0,0.3333333333333333,0.3333333333333333,0.3333333333333333
98,98.0,0.3333333333333333,0.3333333333333333,0.3333333333333333
99,99.0,0.3333333333333333,0.3333333333333333,0.3333333333333333
100,100.0,0.3333333333333333,0.3333333333333333,0.3333333333333333
101,101.0,0.3333333333333333,0.3333333333333333,0.3333333333333333
102,102.0,0.3333333333333333,0.3333333333333333,0.3333333333333333
103,103.0,0.3333333333333333,0.3333333333333333,0.3333333333333333
104,104.0,0.3333333333333333,0.3333333333333333,0.3333333333333333
105,105.0,0.3333333333333333,0.3333333333333333,0.3333333333333333
106,106.0,0.3333333333333333,0.3333333333333333,0.3333333333333333
107,107.0,0.3333333333333333,0.3333333333333333,0.3333333333333333
108,108.0,0.3333333333333333,0.3333333333333333,0.3333333333333333
109,109.0,0.3333333333333333,0.3333333333333333,0.3333333333333333
110,110.0,0.3333333333333333,0.3333333333333333,0.3333333333333333
111,111.0,0.3333333333333333,0.3333333333333333,0.3333333333333333
112,112.0,0.3333333333333333,0.3333333333333333,0.3333333333333333
113,113.0,0.3333333333333333,0.3333333333333333,0.3333333333333333
114,114.0,0.3333333333333333,0.3333333333333333,0.3333333333333333
115,115.0,0.3333333333333333,0.3333333333333333,0.3333333333333333
116,116.0,0.3333333333333333,0.3333333333333333,0.3333333333333333
117,117.0,0.3333333333333333,0.3333333333333333,0.3333333333333333
118,118.0,0.3333333333333333,0.3333333333333333,0.3333333333333333
119,119.0,0.3333333333333333,0.3333333333333333,0.3333333333333333
120,120.0,0.3333333333333333,0.3333333333333333,0.3333333333333333
121,121.0,0.3333333333333333,0.3333333333333333,0.3333333333333333
122,122.0,0.3333333333333333,0.3333333333333333,0.3333333333333333
123,123.0,0.3333333333333333,0.3333333333333333,0.3333333333333333
124,124.0,0.3333333333333333,0.3333333333333333,0.3333333333333333
125,125.0,0.3333333333333333,0.3333333333333333,0.3333333333333333
126,126.0,0.3333333333333333,0.3333333333333333,0.3333333333333333
127,127.0,0.3333333333333333,0.3333333333333333,0.3333333333333333
128,128.0,0.3333333333333333,0.3333333333333333,0.3333333333333333
129,129.0,0.3333333333333333,0.3333333333333333,0.3333333333333333
130,130.0,0.3333333333333333,0.3333333333333333,0.3333333333333333
131,131.0,0.3333333333333333,0.3333333333333333,0.3333333333333333
132,132.0,0.3333333333333333,0.3333333333333333,0.3333333333333333
133,133.0,0.3333333333333333,0.3333333333333333,0.3333333333333333
134,134.0,0.3333333333333333,0.3333333333333333,0.3333333333333333
135,135.0,0.3333333333333333,0.3333333333333333,0.3333333333333333
136,136.0,0.3333333333333333,0.3333333333333333,0.3333333333333333
137,137.0,0.3333333333333333,0.3333333333333333,0.3333333333333333
138,138.0,0.3333333333333333,0.3333333333333333,0.3333333333333333
139,139.0,0.3333333333333333,0.3333333333333333,0.3333333333333333
140,140.0,0.3333333333333333,0.3333333333333333,0.3333333333333333
141,141.0,0.3333333333333333,0.3333333333333333,0.3333333333333333
142,142.0,0.3333333333333333,0.3333333333333333,0.3333333333333333
143,143.0,0.3333333333333333,0.3333333333333333,0.3333333333333333
144,144.0,0.3333333333333333,0.3333333333333333,0.3333333333333333
145,145.0,0.3333333333333333,0.3333333333333333,0.3333333333333333
146,146.0,0.3333333333333333,0.3333333333333333,0.3333333333333333
147,147.0,0.3333333333333333,0.3333333333333333,0.3333333333333333
148,148.0,0.3333333333333333,0.3333333333333333,0.3333333333333333
149,149.0,0.3333333333333333,0.3333333333333333,0.3333333333333333
150,150.0,0.3333333333333333,0.3333333333333333,0.3333333333333333
151,151.0,0.3333333333333333,0.3333333333333333,0.3333333333333333
152,152.0,0.3333333333333333,0.3333333333333333,0.3333333333333333
153,153.0,0.3333333333333333,0.3333333333333333,0.3333333333333333
154,154.0,0.3333333333333333,0.3333333333333333,0.3333333333333333
155,155.0,0.3333333333333333,0.3333333333333333,0.3333333333333333
156,156.0,0.3333333333333333,0.3333333333333333,0.3333333333333333
157,157.0,0.3333333333333333,0.3333333333333333,0.3333333333333333
158,158.0,0.3333333333333333,0.3333333333333333,0.3333333333333333
159,159.0,0.3333333333333333,0.3333333333333333,0.3333333333333333
160,160.0,0.3333333333333333,0.3333333333333333,0.3333333333333333
161,161.0,0.3333333333333333,0.3333333333333333,0.3333333333333333
162,162.0,0.3333333333333333,0.3333333333333333,0.3333333333333333
163,163.0,0.3333333333333333,0.3333333333333333,0.3333333333333333
164,164.0,0.3333333333333333,0.3333333333333333,0.3333333333333333
165,165.0,0.3333333333333333,0.3333333333333333,0.3333333333333333
166,166.0,0.3333333333333333,0.3333333333333333,0.3333333333333333
167,167.0,0.3333333333333333,0.3333333333333333,0.3333333333333333
168,168.0,0.3333333333333333,0.3333333333333333,0.3333333333333333
169,169.0,0.3333333333333333,0.3333333333333333,0.3333333333333333
170,170.0,0.3333333333333333,0.3333333333333333,0.3333333333333333
171,171.0,0.3333333333333333,0.3333333333333333,0.3333333333333333
172,172.0,0.3333333333333333,0.3333333333333333,0.3333333333333333
173,173.0,0.3333333333333333,0.3333333333333333,0.3333333333333333
174,174.0,0.3333333333333333,0.3333333333333333,0.3333333333333333
175,175.0,0.3333333333333333,0.3333333333333333,0.3333333333333333
176,176.0,0.3333333333333333,0.3333333333333333,0.3333333333333333
177,177.0,0.3333333333333333,0.3333333333333333,0.3333333333333333
178,178.0,0.3333333333333333,0.3333333333333333,0.3333333333333333
179,179.0,0.3333333333333333,0.3333333333333333,0.3333333333333333
180,180.0,0.3333333333333333,0.3333333333333333,0.3333333333333333
181,181.0,0.3333333333333333,0.3333333333333333,0.3333333333333333
182,182.0,0.3333333333333333,0.3333333333333333,0.3333333333333333
183,183.0,0.3333333333333333,0.3333333333333333,0.3333333333333333
184,184.0,0.3333333333333333,0.3333333333333333,0.3333333333333333
185,185.0,0.3333333333333333,0.3333333333333333,0.3333333333333333
186,186.0,0.3333333333333333,0.3333333333333333,0.3333333333333333
187,187.0,0.3333333333333333,0.3333333333333333,0.3333333333333333
188,188.0,0.3333333333333333,0.3333333333333333,0.3333333333333333
189,189.0,0.3333333333333333,0.3333333333333333,0.3333333333333333
190,190.0,0.3333333333333333,0.3333333333333333,0.3333333333333333
191,191.0,0.3333333333333333,0.3333333333333333,0.3333333333333333
192,192.0,0.3333333333333333,0.3333333333333333,0.3333333333333333
193,193.0,0.3333333333333333,0.3333333333333333,0.3333333333333333
194,194.0,0.3333333333333333,0.3333333333333333,0.3333333333333333
195,195.0,0.3333333333333333,0.3333333333333333,0.3333333333333333
196,196.0,0.3333333333333333,0.3333333333333333,0.3333333333333333
197,197.0,0.3333333333333333,0.3333333333333333,0.3333333333333333
198,198.0,0.3333333333333333,0.3333333333333333,0.3333333333333333
199,199.0,0.3315663661309291,0.3350943551548412,0.3333392787142297
200,200.0,0.3148295113354134,0.3453100265793514,0.3398604620852353
201,201.0,0.2984165152344294,0.3551553390407361,0.3464281457248347
202,202.0,0.2821636331190659,0.3647840632188647,0.3530523036620696
203,203.0,0.2663211974496504,0.3741324655178052,0.3595463370325447
204,204.0,0.2511750444144195,0.3832497007258432,0.3655752548597376
205,205.0,0.2365986694402291,0.3920108599387618,0.3713904706210094
206,206.0,0.2229456730222914,0.4001507470209344,0.3769035799567745
207,207.0,0.2103151545187619,0.4071478999547055,0.3825369455265328
208,208.0,0.198802187527907,0.4132902395602295,0.3879075729118638
209,209.0,0.1880506907468389,0.4189199714464674,0.393029337806694
210,210.0,0.1781142555906167,0.4237426840794419,0.3981430603299417
211,211.0,0.1690516378578314,0.4283724961790777,0.4025758659630912
212,212.0,0.1609272380774157,0.4322227530484577,0.406850008874127
213,213.0,0.1539953565771837,0.4352986378850473,0.4107060055377695
214,214.0,0.1481193918088445,0.437825987920529,0.4140546202706269
215,215.0,0.1434502979054404,0.4391425323322341,0.4174071697623259
216,216.0,0.1396716091800286,0.4398578119212102,0.4204705788987616
217,217.0,0.1368176727489017,0.4399412448275849,0.4232410824235137
218,218.0,0.1347494230796588,0.4396413859712323,0.4256091909491092
219,219.0,0.1333903473745565,0.4389204627313783,0.4276891898940655
220,220.0,0.1328665608759233,0.4375513796308974,0.4295820594931796
221,221.0,0.1325373192621237,0.4360349638561409,0.4314277168817357
222,222.0,0.1330261396275086,0.4339591664383589,0.4330146939341329
223,223.0,0.1340453127740663,0.4314642329773138,0.4344904542486201
224,224.0,0.1354994517249678,0.4292446149641534,0.435255933310879
225,225.0,0.1375114678313797,0.4268250122667579,0.4356635199018626
226,226.0,0.1398315185462848,0.4240425587876155,0.4361259226660999
227,227.0,0.1418803672943616,0.4213297225835603,0.4367899101220783
228,228.0,0.1440462905767846,0.418864670363417,0.4370890390597987
229,229.0,0.1457290055478866,0.4168400886991927,0.4374309057529211
230,230.0,0.1475590905066691,0.4150616395466033,0.4373792699467279
231,231.0,0.1496121403138708,0.4136424801249221,0.4367453795612074
232,232.0,0.1517037576596691,0.4122890605825857,0.4360071817577455
233,233.0,0.1537216066910188,0.4110912922691075,0.4351871010398739
234,234.0,0.1561817950372264,0.4091351739998351,0.4346830309629387
235,235.0,0.15852999267282,0.4075128429039018,0.4339571644232784
236,236.0,0.1610104014227409,0.4061270763494538,0.4328625222278055
237,237.0,0.1635354308414659,0.4043634782229768,0.4321010909355575
238,238.0,0.1662021065660781,0.4028002705934833,0.4309976228404388
239,239.0,0.1688695410969261,0.4014456931103717,0.4296847657927024
240,240.0,0.1712374110311526,0.4005529772387849,0.4282096117300626
241,241.0,0.1729245232418507,0.4003272295541086,0.4267482472040408
242,242.0,0.1742882808422118,0.4002252750133649,0.4254864441444234
243,243.0,0.1754290623173774,0.4004036566805972,0.4241672810020255
244,244.0,0.1762573451816947,0.4008752996971038,0.4228673551212016
245,245.0,0.1768941978083909,0.4004714197482412,0.422634382443368
246,246.0,0.1776778523885964,0.4003686125507401,0.4219535350606635
247,247.0,0.1779783464945907,0.3994487264763869,0.4225729270290225
248,248.0,0.1782816277222951,0.3982104738526796,0.4235078984250254
249,249.0,0.1784298934949541,0.3963339866133195,0.4252361198917266
250,250.0,0.1784355363259463,0.3934918123786656,0.4280726512953883
251,251.0,0.1783859509420451,0.3911473766300204,0.4304666724279347
252,252.0,0.1782459861504662,0.3886320542851526,0.4331219595643814
253,253.0,0.1781276839237136,0.3864009783451796,0.4354713377311068
254,254.0,0.1771928144346081,0.3847448220042315,0.4380623635611605
255,255.0,0.1758638550368814,0.3843488522704809,0.4397872926926379
256,256.0,0.1745439691790245,0.3849953749959173,0.4404606558250583
257,257.0,0.1731463252974353,0.3857797897425623,0.4410738849600026
258,258.0,0.171630950064202,0.3874777747843056,0.4408912751514926
259,259.0,0.170044176139265,0.3892557151939235,0.4407001086668117
260,260.0,0.1684544518877387,0.3911865926480787,0.4403589554641828
261,261.0,0.166934140887652,0.3929659583582395,0.4400999007541086
262,262.0,0.1656082967169222,0.394590504462995,0.439801198820083
263,263.0,0.1643369727131578,0.3960898723171558,0.4395731549696866
264,264.0,0.1631719536669268,0.3973377576399715,0.4394902886931019
265,265.0,0.1619193039475594,0.3988639855972443,0.4392167104551966
266,266.0,0.1607338132693571,0.4004601817768097,0.4388060049538335
267,267.0,0.1595140354991741,0.4019071334906924,0.4385788310101338
268,268.0,0.1583186577809023,0.4032151353315786,0.4384662068875193
269,269.0,0.157359037137145,0.4042316430133897,0.4384093198494655
270,270.0,0.1564677350931657,0.4051789957049439,0.4383532692018906
271,271.0,0.1557226860218034,0.4054520464641959,0.438825267514001
272,272.0,0.1549430941739664,0.4057737006858766,0.4392832051401573
273,273.0,0.1544652295789761,0.4055201355864127,0.4400146348346114
274,274.0,0.1540688273432567,0.4051418783102593,0.4407892943464842
275,275.0,0.153368227226897,0.4058947535363676,0.4407370192367356
276,276.0,0.1527185236692292,0.4065361217799014,0.4407453545508697
277,277.0,0.1520754240599346,0.4069651170984568,0.4409594588416089
278,278.0,0.1515252091582181,0.4076253078852334,0.4408494829565487
279,279.0,0.151319177223415,0.4081545453395182,0.4405262774370671
280,280.0,0.1514172465566396,0.4085862185620372,0.4399965348813234
281,281.0,0.1520719132836782,0.4087436873655037,0.4391843993508182
282,282.0,0.152751959150507,0.408552628315265,0.4386954125342281
283,283.0,0.1536091188062788,0.4082816144379631,0.4381092667557583
284,284.0,0.1545104130438661,0.4079894970354918,0.4375000899206422
285,285.0,0.1554762065384841,0.4075877799296849,0.436936013531831
286,286.0,0.1563619075824341,0.4072749660145693,0.4363631264029965
287,287.0,0.1573827356783106,0.4069388387948128,0.4356784255268766
288,288.0,0.1583712296611218,0.4068214487984764,0.4348073215404018
289,289.0,0.1593111375427454,0.4064939488579384,0.4341949135993163
290,290.0,0.1600405135788231,0.4060991225271403,0.4338603638940367
291,291.0,0.1604346490138953,0.4058902046301769,0.4336751463559279
292,292.0,0.1611355453784924,0.4052407400032897,0.4336237146182179
293,293.0,0.1618691524159742,0.4043321829325527,0.4337986646514732
294,294.0,0.1621358388567717,0.4037456815187379,0.4341184796244905
295,295.0,0.1625214807475867,0.4029670126274406,0.4345115066249728
296,296.0,0.1628983582230075,0.4026227117732361,0.4344789300037566
297,297.0,0.163285683449522,0.4023348615535775,0.4343794549969006
298,298.0,0.1631704737852031,0.4022947683678637,0.4345347578469333
299,299.0,0.1630196329306299,0.4021644351189236,0.4348159319504466
300,300.0,0.1628870214130825,0.4022683542027934,0.4348446243841243
301,301.0,0.1626185276915046,0.4023405386301554,0.43504093367834
302,302.0,0.1625510087288853,0.4022702699158937,0.4351787213552209
303,303.0,0.1625683836381314,0.4021063159455215,0.4353253004163471
304,304.0,0.1627308496819245,0.402215420605605,0.4350537297124704
305,305.0,0.1632190995870743,0.4022715302423051,0.4345093701706206
306,306.0,0.1637074650980049,0.4024489633713146,0.4338435715306805
307,307.0,0.1641729437920038,0.4026688505027428,0.4331582057052534
308,308.0,0.1645602116604185,0.4027205445171888,0.4327192438223927
309,309.0,0.1651368064890553,0.4025047441854287,0.432358449325516
310,310.0,0.1660525193707427,0.4021358486956674,0.43181163193359
311,311.0,0.1669014152619571,0.4019903423808941,0.4311082423571489
312,312.0,0.1677658930635318,0.4023756762374859,0.4298584306989825
313,313.0,0.1685896398845874,0.4029963405664598,0.428414019548953
314,314.0,0.1694328774377688,0.4037289814597405,0.4268381411024909
315,315.0,0.1704126096294958,0.4046089576349454,0.4249784327355591
316,316.0,0.1714169781291604,0.4054708836029815,0.4231121382678583
317,317.0,0.1722977846795915,0.4061237553047638,0.4215784600156448
318,318.0,0.1732100314768706,0.4067939616460723,0.4199960068770573
319,319.0,0.1742016855123646,0.4077375827427811,0.4180607317448543
320,320.0,0.1752251826266008,0.4084959475827215,0.4162788697906777
321,321.0,0.176617348703645,0.4090979594035507,0.4142846918928044
322,322.0,0.1775837728762445,0.4095805696908723,0.4128356574328833
323,323.0,0.1784169141511958,0.4100424285140044,0.4115406573347998
324,324.0,0.1790544714776605,0.4104085413395388,0.4105369871828007
325,325.0,0.1795124563501509,0.410631425473947,0.4098561181759022
326,326.0,0.179879021781325,0.4109719502954188,0.4091490279232563
327,327.0,0.1800231488510351,0.411643501799488,0.408333349349477
328,328.0,0.1801947757149714,0.412178476029328,0.4076267482557006
329,329.0,0.1803068165887746,0.4129748628641392,0.4067183205470862
330,330.0,0.1803693174512163,0.4139072654248309,0.4057234171239528
331,331.0,0.1803214588325572,0.4148828771157325,0.4047956640517103
332,332.0,0.1802805663849618,0.4158915477302415,0.4038278858847968
333,333.0,0.1806509138293936,0.4164295956635483,0.4029194905070581
334,334.0,0.1810018475245239,0.4172047854424649,0.4017933670330113
335,335.0,0.1813672472278041,0.41774546119969,0.4008872915725059
336,336.0,0.181601478416924,0.4181993979332472,0.4001991236498289
337,337.0,0.1818509969423707,0.4186835500275519,0.3994654530300776
338,338.0,0.1819698143441349,0.4187396222776891,0.3992905633781761
339,339.0,0.1821163918675955,0.419055150487908,0.3988284576444966
340,340.0,0.1821098842264631,0.418725173022188,0.3991649427513489
341,341.0,0.1818175420219235,0.4187314882300531,0.3994509697480235
342,342.0,0.1816112331333397,0.418317244389688,0.4000715224769724
343,343.0,0.1813011210270722,0.4180114451377607,0.4006874338351671
344,344.0,0.1809149481591441,0.4177253858711223,0.4013596659697336
345,345.0,0.1807934725569134,0.4172485790775002,0.4019579483655864
346,346.0,0.1806313832900378,0.4166925292886833,0.402676087421279
347,347.0,0.1803613242889974,0.4163192650291571,0.4033194106818456
348,348.0,0.1801484811358482,0.4158694623671158,0.4039820564970361
349,349.0,0.1802545330845983,0.4149763523053211,0.4047691146100807
350,350.0,0.180282367126029,0.413785890145117,0.4059317427288542
351,351.0,0.1804336901565216,0.4128673032220822,0.4066990066213963
352,352.0,0.1806565602817841,0.4120262165145563,0.4073172232036598
353,353.0,0.1809108651433773,0.4110507639723334,0.4080383708842895
354,354.0,0.1816004561704607,0.409641394400959,0.4087581494285805
355,355.0,0.1823685799751638,0.408071222735029,0.4095601972898074
356,356.0,0.1829319270104968,0.4066036210778085,0.410464451911695
357,357.0,0.1834387346337562,0.4049816724743366,0.4115795928919075
358,358.0,0.184058407083479,0.4034932184164664,0.4124483745000549
359,359.0,0.1859137221566425,0.4011243581361698,0.4129619197071879
360,360.0,0.1877470957447854,0.3987631395516416,0.4134897647035731
361,361.0,0.1893683625104443,0.3965872094604698,0.4140444280290861
362,362.0,0.1909419612925462,0.3944006532621786,0.4146573854452754
363,363.0,0.1932530806600025,0.3917546928213214,0.4149922265186762
364,364.0,0.1954575820867014,0.3891708659084242,0.4153715520048746
365,365.0,0.1976435724823037,0.3866965825013022,0.4156598450163942
366,366.0,0.1999238797969679,0.384355802740831,0.4157203174622012
367,367.0,0.2021162245879767,0.3820056121162434,0.41587816329578
368,368.0,0.2040929271671712,0.3800113580053252,0.4158957148275036
369,369.0,0.2060434815019515,0.3778730716322995,0.416083446865749
370,370.0,0.2084227885916536,0.3754817563580457,0.4160954550503007
371,371.0,0.2105913939850128,0.3732445954960913,0.416164010518896
372,372.0,0.212422796218299,0.371167571045139,0.4164096327365621
373,373.0,0.2140108259778182,0.369381978255019,0.4166071957671629
374,374.0,0.2153361767706528,0.3677883181607774,0.4168755050685699
375,375.0,0.2166143136127821,0.3662957324260389,0.417089953961179
376,376.0,0.2177407470147308,0.365053413074924,0.4172058399103453
377,377.0,0.2187241924399602,0.3640247679068493,0.4172510396531905
378,378.0,0.219763272201585,0.3629340431110943,0.4173026846873208
379,379.0,0.2207113477984995,0.3619845376195691,0.4173041145819314
380,380.0,0.2214647052011485,0.3612477021238315,0.4172875926750199
381,381.0,0.2220185738968908,0.3607968550678245,0.4171845710352846
382,382.0,0.2227538646592674,0.3600992666392267,0.417146868701506
383,383.0,0.2231694950088144,0.3595398797816274,0.4172906252095582
384,384.0,0.2234725256453759,0.3591616841664999,0.4173657901881242
385,385.0,0.2241659996577445,0.3585664008721843,0.4172675994700712
386,386.0,0.2248643774845908,0.3578822178729093,0.4172534046424999
387,387.0,0.2251558792296366,0.3575071533279254,0.4173369674424378
388,388.0,0.2258800253840925,0.3568316925456375,0.4172882820702698
389,389.0,0.2265600619018658,0.3561580729179784,0.4172818651801555
390,390.0,0.2269240984811115,0.3554380384102205,0.4176378631086677
391,391.0,0.2274504444144241,0.3545701008132604,0.4179794547723152
392,392.0,0.2277309294972449,0.3538409734078706,0.4184280970948843
393,393.0,0.2282038801510516,0.3527803515703828,0.4190157682785654
394,394.0,0.2286165914628708,0.3516054538135811,0.4197779547235478
395,395.0,0.2288834725399522,0.3505738756434753,0.4205426518165722
396,396.0,0.2289927783395112,0.3495847820734605,0.4214224395870281
397,397.0,0.228999155215899,0.3487731083097184,0.4222277364743823
398,398.0,0.2288795555624728,0.3481130226315383,0.4230074218059886
399,399.0,0.2288197022171935,0.3474585706782696,0.4237217271045367
400,400.0,0.2285286569803539,0.3470038581661385,0.4244674848535074
401,401.0,0.228320207972004,0.3466950479667677,0.4249847440612281
402,402.0,0.2282887276561015,0.3463065489185704,0.425404723425328
403,403.0,0.2282998465358179,0.3459337259951636,0.4257664274690185
404,404.0,0.2285788402688608,0.3456367857235293,0.4257843740076099
405,405.0,0.2287403740091641,0.3454965242554186,0.4257631017354173
406,406.0,0.2286779493268033,0.3454516123610571,0.4258704383121397
407,407.0,0.2285689662370353,0.345494481167762,0.4259365525952028
408,408.0,0.2281716485745374,0.3456313804347725,0.4261969709906902
409,409.0,0.2282322995019725,0.3454295707866205,0.426338129711407
410,410.0,0.2283668005331005,0.3450649693047861,0.4265682301621134
411,411.0,0.2287279177105532,0.3445701407271134,0.4267019415623335
412,412.0,0.2289365638381256,0.3440374037096586,0.427026032452216
413,413.0,0.2291226713448593,0.343322490137829,0.4275548385173118
414,414.0,0.2290488760820021,0.3427191574424478,0.4282319664755502
415,415.0,0.2288282542474901,0.3420761489916329,0.4290955967608771
416,416.0,0.2286550328714833,0.3412257766804235,0.4301191904480934
417,417.0,0.2282665086560661,0.3405699704533002,0.4311635208906341
418,418.0,0.2277195827597553,0.340128004263806,0.4321524129764391
419,419.0,0.2271204718527194,0.3396970472940296,0.4331824808532514
420,420.0,0.2265384239918365,0.3391914238904887,0.4342701521176753
421,421.0,0.2255333269495935,0.3388157185665655,0.4356509544838414
422,422.0,0.2245641431595704,0.3383330580386281,0.4371027988018019
423,423.0,0.2236410234290509,0.3377286254921274,0.438630351078822
424,424.0,0.2226436409997023,0.3371444940678517,0.4402118649324463
425,425.0,0.2217863283260646,0.3365661884637297,0.4416474832102061
426,426.0,0.2209806311276608,0.3361233976828672,0.4428959711894723
427,427.0,0.2205136195274308,0.3355449522062783,0.4439414282662913
428,428.0,0.2203520703056249,0.3348049603051515,0.4448429693892239
429,429.0,0.2202406607737086,0.3338929257891311,0.4458664134371606
430,430.0,0.2201808456004539,0.3328671159262719,0.4469520384732744
431,431.0,0.220270561070343,0.3318093861975857,0.4479200527320714
432,432.0,0.220230843348665,0.3306942027309453,0.4490749539203899
433,433.0,0.2202298954657655,0.3297842067251018,0.4499858978091329
434,434.0,0.2203389251126425,0.3288236206926508,0.4508374541947068
435,435.0,0.2200641477107852,0.3281735757187987,0.4517622765704162
436,436.0,0.2198635180766163,0.3274282040706477,0.4527082778527361
437,437.0,0.219730958815543,0.3266949737523263,0.4535740674321307
438,438.0,0.2194736392182045,0.3259492494798722,0.4545771113019233
439,439.0,0.2193445115680906,0.3252246659432027,0.4554308224887067
440,440.0,0.218806561812448,0.3246773637272088,0.4565160744603433
441,441.0,0.218329049818796,0.3239319481306196,0.4577390020505845
442,442.0,0.2179030934700496,0.3230626265418684,0.4590342799880821
443,443.0,0.2175322158253372,0.3223618491684832,0.4601059350061797
444,444.0,0.2173550963341594,0.3218440197687428,0.4608008838970979
445,445.0,0.2170524425048652,0.3213841506644445,0.4615634068306904
446,446.0,0.2172826293942127,0.3207654964142087,0.4619518741915787
447,447.0,0.2175381706638432,0.3202992802499942,0.4621625490861627
448,448.0,0.2177006612149274,0.3195461479276787,0.462753190857394
449,449.0,0.2178786529932187,0.318718230997174,0.4634031160096072
450,450.0,0.218025677223694,0.317811211284692,0.464163111491614
451,451.0,0.2181231400366061,0.316954050269313,0.464922809694081
452,452.0,0.2182226417288221,0.3161697160816938,0.4656076421894841
453,453.0,0.2180549932549136,0.3154225424535705,0.466522464291516
454,454.0,0.2177888153856062,0.3143720432887737,0.4678391413256201
455,455.0,0.217551547528323,0.3134094935027828,0.4690389589688941
456,456.0,0.2172529378716957,0.3125923059203075,0.4701547562079967
457,457.0,0.2168381743250291,0.3117479929198689,0.471413832755102
458,458.0,0.2164153727793902,0.3109077140966108,0.472676913123999
459,459.0,0.216146510187633,0.3097321475647818,0.4741213422475853
460,460.0,0.2159234861639203,0.308753638235279,0.4753228756008008
461,461.0,0.2155416041278623,0.308073846623957,0.4763845492481808
462,462.0,0.215214576409732,0.3074285567301206,0.4773568668601475
463,463.0,0.2146767527108678,0.3071799738381777,0.4781432734509545
464,464.0,0.2141915366547752,0.3067830184865802,0.4790254448586447
465,465.0,0.2137710167389379,0.3063226861308026,0.4799062971302595
466,466.0,0.2134023792223869,0.305670782321041,0.4809268384565721
467,467.0,0.2130340066466554,0.3047920938419745,0.4821738995113702
468,468.0,0.2127997055149018,0.3040911886333365,0.4831091058517617
469,469.0,0.2125496635500114,0.3033894956263847,0.484060840823604
470,470.0,0.212348482055529,0.3026048769052976,0.4850466410391736
471,471.0,0.2122169670003466,0.3018343317328029,0.4859487012668507
472,472.0,0.2121412639828325,0.3014425597619437,0.4864161762552241
473,473.0,0.2119855541953279,0.3012845395367878,0.4867299062678846
474,474.0,0.211671981363821,0.3011721024606159,0.4871559161755634
475,475.0,0.2116425665214715,0.301089864191364,0.4872675692871648
476,476.0,0.2117359515333766,0.3011353272229343,0.4871287212436894
477,477.0,0.2118552609198377,0.3011563282532798,0.4869884108268828
478,478.0,0.2119148267657825,0.3010773320160932,0.4870078412181244
479,479.0,0.211984106749544,0.3011108057915923,0.4869050874588639
480,480.0,0.2116496067593751,0.3013763907627133,0.4869740024779117
481,481.0,0.2113726204763999,0.3019938473601049,0.4866335321634953
482,482.0,0.2110054877728393,0.3030512950191165,0.4859432172080443
483,483.0,0.2107424522839171,0.3039952257820866,0.4852623219339964
484,484.0,0.2107588669787644,0.304908397637304,0.4843327353839318
485,485.0,0.2108622605992593,0.3056236150418687,0.4835141243588721
486,486.0,0.2105042894149618,0.3065603020227808,0.4829354085622575
487,487.0,0.2101262459420027,0.3074983897730167,0.4823753642849806
488,488.0,0.209714488239965,0.3083525375594061,0.4819329742006288
489,489.0,0.2092604854735816,0.3090365810014487,0.4817029335249697
490,490.0,0.2087364825407337,0.3096199546201483,0.4816435628391181
491,491.0,0.2081143772014757,0.3102889770369383,0.481596645761586
492,492.0,0.2076222694055109,0.3110088024459487,0.4813689281485404
493,493.0,0.2072043410019935,0.3115529646545333,0.4812426943434732
494,494.0,0.2067615515018258,0.3120726419056794,0.4811658065924948
495,495.0,0.2063085549934681,0.3124751091534526,0.4812163358530792
496,496.0,0.2057677824985212,0.3126720410898418,0.481560176411637
497,497.0,0.2053939614921037,0.3130336501142795,0.4815723883936167
498,498.0,0.2051739657338004,0.3134074126704068,0.4814186215957928
499,499.0,0.2054637810614681,0.3130768844441844,0.4814593344943475
500,500.0,0.2057930724785621,0.3130423287265231,0.4811645987949148
501,501.0,0.205919013301415,0.3130680047407049,0.4810129819578801
502,502.0,0.2061359892746589,0.313441276317476,0.4804227344078652
503,503.0,0.2065116503916295,0.3135171243183873,0.4799712252899833
504,504.0,0.2069792508976221,0.3137677927819562,0.4792529563204217
505,505.0,0.2077914961400583,0.3135937536008591,0.4786147502590826
506,506.0,0.2085987723207554,0.3132189002867649,0.4781823273924797
507,507.0,0.2099820606013916,0.3122584460248778,0.4777594933737306
508,508.0,0.2112212348855965,0.3115470159101937,0.4772317492042098
509,509.0,0.2125183857137759,0.3112024039411985,0.4762792103450255
510,510.0,0.2138872350549031,0.3106298447329373,0.4754829202121596
511,511.0,0.215353513024971,0.3098302788487984,0.4748162081262306
512,512.0,0.2166224838408899,0.3088439218056248,0.4745335943534853
513,513.0,0.2179236100539938,0.3078017890841117,0.4742746008618945
514,514.0,0.219038188414814,0.3064658458753675,0.4744959657098185
515,515.0,0.2187470785750263,0.3058111964402799,0.4754417249846938
516,516.0,0.2187292626360297,0.3057264128999692,0.4755443244640011
517,517.0,0.218901302197356,0.306430354151021,0.474668343651623
518,518.0,0.2164765918429042,0.3090413862060747,0.4744820219510213
519,519.0,0.2141675165482476,0.3114002114997118,0.4744322719520406
520,520.0,0.2116268521175971,0.3130181316622284,0.4753550162201745
521,521.0,0.2090902196963555,0.3147148687859543,0.4761949115176903
522,522.0,0.2067664496994073,0.3147187147698881,0.4785148355307047
523,523.0,0.2047304888444934,0.3144267942066145,0.4808427169488922
524,524.0,0.2029532671005862,0.3141389874960094,0.4829077454034046
525,525.0,0.2012008278814118,0.3138102965009045,0.4849888756176838
526,526.0,0.1997125462945866,0.3132680055312151,0.4870194481741985
527,527.0,0.198281213805302,0.3176019217399915,0.4841168644547066
528,528.0,0.1970867587960293,0.3212873790205212,0.4816258621834496
529,529.0,0.1960685795363758,0.3250871066373466,0.4788443138262778
530,530.0,0.1951623191850401,0.3288462738457818,0.4759914069691782
531,531.0,0.1946569185863033,0.3322821228011742,0.4730609586125228
532,532.0,0.1941073668796535,0.3356512249755803,0.4702414081447664
533,533.0,0.1937162554584546,0.338589412303219,0.4676943322383267
534,534.0,0.1934801064025064,0.3412651597109277,0.4652547338865661
535,535.0,0.1934286758701959,0.3438483513085726,0.4627229728212317
536,536.0,0.1934259229473006,0.3460587472362065,0.460515329816493
537,537.0,0.1937503159744222,0.347917490712175,0.4583321933134029
538,538.0,0.1943418847513549,0.3494267688172618,0.4562313464313834
539,539.0,0.1950363903586557,0.3508743449070176,0.4540892647343267
540,540.0,0.1961075279788516,0.3517119040644543,0.4521805679566941
541,541.0,0.1969309896102844,0.3524103292091535,0.4506586811805621
542,542.0,0.1979578854000705,0.352626463065662,0.4494156515342676
543,543.0,0.1989180622294088,0.3525329993740383,0.4485489383965529
544,544.0,0.1998959453402293,0.3520545466880098,0.4480495079717609
545,545.0,0.200885670292792,0.3516570530558607,0.4474572766513474
546,546.0,0.2020082467573397,0.3506759871504206,0.4473157660922398
547,547.0,0.2031350843985882,0.3495905998219438,0.4472743157794679
548,548.0,0.2038381324095032,0.3488550297546096,0.4473068378358872
549,549.0,0.2049379736767879,0.3482538994157424,0.4468081269074697
550,550.0,0.2059389337074172,0.3472223666170104,0.4468386996755724
551,551.0,0.206489710584587,0.3464030005934454,0.4471072888219676
552,552.0,0.20712609042566,0.3455485194886114,0.4473253900857287
553,553.0,0.2070703062124527,0.3448620933179815,0.4480676004695659
554,554.0,0.2071446609721149,0.34406739123252,0.4487879477953652
555,555.0,0.2068502182075026,0.3434941805419513,0.4496556012505462
556,556.0,0.2065808871656892,0.343109121050564,0.450309991783747
557,557.0,0.2062933741803827,0.3424173027175233,0.4512893231020941
558,558.0,0.2059668725134142,0.3417476813900502,0.4522854460965357
559,559.0,0.2056943455219696,0.3410620452983339,0.4532436091796966
560,560.0,0.2054867939072099,0.3402854192423371,0.4542277868504531
561,561.0,0.205169797799796,0.3396833680610985,0.4551468341391055
562,562.0,0.2046854794236046,0.3391607130062094,0.4561538075701861
563,563.0,0.2041525711333771,0.3386614648567109,0.457185964009912
564,564.0,0.2036658716055034,0.3381553388578928,0.4581787895366039
565,565.0,0.2031103111334022,0.3377810933221125,0.4591085955444853
566,566.0,0.2027413528918077,0.3374076025196975,0.4598510445884949
567,567.0,0.2024309468288588,0.3370412304662646,0.4605278227048767
568,568.0,0.2021519598622625,0.3369341588277849,0.4609138813099527
569,569.0,0.2019371932037024,0.336710558284699,0.4613522485115986
570,570.0,0.2018481913852915,0.3365062927455221,0.4616455158691864
571,571.0,0.2018547980358976,0.3364385414549068,0.4617066605091957
572,572.0,0.2018427398018953,0.3364825299159913,0.4616747302821134
573,573.0,0.2017933990917368,0.3368429956721012,0.461363605236162
574,574.0,0.2019452911470778,0.3367113614662385,0.4613433473866837
575,575.0,0.2022169350119434,0.3365898187501449,0.4611932462379117
576,576.0,0.2025016602779656,0.3363943766007761,0.4611039631212583
577,577.0,0.2027187478642415,0.3364262710127322,0.4608549811230263
578,578.0,0.2027133617485087,0.3365416477552299,0.4607449904962614
579,579.0,0.2028397539237095,0.3366730983518605,0.46048714772443
580,580.0,0.2027661667958288,0.3367593032889182,0.4604745299152529
581,581.0,0.2026281384783682,0.3368665513250529,0.4605053101965789
582,582.0,0.2024030910503198,0.3368320794203983,0.4607648295292819
583,583.0,0.2023942963378923,0.33615224903136,0.4614534546307476
584,584.0,0.2022978661561205,0.3357464242168314,0.4619557096270481
585,585.0,0.2023565496354554,0.335243195866199,0.4624002544983455
586,586.0,0.202486817517514,0.3346088218480108,0.4629043606344752
587,587.0,0.2022560365950813,0.3340725879271243,0.4636713754777943
588,588.0,0.2014581675640888,0.3333807220781294,0.4651611103577818
589,589.0,0.2007475808446335,0.3327943129698376,0.4664581061855289
590,590.0,0.2003013754944435,0.3322935596219671,0.4674050648835893
591,591.0,0.2001027522495827,0.3312311649727579,0.4686660827776593
592,592.0,0.2000136155142386,0.3304838161841737,0.4695025683015876
593,593.0,0.1999858289557713,0.3297982680619392,0.4702159029822894
594,594.0,0.2002765613424247,0.3294677179912093,0.470255720666366
595,595.0,0.2012555481679847,0.3282484685561037,0.4704959832759116
596,596.0,0.2021595074443511,0.3270448000630724,0.4707956924925764
597,597.0,0.2031325181065239,0.3258739980359774,0.4709934838574987
598,598.0,0.2039461269002893,0.3247791493447934,0.4712747237549173
599,599.0,0.2046833421368519,0.3237784711954907,0.4715381866676574
600,600.0,0.2050364973181069,0.3228349445876583,0.4721285580942347
