,Unnamed: 0,Total_iterations,Intertwine_two,Add_vertex,Delete_vertex,Invert_path_vertices,Insert_inside_vertex,Delete_inside_vertex,Replace_inside_vertex,Donate_between_routes
0,0.0,0.0,0.125,0.125,0.125,0.125,0.125,0.125,0.125,0.125
1,1.0,1.0,0.125,0.125,0.125,0.125,0.125,0.125,0.125,0.125
2,2.0,2.0,0.125,0.125,0.125,0.125,0.125,0.125,0.125,0.125
3,3.0,3.0,0.125,0.125,0.125,0.125,0.125,0.125,0.125,0.125
4,4.0,4.0,0.125,0.125,0.125,0.125,0.125,0.125,0.125,0.125
5,5.0,5.0,0.125,0.125,0.125,0.125,0.125,0.125,0.125,0.125
6,6.0,6.0,0.125,0.125,0.125,0.125,0.125,0.125,0.125,0.125
7,7.0,7.0,0.125,0.125,0.125,0.125,0.125,0.125,0.125,0.125
8,8.0,8.0,0.125,0.125,0.125,0.125,0.125,0.125,0.125,0.125
9,9.0,9.0,0.125,0.125,0.125,0.125,0.125,0.125,0.125,0.125
10,10.0,10.0,0.125,0.125,0.125,0.125,0.125,0.125,0.125,0.125
11,11.0,11.0,0.125,0.125,0.125,0.125,0.125,0.125,0.125,0.125
12,12.0,12.0,0.125,0.125,0.125,0.125,0.125,0.125,0.125,0.125
13,13.0,13.0,0.125,0.125,0.125,0.125,0.125,0.125,0.125,0.125
14,14.0,14.0,0.125,0.125,0.125,0.125,0.125,0.125,0.125,0.125
15,15.0,15.0,0.125,0.125,0.125,0.125,0.125,0.125,0.125,0.125
16,16.0,16.0,0.125,0.125,0.125,0.125,0.125,0.125,0.125,0.125
17,17.0,17.0,0.125,0.125,0.125,0.125,0.125,0.125,0.125,0.125
18,18.0,18.0,0.125,0.125,0.125,0.125,0.125,0.125,0.125,0.125
19,19.0,19.0,0.125,0.125,0.125,0.125,0.125,0.125,0.125,0.125
20,20.0,20.0,0.125,0.125,0.125,0.125,0.125,0.125,0.125,0.125
21,21.0,21.0,0.125,0.125,0.125,0.125,0.125,0.125,0.125,0.125
22,22.0,22.0,0.125,0.125,0.125,0.125,0.125,0.125,0.125,0.125
23,23.0,23.0,0.125,0.125,0.125,0.125,0.125,0.125,0.125,0.125
24,24.0,24.0,0.125,0.125,0.125,0.125,0.125,0.125,0.125,0.125
25,25.0,25.0,0.125,0.125,0.125,0.125,0.125,0.125,0.125,0.125
26,26.0,26.0,0.125,0.125,0.125,0.125,0.125,0.125,0.125,0.125
27,27.0,27.0,0.125,0.125,0.125,0.125,0.125,0.125,0.125,0.125
28,28.0,28.0,0.125,0.125,0.125,0.125,0.125,0.125,0.125,0.125
29,29.0,29.0,0.125,0.125,0.125,0.125,0.125,0.125,0.125,0.125
30,30.0,30.0,0.125,0.125,0.125,0.125,0.125,0.125,0.125,0.125
31,31.0,31.0,0.125,0.125,0.125,0.125,0.125,0.125,0.125,0.125
32,32.0,32.0,0.125,0.125,0.125,0.125,0.125,0.125,0.125,0.125
33,33.0,33.0,0.125,0.125,0.125,0.125,0.125,0.125,0.125,0.125
34,34.0,34.0,0.125,0.125,0.125,0.125,0.125,0.125,0.125,0.125
35,35.0,35.0,0.125,0.125,0.125,0.125,0.125,0.125,0.125,0.125
36,36.0,36.0,0.125,0.125,0.125,0.125,0.125,0.125,0.125,0.125
37,37.0,37.0,0.125,0.125,0.125,0.125,0.125,0.125,0.125,0.125
38,38.0,38.0,0.125,0.125,0.125,0.125,0.125,0.125,0.125,0.125
39,39.0,39.0,0.125,0.125,0.125,0.125,0.125,0.125,0.125,0.125
40,40.0,40.0,0.125,0.125,0.125,0.125,0.125,0.125,0.125,0.125
41,41.0,41.0,0.125,0.125,0.125,0.125,0.125,0.125,0.125,0.125
42,42.0,42.0,0.125,0.125,0.125,0.125,0.125,0.125,0.125,0.125
43,43.0,43.0,0.125,0.125,0.125,0.125,0.125,0.125,0.125,0.125
44,44.0,44.0,0.125,0.125,0.125,0.125,0.125,0.125,0.125,0.125
45,45.0,45.0,0.125,0.125,0.125,0.125,0.125,0.125,0.125,0.125
46,46.0,46.0,0.125,0.125,0.125,0.125,0.125,0.125,0.125,0.125
47,47.0,47.0,0.125,0.125,0.125,0.125,0.125,0.125,0.125,0.125
48,48.0,48.0,0.125,0.125,0.125,0.125,0.125,0.125,0.125,0.125
49,49.0,49.0,0.125,0.125,0.125,0.125,0.125,0.125,0.125,0.125
50,50.0,50.0,0.125,0.125,0.125,0.125,0.125,0.125,0.125,0.125
51,51.0,51.0,0.125,0.125,0.125,0.125,0.125,0.125,0.125,0.125
52,52.0,52.0,0.125,0.125,0.125,0.125,0.125,0.125,0.125,0.125
53,53.0,53.0,0.125,0.125,0.125,0.125,0.125,0.125,0.125,0.125
54,54.0,54.0,0.125,0.125,0.125,0.125,0.125,0.125,0.125,0.125
55,55.0,55.0,0.125,0.125,0.125,0.125,0.125,0.125,0.125,0.125
56,56.0,56.0,0.125,0.125,0.125,0.125,0.125,0.125,0.125,0.125
57,57.0,57.0,0.125,0.125,0.125,0.125,0.125,0.125,0.125,0.125
58,58.0,58.0,0.125,0.125,0.125,0.125,0.125,0.125,0.125,0.125
59,59.0,59.0,0.125,0.125,0.125,0.125,0.125,0.125,0.125,0.125
60,60.0,60.1,0.125,0.125,0.125,0.125,0.125,0.125,0.125,0.125
61,61.0,61.1,0.125,0.125,0.125,0.125,0.125,0.125,0.125,0.125
62,62.0,62.1,0.125,0.125,0.125,0.125,0.125,0.125,0.125,0.125
63,63.0,63.1,0.125,0.125,0.125,0.125,0.125,0.125,0.125,0.125
64,64.0,64.1,0.125,0.125,0.125,0.125,0.125,0.125,0.125,0.125
65,65.0,65.1,0.125,0.125,0.125,0.125,0.125,0.125,0.125,0.125
66,66.0,66.1,0.125,0.125,0.125,0.125,0.125,0.125,0.125,0.125
67,67.0,67.1,0.125,0.125,0.125,0.125,0.125,0.125,0.125,0.125
68,68.0,68.1,0.125,0.125,0.125,0.125,0.125,0.125,0.125,0.125
69,69.0,69.1,0.125,0.125,0.125,0.125,0.125,0.125,0.125,0.125
70,70.0,70.1,0.125,0.125,0.125,0.125,0.125,0.125,0.125,0.125
71,71.0,71.2,0.125,0.125,0.125,0.125,0.125,0.125,0.125,0.125
72,72.0,72.2,0.125,0.125,0.125,0.125,0.125,0.125,0.125,0.125
73,73.0,73.2,0.125,0.125,0.125,0.125,0.125,0.125,0.125,0.125
74,74.0,74.2,0.125,0.125,0.125,0.125,0.125,0.125,0.125,0.125
75,75.0,75.2,0.125,0.125,0.125,0.125,0.125,0.125,0.125,0.125
76,76.0,76.2,0.125,0.125,0.125,0.125,0.125,0.125,0.125,0.125
77,77.0,77.2,0.125,0.125,0.125,0.125,0.125,0.125,0.125,0.125
78,78.0,78.2,0.125,0.125,0.125,0.125,0.125,0.125,0.125,0.125
79,79.0,79.2,0.125,0.125,0.125,0.125,0.125,0.125,0.125,0.125
80,80.0,80.2,0.125,0.125,0.125,0.125,0.125,0.125,0.125,0.125
81,81.0,81.2,0.125,0.125,0.125,0.125,0.125,0.125,0.125,0.125
82,82.0,82.2,0.125,0.125,0.125,0.125,0.125,0.125,0.125,0.125
83,83.0,83.2,0.125,0.125,0.125,0.125,0.125,0.125,0.125,0.125
84,84.0,84.2,0.125,0.125,0.125,0.125,0.125,0.125,0.125,0.125
85,85.0,85.2,0.125,0.125,0.125,0.125,0.125,0.125,0.125,0.125
86,86.0,86.2,0.125,0.125,0.125,0.125,0.125,0.125,0.125,0.125
87,87.0,87.2,0.125,0.125,0.125,0.125,0.125,0.125,0.125,0.125
88,88.0,88.2,0.125,0.125,0.125,0.125,0.125,0.125,0.125,0.125
89,89.0,89.2,0.125,0.125,0.125,0.125,0.125,0.125,0.125,0.125
90,90.0,90.2,0.125,0.125,0.125,0.125,0.125,0.125,0.125,0.125
91,91.0,91.2,0.125,0.125,0.125,0.125,0.125,0.125,0.125,0.125
92,92.0,92.2,0.125,0.125,0.125,0.125,0.125,0.125,0.125,0.125
93,93.0,93.2,0.125,0.125,0.125,0.125,0.125,0.125,0.125,0.125
94,94.0,94.2,0.125,0.125,0.125,0.125,0.125,0.125,0.125,0.125
95,95.0,95.2,0.125,0.125,0.125,0.125,0.125,0.125,0.125,0.125
96,96.0,96.2,0.125,0.125,0.125,0.125,0.125,0.125,0.125,0.125
97,97.0,97.2,0.125,0.125,0.125,0.125,0.125,0.125,0.125,0.125
98,98.0,98.2,0.125,0.125,0.125,0.125,0.125,0.125,0.125,0.125
99,99.0,99.2,0.125,0.125,0.125,0.125,0.125,0.125,0.125,0.125
100,100.0,100.2,0.125,0.125,0.125,0.125,0.125,0.125,0.125,0.125
101,101.0,101.2,0.125,0.125,0.125,0.125,0.125,0.125,0.125,0.125
102,102.0,102.2,0.125,0.125,0.125,0.125,0.125,0.125,0.125,0.125
103,103.0,103.2,0.125,0.125,0.125,0.125,0.125,0.125,0.125,0.125
104,104.0,104.2,0.125,0.125,0.125,0.125,0.125,0.125,0.125,0.125
105,105.0,105.2,0.125,0.125,0.125,0.125,0.125,0.125,0.125,0.125
106,106.0,106.2,0.125,0.125,0.125,0.125,0.125,0.125,0.125,0.125
107,107.0,107.2,0.125,0.125,0.125,0.125,0.125,0.125,0.125,0.125
108,108.0,108.2,0.125,0.125,0.125,0.125,0.125,0.125,0.125,0.125
109,109.0,109.2,0.125,0.125,0.125,0.125,0.125,0.125,0.125,0.125
110,110.0,110.2,0.125,0.125,0.125,0.125,0.125,0.125,0.125,0.125
111,111.0,111.2,0.125,0.125,0.125,0.125,0.125,0.125,0.125,0.125
112,112.0,112.2,0.125,0.125,0.125,0.125,0.125,0.125,0.125,0.125
113,113.0,113.2,0.125,0.125,0.125,0.125,0.125,0.125,0.125,0.125
114,114.0,114.2,0.125,0.125,0.125,0.125,0.125,0.125,0.125,0.125
115,115.0,115.2,0.125,0.125,0.125,0.125,0.125,0.125,0.125,0.125
116,116.0,116.2,0.125,0.125,0.125,0.125,0.125,0.125,0.125,0.125
117,117.0,117.2,0.125,0.125,0.125,0.125,0.125,0.125,0.125,0.125
118,118.0,118.2,0.125,0.125,0.125,0.125,0.125,0.125,0.125,0.125
119,119.0,119.2,0.125,0.125,0.125,0.125,0.125,0.125,0.125,0.125
120,120.0,120.2,0.125,0.125,0.125,0.125,0.125,0.125,0.125,0.125
121,121.0,121.2,0.125,0.125,0.125,0.125,0.125,0.125,0.125,0.125
122,122.0,122.2,0.125,0.125,0.125,0.125,0.125,0.125,0.125,0.125
123,123.0,123.2,0.125,0.125,0.125,0.125,0.125,0.125,0.125,0.125
124,124.0,124.2,0.125,0.125,0.125,0.125,0.125,0.125,0.125,0.125
125,125.0,125.2,0.125,0.125,0.125,0.125,0.125,0.125,0.125,0.125
126,126.0,126.3,0.125,0.125,0.125,0.125,0.125,0.125,0.125,0.125
127,127.0,127.3,0.125,0.125,0.125,0.125,0.125,0.125,0.125,0.125
128,128.0,128.3,0.125,0.125,0.125,0.125,0.125,0.125,0.125,0.125
129,129.0,129.3,0.125,0.125,0.125,0.125,0.125,0.125,0.125,0.125
130,130.0,130.3,0.125,0.125,0.125,0.125,0.125,0.125,0.125,0.125
131,131.0,131.3,0.125,0.125,0.125,0.125,0.125,0.125,0.125,0.125
132,132.0,132.3,0.125,0.125,0.125,0.125,0.125,0.125,0.125,0.125
133,133.0,133.3,0.125,0.125,0.125,0.125,0.125,0.125,0.125,0.125
134,134.0,134.3,0.125,0.125,0.125,0.125,0.125,0.125,0.125,0.125
135,135.0,135.3,0.125,0.125,0.125,0.125,0.125,0.125,0.125,0.125
136,136.0,136.3,0.125,0.125,0.125,0.125,0.125,0.125,0.125,0.125
137,137.0,137.3,0.125,0.125,0.125,0.125,0.125,0.125,0.125,0.125
138,138.0,138.3,0.125,0.125,0.125,0.125,0.125,0.125,0.125,0.125
139,139.0,139.3,0.125,0.125,0.125,0.125,0.125,0.125,0.125,0.125
140,140.0,140.3,0.125,0.125,0.125,0.125,0.125,0.125,0.125,0.125
141,141.0,141.3,0.125,0.125,0.125,0.125,0.125,0.125,0.125,0.125
142,142.0,142.3,0.125,0.125,0.125,0.125,0.125,0.125,0.125,0.125
143,143.0,143.3,0.125,0.125,0.125,0.125,0.125,0.125,0.125,0.125
144,144.0,144.3,0.125,0.125,0.125,0.125,0.125,0.125,0.125,0.125
145,145.0,145.3,0.125,0.125,0.125,0.125,0.125,0.125,0.125,0.125
146,146.0,146.3,0.125,0.125,0.125,0.125,0.125,0.125,0.125,0.125
147,147.0,147.3,0.125,0.125,0.125,0.125,0.125,0.125,0.125,0.125
148,148.0,148.3,0.125,0.125,0.125,0.125,0.125,0.125,0.125,0.125
149,149.0,149.3,0.125,0.125,0.125,0.125,0.125,0.125,0.125,0.125
150,150.0,150.3,0.125,0.125,0.125,0.125,0.125,0.125,0.125,0.125
151,151.0,151.3,0.125,0.125,0.125,0.125,0.125,0.125,0.125,0.125
152,152.0,152.3,0.125,0.125,0.125,0.125,0.125,0.125,0.125,0.125
153,153.0,153.3,0.125,0.125,0.125,0.125,0.125,0.125,0.125,0.125
154,154.0,154.3,0.125,0.125,0.125,0.125,0.125,0.125,0.125,0.125
155,155.0,155.3,0.125,0.125,0.125,0.125,0.125,0.125,0.125,0.125
156,156.0,156.3,0.125,0.125,0.125,0.125,0.125,0.125,0.125,0.125
157,157.0,157.3,0.125,0.125,0.125,0.125,0.125,0.125,0.125,0.125
158,158.0,158.3,0.125,0.125,0.125,0.125,0.125,0.125,0.125,0.125
159,159.0,159.3,0.125,0.125,0.125,0.125,0.125,0.125,0.125,0.125
160,160.0,160.3,0.125,0.125,0.125,0.125,0.125,0.125,0.125,0.125
161,161.0,161.3,0.125,0.125,0.125,0.125,0.125,0.125,0.125,0.125
162,162.0,162.3,0.125,0.125,0.125,0.125,0.125,0.125,0.125,0.125
163,163.0,163.3,0.125,0.125,0.125,0.125,0.125,0.125,0.125,0.125
164,164.0,164.3,0.125,0.125,0.125,0.125,0.125,0.125,0.125,0.125
165,165.0,165.3,0.125,0.125,0.125,0.125,0.125,0.125,0.125,0.125
166,166.0,166.3,0.125,0.125,0.125,0.125,0.125,0.125,0.125,0.125
167,167.0,167.3,0.125,0.125,0.125,0.125,0.125,0.125,0.125,0.125
168,168.0,168.3,0.125,0.125,0.125,0.125,0.125,0.125,0.125,0.125
169,169.0,169.3,0.125,0.125,0.125,0.125,0.125,0.125,0.125,0.125
170,170.0,170.3,0.125,0.125,0.125,0.125,0.125,0.125,0.125,0.125
171,171.0,171.3,0.125,0.125,0.125,0.125,0.125,0.125,0.125,0.125
172,172.0,172.3,0.125,0.125,0.125,0.125,0.125,0.125,0.125,0.125
173,173.0,173.3,0.125,0.125,0.125,0.125,0.125,0.125,0.125,0.125
174,174.0,174.3,0.125,0.125,0.125,0.125,0.125,0.125,0.125,0.125
175,175.0,175.3,0.125,0.125,0.125,0.125,0.125,0.125,0.125,0.125
176,176.0,176.3,0.125,0.125,0.125,0.125,0.125,0.125,0.125,0.125
177,177.0,177.3,0.125,0.125,0.125,0.125,0.125,0.125,0.125,0.125
178,178.0,178.3,0.125,0.125,0.125,0.125,0.125,0.125,0.125,0.125
179,179.0,179.3,0.125,0.125,0.125,0.125,0.125,0.125,0.125,0.125
180,180.0,180.3,0.125,0.125,0.125,0.125,0.125,0.125,0.125,0.125
181,181.0,181.4,0.125,0.125,0.125,0.125,0.125,0.125,0.125,0.125
182,182.0,182.4,0.125,0.125,0.125,0.125,0.125,0.125,0.125,0.125
183,183.0,183.4,0.125,0.125,0.125,0.125,0.125,0.125,0.125,0.125
184,184.0,184.4,0.125,0.125,0.125,0.125,0.125,0.125,0.125,0.125
185,185.0,185.4,0.125,0.125,0.125,0.125,0.125,0.125,0.125,0.125
186,186.0,186.4,0.125,0.125,0.125,0.125,0.125,0.125,0.125,0.125
187,187.0,187.4,0.125,0.125,0.125,0.125,0.125,0.125,0.125,0.125
188,188.0,188.4,0.125,0.125,0.125,0.125,0.125,0.125,0.125,0.125
189,189.0,189.4,0.125,0.125,0.125,0.125,0.125,0.125,0.125,0.125
190,190.0,190.4,0.125,0.125,0.125,0.125,0.125,0.125,0.125,0.125
191,191.0,191.4,0.125,0.125,0.125,0.125,0.125,0.125,0.125,0.125
192,192.0,192.4,0.125,0.125,0.125,0.125,0.125,0.125,0.125,0.125
193,193.0,193.4,0.125,0.125,0.125,0.125,0.125,0.125,0.125,0.125
194,194.0,194.4,0.125,0.125,0.125,0.125,0.125,0.125,0.125,0.125
195,195.0,195.4,0.125,0.125,0.125,0.125,0.125,0.125,0.125,0.125
196,196.0,196.4,0.125,0.125,0.125,0.125,0.125,0.125,0.125,0.125
197,197.0,197.4,0.125,0.125,0.125,0.125,0.125,0.125,0.125,0.125
198,198.0,198.4,0.125,0.125,0.125,0.125,0.125,0.125,0.125,0.125
199,199.0,199.4,0.125,0.125,0.125,0.125,0.125,0.125,0.125,0.125
200,200.0,200.4,0.12222222222222223,0.12222222222222223,0.13333333333333333,0.13333333333333336,0.12222222222222223,0.12222222222222223,0.12222222222222223,0.12222222222222223
201,201.0,201.4,0.1211111111111111,0.1211111111111111,0.13111111111111112,0.1322222222222222,0.1211111111111111,0.1211111111111111,0.1211111111111111,0.13111111111111112
202,202.0,202.4,0.11881313131313131,0.11881313131313131,0.1279040404040404,0.1390151515151515,0.11881313131313131,0.11881313131313131,0.12992424242424244,0.1279040404040404
203,203.0,203.4,0.11805555555555555,0.11805555555555555,0.12638888888888888,0.1375,0.11805555555555555,0.11805555555555555,0.1375,0.12638888888888888
204,204.0,204.4,0.11805555555555555,0.11805555555555555,0.12638888888888888,0.12638888888888888,0.11805555555555555,0.11805555555555555,0.1375,0.1375
205,205.0,205.4,0.12583333333333332,0.11583333333333332,0.12416666666666668,0.12416666666666668,0.11583333333333332,0.11583333333333332,0.14416666666666667,0.13416666666666666
206,206.0,206.4,0.1231060606060606,0.11401515151515151,0.1314393939393939,0.12234848484848485,0.11401515151515151,0.11401515151515151,0.1496212121212121,0.1314393939393939
207,207.0,207.4,0.12095959595959593,0.11186868686868685,0.14873737373737372,0.1202020202020202,0.11186868686868685,0.11186868686868685,0.1452020202020202,0.1292929292929293
208,208.0,208.4,0.11944444444444442,0.11111111111111109,0.1472222222222222,0.11944444444444442,0.11111111111111109,0.11944444444444442,0.14444444444444443,0.12777777777777777
209,209.0,209.4,0.11805555555555554,0.10972222222222221,0.14583333333333331,0.11805555555555554,0.10972222222222221,0.11805555555555554,0.15416666666666665,0.12638888888888888
210,210.0,210.4,0.11805555555555554,0.10972222222222221,0.14583333333333331,0.11805555555555554,0.10972222222222221,0.11805555555555554,0.15416666666666665,0.12638888888888888
211,211.0,211.4,0.10908119658119657,0.10908119658119657,0.15224358974358973,0.1174145299145299,0.10908119658119657,0.1174145299145299,0.1516025641025641,0.1340811965811966
212,212.0,212.4,0.10853174603174602,0.10853174603174602,0.15059523809523806,0.11686507936507935,0.10853174603174602,0.11686507936507935,0.15654761904761902,0.13353174603174603
213,213.0,213.4,0.10853174603174602,0.10853174603174602,0.15059523809523806,0.11686507936507935,0.10853174603174602,0.11686507936507935,0.15654761904761902,0.13353174603174603
214,214.0,214.4,0.1074145299145299,0.1074145299145299,0.15455128205128205,0.11574786324786324,0.1074145299145299,0.12279914529914529,0.153525641025641,0.13113247863247862
215,215.0,215.4,0.1074145299145299,0.1074145299145299,0.15455128205128205,0.11574786324786324,0.1074145299145299,0.12279914529914529,0.153525641025641,0.13113247863247862
216,216.0,216.4,0.10575396825396825,0.10575396825396825,0.1578968253968254,0.1240873015873016,0.10575396825396825,0.12718253968253967,0.14519841269841266,0.12837301587301586
217,217.0,217.4,0.10395202020202018,0.10395202020202018,0.16595959595959595,0.1304671717171717,0.10395202020202018,0.1239520202020202,0.1421464646464646,0.12561868686868688
218,218.0,218.4,0.10353535353535352,0.10353535353535352,0.17095959595959595,0.13005050505050506,0.10353535353535352,0.12228535353535352,0.14172979797979796,0.12436868686868685
219,219.0,219.4,0.10214646464646464,0.10214646464646464,0.17804292929292928,0.13088383838383838,0.10325757575757574,0.12422979797979798,0.1340909090909091,0.12520202020202018
220,220.0,220.4,0.10177881758764111,0.10177881758764111,0.18135175282234103,0.13051619132501485,0.10288992869875221,0.12386215092097444,0.13298796791443848,0.12483437314319668
221,221.0,221.4,0.10177881758764111,0.10177881758764111,0.18135175282234103,0.13051619132501485,0.10288992869875221,0.12386215092097444,0.13298796791443848,0.12483437314319668
222,222.0,222.4,0.10177881758764111,0.10766117052881759,0.18135175282234103,0.13051619132501485,0.10288992869875221,0.12386215092097444,0.12710561497326203,0.12483437314319668
223,223.0,223.4,0.09930555555555554,0.10486111111111111,0.18416666666666665,0.12652777777777777,0.10041666666666667,0.12694444444444444,0.12430555555555553,0.13347222222222221
224,224.0,224.4,0.09790204678362573,0.10316520467836257,0.1859795321637427,0.12512426900584794,0.09901315789473683,0.1252485380116959,0.12260964912280699,0.14095760233918125
225,225.0,225.4,0.0957211252799488,0.10072112527994881,0.20697392476804238,0.12166129622011974,0.09683223639105991,0.12170151743681154,0.12016556972439325,0.1362232048996755
226,226.0,226.4,0.09463335683923917,0.10057173218937923,0.21406075950193598,0.12070424673365847,0.09580982742747446,0.12194428120898707,0.11766323545735309,0.1346125606419724
227,227.0,227.4,0.09463335683923917,0.10057173218937923,0.21406075950193598,0.12070424673365847,0.09580982742747446,0.12194428120898707,0.11766323545735309,0.1346125606419724
228,228.0,228.4,0.09491113461701695,0.11719871631636336,0.19831289625407272,0.13034099887041065,0.09608760520525225,0.12698396374866963,0.10960767990179754,0.12655700508641682
229,229.0,229.4,0.10358357328945562,0.11476004387769093,0.19482083276200923,0.12901343754284927,0.09476004387769092,0.1297689565336624,0.10806366835778598,0.12522944375885553
230,230.0,230.4,0.10106532545505828,0.12227014473216671,0.20046624320327827,0.12579431132862248,0.0919744163641492,0.13124401121258114,0.10622853428510841,0.12095701341903542
231,231.0,231.4,0.1066820187033305,0.11773532282892374,0.20201595080561746,0.1238352470011371,0.09001535203666382,0.12794257580588259,0.10426946995762303,0.12750406286082167
232,232.0,232.4,0.11399461838435121,0.11519943766145964,0.19915311189014695,0.1228145133488245,0.08899461838435122,0.1313955263640963,0.10324873630531042,0.12519943766145963
233,233.0,233.4,0.11198195713255951,0.12023805846095,0.1946898215572914,0.12693738323256393,0.08762298277358516,0.13364707915912732,0.10169594127425449,0.12318677640966795
234,234.0,234.4,0.10895997911058149,0.13159336981626138,0.18849934536681523,0.12574690704208774,0.08643250658310897,0.1368155773276255,0.1005054650837783,0.1214468496697412
235,235.0,235.4,0.10551587301587298,0.14051587301587298,0.18896825396825395,0.12194444444444441,0.08456349206349204,0.13337301587301584,0.09984126984126981,0.12527777777777777
236,236.0,236.4,0.10367063492063491,0.14444444444444443,0.1914087301587301,0.11938492063492061,0.0836706349206349,0.12783730158730156,0.10561507936507934,0.12396825396825395
237,237.0,237.4,0.09537085137085136,0.14239466089466088,0.20001046176046175,0.11858513708513707,0.08287085137085135,0.13380050505050503,0.10423196248196245,0.12273556998556998
238,238.0,238.4,0.09901447479772285,0.14358730392937552,0.20195184539813696,0.12149346639436151,0.08136741597419346,0.13032589568714886,0.10220703387263488,0.12005256394642583
239,239.0,239.4,0.10279359328272371,0.14148406947319989,0.2020272601794341,0.11906343455256496,0.08057137106050147,0.12863325281803542,0.10649729698642738,0.11892972164711293
240,240.0,240.4,0.10248015873015873,0.14117063492063492,0.201984126984127,0.11874999999999998,0.08025793650793647,0.1268849206349206,0.10605158730158726,0.1224206349206349
241,241.0,241.4,0.10189536340852128,0.14058583959899748,0.20110693400167082,0.12225877192982453,0.07996553884711777,0.1265925229741019,0.10575918964076855,0.12183583959899746
242,242.0,242.4,0.10120238095238095,0.13989285714285712,0.2028174603174603,0.12525,0.07953571428571427,0.12532936507936507,0.10532936507936505,0.12064285714285714
243,243.0,243.4,0.10044919161298468,0.14390157256536565,0.2024404235611132,0.12306823923203229,0.07902062018441328,0.12700070523346385,0.10469111826870445,0.11942812934192241
244,244.0,244.4,0.10008154455416116,0.1472103960947774,0.20170512944346614,0.12270059217320876,0.07865297312558972,0.12663305817464032,0.10432347120988092,0.11869283522427534
245,245.0,245.4,0.09963980463980462,0.1486080586080586,0.1992124542124542,0.12225885225885222,0.07821123321123317,0.13037851037851036,0.10376678876678873,0.11792429792429789
246,246.0,246.4,0.09963980463980462,0.1486080586080586,0.1992124542124542,0.12225885225885222,0.07821123321123317,0.13037851037851036,0.10376678876678873,0.11792429792429789
247,247.0,247.4,0.09963980463980462,0.1486080586080586,0.19536630036630034,0.12225885225885222,0.07821123321123317,0.13037851037851036,0.10761294261294259,0.11792429792429789
248,248.0,248.4,0.09985907514370511,0.15721653425638243,0.18841711208883882,0.12247812276275272,0.07843050371513367,0.1332859529254216,0.10772468623512266,0.11258801287264282
249,249.0,249.4,0.09085393772893771,0.16501068376068373,0.19551282051282048,0.12235576923076918,0.0789491758241758,0.1423076923076923,0.09703144078144076,0.10797847985347982
250,250.0,250.4,0.09032439295597187,0.16672562330457064,0.19531107294265185,0.12182622445780338,0.07841963105120997,0.1439642715958505,0.09626474889632783,0.10716403479561372
251,251.0,251.4,0.09023526639625708,0.16654737018514107,0.19673709789808858,0.12173709789808858,0.07833050449149519,0.14325125911813216,0.09608649577689823,0.10707490823589894
252,252.0,252.4,0.08988807488807486,0.1632214082214082,0.1941147741147741,0.12638990638990638,0.07798331298331296,0.146019536019536,0.09565527065527063,0.1067277167277167
253,253.0,253.4,0.08888888888888886,0.16428571428571428,0.19007936507936504,0.12460317460317458,0.07698412698412696,0.15634920634920632,0.09444444444444441,0.10436507936507933
254,254.0,254.4,0.08772005772005768,0.1641125541125541,0.1884343434343434,0.12369408369408368,0.08295815295815294,0.15565656565656563,0.09375180375180373,0.10367243867243862
255,255.0,255.4,0.08668909592822634,0.16124913733609386,0.19323671497584538,0.12288216011042094,0.08192719116632159,0.15504227053140096,0.09313750862663904,0.10583592132505173
256,256.0,256.4,0.0857555740261446,0.16546267425754152,0.18479117148973395,0.12231628526716273,0.08099366926423983,0.1633585537082318,0.09237340599894615,0.10494866598799923
257,257.0,257.4,0.08550329085052047,0.16684082586452606,0.1858191159101269,0.12188284267124874,0.0807413860886157,0.1625372804899334,0.09204999906798773,0.10462525905704081
258,258.0,258.4,0.0853366241838538,0.1641741591978594,0.18965244924346022,0.12154950933791542,0.08057471942194905,0.16237061382326673,0.09188333240132106,0.10445859239037417
259,259.0,259.4,0.0846391111705513,0.1611689538768646,0.1973100946833198,0.1202219596945763,0.07987720640864655,0.15625644245319698,0.09111834300475272,0.10940788870809152
260,260.0,260.4,0.08415834193978208,0.16068818464609538,0.19548317160639675,0.1255745237971404,0.07939643717787732,0.1565128527096073,0.09057347120988093,0.10761301691321974
261,261.0,261.4,0.08409736633002599,0.16062720903633929,0.19069343232969366,0.1255135481873843,0.07933546156812124,0.1559030966120463,0.09045151999036873,0.1133783659460204
262,262.0,262.4,0.08352919711946079,0.16162599139272565,0.1910018030200586,0.12406763471672191,0.07876729235755604,0.15959169108256327,0.08982527877051202,0.11159111154040158
263,263.0,263.4,0.0830147536159612,0.1625665743442525,0.18900464756873075,0.12276732130970536,0.07825284885405644,0.16515285611705255,0.08925546428140888,0.10998553390883217
264,264.0,264.4,0.08780950701789816,0.1622773010650666,0.18712714695953725,0.12159096878590844,0.08123272022332553,0.16269392209394345,0.08873420566598743,0.10853422818833298
265,265.0,265.4,0.08742367654132359,0.16020060549472312,0.18881801205330617,0.12082703788586138,0.08432843844608548,0.16485060690943043,0.08516325722208073,0.10838836544718897
266,266.0,266.4,0.0869474860651331,0.16223523752935515,0.1885799168152109,0.12011275217157566,0.08409034320799025,0.16091121297003647,0.08492516198398549,0.11219788925671277
267,267.0,267.4,0.08640705875051224,0.1600833034419372,0.19126669240521232,0.11924834775878417,0.08355131234637873,0.16383398911861907,0.08460118488581485,0.11100811129274124
268,268.0,268.4,0.0859109953819033,0.1580711588544069,0.19379083814026268,0.11845384948006428,0.08305126453304201,0.16649998108597852,0.08430274997570393,0.10991916254863823
269,269.0,269.4,0.08581629841220632,0.15636661339986144,0.19331735329177785,0.11826445554067033,0.08579747665425412,0.16640528411628155,0.08420805300600695,0.10982446557894125
270,270.0,270.4,0.08691957270289512,0.15785570798061133,0.19177259162389715,0.11992795392099498,0.08690075094494291,0.16876921065941466,0.08095241671343496,0.10690179545380876
271,271.0,271.4,0.08756369508614795,0.15849983036386414,0.18452621481230297,0.1205720763042478,0.08754487332819574,0.16587065993477698,0.08159653909668778,0.11382611107377653
272,272.0,272.4,0.08756369508614795,0.15849983036386414,0.18452621481230297,0.1205720763042478,0.08754487332819574,0.16587065993477698,0.08159653909668778,0.11382611107377653
273,273.0,273.4,0.08756369508614795,0.15849983036386414,0.18452621481230297,0.1205720763042478,0.08754487332819574,0.16587065993477698,0.08159653909668778,0.11382611107377653
274,274.0,274.4,0.08645258397503683,0.15738871925275305,0.18574068509654068,0.11946096519313669,0.09643376221708463,0.16243396742831703,0.07937431687446556,0.11271499996266543
275,275.0,275.4,0.08039259972763807,0.16251536187597565,0.18013939172506946,0.12595000055358108,0.09855559615150407,0.16178064901850067,0.07823474053653079,0.11243166041120004
276,276.0,276.4,0.07948573698254002,0.16680457756225014,0.1796915307625026,0.12462647114181638,0.09729222716754685,0.1610074761129748,0.08117146067913329,0.10992051959123565
277,277.0,277.4,0.07940170336909465,0.16529197252023337,0.17927136269527572,0.12445840391492562,0.0997292019574628,0.16092344249952945,0.08108742706568792,0.10983648597779028
278,278.0,278.4,0.07940170336909465,0.16529197252023337,0.17927136269527572,0.12445840391492562,0.0997292019574628,0.16092344249952945,0.08108742706568792,0.10983648597779028
279,279.0,279.4,0.07793344940084068,0.1652522899805508,0.18859675952067256,0.12291078486730658,0.09786412259238345,0.15945518853127547,0.07961917309743394,0.10836823200953631
280,280.0,280.4,0.0776625950224348,0.1573800842507936,0.18622799487502,0.12256485541382563,0.09992059554130492,0.17040000921007784,0.07934831871902807,0.10649554696751488
281,281.0,281.4,0.07734893207719293,0.15691490615403655,0.1838010942902247,0.12225119246858376,0.09960693259606301,0.17580139145356535,0.07898415072328115,0.10529140023705238
282,282.0,282.4,0.07699140390501945,0.15776380179698254,0.18119219739070994,0.12182254054107597,0.10358456665378861,0.17594420834695432,0.0785783133723637,0.10412296799310525
283,283.0,283.4,0.07699140390501945,0.15776380179698254,0.17119219739070995,0.12747471445411945,0.10358456665378861,0.1802920344339108,0.0785783133723637,0.10412296799310525
284,284.0,284.4,0.07662908506443974,0.15758264237669267,0.1710110379704201,0.12711239561353976,0.10340340723349875,0.18264710689767893,0.07839715395207385,0.10321717089165598
285,285.0,285.4,0.07664494201450721,0.15363055060881145,0.17175698938742415,0.12747744284700804,0.10318107255063776,0.17491296384774643,0.09042491566404609,0.1019711230798187
286,286.0,286.4,0.07658083945040464,0.15478439676265762,0.17143647656691133,0.1273492377188029,0.1027323546019198,0.17484886128364388,0.09036081309994352,0.10190702051571614
287,287.0,287.4,0.07489514765751389,0.1582560658938013,0.1683887001276932,0.12946881900999094,0.098747684803575,0.17890675647104734,0.08799084399539148,0.10334598204098662
288,288.0,288.4,0.07523410497548426,0.16954737790944688,0.16996535074121277,0.12974970431866978,0.09131629864388482,0.18112585690171895,0.08009746001125309,0.10296384649832921
289,289.0,289.4,0.07476206732321405,0.16934942663591418,0.17463312482759152,0.12880562901412937,0.09051203507799335,0.18065381924944873,0.07879208902564953,0.10249180884605902
290,290.0,290.4,0.0747092132005925,0.16808092769299662,0.17431600009186216,0.12869992076888626,0.09241478349236967,0.18060096512682716,0.07873923490302799,0.10243895472343745
291,291.0,291.4,0.07497107552127834,0.17379733546822795,0.16835555530788796,0.12891127803906705,0.09268598288121613,0.17414480690596307,0.08007104035248049,0.10706292552387883
292,292.0,292.4,0.08168914810891613,0.1699313624718202,0.17315984119913036,0.1278887337556532,0.09087500802676299,0.17174607037679177,0.07923925539026075,0.10547058067066443
293,293.0,293.4,0.08137834437535571,0.16859444143554667,0.17257151665150888,0.1275316765530826,0.09037270514240646,0.1700238131729543,0.07906072678897544,0.11046677588016976
294,294.0,294.4,0.073686036683048,0.17628674912785436,0.17257151665150888,0.1275316765530826,0.09037270514240646,0.1700238131729543,0.07906072678897544,0.11046677588016976
295,295.0,295.4,0.07289028071487826,0.17843154123963106,0.1739034202578072,0.12673592058491284,0.08915065133414576,0.1678733774018289,0.07838812353016528,0.11262668493663056
296,296.0,296.4,0.07284595447374351,0.177367711452397,0.1735488103287292,0.12664726810264335,0.08879604140506775,0.16782905116069416,0.07834379728903053,0.11462136578769437
297,297.0,297.4,0.07227893781200635,0.18200440671021031,0.17394021326671597,0.12603773443410346,0.08745521521952107,0.16668232435402947,0.07772847144854941,0.11387269675486385
298,298.0,298.4,0.0720027992855249,0.181704450305434,0.172739005360031,0.125761595907622,0.08729401922177525,0.16671443595780205,0.07752102198179343,0.1162626719800172
299,299.0,299.4,0.07137107885541737,0.17868025675704688,0.1721072849299235,0.12512987547751447,0.0926031590067215,0.16812572628038266,0.07699682843340634,0.11498579025958713
300,300.0,300.4,0.07116946595219156,0.17857945030543398,0.1750306720266977,0.12492826257428868,0.09250235255510861,0.16671443595780205,0.07689602198179343,0.11417933864668388
301,301.0,301.4,0.06992098459937333,0.1785904510025354,0.1767099470222872,0.125833322261711,0.09459825096046323,0.16618173791255633,0.07713580036757785,0.11102950587349562
302,302.0,302.4,0.06983551544408864,0.18151348885782553,0.17542489868287742,0.1257086374201518,0.09419905631498246,0.16554122712914954,0.07700407774328298,0.11077309840764157
303,303.0,303.4,0.06975348181230533,0.18031146549528904,0.17819879875026934,0.12558889639771992,0.0938153635580106,0.16492727860374917,0.07687771787036492,0.1105269975122916
304,304.0,304.4,0.06967468033525587,0.17915548423486033,0.17897768069491948,0.1273606029032539,0.09344628631898727,0.16433827304506707,0.07675639938651271,0.11029059308114326
305,305.0,305.4,0.06944447006933133,0.17885670563251027,0.17775481427562448,0.12713039263732934,0.09331077302275968,0.16751220625471458,0.07658006976375455,0.10941056834397564
306,306.0,306.4,0.06922700126362721,0.17857150064142294,0.17658547381216635,0.12691292383162528,0.09318243077677038,0.16758707256487498,0.07641251183149071,0.111521085278022
307,307.0,307.4,0.06915435327200031,0.17939758498582026,0.1754037384184443,0.12677039463804168,0.09468210982916862,0.16698652110416817,0.07630215644921524,0.1113031413031413
308,308.0,308.4,0.06960887429255905,0.17924851323297492,0.17730680390641546,0.12768205111573588,0.09654688725998381,0.16179319940141249,0.07640570768484195,0.1114079631060763
309,309.0,309.4,0.06940586646468996,0.17895483601365952,0.17907327149974206,0.12747904328786677,0.09642791304556009,0.16186043803690858,0.0762517928694399,0.1105468387821329
310,310.0,310.4,0.06937219643101993,0.17875281581163932,0.18008337250984308,0.12744537325419675,0.09639424301189005,0.16132171749818805,0.07618445280209983,0.11044582868112278
311,311.0,311.4,0.07159951159951158,0.18187118437118435,0.17113400488400488,0.12960775335775332,0.1008272283272283,0.15026556776556774,0.07535409035409033,0.11934065934065932
312,312.0,312.4,0.07412073583126212,0.18095024463445514,0.1705517496964865,0.12936361824519715,0.10216192768824346,0.1491081133186396,0.07517261188313819,0.11857099870257763
313,313.0,313.4,0.07412073583126212,0.18095024463445514,0.1705517496964865,0.12936361824519715,0.10216192768824346,0.1491081133186396,0.07517261188313819,0.11857099870257763
314,314.0,314.4,0.07415320336372964,0.18114504982926033,0.16687502101975785,0.12939608577766468,0.10219439522071098,0.14962759383812013,0.07523754694807325,0.12137110400268294
315,315.0,315.4,0.07415320336372964,0.18114504982926033,0.16687502101975785,0.12939608577766468,0.10219439522071098,0.14962759383812013,0.07523754694807325,0.12137110400268294
316,316.0,316.4,0.07415320336372964,0.18114504982926033,0.16687502101975785,0.12939608577766468,0.10219439522071098,0.14692489113541743,0.07523754694807325,0.12407380670538563
317,317.0,317.4,0.0741868733973997,0.17949521817942865,0.1695686237133605,0.1294297558113347,0.10222806525438102,0.1456117598222861,0.0753048870154133,0.12417481680639575
318,318.0,318.4,0.0741868733973997,0.17949521817942865,0.1695686237133605,0.1294297558113347,0.10222806525438102,0.1456117598222861,0.0753048870154133,0.12417481680639575
319,319.0,319.4,0.0741868733973997,0.17949521817942865,0.1695686237133605,0.1294297558113347,0.10222806525438102,0.1456117598222861,0.0753048870154133,0.12417481680639575
320,320.0,320.4,0.07422181399837803,0.17966992118432037,0.17236387179162746,0.12946469641231306,0.10226300585535934,0.14424907638413098,0.07348797576453979,0.12427963860933075
321,321.0,321.4,0.0741868733973997,0.17949521817942865,0.17142047556521237,0.1294297558113347,0.10222806525438102,0.1456117598222861,0.07345303516356147,0.12417481680639575
322,322.0,322.4,0.0741868733973997,0.17949521817942865,0.17142047556521237,0.1294297558113347,0.10222806525438102,0.1483144625249888,0.07345303516356147,0.12147211410369303
323,323.0,323.4,0.07397350213139685,0.1794240944240944,0.17120710429920954,0.12928750830066615,0.10215694149904675,0.149879185142343,0.0733107876528929,0.12076087655035021
324,324.0,324.4,0.07456358934015336,0.1784021043504658,0.17459243958623302,0.12994507189268856,0.10363955723191073,0.1507585578936125,0.07396835124491527,0.11413032846002061
325,325.0,325.4,0.07433634104686734,0.17819823938244989,0.17527364691838374,0.1297819261635051,0.10354051406682985,0.1516796458901722,0.0738052055157318,0.11338448101605995
326,326.0,326.4,0.07354509525562156,0.177305983490194,0.1753578220025588,0.1289906803722593,0.10199169251800828,0.15045068966121594,0.07301395972448602,0.1193440769756559
327,327.0,327.4,0.07354509525562156,0.177305983490194,0.1753578220025588,0.1289906803722593,0.10199169251800828,0.15045068966121594,0.07301395972448602,0.1193440769756559
328,328.0,328.4,0.07354509525562156,0.177305983490194,0.1753578220025588,0.1289906803722593,0.10199169251800828,0.15045068966121594,0.07301395972448602,0.1193440769756559
329,329.0,329.4,0.0735787652892916,0.17929251547672598,0.17451607116080797,0.1315243504059293,0.10202536255167834,0.14907021828074457,0.07304762975815605,0.11694508707666602
330,330.0,330.4,0.07336216842635325,0.17906318969861973,0.1733567133551087,0.1337467779332349,0.10193071690825217,0.14935312868560618,0.07289200850497382,0.11629529648785102
331,331.0,331.4,0.07251445922498552,0.17820175438596492,0.17338562753036438,0.13284099672257563,0.10055812608444185,0.1549045691150954,0.07210237131289761,0.11549209562367455
332,332.0,332.4,0.07248313090418351,0.17804511278195487,0.1742001638712165,0.13280966840177363,0.10052679776363985,0.15446597262386733,0.07207104299209562,0.11539811066126852
333,333.0,333.4,0.07248313090418351,0.17804511278195487,0.1742001638712165,0.13280966840177363,0.10821910545594753,0.15446597262386733,0.07207104299209562,0.10770580296896085
334,334.0,334.4,0.07248313090418351,0.18429511278195487,0.1742001638712165,0.13280966840177363,0.10196910545594753,0.15446597262386733,0.07207104299209562,0.10770580296896085
335,335.0,335.4,0.07247262670250285,0.18147298393041425,0.18182639857562455,0.1329182118191406,0.10135285895734811,0.14698679674298867,0.07194149117136732,0.1110286321006135
336,336.0,336.4,0.07193265445373583,0.17864638906630187,0.1873016333776149,0.13231726396061746,0.10060804054247237,0.14779116516085883,0.0714624945323564,0.10994035890604212
337,337.0,337.4,0.07146604076504255,0.18151229366519744,0.18625022436728425,0.13417353064358503,0.09996517321154341,0.14656961535137575,0.07105395285295465,0.10900916914301666
338,338.0,338.4,0.07127070513143471,0.18131080929560792,0.1851197630761662,0.13556236829300744,0.09988057954914267,0.14530378478335554,0.07091398820495035,0.11063800166633495
339,339.0,339.4,0.07082073628126258,0.17874829118250168,0.18323952363426046,0.1349784426100215,0.10427316104947681,0.14776712322764954,0.07051687347739978,0.10965584853742746
340,340.0,340.4,0.07043112589165217,0.1765549289891395,0.18713562753036436,0.13448782211940105,0.10350837028468604,0.14667044213096841,0.07017776813829443,0.11103391491549383
341,341.0,341.4,0.0710721515326778,0.17719595463016513,0.19610998650472333,0.1351288477604267,0.10543144720776298,0.1479524934130197,0.07081879377932007,0.09629032517190408
342,342.0,342.4,0.07085570131622759,0.17524790268211318,0.19524418563892249,0.13491239754397646,0.10478209655841234,0.14773604319656947,0.07060234356286985,0.10061932950090842
343,343.0,343.4,0.0707155441220974,0.17375660287747005,0.19724977375395586,0.13482971161421406,0.10424668244728608,0.14834301243922088,0.07046218636873966,0.10039648637701581
344,344.0,344.4,0.0706863214453002,0.17361048949348407,0.1980387860274801,0.1347712662606197,0.10421745977048888,0.14793389496406015,0.07043296369194244,0.10030881834662424
345,345.0,345.4,0.07908887207800248,0.1723971217992957,0.1961601723558245,0.13667383341296382,0.09702546849285977,0.14763588062501104,0.07050218099131139,0.1005164702447311
346,346.0,346.4,0.07905520204433245,0.17155537095754486,0.19589081208646425,0.1365728233119537,0.09662142808881935,0.14942039240952282,0.07046851095764137,0.10041546014372098
347,347.0,347.4,0.07905520204433245,0.17155537095754486,0.19589081208646425,0.1365728233119537,0.09662142808881935,0.14942039240952282,0.07046851095764137,0.10041546014372098
348,348.0,348.4,0.07902273451186491,0.17074368264585654,0.19563107182672396,0.13647542071455113,0.09801753198492326,0.14935545734458774,0.07043604342517383,0.10031805754631837
349,349.0,349.4,0.07901965477863353,0.17185610352857178,0.1979793153168051,0.13646618151485695,0.0976385124020678,0.14629845042049786,0.07043296369194244,0.10030881834662424
350,350.0,350.4,0.0789914061910629,0.17171486059071867,0.1970471119269746,0.1363814357521451,0.09761026381449718,0.1459594673696504,0.07040471510437182,0.10189073925057904
351,351.0,351.4,0.0789914061910629,0.17171486059071867,0.1970471119269746,0.1363814357521451,0.09761026381449718,0.1459594673696504,0.07040471510437182,0.10189073925057904
352,352.0,352.4,0.07902273451186491,0.17252939693157082,0.19384535754100968,0.13647542071455113,0.09801753198492326,0.14602212401125442,0.07043604342517383,0.10365139087965172
353,353.0,353.4,0.07896408378669133,0.17157824856886075,0.19439108661780002,0.13629946853903036,0.0975829414101256,0.14738598448210366,0.07037739270000024,0.10342079389538776
354,354.0,354.4,0.08538140905324246,0.1741318167278171,0.18114204521867622,0.13474051243904217,0.10202438704433672,0.1518390590537178,0.06268181474074494,0.10805895572242234
355,355.0,355.4,0.08407013509439397,0.1727310014900644,0.18132112777648468,0.13401181876762497,0.10036244096392191,0.15816164743358266,0.06201156642292209,0.10733026205100511
356,356.0,356.4,0.08294298540792225,0.17311375433044435,0.18158089261525442,0.13337762245546256,0.09889630822660272,0.1548156467967127,0.06857672442875805,0.10669606573884272
