Total_iterations,Unnamed: 0.1,Intertwine_two,Add_vertex,Delete_vertex,Invert_path_vertices,Insert_inside_vertex,Delete_inside_vertex,Replace_inside_vertex,Donate_between_routes
0,0.0,0.125,0.125,0.125,0.125,0.125,0.125,0.125,0.125
1,1.0,0.125,0.125,0.125,0.125,0.125,0.125,0.125,0.125
2,2.0,0.125,0.125,0.125,0.125,0.125,0.125,0.125,0.125
3,3.0,0.125,0.125,0.125,0.125,0.125,0.125,0.125,0.125
4,4.0,0.125,0.125,0.125,0.125,0.125,0.125,0.125,0.125
5,5.0,0.125,0.125,0.125,0.125,0.125,0.125,0.125,0.125
6,6.0,0.125,0.125,0.125,0.125,0.125,0.125,0.125,0.125
7,7.0,0.125,0.125,0.125,0.125,0.125,0.125,0.125,0.125
8,8.0,0.125,0.125,0.125,0.125,0.125,0.125,0.125,0.125
9,9.0,0.125,0.125,0.125,0.125,0.125,0.125,0.125,0.125
10,10.0,0.125,0.125,0.125,0.125,0.125,0.125,0.125,0.125
11,11.0,0.125,0.125,0.125,0.125,0.125,0.125,0.125,0.125
12,12.0,0.125,0.125,0.125,0.125,0.125,0.125,0.125,0.125
13,13.0,0.125,0.125,0.125,0.125,0.125,0.125,0.125,0.125
14,14.0,0.125,0.125,0.125,0.125,0.125,0.125,0.125,0.125
15,15.0,0.125,0.125,0.125,0.125,0.125,0.125,0.125,0.125
16,16.0,0.125,0.125,0.125,0.125,0.125,0.125,0.125,0.125
17,17.0,0.125,0.125,0.125,0.125,0.125,0.125,0.125,0.125
18,18.0,0.125,0.125,0.125,0.125,0.125,0.125,0.125,0.125
19,19.0,0.125,0.125,0.125,0.125,0.125,0.125,0.125,0.125
20,20.0,0.125,0.125,0.125,0.125,0.125,0.125,0.125,0.125
21,21.0,0.125,0.125,0.125,0.125,0.125,0.125,0.125,0.125
22,22.0,0.125,0.125,0.125,0.125,0.125,0.125,0.125,0.125
23,23.0,0.125,0.125,0.125,0.125,0.125,0.125,0.125,0.125
24,24.0,0.125,0.125,0.125,0.125,0.125,0.125,0.125,0.125
25,25.0,0.125,0.125,0.125,0.125,0.125,0.125,0.125,0.125
26,26.0,0.125,0.125,0.125,0.125,0.125,0.125,0.125,0.125
27,27.0,0.125,0.125,0.125,0.125,0.125,0.125,0.125,0.125
28,28.0,0.125,0.125,0.125,0.125,0.125,0.125,0.125,0.125
29,29.0,0.125,0.125,0.125,0.125,0.125,0.125,0.125,0.125
30,30.0,0.125,0.125,0.125,0.125,0.125,0.125,0.125,0.125
31,31.0,0.125,0.125,0.125,0.125,0.125,0.125,0.125,0.125
32,32.0,0.125,0.125,0.125,0.125,0.125,0.125,0.125,0.125
33,33.0,0.125,0.125,0.125,0.125,0.125,0.125,0.125,0.125
34,34.0,0.125,0.125,0.125,0.125,0.125,0.125,0.125,0.125
35,35.0,0.125,0.125,0.125,0.125,0.125,0.125,0.125,0.125
36,36.0,0.125,0.125,0.125,0.125,0.125,0.125,0.125,0.125
37,37.0,0.125,0.125,0.125,0.125,0.125,0.125,0.125,0.125
38,38.0,0.125,0.125,0.125,0.125,0.125,0.125,0.125,0.125
39,39.0,0.125,0.125,0.125,0.125,0.125,0.125,0.125,0.125
40,40.0,0.125,0.125,0.125,0.125,0.125,0.125,0.125,0.125
41,41.0,0.125,0.125,0.125,0.125,0.125,0.125,0.125,0.125
42,42.0,0.125,0.125,0.125,0.125,0.125,0.125,0.125,0.125
43,43.0,0.125,0.125,0.125,0.125,0.125,0.125,0.125,0.125
44,44.0,0.125,0.125,0.125,0.125,0.125,0.125,0.125,0.125
45,45.0,0.125,0.125,0.125,0.125,0.125,0.125,0.125,0.125
46,46.0,0.125,0.125,0.125,0.125,0.125,0.125,0.125,0.125
47,47.0,0.125,0.125,0.125,0.125,0.125,0.125,0.125,0.125
48,48.0,0.125,0.125,0.125,0.125,0.125,0.125,0.125,0.125
49,49.0,0.125,0.125,0.125,0.125,0.125,0.125,0.125,0.125
50,50.0,0.125,0.125,0.125,0.125,0.125,0.125,0.125,0.125
51,51.0,0.125,0.125,0.125,0.125,0.125,0.125,0.125,0.125
52,52.0,0.125,0.125,0.125,0.125,0.125,0.125,0.125,0.125
53,53.0,0.125,0.125,0.125,0.125,0.125,0.125,0.125,0.125
54,54.0,0.125,0.125,0.125,0.125,0.125,0.125,0.125,0.125
55,55.0,0.125,0.125,0.125,0.125,0.125,0.125,0.125,0.125
56,56.0,0.125,0.125,0.125,0.125,0.125,0.125,0.125,0.125
57,57.0,0.125,0.125,0.125,0.125,0.125,0.125,0.125,0.125
58,58.0,0.125,0.125,0.125,0.125,0.125,0.125,0.125,0.125
59,59.0,0.125,0.125,0.125,0.125,0.125,0.125,0.125,0.125
60,60.0,0.125,0.125,0.125,0.125,0.125,0.125,0.125,0.125
61,61.0,0.125,0.125,0.125,0.125,0.125,0.125,0.125,0.125
62,62.0,0.125,0.125,0.125,0.125,0.125,0.125,0.125,0.125
63,63.0,0.125,0.125,0.125,0.125,0.125,0.125,0.125,0.125
64,64.0,0.125,0.125,0.125,0.125,0.125,0.125,0.125,0.125
65,65.0,0.125,0.125,0.125,0.125,0.125,0.125,0.125,0.125
66,66.0,0.125,0.125,0.125,0.125,0.125,0.125,0.125,0.125
67,67.0,0.125,0.125,0.125,0.125,0.125,0.125,0.125,0.125
68,68.0,0.125,0.125,0.125,0.125,0.125,0.125,0.125,0.125
69,69.0,0.125,0.125,0.125,0.125,0.125,0.125,0.125,0.125
70,70.0,0.125,0.125,0.125,0.125,0.125,0.125,0.125,0.125
71,71.0,0.125,0.125,0.125,0.125,0.125,0.125,0.125,0.125
72,72.0,0.125,0.125,0.125,0.125,0.125,0.125,0.125,0.125
73,73.0,0.125,0.125,0.125,0.125,0.125,0.125,0.125,0.125
74,74.0,0.125,0.125,0.125,0.125,0.125,0.125,0.125,0.125
75,75.0,0.125,0.125,0.125,0.125,0.125,0.125,0.125,0.125
76,76.0,0.125,0.125,0.125,0.125,0.125,0.125,0.125,0.125
77,77.0,0.125,0.125,0.125,0.125,0.125,0.125,0.125,0.125
78,78.0,0.125,0.125,0.125,0.125,0.125,0.125,0.125,0.125
79,79.0,0.125,0.125,0.125,0.125,0.125,0.125,0.125,0.125
80,80.0,0.125,0.125,0.125,0.125,0.125,0.125,0.125,0.125
81,81.0,0.125,0.125,0.125,0.125,0.125,0.125,0.125,0.125
82,82.0,0.125,0.125,0.125,0.125,0.125,0.125,0.125,0.125
83,83.0,0.125,0.125,0.125,0.125,0.125,0.125,0.125,0.125
84,84.0,0.125,0.125,0.125,0.125,0.125,0.125,0.125,0.125
85,85.0,0.125,0.125,0.125,0.125,0.125,0.125,0.125,0.125
86,86.0,0.125,0.125,0.125,0.125,0.125,0.125,0.125,0.125
87,87.0,0.125,0.125,0.125,0.125,0.125,0.125,0.125,0.125
88,88.0,0.125,0.125,0.125,0.125,0.125,0.125,0.125,0.125
89,89.0,0.125,0.125,0.125,0.125,0.125,0.125,0.125,0.125
90,90.0,0.125,0.125,0.125,0.125,0.125,0.125,0.125,0.125
91,91.0,0.125,0.125,0.125,0.125,0.125,0.125,0.125,0.125
92,92.0,0.125,0.125,0.125,0.125,0.125,0.125,0.125,0.125
93,93.0,0.125,0.125,0.125,0.125,0.125,0.125,0.125,0.125
94,94.0,0.125,0.125,0.125,0.125,0.125,0.125,0.125,0.125
95,95.0,0.125,0.125,0.125,0.125,0.125,0.125,0.125,0.125
96,96.0,0.125,0.125,0.125,0.125,0.125,0.125,0.125,0.125
97,97.0,0.125,0.125,0.125,0.125,0.125,0.125,0.125,0.125
98,98.0,0.125,0.125,0.125,0.125,0.125,0.125,0.125,0.125
99,99.0,0.125,0.125,0.125,0.125,0.125,0.125,0.125,0.125
100,100.0,0.125,0.125,0.125,0.125,0.125,0.125,0.125,0.125
101,101.0,0.125,0.125,0.125,0.125,0.125,0.125,0.125,0.125
102,102.0,0.125,0.125,0.125,0.125,0.125,0.125,0.125,0.125
103,103.0,0.125,0.125,0.125,0.125,0.125,0.125,0.125,0.125
104,104.0,0.125,0.125,0.125,0.125,0.125,0.125,0.125,0.125
105,105.0,0.125,0.125,0.125,0.125,0.125,0.125,0.125,0.125
106,106.0,0.125,0.125,0.125,0.125,0.125,0.125,0.125,0.125
107,107.0,0.125,0.125,0.125,0.125,0.125,0.125,0.125,0.125
108,108.0,0.125,0.125,0.125,0.125,0.125,0.125,0.125,0.125
109,109.0,0.125,0.125,0.125,0.125,0.125,0.125,0.125,0.125
110,110.0,0.125,0.125,0.125,0.125,0.125,0.125,0.125,0.125
111,111.0,0.125,0.125,0.125,0.125,0.125,0.125,0.125,0.125
112,112.0,0.125,0.125,0.125,0.125,0.125,0.125,0.125,0.125
113,113.0,0.125,0.125,0.125,0.125,0.125,0.125,0.125,0.125
114,114.0,0.125,0.125,0.125,0.125,0.125,0.125,0.125,0.125
115,115.0,0.125,0.125,0.125,0.125,0.125,0.125,0.125,0.125
116,116.0,0.125,0.125,0.125,0.125,0.125,0.125,0.125,0.125
117,117.0,0.125,0.125,0.125,0.125,0.125,0.125,0.125,0.125
118,118.0,0.125,0.125,0.125,0.125,0.125,0.125,0.125,0.125
119,119.0,0.125,0.125,0.125,0.125,0.125,0.125,0.125,0.125
120,120.0,0.125,0.125,0.125,0.125,0.125,0.125,0.125,0.125
121,121.0,0.125,0.125,0.125,0.125,0.125,0.125,0.125,0.125
122,122.0,0.125,0.125,0.125,0.125,0.125,0.125,0.125,0.125
123,123.0,0.125,0.125,0.125,0.125,0.125,0.125,0.125,0.125
124,124.0,0.125,0.125,0.125,0.125,0.125,0.125,0.125,0.125
125,125.0,0.125,0.125,0.125,0.125,0.125,0.125,0.125,0.125
126,126.0,0.125,0.125,0.125,0.125,0.125,0.125,0.125,0.125
127,127.0,0.125,0.125,0.125,0.125,0.125,0.125,0.125,0.125
128,128.0,0.125,0.125,0.125,0.125,0.125,0.125,0.125,0.125
129,129.0,0.125,0.125,0.125,0.125,0.125,0.125,0.125,0.125
130,130.0,0.125,0.125,0.125,0.125,0.125,0.125,0.125,0.125
131,131.0,0.125,0.125,0.125,0.125,0.125,0.125,0.125,0.125
132,132.0,0.125,0.125,0.125,0.125,0.125,0.125,0.125,0.125
133,133.0,0.125,0.125,0.125,0.125,0.125,0.125,0.125,0.125
134,134.0,0.125,0.125,0.125,0.125,0.125,0.125,0.125,0.125
135,135.0,0.125,0.125,0.125,0.125,0.125,0.125,0.125,0.125
136,136.0,0.125,0.125,0.125,0.125,0.125,0.125,0.125,0.125
137,137.0,0.125,0.125,0.125,0.125,0.125,0.125,0.125,0.125
138,138.0,0.125,0.125,0.125,0.125,0.125,0.125,0.125,0.125
139,139.0,0.125,0.125,0.125,0.125,0.125,0.125,0.125,0.125
140,140.0,0.125,0.125,0.125,0.125,0.125,0.125,0.125,0.125
141,141.0,0.125,0.125,0.125,0.125,0.125,0.125,0.125,0.125
142,142.0,0.125,0.125,0.125,0.125,0.125,0.125,0.125,0.125
143,143.0,0.125,0.125,0.125,0.125,0.125,0.125,0.125,0.125
144,144.0,0.125,0.125,0.125,0.125,0.125,0.125,0.125,0.125
145,145.0,0.125,0.125,0.125,0.125,0.125,0.125,0.125,0.125
146,146.0,0.125,0.125,0.125,0.125,0.125,0.125,0.125,0.125
147,147.0,0.125,0.125,0.125,0.125,0.125,0.125,0.125,0.125
148,148.0,0.125,0.125,0.125,0.125,0.125,0.125,0.125,0.125
149,149.0,0.125,0.125,0.125,0.125,0.125,0.125,0.125,0.125
150,150.0,0.125,0.125,0.125,0.125,0.125,0.125,0.125,0.125
151,151.0,0.125,0.125,0.125,0.125,0.125,0.125,0.125,0.125
152,152.0,0.125,0.125,0.125,0.125,0.125,0.125,0.125,0.125
153,153.0,0.125,0.125,0.125,0.125,0.125,0.125,0.125,0.125
154,154.0,0.125,0.125,0.125,0.125,0.125,0.125,0.125,0.125
155,155.0,0.125,0.125,0.125,0.125,0.125,0.125,0.125,0.125
156,156.0,0.125,0.125,0.125,0.125,0.125,0.125,0.125,0.125
157,157.0,0.125,0.125,0.125,0.125,0.125,0.125,0.125,0.125
158,158.0,0.125,0.125,0.125,0.125,0.125,0.125,0.125,0.125
159,159.0,0.125,0.125,0.125,0.125,0.125,0.125,0.125,0.125
160,160.0,0.125,0.125,0.125,0.125,0.125,0.125,0.125,0.125
161,161.0,0.125,0.125,0.125,0.125,0.125,0.125,0.125,0.125
162,162.0,0.125,0.125,0.125,0.125,0.125,0.125,0.125,0.125
163,163.0,0.125,0.125,0.125,0.125,0.125,0.125,0.125,0.125
164,164.0,0.125,0.125,0.125,0.125,0.125,0.125,0.125,0.125
165,165.0,0.125,0.125,0.125,0.125,0.125,0.125,0.125,0.125
166,166.0,0.125,0.125,0.125,0.125,0.125,0.125,0.125,0.125
167,167.0,0.125,0.125,0.125,0.125,0.125,0.125,0.125,0.125
168,168.0,0.125,0.125,0.125,0.125,0.125,0.125,0.125,0.125
169,169.0,0.125,0.125,0.125,0.125,0.125,0.125,0.125,0.125
170,170.0,0.125,0.125,0.125,0.125,0.125,0.125,0.125,0.125
171,171.0,0.125,0.125,0.125,0.125,0.125,0.125,0.125,0.125
172,172.0,0.125,0.125,0.125,0.125,0.125,0.125,0.125,0.125
173,173.0,0.125,0.125,0.125,0.125,0.125,0.125,0.125,0.125
174,174.0,0.125,0.125,0.125,0.125,0.125,0.125,0.125,0.125
175,175.0,0.125,0.125,0.125,0.125,0.125,0.125,0.125,0.125
176,176.0,0.125,0.125,0.125,0.125,0.125,0.125,0.125,0.125
177,177.0,0.125,0.125,0.125,0.125,0.125,0.125,0.125,0.125
178,178.0,0.125,0.125,0.125,0.125,0.125,0.125,0.125,0.125
179,179.0,0.125,0.125,0.125,0.125,0.125,0.125,0.125,0.125
180,180.0,0.125,0.125,0.125,0.125,0.125,0.125,0.125,0.125
181,181.0,0.125,0.125,0.125,0.125,0.125,0.125,0.125,0.125
182,182.0,0.125,0.125,0.125,0.125,0.125,0.125,0.125,0.125
183,183.0,0.125,0.125,0.125,0.125,0.125,0.125,0.125,0.125
184,184.0,0.125,0.125,0.125,0.125,0.125,0.125,0.125,0.125
185,185.0,0.125,0.125,0.125,0.125,0.125,0.125,0.125,0.125
186,186.0,0.125,0.125,0.125,0.125,0.125,0.125,0.125,0.125
187,187.0,0.125,0.125,0.125,0.125,0.125,0.125,0.125,0.125
188,188.0,0.125,0.125,0.125,0.125,0.125,0.125,0.125,0.125
189,189.0,0.125,0.125,0.125,0.125,0.125,0.125,0.125,0.125
190,190.0,0.125,0.125,0.125,0.125,0.125,0.125,0.125,0.125
191,191.0,0.125,0.125,0.125,0.125,0.125,0.125,0.125,0.125
192,192.0,0.125,0.125,0.125,0.125,0.125,0.125,0.125,0.125
193,193.0,0.125,0.125,0.125,0.125,0.125,0.125,0.125,0.125
194,194.0,0.125,0.125,0.125,0.125,0.125,0.125,0.125,0.125
195,195.0,0.125,0.125,0.125,0.125,0.125,0.125,0.125,0.125
196,196.0,0.125,0.125,0.125,0.125,0.125,0.125,0.125,0.125
197,197.0,0.125,0.125,0.125,0.125,0.125,0.125,0.125,0.125
198,198.0,0.125,0.125,0.125,0.125,0.125,0.125,0.125,0.125
199,199.0,0.125,0.125,0.125,0.125,0.125,0.125,0.125,0.125
200,200.0,0.1247222222222222,0.1247222222222222,0.1258333333333333,0.1258333333333333,0.1247222222222222,0.1247222222222222,0.1247222222222222,0.1247222222222222
201,201.0,0.1243361111111111,0.1243361111111111,0.126436111111111,0.1265472222222222,0.1243361111111111,0.1243361111111111,0.1243361111111111,0.1253361111111111
202,202.0,0.1237265631313131,0.1237265631313131,0.126704654040404,0.1279257651515151,0.1237265631313131,0.1237265631313131,0.1248376742424242,0.125625654040404
203,203.0,0.1230530780555555,0.1230530780555555,0.1268068213888888,0.1291258325,0.1230530780555555,0.1230530780555555,0.1260975225,0.1257575113888888
204,204.0,0.1223969662623737,0.1223969662623737,0.1268945926775252,0.1291785236775252,0.1223969662623737,0.1223969662623737,0.1273454107068182,0.1269936078886363
205,205.0,0.1225408293192197,0.1215408293192197,0.1267463075771893,0.1289758271671894,0.1215408293192197,0.1215408293192197,0.129236722652553,0.1278778253261894
206,206.0,0.1224305038377949,0.120531412928704,0.1273143273050545,0.1285634905210637,0.120531412928704,0.120531412928704,0.1316336573893101,0.1284637821606646
207,207.0,0.1221233200075488,0.1193431290984579,0.1295965937062746,0.1279155910181783,0.1193431290984579,0.1193431290984579,0.1335288550077912,0.1288062529648331
208,208.0,0.1216837021683326,0.1181231716531811,0.1316905261161685,0.1271795881816623,0.1181231716531811,0.1189565049865144,0.135275506940609,0.1289678283003506
209,209.0,0.1211267646469103,0.1168162004581224,0.1335914933572447,0.1263009453025368,0.1168162004581224,0.1184745337914557,0.1379114052774056,0.1289624567082017
210,210.0,0.1205948087867166,0.1155689866002106,0.1354247822739741,0.1254277128138541,0.1155689866002106,0.1180365699335439,0.1404462663944151,0.1289318865970746
211,211.0,0.1191932200827949,0.1143239239202075,0.1378198534506499,0.1245039794373541,0.1143239239202075,0.1175784897535408,0.1426084351460359,0.1296481742892091
212,212.0,0.1177757249593042,0.1130959951798696,0.1399548197077523,0.1235467798483308,0.1130959951798696,0.1171096329382029,0.1451388338065654,0.130282218380105
213,213.0,0.1164075395588871,0.1119452168220842,0.1419826935230193,0.1226184832133774,0.1119452168220842,0.1166852162686675,0.1475302804534525,0.1308853533384277
214,214.0,0.1149856931515186,0.1107636599804523,0.1442895097980862,0.1216137605917146,0.1107636599804523,0.1168984464904564,0.1494705580193948,0.1312147119879246
215,215.0,0.1136303197525171,0.1096667675223244,0.1464682621681783,0.1206508512587797,0.1096667675223244,0.1171493606781532,0.1512573586588053,0.1315103124389173
216,216.0,0.1121822696289797,0.1084909857678752,0.1488445238346467,0.1205691468129728,0.1084909857678752,0.1178700207316298,0.1520554392252203,0.1314966282308001
217,217.0,0.1106345466988511,0.1072252172085371,0.151879959406367,0.121168781372477,0.1072252172085371,0.1182886880212158,0.1523999466645308,0.1311776434194839
218,218.0,0.1091331041301004,0.1060116268684009,0.1552526477864476,0.1217597697128111,0.1060116268684009,0.1185554552369846,0.1525658018730631,0.1307099675237913
219,219.0,0.1075869394233884,0.104755743940059,0.1591534701435849,0.122457899905822,0.1048668550511701,0.1190272891586047,0.1518428226329205,0.1303089797444502
220,220.0,0.106104221733696,0.103562591805733,0.1631839872094431,0.1231337117584296,0.1037837029168441,0.1194672000703923,0.150904328063725,0.1298602564417366
221,221.0,0.1047265217715124,0.1024709171426586,0.1669931302248445,0.1238157672214423,0.1027999282537697,0.119907069399507,0.1498805193499563,0.129406146636309
222,222.0,0.1034571147637083,0.1020697242444592,0.1705649451646807,0.1244966213791895,0.1019154310614527,0.1203425026109249,0.1482019306990915,0.128951730076493
223,223.0,0.1020505392817155,0.1014845591571526,0.1741689380715425,0.1247707444658965,0.1008818023615317,0.1210778183366485,0.1462002318142843,0.1293653665112283
224,224.0,0.1006168206334673,0.1008220854548414,0.1776937955233769,0.1248946746998586,0.0998065342974613,0.1216286781076028,0.1440101654120957,0.1305272458712958
225,225.0,0.0990812339611779,0.1000048823751552,0.1830484638568615,0.1246622105749116,0.0986127671254029,0.1218059484430143,0.1415806925473917,0.1312038011160848
226,226.0,0.0975568280252341,0.0992616227234286,0.1888156034394988,0.1243272787702653,0.0974183304668484,0.1219887238120401,0.138929782314224,0.1317018304484606
227,227.0,0.0961556279710248,0.0986057901315342,0.1942584806244968,0.1239896098257175,0.0963272524437556,0.1221527772181328,0.1363312976358044,0.1321791641495339
228,228.0,0.0949071029886963,0.099697898632106,0.1977803065549831,0.1246165293583791,0.095367885750587,0.122802308577493,0.1330004252478868,0.1318275428898687
229,229.0,0.0946507146881278,0.100611937215596,0.2006060694402052,0.1251052455001387,0.0943788967885259,0.1237072026311282,0.1296143114908988,0.1313256222453793
230,230.0,0.0942574690201896,0.1023270630928055,0.2036559447142501,0.1252622593267268,0.0932140554422083,0.1247297302863172,0.1261677892710107,0.1303856888464917
231,231.0,0.0945332958082212,0.1036166250083634,0.2065239062060147,0.1252129858579265,0.0919573954069934,0.12538500444458,0.1226706202905039,0.1301001669773968
232,232.0,0.0956342871145028,0.1046648291938247,0.2087737081030519,0.1250527889822071,0.0907049075763653,0.1263456219564509,0.1192370833394877,0.1295867737341096
233,233.0,0.0966075164776755,0.1062174211253653,0.2102559948149707,0.1252985160260997,0.0894234020758034,0.1274858320407143,0.1158317371101258,0.1288795803292453
234,234.0,0.097334969508882,0.1088904913726388,0.2108153435040732,0.1254170114186201,0.0881329953132278,0.1288904834045853,0.1125065199262937,0.1280121855516791
235,235.0,0.097761516723514,0.1124155336995823,0.2111424882030367,0.1251467099683588,0.0867677228876469,0.1298896644258386,0.1093273943881688,0.1275489697038537
236,236.0,0.0980384289700826,0.1162619323298515,0.2114592237088037,0.1246154636269321,0.0854276496820969,0.130270189430867,0.1069487011107684,0.1269784111405978
237,237.0,0.0975139936965215,0.1198005378632614,0.2124039538886664,0.1240050581347496,0.0841240352945088,0.1311846534032772,0.1046562292553394,0.1263115384636756
238,238.0,0.0973849328697469,0.1233304883771157,0.2133244144930283,0.1236923269122117,0.0827879069667772,0.131686368558583,0.1023862690567868,0.1254072927657501
239,239.0,0.0976629853934296,0.1264996885494897,0.2140466448241349,0.1231458770225694,0.0814915820705238,0.1319550431827326,0.1007705388376272,0.1244276401194927
240,240.0,0.0979331952883806,0.1294704690586068,0.214572144956153,0.1225819042419348,0.0802843440985389,0.1319887992225088,0.0993290782533876,0.1238400648804894
241,241.0,0.0981633742960904,0.1322026936432688,0.2148314955970035,0.1223868868899268,0.0791683260817647,0.1319389011063496,0.098069749051972,0.1232385733336241
242,242.0,0.0983385570485396,0.1346762289834078,0.2150987181893945,0.1225092129305361,0.078128899538181,0.1317142132310101,0.0969702647204456,0.1225639053584851
243,243.0,0.0984495408308426,0.1373554486133783,0.2151787022681924,0.1224285381609823,0.077155974386301,0.131615279677098,0.096000495144595,0.1218160209186103
244,244.0,0.0985326580368544,0.1401630898728127,0.215049775740275,0.122325563173212,0.0762622235017077,0.1314433290282585,0.0951778440516882,0.1210455165951913
245,245.0,0.0985787783960024,0.1429002063198515,0.21455102787908,0.1221924619827831,0.0754375812103769,0.1316150159561537,0.0944732460953448,0.1202516821604073
246,246.0,0.0986308969816736,0.1454206896450685,0.2139487690673383,0.1220733348141578,0.0747231396681878,0.131757169135483,0.0939320433613501,0.1195139573267406
247,247.0,0.0986878927853591,0.1477209983273937,0.2128747576036066,0.121967975536842,0.074115023215648,0.1318713204093096,0.0939279237394247,0.1188341083824162
248,248.0,0.0987706351776104,0.1506609943091253,0.2110381438861288,0.1218979880048678,0.0736306075587081,0.1322498727101367,0.094072240630645,0.1176795177227775
249,249.0,0.0979554739888209,0.1541519610425866,0.209868552064824,0.1218285652204716,0.0732944996399307,0.133503104521261,0.0932693257434199,0.116128517778685
250,250.0,0.0970978590790149,0.1575739122842714,0.2086521873531128,0.1217184022773214,0.0729955947975768,0.1348847169579529,0.0925076543067862,0.1145696729439631
251,251.0,0.0962493583429876,0.1607273602000477,0.2075666504640118,0.1216114211943196,0.0727719081460232,0.1361476624495829,0.0918418956477683,0.1130837435552585
252,252.0,0.0953908476102775,0.163291067227724,0.2062191393598303,0.1219816758358374,0.0725914569722615,0.1376321770488757,0.0912420363437808,0.1116515996014125
253,253.0,0.0944632416236977,0.1657041375690002,0.2044817948100754,0.122180314140071,0.0723830508760679,0.1400850808109129,0.0906252126922242,0.1100771674779503
254,254.0,0.0934557695915448,0.1678444006259999,0.2026096582534867,0.1222924081276031,0.0728388987479768,0.1423860713828652,0.0900389996540815,0.1085337936164417
255,255.0,0.0923885914647091,0.1694469772345191,0.2012632193585157,0.1223261171136806,0.0732472581956134,0.1445282383278428,0.0894871064482138,0.1073124918569051
256,256.0,0.091277784004984,0.1712286714753469,0.1991266049606039,0.1223054281467919,0.0736082288379853,0.1473929572180413,0.0889504963219478,0.1061098290342985
257,257.0,0.0901976068738806,0.1729123514806123,0.1971630921098139,0.1222435723882044,0.0739817285028201,0.1500487328622921,0.0884694356119826,0.1049834801703936
258,258.0,0.0891618376289873,0.1741002815625237,0.1956658241154393,0.1221509615749727,0.0743688081103628,0.1525471497517275,0.0880556199409073,0.1039495173150791
259,259.0,0.0881216418728017,0.1747696368804978,0.1950239137157684,0.1219288423563597,0.0747094875689367,0.1542825424559278,0.0876449640218868,0.1035189711278207
260,260.0,0.0871025634621352,0.1751879729135612,0.1942863638580478,0.1222471226432466,0.0750196993469735,0.1558897759153218,0.0872556203051098,0.1030108815556037
261,261.0,0.0861498531163363,0.175413379899668,0.1931555631359124,0.1225607513520081,0.07533655976454,0.1572815411869632,0.086926194347107,0.1031761571974645
262,262.0,0.0852150720161976,0.1755682627141695,0.1921440582469649,0.122727953811181,0.0756049062373292,0.1588892049327429,0.0866023401193515,0.103248201922063
263,263.0,0.0843054659267555,0.1756622928291591,0.1910225657495103,0.1227618014927904,0.0758265975736917,0.1608992436688918,0.0862861192519728,0.1032359135072281
264,264.0,0.0839533886633433,0.1755870354198821,0.189805293259074,0.1226746843520283,0.0763483694261486,0.1625049212535965,0.0859790880600842,0.1031472195658428
265,265.0,0.0836364972621605,0.1751785368509502,0.1888520530640628,0.1225090486796764,0.0771763794236075,0.1641675895697829,0.0853732163190528,0.1031066788307065
266,266.0,0.0833415477462685,0.1748645720288125,0.1879699869546357,0.1222717278951931,0.0779692994877358,0.1652768818338077,0.0848020226373453,0.1035039614162011
267,267.0,0.0830581098336922,0.1742405169351522,0.1874509043137572,0.1219501089906427,0.0786902348964926,0.1665238657976507,0.0842567820074579,0.1038294772251541
268,268.0,0.0827868988646809,0.1733360807571727,0.1872743023913861,0.1215541845363569,0.079337682757539,0.1678858517950549,0.0837396659783317,0.1040853329194775
269,269.0,0.0825645802607733,0.172198984432509,0.1871331775338924,0.1211479097829973,0.080232142862357,0.1690883107886583,0.0832704226951221,0.1043644716436904
270,270.0,0.0825073381278396,0.1711661834880602,0.1869135307529389,0.1209197778005828,0.081203137723681,0.1703800862704908,0.0825319164140852,0.1043780294223213
271,271.0,0.0825643547922752,0.170167970121307,0.1860398015776309,0.1207689530159392,0.0821984214694105,0.1712367203755656,0.0819158780024707,0.1051079006454007
272,272.0,0.0826656631932059,0.1691528966936547,0.1852383094522004,0.120631241942643,0.0831476413591549,0.171954030465725,0.0813582500429598,0.1058519668504559
273,273.0,0.0828058210729729,0.1681327999454698,0.184509845592914,0.1205067103202925,0.0840459115796153,0.172538775841559,0.0808587677699374,0.1066013678772389
274,274.0,0.0828684307937839,0.1670072720651762,0.1839758388401738,0.1202841744089055,0.0857782332844043,0.1726546962700958,0.0801943892152624,0.1072369651221978
275,275.0,0.0823546226495864,0.1664107757071099,0.1829527518881243,0.120724563532544,0.0876560615014832,0.1725914855263795,0.0794742901588535,0.1078354490359189
276,276.0,0.0817818888160794,0.1662638964151664,0.1819590539333924,0.1210408151728525,0.0893287653449587,0.1723491702014034,0.0791074775261225,0.1081689325900244
277,277.0,0.0812350634862432,0.1659858513596865,0.1810000337357022,0.1213444914861307,0.0911575309013041,0.1720092661066962,0.0787895826268502,0.1084781802973868
278,278.0,0.0807245870882191,0.16572867202136,0.1801196288473767,0.121648939292369,0.0928891366125766,0.171592494185388,0.0785264556618935,0.1087700862908171
279,279.0,0.0801051040959808,0.1654888753678866,0.1802513214689025,0.1217962750594472,0.0943294744696627,0.1709638835425266,0.078168425710645,0.1088966402849486
280,280.0,0.0794987674181743,0.1644834719529115,0.1802164227442281,0.121905429402548,0.0958667723171596,0.1713775290817191,0.0778336207905486,0.1088179862927108
281,281.0,0.0789033363896669,0.1634610571927369,0.1800024395548495,0.1219788962769274,0.097259512317624,0.1722801730926246,0.077511026542172,0.1086035586333985
282,282.0,0.0783161516036681,0.1625603119624875,0.1795869515418111,0.1220048742330346,0.098934215926599,0.1731420465753879,0.0771948392253524,0.1082606089316592
283,283.0,0.0777744378192827,0.161701676153608,0.1782290647885655,0.1225916484479158,0.1004879526819483,0.1743805369362863,0.0769241053816849,0.1079105777907084
284,284.0,0.0772428331901353,0.1608714092400211,0.1769184820946369,0.123132344017313,0.1018991659594522,0.1757898004824478,0.0766788710602619,0.1074670939557316
285,285.0,0.0767598372376524,0.1596960721723715,0.1757544783705594,0.1236952752690796,0.10316206685366,0.1763532964331522,0.0776781191710966,0.1069008544924281
286,286.0,0.0763175816717761,0.1586929982112359,0.174634848847007,0.1242269145586283,0.104253995920545,0.1768396292065219,0.078698500179367,0.1063355314049186
287,287.0,0.0757536150609846,0.1580983125448425,0.1732904209090871,0.1249485712799426,0.1048230486877208,0.1776632105420662,0.079496469305561,0.105926351669795
288,288.0,0.0752713561690346,0.1586938041801425,0.1721890836184972,0.1256713533372939,0.1045313039233685,0.178638779246413,0.07951024686762,0.10549407265763
289,289.0,0.0747897468891171,0.1593184872618523,0.1716424201368313,0.1262682331682698,0.1040561572260675,0.1794944580916512,0.0793979817063491,0.1050325155198614
290,290.0,0.0743507363292701,0.15985416153484,0.1711486175766667,0.1268202281500824,0.1036833588184535,0.1802708772516814,0.0792855987221362,0.1045864216168696
291,291.0,0.0739853978261897,0.1609901768196336,0.1701398246192731,0.1273569562869198,0.1032622744372247,0.1803273395523736,0.0793121709430987,0.1046258595152867
292,292.0,0.0743382572091319,0.161754064862793,0.1696944968536292,0.1277533003992536,0.1025964380931133,0.1800764566436154,0.0792604961398368,0.1045264897986266
293,293.0,0.0746982591894217,0.1623896449740994,0.1692695228532426,0.1280756587136609,0.101829740794314,0.179595132442681,0.0791959235492768,0.1049461174833034
294,294.0,0.0743198310543112,0.1637929458081204,0.1689200661908773,0.1283603413750217,0.1010251428688755,0.1790662274691427,0.0791364562501698,0.1053789889834812
295,295.0,0.073893332192182,0.1653953338031143,0.1687752600599847,0.1285286935252101,0.10007227497789,0.1782847452728839,0.0790149180604805,0.1060354421082542
296,296.0,0.0734950200773793,0.1668614620942506,0.1686607551512517,0.1286534174827497,0.0990700166466579,0.1774728649934269,0.0788948331203435,0.10689163043394
297,297.0,0.0730733468518467,0.168749709575636,0.1686457215789656,0.1286846541838803,0.0979311617775785,0.1765310619229219,0.078719713731859,0.1076646303773117
298,298.0,0.0726582830058209,0.1705516836397511,0.168565015490117,0.1286586841647519,0.0967853133300518,0.1755881629441557,0.0785314489127142,0.1086614085126372
299,299.0,0.072214998664184,0.1719825686092727,0.1684709478658417,0.1285431682219543,0.0961900507646896,0.1747919456256606,0.078299486951336,0.1095068332970608
300,300.0,0.0717874422683004,0.1733272613181586,0.1687149890843121,0.1283849096556695,0.0956083648931227,0.1738675588133042,0.0780676139557551,0.1102418600113771
301,301.0,0.0712716136135624,0.1745911067157389,0.1691657105099183,0.1282984164439416,0.0952633773258678,0.1729108096491038,0.077871190178571,0.1106277755632959
302,302.0,0.0707853146186277,0.176060864801958,0.1695182973241467,0.1281834531274083,0.0949063177871363,0.1719183936056173,0.0776738826185659,0.1109534761165395
303,303.0,0.0703299441682629,0.1773179709838603,0.1701720814772786,0.1280432638832125,0.0945395223118592,0.1709000526491748,0.0774769717785168,0.1112201927478347
304,304.0,0.06990646599167,0.1783637033666438,0.1709186425822923,0.1280697205391348,0.094165257072669,0.169864917492054,0.0772816276350057,0.1114296653205302
305,305.0,0.0694999967495797,0.1792829024595961,0.1715488513160014,0.1280634193265136,0.0938076773202382,0.1691954227271402,0.0770829326610851,0.1115187974398454
306,306.0,0.0691118722843256,0.1800773991758735,0.17206116475959,0.1280266710876923,0.0934680522754768,0.1685835319050095,0.0768823227623568,0.1117889857496751
307,307.0,0.0687564467562273,0.1808599956696185,0.1724493164099733,0.1279682072808341,0.0933095014254443,0.1679628104256199,0.0766860402059651,0.1120076818263172
308,308.0,0.0684859949481523,0.1815348012318664,0.1730185036642001,0.1279947773760031,0.0933670094875338,0.1668750660306792,0.0765159021912078,0.1122079450703569
309,309.0,0.0682335163315421,0.1820898956359691,0.1737503019547591,0.1279952624162657,0.0934386680996965,0.1658520012724895,0.0763462845513224,0.1122940697379554
310,310.0,0.0680146420745573,0.1825379279832364,0.1745631602127221,0.1279871697578511,0.0935296862967346,0.1648374553038909,0.0761859497518726,0.1123440086191348
311,311.0,0.0680539623036848,0.1832151428300155,0.1744549980052761,0.128190706410597,0.0940835467727542,0.1627835915808331,0.0759585972180692,0.1132594548787699
312,312.0,0.0683769284260329,0.1837191026338555,0.1742662165686102,0.1283636463562842,0.0947829279528181,0.1606941885472356,0.0757297870219111,0.1140672024932521
313,313.0,0.0687250360101984,0.1841449778773174,0.1740591686068897,0.1285292920262919,0.0954861610122299,0.1586978650647119,0.075518286093981,0.1148392133083794
314,314.0,0.0690955365874048,0.1845157987834851,0.1734700783845643,0.1286899631447346,0.0961890751857074,0.1568572244649279,0.0753309720232291,0.1158513514259464
315,315.0,0.0694795637746538,0.1848158301094937,0.1728739466108234,0.1288416283776624,0.0968817511421872,0.1551283516188542,0.0751614551088008,0.1168174732575242
316,316.0,0.0698719246390687,0.1850491505000992,0.1722774387585459,0.1289836716612974,0.0975582859438042,0.1532470882093102,0.075009650804208,0.118002789483666
317,317.0,0.0702712292076556,0.1850551146799525,0.1719559177834686,0.1291190017610995,0.0982168953613956,0.1513594160386686,0.0748820398982472,0.1191403852695118
318,318.0,0.0706697597612814,0.1850048834768153,0.1716426759651979,0.1292439063914238,0.0988497555361577,0.1496030345229274,0.0747714185540541,0.1202145657921419
319,319.0,0.0710636083959057,0.1849045787410179,0.1713400178062359,0.1293581790529148,0.0994531127906258,0.1479823784117538,0.074677194028894,0.1212209307726515
320,320.0,0.0714527988771804,0.1847776811736736,0.1713294363300681,0.1294652342759387,0.1000273779043825,0.1463638133819875,0.0744169777610276,0.1221666802957411
321,321.0,0.0718272664014417,0.184594925462681,0.1712359177334911,0.1295580845379262,0.1005630787261755,0.1450222258290347,0.0741699990398852,0.1230285022693642
322,322.0,0.0721878832432365,0.1843794482499551,0.171153596574889,0.129640366486449,0.1010618593310713,0.1440909626415799,0.0739405485520939,0.1235453349207249
323,323.0,0.0725110911757932,0.1841295640822631,0.1710608391954501,0.1296980893823014,0.1015153115591771,0.1434515330334402,0.0737149432281294,0.1239186283434451
324,324.0,0.0728756111455259,0.1837554146273958,0.171317353733695,0.1298116905369546,0.1020780964371574,0.1430282601823304,0.0735736132400113,0.1235599600969292
325,325.0,0.073197834070903,0.1833447605184443,0.1716490884098559,0.1298989508167814,0.1025903131187792,0.1428167263931004,0.0734340490578357,0.1230682776142998
326,326.0,0.0734200951943774,0.1828344810198024,0.1719923127119035,0.1298971902429682,0.1029059279868371,0.1425920795548685,0.073233028279332,0.1231248850099106
327,327.0,0.0736213802061169,0.1823199444957287,0.1723348696766529,0.1298865406278292,0.1031808390134009,0.1424684835015232,0.0730499188931302,0.1231380235856177
328,328.0,0.0738017738671774,0.1818067220140069,0.1726734004681864,0.1298679973716485,0.1034163674723545,0.1424370691151094,0.0728847608538622,0.1231119088376545
329,329.0,0.0739649283793834,0.1814984675938724,0.1729207473117351,0.1300959022744589,0.1036174633392362,0.1423508852347509,0.0727407776105942,0.1228108282559686
330,330.0,0.074086246123174,0.1811760465167693,0.1730433769288498,0.1305375439210335,0.1037730640472116,0.1423688041133743,0.0725986990878104,0.1224162192617768
331,331.0,0.0741034203954805,0.1807785954479295,0.1731597683660412,0.1308765356220068,0.1037574221306188,0.1430099183928067,0.072394797792269,0.1219195418528473
332,332.0,0.0740998547967712,0.180379456914953,0.1733482328852419,0.1311981399318082,0.1037082186131433,0.1436620081023959,0.0722052295294079,0.1213988592262784
333,333.0,0.074080478519007,0.1799968887939443,0.1735263702623823,0.1315036990953291,0.1044013520081511,0.1443569284862409,0.0720332762274597,0.1201010066074855
334,334.0,0.074047066392871,0.1802580597249164,0.173693431837897,0.1317917620355624,0.104438349598136,0.1450834472730776,0.0718788959233527,0.1188089872141867
335,335.0,0.0740003057042936,0.1802512712082077,0.1746114780466342,0.1320720520871711,0.1043853303378407,0.1450832218466507,0.071728919938271,0.1178674208309307
336,336.0,0.0738889470696794,0.1799747191839807,0.1760573923199866,0.1322726799450864,0.1042328064482824,0.1451824915536169,0.0715481676001273,0.11684279587924
337,337.0,0.0737225000034978,0.1799991295208891,0.177366016675547,0.1326393175256622,0.1039950005555289,0.1451757660450106,0.0713437795971801,0.1157584900766839
338,338.0,0.0735305994881891,0.1800160820285909,0.1785195745433569,0.1331235172443019,0.1037322176123708,0.1450570685235265,0.071142935662285,0.1148780048973786
339,339.0,0.0732902931958264,0.179788034746882,0.1794357545655234,0.1335252929332661,0.1038964547329297,0.1451990417612186,0.070920175173551,0.1139449528908026
340,340.0,0.0730103609245934,0.1793530585383639,0.180687964665771,0.1338523605010394,0.103971556128119,0.1452428303801376,0.0706817471828183,0.113200121679157
341,341.0,0.0727967320942568,0.178997701219308,0.1827768662820756,0.1342171784923215,0.1042268232176629,0.1454247213828781,0.0705262247648162,0.1110337525466805
342,342.0,0.072565575319693,0.1784650569714611,0.1847036288523962,0.1345329863555115,0.1044036747732182,0.145592055984001,0.0703675352571143,0.1093694864866042
343,343.0,0.072326419763138,0.1778043756250411,0.1867436795450533,0.1348127389512908,0.1045130839799574,0.1458247939214025,0.0702130470638272,0.1077618611502894
344,344.0,0.0720921487381483,0.1771546733473888,0.1887636873378862,0.1350588414787621,0.1046059659830162,0.1460185285027259,0.0700735768152382,0.1062325777968341
345,345.0,0.0727075016059994,0.1764131626895438,0.1904865839711661,0.1354677147165391,0.1039664755958809,0.1461822418566254,0.069958569190212,0.104817750374033
346,346.0,0.0733217658884183,0.1756214676044057,0.1920669907980286,0.1358376608074017,0.1032811201360249,0.1465225714412699,0.0698571314423324,0.103491291882118
347,347.0,0.0739319381041545,0.1748682810613129,0.1935275951550892,0.1361779639142236,0.1025977033016825,0.1468578462771326,0.0697719512643939,0.1022667209220104
348,348.0,0.0745290789844722,0.1740761152403228,0.1948397972197835,0.1364784450446003,0.102062475788256,0.1471787255842394,0.069699007947935,0.1011363541903905
349,349.0,0.0751111343587088,0.1734410837637586,0.1962635161730859,0.1367479238986695,0.1015024196298534,0.14718358358583,0.0696404213445712,0.1001099172455224
350,350.0,0.075671244540964,0.1728395813387137,0.1974688008835121,0.1369791628672224,0.100956905156256,0.1471452061505234,0.0695927939662604,0.0993463050965477
351,351.0,0.0762085453214946,0.1722869819486932,0.1985493402333304,0.1371813006677693,0.1004324757166009,0.1470988090709389,0.0695580485371618,0.0986844985040107
352,352.0,0.0767230774647481,0.1718653749181803,0.1991866279265068,0.1373646245353458,0.0999729939189328,0.1470519239464602,0.0695383771487254,0.0982970001411004
353,353.0,0.07720328789163,0.1713974539745816,0.1997613470541896,0.1375031287604046,0.0994964466242116,0.1471358153821624,0.0695237844893797,0.0979787358234402
354,354.0,0.0782948177614295,0.1712334898871812,0.1988999875248279,0.1374598503507451,0.0994925635702429,0.1476591268224551,0.0687496293821493,0.098210534700969
355,355.0,0.0792169331612823,0.1709748239531519,0.1979650927811216,0.1373208370357927,0.0993481924483704,0.1488041652790176,0.0679251868074456,0.0984447685338177
356,356.0,0.0799826540718337,0.1707978616719326,0.1969832243456166,0.1370992152384376,0.0990817876501088,0.1495936746477826,0.0677805680869506,0.0986810142873372
357,357.0,0.0806986739642537,0.1707519184798467,0.1959209292724241,0.1368543429716768,0.0988046494117552,0.1503482560798489,0.0676556405614861,0.0989655892587083
358,358.0,0.0813626176541759,0.1708304597793304,0.1947952073907458,0.1365904387433523,0.098518216325382,0.1510633012927994,0.0675494992995481,0.0992902595146659
359,359.0,0.0819703126905337,0.1710876511693384,0.1935580302688866,0.136311503380204,0.0982546580554959,0.1517145907339129,0.067461146616837,0.0996421070847912
360,360.0,0.0832352406800763,0.1713568383690074,0.1922269308190825,0.1360213013155517,0.0980141466918825,0.1523000509620499,0.0666752254567066,0.1001702657056427
361,361.0,0.0845660873116397,0.1717651374608491,0.190883174649923,0.1358439448737761,0.0977103893941281,0.1519698552429294,0.0659989566128927,0.1012624544538616
362,362.0,0.0856643020841469,0.1722189456850473,0.1894204285838878,0.1355826885569753,0.0979654628835917,0.1513814554153256,0.0652883152104703,0.102478401580555
363,363.0,0.087196296098576,0.1724964380053722,0.1879891815902848,0.1352909761393124,0.0981187569850028,0.150671349762251,0.0645720409965169,0.1036649604226836
364,364.0,0.089087523511614,0.1728245959120555,0.1865056926520953,0.1349585685651946,0.0981481684694427,0.1498287817421564,0.0638538029817353,0.104792866165706
365,365.0,0.0909061567894552,0.1732405395014863,0.1853381900433469,0.13465223416955,0.0981696916927963,0.1485220681761517,0.0631873874270386,0.1059837322001747
366,366.0,0.0926228786860624,0.1737307524004961,0.1842103158020646,0.1349356859614429,0.0981757669348843,0.1466288229415733,0.0625619587896808,0.1071338184837954
367,367.0,0.0942305455798004,0.174136751702983,0.183128045507574,0.1352170288763247,0.0983173829034171,0.1447555407999527,0.061979505123509,0.1082351995064389
368,368.0,0.0958031874931628,0.1745382554397828,0.18170922206586,0.1347275447955596,0.0991243619908274,0.1430873450791011,0.0617143582220977,0.1092957249136084
369,369.0,0.097412994752381,0.1749875911720438,0.1796733214061787,0.1342295557843395,0.1004865772830718,0.1414388554321135,0.0614889636997822,0.1102821404700893
370,370.0,0.0985362080995881,0.1744856613789756,0.1764045161048286,0.13537176956534,0.1012877742488975,0.1409106200377687,0.0612685841844823,0.1117348663801191
371,371.0,0.0995371507467086,0.1740441050118962,0.173231696750281,0.1365054092156476,0.1020400165164336,0.1404411467333951,0.0610864856480139,0.1131139893776239
372,372.0,0.1004199036913174,0.1732133308699952,0.1701918997736993,0.138012064552593,0.1033223196449109,0.1394792885495954,0.0609425243318956,0.114418668585993
373,373.0,0.1015518612386223,0.1722371276687329,0.1674466180514499,0.139395038509814,0.104562117010213,0.1379961994684472,0.0608275886205163,0.1159834494322041
374,374.0,0.1025668087024836,0.1713448580659046,0.1648457867934531,0.1407331787843301,0.1057291559569837,0.1365817300321258,0.0607439769941449,0.117454504670574
375,375.0,0.1034661523002645,0.1704032485807936,0.16253855030767,0.1420170060762966,0.1068170075088134,0.1352427270214842,0.0606892478442018,0.1188260603604757
