,Unnamed: 0,Total_iterations,Intertwine_two,Add_vertex,Delete_vertex,Invert_path_vertices,Insert_inside_vertex,Delete_inside_vertex,Replace_inside_vertex,Donate_between_routes
0,0.0,0.0,0.125,0.125,0.125,0.125,0.125,0.125,0.125,0.125
1,1.0,0.10900000000000001,0.125,0.125,0.125,0.125,0.125,0.125,0.125,0.125
2,2.0,0.31601,0.125,0.125,0.125,0.125,0.125,0.125,0.125,0.125
3,3.0,0.6191589000000001,0.125,0.125,0.125,0.125,0.125,0.125,0.125,0.125
4,4.0,1.015801321,0.125,0.125,0.125,0.125,0.125,0.125,0.125,0.125
5,5.0,1.50262148669,0.125,0.125,0.125,0.125,0.125,0.125,0.125,0.125
6,6.0,2.0757334209441005,0.125,0.125,0.125,0.125,0.125,0.125,0.125,0.125
7,7.0,2.7307768275633495,0.125,0.125,0.125,0.125,0.125,0.125,0.125,0.125
8,8.0,3.4630081252450404,0.125,0.125,0.125,0.125,0.125,0.125,0.125,0.125
9,9.0,4.2673862119061114,0.125,0.125,0.125,0.125,0.125,0.125,0.125,0.125
10,10.0,5.138652627782014,0.125,0.125,0.125,0.125,0.125,0.125,0.125,0.125
11,11.0,6.071405875792507,0.125,0.125,0.125,0.125,0.125,0.125,0.125,0.125
12,12.0,7.060169740244025,0.125,0.125,0.125,0.125,0.125,0.125,0.125,0.125
13,13.0,8.099455520847952,0.125,0.125,0.125,0.125,0.125,0.125,0.125,0.125
14,14.0,9.183818168183006,0.125,0.125,0.125,0.125,0.125,0.125,0.125,0.125
15,15.0,10.307906369102724,0.125,0.125,0.125,0.125,0.125,0.125,0.125,0.125
16,16.0,11.466506686239443,0.125,0.125,0.125,0.125,0.125,0.125,0.125,0.125
17,17.0,12.654581904800096,0.125,0.125,0.125,0.125,0.125,0.125,0.125,0.125
18,18.0,13.867303782456686,0.125,0.125,0.125,0.125,0.125,0.125,0.125,0.125
19,19.0,15.100080434523047,0.125,0.125,0.125,0.125,0.125,0.125,0.125,0.125
20,20.0,16.348578617037543,0.125,0.125,0.125,0.125,0.125,0.125,0.125,0.125
21,21.0,17.608741195130214,0.125,0.125,0.125,0.125,0.125,0.125,0.125,0.125
22,22.0,18.876800103462312,0.125,0.125,0.125,0.125,0.125,0.125,0.125,0.125
23,23.0,20.14928511992658,0.125,0.125,0.125,0.125,0.125,0.125,0.125,0.125
24,24.0,21.423028783545156,0.125,0.125,0.125,0.125,0.125,0.125,0.125,0.125
25,25.0,22.695167792966423,0.125,0.125,0.125,0.125,0.125,0.125,0.125,0.125
26,26.0,23.963141223515898,0.125,0.125,0.125,0.125,0.125,0.125,0.125,0.125
27,27.0,25.224685898775267,0.125,0.125,0.125,0.125,0.125,0.125,0.125,0.125
28,28.0,26.477829247520948,0.125,0.125,0.125,0.125,0.125,0.125,0.125,0.125
29,29.0,27.720879968916847,0.125,0.125,0.125,0.125,0.125,0.125,0.125,0.125
30,30.0,28.95241681848399,0.125,0.125,0.125,0.125,0.125,0.125,0.125,0.125
31,31.0,30.17127581490958,0.125,0.125,0.125,0.125,0.125,0.125,0.125,0.125
32,32.0,31.376536153543515,0.125,0.125,0.125,0.125,0.125,0.125,0.125,0.125
33,33.0,32.567505096778625,0.125,0.125,0.125,0.125,0.125,0.125,0.125,0.125
34,34.0,33.74370209472243,0.125,0.125,0.125,0.125,0.125,0.125,0.125,0.125
35,35.0,34.90484237192463,0.125,0.125,0.125,0.125,0.125,0.125,0.125,0.125
36,36.0,36.05082019768737,0.125,0.125,0.125,0.125,0.125,0.125,0.125,0.125
37,37.0,37.18169203889697,0.125,0.125,0.125,0.125,0.125,0.125,0.125,0.125
38,38.0,38.29765977559663,0.125,0.125,0.125,0.125,0.125,0.125,0.125,0.125
39,39.0,39.399054140870355,0.125,0.125,0.125,0.125,0.125,0.125,0.125,0.125
40,40.0,40.48631852820801,0.125,0.125,0.125,0.125,0.125,0.125,0.125,0.125
41,41.0,41.55999329152982,0.125,0.125,0.125,0.125,0.125,0.125,0.125,0.125
42,42.0,42.62070064560415,0.125,0.125,0.125,0.125,0.125,0.125,0.125,0.125
43,43.0,43.669130257815,0.125,0.125,0.125,0.125,0.125,0.125,0.125,0.125
44,44.0,44.70602560622662,0.125,0.125,0.125,0.125,0.125,0.125,0.125,0.125
45,45.0,45.73217116373481,0.125,0.125,0.125,0.125,0.125,0.125,0.125,0.125
46,46.0,46.748380453854836,0.125,0.125,0.125,0.125,0.125,0.125,0.125,0.125
47,47.0,47.755485010424316,0.125,0.125,0.125,0.125,0.125,0.125,0.125,0.125
48,48.0,48.7543242612326,0.125,0.125,0.125,0.125,0.125,0.125,0.125,0.125
49,49.0,49.745736344347726,0.125,0.125,0.125,0.125,0.125,0.125,0.125,0.125
50,50.0,50.730549855707864,0.125,0.125,0.125,0.125,0.125,0.125,0.125,0.125
51,51.0,51.70957651737491,0.125,0.125,0.125,0.125,0.125,0.125,0.125,0.125
52,52.0,52.68360474770151,0.125,0.125,0.125,0.125,0.125,0.125,0.125,0.125
53,53.0,53.65339410751842,0.125,0.125,0.125,0.125,0.125,0.125,0.125,0.125
54,54.0,54.61967059027847,0.125,0.125,0.125,0.125,0.125,0.125,0.125,0.125
55,55.0,55.58312271885972,0.125,0.125,0.125,0.125,0.125,0.125,0.125,0.125
56,56.0,56.544398407394254,0.125,0.125,0.125,0.125,0.125,0.125,0.125,0.125
57,57.0,57.504102543001395,0.125,0.125,0.125,0.125,0.125,0.125,0.125,0.125
58,58.0,58.462795239617805,0.125,0.125,0.125,0.125,0.125,0.125,0.125,0.125
59,59.0,59.42099071417639,0.125,0.125,0.125,0.125,0.125,0.125,0.125,0.125
60,60.0,60.38915673413735,0.125,0.125,0.125,0.125,0.125,0.125,0.125,0.125
61,61.0,61.35761458476085,0.125,0.125,0.125,0.125,0.125,0.125,0.125,0.125
62,62.0,62.326650504474394,0.125,0.125,0.125,0.125,0.125,0.125,0.125,0.125
63,63.0,63.29651632717184,0.125,0.125,0.125,0.125,0.125,0.125,0.125,0.125
64,64.0,64.26743040432781,0.125,0.125,0.125,0.125,0.125,0.125,0.125,0.125
65,65.0,65.23957876972491,0.125,0.125,0.125,0.125,0.125,0.125,0.125,0.125
66,66.0,66.21311651088504,0.125,0.125,0.125,0.125,0.125,0.125,0.125,0.125
67,67.0,67.18816931282032,0.125,0.125,0.125,0.125,0.125,0.125,0.125,0.125
68,68.0,68.16483514143387,0.125,0.125,0.125,0.125,0.125,0.125,0.125,0.125
69,69.0,69.14318603577172,0.125,0.125,0.125,0.125,0.125,0.125,0.125,0.125
70,70.0,70.12326998031807,0.125,0.125,0.125,0.125,0.125,0.125,0.125,0.125
71,71.0,71.1151128306066,0.125,0.125,0.125,0.125,0.125,0.125,0.125,0.125
72,72.0,72.10862026756023,0.125,0.125,0.125,0.125,0.125,0.125,0.125,0.125
73,73.0,73.10369075814287,0.125,0.125,0.125,0.125,0.125,0.125,0.125,0.125
74,74.0,74.10021729208583,0.125,0.125,0.125,0.125,0.125,0.125,0.125,0.125
75,75.0,75.09808899971364,0.125,0.125,0.125,0.125,0.125,0.125,0.125,0.125
76,76.0,76.09719264658153,0.125,0.125,0.125,0.125,0.125,0.125,0.125,0.125
77,77.0,77.09741400229682,0.125,0.125,0.125,0.125,0.125,0.125,0.125,0.125
78,78.0,78.0986390824176,0.125,0.125,0.125,0.125,0.125,0.125,0.125,0.125
79,79.0,79.10075526370214,0.125,0.125,0.125,0.125,0.125,0.125,0.125,0.125
80,80.0,80.10365227422119,0.125,0.125,0.125,0.125,0.125,0.125,0.125,0.125
81,81.0,81.10722306094614,0.125,0.125,0.125,0.125,0.125,0.125,0.125,0.125
82,82.0,82.11136453838913,0.125,0.125,0.125,0.125,0.125,0.125,0.125,0.125
83,83.0,83.11597822270392,0.125,0.125,0.125,0.125,0.125,0.125,0.125,0.125
84,84.0,84.1209707563602,0.125,0.125,0.125,0.125,0.125,0.125,0.125,0.125
85,85.0,85.12625432908723,0.125,0.125,0.125,0.125,0.125,0.125,0.125,0.125
86,86.0,86.13174700125072,0.125,0.125,0.125,0.125,0.125,0.125,0.125,0.125
87,87.0,87.13737293618533,0.125,0.125,0.125,0.125,0.125,0.125,0.125,0.125
88,88.0,88.14306254826462,0.125,0.125,0.125,0.125,0.125,0.125,0.125,0.125
89,89.0,89.14875257365335,0.125,0.125,0.125,0.125,0.125,0.125,0.125,0.125
90,90.0,90.15438607076666,0.125,0.125,0.125,0.125,0.125,0.125,0.125,0.125
91,91.0,91.159912357461,0.125,0.125,0.125,0.125,0.125,0.125,0.125,0.125
92,92.0,92.16528689191128,0.125,0.125,0.125,0.125,0.125,0.125,0.125,0.125
93,93.0,93.17047110399741,0.125,0.125,0.125,0.125,0.125,0.125,0.125,0.125
94,94.0,94.17543218383497,0.125,0.125,0.125,0.125,0.125,0.125,0.125,0.125
95,95.0,95.18014283385041,0.125,0.125,0.125,0.125,0.125,0.125,0.125,0.125
96,96.0,96.18458099052582,0.125,0.125,0.125,0.125,0.125,0.125,0.125,0.125
97,97.0,97.18872952162842,0.125,0.125,0.125,0.125,0.125,0.125,0.125,0.125
98,98.0,98.19257590440446,0.125,0.125,0.125,0.125,0.125,0.125,0.125,0.125
99,99.0,99.19611188985887,0.125,0.125,0.125,0.125,0.125,0.125,0.125,0.125
100,100.0,100.19933315786923,0.125,0.125,0.125,0.125,0.125,0.125,0.125,0.125
101,101.0,101.20223896749988,0.125,0.125,0.125,0.125,0.125,0.125,0.125,0.125
102,102.0,102.20483180649246,0.125,0.125,0.125,0.125,0.125,0.125,0.125,0.125
103,103.0,103.20711704352087,0.125,0.125,0.125,0.125,0.125,0.125,0.125,0.125
104,104.0,104.20910258641122,0.125,0.125,0.125,0.125,0.125,0.125,0.125,0.125
105,105.0,105.21079854914842,0.125,0.125,0.125,0.125,0.125,0.125,0.125,0.125
106,106.0,106.21221693012043,0.125,0.125,0.125,0.125,0.125,0.125,0.125,0.125
107,107.0,107.21337130369403,0.125,0.125,0.125,0.125,0.125,0.125,0.125,0.125
108,108.0,108.21427652687333,0.125,0.125,0.125,0.125,0.125,0.125,0.125,0.125
109,109.0,109.21494846246597,0.125,0.125,0.125,0.125,0.125,0.125,0.125,0.125
110,110.0,110.21540371987469,0.125,0.125,0.125,0.125,0.125,0.125,0.125,0.125
111,111.0,111.21565941434379,0.125,0.125,0.125,0.125,0.125,0.125,0.125,0.125
112,112.0,112.21573294522253,0.125,0.125,0.125,0.125,0.125,0.125,0.125,0.125
113,113.0,113.21564179356116,0.125,0.125,0.125,0.125,0.125,0.125,0.125,0.125
114,114.0,114.21540333913033,0.125,0.125,0.125,0.125,0.125,0.125,0.125,0.125
115,115.0,115.21503469675127,0.125,0.125,0.125,0.125,0.125,0.125,0.125,0.125
116,116.0,116.21455257164261,0.125,0.125,0.125,0.125,0.125,0.125,0.125,0.125
117,117.0,117.2139731333284,0.125,0.125,0.125,0.125,0.125,0.125,0.125,0.125
118,118.0,118.21331190751232,0.125,0.125,0.125,0.125,0.125,0.125,0.125,0.125
119,119.0,119.21258368520273,0.125,0.125,0.125,0.125,0.125,0.125,0.125,0.125
120,120.0,120.21180244827207,0.125,0.125,0.125,0.125,0.125,0.125,0.125,0.125
121,121.0,121.21098131055176,0.125,0.125,0.125,0.125,0.125,0.125,0.125,0.125
122,122.0,122.21013247349796,0.125,0.125,0.125,0.125,0.125,0.125,0.125,0.125
123,123.0,123.20926719541455,0.125,0.125,0.125,0.125,0.125,0.125,0.125,0.125
124,124.0,124.20839577318536,0.125,0.125,0.125,0.125,0.125,0.125,0.125,0.125
125,125.0,125.20752753544723,0.125,0.125,0.125,0.125,0.125,0.125,0.125,0.125
126,126.0,126.21667084612842,0.125,0.125,0.125,0.125,0.125,0.125,0.125,0.125
127,127.0,127.22573311728023,0.125,0.125,0.125,0.125,0.125,0.125,0.125,0.125
128,128.0,128.23463183014405,0.125,0.125,0.125,0.125,0.125,0.125,0.125,0.125
129,129.0,129.24329435342003,0.125,0.125,0.125,0.125,0.125,0.125,0.125,0.125
130,130.0,130.25165768083423,0.125,0.125,0.125,0.125,0.125,0.125,0.125,0.125
131,131.0,131.25966809869865,0.125,0.125,0.125,0.125,0.125,0.125,0.125,0.125
132,132.0,132.26728079378967,0.125,0.125,0.125,0.125,0.125,0.125,0.125,0.125
133,133.0,133.27445941143367,0.125,0.125,0.125,0.125,0.125,0.125,0.125,0.125
134,134.0,134.28117557319894,0.125,0.125,0.125,0.125,0.125,0.125,0.125,0.125
135,135.0,135.2874083630557,0.125,0.125,0.125,0.125,0.125,0.125,0.125,0.125
136,136.0,136.29314379029623,0.125,0.125,0.125,0.125,0.125,0.125,0.125,0.125
137,137.0,137.29837423690972,0.125,0.125,0.125,0.125,0.125,0.125,0.125,0.125
138,138.0,138.3030978964928,0.125,0.125,0.125,0.125,0.125,0.125,0.125,0.125
139,139.0,139.30731821115262,0.125,0.125,0.125,0.125,0.125,0.125,0.125,0.125
140,140.0,140.31104331223494,0.125,0.125,0.125,0.125,0.125,0.125,0.125,0.125
141,141.0,141.31428547008667,0.125,0.125,0.125,0.125,0.125,0.125,0.125,0.125
142,142.0,142.31706055745235,0.125,0.125,0.125,0.125,0.125,0.125,0.125,0.125
143,143.0,143.31938753050696,0.125,0.125,0.125,0.125,0.125,0.125,0.125,0.125
144,144.0,144.32128793095106,0.125,0.125,0.125,0.125,0.125,0.125,0.125,0.125
145,145.0,145.3227854120412,0.125,0.125,0.125,0.125,0.125,0.125,0.125,0.125
146,146.0,146.32390529090193,0.125,0.125,0.125,0.125,0.125,0.125,0.125,0.125
147,147.0,147.32467412896756,0.125,0.125,0.125,0.125,0.125,0.125,0.125,0.125
148,148.0,148.32511934193698,0.125,0.125,0.125,0.125,0.125,0.125,0.125,0.125
149,149.0,149.3252688401901,0.125,0.125,0.125,0.125,0.125,0.125,0.125,0.125
150,150.0,150.32515070021597,0.125,0.125,0.125,0.125,0.125,0.125,0.125,0.125
151,151.0,151.3247928672371,0.125,0.125,0.125,0.125,0.125,0.125,0.125,0.125
152,152.0,152.32422288888375,0.125,0.125,0.125,0.125,0.125,0.125,0.125,0.125
153,153.0,153.32346767947692,0.125,0.125,0.125,0.125,0.125,0.125,0.125,0.125
154,154.0,154.32255331421598,0.125,0.125,0.125,0.125,0.125,0.125,0.125,0.125
155,155.0,155.321504852339,0.125,0.125,0.125,0.125,0.125,0.125,0.125,0.125
156,156.0,156.3203461881263,0.125,0.125,0.125,0.125,0.125,0.125,0.125,0.125
157,157.0,157.31909992845362,0.125,0.125,0.125,0.125,0.125,0.125,0.125,0.125
158,158.0,158.3177872954637,0.125,0.125,0.125,0.125,0.125,0.125,0.125,0.125
159,159.0,159.3164280528181,0.125,0.125,0.125,0.125,0.125,0.125,0.125,0.125
160,160.0,160.3150404539089,0.125,0.125,0.125,0.125,0.125,0.125,0.125,0.125
161,161.0,161.3136412103515,0.125,0.125,0.125,0.125,0.125,0.125,0.125,0.125
162,162.0,162.31224547904634,0.125,0.125,0.125,0.125,0.125,0.125,0.125,0.125
163,163.0,163.31086686608123,0.125,0.125,0.125,0.125,0.125,0.125,0.125,0.125
164,164.0,164.30951744575182,0.125,0.125,0.125,0.125,0.125,0.125,0.125,0.125
165,165.0,165.30820779299785,0.125,0.125,0.125,0.125,0.125,0.125,0.125,0.125
166,166.0,166.30694702758927,0.125,0.125,0.125,0.125,0.125,0.125,0.125,0.125
167,167.0,167.30574286844566,0.125,0.125,0.125,0.125,0.125,0.125,0.125,0.125
168,168.0,168.30460169653196,0.125,0.125,0.125,0.125,0.125,0.125,0.125,0.125
169,169.0,169.30352862484432,0.125,0.125,0.125,0.125,0.125,0.125,0.125,0.125
170,170.0,170.302527574077,0.125,0.125,0.125,0.125,0.125,0.125,0.125,0.125
171,171.0,171.30160135264563,0.125,0.125,0.125,0.125,0.125,0.125,0.125,0.125
172,172.0,172.30075173983093,0.125,0.125,0.125,0.125,0.125,0.125,0.125,0.125
173,173.0,173.2999795708994,0.125,0.125,0.125,0.125,0.125,0.125,0.125,0.125
174,174.0,174.29928482315205,0.125,0.125,0.125,0.125,0.125,0.125,0.125,0.125
175,175.0,175.2986667019479,0.125,0.125,0.125,0.125,0.125,0.125,0.125,0.125
176,176.0,176.29812372584468,0.125,0.125,0.125,0.125,0.125,0.125,0.125,0.125
177,177.0,177.29765381009332,0.125,0.125,0.125,0.125,0.125,0.125,0.125,0.125
178,178.0,178.29725434781622,0.125,0.125,0.125,0.125,0.125,0.125,0.125,0.125
179,179.0,179.29692228828864,0.125,0.125,0.125,0.125,0.125,0.125,0.125,0.125
180,180.0,180.2966542118309,0.125,0.125,0.125,0.125,0.125,0.125,0.125,0.125
181,181.0,181.30644640090065,0.125,0.125,0.125,0.125,0.125,0.125,0.125,0.125
182,182.0,182.31619490705444,0.125,0.125,0.125,0.125,0.125,0.125,0.125,0.125
183,183.0,183.3258066135223,0.125,0.125,0.125,0.125,0.125,0.125,0.125,0.125
184,184.0,184.33519908320815,0.125,0.125,0.125,0.125,0.125,0.125,0.125,0.125
185,185.0,185.3443003150933,0.125,0.125,0.125,0.125,0.125,0.125,0.125,0.125
186,186.0,186.35304842063903,0.125,0.125,0.125,0.125,0.125,0.125,0.125,0.125
187,187.0,187.36139123142382,0.125,0.125,0.125,0.125,0.125,0.125,0.125,0.125
188,188.0,188.36928584881588,0.125,0.125,0.125,0.125,0.125,0.125,0.125,0.125
189,189.0,189.37669814598055,0.125,0.125,0.125,0.125,0.125,0.125,0.125,0.125
190,190.0,190.38360223196895,0.125,0.125,0.125,0.125,0.125,0.125,0.125,0.125
191,191.0,191.3899798870388,0.125,0.125,0.125,0.125,0.125,0.125,0.125,0.125
192,192.0,192.39581997773132,0.125,0.125,0.125,0.125,0.125,0.125,0.125,0.125
193,193.0,193.40111785957725,0.125,0.125,0.125,0.125,0.125,0.125,0.125,0.125
194,194.0,194.40587477464283,0.125,0.125,0.125,0.125,0.125,0.125,0.125,0.125
195,195.0,195.4100972504554,0.125,0.125,0.125,0.125,0.125,0.125,0.125,0.125
196,196.0,196.41379650618217,0.125,0.125,0.125,0.125,0.125,0.125,0.125,0.125
197,197.0,197.41698787127444,0.125,0.125,0.125,0.125,0.125,0.125,0.125,0.125
198,198.0,198.41969022114478,0.125,0.125,0.125,0.125,0.125,0.125,0.125,0.125
199,199.0,199.4219254338166,0.125,0.125,0.125,0.125,0.125,0.125,0.125,0.125
200,200.0,200.42371787088305,0.12472222222222223,0.12472222222222223,0.12583333333333332,0.12583333333333335,0.12472222222222223,0.12472222222222223,0.12472222222222223,0.12472222222222223
201,201.0,201.42509388553407,0.12433611111111112,0.12433611111111112,0.12643611111111108,0.12654722222222223,0.12433611111111112,0.12433611111111112,0.12433611111111112,0.12533611111111112
202,202.0,202.42608135986464,0.12372656313131314,0.12372656313131314,0.126704654040404,0.12792576515151516,0.12372656313131314,0.12372656313131314,0.12483767424242426,0.12562565404040404
203,203.0,203.4267092731635,0.12305307805555556,0.12305307805555556,0.12680682138888885,0.1291258325,0.12305307805555556,0.12305307805555556,0.12609752250000003,0.12575751138888888
204,204.0,204.42700730240085,0.12239696626237374,0.12239696626237374,0.1268945926775252,0.12917852367752525,0.12239696626237374,0.12239696626237374,0.1273454107068182,0.12699360788863637
205,205.0,205.42700545569042,0.1225408293192197,0.1215408293192197,0.12674630757718933,0.1289758271671894,0.1215408293192197,0.1215408293192197,0.12923672265255307,0.1278778253261894
206,206.0,206.42673373909417,0.12243050383779493,0.12053141292870402,0.12731432730505454,0.1285634905210637,0.12053141292870402,0.12053141292870402,0.1316336573893101,0.12846378216066465
207,207.0,207.4262218567666,0.12212332000754882,0.11934312909845793,0.12959659370627463,0.12791559101817834,0.11934312909845793,0.11934312909845793,0.13352885500779127,0.12880625296483317
208,208.0,208.4254989441041,0.12168370216833264,0.11812317165318115,0.13169052611616855,0.12717958818166236,0.11812317165318115,0.11895650498651447,0.13527550694060905,0.12896782830035064
209,209.0,209.4245933332668,0.12112676464691031,0.11681620045812245,0.1335914933572447,0.12630094530253688,0.11681620045812245,0.11847453379145578,0.1379114052774056,0.12896245670820178
210,210.0,210.42353235018058,0.12059480878671668,0.11556898660021063,0.13542478227397417,0.12542771281385418,0.11556898660021063,0.11803656993354396,0.14044626639441513,0.12893188659707466
211,211.0,211.4223421419012,0.1191932200827949,0.11432392392020754,0.1378198534506499,0.12450397943735418,0.11432392392020754,0.11757848975354086,0.14260843514603594,0.12964817428920916
212,212.0,212.42104753303073,0.11777572495930425,0.1130959951798696,0.1399548197077523,0.12354677984833089,0.1130959951798696,0.11710963293820292,0.14513883380656548,0.13028221838010506
213,213.0,213.419671909717,0.1164075395588871,0.1119452168220842,0.1419826935230193,0.1226184832133774,0.1119452168220842,0.11668521626866754,0.14753028045345257,0.13088535333842777
214,214.0,214.4182371296375,0.11498569315151862,0.11076365998045237,0.1442895097980862,0.12161376059171466,0.11076365998045237,0.11689844649045641,0.14947055801939482,0.13121471198792464
215,215.0,215.41676345626954,0.1136303197525171,0.10966676752232449,0.14646826216817835,0.1206508512587797,0.10966676752232449,0.11714936067815328,0.15125735865880532,0.13151031243891736
216,216.0,216.41526951567567,0.1121822696289797,0.10849098576787529,0.1488445238346467,0.12056914681297289,0.10849098576787529,0.1178700207316298,0.1520554392252203,0.13149662823080013
217,217.0,217.41377227398445,0.11063454669885114,0.10722521720853714,0.151879959406367,0.12116878137247707,0.10722521720853714,0.11828868802121584,0.15239994666453088,0.1311776434194839
218,218.0,218.41228703372252,0.10913310413010045,0.10601162686840096,0.1552526477864476,0.1217597697128111,0.10601162686840096,0.11855545523698464,0.1525658018730631,0.1307099675237913
219,219.0,219.41082744714953,0.10758693942338847,0.10475574394005904,0.15915347014358494,0.12245789990582202,0.10486685505117015,0.11902728915860471,0.15184282263292054,0.13030897974445027
220,220.0,220.40940554476236,0.10610422173369609,0.103562591805733,0.16318398720944316,0.12313371175842965,0.10378370291684412,0.11946720007039234,0.15090432806372509,0.12986025644173668
221,221.0,221.4080317771663,0.1047265217715124,0.10247091714265864,0.16699313022484455,0.12381576722144236,0.10279992825376978,0.11990706939950704,0.1498805193499563,0.12940614663630906
222,222.0,222.40671506855816,0.10345711476370836,0.1020697242444592,0.17056494516468076,0.12449662137918953,0.1019154310614527,0.12034250261092494,0.14820193069909154,0.12895173007649308
223,223.0,223.40546288012527,0.10205053928171551,0.10148455915715264,0.17416893807154252,0.12477074446589653,0.10088180236153177,0.12107781833664855,0.14620023181428435,0.1293653665112283
224,224.0,224.4042812817344,0.10061682063346736,0.10082208545484148,0.17769379552337694,0.12489467469985865,0.09980653429746131,0.12162867810760289,0.14401016541209571,0.13052724587129583
225,225.0,225.40317503036528,0.0990812339611779,0.10000488237515526,0.18304846385686155,0.12466221057491164,0.09861276712540294,0.12180594844301432,0.1415806925473917,0.13120380111608487
226,226.0,226.4021476538294,0.09755682802523416,0.09926162272342864,0.18881560343949888,0.1243272787702653,0.09741833046684843,0.12198872381204012,0.13892978231422407,0.13170183044846062
227,227.0,227.40120153840883,0.09615562797102484,0.0986057901315342,0.19425848062449685,0.1239896098257175,0.09632725244375563,0.12215277721813281,0.13633129763580448,0.1321791641495339
228,228.0,228.40033801914623,0.09490710298869637,0.09969789863210606,0.1977803065549831,0.12461652935837911,0.09536788575058709,0.12280230857749302,0.1330004252478868,0.1318275428898687
229,229.0,229.39955747161844,0.09465071468812782,0.10061193721559607,0.20060606944020526,0.12510524550013874,0.09437889678852592,0.12370720263112826,0.12961431149089883,0.13132562224537936
230,230.0,230.39885940412722,0.09425746902018967,0.10232706309280559,0.20365594471425016,0.12526225932672683,0.09321405544220834,0.1247297302863172,0.12616778927101077,0.1303856888464917
231,231.0,231.39824254934388,0.09453329580822123,0.10361662500836348,0.20652390620601477,0.12521298585792653,0.0919573954069934,0.12538500444458003,0.12267062029050396,0.13010016697739687
232,232.0,232.39770495454542,0.09563428711450281,0.10466482919382478,0.2087737081030519,0.12505278898220712,0.09070490757636539,0.12634562195645097,0.11923708333948776,0.1295867737341096
233,233.0,233.39724406968134,0.09660751647767554,0.10621742112536534,0.2102559948149707,0.12529851602609976,0.08942340207580343,0.12748583204071434,0.11583173711012583,0.12887958032924537
234,234.0,234.39685683260686,0.09733496950888204,0.10889049137263881,0.21081534350407322,0.12541701141862016,0.08813299531322787,0.12889048340458534,0.11250651992629375,0.12801218555167912
235,235.0,235.39653975091375,0.09776151672351403,0.11241553369958233,0.21114248820303677,0.12514670996835886,0.08676772288764698,0.12988966442583866,0.10932739438816887,0.12754896970385377
236,236.0,236.3962889798808,0.09803842897008261,0.11626193232985155,0.21145922370880377,0.12461546362693215,0.08542764968209692,0.13027018943086702,0.10694870111076844,0.1269784111405978
237,237.0,237.39610039615238,0.0975139936965215,0.11980053786326142,0.21240395388866648,0.12400505813474967,0.08412403529450888,0.13118465340327723,0.10465622925533948,0.1263115384636756
238,238.0,238.39596966683527,0.09738493286974693,0.12333048837711577,0.21332441449302839,0.12369232691221174,0.08278790696677729,0.13168636855858307,0.10238626905678688,0.12540729276575016
239,239.0,239.39589231378153,0.09766298539342969,0.1264996885494897,0.2140466448241349,0.12314587702256945,0.08149158207052382,0.13195504318273263,0.10077053883762727,0.12442764011949273
240,240.0,240.39586377289532,0.0979331952883806,0.12947046905860685,0.21457214495615307,0.12258190424193484,0.08028434409853896,0.1319887992225088,0.0993290782533876,0.12384006488048943
241,241.0,241.39587944836882,0.09816337429609046,0.1322026936432688,0.2148314955970035,0.1223868868899268,0.07916832608176472,0.1319389011063496,0.09806974905197205,0.12323857333362417
242,242.0,242.39593476181128,0.09833855704853961,0.13467622898340784,0.21509871818939455,0.1225092129305361,0.07812889953818107,0.13171421323101012,0.09697026472044566,0.12256390535848516
243,243.0,243.39602519629136,0.09844954083084263,0.1373554486133783,0.21517870226819244,0.12242853816098233,0.07715597438630102,0.13161527967709807,0.09600049514459505,0.1218160209186103
244,244.0,244.39614633536053,0.09853265803685442,0.14016308987281278,0.215049775740275,0.12232556317321208,0.07626222350170775,0.13144332902825853,0.09517784405168823,0.12104551659519132
245,245.0,245.39629389716916,0.09857877839600244,0.14290020631985156,0.21455102787908006,0.12219246198278318,0.07543758121037697,0.13161501595615374,0.0944732460953448,0.12025168216040732
246,246.0,246.39646376382524,0.09863089698167368,0.14542068964506852,0.21394876906733837,0.12207333481415784,0.07472313966818783,0.131757169135483,0.09393204336135015,0.11951395732674064
247,247.0,247.39665200617748,0.09868789278535911,0.1477209983273937,0.2128747576036066,0.121967975536842,0.07411502321564806,0.1318713204093096,0.09392792373942474,0.1188341083824162
248,248.0,248.3968549042327,0.09877063517761049,0.15066099430912538,0.2110381438861288,0.12189798800486788,0.07363060755870815,0.1322498727101367,0.09407224063064505,0.11767951772277752
249,249.0,249.39706896344006,0.09795547398882094,0.15415196104258663,0.20986855206482402,0.12182856522047168,0.0732944996399307,0.133503104521261,0.09326932574341992,0.11612851777868506
250,250.0,250.39729092709229,0.09709785907901494,0.1575739122842714,0.20865218735311286,0.12171840227732149,0.07299559479757688,0.13488471695795298,0.09250765430678622,0.11456967294396318
251,251.0,251.3975177851084,0.09624935834298762,0.16072736020004774,0.20756665046401188,0.12161142119431965,0.07277190814602329,0.13614766244958293,0.09184189564776835,0.11308374355525852
252,252.0,252.3977467794718,0.09539084761027751,0.16329106722772407,0.2062191393598303,0.12198167583583748,0.07259145697226155,0.13763217704887576,0.0912420363437808,0.1116515996014125
253,253.0,253.39797540660413,0.09446324162369779,0.16570413756900024,0.20448179481007542,0.12218031414007104,0.0723830508760679,0.14008508081091292,0.09062521269222429,0.11007716747795039
254,254.0,254.3982014169572,0.09345576959154483,0.1678444006259999,0.20260965825348676,0.12229240812760317,0.0728388987479768,0.14238607138286524,0.09003899965408156,0.1085337936164417
255,255.0,255.39842281210537,0.09238859146470915,0.16944697723451912,0.2012632193585157,0.12232611711368063,0.07324725819561345,0.14452823832784284,0.08948710644821387,0.10731249185690518
256,256.0,256.39863783961766,0.09127778400498404,0.17122867147534693,0.19912660496060394,0.12230542814679193,0.07360822883798535,0.14739295721804138,0.08895049632194789,0.10610982903429853
257,257.0,257.3988449859825,0.09019760687388063,0.17291235148061235,0.19716309210981392,0.1222435723882044,0.07398172850282017,0.15004873286229212,0.08846943561198267,0.10498348017039369
258,258.0,258.39904296785113,0.0891618376289873,0.17410028156252372,0.19566582411543937,0.12215096157497272,0.0743688081103628,0.15254714975172753,0.08805561994090734,0.10394951731507915
259,259.0,259.39923072185434,0.08812164187280172,0.17476963688049782,0.19502391371576847,0.12192884235635973,0.07470948756893679,0.15428254245592785,0.08764496402188685,0.10351897112782074
260,260.0,260.3994073932387,0.08710256346213527,0.17518797291356125,0.19428636385804784,0.12224712264324664,0.07501969934697354,0.15588977591532185,0.08725562030510987,0.1030108815556037
261,261.0,261.3995723235522,0.08614985311633633,0.17541337989966807,0.19315556313591248,0.12256075135200817,0.07533655976454005,0.1572815411869632,0.08692619434710709,0.10317615719746459
262,262.0,262.39972503759884,0.08521507201619766,0.17556826271416956,0.19214405824696495,0.12272795381118107,0.07560490623732921,0.15888920493274292,0.08660234011935154,0.10324820192206306
263,263.0,263.3998652298649,0.08430546592675553,0.17566229282915913,0.19102256574951032,0.12276180149279042,0.07582659757369176,0.1608992436688918,0.08628611925197284,0.10323591350722815
264,264.0,264.39999275060563,0.08395338866334337,0.1755870354198821,0.189805293259074,0.1226746843520283,0.0763483694261486,0.1625049212535965,0.08597908806008422,0.10314721956584284
265,265.0,265.40010759176624,0.0836364972621605,0.17517853685095028,0.18885205306406283,0.12250904867967649,0.07717637942360753,0.16416758956978292,0.08537321631905283,0.10310667883070658
266,266.0,266.40020987289313,0.08334154774626852,0.17486457202881256,0.18796998695463574,0.12227172789519314,0.07796929948773582,0.16527688183380776,0.08480202263734533,0.10350396141620113
267,267.0,267.4002998271784,0.08305810983369229,0.17424051693515225,0.18745090431375722,0.12195010899064279,0.07869023489649268,0.1665238657976507,0.08425678200745791,0.10382947722515419
268,268.0,268.4003777877633,0.08278689886468099,0.17333608075717277,0.18727430239138615,0.12155418453635691,0.07933768275753904,0.1678858517950549,0.08373966597833171,0.10408533291947752
269,269.0,269.4004441744122,0.08256458026077333,0.17219898443250906,0.18713317753389247,0.1211479097829973,0.080232142862357,0.1690883107886583,0.08327042269512216,0.10436447164369043
270,270.0,270.40049948065206,0.08250733812783967,0.17116618348806023,0.18691353075293893,0.12091977780058286,0.08120313772368103,0.17038008627049087,0.08253191641408522,0.1043780294223213
271,271.0,271.4005442614614,0.0825643547922752,0.17016797012130705,0.1860398015776309,0.12076895301593925,0.08219842146941053,0.17123672037556564,0.08191587800247074,0.10510790064540074
272,272.0,272.40057912157516,0.0826656631932059,0.16915289669365477,0.1852383094522004,0.12063124194264309,0.08314764135915495,0.17195403046572508,0.08135825004295989,0.10585196685045599
273,273.0,273.4006047044618,0.08280582107297295,0.1681327999454698,0.184509845592914,0.12050671032029259,0.08404591157961533,0.17253877584155908,0.0808587677699374,0.10660136787723892
274,274.0,274.4006216820152,0.08286843079378393,0.1670072720651762,0.18397583884017388,0.12028417440890558,0.08577823328440437,0.17265469627009586,0.08019438921526245,0.10723696512219784
275,275.0,275.4006307449931,0.08235462264958647,0.16641077570710996,0.18295275188812432,0.12072456353254402,0.08765606150148325,0.17259148552637954,0.07947429015885354,0.10783544903591899
276,276.0,276.40063259422334,0.08178188881607946,0.16626389641516648,0.18195905393339248,0.12104081517285252,0.08932876534495873,0.17234917020140347,0.07910747752612256,0.1081689325900244
277,277.0,277.40062793258824,0.08123506348624324,0.1659858513596865,0.18100003373570225,0.12134449148613073,0.09115753090130414,0.1720092661066962,0.07878958262685024,0.10847818029738686
278,278.0,278.40061745779076,0.08072458708821915,0.16572867202136,0.18011962884737676,0.12164893929236907,0.0928891366125766,0.171592494185388,0.07852645566189352,0.10877008629081711
279,279.0,279.40060185589516,0.08010510409598083,0.16548887536788662,0.1802513214689025,0.12179627505944723,0.09432947446966274,0.17096388354252662,0.07816842571064503,0.10889664028494866
280,280.0,280.40058179563016,0.07949876741817435,0.1644834719529115,0.1802164227442281,0.12190542940254807,0.09586677231715961,0.1713775290817191,0.07783362079054867,0.1088179862927108
281,281.0,281.4005579234353,0.07890333638966693,0.16346105719273699,0.18000243955484954,0.12197889627692743,0.09725951231762406,0.17228017309262467,0.07751102654217207,0.1086035586333985
282,282.0,282.4005308592256,0.07831615160366816,0.16256031196248755,0.1795869515418111,0.12200487423303463,0.09893421592659903,0.17314204657538798,0.07719483922535246,0.10826060893165926
283,283.0,283.4005011928446,0.07777443781928278,0.161701676153608,0.1782290647885655,0.12259164844791587,0.10048795268194839,0.1743805369362863,0.07692410538168494,0.1079105777907084
284,284.0,284.4004694811733,0.07724283319013535,0.16087140924002113,0.17691848209463695,0.12313234401731306,0.10189916595945223,0.17578980048244786,0.07667887106026197,0.10746709395573167
285,285.0,285.4004362458574,0.07675983723765245,0.15969607217237156,0.17575447837055946,0.12369527526907963,0.10316206685366006,0.17635329643315228,0.07767811917109664,0.10690085449242814
286,286.0,286.40040197161454,0.07631758167177612,0.15869299821123595,0.17463484884700708,0.1242269145586283,0.10425399592054507,0.17683962920652196,0.07869850017936708,0.10633553140491861
287,287.0,287.4003671050798,0.07575361506098463,0.1580983125448425,0.17329042090908717,0.12494857127994266,0.10482304868772085,0.17766321054206624,0.07949646930556103,0.10592635166979505
288,288.0,288.4003320541477,0.07527135616903463,0.15869380418014253,0.17218908361849725,0.12567135333729396,0.10453130392336858,0.17863877924641308,0.07951024686762007,0.10549407265763003
289,289.0,289.40029718776736,0.07478974688911712,0.15931848726185233,0.17164242013683137,0.12626823316826985,0.10405615722606756,0.17949445809165127,0.07939798170634917,0.10503251551986147
290,290.0,290.4002628361474,0.07435073632927015,0.15985416153484,0.17114861757666677,0.12682022815008243,0.10368335881845353,0.18027087725168145,0.07928559872213621,0.1045864216168696
291,291.0,291.40022929132795,0.0739853978261897,0.16099017681963362,0.17013982461927316,0.12735695628691984,0.1032622744372247,0.18032733955237365,0.07931217094309873,0.10462585951528672
292,292.0,292.40019680807717,0.07433825720913195,0.16175406486279303,0.16969449685362928,0.12775330039925362,0.10259643809311336,0.1800764566436154,0.07926049613983682,0.10452648979862662
293,293.0,293.4001656050707,0.07469825918942179,0.16238964497409944,0.16926952285324265,0.12807565871366094,0.101829740794314,0.179595132442681,0.07919592354927682,0.10494611748330344
294,294.0,294.40013586631414,0.0743198310543112,0.16379294580812045,0.16892006619087735,0.12836034137502178,0.10102514286887551,0.17906622746914275,0.07913645625016981,0.10537898898348123
295,295.0,295.40010774277016,0.07389333219218205,0.16539533380311436,0.16877526005998472,0.12852869352521015,0.10007227497789009,0.17828474527288393,0.07901491806048054,0.10603544210825422
296,296.0,296.4000813541528,0.07349502007737932,0.16686146209425062,0.16866075515125178,0.12865341748274975,0.09907001664665797,0.17747286499342696,0.07889483312034355,0.10689163043394004
297,297.0,297.40005679085573,0.07307334685184678,0.16874970957563606,0.1686457215789656,0.12868465418388034,0.0979311617775785,0.1765310619229219,0.07871971373185903,0.10766463037731178
298,298.0,298.40003411597974,0.07265828300582096,0.1705516836397511,0.16856501549011704,0.12865868416475196,0.09678531333005183,0.1755881629441557,0.07853144891271427,0.1086614085126372
299,299.0,299.4000133674316,0.072214998664184,0.17198256860927275,0.1684709478658417,0.12854316822195438,0.09619005076468967,0.1747919456256606,0.07829948695133607,0.10950683329706087
300,300.0,300.399994560064,0.07178744226830049,0.17332726131815868,0.16871498908431218,0.12838490965566957,0.09560836489312276,0.1738675588133042,0.0780676139557551,0.11024186001137712
301,301.0,301.3999776878324,0.0712716136135624,0.1745911067157389,0.16916571050991838,0.12829841644394166,0.09526337732586787,0.17291080964910382,0.07787119017857104,0.11062777556329598
302,302.0,302.39996272594567,0.07078531461862779,0.17606086480195807,0.1695182973241467,0.12818345312740834,0.09490631778713635,0.17191839360561734,0.07767388261856599,0.11095347611653954
303,303.0,303.3999496329882,0.07032994416826291,0.17731797098386035,0.17017208147727866,0.12804326388321258,0.09453952231185925,0.1709000526491748,0.0774769717785168,0.11122019274783476
304,304.0,304.39993835299657,0.06990646599167,0.17836370336664384,0.17091864258229236,0.12806972053913487,0.09416525707266903,0.16986491749205404,0.07728162763500579,0.1114296653205302
305,305.0,305.3999288174742,0.06949999674957977,0.1792829024595961,0.17154885131600145,0.12806341932651366,0.09380767732023826,0.16919542272714022,0.07708293266108512,0.11151879743984547
306,306.0,306.39992094732924,0.06911187228432566,0.18007739917587356,0.17206116475959007,0.12802667108769233,0.09346805227547685,0.16858353190500958,0.07688232276235685,0.11178898574967515
307,307.0,307.39991465472554,0.0687564467562273,0.18085999566961852,0.17244931640997338,0.1279682072808341,0.09330950142544435,0.16796281042561997,0.07668604020596519,0.11200768182631726
308,308.0,308.3999098448349,0.06848599494815237,0.18153480123186647,0.17301850366420019,0.12799477737600318,0.09336700948753386,0.16687506603067925,0.07651590219120787,0.1122079450703569
309,309.0,309.399906417485,0.06823351633154211,0.18208989563596914,0.17375030195475913,0.12799526241626577,0.09343866809969656,0.16585200127248953,0.0763462845513224,0.11229406973795543
310,310.0,310.39990426869525,0.06801464207455735,0.18253792798323645,0.1745631602127221,0.1279871697578511,0.09352968629673461,0.16483745530389093,0.07618594975187266,0.11234400861913486
311,311.0,311.39990329209746,0.06805396230368484,0.18321514283001555,0.17445499800527617,0.12819070641059702,0.09408354677275424,0.1627835915808331,0.0759585972180692,0.1132594548787699
312,312.0,312.3999033802386,0.0683769284260329,0.18371910263385552,0.17426621656861027,0.12836364635628428,0.09478292795281816,0.1606941885472356,0.0757297870219111,0.11406720249325215
313,313.0,313.3999044257631,0.06872503601019847,0.18414497787731748,0.17405916860688972,0.12852929202629196,0.09548616101222994,0.1586978650647119,0.07551828609398108,0.11483921330837943
314,314.0,314.3999063224776,0.06909553658740486,0.18451579878348512,0.17347007838456435,0.12868996314473466,0.09618907518570743,0.1568572244649279,0.07533097202322914,0.11585135142594649
315,315.0,315.39990896629587,0.06947956377465385,0.18481583010949376,0.17287394661082345,0.12884162837766241,0.0968817511421872,0.1551283516188542,0.07516145510880083,0.11681747325752422
316,316.0,316.39991225606934,0.0698719246390687,0.1850491505000992,0.17227743875854598,0.1289836716612974,0.09755828594380422,0.15324708820931027,0.07500965080420809,0.11800278948366602
317,317.0,317.3999160943048,0.07027122920765569,0.18505511467995256,0.17195591778346864,0.12911900176109958,0.09821689536139563,0.15135941603866868,0.07488203989824727,0.11914038526951186
318,318.0,318.39992038777365,0.07066975976128141,0.18500488347681535,0.17164267596519794,0.12924390639142389,0.09884975553615774,0.14960303452292742,0.07477141855405418,0.12021456579214196
319,319.0,319.3999250480179,0.07106360839590574,0.18490457874101798,0.17134001780623598,0.12935817905291486,0.09945311279062588,0.14798237841175388,0.074677194028894,0.12122093077265159
320,320.0,320.3999299917576,0.07145279887718042,0.18477768117367363,0.17132943633006814,0.12946523427593878,0.10002737790438258,0.1463638133819875,0.07441697776102768,0.12216668029574118
321,321.0,321.3999351412057,0.07182726640144177,0.18459492546268103,0.17123591773349114,0.12955808453792622,0.10056307872617556,0.1450222258290347,0.07416999903988529,0.12302850226936422
322,322.0,322.3999404242969,0.07218788324323656,0.18437944824995514,0.17115359657488907,0.129640366486449,0.10106185933107131,0.14409096264157997,0.0739405485520939,0.12354533492072499
323,323.0,323.399945774836,0.07251109117579323,0.18412956408226316,0.17106083919545015,0.12969808938230148,0.10151531155917715,0.14345153303344024,0.07371494322812945,0.1239186283434451
324,324.0,324.3999511325728,0.07287561114552592,0.18375541462739584,0.17131735373369508,0.12981169053695463,0.10207809643715748,0.14302826018233045,0.07357361324001133,0.12355996009692927
325,325.0,325.39995644321027,0.07319783407090302,0.18334476051844434,0.17164908840985596,0.12989895081678146,0.10259031311877922,0.14281672639310045,0.07343404905783571,0.12306827761429986
326,326.0,326.39996165835186,0.07342009519437746,0.18283448101980246,0.17199231271190352,0.12989719024296825,0.10290592798683715,0.1425920795548685,0.07323302827933204,0.12312488500991062
327,327.0,327.39996673539576,0.07362138020611692,0.1823199444957287,0.1723348696766529,0.12988654062782928,0.10318083901340099,0.14246848350152325,0.07304991889313027,0.12313802358561773
328,328.0,328.39997163738127,0.07380177386717747,0.18180672201400697,0.1726734004681864,0.1298679973716485,0.10341636747235453,0.14243706911510942,0.07288476085386224,0.12311190883765452
329,329.0,329.3999763327945,0.07396492837938341,0.18149846759387248,0.17292074731173518,0.1300959022744589,0.10361746333923624,0.14235088523475092,0.07274077761059425,0.12281082825596866
330,330.0,330.3999807953384,0.07408624612317401,0.18117604651676933,0.17304337692884988,0.13053754392103353,0.10377306404721161,0.14236880411337438,0.07259869908781046,0.12241621926177684
331,331.0,331.39998500367454,0.07410342039548054,0.18077859544792954,0.17315976836604127,0.1308765356220068,0.1037574221306188,0.14300991839280672,0.07239479779226907,0.12191954185284731
