,Unnamed: 0,Generation,Intertwine_two,Add_vertex,Delete_vertex,Invert_path_vertices,Insert_inside_vertex,Delete_inside_vertex,Replace_inside_vertex,Donate_between_routes,Trim_one_terminal_cb,Grow_one_terminal_cb
0,0.0,0.0,0.09999999999999999,0.09999999999999999,0.09999999999999999,0.09999999999999999,0.09999999999999999,0.09999999999999999,0.09999999999999999,0.09999999999999999,0.09999999999999999,0.09999999999999999
1,1.0,1.0,0.11000767874705393,0.10174060814870985,0.08919715269000479,0.10697913734917405,0.09846938465220553,0.10244733963296146,0.09605109750498371,0.09209496572590574,0.09949364610560116,0.1035189894433993
2,2.0,2.0,0.11204613177318087,0.0842438232155623,0.08501617504964006,0.10506836985400678,0.09978926523712961,0.11670333685439598,0.08565937771223243,0.08268379494135648,0.11461766233407115,0.11417206302842378
3,3.0,3.0,0.11192889188909567,0.10362264098574081,0.09491557876114863,0.0973782338146278,0.08442404902524686,0.10473774947461327,0.09341959506715564,0.0921382146523853,0.11107835241013027,0.10635669391985529
4,4.0,4.0,0.10840699984373867,0.10399797586984053,0.0890897926496748,0.10690835119895732,0.08511726780202247,0.09740412556409059,0.08688256120273016,0.08149528709372038,0.12129584258166067,0.11940179619356402
5,5.0,5.0,0.11060741388763266,0.10309726792445044,0.08378680343241372,0.10881992472295962,0.0936617698914289,0.09192034900521737,0.10154820174335397,0.08075931395824558,0.10871366515295555,0.1170852902813417
6,6.0,6.0,0.12092957045248756,0.1029353489272341,0.08740228884351876,0.0950234135899595,0.09928604153785903,0.10008708636658606,0.07853704040858442,0.08174267272853623,0.11497279171984054,0.11908374542539335
7,7.0,7.0,0.10958198526856208,0.09819687082111477,0.09305353860864132,0.10199168610618543,0.08557313520909622,0.11610155983282755,0.08602534019524502,0.07876052828257678,0.12632702136752053,0.1043883343082298
8,8.0,8.0,0.10699803444976903,0.09996360081339539,0.10258195681967286,0.09858207856801676,0.07327048248442976,0.10413388440189812,0.08243620848209214,0.08560094915331329,0.12485949906601253,0.12157330576139957
9,9.0,9.0,0.1082752660692246,0.10674072509335275,0.0962356606042527,0.10333225838599396,0.10016522065324798,0.09630690300658212,0.0768315427889922,0.07490157674819371,0.113325386925996,0.12388545972416354
10,10.0,10.0,0.1008428205119328,0.10392291634567345,0.09415891807000279,0.10575252887116773,0.08496366912952502,0.10742341717354398,0.06751634066206544,0.06995091455072625,0.1383331127027722,0.1271353619825898
11,11.0,11.0,0.10878561792681536,0.10491364101637805,0.10940306081742494,0.08815505138101412,0.09144676580080138,0.10534518858798433,0.08727117251424457,0.06808636482038008,0.12021187967857613,0.11638125745638055
12,12.0,12.0,0.10256318103763548,0.1041522487242899,0.08492065361115181,0.10440991353181202,0.09794055989637096,0.10338699729863146,0.08776994626583993,0.07725867152710571,0.11564424359786121,0.12195358450930105
13,13.0,13.0,0.1134829439488472,0.09945918085747567,0.09995514397087091,0.09794951902341854,0.07869829581385476,0.10738905366435114,0.08748781589701467,0.0774555798754342,0.12585157665791163,0.1122708902908208
14,14.0,14.0,0.1106361437627497,0.09276053751254208,0.10072083552382598,0.09514618900388733,0.09263120250005988,0.10799825731221671,0.06842575804218805,0.07168779082878504,0.13606995443950493,0.1239233310742398
15,15.0,15.0,0.10180952703844318,0.10314444602853119,0.10198198318211182,0.09578540929561521,0.08741662502883035,0.09827563985182408,0.07262237105619959,0.08239539440775143,0.1417615083227162,0.11480709578797647
16,16.0,16.0,0.103139453078346,0.10589100122004247,0.1012190972648622,0.107680821508401,0.08351576793454733,0.09624602446196102,0.08817808831335856,0.07761988612252498,0.11782660278926371,0.11868325730669234
17,17.0,17.0,0.09826010747921955,0.10528377874284607,0.10966039986903771,0.09216896433082669,0.08179601096302533,0.10000752359116047,0.07675663110004927,0.08569912257432719,0.12205166311799895,0.12831579823150824
18,18.0,18.0,0.1072462191656324,0.12971705162443303,0.10117556766304421,0.10700032649193983,0.0826371915771,0.106343809016779,0.06601537552514494,0.061550756323940095,0.12172553039340823,0.11658817221857784
19,19.0,19.0,0.09172796026851585,0.1020549888775552,0.10794427967752034,0.0903648686960511,0.08423937179884736,0.10282093328699489,0.08098633609947711,0.06258882476930046,0.1475038487527391,0.12976858777299816
20,20.0,20.0,0.08323346553588445,0.11341005250276452,0.11137437727963458,0.10082783400465237,0.0858187878945199,0.10491908998072394,0.07494761624072002,0.060547427101429394,0.14311431275346434,0.121807036706206
21,21.0,21.0,0.11624112978912075,0.09957460805200101,0.11520619939601291,0.09139189236778453,0.08125479276314544,0.1054155170948464,0.07290336665267347,0.07299985293285184,0.13075620309967542,0.11425643785188777
22,22.0,22.0,0.09487178737739176,0.09199411333956803,0.13727328823456636,0.10195788573469548,0.0880377403038672,0.10226063929289939,0.06884869815912148,0.0559280355386248,0.13317310788120434,0.12565470413806068
23,23.0,23.0,0.09994169243186031,0.11494979486493509,0.1076689874150795,0.1032828918519851,0.07257631526472699,0.0968394407241432,0.08698739981274786,0.06531236676150964,0.1466335409093085,0.10580756996370336
24,24.0,24.0,0.08174113186995151,0.10761899355213977,0.11975149113108483,0.10891924222749935,0.08671410087414755,0.09987632933098903,0.07701636748346019,0.07144916943314898,0.11531020550024118,0.13160296859733706
25,25.0,25.0,0.10347668171532046,0.12007241491344056,0.10820269169982655,0.1056256129731888,0.07886492069072866,0.10535453668616564,0.07104004734273288,0.06360757552350524,0.12554041440890848,0.11821510404618236
26,26.0,26.0,0.09676838628489659,0.09876601355923705,0.11198838865542227,0.1110026222979303,0.08986749468843931,0.11016873012196755,0.08083420814589855,0.0640672472639303,0.11208524749318885,0.12445166148908882
27,27.0,27.0,0.09543978000868672,0.11993445219437304,0.11571915060335188,0.08834857982852631,0.08506328853378334,0.10689828287025405,0.06981041029005915,0.07681614804939035,0.13379619281298044,0.10817371480859432
28,28.0,28.0,0.1079116823138359,0.11034030873647187,0.10819654134297588,0.1101894005071663,0.07398640193913393,0.10484393490938668,0.06174224430319566,0.062412337663572924,0.14625315373918196,0.1141239945450784
29,29.0,29.0,0.12402746150145956,0.10204322086922231,0.11146045636085507,0.10544754716085566,0.07263081857107143,0.09649546780076582,0.07981510084259832,0.05703826777018609,0.13851578727904706,0.11252587184393822
30,30.0,30.0,0.10582867954814101,0.12364678385776591,0.11719308601886054,0.10459850233827388,0.06255909484515584,0.11128675061283677,0.07603110748630176,0.05336835223047627,0.13524452684819832,0.11024311621398933
31,31.0,31.0,0.10833425446299469,0.08586252711888837,0.11694817813623141,0.10443189759866933,0.07228022325297348,0.10708823042430046,0.06246137598589961,0.07947238758891124,0.14486916916802284,0.11825175626310806
32,32.0,32.0,0.10612941110990941,0.0985289682205694,0.1101579176271428,0.11275663065566977,0.07201835228193156,0.0889495974507208,0.0807039294562635,0.060987255593009396,0.1450976670720569,0.12467027053272606
33,33.0,33.0,0.08862945812044665,0.09789975320074004,0.12275736525655419,0.08581154287390204,0.08302839219178502,0.13189123435888866,0.07675407603847276,0.05805810679262615,0.1257280073839726,0.12944206378261136
34,34.0,34.0,0.09293571431546858,0.10407576066760474,0.10360137787021081,0.08167524579639031,0.08011084400766234,0.09874998961211634,0.08703895348963377,0.07172417619256619,0.14515463536744666,0.13493330268089976
35,35.0,35.0,0.09827306877554325,0.1236913579761751,0.12233193989558604,0.07643292386374737,0.08578453657054579,0.10055581080183562,0.060415663213986594,0.06882415383663318,0.13008451615847744,0.1336060289074692
36,36.0,36.0,0.09515142032818158,0.09096721859925345,0.12079604029266353,0.07984768027594244,0.09110707947651864,0.11362729242627174,0.08170005996732578,0.07308293627454038,0.1241055209122984,0.12961475144700357
37,37.0,37.0,0.11519302520053998,0.09822561440990181,0.12112570705399643,0.09250741900219757,0.06946773307074995,0.10151405713168071,0.07190878443654919,0.06418307178845098,0.13162170006908186,0.13425288783685116
38,38.0,38.0,0.11522765737141738,0.09424252905051471,0.1008490283088284,0.09974514496588957,0.08746603690838542,0.10080813892545673,0.06718449258294731,0.06103837371776755,0.13561548249828506,0.13782311567050748
39,39.0,39.0,0.10850391669581849,0.11410290033632671,0.13150441657872364,0.1067822935009661,0.06801027366122697,0.10643946757424375,0.0551729868908258,0.06003495377161372,0.13555863682367472,0.11389015416657969
40,40.0,40.0,0.10092743529150591,0.09731129537802305,0.10849074586301337,0.10885491065589747,0.08579257425423967,0.11812903579798659,0.06079674155458006,0.038791396451034466,0.145678534827767,0.13522732992595193
41,41.0,41.0,0.10585555363985835,0.08009821699974819,0.1300217768413604,0.08290828248039504,0.08446546728556906,0.08924285092375149,0.0788844873896029,0.06356151690124372,0.1354046436345313,0.14955720390393923
42,42.0,42.0,0.10006813481673929,0.08865667702657518,0.11613147830893647,0.1052863842238905,0.0721830076090499,0.10281100926201883,0.06626981263526988,0.04885789220557414,0.15744739059690846,0.14228821331503697
43,43.0,43.0,0.11900381541948366,0.11003139181308581,0.1243570356066152,0.08479645661309387,0.06709695682999484,0.11723637840063192,0.058409327769792616,0.05873385663262015,0.1287337799628104,0.13160100095187113
44,44.0,44.0,0.10691835427404564,0.09823651117256563,0.10606245714258022,0.08473049542118416,0.06912571553017213,0.10442981519134945,0.06854597490749213,0.09081154404506488,0.14152850280319437,0.12961062951235097
45,45.0,45.0,0.1237713583871548,0.10691872290396245,0.12111519869298933,0.07503914954629318,0.07077157878372481,0.10415492321155753,0.06678604701890554,0.06397758050520017,0.13961267793427137,0.12785276301594042
46,46.0,46.0,0.10183767592795274,0.11590932533707184,0.1169835617069479,0.06983474084159705,0.06633634421955095,0.10419230369724479,0.0718916348466764,0.053760501424276505,0.16831189699971486,0.13094201499896657
47,47.0,47.0,0.10310555930963636,0.12380020617330001,0.11534345469467067,0.09476629461499868,0.07539989301285821,0.10209428082182388,0.05534233198778095,0.06437546559244275,0.14918401362192701,0.116588500170561
48,48.0,48.0,0.10871698514351942,0.10350296441026985,0.10981047929315768,0.08693494086541478,0.07420210249185429,0.10455322388198722,0.054366629645100986,0.06744102917910669,0.15794508510011762,0.132526559989471
49,49.0,49.0,0.10173664115926287,0.0947003180584974,0.11475605510897118,0.1136385177781315,0.07308451113993468,0.09716522938834442,0.0666442758825335,0.06321675710192969,0.14058380299681167,0.13447389138558272
50,50.0,50.0,0.10168217453079524,0.1187488537211618,0.1401114822389331,0.0940432274785622,0.06324599174050341,0.09521641840580668,0.06352891957475268,0.04802007097439078,0.163282833056561,0.11212002827853271
51,51.0,51.0,0.12640345775041764,0.09547668554360948,0.12748321766263201,0.08754297156424842,0.06208733659879998,0.08986311702569125,0.06669836420420616,0.06075251475354506,0.15902627825058055,0.12466605664626909
52,52.0,52.0,0.11761529002837338,0.12106006702652934,0.11710137655820825,0.07838425564330186,0.06086219603771208,0.10764748186839157,0.06100148015764008,0.0670956812881706,0.15392111711933834,0.11531105427233417
53,53.0,53.0,0.10163220278947567,0.08822484388114353,0.1587482858162313,0.08576941664919506,0.052582886772684835,0.1126002015912938,0.05710687082469788,0.056743408947144205,0.14141259412209622,0.14517928860603707
54,54.0,54.0,0.09746645752738209,0.11719324826556096,0.1436256983743994,0.08815601941641246,0.05926069870576276,0.11020065156528776,0.07058034641245008,0.0493365940445293,0.15350153535507188,0.11067875033314292
55,55.0,55.0,0.09478310850345846,0.12008108213292619,0.12391187804599055,0.09886230087620371,0.05183652510354456,0.11397372303039321,0.07637209478969063,0.047328570729015945,0.12096960516035504,0.15188111162842124
56,56.0,56.0,0.1071720880706211,0.10199096590560427,0.10235071000881286,0.08828769847315827,0.05075504923284979,0.09408298203190683,0.07705339637778462,0.08311792887751404,0.16487544991182745,0.13031373110992034
57,57.0,57.0,0.10977933928567438,0.1047283236875757,0.1155658550413868,0.10124124350989308,0.05653020872525146,0.11135628789755418,0.059221264484349265,0.06034561771867221,0.1620217987250451,0.11921006092459734
58,58.0,58.0,0.11411597321746587,0.09124494112786179,0.11970536267926493,0.08540740194856475,0.061179572942420005,0.10394923164252692,0.07134028386563213,0.051093992969225385,0.16373509600160568,0.13822814360543206
59,59.0,59.0,0.09813245203134655,0.09598472082288217,0.13888631637190182,0.0826175536666661,0.06119726944029478,0.10927116296627926,0.07624112558822457,0.0583548062455264,0.14845428040401282,0.13086031246286506
60,60.0,60.0,0.10116365714816941,0.11507247729714014,0.11831342412179632,0.11342032299018734,0.04956613225599898,0.11751946178366093,0.060601155250136006,0.04144597138993711,0.1629161993735117,0.11998119838946168
61,61.0,61.0,0.09428026405917582,0.11740067135863766,0.1252352655624995,0.09025640122883942,0.07113938211263364,0.10955215912610972,0.05563774149616143,0.046671114387441766,0.15969448683845547,0.13013251383004518
62,62.0,62.0,0.10448929035704566,0.1192579548841266,0.11905310751909474,0.07802192999298055,0.08669570499000055,0.1054925411716718,0.07116071628266635,0.05822645740310487,0.13879145242544044,0.11881084497386799
63,63.0,63.0,0.0966269753874093,0.10637214253494284,0.12330334883427489,0.09110870853363959,0.07382746865635,0.1056605414579572,0.07393425744258786,0.04421928642876851,0.1501756527132821,0.13477161801078733
64,64.0,64.0,0.10382675411463145,0.09692518924619574,0.09977689210639401,0.08210109203018999,0.06931843623095689,0.1219934040115829,0.07181166536543729,0.07451321354507533,0.15168679674140462,0.12804655660813138
65,65.0,65.0,0.10766273816749408,0.09391297972693988,0.12848724963081762,0.08118833408472209,0.07134976494450493,0.10880287397641815,0.06559806394710556,0.049204012473048356,0.16351006986595518,0.13028391318299387
66,66.0,66.0,0.06508250695839345,0.11368024602257934,0.1421692082140897,0.09020551948215894,0.053544964413458095,0.11915677961970739,0.047274633132870544,0.05191161710647826,0.17054143582185213,0.14643308922841183
67,67.0,67.0,0.10585953264217676,0.10910885891003541,0.14679524635014873,0.08427424183190813,0.0707268720900466,0.087756565313853,0.06322067803953017,0.04885929815976936,0.14014059297134657,0.14325811369118496
68,68.0,68.0,0.08961018408916317,0.09573924254842242,0.12633965896819196,0.08329372318002018,0.06066241280641229,0.11914115730053694,0.09616672134698277,0.054940154371046636,0.1470373534903922,0.12706939189883104
69,69.0,69.0,0.09433778685205399,0.09922038087892888,0.118649487898363,0.10557761144058446,0.07707649979296545,0.09894344562986082,0.07809149182380044,0.0521260827677532,0.15658699793667913,0.11939021497901023
70,70.0,70.0,0.0920225093473593,0.10379996072002204,0.12017292051003825,0.10357577611277609,0.041892924042100266,0.13849081851917291,0.07687876551124931,0.06496271801487537,0.1381080067577793,0.12009560046462682
71,71.0,71.0,0.08823419993537261,0.10941548537194515,0.12426188419380398,0.0994636301464467,0.06323146888953969,0.10444165356669673,0.06178055835130432,0.08807579263465884,0.13647068759897787,0.12462463931125375
72,72.0,72.0,0.11729834420261014,0.09355569712525476,0.11916402461078242,0.0978030362555247,0.049387343138105874,0.12664566109365594,0.06135803584230019,0.0498270103048105,0.1678299269542982,0.11713092047265694
73,73.0,73.0,0.0921016473220012,0.10831821422418411,0.12950942086623174,0.10550785883478606,0.05129607354307987,0.10583047146449884,0.05907878140341999,0.05098624057856142,0.16754329484304561,0.12982799692019079
74,74.0,74.0,0.10192992619780765,0.10288865010566181,0.12014170769455312,0.0939470072528413,0.0672451749544998,0.09661307321249465,0.07462950499481269,0.0632663316883803,0.15933423300564775,0.1200043908933005
75,75.0,75.0,0.10241187862280994,0.08565118226305599,0.11451396515392279,0.11102950580843118,0.06086722688222236,0.12904634509438245,0.04863624686272021,0.045486528664042805,0.1469298191514679,0.155427301496944
76,76.0,76.0,0.1238616783850075,0.10858693749433232,0.13062833775647836,0.08990370768701553,0.05480841474407429,0.11018244380722549,0.06165981491149367,0.0349417243010209,0.1528320276856808,0.13259491322767075
77,77.0,77.0,0.08925883926639262,0.10254774834223049,0.11712837926523464,0.08156053029719003,0.07371675107260661,0.08900409227470348,0.07592196235389528,0.06123204719623028,0.16421869930638333,0.14541095062513293
78,78.0,78.0,0.07165876754723557,0.11093006619453698,0.16098629010894466,0.0956646878903868,0.05291696076657256,0.11054606186813669,0.03941390306973128,0.049405279699223724,0.17013933921957386,0.13833864363565745
79,79.0,79.0,0.1369700132572853,0.09528667701168686,0.11667134222073203,0.09036577478566946,0.06351610019877016,0.09310680037810451,0.04165908427347671,0.043118398300406854,0.1632537000711901,0.15605210950267767
80,80.0,80.0,0.09774704247189128,0.10545878905594419,0.1257102160461722,0.08293045116925794,0.062286425160358115,0.11175089168324774,0.05219930991836813,0.055494994373198825,0.14599045876369968,0.16043142135786145
81,81.0,81.0,0.0986519870338797,0.10849115712458739,0.10502867117718002,0.10630091101559531,0.05650568366360929,0.08962157485463991,0.06907493937831588,0.05284625020849454,0.15871590521675483,0.15476292032694278
82,82.0,82.0,0.09399670221053828,0.1166869702877992,0.12053218129365699,0.11178260053430049,0.05869932886529703,0.10513947541455962,0.06260580557987759,0.05063151122840768,0.1472103432391332,0.13271508134642956
83,83.0,83.0,0.1005890990180394,0.12393739129652706,0.11930715968868925,0.10511908705207273,0.054008785801384095,0.09002142481293852,0.042449882643142325,0.040083581788121256,0.17617595016798623,0.14830763773109878
84,84.0,84.0,0.08607510481000057,0.12800091186774915,0.12423425723412689,0.09786071241062548,0.06523535004816239,0.09417172336898726,0.06136365068616571,0.06879772488957685,0.14804177647070194,0.12621878821390342
85,85.0,85.0,0.09286276854503082,0.12210906762232203,0.123138258973954,0.08119870351275962,0.05817194655777026,0.09955659128693348,0.052691065392462745,0.06018426764548936,0.16792664509701882,0.1421606853662585
86,86.0,86.0,0.08004829659791436,0.09098408184447589,0.1427696364373769,0.10408690544434818,0.0949028618967734,0.1335842215182504,0.05839608814538907,0.0426759101078072,0.12707813196386075,0.12547386604380348
87,87.0,87.0,0.09835410440887735,0.10144758646035994,0.12834903451815285,0.07705805067788754,0.06794322327475279,0.11002751794591396,0.0716951875383057,0.04381920683738448,0.15051328742175984,0.15079280091660513
88,88.0,88.0,0.09113515899025977,0.10563431926874015,0.137053289952266,0.09836208391421228,0.06966274998948876,0.09545088116895414,0.05327032126559252,0.03992600035146031,0.15621770885580422,0.15328748624322147
89,89.0,89.0,0.09166366276141788,0.09477355532291683,0.14664261916709903,0.08533383529520237,0.07429018561466126,0.13036605099808818,0.04609549367218481,0.05121384898040284,0.15633661563991147,0.12328413254811495
90,90.0,90.0,0.05917700373182919,0.12021981988239698,0.12750888166698643,0.06667337893297978,0.06287728661961425,0.13586158229510895,0.05653491281311661,0.04651962602165999,0.18056555312533346,0.14406195491097404
91,91.0,91.0,0.08626052832130147,0.10579434881049092,0.12669112048849734,0.11038765770910172,0.04806471364782835,0.11736038820582846,0.06224302953402992,0.06186811562730565,0.15938327029630425,0.12194682735931153
92,92.0,92.0,0.10176088787980282,0.09635949753475714,0.11958489845017964,0.10342167524727267,0.07209688656499282,0.1166726499615544,0.050025982469040456,0.05120697146062625,0.15684303577401332,0.13202751465776016
93,93.0,93.0,0.09943170935214143,0.10475071093245984,0.12957522898183596,0.10090226401000132,0.05466888964486734,0.10206323255276155,0.05600780968946497,0.05803969109480206,0.15841146797905795,0.1361489957626071
94,94.0,94.0,0.07473312325575648,0.11005967397644603,0.13297253914363133,0.1194260696527956,0.0615236561454857,0.08350401993232562,0.06702762501931747,0.043095022641913526,0.16770983989306557,0.13994843033926235
95,95.0,95.0,0.08773236918227134,0.12591944918116232,0.1389086435363547,0.09266945086729109,0.06149663694272375,0.09228958309644757,0.044558725444692956,0.042880634879971555,0.16148696143492988,0.1520575454341544
96,96.0,96.0,0.08816394427483668,0.11493389753967087,0.11827884547147585,0.06906697294406479,0.05093872734838343,0.09315638244628952,0.1043228356456591,0.07820306171766903,0.15895086599553257,0.1239844666164179
97,97.0,97.0,0.10670569737097564,0.10247458235438915,0.13492438986078473,0.0761696070276496,0.041051061395104935,0.13249655267494548,0.05456278650245231,0.04367829798335741,0.17493887644127057,0.1329981483890699
98,98.0,98.0,0.09469803932833369,0.1188001224071571,0.10972696834213973,0.1087643727046804,0.07308886363329656,0.11336325752577732,0.07175139850814741,0.05042664963997786,0.14240275401017763,0.116977573900312
99,99.0,99.0,0.07166223092991478,0.10816346416473506,0.10815615642637674,0.09687214553667636,0.04579842028616856,0.1346162350021404,0.09270442714037933,0.04413201660819275,0.16404034675067924,0.1338545571547365
100,100.0,100.0,0.1026141723177791,0.07799311137599024,0.15519769367958844,0.0859857052818391,0.05445818262125589,0.09363404388915515,0.04724628335218015,0.07554870684382145,0.17386755291317077,0.13345454772521936
101,101.0,101.0,0.06935774631022298,0.10529153565914309,0.12661532139150702,0.09038929437839045,0.0687063923100901,0.13269167904803897,0.07597102695964268,0.05503667813491771,0.14891823234499563,0.127022093463051
102,102.0,102.0,0.10279003887597145,0.09686495905554683,0.10604112880663656,0.10076548018548714,0.07356248130174878,0.1061933817862895,0.06768667239237353,0.0433389548209691,0.1558372072552544,0.14691969551972234
103,103.0,103.0,0.09799498503316187,0.09072811957002866,0.12631023896847696,0.08637127835058267,0.05467046604100315,0.11413363260141382,0.07684998588741701,0.03998361294597351,0.14903802610881947,0.16391965449312249
104,104.0,104.0,0.10663369450856439,0.09565607146602605,0.12177684548939498,0.11025953958886778,0.06037865511633901,0.0957027728245112,0.046451403580044466,0.06250558410264968,0.1477539360222185,0.1528814973013836
105,105.0,105.0,0.0972408760688217,0.0841925535991564,0.13379148734981391,0.08757413380081883,0.06998405735520954,0.11717101876126032,0.049310989500109315,0.041759908087328254,0.1751088671564086,0.14386610832107277
106,106.0,106.0,0.1054059171190305,0.12480123990883371,0.15019572981752924,0.07545334040286922,0.08067688923116066,0.1155466472054301,0.04491159819011228,0.04267800766251523,0.15631816382970737,0.1040124666328113
107,107.0,107.0,0.10292357931001064,0.12009404180979735,0.15163203367417794,0.07556196337201818,0.07109064951068947,0.08191107231821701,0.05430189266993392,0.053115427236373615,0.15655137783696196,0.13281796226181958
108,108.0,108.0,0.08978600197666946,0.09392244376628338,0.1194803558804816,0.11169716024548708,0.06145772257569393,0.10502388101512719,0.06178473280387152,0.06233780731928662,0.14273889521484337,0.1517709992022554
109,109.0,109.0,0.09266605750294667,0.12411946914307345,0.11094750106379452,0.09121120699570931,0.07089152664156764,0.11878194317737312,0.06243718517524963,0.032959640728104124,0.1551170024195658,0.14086846715261533
110,110.0,110.0,0.1285870380340986,0.11497547631544455,0.13360843320866353,0.07800912877927536,0.06809083692656913,0.10774495769248045,0.04272279320738194,0.030000000000000006,0.14168831782296148,0.15457301801312467
111,111.0,111.0,0.10740235914765717,0.11262941465700749,0.14876595158140737,0.09706695298396342,0.04582580819790642,0.09950802823249102,0.07412912934875959,0.03986750204009669,0.1320836595865015,0.142721194224209
112,112.0,112.0,0.10789209865973362,0.09292737126226548,0.14514196723691866,0.10330170692424992,0.06223997063913807,0.09942293560915913,0.0479091912468078,0.04796714989270414,0.1497418965515388,0.14345571197748408
113,113.0,113.0,0.1099546992525354,0.10771339095465327,0.1428645369955155,0.08334975950579507,0.08639407556849578,0.10622350240762535,0.054658780191685886,0.03569754382637965,0.12665348214641234,0.14649022915090146
114,114.0,114.0,0.09979328616691227,0.11648083910549642,0.12588096505810456,0.09884180492934894,0.06811636619694253,0.09020666080402312,0.04109049922601021,0.057117243865990305,0.15797737432865172,0.1444949603185196
115,115.0,115.0,0.1164352551109065,0.12562371543257142,0.10134210735025757,0.08374145943308911,0.06401095777939268,0.09407043339694601,0.05981804989097954,0.04042344366042498,0.16528934581981353,0.14924523212561838
116,116.0,116.0,0.11849121093734383,0.11008651272199702,0.11902656738673216,0.09794431189001561,0.04593750859632889,0.09602610731518378,0.04599705815530288,0.061019071265373113,0.17273092338474189,0.13274072834698056
117,117.0,117.0,0.09444911694305558,0.09502070520181125,0.15491068402921082,0.07350438503193654,0.0375839780877456,0.13103162033530918,0.08039445801123249,0.04598008611887757,0.14227516726687822,0.1448497989739425
118,118.0,118.0,0.09856995865600607,0.10616460272732953,0.13034913069677528,0.10073301449683844,0.08094833447536474,0.10536705180198555,0.051691184481530816,0.03979091011363912,0.14465910273554566,0.14172670981498436
119,119.0,119.0,0.10130486856029568,0.07860467582108635,0.13560628240308498,0.1250751534654042,0.0416301793965296,0.08656737314249789,0.053050909770805135,0.07018001078893721,0.181700318559541,0.12628022809181755
120,120.0,120.0,0.11807481476769448,0.12291248734786793,0.12721320967627026,0.07783292248251793,0.045193642685520244,0.10611423707188081,0.0637914858020277,0.0387368542701953,0.16796674219936253,0.13216360369666247
121,121.0,121.0,0.10739915419198846,0.09210133781290279,0.13610697168580108,0.07525236972286588,0.05194845730488682,0.10614449772267442,0.05467095459567609,0.03142498608066997,0.16618365602981416,0.17876761485271997
122,122.0,122.0,0.1207704141221996,0.0981434255609625,0.13148953625754686,0.06502880120010447,0.04623199357444816,0.1043923366694464,0.0422901444650789,0.1004058933457264,0.18359924913640702,0.10764820566807938
123,123.0,123.0,0.10467607899148768,0.10109034581308123,0.13016720100495505,0.10736032873338305,0.07879698390019756,0.0885210728253683,0.03332014637893642,0.061841719286570174,0.187325966467713,0.10690015659830723
124,124.0,124.0,0.0943754549891411,0.10653429746363412,0.1636056324425047,0.07557041024381082,0.05090266670780243,0.10710569139686969,0.040563187196900066,0.030000000000000006,0.19358706314660007,0.13775559641273669
125,125.0,125.0,0.14193552336620197,0.08790480188881131,0.12537337924109584,0.09451415919164245,0.041238505650717516,0.091376041252013,0.06682636172123282,0.047076358585629766,0.18709131931823722,0.11666354978441781
126,126.0,126.0,0.08617781999987148,0.09538601361952671,0.13116287764793938,0.090082219392183,0.060708821728794306,0.12058263053864575,0.07169949772031148,0.05392404318863085,0.16919226884298766,0.12108380732110904
127,127.0,127.0,0.11447696465256219,0.1139227415329838,0.10990181208626529,0.09985256508216298,0.06468839456738266,0.08832952632683105,0.05804064376001737,0.050392751122558976,0.15367921499739431,0.14671538587184102
128,128.0,128.0,0.098214063094478,0.10870914591780914,0.12441439341134927,0.09462140627337082,0.04939809724292671,0.1058692274562788,0.045224623921768334,0.04219411115230892,0.1934356872134945,0.13791924431621516
129,129.0,129.0,0.10518525792556974,0.13046352451092003,0.1327019876176952,0.08094403024755961,0.05517288734868919,0.09617737471261148,0.04045380916505219,0.050144401495988075,0.17931424337116464,0.12944248360474955
130,130.0,130.0,0.10438566232616783,0.06601126785642702,0.12733820896382128,0.11096917480517418,0.05180457743038121,0.08756851275432868,0.05220699778532386,0.04841496578650262,0.18696338013047348,0.16433725216139952
131,131.0,131.0,0.10218250723711339,0.07491963284346448,0.10890619532424009,0.0758607991401095,0.12196106020787192,0.10786274036347732,0.03234914780864575,0.061946211269338324,0.1709756423448579,0.14303606346088102
132,132.0,132.0,0.11642579109941487,0.10873121659528691,0.10333424385956438,0.10464765175416146,0.06255764957622147,0.1257546084656678,0.05402312715027885,0.0386278313590611,0.15266048909205562,0.1332373910482872
133,133.0,133.0,0.1399265590483323,0.11458589986777165,0.12527564581111844,0.07269372851762523,0.07709519565709483,0.08313870442929608,0.05673903334653766,0.04227335444621818,0.15439635187321984,0.13387552700278543
134,134.0,134.0,0.12086324769186621,0.0867929461607138,0.12065472553060533,0.09951992801367582,0.04244790026435675,0.09435972563696365,0.04974306990228873,0.07613440507874893,0.1655780455099,0.14390600621088048
135,135.0,135.0,0.11751785345733012,0.10857740598833192,0.14866968888183035,0.07533187604237325,0.045874256311481364,0.12301162113383295,0.05638259767383125,0.04587072837365708,0.1595945191318128,0.1191694530055186
136,136.0,136.0,0.08906829525680424,0.11224011667567865,0.11237217776638495,0.08929748349904201,0.055636595908019136,0.09626963916197263,0.08132460332903571,0.057164242798618,0.17782248032834508,0.12880436527609926
137,137.0,137.0,0.10734162632534952,0.0633634694067699,0.15457562140932882,0.11747383685792716,0.043521496403285766,0.09145449323250066,0.042671567160317295,0.08019580100595883,0.15275983189567938,0.14664225630288247
138,138.0,138.0,0.12693651160182381,0.10764708903214237,0.15825268894038969,0.06244802025461431,0.051440938067133256,0.11764701509269693,0.03728328890111484,0.043616756351500904,0.1694002981561774,0.12532739360240613
139,139.0,139.0,0.10089505416377595,0.08645203035829385,0.11767490145690278,0.13329711729266425,0.0676824642945964,0.08162012858519997,0.05282184660949615,0.04867632319490883,0.16808201259253183,0.1427981214516297
140,140.0,140.0,0.097696147443652,0.12978463194907613,0.14636414615103527,0.08303694371929626,0.03560647003552556,0.12347809704094896,0.03345563485300383,0.05031100773749268,0.14543201287251623,0.1548349081974528
141,141.0,141.0,0.0900623010266702,0.08737938522597653,0.15910666594765405,0.07947736123937282,0.06225811548326943,0.08514941043531721,0.04829003897581928,0.046816662329261904,0.20876222916118606,0.1326978301754722
142,142.0,142.0,0.11642471175508655,0.1430552929084587,0.154000139413574,0.07826891052925064,0.042158134508893365,0.11458063060663118,0.04526448069829196,0.03589240210347494,0.16979701427906677,0.1005582831972717
143,143.0,143.0,0.10532672142972713,0.07883611523094816,0.14741750301599157,0.08164938374800436,0.08736708245623498,0.07826977412274236,0.05602438249048225,0.05461122824343183,0.17316947629127938,0.13732833297115773
144,144.0,144.0,0.12566075020189077,0.08978707676148412,0.1426640034774588,0.11061368218542048,0.08112264448467213,0.10475627779040457,0.03627209230977106,0.037026426056537165,0.1412403648641006,0.13085668186826
145,145.0,145.0,0.10998279125914567,0.11883358906965522,0.13525853849591388,0.06635258333754987,0.05243924684890613,0.08655446617607362,0.0531815294832468,0.08283847090842995,0.1407941314224101,0.1537646529986685
146,146.0,146.0,0.10794257248463435,0.0704748528521846,0.16017820765663943,0.09502387334473353,0.04933057354902529,0.15481371367373803,0.037523470238954616,0.04420530647065414,0.17006696792694226,0.11044046180249356
147,147.0,147.0,0.10488175889028868,0.10925471541187212,0.15312826805432073,0.051402067125637566,0.052635509185636045,0.10315692283891113,0.05296825106052132,0.06450495539060361,0.16523140484569093,0.14283614719651766
148,148.0,148.0,0.10760454518900484,0.11105178077474201,0.15360394494056456,0.07570647294313652,0.06965679330952818,0.07737778998765452,0.04193233015488741,0.05666933909059191,0.1254882271645264,0.18090877644536335
149,149.0,149.0,0.09526177250983096,0.09441371517766506,0.16794706075820423,0.03940872385782425,0.06805502197619566,0.12760827335667613,0.046189581074133956,0.03192840822297645,0.1842486808095496,0.14493876225694347
150,150.0,150.0,0.1464715877690724,0.09435630173409712,0.13603906519744263,0.10975205718058065,0.05209222341922637,0.08361628720681741,0.059163600271061975,0.040948742155141646,0.1581330598551472,0.11942707521141231
151,151.0,151.0,0.1026247664870517,0.08900983861682846,0.16186307319668328,0.0807769835621552,0.042253442538014295,0.12949837719729468,0.05791517446610709,0.05099102682396948,0.15017935693093448,0.13488796018096108
152,152.0,152.0,0.10890035229299426,0.11933006122121308,0.1478209470304704,0.05398614759134358,0.0407711934003125,0.10719226966830461,0.046516997466256024,0.0445872963082799,0.1710809261830583,0.15981380883776708
153,153.0,153.0,0.13428884575546376,0.09572294521565304,0.13357297219287315,0.05657771900678636,0.07082581304201174,0.115995231996188,0.03699204160629778,0.030000000000000006,0.19651988383878732,0.12950454734593864
154,154.0,154.0,0.1450899452335858,0.08541291385564767,0.14889233680561148,0.07570540549455576,0.04056492372063908,0.13582818095897203,0.038279781203027496,0.04679725413711603,0.16420856606473663,0.11922069252610774
155,155.0,155.0,0.12077514069591741,0.12225115974544758,0.1193319675749189,0.05979588519417339,0.05222391876662184,0.09737500419208171,0.030000000000000006,0.03199254448741268,0.23826549421066567,0.12798888513276058
156,156.0,156.0,0.14516364410500954,0.0869159291038381,0.13205285025201857,0.06245862280587877,0.046097580741041325,0.15898941048292312,0.042719404111967396,0.039235972194408844,0.16637925114976446,0.11998733505314967
157,157.0,157.0,0.10357697851923595,0.13562059107025698,0.1690259900730483,0.09531978875187985,0.059164769066595235,0.10728712488123653,0.04221781270135858,0.034014301969487105,0.15437199583679329,0.09940064713010785
158,158.0,158.0,0.1469853723703128,0.1014130027240198,0.13082258286060214,0.04118391222452849,0.050408471634161345,0.08921342109522085,0.0889746970732743,0.03410882727099477,0.18400913470269029,0.13288057804419495
159,159.0,159.0,0.11078499089974223,0.12335703300298673,0.14568225259646256,0.05517748607013937,0.044067826090598505,0.09997452686686066,0.04893479021395792,0.04121616427518009,0.18028616962979552,0.15051876035427608
160,160.0,160.0,0.11437257690851407,0.08848414981204082,0.1993351677002767,0.07000083070915526,0.030000000000000006,0.08318438540616938,0.06720500752181752,0.030000000000000006,0.19923291593415066,0.11818496600787538
161,161.0,161.0,0.1138928432181544,0.09597753030490572,0.13711592195163286,0.08295245983096791,0.07520748830800147,0.09829263820643526,0.05727898526990104,0.036509680416300636,0.1564931269849988,0.14627932550870165
162,162.0,162.0,0.08858105168698764,0.11345879705069299,0.12505275269089014,0.0818069148438424,0.04457956731675222,0.07776468305556615,0.09545664041161561,0.05641609427493284,0.1591377886332243,0.15774571003549545
163,163.0,163.0,0.13296394564825603,0.1643612730497182,0.1309002210193661,0.09520378478834081,0.06332202535188466,0.061476485605448085,0.03651827713473007,0.03198244042188366,0.17847616783873194,0.10479537914164024
164,164.0,164.0,0.1386825090080873,0.12248667136774563,0.15877452590361832,0.0914948197831339,0.04871827720910358,0.0890677616531425,0.06038788159502051,0.041262084591017115,0.15365465646813165,0.09547081242099931
165,165.0,165.0,0.09048965253841115,0.10730164992975921,0.15672233917619688,0.04043704609967364,0.09268492544393095,0.14422695566242127,0.04514503355388379,0.04902599246463915,0.16148537156661705,0.11248103356446652
166,166.0,166.0,0.09730214779117405,0.09702308305424326,0.1646549918966069,0.08962297387704135,0.08032136488341102,0.07975439872897827,0.05119956045895337,0.03517255866625947,0.1821281332673142,0.12282078737601772
167,167.0,167.0,0.10234951121111024,0.11295358353533362,0.19224028340661065,0.0696143228800721,0.04480195301877241,0.0833061181008935,0.04317024440302414,0.030000000000000006,0.16344037896025432,0.1581236044839288
168,168.0,168.0,0.104744682448593,0.09775283917198765,0.174555404480924,0.03799092831369193,0.04079253237044107,0.08680415929070759,0.0657449258948184,0.04598803851266645,0.20746145551726675,0.13816503399890306
169,169.0,169.0,0.130123085294974,0.08712263815385296,0.14274846507600825,0.05644777132785632,0.0418583471207314,0.07732303508772306,0.05165913364120731,0.06211135021479299,0.19224352711691556,0.15836264696593788
170,170.0,170.0,0.0797954666018122,0.06303001555605886,0.17035060709803135,0.07218521748846199,0.030000000000000006,0.08823815042040059,0.06658615269543673,0.04659063472293351,0.20187117401587445,0.18135258140099003
171,171.0,171.0,0.10160626008989884,0.08851443350695203,0.11728976524963011,0.07279187636191899,0.04148972321298814,0.10345942464201208,0.05040781595210512,0.030000000000000006,0.24421783850085896,0.15022286248363556
172,172.0,172.0,0.10822067920158203,0.0759576707269152,0.1621041942125352,0.1034846125810998,0.030000000000000006,0.07794723188527303,0.03396479592118259,0.030000000000000006,0.21145565179056586,0.16686516368084606
173,173.0,173.0,0.13544651412032221,0.1040133218786291,0.11957985289946327,0.061987321570689854,0.060728392951728646,0.08038250732265693,0.06677097009522609,0.030000000000000006,0.18855581563195817,0.15253530352932548
174,174.0,174.0,0.12372314182688496,0.1378236970032583,0.14194408437313855,0.09967765269195872,0.030000000000000006,0.06703646348814153,0.07511933020810195,0.030000000000000006,0.16739768001158273,0.12727795039693296
175,175.0,175.0,0.12947335253009584,0.1024834230011871,0.15057956572781842,0.08167262667723037,0.060768171855985084,0.12236170718946235,0.030000000000000006,0.030000000000000006,0.15974296108584007,0.13291819193238047
176,176.0,176.0,0.12077503325680976,0.09340549117973748,0.17194552526245938,0.07066157525316721,0.04237163431321933,0.10185379861231339,0.030000000000000006,0.055290875255251615,0.17411501481321562,0.139581052053826
177,177.0,177.0,0.13479562412662544,0.13063918633175992,0.15071615426230417,0.05895513903317055,0.04167127355412211,0.08605620306458965,0.04322457785448488,0.03558999258006627,0.18054701088687025,0.13780483830600643
178,178.0,178.0,0.1179615013827624,0.08286559965560272,0.15761977377056574,0.05181140462595616,0.06979238389931186,0.10468878390074417,0.05960224465392523,0.030000000000000006,0.18109739846536724,0.14456090964576424
179,179.0,179.0,0.10639726175289832,0.0832724496345325,0.14611293767200087,0.08362571862742207,0.05379864205656486,0.09012744829651036,0.03950176449315547,0.030000000000000006,0.18484431720614636,0.182319460260769
180,180.0,180.0,0.09451873110601353,0.09219657090827577,0.16783229806403094,0.050002252209878494,0.036638709677419355,0.10601769420305995,0.03800708649255704,0.03960568215448358,0.22159704264915586,0.1535839325351253
181,181.0,181.0,0.12415281178041193,0.09005970856062248,0.14397256354146928,0.07900106114173802,0.05379676566457452,0.12212750631390963,0.043988290345186164,0.030000000000000006,0.19856445646599424,0.11433683618609354
182,182.0,182.0,0.09071044583968843,0.1509898603367822,0.117865604207452,0.09353813444535766,0.048291813015769916,0.07934397745776985,0.0700791659660827,0.05667234275441761,0.16365466119820246,0.12885399477847698
183,183.0,183.0,0.12187581175383196,0.0779895334285922,0.16216010765064587,0.04031236845068081,0.0796099740353866,0.11468296359341043,0.039094726379755376,0.05143944581678609,0.18178852735333778,0.1310465415375726
184,184.0,184.0,0.13187523076112434,0.08840308692373368,0.14092907459262013,0.047185151468961704,0.03161665306975665,0.11837739098317071,0.030000000000000006,0.08820925295358054,0.17574336917966588,0.14766079006738617
185,185.0,185.0,0.12465421961388035,0.062646398597453,0.17497841869014932,0.04906161648320495,0.04919635120159123,0.10319617339142897,0.07124249403543444,0.06489307873162478,0.19124628054644613,0.10888496870878658
