,Unnamed: 0,Generation,Intertwine_two,Add_vertex,Delete_vertex,Invert_path_vertices,Insert_inside_vertex,Delete_inside_vertex,Replace_inside_vertex,Donate_between_routes,Trim_one_terminal_cb,Grow_one_terminal_cb
0,0.0,0.0,0.09999999999999999,0.09999999999999999,0.09999999999999999,0.09999999999999999,0.09999999999999999,0.09999999999999999,0.09999999999999999,0.09999999999999999,0.09999999999999999,0.09999999999999999
1,1.0,0.10900000000000001,0.10109083698342888,0.10018972628820937,0.09882248964321051,0.10076072597105996,0.0998331629270904,0.1002667600199928,0.09956956962804323,0.09913835126412371,0.09994480742551053,0.10038356984933053
2,2.0,0.31601,0.10236560398876383,0.09862631027288805,0.09724837918853146,0.10131648670927836,0.09980135983721532,0.10195424955625945,0.09810782559277641,0.09735131646799797,0.1014030241181179,0.10182544426817114
3,3.0,0.6191589000000001,0.10359797558300092,0.09901329276554346,0.09669929810908225,0.1010851766011843,0.09823609448913861,0.10242392227390254,0.09744379321772316,0.09654175190732125,0.10249363453122999,0.10246506052187336
4,4.0,1.015801321,0.10443822997633956,0.09944520397954529,0.09560470933295123,0.10179293981446702,0.09675855709890824,0.10213640360073616,0.09615221871222701,0.09470481567429637,0.10458278009897291,0.10438414171155605
5,5.0,1.50262148669,0.10545418803340773,0.09978938099651087,0.09402413134587445,0.10267223817266662,0.09616681076367267,0.10128193635863264,0.09636366913624789,0.09284588046522073,0.1053719239918979,0.10602984073586832
6,6.0,2.0757334209441005,0.10745229819979682,0.10011602728133766,0.09286078641948124,0.10214543244724916,0.09617161581788125,0.10123597370334218,0.09430470371046079,0.09115030898901197,0.10674148356382948,0.10782136986760926
7,7.0,2.7307768275633495,0.10825061155368136,0.0999643543435288,0.09232431598647999,0.10229691435742316,0.09483579399099246,0.10278456578683737,0.09304278817289968,0.08923200385322339,0.109191823224896,0.10807682873003761
8,8.0,3.4630081252450404,0.10872401222744693,0.09998684686350474,0.09280162664410363,0.10208923504025051,0.09231066248650693,0.10311470105934999,0.09147797653800285,0.08808485656238084,0.11142172867113131,0.10998835390732202
9,9.0,4.2673862119061114,0.10926053621800474,0.10068457009897774,0.09269437991617858,0.10234227007187051,0.09253711614933102,0.10263931649850523,0.08941876181672662,0.0859576476860199,0.11240961006269026,0.11205579148169516
10,10.0,5.138652627782014,0.10899031055228979,0.10109130168607926,0.09242559641450179,0.10282192853198713,0.09129705033853958,0.1032597976755219,0.08650807616460798,0.08343753276817006,0.11580863366140398,0.11435977220689829
11,11.0,6.071405875792507,0.10945991229423102,0.10158474872813703,0.09372543875428992,0.10152317940046851,0.09076596696386477,0.10365204407126116,0.08567402490789369,0.08084810818689615,0.11728087638824042,0.1154857003047171
12,12.0,7.060169740244025,0.10925356722938598,0.10198600075966262,0.09260383236010325,0.10184611011698701,0.09094417932458376,0.10382617814365845,0.08498922762807387,0.07930723930075703,0.11817844126722507,0.11706522386956271
13,13.0,8.099455520847952,0.1100929291002291,0.10189948328100049,0.09302100385381766,0.10151634634516256,0.0892503078466971,0.1043787126369377,0.08437250422573117,0.07791966246032817,0.11998164098762265,0.11756740926247312
14,14.0,9.183818168183006,0.11059757491386435,0.10112735019147596,0.09354236875462665,0.10090355767535,0.0890135940648912,0.10496701745594972,0.08194240049485292,0.07608942357342834,0.1226850578708427,0.11913165500471787
15,15.0,10.307906369102724,0.11016948016219427,0.10138715313571348,0.09420949659887533,0.10035839621497686,0.08831526999849464,0.10455454244558393,0.080039802013937,0.07546895260566869,0.12582113741974849,0.11967576940480701
16,16.0,11.466506686239443,0.10983358795844397,0.10191320423360653,0.09481134793280653,0.10101156225272599,0.08728770617961278,0.10391756437133083,0.07980886079725119,0.07450224232418319,0.12640952216944815,0.12050440178059053
17,17.0,12.654581904800096,0.10897640906635508,0.10236570594385501,0.09626122188708272,0.10011491856149952,0.08615320366301625,0.10364371861832929,0.07854256025606411,0.07447130315400988,0.1272757452832495,0.12219521356653831
18,18.0,13.867303782456686,0.10899639621624502,0.10524546549922725,0.0968516170051515,0.1007116159132003,0.08517269753248692,0.10399452403291806,0.07631090491994516,0.07214089947001835,0.12797049199155913,0.12260538741924798
19,19.0,15.100080434523047,0.10744505699092818,0.10531575868562652,0.09810308331943995,0.0996479848559295,0.0844251049776314,0.10398145418290816,0.0756965558809233,0.07004144156750125,0.1311111462489894,0.124232413290122
20,20.0,16.348578617037543,0.10504223124765576,0.1064819212178261,0.09967082472609178,0.09964418227364714,0.08390835595604085,0.10416790177831303,0.07459266756211347,0.06787326352046674,0.13366270850578665,0.12495594321205816
21,21.0,17.608741195130214,0.10596236684691648,0.10621720436457875,0.10158200972925169,0.09870900230321629,0.0830059866428567,0.10439285920761376,0.07339829260316603,0.06709388749708756,0.13481781961400208,0.12482057119131036
22,22.0,18.876800103462312,0.10475634227450029,0.10515448376228706,0.10564502701261856,0.09885076856716529,0.08285463707626603,0.10429005969266204,0.0719129390312532,0.06474432699098123,0.13605849392440558,0.12573292166786043
23,23.0,20.14928511992658,0.10407906511580148,0.10636199966853406,0.10665759509791953,0.09914192998812366,0.08122411099469641,0.10363512606833226,0.07235934857317299,0.06347999274325046,0.13849229024614715,0.12456854150402175
24,24.0,21.423028783545156,0.10160808588994227,0.10680156180484084,0.10878727066946253,0.10000901992317623,0.08108393812492612,0.10328141781367814,0.07191029444036778,0.06297409592763928,0.13763178590143943,0.1259125295045271
25,25.0,22.695167792966423,0.10135909003100596,0.10845068418112,0.10965874094534164,0.10054914016233572,0.08022916615128317,0.1034768502351802,0.07095957443720129,0.061819380137679944,0.1376571370780572,0.1258402366407946
26,26.0,23.963141223515898,0.10048534013176405,0.1079204714916741,0.11080707339673725,0.10162371403816195,0.08054648632017006,0.10415293562262211,0.07108414724372333,0.06084398505461731,0.13621326921874977,0.12632257748177986
27,27.0,25.224685898775267,0.09952893505635667,0.10946857935536201,0.1122254619503731,0.10041921536206284,0.08044486394038533,0.10449452569114191,0.07019138359303098,0.06127325218050007,0.13684360246009664,0.12511018041069022
28,28.0,26.477829247520948,0.09987446916852824,0.11000712081528113,0.11278468760913757,0.10139854226610227,0.07929189938504813,0.10462055952851414,0.0685772699756918,0.060374640513901706,0.1386261243734578,0.124444686364337
29,29.0,27.720879968916847,0.1018773999196981,0.10966543122169531,0.11356850074115189,0.10189365972751734,0.07806561797397925,0.10390137702509578,0.06886350311730184,0.059048859996121215,0.13953292774312662,0.1235827225343125
30,30.0,28.95241681848399,0.10208166001623672,0.11144204478279769,0.11482611508196236,0.10228989983486608,0.07590044433739662,0.10465918196098305,0.06885222958637419,0.05746856005388844,0.14001175332810287,0.12246811101739183
31,31.0,30.17127581490958,0.10255352178992591,0.10938461870465177,0.11595714690979785,0.1026529414825536,0.0747904874103316,0.1049876300709465,0.06755689903749834,0.058615691563488316,0.1413574883217649,0.12214357470904105
32,32.0,31.376536153543515,0.10281552037766833,0.1085643584286309,0.11630595981620526,0.10382994183233356,0.07374023643729533,0.10349037607608917,0.06816440166003049,0.05800816368279225,0.14262661641492672,0.12245442527402783
33,33.0,32.567505096778625,0.10133446271501265,0.10766284877614857,0.11781835577302245,0.1022840002571921,0.07387879571099439,0.10629160338528068,0.06844156395649267,0.05719826462922963,0.14185657623653522,0.12323352856009145
34,34.0,33.74370209472243,0.10030508639217907,0.10737145987984685,0.1173133034903589,0.10031429855798073,0.07380324020371917,0.10575457979861189,0.06980262288924455,0.05784456084265125,0.14294491718580463,0.12454593075960274
35,35.0,34.90484237192463,0.09983868942686921,0.10903781261190992,0.11859469338229775,0.0978309443078103,0.07436568554149925,0.10538179478771695,0.06853761020716041,0.058275021352636555,0.1424395093010666,0.12569823908103284
36,36.0,36.05082019768737,0.0990911111068409,0.10741165158671717,0.11963172678988335,0.0957234209194358,0.07551832914638909,0.1063051766004963,0.06944631899868688,0.05919380538025402,0.14126319274875862,0.12641526672253772
37,37.0,37.18169203889697,0.10038305419826467,0.1065095019152339,0.12060966666787148,0.0949338663360893,0.07454766125351436,0.10599811786079637,0.06940756676766942,0.05926961586544365,0.14078454904899518,0.12755640008612154
38,38.0,38.29765977559663,0.10169736590765656,0.10521641979990691,0.11946730508740525,0.09492277533410774,0.07542309125186301,0.10560633256715288,0.06892527275108232,0.05907251005427606,0.14066151947232924,0.1290074077742199
39,39.0,39.399054140870355,0.10234317529318698,0.10592894411719991,0.1213185357241894,0.09566473198214982,0.07438583138222618,0.10576887673133548,0.06727264976526043,0.05881443146624475,0.14049464791612845,0.1280081756220785
40,40.0,40.48631852820801,0.10222836301375943,0.10497279506912452,0.12078513503426944,0.096650930296069,0.0751667719816443,0.10709082920990318,0.0662266679156518,0.05647001022801234,0.1413070932050324,0.1291014040465335
41,41.0,41.55999329152982,0.10260483451988733,0.10231433809111815,0.12233523361946362,0.0950658857646443,0.0758431658469795,0.10550235001907145,0.0670397595708956,0.05666025702085432,0.14105461926194976,0.1315795562851359
42,42.0,42.62070064560415,0.10239742418429024,0.10055541160268142,0.12241815792511496,0.09575557982786911,0.07530989737251517,0.10526693959019641,0.0666285218633688,0.055430129263649035,0.14297516765313892,0.13326277071717585
43,43.0,43.669130257815,0.10408103004885177,0.10099086189597836,0.12325247873380726,0.09442261976765201,0.0742900817699571,0.10647304781478842,0.06546877234776596,0.05524488835428813,0.14197702237123705,0.13379919689567385
44,44.0,44.70602560622662,0.10453695706611969,0.10029368439506468,0.12218495518395492,0.09312009796272006,0.07350319234827296,0.1063855222018514,0.06536806805171362,0.058320829959891116,0.14222573147747947,0.13406096135293202
45,45.0,45.73217116373481,0.10665640576505099,0.10051387408515705,0.12256823316371496,0.09089479772537684,0.0729158034259315,0.10625970288212389,0.06513322046496564,0.058730688191799066,0.14225101489946249,0.1340762593964175
46,46.0,46.748380453854836,0.10654169087439,0.10167515353773918,0.12248548930218761,0.0882130301595075,0.07192218769298472,0.10612915574623218,0.06544894468520894,0.05813032161555787,0.1451173085161397,0.13433671787005227
47,47.0,47.755485010424316,0.10651819566149909,0.10365173484667922,0.12219198984963286,0.08810881183438614,0.07187842997792902,0.10578249251589768,0.06414259309915304,0.0586077899118446,0.1460161303182061,0.13310183198477216
48,48.0,48.7543242612326,0.10702406618976695,0.10360241856168848,0.12130605745063268,0.08729845479462466,0.07175448361262778,0.10567950779767224,0.06278130382632102,0.059401744493975034,0.14773285592092217,0.13341910735176893
49,49.0,49.745736344347726,0.10679824445631991,0.10267677472850537,0.1208883200915391,0.0892358560108189,0.07155564893745697,0.10483675926274821,0.06269976136270325,0.059774269257026044,0.147643903044828,0.13389046284805423
50,50.0,50.730549855707864,0.10653894220040024,0.10416878427820692,0.1229865765315254,0.08926401469310993,0.0704081344118849,0.10380668918431878,0.06235428265986748,0.058624297809467096,0.149763147461838,0.13208513076938128
51,51.0,51.70957651737491,0.1087291308153387,0.10333017674961265,0.12378342992695704,0.08868712404359498,0.06918788439798587,0.10225839326793561,0.062372042659409474,0.05875652561622871,0.15138000881249616,0.13151528371044077
52,52.0,52.68360474770151,0.1099982270659297,0.10505523321010976,0.12349941174975988,0.08724060934214342,0.0678961398513761,0.10251941066503835,0.06186160146978864,0.059529807187149876,0.15240113060934513,0.12999842884935914
53,53.0,53.65339410751842,0.10961827559719625,0.10348431004818277,0.12734450596416924,0.08658869867443791,0.06583529939478794,0.10330087900675457,0.06100414225271419,0.059266192107886494,0.15208448779188494,0.13147320916198568
54,54.0,54.61967059027847,0.10877988402104957,0.10481472497921984,0.1296068698114751,0.08623244652997226,0.06451580005094536,0.10385723873754395,0.06154080380184223,0.05826302921468054,0.15290168444277044,0.12948751841050068
55,55.0,55.58312271885972,0.10764386243518853,0.10642466703675314,0.12981180352683871,0.08700168347479673,0.06253328226781338,0.10479870377004238,0.0626933694598876,0.05707011592754233,0.15038996691821874,0.13163254518291845
56,56.0,56.544398407394254,0.10773173342531256,0.10620116741676264,0.1277811278121397,0.08675514265884826,0.06053390110428244,0.10374869839204585,0.06393559596423587,0.05947801433198249,0.1522258020036908,0.13160881689069936
57,57.0,57.504102543001395,0.1080659459843826,0.10623165152185673,0.12702072999413472,0.08784393598631123,0.05921418548763043,0.10443436697481231,0.06340156463294126,0.059604290925549766,0.15371918494101877,0.1304641435513621
58,58.0,58.462795239617805,0.1088175346137377,0.10489571568212723,0.12663577397219059,0.08737443890013086,0.05846453808673669,0.10437998228302682,0.06409103537141848,0.05880019065274686,0.15531758545011026,0.13122320498777437
59,59.0,59.42099071417639,0.10794859664758265,0.10403084365033005,0.1281381048087753,0.086653236324863,0.05781877542427663,0.10485892168639012,0.06527413569324936,0.05872551975801913,0.1553122394540483,0.1312396265524653
60,60.0,60.379156734137354,0.10737151154356302,0.10508077324086391,0.12754039545232226,0.08904407411289211,0.05610826024979318,0.10615891944395414,0.06488459884803804,0.056963725332080314,0.15668504036404204,0.1301627014124508
61,61.0,61.337714584760846,0.10610171709709205,0.10635844631905692,0.1276023714622796,0.08912319843475645,0.05666070029848359,0.1066457925834037,0.06399483987597139,0.055745447109064414,0.15766070151962552,0.13010678530026618
62,62.0,62.29703950447439,0.105861590194676,0.1078045026923753,0.1270162630079029,0.08798229522878932,0.058858315448183166,0.10670708027889159,0.0646627832959638,0.05571378768270019,0.15646883097153744,0.1289245511989801
63,63.0,63.257461537171835,0.10484552148716164,0.107931906715361,0.1268341579755938,0.08816455654512671,0.059827719344965904,0.10676689384238702,0.06560626581981613,0.054309703798742795,0.15635779372158135,0.12935548074926345
64,64.0,64.21926675122782,0.10456885206212341,0.10708627736536923,0.12428230968231435,0.08745727159937053,0.0603892771026449,0.10844294878105118,0.0663264207997959,0.05597451684111208,0.15634715318935014,0.1291249725768681
65,65.0,65.18269877636592,0.10469602700540034,0.10592237911725932,0.124611627795046,0.08667587755795136,0.061187103547193915,0.10876784977463776,0.06640805258560092,0.05512731543908137,0.15747330045831764,0.1291304667195112
66,66.0,66.14796061122655,0.10058212844506045,0.10673150332962117,0.1263149661731894,0.08681946602568552,0.06022629390815645,0.11009600147521241,0.064641078225017,0.054576361610936396,0.15925033729005447,0.1307618635170666
67,67.0,67.11521665648885,0.1006023260942662,0.10707206383642201,0.12846911694753338,0.08638942841618591,0.06101294270573461,0.10824192435658911,0.06447174134023595,0.05374862382589045,0.15792249713888504,0.1320693353382572
68,68.0,68.08459493066005,0.09904814118872912,0.1060619746071176,0.12854555520027341,0.08588319083660469,0.06081161998903464,0.10950686055806919,0.06760143184167121,0.05356285218381561,0.15723929801306172,0.13173907558162265
69,69.0,69.05618942810752,0.09802775547903918,0.10539778081320733,0.12782327355843576,0.08763007116447216,0.06227034617083376,0.10872187493975832,0.06889628323569784,0.05312802356749122,0.15747736379922272,0.13062722727184156
70,70.0,70.03006258152917,0.0968409809035789,0.10519619038345462,0.12723382548534867,0.08918155532953317,0.06021290369558776,0.11187234087911077,0.07003232894494771,0.054010321929514105,0.15583482023025222,0.12958473221867192
71,71.0,71.00624779379335,0.09534586812890379,0.10556234916523517,0.12704160953819377,0.09031061868928758,0.06031186015607543,0.11156902850568098,0.06961341373294111,0.057225221878166664,0.1540155309675739,0.1290044992379415
72,72.0,71.98475200689319,0.09683556437648463,0.10434444460623572,0.12633103197400827,0.09125224643854594,0.059045704482705595,0.11344517437290025,0.06911580923741839,0.05660225930653405,0.15533864613300946,0.12768911907215755
73,73.0,72.96555827861411,0.09586124910950777,0.10461669473821934,0.12665438171815402,0.09293570156897439,0.05800045380372415,0.11318419155768944,0.06836246201360875,0.05608976352942256,0.1566256993789891,0.1276694025817104
74,74.0,73.94862834037681,0.09592959723893416,0.10435577864001203,0.1260371755621981,0.09342044760082363,0.058587594531176394,0.11195402999786737,0.06914668506521746,0.056805491211495494,0.15707231707127156,0.1266908830810037
75,75.0,74.93390511255946,0.09609930908750687,0.10238253608202134,0.1248599610890983,0.09557023448156712,0.05856480218288891,0.11393680221436256,0.06730798819775198,0.05573627422769624,0.15625645076825156,0.12928564166885503
76,76.0,75.92131515639825,0.0984601554227951,0.10273287976476772,0.1253084453642123,0.09554705557536333,0.0579614321026087,0.11398600250929275,0.06676880040856009,0.053617001050338176,0.15601912563278703,0.12959910216927478
77,77.0,76.91077104428919,0.09737864844231514,0.1025028107413249,0.12441528428661316,0.09463544334191389,0.05927770248962439,0.11187441203445704,0.06765865628755688,0.05415193471274369,0.15691232919346812,0.13119277846998273
78,78.0,77.90217363294813,0.09456408689620827,0.10313442978146609,0.12792436135093116,0.09509465896068182,0.058526757293164935,0.11189947436885068,0.06489135371090099,0.05352149938404286,0.1583813400905293,0.13206203816322384
79,79.0,78.89541422641172,0.09833305288222731,0.10221650436343885,0.1269816552075762,0.09498376199639828,0.05885472259430526,0.11016457019579462,0.06237052500587352,0.05228425725148224,0.15913246597433645,0.1346784845285672
80,80.0,79.89037661826481,0.09818919479485562,0.10233828441812254,0.12693400393123233,0.09409424249479464,0.059073537637535006,0.11029698787238158,0.060948687328513974,0.05231674034994612,0.15812336747998235,0.1376849536926357
81,81.0,80.88693900474995,0.0981457954491903,0.1027823283205804,0.12481072541677303,0.09551908301472976,0.058724525901995124,0.10821777113655771,0.0612691025907837,0.052112883262325715,0.15836639439320635,0.14005139051385773
82,82.0,81.88497576253909,0.09764626947160426,0.10405863743715374,0.12425230522301144,0.09745742671455054,0.05860759143779414,0.10771230416748903,0.06098862131485795,0.05171527165492035,0.15743805752558132,0.14012351505303708
83,83.0,82.88435908692391,0.09781944009991629,0.10605864107144897,0.12359002364883567,0.09867883643436395,0.05803421348789699,0.10571985054763582,0.058736767715501445,0.050291790659961755,0.15939683789473957,0.14167359843969937
84,84.0,83.88496048800103,0.09655159083377446,0.10844378390168767,0.1234438513470198,0.09911667022422839,0.05860057548080226,0.10418468788802582,0.05843860742965934,0.05177998998592617,0.15851411397998605,0.1409261289288899
85,85.0,84.88665214409042,0.09598452800751209,0.1101967993040204,0.12321060050823929,0.09783196016718378,0.058470308671051394,0.10324139864098107,0.05733225507559621,0.052428201003921905,0.15960342594424673,0.141700522677247
86,86.0,85.88930811312994,0.0941615066745395,0.10878113727151827,0.12496308908433627,0.09879820874245823,0.062023176455043114,0.10575835326823199,0.05686062833540069,0.05133831583276552,0.15658218759029327,0.14073339674541302
87,87.0,86.89280540413424,0.09421023615519422,0.10837542134958432,0.12527633408443156,0.09701783395057809,0.06285359045285091,0.10594620075802437,0.05778142880661627,0.05038512479443291,0.15591154806126073,0.14224228158702648
88,88.0,87.89702491199675,0.09357363682845854,0.10835967195178955,0.12645940713226583,0.09734630212879151,0.06382381205057053,0.10469841299302042,0.05690680019075586,0.04907227303177067,0.15582443202214089,0.14393525167043605
89,89.0,88.90185221995306,0.09302916303313025,0.10723216757236145,0.128589044625,0.09634925644513682,0.06521814443042462,0.10697444566918962,0.0553657868878891,0.048928028581465804,0.1557618510336804,0.14255211172172186
90,90.0,89.90717827491419,0.0892768157116588,0.10863745396432971,0.12877288036387047,0.09347571548212599,0.06542247408463098,0.10980634426073296,0.05493011389724514,0.04835164448430651,0.15813416953867043,0.14319238821242888
91,91.0,90.91289994163006,0.08830705746148343,0.10857548826909122,0.12884391642403614,0.09499293312753698,0.06409966160158793,0.11076548596453767,0.05512486786691563,0.049349427572801245,0.15837534174612516,0.14156581996588447
92,92.0,91.91892044225806,0.08896384570077391,0.1075484226212172,0.1281756987149981,0.09581577800803961,0.06515199817902805,0.11162588869594742,0.05414962334979126,0.049306504816323614,0.15834845256610713,0.1409137873477736
93,93.0,92.92514968840067,0.0894500076851595,0.10735129562703623,0.12848742782738132,0.09638045624915718,0.06442575029057125,0.11098977702599297,0.053828849597614276,0.04997015096535436,0.15846604135667444,0.14065024337505838
94,94.0,93.93150451304501,0.08751751187813783,0.10767877178972622,0.12911859305625029,0.09878626530805086,0.06436003523456492,0.10847208981625805,0.054663924354558746,0.049153661055487644,0.1595011627258096,0.1407479847811557
95,95.0,94.93790881009448,0.08695034635824603,0.10958328687848605,0.13031879166237853,0.09848222962595217,0.06426982597299224,0.10683504694506951,0.05329223868499391,0.048336794976277665,0.15989257088389025,0.14203886801171356
96,96.0,95.94429358933806,0.08649087512784018,0.11036215691724752,0.1294218891201458,0.0957902219321541,0.06310511478784012,0.1053029336574978,0.05794679747007916,0.05107929658779537,0.1600071725877335,0.1404935418116664
97,97.0,96.9505969547639,0.08794825702155878,0.1098629258398289,0.13016780083458054,0.09381044592621343,0.06094644425148079,0.10773658320943677,0.057623655844091,0.05036630931602888,0.16169855209984424,0.13983902565693665
98,98.0,97.9567640140995,0.0882467093251355,0.11097228844057454,0.12836694511596936,0.09511171569958428,0.0620084671640128,0.1082611379859201,0.059021080887854786,0.05033257582377437,0.16009958466104884,0.13757949489612545
99,99.0,98.96274672736057,0.08627624885854462,0.11098532729666924,0.1264026940099047,0.0952301623488686,0.06034604741527165,0.11090955622779,0.0625013694666683,0.049673693115728834,0.16064730493367446,0.13702759632687966
100,100.0,99.96850370202192,0.08745188839811298,0.10795180835696064,0.1291565563639324,0.09426454013961882,0.05957036960362232,0.10943198032191788,0.06138984538551767,0.05216695093697536,0.16215690421345672,0.1364591562798853
101,101.0,100.97399994219691,0.08533594422216553,0.10765189676972849,0.12903720662690574,0.09375305071237137,0.06024595867219767,0.11184994615819373,0.06312051245289498,0.052593497664275325,0.16113771799544035,0.13527426872582687
102,102.0,101.97920655893245,0.08661504174126826,0.10651571506975407,0.1268481537527407,0.09429669124521853,0.06142420206946028,0.1115847030135655,0.06397818250187512,0.05183204919215685,0.16079015303374708,0.13611510838021368
103,103.0,102.98410044840509,0.08744847409552678,0.10478296003108321,0.12669684693271516,0.0934112354306932,0.06071680239324495,0.11208609605263978,0.06570350179436658,0.050726280436038794,0.1597478969957947,0.1386799058378969
104,104.0,103.98866394444643,0.08916789927127607,0.10357572728126864,0.12610346536714162,0.09493275175064782,0.06059049822866232,0.1107147391756041,0.06432789576780214,0.051875858996299505,0.1585743588441077,0.1401368053171902
105,105.0,104.99288445143917,0.08995075803784905,0.10126366946159611,0.12672761994538986,0.09418684373818428,0.06143524627330177,0.11147722291643597,0.06319704401402305,0.05094220935006551,0.1601454633927895,0.14067392287036498
106,106.0,105.99675406321822,0.09154473621309532,0.10307297489623418,0.12900042198662903,0.09223732008779847,0.06335029081189147,0.11205795908604987,0.06160047775948304,0.05010191161334623,0.15983002119156922,0.13720388635390324
107,107.0,107.0002691731872,0.09286969459897434,0.1044479126276308,0.13140152728771817,0.09032577130251686,0.06428847290876777,0.10925195103117488,0.060935708782685484,0.05031514656817641,0.1595343260375778,0.13662948885477755
108,108.0,108.0034300804274,0.0928489382600417,0.10322465807335802,0.13054965934319335,0.0920712590038053,0.06423756586847611,0.10876441586434882,0.06101936255583392,0.05145729884249684,0.1578571226547675,0.13796971953367845
109,109.0,109.00624059613932,0.09308763374479634,0.10505040936912079,0.1288189996768252,0.09178986162240395,0.06510733150587315,0.10966403508193776,0.06116754989128571,0.04965622431503487,0.15743426805631125,0.13822368673641103
110,110.0,110.00870765431864,0.09689034197177221,0.10596987685028392,0.12934878420545043,0.0902106096112324,0.0656678935593876,0.10946117291023287,0.05934217564924518,0.04757232733163939,0.1556876578016727,0.13984916010908333
111,111.0,111.01084093013685,0.09851127844802961,0.10665284741213864,0.13138393860851968,0.09057305041332722,0.06397012596835613,0.10843774185752202,0.06067377862112784,0.04650784697727672,0.15301524934906494,0.14027414234463723
112,112.0,112.01265246907188,0.1001080060348652,0.10535708225078237,0.133026999266562,0.09158766155494757,0.06390210820284649,0.10741884751149874,0.05938478099290338,0.04629337599423927,0.15216658954059603,0.14075454865075898
113,113.0,113.01415632942268,0.10182916184854607,0.10554519846491534,0.13439916051436335,0.09062275729425344,0.06623968133118649,0.10710194016090102,0.058784886124528216,0.04489012924185777,0.14906970734257083,0.14151737767687755
114,114.0,114.01536824044418,0.10244331614633645,0.10661292979761669,0.13402040220845501,0.09123081802409952,0.06671727015191027,0.10520625500747009,0.05684689158709457,0.0456772513145207,0.14919074033061047,0.1420541254318863
115,115.0,115.01630527795908,0.10463375160895297,0.10858685472283422,0.13114423959084928,0.09034414800038751,0.066750550209257,0.10373651968664008,0.05681788764629038,0.0448306810848755,0.15011873350894273,0.14303663394097038
116,116.0,116.0169855589429,0.1069287541429711,0.10898003549156993,0.1300261179162457,0.09090040333906635,0.06494576141826404,0.10251266442681992,0.05543968654844583,0.04608425826444513,0.15184979124904333,0.14233252720312875
117,117.0,117.01742795623892,0.10670567159210231,0.10783838220371775,0.13249822456805516,0.0890274795435789,0.06229601592729268,0.10484688042387794,0.05754461926204728,0.04585792734141752,0.15057097892470447,0.14281382021320602
118,118.0,118.01765183424293,0.106794415921125,0.10779710722718357,0.1324910898160517,0.08990948012901395,0.06400056024578492,0.10464306536701211,0.05679722973881027,0.04503653349794343,0.149575483263088,0.1429550347939871
119,119.0,119.01767680610413,0.10706553223502319,0.10498764201267993,0.13298896411868677,0.09324572989644034,0.061772312366840214,0.10258690381423383,0.05620949124425159,0.047283732872503516,0.15233449494475726,0.1415251964945834
120,120.0,120.01752251271817,0.10892892490152416,0.10662607481038888,0.13262391690122086,0.09184242582452509,0.05992181427498594,0.1025308495029543,0.056722998387536576,0.04639085943689774,0.15373790605838958,0.14067422990157688
121,121.0,121.01720842354362,0.10962987114246614,0.10518241350020523,0.13313064353420512,0.09018130185041609,0.05878456573835909,0.10251926056357136,0.056343786570002816,0.04477954647423298,0.15496495580511357,0.1444836548214276
122,122.0,122.01675365905109,0.11157554158283026,0.10435651633897289,0.1331547172425815,0.08751464410016635,0.057121034598016346,0.10236986678439494,0.05474768660141944,0.05009390993040472,0.15792304689007147,0.14114303593114214
123,123.0,123.0161768344173,0.11180916019148046,0.10384577001129555,0.1330274982450107,0.08912294644926883,0.05877146519404713,0.10066851069757886,0.05228962139971675,0.05152353946919687,0.16121476262212753,0.13772672572027736
124,124.0,124.01549592390272,0.11091802372703106,0.10390293923945908,0.13622824131855138,0.08757380053734497,0.057667676198296824,0.10087427769787244,0.050611972049772885,0.04972921592362652,0.16506452848732256,0.13742932482072232
125,125.0,125.01472814520056,0.1147065820593538,0.10211775556956573,0.13555945867583663,0.08795391020846133,0.05564019990150811,0.09954881712064095,0.05162791723872796,0.049624668431939925,0.16816496872975456,0.13505572206421104
126,126.0,126.01388986291661,0.1128128036348797,0.10111708190292572,0.13543464334373032,0.08791841742235192,0.05561848589969805,0.10119483377110962,0.05318156595352044,0.05018986105125899,0.16935472340630323,0.13317758361422208
127,127.0,127.0129965102319,0.11367196768177197,0.10201283771146143,0.13315348533170931,0.08888514650354976,0.056047803940218785,0.0996448163030253,0.05339914371847218,0.05038274702341268,0.16887257268500452,0.1339294791013741
128,128.0,128.01206252771334,0.11282697513787451,0.10241675741584132,0.13231918452094438,0.08934176098153472,0.05499156635051349,0.09989061779493223,0.05235977672351928,0.049736580442317456,0.17226235068056964,0.13385442995195299
129,129.0,129.0111013181695,0.11261747221104201,0.105018646894114,0.13231802530079456,0.08843777286205844,0.05456249683927911,0.09920243995989522,0.05087591342437255,0.049874634860799585,0.1741127398576745,0.13297985778997004
130,130.0,130.01012521639834,0.11227463787409785,0.10116957053527816,0.13178444376044135,0.09055176058414624,0.05384560719243147,0.09769194306006079,0.05061153427457446,0.04982863793283684,0.17659501882813466,0.1356468459579982
131,131.0,131.0091454726403,0.11166688170646336,0.09824465528424114,0.12941655666219914,0.08914768610972908,0.06019564449039716,0.09826068430806735,0.048403762677195865,0.0511262285244906,0.17733397973601064,0.1362039205012057
132,132.0,132.0081722485317,0.11244938579712896,0.09876013970908232,0.126523159513934,0.09062983547446263,0.06058799115257598,0.1006577588020464,0.04842362002503293,0.05007042189339973,0.17610394585390726,0.13579374177842982
133,133.0,133.00721462434865,0.1155434803266426,0.09990925478754988,0.1258813531191071,0.0889085557418662,0.06241455434086071,0.09880450393962659,0.04876907732896463,0.04937032232879028,0.17493606707051212,0.13546283101607992
134,134.0,134.0062806163404,0.11666566505477517,0.09831092943826711,0.12483557826263166,0.08987987565989206,0.060740538084205514,0.09810201868911221,0.048460092118254,0.052055368105069125,0.17479774837715156,0.13615218621064157
135,135.0,135.00537720296956,0.11738306771301178,0.0989357027738989,0.12665406869960602,0.0884316589125229,0.0593936326797298,0.10029754858281471,0.04885878798360903,0.0516863320029477,0.17398271188664588,0.13437648876521324
136,136.0,136.00451035890612,0.11518512214281533,0.09996068687684653,0.12488111518316064,0.08839382675685604,0.059022458011672954,0.09982646801547111,0.05178705292485123,0.0524253949172416,0.17492809323729566,0.1335897819337889
137,137.0,137.00368509565993,0.11477313596763294,0.09611830214059683,0.1273807120084864,0.09118644972006626,0.057443032238911916,0.09888541262337969,0.05085256325913921,0.05544109583965397,0.17330161548052436,0.1346176807216084
138,138.0,138.0029055077818,0.11628752184119338,0.09676096951317108,0.13027000499839414,0.08846010259800277,0.05667427785145547,0.10058340576260826,0.04939088477308992,0.05474486925604235,0.17329641428963155,0.13353154911641105
139,139.0,139.00217482361367,0.1151528132811993,0.09532872547629276,0.12909241678038236,0.09283117906851673,0.05755421812764776,0.09867954703046515,0.04950815394776395,0.05451294088608727,0.1731209435001289,0.13421906190151575
140,140.0,140.0014954596262,0.11366910731401801,0.09828419905100051,0.1307873367003502,0.09214378991688398,0.05523984741198322,0.1009812768326586,0.04771021195593867,0.0544093076304743,0.17064763050849902,0.13612729267819343
141,141.0,141.00086907744122,0.11141065770315299,0.0970186049249083,0.13374278470249,0.09107811297044628,0.05562574453889495,0.09944493319615244,0.04743295880454811,0.053925620160669735,0.17450251426853924,0.13581806873019786
142,142.0,142.0002966427003,0.11180081055945128,0.1013507687826842,0.13614567406345945,0.08988215113032941,0.05402937756512164,0.10086239071281994,0.04688944594225658,0.052326785836952855,0.17441798531329,0.13229461009363455
143,143.0,142.99977848500652,0.11108838810954015,0.0992448437281892,0.13782855550207485,0.0890277003900888,0.05699482965289754,0.09864419922836992,0.047460024892973594,0.05259537372226857,0.1746329457444447,0.13248313902915254
144,144.0,143.99931435823203,0.1124229941150384,0.0982405200472249,0.1389636883181146,0.09108134140119302,0.05934301526277294,0.09909273300807485,0.04608396050652287,0.05109878114557488,0.17161886429523443,0.13205410190024902
145,145.0,144.99890350055264,0.11218872118658081,0.10015674553231674,0.13928176450598934,0.08869883183424203,0.058805838840303194,0.09773286769619949,0.04643832759409728,0.05419232876084946,0.1685577826524648,0.1339467913969568
146,146.0,145.9985446936357,0.1117517943742435,0.09723224328252571,0.14201976773104838,0.08919823973973758,0.05794784681017837,0.10322312965007684,0.04525888406737652,0.0533996665922948,0.16845245631212477,0.13151597144039345
147,147.0,146.99823632047406,0.11101438666480927,0.09821060360937911,0.1439605610726256,0.08534378256882394,0.05741997481411557,0.10351459216532038,0.04566450883720029,0.05462429193137415,0.1678902514138418,0.13235704692250982
148,148.0,147.99797642142389,0.11056167207844486,0.0993812755578591,0.1458465198384864,0.0839657945423197,0.058599173773763474,0.10119541845064982,0.0449990164617115,0.05504169974113669,0.16338336077158916,0.1370260687840392
149,149.0,148.99776274806447,0.1088903804139051,0.09888777880395222,0.1490557685605459,0.07901323719394282,0.05961085189947098,0.10389303415971851,0.04479513155262801,0.05295955007665598,0.16482425322199348,0.1380700141171869
150,150.0,149.99759281456036,0.11237091336270273,0.09839314974481637,0.14894220577629985,0.08119422377931809,0.05900952405767805,0.10215884207486405,0.045922981549360725,0.05177733735330307,0.1637037386077927,0.1365270836938643
151,151.0,150.99746394626104,0.11145971763248222,0.09737296879976005,0.1512933686646139,0.08054518267832592,0.05741527790555869,0.1050008526488623,0.04694561015314169,0.05160928841718661,0.16184419837506425,0.1365135347250043
152,152.0,151.99737332532905,0.11117885054442372,0.0994031969078185,0.15211089969279595,0.07728428009919008,0.055680613101205645,0.10557302665804603,0.04683585383968911,0.05081148870718067,0.16214412067637976,0.13897766977327047
153,153.0,152.99731803323698,0.11344213452890373,0.09906895924764904,0.15137898060777683,0.07437564359443366,0.05697578254444889,0.10698447192920232,0.04578138900785163,0.04857249741335833,0.1650473145682034,0.13837282655817212
154,154.0,153.99729509002177,0.11676766717501352,0.09770368207717603,0.1520741298083844,0.07349266014305335,0.055253846416206176,0.11032817517019124,0.04487325114485533,0.048051405688496245,0.16474378298614542,0.13671139939047822
155,155.0,154.99730149022784,0.11761238888333124,0.10003584953051503,0.14971190923583422,0.07112915046028785,0.05472311417843034,0.10974719046828005,0.043162014248437644,0.04608941065563623,0.17187094520767207,0.13591802713157528
156,156.0,155.99733423551103,0.12084311627985225,0.09882343027650851,0.1485541995716399,0.0691549328543083,0.05360782940775595,0.11526202300288213,0.04276222131037408,0.0449069892350796,0.1717607123909859,0.13432454567061336
157,157.0,156.99739036391077,0.11983530965639538,0.10248364413281782,0.15104456136277178,0.0705972905030425,0.053835689460037243,0.11549241759865575,0.042351820353071924,0.04326393276367975,0.170406962712259,0.13068837145726883
158,158.0,157.99746697583146,0.12310653976902028,0.10268844723824688,0.14964536054064861,0.06672904971665652,0.0532184245599126,0.11381034942907625,0.04665680785217442,0.04170213816162872,0.17199195221923982,0.13045093051339587
159,159.0,158.99756125680176,0.12266939704933856,0.10505441861588746,0.14968381899752334,0.06439153901854897,0.052000722066186625,0.11312662937028015,0.046950484807646034,0.040931323611294985,0.1731663180930676,0.1320253483702263
160,160.0,159.997670497107,0.12251588314100624,0.1038795306805404,0.1550437074550814,0.06367797332466964,0.04941867825301752,0.11070074614626031,0.04906165885241956,0.039118822495115474,0.1761891205253154,0.1303938791265741
161,161.0,160.99779210841066,0.12224831419214627,0.10341751577932952,0.1540885970944712,0.06439415568620438,0.051421400869435294,0.10975311291726815,0.050150546754218074,0.03804735130723282,0.17486610177351156,0.13161290362618278
162,162.0,161.99792363749984,0.1193927682753157,0.10467542918807421,0.1518529540924194,0.06510974835432073,0.050398919999472026,0.10673284274897996,0.05501959576516502,0.03905829191509233,0.17375612131382553,0.13400332834733517
163,163.0,162.9980627773051,0.12095294918041175,0.11098563253447315,0.15015762020940507,0.06726044041497051,0.05129473949319113,0.10209609825557464,0.05391227399379322,0.037698351100459375,0.17454479349385288,0.1310971013238684
164,164.0,163.9982073753568,0.12304907829565975,0.11301111178318739,0.151226676211217,0.06910460021276832,0.05076087508184715,0.10027595968977804,0.05512870487699701,0.03734520967741731,0.17281176106226623,0.12728602310886195
165,165.0,164.99835543984977,0.12027264315953963,0.11341029655907714,0.1520590864370296,0.06588246885814397,0.05465663595639288,0.10404167240112261,0.05475179963494699,0.03784294193317765,0.17184353233774544,0.12523892272282422
166,166.0,165.99850514349492,0.11815727115609652,0.11268061970353316,0.15364815343969362,0.06764668918913413,0.057306747582307416,0.10138541098060141,0.054921969946798294,0.03701738808883861,0.17293282104803515,0.12430292886496182
167,167.0,166.99865482534062,0.11654962146134211,0.1134603852151597,0.15794691127766075,0.06745338523420742,0.05637005303217767,0.09913363751680762,0.0542349675269931,0.03573868546808173,0.1721363585787827,0.1269759946887873
168,168.0,167.99880299074837,0.11520025275730911,0.11263703172249075,0.160390239160552,0.06413868159459402,0.05501040487209371,0.09729857032421549,0.055763486267108156,0.03612927010598637,0.1757346902159715,0.1276973729796791
169,169.0,168.99894830970783,0.11641910550523034,0.11068415155177017,0.1595501919678663,0.06273965508754936,0.05375112427803066,0.09459395332024904,0.055830388304127704,0.038191715134379994,0.17776866350241924,0.13047105134837741
170,170.0,169.99908961367427,0.1126203509069407,0.10628168200436307,0.16138634642773284,0.06299135700967282,0.05131300925972778,0.09307860036762172,0.057341589496239034,0.038735040461552434,0.18070675278626303,0.13554527127988675
171,171.0,170.99922589110733,0.1110543022742374,0.10443538454230294,0.1578224438634756,0.0633704932317175,0.05005454797195672,0.09318850563294606,0.05717628252679805,0.0376435257263281,0.187797343802517,0.1374571704277207
172,172.0,171.99935628188598,0.11021181999412936,0.10135883103809165,0.15869104766579614,0.06687520328477783,0.04768731224407428,0.09083891028615473,0.05531551958546198,0.036584727207362916,0.1914668619930997,0.1409697667010515
173,173.0,172.99948007076793,0.11215625802598068,0.10114148639636111,0.1552544884220448,0.06624580732445434,0.04845276626171219,0.08883888523377212,0.056707943119021074,0.035565961268220626,0.19267933264673803,0.14295707130169508
174,174.0,173.99959668005403,0.11296681758624656,0.10435563208608924,0.15404126189481035,0.06940579921475246,0.04619159184931362,0.08561969452406507,0.0588965905802739,0.03459341231031035,0.19161350750282719,0.14231569245131134
175,175.0,174.99970566161096,0.11437890550321332,0.10404901645580912,0.1536919343805506,0.07075200784931998,0.04707143614526027,0.08806911494510157,0.05651666767086952,0.033672184125088,0.1896466347058207,0.14215209821896696
