,Unnamed: 0,Total_iterations,Intertwine_two,Add_vertex,Delete_vertex,Invert_path_vertices,Insert_inside_vertex,Delete_inside_vertex,Replace_inside_vertex,Donate_between_routes
0,0.0,0.0,0.125,0.125,0.125,0.125,0.125,0.125,0.125,0.125
1,1.0,1.0,0.125,0.125,0.125,0.125,0.125,0.125,0.125,0.125
2,2.0,2.0,0.125,0.125,0.125,0.125,0.125,0.125,0.125,0.125
3,3.0,3.0,0.125,0.125,0.125,0.125,0.125,0.125,0.125,0.125
4,4.0,4.0,0.125,0.125,0.125,0.125,0.125,0.125,0.125,0.125
5,5.0,5.0,0.125,0.125,0.125,0.125,0.125,0.125,0.125,0.125
6,6.0,6.0,0.125,0.125,0.125,0.125,0.125,0.125,0.125,0.125
7,7.0,7.0,0.125,0.125,0.125,0.125,0.125,0.125,0.125,0.125
8,8.0,8.0,0.125,0.125,0.125,0.125,0.125,0.125,0.125,0.125
9,9.0,9.0,0.125,0.125,0.125,0.125,0.125,0.125,0.125,0.125
10,10.0,10.0,0.125,0.125,0.125,0.125,0.125,0.125,0.125,0.125
11,11.0,11.0,0.125,0.125,0.125,0.125,0.125,0.125,0.125,0.125
12,12.0,12.0,0.125,0.125,0.125,0.125,0.125,0.125,0.125,0.125
13,13.0,13.0,0.125,0.125,0.125,0.125,0.125,0.125,0.125,0.125
14,14.0,14.0,0.125,0.125,0.125,0.125,0.125,0.125,0.125,0.125
15,15.0,15.0,0.125,0.125,0.125,0.125,0.125,0.125,0.125,0.125
16,16.0,16.0,0.125,0.125,0.125,0.125,0.125,0.125,0.125,0.125
17,17.0,17.0,0.125,0.125,0.125,0.125,0.125,0.125,0.125,0.125
18,18.0,18.0,0.125,0.125,0.125,0.125,0.125,0.125,0.125,0.125
19,19.0,19.0,0.125,0.125,0.125,0.125,0.125,0.125,0.125,0.125
20,20.0,20.0,0.125,0.125,0.125,0.125,0.125,0.125,0.125,0.125
21,21.0,21.0,0.125,0.125,0.125,0.125,0.125,0.125,0.125,0.125
22,22.0,22.0,0.125,0.125,0.125,0.125,0.125,0.125,0.125,0.125
23,23.0,23.0,0.125,0.125,0.125,0.125,0.125,0.125,0.125,0.125
24,24.0,24.0,0.125,0.125,0.125,0.125,0.125,0.125,0.125,0.125
25,25.0,25.0,0.125,0.125,0.125,0.125,0.125,0.125,0.125,0.125
26,26.0,26.0,0.125,0.125,0.125,0.125,0.125,0.125,0.125,0.125
27,27.0,27.0,0.125,0.125,0.125,0.125,0.125,0.125,0.125,0.125
28,28.0,28.0,0.125,0.125,0.125,0.125,0.125,0.125,0.125,0.125
29,29.0,29.0,0.125,0.125,0.125,0.125,0.125,0.125,0.125,0.125
30,30.0,30.0,0.125,0.125,0.125,0.125,0.125,0.125,0.125,0.125
31,31.0,31.0,0.125,0.125,0.125,0.125,0.125,0.125,0.125,0.125
32,32.0,32.0,0.125,0.125,0.125,0.125,0.125,0.125,0.125,0.125
33,33.0,33.0,0.125,0.125,0.125,0.125,0.125,0.125,0.125,0.125
34,34.0,34.0,0.125,0.125,0.125,0.125,0.125,0.125,0.125,0.125
35,35.0,35.0,0.125,0.125,0.125,0.125,0.125,0.125,0.125,0.125
36,36.0,36.0,0.125,0.125,0.125,0.125,0.125,0.125,0.125,0.125
37,37.0,37.0,0.125,0.125,0.125,0.125,0.125,0.125,0.125,0.125
38,38.0,38.0,0.125,0.125,0.125,0.125,0.125,0.125,0.125,0.125
39,39.0,39.0,0.125,0.125,0.125,0.125,0.125,0.125,0.125,0.125
40,40.0,40.0,0.125,0.125,0.125,0.125,0.125,0.125,0.125,0.125
41,41.0,41.0,0.125,0.125,0.125,0.125,0.125,0.125,0.125,0.125
42,42.0,42.0,0.125,0.125,0.125,0.125,0.125,0.125,0.125,0.125
43,43.0,43.0,0.125,0.125,0.125,0.125,0.125,0.125,0.125,0.125
44,44.0,44.0,0.125,0.125,0.125,0.125,0.125,0.125,0.125,0.125
45,45.0,45.0,0.125,0.125,0.125,0.125,0.125,0.125,0.125,0.125
46,46.0,46.0,0.125,0.125,0.125,0.125,0.125,0.125,0.125,0.125
47,47.0,47.0,0.125,0.125,0.125,0.125,0.125,0.125,0.125,0.125
48,48.0,48.0,0.125,0.125,0.125,0.125,0.125,0.125,0.125,0.125
49,49.0,49.0,0.125,0.125,0.125,0.125,0.125,0.125,0.125,0.125
50,50.0,50.0,0.125,0.125,0.125,0.125,0.125,0.125,0.125,0.125
51,51.0,51.0,0.125,0.125,0.125,0.125,0.125,0.125,0.125,0.125
52,52.0,52.0,0.125,0.125,0.125,0.125,0.125,0.125,0.125,0.125
53,53.0,53.0,0.125,0.125,0.125,0.125,0.125,0.125,0.125,0.125
54,54.0,54.0,0.125,0.125,0.125,0.125,0.125,0.125,0.125,0.125
55,55.0,55.0,0.125,0.125,0.125,0.125,0.125,0.125,0.125,0.125
56,56.0,56.0,0.125,0.125,0.125,0.125,0.125,0.125,0.125,0.125
57,57.0,57.0,0.125,0.125,0.125,0.125,0.125,0.125,0.125,0.125
58,58.0,58.0,0.125,0.125,0.125,0.125,0.125,0.125,0.125,0.125
59,59.0,59.0,0.125,0.125,0.125,0.125,0.125,0.125,0.125,0.125
60,60.0,60.0,0.125,0.125,0.125,0.125,0.125,0.125,0.125,0.125
61,61.0,61.0,0.125,0.125,0.125,0.125,0.125,0.125,0.125,0.125
62,62.0,62.0,0.125,0.125,0.125,0.125,0.125,0.125,0.125,0.125
63,63.0,63.0,0.125,0.125,0.125,0.125,0.125,0.125,0.125,0.125
64,64.0,64.0,0.125,0.125,0.125,0.125,0.125,0.125,0.125,0.125
65,65.0,65.0,0.125,0.125,0.125,0.125,0.125,0.125,0.125,0.125
66,66.0,66.0,0.125,0.125,0.125,0.125,0.125,0.125,0.125,0.125
67,67.0,67.0,0.125,0.125,0.125,0.125,0.125,0.125,0.125,0.125
68,68.0,68.0,0.125,0.125,0.125,0.125,0.125,0.125,0.125,0.125
69,69.0,69.0,0.125,0.125,0.125,0.125,0.125,0.125,0.125,0.125
70,70.0,70.0,0.125,0.125,0.125,0.125,0.125,0.125,0.125,0.125
71,71.0,71.0,0.125,0.125,0.125,0.125,0.125,0.125,0.125,0.125
72,72.0,72.0,0.125,0.125,0.125,0.125,0.125,0.125,0.125,0.125
73,73.0,73.0,0.125,0.125,0.125,0.125,0.125,0.125,0.125,0.125
74,74.0,74.0,0.125,0.125,0.125,0.125,0.125,0.125,0.125,0.125
75,75.0,75.0,0.125,0.125,0.125,0.125,0.125,0.125,0.125,0.125
76,76.0,76.0,0.125,0.125,0.125,0.125,0.125,0.125,0.125,0.125
77,77.0,77.0,0.125,0.125,0.125,0.125,0.125,0.125,0.125,0.125
78,78.0,78.0,0.125,0.125,0.125,0.125,0.125,0.125,0.125,0.125
79,79.0,79.0,0.125,0.125,0.125,0.125,0.125,0.125,0.125,0.125
80,80.0,80.0,0.125,0.125,0.125,0.125,0.125,0.125,0.125,0.125
81,81.0,81.0,0.125,0.125,0.125,0.125,0.125,0.125,0.125,0.125
82,82.0,82.0,0.125,0.125,0.125,0.125,0.125,0.125,0.125,0.125
83,83.0,83.0,0.125,0.125,0.125,0.125,0.125,0.125,0.125,0.125
84,84.0,84.0,0.125,0.125,0.125,0.125,0.125,0.125,0.125,0.125
85,85.0,85.0,0.125,0.125,0.125,0.125,0.125,0.125,0.125,0.125
86,86.0,86.0,0.125,0.125,0.125,0.125,0.125,0.125,0.125,0.125
87,87.0,87.0,0.125,0.125,0.125,0.125,0.125,0.125,0.125,0.125
88,88.0,88.0,0.125,0.125,0.125,0.125,0.125,0.125,0.125,0.125
89,89.0,89.0,0.125,0.125,0.125,0.125,0.125,0.125,0.125,0.125
90,90.0,90.1,0.125,0.125,0.125,0.125,0.125,0.125,0.125,0.125
91,91.0,91.2,0.125,0.125,0.125,0.125,0.125,0.125,0.125,0.125
92,92.0,92.2,0.125,0.125,0.125,0.125,0.125,0.125,0.125,0.125
93,93.0,93.3,0.125,0.125,0.125,0.125,0.125,0.125,0.125,0.125
94,94.0,94.3,0.125,0.125,0.125,0.125,0.125,0.125,0.125,0.125
95,95.0,95.3,0.125,0.125,0.125,0.125,0.125,0.125,0.125,0.125
96,96.0,96.3,0.125,0.125,0.125,0.125,0.125,0.125,0.125,0.125
97,97.0,97.4,0.125,0.125,0.125,0.125,0.125,0.125,0.125,0.125
98,98.0,98.4,0.125,0.125,0.125,0.125,0.125,0.125,0.125,0.125
99,99.0,99.4,0.125,0.125,0.125,0.125,0.125,0.125,0.125,0.125
100,100.0,100.4,0.125,0.125,0.125,0.125,0.125,0.125,0.125,0.125
101,101.0,101.4,0.125,0.125,0.125,0.125,0.125,0.125,0.125,0.125
102,102.0,102.4,0.125,0.125,0.125,0.125,0.125,0.125,0.125,0.125
103,103.0,103.4,0.125,0.125,0.125,0.125,0.125,0.125,0.125,0.125
104,104.0,104.4,0.125,0.125,0.125,0.125,0.125,0.125,0.125,0.125
105,105.0,105.4,0.125,0.125,0.125,0.125,0.125,0.125,0.125,0.125
106,106.0,106.4,0.125,0.125,0.125,0.125,0.125,0.125,0.125,0.125
107,107.0,107.4,0.125,0.125,0.125,0.125,0.125,0.125,0.125,0.125
108,108.0,108.4,0.125,0.125,0.125,0.125,0.125,0.125,0.125,0.125
109,109.0,109.4,0.125,0.125,0.125,0.125,0.125,0.125,0.125,0.125
110,110.0,110.4,0.125,0.125,0.125,0.125,0.125,0.125,0.125,0.125
111,111.0,111.4,0.125,0.125,0.125,0.125,0.125,0.125,0.125,0.125
112,112.0,112.4,0.125,0.125,0.125,0.125,0.125,0.125,0.125,0.125
113,113.0,113.4,0.125,0.125,0.125,0.125,0.125,0.125,0.125,0.125
114,114.0,114.4,0.125,0.125,0.125,0.125,0.125,0.125,0.125,0.125
115,115.0,115.4,0.125,0.125,0.125,0.125,0.125,0.125,0.125,0.125
116,116.0,116.4,0.125,0.125,0.125,0.125,0.125,0.125,0.125,0.125
117,117.0,117.4,0.125,0.125,0.125,0.125,0.125,0.125,0.125,0.125
118,118.0,118.4,0.125,0.125,0.125,0.125,0.125,0.125,0.125,0.125
119,119.0,119.4,0.125,0.125,0.125,0.125,0.125,0.125,0.125,0.125
120,120.0,120.4,0.125,0.125,0.125,0.125,0.125,0.125,0.125,0.125
121,121.0,121.4,0.125,0.125,0.125,0.125,0.125,0.125,0.125,0.125
122,122.0,122.4,0.125,0.125,0.125,0.125,0.125,0.125,0.125,0.125
123,123.0,123.4,0.125,0.125,0.125,0.125,0.125,0.125,0.125,0.125
124,124.0,124.4,0.125,0.125,0.125,0.125,0.125,0.125,0.125,0.125
125,125.0,125.4,0.125,0.125,0.125,0.125,0.125,0.125,0.125,0.125
126,126.0,126.4,0.125,0.125,0.125,0.125,0.125,0.125,0.125,0.125
127,127.0,127.4,0.125,0.125,0.125,0.125,0.125,0.125,0.125,0.125
128,128.0,128.4,0.125,0.125,0.125,0.125,0.125,0.125,0.125,0.125
129,129.0,129.4,0.125,0.125,0.125,0.125,0.125,0.125,0.125,0.125
130,130.0,130.4,0.125,0.125,0.125,0.125,0.125,0.125,0.125,0.125
131,131.0,131.4,0.125,0.125,0.125,0.125,0.125,0.125,0.125,0.125
132,132.0,132.4,0.125,0.125,0.125,0.125,0.125,0.125,0.125,0.125
133,133.0,133.4,0.125,0.125,0.125,0.125,0.125,0.125,0.125,0.125
134,134.0,134.4,0.125,0.125,0.125,0.125,0.125,0.125,0.125,0.125
135,135.0,135.4,0.125,0.125,0.125,0.125,0.125,0.125,0.125,0.125
136,136.0,136.4,0.125,0.125,0.125,0.125,0.125,0.125,0.125,0.125
137,137.0,137.4,0.125,0.125,0.125,0.125,0.125,0.125,0.125,0.125
138,138.0,138.4,0.125,0.125,0.125,0.125,0.125,0.125,0.125,0.125
139,139.0,139.4,0.125,0.125,0.125,0.125,0.125,0.125,0.125,0.125
140,140.0,140.4,0.125,0.125,0.125,0.125,0.125,0.125,0.125,0.125
141,141.0,141.4,0.125,0.125,0.125,0.125,0.125,0.125,0.125,0.125
142,142.0,142.4,0.125,0.125,0.125,0.125,0.125,0.125,0.125,0.125
143,143.0,143.4,0.125,0.125,0.125,0.125,0.125,0.125,0.125,0.125
144,144.0,144.4,0.125,0.125,0.125,0.125,0.125,0.125,0.125,0.125
145,145.0,145.4,0.125,0.125,0.125,0.125,0.125,0.125,0.125,0.125
146,146.0,146.4,0.125,0.125,0.125,0.125,0.125,0.125,0.125,0.125
147,147.0,147.4,0.125,0.125,0.125,0.125,0.125,0.125,0.125,0.125
148,148.0,148.4,0.125,0.125,0.125,0.125,0.125,0.125,0.125,0.125
149,149.0,149.4,0.125,0.125,0.125,0.125,0.125,0.125,0.125,0.125
150,150.0,150.4,0.125,0.125,0.125,0.125,0.125,0.125,0.125,0.125
151,151.0,151.4,0.125,0.125,0.125,0.125,0.125,0.125,0.125,0.125
152,152.0,152.4,0.125,0.125,0.125,0.125,0.125,0.125,0.125,0.125
153,153.0,153.4,0.125,0.125,0.125,0.125,0.125,0.125,0.125,0.125
154,154.0,154.4,0.125,0.125,0.125,0.125,0.125,0.125,0.125,0.125
155,155.0,155.4,0.125,0.125,0.125,0.125,0.125,0.125,0.125,0.125
156,156.0,156.4,0.125,0.125,0.125,0.125,0.125,0.125,0.125,0.125
157,157.0,157.4,0.125,0.125,0.125,0.125,0.125,0.125,0.125,0.125
158,158.0,158.4,0.125,0.125,0.125,0.125,0.125,0.125,0.125,0.125
159,159.0,159.4,0.125,0.125,0.125,0.125,0.125,0.125,0.125,0.125
160,160.0,160.4,0.125,0.125,0.125,0.125,0.125,0.125,0.125,0.125
161,161.0,161.4,0.125,0.125,0.125,0.125,0.125,0.125,0.125,0.125
162,162.0,162.4,0.125,0.125,0.125,0.125,0.125,0.125,0.125,0.125
163,163.0,163.4,0.125,0.125,0.125,0.125,0.125,0.125,0.125,0.125
164,164.0,164.4,0.125,0.125,0.125,0.125,0.125,0.125,0.125,0.125
165,165.0,165.4,0.125,0.125,0.125,0.125,0.125,0.125,0.125,0.125
166,166.0,166.4,0.125,0.125,0.125,0.125,0.125,0.125,0.125,0.125
167,167.0,167.4,0.125,0.125,0.125,0.125,0.125,0.125,0.125,0.125
168,168.0,168.4,0.125,0.125,0.125,0.125,0.125,0.125,0.125,0.125
169,169.0,169.4,0.125,0.125,0.125,0.125,0.125,0.125,0.125,0.125
170,170.0,170.4,0.125,0.125,0.125,0.125,0.125,0.125,0.125,0.125
171,171.0,171.4,0.125,0.125,0.125,0.125,0.125,0.125,0.125,0.125
172,172.0,172.4,0.125,0.125,0.125,0.125,0.125,0.125,0.125,0.125
173,173.0,173.4,0.125,0.125,0.125,0.125,0.125,0.125,0.125,0.125
174,174.0,174.4,0.125,0.125,0.125,0.125,0.125,0.125,0.125,0.125
175,175.0,175.4,0.125,0.125,0.125,0.125,0.125,0.125,0.125,0.125
176,176.0,176.4,0.125,0.125,0.125,0.125,0.125,0.125,0.125,0.125
177,177.0,177.4,0.125,0.125,0.125,0.125,0.125,0.125,0.125,0.125
178,178.0,178.5,0.125,0.125,0.125,0.125,0.125,0.125,0.125,0.125
179,179.0,179.5,0.125,0.125,0.125,0.125,0.125,0.125,0.125,0.125
180,180.0,180.5,0.125,0.125,0.125,0.125,0.125,0.125,0.125,0.125
181,181.0,181.5,0.125,0.125,0.125,0.125,0.125,0.125,0.125,0.125
182,182.0,182.5,0.125,0.125,0.125,0.125,0.125,0.125,0.125,0.125
183,183.0,183.5,0.125,0.125,0.125,0.125,0.125,0.125,0.125,0.125
184,184.0,184.5,0.125,0.125,0.125,0.125,0.125,0.125,0.125,0.125
185,185.0,185.5,0.125,0.125,0.125,0.125,0.125,0.125,0.125,0.125
186,186.0,186.5,0.125,0.125,0.125,0.125,0.125,0.125,0.125,0.125
187,187.0,187.5,0.125,0.125,0.125,0.125,0.125,0.125,0.125,0.125
188,188.0,188.5,0.125,0.125,0.125,0.125,0.125,0.125,0.125,0.125
189,189.0,189.5,0.125,0.125,0.125,0.125,0.125,0.125,0.125,0.125
190,190.0,190.5,0.125,0.125,0.125,0.125,0.125,0.125,0.125,0.125
191,191.0,191.5,0.125,0.125,0.125,0.125,0.125,0.125,0.125,0.125
192,192.0,192.5,0.125,0.125,0.125,0.125,0.125,0.125,0.125,0.125
193,193.0,193.5,0.125,0.125,0.125,0.125,0.125,0.125,0.125,0.125
194,194.0,194.5,0.125,0.125,0.125,0.125,0.125,0.125,0.125,0.125
195,195.0,195.5,0.125,0.125,0.125,0.125,0.125,0.125,0.125,0.125
196,196.0,196.5,0.125,0.125,0.125,0.125,0.125,0.125,0.125,0.125
197,197.0,197.5,0.125,0.125,0.125,0.125,0.125,0.125,0.125,0.125
198,198.0,198.5,0.125,0.125,0.125,0.125,0.125,0.125,0.125,0.125
199,199.0,199.5,0.12361111111111112,0.12361111111111112,0.13472222222222224,0.12361111111111112,0.12361111111111112,0.12361111111111112,0.12361111111111112,0.12361111111111112
200,200.0,200.5,0.12083333333333332,0.12083333333333332,0.13194444444444445,0.12083333333333332,0.13194444444444445,0.12083333333333332,0.12083333333333332,0.13194444444444445
201,201.0,201.5,0.11972222222222222,0.11972222222222222,0.1308333333333333,0.11972222222222222,0.13972222222222222,0.11972222222222222,0.11972222222222222,0.1308333333333333
202,202.0,202.5,0.11861111111111111,0.11861111111111111,0.1297222222222222,0.11861111111111111,0.1386111111111111,0.1286111111111111,0.11861111111111111,0.1286111111111111
203,203.0,203.5,0.11861111111111111,0.11861111111111111,0.1297222222222222,0.11861111111111111,0.1386111111111111,0.1286111111111111,0.11861111111111111,0.1286111111111111
204,204.0,204.5,0.11770202020202021,0.1267929292929293,0.12881313131313132,0.11770202020202021,0.13588383838383838,0.1277020202020202,0.11770202020202021,0.1277020202020202
205,205.0,205.5,0.11679292929292928,0.12588383838383838,0.1279040404040404,0.11679292929292928,0.13497474747474747,0.12588383838383838,0.12588383838383838,0.12588383838383838
206,206.0,206.5,0.11603535353535355,0.12512626262626264,0.12714646464646467,0.11603535353535355,0.14255050505050504,0.12436868686868685,0.12436868686868685,0.12436868686868685
207,207.0,207.5,0.11539432789432791,0.11539432789432791,0.126505439005439,0.12448523698523699,0.14126845376845376,0.1307789432789433,0.12308663558663557,0.12308663558663557
208,208.0,208.5,0.1126984126984127,0.1126984126984127,0.12380952380952379,0.12103174603174602,0.14761904761904762,0.12698412698412698,0.11984126984126983,0.1353174603174603
209,209.0,209.5,0.11094627594627596,0.11094627594627596,0.12205738705738704,0.12863858363858363,0.14347374847374847,0.13292429792429789,0.11808913308913307,0.13292429792429789
210,210.0,210.5,0.10853174603174602,0.10853174603174602,0.11964285714285712,0.12567460317460316,0.1505952380952381,0.1290079365079365,0.11519841269841269,0.14281746031746032
211,211.0,211.5,0.10720598845598846,0.10720598845598846,0.12740800865800866,0.12343975468975468,0.14794372294372296,0.1268488455988456,0.11345598845598848,0.14649170274170273
212,212.0,212.5,0.10609487734487735,0.10609487734487735,0.12629689754689755,0.12232864357864356,0.15572150072150073,0.12573773448773448,0.11948773448773449,0.1382377344877345
213,213.0,213.5,0.10609487734487735,0.10609487734487735,0.12629689754689755,0.12232864357864356,0.14947150072150073,0.1319877344877345,0.11948773448773449,0.1382377344877345
214,214.0,214.5,0.10470756154899377,0.11488542716164199,0.12382262522927485,0.1135481412591387,0.14821876049497534,0.12902128703918986,0.11834353767857606,0.14745265958820947
215,215.0,215.5,0.10438076416337286,0.11455862977602105,0.12905138339920946,0.11322134387351776,0.14789196310935443,0.1277140974967062,0.11768994290733421,0.14549187527448398
216,216.0,216.5,0.10242169983588745,0.11184198969095993,0.13437567898666294,0.12035318863694149,0.15002380787277808,0.1301409980815015,0.10877181425236342,0.142070822642905
217,217.0,217.5,0.1011008496334583,0.10988011384750514,0.1392019272997534,0.11861567176784567,0.15306193202932333,0.1323508496334583,0.10718780615519745,0.1386008496334583
218,218.0,218.5,0.10031330384591253,0.1085431175105088,0.14128983938766546,0.12497098312315702,0.15172493569232698,0.13037282765543634,0.10616216512955641,0.13662282765543635
219,219.0,219.5,0.10464230817491686,0.11741757638496768,0.1406404887383148,0.11566362381579771,0.15150848547587675,0.12907412635673504,0.10572926469665597,0.13532412635673502
220,220.0,220.5,0.1042470512579208,0.1243628050693268,0.1400476033628207,0.11546599535729966,0.1441679998745216,0.1322361816927034,0.10533400777965993,0.13413835560574688
221,221.0,221.5,0.10388473241734109,0.12418164564903693,0.13950412510195118,0.11528483593700982,0.14398684045423174,0.13096806575067443,0.10497168893908022,0.13721806575067444
222,222.0,222.5,0.10388473241734109,0.1313245027918941,0.13236126795909403,0.11528483593700982,0.14398684045423174,0.13096806575067443,0.10497168893908022,0.13721806575067444
223,223.0,223.5,0.10388473241734109,0.1313245027918941,0.13236126795909403,0.11528483593700982,0.14398684045423174,0.13096806575067443,0.10497168893908022,0.13721806575067444
224,224.0,224.5,0.10388473241734109,0.1313245027918941,0.13236126795909403,0.11528483593700982,0.14398684045423174,0.13096806575067443,0.10497168893908022,0.13721806575067444
225,225.0,225.5,0.10388473241734109,0.1313245027918941,0.13236126795909403,0.11528483593700982,0.14398684045423174,0.13096806575067443,0.10497168893908022,0.13721806575067444
226,226.0,226.5,0.10513990840077794,0.1323985193550411,0.1337976033628207,0.11725170964301394,0.13434657130309302,0.14551257920823135,0.10187903883556056,0.12967406989146119
227,227.0,227.5,0.10477758956019823,0.1231264508438421,0.13742079176861782,0.1170705502227241,0.13416541188280315,0.1531542129368216,0.10169787941527068,0.12858711336972203
228,228.0,228.5,0.10477758956019823,0.1231264508438421,0.13742079176861782,0.1170705502227241,0.13416541188280315,0.1531542129368216,0.10169787941527068,0.12858711336972203
229,229.0,229.5,0.1044442562268649,0.12295978417717546,0.13675412510195115,0.11690388355605744,0.1339987452161365,0.15582087960348828,0.10153121274860404,0.12758711336972203
230,230.0,230.5,0.10468601446862316,0.12335538857277986,0.1366881910360171,0.12693984759202148,0.11871003392742521,0.1599307697133784,0.10192681714420844,0.1277629375455462
231,231.0,231.5,0.10246277474538341,0.13238571010310138,0.13418005102787708,0.12430960746178135,0.1160797937971851,0.15917273145534014,0.09984602756341886,0.1315633038459125
232,232.0,232.5,0.1086532509358596,0.1319095196269109,0.13370386055168662,0.1233572265094004,0.11512741284480414,0.15774416002676872,0.09936983708722838,0.13013473241734108
233,233.0,233.5,0.11670880649141516,0.12927063073802203,0.13217608277390883,0.12141278206495595,0.11318296840035968,0.15429609239391845,0.1040920593094506,0.1288605778279691
234,234.0,234.5,0.11658024174153203,0.12913037828360407,0.13205920572856056,0.12233611072320746,0.11304271594594176,0.1541792153485702,0.10395180685503265,0.12872032537355116
235,235.0,235.5,0.11449750965879994,0.13627083042405622,0.13062101429036913,0.12129474468184145,0.1120013499045757,0.1553865265558814,0.1029104408136666,0.12701758367080945
236,236.0,236.5,0.11273605272492923,0.14220828377530265,0.1328191035574239,0.12041401621490608,0.11112062143764034,0.15315111828599035,0.10202971234673124,0.12552109165707606
237,237.0,237.5,0.11443162038906718,0.13939197032282138,0.13148897497301748,0.11949790162556118,0.11022738490823596,0.15870869969274223,0.10113647581732688,0.1251169722712276
238,238.0,238.5,0.12210104773591388,0.13708664124329872,0.13040189001496477,0.11884092419439021,0.109570407477065,0.14722856692228686,0.10762235552901303,0.12714816688306735
239,239.0,239.5,0.1313224379048847,0.12508107288692394,0.13346928632832886,0.11278773679039636,0.11066007721592827,0.15033436569340822,0.10871202526787631,0.1276329979122532
240,240.0,240.5,0.1310383469957938,0.12498637591722697,0.13299580147984402,0.11269303982069938,0.1105653802462313,0.15213360811765064,0.10861732829817934,0.12697011912437442
241,241.0,241.5,0.1310383469957938,0.12498637591722697,0.13299580147984402,0.11269303982069938,0.1105653802462313,0.15213360811765064,0.10861732829817934,0.12697011912437442
242,242.0,242.5,0.1307709673166494,0.12489724935751216,0.1354913451518583,0.11260391326098458,0.1104762536865165,0.1508858362816435,0.10852820173846453,0.12634623320637087
243,243.0,243.5,0.12981858636426843,0.12299248745275024,0.14168182134233448,0.1121277227847941,0.11000006321032603,0.14993345532926255,0.10757582078608359,0.12587004273018038
244,244.0,244.5,0.1273442633017101,0.11985289828374932,0.14181254029658283,0.11023813361579318,0.1081104740413251,0.15764587362991617,0.111519564950416,0.12347625188050719
245,245.0,245.5,0.1263708739459678,0.11830294496909013,0.14329946840115798,0.10979112147760457,0.1076634619031365,0.16168182134233444,0.11033725869458033,0.12255304926612809
246,246.0,246.5,0.12133795641305027,0.11967017758632274,0.1468438781955678,0.10490835409483719,0.1104730022126768,0.16495769336820648,0.12083910669642832,0.11096983143291025
247,247.0,247.5,0.12133795641305027,0.11967017758632274,0.1468438781955678,0.10490835409483719,0.1104730022126768,0.16495769336820648,0.12083910669642832,0.11096983143291025
248,248.0,248.5,0.12068436164180844,0.11836298804383909,0.14619028342432597,0.11013711226477182,0.11014620482705587,0.16397730121134374,0.11985871453956558,0.11064303404728934
249,249.0,249.5,0.1204709903758056,0.11829186428850483,0.14555016962631742,0.11006598850943754,0.11007508107172159,0.16561314758403217,0.11978759078423129,0.11014516775994936
250,250.0,250.5,0.12090958686703368,0.11886541354626456,0.14558390781795033,0.11063953776719733,0.11128965597050702,0.15242151465555717,0.12164319132404236,0.11864719205144736
251,251.0,251.5,0.12007625353370036,0.1181602853411364,0.14372493345897597,0.10993440956206912,0.10994350212435318,0.1532548479888905,0.11965601183686288,0.12524975615401143
252,252.0,252.5,0.1193438761549815,0.12469271632478689,0.1445162762625139,0.10932398340286247,0.10878362541569597,0.15166881207358632,0.11794668457875512,0.12372402578681765
253,253.0,253.5,0.1103601363175831,0.12368226336311441,0.15798317521721775,0.10878972091738046,0.10777317245402351,0.15258634982039235,0.11646004114089219,0.12236514076939606
254,254.0,254.5,0.11216569187313867,0.11396004114089217,0.16520539743943996,0.10392860980626936,0.1080509502318013,0.14883634982039234,0.12521004114089218,0.12264291854717384
255,255.0,255.5,0.1188493268655972,0.11194269574119384,0.1618117322810689,0.1029199371064202,0.10667463047312857,0.1454467247395908,0.1293484272645724,0.12300652552842788
256,256.0,256.5,0.11758431280988546,0.1107884236566892,0.16675252791953898,0.1023151155713661,0.10606980893807447,0.14628154883022887,0.12874360572951832,0.12146465654469843
257,257.0,257.5,0.12230670282297315,0.10894985524835335,0.1634858914552281,0.10136940430588741,0.10512409767259578,0.15254337808624416,0.12654789446403963,0.11967277594467832
258,258.0,258.5,0.120905187671458,0.10806601686451497,0.16756417428351095,0.1009022325887157,0.10465692595542406,0.15338933768220375,0.1260807227468679,0.11843540220730457
259,259.0,259.5,0.12076026013522612,0.10801770768577101,0.1670810824960713,0.10085392340997172,0.10460861677668012,0.1545970671508028,0.12603241356812395,0.11804892877735287
260,260.0,260.5,0.12145483306152893,0.10880478755009418,0.16957954071377096,0.1012243366076282,0.10497902997433659,0.15487574430158907,0.12098616009911378,0.11809556769193814
261,261.0,261.5,0.12099505695250375,0.10810686653771759,0.16778476251880506,0.10085321298087253,0.10428110896196001,0.15570142918547172,0.11963464431549538,0.12264291854717384
262,262.0,262.5,0.12016172361917041,0.10727353320438426,0.1732014291854717,0.10043654631420589,0.10386444229529335,0.15445142918547172,0.11838464431549536,0.12222625188050718
263,263.0,263.5,0.12530878244269983,0.10653823908673718,0.17418182134233445,0.10006889925538236,0.10349679523646982,0.15126515467566778,0.11728170313902478,0.12185860482168365
264,264.0,264.5,0.12420083926542891,0.1113976828642482,0.17269122510383905,0.0996995848629587,0.10312748084404619,0.1514327217024785,0.11625879397535929,0.12119167138164096
265,265.0,265.5,0.12320119730338093,0.11047967355526145,0.17132423620301557,0.09936637087560939,0.10279426685669686,0.15492072743108573,0.12089634022192812,0.11701718755302182
266,266.0,266.5,0.11094398659183587,0.11195080424775436,0.16572150671715913,0.10021390732608701,0.10334940564635578,0.16137920299405045,0.12004797023965721,0.12639321623710004
267,267.0,267.5,0.1098534208108676,0.11067249535334638,0.16802591025995278,0.09967494680260636,0.10254728722813829,0.1659563131903557,0.11798018766103871,0.12528943869369397
268,268.0,268.5,0.10909521675077674,0.109986860233749,0.16839503798757108,0.09942221211590939,0.10229455254144133,0.1687651395840878,0.11729455254144132,0.12474642824502316
269,269.0,269.5,0.10850233137528267,0.11374180094521144,0.16740689569508094,0.09922458365741137,0.10209692408294331,0.16777699729159765,0.11170166716594725,0.12954879978652514
270,270.0,270.5,0.10815941433425243,0.11323066986804264,0.16785213878183347,0.0989515478183378,0.1015857930057745,0.16622413715383183,0.11071434561258794,0.13328195342533916
271,271.0,271.5,0.10088290936117021,0.1179823316779838,0.170649386845039,0.09971690145603188,0.10198962872875914,0.16617386236951448,0.10954891726630853,0.1330560622951927
272,272.0,272.5,0.10058787830526958,0.11755460722852022,0.1692066990980034,0.09948680546506632,0.10156190427929557,0.16911711476928865,0.10872593589984891,0.1337590549547071
273,273.0,273.5,0.10031273392257374,0.11716096006713853,0.16786230550532605,0.09927431772397446,0.10116825711791386,0.16936365503299136,0.1079699698978875,0.13688780073219428
274,274.0,274.5,0.0995058726048231,0.12284133474388344,0.1666812859803864,0.09852795247397944,0.10025522520125218,0.1713610889360514,0.10672360464789248,0.13410363541173134
275,275.0,275.5,0.09894201409824105,0.1213835406385148,0.16481437439985705,0.09802253932099177,0.09974981204826448,0.17848669078403784,0.10621819149490482,0.13238283721518798
276,276.0,276.5,0.09844060166886252,0.1263552920509442,0.16480731225296438,0.09757762406675449,0.09930489679402721,0.17689064558629775,0.10577327624066753,0.13085035133948175
277,277.0,277.5,0.09791910845619284,0.13045936444913422,0.16678129415341686,0.0970561308540848,0.09862955742751137,0.17538612069941992,0.10479024456645938,0.1289781793937804
278,278.0,278.5,0.09791910845619284,0.13045936444913422,0.16678129415341686,0.0970561308540848,0.09862955742751137,0.17538612069941992,0.10479024456645938,0.1289781793937804
279,279.0,279.5,0.09791910845619284,0.13045936444913422,0.16678129415341686,0.0970561308540848,0.09862955742751137,0.17538612069941992,0.10479024456645938,0.1289781793937804
280,280.0,280.5,0.09831436537318888,0.12305589835001596,0.167769436445907,0.09725375931258282,0.09882718588600939,0.1809197175373646,0.1008376753964989,0.13302196169843225
281,281.0,281.5,0.09817191523073873,0.12291344820756582,0.16691473559120615,0.09711130917013268,0.0985422856011091,0.18020746682511385,0.10397157853040204,0.1321672608437314
282,282.0,282.5,0.0988239538239538,0.13336940836940836,0.1551406926406926,0.09776334776334775,0.09906204906204903,0.17801948051948052,0.10409451659451656,0.1337265512265512
283,283.0,283.5,0.09820216723481277,0.1324234787102226,0.15973275005567258,0.10064448184501887,0.09837175457229158,0.17612619267862342,0.1030347639766803,0.1314644109266777
284,284.0,284.5,0.09764025453778771,0.1297085657332336,0.16572120637111148,0.10002050869223544,0.09774778141950816,0.17435498246219308,0.10206596323768997,0.13274073754624036
285,285.0,285.5,0.0973134571521668,0.13297653958944278,0.16506761159986966,0.0996937113066145,0.09742098403388723,0.17402818507657217,0.10173916585206906,0.1317603453893776
286,286.0,286.5,0.10156651403680264,0.1359005161976299,0.1615502649585841,0.0994013136457958,0.09712858637306851,0.17373578741575343,0.10144676819125034,0.12927024918111502
287,287.0,287.5,0.10148970912128805,0.13587491455912504,0.16265113541429327,0.09937571200729092,0.09710298473456365,0.17304454317612208,0.10142116655274547,0.12903983443457126
288,288.0,288.5,0.10141530435938328,0.13585011297182345,0.16215510366826152,0.09935091041998935,0.09707818314726206,0.17727073365231255,0.10139636496544388,0.12548328681552365
289,289.0,289.5,0.10163255296180766,0.14406242194340077,0.16326998486620287,0.09958707896972632,0.09728822839501368,0.17625492107694554,0.10449657436865445,0.11340823741824853
290,290.0,290.5,0.10156262289187759,0.14403911192009075,0.1642956258918439,0.0995637689464163,0.09726491837170366,0.17560224042426487,0.10447326434534443,0.11319844720845831
291,291.0,291.5,0.10149478028672154,0.14401649771837208,0.16379811345403295,0.09954115474469763,0.09724230416998499,0.1764615800895747,0.10445065014362573,0.11299491939299018
292,292.0,292.5,0.10037306563717577,0.14678831249701907,0.1622727317301696,0.09970632141101225,0.10192619456111798,0.17594534551641472,0.10003026603353153,0.1129577626135589
293,293.0,293.5,0.099686622389455,0.14602167678738973,0.1611776661551347,0.09932157720806087,0.10251997800766108,0.17898711215952023,0.09968561806153445,0.11259974923124369
294,294.0,294.5,0.09915923945335707,0.1454159239453357,0.16081253713606652,0.09917260843731429,0.09886957813428399,0.18252079619726677,0.10000594177064763,0.11404337492572787
295,295.0,295.5,0.09825931491081794,0.15114757835016496,0.15874924719077319,0.09849849034638805,0.09813632025841153,0.1801423770310717,0.09890171615283969,0.11616495575953278
296,296.0,296.5,0.10142508532504908,0.1475605977526963,0.15833194774296624,0.09794729574722323,0.0974440476361462,0.1783107203295677,0.10338882594591184,0.11559147952043927
297,297.0,297.5,0.10054934691199721,0.14908842592231553,0.14553488300560297,0.09754413616495916,0.09689843791143199,0.17779236361718115,0.10274757112555252,0.12984483534095922
298,298.0,298.5,0.10054934691199721,0.14908842592231553,0.14553488300560297,0.09754413616495916,0.09689843791143199,0.17779236361718115,0.10274757112555252,0.12984483534095922
299,299.0,299.5,0.10054934691199721,0.1538503306842203,0.14447668194740193,0.09754413616495916,0.09689843791143199,0.1740886599134774,0.10274757112555252,0.12984483534095922
300,300.0,300.5,0.10349018597562729,0.15079926634758797,0.14466092770744995,0.10864618979354304,0.10127673006034583,0.17254222854072357,0.10244457408136005,0.11613989749336211
301,301.0,301.5,0.1086213770645748,0.1480176691782582,0.14386860996257908,0.10824438534817216,0.1006903588074696,0.1730582472693272,0.10188432613046919,0.11561502623914963
302,302.0,302.5,0.10351440674021317,0.14867674440255083,0.15532595540660052,0.10582029977191265,0.09919622492203135,0.17614485872550384,0.09716438579341803,0.11415712423776939
303,303.0,303.5,0.10442835548645406,0.14932736316891243,0.1539908669186838,0.10943189947767411,0.09874196441273905,0.1746488044428185,0.09630689947767412,0.11312384661504378
304,304.0,304.5,0.11075499781117756,0.148932859899152,0.1527759213321011,0.10904418989250449,0.09846171992801203,0.17220565202587673,0.09567340337565056,0.1121512557355254
305,305.0,305.5,0.11040076603493201,0.14855425790075266,0.15298442814236526,0.10867212937478851,0.09819127036451772,0.17084809415671623,0.09912370394401014,0.11122535008191733
306,306.0,306.5,0.10582256645673245,0.14858533793183268,0.16015947531741243,0.1102544359570951,0.09712344929669665,0.16981690312552516,0.09806809288839909,0.1101697390263063
307,307.0,307.5,0.0982904808952351,0.15432776217425692,0.15805341471135184,0.10907261777527691,0.09253254020578756,0.17755932736794938,0.09764385046415666,0.11252000640598543
308,308.0,308.5,0.09749137499137497,0.15348164598164596,0.1564491739491739,0.11529629529629526,0.09464611214611211,0.17509666759666756,0.09648011148011146,0.11105861855861851
309,309.0,309.5,0.09739895289895287,0.1534252599252599,0.15514402264402263,0.11759817959817957,0.09434319384319381,0.17408256558256552,0.09604491804491802,0.11196290746290742
310,310.0,310.5,0.09918062931220824,0.15238488120067065,0.16272129916866757,0.11575523891313363,0.09358490924280395,0.17274700445753072,0.0954189085768033,0.10820712912818173
311,311.0,311.5,0.09861966577483816,0.15530636987533536,0.16273072712727882,0.1153686926100719,0.09332151564910182,0.17156733113629663,0.09527866769246075,0.10780703013461632
312,312.0,312.5,0.09813639904157143,0.15485640317536867,0.16688116002771175,0.11410204259342187,0.09288819896578515,0.16976788058684605,0.09770249386628695,0.10566542174300793
313,313.0,313.5,0.09737844116838647,0.1557975689633327,0.16516458436791195,0.12115094014660091,0.09217892658432363,0.16740717677919514,0.09642972942133336,0.1044926325689157
314,314.0,314.5,0.09428203643720881,0.1516094886784542,0.16619661559316729,0.1219232154145947,0.10141326249084867,0.1639584722774378,0.09956707823087133,0.10104983087741706
315,315.0,315.5,0.09384739126572156,0.15117484350696692,0.1641656372463995,0.12054025350531701,0.10097861731936139,0.1678465709023785,0.09848441662189392,0.10296226963196106
316,316.0,316.5,0.09344928060445298,0.15077673284569834,0.16987413927069098,0.11928519277657205,0.10058050665809284,0.16632160464057014,0.09748576614955926,0.10222677705436325
317,317.0,317.5,0.09300382123494298,0.15662848423542441,0.16940340981261975,0.11772897648934313,0.10008757893415246,0.16530020749575527,0.09629178022456066,0.10155574157320117
318,318.0,318.5,0.09632102345458424,0.15425785576723497,0.16866137858278366,0.1171492242632494,0.09983335258236513,0.16474110309518744,0.0980394250819616,0.10099663717263334
319,319.0,319.5,0.09595857401728197,0.1554963915516076,0.1679575057805088,0.11660555010729605,0.09959405585442248,0.16659239870173956,0.09732854358891022,0.1004669803982331
320,320.0,320.5,0.09473672093496377,0.1542745384692894,0.1686182662087111,0.11532832603937429,0.09726109166099317,0.16503831970580013,0.10577446459297075,0.0989682723878972
321,321.0,321.5,0.09569893327488262,0.15728272782070246,0.17087490638756458,0.10757101759000491,0.10141661643560376,0.1623500739766562,0.1038552888742762,0.10095043564030903
322,322.0,322.5,0.09554879350040638,0.15849798051410952,0.17248760021340664,0.10726466544208477,0.10132531805112448,0.16149603622184264,0.1036564636080765,0.09972314244894889
323,323.0,323.5,0.09534718059718057,0.15960685148185144,0.17238679376179375,0.10696224608724605,0.10122451159951158,0.16139522977022974,0.09436394161394161,0.10871324508824506
324,324.0,324.5,0.09533096790691725,0.16109225163022628,0.17953209308272597,0.10761430763329496,0.1013516813706687,0.15173360184119675,0.09463450965349698,0.10871058688147295
325,325.0,325.5,0.09336141306595337,0.162535494889475,0.18845293330041982,0.10671977603630096,0.10129683448476845,0.148091117786264,0.09224398431016725,0.10729844612665092
326,326.0,326.5,0.09314049171644105,0.16335415639213105,0.1900602316108645,0.10630911282810016,0.10110709262607993,0.1475842511918461,0.09170593822492554,0.10673872540961145
327,327.0,327.5,0.09276531134126068,0.16379427183224649,0.19406054213016238,0.10520521672420405,0.10081127733026463,0.14580616289477044,0.09111430763329495,0.10644291011379614
328,328.0,328.5,0.09261516119111052,0.1619173949553696,0.1939854670550873,0.10768269420168153,0.10073620225518956,0.14573108781969538,0.09096415748314479,0.10636783503872108
329,329.0,329.5,0.09261516119111052,0.1619173949553696,0.1939854670550873,0.10768269420168153,0.10073620225518956,0.1469969106045055,0.09096415748314479,0.10510201225391096
330,330.0,330.5,0.09266009516009513,0.16480490230490225,0.1960594848094848,0.10799154674154672,0.09855587730587728,0.14735638235638232,0.08900320775320773,0.10356850356850353
331,331.0,331.5,0.09179889340106055,0.16532582570508264,0.19540012576003288,0.10744561381171287,0.09933442675315737,0.14676238278405457,0.08971639772336365,0.10421633406153527
332,332.0,332.5,0.0917983115076138,0.16156122301471137,0.20193316696223668,0.10786367056715893,0.09930556200905036,0.1481674785163157,0.08515575832436295,0.10421482909855
333,333.0,333.5,0.09270738243806939,0.16195099471696633,0.20061929422661842,0.10725196492103735,0.10014633131379988,0.1493585081990588,0.08452824183845299,0.10343728234599656
334,334.0,334.5,0.09263210390750631,0.1619208833047411,0.20137207953224925,0.10723690921492475,0.10013127560768727,0.14887672560345505,0.08451318613234039,0.10331683669709564
335,335.0,335.5,0.09146266212390054,0.1603539980888697,0.20246430716943728,0.1053549372345102,0.09756642959074015,0.14959412481703416,0.09179682496387812,0.10140671601162968
336,336.0,336.5,0.09029077797980993,0.1652885882985592,0.20195957587627716,0.10417765104304362,0.09883356983689345,0.15013504982761317,0.09101523874270029,0.098299548395103
337,337.0,337.5,0.08927094509951193,0.1641902292932234,0.20099511398158265,0.10304707619153855,0.09781373695659544,0.15729703512913332,0.09005077684800582,0.09733508650040855
338,338.0,338.5,0.08847646144194635,0.1591376474120424,0.2061158932571756,0.09747522573723333,0.09888844430161471,0.16097019338381355,0.0908193815813892,0.09811675288478462
339,339.0,339.5,0.08813054831840061,0.15870235737327704,0.20874882018136215,0.09666492311415308,0.09956398163772168,0.16071976006566385,0.08174640160430678,0.10572320770511452
340,340.0,340.5,0.087630084763952,0.16004711218097942,0.2129056914354397,0.09567958928942907,0.09900853087924023,0.15888364686419604,0.0809782278489372,0.10486711673782612
341,341.0,341.5,0.08644010436849309,0.16380938541424472,0.2137302694463819,0.09464485003487556,0.09840088868221858,0.15674726807719133,0.0823051486734351,0.10392208530315945
342,342.0,342.5,0.08705480829957074,0.1651487270264818,0.21383824092808146,0.0950241752014348,0.10053074412844776,0.15689943731816722,0.0826443875001855,0.09885947959763053
343,343.0,343.5,0.08782706602950656,0.17039621812619307,0.21333583014121188,0.095570947269946,0.10130300185838356,0.14904661445493733,0.0831526150111882,0.09936770710863323
344,344.0,344.5,0.08572426686788387,0.16844911294379378,0.2128192552128722,0.09561603290326694,0.10022476636838337,0.14633781998143697,0.09120191864872713,0.09962682707363554
345,345.0,345.5,0.08542991032928181,0.17003419829793825,0.21119898019757893,0.09510146988742514,0.09986492544204628,0.14828988475383423,0.09087791145387594,0.09920271963801916
346,346.0,346.5,0.08517389505075709,0.16935519037458807,0.21313452818213827,0.09457678914162675,0.10162809382772406,0.14722541303229328,0.0903395168133406,0.09856657357753165
347,347.0,347.5,0.08499458306934865,0.16986951591234126,0.21509385505643253,0.09423009039797534,0.1014463610704672,0.14633125344383885,0.08995710378397491,0.09807723726562118
348,348.0,348.5,0.0858689303374254,0.15713923425703236,0.22025564413719864,0.09374981592717123,0.11020402004595609,0.14572019556838942,0.08946529360760512,0.09759686611922164
349,349.0,349.5,0.0856744041162211,0.15657442061514867,0.21944810975295653,0.09524613301719095,0.10988069247218386,0.14513031178991465,0.09091311721977889,0.09713281101660518
350,350.0,350.5,0.08556136526000946,0.16140436421507737,0.21870726999026968,0.09094748636427422,0.1096799343177266,0.14652268059290907,0.09045497804018987,0.09672192121954358
351,351.0,351.5,0.08620649759297003,0.16178826207804062,0.22059382712113731,0.09141262507299391,0.10205733781594803,0.1491859539833756,0.09076689140724813,0.09798860492828623
352,352.0,352.5,0.08617282755929999,0.1617545920443706,0.21998776651507668,0.09127794493831379,0.102023667782278,0.1487819135793352,0.09046386110421784,0.09953742647710778
353,353.0,353.5,0.08792607431254676,0.16172212451190307,0.21940335093066113,0.09114807480844364,0.10199120024981048,0.1483923031897248,0.09017165331201005,0.09924521868489998
354,354.0,354.5,0.08705406579489965,0.16185697816035738,0.22149397945460905,0.09107815551498774,0.09201526591876057,0.1460637252013388,0.09097602024959565,0.10946180970545094
355,355.0,355.5,0.08717867345686892,0.1597968791859769,0.22603830693116406,0.09152928212138735,0.09221077481415826,0.1429590584853742,0.09094747044935013,0.10933955455571993
