Total_iterations,Unnamed: 0.1,Intertwine_two,Add_vertex,Delete_vertex,Invert_path_vertices,Insert_inside_vertex,Delete_inside_vertex,Replace_inside_vertex,Donate_between_routes
0,0.0,0.125,0.125,0.125,0.125,0.125,0.125,0.125,0.125
1,1.0,0.125,0.125,0.125,0.125,0.125,0.125,0.125,0.125
2,2.0,0.125,0.125,0.125,0.125,0.125,0.125,0.125,0.125
3,3.0,0.125,0.125,0.125,0.125,0.125,0.125,0.125,0.125
4,4.0,0.125,0.125,0.125,0.125,0.125,0.125,0.125,0.125
5,5.0,0.125,0.125,0.125,0.125,0.125,0.125,0.125,0.125
6,6.0,0.125,0.125,0.125,0.125,0.125,0.125,0.125,0.125
7,7.0,0.125,0.125,0.125,0.125,0.125,0.125,0.125,0.125
8,8.0,0.125,0.125,0.125,0.125,0.125,0.125,0.125,0.125
9,9.0,0.125,0.125,0.125,0.125,0.125,0.125,0.125,0.125
10,10.0,0.125,0.125,0.125,0.125,0.125,0.125,0.125,0.125
11,11.0,0.125,0.125,0.125,0.125,0.125,0.125,0.125,0.125
12,12.0,0.125,0.125,0.125,0.125,0.125,0.125,0.125,0.125
13,13.0,0.125,0.125,0.125,0.125,0.125,0.125,0.125,0.125
14,14.0,0.125,0.125,0.125,0.125,0.125,0.125,0.125,0.125
15,15.0,0.125,0.125,0.125,0.125,0.125,0.125,0.125,0.125
16,16.0,0.125,0.125,0.125,0.125,0.125,0.125,0.125,0.125
17,17.0,0.125,0.125,0.125,0.125,0.125,0.125,0.125,0.125
18,18.0,0.125,0.125,0.125,0.125,0.125,0.125,0.125,0.125
19,19.0,0.125,0.125,0.125,0.125,0.125,0.125,0.125,0.125
20,20.0,0.125,0.125,0.125,0.125,0.125,0.125,0.125,0.125
21,21.0,0.125,0.125,0.125,0.125,0.125,0.125,0.125,0.125
22,22.0,0.125,0.125,0.125,0.125,0.125,0.125,0.125,0.125
23,23.0,0.125,0.125,0.125,0.125,0.125,0.125,0.125,0.125
24,24.0,0.125,0.125,0.125,0.125,0.125,0.125,0.125,0.125
25,25.0,0.125,0.125,0.125,0.125,0.125,0.125,0.125,0.125
26,26.0,0.125,0.125,0.125,0.125,0.125,0.125,0.125,0.125
27,27.0,0.125,0.125,0.125,0.125,0.125,0.125,0.125,0.125
28,28.0,0.125,0.125,0.125,0.125,0.125,0.125,0.125,0.125
29,29.0,0.125,0.125,0.125,0.125,0.125,0.125,0.125,0.125
30,30.0,0.125,0.125,0.125,0.125,0.125,0.125,0.125,0.125
31,31.0,0.125,0.125,0.125,0.125,0.125,0.125,0.125,0.125
32,32.0,0.125,0.125,0.125,0.125,0.125,0.125,0.125,0.125
33,33.0,0.125,0.125,0.125,0.125,0.125,0.125,0.125,0.125
34,34.0,0.125,0.125,0.125,0.125,0.125,0.125,0.125,0.125
35,35.0,0.125,0.125,0.125,0.125,0.125,0.125,0.125,0.125
36,36.0,0.125,0.125,0.125,0.125,0.125,0.125,0.125,0.125
37,37.0,0.125,0.125,0.125,0.125,0.125,0.125,0.125,0.125
38,38.0,0.125,0.125,0.125,0.125,0.125,0.125,0.125,0.125
39,39.0,0.125,0.125,0.125,0.125,0.125,0.125,0.125,0.125
40,40.0,0.125,0.125,0.125,0.125,0.125,0.125,0.125,0.125
41,41.0,0.125,0.125,0.125,0.125,0.125,0.125,0.125,0.125
42,42.0,0.125,0.125,0.125,0.125,0.125,0.125,0.125,0.125
43,43.0,0.125,0.125,0.125,0.125,0.125,0.125,0.125,0.125
44,44.0,0.125,0.125,0.125,0.125,0.125,0.125,0.125,0.125
45,45.0,0.125,0.125,0.125,0.125,0.125,0.125,0.125,0.125
46,46.0,0.125,0.125,0.125,0.125,0.125,0.125,0.125,0.125
47,47.0,0.125,0.125,0.125,0.125,0.125,0.125,0.125,0.125
48,48.0,0.125,0.125,0.125,0.125,0.125,0.125,0.125,0.125
49,49.0,0.125,0.125,0.125,0.125,0.125,0.125,0.125,0.125
50,50.0,0.125,0.125,0.125,0.125,0.125,0.125,0.125,0.125
51,51.0,0.125,0.125,0.125,0.125,0.125,0.125,0.125,0.125
52,52.0,0.125,0.125,0.125,0.125,0.125,0.125,0.125,0.125
53,53.0,0.125,0.125,0.125,0.125,0.125,0.125,0.125,0.125
54,54.0,0.125,0.125,0.125,0.125,0.125,0.125,0.125,0.125
55,55.0,0.125,0.125,0.125,0.125,0.125,0.125,0.125,0.125
56,56.0,0.125,0.125,0.125,0.125,0.125,0.125,0.125,0.125
57,57.0,0.125,0.125,0.125,0.125,0.125,0.125,0.125,0.125
58,58.0,0.125,0.125,0.125,0.125,0.125,0.125,0.125,0.125
59,59.0,0.125,0.125,0.125,0.125,0.125,0.125,0.125,0.125
60,60.0,0.125,0.125,0.125,0.125,0.125,0.125,0.125,0.125
61,61.0,0.125,0.125,0.125,0.125,0.125,0.125,0.125,0.125
62,62.0,0.125,0.125,0.125,0.125,0.125,0.125,0.125,0.125
63,63.0,0.125,0.125,0.125,0.125,0.125,0.125,0.125,0.125
64,64.0,0.125,0.125,0.125,0.125,0.125,0.125,0.125,0.125
65,65.0,0.125,0.125,0.125,0.125,0.125,0.125,0.125,0.125
66,66.0,0.125,0.125,0.125,0.125,0.125,0.125,0.125,0.125
67,67.0,0.125,0.125,0.125,0.125,0.125,0.125,0.125,0.125
68,68.0,0.125,0.125,0.125,0.125,0.125,0.125,0.125,0.125
69,69.0,0.125,0.125,0.125,0.125,0.125,0.125,0.125,0.125
70,70.0,0.125,0.125,0.125,0.125,0.125,0.125,0.125,0.125
71,71.0,0.125,0.125,0.125,0.125,0.125,0.125,0.125,0.125
72,72.0,0.125,0.125,0.125,0.125,0.125,0.125,0.125,0.125
73,73.0,0.125,0.125,0.125,0.125,0.125,0.125,0.125,0.125
74,74.0,0.125,0.125,0.125,0.125,0.125,0.125,0.125,0.125
75,75.0,0.125,0.125,0.125,0.125,0.125,0.125,0.125,0.125
76,76.0,0.125,0.125,0.125,0.125,0.125,0.125,0.125,0.125
77,77.0,0.125,0.125,0.125,0.125,0.125,0.125,0.125,0.125
78,78.0,0.125,0.125,0.125,0.125,0.125,0.125,0.125,0.125
79,79.0,0.125,0.125,0.125,0.125,0.125,0.125,0.125,0.125
80,80.0,0.125,0.125,0.125,0.125,0.125,0.125,0.125,0.125
81,81.0,0.125,0.125,0.125,0.125,0.125,0.125,0.125,0.125
82,82.0,0.125,0.125,0.125,0.125,0.125,0.125,0.125,0.125
83,83.0,0.125,0.125,0.125,0.125,0.125,0.125,0.125,0.125
84,84.0,0.125,0.125,0.125,0.125,0.125,0.125,0.125,0.125
85,85.0,0.125,0.125,0.125,0.125,0.125,0.125,0.125,0.125
86,86.0,0.125,0.125,0.125,0.125,0.125,0.125,0.125,0.125
87,87.0,0.125,0.125,0.125,0.125,0.125,0.125,0.125,0.125
88,88.0,0.125,0.125,0.125,0.125,0.125,0.125,0.125,0.125
89,89.0,0.125,0.125,0.125,0.125,0.125,0.125,0.125,0.125
90,90.0,0.125,0.125,0.125,0.125,0.125,0.125,0.125,0.125
91,91.0,0.125,0.125,0.125,0.125,0.125,0.125,0.125,0.125
92,92.0,0.125,0.125,0.125,0.125,0.125,0.125,0.125,0.125
93,93.0,0.125,0.125,0.125,0.125,0.125,0.125,0.125,0.125
94,94.0,0.125,0.125,0.125,0.125,0.125,0.125,0.125,0.125
95,95.0,0.125,0.125,0.125,0.125,0.125,0.125,0.125,0.125
96,96.0,0.125,0.125,0.125,0.125,0.125,0.125,0.125,0.125
97,97.0,0.125,0.125,0.125,0.125,0.125,0.125,0.125,0.125
98,98.0,0.125,0.125,0.125,0.125,0.125,0.125,0.125,0.125
99,99.0,0.125,0.125,0.125,0.125,0.125,0.125,0.125,0.125
100,100.0,0.125,0.125,0.125,0.125,0.125,0.125,0.125,0.125
101,101.0,0.125,0.125,0.125,0.125,0.125,0.125,0.125,0.125
102,102.0,0.125,0.125,0.125,0.125,0.125,0.125,0.125,0.125
103,103.0,0.125,0.125,0.125,0.125,0.125,0.125,0.125,0.125
104,104.0,0.125,0.125,0.125,0.125,0.125,0.125,0.125,0.125
105,105.0,0.125,0.125,0.125,0.125,0.125,0.125,0.125,0.125
106,106.0,0.125,0.125,0.125,0.125,0.125,0.125,0.125,0.125
107,107.0,0.125,0.125,0.125,0.125,0.125,0.125,0.125,0.125
108,108.0,0.125,0.125,0.125,0.125,0.125,0.125,0.125,0.125
109,109.0,0.125,0.125,0.125,0.125,0.125,0.125,0.125,0.125
110,110.0,0.125,0.125,0.125,0.125,0.125,0.125,0.125,0.125
111,111.0,0.125,0.125,0.125,0.125,0.125,0.125,0.125,0.125
112,112.0,0.125,0.125,0.125,0.125,0.125,0.125,0.125,0.125
113,113.0,0.125,0.125,0.125,0.125,0.125,0.125,0.125,0.125
114,114.0,0.125,0.125,0.125,0.125,0.125,0.125,0.125,0.125
115,115.0,0.125,0.125,0.125,0.125,0.125,0.125,0.125,0.125
116,116.0,0.125,0.125,0.125,0.125,0.125,0.125,0.125,0.125
117,117.0,0.125,0.125,0.125,0.125,0.125,0.125,0.125,0.125
118,118.0,0.125,0.125,0.125,0.125,0.125,0.125,0.125,0.125
119,119.0,0.125,0.125,0.125,0.125,0.125,0.125,0.125,0.125
120,120.0,0.125,0.125,0.125,0.125,0.125,0.125,0.125,0.125
121,121.0,0.125,0.125,0.125,0.125,0.125,0.125,0.125,0.125
122,122.0,0.125,0.125,0.125,0.125,0.125,0.125,0.125,0.125
123,123.0,0.125,0.125,0.125,0.125,0.125,0.125,0.125,0.125
124,124.0,0.125,0.125,0.125,0.125,0.125,0.125,0.125,0.125
125,125.0,0.125,0.125,0.125,0.125,0.125,0.125,0.125,0.125
126,126.0,0.125,0.125,0.125,0.125,0.125,0.125,0.125,0.125
127,127.0,0.125,0.125,0.125,0.125,0.125,0.125,0.125,0.125
128,128.0,0.125,0.125,0.125,0.125,0.125,0.125,0.125,0.125
129,129.0,0.125,0.125,0.125,0.125,0.125,0.125,0.125,0.125
130,130.0,0.125,0.125,0.125,0.125,0.125,0.125,0.125,0.125
131,131.0,0.125,0.125,0.125,0.125,0.125,0.125,0.125,0.125
132,132.0,0.125,0.125,0.125,0.125,0.125,0.125,0.125,0.125
133,133.0,0.125,0.125,0.125,0.125,0.125,0.125,0.125,0.125
134,134.0,0.125,0.125,0.125,0.125,0.125,0.125,0.125,0.125
135,135.0,0.125,0.125,0.125,0.125,0.125,0.125,0.125,0.125
136,136.0,0.125,0.125,0.125,0.125,0.125,0.125,0.125,0.125
137,137.0,0.125,0.125,0.125,0.125,0.125,0.125,0.125,0.125
138,138.0,0.125,0.125,0.125,0.125,0.125,0.125,0.125,0.125
139,139.0,0.125,0.125,0.125,0.125,0.125,0.125,0.125,0.125
140,140.0,0.125,0.125,0.125,0.125,0.125,0.125,0.125,0.125
141,141.0,0.125,0.125,0.125,0.125,0.125,0.125,0.125,0.125
142,142.0,0.125,0.125,0.125,0.125,0.125,0.125,0.125,0.125
143,143.0,0.125,0.125,0.125,0.125,0.125,0.125,0.125,0.125
144,144.0,0.125,0.125,0.125,0.125,0.125,0.125,0.125,0.125
145,145.0,0.125,0.125,0.125,0.125,0.125,0.125,0.125,0.125
146,146.0,0.125,0.125,0.125,0.125,0.125,0.125,0.125,0.125
147,147.0,0.125,0.125,0.125,0.125,0.125,0.125,0.125,0.125
148,148.0,0.125,0.125,0.125,0.125,0.125,0.125,0.125,0.125
149,149.0,0.125,0.125,0.125,0.125,0.125,0.125,0.125,0.125
150,150.0,0.125,0.125,0.125,0.125,0.125,0.125,0.125,0.125
151,151.0,0.125,0.125,0.125,0.125,0.125,0.125,0.125,0.125
152,152.0,0.125,0.125,0.125,0.125,0.125,0.125,0.125,0.125
153,153.0,0.125,0.125,0.125,0.125,0.125,0.125,0.125,0.125
154,154.0,0.125,0.125,0.125,0.125,0.125,0.125,0.125,0.125
155,155.0,0.125,0.125,0.125,0.125,0.125,0.125,0.125,0.125
156,156.0,0.125,0.125,0.125,0.125,0.125,0.125,0.125,0.125
157,157.0,0.125,0.125,0.125,0.125,0.125,0.125,0.125,0.125
158,158.0,0.125,0.125,0.125,0.125,0.125,0.125,0.125,0.125
159,159.0,0.125,0.125,0.125,0.125,0.125,0.125,0.125,0.125
160,160.0,0.125,0.125,0.125,0.125,0.125,0.125,0.125,0.125
161,161.0,0.125,0.125,0.125,0.125,0.125,0.125,0.125,0.125
162,162.0,0.125,0.125,0.125,0.125,0.125,0.125,0.125,0.125
163,163.0,0.125,0.125,0.125,0.125,0.125,0.125,0.125,0.125
164,164.0,0.125,0.125,0.125,0.125,0.125,0.125,0.125,0.125
165,165.0,0.125,0.125,0.125,0.125,0.125,0.125,0.125,0.125
166,166.0,0.125,0.125,0.125,0.125,0.125,0.125,0.125,0.125
167,167.0,0.125,0.125,0.125,0.125,0.125,0.125,0.125,0.125
168,168.0,0.125,0.125,0.125,0.125,0.125,0.125,0.125,0.125
169,169.0,0.125,0.125,0.125,0.125,0.125,0.125,0.125,0.125
170,170.0,0.125,0.125,0.125,0.125,0.125,0.125,0.125,0.125
171,171.0,0.125,0.125,0.125,0.125,0.125,0.125,0.125,0.125
172,172.0,0.125,0.125,0.125,0.125,0.125,0.125,0.125,0.125
173,173.0,0.125,0.125,0.125,0.125,0.125,0.125,0.125,0.125
174,174.0,0.125,0.125,0.125,0.125,0.125,0.125,0.125,0.125
175,175.0,0.125,0.125,0.125,0.125,0.125,0.125,0.125,0.125
176,176.0,0.125,0.125,0.125,0.125,0.125,0.125,0.125,0.125
177,177.0,0.125,0.125,0.125,0.125,0.125,0.125,0.125,0.125
178,178.0,0.125,0.125,0.125,0.125,0.125,0.125,0.125,0.125
179,179.0,0.125,0.125,0.125,0.125,0.125,0.125,0.125,0.125
180,180.0,0.125,0.125,0.125,0.125,0.125,0.125,0.125,0.125
181,181.0,0.125,0.125,0.125,0.125,0.125,0.125,0.125,0.125
182,182.0,0.125,0.125,0.125,0.125,0.125,0.125,0.125,0.125
183,183.0,0.125,0.125,0.125,0.125,0.125,0.125,0.125,0.125
184,184.0,0.125,0.125,0.125,0.125,0.125,0.125,0.125,0.125
185,185.0,0.125,0.125,0.125,0.125,0.125,0.125,0.125,0.125
186,186.0,0.125,0.125,0.125,0.125,0.125,0.125,0.125,0.125
187,187.0,0.125,0.125,0.125,0.125,0.125,0.125,0.125,0.125
188,188.0,0.125,0.125,0.125,0.125,0.125,0.125,0.125,0.125
189,189.0,0.125,0.125,0.125,0.125,0.125,0.125,0.125,0.125
190,190.0,0.125,0.125,0.125,0.125,0.125,0.125,0.125,0.125
191,191.0,0.125,0.125,0.125,0.125,0.125,0.125,0.125,0.125
192,192.0,0.125,0.125,0.125,0.125,0.125,0.125,0.125,0.125
193,193.0,0.125,0.125,0.125,0.125,0.125,0.125,0.125,0.125
194,194.0,0.125,0.125,0.125,0.125,0.125,0.125,0.125,0.125
195,195.0,0.125,0.125,0.125,0.125,0.125,0.125,0.125,0.125
196,196.0,0.125,0.125,0.125,0.125,0.125,0.125,0.125,0.125
197,197.0,0.125,0.125,0.125,0.125,0.125,0.125,0.125,0.125
198,198.0,0.125,0.125,0.125,0.125,0.125,0.125,0.125,0.125
199,199.0,0.1248611111111111,0.1248611111111111,0.1259722222222222,0.1248611111111111,0.1248611111111111,0.1248611111111111,0.1248611111111111,0.1248611111111111
200,200.0,0.1244458333333333,0.1244458333333333,0.1266569444444444,0.1244458333333333,0.1255569444444444,0.1244458333333333,0.1244458333333333,0.1255569444444444
201,201.0,0.1239248472222222,0.1239248472222222,0.1272149583333333,0.1239248472222222,0.1270248472222222,0.1239248472222222,0.1239248472222222,0.1261359583333333
202,202.0,0.1233028223611111,0.1233028223611111,0.1276422434722222,0.1233028223611111,0.1283618223611111,0.1243028223611111,0.1233028223611111,0.1264818223611111
203,203.0,0.1226960828736111,0.1226960828736111,0.1280475998847222,0.1226960828736111,0.1296675928736111,0.1246860828736111,0.1226960828736111,0.1268143928736111
204,204.0,0.122018258526327,0.1229273494354179,0.1283382577884381,0.122018258526327,0.1306594942445088,0.124979358526327,0.122018258526327,0.127040764426327
205,205.0,0.1212741451396192,0.1230832360487101,0.1285136895461203,0.1212741451396192,0.131513539828801,0.1250887150487101,0.1221832360487101,0.1270692931997101
206,206.0,0.1204838733573576,0.1231757824482667,0.1285897240608559,0.1204838733573576,0.1330743686886992,0.125043572000691,0.122217206690691,0.126931599396081
207,207.0,0.1196640409909997,0.1223053855364542,0.1285796199658714,0.1205731319000906,0.1344456708980204,0.1256372200471794,0.1221410899420486,0.1266538407193357
208,208.0,0.1186139032107192,0.1211833262198102,0.1282801929511895,0.1203472365440526,0.1363831301001733,0.125843438891855,0.1217575037501798,0.1275912683320205
209,209.0,0.1174344106281301,0.1199134100244029,0.1277907882713455,0.1209114595791791,0.1378246726427697,0.1266344598270028,0.121217900163195,0.1282728988639749
210,210.0,0.1160665329655284,0.118439361116302,0.1270515370558933,0.1212001335049889,0.1398907006515652,0.1270176409079727,0.1204118972250961,0.1299221965726533
211,211.0,0.1146275194422732,0.11688106519059,0.1270886393143711,0.1212811998864291,0.1415920197187664,0.1271664977459361,0.1194601173112979,0.1319029413903363
212,212.0,0.1131470808503696,0.115270736978992,0.1270141139293265,0.1212646340666473,0.1439645016892748,0.1271861812675212,0.1191466487035009,0.1330061025143677
213,213.0,0.1117441640826015,0.1137296829922126,0.1269398689189619,0.1212603649239638,0.1455923054530547,0.1278144119691499,0.118867937814326,0.1340512638457297
214,214.0,0.1102863145446445,0.1131454413293143,0.126619191464151,0.1203891552501449,0.1469708467704884,0.1281249080809471,0.1185088762998868,0.1359552662604231
215,215.0,0.1088857826919647,0.112604343952467,0.1268254919094658,0.1195039766652357,0.1481913333548616,0.1282825994168986,0.1181187080735543,0.1375877639355524
216,216.0,0.1073843474065184,0.1118652351630339,0.1275658507838919,0.1193576740872426,0.1494999620546847,0.1286615266585326,0.1168714561526957,0.1387939476934002
217,217.0,0.1058513441536675,0.1110036172134779,0.1287828968842121,0.1190622052256362,0.150986778758361,0.1292383410454286,0.1155095321952031,0.1395652845240136
218,218.0,0.104345381702145,0.1100832263915181,0.130191219887447,0.1194273490511438,0.1522119656906797,0.129590796881713,0.1140980192704955,0.1400520411248579
219,219.0,0.1033825951501128,0.1101269194503901,0.1315047617204255,0.1188806789040847,0.1532881186081379,0.1297859573122362,0.1127050090535593,0.1403259598010535
220,220.0,0.1024891586918323,0.1109336726411566,0.1327190181027356,0.1183367423749989,0.1535048113423922,0.1302706889237488,0.1113420167230481,0.1404038912000874
221,221.0,0.1016664129209828,0.1117759258950991,0.1338307868733286,0.1178003760866157,0.1535883507465134,0.1305997907075968,0.1100190116520961,0.1407193451177674
222,222.0,0.1009481249221818,0.1133722967354725,0.1341738264348629,0.1172924910255748,0.1535675211072996,0.1308996650634908,0.1087778338611092,0.1409682408500084
223,223.0,0.1003310317982125,0.1149885525523727,0.134464436455486,0.1168153179197523,0.1534529676254765,0.1311702359906673,0.1076227124000006,0.1411547452580319
224,224.0,0.0998111849928315,0.1166065422899782,0.1347049537890829,0.1163705573046846,0.1532552082201232,0.1314117281227261,0.1065565928503938,0.1412832324301796
225,225.0,0.0993840583422336,0.1182099126588423,0.1348979825310202,0.1159594155374469,0.1529845410776464,0.1316246344178586,0.1055812362166344,0.1413582192183174
226,226.0,0.0991701686957903,0.1198914935484651,0.1351899747934171,0.1157793295215291,0.1516869367280693,0.1332641357425616,0.1043880547631235,0.1406299062070437
227,227.0,0.0990011335269832,0.1206027797560716,0.1358011629558482,0.1156138599663889,0.1503275732171712,0.1356263347423101,0.1032709853536591,0.1397561704815676
228,228.0,0.0989067664353889,0.1212681740537951,0.1363674285901638,0.1154795042693261,0.1489425244440191,0.1379275926240289,0.1022498918257572,0.1388581177575207
229,229.0,0.0988472109508689,0.12186894502298,0.1368209346261657,0.1153578279348368,0.1475315427559034,0.1404176575873703,0.101308720859874,0.1378471602620005
230,230.0,0.0988737572917366,0.1224601077263489,0.1372218285567319,0.1162673761936051,0.1445974601323305,0.1432237372855278,0.1005034523490269,0.1368522804646919
231,231.0,0.0987334475979625,0.1239041391208773,0.1373264827182204,0.1169296703274568,0.1414348874960418,0.1458404755123443,0.0995848653791373,0.1362460318479594
232,232.0,0.0992635097640876,0.1252409640381561,0.1373415880990375,0.1175042963240284,0.1382397830911554,0.1481860053330519,0.0987131296804604,0.1355107236700224
233,233.0,0.1006400186808735,0.1262469031307057,0.1371660278885216,0.1178855445783521,0.1349386209798496,0.1500477569553409,0.0984073568479412,0.1346677709384152
234,234.0,0.1020267081090978,0.1271684603446317,0.1369464365433763,0.1183562732479347,0.1317359933084377,0.1517541290652519,0.0981749830778471,0.1338370163034225
235,235.0,0.1032119907225509,0.1287315262306,0.1365561128807783,0.1187155908211751,0.1285625590264055,0.1534348459477362,0.0979194783183977,0.1328678960523561
236,236.0,0.1042154545706341,0.1308074239050307,0.1363652795252414,0.1189766953290046,0.1254527832346646,0.1547434671210644,0.0976513608131524,0.1317875355012076
237,237.0,0.1053733347818657,0.1325081090654729,0.1360250548871395,0.1191344511359757,0.1224213397511871,0.1564610608293842,0.097364514920827,0.1307121346281477
238,238.0,0.1072729525627308,0.1338770314144921,0.1355647834179012,0.1192143681240284,0.1195054033245108,0.1568813582784601,0.0977926611978678,0.1298914416800086
239,239.0,0.1100530285341384,0.13394060079126,0.1354056497928938,0.1186772402335801,0.116890677555914,0.1574736779461788,0.0983852567644022,0.1291738683816327
240,240.0,0.1127393819112035,0.133899748254338,0.135195717410893,0.1181254604007751,0.1144656486638073,0.1581152967670221,0.0990123907623483,0.1284463558296126
241,241.0,0.1153400896014081,0.1337738472477372,0.1349847791077818,0.1175745343454498,0.1122441199767355,0.1586329368192874,0.099672860735858,0.1277768321657421
242,242.0,0.1178109711286216,0.1335637489725198,0.1350245992259038,0.1170209732944381,0.1102190441050943,0.1589090423957091,0.1003478157316685,0.1271038051460447
243,243.0,0.1200691263697559,0.1330975193381979,0.1356841524105207,0.1164309787005739,0.1083514288688125,0.1589820672581099,0.1009418409927278,0.1264428860613012
244,244.0,0.1219515283804661,0.1322629034315536,0.1363507988614189,0.1156679920900383,0.1064981025826739,0.1597285453450475,0.101937177942048,0.1256029513667536
245,245.0,0.1236022786037435,0.1312326537326298,0.1371540908920365,0.1148823043419949,0.1048015314259168,0.1607831436773818,0.1028105744409363,0.1247334228853603
246,246.0,0.1246123480048236,0.1303128551776862,0.1382929484741245,0.1136359968018353,0.1035841907205616,0.1620688561557194,0.104722082932657,0.1227707217325922
247,247.0,0.125488666549878,0.1293786097023234,0.1394034295952181,0.1124270435886216,0.1025574722006631,0.1632548857583481,0.1066036108128433,0.1208862817921042
248,248.0,0.1261704866619345,0.1283099854990884,0.1404119076130816,0.1117866746187849,0.1016799010943125,0.1642413012611263,0.1083413016481606,0.1190584416035109
249,249.0,0.1267079263859838,0.1272416413660911,0.1413133102074704,0.1111867345468583,0.100967637760391,0.1652900198503977,0.1100132851533268,0.1172794447294807
250,250.0,0.1271731124266492,0.1262479888013935,0.1421703149557721,0.1106929359475261,0.1005391326828534,0.1649179345652308,0.1118013734182665,0.1164572072023081
251,251.0,0.1274458112743186,0.1252093629201017,0.1427898577219679,0.1101774704058111,0.1001263679613308,0.1645414269428171,0.113310353087052,0.1163993496866004
252,252.0,0.127544306921943,0.1248573519495144,0.1434359312492681,0.1096500781939094,0.0997370633827249,0.1639311007015751,0.1145609586506464,0.1162832089504183
253,253.0,0.1266525747133954,0.1244378504235713,0.1453748907694411,0.1091187380067393,0.0993761095861421,0.1633509379728581,0.1155716965733761,0.1161172019544763
254,254.0,0.1258676468973001,0.1230805209573957,0.1479682594042967,0.1081511305562815,0.0991629995756742,0.1623461456354881,0.1173652441495079,0.1160580528240554
255,255.0,0.1256925558118185,0.1215659850997029,0.1501352960401812,0.1071371913733844,0.098922448096947,0.160967772065624,0.1194717235503085,0.1161070279620332
256,256.0,0.1253400401398517,0.1199912427257437,0.152696472938733,0.106121991412602,0.098722991436349,0.1596555077885498,0.1214058398946662,0.1160659136635042
257,257.0,0.1254174577630907,0.1182980895576563,0.1548154290508067,0.1050756715629376,0.0985223774902801,0.1589669132752013,0.1230003511363888,0.1159037101636381
258,258.0,0.1253158745594531,0.1165923855249009,0.1572170224585455,0.1040502038539519,0.0983611249689242,0.1583675388208941,0.1244241695154985,0.1156716802978316
259,259.0,0.1251658500536761,0.1149671572909427,0.1594336188650161,0.1030909722853381,0.0982741247916944,0.1578990927474906,0.1257173406711365,0.1154518432947053
260,260.0,0.1250562293919226,0.1135136653707609,0.1617548760889201,0.1022423347045976,0.0982962108718031,0.1574723387405391,0.1263797200932796,0.1152846247381766
261,261.0,0.124875579222138,0.1120886417631529,0.1637427764171857,0.101431268538286,0.0983131244336886,0.1571448626782816,0.1267867743949049,0.115616972552362
262,262.0,0.1245908555133022,0.1106829694307181,0.1661139732403076,0.1006538617663647,0.0983463598180016,0.1567106998873218,0.1269566019655735,0.1159446783784103
263,263.0,0.1248050187387616,0.1093102405574988,0.1684169641562551,0.0999152578112315,0.0983946877827739,0.155978733217459,0.1269134330850274,0.1162656646509924
264,264.0,0.1248920089609873,0.1085330089346448,0.1703982449286192,0.0992151192268109,0.0984522725863636,0.1552895841318457,0.1266759728767094,0.1165437883540189
265,265.0,0.1248634242678301,0.1077703462824736,0.1720676285354168,0.0985565177584588,0.0985175295934361,0.1549795819033607,0.1268218415248666,0.116423130134157
266,266.0,0.1235953547031896,0.1072581562374967,0.1730023669096249,0.0980566286131612,0.0986745421514,0.155345838909298,0.1268090312969515,0.1172580811788779
267,267.0,0.1222185218358028,0.1067162807876792,0.1740012631987669,0.0975744051171746,0.0987823902466952,0.1561935148751196,0.1265231132233932,0.1179905107153682
268,268.0,0.1207799008388962,0.1061995915165405,0.1748774291023684,0.0971361359189712,0.0988918290336056,0.1573349338668846,0.1261117941896074,0.1186683855331257
269,269.0,0.1193090065632497,0.1061479379308339,0.1755023402752128,0.0967447915567078,0.0990045883310536,0.1583776987873961,0.1250941461051692,0.1198194904503767
270,270.0,0.1178428432591852,0.1061262752261249,0.1760283301936467,0.0963900759677704,0.0990858819485588,0.1592548941871219,0.1239456058844466,0.1213260933331454
271,271.0,0.1156988114989695,0.1066529889193001,0.1766996840124396,0.0961729820200018,0.0992244288871841,0.1601090349981105,0.1226630642484497,0.1227790054155445
272,272.0,0.1135915207878074,0.1071975522257982,0.1770991307029757,0.0959900270622738,0.0993340006854162,0.1612327352416917,0.1212953371695852,0.1242596961244517
273,273.0,0.1115374082846665,0.1077518650355356,0.1772452690491406,0.0958390866102374,0.0994155296236258,0.162347563282561,0.1198630921857136,0.1260001859285194
274,274.0,0.1094957741564437,0.1089128749822898,0.177164861972757,0.0956629559895424,0.0994151297512911,0.1636208128271536,0.1183305039523514,0.1273970863681708
275,275.0,0.1075020185748688,0.1099512891214476,0.1768009686860351,0.0954825470804626,0.0993726295053907,0.1655567003631747,0.116784564233982,0.1285492824346383
276,276.0,0.1055718972637472,0.1114973595031033,0.1763528925704344,0.0953010874592723,0.0992936595840854,0.1672686945300283,0.1152430632346351,0.129471345854694
277,277.0,0.103711325806522,0.1134478094118907,0.1760315664532642,0.0951083898450089,0.0991551650903584,0.1687552563020714,0.1136627112978624,0.1301277757930218
278,278.0,0.101978889321516,0.1153733298801719,0.1756498702248126,0.0949544394022626,0.0990252639693757,0.1701594705408837,0.112151669887453,0.1307070667735244
279,279.0,0.1003790986763574,0.1172571586473146,0.1752176578584922,0.0948369009183091,0.0989043958950726,0.1714755298574001,0.1107181183648745,0.1312111397821793
280,280.0,0.0989542128852126,0.1183442799858494,0.1748431173210022,0.0947730714279586,0.098812629089374,0.1732524488344795,0.1089733863395737,0.1320468541165499
281,281.0,0.097651172183817,0.1193555603599273,0.17434982394304,0.0947261867512443,0.0987016945037215,0.1748571235296548,0.1076351607207625,0.1327232780078323
282,282.0,0.0965488468423517,0.1213468875912582,0.1726541047243044,0.0947730456257119,0.0986522356337022,0.1761360355577038,0.1064064156483403,0.1334824283766273
283,283.0,0.0955173264459349,0.1231647143413188,0.1714120290481043,0.0951332350422761,0.0985427913359926,0.17711656204848,0.1051714508308385,0.1339418909070547
284,284.0,0.094559615227346,0.1246218547623635,0.1707762137811437,0.0954501206699331,0.0983801837851385,0.1778120111748369,0.1039417355526462,0.1344582650465919
285,285.0,0.0936958017851583,0.1263109456366334,0.1700880704896547,0.0957483418764852,0.0981948332271515,0.1783706653628696,0.1027835543405615,0.1348077872814856
286,286.0,0.0933798519293231,0.1281901810238231,0.1690668022742881,0.0960269548906016,0.0979910394669487,0.1788007895631542,0.1017015075987185,0.1348428732531425
287,287.0,0.0931696831885947,0.1299560360601813,0.1681825825528721,0.0963088900270078,0.0977964403879768,0.1790681268979732,0.1007225579731346,0.1347956829122591
288,288.0,0.0930562911050756,0.1316020142191631,0.1672818671576088,0.096590819710846,0.0976118865016379,0.1796711137097109,0.099846009237175,0.1343399983587825
289,289.0,0.093059553222694,0.133947106446931,0.1665314437867724,0.0968957741883656,0.0974614554951642,0.180088216782164,0.0993826398724152,0.1326338102054934
290,290.0,0.0931412261189486,0.1361565116045558,0.1659260122663781,0.0971948152636158,0.0973220043160054,0.1803600085250516,0.0990144157867627,0.1308850061186817
291,291.0,0.0932921614327915,0.1382215408294016,0.1653150687904967,0.0974853803479971,0.0971936659751476,0.1806429773791736,0.0987353411750894,0.1291138640699021
292,292.0,0.0933978579388347,0.1404151981785173,0.1645975119364525,0.0977839633345387,0.0975470368894373,0.1808042119176714,0.0980992887032594,0.1273549311012883
293,293.0,0.093494092546485,0.1423765573649434,0.1638189564082465,0.0980334371828958,0.0979682406336691,0.1812049110026174,0.0975116864547154,0.125592118406427
294,294.0,0.0935898906981902,0.144117656542746,0.1630553306284231,0.0982559481695942,0.0980278013898799,0.1818967305944124,0.0970366161180053,0.1240200258587485
295,295.0,0.0936418100680226,0.1462707939172772,0.1621393104971292,0.0983979628512073,0.0980164980503265,0.1822877669664371,0.0965283235097119,0.122717534139888
296,296.0,0.0940512895907229,0.1478986873389373,0.1612392618011204,0.0984716618796944,0.0979382960045827,0.1824350801317552,0.0965433050679863,0.1214224181852008
297,297.0,0.0944059852771911,0.1495131933395309,0.1591204383603946,0.0984924313857817,0.0978084107072575,0.1824745827112809,0.0965611181971765,0.1216238400213866
298,298.0,0.0947866450113607,0.1509620010658929,0.1570776417101934,0.098501640989052,0.0976824142117065,0.182463312841913,0.0966390145427315,0.1218873296271496
299,299.0,0.0951868657911196,0.1527233827443735,0.1550178770321464,0.0985003545837544,0.0975611776027079,0.1820360900968643,0.0967702068195592,0.1222040453294743
300,300.0,0.0958947732104744,0.1540147893007412,0.1530771014470615,0.0995998399976569,0.0978832664725878,0.1814174721872112,0.0969177538073449,0.1211950035769218
301,301.0,0.09712096312444,0.1548667402550076,0.1511670099086018,0.100639659923591,0.0981484439660697,0.1808235655049189,0.097049789504003,0.1201838278133676
302,302.0,0.0978288411539743,0.1556309129255092,0.15052067806893,0.1014091365535516,0.0982631094700735,0.1805200574541176,0.0967449729635549,0.1190822914102887
303,303.0,0.0986141819110416,0.1563141885203672,0.1498535233378104,0.1025069371232758,0.0983302135272674,0.1800535427928417,0.0963890835738758,0.1179383292135198
304,304.0,0.1000117945606286,0.1568198179752488,0.1491729629569533,0.1035254363010547,0.0983667002391238,0.179335316972499,0.0960046116720002,0.1167633593224913
305,305.0,0.1013416548001379,0.1571581547040413,0.1486173388789597,0.1044600670451985,0.0983734435203341,0.1784818612978083,0.0960003049341847,0.1155671748193352
306,306.0,0.1021713001702242,0.1573797267950298,0.1488784528189043,0.1055015859964545,0.098270908635083,0.1775342944160566,0.0959221017546879,0.1143416294135594
307,307.0,0.1022012851100173,0.1580654402125298,0.1490156595292335,0.1063682997340096,0.0977080617358823,0.1773785527338172,0.0958307545620536,0.1134319463824565
308,308.0,0.1021092529232972,0.158560593888636,0.1490690990441331,0.1077977530303236,0.0973611015053332,0.1769939269890149,0.0956502991492993,0.1124579734699626
309,309.0,0.1019710029666877,0.158949804112423,0.149060480226078,0.1093894348498543,0.0969913955739549,0.1765273810233592,0.0954526680576091,0.1116578331900335
310,310.0,0.1019790251463873,0.1591408099995008,0.1498712863664724,0.1107197418664107,0.0965563497583679,0.1759494853873576,0.0952181216281496,0.1105651798473534
311,311.0,0.1019021647960382,0.159537304877349,0.1507304548167104,0.1119287185214725,0.0961087547598137,0.1752793871735345,0.0949950136226884,0.1095182014323931
312,312.0,0.1017518388171853,0.1598068442473956,0.1520387524350736,0.1129245322502491,0.0956347152016761,0.1744592331657762,0.0950394355758536,0.1083446483067903
313,313.0,0.101504595251143,0.1600940418485136,0.1531929868015469,0.1145374294648976,0.0951096871988473,0.1734381106522395,0.0949787694721112,0.1071443793107007
314,314.0,0.1009311740277597,0.1598907469321802,0.154454716829562,0.1161323995916977,0.0955312879808086,0.1721139206011502,0.0952524144591891,0.1056933395776523
315,315.0,0.1003051390336604,0.1595815044077941,0.1555045950077349,0.117487484673119,0.0959260839125254,0.1712294049344267,0.0954335754243783,0.1045322126063608
316,316.0,0.0996373189951649,0.1591793084607115,0.1571069459929063,0.1186120828618457,0.0962921145190121,0.1702470158678743,0.0955272636577903,0.1033979496446947
317,317.0,0.0989298546396607,0.1593184814911596,0.1586296608665313,0.119475330702124,0.0966151332138468,0.1692214718812226,0.0955117695002789,0.1022982977051756
318,318.0,0.098565596607624,0.1591797743991867,0.1600336386192711,0.1201768149936374,0.0969151518612225,0.1682033592093246,0.0956803893515015,0.101245274958232
319,319.0,0.0981790737035303,0.1591295724085288,0.1613131087161445,0.1207235075331002,0.0971904209782777,0.1674375648041303,0.0957846494256014,0.1002421024306867
320,320.0,0.0976868127847516,0.1589258735001356,0.1625971518167945,0.1210466288375664,0.0972289031130459,0.1665844902788375,0.0967385145343304,0.0991916251345378
321,321.0,0.0973104982733448,0.1589968500674146,0.1640386657691839,0.1205045241386673,0.0976794113972778,0.1655324369274293,0.0974954350609035,0.0984421783657785
322,322.0,0.0969406855856465,0.1591651130248393,0.1655656601151025,0.1198566596293793,0.0981131110650219,0.1644683615061728,0.098220379546333,0.0976700295275045
323,323.0,0.096573773955543,0.1594207654581884,0.1669990937822509,0.1191174196936634,0.0985254821906913,0.1634708897290373,0.0979979382244235,0.097894636966202
324,324.0,0.0962296662858399,0.1598012535232767,0.1690575910145732,0.1183957581700598,0.0989363234749976,0.1615862457371241,0.0977884578725556,0.0982047039215729
325,325.0,0.0957140269152215,0.1603009270888506,0.1719070675661141,0.1175489951337495,0.09932474952124,0.1594272912999496,0.097329333539351,0.0984476089355235
326,326.0,0.095204333208221,0.1608548451261389,0.1747977849508885,0.1166375498892756,0.0996750796266246,0.1573201839119139,0.0968114635386509,0.0986987597482864
327,327.0,0.0946874524194847,0.1614223760163698,0.177952086115715,0.1156035751882478,0.0999751153218838,0.1551486191057735,0.0962351622257204,0.0989756136068047
328,328.0,0.0941880232838248,0.1617691850880488,0.1809445342166958,0.1148167621204301,0.1002460015601933,0.1530932787106297,0.0956502674831437,0.0992919475370336
329,329.0,0.0937228084408038,0.162082795351233,0.1837681468359624,0.1140372896802066,0.1004947011816219,0.1512964327245718,0.0950770011148247,0.0995208246707755
330,330.0,0.0932975320064864,0.1626521413190934,0.1866189731709334,0.1133031037832068,0.100502913356712,0.1496722232911068,0.0943238379740271,0.0996292750984338
331,331.0,0.0928222886712333,0.163238172640044,0.1892131860838476,0.1125346276125069,0.1005686888985128,0.1481278764344083,0.0936641038421167,0.0998310558173301
332,332.0,0.0923842775274592,0.1634100170905127,0.1922631512224526,0.1118339145964137,0.1006126577902693,0.1468648189001022,0.0925748021223097,0.1000563607504803
333,333.0,0.0920751149309095,0.1635851663254021,0.1949734327310331,0.1111023998770252,0.1007232357655129,0.1458601966836631,0.0914574884879129,0.1002229651985409
334,334.0,0.0917956634160302,0.1637234477794956,0.1975444232342745,0.1104040267094043,0.1008154813281037,0.1449428415444615,0.09038110817985,0.1003930078083799
335,335.0,0.0914355772791929,0.1636731869218451,0.2000058140138903,0.1095556224855593,0.1006351756755366,0.144228300681128,0.090082050565272,0.1003842723775755
336,336.0,0.0909945821900774,0.1640882192825989,0.202195177517784,0.1086323232124416,0.1005689271519935,0.1436929646465448,0.0897518878340201,0.1000759181645394
337,337.0,0.090488665279741,0.1643639161969033,0.2040668024654038,0.1076437496597912,0.100389966619624,0.1439917815973825,0.0893709286955107,0.0996841894856432
338,338.0,0.0899417144928793,0.1641050483626223,0.2062326259609827,0.1061508816822928,0.100310610578363,0.1447610852139221,0.0891117244257156,0.0993863092832218
339,339.0,0.0894002149418399,0.1637788642983871,0.2084439924723843,0.1046395136807856,0.1002925222120714,0.1455905062186916,0.0879882191567485,0.0998661670190912
340,340.0,0.0888501223242252,0.1635690090520946,0.2108529577351433,0.1031010031912905,0.1002134122008172,0.1463046663413071,0.0868378288636167,0.100271000291505
341,341.0,0.0882238405532234,0.1637211476850467,0.2131240116097235,0.1015386556862708,0.1000694001577706,0.1468595623781895,0.0858765736721011,0.100586808257674
342,342.0,0.0877038199905822,0.1639928889932193,0.2151848198233823,0.1001015373918951,0.100136089748896,0.1474730627924713,0.0850096536324254,0.100398127627128
343,343.0,0.0873065371402886,0.1647737636608784,0.2169758403480353,0.0988120345119035,0.100277282697698,0.1473341946242588,0.0842565956864952,0.100263751330442
344,344.0,0.0867439079477542,0.1653380648881847,0.2184997012253207,0.0976235796108236,0.1003067899942266,0.1469554580238244,0.0843727340921588,0.1001597642177067
345,345.0,0.0861979096098144,0.166035555008731,0.2196523440532237,0.0964824384311919,0.1002965422322102,0.1468036251802492,0.0845131497833366,0.1000184357012426
346,346.0,0.0856732295850108,0.1666353817577797,0.220798743758236,0.0953891336095059,0.1004593199170616,0.1465753910446133,0.0846493320580485,0.0998194682697439
347,347.0,0.0851780930192041,0.167253856471867,0.2219497940244155,0.0943623659509445,0.1005993342968088,0.1462870645835723,0.0847905566499055,0.0995789350032819
348,348.0,0.0848180697372873,0.1665636121434193,0.2234333587823738,0.0933889248556292,0.1016095834038667,0.1459669068696932,0.0849201432362806,0.0992994009714495
349,349.0,0.084485104767443,0.1657916671047642,0.2246560364796603,0.0926660684895628,0.1025724192092625,0.1456173094363415,0.0852270050289488,0.0989843894840165
350,350.0,0.0841860254024498,0.1654877384650713,0.2256302831636825,0.0916114337400877,0.1034919783513023,0.1454370386501601,0.0855142278462995,0.0986412743809465
351,351.0,0.0839951206058276,0.1652117587331441,0.2266265307606551,0.0907021368626739,0.1036192014886244,0.145551978701071,0.08585332722056,0.0984399456274437
352,352.0,0.083842053055372,0.1649257750044916,0.2274022205009291,0.0898774065416366,0.1037147166721206,0.1456513604593098,0.0861773492689582,0.0984091184971818
353,353.0,0.083902924680326,0.1646334310658563,0.2279677551688757,0.0891361676236829,0.103780523095122,0.145733148533964,0.0864826134516484,0.0983634363805245
354,354.0,0.083910739787342,0.1643546938203905,0.2286001551800403,0.0884821797400265,0.1028242622142651,0.1456004915488717,0.0868746783084318,0.0993527994006318
355,355.0,0.083961667409929,0.1638728432454329,0.2295526861804896,0.0879646630631253,0.1018750883480786,0.1451752659272169,0.0872656951189239,0.1003320907068035
356,356.0,0.0840113216742247,0.1634295018884182,0.2302070741301083,0.0874976401666265,0.1008957880566617,0.1446813472231631,0.0876345307265217,0.1016427961342755
357,357.0,0.0840519366227336,0.1630249175129697,0.2307681591722409,0.087066842692438,0.0998948623906798,0.1442058920647333,0.0881241358707499,0.1028632536734546
358,358.0,0.0841013158739934,0.1626097530993068,0.2313475903697451,0.0867030333933249,0.0988990465565809,0.1437191829084915,0.088591360190658,0.1040287176078991
359,359.0,0.0841518341608258,0.1621854750096455,0.2320562228339612,0.0863910519650206,0.0979144549528068,0.1431909135065311,0.0890041363396506,0.1051059112315581
360,360.0,0.0841997037194983,0.1618191543500454,0.2326512507550569,0.0861094084486791,0.0969388116771052,0.1428240884045245,0.0893588717547189,0.1060987108903714
361,361.0,0.0842439848319941,0.1615103208444155,0.2332509918594038,0.0858652139273352,0.09598116230445,0.1424505742418396,0.0896813711406613,0.1070163808499003
362,362.0,0.0842837268517488,0.1612590416077607,0.2338531109153369,0.0856555944210465,0.0950481824763395,0.1420731141534648,0.08997100120834,0.1078562283659625
363,363.0,0.0844362386548958,0.1611234212244304,0.2344425638858657,0.0856062378173939,0.0942672530259795,0.142106467509571,0.0901754727069725,0.1078423451748911
364,364.0,0.0844717605821087,0.1618786427194368,0.2348735456139035,0.0856431237745497,0.0934167528875799,0.1419883340387468,0.0902151735324613,0.1075126668512129
365,365.0,0.0845008927444715,0.162627137637288,0.2349804105889947,0.0857059602578581,0.0926115855613469,0.142108921470945,0.0903654347984215,0.107099656940674
366,366.0,0.0843489289756869,0.1635058267466855,0.2348929381727996,0.0858226004612734,0.0931398406538139,0.1421425467065433,0.0904946181542635,0.1056527001289336
367,367.0,0.0841021090514729,0.1651423890845965,0.2347407131915624,0.085859502150129,0.0935084213005723,0.1420629431688553,0.0905041202942064,0.104079801758605
368,368.0,0.0838571240704084,0.1667437148170414,0.234621667940591,0.0859220698520748,0.0939023493096354,0.1419688466553165,0.0904905516022346,0.1024936757526975
369,369.0,0.083612408945975,0.1683455564247793,0.2342849041860993,0.0859893036063771,0.094303993720556,0.1418539723988701,0.0907025234064452,0.1009073373108978
370,370.0,0.0833792977286112,0.1698993572085093,0.2339029368393031,0.0860815569714665,0.0938204479637508,0.1417566823783936,0.090899275824035,0.1002604450859303
371,371.0,0.0831555941364165,0.1714415212899328,0.2334807389295338,0.0861785704357785,0.0933531473216412,0.1416694570637608,0.0910769962661233,0.0996439745568128
372,372.0,0.0827803664531095,0.1729540022236315,0.2326534699100529,0.0862985997631199,0.0928976721606642,0.142041703111032,0.0912771625945319,0.0990970237838579
373,373.0,0.0824123117950703,0.1744221165714748,0.23189819626146,0.0864125763586856,0.0924512849200624,0.1423835098131148,0.09144629191431,0.0985737123658219
374,374.0,0.0820538775341129,0.1758378721763402,0.2313867024788891,0.0865186288393954,0.0920163036812091,0.1425255621554645,0.0915849701431593,0.0980760829914293
