,Unnamed: 0,Total_iterations,Intertwine_two,Add_vertex,Delete_vertex,Invert_path_vertices,Insert_inside_vertex,Delete_inside_vertex,Replace_inside_vertex,Donate_between_routes
0,0.0,0.0,0.125,0.125,0.125,0.125,0.125,0.125,0.125,0.125
1,1.0,0.10900000000000001,0.125,0.125,0.125,0.125,0.125,0.125,0.125,0.125
2,2.0,0.31601,0.125,0.125,0.125,0.125,0.125,0.125,0.125,0.125
3,3.0,0.6191589000000001,0.125,0.125,0.125,0.125,0.125,0.125,0.125,0.125
4,4.0,1.015801321,0.125,0.125,0.125,0.125,0.125,0.125,0.125,0.125
5,5.0,1.50262148669,0.125,0.125,0.125,0.125,0.125,0.125,0.125,0.125
6,6.0,2.0757334209441005,0.125,0.125,0.125,0.125,0.125,0.125,0.125,0.125
7,7.0,2.7307768275633495,0.125,0.125,0.125,0.125,0.125,0.125,0.125,0.125
8,8.0,3.4630081252450404,0.125,0.125,0.125,0.125,0.125,0.125,0.125,0.125
9,9.0,4.2673862119061114,0.125,0.125,0.125,0.125,0.125,0.125,0.125,0.125
10,10.0,5.138652627782014,0.125,0.125,0.125,0.125,0.125,0.125,0.125,0.125
11,11.0,6.071405875792507,0.125,0.125,0.125,0.125,0.125,0.125,0.125,0.125
12,12.0,7.060169740244025,0.125,0.125,0.125,0.125,0.125,0.125,0.125,0.125
13,13.0,8.099455520847952,0.125,0.125,0.125,0.125,0.125,0.125,0.125,0.125
14,14.0,9.183818168183006,0.125,0.125,0.125,0.125,0.125,0.125,0.125,0.125
15,15.0,10.307906369102724,0.125,0.125,0.125,0.125,0.125,0.125,0.125,0.125
16,16.0,11.466506686239443,0.125,0.125,0.125,0.125,0.125,0.125,0.125,0.125
17,17.0,12.654581904800096,0.125,0.125,0.125,0.125,0.125,0.125,0.125,0.125
18,18.0,13.867303782456686,0.125,0.125,0.125,0.125,0.125,0.125,0.125,0.125
19,19.0,15.100080434523047,0.125,0.125,0.125,0.125,0.125,0.125,0.125,0.125
20,20.0,16.348578617037543,0.125,0.125,0.125,0.125,0.125,0.125,0.125,0.125
21,21.0,17.608741195130214,0.125,0.125,0.125,0.125,0.125,0.125,0.125,0.125
22,22.0,18.876800103462312,0.125,0.125,0.125,0.125,0.125,0.125,0.125,0.125
23,23.0,20.14928511992658,0.125,0.125,0.125,0.125,0.125,0.125,0.125,0.125
24,24.0,21.423028783545156,0.125,0.125,0.125,0.125,0.125,0.125,0.125,0.125
25,25.0,22.695167792966423,0.125,0.125,0.125,0.125,0.125,0.125,0.125,0.125
26,26.0,23.963141223515898,0.125,0.125,0.125,0.125,0.125,0.125,0.125,0.125
27,27.0,25.224685898775267,0.125,0.125,0.125,0.125,0.125,0.125,0.125,0.125
28,28.0,26.477829247520948,0.125,0.125,0.125,0.125,0.125,0.125,0.125,0.125
29,29.0,27.720879968916847,0.125,0.125,0.125,0.125,0.125,0.125,0.125,0.125
30,30.0,28.95241681848399,0.125,0.125,0.125,0.125,0.125,0.125,0.125,0.125
31,31.0,30.17127581490958,0.125,0.125,0.125,0.125,0.125,0.125,0.125,0.125
32,32.0,31.376536153543515,0.125,0.125,0.125,0.125,0.125,0.125,0.125,0.125
33,33.0,32.567505096778625,0.125,0.125,0.125,0.125,0.125,0.125,0.125,0.125
34,34.0,33.74370209472243,0.125,0.125,0.125,0.125,0.125,0.125,0.125,0.125
35,35.0,34.90484237192463,0.125,0.125,0.125,0.125,0.125,0.125,0.125,0.125
36,36.0,36.05082019768737,0.125,0.125,0.125,0.125,0.125,0.125,0.125,0.125
37,37.0,37.18169203889697,0.125,0.125,0.125,0.125,0.125,0.125,0.125,0.125
38,38.0,38.29765977559663,0.125,0.125,0.125,0.125,0.125,0.125,0.125,0.125
39,39.0,39.399054140870355,0.125,0.125,0.125,0.125,0.125,0.125,0.125,0.125
40,40.0,40.48631852820801,0.125,0.125,0.125,0.125,0.125,0.125,0.125,0.125
41,41.0,41.55999329152982,0.125,0.125,0.125,0.125,0.125,0.125,0.125,0.125
42,42.0,42.62070064560415,0.125,0.125,0.125,0.125,0.125,0.125,0.125,0.125
43,43.0,43.669130257815,0.125,0.125,0.125,0.125,0.125,0.125,0.125,0.125
44,44.0,44.70602560622662,0.125,0.125,0.125,0.125,0.125,0.125,0.125,0.125
45,45.0,45.73217116373481,0.125,0.125,0.125,0.125,0.125,0.125,0.125,0.125
46,46.0,46.748380453854836,0.125,0.125,0.125,0.125,0.125,0.125,0.125,0.125
47,47.0,47.755485010424316,0.125,0.125,0.125,0.125,0.125,0.125,0.125,0.125
48,48.0,48.7543242612326,0.125,0.125,0.125,0.125,0.125,0.125,0.125,0.125
49,49.0,49.745736344347726,0.125,0.125,0.125,0.125,0.125,0.125,0.125,0.125
50,50.0,50.730549855707864,0.125,0.125,0.125,0.125,0.125,0.125,0.125,0.125
51,51.0,51.70957651737491,0.125,0.125,0.125,0.125,0.125,0.125,0.125,0.125
52,52.0,52.68360474770151,0.125,0.125,0.125,0.125,0.125,0.125,0.125,0.125
53,53.0,53.65339410751842,0.125,0.125,0.125,0.125,0.125,0.125,0.125,0.125
54,54.0,54.61967059027847,0.125,0.125,0.125,0.125,0.125,0.125,0.125,0.125
55,55.0,55.58312271885972,0.125,0.125,0.125,0.125,0.125,0.125,0.125,0.125
56,56.0,56.544398407394254,0.125,0.125,0.125,0.125,0.125,0.125,0.125,0.125
57,57.0,57.504102543001395,0.125,0.125,0.125,0.125,0.125,0.125,0.125,0.125
58,58.0,58.462795239617805,0.125,0.125,0.125,0.125,0.125,0.125,0.125,0.125
59,59.0,59.42099071417639,0.125,0.125,0.125,0.125,0.125,0.125,0.125,0.125
60,60.0,60.379156734137354,0.125,0.125,0.125,0.125,0.125,0.125,0.125,0.125
61,61.0,61.337714584760846,0.125,0.125,0.125,0.125,0.125,0.125,0.125,0.125
62,62.0,62.29703950447439,0.125,0.125,0.125,0.125,0.125,0.125,0.125,0.125
63,63.0,63.257461537171835,0.125,0.125,0.125,0.125,0.125,0.125,0.125,0.125
64,64.0,64.21926675122782,0.125,0.125,0.125,0.125,0.125,0.125,0.125,0.125
65,65.0,65.18269877636592,0.125,0.125,0.125,0.125,0.125,0.125,0.125,0.125
66,66.0,66.14796061122655,0.125,0.125,0.125,0.125,0.125,0.125,0.125,0.125
67,67.0,67.11521665648885,0.125,0.125,0.125,0.125,0.125,0.125,0.125,0.125
68,68.0,68.08459493066005,0.125,0.125,0.125,0.125,0.125,0.125,0.125,0.125
69,69.0,69.05618942810752,0.125,0.125,0.125,0.125,0.125,0.125,0.125,0.125
70,70.0,70.03006258152917,0.125,0.125,0.125,0.125,0.125,0.125,0.125,0.125
71,71.0,71.00624779379335,0.125,0.125,0.125,0.125,0.125,0.125,0.125,0.125
72,72.0,71.98475200689319,0.125,0.125,0.125,0.125,0.125,0.125,0.125,0.125
73,73.0,72.96555827861411,0.125,0.125,0.125,0.125,0.125,0.125,0.125,0.125
74,74.0,73.94862834037681,0.125,0.125,0.125,0.125,0.125,0.125,0.125,0.125
75,75.0,74.93390511255946,0.125,0.125,0.125,0.125,0.125,0.125,0.125,0.125
76,76.0,75.92131515639825,0.125,0.125,0.125,0.125,0.125,0.125,0.125,0.125
77,77.0,76.91077104428919,0.125,0.125,0.125,0.125,0.125,0.125,0.125,0.125
78,78.0,77.90217363294813,0.125,0.125,0.125,0.125,0.125,0.125,0.125,0.125
79,79.0,78.89541422641172,0.125,0.125,0.125,0.125,0.125,0.125,0.125,0.125
80,80.0,79.89037661826481,0.125,0.125,0.125,0.125,0.125,0.125,0.125,0.125
81,81.0,80.88693900474995,0.125,0.125,0.125,0.125,0.125,0.125,0.125,0.125
82,82.0,81.88497576253909,0.125,0.125,0.125,0.125,0.125,0.125,0.125,0.125
83,83.0,82.88435908692391,0.125,0.125,0.125,0.125,0.125,0.125,0.125,0.125
84,84.0,83.88496048800103,0.125,0.125,0.125,0.125,0.125,0.125,0.125,0.125
85,85.0,84.88665214409042,0.125,0.125,0.125,0.125,0.125,0.125,0.125,0.125
86,86.0,85.88930811312994,0.125,0.125,0.125,0.125,0.125,0.125,0.125,0.125
87,87.0,86.89280540413424,0.125,0.125,0.125,0.125,0.125,0.125,0.125,0.125
88,88.0,87.89702491199675,0.125,0.125,0.125,0.125,0.125,0.125,0.125,0.125
89,89.0,88.90185221995306,0.125,0.125,0.125,0.125,0.125,0.125,0.125,0.125
90,90.0,89.91717827491419,0.125,0.125,0.125,0.125,0.125,0.125,0.125,0.125
91,91.0,90.94279994163008,0.125,0.125,0.125,0.125,0.125,0.125,0.125,0.125
92,92.0,91.96843144225808,0.125,0.125,0.125,0.125,0.125,0.125,0.125,0.125
93,93.0,93.00381547840068,0.125,0.125,0.125,0.125,0.125,0.125,0.125,0.125
94,94.0,94.03862295614502,0.125,0.125,0.125,0.125,0.125,0.125,0.125,0.125
95,95.0,95.07256345655348,0.125,0.125,0.125,0.125,0.125,0.125,0.125,0.125
96,96.0,96.10538427235556,0.125,0.125,0.125,0.125,0.125,0.125,0.125,0.125
97,97.0,97.14686916385386,0.125,0.125,0.125,0.125,0.125,0.125,0.125,0.125
98,98.0,98.1867368745638,0.125,0.125,0.125,0.125,0.125,0.125,0.125,0.125
99,99.0,99.22475044545712,0.125,0.125,0.125,0.125,0.125,0.125,0.125,0.125
100,100.0,100.26071515480653,0.125,0.125,0.125,0.125,0.125,0.125,0.125,0.125
101,101.0,101.29447624167294,0.125,0.125,0.125,0.125,0.125,0.125,0.125,0.125
102,102.0,102.325916457436,0.125,0.125,0.125,0.125,0.125,0.125,0.125,0.125
103,103.0,103.35495348704836,0.125,0.125,0.125,0.125,0.125,0.125,0.125,0.125
104,104.0,104.38153727882901,0.125,0.125,0.125,0.125,0.125,0.125,0.125,0.125
105,105.0,105.40564731864332,0.125,0.125,0.125,0.125,0.125,0.125,0.125,0.125
106,106.0,106.42728988128975,0.125,0.125,0.125,0.125,0.125,0.125,0.125,0.125
107,107.0,107.44649528885864,0.125,0.125,0.125,0.125,0.125,0.125,0.125,0.125
108,108.0,108.46331520278206,0.125,0.125,0.125,0.125,0.125,0.125,0.125,0.125
109,109.0,109.4778199732853,0.125,0.125,0.125,0.125,0.125,0.125,0.125,0.125
110,110.0,110.4900960670054,0.125,0.125,0.125,0.125,0.125,0.125,0.125,0.125
111,111.0,111.50024359068341,0.125,0.125,0.125,0.125,0.125,0.125,0.125,0.125
112,112.0,112.50837392608679,0.125,0.125,0.125,0.125,0.125,0.125,0.125,0.125
113,113.0,113.51460748868897,0.125,0.125,0.125,0.125,0.125,0.125,0.125,0.125
114,114.0,114.51907162014403,0.125,0.125,0.125,0.125,0.125,0.125,0.125,0.125
115,115.0,115.52189862225217,0.125,0.125,0.125,0.125,0.125,0.125,0.125,0.125
116,116.0,116.52322393792696,0.125,0.125,0.125,0.125,0.125,0.125,0.125,0.125
117,117.0,117.52318448265498,0.125,0.125,0.125,0.125,0.125,0.125,0.125,0.125
118,118.0,118.52191712808367,0.125,0.125,0.125,0.125,0.125,0.125,0.125,0.125
119,119.0,119.51955733768865,0.125,0.125,0.125,0.125,0.125,0.125,0.125,0.125
120,120.0,120.51623795295625,0.125,0.125,0.125,0.125,0.125,0.125,0.125,0.125
121,121.0,121.51208812716752,0.125,0.125,0.125,0.125,0.125,0.125,0.125,0.125
122,122.0,122.50723240268599,0.125,0.125,0.125,0.125,0.125,0.125,0.125,0.125
123,123.0,123.50178992662576,0.125,0.125,0.125,0.125,0.125,0.125,0.125,0.125
124,124.0,124.4958737989053,0.125,0.125,0.125,0.125,0.125,0.125,0.125,0.125
125,125.0,125.48959054596783,0.125,0.125,0.125,0.125,0.125,0.125,0.125,0.125
126,126.0,126.48303971286443,0.125,0.125,0.125,0.125,0.125,0.125,0.125,0.125
127,127.0,127.47631356594272,0.125,0.125,0.125,0.125,0.125,0.125,0.125,0.125
128,128.0,128.46949689805376,0.125,0.125,0.125,0.125,0.125,0.125,0.125,0.125
129,129.0,129.46266692797317,0.125,0.125,0.125,0.125,0.125,0.125,0.125,0.125
130,130.0,130.4558932856209,0.125,0.125,0.125,0.125,0.125,0.125,0.125,0.125
131,131.0,131.44923807464764,0.125,0.125,0.125,0.125,0.125,0.125,0.125,0.125
132,132.0,132.44275600402523,0.125,0.125,0.125,0.125,0.125,0.125,0.125,0.125
133,133.0,133.4364945804248,0.125,0.125,0.125,0.125,0.125,0.125,0.125,0.125
134,134.0,134.43049435338017,0.125,0.125,0.125,0.125,0.125,0.125,0.125,0.125
135,135.0,135.42478920550622,0.125,0.125,0.125,0.125,0.125,0.125,0.125,0.125
136,136.0,136.41940668036457,0.125,0.125,0.125,0.125,0.125,0.125,0.125,0.125
137,137.0,137.41436834093346,0.125,0.125,0.125,0.125,0.125,0.125,0.125,0.125
138,138.0,138.40969015203612,0.125,0.125,0.125,0.125,0.125,0.125,0.125,0.125
139,139.0,139.40538288050817,0.125,0.125,0.125,0.125,0.125,0.125,0.125,0.125
140,140.0,140.40145250732792,0.125,0.125,0.125,0.125,0.125,0.125,0.125,0.125
141,141.0,141.39790064639243,0.125,0.125,0.125,0.125,0.125,0.125,0.125,0.125
142,142.0,142.39472496508657,0.125,0.125,0.125,0.125,0.125,0.125,0.125,0.125
143,143.0,143.39191960226043,0.125,0.125,0.125,0.125,0.125,0.125,0.125,0.125
144,144.0,144.38947557969428,0.125,0.125,0.125,0.125,0.125,0.125,0.125,0.125
145,145.0,145.3873812035878,0.125,0.125,0.125,0.125,0.125,0.125,0.125,0.125
146,146.0,146.3856224530561,0.125,0.125,0.125,0.125,0.125,0.125,0.125,0.125
147,147.0,147.384183353047,0.125,0.125,0.125,0.125,0.125,0.125,0.125,0.125
148,148.0,148.38304632950837,0.125,0.125,0.125,0.125,0.125,0.125,0.125,0.125
149,149.0,149.3821925450285,0.125,0.125,0.125,0.125,0.125,0.125,0.125,0.125
150,150.0,150.3816022135463,0.125,0.125,0.125,0.125,0.125,0.125,0.125,0.125
151,151.0,151.3812548930769,0.125,0.125,0.125,0.125,0.125,0.125,0.125,0.125
152,152.0,152.38112975572366,0.125,0.125,0.125,0.125,0.125,0.125,0.125,0.125
153,153.0,153.38120583454852,0.125,0.125,0.125,0.125,0.125,0.125,0.125,0.125
154,154.0,154.3814622471454,0.125,0.125,0.125,0.125,0.125,0.125,0.125,0.125
155,155.0,155.38187839601113,0.125,0.125,0.125,0.125,0.125,0.125,0.125,0.125
156,156.0,156.38243414603016,0.125,0.125,0.125,0.125,0.125,0.125,0.125,0.125
157,157.0,157.383109979587,0.125,0.125,0.125,0.125,0.125,0.125,0.125,0.125
158,158.0,158.3838871299923,0.125,0.125,0.125,0.125,0.125,0.125,0.125,0.125
159,159.0,159.38474769405715,0.125,0.125,0.125,0.125,0.125,0.125,0.125,0.125
160,160.0,160.38567472477493,0.125,0.125,0.125,0.125,0.125,0.125,0.125,0.125
161,161.0,161.3866523051732,0.125,0.125,0.125,0.125,0.125,0.125,0.125,0.125
162,162.0,162.38766560447988,0.125,0.125,0.125,0.125,0.125,0.125,0.125,0.125
163,163.0,163.38870091781112,0.125,0.125,0.125,0.125,0.125,0.125,0.125,0.125
164,164.0,164.38974569063112,0.125,0.125,0.125,0.125,0.125,0.125,0.125,0.125
165,165.0,165.3907885292628,0.125,0.125,0.125,0.125,0.125,0.125,0.125,0.125
166,166.0,166.3918191987387,0.125,0.125,0.125,0.125,0.125,0.125,0.125,0.125
167,167.0,167.3928286092796,0.125,0.125,0.125,0.125,0.125,0.125,0.125,0.125
168,168.0,168.39380879267364,0.125,0.125,0.125,0.125,0.125,0.125,0.125,0.125
169,169.0,169.39475286980152,0.125,0.125,0.125,0.125,0.125,0.125,0.125,0.125
170,170.0,170.3956550105186,0.125,0.125,0.125,0.125,0.125,0.125,0.125,0.125
171,171.0,171.3965103870588,0.125,0.125,0.125,0.125,0.125,0.125,0.125,0.125
172,172.0,172.3973151220744,0.125,0.125,0.125,0.125,0.125,0.125,0.125,0.125
173,173.0,173.39806623236765,0.125,0.125,0.125,0.125,0.125,0.125,0.125,0.125
174,174.0,174.3987615693079,0.125,0.125,0.125,0.125,0.125,0.125,0.125,0.125
175,175.0,175.39939975686107,0.125,0.125,0.125,0.125,0.125,0.125,0.125,0.125
176,176.0,176.3999801280903,0.125,0.125,0.125,0.125,0.125,0.125,0.125,0.125
177,177.0,177.40050266091575,0.125,0.125,0.125,0.125,0.125,0.125,0.125,0.125
178,178.0,178.41096791384945,0.125,0.125,0.125,0.125,0.125,0.125,0.125,0.125
179,179.0,179.4212769623513,0.125,0.125,0.125,0.125,0.125,0.125,0.125,0.125
180,180.0,180.43134233637946,0.125,0.125,0.125,0.125,0.125,0.125,0.125,0.125
181,181.0,181.441087749641,0.125,0.125,0.125,0.125,0.125,0.125,0.125,0.125
182,182.0,182.45044774407998,0.125,0.125,0.125,0.125,0.125,0.125,0.125,0.125
183,183.0,183.45936726163424,0.125,0.125,0.125,0.125,0.125,0.125,0.125,0.125
184,184.0,184.46780115481675,0.125,0.125,0.125,0.125,0.125,0.125,0.125,0.125
185,185.0,185.47571364713286,0.125,0.125,0.125,0.125,0.125,0.125,0.125,0.125
186,186.0,186.48307775374604,0.125,0.125,0.125,0.125,0.125,0.125,0.125,0.125
187,187.0,187.48987467216043,0.125,0.125,0.125,0.125,0.125,0.125,0.125,0.125
188,188.0,188.49609315201175,0.125,0.125,0.125,0.125,0.125,0.125,0.125,0.125
189,189.0,189.50172885235784,0.125,0.125,0.125,0.125,0.125,0.125,0.125,0.125
190,190.0,190.50678369414575,0.125,0.125,0.125,0.125,0.125,0.125,0.125,0.125
191,191.0,191.51126521481342,0.125,0.125,0.125,0.125,0.125,0.125,0.125,0.125
192,192.0,192.5151859312662,0.125,0.125,0.125,0.125,0.125,0.125,0.125,0.125
193,193.0,193.518562716761,0.125,0.125,0.125,0.125,0.125,0.125,0.125,0.125
194,194.0,194.52141619653872,0.125,0.125,0.125,0.125,0.125,0.125,0.125,0.125
195,195.0,195.5237701663733,0.125,0.125,0.125,0.125,0.125,0.125,0.125,0.125
196,196.0,196.5256510375607,0.125,0.125,0.125,0.125,0.125,0.125,0.125,0.125
197,197.0,197.52708731125372,0.125,0.125,0.125,0.125,0.125,0.125,0.125,0.125
198,198.0,198.52810908446492,0.125,0.125,0.125,0.125,0.125,0.125,0.125,0.125
199,199.0,199.52874758951037,0.12486111111111112,0.12486111111111112,0.12597222222222224,0.12486111111111112,0.12486111111111112,0.12486111111111112,0.12486111111111112,0.12486111111111112
200,200.0,200.52903476815618,0.12444583333333335,0.12444583333333335,0.12665694444444445,0.12444583333333335,0.12555694444444446,0.12444583333333335,0.12444583333333335,0.12555694444444446
201,201.0,201.52900288125582,0.12392484722222225,0.12392484722222225,0.12721495833333332,0.12392484722222225,0.12702484722222226,0.12392484722222225,0.12392484722222225,0.12613595833333335
202,202.0,202.52868415423293,0.12330282236111115,0.12330282236111115,0.12764224347222222,0.12330282236111115,0.12836182236111116,0.12430282236111115,0.12330282236111115,0.12648182236111113
203,203.0,203.52811045837,0.12269608287361115,0.12269608287361115,0.12804759988472222,0.12269608287361115,0.12966759287361115,0.12468608287361116,0.12269608287361115,0.12681439287361115
204,204.0,204.5273130275097,0.12201825852632706,0.12292734943541797,0.12833825778843816,0.12201825852632706,0.13065949424450887,0.12497935852632708,0.12201825852632706,0.12704076442632709
205,205.0,205.52632220946032,0.1212741451396192,0.12308323604871013,0.12851368954612033,0.1212741451396192,0.13151353982880104,0.12508871504871016,0.12218323604871012,0.12706929319971016
206,206.0,206.52516725112127,0.12048387335735768,0.12317578244826678,0.1285897240608559,0.12048387335735768,0.1330743686886992,0.12504357200069105,0.12221720669069101,0.12693159939608104
207,207.0,207.52387611610493,0.1196640409909997,0.12230538553645426,0.12857961996587142,0.12057313190009061,0.13444567089802048,0.12563722004717948,0.12214108994204864,0.12665384071933578
208,208.0,208.52247533342913,0.11861390321071927,0.1211833262198102,0.12828019295118953,0.12034723654405262,0.13638313010017336,0.12584343889185504,0.12175750375017981,0.1275912683320205
209,209.0,209.52098987568667,0.11743441062813015,0.1199134100244029,0.12779078827134552,0.1209114595791791,0.13782467264276976,0.12663445982700286,0.12121790016319509,0.12827289886397492
210,210.0,210.5194430649616,0.11606653296552841,0.11843936111630206,0.12705153705589334,0.12120013350498895,0.13989070065156528,0.1270176409079727,0.12041189722509618,0.12992219657265336
211,211.0,211.5178565046594,0.11462751944227326,0.11688106519059,0.12708863931437117,0.1212811998864291,0.14159201971876648,0.12716649774593614,0.11946011731129791,0.1319029413903363
212,212.0,212.51625003534082,0.11314708085036966,0.115270736978992,0.1270141139293265,0.12126463406664739,0.14396450168927488,0.1271861812675212,0.11914664870350096,0.13300610251436776
213,213.0,213.51464171260068,0.1117441640826015,0.11372968299221266,0.12693986891896197,0.12126036492396382,0.1455923054530547,0.1278144119691499,0.11886793781432604,0.13405126384572974
214,214.0,214.51304780500857,0.11028631454464458,0.11314544132931437,0.126619191464151,0.1203891552501449,0.14697084677048847,0.1281249080809471,0.11850887629988686,0.1359552662604231
215,215.0,215.51148281012559,0.10888578269196474,0.11260434395246709,0.1268254919094658,0.11950397666523573,0.14819133335486162,0.12828259941689865,0.11811870807355432,0.13758776393555242
216,216.0,216.50995948662964,0.10738434740651842,0.11186523516303395,0.12756585078389193,0.11935767408724265,0.14949996205468477,0.12866152665853264,0.11687145615269574,0.13879394769340023
217,217.0,217.50848890061698,0.10585134415366751,0.11100361721347793,0.12878289688421218,0.11906220522563629,0.15098677875836106,0.1292383410454286,0.1155095321952031,0.13956528452401365
218,218.0,218.5070804841994,0.10434538170214501,0.11008322639151814,0.13019121988744703,0.1194273490511438,0.1522119656906797,0.12959079688171307,0.11409801927049557,0.14005204112485797
219,219.0,219.5057421045816,0.10338259515011287,0.11012691945039013,0.13150476172042552,0.11888067890408477,0.15328811860813793,0.1297859573122362,0.11270500905355935,0.1403259598010535
220,220.0,220.50448014187978,0.10248915869183238,0.11093367264115661,0.13271901810273565,0.11833674237499896,0.15350481134239222,0.13027068892374882,0.11134201672304811,0.14040389120008748
221,221.0,221.50329957402934,0.10166641292098286,0.11177592589509915,0.13383078687332867,0.11780037608661575,0.1535883507465134,0.13059979070759684,0.11001901165209614,0.1407193451177674
222,222.0,222.50220406722366,0.10094812492218187,0.11337229673547253,0.1341738264348629,0.11729249102557482,0.1535675211072996,0.13089966506349085,0.10877783386110922,0.14096824085000842
223,223.0,223.5011960704263,0.10033103179821258,0.11498855255237278,0.134464436455486,0.11681531791975232,0.1534529676254765,0.1311702359906673,0.10762271240000068,0.14115474525803198
224,224.0,224.50027691260442,0.09981118499283151,0.11660654228997823,0.1347049537890829,0.11637055730468464,0.15325520822012328,0.13141172812272614,0.1065565928503938,0.14128323243017962
225,225.0,225.4994469014387,0.09938405834223363,0.1182099126588423,0.1348979825310202,0.11595941553744699,0.15298454107764647,0.1316246344178586,0.10558123621663448,0.14135821921831745
226,226.0,226.49870542237514,0.0991701686957903,0.11989149354846518,0.13518997479341718,0.11577932952152914,0.15168693672806935,0.13326413574256166,0.10438805476312359,0.14062990620704374
227,227.0,227.4980510369942,0.09900113352698321,0.12060277975607162,0.1358011629558482,0.11561385996638894,0.1503275732171712,0.13562633474231015,0.10327098535365915,0.13975617048156766
228,228.0,228.4974815797814,0.09890676643538898,0.12126817405379511,0.13636742859016385,0.11547950426932611,0.14894252444401915,0.1379275926240289,0.10224989182575728,0.13885811775752072
229,229.0,229.49699425249207,0.09884721095086893,0.12186894502298007,0.13682093462616576,0.11535782793483688,0.14753154275590347,0.14041765758737035,0.10130872085987405,0.1378471602620005
230,230.0,230.49658571540678,0.09887375729173667,0.12246010772634894,0.13722182855673196,0.11626737619360519,0.14459746013233057,0.14322373728552787,0.10050345234902691,0.13685228046469194
231,231.0,231.49625217487593,0.09873344759796253,0.12390413912087739,0.1373264827182204,0.11692967032745682,0.14143488749604188,0.1458404755123443,0.09958486537913733,0.1362460318479594
232,232.0,232.4959894666494,0.09926350976408763,0.12524096403815618,0.13734158809903751,0.11750429632402845,0.13823978309115542,0.14818600533305193,0.09871312968046048,0.13551072367002248
233,233.0,233.49579313457903,0.1006400186808735,0.12624690313070575,0.1371660278885216,0.11788554457835218,0.13493862097984965,0.15004775695534092,0.0984073568479412,0.13466777093841528
234,234.0,234.49565850436989,0.10202670810909788,0.1271684603446317,0.13694643654337638,0.11835627324793473,0.13173599330843777,0.15175412906525199,0.09817498307784717,0.1338370163034225
235,235.0,235.495580752138,0.10321199072255095,0.12873152623060002,0.13655611288077832,0.11871559082117514,0.1285625590264055,0.15343484594773626,0.09791947831839778,0.13286789605235613
236,236.0,236.49555496760792,0.10421545457063414,0.13080742390503072,0.13636527952524147,0.11897669532900462,0.12545278323466463,0.15474346712106446,0.09765136081315248,0.1317875355012076
237,237.0,237.49557621185477,0.10537333478186575,0.13250810906547295,0.1360250548871395,0.1191344511359757,0.12242133975118716,0.15646106082938427,0.09736451492082708,0.13071213462814776
238,238.0,238.49563956955836,0.10727295256273088,0.13387703141449214,0.13556478341790124,0.11921436812402843,0.11950540332451083,0.15688135827846014,0.09779266119786782,0.12989144168000868
239,239.0,239.49574019579603,0.11005302853413843,0.13394060079126002,0.13540564979289382,0.11867724023358012,0.11689067755591401,0.15747367794617884,0.09838525676440227,0.1291738683816327
240,240.0,240.49587335745198,0.11273938191120358,0.13389974825433806,0.13519571741089303,0.1181254604007751,0.1144656486638073,0.15811529676702218,0.09901239076234832,0.1284463558296126
241,241.0,241.49603446936783,0.11534008960140812,0.1337738472477372,0.13498477910778184,0.11757453434544982,0.1122441199767355,0.15863293681928747,0.09967286073585807,0.12777683216574215
242,242.0,242.4962191253984,0.11781097112862163,0.1335637489725198,0.13502459922590382,0.1170209732944381,0.11021904410509438,0.15890904239570916,0.10034781573166857,0.12710380514604472
243,243.0,243.49642312457192,0.12006912636975596,0.1330975193381979,0.13568415241052076,0.11643097870057396,0.10835142886881252,0.15898206725810993,0.10094184099272789,0.12644288606130125
244,244.0,244.4966424925824,0.12195152838046615,0.1322629034315536,0.13635079886141896,0.11566799209003835,0.1064981025826739,0.1597285453450475,0.10193717794204808,0.1256029513667536
245,245.0,245.496873498866,0.12360227860374354,0.1312326537326298,0.1371540908920365,0.11488230434199498,0.1048015314259168,0.1607831436773818,0.10281057444093636,0.12473342288536032
246,246.0,246.49711266953258,0.12461234800482367,0.13031285517768623,0.1382929484741245,0.1136359968018353,0.10358419072056164,0.16206885615571945,0.10472208293265704,0.12277072173259228
247,247.0,247.49735679643717,0.12548866654987806,0.1293786097023234,0.1394034295952181,0.11242704358862161,0.10255747220066315,0.16325488575834818,0.10660361081284338,0.12088628179210421
248,248.0,248.4976029426869,0.12617048666193456,0.12830998549908845,0.14041190761308164,0.11178667461878491,0.10167990109431255,0.16424130126112635,0.10834130164816065,0.11905844160351092
249,249.0,249.49784844488482,0.12670792638598385,0.1272416413660911,0.14131331020747046,0.11118673454685832,0.100967637760391,0.1652900198503977,0.11001328515332683,0.11727944472948075
250,250.0,250.4980909124141,0.12717311242664925,0.12624798880139357,0.14217031495577212,0.11069293594752616,0.10053913268285346,0.1649179345652308,0.11180137341826653,0.1164572072023081
251,251.0,251.4983282240663,0.12744581127431862,0.1252093629201017,0.14278985772196798,0.11017747040581112,0.10012636796133083,0.16454142694281715,0.11331035308705209,0.11639934968660048
252,252.0,252.49855852231263,0.127544306921943,0.12485735194951442,0.14343593124926812,0.10965007819390948,0.09973706338272496,0.16393110070157518,0.11456095865064642,0.11628320895041838
253,253.0,253.4987802055112,0.12665257471339547,0.12443785042357135,0.1453748907694411,0.10911873800673935,0.09937610958614215,0.16335093797285816,0.1155716965733761,0.11611720195447633
254,254.0,254.4989919183348,0.12586764689730012,0.12308052095739577,0.14796825940429675,0.10815113055628153,0.0991629995756742,0.16234614563548816,0.11736524414950797,0.11605805282405546
255,255.0,255.49919254069272,0.12569255581181857,0.1215659850997029,0.1501352960401812,0.10713719137338445,0.09892244809694706,0.16096777206562407,0.11947172355030852,0.11610702796203326
256,256.0,256.4993811754079,0.12534004013985175,0.11999124272574375,0.15269647293873306,0.10612199141260203,0.09872299143634902,0.15965550778854984,0.12140583989466625,0.11606591366350429
257,257.0,257.4995571348975,0.12541745776309074,0.11829808955765639,0.15481542905080672,0.10507567156293762,0.09852237749028019,0.15896691327520135,0.12300035113638887,0.11590371016363814
258,258.0,258.49971992708913,0.12531587455945314,0.1165923855249009,0.15721702245854552,0.10405020385395199,0.09836112496892421,0.1583675388208941,0.12442416951549856,0.11567168029783162
259,259.0,259.49986924079076,0.12516585005367617,0.1149671572909427,0.1594336188650161,0.10309097228533814,0.09827412479169445,0.1578990927474906,0.12571734067113657,0.11545184329470531
260,260.0,260.5000049307143,0.12505622939192268,0.11351366537076091,0.16175487608892017,0.10224233470459768,0.09829621087180315,0.15747233874053918,0.12637972009327963,0.11528462473817665
261,261.0,261.5001270023383,0.12487557922213807,0.11208864176315299,0.16374277641718574,0.101431268538286,0.09831312443368867,0.15714486267828165,0.1267867743949049,0.11561697255236203
262,262.0,262.5002355967765,0.12459085551330225,0.11068296943071818,0.1661139732403076,0.1006538617663647,0.09834635981800169,0.1567106998873218,0.12695660196557354,0.11594467837841031
263,263.0,263.5003309758032,0.12480501873876164,0.1093102405574988,0.16841696415625518,0.09991525781123159,0.09839468778277397,0.15597873321745903,0.12691343308502748,0.1162656646509924
264,264.0,264.5004135071691,0.12489200896098737,0.10853300893464483,0.17039824492861927,0.09921511922681092,0.09845227258636362,0.1552895841318457,0.12667597287670945,0.1165437883540189
265,265.0,265.50048365032677,0.12486342426783015,0.10777034628247363,0.17206762853541682,0.09855651775845886,0.09851752959343618,0.15497958190336075,0.1268218415248666,0.11642313013415707
266,266.0,266.5005419426654,0.12359535470318965,0.10725815623749672,0.17300236690962495,0.09805662861316128,0.0986745421514,0.15534583890929804,0.12680903129695156,0.11725808117887791
267,267.0,267.50058898634353,0.12221852183580284,0.10671628078767928,0.17400126319876694,0.09757440511717463,0.09878239024669523,0.15619351487511965,0.12652311322339324,0.11799051071536827
268,268.0,268.5006254357904,0.12077990083889628,0.10619959151654051,0.17487742910236848,0.09713613591897129,0.09889182903360569,0.15733493386688466,0.12611179418960747,0.11866838553312578
269,269.0,269.5006519859347,0.11930900656324976,0.10614793793083396,0.17550234027521283,0.09674479155670786,0.09900458833105365,0.15837769878739616,0.1250941461051692,0.11981949045037671
270,270.0,270.5006693612052,0.1178428432591852,0.10612627522612496,0.17602833019364672,0.09639007596777044,0.09908588194855883,0.15925489418712196,0.12394560588444661,0.12132609333314542
271,271.0,271.50067830533663,0.11569881149896954,0.10665298891930014,0.17669968401243963,0.09617298202000185,0.09922442888718411,0.16010903499811055,0.12266306424844975,0.12277900541554457
272,272.0,272.50067957200156,0.1135915207878074,0.10719755222579828,0.1770991307029757,0.09599002706227386,0.09933400068541627,0.1612327352416917,0.1212953371695852,0.12425969612445172
273,273.0,273.50067391628,0.11153740828466652,0.10775186503553566,0.17724526904914067,0.09583908661023742,0.09941552962362582,0.162347563282561,0.1198630921857136,0.12600018592851941
274,274.0,274.50066208696774,0.10949577415644372,0.10891287498228983,0.17716486197275708,0.09566295598954248,0.09941512975129113,0.16362081282715368,0.1183305039523514,0.12739708636817082
275,275.0,275.5006448197171,0.1075020185748688,0.10995128912144765,0.17680096868603518,0.09548254708046264,0.09937262950539075,0.16555670036317474,0.11678456423398206,0.12854928243463834
276,276.0,276.5006228309943,0.10557189726374724,0.1114973595031033,0.1763528925704344,0.09530108745927235,0.09929365958408543,0.16726869453002832,0.11524306323463515,0.129471345854694
277,277.0,277.5005968128338,0.10371132580652202,0.11344780941189078,0.17603156645326426,0.09510838984500894,0.09915516509035846,0.16875525630207144,0.11366271129786246,0.13012777579302182
278,278.0,278.5005674283611,0.10197888932151603,0.11537332988017196,0.17564987022481268,0.09495443940226264,0.09902526396937572,0.1701594705408837,0.11215166988745301,0.13070706677352445
279,279.0,279.500535308052,0.1003790986763574,0.11725715864731465,0.17521765785849228,0.09483690091830918,0.0989043958950726,0.1714755298574001,0.11071811836487455,0.13121113978217935
280,280.0,280.50050104669333,0.09895421288521261,0.11834427998584943,0.1748431173210022,0.09477307142795863,0.09881262908937401,0.17325244883447954,0.10897338633957374,0.13204685411654998
281,281.0,281.5004652010036,0.09765117218381704,0.11935556035992738,0.17434982394304008,0.09472618675124436,0.09870169450372158,0.17485712352965482,0.10763516072076257,0.1327232780078323
282,282.0,282.50042828787275,0.09654884684235175,0.1213468875912582,0.17265410472430445,0.09477304562571191,0.09865223563370228,0.17613603555770382,0.10640641564834037,0.13348242837662733
283,283.0,283.50039078317633,0.09551732644593491,0.12316471434131884,0.1714120290481043,0.09513323504227618,0.09854279133599263,0.17711656204848,0.10517145083083852,0.13394189090705474
284,284.0,284.5003531211177,0.09455961522734603,0.12462185476236357,0.17077621378114372,0.09545012066993311,0.09838018378513858,0.17781201117483694,0.10394173555264624,0.13445826504659192
285,285.0,285.5003156940538,0.09369580178515836,0.12631094563663342,0.1700880704896547,0.09574834187648526,0.09819483322715156,0.17837066536286966,0.10278355434056154,0.1348077872814856
286,286.0,286.50027885275574,0.09337985192932313,0.1281901810238231,0.16906680227428816,0.09602695489060163,0.09799103946694872,0.17880078956315426,0.10170150759871852,0.13484287325314256
287,287.0,287.50024290705994,0.09316968318859477,0.12995603606018138,0.16818258255287216,0.0963088900270078,0.09779644038797687,0.17906812689797327,0.10072255797313463,0.13479568291225918
288,288.0,288.50020812686313,0.09305629110507568,0.13160201421916312,0.1672818671576088,0.09659081971084606,0.09761188650163792,0.1796711137097109,0.09984600923717507,0.1343399983587825
289,289.0,289.5001747434174,0.09305955322269402,0.13394710644693103,0.16653144378677243,0.0968957741883656,0.09746145549516426,0.18008821678216408,0.09938263987241522,0.1326338102054934
290,290.0,290.50014295088204,0.09314122611894865,0.13615651160455583,0.1659260122663781,0.0971948152636158,0.09732200431600546,0.18036000852505168,0.09901441578676275,0.13088500611868173
291,291.0,291.50011290809135,0.0932921614327915,0.13822154082940166,0.16531506879049676,0.09748538034799713,0.09719366597514767,0.18064297737917365,0.09873534117508946,0.12911386406990216
292,292.0,292.50008474049883,0.09339785793883479,0.1404151981785173,0.16459751193645258,0.09778396333453877,0.09754703688943732,0.18080421191767143,0.09809928870325946,0.12735493110128834
293,293.0,293.5000585422606,0.09349409254648508,0.14237655736494345,0.16381895640824654,0.09803343718289585,0.09796824063366913,0.1812049110026174,0.09751168645471547,0.12559211840642706
294,294.0,294.5000343784236,0.09358989069819025,0.14411765654274605,0.16305533062842317,0.09825594816959421,0.09802780138987996,0.18189673059441247,0.09703661611800539,0.12402002585874851
295,295.0,295.50001228718605,0.09364181006802266,0.14627079391727724,0.1621393104971292,0.0983979628512073,0.0980164980503265,0.1822877669664371,0.09652832350971194,0.12271753413988809
296,296.0,296.49999228220037,0.0940512895907229,0.14789868733893732,0.1612392618011204,0.09847166187969443,0.0979382960045827,0.1824350801317552,0.09654330506798632,0.1214224181852008
297,297.0,297.49997435489126,0.09440598527719118,0.1495131933395309,0.1591204383603946,0.09849243138578172,0.0978084107072575,0.18247458271128092,0.09656111819717658,0.12162384002138663
298,298.0,298.4999584767642,0.0947866450113607,0.15096200106589294,0.15707764171019348,0.09850164098905205,0.09768241421170656,0.18246331284191308,0.09663901454273158,0.1218873296271496
299,299.0,299.49994460168216,0.09518686579111965,0.1527233827443735,0.15501787703214645,0.09850035458375442,0.09756117760270797,0.18203609009686436,0.09677020681955929,0.12220404532947438
300,300.0,300.4999326680915,0.09589477321047446,0.15401478930074122,0.1530771014470615,0.09959983999765698,0.09788326647258785,0.18141747218721124,0.09691775380734494,0.1211950035769218
301,301.0,301.499922601179,0.09712096312444009,0.15486674025500766,0.15116700990860182,0.10063965992359108,0.09814844396606973,0.18082356550491896,0.09704978950400307,0.12018382781336764
302,302.0,302.4999143149459,0.09782884115397433,0.15563091292550923,0.15052067806893005,0.10140913655355162,0.09826310947007358,0.18052005745411762,0.09674497296355493,0.1190822914102887
303,303.0,303.4999077141867,0.09861418191104164,0.15631418852036721,0.14985352333781046,0.10250693712327585,0.0983302135272674,0.18005354279284175,0.09638908357387585,0.11793832921351989
304,304.0,304.4999026963615,0.10001179456062867,0.15681981797524883,0.14917296295695331,0.1035254363010547,0.09836670023912385,0.17933531697249902,0.09600461167200029,0.11676335932249138
305,305.0,305.4998991533553,0.10134165480013796,0.15715815470404138,0.14861733887895978,0.10446006704519856,0.0983734435203341,0.17848186129780833,0.09600030493418477,0.11556717481933523
306,306.0,306.49989697311605,0.10217130017022429,0.1573797267950298,0.14887845281890436,0.10550158599645458,0.09827090863508306,0.17753429441605664,0.09592210175468793,0.11434162941355941
307,307.0,307.4998960411697,0.10220128511001732,0.1580654402125298,0.1490156595292335,0.1063682997340096,0.09770806173588234,0.17737855273381725,0.09583075456205366,0.11343194638245657
308,308.0,308.49989624200623,0.10210925292329723,0.158560593888636,0.14906909904413312,0.10779775303032363,0.09736110150533321,0.17699392698901495,0.09565029914929932,0.11245797346996261
309,309.0,309.49989746033907,0.10197100296668771,0.15894980411242307,0.14906048022607807,0.10938943484985439,0.09699139557395495,0.1765273810233592,0.09545266805760919,0.1116578331900335
310,310.0,310.49989958223523,0.10197902514638733,0.15914080999950087,0.14987128636647243,0.11071974186641073,0.09655634975836792,0.1759494853873576,0.09521812162814967,0.11056517984735346
311,311.0,311.49990249611943,0.1019021647960382,0.15953730487734907,0.15073045481671044,0.1119287185214725,0.09610875475981374,0.1752793871735345,0.0949950136226884,0.10951820143239319
312,312.0,312.49990609365403,0.1017518388171853,0.1598068442473956,0.15203875243507362,0.1129245322502491,0.09563471520167618,0.17445923316577627,0.0950394355758536,0.10834464830679032
313,313.0,313.4999102704986,0.10150459525114307,0.16009404184851364,0.15319298680154692,0.11453742946489764,0.09510968719884733,0.1734381106522395,0.09497876947211126,0.1071443793107007
314,314.0,314.49991492695375,0.10093117402775972,0.15989074693218022,0.15445471682956205,0.11613239959169776,0.09553128798080864,0.1721139206011502,0.09525241445918917,0.10569333957765231
315,315.0,315.4999199684938,0.10030513903366048,0.15958150440779414,0.15550459500773495,0.11748748467311905,0.09592608391252547,0.17122940493442676,0.09543357542437836,0.10453221260636082
316,316.0,316.49992530619494,0.09963731899516491,0.15917930846071154,0.15710694599290634,0.11861208286184571,0.09629211451901212,0.17024701586787436,0.09552726365779032,0.1033979496446947
317,317.0,317.49993085706404,0.09892985463966078,0.15931848149115968,0.15862966086653135,0.11947533070212407,0.09661513321384689,0.16922147188122266,0.09551176950027893,0.10229829770517568
318,318.0,318.4999365442756,0.09856559660762401,0.15917977439918674,0.1600336386192711,0.1201768149936374,0.0969151518612225,0.16820335920932467,0.09568038935150157,0.10124527495823202
319,319.0,319.49994229732323,0.0981790737035303,0.15912957240852882,0.16131310871614454,0.1207235075331002,0.09719042097827771,0.16743756480413033,0.09578464942560143,0.10024210243068671
320,320.0,320.49994805209286,0.09768681278475164,0.15892587350013568,0.1625971518167945,0.12104662883756649,0.09722890311304591,0.16658449027883757,0.09673851453433044,0.0991916251345378
321,321.0,321.49995375086456,0.09731049827334487,0.15899685006741468,0.16403866576918397,0.1205045241386673,0.09767941139727784,0.1655324369274293,0.0974954350609035,0.09844217836577858
322,322.0,322.49995934225046,0.09694068558564653,0.15916511302483935,0.16556566011510251,0.11985665962937939,0.09811311106502191,0.1644683615061728,0.098220379546333,0.09767002952750457
323,323.0,323.49996478107533,0.09657377395554304,0.15942076545818845,0.16699909378225095,0.11911741969366345,0.0985254821906913,0.16347088972903737,0.0979979382244235,0.09789463696620203
324,324.0,324.49997002820686,0.09622966628583994,0.15980125352327676,0.1690575910145732,0.11839575817005983,0.09893632347499766,0.1615862457371241,0.09778845787255568,0.09820470392157293
325,325.0,325.49997505034327,0.09571402691522153,0.1603009270888506,0.17190706756611415,0.1175489951337495,0.09932474952124007,0.1594272912999496,0.09732933353935107,0.09844760893552355
326,326.0,326.49997981976253,0.09520433320822105,0.1608548451261389,0.17479778495088855,0.11663754988927565,0.09967507962662467,0.1573201839119139,0.09681146353865092,0.09869875974828643
327,327.0,327.49998431404225,0.09468745241948477,0.16142237601636986,0.17795208611571503,0.11560357518824782,0.09997511532188384,0.15514861910577354,0.09623516222572047,0.09897561360680476
328,328.0,328.4999885157536,0.09418802328382488,0.1617691850880488,0.18094453421669582,0.1148167621204301,0.10024600156019339,0.1530932787106297,0.09565026748314379,0.09929194753703366
329,329.0,329.4999924121363,0.09372280844080381,0.16208279535123302,0.18376814683596243,0.11403728968020665,0.10049470118162195,0.15129643272457188,0.09507700111482478,0.09952082467077553
330,330.0,330.4999959947594,0.0932975320064864,0.16265214131909347,0.1866189731709334,0.11330310378320681,0.10050291335671209,0.14967222329110685,0.09432383797402717,0.09962927509843382
331,331.0,331.4999992591725,0.09282228867123335,0.16323817264004403,0.1892131860838476,0.11253462761250697,0.10056868889851289,0.1481278764344083,0.09366410384211672,0.09983105581733016
