,Unnamed: 0,Total_iterations,Intertwine_two,Add_vertex,Delete_vertex,Invert_path_vertices,Insert_inside_vertex,Delete_inside_vertex
0,0.0,0.0,0.16666666666666669,0.16666666666666669,0.16666666666666669,0.16666666666666669,0.16666666666666669,0.16666666666666669
1,1.0,1.0,0.16666666666666669,0.16666666666666669,0.16666666666666669,0.16666666666666669,0.16666666666666669,0.16666666666666669
2,2.0,2.0,0.16666666666666669,0.16666666666666669,0.16666666666666669,0.16666666666666669,0.16666666666666669,0.16666666666666669
3,3.0,3.0,0.16666666666666669,0.16666666666666669,0.16666666666666669,0.16666666666666669,0.16666666666666669,0.16666666666666669
4,4.0,4.0,0.16666666666666669,0.16666666666666669,0.16666666666666669,0.16666666666666669,0.16666666666666669,0.16666666666666669
5,5.0,5.0,0.16666666666666669,0.16666666666666669,0.16666666666666669,0.16666666666666669,0.16666666666666669,0.16666666666666669
6,6.0,6.0,0.16666666666666669,0.16666666666666669,0.16666666666666669,0.16666666666666669,0.16666666666666669,0.16666666666666669
7,7.0,7.0,0.16666666666666669,0.16666666666666669,0.16666666666666669,0.16666666666666669,0.16666666666666669,0.16666666666666669
8,8.0,8.0,0.16666666666666669,0.16666666666666669,0.16666666666666669,0.16666666666666669,0.16666666666666669,0.16666666666666669
9,9.0,9.0,0.16666666666666669,0.16666666666666669,0.16666666666666669,0.16666666666666669,0.16666666666666669,0.16666666666666669
10,10.0,10.0,0.16666666666666669,0.16666666666666669,0.16666666666666669,0.16666666666666669,0.16666666666666669,0.16666666666666669
11,11.0,11.0,0.16666666666666669,0.16666666666666669,0.16666666666666669,0.16666666666666669,0.16666666666666669,0.16666666666666669
12,12.0,12.0,0.16666666666666669,0.16666666666666669,0.16666666666666669,0.16666666666666669,0.16666666666666669,0.16666666666666669
13,13.0,13.0,0.16666666666666669,0.16666666666666669,0.16666666666666669,0.16666666666666669,0.16666666666666669,0.16666666666666669
14,14.0,14.0,0.16666666666666669,0.16666666666666669,0.16666666666666669,0.16666666666666669,0.16666666666666669,0.16666666666666669
15,15.0,15.0,0.16666666666666669,0.16666666666666669,0.16666666666666669,0.16666666666666669,0.16666666666666669,0.16666666666666669
16,16.0,16.0,0.16666666666666669,0.16666666666666669,0.16666666666666669,0.16666666666666669,0.16666666666666669,0.16666666666666669
17,17.0,17.0,0.16666666666666669,0.16666666666666669,0.16666666666666669,0.16666666666666669,0.16666666666666669,0.16666666666666669
18,18.0,18.0,0.16666666666666669,0.16666666666666669,0.16666666666666669,0.16666666666666669,0.16666666666666669,0.16666666666666669
19,19.0,19.0,0.16666666666666669,0.16666666666666669,0.16666666666666669,0.16666666666666669,0.16666666666666669,0.16666666666666669
20,20.0,20.0,0.16666666666666669,0.16666666666666669,0.16666666666666669,0.16666666666666669,0.16666666666666669,0.16666666666666669
21,21.0,21.0,0.16666666666666669,0.16666666666666669,0.16666666666666669,0.16666666666666669,0.16666666666666669,0.16666666666666669
22,22.0,22.0,0.16666666666666669,0.16666666666666669,0.16666666666666669,0.16666666666666669,0.16666666666666669,0.16666666666666669
23,23.0,23.0,0.16666666666666669,0.16666666666666669,0.16666666666666669,0.16666666666666669,0.16666666666666669,0.16666666666666669
24,24.0,24.0,0.16666666666666669,0.16666666666666669,0.16666666666666669,0.16666666666666669,0.16666666666666669,0.16666666666666669
25,25.0,25.0,0.16666666666666669,0.16666666666666669,0.16666666666666669,0.16666666666666669,0.16666666666666669,0.16666666666666669
26,26.0,26.0,0.16666666666666669,0.16666666666666669,0.16666666666666669,0.16666666666666669,0.16666666666666669,0.16666666666666669
27,27.0,27.0,0.16666666666666669,0.16666666666666669,0.16666666666666669,0.16666666666666669,0.16666666666666669,0.16666666666666669
28,28.0,28.0,0.16666666666666669,0.16666666666666669,0.16666666666666669,0.16666666666666669,0.16666666666666669,0.16666666666666669
29,29.0,29.0,0.16666666666666669,0.16666666666666669,0.16666666666666669,0.16666666666666669,0.16666666666666669,0.16666666666666669
30,30.0,30.0,0.16666666666666669,0.16666666666666669,0.16666666666666669,0.16666666666666669,0.16666666666666669,0.16666666666666669
31,31.0,31.0,0.16666666666666669,0.16666666666666669,0.16666666666666669,0.16666666666666669,0.16666666666666669,0.16666666666666669
32,32.0,32.0,0.16666666666666669,0.16666666666666669,0.16666666666666669,0.16666666666666669,0.16666666666666669,0.16666666666666669
33,33.0,33.0,0.16666666666666669,0.16666666666666669,0.16666666666666669,0.16666666666666669,0.16666666666666669,0.16666666666666669
34,34.0,34.0,0.16666666666666669,0.16666666666666669,0.16666666666666669,0.16666666666666669,0.16666666666666669,0.16666666666666669
35,35.0,35.0,0.16666666666666669,0.16666666666666669,0.16666666666666669,0.16666666666666669,0.16666666666666669,0.16666666666666669
36,36.0,36.0,0.16666666666666669,0.16666666666666669,0.16666666666666669,0.16666666666666669,0.16666666666666669,0.16666666666666669
37,37.0,37.0,0.16666666666666669,0.16666666666666669,0.16666666666666669,0.16666666666666669,0.16666666666666669,0.16666666666666669
38,38.0,38.0,0.16666666666666669,0.16666666666666669,0.16666666666666669,0.16666666666666669,0.16666666666666669,0.16666666666666669
39,39.0,39.0,0.16666666666666669,0.16666666666666669,0.16666666666666669,0.16666666666666669,0.16666666666666669,0.16666666666666669
40,40.0,40.0,0.16666666666666669,0.16666666666666669,0.16666666666666669,0.16666666666666669,0.16666666666666669,0.16666666666666669
41,41.0,41.0,0.16666666666666669,0.16666666666666669,0.16666666666666669,0.16666666666666669,0.16666666666666669,0.16666666666666669
42,42.0,42.0,0.16666666666666669,0.16666666666666669,0.16666666666666669,0.16666666666666669,0.16666666666666669,0.16666666666666669
43,43.0,43.0,0.16666666666666669,0.16666666666666669,0.16666666666666669,0.16666666666666669,0.16666666666666669,0.16666666666666669
44,44.0,44.0,0.16666666666666669,0.16666666666666669,0.16666666666666669,0.16666666666666669,0.16666666666666669,0.16666666666666669
45,45.0,45.0,0.16666666666666669,0.16666666666666669,0.16666666666666669,0.16666666666666669,0.16666666666666669,0.16666666666666669
46,46.0,46.0,0.16666666666666669,0.16666666666666669,0.16666666666666669,0.16666666666666669,0.16666666666666669,0.16666666666666669
47,47.0,47.0,0.16666666666666669,0.16666666666666669,0.16666666666666669,0.16666666666666669,0.16666666666666669,0.16666666666666669
48,48.0,48.0,0.16666666666666669,0.16666666666666669,0.16666666666666669,0.16666666666666669,0.16666666666666669,0.16666666666666669
49,49.0,49.0,0.16666666666666669,0.16666666666666669,0.16666666666666669,0.16666666666666669,0.16666666666666669,0.16666666666666669
50,50.0,50.0,0.16666666666666669,0.16666666666666669,0.16666666666666669,0.16666666666666669,0.16666666666666669,0.16666666666666669
51,51.0,51.0,0.16666666666666669,0.16666666666666669,0.16666666666666669,0.16666666666666669,0.16666666666666669,0.16666666666666669
52,52.0,52.0,0.16666666666666669,0.16666666666666669,0.16666666666666669,0.16666666666666669,0.16666666666666669,0.16666666666666669
53,53.0,53.0,0.16666666666666669,0.16666666666666669,0.16666666666666669,0.16666666666666669,0.16666666666666669,0.16666666666666669
54,54.0,54.0,0.16666666666666669,0.16666666666666669,0.16666666666666669,0.16666666666666669,0.16666666666666669,0.16666666666666669
55,55.0,55.0,0.16666666666666669,0.16666666666666669,0.16666666666666669,0.16666666666666669,0.16666666666666669,0.16666666666666669
56,56.0,56.0,0.16666666666666669,0.16666666666666669,0.16666666666666669,0.16666666666666669,0.16666666666666669,0.16666666666666669
57,57.0,57.0,0.16666666666666669,0.16666666666666669,0.16666666666666669,0.16666666666666669,0.16666666666666669,0.16666666666666669
58,58.0,58.0,0.16666666666666669,0.16666666666666669,0.16666666666666669,0.16666666666666669,0.16666666666666669,0.16666666666666669
59,59.0,59.0,0.16666666666666669,0.16666666666666669,0.16666666666666669,0.16666666666666669,0.16666666666666669,0.16666666666666669
60,60.0,60.0,0.16666666666666669,0.16666666666666669,0.16666666666666669,0.16666666666666669,0.16666666666666669,0.16666666666666669
61,61.0,61.0,0.16666666666666669,0.16666666666666669,0.16666666666666669,0.16666666666666669,0.16666666666666669,0.16666666666666669
62,62.0,62.0,0.16666666666666669,0.16666666666666669,0.16666666666666669,0.16666666666666669,0.16666666666666669,0.16666666666666669
63,63.0,63.0,0.16666666666666669,0.16666666666666669,0.16666666666666669,0.16666666666666669,0.16666666666666669,0.16666666666666669
64,64.0,64.0,0.16666666666666669,0.16666666666666669,0.16666666666666669,0.16666666666666669,0.16666666666666669,0.16666666666666669
65,65.0,65.0,0.16666666666666669,0.16666666666666669,0.16666666666666669,0.16666666666666669,0.16666666666666669,0.16666666666666669
66,66.0,66.0,0.16666666666666669,0.16666666666666669,0.16666666666666669,0.16666666666666669,0.16666666666666669,0.16666666666666669
67,67.0,67.0,0.16666666666666669,0.16666666666666669,0.16666666666666669,0.16666666666666669,0.16666666666666669,0.16666666666666669
68,68.0,68.0,0.16666666666666669,0.16666666666666669,0.16666666666666669,0.16666666666666669,0.16666666666666669,0.16666666666666669
69,69.0,69.1,0.16666666666666669,0.16666666666666669,0.16666666666666669,0.16666666666666669,0.16666666666666669,0.16666666666666669
70,70.0,70.1,0.16666666666666669,0.16666666666666669,0.16666666666666669,0.16666666666666669,0.16666666666666669,0.16666666666666669
71,71.0,71.2,0.16666666666666669,0.16666666666666669,0.16666666666666669,0.16666666666666669,0.16666666666666669,0.16666666666666669
72,72.0,72.2,0.16666666666666669,0.16666666666666669,0.16666666666666669,0.16666666666666669,0.16666666666666669,0.16666666666666669
73,73.0,73.2,0.16666666666666669,0.16666666666666669,0.16666666666666669,0.16666666666666669,0.16666666666666669,0.16666666666666669
74,74.0,74.2,0.16666666666666669,0.16666666666666669,0.16666666666666669,0.16666666666666669,0.16666666666666669,0.16666666666666669
75,75.0,75.2,0.16666666666666669,0.16666666666666669,0.16666666666666669,0.16666666666666669,0.16666666666666669,0.16666666666666669
76,76.0,76.2,0.16666666666666669,0.16666666666666669,0.16666666666666669,0.16666666666666669,0.16666666666666669,0.16666666666666669
77,77.0,77.2,0.16666666666666669,0.16666666666666669,0.16666666666666669,0.16666666666666669,0.16666666666666669,0.16666666666666669
78,78.0,78.3,0.16666666666666669,0.16666666666666669,0.16666666666666669,0.16666666666666669,0.16666666666666669,0.16666666666666669
79,79.0,79.3,0.16666666666666669,0.16666666666666669,0.16666666666666669,0.16666666666666669,0.16666666666666669,0.16666666666666669
80,80.0,80.3,0.16666666666666669,0.16666666666666669,0.16666666666666669,0.16666666666666669,0.16666666666666669,0.16666666666666669
81,81.0,81.3,0.16666666666666669,0.16666666666666669,0.16666666666666669,0.16666666666666669,0.16666666666666669,0.16666666666666669
82,82.0,82.3,0.16666666666666669,0.16666666666666669,0.16666666666666669,0.16666666666666669,0.16666666666666669,0.16666666666666669
83,83.0,83.3,0.16666666666666669,0.16666666666666669,0.16666666666666669,0.16666666666666669,0.16666666666666669,0.16666666666666669
84,84.0,84.4,0.16666666666666669,0.16666666666666669,0.16666666666666669,0.16666666666666669,0.16666666666666669,0.16666666666666669
85,85.0,85.4,0.16666666666666669,0.16666666666666669,0.16666666666666669,0.16666666666666669,0.16666666666666669,0.16666666666666669
86,86.0,86.4,0.16666666666666669,0.16666666666666669,0.16666666666666669,0.16666666666666669,0.16666666666666669,0.16666666666666669
87,87.0,87.4,0.16666666666666669,0.16666666666666669,0.16666666666666669,0.16666666666666669,0.16666666666666669,0.16666666666666669
88,88.0,88.4,0.16666666666666669,0.16666666666666669,0.16666666666666669,0.16666666666666669,0.16666666666666669,0.16666666666666669
89,89.0,89.4,0.16666666666666669,0.16666666666666669,0.16666666666666669,0.16666666666666669,0.16666666666666669,0.16666666666666669
90,90.0,90.4,0.16666666666666669,0.16666666666666669,0.16666666666666669,0.16666666666666669,0.16666666666666669,0.16666666666666669
91,91.0,91.5,0.16666666666666669,0.16666666666666669,0.16666666666666669,0.16666666666666669,0.16666666666666669,0.16666666666666669
92,92.0,92.5,0.16666666666666669,0.16666666666666669,0.16666666666666669,0.16666666666666669,0.16666666666666669,0.16666666666666669
93,93.0,93.5,0.16666666666666669,0.16666666666666669,0.16666666666666669,0.16666666666666669,0.16666666666666669,0.16666666666666669
94,94.0,94.5,0.16666666666666669,0.16666666666666669,0.16666666666666669,0.16666666666666669,0.16666666666666669,0.16666666666666669
95,95.0,95.5,0.16666666666666669,0.16666666666666669,0.16666666666666669,0.16666666666666669,0.16666666666666669,0.16666666666666669
96,96.0,96.5,0.16666666666666669,0.16666666666666669,0.16666666666666669,0.16666666666666669,0.16666666666666669,0.16666666666666669
97,97.0,97.5,0.16666666666666669,0.16666666666666669,0.16666666666666669,0.16666666666666669,0.16666666666666669,0.16666666666666669
98,98.0,98.5,0.16666666666666669,0.16666666666666669,0.16666666666666669,0.16666666666666669,0.16666666666666669,0.16666666666666669
99,99.0,99.5,0.16666666666666669,0.16666666666666669,0.16666666666666669,0.16666666666666669,0.16666666666666669,0.16666666666666669
100,100.0,100.6,0.16666666666666669,0.16666666666666669,0.16666666666666669,0.16666666666666669,0.16666666666666669,0.16666666666666669
101,101.0,101.6,0.16666666666666669,0.16666666666666669,0.16666666666666669,0.16666666666666669,0.16666666666666669,0.16666666666666669
102,102.0,102.6,0.16666666666666669,0.16666666666666669,0.16666666666666669,0.16666666666666669,0.16666666666666669,0.16666666666666669
103,103.0,103.6,0.16666666666666669,0.16666666666666669,0.16666666666666669,0.16666666666666669,0.16666666666666669,0.16666666666666669
104,104.0,104.6,0.16666666666666669,0.16666666666666669,0.16666666666666669,0.16666666666666669,0.16666666666666669,0.16666666666666669
105,105.0,105.6,0.16666666666666669,0.16666666666666669,0.16666666666666669,0.16666666666666669,0.16666666666666669,0.16666666666666669
106,106.0,106.6,0.16666666666666669,0.16666666666666669,0.16666666666666669,0.16666666666666669,0.16666666666666669,0.16666666666666669
107,107.0,107.6,0.16666666666666669,0.16666666666666669,0.16666666666666669,0.16666666666666669,0.16666666666666669,0.16666666666666669
108,108.0,108.6,0.16666666666666669,0.16666666666666669,0.16666666666666669,0.16666666666666669,0.16666666666666669,0.16666666666666669
109,109.0,109.6,0.16666666666666669,0.16666666666666669,0.16666666666666669,0.16666666666666669,0.16666666666666669,0.16666666666666669
110,110.0,110.6,0.16666666666666669,0.16666666666666669,0.16666666666666669,0.16666666666666669,0.16666666666666669,0.16666666666666669
111,111.0,111.6,0.16666666666666669,0.16666666666666669,0.16666666666666669,0.16666666666666669,0.16666666666666669,0.16666666666666669
112,112.0,112.6,0.16666666666666669,0.16666666666666669,0.16666666666666669,0.16666666666666669,0.16666666666666669,0.16666666666666669
113,113.0,113.6,0.16666666666666669,0.16666666666666669,0.16666666666666669,0.16666666666666669,0.16666666666666669,0.16666666666666669
114,114.0,114.6,0.16666666666666669,0.16666666666666669,0.16666666666666669,0.16666666666666669,0.16666666666666669,0.16666666666666669
115,115.0,115.6,0.16666666666666669,0.16666666666666669,0.16666666666666669,0.16666666666666669,0.16666666666666669,0.16666666666666669
116,116.0,116.6,0.16666666666666669,0.16666666666666669,0.16666666666666669,0.16666666666666669,0.16666666666666669,0.16666666666666669
117,117.0,117.6,0.16666666666666669,0.16666666666666669,0.16666666666666669,0.16666666666666669,0.16666666666666669,0.16666666666666669
118,118.0,118.6,0.16666666666666669,0.16666666666666669,0.16666666666666669,0.16666666666666669,0.16666666666666669,0.16666666666666669
119,119.0,119.6,0.16666666666666669,0.16666666666666669,0.16666666666666669,0.16666666666666669,0.16666666666666669,0.16666666666666669
120,120.0,120.6,0.16666666666666669,0.16666666666666669,0.16666666666666669,0.16666666666666669,0.16666666666666669,0.16666666666666669
121,121.0,121.6,0.16666666666666669,0.16666666666666669,0.16666666666666669,0.16666666666666669,0.16666666666666669,0.16666666666666669
122,122.0,122.6,0.16666666666666669,0.16666666666666669,0.16666666666666669,0.16666666666666669,0.16666666666666669,0.16666666666666669
123,123.0,123.6,0.16666666666666669,0.16666666666666669,0.16666666666666669,0.16666666666666669,0.16666666666666669,0.16666666666666669
124,124.0,124.6,0.16666666666666669,0.16666666666666669,0.16666666666666669,0.16666666666666669,0.16666666666666669,0.16666666666666669
125,125.0,125.6,0.16666666666666669,0.16666666666666669,0.16666666666666669,0.16666666666666669,0.16666666666666669,0.16666666666666669
126,126.0,126.6,0.16666666666666669,0.16666666666666669,0.16666666666666669,0.16666666666666669,0.16666666666666669,0.16666666666666669
127,127.0,127.6,0.16666666666666669,0.16666666666666669,0.16666666666666669,0.16666666666666669,0.16666666666666669,0.16666666666666669
128,128.0,128.6,0.16666666666666669,0.16666666666666669,0.16666666666666669,0.16666666666666669,0.16666666666666669,0.16666666666666669
129,129.0,129.6,0.16666666666666669,0.16666666666666669,0.16666666666666669,0.16666666666666669,0.16666666666666669,0.16666666666666669
130,130.0,130.6,0.16666666666666669,0.16666666666666669,0.16666666666666669,0.16666666666666669,0.16666666666666669,0.16666666666666669
131,131.0,131.6,0.16666666666666669,0.16666666666666669,0.16666666666666669,0.16666666666666669,0.16666666666666669,0.16666666666666669
132,132.0,132.6,0.16666666666666669,0.16666666666666669,0.16666666666666669,0.16666666666666669,0.16666666666666669,0.16666666666666669
133,133.0,133.6,0.16666666666666669,0.16666666666666669,0.16666666666666669,0.16666666666666669,0.16666666666666669,0.16666666666666669
134,134.0,134.6,0.16666666666666669,0.16666666666666669,0.16666666666666669,0.16666666666666669,0.16666666666666669,0.16666666666666669
135,135.0,135.6,0.16666666666666669,0.16666666666666669,0.16666666666666669,0.16666666666666669,0.16666666666666669,0.16666666666666669
136,136.0,136.6,0.16666666666666669,0.16666666666666669,0.16666666666666669,0.16666666666666669,0.16666666666666669,0.16666666666666669
137,137.0,137.6,0.16666666666666669,0.16666666666666669,0.16666666666666669,0.16666666666666669,0.16666666666666669,0.16666666666666669
138,138.0,138.6,0.16666666666666669,0.16666666666666669,0.16666666666666669,0.16666666666666669,0.16666666666666669,0.16666666666666669
139,139.0,139.6,0.16666666666666669,0.16666666666666669,0.16666666666666669,0.16666666666666669,0.16666666666666669,0.16666666666666669
140,140.0,140.6,0.16666666666666669,0.16666666666666669,0.16666666666666669,0.16666666666666669,0.16666666666666669,0.16666666666666669
141,141.0,141.6,0.16666666666666669,0.16666666666666669,0.16666666666666669,0.16666666666666669,0.16666666666666669,0.16666666666666669
142,142.0,142.6,0.16666666666666669,0.16666666666666669,0.16666666666666669,0.16666666666666669,0.16666666666666669,0.16666666666666669
143,143.0,143.6,0.16666666666666669,0.16666666666666669,0.16666666666666669,0.16666666666666669,0.16666666666666669,0.16666666666666669
144,144.0,144.6,0.16666666666666669,0.16666666666666669,0.16666666666666669,0.16666666666666669,0.16666666666666669,0.16666666666666669
145,145.0,145.7,0.16666666666666669,0.16666666666666669,0.16666666666666669,0.16666666666666669,0.16666666666666669,0.16666666666666669
146,146.0,146.7,0.16666666666666669,0.16666666666666669,0.16666666666666669,0.16666666666666669,0.16666666666666669,0.16666666666666669
147,147.0,147.7,0.16666666666666669,0.16666666666666669,0.16666666666666669,0.16666666666666669,0.16666666666666669,0.16666666666666669
148,148.0,148.7,0.16666666666666669,0.16666666666666669,0.16666666666666669,0.16666666666666669,0.16666666666666669,0.16666666666666669
149,149.0,149.7,0.16666666666666669,0.16666666666666669,0.16666666666666669,0.16666666666666669,0.16666666666666669,0.16666666666666669
150,150.0,150.7,0.16666666666666669,0.16666666666666669,0.16666666666666669,0.16666666666666669,0.16666666666666669,0.16666666666666669
151,151.0,151.7,0.16666666666666669,0.16666666666666669,0.16666666666666669,0.16666666666666669,0.16666666666666669,0.16666666666666669
152,152.0,152.8,0.16666666666666669,0.16666666666666669,0.16666666666666669,0.16666666666666669,0.16666666666666669,0.16666666666666669
153,153.0,153.8,0.16666666666666669,0.16666666666666669,0.16666666666666669,0.16666666666666669,0.16666666666666669,0.16666666666666669
154,154.0,154.8,0.16666666666666669,0.16666666666666669,0.16666666666666669,0.16666666666666669,0.16666666666666669,0.16666666666666669
155,155.0,155.8,0.16666666666666669,0.16666666666666669,0.16666666666666669,0.16666666666666669,0.16666666666666669,0.16666666666666669
156,156.0,156.8,0.16666666666666669,0.16666666666666669,0.16666666666666669,0.16666666666666669,0.16666666666666669,0.16666666666666669
157,157.0,157.9,0.16666666666666669,0.16666666666666669,0.16666666666666669,0.16666666666666669,0.16666666666666669,0.16666666666666669
158,158.0,158.9,0.16666666666666669,0.16666666666666669,0.16666666666666669,0.16666666666666669,0.16666666666666669,0.16666666666666669
159,159.0,159.9,0.16666666666666669,0.16666666666666669,0.16666666666666669,0.16666666666666669,0.16666666666666669,0.16666666666666669
160,160.0,160.9,0.16666666666666669,0.16666666666666669,0.16666666666666669,0.16666666666666669,0.16666666666666669,0.16666666666666669
161,161.0,161.9,0.16666666666666669,0.16666666666666669,0.16666666666666669,0.16666666666666669,0.16666666666666669,0.16666666666666669
162,162.0,162.9,0.16666666666666669,0.16666666666666669,0.16666666666666669,0.16666666666666669,0.16666666666666669,0.16666666666666669
163,163.0,163.9,0.16666666666666669,0.16666666666666669,0.16666666666666669,0.16666666666666669,0.16666666666666669,0.16666666666666669
164,164.0,164.9,0.16666666666666669,0.16666666666666669,0.16666666666666669,0.16666666666666669,0.16666666666666669,0.16666666666666669
165,165.0,165.9,0.16666666666666669,0.16666666666666669,0.16666666666666669,0.16666666666666669,0.16666666666666669,0.16666666666666669
166,166.0,166.9,0.16666666666666669,0.16666666666666669,0.16666666666666669,0.16666666666666669,0.16666666666666669,0.16666666666666669
167,167.0,167.9,0.16666666666666669,0.16666666666666669,0.16666666666666669,0.16666666666666669,0.16666666666666669,0.16666666666666669
168,168.0,168.9,0.16666666666666669,0.16666666666666669,0.16666666666666669,0.16666666666666669,0.16666666666666669,0.16666666666666669
169,169.0,169.9,0.16666666666666669,0.16666666666666669,0.16666666666666669,0.16666666666666669,0.16666666666666669,0.16666666666666669
170,170.0,170.9,0.16666666666666669,0.16666666666666669,0.16666666666666669,0.16666666666666669,0.16666666666666669,0.16666666666666669
171,171.0,171.9,0.16666666666666669,0.16666666666666669,0.16666666666666669,0.16666666666666669,0.16666666666666669,0.16666666666666669
172,172.0,172.9,0.16666666666666669,0.16666666666666669,0.16666666666666669,0.16666666666666669,0.16666666666666669,0.16666666666666669
173,173.0,173.9,0.16666666666666669,0.16666666666666669,0.16666666666666669,0.16666666666666669,0.16666666666666669,0.16666666666666669
174,174.0,174.9,0.16666666666666669,0.16666666666666669,0.16666666666666669,0.16666666666666669,0.16666666666666669,0.16666666666666669
175,175.0,175.9,0.16666666666666669,0.16666666666666669,0.16666666666666669,0.16666666666666669,0.16666666666666669,0.16666666666666669
176,176.0,176.9,0.16666666666666669,0.16666666666666669,0.16666666666666669,0.16666666666666669,0.16666666666666669,0.16666666666666669
177,177.0,177.9,0.16666666666666669,0.16666666666666669,0.16666666666666669,0.16666666666666669,0.16666666666666669,0.16666666666666669
178,178.0,178.9,0.16666666666666669,0.16666666666666669,0.16666666666666669,0.16666666666666669,0.16666666666666669,0.16666666666666669
179,179.0,179.9,0.16666666666666669,0.16666666666666669,0.16666666666666669,0.16666666666666669,0.16666666666666669,0.16666666666666669
180,180.0,180.9,0.16666666666666669,0.16666666666666669,0.16666666666666669,0.16666666666666669,0.16666666666666669,0.16666666666666669
181,181.0,181.9,0.16666666666666669,0.16666666666666669,0.16666666666666669,0.16666666666666669,0.16666666666666669,0.16666666666666669
182,182.0,182.9,0.16666666666666669,0.16666666666666669,0.16666666666666669,0.16666666666666669,0.16666666666666669,0.16666666666666669
183,183.0,183.9,0.16666666666666669,0.16666666666666669,0.16666666666666669,0.16666666666666669,0.16666666666666669,0.16666666666666669
184,184.0,184.9,0.16666666666666669,0.16666666666666669,0.16666666666666669,0.16666666666666669,0.16666666666666669,0.16666666666666669
185,185.0,185.9,0.16666666666666669,0.16666666666666669,0.16666666666666669,0.16666666666666669,0.16666666666666669,0.16666666666666669
186,186.0,187.0,0.16666666666666669,0.16666666666666669,0.16666666666666669,0.16666666666666669,0.16666666666666669,0.16666666666666669
187,187.0,188.0,0.16666666666666669,0.16666666666666669,0.16666666666666669,0.16666666666666669,0.16666666666666669,0.16666666666666669
188,188.0,189.0,0.16666666666666669,0.16666666666666669,0.16666666666666669,0.16666666666666669,0.16666666666666669,0.16666666666666669
189,189.0,190.0,0.16666666666666669,0.16666666666666669,0.16666666666666669,0.16666666666666669,0.16666666666666669,0.16666666666666669
190,190.0,191.0,0.16666666666666669,0.16666666666666669,0.16666666666666669,0.16666666666666669,0.16666666666666669,0.16666666666666669
191,191.0,192.0,0.16666666666666669,0.16666666666666669,0.16666666666666669,0.16666666666666669,0.16666666666666669,0.16666666666666669
192,192.0,193.0,0.16666666666666669,0.16666666666666669,0.16666666666666669,0.16666666666666669,0.16666666666666669,0.16666666666666669
193,193.0,194.0,0.16666666666666669,0.16666666666666669,0.16666666666666669,0.16666666666666669,0.16666666666666669,0.16666666666666669
194,194.0,195.0,0.16666666666666669,0.16666666666666669,0.16666666666666669,0.16666666666666669,0.16666666666666669,0.16666666666666669
195,195.0,196.0,0.16666666666666669,0.16666666666666669,0.16666666666666669,0.16666666666666669,0.16666666666666669,0.16666666666666669
196,196.0,197.0,0.16666666666666669,0.16666666666666669,0.16666666666666669,0.16666666666666669,0.16666666666666669,0.16666666666666669
197,197.0,198.0,0.16666666666666669,0.16666666666666669,0.16666666666666669,0.16666666666666669,0.16666666666666669,0.16666666666666669
198,198.0,199.0,0.16666666666666669,0.16666666666666669,0.16666666666666669,0.16666666666666669,0.16666666666666669,0.16666666666666669
199,199.0,200.0,0.16666666666666669,0.16666666666666669,0.16666666666666669,0.16666666666666669,0.16666666666666669,0.16666666666666669
200,200.0,201.0,0.1642857142857143,0.1642857142857143,0.1642857142857143,0.1642857142857143,0.1642857142857143,0.1785714285714286
201,201.0,202.0,0.1619047619047619,0.1619047619047619,0.17619047619047618,0.1619047619047619,0.1619047619047619,0.1761904761904762
202,202.0,203.0,0.17261904761904762,0.16011904761904763,0.17261904761904762,0.16011904761904763,0.16011904761904763,0.17440476190476192
203,203.0,204.0,0.16746031746031748,0.15634920634920635,0.16746031746031748,0.16746031746031748,0.15634920634920635,0.18492063492063493
204,204.0,205.0,0.16746031746031748,0.15634920634920635,0.16746031746031748,0.16746031746031748,0.15634920634920635,0.18492063492063493
205,205.0,206.0,0.16746031746031748,0.15634920634920635,0.18174603174603174,0.16746031746031748,0.15634920634920635,0.17063492063492064
206,206.0,207.0,0.16746031746031748,0.15634920634920635,0.18174603174603174,0.16746031746031748,0.15634920634920635,0.17063492063492064
207,207.0,208.0,0.16746031746031748,0.15634920634920635,0.18174603174603174,0.16746031746031748,0.15634920634920635,0.17063492063492064
208,208.0,209.0,0.1656746031746032,0.15456349206349207,0.17817460317460318,0.17817460317460318,0.15456349206349207,0.16884920634920636
209,209.0,210.0,0.1656746031746032,0.15456349206349207,0.17817460317460318,0.17817460317460318,0.15456349206349207,0.16884920634920636
210,210.0,211.0,0.1656746031746032,0.15456349206349207,0.17817460317460318,0.1656746031746032,0.16706349206349208,0.16884920634920636
211,211.0,212.0,0.15456349206349204,0.17817460317460318,0.1656746031746032,0.16706349206349205,0.1656746031746032,0.16884920634920633
212,212.0,213.0,0.15206349206349207,0.18317460317460316,0.16206349206349208,0.17428571428571427,0.16206349206349208,0.16634920634920633
213,213.0,214.0,0.15206349206349207,0.18317460317460316,0.16206349206349208,0.17428571428571427,0.16206349206349208,0.16634920634920633
214,214.0,215.0,0.15206349206349207,0.18317460317460316,0.16206349206349208,0.17428571428571427,0.16206349206349208,0.16634920634920633
215,215.0,216.0,0.1496825396825397,0.18079365079365078,0.1596825396825397,0.1719047619047619,0.17396825396825397,0.16396825396825396
216,216.0,217.0,0.1598015873015873,0.17662698412698413,0.155515873015873,0.16773809523809521,0.18051587301587302,0.1598015873015873
217,217.0,218.0,0.15670995670995672,0.17489177489177488,0.1533008658008658,0.15670995670995672,0.19989177489177487,0.158495670995671
218,218.0,219.0,0.15393217893217895,0.173502886002886,0.15191197691197691,0.15532106782106783,0.20822510822510823,0.1571067821067821
219,219.0,220.0,0.15317460317460316,0.17123015873015873,0.1503968253968254,0.15456349206349204,0.20595238095238094,0.16468253968253968
220,220.0,221.0,0.15253357753357752,0.16930708180708182,0.1491147741147741,0.16503357753357753,0.1929181929181929,0.1710927960927961
221,221.0,222.0,0.14837301587301585,0.16376984126984126,0.15662698412698411,0.15948412698412698,0.18765873015873016,0.1840873015873016
222,222.0,223.0,0.1444047619047619,0.15773809523809523,0.1610714285714286,0.16869047619047617,0.18273809523809526,0.18535714285714286
223,223.0,224.0,0.133495670995671,0.1650108225108225,0.16834415584415582,0.16687229437229437,0.18182900432900434,0.18444805194805194
224,224.0,225.0,0.13258658008658006,0.16410173160173158,0.1808116883116883,0.15076839826839827,0.1800108225108225,0.1917207792207792
225,225.0,226.0,0.1384199134199134,0.16374458874458872,0.17819264069264068,0.14945887445887446,0.17965367965367965,0.19053030303030302
226,226.0,227.0,0.13766233766233765,0.16298701298701296,0.18501082251082251,0.14794372294372293,0.17813852813852812,0.18825757575757573
227,227.0,228.0,0.13944805194805193,0.16477272727272724,0.1867965367965368,0.1640151515151515,0.1549242424242424,0.19004329004329001
228,228.0,229.0,0.1388070263070263,0.1641317016317016,0.18487345987345988,0.16273310023310023,0.16133449883449882,0.1881202131202131
229,229.0,230.0,0.13825757575757575,0.16358225108225105,0.19036796536796535,0.16163419913419913,0.15968614718614715,0.18647186147186146
230,230.0,231.0,0.13778138528138525,0.1631060606060606,0.1951298701298701,0.16068181818181818,0.15825757575757574,0.18504329004329004
231,231.0,232.0,0.13599567099567098,0.17382034632034632,0.19334415584415582,0.15711038961038962,0.15647186147186146,0.18325757575757576
232,232.0,233.0,0.14920995670995668,0.18294733044733041,0.18878066378066377,0.1583008658008658,0.15587662337662336,0.16488455988455986
233,233.0,234.0,0.15726551226551225,0.17919733044733044,0.19183621933621933,0.15635642135642136,0.15240440115440115,0.1629401154401154
234,234.0,235.0,0.1547120363296834,0.17610241066123417,0.2036945081062728,0.1547120363296834,0.14948327815974874,0.16129573041337747
235,235.0,236.0,0.14208577370342074,0.1738296833885069,0.21051268992445463,0.15395446057210763,0.14796812664459721,0.1716492657669128
236,236.0,237.0,0.14208577370342074,0.1738296833885069,0.20463033698327818,0.15395446057210763,0.14796812664459721,0.17753161870808926
237,237.0,238.0,0.1414321789321789,0.173502886002886,0.20266955266955264,0.1533008658008658,0.15254329004329,0.17655122655122651
238,238.0,239.0,0.14294733044733043,0.15557359307359306,0.20494227994227993,0.15405844155844156,0.15405844155844153,0.18841991341991343
239,239.0,240.0,0.14294733044733043,0.15557359307359306,0.20494227994227993,0.15405844155844156,0.15405844155844153,0.18841991341991343
240,240.0,241.0,0.14294733044733043,0.15557359307359306,0.20494227994227993,0.15405844155844156,0.15405844155844153,0.18841991341991343
241,241.0,242.0,0.14360092521857226,0.15590039045921397,0.20102071131482896,0.1547120363296834,0.15536563110092522,0.18940030557677617
242,242.0,243.0,0.13451001612766317,0.16499129955012307,0.2121318224259401,0.14360092521857226,0.15536563110092522,0.18940030557677617
243,243.0,244.0,0.13791910703675409,0.1502185722773958,0.1973590951532128,0.15041910703675407,0.15877472201001613,0.20530939648586707
244,244.0,245.0,0.13791910703675409,0.1502185722773958,0.1973590951532128,0.15041910703675407,0.15877472201001613,0.20530939648586707
245,245.0,246.0,0.1476413292589763,0.159940794499618,0.1959702062643239,0.1476413292589763,0.15738583312112725,0.1914205075969782
246,246.0,247.0,0.14900793650793648,0.15456349206349207,0.2115079365079365,0.14900793650793648,0.1390079365079365,0.19690476190476192
247,247.0,248.0,0.14415945165945163,0.1528968253968254,0.21097763347763349,0.1464321789321789,0.14075036075036074,0.2047835497835498
248,248.0,249.0,0.141533189033189,0.16825036075036076,0.20688672438672437,0.14380591630591627,0.13888167388167388,0.20064213564213565
249,249.0,250.0,0.14025113775113773,0.16696830946830946,0.20624569874569873,0.15021617271617269,0.13824064824064825,0.1980780330780331
250,250.0,251.0,0.14025113775113773,0.16696830946830946,0.20624569874569873,0.15021617271617269,0.13824064824064825,0.1980780330780331
251,251.0,252.0,0.1423268398268398,0.15793290043290042,0.2049025974025974,0.15174242424242423,0.15515151515151512,0.18794372294372294
252,252.0,253.0,0.14054112554112552,0.16233766233766234,0.20502164502164502,0.14948051948051946,0.16455627705627704,0.17806277056277056
253,253.0,254.0,0.1448268398268398,0.1466233766233766,0.1893073593073593,0.16805194805194806,0.16884199134199132,0.18234848484848482
254,254.0,255.0,0.1448268398268398,0.1466233766233766,0.1893073593073593,0.16805194805194806,0.16884199134199132,0.18234848484848482
255,255.0,256.0,0.14577922077922073,0.1409090909090909,0.20275974025974025,0.16233766233766234,0.1568181818181818,0.1913961038961039
256,256.0,257.0,0.15149350649350646,0.15424242424242424,0.20180735930735932,0.1470995670995671,0.1563419913419913,0.18901515151515152
257,257.0,258.0,0.15095238095238092,0.15619047619047616,0.20261904761904762,0.14666666666666664,0.15726190476190474,0.1863095238095238
258,258.0,259.0,0.14420491273432448,0.1498631760396466,0.21339797457444515,0.1410676578323637,0.1647893772893773,0.1866769015298427
259,259.0,260.0,0.14365546218487393,0.14931372549019606,0.21669467787114843,0.14051820728291314,0.16369047619047616,0.18612745098039216
260,260.0,261.0,0.14139355742296916,0.14526610644257704,0.21776610644257702,0.15075630252100838,0.16095238095238093,0.18386554621848736
261,261.0,262.0,0.14139355742296916,0.14526610644257704,0.21776610644257702,0.15075630252100838,0.16095238095238093,0.18386554621848736
262,262.0,263.0,0.14139355742296916,0.14526610644257704,0.21776610644257702,0.15075630252100838,0.16095238095238093,0.18386554621848736
263,263.0,264.0,0.13859593837535014,0.142468487394958,0.23217086834733897,0.14795868347338934,0.15773809523809523,0.18106792717086834
264,264.0,265.0,0.15238714716655893,0.14170841413488472,0.22295841413488474,0.1405319435466494,0.15800366300366303,0.18441041801335917
265,265.0,266.0,0.15286060484231218,0.14235403823818457,0.22238452604306264,0.14113452604306262,0.1562963459304923,0.18496995890288576
266,266.0,267.0,0.15269898274416346,0.1421336444679818,0.22217882519087334,0.14092882519087338,0.15607595216028952,0.18598377024581841
267,267.0,268.0,0.15269898274416346,0.1421336444679818,0.22217882519087334,0.14092882519087338,0.15607595216028952,0.18598377024581841
268,268.0,269.0,0.16598569603087676,0.1435322458665832,0.22357742658947477,0.14232742658947478,0.1588731549574923,0.16570404996609817
269,269.0,270.0,0.17128872633390707,0.14277467010900743,0.22281985083189898,0.14156985083189902,0.1573580034423408,0.16418889845094667
270,270.0,271.0,0.1724935456110155,0.14156985083189902,0.22281985083189898,0.14156985083189902,0.1573580034423408,0.16418889845094667
271,271.0,272.0,0.1845238095238095,0.1327380952380952,0.22023809523809526,0.1327380952380952,0.16904761904761906,0.16071428571428573
272,272.0,273.0,0.19346746390864036,0.12947425123895712,0.21312809739280328,0.12947425123895712,0.17584302951950012,0.15861290670114198
273,273.0,274.0,0.19220440412300874,0.1287332822216543,0.2102532157764716,0.1287332822216543,0.1750883806116364,0.1649874350455746
274,274.0,275.0,0.1813297334849059,0.13033188076291524,0.21477358848048503,0.13033188076291524,0.17667361374257926,0.1665593027661993
275,275.0,276.0,0.17954401919919158,0.12854616647720093,0.21120215990905647,0.12854616647720093,0.187387899456865,0.164773588480485
276,276.0,277.0,0.17954401919919158,0.12854616647720093,0.21120215990905647,0.12854616647720093,0.187387899456865,0.164773588480485
277,277.0,278.0,0.17954401919919158,0.12854616647720093,0.21120215990905647,0.12739674118984462,0.1885373247442213,0.164773588480485
278,278.0,279.0,0.17954401919919158,0.12854616647720093,0.21120215990905647,0.12739674118984462,0.1885373247442213,0.164773588480485
279,279.0,280.0,0.17954401919919158,0.12854616647720093,0.21120215990905647,0.12739674118984462,0.1885373247442213,0.164773588480485
280,280.0,281.0,0.17954401919919158,0.12854616647720093,0.21120215990905647,0.12739674118984462,0.1885373247442213,0.164773588480485
281,281.0,282.0,0.17954401919919158,0.12854616647720093,0.21120215990905647,0.12739674118984462,0.1885373247442213,0.164773588480485
282,282.0,283.0,0.17954401919919158,0.12854616647720093,0.21120215990905647,0.12739674118984462,0.1885373247442213,0.164773588480485
283,283.0,284.0,0.17954401919919158,0.12854616647720093,0.21120215990905647,0.12739674118984462,0.1885373247442213,0.164773588480485
284,284.0,285.0,0.17884615384615382,0.1291208791208791,0.21304945054945054,0.12793040293040292,0.1868131868131868,0.16423992673992674
285,285.0,286.0,0.17884615384615382,0.1291208791208791,0.21304945054945054,0.12793040293040292,0.1868131868131868,0.16423992673992674
286,286.0,287.0,0.17448107448107447,0.13427960927960927,0.207493894993895,0.1318986568986569,0.19078144078144077,0.16106532356532358
287,287.0,288.0,0.1743410184586655,0.13406952524599583,0.20725579975579977,0.13171658406952524,0.19058536235006823,0.1620317101199454
288,288.0,289.0,0.17420421955305673,0.1338643268875827,0.20818603231393928,0.13153874549223385,0.190393843882216,0.16181283187097142
289,289.0,290.0,0.17182326717210436,0.1314833745066303,0.2200907942187012,0.12915779311128148,0.1880128915012636,0.159431879490019
290,290.0,291.0,0.17182326717210436,0.1314833745066303,0.2200907942187012,0.12915779311128148,0.1880128915012636,0.159431879490019
291,291.0,292.0,0.17071215606099327,0.1303722633955192,0.22564634977425677,0.1280466820001704,0.18690178039015248,0.1583207683789079
292,292.0,293.0,0.168926441775279,0.14108654910980492,0.22207492120282818,0.1262609677144561,0.1851160661044382,0.15653505409319363
293,293.0,294.0,0.1675375528863901,0.13830877133202713,0.21929714342505036,0.1248720788255672,0.19483828832666045,0.15514616520430474
294,294.0,295.0,0.166426441775279,0.13608654910980492,0.21707492120282815,0.12376096771445608,0.20261606610443822,0.15403505409319362
295,295.0,296.0,0.1675375528863901,0.137197660220916,0.20040825453616148,0.1248720788255672,0.21483828832666046,0.15514616520430474
296,296.0,297.0,0.16662846197729916,0.1444703874936433,0.19859007271797968,0.12396298791647628,0.21211101559938772,0.1542370742952138
