Total_iterations,Unnamed: 0.1,Intertwine_two,Add_vertex,Delete_vertex,Invert_path_vertices,Insert_inside_vertex,Delete_inside_vertex
0,0.0,0.1666666666666666,0.1666666666666666,0.1666666666666666,0.1666666666666666,0.1666666666666666,0.1666666666666666
1,1.0,0.1666666666666666,0.1666666666666666,0.1666666666666666,0.1666666666666666,0.1666666666666666,0.1666666666666666
2,2.0,0.1666666666666666,0.1666666666666666,0.1666666666666666,0.1666666666666666,0.1666666666666666,0.1666666666666666
3,3.0,0.1666666666666666,0.1666666666666666,0.1666666666666666,0.1666666666666666,0.1666666666666666,0.1666666666666666
4,4.0,0.1666666666666666,0.1666666666666666,0.1666666666666666,0.1666666666666666,0.1666666666666666,0.1666666666666666
5,5.0,0.1666666666666666,0.1666666666666666,0.1666666666666666,0.1666666666666666,0.1666666666666666,0.1666666666666666
6,6.0,0.1666666666666666,0.1666666666666666,0.1666666666666666,0.1666666666666666,0.1666666666666666,0.1666666666666666
7,7.0,0.1666666666666666,0.1666666666666666,0.1666666666666666,0.1666666666666666,0.1666666666666666,0.1666666666666666
8,8.0,0.1666666666666666,0.1666666666666666,0.1666666666666666,0.1666666666666666,0.1666666666666666,0.1666666666666666
9,9.0,0.1666666666666666,0.1666666666666666,0.1666666666666666,0.1666666666666666,0.1666666666666666,0.1666666666666666
10,10.0,0.1666666666666666,0.1666666666666666,0.1666666666666666,0.1666666666666666,0.1666666666666666,0.1666666666666666
11,11.0,0.1666666666666666,0.1666666666666666,0.1666666666666666,0.1666666666666666,0.1666666666666666,0.1666666666666666
12,12.0,0.1666666666666666,0.1666666666666666,0.1666666666666666,0.1666666666666666,0.1666666666666666,0.1666666666666666
13,13.0,0.1666666666666666,0.1666666666666666,0.1666666666666666,0.1666666666666666,0.1666666666666666,0.1666666666666666
14,14.0,0.1666666666666666,0.1666666666666666,0.1666666666666666,0.1666666666666666,0.1666666666666666,0.1666666666666666
15,15.0,0.1666666666666666,0.1666666666666666,0.1666666666666666,0.1666666666666666,0.1666666666666666,0.1666666666666666
16,16.0,0.1666666666666666,0.1666666666666666,0.1666666666666666,0.1666666666666666,0.1666666666666666,0.1666666666666666
17,17.0,0.1666666666666666,0.1666666666666666,0.1666666666666666,0.1666666666666666,0.1666666666666666,0.1666666666666666
18,18.0,0.1666666666666666,0.1666666666666666,0.1666666666666666,0.1666666666666666,0.1666666666666666,0.1666666666666666
19,19.0,0.1666666666666666,0.1666666666666666,0.1666666666666666,0.1666666666666666,0.1666666666666666,0.1666666666666666
20,20.0,0.1666666666666666,0.1666666666666666,0.1666666666666666,0.1666666666666666,0.1666666666666666,0.1666666666666666
21,21.0,0.1666666666666666,0.1666666666666666,0.1666666666666666,0.1666666666666666,0.1666666666666666,0.1666666666666666
22,22.0,0.1666666666666666,0.1666666666666666,0.1666666666666666,0.1666666666666666,0.1666666666666666,0.1666666666666666
23,23.0,0.1666666666666666,0.1666666666666666,0.1666666666666666,0.1666666666666666,0.1666666666666666,0.1666666666666666
24,24.0,0.1666666666666666,0.1666666666666666,0.1666666666666666,0.1666666666666666,0.1666666666666666,0.1666666666666666
25,25.0,0.1666666666666666,0.1666666666666666,0.1666666666666666,0.1666666666666666,0.1666666666666666,0.1666666666666666
26,26.0,0.1666666666666666,0.1666666666666666,0.1666666666666666,0.1666666666666666,0.1666666666666666,0.1666666666666666
27,27.0,0.1666666666666666,0.1666666666666666,0.1666666666666666,0.1666666666666666,0.1666666666666666,0.1666666666666666
28,28.0,0.1666666666666666,0.1666666666666666,0.1666666666666666,0.1666666666666666,0.1666666666666666,0.1666666666666666
29,29.0,0.1666666666666666,0.1666666666666666,0.1666666666666666,0.1666666666666666,0.1666666666666666,0.1666666666666666
30,30.0,0.1666666666666666,0.1666666666666666,0.1666666666666666,0.1666666666666666,0.1666666666666666,0.1666666666666666
31,31.0,0.1666666666666666,0.1666666666666666,0.1666666666666666,0.1666666666666666,0.1666666666666666,0.1666666666666666
32,32.0,0.1666666666666666,0.1666666666666666,0.1666666666666666,0.1666666666666666,0.1666666666666666,0.1666666666666666
33,33.0,0.1666666666666666,0.1666666666666666,0.1666666666666666,0.1666666666666666,0.1666666666666666,0.1666666666666666
34,34.0,0.1666666666666666,0.1666666666666666,0.1666666666666666,0.1666666666666666,0.1666666666666666,0.1666666666666666
35,35.0,0.1666666666666666,0.1666666666666666,0.1666666666666666,0.1666666666666666,0.1666666666666666,0.1666666666666666
36,36.0,0.1666666666666666,0.1666666666666666,0.1666666666666666,0.1666666666666666,0.1666666666666666,0.1666666666666666
37,37.0,0.1666666666666666,0.1666666666666666,0.1666666666666666,0.1666666666666666,0.1666666666666666,0.1666666666666666
38,38.0,0.1666666666666666,0.1666666666666666,0.1666666666666666,0.1666666666666666,0.1666666666666666,0.1666666666666666
39,39.0,0.1666666666666666,0.1666666666666666,0.1666666666666666,0.1666666666666666,0.1666666666666666,0.1666666666666666
40,40.0,0.1666666666666666,0.1666666666666666,0.1666666666666666,0.1666666666666666,0.1666666666666666,0.1666666666666666
41,41.0,0.1666666666666666,0.1666666666666666,0.1666666666666666,0.1666666666666666,0.1666666666666666,0.1666666666666666
42,42.0,0.1666666666666666,0.1666666666666666,0.1666666666666666,0.1666666666666666,0.1666666666666666,0.1666666666666666
43,43.0,0.1666666666666666,0.1666666666666666,0.1666666666666666,0.1666666666666666,0.1666666666666666,0.1666666666666666
44,44.0,0.1666666666666666,0.1666666666666666,0.1666666666666666,0.1666666666666666,0.1666666666666666,0.1666666666666666
45,45.0,0.1666666666666666,0.1666666666666666,0.1666666666666666,0.1666666666666666,0.1666666666666666,0.1666666666666666
46,46.0,0.1666666666666666,0.1666666666666666,0.1666666666666666,0.1666666666666666,0.1666666666666666,0.1666666666666666
47,47.0,0.1666666666666666,0.1666666666666666,0.1666666666666666,0.1666666666666666,0.1666666666666666,0.1666666666666666
48,48.0,0.1666666666666666,0.1666666666666666,0.1666666666666666,0.1666666666666666,0.1666666666666666,0.1666666666666666
49,49.0,0.1666666666666666,0.1666666666666666,0.1666666666666666,0.1666666666666666,0.1666666666666666,0.1666666666666666
50,50.0,0.1666666666666666,0.1666666666666666,0.1666666666666666,0.1666666666666666,0.1666666666666666,0.1666666666666666
51,51.0,0.1666666666666666,0.1666666666666666,0.1666666666666666,0.1666666666666666,0.1666666666666666,0.1666666666666666
52,52.0,0.1666666666666666,0.1666666666666666,0.1666666666666666,0.1666666666666666,0.1666666666666666,0.1666666666666666
53,53.0,0.1666666666666666,0.1666666666666666,0.1666666666666666,0.1666666666666666,0.1666666666666666,0.1666666666666666
54,54.0,0.1666666666666666,0.1666666666666666,0.1666666666666666,0.1666666666666666,0.1666666666666666,0.1666666666666666
55,55.0,0.1666666666666666,0.1666666666666666,0.1666666666666666,0.1666666666666666,0.1666666666666666,0.1666666666666666
56,56.0,0.1666666666666666,0.1666666666666666,0.1666666666666666,0.1666666666666666,0.1666666666666666,0.1666666666666666
57,57.0,0.1666666666666666,0.1666666666666666,0.1666666666666666,0.1666666666666666,0.1666666666666666,0.1666666666666666
58,58.0,0.1666666666666666,0.1666666666666666,0.1666666666666666,0.1666666666666666,0.1666666666666666,0.1666666666666666
59,59.0,0.1666666666666666,0.1666666666666666,0.1666666666666666,0.1666666666666666,0.1666666666666666,0.1666666666666666
60,60.0,0.1666666666666666,0.1666666666666666,0.1666666666666666,0.1666666666666666,0.1666666666666666,0.1666666666666666
61,61.0,0.1666666666666666,0.1666666666666666,0.1666666666666666,0.1666666666666666,0.1666666666666666,0.1666666666666666
62,62.0,0.1666666666666666,0.1666666666666666,0.1666666666666666,0.1666666666666666,0.1666666666666666,0.1666666666666666
63,63.0,0.1666666666666666,0.1666666666666666,0.1666666666666666,0.1666666666666666,0.1666666666666666,0.1666666666666666
64,64.0,0.1666666666666666,0.1666666666666666,0.1666666666666666,0.1666666666666666,0.1666666666666666,0.1666666666666666
65,65.0,0.1666666666666666,0.1666666666666666,0.1666666666666666,0.1666666666666666,0.1666666666666666,0.1666666666666666
66,66.0,0.1666666666666666,0.1666666666666666,0.1666666666666666,0.1666666666666666,0.1666666666666666,0.1666666666666666
67,67.0,0.1666666666666666,0.1666666666666666,0.1666666666666666,0.1666666666666666,0.1666666666666666,0.1666666666666666
68,68.0,0.1666666666666666,0.1666666666666666,0.1666666666666666,0.1666666666666666,0.1666666666666666,0.1666666666666666
69,69.0,0.1666666666666666,0.1666666666666666,0.1666666666666666,0.1666666666666666,0.1666666666666666,0.1666666666666666
70,70.0,0.1666666666666666,0.1666666666666666,0.1666666666666666,0.1666666666666666,0.1666666666666666,0.1666666666666666
71,71.0,0.1666666666666666,0.1666666666666666,0.1666666666666666,0.1666666666666666,0.1666666666666666,0.1666666666666666
72,72.0,0.1666666666666666,0.1666666666666666,0.1666666666666666,0.1666666666666666,0.1666666666666666,0.1666666666666666
73,73.0,0.1666666666666666,0.1666666666666666,0.1666666666666666,0.1666666666666666,0.1666666666666666,0.1666666666666666
74,74.0,0.1666666666666666,0.1666666666666666,0.1666666666666666,0.1666666666666666,0.1666666666666666,0.1666666666666666
75,75.0,0.1666666666666666,0.1666666666666666,0.1666666666666666,0.1666666666666666,0.1666666666666666,0.1666666666666666
76,76.0,0.1666666666666666,0.1666666666666666,0.1666666666666666,0.1666666666666666,0.1666666666666666,0.1666666666666666
77,77.0,0.1666666666666666,0.1666666666666666,0.1666666666666666,0.1666666666666666,0.1666666666666666,0.1666666666666666
78,78.0,0.1666666666666666,0.1666666666666666,0.1666666666666666,0.1666666666666666,0.1666666666666666,0.1666666666666666
79,79.0,0.1666666666666666,0.1666666666666666,0.1666666666666666,0.1666666666666666,0.1666666666666666,0.1666666666666666
80,80.0,0.1666666666666666,0.1666666666666666,0.1666666666666666,0.1666666666666666,0.1666666666666666,0.1666666666666666
81,81.0,0.1666666666666666,0.1666666666666666,0.1666666666666666,0.1666666666666666,0.1666666666666666,0.1666666666666666
82,82.0,0.1666666666666666,0.1666666666666666,0.1666666666666666,0.1666666666666666,0.1666666666666666,0.1666666666666666
83,83.0,0.1666666666666666,0.1666666666666666,0.1666666666666666,0.1666666666666666,0.1666666666666666,0.1666666666666666
84,84.0,0.1666666666666666,0.1666666666666666,0.1666666666666666,0.1666666666666666,0.1666666666666666,0.1666666666666666
85,85.0,0.1666666666666666,0.1666666666666666,0.1666666666666666,0.1666666666666666,0.1666666666666666,0.1666666666666666
86,86.0,0.1666666666666666,0.1666666666666666,0.1666666666666666,0.1666666666666666,0.1666666666666666,0.1666666666666666
87,87.0,0.1666666666666666,0.1666666666666666,0.1666666666666666,0.1666666666666666,0.1666666666666666,0.1666666666666666
88,88.0,0.1666666666666666,0.1666666666666666,0.1666666666666666,0.1666666666666666,0.1666666666666666,0.1666666666666666
89,89.0,0.1666666666666666,0.1666666666666666,0.1666666666666666,0.1666666666666666,0.1666666666666666,0.1666666666666666
90,90.0,0.1666666666666666,0.1666666666666666,0.1666666666666666,0.1666666666666666,0.1666666666666666,0.1666666666666666
91,91.0,0.1666666666666666,0.1666666666666666,0.1666666666666666,0.1666666666666666,0.1666666666666666,0.1666666666666666
92,92.0,0.1666666666666666,0.1666666666666666,0.1666666666666666,0.1666666666666666,0.1666666666666666,0.1666666666666666
93,93.0,0.1666666666666666,0.1666666666666666,0.1666666666666666,0.1666666666666666,0.1666666666666666,0.1666666666666666
94,94.0,0.1666666666666666,0.1666666666666666,0.1666666666666666,0.1666666666666666,0.1666666666666666,0.1666666666666666
95,95.0,0.1666666666666666,0.1666666666666666,0.1666666666666666,0.1666666666666666,0.1666666666666666,0.1666666666666666
96,96.0,0.1666666666666666,0.1666666666666666,0.1666666666666666,0.1666666666666666,0.1666666666666666,0.1666666666666666
97,97.0,0.1666666666666666,0.1666666666666666,0.1666666666666666,0.1666666666666666,0.1666666666666666,0.1666666666666666
98,98.0,0.1666666666666666,0.1666666666666666,0.1666666666666666,0.1666666666666666,0.1666666666666666,0.1666666666666666
99,99.0,0.1666666666666666,0.1666666666666666,0.1666666666666666,0.1666666666666666,0.1666666666666666,0.1666666666666666
100,100.0,0.1666666666666666,0.1666666666666666,0.1666666666666666,0.1666666666666666,0.1666666666666666,0.1666666666666666
101,101.0,0.1666666666666666,0.1666666666666666,0.1666666666666666,0.1666666666666666,0.1666666666666666,0.1666666666666666
102,102.0,0.1666666666666666,0.1666666666666666,0.1666666666666666,0.1666666666666666,0.1666666666666666,0.1666666666666666
103,103.0,0.1666666666666666,0.1666666666666666,0.1666666666666666,0.1666666666666666,0.1666666666666666,0.1666666666666666
104,104.0,0.1666666666666666,0.1666666666666666,0.1666666666666666,0.1666666666666666,0.1666666666666666,0.1666666666666666
105,105.0,0.1666666666666666,0.1666666666666666,0.1666666666666666,0.1666666666666666,0.1666666666666666,0.1666666666666666
106,106.0,0.1666666666666666,0.1666666666666666,0.1666666666666666,0.1666666666666666,0.1666666666666666,0.1666666666666666
107,107.0,0.1666666666666666,0.1666666666666666,0.1666666666666666,0.1666666666666666,0.1666666666666666,0.1666666666666666
108,108.0,0.1666666666666666,0.1666666666666666,0.1666666666666666,0.1666666666666666,0.1666666666666666,0.1666666666666666
109,109.0,0.1666666666666666,0.1666666666666666,0.1666666666666666,0.1666666666666666,0.1666666666666666,0.1666666666666666
110,110.0,0.1666666666666666,0.1666666666666666,0.1666666666666666,0.1666666666666666,0.1666666666666666,0.1666666666666666
111,111.0,0.1666666666666666,0.1666666666666666,0.1666666666666666,0.1666666666666666,0.1666666666666666,0.1666666666666666
112,112.0,0.1666666666666666,0.1666666666666666,0.1666666666666666,0.1666666666666666,0.1666666666666666,0.1666666666666666
113,113.0,0.1666666666666666,0.1666666666666666,0.1666666666666666,0.1666666666666666,0.1666666666666666,0.1666666666666666
114,114.0,0.1666666666666666,0.1666666666666666,0.1666666666666666,0.1666666666666666,0.1666666666666666,0.1666666666666666
115,115.0,0.1666666666666666,0.1666666666666666,0.1666666666666666,0.1666666666666666,0.1666666666666666,0.1666666666666666
116,116.0,0.1666666666666666,0.1666666666666666,0.1666666666666666,0.1666666666666666,0.1666666666666666,0.1666666666666666
117,117.0,0.1666666666666666,0.1666666666666666,0.1666666666666666,0.1666666666666666,0.1666666666666666,0.1666666666666666
118,118.0,0.1666666666666666,0.1666666666666666,0.1666666666666666,0.1666666666666666,0.1666666666666666,0.1666666666666666
119,119.0,0.1666666666666666,0.1666666666666666,0.1666666666666666,0.1666666666666666,0.1666666666666666,0.1666666666666666
120,120.0,0.1666666666666666,0.1666666666666666,0.1666666666666666,0.1666666666666666,0.1666666666666666,0.1666666666666666
121,121.0,0.1666666666666666,0.1666666666666666,0.1666666666666666,0.1666666666666666,0.1666666666666666,0.1666666666666666
122,122.0,0.1666666666666666,0.1666666666666666,0.1666666666666666,0.1666666666666666,0.1666666666666666,0.1666666666666666
123,123.0,0.1666666666666666,0.1666666666666666,0.1666666666666666,0.1666666666666666,0.1666666666666666,0.1666666666666666
124,124.0,0.1666666666666666,0.1666666666666666,0.1666666666666666,0.1666666666666666,0.1666666666666666,0.1666666666666666
125,125.0,0.1666666666666666,0.1666666666666666,0.1666666666666666,0.1666666666666666,0.1666666666666666,0.1666666666666666
126,126.0,0.1666666666666666,0.1666666666666666,0.1666666666666666,0.1666666666666666,0.1666666666666666,0.1666666666666666
127,127.0,0.1666666666666666,0.1666666666666666,0.1666666666666666,0.1666666666666666,0.1666666666666666,0.1666666666666666
128,128.0,0.1666666666666666,0.1666666666666666,0.1666666666666666,0.1666666666666666,0.1666666666666666,0.1666666666666666
129,129.0,0.1666666666666666,0.1666666666666666,0.1666666666666666,0.1666666666666666,0.1666666666666666,0.1666666666666666
130,130.0,0.1666666666666666,0.1666666666666666,0.1666666666666666,0.1666666666666666,0.1666666666666666,0.1666666666666666
131,131.0,0.1666666666666666,0.1666666666666666,0.1666666666666666,0.1666666666666666,0.1666666666666666,0.1666666666666666
132,132.0,0.1666666666666666,0.1666666666666666,0.1666666666666666,0.1666666666666666,0.1666666666666666,0.1666666666666666
133,133.0,0.1666666666666666,0.1666666666666666,0.1666666666666666,0.1666666666666666,0.1666666666666666,0.1666666666666666
134,134.0,0.1666666666666666,0.1666666666666666,0.1666666666666666,0.1666666666666666,0.1666666666666666,0.1666666666666666
135,135.0,0.1666666666666666,0.1666666666666666,0.1666666666666666,0.1666666666666666,0.1666666666666666,0.1666666666666666
136,136.0,0.1666666666666666,0.1666666666666666,0.1666666666666666,0.1666666666666666,0.1666666666666666,0.1666666666666666
137,137.0,0.1666666666666666,0.1666666666666666,0.1666666666666666,0.1666666666666666,0.1666666666666666,0.1666666666666666
138,138.0,0.1666666666666666,0.1666666666666666,0.1666666666666666,0.1666666666666666,0.1666666666666666,0.1666666666666666
139,139.0,0.1666666666666666,0.1666666666666666,0.1666666666666666,0.1666666666666666,0.1666666666666666,0.1666666666666666
140,140.0,0.1666666666666666,0.1666666666666666,0.1666666666666666,0.1666666666666666,0.1666666666666666,0.1666666666666666
141,141.0,0.1666666666666666,0.1666666666666666,0.1666666666666666,0.1666666666666666,0.1666666666666666,0.1666666666666666
142,142.0,0.1666666666666666,0.1666666666666666,0.1666666666666666,0.1666666666666666,0.1666666666666666,0.1666666666666666
143,143.0,0.1666666666666666,0.1666666666666666,0.1666666666666666,0.1666666666666666,0.1666666666666666,0.1666666666666666
144,144.0,0.1666666666666666,0.1666666666666666,0.1666666666666666,0.1666666666666666,0.1666666666666666,0.1666666666666666
145,145.0,0.1666666666666666,0.1666666666666666,0.1666666666666666,0.1666666666666666,0.1666666666666666,0.1666666666666666
146,146.0,0.1666666666666666,0.1666666666666666,0.1666666666666666,0.1666666666666666,0.1666666666666666,0.1666666666666666
147,147.0,0.1666666666666666,0.1666666666666666,0.1666666666666666,0.1666666666666666,0.1666666666666666,0.1666666666666666
148,148.0,0.1666666666666666,0.1666666666666666,0.1666666666666666,0.1666666666666666,0.1666666666666666,0.1666666666666666
149,149.0,0.1666666666666666,0.1666666666666666,0.1666666666666666,0.1666666666666666,0.1666666666666666,0.1666666666666666
150,150.0,0.1666666666666666,0.1666666666666666,0.1666666666666666,0.1666666666666666,0.1666666666666666,0.1666666666666666
151,151.0,0.1666666666666666,0.1666666666666666,0.1666666666666666,0.1666666666666666,0.1666666666666666,0.1666666666666666
152,152.0,0.1666666666666666,0.1666666666666666,0.1666666666666666,0.1666666666666666,0.1666666666666666,0.1666666666666666
153,153.0,0.1666666666666666,0.1666666666666666,0.1666666666666666,0.1666666666666666,0.1666666666666666,0.1666666666666666
154,154.0,0.1666666666666666,0.1666666666666666,0.1666666666666666,0.1666666666666666,0.1666666666666666,0.1666666666666666
155,155.0,0.1666666666666666,0.1666666666666666,0.1666666666666666,0.1666666666666666,0.1666666666666666,0.1666666666666666
156,156.0,0.1666666666666666,0.1666666666666666,0.1666666666666666,0.1666666666666666,0.1666666666666666,0.1666666666666666
157,157.0,0.1666666666666666,0.1666666666666666,0.1666666666666666,0.1666666666666666,0.1666666666666666,0.1666666666666666
158,158.0,0.1666666666666666,0.1666666666666666,0.1666666666666666,0.1666666666666666,0.1666666666666666,0.1666666666666666
159,159.0,0.1666666666666666,0.1666666666666666,0.1666666666666666,0.1666666666666666,0.1666666666666666,0.1666666666666666
160,160.0,0.1666666666666666,0.1666666666666666,0.1666666666666666,0.1666666666666666,0.1666666666666666,0.1666666666666666
161,161.0,0.1666666666666666,0.1666666666666666,0.1666666666666666,0.1666666666666666,0.1666666666666666,0.1666666666666666
162,162.0,0.1666666666666666,0.1666666666666666,0.1666666666666666,0.1666666666666666,0.1666666666666666,0.1666666666666666
163,163.0,0.1666666666666666,0.1666666666666666,0.1666666666666666,0.1666666666666666,0.1666666666666666,0.1666666666666666
164,164.0,0.1666666666666666,0.1666666666666666,0.1666666666666666,0.1666666666666666,0.1666666666666666,0.1666666666666666
165,165.0,0.1666666666666666,0.1666666666666666,0.1666666666666666,0.1666666666666666,0.1666666666666666,0.1666666666666666
166,166.0,0.1666666666666666,0.1666666666666666,0.1666666666666666,0.1666666666666666,0.1666666666666666,0.1666666666666666
167,167.0,0.1666666666666666,0.1666666666666666,0.1666666666666666,0.1666666666666666,0.1666666666666666,0.1666666666666666
168,168.0,0.1666666666666666,0.1666666666666666,0.1666666666666666,0.1666666666666666,0.1666666666666666,0.1666666666666666
169,169.0,0.1666666666666666,0.1666666666666666,0.1666666666666666,0.1666666666666666,0.1666666666666666,0.1666666666666666
170,170.0,0.1666666666666666,0.1666666666666666,0.1666666666666666,0.1666666666666666,0.1666666666666666,0.1666666666666666
171,171.0,0.1666666666666666,0.1666666666666666,0.1666666666666666,0.1666666666666666,0.1666666666666666,0.1666666666666666
172,172.0,0.1666666666666666,0.1666666666666666,0.1666666666666666,0.1666666666666666,0.1666666666666666,0.1666666666666666
173,173.0,0.1666666666666666,0.1666666666666666,0.1666666666666666,0.1666666666666666,0.1666666666666666,0.1666666666666666
174,174.0,0.1666666666666666,0.1666666666666666,0.1666666666666666,0.1666666666666666,0.1666666666666666,0.1666666666666666
175,175.0,0.1666666666666666,0.1666666666666666,0.1666666666666666,0.1666666666666666,0.1666666666666666,0.1666666666666666
176,176.0,0.1666666666666666,0.1666666666666666,0.1666666666666666,0.1666666666666666,0.1666666666666666,0.1666666666666666
177,177.0,0.1666666666666666,0.1666666666666666,0.1666666666666666,0.1666666666666666,0.1666666666666666,0.1666666666666666
178,178.0,0.1666666666666666,0.1666666666666666,0.1666666666666666,0.1666666666666666,0.1666666666666666,0.1666666666666666
179,179.0,0.1666666666666666,0.1666666666666666,0.1666666666666666,0.1666666666666666,0.1666666666666666,0.1666666666666666
180,180.0,0.1666666666666666,0.1666666666666666,0.1666666666666666,0.1666666666666666,0.1666666666666666,0.1666666666666666
181,181.0,0.1666666666666666,0.1666666666666666,0.1666666666666666,0.1666666666666666,0.1666666666666666,0.1666666666666666
182,182.0,0.1666666666666666,0.1666666666666666,0.1666666666666666,0.1666666666666666,0.1666666666666666,0.1666666666666666
183,183.0,0.1666666666666666,0.1666666666666666,0.1666666666666666,0.1666666666666666,0.1666666666666666,0.1666666666666666
184,184.0,0.1666666666666666,0.1666666666666666,0.1666666666666666,0.1666666666666666,0.1666666666666666,0.1666666666666666
185,185.0,0.1666666666666666,0.1666666666666666,0.1666666666666666,0.1666666666666666,0.1666666666666666,0.1666666666666666
186,186.0,0.1666666666666666,0.1666666666666666,0.1666666666666666,0.1666666666666666,0.1666666666666666,0.1666666666666666
187,187.0,0.1666666666666666,0.1666666666666666,0.1666666666666666,0.1666666666666666,0.1666666666666666,0.1666666666666666
188,188.0,0.1666666666666666,0.1666666666666666,0.1666666666666666,0.1666666666666666,0.1666666666666666,0.1666666666666666
189,189.0,0.1666666666666666,0.1666666666666666,0.1666666666666666,0.1666666666666666,0.1666666666666666,0.1666666666666666
190,190.0,0.1666666666666666,0.1666666666666666,0.1666666666666666,0.1666666666666666,0.1666666666666666,0.1666666666666666
191,191.0,0.1666666666666666,0.1666666666666666,0.1666666666666666,0.1666666666666666,0.1666666666666666,0.1666666666666666
192,192.0,0.1666666666666666,0.1666666666666666,0.1666666666666666,0.1666666666666666,0.1666666666666666,0.1666666666666666
193,193.0,0.1666666666666666,0.1666666666666666,0.1666666666666666,0.1666666666666666,0.1666666666666666,0.1666666666666666
194,194.0,0.1666666666666666,0.1666666666666666,0.1666666666666666,0.1666666666666666,0.1666666666666666,0.1666666666666666
195,195.0,0.1666666666666666,0.1666666666666666,0.1666666666666666,0.1666666666666666,0.1666666666666666,0.1666666666666666
196,196.0,0.1666666666666666,0.1666666666666666,0.1666666666666666,0.1666666666666666,0.1666666666666666,0.1666666666666666
197,197.0,0.1666666666666666,0.1666666666666666,0.1666666666666666,0.1666666666666666,0.1666666666666666,0.1666666666666666
198,198.0,0.1666666666666666,0.1666666666666666,0.1666666666666666,0.1666666666666666,0.1666666666666666,0.1666666666666666
199,199.0,0.1666666666666666,0.1666666666666666,0.1666666666666666,0.1666666666666666,0.1666666666666666,0.1666666666666666
200,200.0,0.1664285714285714,0.1664285714285714,0.1664285714285714,0.1664285714285714,0.1664285714285714,0.1678571428571428
201,201.0,0.1659547619047619,0.1659547619047619,0.1673833333333333,0.1659547619047619,0.1659547619047619,0.168797619047619
202,202.0,0.1665592619047619,0.1653092619047619,0.1679735476190476,0.1653092619047619,0.1653092619047619,0.1695394047619048
203,203.0,0.1666480367460318,0.1642994256349207,0.1680353224603175,0.1654105367460318,0.1642994256349207,0.1713072527777778
204,204.0,0.1667360569103175,0.1633110707992064,0.1680851697674603,0.1655221819103175,0.1633110707992064,0.1730344498134921
205,205.0,0.1668225176636746,0.1623519328025635,0.1695523552493889,0.1656420439136746,0.1623519328025635,0.1732792175681349
206,206.0,0.1669067103396625,0.1614286813410514,0.1709947589480911,0.1657681024521625,0.1614286813410514,0.1734730655779814
207,207.0,0.1669880198192581,0.160546960275772,0.1724004350049024,0.1658984772868831,0.160546960275772,0.1736191473374125
208,208.0,0.1668873498987333,0.1595328623491835,0.173401856566301,0.1671028616112946,0.1595328623491835,0.1735422072253042
209,209.0,0.1667846195030198,0.1585704805123969,0.1743508634376428,0.168297524918898,0.1585704805123969,0.1734260311156458
210,210.0,0.1666810619835933,0.1576642669747999,0.17524320701922,0.1682214926782981,0.1589142669747999,0.1732757043692888
211,211.0,0.1654666845169085,0.1591787781529607,0.1748256302041934,0.1682664836556102,0.1591662781529606,0.1730961453173667
212,212.0,0.1640147128723581,0.1612317964635218,0.1739971896892624,0.1690171678414921,0.1590970603524106,0.1726420727809552
213,213.0,0.162588426184174,0.1632989410101376,0.1731322562495667,0.169745469073228,0.1590644286490264,0.1721704788338674
214,214.0,0.1611995188236015,0.1653581277237364,0.1722431285119799,0.1704463426339152,0.1590650507501252,0.1716878315566417
215,215.0,0.1596200466933899,0.1671514652823889,0.1711030219455717,0.1708774273169565,0.1602860712447241,0.170961967516969
216,216.0,0.1591110514679957,0.168485224273622,0.1695460545465072,0.1708590102109049,0.1621765734218603,0.1698220860791098
217,217.0,0.1583506980643138,0.1695935040407445,0.1677829813505422,0.1697084118129166,0.1659990085648132,0.1685653961666696
218,218.0,0.1573721948096788,0.1705050496507762,0.165912505429788,0.1684039998148087,0.1706114611900737,0.1671947891048746
219,219.0,0.1563813841459747,0.1711281463360531,0.163937556664416,0.1670234421208165,0.1749115322958858,0.1666179384368539
220,220.0,0.1553934841748247,0.1714976457844357,0.1618964903347002,0.1667033492426589,0.1777885859742629,0.1667204444891177
221,221.0,0.1540597189683211,0.1712545655944824,0.1606829344769776,0.1658436228802812,0.1800032840782952,0.1681558740016425
222,222.0,0.1524056378546894,0.1703577715771034,0.1599946191459719,0.1659269091158146,0.1815810033406652,0.1697340589657556
223,223.0,0.1497460470020125,0.170151732925345,0.160113176169594,0.1658476842167231,0.1829216125048634,0.1712197471814621
224,224.0,0.1470990023836308,0.169823979943708,0.1615489405343528,0.1641762382987068,0.183935416489065,0.1734164223505366
225,225.0,0.1451548713374501,0.1694360654911008,0.1627718511785043,0.1624069061912368,0.1847728798493497,0.1754574259523585
226,226.0,0.1432620462409544,0.1689542701405315,0.1647084968352001,0.1605335118256749,0.1853238897201341,0.1772177852375049
227,227.0,0.1416810779968937,0.1686395531820554,0.166833072611554,0.1603287018649926,0.1834265164165955,0.1790910779279088
228,228.0,0.140171773752648,0.1682535370962311,0.1687525177598147,0.160053032268675,0.1820748833445128,0.1806942557781184
229,229.0,0.1387448074034256,0.1678099592093989,0.1711906783638364,0.1597218402017433,0.1804861745697031,0.1820465402518928
230,230.0,0.1374080463250479,0.1673208429823593,0.1740529862536876,0.1593476528355911,0.1787054792556816,0.1831649923476324
231,231.0,0.1360301233155,0.1679099191256894,0.1766612607647441,0.1586670830023737,0.1767198030095099,0.1840118107821831
232,232.0,0.1361110766551371,0.1694118903393313,0.1787191875691398,0.1581580508376057,0.174670691163055,0.1829291034357311
233,233.0,0.1371204790169142,0.1705240188326891,0.1809774920107668,0.1575069055945027,0.172291327601159,0.1815797769439681
234,234.0,0.1379750438814167,0.1713021756142479,0.184304382158491,0.1567449315306554,0.1696589188315199,0.1800145479836691
235,235.0,0.1376488959213254,0.1718232463408479,0.1881743027327387,0.1559630683454256,0.1669364793806118,0.1794540072790507
236,236.0,0.1373997315350642,0.1723122743652646,0.1912923798273612,0.1552393054009855,0.1642966003474343,0.1794597085238903
237,237.0,0.1371569845319885,0.1727348939389099,0.194035950352708,0.1545097108255765,0.1622149408204155,0.1793475195304017
238,238.0,0.1371327793247373,0.1713300021829011,0.1968187725759613,0.1539167448332188,0.1603962458898425,0.1804054551933389
239,239.0,0.1371691401494373,0.1699080355114002,0.1994045476505525,0.1533844924073492,0.1586960424090127,0.1814377418722481
240,240.0,0.1372596467946462,0.1684849210826712,0.2017871225406018,0.1529122047155774,0.1571194832677602,0.1824366215987431
241,241.0,0.1374633390889852,0.1671076845552865,0.2035708346529179,0.1525639676385357,0.1558006885777882,0.1834934854864865
242,242.0,0.1367989471060953,0.1666651896487704,0.2062617854317326,0.1511609238449984,0.1546094227820447,0.1845037311863585
243,243.0,0.1365190141026191,0.1647729326046467,0.2072650687753352,0.1505044026263689,0.1538857547399735,0.1870528271510566
244,244.0,0.1362810753288319,0.1629243576616629,0.2080689640483563,0.1499126805737061,0.1532833431748098,0.189529579212633
245,245.0,0.1370555329717249,0.162105804581357,0.208546482216235,0.1491074172131623,0.1526571976656257,0.1905275653518952
246,246.0,0.1379950635380971,0.1608097264646517,0.2104042588321679,0.148504680034027,0.1503031634005959,0.1919831077304604
247,247.0,0.138465921292682,0.1594141271489387,0.2120342642602349,0.1477096733799686,0.1482458227173849,0.1941301912007908
248,248.0,0.1386840023128498,0.1596282682826294,0.2130816119285783,0.1467187661842119,0.1461323927959561,0.1957549584957744
249,249.0,0.1387805619699991,0.1597790110994232,0.2138981733905663,0.1464388468502735,0.1440936961134248,0.1970097105763129
250,250.0,0.1388821714192449,0.1599865726182265,0.2145565539599068,0.146224692708388,0.1422003386204188,0.1981496706738148
251,251.0,0.1391948797944552,0.1593396544501094,0.214931677785861,0.146224493933394,0.1421478066640024,0.1981614873721777
252,252.0,0.1393290655038969,0.1591838367491082,0.2151809031872919,0.1460533038627993,0.143171041178579,0.1970818495183245
253,253.0,0.1398905246713382,0.1575037105026639,0.2137321848954947,0.147790647812584,0.1447343760290463,0.1963485560888726
254,254.0,0.1404452010735904,0.1558827935420713,0.2121840901769959,0.149556870369784,0.1463824535475964,0.1955485912899619
255,255.0,0.1410834643183879,0.1537599455369224,0.2119072757168887,0.150759992876657,0.1468879377398544,0.1956013838112895
256,256.0,0.1422762873747426,0.1530542071193434,0.2114714292529826,0.1504347703036432,0.1473945569060509,0.1953687490432372
257,257.0,0.1433878877625369,0.1526257299095583,0.2110636955671797,0.1500654279126,0.1480319798419785,0.1948252790061465
258,258.0,0.1437892262216445,0.1516430178684779,0.2116901814660156,0.1491391312647715,0.1494507069862598,0.1942877361928305
259,259.0,0.1440996426450232,0.1506858335582722,0.2126007670357224,0.1481698044924567,0.150771058009254,0.1936728942592712
260,260.0,0.1441483851452719,0.1494058846936445,0.2135683760139557,0.1482447039490876,0.1518147585879516,0.1928178916100886
261,261.0,0.1441647051182728,0.1482125329329688,0.2144812013986519,0.1483372294457745,0.1528454653324236,0.1919588657719082
262,262.0,0.1441516816170206,0.1471090520834567,0.2153355932953178,0.148444693123545,0.153854170558648,0.1911048093220116
263,263.0,0.1438326173191912,0.1458177279577252,0.2175693273242658,0.1482847646227513,0.1545115587947588,0.1899840039813076
264,264.0,0.1448722135408271,0.1445460365129318,0.2188044579393043,0.1473948941678692,0.1551620303482486,0.1892203674908186
265,265.0,0.1459303452441322,0.1434377003991673,0.2199002262456126,0.1465856395019046,0.1556051393656265,0.1885409492435566
266,266.0,0.1469358041632736,0.1424073218981492,0.2208906906340456,0.145782229082729,0.155988810169895,0.1879951440519074
267,267.0,0.1478983489763098,0.1414772444729311,0.2217949899292036,0.1450106256665524,0.1563349853136406,0.1874838056413622
268,268.0,0.1501413169743923,0.1407865989300456,0.2227525577873227,0.1444152247270969,0.1569236728911984,0.184980628689944
269,269.0,0.1528487349935344,0.1401167168350564,0.2235468599718938,0.1437827283244531,0.1573214713801482,0.1823834884949141
270,270.0,0.1555902930518768,0.1394199205545947,0.2242544618466078,0.1431913527871481,0.1576798553408249,0.1798641164189475
271,271.0,0.1594297542212558,0.1379311276455719,0.224618781864323,0.1417597242246408,0.159168143946977,0.1770924680972314
272,272.0,0.1640305752652055,0.1362128993034628,0.2241918632294751,0.140054657828605,0.1612859394907083,0.1742240648825431
273,273.0,0.1683393771126314,0.1345250104131893,0.2234095106381122,0.1383401971045459,0.1632620614895681,0.1721238432419529
274,274.0,0.1713684819816083,0.1331078529841539,0.2230258676276705,0.13686097315819,0.1653173577928569,0.1703194664555204
275,275.0,0.174015717450149,0.1316260801472381,0.2222409232696582,0.1352858092539455,0.1683521155967426,0.1684793542822665
276,276.0,0.176453512389326,0.1302616854573136,0.2214240857138412,0.1338007653123579,0.171273755458841,0.1667861956683202
277,277.0,0.178678432902684,0.1290165750465804,0.220586712655558,0.1322967372478419,0.1741793153034454,0.1652422268438901
278,278.0,0.1806895172276712,0.1278912715912268,0.2197392313756382,0.1308941120291976,0.1769378992579971,0.163847968518269
279,279.0,0.182488038139875,0.1268850474302682,0.2188911275090445,0.1295967756240241,0.1795366190719559,0.1626023922248322
280,280.0,0.1840772667714515,0.1259960568758749,0.2180509443531103,0.1284071725150262,0.1819654739612414,0.1615030855232956
281,281.0,0.1854622400641477,0.1252214664729341,0.2172262916683289,0.1273264254036763,0.1842171618694282,0.1605464145214845
282,282.0,0.1866495338189248,0.12455758211033,0.216423862934433,0.126354456161323,0.1862868826155442,0.1597276823594446
283,283.0,0.1876470430520269,0.1239999720276551,0.2156494600436729,0.1254901066934903,0.1881721357083355,0.159041282474819
284,284.0,0.1883939845879866,0.123601056162111,0.2150927535046821,0.1247846246914603,0.189700101589103,0.1584274794646569
285,285.0,0.188970753662932,0.1232972301127089,0.214571284590038,0.1241811486720226,0.1910464017340346,0.1579331812282636
286,286.0,0.1889520918957072,0.1235978961742018,0.2135311886708969,0.124072338193938,0.1926125651120899,0.157233919953166
287,287.0,0.1887765805288176,0.1239543043572381,0.2125109198830903,0.1240344646677958,0.1939841930658959,0.156739537497162
288,288.0,0.1884605847873546,0.124355704095017,0.2116331500286055,0.124059415830556,0.1951655180703779,0.1563256271880887
289,289.0,0.1877955297295996,0.1245739548488485,0.2119991621728987,0.1239185699355617,0.1959428985944348,0.1557698847186564
290,290.0,0.1870372575520452,0.1248394747238747,0.2124094894232205,0.123844200861824,0.1965632409951543,0.1553063364438809
291,291.0,0.1860915615773358,0.1250337704981146,0.2134111525520206,0.1237192935068436,0.1969249345497518,0.1548192873159333
292,292.0,0.1849080697163624,0.1263334501953332,0.2140778584830202,0.1234715793437231,0.1969716557787222,0.1542373864828387
293,293.0,0.1835442218731867,0.1273729151341969,0.2144800866703401,0.123137641591733,0.1978673712102749,0.1535977635202683
294,294.0,0.1820455810133494,0.1281955699189303,0.2146680403842528,0.1227433308761692,0.199421002047614,0.1529264757596841
295,295.0,0.1806517239582263,0.1291259801282102,0.2131946008682935,0.1225097387116558,0.2020734426640097,0.1524445136696046
296,296.0,0.179175201806988,0.1307713388447619,0.2115588236587905,0.1222322200738237,0.204315560402665,0.1519468552129709
297,297.0,0.1776451068968191,0.1321618794488745,0.2098054215093146,0.1219240034024438,0.2061841481921492,0.1522794405503988
298,298.0,0.1760861767067935,0.1333214161079886,0.2079718494435163,0.1215953199216638,0.2077101109117225,0.1533151269083152
299,299.0,0.1745196313195446,0.1342696956082546,0.2060899546791803,0.121254250399979,0.2089206931994219,0.1549457747936197
300,300.0,0.1730113482581175,0.1351667125189063,0.2042822895327048,0.120954894686147,0.2099836789239094,0.1566010760802149
301,301.0,0.1715705841205445,0.1360086229297987,0.2025595076937686,0.120696074956521,0.2109031978842614,0.1582620124151057
302,302.0,0.1702049946558158,0.1367925183867987,0.2021803486500071,0.1204763258099767,0.2104344015672879,0.1599114109301138
303,303.0,0.1687818294024053,0.1373774725418367,0.2025836861567849,0.1201550487907824,0.2097069205750024,0.1613950425331883
304,304.0,0.1673349664806043,0.1377914188724475,0.2036177927395358,0.1197594983452839,0.2087677870737476,0.1627285364883808
305,305.0,0.1659812442864699,0.1381473186977675,0.204709250424835,0.1194010573205667,0.2077475576494332,0.1640135716209276
306,306.0,0.1647248859691767,0.1384474176700728,0.2048414095255747,0.1200795991847998,0.2066645441886083,0.1652421434617678
307,307.0,0.1636877663432611,0.1390514377420845,0.2052469735472987,0.1209036878494934,0.2050596647533415,0.1660504697645208
308,308.0,0.1627511898787017,0.1396015180316833,0.2056802606434056,0.1217433848908118,0.2034297261640013,0.1667939203913963
309,309.0,0.1619144680240085,0.140930885047548,0.2053008323021627,0.1225887325006792,0.2017935337218884,0.1674715484037133
310,310.0,0.1611118799726391,0.1419419061904829,0.2056488825558456,0.1233666095820395,0.200039869608496,0.1678908520904969
311,311.0,0.1604057305324673,0.142887075067121,0.2060135676578096,0.1241336767246222,0.1983134022474706,0.1682465477705094
312,312.0,0.159793437336775,0.1437635252153255,0.2063895772722068,0.1248833442508791,0.1966286766371859,0.1685414392876278
313,313.0,0.1592717376930712,0.1445693640064578,0.20677201885165,0.1256098554471802,0.1949983658586705,0.1687786581429704
314,314.0,0.158836789242594,0.1453035941883138,0.2071564247838402,0.1263082608345582,0.1934333315365327,0.1689615994141613
315,315.0,0.160023948890208,0.1463946057485739,0.2063958974313235,0.126402958368603,0.1912601566858164,0.1695224328754752
316,316.0,0.1612734199439139,0.1474100961480808,0.2056411068246673,0.1264676575735932,0.1891756728221724,0.1700320466875724
317,317.0,0.162344254330343,0.1482363514878038,0.2041371224334474,0.1278221716078446,0.1870807445744187,0.1703793555661425
318,318.0,0.1632617891905406,0.1488931236294149,0.2032050723112011,0.1290473504714653,0.1850064565725349,0.1705862078248433
319,319.0,0.1640172440635928,0.1492940399245558,0.203377603012773,0.1298685512175574,0.1828747344251994,0.1705678273563216
320,320.0,0.1644895826447939,0.1502400779493234,0.2029216797779143,0.1302858528683061,0.1817698177006097,0.1702929890590527
321,321.0,0.1648355516856754,0.1517514726097149,0.2021751035030128,0.1305895515708175,0.1807291542778164,0.1699191663529632
322,322.0,0.1653582844938166,0.1533582226472121,0.2003914382218548,0.1324528057977254,0.1787429891971315,0.1696962596422597
323,323.0,0.1666433938479266,0.1541047799687845,0.1986565152021632,0.1342545988828924,0.1768900199894368,0.1694506921087966
