,Unnamed: 0,Generation,Intertwine_two,Add_vertex,Delete_vertex,Invert_path_vertices,Insert_inside_vertex,Delete_inside_vertex,Replace_inside_vertex,Donate_between_routes,Trim_one_terminal_cb,Grow_one_terminal_cb
0,0.0,0.0,0.09999999999999999,0.09999999999999999,0.09999999999999999,0.09999999999999999,0.09999999999999999,0.09999999999999999,0.09999999999999999,0.09999999999999999,0.09999999999999999,0.09999999999999999
1,1.0,1.0,0.11090089429758092,0.09726741946175368,0.07664742005761202,0.10819040930046356,0.10652799177335455,0.11343819649768672,0.10223608694176663,0.09134612303783415,0.10221932285300943,0.09122613577893779
2,2.0,2.0,0.11501209267421197,0.08871402547659166,0.07708552287358802,0.10210438392456136,0.10174616065941014,0.10812933092750301,0.11108154627914968,0.09194790546297624,0.10414072230593663,0.10003830941607088
3,3.0,3.0,0.10485720415862139,0.0901604777172175,0.0775384964548015,0.10184107730392702,0.09766762829272216,0.10806316523430817,0.1031004065609407,0.10677815460322819,0.1018224722898154,0.10817091738441745
4,4.0,4.0,0.10604678250340593,0.09707117943374217,0.06681491079223849,0.09619482628743241,0.11268573249365073,0.10788713709951944,0.10509013377251848,0.09826971107103386,0.1137847508416594,0.0961548357047987
5,5.0,5.0,0.09908824187597899,0.08895526698296836,0.07016305308742271,0.10912882805982413,0.11124609524072164,0.10869740591738856,0.10624833172324202,0.09477912212852178,0.10428734617446214,0.10740630880946919
6,6.0,6.0,0.10542116302059348,0.09448548076881352,0.06572689920087871,0.09792816562400722,0.09071234301872304,0.1103895332681104,0.10604326981042903,0.1003404172423407,0.12381660217775625,0.10513612586834711
7,7.0,7.0,0.11394884388395587,0.08146831530341163,0.0777096392657145,0.09679288446683545,0.10341344968696671,0.1155204567291254,0.10939653666929963,0.09197729223393165,0.10304647948848425,0.10672610227227444
8,8.0,8.0,0.11685839747732658,0.09851152592846996,0.07201978270295047,0.09783502038780512,0.08559145584045894,0.10688083354554205,0.10750395949659793,0.10151767852671618,0.11271263601165074,0.10056871008248154
9,9.0,9.0,0.10716462962542736,0.08549221425880937,0.07541177399599858,0.09648289420986203,0.10323189131268706,0.11771271486870898,0.1012852854703733,0.08114406355211674,0.12204861616907095,0.11002591653694511
10,10.0,10.0,0.10419512077449115,0.08664571346048922,0.08076690010144101,0.10334229640461741,0.10438702367354202,0.10577094644021626,0.09712196477475815,0.09224879123712038,0.1294814317918431,0.09603981134148082
11,11.0,11.0,0.11267259914955204,0.08248132088925304,0.06655330539437851,0.10232470901171986,0.0994146194554166,0.11493876875184747,0.12013590169447588,0.09245300974808404,0.11697842091432879,0.09204734499094328
12,12.0,12.0,0.10727707524387486,0.08830065599178849,0.07004496256903278,0.10995615611689566,0.085566778345241,0.11040914105989093,0.10704064549823349,0.0921098282713929,0.1187400917335002,0.1105546651701493
13,13.0,13.0,0.1110673960506869,0.08522461112582443,0.0632164063769608,0.09812314829931339,0.09221533961831198,0.11627571651877984,0.11040118224880927,0.08986901076511626,0.11859400486417675,0.11501318413201995
14,14.0,14.0,0.10434542891842755,0.0872086929759611,0.06338667327340579,0.09961288667911193,0.10046202952382628,0.11042862981811526,0.10632431290389474,0.09778297185483446,0.11917432984608353,0.11127404420633887
15,15.0,15.0,0.10935391492294436,0.08529904026896422,0.07207504292861662,0.09906023374557456,0.09063689668313232,0.11017200252927484,0.10476099830745748,0.09886142521337468,0.12095337369800219,0.10882707170265829
16,16.0,16.0,0.1030566882245643,0.08235791717726577,0.06940961792393807,0.09634897705655933,0.09439993555221232,0.12642988005226455,0.1135519916720393,0.09585415754671538,0.11762848443416504,0.10096235036027543
17,17.0,17.0,0.09910248739217879,0.08279384814229572,0.06225480023404244,0.08974657054642392,0.0769167291076247,0.13666727786830107,0.12095001749235608,0.10428408652102919,0.12505540459345374,0.10222877810229389
18,18.0,18.0,0.10552971609213913,0.10490853274486105,0.06681645500494357,0.08549339642183709,0.08223699340657925,0.1229823203543587,0.11186662989140923,0.09756830880147903,0.1172538614823887,0.10534378580000388
19,19.0,19.0,0.08346385475946136,0.08813911676251059,0.06212177520777096,0.11033405669576848,0.09725000396475836,0.12275923606018346,0.11473325697772951,0.09054117550474698,0.11833622160757178,0.11232130245949803
20,20.0,20.0,0.08496123156164899,0.08388336538625885,0.06379432979440672,0.10055915569974194,0.09892164427571165,0.12022990750437006,0.10840631535900622,0.11126208808407156,0.1292546676270276,0.0987272947077559
21,21.0,21.0,0.08778554281031747,0.09832556042562737,0.0653631320290443,0.11614216498004566,0.09454236634840621,0.11634050571551217,0.10750473095033053,0.10602116392968455,0.11500215677764578,0.09297267603338549
22,22.0,22.0,0.0901397198411284,0.09193338975609787,0.06902564835526673,0.10120444453312756,0.08571795777167249,0.11165384984710906,0.10573794237147523,0.10036763242276173,0.12877748836279895,0.11544192673856155
23,23.0,23.0,0.0869167058405534,0.0900855077517632,0.07727232145693408,0.09638668692323338,0.09557236226618213,0.11948464709734168,0.10505735878658588,0.09046879354771041,0.1390333221102965,0.0997222942193989
24,24.0,24.0,0.11444383955626272,0.08383985576197032,0.07359983730495069,0.08854330485189241,0.07960219828622206,0.11247530670364285,0.10403067976914124,0.11594405107956338,0.12944600541906898,0.09807492126728486
25,25.0,25.0,0.10118115487678085,0.10596893381246113,0.07069175596209773,0.10052797692217104,0.09837418083749247,0.108963386584452,0.09847020781400118,0.08733058735543545,0.11895823904397256,0.10953357679113514
26,26.0,26.0,0.10386495519072278,0.09035098507146397,0.05784997747747607,0.08843423678700058,0.09067975860653804,0.1316394956155183,0.099690022032213,0.09592004711176527,0.13716606786480495,0.10440445424249656
27,27.0,27.0,0.10328495302663243,0.10215732640284658,0.06564537205473195,0.09875942878059407,0.08086389783482939,0.12639142696653127,0.09430468557747115,0.08696313100835397,0.13848787902713405,0.10314189932087459
28,28.0,28.0,0.09002230116792412,0.07854518117193832,0.07197938247595898,0.0951308778265722,0.10948945439227206,0.1119814099633332,0.11161458010417538,0.09383844651992797,0.12812557318249115,0.10927279319540624
29,29.0,29.0,0.11041767926186256,0.08570985972253281,0.06942632722288937,0.09907503012957919,0.09011245521544599,0.12123926518507197,0.0921454976339765,0.09902865855076418,0.13086018865056737,0.10198503842730955
30,30.0,30.0,0.07983011445881723,0.0796448509976565,0.08156884807529106,0.11079491329214597,0.09038547905888147,0.12029393496899514,0.13527511030054634,0.09505220192889079,0.12596342862227117,0.08119111829650386
31,31.0,31.0,0.09892336975735747,0.08722390318464665,0.07219562392311157,0.10629296853218717,0.0905491315788042,0.118153692086677,0.10127235836638993,0.09836979621887228,0.12442538912551551,0.10259376722643769
32,32.0,32.0,0.09123716696195917,0.09527165594654982,0.0728738524718878,0.08506953996881031,0.07444361024435063,0.13212930436525117,0.09820071293009222,0.08749022646247268,0.15449584792381565,0.10878808272480997
33,33.0,33.0,0.09319765610035399,0.09523688322513535,0.07187132198218034,0.09994851561714128,0.08489925555975583,0.1146409983329741,0.0968262113338772,0.10417604044435942,0.1371690642343109,0.10203405316991113
34,34.0,34.0,0.11120513669812455,0.09277661521861685,0.06283439822172812,0.0904912494583012,0.09726647726571211,0.1207009078132311,0.09565582771515627,0.09481923241935294,0.12893729993848982,0.10531285525128657
35,35.0,35.0,0.08529163261577563,0.08982123729411118,0.0678063872198545,0.11088889617748492,0.0942632066460257,0.1264978315789796,0.09741946408397328,0.08721029213189155,0.123677809507168,0.11712324274473514
36,36.0,36.0,0.08312624907661456,0.09312340304290312,0.05606518109323737,0.09762624198779167,0.08910093477935822,0.11603870126182836,0.11416226051675744,0.09505360151972944,0.13924755974924716,0.11645586697253223
37,37.0,37.0,0.085076006039867,0.09562753794740372,0.07313005534721526,0.11025660147296967,0.08291915068975095,0.12670325540963276,0.09951504153933786,0.10347069977581391,0.12078541109013537,0.10251624068787304
38,38.0,38.0,0.08873291298158512,0.09177495452820154,0.06166412408436948,0.09866610573387595,0.09230125538434378,0.1249409997401705,0.11079735691080717,0.0975842126528097,0.12183786636940938,0.11170021161442698
39,39.0,39.0,0.11226892294952032,0.09469136307955166,0.0697168043495823,0.10970342643910147,0.07688650087061462,0.12175824767730874,0.10378947905430949,0.09290324978013313,0.12735201731742124,0.09092998848245656
40,40.0,40.0,0.09707895974856195,0.07987942443687171,0.05415378497827443,0.09890242250731086,0.09707170751617009,0.13592714632377753,0.11125374519434564,0.07975907454876799,0.13791062898306997,0.10806310576284947
41,41.0,41.0,0.08979655888524596,0.08956681643036979,0.05633171558379611,0.0820937020387689,0.09944066726420735,0.1276341038980297,0.10669161087379533,0.09302337077040838,0.13295077963817703,0.12247067461720107
42,42.0,42.0,0.10253204660203186,0.09617308108281794,0.07063012567602951,0.10229211276719334,0.069855055277317,0.13658809277655165,0.09113765132138237,0.09166769686223904,0.12632251207922826,0.11280162555520859
43,43.0,43.0,0.0991075636718847,0.08967695894549482,0.06953870572292156,0.09271974230134232,0.08369345939082075,0.12678196348539866,0.10268303631762014,0.08812458579474433,0.14219069351350982,0.10548329085626237
44,44.0,44.0,0.08773768492597134,0.08450574324808864,0.048276799993889966,0.11591591788955331,0.11085284880299744,0.12323290246312657,0.09699403750050299,0.09213264161904253,0.1406083793214184,0.09974304423540833
45,45.0,45.0,0.10011983395167967,0.08469273709846001,0.07151625429968307,0.09806971024693682,0.09971292669703394,0.12344195719414004,0.09221279991433923,0.09831180149828758,0.1419184623163422,0.09000351678309688
46,46.0,46.0,0.09039809820261961,0.07492636643831332,0.058238498294346394,0.09292649681935397,0.07990499450179889,0.14344290170723512,0.10615142332464474,0.11747756144613072,0.1303036465437138,0.1062300127218431
47,47.0,47.0,0.09166073105230628,0.08385492619531491,0.060435707003091074,0.09127454148251712,0.08369575108401478,0.13233722910090828,0.10424348471451168,0.11340509310655922,0.14406400477130324,0.09502853148947288
48,48.0,48.0,0.09722430436433649,0.09363710501339624,0.0626788114900276,0.09457626488482442,0.08746011834479639,0.13199207421518544,0.10547985075675828,0.10335519844900568,0.13378450694972896,0.08981176553194001
49,49.0,49.0,0.094078286590552,0.08158732881893294,0.07607291560352811,0.09536340518079503,0.08617091177938471,0.13668587664562368,0.10190168475713232,0.09069664211904255,0.13310991146146567,0.1043330370435425
50,50.0,50.0,0.0915687208257098,0.08988109115553372,0.0654372338475144,0.09748144425625226,0.08551796623364741,0.12839254650084353,0.09792859654203737,0.09560405966884708,0.14027482263646238,0.10791351833315159
51,51.0,51.0,0.11255362851653053,0.09439314550873716,0.0761855124143584,0.09682608149537311,0.07221308462755502,0.12089410023797083,0.09488952846038862,0.09311389521709755,0.1281460173479927,0.11078500617399563
52,52.0,52.0,0.09839211455101719,0.08695529388730296,0.0745711369401868,0.09764031966111406,0.09037936513901619,0.13351894346248155,0.08359733127328135,0.09540806346724359,0.13124871429886903,0.10828871731948682
53,53.0,53.0,0.1057049267197927,0.08588206268274723,0.06967261930172898,0.08447639242722735,0.09759476724338799,0.12907768575082795,0.10094846483495501,0.09186855110992324,0.13340147252076667,0.10137305740864251
54,54.0,54.0,0.10095518829136838,0.08724633725367491,0.07535972513352808,0.0920526917460953,0.08764724041555876,0.12833038941780703,0.09862786873351728,0.10038500054499148,0.13190195782056813,0.09749360064289012
55,55.0,55.0,0.10439946426007282,0.08069317010504465,0.07855419284031265,0.1052134789407884,0.07919457392777533,0.13586526486936468,0.09196056629504115,0.09217357243498195,0.14241777342634682,0.0895279429002711
56,56.0,56.0,0.09957712571621896,0.10156729659115396,0.06954555768715615,0.08278938497041861,0.08761706566725753,0.12418728897696055,0.10862547919720748,0.08465197155815281,0.1458448961107131,0.0955939335247604
57,57.0,57.0,0.09312040528808568,0.08659143456897828,0.0741710943862151,0.10659647111513619,0.08232874068620191,0.13948023829718348,0.09974297064959645,0.08764179623681351,0.13120192595860686,0.09912492281318205
58,58.0,58.0,0.09682949058053116,0.08670155557399344,0.07822314079001702,0.0862558113756541,0.08477800616656264,0.12569434288828712,0.10375946058084753,0.0796342833551914,0.14072454757671088,0.1173993611122042
59,59.0,59.0,0.09124816052848135,0.08864407584369555,0.05691339903460457,0.08574572919468605,0.08482576105855452,0.13433299262723647,0.10381506395321327,0.09809879178451134,0.14577278196184598,0.11060324401317045
60,60.0,60.0,0.0957664188736086,0.08118696462968848,0.053911253707379016,0.10103367191407908,0.09543488675250479,0.13543576349254982,0.09908396524375404,0.09326966251520691,0.13821484506794018,0.1066625678032886
61,61.0,61.0,0.08529095062191855,0.09471767953196034,0.06767361799538119,0.1113858773843189,0.08246278456037663,0.11930256512307233,0.09040671618299469,0.09725737503050666,0.13643509761053646,0.11506733595893381
62,62.0,62.0,0.0895148746760814,0.10351763332403537,0.0648157846607894,0.09137551099386094,0.08707445016752782,0.14072972190470626,0.1013261414662469,0.08892841198411375,0.11905034305130939,0.11366712777132833
63,63.0,63.0,0.10885802895378668,0.08330924309886924,0.07110465778312205,0.10404471017553207,0.08190555895052357,0.125241229214265,0.10053865067920567,0.08702002041674085,0.14897718237911123,0.08900071834884314
64,64.0,64.0,0.08946642028009019,0.090409290769225,0.07205271030442492,0.10747763509323593,0.08044471386569349,0.12912318018257193,0.12117321710469378,0.07913542461067503,0.1306516365969564,0.10006577119243279
65,65.0,65.0,0.09890327768792243,0.08766076284571368,0.06777322359681284,0.09608201535988313,0.07225527709859295,0.13471689314006502,0.07766594382218647,0.10003673240928138,0.14505404162459673,0.11985183241494488
66,66.0,66.0,0.09861768773975702,0.08756464312068848,0.05971383859107746,0.09608418028409563,0.08535764554708171,0.11900550102141058,0.11322680767282134,0.1016517856512004,0.14298011670475502,0.09579779366711197
67,67.0,67.0,0.09743136912656694,0.0864114862237587,0.06609130966254619,0.09478638967529861,0.09631138806237341,0.1309617840451305,0.10227093528088631,0.09857852684743315,0.1263009100676345,0.1008559010083712
68,68.0,68.0,0.0900509027403433,0.08357465034641112,0.07619112020937495,0.10280237934010834,0.08362479320081069,0.13011076566609664,0.10683115747092457,0.08247949896275225,0.1367954802128334,0.10753925185034434
69,69.0,69.0,0.10194410635845319,0.07980052080880014,0.05787809289383235,0.09537361639898197,0.09254003316976087,0.1274217938970159,0.11026474229014087,0.1006343058152143,0.14499372321116896,0.08914906515663103
70,70.0,70.0,0.09696625535724589,0.09360347606183081,0.06949893018499734,0.08350259502114882,0.08381258431509105,0.13802843277959026,0.10410906931817374,0.08484929862797416,0.1308880042487474,0.1147413540852001
71,71.0,71.0,0.09084739093997088,0.08540254207038482,0.06045107206154506,0.10995382317912658,0.09058426572689235,0.12018687645090209,0.10636227011214712,0.10200826701407642,0.14200150586387988,0.09220198658107429
72,72.0,72.0,0.1101439926294947,0.09223638121220504,0.06990022778727459,0.08444556873575362,0.0917996508827669,0.13540853212501186,0.08822725769643446,0.09222672873611423,0.1349017922803219,0.10070986791462229
73,73.0,73.0,0.10220023766770792,0.08629652920900288,0.05462016576909391,0.10209517871097736,0.09374302640279888,0.13385786010415857,0.09497884932895863,0.09495273539774444,0.13486043081957585,0.10239498658998111
74,74.0,74.0,0.09171381923948994,0.09369405530171528,0.06149328642697718,0.1093855318265157,0.08235414722360339,0.12824481117097514,0.10259585054801343,0.09371945880988895,0.14551292512085917,0.0912861143319614
75,75.0,75.0,0.10793040827578174,0.09039812261336576,0.07328024043292294,0.10547709792297306,0.07685110906952096,0.12913020560536653,0.0963435741360466,0.09434336872080767,0.13049700734661196,0.09574886587660232
76,76.0,76.0,0.09823444335509227,0.09650889981819408,0.07187819006744917,0.1171423550314368,0.08293612666415738,0.1294762419679436,0.09091184024672003,0.08347706606444553,0.13401747083434976,0.09541736595021098
77,77.0,77.0,0.10270782007621045,0.08399244644012416,0.07433029756902457,0.08989300582180636,0.0939537617775266,0.12160617830210914,0.10702519148147553,0.09237079160264325,0.13070930431218986,0.10341120261688977
78,78.0,78.0,0.09232438616245833,0.10059090836757337,0.0701452112063575,0.08741903736013033,0.07013729457831021,0.13846504098460038,0.10229116459958461,0.1028582902326863,0.132920400930129,0.10284826557816948
79,79.0,79.0,0.10289161639286597,0.09141316088060944,0.07443125411655503,0.09384263937828535,0.08278939811527795,0.1287420485980102,0.09310795733999305,0.08869420076693815,0.1419675876273509,0.10212013678411355
80,80.0,80.0,0.10330012459892554,0.10106286131317747,0.06706348295882726,0.08361985818788023,0.08639800436444015,0.11974681164811929,0.09346487097237018,0.0819006844125972,0.147913214816705,0.11553008672695728
81,81.0,81.0,0.08178497676817698,0.09155855007023077,0.06596806972028299,0.09894848834909879,0.08177726058700154,0.12487481339132642,0.10811090132377792,0.10046410658195352,0.13712852830229844,0.10938430490585219
82,82.0,82.0,0.10804393946590943,0.09890783921269629,0.057927677093205884,0.09278477635508463,0.078108622179033,0.1287993126160854,0.11744177879439163,0.08174245247940873,0.13717526700989857,0.09906833479428591
83,83.0,83.0,0.0929770364961738,0.09048258714221954,0.07348644316653918,0.09236926678831828,0.09545939234269207,0.1248622669599416,0.09942298715052147,0.10000682945813086,0.13422989857973927,0.09670329191572344
84,84.0,84.0,0.09814396221296764,0.09378664672963674,0.06482165667879311,0.09946995566431148,0.08440491971225579,0.13483133041063552,0.1008823565082323,0.09403737880510175,0.12092472797643672,0.10869706530162851
85,85.0,85.0,0.09373371752679595,0.08779353071798122,0.051376636004637655,0.09835789357653665,0.08008031189808829,0.16792780955110792,0.09395444619259471,0.08146667116781894,0.14780711876785071,0.0975018645965875
86,86.0,86.0,0.09393540985613111,0.0953722047648721,0.06649465808005206,0.09580738693419777,0.0800673091398273,0.13280012109164316,0.11188711723618908,0.08446827484389531,0.13520279443265265,0.10396472362053899
87,87.0,87.0,0.09927783215535438,0.08946752453078709,0.058663376735147876,0.09510978025228886,0.08810638411010212,0.1425264577867591,0.09454309800423791,0.08143044545441788,0.14314288565082084,0.10773221532008348
88,88.0,88.0,0.10277388628304536,0.07780094083350302,0.062014054700841224,0.0878679740845319,0.07770004329519123,0.1397701651127929,0.10160707598267771,0.10392878198173963,0.14165501171672865,0.10488206600894796
89,89.0,89.0,0.11200812626665872,0.10695298341800448,0.05376048052193157,0.08966029162602203,0.06946025304026392,0.12403875375269362,0.10915434297086897,0.09466384181005301,0.14313363122406914,0.09716729536943412
90,90.0,90.0,0.11288421568636284,0.0778458350261981,0.06655575807024418,0.10252167923013016,0.07843936281953645,0.11857265809363185,0.08816987988100863,0.10563928385549856,0.13684766914830904,0.1125236581890797
91,91.0,91.0,0.09812756283180187,0.08852861626657597,0.050087240389013264,0.08997984781995617,0.08610136900350035,0.1350468936111206,0.1068142683903989,0.10151155070131675,0.14157039541778144,0.10223225556853424
92,92.0,92.0,0.11272085635827153,0.10145973251941047,0.06388149400866672,0.09754660763560671,0.07213165819842493,0.143596406239061,0.10688800047168404,0.08606352669335234,0.1258641099853037,0.08984760789021812
93,93.0,93.0,0.11006360649016293,0.09031161012450196,0.06890277807250515,0.08966672197067851,0.07478709780935625,0.131082393540031,0.09587664104221552,0.08417373852932622,0.13423995606348707,0.12089545635773487
94,94.0,94.0,0.09480994932554833,0.0877781924262829,0.07003442355878649,0.10042433227402285,0.07500621632341718,0.13108677329916305,0.09303436174310699,0.09583056146889357,0.14853084957062695,0.1034643400101513
95,95.0,95.0,0.0880263754273866,0.09043310856076998,0.0584205327114992,0.0892114467222681,0.09704238651176238,0.13085893376300275,0.0884867052472533,0.09198318126232627,0.16333152161930414,0.10220580817442682
96,96.0,96.0,0.0906311052926388,0.08041586008256012,0.06399238842391486,0.09989258774472312,0.08613589208535741,0.13443254305053692,0.09114722185227198,0.10689065402283308,0.14206577578232218,0.10439597166284106
97,97.0,97.0,0.11064650149507849,0.08688201861144575,0.07151125674014681,0.09992744578647729,0.08760982541847481,0.1263119784862943,0.10689219603567313,0.08547702570334878,0.1383981599171128,0.08634359180594738
98,98.0,98.0,0.09329728261633104,0.08437845717836086,0.07268140085549889,0.10161887839803807,0.07243462879987515,0.13598691948883646,0.10774825778390837,0.0855515575588687,0.1371739421950335,0.10912867512524842
99,99.0,99.0,0.07302953999135178,0.09161857329113257,0.060113928245214866,0.09036317679938623,0.09306523755251002,0.14222081128272648,0.0943110768829107,0.09531615785964356,0.14441914945339868,0.11554234864172468
100,100.0,100.0,0.11299529288093205,0.07424748017396027,0.060661377059299304,0.09964131907764505,0.08492236460287647,0.13785835874155475,0.11290777704415245,0.09370162104926812,0.12858139829306656,0.09448301107724451
101,101.0,101.0,0.09548203774842405,0.08596466884691131,0.054131397425020045,0.09460771981700855,0.09787046263864609,0.15275867959159942,0.09542097170028238,0.08332023282727205,0.1378418060778201,0.10260202332701558
102,102.0,102.0,0.08642261804920039,0.07751912395359482,0.08053268978382666,0.12036814229536544,0.08470489670379448,0.12399714100911882,0.10535744213062197,0.07489108821975471,0.1465690996983569,0.0996377581563653
103,103.0,103.0,0.10734132359004378,0.08459666070836011,0.07147537826405864,0.10354912431305904,0.08115665364960864,0.12393461851174811,0.0988345070089249,0.09250484712159887,0.12698956193389954,0.10961732489869791
104,104.0,104.0,0.09064348757757697,0.0932642488860598,0.06797186045387549,0.09154745946166334,0.0868582904801072,0.13535883230849002,0.09656753829906715,0.0966882948245893,0.13814372167002054,0.10295626603854979
105,105.0,105.0,0.1093361577122169,0.08825112484585891,0.0696587155761265,0.08842080545617256,0.09308125680118956,0.13574155756094164,0.09165188594177284,0.08280627525662748,0.13045613871350045,0.11059608213559269
106,106.0,106.0,0.10064212554883548,0.09427622691303904,0.056997938945355195,0.11098677013334912,0.0744498711320862,0.1442154962679275,0.12351860063414186,0.08558136227475731,0.11616609837148764,0.0931655097790202
107,107.0,107.0,0.0941126610943623,0.09506052429068589,0.060436207897229165,0.09366572595723603,0.08600450876946461,0.14104924774258581,0.11150665544269445,0.08834248954615839,0.1431243812402249,0.08669759801935804
108,108.0,108.0,0.08020242919834772,0.1029388707114737,0.07348671276271138,0.09165440959195402,0.0864250316347805,0.13785254795629523,0.11516966122342329,0.08614462916639462,0.14068615313898658,0.08543955461563253
109,109.0,109.0,0.09602824928495993,0.09749501584125252,0.06871884572137495,0.09626869038197805,0.06451716720881465,0.14056760268013258,0.10403485519520798,0.08614163217144426,0.13887388020458563,0.10735406131024912
110,110.0,110.0,0.10347882866814632,0.10410295972086928,0.06769745550158926,0.10153869385543782,0.07735867221008061,0.12417395268671924,0.09476234077942589,0.08688242977415875,0.14243719514318573,0.0975674716603866
111,111.0,111.0,0.1017857079427504,0.08081898498369859,0.06817789955970768,0.1055060546431769,0.0768999906373915,0.12163853972936922,0.11435951901506769,0.09755950191818895,0.1466294671419168,0.08662433442873177
112,112.0,112.0,0.10340849247567525,0.08680676339370434,0.043488039272621695,0.09055431058389368,0.09954016103938067,0.1294167174696374,0.10560143953976449,0.08669166240260087,0.1415235116331552,0.11296890218956594
113,113.0,113.0,0.0897178362029997,0.09487245164844023,0.09288686785611425,0.09728120533602336,0.07033774580582,0.1294050743070023,0.09127390903256162,0.09619876644448418,0.14046698529575047,0.09755915807080345
114,114.0,114.0,0.09999066367576911,0.08207661433912103,0.05728312100092252,0.1167268757581204,0.07101558268816163,0.1346185791828968,0.09573764047660199,0.09397262837409245,0.14379295833158623,0.10478533617272737
115,115.0,115.0,0.11302924233727082,0.07405097941897507,0.07742411671620339,0.10356193598658969,0.07907425123322953,0.14097287617646864,0.09222330080072129,0.07962309400412504,0.1331081964219852,0.10693200690443092
116,116.0,116.0,0.1013354150643514,0.10164231556990824,0.06523118770156812,0.10097180653801627,0.08043074182548068,0.12420238556132435,0.11280639800193555,0.0805693799445146,0.13286584357774028,0.09994452621516009
117,117.0,117.0,0.09802578022718723,0.09833939434250405,0.07290988568386987,0.07825966727523147,0.07477253213925607,0.13955728164971476,0.0952886914623727,0.09812544844638618,0.143843031516781,0.10087828725669616
118,118.0,118.0,0.10215267486752415,0.09668523671639997,0.06731682407618819,0.09727598240279578,0.0757500496425434,0.12693158240726807,0.0997282541513924,0.09731397797864164,0.13953741472693135,0.09730800303031457
119,119.0,119.0,0.08948531719300834,0.10020191494333605,0.06390856920963055,0.08428477106949725,0.07535661513015646,0.1262004600746096,0.09921539409008358,0.09416051381705423,0.1531008288949788,0.11408561557764471
120,120.0,120.0,0.09754972020392128,0.08578321992472791,0.06561049124006535,0.10337354185448133,0.05549375772416919,0.14637143486350215,0.10868018306276336,0.09529752814899303,0.14638517820829355,0.09545494476908245
121,121.0,121.0,0.10541294184465055,0.08761799484652427,0.05359060914764432,0.09787015692392945,0.07796188427178556,0.13904728512030187,0.09991560420444914,0.08155577326522563,0.14498339300496488,0.11204435737052387
122,122.0,122.0,0.08656001946701851,0.0844147253293343,0.05799560758004084,0.0921227759125281,0.08267812862222103,0.14228795315017215,0.10127960903601574,0.08932043334027844,0.14558719705918224,0.11775355050320817
123,123.0,123.0,0.0956656990358337,0.09029295677702485,0.07300169030942993,0.0938503424485887,0.0631847680678447,0.14163911393059977,0.12390352164064837,0.0773066875865476,0.13973964387162446,0.10141557633185734
124,124.0,124.0,0.10521959836652081,0.09063741184876153,0.06348797709862876,0.10600474018158049,0.06804979348090724,0.1381981321725832,0.09957151548517726,0.0902607976601108,0.13004148634807122,0.10852854735765827
125,125.0,125.0,0.10403656324170751,0.10030523143065417,0.0619388319208168,0.09995751780124211,0.07306376928986179,0.11641625277461073,0.10127030244990945,0.08436298280019386,0.15496400082088208,0.10368454747012106
126,126.0,126.0,0.10048995714805826,0.1021661983858364,0.08114167061929564,0.10159479084501041,0.07111731445777958,0.12698234723362195,0.0985178479458155,0.0754969416088884,0.14430598414698953,0.09818694760870386
127,127.0,127.0,0.07608909597489395,0.08953260304044183,0.08000046871207603,0.12078024421735227,0.09005109506081509,0.13633176214850495,0.0918173961747949,0.0846300043750508,0.14129226791982624,0.08947506237624347
128,128.0,128.0,0.10357980640406747,0.11434140624170089,0.06199745514057479,0.08511263533764694,0.07911215065529456,0.143208474512779,0.09063425095777591,0.0952445437002947,0.14197466022773816,0.08479461682212713
129,129.0,129.0,0.10598828689979309,0.09760328843132121,0.0701373519498519,0.08066036229626541,0.08499525112162694,0.12997531367869175,0.09910626920999166,0.09655431808763348,0.140586669714105,0.09439288861071897
130,130.0,130.0,0.10946984664512938,0.08419175047542957,0.06646689061800572,0.08217210349860718,0.07131764009418172,0.14226674464485864,0.10329485945516899,0.08096575512448059,0.1501514519033173,0.10970295754082049
131,131.0,131.0,0.09673522249246322,0.07585907922021762,0.07925312319116518,0.09670491268362413,0.08142911008597027,0.1279060211045679,0.10381793994484709,0.0813440627875373,0.14338951896070273,0.11356100952890416
132,132.0,132.0,0.08531896374211637,0.09982631570527536,0.05838065255593626,0.09071989610475661,0.061838637177443714,0.1468871581753441,0.12247807671344754,0.09569612766403748,0.14286314708171927,0.09599102507992288
133,133.0,133.0,0.10551128836693173,0.1043905466811689,0.05710369086158105,0.09143428600915285,0.07755370744090646,0.14910041623665654,0.08831966096378144,0.09368727651868032,0.12747867495480736,0.1054204519663329
134,134.0,134.0,0.11120467717779366,0.0984147128920081,0.0657111689464949,0.09062190179491256,0.08346092271989909,0.12870382632006763,0.1049233942452484,0.07888634653328111,0.13815177040597498,0.09992127896431911
135,135.0,135.0,0.119463676024348,0.09477303520060931,0.08794901285144029,0.0853374958737224,0.07620810461169292,0.14039059389377553,0.08905491361920481,0.06790136309067477,0.13812337289560248,0.10079843193892897
136,136.0,136.0,0.10072423918819855,0.10077864973519364,0.06695474491527317,0.09643797457675089,0.0762127559725901,0.13070133780113924,0.09782054920396958,0.09218955861282377,0.1355520234362221,0.10262816655783849
137,137.0,137.0,0.09084222103091834,0.09887403481952232,0.06857090162470154,0.0917840219415053,0.07702605351650713,0.12533994989674727,0.10811609409358755,0.09643647373673318,0.14238201744729892,0.10062823189247797
138,138.0,138.0,0.09988741928668123,0.09390845572037203,0.07478128047471722,0.09217736510508195,0.07941613777907927,0.13761826067874955,0.10473453164809579,0.06634388898942224,0.1513232598743514,0.09980940044344884
139,139.0,139.0,0.11549443457673174,0.09765454284673851,0.07139632004103777,0.08157334130016264,0.07738666641164267,0.13653454193397982,0.11035171843885205,0.0681912626028134,0.14847605705786704,0.09294111479017386
140,140.0,140.0,0.08439492953895363,0.08390376048050814,0.07510147907731742,0.0945184983246735,0.0765937901481345,0.1367734659874457,0.11356331979887321,0.09043621105281267,0.15827135241225523,0.08644319317902556
141,141.0,141.0,0.11074580521410397,0.09190612333481635,0.07214417800934635,0.08899342244111516,0.07815351570395444,0.15392442536534073,0.08659464308186877,0.07484851387092163,0.13538685913178775,0.10730251384674439
142,142.0,142.0,0.10181994653886921,0.08292095746146678,0.08020961089316743,0.0827910337966021,0.08213705994366798,0.13349094563029446,0.09402545393814196,0.08202871424229582,0.154448390225389,0.10612788733010492
143,143.0,143.0,0.094993109078056,0.10564211680078692,0.06461782650442478,0.09320456596294771,0.06847814171225897,0.13344452413758487,0.10523392651748767,0.083645828527561,0.13180994932339382,0.11893001143549772
144,144.0,144.0,0.11585682127889692,0.0915329356677032,0.0710757739281888,0.10671505484057167,0.07890602434659363,0.13048999903701064,0.07936540030031122,0.08968278889853176,0.14568238345830006,0.09069281824389158
145,145.0,145.0,0.08768038948731752,0.08218505709232053,0.0755917486585488,0.07896601835548475,0.07824232631904605,0.14844858523993984,0.1051894418960668,0.08438673805946298,0.16126351709497874,0.09804617779683351
146,146.0,146.0,0.10993941966073353,0.08637335768520439,0.0649092828851682,0.08517535769501479,0.0815564983726144,0.13223201215642807,0.11604981733820045,0.08594664292403564,0.13006270550480997,0.10775490577779005
147,147.0,147.0,0.11088708561426815,0.09820690470009998,0.06129642340590382,0.0902987409996536,0.06768199547381001,0.14736027082923628,0.08694496749765547,0.08832134516515354,0.13793275137338895,0.11106951494082977
148,148.0,148.0,0.10468415890173152,0.0732825575446457,0.07834197254443773,0.09654046967894742,0.08665430712154842,0.1211713534768705,0.11786182352902522,0.07074074034294289,0.1518612666881045,0.09886135017174572
149,149.0,149.0,0.11259745480717465,0.0954549130156392,0.06669731377687851,0.0827722411706015,0.08094927153496521,0.14916557716678194,0.1040694384743918,0.07871465566942817,0.1346832254857699,0.09489590889836867
150,150.0,150.0,0.09725884216026054,0.09423521548919998,0.06611178985323943,0.10463105341847243,0.07197945012012716,0.1247725917890162,0.10983855975528718,0.07242230263185612,0.15669182213235783,0.10205837265018274
151,151.0,151.0,0.08267760375769,0.08189190524769471,0.07769621334731111,0.09534635270764832,0.06931484020216368,0.1364503897063052,0.11375648845158477,0.10170723116701734,0.13787325219532226,0.10328572321726211
152,152.0,152.0,0.1045878433290438,0.07085915384771678,0.07143328444988643,0.10743887504516114,0.07412342240390321,0.13394135963267395,0.09488043192580384,0.0822199780277238,0.138126259472249,0.12238939186583757
153,153.0,153.0,0.09990183299760834,0.09069681997685408,0.06110376610455594,0.07779708882771391,0.08818954215443106,0.12932524783052318,0.0993921883154113,0.09830696630067122,0.14067443920159217,0.11461210829063836
154,154.0,154.0,0.08444362359088589,0.10809020081059786,0.06328085183483649,0.09240083857004046,0.0822737256121773,0.13779207823620995,0.10110173720920682,0.08134750481765954,0.13336324877390862,0.1159061905444767
155,155.0,155.0,0.09952395639836224,0.10122900491947177,0.07154529015085571,0.09546347911758944,0.08467297192519886,0.12291355661376573,0.08991685342074507,0.07839453786159004,0.14470743855492332,0.11163291103749733
156,156.0,156.0,0.09418420642096162,0.09932417737628538,0.06403054800266231,0.08610742996452443,0.07268143866368881,0.14263804225521426,0.11642936329592432,0.07945909027721756,0.1329768997781051,0.11216880396541588
157,157.0,157.0,0.10418249487657576,0.07379363988414658,0.0643221538803187,0.10720039463672475,0.07873509659935776,0.12975452008102545,0.10095165127448022,0.09158386114988251,0.15027232394881684,0.09920386366867101
158,158.0,158.0,0.10206070601180228,0.08548011789502442,0.06681878627778255,0.0994963997635416,0.08787423785272896,0.14347595569034616,0.10682703901702957,0.08839520530837723,0.1466526955719235,0.07291885661144318
159,159.0,159.0,0.10722016375021133,0.07268917716838974,0.057955626803425433,0.1027941902369125,0.08651497602101928,0.1290956637300389,0.09357174818388798,0.09285489972025673,0.134637771683361,0.12266578270249666
160,160.0,160.0,0.09083416382284046,0.09757115448400193,0.0676751245425151,0.09484740980011487,0.08207723136540507,0.13850331802798457,0.10789253939320734,0.0761627581360681,0.14452304255166354,0.09991325787619854
161,161.0,161.0,0.09418471837177485,0.090016050284168,0.05801915413469203,0.09343198490421623,0.07705528071066685,0.1272872530937546,0.09877161016544363,0.07870391734878304,0.1536537805280674,0.128876250458433
162,162.0,162.0,0.07990400141755784,0.08584661143686215,0.06652421316737335,0.08164146569721922,0.07960541556836305,0.13072634218070758,0.10275900470521249,0.08818581743261014,0.1540181946733496,0.13078893372074418
163,163.0,163.0,0.08670643774241289,0.08571527971583186,0.07936987753499097,0.10373360332958788,0.0719993487326392,0.1472862430391367,0.09950120917079552,0.08737682392740309,0.1287077977478354,0.10960337905936605
164,164.0,164.0,0.10922139909265316,0.09148604947519212,0.08113500348524716,0.09389814239037828,0.08041725083054245,0.13250395204120027,0.09726751201645896,0.0697708202716382,0.15184550606062266,0.09245436433606638
165,165.0,165.0,0.08502261100656901,0.10681775138114451,0.06379327175065486,0.08418437285712407,0.08029228975922859,0.14213644510807338,0.11078028433158779,0.08802894062856492,0.15356080075555437,0.08538323242149802
166,166.0,166.0,0.10351215939990185,0.081457433756236,0.05555189875412349,0.10758686021346198,0.07889456789956678,0.13614919223724012,0.09886687514371761,0.08309074395594286,0.13797000932070647,0.11692025931910247
167,167.0,167.0,0.11787938497881759,0.08184605270204359,0.08069679047406836,0.09131467852313471,0.0687790138683079,0.12298743246250902,0.09332159397926551,0.08841159129399162,0.15016242186641388,0.10460103985144734
168,168.0,168.0,0.10132912080145273,0.09660841593387196,0.0720083815546978,0.1034039022451008,0.05842318216380439,0.13033203136500196,0.08707038685127157,0.09686366222805898,0.1592287045560794,0.09473221230065994
169,169.0,169.0,0.10114624084894205,0.08179012773416837,0.07658672035637837,0.10314162008001429,0.0701986182323238,0.14656694365969694,0.10724221983442564,0.08294520121687653,0.14118757583889166,0.0891947321982819
170,170.0,170.0,0.08432095998389535,0.10184708355122443,0.07796541917165772,0.09785375481860531,0.0771428590965896,0.13318482125463132,0.09611358117903376,0.0715114612158032,0.14738254728790212,0.11267751244065675
171,171.0,171.0,0.09635800038823229,0.09549572337373269,0.06873783775098344,0.10662653709348593,0.07480923344885133,0.164189169427939,0.08466280128993894,0.0672308336274155,0.1414452465311001,0.10044461706832017
172,172.0,172.0,0.0833814992964078,0.0839992185409009,0.058689037253228826,0.10112617131033683,0.07271959863907988,0.1537289706945928,0.08205728541207699,0.08474245594367454,0.18210460064705133,0.09745116226264976
173,173.0,173.0,0.08291590215721761,0.09616447860493818,0.05238214971955409,0.10191933729411622,0.06963785208423953,0.14427951889952545,0.10794571227808854,0.0908207120102624,0.15124434803921682,0.10268998891284072
174,174.0,174.0,0.10643518592825166,0.08560436930404691,0.07110117223338532,0.11520590388903154,0.0777100301677948,0.14480968923279927,0.08887472946244238,0.07332043086838944,0.13187668082213252,0.10506180809172569
175,175.0,175.0,0.09122584155659667,0.10109482726047485,0.05737166823511845,0.09383068406235573,0.06429108512500742,0.13819911113084313,0.08560736324175693,0.11116354271404161,0.15154476565179295,0.10567111102201188
176,176.0,176.0,0.09107310801115473,0.10016554525917817,0.080617984092475,0.08497177049278688,0.08418188279764845,0.12412957527778753,0.10941459335696768,0.07777543077754336,0.1510693896039885,0.09660072033046932
177,177.0,177.0,0.1000481090628403,0.08924474702133228,0.06499890321481386,0.08910294197164029,0.053515831945511835,0.14557082052126116,0.08649021512199018,0.11345544542570052,0.16860033846649056,0.08897264724841852
178,178.0,178.0,0.09535039093814199,0.0880231548724796,0.0656295591849053,0.10078565673116784,0.07752835531689385,0.15527439864327777,0.08852514564054487,0.07723822853530578,0.1593604142943297,0.0922846958429529
179,179.0,179.0,0.09666452720835508,0.08936407883710278,0.06660206546442753,0.09192258210030943,0.058652165825140726,0.13627623205624007,0.1076449492065252,0.0773614760634768,0.16766724500004024,0.10784467823838169
180,180.0,180.0,0.09177771008908892,0.106310282472274,0.0784189341871797,0.09358736822687844,0.07702845125485933,0.13474906902558648,0.09795198988765245,0.0787030382469639,0.13806944500964263,0.10340371159987365
181,181.0,181.0,0.10044036996074326,0.10501333109623807,0.08215841006506744,0.07372982877462644,0.05600247602236199,0.14671346045966896,0.07940230499770214,0.07664976305310167,0.15556820476818167,0.12432185080230788
182,182.0,182.0,0.10824325812398432,0.09799607985556734,0.0775937187687104,0.08297797765523783,0.07069873134727069,0.13973472256988945,0.10161458401937298,0.06236269296379922,0.1520657349862312,0.10671249970993613
183,183.0,183.0,0.10106402450000526,0.09510225672489211,0.053411199008824975,0.0983234976590522,0.0638392494449215,0.14059585343687522,0.10449088684123597,0.07427680022915265,0.15754537995261836,0.11135085220242136
184,184.0,184.0,0.1127471942592575,0.0908100157959506,0.06543977146535006,0.09083641306811924,0.08200239705881968,0.1355083931156457,0.09667922854327957,0.07638570068115239,0.151935139839419,0.09765574617300589
185,185.0,185.0,0.09436332762556512,0.08759243885858263,0.0556646449771729,0.09832093937428077,0.07352632691393013,0.1422259883515407,0.12317444177658318,0.07923800117632267,0.15313229865474762,0.09276159229127391
186,186.0,186.0,0.08433723656898695,0.09401101151475973,0.053700938758134,0.0981502183225871,0.07263572035610685,0.15478656804312885,0.10657018875614754,0.0783601718115868,0.1437823028349246,0.11366564303363716
