,Unnamed: 0,Generation,Intertwine_two,Add_vertex,Delete_vertex,Invert_path_vertices,Insert_inside_vertex,Delete_inside_vertex,Replace_inside_vertex,Donate_between_routes,Trim_one_terminal_cb,Grow_one_terminal_cb
0,0.0,0.0,0.09999999999999999,0.09999999999999999,0.09999999999999999,0.09999999999999999,0.09999999999999999,0.09999999999999999,0.09999999999999999,0.09999999999999999,0.09999999999999999,0.09999999999999999
1,1.0,0.10900000000000001,0.10118819747843631,0.09970214872133115,0.0974545687862797,0.10089275461375054,0.10071155110329565,0.10146476341824785,0.10024373347665255,0.09905672741112392,0.10024190619097803,0.09904364879990421
2,2.0,0.31601,0.10276582201488355,0.09855439587941721,0.09499941948824236,0.10116060777540294,0.10093192839156788,0.10237189826844695,0.1013675630740293,0.09819085427991676,0.10067153587477129,0.09898597495332165
3,3.0,0.6191589000000001,0.10329265795272029,0.09756765984172901,0.09265594351198356,0.10138478272031823,0.10073055703702252,0.10323927739089721,0.1016780355718987,0.0988321638876861,0.10086106945288476,0.0997578526328595
4,4.0,1.015801321,0.10390141359331082,0.09729659575821696,0.08932328209652252,0.10102647801492863,0.10202050395058156,0.10405055466605767,0.10217065725102935,0.09863795808861452,0.10223749155674058,0.09933506502399726
5,5.0,1.50262148669,0.10377489329620054,0.096238792674734,0.08643361733908317,0.1019490874400422,0.10314414473292247,0.10490009691982362,0.10275903132253417,0.09811043150502308,0.10264200357634029,0.10004790119329632
6,6.0,2.0757334209441005,0.10424745062906055,0.09576695602126618,0.08322659802621675,0.10173116708526055,0.10218306571990741,0.1058718707732608,0.1033029547996143,0.09815847399740764,0.10497544342029066,0.10053601952771499
7,7.0,2.7307768275633495,0.10553725743888612,0.09402777173408043,0.08136355766286717,0.10138348063562734,0.10247349804800639,0.10730473621240426,0.10415521576498162,0.09738721917216218,0.10518693859849346,0.10118032473249085
8,8.0,3.4630081252450404,0.1070731547915169,0.0940412323738124,0.07908129649560461,0.10112887046136651,0.10096208727503429,0.10781250999444225,0.1047854061255852,0.09759302918933742,0.10632249532009252,0.10119991797320765
9,9.0,4.2673862119061114,0.10758393805055277,0.09279611871815169,0.07729584543644658,0.10073157018600185,0.10121215481223647,0.10934337776610414,0.1047578955812161,0.09578014320070898,0.10834199579218928,0.10215696045639189
10,10.0,5.138652627782014,0.10774249901434019,0.09171782730363161,0.07620561137934412,0.10101745339788777,0.10157292619680844,0.10961067528877662,0.10428207792061397,0.09511265778295781,0.1110398939831224,0.1016983777325168
11,11.0,6.071405875792507,0.10869747793685647,0.09028020463500849,0.07384865414446663,0.10119623797936265,0.101428520995878,0.11072962800185936,0.10608363458658528,0.09450370409261975,0.11240211664529798,0.10082982098206511
12,12.0,7.060169740244025,0.10905715778868036,0.08949028890604369,0.07200360486304143,0.1021315735235312,0.09989363318861842,0.11132581408193805,0.10653603263741412,0.09390082068020103,0.11385004716586344,0.10181102716466797
13,13.0,8.099455520847952,0.109742100910555,0.0884598639342364,0.06964061846761146,0.1018683205574583,0.09903382174095814,0.1124398723696773,0.10728429068682585,0.09311623393430844,0.1151874763931164,0.10322740100525243
14,14.0,9.183818168183006,0.10969960595841757,0.08769853711653938,0.06746671528046248,0.10174291500339111,0.09901647560738885,0.11289617460006719,0.10758120491242477,0.09316902974028501,0.11648326048054533,0.10424608130047801
15,15.0,10.307906369102724,0.11010866733154567,0.08681747926850661,0.06633823895747892,0.1015534844281341,0.09803280634227146,0.11325650843071454,0.1076795273357348,0.09337053072266345,0.11785428123807862,0.10498847594487158
16,16.0,11.466506686239443,0.10983955237343693,0.08571523050611185,0.06511343580603723,0.10108693873467567,0.09744984879398243,0.11517575157158172,0.10861793156288922,0.09330606378504522,0.1187867019180741,0.10490854494816537
17,17.0,12.654581904800096,0.10913410018641179,0.0847332265831711,0.06333859302192917,0.09995942734276839,0.09514636722364583,0.11803935146477265,0.11025163855045139,0.09411651737623689,0.12035699037115981,0.10492378787945272
18,18.0,13.867303782456686,0.10904159996014286,0.0860414977283722,0.06218656206544315,0.09841722110962971,0.09342296385907813,0.11943437488128555,0.11092061986858169,0.0942760235278023,0.12103707981005339,0.10522205718961077
19,19.0,15.100080434523047,0.10671664478455302,0.08573067051098304,0.06072656515428348,0.09938406328032011,0.09326134218226012,0.12070306698146038,0.11181882586375927,0.09374978858727473,0.12171956413429927,0.10618946852080635
20,20.0,16.348578617037543,0.10454139490649,0.0850494353402229,0.05959377549343822,0.09938623106849329,0.09332293332204422,0.1216125187068236,0.11202366140868646,0.0953161822679071,0.12339181120279887,0.10576205628309508
21,21.0,17.608741195130214,0.10267029950765173,0.08586888249093598,0.058773150565150936,0.10095821225219201,0.09299642466465605,0.12202825896874017,0.11208168149775655,0.09636130322319918,0.12353021104375261,0.1047315757859645
22,22.0,18.876800103462312,0.10107288378480504,0.08609173463897171,0.05846673957695356,0.10103106280010758,0.09183558543217082,0.12187688208509251,0.11191145121455984,0.09683315753933462,0.12494702351646524,0.10593347941153879
23,23.0,20.14928511992658,0.09920357659474875,0.08616592992294167,0.05912122608552579,0.10061658634957239,0.09171509429578009,0.12242149229245303,0.11162845051276304,0.09630328728518565,0.12728604276511968,0.10553831389590962
24,24.0,21.423028783545156,0.10015104478772706,0.08564733625782356,0.05952452648175653,0.09941692034269324,0.09004820855473644,0.1221813389877565,0.11120537106213968,0.09831558487226214,0.1285499012132377,0.10495976743986685
25,25.0,22.695167792966423,0.09982042564114471,0.0873754349593078,0.059737441812310846,0.09942695198862185,0.09032074954023905,0.12151694867876942,0.11019680544813468,0.09744159099029118,0.12864755822109258,0.10551609272008756
26,26.0,23.963141223515898,0.09980485573297115,0.08755486390507544,0.058754430902845434,0.09823761670577603,0.08987712851706851,0.12306107268284448,0.10929381184101002,0.09741283243580173,0.13045933921847402,0.10554404805813283
27,27.0,25.224685898775267,0.09977344359378344,0.08892494530106848,0.05864021600779846,0.0981017003513864,0.08850430981993886,0.12401176165094009,0.10784654605103566,0.09647633027317976,0.13228919051881355,0.10543155643205503
28,28.0,26.477829247520948,0.09845402257697214,0.08792912784538916,0.05924087520484822,0.09762309782132564,0.09005492452841533,0.12345017667506224,0.10813957768799352,0.09622587788532912,0.13296181298973803,0.10592050678492634
29,29.0,27.720879968916847,0.09922176425714535,0.0876555205236027,0.059653548029597145,0.0975618485746241,0.08970712314700012,0.12375584805182877,0.10649114793839753,0.09649561762569316,0.1337922723623052,0.10566530948980567
30,30.0,28.95241681848399,0.09696593443904386,0.08678331645349656,0.06133693344904428,0.09869384438439895,0.08942545760875445,0.12391125344064338,0.1091770659273739,0.09636606813908416,0.1340206889576687,0.10331943720049153
31,31.0,30.17127581490958,0.09667365493280428,0.08668485335454165,0.06211697705759121,0.0993834568262779,0.08919792409082687,0.12380092081762824,0.10845509736776872,0.09656809436803228,0.1339918873404663,0.1031271338440623
32,32.0,31.376536153543515,0.09566448024589436,0.0874064023399736,0.06298762562881628,0.09795086028469037,0.08739610386612648,0.1250427103974625,0.10742633373048051,0.09567997801695402,0.1368773467826646,0.10356815870693699
33,33.0,32.567505096778625,0.09490799880867556,0.08813097169078667,0.06376981856237882,0.0980206077589359,0.08669050525921888,0.12448235635576353,0.10627074008929573,0.09646735718362745,0.13791776692310415,0.10334187736821304
34,34.0,33.74370209472243,0.0960108101478725,0.08860811642121007,0.06365111486073788,0.0971569329484549,0.08727427618660305,0.12448561508603226,0.10501922216280314,0.09631740446374021,0.13802348159302968,0.10345302612951601
35,35.0,34.90484237192463,0.09456393321041735,0.08878369387411464,0.06403331326268358,0.09835273345603886,0.08759926497007124,0.12503039324712095,0.10397558572136506,0.09540657126665168,0.1375018139362851,0.10475269705525125
36,36.0,36.05082019768737,0.0929524826068452,0.08928230559080791,0.06324090195134471,0.09822805012110955,0.08744216710528542,0.12448945494370425,0.10464503135097528,0.0952891895367082,0.1384510480251317,0.10597936876808753
37,37.0,37.18169203889697,0.0915988904246532,0.09001988060080286,0.06416246198795646,0.0993728529868578,0.08669918829475819,0.1249845583485909,0.10387798281154033,0.09602289992519772,0.1374671089564236,0.1057941756632187
38,38.0,38.29765977559663,0.09068111931100437,0.0903545163413441,0.06393494882821503,0.09935296347698297,0.08693091745869287,0.12527111281665307,0.10427224125047378,0.09616906856104403,0.13651999234385087,0.1065131196117387
39,39.0,39.399054140870355,0.09218924424221975,0.0909615337448348,0.06451274676353057,0.10043192641118709,0.08565170163411769,0.12520743550085803,0.10399153721646746,0.0958466754869557,0.13607218122759218,0.10513501777223654
40,40.0,40.48631852820801,0.09222835714729075,0.09006395383705561,0.06352850354404428,0.10041560765907089,0.08643127604892054,0.12653252390305386,0.10448330961824381,0.09421266994007146,0.13663781075042253,0.10546598755182608
41,41.0,41.55999329152982,0.09158382470153575,0.09012302582540231,0.0627667305214011,0.09870491688379451,0.08747619331171932,0.12698974544666258,0.10453739570354852,0.09392395861612667,0.136663620568807,0.10723058842100205
42,42.0,42.62070064560415,0.09225942161387196,0.09083125498620882,0.06344662566086952,0.09901902411043796,0.08557770238907407,0.1283030873082763,0.10305221937678392,0.09351954515530223,0.13598689424015184,0.10800422515902319
43,43.0,43.669130257815,0.09262773679184143,0.09087246727816849,0.0640212242912319,0.09837721445439951,0.08509567449892616,0.12858733210929613,0.10275095350176554,0.09278274345088014,0.13686801486618114,0.10801663875730944
44,44.0,44.70602560622662,0.09188703084622304,0.09038048168786482,0.06246734729997178,0.10006262860125544,0.08736376618792965,0.12847019264174778,0.10191023516069582,0.09247384592276871,0.13755601879687165,0.10742845285467119
45,45.0,45.73217116373481,0.09241711693853483,0.08989764665723089,0.06325089796535617,0.09995341346204711,0.08852594732358712,0.1283332996922694,0.10062630291851478,0.09281034209235567,0.13833675423923095,0.10584827871087299
46,46.0,46.748380453854836,0.09199904801684088,0.08843440896805797,0.06271097152701172,0.09932196146185021,0.0877029869198898,0.13016127706406705,0.10078049121154065,0.09508477923382756,0.13791375164086261,0.10589032395605147
47,47.0,47.755485010424316,0.09173303977414277,0.08787527059820506,0.062400033871049525,0.09852450448156436,0.0872634182906029,0.13082870568448396,0.10078217613538167,0.09694845364931814,0.13883298407411857,0.104811413441133
48,48.0,48.7543242612326,0.09204926659969911,0.08831006050311667,0.06232485716069762,0.09806446590954736,0.08720856657825696,0.13140996118845114,0.10094194225685454,0.09778533755207673,0.13868465368886335,0.10322088856243647
49,49.0,49.745736344347726,0.09207101934296777,0.08754966424319359,0.06360014807602427,0.09769426321408188,0.08703279489826984,0.13240829251533276,0.10077329425121656,0.09732837604053243,0.13843469532591596,0.10310745209246489
50,50.0,50.730549855707864,0.09185971290790117,0.08763506048868029,0.06380906939949191,0.09754957611537582,0.08680068700051886,0.1325202335363511,0.10023548612969203,0.09734153509590812,0.13887297607811847,0.10337566324796216
51,51.0,51.70957651737491,0.0937651179646014,0.08818558285160719,0.06508820809177741,0.09735314013186121,0.08524847452426502,0.13182985895862526,0.09942448311627855,0.09708698704630067,0.1380685666918372,0.103949580622846
52,52.0,52.68360474770151,0.09425171622459955,0.08799934344266927,0.066188968410643,0.09725250097690727,0.08553775744781558,0.13236164857391652,0.09752001113893677,0.09704757970837655,0.13755564244583326,0.10428483163030207
53,53.0,53.65339410751842,0.09546233985873961,0.08771396435861592,0.0667736226190717,0.09584941120090212,0.08656806836636027,0.13240770640539898,0.09740187291684,0.09664176670610147,0.13724621716514984,0.10393503040281996
54,54.0,54.61967059027847,0.09617935315523378,0.08757523162330197,0.067897511956664,0.09523053014664754,0.08661086249903785,0.13234112861388536,0.09709895482599026,0.09708044779159894,0.13677933549607107,0.10320664389156904
55,55.0,55.58312271885972,0.09721685107031033,0.08679176650296014,0.06930308126294418,0.09595783753328219,0.08581447434883453,0.1329945887547181,0.09617488743945317,0.09668716348507964,0.13736194977772304,0.10169739982469451
56,56.0,56.544398407394254,0.09774019147139146,0.08811307457928427,0.06975974123905439,0.09446256119829147,0.08587377518338918,0.1324436120533736,0.0969675748703423,0.09553591161102837,0.13827957313613265,0.10082398465771214
57,57.0,57.504102543001395,0.09758389513199942,0.08793920786587711,0.07063114705194047,0.09538078934899286,0.08541574634122148,0.13339446472342173,0.09690932174665005,0.09468992799171955,0.1377167903732365,0.10033870942494066
58,58.0,58.462795239617805,0.09776950205735199,0.0877802621913432,0.0718560163972609,0.09428528552833731,0.08521757687475644,0.132932500321313,0.09728687941748163,0.09305731012863033,0.13809739940429408,0.10171726767923095
59,59.0,59.42099071417639,0.09736901517019611,0.0878206760450594,0.07089109587643559,0.0931680291301237,0.08503960413705515,0.13330821575897986,0.09769696747010026,0.09330017462704765,0.13897104245248357,0.10243517933251857
60,60.0,60.379156734137354,0.0973991942598514,0.08711957138998963,0.06958267590655196,0.09361706964431638,0.085938202811734,0.1337668845080939,0.09765411781134224,0.09308382592026741,0.13906954490155715,0.10276891284629576
61,61.0,61.337714584760846,0.09636248086150971,0.087782322623051,0.06962462014046517,0.09513059267681138,0.08554469823913986,0.13258305533519338,0.09676212668670821,0.09328974170164459,0.1389716753616468,0.10394868637382967
62,62.0,62.29703950447439,0.09574111590602258,0.08932814768110284,0.06935707659607704,0.09465427961408618,0.08562089154773263,0.13352751985562508,0.09698772309782566,0.09268184593353336,0.1371197515422937,0.10498164822570069
63,63.0,63.257461537171835,0.09705394046155529,0.08884044606726221,0.06969976179900811,0.09545973008959835,0.08518711198996363,0.1329007106754603,0.09715539497281146,0.09190636624600178,0.13826500995274624,0.10353152774559236
64,64.0,64.21926675122782,0.09641436257908738,0.08905620735215729,0.0701170326936175,0.09661377781018902,0.08461781034909413,0.13264818269553075,0.09940358885991143,0.09037111148832416,0.1375703096682017,0.10318761650388636
65,65.0,65.18269877636592,0.09671294880265952,0.0889890705503824,0.07008398460411283,0.09662149735821582,0.08324476423076752,0.13294502878421388,0.0972939323124985,0.09096715611749845,0.1383161331841632,0.10482548405548761
66,66.0,66.14796061122655,0.09697502069791053,0.08890575237923579,0.0692251952129121,0.09662326662387787,0.0832093646978007,0.13165876969572174,0.09875504791998724,0.09175579737086505,0.13884736094094868,0.10404442446074003
67,67.0,67.11521665648885,0.0971086802127359,0.0887020392429254,0.06899491830175995,0.09648968903869619,0.08429436217815255,0.1315702321317077,0.09911918232506194,0.09225720850132162,0.13769887281598164,0.10376481525165684
68,68.0,68.08459493066005,0.09649415402659468,0.08821210830231963,0.06976861405001376,0.09715403518487968,0.08412237068315515,0.1313993620053259,0.09993444303819124,0.09116178891372555,0.13760071089054776,0.10415241290524643
69,69.0,69.05618942810752,0.09706596830801606,0.08734738292245424,0.06869786255348154,0.09706555386388446,0.08485412655972906,0.13096379575128192,0.10108050330625656,0.09190456907062555,0.13832413715071365,0.10269610051355671
70,70.0,70.03006258152917,0.09713159744167894,0.08787395698474192,0.06878807223912253,0.09578189916255642,0.08471682102927892,0.13159702999235712,0.10158823264015748,0.09108186786055743,0.13763134474922536,0.10380917790032361
71,71.0,71.00624779379335,0.0965771237994037,0.08758507543242712,0.06797158372331295,0.0971489397057449,0.08526137182591205,0.13044709920432832,0.10229571748684581,0.09199500791778051,0.13805174834439438,0.10266633255985001
72,72.0,71.98475200689319,0.09795046036171404,0.08798664061590539,0.06810645451503962,0.09595649958501104,0.08592623499747912,0.1308317248349791,0.10115961813354706,0.09193881273244801,0.13775963779688555,0.10238391642699082
73,73.0,72.96555827861411,0.09851402309429247,0.08779656148667862,0.0667177697584979,0.09653315516538037,0.08677768356274555,0.13106858877337982,0.10068296427445947,0.09216371689184848,0.13746402370288735,0.10228151328982973
74,74.0,73.94862834037681,0.0980094498565254,0.08835024255686902,0.06603428950350464,0.09783680073472256,0.08647475278196633,0.1307483541379299,0.10095863477373113,0.0922706931615823,0.1382371845195842,0.1010795979735843
75,75.0,74.93390511255946,0.09911403653999389,0.08857240037865388,0.06655244264384,0.0987347256676942,0.08561060520827316,0.13052364697979457,0.10059788273962174,0.09244385045191769,0.1375041948831994,0.10034621450701128
76,76.0,75.92131515639825,0.09922673178040445,0.08940167736109021,0.06694585341148528,0.10077680754076784,0.08535377919002542,0.13034207975998618,0.09968748943395489,0.09153205693027222,0.13712647868386096,0.09960704590815234
77,77.0,76.91077104428919,0.09976557228463266,0.08896745353204695,0.0675944572190832,0.10005340178047778,0.08620022275968069,0.12938300451765478,0.10039171409045793,0.09152026540595279,0.13642462737374528,0.09969928103626774
78,78.0,77.90217363294813,0.09924160782497861,0.09018674820773372,0.06782705041315405,0.0990533357904624,0.08465791064262726,0.13012795480565018,0.10061844836703174,0.09256690815903652,0.13595691762581952,0.0997631181635058
79,79.0,78.89541422641172,0.09975759061770553,0.09047038026875381,0.06848817018676959,0.09867929361696073,0.08438983393033278,0.1299094816879765,0.09992091565231455,0.09219539151097357,0.13641033235545164,0.09977861017276111
80,80.0,79.89037661826481,0.10029416620951732,0.09170004697304726,0.06840583170654865,0.09727201099938197,0.08449342115603342,0.12880165785618145,0.09926069798918358,0.09114666298484246,0.13746854088377494,0.10115696324148879
81,81.0,80.88693900474995,0.09865562904296715,0.091949944026018,0.06820876226301817,0.09740179813156792,0.0841436211135042,0.128226868119806,0.10007314685733834,0.09196668974253763,0.13744690664715456,0.10192663405608787
82,82.0,81.88497576253909,0.09963813534009734,0.09290586634838034,0.06720495357570568,0.09691770225330917,0.083438273629166,0.1280684867322592,0.1018178161304034,0.09091752258260297,0.13742892592150766,0.10166231748656807
83,83.0,82.88435908692391,0.09909975875179906,0.09298369096010192,0.06776462959963277,0.09639913574721742,0.08448524139512623,0.12753954717669097,0.10174237893841481,0.09170795913550205,0.13711566983629345,0.10116198845922117
84,84.0,83.88496048800103,0.09907068517145376,0.09335912803121425,0.06745907750806161,0.09660219608974518,0.08443180663092245,0.12803363511958146,0.10179722848351723,0.09190539567103459,0.13547436458670484,0.1018664827077645
85,85.0,84.88665214409042,0.09859422725094094,0.09310198498103402,0.06581320434993934,0.09670242178498833,0.08395098569253565,0.13185593913514068,0.1011446533227928,0.09084733762062627,0.13653993257511382,0.10144931328688801
86,86.0,85.88930811312994,0.09813697925817148,0.09357533909793037,0.06569935503171771,0.09655412896438878,0.08347823983421694,0.13214396260735717,0.10227870071119825,0.09010143907833836,0.13635118319308948,0.10168067222359134
87,87.0,86.89280540413424,0.09821768260058089,0.093428858436398,0.06482171554131118,0.09634343733735637,0.0838225667518137,0.13338237898670646,0.10166102560281796,0.08907001580898706,0.13696383398348,0.10228848495054826
88,88.0,87.89702491199675,0.09865052251706619,0.09209075413223435,0.06430532440845299,0.09541729768540083,0.08313466506974256,0.13431276524872474,0.10174033652713389,0.09031517281575738,0.13742822281809566,0.10260493877739128
89,89.0,88.90185221995306,0.10000473607792408,0.0936587663839499,0.06299230227391354,0.09468751051678118,0.0816372283126403,0.13363154574717195,0.10256511045239279,0.09064545619634182,0.13803630260897015,0.10214104142991419
90,90.0,89.90717827491419,0.10143117112655395,0.0922922047416538,0.06299779189013949,0.0952665686365267,0.08106567645645175,0.1323759107099235,0.10127485300132454,0.09208043929954948,0.13800595149933217,0.10320943263854455
91,91.0,90.91289994163006,0.10135382783046282,0.09198611369047055,0.061391460438420795,0.09460608890921632,0.0812912172679093,0.13275523020198585,0.10184701041509896,0.09309473922257769,0.138439325304095,0.1032349867197627
92,92.0,91.91892044225806,0.10271128556664116,0.09296916839545014,0.06121214529334523,0.09472207072530942,0.08014533443506947,0.13397448564172734,0.10241899787537746,0.09254697486729403,0.1372900438862706,0.10200949331351512
93,93.0,92.92514968840067,0.10376736825030711,0.0928240110316805,0.06157958355631429,0.09406671116240337,0.07929944708424029,0.13391663347356503,0.10187734067264434,0.0918001736493967,0.13697901587903735,0.10388971524041102
94,94.0,93.93150451304501,0.10325543933154356,0.09241490362539413,0.062096674486776485,0.0945086486942051,0.0785149368271513,0.1338366620987968,0.10104561426396938,0.09221747049604515,0.1381007894250859,0.1040088607510322
95,95.0,94.93790881009448,0.10203189101478025,0.092265831461194,0.061480044730183835,0.09384426075344936,0.07997740740956838,0.133714405019893,0.09976218232136792,0.09224443054710049,0.14069475342285273,0.10398479331961
96,96.0,95.94429358933806,0.10105111536034454,0.09111161443658866,0.061451668400305165,0.09426809756870289,0.08037363128212519,0.13393317986506414,0.09876039046278733,0.09375682937625324,0.14112911411910917,0.10416435912871962
97,97.0,96.9505969547639,0.10206575679091932,0.09061247742379214,0.062203423735273655,0.09470928140836668,0.08093524870877038,0.1333230144011486,0.09935714352229974,0.09310796373700808,0.14116264377585117,0.10252304649657012
98,98.0,97.9567640140995,0.10132981963760347,0.0898755933808433,0.06309009627832923,0.09532767176900128,0.07998993049798814,0.1336712492247303,0.10005517797581819,0.09245512846690285,0.14104275385612366,0.10316257891265945
99,99.0,98.96274672736057,0.09856037656690857,0.08988143799144171,0.06272726735182255,0.0948215649999976,0.08112665196656647,0.13463120644798388,0.09941662169196591,0.09277500104480528,0.14162068553759452,0.10443918640091338
100,100.0,99.96850370202192,0.0998091447264856,0.08816696018225995,0.0624293328083089,0.09524929925371406,0.08145479984918305,0.13513481874314237,0.1006505356045325,0.0929268442520283,0.14058503357404312,0.103593231006302
101,101.0,100.97399994219691,0.09931357203839859,0.08765645422120848,0.061490514198228596,0.09517482035423452,0.08307961839465187,0.1371053372937736,0.10013495000585163,0.09203311208430182,0.14045895123251242,0.10355267017683828
102,102.0,101.97920655893245,0.09792329930629817,0.08633552651318753,0.06321211551730489,0.09767816058716638,0.08337330693452859,0.13615918355407192,0.1006174302270171,0.09029870988002595,0.14119203503564157,0.10321023244475769
103,103.0,102.98410044840509,0.09864891758892115,0.08576628122584928,0.06402903129516199,0.09847616481565641,0.0832961182126917,0.1351797725131538,0.10044676903293237,0.09034504756975938,0.13994762732863922,0.10386427041723448
104,104.0,103.98866394444643,0.09771911450204637,0.08610902307983993,0.06448836718390402,0.09804493173113188,0.08377541740045755,0.1353282724159876,0.10005035446703027,0.09082669425633688,0.1398134957120018,0.10384432925126343
105,105.0,104.99288445143917,0.0986808024680784,0.08598773060247362,0.06510528992869667,0.09727918183181605,0.08485991203235153,0.13550050045270823,0.09916718796030931,0.08993059032314299,0.13890732122095634,0.10458148317946662
106,106.0,105.99675406321822,0.09878347197361044,0.0865037115219958,0.06443997699240722,0.09875801962639302,0.08405503208183418,0.13650531012753772,0.10148385655331198,0.08933036233441631,0.13657824831973955,0.1035620104687535
107,107.0,107.0002691731872,0.09824151461889422,0.0871242492412409,0.0641106018644636,0.09847915672897055,0.0843900522806089,0.137170115843754,0.10258801120867794,0.08902877987110581,0.13697378949603567,0.10189372884624817
108,108.0,108.0034300804274,0.09632144127480284,0.08854993058113471,0.0650824707961902,0.09797891417704477,0.0847497673109263,0.1374875623287079,0.10403723741892036,0.08853070671290052,0.13714745966202024,0.1001145097373519
109,109.0,109.00624059613932,0.09601476715301728,0.08943254770132042,0.06556440855027572,0.09792687891346306,0.08289947703885392,0.138048419493826,0.10433938464336204,0.08805828039555566,0.13715792245273592,0.10055791365758975
110,110.0,110.00870765431864,0.09648395320304834,0.09096832217884855,0.06592755787868511,0.09839046563827067,0.08233454319581499,0.13693901777495404,0.1036810204092998,0.08768800998797562,0.13754083003575854,0.10004627969734414
111,111.0,111.01084093013685,0.09680685733018768,0.09015346811032701,0.06632013565629445,0.09923591205154308,0.08173047586995369,0.13555936428135193,0.10495902362590923,0.08841441803341843,0.13835363771142625,0.09846670732958804
112,112.0,112.01265246907188,0.09730953800403119,0.08992553245839191,0.0642230472664684,0.09856434084347628,0.08340252746455182,0.13495628566561702,0.10532742352721897,0.08807285216160586,0.13865732736295594,0.0995611252456824
113,113.0,113.01415632942268,0.09645387452793926,0.09049577150647703,0.06706820049403572,0.0985525159288333,0.08214850871208236,0.1343569549132323,0.1042289705478029,0.08870234138357283,0.13885365725829418,0.09913920472772991
114,114.0,114.01536824044418,0.09664369976348405,0.08977316972024137,0.06632665038694792,0.10047372744193621,0.08096956789403137,0.1342893889176132,0.10355718539558006,0.08912123212691304,0.13937908474805674,0.0994662936051958
115,115.0,115.01630527795908,0.09815186998074739,0.08824329906680346,0.06758291956823674,0.1010488553097376,0.0806148481602336,0.13486730112356604,0.10252294934180167,0.0881117943213943,0.13882763203371823,0.10002853109376075
116,116.0,116.0169855589429,0.09848861417255768,0.08948362589732438,0.06759268090141281,0.10133258825267005,0.08041584348977067,0.13377142879793819,0.10354745012811174,0.08721304188729369,0.13824989495027176,0.09990483152264884
117,117.0,117.01742795623892,0.09848918847038847,0.09039121481877863,0.06834572096750301,0.09931312615788422,0.07967106730108867,0.134224942881346,0.10281031966057275,0.0880933349273625,0.1387738098553487,0.09988727495972684
118,118.0,118.01765183424293,0.09889776072003786,0.09112211088071429,0.06850979251337969,0.09918670719650688,0.07904953512998528,0.13342385901985207,0.10251564222670762,0.08890477275184022,0.1388654638075473,0.09952435575342858
119,119.0,119.01767680610413,0.0980312891187456,0.09218721641750685,0.06830470173364102,0.09775470175000031,0.07841781786987911,0.13256484854511585,0.10217127264934497,0.08940381242997944,0.14031101329052464,0.10085332619526201
120,120.0,120.01752251271817,0.0979724452594165,0.09178408888401765,0.06824635090967959,0.09824007461983779,0.0758323745677876,0.13374519271203744,0.10277826014139396,0.09001421658736936,0.14106834091258028,0.10031865540587971
121,121.0,121.01720842354362,0.09870158069953826,0.0915447429064641,0.06696548836217607,0.09817790638198276,0.0755489020822307,0.13420134990946148,0.10250711022762032,0.0892422379562598,0.1416629256250546,0.10144775584921181
122,122.0,122.01675365905109,0.09753962396933576,0.0909697370943475,0.06611946312051722,0.09754413937219257,0.07578953110216857,0.13498441754223853,0.10237356072814899,0.08924705854885613,0.1422916369455023,0.10314083157669225
123,123.0,123.0161768344173,0.09729463482401186,0.0909745048905615,0.0667774101205584,0.0970922920823908,0.07412564713987557,0.13569732984586,0.10450481792216673,0.08805075625473396,0.14230567741628627,0.10317692950355473
124,124.0,124.01549592390272,0.09801324516840729,0.09100642593319239,0.06648043390140407,0.09786864979853038,0.07300524532439781,0.13605427058416505,0.1041837358184204,0.08816205451069847,0.1413228377521899,0.10390310120859407
125,125.0,125.01472814520056,0.09861375449786298,0.09199824668890515,0.06602831621835621,0.09804401040885266,0.07244872675292838,0.13421876792472656,0.10401851841818949,0.08769342888656896,0.1428177199877431,0.10411851021586639
126,126.0,126.01388986291661,0.09885378037244663,0.09316005191198234,0.06750079933048564,0.09838469733644345,0.07175936498076699,0.1334453998256319,0.10356709514788948,0.08635175724485811,0.14321877514068307,0.10375827870881231
127,127.0,127.0129965102319,0.0966460793100116,0.0930323785429509,0.06884832265356826,0.100641961843595,0.07302589694089542,0.13361967950201487,0.10244027655549667,0.08594901088757488,0.14328922524567578,0.10250716851821652
128,128.0,128.01206252771334,0.09720264956338623,0.09536335507592342,0.06837231374777758,0.09930812183579844,0.07324213324565816,0.13449132327365185,0.10120159649683423,0.08663480303341912,0.14340089999770195,0.10078280372984895
129,129.0,129.0111013181695,0.09800818240940279,0.0959772026862185,0.06869414682742164,0.09752048365966186,0.07408375614067422,0.1340396580971077,0.10082831281386903,0.08746909081008158,0.14334834582546252,0.1000308207301001
130,130.0,130.01012521639834,0.09916111899025522,0.09520477259734593,0.06863118251714098,0.09589418220773914,0.07358257059325368,0.13482165909065047,0.10089399608767931,0.08675194578553803,0.14422990852825468,0.10082866360214247
131,131.0,131.0091454726403,0.09902838677430452,0.09356618817062028,0.069831494976213,0.09574657103241908,0.07412000129476333,0.13416383848635197,0.10102942771675125,0.08608648412314393,0.1444063371002568,0.10202127032517576
132,132.0,132.0081722485317,0.09774437026209579,0.09431111474556891,0.06891874540800444,0.09502480273325634,0.07271773272318144,0.13540733547574313,0.10304521498205702,0.08687535090128318,0.14450231744576483,0.10145301532304486
133,133.0,133.00721462434865,0.09848373379838968,0.09549312377020913,0.06786419369866052,0.09440360118816449,0.07291840707964663,0.1368626067993224,0.10163791056317949,0.08747265365470033,0.14303386084039044,0.10182990860733684
134,134.0,134.0062806163404,0.0997887754078258,0.09604832274257882,0.06766823994037159,0.09373358822436767,0.07373608853197716,0.13625507009325818,0.10189852741834242,0.08659227936287564,0.1426240075818144,0.1016551006965882
135,135.0,135.00537720296956,0.10190337175867341,0.09620749795006597,0.06969609523846733,0.09257101910053697,0.07384396837013324,0.1368014513774393,0.10057648319365377,0.08462438482767685,0.1422075775263003,0.10156815065705273
136,136.0,136.00451035890612,0.10210816783347806,0.09693697246276826,0.0696042673892665,0.09256241952712405,0.07396516672297904,0.13636016034910203,0.10014799125416599,0.08511486908084281,0.1415348134840926,0.10166517189618052
137,137.0,137.00368509565993,0.10129044319862143,0.09744145480535746,0.06965674277118868,0.09212804019802413,0.07417805088742806,0.13537027140767965,0.1007686285770868,0.08605174331640293,0.14155249734673467,0.10156212749147604
138,138.0,138.0029055077818,0.10135452863114973,0.09741325680391434,0.07031415008845532,0.09177299293562668,0.07463713508798019,0.13560689922349042,0.10106252057833136,0.08398951895787923,0.14247083226682342,0.10137816542634913
139,139.0,139.00217482361367,0.10295823595598556,0.09772743930441675,0.07061199193448998,0.09039709174067159,0.07489515375864443,0.13573160599779574,0.10192546216922474,0.08214179809686248,0.1431011376893301,0.10051008335257841
140,140.0,140.0014954596262,0.10141698403076746,0.09663439635366912,0.07125840878061461,0.09036505886325802,0.07507299806242142,0.13587576385937894,0.10310753229972718,0.08256383881200682,0.14470169129871036,0.09900332763944589
141,141.0,141.00086907744122,0.10249472432066807,0.09632358762469545,0.0715828845382967,0.08982525607984412,0.07540423841225982,0.137729578893874,0.10157908562047038,0.08146362945985569,0.14398943683024126,0.0996075782197943
142,142.0,142.0002966427003,0.1026546155229895,0.0951011685383854,0.07268706894330319,0.08871087637393303,0.0761282019240027,0.13751661291612957,0.10079672026938058,0.08112530992416775,0.14516853514099468,0.10011089044671342
143,143.0,142.99977848500652,0.10210748716915628,0.09615130518386919,0.0721968818884334,0.08869008942947429,0.07547396584162704,0.1372800447140303,0.10114572604802194,0.0809915678137564,0.14405867808131714,0.10190425383031382
144,144.0,143.99931435823203,0.10363029908987945,0.0957804181676654,0.0723257177275869,0.09006757483255855,0.07585798338962872,0.13673332561631907,0.09891386063177618,0.0815014385586213,0.14432456285351877,0.1008648191324454
145,145.0,144.99890350055264,0.10230545186126254,0.0944693571705441,0.07288076801786708,0.08869888284690583,0.07616770978964513,0.13797470378287882,0.0992921013134159,0.08151253064849194,0.14613555071821593,0.10056294385077248
146,146.0,145.9985446936357,0.10319274174910947,0.09358538933164108,0.07233917650818798,0.08799066534885717,0.07679862692031075,0.137575025639002,0.10077752887693152,0.0817072460899425,0.14479663830119413,0.10123696123482312
147,147.0,146.99823632047406,0.10415353602264142,0.09390105266165355,0.07141615926532018,0.08783745485453884,0.0760265807625524,0.138674711041968,0.09935665158465377,0.08216235417970072,0.14423128238476857,0.10224021724220234
148,148.0,147.99797642142389,0.10446529369348277,0.09173577346350381,0.07218880130199837,0.08834835113903286,0.07714552453245631,0.13713239176727343,0.1010454307838708,0.08087548088811658,0.1450523282813433,0.1020106241489215
149,149.0,148.99776274806447,0.1055393938398668,0.09181972557307981,0.07178124497067723,0.08751325612964204,0.07767715819260242,0.13838411640613546,0.10135425748515431,0.08041333905288764,0.14414155485209473,0.10137595349785929
150,150.0,149.99759281456036,0.10504280331659407,0.09180966459347989,0.0713050525681863,0.08890014169638699,0.07729136747867375,0.13717918465094117,0.10223626545429138,0.0793511892635898,0.14542813513676656,0.10145619584108981
151,151.0,150.99746394626104,0.10305990839382824,0.09059053419664664,0.07198298912820215,0.08937717775259588,0.07662457567075613,0.13713845993437598,0.10349788843915446,0.08125445844042055,0.14481683726922356,0.10165717077479614
152,152.0,151.99737332532905,0.103262503874113,0.0883030554100094,0.07202397138466506,0.09107545418648569,0.0764322239091183,0.13684402397982348,0.10284832947307745,0.08122320311290482,0.1442225340653885,0.10376470060441403
153,153.0,152.99731803323698,0.10298949216777503,0.0880536520993267,0.07102199671160082,0.08980335856382855,0.07764263128364489,0.13608839379703963,0.10263522306709616,0.08281373989458359,0.1438815164089399,0.10506999600616446
154,154.0,153.99729509002177,0.10116708409969696,0.0895949588818619,0.07023874577280062,0.08999878478030865,0.07824588537520132,0.13618737821343768,0.1025819518435757,0.0827042091138542,0.1428114107032943,0.10646959121596841
155,155.0,154.99730149022784,0.10086771551408623,0.09048096781631836,0.07029068482010273,0.09050495296779294,0.07906901709127401,0.13480465902617922,0.10140071721721743,0.08229676767262886,0.1428882529270209,0.10739626494737911
156,156.0,155.99733423551103,0.10005087119813925,0.09119537347404205,0.06959850180116282,0.09007448468272027,0.07866672185792767,0.1354137492976673,0.10287401840304818,0.08199750331897841,0.14180254890697203,0.10832622705934178
157,157.0,156.99739036391077,0.10025687351157661,0.08936657285580192,0.06894901813389755,0.09175668914619294,0.07885016910954047,0.1347458212541632,0.10278777171708021,0.08291525835754189,0.14246670121471056,0.10790512469949445
158,158.0,157.99746697583146,0.10026935292084288,0.08873357077075704,0.06856787743056938,0.09265471073090534,0.07992803503622728,0.13546691656421023,0.10327932726953798,0.0835090583360219,0.14278053168132696,0.10481061925960082
159,159.0,158.99756125680176,0.10081444369393303,0.08685224029279585,0.06732104393861046,0.09386112609480995,0.08084165021523947,0.13475796353848316,0.10243167530091073,0.08453830922756542,0.14190020835133144,0.10668133934632033
160,160.0,159.997670497107,0.09973048259753985,0.08750560996294794,0.06707718939840454,0.09424155252006536,0.0812768626688468,0.13500404824703893,0.1030122683789079,0.08387858677646264,0.142023820074486,0.10624957937529984
161,161.0,160.99779210841066,0.09900100987793245,0.08743878769131197,0.06589810262287801,0.09444845238600587,0.08117436249858517,0.1341389106891256,0.10267151193647198,0.08346179420533767,0.14307313664773727,0.10869393144461384
162,162.0,161.99792363749984,0.0968682498198025,0.08698747638803757,0.06560864094329041,0.09344544566983473,0.08129593501324014,0.13363567921974517,0.10272457157454624,0.08398729213114237,0.14415976941699493,0.11128693982336574
163,163.0,162.9980627773051,0.0954593669159486,0.08655675439347582,0.06664184759066416,0.09463391358879142,0.08062783839840847,0.1348096676127553,0.10244689002667806,0.08442132616686057,0.14270528346933897,0.11169711183707842
164,164.0,163.9982073753568,0.09635533914576876,0.08673776682752984,0.06787552646776943,0.09481098551933945,0.08078205675819258,0.13451279382093462,0.10194415010960423,0.0830809114110359,0.14357004209051233,0.11033042784931274
165,165.0,164.99835543984977,0.09487049594346733,0.08848133103525033,0.06738425905387971,0.09398984487221763,0.08090470911559039,0.13518876829718596,0.1027961950348192,0.08356724925509237,0.1446026089587626,0.10821453843373434
166,166.0,165.99850514349492,0.09528461305136035,0.08769787126316685,0.06608207120869358,0.09549301230529086,0.08086919985771862,0.1352678968068377,0.10245153544169333,0.08355575056121572,0.14406242191467095,0.10923562758935186
167,167.0,166.99865482534062,0.09717631646984107,0.08696921498780316,0.06731928959547485,0.09533958330510575,0.07980593980292663,0.13403174944235519,0.10155096708845508,0.08407283640447889,0.14473457070361956,0.10899953219993963
168,168.0,167.99880299074837,0.09743085381382698,0.0877384290403011,0.06769772026042688,0.09637017052931605,0.0777031533238173,0.13354323353477177,0.10003304112664937,0.0854268083057176,0.14630041139426783,0.10775617867090495
169,169.0,168.99894830970783,0.09768063209803948,0.0870375927365146,0.06853924835199446,0.09734180813175453,0.07679538938787073,0.13469494842571847,0.10055446451658587,0.08536790545493761,0.1460348380757506,0.1059531728208335
170,170.0,169.99908961367427,0.09625756055483511,0.08836006099478888,0.06951496823597707,0.09774549356729086,0.0766068582203899,0.13451199953940374,0.09997775925516793,0.08414729184674768,0.14636684661161753,0.10651116117378115
171,171.0,170.99922589110733,0.09606113420067547,0.08905001663505092,0.06955486249885079,0.09898717129927476,0.07620917761364533,0.1374345085762035,0.09827500475022095,0.08249431853422852,0.14608208122498043,0.10585172466686912
172,172.0,171.99935628188598,0.09458966903462492,0.08858578329539041,0.068577717038183,0.09963103833768747,0.07562830214495014,0.13928629344450605,0.09634585207337966,0.08260516993551906,0.14984535944166338,0.10490481525409578
173,173.0,172.99948007076793,0.09310670897387822,0.08933863364855475,0.06696871057236498,0.10030478660036335,0.07476825253258174,0.1401523814189725,0.09705557168421063,0.08333413466342086,0.15046887698794845,0.10450194291770441
174,174.0,173.99959668005403,0.09402206522814299,0.08902844648587738,0.06724664139598376,0.1022559622032007,0.07475012168532227,0.1410261490041252,0.09589612245833266,0.08231504057781362,0.14910103076840925,0.10435842019279203
175,175.0,174.99970566161096,0.09344908262681688,0.09026408306329223,0.066162374045788,0.10200399767994503,0.07342150850333473,0.14118931742285373,0.09445566760301505,0.08509222098823807,0.14966453415432726,0.10429721391238883
