,Unnamed: 0,Generation,Intertwine_two,Add_vertex,Delete_vertex,Invert_path_vertices,Insert_inside_vertex,Delete_inside_vertex,Replace_inside_vertex,Donate_between_routes,Trim_one_terminal_cb,Grow_one_terminal_cb
0,0.0,0.0,0.09999999999999999,0.09999999999999999,0.09999999999999999,0.09999999999999999,0.09999999999999999,0.09999999999999999,0.09999999999999999,0.09999999999999999,0.09999999999999999,0.09999999999999999
1,1.0,1.0,0.12259803231297199,0.09529392790847871,0.10412325440842334,0.1036160869753325,0.09417853047018945,0.08914636913091731,0.08247859910100008,0.04749174716672069,0.1237075372997363,0.1373659152262292
2,2.0,2.0,0.12341112389925794,0.10198622314950893,0.08058713105168533,0.09189821464371364,0.11189904422799254,0.08438082817460488,0.07426389331886177,0.05555612963650551,0.13880683841296307,0.13721057348490595
3,3.0,3.0,0.12535369624697865,0.11339287164415046,0.07692293100019187,0.0933383650336882,0.11158535227020905,0.08299777039747994,0.07549443791170472,0.04631869016320096,0.13398609344472034,0.14060979188767536
4,4.0,4.0,0.12507668483768913,0.10500422468905823,0.10256526678260729,0.08908213525931837,0.09423120620064165,0.08006136347702988,0.07941383218311918,0.053938168540438536,0.1336778595210749,0.1369492585090225
5,5.0,5.0,0.11160830733226416,0.11407076769516782,0.082863096425523,0.09156167897313293,0.10081902856477887,0.09275829186277959,0.07168011304457658,0.04786508581209672,0.1433051547810087,0.14346847550867123
6,6.0,6.0,0.12035183404613443,0.12343725230624827,0.07297395050184023,0.0782451098393301,0.10732534549309898,0.08330374707476748,0.07501528082824699,0.06311623399944485,0.13942433138626437,0.13680691452462393
7,7.0,7.0,0.12121486846929148,0.10572369711100957,0.10915641907637175,0.08446912757949794,0.08589712168852325,0.07546428930931426,0.07207315479632305,0.05759078855279154,0.13296103600623735,0.15544949741063935
8,8.0,8.0,0.12997954338936696,0.096598532528233,0.09591881030699542,0.0947613043752826,0.08421380992442047,0.10051994900844992,0.06966188463444498,0.04420775363857536,0.155129211698215,0.1290092004960159
9,9.0,9.0,0.12356975431540615,0.08909953665274162,0.09351365430944987,0.08336107031169424,0.11271259373666775,0.08217873203741173,0.06458885119472578,0.057515398714468334,0.15805946455582257,0.13540094417161147
10,10.0,10.0,0.14107542883414909,0.10591717982399626,0.0710799756306124,0.08447911470353689,0.09694217024626894,0.08180501799384972,0.06339793268444097,0.05147021309537234,0.1511539251525271,0.15267904183524583
11,11.0,11.0,0.14604961372474504,0.1115113185182944,0.09726855127240105,0.06439377986797755,0.07969298118244439,0.10303696212658009,0.06615321572754786,0.06053145605384637,0.15250003998258926,0.11886208154357361
12,12.0,12.0,0.11868905739329778,0.11183737146829302,0.10866818278029536,0.07594388151505525,0.08273443892683593,0.09056963446526631,0.04520331111432589,0.05355206486577323,0.1624741523360268,0.15032790513483002
13,13.0,13.0,0.12450678522234329,0.10844017142679116,0.1142626264594521,0.0632282538153727,0.08163430880485392,0.08330465975681493,0.06060658106358978,0.04135180399404007,0.16717540913974194,0.1554894003169997
14,14.0,14.0,0.16185185581271638,0.08956832662755852,0.08578618105024724,0.06061929092585895,0.073710292380845,0.07866980003525004,0.03681396050465453,0.06313086488848738,0.1917581323993886,0.15809129537499303
15,15.0,15.0,0.11291948451221172,0.09331643450530983,0.08539779498701752,0.05995590091263545,0.09052034844709264,0.0967471907067596,0.05448442404063365,0.06234588861529673,0.1815060634918034,0.1628064697812391
16,16.0,16.0,0.13995737774020026,0.13775713067366896,0.12815278431605123,0.05815213419375984,0.06748828024705357,0.059048741791961214,0.05868542994495316,0.043803015465696746,0.1597912258614628,0.14716387976519202
17,17.0,17.0,0.14430941249990797,0.10493040353650689,0.10547881005326953,0.04248767670353574,0.07885032936634058,0.08672419818241271,0.06414049575286489,0.05965953664247585,0.16458280001983647,0.14883633724284906
18,18.0,18.0,0.13280551107068567,0.11558077705232231,0.08980466661322141,0.04918637777300862,0.07042222616447892,0.10356107317433132,0.044705474023683786,0.06306621290221691,0.18869742966581846,0.14217025156023227
19,19.0,19.0,0.12263886766851725,0.09488195969078135,0.1345237908930123,0.04766323793343167,0.07439208689590811,0.09304634041715092,0.039855110240457105,0.06736662657093043,0.1907581819002537,0.13487379778955683
20,20.0,20.0,0.12401533857897715,0.139884199877034,0.08654799339611548,0.08856502078175041,0.07650542156167527,0.09967389986707675,0.07396588942768459,0.04853481725486862,0.1505141275332173,0.1117932917216001
21,21.0,21.0,0.13591827288039626,0.0936755648294658,0.12293918022928259,0.042733122694309,0.06667976718525213,0.06279169575242285,0.05187290712697264,0.06559813035698973,0.21449094783649608,0.14330041110841257
22,22.0,22.0,0.10444316726758504,0.09949083628802938,0.10015729853500688,0.04223670672448395,0.08381233634909666,0.10921718210490419,0.04057338220000451,0.07096589882129042,0.22611043934340086,0.12299275236619786
23,23.0,23.0,0.10931243069110246,0.12667198262645935,0.08537408832878411,0.07291253741506483,0.06809624558538013,0.05859078083059207,0.061218944123845674,0.07255661909921358,0.20819407727394723,0.13707229402561033
24,24.0,24.0,0.16538984863521244,0.11936168255052575,0.08605572801699371,0.047039569639115944,0.05841311658107877,0.05588433006095964,0.030000000000000006,0.06594863412127086,0.23882634957095172,0.13308074082389096
25,25.0,25.0,0.1424773886263466,0.11558211665643747,0.11455757627426999,0.049519852658872224,0.04437831836244031,0.06372858134589718,0.04618357258904137,0.046964515636836714,0.2355555077002137,0.14105257014964423
26,26.0,26.0,0.17809157240641454,0.10732905159986858,0.11531063031698216,0.04784986954685928,0.030000000000000006,0.06474021186470603,0.03601459205214621,0.03437123228832917,0.2135451571723929,0.17274768275230093
27,27.0,27.0,0.15155573644576148,0.12893949226279428,0.09514929427631551,0.03678796469705624,0.05590674161651667,0.049579320423102084,0.03433685990347842,0.04031743004519509,0.22075270830752766,0.18667445202225233
28,28.0,28.0,0.15249248327728548,0.11025312922642165,0.140425127809855,0.03689801512714873,0.045581344955247086,0.06736970733342981,0.05727944653888899,0.07211025018780565,0.18127507448981303,0.13631542105410438
29,29.0,29.0,0.14095757965126038,0.08920767765317592,0.11708705514104971,0.03643833909190467,0.09097612338504098,0.08685099146957065,0.03348099164537859,0.05855050949370901,0.19677026530068656,0.1496804671682234
30,30.0,30.0,0.14335047170537177,0.06630345107135086,0.1096373010161216,0.04703507537288297,0.06119670466202942,0.07817727258688427,0.030000000000000006,0.06070536961120807,0.25600244815326,0.14759190582089077
31,31.0,31.0,0.12694441031808568,0.12474465271185331,0.09977477927178413,0.032918927877576956,0.04495321823255457,0.06686850722035072,0.05422575618278691,0.05230287379167527,0.23446282852050265,0.16280404587282968
32,32.0,32.0,0.1280056097872679,0.07104844063114106,0.11181525935288805,0.06118443564697294,0.033273092723522045,0.12287186212515502,0.04550795140192774,0.05641694135074553,0.23270411741412347,0.137172289566256
33,33.0,33.0,0.1306642075955732,0.058936764025412,0.14952825140666418,0.07062243230049589,0.07639553958445969,0.052849889261012084,0.030000000000000006,0.05146806179349624,0.26471804428469836,0.11481680974818816
34,34.0,34.0,0.15162695871917792,0.08224005214556897,0.12948618283141428,0.0461254310661635,0.08835965665652554,0.07142355317546971,0.030000000000000006,0.056827121718278514,0.22940009556841184,0.11451094811898958
35,35.0,35.0,0.11024318890241605,0.06895997337661217,0.11322829372168024,0.03934230558711381,0.07708782171004641,0.07985119427660155,0.0666085307355415,0.0485387455023817,0.2612555735641462,0.13488437262346026
36,36.0,36.0,0.1530760308283397,0.12996025674818418,0.13711113196533592,0.030000000000000006,0.06734865617240975,0.03585694172191974,0.031518859796937845,0.030000000000000006,0.2686307710870689,0.11649735167980377
37,37.0,37.0,0.1351811237567243,0.09763889312345807,0.10544744525944003,0.030000000000000006,0.10495442744900749,0.11163428571331431,0.030000000000000006,0.030000000000000006,0.2520638264858322,0.10307999821222336
38,38.0,38.0,0.13616086149429737,0.09357811727818689,0.13230236627327535,0.04869955347905075,0.036775043406077665,0.04217055244550192,0.030000000000000006,0.030000000000000006,0.29968648441469753,0.1506270212089124
39,39.0,39.0,0.07127777635326019,0.13109960709899882,0.16934061868478129,0.030000000000000006,0.05000821904203898,0.050177177604508114,0.04025202223826797,0.036834681492178646,0.2591178998967399,0.16189199758922596
40,40.0,40.0,0.15423132299347878,0.09205237090203534,0.15006000584445986,0.030000000000000006,0.0362260256420819,0.08279034883225816,0.032086981650345334,0.04927721866422691,0.24181027805252744,0.13146544741858607
41,41.0,41.0,0.14805862493900096,0.07838000626826781,0.14697641579069948,0.030000000000000006,0.05964252978918423,0.05398967700367554,0.030000000000000006,0.030000000000000006,0.31636429663540294,0.10658844957376881
42,42.0,42.0,0.1347173834577417,0.046997666891678426,0.1158480185878699,0.030000000000000006,0.057161175897063876,0.043245866585226236,0.030000000000000006,0.030000000000000006,0.4137470574778782,0.09828283110254152
43,43.0,43.0,0.1525268293443772,0.13678617079028998,0.068005300552187,0.030000000000000006,0.0389373563545881,0.05908405537574838,0.048905105784954495,0.030000000000000006,0.33107743513697796,0.10467774666087674
44,44.0,44.0,0.10846943991125435,0.12223581377676722,0.1665531222658533,0.030000000000000006,0.030000000000000006,0.0503101206154265,0.030000000000000006,0.030000000000000006,0.292412447285105,0.14001905614559335
45,45.0,45.0,0.15225969090041144,0.10978969624389509,0.13983994434266064,0.03963671128107075,0.04177820267686425,0.08012788527920851,0.06937712790185982,0.030000000000000006,0.24669193295335998,0.09049880842066933
46,46.0,46.0,0.1441143777760113,0.09807172600986366,0.1401102689279242,0.030000000000000006,0.03512373649355176,0.07691203575397858,0.030000000000000006,0.030000000000000006,0.3078737448416534,0.10779411019701694
47,47.0,47.0,0.11631715909737908,0.054072566404806975,0.16425484503620608,0.030000000000000006,0.05330833751528012,0.05633645639296442,0.030000000000000006,0.030000000000000006,0.3091812143744668,0.15652942117889637
48,48.0,48.0,0.14018451254102635,0.10894149170904635,0.12503805320975808,0.030000000000000006,0.03636700028192839,0.06628100883061919,0.030000000000000006,0.030000000000000006,0.32717192520710975,0.10601600822051167
49,49.0,49.0,0.10073496483658184,0.1052777596141683,0.14288084550151506,0.030000000000000006,0.041692031106279795,0.10129622416973394,0.030000000000000006,0.030000000000000006,0.30230877652679367,0.11580939824492728
50,50.0,50.0,0.15002339279895532,0.06945068012458444,0.15195362194826062,0.030000000000000006,0.04042266763536904,0.05348486480769231,0.06243186582809225,0.030000000000000006,0.32588199217854974,0.08635091467849623
51,51.0,51.0,0.14295224459063988,0.09150782825955285,0.1478709186779537,0.030000000000000006,0.04611035764269589,0.04370139093630139,0.030000000000000006,0.030000000000000006,0.3081580646874214,0.1296991952054348
52,52.0,52.0,0.17735445930711174,0.08143287763472389,0.11629873253766132,0.04215404699738904,0.04093864229765013,0.1127957854746506,0.030000000000000006,0.030000000000000006,0.2705527684141836,0.09847268733662959
53,53.0,53.0,0.11658130136618035,0.11985482362397985,0.13103962950092118,0.030000000000000006,0.030000000000000006,0.03909952363505635,0.030000000000000006,0.05882037943696451,0.32257664742933384,0.12202769500756379
54,54.0,54.0,0.17118108003554938,0.06993615706362619,0.08435204859226877,0.030000000000000006,0.030000000000000006,0.093416424361682,0.030000000000000006,0.03243952678979556,0.32355496182548443,0.1351198013315934
55,55.0,55.0,0.1606630530946582,0.030000000000000006,0.173652906744528,0.030000000000000006,0.07585406638801029,0.05793063424319404,0.030000000000000006,0.030000000000000006,0.2482721521788754,0.1636271873507339
56,56.0,56.0,0.13998812460272744,0.10216310224601473,0.1714245316373006,0.030000000000000006,0.030000000000000006,0.030000000000000006,0.030000000000000006,0.030000000000000006,0.3320778050534653,0.10434643646049184
57,57.0,57.0,0.12993162970938088,0.06354482753492444,0.08718878868667432,0.053550571307659764,0.030000000000000006,0.058966283213315276,0.030000000000000006,0.030000000000000006,0.336022048451429,0.1807958510966162
58,58.0,58.0,0.18917838803645345,0.048720326420237915,0.11556653023040012,0.03112207151664611,0.04065967940813812,0.06631799163179916,0.030000000000000006,0.030000000000000006,0.3039657028406261,0.1444693099156989
59,59.0,59.0,0.16462100089089965,0.051711148053089406,0.06622160365083421,0.060853446915917354,0.03841457643161382,0.0543866393656521,0.030000000000000006,0.030000000000000006,0.37245447487189953,0.1313371098200939
60,60.0,60.0,0.1505135472836844,0.11602174046362106,0.13855649565430334,0.034005128616075006,0.030000000000000006,0.035139284193541155,0.04432299777010951,0.030000000000000006,0.3037651885099108,0.11767561750875458
61,61.0,61.0,0.14241079077567181,0.05694625015404246,0.0580604184632722,0.030000000000000006,0.030000000000000006,0.030000000000000006,0.06361723961005646,0.030000000000000006,0.3144606029860012,0.24450469801095576
62,62.0,62.0,0.1709858773820686,0.050467432287661616,0.10132594794745389,0.030000000000000006,0.030000000000000006,0.047633089542236086,0.04322481715667705,0.030000000000000006,0.3480585749684195,0.14830426071548314
63,63.0,63.0,0.10964846268273232,0.11019706315028817,0.08437454503844893,0.046936277957518646,0.06906213364595545,0.060666220412692595,0.030000000000000006,0.05237261333020967,0.31828489708841995,0.11845778669373415
64,64.0,64.0,0.1695873788623749,0.1340640930329794,0.0985170302024367,0.03586147849918973,0.039524902561183316,0.0529189743894433,0.0683426966292135,0.03443504687417108,0.29323212007952937,0.07351627886947863
65,65.0,65.0,0.14281558757861743,0.14782371724519275,0.08746328683950985,0.05365893366908088,0.030000000000000006,0.030000000000000006,0.041134465716071135,0.030000000000000006,0.2817458310174867,0.15535817793404114
66,66.0,66.0,0.12146599984154001,0.08713990988551813,0.10501216055337423,0.05188186095138527,0.048903829538308095,0.03859264979014004,0.030000000000000006,0.030000000000000006,0.3667817926432021,0.12022179679653186
67,67.0,67.0,0.1213113109749467,0.04146989490008059,0.16695507918529026,0.030000000000000006,0.030000000000000006,0.05271014255284286,0.030000000000000006,0.030000000000000006,0.3811632953178785,0.11639027706896092
68,68.0,68.0,0.17433363188934614,0.07916846878269967,0.1063945157968467,0.05886919763801833,0.030000000000000006,0.062103448275862096,0.030000000000000006,0.030000000000000006,0.31997021603721404,0.10916052158001296
69,69.0,69.0,0.1429653099403057,0.14172463480224223,0.0537958995204552,0.030000000000000006,0.0401109599448734,0.03201798750989532,0.030000000000000006,0.030000000000000006,0.3145637419812215,0.1848214663010065
70,70.0,70.0,0.07182716849388285,0.14719779848065978,0.03948224814636738,0.030000000000000006,0.030000000000000006,0.030000000000000006,0.030000000000000006,0.030000000000000006,0.47229146438730896,0.11920132049178098
71,71.0,71.0,0.15896365656938535,0.13582192921978856,0.05691366156675208,0.030000000000000006,0.05454229598805123,0.07430617961246803,0.030000000000000006,0.030000000000000006,0.3201157313460239,0.10933654569753071
72,72.0,72.0,0.15805978603294596,0.12530531272412593,0.07300907258064518,0.030000000000000006,0.05172732732732734,0.03288352272727272,0.030000000000000006,0.030000000000000006,0.33546289030075893,0.1335520883069238
73,73.0,73.0,0.14965187178437284,0.0719475611594838,0.12005151895083692,0.030000000000000006,0.03419513935674999,0.05349278039779998,0.08091584360460372,0.030000000000000006,0.3248874163409535,0.1048578684051991
74,74.0,74.0,0.14103160720683156,0.05849447534208725,0.1305922693806619,0.030000000000000006,0.030000000000000006,0.09432189940555517,0.041861069032676924,0.030000000000000006,0.2913492995817525,0.15234938005043458
75,75.0,75.0,0.13332321299202787,0.04368235345199761,0.21927726632037894,0.030000000000000006,0.0469188426894732,0.051864154685176,0.036958529770420655,0.044784642986436196,0.3035848613179043,0.0896061357861851
76,76.0,76.0,0.14229525601194878,0.08883242377372266,0.13234888208211432,0.030000000000000006,0.030000000000000006,0.048008320706067774,0.030000000000000006,0.030000000000000006,0.33165337861159994,0.13686173881454639
77,77.0,77.0,0.1994554685548254,0.05219930478358138,0.1296713257471107,0.04706639486952835,0.030000000000000006,0.030000000000000006,0.030000000000000006,0.030000000000000006,0.3040472304429745,0.1475602756019796
78,78.0,78.0,0.15530237573016134,0.11268168840756325,0.1222010411987062,0.030000000000000006,0.030000000000000006,0.0514628935431399,0.030000000000000006,0.030000000000000006,0.27402717253507114,0.164324828585358
79,79.0,79.0,0.12450783802882229,0.03384066449008595,0.0756765901956082,0.09739507721636882,0.030000000000000006,0.0678515966573826,0.030000000000000006,0.030000000000000006,0.3922406508237751,0.11848758258795697
80,80.0,80.0,0.15010587356802868,0.122006863316384,0.06048546063363345,0.03879167891660855,0.030000000000000006,0.05564224548049477,0.030000000000000006,0.030000000000000006,0.3677758676992391,0.11519201038561133
81,81.0,81.0,0.2750673828417057,0.08460997093561003,0.04460373138163308,0.030000000000000006,0.030000000000000006,0.06840194396798172,0.030000000000000006,0.030000000000000006,0.3305694730999075,0.07674749777316195
82,82.0,82.0,0.14071382649437397,0.08966215370800708,0.05665143187481755,0.030000000000000006,0.030000000000000006,0.05296405247984939,0.04245029410643732,0.030000000000000006,0.33585114178777775,0.19170709954873685
83,83.0,83.0,0.15092922601725156,0.06348550269364008,0.16488711056525865,0.030000000000000006,0.030000000000000006,0.030000000000000006,0.08062919975565061,0.030000000000000006,0.30035126838475384,0.11971769258344522
84,84.0,84.0,0.11241052093481696,0.08737627850352457,0.11862816925277793,0.030000000000000006,0.030000000000000006,0.030000000000000006,0.03958333333333334,0.030000000000000006,0.42736625802033157,0.09463543995521555
85,85.0,85.0,0.12886258133650336,0.07450169390098427,0.10347393786266079,0.030000000000000006,0.030000000000000006,0.030000000000000006,0.030000000000000006,0.030000000000000006,0.45187439249014216,0.09128739440970915
86,86.0,86.0,0.13223589894874832,0.0807994395918209,0.13190594520077611,0.030000000000000006,0.04010648746446112,0.06686987959597887,0.05442391694919814,0.030000000000000006,0.29502722129510767,0.1386312109539088
87,87.0,87.0,0.11172071295566186,0.05462363676341821,0.1549605939676621,0.030000000000000006,0.030000000000000006,0.036027936962750716,0.07442940382819103,0.030000000000000006,0.34667042255169206,0.13156729297062392
88,88.0,88.0,0.1376942600337568,0.049501421008926606,0.14481276249543626,0.030000000000000006,0.030000000000000006,0.0494656158456943,0.07442940382819103,0.030000000000000006,0.37135607333897125,0.0827404634490236
89,89.0,89.0,0.11209819773844976,0.05684246342293296,0.21684096731558586,0.030000000000000006,0.030000000000000006,0.030000000000000006,0.030000000000000006,0.030000000000000006,0.3261259216507705,0.1380924498722608
90,90.0,90.0,0.1094527427255079,0.0716747800875343,0.13375925149080886,0.030000000000000006,0.030000000000000006,0.030000000000000006,0.04191576158940398,0.030000000000000006,0.400717097839874,0.1224803662668708
91,91.0,91.0,0.06493506678056224,0.04641443403079805,0.10663980209654181,0.050424039083971695,0.030000000000000006,0.030000000000000006,0.030000000000000006,0.05297704396946815,0.3481648233407462,0.24044479069791178
92,92.0,92.0,0.14236064564572037,0.08681763518994823,0.14792695210629994,0.03574198359433258,0.030000000000000006,0.041531868853256194,0.030000000000000006,0.030000000000000006,0.303696418673698,0.15192449593674456
93,93.0,93.0,0.11025043833225905,0.07454984832823053,0.08963233852979155,0.05471457431553082,0.030000000000000006,0.030000000000000006,0.030000000000000006,0.030000000000000006,0.4016760510568556,0.14917674943733245
94,94.0,94.0,0.09685127418060406,0.08703120409896267,0.08622523497598736,0.030000000000000006,0.04995360911472731,0.030000000000000006,0.030000000000000006,0.030000000000000006,0.4141043442615942,0.1458343333681243
95,95.0,95.0,0.11625263364936538,0.07583623742320858,0.12458538353977781,0.030000000000000006,0.030000000000000006,0.030000000000000006,0.030000000000000006,0.030000000000000006,0.38293431924391397,0.15039142614373419
96,96.0,96.0,0.10905180790853024,0.04390691114245417,0.14677599778956557,0.030000000000000006,0.030000000000000006,0.030000000000000006,0.030000000000000006,0.049713715046604545,0.35071405619710266,0.17983751191574276
97,97.0,97.0,0.17169004765160634,0.10012501056102144,0.11532321290460079,0.030000000000000006,0.044129677127981395,0.054685501558836634,0.030000000000000006,0.030000000000000006,0.3422997536294969,0.08174679656645646
98,98.0,98.0,0.1580647807157294,0.11437503199892944,0.1374036953589267,0.030000000000000006,0.030000000000000006,0.03426784233090424,0.030000000000000006,0.030000000000000006,0.3299632705339281,0.10592537906158202
99,99.0,99.0,0.20224114982781485,0.0636615670027568,0.169791919151484,0.06616243714185475,0.030000000000000006,0.030000000000000006,0.030000000000000006,0.030000000000000006,0.26685280718098936,0.1112901196951001
100,100.0,100.0,0.10104611057921817,0.05616582714757048,0.18963557856614072,0.030000000000000006,0.030000000000000006,0.030000000000000006,0.030000000000000006,0.030000000000000006,0.3759658514354697,0.12718663227160082
101,101.0,101.0,0.11014962107523922,0.040151367187499995,0.10571478390667348,0.030000000000000006,0.05142454160789846,0.030000000000000006,0.030000000000000006,0.030000000000000006,0.47721030275793525,0.09534938346475355
102,102.0,102.0,0.07142805835427539,0.08973901503670037,0.06862198291033017,0.030000000000000006,0.030000000000000006,0.030000000000000006,0.030000000000000006,0.030000000000000006,0.4036092577614112,0.21660168593728285
103,103.0,103.0,0.14770156594900039,0.0390507290892043,0.17474860169038697,0.06016909696401436,0.030000000000000006,0.06507895049269856,0.06261100980730375,0.030000000000000006,0.31560208657163863,0.07503795943575288
104,104.0,104.0,0.11091890229646043,0.06865618759986389,0.15631633573826467,0.033845474259095655,0.030000000000000006,0.030000000000000006,0.030000000000000006,0.030000000000000006,0.3549389065100122,0.15532419359630306
105,105.0,105.0,0.10253242523259196,0.06834259181350015,0.18085805964694648,0.030000000000000006,0.05596963284626881,0.030000000000000006,0.030000000000000006,0.030000000000000006,0.3721635536302036,0.10013373683048898
106,106.0,106.0,0.1584375797778667,0.11172728737195,0.13726444255979312,0.030000000000000006,0.05310181190681622,0.057760998030203535,0.030000000000000006,0.030000000000000006,0.29603022365725606,0.09567765669611425
107,107.0,107.0,0.170898507833919,0.03982204776180152,0.15534784485785727,0.030000000000000006,0.03265460750318959,0.030000000000000006,0.030000000000000006,0.030000000000000006,0.3598592121266355,0.12141777991659705
108,108.0,108.0,0.10936670456133821,0.030000000000000006,0.1468288475188321,0.030000000000000006,0.030000000000000006,0.030000000000000006,0.030000000000000006,0.030000000000000006,0.4951786968262735,0.06862575109355613
109,109.0,109.0,0.19203046775726093,0.030000000000000006,0.13884137611561229,0.030000000000000006,0.030000000000000006,0.061108819594852835,0.030000000000000006,0.030000000000000006,0.36758116056033585,0.09043817597193801
110,110.0,110.0,0.15319858926991367,0.09136880516168641,0.09300383320408087,0.030000000000000006,0.030000000000000006,0.03607925476317092,0.030000000000000006,0.030000000000000006,0.4228388343869341,0.08351068321421402
111,111.0,111.0,0.12414764577585187,0.12453363482358837,0.1266634809520036,0.030000000000000006,0.030000000000000006,0.030000000000000006,0.030000000000000006,0.058251238085095046,0.36876231956113925,0.07764168080232176
112,112.0,112.0,0.21411293242167825,0.09013213816194109,0.10664034689028619,0.030000000000000006,0.030000000000000006,0.058098591549295774,0.030000000000000006,0.030000000000000006,0.36855517030666596,0.042460820670132626
113,113.0,113.0,0.17766533707968551,0.06178166441255871,0.15445385844569712,0.030000000000000006,0.030000000000000006,0.0329292656587473,0.030000000000000006,0.030000000000000006,0.34048887652189574,0.11268099788141554
114,114.0,114.0,0.19831792318705324,0.13017823477651605,0.10744111357150947,0.030000000000000006,0.030000000000000006,0.030000000000000006,0.030000000000000006,0.030000000000000006,0.32515916202785794,0.08890356643706314
115,115.0,115.0,0.21845525595829424,0.05227530636491391,0.07050404411801119,0.030000000000000006,0.030000000000000006,0.030000000000000006,0.030000000000000006,0.030000000000000006,0.43877344036393107,0.0699919531948495
116,116.0,116.0,0.11803638603640654,0.0358354338782747,0.09648097958276,0.05721969280032022,0.06402461600040027,0.06355374480007957,0.030000000000000006,0.030000000000000006,0.4130883242552718,0.0917608226464868
117,117.0,117.0,0.10648089005390042,0.08016355140186916,0.08858202615990844,0.10000000000000002,0.06315494568324756,0.030000000000000006,0.030000000000000006,0.030000000000000006,0.40294190864379187,0.06867667805728242
118,118.0,118.0,0.1871731969030788,0.09293960620721922,0.06286315616402836,0.030705334537728522,0.030000000000000006,0.030000000000000006,0.030000000000000006,0.030000000000000006,0.44428745618794496,0.06203125
119,119.0,119.0,0.18941207073238558,0.0677559750937095,0.1231244241945052,0.030000000000000006,0.06092753623188405,0.06692913385826771,0.030000000000000006,0.030000000000000006,0.3051842371253867,0.09666662276386112
120,120.0,120.0,0.21008994361048933,0.07259233039871234,0.13975196820340702,0.059999999999999984,0.058405449248970634,0.030000000000000006,0.061505791082718794,0.07914893617021278,0.20543942693513256,0.0830661543503564
121,121.0,121.0,0.22113485160806295,0.12731166664860225,0.0731337347949397,0.030000000000000006,0.04065715622076708,0.08284817022983616,0.030000000000000006,0.05333333333333336,0.2695546097743478,0.0720264773901107
122,122.0,122.0,0.21804188142737088,0.09011465324384789,0.09738091647438862,0.030000000000000006,0.030000000000000006,0.042612496664241786,0.030000000000000006,0.030000000000000006,0.3287303226642811,0.1031197295258697
123,123.0,123.0,0.23785888431971744,0.03749347258485639,0.04380343434594321,0.030000000000000006,0.030000000000000006,0.030000000000000006,0.030000000000000006,0.030000000000000006,0.4283331551203771,0.1025110536291057
124,124.0,124.0,0.23156697898202072,0.06403047091412742,0.0702905773932669,0.030000000000000006,0.030000000000000006,0.030000000000000006,0.030000000000000006,0.030000000000000006,0.4156143710701038,0.06849760164048102
125,125.0,125.0,0.185270107385492,0.06435873617113672,0.09158645504574776,0.030000000000000006,0.030000000000000006,0.030000000000000006,0.030000000000000006,0.030000000000000006,0.38829781664444574,0.1204868847531777
126,126.0,126.0,0.15817524535388344,0.07153727866344713,0.11739981922755652,0.030000000000000006,0.030000000000000006,0.030000000000000006,0.030000000000000006,0.030000000000000006,0.35407450122148565,0.14881315553362726
127,127.0,127.0,0.17099224348763684,0.11177435354060254,0.08900138482596114,0.030000000000000006,0.030000000000000006,0.030000000000000006,0.030000000000000006,0.030000000000000006,0.36525780792646156,0.11297421021933785
128,128.0,128.0,0.12413793103448276,0.040468200052918644,0.12281168017663224,0.030000000000000006,0.030000000000000006,0.053769276326648185,0.030000000000000006,0.030000000000000006,0.47228547105185636,0.06652744135746176
129,129.0,129.0,0.13546223673650126,0.030000000000000006,0.05578784826493742,0.05411960729630978,0.030000000000000006,0.0667891970154013,0.030000000000000006,0.030000000000000006,0.44908373504827714,0.11875737563857303
130,130.0,130.0,0.17184154417057004,0.09839997947901426,0.12386234740383169,0.045565456528882706,0.047442058361854854,0.03930243112632259,0.030000000000000006,0.030000000000000006,0.33944435549158525,0.07414182743793855
131,131.0,131.0,0.11026164707641048,0.12589041095890413,0.11004840846990027,0.030000000000000006,0.030000000000000006,0.030000000000000006,0.030000000000000006,0.030000000000000006,0.3647488263917185,0.1390507071030666
132,132.0,132.0,0.17626072590398495,0.0397288340381462,0.07725264491284593,0.030000000000000006,0.1,0.030000000000000006,0.030000000000000006,0.030000000000000006,0.3985290396173131,0.08822875552770973
133,133.0,133.0,0.09705520798971243,0.030000000000000006,0.09060852277638515,0.030000000000000006,0.030000000000000006,0.0611773159407473,0.030000000000000006,0.030000000000000006,0.5152866877254113,0.08587226556774373
134,134.0,134.0,0.1410986524545496,0.11871268868886267,0.06254785936784804,0.030000000000000006,0.125994186780504,0.030000000000000006,0.030000000000000006,0.030000000000000006,0.28902766405560615,0.14261894865262945
135,135.0,135.0,0.12759130493519433,0.08269080221143546,0.07969372157920727,0.030000000000000006,0.030000000000000006,0.030000000000000006,0.05415213039748355,0.030000000000000006,0.42549568934528387,0.11037635153139538
136,136.0,136.0,0.2065735805342137,0.030000000000000006,0.2017563993935227,0.030000000000000006,0.030000000000000006,0.030000000000000006,0.030000000000000006,0.030000000000000006,0.33437832754348645,0.07729169252877707
137,137.0,137.0,0.20462003708518844,0.030000000000000006,0.07836629619228999,0.030000000000000006,0.030000000000000006,0.030000000000000006,0.030000000000000006,0.030000000000000006,0.44474032672325114,0.09227333999927033
138,138.0,138.0,0.19064956232736985,0.030000000000000006,0.15611417846761494,0.030000000000000006,0.030000000000000006,0.058229523307874655,0.030000000000000006,0.030000000000000006,0.3580857084437805,0.08692102745335993
139,139.0,139.0,0.17140856187811954,0.030000000000000006,0.07370682984800889,0.030000000000000006,0.05302063359112922,0.06167678862390756,0.030000000000000006,0.030000000000000006,0.450721723192428,0.06946546286640666
140,140.0,140.0,0.11132987206653744,0.05637108453772079,0.0358602410083824,0.030000000000000006,0.07221867683730912,0.172314295535035,0.030000000000000006,0.030000000000000006,0.3685699858553398,0.09333584415967544
141,141.0,141.0,0.1733997791126448,0.09590014747402738,0.039239054608365666,0.030000000000000006,0.030000000000000006,0.10412996679844747,0.030000000000000006,0.030000000000000006,0.3420831756331736,0.12524787637334098
142,142.0,142.0,0.12944701627721328,0.1442893141730746,0.174647588485221,0.030000000000000006,0.059810725552050505,0.06678465773238941,0.030000000000000006,0.030000000000000006,0.25526798517661087,0.07975271260344023
143,143.0,143.0,0.1472226811678192,0.06553571099594609,0.061340991816556514,0.0457422281016725,0.06410857884874724,0.033497406584100775,0.06363120437538619,0.030000000000000006,0.37167234167986957,0.11724885642990188
144,144.0,144.0,0.20939565537704152,0.06638936247720015,0.08952436756714019,0.033067517229386514,0.034491721657315975,0.030000000000000006,0.030000000000000006,0.03898344331463194,0.36147685682168446,0.1066710755555991
145,145.0,145.0,0.1382767812219336,0.09609164662003547,0.09917141745092252,0.030000000000000006,0.030000000000000006,0.030000000000000006,0.08571428571428572,0.04402064665052981,0.3776492041775617,0.06907601816473109
146,146.0,146.0,0.14993250314400938,0.08492867474034922,0.16302234118469178,0.030000000000000006,0.030000000000000006,0.030000000000000006,0.030000000000000006,0.03545548584824463,0.3929996916387926,0.0536613034439124
147,147.0,147.0,0.11509487082614,0.04920852096030287,0.0978040311207824,0.030000000000000006,0.030000000000000006,0.05441404164442072,0.030000000000000006,0.030000000000000006,0.47307826842468154,0.09040026702367243
148,148.0,148.0,0.13929953610843743,0.03553368521076714,0.0799442240875688,0.043373072592687245,0.030000000000000006,0.03512028163504791,0.030000000000000006,0.04783076345691632,0.4506086267514875,0.10828981015708768
149,149.0,149.0,0.14184721609347958,0.05287626461050312,0.12683491713157657,0.031357218955382994,0.030000000000000006,0.030000000000000006,0.030000000000000006,0.036904113816513505,0.4755784654587686,0.044601803933775705
150,150.0,150.0,0.25063491615731054,0.0576548235229147,0.14411602367624132,0.030000000000000006,0.030000000000000006,0.04624546065904507,0.030000000000000006,0.03420070510897514,0.3352631491037786,0.04188492177173455
151,151.0,151.0,0.15068305734811221,0.04236703942451281,0.18387748210537455,0.04580232815354416,0.030000000000000006,0.030000000000000006,0.030000000000000006,0.030000000000000006,0.3723966060041678,0.08487348696428845
152,152.0,152.0,0.17386980470433747,0.03555190737720659,0.11787872160538682,0.030000000000000006,0.030000000000000006,0.06572116107685366,0.030000000000000006,0.030000000000000006,0.422166777458245,0.06481162777797043
153,153.0,153.0,0.16237254357864683,0.07130434782608695,0.07291726521012813,0.05205000000000002,0.030000000000000006,0.0690209880529545,0.030000000000000006,0.030000000000000006,0.4010290305744656,0.08130582475771808
154,154.0,154.0,0.1461107715811317,0.17665081603097715,0.040342912495963834,0.030000000000000006,0.030000000000000006,0.0690209880529545,0.030000000000000006,0.030000000000000006,0.4137297749968676,0.03414473684210526
155,155.0,155.0,0.1594337980313269,0.06362255467751488,0.12980413941593805,0.030000000000000006,0.030000000000000006,0.030000000000000006,0.030000000000000006,0.050795097560442294,0.44634441031477773,0.030000000000000006
156,156.0,156.0,0.25536434788153783,0.09840366406763434,0.08196294590306566,0.030000000000000006,0.05768405764719027,0.030000000000000006,0.030000000000000006,0.030000000000000006,0.3142990432617469,0.07228594123882494
157,157.0,157.0,0.18458328138718413,0.049077335145933564,0.08135509261075265,0.030000000000000006,0.030000000000000006,0.030000000000000006,0.04999978173325622,0.030000000000000006,0.4195644775882236,0.09542003153464976
158,158.0,158.0,0.08685793309757824,0.036739409499358146,0.09212551369687225,0.030000000000000006,0.030000000000000006,0.09756218905472638,0.030000000000000006,0.030000000000000006,0.3881540970828167,0.17856085756864828
159,159.0,159.0,0.12770767409261102,0.043677766895200774,0.09297990947828401,0.030000000000000006,0.030000000000000006,0.03268064460232195,0.030000000000000006,0.030000000000000006,0.4391967366788143,0.14375726825276783
160,160.0,160.0,0.15517988556025455,0.08692450632959071,0.12107460127828736,0.030000000000000006,0.030000000000000006,0.030000000000000006,0.030000000000000006,0.030000000000000006,0.330131117385643,0.15668988944622436
161,161.0,161.0,0.10930905373436495,0.0645883564586212,0.10897790573337211,0.030000000000000006,0.030000000000000006,0.030000000000000006,0.030000000000000006,0.030000000000000006,0.3806996255667166,0.1864250585069251
162,162.0,162.0,0.12459916350580251,0.08215000000000001,0.11812987914778468,0.030000000000000006,0.030000000000000006,0.030000000000000006,0.030000000000000006,0.030000000000000006,0.34634549797060105,0.1787754593758117
163,163.0,163.0,0.12825566973461713,0.1,0.10155128177217612,0.030000000000000006,0.030000000000000006,0.030000000000000006,0.030000000000000006,0.030000000000000006,0.37118221846727023,0.14901083002593643
164,164.0,164.0,0.2329630350797324,0.05258204436478821,0.08485521292954026,0.030000000000000006,0.030000000000000006,0.030000000000000006,0.030000000000000006,0.030000000000000006,0.2833404378657949,0.19625926976014416
165,165.0,165.0,0.20732306592810282,0.12759371218620957,0.11472320924793374,0.030000000000000006,0.030000000000000006,0.030000000000000006,0.030000000000000006,0.030000000000000006,0.2554759588242121,0.14488405381354164
166,166.0,166.0,0.15952451056690417,0.06809935159446803,0.09733741472726679,0.030000000000000006,0.030000000000000006,0.030000000000000006,0.030000000000000006,0.030000000000000006,0.32901626564484127,0.1960224574665197
167,167.0,167.0,0.08964734772976028,0.03251326881049016,0.10756115618639125,0.030000000000000006,0.030000000000000006,0.030000000000000006,0.07021230096784263,0.030000000000000006,0.429464684910735,0.15060124139478062
168,168.0,168.0,0.11491818282523278,0.09683417085427137,0.059199639288771554,0.030000000000000006,0.030000000000000006,0.030000000000000006,0.030000000000000006,0.030000000000000006,0.4457664176386752,0.13328158939304896
169,169.0,169.0,0.14924375334570206,0.16219805825242717,0.12734046446779934,0.05782889316121944,0.030000000000000006,0.030000000000000006,0.030000000000000006,0.030000000000000006,0.25512552101949193,0.12826330975336003
170,170.0,170.0,0.20198576863551695,0.1,0.042498567613764325,0.03287738842275963,0.030000000000000006,0.06946391870290021,0.030000000000000006,0.030000000000000006,0.3619633325582397,0.10121102406681912
171,171.0,171.0,0.255828193933151,0.1,0.04998094063568585,0.04892931218117606,0.030000000000000006,0.042471348197541156,0.04730303995921229,0.030000000000000006,0.311776394292398,0.08371077080083553
172,172.0,172.0,0.24342479677719658,0.15274143369577997,0.05466066519142306,0.030000000000000006,0.030000000000000006,0.030000000000000006,0.030000000000000006,0.030000000000000006,0.3341247624455272,0.06504834189007305
173,173.0,173.0,0.20149958017127484,0.10752223306215583,0.06156962186642444,0.0448702044315211,0.030000000000000006,0.030000000000000006,0.030000000000000006,0.030000000000000006,0.4196297929370679,0.044908567531555754
174,174.0,174.0,0.17449554075940787,0.12218902826157832,0.14303364761984833,0.030000000000000006,0.030000000000000006,0.030000000000000006,0.030000000000000006,0.030000000000000006,0.32472992651759924,0.08555185684156616
175,175.0,175.0,0.19047617543598383,0.10849057445157609,0.09470799887269353,0.030000000000000006,0.030000000000000006,0.030000000000000006,0.030000000000000006,0.030000000000000006,0.35938756100906766,0.09693769023067877
176,176.0,176.0,0.1331596933041143,0.042297535046913526,0.049958907904180026,0.030000000000000006,0.030000000000000006,0.030000000000000006,0.030000000000000006,0.030000000000000006,0.40678583005898455,0.21779803368580747
177,177.0,177.0,0.17499082190241966,0.030000000000000006,0.047509474824039,0.030000000000000006,0.030000000000000006,0.030000000000000006,0.030000000000000006,0.030000000000000006,0.39046055682928493,0.2070391464442564
178,178.0,178.0,0.1228951147983303,0.0884166049384903,0.053169508525576746,0.030000000000000006,0.030000000000000006,0.04614437709464854,0.030000000000000006,0.050757056264548114,0.4045992805998847,0.1440180577785213
179,179.0,179.0,0.20927736705434835,0.05090320649067546,0.07914893617021279,0.030000000000000006,0.030000000000000006,0.030000000000000006,0.030000000000000006,0.030000000000000006,0.33185902068042,0.17881146960434333
180,180.0,180.0,0.0897908681309442,0.04524586260132111,0.03644736842105264,0.030000000000000006,0.030000000000000006,0.030000000000000006,0.030000000000000006,0.07423728813559323,0.4810105750811443,0.15326803762994448
181,181.0,181.0,0.13745159455038705,0.05702927580893685,0.0780232558139535,0.030000000000000006,0.030000000000000006,0.030000000000000006,0.030000000000000006,0.030000000000000006,0.40657032704220575,0.17092554678451682
182,182.0,182.0,0.13086885937049805,0.033368588048651504,0.07701130988770552,0.030000000000000006,0.08918454935622319,0.030000000000000006,0.030000000000000006,0.030000000000000006,0.3963623772814038,0.1532043160555179
183,183.0,183.0,0.2010469820204054,0.08622950819672133,0.041652744630071604,0.030000000000000006,0.030000000000000006,0.030000000000000006,0.030000000000000006,0.030000000000000006,0.3643254157607768,0.15674534939202472
