,Unnamed: 0,Generation,Intertwine_two,Add_vertex,Delete_vertex,Invert_path_vertices,Insert_inside_vertex,Delete_inside_vertex,Replace_inside_vertex,Donate_between_routes,Trim_one_terminal_cb,Grow_one_terminal_cb
0,0.0,0.0,0.09999999999999999,0.09999999999999999,0.09999999999999999,0.09999999999999999,0.09999999999999999,0.09999999999999999,0.09999999999999999,0.09999999999999999,0.09999999999999999,0.09999999999999999
1,1.0,0.10900000000000001,0.10246318552211395,0.09948703814202417,0.10044943473051815,0.10039415348031124,0.09936545982125064,0.09881695423526998,0.09809016730200901,0.09427660044117255,0.10258412156567125,0.10407288475965899
2,2.0,0.31601,0.10496271011855368,0.09965267089161349,0.09853705184908974,0.09960932371437968,0.10051455574264592,0.09717895310033821,0.0953937316135932,0.08946413055246182,0.10663099524343869,0.10805587717388546
3,3.0,0.6191589000000001,0.10759102362792855,0.10096574073828701,0.09626998804268079,0.09896988087333208,0.1016312177609768,0.09543846505192977,0.09287869557035597,0.08387008369613214,0.11011286548830039,0.11227203915007641
4,4.0,1.015801321,0.11010643137162748,0.10143291021384258,0.09660039362472937,0.09791244418055582,0.10100034031561017,0.09345397816977268,0.09083325998199739,0.07922187542782988,0.11345445759587555,0.11598390911815899
5,5.0,1.50262148669,0.11117316312507465,0.10279573018720571,0.09498719034444345,0.09712040243922626,0.10102364151004424,0.09280370666747885,0.08810480176063161,0.07417834264464974,0.11762685403793857,0.12018616728330682
6,6.0,2.0757334209441005,0.11301192581663602,0.10507166699942018,0.09242515186062863,0.09502032072398844,0.10169319814841427,0.09127255368856618,0.0858184592526089,0.0709011453901969,0.12125071150375157,0.12353486661578877
7,7.0,2.7307768275633495,0.11482651476365194,0.10553231046395761,0.09354305206906056,0.0935848968454446,0.10020929821593655,0.08903088216486148,0.08335850660795247,0.0673212742026165,0.1240475898838057,0.12854567478271245
8,8.0,3.4630081252450404,0.11739999584503019,0.10503628699023418,0.0933815350497848,0.09323107534167416,0.0985623353350222,0.08938327783488534,0.08079056869345756,0.06266378178587426,0.12887073245627648,0.13068041066776065
9,9.0,4.2673862119061114,0.11920094538631792,0.10375558873171394,0.09302102688525417,0.091787914872258,0.099786461869318,0.08797767895253865,0.0778608343858501,0.059618242836922554,0.13376717084968034,0.13322413523014615
10,10.0,5.138652627782014,0.12261605551464205,0.10413816409538146,0.09045812794353479,0.09051660644336208,0.09944039471981783,0.08661727908491915,0.07497226182606367,0.05625171077973189,0.1377263344004757,0.13726306519207118
11,11.0,6.071405875792507,0.12637166685238843,0.10505968594939818,0.09057659493703701,0.08730352045640158,0.09737903313414974,0.08746799100642394,0.07253233153515033,0.054080141247264096,0.14155846898671823,0.13767056589506824
12,12.0,7.060169740244025,0.12721244089193903,0.10598617723870206,0.09189009794533207,0.08533765582696065,0.09565109296197057,0.08714258868084844,0.0681776126539301,0.05149230269730159,0.14611421705963898,0.14099581404337627
13,13.0,8.099455520847952,0.1284656764754527,0.10653881133722128,0.09379947586906293,0.0822028771473765,0.09385676725445977,0.08615749957482953,0.06556894964036225,0.047963819536846725,0.15084811535840306,0.14459800780598503
14,14.0,9.183818168183006,0.13328850664712122,0.105168011146861,0.0928749029654041,0.07893093381347935,0.09132724789080308,0.08477890500907588,0.06079226718648994,0.04689997062645401,0.15773016909106877,0.14820908562324236
15,15.0,10.307906369102724,0.1330214501632284,0.10415310491811887,0.09193306152663663,0.07573672938277337,0.09055551651503725,0.08528481791731028,0.05802051626478441,0.046026317922401846,0.1632390901927926,0.1520293951969161
16,16.0,11.466506686239443,0.1352838689940135,0.10757539222495878,0.09529555049925309,0.07252376043854905,0.08755739977616465,0.0820849183711359,0.05591068010343988,0.04354893888072384,0.16620830515430007,0.154011185557461
17,17.0,12.654581904800096,0.13780198450515277,0.10767459547188558,0.0963829654864977,0.06792192637727687,0.0857946084278169,0.08174219265283236,0.054585081637436104,0.04290749062674128,0.1692955852425658,0.1558935695717944
18,18.0,13.867303782456686,0.13898297260220344,0.10880147382634746,0.09588518307668076,0.06419580333234177,0.083295843103503,0.08316724706084686,0.05154409498626889,0.04283837528428843,0.17443847243437585,0.15685053429314333
19,19.0,15.100080434523047,0.13896742293401698,0.10781357564146879,0.09984828617119,0.06053988435234916,0.08131520421537317,0.08360226101347669,0.04825378441226988,0.0434084912191315,0.17941573570276287,0.15683535433796073
20,20.0,16.348578617037543,0.13892778977104017,0.1112953751341964,0.09896425425377688,0.061210969090998504,0.07967473150943838,0.08475097030987287,0.048619596072675395,0.042277995982402075,0.17998429166958244,0.15429402620601668
21,21.0,17.608741195130214,0.13993328884258233,0.1100940194203228,0.10168358160284514,0.0575052960639463,0.07718404753697714,0.08224581756073608,0.04699299127051925,0.04302944979228237,0.18659897242868428,0.1547325354811041
22,22.0,18.876800103462312,0.13765057728606728,0.10943014187778435,0.1020653440338434,0.05397282700892043,0.07655064607462922,0.08443918750367799,0.04444789361444643,0.04446822187325178,0.19399305401664452,0.1529821067107344
23,23.0,20.14928511992658,0.13575098912737066,0.1114513736674452,0.10091152874613118,0.05374382672561087,0.07448159258488911,0.08159836027090674,0.044183116802220604,0.04618716554339694,0.19917726509213096,0.15251478143989752
24,24.0,21.423028783545156,0.13938471599459204,0.11269165836013674,0.09978588455183768,0.05114211679993193,0.07158727807369779,0.07854089489004622,0.040993281532049036,0.04733711088429149,0.20699645041158737,0.15154060850182957
25,25.0,22.695167792966423,0.1406238755006109,0.11349665823605419,0.10148568803735271,0.04900758069718834,0.06744717357683556,0.07634703552747465,0.03963085423247827,0.04665976507502296,0.21402493200361797,0.15127643711336433
26,26.0,23.963141223515898,0.145319072565292,0.11341670620292683,0.10322153546095664,0.04692462261313465,0.062052559141271585,0.07434754061122535,0.0374532987927407,0.044793873017448665,0.2183648361406294,0.15410595545437408
27,27.0,25.224685898775267,0.14721889132585092,0.1154449168933742,0.10288855548669375,0.04395302232184328,0.05946755471950294,0.07093583275497539,0.03531133861470417,0.043604963534027194,0.2229433081877708,0.1582316161612573
28,28.0,26.477829247520948,0.14906577134470547,0.11553661596483378,0.10703906425110732,0.04121793652644242,0.05607290294275435,0.06943076925206447,0.03566808833090008,0.04568135167832061,0.22309426364962417,0.15719323605924732
29,29.0,27.720879968916847,0.14960874011839786,0.1134617651044387,0.10877457550778648,0.03866719249306431,0.05745227860678492,0.07000372989387238,0.03382543116820525,0.046458415923869865,0.22436145075478142,0.1573864204287988
30,30.0,28.95241681848399,0.15025018961546077,0.10906143579738799,0.10967468502263755,0.03740890795711024,0.05605101327989385,0.06982049519898784,0.03181549616201378,0.0474941806923125,0.23114922558013934,0.15727437069405614
31,31.0,30.17127581490958,0.14911789084498786,0.11051767973783222,0.1094981575715046,0.03496109879937871,0.05321698275656575,0.06860827521081736,0.03241097531310001,0.04771823129114655,0.23535279318541696,0.15859791528925
32,32.0,31.376536153543515,0.14798320709321147,0.10660094780590103,0.11044609709059815,0.035564199625141915,0.0494157050894271,0.07310021503203969,0.03229327387968857,0.0483771300110095,0.23895123327287973,0.1572679911001029
33,33.0,32.567505096778625,0.14702807552438382,0.10150919633484244,0.11508423348578284,0.0373069923938994,0.05014537375143703,0.07063848005565665,0.03076869422464789,0.04855564901655859,0.24532875088006617,0.15363455433272521
34,34.0,33.74370209472243,0.1481010935455113,0.09883122449981109,0.11759878956313288,0.03675896016141386,0.05226098891278278,0.07010239906041124,0.029388885592864802,0.04928134624180037,0.24773061478895164,0.1499456976333201
35,35.0,34.90484237192463,0.1449636914345865,0.09492713024784478,0.11835497505445734,0.03568108331331941,0.05339884574078348,0.07047590181595413,0.03181402204188552,0.04918109387769307,0.2528945349143166,0.14830872155915925
36,36.0,36.05082019768737,0.14607610870202486,0.09725380218951998,0.12137255900768715,0.03381337581406096,0.05368589009191306,0.06650638196508102,0.030835622839080364,0.04723056871600523,0.25836319316593565,0.14486249750869185
37,37.0,37.18169203889697,0.14535779275682098,0.0964427351201417,0.12107940162458088,0.032094305306587745,0.05784143479639442,0.07020505409600307,0.029810009946440515,0.04530279038332611,0.26173096691148046,0.14013550905822425
38,38.0,38.29765977559663,0.14470751548989386,0.09531865875320729,0.12334473251751735,0.03239615414470105,0.0552346165526608,0.0670017780032248,0.028888858243600248,0.043414761980081644,0.2694275576711008,0.14026536664401235
39,39.0,39.399054140870355,0.13754849089559973,0.0980417335902973,0.12917693189986834,0.030960896744441448,0.05402720196543084,0.06467117978004773,0.0290961353524348,0.04226485694657867,0.2726002201703993,0.14161235265490196
40,40.0,40.48631852820801,0.1387380162793335,0.09691835605906898,0.13289948692780124,0.029659556116763394,0.05152211966769425,0.06569001848020799,0.02857773956045196,0.042419894379086824,0.27359003103261015,0.13998478149698187
41,41.0,41.55999329152982,0.13934625238638754,0.0944914199660164,0.13611303263673138,0.028491753990685507,0.05145623507418543,0.06389790943101446,0.027937577603531813,0.04070027944477287,0.28161846513708666,0.1359470743295881
42,42.0,42.62070064560415,0.1386466644601364,0.08900782940763266,0.13600101788602525,0.027455814537308554,0.05123066649796545,0.061111547920621956,0.02738205606626836,0.03904562320944259,0.2989297902303462,0.13118898978425278
43,43.0,43.669130257815,0.13975868710514996,0.0926313466697889,0.1309144028138399,0.026548910883896215,0.04926457791911087,0.06000898462696696,0.028798776700564018,0.037465976365550914,0.30739119325266506,0.12721714366246742
44,44.0,44.70602560622662,0.13648144996474215,0.09487902474558224,0.13556214039762315,0.025767208486986146,0.04649809034703771,0.0581300348941331,0.028384377983778568,0.035969634442392893,0.31137681960640795,0.12695121913131635
45,45.0,45.73217116373481,0.13763084153675595,0.0959308911508209,0.13738369624939115,0.026069675373004298,0.045021090896387915,0.05934255745817375,0.03196528814901986,0.034563230367126746,0.31020218816838896,0.12189054065093077
46,46.0,46.748380453854836,0.13799705113276492,0.09584436194306328,0.13907469145544138,0.025513894801394224,0.04299391589027661,0.0603200960914977,0.031624512905079435,0.03325183439571594,0.31462809851085094,0.11875154287391587
47,47.0,47.755485010424316,0.13560809116774225,0.09138884333624378,0.1430214005264396,0.025058553338931214,0.042909216692982026,0.05930824232201264,0.031301570056482264,0.03203905967748906,0.31867462123565604,0.1206904016460214
48,48.0,48.7543242612326,0.13565185322288292,0.09249260635121578,0.14286409395279087,0.024698160489325195,0.041242844900304707,0.05936231131395109,0.03099790579217998,0.03092717183430997,0.3240206287026331,0.11774242344040667
49,49.0,49.745736344347726,0.13179161089524655,0.0932841087087811,0.1443285368582524,0.024426825319786523,0.040226854923146496,0.06298168191577384,0.030714628896386133,0.029917201057105693,0.32637723351992554,0.11595131790559604
50,50.0,50.730549855707864,0.1329356691360245,0.09053368939068536,0.14653933620427492,0.024238355414003855,0.039200179358444366,0.06184112494374976,0.033695719984017033,0.02900905534705079,0.3306148148507331,0.11139205537101667
51,51.0,51.70957651737491,0.1334290839685224,0.09005319672523503,0.14817492814610436,0.024126348944659412,0.03885716523371438,0.05975271368042842,0.03342287683851637,0.028201633654530864,0.3326089170726252,0.11137313573566389
52,52.0,52.68360474770151,0.13740861039563887,0.08862780457919,0.14648670218504015,0.025299684332541726,0.03810381291104264,0.06462206976983287,0.033143089239180606,0.027492937794717627,0.3303985709211522,0.10841671787166357
53,53.0,53.65339410751842,0.1353123268750653,0.09111519697723042,0.14613950881993454,0.02530882510854538,0.03636027988473913,0.06211660122338562,0.032859849507386615,0.029762220086634986,0.33301318926127194,0.10801200225580637
54,54.0,54.61967059027847,0.13869833931839712,0.08864937974589893,0.14100727790728412,0.025363963555863213,0.03472749736221858,0.06506319882836238,0.03257633525369816,0.02945707047814701,0.33535981178867535,0.10909712576145542
55,55.0,55.58312271885972,0.14101877523047818,0.08224939630451523,0.14475180360797452,0.02545994852289063,0.03779612475712893,0.06445008991632585,0.03229540907284156,0.02896830771464476,0.3298254425990456,0.113184702274155
56,56.0,56.544398407394254,0.14123611748079984,0.08318322746882623,0.14818805025923867,0.0255917355079864,0.03635306219005603,0.06104003391444226,0.03201962141934222,0.028538738150346285,0.3324095427116361,0.1114398708973262
57,57.0,57.504102543001395,0.14041359608797396,0.08035164679336898,0.14308946276409437,0.028109483570258706,0.03499077525778986,0.060557211494934135,0.031751216316999384,0.028166738160974196,0.3351263397761822,0.11744352977742437
58,58.0,58.462795239617805,0.14549318300335198,0.07615270588140437,0.1407795014320629,0.028387017724576424,0.03478077720698622,0.060841932876409016,0.03149213956172084,0.027850270788929578,0.33437477965994594,0.11984769186461292
59,59.0,59.42099071417639,0.14804592456296786,0.07239841742930969,0.13351391386326136,0.03163728654131019,0.034426057685622034,0.05995980748067561,0.03124404908635294,0.027586947446200126,0.3402431619902674,0.12094443391403295
60,60.0,60.379156734137354,0.14909839736917996,0.07524374436971544,0.1335354511495626,0.032169858250132424,0.0333052376606928,0.057185427426154206,0.03244062694466925,0.027374086963281613,0.33897789058017413,0.12066927928643768
61,61.0,61.337714584760846,0.14924949874311463,0.07230476954606181,0.12555543743317804,0.03226701263012435,0.032263447261649564,0.053954095525404706,0.03556579490940303,0.027208771659022135,0.33855656073799667,0.1330746115540452
62,62.0,62.29703950447439,0.15217461156062106,0.06885822522421528,0.12202502784715102,0.032331781445815846,0.03130320142989415,0.052569664813699714,0.036619718279332025,0.02708790016859839,0.3412962015007588,0.13573366772991383
63,63.0,63.257461537171835,0.1488615842846577,0.07154539049145052,0.11694552812982924,0.0340603833612319,0.03433216153161088,0.052577624507496236,0.03631181858537386,0.029245498158552,0.34085213413392135,0.13526787681587638
64,64.0,64.21926675122782,0.1514816201382357,0.07673705894681972,0.11346251706972461,0.03463740408523632,0.03445180223582218,0.05189094958864014,0.039805860337879126,0.029624850855622966,0.3377215234324236,0.1301864133095957
65,65.0,65.18269877636592,0.15134353086532154,0.08335879331873494,0.10907297791066489,0.036948708997968954,0.03365771961674763,0.04899132497073336,0.04051504318673298,0.029570865555755207,0.33331045086134237,0.1332305847159982
66,66.0,66.14796061122655,0.148999012313124,0.08389462275675576,0.10666118312818602,0.03901827839436988,0.03479685101724386,0.047051014543923915,0.04004605540438771,0.029526570130316676,0.33732843551150227,0.13267797680018992
67,67.0,67.11521665648885,0.14659814660477105,0.07984232062371838,0.11066836946139853,0.03882134058156234,0.034072756109070304,0.046631900788527865,0.03952350584623309,0.029491438546118832,0.34267730553543085,0.1316729159031688
68,68.0,68.08459493066005,0.1494867312023951,0.07958138183501025,0.10878164791968434,0.04144280290802176,0.0333803431306234,0.04725481139861649,0.038957976185431606,0.02946490573487958,0.3417568405267246,0.1298925591586129
69,69.0,69.05618942810752,0.14919809415222224,0.08559802439660408,0.10179986558327404,0.04108946318533337,0.0337344640132023,0.04495537123987203,0.038359419728855954,0.029446377147415458,0.3401699083683946,0.13564901218482597
70,70.0,70.03006258152917,0.1417621788203052,0.09212158517393668,0.0936048566824678,0.04066056280306049,0.03310584177235267,0.042554702508712725,0.03773712472064931,0.029435237647223597,0.35425838000263465,0.134759529868657
71,71.0,71.00624779379335,0.14308415372586586,0.09740596508051613,0.08743126392841966,0.0401679468309843,0.0349632529366696,0.044699171586829026,0.03709968796605683,0.029430859720578684,0.35290076201316894,0.13281693621091112
72,72.0,71.98475200689319,0.14434233911566174,0.10149440498826409,0.08317939552754897,0.03962291298780588,0.036549216548996274,0.04278299814887055,0.03645499800726304,0.029432610989392476,0.35288577141145183,0.13325535227474533
73,73.0,72.96555827861411,0.14477108901079355,0.10007633482613165,0.08395525537431547,0.03903615339906725,0.036375146110815854,0.04302037306754467,0.04090181142473637,0.029439861021430966,0.351640503662819,0.13078347210234545
74,74.0,73.94862834037681,0.14434374528639385,0.09717347536180633,0.08606856691515304,0.0384177082352118,0.035777168713237814,0.04742164646842945,0.041398606365068355,0.029451987440051293,0.3468984201399106,0.13304867507473764
75,75.0,74.93390511255946,0.1431551751321581,0.09269289965470738,0.09728428402053366,0.037776930505389786,0.03687310163723253,0.0476060205865591,0.041360092511817596,0.030946845641052698,0.34329860993732675,0.1290060403732226
76,76.0,75.92131515639825,0.14288434667393674,0.09268528308846374,0.0999055208145482,0.03712246124349607,0.03626801441040286,0.04742895523595113,0.04058556143943589,0.030952131696764175,0.34246849499817655,0.12969923039882486
77,77.0,76.91077104428919,0.1483507314092053,0.08897658768668293,0.1023213119083366,0.03816885378230961,0.03566075576215212,0.045474558004498344,0.039782627859897994,0.030947367829936866,0.3388526255722131,0.1314645801847674
78,78.0,77.90217363294813,0.14936621575993678,0.09131922735844737,0.10402199557629345,0.03749294299116114,0.03505761542110494,0.04570714427045984,0.038962161359714906,0.03093360667149292,0.33224828334676326,0.13489080724462565
79,79.0,78.89541422641172,0.14726005950516347,0.0857571252817788,0.10108195623336892,0.04354920157085279,0.03446421295995143,0.04761289971397626,0.03813411989595298,0.030911885562178436,0.33754351206461186,0.13368502721216532
80,80.0,79.89037661826481,0.1476968002150247,0.08904868868748995,0.09666275420816177,0.043677953219054405,0.03388550861531376,0.04830953146488631,0.03730754137960772,0.030883217708173615,0.3404097109858137,0.13211829351647436
81,81.0,80.88693900474995,0.16061010851479757,0.08860098826084155,0.09073552652453001,0.04286579906775055,0.033325819618986716,0.05028579702961015,0.0364905453011009,0.03084858446248754,0.3395423121220964,0.12669451909779894
82,82.0,81.88497576253909,0.15994130309312904,0.08866336598084536,0.0861444737071509,0.04200620234089957,0.032788841326102505,0.05070180835843208,0.036935372788077486,0.030808928696745196,0.339200091623316,0.13280961208530218
83,83.0,82.88435908692391,0.1601686433999276,0.08611182870468372,0.0925411636222305,0.0411125032633247,0.03227767244924569,0.048802435747601056,0.041208757304461344,0.03076514922060964,0.3353086163357558,0.13170322995216027
84,84.0,83.88496048800103,0.15642898499397606,0.08597825947701625,0.09439574988398435,0.04019704906087407,0.0317948437355821,0.04690497604037712,0.04134442115148698,0.030718096199881542,0.34415821406099945,0.12807940539582244
85,85.0,84.88665214409042,0.15426831382819672,0.08458456890212658,0.09479177857423901,0.039271169788059765,0.03134234945592905,0.045028212543471814,0.04049057440229519,0.03066856751922744,0.35540574590029306,0.12414871908616167
86,86.0,85.88930811312994,0.15240698421530288,0.08385919320379812,0.09807822672216396,0.03834516674464629,0.03193232985612812,0.0468758312304202,0.04205959827891944,0.030617306031446467,0.3508084939020524,0.12501686981512242
87,87.0,86.89280540413424,0.14847855811172425,0.08055817725634246,0.10367977211677114,0.0374283123381277,0.03153440504594451,0.04565443426900652,0.04559591164248333,0.03056499763212913,0.3512774745032247,0.12522795708424647
88,88.0,87.89702491199675,0.14717275087475237,0.07681569592325396,0.10821918804320393,0.03652886024887969,0.03116092866631981,0.045802679918966006,0.04906692859154792,0.03051227009642224,0.35412205160349247,0.12059864603316188
89,89.0,88.90185221995306,0.143343133223537,0.07390842421573168,0.11987341860353073,0.03565406476606769,0.030813190637994384,0.0440261687786274,0.04800152821525337,0.030459692613321813,0.35233149604226816,0.12158888290366807
90,90.0,89.90717827491419,0.1393194824812981,0.07260445173749377,0.12302373001246769,0.03481020818387621,0.03049209450612156,0.042287047064536384,0.048054228753376144,0.030407775952398214,0.3579170579121616,0.12108392339627057
91,91.0,90.91289994163006,0.13094776182123063,0.06889554518490644,0.12325442055586767,0.036045039086462276,0.0301981870423748,0.040598967051209106,0.046848698407106516,0.0326546775949898,0.3581168365444301,0.13243986671142294
92,92.0,91.91892044225806,0.13049564416327905,0.06937303829195177,0.1274246108613102,0.03583197134980093,0.02993168845457897,0.04012689225402808,0.04559523411139279,0.0325824083401202,0.35375027671473,0.13488823545880824
93,93.0,92.92514968840067,0.1269963675546009,0.06875044937110077,0.12555334419100755,0.03753656958137085,0.02969252284101693,0.03856288781723182,0.04431116390413651,0.032491541927336366,0.35911779752590545,0.13698735528629316
94,94.0,93.93150451304501,0.12233964289940163,0.06949624890897936,0.12316928377574257,0.036771030605572304,0.031475709471873656,0.037069654945942866,0.04301238907856449,0.032384846736557546,0.3656169781117467,0.13866421546561913
95,95.0,94.93790881009448,0.11983384296941045,0.06922332137739452,0.12449020377038558,0.03601433522129789,0.03126999552460051,0.035655048812323384,0.04171336784476404,0.03226497259749103,0.3688341117987342,0.1407008000835986
96,96.0,95.94429358933806,0.11682272836513444,0.06585088313135087,0.127899044988237,0.03527316602323794,0.031072153016808678,0.03432535280394261,0.04042711505589598,0.034105807651016715,0.3686485078867937,0.1455752410775823
97,97.0,96.9505969547639,0.12029883999102758,0.06821805893187935,0.12801049312382007,0.0345533820847516,0.03229634094242608,0.035553923024244156,0.03916521639535578,0.03394726676848525,0.36746068959238976,0.1404957891456206
98,98.0,97.9567640140995,0.12257872583734951,0.07209258881243721,0.13019197188908527,0.03386004271926638,0.032103475724539164,0.03480918608506823,0.03793785543691603,0.03376510730652209,0.36490639545824044,0.13775465073057602
99,99.0,98.96274672736057,0.12940312055903158,0.07093114363718694,0.13546624239177807,0.0368136805773225,0.03190886227119554,0.03370672516917783,0.0367538520199511,0.033563512717690015,0.355947053152969,0.13550580750369776
100,100.0,99.96850370202192,0.12615395217637362,0.06906357322759878,0.1425407085532643,0.03614919850103285,0.03171462154047432,0.0326774430931847,0.03562071042448316,0.03334644246056425,0.3579040070439529,0.1348293429790714
101,101.0,100.97399994219691,0.123888973265612,0.06565233640216207,0.14098659733278399,0.03548967264736184,0.03366511282821033,0.03172431479385903,0.03454467588431717,0.03311761480454542,0.36997032912200023,0.13096037291914825
102,102.0,101.97920655893245,0.11784094245192643,0.06728597835204246,0.13552589900045625,0.03484120265258431,0.03345569511417978,0.03084925617652734,0.033530798039324614,0.03288049376608301,0.37454231422894974,0.1392474202179264
103,103.0,102.98410044840509,0.11956093663810541,0.06391195787903178,0.1405548932184657,0.03722607732716012,0.03323266222041048,0.0335611059084334,0.035844100979168445,0.03263827989380602,0.37014705314155166,0.1333229327938673
104,104.0,103.98866394444643,0.11771207133352145,0.06358727301648986,0.1435796985041812,0.03696953246015503,0.032999605993814005,0.03280905406372165,0.034932641732578866,0.03239390460981867,0.3695795504910316,0.13543666779468802
105,105.0,104.99288445143917,0.11514151316263842,0.0633143862073995,0.14888356202453418,0.03632285407193029,0.03535682261456592,0.03210411686284386,0.03406300199332246,0.032150027808131865,0.37064485637777245,0.13201885887686138
106,106.0,105.99675406321822,0.11829243538407071,0.06745753969112415,0.14961742246036064,0.03567761498180872,0.037397663581614414,0.03422473201644576,0.03323969620805847,0.031909038408532424,0.36400548565106877,0.1281783716169162
107,107.0,107.0002691731872,0.12277580963290295,0.06443855134226976,0.15196270728340516,0.035040123650881216,0.037346741494847416,0.033592548511804696,0.032466324039240296,0.0316730575648076,0.36373319822403527,0.1269709382558058
108,108.0,108.0034300804274,0.12113889311160406,0.06049309201631598,0.15325541526598724,0.034415980216537655,0.03698852952652158,0.03298765787250969,0.031745625846911533,0.03144394422980719,0.37698134814869494,0.12054951376511026
109,109.0,109.00624059613932,0.12781432267652465,0.056637247702794415,0.1535558396325176,0.03381009132346307,0.03659625345976311,0.03552426167790437,0.031079541215346534,0.03122330278600874,0.3773269029410707,0.11643223658460693
110,110.0,110.00870765431864,0.13058118288702586,0.0590374958597657,0.14909532263607272,0.03322669040646131,0.036177242465082866,0.03556009419876088,0.030469269634784565,0.03101249245873005,0.38306621221306136,0.11177399724025484
111,111.0,111.01084093013685,0.13039243679089965,0.06483751526024926,0.1478859072197447,0.032669362677095116,0.03573836014521981,0.034989609596858755,0.029915332515930947,0.033637762048101434,0.38322166529701224,0.10671204844888832
112,112.0,112.01265246907188,0.13915664605881822,0.06721434425015313,0.14458289567620033,0.03214107409389459,0.03528598245589086,0.03723613651410782,0.02941763578380338,0.03342151563039611,0.3831962646897619,0.09834750484697388
113,113.0,113.01415632942268,0.14414923772937424,0.06674762090524625,0.14601211095469235,0.03164420362807518,0.0348259827109359,0.03694970270092902,0.02897553236705054,0.03319267869815736,0.38022036382092866,0.09728256648461076
114,114.0,114.01536824044418,0.15104298983711456,0.07311756736629892,0.14268154769282645,0.03118057817255695,0.03436372311336707,0.036358781332771546,0.02858788396830248,0.03295479867216091,0.3756117667165846,0.09410036312801676
115,115.0,115.01630527795908,0.1597338493447043,0.07163083301418828,0.13563792947058417,0.030751509480864976,0.03390405224442146,0.03576336428810211,0.0282531215697462,0.0327111586620425,0.382320931109395,0.08929325081595126
116,116.0,116.0169855589429,0.1581009499754822,0.06845522958213204,0.13124502776351524,0.03307980184356557,0.03685376953996622,0.03852522978502655,0.027969304195348085,0.032464771066315505,0.3863551925446038,0.08695072370404501
117,117.0,117.01742795623892,0.15507514530554098,0.06970380028860229,0.12615388040306047,0.039694694599531635,0.039693256538845575,0.03790581940240113,0.027734175516436303,0.03221837451949805,0.3892387175922504,0.08258213583383338
118,118.0,118.01765183424293,0.1599352092349953,0.07220971691609321,0.11862424223663166,0.03932168458767863,0.039167917160956266,0.03726929186401423,0.027545217950251333,0.031974433882167363,0.3961054768000631,0.07784680936714916
119,119.0,119.01767680610413,0.1648055340311157,0.07215397766239531,0.1173160838291674,0.03882927862273857,0.04169618617243472,0.040316637546652656,0.027399703961182346,0.031735142969748074,0.3888570579747175,0.07689039722984799
120,120.0,120.01752251271817,0.17150267900244714,0.07254346783888063,0.11785957906699313,0.04129782046806513,0.04391173308506849,0.03963246023831662,0.030445323439680316,0.03641732333589451,0.3715222718043877,0.07486734172026657
121,121.0,121.01720842354362,0.17902047292248321,0.07836643124830472,0.11190582533155367,0.040706529924178385,0.04427583316525754,0.04420519308141463,0.03034640653848699,0.03847704151008154,0.36067165408631985,0.07202461219191963
122,122.0,122.01675365905109,0.18589833421930224,0.08037684933031396,0.10858444423223693,0.040067303135438534,0.04350162084590607,0.04468351505512762,0.030253917262028134,0.03814601745174906,0.35591249898593247,0.0725754994819652
123,123.0,123.0161768344173,0.19439154514775472,0.07702148557735845,0.10012541775242884,0.03939132599421828,0.042669813550030695,0.04383204498113628,0.03016813774059488,0.03776663562473233,0.36131772087797687,0.07331587275376887
124,124.0,124.01549592390272,0.20184091784131195,0.07626007790270059,0.09459778839126906,0.03868903330717787,0.04179448884824255,0.0429274014647327,0.030089254793899005,0.03734752562416995,0.3655806965182135,0.07087281530828307
125,125.0,125.01472814520056,0.20421292671726765,0.0754853414513237,0.09150943762149333,0.037970079555769726,0.04088875172815079,0.04198394828532216,0.030017367593933725,0.036896851367422115,0.36718605589737957,0.07384923978193748
126,126.0,126.01388986291661,0.20344882030914918,0.07539466684151368,0.09131202852111858,0.0372433203839447,0.039964700802786704,0.04101500094099945,0.029952495438025632,0.03642227602267484,0.3654196654038037,0.07982702533598382
127,127.0,127.0129965102319,0.20359008860566521,0.07929819329861953,0.08855539479768616,0.03651680392546273,0.03903340796193116,0.040032798321699016,0.029894585543328092,0.035930935452175544,0.3648347929882598,0.08231299910517302
128,128.0,128.01206252771334,0.19870582037603396,0.07600551336366625,0.08945991388194684,0.035797771073574326,0.038104910325541856,0.04142541561377645,0.029843520782667027,0.035429419584204425,0.37501540427619184,0.08021231072239735
129,129.0,129.0111013181695,0.1946967306461522,0.07163990828380895,0.08390511552955882,0.03750462452577,0.03718821334953607,0.044104201852650175,0.0297991272902454,0.034923761107188374,0.38283048150272936,0.083407835912361
130,130.0,130.01012521639834,0.19413413569356897,0.07413446257700071,0.08543207425365282,0.03835152738370879,0.03803550977382098,0.04399328283035617,0.029761181874163482,0.03441943086680204,0.3795626455863994,0.08217574916052696
131,131.0,131.0091454726403,0.1872468846115981,0.07937125975788242,0.08580924594344605,0.037629333594417176,0.03714793620537225,0.042916304080618965,0.029729419180948118,0.03392133934178632,0.3787508574507677,0.08747741983316325
132,132.0,132.0081722485317,0.1868784141452299,0.07593341104061038,0.08311151573381907,0.03690306584811055,0.04327764063171468,0.04181786016504929,0.02970353856524481,0.03343384357585431,0.3812582491406681,0.08768246115369926
133,133.0,133.00721462434865,0.17852006205165882,0.0715044180212263,0.081960557623299,0.036180394217953486,0.04236159820910572,0.04382881363346082,0.029683210625459387,0.03296075895075696,0.39536337437715474,0.08763681228992518
134,134.0,134.0062806163404,0.1745872410733091,0.07597454899245464,0.07820510863450807,0.03546818580863259,0.051012962724717,0.042694425184029335,0.029668083373397915,0.03250537519866177,0.38663131785649474,0.09325275115379525
135,135.0,135.00537720296956,0.16936208155467125,0.07682285961578147,0.07638321827306557,0.03477251638215746,0.04994958435127462,0.04154653132770071,0.03207300105255696,0.03207047606978948,0.39144323297885963,0.09557649839414326
136,136.0,136.00451035890612,0.17213995778160432,0.07237593838158862,0.08698288976226028,0.03409868873450827,0.04879304797166373,0.04039796154372794,0.032043005217501024,0.031658362093106525,0.38700274497247256,0.09450740354156716
137,137.0,137.00368509565993,0.17478902826846765,0.06794994988699918,0.08533131887872486,0.03345125696427891,0.04756423475029729,0.039260269122715165,0.03199557891377566,0.031270875893160806,0.3935162615104108,0.09487122581117009
138,138.0,138.0029055077818,0.17607445431903002,0.06358706074299868,0.09155004308421114,0.0328340558014297,0.04628266050356453,0.04096669558336398,0.03193293945128508,0.03090942955427805,0.39122520521873655,0.09463745574110269
139,139.0,139.00217482361367,0.17545298879969448,0.05932458990596825,0.08955180136102221,0.032250234196851114,0.047268480435582315,0.04301983420679631,0.0318572345405307,0.03057503355374079,0.3980954610633449,0.09260434193646927
140,140.0,140.0014954596262,0.16884535658191854,0.05783222870735325,0.0838102752110594,0.031702292410761876,0.05013304423057178,0.056117979203169265,0.03177052777544646,0.03026832681771985,0.39658978021107444,0.09293018885092545
141,141.0,141.00086907744122,0.16853032344537716,0.06042739848053409,0.07850128269406442,0.031192121879173945,0.04871014028839876,0.06224983998956482,0.031674786409116175,0.0299896074871238,0.3923057884782571,0.09641871084839007
142,142.0,142.0002966427003,0.1639002118956194,0.0679566954362365,0.08687142053559749,0.030721047181953065,0.05022349789276411,0.06445278505880385,0.03157187131532776,0.02973886401471612,0.37926645074461435,0.09529715592436766
143,143.0,142.99977848500652,0.161166146033714,0.0676210285660242,0.08395164660560704,0.031864092292801995,0.052111177342955464,0.06313002923302596,0.034826649455303525,0.029515806249402046,0.3779314977789817,0.0978819264421844
144,144.0,143.99931435823203,0.16478334953026239,0.06738344035525776,0.0839160810957835,0.031764143163426135,0.05096837714404247,0.06129348210492654,0.03468087489294392,0.030218240529588554,0.37564790006310267,0.09934411112066634
145,145.0,144.99890350055264,0.16137306832011292,0.07012989860107091,0.08490485999003411,0.03138047096470882,0.04932591824442191,0.059327654868587806,0.04007429760931941,0.031441803743196634,0.37506818642198503,0.09697384123656262
146,146.0,145.9985446936357,0.15923842455220422,0.07174503131452377,0.09232251894284547,0.031021361276216144,0.047654446052319194,0.05726513380719706,0.039813349363678446,0.03181228298428872,0.37610730306865814,0.09302014863806908
147,147.0,146.99823632047406,0.1537404227152175,0.06975847181288496,0.09318357921640323,0.030687948943810578,0.045973576618903556,0.05757761767831549,0.039480362448964794,0.03163659774508669,0.3852192896149541,0.09274213320545933
148,148.0,147.99797642142389,0.1508262320712684,0.06639758517793064,0.09221875727832764,0.03171830561447618,0.04430105836264045,0.05589784140104585,0.039085870601232864,0.03324519139804563,0.3920517031273984,0.09425745496763421
149,149.0,148.99776274806447,0.14834296153059012,0.06479840614677371,0.0959167415065528,0.03156058892412691,0.042652781348377244,0.05366623899033841,0.038639969232261796,0.033746116442257106,0.40128342839556724,0.08939276748315494
150,150.0,149.99759281456036,0.15692183059599168,0.06371777949461094,0.10128221972267215,0.031280888307586824,0.04104280422205659,0.05304568049670282,0.038152258307865214,0.03395818808503615,0.3963033998720522,0.0842949508954257
151,151.0,150.99746394626104,0.1555847577295464,0.06115580753810728,0.11051563399962859,0.032596581684979295,0.039483396766147434,0.05079462958814972,0.03763179589282964,0.03373140722287917,0.39492431738324485,0.08358167219448787
152,152.0,151.99737332532905,0.15665104988155387,0.057980631891387434,0.11295944927994807,0.032332530373963754,0.03798509608816772,0.05213285358225579,0.03708706176036933,0.0334899903747091,0.3984348831749352,0.08094645359271001
153,153.0,152.99731803323698,0.15663317425401935,0.058473930609085796,0.11071193011596411,0.03427655889031013,0.036556774517104304,0.05380312094950732,0.03652593042355136,0.03323781530760895,0.3997179366419117,0.08006282829093732
154,154.0,153.99729509002177,0.15504830268273304,0.06958085044767334,0.10505378094790377,0.03399891896611877,0.03520571735797619,0.05545854025106817,0.03595565291617967,0.03297847959414272,0.40215587014375626,0.0745638866924484
155,155.0,154.99730149022784,0.15486484560257885,0.06934495182288895,0.10826046070412748,0.03370905384468536,0.03393770874118112,0.05318194329519634,0.03538284663038335,0.034794802412125916,0.4077272128757385,0.06879617407109444
156,156.0,155.99733423551103,0.1643384787397487,0.0725535300281412,0.10657778992055968,0.03341108469694843,0.035525529663372774,0.05090118660195974,0.03481349250686283,0.034509986143749734,0.39992305660360983,0.06744586509504741
157,157.0,156.99739036391077,0.16669690060518408,0.07076711886109308,0.10475645244594242,0.033108801617015717,0.03440774800846441,0.0486394937120272,0.03625291704395135,0.03420855164077367,0.402569619257923,0.06859239680762534
158,158.0,157.99746697583146,0.1592258092629353,0.06770865840894064,0.10396027722904695,0.03280565882890612,0.03335766703896224,0.05317379407944028,0.035685889600898454,0.033895175071687475,0.40198043617956725,0.07820663429961558
159,159.0,158.99756125680176,0.15586312239276115,0.06534018725249188,0.10321081147666046,0.032504773731318416,0.032379017496020665,0.051210393914624466,0.035118706006141864,0.03357418440879303,0.4064161719776793,0.08438263134350908
160,160.0,159.997670497107,0.15530237087336726,0.06731661295155408,0.10524345245952918,0.0322089294061763,0.03147444273241304,0.04898997181293502,0.034557053710799514,0.03324955096810009,0.3998295779136744,0.09182803717145147
161,161.0,160.99779210841066,0.15020938647019266,0.06705786002739347,0.1060214712778071,0.031920580219486634,0.030645581017842045,0.046801692203285165,0.0340059961078834,0.03292488536179544,0.398261509468897,0.1021510378454174
162,162.0,161.99792363749984,0.14674570815712099,0.06855645171409909,0.10766644990025415,0.03164186014927107,0.02989314966454973,0.044664223632567446,0.033469984304180064,0.032603437462503305,0.393239216269964,0.1115195187454905
163,163.0,162.9980627773051,0.14377258285172476,0.07182611971499316,0.10759370521537093,0.03137459348458435,0.029217029949941145,0.042593859682595825,0.03295287383780526,0.03228809997851535,0.3907338872575976,0.11764724802687197
164,164.0,163.9982073753568,0.1514123374802086,0.07030876415512671,0.1057982038802805,0.03112030755152046,0.028616351907294016,0.04060459353079541,0.03245794567968988,0.03198141524314104,0.379499396398417,0.12820068417352673
165,165.0,164.99835543984977,0.15653962670667637,0.07626704373548565,0.10695962240103105,0.03088024713624775,0.02808957814983866,0.03870820805886708,0.03198793088058915,0.03168558482887275,0.36564031713567,0.1332418409667219
166,166.0,165.99850514349492,0.15688216586659173,0.07619332598314178,0.10634395548610888,0.03065539029113984,0.027634585986630447,0.03691437905354291,0.03154503825259259,0.03140248160774256,0.35941953289814604,0.14300914457436356
167,167.0,166.99865482534062,0.1502291582738043,0.07248743198374777,0.10672216400100294,0.030446465227631316,0.02724874717987675,0.03523078915821573,0.03515221460165403,0.03113366389264797,0.36356163633843075,0.14778772934298873
168,168.0,167.99880299074837,0.1461627168444024,0.07518447595693871,0.10223478989649952,0.03025396801819733,0.02692900478199966,0.03366325036083911,0.034728044082686954,0.030880391310136354,0.3695787331932041,0.15038462555509613
169,169.0,168.99894830970783,0.14562303126979595,0.08436470122159948,0.10457988421427195,0.03286107016564672,0.02667194657609028,0.03221583293959176,0.034299010174789715,0.030643642072774535,0.3566919075450365,0.15204897382040344
170,170.0,169.99908961367427,0.1504477230023907,0.0871854317048597,0.09843388521739889,0.032961989854460916,0.026473874725010935,0.03483739080136325,0.0338698895559343,0.030424131338421152,0.354761881750305,0.15060380204985546
171,171.0,170.99922589110733,0.16068956854782065,0.08985223482274532,0.09309137024636896,0.03465716393591832,0.02633087131178942,0.034843801105437056,0.03517528609932631,0.0302223303641189,0.34807817921654177,0.1470591943499336
172,172.0,171.99935628188598,0.16961827607696545,0.09762797865019292,0.08831997493190889,0.03443261087356496,0.026238859526772157,0.03367871103027041,0.03474111653105676,0.030038486183605682,0.3439346659022264,0.14136932029343666
173,173.0,172.99948007076793,0.1741996563996059,0.10065536258198922,0.08438002171899012,0.03567320745186339,0.026193660324988897,0.03259334285231773,0.03430295275430359,0.02987264155930773,0.3486579079339296,0.13347124642270405
174,174.0,173.99959668005403,0.17589549398651233,0.10491535634534979,0.08875236240417995,0.035394693898976454,0.02619104444013408,0.03159057806363713,0.0338655758276827,0.029724654981846496,0.344128557970547,0.12954168208113429
