,Unnamed: 0,Total_iterations,Intertwine_two,Add_vertex,Delete_vertex,Invert_path_vertices,Insert_inside_vertex,Delete_inside_vertex
0,0.0,0.0,0.16666666666666669,0.16666666666666669,0.16666666666666669,0.16666666666666669,0.16666666666666669,0.16666666666666669
1,1.0,1.0,0.16666666666666669,0.16666666666666669,0.16666666666666669,0.16666666666666669,0.16666666666666669,0.16666666666666669
2,2.0,2.0,0.16666666666666669,0.16666666666666669,0.16666666666666669,0.16666666666666669,0.16666666666666669,0.16666666666666669
3,3.0,3.0,0.16666666666666669,0.16666666666666669,0.16666666666666669,0.16666666666666669,0.16666666666666669,0.16666666666666669
4,4.0,4.0,0.16666666666666669,0.16666666666666669,0.16666666666666669,0.16666666666666669,0.16666666666666669,0.16666666666666669
5,5.0,5.0,0.16666666666666669,0.16666666666666669,0.16666666666666669,0.16666666666666669,0.16666666666666669,0.16666666666666669
6,6.0,6.0,0.16666666666666669,0.16666666666666669,0.16666666666666669,0.16666666666666669,0.16666666666666669,0.16666666666666669
7,7.0,7.0,0.16666666666666669,0.16666666666666669,0.16666666666666669,0.16666666666666669,0.16666666666666669,0.16666666666666669
8,8.0,8.0,0.16666666666666669,0.16666666666666669,0.16666666666666669,0.16666666666666669,0.16666666666666669,0.16666666666666669
9,9.0,9.0,0.16666666666666669,0.16666666666666669,0.16666666666666669,0.16666666666666669,0.16666666666666669,0.16666666666666669
10,10.0,10.0,0.16666666666666669,0.16666666666666669,0.16666666666666669,0.16666666666666669,0.16666666666666669,0.16666666666666669
11,11.0,11.0,0.16666666666666669,0.16666666666666669,0.16666666666666669,0.16666666666666669,0.16666666666666669,0.16666666666666669
12,12.0,12.0,0.16666666666666669,0.16666666666666669,0.16666666666666669,0.16666666666666669,0.16666666666666669,0.16666666666666669
13,13.0,13.0,0.16666666666666669,0.16666666666666669,0.16666666666666669,0.16666666666666669,0.16666666666666669,0.16666666666666669
14,14.0,14.0,0.16666666666666669,0.16666666666666669,0.16666666666666669,0.16666666666666669,0.16666666666666669,0.16666666666666669
15,15.0,15.0,0.16666666666666669,0.16666666666666669,0.16666666666666669,0.16666666666666669,0.16666666666666669,0.16666666666666669
16,16.0,16.0,0.16666666666666669,0.16666666666666669,0.16666666666666669,0.16666666666666669,0.16666666666666669,0.16666666666666669
17,17.0,17.0,0.16666666666666669,0.16666666666666669,0.16666666666666669,0.16666666666666669,0.16666666666666669,0.16666666666666669
18,18.0,18.0,0.16666666666666669,0.16666666666666669,0.16666666666666669,0.16666666666666669,0.16666666666666669,0.16666666666666669
19,19.0,19.0,0.16666666666666669,0.16666666666666669,0.16666666666666669,0.16666666666666669,0.16666666666666669,0.16666666666666669
20,20.0,20.0,0.16666666666666669,0.16666666666666669,0.16666666666666669,0.16666666666666669,0.16666666666666669,0.16666666666666669
21,21.0,21.0,0.16666666666666669,0.16666666666666669,0.16666666666666669,0.16666666666666669,0.16666666666666669,0.16666666666666669
22,22.0,22.0,0.16666666666666669,0.16666666666666669,0.16666666666666669,0.16666666666666669,0.16666666666666669,0.16666666666666669
23,23.0,23.0,0.16666666666666669,0.16666666666666669,0.16666666666666669,0.16666666666666669,0.16666666666666669,0.16666666666666669
24,24.0,24.0,0.16666666666666669,0.16666666666666669,0.16666666666666669,0.16666666666666669,0.16666666666666669,0.16666666666666669
25,25.0,25.0,0.16666666666666669,0.16666666666666669,0.16666666666666669,0.16666666666666669,0.16666666666666669,0.16666666666666669
26,26.0,26.0,0.16666666666666669,0.16666666666666669,0.16666666666666669,0.16666666666666669,0.16666666666666669,0.16666666666666669
27,27.0,27.0,0.16666666666666669,0.16666666666666669,0.16666666666666669,0.16666666666666669,0.16666666666666669,0.16666666666666669
28,28.0,28.0,0.16666666666666669,0.16666666666666669,0.16666666666666669,0.16666666666666669,0.16666666666666669,0.16666666666666669
29,29.0,29.0,0.16666666666666669,0.16666666666666669,0.16666666666666669,0.16666666666666669,0.16666666666666669,0.16666666666666669
30,30.0,30.0,0.16666666666666669,0.16666666666666669,0.16666666666666669,0.16666666666666669,0.16666666666666669,0.16666666666666669
31,31.0,31.0,0.16666666666666669,0.16666666666666669,0.16666666666666669,0.16666666666666669,0.16666666666666669,0.16666666666666669
32,32.0,32.0,0.16666666666666669,0.16666666666666669,0.16666666666666669,0.16666666666666669,0.16666666666666669,0.16666666666666669
33,33.0,33.0,0.16666666666666669,0.16666666666666669,0.16666666666666669,0.16666666666666669,0.16666666666666669,0.16666666666666669
34,34.0,34.0,0.16666666666666669,0.16666666666666669,0.16666666666666669,0.16666666666666669,0.16666666666666669,0.16666666666666669
35,35.0,35.0,0.16666666666666669,0.16666666666666669,0.16666666666666669,0.16666666666666669,0.16666666666666669,0.16666666666666669
36,36.0,36.0,0.16666666666666669,0.16666666666666669,0.16666666666666669,0.16666666666666669,0.16666666666666669,0.16666666666666669
37,37.0,37.0,0.16666666666666669,0.16666666666666669,0.16666666666666669,0.16666666666666669,0.16666666666666669,0.16666666666666669
38,38.0,38.0,0.16666666666666669,0.16666666666666669,0.16666666666666669,0.16666666666666669,0.16666666666666669,0.16666666666666669
39,39.0,39.0,0.16666666666666669,0.16666666666666669,0.16666666666666669,0.16666666666666669,0.16666666666666669,0.16666666666666669
40,40.0,40.0,0.16666666666666669,0.16666666666666669,0.16666666666666669,0.16666666666666669,0.16666666666666669,0.16666666666666669
41,41.0,41.0,0.16666666666666669,0.16666666666666669,0.16666666666666669,0.16666666666666669,0.16666666666666669,0.16666666666666669
42,42.0,42.0,0.16666666666666669,0.16666666666666669,0.16666666666666669,0.16666666666666669,0.16666666666666669,0.16666666666666669
43,43.0,43.0,0.16666666666666669,0.16666666666666669,0.16666666666666669,0.16666666666666669,0.16666666666666669,0.16666666666666669
44,44.0,44.0,0.16666666666666669,0.16666666666666669,0.16666666666666669,0.16666666666666669,0.16666666666666669,0.16666666666666669
45,45.0,45.0,0.16666666666666669,0.16666666666666669,0.16666666666666669,0.16666666666666669,0.16666666666666669,0.16666666666666669
46,46.0,46.0,0.16666666666666669,0.16666666666666669,0.16666666666666669,0.16666666666666669,0.16666666666666669,0.16666666666666669
47,47.0,47.0,0.16666666666666669,0.16666666666666669,0.16666666666666669,0.16666666666666669,0.16666666666666669,0.16666666666666669
48,48.0,48.0,0.16666666666666669,0.16666666666666669,0.16666666666666669,0.16666666666666669,0.16666666666666669,0.16666666666666669
49,49.0,49.0,0.16666666666666669,0.16666666666666669,0.16666666666666669,0.16666666666666669,0.16666666666666669,0.16666666666666669
50,50.0,50.0,0.16666666666666669,0.16666666666666669,0.16666666666666669,0.16666666666666669,0.16666666666666669,0.16666666666666669
51,51.0,51.0,0.16666666666666669,0.16666666666666669,0.16666666666666669,0.16666666666666669,0.16666666666666669,0.16666666666666669
52,52.0,52.0,0.16666666666666669,0.16666666666666669,0.16666666666666669,0.16666666666666669,0.16666666666666669,0.16666666666666669
53,53.0,53.0,0.16666666666666669,0.16666666666666669,0.16666666666666669,0.16666666666666669,0.16666666666666669,0.16666666666666669
54,54.0,54.0,0.16666666666666669,0.16666666666666669,0.16666666666666669,0.16666666666666669,0.16666666666666669,0.16666666666666669
55,55.0,55.0,0.16666666666666669,0.16666666666666669,0.16666666666666669,0.16666666666666669,0.16666666666666669,0.16666666666666669
56,56.0,56.0,0.16666666666666669,0.16666666666666669,0.16666666666666669,0.16666666666666669,0.16666666666666669,0.16666666666666669
57,57.0,57.0,0.16666666666666669,0.16666666666666669,0.16666666666666669,0.16666666666666669,0.16666666666666669,0.16666666666666669
58,58.0,58.0,0.16666666666666669,0.16666666666666669,0.16666666666666669,0.16666666666666669,0.16666666666666669,0.16666666666666669
59,59.0,59.0,0.16666666666666669,0.16666666666666669,0.16666666666666669,0.16666666666666669,0.16666666666666669,0.16666666666666669
60,60.0,60.0,0.16666666666666669,0.16666666666666669,0.16666666666666669,0.16666666666666669,0.16666666666666669,0.16666666666666669
61,61.0,61.0,0.16666666666666669,0.16666666666666669,0.16666666666666669,0.16666666666666669,0.16666666666666669,0.16666666666666669
62,62.0,62.0,0.16666666666666669,0.16666666666666669,0.16666666666666669,0.16666666666666669,0.16666666666666669,0.16666666666666669
63,63.0,63.0,0.16666666666666669,0.16666666666666669,0.16666666666666669,0.16666666666666669,0.16666666666666669,0.16666666666666669
64,64.0,64.0,0.16666666666666669,0.16666666666666669,0.16666666666666669,0.16666666666666669,0.16666666666666669,0.16666666666666669
65,65.0,65.0,0.16666666666666669,0.16666666666666669,0.16666666666666669,0.16666666666666669,0.16666666666666669,0.16666666666666669
66,66.0,66.0,0.16666666666666669,0.16666666666666669,0.16666666666666669,0.16666666666666669,0.16666666666666669,0.16666666666666669
67,67.0,67.0,0.16666666666666669,0.16666666666666669,0.16666666666666669,0.16666666666666669,0.16666666666666669,0.16666666666666669
68,68.0,68.0,0.16666666666666669,0.16666666666666669,0.16666666666666669,0.16666666666666669,0.16666666666666669,0.16666666666666669
69,69.0,69.0,0.16666666666666669,0.16666666666666669,0.16666666666666669,0.16666666666666669,0.16666666666666669,0.16666666666666669
70,70.0,70.0,0.16666666666666669,0.16666666666666669,0.16666666666666669,0.16666666666666669,0.16666666666666669,0.16666666666666669
71,71.0,71.0,0.16666666666666669,0.16666666666666669,0.16666666666666669,0.16666666666666669,0.16666666666666669,0.16666666666666669
72,72.0,72.0,0.16666666666666669,0.16666666666666669,0.16666666666666669,0.16666666666666669,0.16666666666666669,0.16666666666666669
73,73.0,73.2,0.16666666666666669,0.16666666666666669,0.16666666666666669,0.16666666666666669,0.16666666666666669,0.16666666666666669
74,74.0,74.2,0.16666666666666669,0.16666666666666669,0.16666666666666669,0.16666666666666669,0.16666666666666669,0.16666666666666669
75,75.0,75.2,0.16666666666666669,0.16666666666666669,0.16666666666666669,0.16666666666666669,0.16666666666666669,0.16666666666666669
76,76.0,76.2,0.16666666666666669,0.16666666666666669,0.16666666666666669,0.16666666666666669,0.16666666666666669,0.16666666666666669
77,77.0,77.2,0.16666666666666669,0.16666666666666669,0.16666666666666669,0.16666666666666669,0.16666666666666669,0.16666666666666669
78,78.0,78.2,0.16666666666666669,0.16666666666666669,0.16666666666666669,0.16666666666666669,0.16666666666666669,0.16666666666666669
79,79.0,79.3,0.16666666666666669,0.16666666666666669,0.16666666666666669,0.16666666666666669,0.16666666666666669,0.16666666666666669
80,80.0,80.3,0.16666666666666669,0.16666666666666669,0.16666666666666669,0.16666666666666669,0.16666666666666669,0.16666666666666669
81,81.0,81.3,0.16666666666666669,0.16666666666666669,0.16666666666666669,0.16666666666666669,0.16666666666666669,0.16666666666666669
82,82.0,82.3,0.16666666666666669,0.16666666666666669,0.16666666666666669,0.16666666666666669,0.16666666666666669,0.16666666666666669
83,83.0,83.3,0.16666666666666669,0.16666666666666669,0.16666666666666669,0.16666666666666669,0.16666666666666669,0.16666666666666669
84,84.0,84.3,0.16666666666666669,0.16666666666666669,0.16666666666666669,0.16666666666666669,0.16666666666666669,0.16666666666666669
85,85.0,85.3,0.16666666666666669,0.16666666666666669,0.16666666666666669,0.16666666666666669,0.16666666666666669,0.16666666666666669
86,86.0,86.3,0.16666666666666669,0.16666666666666669,0.16666666666666669,0.16666666666666669,0.16666666666666669,0.16666666666666669
87,87.0,87.4,0.16666666666666669,0.16666666666666669,0.16666666666666669,0.16666666666666669,0.16666666666666669,0.16666666666666669
88,88.0,88.5,0.16666666666666669,0.16666666666666669,0.16666666666666669,0.16666666666666669,0.16666666666666669,0.16666666666666669
89,89.0,89.5,0.16666666666666669,0.16666666666666669,0.16666666666666669,0.16666666666666669,0.16666666666666669,0.16666666666666669
90,90.0,90.5,0.16666666666666669,0.16666666666666669,0.16666666666666669,0.16666666666666669,0.16666666666666669,0.16666666666666669
91,91.0,91.6,0.16666666666666669,0.16666666666666669,0.16666666666666669,0.16666666666666669,0.16666666666666669,0.16666666666666669
92,92.0,92.6,0.16666666666666669,0.16666666666666669,0.16666666666666669,0.16666666666666669,0.16666666666666669,0.16666666666666669
93,93.0,93.6,0.16666666666666669,0.16666666666666669,0.16666666666666669,0.16666666666666669,0.16666666666666669,0.16666666666666669
94,94.0,94.6,0.16666666666666669,0.16666666666666669,0.16666666666666669,0.16666666666666669,0.16666666666666669,0.16666666666666669
95,95.0,95.7,0.16666666666666669,0.16666666666666669,0.16666666666666669,0.16666666666666669,0.16666666666666669,0.16666666666666669
96,96.0,96.7,0.16666666666666669,0.16666666666666669,0.16666666666666669,0.16666666666666669,0.16666666666666669,0.16666666666666669
97,97.0,97.8,0.16666666666666669,0.16666666666666669,0.16666666666666669,0.16666666666666669,0.16666666666666669,0.16666666666666669
98,98.0,98.8,0.16666666666666669,0.16666666666666669,0.16666666666666669,0.16666666666666669,0.16666666666666669,0.16666666666666669
99,99.0,99.8,0.16666666666666669,0.16666666666666669,0.16666666666666669,0.16666666666666669,0.16666666666666669,0.16666666666666669
100,100.0,100.8,0.16666666666666669,0.16666666666666669,0.16666666666666669,0.16666666666666669,0.16666666666666669,0.16666666666666669
101,101.0,101.8,0.16666666666666669,0.16666666666666669,0.16666666666666669,0.16666666666666669,0.16666666666666669,0.16666666666666669
102,102.0,102.8,0.16666666666666669,0.16666666666666669,0.16666666666666669,0.16666666666666669,0.16666666666666669,0.16666666666666669
103,103.0,103.8,0.16666666666666669,0.16666666666666669,0.16666666666666669,0.16666666666666669,0.16666666666666669,0.16666666666666669
104,104.0,104.8,0.16666666666666669,0.16666666666666669,0.16666666666666669,0.16666666666666669,0.16666666666666669,0.16666666666666669
105,105.0,105.8,0.16666666666666669,0.16666666666666669,0.16666666666666669,0.16666666666666669,0.16666666666666669,0.16666666666666669
106,106.0,106.8,0.16666666666666669,0.16666666666666669,0.16666666666666669,0.16666666666666669,0.16666666666666669,0.16666666666666669
107,107.0,107.8,0.16666666666666669,0.16666666666666669,0.16666666666666669,0.16666666666666669,0.16666666666666669,0.16666666666666669
108,108.0,108.8,0.16666666666666669,0.16666666666666669,0.16666666666666669,0.16666666666666669,0.16666666666666669,0.16666666666666669
109,109.0,109.8,0.16666666666666669,0.16666666666666669,0.16666666666666669,0.16666666666666669,0.16666666666666669,0.16666666666666669
110,110.0,110.8,0.16666666666666669,0.16666666666666669,0.16666666666666669,0.16666666666666669,0.16666666666666669,0.16666666666666669
111,111.0,111.8,0.16666666666666669,0.16666666666666669,0.16666666666666669,0.16666666666666669,0.16666666666666669,0.16666666666666669
112,112.0,112.8,0.16666666666666669,0.16666666666666669,0.16666666666666669,0.16666666666666669,0.16666666666666669,0.16666666666666669
113,113.0,113.8,0.16666666666666669,0.16666666666666669,0.16666666666666669,0.16666666666666669,0.16666666666666669,0.16666666666666669
114,114.0,114.8,0.16666666666666669,0.16666666666666669,0.16666666666666669,0.16666666666666669,0.16666666666666669,0.16666666666666669
115,115.0,115.8,0.16666666666666669,0.16666666666666669,0.16666666666666669,0.16666666666666669,0.16666666666666669,0.16666666666666669
116,116.0,116.8,0.16666666666666669,0.16666666666666669,0.16666666666666669,0.16666666666666669,0.16666666666666669,0.16666666666666669
117,117.0,117.8,0.16666666666666669,0.16666666666666669,0.16666666666666669,0.16666666666666669,0.16666666666666669,0.16666666666666669
118,118.0,118.8,0.16666666666666669,0.16666666666666669,0.16666666666666669,0.16666666666666669,0.16666666666666669,0.16666666666666669
119,119.0,119.8,0.16666666666666669,0.16666666666666669,0.16666666666666669,0.16666666666666669,0.16666666666666669,0.16666666666666669
120,120.0,120.8,0.16666666666666669,0.16666666666666669,0.16666666666666669,0.16666666666666669,0.16666666666666669,0.16666666666666669
121,121.0,121.8,0.16666666666666669,0.16666666666666669,0.16666666666666669,0.16666666666666669,0.16666666666666669,0.16666666666666669
122,122.0,122.8,0.16666666666666669,0.16666666666666669,0.16666666666666669,0.16666666666666669,0.16666666666666669,0.16666666666666669
123,123.0,123.8,0.16666666666666669,0.16666666666666669,0.16666666666666669,0.16666666666666669,0.16666666666666669,0.16666666666666669
124,124.0,124.8,0.16666666666666669,0.16666666666666669,0.16666666666666669,0.16666666666666669,0.16666666666666669,0.16666666666666669
125,125.0,125.8,0.16666666666666669,0.16666666666666669,0.16666666666666669,0.16666666666666669,0.16666666666666669,0.16666666666666669
126,126.0,126.8,0.16666666666666669,0.16666666666666669,0.16666666666666669,0.16666666666666669,0.16666666666666669,0.16666666666666669
127,127.0,127.8,0.16666666666666669,0.16666666666666669,0.16666666666666669,0.16666666666666669,0.16666666666666669,0.16666666666666669
128,128.0,128.8,0.16666666666666669,0.16666666666666669,0.16666666666666669,0.16666666666666669,0.16666666666666669,0.16666666666666669
129,129.0,129.8,0.16666666666666669,0.16666666666666669,0.16666666666666669,0.16666666666666669,0.16666666666666669,0.16666666666666669
130,130.0,130.8,0.16666666666666669,0.16666666666666669,0.16666666666666669,0.16666666666666669,0.16666666666666669,0.16666666666666669
131,131.0,131.8,0.16666666666666669,0.16666666666666669,0.16666666666666669,0.16666666666666669,0.16666666666666669,0.16666666666666669
132,132.0,132.8,0.16666666666666669,0.16666666666666669,0.16666666666666669,0.16666666666666669,0.16666666666666669,0.16666666666666669
133,133.0,133.8,0.16666666666666669,0.16666666666666669,0.16666666666666669,0.16666666666666669,0.16666666666666669,0.16666666666666669
134,134.0,134.8,0.16666666666666669,0.16666666666666669,0.16666666666666669,0.16666666666666669,0.16666666666666669,0.16666666666666669
135,135.0,135.8,0.16666666666666669,0.16666666666666669,0.16666666666666669,0.16666666666666669,0.16666666666666669,0.16666666666666669
136,136.0,136.8,0.16666666666666669,0.16666666666666669,0.16666666666666669,0.16666666666666669,0.16666666666666669,0.16666666666666669
137,137.0,137.8,0.16666666666666669,0.16666666666666669,0.16666666666666669,0.16666666666666669,0.16666666666666669,0.16666666666666669
138,138.0,138.8,0.16666666666666669,0.16666666666666669,0.16666666666666669,0.16666666666666669,0.16666666666666669,0.16666666666666669
139,139.0,139.8,0.16666666666666669,0.16666666666666669,0.16666666666666669,0.16666666666666669,0.16666666666666669,0.16666666666666669
140,140.0,140.8,0.16666666666666669,0.16666666666666669,0.16666666666666669,0.16666666666666669,0.16666666666666669,0.16666666666666669
141,141.0,141.8,0.16666666666666669,0.16666666666666669,0.16666666666666669,0.16666666666666669,0.16666666666666669,0.16666666666666669
142,142.0,142.8,0.16666666666666669,0.16666666666666669,0.16666666666666669,0.16666666666666669,0.16666666666666669,0.16666666666666669
143,143.0,143.8,0.16666666666666669,0.16666666666666669,0.16666666666666669,0.16666666666666669,0.16666666666666669,0.16666666666666669
144,144.0,144.8,0.16666666666666669,0.16666666666666669,0.16666666666666669,0.16666666666666669,0.16666666666666669,0.16666666666666669
145,145.0,145.8,0.16666666666666669,0.16666666666666669,0.16666666666666669,0.16666666666666669,0.16666666666666669,0.16666666666666669
146,146.0,146.9,0.16666666666666669,0.16666666666666669,0.16666666666666669,0.16666666666666669,0.16666666666666669,0.16666666666666669
147,147.0,147.9,0.16666666666666669,0.16666666666666669,0.16666666666666669,0.16666666666666669,0.16666666666666669,0.16666666666666669
148,148.0,148.9,0.16666666666666669,0.16666666666666669,0.16666666666666669,0.16666666666666669,0.16666666666666669,0.16666666666666669
149,149.0,149.9,0.16666666666666669,0.16666666666666669,0.16666666666666669,0.16666666666666669,0.16666666666666669,0.16666666666666669
150,150.0,150.9,0.16666666666666669,0.16666666666666669,0.16666666666666669,0.16666666666666669,0.16666666666666669,0.16666666666666669
151,151.0,151.9,0.16666666666666669,0.16666666666666669,0.16666666666666669,0.16666666666666669,0.16666666666666669,0.16666666666666669
152,152.0,152.9,0.16666666666666669,0.16666666666666669,0.16666666666666669,0.16666666666666669,0.16666666666666669,0.16666666666666669
153,153.0,153.9,0.16666666666666669,0.16666666666666669,0.16666666666666669,0.16666666666666669,0.16666666666666669,0.16666666666666669
154,154.0,154.9,0.16666666666666669,0.16666666666666669,0.16666666666666669,0.16666666666666669,0.16666666666666669,0.16666666666666669
155,155.0,155.9,0.16666666666666669,0.16666666666666669,0.16666666666666669,0.16666666666666669,0.16666666666666669,0.16666666666666669
156,156.0,156.9,0.16666666666666669,0.16666666666666669,0.16666666666666669,0.16666666666666669,0.16666666666666669,0.16666666666666669
157,157.0,157.9,0.16666666666666669,0.16666666666666669,0.16666666666666669,0.16666666666666669,0.16666666666666669,0.16666666666666669
158,158.0,158.9,0.16666666666666669,0.16666666666666669,0.16666666666666669,0.16666666666666669,0.16666666666666669,0.16666666666666669
159,159.0,159.9,0.16666666666666669,0.16666666666666669,0.16666666666666669,0.16666666666666669,0.16666666666666669,0.16666666666666669
160,160.0,160.9,0.16666666666666669,0.16666666666666669,0.16666666666666669,0.16666666666666669,0.16666666666666669,0.16666666666666669
161,161.0,161.9,0.16666666666666669,0.16666666666666669,0.16666666666666669,0.16666666666666669,0.16666666666666669,0.16666666666666669
162,162.0,162.9,0.16666666666666669,0.16666666666666669,0.16666666666666669,0.16666666666666669,0.16666666666666669,0.16666666666666669
163,163.0,163.9,0.16666666666666669,0.16666666666666669,0.16666666666666669,0.16666666666666669,0.16666666666666669,0.16666666666666669
164,164.0,164.9,0.16666666666666669,0.16666666666666669,0.16666666666666669,0.16666666666666669,0.16666666666666669,0.16666666666666669
165,165.0,165.9,0.16666666666666669,0.16666666666666669,0.16666666666666669,0.16666666666666669,0.16666666666666669,0.16666666666666669
166,166.0,166.9,0.16666666666666669,0.16666666666666669,0.16666666666666669,0.16666666666666669,0.16666666666666669,0.16666666666666669
167,167.0,167.9,0.16666666666666669,0.16666666666666669,0.16666666666666669,0.16666666666666669,0.16666666666666669,0.16666666666666669
168,168.0,168.9,0.16666666666666669,0.16666666666666669,0.16666666666666669,0.16666666666666669,0.16666666666666669,0.16666666666666669
169,169.0,169.9,0.16666666666666669,0.16666666666666669,0.16666666666666669,0.16666666666666669,0.16666666666666669,0.16666666666666669
170,170.0,170.9,0.16666666666666669,0.16666666666666669,0.16666666666666669,0.16666666666666669,0.16666666666666669,0.16666666666666669
171,171.0,171.9,0.16666666666666669,0.16666666666666669,0.16666666666666669,0.16666666666666669,0.16666666666666669,0.16666666666666669
172,172.0,172.9,0.16666666666666669,0.16666666666666669,0.16666666666666669,0.16666666666666669,0.16666666666666669,0.16666666666666669
173,173.0,173.9,0.16666666666666669,0.16666666666666669,0.16666666666666669,0.16666666666666669,0.16666666666666669,0.16666666666666669
174,174.0,174.9,0.16666666666666669,0.16666666666666669,0.16666666666666669,0.16666666666666669,0.16666666666666669,0.16666666666666669
175,175.0,175.9,0.16666666666666669,0.16666666666666669,0.16666666666666669,0.16666666666666669,0.16666666666666669,0.16666666666666669
176,176.0,176.9,0.16666666666666669,0.16666666666666669,0.16666666666666669,0.16666666666666669,0.16666666666666669,0.16666666666666669
177,177.0,177.9,0.16666666666666669,0.16666666666666669,0.16666666666666669,0.16666666666666669,0.16666666666666669,0.16666666666666669
178,178.0,178.9,0.16666666666666669,0.16666666666666669,0.16666666666666669,0.16666666666666669,0.16666666666666669,0.16666666666666669
179,179.0,179.9,0.16666666666666669,0.16666666666666669,0.16666666666666669,0.16666666666666669,0.16666666666666669,0.16666666666666669
180,180.0,180.9,0.16666666666666669,0.16666666666666669,0.16666666666666669,0.16666666666666669,0.16666666666666669,0.16666666666666669
181,181.0,181.9,0.16666666666666669,0.16666666666666669,0.16666666666666669,0.16666666666666669,0.16666666666666669,0.16666666666666669
182,182.0,182.9,0.16666666666666669,0.16666666666666669,0.16666666666666669,0.16666666666666669,0.16666666666666669,0.16666666666666669
183,183.0,183.9,0.16666666666666669,0.16666666666666669,0.16666666666666669,0.16666666666666669,0.16666666666666669,0.16666666666666669
184,184.0,184.9,0.16666666666666669,0.16666666666666669,0.16666666666666669,0.16666666666666669,0.16666666666666669,0.16666666666666669
185,185.0,185.9,0.16666666666666669,0.16666666666666669,0.16666666666666669,0.16666666666666669,0.16666666666666669,0.16666666666666669
186,186.0,186.9,0.16666666666666669,0.16666666666666669,0.16666666666666669,0.16666666666666669,0.16666666666666669,0.16666666666666669
187,187.0,187.9,0.16666666666666669,0.16666666666666669,0.16666666666666669,0.16666666666666669,0.16666666666666669,0.16666666666666669
188,188.0,188.9,0.16666666666666669,0.16666666666666669,0.16666666666666669,0.16666666666666669,0.16666666666666669,0.16666666666666669
189,189.0,189.9,0.16666666666666669,0.16666666666666669,0.16666666666666669,0.16666666666666669,0.16666666666666669,0.16666666666666669
190,190.0,190.9,0.16666666666666669,0.16666666666666669,0.16666666666666669,0.16666666666666669,0.16666666666666669,0.16666666666666669
191,191.0,191.9,0.16666666666666669,0.16666666666666669,0.16666666666666669,0.16666666666666669,0.16666666666666669,0.16666666666666669
192,192.0,192.9,0.16666666666666669,0.16666666666666669,0.16666666666666669,0.16666666666666669,0.16666666666666669,0.16666666666666669
193,193.0,193.9,0.16666666666666669,0.16666666666666669,0.16666666666666669,0.16666666666666669,0.16666666666666669,0.16666666666666669
194,194.0,194.9,0.16666666666666669,0.16666666666666669,0.16666666666666669,0.16666666666666669,0.16666666666666669,0.16666666666666669
195,195.0,195.9,0.16666666666666669,0.16666666666666669,0.16666666666666669,0.16666666666666669,0.16666666666666669,0.16666666666666669
196,196.0,196.9,0.16666666666666669,0.16666666666666669,0.16666666666666669,0.16666666666666669,0.16666666666666669,0.16666666666666669
197,197.0,197.9,0.16666666666666669,0.16666666666666669,0.16666666666666669,0.16666666666666669,0.16666666666666669,0.16666666666666669
198,198.0,198.9,0.16650485436893206,0.16650485436893206,0.16650485436893206,0.16650485436893206,0.16650485436893206,0.16747572815533981
199,199.0,199.9,0.16650485436893206,0.16650485436893206,0.16650485436893206,0.16650485436893206,0.16650485436893206,0.16747572815533981
200,200.0,200.9,0.1641239019879797,0.1641239019879797,0.17840961627369395,0.1641239019879797,0.1641239019879797,0.16509477577438744
201,201.0,201.9,0.1641239019879797,0.1641239019879797,0.17840961627369395,0.1641239019879797,0.1641239019879797,0.16509477577438744
202,202.0,202.9,0.1617429496070273,0.17602866389274158,0.17602866389274158,0.1617429496070273,0.1617429496070273,0.16271382339343504
203,203.0,203.9,0.16206977840641207,0.17635549269212636,0.17635549269212636,0.16206977840641207,0.1600895803866101,0.16305987741631306
204,204.0,204.9,0.16206977840641207,0.17635549269212636,0.17635549269212636,0.16206977840641207,0.1600895803866101,0.16305987741631306
205,205.0,205.9,0.16206977840641207,0.17635549269212636,0.17635549269212636,0.16206977840641207,0.1600895803866101,0.16305987741631306
206,206.0,206.9,0.16206977840641207,0.17635549269212636,0.17635549269212636,0.16206977840641207,0.1600895803866101,0.16305987741631306
207,207.0,207.9,0.1602840641206978,0.17456977840641208,0.1727840641206978,0.1602840641206978,0.1583038661008958,0.1737741631305988
208,208.0,208.9,0.1602840641206978,0.17456977840641208,0.1727840641206978,0.1602840641206978,0.1583038661008958,0.1737741631305988
209,209.0,209.9,0.1602840641206978,0.17456977840641208,0.1727840641206978,0.1602840641206978,0.1583038661008958,0.1737741631305988
210,210.0,210.9,0.1586038961038961,0.1606240981240981,0.18740981240981242,0.15961399711399712,0.1586038961038961,0.17514430014430016
211,211.0,211.9,0.15622294372294374,0.15824314574314574,0.1993145743145743,0.15723304473304472,0.15622294372294374,0.17276334776334776
212,212.0,212.9,0.16515151515151516,0.15467171717171718,0.20467171717171717,0.15366161616161617,0.15265151515151515,0.1691919191919192
213,213.0,214.0,0.1748737373737374,0.1532828282828283,0.20050505050505052,0.15227272727272728,0.15126262626262627,0.16780303030303031
214,214.0,215.0,0.1748737373737374,0.1532828282828283,0.20050505050505052,0.15227272727272728,0.15126262626262627,0.16780303030303031
215,215.0,216.0,0.17208333333333334,0.15375,0.20666666666666664,0.150625,0.150625,0.16625
216,216.0,217.0,0.1705829651448208,0.15117574864997546,0.20411389297987234,0.14808296514482083,0.14808296514482083,0.17796146293568976
217,217.0,218.0,0.168764783326639,0.15026665774088457,0.2095684384344178,0.14717387423572992,0.14717387423572992,0.17705237202659885
218,218.0,219.0,0.16535290311063508,0.16038570535993218,0.2089732003391797,0.14479292185477755,0.1458238496898291,0.17467141964564648
219,219.0,220.0,0.16356718882492077,0.1585999910742179,0.2179017717677511,0.14300720756906324,0.1440381354041148,0.1728857053599322
220,220.0,221.0,0.16356718882492077,0.1585999910742179,0.2321874860534654,0.14300720756906324,0.1440381354041148,0.1585999910742179
221,221.0,222.0,0.1730549233126553,0.1701079275821544,0.20821562458160398,0.14340403296588866,0.1444349608009402,0.16078253075675758
222,222.0,223.0,0.1802771455348775,0.1651079275821544,0.21349340235938175,0.14090403296588866,0.1419349608009402,0.15828253075675758
223,223.0,224.0,0.1784914312491632,0.16332221329644012,0.22420768807366742,0.13911831868017435,0.14014924651522592,0.154711102185329
224,224.0,225.0,0.17619345145118342,0.1712262537004805,0.22688445575043512,0.13682033888219455,0.1378512667172461,0.15102423349846034
225,225.0,226.0,0.15187124703253735,0.17848903784387654,0.2378969417679095,0.14617232230135457,0.13724759111855886,0.14832285993576316
226,226.0,227.0,0.15187124703253735,0.17848903784387654,0.2378969417679095,0.14617232230135457,0.13724759111855886,0.14832285993576316
227,227.0,228.0,0.15187124703253735,0.17848903784387654,0.2378969417679095,0.14617232230135457,0.13724759111855886,0.14832285993576316
228,228.0,229.0,0.15199981178242047,0.17761246000376435,0.23808394504046673,0.14743459439111614,0.13743459439111613,0.1474345943911161
229,229.0,230.1,0.15199981178242047,0.17761246000376435,0.23808394504046673,0.14743459439111614,0.13743459439111613,0.1474345943911161
230,230.0,231.1,0.1531109228935316,0.15872357111487548,0.25141727837380007,0.14854570550222726,0.13854570550222725,0.14965681661333835
231,231.0,232.1,0.1342220340046427,0.1609457933370977,0.2647506117071334,0.14965681661333835,0.13965681661333834,0.15076792772444947
232,232.0,233.1,0.13132520860781732,0.1580489679402723,0.27034584980237153,0.15675999121651296,0.13675999121651297,0.14675999121651295
233,233.0,234.1,0.13132520860781732,0.14895805884936322,0.27943675889328057,0.15675999121651296,0.13675999121651297,0.14675999121651295
234,234.0,235.1,0.1298470661672909,0.14882334581772785,0.283810861423221,0.1543414481897628,0.13658863920099876,0.14658863920099877
235,235.0,236.1,0.1289379752582,0.13680314379752584,0.2912856088979684,0.16161417546249007,0.13567954829190784,0.14567954829190785
236,236.0,237.1,0.12818039950062424,0.13604556803995008,0.29658863920099876,0.1593414481897628,0.13492197253433208,0.1449219725343321
237,237.0,238.1,0.13432259064281538,0.14358636058074264,0.2906562382685978,0.1556001894485041,0.13337185598421555,0.14246276507512465
238,238.0,239.1,0.13182508814531288,0.1408807328751149,0.28114907876143824,0.1589385177868324,0.1314238040361636,0.15578277839513793
239,239.0,240.1,0.1302316815519063,0.13912249111687316,0.2845373571497166,0.16241837126668587,0.1303065879189475,0.15338351099587055
240,240.0,241.1,0.12968223100245574,0.13802359001797207,0.28948241209477155,0.16131947016778478,0.12975713736949693,0.1517351593475189
241,241.0,242.1,0.12968223100245574,0.13802359001797207,0.28948241209477155,0.16131947016778478,0.12975713736949693,0.1517351593475189
242,242.0,243.1,0.12968223100245574,0.13802359001797207,0.28948241209477155,0.16131947016778478,0.12975713736949693,0.1517351593475189
243,243.0,244.1,0.13258266390288864,0.14099728299166503,0.27907615168851124,0.16619792504623968,0.13218137979373937,0.14896459657695613
244,244.0,245.1,0.13008266390288864,0.13849728299166503,0.2804650405774001,0.16369792504623967,0.12968137979373934,0.15757570768806722
245,245.0,246.1,0.12801917183939657,0.13690998140436345,0.2728027029150624,0.1602058615541762,0.13718498729734688,0.16487729498965456
246,246.0,247.1,0.13267826274848749,0.135735738980121,0.2676890665514261,0.15736495246326712,0.143586502448862,0.16294547680783636
247,247.0,248.1,0.13267826274848749,0.135735738980121,0.2776890665514261,0.15736495246326712,0.143586502448862,0.15294547680783638
248,248.0,249.1,0.13267826274848749,0.135735738980121,0.2776890665514261,0.15736495246326712,0.143586502448862,0.15294547680783638
249,249.0,250.1,0.13301917183939657,0.13524331473769677,0.28765118776354726,0.1585391948875095,0.14309407820643777,0.14245305256541213
250,250.0,251.1,0.13919341426363901,0.13315998140436344,0.2768936120059715,0.1610391948875095,0.14101074487310444,0.1487030525654121
251,251.0,252.1,0.13855238862261338,0.13251895576333778,0.2730474581598177,0.16039816924648387,0.1403697192320788,0.15511330897566852
252,252.0,253.1,0.14021905528928003,0.13418562243000445,0.2697141248264844,0.16206483591315052,0.1353697192320788,0.15844664230900185
253,253.0,254.1,0.14021905528928003,0.13418562243000445,0.2697141248264844,0.16206483591315052,0.1353697192320788,0.15844664230900185
254,254.0,255.1,0.13911611411280944,0.13381797537118093,0.2741258895323667,0.15985895356020935,0.13500207217325527,0.15807899525017835
255,255.0,256.1,0.14729793229462765,0.13290888446209,0.271398616805094,0.15894986265111843,0.13318389035507344,0.15626081343199655
256,256.0,257.1,0.1479389579356533,0.13354991010311568,0.2758857962922735,0.15959088829214407,0.13382491599609908,0.14920953138071447
257,257.0,258.1,0.13884804884474417,0.13354991010311568,0.28497670538318254,0.15959088829214407,0.13382491599609908,0.14920953138071447
258,258.0,259.1,0.13809047308716843,0.13279233434553991,0.28194640235287954,0.16716664586790164,0.13230976448094758,0.14769437986556294
259,259.0,260.1,0.1317773417740371,0.13557011212331768,0.26805751346399065,0.17903533273658853,0.13508754225872535,0.15047215764334074
260,260.0,261.1,0.14032075914098388,0.13444966394404598,0.2803124154247749,0.1699316912800059,0.12563376074612032,0.149351709464069
261,261.0,262.1,0.14860830492852967,0.13202292401730603,0.28301388062624017,0.16686392571224035,0.12320702081938037,0.14628394389630345
262,262.0,263.1,0.14805885437907912,0.13147347346785548,0.2797171773295369,0.16576502461333925,0.12265757026992982,0.1523278999402595
263,263.0,264.1,0.14805885437907912,0.13147347346785548,0.2797171773295369,0.16576502461333925,0.12265757026992982,0.1523278999402595
264,264.0,265.1,0.15361440993463465,0.13583855283293486,0.27812987574223524,0.14870153254984717,0.1270226496350092,0.15669297930533888
265,265.0,266.1,0.14944774326796798,0.13444966394404598,0.27674098685334636,0.14731264366095828,0.12563376074612032,0.16641520152756106
266,266.0,267.1,0.14944774326796798,0.13444966394404598,0.27674098685334636,0.14731264366095828,0.12563376074612032,0.16641520152756106
267,267.0,268.1,0.1481656919859167,0.13380863830302034,0.2805871406995002,0.14667161801993261,0.12499273510509468,0.16577417588653542
268,268.0,269.1,0.1533604971807219,0.1390034434978255,0.2637040238163833,0.14277551412382872,0.13018754029989985,0.17096898108134062
269,269.0,270.1,0.1533604971807219,0.1390034434978255,0.2637040238163833,0.14277551412382872,0.13018754029989985,0.17096898108134062
270,270.0,271.1,0.1533604971807219,0.1390034434978255,0.2637040238163833,0.14277551412382872,0.13018754029989985,0.17096898108134062
271,271.0,272.1,0.1533604971807219,0.1390034434978255,0.2637040238163833,0.14277551412382872,0.13018754029989985,0.17096898108134062
272,272.0,273.1,0.1533604971807219,0.1390034434978255,0.2637040238163833,0.14277551412382872,0.13018754029989985,0.17096898108134062
273,273.0,274.1,0.1533604971807219,0.1390034434978255,0.2637040238163833,0.14277551412382872,0.13018754029989985,0.17096898108134062
274,274.0,275.1,0.1533604971807219,0.1390034434978255,0.249418309530669,0.157061228409543,0.13018754029989985,0.17096898108134062
275,275.0,276.1,0.1533604971807219,0.1390034434978255,0.249418309530669,0.157061228409543,0.13018754029989985,0.17096898108134062
276,276.0,277.1,0.1533604971807219,0.1390034434978255,0.249418309530669,0.157061228409543,0.13018754029989985,0.17096898108134062
277,277.0,278.1,0.1533604971807219,0.1390034434978255,0.249418309530669,0.157061228409543,0.13018754029989985,0.17096898108134062
278,278.0,279.2,0.1533604971807219,0.1390034434978255,0.249418309530669,0.157061228409543,0.13018754029989985,0.17096898108134062
279,279.0,280.2,0.1533604971807219,0.1390034434978255,0.249418309530669,0.157061228409543,0.13018754029989985,0.17096898108134062
280,280.0,281.2,0.1533604971807219,0.1390034434978255,0.249418309530669,0.157061228409543,0.13018754029989985,0.17096898108134062
281,281.0,282.2,0.1533604971807219,0.1532891577835398,0.23513259524495472,0.157061228409543,0.13018754029989985,0.17096898108134062
282,282.0,283.2,0.1533604971807219,0.1532891577835398,0.23513259524495472,0.157061228409543,0.13018754029989985,0.17096898108134062
283,283.0,284.2,0.1533604971807219,0.1532891577835398,0.23513259524495472,0.157061228409543,0.13018754029989985,0.17096898108134062
284,284.0,285.2,0.1533604971807219,0.1532891577835398,0.23513259524495472,0.157061228409543,0.13018754029989985,0.17096898108134062
285,285.0,286.2,0.1533604971807219,0.1532891577835398,0.23513259524495472,0.157061228409543,0.13018754029989985,0.17096898108134062
286,286.0,287.2,0.1599539037741285,0.166475970970353,0.21864907876143827,0.1559623273106419,0.13678094689330644,0.16217777229013183
287,287.0,288.2,0.1557872371074618,0.16052359001797203,0.21448241209477162,0.1660813749296895,0.14511428022663977,0.15801110562346515
288,288.0,289.2,0.1557872371074618,0.16052359001797203,0.21448241209477162,0.1660813749296895,0.14511428022663977,0.15801110562346515
289,289.0,290.2,0.1557872371074618,0.16052359001797203,0.21448241209477162,0.1660813749296895,0.14511428022663977,0.15801110562346515
290,290.0,291.2,0.15400152282174753,0.15873787573225775,0.22519669780905732,0.16250994635826094,0.1433285659409255,0.15622539133775087
291,291.0,292.2,0.15261263393285865,0.15734898684336887,0.22241892003127955,0.15973216858048317,0.1419396770520366,0.1659476135599731
292,292.0,293.2,0.15261263393285865,0.15734898684336887,0.22241892003127955,0.15973216858048317,0.1419396770520366,0.1659476135599731
293,293.0,294.2,0.15150152282174753,0.15623787573225775,0.23019669780905733,0.15750994635826093,0.1408285659409255,0.16372539133775088
294,294.0,295.2,0.15059243191265662,0.15532878482316684,0.2365603341726937,0.15569176454007913,0.13991947503183458,0.16190720951956908
295,295.0,296.2,0.14983485615508085,0.15457120906559108,0.23353003114239068,0.15417661302492763,0.13916189927425882,0.16872539133775089
296,296.0,297.2,0.14919383051405521,0.15393018342456544,0.2386582362705958,0.15289456174287633,0.13852087363323318,0.16680231441467397
