Total_iterations,Unnamed: 0.1,Intertwine_two,Add_vertex,Delete_vertex,Invert_path_vertices,Insert_inside_vertex,Delete_inside_vertex
0,0.0,0.1666666666666666,0.1666666666666666,0.1666666666666666,0.1666666666666666,0.1666666666666666,0.1666666666666666
1,1.0,0.1666666666666666,0.1666666666666666,0.1666666666666666,0.1666666666666666,0.1666666666666666,0.1666666666666666
2,2.0,0.1666666666666666,0.1666666666666666,0.1666666666666666,0.1666666666666666,0.1666666666666666,0.1666666666666666
3,3.0,0.1666666666666666,0.1666666666666666,0.1666666666666666,0.1666666666666666,0.1666666666666666,0.1666666666666666
4,4.0,0.1666666666666666,0.1666666666666666,0.1666666666666666,0.1666666666666666,0.1666666666666666,0.1666666666666666
5,5.0,0.1666666666666666,0.1666666666666666,0.1666666666666666,0.1666666666666666,0.1666666666666666,0.1666666666666666
6,6.0,0.1666666666666666,0.1666666666666666,0.1666666666666666,0.1666666666666666,0.1666666666666666,0.1666666666666666
7,7.0,0.1666666666666666,0.1666666666666666,0.1666666666666666,0.1666666666666666,0.1666666666666666,0.1666666666666666
8,8.0,0.1666666666666666,0.1666666666666666,0.1666666666666666,0.1666666666666666,0.1666666666666666,0.1666666666666666
9,9.0,0.1666666666666666,0.1666666666666666,0.1666666666666666,0.1666666666666666,0.1666666666666666,0.1666666666666666
10,10.0,0.1666666666666666,0.1666666666666666,0.1666666666666666,0.1666666666666666,0.1666666666666666,0.1666666666666666
11,11.0,0.1666666666666666,0.1666666666666666,0.1666666666666666,0.1666666666666666,0.1666666666666666,0.1666666666666666
12,12.0,0.1666666666666666,0.1666666666666666,0.1666666666666666,0.1666666666666666,0.1666666666666666,0.1666666666666666
13,13.0,0.1666666666666666,0.1666666666666666,0.1666666666666666,0.1666666666666666,0.1666666666666666,0.1666666666666666
14,14.0,0.1666666666666666,0.1666666666666666,0.1666666666666666,0.1666666666666666,0.1666666666666666,0.1666666666666666
15,15.0,0.1666666666666666,0.1666666666666666,0.1666666666666666,0.1666666666666666,0.1666666666666666,0.1666666666666666
16,16.0,0.1666666666666666,0.1666666666666666,0.1666666666666666,0.1666666666666666,0.1666666666666666,0.1666666666666666
17,17.0,0.1666666666666666,0.1666666666666666,0.1666666666666666,0.1666666666666666,0.1666666666666666,0.1666666666666666
18,18.0,0.1666666666666666,0.1666666666666666,0.1666666666666666,0.1666666666666666,0.1666666666666666,0.1666666666666666
19,19.0,0.1666666666666666,0.1666666666666666,0.1666666666666666,0.1666666666666666,0.1666666666666666,0.1666666666666666
20,20.0,0.1666666666666666,0.1666666666666666,0.1666666666666666,0.1666666666666666,0.1666666666666666,0.1666666666666666
21,21.0,0.1666666666666666,0.1666666666666666,0.1666666666666666,0.1666666666666666,0.1666666666666666,0.1666666666666666
22,22.0,0.1666666666666666,0.1666666666666666,0.1666666666666666,0.1666666666666666,0.1666666666666666,0.1666666666666666
23,23.0,0.1666666666666666,0.1666666666666666,0.1666666666666666,0.1666666666666666,0.1666666666666666,0.1666666666666666
24,24.0,0.1666666666666666,0.1666666666666666,0.1666666666666666,0.1666666666666666,0.1666666666666666,0.1666666666666666
25,25.0,0.1666666666666666,0.1666666666666666,0.1666666666666666,0.1666666666666666,0.1666666666666666,0.1666666666666666
26,26.0,0.1666666666666666,0.1666666666666666,0.1666666666666666,0.1666666666666666,0.1666666666666666,0.1666666666666666
27,27.0,0.1666666666666666,0.1666666666666666,0.1666666666666666,0.1666666666666666,0.1666666666666666,0.1666666666666666
28,28.0,0.1666666666666666,0.1666666666666666,0.1666666666666666,0.1666666666666666,0.1666666666666666,0.1666666666666666
29,29.0,0.1666666666666666,0.1666666666666666,0.1666666666666666,0.1666666666666666,0.1666666666666666,0.1666666666666666
30,30.0,0.1666666666666666,0.1666666666666666,0.1666666666666666,0.1666666666666666,0.1666666666666666,0.1666666666666666
31,31.0,0.1666666666666666,0.1666666666666666,0.1666666666666666,0.1666666666666666,0.1666666666666666,0.1666666666666666
32,32.0,0.1666666666666666,0.1666666666666666,0.1666666666666666,0.1666666666666666,0.1666666666666666,0.1666666666666666
33,33.0,0.1666666666666666,0.1666666666666666,0.1666666666666666,0.1666666666666666,0.1666666666666666,0.1666666666666666
34,34.0,0.1666666666666666,0.1666666666666666,0.1666666666666666,0.1666666666666666,0.1666666666666666,0.1666666666666666
35,35.0,0.1666666666666666,0.1666666666666666,0.1666666666666666,0.1666666666666666,0.1666666666666666,0.1666666666666666
36,36.0,0.1666666666666666,0.1666666666666666,0.1666666666666666,0.1666666666666666,0.1666666666666666,0.1666666666666666
37,37.0,0.1666666666666666,0.1666666666666666,0.1666666666666666,0.1666666666666666,0.1666666666666666,0.1666666666666666
38,38.0,0.1666666666666666,0.1666666666666666,0.1666666666666666,0.1666666666666666,0.1666666666666666,0.1666666666666666
39,39.0,0.1666666666666666,0.1666666666666666,0.1666666666666666,0.1666666666666666,0.1666666666666666,0.1666666666666666
40,40.0,0.1666666666666666,0.1666666666666666,0.1666666666666666,0.1666666666666666,0.1666666666666666,0.1666666666666666
41,41.0,0.1666666666666666,0.1666666666666666,0.1666666666666666,0.1666666666666666,0.1666666666666666,0.1666666666666666
42,42.0,0.1666666666666666,0.1666666666666666,0.1666666666666666,0.1666666666666666,0.1666666666666666,0.1666666666666666
43,43.0,0.1666666666666666,0.1666666666666666,0.1666666666666666,0.1666666666666666,0.1666666666666666,0.1666666666666666
44,44.0,0.1666666666666666,0.1666666666666666,0.1666666666666666,0.1666666666666666,0.1666666666666666,0.1666666666666666
45,45.0,0.1666666666666666,0.1666666666666666,0.1666666666666666,0.1666666666666666,0.1666666666666666,0.1666666666666666
46,46.0,0.1666666666666666,0.1666666666666666,0.1666666666666666,0.1666666666666666,0.1666666666666666,0.1666666666666666
47,47.0,0.1666666666666666,0.1666666666666666,0.1666666666666666,0.1666666666666666,0.1666666666666666,0.1666666666666666
48,48.0,0.1666666666666666,0.1666666666666666,0.1666666666666666,0.1666666666666666,0.1666666666666666,0.1666666666666666
49,49.0,0.1666666666666666,0.1666666666666666,0.1666666666666666,0.1666666666666666,0.1666666666666666,0.1666666666666666
50,50.0,0.1666666666666666,0.1666666666666666,0.1666666666666666,0.1666666666666666,0.1666666666666666,0.1666666666666666
51,51.0,0.1666666666666666,0.1666666666666666,0.1666666666666666,0.1666666666666666,0.1666666666666666,0.1666666666666666
52,52.0,0.1666666666666666,0.1666666666666666,0.1666666666666666,0.1666666666666666,0.1666666666666666,0.1666666666666666
53,53.0,0.1666666666666666,0.1666666666666666,0.1666666666666666,0.1666666666666666,0.1666666666666666,0.1666666666666666
54,54.0,0.1666666666666666,0.1666666666666666,0.1666666666666666,0.1666666666666666,0.1666666666666666,0.1666666666666666
55,55.0,0.1666666666666666,0.1666666666666666,0.1666666666666666,0.1666666666666666,0.1666666666666666,0.1666666666666666
56,56.0,0.1666666666666666,0.1666666666666666,0.1666666666666666,0.1666666666666666,0.1666666666666666,0.1666666666666666
57,57.0,0.1666666666666666,0.1666666666666666,0.1666666666666666,0.1666666666666666,0.1666666666666666,0.1666666666666666
58,58.0,0.1666666666666666,0.1666666666666666,0.1666666666666666,0.1666666666666666,0.1666666666666666,0.1666666666666666
59,59.0,0.1666666666666666,0.1666666666666666,0.1666666666666666,0.1666666666666666,0.1666666666666666,0.1666666666666666
60,60.0,0.1666666666666666,0.1666666666666666,0.1666666666666666,0.1666666666666666,0.1666666666666666,0.1666666666666666
61,61.0,0.1666666666666666,0.1666666666666666,0.1666666666666666,0.1666666666666666,0.1666666666666666,0.1666666666666666
62,62.0,0.1666666666666666,0.1666666666666666,0.1666666666666666,0.1666666666666666,0.1666666666666666,0.1666666666666666
63,63.0,0.1666666666666666,0.1666666666666666,0.1666666666666666,0.1666666666666666,0.1666666666666666,0.1666666666666666
64,64.0,0.1666666666666666,0.1666666666666666,0.1666666666666666,0.1666666666666666,0.1666666666666666,0.1666666666666666
65,65.0,0.1666666666666666,0.1666666666666666,0.1666666666666666,0.1666666666666666,0.1666666666666666,0.1666666666666666
66,66.0,0.1666666666666666,0.1666666666666666,0.1666666666666666,0.1666666666666666,0.1666666666666666,0.1666666666666666
67,67.0,0.1666666666666666,0.1666666666666666,0.1666666666666666,0.1666666666666666,0.1666666666666666,0.1666666666666666
68,68.0,0.1666666666666666,0.1666666666666666,0.1666666666666666,0.1666666666666666,0.1666666666666666,0.1666666666666666
69,69.0,0.1666666666666666,0.1666666666666666,0.1666666666666666,0.1666666666666666,0.1666666666666666,0.1666666666666666
70,70.0,0.1666666666666666,0.1666666666666666,0.1666666666666666,0.1666666666666666,0.1666666666666666,0.1666666666666666
71,71.0,0.1666666666666666,0.1666666666666666,0.1666666666666666,0.1666666666666666,0.1666666666666666,0.1666666666666666
72,72.0,0.1666666666666666,0.1666666666666666,0.1666666666666666,0.1666666666666666,0.1666666666666666,0.1666666666666666
73,73.0,0.1666666666666666,0.1666666666666666,0.1666666666666666,0.1666666666666666,0.1666666666666666,0.1666666666666666
74,74.0,0.1666666666666666,0.1666666666666666,0.1666666666666666,0.1666666666666666,0.1666666666666666,0.1666666666666666
75,75.0,0.1666666666666666,0.1666666666666666,0.1666666666666666,0.1666666666666666,0.1666666666666666,0.1666666666666666
76,76.0,0.1666666666666666,0.1666666666666666,0.1666666666666666,0.1666666666666666,0.1666666666666666,0.1666666666666666
77,77.0,0.1666666666666666,0.1666666666666666,0.1666666666666666,0.1666666666666666,0.1666666666666666,0.1666666666666666
78,78.0,0.1666666666666666,0.1666666666666666,0.1666666666666666,0.1666666666666666,0.1666666666666666,0.1666666666666666
79,79.0,0.1666666666666666,0.1666666666666666,0.1666666666666666,0.1666666666666666,0.1666666666666666,0.1666666666666666
80,80.0,0.1666666666666666,0.1666666666666666,0.1666666666666666,0.1666666666666666,0.1666666666666666,0.1666666666666666
81,81.0,0.1666666666666666,0.1666666666666666,0.1666666666666666,0.1666666666666666,0.1666666666666666,0.1666666666666666
82,82.0,0.1666666666666666,0.1666666666666666,0.1666666666666666,0.1666666666666666,0.1666666666666666,0.1666666666666666
83,83.0,0.1666666666666666,0.1666666666666666,0.1666666666666666,0.1666666666666666,0.1666666666666666,0.1666666666666666
84,84.0,0.1666666666666666,0.1666666666666666,0.1666666666666666,0.1666666666666666,0.1666666666666666,0.1666666666666666
85,85.0,0.1666666666666666,0.1666666666666666,0.1666666666666666,0.1666666666666666,0.1666666666666666,0.1666666666666666
86,86.0,0.1666666666666666,0.1666666666666666,0.1666666666666666,0.1666666666666666,0.1666666666666666,0.1666666666666666
87,87.0,0.1666666666666666,0.1666666666666666,0.1666666666666666,0.1666666666666666,0.1666666666666666,0.1666666666666666
88,88.0,0.1666666666666666,0.1666666666666666,0.1666666666666666,0.1666666666666666,0.1666666666666666,0.1666666666666666
89,89.0,0.1666666666666666,0.1666666666666666,0.1666666666666666,0.1666666666666666,0.1666666666666666,0.1666666666666666
90,90.0,0.1666666666666666,0.1666666666666666,0.1666666666666666,0.1666666666666666,0.1666666666666666,0.1666666666666666
91,91.0,0.1666666666666666,0.1666666666666666,0.1666666666666666,0.1666666666666666,0.1666666666666666,0.1666666666666666
92,92.0,0.1666666666666666,0.1666666666666666,0.1666666666666666,0.1666666666666666,0.1666666666666666,0.1666666666666666
93,93.0,0.1666666666666666,0.1666666666666666,0.1666666666666666,0.1666666666666666,0.1666666666666666,0.1666666666666666
94,94.0,0.1666666666666666,0.1666666666666666,0.1666666666666666,0.1666666666666666,0.1666666666666666,0.1666666666666666
95,95.0,0.1666666666666666,0.1666666666666666,0.1666666666666666,0.1666666666666666,0.1666666666666666,0.1666666666666666
96,96.0,0.1666666666666666,0.1666666666666666,0.1666666666666666,0.1666666666666666,0.1666666666666666,0.1666666666666666
97,97.0,0.1666666666666666,0.1666666666666666,0.1666666666666666,0.1666666666666666,0.1666666666666666,0.1666666666666666
98,98.0,0.1666666666666666,0.1666666666666666,0.1666666666666666,0.1666666666666666,0.1666666666666666,0.1666666666666666
99,99.0,0.1666666666666666,0.1666666666666666,0.1666666666666666,0.1666666666666666,0.1666666666666666,0.1666666666666666
100,100.0,0.1666666666666666,0.1666666666666666,0.1666666666666666,0.1666666666666666,0.1666666666666666,0.1666666666666666
101,101.0,0.1666666666666666,0.1666666666666666,0.1666666666666666,0.1666666666666666,0.1666666666666666,0.1666666666666666
102,102.0,0.1666666666666666,0.1666666666666666,0.1666666666666666,0.1666666666666666,0.1666666666666666,0.1666666666666666
103,103.0,0.1666666666666666,0.1666666666666666,0.1666666666666666,0.1666666666666666,0.1666666666666666,0.1666666666666666
104,104.0,0.1666666666666666,0.1666666666666666,0.1666666666666666,0.1666666666666666,0.1666666666666666,0.1666666666666666
105,105.0,0.1666666666666666,0.1666666666666666,0.1666666666666666,0.1666666666666666,0.1666666666666666,0.1666666666666666
106,106.0,0.1666666666666666,0.1666666666666666,0.1666666666666666,0.1666666666666666,0.1666666666666666,0.1666666666666666
107,107.0,0.1666666666666666,0.1666666666666666,0.1666666666666666,0.1666666666666666,0.1666666666666666,0.1666666666666666
108,108.0,0.1666666666666666,0.1666666666666666,0.1666666666666666,0.1666666666666666,0.1666666666666666,0.1666666666666666
109,109.0,0.1666666666666666,0.1666666666666666,0.1666666666666666,0.1666666666666666,0.1666666666666666,0.1666666666666666
110,110.0,0.1666666666666666,0.1666666666666666,0.1666666666666666,0.1666666666666666,0.1666666666666666,0.1666666666666666
111,111.0,0.1666666666666666,0.1666666666666666,0.1666666666666666,0.1666666666666666,0.1666666666666666,0.1666666666666666
112,112.0,0.1666666666666666,0.1666666666666666,0.1666666666666666,0.1666666666666666,0.1666666666666666,0.1666666666666666
113,113.0,0.1666666666666666,0.1666666666666666,0.1666666666666666,0.1666666666666666,0.1666666666666666,0.1666666666666666
114,114.0,0.1666666666666666,0.1666666666666666,0.1666666666666666,0.1666666666666666,0.1666666666666666,0.1666666666666666
115,115.0,0.1666666666666666,0.1666666666666666,0.1666666666666666,0.1666666666666666,0.1666666666666666,0.1666666666666666
116,116.0,0.1666666666666666,0.1666666666666666,0.1666666666666666,0.1666666666666666,0.1666666666666666,0.1666666666666666
117,117.0,0.1666666666666666,0.1666666666666666,0.1666666666666666,0.1666666666666666,0.1666666666666666,0.1666666666666666
118,118.0,0.1666666666666666,0.1666666666666666,0.1666666666666666,0.1666666666666666,0.1666666666666666,0.1666666666666666
119,119.0,0.1666666666666666,0.1666666666666666,0.1666666666666666,0.1666666666666666,0.1666666666666666,0.1666666666666666
120,120.0,0.1666666666666666,0.1666666666666666,0.1666666666666666,0.1666666666666666,0.1666666666666666,0.1666666666666666
121,121.0,0.1666666666666666,0.1666666666666666,0.1666666666666666,0.1666666666666666,0.1666666666666666,0.1666666666666666
122,122.0,0.1666666666666666,0.1666666666666666,0.1666666666666666,0.1666666666666666,0.1666666666666666,0.1666666666666666
123,123.0,0.1666666666666666,0.1666666666666666,0.1666666666666666,0.1666666666666666,0.1666666666666666,0.1666666666666666
124,124.0,0.1666666666666666,0.1666666666666666,0.1666666666666666,0.1666666666666666,0.1666666666666666,0.1666666666666666
125,125.0,0.1666666666666666,0.1666666666666666,0.1666666666666666,0.1666666666666666,0.1666666666666666,0.1666666666666666
126,126.0,0.1666666666666666,0.1666666666666666,0.1666666666666666,0.1666666666666666,0.1666666666666666,0.1666666666666666
127,127.0,0.1666666666666666,0.1666666666666666,0.1666666666666666,0.1666666666666666,0.1666666666666666,0.1666666666666666
128,128.0,0.1666666666666666,0.1666666666666666,0.1666666666666666,0.1666666666666666,0.1666666666666666,0.1666666666666666
129,129.0,0.1666666666666666,0.1666666666666666,0.1666666666666666,0.1666666666666666,0.1666666666666666,0.1666666666666666
130,130.0,0.1666666666666666,0.1666666666666666,0.1666666666666666,0.1666666666666666,0.1666666666666666,0.1666666666666666
131,131.0,0.1666666666666666,0.1666666666666666,0.1666666666666666,0.1666666666666666,0.1666666666666666,0.1666666666666666
132,132.0,0.1666666666666666,0.1666666666666666,0.1666666666666666,0.1666666666666666,0.1666666666666666,0.1666666666666666
133,133.0,0.1666666666666666,0.1666666666666666,0.1666666666666666,0.1666666666666666,0.1666666666666666,0.1666666666666666
134,134.0,0.1666666666666666,0.1666666666666666,0.1666666666666666,0.1666666666666666,0.1666666666666666,0.1666666666666666
135,135.0,0.1666666666666666,0.1666666666666666,0.1666666666666666,0.1666666666666666,0.1666666666666666,0.1666666666666666
136,136.0,0.1666666666666666,0.1666666666666666,0.1666666666666666,0.1666666666666666,0.1666666666666666,0.1666666666666666
137,137.0,0.1666666666666666,0.1666666666666666,0.1666666666666666,0.1666666666666666,0.1666666666666666,0.1666666666666666
138,138.0,0.1666666666666666,0.1666666666666666,0.1666666666666666,0.1666666666666666,0.1666666666666666,0.1666666666666666
139,139.0,0.1666666666666666,0.1666666666666666,0.1666666666666666,0.1666666666666666,0.1666666666666666,0.1666666666666666
140,140.0,0.1666666666666666,0.1666666666666666,0.1666666666666666,0.1666666666666666,0.1666666666666666,0.1666666666666666
141,141.0,0.1666666666666666,0.1666666666666666,0.1666666666666666,0.1666666666666666,0.1666666666666666,0.1666666666666666
142,142.0,0.1666666666666666,0.1666666666666666,0.1666666666666666,0.1666666666666666,0.1666666666666666,0.1666666666666666
143,143.0,0.1666666666666666,0.1666666666666666,0.1666666666666666,0.1666666666666666,0.1666666666666666,0.1666666666666666
144,144.0,0.1666666666666666,0.1666666666666666,0.1666666666666666,0.1666666666666666,0.1666666666666666,0.1666666666666666
145,145.0,0.1666666666666666,0.1666666666666666,0.1666666666666666,0.1666666666666666,0.1666666666666666,0.1666666666666666
146,146.0,0.1666666666666666,0.1666666666666666,0.1666666666666666,0.1666666666666666,0.1666666666666666,0.1666666666666666
147,147.0,0.1666666666666666,0.1666666666666666,0.1666666666666666,0.1666666666666666,0.1666666666666666,0.1666666666666666
148,148.0,0.1666666666666666,0.1666666666666666,0.1666666666666666,0.1666666666666666,0.1666666666666666,0.1666666666666666
149,149.0,0.1666666666666666,0.1666666666666666,0.1666666666666666,0.1666666666666666,0.1666666666666666,0.1666666666666666
150,150.0,0.1666666666666666,0.1666666666666666,0.1666666666666666,0.1666666666666666,0.1666666666666666,0.1666666666666666
151,151.0,0.1666666666666666,0.1666666666666666,0.1666666666666666,0.1666666666666666,0.1666666666666666,0.1666666666666666
152,152.0,0.1666666666666666,0.1666666666666666,0.1666666666666666,0.1666666666666666,0.1666666666666666,0.1666666666666666
153,153.0,0.1666666666666666,0.1666666666666666,0.1666666666666666,0.1666666666666666,0.1666666666666666,0.1666666666666666
154,154.0,0.1666666666666666,0.1666666666666666,0.1666666666666666,0.1666666666666666,0.1666666666666666,0.1666666666666666
155,155.0,0.1666666666666666,0.1666666666666666,0.1666666666666666,0.1666666666666666,0.1666666666666666,0.1666666666666666
156,156.0,0.1666666666666666,0.1666666666666666,0.1666666666666666,0.1666666666666666,0.1666666666666666,0.1666666666666666
157,157.0,0.1666666666666666,0.1666666666666666,0.1666666666666666,0.1666666666666666,0.1666666666666666,0.1666666666666666
158,158.0,0.1666666666666666,0.1666666666666666,0.1666666666666666,0.1666666666666666,0.1666666666666666,0.1666666666666666
159,159.0,0.1666666666666666,0.1666666666666666,0.1666666666666666,0.1666666666666666,0.1666666666666666,0.1666666666666666
160,160.0,0.1666666666666666,0.1666666666666666,0.1666666666666666,0.1666666666666666,0.1666666666666666,0.1666666666666666
161,161.0,0.1666666666666666,0.1666666666666666,0.1666666666666666,0.1666666666666666,0.1666666666666666,0.1666666666666666
162,162.0,0.1666666666666666,0.1666666666666666,0.1666666666666666,0.1666666666666666,0.1666666666666666,0.1666666666666666
163,163.0,0.1666666666666666,0.1666666666666666,0.1666666666666666,0.1666666666666666,0.1666666666666666,0.1666666666666666
164,164.0,0.1666666666666666,0.1666666666666666,0.1666666666666666,0.1666666666666666,0.1666666666666666,0.1666666666666666
165,165.0,0.1666666666666666,0.1666666666666666,0.1666666666666666,0.1666666666666666,0.1666666666666666,0.1666666666666666
166,166.0,0.1666666666666666,0.1666666666666666,0.1666666666666666,0.1666666666666666,0.1666666666666666,0.1666666666666666
167,167.0,0.1666666666666666,0.1666666666666666,0.1666666666666666,0.1666666666666666,0.1666666666666666,0.1666666666666666
168,168.0,0.1666666666666666,0.1666666666666666,0.1666666666666666,0.1666666666666666,0.1666666666666666,0.1666666666666666
169,169.0,0.1666666666666666,0.1666666666666666,0.1666666666666666,0.1666666666666666,0.1666666666666666,0.1666666666666666
170,170.0,0.1666666666666666,0.1666666666666666,0.1666666666666666,0.1666666666666666,0.1666666666666666,0.1666666666666666
171,171.0,0.1666666666666666,0.1666666666666666,0.1666666666666666,0.1666666666666666,0.1666666666666666,0.1666666666666666
172,172.0,0.1666666666666666,0.1666666666666666,0.1666666666666666,0.1666666666666666,0.1666666666666666,0.1666666666666666
173,173.0,0.1666666666666666,0.1666666666666666,0.1666666666666666,0.1666666666666666,0.1666666666666666,0.1666666666666666
174,174.0,0.1666666666666666,0.1666666666666666,0.1666666666666666,0.1666666666666666,0.1666666666666666,0.1666666666666666
175,175.0,0.1666666666666666,0.1666666666666666,0.1666666666666666,0.1666666666666666,0.1666666666666666,0.1666666666666666
176,176.0,0.1666666666666666,0.1666666666666666,0.1666666666666666,0.1666666666666666,0.1666666666666666,0.1666666666666666
177,177.0,0.1666666666666666,0.1666666666666666,0.1666666666666666,0.1666666666666666,0.1666666666666666,0.1666666666666666
178,178.0,0.1666666666666666,0.1666666666666666,0.1666666666666666,0.1666666666666666,0.1666666666666666,0.1666666666666666
179,179.0,0.1666666666666666,0.1666666666666666,0.1666666666666666,0.1666666666666666,0.1666666666666666,0.1666666666666666
180,180.0,0.1666666666666666,0.1666666666666666,0.1666666666666666,0.1666666666666666,0.1666666666666666,0.1666666666666666
181,181.0,0.1666666666666666,0.1666666666666666,0.1666666666666666,0.1666666666666666,0.1666666666666666,0.1666666666666666
182,182.0,0.1666666666666666,0.1666666666666666,0.1666666666666666,0.1666666666666666,0.1666666666666666,0.1666666666666666
183,183.0,0.1666666666666666,0.1666666666666666,0.1666666666666666,0.1666666666666666,0.1666666666666666,0.1666666666666666
184,184.0,0.1666666666666666,0.1666666666666666,0.1666666666666666,0.1666666666666666,0.1666666666666666,0.1666666666666666
185,185.0,0.1666666666666666,0.1666666666666666,0.1666666666666666,0.1666666666666666,0.1666666666666666,0.1666666666666666
186,186.0,0.1666666666666666,0.1666666666666666,0.1666666666666666,0.1666666666666666,0.1666666666666666,0.1666666666666666
187,187.0,0.1666666666666666,0.1666666666666666,0.1666666666666666,0.1666666666666666,0.1666666666666666,0.1666666666666666
188,188.0,0.1666666666666666,0.1666666666666666,0.1666666666666666,0.1666666666666666,0.1666666666666666,0.1666666666666666
189,189.0,0.1666666666666666,0.1666666666666666,0.1666666666666666,0.1666666666666666,0.1666666666666666,0.1666666666666666
190,190.0,0.1666666666666666,0.1666666666666666,0.1666666666666666,0.1666666666666666,0.1666666666666666,0.1666666666666666
191,191.0,0.1666666666666666,0.1666666666666666,0.1666666666666666,0.1666666666666666,0.1666666666666666,0.1666666666666666
192,192.0,0.1666666666666666,0.1666666666666666,0.1666666666666666,0.1666666666666666,0.1666666666666666,0.1666666666666666
193,193.0,0.1666666666666666,0.1666666666666666,0.1666666666666666,0.1666666666666666,0.1666666666666666,0.1666666666666666
194,194.0,0.1666666666666666,0.1666666666666666,0.1666666666666666,0.1666666666666666,0.1666666666666666,0.1666666666666666
195,195.0,0.1666666666666666,0.1666666666666666,0.1666666666666666,0.1666666666666666,0.1666666666666666,0.1666666666666666
196,196.0,0.1666666666666666,0.1666666666666666,0.1666666666666666,0.1666666666666666,0.1666666666666666,0.1666666666666666
197,197.0,0.1666666666666666,0.1666666666666666,0.1666666666666666,0.1666666666666666,0.1666666666666666,0.1666666666666666
198,198.0,0.1666504854368932,0.1666504854368932,0.1666504854368932,0.1666504854368932,0.1666504854368932,0.166747572815534
199,199.0,0.1666344660194175,0.1666344660194175,0.1666344660194175,0.1666344660194175,0.1666344660194175,0.1668276699029126
200,200.0,0.1663806571890892,0.1663806571890892,0.1678092286176606,0.1663806571890892,0.1663806571890892,0.1666681426259825
201,201.0,0.1661296616897827,0.1661296616897827,0.1689725188326399,0.1661296616897827,0.1661296616897827,0.1665088344082294
202,202.0,0.1656456129052936,0.167074184333865,0.1698757557624364,0.1656456129052936,0.1656456129052936,0.1661132211878179
203,203.0,0.1652036252462092,0.1680464823890663,0.1707828809604949,0.1652036252462092,0.165005605444229,0.1657577807137915
204,204.0,0.1647744978846352,0.1690046407417781,0.1716550197560638,0.1647744978846352,0.1643804384786946,0.165410905254193
205,205.0,0.1643612360644365,0.1699404917787222,0.1724869494014364,0.1643612360644365,0.1637748796287929,0.1650752070621756
206,206.0,0.1639663858496773,0.1708469077211059,0.1732743715151787,0.1639663858496773,0.1631930236714595,0.1647529253929013
207,207.0,0.16341348315339,0.17153919649039,0.1736567197721734,0.16341348315339,0.1624597474484395,0.1655173699822171
208,208.0,0.1628845765364046,0.1721925622019059,0.1739921066469539,0.1628845765364046,0.1617582400342462,0.1662879380440851
209,209.0,0.1623825554569606,0.1728043635043153,0.1742818744089937,0.1623825554569606,0.1610923396221386,0.1670563115506315
210,210.0,0.1617417347704181,0.1719780707972734,0.1759902621208581,0.1618427448714282,0.1604951475163294,0.167952039923693
211,211.0,0.1608955225277695,0.1708827723961086,0.1788324827549018,0.1610965326287796,0.1597006668688815,0.1685920228235592
212,212.0,0.1609800628641946,0.1694134647113878,0.1821310165268521,0.1600291638742956,0.1585937141975762,0.1688525778256939
213,213.0,0.1620700859120726,0.1678047814308536,0.1849084372613894,0.1588659676292444,0.1573991459140519,0.1689515818523884
214,214.0,0.1631791431697795,0.1662117469468924,0.1875640820549096,0.1577531586051331,0.1562626692623658,0.1690291999609199
215,215.0,0.1640152002397149,0.164695443896404,0.1906997336697407,0.1565320534428361,0.1551260772195882,0.1689314915317163
216,216.0,0.1646982961147416,0.1629638915769979,0.1934262120843786,0.1551197847768226,0.1538039301233747,0.1699878853236849
217,217.0,0.1651901109107483,0.161196703969353,0.1965323740119622,0.1536874656901813,0.1524658789960878,0.1709274664216676
218,218.0,0.1653273029297129,0.1605088394220928,0.1993987565814881,0.1520951473595643,0.151073710479336,0.1715962432278061
219,219.0,0.1652724603200188,0.1597099585603655,0.2029671024744955,0.1504104671783898,0.1495896887777928,0.1720503226889377
220,220.0,0.1652060492563431,0.1589798661099495,0.2077565318997062,0.1488202224192395,0.1481985537126673,0.1710387766020946
221,221.0,0.1660786641434942,0.1594697778050114,0.2099141417767472,0.147370554527185,0.1469446105106512,0.1702222512369111
222,222.0,0.167656002355844,0.1595170798283385,0.2123667832719105,0.1457761882087229,0.1455409651317397,0.1691429812034444
223,223.0,0.1690232467501778,0.1594369886982997,0.2156568553798608,0.1441139655411074,0.1440630528188399,0.1677058908117146
224,224.0,0.17011865057027,0.1601941629676502,0.2189711053716308,0.142338210691846,0.1424639956943959,0.1659138747042071
225,225.0,0.1687330415752976,0.1617122191317336,0.2231343124697593,0.1416200509513303,0.1409183494327562,0.1638820264391232
226,226.0,0.1673173755343947,0.1632462378665301,0.2270288251510565,0.1410192298983663,0.1394905602141384,0.161897771335514
227,227.0,0.1658888148125636,0.1647792827276203,0.2306425677303925,0.1405300218747287,0.1381831202264266,0.1599761926282683
228,228.0,0.1644757909601037,0.1662084628697529,0.2339861801194257,0.1402723848666972,0.137015769273663,0.1580414119103574
229,229.0,0.1630793097011129,0.1676087649690123,0.2370364089187661,0.1401121336547131,0.1359693416673503,0.1561940410890451
230,230.0,0.1618227926999454,0.1670801849198045,0.2411254235327228,0.1401522432824025,0.1351533204600177,0.154666035105107
231,231.0,0.1587159198119416,0.1667431189596903,0.2462417885670279,0.1403833876806324,0.1345639363349515,0.1533518486457562
232,232.0,0.1553851128149827,0.1660921037996791,0.2515911291388274,0.1413944693886837,0.1337947368854933,0.1517424479723337
233,233.0,0.152146787475648,0.1645166678879841,0.2575021737691733,0.1424580981442083,0.1331321099242911,0.1502441627986953
234,234.0,0.1488762646375158,0.1629297181739088,0.2634788700407197,0.1433165286522284,0.1325548892705799,0.1488437292250474
235,235.0,0.1456515930075855,0.160158379505659,0.2698086913464112,0.1449266380320946,0.1319848190906349,0.1474698790176148
236,236.0,0.1425064947873968,0.1573548647713953,0.2762506027273522,0.1463153391210054,0.1314329456449396,0.1461397529479108
237,237.0,0.1401468645505784,0.1553726877973228,0.2816584632416954,0.1473213053175867,0.1308161381576961,0.1446845409351206
238,238.0,0.1377152043486139,0.1532003024779289,0.2856647995041574,0.148643296569652,0.1300917634026369,0.1446846336970109
239,239.0,0.1353084683454722,0.1509461358186221,0.2895641727717739,0.1502840262566679,0.1293414249176973,0.1445557718897666
240,240.0,0.1330366930197639,0.1486892592683384,0.2935178460509136,0.1517721363151923,0.1286208268563191,0.1443632384894727
241,241.0,0.1309585506064534,0.1465514136805794,0.2970357976625779,0.1532069087063901,0.1279836517062105,0.1442636776377886
242,242.0,0.129075459238434,0.1445420744149703,0.3001264202573978,0.1545793294730821,0.1274279289277457,0.1442487876883702
243,243.0,0.1276767880149,0.1429658535293213,0.3017609144704833,0.1563697550578975,0.127193494753969,0.1440331941734289
244,244.0,0.1262170426725993,0.1412775690268607,0.3031440005233295,0.1578294197841147,0.1267823828479678,0.1447495851451281
245,245.0,0.1247355788704824,0.1395715799555641,0.303395754605198,0.1588525967411251,0.1271917328523851,0.1462527569752454
246,246.0,0.1239010064691753,0.1378921495634608,0.3028050391256146,0.1595028977414741,0.1283002319159618,0.1475986751843133
247,247.0,0.1232376638707922,0.1363590981047345,0.3029222354682477,0.1600667891890061,0.1294507437785099,0.1479634695887097
248,248.0,0.1227350615210242,0.1349731182006347,0.3027753804874492,0.1605472731245275,0.1306275620415067,0.1483416046248577
249,249.0,0.1224162423275987,0.1336841200704973,0.3033885599865825,0.1610653097023084,0.1317670454580349,0.1476787224549783
250,250.0,0.1228527585910579,0.1323312803667123,0.3027072902378146,0.1617562814741633,0.132697517527061,0.1476548718031911
251,251.0,0.1233449272207944,0.1310579090795798,0.3014513952969896,0.1623068826388635,0.1335539720985424,0.1482849136652305
252,252.0,0.1241066202682421,0.1300931520546647,0.2997037171455421,0.1629500032198366,0.133892938684211,0.1492535686275037
253,253.0,0.1249532683611554,0.1292657954359945,0.2978309108860488,0.1635199600696455,0.1342127764167914,0.1502172888303646
254,254.0,0.1257576153964116,0.1285336080432491,0.2963053938624973,0.1637977817576144,0.1344754350983843,0.1511301658418434
255,255.0,0.127433294533488,0.1278365739721485,0.2944379062252725,0.1639175239039034,0.1345352761007484,0.1518394252644394
256,256.0,0.1292041546985707,0.1273240689771599,0.2929754924062863,0.1640397177871381,0.1346397217095219,0.1518168444213233
257,257.0,0.130076185970425,0.1269250728929298,0.2923975139171494,0.1641052039870995,0.1347255747002839,0.1517704485321127
258,258.0,0.1308729751680795,0.1265564672134669,0.2915000948885564,0.1648765741676909,0.1346423206534126,0.1515515679087939
259,259.0,0.1310309472938464,0.1265648585510488,0.2892079919485769,0.1667805767340939,0.1348218442272816,0.1515937812451526
260,260.0,0.1320349278885331,0.1265504184726681,0.288159084713828,0.1677063624582233,0.1340406942728177,0.15150851219393
261,261.0,0.1338501233150302,0.1263737408641652,0.2874067480298099,0.1682550463413811,0.1330109159858591,0.1511034254637546
262,262.0,0.1355764359600676,0.1262162777930989,0.2863560460104876,0.1686250605200416,0.1319311315209866,0.1512950481953178
263,263.0,0.1372549415247914,0.1261271329858869,0.2853440255062881,0.168929472921769,0.1308665898900907,0.1514778371711741
264,264.0,0.1394291912171412,0.1265368740007237,0.2842182084120108,0.1674654503938901,0.1302629201625908,0.1520873558136435
265,265.0,0.1411112014607643,0.12685976881351,0.2830052008115747,0.1658213020514698,0.1295483258136762,0.1536542010490052
266,266.0,0.1427083760980971,0.127226273096323,0.2818508518315998,0.1641564819593864,0.1288660452489775,0.1551919717656163
267,267.0,0.1440850218151902,0.1275642582952294,0.2811454544844553,0.1624256029294246,0.1281555673316175,0.1566240951440832
268,268.0,0.1458842901817618,0.1284503692938036,0.278816702045864,0.1603206615637536,0.1280039894032088,0.1585239875116084
269,269.0,0.1475783937816658,0.1293533999345606,0.2765696980688371,0.1582507628602504,0.1278894047766079,0.1603583405780784
270,270.0,0.14916090805557,0.1302626279468746,0.2744187377469882,0.1562331015397334,0.1278092599679,0.162115364742934
271,271.0,0.1506271667933353,0.1311683413134666,0.2723757263180182,0.154282630477109,0.1277609124433828,0.1637852226546882
272,272.0,0.1519741329611979,0.1320618343652431,0.2704502990069289,0.1524121353572142,0.1277416659498826,0.1653599323595334
273,273.0,0.1532002661544695,0.1329353942031677,0.268649951675043,0.1506323235369751,0.1277488028492325,0.1668332615811122
274,274.0,0.1543053883386765,0.1337822785502464,0.2655516083691877,0.1503804962331998,0.1277796134331542,0.1682006150755354
275,275.0,0.1552905493928832,0.1345966861120931,0.2626017664055328,0.1502206589815655,0.1278314222273511,0.1694589168805743
276,276.0,0.1561578938195476,0.1353737204916124,0.2598150740694946,0.1501452111493744,0.1279016113228538,0.170606489147117
277,277.0,0.1569105298371573,0.1361093486632419,0.2572030833216721,0.1501464682730041,0.1279876407985767,0.1716429291063477
278,278.0,0.1575524019264417,0.1368003549660543,0.2547744439107218,0.1502167472856362,0.1280870663217405,0.1725689855894052
279,279.0,0.1580881677593405,0.1374442915239032,0.2525351070970659,0.1503484432082442,0.1281975540323696,0.1733864363790763
280,280.0,0.1585230803031632,0.1380394259457064,0.2504885359891117,0.1505340973906044,0.1283168928346111,0.174097967536803
281,281.0,0.1588628757613792,0.1400132585294219,0.247207348298797,0.1507664574649179,0.1284430042312813,0.1747070557142023
282,282.0,0.1591136678879671,0.141922466847307,0.2441335318469754,0.1510385292412464,0.1285739498489706,0.1752178543275331
283,283.0,0.1592818490948236,0.143754421242766,0.2412770876743158,0.1513436208316249,0.1287079368094003,0.1756350843470689
284,284.0,0.1593739986618536,0.1454985275640868,0.2386448429946285,0.1516753793387448,0.1288433211086921,0.1759639303319939
285,285.0,0.1593967982573692,0.14714612955547,0.2362407003054132,0.1520278204858607,0.1289786091699667,0.1762099422259198
286,286.0,0.1600162955419075,0.150009082948677,0.2324175391861632,0.1522854614876117,0.1297717983957539,0.1754998224398865
287,287.0,0.1601565525136474,0.1521551717875419,0.2284223429079243,0.1535660118093226,0.1313890935172712,0.1743108274642922
288,288.0,0.1602390906341515,0.1541703359248246,0.2246872669493778,0.1548436607300662,0.1329819109937305,0.1730777347678491
289,289.0,0.1602688564073383,0.1560475161893105,0.2212236500381398,0.1561059219007315,0.1345367704148729,0.1718172850496065
290,290.0,0.1600722579816362,0.157603167737063,0.2191104110100205,0.1569845686274772,0.1358633475634474,0.1703662470803553
291,291.0,0.1596957231580166,0.1588757123211033,0.2169915809749258,0.1575528266810782,0.1369930302920503,0.1698911265728254
292,292.0,0.1592860109245074,0.1600057351919623,0.215138907333904,0.1580860523483133,0.1380592112153927,0.16942408298592
293,293.0,0.1587394250333214,0.1608850771811383,0.214322078961736,0.1583601943889243,0.1389464675936562,0.1687467568412234
294,294.0,0.1580842096182293,0.1615391038659988,0.2143820432516216,0.1584166015633494,0.139672910226657,0.1679051314741436
295,295.0,0.157343840391833,0.1619898671161874,0.2143547637186991,0.1582886044985841,0.140253416668652,0.1677695076060442
296,296.0,0.1565383156816063,0.1622572648967485,0.2150347853261262,0.1580040820973536,0.1407008547284009,0.1674646972697641
297,297.0,0.1556849535357817,0.1623597070295867,0.2163225997218158,0.1575870266228113,0.1410268041162782,0.167018908973726
298,298.0,0.1549774742497802,0.1612430675885487,0.2197370403254755,0.1572370963692683,0.1401705571359952,0.1666347643309319
299,299.0,0.1542905071876223,0.1600475639825754,0.223242014395986,0.1568760781171599,0.1392660387513136,0.1662777975653426
300,300.0,0.1534502993689738,0.1586144662356487,0.228352942655481,0.1556634527536257,0.1381485498579486,0.165770289128322
301,301.0,0.1526412912333846,0.1571425790250474,0.2334545489738955,0.154457221529158,0.1370112766814166,0.1652930825570977
302,302.0,0.1518684528939046,0.155650500169245,0.2384967494821535,0.1532688073420948,0.1358675703817996,0.1648479197308024
303,303.0,0.1511358957543177,0.1541551696213196,0.2434350627561881,0.1521083126305662,0.1347295113344021,0.1644360479032061
304,304.0,0.1504469172660305,0.1533385325226294,0.2475638277200146,0.1509845503941341,0.1336079154044763,0.1640582566927149
305,305.0,0.1498040493487958,0.1525408858992379,0.2515227115550156,0.1499050850076531,0.1325123522395743,0.1637149159497232
306,306.0,0.1490285540691252,0.1521710849476269,0.2556918913135013,0.1486957258844374,0.131270618639287,0.163142125146022
307,307.0,0.1481928380049479,0.1517164319990233,0.260201701161094,0.1474329448782815,0.1299611378720449,0.1624949460846083
308,308.0,0.1480346570187329,0.151913335405989,0.263498954016381,0.1461438028966319,0.1293271560855924,0.1610820945766725
309,309.0,0.1478510428757497,0.1520578739621009,0.2669273443054515,0.1448498880629151,0.1286706666629186,0.159643184130864
310,310.0,0.1476504542871841,0.1521579180209625,0.2704190781116399,0.1435686960647542,0.1280045645159516,0.1581992889995075
311,311.0,0.1474393418362273,0.1522196638444575,0.2739191674814364,0.1423145137913225,0.1273392191913376,0.1567680938552185
312,312.0,0.1472227005354595,0.1522481552997191,0.2773826184556248,0.1410990135947128,0.126683039961919,0.1553644721525646
313,313.0,0.1470044401590599,0.1522476233852085,0.2807725079830714,0.1399316727453997,0.1260428624866609,0.1540008932405994
314,314.0,0.1468244052183557,0.152258475757048,0.2838747933131761,0.1388568487171464,0.1254609883648998,0.1527244886293737
315,315.0,0.1466805735191844,0.1522794654628843,0.2866872120123721,0.1378760380681296,0.1249374060025036,0.1515393049349258
316,316.0,0.1466124297210512,0.1523510355389259,0.2883356265567581,0.1370313142335825,0.1251798553804932,0.150489738569189
317,317.0,0.1465755864718334,0.1524299122473918,0.2897074532163713,0.1362800157704035,0.1254718088310501,0.1495352234629496
318,318.0,0.1465672821491319,0.1525145761579551,0.290816632513093,0.1356203131260877,0.1258053964124119,0.1486757996413202
319,319.0,0.1465847459035218,0.1526036019113003,0.291678337390245,0.1350496437451918,0.1261731188356846,0.1479105522140562
320,320.0,0.1466252262897503,0.1526956630656159,0.2923086982410128,0.1345648109951829,0.1265678853924443,0.1472377160159936
321,321.0,0.1466860168407711,0.1527895354692615,0.2927245458595271,0.1341620795404723,0.1269830440037748,0.1466547782861929
322,322.0,0.1467644786345949,0.1528840992732678,0.2929431730928281,0.1338372665660774,0.1274124038781056,0.146158578555126
