,Unnamed: 0,Total_iterations,Intertwine_two,Add_vertex,Delete_vertex,Invert_path_vertices,Insert_inside_vertex,Delete_inside_vertex
0,0.0,0.0,0.16666666666666657,0.16666666666666657,0.16666666666666657,0.16666666666666657,0.16666666666666657,0.16666666666666657
1,1.0,1.0,0.16666666666666657,0.16666666666666657,0.16666666666666657,0.16666666666666657,0.16666666666666657,0.16666666666666657
2,2.0,2.0,0.16666666666666657,0.16666666666666657,0.16666666666666657,0.16666666666666657,0.16666666666666657,0.16666666666666657
3,3.0,3.0,0.16666666666666657,0.16666666666666657,0.16666666666666657,0.16666666666666657,0.16666666666666657,0.16666666666666657
4,4.0,4.0,0.16666666666666657,0.16666666666666657,0.16666666666666657,0.16666666666666657,0.16666666666666657,0.16666666666666657
5,5.0,5.0,0.16666666666666657,0.16666666666666657,0.16666666666666657,0.16666666666666657,0.16666666666666657,0.16666666666666657
6,6.0,6.0,0.16666666666666657,0.16666666666666657,0.16666666666666657,0.16666666666666657,0.16666666666666657,0.16666666666666657
7,7.0,7.0,0.16666666666666657,0.16666666666666657,0.16666666666666657,0.16666666666666657,0.16666666666666657,0.16666666666666657
8,8.0,8.0,0.16666666666666657,0.16666666666666657,0.16666666666666657,0.16666666666666657,0.16666666666666657,0.16666666666666657
9,9.0,9.0,0.16666666666666657,0.16666666666666657,0.16666666666666657,0.16666666666666657,0.16666666666666657,0.16666666666666657
10,10.0,10.0,0.16666666666666657,0.16666666666666657,0.16666666666666657,0.16666666666666657,0.16666666666666657,0.16666666666666657
11,11.0,11.0,0.16666666666666657,0.16666666666666657,0.16666666666666657,0.16666666666666657,0.16666666666666657,0.16666666666666657
12,12.0,12.0,0.16666666666666657,0.16666666666666657,0.16666666666666657,0.16666666666666657,0.16666666666666657,0.16666666666666657
13,13.0,13.0,0.16666666666666657,0.16666666666666657,0.16666666666666657,0.16666666666666657,0.16666666666666657,0.16666666666666657
14,14.0,14.0,0.16666666666666657,0.16666666666666657,0.16666666666666657,0.16666666666666657,0.16666666666666657,0.16666666666666657
15,15.0,15.0,0.16666666666666657,0.16666666666666657,0.16666666666666657,0.16666666666666657,0.16666666666666657,0.16666666666666657
16,16.0,16.0,0.16666666666666657,0.16666666666666657,0.16666666666666657,0.16666666666666657,0.16666666666666657,0.16666666666666657
17,17.0,17.0,0.16666666666666657,0.16666666666666657,0.16666666666666657,0.16666666666666657,0.16666666666666657,0.16666666666666657
18,18.0,18.0,0.16666666666666657,0.16666666666666657,0.16666666666666657,0.16666666666666657,0.16666666666666657,0.16666666666666657
19,19.0,19.0,0.16666666666666657,0.16666666666666657,0.16666666666666657,0.16666666666666657,0.16666666666666657,0.16666666666666657
20,20.0,20.0,0.16666666666666657,0.16666666666666657,0.16666666666666657,0.16666666666666657,0.16666666666666657,0.16666666666666657
21,21.0,21.0,0.16666666666666657,0.16666666666666657,0.16666666666666657,0.16666666666666657,0.16666666666666657,0.16666666666666657
22,22.0,22.0,0.16666666666666657,0.16666666666666657,0.16666666666666657,0.16666666666666657,0.16666666666666657,0.16666666666666657
23,23.0,23.0,0.16666666666666657,0.16666666666666657,0.16666666666666657,0.16666666666666657,0.16666666666666657,0.16666666666666657
24,24.0,24.0,0.16666666666666657,0.16666666666666657,0.16666666666666657,0.16666666666666657,0.16666666666666657,0.16666666666666657
25,25.0,25.0,0.16666666666666657,0.16666666666666657,0.16666666666666657,0.16666666666666657,0.16666666666666657,0.16666666666666657
26,26.0,26.0,0.16666666666666657,0.16666666666666657,0.16666666666666657,0.16666666666666657,0.16666666666666657,0.16666666666666657
27,27.0,27.0,0.16666666666666657,0.16666666666666657,0.16666666666666657,0.16666666666666657,0.16666666666666657,0.16666666666666657
28,28.0,28.0,0.16666666666666657,0.16666666666666657,0.16666666666666657,0.16666666666666657,0.16666666666666657,0.16666666666666657
29,29.0,29.0,0.16666666666666657,0.16666666666666657,0.16666666666666657,0.16666666666666657,0.16666666666666657,0.16666666666666657
30,30.0,30.0,0.16666666666666657,0.16666666666666657,0.16666666666666657,0.16666666666666657,0.16666666666666657,0.16666666666666657
31,31.0,31.0,0.16666666666666657,0.16666666666666657,0.16666666666666657,0.16666666666666657,0.16666666666666657,0.16666666666666657
32,32.0,32.0,0.16666666666666657,0.16666666666666657,0.16666666666666657,0.16666666666666657,0.16666666666666657,0.16666666666666657
33,33.0,33.0,0.16666666666666657,0.16666666666666657,0.16666666666666657,0.16666666666666657,0.16666666666666657,0.16666666666666657
34,34.0,34.0,0.16666666666666657,0.16666666666666657,0.16666666666666657,0.16666666666666657,0.16666666666666657,0.16666666666666657
35,35.0,35.0,0.16666666666666657,0.16666666666666657,0.16666666666666657,0.16666666666666657,0.16666666666666657,0.16666666666666657
36,36.0,36.0,0.16666666666666657,0.16666666666666657,0.16666666666666657,0.16666666666666657,0.16666666666666657,0.16666666666666657
37,37.0,37.0,0.16666666666666657,0.16666666666666657,0.16666666666666657,0.16666666666666657,0.16666666666666657,0.16666666666666657
38,38.0,38.0,0.16666666666666657,0.16666666666666657,0.16666666666666657,0.16666666666666657,0.16666666666666657,0.16666666666666657
39,39.0,39.0,0.16666666666666657,0.16666666666666657,0.16666666666666657,0.16666666666666657,0.16666666666666657,0.16666666666666657
40,40.0,40.0,0.16666666666666657,0.16666666666666657,0.16666666666666657,0.16666666666666657,0.16666666666666657,0.16666666666666657
41,41.0,41.0,0.16666666666666657,0.16666666666666657,0.16666666666666657,0.16666666666666657,0.16666666666666657,0.16666666666666657
42,42.0,42.0,0.16666666666666657,0.16666666666666657,0.16666666666666657,0.16666666666666657,0.16666666666666657,0.16666666666666657
43,43.0,43.0,0.16666666666666657,0.16666666666666657,0.16666666666666657,0.16666666666666657,0.16666666666666657,0.16666666666666657
44,44.0,44.0,0.16666666666666657,0.16666666666666657,0.16666666666666657,0.16666666666666657,0.16666666666666657,0.16666666666666657
45,45.0,45.0,0.16666666666666657,0.16666666666666657,0.16666666666666657,0.16666666666666657,0.16666666666666657,0.16666666666666657
46,46.0,46.0,0.16666666666666657,0.16666666666666657,0.16666666666666657,0.16666666666666657,0.16666666666666657,0.16666666666666657
47,47.0,47.0,0.16666666666666657,0.16666666666666657,0.16666666666666657,0.16666666666666657,0.16666666666666657,0.16666666666666657
48,48.0,48.0,0.16666666666666657,0.16666666666666657,0.16666666666666657,0.16666666666666657,0.16666666666666657,0.16666666666666657
49,49.0,49.0,0.16666666666666657,0.16666666666666657,0.16666666666666657,0.16666666666666657,0.16666666666666657,0.16666666666666657
50,50.0,50.0,0.16666666666666657,0.16666666666666657,0.16666666666666657,0.16666666666666657,0.16666666666666657,0.16666666666666657
51,51.0,51.0,0.16666666666666657,0.16666666666666657,0.16666666666666657,0.16666666666666657,0.16666666666666657,0.16666666666666657
52,52.0,52.0,0.16666666666666657,0.16666666666666657,0.16666666666666657,0.16666666666666657,0.16666666666666657,0.16666666666666657
53,53.0,53.0,0.16666666666666657,0.16666666666666657,0.16666666666666657,0.16666666666666657,0.16666666666666657,0.16666666666666657
54,54.0,54.0,0.16666666666666657,0.16666666666666657,0.16666666666666657,0.16666666666666657,0.16666666666666657,0.16666666666666657
55,55.0,55.0,0.16666666666666657,0.16666666666666657,0.16666666666666657,0.16666666666666657,0.16666666666666657,0.16666666666666657
56,56.0,56.0,0.16666666666666657,0.16666666666666657,0.16666666666666657,0.16666666666666657,0.16666666666666657,0.16666666666666657
57,57.0,57.0,0.16666666666666657,0.16666666666666657,0.16666666666666657,0.16666666666666657,0.16666666666666657,0.16666666666666657
58,58.0,58.0,0.16666666666666657,0.16666666666666657,0.16666666666666657,0.16666666666666657,0.16666666666666657,0.16666666666666657
59,59.0,59.0,0.16666666666666657,0.16666666666666657,0.16666666666666657,0.16666666666666657,0.16666666666666657,0.16666666666666657
60,60.0,60.0,0.16666666666666657,0.16666666666666657,0.16666666666666657,0.16666666666666657,0.16666666666666657,0.16666666666666657
61,61.0,61.0,0.16666666666666657,0.16666666666666657,0.16666666666666657,0.16666666666666657,0.16666666666666657,0.16666666666666657
62,62.0,62.0,0.16666666666666657,0.16666666666666657,0.16666666666666657,0.16666666666666657,0.16666666666666657,0.16666666666666657
63,63.0,63.0,0.16666666666666657,0.16666666666666657,0.16666666666666657,0.16666666666666657,0.16666666666666657,0.16666666666666657
64,64.0,64.0,0.16666666666666657,0.16666666666666657,0.16666666666666657,0.16666666666666657,0.16666666666666657,0.16666666666666657
65,65.0,65.0,0.16666666666666657,0.16666666666666657,0.16666666666666657,0.16666666666666657,0.16666666666666657,0.16666666666666657
66,66.0,66.0,0.16666666666666657,0.16666666666666657,0.16666666666666657,0.16666666666666657,0.16666666666666657,0.16666666666666657
67,67.0,67.0,0.16666666666666657,0.16666666666666657,0.16666666666666657,0.16666666666666657,0.16666666666666657,0.16666666666666657
68,68.0,68.0,0.16666666666666657,0.16666666666666657,0.16666666666666657,0.16666666666666657,0.16666666666666657,0.16666666666666657
69,69.0,69.0,0.16666666666666657,0.16666666666666657,0.16666666666666657,0.16666666666666657,0.16666666666666657,0.16666666666666657
70,70.0,70.0,0.16666666666666657,0.16666666666666657,0.16666666666666657,0.16666666666666657,0.16666666666666657,0.16666666666666657
71,71.0,71.0,0.16666666666666657,0.16666666666666657,0.16666666666666657,0.16666666666666657,0.16666666666666657,0.16666666666666657
72,72.0,72.0,0.16666666666666657,0.16666666666666657,0.16666666666666657,0.16666666666666657,0.16666666666666657,0.16666666666666657
73,73.0,73.0,0.16666666666666657,0.16666666666666657,0.16666666666666657,0.16666666666666657,0.16666666666666657,0.16666666666666657
74,74.0,74.0,0.16666666666666657,0.16666666666666657,0.16666666666666657,0.16666666666666657,0.16666666666666657,0.16666666666666657
75,75.0,75.0,0.16666666666666657,0.16666666666666657,0.16666666666666657,0.16666666666666657,0.16666666666666657,0.16666666666666657
76,76.0,76.0,0.16666666666666657,0.16666666666666657,0.16666666666666657,0.16666666666666657,0.16666666666666657,0.16666666666666657
77,77.0,77.0,0.16666666666666657,0.16666666666666657,0.16666666666666657,0.16666666666666657,0.16666666666666657,0.16666666666666657
78,78.0,78.0,0.16666666666666657,0.16666666666666657,0.16666666666666657,0.16666666666666657,0.16666666666666657,0.16666666666666657
79,79.0,79.0,0.16666666666666657,0.16666666666666657,0.16666666666666657,0.16666666666666657,0.16666666666666657,0.16666666666666657
80,80.0,80.0,0.16666666666666657,0.16666666666666657,0.16666666666666657,0.16666666666666657,0.16666666666666657,0.16666666666666657
81,81.0,81.0,0.16666666666666657,0.16666666666666657,0.16666666666666657,0.16666666666666657,0.16666666666666657,0.16666666666666657
82,82.0,82.0,0.16666666666666657,0.16666666666666657,0.16666666666666657,0.16666666666666657,0.16666666666666657,0.16666666666666657
83,83.0,83.0,0.16666666666666657,0.16666666666666657,0.16666666666666657,0.16666666666666657,0.16666666666666657,0.16666666666666657
84,84.0,84.0,0.16666666666666657,0.16666666666666657,0.16666666666666657,0.16666666666666657,0.16666666666666657,0.16666666666666657
85,85.0,85.0,0.16666666666666657,0.16666666666666657,0.16666666666666657,0.16666666666666657,0.16666666666666657,0.16666666666666657
86,86.0,86.0,0.16666666666666657,0.16666666666666657,0.16666666666666657,0.16666666666666657,0.16666666666666657,0.16666666666666657
87,87.0,87.0,0.16666666666666657,0.16666666666666657,0.16666666666666657,0.16666666666666657,0.16666666666666657,0.16666666666666657
88,88.0,88.0,0.16666666666666657,0.16666666666666657,0.16666666666666657,0.16666666666666657,0.16666666666666657,0.16666666666666657
89,89.0,89.0,0.16666666666666657,0.16666666666666657,0.16666666666666657,0.16666666666666657,0.16666666666666657,0.16666666666666657
90,90.0,90.1,0.16666666666666657,0.16666666666666657,0.16666666666666657,0.16666666666666657,0.16666666666666657,0.16666666666666657
91,91.0,91.1,0.16666666666666657,0.16666666666666657,0.16666666666666657,0.16666666666666657,0.16666666666666657,0.16666666666666657
92,92.0,92.1,0.16666666666666657,0.16666666666666657,0.16666666666666657,0.16666666666666657,0.16666666666666657,0.16666666666666657
93,93.0,93.2,0.16666666666666657,0.16666666666666657,0.16666666666666657,0.16666666666666657,0.16666666666666657,0.16666666666666657
94,94.0,94.2,0.16666666666666657,0.16666666666666657,0.16666666666666657,0.16666666666666657,0.16666666666666657,0.16666666666666657
95,95.0,95.2,0.16666666666666657,0.16666666666666657,0.16666666666666657,0.16666666666666657,0.16666666666666657,0.16666666666666657
96,96.0,96.2,0.16666666666666657,0.16666666666666657,0.16666666666666657,0.16666666666666657,0.16666666666666657,0.16666666666666657
97,97.0,97.2,0.16666666666666657,0.16666666666666657,0.16666666666666657,0.16666666666666657,0.16666666666666657,0.16666666666666657
98,98.0,98.2,0.16666666666666657,0.16666666666666657,0.16666666666666657,0.16666666666666657,0.16666666666666657,0.16666666666666657
99,99.0,99.2,0.16666666666666657,0.16666666666666657,0.16666666666666657,0.16666666666666657,0.16666666666666657,0.16666666666666657
100,100.0,100.2,0.16666666666666657,0.16666666666666657,0.16666666666666657,0.16666666666666657,0.16666666666666657,0.16666666666666657
101,101.0,101.2,0.16666666666666657,0.16666666666666657,0.16666666666666657,0.16666666666666657,0.16666666666666657,0.16666666666666657
102,102.0,102.2,0.16666666666666657,0.16666666666666657,0.16666666666666657,0.16666666666666657,0.16666666666666657,0.16666666666666657
103,103.0,103.2,0.16666666666666657,0.16666666666666657,0.16666666666666657,0.16666666666666657,0.16666666666666657,0.16666666666666657
104,104.0,104.2,0.16666666666666657,0.16666666666666657,0.16666666666666657,0.16666666666666657,0.16666666666666657,0.16666666666666657
105,105.0,105.2,0.16666666666666657,0.16666666666666657,0.16666666666666657,0.16666666666666657,0.16666666666666657,0.16666666666666657
106,106.0,106.2,0.16666666666666657,0.16666666666666657,0.16666666666666657,0.16666666666666657,0.16666666666666657,0.16666666666666657
107,107.0,107.2,0.16666666666666657,0.16666666666666657,0.16666666666666657,0.16666666666666657,0.16666666666666657,0.16666666666666657
108,108.0,108.2,0.16666666666666657,0.16666666666666657,0.16666666666666657,0.16666666666666657,0.16666666666666657,0.16666666666666657
109,109.0,109.2,0.16666666666666657,0.16666666666666657,0.16666666666666657,0.16666666666666657,0.16666666666666657,0.16666666666666657
110,110.0,110.2,0.16666666666666657,0.16666666666666657,0.16666666666666657,0.16666666666666657,0.16666666666666657,0.16666666666666657
111,111.0,111.2,0.16666666666666657,0.16666666666666657,0.16666666666666657,0.16666666666666657,0.16666666666666657,0.16666666666666657
112,112.0,112.2,0.16666666666666657,0.16666666666666657,0.16666666666666657,0.16666666666666657,0.16666666666666657,0.16666666666666657
113,113.0,113.2,0.16666666666666657,0.16666666666666657,0.16666666666666657,0.16666666666666657,0.16666666666666657,0.16666666666666657
114,114.0,114.2,0.16666666666666657,0.16666666666666657,0.16666666666666657,0.16666666666666657,0.16666666666666657,0.16666666666666657
115,115.0,115.2,0.16666666666666657,0.16666666666666657,0.16666666666666657,0.16666666666666657,0.16666666666666657,0.16666666666666657
116,116.0,116.2,0.16666666666666657,0.16666666666666657,0.16666666666666657,0.16666666666666657,0.16666666666666657,0.16666666666666657
117,117.0,117.2,0.16666666666666657,0.16666666666666657,0.16666666666666657,0.16666666666666657,0.16666666666666657,0.16666666666666657
118,118.0,118.2,0.16666666666666657,0.16666666666666657,0.16666666666666657,0.16666666666666657,0.16666666666666657,0.16666666666666657
119,119.0,119.2,0.16666666666666657,0.16666666666666657,0.16666666666666657,0.16666666666666657,0.16666666666666657,0.16666666666666657
120,120.0,120.2,0.16666666666666657,0.16666666666666657,0.16666666666666657,0.16666666666666657,0.16666666666666657,0.16666666666666657
121,121.0,121.2,0.16666666666666657,0.16666666666666657,0.16666666666666657,0.16666666666666657,0.16666666666666657,0.16666666666666657
122,122.0,122.2,0.16666666666666657,0.16666666666666657,0.16666666666666657,0.16666666666666657,0.16666666666666657,0.16666666666666657
123,123.0,123.2,0.16666666666666657,0.16666666666666657,0.16666666666666657,0.16666666666666657,0.16666666666666657,0.16666666666666657
124,124.0,124.2,0.16666666666666657,0.16666666666666657,0.16666666666666657,0.16666666666666657,0.16666666666666657,0.16666666666666657
125,125.0,125.2,0.16666666666666657,0.16666666666666657,0.16666666666666657,0.16666666666666657,0.16666666666666657,0.16666666666666657
126,126.0,126.2,0.16666666666666657,0.16666666666666657,0.16666666666666657,0.16666666666666657,0.16666666666666657,0.16666666666666657
127,127.0,127.2,0.16666666666666657,0.16666666666666657,0.16666666666666657,0.16666666666666657,0.16666666666666657,0.16666666666666657
128,128.0,128.2,0.16666666666666657,0.16666666666666657,0.16666666666666657,0.16666666666666657,0.16666666666666657,0.16666666666666657
129,129.0,129.2,0.16666666666666657,0.16666666666666657,0.16666666666666657,0.16666666666666657,0.16666666666666657,0.16666666666666657
130,130.0,130.2,0.16666666666666657,0.16666666666666657,0.16666666666666657,0.16666666666666657,0.16666666666666657,0.16666666666666657
131,131.0,131.2,0.16666666666666657,0.16666666666666657,0.16666666666666657,0.16666666666666657,0.16666666666666657,0.16666666666666657
132,132.0,132.2,0.16666666666666657,0.16666666666666657,0.16666666666666657,0.16666666666666657,0.16666666666666657,0.16666666666666657
133,133.0,133.2,0.16666666666666657,0.16666666666666657,0.16666666666666657,0.16666666666666657,0.16666666666666657,0.16666666666666657
134,134.0,134.2,0.16666666666666657,0.16666666666666657,0.16666666666666657,0.16666666666666657,0.16666666666666657,0.16666666666666657
135,135.0,135.2,0.16666666666666657,0.16666666666666657,0.16666666666666657,0.16666666666666657,0.16666666666666657,0.16666666666666657
136,136.0,136.2,0.16666666666666657,0.16666666666666657,0.16666666666666657,0.16666666666666657,0.16666666666666657,0.16666666666666657
137,137.0,137.2,0.16666666666666657,0.16666666666666657,0.16666666666666657,0.16666666666666657,0.16666666666666657,0.16666666666666657
138,138.0,138.2,0.16666666666666657,0.16666666666666657,0.16666666666666657,0.16666666666666657,0.16666666666666657,0.16666666666666657
139,139.0,139.2,0.16666666666666657,0.16666666666666657,0.16666666666666657,0.16666666666666657,0.16666666666666657,0.16666666666666657
140,140.0,140.2,0.16666666666666657,0.16666666666666657,0.16666666666666657,0.16666666666666657,0.16666666666666657,0.16666666666666657
141,141.0,141.2,0.16666666666666657,0.16666666666666657,0.16666666666666657,0.16666666666666657,0.16666666666666657,0.16666666666666657
142,142.0,142.2,0.16666666666666657,0.16666666666666657,0.16666666666666657,0.16666666666666657,0.16666666666666657,0.16666666666666657
143,143.0,143.2,0.16666666666666657,0.16666666666666657,0.16666666666666657,0.16666666666666657,0.16666666666666657,0.16666666666666657
144,144.0,144.2,0.16666666666666657,0.16666666666666657,0.16666666666666657,0.16666666666666657,0.16666666666666657,0.16666666666666657
145,145.0,145.2,0.16666666666666657,0.16666666666666657,0.16666666666666657,0.16666666666666657,0.16666666666666657,0.16666666666666657
146,146.0,146.2,0.16666666666666657,0.16666666666666657,0.16666666666666657,0.16666666666666657,0.16666666666666657,0.16666666666666657
147,147.0,147.2,0.16666666666666657,0.16666666666666657,0.16666666666666657,0.16666666666666657,0.16666666666666657,0.16666666666666657
148,148.0,148.2,0.16666666666666657,0.16666666666666657,0.16666666666666657,0.16666666666666657,0.16666666666666657,0.16666666666666657
149,149.0,149.2,0.16666666666666657,0.16666666666666657,0.16666666666666657,0.16666666666666657,0.16666666666666657,0.16666666666666657
150,150.0,150.2,0.16666666666666657,0.16666666666666657,0.16666666666666657,0.16666666666666657,0.16666666666666657,0.16666666666666657
151,151.0,151.2,0.16666666666666657,0.16666666666666657,0.16666666666666657,0.16666666666666657,0.16666666666666657,0.16666666666666657
152,152.0,152.2,0.16666666666666657,0.16666666666666657,0.16666666666666657,0.16666666666666657,0.16666666666666657,0.16666666666666657
153,153.0,153.2,0.16666666666666657,0.16666666666666657,0.16666666666666657,0.16666666666666657,0.16666666666666657,0.16666666666666657
154,154.0,154.2,0.16666666666666657,0.16666666666666657,0.16666666666666657,0.16666666666666657,0.16666666666666657,0.16666666666666657
155,155.0,155.2,0.16666666666666657,0.16666666666666657,0.16666666666666657,0.16666666666666657,0.16666666666666657,0.16666666666666657
156,156.0,156.2,0.16666666666666657,0.16666666666666657,0.16666666666666657,0.16666666666666657,0.16666666666666657,0.16666666666666657
157,157.0,157.2,0.16666666666666657,0.16666666666666657,0.16666666666666657,0.16666666666666657,0.16666666666666657,0.16666666666666657
158,158.0,158.2,0.16666666666666657,0.16666666666666657,0.16666666666666657,0.16666666666666657,0.16666666666666657,0.16666666666666657
159,159.0,159.2,0.16666666666666657,0.16666666666666657,0.16666666666666657,0.16666666666666657,0.16666666666666657,0.16666666666666657
160,160.0,160.2,0.16666666666666657,0.16666666666666657,0.16666666666666657,0.16666666666666657,0.16666666666666657,0.16666666666666657
161,161.0,161.2,0.16666666666666657,0.16666666666666657,0.16666666666666657,0.16666666666666657,0.16666666666666657,0.16666666666666657
162,162.0,162.2,0.16666666666666657,0.16666666666666657,0.16666666666666657,0.16666666666666657,0.16666666666666657,0.16666666666666657
163,163.0,163.2,0.16666666666666657,0.16666666666666657,0.16666666666666657,0.16666666666666657,0.16666666666666657,0.16666666666666657
164,164.0,164.2,0.16666666666666657,0.16666666666666657,0.16666666666666657,0.16666666666666657,0.16666666666666657,0.16666666666666657
165,165.0,165.2,0.16666666666666657,0.16666666666666657,0.16666666666666657,0.16666666666666657,0.16666666666666657,0.16666666666666657
166,166.0,166.2,0.16666666666666657,0.16666666666666657,0.16666666666666657,0.16666666666666657,0.16666666666666657,0.16666666666666657
167,167.0,167.2,0.16666666666666657,0.16666666666666657,0.16666666666666657,0.16666666666666657,0.16666666666666657,0.16666666666666657
168,168.0,168.2,0.16666666666666657,0.16666666666666657,0.16666666666666657,0.16666666666666657,0.16666666666666657,0.16666666666666657
169,169.0,169.2,0.16666666666666657,0.16666666666666657,0.16666666666666657,0.16666666666666657,0.16666666666666657,0.16666666666666657
170,170.0,170.2,0.16666666666666657,0.16666666666666657,0.16666666666666657,0.16666666666666657,0.16666666666666657,0.16666666666666657
171,171.0,171.2,0.16666666666666657,0.16666666666666657,0.16666666666666657,0.16666666666666657,0.16666666666666657,0.16666666666666657
172,172.0,172.2,0.16666666666666657,0.16666666666666657,0.16666666666666657,0.16666666666666657,0.16666666666666657,0.16666666666666657
173,173.0,173.2,0.16666666666666657,0.16666666666666657,0.16666666666666657,0.16666666666666657,0.16666666666666657,0.16666666666666657
174,174.0,174.2,0.16666666666666657,0.16666666666666657,0.16666666666666657,0.16666666666666657,0.16666666666666657,0.16666666666666657
175,175.0,175.2,0.16666666666666657,0.16666666666666657,0.16666666666666657,0.16666666666666657,0.16666666666666657,0.16666666666666657
176,176.0,176.2,0.16666666666666657,0.16666666666666657,0.16666666666666657,0.16666666666666657,0.16666666666666657,0.16666666666666657
177,177.0,177.2,0.16666666666666657,0.16666666666666657,0.16666666666666657,0.16666666666666657,0.16666666666666657,0.16666666666666657
178,178.0,178.2,0.16666666666666657,0.16666666666666657,0.16666666666666657,0.16666666666666657,0.16666666666666657,0.16666666666666657
179,179.0,179.2,0.16666666666666657,0.16666666666666657,0.16666666666666657,0.16666666666666657,0.16666666666666657,0.16666666666666657
180,180.0,180.2,0.16666666666666657,0.16666666666666657,0.16666666666666657,0.16666666666666657,0.16666666666666657,0.16666666666666657
181,181.0,181.2,0.16666666666666657,0.16666666666666657,0.16666666666666657,0.16666666666666657,0.16666666666666657,0.16666666666666657
182,182.0,182.2,0.16666666666666657,0.16666666666666657,0.16666666666666657,0.16666666666666657,0.16666666666666657,0.16666666666666657
183,183.0,183.2,0.16666666666666657,0.16666666666666657,0.16666666666666657,0.16666666666666657,0.16666666666666657,0.16666666666666657
184,184.0,184.2,0.16666666666666657,0.16666666666666657,0.16666666666666657,0.16666666666666657,0.16666666666666657,0.16666666666666657
185,185.0,185.2,0.16666666666666657,0.16666666666666657,0.16666666666666657,0.16666666666666657,0.16666666666666657,0.16666666666666657
186,186.0,186.2,0.16666666666666657,0.16666666666666657,0.16666666666666657,0.16666666666666657,0.16666666666666657,0.16666666666666657
187,187.0,187.2,0.16666666666666657,0.16666666666666657,0.16666666666666657,0.16666666666666657,0.16666666666666657,0.16666666666666657
188,188.0,188.2,0.16666666666666657,0.16666666666666657,0.16666666666666657,0.16666666666666657,0.16666666666666657,0.16666666666666657
189,189.0,189.2,0.16666666666666657,0.16666666666666657,0.16666666666666657,0.16666666666666657,0.16666666666666657,0.16666666666666657
190,190.0,190.2,0.16666666666666657,0.16666666666666657,0.16666666666666657,0.16666666666666657,0.16666666666666657,0.16666666666666657
191,191.0,191.3,0.16666666666666657,0.16666666666666657,0.16666666666666657,0.16666666666666657,0.16666666666666657,0.16666666666666657
192,192.0,192.3,0.16666666666666657,0.16666666666666657,0.16666666666666657,0.16666666666666657,0.16666666666666657,0.16666666666666657
193,193.0,193.3,0.16666666666666657,0.16666666666666657,0.16666666666666657,0.16666666666666657,0.16666666666666657,0.16666666666666657
194,194.0,194.3,0.16666666666666657,0.16666666666666657,0.16666666666666657,0.16666666666666657,0.16666666666666657,0.16666666666666657
195,195.0,195.3,0.16666666666666657,0.16666666666666657,0.16666666666666657,0.16666666666666657,0.16666666666666657,0.16666666666666657
196,196.0,196.3,0.16666666666666657,0.16666666666666657,0.16666666666666657,0.16666666666666657,0.16666666666666657,0.16666666666666657
197,197.0,197.3,0.16666666666666657,0.16666666666666657,0.16666666666666657,0.16666666666666657,0.16666666666666657,0.16666666666666657
198,198.0,198.3,0.16666666666666657,0.16666666666666657,0.16666666666666657,0.16666666666666657,0.16666666666666657,0.16666666666666657
199,199.0,199.3,0.1623381877022653,0.1873381877022653,0.1623381877022653,0.1623381877022653,0.1623381877022653,0.16330906148867305
200,200.0,200.3,0.15421245421245416,0.19075091575091568,0.1657509157509157,0.1532509157509157,0.16753663003662997,0.16849816849816843
201,201.0,201.3,0.151037851037851,0.19590964590964582,0.16257631257631253,0.1625763125763125,0.16436202686202678,0.16353785103785096
202,202.0,202.3,0.14925213675213672,0.1931623931623931,0.1617521367521367,0.16079059829059825,0.16079059829059825,0.1742521367521367
203,203.0,203.3,0.14769841269841266,0.2027380952380952,0.1611507936507936,0.1578571428571428,0.15924603174603172,0.17130952380952374
204,204.0,204.3,0.14269841269841266,0.19190476190476186,0.1658730158730158,0.1617460317460317,0.16396825396825393,0.17380952380952375
205,205.0,205.3,0.13809523809523805,0.19523809523809518,0.18333333333333326,0.15809523809523804,0.15714285714285708,0.16809523809523805
206,206.0,206.3,0.1343296169239565,0.18786306460834756,0.19758004574042304,0.1543296169239565,0.16247712978845047,0.16342052601486556
207,207.0,207.3,0.13126687435098644,0.1901298026998961,0.19702492211838,0.15220145379023878,0.16977673935617854,0.15960020768431976
208,208.0,208.3,0.1306258487099608,0.18884775141784482,0.20087107596453385,0.15156042814921314,0.1691357137151529,0.15895918204329412
209,209.0,209.3,0.12943537251948461,0.19130145036687088,0.19638389647735435,0.15036995195873695,0.16730421188365108,0.16520511679390176
210,210.0,210.3,0.12789432789432784,0.19750064750064744,0.19863506863506858,0.14792799792799788,0.16577182077182073,0.16227013727013723
211,211.0,211.3,0.12672008547008543,0.2027279202279202,0.2007941595441595,0.14523860398860394,0.1645975783475783,0.15992165242165238
212,212.0,212.3,0.1256500826630346,0.2116022066318882,0.19676599079998963,0.14415161171502236,0.16298661972434228,0.15884348846572263
213,213.0,213.3,0.12502376708259058,0.21481877599524654,0.19703208556149726,0.14350861556743905,0.1618924539512774,0.15772430184194886
214,214.0,214.3,0.12487634693517043,0.21470411588058647,0.19686009538950708,0.1433448154036389,0.16175322381204726,0.1584614025790496
215,215.0,215.3,0.12327970827970822,0.21356499356499353,0.22360145860145852,0.1417481767481767,0.1512676962676962,0.1465379665379665
216,216.0,216.3,0.12327970827970822,0.21356499356499353,0.22360145860145852,0.1417481767481767,0.1512676962676962,0.1465379665379665
217,217.0,217.3,0.12038288288288283,0.20955705705705702,0.21780780780780776,0.13885135135135132,0.14725975975975972,0.16614114114114112
218,218.0,218.3,0.11947379197379193,0.2077388752388752,0.22508053508053502,0.13794226044226038,0.14544157794157792,0.1643229593229593
219,219.0,219.3,0.11808490308490305,0.20079443079443077,0.23341386841386838,0.1365533715533715,0.14405268905268903,0.16710073710073706
220,220.0,220.3,0.11668139431297324,0.1990985243616822,0.2271565584723479,0.13514986278144167,0.14264918028075918,0.17926447979079554
221,221.0,221.3,0.11550914550914548,0.19766311766311762,0.23588861588861584,0.13397761397761393,0.14147693147693144,0.17548457548457544
222,222.0,222.3,0.11451347451347446,0.19642935142935136,0.23500117000116996,0.15242638742638737,0.1284692484692484,0.17316036816036812
223,223.0,223.3,0.11365599865599862,0.1953554253554253,0.23753197253197245,0.15092788592788586,0.12761177261177253,0.17491694491694484
224,224.0,224.3,0.11309532858445896,0.19808427080166205,0.24165817877774395,0.14834716008629045,0.1261743329134633,0.17264072883638093
225,225.0,225.3,0.11219045703558975,0.19597163161322448,0.25333515304754234,0.14509088993602262,0.12440820978431592,0.16900365858330454
226,226.0,226.3,0.11139234449760763,0.1948867623604465,0.25302551834130776,0.15048325358851672,0.12364114832535882,0.16657097288676231
227,227.0,227.3,0.1159937430990062,0.18624340571708986,0.25359894491473434,0.15123849834376143,0.1253054839896945,0.16761992393571337
228,228.0,228.3,0.11362550948077259,0.19206605528973944,0.26163410419989364,0.1474218057770689,0.1221706096048201,0.16308191564770508
229,229.0,229.3,0.11245082815734986,0.1908048654244306,0.2683566252587991,0.14637939958592128,0.12040113871635608,0.16160714285714278
230,230.0,230.3,0.11193325606104507,0.19033227083937018,0.27150053124698154,0.14512653337196946,0.11991355162754753,0.16119385685308601
231,231.0,231.3,0.11153958842599812,0.19071436001456282,0.2728162653213363,0.1448560184462821,0.11967250914512573,0.16040125864669472
232,232.0,232.3,0.1113142319074522,0.20088646758138276,0.2774535916061339,0.14493946731234858,0.11292440139897761,0.15248184019370453
233,233.0,233.3,0.10816469138949061,0.20059406992056408,0.2998470753154071,0.1328717981394163,0.10977486088101604,0.14874750435410555
234,234.0,234.3,0.10709837730445046,0.2004317456856592,0.29044364272649065,0.13875786100128562,0.10732759040955202,0.15594078287256177
235,235.0,235.3,0.10456159956605984,0.1972447109462051,0.28676569397744683,0.1535355970597942,0.10489161912277431,0.15300077932771955
236,236.0,236.3,0.11157329100499587,0.19619442759522518,0.2811192723306382,0.14829046272216756,0.1023010378344376,0.16052150851253538
237,237.0,237.3,0.10990768536880198,0.1964896062727568,0.28775453249531013,0.14608882449111757,0.10123035198433998,0.15852899938767334
238,238.0,238.3,0.10841144253354987,0.2012932039478715,0.30030994062347366,0.13300018712229447,0.10026982343480213,0.15671540233800818
239,239.0,239.3,0.10664673665119692,0.19952849806551856,0.3040354308195521,0.1312354812399415,0.10438747049362566,0.154166382730165
240,240.0,240.3,0.1063835787564601,0.20084428753920278,0.30377227292481523,0.1309723233452047,0.10412431259888884,0.15390322483542818
241,241.0,241.3,0.10499829737117869,0.20088757758249282,0.3010089251614675,0.12974577211865346,0.1028977613723376,0.16046166639386972
242,242.0,242.3,0.10511248834214715,0.20080414009496322,0.3132322438425867,0.12353487492310151,0.09792077519330537,0.15939547760389577
243,243.0,243.3,0.10274702080640097,0.19973737385791837,0.32035893695999185,0.12163845228364481,0.09538332691282304,0.16013488917922064
244,244.0,244.3,0.10141034578551544,0.20554355597988994,0.32267925838786476,0.11638130160315316,0.09447400231928792,0.1595115359242885
245,245.0,245.3,0.10036305973822937,0.2006768647001552,0.3253738102128514,0.11509990184349254,0.09790274748716353,0.1605836160181077
246,246.0,246.3,0.09941564015533791,0.20041422772595935,0.3316906182722364,0.11394110014677997,0.0968961197034944,0.15764229399619184
247,247.0,247.3,0.09871993091479367,0.19919702527274544,0.3278343228459983,0.11305384261712641,0.09631655448153319,0.16487832386780277
248,248.0,248.3,0.09753403811622177,0.1948510017552193,0.33287145797748874,0.11224184968449843,0.09533789488223855,0.16716375758433305
249,249.0,249.3,0.09645304145750172,0.19470837666644975,0.3375076603444132,0.10765850266296292,0.09444685555301072,0.1692255633156614
250,250.0,250.3,0.09596159333447465,0.19495092164583686,0.34697740112994346,0.10734206471494603,0.08643810991268615,0.1683299092621126
251,251.0,251.3,0.09542140888124671,0.19441073719260893,0.34335421272414635,0.10709612707770406,0.08836608531892243,0.1713514288053713
252,252.0,252.3,0.09518331364315147,0.19393454671641844,0.3375076518775855,0.1068580318396088,0.08812799008082718,0.17838846584240833
253,253.0,253.3,0.09454228800212583,0.1932935210753928,0.3407127800827137,0.10621700619858317,0.08748696443980154,0.1777474402013827
254,254.0,254.3,0.09155322392610524,0.19252667922159442,0.34708322123576363,0.10553470540758672,0.08685297282754904,0.17644919738140072
255,255.0,255.3,0.09126572237773413,0.1923333186369295,0.3442523033613675,0.10560462984707639,0.08673213794584461,0.17981188783104768
256,256.0,256.3,0.09037434764084598,0.19209499113033185,0.35097696342737816,0.10477090459059442,0.08586233423052748,0.17592045898032188
257,257.0,257.3,0.08967722955011087,0.19122127166618688,0.3490757194782618,0.1039858376087189,0.08516521613979237,0.1808747255569289
258,258.0,258.3,0.08530210781313433,0.19131422727558067,0.3494897477823629,0.10337623401533938,0.08451309553961009,0.1860045875739723
259,259.0,259.3,0.08478192306859748,0.1903146741130376,0.3477628417429703,0.10278192306859749,0.08399291079507323,0.19036572721172368
260,260.0,260.3,0.08431435561892574,0.1904532376585893,0.35195990165703606,0.10224604442347981,0.08341040081666586,0.187616059825303
261,261.0,261.3,0.08765587983544995,0.1906966206197142,0.34776012682016444,0.10178305848468745,0.08294069444776593,0.18916361979221782
262,262.0,262.3,0.08697796122584253,0.19055029912021432,0.3446491275516699,0.10118042542830674,0.08229424451882075,0.1943479421551455
263,263.0,263.3,0.08599889047876977,0.1901074024387274,0.3449943149125773,0.10380680940230735,0.08479190537347958,0.19030067739413833
264,264.0,264.3,0.08548415721173061,0.19014624446980027,0.3490994047785077,0.10332015042489098,0.08418804554672564,0.18776199756834458
265,265.0,265.3,0.08519922224633308,0.18982636890342441,0.3493119788863952,0.10502953479404406,0.08390311058132811,0.18672978458847486
266,266.0,266.3,0.0844785426132175,0.19032812646589733,0.35040246002707304,0.1034175261013496,0.08207252757562351,0.18930081721683883
267,267.0,267.3,0.08415352536526528,0.18990125362908133,0.35359164633595375,0.10299260973674178,0.08179327691806032,0.18756768801489737
268,268.0,268.3,0.08367673854175667,0.18988070031400336,0.35686810416846715,0.1032005480655662,0.081282102526431,0.18509180638377548
269,269.0,269.3,0.08331757255759067,0.190027437960741,0.35974825704862,0.10284138208140021,0.08084786146718993,0.183217488884458
270,270.0,270.3,0.08278967518371806,0.18997940406982788,0.36341616996575893,0.1022243581478128,0.08024884033798305,0.18134155229489912
271,271.0,271.3,0.08243030690292348,0.19008240576191893,0.3575269884499092,0.10263565710827369,0.07986620433882093,0.18745843743815344
272,272.0,272.3,0.08197077570706679,0.18994774224335537,0.3590189261276001,0.10210652231340163,0.08228374704944988,0.18467228655912601
273,273.0,273.3,0.08183472502223563,0.1929271240642006,0.3576206986318116,0.1018953965534954,0.08208672075486262,0.18363533497339396
274,274.0,274.3,0.08153746203071906,0.19017441185856987,0.3574144246778974,0.10161104342008993,0.08164735214060917,0.1876153058721144
275,275.0,275.3,0.08123618041364797,0.18973817747496707,0.361239284818547,0.10124657542404299,0.081266705444173,0.18527307642462176
276,276.0,276.3,0.08138255356698706,0.18988455062830617,0.35072891711495635,0.10309181515136016,0.08133800352243702,0.193574160015953
277,277.0,277.3,0.0803441089726999,0.18902015956429516,0.35566275070631026,0.10367042111480154,0.08098642815847075,0.1903161314834221
278,278.0,278.3,0.07978473448185561,0.18873434443053955,0.35091087629203954,0.10295864604572695,0.08037419954500487,0.19723719920483318
279,279.0,279.3,0.0791886301775945,0.18617747325302497,0.3537966556175384,0.1045713746732422,0.07965646643490444,0.19660939984369522
280,280.0,280.3,0.07863563607496869,0.1859229181493829,0.3562500697701059,0.10395657515102989,0.07898768677026882,0.19624711408424353
281,281.0,281.3,0.07818785446088246,0.1857609079238435,0.35442250527368,0.1055966360209815,0.0784936516871724,0.19753844463343986
282,282.0,282.3,0.0779868742368742,0.18583381530749946,0.35460654842233785,0.10516820898399841,0.07824834522202938,0.1981562078272604
283,283.0,283.3,0.07792900978563563,0.18603867553668746,0.3514047444126053,0.10482505177628978,0.07821544014725397,0.20158707834152761
284,284.0,284.3,0.07769494942747218,0.18571210824050363,0.34776914148614674,0.10451310674075028,0.07791390340582466,0.20639679069930222
285,285.0,285.3,0.07747191300762726,0.18540041933838922,0.349022013909232,0.10421501535223336,0.07762676442187717,0.20626387397064083
286,286.0,286.3,0.07457568827519781,0.18276389332941118,0.34147825860436626,0.10572844705441586,0.07462874775316101,0.22082496498344767
287,287.0,287.3,0.074091732160024,0.18252929665950804,0.34087071326899715,0.10491588360355095,0.07404750394242118,0.22354487036549853
288,288.0,288.3,0.07200360913596203,0.19127903185565723,0.3425919861871874,0.10248613615486676,0.07192167352771064,0.21971756313861573
289,289.0,289.3,0.07033154471270846,0.1866187160118548,0.34390028865669964,0.10049318880659994,0.06874273639891622,0.22991352541322074
290,290.0,290.3,0.07213688223233168,0.1902702073776319,0.3404497392061502,0.1001038638458464,0.07092902629949183,0.2261102810385478
291,291.0,291.3,0.07191600071733252,0.18994609140645707,0.33574435961841764,0.1034442358921008,0.07074736047076718,0.2282019518949246
292,292.0,292.3,0.08051828947645187,0.18724881949936997,0.3390518567827406,0.10168809257320113,0.06940866949351035,0.2220842721747259
293,293.0,293.3,0.07839309693896546,0.1853305201978283,0.349010307209636,0.10010015978940401,0.06821461566813067,0.21895130019603531
294,294.0,294.3,0.07670048270582505,0.18395575614435047,0.3463792256309063,0.09904399048848316,0.0673009684842204,0.22661957654621437
295,295.0,295.3,0.0753534963588387,0.18290097758957194,0.3458763951280758,0.09824062718511986,0.06656254024579217,0.23106596349260128
