Total_iterations,Unnamed: 0.1,Intertwine_two,Add_vertex,Delete_vertex,Invert_path_vertices,Insert_inside_vertex,Delete_inside_vertex
0,0.0,0.1666666666666665,0.1666666666666665,0.1666666666666665,0.1666666666666665,0.1666666666666665,0.1666666666666665
1,1.0,0.1666666666666665,0.1666666666666665,0.1666666666666665,0.1666666666666665,0.1666666666666665,0.1666666666666665
2,2.0,0.1666666666666665,0.1666666666666665,0.1666666666666665,0.1666666666666665,0.1666666666666665,0.1666666666666665
3,3.0,0.1666666666666665,0.1666666666666665,0.1666666666666665,0.1666666666666665,0.1666666666666665,0.1666666666666665
4,4.0,0.1666666666666665,0.1666666666666665,0.1666666666666665,0.1666666666666665,0.1666666666666665,0.1666666666666665
5,5.0,0.1666666666666665,0.1666666666666665,0.1666666666666665,0.1666666666666665,0.1666666666666665,0.1666666666666665
6,6.0,0.1666666666666665,0.1666666666666665,0.1666666666666665,0.1666666666666665,0.1666666666666665,0.1666666666666665
7,7.0,0.1666666666666665,0.1666666666666665,0.1666666666666665,0.1666666666666665,0.1666666666666665,0.1666666666666665
8,8.0,0.1666666666666665,0.1666666666666665,0.1666666666666665,0.1666666666666665,0.1666666666666665,0.1666666666666665
9,9.0,0.1666666666666665,0.1666666666666665,0.1666666666666665,0.1666666666666665,0.1666666666666665,0.1666666666666665
10,10.0,0.1666666666666665,0.1666666666666665,0.1666666666666665,0.1666666666666665,0.1666666666666665,0.1666666666666665
11,11.0,0.1666666666666665,0.1666666666666665,0.1666666666666665,0.1666666666666665,0.1666666666666665,0.1666666666666665
12,12.0,0.1666666666666665,0.1666666666666665,0.1666666666666665,0.1666666666666665,0.1666666666666665,0.1666666666666665
13,13.0,0.1666666666666665,0.1666666666666665,0.1666666666666665,0.1666666666666665,0.1666666666666665,0.1666666666666665
14,14.0,0.1666666666666665,0.1666666666666665,0.1666666666666665,0.1666666666666665,0.1666666666666665,0.1666666666666665
15,15.0,0.1666666666666665,0.1666666666666665,0.1666666666666665,0.1666666666666665,0.1666666666666665,0.1666666666666665
16,16.0,0.1666666666666665,0.1666666666666665,0.1666666666666665,0.1666666666666665,0.1666666666666665,0.1666666666666665
17,17.0,0.1666666666666665,0.1666666666666665,0.1666666666666665,0.1666666666666665,0.1666666666666665,0.1666666666666665
18,18.0,0.1666666666666665,0.1666666666666665,0.1666666666666665,0.1666666666666665,0.1666666666666665,0.1666666666666665
19,19.0,0.1666666666666665,0.1666666666666665,0.1666666666666665,0.1666666666666665,0.1666666666666665,0.1666666666666665
20,20.0,0.1666666666666665,0.1666666666666665,0.1666666666666665,0.1666666666666665,0.1666666666666665,0.1666666666666665
21,21.0,0.1666666666666665,0.1666666666666665,0.1666666666666665,0.1666666666666665,0.1666666666666665,0.1666666666666665
22,22.0,0.1666666666666665,0.1666666666666665,0.1666666666666665,0.1666666666666665,0.1666666666666665,0.1666666666666665
23,23.0,0.1666666666666665,0.1666666666666665,0.1666666666666665,0.1666666666666665,0.1666666666666665,0.1666666666666665
24,24.0,0.1666666666666665,0.1666666666666665,0.1666666666666665,0.1666666666666665,0.1666666666666665,0.1666666666666665
25,25.0,0.1666666666666665,0.1666666666666665,0.1666666666666665,0.1666666666666665,0.1666666666666665,0.1666666666666665
26,26.0,0.1666666666666665,0.1666666666666665,0.1666666666666665,0.1666666666666665,0.1666666666666665,0.1666666666666665
27,27.0,0.1666666666666665,0.1666666666666665,0.1666666666666665,0.1666666666666665,0.1666666666666665,0.1666666666666665
28,28.0,0.1666666666666665,0.1666666666666665,0.1666666666666665,0.1666666666666665,0.1666666666666665,0.1666666666666665
29,29.0,0.1666666666666665,0.1666666666666665,0.1666666666666665,0.1666666666666665,0.1666666666666665,0.1666666666666665
30,30.0,0.1666666666666665,0.1666666666666665,0.1666666666666665,0.1666666666666665,0.1666666666666665,0.1666666666666665
31,31.0,0.1666666666666665,0.1666666666666665,0.1666666666666665,0.1666666666666665,0.1666666666666665,0.1666666666666665
32,32.0,0.1666666666666665,0.1666666666666665,0.1666666666666665,0.1666666666666665,0.1666666666666665,0.1666666666666665
33,33.0,0.1666666666666665,0.1666666666666665,0.1666666666666665,0.1666666666666665,0.1666666666666665,0.1666666666666665
34,34.0,0.1666666666666665,0.1666666666666665,0.1666666666666665,0.1666666666666665,0.1666666666666665,0.1666666666666665
35,35.0,0.1666666666666665,0.1666666666666665,0.1666666666666665,0.1666666666666665,0.1666666666666665,0.1666666666666665
36,36.0,0.1666666666666665,0.1666666666666665,0.1666666666666665,0.1666666666666665,0.1666666666666665,0.1666666666666665
37,37.0,0.1666666666666665,0.1666666666666665,0.1666666666666665,0.1666666666666665,0.1666666666666665,0.1666666666666665
38,38.0,0.1666666666666665,0.1666666666666665,0.1666666666666665,0.1666666666666665,0.1666666666666665,0.1666666666666665
39,39.0,0.1666666666666665,0.1666666666666665,0.1666666666666665,0.1666666666666665,0.1666666666666665,0.1666666666666665
40,40.0,0.1666666666666665,0.1666666666666665,0.1666666666666665,0.1666666666666665,0.1666666666666665,0.1666666666666665
41,41.0,0.1666666666666665,0.1666666666666665,0.1666666666666665,0.1666666666666665,0.1666666666666665,0.1666666666666665
42,42.0,0.1666666666666665,0.1666666666666665,0.1666666666666665,0.1666666666666665,0.1666666666666665,0.1666666666666665
43,43.0,0.1666666666666665,0.1666666666666665,0.1666666666666665,0.1666666666666665,0.1666666666666665,0.1666666666666665
44,44.0,0.1666666666666665,0.1666666666666665,0.1666666666666665,0.1666666666666665,0.1666666666666665,0.1666666666666665
45,45.0,0.1666666666666665,0.1666666666666665,0.1666666666666665,0.1666666666666665,0.1666666666666665,0.1666666666666665
46,46.0,0.1666666666666665,0.1666666666666665,0.1666666666666665,0.1666666666666665,0.1666666666666665,0.1666666666666665
47,47.0,0.1666666666666665,0.1666666666666665,0.1666666666666665,0.1666666666666665,0.1666666666666665,0.1666666666666665
48,48.0,0.1666666666666665,0.1666666666666665,0.1666666666666665,0.1666666666666665,0.1666666666666665,0.1666666666666665
49,49.0,0.1666666666666665,0.1666666666666665,0.1666666666666665,0.1666666666666665,0.1666666666666665,0.1666666666666665
50,50.0,0.1666666666666665,0.1666666666666665,0.1666666666666665,0.1666666666666665,0.1666666666666665,0.1666666666666665
51,51.0,0.1666666666666665,0.1666666666666665,0.1666666666666665,0.1666666666666665,0.1666666666666665,0.1666666666666665
52,52.0,0.1666666666666665,0.1666666666666665,0.1666666666666665,0.1666666666666665,0.1666666666666665,0.1666666666666665
53,53.0,0.1666666666666665,0.1666666666666665,0.1666666666666665,0.1666666666666665,0.1666666666666665,0.1666666666666665
54,54.0,0.1666666666666665,0.1666666666666665,0.1666666666666665,0.1666666666666665,0.1666666666666665,0.1666666666666665
55,55.0,0.1666666666666665,0.1666666666666665,0.1666666666666665,0.1666666666666665,0.1666666666666665,0.1666666666666665
56,56.0,0.1666666666666665,0.1666666666666665,0.1666666666666665,0.1666666666666665,0.1666666666666665,0.1666666666666665
57,57.0,0.1666666666666665,0.1666666666666665,0.1666666666666665,0.1666666666666665,0.1666666666666665,0.1666666666666665
58,58.0,0.1666666666666665,0.1666666666666665,0.1666666666666665,0.1666666666666665,0.1666666666666665,0.1666666666666665
59,59.0,0.1666666666666665,0.1666666666666665,0.1666666666666665,0.1666666666666665,0.1666666666666665,0.1666666666666665
60,60.0,0.1666666666666665,0.1666666666666665,0.1666666666666665,0.1666666666666665,0.1666666666666665,0.1666666666666665
61,61.0,0.1666666666666665,0.1666666666666665,0.1666666666666665,0.1666666666666665,0.1666666666666665,0.1666666666666665
62,62.0,0.1666666666666665,0.1666666666666665,0.1666666666666665,0.1666666666666665,0.1666666666666665,0.1666666666666665
63,63.0,0.1666666666666665,0.1666666666666665,0.1666666666666665,0.1666666666666665,0.1666666666666665,0.1666666666666665
64,64.0,0.1666666666666665,0.1666666666666665,0.1666666666666665,0.1666666666666665,0.1666666666666665,0.1666666666666665
65,65.0,0.1666666666666665,0.1666666666666665,0.1666666666666665,0.1666666666666665,0.1666666666666665,0.1666666666666665
66,66.0,0.1666666666666665,0.1666666666666665,0.1666666666666665,0.1666666666666665,0.1666666666666665,0.1666666666666665
67,67.0,0.1666666666666665,0.1666666666666665,0.1666666666666665,0.1666666666666665,0.1666666666666665,0.1666666666666665
68,68.0,0.1666666666666665,0.1666666666666665,0.1666666666666665,0.1666666666666665,0.1666666666666665,0.1666666666666665
69,69.0,0.1666666666666665,0.1666666666666665,0.1666666666666665,0.1666666666666665,0.1666666666666665,0.1666666666666665
70,70.0,0.1666666666666665,0.1666666666666665,0.1666666666666665,0.1666666666666665,0.1666666666666665,0.1666666666666665
71,71.0,0.1666666666666665,0.1666666666666665,0.1666666666666665,0.1666666666666665,0.1666666666666665,0.1666666666666665
72,72.0,0.1666666666666665,0.1666666666666665,0.1666666666666665,0.1666666666666665,0.1666666666666665,0.1666666666666665
73,73.0,0.1666666666666665,0.1666666666666665,0.1666666666666665,0.1666666666666665,0.1666666666666665,0.1666666666666665
74,74.0,0.1666666666666665,0.1666666666666665,0.1666666666666665,0.1666666666666665,0.1666666666666665,0.1666666666666665
75,75.0,0.1666666666666665,0.1666666666666665,0.1666666666666665,0.1666666666666665,0.1666666666666665,0.1666666666666665
76,76.0,0.1666666666666665,0.1666666666666665,0.1666666666666665,0.1666666666666665,0.1666666666666665,0.1666666666666665
77,77.0,0.1666666666666665,0.1666666666666665,0.1666666666666665,0.1666666666666665,0.1666666666666665,0.1666666666666665
78,78.0,0.1666666666666665,0.1666666666666665,0.1666666666666665,0.1666666666666665,0.1666666666666665,0.1666666666666665
79,79.0,0.1666666666666665,0.1666666666666665,0.1666666666666665,0.1666666666666665,0.1666666666666665,0.1666666666666665
80,80.0,0.1666666666666665,0.1666666666666665,0.1666666666666665,0.1666666666666665,0.1666666666666665,0.1666666666666665
81,81.0,0.1666666666666665,0.1666666666666665,0.1666666666666665,0.1666666666666665,0.1666666666666665,0.1666666666666665
82,82.0,0.1666666666666665,0.1666666666666665,0.1666666666666665,0.1666666666666665,0.1666666666666665,0.1666666666666665
83,83.0,0.1666666666666665,0.1666666666666665,0.1666666666666665,0.1666666666666665,0.1666666666666665,0.1666666666666665
84,84.0,0.1666666666666665,0.1666666666666665,0.1666666666666665,0.1666666666666665,0.1666666666666665,0.1666666666666665
85,85.0,0.1666666666666665,0.1666666666666665,0.1666666666666665,0.1666666666666665,0.1666666666666665,0.1666666666666665
86,86.0,0.1666666666666665,0.1666666666666665,0.1666666666666665,0.1666666666666665,0.1666666666666665,0.1666666666666665
87,87.0,0.1666666666666665,0.1666666666666665,0.1666666666666665,0.1666666666666665,0.1666666666666665,0.1666666666666665
88,88.0,0.1666666666666665,0.1666666666666665,0.1666666666666665,0.1666666666666665,0.1666666666666665,0.1666666666666665
89,89.0,0.1666666666666665,0.1666666666666665,0.1666666666666665,0.1666666666666665,0.1666666666666665,0.1666666666666665
90,90.0,0.1666666666666665,0.1666666666666665,0.1666666666666665,0.1666666666666665,0.1666666666666665,0.1666666666666665
91,91.0,0.1666666666666665,0.1666666666666665,0.1666666666666665,0.1666666666666665,0.1666666666666665,0.1666666666666665
92,92.0,0.1666666666666665,0.1666666666666665,0.1666666666666665,0.1666666666666665,0.1666666666666665,0.1666666666666665
93,93.0,0.1666666666666665,0.1666666666666665,0.1666666666666665,0.1666666666666665,0.1666666666666665,0.1666666666666665
94,94.0,0.1666666666666665,0.1666666666666665,0.1666666666666665,0.1666666666666665,0.1666666666666665,0.1666666666666665
95,95.0,0.1666666666666665,0.1666666666666665,0.1666666666666665,0.1666666666666665,0.1666666666666665,0.1666666666666665
96,96.0,0.1666666666666665,0.1666666666666665,0.1666666666666665,0.1666666666666665,0.1666666666666665,0.1666666666666665
97,97.0,0.1666666666666665,0.1666666666666665,0.1666666666666665,0.1666666666666665,0.1666666666666665,0.1666666666666665
98,98.0,0.1666666666666665,0.1666666666666665,0.1666666666666665,0.1666666666666665,0.1666666666666665,0.1666666666666665
99,99.0,0.1666666666666665,0.1666666666666665,0.1666666666666665,0.1666666666666665,0.1666666666666665,0.1666666666666665
100,100.0,0.1666666666666665,0.1666666666666665,0.1666666666666665,0.1666666666666665,0.1666666666666665,0.1666666666666665
101,101.0,0.1666666666666665,0.1666666666666665,0.1666666666666665,0.1666666666666665,0.1666666666666665,0.1666666666666665
102,102.0,0.1666666666666665,0.1666666666666665,0.1666666666666665,0.1666666666666665,0.1666666666666665,0.1666666666666665
103,103.0,0.1666666666666665,0.1666666666666665,0.1666666666666665,0.1666666666666665,0.1666666666666665,0.1666666666666665
104,104.0,0.1666666666666665,0.1666666666666665,0.1666666666666665,0.1666666666666665,0.1666666666666665,0.1666666666666665
105,105.0,0.1666666666666665,0.1666666666666665,0.1666666666666665,0.1666666666666665,0.1666666666666665,0.1666666666666665
106,106.0,0.1666666666666665,0.1666666666666665,0.1666666666666665,0.1666666666666665,0.1666666666666665,0.1666666666666665
107,107.0,0.1666666666666665,0.1666666666666665,0.1666666666666665,0.1666666666666665,0.1666666666666665,0.1666666666666665
108,108.0,0.1666666666666665,0.1666666666666665,0.1666666666666665,0.1666666666666665,0.1666666666666665,0.1666666666666665
109,109.0,0.1666666666666665,0.1666666666666665,0.1666666666666665,0.1666666666666665,0.1666666666666665,0.1666666666666665
110,110.0,0.1666666666666665,0.1666666666666665,0.1666666666666665,0.1666666666666665,0.1666666666666665,0.1666666666666665
111,111.0,0.1666666666666665,0.1666666666666665,0.1666666666666665,0.1666666666666665,0.1666666666666665,0.1666666666666665
112,112.0,0.1666666666666665,0.1666666666666665,0.1666666666666665,0.1666666666666665,0.1666666666666665,0.1666666666666665
113,113.0,0.1666666666666665,0.1666666666666665,0.1666666666666665,0.1666666666666665,0.1666666666666665,0.1666666666666665
114,114.0,0.1666666666666665,0.1666666666666665,0.1666666666666665,0.1666666666666665,0.1666666666666665,0.1666666666666665
115,115.0,0.1666666666666665,0.1666666666666665,0.1666666666666665,0.1666666666666665,0.1666666666666665,0.1666666666666665
116,116.0,0.1666666666666665,0.1666666666666665,0.1666666666666665,0.1666666666666665,0.1666666666666665,0.1666666666666665
117,117.0,0.1666666666666665,0.1666666666666665,0.1666666666666665,0.1666666666666665,0.1666666666666665,0.1666666666666665
118,118.0,0.1666666666666665,0.1666666666666665,0.1666666666666665,0.1666666666666665,0.1666666666666665,0.1666666666666665
119,119.0,0.1666666666666665,0.1666666666666665,0.1666666666666665,0.1666666666666665,0.1666666666666665,0.1666666666666665
120,120.0,0.1666666666666665,0.1666666666666665,0.1666666666666665,0.1666666666666665,0.1666666666666665,0.1666666666666665
121,121.0,0.1666666666666665,0.1666666666666665,0.1666666666666665,0.1666666666666665,0.1666666666666665,0.1666666666666665
122,122.0,0.1666666666666665,0.1666666666666665,0.1666666666666665,0.1666666666666665,0.1666666666666665,0.1666666666666665
123,123.0,0.1666666666666665,0.1666666666666665,0.1666666666666665,0.1666666666666665,0.1666666666666665,0.1666666666666665
124,124.0,0.1666666666666665,0.1666666666666665,0.1666666666666665,0.1666666666666665,0.1666666666666665,0.1666666666666665
125,125.0,0.1666666666666665,0.1666666666666665,0.1666666666666665,0.1666666666666665,0.1666666666666665,0.1666666666666665
126,126.0,0.1666666666666665,0.1666666666666665,0.1666666666666665,0.1666666666666665,0.1666666666666665,0.1666666666666665
127,127.0,0.1666666666666665,0.1666666666666665,0.1666666666666665,0.1666666666666665,0.1666666666666665,0.1666666666666665
128,128.0,0.1666666666666665,0.1666666666666665,0.1666666666666665,0.1666666666666665,0.1666666666666665,0.1666666666666665
129,129.0,0.1666666666666665,0.1666666666666665,0.1666666666666665,0.1666666666666665,0.1666666666666665,0.1666666666666665
130,130.0,0.1666666666666665,0.1666666666666665,0.1666666666666665,0.1666666666666665,0.1666666666666665,0.1666666666666665
131,131.0,0.1666666666666665,0.1666666666666665,0.1666666666666665,0.1666666666666665,0.1666666666666665,0.1666666666666665
132,132.0,0.1666666666666665,0.1666666666666665,0.1666666666666665,0.1666666666666665,0.1666666666666665,0.1666666666666665
133,133.0,0.1666666666666665,0.1666666666666665,0.1666666666666665,0.1666666666666665,0.1666666666666665,0.1666666666666665
134,134.0,0.1666666666666665,0.1666666666666665,0.1666666666666665,0.1666666666666665,0.1666666666666665,0.1666666666666665
135,135.0,0.1666666666666665,0.1666666666666665,0.1666666666666665,0.1666666666666665,0.1666666666666665,0.1666666666666665
136,136.0,0.1666666666666665,0.1666666666666665,0.1666666666666665,0.1666666666666665,0.1666666666666665,0.1666666666666665
137,137.0,0.1666666666666665,0.1666666666666665,0.1666666666666665,0.1666666666666665,0.1666666666666665,0.1666666666666665
138,138.0,0.1666666666666665,0.1666666666666665,0.1666666666666665,0.1666666666666665,0.1666666666666665,0.1666666666666665
139,139.0,0.1666666666666665,0.1666666666666665,0.1666666666666665,0.1666666666666665,0.1666666666666665,0.1666666666666665
140,140.0,0.1666666666666665,0.1666666666666665,0.1666666666666665,0.1666666666666665,0.1666666666666665,0.1666666666666665
141,141.0,0.1666666666666665,0.1666666666666665,0.1666666666666665,0.1666666666666665,0.1666666666666665,0.1666666666666665
142,142.0,0.1666666666666665,0.1666666666666665,0.1666666666666665,0.1666666666666665,0.1666666666666665,0.1666666666666665
143,143.0,0.1666666666666665,0.1666666666666665,0.1666666666666665,0.1666666666666665,0.1666666666666665,0.1666666666666665
144,144.0,0.1666666666666665,0.1666666666666665,0.1666666666666665,0.1666666666666665,0.1666666666666665,0.1666666666666665
145,145.0,0.1666666666666665,0.1666666666666665,0.1666666666666665,0.1666666666666665,0.1666666666666665,0.1666666666666665
146,146.0,0.1666666666666665,0.1666666666666665,0.1666666666666665,0.1666666666666665,0.1666666666666665,0.1666666666666665
147,147.0,0.1666666666666665,0.1666666666666665,0.1666666666666665,0.1666666666666665,0.1666666666666665,0.1666666666666665
148,148.0,0.1666666666666665,0.1666666666666665,0.1666666666666665,0.1666666666666665,0.1666666666666665,0.1666666666666665
149,149.0,0.1666666666666665,0.1666666666666665,0.1666666666666665,0.1666666666666665,0.1666666666666665,0.1666666666666665
150,150.0,0.1666666666666665,0.1666666666666665,0.1666666666666665,0.1666666666666665,0.1666666666666665,0.1666666666666665
151,151.0,0.1666666666666665,0.1666666666666665,0.1666666666666665,0.1666666666666665,0.1666666666666665,0.1666666666666665
152,152.0,0.1666666666666665,0.1666666666666665,0.1666666666666665,0.1666666666666665,0.1666666666666665,0.1666666666666665
153,153.0,0.1666666666666665,0.1666666666666665,0.1666666666666665,0.1666666666666665,0.1666666666666665,0.1666666666666665
154,154.0,0.1666666666666665,0.1666666666666665,0.1666666666666665,0.1666666666666665,0.1666666666666665,0.1666666666666665
155,155.0,0.1666666666666665,0.1666666666666665,0.1666666666666665,0.1666666666666665,0.1666666666666665,0.1666666666666665
156,156.0,0.1666666666666665,0.1666666666666665,0.1666666666666665,0.1666666666666665,0.1666666666666665,0.1666666666666665
157,157.0,0.1666666666666665,0.1666666666666665,0.1666666666666665,0.1666666666666665,0.1666666666666665,0.1666666666666665
158,158.0,0.1666666666666665,0.1666666666666665,0.1666666666666665,0.1666666666666665,0.1666666666666665,0.1666666666666665
159,159.0,0.1666666666666665,0.1666666666666665,0.1666666666666665,0.1666666666666665,0.1666666666666665,0.1666666666666665
160,160.0,0.1666666666666665,0.1666666666666665,0.1666666666666665,0.1666666666666665,0.1666666666666665,0.1666666666666665
161,161.0,0.1666666666666665,0.1666666666666665,0.1666666666666665,0.1666666666666665,0.1666666666666665,0.1666666666666665
162,162.0,0.1666666666666665,0.1666666666666665,0.1666666666666665,0.1666666666666665,0.1666666666666665,0.1666666666666665
163,163.0,0.1666666666666665,0.1666666666666665,0.1666666666666665,0.1666666666666665,0.1666666666666665,0.1666666666666665
164,164.0,0.1666666666666665,0.1666666666666665,0.1666666666666665,0.1666666666666665,0.1666666666666665,0.1666666666666665
165,165.0,0.1666666666666665,0.1666666666666665,0.1666666666666665,0.1666666666666665,0.1666666666666665,0.1666666666666665
166,166.0,0.1666666666666665,0.1666666666666665,0.1666666666666665,0.1666666666666665,0.1666666666666665,0.1666666666666665
167,167.0,0.1666666666666665,0.1666666666666665,0.1666666666666665,0.1666666666666665,0.1666666666666665,0.1666666666666665
168,168.0,0.1666666666666665,0.1666666666666665,0.1666666666666665,0.1666666666666665,0.1666666666666665,0.1666666666666665
169,169.0,0.1666666666666665,0.1666666666666665,0.1666666666666665,0.1666666666666665,0.1666666666666665,0.1666666666666665
170,170.0,0.1666666666666665,0.1666666666666665,0.1666666666666665,0.1666666666666665,0.1666666666666665,0.1666666666666665
171,171.0,0.1666666666666665,0.1666666666666665,0.1666666666666665,0.1666666666666665,0.1666666666666665,0.1666666666666665
172,172.0,0.1666666666666665,0.1666666666666665,0.1666666666666665,0.1666666666666665,0.1666666666666665,0.1666666666666665
173,173.0,0.1666666666666665,0.1666666666666665,0.1666666666666665,0.1666666666666665,0.1666666666666665,0.1666666666666665
174,174.0,0.1666666666666665,0.1666666666666665,0.1666666666666665,0.1666666666666665,0.1666666666666665,0.1666666666666665
175,175.0,0.1666666666666665,0.1666666666666665,0.1666666666666665,0.1666666666666665,0.1666666666666665,0.1666666666666665
176,176.0,0.1666666666666665,0.1666666666666665,0.1666666666666665,0.1666666666666665,0.1666666666666665,0.1666666666666665
177,177.0,0.1666666666666665,0.1666666666666665,0.1666666666666665,0.1666666666666665,0.1666666666666665,0.1666666666666665
178,178.0,0.1666666666666665,0.1666666666666665,0.1666666666666665,0.1666666666666665,0.1666666666666665,0.1666666666666665
179,179.0,0.1666666666666665,0.1666666666666665,0.1666666666666665,0.1666666666666665,0.1666666666666665,0.1666666666666665
180,180.0,0.1666666666666665,0.1666666666666665,0.1666666666666665,0.1666666666666665,0.1666666666666665,0.1666666666666665
181,181.0,0.1666666666666665,0.1666666666666665,0.1666666666666665,0.1666666666666665,0.1666666666666665,0.1666666666666665
182,182.0,0.1666666666666665,0.1666666666666665,0.1666666666666665,0.1666666666666665,0.1666666666666665,0.1666666666666665
183,183.0,0.1666666666666665,0.1666666666666665,0.1666666666666665,0.1666666666666665,0.1666666666666665,0.1666666666666665
184,184.0,0.1666666666666665,0.1666666666666665,0.1666666666666665,0.1666666666666665,0.1666666666666665,0.1666666666666665
185,185.0,0.1666666666666665,0.1666666666666665,0.1666666666666665,0.1666666666666665,0.1666666666666665,0.1666666666666665
186,186.0,0.1666666666666665,0.1666666666666665,0.1666666666666665,0.1666666666666665,0.1666666666666665,0.1666666666666665
187,187.0,0.1666666666666665,0.1666666666666665,0.1666666666666665,0.1666666666666665,0.1666666666666665,0.1666666666666665
188,188.0,0.1666666666666665,0.1666666666666665,0.1666666666666665,0.1666666666666665,0.1666666666666665,0.1666666666666665
189,189.0,0.1666666666666665,0.1666666666666665,0.1666666666666665,0.1666666666666665,0.1666666666666665,0.1666666666666665
190,190.0,0.1666666666666665,0.1666666666666665,0.1666666666666665,0.1666666666666665,0.1666666666666665,0.1666666666666665
191,191.0,0.1666666666666665,0.1666666666666665,0.1666666666666665,0.1666666666666665,0.1666666666666665,0.1666666666666665
192,192.0,0.1666666666666665,0.1666666666666665,0.1666666666666665,0.1666666666666665,0.1666666666666665,0.1666666666666665
193,193.0,0.1666666666666665,0.1666666666666665,0.1666666666666665,0.1666666666666665,0.1666666666666665,0.1666666666666665
194,194.0,0.1666666666666665,0.1666666666666665,0.1666666666666665,0.1666666666666665,0.1666666666666665,0.1666666666666665
195,195.0,0.1666666666666665,0.1666666666666665,0.1666666666666665,0.1666666666666665,0.1666666666666665,0.1666666666666665
196,196.0,0.1666666666666665,0.1666666666666665,0.1666666666666665,0.1666666666666665,0.1666666666666665,0.1666666666666665
197,197.0,0.1666666666666665,0.1666666666666665,0.1666666666666665,0.1666666666666665,0.1666666666666665,0.1666666666666665
198,198.0,0.1666666666666665,0.1666666666666665,0.1666666666666665,0.1666666666666665,0.1666666666666665,0.1666666666666665
199,199.0,0.1662338187702264,0.1687338187702264,0.1662338187702264,0.1662338187702264,0.1662338187702264,0.1663309061488672
200,200.0,0.1649927260037696,0.1711215721576157,0.1661465721576157,0.1648965721576157,0.1663251435861871,0.1665174139371954
201,201.0,0.163450479478585,0.1739827166580721,0.1657466333247388,0.1645091333247388,0.1661019904675959,0.1662090467462688
202,202.0,0.16175975989294,0.1765022907262733,0.1652725675852477,0.1639625387390939,0.1655266101676653,0.1669762328887792
203,203.0,0.1599576636290791,0.1798940786195858,0.1647505698012403,0.1631455386641829,0.1648069511245004,0.1674451981614108
204,204.0,0.1577131844822977,0.1820917945564188,0.1647169962563514,0.1627462435275816,0.1645758710140895,0.1681559101632604
205,205.0,0.1550826880720381,0.1845012019063853,0.1664443720081498,0.1620117964217455,0.1636792830617217,0.1682806585299592
206,206.0,0.1521688046859083,0.1860395343916975,0.1695925710387291,0.1609350663260998,0.1633404169099613,0.1679236066476035
207,207.0,0.1490616435034749,0.1876689427397998,0.1726503125510632,0.1596871384326255,0.1637567654589347,0.1671751973141015
208,208.0,0.1460231481836575,0.1890318137244877,0.1760306413924524,0.1584250439179721,0.1641275763278806,0.1663617764535493
209,209.0,0.1430154817820371,0.190501926882543,0.1788726237467055,0.1571014650780489,0.1643282373006545,0.1661802652100106
210,210.0,0.1400186764654377,0.1924529436730137,0.1818306378086113,0.155598733587851,0.1643853528107979,0.1657136556542881
211,211.0,0.1370828839523628,0.194782063095441,0.1848768038635001,0.1539006284961349,0.1643331972071129,0.1650244233854479
212,212.0,0.1342300424250675,0.1978451577873471,0.1873747099952897,0.152177014441157,0.1641278051128775,0.1642452702382609
213,213.0,0.1315140538948371,0.2010611704348439,0.1897433477980981,0.1504812081496572,0.1638221237968739,0.1633780959256897
214,214.0,0.1289900193347652,0.2040816918617289,0.1919308101810606,0.1488688765451052,0.1635137909000915,0.1626148111772483
215,215.0,0.1265175876411583,0.2067924731545548,0.1966229554990065,0.1472028736240475,0.1621701328676719,0.1606939772135608
216,216.0,0.1242600203232976,0.2092999015222025,0.2011156713161823,0.1456489240263369,0.1608518162724945,0.1588236665394861
217,217.0,0.1219287240771046,0.2111984443227196,0.2048046083451282,0.1439216793759332,0.1591686964859932,0.1589778473931211
218,218.0,0.1197241899526796,0.2127089007887103,0.208981956393079,0.1422255468194149,0.1573529811290615,0.1590064249170547
219,219.0,0.1175987163720192,0.213324166908159,0.2137358887564427,0.1405173057658881,0.1554608343870593,0.1593630878104317
220,220.0,0.1155503011393608,0.2135830184112508,0.2175854766858921,0.1387998985983958,0.1535034699887205,0.1609778351763799
221,221.0,0.1136008134813216,0.2135275991536812,0.2220190223818881,0.1371005069091004,0.1515160742527533,0.1622359838212554
222,222.0,0.1117657908097974,0.2131957003835864,0.2260591648546071,0.137384702804297,0.1483262583618563,0.1632683827858558
223,223.0,0.1100559996567148,0.212621935393566,0.2300377933846,0.1376410458063447,0.1451711063753753,0.1644721193833991
224,224.0,0.1084971206017794,0.21220576634679,0.2341061214776446,0.1377465503252435,0.1420121322800755,0.165432308968467
225,225.0,0.1070496243772774,0.2114787353303965,0.2390108347613655,0.1376218834748361,0.1388340652877248,0.1660048567683997
226,226.0,0.1057184748480105,0.2105608494531929,0.2435373564289527,0.1381236097393308,0.1357528402936793,0.1663068692368339
227,227.0,0.1050373188283061,0.2087136756284465,0.2477634502062473,0.1387742842913923,0.1330250544457888,0.1666862165998191
228,228.0,0.1042970192914558,0.2074087814443261,0.2524288054814133,0.139102864272102,0.1301793640396389,0.1665831654710639
229,229.0,0.1036065664778414,0.205954830430541,0.2573919303221381,0.1393775350506757,0.1273612080409095,0.1663079296778944
230,230.0,0.103021844352753,0.2044475154095673,0.2622827802269752,0.1395694707753494,0.1247065082399265,0.1659718809954286
231,231.0,0.1025453417937518,0.2029879883625082,0.2669082960589641,0.1397707320609531,0.1222452446046759,0.1655423971191469
232,232.0,0.1021838963051185,0.2025688884933577,0.2715940726288577,0.1400110649684564,0.1193295692037401,0.1643125084004698
233,233.0,0.1016349446695757,0.2021456346359205,0.2781092151024619,0.139069881691355,0.116326455613054,0.1627138682876328
234,234.0,0.1010995542562823,0.201732958093583,0.2832498786719436,0.1387494421926313,0.1133134103869698,0.1618547563985899
235,235.0,0.1004240133409609,0.2010298336074546,0.2875806186501182,0.1399389044377174,0.1102982143550421,0.1607284156087068
236,236.0,0.1005585715233163,0.2002541420082285,0.2909054932190677,0.140620873950753,0.1072714138451507,0.1603895054534837
237,237.0,0.1006232605186335,0.1995449402925482,0.2944635441387052,0.1410911785770942,0.1043905210411317,0.1598865554318872
238,238.0,0.1006247005793954,0.1993564651757495,0.2988542406627614,0.1402555654630592,0.1016700629719928,0.1592389651470417
239,239.0,0.1005273934653874,0.1990297343701166,0.3031929735536269,0.1392544892887847,0.0996194130202782,0.1583759963018062
240,240.0,0.1004746947051647,0.1988722432293694,0.3070799419385914,0.1382470148619757,0.0977951928489949,0.1575309124159041
241,241.0,0.100347826522949,0.1987545506501242,0.3102688020185869,0.1371448858400246,0.0960940307696838,0.1573899041986315
242,242.0,0.100291568964534,0.1986616138493743,0.3142685091901236,0.1354578888634998,0.0941333235864271,0.1571870955460413
243,243.0,0.100052599602162,0.1984927193674508,0.3185705523027718,0.1336307191812778,0.0921528168095166,0.1571005927368211
244,244.0,0.0997308038859811,0.1989337790908215,0.3226923070935146,0.1313406287302525,0.0903117333519767,0.1569907478474536
245,245.0,0.099353254555685,0.1989101614827723,0.3266712111006253,0.1290018140770926,0.0890392554466514,0.1570243033371732
246,246.0,0.0989288162519548,0.1988803089702823,0.3308709315040857,0.1266419815972415,0.0878819974738969,0.1567959642025386
247,247.0,0.098482119093577,0.1987470606512767,0.3342732471922578,0.1243023977979056,0.0868726499985177,0.1573225252664651
248,248.0,0.097963880489392,0.1981970344586337,0.3377746555812992,0.1220030875334326,0.0859608103555771,0.1581005315816653
249,249.0,0.0973850676560218,0.1976542880493439,0.3413405113920907,0.119377761214764,0.0851448215892744,0.1590975500985051
250,250.0,0.0968056710317007,0.1971606116650928,0.3454584271898793,0.1168661311476426,0.0837025774752069,0.1600065814904775
251,251.0,0.0962217548475166,0.1966401875737515,0.34881742230671,0.1144858296591822,0.0826247106375446,0.1612100949752949
252,252.0,0.0956644172982787,0.1961018923401139,0.3512012297313759,0.1122458517699435,0.0816882347066527,0.1630983741536351
253,253.0,0.0950938999033108,0.1955316506095005,0.3535302334555501,0.1101118909062228,0.0808457013584892,0.1648866237669264
254,254.0,0.0942760117212258,0.1949193675712275,0.3561352063888836,0.1080841472026981,0.0800904348147299,0.1664948323012349
255,255.0,0.093483934324561,0.194325049894819,0.3581060703899128,0.1062406758955237,0.0794662368173043,0.1683780326778789
256,256.0,0.0926597450744055,0.1937464139228127,0.3604137763271547,0.1044918187329341,0.078890137259375,0.1697981086833177
257,257.0,0.0918254089658565,0.1931217553736677,0.3622062191467631,0.1028421314469925,0.0783716578178766,0.1716328272488433
258,258.0,0.0906155125003072,0.1925498534033018,0.3637295155181357,0.1013078895919244,0.0779077498437289,0.1738894791426016
259,259.0,0.0894214531599875,0.191922830052441,0.3647853939710741,0.099888324271923,0.0775042676495012,0.1764777308950728
260,260.0,0.0882536477078187,0.1913562838318274,0.3659851650478442,0.0985860636073768,0.0771477691083112,0.1786710706968214
261,261.0,0.0874973823016303,0.1908617000676552,0.3665047288993421,0.097404330223567,0.0768425761014338,0.1808892824063714
262,262.0,0.0867505365504382,0.1904002917354709,0.3664737904180489,0.0963242941551113,0.0765642385858129,0.1834868485551177
263,263.0,0.085982742546412,0.1899422346422037,0.366262217892312,0.0956634614036331,0.07662080096655,0.1855285425488889
264,264.0,0.0852404160954081,0.1895355191393358,0.3662696325759444,0.0951014795095479,0.0766930321706074,0.1871599205091561
265,265.0,0.0845462662041281,0.1891435948834217,0.3661258609240281,0.09484882095094,0.0768044968914804,0.1885309601460014
266,266.0,0.0838559928990866,0.1888478665495463,0.3659373757309948,0.0945620345173544,0.0767927429765942,0.1900039873264234
267,267.0,0.0832084706968953,0.1885538263645405,0.3659313085311137,0.0943499900065066,0.0768070372334306,0.1911493671675132
268,268.0,0.082587472579256,0.1883006091391728,0.3661300972125205,0.0942663699769283,0.0768186470222666,0.1918968040698557
269,269.0,0.082003550334589,0.1881031883127639,0.3665044023833613,0.0942445371327777,0.0768303062813366,0.1923140155551713
270,270.0,0.0814383707992315,0.1879399486763844,0.3671405068754845,0.0942491536291696,0.0768210730534375,0.1924109469662924
271,271.0,0.0809072854331751,0.1878237277267864,0.3670868393977132,0.0943741904171548,0.0768087772212575,0.1929991798039129
272,272.0,0.0803985856988362,0.1877282493006431,0.3670921339260101,0.0945164247137655,0.0770700395145341,0.193194566846211
273,273.0,0.0799428727695303,0.1879624518286259,0.3668763441739143,0.0946992239807209,0.0773376100243734,0.1931814972228352
274,274.0,0.0795219233565305,0.187947609605603,0.3665689495462156,0.0949072697333679,0.0775819777291083,0.1934722700291746
275,275.0,0.0791330961098654,0.1879128961890518,0.3665832351466686,0.0951251018480127,0.0778044977378411,0.1934411729685603
276,276.0,0.0788188197462385,0.1879145442423488,0.365491615913436,0.0955668894596851,0.0780465176305904,0.1941616130077011
277,277.0,0.0784577638977531,0.1878492884477745,0.3648549149746773,0.0960976081634511,0.0782620928565866,0.1944783316597572
278,278.0,0.0780957396357813,0.1877736854304473,0.3637147750456836,0.0965798056194466,0.0784221310516554,0.1954138632169855
279,279.0,0.0777271973180413,0.1874595621871023,0.3628491880546028,0.0972388445968569,0.0785139128011408,0.1962112950422557
280,280.0,0.0773548241504082,0.1871385748683869,0.3622249758535162,0.0978438250250687,0.0785410639455517,0.196896736157068
281,281.0,0.0769877182573755,0.186821328691799,0.3614206793620616,0.0986134409987141,0.0785205626954591,0.1976362699945905
282,282.0,0.0766492262932802,0.1865324936635559,0.3606452350937343,0.0993330846215194,0.0784773118137785,0.1983626485141313
283,283.0,0.0763521735599066,0.1862860413774954,0.3595667679845526,0.1000047994048981,0.078432805846871,0.1993574118262761
284,284.0,0.0760771884263113,0.1860291039320145,0.3581509670579237,0.1006263507300988,0.0783604231455152,0.2007559667081363
285,285.0,0.0758235757741026,0.1857635213839551,0.3568982152105485,0.1011948053440343,0.0782620996185032,0.2020577826688561
286,286.0,0.0753221852862071,0.1852572134693482,0.3549376010044111,0.1018879597668765,0.0778674534253546,0.2047275870478024
287,287.0,0.0748150732654736,0.1847531434778123,0.35297770026135,0.1024689472752234,0.0774217604137249,0.2075633753064156
288,288.0,0.0741426267333528,0.1851522155368618,0.3512648470144905,0.1027733306511505,0.0767743110970741,0.20989266896707
289,289.0,0.0733488282361449,0.1851066169688142,0.3497673807309952,0.1028451090096953,0.0758251866235153,0.213106878430835
290,290.0,0.0727847705053856,0.1854458483845794,0.3480159352100515,0.1028472578342793,0.075118779085124,0.21578740898058
291,291.0,0.0722485515134719,0.1857669886515811,0.3458934343223899,0.103155795041146,0.0744229481898429,0.2185122822815679
292,292.0,0.0726228577887,0.1858280787287227,0.344212442492887,0.1032607486039457,0.0736260754091736,0.2204497969765707
293,293.0,0.0728261684995343,0.1857054372757024,0.3436437890319226,0.1031806869717782,0.0727473104648766,0.2218966077561856
294,294.0,0.0728955560003653,0.1854538343918577,0.3429225579409587,0.1029722093009117,0.0718197303486508,0.2239361120172555
295,295.0,0.0728613553834693,0.1851069331584445,0.3422577335857076,0.1026649608786711,0.0708658778015605,0.2262431391921467
296,296.0,0.0728722605666785,0.1848219317926945,0.34089707248559,0.1023439645148626,0.0700037743355465,0.2290609963046277
297,297.0,0.072777999150156,0.1845085890302296,0.3392821567053592,0.1019654428439022,0.0691216563394762,0.2323441559308766
298,298.0,0.0719285505915587,0.1849946769185629,0.3375886824496342,0.1015618488459051,0.068287694942999,0.2356385462513398
299,299.0,0.0710446191513008,0.1853391738149231,0.33585170527681,0.101083367982801,0.0681640241170642,0.2385171096571007
300,300.0,0.0701714173589115,0.1856596151802039,0.3341015763501049,0.1005830155968979,0.0680654740924446,0.2414189014214371
301,301.0,0.069311979490469,0.186286949667021,0.3318733297902531,0.1001451845781004,0.0680000348067051,0.2443825216674512
302,302.0,0.0684811480846243,0.1868637941882264,0.3297842618791239,0.0996747977951418,0.0679667683919775,0.247229229660906
303,303.0,0.067675103706191,0.1876167075646674,0.3274867868945817,0.0993066541992726,0.0679425732734279,0.2499721743618593
304,304.0,0.0689298316132102,0.1864422222383316,0.3261242879567613,0.0978452384248686,0.0685359726117511,0.2521224471550772
305,305.0,0.0698615010171221,0.1863073298484065,0.3249951936239535,0.0961221509365981,0.0688858513441611,0.2538279732297587
306,306.0,0.0707841506210664,0.186148937477159,0.3238954438453186,0.0943826022580228,0.069230612034362,0.2555582537640712
307,307.0,0.0717146114906596,0.1861212983195485,0.322411501844799,0.0926684312792756,0.0695969632791608,0.2574871937865564
308,308.0,0.072600510651822,0.1860599706707268,0.3207583132810409,0.0909610768842602,0.0701582537641664,0.2594618747479836
309,309.0,0.0734438186074792,0.1859782065672707,0.3194403336412257,0.0893758550996608,0.0706776825284881,0.2610841035558755
310,310.0,0.0742462699361185,0.1858728440542092,0.3181037845317431,0.0882076907290745,0.0711556534102725,0.2624137573385819
311,311.0,0.075011805332905,0.1857764703248049,0.3168580812792402,0.08710455633804,0.0716163572345158,0.263632729490494
312,312.0,0.0758100128369859,0.1856795102611057,0.3153968384970653,0.086052118518554,0.0720467876540199,0.265014732232269
313,313.0,0.0765616253835527,0.1855925148059668,0.314027918041982,0.0850694600821239,0.0724532601964346,0.2662952214899399
314,314.0,0.0772628614656118,0.1856268978727924,0.312578871360301,0.0841577276035235,0.0728333333741575,0.2675403083236136
315,315.0,0.0778920884174352,0.1856576563863395,0.3108192521483473,0.0833083602966748,0.0733725912810136,0.2689500514701894
316,316.0,0.0784643223056637,0.1856888407565363,0.3091103561434961,0.0825167448243697,0.0738771521008721,0.2703425838690621
317,317.0,0.0789805925958368,0.1857013160620379,0.3077677144059326,0.0817868502287005,0.0743484428632326,0.2714150838442595
318,318.0,0.0794406433742963,0.1856956851808502,0.3065428478847107,0.0810311990875058,0.0747845731829148,0.2725050512897222
319,319.0,0.0798479196216903,0.1856832090062911,0.305588226910342,0.0803526244124223,0.0751885228100384,0.2733394972392159
320,320.0,0.0802008879850734,0.1857661539638246,0.3049633726017415,0.0797427897745321,0.0755570038418922,0.2737697918329362
321,321.0,0.0804933230892573,0.1858364601061287,0.3044442668438836,0.0791736861372823,0.0758801147220155,0.2741721491014326
322,322.0,0.0807337548834215,0.185877813594543,0.3039190091104353,0.0786525581709958,0.0761642032078991,0.2746526610327054
323,323.0,0.0809297953924248,0.1859312093560192,0.3035854265829019,0.0781998461482081,0.0764122659869747,0.2749414565334714
