Total_iterations,Unnamed: 0.1,Intertwine_two,Invert_path_vertices,Insert_inside_vertex,Delete_inside_vertex,Trim_one_terminal_cb,Grow_one_terminal_cb
0,0.0,0.1666666666666665,0.1666666666666665,0.1666666666666665,0.1666666666666665,0.1666666666666665,0.1666666666666665
1,1.0,0.1666666666666665,0.1666666666666665,0.1666666666666665,0.1666666666666665,0.1666666666666665,0.1666666666666665
2,2.0,0.1666666666666665,0.1666666666666665,0.1666666666666665,0.1666666666666665,0.1666666666666665,0.1666666666666665
3,3.0,0.1666666666666665,0.1666666666666665,0.1666666666666665,0.1666666666666665,0.1666666666666665,0.1666666666666665
4,4.0,0.1666666666666665,0.1666666666666665,0.1666666666666665,0.1666666666666665,0.1666666666666665,0.1666666666666665
5,5.0,0.1666666666666665,0.1666666666666665,0.1666666666666665,0.1666666666666665,0.1666666666666665,0.1666666666666665
6,6.0,0.1666666666666665,0.1666666666666665,0.1666666666666665,0.1666666666666665,0.1666666666666665,0.1666666666666665
7,7.0,0.1666666666666665,0.1666666666666665,0.1666666666666665,0.1666666666666665,0.1666666666666665,0.1666666666666665
8,8.0,0.1666666666666665,0.1666666666666665,0.1666666666666665,0.1666666666666665,0.1666666666666665,0.1666666666666665
9,9.0,0.1666666666666665,0.1666666666666665,0.1666666666666665,0.1666666666666665,0.1666666666666665,0.1666666666666665
10,10.0,0.1666666666666665,0.1666666666666665,0.1666666666666665,0.1666666666666665,0.1666666666666665,0.1666666666666665
11,11.0,0.1666666666666665,0.1666666666666665,0.1666666666666665,0.1666666666666665,0.1666666666666665,0.1666666666666665
12,12.0,0.1666666666666665,0.1666666666666665,0.1666666666666665,0.1666666666666665,0.1666666666666665,0.1666666666666665
13,13.0,0.1666666666666665,0.1666666666666665,0.1666666666666665,0.1666666666666665,0.1666666666666665,0.1666666666666665
14,14.0,0.1666666666666665,0.1666666666666665,0.1666666666666665,0.1666666666666665,0.1666666666666665,0.1666666666666665
15,15.0,0.1666666666666665,0.1666666666666665,0.1666666666666665,0.1666666666666665,0.1666666666666665,0.1666666666666665
16,16.0,0.1666666666666665,0.1666666666666665,0.1666666666666665,0.1666666666666665,0.1666666666666665,0.1666666666666665
17,17.0,0.1666666666666665,0.1666666666666665,0.1666666666666665,0.1666666666666665,0.1666666666666665,0.1666666666666665
18,18.0,0.1666666666666665,0.1666666666666665,0.1666666666666665,0.1666666666666665,0.1666666666666665,0.1666666666666665
19,19.0,0.1666666666666665,0.1666666666666665,0.1666666666666665,0.1666666666666665,0.1666666666666665,0.1666666666666665
20,20.0,0.1666666666666665,0.1666666666666665,0.1666666666666665,0.1666666666666665,0.1666666666666665,0.1666666666666665
21,21.0,0.1666666666666665,0.1666666666666665,0.1666666666666665,0.1666666666666665,0.1666666666666665,0.1666666666666665
22,22.0,0.1666666666666665,0.1666666666666665,0.1666666666666665,0.1666666666666665,0.1666666666666665,0.1666666666666665
23,23.0,0.1666666666666665,0.1666666666666665,0.1666666666666665,0.1666666666666665,0.1666666666666665,0.1666666666666665
24,24.0,0.1666666666666665,0.1666666666666665,0.1666666666666665,0.1666666666666665,0.1666666666666665,0.1666666666666665
25,25.0,0.1666666666666665,0.1666666666666665,0.1666666666666665,0.1666666666666665,0.1666666666666665,0.1666666666666665
26,26.0,0.1666666666666665,0.1666666666666665,0.1666666666666665,0.1666666666666665,0.1666666666666665,0.1666666666666665
27,27.0,0.1666666666666665,0.1666666666666665,0.1666666666666665,0.1666666666666665,0.1666666666666665,0.1666666666666665
28,28.0,0.1666666666666665,0.1666666666666665,0.1666666666666665,0.1666666666666665,0.1666666666666665,0.1666666666666665
29,29.0,0.1666666666666665,0.1666666666666665,0.1666666666666665,0.1666666666666665,0.1666666666666665,0.1666666666666665
30,30.0,0.1666666666666665,0.1666666666666665,0.1666666666666665,0.1666666666666665,0.1666666666666665,0.1666666666666665
31,31.0,0.1666666666666665,0.1666666666666665,0.1666666666666665,0.1666666666666665,0.1666666666666665,0.1666666666666665
32,32.0,0.1666666666666665,0.1666666666666665,0.1666666666666665,0.1666666666666665,0.1666666666666665,0.1666666666666665
33,33.0,0.1666666666666665,0.1666666666666665,0.1666666666666665,0.1666666666666665,0.1666666666666665,0.1666666666666665
34,34.0,0.1666666666666665,0.1666666666666665,0.1666666666666665,0.1666666666666665,0.1666666666666665,0.1666666666666665
35,35.0,0.1666666666666665,0.1666666666666665,0.1666666666666665,0.1666666666666665,0.1666666666666665,0.1666666666666665
36,36.0,0.1666666666666665,0.1666666666666665,0.1666666666666665,0.1666666666666665,0.1666666666666665,0.1666666666666665
37,37.0,0.1666666666666665,0.1666666666666665,0.1666666666666665,0.1666666666666665,0.1666666666666665,0.1666666666666665
38,38.0,0.1666666666666665,0.1666666666666665,0.1666666666666665,0.1666666666666665,0.1666666666666665,0.1666666666666665
39,39.0,0.1666666666666665,0.1666666666666665,0.1666666666666665,0.1666666666666665,0.1666666666666665,0.1666666666666665
40,40.0,0.1666666666666665,0.1666666666666665,0.1666666666666665,0.1666666666666665,0.1666666666666665,0.1666666666666665
41,41.0,0.1666666666666665,0.1666666666666665,0.1666666666666665,0.1666666666666665,0.1666666666666665,0.1666666666666665
42,42.0,0.1666666666666665,0.1666666666666665,0.1666666666666665,0.1666666666666665,0.1666666666666665,0.1666666666666665
43,43.0,0.1666666666666665,0.1666666666666665,0.1666666666666665,0.1666666666666665,0.1666666666666665,0.1666666666666665
44,44.0,0.1666666666666665,0.1666666666666665,0.1666666666666665,0.1666666666666665,0.1666666666666665,0.1666666666666665
45,45.0,0.1666666666666665,0.1666666666666665,0.1666666666666665,0.1666666666666665,0.1666666666666665,0.1666666666666665
46,46.0,0.1666666666666665,0.1666666666666665,0.1666666666666665,0.1666666666666665,0.1666666666666665,0.1666666666666665
47,47.0,0.1666666666666665,0.1666666666666665,0.1666666666666665,0.1666666666666665,0.1666666666666665,0.1666666666666665
48,48.0,0.1666666666666665,0.1666666666666665,0.1666666666666665,0.1666666666666665,0.1666666666666665,0.1666666666666665
49,49.0,0.1666666666666665,0.1666666666666665,0.1666666666666665,0.1666666666666665,0.1666666666666665,0.1666666666666665
50,50.0,0.1666666666666665,0.1666666666666665,0.1666666666666665,0.1666666666666665,0.1666666666666665,0.1666666666666665
51,51.0,0.1666666666666665,0.1666666666666665,0.1666666666666665,0.1666666666666665,0.1666666666666665,0.1666666666666665
52,52.0,0.1666666666666665,0.1666666666666665,0.1666666666666665,0.1666666666666665,0.1666666666666665,0.1666666666666665
53,53.0,0.1666666666666665,0.1666666666666665,0.1666666666666665,0.1666666666666665,0.1666666666666665,0.1666666666666665
54,54.0,0.1666666666666665,0.1666666666666665,0.1666666666666665,0.1666666666666665,0.1666666666666665,0.1666666666666665
55,55.0,0.1666666666666665,0.1666666666666665,0.1666666666666665,0.1666666666666665,0.1666666666666665,0.1666666666666665
56,56.0,0.1666666666666665,0.1666666666666665,0.1666666666666665,0.1666666666666665,0.1666666666666665,0.1666666666666665
57,57.0,0.1666666666666665,0.1666666666666665,0.1666666666666665,0.1666666666666665,0.1666666666666665,0.1666666666666665
58,58.0,0.1666666666666665,0.1666666666666665,0.1666666666666665,0.1666666666666665,0.1666666666666665,0.1666666666666665
59,59.0,0.1666666666666665,0.1666666666666665,0.1666666666666665,0.1666666666666665,0.1666666666666665,0.1666666666666665
60,60.0,0.1666666666666665,0.1666666666666665,0.1666666666666665,0.1666666666666665,0.1666666666666665,0.1666666666666665
61,61.0,0.1666666666666665,0.1666666666666665,0.1666666666666665,0.1666666666666665,0.1666666666666665,0.1666666666666665
62,62.0,0.1666666666666665,0.1666666666666665,0.1666666666666665,0.1666666666666665,0.1666666666666665,0.1666666666666665
63,63.0,0.1666666666666665,0.1666666666666665,0.1666666666666665,0.1666666666666665,0.1666666666666665,0.1666666666666665
64,64.0,0.1666666666666665,0.1666666666666665,0.1666666666666665,0.1666666666666665,0.1666666666666665,0.1666666666666665
65,65.0,0.1666666666666665,0.1666666666666665,0.1666666666666665,0.1666666666666665,0.1666666666666665,0.1666666666666665
66,66.0,0.1666666666666665,0.1666666666666665,0.1666666666666665,0.1666666666666665,0.1666666666666665,0.1666666666666665
67,67.0,0.1666666666666665,0.1666666666666665,0.1666666666666665,0.1666666666666665,0.1666666666666665,0.1666666666666665
68,68.0,0.1666666666666665,0.1666666666666665,0.1666666666666665,0.1666666666666665,0.1666666666666665,0.1666666666666665
69,69.0,0.1666666666666665,0.1666666666666665,0.1666666666666665,0.1666666666666665,0.1666666666666665,0.1666666666666665
70,70.0,0.1666666666666665,0.1666666666666665,0.1666666666666665,0.1666666666666665,0.1666666666666665,0.1666666666666665
71,71.0,0.1666666666666665,0.1666666666666665,0.1666666666666665,0.1666666666666665,0.1666666666666665,0.1666666666666665
72,72.0,0.1666666666666665,0.1666666666666665,0.1666666666666665,0.1666666666666665,0.1666666666666665,0.1666666666666665
73,73.0,0.1666666666666665,0.1666666666666665,0.1666666666666665,0.1666666666666665,0.1666666666666665,0.1666666666666665
74,74.0,0.1666666666666665,0.1666666666666665,0.1666666666666665,0.1666666666666665,0.1666666666666665,0.1666666666666665
75,75.0,0.1666666666666665,0.1666666666666665,0.1666666666666665,0.1666666666666665,0.1666666666666665,0.1666666666666665
76,76.0,0.1666666666666665,0.1666666666666665,0.1666666666666665,0.1666666666666665,0.1666666666666665,0.1666666666666665
77,77.0,0.1666666666666665,0.1666666666666665,0.1666666666666665,0.1666666666666665,0.1666666666666665,0.1666666666666665
78,78.0,0.1666666666666665,0.1666666666666665,0.1666666666666665,0.1666666666666665,0.1666666666666665,0.1666666666666665
79,79.0,0.1666666666666665,0.1666666666666665,0.1666666666666665,0.1666666666666665,0.1666666666666665,0.1666666666666665
80,80.0,0.1666666666666665,0.1666666666666665,0.1666666666666665,0.1666666666666665,0.1666666666666665,0.1666666666666665
81,81.0,0.1666666666666665,0.1666666666666665,0.1666666666666665,0.1666666666666665,0.1666666666666665,0.1666666666666665
82,82.0,0.1666666666666665,0.1666666666666665,0.1666666666666665,0.1666666666666665,0.1666666666666665,0.1666666666666665
83,83.0,0.1666666666666665,0.1666666666666665,0.1666666666666665,0.1666666666666665,0.1666666666666665,0.1666666666666665
84,84.0,0.1666666666666665,0.1666666666666665,0.1666666666666665,0.1666666666666665,0.1666666666666665,0.1666666666666665
85,85.0,0.1666666666666665,0.1666666666666665,0.1666666666666665,0.1666666666666665,0.1666666666666665,0.1666666666666665
86,86.0,0.1666666666666665,0.1666666666666665,0.1666666666666665,0.1666666666666665,0.1666666666666665,0.1666666666666665
87,87.0,0.1666666666666665,0.1666666666666665,0.1666666666666665,0.1666666666666665,0.1666666666666665,0.1666666666666665
88,88.0,0.1666666666666665,0.1666666666666665,0.1666666666666665,0.1666666666666665,0.1666666666666665,0.1666666666666665
89,89.0,0.1666666666666665,0.1666666666666665,0.1666666666666665,0.1666666666666665,0.1666666666666665,0.1666666666666665
90,90.0,0.1666666666666665,0.1666666666666665,0.1666666666666665,0.1666666666666665,0.1666666666666665,0.1666666666666665
91,91.0,0.1666666666666665,0.1666666666666665,0.1666666666666665,0.1666666666666665,0.1666666666666665,0.1666666666666665
92,92.0,0.1666666666666665,0.1666666666666665,0.1666666666666665,0.1666666666666665,0.1666666666666665,0.1666666666666665
93,93.0,0.1666666666666665,0.1666666666666665,0.1666666666666665,0.1666666666666665,0.1666666666666665,0.1666666666666665
94,94.0,0.1666666666666665,0.1666666666666665,0.1666666666666665,0.1666666666666665,0.1666666666666665,0.1666666666666665
95,95.0,0.1666666666666665,0.1666666666666665,0.1666666666666665,0.1666666666666665,0.1666666666666665,0.1666666666666665
96,96.0,0.1666666666666665,0.1666666666666665,0.1666666666666665,0.1666666666666665,0.1666666666666665,0.1666666666666665
97,97.0,0.1666666666666665,0.1666666666666665,0.1666666666666665,0.1666666666666665,0.1666666666666665,0.1666666666666665
98,98.0,0.1666666666666665,0.1666666666666665,0.1666666666666665,0.1666666666666665,0.1666666666666665,0.1666666666666665
99,99.0,0.1666666666666665,0.1666666666666665,0.1666666666666665,0.1666666666666665,0.1666666666666665,0.1666666666666665
100,100.0,0.1666666666666665,0.1666666666666665,0.1666666666666665,0.1666666666666665,0.1666666666666665,0.1666666666666665
101,101.0,0.1666666666666665,0.1666666666666665,0.1666666666666665,0.1666666666666665,0.1666666666666665,0.1666666666666665
102,102.0,0.1666666666666665,0.1666666666666665,0.1666666666666665,0.1666666666666665,0.1666666666666665,0.1666666666666665
103,103.0,0.1666666666666665,0.1666666666666665,0.1666666666666665,0.1666666666666665,0.1666666666666665,0.1666666666666665
104,104.0,0.1666666666666665,0.1666666666666665,0.1666666666666665,0.1666666666666665,0.1666666666666665,0.1666666666666665
105,105.0,0.1666666666666665,0.1666666666666665,0.1666666666666665,0.1666666666666665,0.1666666666666665,0.1666666666666665
106,106.0,0.1666666666666665,0.1666666666666665,0.1666666666666665,0.1666666666666665,0.1666666666666665,0.1666666666666665
107,107.0,0.1666666666666665,0.1666666666666665,0.1666666666666665,0.1666666666666665,0.1666666666666665,0.1666666666666665
108,108.0,0.1666666666666665,0.1666666666666665,0.1666666666666665,0.1666666666666665,0.1666666666666665,0.1666666666666665
109,109.0,0.1666666666666665,0.1666666666666665,0.1666666666666665,0.1666666666666665,0.1666666666666665,0.1666666666666665
110,110.0,0.1666666666666665,0.1666666666666665,0.1666666666666665,0.1666666666666665,0.1666666666666665,0.1666666666666665
111,111.0,0.1666666666666665,0.1666666666666665,0.1666666666666665,0.1666666666666665,0.1666666666666665,0.1666666666666665
112,112.0,0.1666666666666665,0.1666666666666665,0.1666666666666665,0.1666666666666665,0.1666666666666665,0.1666666666666665
113,113.0,0.1666666666666665,0.1666666666666665,0.1666666666666665,0.1666666666666665,0.1666666666666665,0.1666666666666665
114,114.0,0.1666666666666665,0.1666666666666665,0.1666666666666665,0.1666666666666665,0.1666666666666665,0.1666666666666665
115,115.0,0.1666666666666665,0.1666666666666665,0.1666666666666665,0.1666666666666665,0.1666666666666665,0.1666666666666665
116,116.0,0.1666666666666665,0.1666666666666665,0.1666666666666665,0.1666666666666665,0.1666666666666665,0.1666666666666665
117,117.0,0.1666666666666665,0.1666666666666665,0.1666666666666665,0.1666666666666665,0.1666666666666665,0.1666666666666665
118,118.0,0.1666666666666665,0.1666666666666665,0.1666666666666665,0.1666666666666665,0.1666666666666665,0.1666666666666665
119,119.0,0.1666666666666665,0.1666666666666665,0.1666666666666665,0.1666666666666665,0.1666666666666665,0.1666666666666665
120,120.0,0.1666666666666665,0.1666666666666665,0.1666666666666665,0.1666666666666665,0.1666666666666665,0.1666666666666665
121,121.0,0.1666666666666665,0.1666666666666665,0.1666666666666665,0.1666666666666665,0.1666666666666665,0.1666666666666665
122,122.0,0.1666666666666665,0.1666666666666665,0.1666666666666665,0.1666666666666665,0.1666666666666665,0.1666666666666665
123,123.0,0.1666666666666665,0.1666666666666665,0.1666666666666665,0.1666666666666665,0.1666666666666665,0.1666666666666665
124,124.0,0.1666666666666665,0.1666666666666665,0.1666666666666665,0.1666666666666665,0.1666666666666665,0.1666666666666665
125,125.0,0.1666666666666665,0.1666666666666665,0.1666666666666665,0.1666666666666665,0.1666666666666665,0.1666666666666665
126,126.0,0.1666666666666665,0.1666666666666665,0.1666666666666665,0.1666666666666665,0.1666666666666665,0.1666666666666665
127,127.0,0.1666666666666665,0.1666666666666665,0.1666666666666665,0.1666666666666665,0.1666666666666665,0.1666666666666665
128,128.0,0.1666666666666665,0.1666666666666665,0.1666666666666665,0.1666666666666665,0.1666666666666665,0.1666666666666665
129,129.0,0.1666666666666665,0.1666666666666665,0.1666666666666665,0.1666666666666665,0.1666666666666665,0.1666666666666665
130,130.0,0.1666666666666665,0.1666666666666665,0.1666666666666665,0.1666666666666665,0.1666666666666665,0.1666666666666665
131,131.0,0.1666666666666665,0.1666666666666665,0.1666666666666665,0.1666666666666665,0.1666666666666665,0.1666666666666665
132,132.0,0.1666666666666665,0.1666666666666665,0.1666666666666665,0.1666666666666665,0.1666666666666665,0.1666666666666665
133,133.0,0.1666666666666665,0.1666666666666665,0.1666666666666665,0.1666666666666665,0.1666666666666665,0.1666666666666665
134,134.0,0.1666666666666665,0.1666666666666665,0.1666666666666665,0.1666666666666665,0.1666666666666665,0.1666666666666665
135,135.0,0.1666666666666665,0.1666666666666665,0.1666666666666665,0.1666666666666665,0.1666666666666665,0.1666666666666665
136,136.0,0.1666666666666665,0.1666666666666665,0.1666666666666665,0.1666666666666665,0.1666666666666665,0.1666666666666665
137,137.0,0.1666666666666665,0.1666666666666665,0.1666666666666665,0.1666666666666665,0.1666666666666665,0.1666666666666665
138,138.0,0.1666666666666665,0.1666666666666665,0.1666666666666665,0.1666666666666665,0.1666666666666665,0.1666666666666665
139,139.0,0.1666666666666665,0.1666666666666665,0.1666666666666665,0.1666666666666665,0.1666666666666665,0.1666666666666665
140,140.0,0.1666666666666665,0.1666666666666665,0.1666666666666665,0.1666666666666665,0.1666666666666665,0.1666666666666665
141,141.0,0.1666666666666665,0.1666666666666665,0.1666666666666665,0.1666666666666665,0.1666666666666665,0.1666666666666665
142,142.0,0.1666666666666665,0.1666666666666665,0.1666666666666665,0.1666666666666665,0.1666666666666665,0.1666666666666665
143,143.0,0.1666666666666665,0.1666666666666665,0.1666666666666665,0.1666666666666665,0.1666666666666665,0.1666666666666665
144,144.0,0.1666666666666665,0.1666666666666665,0.1666666666666665,0.1666666666666665,0.1666666666666665,0.1666666666666665
145,145.0,0.1666666666666665,0.1666666666666665,0.1666666666666665,0.1666666666666665,0.1666666666666665,0.1666666666666665
146,146.0,0.1666666666666665,0.1666666666666665,0.1666666666666665,0.1666666666666665,0.1666666666666665,0.1666666666666665
147,147.0,0.1666666666666665,0.1666666666666665,0.1666666666666665,0.1666666666666665,0.1666666666666665,0.1666666666666665
148,148.0,0.1666666666666665,0.1666666666666665,0.1666666666666665,0.1666666666666665,0.1666666666666665,0.1666666666666665
149,149.0,0.1666666666666665,0.1666666666666665,0.1666666666666665,0.1666666666666665,0.1666666666666665,0.1666666666666665
150,150.0,0.1666666666666665,0.1666666666666665,0.1666666666666665,0.1666666666666665,0.1666666666666665,0.1666666666666665
151,151.0,0.1666666666666665,0.1666666666666665,0.1666666666666665,0.1666666666666665,0.1666666666666665,0.1666666666666665
152,152.0,0.1666666666666665,0.1666666666666665,0.1666666666666665,0.1666666666666665,0.1666666666666665,0.1666666666666665
153,153.0,0.1666666666666665,0.1666666666666665,0.1666666666666665,0.1666666666666665,0.1666666666666665,0.1666666666666665
154,154.0,0.1666666666666665,0.1666666666666665,0.1666666666666665,0.1666666666666665,0.1666666666666665,0.1666666666666665
155,155.0,0.1666666666666665,0.1666666666666665,0.1666666666666665,0.1666666666666665,0.1666666666666665,0.1666666666666665
156,156.0,0.1666666666666665,0.1666666666666665,0.1666666666666665,0.1666666666666665,0.1666666666666665,0.1666666666666665
157,157.0,0.1666666666666665,0.1666666666666665,0.1666666666666665,0.1666666666666665,0.1666666666666665,0.1666666666666665
158,158.0,0.1666666666666665,0.1666666666666665,0.1666666666666665,0.1666666666666665,0.1666666666666665,0.1666666666666665
159,159.0,0.1666666666666665,0.1666666666666665,0.1666666666666665,0.1666666666666665,0.1666666666666665,0.1666666666666665
160,160.0,0.1666666666666665,0.1666666666666665,0.1666666666666665,0.1666666666666665,0.1666666666666665,0.1666666666666665
161,161.0,0.1666666666666665,0.1666666666666665,0.1666666666666665,0.1666666666666665,0.1666666666666665,0.1666666666666665
162,162.0,0.1666666666666665,0.1666666666666665,0.1666666666666665,0.1666666666666665,0.1666666666666665,0.1666666666666665
163,163.0,0.1666666666666665,0.1666666666666665,0.1666666666666665,0.1666666666666665,0.1666666666666665,0.1666666666666665
164,164.0,0.1666666666666665,0.1666666666666665,0.1666666666666665,0.1666666666666665,0.1666666666666665,0.1666666666666665
165,165.0,0.1666666666666665,0.1666666666666665,0.1666666666666665,0.1666666666666665,0.1666666666666665,0.1666666666666665
166,166.0,0.1666666666666665,0.1666666666666665,0.1666666666666665,0.1666666666666665,0.1666666666666665,0.1666666666666665
167,167.0,0.1666666666666665,0.1666666666666665,0.1666666666666665,0.1666666666666665,0.1666666666666665,0.1666666666666665
168,168.0,0.1666666666666665,0.1666666666666665,0.1666666666666665,0.1666666666666665,0.1666666666666665,0.1666666666666665
169,169.0,0.1666666666666665,0.1666666666666665,0.1666666666666665,0.1666666666666665,0.1666666666666665,0.1666666666666665
170,170.0,0.1666666666666665,0.1666666666666665,0.1666666666666665,0.1666666666666665,0.1666666666666665,0.1666666666666665
171,171.0,0.1666666666666665,0.1666666666666665,0.1666666666666665,0.1666666666666665,0.1666666666666665,0.1666666666666665
172,172.0,0.1666666666666665,0.1666666666666665,0.1666666666666665,0.1666666666666665,0.1666666666666665,0.1666666666666665
173,173.0,0.1666666666666665,0.1666666666666665,0.1666666666666665,0.1666666666666665,0.1666666666666665,0.1666666666666665
174,174.0,0.1666666666666665,0.1666666666666665,0.1666666666666665,0.1666666666666665,0.1666666666666665,0.1666666666666665
175,175.0,0.1666666666666665,0.1666666666666665,0.1666666666666665,0.1666666666666665,0.1666666666666665,0.1666666666666665
176,176.0,0.1666666666666665,0.1666666666666665,0.1666666666666665,0.1666666666666665,0.1666666666666665,0.1666666666666665
177,177.0,0.1666666666666665,0.1666666666666665,0.1666666666666665,0.1666666666666665,0.1666666666666665,0.1666666666666665
178,178.0,0.1666666666666665,0.1666666666666665,0.1666666666666665,0.1666666666666665,0.1666666666666665,0.1666666666666665
179,179.0,0.1666666666666665,0.1666666666666665,0.1666666666666665,0.1666666666666665,0.1666666666666665,0.1666666666666665
180,180.0,0.1666666666666665,0.1666666666666665,0.1666666666666665,0.1666666666666665,0.1666666666666665,0.1666666666666665
181,181.0,0.1666666666666665,0.1666666666666665,0.1666666666666665,0.1666666666666665,0.1666666666666665,0.1666666666666665
182,182.0,0.1666666666666665,0.1666666666666665,0.1666666666666665,0.1666666666666665,0.1666666666666665,0.1666666666666665
183,183.0,0.1666666666666665,0.1666666666666665,0.1666666666666665,0.1666666666666665,0.1666666666666665,0.1666666666666665
184,184.0,0.1666666666666665,0.1666666666666665,0.1666666666666665,0.1666666666666665,0.1666666666666665,0.1666666666666665
185,185.0,0.1666666666666665,0.1666666666666665,0.1666666666666665,0.1666666666666665,0.1666666666666665,0.1666666666666665
186,186.0,0.1666666666666665,0.1666666666666665,0.1666666666666665,0.1666666666666665,0.1666666666666665,0.1666666666666665
187,187.0,0.1666666666666665,0.1666666666666665,0.1666666666666665,0.1666666666666665,0.1666666666666665,0.1666666666666665
188,188.0,0.1666666666666665,0.1666666666666665,0.1666666666666665,0.1666666666666665,0.1666666666666665,0.1666666666666665
189,189.0,0.1666666666666665,0.1666666666666665,0.1666666666666665,0.1666666666666665,0.1666666666666665,0.1666666666666665
190,190.0,0.1666666666666665,0.1666666666666665,0.1666666666666665,0.1666666666666665,0.1666666666666665,0.1666666666666665
191,191.0,0.1666666666666665,0.1666666666666665,0.1666666666666665,0.1666666666666665,0.1666666666666665,0.1666666666666665
192,192.0,0.1666666666666665,0.1666666666666665,0.1666666666666665,0.1666666666666665,0.1666666666666665,0.1666666666666665
193,193.0,0.1666666666666665,0.1666666666666665,0.1666666666666665,0.1666666666666665,0.1666666666666665,0.1666666666666665
194,194.0,0.1666666666666665,0.1666666666666665,0.1666666666666665,0.1666666666666665,0.1666666666666665,0.1666666666666665
195,195.0,0.1666666666666665,0.1666666666666665,0.1666666666666665,0.1666666666666665,0.1666666666666665,0.1666666666666665
196,196.0,0.1666666666666665,0.1666666666666665,0.1666666666666665,0.1666666666666665,0.1666666666666665,0.1666666666666665
197,197.0,0.1666666666666665,0.1666666666666665,0.1666666666666665,0.1666666666666665,0.1666666666666665,0.1666666666666665
198,198.0,0.1666666666666665,0.1666666666666665,0.1666666666666665,0.1666666666666665,0.1666666666666665,0.1666666666666665
199,199.0,0.1666666666666665,0.1666666666666665,0.1666666666666665,0.1666666666666665,0.1666666666666665,0.1666666666666665
200,200.0,0.1661742949607026,0.1662713823393434,0.1661742949607026,0.1690314378178455,0.1661742949607026,0.1661742949607026
201,201.0,0.1655082755432269,0.1657014794267221,0.1655082755432269,0.1710154184003697,0.1667582755432269,0.1655082755432269
202,202.0,0.1649687877807197,0.1647367926981324,0.1635402163521483,0.1736887957172276,0.169525191099623,0.1635402163521483
203,203.0,0.1642578085945445,0.1635274575034673,0.1614149514516874,0.1768893378802588,0.172495493118354,0.1614149514516874
204,204.0,0.1632900594229846,0.1627747564056912,0.1589618773501555,0.1800813713458562,0.1759300581251566,0.1589618773501555
205,205.0,0.1621090283971946,0.1617033244991472,0.1563346746436932,0.1841082662063137,0.1794100316099576,0.1563346746436932
206,206.0,0.1614295223445238,0.1603744138524421,0.1536900691005463,0.1879836133608868,0.1829303514567406,0.15359202988486
207,207.0,0.1606522730722763,0.1589151983091959,0.1510537676764528,0.192619237019041,0.1859008542857964,0.1508586696372371
208,208.0,0.1597699909570605,0.1573291993705413,0.148425731241559,0.1966457750270056,0.1896938760838429,0.1481354273199905
209,209.0,0.1588068983518685,0.1556502601096808,0.1458359014121052,0.2001014130762328,0.1941525157360463,0.145453011314066
210,210.0,0.1577837984817454,0.153907727200063,0.1438355908666868,0.2030201897889653,0.198615611262777,0.1428370823997622
211,211.0,0.1567187545737168,0.1521272168374912,0.141887682284186,0.2054339295390512,0.203523434106663,0.1403089826588914
212,212.0,0.1556275513202778,0.1503311464072274,0.1400073544037601,0.2078495750663571,0.208298097467951,0.1378862753344263
213,213.0,0.1545673091254784,0.1486040536287469,0.1382502448709806,0.2104696700941903,0.212503910157086,0.1356048121235173
214,214.0,0.1521173713735635,0.1475122757169437,0.1366220114431428,0.21268711120588,0.2175875385168199,0.1334736917436498
215,215.0,0.1495485218535304,0.1453193692920484,0.1349476494140833,0.2146304984978508,0.2242569787807254,0.1312969821617614
216,216.0,0.14696976880882,0.1431311857934285,0.1333199438356436,0.2169208987172499,0.2304405267843178,0.1292176760605398
217,217.0,0.1444080672027486,0.1415576382748953,0.1317506831989476,0.2189073521938978,0.236129039445962,0.1272472196835484
218,218.0,0.14188695630129,0.1399906003802872,0.130249343009965,0.2211608971440514,0.2408830782134299,0.1258291249509762
219,219.0,0.139463050937782,0.1384626574319321,0.1288596074205985,0.223270774862407,0.2453952008158799,0.1245487085314004
220,220.0,0.1371505402313003,0.1369845206031598,0.127583883946016,0.2247272888680832,0.2501490889744875,0.1234046773769529
221,221.0,0.1348220333021945,0.1365372376082746,0.1262841520884724,0.2254378075010052,0.2546633127484004,0.1222554567516527
222,222.0,0.1335157026653059,0.1359237715404122,0.1249890978281269,0.2259326334149273,0.2589472315277972,0.1206915630234303
223,223.0,0.1323559578252585,0.1358287856311983,0.1238247677753402,0.2260213259885922,0.2626941921644476,0.119274970615163
224,224.0,0.1294141901708733,0.1356569925381667,0.1222989679386844,0.2284094023612971,0.2667060965432398,0.1175143504477384
225,225.0,0.1263295296557685,0.1351193949828857,0.1205851930006985,0.2314303553528099,0.2709336098612763,0.1156019171465608
226,226.0,0.1230106539176098,0.134156730721574,0.1185825576484976,0.2367734955990225,0.2740410440088358,0.11343551810446
227,227.0,0.119553171651462,0.1339745008299536,0.1163785880770182,0.2428289591015821,0.2761635680386567,0.1111012123013272
228,228.0,0.1161380144201034,0.1341364673444208,0.1141475546308223,0.2477484405891108,0.2790578934569275,0.1087716295586149
229,229.0,0.1127902134770779,0.1348143948608163,0.1119091792161453,0.2531999627799206,0.2808215440836225,0.1064647055824172
230,230.0,0.1096187122356351,0.1353908386133111,0.109768370307604,0.2589678433492568,0.2819707907256952,0.1042834447684975
231,231.0,0.1063351720334398,0.1345684495670165,0.107445439382921,0.2669981901924952,0.2827180791199517,0.1019346697041757
232,232.0,0.1040202054808977,0.1330152945894399,0.1047644827699681,0.2743525511289698,0.2842613640623715,0.0995861019683528
233,233.0,0.1017032776064614,0.131197751583173,0.1020955695531198,0.2818068086057901,0.2859382740240862,0.0972583186273692
234,234.0,0.0995285097816427,0.1292804614409962,0.0995167586673304,0.2878245545913876,0.2888246223010959,0.0950250932175469
235,235.0,0.0979658095951218,0.1282347550599654,0.0968020756986175,0.2933714371378185,0.2909693725983432,0.0926565499101334
236,236.0,0.0962585105038022,0.1285804791292793,0.094025673398334,0.2978112671716796,0.2931007451555688,0.0902233246413358
237,237.0,0.0944474408745302,0.1293935595175623,0.0918937868710968,0.3014219063256284,0.2950814560694116,0.0877618503417705
238,238.0,0.0926974646449795,0.130690554191043,0.0902306119734118,0.3045722275035823,0.2964589131276018,0.0853502285593815
239,239.0,0.0909753162243986,0.1317913550588813,0.0886112532782257,0.3081722505933914,0.2974035572645696,0.0830462675805335
240,240.0,0.0894142689343286,0.1328220176449779,0.0871284727550882,0.3116605347201431,0.298068630392569,0.0809060755528932
241,241.0,0.0881034116655487,0.1322310722782984,0.0868726300625564,0.314576795367244,0.2991918245938068,0.0790242660325456
242,242.0,0.0868487901308385,0.1312940531720741,0.0865502298953998,0.3169462150419502,0.3002398458444605,0.0781208659152769
243,243.0,0.0857373652217685,0.1302972205598683,0.0863325979251699,0.3191742632588139,0.3010896283409791,0.0773689246934003
244,244.0,0.0847641435864328,0.1292533601202778,0.0862092352044125,0.3213144681125322,0.3016997650251818,0.0767590279511628
245,245.0,0.0839340075310373,0.1272976427799397,0.0861912636802001,0.3232539628614268,0.3030310825221471,0.0762920406252489
246,246.0,0.083171336558234,0.1252130976668919,0.0861229530724548,0.3257598432907639,0.3039197986400355,0.0758129707716197
247,247.0,0.0819309255167426,0.123157603373451,0.0860930142969375,0.3279415371035208,0.3055077751331013,0.0753691445762467
248,248.0,0.0808291264793763,0.1211621798253333,0.0858159424880691,0.3298596722948797,0.3072827367138618,0.0750503421984797
249,249.0,0.0798498825197897,0.1194596359521155,0.0856060079509666,0.3312930112953384,0.3089574267177606,0.0748340355640291
250,250.0,0.0789097409871202,0.1177072525681659,0.0846083759519134,0.3328670325202013,0.3112347827237049,0.0746728152488942
251,251.0,0.077976539011634,0.1158353800211865,0.0835664462070339,0.3343222842558552,0.3138299000714272,0.074469450432863
252,252.0,0.0771314680843327,0.1139867045715862,0.0825676212153248,0.3353670667227816,0.3160089868316197,0.0749381525743549
253,253.0,0.0763917133384814,0.1122257101238669,0.0816351262801964,0.3359191857797235,0.3183608318498615,0.0754674326278701
254,254.0,0.0757575374498473,0.1105685261793072,0.0807750500917958,0.336361847780491,0.3204877017504335,0.0760493367481249
255,255.0,0.0752829075087601,0.1084600344265963,0.0800469347544992,0.3358912898550524,0.3233108104736277,0.0770080229814642
256,256.0,0.0747734067224417,0.1062550278902699,0.079261656839135,0.3354504723823003,0.3261282408349813,0.0781311953308717
257,257.0,0.0742375876250856,0.1039858497104558,0.0784327558244708,0.3356674335984274,0.3285939838270797,0.0790823894144805
258,258.0,0.0741826457675313,0.1016808768081713,0.0775720885593453,0.3357535508723087,0.3303532439438158,0.0804575940488275
259,259.0,0.0741280462920872,0.0996093508123412,0.0767322513129785,0.3360488848375681,0.3316942349858269,0.081787231759198
260,260.0,0.0740981937450435,0.0976123249531655,0.0759220236742764,0.3364483580983004,0.3324248243376272,0.0834942751915868
261,261.0,0.0740898438623311,0.0959052636828479,0.0751454788621601,0.3366487194588018,0.3326906468005253,0.0855200473333338
262,262.0,0.0740319607158581,0.0942108075345417,0.0748596899032512,0.3368409138212033,0.3327730963799829,0.0872835316451627
263,263.0,0.0739550395174777,0.0925957357224826,0.0745936844821999,0.3371511846851883,0.3327676481166042,0.0889367074760473
264,264.0,0.0738561606210028,0.0910583772186406,0.0743428810168334,0.3373126102555162,0.3329613806116872,0.0904685902763197
265,265.0,0.0737361177904734,0.0896029449396534,0.0741062388703431,0.3369968907591445,0.3336840193657433,0.0918737882746423
266,266.0,0.0736025521966117,0.0882391519930506,0.0738894172967027,0.3368612242745424,0.3342454175613697,0.0931622366777228
267,267.0,0.0734517129575719,0.0869712968860765,0.0736865625006446,0.3369070663274396,0.3346607919560018,0.0943225693722654
268,268.0,0.0733242528187466,0.0860180310981617,0.073522902828035,0.3367611141017866,0.3350062659701647,0.0953674331831053
269,269.0,0.0733039233696569,0.084770773898389,0.0735692055555272,0.3351344587447495,0.3364004528787904,0.0968211855528868
270,270.0,0.0732669665114452,0.0832366703559423,0.0735786715881931,0.3334224667300589,0.3379854619343454,0.098509762880015
271,271.0,0.0731770391457563,0.0817736355287014,0.0735299140391908,0.3320653925184038,0.3395997347424461,0.0998542840255015
272,272.0,0.0730644848286756,0.0804131759111839,0.0734801163723627,0.3309264215552309,0.3410575309734638,0.1010582703590829
273,273.0,0.0729677631991007,0.0791875305105343,0.0734538682329049,0.329766424916422,0.3424880673635355,0.1021363457775023
274,274.0,0.072887064721576,0.0780893206042911,0.0734498836664743,0.3285055916666274,0.343979559089441,0.1030885802515901
275,275.0,0.0727536836843054,0.0770542535404346,0.0738832442434658,0.3270661339580513,0.3455279028056387,0.1037147817681041
276,276.0,0.0726302587571701,0.0761333831575452,0.0743252578302417,0.3256672944342568,0.3470254876837977,0.1042183181369884
277,277.0,0.0719186359787318,0.0764848620056785,0.0744579606759735,0.3245163174180772,0.3477438622863836,0.1048783616351553
278,278.0,0.070997778122003,0.0777757197232678,0.0743235506859736,0.3233455652039302,0.3485006197758544,0.1050567664889709
279,279.0,0.0700623793325187,0.0791043157503652,0.074114080650115,0.3224063746823803,0.3493407902659617,0.1049720593186589
280,280.0,0.069143213507727,0.0804718586202377,0.0738946902121496,0.3215952048465378,0.3501007217350903,0.1047943110782574
281,281.0,0.0680893416473334,0.0814249605307299,0.0734738260705366,0.3210636756420419,0.3516967612163755,0.1042514348929825
282,282.0,0.06704575717335,0.0823603351414207,0.0729961036992237,0.3206242454130816,0.3530791021395894,0.1038944564333345
283,283.0,0.0660138816690999,0.0832615348253438,0.0724632313913491,0.3200336080409534,0.3549056988171008,0.1033220452561529
284,284.0,0.0650008556489053,0.0841200967133493,0.071883247799103,0.3194398874142619,0.3566295122015432,0.1029264002228371
285,285.0,0.0640129486376933,0.0849288815791682,0.0712638740991617,0.3191093950004935,0.3583431262119537,0.1023417744715294
286,286.0,0.0629732093644837,0.0863774158145699,0.0705547341229097,0.3186920450122582,0.3596120164621369,0.1017905792236414
287,287.0,0.0619076439420143,0.0883371360387009,0.0697823213915463,0.318135293417382,0.3607196394184728,0.1011179657918833
288,288.0,0.060833786855027,0.0907035640579799,0.0686078406663449,0.3175337812085658,0.3619730626285069,0.1003479645835752
289,289.0,0.0605208705994988,0.0925980176392492,0.0673931061147944,0.3172159543700036,0.3627810938735183,0.0994909574029353
290,290.0,0.0602580480507161,0.0943872348646625,0.0662087159532298,0.316911076114436,0.3636166687754728,0.0986182562414826
291,291.0,0.0600441627045156,0.0963082110378616,0.0651881610754152,0.3163501640596298,0.364725437112357,0.0973838640102206
292,292.0,0.0600096906220672,0.0981063972206986,0.0641984273419262,0.3158174925785585,0.3658168703908026,0.0960511218459466
293,293.0,0.0600153817063829,0.0997771294615108,0.0635809084537024,0.3149737579046621,0.3670118139904175,0.0946410084833239
294,294.0,0.0600392769871223,0.1014237489549902,0.0629755326418219,0.3144172843863011,0.367662076228766,0.093482080800998
295,295.0,0.0600835119019772,0.1029188018747662,0.0623888390855024,0.3140214593587459,0.3683279185392274,0.0922594692397805
296,296.0,0.0601455880934251,0.1042658421106688,0.0618252707213411,0.3134864393498875,0.3692876400955182,0.0909892196291589
297,297.0,0.0603687915648816,0.1054867162464937,0.0613318421227491,0.3128572090718801,0.3702648084018265,0.0896906325921685
298,298.0,0.0606092181464358,0.1065689055309087,0.0608712479139654,0.3122189871536455,0.3713546059945491,0.088377035260495
299,299.0,0.0608597172587456,0.1075120132228792,0.0604387782099556,0.3115495061928047,0.3723124176593649,0.0873275674562495
300,300.0,0.0611205963320109,0.1083221705941663,0.0600573997882372,0.3108971706948594,0.3731237407451597,0.086478921845566
301,301.0,0.0613925889790749,0.1090101273490261,0.0597268839394678,0.3102414671637619,0.3739271973264509,0.0857017352422179
302,302.0,0.0616614139577801,0.1097875504116514,0.059712625149504,0.309578646442141,0.3745468636705567,0.0847129003683662
303,303.0,0.06191627967028,0.1104237946507773,0.0597020489445498,0.3087567719341338,0.3754838801805001,0.0837172246197586
304,304.0,0.0622795317715718,0.1109175994745067,0.0596907265461093,0.3080474105876933,0.3763475002594527,0.0827172313606658
305,305.0,0.0626165558690776,0.1112756356871671,0.0596763232900327,0.3074697052878359,0.3769868539051113,0.0819749259607751
306,306.0,0.0629313341706482,0.1115117384213318,0.0596824737737826,0.3069435936558514,0.3776302784886592,0.0813005814897264
307,307.0,0.0633728743809487,0.1103745447143815,0.0598925386827447,0.307140619868244,0.3784426123025158,0.0807768100511651
308,308.0,0.0637928580412723,0.1092764931324958,0.0601155347197647,0.3072102206617068,0.3792848747928429,0.0803200186519171
309,309.0,0.0641832007011312,0.1081054957803732,0.0603464300357645,0.3072600854506329,0.3801787479829588,0.0799260400491392
310,310.0,0.0645460379131555,0.106994382980625,0.0605853470958268,0.3073015812806502,0.3809805796457687,0.0795920710839736
311,311.0,0.0648999120112434,0.1058694528956522,0.0606349827422207,0.3075871614391998,0.3813345763403754,0.0796739145713083
312,312.0,0.0652116524072444,0.1047050143265297,0.0606622556699833,0.3078657550130229,0.3818298335033295,0.0797254890798901
313,313.0,0.0654920742842283,0.1035338199158325,0.060672508438428,0.3081675246684035,0.3821277693931523,0.0800063032999551
314,314.0,0.065747626576566,0.1023739704438911,0.0606860667334859,0.3084079996634078,0.3823375231927942,0.0804468133898549
315,315.0,0.0659794858102261,0.1012425966758132,0.0604446609803567,0.3084592344192425,0.3826968987139011,0.0811771234004601
316,316.0,0.0662841058447104,0.1001126291284626,0.0601851913928272,0.3083826547459946,0.3829506536432852,0.0820847652447199
317,317.0,0.0665556755593136,0.0991003764013342,0.0600216450605908,0.3083422093231703,0.382987596060054,0.082992497595537
318,318.0,0.0668008139821011,0.0981303406320199,0.059863599905594,0.3083334512846551,0.3829783003690284,0.0838934938266013
319,319.0,0.0669069464925632,0.0969665830210766,0.0596631675632819,0.3079003632295093,0.3834601095771244,0.0851028301164444
320,320.0,0.0670057178349115,0.0958808530410967,0.0594761144658702,0.3067143361740596,0.3845393032472693,0.0863836752367924
321,321.0,0.0670637861105088,0.094836394400339,0.0592791695901422,0.3057716155744667,0.3852771766983437,0.0877718576261994
322,322.0,0.0670903147676234,0.0938447742630905,0.0590752320653707,0.3048923145763972,0.385845344415422,0.0892520199120959
