,Unnamed: 0,Total_iterations,Intertwine_two,Invert_path_vertices,Insert_inside_vertex,Delete_inside_vertex,Replace_inside_vertex,Donate_between_routes,Trim_one_terminal_cb,Grow_one_terminal_cb
0,0.0,0.0,0.125,0.125,0.125,0.125,0.125,0.125,0.125,0.125
1,1.0,1.0,0.125,0.125,0.125,0.125,0.125,0.125,0.125,0.125
2,2.0,2.0,0.125,0.125,0.125,0.125,0.125,0.125,0.125,0.125
3,3.0,3.0,0.125,0.125,0.125,0.125,0.125,0.125,0.125,0.125
4,4.0,4.0,0.125,0.125,0.125,0.125,0.125,0.125,0.125,0.125
5,5.0,5.0,0.125,0.125,0.125,0.125,0.125,0.125,0.125,0.125
6,6.0,6.0,0.125,0.125,0.125,0.125,0.125,0.125,0.125,0.125
7,7.0,7.0,0.125,0.125,0.125,0.125,0.125,0.125,0.125,0.125
8,8.0,8.0,0.125,0.125,0.125,0.125,0.125,0.125,0.125,0.125
9,9.0,9.0,0.125,0.125,0.125,0.125,0.125,0.125,0.125,0.125
10,10.0,10.0,0.125,0.125,0.125,0.125,0.125,0.125,0.125,0.125
11,11.0,11.0,0.125,0.125,0.125,0.125,0.125,0.125,0.125,0.125
12,12.0,12.0,0.125,0.125,0.125,0.125,0.125,0.125,0.125,0.125
13,13.0,13.0,0.125,0.125,0.125,0.125,0.125,0.125,0.125,0.125
14,14.0,14.0,0.125,0.125,0.125,0.125,0.125,0.125,0.125,0.125
15,15.0,15.0,0.125,0.125,0.125,0.125,0.125,0.125,0.125,0.125
16,16.0,16.0,0.125,0.125,0.125,0.125,0.125,0.125,0.125,0.125
17,17.0,17.0,0.125,0.125,0.125,0.125,0.125,0.125,0.125,0.125
18,18.0,18.0,0.125,0.125,0.125,0.125,0.125,0.125,0.125,0.125
19,19.0,19.0,0.125,0.125,0.125,0.125,0.125,0.125,0.125,0.125
20,20.0,20.0,0.125,0.125,0.125,0.125,0.125,0.125,0.125,0.125
21,21.0,21.0,0.125,0.125,0.125,0.125,0.125,0.125,0.125,0.125
22,22.0,22.0,0.125,0.125,0.125,0.125,0.125,0.125,0.125,0.125
23,23.0,23.0,0.125,0.125,0.125,0.125,0.125,0.125,0.125,0.125
24,24.0,24.0,0.125,0.125,0.125,0.125,0.125,0.125,0.125,0.125
25,25.0,25.0,0.125,0.125,0.125,0.125,0.125,0.125,0.125,0.125
26,26.0,26.0,0.125,0.125,0.125,0.125,0.125,0.125,0.125,0.125
27,27.0,27.0,0.125,0.125,0.125,0.125,0.125,0.125,0.125,0.125
28,28.0,28.0,0.125,0.125,0.125,0.125,0.125,0.125,0.125,0.125
29,29.0,29.0,0.125,0.125,0.125,0.125,0.125,0.125,0.125,0.125
30,30.0,30.0,0.125,0.125,0.125,0.125,0.125,0.125,0.125,0.125
31,31.0,31.0,0.125,0.125,0.125,0.125,0.125,0.125,0.125,0.125
32,32.0,32.0,0.125,0.125,0.125,0.125,0.125,0.125,0.125,0.125
33,33.0,33.0,0.125,0.125,0.125,0.125,0.125,0.125,0.125,0.125
34,34.0,34.0,0.125,0.125,0.125,0.125,0.125,0.125,0.125,0.125
35,35.0,35.0,0.125,0.125,0.125,0.125,0.125,0.125,0.125,0.125
36,36.0,36.0,0.125,0.125,0.125,0.125,0.125,0.125,0.125,0.125
37,37.0,37.0,0.125,0.125,0.125,0.125,0.125,0.125,0.125,0.125
38,38.0,38.0,0.125,0.125,0.125,0.125,0.125,0.125,0.125,0.125
39,39.0,39.0,0.125,0.125,0.125,0.125,0.125,0.125,0.125,0.125
40,40.0,40.0,0.125,0.125,0.125,0.125,0.125,0.125,0.125,0.125
41,41.0,41.0,0.125,0.125,0.125,0.125,0.125,0.125,0.125,0.125
42,42.0,42.0,0.125,0.125,0.125,0.125,0.125,0.125,0.125,0.125
43,43.0,43.0,0.125,0.125,0.125,0.125,0.125,0.125,0.125,0.125
44,44.0,44.0,0.125,0.125,0.125,0.125,0.125,0.125,0.125,0.125
45,45.0,45.0,0.125,0.125,0.125,0.125,0.125,0.125,0.125,0.125
46,46.0,46.0,0.125,0.125,0.125,0.125,0.125,0.125,0.125,0.125
47,47.0,47.0,0.125,0.125,0.125,0.125,0.125,0.125,0.125,0.125
48,48.0,48.0,0.125,0.125,0.125,0.125,0.125,0.125,0.125,0.125
49,49.0,49.0,0.125,0.125,0.125,0.125,0.125,0.125,0.125,0.125
50,50.0,50.0,0.125,0.125,0.125,0.125,0.125,0.125,0.125,0.125
51,51.0,51.0,0.125,0.125,0.125,0.125,0.125,0.125,0.125,0.125
52,52.0,52.0,0.125,0.125,0.125,0.125,0.125,0.125,0.125,0.125
53,53.0,53.0,0.125,0.125,0.125,0.125,0.125,0.125,0.125,0.125
54,54.0,54.0,0.125,0.125,0.125,0.125,0.125,0.125,0.125,0.125
55,55.0,55.0,0.125,0.125,0.125,0.125,0.125,0.125,0.125,0.125
56,56.0,56.0,0.125,0.125,0.125,0.125,0.125,0.125,0.125,0.125
57,57.0,57.0,0.125,0.125,0.125,0.125,0.125,0.125,0.125,0.125
58,58.0,58.0,0.125,0.125,0.125,0.125,0.125,0.125,0.125,0.125
59,59.0,59.0,0.125,0.125,0.125,0.125,0.125,0.125,0.125,0.125
60,60.0,60.0,0.125,0.125,0.125,0.125,0.125,0.125,0.125,0.125
61,61.0,61.0,0.125,0.125,0.125,0.125,0.125,0.125,0.125,0.125
62,62.0,62.0,0.125,0.125,0.125,0.125,0.125,0.125,0.125,0.125
63,63.0,63.0,0.125,0.125,0.125,0.125,0.125,0.125,0.125,0.125
64,64.0,64.0,0.125,0.125,0.125,0.125,0.125,0.125,0.125,0.125
65,65.0,65.0,0.125,0.125,0.125,0.125,0.125,0.125,0.125,0.125
66,66.0,66.0,0.125,0.125,0.125,0.125,0.125,0.125,0.125,0.125
67,67.0,67.0,0.125,0.125,0.125,0.125,0.125,0.125,0.125,0.125
68,68.0,68.0,0.125,0.125,0.125,0.125,0.125,0.125,0.125,0.125
69,69.0,69.0,0.125,0.125,0.125,0.125,0.125,0.125,0.125,0.125
70,70.0,70.0,0.125,0.125,0.125,0.125,0.125,0.125,0.125,0.125
71,71.0,71.0,0.125,0.125,0.125,0.125,0.125,0.125,0.125,0.125
72,72.0,72.0,0.125,0.125,0.125,0.125,0.125,0.125,0.125,0.125
73,73.0,73.0,0.125,0.125,0.125,0.125,0.125,0.125,0.125,0.125
74,74.0,74.0,0.125,0.125,0.125,0.125,0.125,0.125,0.125,0.125
75,75.0,75.0,0.125,0.125,0.125,0.125,0.125,0.125,0.125,0.125
76,76.0,76.0,0.125,0.125,0.125,0.125,0.125,0.125,0.125,0.125
77,77.0,77.0,0.125,0.125,0.125,0.125,0.125,0.125,0.125,0.125
78,78.0,78.0,0.125,0.125,0.125,0.125,0.125,0.125,0.125,0.125
79,79.0,79.0,0.125,0.125,0.125,0.125,0.125,0.125,0.125,0.125
80,80.0,80.0,0.125,0.125,0.125,0.125,0.125,0.125,0.125,0.125
81,81.0,81.0,0.125,0.125,0.125,0.125,0.125,0.125,0.125,0.125
82,82.0,82.0,0.125,0.125,0.125,0.125,0.125,0.125,0.125,0.125
83,83.0,83.0,0.125,0.125,0.125,0.125,0.125,0.125,0.125,0.125
84,84.0,84.0,0.125,0.125,0.125,0.125,0.125,0.125,0.125,0.125
85,85.0,85.0,0.125,0.125,0.125,0.125,0.125,0.125,0.125,0.125
86,86.0,86.0,0.125,0.125,0.125,0.125,0.125,0.125,0.125,0.125
87,87.0,87.0,0.125,0.125,0.125,0.125,0.125,0.125,0.125,0.125
88,88.0,88.0,0.125,0.125,0.125,0.125,0.125,0.125,0.125,0.125
89,89.0,89.0,0.125,0.125,0.125,0.125,0.125,0.125,0.125,0.125
90,90.0,90.0,0.125,0.125,0.125,0.125,0.125,0.125,0.125,0.125
91,91.0,91.1,0.125,0.125,0.125,0.125,0.125,0.125,0.125,0.125
92,92.0,92.1,0.125,0.125,0.125,0.125,0.125,0.125,0.125,0.125
93,93.0,93.1,0.125,0.125,0.125,0.125,0.125,0.125,0.125,0.125
94,94.0,94.1,0.125,0.125,0.125,0.125,0.125,0.125,0.125,0.125
95,95.0,95.2,0.125,0.125,0.125,0.125,0.125,0.125,0.125,0.125
96,96.0,96.2,0.125,0.125,0.125,0.125,0.125,0.125,0.125,0.125
97,97.0,97.3,0.125,0.125,0.125,0.125,0.125,0.125,0.125,0.125
98,98.0,98.3,0.125,0.125,0.125,0.125,0.125,0.125,0.125,0.125
99,99.0,99.3,0.125,0.125,0.125,0.125,0.125,0.125,0.125,0.125
100,100.0,100.3,0.125,0.125,0.125,0.125,0.125,0.125,0.125,0.125
101,101.0,101.3,0.125,0.125,0.125,0.125,0.125,0.125,0.125,0.125
102,102.0,102.3,0.125,0.125,0.125,0.125,0.125,0.125,0.125,0.125
103,103.0,103.3,0.125,0.125,0.125,0.125,0.125,0.125,0.125,0.125
104,104.0,104.3,0.125,0.125,0.125,0.125,0.125,0.125,0.125,0.125
105,105.0,105.3,0.125,0.125,0.125,0.125,0.125,0.125,0.125,0.125
106,106.0,106.3,0.125,0.125,0.125,0.125,0.125,0.125,0.125,0.125
107,107.0,107.3,0.125,0.125,0.125,0.125,0.125,0.125,0.125,0.125
108,108.0,108.3,0.125,0.125,0.125,0.125,0.125,0.125,0.125,0.125
109,109.0,109.3,0.125,0.125,0.125,0.125,0.125,0.125,0.125,0.125
110,110.0,110.3,0.125,0.125,0.125,0.125,0.125,0.125,0.125,0.125
111,111.0,111.3,0.125,0.125,0.125,0.125,0.125,0.125,0.125,0.125
112,112.0,112.3,0.125,0.125,0.125,0.125,0.125,0.125,0.125,0.125
113,113.0,113.3,0.125,0.125,0.125,0.125,0.125,0.125,0.125,0.125
114,114.0,114.3,0.125,0.125,0.125,0.125,0.125,0.125,0.125,0.125
115,115.0,115.3,0.125,0.125,0.125,0.125,0.125,0.125,0.125,0.125
116,116.0,116.3,0.125,0.125,0.125,0.125,0.125,0.125,0.125,0.125
117,117.0,117.3,0.125,0.125,0.125,0.125,0.125,0.125,0.125,0.125
118,118.0,118.3,0.125,0.125,0.125,0.125,0.125,0.125,0.125,0.125
119,119.0,119.3,0.125,0.125,0.125,0.125,0.125,0.125,0.125,0.125
120,120.0,120.3,0.125,0.125,0.125,0.125,0.125,0.125,0.125,0.125
121,121.0,121.3,0.125,0.125,0.125,0.125,0.125,0.125,0.125,0.125
122,122.0,122.3,0.125,0.125,0.125,0.125,0.125,0.125,0.125,0.125
123,123.0,123.3,0.125,0.125,0.125,0.125,0.125,0.125,0.125,0.125
124,124.0,124.3,0.125,0.125,0.125,0.125,0.125,0.125,0.125,0.125
125,125.0,125.3,0.125,0.125,0.125,0.125,0.125,0.125,0.125,0.125
126,126.0,126.3,0.125,0.125,0.125,0.125,0.125,0.125,0.125,0.125
127,127.0,127.3,0.125,0.125,0.125,0.125,0.125,0.125,0.125,0.125
128,128.0,128.3,0.125,0.125,0.125,0.125,0.125,0.125,0.125,0.125
129,129.0,129.3,0.125,0.125,0.125,0.125,0.125,0.125,0.125,0.125
130,130.0,130.3,0.125,0.125,0.125,0.125,0.125,0.125,0.125,0.125
131,131.0,131.3,0.125,0.125,0.125,0.125,0.125,0.125,0.125,0.125
132,132.0,132.3,0.125,0.125,0.125,0.125,0.125,0.125,0.125,0.125
133,133.0,133.3,0.125,0.125,0.125,0.125,0.125,0.125,0.125,0.125
134,134.0,134.3,0.125,0.125,0.125,0.125,0.125,0.125,0.125,0.125
135,135.0,135.3,0.125,0.125,0.125,0.125,0.125,0.125,0.125,0.125
136,136.0,136.3,0.125,0.125,0.125,0.125,0.125,0.125,0.125,0.125
137,137.0,137.3,0.125,0.125,0.125,0.125,0.125,0.125,0.125,0.125
138,138.0,138.3,0.125,0.125,0.125,0.125,0.125,0.125,0.125,0.125
139,139.0,139.3,0.125,0.125,0.125,0.125,0.125,0.125,0.125,0.125
140,140.0,140.3,0.125,0.125,0.125,0.125,0.125,0.125,0.125,0.125
141,141.0,141.3,0.125,0.125,0.125,0.125,0.125,0.125,0.125,0.125
142,142.0,142.3,0.125,0.125,0.125,0.125,0.125,0.125,0.125,0.125
143,143.0,143.3,0.125,0.125,0.125,0.125,0.125,0.125,0.125,0.125
144,144.0,144.3,0.125,0.125,0.125,0.125,0.125,0.125,0.125,0.125
145,145.0,145.3,0.125,0.125,0.125,0.125,0.125,0.125,0.125,0.125
146,146.0,146.3,0.125,0.125,0.125,0.125,0.125,0.125,0.125,0.125
147,147.0,147.3,0.125,0.125,0.125,0.125,0.125,0.125,0.125,0.125
148,148.0,148.3,0.125,0.125,0.125,0.125,0.125,0.125,0.125,0.125
149,149.0,149.3,0.125,0.125,0.125,0.125,0.125,0.125,0.125,0.125
150,150.0,150.3,0.125,0.125,0.125,0.125,0.125,0.125,0.125,0.125
151,151.0,151.3,0.125,0.125,0.125,0.125,0.125,0.125,0.125,0.125
152,152.0,152.3,0.125,0.125,0.125,0.125,0.125,0.125,0.125,0.125
153,153.0,153.3,0.125,0.125,0.125,0.125,0.125,0.125,0.125,0.125
154,154.0,154.3,0.125,0.125,0.125,0.125,0.125,0.125,0.125,0.125
155,155.0,155.3,0.125,0.125,0.125,0.125,0.125,0.125,0.125,0.125
156,156.0,156.3,0.125,0.125,0.125,0.125,0.125,0.125,0.125,0.125
157,157.0,157.3,0.125,0.125,0.125,0.125,0.125,0.125,0.125,0.125
158,158.0,158.3,0.125,0.125,0.125,0.125,0.125,0.125,0.125,0.125
159,159.0,159.3,0.125,0.125,0.125,0.125,0.125,0.125,0.125,0.125
160,160.0,160.3,0.125,0.125,0.125,0.125,0.125,0.125,0.125,0.125
161,161.0,161.3,0.125,0.125,0.125,0.125,0.125,0.125,0.125,0.125
162,162.0,162.3,0.125,0.125,0.125,0.125,0.125,0.125,0.125,0.125
163,163.0,163.3,0.125,0.125,0.125,0.125,0.125,0.125,0.125,0.125
164,164.0,164.3,0.125,0.125,0.125,0.125,0.125,0.125,0.125,0.125
165,165.0,165.3,0.125,0.125,0.125,0.125,0.125,0.125,0.125,0.125
166,166.0,166.3,0.125,0.125,0.125,0.125,0.125,0.125,0.125,0.125
167,167.0,167.3,0.125,0.125,0.125,0.125,0.125,0.125,0.125,0.125
168,168.0,168.3,0.125,0.125,0.125,0.125,0.125,0.125,0.125,0.125
169,169.0,169.3,0.125,0.125,0.125,0.125,0.125,0.125,0.125,0.125
170,170.0,170.3,0.125,0.125,0.125,0.125,0.125,0.125,0.125,0.125
171,171.0,171.3,0.125,0.125,0.125,0.125,0.125,0.125,0.125,0.125
172,172.0,172.3,0.125,0.125,0.125,0.125,0.125,0.125,0.125,0.125
173,173.0,173.3,0.125,0.125,0.125,0.125,0.125,0.125,0.125,0.125
174,174.0,174.3,0.125,0.125,0.125,0.125,0.125,0.125,0.125,0.125
175,175.0,175.3,0.125,0.125,0.125,0.125,0.125,0.125,0.125,0.125
176,176.0,176.3,0.125,0.125,0.125,0.125,0.125,0.125,0.125,0.125
177,177.0,177.3,0.125,0.125,0.125,0.125,0.125,0.125,0.125,0.125
178,178.0,178.3,0.125,0.125,0.125,0.125,0.125,0.125,0.125,0.125
179,179.0,179.3,0.125,0.125,0.125,0.125,0.125,0.125,0.125,0.125
180,180.0,180.3,0.125,0.125,0.125,0.125,0.125,0.125,0.125,0.125
181,181.0,181.3,0.125,0.125,0.125,0.125,0.125,0.125,0.125,0.125
182,182.0,182.3,0.125,0.125,0.125,0.125,0.125,0.125,0.125,0.125
183,183.0,183.3,0.125,0.125,0.125,0.125,0.125,0.125,0.125,0.125
184,184.0,184.3,0.125,0.125,0.125,0.125,0.125,0.125,0.125,0.125
185,185.0,185.3,0.125,0.125,0.125,0.125,0.125,0.125,0.125,0.125
186,186.0,186.3,0.125,0.125,0.125,0.125,0.125,0.125,0.125,0.125
187,187.0,187.3,0.125,0.125,0.125,0.125,0.125,0.125,0.125,0.125
188,188.0,188.3,0.125,0.125,0.125,0.125,0.125,0.125,0.125,0.125
189,189.0,189.3,0.125,0.125,0.125,0.125,0.125,0.125,0.125,0.125
190,190.0,190.3,0.125,0.125,0.125,0.125,0.125,0.125,0.125,0.125
191,191.0,191.3,0.125,0.125,0.125,0.125,0.125,0.125,0.125,0.125
192,192.0,192.3,0.125,0.125,0.125,0.125,0.125,0.125,0.125,0.125
193,193.0,193.3,0.125,0.125,0.125,0.125,0.125,0.125,0.125,0.125
194,194.0,194.3,0.125,0.125,0.125,0.125,0.125,0.125,0.125,0.125
195,195.0,195.3,0.125,0.125,0.125,0.125,0.125,0.125,0.125,0.125
196,196.0,196.3,0.125,0.125,0.125,0.125,0.125,0.125,0.125,0.125
197,197.0,197.3,0.125,0.125,0.125,0.125,0.125,0.125,0.125,0.125
198,198.0,198.3,0.125,0.125,0.125,0.125,0.125,0.125,0.125,0.125
199,199.0,199.3,0.125,0.125,0.125,0.125,0.125,0.125,0.125,0.125
200,200.0,200.3,0.13194444444444448,0.12083333333333335,0.12083333333333335,0.12083333333333335,0.13194444444444448,0.12083333333333335,0.13194444444444448,0.12083333333333335
201,201.0,201.3,0.12972222222222224,0.11972222222222224,0.11972222222222224,0.11972222222222224,0.14083333333333334,0.11972222222222224,0.13083333333333336,0.11972222222222224
202,202.0,202.3,0.1272222222222222,0.11722222222222223,0.11722222222222223,0.11722222222222223,0.14833333333333332,0.11722222222222223,0.13833333333333336,0.11722222222222223
203,203.0,203.3,0.12611111111111112,0.11611111111111112,0.11611111111111112,0.12611111111111112,0.1461111111111111,0.11611111111111112,0.13722222222222225,0.11611111111111112
204,204.0,204.3,0.1240909090909091,0.1140909090909091,0.1140909090909091,0.1240909090909091,0.14318181818181816,0.1140909090909091,0.15227272727272728,0.1140909090909091
205,205.0,205.3,0.1206060606060606,0.1115151515151515,0.1115151515151515,0.14893939393939393,0.13803030303030303,0.1115151515151515,0.14636363636363636,0.1115151515151515
206,206.0,206.3,0.11907097288676236,0.11831339712918658,0.10998006379585326,0.14558612440191387,0.14377591706539075,0.10998006379585326,0.14436602870813395,0.1089274322169059
207,207.0,207.3,0.11768208399787346,0.11692450824029768,0.10859117490696438,0.1553083466241361,0.14238702817650187,0.10859117490696438,0.14297713981924506,0.107538543328017
208,208.0,208.3,0.11768208399787346,0.11692450824029768,0.10859117490696438,0.1553083466241361,0.14238702817650187,0.10859117490696438,0.14297713981924506,0.107538543328017
209,209.0,209.3,0.11768208399787346,0.11692450824029768,0.10859117490696438,0.1553083466241361,0.14238702817650187,0.10859117490696438,0.14297713981924506,0.107538543328017
210,210.0,210.3,0.12879319510898457,0.11692450824029768,0.10859117490696438,0.14419723551302496,0.1340536948431685,0.10859117490696438,0.1513104731525784,0.107538543328017
211,211.0,211.3,0.12657097288676236,0.11581339712918656,0.10748006379585326,0.14308612440191387,0.13294258373205742,0.10748006379585326,0.16019936204146729,0.1064274322169059
212,212.0,212.3,0.12657097288676236,0.11581339712918656,0.10748006379585326,0.14308612440191387,0.13294258373205742,0.10748006379585326,0.16019936204146729,0.1064274322169059
213,213.0,213.3,0.12657097288676236,0.11581339712918656,0.10748006379585326,0.14308612440191387,0.13294258373205742,0.10748006379585326,0.16019936204146729,0.1064274322169059
214,214.0,214.3,0.12528892160471108,0.11389032020610965,0.10619801251380198,0.14116304747883696,0.1310195068089805,0.10619801251380198,0.17109679793890317,0.10514538093485462
215,215.0,215.3,0.12473947105526051,0.11279141910720855,0.10564856196435142,0.1406135969293864,0.1299206057100794,0.10564856196435142,0.17604185288395813,0.10459593038540407
216,216.0,216.3,0.12219867851446795,0.1105320118478013,0.1105320118478013,0.15299954431533377,0.12690362269309635,0.10386534518113463,0.17015607199817723,0.10281271360218727
217,217.0,217.3,0.12134952766531712,0.1103238866396761,0.11801619433198378,0.14237516869095815,0.1269635627530364,0.10365721997300943,0.16804318488529016,0.10927125506072873
218,218.0,218.3,0.11093286099865045,0.10990721997300942,0.11759952766531712,0.14112516869095815,0.12654689608636976,0.10324055330634277,0.18220985155195682,0.10843792172739539
219,219.0,219.3,0.11014854727316026,0.10870623958085257,0.11639854727316026,0.1396055608478209,0.12534591569421288,0.10245623958085256,0.1841706358656823,0.11316831388425815
220,220.0,220.3,0.10835520172981469,0.10709469752813403,0.1142375546709912,0.14249152292495942,0.1231849230920438,0.10121234458695758,0.19215293134797778,0.11127082411912133
221,221.0,221.3,0.1071537131599051,0.10589320895822443,0.11303606610108156,0.1407052390334124,0.1219834345221342,0.10001085601704796,0.20173294198061997,0.10948454022757428
222,222.0,222.3,0.10639613740232934,0.10513563320064867,0.11227849034350582,0.13994766327583663,0.12122585876455845,0.09925328025947219,0.20703597228365028,0.1087269644699985
223,223.0,223.3,0.10613297950759248,0.10487247530591182,0.11201533244876898,0.13915818959162612,0.1209627008698216,0.09899012236473535,0.20993070912575557,0.10793749078578799
224,224.0,224.3,0.10525385862847161,0.10399335442679095,0.1111362115696481,0.13780287823631474,0.12008357999070071,0.09811100148561448,0.21703693623198267,0.10658217943047661
225,225.0,225.3,0.09841311805621124,0.10317187549176973,0.1091911371290089,0.14524785194976864,0.12031473263462686,0.09841311805621124,0.22292921663047238,0.10231895005193085
226,226.0,226.3,0.09778711484593836,0.1092250233426704,0.10811391223155926,0.14430438842203547,0.1192250233426704,0.09778711484593836,0.2218020541549953,0.10175536881419231
227,227.0,227.3,0.09700747781630133,0.1080409296585767,0.1069420285596756,0.14182964094728798,0.11804092965857671,0.09700747781630133,0.2242776341305753,0.10685388141270491
228,228.0,228.3,0.09649649583153418,0.10717424519214798,0.11196964161158533,0.14020377320888827,0.11717424519214799,0.09758345235327331,0.22336317135549874,0.10603497525492409
229,229.0,229.3,0.09496735448822734,0.10565679155337597,0.11046387567734814,0.1386629441610466,0.10565679155337597,0.10822900323374704,0.23179896689858742,0.10456427243429138
230,230.0,230.3,0.0936586149186182,0.10434805198376684,0.10915513610773901,0.13695894767444144,0.10434805198376684,0.11580915255302682,0.23286176883095458,0.10286027594768621
231,231.0,231.3,0.09227333353333682,0.10296277059848546,0.10776985472245763,0.13557366628916007,0.10296277059848546,0.11260568934956361,0.24437692034610606,0.10147499456240483
232,232.0,232.3,0.09151575777576106,0.10220519484090969,0.10701227896488186,0.1391639166185408,0.11053852817424303,0.11033296207683634,0.24286176883095453,0.09636959271787254
233,233.0,233.3,0.0908338251688635,0.1015115745294773,0.10522001442717552,0.14980916781428288,0.10920388222178498,0.10730539707521802,0.24066807659518658,0.095448062168011
234,234.0,234.3,0.08997745549832835,0.10066689256347698,0.10439870787024486,0.14772499322309568,0.11602787566639558,0.10533843860124692,0.2413821722237282,0.09448346435348332
235,235.0,235.3,0.09017502263707196,0.09498210676104413,0.098713922067812,0.14765858903904444,0.11034308986396271,0.10553600573999053,0.25806407855269337,0.09452718533838077
236,236.0,236.3,0.0883821395941889,0.09318922371816107,0.09692103902492895,0.15072880585926124,0.10855020682107966,0.10374312269710748,0.26589361013222496,0.09259185215304758
237,237.0,237.3,0.0872367072852054,0.09205523043914782,0.0958099238058562,0.14918175535353256,0.09311906022638186,0.11137746014936252,0.2798485228788733,0.09137133986164023
238,238.0,238.3,0.08499341164687932,0.08948513741520084,0.0929130333962883,0.15632967420276986,0.09054896720243488,0.1074858128626848,0.2895658691454082,0.08867809412833363
239,239.0,239.3,0.0830144954585044,0.08721382356600718,0.0970159885529426,0.1539725643896976,0.09494432001990791,0.10407832524573843,0.2934686450167973,0.08629183775040436
240,240.0,240.3,0.08125492179315826,0.0851910920059242,0.09431343243145612,0.15378792941516453,0.09250492179315825,0.10731875158039231,0.3014673716721453,0.08416157930860092
241,241.0,241.3,0.08980902467369925,0.08374519488646522,0.09226179301507836,0.14962400917813934,0.09105902467369928,0.1105227144049109,0.29723836343047855,0.08573987573752904
242,242.0,242.3,0.08863838975306433,0.08281265520392553,0.09100245594691776,0.15274959274489935,0.08975883793233605,0.11383854073544311,0.2916302868665196,0.08956924081689412
243,243.0,243.3,0.08480780448865552,0.07422016517761196,0.08717187068250895,0.16752709465475418,0.08560145528230632,0.10968115808541341,0.30544119001565806,0.08554926161309137
244,244.0,244.3,0.08450222771249051,0.07391458840144693,0.08643339347344352,0.16547718378131387,0.08507942828969109,0.10937558130924838,0.3103686155313189,0.08484898150104656
245,245.0,245.3,0.08717168681404301,0.07300117990160063,0.08402658117945631,0.16330984661279188,0.08397983036131702,0.10848505086934257,0.3175769718827222,0.08244885237872611
246,246.0,246.3,0.08979577769900349,0.07071074087203115,0.08415160108708494,0.1630612666902989,0.08920053960376537,0.10063905628421754,0.32262249399346177,0.07981852377013664
247,247.0,247.3,0.08734402374724955,0.06880843746972777,0.0818408892763731,0.16621032783936004,0.08550685016814047,0.09873675288191415,0.3339533150662183,0.07759940355101641
248,248.0,248.3,0.08598868902349377,0.067453102745972,0.08017786224492503,0.1670394285631976,0.08370527162971983,0.09708902049733967,0.3424564026219374,0.07609022267341449
249,249.0,249.3,0.08572553112875694,0.06611467603403086,0.07991470435018819,0.16354725217628438,0.08317895584024614,0.09656270470786597,0.3491291109839497,0.07582706477867765
250,250.0,250.3,0.092783474964326,0.06486216459620711,0.07840017068740471,0.1653892874637555,0.08629636475381151,0.09503778094203624,0.34275289727417385,0.0744778593182848
251,251.0,251.3,0.09251682133261077,0.06461790738106524,0.0779137596242859,0.16388736480841737,0.08590863419810785,0.09581256068098172,0.34519683217051633,0.0741461198040145
252,252.0,252.3,0.09217721840680096,0.06427830445525543,0.07732785127975687,0.16545476292753963,0.085012978130038,0.09525650753872168,0.34680901309304213,0.07368336416884509
253,253.0,253.3,0.09166194471686462,0.06482662725654714,0.0765554284261378,0.1663997856961243,0.08399846990665064,0.09452167556572588,0.3490593785187607,0.07297668991318873
254,254.0,254.3,0.09135807547249687,0.06453349684379453,0.07601198436152382,0.16782606634492087,0.08359781261217761,0.09522725649317945,0.348950533861647,0.07249477401025958
255,255.0,255.3,0.09256420483868935,0.06573962620998701,0.07701650082449049,0.17683519945117881,0.08434081668617749,0.09625222643908209,0.33365132862555547,0.07360009692483915
256,256.0,256.3,0.08407207197155647,0.06558082667618748,0.07660420478719446,0.17821923208521145,0.08408732018268097,0.09609342690528255,0.3421245220987489,0.07321839529313753
257,257.0,257.3,0.08392196980208558,0.06543072450671658,0.07621487388853786,0.1790164800309529,0.08384809145349528,0.09594332473581164,0.339826143767372,0.07579839181502787
258,258.0,258.3,0.08348696145124715,0.06500623582766436,0.07559580498866211,0.17959637188208613,0.08402664399092966,0.09531009070294781,0.34183560090702947,0.07514229024943309
259,259.0,259.3,0.0771514907800817,0.0642366278652188,0.08019857289693128,0.1852926883877636,0.08285967148826241,0.09535550898409992,0.34075069367477023,0.07415474592287175
260,260.0,260.3,0.0764675016579041,0.06882589764787904,0.07876718822074856,0.1883471365499229,0.08181570700610945,0.09431907503579326,0.3381819894157355,0.0732755044659069
261,261.0,261.3,0.07564369583409827,0.06800209182407323,0.0778928773464377,0.18687398007676642,0.08072735091775336,0.09336299407971232,0.34514632138006746,0.07235068854109099
262,262.0,262.3,0.07465962550180734,0.06675486359704544,0.07850809508940736,0.18793770790053527,0.07949697516674321,0.09620313945911439,0.34516959343403475,0.07126999985131212
263,263.0,263.3,0.06886241312501107,0.0654814607440587,0.07888950212410455,0.18650405268490372,0.07816065873904615,0.09386241312501108,0.3580014664320375,0.07023803302582694
264,264.0,264.3,0.06809584859584857,0.06471489621489619,0.07785500610500609,0.19138919413919409,0.07732661782661779,0.09309584859584856,0.3585128205128206,0.06900976800976798
265,265.0,265.3,0.06729760486794911,0.06391665248699674,0.07680100622849331,0.19079740869955017,0.07624921777117492,0.09219007798622868,0.3649661970359992,0.06778183492360773
266,266.0,266.3,0.06676820909442857,0.0665122567134762,0.07602721025586875,0.19088021768204694,0.07545723348467247,0.09155987576109526,0.3657461417308978,0.06704885527751378
267,267.0,267.3,0.06608619830984884,0.0657355489591995,0.07511140839388245,0.18800857147518873,0.07452775675140728,0.09381347103712159,0.36878162011632193,0.06793542495702945
268,268.0,268.3,0.0654973834495038,0.06505760753913967,0.07441185156233034,0.18786372223307923,0.07370531778602911,0.09304640305734693,0.37336300566738323,0.06705470870518748
269,269.0,269.3,0.06503976742212034,0.0645999915117562,0.07384852728970373,0.1881827094474153,0.07319484763602407,0.09258878702996347,0.37818143621084793,0.06436393345216872
270,270.0,270.3,0.06461896600131892,0.06417919009095478,0.07332671576789221,0.19145599825011586,0.06978236469412938,0.0960141394553159,0.37693434996376174,0.06368827577651104
271,271.0,271.3,0.06423057822162678,0.06379080231126265,0.07284170963071215,0.1896232898956684,0.07369349382264981,0.09548330153317362,0.37727600508802556,0.06306081949688085
272,272.0,272.3,0.05672803305719447,0.06048993781909924,0.07238951467111664,0.1979730019667441,0.0731063929117746,0.09499133837932333,0.37971777221526903,0.0646040089794783
273,273.0,273.3,0.056309853826588076,0.06007175858849284,0.07188268295824074,0.19918876171158115,0.07239318715992141,0.09428193921246658,0.381942118226601,0.06392969831610802
274,274.0,274.3,0.06044105199350053,0.05943095098339951,0.07112653830923894,0.20715854985994073,0.07101056184872466,0.08676090072714235,0.3809606116379516,0.06311083464010148
275,275.0,275.3,0.05909698869992987,0.058096988699929866,0.06952479618656086,0.21706546118310827,0.07020794056088171,0.08447209107503222,0.3797292974792975,0.061806436115259614
276,276.0,276.3,0.062402893110796734,0.05705506702384021,0.06820681467942417,0.21758481477576436,0.06882450946591692,0.08272975714172806,0.38245917484540537,0.060736968957124035
277,277.0,277.3,0.061814429173554716,0.0564666030865982,0.06754293596088504,0.22259924785426372,0.06774838804304585,0.08204048675287316,0.3818533327324557,0.059934576396323436
278,278.0,278.3,0.061459674058892536,0.05611184797193601,0.06700248973378368,0.2245319260396977,0.067171282174067,0.08144878715784544,0.3839731367438504,0.058300856119926935
279,279.0,279.3,0.06078058600422541,0.0554426609073679,0.06618427102681572,0.22668831266515338,0.06927323443739627,0.0806508695731665,0.38170365584121313,0.05927640954466147
280,280.0,280.3,0.05968669279931652,0.054529927122748865,0.06498555601897181,0.22198990457653825,0.0680094128918386,0.07897567114770082,0.3934319150779547,0.058390920364930224
281,281.0,281.3,0.05917676291438665,0.05401999723781899,0.06437461603303185,0.2234177822544159,0.06700789126531698,0.07825817105520072,0.39601049390653353,0.057734285333295186
282,282.0,282.3,0.06263164022991853,0.05310579352760124,0.06322546361785956,0.22294652401754264,0.06578526157005349,0.07931081634094542,0.3960895214281154,0.05690497926796344
283,283.0,283.3,0.06150010032049648,0.052335246600978345,0.062235640686349424,0.2260028037355181,0.06489382358857726,0.08213009202866908,0.3920591057710644,0.0588431872683467
284,284.0,284.3,0.06611803492712869,0.06838790188146164,0.06687665054429805,0.22422159622153454,0.06959492121954898,0.08646312635040099,0.3546057634778935,0.06373200537773333
285,285.0,285.3,0.06553162240673388,0.06797749135260281,0.06634164289472048,0.22369185512673467,0.06880797568308716,0.08584870785539826,0.3586114133660967,0.0631892913146258
286,286.0,286.3,0.06508927811559388,0.06768899321530897,0.06590574235311074,0.22907462696936376,0.068184152920995,0.08540636356425826,0.3559318601423865,0.06271898271898269
287,287.0,287.3,0.06490521293640665,0.07013650698349017,0.06557921389305318,0.22819770886630053,0.06949635914269237,0.08415001795232552,0.3551756996301902,0.06235928059554111
288,288.0,288.3,0.06657282924505446,0.06945642712865235,0.06472403935361833,0.23124307375947617,0.0686090133998827,0.08125688392910914,0.3546184579167083,0.0635192752674983
289,289.0,289.3,0.06696837946341419,0.06904984097883797,0.06421110529104568,0.233738594793709,0.06794518044021516,0.08050994988681179,0.35474239844895256,0.06283455069701342
290,290.0,290.3,0.06676454275209352,0.06884600426751732,0.0640167263350844,0.23380723586199367,0.06757428717730479,0.0802735973821058,0.3561320792915913,0.06258552693230898
291,291.0,291.3,0.06652387252552525,0.06954873026736413,0.06276634865697513,0.23640153383159354,0.06721975926800318,0.08002642638202775,0.355422618427405,0.062090710641105815
292,292.0,292.3,0.06731979527012326,0.06941889035987256,0.06260847730068196,0.23608096731910763,0.06708110257334884,0.07987013611304791,0.3556701582046794,0.061950472859138184
293,293.0,293.3,0.06686218070199593,0.06908442850110483,0.06221095410426597,0.23997550072376422,0.06646795924991011,0.07937808661619178,0.3545191437170545,0.061501746385712465
294,294.0,294.3,0.06645461323046416,0.06879180355830869,0.06190585754191731,0.24086592559405898,0.06596069455164003,0.07893723764799401,0.3558872180522527,0.0611966498233638
295,295.0,295.4,0.06611190214364145,0.06855661935320642,0.06165768022502046,0.2421885719831684,0.06556512934219574,0.07864738068379287,0.35632424376250743,0.06094847250646694
296,296.0,296.4,0.06578796626643027,0.06833348992760814,0.061421117231001396,0.24029627636799517,0.06519068841447953,0.08149894985708676,0.35834690401025227,0.0591246079251463
297,297.0,297.4,0.06534982887759413,0.06799004950846897,0.06101427101476078,0.24281311404205336,0.06461212166549353,0.08086528809958961,0.3587905717986405,0.05856475499339897
298,298.0,298.4,0.06504966309753177,0.06777901028812139,0.06074286962137496,0.24318912408818166,0.06427113955890056,0.0803333874969951,0.36046340346839345,0.05817140238050095
299,299.0,299.4,0.06476474635973851,0.06757812716377351,0.060483301051017714,0.24066880177169062,0.06177309409135452,0.07982793376391593,0.3671083060069483,0.057795689791560655
300,300.0,300.4,0.06437736655000716,0.06727011243340723,0.06011638524101389,0.24095829076013597,0.06129992996789768,0.07927665657692899,0.3694072649217975,0.0572939935488113
301,301.0,301.4,0.06609093697239524,0.06697542459753705,0.05976386861261659,0.2403626503145988,0.060847262540085635,0.07875072176892839,0.3703966765419772,0.05681245865186084
302,302.0,302.4,0.06569506057009843,0.06669318895737726,0.0594248675217681,0.2371318671046315,0.06304531308754427,0.07824836937244102,0.3719189628144228,0.057842370571716394
303,303.0,303.4,0.06531618667377304,0.06642260777084834,0.05909857292654499,0.23841669744345725,0.06256221094453619,0.07776800249982699,0.37304016227828507,0.057375559462727946
304,304.0,304.4,0.06497452531028376,0.06618426465773612,0.058848180974758565,0.24040049800960048,0.06216319517075132,0.07732948141083892,0.3730671938931095,0.057032660572921154
305,305.0,305.4,0.06291511822848951,0.06609269945485123,0.05870028917675837,0.2387519819661613,0.061958495535516966,0.07713579649944388,0.3776671364204526,0.05677848271832595
306,306.0,306.4,0.06262040499477707,0.0658342706913855,0.058430917581679155,0.2381603173161929,0.06164862423893793,0.07684468483793391,0.3780208790745464,0.05843990126454686
307,307.0,307.4,0.06218692564745194,0.06549380395433024,0.058079782790309085,0.2359665831244778,0.06349157616262877,0.0762935811751601,0.38054553049289896,0.05794221665274294
308,308.0,308.4,0.0585720838971152,0.06548406080909211,0.05819192073235454,0.24049553992122547,0.06327057366928017,0.07288543380288745,0.38149069756506615,0.0596096896029787
309,309.0,309.4,0.05805242987561234,0.06501977777319279,0.05759189686369044,0.24572194925706797,0.06273488984847851,0.07196239232692749,0.3796257674890261,0.059290896566004156
310,310.0,310.4,0.057861203836813556,0.06306322403883376,0.0574144013168403,0.24679620514986364,0.062370583346193074,0.07162410759971731,0.3819468268858513,0.05892344782588681
311,311.0,311.4,0.057601749940825495,0.06291921025828581,0.05718825703187132,0.24816849115814338,0.06197721272691035,0.07132443890941609,0.3830704790931009,0.057750160881446376
312,312.0,312.4,0.057313904624424504,0.06269402158348883,0.05692396581343305,0.2501906880933533,0.06164904136193815,0.0709855136668251,0.38291458637464015,0.057328278481896686
313,313.0,313.4,0.05703397630556108,0.06252289851112496,0.056674789898310464,0.2509387406064802,0.06309295689677556,0.07063162835898522,0.38102523470770233,0.058079774715059984
314,314.0,314.4,0.05677778585652841,0.061470505983795956,0.056488210552584094,0.2517376724644458,0.06267992284624986,0.07030435658626356,0.38281811819477696,0.05772342751535525
315,315.0,315.4,0.05643426834603301,0.06123585564762031,0.05625155889861768,0.2540981730687612,0.06307013248189716,0.06986833428009895,0.3816948166212872,0.05734686065568415
316,316.0,316.4,0.05610116207081375,0.06189276833080409,0.05602182135886804,0.2545625093728947,0.06257557343874245,0.06944570326746381,0.38359471877728757,0.055805743383125404
317,317.0,317.4,0.05640688623433866,0.06229219089383688,0.05662247253046117,0.2610425514810748,0.06246606148089072,0.058699005751109236,0.3855015139682038,0.05696931766008462
318,318.0,318.4,0.05617128999621092,0.062147013618993364,0.0564055534550431,0.2616380970348276,0.06356540641945677,0.05751732051842969,0.38596727943399095,0.0565880395230474
319,319.0,319.4,0.05585026200563,0.0619132961936642,0.05614060072798628,0.2631169419260571,0.06307650116431578,0.05712178843876971,0.38659352508489614,0.056187084458680536
320,320.0,320.4,0.055253294039865564,0.0614006896212234,0.05545526703395731,0.26357928385188145,0.06245935564782514,0.05746464248368083,0.3887323897126438,0.05565507760892215
321,321.0,321.4,0.055034411660078573,0.06121674784241475,0.05527135333099838,0.2648357898264193,0.06208891707715256,0.05712164826211252,0.3874303402593863,0.05700079174143734
322,322.0,322.4,0.05447210754439665,0.06073473380702291,0.054627888844756264,0.26661852872696246,0.06150601072287817,0.05782255896713725,0.38615897489391465,0.0580591964929314
323,323.0,323.4,0.05411555352175792,0.06041064731685173,0.05756440560254404,0.26592304348922613,0.061140936421018956,0.057504295284377824,0.38559040481675055,0.057750713547472673
324,324.0,324.4,0.05375516921752661,0.06012681973685976,0.05705069296508082,0.26884751399333473,0.06085545220563796,0.0572727535915175,0.3853644706485269,0.05672712764151551
325,325.0,325.4,0.05344946663236803,0.05986501530797861,0.05871268470263259,0.2670227358246799,0.0606544239930369,0.05709367445705519,0.3854080954980047,0.057793903584243876
326,326.0,326.4,0.05250062779185923,0.05981350306812122,0.05863779705370553,0.2664359874503264,0.06054457555550968,0.057005138892503235,0.3873735536195398,0.057688816568434734
327,327.0,327.4,0.052329383439224386,0.05967642335539901,0.058514055418953846,0.26447870795444617,0.06293811300987054,0.05638924082941941,0.3896719851966629,0.056002090796023606
328,328.0,328.4,0.05218448673689209,0.06132615406667115,0.05843964819919151,0.2630713369519408,0.06269855446871246,0.05626054711424081,0.390211781193782,0.055807491268568966
329,329.0,329.4,0.0520012982438016,0.061182089204253574,0.05827439839251599,0.26186252243766034,0.062360850813476774,0.05602653504732493,0.39283737339028174,0.05545493247068484
330,330.0,330.4,0.051880453889117176,0.06106124484956915,0.05728505539260039,0.2639680668625366,0.06207111036327423,0.05581813207541223,0.3914863519384404,0.056429584629049546
331,331.0,331.4,0.050328568345203516,0.06089112670187952,0.05715825778463533,0.26354844067059996,0.06257796580499281,0.05556333398945986,0.393681551468404,0.05625075523482474
332,332.0,332.4,0.04997324207406772,0.060528797629623286,0.059639366235536076,0.2612363856013903,0.06218298556841641,0.05526774131446249,0.39519030746555817,0.055981174110945275
333,333.0,333.4,0.050423332734378976,0.06016458083179147,0.05896328551147083,0.2643113580466929,0.06176813766207161,0.054955611251164126,0.39372419996073377,0.05568949400169608
334,334.0,334.4,0.05007664527199947,0.05981789336941194,0.057294610461547345,0.26412262171828066,0.061355305530667745,0.05460772953426807,0.3973465134382526,0.055378680675572
335,335.0,335.4,0.049910359085206815,0.05967011884496658,0.0571612836820081,0.2639139246132044,0.06108447757475116,0.05517203071778184,0.39799592921344373,0.055091876268637194
336,336.0,336.4,0.049767728349761585,0.05954550612753936,0.057051041278635604,0.26475641598908833,0.06085978778404903,0.05496241124083916,0.39812412319433926,0.05493298603574746
337,337.0,337.4,0.049657297989063785,0.05945261962649069,0.056957773214705354,0.26286066411679065,0.06062271060209058,0.05481214760924261,0.39976490921975305,0.05587187762186304
338,338.0,338.4,0.0493428214150089,0.05995523122741869,0.056362960039271215,0.2646079550169328,0.060316954629495066,0.05450878689361649,0.39931869288364846,0.055586597894608056
339,339.0,339.4,0.04927561647974015,0.059904676308799976,0.0563124051206525,0.2628135279382702,0.06020150170562537,0.05439564089976458,0.40168708382110446,0.05540954772604254
340,340.0,340.4,0.04900477780247649,0.05965006612877747,0.05576364464647969,0.2598444412104752,0.05989306095812467,0.054159353117194185,0.4052843612833998,0.056400294853072165
341,341.0,341.4,0.04871460005360745,0.05936936195836936,0.055227084620215715,0.2603504487624003,0.05960669001546485,0.05387512506878363,0.4067342725775955,0.056122416943562924
342,342.0,342.4,0.048577361801568734,0.059241306586248446,0.05514277378002831,0.25952421066061004,0.05939970604938135,0.053670207791147465,0.40851983258058866,0.055924600750426726
343,343.0,343.4,0.0473739531363188,0.06693569094119685,0.05404071908314366,0.2555069072855667,0.058976206596367195,0.05244275798653637,0.4098251655741493,0.05489859939672104
344,344.0,344.4,0.04635031757808933,0.0641025102812487,0.0530431448632163,0.2524866269918119,0.06698823033228114,0.05217229994406162,0.40989119561277576,0.05496567439651495
345,345.0,345.4,0.045416958902790835,0.06166238014821209,0.049479818948879074,0.25161211603626954,0.06592578879624697,0.05116762095741506,0.4124066412506851,0.06232867495950112
346,346.0,346.4,0.04523292881042247,0.06147835005584372,0.05168957651345626,0.2492847688035409,0.06574640547079622,0.050987963249667444,0.41356011822320404,0.062019888873068675
347,347.0,347.4,0.04452308735889305,0.059500462924503915,0.05096985150984379,0.2475917303841598,0.07202288687515486,0.05022690276993689,0.4134052872627465,0.061759790914760984
348,348.0,348.4,0.04445586679883335,0.059446922255005086,0.0508929354312753,0.24656327964730052,0.07039963594102758,0.0493403813979454,0.41633621342622157,0.06256476510239092
349,349.0,349.4,0.04431972257162417,0.059318271447509174,0.050782510498072586,0.24615067608560254,0.07016618351636919,0.04913178969025017,0.4178592017576393,0.06227164443293258
350,350.0,350.4,0.04370607938316587,0.05761878881114246,0.05015953254403362,0.24461757584203023,0.0683929326537305,0.04847026075582169,0.4250787040549307,0.06195612595514462
351,351.0,351.4,0.04312323566252664,0.06276299893553461,0.049589476207717385,0.24607674432108456,0.06675442787718555,0.04784056992267478,0.4231449211005979,0.06070762597267827
352,352.0,352.4,0.043089708352910795,0.06274782801103046,0.04876380578949378,0.2466730523560757,0.06692784225687877,0.04778468848351432,0.42357724794668006,0.06043582680341578
353,353.0,353.4,0.042928334655490806,0.0633561511138416,0.048676449972264904,0.24760704347723306,0.06664914115746227,0.047565477254407476,0.42297693359713673,0.06024046877216281
354,354.0,354.4,0.04278080219763146,0.06320899719104385,0.04860146396326499,0.24775959156368862,0.06641844654341887,0.047392751687268427,0.42299930048145173,0.06083864637223171
355,355.0,355.4,0.042664874526283036,0.06309336510757496,0.048537096404744864,0.2478259290416497,0.06622879967451267,0.04824089674448999,0.4227438700201779,0.060665168480566654
