,Unnamed: 0,Total_iterations,Intertwine_two,Invert_path_vertices,Insert_inside_vertex,Delete_inside_vertex,Replace_inside_vertex,Donate_between_routes,Trim_one_terminal_cb,Grow_one_terminal_cb
0,0.0,0.0,0.125,0.125,0.125,0.125,0.125,0.125,0.125,0.125
1,1.0,0.10900000000000001,0.125,0.125,0.125,0.125,0.125,0.125,0.125,0.125
2,2.0,0.31601,0.125,0.125,0.125,0.125,0.125,0.125,0.125,0.125
3,3.0,0.6191589000000001,0.125,0.125,0.125,0.125,0.125,0.125,0.125,0.125
4,4.0,1.015801321,0.125,0.125,0.125,0.125,0.125,0.125,0.125,0.125
5,5.0,1.50262148669,0.125,0.125,0.125,0.125,0.125,0.125,0.125,0.125
6,6.0,2.0757334209441005,0.125,0.125,0.125,0.125,0.125,0.125,0.125,0.125
7,7.0,2.7307768275633495,0.125,0.125,0.125,0.125,0.125,0.125,0.125,0.125
8,8.0,3.4630081252450404,0.125,0.125,0.125,0.125,0.125,0.125,0.125,0.125
9,9.0,4.2673862119061114,0.125,0.125,0.125,0.125,0.125,0.125,0.125,0.125
10,10.0,5.138652627782014,0.125,0.125,0.125,0.125,0.125,0.125,0.125,0.125
11,11.0,6.071405875792507,0.125,0.125,0.125,0.125,0.125,0.125,0.125,0.125
12,12.0,7.060169740244025,0.125,0.125,0.125,0.125,0.125,0.125,0.125,0.125
13,13.0,8.099455520847952,0.125,0.125,0.125,0.125,0.125,0.125,0.125,0.125
14,14.0,9.183818168183006,0.125,0.125,0.125,0.125,0.125,0.125,0.125,0.125
15,15.0,10.307906369102724,0.125,0.125,0.125,0.125,0.125,0.125,0.125,0.125
16,16.0,11.466506686239443,0.125,0.125,0.125,0.125,0.125,0.125,0.125,0.125
17,17.0,12.654581904800096,0.125,0.125,0.125,0.125,0.125,0.125,0.125,0.125
18,18.0,13.867303782456686,0.125,0.125,0.125,0.125,0.125,0.125,0.125,0.125
19,19.0,15.100080434523047,0.125,0.125,0.125,0.125,0.125,0.125,0.125,0.125
20,20.0,16.348578617037543,0.125,0.125,0.125,0.125,0.125,0.125,0.125,0.125
21,21.0,17.608741195130214,0.125,0.125,0.125,0.125,0.125,0.125,0.125,0.125
22,22.0,18.876800103462312,0.125,0.125,0.125,0.125,0.125,0.125,0.125,0.125
23,23.0,20.14928511992658,0.125,0.125,0.125,0.125,0.125,0.125,0.125,0.125
24,24.0,21.423028783545156,0.125,0.125,0.125,0.125,0.125,0.125,0.125,0.125
25,25.0,22.695167792966423,0.125,0.125,0.125,0.125,0.125,0.125,0.125,0.125
26,26.0,23.963141223515898,0.125,0.125,0.125,0.125,0.125,0.125,0.125,0.125
27,27.0,25.224685898775267,0.125,0.125,0.125,0.125,0.125,0.125,0.125,0.125
28,28.0,26.477829247520948,0.125,0.125,0.125,0.125,0.125,0.125,0.125,0.125
29,29.0,27.720879968916847,0.125,0.125,0.125,0.125,0.125,0.125,0.125,0.125
30,30.0,28.95241681848399,0.125,0.125,0.125,0.125,0.125,0.125,0.125,0.125
31,31.0,30.17127581490958,0.125,0.125,0.125,0.125,0.125,0.125,0.125,0.125
32,32.0,31.376536153543515,0.125,0.125,0.125,0.125,0.125,0.125,0.125,0.125
33,33.0,32.567505096778625,0.125,0.125,0.125,0.125,0.125,0.125,0.125,0.125
34,34.0,33.74370209472243,0.125,0.125,0.125,0.125,0.125,0.125,0.125,0.125
35,35.0,34.90484237192463,0.125,0.125,0.125,0.125,0.125,0.125,0.125,0.125
36,36.0,36.05082019768737,0.125,0.125,0.125,0.125,0.125,0.125,0.125,0.125
37,37.0,37.18169203889697,0.125,0.125,0.125,0.125,0.125,0.125,0.125,0.125
38,38.0,38.29765977559663,0.125,0.125,0.125,0.125,0.125,0.125,0.125,0.125
39,39.0,39.399054140870355,0.125,0.125,0.125,0.125,0.125,0.125,0.125,0.125
40,40.0,40.48631852820801,0.125,0.125,0.125,0.125,0.125,0.125,0.125,0.125
41,41.0,41.55999329152982,0.125,0.125,0.125,0.125,0.125,0.125,0.125,0.125
42,42.0,42.62070064560415,0.125,0.125,0.125,0.125,0.125,0.125,0.125,0.125
43,43.0,43.669130257815,0.125,0.125,0.125,0.125,0.125,0.125,0.125,0.125
44,44.0,44.70602560622662,0.125,0.125,0.125,0.125,0.125,0.125,0.125,0.125
45,45.0,45.73217116373481,0.125,0.125,0.125,0.125,0.125,0.125,0.125,0.125
46,46.0,46.748380453854836,0.125,0.125,0.125,0.125,0.125,0.125,0.125,0.125
47,47.0,47.755485010424316,0.125,0.125,0.125,0.125,0.125,0.125,0.125,0.125
48,48.0,48.7543242612326,0.125,0.125,0.125,0.125,0.125,0.125,0.125,0.125
49,49.0,49.745736344347726,0.125,0.125,0.125,0.125,0.125,0.125,0.125,0.125
50,50.0,50.730549855707864,0.125,0.125,0.125,0.125,0.125,0.125,0.125,0.125
51,51.0,51.70957651737491,0.125,0.125,0.125,0.125,0.125,0.125,0.125,0.125
52,52.0,52.68360474770151,0.125,0.125,0.125,0.125,0.125,0.125,0.125,0.125
53,53.0,53.65339410751842,0.125,0.125,0.125,0.125,0.125,0.125,0.125,0.125
54,54.0,54.61967059027847,0.125,0.125,0.125,0.125,0.125,0.125,0.125,0.125
55,55.0,55.58312271885972,0.125,0.125,0.125,0.125,0.125,0.125,0.125,0.125
56,56.0,56.544398407394254,0.125,0.125,0.125,0.125,0.125,0.125,0.125,0.125
57,57.0,57.504102543001395,0.125,0.125,0.125,0.125,0.125,0.125,0.125,0.125
58,58.0,58.462795239617805,0.125,0.125,0.125,0.125,0.125,0.125,0.125,0.125
59,59.0,59.42099071417639,0.125,0.125,0.125,0.125,0.125,0.125,0.125,0.125
60,60.0,60.379156734137354,0.125,0.125,0.125,0.125,0.125,0.125,0.125,0.125
61,61.0,61.337714584760846,0.125,0.125,0.125,0.125,0.125,0.125,0.125,0.125
62,62.0,62.29703950447439,0.125,0.125,0.125,0.125,0.125,0.125,0.125,0.125
63,63.0,63.257461537171835,0.125,0.125,0.125,0.125,0.125,0.125,0.125,0.125
64,64.0,64.21926675122782,0.125,0.125,0.125,0.125,0.125,0.125,0.125,0.125
65,65.0,65.18269877636592,0.125,0.125,0.125,0.125,0.125,0.125,0.125,0.125
66,66.0,66.14796061122655,0.125,0.125,0.125,0.125,0.125,0.125,0.125,0.125
67,67.0,67.11521665648885,0.125,0.125,0.125,0.125,0.125,0.125,0.125,0.125
68,68.0,68.08459493066005,0.125,0.125,0.125,0.125,0.125,0.125,0.125,0.125
69,69.0,69.05618942810752,0.125,0.125,0.125,0.125,0.125,0.125,0.125,0.125
70,70.0,70.03006258152917,0.125,0.125,0.125,0.125,0.125,0.125,0.125,0.125
71,71.0,71.00624779379335,0.125,0.125,0.125,0.125,0.125,0.125,0.125,0.125
72,72.0,71.98475200689319,0.125,0.125,0.125,0.125,0.125,0.125,0.125,0.125
73,73.0,72.96555827861411,0.125,0.125,0.125,0.125,0.125,0.125,0.125,0.125
74,74.0,73.94862834037681,0.125,0.125,0.125,0.125,0.125,0.125,0.125,0.125
75,75.0,74.93390511255946,0.125,0.125,0.125,0.125,0.125,0.125,0.125,0.125
76,76.0,75.92131515639825,0.125,0.125,0.125,0.125,0.125,0.125,0.125,0.125
77,77.0,76.91077104428919,0.125,0.125,0.125,0.125,0.125,0.125,0.125,0.125
78,78.0,77.90217363294813,0.125,0.125,0.125,0.125,0.125,0.125,0.125,0.125
79,79.0,78.89541422641172,0.125,0.125,0.125,0.125,0.125,0.125,0.125,0.125
80,80.0,79.89037661826481,0.125,0.125,0.125,0.125,0.125,0.125,0.125,0.125
81,81.0,80.88693900474995,0.125,0.125,0.125,0.125,0.125,0.125,0.125,0.125
82,82.0,81.88497576253909,0.125,0.125,0.125,0.125,0.125,0.125,0.125,0.125
83,83.0,82.88435908692391,0.125,0.125,0.125,0.125,0.125,0.125,0.125,0.125
84,84.0,83.88496048800103,0.125,0.125,0.125,0.125,0.125,0.125,0.125,0.125
85,85.0,84.88665214409042,0.125,0.125,0.125,0.125,0.125,0.125,0.125,0.125
86,86.0,85.88930811312994,0.125,0.125,0.125,0.125,0.125,0.125,0.125,0.125
87,87.0,86.89280540413424,0.125,0.125,0.125,0.125,0.125,0.125,0.125,0.125
88,88.0,87.89702491199675,0.125,0.125,0.125,0.125,0.125,0.125,0.125,0.125
89,89.0,88.90185221995306,0.125,0.125,0.125,0.125,0.125,0.125,0.125,0.125
90,90.0,89.90717827491419,0.125,0.125,0.125,0.125,0.125,0.125,0.125,0.125
91,91.0,90.92289994163006,0.125,0.125,0.125,0.125,0.125,0.125,0.125,0.125
92,92.0,91.93882044225805,0.125,0.125,0.125,0.125,0.125,0.125,0.125,0.125
93,93.0,92.95476068840067,0.125,0.125,0.125,0.125,0.125,0.125,0.125,0.125
94,94.0,93.97055930304501,0.125,0.125,0.125,0.125,0.125,0.125,0.125,0.125
95,95.0,94.99607246319447,0.125,0.125,0.125,0.125,0.125,0.125,0.125,0.125
96,96.0,96.02107358269704,0.125,0.125,0.125,0.125,0.125,0.125,0.125,0.125
97,97.0,97.0553638544224,0.125,0.125,0.125,0.125,0.125,0.125,0.125,0.125
98,98.0,98.08867146043097,0.125,0.125,0.125,0.125,0.125,0.125,0.125,0.125
99,99.0,99.12076159123438,0.125,0.125,0.125,0.125,0.125,0.125,0.125,0.125
100,100.0,100.15143509304511,0.125,0.125,0.125,0.125,0.125,0.125,0.125,0.125
101,101.0,101.18052689374431,0.125,0.125,0.125,0.125,0.125,0.125,0.125,0.125
102,102.0,102.20790424543615,0.125,0.125,0.125,0.125,0.125,0.125,0.125,0.125
103,103.0,103.23346481950445,0.125,0.125,0.125,0.125,0.125,0.125,0.125,0.125
104,104.0,104.25713468797088,0.125,0.125,0.125,0.125,0.125,0.125,0.125,0.125
105,105.0,105.27886622271095,0.125,0.125,0.125,0.125,0.125,0.125,0.125,0.125
106,106.0,106.2986359417499,0.125,0.125,0.125,0.125,0.125,0.125,0.125,0.125
107,107.0,107.31644232946746,0.125,0.125,0.125,0.125,0.125,0.125,0.125,0.125
108,108.0,108.3323036551186,0.125,0.125,0.125,0.125,0.125,0.125,0.125,0.125
109,109.0,109.34625581165344,0.125,0.125,0.125,0.125,0.125,0.125,0.125,0.125
110,110.0,110.35835019441825,0.125,0.125,0.125,0.125,0.125,0.125,0.125,0.125
111,111.0,111.3686516369624,0.125,0.125,0.125,0.125,0.125,0.125,0.125,0.125
112,112.0,112.37723641888252,0.125,0.125,0.125,0.125,0.125,0.125,0.125,0.125
113,113.0,113.3841903584218,0.125,0.125,0.125,0.125,0.125,0.125,0.125,0.125
114,114.0,114.38960700042293,0.125,0.125,0.125,0.125,0.125,0.125,0.125,0.125
115,115.0,115.39358590821972,0.125,0.125,0.125,0.125,0.125,0.125,0.125,0.125
116,116.0,116.39623106615463,0.125,0.125,0.125,0.125,0.125,0.125,0.125,0.125
117,117.0,117.39764939763451,0.125,0.125,0.125,0.125,0.125,0.125,0.125,0.125
118,118.0,118.39794940199005,0.125,0.125,0.125,0.125,0.125,0.125,0.125,0.125
119,119.0,119.39723991189015,0.125,0.125,0.125,0.125,0.125,0.125,0.125,0.125
120,120.0,120.39562897168133,0.125,0.125,0.125,0.125,0.125,0.125,0.125,0.125
121,121.0,121.39322283577657,0.125,0.125,0.125,0.125,0.125,0.125,0.125,0.125
122,122.0,122.39012508510453,0.125,0.125,0.125,0.125,0.125,0.125,0.125,0.125
123,123.0,123.38643585864865,0.125,0.125,0.125,0.125,0.125,0.125,0.125,0.125
124,124.0,124.38225119625187,0.125,0.125,0.125,0.125,0.125,0.125,0.125,0.125
125,125.0,125.37766248813224,0.125,0.125,0.125,0.125,0.125,0.125,0.125,0.125
126,126.0,126.37275602594326,0.125,0.125,0.125,0.125,0.125,0.125,0.125,0.125
127,127.0,127.36761264971375,0.125,0.125,0.125,0.125,0.125,0.125,0.125,0.125
128,128.0,128.36230748461006,0.125,0.125,0.125,0.125,0.125,0.125,0.125,0.125
129,129.0,129.35690976117064,0.125,0.125,0.125,0.125,0.125,0.125,0.125,0.125
130,130.0,130.35148271246345,0.125,0.125,0.125,0.125,0.125,0.125,0.125,0.125
131,131.0,131.34608354150234,0.125,0.125,0.125,0.125,0.125,0.125,0.125,0.125
132,132.0,132.34076345222232,0.125,0.125,0.125,0.125,0.125,0.125,0.125,0.125
133,133.0,133.33556773734807,0.125,0.125,0.125,0.125,0.125,0.125,0.125,0.125
134,134.0,134.33053591658776,0.125,0.125,0.125,0.125,0.125,0.125,0.125,0.125
135,135.0,135.32570191873762,0.125,0.125,0.125,0.125,0.125,0.125,0.125,0.125
136,136.0,136.32109430148512,0.125,0.125,0.125,0.125,0.125,0.125,0.125,0.125
137,137.0,137.316736502943,0.125,0.125,0.125,0.125,0.125,0.125,0.125,0.125
138,138.0,138.31264711922566,0.125,0.125,0.125,0.125,0.125,0.125,0.125,0.125
139,139.0,139.3088402026878,0.125,0.125,0.125,0.125,0.125,0.125,0.125,0.125
140,140.0,140.30532557577686,0.125,0.125,0.125,0.125,0.125,0.125,0.125,0.125
141,141.0,141.30210915579926,0.125,0.125,0.125,0.125,0.125,0.125,0.125,0.125
142,142.0,142.2991932862614,0.125,0.125,0.125,0.125,0.125,0.125,0.125,0.125
143,143.0,143.29657707081475,0.125,0.125,0.125,0.125,0.125,0.125,0.125,0.125
144,144.0,144.2942567062046,0.125,0.125,0.125,0.125,0.125,0.125,0.125,0.125
145,145.0,145.29222581099341,0.125,0.125,0.125,0.125,0.125,0.125,0.125,0.125
146,146.0,146.2904757471934,0.125,0.125,0.125,0.125,0.125,0.125,0.125,0.125
147,147.0,147.28899593230145,0.125,0.125,0.125,0.125,0.125,0.125,0.125,0.125
148,148.0,148.2877741395757,0.125,0.125,0.125,0.125,0.125,0.125,0.125,0.125
149,149.0,149.28679678472676,0.125,0.125,0.125,0.125,0.125,0.125,0.125,0.125
150,150.0,150.28604919751547,0.125,0.125,0.125,0.125,0.125,0.125,0.125,0.125
151,151.0,151.28551587705013,0.125,0.125,0.125,0.125,0.125,0.125,0.125,0.125
152,152.0,152.28518072986083,0.125,0.125,0.125,0.125,0.125,0.125,0.125,0.125
153,153.0,153.28502729009188,0.125,0.125,0.125,0.125,0.125,0.125,0.125,0.125
154,154.0,154.28503892139886,0.125,0.125,0.125,0.125,0.125,0.125,0.125,0.125
155,155.0,155.2851990003612,0.125,0.125,0.125,0.125,0.125,0.125,0.125,0.125
156,156.0,156.28549108142366,0.125,0.125,0.125,0.125,0.125,0.125,0.125,0.125
157,157.0,157.28589904356562,0.125,0.125,0.125,0.125,0.125,0.125,0.125,0.125
158,158.0,158.28640721905776,0.125,0.125,0.125,0.125,0.125,0.125,0.125,0.125
159,159.0,159.28700050481012,0.125,0.125,0.125,0.125,0.125,0.125,0.125,0.125
160,160.0,160.28766445693915,0.125,0.125,0.125,0.125,0.125,0.125,0.125,0.125
161,161.0,161.28838536928586,0.125,0.125,0.125,0.125,0.125,0.125,0.125,0.125
162,162.0,162.28915033670503,0.125,0.125,0.125,0.125,0.125,0.125,0.125,0.125
163,163.0,163.28994730401524,0.125,0.125,0.125,0.125,0.125,0.125,0.125,0.125
164,164.0,164.29076510155429,0.125,0.125,0.125,0.125,0.125,0.125,0.125,0.125
165,165.0,165.29159346832387,0.125,0.125,0.125,0.125,0.125,0.125,0.125,0.125
166,166.0,166.29242306373325,0.125,0.125,0.125,0.125,0.125,0.125,0.125,0.125
167,167.0,167.29324546896436,0.125,0.125,0.125,0.125,0.125,0.125,0.125,0.125
168,168.0,168.29405317898272,0.125,0.125,0.125,0.125,0.125,0.125,0.125,0.125
169,169.0,169.29483958620943,0.125,0.125,0.125,0.125,0.125,0.125,0.125,0.125
170,170.0,170.2955989568514,0.125,0.125,0.125,0.125,0.125,0.125,0.125,0.125
171,171.0,171.2963264008606,0.125,0.125,0.125,0.125,0.125,0.125,0.125,0.125
172,172.0,172.2970178364603,0.125,0.125,0.125,0.125,0.125,0.125,0.125,0.125
173,173.0,173.29766995013543,0.125,0.125,0.125,0.125,0.125,0.125,0.125,0.125
174,174.0,174.29828015294171,0.125,0.125,0.125,0.125,0.125,0.125,0.125,0.125
175,175.0,175.29884653393793,0.125,0.125,0.125,0.125,0.125,0.125,0.125,0.125
176,176.0,176.29936781149516,0.125,0.125,0.125,0.125,0.125,0.125,0.125,0.125
177,177.0,177.2998432831817,0.125,0.125,0.125,0.125,0.125,0.125,0.125,0.125
178,178.0,178.30027277486778,0.125,0.125,0.125,0.125,0.125,0.125,0.125,0.125
179,179.0,179.30065658963656,0.125,0.125,0.125,0.125,0.125,0.125,0.125,0.125
180,180.0,180.3009954570321,0.125,0.125,0.125,0.125,0.125,0.125,0.125,0.125
181,181.0,181.30129048311775,0.125,0.125,0.125,0.125,0.125,0.125,0.125,0.125
182,182.0,182.30154310176368,0.125,0.125,0.125,0.125,0.125,0.125,0.125,0.125
183,183.0,183.30175502752738,0.125,0.125,0.125,0.125,0.125,0.125,0.125,0.125
184,184.0,184.30192821043943,0.125,0.125,0.125,0.125,0.125,0.125,0.125,0.125
185,185.0,185.3020647929559,0.125,0.125,0.125,0.125,0.125,0.125,0.125,0.125
186,186.0,186.30216706929113,0.125,0.125,0.125,0.125,0.125,0.125,0.125,0.125
187,187.0,187.30223744729992,0.125,0.125,0.125,0.125,0.125,0.125,0.125,0.125
188,188.0,188.30227841303486,0.125,0.125,0.125,0.125,0.125,0.125,0.125,0.125
189,189.0,189.30229249806595,0.125,0.125,0.125,0.125,0.125,0.125,0.125,0.125
190,190.0,190.30228224961328,0.125,0.125,0.125,0.125,0.125,0.125,0.125,0.125
191,191.0,191.30225020350974,0.125,0.125,0.125,0.125,0.125,0.125,0.125,0.125
192,192.0,192.30219885998144,0.125,0.125,0.125,0.125,0.125,0.125,0.125,0.125
193,193.0,193.3021306622062,0.125,0.125,0.125,0.125,0.125,0.125,0.125,0.125
194,194.0,194.3020479775864,0.125,0.125,0.125,0.125,0.125,0.125,0.125,0.125
195,195.0,195.30195308165273,0.125,0.125,0.125,0.125,0.125,0.125,0.125,0.125
196,196.0,196.30184814449586,0.125,0.125,0.125,0.125,0.125,0.125,0.125,0.125
197,197.0,197.30173521960972,0.125,0.125,0.125,0.125,0.125,0.125,0.125,0.125
198,198.0,198.30161623501613,0.125,0.125,0.125,0.125,0.125,0.125,0.125,0.125
199,199.0,199.30149298653174,0.125,0.125,0.125,0.125,0.125,0.125,0.125,0.125
200,200.0,200.30136713303045,0.12569444444444444,0.12458333333333334,0.12458333333333334,0.12458333333333334,0.12569444444444444,0.12458333333333334,0.12569444444444444,0.12458333333333334
201,201.0,201.301240193549,0.12615972222222224,0.12405972222222222,0.12405972222222222,0.12405972222222222,0.12727083333333333,0.12405972222222222,0.12627083333333333,0.12405972222222222
202,202.0,202.30111354608022,0.12636409722222225,0.12329509722222223,0.12329509722222223,0.12329509722222223,0.12957520833333333,0.12329509722222223,0.12758520833333337,0.12329509722222223
203,203.0,203.30098842789752,0.12644550486111114,0.12243509486111114,0.12243509486111114,0.12343509486111114,0.13161450486111112,0.12243509486111114,0.12876451597222227,0.12243509486111114
204,204.0,204.30086593725412,0.12631340759659093,0.12139583269659095,0.12139583269659095,0.12338583269659094,0.13330190850568183,0.12139583269659095,0.13141552041477278,0.12139583269659095
205,205.0,205.3007470363025,0.12582381022498107,0.12012987175489019,0.12012987175489019,0.1258333959973144,0.13440421936740532,0.12012987175489019,0.13341908739073868,0.12012987175489019
206,206.0,206.300632555083,0.12517748632241318,0.11958418426636563,0.1187508509330323,0.12793193599363836,0.1360071213830942,0.1187508509330323,0.13515198239328674,0.11864558777513756
207,207.0,207.30052319643465,0.12439584078685668,0.11894146876643284,0.11728313543309953,0.1309693860966349,0.13738853226514827,0.11728313543309953,0.1366648394698396,0.11707366174888899
208,208.0,208.3004195416868,0.123625222236966,0.11834285521123199,0.11587527187789867,0.13394648079460678,0.13868178701811046,0.11587527187789867,0.13808953384223122,0.11556357714105654
209,209.0,209.30032205699686,0.12287223415967345,0.11778991954184188,0.11453535370850856,0.13683948468107676,0.13988276870736036,0.11453535370850856,0.1394206348371538,0.11412425065587695
210,210.0,210.30023110020593,0.12325375449960328,0.11728362332637535,0.11326998556804202,0.1385167656872192,0.14015536148904334,0.11326998556804202,0.14148752411573837,0.1127629997459367
211,211.0,211.30014692809203,0.12343029498941173,0.11671325447048356,0.11197325502390024,0.13997201217989438,0.1402285672149882,0.11197325502390024,0.1443348428457218,0.1113745182517002
212,212.0,212.3000697039086,0.12362058820921284,0.11619092392676797,0.11076126562189216,0.1413128751455222,0.14022159253350924,0.11076126562189216,0.14705607489466432,0.1100754140465394
213,213.0,213.29999950510447,0.12382135595380933,0.11571705116944814,0.1096376631418245,0.14253738430715118,0.14014252523216367,0.1096376631418245,0.14963661661018063,0.10886974044359833
214,214.0,214.2999363311297,0.12390133796507058,0.11509922145514999,0.1084766397880988,0.1434526222612572,0.1398070575536439,0.1084766397880988,0.15315447519820174,0.10763200599047933
215,215.0,215.29988011124107,0.12393225255665705,0.11442119558990113,0.10735398744205762,0.14419849561718337,0.13930737102563934,0.10735398744205762,0.15699447664933325,0.10643823367717092
216,216.0,216.2998307122289,0.12371406861999164,0.11356873382040952,0.1068148910641885,0.14607252738923368,0.13846208719558134,0.10614822439752183,0.16005237362911978,0.10516709388395401
217,217.0,217.29978794599566,0.12341763409102247,0.11275033848732846,0.10711529378036065,0.1467659885909024,0.1375917411094983,0.10501939634446322,0.16269422918332951,0.10464537841309526
218,218.0,218.29975157692581,0.12208849528402647,0.11194785150241232,0.10745299856376517,0.14722119547340481,0.13666048118179228,0.10394816266632927,0.16654205540580455,0.1041387599224654
219,219.0,219.29972132899368,0.12070228264232731,0.11108510886147809,0.10773830012062906,0.14741796061551876,0.13560111335668695,0.10289854488985982,0.17035785539886614,0.1041988341146341
220,220.0,220.29969689256484,0.11916981935677184,0.11012369758655917,0.10786557473311496,0.14780552145345818,0.1343290310772505,0.10182507633855775,0.1747284327455193,0.10415284670876848
221,221.0,221.29967793085322,0.1175623073665114,0.10910798858155693,0.10792369282674007,0.147922557833164,0.13295256708891467,0.10073267846787892,0.17979419840679595,0.10400400942843825
222,222.0,222.2996640860042,0.11593570305745335,0.10808594510506402,0.10795136526798851,0.14787995981114413,0.13152830059798706,0.09966654458400209,0.1851030779679862,0.10384910360837482
223,223.0,223.2996549847801,0.11435004773327617,0.10711028706770255,0.1079932259263936,0.1476833512575521,0.13011712054834423,0.09867657565579396,0.19038987220042458,0.10367951961051293
224,224.0,224.29965024383057,0.1127528751713478,0.10612190462854723,0.10798320949626984,0.14728562080712893,0.12866760221896836,0.09770082699958396,0.19605401808949516,0.10343394258865884
225,225.0,225.2996494745377,0.11055635564295746,0.10512892703778777,0.10781121728582832,0.1475773333473853,0.12730031076464002,0.09685696661091495,0.20195080661093254,0.10281808269955377
226,226.0,226.29965228742873,0.1083954553705114,0.10482099147573413,0.1075625010051178,0.14772223346686653,0.12589092174524874,0.09605045345453851,0.20735498413287384,0.1022024593491091
227,227.0,227.2996582961564,0.1062665980171005,0.10446948042014587,0.10722698209755438,0.14757099037647659,0.12443740327536144,0.09526399452475003,0.21261077260040023,0.10215377868821099
228,228.0,228.2996671210497,0.104206936998546,0.10410216651585785,0.10742492685055949,0.14721487132699376,0.12297860346965214,0.0946312137745531,0.2173662045589681,0.10207507650486955
229,229.0,229.2996783922432,0.10212322353584614,0.10365055942488434,0.10749794768245063,0.146670170296494,0.12045589469786153,0.09515578857321044,0.22254964254395337,0.10189677324529954
230,230.0,230.29969175239492,0.10004544877197917,0.10313330140733218,0.10746245175414072,0.14592946745902927,0.11790659181484421,0.09651665297053538,0.22741351016722314,0.10159257565491593
231,231.0,231.2997068590075,0.09797305500743715,0.10254138855877144,0.10730890412366964,0.145034601568937,0.11533810568328973,0.09761400960360643,0.23299698876631839,0.10119294668797024
232,232.0,232.29972338636878,0.09597514582885076,0.10193712323970634,0.10709956318647597,0.14449363794799422,0.11366029057161839,0.09852427464355722,0.23798440366978685,0.10032556091201024
233,233.0,233.29974102713024,0.09406424042690235,0.10132660313741655,0.1067310570470151,0.1450179985954254,0.11198557475189463,0.09915884355368389,0.24230248151094333,0.09941320097671871
234,234.0,234.29975949354423,0.09222648444551489,0.1006945165626763,0.10630216043960886,0.14532941741118333,0.11113291293330321,0.09961472526061613,0.24624381708168078,0.0984559658654165
235,235.0,235.29977851838137,0.09056977048666866,0.09955688382517482,0.1053286403870063,0.14562700968507944,0.10984598834365858,0.1001020126441358,0.2514105932796615,0.0975591013486149
236,236.0,236.299797855551,0.08889549214092278,0.09830797828649386,0.10420703685218376,0.14622218020714728,0.10851343892389315,0.10041562291597377,0.2569101798685276,0.09652807080485781
237,237.0,237.29981728044817,0.0872689648733858,0.09701937642809634,0.10301362217066365,0.14664819488295663,0.10577139746560635,0.10149458090366476,0.2633451333758089,0.0954387298998176
238,238.0,238.29983659005114,0.0855804381928881,0.0955529839932544,0.10157782293269069,0.14777173558081452,0.10292002747836128,0.10217530715637585,0.27027336005404623,0.09414832461156898
239,239.0,239.29985560279331,0.0838570022961426,0.09394542095119676,0.10060925123881642,0.14863279061379897,0.10066961916882876,0.1025003170791843,0.2770919667425123,0.09269363190951993
240,240.0,240.2998741582333,0.08212152755416065,0.09222902508348468,0.0994313484753222,0.14944267438379064,0.09834305887608531,0.10313264872484285,0.28419235221040945,0.0911073646919043
241,241.0,241.29989211654697,0.08140634451682097,0.09046929975982232,0.09811489288610097,0.14979863030339435,0.09604618352984105,0.10406400451694288,0.2903325485019676,0.08976809598510999
242,242.0,242.29990935786384,0.08072964309272054,0.08872505195153865,0.09674561815027556,0.15042980277646117,0.09379910545552347,0.10529839446176581,0.2953669756572591,0.08890540845445583
243,243.0,243.29992578147036,0.07981664075119271,0.08623685595397586,0.09507278073955824,0.15249880609289115,0.0913205942484028,0.10607900860984026,0.3012416835240279,0.08773363008011117
244,244.0,244.29994130490152,0.07901429260357579,0.0838467549707892,0.09341437024843562,0.15430620087595273,0.0889805400730717,0.10678702516024649,0.3070636582206023,0.08658715784732632
245,245.0,245.29995586294055,0.07861400453196497,0.08150500157024315,0.09161130980927662,0.15582783229290958,0.0867255204046025,0.10736107257311153,0.3130573206557667,0.08529793816212511
246,246.0,246.29996940654627,0.07860173117883207,0.07908334139010834,0.08992521011849818,0.15724726271912026,0.0851906167267922,0.10710435556913989,0.3190013655707582,0.08384611672675107
247,247.0,247.29998190172597,0.07845745023103876,0.0766298908825759,0.08811891312541226,0.15889779625732778,0.0834799337019702,0.10661842693248583,0.3255202993857532,0.08227728948343627
248,248.0,248.29999332837042,0.0782809296408113,0.07420803741929263,0.08626416288999975,0.16053931182991862,0.08178043029045001,0.10593750118053402,0.3323219787316253,0.08066764801736856
249,249.0,249.30000367906672,0.07817282291395974,0.07182697728441038,0.08450770888220403,0.16173245937389186,0.08021749405452717,0.10518355161799808,0.3392121052180145,0.0791468806549944
250,250.0,250.3000129579027,0.07885684832549822,0.06950164900673018,0.0827295168635894,0.1630086436202388,0.07915220695141036,0.10426629616603143,0.3448747677424465,0.07761007132405519
251,251.0,251.3000211792761,0.07958507209909961,0.06733803299119859,0.08103720947876249,0.1640308236148524,0.07822611708105887,0.10342595908091606,0.3501943387993869,0.07616244685472517
252,252.0,252.30002836671935,0.08033583069509498,0.06532961702853785,0.07942430749942062,0.16510609083385253,0.07737989576210602,0.10253791640608688,0.3550931957765971,0.07479314599830411
253,253.0,253.30003455175114,0.08107839993961424,0.06356636181653952,0.07787448887045438,0.16617182032874797,0.07659317657638905,0.10159238071276737,0.3596443617718226,0.07347900998366493
254,254.0,254.30003977276223,0.08182216078301731,0.06196272173886584,0.0764121170934802,0.16727588459270729,0.07591911651309909,0.10074124963005476,0.36362367686928354,0.07224307277949198
255,255.0,255.30004407394458,0.08270751762559411,0.06066576635662806,0.07519243281318054,0.1691759575584186,0.07546354982452891,0.10002258871883493,0.36552840850331286,0.07124377859950197
256,256.0,256.3000475042693,0.08275369236933092,0.059533365157767706,0.07407172803729435,0.17110101890988966,0.07511696282308257,0.0993222103225596,0.36777121552248104,0.07032980685759417
257,257.0,257.3000501165188,0.08279342321776918,0.05855966847703049,0.07304948541663012,0.172984481052541,0.07487081522245828,0.09864457171479193,0.3693034370723574,0.06979411782642161
258,258.0,258.30005196637813,0.08279696561212296,0.057709603156758625,0.07209921405276382,0.17479790615582463,0.07475691039795022,0.09794436109472485,0.370588609248162,0.0693064302816929
259,259.0,259.3000531115878,0.08217350665831606,0.056940549898978454,0.07173921252547004,0.17704760505661027,0.07463039614155606,0.09729237066086191,0.3713492433997489,0.06882711565845832
260,260.0,260.3000536111606,0.08149377452888973,0.05678028972490473,0.07135666628700198,0.1794602297168448,0.07449442961605306,0.096582567258787,0.3714709582130239,0.06836108465449486
261,261.0,261.3000535246645,0.0807493723013156,0.056674131065087535,0.0709990488042871,0.181573145332071,0.07433643690816531,0.09582550117908153,0.3719440450534317,0.06789831935656028
262,262.0,262.3000529115714,0.07992994649859761,0.05656714505613914,0.07080765312956219,0.18363415051559845,0.07413511503606121,0.09540353117429314,0.3721041731784618,0.06741828541128657
263,263.0,263.3000518306719,0.07856003882850389,0.05644539454819597,0.07075054214537795,0.18538872523305935,0.07387391230970464,0.09479768161942145,0.37326212999334485,0.06692157532239196
264,264.0,264.30005033955564,0.07715348921546836,0.056349523300089494,0.07067708225748953,0.18746750989872166,0.0735982932290343,0.09416640788217659,0.37420281989920484,0.06638487431781527
265,265.0,265.3000484941555,0.07571719378475025,0.0562670685331518,0.07057734760921386,0.18931845439625802,0.07327977929686254,0.09349697886483092,0.3755378784729329,0.06580529904199975
266,266.0,266.30004634835376,0.07428739243058388,0.056528915505094264,0.07047244341469609,0.19100737488532338,0.07294361271400084,0.09281840351792048,0.37671170884440863,0.06523014868797247
267,267.0,267.3000439536487,0.07285717830001462,0.056786740416498636,0.07034199712184319,0.19223896713276362,0.0725732513238055,0.09242045995573546,0.3779620483461441,0.0648193574031949
268,268.0,268.30004135887765,0.07144339429656613,0.05704047678018359,0.07020233388784076,0.19329061127467312,0.0721772272303679,0.09199953406260533,0.3794536881705139,0.06439273429724923
269,269.0,269.3000386099949,0.07006576698225352,0.05730324921235126,0.07006239972672082,0.19421472083340935,0.07178503943683016,0.09158540784599728,0.3812171002417619,0.06376631572067563
270,270.0,270.3000357499004,0.0687335622616907,0.05757063168221607,0.06992213910516154,0.1953134282026821,0.07110492021044867,0.09156526328542494,0.38264910584086737,0.06314094941150857
271,271.0,271.3000328183165,0.06745459327261122,0.057838522711212585,0.0697814496986675,0.19608041970005716,0.07087070026439418,0.09153853815039453,0.3839149288337176,0.06252084736894521
272,272.0,272.30002985170773,0.06552102651548662,0.057809060984093594,0.06964021233618375,0.1975411119567584,0.07062942015744018,0.09150473684730992,0.3852319570025502,0.062122474200177295
273,273.0,273.30002688324277,0.06365106857643092,0.057767536274975925,0.06948990856201012,0.19898162986237306,0.07036571721353961,0.09143824177316824,0.38658457510775995,0.06172132262974214
274,274.0,274.3000239427919,0.062307814100473605,0.05768912549939586,0.06930294844431598,0.20107714611075428,0.07001039673237325,0.09065472933230127,0.3876573561747722,0.06130048360561352
275,275.0,275.30002105695814,0.06094581112168523,0.05750257782786687,0.06899274602477266,0.20401461590410602,0.06962034782170273,0.08968174888425841,0.3884327602738496,0.06080939214175845
276,276.0,276.30001824913825,0.06003211065764482,0.05723643686460245,0.0685870861980879,0.20684078253017824,0.06913683661999456,0.08857973650959715,0.38931657707168454,0.060270433548210336
277,277.0,277.3000155396089,0.05917464167081577,0.05693624990553264,0.06815180176703106,0.209993216123949,0.06859094112462934,0.08746049853983782,0.38998285395617827,0.05970979691202612
278,278.0,278.3000129456364,0.0583938419462308,0.056625909662714254,0.0676999124983083,0.21314973449418922,0.06803349906108691,0.08633981428968202,0.39071318834112484,0.05904409970666363
279,279.0,279.30001048160483,0.05765387170976422,0.05627454412081311,0.06720441605811578,0.2163200616054061,0.06773337426136146,0.08520249643475554,0.39107614068134033,0.058535095128443494
280,280.0,280.30000815916037,0.056909776319398024,0.05585872292250573,0.06662839631084512,0.21880719770723722,0.06735227838881314,0.08396587425415925,0.3924818988628071,0.05799585523423442
281,281.0,281.3000059873687,0.056216866644374655,0.05542020289753853,0.0660324561367888,0.221220235035366,0.06691571128589772,0.082731262251308,0.39401443927113655,0.05744882647758971
282,282.0,282.30000397288256,0.055968334631106925,0.05492011244744908,0.06536461633758332,0.22336681827918511,0.06640145972354171,0.08168064506535527,0.3954215889371452,0.05687642457863335
283,283.0,283.30000212011623,0.05569813488421188,0.054374833160507806,0.06464318669795013,0.2256001682278034,0.06584332753773879,0.08099331887952609,0.3962916613957576,0.05655536921650425
284,284.0,284.3000004314253,0.05597476822703241,0.055468951464713694,0.06443392554795913,0.22743608878523866,0.06580162329412172,0.08081939647594442,0.3932870668229448,0.05677817938204516
285,285.0,285.29999890728925,0.056266529650532374,0.05654180638978059,0.06421651699797284,0.2290032982518134,0.06572332790047444,0.08065786176196522,0.39059668366278305,0.0569939753846781
286,286.0,286.2999975464939,0.05657753143013035,0.05759288285823963,0.06399851050779169,0.23089894952474277,0.06562132624780881,0.08052015455120427,0.3875875307932996,0.057203114086782914
287,287.0,287.2999963463132,0.05692414398070444,0.058884564160241584,0.06378872413907609,0.2324991006345191,0.06568637364931133,0.08031944559045669,0.38448712045303574,0.057410527392655085
288,288.0,288.29999530268736,0.057482667596642924,0.060091588774792044,0.06353230385082834,0.23420075920495317,0.06569428159131646,0.07988779984708091,0.3813479127672216,0.05776268636716462
289,289.0,289.2999944103973,0.05811579548930765,0.06123090069644463,0.06326214954017599,0.23595222716731235,0.06566416276123997,0.07943831611463327,0.3782677253547082,0.05806872287617804
290,290.0,290.29999366323216,0.0587537527613149,0.06231408715762382,0.06300906232250146,0.23751327611652803,0.06562277666466985,0.07902086184268156,0.37539927149865243,0.058366911636028036
291,291.0,291.2999930541513,0.05938395518337238,0.06342454674376871,0.06266632269890927,0.23914058956523682,0.06556959149195293,0.07863296325331147,0.372554045019713,0.05862798604373552
292,292.0,292.29999257543705,0.06010212881110545,0.06447221821578591,0.06234307016162764,0.24054572446048966,0.06552436084480277,0.07828216012726756,0.3698467809004719,0.0588835564784492
293,293.0,293.2999922188398,0.060774900283842664,0.06543114307616549,0.06201504462982312,0.24215515163526907,0.06543790634730921,0.07793311212400024,0.3671533755174345,0.05909936638615583
294,294.0,294.2999919757139,0.0614005106663345,0.06630144581047688,0.06169127108970862,0.24367088207048498,0.06531967135876401,0.07758933376916179,0.3647397757882168,0.0592871094468525
295,295.0,295.30999183714346,0.06197982992753618,0.06708610342832523,0.06137720303643797,0.24513925453632598,0.06518011358005767,0.07726442659217539,0.36252271302558675,0.05945035587355492
296,296.0,296.3198917940586,0.06251014439705763,0.06778468750107772,0.0610736902609783,0.246242053368534,0.06502091764407171,0.07727099659113319,0.36066763787136336,0.05942987236578416
297,297.0,297.32960283734167,0.06297639189943705,0.06838455714890636,0.06076331841114077,0.24742679831492162,0.06482148233448984,0.07725582294710504,0.35901922967279004,0.05935239927120936
298,298.0,298.33904674792296,0.06338973244335386,0.068899390833513,0.0604593531329846,0.24848453292855466,0.06460579873851689,0.07722507125874509,0.35770065888230784,0.05923546178202414
299,299.0,299.3481557999669,0.06374984656564144,0.06933144903177027,0.06016266269049224,0.24913150776077153,0.06415853236359047,0.07717793252829572,0.35720606287059026,0.059082006188848187
300,300.0,300.35687238880683,0.0640453602926681,0.06967196671848522,0.059862156094853985,0.24965810694872043,0.06368482183108863,0.07710687996454879,0.35708984478289285,0.05888086336674202
301,301.0,301.36514859487465,0.06448599975180429,0.06992494531009089,0.05955899078740143,0.24998548401143492,0.06318936669042388,0.0770120369425003,0.3572073638673723,0.05863581263897211
302,302.0,302.372945694387,0.06485903699700309,0.07009490727139446,0.059254290679861425,0.24986081670991284,0.06293984107706807,0.07689382983127221,0.35759725279739435,0.058500024636093634
303,303.0,303.3802336270042,0.06516524336378042,0.07018679773477461,0.058949136891972176,0.24974980967637275,0.0626680125308518,0.07675295213931721,0.3582034898809707,0.058324557781960384
304,304.0,304.38699043008967,0.06540817239063103,0.07020802294086625,0.058650953648038934,0.24973495228047182,0.06238240724601552,0.07659246061126401,0.358900173141645,0.05812285774106746
305,305.0,305.3932016485657,0.06541653133581367,0.07017773152322895,0.0583697718219662,0.24946338447710836,0.06210270040538679,0.07643601995287237,0.36012885253650084,0.05790500794712284
306,306.0,306.3988597287085,0.06536956893203356,0.07008377605032504,0.05809307619254074,0.2490526929639749,0.06181853507046433,0.07627310995963461,0.36144542109612,0.057863819734906806
307,307.0,307.4039634035499,0.0652564631945264,0.06992267439741659,0.0578123150608122,0.2483547734265055,0.061745382353087935,0.07607709634822625,0.36304855252139673,0.05778274269802839
308,308.0,308.40851707687165,0.06476248848026551,0.06973241989084432,0.05757351851375603,0.24805565961943754,0.061674906596209736,0.07556203420900078,0.36476085729107754,0.057878115399408535
309,309.0,309.4125302120925,0.06420404178944894,0.06947227894052183,0.05730478325672505,0.2482334969296785,0.061573866703669884,0.07497940813204074,0.3662827369789262,0.05794938726898891
310,310.0,310.4160167316704,0.06362080104469578,0.06899797170012237,0.05704804310678181,0.24847586062144883,0.061458110381603565,0.07439104603200455,0.36801796494277345,0.057990202170569674
311,311.0,311.4189944319738,0.06301234301274031,0.06849734632909518,0.05679802612543658,0.24881441999015425,0.0613237173594615,0.073803883888619,0.36983132395039175,0.057918939344101486
312,312.0,312.42148441792705,0.06238184032162113,0.06796848326698292,0.05655048402944639,0.24931488382719,0.06117648145671091,0.07321675098552086,0.37158014933682926,0.057810926775698594
313,313.0,313.42351056110573,0.06173571571075556,0.06742264958701055,0.056306513369382825,0.2498488645744965,0.06119308629677139,0.07263063046876159,0.37307850138830734,0.0577840386045143
314,314.0,314.4250989843555,0.06108156712202134,0.06677716251154367,0.05607196460604226,0.25042023919318873,0.06118572595377331,0.07205040480530833,0.37468577391653907,0.05772716189158343
315,315.0,315.42627757543676,0.060415443828456074,0.06611969254472844,0.05584136801310453,0.2511837007431559,0.06123306457756452,0.07146713899539348,0.376101312477381,0.05763827882021625
316,316.0,316.4270755316555,0.05974281048190118,0.06554482247394203,0.05561495923434074,0.25194639449179573,0.06124458411370447,0.07088394861805365,0.3776212224391778,0.05740125814708459
317,317.0,317.4275229369358,0.059131596402243386,0.06503086112510614,0.055475325071857914,0.2533069842252006,0.06125731039369562,0.06927002507330646,0.37923955588726765,0.057288341821322426
318,318.0,318.42765037231874,0.058530697005059557,0.06452639148135682,0.0553394338926676,0.254668425213199,0.06139078605041622,0.06759361516654405,0.3808052521179366,0.05714539907282038
319,319.0,319.42748856044017,0.05793419067844753,0.06402520328082587,0.055201297754314385,0.25611130330973675,0.06148376981964107,0.06594453009601074,0.3823286235637897,0.05697108149723412
320,320.0,320.4270680441451,0.05731679890119208,0.06350175417223232,0.05501783489013032,0.2575261841753664,0.06152166797374112,0.06440641152044946,0.3839561933430434,0.05675315502384511
321,321.0,321.426418899038,0.05671862301507022,0.06299124515110717,0.054838701263507025,0.25898575854865197,0.06152810933210474,0.0629183876899198,0.3853385631627419,0.05668061183689729
322,322.0,322.4255704794513,0.05610719219244243,0.062465840655468424,0.054617461071596776,0.26053614968744104,0.06148122399665504,0.0615912899186675,0.38647647723488987,0.05672436524283906
323,323.0,323.42455119702873,0.05550489820333309,0.06194325689189198,0.054712100852387924,0.26192277697897276,0.06140276763182661,0.060327388246749186,0.3874405678686969,0.056746243326141706
324,324.0,324.42338833087814,0.05491290173589581,0.061429222650923584,0.054774428438855195,0.2635031912568647,0.06130099016983485,0.05913849164311295,0.3882671543917814,0.05667361971273168
325,325.0,325.4221078680339,0.0543379573315027,0.06092738736202328,0.05501948508569317,0.2647965295174667,0.0611848322531402,0.058031919405878166,0.38898641791007266,0.05671547113422334
326,326.0,326.4207343727937,0.053716738576506676,0.06045996065748681,0.055269479299124034,0.26592412117764525,0.06106400120176125,0.05701776838642343,0.38979451766456763,0.05675341303648511
327,327.0,327.41929088334956,0.0531283561539003,0.06001910407623812,0.05551578310528246,0.26674834438494477,0.06118941274449377,0.05604331636766659,0.39072744096087514,0.056628242206599094
328,328.0,328.4177988340163,0.05257633257617456,0.059783879417033114,0.05575999853198553,0.26732671180695877,0.061295814281491,0.05515689942388509,0.3916104969696217,0.056489866992850454
329,329.0,329.4162780012762,0.05205727404851953,0.05957319348400324,0.0559900639320228,0.26768380728679314,0.06137183270113715,0.054346759444693714,0.39265381943938515,0.05632324966344545
330,330.0,330.41474647179746,0.05157747718011438,0.05938758066601041,0.056121031836669714,0.2681575348126404,0.061421165414921826,0.053613590922256524,0.3934595430564971,0.05626207611088981
331,331.0,331.41322063054855,0.050993501211248404,0.05922025395688349,0.05623786342561474,0.2685000322872082,0.06152274985098342,0.05295030485499937,0.39438448235371365,0.05619081205934886
