Total_iterations,Unnamed: 0.1,Intertwine_two,Invert_path_vertices,Insert_inside_vertex,Delete_inside_vertex,Replace_inside_vertex,Donate_between_routes,Trim_one_terminal_cb,Grow_one_terminal_cb
0,0.0,0.125,0.125,0.125,0.125,0.125,0.125,0.125,0.125
1,1.0,0.125,0.125,0.125,0.125,0.125,0.125,0.125,0.125
2,2.0,0.125,0.125,0.125,0.125,0.125,0.125,0.125,0.125
3,3.0,0.125,0.125,0.125,0.125,0.125,0.125,0.125,0.125
4,4.0,0.125,0.125,0.125,0.125,0.125,0.125,0.125,0.125
5,5.0,0.125,0.125,0.125,0.125,0.125,0.125,0.125,0.125
6,6.0,0.125,0.125,0.125,0.125,0.125,0.125,0.125,0.125
7,7.0,0.125,0.125,0.125,0.125,0.125,0.125,0.125,0.125
8,8.0,0.125,0.125,0.125,0.125,0.125,0.125,0.125,0.125
9,9.0,0.125,0.125,0.125,0.125,0.125,0.125,0.125,0.125
10,10.0,0.125,0.125,0.125,0.125,0.125,0.125,0.125,0.125
11,11.0,0.125,0.125,0.125,0.125,0.125,0.125,0.125,0.125
12,12.0,0.125,0.125,0.125,0.125,0.125,0.125,0.125,0.125
13,13.0,0.125,0.125,0.125,0.125,0.125,0.125,0.125,0.125
14,14.0,0.125,0.125,0.125,0.125,0.125,0.125,0.125,0.125
15,15.0,0.125,0.125,0.125,0.125,0.125,0.125,0.125,0.125
16,16.0,0.125,0.125,0.125,0.125,0.125,0.125,0.125,0.125
17,17.0,0.125,0.125,0.125,0.125,0.125,0.125,0.125,0.125
18,18.0,0.125,0.125,0.125,0.125,0.125,0.125,0.125,0.125
19,19.0,0.125,0.125,0.125,0.125,0.125,0.125,0.125,0.125
20,20.0,0.125,0.125,0.125,0.125,0.125,0.125,0.125,0.125
21,21.0,0.125,0.125,0.125,0.125,0.125,0.125,0.125,0.125
22,22.0,0.125,0.125,0.125,0.125,0.125,0.125,0.125,0.125
23,23.0,0.125,0.125,0.125,0.125,0.125,0.125,0.125,0.125
24,24.0,0.125,0.125,0.125,0.125,0.125,0.125,0.125,0.125
25,25.0,0.125,0.125,0.125,0.125,0.125,0.125,0.125,0.125
26,26.0,0.125,0.125,0.125,0.125,0.125,0.125,0.125,0.125
27,27.0,0.125,0.125,0.125,0.125,0.125,0.125,0.125,0.125
28,28.0,0.125,0.125,0.125,0.125,0.125,0.125,0.125,0.125
29,29.0,0.125,0.125,0.125,0.125,0.125,0.125,0.125,0.125
30,30.0,0.125,0.125,0.125,0.125,0.125,0.125,0.125,0.125
31,31.0,0.125,0.125,0.125,0.125,0.125,0.125,0.125,0.125
32,32.0,0.125,0.125,0.125,0.125,0.125,0.125,0.125,0.125
33,33.0,0.125,0.125,0.125,0.125,0.125,0.125,0.125,0.125
34,34.0,0.125,0.125,0.125,0.125,0.125,0.125,0.125,0.125
35,35.0,0.125,0.125,0.125,0.125,0.125,0.125,0.125,0.125
36,36.0,0.125,0.125,0.125,0.125,0.125,0.125,0.125,0.125
37,37.0,0.125,0.125,0.125,0.125,0.125,0.125,0.125,0.125
38,38.0,0.125,0.125,0.125,0.125,0.125,0.125,0.125,0.125
39,39.0,0.125,0.125,0.125,0.125,0.125,0.125,0.125,0.125
40,40.0,0.125,0.125,0.125,0.125,0.125,0.125,0.125,0.125
41,41.0,0.125,0.125,0.125,0.125,0.125,0.125,0.125,0.125
42,42.0,0.125,0.125,0.125,0.125,0.125,0.125,0.125,0.125
43,43.0,0.125,0.125,0.125,0.125,0.125,0.125,0.125,0.125
44,44.0,0.125,0.125,0.125,0.125,0.125,0.125,0.125,0.125
45,45.0,0.125,0.125,0.125,0.125,0.125,0.125,0.125,0.125
46,46.0,0.125,0.125,0.125,0.125,0.125,0.125,0.125,0.125
47,47.0,0.125,0.125,0.125,0.125,0.125,0.125,0.125,0.125
48,48.0,0.125,0.125,0.125,0.125,0.125,0.125,0.125,0.125
49,49.0,0.125,0.125,0.125,0.125,0.125,0.125,0.125,0.125
50,50.0,0.125,0.125,0.125,0.125,0.125,0.125,0.125,0.125
51,51.0,0.125,0.125,0.125,0.125,0.125,0.125,0.125,0.125
52,52.0,0.125,0.125,0.125,0.125,0.125,0.125,0.125,0.125
53,53.0,0.125,0.125,0.125,0.125,0.125,0.125,0.125,0.125
54,54.0,0.125,0.125,0.125,0.125,0.125,0.125,0.125,0.125
55,55.0,0.125,0.125,0.125,0.125,0.125,0.125,0.125,0.125
56,56.0,0.125,0.125,0.125,0.125,0.125,0.125,0.125,0.125
57,57.0,0.125,0.125,0.125,0.125,0.125,0.125,0.125,0.125
58,58.0,0.125,0.125,0.125,0.125,0.125,0.125,0.125,0.125
59,59.0,0.125,0.125,0.125,0.125,0.125,0.125,0.125,0.125
60,60.0,0.125,0.125,0.125,0.125,0.125,0.125,0.125,0.125
61,61.0,0.125,0.125,0.125,0.125,0.125,0.125,0.125,0.125
62,62.0,0.125,0.125,0.125,0.125,0.125,0.125,0.125,0.125
63,63.0,0.125,0.125,0.125,0.125,0.125,0.125,0.125,0.125
64,64.0,0.125,0.125,0.125,0.125,0.125,0.125,0.125,0.125
65,65.0,0.125,0.125,0.125,0.125,0.125,0.125,0.125,0.125
66,66.0,0.125,0.125,0.125,0.125,0.125,0.125,0.125,0.125
67,67.0,0.125,0.125,0.125,0.125,0.125,0.125,0.125,0.125
68,68.0,0.125,0.125,0.125,0.125,0.125,0.125,0.125,0.125
69,69.0,0.125,0.125,0.125,0.125,0.125,0.125,0.125,0.125
70,70.0,0.125,0.125,0.125,0.125,0.125,0.125,0.125,0.125
71,71.0,0.125,0.125,0.125,0.125,0.125,0.125,0.125,0.125
72,72.0,0.125,0.125,0.125,0.125,0.125,0.125,0.125,0.125
73,73.0,0.125,0.125,0.125,0.125,0.125,0.125,0.125,0.125
74,74.0,0.125,0.125,0.125,0.125,0.125,0.125,0.125,0.125
75,75.0,0.125,0.125,0.125,0.125,0.125,0.125,0.125,0.125
76,76.0,0.125,0.125,0.125,0.125,0.125,0.125,0.125,0.125
77,77.0,0.125,0.125,0.125,0.125,0.125,0.125,0.125,0.125
78,78.0,0.125,0.125,0.125,0.125,0.125,0.125,0.125,0.125
79,79.0,0.125,0.125,0.125,0.125,0.125,0.125,0.125,0.125
80,80.0,0.125,0.125,0.125,0.125,0.125,0.125,0.125,0.125
81,81.0,0.125,0.125,0.125,0.125,0.125,0.125,0.125,0.125
82,82.0,0.125,0.125,0.125,0.125,0.125,0.125,0.125,0.125
83,83.0,0.125,0.125,0.125,0.125,0.125,0.125,0.125,0.125
84,84.0,0.125,0.125,0.125,0.125,0.125,0.125,0.125,0.125
85,85.0,0.125,0.125,0.125,0.125,0.125,0.125,0.125,0.125
86,86.0,0.125,0.125,0.125,0.125,0.125,0.125,0.125,0.125
87,87.0,0.125,0.125,0.125,0.125,0.125,0.125,0.125,0.125
88,88.0,0.125,0.125,0.125,0.125,0.125,0.125,0.125,0.125
89,89.0,0.125,0.125,0.125,0.125,0.125,0.125,0.125,0.125
90,90.0,0.125,0.125,0.125,0.125,0.125,0.125,0.125,0.125
91,91.0,0.125,0.125,0.125,0.125,0.125,0.125,0.125,0.125
92,92.0,0.125,0.125,0.125,0.125,0.125,0.125,0.125,0.125
93,93.0,0.125,0.125,0.125,0.125,0.125,0.125,0.125,0.125
94,94.0,0.125,0.125,0.125,0.125,0.125,0.125,0.125,0.125
95,95.0,0.125,0.125,0.125,0.125,0.125,0.125,0.125,0.125
96,96.0,0.125,0.125,0.125,0.125,0.125,0.125,0.125,0.125
97,97.0,0.125,0.125,0.125,0.125,0.125,0.125,0.125,0.125
98,98.0,0.125,0.125,0.125,0.125,0.125,0.125,0.125,0.125
99,99.0,0.125,0.125,0.125,0.125,0.125,0.125,0.125,0.125
100,100.0,0.125,0.125,0.125,0.125,0.125,0.125,0.125,0.125
101,101.0,0.125,0.125,0.125,0.125,0.125,0.125,0.125,0.125
102,102.0,0.125,0.125,0.125,0.125,0.125,0.125,0.125,0.125
103,103.0,0.125,0.125,0.125,0.125,0.125,0.125,0.125,0.125
104,104.0,0.125,0.125,0.125,0.125,0.125,0.125,0.125,0.125
105,105.0,0.125,0.125,0.125,0.125,0.125,0.125,0.125,0.125
106,106.0,0.125,0.125,0.125,0.125,0.125,0.125,0.125,0.125
107,107.0,0.125,0.125,0.125,0.125,0.125,0.125,0.125,0.125
108,108.0,0.125,0.125,0.125,0.125,0.125,0.125,0.125,0.125
109,109.0,0.125,0.125,0.125,0.125,0.125,0.125,0.125,0.125
110,110.0,0.125,0.125,0.125,0.125,0.125,0.125,0.125,0.125
111,111.0,0.125,0.125,0.125,0.125,0.125,0.125,0.125,0.125
112,112.0,0.125,0.125,0.125,0.125,0.125,0.125,0.125,0.125
113,113.0,0.125,0.125,0.125,0.125,0.125,0.125,0.125,0.125
114,114.0,0.125,0.125,0.125,0.125,0.125,0.125,0.125,0.125
115,115.0,0.125,0.125,0.125,0.125,0.125,0.125,0.125,0.125
116,116.0,0.125,0.125,0.125,0.125,0.125,0.125,0.125,0.125
117,117.0,0.125,0.125,0.125,0.125,0.125,0.125,0.125,0.125
118,118.0,0.125,0.125,0.125,0.125,0.125,0.125,0.125,0.125
119,119.0,0.125,0.125,0.125,0.125,0.125,0.125,0.125,0.125
120,120.0,0.125,0.125,0.125,0.125,0.125,0.125,0.125,0.125
121,121.0,0.125,0.125,0.125,0.125,0.125,0.125,0.125,0.125
122,122.0,0.125,0.125,0.125,0.125,0.125,0.125,0.125,0.125
123,123.0,0.125,0.125,0.125,0.125,0.125,0.125,0.125,0.125
124,124.0,0.125,0.125,0.125,0.125,0.125,0.125,0.125,0.125
125,125.0,0.125,0.125,0.125,0.125,0.125,0.125,0.125,0.125
126,126.0,0.125,0.125,0.125,0.125,0.125,0.125,0.125,0.125
127,127.0,0.125,0.125,0.125,0.125,0.125,0.125,0.125,0.125
128,128.0,0.125,0.125,0.125,0.125,0.125,0.125,0.125,0.125
129,129.0,0.125,0.125,0.125,0.125,0.125,0.125,0.125,0.125
130,130.0,0.125,0.125,0.125,0.125,0.125,0.125,0.125,0.125
131,131.0,0.125,0.125,0.125,0.125,0.125,0.125,0.125,0.125
132,132.0,0.125,0.125,0.125,0.125,0.125,0.125,0.125,0.125
133,133.0,0.125,0.125,0.125,0.125,0.125,0.125,0.125,0.125
134,134.0,0.125,0.125,0.125,0.125,0.125,0.125,0.125,0.125
135,135.0,0.125,0.125,0.125,0.125,0.125,0.125,0.125,0.125
136,136.0,0.125,0.125,0.125,0.125,0.125,0.125,0.125,0.125
137,137.0,0.125,0.125,0.125,0.125,0.125,0.125,0.125,0.125
138,138.0,0.125,0.125,0.125,0.125,0.125,0.125,0.125,0.125
139,139.0,0.125,0.125,0.125,0.125,0.125,0.125,0.125,0.125
140,140.0,0.125,0.125,0.125,0.125,0.125,0.125,0.125,0.125
141,141.0,0.125,0.125,0.125,0.125,0.125,0.125,0.125,0.125
142,142.0,0.125,0.125,0.125,0.125,0.125,0.125,0.125,0.125
143,143.0,0.125,0.125,0.125,0.125,0.125,0.125,0.125,0.125
144,144.0,0.125,0.125,0.125,0.125,0.125,0.125,0.125,0.125
145,145.0,0.125,0.125,0.125,0.125,0.125,0.125,0.125,0.125
146,146.0,0.125,0.125,0.125,0.125,0.125,0.125,0.125,0.125
147,147.0,0.125,0.125,0.125,0.125,0.125,0.125,0.125,0.125
148,148.0,0.125,0.125,0.125,0.125,0.125,0.125,0.125,0.125
149,149.0,0.125,0.125,0.125,0.125,0.125,0.125,0.125,0.125
150,150.0,0.125,0.125,0.125,0.125,0.125,0.125,0.125,0.125
151,151.0,0.125,0.125,0.125,0.125,0.125,0.125,0.125,0.125
152,152.0,0.125,0.125,0.125,0.125,0.125,0.125,0.125,0.125
153,153.0,0.125,0.125,0.125,0.125,0.125,0.125,0.125,0.125
154,154.0,0.125,0.125,0.125,0.125,0.125,0.125,0.125,0.125
155,155.0,0.125,0.125,0.125,0.125,0.125,0.125,0.125,0.125
156,156.0,0.125,0.125,0.125,0.125,0.125,0.125,0.125,0.125
157,157.0,0.125,0.125,0.125,0.125,0.125,0.125,0.125,0.125
158,158.0,0.125,0.125,0.125,0.125,0.125,0.125,0.125,0.125
159,159.0,0.125,0.125,0.125,0.125,0.125,0.125,0.125,0.125
160,160.0,0.125,0.125,0.125,0.125,0.125,0.125,0.125,0.125
161,161.0,0.125,0.125,0.125,0.125,0.125,0.125,0.125,0.125
162,162.0,0.125,0.125,0.125,0.125,0.125,0.125,0.125,0.125
163,163.0,0.125,0.125,0.125,0.125,0.125,0.125,0.125,0.125
164,164.0,0.125,0.125,0.125,0.125,0.125,0.125,0.125,0.125
165,165.0,0.125,0.125,0.125,0.125,0.125,0.125,0.125,0.125
166,166.0,0.125,0.125,0.125,0.125,0.125,0.125,0.125,0.125
167,167.0,0.125,0.125,0.125,0.125,0.125,0.125,0.125,0.125
168,168.0,0.125,0.125,0.125,0.125,0.125,0.125,0.125,0.125
169,169.0,0.125,0.125,0.125,0.125,0.125,0.125,0.125,0.125
170,170.0,0.125,0.125,0.125,0.125,0.125,0.125,0.125,0.125
171,171.0,0.125,0.125,0.125,0.125,0.125,0.125,0.125,0.125
172,172.0,0.125,0.125,0.125,0.125,0.125,0.125,0.125,0.125
173,173.0,0.125,0.125,0.125,0.125,0.125,0.125,0.125,0.125
174,174.0,0.125,0.125,0.125,0.125,0.125,0.125,0.125,0.125
175,175.0,0.125,0.125,0.125,0.125,0.125,0.125,0.125,0.125
176,176.0,0.125,0.125,0.125,0.125,0.125,0.125,0.125,0.125
177,177.0,0.125,0.125,0.125,0.125,0.125,0.125,0.125,0.125
178,178.0,0.125,0.125,0.125,0.125,0.125,0.125,0.125,0.125
179,179.0,0.125,0.125,0.125,0.125,0.125,0.125,0.125,0.125
180,180.0,0.125,0.125,0.125,0.125,0.125,0.125,0.125,0.125
181,181.0,0.125,0.125,0.125,0.125,0.125,0.125,0.125,0.125
182,182.0,0.125,0.125,0.125,0.125,0.125,0.125,0.125,0.125
183,183.0,0.125,0.125,0.125,0.125,0.125,0.125,0.125,0.125
184,184.0,0.125,0.125,0.125,0.125,0.125,0.125,0.125,0.125
185,185.0,0.125,0.125,0.125,0.125,0.125,0.125,0.125,0.125
186,186.0,0.125,0.125,0.125,0.125,0.125,0.125,0.125,0.125
187,187.0,0.125,0.125,0.125,0.125,0.125,0.125,0.125,0.125
188,188.0,0.125,0.125,0.125,0.125,0.125,0.125,0.125,0.125
189,189.0,0.125,0.125,0.125,0.125,0.125,0.125,0.125,0.125
190,190.0,0.125,0.125,0.125,0.125,0.125,0.125,0.125,0.125
191,191.0,0.125,0.125,0.125,0.125,0.125,0.125,0.125,0.125
192,192.0,0.125,0.125,0.125,0.125,0.125,0.125,0.125,0.125
193,193.0,0.125,0.125,0.125,0.125,0.125,0.125,0.125,0.125
194,194.0,0.125,0.125,0.125,0.125,0.125,0.125,0.125,0.125
195,195.0,0.125,0.125,0.125,0.125,0.125,0.125,0.125,0.125
196,196.0,0.125,0.125,0.125,0.125,0.125,0.125,0.125,0.125
197,197.0,0.125,0.125,0.125,0.125,0.125,0.125,0.125,0.125
198,198.0,0.125,0.125,0.125,0.125,0.125,0.125,0.125,0.125
199,199.0,0.125,0.125,0.125,0.125,0.125,0.125,0.125,0.125
200,200.0,0.1256944444444444,0.1245833333333333,0.1245833333333333,0.1245833333333333,0.1256944444444444,0.1245833333333333,0.1256944444444444,0.1245833333333333
201,201.0,0.1261597222222222,0.1240597222222222,0.1240597222222222,0.1240597222222222,0.1272708333333333,0.1240597222222222,0.1262708333333333,0.1240597222222222
202,202.0,0.1263640972222222,0.1232950972222222,0.1232950972222222,0.1232950972222222,0.1295752083333333,0.1232950972222222,0.1275852083333333,0.1232950972222222
203,203.0,0.1264455048611111,0.1224350948611111,0.1224350948611111,0.1234350948611111,0.1316145048611111,0.1224350948611111,0.1287645159722222,0.1224350948611111
204,204.0,0.1263134075965909,0.1213958326965909,0.1213958326965909,0.1233858326965909,0.1333019085056818,0.1213958326965909,0.1314155204147727,0.1213958326965909
205,205.0,0.125823810224981,0.1201298717548901,0.1201298717548901,0.1258333959973144,0.1344042193674053,0.1201298717548901,0.1334190873907386,0.1201298717548901
206,206.0,0.1251774863224131,0.1195841842663656,0.1187508509330323,0.1279319359936383,0.1360071213830942,0.1187508509330323,0.1351519823932867,0.1186455877751375
207,207.0,0.1243958407868566,0.1189414687664328,0.1172831354330995,0.1309693860966349,0.1373885322651482,0.1172831354330995,0.1366648394698396,0.1170736617488889
208,208.0,0.123625222236966,0.1183428552112319,0.1158752718778986,0.1339464807946067,0.1386817870181104,0.1158752718778986,0.1380895338422312,0.1155635771410565
209,209.0,0.1228722341596734,0.1177899195418418,0.1145353537085085,0.1368394846810767,0.1398827687073603,0.1145353537085085,0.1394206348371538,0.1141242506558769
210,210.0,0.1232537544996032,0.1172836233263753,0.113269985568042,0.1385167656872192,0.1401553614890433,0.113269985568042,0.1414875241157383,0.1127629997459367
211,211.0,0.1234302949894117,0.1167132544704835,0.1119732550239002,0.1399720121798943,0.1402285672149882,0.1119732550239002,0.1443348428457218,0.1113745182517002
212,212.0,0.1236205882092128,0.1161909239267679,0.1107612656218921,0.1413128751455222,0.1402215925335092,0.1107612656218921,0.1470560748946643,0.1100754140465394
213,213.0,0.1238213559538093,0.1157170511694481,0.1096376631418245,0.1425373843071511,0.1401425252321636,0.1096376631418245,0.1496366166101806,0.1088697404435983
214,214.0,0.1239013379650705,0.1150992214551499,0.1084766397880988,0.1434526222612572,0.1398070575536439,0.1084766397880988,0.1531544751982017,0.1076320059904793
215,215.0,0.123932252556657,0.1144211955899011,0.1073539874420576,0.1441984956171833,0.1393073710256393,0.1073539874420576,0.1569944766493332,0.1064382336771709
216,216.0,0.1237140686199916,0.1135687338204095,0.1068148910641885,0.1460725273892336,0.1384620871955813,0.1061482243975218,0.1600523736291197,0.105167093883954
217,217.0,0.1234176340910224,0.1127503384873284,0.1071152937803606,0.1467659885909024,0.1375917411094983,0.1050193963444632,0.1626942291833295,0.1046453784130952
218,218.0,0.1220884952840264,0.1119478515024123,0.1074529985637651,0.1472211954734048,0.1366604811817922,0.1039481626663292,0.1665420554058045,0.1041387599224654
219,219.0,0.1207022826423273,0.111085108861478,0.107738300120629,0.1474179606155187,0.1356011133566869,0.1028985448898598,0.1703578553988661,0.1041988341146341
220,220.0,0.1191698193567718,0.1101236975865591,0.1078655747331149,0.1478055214534581,0.1343290310772505,0.1018250763385577,0.1747284327455193,0.1041528467087684
221,221.0,0.1175623073665114,0.1091079885815569,0.10792369282674,0.147922557833164,0.1329525670889146,0.1007326784678789,0.1797941984067959,0.1040040094284382
222,222.0,0.1159357030574533,0.108085945105064,0.1079513652679885,0.1478799598111441,0.131528300597987,0.099666544584002,0.1851030779679862,0.1038491036083748
223,223.0,0.1143500477332761,0.1071102870677025,0.1079932259263936,0.1476833512575521,0.1301171205483442,0.0986765756557939,0.1903898722004245,0.1036795196105129
224,224.0,0.1127528751713478,0.1061219046285472,0.1079832094962698,0.1472856208071289,0.1286676022189683,0.0977008269995839,0.1960540180894951,0.1034339425886588
225,225.0,0.1105563556429574,0.1051289270377877,0.1078112172858283,0.1475773333473853,0.12730031076464,0.0968569666109149,0.2019508066109325,0.1028180826995537
226,226.0,0.1083954553705114,0.1048209914757341,0.1075625010051178,0.1477222334668665,0.1258909217452487,0.0960504534545385,0.2073549841328738,0.1022024593491091
227,227.0,0.1062665980171005,0.1044694804201458,0.1072269820975543,0.1475709903764765,0.1244374032753614,0.09526399452475,0.2126107726004002,0.1021537786882109
228,228.0,0.104206936998546,0.1041021665158578,0.1074249268505594,0.1472148713269937,0.1229786034696521,0.0946312137745531,0.2173662045589681,0.1020750765048695
229,229.0,0.1021232235358461,0.1036505594248843,0.1074979476824506,0.146670170296494,0.1204558946978615,0.0951557885732104,0.2225496425439533,0.1018967732452995
230,230.0,0.1000454487719791,0.1031333014073321,0.1074624517541407,0.1459294674590292,0.1179065918148442,0.0965166529705353,0.2274135101672231,0.1015925756549159
231,231.0,0.0979730550074371,0.1025413885587714,0.1073089041236696,0.145034601568937,0.1153381056832897,0.0976140096036064,0.2329969887663183,0.1011929466879702
232,232.0,0.0959751458288507,0.1019371232397063,0.1070995631864759,0.1444936379479942,0.1136602905716183,0.0985242746435572,0.2379844036697868,0.1003255609120102
233,233.0,0.0940642404269023,0.1013266031374165,0.1067310570470151,0.1450179985954254,0.1119855747518946,0.0991588435536838,0.2423024815109433,0.0994132009767187
234,234.0,0.0922264844455148,0.1006945165626763,0.1063021604396088,0.1453294174111833,0.1111329129333032,0.0996147252606161,0.2462438170816807,0.0984559658654165
235,235.0,0.0905697704866686,0.0995568838251748,0.1053286403870063,0.1456270096850794,0.1098459883436585,0.1001020126441358,0.2514105932796615,0.0975591013486149
236,236.0,0.0888954921409227,0.0983079782864938,0.1042070368521837,0.1462221802071472,0.1085134389238931,0.1004156229159737,0.2569101798685276,0.0965280708048578
237,237.0,0.0872689648733858,0.0970193764280963,0.1030136221706636,0.1466481948829566,0.1057713974656063,0.1014945809036647,0.2633451333758089,0.0954387298998176
238,238.0,0.0855804381928881,0.0955529839932544,0.1015778229326906,0.1477717355808145,0.1029200274783612,0.1021753071563758,0.2702733600540462,0.0941483246115689
239,239.0,0.0838570022961426,0.0939454209511967,0.1006092512388164,0.1486327906137989,0.1006696191688287,0.1025003170791843,0.2770919667425123,0.0926936319095199
240,240.0,0.0821215275541606,0.0922290250834846,0.0994313484753222,0.1494426743837906,0.0983430588760853,0.1031326487248428,0.2841923522104094,0.0911073646919043
241,241.0,0.0814063445168209,0.0904692997598223,0.0981148928861009,0.1497986303033943,0.096046183529841,0.1040640045169428,0.2903325485019676,0.0897680959851099
242,242.0,0.0807296430927205,0.0887250519515386,0.0967456181502755,0.1504298027764611,0.0937991054555234,0.1052983944617658,0.2953669756572591,0.0889054084544558
243,243.0,0.0798166407511927,0.0862368559539758,0.0950727807395582,0.1524988060928911,0.0913205942484028,0.1060790086098402,0.3012416835240279,0.0877336300801111
244,244.0,0.0790142926035757,0.0838467549707892,0.0934143702484356,0.1543062008759527,0.0889805400730717,0.1067870251602464,0.3070636582206023,0.0865871578473263
245,245.0,0.0786140045319649,0.0815050015702431,0.0916113098092766,0.1558278322929095,0.0867255204046025,0.1073610725731115,0.3130573206557667,0.0852979381621251
246,246.0,0.078601731178832,0.0790833413901083,0.0899252101184981,0.1572472627191202,0.0851906167267922,0.1071043555691398,0.3190013655707582,0.083846116726751
247,247.0,0.0784574502310387,0.0766298908825759,0.0881189131254122,0.1588977962573277,0.0834799337019702,0.1066184269324858,0.3255202993857532,0.0822772894834362
248,248.0,0.0782809296408113,0.0742080374192926,0.0862641628899997,0.1605393118299186,0.08178043029045,0.105937501180534,0.3323219787316253,0.0806676480173685
249,249.0,0.0781728229139597,0.0718269772844103,0.084507708882204,0.1617324593738918,0.0802174940545271,0.105183551617998,0.3392121052180145,0.0791468806549944
250,250.0,0.0788568483254982,0.0695016490067301,0.0827295168635894,0.1630086436202388,0.0791522069514103,0.1042662961660314,0.3448747677424465,0.0776100713240551
251,251.0,0.0795850720990996,0.0673380329911985,0.0810372094787624,0.1640308236148524,0.0782261170810588,0.103425959080916,0.3501943387993869,0.0761624468547251
252,252.0,0.0803358306950949,0.0653296170285378,0.0794243074994206,0.1651060908338525,0.077379895762106,0.1025379164060868,0.3550931957765971,0.0747931459983041
253,253.0,0.0810783999396142,0.0635663618165395,0.0778744888704543,0.1661718203287479,0.076593176576389,0.1015923807127673,0.3596443617718226,0.0734790099836649
254,254.0,0.0818221607830173,0.0619627217388658,0.0764121170934802,0.1672758845927072,0.075919116513099,0.1007412496300547,0.3636236768692835,0.0722430727794919
255,255.0,0.0827075176255941,0.060665766356628,0.0751924328131805,0.1691759575584186,0.0754635498245289,0.1000225887188349,0.3655284085033128,0.0712437785995019
256,256.0,0.0827536923693309,0.0595333651577677,0.0740717280372943,0.1711010189098896,0.0751169628230825,0.0993222103225596,0.367771215522481,0.0703298068575941
257,257.0,0.0827934232177691,0.0585596684770304,0.0730494854166301,0.172984481052541,0.0748708152224582,0.0986445717147919,0.3693034370723574,0.0697941178264216
258,258.0,0.0827969656121229,0.0577096031567586,0.0720992140527638,0.1747979061558246,0.0747569103979502,0.0979443610947248,0.370588609248162,0.0693064302816929
259,259.0,0.082173506658316,0.0569405498989784,0.07173921252547,0.1770476050566102,0.074630396141556,0.0972923706608619,0.3713492433997489,0.0688271156584583
260,260.0,0.0814937745288897,0.0567802897249047,0.0713566662870019,0.1794602297168448,0.074494429616053,0.096582567258787,0.3714709582130239,0.0683610846544948
261,261.0,0.0807493723013156,0.0566741310650875,0.0709990488042871,0.181573145332071,0.0743364369081653,0.0958255011790815,0.3719440450534317,0.0678983193565602
262,262.0,0.0799299464985976,0.0565671450561391,0.0708076531295621,0.1836341505155984,0.0741351150360612,0.0954035311742931,0.3721041731784618,0.0674182854112865
263,263.0,0.0785600388285038,0.0564453945481959,0.0707505421453779,0.1853887252330593,0.0738739123097046,0.0947976816194214,0.3732621299933448,0.0669215753223919
264,264.0,0.0771534892154683,0.0563495233000894,0.0706770822574895,0.1874675098987216,0.0735982932290343,0.0941664078821765,0.3742028198992048,0.0663848743178152
265,265.0,0.0757171937847502,0.0562670685331518,0.0705773476092138,0.189318454396258,0.0732797792968625,0.0934969788648309,0.3755378784729329,0.0658052990419997
266,266.0,0.0742873924305838,0.0565289155050942,0.070472443414696,0.1910073748853233,0.0729436127140008,0.0928184035179204,0.3767117088444086,0.0652301486879724
267,267.0,0.0728571783000146,0.0567867404164986,0.0703419971218431,0.1922389671327636,0.0725732513238055,0.0924204599557354,0.3779620483461441,0.0648193574031949
268,268.0,0.0714433942965661,0.0570404767801835,0.0702023338878407,0.1932906112746731,0.0721772272303679,0.0919995340626053,0.3794536881705139,0.0643927342972492
269,269.0,0.0700657669822535,0.0573032492123512,0.0700623997267208,0.1942147208334093,0.0717850394368301,0.0915854078459972,0.3812171002417619,0.0637663157206756
270,270.0,0.0687335622616907,0.057570631682216,0.0699221391051615,0.1953134282026821,0.0711049202104486,0.0915652632854249,0.3826491058408673,0.0631409494115085
271,271.0,0.0674545932726112,0.0578385227112125,0.0697814496986675,0.1960804197000571,0.0708707002643941,0.0915385381503945,0.3839149288337176,0.0625208473689452
272,272.0,0.0655210265154866,0.0578090609840935,0.0696402123361837,0.1975411119567584,0.0706294201574401,0.0915047368473099,0.3852319570025502,0.0621224742001772
273,273.0,0.0636510685764309,0.0577675362749759,0.0694899085620101,0.198981629862373,0.0703657172135396,0.0914382417731682,0.3865845751077599,0.0617213226297421
274,274.0,0.0623078141004736,0.0576891254993958,0.0693029484443159,0.2010771461107542,0.0700103967323732,0.0906547293323012,0.3876573561747722,0.0613004836056135
275,275.0,0.0609458111216852,0.0575025778278668,0.0689927460247726,0.204014615904106,0.0696203478217027,0.0896817488842584,0.3884327602738496,0.0608093921417584
276,276.0,0.0600321106576448,0.0572364368646024,0.0685870861980879,0.2068407825301782,0.0691368366199945,0.0885797365095971,0.3893165770716845,0.0602704335482103
277,277.0,0.0591746416708157,0.0569362499055326,0.068151801767031,0.209993216123949,0.0685909411246293,0.0874604985398378,0.3899828539561782,0.0597097969120261
278,278.0,0.0583938419462308,0.0566259096627142,0.0676999124983083,0.2131497344941892,0.0680334990610869,0.086339814289682,0.3907131883411248,0.0590440997066636
279,279.0,0.0576538717097642,0.0562745441208131,0.0672044160581157,0.2163200616054061,0.0677333742613614,0.0852024964347555,0.3910761406813403,0.0585350951284434
280,280.0,0.056909776319398,0.0558587229225057,0.0666283963108451,0.2188071977072372,0.0673522783888131,0.0839658742541592,0.3924818988628071,0.0579958552342344
281,281.0,0.0562168666443746,0.0554202028975385,0.0660324561367888,0.221220235035366,0.0669157112858977,0.082731262251308,0.3940144392711365,0.0574488264775897
282,282.0,0.0559683346311069,0.054920112447449,0.0653646163375833,0.2233668182791851,0.0664014597235417,0.0816806450653552,0.3954215889371452,0.0568764245786333
283,283.0,0.0556981348842118,0.0543748331605078,0.0646431866979501,0.2256001682278034,0.0658433275377387,0.080993318879526,0.3962916613957576,0.0565553692165042
284,284.0,0.0559747682270324,0.0554689514647136,0.0644339255479591,0.2274360887852386,0.0658016232941217,0.0808193964759444,0.3932870668229448,0.0567781793820451
285,285.0,0.0562665296505323,0.0565418063897805,0.0642165169979728,0.2290032982518134,0.0657233279004744,0.0806578617619652,0.390596683662783,0.0569939753846781
286,286.0,0.0565775314301303,0.0575928828582396,0.0639985105077916,0.2308989495247427,0.0656213262478088,0.0805201545512042,0.3875875307932996,0.0572031140867829
287,287.0,0.0569241439807044,0.0588845641602415,0.063788724139076,0.2324991006345191,0.0656863736493113,0.0803194455904566,0.3844871204530357,0.057410527392655
288,288.0,0.0574826675966429,0.060091588774792,0.0635323038508283,0.2342007592049531,0.0656942815913164,0.0798877998470809,0.3813479127672216,0.0577626863671646
289,289.0,0.0581157954893076,0.0612309006964446,0.0632621495401759,0.2359522271673123,0.0656641627612399,0.0794383161146332,0.3782677253547082,0.058068722876178
290,290.0,0.0587537527613149,0.0623140871576238,0.0630090623225014,0.237513276116528,0.0656227766646698,0.0790208618426815,0.3753992714986524,0.058366911636028
291,291.0,0.0593839551833723,0.0634245467437687,0.0626663226989092,0.2391405895652368,0.0655695914919529,0.0786329632533114,0.372554045019713,0.0586279860437355
292,292.0,0.0601021288111054,0.0644722182157859,0.0623430701616276,0.2405457244604896,0.0655243608448027,0.0782821601272675,0.3698467809004719,0.0588835564784492
293,293.0,0.0607749002838426,0.0654311430761654,0.0620150446298231,0.242155151635269,0.0654379063473092,0.0779331121240002,0.3671533755174345,0.0590993663861558
294,294.0,0.0614005106663345,0.0663014458104768,0.0616912710897086,0.2436708820704849,0.065319671358764,0.0775893337691617,0.3647397757882168,0.0592871094468525
295,295.0,0.0619798299275361,0.0670861034283252,0.0613772030364379,0.2451392545363259,0.0651801135800576,0.0772644265921753,0.3625227130255867,0.0594503558735549
296,296.0,0.0625101443970576,0.0677846875010777,0.0610736902609783,0.246242053368534,0.0650209176440717,0.0772709965911331,0.3606676378713633,0.0594298723657841
297,297.0,0.062976391899437,0.0683845571489063,0.0607633184111407,0.2474267983149216,0.0648214823344898,0.077255822947105,0.35901922967279,0.0593523992712093
298,298.0,0.0633897324433538,0.068899390833513,0.0604593531329846,0.2484845329285546,0.0646057987385168,0.077225071258745,0.3577006588823078,0.0592354617820241
299,299.0,0.0637498465656414,0.0693314490317702,0.0601626626904922,0.2491315077607715,0.0641585323635904,0.0771779325282957,0.3572060628705902,0.0590820061888481
300,300.0,0.0640453602926681,0.0696719667184852,0.0598621560948539,0.2496581069487204,0.0636848218310886,0.0771068799645487,0.3570898447828928,0.058880863366742
301,301.0,0.0644859997518042,0.0699249453100908,0.0595589907874014,0.2499854840114349,0.0631893666904238,0.0770120369425003,0.3572073638673723,0.0586358126389721
302,302.0,0.064859036997003,0.0700949072713944,0.0592542906798614,0.2498608167099128,0.062939841077068,0.0768938298312722,0.3575972527973943,0.0585000246360936
303,303.0,0.0651652433637804,0.0701867977347746,0.0589491368919721,0.2497498096763727,0.0626680125308518,0.0767529521393172,0.3582034898809707,0.0583245577819603
304,304.0,0.065408172390631,0.0702080229408662,0.0586509536480389,0.2497349522804718,0.0623824072460155,0.076592460611264,0.358900173141645,0.0581228577410674
305,305.0,0.0654165313358136,0.0701777315232289,0.0583697718219662,0.2494633844771083,0.0621027004053867,0.0764360199528723,0.3601288525365008,0.0579050079471228
306,306.0,0.0653695689320335,0.070083776050325,0.0580930761925407,0.2490526929639749,0.0618185350704643,0.0762731099596346,0.36144542109612,0.0578638197349068
307,307.0,0.0652564631945264,0.0699226743974165,0.0578123150608122,0.2483547734265055,0.0617453823530879,0.0760770963482262,0.3630485525213967,0.0577827426980283
308,308.0,0.0647624884802655,0.0697324198908443,0.057573518513756,0.2480556596194375,0.0616749065962097,0.0755620342090007,0.3647608572910775,0.0578781153994085
309,309.0,0.0642040417894489,0.0694722789405218,0.057304783256725,0.2482334969296785,0.0615738667036698,0.0749794081320407,0.3662827369789262,0.0579493872689889
310,310.0,0.0636208010446957,0.0689979717001223,0.0570480431067818,0.2484758606214488,0.0614581103816035,0.0743910460320045,0.3680179649427734,0.0579902021705696
311,311.0,0.0630123430127403,0.0684973463290951,0.0567980261254365,0.2488144199901542,0.0613237173594615,0.073803883888619,0.3698313239503917,0.0579189393441014
312,312.0,0.0623818403216211,0.0679684832669829,0.0565504840294463,0.24931488382719,0.0611764814567109,0.0732167509855208,0.3715801493368292,0.0578109267756985
313,313.0,0.0617357157107555,0.0674226495870105,0.0563065133693828,0.2498488645744965,0.0611930862967713,0.0726306304687615,0.3730785013883073,0.0577840386045143
314,314.0,0.0610815671220213,0.0667771625115436,0.0560719646060422,0.2504202391931887,0.0611857259537733,0.0720504048053083,0.374685773916539,0.0577271618915834
315,315.0,0.060415443828456,0.0661196925447284,0.0558413680131045,0.2511837007431559,0.0612330645775645,0.0714671389953934,0.376101312477381,0.0576382788202162
316,316.0,0.0597428104819011,0.065544822473942,0.0556149592343407,0.2519463944917957,0.0612445841137044,0.0708839486180536,0.3776212224391778,0.0574012581470845
317,317.0,0.0591315964022433,0.0650308611251061,0.0554753250718579,0.2533069842252006,0.0612573103936956,0.0692700250733064,0.3792395558872676,0.0572883418213224
318,318.0,0.0585306970050595,0.0645263914813568,0.0553394338926676,0.254668425213199,0.0613907860504162,0.067593615166544,0.3808052521179366,0.0571453990728203
319,319.0,0.0579341906784475,0.0640252032808258,0.0552012977543143,0.2561113033097367,0.061483769819641,0.0659445300960107,0.3823286235637897,0.0569710814972341
320,320.0,0.057316798901192,0.0635017541722323,0.0550178348901303,0.2575261841753664,0.0615216679737411,0.0644064115204494,0.3839561933430434,0.0567531550238451
321,321.0,0.0567186230150702,0.0629912451511071,0.054838701263507,0.2589857585486519,0.0615281093321047,0.0629183876899198,0.3853385631627419,0.0566806118368972
322,322.0,0.0561071921924424,0.0624658406554684,0.0546174610715967,0.260536149687441,0.061481223996655,0.0615912899186675,0.3864764772348898,0.056724365242839
323,323.0,0.055504898203333,0.0619432568918919,0.0547121008523879,0.2619227769789727,0.0614027676318266,0.0603273882467491,0.3874405678686969,0.0567462433261417
324,324.0,0.0549129017358958,0.0614292226509235,0.0547744284388551,0.2635031912568647,0.0613009901698348,0.0591384916431129,0.3882671543917814,0.0566736197127316
325,325.0,0.0543379573315027,0.0609273873620232,0.0550194850856931,0.2647965295174667,0.0611848322531402,0.0580319194058781,0.3889864179100726,0.0567154711342233
326,326.0,0.0537167385765066,0.0604599606574868,0.055269479299124,0.2659241211776452,0.0610640012017612,0.0570177683864234,0.3897945176645676,0.0567534130364851
327,327.0,0.0531283561539003,0.0600191040762381,0.0555157831052824,0.2667483443849447,0.0611894127444937,0.0560433163676665,0.3907274409608751,0.056628242206599
328,328.0,0.0525763325761745,0.0597838794170331,0.0557599985319855,0.2673267118069587,0.061295814281491,0.055156899423885,0.3916104969696217,0.0564898669928504
329,329.0,0.0520572740485195,0.0595731934840032,0.0559900639320228,0.2676838072867931,0.0613718327011371,0.0543467594446937,0.3926538194393851,0.0563232496634454
330,330.0,0.0515774771801143,0.0593875806660104,0.0561210318366697,0.2681575348126404,0.0614211654149218,0.0536135909222565,0.3934595430564971,0.0562620761108898
331,331.0,0.0509935012112484,0.0592202539568834,0.0562378634256147,0.2685000322872082,0.0615227498509834,0.0529503048549993,0.3943844823537136,0.0561908120593488
332,332.0,0.050425740883495,0.0590501357388935,0.0566003266443455,0.2685275585912322,0.0615852299793213,0.0523499184183127,0.3953607740120708,0.0561003157323288
333,333.0,0.0499552406664537,0.0588753942818268,0.0568893258647086,0.2687869177794856,0.0616059548600818,0.0518075358479265,0.3960911210886448,0.055988509610872
334,334.0,0.049501802645558,0.0586963500897283,0.0570032972545107,0.2689567118187446,0.0615849458676459,0.0513160841169216,0.3970869955940341,0.0558538126128567
335,335.0,0.0490828282343369,0.0585316482971921,0.057095451959449,0.2690403158425654,0.061536658575492,0.0509631241315421,0.3980508194048458,0.0556991535545766
336,336.0,0.0486997634992021,0.0583823401176444,0.0571680252707818,0.2691485446892989,0.061466209223476,0.0506665872628687,0.3989305313307519,0.0555379986059762
337,337.0,0.0483546418500166,0.0582503057660457,0.0572228446046668,0.2690124541771271,0.0613730328740714,0.0504276359576826,0.3998782865852446,0.055480798185145
338,338.0,0.0480256112697347,0.058193759148304,0.0572100499737203,0.2690031839055834,0.0612510953396279,0.0502260888279681,0.4006855109070226,0.0554047006280387
339,339.0,0.0477359353554068,0.0581554264212658,0.0571850084146621,0.2687714456644413,0.0611204648591405,0.0500762087924964,0.4016351837101347,0.0553203267824521
340,340.0,0.0474635399760287,0.0581129584478045,0.0570988689311524,0.2682063933973722,0.0609628637204166,0.0499608823033875,0.4028501359802748,0.0553443572435631
341,341.0,0.0472047787379659,0.0580620379314582,0.0569543351505205,0.2676648275903335,0.0607816875736762,0.0498706503664865,0.4041129264058518,0.0553487562437071
342,342.0,0.046973268011662,0.0580164771698036,0.05679855115863,0.2670216507655403,0.0605861806694194,0.0498089946425349,0.4054542072508879,0.0553406703315217
343,343.0,0.0466606084293625,0.0587571592139738,0.056531582322454,0.2659660868846729,0.0603560097640864,0.0496693716420036,0.4068225495640733,0.0552366321793733
344,344.0,0.0462839846965396,0.0592222403050043,0.0561666443155098,0.2646094595665256,0.060936260291201,0.0495443990007232,0.4080906868099037,0.0551463250145926
345,345.0,0.0458523507982847,0.0594456029733906,0.0554506325233034,0.2631798155588917,0.0614127613124114,0.0493577347343395,0.4095015599829706,0.0557995421164078
346,346.0,0.0454411233616634,0.0596503941374496,0.0549674895310311,0.2615447242335221,0.0618688041737942,0.0491898699860503,0.4109157443486599,0.0564218502278292
347,347.0,0.0449979525780389,0.0596551970311527,0.054427909207449,0.2597812386444515,0.0629456669024445,0.048980666597253,0.41219947092048,0.0570118981187301
348,348.0,0.0445876281645795,0.0596526182274691,0.0539000147313922,0.2579693614579992,0.0638432904645442,0.0487161937718632,0.4136599756148882,0.0576709175672641
349,349.0,0.0442034041560876,0.0596353752636796,0.0533837964166197,0.2561833508159153,0.0646933698827329,0.0484635509345037,0.4151534910511107,0.0582836614793502
350,350.0,0.0437974014137544,0.0594467372944707,0.0528308892787351,0.2543223044663794,0.0653358444091752,0.0481767018749947,0.4172466622805054,0.0588434589819848
351,351.0,0.0433728013532848,0.0597731046497886,0.0522495536536603,0.252696232313459,0.0657807918877643,0.0478585042269303,0.4190154585092716,0.0592535534058408
352,352.0,0.0429848129109929,0.0600952171199818,0.0516171837748111,0.2512262032994061,0.0662083224163581,0.0475663588567136,0.4206919024256826,0.0596099991960534
353,353.0,0.0426205348976074,0.0604724767623473,0.0510107815222709,0.2499510447894409,0.066572424980556,0.047283690196876,0.4221695239707083,0.059919522880193
354,354.0,0.0422810094373534,0.0608261317917114,0.0504341775785846,0.2487952169259957,0.0668778149886989,0.0470148337168835,0.4235096941459271,0.0602611214148452
355,355.0,0.0419688416835927,0.0611566867637855,0.0498904701372617,0.247751249343068,0.0671291076246841,0.0468614565703162,0.4246852003208519,0.0605569875564396
356,356.0,0.0416834627202546,0.0614621864032004,0.0493812830221348,0.2466415634995407,0.0673276453959417,0.046719263310454,0.4259772269115363,0.0608073687369372
357,357.0,0.0414201533037993,0.0617371818052888,0.0489036390573003,0.245577426502422,0.0674682486240116,0.0465861177739361,0.4273037109691006,0.061003521964141
358,358.0,0.0411791579279778,0.0620553155585412,0.0484614329882956,0.2444976527712236,0.0675563955640076,0.0465999968584096,0.4284928889058143,0.06115715942573
359,359.0,0.0409659864306948,0.0620861568464065,0.0480576688804124,0.2438908622914516,0.067501814844994,0.0466282002793594,0.4295973613920827,0.0612719490345983
360,360.0,0.0406939863831656,0.0620893293743287,0.0476494352732611,0.243415377403545,0.0674046107441036,0.046659871859988,0.4306550230102523,0.0614323659513553
361,361.0,0.0404309316146083,0.0620588372787858,0.0473090384256484,0.2430444123867109,0.0672597082212255,0.0467835881979937,0.4315775483995451,0.061535935475482
362,362.0,0.0403078758878169,0.0619945635694531,0.0469635449545941,0.2428068373975045,0.0670665151392254,0.0468938676090168,0.43227656230167,0.061690233140719
363,363.0,0.0401940908159309,0.0619066290523781,0.0468552068403482,0.2425134117360983,0.0668398704180006,0.0470005138914486,0.4327988205901846,0.0618914566556105
364,364.0,0.0401046475657057,0.0618064137030231,0.0467796377798723,0.2421376121985456,0.0665964282868839,0.0471123671623488,0.4334141157093134,0.062048777594307
365,365.0,0.0400319299122968,0.06168806421491,0.0467326382205315,0.2418453423992587,0.0661974303872632,0.0472151904848712,0.4341189842792861,0.0621704201015821
366,366.0,0.0399205072541222,0.0620055275170712,0.0466280837344871,0.2416822195737986,0.0656470409435074,0.0472583573754555,0.4347017180623783,0.0621565455391794
367,367.0,0.0398178740529584,0.0623067849760238,0.0467404911978599,0.2415077211021737,0.065087016108812,0.0472929768539035,0.4351398082392076,0.062107327469061
368,368.0,0.0397405966722072,0.0626004266183619,0.0468792637436426,0.2413259206062234,0.0645390207989911,0.0473363812434382,0.4355359972395894,0.0620423930775459
369,369.0,0.0397936052248881,0.0628658221325196,0.0469963277948026,0.2411453198571729,0.0638883031337589,0.0473658961457923,0.4359791827356408,0.0619655429754245
370,370.0,0.0398389560005764,0.0630992000944849,0.0470837173939533,0.2410852301076386,0.063231254729646,0.0474426563457925,0.4363667348719918,0.0618522504559163
371,371.0,0.039881795474159,0.0633033631522968,0.0471422156755771,0.2412656112850267,0.0625781760160296,0.047500285774579,0.4366215142665913,0.0617070383557403
372,372.0,0.0399325892364739,0.0635781636769705,0.0472116764049136,0.2414053914784389,0.0620732513965492,0.0475490516678797,0.4366857798192772,0.0615640963194968
373,373.0,0.0401053607419773,0.0638263080571502,0.0472537127435722,0.2415688029906228,0.0615818429772542,0.0475829561691695,0.4366747610137599,0.0614062553064936
374,374.0,0.0402679509128304,0.0640472631482607,0.0472682869297529,0.2417493951438494,0.0611063409308514,0.0476020266997361,0.4367228823546097,0.0612358538801091
375,375.0,0.0404263438234876,0.0642440014043243,0.0472572846091287,0.2420025041160328,0.0606550908946097,0.0476112060909334,0.4367468490304012,0.0610567200310819
