Total_iterations,Unnamed: 0.1,Intertwine_two,Add_vertex,Delete_vertex,Invert_path_vertices,Insert_inside_vertex,Delete_inside_vertex
0,0.0,0.1666666666666666,0.1666666666666666,0.1666666666666666,0.1666666666666666,0.1666666666666666,0.1666666666666666
1,1.0,0.1666666666666666,0.1666666666666666,0.1666666666666666,0.1666666666666666,0.1666666666666666,0.1666666666666666
2,2.0,0.1666666666666666,0.1666666666666666,0.1666666666666666,0.1666666666666666,0.1666666666666666,0.1666666666666666
3,3.0,0.1666666666666666,0.1666666666666666,0.1666666666666666,0.1666666666666666,0.1666666666666666,0.1666666666666666
4,4.0,0.1666666666666666,0.1666666666666666,0.1666666666666666,0.1666666666666666,0.1666666666666666,0.1666666666666666
5,5.0,0.1666666666666666,0.1666666666666666,0.1666666666666666,0.1666666666666666,0.1666666666666666,0.1666666666666666
6,6.0,0.1666666666666666,0.1666666666666666,0.1666666666666666,0.1666666666666666,0.1666666666666666,0.1666666666666666
7,7.0,0.1666666666666666,0.1666666666666666,0.1666666666666666,0.1666666666666666,0.1666666666666666,0.1666666666666666
8,8.0,0.1666666666666666,0.1666666666666666,0.1666666666666666,0.1666666666666666,0.1666666666666666,0.1666666666666666
9,9.0,0.1666666666666666,0.1666666666666666,0.1666666666666666,0.1666666666666666,0.1666666666666666,0.1666666666666666
10,10.0,0.1666666666666666,0.1666666666666666,0.1666666666666666,0.1666666666666666,0.1666666666666666,0.1666666666666666
11,11.0,0.1666666666666666,0.1666666666666666,0.1666666666666666,0.1666666666666666,0.1666666666666666,0.1666666666666666
12,12.0,0.1666666666666666,0.1666666666666666,0.1666666666666666,0.1666666666666666,0.1666666666666666,0.1666666666666666
13,13.0,0.1666666666666666,0.1666666666666666,0.1666666666666666,0.1666666666666666,0.1666666666666666,0.1666666666666666
14,14.0,0.1666666666666666,0.1666666666666666,0.1666666666666666,0.1666666666666666,0.1666666666666666,0.1666666666666666
15,15.0,0.1666666666666666,0.1666666666666666,0.1666666666666666,0.1666666666666666,0.1666666666666666,0.1666666666666666
16,16.0,0.1666666666666666,0.1666666666666666,0.1666666666666666,0.1666666666666666,0.1666666666666666,0.1666666666666666
17,17.0,0.1666666666666666,0.1666666666666666,0.1666666666666666,0.1666666666666666,0.1666666666666666,0.1666666666666666
18,18.0,0.1666666666666666,0.1666666666666666,0.1666666666666666,0.1666666666666666,0.1666666666666666,0.1666666666666666
19,19.0,0.1666666666666666,0.1666666666666666,0.1666666666666666,0.1666666666666666,0.1666666666666666,0.1666666666666666
20,20.0,0.1666666666666666,0.1666666666666666,0.1666666666666666,0.1666666666666666,0.1666666666666666,0.1666666666666666
21,21.0,0.1666666666666666,0.1666666666666666,0.1666666666666666,0.1666666666666666,0.1666666666666666,0.1666666666666666
22,22.0,0.1666666666666666,0.1666666666666666,0.1666666666666666,0.1666666666666666,0.1666666666666666,0.1666666666666666
23,23.0,0.1666666666666666,0.1666666666666666,0.1666666666666666,0.1666666666666666,0.1666666666666666,0.1666666666666666
24,24.0,0.1666666666666666,0.1666666666666666,0.1666666666666666,0.1666666666666666,0.1666666666666666,0.1666666666666666
25,25.0,0.1666666666666666,0.1666666666666666,0.1666666666666666,0.1666666666666666,0.1666666666666666,0.1666666666666666
26,26.0,0.1666666666666666,0.1666666666666666,0.1666666666666666,0.1666666666666666,0.1666666666666666,0.1666666666666666
27,27.0,0.1666666666666666,0.1666666666666666,0.1666666666666666,0.1666666666666666,0.1666666666666666,0.1666666666666666
28,28.0,0.1666666666666666,0.1666666666666666,0.1666666666666666,0.1666666666666666,0.1666666666666666,0.1666666666666666
29,29.0,0.1666666666666666,0.1666666666666666,0.1666666666666666,0.1666666666666666,0.1666666666666666,0.1666666666666666
30,30.0,0.1666666666666666,0.1666666666666666,0.1666666666666666,0.1666666666666666,0.1666666666666666,0.1666666666666666
31,31.0,0.1666666666666666,0.1666666666666666,0.1666666666666666,0.1666666666666666,0.1666666666666666,0.1666666666666666
32,32.0,0.1666666666666666,0.1666666666666666,0.1666666666666666,0.1666666666666666,0.1666666666666666,0.1666666666666666
33,33.0,0.1666666666666666,0.1666666666666666,0.1666666666666666,0.1666666666666666,0.1666666666666666,0.1666666666666666
34,34.0,0.1666666666666666,0.1666666666666666,0.1666666666666666,0.1666666666666666,0.1666666666666666,0.1666666666666666
35,35.0,0.1666666666666666,0.1666666666666666,0.1666666666666666,0.1666666666666666,0.1666666666666666,0.1666666666666666
36,36.0,0.1666666666666666,0.1666666666666666,0.1666666666666666,0.1666666666666666,0.1666666666666666,0.1666666666666666
37,37.0,0.1666666666666666,0.1666666666666666,0.1666666666666666,0.1666666666666666,0.1666666666666666,0.1666666666666666
38,38.0,0.1666666666666666,0.1666666666666666,0.1666666666666666,0.1666666666666666,0.1666666666666666,0.1666666666666666
39,39.0,0.1666666666666666,0.1666666666666666,0.1666666666666666,0.1666666666666666,0.1666666666666666,0.1666666666666666
40,40.0,0.1666666666666666,0.1666666666666666,0.1666666666666666,0.1666666666666666,0.1666666666666666,0.1666666666666666
41,41.0,0.1666666666666666,0.1666666666666666,0.1666666666666666,0.1666666666666666,0.1666666666666666,0.1666666666666666
42,42.0,0.1666666666666666,0.1666666666666666,0.1666666666666666,0.1666666666666666,0.1666666666666666,0.1666666666666666
43,43.0,0.1666666666666666,0.1666666666666666,0.1666666666666666,0.1666666666666666,0.1666666666666666,0.1666666666666666
44,44.0,0.1666666666666666,0.1666666666666666,0.1666666666666666,0.1666666666666666,0.1666666666666666,0.1666666666666666
45,45.0,0.1666666666666666,0.1666666666666666,0.1666666666666666,0.1666666666666666,0.1666666666666666,0.1666666666666666
46,46.0,0.1666666666666666,0.1666666666666666,0.1666666666666666,0.1666666666666666,0.1666666666666666,0.1666666666666666
47,47.0,0.1666666666666666,0.1666666666666666,0.1666666666666666,0.1666666666666666,0.1666666666666666,0.1666666666666666
48,48.0,0.1666666666666666,0.1666666666666666,0.1666666666666666,0.1666666666666666,0.1666666666666666,0.1666666666666666
49,49.0,0.1666666666666666,0.1666666666666666,0.1666666666666666,0.1666666666666666,0.1666666666666666,0.1666666666666666
50,50.0,0.1666666666666666,0.1666666666666666,0.1666666666666666,0.1666666666666666,0.1666666666666666,0.1666666666666666
51,51.0,0.1666666666666666,0.1666666666666666,0.1666666666666666,0.1666666666666666,0.1666666666666666,0.1666666666666666
52,52.0,0.1666666666666666,0.1666666666666666,0.1666666666666666,0.1666666666666666,0.1666666666666666,0.1666666666666666
53,53.0,0.1666666666666666,0.1666666666666666,0.1666666666666666,0.1666666666666666,0.1666666666666666,0.1666666666666666
54,54.0,0.1666666666666666,0.1666666666666666,0.1666666666666666,0.1666666666666666,0.1666666666666666,0.1666666666666666
55,55.0,0.1666666666666666,0.1666666666666666,0.1666666666666666,0.1666666666666666,0.1666666666666666,0.1666666666666666
56,56.0,0.1666666666666666,0.1666666666666666,0.1666666666666666,0.1666666666666666,0.1666666666666666,0.1666666666666666
57,57.0,0.1666666666666666,0.1666666666666666,0.1666666666666666,0.1666666666666666,0.1666666666666666,0.1666666666666666
58,58.0,0.1666666666666666,0.1666666666666666,0.1666666666666666,0.1666666666666666,0.1666666666666666,0.1666666666666666
59,59.0,0.1666666666666666,0.1666666666666666,0.1666666666666666,0.1666666666666666,0.1666666666666666,0.1666666666666666
60,60.0,0.1666666666666666,0.1666666666666666,0.1666666666666666,0.1666666666666666,0.1666666666666666,0.1666666666666666
61,61.0,0.1666666666666666,0.1666666666666666,0.1666666666666666,0.1666666666666666,0.1666666666666666,0.1666666666666666
62,62.0,0.1666666666666666,0.1666666666666666,0.1666666666666666,0.1666666666666666,0.1666666666666666,0.1666666666666666
63,63.0,0.1666666666666666,0.1666666666666666,0.1666666666666666,0.1666666666666666,0.1666666666666666,0.1666666666666666
64,64.0,0.1666666666666666,0.1666666666666666,0.1666666666666666,0.1666666666666666,0.1666666666666666,0.1666666666666666
65,65.0,0.1666666666666666,0.1666666666666666,0.1666666666666666,0.1666666666666666,0.1666666666666666,0.1666666666666666
66,66.0,0.1666666666666666,0.1666666666666666,0.1666666666666666,0.1666666666666666,0.1666666666666666,0.1666666666666666
67,67.0,0.1666666666666666,0.1666666666666666,0.1666666666666666,0.1666666666666666,0.1666666666666666,0.1666666666666666
68,68.0,0.1666666666666666,0.1666666666666666,0.1666666666666666,0.1666666666666666,0.1666666666666666,0.1666666666666666
69,69.0,0.1666666666666666,0.1666666666666666,0.1666666666666666,0.1666666666666666,0.1666666666666666,0.1666666666666666
70,70.0,0.1666666666666666,0.1666666666666666,0.1666666666666666,0.1666666666666666,0.1666666666666666,0.1666666666666666
71,71.0,0.1666666666666666,0.1666666666666666,0.1666666666666666,0.1666666666666666,0.1666666666666666,0.1666666666666666
72,72.0,0.1666666666666666,0.1666666666666666,0.1666666666666666,0.1666666666666666,0.1666666666666666,0.1666666666666666
73,73.0,0.1666666666666666,0.1666666666666666,0.1666666666666666,0.1666666666666666,0.1666666666666666,0.1666666666666666
74,74.0,0.1666666666666666,0.1666666666666666,0.1666666666666666,0.1666666666666666,0.1666666666666666,0.1666666666666666
75,75.0,0.1666666666666666,0.1666666666666666,0.1666666666666666,0.1666666666666666,0.1666666666666666,0.1666666666666666
76,76.0,0.1666666666666666,0.1666666666666666,0.1666666666666666,0.1666666666666666,0.1666666666666666,0.1666666666666666
77,77.0,0.1666666666666666,0.1666666666666666,0.1666666666666666,0.1666666666666666,0.1666666666666666,0.1666666666666666
78,78.0,0.1666666666666666,0.1666666666666666,0.1666666666666666,0.1666666666666666,0.1666666666666666,0.1666666666666666
79,79.0,0.1666666666666666,0.1666666666666666,0.1666666666666666,0.1666666666666666,0.1666666666666666,0.1666666666666666
80,80.0,0.1666666666666666,0.1666666666666666,0.1666666666666666,0.1666666666666666,0.1666666666666666,0.1666666666666666
81,81.0,0.1666666666666666,0.1666666666666666,0.1666666666666666,0.1666666666666666,0.1666666666666666,0.1666666666666666
82,82.0,0.1666666666666666,0.1666666666666666,0.1666666666666666,0.1666666666666666,0.1666666666666666,0.1666666666666666
83,83.0,0.1666666666666666,0.1666666666666666,0.1666666666666666,0.1666666666666666,0.1666666666666666,0.1666666666666666
84,84.0,0.1666666666666666,0.1666666666666666,0.1666666666666666,0.1666666666666666,0.1666666666666666,0.1666666666666666
85,85.0,0.1666666666666666,0.1666666666666666,0.1666666666666666,0.1666666666666666,0.1666666666666666,0.1666666666666666
86,86.0,0.1666666666666666,0.1666666666666666,0.1666666666666666,0.1666666666666666,0.1666666666666666,0.1666666666666666
87,87.0,0.1666666666666666,0.1666666666666666,0.1666666666666666,0.1666666666666666,0.1666666666666666,0.1666666666666666
88,88.0,0.1666666666666666,0.1666666666666666,0.1666666666666666,0.1666666666666666,0.1666666666666666,0.1666666666666666
89,89.0,0.1666666666666666,0.1666666666666666,0.1666666666666666,0.1666666666666666,0.1666666666666666,0.1666666666666666
90,90.0,0.1666666666666666,0.1666666666666666,0.1666666666666666,0.1666666666666666,0.1666666666666666,0.1666666666666666
91,91.0,0.1666666666666666,0.1666666666666666,0.1666666666666666,0.1666666666666666,0.1666666666666666,0.1666666666666666
92,92.0,0.1666666666666666,0.1666666666666666,0.1666666666666666,0.1666666666666666,0.1666666666666666,0.1666666666666666
93,93.0,0.1666666666666666,0.1666666666666666,0.1666666666666666,0.1666666666666666,0.1666666666666666,0.1666666666666666
94,94.0,0.1666666666666666,0.1666666666666666,0.1666666666666666,0.1666666666666666,0.1666666666666666,0.1666666666666666
95,95.0,0.1666666666666666,0.1666666666666666,0.1666666666666666,0.1666666666666666,0.1666666666666666,0.1666666666666666
96,96.0,0.1666666666666666,0.1666666666666666,0.1666666666666666,0.1666666666666666,0.1666666666666666,0.1666666666666666
97,97.0,0.1666666666666666,0.1666666666666666,0.1666666666666666,0.1666666666666666,0.1666666666666666,0.1666666666666666
98,98.0,0.1666666666666666,0.1666666666666666,0.1666666666666666,0.1666666666666666,0.1666666666666666,0.1666666666666666
99,99.0,0.1666666666666666,0.1666666666666666,0.1666666666666666,0.1666666666666666,0.1666666666666666,0.1666666666666666
100,100.0,0.1666666666666666,0.1666666666666666,0.1666666666666666,0.1666666666666666,0.1666666666666666,0.1666666666666666
101,101.0,0.1666666666666666,0.1666666666666666,0.1666666666666666,0.1666666666666666,0.1666666666666666,0.1666666666666666
102,102.0,0.1666666666666666,0.1666666666666666,0.1666666666666666,0.1666666666666666,0.1666666666666666,0.1666666666666666
103,103.0,0.1666666666666666,0.1666666666666666,0.1666666666666666,0.1666666666666666,0.1666666666666666,0.1666666666666666
104,104.0,0.1666666666666666,0.1666666666666666,0.1666666666666666,0.1666666666666666,0.1666666666666666,0.1666666666666666
105,105.0,0.1666666666666666,0.1666666666666666,0.1666666666666666,0.1666666666666666,0.1666666666666666,0.1666666666666666
106,106.0,0.1666666666666666,0.1666666666666666,0.1666666666666666,0.1666666666666666,0.1666666666666666,0.1666666666666666
107,107.0,0.1666666666666666,0.1666666666666666,0.1666666666666666,0.1666666666666666,0.1666666666666666,0.1666666666666666
108,108.0,0.1666666666666666,0.1666666666666666,0.1666666666666666,0.1666666666666666,0.1666666666666666,0.1666666666666666
109,109.0,0.1666666666666666,0.1666666666666666,0.1666666666666666,0.1666666666666666,0.1666666666666666,0.1666666666666666
110,110.0,0.1666666666666666,0.1666666666666666,0.1666666666666666,0.1666666666666666,0.1666666666666666,0.1666666666666666
111,111.0,0.1666666666666666,0.1666666666666666,0.1666666666666666,0.1666666666666666,0.1666666666666666,0.1666666666666666
112,112.0,0.1666666666666666,0.1666666666666666,0.1666666666666666,0.1666666666666666,0.1666666666666666,0.1666666666666666
113,113.0,0.1666666666666666,0.1666666666666666,0.1666666666666666,0.1666666666666666,0.1666666666666666,0.1666666666666666
114,114.0,0.1666666666666666,0.1666666666666666,0.1666666666666666,0.1666666666666666,0.1666666666666666,0.1666666666666666
115,115.0,0.1666666666666666,0.1666666666666666,0.1666666666666666,0.1666666666666666,0.1666666666666666,0.1666666666666666
116,116.0,0.1666666666666666,0.1666666666666666,0.1666666666666666,0.1666666666666666,0.1666666666666666,0.1666666666666666
117,117.0,0.1666666666666666,0.1666666666666666,0.1666666666666666,0.1666666666666666,0.1666666666666666,0.1666666666666666
118,118.0,0.1666666666666666,0.1666666666666666,0.1666666666666666,0.1666666666666666,0.1666666666666666,0.1666666666666666
119,119.0,0.1666666666666666,0.1666666666666666,0.1666666666666666,0.1666666666666666,0.1666666666666666,0.1666666666666666
120,120.0,0.1666666666666666,0.1666666666666666,0.1666666666666666,0.1666666666666666,0.1666666666666666,0.1666666666666666
121,121.0,0.1666666666666666,0.1666666666666666,0.1666666666666666,0.1666666666666666,0.1666666666666666,0.1666666666666666
122,122.0,0.1666666666666666,0.1666666666666666,0.1666666666666666,0.1666666666666666,0.1666666666666666,0.1666666666666666
123,123.0,0.1666666666666666,0.1666666666666666,0.1666666666666666,0.1666666666666666,0.1666666666666666,0.1666666666666666
124,124.0,0.1666666666666666,0.1666666666666666,0.1666666666666666,0.1666666666666666,0.1666666666666666,0.1666666666666666
125,125.0,0.1666666666666666,0.1666666666666666,0.1666666666666666,0.1666666666666666,0.1666666666666666,0.1666666666666666
126,126.0,0.1666666666666666,0.1666666666666666,0.1666666666666666,0.1666666666666666,0.1666666666666666,0.1666666666666666
127,127.0,0.1666666666666666,0.1666666666666666,0.1666666666666666,0.1666666666666666,0.1666666666666666,0.1666666666666666
128,128.0,0.1666666666666666,0.1666666666666666,0.1666666666666666,0.1666666666666666,0.1666666666666666,0.1666666666666666
129,129.0,0.1666666666666666,0.1666666666666666,0.1666666666666666,0.1666666666666666,0.1666666666666666,0.1666666666666666
130,130.0,0.1666666666666666,0.1666666666666666,0.1666666666666666,0.1666666666666666,0.1666666666666666,0.1666666666666666
131,131.0,0.1666666666666666,0.1666666666666666,0.1666666666666666,0.1666666666666666,0.1666666666666666,0.1666666666666666
132,132.0,0.1666666666666666,0.1666666666666666,0.1666666666666666,0.1666666666666666,0.1666666666666666,0.1666666666666666
133,133.0,0.1666666666666666,0.1666666666666666,0.1666666666666666,0.1666666666666666,0.1666666666666666,0.1666666666666666
134,134.0,0.1666666666666666,0.1666666666666666,0.1666666666666666,0.1666666666666666,0.1666666666666666,0.1666666666666666
135,135.0,0.1666666666666666,0.1666666666666666,0.1666666666666666,0.1666666666666666,0.1666666666666666,0.1666666666666666
136,136.0,0.1666666666666666,0.1666666666666666,0.1666666666666666,0.1666666666666666,0.1666666666666666,0.1666666666666666
137,137.0,0.1666666666666666,0.1666666666666666,0.1666666666666666,0.1666666666666666,0.1666666666666666,0.1666666666666666
138,138.0,0.1666666666666666,0.1666666666666666,0.1666666666666666,0.1666666666666666,0.1666666666666666,0.1666666666666666
139,139.0,0.1666666666666666,0.1666666666666666,0.1666666666666666,0.1666666666666666,0.1666666666666666,0.1666666666666666
140,140.0,0.1666666666666666,0.1666666666666666,0.1666666666666666,0.1666666666666666,0.1666666666666666,0.1666666666666666
141,141.0,0.1666666666666666,0.1666666666666666,0.1666666666666666,0.1666666666666666,0.1666666666666666,0.1666666666666666
142,142.0,0.1666666666666666,0.1666666666666666,0.1666666666666666,0.1666666666666666,0.1666666666666666,0.1666666666666666
143,143.0,0.1666666666666666,0.1666666666666666,0.1666666666666666,0.1666666666666666,0.1666666666666666,0.1666666666666666
144,144.0,0.1666666666666666,0.1666666666666666,0.1666666666666666,0.1666666666666666,0.1666666666666666,0.1666666666666666
145,145.0,0.1666666666666666,0.1666666666666666,0.1666666666666666,0.1666666666666666,0.1666666666666666,0.1666666666666666
146,146.0,0.1666666666666666,0.1666666666666666,0.1666666666666666,0.1666666666666666,0.1666666666666666,0.1666666666666666
147,147.0,0.1666666666666666,0.1666666666666666,0.1666666666666666,0.1666666666666666,0.1666666666666666,0.1666666666666666
148,148.0,0.1666666666666666,0.1666666666666666,0.1666666666666666,0.1666666666666666,0.1666666666666666,0.1666666666666666
149,149.0,0.1666666666666666,0.1666666666666666,0.1666666666666666,0.1666666666666666,0.1666666666666666,0.1666666666666666
150,150.0,0.1666666666666666,0.1666666666666666,0.1666666666666666,0.1666666666666666,0.1666666666666666,0.1666666666666666
151,151.0,0.1666666666666666,0.1666666666666666,0.1666666666666666,0.1666666666666666,0.1666666666666666,0.1666666666666666
152,152.0,0.1666666666666666,0.1666666666666666,0.1666666666666666,0.1666666666666666,0.1666666666666666,0.1666666666666666
153,153.0,0.1666666666666666,0.1666666666666666,0.1666666666666666,0.1666666666666666,0.1666666666666666,0.1666666666666666
154,154.0,0.1666666666666666,0.1666666666666666,0.1666666666666666,0.1666666666666666,0.1666666666666666,0.1666666666666666
155,155.0,0.1666666666666666,0.1666666666666666,0.1666666666666666,0.1666666666666666,0.1666666666666666,0.1666666666666666
156,156.0,0.1666666666666666,0.1666666666666666,0.1666666666666666,0.1666666666666666,0.1666666666666666,0.1666666666666666
157,157.0,0.1666666666666666,0.1666666666666666,0.1666666666666666,0.1666666666666666,0.1666666666666666,0.1666666666666666
158,158.0,0.1666666666666666,0.1666666666666666,0.1666666666666666,0.1666666666666666,0.1666666666666666,0.1666666666666666
159,159.0,0.1666666666666666,0.1666666666666666,0.1666666666666666,0.1666666666666666,0.1666666666666666,0.1666666666666666
160,160.0,0.1666666666666666,0.1666666666666666,0.1666666666666666,0.1666666666666666,0.1666666666666666,0.1666666666666666
161,161.0,0.1666666666666666,0.1666666666666666,0.1666666666666666,0.1666666666666666,0.1666666666666666,0.1666666666666666
162,162.0,0.1666666666666666,0.1666666666666666,0.1666666666666666,0.1666666666666666,0.1666666666666666,0.1666666666666666
163,163.0,0.1666666666666666,0.1666666666666666,0.1666666666666666,0.1666666666666666,0.1666666666666666,0.1666666666666666
164,164.0,0.1666666666666666,0.1666666666666666,0.1666666666666666,0.1666666666666666,0.1666666666666666,0.1666666666666666
165,165.0,0.1666666666666666,0.1666666666666666,0.1666666666666666,0.1666666666666666,0.1666666666666666,0.1666666666666666
166,166.0,0.1666666666666666,0.1666666666666666,0.1666666666666666,0.1666666666666666,0.1666666666666666,0.1666666666666666
167,167.0,0.1666666666666666,0.1666666666666666,0.1666666666666666,0.1666666666666666,0.1666666666666666,0.1666666666666666
168,168.0,0.1666666666666666,0.1666666666666666,0.1666666666666666,0.1666666666666666,0.1666666666666666,0.1666666666666666
169,169.0,0.1666666666666666,0.1666666666666666,0.1666666666666666,0.1666666666666666,0.1666666666666666,0.1666666666666666
170,170.0,0.1666666666666666,0.1666666666666666,0.1666666666666666,0.1666666666666666,0.1666666666666666,0.1666666666666666
171,171.0,0.1666666666666666,0.1666666666666666,0.1666666666666666,0.1666666666666666,0.1666666666666666,0.1666666666666666
172,172.0,0.1666666666666666,0.1666666666666666,0.1666666666666666,0.1666666666666666,0.1666666666666666,0.1666666666666666
173,173.0,0.1666666666666666,0.1666666666666666,0.1666666666666666,0.1666666666666666,0.1666666666666666,0.1666666666666666
174,174.0,0.1666666666666666,0.1666666666666666,0.1666666666666666,0.1666666666666666,0.1666666666666666,0.1666666666666666
175,175.0,0.1666666666666666,0.1666666666666666,0.1666666666666666,0.1666666666666666,0.1666666666666666,0.1666666666666666
176,176.0,0.1666666666666666,0.1666666666666666,0.1666666666666666,0.1666666666666666,0.1666666666666666,0.1666666666666666
177,177.0,0.1666666666666666,0.1666666666666666,0.1666666666666666,0.1666666666666666,0.1666666666666666,0.1666666666666666
178,178.0,0.1666666666666666,0.1666666666666666,0.1666666666666666,0.1666666666666666,0.1666666666666666,0.1666666666666666
179,179.0,0.1666666666666666,0.1666666666666666,0.1666666666666666,0.1666666666666666,0.1666666666666666,0.1666666666666666
180,180.0,0.1666666666666666,0.1666666666666666,0.1666666666666666,0.1666666666666666,0.1666666666666666,0.1666666666666666
181,181.0,0.1666666666666666,0.1666666666666666,0.1666666666666666,0.1666666666666666,0.1666666666666666,0.1666666666666666
182,182.0,0.1666666666666666,0.1666666666666666,0.1666666666666666,0.1666666666666666,0.1666666666666666,0.1666666666666666
183,183.0,0.1666666666666666,0.1666666666666666,0.1666666666666666,0.1666666666666666,0.1666666666666666,0.1666666666666666
184,184.0,0.1666666666666666,0.1666666666666666,0.1666666666666666,0.1666666666666666,0.1666666666666666,0.1666666666666666
185,185.0,0.1666666666666666,0.1666666666666666,0.1666666666666666,0.1666666666666666,0.1666666666666666,0.1666666666666666
186,186.0,0.1666666666666666,0.1666666666666666,0.1666666666666666,0.1666666666666666,0.1666666666666666,0.1666666666666666
187,187.0,0.1666666666666666,0.1666666666666666,0.1666666666666666,0.1666666666666666,0.1666666666666666,0.1666666666666666
188,188.0,0.1666666666666666,0.1666666666666666,0.1666666666666666,0.1666666666666666,0.1666666666666666,0.1666666666666666
189,189.0,0.1666666666666666,0.1666666666666666,0.1666666666666666,0.1666666666666666,0.1666666666666666,0.1666666666666666
190,190.0,0.1666666666666666,0.1666666666666666,0.1666666666666666,0.1666666666666666,0.1666666666666666,0.1666666666666666
191,191.0,0.1666666666666666,0.1666666666666666,0.1666666666666666,0.1666666666666666,0.1666666666666666,0.1666666666666666
192,192.0,0.1666666666666666,0.1666666666666666,0.1666666666666666,0.1666666666666666,0.1666666666666666,0.1666666666666666
193,193.0,0.1666666666666666,0.1666666666666666,0.1666666666666666,0.1666666666666666,0.1666666666666666,0.1666666666666666
194,194.0,0.1666666666666666,0.1666666666666666,0.1666666666666666,0.1666666666666666,0.1666666666666666,0.1666666666666666
195,195.0,0.1666666666666666,0.1666666666666666,0.1666666666666666,0.1666666666666666,0.1666666666666666,0.1666666666666666
196,196.0,0.1666666666666666,0.1666666666666666,0.1666666666666666,0.1666666666666666,0.1666666666666666,0.1666666666666666
197,197.0,0.1666666666666666,0.1666666666666666,0.1666666666666666,0.1666666666666666,0.1666666666666666,0.1666666666666666
198,198.0,0.1666666666666666,0.1666666666666666,0.1666666666666666,0.1666666666666666,0.1666666666666666,0.1666666666666666
199,199.0,0.1664285714285714,0.1664285714285714,0.1678571428571428,0.1664285714285714,0.1664285714285714,0.1664285714285714
200,200.0,0.1657166666666667,0.1657166666666667,0.1699880952380952,0.1657166666666667,0.1657166666666667,0.1671452380952381
201,201.0,0.1650140238095239,0.1650140238095239,0.1720870238095238,0.1650140238095239,0.1650140238095239,0.167856880952381
202,202.0,0.1639696002380953,0.1639696002380953,0.1748504273809524,0.1639696002380953,0.1639696002380953,0.1692711716666667
203,203.0,0.1625724627039683,0.1625724627039683,0.1771643831468254,0.1640010341325398,0.1636835738150794,0.1700060834976191
204,204.0,0.1630762190581191,0.160715107947008,0.1784376010919444,0.1646293936612937,0.1629262190581191,0.170215459183516
205,205.0,0.1634682820307181,0.158769670919607,0.1804518990094099,0.1649930677450038,0.1620597820307181,0.1702572982645435
206,206.0,0.1635475669968611,0.1566671919968611,0.1826963592561458,0.165031554854004,0.1610066131079722,0.1710507137881562
207,207.0,0.1632758720388454,0.1544146021777343,0.1854341068553437,0.1655264837641701,0.1597661191888455,0.1715828159750614
208,208.0,0.1615152545229095,0.1575062566318742,0.1870482840806138,0.1644545337335567,0.1575762558939853,0.1718994151370608
209,209.0,0.159789031061823,0.1606518143874126,0.188528288015278,0.1633944757929116,0.1554538587939138,0.1721825319486614
210,210.0,0.1572019335756208,0.1638144295366544,0.1907818268581412,0.1623557213126442,0.1534134052401527,0.172432683476787
211,211.0,0.1546841022598584,0.1677941035220702,0.1928908299117731,0.1605131941581862,0.1514671054136086,0.172650664734504
212,212.0,0.1512815665884272,0.1718582226090771,0.1963764385023381,0.1577434746462791,0.1497638958287142,0.1729764018251648
213,213.0,0.1477771758889619,0.1747847212986664,0.2009158834649849,0.1548273327431402,0.1479568530925069,0.1737380335117402
214,214.0,0.1442811362612372,0.1774730733336605,0.2061535498830419,0.1518094462327984,0.1461394076374567,0.1741433866518056
215,215.0,0.1407219563887399,0.1798145932535524,0.2124843329638816,0.148627299088208,0.144225157584382,0.1741266607212365
216,216.0,0.1372928241459541,0.1819718311219354,0.2189242578990621,0.1455298714449723,0.1423942079448979,0.1738870074431787
217,217.0,0.1337288789061893,0.1836554955791295,0.2252716043273904,0.1436820898718124,0.140370390987893,0.1732915403275857
218,218.0,0.1303336786509783,0.1851505445511188,0.2316106847737967,0.1419461905211754,0.1384476688441268,0.1725112326588043
219,219.0,0.1270774171309165,0.1878425767717739,0.2381587669647822,0.1388052699346235,0.1365882755002115,0.1715276936976927
220,220.0,0.1238017906320407,0.1899437154240871,0.2446404876444087,0.1355411717478694,0.1358774995539523,0.1701953349976422
221,221.0,0.1207323532617588,0.1918436141086215,0.2509186741603771,0.1323904513414564,0.135273448369584,0.1688414587582026
222,222.0,0.1178503492115643,0.1935145665659598,0.2571823652121563,0.1293448553687967,0.1347426587134114,0.1673652049281118
223,223.0,0.1153049160774635,0.1951018187817611,0.2629819145433187,0.1265635602323785,0.1333110621055784,0.1667367282595001
224,224.0,0.1129627257859047,0.196472742944738,0.2682055528626895,0.1239228234866585,0.1319579298940462,0.1664782250259634
225,225.0,0.1108265341920496,0.1976349208550433,0.2733114601331846,0.1214345295832414,0.1306886051978003,0.1661039500386809
226,226.0,0.1088966045654808,0.1985971065822556,0.2782644064758254,0.1191076019501288,0.1295069017356888,0.1656273786906208
227,227.0,0.1071709982986018,0.1993690657802785,0.2830350992314333,0.1169482792031187,0.1284152627117861,0.1650612947747819
228,228.0,0.1060458474185076,0.199961409810446,0.2871996233660698,0.114960373000702,0.1274149063729054,0.1644178400313694
229,229.0,0.1050204687699535,0.2003096722392592,0.2907037874316707,0.1139030872549535,0.1264302035039506,0.1636327808002128
230,230.0,0.1040980358341677,0.2004380743808612,0.2943789729998705,0.1128827413764725,0.1254727315649145,0.1627294438437139
231,231.0,0.1033339578157108,0.2004242046894434,0.2978320342454356,0.1120200247314969,0.124606228629082,0.1617835498888315
232,232.0,0.1027188119845651,0.200281611535784,0.3010576070813348,0.1113065770532808,0.1238294453160528,0.1608059470289828
233,233.0,0.1021704978676881,0.2001578305610622,0.3041594659057819,0.1106063021543624,0.1231713220765905,0.1597345814345152
234,234.0,0.101703884623976,0.1998831283965625,0.3063159576176004,0.1099427835483418,0.1225502676803185,0.1596039781332011
235,235.0,0.1013571111292079,0.1995173902393726,0.3078348776954631,0.1094034761307254,0.1220108318433454,0.1598763129618858
236,236.0,0.1011204636849816,0.1990725767282024,0.3088621474996147,0.109283178591942,0.1215494467259801,0.1601121867692794
237,237.0,0.1010590332434947,0.1986262578890985,0.309209172800245,0.1093903716305699,0.1212281354629723,0.1604870289736196
238,238.0,0.1010381412094995,0.198074188899828,0.3087874106467499,0.109483517171647,0.1209272452380991,0.1616894968341766
239,239.0,0.1010956459348046,0.1974745507084885,0.3079731907266776,0.1096472589958939,0.1206898280929839,0.1631195255411516
240,240.0,0.1012220037598039,0.1968373411635036,0.3068171605014992,0.109871389149358,0.1205111554374054,0.1647409499884301
241,241.0,0.1013662963461556,0.1961302846959299,0.3059640216088196,0.1100628178980674,0.120344734749208,0.1661318447018197
242,242.0,0.1015249466980606,0.1953674515876784,0.3051241422604355,0.1102229311449632,0.1201910200635118,0.1675695082453507
243,243.0,0.1017340845268024,0.1946015463256038,0.303956556079715,0.1106886665475766,0.1200897764186281,0.1689293701016742
244,244.0,0.1019987154553978,0.1938466080522031,0.3023933340782707,0.1112061810545286,0.1203131122916887,0.1702420490679113
245,245.0,0.1022907109762215,0.1930955668193991,0.3006455516219637,0.111731666090018,0.1205624581214482,0.1716740463709497
246,246.0,0.1026101591524097,0.192361616143234,0.2994952734791661,0.1116826517420596,0.1208451933996929,0.173005106083438
247,247.0,0.1029178017059999,0.1916173873401923,0.2996096553157527,0.1116128519304683,0.1211221526941786,0.1731201510134086
248,248.0,0.1030656570096762,0.1907255753646766,0.3008865444382161,0.1113718991796328,0.1212386212256942,0.1727117027821044
249,249.0,0.1030811726952501,0.189973106137104,0.3018725395700493,0.1109916263653687,0.1222223954867199,0.1718591597455082
250,250.0,0.103082484217133,0.1892339203584275,0.303036088997414,0.110600300468373,0.1231880266759352,0.1708591792827174
251,251.0,0.1030798733353497,0.1885184105458733,0.3038311351298167,0.1102163599693087,0.124132001792958,0.1702222192266937
252,252.0,0.103057716675991,0.1878140558347596,0.3042243302267874,0.1098159355314297,0.1250297383276424,0.1700582234033899
253,253.0,0.1029318846749846,0.1870462438793226,0.3054221921522719,0.1093235843686369,0.125705433299235,0.1695706616255491
254,254.0,0.1035524951832536,0.1862344269988662,0.30646382607651,0.1087583115165619,0.1261860229957073,0.1688049172291011
255,255.0,0.1040219580404944,0.1853829417525552,0.3068425494910614,0.1081243550925557,0.1264821091995439,0.1691460864237896
256,256.0,0.1043605053050876,0.1845168160814181,0.3076498445743668,0.1074469590659497,0.1266244749026973,0.1694014000704804
257,257.0,0.1045806028684288,0.1843140183535006,0.3083433440868607,0.1067379215609755,0.1266300764022207,0.1693940367280137
258,258.0,0.1046933825137591,0.1840691157249522,0.3093741036062582,0.1060075530857784,0.1265142632195315,0.1693415818497206
259,259.0,0.1047825681636626,0.1838631224212239,0.3105076565069494,0.1053016755675027,0.1263646896637802,0.1691802876768812
260,260.0,0.1048778302915328,0.1837409538493118,0.3110733728786712,0.1046711881765282,0.1262329739142712,0.1694036808896848
261,261.0,0.1050440137465863,0.1837455931728406,0.3123555131276995,0.1043047075417156,0.125502124632296,0.169048047778862
262,262.0,0.1052034251676149,0.1837923435120612,0.3135567346759344,0.1039874523392513,0.1247673939669514,0.1686926503381867
263,263.0,0.1052678092606319,0.1835327776224233,0.3143742675414749,0.1037600882126583,0.1239975932850422,0.1690674640777694
264,264.0,0.1052378589057844,0.1832259727580011,0.3156113036997179,0.1035109777437532,0.1231854525296286,0.1692284343631147
265,265.0,0.1051196947658878,0.182876319333556,0.3168987071492851,0.1032527008840344,0.1223455899620156,0.1695069879052211
266,266.0,0.1049228562327383,0.1824913403657424,0.3182123742773976,0.1029879161599331,0.1214887460168833,0.1698967669473052
267,267.0,0.1046563893130325,0.1820778283252459,0.3198260701926578,0.1027189324425378,0.1206245973981054,0.1700961823284205
268,268.0,0.1043288992813959,0.1816419442243579,0.3217028732496053,0.1024477677305623,0.1197618139571355,0.1701167015569431
269,269.0,0.1039421669746565,0.1811828776030009,0.3239165265231459,0.1021569614657435,0.1188952866972833,0.1699061807361698
270,270.0,0.1035104536965474,0.1811469748285418,0.3258885972394091,0.1018674913198213,0.1180447616705847,0.1695417212450956
271,271.0,0.10308454361514,0.181143123604929,0.3280269156325189,0.1016061202886873,0.1172415067514464,0.1688977901072782
272,272.0,0.1026677634890487,0.1811679812780495,0.3300716419536246,0.10137212413738,0.116488651467039,0.1682318376748582
273,273.0,0.1022630247174094,0.1812182566782018,0.3314261500435143,0.1011645902295395,0.1157885127034368,0.1681394656278981
274,274.0,0.1018305060258747,0.1812302923508263,0.3329778656052236,0.1009460364325643,0.1151123415914225,0.1679029579940886
275,275.0,0.1014092728568025,0.1812562220413027,0.3342501498198193,0.1007346058787883,0.1144800051146075,0.1678697442886797
276,276.0,0.1005835371689552,0.1812923515265846,0.3359300030418561,0.1005397887274271,0.1138966241307197,0.1677576954044573
277,277.0,0.099754144564985,0.1812812600631668,0.337358627725597,0.1003277797362636,0.1133348936659065,0.1679432942440811
278,278.0,0.0989490961997181,0.1812772744325343,0.3387708864977707,0.1001315742589653,0.1128227431335938,0.1680484254774178
279,279.0,0.098157997750551,0.1812330930129576,0.340315561788097,0.0999353948981356,0.1123444743818664,0.1680134781683923
280,280.0,0.0973921635221598,0.1811573231048657,0.3418938855380609,0.0997458538311877,0.1119064255483198,0.1679043484554062
281,281.0,0.0970169824182471,0.1810544208183503,0.3431001861069007,0.0995690573291367,0.1115103086924445,0.1677490446349208
282,282.0,0.0966591814109704,0.1812698218857132,0.3439887733163715,0.0993993806289252,0.111153578688482,0.1675292640695377
283,283.0,0.0963369436682064,0.1814637743763371,0.3439209353695301,0.0998543477277392,0.1108641009647364,0.1675598978934509
284,284.0,0.0963438262242166,0.1816071139921324,0.343156535952095,0.1005085160341398,0.1105938819508541,0.1677901258465622
285,285.0,0.0963505502046115,0.1817069001440088,0.3425710268981304,0.101118641520797,0.1103480285452676,0.1679048526871847
286,286.0,0.0963553111143575,0.1822947729881567,0.3415062264505255,0.1016803332539908,0.1101254316876332,0.1680379245053364
287,287.0,0.0963507328985489,0.1830551168610527,0.3402709927458895,0.1021843812655866,0.1099190802281583,0.168219696000764
288,288.0,0.0963461725779192,0.1837610786936578,0.3390215838048406,0.1027849084930553,0.1097432242123532,0.1683430322181739
289,289.0,0.0963403100905189,0.1844090479443136,0.3378956975124857,0.1033496433067803,0.1095960774595531,0.1684092236863483
290,290.0,0.0963320020083178,0.1849964017676415,0.336999216317051,0.1036530894400728,0.1094757567013773,0.1685435337655395
291,291.0,0.0965328361383167,0.1855117715567867,0.3361180262169259,0.1038978396637025,0.1093706484096972,0.168568878014571
292,292.0,0.0967180668188256,0.185954800195664,0.3350223169283606,0.1040850558694454,0.1092792666005543,0.1689404935871501
293,293.0,0.0968889545760167,0.186323744084589,0.3341647315919225,0.1042286108993153,0.1092034916416894,0.169190467206467
294,294.0,0.0970672965408078,0.1866610255084952,0.333361409974504,0.1043475184411349,0.1091531635347097,0.1694095860003484
295,295.0,0.0969522157183507,0.1875430927441306,0.332473278317262,0.104570166719818,0.1088600425575409,0.1696012039428976
296,296.0,0.0968060036591456,0.188457868186702,0.3316078722898723,0.1047356209455132,0.108564798225088,0.1698278366936788
297,297.0,0.0966688820724724,0.1893323614846339,0.3310613124229755,0.1049013834839467,0.1083086054731114,0.1697274550628599
298,298.0,0.0965123925570373,0.1901222055090003,0.3306488179756136,0.105019687696807,0.1081742825516714,0.1695226137098701
299,299.0,0.096565665218298,0.1908258176976363,0.3300402503965098,0.1050923178726205,0.1080476727169259,0.1694282760980095
300,300.0,0.0966045343243631,0.191456110981656,0.3297954958708948,0.1051323640664045,0.1079367971985688,0.1690746975581126
301,301.0,0.0966310749427222,0.1920093644535048,0.3295524126820782,0.1051522170686663,0.1078430711131624,0.168811859739866
302,302.0,0.0966369811673999,0.1924781986903047,0.3295072232588467,0.1051370936171091,0.1077572759921454,0.1684832272741941
303,303.0,0.0966468226822922,0.1928995056485884,0.3292310420164194,0.1051002232632927,0.107689553560431,0.1684328528289762
304,304.0,0.0966172191265417,0.1923224876311696,0.3308153325797179,0.1050777689513656,0.1065586513141659,0.1686085403970392
305,305.0,0.0965516837098013,0.191639217069863,0.3324692080994091,0.1049974839529871,0.1055536693722272,0.1687887377957122
306,306.0,0.0962972396881424,0.1907252851947122,0.3338565306893579,0.1047219130576477,0.1043985228120997,0.1700005085580401
307,307.0,0.0960350873226874,0.189640665274406,0.3352113677159934,0.1046713936354065,0.1032800547256994,0.1711614313258073
308,308.0,0.0957676940574887,0.1885303625609647,0.3366263761922251,0.1046080308470999,0.102205353231015,0.1722621831112066
309,309.0,0.0952885654195166,0.1889797239606137,0.337473873931448,0.1043242668587147,0.100971578842766,0.1729619909869411
310,310.0,0.0946222971831237,0.1904035340675614,0.3380935024714068,0.10384253162796,0.099602659473623,0.1734354751763251
311,311.0,0.0938168263281389,0.1913685030951758,0.3383182390854883,0.1032041020476032,0.0981518919400379,0.1751404375035559
312,312.0,0.0930178359718717,0.1922839905050334,0.3383817160241156,0.1025544759437483,0.0967661215792492,0.1769958599759819
313,313.0,0.0921165701395165,0.1933494711832367,0.3379543186329295,0.10179164623822,0.0953370414495213,0.1794509523565761
314,314.0,0.091240890342745,0.1943590493592236,0.3374038300279114,0.1012187999744855,0.0939923161431012,0.1817851141525333
315,315.0,0.09039621982003,0.1953069083781674,0.3369149405655323,0.1006611444952827,0.0927365929838169,0.1839841937571708
316,316.0,0.0894760369636457,0.1960773525664154,0.3372701808357162,0.1000108351752177,0.0914620614922618,0.1857035329667433
317,317.0,0.0886653801927185,0.1966815300812938,0.3373255225752933,0.0992784893557797,0.090185356142798,0.1878637216521168
318,318.0,0.087841453536036,0.1972004990274082,0.3368957362365049,0.0985211874664927,0.0889526234198841,0.1905885003136741
319,319.0,0.0871319622282757,0.1967479465391403,0.3365268807429987,0.0998802445500177,0.0878904876293954,0.1918224783101722
320,320.0,0.0874447379405256,0.1959684057151973,0.3361137610509991,0.1009673785912018,0.086786440537934,0.1927192761641422
321,321.0,0.0876375767885056,0.1953131763141632,0.3356245450379754,0.1020477180519428,0.0857801546439357,0.1935968291634773
322,322.0,0.0878025338179688,0.1945578790528956,0.3367764058071967,0.1018838524015558,0.0848138654717785,0.1941654634486046
