,Unnamed: 0,Total_iterations,Intertwine_two,Add_vertex,Delete_vertex,Invert_path_vertices,Insert_inside_vertex,Delete_inside_vertex
0,0.0,0.0,0.16666666666666669,0.16666666666666669,0.16666666666666669,0.16666666666666669,0.16666666666666669,0.16666666666666669
1,1.0,0.10900000000000001,0.16666666666666669,0.16666666666666669,0.16666666666666669,0.16666666666666669,0.16666666666666669,0.16666666666666669
2,2.0,0.31601,0.16666666666666669,0.16666666666666669,0.16666666666666669,0.16666666666666669,0.16666666666666669,0.16666666666666669
3,3.0,0.6191589000000001,0.16666666666666669,0.16666666666666669,0.16666666666666669,0.16666666666666669,0.16666666666666669,0.16666666666666669
4,4.0,1.015801321,0.16666666666666669,0.16666666666666669,0.16666666666666669,0.16666666666666669,0.16666666666666669,0.16666666666666669
5,5.0,1.50262148669,0.16666666666666669,0.16666666666666669,0.16666666666666669,0.16666666666666669,0.16666666666666669,0.16666666666666669
6,6.0,2.0757334209441005,0.16666666666666669,0.16666666666666669,0.16666666666666669,0.16666666666666669,0.16666666666666669,0.16666666666666669
7,7.0,2.7307768275633495,0.16666666666666669,0.16666666666666669,0.16666666666666669,0.16666666666666669,0.16666666666666669,0.16666666666666669
8,8.0,3.4630081252450404,0.16666666666666669,0.16666666666666669,0.16666666666666669,0.16666666666666669,0.16666666666666669,0.16666666666666669
9,9.0,4.2673862119061114,0.16666666666666669,0.16666666666666669,0.16666666666666669,0.16666666666666669,0.16666666666666669,0.16666666666666669
10,10.0,5.138652627782014,0.16666666666666669,0.16666666666666669,0.16666666666666669,0.16666666666666669,0.16666666666666669,0.16666666666666669
11,11.0,6.071405875792507,0.16666666666666669,0.16666666666666669,0.16666666666666669,0.16666666666666669,0.16666666666666669,0.16666666666666669
12,12.0,7.060169740244025,0.16666666666666669,0.16666666666666669,0.16666666666666669,0.16666666666666669,0.16666666666666669,0.16666666666666669
13,13.0,8.099455520847952,0.16666666666666669,0.16666666666666669,0.16666666666666669,0.16666666666666669,0.16666666666666669,0.16666666666666669
14,14.0,9.183818168183006,0.16666666666666669,0.16666666666666669,0.16666666666666669,0.16666666666666669,0.16666666666666669,0.16666666666666669
15,15.0,10.307906369102724,0.16666666666666669,0.16666666666666669,0.16666666666666669,0.16666666666666669,0.16666666666666669,0.16666666666666669
16,16.0,11.466506686239443,0.16666666666666669,0.16666666666666669,0.16666666666666669,0.16666666666666669,0.16666666666666669,0.16666666666666669
17,17.0,12.654581904800096,0.16666666666666669,0.16666666666666669,0.16666666666666669,0.16666666666666669,0.16666666666666669,0.16666666666666669
18,18.0,13.867303782456686,0.16666666666666669,0.16666666666666669,0.16666666666666669,0.16666666666666669,0.16666666666666669,0.16666666666666669
19,19.0,15.100080434523047,0.16666666666666669,0.16666666666666669,0.16666666666666669,0.16666666666666669,0.16666666666666669,0.16666666666666669
20,20.0,16.348578617037543,0.16666666666666669,0.16666666666666669,0.16666666666666669,0.16666666666666669,0.16666666666666669,0.16666666666666669
21,21.0,17.608741195130214,0.16666666666666669,0.16666666666666669,0.16666666666666669,0.16666666666666669,0.16666666666666669,0.16666666666666669
22,22.0,18.876800103462312,0.16666666666666669,0.16666666666666669,0.16666666666666669,0.16666666666666669,0.16666666666666669,0.16666666666666669
23,23.0,20.14928511992658,0.16666666666666669,0.16666666666666669,0.16666666666666669,0.16666666666666669,0.16666666666666669,0.16666666666666669
24,24.0,21.423028783545156,0.16666666666666669,0.16666666666666669,0.16666666666666669,0.16666666666666669,0.16666666666666669,0.16666666666666669
25,25.0,22.695167792966423,0.16666666666666669,0.16666666666666669,0.16666666666666669,0.16666666666666669,0.16666666666666669,0.16666666666666669
26,26.0,23.963141223515898,0.16666666666666669,0.16666666666666669,0.16666666666666669,0.16666666666666669,0.16666666666666669,0.16666666666666669
27,27.0,25.224685898775267,0.16666666666666669,0.16666666666666669,0.16666666666666669,0.16666666666666669,0.16666666666666669,0.16666666666666669
28,28.0,26.477829247520948,0.16666666666666669,0.16666666666666669,0.16666666666666669,0.16666666666666669,0.16666666666666669,0.16666666666666669
29,29.0,27.720879968916847,0.16666666666666669,0.16666666666666669,0.16666666666666669,0.16666666666666669,0.16666666666666669,0.16666666666666669
30,30.0,28.95241681848399,0.16666666666666669,0.16666666666666669,0.16666666666666669,0.16666666666666669,0.16666666666666669,0.16666666666666669
31,31.0,30.17127581490958,0.16666666666666669,0.16666666666666669,0.16666666666666669,0.16666666666666669,0.16666666666666669,0.16666666666666669
32,32.0,31.376536153543515,0.16666666666666669,0.16666666666666669,0.16666666666666669,0.16666666666666669,0.16666666666666669,0.16666666666666669
33,33.0,32.567505096778625,0.16666666666666669,0.16666666666666669,0.16666666666666669,0.16666666666666669,0.16666666666666669,0.16666666666666669
34,34.0,33.74370209472243,0.16666666666666669,0.16666666666666669,0.16666666666666669,0.16666666666666669,0.16666666666666669,0.16666666666666669
35,35.0,34.90484237192463,0.16666666666666669,0.16666666666666669,0.16666666666666669,0.16666666666666669,0.16666666666666669,0.16666666666666669
36,36.0,36.05082019768737,0.16666666666666669,0.16666666666666669,0.16666666666666669,0.16666666666666669,0.16666666666666669,0.16666666666666669
37,37.0,37.18169203889697,0.16666666666666669,0.16666666666666669,0.16666666666666669,0.16666666666666669,0.16666666666666669,0.16666666666666669
38,38.0,38.29765977559663,0.16666666666666669,0.16666666666666669,0.16666666666666669,0.16666666666666669,0.16666666666666669,0.16666666666666669
39,39.0,39.399054140870355,0.16666666666666669,0.16666666666666669,0.16666666666666669,0.16666666666666669,0.16666666666666669,0.16666666666666669
40,40.0,40.48631852820801,0.16666666666666669,0.16666666666666669,0.16666666666666669,0.16666666666666669,0.16666666666666669,0.16666666666666669
41,41.0,41.55999329152982,0.16666666666666669,0.16666666666666669,0.16666666666666669,0.16666666666666669,0.16666666666666669,0.16666666666666669
42,42.0,42.62070064560415,0.16666666666666669,0.16666666666666669,0.16666666666666669,0.16666666666666669,0.16666666666666669,0.16666666666666669
43,43.0,43.669130257815,0.16666666666666669,0.16666666666666669,0.16666666666666669,0.16666666666666669,0.16666666666666669,0.16666666666666669
44,44.0,44.70602560622662,0.16666666666666669,0.16666666666666669,0.16666666666666669,0.16666666666666669,0.16666666666666669,0.16666666666666669
45,45.0,45.73217116373481,0.16666666666666669,0.16666666666666669,0.16666666666666669,0.16666666666666669,0.16666666666666669,0.16666666666666669
46,46.0,46.748380453854836,0.16666666666666669,0.16666666666666669,0.16666666666666669,0.16666666666666669,0.16666666666666669,0.16666666666666669
47,47.0,47.755485010424316,0.16666666666666669,0.16666666666666669,0.16666666666666669,0.16666666666666669,0.16666666666666669,0.16666666666666669
48,48.0,48.7543242612326,0.16666666666666669,0.16666666666666669,0.16666666666666669,0.16666666666666669,0.16666666666666669,0.16666666666666669
49,49.0,49.745736344347726,0.16666666666666669,0.16666666666666669,0.16666666666666669,0.16666666666666669,0.16666666666666669,0.16666666666666669
50,50.0,50.730549855707864,0.16666666666666669,0.16666666666666669,0.16666666666666669,0.16666666666666669,0.16666666666666669,0.16666666666666669
51,51.0,51.70957651737491,0.16666666666666669,0.16666666666666669,0.16666666666666669,0.16666666666666669,0.16666666666666669,0.16666666666666669
52,52.0,52.68360474770151,0.16666666666666669,0.16666666666666669,0.16666666666666669,0.16666666666666669,0.16666666666666669,0.16666666666666669
53,53.0,53.65339410751842,0.16666666666666669,0.16666666666666669,0.16666666666666669,0.16666666666666669,0.16666666666666669,0.16666666666666669
54,54.0,54.61967059027847,0.16666666666666669,0.16666666666666669,0.16666666666666669,0.16666666666666669,0.16666666666666669,0.16666666666666669
55,55.0,55.58312271885972,0.16666666666666669,0.16666666666666669,0.16666666666666669,0.16666666666666669,0.16666666666666669,0.16666666666666669
56,56.0,56.544398407394254,0.16666666666666669,0.16666666666666669,0.16666666666666669,0.16666666666666669,0.16666666666666669,0.16666666666666669
57,57.0,57.504102543001395,0.16666666666666669,0.16666666666666669,0.16666666666666669,0.16666666666666669,0.16666666666666669,0.16666666666666669
58,58.0,58.462795239617805,0.16666666666666669,0.16666666666666669,0.16666666666666669,0.16666666666666669,0.16666666666666669,0.16666666666666669
59,59.0,59.42099071417639,0.16666666666666669,0.16666666666666669,0.16666666666666669,0.16666666666666669,0.16666666666666669,0.16666666666666669
60,60.0,60.379156734137354,0.16666666666666669,0.16666666666666669,0.16666666666666669,0.16666666666666669,0.16666666666666669,0.16666666666666669
61,61.0,61.337714584760846,0.16666666666666669,0.16666666666666669,0.16666666666666669,0.16666666666666669,0.16666666666666669,0.16666666666666669
62,62.0,62.29703950447439,0.16666666666666669,0.16666666666666669,0.16666666666666669,0.16666666666666669,0.16666666666666669,0.16666666666666669
63,63.0,63.257461537171835,0.16666666666666669,0.16666666666666669,0.16666666666666669,0.16666666666666669,0.16666666666666669,0.16666666666666669
64,64.0,64.21926675122782,0.16666666666666669,0.16666666666666669,0.16666666666666669,0.16666666666666669,0.16666666666666669,0.16666666666666669
65,65.0,65.18269877636592,0.16666666666666669,0.16666666666666669,0.16666666666666669,0.16666666666666669,0.16666666666666669,0.16666666666666669
66,66.0,66.14796061122655,0.16666666666666669,0.16666666666666669,0.16666666666666669,0.16666666666666669,0.16666666666666669,0.16666666666666669
67,67.0,67.11521665648885,0.16666666666666669,0.16666666666666669,0.16666666666666669,0.16666666666666669,0.16666666666666669,0.16666666666666669
68,68.0,68.08459493066005,0.16666666666666669,0.16666666666666669,0.16666666666666669,0.16666666666666669,0.16666666666666669,0.16666666666666669
69,69.0,69.05618942810752,0.16666666666666669,0.16666666666666669,0.16666666666666669,0.16666666666666669,0.16666666666666669,0.16666666666666669
70,70.0,70.03006258152917,0.16666666666666669,0.16666666666666669,0.16666666666666669,0.16666666666666669,0.16666666666666669,0.16666666666666669
71,71.0,71.00624779379335,0.16666666666666669,0.16666666666666669,0.16666666666666669,0.16666666666666669,0.16666666666666669,0.16666666666666669
72,72.0,71.98475200689319,0.16666666666666669,0.16666666666666669,0.16666666666666669,0.16666666666666669,0.16666666666666669,0.16666666666666669
73,73.0,72.96555827861411,0.16666666666666669,0.16666666666666669,0.16666666666666669,0.16666666666666669,0.16666666666666669,0.16666666666666669
74,74.0,73.94862834037681,0.16666666666666669,0.16666666666666669,0.16666666666666669,0.16666666666666669,0.16666666666666669,0.16666666666666669
75,75.0,74.93390511255946,0.16666666666666669,0.16666666666666669,0.16666666666666669,0.16666666666666669,0.16666666666666669,0.16666666666666669
76,76.0,75.92131515639825,0.16666666666666669,0.16666666666666669,0.16666666666666669,0.16666666666666669,0.16666666666666669,0.16666666666666669
77,77.0,76.91077104428919,0.16666666666666669,0.16666666666666669,0.16666666666666669,0.16666666666666669,0.16666666666666669,0.16666666666666669
78,78.0,77.90217363294813,0.16666666666666669,0.16666666666666669,0.16666666666666669,0.16666666666666669,0.16666666666666669,0.16666666666666669
79,79.0,78.89541422641172,0.16666666666666669,0.16666666666666669,0.16666666666666669,0.16666666666666669,0.16666666666666669,0.16666666666666669
80,80.0,79.89037661826481,0.16666666666666669,0.16666666666666669,0.16666666666666669,0.16666666666666669,0.16666666666666669,0.16666666666666669
81,81.0,80.88693900474995,0.16666666666666669,0.16666666666666669,0.16666666666666669,0.16666666666666669,0.16666666666666669,0.16666666666666669
82,82.0,81.88497576253909,0.16666666666666669,0.16666666666666669,0.16666666666666669,0.16666666666666669,0.16666666666666669,0.16666666666666669
83,83.0,82.88435908692391,0.16666666666666669,0.16666666666666669,0.16666666666666669,0.16666666666666669,0.16666666666666669,0.16666666666666669
84,84.0,83.88496048800103,0.16666666666666669,0.16666666666666669,0.16666666666666669,0.16666666666666669,0.16666666666666669,0.16666666666666669
85,85.0,84.88665214409042,0.16666666666666669,0.16666666666666669,0.16666666666666669,0.16666666666666669,0.16666666666666669,0.16666666666666669
86,86.0,85.88930811312994,0.16666666666666669,0.16666666666666669,0.16666666666666669,0.16666666666666669,0.16666666666666669,0.16666666666666669
87,87.0,86.89280540413424,0.16666666666666669,0.16666666666666669,0.16666666666666669,0.16666666666666669,0.16666666666666669,0.16666666666666669
88,88.0,87.89702491199675,0.16666666666666669,0.16666666666666669,0.16666666666666669,0.16666666666666669,0.16666666666666669,0.16666666666666669
89,89.0,88.90185221995306,0.16666666666666669,0.16666666666666669,0.16666666666666669,0.16666666666666669,0.16666666666666669,0.16666666666666669
90,90.0,89.90717827491419,0.16666666666666669,0.16666666666666669,0.16666666666666669,0.16666666666666669,0.16666666666666669,0.16666666666666669
91,91.0,90.91289994163006,0.16666666666666669,0.16666666666666669,0.16666666666666669,0.16666666666666669,0.16666666666666669,0.16666666666666669
92,92.0,91.91892044225806,0.16666666666666669,0.16666666666666669,0.16666666666666669,0.16666666666666669,0.16666666666666669,0.16666666666666669
93,93.0,92.92514968840067,0.16666666666666669,0.16666666666666669,0.16666666666666669,0.16666666666666669,0.16666666666666669,0.16666666666666669
94,94.0,93.93150451304501,0.16666666666666669,0.16666666666666669,0.16666666666666669,0.16666666666666669,0.16666666666666669,0.16666666666666669
95,95.0,94.93790881009448,0.16666666666666669,0.16666666666666669,0.16666666666666669,0.16666666666666669,0.16666666666666669,0.16666666666666669
96,96.0,95.94429358933806,0.16666666666666669,0.16666666666666669,0.16666666666666669,0.16666666666666669,0.16666666666666669,0.16666666666666669
97,97.0,96.9505969547639,0.16666666666666669,0.16666666666666669,0.16666666666666669,0.16666666666666669,0.16666666666666669,0.16666666666666669
98,98.0,97.9567640140995,0.16666666666666669,0.16666666666666669,0.16666666666666669,0.16666666666666669,0.16666666666666669,0.16666666666666669
99,99.0,98.96274672736057,0.16666666666666669,0.16666666666666669,0.16666666666666669,0.16666666666666669,0.16666666666666669,0.16666666666666669
100,100.0,99.97850370202192,0.16666666666666669,0.16666666666666669,0.16666666666666669,0.16666666666666669,0.16666666666666669,0.16666666666666669
101,101.0,100.99389994219692,0.16666666666666669,0.16666666666666669,0.16666666666666669,0.16666666666666669,0.16666666666666669,0.16666666666666669
102,102.0,102.00881755893244,0.16666666666666669,0.16666666666666669,0.16666666666666669,0.16666666666666669,0.16666666666666669,0.16666666666666669
103,103.0,103.02315523840508,0.16666666666666669,0.16666666666666669,0.16666666666666669,0.16666666666666669,0.16666666666666669,0.16666666666666669
104,104.0,104.0368275975464,0.16666666666666669,0.16666666666666669,0.16666666666666669,0.16666666666666669,0.16666666666666669,0.16666666666666669
105,105.0,105.04976444479814,0.16666666666666669,0.16666666666666669,0.16666666666666669,0.16666666666666669,0.16666666666666669,0.16666666666666669
106,106.0,106.06190996287671,0.16666666666666669,0.16666666666666669,0.16666666666666669,0.16666666666666669,0.16666666666666669,0.16666666666666669
107,107.0,107.07322182951867,0.16666666666666669,0.16666666666666669,0.16666666666666669,0.16666666666666669,0.16666666666666669,0.16666666666666669
108,108.0,108.08367029120124,0.16666666666666669,0.16666666666666669,0.16666666666666669,0.16666666666666669,0.16666666666666669,0.16666666666666669
109,109.0,109.09323720380354,0.16666666666666669,0.16666666666666669,0.16666666666666669,0.16666666666666669,0.16666666666666669,0.16666666666666669
110,110.0,110.10191505310759,0.16666666666666669,0.16666666666666669,0.16666666666666669,0.16666666666666669,0.16666666666666669,0.16666666666666669
111,111.0,111.10970596695014,0.16666666666666669,0.16666666666666669,0.16666666666666669,0.16666666666666669,0.16666666666666669,0.16666666666666669
112,112.0,112.11662072973894,0.16666666666666669,0.16666666666666669,0.16666666666666669,0.16666666666666669,0.16666666666666669,0.16666666666666669
113,113.0,113.12267780895148,0.16666666666666669,0.16666666666666669,0.16666666666666669,0.16666666666666669,0.16666666666666669,0.16666666666666669
114,114.0,114.12790240215324,0.16666666666666669,0.16666666666666669,0.16666666666666669,0.16666666666666669,0.16666666666666669,0.16666666666666669
115,115.0,115.13232551201331,0.16666666666666669,0.16666666666666669,0.16666666666666669,0.16666666666666669,0.16666666666666669,0.16666666666666669
116,116.0,116.13598305576723,0.16666666666666669,0.16666666666666669,0.16666666666666669,0.16666666666666669,0.16666666666666669,0.16666666666666669
117,117.0,117.13891501458806,0.16666666666666669,0.16666666666666669,0.16666666666666669,0.16666666666666669,0.16666666666666669,0.16666666666666669
118,118.0,118.14116462738096,0.16666666666666669,0.16666666666666669,0.16666666666666669,0.16666666666666669,0.16666666666666669,0.16666666666666669
119,119.0,119.14277763262074,0.16666666666666669,0.16666666666666669,0.16666666666666669,0.16666666666666669,0.16666666666666669,0.16666666666666669
120,120.0,120.14380156101033,0.16666666666666669,0.16666666666666669,0.16666666666666669,0.16666666666666669,0.16666666666666669,0.16666666666666669
121,121.0,121.14428508095088,0.16666666666666669,0.16666666666666669,0.16666666666666669,0.16666666666666669,0.16666666666666669,0.16666666666666669
122,122.0,122.14427739808787,0.16666666666666669,0.16666666666666669,0.16666666666666669,0.16666666666666669,0.16666666666666669,0.16666666666666669
123,123.0,123.14382770953027,0.16666666666666669,0.16666666666666669,0.16666666666666669,0.16666666666666669,0.16666666666666669,0.16666666666666669
124,124.0,124.14298471273312,0.16666666666666669,0.16666666666666669,0.16666666666666669,0.16666666666666669,0.16666666666666669,0.16666666666666669
125,125.0,125.14179616848837,0.16666666666666669,0.16666666666666669,0.16666666666666669,0.16666666666666669,0.16666666666666669,0.16666666666666669
126,126.0,126.1403085169832,0.16666666666666669,0.16666666666666669,0.16666666666666669,0.16666666666666669,0.16666666666666669,0.16666666666666669
127,127.0,127.1385665454587,0.16666666666666669,0.16666666666666669,0.16666666666666669,0.16666666666666669,0.16666666666666669,0.16666666666666669
128,128.0,128.13661310563208,0.16666666666666669,0.16666666666666669,0.16666666666666669,0.16666666666666669,0.16666666666666669,0.16666666666666669
129,129.0,129.13448887873182,0.16666666666666669,0.16666666666666669,0.16666666666666669,0.16666666666666669,0.16666666666666669,0.16666666666666669
130,130.0,130.13223218573424,0.16666666666666669,0.16666666666666669,0.16666666666666669,0.16666666666666669,0.16666666666666669,0.16666666666666669
131,131.0,131.12987884017906,0.16666666666666669,0.16666666666666669,0.16666666666666669,0.16666666666666669,0.16666666666666669,0.16666666666666669
132,132.0,132.12746204077763,0.16666666666666669,0.16666666666666669,0.16666666666666669,0.16666666666666669,0.16666666666666669,0.16666666666666669
133,133.0,133.12501230090857,0.16666666666666669,0.16666666666666669,0.16666666666666669,0.16666666666666669,0.16666666666666669,0.16666666666666669
134,134.0,134.12255741201733,0.16666666666666669,0.16666666666666669,0.16666666666666669,0.16666666666666669,0.16666666666666669,0.16666666666666669
135,135.0,135.12012243789505,0.16666666666666669,0.16666666666666669,0.16666666666666669,0.16666666666666669,0.16666666666666669,0.16666666666666669
136,136.0,136.11772973680604,0.16666666666666669,0.16666666666666669,0.16666666666666669,0.16666666666666669,0.16666666666666669,0.16666666666666669
137,137.0,137.11539900845787,0.16666666666666669,0.16666666666666669,0.16666666666666669,0.16666666666666669,0.16666666666666669,0.16666666666666669
138,138.0,138.11314736285993,0.16666666666666669,0.16666666666666669,0.16666666666666669,0.16666666666666669,0.16666666666666669,0.16666666666666669
139,139.0,139.1109894081932,0.16666666666666669,0.16666666666666669,0.16666666666666669,0.16666666666666669,0.16666666666666669,0.16666666666666669
140,140.0,140.1089373549112,0.16666666666666669,0.16666666666666669,0.16666666666666669,0.16666666666666669,0.16666666666666669,0.16666666666666669
141,141.0,141.1070011334083,0.16666666666666669,0.16666666666666669,0.16666666666666669,0.16666666666666669,0.16666666666666669,0.16666666666666669
142,142.0,142.1051885227216,0.16666666666666669,0.16666666666666669,0.16666666666666669,0.16666666666666669,0.16666666666666669,0.16666666666666669
143,143.0,143.10350528787635,0.16666666666666669,0.16666666666666669,0.16666666666666669,0.16666666666666669,0.16666666666666669,0.16666666666666669
144,144.0,144.10195532363687,0.16666666666666669,0.16666666666666669,0.16666666666666669,0.16666666666666669,0.16666666666666669,0.16666666666666669
145,145.0,145.10054080258496,0.16666666666666669,0.16666666666666669,0.16666666666666669,0.16666666666666669,0.16666666666666669,0.16666666666666669
146,146.0,146.09926232561241,0.16666666666666669,0.16666666666666669,0.16666666666666669,0.16666666666666669,0.16666666666666669,0.16666666666666669
147,147.0,147.098119073081,0.16666666666666669,0.16666666666666669,0.16666666666666669,0.16666666666666669,0.16666666666666669,0.16666666666666669
148,148.0,148.09710895507192,0.16666666666666669,0.16666666666666669,0.16666666666666669,0.16666666666666669,0.16666666666666669,0.16666666666666669
149,149.0,149.09622875931302,0.16666666666666669,0.16666666666666669,0.16666666666666669,0.16666666666666669,0.16666666666666669,0.16666666666666669
150,150.0,150.09547429553686,0.16666666666666669,0.16666666666666669,0.16666666666666669,0.16666666666666669,0.16666666666666669,0.16666666666666669
151,151.0,151.09484053518298,0.16666666666666669,0.16666666666666669,0.16666666666666669,0.16666666666666669,0.16666666666666669,0.16666666666666669
152,152.0,152.09432174551264,0.16666666666666669,0.16666666666666669,0.16666666666666669,0.16666666666666669,0.16666666666666669,0.16666666666666669
153,153.0,153.09391161735422,0.16666666666666669,0.16666666666666669,0.16666666666666669,0.16666666666666669,0.16666666666666669,0.16666666666666669
154,154.0,154.0936033858381,0.16666666666666669,0.16666666666666669,0.16666666666666669,0.16666666666666669,0.16666666666666669,0.16666666666666669
155,155.0,155.0933899436152,0.16666666666666669,0.16666666666666669,0.16666666666666669,0.16666666666666669,0.16666666666666669,0.16666666666666669
156,156.0,156.0932639461784,0.16666666666666669,0.16666666666666669,0.16666666666666669,0.16666666666666669,0.16666666666666669,0.16666666666666669
157,157.0,157.09321790902356,0.16666666666666669,0.16666666666666669,0.16666666666666669,0.16666666666666669,0.16666666666666669,0.16666666666666669
158,158.0,158.09324429649396,0.16666666666666669,0.16666666666666669,0.16666666666666669,0.16666666666666669,0.16666666666666669,0.16666666666666669
159,159.0,159.09333560225238,0.16666666666666669,0.16666666666666669,0.16666666666666669,0.16666666666666669,0.16666666666666669,0.16666666666666669
160,160.0,160.09348442141243,0.16666666666666669,0.16666666666666669,0.16666666666666669,0.16666666666666669,0.16666666666666669,0.16666666666666669
161,161.0,161.09368351444232,0.16666666666666669,0.16666666666666669,0.16666666666666669,0.16666666666666669,0.16666666666666669,0.16666666666666669
162,162.0,162.09392586302482,0.16666666666666669,0.16666666666666669,0.16666666666666669,0.16666666666666669,0.16666666666666669,0.16666666666666669
163,163.0,163.09420471811882,0.16666666666666669,0.16666666666666669,0.16666666666666669,0.16666666666666669,0.16666666666666669,0.16666666666666669
164,164.0,164.09451364052222,0.16666666666666669,0.16666666666666669,0.16666666666666669,0.16666666666666669,0.16666666666666669,0.16666666666666669
165,165.0,165.09484653428007,0.16666666666666669,0.16666666666666669,0.16666666666666669,0.16666666666666669,0.16666666666666669,0.16666666666666669
166,166.0,166.09519767331932,0.16666666666666669,0.16666666666666669,0.16666666666666669,0.16666666666666669,0.16666666666666669,0.16666666666666669
167,167.0,167.09556172172148,0.16666666666666669,0.16666666666666669,0.16666666666666669,0.16666666666666669,0.16666666666666669,0.16666666666666669
168,168.0,168.09593374806622,0.16666666666666669,0.16666666666666669,0.16666666666666669,0.16666666666666669,0.16666666666666669,0.16666666666666669
169,169.0,169.0963092342958,0.16666666666666669,0.16666666666666669,0.16666666666666669,0.16666666666666669,0.16666666666666669,0.16666666666666669
170,170.0,170.09668407955945,0.16666666666666669,0.16666666666666669,0.16666666666666669,0.16666666666666669,0.16666666666666669,0.16666666666666669
171,171.0,171.09705459950118,0.16666666666666669,0.16666666666666669,0.16666666666666669,0.16666666666666669,0.16666666666666669,0.16666666666666669
172,172.0,172.0974175214537,0.16666666666666669,0.16666666666666669,0.16666666666666669,0.16666666666666669,0.16666666666666669,0.16666666666666669
173,173.0,173.09776997599644,0.16666666666666669,0.16666666666666669,0.16666666666666669,0.16666666666666669,0.16666666666666669,0.16666666666666669
174,174.0,174.09810948532493,0.16666666666666669,0.16666666666666669,0.16666666666666669,0.16666666666666669,0.16666666666666669,0.16666666666666669
175,175.0,175.09843394886732,0.16666666666666669,0.16666666666666669,0.16666666666666669,0.16666666666666669,0.16666666666666669,0.16666666666666669
176,176.0,176.09874162656683,0.16666666666666669,0.16666666666666669,0.16666666666666669,0.16666666666666669,0.16666666666666669,0.16666666666666669
177,177.0,177.0990311202307,0.16666666666666669,0.16666666666666669,0.16666666666666669,0.16666666666666669,0.16666666666666669,0.16666666666666669
178,178.0,178.0993013533259,0.16666666666666669,0.16666666666666669,0.16666666666666669,0.16666666666666669,0.16666666666666669,0.16666666666666669
179,179.0,179.09955154957828,0.16666666666666669,0.16666666666666669,0.16666666666666669,0.16666666666666669,0.16666666666666669,0.16666666666666669
180,180.0,180.09978121070964,0.16666666666666669,0.16666666666666669,0.16666666666666669,0.16666666666666669,0.16666666666666669,0.16666666666666669
181,181.0,181.09999009362076,0.16666666666666669,0.16666666666666669,0.16666666666666669,0.16666666666666669,0.16666666666666669,0.16666666666666669
182,182.0,182.10017818730458,0.16666666666666669,0.16666666666666669,0.16666666666666669,0.16666666666666669,0.16666666666666669,0.16666666666666669
183,183.0,183.10034568974697,0.16666666666666669,0.16666666666666669,0.16666666666666669,0.16666666666666669,0.16666666666666669,0.16666666666666669
184,184.0,184.10049298504765,0.16666666666666669,0.16666666666666669,0.16666666666666669,0.16666666666666669,0.16666666666666669,0.16666666666666669
185,185.0,185.1006206209678,0.16666666666666669,0.16666666666666669,0.16666666666666669,0.16666666666666669,0.16666666666666669,0.16666666666666669
186,186.0,186.10072928708627,0.16666666666666669,0.16666666666666669,0.16666666666666669,0.16666666666666669,0.16666666666666669,0.16666666666666669
187,187.0,187.10081979372202,0.16666666666666669,0.16666666666666669,0.16666666666666669,0.16666666666666669,0.16666666666666669,0.16666666666666669
188,188.0,188.100893051757,0.16666666666666669,0.16666666666666669,0.16666666666666669,0.16666666666666669,0.16666666666666669,0.16666666666666669
189,189.0,189.10095005347088,0.16666666666666669,0.16666666666666669,0.16666666666666669,0.16666666666666669,0.16666666666666669,0.16666666666666669
190,190.0,190.10099185447865,0.16666666666666669,0.16666666666666669,0.16666666666666669,0.16666666666666669,0.16666666666666669,0.16666666666666669
191,191.0,191.10101955684087,0.16666666666666669,0.16666666666666669,0.16666666666666669,0.16666666666666669,0.16666666666666669,0.16666666666666669
192,192.0,192.10103429339847,0.16666666666666669,0.16666666666666669,0.16666666666666669,0.16666666666666669,0.16666666666666669,0.16666666666666669
193,193.0,193.10103721336634,0.16666666666666669,0.16666666666666669,0.16666666666666669,0.16666666666666669,0.16666666666666669,0.16666666666666669
194,194.0,194.10102946920375,0.16666666666666669,0.16666666666666669,0.16666666666666669,0.16666666666666669,0.16666666666666669,0.16666666666666669
195,195.0,195.10101220476537,0.16666666666666669,0.16666666666666669,0.16666666666666669,0.16666666666666669,0.16666666666666669,0.16666666666666669
196,196.0,196.10098654472318,0.16666666666666669,0.16666666666666669,0.16666666666666669,0.16666666666666669,0.16666666666666669,0.16666666666666669
197,197.0,197.100953585238,0.16666666666666669,0.16666666666666669,0.16666666666666669,0.16666666666666669,0.16666666666666669,0.16666666666666669
198,198.0,198.10091438584894,0.16666666666666669,0.16666666666666669,0.16666666666666669,0.16666666666666669,0.16666666666666669,0.16666666666666669
199,199.0,199.1008699625403,0.16642857142857145,0.16642857142857145,0.16785714285714287,0.16642857142857145,0.16642857142857145,0.16642857142857145
200,200.0,200.1008212819371,0.16571666666666673,0.16571666666666673,0.16998809523809527,0.16571666666666673,0.16571666666666673,0.16714523809523815
201,201.0,201.10076925657484,0.1650140238095239,0.1650140238095239,0.17208702380952384,0.1650140238095239,0.1650140238095239,0.16785688095238102
202,202.0,202.10071474118308,0.16396960023809534,0.16396960023809534,0.1748504273809524,0.16396960023809534,0.16396960023809534,0.16927117166666675
203,203.0,203.10065852991866,0.16257246270396836,0.16257246270396836,0.17716438314682542,0.1640010341325398,0.16368357381507948,0.17000608349761914
204,204.0,204.10060135448148,0.16307621905811914,0.16071510794700802,0.17843760109194445,0.16462939366129378,0.16292621905811916,0.170215459183516
205,205.0,205.10054388304323,0.16346828203071812,0.158769670919607,0.18045189900940994,0.16499306774500386,0.16205978203071814,0.17025729826454353
206,206.0,206.10048671991836,0.1635475669968611,0.1566671919968611,0.18269635925614588,0.165031554854004,0.16100661310797226,0.1710507137881562
207,207.0,207.10043040590682,0.16327587203884544,0.1544146021777343,0.18543410685534376,0.16552648376417015,0.1597661191888455,0.17158281597506142
208,208.0,208.10037541923737,0.16151525452290957,0.1575062566318742,0.18704828408061386,0.16445453373355678,0.15757625589398538,0.17189941513706086
209,209.0,209.10032217704247,0.15978903106182302,0.16065181438741266,0.18852828801527807,0.1633944757929116,0.15545385879391385,0.17218253194866145
210,210.0,210.10027103729664,0.15720193357562082,0.16381442953665448,0.19078182685814127,0.16235572131264425,0.15341340524015276,0.17243268347678709
211,211.0,211.10022230115243,0.1546841022598584,0.1677941035220702,0.1928908299117731,0.16051319415818627,0.15146710541360867,0.172650664734504
212,212.0,212.10017621561113,0.1512815665884272,0.17185822260907715,0.19637643850233813,0.1577434746462791,0.14976389582871422,0.1729764018251648
213,213.0,213.10013297646782,0.14777717588896191,0.1747847212986664,0.2009158834649849,0.15482733274314028,0.1479568530925069,0.1737380335117402
214,214.0,214.10009273147418,0.14428113626123729,0.17747307333366052,0.20615354988304194,0.15180944623279846,0.14613940763745675,0.17414338665180562
215,215.0,215.10005558366515,0.1407219563887399,0.1798145932535524,0.21248433296388167,0.14862729908820804,0.14422515758438204,0.17412666072123656
216,216.0,216.1000215948004,0.1372928241459541,0.18197183112193543,0.2189242578990621,0.14552987144497231,0.14239420794489793,0.1738870074431787
217,217.0,217.09999078887412,0.1337288789061893,0.18365549557912952,0.22527160432739046,0.14368208987181247,0.14037039098789306,0.17329154032758573
218,218.0,218.0999631556517,0.13033367865097836,0.18515054455111882,0.23161068477379676,0.14194619052117546,0.1384476688441268,0.17251123265880436
219,219.0,219.09993865419503,0.12707741713091658,0.18784257677177396,0.23815876696478228,0.1388052699346235,0.1365882755002115,0.17152769369769277
220,220.0,220.09991721634205,0.12380179063204075,0.1899437154240871,0.24464048764440874,0.1355411717478694,0.1358774995539523,0.17019533499764225
221,221.0,221.09989875011098,0.12073235326175882,0.1918436141086215,0.2509186741603771,0.1323904513414564,0.13527344836958405,0.16884145875820264
222,222.0,222.0998831430019,0.11785034921156438,0.1935145665659598,0.25718236521215637,0.1293448553687967,0.13474265871341143,0.1673652049281118
223,223.0,223.0998702651737,0.11530491607746354,0.19510181878176114,0.26298191454331876,0.1265635602323785,0.13331106210557844,0.16673672825950012
224,224.0,224.0998599724766,0.11296272578590474,0.196472742944738,0.26820555286268954,0.12392282348665859,0.1319579298940462,0.16647822502596343
225,225.0,225.09985210932442,0.11082653419204969,0.19763492085504336,0.27331146013318464,0.12143452958324148,0.13068860519780032,0.16610395003868098
226,226.0,226.09984651139422,0.10889660456548084,0.19859710658225566,0.2782644064758254,0.11910760195012889,0.12950690173568888,0.16562737869062083
227,227.0,227.0998430081431,0.10717099829860183,0.19936906578027852,0.2830350992314333,0.11694827920311876,0.1284152627117861,0.16506129477478193
228,228.0,228.09984142513565,0.10604584741850769,0.19996140981044602,0.28719962336606986,0.11496037300070205,0.12741490637290542,0.1644178400313694
229,229.0,229.0998415861776,0.10502046876995351,0.20030967223925922,0.2907037874316707,0.11390308725495357,0.12643020350395065,0.16363278080021282
230,230.0,230.0998433152536,0.10409803583416775,0.2004380743808612,0.2943789729998705,0.11288274137647256,0.12547273156491454,0.16272944384371393
231,231.0,231.09984643826942,0.10333395781571086,0.20042420468944347,0.2978320342454356,0.11202002473149698,0.12460622862908201,0.16178354988883153
232,232.0,232.09985078460102,0.10271881198456516,0.200281611535784,0.3010576070813348,0.11130657705328084,0.12382944531605283,0.16080594702898282
233,233.0,233.09985618845343,0.10217049786768811,0.20015783056106223,0.3041594659057819,0.11060630215436247,0.1231713220765905,0.15973458143451527
234,234.0,234.09986249003606,0.10170388462397603,0.19988312839656258,0.3063159576176004,0.10994278354834182,0.12255026768031851,0.15960397813320115
235,235.0,235.09986953656005,0.10135711112920794,0.19951739023937268,0.3078348776954631,0.10940347613072549,0.12201083184334544,0.1598763129618858
236,236.0,236.09987718306604,0.1011204636849816,0.19907257672820244,0.3088621474996147,0.10928317859194206,0.12154944672598013,0.16011218676927946
237,237.0,237.0998852930908,0.10105903324349477,0.19862625788909857,0.30920917280024507,0.10939037163056996,0.12122813546297238,0.16048702897361963
238,238.0,238.0998937391822,0.10103814120949951,0.19807418889982809,0.3087874106467499,0.10948351717164705,0.12092724523809917,0.16168949683417666
239,239.0,239.0999024032726,0.10109564593480462,0.19747455070848852,0.30797319072667767,0.10964725899589399,0.12068982809298394,0.16311952554115164
240,240.0,240.09991117692124,0.10122200375980393,0.1968373411635036,0.3068171605014992,0.10987138914935808,0.12051115543740543,0.16474094998843014
241,241.0,241.09991996143583,0.10136629634615565,0.19613028469592994,0.3059640216088196,0.11006281789806747,0.12034473474920801,0.16613184470181971
242,242.0,242.0999286678846,0.10152494669806068,0.19536745158767846,0.3051241422604355,0.1102229311449632,0.12019102006351184,0.1675695082453507
243,243.0,243.09993721700963,0.10173408452680249,0.19460154632560386,0.303956556079715,0.11068866654757667,0.12008977641862817,0.1689293701016742
244,244.0,244.09994553905204,0.10199871545539786,0.1938466080522031,0.30239333407827074,0.1112061810545286,0.12031311229168877,0.17024204906791138
245,245.0,245.0999535734997,0.10229071097622153,0.19309556681939916,0.30064555162196377,0.111731666090018,0.12056245812144825,0.17167404637094974
246,246.0,246.09996126876763,0.10261015915240976,0.19236161614323405,0.29949527347916616,0.11168265174205963,0.12084519339969292,0.173005106083438
247,247.0,247.0999685818211,0.1029178017059999,0.19161738734019235,0.2996096553157527,0.1116128519304683,0.12112215269417863,0.1731201510134086
248,248.0,248.09997547775097,0.1030656570096762,0.1907255753646766,0.30088654443821616,0.11137189917963283,0.12123862122569423,0.1727117027821044
249,249.0,249.09998192931036,0.1030811726952501,0.18997310613710403,0.30187253957004934,0.11099162636536872,0.12222239548671998,0.17185915974550822
250,250.0,250.0999879164207,0.10308248421713306,0.18923392035842754,0.303036088997414,0.11060030046837303,0.12318802667593529,0.17085917928271746
251,251.0,251.09999342565578,0.10307987333534979,0.1885184105458733,0.3038311351298167,0.11021635996930879,0.12413200179295805,0.17022221922669378
252,252.0,252.09999844971082,0.10305771667599103,0.18781405583475969,0.3042243302267874,0.10981593553142979,0.12502973832764241,0.17005822340338997
253,253.0,253.10000298686325,0.10293188467498461,0.18704624387932262,0.3054221921522719,0.10932358436863697,0.12570543329923506,0.1695706616255491
254,254.0,254.1000070404318,0.1035524951832536,0.18623442699886622,0.30646382607651,0.10875831151656198,0.1261860229957073,0.16880491722910113
255,255.0,255.10001061823917,0.1040219580404944,0.1853829417525552,0.3068425494910614,0.1081243550925557,0.1264821091995439,0.16914608642378967
256,256.0,256.1000137320834,0.10436050530508767,0.18451681608141818,0.30764984457436684,0.10744695906594974,0.12662447490269735,0.1694014000704804
257,257.0,257.1000163972224,0.10458060286842885,0.1843140183535006,0.3083433440868607,0.10673792156097553,0.12663007640222076,0.16939403672801376
258,258.0,258.1000186318753,0.10469338251375918,0.1840691157249522,0.3093741036062582,0.10600755308577847,0.1265142632195315,0.16934158184972067
259,259.0,259.1000204567442,0.10478256816366263,0.18386312242122396,0.31050765650694945,0.10530167556750272,0.1263646896637802,0.16918028767688123
260,260.0,260.1000218945587,0.10487783029153284,0.18374095384931183,0.31107337287867126,0.10467118817652823,0.1262329739142712,0.16940368088968483
261,261.0,261.1000229696462,0.10504401374658635,0.18374559317284062,0.3123555131276995,0.10430470754171561,0.12550212463229607,0.16904804777886204
262,262.0,262.10002370752846,0.1052034251676149,0.18379234351206128,0.3135567346759344,0.10398745233925133,0.12476739396695145,0.16869265033818678
263,263.0,263.1000241345472,0.1052678092606319,0.18353277762242334,0.3143742675414749,0.10376008821265832,0.1239975932850422,0.16906746407776949
264,264.0,264.1000242775186,0.10523785890578442,0.18322597275800118,0.31561130369971796,0.10351097774375322,0.1231854525296286,0.16922843436311474
265,265.0,265.10002416341774,0.10511969476588787,0.182876319333556,0.3168987071492851,0.10325270088403443,0.12234558996201567,0.16950698790522112
266,266.0,266.1000238190927,0.10492285623273839,0.1824913403657424,0.3182123742773976,0.10298791615993319,0.12148874601688335,0.16989676694730524
267,267.0,267.10002327100926,0.10465638931303259,0.18207782832524594,0.3198260701926578,0.10271893244253782,0.12062459739810542,0.17009618232842058
268,268.0,268.1000225450241,0.1043288992813959,0.1816419442243579,0.32170287324960534,0.10244776773056237,0.11976181395713553,0.17011670155694314
269,269.0,269.1000216661872,0.10394216697465658,0.18118287760300095,0.32391652652314595,0.10215696146574353,0.11889528669728336,0.16990618073616984
270,270.0,270.10002065857213,0.10351045369654747,0.1811469748285418,0.32588859723940916,0.10186749131982133,0.11804476167058477,0.16954172124509562
