,Unnamed: 0,Total_iterations,Add_vertex,Delete_vertex,Insert_inside_vertex,Delete_inside_vertex
0,0.0,0.0,0.25,0.25,0.25,0.25
1,1.0,1.0,0.25,0.25,0.25,0.25
2,2.0,2.0,0.25,0.25,0.25,0.25
3,3.0,3.0,0.25,0.25,0.25,0.25
4,4.0,4.0,0.25,0.25,0.25,0.25
5,5.0,5.0,0.25,0.25,0.25,0.25
6,6.0,6.0,0.25,0.25,0.25,0.25
7,7.0,7.0,0.25,0.25,0.25,0.25
8,8.0,8.0,0.25,0.25,0.25,0.25
9,9.0,9.0,0.25,0.25,0.25,0.25
10,10.0,10.0,0.25,0.25,0.25,0.25
11,11.0,11.0,0.25,0.25,0.25,0.25
12,12.0,12.0,0.25,0.25,0.25,0.25
13,13.0,13.0,0.25,0.25,0.25,0.25
14,14.0,14.0,0.25,0.25,0.25,0.25
15,15.0,15.0,0.25,0.25,0.25,0.25
16,16.0,16.0,0.25,0.25,0.25,0.25
17,17.0,17.0,0.25,0.25,0.25,0.25
18,18.0,18.0,0.25,0.25,0.25,0.25
19,19.0,19.0,0.25,0.25,0.25,0.25
20,20.0,20.0,0.25,0.25,0.25,0.25
21,21.0,21.0,0.25,0.25,0.25,0.25
22,22.0,22.0,0.25,0.25,0.25,0.25
23,23.0,23.0,0.25,0.25,0.25,0.25
24,24.0,24.0,0.25,0.25,0.25,0.25
25,25.0,25.0,0.25,0.25,0.25,0.25
26,26.0,26.0,0.25,0.25,0.25,0.25
27,27.0,27.0,0.25,0.25,0.25,0.25
28,28.0,28.0,0.25,0.25,0.25,0.25
29,29.0,29.0,0.25,0.25,0.25,0.25
30,30.0,30.0,0.25,0.25,0.25,0.25
31,31.0,31.0,0.25,0.25,0.25,0.25
32,32.0,32.0,0.25,0.25,0.25,0.25
33,33.0,33.0,0.25,0.25,0.25,0.25
34,34.0,34.0,0.25,0.25,0.25,0.25
35,35.0,35.0,0.25,0.25,0.25,0.25
36,36.0,36.0,0.25,0.25,0.25,0.25
37,37.0,37.0,0.25,0.25,0.25,0.25
38,38.0,38.0,0.25,0.25,0.25,0.25
39,39.0,39.0,0.25,0.25,0.25,0.25
40,40.0,40.0,0.25,0.25,0.25,0.25
41,41.0,41.0,0.25,0.25,0.25,0.25
42,42.0,42.0,0.25,0.25,0.25,0.25
43,43.0,43.0,0.25,0.25,0.25,0.25
44,44.0,44.0,0.25,0.25,0.25,0.25
45,45.0,45.0,0.25,0.25,0.25,0.25
46,46.0,46.0,0.25,0.25,0.25,0.25
47,47.0,47.0,0.25,0.25,0.25,0.25
48,48.0,48.0,0.25,0.25,0.25,0.25
49,49.0,49.0,0.25,0.25,0.25,0.25
50,50.0,50.0,0.25,0.25,0.25,0.25
51,51.0,51.0,0.25,0.25,0.25,0.25
52,52.0,52.0,0.25,0.25,0.25,0.25
53,53.0,53.0,0.25,0.25,0.25,0.25
54,54.0,54.0,0.25,0.25,0.25,0.25
55,55.0,55.0,0.25,0.25,0.25,0.25
56,56.0,56.0,0.25,0.25,0.25,0.25
57,57.0,57.0,0.25,0.25,0.25,0.25
58,58.0,58.0,0.25,0.25,0.25,0.25
59,59.0,59.0,0.25,0.25,0.25,0.25
60,60.0,60.0,0.25,0.25,0.25,0.25
61,61.0,61.0,0.25,0.25,0.25,0.25
62,62.0,62.0,0.25,0.25,0.25,0.25
63,63.0,63.0,0.25,0.25,0.25,0.25
64,64.0,64.0,0.25,0.25,0.25,0.25
65,65.0,65.0,0.25,0.25,0.25,0.25
66,66.0,66.0,0.25,0.25,0.25,0.25
67,67.0,67.0,0.25,0.25,0.25,0.25
68,68.0,68.0,0.25,0.25,0.25,0.25
69,69.0,69.0,0.25,0.25,0.25,0.25
70,70.0,70.0,0.25,0.25,0.25,0.25
71,71.0,71.0,0.25,0.25,0.25,0.25
72,72.0,72.0,0.25,0.25,0.25,0.25
73,73.0,73.0,0.25,0.25,0.25,0.25
74,74.0,74.0,0.25,0.25,0.25,0.25
75,75.0,75.0,0.25,0.25,0.25,0.25
76,76.0,76.0,0.25,0.25,0.25,0.25
77,77.0,77.0,0.25,0.25,0.25,0.25
78,78.0,78.0,0.25,0.25,0.25,0.25
79,79.0,79.0,0.25,0.25,0.25,0.25
80,80.0,80.0,0.25,0.25,0.25,0.25
81,81.0,81.1,0.25,0.25,0.25,0.25
82,82.0,82.1,0.25,0.25,0.25,0.25
83,83.0,83.1,0.25,0.25,0.25,0.25
84,84.0,84.1,0.25,0.25,0.25,0.25
85,85.0,85.1,0.25,0.25,0.25,0.25
86,86.0,86.2,0.25,0.25,0.25,0.25
87,87.0,87.2,0.25,0.25,0.25,0.25
88,88.0,88.2,0.25,0.25,0.25,0.25
89,89.0,89.2,0.25,0.25,0.25,0.25
90,90.0,90.2,0.25,0.25,0.25,0.25
91,91.0,91.2,0.25,0.25,0.25,0.25
92,92.0,92.2,0.25,0.25,0.25,0.25
93,93.0,93.2,0.25,0.25,0.25,0.25
94,94.0,94.2,0.25,0.25,0.25,0.25
95,95.0,95.2,0.25,0.25,0.25,0.25
96,96.0,96.2,0.25,0.25,0.25,0.25
97,97.0,97.2,0.25,0.25,0.25,0.25
98,98.0,98.2,0.25,0.25,0.25,0.25
99,99.0,99.2,0.25,0.25,0.25,0.25
100,100.0,100.2,0.25,0.25,0.25,0.25
101,101.0,101.2,0.25,0.25,0.25,0.25
102,102.0,102.2,0.25,0.25,0.25,0.25
103,103.0,103.2,0.25,0.25,0.25,0.25
104,104.0,104.2,0.25,0.25,0.25,0.25
105,105.0,105.2,0.25,0.25,0.25,0.25
106,106.0,106.2,0.25,0.25,0.25,0.25
107,107.0,107.2,0.25,0.25,0.25,0.25
108,108.0,108.2,0.25,0.25,0.25,0.25
109,109.0,109.2,0.25,0.25,0.25,0.25
110,110.0,110.2,0.25,0.25,0.25,0.25
111,111.0,111.2,0.25,0.25,0.25,0.25
112,112.0,112.2,0.25,0.25,0.25,0.25
113,113.0,113.2,0.25,0.25,0.25,0.25
114,114.0,114.2,0.25,0.25,0.25,0.25
115,115.0,115.2,0.25,0.25,0.25,0.25
116,116.0,116.2,0.25,0.25,0.25,0.25
117,117.0,117.2,0.25,0.25,0.25,0.25
118,118.0,118.2,0.25,0.25,0.25,0.25
119,119.0,119.2,0.25,0.25,0.25,0.25
120,120.0,120.2,0.25,0.25,0.25,0.25
121,121.0,121.2,0.25,0.25,0.25,0.25
122,122.0,122.2,0.25,0.25,0.25,0.25
123,123.0,123.2,0.25,0.25,0.25,0.25
124,124.0,124.2,0.25,0.25,0.25,0.25
125,125.0,125.2,0.25,0.25,0.25,0.25
126,126.0,126.2,0.25,0.25,0.25,0.25
127,127.0,127.2,0.25,0.25,0.25,0.25
128,128.0,128.2,0.25,0.25,0.25,0.25
129,129.0,129.2,0.25,0.25,0.25,0.25
130,130.0,130.2,0.25,0.25,0.25,0.25
131,131.0,131.2,0.25,0.25,0.25,0.25
132,132.0,132.2,0.25,0.25,0.25,0.25
133,133.0,133.2,0.25,0.25,0.25,0.25
134,134.0,134.2,0.25,0.25,0.25,0.25
135,135.0,135.2,0.25,0.25,0.25,0.25
136,136.0,136.2,0.25,0.25,0.25,0.25
137,137.0,137.2,0.25,0.25,0.25,0.25
138,138.0,138.2,0.25,0.25,0.25,0.25
139,139.0,139.2,0.25,0.25,0.25,0.25
140,140.0,140.2,0.25,0.25,0.25,0.25
141,141.0,141.2,0.25,0.25,0.25,0.25
142,142.0,142.2,0.25,0.25,0.25,0.25
143,143.0,143.2,0.25,0.25,0.25,0.25
144,144.0,144.2,0.25,0.25,0.25,0.25
145,145.0,145.2,0.25,0.25,0.25,0.25
146,146.0,146.2,0.25,0.25,0.25,0.25
147,147.0,147.2,0.25,0.25,0.25,0.25
148,148.0,148.2,0.25,0.25,0.25,0.25
149,149.0,149.2,0.25,0.25,0.25,0.25
150,150.0,150.2,0.25,0.25,0.25,0.25
151,151.0,151.2,0.25,0.25,0.25,0.25
152,152.0,152.2,0.25,0.25,0.25,0.25
153,153.0,153.2,0.25,0.25,0.25,0.25
154,154.0,154.2,0.25,0.25,0.25,0.25
155,155.0,155.2,0.25,0.25,0.25,0.25
156,156.0,156.2,0.25,0.25,0.25,0.25
157,157.0,157.2,0.25,0.25,0.25,0.25
158,158.0,158.2,0.25,0.25,0.25,0.25
159,159.0,159.2,0.25,0.25,0.25,0.25
160,160.0,160.2,0.25,0.25,0.25,0.25
161,161.0,161.2,0.25,0.25,0.25,0.25
162,162.0,162.2,0.25,0.25,0.25,0.25
163,163.0,163.2,0.25,0.25,0.25,0.25
164,164.0,164.2,0.25,0.25,0.25,0.25
165,165.0,165.2,0.25,0.25,0.25,0.25
166,166.0,166.2,0.25,0.25,0.25,0.25
167,167.0,167.2,0.25,0.25,0.25,0.25
168,168.0,168.2,0.25,0.25,0.25,0.25
169,169.0,169.2,0.25,0.25,0.25,0.25
170,170.0,170.2,0.25,0.25,0.25,0.25
171,171.0,171.2,0.25,0.25,0.25,0.25
172,172.0,172.2,0.25,0.25,0.25,0.25
173,173.0,173.2,0.25,0.25,0.25,0.25
174,174.0,174.2,0.25,0.25,0.25,0.25
175,175.0,175.2,0.25,0.25,0.25,0.25
176,176.0,176.2,0.25,0.25,0.25,0.25
177,177.0,177.2,0.25,0.25,0.25,0.25
178,178.0,178.2,0.25,0.25,0.25,0.25
179,179.0,179.2,0.25,0.25,0.25,0.25
180,180.0,180.2,0.25,0.25,0.25,0.25
181,181.0,181.2,0.25,0.25,0.25,0.25
182,182.0,182.3,0.25,0.25,0.25,0.25
183,183.0,183.3,0.25,0.25,0.25,0.25
184,184.0,184.3,0.25,0.25,0.25,0.25
185,185.0,185.3,0.25,0.25,0.25,0.25
186,186.0,186.3,0.25,0.25,0.25,0.25
187,187.0,187.3,0.25,0.25,0.25,0.25
188,188.0,188.3,0.25,0.25,0.25,0.25
189,189.0,189.3,0.25,0.25,0.25,0.25
190,190.0,190.3,0.25,0.25,0.25,0.25
191,191.0,191.3,0.25,0.25,0.25,0.25
192,192.0,192.3,0.25,0.25,0.25,0.25
193,193.0,193.3,0.25,0.25,0.25,0.25
194,194.0,194.3,0.25,0.25,0.25,0.25
195,195.0,195.3,0.25,0.25,0.25,0.25
196,196.0,196.3,0.25,0.25,0.25,0.25
197,197.0,197.3,0.25,0.25,0.25,0.25
198,198.0,198.3,0.25,0.25,0.25,0.25
199,199.0,199.3,0.25,0.25,0.25,0.25
200,200.0,200.3,0.24000000000000005,0.27999999999999997,0.24000000000000005,0.24000000000000005
201,201.0,201.3,0.2316666666666667,0.2683333333333333,0.2316666666666667,0.26833333333333337
202,202.0,202.3,0.22833333333333336,0.265,0.22833333333333336,0.2783333333333334
203,203.0,203.3,0.22333333333333333,0.27999999999999997,0.22333333333333333,0.2733333333333334
204,204.0,204.3,0.23666666666666666,0.2733333333333333,0.22000000000000003,0.27
205,205.0,205.3,0.23523809523809525,0.27190476190476187,0.22095238095238096,0.2719047619047619
206,206.0,206.3,0.24500000000000002,0.265,0.21583333333333338,0.2741666666666667
207,207.0,207.3,0.23888888888888887,0.2833333333333333,0.2111111111111111,0.26666666666666666
208,208.0,208.3,0.22928571428571426,0.2988095238095238,0.20261904761904764,0.26928571428571424
209,209.0,209.3,0.22568181818181818,0.30143939393939395,0.19992424242424242,0.27295454545454545
210,210.0,210.3,0.23381673881673878,0.28973304473304473,0.19615440115440114,0.2802958152958153
211,211.0,211.3,0.23048340548340546,0.28639971139971143,0.19282106782106784,0.29029581529581533
212,212.0,212.3,0.22810245310245308,0.28401875901875906,0.19044011544011544,0.2974386724386725
213,213.0,213.3,0.22047619047619044,0.3011904761904762,0.18357142857142858,0.2947619047619048
214,214.0,214.3,0.21316600066600064,0.29445138195138193,0.1769022644022644,0.315480352980353
215,215.0,215.3,0.19464285714285712,0.3148809523809524,0.1732142857142857,0.3172619047619047
216,216.0,216.3,0.18531135531135529,0.3078479853479853,0.16614468864468862,0.3406959706959707
217,217.0,217.3,0.17936507936507937,0.32123015873015875,0.16200396825396826,0.3374007936507937
218,218.0,218.3,0.18426470588235294,0.3304738562091503,0.15727124183006538,0.3279901960784314
219,219.0,219.3,0.18026515151515152,0.33912878787878786,0.15450757575757576,0.3260984848484849
220,220.0,220.3,0.17549957782155923,0.33583278606498423,0.15079197548237794,0.33787566063107854
221,221.0,221.3,0.17816239316239316,0.3370940170940171,0.1488034188034188,0.33594017094017087
222,222.0,222.3,0.17950131739605424,0.34408585566480304,0.1465207891523681,0.32989203778677456
223,223.0,223.3,0.1766305916305916,0.35000721500721504,0.14494227994227996,0.3284199134199134
224,224.0,224.3,0.1788543823326432,0.3504071773636991,0.14355417529330575,0.3271842650103519
225,225.0,225.3,0.16609848484848488,0.35196969696969693,0.14162878787878788,0.34030303030303033
226,226.0,226.3,0.16357932263814617,0.35325490196078435,0.13927629233511585,0.3438894830659536
227,227.0,227.3,0.15688422688422685,0.3557886557886557,0.13728049728049724,0.35004662004662
228,228.0,228.3,0.15507301792198813,0.356141165809358,0.13600699537770472,0.3527788208909491
229,229.0,229.3,0.15371553884711778,0.35523182957393484,0.1351441102756892,0.3559085213032581
230,230.0,230.3,0.15222988505747126,0.3624597701149425,0.13411494252873563,0.35119540229885055
231,231.0,231.3,0.15088369963369963,0.36885073260073253,0.13319139194139193,0.3470741758241758
232,232.0,232.3,0.15502756853800498,0.3666247548220982,0.13402398430861429,0.34432369233128246
233,233.0,233.3,0.15676156430951826,0.36378735288581837,0.13268418335713733,0.34676689944752603
234,234.0,234.3,0.15846594750752965,0.36121688487307146,0.13986093183354847,0.3404562357858504
235,235.0,235.3,0.1601236802413273,0.3615610859728507,0.13987481146304676,0.33844042232277527
236,236.0,236.3,0.15812411118293473,0.36921353156647274,0.13805085110967463,0.33461150614091795
237,237.0,237.3,0.15526448461932335,0.3667285044704399,0.13588148410729056,0.3421255268029461
238,238.0,238.3,0.15401950337434206,0.3629971907391262,0.13518776841357488,0.3477955374729568
239,239.0,239.3,0.1520144110275689,0.3719266917293233,0.1275078320802005,0.34855106516290724
240,240.0,240.3,0.153955268869062,0.3687334217506631,0.13195934812314122,0.3453519612571336
241,241.0,241.3,0.15254841591809137,0.35758765575195595,0.1309132618564667,0.35895066647348595
242,242.0,242.3,0.1517274248945698,0.3581807856180166,0.12993679622625104,0.3601549932611625
243,243.0,243.3,0.1513061255357683,0.3618632410888619,0.12937594041824302,0.35745469295712673
244,244.0,244.3,0.1498513261893905,0.3623456262349901,0.12816299969600242,0.359640047879617
245,245.0,245.3,0.14853826187572317,0.3581625543359289,0.13232607811864777,0.3609731056697001
246,246.0,246.3,0.1479311211664153,0.36139014580191053,0.13135243841126193,0.35932629462041227
247,247.0,247.3,0.14751237395738676,0.3578215589468786,0.1307439051428821,0.3639221619528525
248,248.0,248.3,0.14763519635234273,0.3617637577274624,0.13022728326232708,0.3603737626578678
249,249.0,249.3,0.14662024556525832,0.3597803046012765,0.12938582764350026,0.3642136221899649
250,250.0,250.3,0.14587929247468118,0.3629530530747768,0.12897978922054457,0.3621878652299974
251,251.0,251.3,0.1450715925166053,0.37099032255042486,0.12834378835146096,0.3555942965815089
252,252.0,252.3,0.1443938179585062,0.36706682211576824,0.12782017200837198,0.3607191879173536
253,253.0,253.3,0.14370645765147042,0.37178503508426786,0.12292420069274286,0.3615843065715189
254,254.0,254.3,0.14611477633382744,0.36783590426764823,0.12223309897051131,0.363816220428013
255,255.0,255.3,0.14503626898788186,0.367231609489674,0.12187489332650622,0.3658572281959379
256,256.0,256.3,0.1440246690460494,0.3642197746406298,0.1215398205612009,0.37021573575211986
257,257.0,257.3,0.14290699535860824,0.3639114516695162,0.1210589110105239,0.37212264196135164
258,258.0,258.3,0.14477370017268149,0.3613313888526113,0.12075210773003645,0.3731428032446708
259,259.0,259.3,0.14466489492618193,0.36180816800689375,0.12067355051741468,0.37285338654950967
260,260.0,260.3,0.14427529581867707,0.35814138815127,0.12045562422915715,0.3771276918008958
261,261.0,261.3,0.14398252575884152,0.35708507379560006,0.12032337788916736,0.378609022556391
262,262.0,262.3,0.14329172962886044,0.35521020090271477,0.11978305687291749,0.3817150125955074
263,263.0,263.3,0.14245660725999992,0.3555926991529049,0.11944671022340655,0.3825039833636886
264,264.0,264.3,0.1416639738445012,0.3559698842964563,0.11912839639513066,0.3832377454639118
265,265.0,265.3,0.144860614404194,0.3459518395381918,0.11908208652962957,0.39010545952798464
266,266.0,266.3,0.14414360970964743,0.3463745478839818,0.11879562436166209,0.39068621804470866
267,267.0,267.3,0.14346035101849056,0.34678764388066713,0.11852327259304005,0.3912287325078023
268,268.0,268.3,0.14327653083467035,0.34931972141274464,0.11833945240921986,0.3890642953433651
269,269.0,269.3,0.14267898281056174,0.3479968861547809,0.11811188324346218,0.3912122477911952
270,270.0,270.3,0.1424674733197907,0.3502744070104636,0.11792298795440981,0.38933513171533596
271,271.0,271.3,0.19461270034900868,0.3312937373647312,0.10085939483099726,0.37323416745526283
272,272.0,272.3,0.1952618588886472,0.3319210275969608,0.09993190481806342,0.37288520869632863
273,273.0,273.3,0.19576126771778948,0.331808807134894,0.0991153049848702,0.37331462016244626
274,274.0,274.3,0.19612914424797084,0.3298761187514426,0.09837546361924307,0.37561927338134343
275,275.0,275.3,0.19705037673869683,0.32998361391615055,0.09784566969001139,0.3751203396551412
276,276.0,276.3,0.19687598137860435,0.33041726766553053,0.0976903002051092,0.3750164507507559
277,277.0,277.3,0.19636928696931935,0.3284232100711912,0.0974037303613973,0.37780377259809217
278,278.0,278.3,0.1955983109988753,0.3268296721079724,0.09713243201829043,0.3804395848748619
279,279.0,279.3,0.19518918703845173,0.3276027024446142,0.09691957919531449,0.3802885313216196
280,280.0,280.3,0.19487796001727892,0.3294797643017457,0.09679396326068153,0.3788483124202938
281,281.0,281.3,0.1901264751137976,0.3293382696298518,0.09657435729697392,0.3839608979593766
282,282.0,282.3,0.18963010845363787,0.3321722535167913,0.09629923764377546,0.38189840038579537
283,283.0,283.3,0.19408448191092287,0.3317177484572225,0.09601473755748531,0.3781830320743694
284,284.0,284.3,0.19562398971136755,0.3299449212548158,0.09584457794666165,0.37858651108715513
285,285.0,285.3,0.19621407026077226,0.32952545996238825,0.09539142068812266,0.3788690490887169
286,286.0,286.3,0.1988642966759001,0.3297909680801082,0.0950852314251722,0.3762595038188194
287,287.0,287.3,0.20098787154701134,0.328869990224829,0.09460515549762863,0.37553698273053115
288,288.0,288.3,0.20125409848994796,0.3324790218840758,0.09419849810579667,0.37206838152017957
289,289.0,289.3,0.20176094113132587,0.33155003162776187,0.0938919401900358,0.37279708705087644
290,290.0,290.3,0.20415305145466892,0.3257836693405976,0.0936923123844138,0.37637096682031973
291,291.0,291.3,0.2038349744683637,0.32951531824899805,0.09321494548920163,0.37343476179343654
292,292.0,292.3,0.20328112280994365,0.32726070079983655,0.09300065154722027,0.37645752484299955
293,293.0,293.3,0.20354034334406917,0.3293534329092139,0.09263903835746475,0.3744671853892522
294,294.0,294.3,0.2038914423729176,0.32759530868050135,0.09237475277092852,0.37613849617565254
295,295.0,295.3,0.2034734216177047,0.32658727388763686,0.09223868690293371,0.3777006175917247
296,296.0,296.3,0.20355204767994572,0.3259028704912629,0.09203280635126702,0.3785122754775243
297,297.0,297.3,0.20361154823197136,0.32068779794022606,0.09183897859611256,0.38386167523169
298,298.0,298.3,0.20414214163781827,0.31910693221320263,0.09167607429302503,0.385074851855954
299,299.0,299.3,0.20579789435743026,0.3180758752090305,0.09140272292167004,0.38472350751186923
300,300.0,300.3,0.2026247630179152,0.31925039960936136,0.09445352610829666,0.3836713112644268
301,301.0,301.3,0.20264378889310547,0.31875572685441467,0.0944725519834869,0.384127932268993
302,302.0,302.3,0.2026461306057557,0.3150288045588153,0.09415254086216596,0.388172523973263
303,303.0,303.3,0.20300102933021966,0.3159016183392378,0.09395120234561005,0.3871461499849325
304,304.0,304.3,0.20333416016000916,0.3131198244655374,0.09376126152164563,0.3897847538528078
305,305.0,305.3,0.20334687010576274,0.31524212389556516,0.09355443286041301,0.38785657313825916
306,306.0,306.3,0.20466892193019426,0.31278817838583267,0.09352799182392438,0.3890149078600487
307,307.0,307.3,0.20493882746325767,0.3087395953898812,0.09622704715455867,0.39009452999230243
308,308.0,308.3,0.2050138336440869,0.30556446704677975,0.09628078401120706,0.3931409152979263
309,309.0,309.3,0.20473729625045411,0.30953962378304484,0.0962968295534085,0.3894262504130925
310,310.0,310.3,0.2040986479144374,0.3084866160688529,0.09863005400834349,0.3887846820083662
311,311.0,311.3,0.20412764669343622,0.30891205868179555,0.09844728538807486,0.3885130092366934
312,312.0,312.3,0.20431252637831587,0.31058970385944074,0.0982141821549716,0.3868835876072719
313,313.0,313.3,0.20185391363022945,0.3104596828609987,0.10062331309041836,0.3870630904183536
314,314.0,314.3,0.2021677557460006,0.31024761355772423,0.10039399002340281,0.38719064067287234
315,315.0,315.3,0.20237772247618135,0.30824510668471233,0.1001317979475305,0.3892453728915759
316,316.0,316.3,0.202801022255451,0.3077436320632726,0.10010673964460873,0.38934860603666765
317,317.0,317.3,0.2027077649845122,0.3062468637560311,0.09984360387240025,0.39120176738705636
318,318.0,318.3,0.20261244871920964,0.30607232520195826,0.09959125580927856,0.3917239702695536
319,319.0,319.3,0.2037644522232415,0.30848922745514323,0.09742220271346694,0.39032411760814834
320,320.0,320.3,0.20899429549540924,0.3072670801500931,0.0967691315550403,0.3869694927994573
321,321.0,321.3,0.20914238645696445,0.30594978905720593,0.09655635072514866,0.38835147376068097
322,322.0,322.3,0.21030262854795861,0.30518704968687166,0.09536365163967221,0.3891466701254976
323,323.0,323.3,0.2113724309825213,0.30448990665709486,0.09512167385459427,0.38901598850578956
324,324.0,324.3,0.21270220014595434,0.30315750524422536,0.09490169024682102,0.38923860436299923
325,325.0,325.3,0.21254654002328421,0.30504073316864017,0.09467400687168129,0.38773871993639436
326,326.0,326.3,0.2124623215618354,0.30317808113581524,0.09450100203806261,0.38985859526428673
327,327.0,327.3,0.21217354855027226,0.30555202123608727,0.09445667766357527,0.38781775255006523
328,328.0,328.3,0.21400666683613306,0.29942425389637706,0.09484502284908573,0.3917240564184042
329,329.0,329.3,0.2139244811443448,0.2982608875019371,0.09478545135901613,0.393029179994702
330,330.0,330.3,0.21581378469349083,0.29434409066445666,0.09549643951888953,0.394345685123163
331,331.0,331.3,0.21748421066118678,0.2936725483444874,0.09560060952164992,0.39324263147267574
332,332.0,332.3,0.2175901558008601,0.2936412281695017,0.09686555426166821,0.3919030617679699
333,333.0,333.3,0.21814057924951258,0.2953883689495324,0.09691188076859814,0.38955917103235693
334,334.0,334.3,0.21813583556157648,0.29611710123516694,0.09677041419680463,0.3889766490064519
335,335.0,335.3,0.21610619138923642,0.29575876323917816,0.09933150764124139,0.38880353773034393
336,336.0,336.3,0.21601668302287153,0.2960433130424735,0.09917852518652857,0.38876147874812633
337,337.0,337.3,0.21709014294005632,0.29677786996949995,0.09789387315042287,0.3882381139400209
338,338.0,338.3,0.21700709683500613,0.29763734503296757,0.0977466704528393,0.387608887679187
339,339.0,339.3,0.21843600322755977,0.29650290875747165,0.09659424039497409,0.38846684761999445
340,340.0,340.3,0.21800124846025098,0.2964760687473427,0.09632504222674029,0.3891976405656659
341,341.0,341.3,0.21773276240667544,0.2985277725495116,0.096287355961269,0.38745210908254385
342,342.0,342.3,0.21844355639264723,0.2981917880611202,0.09603626674383611,0.3873283888023964
343,343.0,343.3,0.22327536067399284,0.28092746150880005,0.0984521688845089,0.39734500893269825
344,344.0,344.3,0.22333929929291862,0.2814389704602067,0.09851610750343473,0.39670562274343996
345,345.0,345.3,0.22327536067399284,0.28092746150880005,0.0984521688845089,0.39734500893269825
346,346.0,346.3,0.22322992943988984,0.2828933336900691,0.09839839736683631,0.3954783395032047
347,347.0,347.3,0.22642485935964193,0.2796256038647343,0.09696598490076754,0.39698355187485623
348,348.0,348.3,0.22653340366058505,0.28229578725744775,0.09686413997492793,0.39430666910703926
349,349.0,349.3,0.22714776213250026,0.2819328655933156,0.09654170052970817,0.394377671744476
350,350.0,350.3,0.2209113823619461,0.2771142118258732,0.0913924937659462,0.4105819120462346
351,351.0,351.3,0.2173615988121625,0.27416382887549023,0.08804251041596284,0.4204320618963844
352,352.0,352.3,0.2163986667089691,0.2722848320597846,0.0983261843557209,0.4129903168755254
353,353.0,353.3,0.22151213335579137,0.2706053725633389,0.11272043351117378,0.39516206056969594
354,354.0,354.3,0.22907715209993382,0.27030956656521327,0.11119454316440713,0.3894187381704457
355,355.0,355.3,0.23589533391811565,0.268036839292486,0.11460363407349802,0.38146419271590026
356,356.0,356.3,0.23254082066717605,0.2785107743054786,0.11611262894982373,0.3728357760775216
357,357.0,357.3,0.23240835443065505,0.27516004466324756,0.11512735061138735,0.37730425029471004
358,358.0,358.3,0.24753744298717004,0.27321406729041575,0.10034035748957393,0.37890813223284026
359,359.0,359.3,0.2445280214162159,0.2710969525969683,0.09665909392249189,0.38771593206432386
360,360.0,360.3,0.25185810655463825,0.26812904521315684,0.09642363598975316,0.3835892122424517
361,361.0,361.3,0.25261237764764277,0.26720549404660127,0.09613450603935667,0.3840476222663993
362,362.0,362.3,0.26151697449389655,0.2576292664333552,0.0979488023216858,0.38290495675106234
363,363.0,363.3,0.26629844314718254,0.25585482148507355,0.09692451200854563,0.3809222233591982
364,364.0,364.3,0.26498191818009903,0.25508148921019336,0.10104090420879838,0.37889568840090926
365,365.0,365.3,0.2690796400058071,0.256098859113285,0.09989282445854275,0.37492867642236505
366,366.0,366.3,0.2671405539058294,0.25525027435008785,0.10365149378109113,0.3739576779629915
367,367.0,367.3,0.25106551783079334,0.25703959613940963,0.10368035380995118,0.3882145322198458
368,368.0,368.3,0.2535988454973609,0.26579198001389,0.10158110040634993,0.3790280740823992
369,369.0,369.3,0.2556579840968915,0.2630501344059059,0.09954726454953919,0.3817446169476634
370,370.0,370.3,0.2578443937914968,0.2693166155095893,0.09774943785455018,0.3750895528443637
371,371.0,371.3,0.2595670247213576,0.26842553540364733,0.09610816474075853,0.3758992751342365
372,372.0,372.4,0.2564815931227535,0.2674798715846325,0.09461032907784009,0.3814282062147739
373,373.0,373.4,0.25596421505420336,0.27321651912814876,0.09427883334462514,0.3765404324730226
374,374.0,374.4,0.25527474931830063,0.2710919050420495,0.09517947003772775,0.3784538756019221
375,375.0,375.4,0.25500833989401184,0.27139337401301,0.09507106303076365,0.3785272230622144
376,376.0,376.4,0.2547633509288444,0.27062343362555386,0.09497303389009945,0.3796401815555023
377,377.0,377.4,0.25500523607241493,0.2596980278827324,0.09537721616225925,0.38991951988259343
378,378.0,378.4,0.25483429590147477,0.25659434313521196,0.09536500615004924,0.39320635481326394
379,379.0,379.4,0.2546338804290015,0.25267077207163513,0.09528569435793333,0.39740965314143006
380,380.0,380.4,0.25404476911168444,0.2525762125445546,0.09484852319956905,0.3985304951441919
381,381.0,381.4,0.25366846853953445,0.2509049357152239,0.09447222262741911,0.40095437311782256
382,382.0,382.4,0.25327912236659417,0.2505524677588703,0.09406485843646074,0.40210355143807475
383,383.0,383.4,0.2526803549317737,0.2501801972248439,0.0937251317694562,0.40341431607392614
384,384.0,384.4,0.2528147545232816,0.2515432224907939,0.09370708007330905,0.40193494291261544
385,385.0,385.4,0.25279807395614234,0.2513764168194011,0.0936987397897394,0.40212676943471715
386,386.0,386.4,0.2529418403593459,0.24982849402919963,0.09370198881151966,0.40352767679993473
387,387.0,387.4,0.2529586753761809,0.24900357820428382,0.09371882382835468,0.4043189225911806
388,388.0,388.4,0.25308562795685263,0.24859209865668017,0.09373909666619097,0.4045831767202762
389,389.0,389.4,0.25296971287208597,0.2485472990054769,0.09362543075712206,0.40485755736531504
390,390.0,390.4,0.2530479601334318,0.24852773719014043,0.09358630712644914,0.40483799554997857
391,391.0,391.4,0.2531325583674582,0.2471665434590209,0.09355675010933401,0.40614414806418686
392,392.0,392.4,0.2530199202971268,0.24602763697186036,0.09360723260637846,0.4073452101246343
393,393.0,393.4,0.25322451555183517,0.2417733617102174,0.09384330174665226,0.41115882099129514
394,394.0,394.4,0.25290482338079967,0.24125321491639612,0.09352961774834381,0.4123123439544603
395,395.0,395.4,0.25344022801754756,0.24300526778140918,0.09331935874056638,0.41023514546047685
396,396.0,396.4,0.25329592787324745,0.24331448237633807,0.09330905158740208,0.41008053816301243
397,397.0,397.4,0.25329592787324745,0.24422357328542893,0.09466040293875343,0.4078200959025701
398,398.0,398.4,0.2530578326351522,0.24297537703723265,0.0944223077006582,0.4095444826269568
399,399.0,399.4,0.2529164184937381,0.24328850835036403,0.0944122066905572,0.4093828664653406
400,400.0,400.4,0.25284739525240124,0.24465141161316736,0.09443710101048286,0.40806409212394845
401,401.0,401.4,0.2525505840804575,0.24292245687841243,0.09430350225273079,0.41022345678839933
402,402.0,402.4,0.2524231310605559,0.24365966551264626,0.09407078607493453,0.40984641735186333
403,403.0,403.4,0.2524401205270867,0.24422381573950558,0.09407928080819991,0.40925678292520784
404,404.0,404.4,0.254756168421601,0.25305473278602875,0.11308320513539816,0.37910589365697206
405,405.0,405.4,0.2523681991846492,0.25148858528957135,0.10837379439127534,0.387769421134504
406,406.0,406.4,0.25237603554804305,0.250939632287003,0.10824620802084176,0.38843812414411216
407,407.0,407.4,0.2523491302769357,0.2514462480829483,0.1080788845359026,0.38812573710421344
408,408.0,408.4,0.25315567252678595,0.25027553376816764,0.10806091023958234,0.388507883465464
409,409.0,409.4,0.25310013753974403,0.2511085585737952,0.10796835192784593,0.3878229519586147
410,410.0,410.4,0.2533007106661104,0.2515032687609265,0.10815921820117402,0.38703680237178906
411,411.0,411.4,0.2531812796408822,0.25130667724187117,0.10794719458335329,0.3875648485338931
412,412.0,412.4,0.2549442929764755,0.25121819622094477,0.10802813431689129,0.38580937648568847
413,413.0,413.4,0.254784134498619,0.2519813214544305,0.10795319970257171,0.3852813443443788
414,414.0,414.4,0.2555087657232502,0.25027777725088624,0.1078447945941666,0.3863686624316968
415,415.0,415.4,0.25543859028465377,0.24975146146141255,0.107757075295921,0.3870528729580126
416,416.0,416.4,0.2553702375847221,0.24923881621192523,0.10767163442100643,0.3877193117823462
417,417.0,417.4,0.25546847268295714,0.24701770399081296,0.10760669935607137,0.38990712397015836
418,418.0,418.4,0.25633521475722754,0.2487100129033084,0.10860373307962072,0.38635103925984315
419,419.0,419.4,0.2561734896898421,0.24758692215757622,0.10858576362768904,0.38765382452489255
420,420.0,420.4,0.2560911927672921,0.2469550541381696,0.10854756100449922,0.388406192090039
421,421.0,421.4,0.26546662701634227,0.2549521202409104,0.10915964414531117,0.3704216085974361
422,422.0,422.4,0.26817167048367174,0.2539373587551884,0.10822109553829642,0.36966987522284345
423,423.0,423.4,0.27034189846768236,0.25441105601419606,0.10713841462677709,0.3681086308913445
424,424.0,424.4,0.2701168846397188,0.25499622066567124,0.10703977434784415,0.3678471203467657
425,425.0,425.4,0.2701168846397188,0.25499622066567124,0.10703977434784415,0.3678471203467657
426,426.0,426.4,0.27024618501644004,0.25360670795545276,0.10704840212724123,0.3690987049008659
427,427.0,427.4,0.270387969837124,0.2532897771798064,0.10705674241081087,0.36926551057225876
428,428.0,428.4,0.2704426893993675,0.25439969279486346,0.10702938262968911,0.36812823517607984
429,429.0,429.4,0.2704262061307007,0.2542311162221873,0.10788174946119138,0.36746092818592063
430,430.0,430.4,0.2704784527346714,0.2542180545711946,0.107855626159206,0.36744786653492795
431,431.0,431.4,0.26876287050484404,0.2565733664763699,0.10784723814430648,0.3668165248744795
432,432.0,432.4,0.2688069774590634,0.25701543065438914,0.10780395433697773,0.36637363754956975
433,433.0,433.4,0.27436253301461894,0.2625709862099447,0.1244706210036444,0.33859585977179196
434,434.0,434.4,0.2746183882704742,0.2653550077439662,0.12339100617402957,0.33663559781152996
435,435.0,435.4,0.2747148702628106,0.26725309841859884,0.12335219653966886,0.33467983477892166
436,436.0,436.4,0.2746881394421744,0.26805502303768464,0.12333883112935076,0.33391800639079017
437,437.0,437.4,0.2746881394421744,0.26805502303768464,0.12333883112935076,0.33391800639079017
438,438.0,438.4,0.27793817873181764,0.2845818185743812,0.12976347359359722,0.3077165291002039
439,439.0,439.4,0.27791876502574114,0.28506716122629344,0.12974405988752072,0.30727001386044467
440,440.0,440.4,0.27796632835143126,0.28510500649543513,0.12979162321321083,0.30713704193992275
441,441.0,441.4,0.27810739694603537,0.28477878537041307,0.1298004400003736,0.3073133776831779
442,442.0,442.4,0.2782181849255396,0.2874792423708285,0.12985583399012574,0.30444673871350614
443,443.0,443.4,0.2782865376254713,0.2880260639702817,0.12992418669005737,0.3037632117141897
444,444.0,444.4,0.2971930880784862,0.2764475231905418,0.11801060799813268,0.3083487807328393
445,445.0,445.4,0.2921359653443528,0.27465268812231075,0.11556219547161395,0.31764915106172237
446,446.0,446.4,0.29203176129343494,0.27571341222205503,0.11551580598178372,0.3167390205027263
447,447.0,447.4,0.29195675527899484,0.2772973286037634,0.1297698045748587,0.3009761115423831
448,448.0,448.4,0.30087592179081746,0.27611575629689333,0.12610889787688956,0.2968994240353996
449,449.0,449.4,0.30787635727669527,0.2747044709914311,0.12330872368253845,0.29411044804933517
450,450.0,450.4,0.30806462637521304,0.27555042126302826,0.12329513414154669,0.293089818220212
451,451.0,451.4,0.31354043155172995,0.27381733207167275,0.12104309397252458,0.29159914240407275
452,452.0,452.4,0.3135969425461528,0.2743199724623063,0.12114881738729377,0.2909342676042472
453,453.0,453.4,0.3135566010507029,0.2755029432582802,0.12109447028960303,0.2898459854014139
454,454.0,454.4,0.32229028810207894,0.27206660419726275,0.12076333555103003,0.28487977214962834
455,455.0,455.4,0.322499078163672,0.2764198769814782,0.12097212561262309,0.2801089192422267
456,456.0,456.4,0.32730901737728096,0.274866104693761,0.11917047408620092,0.2786544038427572
457,457.0,457.4,0.33170678159432226,0.27394489604966077,0.11740563116473149,0.27694269119128545
458,458.0,458.4,0.3277924474850923,0.273624451664779,0.123549117898995,0.2750339829511337
459,459.0,459.4,0.33162266651366973,0.2729382022097197,0.12168188800166935,0.2737572432749412
460,460.0,460.4,0.3341745412965219,0.2716401623071921,0.12003720454852367,0.27414809184776234
461,461.0,461.4,0.33610823555214053,0.2710738423896886,0.11969554502809436,0.27312237703007647
462,462.0,462.4,0.3369630523970484,0.2692373997013068,0.12111432602936752,0.27268522187227723
463,463.0,463.4,0.3399772090369747,0.27142082926807204,0.11990614841117322,0.26869581328378006
464,464.0,464.4,0.3399772090369747,0.27142082926807204,0.11990614841117322,0.26869581328378006
465,465.0,465.4,0.33645854129590563,0.27168383401334917,0.11902088563026177,0.27283673906048345
466,466.0,466.4,0.33760685232505083,0.2723168631270138,0.11812572319587389,0.27195056135206147
467,467.0,467.4,0.33760685232505083,0.2723168631270138,0.11812572319587389,0.27195056135206147
468,468.0,468.4,0.33814255054495956,0.27407195598736983,0.1179356968479528,0.2698497966197178
469,469.0,469.4,0.33794157832414085,0.2757039892947811,0.11774205419883635,0.26861237818224165
470,470.0,470.4,0.33825176541811774,0.27665820141714853,0.11751711753760383,0.26757291562712987
471,471.0,471.4,0.33850044436456644,0.27988632849813383,0.11778244650070262,0.263830780636597
472,472.0,472.4,0.3405280941341517,0.2789339475457529,0.11670717768349832,0.263830780636597
473,473.0,473.4,0.3464382061749795,0.28499324180385316,0.10794373990657977,0.2606248121145875
474,474.0,474.5,0.3471500768167396,0.28383229325610393,0.10806650094114272,0.2609511289860137
475,475.0,475.5,0.34706726108175,0.283231879177429,0.10796298127240567,0.26173787846841534
476,476.0,476.5,0.34706726108175,0.283231879177429,0.10796298127240567,0.26173787846841534
477,477.0,477.5,0.34752778739753953,0.28310030023006055,0.10778754267591444,0.2615843696964855
478,478.0,478.5,0.3491624425974121,0.28658446335173027,0.10794234439593356,0.2563107496549241
479,479.0,479.6,0.34950995385651007,0.2873044586559927,0.10766700342135457,0.2555185840661427
480,480.0,480.6,0.34985117644980174,0.28800317229274697,0.10739808505104434,0.25474756620640693
481,481.0,481.6,0.34922741737957763,0.2900528552369189,0.10724047189710087,0.25347925548640265
482,482.0,482.6,0.349746380213183,0.28861745035479597,0.10722250244516915,0.25441366698685186
483,483.0,483.6,0.3491807236475265,0.28983748857483416,0.10806088628355297,0.2529209014940864
484,484.0,484.6,0.34958033117584686,0.29037544237021373,0.1078745514338518,0.25216967502008764
485,485.0,485.6,0.3512499291946448,0.28718691175186867,0.10915851378606937,0.25240464526741707
486,486.0,486.6,0.35193903205540644,0.2854204202323625,0.10907075750255357,0.25356979020967757
487,487.0,487.6,0.3527719689278276,0.2845400042028732,0.10893995223476201,0.2537480746345373
488,488.0,488.6,0.3540574174234331,0.28474435155055494,0.10885899367290355,0.2523392373531084
489,489.0,489.6,0.3552356352452153,0.2846303632286458,0.10886889466300256,0.2512651068631363
490,490.0,490.6,0.3549521663570908,0.28566371239852556,0.10886073462759412,0.2505233866167896
491,491.0,491.6,0.35694141590723694,0.28438212387351985,0.10867901601748069,0.2499974442017626
492,492.0,492.6,0.357350705836801,0.2842679034280601,0.10851720371974607,0.2498641870153929
493,493.0,493.6,0.35687926287706817,0.2850640086073925,0.10834086962264236,0.2497158588928971
494,494.0,494.6,0.357273035770841,0.2849541184975024,0.1081851919669647,0.249587653764692
495,495.0,495.6,0.3602812900736159,0.28595324038018594,0.10843642133120776,0.24532904821499052
496,496.0,496.6,0.36061894779842435,0.2864296495692772,0.10826745249254702,0.24468395013975153
497,497.0,497.6,0.3605714794439939,0.2869992698224418,0.1082516297077369,0.24417762102582746
498,498.0,498.6,0.3621279245663588,0.2866669243974229,0.10830365999743315,0.24290149103878522
499,499.0,499.6,0.3633787222425312,0.28594694395602827,0.1082716148247898,0.24240271897665075
500,500.0,500.6,0.36527406036066823,0.28522511983159343,0.1095122768620735,0.23998854294566482
501,501.0,501.6,0.3660267027416798,0.28517053583180296,0.109487414103655,0.2393153473228622
502,502.0,502.6,0.36644198063675876,0.284477226655485,0.11026180100797618,0.23881899169978005
503,503.0,503.6,0.36622985942463754,0.28490146907972747,0.11025169999787517,0.23861697149775987
504,504.0,504.6,0.3665933069843468,0.28479762691981053,0.11009593675799978,0.23851312933784294
505,505.0,505.6,0.3670088574535466,0.2842108238261799,0.10998711031326358,0.23879320840700996
506,506.0,506.6,0.36823107967576885,0.2827764803918365,0.1099972113233646,0.23899522860903014
507,507.0,507.6,0.36924695269164187,0.28369891906427513,0.1100466341227874,0.23700749412129568
508,508.0,508.6,0.36912645262452604,0.28472390881551135,0.10998712326998139,0.2361625152899812
509,509.0,509.6,0.3682924242675619,0.28559129830675406,0.1099704427028421,0.23614583472284192
510,510.0,510.6,0.3695348485099862,0.2851468538623096,0.10998054371294312,0.2353377539147611
511,511.0,511.6,0.3695348485099862,0.2851468538623096,0.10998054371294312,0.2353377539147611
512,512.0,512.6,0.36965986804428846,0.28658457850678526,0.11001179859651869,0.23374375485240764
513,513.0,513.6,0.37000567009389124,0.2869828246193171,0.10908829454064242,0.23392321074614925
514,514.0,514.6,0.3705283446118127,0.28789177736105975,0.10908205188863321,0.2324978261384943
515,515.0,515.6,0.3708008438083626,0.28729524099824855,0.10892699896459294,0.23297691622879596
516,516.0,516.6,0.37141062025147237,0.2864734072597481,0.10877482297908363,0.23334114950969592
517,517.0,517.6,0.3711632485755293,0.2869372291521414,0.10876451582591935,0.23313500644641
518,518.0,518.6,0.3711632485755293,0.2869372291521414,0.10876451582591935,0.23313500644641
519,519.0,519.6,0.37143521426416165,0.28750020013177907,0.10892605182078867,0.23213853378327065
520,520.0,520.6,0.37118678098820546,0.2880987626569471,0.10890916235435792,0.23180529400048955
521,521.0,521.6,0.37127852410747153,0.28804038067195964,0.10889248178721864,0.23178861343335028
522,522.0,522.6,0.37262346081633224,0.28876822877322544,0.10890830457202876,0.2297000058384136
523,523.0,523.6,0.37209237678009355,0.28989287732055435,0.10892913139697928,0.2290856145023728
524,524.0,524.6,0.37255918795370496,0.29140126533395677,0.10889602233091726,0.2271435243814211
525,525.0,525.6,0.3793667057649489,0.29074014722479313,0.11154183302283882,0.21835131398741914
526,526.0,526.6,0.3816830630150322,0.28948554392306175,0.11131291313265235,0.21751847992925377
527,527.0,527.6,0.3816830630150322,0.28948554392306175,0.11131291313265235,0.21751847992925377
528,528.0,528.6,0.3816830630150322,0.28948554392306175,0.11131291313265235,0.21751847992925377
529,529.0,529.6,0.3811025282468544,0.2893940107422837,0.11118324112655013,0.2183202198843118
530,530.0,530.6,0.3797589698137157,0.29010981837900596,0.1119325744714607,0.2181986373358177
531,531.0,531.6,0.3795917426462841,0.2888279691874663,0.11208530027920553,0.2194949878870441
532,532.0,532.6,0.38072934738136344,0.2924275214688335,0.1121096272631652,0.2147335038866379
533,533.0,533.6,0.38140215198734695,0.29235622772958964,0.13207991739253128,0.19416170289053217
534,534.0,534.6,0.39462737721257213,0.2895093808827428,0.12539523270784655,0.19046800919683848
535,535.0,535.6,0.3946854126870514,0.2917793500493826,0.12550016282247792,0.1880350744410881
536,536.0,536.6,0.39604687202417443,0.2917939703847995,0.1280289062029912,0.184130251388035
537,537.0,537.6,0.39739065701857534,0.2902374194329518,0.1280401044112779,0.18433181913719512
538,538.0,538.6,0.40039567927506486,0.28959612782226146,0.12790784082768852,0.1821003520749851
539,539.0,539.6,0.40023910721227757,0.2907387633960846,0.12753480191691377,0.1814873274747241
540,540.0,540.6,0.3989463013110328,0.2905948923273501,0.12909807298128573,0.18136073338033137
541,541.0,541.6,0.39449600744196095,0.2881258759984232,0.13849994780789976,0.17887816875171605
542,542.0,542.6,0.3919191169105762,0.29713350573168784,0.13363915537459214,0.17730822198314383
543,543.0,543.6,0.3919191169105762,0.29713350573168784,0.13363915537459214,0.17730822198314383
544,544.0,544.6,0.3914142650878644,0.2978547226212761,0.13352113806538676,0.17720987422547269
545,545.0,545.6,0.39091749089431604,0.29856440004063095,0.13340500903312874,0.17711310003192432
546,546.0,546.6,0.39122225279907796,0.29846916194539286,0.133290723318843,0.1770178619366862
547,547.0,547.6,0.39122225279907796,0.29846916194539286,0.133290723318843,0.1770178619366862
548,548.0,548.6,0.39122225279907796,0.29654608502231594,0.13521380024191992,0.1770178619366862
549,549.0,549.6,0.39122225279907796,0.29654608502231594,0.13521380024191992,0.1770178619366862
