,Unnamed: 0,Total_iterations,Add_vertex,Delete_vertex,Insert_inside_vertex,Delete_inside_vertex
0,0.0,0.0,0.25,0.25,0.25,0.25
1,1.0,0.10900000000000001,0.25,0.25,0.25,0.25
2,2.0,0.31601,0.25,0.25,0.25,0.25
3,3.0,0.6191589000000001,0.25,0.25,0.25,0.25
4,4.0,1.015801321,0.25,0.25,0.25,0.25
5,5.0,1.50262148669,0.25,0.25,0.25,0.25
6,6.0,2.0757334209441005,0.25,0.25,0.25,0.25
7,7.0,2.7307768275633495,0.25,0.25,0.25,0.25
8,8.0,3.4630081252450404,0.25,0.25,0.25,0.25
9,9.0,4.2673862119061114,0.25,0.25,0.25,0.25
10,10.0,5.138652627782014,0.25,0.25,0.25,0.25
11,11.0,6.071405875792507,0.25,0.25,0.25,0.25
12,12.0,7.060169740244025,0.25,0.25,0.25,0.25
13,13.0,8.099455520847952,0.25,0.25,0.25,0.25
14,14.0,9.183818168183006,0.25,0.25,0.25,0.25
15,15.0,10.307906369102724,0.25,0.25,0.25,0.25
16,16.0,11.466506686239443,0.25,0.25,0.25,0.25
17,17.0,12.654581904800096,0.25,0.25,0.25,0.25
18,18.0,13.867303782456686,0.25,0.25,0.25,0.25
19,19.0,15.100080434523047,0.25,0.25,0.25,0.25
20,20.0,16.348578617037543,0.25,0.25,0.25,0.25
21,21.0,17.608741195130214,0.25,0.25,0.25,0.25
22,22.0,18.876800103462312,0.25,0.25,0.25,0.25
23,23.0,20.14928511992658,0.25,0.25,0.25,0.25
24,24.0,21.423028783545156,0.25,0.25,0.25,0.25
25,25.0,22.695167792966423,0.25,0.25,0.25,0.25
26,26.0,23.963141223515898,0.25,0.25,0.25,0.25
27,27.0,25.224685898775267,0.25,0.25,0.25,0.25
28,28.0,26.477829247520948,0.25,0.25,0.25,0.25
29,29.0,27.720879968916847,0.25,0.25,0.25,0.25
30,30.0,28.95241681848399,0.25,0.25,0.25,0.25
31,31.0,30.17127581490958,0.25,0.25,0.25,0.25
32,32.0,31.376536153543515,0.25,0.25,0.25,0.25
33,33.0,32.567505096778625,0.25,0.25,0.25,0.25
34,34.0,33.74370209472243,0.25,0.25,0.25,0.25
35,35.0,34.90484237192463,0.25,0.25,0.25,0.25
36,36.0,36.05082019768737,0.25,0.25,0.25,0.25
37,37.0,37.18169203889697,0.25,0.25,0.25,0.25
38,38.0,38.29765977559663,0.25,0.25,0.25,0.25
39,39.0,39.399054140870355,0.25,0.25,0.25,0.25
40,40.0,40.48631852820801,0.25,0.25,0.25,0.25
41,41.0,41.55999329152982,0.25,0.25,0.25,0.25
42,42.0,42.62070064560415,0.25,0.25,0.25,0.25
43,43.0,43.669130257815,0.25,0.25,0.25,0.25
44,44.0,44.70602560622662,0.25,0.25,0.25,0.25
45,45.0,45.73217116373481,0.25,0.25,0.25,0.25
46,46.0,46.748380453854836,0.25,0.25,0.25,0.25
47,47.0,47.755485010424316,0.25,0.25,0.25,0.25
48,48.0,48.7543242612326,0.25,0.25,0.25,0.25
49,49.0,49.745736344347726,0.25,0.25,0.25,0.25
50,50.0,50.730549855707864,0.25,0.25,0.25,0.25
51,51.0,51.70957651737491,0.25,0.25,0.25,0.25
52,52.0,52.68360474770151,0.25,0.25,0.25,0.25
53,53.0,53.65339410751842,0.25,0.25,0.25,0.25
54,54.0,54.61967059027847,0.25,0.25,0.25,0.25
55,55.0,55.58312271885972,0.25,0.25,0.25,0.25
56,56.0,56.544398407394254,0.25,0.25,0.25,0.25
57,57.0,57.504102543001395,0.25,0.25,0.25,0.25
58,58.0,58.462795239617805,0.25,0.25,0.25,0.25
59,59.0,59.42099071417639,0.25,0.25,0.25,0.25
60,60.0,60.379156734137354,0.25,0.25,0.25,0.25
61,61.0,61.337714584760846,0.25,0.25,0.25,0.25
62,62.0,62.29703950447439,0.25,0.25,0.25,0.25
63,63.0,63.257461537171835,0.25,0.25,0.25,0.25
64,64.0,64.21926675122782,0.25,0.25,0.25,0.25
65,65.0,65.18269877636592,0.25,0.25,0.25,0.25
66,66.0,66.14796061122655,0.25,0.25,0.25,0.25
67,67.0,67.11521665648885,0.25,0.25,0.25,0.25
68,68.0,68.08459493066005,0.25,0.25,0.25,0.25
69,69.0,69.05618942810752,0.25,0.25,0.25,0.25
70,70.0,70.03006258152917,0.25,0.25,0.25,0.25
71,71.0,71.00624779379335,0.25,0.25,0.25,0.25
72,72.0,71.98475200689319,0.25,0.25,0.25,0.25
73,73.0,72.96555827861411,0.25,0.25,0.25,0.25
74,74.0,73.94862834037681,0.25,0.25,0.25,0.25
75,75.0,74.93390511255946,0.25,0.25,0.25,0.25
76,76.0,75.92131515639825,0.25,0.25,0.25,0.25
77,77.0,76.91077104428919,0.25,0.25,0.25,0.25
78,78.0,77.90217363294813,0.25,0.25,0.25,0.25
79,79.0,78.89541422641172,0.25,0.25,0.25,0.25
80,80.0,79.89037661826481,0.25,0.25,0.25,0.25
81,81.0,80.89693900474995,0.25,0.25,0.25,0.25
82,82.0,81.90487576253906,0.25,0.25,0.25,0.25
83,83.0,82.9139700869239,0.25,0.25,0.25,0.25
84,84.0,83.924015278001,0.25,0.25,0.25,0.25
85,85.0,84.93481579719038,0.25,0.25,0.25,0.25
86,86.0,85.95618810648892,0.25,0.25,0.25,0.25
87,87.0,86.97786130379271,0.25,0.25,0.25,0.25
88,88.0,87.99958856832819,0.25,0.25,0.25,0.25
89,89.0,89.02114722072686,0.25,0.25,0.25,0.25
90,90.0,90.04233853567838,0.25,0.25,0.25,0.25
91,91.0,91.06298733377798,0.25,0.25,0.25,0.25
92,92.0,92.08294137872983,0.25,0.25,0.25,0.25
93,93.0,93.1020706053992,0.25,0.25,0.25,0.25
94,94.0,94.12026620334764,0.25,0.25,0.25,0.25
95,95.0,95.13743957946775,0.25,0.25,0.25,0.25
96,96.0,96.15352122218118,0.25,0.25,0.25,0.25
97,97.0,97.16845948840147,0.25,0.25,0.25,0.25
98,98.0,98.18221933311571,0.25,0.25,0.25,0.25
99,99.0,99.19478100002736,0.25,0.25,0.25,0.25
100,100.0,100.20613869024757,0.25,0.25,0.25,0.25
101,101.0,101.21629922454329,0.25,0.25,0.25,0.25
102,102.0,102.22528071316401,0.25,0.25,0.25,0.25
103,103.0,103.23311124579101,0.25,0.25,0.25,0.25
104,104.0,104.2398276126974,0.25,0.25,0.25,0.25
105,105.0,105.24547406678617,0.25,0.25,0.25,0.25
106,106.0,106.25010113479821,0.25,0.25,0.25,0.25
107,107.0,107.25376448466106,0.25,0.25,0.25,0.25
108,108.0,108.25652385469101,0.25,0.25,0.25,0.25
109,109.0,109.25844204917107,0.25,0.25,0.25,0.25
110,110.0,110.2595840037114,0.25,0.25,0.25,0.25
111,111.0,111.26001592276059,0.25,0.25,0.25,0.25
112,112.0,112.25980449067724,0.25,0.25,0.25,0.25
113,113.0,113.25901615689546,0.25,0.25,0.25,0.25
114,114.0,114.2577164949229,0.25,0.25,0.25,0.25
115,115.0,115.25596963419838,0.25,0.25,0.25,0.25
116,116.0,116.25383776320433,0.25,0.25,0.25,0.25
117,117.0,117.25138070167765,0.25,0.25,0.25,0.25
118,118.0,118.24865553928686,0.25,0.25,0.25,0.25
119,119.0,119.24571633774227,0.25,0.25,0.25,0.25
120,120.0,120.24261389297472,0.25,0.25,0.25,0.25
121,121.0,121.23939555375418,0.25,0.25,0.25,0.25
122,122.0,122.23610509291815,0.25,0.25,0.25,0.25
123,123.0,123.23278262723653,0.25,0.25,0.25,0.25
124,124.0,124.22946458185072,0.25,0.25,0.25,0.25
125,125.0,125.22618369518497,0.25,0.25,0.25,0.25
126,126.0,126.22296906023396,0.25,0.25,0.25,0.25
127,127.0,127.21984619817572,0.25,0.25,0.25,0.25
128,128.0,128.21683716034153,0.25,0.25,0.25,0.25
129,129.0,129.21396065468733,0.25,0.25,0.25,0.25
130,130.0,130.2112321930517,0.25,0.25,0.25,0.25
131,131.0,131.2086642556491,0.25,0.25,0.25,0.25
132,132.0,132.20626646943026,0.25,0.25,0.25,0.25
133,133.0,133.204045797139,0.25,0.25,0.25,0.25
134,134.0,134.20200673410548,0.25,0.25,0.25,0.25
135,135.0,135.2001515100343,0.25,0.25,0.25,0.25
136,136.0,136.19848029326985,0.25,0.25,0.25,0.25
137,137.0,137.19699139524914,0.25,0.25,0.25,0.25
138,138.0,138.19568147307805,0.25,0.25,0.25,0.25
139,139.0,139.19454572839325,0.25,0.25,0.25,0.25
140,140.0,140.193578100893,0.25,0.25,0.25,0.25
141,141.0,141.19277145513388,0.25,0.25,0.25,0.25
142,142.0,142.1921177593993,0.25,0.25,0.25,0.25
143,143.0,143.19160825564418,0.25,0.25,0.25,0.25
144,144.0,144.19123361970816,0.25,0.25,0.25,0.25
145,145.0,145.19098411116866,0.25,0.25,0.25,0.25
146,146.0,146.19084971237143,0.25,0.25,0.25,0.25
147,147.0,147.1908202563302,0.25,0.25,0.25,0.25
148,148.0,148.19088554332978,0.25,0.25,0.25,0.25
149,149.0,149.1910354461961,0.25,0.25,0.25,0.25
150,150.0,150.19126000431385,0.25,0.25,0.25,0.25
151,151.0,151.19154950657668,0.25,0.25,0.25,0.25
152,152.0,152.19189456354746,0.25,0.25,0.25,0.25
153,153.0,153.19228616918568,0.25,0.25,0.25,0.25
154,154.0,154.1927157525682,0.25,0.25,0.25,0.25
155,155.0,155.19317522008683,0.25,0.25,0.25,0.25
156,156.0,156.1936569886527,0.25,0.25,0.25,0.25
157,157.0,157.19415401047547,0.25,0.25,0.25,0.25
158,158.0,158.1946597900112,0.25,0.25,0.25,0.25
159,159.0,159.19516839369322,0.25,0.25,0.25,0.25
160,160.0,160.19567445307013,0.25,0.25,0.25,0.25
161,161.0,161.19617316197863,0.25,0.25,0.25,0.25
162,162.0,162.19666026837652,0.25,0.25,0.25,0.25
163,163.0,163.19713206145084,0.25,0.25,0.25,0.25
164,164.0,164.19758535460323,0.25,0.25,0.25,0.25
165,165.0,165.19801746489438,0.25,0.25,0.25,0.25
166,166.0,166.19842618950744,0.25,0.25,0.25,0.25
167,167.0,167.19880977976413,0.25,0.25,0.25,0.25
168,168.0,168.1991669131975,0.25,0.25,0.25,0.25
169,169.0,169.19949666415556,0.25,0.25,0.25,0.25
170,170.0,170.19979847337626,0.25,0.25,0.25,0.25
171,171.0,171.20007211694113,0.25,0.25,0.25,0.25
172,172.0,172.2003176749801,0.25,0.25,0.25,0.25
173,173.0,173.20053550046538,0.25,0.25,0.25,0.25
174,174.0,174.20072618839745,0.25,0.25,0.25,0.25
175,175.0,175.20089054565238,0.25,0.25,0.25,0.25
176,176.0,176.2010295617253,0.25,0.25,0.25,0.25
177,177.0,177.20114438057365,0.25,0.25,0.25,0.25
178,178.0,178.20123627373144,0.25,0.25,0.25,0.25
179,179.0,179.2013066148361,0.25,0.25,0.25,0.25
180,180.0,180.20135685568198,0.25,0.25,0.25,0.25
181,181.0,181.20138850388642,0.25,0.25,0.25,0.25
182,182.0,182.21140310223154,0.25,0.25,0.25,0.25
183,183.0,183.22130220971985,0.25,0.25,0.25,0.25
184,184.0,184.23099838436215,0.25,0.25,0.25,0.25
185,185.0,185.2404149576966,0.25,0.25,0.25,0.25
186,186.0,186.2494857241206,0.25,0.25,0.25,0.25
187,187.0,187.25815455666103,0.25,0.25,0.25,0.25
188,188.0,188.2663749603808,0.25,0.25,0.25,0.25
189,189.0,189.2741095741248,0.25,0.25,0.25,0.25
190,190.0,190.28132963075313,0.25,0.25,0.25,0.25
191,191.0,191.28801438541112,0.25,0.25,0.25,0.25
192,192.0,192.2941505207492,0.25,0.25,0.25,0.25
193,193.0,193.299731537346,0.25,0.25,0.25,0.25
194,194.0,194.30475713690961,0.25,0.25,0.25,0.25
195,195.0,195.3092326051478,0.25,0.25,0.25,0.25
196,196.0,196.31316820051066,0.25,0.25,0.25,0.25
197,197.0,197.31657855433212,0.25,0.25,0.25,0.25
198,198.0,198.31948208722815,0.25,0.25,0.25,0.25
199,199.0,199.3219004459623,0.25,0.25,0.25,0.25
200,200.0,200.3238579643634,0.249,0.253,0.249,0.249
201,201.0,201.32538115128077,0.24717666666666668,0.2548033333333334,0.24717666666666668,0.25084333333333336
202,202.0,202.32649820799355,0.24504723333333336,0.2562283000000001,0.24504723333333336,0.2536772333333334
203,203.0,203.32723857695515,0.2424636043333334,0.25909848700000004,0.2424636043333334,0.2559743043333334
204,204.0,204.32763252325105,0.24128036885666673,0.2612240037633334,0.23961370219000006,0.2578819251900001
205,205.0,205.32771074968483,0.2400264627629096,0.26311520500317626,0.23694789133433813,0.25991044089957627
206,206.0,206.32750404597837,0.23982625407947047,0.2642147054975745,0.2338768016985181,0.2620822387244372
207,207.0,207.32704297218277,0.2390866926124695,0.26704544222089044,0.23046016412040599,0.2634077010462343
208,208.0,208.32635757604493,0.23745879179461535,0.2713036032306183,0.22634249342080578,0.2648951115539608
209,209.0,209.32547714376042,0.23555156067306798,0.2756739943581495,0.22212987481366753,0.2666445701551153
210,210.0,210.32442998326675,0.23454984730225492,0.27869436544810505,0.2177394776163647,0.2690163096332756
211,211.0,211.3232432389898,0.23330764085033467,0.2811897528885811,0.21323893604083918,0.2722636702202453
212,212.0,212.3219427367506,0.23192331745184191,0.28324960593202564,0.20874617470257328,0.27608090191355944
213,213.0,213.32055285736786,0.22987659148707826,0.28682833691916476,0.2038327602186407,0.2794623113751165
214,214.0,214.31909643734969,0.22720951512766313,0.2895189067763937,0.19854115744971285,0.28473042064623055
215,215.0,215.31759469495987,0.22281639690725855,0.2940327014426067,0.1931935281584054,0.2899573734917296
216,216.0,216.3160671798594,0.2176477049281002,0.2976003024482851,0.1874739096648278,0.2972780829587871
217,217.0,217.3145317444704,0.21207789105606267,0.30225183752061,0.18169888877133455,0.303971382651993
218,218.0,218.3130045351756,0.2072278931060464,0.3075523720456971,0.17583114811962666,0.3093885867286301
219,219.0,219.3115000014585,0.20223330764207467,0.3134175611268737,0.17008821586294498,0.31426091536810685
220,220.0,220.31003092109856,0.19704194179387166,0.3186237433860714,0.16439221040335802,0.31994210441669907
221,221.0,221.3086084395636,0.19242057042484925,0.3236075209490418,0.15893094747262404,0.32504096115348513
222,222.0,222.30724212178654,0.1882526468434706,0.32892696957424356,0.15368627258316633,0.3291341109991198
223,223.0,223.3059400145693,0.18412692974920938,0.3344581981320719,0.1487365594273376,0.33267831269138143
224,224.0,224.3047087179281,0.1805612000533933,0.33963179023851725,0.14410506432734377,0.33570194538074605
225,225.0,225.30355346377172,0.17605938540153546,0.34455202896616965,0.13973867110555713,0.3396499145267381
226,226.0,226.30247820039327,0.17165622698829905,0.34918294100020086,0.13559256881931425,0.34356826319218614
227,227.0,227.30148568134877,0.1669431057974928,0.3536448568232219,0.13169833449139182,0.34771370288789377
228,228.0,228.30057755739523,0.16241958704041065,0.35771727005566534,0.12812199503387342,0.35174114787005073
229,229.0,229.29975447026305,0.15813920656036545,0.3612757472988591,0.12489585101534365,0.35568919512543196
230,230.0,230.2990161471415,0.15409406207222767,0.365140731694585,0.12199188721657493,0.3587733190166125
231,231.0,231.29836149486064,0.15030017172037893,0.36923150428352086,0.11940719529207033,0.36106112870402995
232,232.0,232.29778869285929,0.1473058925732788,0.37268679411887184,0.11730207376323164,0.3627052395446178
233,233.0,233.2972952841295,0.1448616576776873,0.375452194384092,0.11544070339758294,0.36424544454063784
234,234.0,234.29687826343138,0.14295128365777438,0.37756735940653274,0.11465557971573578,0.36482577721995724
235,235.0,235.29653416216877,0.14155286695173006,0.3793419232913727,0.11420240988620128,0.3649027998706961
236,236.0,236.2962591294107,0.14028004314334688,0.38152646697390563,0.11386888502005148,0.36432460486269613
237,237.0,237.29604900863438,0.13902697973983677,0.3831209242245077,0.11359359560117449,0.36425850043448116
238,238.0,238.29589940984934,0.13793709960097442,0.38401888017937746,0.11349934243987479,0.3645446777797734
239,239.0,239.2958057768443,0.13691652227905465,0.38550977374337747,0.11286340522110462,0.3647102987564633
240,240.0,240.29576344937132,0.13634306736096133,0.38639642013297093,0.1128826575970965,0.36437785490897134
241,241.0,241.2957677201519,0.13586239465466127,0.38590319529991124,0.11298614301408219,0.3652482670313454
242,242.0,242.29581388665292,0.13551455032927337,0.385235450541284,0.1131609045147716,0.3660890946146711
243,243.0,243.29589729763734,0.13532148924619708,0.38473217915637137,0.11342986320170605,0.36651646839572555
244,244.0,244.29601339454692,0.13516210069968634,0.38409878404388775,0.11371009271988836,0.36702902253653763
245,245.0,245.29615774782008,0.13503423683135696,0.3828928896746574,0.11452313619827811,0.3675497372957076
246,246.0,246.2963260882877,0.1349934855293734,0.38188304053556094,0.115335540777294,0.36778793315777175
247,247.0,247.2965143338257,0.13504431099305575,0.3804123886775344,0.11616602054791,0.3683772797814999
248,248.0,248.29671861147165,0.1352270167795088,0.3792571135860624,0.11700756899935862,0.3685083006350703
249,249.0,249.29693527523827,0.13541403870433644,0.377844087132533,0.11781301418640938,0.3689288599767213
250,250.0,250.29716091987584,0.13562032519623282,0.376709000346394,0.11861303914703042,0.36905763531034297
251,251.0,251.29739239085092,0.13582780271591646,0.3763535897137175,0.11937312902541612,0.36844547854495013
252,252.0,252.29762679081995,0.13603919292582872,0.3755877374292101,0.12009455487491481,0.36827851477004664
253,253.0,253.29786148288392,0.13624425433437293,0.37528508251686893,0.1203314971792353,0.3681391659695231
254,254.0,254.29809409091263,0.1367442635034694,0.3745827795397739,0.12050156211603565,0.3681713948407213
255,255.0,255.29832249722935,0.13718012614936526,0.3738228086298697,0.12063611536330021,0.36836094985746504
256,256.0,256.29854483794213,0.13754980396487346,0.37277173933464963,0.12073609378893985,0.3689423629115373
257,257.0,257.2987594962042,0.13783549528089847,0.37170942502489995,0.12078602068467044,0.3696690590095314
258,258.0,258.298965093678,0.13833000294750541,0.3704173561308809,0.12080300346603776,0.37044963745557624
259,259.0,259.29916048046766,0.13882861629505347,0.3692113123689093,0.12080992329064616,0.3711501480453914
260,260.0,260.2993447237737,0.1392967711834075,0.36768516355395237,0.12079299477623565,0.37222507048640485
261,261.0,261.29951709551136,0.13973861882329525,0.3661105604308973,0.12076116077379642,0.37338965997201135
262,262.0,262.29967705912014,0.1401096411555516,0.36441567546450626,0.12067410024112983,0.3748005831388127
263,263.0,263.29982425577685,0.14039186990242938,0.3628364740741554,0.1205532006630967,0.37621845536031895
264,264.0,264.29995849021014,0.1405872598066452,0.3613804735879823,0.12040149475564238,0.3776307718497306
265,265.0,265.300079716298,0.14109354191678725,0.35901416278168474,0.12024759746877828,0.3796446978327502
266,266.0,266.30018802261407,0.14151516607133452,0.35679613065816107,0.12006878858441233,0.3816199146860925
267,267.0,267.3002836180724,0.14185258637769452,0.35473699551891646,0.11986789376939329,0.38354252433399616
268,268.0,268.30036681780416,0.14215396028144445,0.3530574881304216,0.1196552602057306,0.3851332913824038
269,269.0,269.30043802938474,0.1423766676979408,0.3513762702878031,0.11942797500389331,0.38681908701036327
270,270.0,270.3004977395134,0.1425589765748366,0.3500571324736845,0.11919136787573019,0.3881925230757492
271,271.0,271.30054650123407,0.14793666223441418,0.34697401422177226,0.11725937834882892,0.38782994519498515
272,272.0,272.30058492177034,0.15330825556314376,0.34410513404970383,0.11526383893814608,0.3873227714490068
273,273.0,273.30061365103523,0.15861216647516965,0.3413900787841081,0.11323287414401137,0.3867648805967112
274,274.0,274.3006333708633,0.1637939649614373,0.3386574474902347,0.11118984600113602,0.38635874154719235
275,275.0,275.3006447849999,0.16887305864101612,0.3361210155548315,0.10916999745580609,0.3858359283483466
276,276.0,276.3006486098729,0.17370857659760464,0.3338202181715198,0.107223353538861,0.38524785169201486
277,277.0,277.30064556615986,0.17824154736541578,0.33151606526204547,0.10534738649590171,0.3848950008766373
278,278.0,278.3006363711565,0.18242540085544046,0.32925204529528806,0.10355244976158262,0.3847701040876891
279,279.0,279.3006217319419,0.18628168570185466,0.3272675066269975,0.10185152124096493,0.38459928643018315
280,280.0,280.3006023393293,0.18981029437487612,0.3256724799694253,0.10025880455848919,0.38425842109720965
281,281.0,281.30057886258476,0.19256157034667135,0.3242608793537441,0.0987687505349122,0.38440879976467257
282,282.0,282.3005519448888,0.19496373110294232,0.32332461109108607,0.09737824601599368,0.38433341178997815
283,283.0,283.3005221995136,0.19751777690282168,0.322524995572994,0.09608755185661581,0.38386967566756874
284,284.0,284.3004902066807,0.19993603595283857,0.3217199864153128,0.09490818300910207,0.38343579462274685
285,285.0,285.30045651106434,0.2021283566903795,0.32103578139255196,0.09381079926986138,0.3830250626472074
286,286.0,286.30042161989894,0.2043073251313831,0.3205314444695376,0.09280834119243234,0.38235288920664723
287,287.0,287.30038600165113,0.2064263239308426,0.3200780386894024,0.09188089023231924,0.381614747147436
288,288.0,288.30035008521156,0.20830566102081152,0.32011879616855965,0.09103276128168734,0.38054278152894166
289,289.0,289.30031425956383,0.20997723304061272,0.320186181131325,0.09027044680278365,0.37956613902527886
290,290.0,290.3002788738852,0.2116386959716752,0.3197838298740618,0.08960061592508065,0.37897685822918264
291,291.0,291.3002442380356,0.21302734846583085,0.3198548770280302,0.08899094841022005,0.3781268260959191
292,292.0,292.3002106233906,0.2141298268047543,0.3197899621338953,0.0884630582234372,0.37761715283791336
293,293.0,293.30017826397625,0.21503949232324981,0.32001551932677114,0.0879971716695949,0.37694781668038435
294,294.0,294.3001473578635,0.21577830970298884,0.3201360875133125,0.08759786387936193,0.37648773890433695
295,295.0,295.3001180687835,0.21628257459593195,0.32021838761358523,0.08727264917026843,0.3762263886202147
296,296.0,296.3000905279236,0.21661618407602257,0.3202877062269338,0.08700902825424428,0.3760870814427997
297,297.0,297.30006483587044,0.21679174129934592,0.31988473736648715,0.08680262443527731,0.37652089689889
298,298.0,298.3000410646639,0.21687100021024788,0.3193720094251202,0.08665093410950664,0.3771060562551257
299,299.0,299.3000192599314,0.21698061991629658,0.31880479780535353,0.08653732908101272,0.3776772531973377
300,300.0,300.2999994430728,0.21665013726220023,0.3184044705616334,0.08678881881243744,0.3781565733637295
301,301.0,301.29998161346936,0.2162143517185897,0.31800316805726786,0.08709370923119729,0.37868877099294573
302,302.0,302.29996575069157,0.21568667327235036,0.3172768291617504,0.08740989792347197,0.3796265996424278
303,303.0,303.2999518166846,0.2151168471165154,0.31668792528779754,0.08774176032425052,0.380453467271437
304,304.0,304.29993975791155,0.21451615848137998,0.3158718693443844,0.08808353682276837,0.3815284353514677
305,305.0,305.2999295074367,0.21386498972111972,0.31532212848952684,0.08842723005229995,0.3823856517370539
306,306.0,306.2999209869349,0.21330596182317507,0.3145811671232422,0.08878518188331064,0.3833276891702725
307,307.0,307.299914108614,0.21274345686940144,0.3134915137066168,0.08942467216368984,0.38434035726029236
308,308.0,308.29990877703904,0.21216665673502663,0.31214579361417644,0.09007361085160463,0.38561393879919276
309,309.0,309.29990489085117,0.21154835464381666,0.31126634793893265,0.09072133195654411,0.38646396546070705
310,310.0,310.29990234437355,0.21085990734419238,0.3103522788182351,0.09159335837245179,0.3871944554651211
311,311.0,311.29990102909994,0.21017559205813285,0.30955350424340783,0.09243027224110074,0.3878406314573589
312,312.0,312.2999008350628,0.20951771681552028,0.30899595718821166,0.09322035453104423,0.3882659714652242
313,313.0,313.29990165207863,0.2086277159179883,0.30849710020540316,0.09422227996177732,0.3886529039148316
314,314.0,314.29990337087213,0.207790361298909,0.30804654781710405,0.09516509087402195,0.3889980000099654
315,315.0,315.2999058840776,0.20700151275922662,0.3074628106377399,0.0960396904789487,0.3894959861240852
316,316.0,316.2999090871217,0.20628764114860904,0.30689512267463787,0.0968652453677764,0.38995199080897713
317,317.0,317.2999128789902,0.20560096478302772,0.30624301177100827,0.09761434613326882,0.3905416773126956
318,318.0,318.2999171628819,0.20494449242948912,0.3056386966221845,0.09828559459329114,0.39113121635503556
319,319.0,319.29992184675564,0.20444554722460478,0.3053408394993594,0.09868586950988995,0.3915277437661462
320,320.0,320.2999268437744,0.20451266991741202,0.30498203723786965,0.09896817315102198,0.39153711969369664
321,321.0,321.2999320726536,0.204632705692874,0.3045502365223624,0.09917897792909182,0.39163807985567206
322,322.0,322.29993745791836,0.20490185890753013,0.3040993374667209,0.0992232060487676,0.39177559757698166
323,323.0,323.2999429300774,0.2053050847405812,0.30363469113586733,0.09920021803387705,0.3918600060896747
324,324.0,324.29994842571983,0.20586163836908988,0.30309182145202446,0.0991167450179054,0.39192979516098053
325,325.0,325.2999538875408,0.2064153762402493,0.3027922183669294,0.09897670041830611,0.39181570497451546
326,326.0,326.2999592643043,0.20696663011597824,0.30235879553507844,0.09879033285983864,0.39188424148910495
327,327.0,327.29996451074834,0.20748883821743658,0.30221430185244713,0.09857527631155141,0.3917215836185652
328,328.0,328.2999695874405,0.2081889844406635,0.3015048579979443,0.09837937395016419,0.3919267836112283
329,329.0,329.29997446058906,0.2088690742963436,0.3007292158484321,0.09816176116489796,0.3922399486903266
330,330.0,330.2999791018169,0.20972063958985032,0.2996147749466581,0.09800324537608686,0.39266134008740494
331,331.0,331.2999834879038,0.21071502240181236,0.2984919170602426,0.09784593010786095,0.3929471304300843
332,332.0,332.2999876005029,0.21168825332913926,0.29743001925781254,0.09780838763459734,0.393073339778451
333,333.0,333.2999914258371,0.21267822253331595,0.2966111374027454,0.0977698037256238,0.392940836338315
334,334.0,334.29999495437954,0.2136233440154433,0.29593478927721634,0.097712352320798,0.39272951438654247
335,335.0,335.29999818052397,0.21431611384758528,0.29529206528422086,0.09790733601965852,0.3924844848485355
336,336.0,336.3000011022487,0.21494855663529308,0.294746735650404,0.09808176481937754,0.39222294289492554
337,337.0,337.3000037207785,0.21563578239982434,0.2943423604465921,0.0981212531391856,0.391900604014398
338,338.0,338.30000604024747,0.21626052458279976,0.2940887253647373,0.09813979855736686,0.3915109514950962
339,339.0,339.30000806736706,0.2169731489092551,0.2937824963602007,0.0980373151468982,0.3912070395836461
340,340.0,340.30000981110106,0.21758566386951705,0.2935314103790776,0.0979037295131338,0.3909791962382717
341,341.0,341.3000112823506,0.21811423457430262,0.2935400499599663,0.09776394694333476,0.3905817685223965
342,342.0,342.30001249365176,0.21865721288553056,0.29356410435982244,0.09759826779895169,0.39018041495569555
343,343.0,343.3000134588862,0.2196269372288414,0.29190559750147393,0.09767512677252303,0.3907923384971619
344,344.0,344.3000141930084,0.22054256723416527,0.29035431086417424,0.0977584641317497,0.3913446577699111
345,345.0,345.3000147117882,0.2213882076976517,0.2888178485914241,0.09783465032687796,0.39195929338404656
346,346.0,346.3000150315722,0.22216361252114258,0.2875527158932497,0.09790401593630245,0.3923796556493056
347,347.0,347.3000151690621,0.22319163302344708,0.28604072966032745,0.09782814755248295,0.39293948976374293
348,348.0,348.30001514111234,0.22416003816897737,0.2848828091320128,0.09774105988794429,0.39321609281106595
349,349.0,349.3000149645465,0.2251167723020622,0.2837785182713708,0.09762166784620735,0.39348304158036007
350,350.0,350.30001465599173,0.22537450494308756,0.2822843345932682,0.09698849465910292,0.39535266580454176
351,351.0,351.3000142317326,0.22520685473922059,0.28059282976026356,0.09602768044677903,0.39817263505373723
352,352.0,352.300013707582,0.22488122378615039,0.27881828572014117,0.09611146334935518,0.4001890271443537
353,353.0,353.30001309877065,0.2250146770222976,0.27698791559778285,0.09764844008728264,0.4003489672926373
354,354.0,354.3000124198527,0.2258562613725793,0.27524717645750335,0.09902985005097961,0.3998667121189381
355,355.0,355.300011684628,0.22732771437692456,0.27340386240505615,0.10073567504035025,0.39853274817766937
356,356.0,356.30001090607954,0.22840224695115327,0.27273860302802727,0.10256049660874787,0.39629865341207193
357,357.0,357.30001009632514,0.22939746538146724,0.27186251833725267,0.10423982950987284,0.3945001867714076
358,358.0,358.3000092665829,0.23183617971489318,0.2709124196415323,0.10438140501971913,0.3928699956238557
359,359.0,359.30000842714907,0.23388709309060388,0.269868635822528,0.10410028614657113,0.39214398494029723
360,360.0,360.3000075873871,0.23657233292584187,0.26864472281478746,0.10374932144522327,0.39103362281414766
361,361.0,361.30000675572745,0.23921733362314448,0.2674456892151491,0.10333128336441585,0.3900056937972909
362,362.0,362.30000593967657,0.2426222443755872,0.2654065342624645,0.1030645109466715,0.38890671041527713
363,363.0,363.30000514583395,0.2463537582192973,0.2633160776319291,0.1026708296531377,0.38765933449563617
364,364.0,364.30000437991725,0.24977991503120692,0.26128272087549065,0.10267069253253665,0.38626667156076605
365,365.0,365.300003646793,0.2534252483759853,0.2594924244683522,0.10253946326573274,0.38454286388993
366,366.0,366.3000029505133,0.25666868369258633,0.25776236357205723,0.10277075746979217,0.3827981952655645
367,367.0,367.3000022943565,0.25808499057215606,0.25635912005210426,0.10299061561944464,0.3825652737562953
368,368.0,368.30000168087173,0.25954280480301195,0.2559782440324677,0.10298545999567682,0.38149349116884385
369,369.0,369.30000111192675,0.26100131187767883,0.2554594084138106,0.10276339275271143,0.3807758869557995
370,370.0,370.30000058875703,0.26247917593653164,0.25569501172730846,0.10235158828251195,0.3794742240536482
371,371.0,371.3000001120167,0.2639351688610349,0.2559541627366852,0.10177081544367365,0.37833985295860656
372,372.0,372.3099996818302,0.26489333789183067,0.2562175459898924,0.10104170981539819,0.37784740630287905
373,373.0,373.3198992978441,0.26561983476500106,0.25714087892807785,0.10028805136925317,0.37695123493766813
374,374.0,374.3296099592781,0.26610817918015617,0.2579201735658356,0.09963973025678664,0.37633191699722185
375,375.0,375.339053454976,0.26641271391274834,0.2587834029516757,0.09900079795267978,0.3758030851828964
376,376.0,376.3481620665543,0.2665482525353772,0.2596094150707995,0.09837665861569803,0.37546567377812545
377,377.0,377.35687819630925,0.26657657679403485,0.25937042558927637,0.09782131519237444,0.3762316824243145
378,378.0,378.3651539311256,0.26646926120251657,0.25884824260408806,0.09729584411986106,0.3773866520735345
379,379.0,379.37295055314905,0.26623628596989235,0.25796338181637213,0.0967956805956893,0.37900465161804636
380,380.0,380.3802380074387,0.2658516730733899,0.2571046250572724,0.09628671644572073,0.38075698542361713
381,381.0,381.38699433622503,0.2653498223697057,0.25611933216602234,0.09577663672107252,0.3827542087431996
382,382.0,382.3932050887704,0.2647424085807942,0.255145177803754,0.09526378440885674,0.3848486292065953
383,383.0,383.39886271517355,0.26402122656514976,0.25418528472386104,0.09475625540143814,0.3870372333095513
384,384.0,384.40396595178464,0.2632721939938868,0.25341763260356215,0.09428736288882686,0.3890228105137244
385,385.0,385.4085192052168,0.2624918222283302,0.2526913210270262,0.09385872277096456,0.3909581339736793
386,386.0,386.4125319412536,0.2617069267969277,0.25186969928704744,0.09347167173725428,0.39295170217877085
387,387.0,387.4160180842741,0.26091455354597315,0.25102733608599653,0.09312731247934118,0.39493079788868946
388,388.0,388.4189954321499,0.2601345540964833,0.2502078236714732,0.09282533154449314,0.39683229068755066
389,389.0,389.42148509091663,0.25935047382206944,0.24944962528313394,0.09255131976343998,0.39864858113135687
390,390.0,390.4235109328975,0.2585888186917317,0.24875626728931838,0.09231153790736168,0.40034337611158843
391,391.0,391.4250990813513,0.25785638031224745,0.24799384042078065,0.09210552622737057,0.40204425303960156
392,392.0,392.4262774241462,0.2571386837442306,0.24718549262076306,0.09193967620390266,0.40373614743110403
393,393.0,393.42707515842017,0.25647202872401514,0.2460209735180939,0.09183069366083367,0.4056763040970576
394,394.0,394.4275223676825,0.25580759485699595,0.24487841552823078,0.09172136705309893,0.4075926225616747
395,395.0,395.4276496323418,0.25523411712559146,0.24398906661773692,0.09162002971231235,0.4091567865443596
396,396.0,396.42748767421176,0.254685618261817,0.24320973606942206,0.09154478868057055,0.41055985698819075
397,397.0,397.4270670351526,0.25417807238053425,0.24260029512991693,0.09162984951620637,0.4115917829733428
398,398.0,398.42641778964787,0.2536886501184974,0.24194321144109782,0.09171290027869458,0.41265523816171057
399,399.0,399.4255692907971,0.25322772049368936,0.24139347090843508,0.09181372993814349,0.41356507865973235
400,400.0,400.42454994892347,0.25280286848722894,0.24105394512973824,0.09193295083116422,0.41421023555186887
401,401.0,401.42338704174796,0.25239126583187194,0.2406114511202699,0.09205193126090086,0.41494535178695763
402,402.0,402.42210655487247,0.2520096713225463,0.24031003743275323,0.0921582577398025,0.4155220335048983
403,403.0,403.4207330511358,0.25167206980818646,0.24012867641747304,0.09227392632749185,0.41592532744684907
404,404.0,404.41928956726144,0.251607513741903,0.24088949460159353,0.09429647403393916,0.4132065176225647
405,405.0,405.41779753610194,0.2513421029053497,0.2415392685995006,0.09583369320634405,0.4112849352888061
406,406.0,406.4162767326973,0.2511142777515841,0.24216866306426083,0.09732983283631441,0.40938722634784114
407,407.0,407.41474524230625,0.25091916216404897,0.24287348935436695,0.09876878990663909,0.4074385585749455
408,408.0,408.4132194485312,0.2508385120413812,0.24347648917127024,0.1001551547865919,0.4055298440007572
409,409.0,409.41171403964836,0.25078354503713,0.24417048193301494,0.10147268490190571,0.40357328812794985
410,410.0,410.4102420312573,0.25077729797096676,0.2449039272037061,0.10274250530328033,0.40157626952204734
411,411.0,411.40881480339283,0.2507849666358485,0.24561036221099483,0.10391830843171435,0.39968636272144287
412,412.0,412.4074421502809,0.25099213289785166,0.2462942687657708,0.10502491408217515,0.3976886842542029
413,413.0,413.40613234097725,0.25120208828665513,0.24703533646296946,0.10604339790850509,0.3957191773418708
414,414.0,414.40489218919424,0.251499331721161,0.24758140282000846,0.10696829085930218,0.39395097459952877
415,415.0,415.40372713069763,0.25179992760837755,0.24804719470670494,0.10780068762254366,0.3923521900623742
416,416.0,416.4026413067437,0.252100015263642,0.24843218554733015,0.10854086449870332,0.3909269346903249
417,417.0,417.4016376521177,0.25241261988641434,0.24856463238842758,0.10919183787997652,0.3898309098451819
418,418.0,418.40071798643316,0.2528111967823019,0.24883759615268863,0.1098615659102383,0.38848964115477147
419,419.0,419.3998831074527,0.25318898366161147,0.2489696786334566,0.11044994586397454,0.3873913918409577
420,420.0,420.3991328852958,0.2535506072210173,0.24901153849944827,0.11095702573765533,0.3864808285418794
421,421.0,421.3984663565016,0.25483901770485035,0.24982835414550209,0.11145051129071766,0.38388211685893014
422,422.0,422.3978818170218,0.25637536758014795,0.25051324973933237,0.11177788475631822,0.3813334979242016
423,423.0,423.3973769133198,0.2580930682953521,0.25121126658983894,0.11192868489202659,0.3787669802227825
424,424.0,424.3969487308548,0.2597389858579628,0.251929996114686,0.11200663828361833,0.376324379743733
425,425.0,425.3965938793277,0.26132409065212997,0.2526075149325581,0.11202712769669315,0.3740412667186188
426,426.0,426.39630857416006,0.2628515429444285,0.2531022176549524,0.11199655741291172,0.37204968198770755
427,427.0,427.3960887137676,0.26431437491028564,0.25352080193054755,0.11192039663300866,0.37024442652615824
428,428.0,428.3959299522767,0.2656971315850498,0.25400620909258154,0.11180047941076177,0.36849617991160705
429,429.0,429.3958277674121,0.26698741984361407,0.2544301527181673,0.11173007962607906,0.3668523478121397
430,430.0,430.39577752335987,0.26818829179958986,0.2548084054511354,0.11162562418801722,0.36537767856125763
431,431.0,431.39577452847925,0.2691204199463361,0.25537846059252484,0.1114930755119835,0.36400804394915565
432,432.0,432.3958140878019,0.2699601704794148,0.2559476656964157,0.1113329949491435,0.36275916887502613
433,433.0,433.3958915503142,0.27125996958453763,0.2570261834950528,0.11282029870313251,0.3588935482172772
434,434.0,434.3960023510722,0.27248639993903456,0.2583306996943772,0.11416741382176626,0.3550154865448221
435,435.0,435.3961420482437,0.2736211553406298,0.25976481642172833,0.1154681723886232,0.35114585584901875
436,436.0,436.3963063552156,0.2746506992692237,0.26121059675822167,0.11671635879927308,0.3474223451732817
437,437.0,437.39649116793817,0.2755776632066877,0.2625802433238603,0.11790595129215876,0.3439361421772934
438,438.0,438.396692587709,0.2767280394417245,0.26552035258374296,0.11967337758055244,0.3380782303939803
439,439.0,439.39690693962575,0.27777353807555094,0.268405599842735,0.12136302082962953,0.3324578412520848
440,440.0,440.39713078695456,0.2787206954480656,0.27117272251657754,0.12297226647694685,0.3271343155584102
441,441.0,441.3973609416809,0.27957970027182283,0.2737698336503222,0.12448966280561136,0.3221608032722437
442,442.0,442.39759447151783,0.2803491603778969,0.27648736888793485,0.12591396667233223,0.3172495040618361
443,443.0,443.39782870365593,0.2810271999888332,0.27909775149656046,0.12724209409555212,0.3126329544190543
444,444.0,444.39806122554364,0.28350068406034373,0.2803785248910868,0.12727287183320263,0.30884791921536703
445,445.0,445.39828988298717,0.2853580314914713,0.28131242742233187,0.1269631079060855,0.3063664331801115
446,446.0,446.39851277585643,0.2870870031129231,0.2821924147174267,0.12656567229835236,0.304154909871298
447,447.0,447.3987282516802,0.2886850245525909,0.2830780048962291,0.12752288144753432,0.3007140891036458
448,448.0,448.39893489740484,0.29104787780673813,0.28369907206353967,0.12804074824327444,0.2972123018864478
449,449.0,449.3991315295829,0.29397276972389924,0.28404107082590646,0.12820749243634158,0.2937786670138527
450,450.0,450.3993171832474,0.29676303523472397,0.2843400987408516,0.1283072155684648,0.29058965045595964
451,451.0,451.3994910997129,0.2999348706235228,0.28434801817038835,0.1281216415562043,0.28759546964988447
452,452.0,452.3996527135348,0.30293122918216614,0.2843001028350477,0.12789441181081,0.28487425617197615
453,453.0,453.3998016388391,0.30573057486904004,0.28427547480911103,0.12761701438595086,0.282376935935898
454,454.0,454.3999376552246,0.30920161495418075,0.283821950364158,0.12726901778875688,0.27970741689290435
455,455.0,455.40006069341933,0.3124773167684457,0.2837315521804529,0.1269116430350643,0.2768794880160371
456,456.0,456.40017082086035,0.3160066599365973,0.28342169983435683,0.12635044542987436,0.27422119479917156
457,457.0,457.4002682273487,0.3197358687840447,0.2829651559070544,0.12559708357961974,0.2717018917292813
458,458.0,458.4003532109148,0.32282043246392716,0.2824320193354201,0.12545149206366804,0.2692960561369849
459,459.0,459.400426164015,0.3260292818288908,0.2817954957987369,0.12511471296793222,0.2670605094044403
460,460.0,460.4004875601651,0.329228367582491,0.2810042476895791,0.12461281518679279,0.26515456954113736
461,461.0,461.40053794109855,0.3323503759234334,0.2801418515457628,0.12408118512534169,0.2634265874054624
462,462.0,462.40057790452767,0.33528324371105944,0.27909137065592926,0.12370073976919053,0.26192464586382114
463,463.0,463.4006080925685,0.33824103847077536,0.27826574110220936,0.12321165704943685,0.2602815633775788
464,464.0,464.40062918087966,0.34092041546018165,0.2774542253855201,0.12273842751527589,0.2588869316390227
465,465.0,465.4006418685509,0.3429705559123084,0.276689827753853,0.12219567186539884,0.25814394446844013
466,466.0,466.4006468687695,0.34486539327597293,0.276015112859314,0.12158592767471935,0.25753356618999407
467,467.0,467.40064490027856,0.34649816149376184,0.2753708869569059,0.12100255585831936,0.25712839569101326
468,468.0,468.400636679634,0.3479323096200756,0.27493605269247534,0.1204297502621428,0.25670188742530664
469,469.0,469.40062291425744,0.3491050481209249,0.2746992642181779,0.11986992042653034,0.2563257672343672
470,470.0,470.400604296276,0.3500798967831192,0.27459162305431295,0.11932230124607895,0.25600617891648925
471,471.0,471.40058149712996,0.3508638471600889,0.2748382244985614,0.11883792504289781,0.25546000329845225
472,472.0,472.4005551629272,0.3516485334483649,0.2750154087431426,0.11828390479289241,0.2550521530156004
473,473.0,473.4005259105155,0.35283455791875395,0.2758199893771019,0.11689317551910176,0.25445227718504276
474,474.0,474.4104943242398,0.35390920348884236,0.2765197496171578,0.11556430092002125,0.25400674597397893
475,475.0,475.42036095334925,0.35480051166170196,0.2771626178617301,0.1142829838141863,0.253753886662382
476,476.0,476.4300373100143,0.3555253565114761,0.27780189189500215,0.11306659839351704,0.2536061532000051
477,477.0,477.43944565791264,0.35613918855355453,0.27841838050303447,0.11190327148405446,0.253539159459357
478,478.0,478.44851871444206,0.3567689888998522,0.27936845575970076,0.11083060014945866,0.25303195519098887
479,479.0,479.4671992781741,0.3572944948744055,0.28036768309704696,0.10980877929332929,0.25252904273521876
480,480.0,480.48533979275123,0.3577237271006537,0.2814062268199234,0.10884083092706208,0.2520292151523613
481,481.0,481.5028128579432,0.3579689346907462,0.2826118539196576,0.10793948862326708,0.2514797227663297
482,482.0,482.5195104880365,0.3581541026320782,0.28362778783437875,0.10711949343739674,0.2510986160961468
483,483.0,483.5353432502401,0.3581801108985224,0.2847140288048357,0.10646636624402953,0.25063949405261277
484,484.0,484.5502393037209,0.35815348521864426,0.28579667565548494,0.10587586348542416,0.25017397564044697
