,Unnamed: 0,Total_iterations,Intertwine_two,Invert_path_vertices,Insert_inside_vertex,Delete_inside_vertex,Replace_inside_vertex,Donate_between_routes,Trim_one_terminal_cb,Grow_one_terminal_cb
0,0.0,0.0,0.125,0.125,0.125,0.125,0.125,0.125,0.125,0.125
1,1.0,1.0,0.125,0.125,0.125,0.125,0.125,0.125,0.125,0.125
2,2.0,2.0,0.125,0.125,0.125,0.125,0.125,0.125,0.125,0.125
3,3.0,3.0,0.125,0.125,0.125,0.125,0.125,0.125,0.125,0.125
4,4.0,4.0,0.125,0.125,0.125,0.125,0.125,0.125,0.125,0.125
5,5.0,5.0,0.125,0.125,0.125,0.125,0.125,0.125,0.125,0.125
6,6.0,6.0,0.125,0.125,0.125,0.125,0.125,0.125,0.125,0.125
7,7.0,7.0,0.125,0.125,0.125,0.125,0.125,0.125,0.125,0.125
8,8.0,8.0,0.125,0.125,0.125,0.125,0.125,0.125,0.125,0.125
9,9.0,9.0,0.125,0.125,0.125,0.125,0.125,0.125,0.125,0.125
10,10.0,10.0,0.125,0.125,0.125,0.125,0.125,0.125,0.125,0.125
11,11.0,11.0,0.125,0.125,0.125,0.125,0.125,0.125,0.125,0.125
12,12.0,12.0,0.125,0.125,0.125,0.125,0.125,0.125,0.125,0.125
13,13.0,13.0,0.125,0.125,0.125,0.125,0.125,0.125,0.125,0.125
14,14.0,14.0,0.125,0.125,0.125,0.125,0.125,0.125,0.125,0.125
15,15.0,15.0,0.125,0.125,0.125,0.125,0.125,0.125,0.125,0.125
16,16.0,16.0,0.125,0.125,0.125,0.125,0.125,0.125,0.125,0.125
17,17.0,17.0,0.125,0.125,0.125,0.125,0.125,0.125,0.125,0.125
18,18.0,18.0,0.125,0.125,0.125,0.125,0.125,0.125,0.125,0.125
19,19.0,19.0,0.125,0.125,0.125,0.125,0.125,0.125,0.125,0.125
20,20.0,20.0,0.125,0.125,0.125,0.125,0.125,0.125,0.125,0.125
21,21.0,21.0,0.125,0.125,0.125,0.125,0.125,0.125,0.125,0.125
22,22.0,22.0,0.125,0.125,0.125,0.125,0.125,0.125,0.125,0.125
23,23.0,23.0,0.125,0.125,0.125,0.125,0.125,0.125,0.125,0.125
24,24.0,24.0,0.125,0.125,0.125,0.125,0.125,0.125,0.125,0.125
25,25.0,25.0,0.125,0.125,0.125,0.125,0.125,0.125,0.125,0.125
26,26.0,26.0,0.125,0.125,0.125,0.125,0.125,0.125,0.125,0.125
27,27.0,27.0,0.125,0.125,0.125,0.125,0.125,0.125,0.125,0.125
28,28.0,28.0,0.125,0.125,0.125,0.125,0.125,0.125,0.125,0.125
29,29.0,29.0,0.125,0.125,0.125,0.125,0.125,0.125,0.125,0.125
30,30.0,30.0,0.125,0.125,0.125,0.125,0.125,0.125,0.125,0.125
31,31.0,31.0,0.125,0.125,0.125,0.125,0.125,0.125,0.125,0.125
32,32.0,32.0,0.125,0.125,0.125,0.125,0.125,0.125,0.125,0.125
33,33.0,33.0,0.125,0.125,0.125,0.125,0.125,0.125,0.125,0.125
34,34.0,34.0,0.125,0.125,0.125,0.125,0.125,0.125,0.125,0.125
35,35.0,35.0,0.125,0.125,0.125,0.125,0.125,0.125,0.125,0.125
36,36.0,36.0,0.125,0.125,0.125,0.125,0.125,0.125,0.125,0.125
37,37.0,37.0,0.125,0.125,0.125,0.125,0.125,0.125,0.125,0.125
38,38.0,38.0,0.125,0.125,0.125,0.125,0.125,0.125,0.125,0.125
39,39.0,39.0,0.125,0.125,0.125,0.125,0.125,0.125,0.125,0.125
40,40.0,40.0,0.125,0.125,0.125,0.125,0.125,0.125,0.125,0.125
41,41.0,41.0,0.125,0.125,0.125,0.125,0.125,0.125,0.125,0.125
42,42.0,42.0,0.125,0.125,0.125,0.125,0.125,0.125,0.125,0.125
43,43.0,43.0,0.125,0.125,0.125,0.125,0.125,0.125,0.125,0.125
44,44.0,44.0,0.125,0.125,0.125,0.125,0.125,0.125,0.125,0.125
45,45.0,45.0,0.125,0.125,0.125,0.125,0.125,0.125,0.125,0.125
46,46.0,46.0,0.125,0.125,0.125,0.125,0.125,0.125,0.125,0.125
47,47.0,47.0,0.125,0.125,0.125,0.125,0.125,0.125,0.125,0.125
48,48.0,48.0,0.125,0.125,0.125,0.125,0.125,0.125,0.125,0.125
49,49.0,49.0,0.125,0.125,0.125,0.125,0.125,0.125,0.125,0.125
50,50.0,50.0,0.125,0.125,0.125,0.125,0.125,0.125,0.125,0.125
51,51.0,51.0,0.125,0.125,0.125,0.125,0.125,0.125,0.125,0.125
52,52.0,52.0,0.125,0.125,0.125,0.125,0.125,0.125,0.125,0.125
53,53.0,53.0,0.125,0.125,0.125,0.125,0.125,0.125,0.125,0.125
54,54.0,54.0,0.125,0.125,0.125,0.125,0.125,0.125,0.125,0.125
55,55.0,55.0,0.125,0.125,0.125,0.125,0.125,0.125,0.125,0.125
56,56.0,56.0,0.125,0.125,0.125,0.125,0.125,0.125,0.125,0.125
57,57.0,57.0,0.125,0.125,0.125,0.125,0.125,0.125,0.125,0.125
58,58.0,58.0,0.125,0.125,0.125,0.125,0.125,0.125,0.125,0.125
59,59.0,59.0,0.125,0.125,0.125,0.125,0.125,0.125,0.125,0.125
60,60.0,60.0,0.125,0.125,0.125,0.125,0.125,0.125,0.125,0.125
61,61.0,61.0,0.125,0.125,0.125,0.125,0.125,0.125,0.125,0.125
62,62.0,62.0,0.125,0.125,0.125,0.125,0.125,0.125,0.125,0.125
63,63.0,63.0,0.125,0.125,0.125,0.125,0.125,0.125,0.125,0.125
64,64.0,64.0,0.125,0.125,0.125,0.125,0.125,0.125,0.125,0.125
65,65.0,65.0,0.125,0.125,0.125,0.125,0.125,0.125,0.125,0.125
66,66.0,66.0,0.125,0.125,0.125,0.125,0.125,0.125,0.125,0.125
67,67.0,67.0,0.125,0.125,0.125,0.125,0.125,0.125,0.125,0.125
68,68.0,68.0,0.125,0.125,0.125,0.125,0.125,0.125,0.125,0.125
69,69.0,69.0,0.125,0.125,0.125,0.125,0.125,0.125,0.125,0.125
70,70.0,70.0,0.125,0.125,0.125,0.125,0.125,0.125,0.125,0.125
71,71.0,71.0,0.125,0.125,0.125,0.125,0.125,0.125,0.125,0.125
72,72.0,72.0,0.125,0.125,0.125,0.125,0.125,0.125,0.125,0.125
73,73.0,73.0,0.125,0.125,0.125,0.125,0.125,0.125,0.125,0.125
74,74.0,74.0,0.125,0.125,0.125,0.125,0.125,0.125,0.125,0.125
75,75.0,75.0,0.125,0.125,0.125,0.125,0.125,0.125,0.125,0.125
76,76.0,76.0,0.125,0.125,0.125,0.125,0.125,0.125,0.125,0.125
77,77.0,77.0,0.125,0.125,0.125,0.125,0.125,0.125,0.125,0.125
78,78.0,78.0,0.125,0.125,0.125,0.125,0.125,0.125,0.125,0.125
79,79.0,79.0,0.125,0.125,0.125,0.125,0.125,0.125,0.125,0.125
80,80.0,80.0,0.125,0.125,0.125,0.125,0.125,0.125,0.125,0.125
81,81.0,81.0,0.125,0.125,0.125,0.125,0.125,0.125,0.125,0.125
82,82.0,82.0,0.125,0.125,0.125,0.125,0.125,0.125,0.125,0.125
83,83.0,83.0,0.125,0.125,0.125,0.125,0.125,0.125,0.125,0.125
84,84.0,84.0,0.125,0.125,0.125,0.125,0.125,0.125,0.125,0.125
85,85.0,85.0,0.125,0.125,0.125,0.125,0.125,0.125,0.125,0.125
86,86.0,86.1,0.125,0.125,0.125,0.125,0.125,0.125,0.125,0.125
87,87.0,87.1,0.125,0.125,0.125,0.125,0.125,0.125,0.125,0.125
88,88.0,88.1,0.125,0.125,0.125,0.125,0.125,0.125,0.125,0.125
89,89.0,89.1,0.125,0.125,0.125,0.125,0.125,0.125,0.125,0.125
90,90.0,90.1,0.125,0.125,0.125,0.125,0.125,0.125,0.125,0.125
91,91.0,91.1,0.125,0.125,0.125,0.125,0.125,0.125,0.125,0.125
92,92.0,92.1,0.125,0.125,0.125,0.125,0.125,0.125,0.125,0.125
93,93.0,93.1,0.125,0.125,0.125,0.125,0.125,0.125,0.125,0.125
94,94.0,94.1,0.125,0.125,0.125,0.125,0.125,0.125,0.125,0.125
95,95.0,95.1,0.125,0.125,0.125,0.125,0.125,0.125,0.125,0.125
96,96.0,96.1,0.125,0.125,0.125,0.125,0.125,0.125,0.125,0.125
97,97.0,97.1,0.125,0.125,0.125,0.125,0.125,0.125,0.125,0.125
98,98.0,98.1,0.125,0.125,0.125,0.125,0.125,0.125,0.125,0.125
99,99.0,99.2,0.125,0.125,0.125,0.125,0.125,0.125,0.125,0.125
100,100.0,100.2,0.125,0.125,0.125,0.125,0.125,0.125,0.125,0.125
101,101.0,101.2,0.125,0.125,0.125,0.125,0.125,0.125,0.125,0.125
102,102.0,102.2,0.125,0.125,0.125,0.125,0.125,0.125,0.125,0.125
103,103.0,103.2,0.125,0.125,0.125,0.125,0.125,0.125,0.125,0.125
104,104.0,104.2,0.125,0.125,0.125,0.125,0.125,0.125,0.125,0.125
105,105.0,105.2,0.125,0.125,0.125,0.125,0.125,0.125,0.125,0.125
106,106.0,106.2,0.125,0.125,0.125,0.125,0.125,0.125,0.125,0.125
107,107.0,107.2,0.125,0.125,0.125,0.125,0.125,0.125,0.125,0.125
108,108.0,108.2,0.125,0.125,0.125,0.125,0.125,0.125,0.125,0.125
109,109.0,109.2,0.125,0.125,0.125,0.125,0.125,0.125,0.125,0.125
110,110.0,110.2,0.125,0.125,0.125,0.125,0.125,0.125,0.125,0.125
111,111.0,111.2,0.125,0.125,0.125,0.125,0.125,0.125,0.125,0.125
112,112.0,112.2,0.125,0.125,0.125,0.125,0.125,0.125,0.125,0.125
113,113.0,113.2,0.125,0.125,0.125,0.125,0.125,0.125,0.125,0.125
114,114.0,114.2,0.125,0.125,0.125,0.125,0.125,0.125,0.125,0.125
115,115.0,115.2,0.125,0.125,0.125,0.125,0.125,0.125,0.125,0.125
116,116.0,116.2,0.125,0.125,0.125,0.125,0.125,0.125,0.125,0.125
117,117.0,117.2,0.125,0.125,0.125,0.125,0.125,0.125,0.125,0.125
118,118.0,118.2,0.125,0.125,0.125,0.125,0.125,0.125,0.125,0.125
119,119.0,119.2,0.125,0.125,0.125,0.125,0.125,0.125,0.125,0.125
120,120.0,120.2,0.125,0.125,0.125,0.125,0.125,0.125,0.125,0.125
121,121.0,121.2,0.125,0.125,0.125,0.125,0.125,0.125,0.125,0.125
122,122.0,122.2,0.125,0.125,0.125,0.125,0.125,0.125,0.125,0.125
123,123.0,123.2,0.125,0.125,0.125,0.125,0.125,0.125,0.125,0.125
124,124.0,124.2,0.125,0.125,0.125,0.125,0.125,0.125,0.125,0.125
125,125.0,125.2,0.125,0.125,0.125,0.125,0.125,0.125,0.125,0.125
126,126.0,126.2,0.125,0.125,0.125,0.125,0.125,0.125,0.125,0.125
127,127.0,127.2,0.125,0.125,0.125,0.125,0.125,0.125,0.125,0.125
128,128.0,128.2,0.125,0.125,0.125,0.125,0.125,0.125,0.125,0.125
129,129.0,129.2,0.125,0.125,0.125,0.125,0.125,0.125,0.125,0.125
130,130.0,130.2,0.125,0.125,0.125,0.125,0.125,0.125,0.125,0.125
131,131.0,131.2,0.125,0.125,0.125,0.125,0.125,0.125,0.125,0.125
132,132.0,132.2,0.125,0.125,0.125,0.125,0.125,0.125,0.125,0.125
133,133.0,133.2,0.125,0.125,0.125,0.125,0.125,0.125,0.125,0.125
134,134.0,134.2,0.125,0.125,0.125,0.125,0.125,0.125,0.125,0.125
135,135.0,135.2,0.125,0.125,0.125,0.125,0.125,0.125,0.125,0.125
136,136.0,136.2,0.125,0.125,0.125,0.125,0.125,0.125,0.125,0.125
137,137.0,137.2,0.125,0.125,0.125,0.125,0.125,0.125,0.125,0.125
138,138.0,138.2,0.125,0.125,0.125,0.125,0.125,0.125,0.125,0.125
139,139.0,139.2,0.125,0.125,0.125,0.125,0.125,0.125,0.125,0.125
140,140.0,140.2,0.125,0.125,0.125,0.125,0.125,0.125,0.125,0.125
141,141.0,141.2,0.125,0.125,0.125,0.125,0.125,0.125,0.125,0.125
142,142.0,142.2,0.125,0.125,0.125,0.125,0.125,0.125,0.125,0.125
143,143.0,143.2,0.125,0.125,0.125,0.125,0.125,0.125,0.125,0.125
144,144.0,144.2,0.125,0.125,0.125,0.125,0.125,0.125,0.125,0.125
145,145.0,145.2,0.125,0.125,0.125,0.125,0.125,0.125,0.125,0.125
146,146.0,146.2,0.125,0.125,0.125,0.125,0.125,0.125,0.125,0.125
147,147.0,147.2,0.125,0.125,0.125,0.125,0.125,0.125,0.125,0.125
148,148.0,148.2,0.125,0.125,0.125,0.125,0.125,0.125,0.125,0.125
149,149.0,149.2,0.125,0.125,0.125,0.125,0.125,0.125,0.125,0.125
150,150.0,150.2,0.125,0.125,0.125,0.125,0.125,0.125,0.125,0.125
151,151.0,151.2,0.125,0.125,0.125,0.125,0.125,0.125,0.125,0.125
152,152.0,152.2,0.125,0.125,0.125,0.125,0.125,0.125,0.125,0.125
153,153.0,153.2,0.125,0.125,0.125,0.125,0.125,0.125,0.125,0.125
154,154.0,154.2,0.125,0.125,0.125,0.125,0.125,0.125,0.125,0.125
155,155.0,155.2,0.125,0.125,0.125,0.125,0.125,0.125,0.125,0.125
156,156.0,156.2,0.125,0.125,0.125,0.125,0.125,0.125,0.125,0.125
157,157.0,157.2,0.125,0.125,0.125,0.125,0.125,0.125,0.125,0.125
158,158.0,158.2,0.125,0.125,0.125,0.125,0.125,0.125,0.125,0.125
159,159.0,159.2,0.125,0.125,0.125,0.125,0.125,0.125,0.125,0.125
160,160.0,160.2,0.125,0.125,0.125,0.125,0.125,0.125,0.125,0.125
161,161.0,161.2,0.125,0.125,0.125,0.125,0.125,0.125,0.125,0.125
162,162.0,162.2,0.125,0.125,0.125,0.125,0.125,0.125,0.125,0.125
163,163.0,163.2,0.125,0.125,0.125,0.125,0.125,0.125,0.125,0.125
164,164.0,164.2,0.125,0.125,0.125,0.125,0.125,0.125,0.125,0.125
165,165.0,165.2,0.125,0.125,0.125,0.125,0.125,0.125,0.125,0.125
166,166.0,166.2,0.125,0.125,0.125,0.125,0.125,0.125,0.125,0.125
167,167.0,167.2,0.125,0.125,0.125,0.125,0.125,0.125,0.125,0.125
168,168.0,168.2,0.125,0.125,0.125,0.125,0.125,0.125,0.125,0.125
169,169.0,169.2,0.125,0.125,0.125,0.125,0.125,0.125,0.125,0.125
170,170.0,170.2,0.125,0.125,0.125,0.125,0.125,0.125,0.125,0.125
171,171.0,171.2,0.125,0.125,0.125,0.125,0.125,0.125,0.125,0.125
172,172.0,172.2,0.125,0.125,0.125,0.125,0.125,0.125,0.125,0.125
173,173.0,173.2,0.125,0.125,0.125,0.125,0.125,0.125,0.125,0.125
174,174.0,174.2,0.125,0.125,0.125,0.125,0.125,0.125,0.125,0.125
175,175.0,175.2,0.125,0.125,0.125,0.125,0.125,0.125,0.125,0.125
176,176.0,176.2,0.125,0.125,0.125,0.125,0.125,0.125,0.125,0.125
177,177.0,177.2,0.125,0.125,0.125,0.125,0.125,0.125,0.125,0.125
178,178.0,178.2,0.125,0.125,0.125,0.125,0.125,0.125,0.125,0.125
179,179.0,179.2,0.125,0.125,0.125,0.125,0.125,0.125,0.125,0.125
180,180.0,180.2,0.125,0.125,0.125,0.125,0.125,0.125,0.125,0.125
181,181.0,181.2,0.125,0.125,0.125,0.125,0.125,0.125,0.125,0.125
182,182.0,182.2,0.125,0.125,0.125,0.125,0.125,0.125,0.125,0.125
183,183.0,183.2,0.125,0.125,0.125,0.125,0.125,0.125,0.125,0.125
184,184.0,184.2,0.125,0.125,0.125,0.125,0.125,0.125,0.125,0.125
185,185.0,185.2,0.125,0.125,0.125,0.125,0.125,0.125,0.125,0.125
186,186.0,186.2,0.125,0.125,0.125,0.125,0.125,0.125,0.125,0.125
187,187.0,187.2,0.125,0.125,0.125,0.125,0.125,0.125,0.125,0.125
188,188.0,188.2,0.125,0.125,0.125,0.125,0.125,0.125,0.125,0.125
189,189.0,189.2,0.125,0.125,0.125,0.125,0.125,0.125,0.125,0.125
190,190.0,190.2,0.125,0.125,0.125,0.125,0.125,0.125,0.125,0.125
191,191.0,191.2,0.125,0.125,0.125,0.125,0.125,0.125,0.125,0.125
192,192.0,192.3,0.125,0.125,0.125,0.125,0.125,0.125,0.125,0.125
193,193.0,193.3,0.125,0.125,0.125,0.125,0.125,0.125,0.125,0.125
194,194.0,194.3,0.125,0.125,0.125,0.125,0.125,0.125,0.125,0.125
195,195.0,195.3,0.125,0.125,0.125,0.125,0.125,0.125,0.125,0.125
196,196.0,196.3,0.125,0.125,0.125,0.125,0.125,0.125,0.125,0.125
197,197.0,197.3,0.125,0.125,0.125,0.125,0.125,0.125,0.125,0.125
198,198.0,198.3,0.125,0.125,0.125,0.125,0.125,0.125,0.125,0.125
199,199.0,199.3,0.12361111111111112,0.12361111111111112,0.12361111111111112,0.12361111111111112,0.12361111111111112,0.12361111111111112,0.13472222222222224,0.12361111111111112
200,200.0,200.3,0.11769230769230768,0.11769230769230768,0.11769230769230768,0.12538461538461537,0.11769230769230768,0.11769230769230768,0.15076923076923077,0.13538461538461538
201,201.0,201.3,0.11352564102564103,0.12463675213675214,0.11352564102564103,0.13232905982905982,0.11352564102564103,0.11352564102564103,0.1466025641025641,0.1423290598290598
202,202.0,202.3,0.12102564102564102,0.12213675213675212,0.12213675213675212,0.12871794871794873,0.11102564102564101,0.11102564102564101,0.1441025641025641,0.13982905982905983
203,203.0,203.3,0.11698523698523697,0.11789432789432788,0.1178943278943279,0.14376845376845376,0.10789432789432789,0.10789432789432789,0.150971250971251,0.13669774669774667
204,204.0,204.3,0.12405594405594404,0.11587412587412586,0.11587412587412586,0.14174825174825173,0.10587412587412585,0.10587412587412585,0.14713286713286716,0.14356643356643356
205,205.0,205.3,0.12163170163170163,0.11329836829836828,0.11420745920745919,0.13917249417249417,0.10420745920745919,0.10420745920745919,0.16137529137529139,0.14189976689976685
206,206.0,206.3,0.1185314685314685,0.11993006993006991,0.11083916083916083,0.1367132867132867,0.10174825174825175,0.10174825174825175,0.15699300699300697,0.15349650349650348
207,207.0,207.3,0.12381784881784878,0.11786546786546785,0.1095321345321345,0.13464868464868462,0.10044122544122543,0.10044122544122543,0.1616133866133866,0.15164002664002663
208,208.0,208.3,0.11960178710178708,0.11320318570318569,0.105510878010878,0.1374106449106449,0.09717754467754466,0.09717754467754466,0.17444250194250194,0.15547591297591296
209,209.0,209.3,0.12499250749250748,0.11026057276057274,0.11165917415917415,0.1517024642024642,0.09487595737595736,0.09487595737595736,0.16938145188145187,0.14225191475191473
210,210.0,210.3,0.12086038961038961,0.10641233766233764,0.11474567099567097,0.15995129870129868,0.1004599567099567,0.09212662337662335,0.16944805194805193,0.13599567099567098
211,211.0,211.3,0.11635848628495686,0.10264572845455197,0.10986184567066919,0.16092558585205644,0.09652851233733585,0.08883620464502816,0.1884904637845814,0.13635317297082
212,212.0,212.3,0.11389933595815949,0.10084017289899641,0.10805629011511364,0.16699584728996492,0.09472295678178028,0.09291300203064906,0.18871922195451604,0.13385317297082003
213,213.0,213.3,0.11160496366378717,0.09806961012843365,0.09806961012843364,0.17816467845879608,0.10012089217971568,0.09061862973627678,0.19179281502810913,0.1315588006764477
214,214.0,214.3,0.10909394698868377,0.09614338877496768,0.09614338877496768,0.18192222981696665,0.09709576972734864,0.08836561099718991,0.19617832459937723,0.13505734032049818
215,215.0,215.3,0.10766344766344764,0.09523920523920522,0.09523920523920522,0.17920967920967917,0.09619158619158616,0.08746142746142745,0.20510545010545006,0.13388999888999886
216,216.0,216.3,0.11086921850079741,0.08749259512417404,0.0941592617908407,0.1806482114376851,0.09511164274322166,0.08608908635224422,0.21335042150831623,0.1322795625427204
217,217.0,217.3,0.11386904761904762,0.09159632034632033,0.093262987012987,0.1771699134199134,0.09421536796536793,0.08492965367965366,0.21405303030303027,0.13090367965367966
218,218.0,218.3,0.1196915584415584,0.08960497835497834,0.09150974025974024,0.17119588744588743,0.09246212121212116,0.091271645021645,0.21535173160173154,0.12891233766233764
219,219.0,219.3,0.11572005147452716,0.08748958628754022,0.08961079840875234,0.16484971124357312,0.0905631793611333,0.0891562529542069,0.23601110313386525,0.12659931713640152
220,220.0,220.3,0.11872664171577212,0.08497922970749054,0.08729807028720069,0.16148530817009074,0.0938060067951372,0.08600487073313157,0.2437920714551149,0.12390780113606197
221,221.0,221.3,0.12209789178829425,0.08293122512162757,0.08543122512162757,0.15950796107916848,0.10405277900633933,0.08340741559781803,0.2407117057349255,0.121859796550199
222,222.0,222.3,0.12112823725981618,0.08179490392648284,0.08446157059314953,0.16548788638262318,0.1026069340016708,0.08179490392648284,0.2420020885547201,0.12072347535505427
223,223.0,223.3,0.12041883555041447,0.08093165606323496,0.08375216888374779,0.1622980528243686,0.10137121650279542,0.08093165606323498,0.2504361866203971,0.1198602274918064
224,224.0,224.3,0.11644179894179893,0.07914550264550263,0.0821084656084656,0.16098677248677246,0.09883465608465607,0.08497883597883597,0.2545965608465608,0.12290740740740738
225,225.0,225.3,0.11311796047090164,0.07777536189300893,0.08087059998824704,0.17051546492722963,0.09679624297271354,0.0828734011086952,0.2566675481381363,0.12138342050106754
226,226.0,226.3,0.11044492544492542,0.07697931697931695,0.08007455507455505,0.17677489177489175,0.09567340067340065,0.0814237614237614,0.2581842231842232,0.1204449254449254
227,227.0,227.3,0.118818637502848,0.07652540442014125,0.07962064251537934,0.17826611984506718,0.09492709045340622,0.07681362497151967,0.2549065846434267,0.12012189564821138
228,228.0,228.3,0.12112943528235882,0.07529199685871349,0.0835103876633112,0.1780117084314985,0.09750624687656169,0.07517705432997786,0.2507478403655315,0.11862533019204684
229,229.0,229.3,0.11849396730206323,0.07446276861569213,0.08279610194902548,0.17885735703576783,0.09679196116227597,0.07446276861569213,0.2567002213179124,0.11743485400157061
230,230.0,230.3,0.1170877391216415,0.07403126463580104,0.08247212485085481,0.17659091380158262,0.09646798406410531,0.07413879151752148,0.2622078319868134,0.11700335002167954
231,231.0,231.3,0.11217172663668162,0.07345086385378738,0.07699253052045404,0.1735920878846291,0.09979273755979148,0.07782586385378737,0.26630296458913394,0.11987122510173483
232,232.0,232.3,0.11114106907585167,0.07290843214756255,0.0765447957839262,0.1788899868247694,0.09910690758516841,0.07690193864106903,0.27016986636551843,0.114337003576134
233,233.0,233.3,0.11018614165033598,0.07229727859523254,0.07602276879131095,0.1764294571583574,0.10253509704276964,0.07594701121555339,0.27285639552263585,0.11372585002380395
234,234.0,234.3,0.10520392821160082,0.07175182404977799,0.07547731424585642,0.17785435834412816,0.10114181641035858,0.07523489000343216,0.2728221399231629,0.12051372881168276
235,235.0,235.3,0.10403973819541841,0.07109744206237892,0.07490696587190274,0.17447492152541239,0.10037383957790684,0.07426928471248243,0.28130104187537563,0.11953676617912237
236,236.0,236.3,0.10608730158730158,0.07049007936507934,0.07437896825396824,0.17550396825396825,0.0996646825396825,0.07337896825396824,0.28186904761904763,0.11862698412698411
237,237.0,237.3,0.10891364191364188,0.07007486957486955,0.07396375846375844,0.17316655566655567,0.09908280608280605,0.07663042513042509,0.2802402597402597,0.11792768342768341
238,238.0,238.3,0.10659317171081875,0.06921878374819548,0.07318274771215945,0.1792509969568793,0.10121205174146346,0.07523402976344147,0.27865784659902304,0.1166503717680188
239,239.0,239.3,0.10578908810487753,0.06886022749180641,0.07289531521110466,0.18349315596684015,0.10092461924040866,0.0749465972623867,0.277051282051282,0.11603971467129356
240,240.0,240.3,0.10104608928746857,0.06838030679409986,0.07248287089666397,0.1884365009192595,0.09979992421371728,0.07424925266304573,0.2804258066327031,0.11517924859304167
241,241.0,241.3,0.10006213356213356,0.06778735878735878,0.07195402545402543,0.18828664378664378,0.09846725296725292,0.07317095667095665,0.2860428285428285,0.11422880022880019
242,242.0,242.3,0.09513865444424431,0.06723132908915712,0.07145897136557988,0.18467576718730544,0.09722416019973423,0.07561332276131058,0.29532154839743213,0.11333624655523611
243,243.0,243.3,0.09445138702760653,0.06694810372554273,0.0711757460019655,0.18547304118645583,0.09636622219244169,0.07831860314482261,0.29453124720807644,0.1127356495130885
244,244.0,244.3,0.09378773315274576,0.0666661514823836,0.07089379375880636,0.1868550930426456,0.09596111723992296,0.07779034548294428,0.29578437626292964,0.11226138957762166
245,245.0,245.3,0.0933547545825894,0.06635335402236532,0.07063906830807962,0.18741733267277988,0.09516875738059405,0.08033131895694871,0.2948943488407599,0.11184106523588296
246,246.0,246.3,0.08883153377630121,0.06594282945736432,0.072609496124031,0.18996650055370984,0.09419462901439643,0.07924224806201548,0.30038302879291245,0.10882973421926909
247,247.0,247.3,0.08772297594878237,0.06540168612749256,0.07206835279415921,0.19585974061780514,0.09600178495339781,0.07806542024283958,0.2966861453958227,0.10819389391970033
248,248.0,248.3,0.08653273621261424,0.06714359096981046,0.07158803541425492,0.19493918312515873,0.0953287160299355,0.0774339950102145,0.2994421179177277,0.10759162532028384
249,249.0,249.3,0.0856955674478139,0.06684549511250407,0.07128993955694853,0.19516835325564463,0.09480364807065703,0.07694650521351419,0.30195696187994003,0.10729352946297746
250,250.0,250.3,0.08757020043466263,0.06666043642986078,0.07110488087430522,0.1969692588492989,0.09184949193712115,0.07393167825992615,0.3047108854647938,0.10720316775003111
251,251.0,251.3,0.08690277155794393,0.06635953127332436,0.07080397571776881,0.20259964173757278,0.0909910683186545,0.07308391799771109,0.30256767179180966,0.10669142160521465
252,252.0,252.3,0.08589824998219776,0.066048877069864,0.07049332151430845,0.20778965409708458,0.09048610650709343,0.07261453363552058,0.30039923176338373,0.10627002543054724
253,253.0,253.3,0.08486023629287386,0.06566622242144061,0.07011066686588506,0.20708953550509523,0.08947521710330056,0.07172522259808786,0.3053803632361507,0.10569253597716592
254,254.0,254.3,0.08387834897320819,0.06530438256493945,0.0697488270093839,0.20872732946707853,0.08852127897262532,0.07088500077713661,0.30778917982941845,0.10514565240620925
255,255.0,255.3,0.08302743150569235,0.0650410459106111,0.06948549035505555,0.20808944678509894,0.08809576896533415,0.07048671135627656,0.3109884077275381,0.104785697394393
256,256.0,256.3,0.08492176802537578,0.06484986490536904,0.06934261852855746,0.20704720195006968,0.08514406346043715,0.0703921487085224,0.31375201579179374,0.10455031862987456
257,257.0,257.3,0.08437249806930654,0.06453690812733363,0.06907591521953223,0.20938867869718933,0.08460615330296177,0.06985423855104703,0.3140500102734145,0.10411559775921475
258,258.0,258.3,0.08298501226684454,0.066216674496954,0.07989091692119642,0.21691436808672834,0.06869415197443146,0.07119415197443145,0.3207628053357866,0.093341918943627
259,259.0,259.3,0.08260631426229839,0.06591620778492482,0.07963296721596999,0.21687651507299047,0.06813324864491452,0.07057227303515842,0.32333126115373817,0.09293121283000508
260,260.0,260.3,0.08177476632670624,0.06548804428779395,0.07924562004536972,0.2203408902320041,0.06745874025848993,0.0698396926394423,0.3234542883066037,0.09239795790358993
261,261.0,261.3,0.08323741466012324,0.06523299261158357,0.07902978405543382,0.22002490840213138,0.06722674896922501,0.06955233036457384,0.323589113804572,0.09210670713235689
262,262.0,262.3,0.08266176664622833,0.06494160528705475,0.07877610412155359,0.2188218186733725,0.06695792230337176,0.06666654701199645,0.32939377769843914,0.0917804582579832
263,263.0,263.3,0.0819431646520595,0.06462075560458307,0.07849153890932863,0.22000026977115922,0.0666591365108885,0.06631725616900815,0.3305418665391711,0.09142601184380154
264,264.0,264.3,0.08125653412609932,0.06616562503519022,0.07821949708906228,0.22065672330889724,0.06380962354875394,0.06598353659223222,0.3328218303435694,0.09108662995619513
265,265.0,265.3,0.0808103435916735,0.06598723170973808,0.07804110376361015,0.22109638468973505,0.06593892253099412,0.06561283557447238,0.33166904407313613,0.09084413406664044
266,266.0,266.3,0.080205084099261,0.06579967956227752,0.07785355161614957,0.21827336468433894,0.06570511691452338,0.06533277648899147,0.3362387797802131,0.0905916468542448
267,267.0,267.3,0.07959155086885969,0.06548558401214805,0.07760679613336016,0.21860697147936473,0.0680118077883718,0.06503103855760256,0.3378840164304414,0.08778223472985137
268,268.0,268.3,0.0789420324203455,0.0651229300667604,0.07730907725290757,0.22306370837789796,0.06739603443045708,0.06449782636674378,0.33624437130324425,0.0874240197816432
269,269.0,269.3,0.07835020105979178,0.06659508866495222,0.07708632059686212,0.22165040292489652,0.06922015018191122,0.06401922102976254,0.3359357977698201,0.08714281777200336
270,270.0,270.3,0.0777507083839433,0.06622815199296586,0.07681028915405037,0.2214730186054615,0.06860130443631773,0.06352997357839316,0.33879626469481744,0.08681028915405038
271,271.0,271.3,0.07717453817054722,0.06587525422903581,0.07654520986224753,0.2214924131569326,0.06800912418903272,0.06306116517130625,0.34135173016739334,0.08649056505350435
272,272.0,272.3,0.07662032525069055,0.06553558977161861,0.07629043179491335,0.22387973517377863,0.06744190495310218,0.06261152568876067,0.34143758245394285,0.0861829049131929
273,273.0,273.3,0.07829346896636001,0.06731406230898726,0.06906009405501903,0.22414518561561841,0.06908917899796777,0.07546652920222527,0.33773011695753313,0.07890136389628885
274,274.0,274.3,0.07792314861790792,0.0686850711216337,0.06887120500141514,0.22513213242176447,0.06866140440270627,0.07509632094400578,0.3369678458224848,0.0786628716680818
275,275.0,275.3,0.0777430917227982,0.06848121729368423,0.06874667428293155,0.22542180241512605,0.06834168351503755,0.07486525253860657,0.33786193728221753,0.0785383409495982
276,276.0,276.3,0.07612868186600902,0.06704088793950543,0.0774071883058058,0.22501087494175048,0.06673103905822797,0.07224536600112634,0.3382851838381792,0.07715077804939552
277,277.0,277.3,0.07473431128050691,0.06581397437103957,0.07536889861346381,0.22925378395758828,0.06534178351841394,0.07913540294246812,0.33437688609699473,0.07597495921952442
278,278.0,278.3,0.07426607684534299,0.06550695459652163,0.07515660842527994,0.2295521150485243,0.0648798715705838,0.08052123348030746,0.3324389150918111,0.07767822494162865
279,279.0,279.3,0.07573706128219311,0.06521018619649449,0.07646687068847309,0.22775168796720519,0.06443518111368005,0.08185992590911453,0.331147356700095,0.07739173014274432
280,280.0,280.3,0.07526398711168383,0.07401406435570293,0.07624638103318511,0.22457273720955967,0.06400675782699586,0.07440882777495643,0.33437230021493825,0.0771149444729777
281,281.0,281.3,0.07512333263909977,0.07385345617572006,0.07612967100947964,0.22449604282414964,0.0639056973719972,0.0742230215572459,0.3352485948948965,0.07702018352741097
282,282.0,282.3,0.07686445206960621,0.07365680400180276,0.07597564458151292,0.22375726750210392,0.06372615795907884,0.07396151493121277,0.3351706889822629,0.0768874699724195
283,283.0,283.3,0.07645096925988655,0.07342490686983245,0.07580585925078484,0.22602938021091915,0.06164533132025224,0.07368815763575051,0.33625841474463,0.07669698070794403
284,284.0,284.3,0.07529330149579946,0.07168489732135755,0.07412621187534815,0.22598670559074488,0.06070019212193005,0.07190863776433795,0.3445452654647445,0.07575478836573704
285,285.0,285.3,0.07419503957978908,0.0701497659490783,0.07264976594907831,0.2256274719623444,0.059703047005897084,0.07792331053866061,0.344886733350974,0.07486486566417802
286,286.0,286.3,0.07375247025931954,0.0699043739112232,0.07246145153679398,0.22546881707840613,0.06121097699864821,0.07754094332861454,0.3450371115439608,0.0746238553430334
287,287.0,287.3,0.07480989138523383,0.06969998884382442,0.07231260145643706,0.22471592666798146,0.06094597008980569,0.06954616619000178,0.34585312160654624,0.08211633376016933
288,288.0,288.3,0.0738222990642472,0.0683688374002592,0.07103550406692588,0.2246568911368597,0.06718194887637147,0.06808699303357588,0.34605763638992226,0.08078989003183815
289,289.0,289.3,0.07294331944116594,0.06721291584597104,0.0699322140915851,0.22377029036822624,0.06592781941988267,0.06689557914343242,0.35367905352676593,0.07963880816297045
290,290.0,290.3,0.0726009063263615,0.06701079854535273,0.06978136131591552,0.22290848552542414,0.06560964656724741,0.0665721100539802,0.35477634583149614,0.08074034583422206
291,291.0,291.3,0.07240676699905907,0.06686905184065425,0.06967291464451705,0.22318881456609646,0.06536100951111089,0.06638196961929209,0.35549917222736693,0.08062030059190298
292,292.0,292.3,0.07201096455776407,0.06665920750735527,0.0695121773223504,0.22219620490809083,0.06504368133937054,0.0660572479097947,0.35812199714261816,0.08039851931265586
293,293.0,293.3,0.07926636078812208,0.06028538259930396,0.0631862264811605,0.22191308192491016,0.06572997188956228,0.06679822808404567,0.36166462636197394,0.08115612187092112
294,294.0,294.3,0.0790238357282605,0.06013864804595033,0.06307035612533773,0.22165459784526517,0.06548791436850776,0.06660909460586759,0.36298547130545167,0.08103008197535895
295,295.0,295.3,0.07865703528520729,0.05994354889098822,0.06292119116741099,0.22070048798035083,0.06519606846687521,0.06630637952678306,0.36545158590057136,0.08082370278181283
296,296.0,296.3,0.07939932343405387,0.06030308704364077,0.06332554725485602,0.22417982330187486,0.06601178309228817,0.059419064386893414,0.3656395039075055,0.08172186757888716
297,297.0,297.3,0.0790720356137452,0.060137716488877294,0.06320391857946964,0.22376494129510704,0.065775997322323,0.059231390227539885,0.36726789562445267,0.08154610484848517
298,298.0,298.3,0.07879880291480536,0.05999920847399469,0.06310811468708236,0.22480365819860476,0.0656601277113406,0.05913955907809591,0.36707030113177785,0.08142022780429822
299,299.0,299.3,0.07860638793042823,0.05986786811457584,0.06301847719541749,0.2232864055405383,0.065578288185461,0.05899903410620695,0.36934229798407436,0.08130124094329749
300,300.0,300.3,0.07829914246121746,0.059712762546842615,0.06290410805056135,0.22255944199436675,0.06535357300774632,0.05882024315352097,0.3712151225854262,0.0811356062003181
301,301.0,301.3,0.07804384236046033,0.059583474706797854,0.06281462340306283,0.2210458515016777,0.06524498325879582,0.05873426760628912,0.3735148136307863,0.08101814353212965
302,302.0,302.3,0.07926558871798374,0.05945727426373376,0.06272732463180816,0.22057174425641501,0.06513932259275503,0.058650556018387055,0.3732846728582506,0.08090351666066634
303,303.0,303.3,0.07750910944694646,0.05933405070592072,0.06264213151400153,0.22160077916891674,0.06503647251801156,0.05856901881661888,0.3745168148451954,0.0807916229843885
304,304.0,304.3,0.07721078129348007,0.05917272384531026,0.06251799280855676,0.22039587483231154,0.06478852378174685,0.05830664546666951,0.3769880171511467,0.08061944082077807
305,305.0,305.3,0.06988717488579971,0.06800818941677865,0.06305649859552262,0.2228860072641332,0.06586645142346904,0.05878498106468742,0.36975854658017343,0.08175215076943565
306,306.0,306.3,0.06898054086631195,0.06659052944404244,0.06231544968509173,0.22184037203038526,0.0643858129154196,0.057985633946747474,0.3775772311598648,0.0803244299521365
307,307.0,307.3,0.06870288798472321,0.0664395768657736,0.06492053410897533,0.22063606442174705,0.06415551472408165,0.05773894736790401,0.37724268994168647,0.08016378458510841
308,308.0,308.3,0.06845152120629043,0.05861942846543562,0.06479024784168794,0.22877849349550164,0.06402911321102031,0.0575770034631359,0.37770802922405944,0.08004616309286848
309,309.0,309.3,0.06827039299412783,0.058523707826073565,0.06470987803883954,0.2289897318217519,0.06254420451048995,0.05751856348484889,0.37948306219346006,0.07996045913040803
310,310.0,310.3,0.06800969091313547,0.058381280012255087,0.0645650383772397,0.22942606253424871,0.062344613206461855,0.058672773350411454,0.3787922520267224,0.07980828957952509
311,311.0,311.3,0.06775510581041555,0.05824211057363613,0.0644236968445081,0.228270054734304,0.06215014521674903,0.058425103135542576,0.3810740602283311,0.0796597234565132
312,312.0,312.3,0.0675815940618572,0.05812756490388068,0.06429646544778121,0.23002536926879028,0.061971343122658874,0.0581944893458051,0.380245586265323,0.07955758758390334
313,313.0,313.3,0.06733707257986259,0.05799414226536435,0.06416152666659972,0.22915737083287321,0.061786323810384215,0.057958995021030094,0.38218959652944384,0.07941497229444179
314,314.0,314.3,0.06709809799228955,0.057863669710412326,0.06402973019401173,0.2291088291236612,0.06160587495423671,0.05772935673561323,0.38328882178320994,0.0792756195065652
315,315.0,315.3,0.0669366316845308,0.057756663400921046,0.06391127339306607,0.2294576452699702,0.06144013523565339,0.05751566464451614,0.3825026394914349,0.08047934687990707
316,316.0,316.3,0.0667384560987055,0.05766309438304068,0.06383199256314732,0.22926134694743103,0.061364835440531985,0.05745542055550734,0.3832911353445728,0.08039371866706302
317,317.0,317.3,0.06661800966272509,0.057586114728391126,0.0637837845683374,0.22919080919080917,0.06133529809546068,0.05742588321043603,0.383735557577021,0.08032454296681936
318,318.0,318.3,0.06655419248705893,0.05751537048639197,0.06371629963854061,0.22940087241101487,0.06128612818397892,0.05733154618061642,0.3839143193601054,0.08028127125229272
319,319.0,319.3,0.06711310522881495,0.05808707272653655,0.0642912784126034,0.22968020980530507,0.05418676871766572,0.057880415652570384,0.3872401961451432,0.08152095331136051
320,320.0,320.3,0.066982947562151,0.05799932535343751,0.06421672251729664,0.23197984707021907,0.054129846396684486,0.057780464071692406,0.3854709927089669,0.08143985431955174
321,321.0,321.3,0.06685272628959857,0.057910658739209656,0.06415506978275985,0.23189979410567646,0.05403555063885046,0.057669518297208365,0.38615224764076983,0.0813244345059266
322,322.0,322.3,0.0667822155133045,0.05784279906648411,0.06410419957656507,0.23110573505909154,0.05395298440746297,0.05757072356857971,0.3861259179851869,0.082515424823325
323,323.0,323.3,0.0667152853088271,0.059894491395747394,0.06408252374385552,0.22844877302679384,0.053900520787462304,0.05754546642366566,0.38700121659189035,0.08241172272175752
324,324.0,324.3,0.06662130816602357,0.059782562424838814,0.06400450012238627,0.22861154194487526,0.05379258088607679,0.05737906516361797,0.3866256104670739,0.08318283082510722
325,325.0,325.3,0.06546407018072362,0.05973825501587095,0.06277396930158524,0.22829345858413036,0.0525792810527136,0.05737022181926412,0.39068157149209415,0.08309917255361776
326,326.0,326.3,0.06532799658541491,0.059670911321402745,0.06270662560711704,0.22801291871325713,0.05245203581939471,0.057186266861209034,0.3916414893848542,0.0830017557073499
327,327.0,327.3,0.0652303438225153,0.059566368011014795,0.06262578646866335,0.22745217793883304,0.05232853810356837,0.057007386387067815,0.39170735587830047,0.08408204339003653
328,328.0,328.3,0.06510572525135844,0.0594693513524021,0.0625520581193194,0.22800891116680586,0.05225527958762429,0.05689403164016945,0.3916929624313095,0.08402168045101069
329,329.0,329.3,0.06492988214112481,0.05935630435681709,0.06334044436228606,0.22630390106198167,0.05217466322531581,0.056774230324882914,0.3931939655779102,0.08392660894968115
330,330.0,330.3,0.06483528000030006,0.05933033049892193,0.06332328729155366,0.22581802181946356,0.05215750615458341,0.05675707325415051,0.39389549946356606,0.08388300151746049
331,331.0,331.3,0.06469380815488864,0.059249012609356944,0.0632656154190632,0.22809785229612106,0.05097557576989823,0.05678538667699605,0.39299697156748215,0.08393577750619355
332,332.0,332.3,0.06451205313277723,0.05912610341061596,0.06316593717522037,0.22714266360139385,0.05085461042023663,0.05659758230778682,0.39482935405614517,0.08377169589582377
333,333.0,333.3,0.06440091816392116,0.05904371900070641,0.06310637950404488,0.2262418452797757,0.05078809625854328,0.05650238197282899,0.3962796715651867,0.0836369882549926
334,334.0,334.3,0.06504941292866986,0.05972041741391585,0.06380551091077405,0.22859072996843893,0.06057149002969433,0.05716685544858917,0.38916626791239795,0.07592931538751971
335,335.0,335.3,0.06428363887391965,0.05893211374807026,0.0713645461805027,0.22677675811511816,0.05903326483075348,0.056396299409622916,0.3881185626737276,0.07509481616828509
336,336.0,336.3,0.06430692442571669,0.058866462836929735,0.07131266937404537,0.22451352895009058,0.058989323962925645,0.056288174537638305,0.39071406674524967,0.07500884916740383
337,337.0,337.3,0.06418071737838202,0.058766702895146114,0.07122645773195013,0.22282345915841364,0.05888330586613673,0.05721830420113507,0.3920116776854439,0.07488937508339207
338,338.0,338.3,0.0634345157979116,0.05804934134901578,0.0775817499972781,0.220677874256691,0.057540746180864424,0.05649123389539708,0.3920996930214514,0.07412484550139031
339,339.0,339.3,0.06282918378269417,0.05744069919117354,0.0758873197748909,0.21662960221309366,0.056390467270448254,0.05586543674541773,0.40147135570522663,0.07348593531705482
340,340.0,340.3,0.06276236144250794,0.05735864711963803,0.07671102807201899,0.21555246510031933,0.05631625323900885,0.055719024380910434,0.4021938780330453,0.07338634261255092
341,341.0,341.3,0.06266105185180391,0.05728568303042646,0.07665076239550583,0.21473029740304478,0.05625904741786412,0.05563792940544175,0.40350638344346335,0.07326884505244957
342,342.0,342.3,0.06256152430428172,0.05721397167217281,0.07659154947494747,0.2139227044855707,0.056202969514535295,0.05555847609304328,0.4047951994623614,0.07315360499308705
343,343.0,343.3,0.06255587827667028,0.0571895123477076,0.07657939330008853,0.21275412894721155,0.055087488905244196,0.05556679683136064,0.4071769016957287,0.07308989969598828
344,344.0,344.3,0.062446477437574234,0.05709594519332338,0.07649793854880511,0.2135794546537216,0.05502137868426539,0.055418567307998635,0.40697384081417054,0.07296639736014084
345,345.0,345.3,0.06236166614789003,0.05703840036441802,0.07645231977833741,0.2137943710056523,0.05500114525332829,0.055398333877061536,0.4070420144581683,0.07291174911514385
346,346.0,346.3,0.06256141822183384,0.057044332697574106,0.07646999609270316,0.20921085258918568,0.05509540523752817,0.055470664036700014,0.41127062957511595,0.07287670154935885
347,347.0,347.3,0.06248638201599703,0.057036440047940416,0.07646210344306947,0.2089434658327205,0.05506133357508447,0.05760466653078857,0.40960618601346105,0.07279942254093827
348,348.0,348.3,0.06238893074654354,0.05698133662359731,0.07640700001872636,0.20783554966626544,0.05500425687699571,0.05744436335436927,0.4112386206922197,0.07269994202128245
349,349.0,349.3,0.06316994011998989,0.056957023868192125,0.07638268726332116,0.20749595928465822,0.054966332616382375,0.05737551763426305,0.4110321441622138,0.07262039505097917
350,350.0,350.3,0.0631159477325485,0.05690855163720776,0.0763457810744372,0.20709961415396197,0.054953662542990576,0.05736284756087125,0.4116380975195204,0.0725754977784622
351,351.0,351.3,0.06308427672270496,0.05686019955591344,0.07630882110979816,0.20433199068266825,0.054936185667786776,0.05858089044017454,0.4134073542888954,0.07249028153205836
352,352.0,352.3,0.06292757944913183,0.05678123230483395,0.07624107594378207,0.2046552151043038,0.05485631286542388,0.058455491882704505,0.41370787700377426,0.07237521544604547
353,353.0,353.3,0.06283569118585566,0.057500343346782355,0.07618999281768182,0.20489024600217212,0.05480895629835225,0.05837901475651815,0.4131180358032257,0.07227771978941178
354,354.0,354.3,0.06274528389423248,0.05743312960885806,0.07613972852749529,0.20414751775802348,0.054762446749440044,0.05830395009624097,0.414286017951017,0.07218192541469254
