Total_iterations,Unnamed: 0.1,Intertwine_two,Invert_path_vertices,Insert_inside_vertex,Delete_inside_vertex,Replace_inside_vertex,Donate_between_routes,Trim_one_terminal_cb,Grow_one_terminal_cb
0,0.0,0.125,0.125,0.125,0.125,0.125,0.125,0.125,0.125
1,1.0,0.125,0.125,0.125,0.125,0.125,0.125,0.125,0.125
2,2.0,0.125,0.125,0.125,0.125,0.125,0.125,0.125,0.125
3,3.0,0.125,0.125,0.125,0.125,0.125,0.125,0.125,0.125
4,4.0,0.125,0.125,0.125,0.125,0.125,0.125,0.125,0.125
5,5.0,0.125,0.125,0.125,0.125,0.125,0.125,0.125,0.125
6,6.0,0.125,0.125,0.125,0.125,0.125,0.125,0.125,0.125
7,7.0,0.125,0.125,0.125,0.125,0.125,0.125,0.125,0.125
8,8.0,0.125,0.125,0.125,0.125,0.125,0.125,0.125,0.125
9,9.0,0.125,0.125,0.125,0.125,0.125,0.125,0.125,0.125
10,10.0,0.125,0.125,0.125,0.125,0.125,0.125,0.125,0.125
11,11.0,0.125,0.125,0.125,0.125,0.125,0.125,0.125,0.125
12,12.0,0.125,0.125,0.125,0.125,0.125,0.125,0.125,0.125
13,13.0,0.125,0.125,0.125,0.125,0.125,0.125,0.125,0.125
14,14.0,0.125,0.125,0.125,0.125,0.125,0.125,0.125,0.125
15,15.0,0.125,0.125,0.125,0.125,0.125,0.125,0.125,0.125
16,16.0,0.125,0.125,0.125,0.125,0.125,0.125,0.125,0.125
17,17.0,0.125,0.125,0.125,0.125,0.125,0.125,0.125,0.125
18,18.0,0.125,0.125,0.125,0.125,0.125,0.125,0.125,0.125
19,19.0,0.125,0.125,0.125,0.125,0.125,0.125,0.125,0.125
20,20.0,0.125,0.125,0.125,0.125,0.125,0.125,0.125,0.125
21,21.0,0.125,0.125,0.125,0.125,0.125,0.125,0.125,0.125
22,22.0,0.125,0.125,0.125,0.125,0.125,0.125,0.125,0.125
23,23.0,0.125,0.125,0.125,0.125,0.125,0.125,0.125,0.125
24,24.0,0.125,0.125,0.125,0.125,0.125,0.125,0.125,0.125
25,25.0,0.125,0.125,0.125,0.125,0.125,0.125,0.125,0.125
26,26.0,0.125,0.125,0.125,0.125,0.125,0.125,0.125,0.125
27,27.0,0.125,0.125,0.125,0.125,0.125,0.125,0.125,0.125
28,28.0,0.125,0.125,0.125,0.125,0.125,0.125,0.125,0.125
29,29.0,0.125,0.125,0.125,0.125,0.125,0.125,0.125,0.125
30,30.0,0.125,0.125,0.125,0.125,0.125,0.125,0.125,0.125
31,31.0,0.125,0.125,0.125,0.125,0.125,0.125,0.125,0.125
32,32.0,0.125,0.125,0.125,0.125,0.125,0.125,0.125,0.125
33,33.0,0.125,0.125,0.125,0.125,0.125,0.125,0.125,0.125
34,34.0,0.125,0.125,0.125,0.125,0.125,0.125,0.125,0.125
35,35.0,0.125,0.125,0.125,0.125,0.125,0.125,0.125,0.125
36,36.0,0.125,0.125,0.125,0.125,0.125,0.125,0.125,0.125
37,37.0,0.125,0.125,0.125,0.125,0.125,0.125,0.125,0.125
38,38.0,0.125,0.125,0.125,0.125,0.125,0.125,0.125,0.125
39,39.0,0.125,0.125,0.125,0.125,0.125,0.125,0.125,0.125
40,40.0,0.125,0.125,0.125,0.125,0.125,0.125,0.125,0.125
41,41.0,0.125,0.125,0.125,0.125,0.125,0.125,0.125,0.125
42,42.0,0.125,0.125,0.125,0.125,0.125,0.125,0.125,0.125
43,43.0,0.125,0.125,0.125,0.125,0.125,0.125,0.125,0.125
44,44.0,0.125,0.125,0.125,0.125,0.125,0.125,0.125,0.125
45,45.0,0.125,0.125,0.125,0.125,0.125,0.125,0.125,0.125
46,46.0,0.125,0.125,0.125,0.125,0.125,0.125,0.125,0.125
47,47.0,0.125,0.125,0.125,0.125,0.125,0.125,0.125,0.125
48,48.0,0.125,0.125,0.125,0.125,0.125,0.125,0.125,0.125
49,49.0,0.125,0.125,0.125,0.125,0.125,0.125,0.125,0.125
50,50.0,0.125,0.125,0.125,0.125,0.125,0.125,0.125,0.125
51,51.0,0.125,0.125,0.125,0.125,0.125,0.125,0.125,0.125
52,52.0,0.125,0.125,0.125,0.125,0.125,0.125,0.125,0.125
53,53.0,0.125,0.125,0.125,0.125,0.125,0.125,0.125,0.125
54,54.0,0.125,0.125,0.125,0.125,0.125,0.125,0.125,0.125
55,55.0,0.125,0.125,0.125,0.125,0.125,0.125,0.125,0.125
56,56.0,0.125,0.125,0.125,0.125,0.125,0.125,0.125,0.125
57,57.0,0.125,0.125,0.125,0.125,0.125,0.125,0.125,0.125
58,58.0,0.125,0.125,0.125,0.125,0.125,0.125,0.125,0.125
59,59.0,0.125,0.125,0.125,0.125,0.125,0.125,0.125,0.125
60,60.0,0.125,0.125,0.125,0.125,0.125,0.125,0.125,0.125
61,61.0,0.125,0.125,0.125,0.125,0.125,0.125,0.125,0.125
62,62.0,0.125,0.125,0.125,0.125,0.125,0.125,0.125,0.125
63,63.0,0.125,0.125,0.125,0.125,0.125,0.125,0.125,0.125
64,64.0,0.125,0.125,0.125,0.125,0.125,0.125,0.125,0.125
65,65.0,0.125,0.125,0.125,0.125,0.125,0.125,0.125,0.125
66,66.0,0.125,0.125,0.125,0.125,0.125,0.125,0.125,0.125
67,67.0,0.125,0.125,0.125,0.125,0.125,0.125,0.125,0.125
68,68.0,0.125,0.125,0.125,0.125,0.125,0.125,0.125,0.125
69,69.0,0.125,0.125,0.125,0.125,0.125,0.125,0.125,0.125
70,70.0,0.125,0.125,0.125,0.125,0.125,0.125,0.125,0.125
71,71.0,0.125,0.125,0.125,0.125,0.125,0.125,0.125,0.125
72,72.0,0.125,0.125,0.125,0.125,0.125,0.125,0.125,0.125
73,73.0,0.125,0.125,0.125,0.125,0.125,0.125,0.125,0.125
74,74.0,0.125,0.125,0.125,0.125,0.125,0.125,0.125,0.125
75,75.0,0.125,0.125,0.125,0.125,0.125,0.125,0.125,0.125
76,76.0,0.125,0.125,0.125,0.125,0.125,0.125,0.125,0.125
77,77.0,0.125,0.125,0.125,0.125,0.125,0.125,0.125,0.125
78,78.0,0.125,0.125,0.125,0.125,0.125,0.125,0.125,0.125
79,79.0,0.125,0.125,0.125,0.125,0.125,0.125,0.125,0.125
80,80.0,0.125,0.125,0.125,0.125,0.125,0.125,0.125,0.125
81,81.0,0.125,0.125,0.125,0.125,0.125,0.125,0.125,0.125
82,82.0,0.125,0.125,0.125,0.125,0.125,0.125,0.125,0.125
83,83.0,0.125,0.125,0.125,0.125,0.125,0.125,0.125,0.125
84,84.0,0.125,0.125,0.125,0.125,0.125,0.125,0.125,0.125
85,85.0,0.125,0.125,0.125,0.125,0.125,0.125,0.125,0.125
86,86.0,0.125,0.125,0.125,0.125,0.125,0.125,0.125,0.125
87,87.0,0.125,0.125,0.125,0.125,0.125,0.125,0.125,0.125
88,88.0,0.125,0.125,0.125,0.125,0.125,0.125,0.125,0.125
89,89.0,0.125,0.125,0.125,0.125,0.125,0.125,0.125,0.125
90,90.0,0.125,0.125,0.125,0.125,0.125,0.125,0.125,0.125
91,91.0,0.125,0.125,0.125,0.125,0.125,0.125,0.125,0.125
92,92.0,0.125,0.125,0.125,0.125,0.125,0.125,0.125,0.125
93,93.0,0.125,0.125,0.125,0.125,0.125,0.125,0.125,0.125
94,94.0,0.125,0.125,0.125,0.125,0.125,0.125,0.125,0.125
95,95.0,0.125,0.125,0.125,0.125,0.125,0.125,0.125,0.125
96,96.0,0.125,0.125,0.125,0.125,0.125,0.125,0.125,0.125
97,97.0,0.125,0.125,0.125,0.125,0.125,0.125,0.125,0.125
98,98.0,0.125,0.125,0.125,0.125,0.125,0.125,0.125,0.125
99,99.0,0.125,0.125,0.125,0.125,0.125,0.125,0.125,0.125
100,100.0,0.125,0.125,0.125,0.125,0.125,0.125,0.125,0.125
101,101.0,0.125,0.125,0.125,0.125,0.125,0.125,0.125,0.125
102,102.0,0.125,0.125,0.125,0.125,0.125,0.125,0.125,0.125
103,103.0,0.125,0.125,0.125,0.125,0.125,0.125,0.125,0.125
104,104.0,0.125,0.125,0.125,0.125,0.125,0.125,0.125,0.125
105,105.0,0.125,0.125,0.125,0.125,0.125,0.125,0.125,0.125
106,106.0,0.125,0.125,0.125,0.125,0.125,0.125,0.125,0.125
107,107.0,0.125,0.125,0.125,0.125,0.125,0.125,0.125,0.125
108,108.0,0.125,0.125,0.125,0.125,0.125,0.125,0.125,0.125
109,109.0,0.125,0.125,0.125,0.125,0.125,0.125,0.125,0.125
110,110.0,0.125,0.125,0.125,0.125,0.125,0.125,0.125,0.125
111,111.0,0.125,0.125,0.125,0.125,0.125,0.125,0.125,0.125
112,112.0,0.125,0.125,0.125,0.125,0.125,0.125,0.125,0.125
113,113.0,0.125,0.125,0.125,0.125,0.125,0.125,0.125,0.125
114,114.0,0.125,0.125,0.125,0.125,0.125,0.125,0.125,0.125
115,115.0,0.125,0.125,0.125,0.125,0.125,0.125,0.125,0.125
116,116.0,0.125,0.125,0.125,0.125,0.125,0.125,0.125,0.125
117,117.0,0.125,0.125,0.125,0.125,0.125,0.125,0.125,0.125
118,118.0,0.125,0.125,0.125,0.125,0.125,0.125,0.125,0.125
119,119.0,0.125,0.125,0.125,0.125,0.125,0.125,0.125,0.125
120,120.0,0.125,0.125,0.125,0.125,0.125,0.125,0.125,0.125
121,121.0,0.125,0.125,0.125,0.125,0.125,0.125,0.125,0.125
122,122.0,0.125,0.125,0.125,0.125,0.125,0.125,0.125,0.125
123,123.0,0.125,0.125,0.125,0.125,0.125,0.125,0.125,0.125
124,124.0,0.125,0.125,0.125,0.125,0.125,0.125,0.125,0.125
125,125.0,0.125,0.125,0.125,0.125,0.125,0.125,0.125,0.125
126,126.0,0.125,0.125,0.125,0.125,0.125,0.125,0.125,0.125
127,127.0,0.125,0.125,0.125,0.125,0.125,0.125,0.125,0.125
128,128.0,0.125,0.125,0.125,0.125,0.125,0.125,0.125,0.125
129,129.0,0.125,0.125,0.125,0.125,0.125,0.125,0.125,0.125
130,130.0,0.125,0.125,0.125,0.125,0.125,0.125,0.125,0.125
131,131.0,0.125,0.125,0.125,0.125,0.125,0.125,0.125,0.125
132,132.0,0.125,0.125,0.125,0.125,0.125,0.125,0.125,0.125
133,133.0,0.125,0.125,0.125,0.125,0.125,0.125,0.125,0.125
134,134.0,0.125,0.125,0.125,0.125,0.125,0.125,0.125,0.125
135,135.0,0.125,0.125,0.125,0.125,0.125,0.125,0.125,0.125
136,136.0,0.125,0.125,0.125,0.125,0.125,0.125,0.125,0.125
137,137.0,0.125,0.125,0.125,0.125,0.125,0.125,0.125,0.125
138,138.0,0.125,0.125,0.125,0.125,0.125,0.125,0.125,0.125
139,139.0,0.125,0.125,0.125,0.125,0.125,0.125,0.125,0.125
140,140.0,0.125,0.125,0.125,0.125,0.125,0.125,0.125,0.125
141,141.0,0.125,0.125,0.125,0.125,0.125,0.125,0.125,0.125
142,142.0,0.125,0.125,0.125,0.125,0.125,0.125,0.125,0.125
143,143.0,0.125,0.125,0.125,0.125,0.125,0.125,0.125,0.125
144,144.0,0.125,0.125,0.125,0.125,0.125,0.125,0.125,0.125
145,145.0,0.125,0.125,0.125,0.125,0.125,0.125,0.125,0.125
146,146.0,0.125,0.125,0.125,0.125,0.125,0.125,0.125,0.125
147,147.0,0.125,0.125,0.125,0.125,0.125,0.125,0.125,0.125
148,148.0,0.125,0.125,0.125,0.125,0.125,0.125,0.125,0.125
149,149.0,0.125,0.125,0.125,0.125,0.125,0.125,0.125,0.125
150,150.0,0.125,0.125,0.125,0.125,0.125,0.125,0.125,0.125
151,151.0,0.125,0.125,0.125,0.125,0.125,0.125,0.125,0.125
152,152.0,0.125,0.125,0.125,0.125,0.125,0.125,0.125,0.125
153,153.0,0.125,0.125,0.125,0.125,0.125,0.125,0.125,0.125
154,154.0,0.125,0.125,0.125,0.125,0.125,0.125,0.125,0.125
155,155.0,0.125,0.125,0.125,0.125,0.125,0.125,0.125,0.125
156,156.0,0.125,0.125,0.125,0.125,0.125,0.125,0.125,0.125
157,157.0,0.125,0.125,0.125,0.125,0.125,0.125,0.125,0.125
158,158.0,0.125,0.125,0.125,0.125,0.125,0.125,0.125,0.125
159,159.0,0.125,0.125,0.125,0.125,0.125,0.125,0.125,0.125
160,160.0,0.125,0.125,0.125,0.125,0.125,0.125,0.125,0.125
161,161.0,0.125,0.125,0.125,0.125,0.125,0.125,0.125,0.125
162,162.0,0.125,0.125,0.125,0.125,0.125,0.125,0.125,0.125
163,163.0,0.125,0.125,0.125,0.125,0.125,0.125,0.125,0.125
164,164.0,0.125,0.125,0.125,0.125,0.125,0.125,0.125,0.125
165,165.0,0.125,0.125,0.125,0.125,0.125,0.125,0.125,0.125
166,166.0,0.125,0.125,0.125,0.125,0.125,0.125,0.125,0.125
167,167.0,0.125,0.125,0.125,0.125,0.125,0.125,0.125,0.125
168,168.0,0.125,0.125,0.125,0.125,0.125,0.125,0.125,0.125
169,169.0,0.125,0.125,0.125,0.125,0.125,0.125,0.125,0.125
170,170.0,0.125,0.125,0.125,0.125,0.125,0.125,0.125,0.125
171,171.0,0.125,0.125,0.125,0.125,0.125,0.125,0.125,0.125
172,172.0,0.125,0.125,0.125,0.125,0.125,0.125,0.125,0.125
173,173.0,0.125,0.125,0.125,0.125,0.125,0.125,0.125,0.125
174,174.0,0.125,0.125,0.125,0.125,0.125,0.125,0.125,0.125
175,175.0,0.125,0.125,0.125,0.125,0.125,0.125,0.125,0.125
176,176.0,0.125,0.125,0.125,0.125,0.125,0.125,0.125,0.125
177,177.0,0.125,0.125,0.125,0.125,0.125,0.125,0.125,0.125
178,178.0,0.125,0.125,0.125,0.125,0.125,0.125,0.125,0.125
179,179.0,0.125,0.125,0.125,0.125,0.125,0.125,0.125,0.125
180,180.0,0.125,0.125,0.125,0.125,0.125,0.125,0.125,0.125
181,181.0,0.125,0.125,0.125,0.125,0.125,0.125,0.125,0.125
182,182.0,0.125,0.125,0.125,0.125,0.125,0.125,0.125,0.125
183,183.0,0.125,0.125,0.125,0.125,0.125,0.125,0.125,0.125
184,184.0,0.125,0.125,0.125,0.125,0.125,0.125,0.125,0.125
185,185.0,0.125,0.125,0.125,0.125,0.125,0.125,0.125,0.125
186,186.0,0.125,0.125,0.125,0.125,0.125,0.125,0.125,0.125
187,187.0,0.125,0.125,0.125,0.125,0.125,0.125,0.125,0.125
188,188.0,0.125,0.125,0.125,0.125,0.125,0.125,0.125,0.125
189,189.0,0.125,0.125,0.125,0.125,0.125,0.125,0.125,0.125
190,190.0,0.125,0.125,0.125,0.125,0.125,0.125,0.125,0.125
191,191.0,0.125,0.125,0.125,0.125,0.125,0.125,0.125,0.125
192,192.0,0.125,0.125,0.125,0.125,0.125,0.125,0.125,0.125
193,193.0,0.125,0.125,0.125,0.125,0.125,0.125,0.125,0.125
194,194.0,0.125,0.125,0.125,0.125,0.125,0.125,0.125,0.125
195,195.0,0.125,0.125,0.125,0.125,0.125,0.125,0.125,0.125
196,196.0,0.125,0.125,0.125,0.125,0.125,0.125,0.125,0.125
197,197.0,0.125,0.125,0.125,0.125,0.125,0.125,0.125,0.125
198,198.0,0.125,0.125,0.125,0.125,0.125,0.125,0.125,0.125
199,199.0,0.1248611111111111,0.1248611111111111,0.1248611111111111,0.1248611111111111,0.1248611111111111,0.1248611111111111,0.1259722222222222,0.1248611111111111
200,200.0,0.1241317307692307,0.1241317307692307,0.1241317307692307,0.1249009615384615,0.1241317307692307,0.1241317307692307,0.1285394230769231,0.1259009615384615
201,201.0,0.1229942275641025,0.1241053386752136,0.1229942275641025,0.1256361079059829,0.1229942275641025,0.1229942275641025,0.1306555352564102,0.1276261079059829
202,202.0,0.1226257888141025,0.1238368999252136,0.1227368999252137,0.1260035580448718,0.1216257888141025,0.1216257888141025,0.1324695065064103,0.1290757691559829
203,203.0,0.1218741520571775,0.1231540611480866,0.1220750611480866,0.1278664575816531,0.1199750611480866,0.1199750611480866,0.1349052798942405,0.1301748658745823
204,204.0,0.1218558605322963,0.1222848887141145,0.1212355787141145,0.129500066924604,0.1181665787141145,0.1181665787141145,0.1368742972702194,0.1319161504164221
205,205.0,0.1216189747527154,0.1211809501375639,0.120259763328473,0.1308352214239206,0.116249353328473,0.116249353328473,0.1401732410314694,0.1334331426689115
206,206.0,0.1210958815098592,0.1207717497634466,0.1189841766033557,0.1318743124548705,0.1141575107942648,0.1141575107942648,0.1429160824818041,0.136042775598134
207,207.0,0.1211280914901427,0.1201885924219471,0.1176239957624056,0.1326514239188493,0.1120200572923147,0.1120200572923147,0.1459874469942553,0.1383803348277704
208,208.0,0.1207623718740688,0.1191742913528045,0.1159167887411221,0.1336469928699247,0.1096541927456806,0.1096541927456806,0.1501908459845643,0.1410003236861543
209,209.0,0.1209606904109515,0.1179074480398187,0.1148910729294941,0.1360098233754816,0.1071699894428698,0.1071699894428698,0.1537103166293167,0.1421806697291975
210,210.0,0.1207662834767497,0.1163059967955154,0.1142442593949754,0.1391181806886362,0.1053696660830709,0.1045363327497376,0.1570412115687753,0.1426180692425393
211,211.0,0.1201420679647611,0.1143890931635322,0.1131787587974154,0.1422214621656777,0.1033071335282587,0.1017129027590279,0.1620673266017337,0.1429812550195931
212,212.0,0.1192965231544937,0.112365890692102,0.1120060835727883,0.1458084828756697,0.1012025124614629,0.0994507285248113,0.1668779373202182,0.1429918413984537
213,213.0,0.1182521237238524,0.1101526950128274,0.1099125099373792,0.1503655582756885,0.0997833514843434,0.0971199572196375,0.1717332591205566,0.1426805452257148
214,214.0,0.1169945909681643,0.1078473659172898,0.107717242532075,0.1551206724733536,0.0982069697666528,0.0947319478962388,0.1767421952570634,0.1426390151891621
215,215.0,0.1156407551157265,0.1055651116063064,0.1055353449761538,0.1593970357639596,0.0966866958667621,0.0924286577826132,0.18233731162395,0.1424090872645281
216,216.0,0.1146631068577447,0.1026331626512473,0.1033606814336189,0.1635877423827627,0.0952055039152722,0.09016879026622,0.1884250948792495,0.1419559176138844
217,217.0,0.1140452674538167,0.1002533754386379,0.1012218425711243,0.1671821532284576,0.0937818650694254,0.0879781691950673,0.1942236139547812,0.1413137130886894
218,218.0,0.1140697008741848,0.0978258621972322,0.0990419743639731,0.169919597994095,0.092329600461798,0.0866103242100749,0.1997704454161123,0.1404324944825295
219,219.0,0.1137507588314868,0.0953473522348006,0.0968148764513958,0.1717614435574551,0.0908339933373378,0.0852143377249536,0.2069843437463799,0.1392928941161901
220,220.0,0.1137840629436134,0.0927870799511347,0.0945071747374948,0.1730135469339922,0.089809521528962,0.0836822308185294,0.2145452166696205,0.1378711664166528
221,221.0,0.1142005874395012,0.0901999559348125,0.0921714676339235,0.1738274228761443,0.0899521389752057,0.0820668154883623,0.2213344342763731,0.136247177375677
222,222.0,0.1145574670764403,0.0876852248924763,0.0899049633627387,0.1750147091364569,0.0900769165766696,0.080465096525173,0.2277675411190153,0.1345280813110296
223,223.0,0.1148734262805791,0.085276738958389,0.0877397354200362,0.1756690151873745,0.0901909448423495,0.0789505227459909,0.2345430925583181,0.1327565240069623
224,224.0,0.1148155399961408,0.0828870354469856,0.0855867842787129,0.1759930529758106,0.090151716956252,0.0780119356694596,0.2412160572169278,0.1313378774597103
225,225.0,0.1144473210825132,0.0805618728834584,0.0834905585027976,0.1770874934245584,0.089999399938854,0.0770263328166611,0.2475626291751305,0.1298243921760265
226,226.0,0.1138353269515347,0.0783617569750102,0.0814981512279591,0.1786327122282245,0.0898179988236031,0.0760527969635694,0.2535172606317515,0.1282839961983473
227,227.0,0.1140879994243801,0.0763224370015323,0.0796453574631529,0.1801539537540081,0.0896386608163758,0.0747693106951646,0.2585953347141556,0.1267869461312304
228,228.0,0.1145937908086768,0.0743657379434455,0.0783665704401427,0.181478751646767,0.0897880565485571,0.0734709591322096,0.2627128394598224,0.1252232940203785
229,229.0,0.114850812701251,0.072531048556018,0.0771956717202367,0.1827209641785244,0.0899282660393718,0.0722480751060993,0.2668941818352177,0.1236309798632809
230,230.0,0.1149779411325338,0.0708559949099408,0.076165469464792,0.1835736750622598,0.0900906938225169,0.0711372287078789,0.2711062114347906,0.1220927854652868
231,231.0,0.1146218534520834,0.0693221592475286,0.0747533945557124,0.1839714046533197,0.0906331270793321,0.0705361898112035,0.2752175675401584,0.1209443036606616
232,232.0,0.114173807515441,0.0679287510267977,0.0734601450235354,0.1847553580116006,0.091144330117808,0.0699757590233496,0.2792153321831177,0.1193465170983495
233,233.0,0.1136447460455154,0.0666633650841145,0.0722748642529185,0.185156209355544,0.09202685757287,0.0694451403679068,0.2829915186193168,0.1177972987018135
234,234.0,0.112635783334757,0.0655263114162654,0.0711910451502017,0.1855721981616982,0.0927868866138838,0.0689613901652726,0.2862853096209818,0.1170410755369389
235,235.0,0.1115369793422247,0.0644997800427965,0.0702014358113178,0.1855314660071897,0.0934776643655157,0.0684921894521885,0.2899629800207235,0.1162975049580432
236,236.0,0.1106778396766659,0.0635811421571402,0.0693050429451347,0.1854871462961699,0.094097410390286,0.0680386481171642,0.2932430645734047,0.115569705844034
237,237.0,0.1101413426294033,0.062781936453108,0.0685075076396373,0.1851136855170888,0.0946526668883855,0.0680090098046562,0.2959185217133955,0.1148753293543251
238,238.0,0.1094141712594271,0.0620499720680293,0.0677661872977709,0.1852665436464429,0.095409623694485,0.0679289099399582,0.2980114092055321,0.1141531828883542
239,239.0,0.1086510986703682,0.0614270366126211,0.0671244213441295,0.185768176396962,0.0961201658503389,0.0679011280098594,0.2995408158676159,0.1134671572481046
240,240.0,0.1074614133528195,0.060892734541775,0.066563296493078,0.1866912301633699,0.0966952288218389,0.0678768445053617,0.3010298389834701,0.1127894131382866
241,241.0,0.1062281477538386,0.0604274435998627,0.0660645953269036,0.1875244455474343,0.0971105653254613,0.0678108838336817,0.3027256216552437,0.1121082969575738
242,242.0,0.1045642006610499,0.0600266779341963,0.0656251531697733,0.1879208737155505,0.0973736257783875,0.0680493565665778,0.3050128701141761,0.1114272420602882
243,243.0,0.1029036660737081,0.0597097128102848,0.0652596708739527,0.1883249354014877,0.0975230917295053,0.0686101497264828,0.3068954503911123,0.1107733229934658
244,244.0,0.1012582967671535,0.0594686328836011,0.0649617023346784,0.1887982771622998,0.0976055318948888,0.0691591223383929,0.3085914435140098,0.1101569931049753
245,245.0,0.0996594608980946,0.0592923563895717,0.0647273790185001,0.1892610768688476,0.0975840479112514,0.0699936072679579,0.3099007639098898,0.1095813077358863
246,246.0,0.0977051394721577,0.0591632650647732,0.0647726477084305,0.189914075950873,0.0974431465840514,0.0707391137319631,0.3114779561107059,0.1087846553770449
247,247.0,0.0957466583491041,0.0590607641833932,0.0648376436805368,0.1910916233771337,0.097464565807775,0.0713774181109506,0.3124167914785533,0.1080045350125529
248,248.0,0.0937847645407358,0.059206113093824,0.0649204154085782,0.1921070414839104,0.0974019084082362,0.0719556295500958,0.3133800341009792,0.10724409341364
249,249.0,0.0918628229534431,0.0593864923062409,0.0650317765781416,0.1930721562094705,0.0972722780289405,0.0724820545202576,0.3143590576955512,0.1065333617079542
250,250.0,0.0902588662685082,0.0596049177572145,0.0651760773922724,0.1941418119923018,0.0968355087746379,0.072698998804977,0.3153915503309953,0.1058922686790925
251,251.0,0.0887216757060565,0.0598419653341635,0.0653351456441568,0.1956958149542473,0.0963067139155437,0.0728217994295524,0.3159996656869346,0.1052772193293448
252,252.0,0.0872195630007942,0.0600894183924632,0.0655019299512428,0.1976824571237826,0.095727145905234,0.0728880027411328,0.3161958055654861,0.1046956773198637
253,253.0,0.0857506470669398,0.0603334552668646,0.0656636842784086,0.1995014951868986,0.0950520353615945,0.0728559199267558,0.3167124788654381,0.1041302840470995
254,254.0,0.0843215298867636,0.0605702321397215,0.0658175490130824,0.2013782892430832,0.0942932738766685,0.0727317162384347,0.3173050453384288,0.1035823642638167
255,255.0,0.0829458008687179,0.060804339164112,0.065969006388819,0.2030771060276914,0.0935101175904656,0.0725616368222467,0.3180631192988423,0.1030688738391045
256,256.0,0.0818978947108148,0.0610382844530043,0.0661261956839946,0.2045519400579099,0.0924559628961419,0.0723783598282424,0.318950999553927,0.1026003628159646
257,257.0,0.0809300909062408,0.0612556553397275,0.0662731599471956,0.2061383909787401,0.091380313661146,0.0721397574066938,0.3197279013940439,0.1021547303662117
258,258.0,0.0799547429735086,0.0616520783026164,0.0675149555069664,0.2083512686236257,0.0887532876132149,0.072036151381082,0.3210416136451801,0.1006959019538054
259,259.0,0.0790693627265283,0.0620244582599569,0.0687305361543797,0.21042470419728,0.0861322824807373,0.0718722980700376,0.3224780121699039,0.0992683459411758
260,260.0,0.0782247352260446,0.0623557013670999,0.0698948483306076,0.2127017518382273,0.0835259366845068,0.0716385718001773,0.3237916060472802,0.0978668487060559
261,261.0,0.0776463356199576,0.0626596384251146,0.0710146534073667,0.2147958879160304,0.0809963543747127,0.0713814931382087,0.324983949909309,0.0965216872093
262,262.0,0.0771241219634914,0.0629297765867396,0.0720772612895426,0.2166125916180383,0.0785551515752578,0.070843252379443,0.3266235774134742,0.0952342671740129
263,263.0,0.0766376459200823,0.063160934250958,0.0730721402905985,0.2183875623301774,0.0762122181837812,0.0702821395585805,0.3282417530541457,0.0940056064116761
264,264.0,0.0761842096157379,0.0635380613053516,0.0739945211957094,0.2200668083992862,0.0737230960185098,0.0697041172282309,0.3299491086460401,0.0928400775911335
265,265.0,0.075782221133489,0.063885911959059,0.0748490744366976,0.2216279951486641,0.0715966812432921,0.0691096212227803,0.3313991772686772,0.0917493175873404
266,266.0,0.0754101867748055,0.0642012355301564,0.07563133743211,0.2227454451179752,0.0696029497968261,0.0685116010528437,0.3331639112678027,0.09073333302748
267,267.0,0.0750619515021949,0.0644696016294524,0.0763329207215427,0.2237397899655215,0.0680002822535685,0.0679114208611232,0.3349474442171627,0.0895365888494339
268,268.0,0.0747288839056605,0.0646850255481069,0.076947312548105,0.2250290458333049,0.0664964193841932,0.0672891336464538,0.3364180250809997,0.0884061540531758
269,269.0,0.074412071417871,0.0650305019799016,0.0774816071734545,0.2260283921944557,0.0653343505273635,0.066653301546756,0.3377089539673331,0.0873508211928643
270,270.0,0.0741063722076949,0.0653203829681688,0.077930916326222,0.2268662855948524,0.0642654619782029,0.0660057871067212,0.3391391050955576,0.0863656887225799
271,271.0,0.0738100692589592,0.0655550637714643,0.0782975803628107,0.2275683964404626,0.063287602683811,0.0653513851346978,0.34067835925421,0.0854515430935841
272,272.0,0.0735216200022273,0.0657355119532641,0.0785845764840015,0.228378268570361,0.0623980226103175,0.0646945572119883,0.3420790069347839,0.084608436233056
273,273.0,0.0734603170952202,0.0660737633488044,0.078096897772193,0.2290887131974878,0.0618125667720877,0.065368082117664,0.342962429052851,0.0831372306436916
274,274.0,0.07341644396278,0.0665276934756572,0.0775487299890331,0.2297773727666978,0.0613156451804136,0.0660382181777957,0.3436289587246535,0.0817469377229689
275,275.0,0.0734040195006241,0.0669374189834895,0.0769561506624647,0.2303796809748737,0.0609099012513629,0.0667088148190365,0.3442516334462272,0.0804523803619213
276,276.0,0.0732747872212266,0.0671775769882226,0.0772067859070452,0.2308310868292969,0.060457985092173,0.0671319275196009,0.3447904683895996,0.0791293820528349
277,277.0,0.0730475800576665,0.0672696609451486,0.0772305326819211,0.2316034408809861,0.0599750655345814,0.0682528670290582,0.3448195372190022,0.0778013156516356
278,278.0,0.0728131374791744,0.0673072776631892,0.0772120594198065,0.232304896067366,0.0595479139178041,0.0695091210004879,0.3445474755537261,0.0767581188984456
279,279.0,0.0727637669958782,0.0672934526387563,0.0773059052002773,0.2327286352167876,0.0591723279935421,0.0708837399424535,0.3440523786111868,0.075799793401118
280,280.0,0.0727017590867239,0.0681405652682649,0.0773599270920542,0.2327423359030067,0.0588440868642392,0.0714855490364733,0.3438002354952749,0.0749255412539628
281,281.0,0.0726575088014761,0.0689456408076988,0.0773857403316942,0.2326653010951284,0.0585901905119942,0.0720378293867049,0.3435666568061466,0.0741511322591565
282,282.0,0.0728164537261801,0.0696996217294777,0.0773810089113514,0.2324403996531235,0.058396884922282,0.0725305829610155,0.3432654647755553,0.0734695833210143
283,283.0,0.0729586358608759,0.070394586668605,0.0773457184566717,0.2323783683046905,0.0580681199580263,0.0729610347680507,0.3430222167663269,0.0728713192167528
284,284.0,0.0730057563396835,0.0708763573609844,0.0771305937178574,0.2322547827481456,0.0577134896839862,0.0731777606359182,0.3435643406098158,0.0722769189036087
285,285.0,0.0729612140305706,0.0711645232465016,0.0767592930418724,0.2320449516128412,0.0573244749501263,0.0739615899657154,0.3440962081061281,0.0716877450462443
286,286.0,0.0728892072758141,0.0713891857667073,0.0763651957213296,0.2317760633061684,0.0571489404094852,0.0746684168472577,0.3445978319245563,0.0711651587486813
287,287.0,0.0729387759389598,0.0715560954095978,0.07595658568296,0.2313957023268428,0.0570050789979155,0.0745338085915981,0.3451352871635942,0.0714786658885317
288,288.0,0.0729033396581549,0.0715546378781849,0.075424687067211,0.230980676135749,0.0575386105170783,0.0742168674218459,0.3456466267014954,0.0717345546202803
289,289.0,0.0727927386371834,0.0714058759397053,0.0747917574855,0.2304552546369123,0.0579898093222689,0.0737511802361718,0.3468730840961752,0.0719402996460828
290,290.0,0.0726604622148684,0.0712098488640744,0.074158440150454,0.2298293451609922,0.058443451062653,0.0732311588491926,0.3481546846761659,0.0723126090215992
291,291.0,0.0725214039431696,0.0709772593223496,0.0735338390934274,0.2292248509403757,0.0588985268784311,0.0726775350694903,0.349446624449298,0.0727199603034582
292,292.0,0.07235552488507,0.0707058622266504,0.0729170151653976,0.2285211848122774,0.059340987121784,0.0720838458423066,0.3509321782144227,0.0731434017320911
293,293.0,0.0729283277525432,0.069783755802523,0.0716952301676213,0.2277963231996291,0.0598648573379967,0.0715633575759411,0.3526953377142524,0.0736728104494928
294,294.0,0.0734829781576386,0.0688442028334409,0.0704989465971758,0.2270592669275339,0.0603707859259984,0.0710283534934755,0.3545039586449242,0.0742115074198124
295,295.0,0.0740008920536254,0.0678920396978958,0.0693330889832638,0.2262464586053341,0.0608481083494617,0.0704723857224719,0.356463144068646,0.074743882519301
296,296.0,0.0745878048072141,0.0669915617831014,0.068260133761329,0.2258074049412569,0.0614027495942941,0.0692416231526228,0.3583350871690083,0.0753736347911732
297,297.0,0.0751314126896813,0.0660977098569155,0.0672329653289843,0.2253544926265167,0.0619244384726267,0.068016943836166,0.360255719298414,0.0759863178906951
298,298.0,0.0756327427432486,0.0652197923881795,0.0662586428831402,0.2250348477202863,0.0624208870905248,0.0668176938003242,0.3620346505288721,0.0765807428454241
299,299.0,0.0760963588947369,0.0643643267912335,0.0653412836507534,0.2245931301436554,0.0628918993002533,0.0656475349236554,0.3639132448275431,0.0771522214681688
300,300.0,0.0765079891745122,0.0635339326104421,0.0644809953625663,0.2241098207240394,0.0633202026600895,0.0645100278312104,0.3658455526880474,0.0776914789490924
301,301.0,0.0768708379491014,0.0627354373630894,0.0636820185653281,0.2235079794098192,0.0637151504125236,0.0634207760465098,0.3678682945660112,0.0781995056876171
302,302.0,0.0773313065260975,0.0619726519696026,0.0629455356190655,0.2228942902234135,0.0640753356515729,0.0623852131970869,0.3697222133695728,0.078673453443588
303,303.0,0.0775894231402092,0.0612486689826245,0.062271999545776,0.2224216479872285,0.0643998572286548,0.0614077063406424,0.3715495790863594,0.0791111176885049
304,304.0,0.0777910921406305,0.0605618054255161,0.0616571045289532,0.2218675708528183,0.0646734979272956,0.0604733259596072,0.3734710008196509,0.0795046023455279
305,305.0,0.0772344304917701,0.0608132839654634,0.0611661584753053,0.2216031977148262,0.065028717578789,0.059658550371548,0.3745125034858309,0.0799831579164668
306,306.0,0.0765692990497872,0.0609697977086555,0.0606691055371812,0.2212735264627517,0.065208728752775,0.058836581937432,0.3761841847743054,0.0802887757771116
307,307.0,0.075867027882009,0.0611517721370553,0.0604987297767371,0.2208620600306971,0.065339479831855,0.0580636322089365,0.3776691742759702,0.0805481238567394
308,308.0,0.0751382057541925,0.0605864123298685,0.060376581008931,0.2213037231931339,0.0654326760006431,0.0573485362144034,0.379047933912363,0.0807659315864641
309,309.0,0.0743972861724623,0.0600483466008199,0.0603027468059482,0.2217970915749758,0.0653540260546032,0.0567013904939822,0.3804529218351736,0.0809461904620344
310,310.0,0.0736431194090226,0.0595345982755468,0.0602658833694326,0.2223566825923509,0.0652351837573233,0.0562425520620681,0.3816386313526122,0.081083349181643
311,311.0,0.072882576526696,0.0590467746563063,0.0602615636733736,0.222815407527413,0.0650798731852915,0.0558291326647419,0.3829054869452089,0.0811791848209684
312,312.0,0.0721294620505835,0.0585882321911875,0.060286574138959,0.2234583378944864,0.0648929161813685,0.0554599535328826,0.3839444953150764,0.0812400286954558
313,313.0,0.0713817281939954,0.0581575950358559,0.060335688592956,0.2240158456950038,0.0646769372160232,0.055131488239861,0.3850370147838716,0.0812637022424327
314,314.0,0.0706444237081675,0.0577553398128574,0.060404970335031,0.224564163795927,0.0644356051275412,0.0548411807154115,0.3861017306486197,0.0812525858564443
315,315.0,0.0699292397829878,0.0573836927801851,0.0604917258213936,0.2251379783546661,0.0641735349743161,0.0545874164944993,0.3869532276090613,0.0813431841828902
316,316.0,0.0692358306107589,0.0570435832551994,0.0605960731518449,0.2256779782944304,0.0639028078595148,0.0543822867682776,0.3877539185775964,0.0814075214823773
317,317.0,0.0685747439670344,0.0567359818285257,0.0607175241438831,0.226192758151086,0.0636308199974966,0.0542254476180432,0.3884743548401925,0.0814483694537382
318,318.0,0.0679538169270726,0.0564605674493181,0.0608507441479823,0.226707046854494,0.0633581587115117,0.0541068630357742,0.3890932356822057,0.0814695671916411
319,319.0,0.0674368776208824,0.0562804127624165,0.0610567955839835,0.2272247786825554,0.0623821073022186,0.054087270690376,0.3899310269553004,0.081600730402267
320,320.0,0.0669553787547242,0.0561275654065363,0.06126713111514,0.2279452553655295,0.0614160154159112,0.0540975738710517,0.3904812104493664,0.0817098696217404
321,321.0,0.0665092833360008,0.0559998537242904,0.0614797637337488,0.2286260250007989,0.0604642414522589,0.0541325810582178,0.3909943989098021,0.081793852784882
322,322.0,0.0661041808110563,0.0558972352931457,0.0616927991303674,0.2291920494589316,0.0595351013536989,0.0541895774261944,0.3914052140459456,0.0819838424806598
323,323.0,0.0657396758651811,0.0560295035757752,0.0619064774085151,0.2294549121240229,0.0586378077335326,0.0542721599043057,0.3918096845685376,0.0821497788201296
324,324.0,0.0654119797940494,0.0561760020112506,0.0621127459600545,0.2296977040234409,0.0577720766157836,0.0543625770737948,0.3920880627466222,0.0823788517750038
325,325.0,0.0650134228152207,0.0563394854664175,0.0621942521159832,0.2298735467760569,0.0568317936691761,0.0544732330727978,0.3926895746866049,0.0825846913977426
326,326.0,0.064645620648399,0.0565138739021155,0.0622666704587282,0.2299879503844047,0.0559302893677329,0.0545833978635597,0.3933068471899202,0.0827653501851395
327,327.0,0.0643116571813397,0.0566919395373978,0.0623281626048373,0.2300150892377639,0.0550718031893679,0.0546906868178077,0.393852325514198,0.0830383359172875
328,328.0,0.0640078150702823,0.0568712412280267,0.0623791089400393,0.2300695584155951,0.0542644071263871,0.0547990783976337,0.3943203669649899,0.0832884238570456
329,329.0,0.0637277519611181,0.057047289151278,0.0625055287578105,0.2299274731926729,0.0535095977580859,0.0549056002203738,0.3948654305400259,0.0835113284186346
330,330.0,0.0634782562505879,0.05722622504847,0.0626259400427762,0.2297147728464842,0.0528152042742138,0.0550184404548117,0.3954094264965028,0.083711734586153
331,331.0,0.0632531331640667,0.0574001766214909,0.062735516484484,0.22971235807231,0.0520654801190641,0.0551402143360838,0.3957940307973941,0.0838990904051061
332,332.0,0.0630467536338948,0.0575629304772142,0.0628294684469826,0.2295985208483185,0.0513677328009716,0.0552474821157169,0.3962954423247636,0.0840516693521377
333,333.0,0.0628645515548432,0.0577168022357082,0.0629114341333961,0.2293814269420951,0.0507279775747117,0.0553480040858116,0.3968770835676141,0.0841727199058198
334,334.0,0.0627807828262624,0.0579362258273238,0.0630570658455477,0.2293895350787372,0.0511311384350311,0.055516464985343,0.3966832462008763,0.0835055408008783
335,335.0,0.0626514998660888,0.0580727186090592,0.0639515223641092,0.22920744716528,0.0514345642053712,0.0556075280956571,0.3963288522640605,0.0827458674303738
336,336.0,0.0625537951471905,0.0581975909728971,0.0648254757883328,0.2287929382361641,0.0517792403181483,0.055686560120881,0.3961873452321752,0.0819770541842107
337,337.0,0.0624707714882339,0.0583066888248132,0.0656682846417816,0.2282080791279314,0.0521509478464165,0.0558567180540998,0.3961350172126286,0.0812034928040947
338,338.0,0.0623385294960273,0.0583377408776279,0.0671179235673201,0.2274133012406546,0.0524185522335279,0.0559507690248932,0.3960554901333655,0.0803676934265831
339,339.0,0.0621699383645385,0.0583019395140909,0.0683577938423655,0.2262258196679061,0.05259559023036,0.0559782398323144,0.3968815240592872,0.0794891544891372
340,340.0,0.0620181165663616,0.0582529006765248,0.0696313431789445,0.2249534103666068,0.0527854517947657,0.0559871942916738,0.3977431051418579,0.0786284779832647
341,341.0,0.0618787884376934,0.0581925267782253,0.070842307863145,0.2236320157730472,0.0529859146350589,0.0559844621084427,0.3986942863861252,0.0777896980182622
342,342.0,0.0617512630012809,0.0581219506964524,0.0719843393321932,0.222272984163396,0.0531934547288179,0.0559705924852649,0.3997273520784291,0.0769780635141655
343,343.0,0.0616440281187785,0.0580469065001675,0.0730570241382782,0.2208494953640959,0.053298787900129,0.0559548207343144,0.4009459598986785,0.0762029773455578
344,344.0,0.0615456951421956,0.057961436066548,0.0740495186802446,0.2195699343512079,0.0534048637422623,0.0559219229670932,0.4020847102667177,0.0754619187837305
345,345.0,0.0614577221572564,0.0578701032846677,0.0749626860896531,0.2183799162778269,0.0535144738065086,0.0558852580769094,0.4031652942678273,0.0747645460393503
346,346.0,0.0614075611181119,0.0577801799850886,0.0758012007264442,0.2168046927174156,0.0536374155772185,0.0558546234497094,0.4045994485824241,0.0741148778435876
347,347.0,0.0613664511333353,0.0576911012776288,0.0765617625882553,0.2152843144361166,0.0537592359012161,0.0560366129405082,0.4057904549193226,0.0735100668036167
348,348.0,0.0613309063289177,0.0575988734861839,0.0772397613299993,0.213741773880268,0.0538761874997437,0.056200053700488,0.4070637614013486,0.0729486823730506
349,349.0,0.0613875971864627,0.057507261829717,0.0778392013089155,0.2122604660997036,0.0539889322061298,0.0563527089089979,0.40823083817508,0.0724329942849931
350,350.0,0.0614510431488443,0.0574144617361831,0.0783604415305958,0.2108400095159754,0.0540989094386406,0.0564990596765704,0.4093698156670404,0.0719662592861496
351,351.0,0.0615216264598405,0.0573210473428835,0.0788057151290826,0.2092474322898707,0.0542046887914235,0.0567612175341589,0.4105945039052669,0.0715437685474731
352,352.0,0.0615851082150084,0.0572244691859361,0.0791747179109262,0.2077972808124679,0.0542992178974554,0.0570028164793018,0.4117549040949951,0.0711614854039088
353,353.0,0.0616464776806731,0.0572050275800674,0.079472375682304,0.2064842269155106,0.0543851293858566,0.0572271345713457,0.4127598098747833,0.0708198183094589
354,354.0,0.0617045616056609,0.0571837619186602,0.0797024174188792,0.2052122657747007,0.0544620370396514,0.0574330331900093,0.4137846055506563,0.0705173175017817
355,355.0,0.0617613296730694,0.0571616928603302,0.0798694778749871,0.2041738012145472,0.0545302857960342,0.0576202782892775,0.4146302389158314,0.0702528953759226
356,356.0,0.0618330448364429,0.0571431184929275,0.0799822734170532,0.2029218885908862,0.0545967681344487,0.0579267553887415,0.4155657875484862,0.0700303635910137
357,357.0,0.0618963642800141,0.0571218290269872,0.0800397433853771,0.2016028654842193,0.0546511164671309,0.0582058592906754,0.4166400747348401,0.0698421473307557
358,358.0,0.0619599022653545,0.0571005016151597,0.0800485910826556,0.200364000654998,0.0546971946685731,0.0584634322024244,0.417678182389311,0.0696881951215236
359,359.0,0.0620185111662925,0.0570777670511354,0.0800120921809234,0.1990601786230232,0.0547344844280764,0.0586979514306169,0.4188353862249834,0.0695636288949486
360,360.0,0.0620729846341508,0.0570536120586028,0.0799354392380934,0.1978900667693522,0.0547632114279412,0.0589088849156467,0.4199078665777512,0.0694679343784615
361,361.0,0.0620469812537502,0.0570291499278601,0.0798237013255457,0.1966758715445815,0.0547842216864606,0.0592231326806996,0.4210177081467564,0.0693992334343457
362,362.0,0.0620095440446167,0.0570015205849009,0.079678453723708,0.1954902884016396,0.054794049528116,0.0595043175610854,0.4221708244462167,0.0693510017097165
363,363.0,0.0619645744438516,0.0569711620732906,0.0795050069370789,0.1944335672290557,0.0547956890474474,0.0597589784544341,0.4232491713482674,0.0693218504665741
364,364.0,0.0619126147153263,0.0569381359442866,0.0793827201692902,0.1933907534349529,0.0547896023681779,0.0599866822346785,0.4242900370775776,0.0693094540557098
365,365.0,0.0618570375750473,0.0569036534473394,0.0792402143141748,0.1924157410678317,0.0547768488304265,0.0601878779733398,0.4252384762722124,0.0693801505196278
366,366.0,0.0618022866291115,0.0568717139502164,0.079083606553379,0.1915014581578008,0.0547589780987086,0.0603637675787942,0.4261514385976372,0.0694667504343521
367,367.0,0.0617397852804404,0.0568396540031919,0.0789131446103643,0.1905512490852815,0.0547328436967371,0.0605064668566826,0.427152478957435,0.0695643775098671
368,368.0,0.061672718188458,0.0568078807914528,0.0787319930635092,0.1896645769428612,0.0547014985682211,0.0606238133010744,0.4281278492444502,0.0696696698999729
369,369.0,0.0616016208526434,0.0567764296131836,0.078542778628262,0.1887917028050883,0.0547889541650596,0.0607167052903573,0.4290015501456447,0.069780258499761
370,370.0,0.0615210014007048,0.0567438269995046,0.0783464439604989,0.1880123287487363,0.0548665522854917,0.0607786749704283,0.4297640841822009,0.0699670874524343
371,371.0,0.0614351429163461,0.0567092011185717,0.0781452707152609,0.1873384053204521,0.0549360821220479,0.0608154685480193,0.4304637031024192,0.0701567261568824
372,372.0,0.061344713895261,0.056672659276701,0.0779413927927747,0.1866946475154477,0.0549972342892813,0.060947638509097,0.4310550328778065,0.0703466808436305
373,373.0,0.0612582929879833,0.0566387362233031,0.077740280922394,0.186131854134112,0.055052884141619,0.0610603126829839,0.4315827273679332,0.0705349115396713
374,374.0,0.0612589297671706,0.0565403367629717,0.0775436111644787,0.1855272230799109,0.0551028500526272,0.0611539631878604,0.4321536699135316,0.0707194160714486
