,Unnamed: 0,Total_iterations,Intertwine_two,Invert_path_vertices,Insert_inside_vertex,Delete_inside_vertex,Replace_inside_vertex,Donate_between_routes,Trim_one_terminal_cb,Grow_one_terminal_cb
0,0.0,0.0,0.125,0.125,0.125,0.125,0.125,0.125,0.125,0.125
1,1.0,0.10900000000000001,0.125,0.125,0.125,0.125,0.125,0.125,0.125,0.125
2,2.0,0.31601,0.125,0.125,0.125,0.125,0.125,0.125,0.125,0.125
3,3.0,0.6191589000000001,0.125,0.125,0.125,0.125,0.125,0.125,0.125,0.125
4,4.0,1.015801321,0.125,0.125,0.125,0.125,0.125,0.125,0.125,0.125
5,5.0,1.50262148669,0.125,0.125,0.125,0.125,0.125,0.125,0.125,0.125
6,6.0,2.0757334209441005,0.125,0.125,0.125,0.125,0.125,0.125,0.125,0.125
7,7.0,2.7307768275633495,0.125,0.125,0.125,0.125,0.125,0.125,0.125,0.125
8,8.0,3.4630081252450404,0.125,0.125,0.125,0.125,0.125,0.125,0.125,0.125
9,9.0,4.2673862119061114,0.125,0.125,0.125,0.125,0.125,0.125,0.125,0.125
10,10.0,5.138652627782014,0.125,0.125,0.125,0.125,0.125,0.125,0.125,0.125
11,11.0,6.071405875792507,0.125,0.125,0.125,0.125,0.125,0.125,0.125,0.125
12,12.0,7.060169740244025,0.125,0.125,0.125,0.125,0.125,0.125,0.125,0.125
13,13.0,8.099455520847952,0.125,0.125,0.125,0.125,0.125,0.125,0.125,0.125
14,14.0,9.183818168183006,0.125,0.125,0.125,0.125,0.125,0.125,0.125,0.125
15,15.0,10.307906369102724,0.125,0.125,0.125,0.125,0.125,0.125,0.125,0.125
16,16.0,11.466506686239443,0.125,0.125,0.125,0.125,0.125,0.125,0.125,0.125
17,17.0,12.654581904800096,0.125,0.125,0.125,0.125,0.125,0.125,0.125,0.125
18,18.0,13.867303782456686,0.125,0.125,0.125,0.125,0.125,0.125,0.125,0.125
19,19.0,15.100080434523047,0.125,0.125,0.125,0.125,0.125,0.125,0.125,0.125
20,20.0,16.348578617037543,0.125,0.125,0.125,0.125,0.125,0.125,0.125,0.125
21,21.0,17.608741195130214,0.125,0.125,0.125,0.125,0.125,0.125,0.125,0.125
22,22.0,18.876800103462312,0.125,0.125,0.125,0.125,0.125,0.125,0.125,0.125
23,23.0,20.14928511992658,0.125,0.125,0.125,0.125,0.125,0.125,0.125,0.125
24,24.0,21.423028783545156,0.125,0.125,0.125,0.125,0.125,0.125,0.125,0.125
25,25.0,22.695167792966423,0.125,0.125,0.125,0.125,0.125,0.125,0.125,0.125
26,26.0,23.963141223515898,0.125,0.125,0.125,0.125,0.125,0.125,0.125,0.125
27,27.0,25.224685898775267,0.125,0.125,0.125,0.125,0.125,0.125,0.125,0.125
28,28.0,26.477829247520948,0.125,0.125,0.125,0.125,0.125,0.125,0.125,0.125
29,29.0,27.720879968916847,0.125,0.125,0.125,0.125,0.125,0.125,0.125,0.125
30,30.0,28.95241681848399,0.125,0.125,0.125,0.125,0.125,0.125,0.125,0.125
31,31.0,30.17127581490958,0.125,0.125,0.125,0.125,0.125,0.125,0.125,0.125
32,32.0,31.376536153543515,0.125,0.125,0.125,0.125,0.125,0.125,0.125,0.125
33,33.0,32.567505096778625,0.125,0.125,0.125,0.125,0.125,0.125,0.125,0.125
34,34.0,33.74370209472243,0.125,0.125,0.125,0.125,0.125,0.125,0.125,0.125
35,35.0,34.90484237192463,0.125,0.125,0.125,0.125,0.125,0.125,0.125,0.125
36,36.0,36.05082019768737,0.125,0.125,0.125,0.125,0.125,0.125,0.125,0.125
37,37.0,37.18169203889697,0.125,0.125,0.125,0.125,0.125,0.125,0.125,0.125
38,38.0,38.29765977559663,0.125,0.125,0.125,0.125,0.125,0.125,0.125,0.125
39,39.0,39.399054140870355,0.125,0.125,0.125,0.125,0.125,0.125,0.125,0.125
40,40.0,40.48631852820801,0.125,0.125,0.125,0.125,0.125,0.125,0.125,0.125
41,41.0,41.55999329152982,0.125,0.125,0.125,0.125,0.125,0.125,0.125,0.125
42,42.0,42.62070064560415,0.125,0.125,0.125,0.125,0.125,0.125,0.125,0.125
43,43.0,43.669130257815,0.125,0.125,0.125,0.125,0.125,0.125,0.125,0.125
44,44.0,44.70602560622662,0.125,0.125,0.125,0.125,0.125,0.125,0.125,0.125
45,45.0,45.73217116373481,0.125,0.125,0.125,0.125,0.125,0.125,0.125,0.125
46,46.0,46.748380453854836,0.125,0.125,0.125,0.125,0.125,0.125,0.125,0.125
47,47.0,47.755485010424316,0.125,0.125,0.125,0.125,0.125,0.125,0.125,0.125
48,48.0,48.7543242612326,0.125,0.125,0.125,0.125,0.125,0.125,0.125,0.125
49,49.0,49.745736344347726,0.125,0.125,0.125,0.125,0.125,0.125,0.125,0.125
50,50.0,50.730549855707864,0.125,0.125,0.125,0.125,0.125,0.125,0.125,0.125
51,51.0,51.70957651737491,0.125,0.125,0.125,0.125,0.125,0.125,0.125,0.125
52,52.0,52.68360474770151,0.125,0.125,0.125,0.125,0.125,0.125,0.125,0.125
53,53.0,53.65339410751842,0.125,0.125,0.125,0.125,0.125,0.125,0.125,0.125
54,54.0,54.61967059027847,0.125,0.125,0.125,0.125,0.125,0.125,0.125,0.125
55,55.0,55.58312271885972,0.125,0.125,0.125,0.125,0.125,0.125,0.125,0.125
56,56.0,56.544398407394254,0.125,0.125,0.125,0.125,0.125,0.125,0.125,0.125
57,57.0,57.504102543001395,0.125,0.125,0.125,0.125,0.125,0.125,0.125,0.125
58,58.0,58.462795239617805,0.125,0.125,0.125,0.125,0.125,0.125,0.125,0.125
59,59.0,59.42099071417639,0.125,0.125,0.125,0.125,0.125,0.125,0.125,0.125
60,60.0,60.379156734137354,0.125,0.125,0.125,0.125,0.125,0.125,0.125,0.125
61,61.0,61.337714584760846,0.125,0.125,0.125,0.125,0.125,0.125,0.125,0.125
62,62.0,62.29703950447439,0.125,0.125,0.125,0.125,0.125,0.125,0.125,0.125
63,63.0,63.257461537171835,0.125,0.125,0.125,0.125,0.125,0.125,0.125,0.125
64,64.0,64.21926675122782,0.125,0.125,0.125,0.125,0.125,0.125,0.125,0.125
65,65.0,65.18269877636592,0.125,0.125,0.125,0.125,0.125,0.125,0.125,0.125
66,66.0,66.14796061122655,0.125,0.125,0.125,0.125,0.125,0.125,0.125,0.125
67,67.0,67.11521665648885,0.125,0.125,0.125,0.125,0.125,0.125,0.125,0.125
68,68.0,68.08459493066005,0.125,0.125,0.125,0.125,0.125,0.125,0.125,0.125
69,69.0,69.05618942810752,0.125,0.125,0.125,0.125,0.125,0.125,0.125,0.125
70,70.0,70.03006258152917,0.125,0.125,0.125,0.125,0.125,0.125,0.125,0.125
71,71.0,71.00624779379335,0.125,0.125,0.125,0.125,0.125,0.125,0.125,0.125
72,72.0,71.98475200689319,0.125,0.125,0.125,0.125,0.125,0.125,0.125,0.125
73,73.0,72.96555827861411,0.125,0.125,0.125,0.125,0.125,0.125,0.125,0.125
74,74.0,73.94862834037681,0.125,0.125,0.125,0.125,0.125,0.125,0.125,0.125
75,75.0,74.93390511255946,0.125,0.125,0.125,0.125,0.125,0.125,0.125,0.125
76,76.0,75.92131515639825,0.125,0.125,0.125,0.125,0.125,0.125,0.125,0.125
77,77.0,76.91077104428919,0.125,0.125,0.125,0.125,0.125,0.125,0.125,0.125
78,78.0,77.90217363294813,0.125,0.125,0.125,0.125,0.125,0.125,0.125,0.125
79,79.0,78.89541422641172,0.125,0.125,0.125,0.125,0.125,0.125,0.125,0.125
80,80.0,79.89037661826481,0.125,0.125,0.125,0.125,0.125,0.125,0.125,0.125
81,81.0,80.88693900474995,0.125,0.125,0.125,0.125,0.125,0.125,0.125,0.125
82,82.0,81.88497576253909,0.125,0.125,0.125,0.125,0.125,0.125,0.125,0.125
83,83.0,82.88435908692391,0.125,0.125,0.125,0.125,0.125,0.125,0.125,0.125
84,84.0,83.88496048800103,0.125,0.125,0.125,0.125,0.125,0.125,0.125,0.125
85,85.0,84.88665214409042,0.125,0.125,0.125,0.125,0.125,0.125,0.125,0.125
86,86.0,85.89930811312995,0.125,0.125,0.125,0.125,0.125,0.125,0.125,0.125
87,87.0,86.91270540413421,0.125,0.125,0.125,0.125,0.125,0.125,0.125,0.125
88,88.0,87.92663591199673,0.125,0.125,0.125,0.125,0.125,0.125,0.125,0.125
89,89.0,88.94090700995302,0.125,0.125,0.125,0.125,0.125,0.125,0.125,0.125
90,90.0,89.95534192801416,0.125,0.125,0.125,0.125,0.125,0.125,0.125,0.125
91,91.0,90.96977993498905,0.125,0.125,0.125,0.125,0.125,0.125,0.125,0.125
92,92.0,91.98407634191655,0.125,0.125,0.125,0.125,0.125,0.125,0.125,0.125
93,93.0,92.99810234473215,0.125,0.125,0.125,0.125,0.125,0.125,0.125,0.125
94,94.0,94.01174472381885,0.125,0.125,0.125,0.125,0.125,0.125,0.125,0.125
95,95.0,95.0249054177587,0.125,0.125,0.125,0.125,0.125,0.125,0.125,0.125
96,96.0,96.03750098812698,0.125,0.125,0.125,0.125,0.125,0.125,0.125,0.125
97,97.0,97.04946199157715,0.125,0.125,0.125,0.125,0.125,0.125,0.125,0.125
98,98.0,98.06073227476654,0.125,0.125,0.125,0.125,0.125,0.125,0.125,0.125
99,99.0,99.08126820688933,0.125,0.125,0.125,0.125,0.125,0.125,0.125,0.125
100,100.0,100.10093786373095,0.125,0.125,0.125,0.125,0.125,0.125,0.125,0.125
101,101.0,101.1196311762511,0.125,0.125,0.125,0.125,0.125,0.125,0.125,0.125
102,102.0,102.13725884575672,0.125,0.125,0.125,0.125,0.125,0.125,0.125,0.125
103,103.0,103.15375115985421,0.125,0.125,0.125,0.125,0.125,0.125,0.125,0.125
104,104.0,104.16905673094341,0.125,0.125,0.125,0.125,0.125,0.125,0.125,0.125
105,105.0,105.18314117761425,0.125,0.125,0.125,0.125,0.125,0.125,0.125,0.125
106,106.0,106.19598576784188,0.125,0.125,0.125,0.125,0.125,0.125,0.125,0.125
107,107.0,107.20758604136832,0.125,0.125,0.125,0.125,0.125,0.125,0.125,0.125
108,108.0,108.21795042712844,0.125,0.125,0.125,0.125,0.125,0.125,0.125,0.125
109,109.0,109.22709887004126,0.125,0.125,0.125,0.125,0.125,0.125,0.125,0.125
110,110.0,110.23506147996238,0.125,0.125,0.125,0.125,0.125,0.125,0.125,0.125
111,111.0,111.24187721409177,0.125,0.125,0.125,0.125,0.125,0.125,0.125,0.125
112,112.0,112.2475926026673,0.125,0.125,0.125,0.125,0.125,0.125,0.125,0.125
113,113.0,113.25226052635861,0.125,0.125,0.125,0.125,0.125,0.125,0.125,0.125
114,114.0,114.2559390524172,0.125,0.125,0.125,0.125,0.125,0.125,0.125,0.125
115,115.0,115.25869033534576,0.125,0.125,0.125,0.125,0.125,0.125,0.125,0.125
116,116.0,116.26057958662801,0.125,0.125,0.125,0.125,0.125,0.125,0.125,0.125
117,117.0,117.26167411691576,0.125,0.125,0.125,0.125,0.125,0.125,0.125,0.125
118,118.0,118.26204245300556,0.125,0.125,0.125,0.125,0.125,0.125,0.125,0.125
119,119.0,119.26175353095633,0.125,0.125,0.125,0.125,0.125,0.125,0.125,0.125
120,120.0,120.26087596580246,0.125,0.125,0.125,0.125,0.125,0.125,0.125,0.125
121,121.0,121.25947739750595,0.125,0.125,0.125,0.125,0.125,0.125,0.125,0.125
122,122.0,122.25762391206403,0.125,0.125,0.125,0.125,0.125,0.125,0.125,0.125
123,123.0,123.25537953604567,0.125,0.125,0.125,0.125,0.125,0.125,0.125,0.125
124,124.0,124.25280580226868,0.125,0.125,0.125,0.125,0.125,0.125,0.125,0.125
125,125.0,125.24996138384671,0.125,0.125,0.125,0.125,0.125,0.125,0.125,0.125
126,126.0,126.24690179342848,0.125,0.125,0.125,0.125,0.125,0.125,0.125,0.125
127,127.0,127.24367914411776,0.125,0.125,0.125,0.125,0.125,0.125,0.125,0.125
128,128.0,128.24034196829695,0.125,0.125,0.125,0.125,0.125,0.125,0.125,0.125
129,129.0,129.23693509037523,0.125,0.125,0.125,0.125,0.125,0.125,0.125,0.125
130,130.0,130.23349954934193,0.125,0.125,0.125,0.125,0.125,0.125,0.125,0.125
131,131.0,131.23007256691855,0.125,0.125,0.125,0.125,0.125,0.125,0.125,0.125
132,132.0,132.22668755706832,0.125,0.125,0.125,0.125,0.125,0.125,0.125,0.125
133,133.0,133.22337417263245,0.125,0.125,0.125,0.125,0.125,0.125,0.125,0.125
134,134.0,134.22015838491382,0.125,0.125,0.125,0.125,0.125,0.125,0.125,0.125
135,135.0,135.2170625921179,0.125,0.125,0.125,0.125,0.125,0.125,0.125,0.125
136,136.0,136.21410575268044,0.125,0.125,0.125,0.125,0.125,0.125,0.125,0.125
137,137.0,137.21130353965992,0.125,0.125,0.125,0.125,0.125,0.125,0.125,0.125
138,138.0,138.20866851254485,0.125,0.125,0.125,0.125,0.125,0.125,0.125,0.125
139,139.0,139.2062103030158,0.125,0.125,0.125,0.125,0.125,0.125,0.125,0.125
140,140.0,140.20393581140954,0.125,0.125,0.125,0.125,0.125,0.125,0.125,0.125
141,141.0,141.20184941084977,0.125,0.125,0.125,0.125,0.125,0.125,0.125,0.125
142,142.0,142.1999531562375,0.125,0.125,0.125,0.125,0.125,0.125,0.125,0.125
143,143.0,143.1982469955241,0.125,0.125,0.125,0.125,0.125,0.125,0.125,0.125
144,144.0,144.19672898092676,0.125,0.125,0.125,0.125,0.125,0.125,0.125,0.125
145,145.0,145.1953954779799,0.125,0.125,0.125,0.125,0.125,0.125,0.125,0.125
146,146.0,146.19424137054796,0.125,0.125,0.125,0.125,0.125,0.125,0.125,0.125
147,147.0,147.19326026015372,0.125,0.125,0.125,0.125,0.125,0.125,0.125,0.125
148,148.0,148.19244465819736,0.125,0.125,0.125,0.125,0.125,0.125,0.125,0.125
149,149.0,149.19178616985465,0.125,0.125,0.125,0.125,0.125,0.125,0.125,0.125
150,150.0,150.19127566864768,0.125,0.125,0.125,0.125,0.125,0.125,0.125,0.125
151,151.0,151.19090346087492,0.125,0.125,0.125,0.125,0.125,0.125,0.125,0.125
152,152.0,152.1906594392707,0.125,0.125,0.125,0.125,0.125,0.125,0.125,0.125
153,153.0,153.19053322543417,0.125,0.125,0.125,0.125,0.125,0.125,0.125,0.125
154,154.0,154.19051430072696,0.125,0.125,0.125,0.125,0.125,0.125,0.125,0.125
155,155.0,155.19059212548322,0.125,0.125,0.125,0.125,0.125,0.125,0.125,0.125
156,156.0,156.190756246509,0.125,0.125,0.125,0.125,0.125,0.125,0.125,0.125
157,157.0,157.19099639296715,0.125,0.125,0.125,0.125,0.125,0.125,0.125,0.125
158,158.0,158.19130256084978,0.125,0.125,0.125,0.125,0.125,0.125,0.125,0.125
159,159.0,159.19166508633563,0.125,0.125,0.125,0.125,0.125,0.125,0.125,0.125
160,160.0,160.19207470840956,0.125,0.125,0.125,0.125,0.125,0.125,0.125,0.125
161,161.0,161.192522621192,0.125,0.125,0.125,0.125,0.125,0.125,0.125,0.125
162,162.0,162.1930005164843,0.125,0.125,0.125,0.125,0.125,0.125,0.125,0.125
163,163.0,163.1935006170825,0.125,0.125,0.125,0.125,0.125,0.125,0.125,0.125
164,164.0,164.19401570145004,0.125,0.125,0.125,0.125,0.125,0.125,0.125,0.125
165,165.0,165.19453912036636,0.125,0.125,0.125,0.125,0.125,0.125,0.125,0.125
166,166.0,166.19506480618736,0.125,0.125,0.125,0.125,0.125,0.125,0.125,0.125
167,167.0,167.1955872753644,0.125,0.125,0.125,0.125,0.125,0.125,0.125,0.125
168,168.0,168.19610162487007,0.125,0.125,0.125,0.125,0.125,0.125,0.125,0.125
169,169.0,169.1966035231765,0.125,0.125,0.125,0.125,0.125,0.125,0.125,0.125
170,170.0,170.19708919642054,0.125,0.125,0.125,0.125,0.125,0.125,0.125,0.125
171,171.0,171.19755541037594,0.125,0.125,0.125,0.125,0.125,0.125,0.125,0.125
172,172.0,172.19799944883204,0.125,0.125,0.125,0.125,0.125,0.125,0.125,0.125
173,173.0,173.1984190889542,0.125,0.125,0.125,0.125,0.125,0.125,0.125,0.125
174,174.0,174.19881257417464,0.125,0.125,0.125,0.125,0.125,0.125,0.125,0.125
175,175.0,175.19917858513128,0.125,0.125,0.125,0.125,0.125,0.125,0.125,0.125
176,176.0,176.19951620914094,0.125,0.125,0.125,0.125,0.125,0.125,0.125,0.125
177,177.0,177.19982490865823,0.125,0.125,0.125,0.125,0.125,0.125,0.125,0.125
178,178.0,178.2001044891372,0.125,0.125,0.125,0.125,0.125,0.125,0.125,0.125
179,179.0,179.2003550666769,0.125,0.125,0.125,0.125,0.125,0.125,0.125,0.125
180,180.0,180.2005770357959,0.125,0.125,0.125,0.125,0.125,0.125,0.125,0.125
181,181.0,181.200771037645,0.125,0.125,0.125,0.125,0.125,0.125,0.125,0.125
182,182.0,182.20093792893275,0.125,0.125,0.125,0.125,0.125,0.125,0.125,0.125
183,183.0,183.20107875180238,0.125,0.125,0.125,0.125,0.125,0.125,0.125,0.125
184,184.0,184.20119470486705,0.125,0.125,0.125,0.125,0.125,0.125,0.125,0.125
185,185.0,185.20128711557658,0.125,0.125,0.125,0.125,0.125,0.125,0.125,0.125
186,186.0,186.20135741405937,0.125,0.125,0.125,0.125,0.125,0.125,0.125,0.125
187,187.0,187.20140710855333,0.125,0.125,0.125,0.125,0.125,0.125,0.125,0.125
188,188.0,188.2014377625123,0.125,0.125,0.125,0.125,0.125,0.125,0.125,0.125
189,189.0,189.20145097345028,0.125,0.125,0.125,0.125,0.125,0.125,0.125,0.125
190,190.0,190.20144835355998,0.125,0.125,0.125,0.125,0.125,0.125,0.125,0.125
191,191.0,191.2014315121231,0.125,0.125,0.125,0.125,0.125,0.125,0.125,0.125
192,192.0,192.21140203970867,0.125,0.125,0.125,0.125,0.125,0.125,0.125,0.125
193,193.0,193.22126149413862,0.125,0.125,0.125,0.125,0.125,0.125,0.125,0.125
194,194.0,194.23092238818418,0.125,0.125,0.125,0.125,0.125,0.125,0.125,0.125
195,195.0,195.24030796894334,0.125,0.125,0.125,0.125,0.125,0.125,0.125,0.125
196,196.0,196.24935191193714,0.125,0.125,0.125,0.125,0.125,0.125,0.125,0.125
197,197.0,197.2579979415122,0.125,0.125,0.125,0.125,0.125,0.125,0.125,0.125
198,198.0,198.26619938871463,0.125,0.125,0.125,0.125,0.125,0.125,0.125,0.125
199,199.0,199.27391869730965,0.12486111111111112,0.12486111111111112,0.12486111111111112,0.12486111111111112,0.12486111111111112,0.12486111111111112,0.12597222222222224,0.12486111111111112
200,200.0,200.2811268880721,0.12413173076923079,0.12413173076923079,0.12413173076923079,0.12490096153846156,0.12413173076923079,0.12413173076923079,0.1285394230769231,0.12590096153846156
201,201.0,201.28780299087757,0.12299422756410258,0.12410533867521369,0.12299422756410258,0.12563610790598295,0.12299422756410258,0.12299422756410258,0.13065553525641027,0.12762610790598292
202,202.0,202.2939334534937,0.12262578881410259,0.12383689992521368,0.1227368999252137,0.12600355804487184,0.12162578881410259,0.12162578881410259,0.1324695065064103,0.1290757691559829
203,203.0,203.29951153531331,0.12187415205717758,0.12315406114808664,0.12207506114808665,0.1278664575816531,0.11997506114808666,0.11997506114808666,0.1349052798942405,0.13017486587458235
204,204.0,204.30453669359784,0.12185586053229636,0.1222848887141145,0.12123557871411451,0.12950006692460406,0.11816657871411453,0.11816657871411453,0.13687429727021944,0.13191615041642218
205,205.0,205.30901396911793,0.12161897475271549,0.12118095013756394,0.12025976332847306,0.13083522142392062,0.11624935332847305,0.11624935332847305,0.1401732410314694,0.1334331426689115
206,206.0,206.31295337739482,0.12109588150985927,0.12077174976344665,0.11898417660335577,0.13187431245487052,0.11415751079426485,0.11415751079426485,0.14291608248180412,0.13604277559813407
207,207.0,207.31636931107005,0.12112809149014278,0.12018859242194711,0.11762399576240562,0.13265142391884938,0.1120200572923147,0.1120200572923147,0.14598744699425537,0.1383803348277704
208,208.0,208.3192799582671,0.12076237187406884,0.11917429135280451,0.11591678874112213,0.13364699286992474,0.10965419274568061,0.10965419274568061,0.15019084598456434,0.1410003236861543
209,209.0,209.32170674116176,0.12096069041095152,0.1179074480398187,0.11489107292949416,0.13600982337548168,0.10716998944286983,0.10716998944286983,0.15371031662931675,0.14218066972919757
210,210.0,210.32367377835533,0.1207662834767497,0.11630599679551548,0.11424425939497547,0.13911818068863624,0.10536966608307094,0.10453633274973761,0.15704121156877532,0.14261806924253934
211,211.0,211.325207374046,0.12014206796476119,0.11438909316353227,0.11317875879741542,0.14222146216567771,0.10330713352825871,0.10171290275902796,0.16206732660173373,0.1429812550195931
212,212.0,212.32633553642717,0.11929652315449374,0.11236589069210201,0.11200608357278835,0.1458084828756697,0.10120251246146292,0.09945072852481135,0.16687793732021824,0.14299184139845378
213,213.0,213.32708752720595,0.11825212372385246,0.11015269501282744,0.10991250993737925,0.15036555827568854,0.09978335148434342,0.09711995721963755,0.1717332591205566,0.1426805452257148
214,214.0,214.32749344363478,0.11699459096816432,0.1078473659172898,0.10771724253207501,0.15512067247335365,0.09820696976665289,0.09473194789623883,0.17674219525706344,0.14263901518916214
215,215.0,215.32758383398436,0.11564075511572658,0.10556511160630645,0.10553534497615388,0.15939703576395964,0.09668669586676212,0.09242865778261325,0.18233731162395,0.14240908726452817
216,216.0,216.32738934695914,0.11466310685774479,0.1026331626512473,0.10336068143361893,0.16358774238276277,0.09520550391527222,0.09016879026622004,0.18842509487924955,0.14195591761388446
217,217.0,217.32694041516686,0.11404526745381674,0.10025337543863798,0.10122184257112431,0.16718215322845767,0.09378186506942543,0.08797816919506736,0.19422361395478122,0.1413137130886894
218,218.0,218.32626697240215,0.11406970087418487,0.09782586219723222,0.0990419743639731,0.16991959799409503,0.09232960046179807,0.08661032421007493,0.19977044541611233,0.14043249448252954
219,219.0,219.3253982041899,0.1137507588314868,0.09534735223480066,0.09681487645139589,0.17176144355745518,0.09083399333733788,0.08521433772495364,0.2069843437463799,0.13929289411619014
220,220.0,220.32436233075697,0.11378406294361344,0.0927870799511347,0.09450717473749481,0.1730135469339922,0.08980952152896207,0.08368223081852946,0.2145452166696205,0.13787116641665284
221,221.0,221.32318642135976,0.11420058743950122,0.09019995593481259,0.09217146763392359,0.17382742287614433,0.08995213897520579,0.08206681548836238,0.2213344342763731,0.13624717737567704
222,222.0,222.32189623868868,0.11455746707644035,0.08768522489247636,0.08990496336273872,0.17501470913645692,0.09007691657666964,0.08046509652517304,0.22776754111901537,0.1345280813110296
223,223.0,223.3205161118978,0.11487342628057916,0.08527673895838904,0.08773973542003627,0.1756690151873745,0.09019094484234956,0.07895052274599096,0.23454309255831818,0.13275652400696236
224,224.0,224.31906883666704,0.11481553999614089,0.08288703544698568,0.08558678427871295,0.1759930529758106,0.09015171695625201,0.07801193566945962,0.24121605721692788,0.13133787745971037
225,225.0,225.31757560059268,0.11444732108251328,0.08056187288345845,0.08349055850279766,0.17708749342455848,0.08999939993885402,0.0770263328166611,0.2475626291751305,0.12982439217602657
226,226.0,226.31605593211984,0.1138353269515347,0.07836175697501026,0.08149815122795917,0.1786327122282245,0.08981799882360311,0.0760527969635694,0.25351726063175156,0.12828399619834732
227,227.0,227.3145276711731,0.11408799942438014,0.07632243700153238,0.07964535746315292,0.1801539537540081,0.08963866081637584,0.07476931069516461,0.2585953347141556,0.1267869461312304
228,228.0,228.31300695960928,0.11459379080867681,0.07436573794344559,0.07836657044014274,0.18147875164676708,0.08978805654855715,0.07347095913220968,0.26271283945982243,0.12522329402037852
229,229.0,229.31150824960577,0.11485081270125107,0.07253104855601802,0.0771956717202367,0.1827209641785244,0.0899282660393718,0.07224807510609935,0.26689418183521774,0.1236309798632809
230,230.0,230.31004432810656,0.11497794113253385,0.07085599490994085,0.07616546946479208,0.18357367506225988,0.09009069382251696,0.0711372287078789,0.2711062114347906,0.12209278546528682
231,231.0,231.30862635547618,0.11462185345208342,0.06932215924752863,0.07475339455571248,0.1839714046533197,0.0906331270793321,0.07053618981120352,0.27521756754015847,0.12094430366066161
232,232.0,232.30726391655412,0.11417380751544104,0.06792875102679774,0.07346014502353547,0.18475535801160065,0.09114433011780804,0.06997575902334968,0.2792153321831177,0.11934651709834958
233,233.0,233.3059650823587,0.11364474604551543,0.06666336508411458,0.07227486425291854,0.185156209355544,0.09202685757287009,0.06944514036790686,0.2829915186193168,0.11779729870181357
234,234.0,234.30473648075923,0.11263578333475707,0.06552631141626547,0.07119104515020178,0.1855721981616982,0.09278688661388383,0.06896139016527265,0.28628530962098186,0.11704107553693897
235,235.0,235.30358337451213,0.11153697934222476,0.0644997800427965,0.07020143581131787,0.18553146600718975,0.09347766436551577,0.0684921894521885,0.28996298002072357,0.11629750495804322
236,236.0,236.3025097451446,0.11067783967666592,0.06358114215714028,0.06930504294513475,0.18548714629616997,0.094097410390286,0.06803864811716429,0.29324306457340477,0.115569705844034
237,237.0,237.30151838126238,0.11014134262940335,0.06278193645310809,0.0685075076396373,0.18511368551708887,0.09465266688838553,0.06800900980465621,0.2959185217133955,0.11487532935432514
238,238.0,238.30061096995576,0.10941417125942711,0.06204997206802933,0.06776618729777091,0.1852665436464429,0.09540962369448504,0.06792890993995826,0.2980114092055321,0.11415318288835428
239,239.0,239.29978819008025,0.10865109867036829,0.061427036612621194,0.06712442134412956,0.185768176396962,0.0961201658503389,0.06790112800985947,0.2995408158676159,0.11346715724810465
240,240.0,240.2990498062915,0.10746141335281954,0.06089273454177508,0.06656329649307803,0.1866912301633699,0.09669522882183895,0.06787684450536173,0.3010298389834701,0.11278941313828666
241,241.0,241.29839476281867,0.10622814775383865,0.060427443599862705,0.06606459532690365,0.1875244455474343,0.09711056532546135,0.0678108838336817,0.3027256216552437,0.11210829695757388
242,242.0,242.297821276065,0.1045642006610499,0.06002667793419637,0.06562515316977337,0.18792087371555052,0.09737362577838754,0.0680493565665778,0.30501287011417616,0.11142724206028823
243,243.0,243.29732692522603,0.10290366607370818,0.05970971281028483,0.06525967087395275,0.18832493540148773,0.09752309172950532,0.06861014972648284,0.3068954503911123,0.11077332299346587
244,244.0,244.2969087402187,0.10125829676715355,0.059468632883601116,0.0649617023346784,0.18879827716229985,0.09760553189488883,0.06915912233839294,0.30859144351400986,0.1101569931049753
245,245.0,245.2965632863099,0.09965946089809465,0.059292356389571775,0.0647273790185001,0.18926107686884766,0.09758404791125144,0.06999360726795799,0.30990076390988985,0.10958130773588637
246,246.0,246.2962867449289,0.09770513947215777,0.0591632650647732,0.06477264770843057,0.189914075950873,0.09744314658405145,0.07073911373196311,0.3114779561107059,0.10878465537704492
247,247.0,247.29607499023672,0.09574665834910413,0.05906076418339322,0.0648376436805368,0.1910916233771337,0.09746456580777504,0.07137741811095066,0.31241679147855334,0.10800453501255297
248,248.0,248.29592366111137,0.09378476454073582,0.059206113093824016,0.06492041540857821,0.19210704148391042,0.09740190840823629,0.07195562955009582,0.3133800341009792,0.10724409341364005
249,249.0,249.29582822828746,0.0918628229534431,0.05938649230624096,0.0650317765781416,0.19307215620947055,0.09727227802894053,0.07248205452025763,0.3143590576955512,0.10653336170795422
250,250.0,250.29578405646305,0.09025886626850822,0.059604917757214514,0.0651760773922724,0.19414181199230182,0.09683550877463794,0.07269899880497702,0.31539155033099536,0.10589226867909256
251,251.0,251.29578646125645,0.08872167570605652,0.059841965334163534,0.0653351456441568,0.19569581495424732,0.09630671391554377,0.07282179942955244,0.3159996656869346,0.1052772193293448
252,252.0,252.29583076095793,0.08721956300079425,0.06008941839246322,0.06550192995124285,0.19768245712378268,0.09572714590523401,0.07288800274113288,0.3161958055654861,0.10469567731986379
253,253.0,253.2959123230797,0.08575064706693984,0.060333455266864615,0.06566368427840862,0.19950149518689864,0.09505203536159454,0.07285591992675589,0.3167124788654381,0.10413028404709956
254,254.0,254.2960266057585,0.08432152988676364,0.06057023213972151,0.06581754901308244,0.20137828924308326,0.09429327387666854,0.07273171623843477,0.3173050453384288,0.10358236426381678
255,255.0,255.29616919411183,0.08294580086871793,0.060804339164112056,0.06596900638881908,0.20307710602769147,0.0935101175904656,0.07256163682224678,0.31806311929884235,0.10306887383910457
256,256.0,256.29633583168874,0.08189789471081489,0.06103828445300434,0.06612619568399461,0.20455194005790997,0.09245596289614194,0.07237835982824248,0.31895099955392703,0.1026003628159646
257,257.0,257.296522447191,0.08093009090624083,0.0612556553397275,0.06627315994719568,0.20613839097874018,0.09138031366114607,0.07213975740669387,0.31972790139404395,0.10215473036621177
258,258.0,258.2967251766712,0.07995474297350862,0.061652078302616445,0.06751495550696643,0.20835126862362577,0.08875328761321491,0.07203615138108209,0.3210416136451801,0.10069590195380547
259,259.0,259.2969403814366,0.07906936272652838,0.06202445825995695,0.06873053615437977,0.21042470419728004,0.08613228248073733,0.07187229807003767,0.3224780121699039,0.09926834594117583
260,260.0,260.29716466191115,0.07822473522604466,0.06235570136709999,0.06989484833060765,0.21270175183822737,0.08352593668450682,0.07163857180017731,0.32379160604728024,0.09786684870605593
261,261.0,261.2973948677191,0.07764633561995762,0.06265963842511463,0.07101465340736676,0.21479588791603046,0.08099635437471271,0.07138149313820878,0.324983949909309,0.09652168720930004
262,262.0,262.2976281042691,0.07712412196349144,0.06292977658673962,0.07207726128954262,0.21661259161803836,0.0785551515752578,0.07084325237944301,0.3266235774134742,0.09523426717401294
263,263.0,263.2978617361214,0.07663764592008238,0.06316093425095809,0.0730721402905985,0.21838756233017748,0.0762122181837812,0.07028213955858052,0.3282417530541457,0.0940056064116761
264,264.0,264.29809338742723,0.07618420961573796,0.06353806130535167,0.07399452119570947,0.22006680839928627,0.07372309601850988,0.06970411722823096,0.32994910864604016,0.09284007759113354
265,265.0,265.2983209397282,0.07578222113348902,0.06388591195905907,0.07484907443669765,0.2216279951486641,0.07159668124329213,0.06910962122278039,0.3313991772686772,0.0917493175873404
266,266.0,266.2985425274019,0.07541018677480558,0.06420123553015647,0.07563133743211008,0.22274544511797525,0.06960294979682613,0.0685116010528437,0.33316391126780276,0.09073333302748
267,267.0,267.2987565310341,0.07506195150219491,0.0644696016294524,0.07633292072154271,0.22373978996552152,0.06800028225356854,0.06791142086112327,0.3349474442171627,0.08953658884943395
268,268.0,268.29896156899275,0.07472888390566053,0.06468502554810691,0.076947312548105,0.2250290458333049,0.06649641938419326,0.0672891336464538,0.3364180250809997,0.08840615405317588
269,269.0,269.29915648746567,0.07441207141787107,0.06503050197990169,0.07748160717345454,0.22602839219445575,0.06533435052736357,0.06665330154675604,0.3377089539673331,0.0873508211928643
270,270.0,270.2993403492166,0.0741063722076949,0.06532038296816887,0.07793091632622202,0.2268662855948524,0.06426546197820297,0.0660057871067212,0.33913910509555767,0.08636568872257996
271,271.0,271.2995124213003,0.07381006925895925,0.0655550637714643,0.07829758036281077,0.2275683964404626,0.06328760268381108,0.06535138513469786,0.34067835925421003,0.08545154309358416
272,272.0,272.2996721619626,0.07352162000222737,0.06573551195326419,0.07858457648400159,0.22837826857036106,0.06239802261031754,0.06469455721198838,0.34207900693478394,0.084608436233056
273,273.0,273.299819206939,0.07346031709522025,0.06607376334880449,0.07809689777219302,0.22908871319748786,0.06181256677208776,0.06536808211766404,0.34296242905285107,0.08313723064369162
274,274.0,274.2999533553484,0.07341644396278002,0.06652769347565723,0.07754872998903316,0.22977737276669788,0.0613156451804136,0.06603821817779579,0.3436289587246535,0.08174693772296894
275,275.0,275.3000745553634,0.07340401950062414,0.06693741898348951,0.07695615066246475,0.2303796809748737,0.06090990125136292,0.06670881481903655,0.3442516334462272,0.0804523803619213
276,276.0,276.30018288982325,0.07327478722122666,0.06717757698822263,0.07720678590704529,0.23083108682929693,0.060457985092173094,0.06713192751960091,0.34479046838959965,0.07912938205283493
277,277.0,277.30027856193885,0.07304758005766654,0.06726966094514868,0.07723053268192118,0.23160344088098614,0.0599750655345814,0.06825286702905826,0.3448195372190022,0.07780131565163569
278,278.0,278.3003618812235,0.07281313747917445,0.06730727766318924,0.07721205941980652,0.23230489606736607,0.05954791391780419,0.06950912100048792,0.3445474755537261,0.07675811889844568
279,279.0,279.3004332497675,0.07276376699587826,0.06729345263875636,0.07730590520027736,0.23272863521678766,0.05917232799354211,0.0708837399424535,0.34405237861118687,0.07579979340111807
280,280.0,280.3004931489594,0.07270175908672391,0.06814056526826498,0.07735992709205428,0.23274233590300672,0.05884408686423921,0.07148554903647333,0.34380023549527494,0.07492554125396282
281,281.0,281.3005421267425,0.07265750880147619,0.06894564080769884,0.07738574033169426,0.23266530109512842,0.058590190511994295,0.07203782938670496,0.3435666568061466,0.07415113225915657
282,282.0,282.3005807854799,0.07281645372618012,0.06969962172947779,0.07738100891135144,0.23244039965312357,0.058396884922282066,0.07253058296101553,0.3432654647755553,0.07346958332101435
283,283.0,283.30060977048873,0.07295863586087595,0.07039458666860507,0.07734571845667171,0.23237836830469055,0.05806811995802637,0.07296103476805078,0.3430222167663269,0.07287131921675284
284,284.0,284.3006297592918,0.07300575633968359,0.0708763573609844,0.07713059371785741,0.23225478274814568,0.05771348968398628,0.07317776063591824,0.34356434060981583,0.07227691890360871
285,285.0,285.3006414516217,0.07296121403057061,0.0711645232465016,0.07675929304187246,0.23204495161284125,0.05732447495012634,0.07396158996571543,0.3440962081061281,0.07168774504624438
286,286.0,286.3006455602023,0.07288920727581415,0.07138918576670734,0.07636519572132963,0.23177606330616846,0.05714894040948522,0.07466841684725774,0.3445978319245563,0.07116515874868135
287,287.0,287.3006428023229,0.07293877593895981,0.0715560954095978,0.07595658568296004,0.23139570232684287,0.057005078997915584,0.07453380859159811,0.3451352871635942,0.07147866588853173
288,288.0,288.30063389220817,0.07290333965815499,0.07155463787818496,0.07542468706721106,0.23098067613574902,0.05753861051707839,0.0742168674218459,0.34564662670149543,0.07173455462028033
289,289.0,289.30061953418283,0.07279273863718344,0.07140587593970532,0.07479175748550006,0.23045525463691233,0.057989809322268965,0.07375118023617186,0.34687308409617523,0.07194029964608288
290,290.0,290.3006004166182,0.07266046221486842,0.07120984886407448,0.07415844015045404,0.22982934516099224,0.05844345106265309,0.07323115884919261,0.34815468467616595,0.07231260902159922
291,291.0,291.3005772066438,0.07252140394316961,0.07097725932234965,0.0735338390934274,0.2292248509403757,0.0588985268784311,0.07267753506949035,0.349446624449298,0.07271996030345826
292,292.0,292.3005505456005,0.07235552488507006,0.07070586222665044,0.07291701516539764,0.22852118481227746,0.05934098712178407,0.0720838458423066,0.3509321782144227,0.0731434017320911
293,293.0,293.30052104520547,0.07292832775254321,0.06978375580252308,0.07169523016762139,0.2277963231996291,0.05986485733799678,0.07156335757594119,0.35269533771425243,0.07367281044949285
294,294.0,294.30048928439794,0.07348297815763867,0.0688442028334409,0.07049894659717588,0.22705926692753392,0.06037078592599842,0.07102835349347555,0.3545039586449242,0.07421150741981249
295,295.0,295.30045580682713,0.07400089205362549,0.06789203969789584,0.06933308898326387,0.22624645860533413,0.06084810834946174,0.07047238572247197,0.356463144068646,0.07474388251930102
296,296.0,296.30042111894517,0.07458780480721411,0.06699156178310145,0.06826013376132904,0.2258074049412569,0.061402749594294155,0.06924162315262287,0.3583350871690083,0.07537363479117325
297,297.0,297.30038568866195,0.07513141268968139,0.06609770985691554,0.06723296532898432,0.22535449262651677,0.061924438472626755,0.06801694383616605,0.36025571929841405,0.07598631789069518
298,298.0,298.3003499445204,0.0756327427432486,0.06521979238817958,0.0662586428831402,0.22503484772028634,0.062420887090524825,0.06681769380032425,0.3620346505288721,0.07658074284542414
299,299.0,299.30031427534783,0.07609635889473694,0.0643643267912335,0.06534128365075344,0.22459313014365548,0.0628918993002533,0.06564753492365544,0.3639132448275431,0.07715222146816887
300,300.0,300.3002790303391,0.07650798917451228,0.06353393261044211,0.06448099536256637,0.2241098207240394,0.0633202026600895,0.06451002783121043,0.36584555268804747,0.07769147894909247
301,301.0,301.3002445195278,0.07687083794910142,0.0627354373630894,0.0636820185653281,0.22350797940981929,0.06371515041252361,0.06342077604650985,0.3678682945660112,0.0781995056876171
302,302.0,302.3002110146023,0.07733130652609757,0.06197265196960263,0.06294553561906555,0.2228942902234135,0.06407533565157295,0.062385213197086904,0.3697222133695728,0.07867345344358807
303,303.0,303.30017875002335,0.07758942314020925,0.06124866898262454,0.06227199954577601,0.2224216479872285,0.06439985722865482,0.061407706340642444,0.37154957908635944,0.07911111768850496
304,304.0,304.3001479244021,0.07779109214063051,0.06056180542551618,0.061657104528953205,0.22186757085281833,0.06467349792729561,0.06047332595960726,0.37347100081965096,0.07950460234552793
305,305.0,305.300118702099,0.0772344304917701,0.060813283965463434,0.06116615847530531,0.22160319771482628,0.06502871757878906,0.059658550371548005,0.3745125034858309,0.07998315791646687
306,306.0,306.3000912150051,0.07656929904978725,0.0609697977086555,0.06066910553718128,0.2212735264627517,0.06520872875277502,0.058836581937432075,0.37618418477430543,0.08028877577711169
307,307.0,307.30006556447063,0.07586702788200905,0.061151772137055346,0.06049872977673712,0.2208620600306971,0.06533947983185504,0.058063632208936546,0.37766917427597024,0.08054812385673947
308,308.0,308.3000418233448,0.07513820575419254,0.06058641232986858,0.060376581008931014,0.22130372319313396,0.06543267600064318,0.05734853621440343,0.379047933912363,0.08076593158646417
309,309.0,309.3000200380982,0.07439728617246238,0.06004834660081996,0.06030274680594825,0.2217970915749758,0.06535402605460325,0.05670139049398226,0.3804529218351736,0.0809461904620344
310,310.0,310.30000023099524,0.07364311940902267,0.05953459827554689,0.06026588336943269,0.2223566825923509,0.06523518375732336,0.05624255206206812,0.3816386313526122,0.08108334918164305
311,311.0,311.29998240229264,0.07288257652669608,0.05904677465630631,0.0602615636733736,0.22281540752741302,0.06507987318529157,0.055829132664741946,0.38290548694520893,0.08117918482096846
312,312.0,312.2999665324374,0.0721294620505835,0.05858823219118755,0.060286574138959076,0.22345833789448646,0.06489291618136853,0.05545995353288265,0.3839444953150764,0.0812400286954558
313,313.0,313.2999525842433,0.07138172819399545,0.05815759503585596,0.06033568859295607,0.22401584569500385,0.06467693721602322,0.055131488239861,0.38503701478387165,0.08126370224243272
314,314.0,314.29994050502614,0.07064442370816758,0.057755339812857416,0.06040497033503101,0.224564163795927,0.06443560512754129,0.054841180715411525,0.3861017306486197,0.08125258585644439
315,315.0,315.2999302286805,0.06992923978298785,0.057383692780185146,0.06049172582139369,0.2251379783546661,0.06417353497431619,0.05458741649449931,0.38695322760906137,0.08134318418289029
316,316.0,316.29992167768256,0.06923583061075897,0.057043583255199426,0.060596073151844954,0.2256779782944304,0.06390280785951483,0.0543822867682776,0.3877539185775964,0.08140752148237736
317,317.0,317.29991476500766,0.06857474396703442,0.05673598182852573,0.06071752414388312,0.22619275815108608,0.06363081999749665,0.05422544761804323,0.38847435484019255,0.0814483694537382
318,318.0,318.2999093959501,0.0679538169270726,0.05646056744931814,0.06085074414798234,0.22670704685449403,0.06335815871151174,0.05410686303577426,0.3890932356822057,0.08146956719164111
319,319.0,319.29990546983885,0.06743687762088243,0.056280412762416514,0.0610567955839835,0.22722477868255542,0.06238210730221868,0.054087270690376,0.3899310269553004,0.08160073040226702
320,320.0,320.2999028816404,0.06695537875472422,0.056127565406536344,0.06126713111514007,0.22794525536552956,0.06141601541591127,0.05409757387105171,0.39048121044936646,0.0817098696217404
321,321.0,321.2999015234453,0.06650928333600085,0.055999853724290415,0.06147976373374886,0.22862602500079893,0.060464241452258934,0.05413258105821786,0.39099439890980214,0.08179385278488205
322,322.0,322.2999012858353,0.06610418081105639,0.05589723529314571,0.06169279913036741,0.22919204945893162,0.059535101353698994,0.05418957742619443,0.39140521404594564,0.0819838424806598
323,323.0,323.2999020591279,0.06573967586518112,0.0560295035757752,0.061906477408515126,0.2294549121240229,0.058637807733532624,0.05427215990430579,0.3918096845685376,0.08214977882012969
324,324.0,324.29990373449994,0.06541197979404947,0.0561760020112506,0.06211274596005455,0.2296977040234409,0.05777207661578364,0.054362577073794854,0.3920880627466222,0.08237885177500384
325,325.0,325.29990620498984,0.06501342281522074,0.05633948546641756,0.06219425211598324,0.22987354677605693,0.056831793669176164,0.054473233072797854,0.3926895746866049,0.08258469139774266
326,326.0,326.2999093663808,0.06464562064839904,0.05651387390211554,0.06226667045872827,0.22998795038440475,0.05593028936773292,0.0545833978635597,0.39330684718992026,0.08276535018513957
327,327.0,327.2999131179689,0.06431165718133972,0.0566919395373978,0.06232816260483731,0.23001508923776393,0.05507180318936799,0.05469068681780774,0.393852325514198,0.08303833591728756
328,328.0,328.29991736321847,0.06400781507028239,0.056871241228026725,0.06237910894003931,0.23006955841559518,0.05426440712638715,0.054799078397633746,0.39432036696498995,0.08328842385704564
329,329.0,329.2999220103109,0.06372775196111818,0.05704728915127802,0.06250552875781058,0.22992747319267298,0.05350959775808591,0.05490560022037385,0.39486543054002593,0.08351132841863461
330,330.0,330.29992697259104,0.06347825625058799,0.05722622504847005,0.06262594004277625,0.22971477284648428,0.05281520427421386,0.055018440454811794,0.3954094264965028,0.08371173458615308
