,Unnamed: 0,Total_iterations,Intertwine_two,Add_vertex,Delete_vertex,Invert_path_vertices,Insert_inside_vertex,Delete_inside_vertex
0,0.0,0.0,0.16666666666666669,0.16666666666666669,0.16666666666666669,0.16666666666666669,0.16666666666666669,0.16666666666666669
1,1.0,1.0,0.16666666666666669,0.16666666666666669,0.16666666666666669,0.16666666666666669,0.16666666666666669,0.16666666666666669
2,2.0,2.0,0.16666666666666669,0.16666666666666669,0.16666666666666669,0.16666666666666669,0.16666666666666669,0.16666666666666669
3,3.0,3.0,0.16666666666666669,0.16666666666666669,0.16666666666666669,0.16666666666666669,0.16666666666666669,0.16666666666666669
4,4.0,4.0,0.16666666666666669,0.16666666666666669,0.16666666666666669,0.16666666666666669,0.16666666666666669,0.16666666666666669
5,5.0,5.0,0.16666666666666669,0.16666666666666669,0.16666666666666669,0.16666666666666669,0.16666666666666669,0.16666666666666669
6,6.0,6.0,0.16666666666666669,0.16666666666666669,0.16666666666666669,0.16666666666666669,0.16666666666666669,0.16666666666666669
7,7.0,7.0,0.16666666666666669,0.16666666666666669,0.16666666666666669,0.16666666666666669,0.16666666666666669,0.16666666666666669
8,8.0,8.0,0.16666666666666669,0.16666666666666669,0.16666666666666669,0.16666666666666669,0.16666666666666669,0.16666666666666669
9,9.0,9.0,0.16666666666666669,0.16666666666666669,0.16666666666666669,0.16666666666666669,0.16666666666666669,0.16666666666666669
10,10.0,10.0,0.16666666666666669,0.16666666666666669,0.16666666666666669,0.16666666666666669,0.16666666666666669,0.16666666666666669
11,11.0,11.0,0.16666666666666669,0.16666666666666669,0.16666666666666669,0.16666666666666669,0.16666666666666669,0.16666666666666669
12,12.0,12.0,0.16666666666666669,0.16666666666666669,0.16666666666666669,0.16666666666666669,0.16666666666666669,0.16666666666666669
13,13.0,13.0,0.16666666666666669,0.16666666666666669,0.16666666666666669,0.16666666666666669,0.16666666666666669,0.16666666666666669
14,14.0,14.0,0.16666666666666669,0.16666666666666669,0.16666666666666669,0.16666666666666669,0.16666666666666669,0.16666666666666669
15,15.0,15.0,0.16666666666666669,0.16666666666666669,0.16666666666666669,0.16666666666666669,0.16666666666666669,0.16666666666666669
16,16.0,16.0,0.16666666666666669,0.16666666666666669,0.16666666666666669,0.16666666666666669,0.16666666666666669,0.16666666666666669
17,17.0,17.0,0.16666666666666669,0.16666666666666669,0.16666666666666669,0.16666666666666669,0.16666666666666669,0.16666666666666669
18,18.0,18.0,0.16666666666666669,0.16666666666666669,0.16666666666666669,0.16666666666666669,0.16666666666666669,0.16666666666666669
19,19.0,19.0,0.16666666666666669,0.16666666666666669,0.16666666666666669,0.16666666666666669,0.16666666666666669,0.16666666666666669
20,20.0,20.0,0.16666666666666669,0.16666666666666669,0.16666666666666669,0.16666666666666669,0.16666666666666669,0.16666666666666669
21,21.0,21.0,0.16666666666666669,0.16666666666666669,0.16666666666666669,0.16666666666666669,0.16666666666666669,0.16666666666666669
22,22.0,22.0,0.16666666666666669,0.16666666666666669,0.16666666666666669,0.16666666666666669,0.16666666666666669,0.16666666666666669
23,23.0,23.0,0.16666666666666669,0.16666666666666669,0.16666666666666669,0.16666666666666669,0.16666666666666669,0.16666666666666669
24,24.0,24.0,0.16666666666666669,0.16666666666666669,0.16666666666666669,0.16666666666666669,0.16666666666666669,0.16666666666666669
25,25.0,25.0,0.16666666666666669,0.16666666666666669,0.16666666666666669,0.16666666666666669,0.16666666666666669,0.16666666666666669
26,26.0,26.0,0.16666666666666669,0.16666666666666669,0.16666666666666669,0.16666666666666669,0.16666666666666669,0.16666666666666669
27,27.0,27.0,0.16666666666666669,0.16666666666666669,0.16666666666666669,0.16666666666666669,0.16666666666666669,0.16666666666666669
28,28.0,28.0,0.16666666666666669,0.16666666666666669,0.16666666666666669,0.16666666666666669,0.16666666666666669,0.16666666666666669
29,29.0,29.0,0.16666666666666669,0.16666666666666669,0.16666666666666669,0.16666666666666669,0.16666666666666669,0.16666666666666669
30,30.0,30.0,0.16666666666666669,0.16666666666666669,0.16666666666666669,0.16666666666666669,0.16666666666666669,0.16666666666666669
31,31.0,31.0,0.16666666666666669,0.16666666666666669,0.16666666666666669,0.16666666666666669,0.16666666666666669,0.16666666666666669
32,32.0,32.0,0.16666666666666669,0.16666666666666669,0.16666666666666669,0.16666666666666669,0.16666666666666669,0.16666666666666669
33,33.0,33.0,0.16666666666666669,0.16666666666666669,0.16666666666666669,0.16666666666666669,0.16666666666666669,0.16666666666666669
34,34.0,34.0,0.16666666666666669,0.16666666666666669,0.16666666666666669,0.16666666666666669,0.16666666666666669,0.16666666666666669
35,35.0,35.0,0.16666666666666669,0.16666666666666669,0.16666666666666669,0.16666666666666669,0.16666666666666669,0.16666666666666669
36,36.0,36.0,0.16666666666666669,0.16666666666666669,0.16666666666666669,0.16666666666666669,0.16666666666666669,0.16666666666666669
37,37.0,37.0,0.16666666666666669,0.16666666666666669,0.16666666666666669,0.16666666666666669,0.16666666666666669,0.16666666666666669
38,38.0,38.0,0.16666666666666669,0.16666666666666669,0.16666666666666669,0.16666666666666669,0.16666666666666669,0.16666666666666669
39,39.0,39.0,0.16666666666666669,0.16666666666666669,0.16666666666666669,0.16666666666666669,0.16666666666666669,0.16666666666666669
40,40.0,40.0,0.16666666666666669,0.16666666666666669,0.16666666666666669,0.16666666666666669,0.16666666666666669,0.16666666666666669
41,41.0,41.0,0.16666666666666669,0.16666666666666669,0.16666666666666669,0.16666666666666669,0.16666666666666669,0.16666666666666669
42,42.0,42.0,0.16666666666666669,0.16666666666666669,0.16666666666666669,0.16666666666666669,0.16666666666666669,0.16666666666666669
43,43.0,43.0,0.16666666666666669,0.16666666666666669,0.16666666666666669,0.16666666666666669,0.16666666666666669,0.16666666666666669
44,44.0,44.0,0.16666666666666669,0.16666666666666669,0.16666666666666669,0.16666666666666669,0.16666666666666669,0.16666666666666669
45,45.0,45.0,0.16666666666666669,0.16666666666666669,0.16666666666666669,0.16666666666666669,0.16666666666666669,0.16666666666666669
46,46.0,46.0,0.16666666666666669,0.16666666666666669,0.16666666666666669,0.16666666666666669,0.16666666666666669,0.16666666666666669
47,47.0,47.0,0.16666666666666669,0.16666666666666669,0.16666666666666669,0.16666666666666669,0.16666666666666669,0.16666666666666669
48,48.0,48.0,0.16666666666666669,0.16666666666666669,0.16666666666666669,0.16666666666666669,0.16666666666666669,0.16666666666666669
49,49.0,49.0,0.16666666666666669,0.16666666666666669,0.16666666666666669,0.16666666666666669,0.16666666666666669,0.16666666666666669
50,50.0,50.0,0.16666666666666669,0.16666666666666669,0.16666666666666669,0.16666666666666669,0.16666666666666669,0.16666666666666669
51,51.0,51.0,0.16666666666666669,0.16666666666666669,0.16666666666666669,0.16666666666666669,0.16666666666666669,0.16666666666666669
52,52.0,52.0,0.16666666666666669,0.16666666666666669,0.16666666666666669,0.16666666666666669,0.16666666666666669,0.16666666666666669
53,53.0,53.0,0.16666666666666669,0.16666666666666669,0.16666666666666669,0.16666666666666669,0.16666666666666669,0.16666666666666669
54,54.0,54.0,0.16666666666666669,0.16666666666666669,0.16666666666666669,0.16666666666666669,0.16666666666666669,0.16666666666666669
55,55.0,55.0,0.16666666666666669,0.16666666666666669,0.16666666666666669,0.16666666666666669,0.16666666666666669,0.16666666666666669
56,56.0,56.0,0.16666666666666669,0.16666666666666669,0.16666666666666669,0.16666666666666669,0.16666666666666669,0.16666666666666669
57,57.0,57.0,0.16666666666666669,0.16666666666666669,0.16666666666666669,0.16666666666666669,0.16666666666666669,0.16666666666666669
58,58.0,58.0,0.16666666666666669,0.16666666666666669,0.16666666666666669,0.16666666666666669,0.16666666666666669,0.16666666666666669
59,59.0,59.0,0.16666666666666669,0.16666666666666669,0.16666666666666669,0.16666666666666669,0.16666666666666669,0.16666666666666669
60,60.0,60.0,0.16666666666666669,0.16666666666666669,0.16666666666666669,0.16666666666666669,0.16666666666666669,0.16666666666666669
61,61.0,61.0,0.16666666666666669,0.16666666666666669,0.16666666666666669,0.16666666666666669,0.16666666666666669,0.16666666666666669
62,62.0,62.0,0.16666666666666669,0.16666666666666669,0.16666666666666669,0.16666666666666669,0.16666666666666669,0.16666666666666669
63,63.0,63.0,0.16666666666666669,0.16666666666666669,0.16666666666666669,0.16666666666666669,0.16666666666666669,0.16666666666666669
64,64.0,64.0,0.16666666666666669,0.16666666666666669,0.16666666666666669,0.16666666666666669,0.16666666666666669,0.16666666666666669
65,65.0,65.0,0.16666666666666669,0.16666666666666669,0.16666666666666669,0.16666666666666669,0.16666666666666669,0.16666666666666669
66,66.0,66.0,0.16666666666666669,0.16666666666666669,0.16666666666666669,0.16666666666666669,0.16666666666666669,0.16666666666666669
67,67.0,67.0,0.16666666666666669,0.16666666666666669,0.16666666666666669,0.16666666666666669,0.16666666666666669,0.16666666666666669
68,68.0,68.0,0.16666666666666669,0.16666666666666669,0.16666666666666669,0.16666666666666669,0.16666666666666669,0.16666666666666669
69,69.0,69.0,0.16666666666666669,0.16666666666666669,0.16666666666666669,0.16666666666666669,0.16666666666666669,0.16666666666666669
70,70.0,70.0,0.16666666666666669,0.16666666666666669,0.16666666666666669,0.16666666666666669,0.16666666666666669,0.16666666666666669
71,71.0,71.1,0.16666666666666669,0.16666666666666669,0.16666666666666669,0.16666666666666669,0.16666666666666669,0.16666666666666669
72,72.0,72.1,0.16666666666666669,0.16666666666666669,0.16666666666666669,0.16666666666666669,0.16666666666666669,0.16666666666666669
73,73.0,73.1,0.16666666666666669,0.16666666666666669,0.16666666666666669,0.16666666666666669,0.16666666666666669,0.16666666666666669
74,74.0,74.1,0.16666666666666669,0.16666666666666669,0.16666666666666669,0.16666666666666669,0.16666666666666669,0.16666666666666669
75,75.0,75.1,0.16666666666666669,0.16666666666666669,0.16666666666666669,0.16666666666666669,0.16666666666666669,0.16666666666666669
76,76.0,76.2,0.16666666666666669,0.16666666666666669,0.16666666666666669,0.16666666666666669,0.16666666666666669,0.16666666666666669
77,77.0,77.2,0.16666666666666669,0.16666666666666669,0.16666666666666669,0.16666666666666669,0.16666666666666669,0.16666666666666669
78,78.0,78.2,0.16666666666666669,0.16666666666666669,0.16666666666666669,0.16666666666666669,0.16666666666666669,0.16666666666666669
79,79.0,79.2,0.16666666666666669,0.16666666666666669,0.16666666666666669,0.16666666666666669,0.16666666666666669,0.16666666666666669
80,80.0,80.2,0.16666666666666669,0.16666666666666669,0.16666666666666669,0.16666666666666669,0.16666666666666669,0.16666666666666669
81,81.0,81.3,0.16666666666666669,0.16666666666666669,0.16666666666666669,0.16666666666666669,0.16666666666666669,0.16666666666666669
82,82.0,82.3,0.16666666666666669,0.16666666666666669,0.16666666666666669,0.16666666666666669,0.16666666666666669,0.16666666666666669
83,83.0,83.3,0.16666666666666669,0.16666666666666669,0.16666666666666669,0.16666666666666669,0.16666666666666669,0.16666666666666669
84,84.0,84.3,0.16666666666666669,0.16666666666666669,0.16666666666666669,0.16666666666666669,0.16666666666666669,0.16666666666666669
85,85.0,85.3,0.16666666666666669,0.16666666666666669,0.16666666666666669,0.16666666666666669,0.16666666666666669,0.16666666666666669
86,86.0,86.4,0.16666666666666669,0.16666666666666669,0.16666666666666669,0.16666666666666669,0.16666666666666669,0.16666666666666669
87,87.0,87.4,0.16666666666666669,0.16666666666666669,0.16666666666666669,0.16666666666666669,0.16666666666666669,0.16666666666666669
88,88.0,88.5,0.16666666666666669,0.16666666666666669,0.16666666666666669,0.16666666666666669,0.16666666666666669,0.16666666666666669
89,89.0,89.5,0.16666666666666669,0.16666666666666669,0.16666666666666669,0.16666666666666669,0.16666666666666669,0.16666666666666669
90,90.0,90.5,0.16666666666666669,0.16666666666666669,0.16666666666666669,0.16666666666666669,0.16666666666666669,0.16666666666666669
91,91.0,91.5,0.16666666666666669,0.16666666666666669,0.16666666666666669,0.16666666666666669,0.16666666666666669,0.16666666666666669
92,92.0,92.5,0.16666666666666669,0.16666666666666669,0.16666666666666669,0.16666666666666669,0.16666666666666669,0.16666666666666669
93,93.0,93.5,0.16666666666666669,0.16666666666666669,0.16666666666666669,0.16666666666666669,0.16666666666666669,0.16666666666666669
94,94.0,94.5,0.16666666666666669,0.16666666666666669,0.16666666666666669,0.16666666666666669,0.16666666666666669,0.16666666666666669
95,95.0,95.5,0.16666666666666669,0.16666666666666669,0.16666666666666669,0.16666666666666669,0.16666666666666669,0.16666666666666669
96,96.0,96.5,0.16666666666666669,0.16666666666666669,0.16666666666666669,0.16666666666666669,0.16666666666666669,0.16666666666666669
97,97.0,97.5,0.16666666666666669,0.16666666666666669,0.16666666666666669,0.16666666666666669,0.16666666666666669,0.16666666666666669
98,98.0,98.6,0.16666666666666669,0.16666666666666669,0.16666666666666669,0.16666666666666669,0.16666666666666669,0.16666666666666669
99,99.0,99.6,0.16666666666666669,0.16666666666666669,0.16666666666666669,0.16666666666666669,0.16666666666666669,0.16666666666666669
100,100.0,100.6,0.16666666666666669,0.16666666666666669,0.16666666666666669,0.16666666666666669,0.16666666666666669,0.16666666666666669
101,101.0,101.6,0.16666666666666669,0.16666666666666669,0.16666666666666669,0.16666666666666669,0.16666666666666669,0.16666666666666669
102,102.0,102.6,0.16666666666666669,0.16666666666666669,0.16666666666666669,0.16666666666666669,0.16666666666666669,0.16666666666666669
103,103.0,103.6,0.16666666666666669,0.16666666666666669,0.16666666666666669,0.16666666666666669,0.16666666666666669,0.16666666666666669
104,104.0,104.6,0.16666666666666669,0.16666666666666669,0.16666666666666669,0.16666666666666669,0.16666666666666669,0.16666666666666669
105,105.0,105.6,0.16666666666666669,0.16666666666666669,0.16666666666666669,0.16666666666666669,0.16666666666666669,0.16666666666666669
106,106.0,106.6,0.16666666666666669,0.16666666666666669,0.16666666666666669,0.16666666666666669,0.16666666666666669,0.16666666666666669
107,107.0,107.6,0.16666666666666669,0.16666666666666669,0.16666666666666669,0.16666666666666669,0.16666666666666669,0.16666666666666669
108,108.0,108.6,0.16666666666666669,0.16666666666666669,0.16666666666666669,0.16666666666666669,0.16666666666666669,0.16666666666666669
109,109.0,109.6,0.16666666666666669,0.16666666666666669,0.16666666666666669,0.16666666666666669,0.16666666666666669,0.16666666666666669
110,110.0,110.6,0.16666666666666669,0.16666666666666669,0.16666666666666669,0.16666666666666669,0.16666666666666669,0.16666666666666669
111,111.0,111.6,0.16666666666666669,0.16666666666666669,0.16666666666666669,0.16666666666666669,0.16666666666666669,0.16666666666666669
112,112.0,112.6,0.16666666666666669,0.16666666666666669,0.16666666666666669,0.16666666666666669,0.16666666666666669,0.16666666666666669
113,113.0,113.6,0.16666666666666669,0.16666666666666669,0.16666666666666669,0.16666666666666669,0.16666666666666669,0.16666666666666669
114,114.0,114.6,0.16666666666666669,0.16666666666666669,0.16666666666666669,0.16666666666666669,0.16666666666666669,0.16666666666666669
115,115.0,115.6,0.16666666666666669,0.16666666666666669,0.16666666666666669,0.16666666666666669,0.16666666666666669,0.16666666666666669
116,116.0,116.6,0.16666666666666669,0.16666666666666669,0.16666666666666669,0.16666666666666669,0.16666666666666669,0.16666666666666669
117,117.0,117.6,0.16666666666666669,0.16666666666666669,0.16666666666666669,0.16666666666666669,0.16666666666666669,0.16666666666666669
118,118.0,118.6,0.16666666666666669,0.16666666666666669,0.16666666666666669,0.16666666666666669,0.16666666666666669,0.16666666666666669
119,119.0,119.6,0.16666666666666669,0.16666666666666669,0.16666666666666669,0.16666666666666669,0.16666666666666669,0.16666666666666669
120,120.0,120.6,0.16666666666666669,0.16666666666666669,0.16666666666666669,0.16666666666666669,0.16666666666666669,0.16666666666666669
121,121.0,121.6,0.16666666666666669,0.16666666666666669,0.16666666666666669,0.16666666666666669,0.16666666666666669,0.16666666666666669
122,122.0,122.6,0.16666666666666669,0.16666666666666669,0.16666666666666669,0.16666666666666669,0.16666666666666669,0.16666666666666669
123,123.0,123.6,0.16666666666666669,0.16666666666666669,0.16666666666666669,0.16666666666666669,0.16666666666666669,0.16666666666666669
124,124.0,124.6,0.16666666666666669,0.16666666666666669,0.16666666666666669,0.16666666666666669,0.16666666666666669,0.16666666666666669
125,125.0,125.6,0.16666666666666669,0.16666666666666669,0.16666666666666669,0.16666666666666669,0.16666666666666669,0.16666666666666669
126,126.0,126.6,0.16666666666666669,0.16666666666666669,0.16666666666666669,0.16666666666666669,0.16666666666666669,0.16666666666666669
127,127.0,127.6,0.16666666666666669,0.16666666666666669,0.16666666666666669,0.16666666666666669,0.16666666666666669,0.16666666666666669
128,128.0,128.6,0.16666666666666669,0.16666666666666669,0.16666666666666669,0.16666666666666669,0.16666666666666669,0.16666666666666669
129,129.0,129.6,0.16666666666666669,0.16666666666666669,0.16666666666666669,0.16666666666666669,0.16666666666666669,0.16666666666666669
130,130.0,130.6,0.16666666666666669,0.16666666666666669,0.16666666666666669,0.16666666666666669,0.16666666666666669,0.16666666666666669
131,131.0,131.6,0.16666666666666669,0.16666666666666669,0.16666666666666669,0.16666666666666669,0.16666666666666669,0.16666666666666669
132,132.0,132.6,0.16666666666666669,0.16666666666666669,0.16666666666666669,0.16666666666666669,0.16666666666666669,0.16666666666666669
133,133.0,133.6,0.16666666666666669,0.16666666666666669,0.16666666666666669,0.16666666666666669,0.16666666666666669,0.16666666666666669
134,134.0,134.6,0.16666666666666669,0.16666666666666669,0.16666666666666669,0.16666666666666669,0.16666666666666669,0.16666666666666669
135,135.0,135.6,0.16666666666666669,0.16666666666666669,0.16666666666666669,0.16666666666666669,0.16666666666666669,0.16666666666666669
136,136.0,136.6,0.16666666666666669,0.16666666666666669,0.16666666666666669,0.16666666666666669,0.16666666666666669,0.16666666666666669
137,137.0,137.6,0.16666666666666669,0.16666666666666669,0.16666666666666669,0.16666666666666669,0.16666666666666669,0.16666666666666669
138,138.0,138.6,0.16666666666666669,0.16666666666666669,0.16666666666666669,0.16666666666666669,0.16666666666666669,0.16666666666666669
139,139.0,139.6,0.16666666666666669,0.16666666666666669,0.16666666666666669,0.16666666666666669,0.16666666666666669,0.16666666666666669
140,140.0,140.6,0.16666666666666669,0.16666666666666669,0.16666666666666669,0.16666666666666669,0.16666666666666669,0.16666666666666669
141,141.0,141.6,0.16666666666666669,0.16666666666666669,0.16666666666666669,0.16666666666666669,0.16666666666666669,0.16666666666666669
142,142.0,142.6,0.16666666666666669,0.16666666666666669,0.16666666666666669,0.16666666666666669,0.16666666666666669,0.16666666666666669
143,143.0,143.7,0.16666666666666669,0.16666666666666669,0.16666666666666669,0.16666666666666669,0.16666666666666669,0.16666666666666669
144,144.0,144.7,0.16666666666666669,0.16666666666666669,0.16666666666666669,0.16666666666666669,0.16666666666666669,0.16666666666666669
145,145.0,145.7,0.16666666666666669,0.16666666666666669,0.16666666666666669,0.16666666666666669,0.16666666666666669,0.16666666666666669
146,146.0,146.7,0.16666666666666669,0.16666666666666669,0.16666666666666669,0.16666666666666669,0.16666666666666669,0.16666666666666669
147,147.0,147.7,0.16666666666666669,0.16666666666666669,0.16666666666666669,0.16666666666666669,0.16666666666666669,0.16666666666666669
148,148.0,148.7,0.16666666666666669,0.16666666666666669,0.16666666666666669,0.16666666666666669,0.16666666666666669,0.16666666666666669
149,149.0,149.7,0.16666666666666669,0.16666666666666669,0.16666666666666669,0.16666666666666669,0.16666666666666669,0.16666666666666669
150,150.0,150.7,0.16666666666666669,0.16666666666666669,0.16666666666666669,0.16666666666666669,0.16666666666666669,0.16666666666666669
151,151.0,151.7,0.16666666666666669,0.16666666666666669,0.16666666666666669,0.16666666666666669,0.16666666666666669,0.16666666666666669
152,152.0,152.7,0.16666666666666669,0.16666666666666669,0.16666666666666669,0.16666666666666669,0.16666666666666669,0.16666666666666669
153,153.0,153.7,0.16666666666666669,0.16666666666666669,0.16666666666666669,0.16666666666666669,0.16666666666666669,0.16666666666666669
154,154.0,154.7,0.16666666666666669,0.16666666666666669,0.16666666666666669,0.16666666666666669,0.16666666666666669,0.16666666666666669
155,155.0,155.7,0.16666666666666669,0.16666666666666669,0.16666666666666669,0.16666666666666669,0.16666666666666669,0.16666666666666669
156,156.0,156.7,0.16666666666666669,0.16666666666666669,0.16666666666666669,0.16666666666666669,0.16666666666666669,0.16666666666666669
157,157.0,157.7,0.16666666666666669,0.16666666666666669,0.16666666666666669,0.16666666666666669,0.16666666666666669,0.16666666666666669
158,158.0,158.7,0.16666666666666669,0.16666666666666669,0.16666666666666669,0.16666666666666669,0.16666666666666669,0.16666666666666669
159,159.0,159.7,0.16666666666666669,0.16666666666666669,0.16666666666666669,0.16666666666666669,0.16666666666666669,0.16666666666666669
160,160.0,160.7,0.16666666666666669,0.16666666666666669,0.16666666666666669,0.16666666666666669,0.16666666666666669,0.16666666666666669
161,161.0,161.7,0.16666666666666669,0.16666666666666669,0.16666666666666669,0.16666666666666669,0.16666666666666669,0.16666666666666669
162,162.0,162.7,0.16666666666666669,0.16666666666666669,0.16666666666666669,0.16666666666666669,0.16666666666666669,0.16666666666666669
163,163.0,163.7,0.16666666666666669,0.16666666666666669,0.16666666666666669,0.16666666666666669,0.16666666666666669,0.16666666666666669
164,164.0,164.7,0.16666666666666669,0.16666666666666669,0.16666666666666669,0.16666666666666669,0.16666666666666669,0.16666666666666669
165,165.0,165.7,0.16666666666666669,0.16666666666666669,0.16666666666666669,0.16666666666666669,0.16666666666666669,0.16666666666666669
166,166.0,166.7,0.16666666666666669,0.16666666666666669,0.16666666666666669,0.16666666666666669,0.16666666666666669,0.16666666666666669
167,167.0,167.7,0.16666666666666669,0.16666666666666669,0.16666666666666669,0.16666666666666669,0.16666666666666669,0.16666666666666669
168,168.0,168.7,0.16666666666666669,0.16666666666666669,0.16666666666666669,0.16666666666666669,0.16666666666666669,0.16666666666666669
169,169.0,169.7,0.16666666666666669,0.16666666666666669,0.16666666666666669,0.16666666666666669,0.16666666666666669,0.16666666666666669
170,170.0,170.7,0.16666666666666669,0.16666666666666669,0.16666666666666669,0.16666666666666669,0.16666666666666669,0.16666666666666669
171,171.0,171.7,0.16666666666666669,0.16666666666666669,0.16666666666666669,0.16666666666666669,0.16666666666666669,0.16666666666666669
172,172.0,172.7,0.16666666666666669,0.16666666666666669,0.16666666666666669,0.16666666666666669,0.16666666666666669,0.16666666666666669
173,173.0,173.7,0.16666666666666669,0.16666666666666669,0.16666666666666669,0.16666666666666669,0.16666666666666669,0.16666666666666669
174,174.0,174.7,0.16666666666666669,0.16666666666666669,0.16666666666666669,0.16666666666666669,0.16666666666666669,0.16666666666666669
175,175.0,175.7,0.16666666666666669,0.16666666666666669,0.16666666666666669,0.16666666666666669,0.16666666666666669,0.16666666666666669
176,176.0,176.7,0.16666666666666669,0.16666666666666669,0.16666666666666669,0.16666666666666669,0.16666666666666669,0.16666666666666669
177,177.0,177.7,0.16666666666666669,0.16666666666666669,0.16666666666666669,0.16666666666666669,0.16666666666666669,0.16666666666666669
178,178.0,178.7,0.16666666666666669,0.16666666666666669,0.16666666666666669,0.16666666666666669,0.16666666666666669,0.16666666666666669
179,179.0,179.7,0.16666666666666669,0.16666666666666669,0.16666666666666669,0.16666666666666669,0.16666666666666669,0.16666666666666669
180,180.0,180.7,0.16666666666666669,0.16666666666666669,0.16666666666666669,0.16666666666666669,0.16666666666666669,0.16666666666666669
181,181.0,181.7,0.16666666666666669,0.16666666666666669,0.16666666666666669,0.16666666666666669,0.16666666666666669,0.16666666666666669
182,182.0,182.7,0.16666666666666669,0.16666666666666669,0.16666666666666669,0.16666666666666669,0.16666666666666669,0.16666666666666669
183,183.0,183.7,0.16666666666666669,0.16666666666666669,0.16666666666666669,0.16666666666666669,0.16666666666666669,0.16666666666666669
184,184.0,184.7,0.16666666666666669,0.16666666666666669,0.16666666666666669,0.16666666666666669,0.16666666666666669,0.16666666666666669
185,185.0,185.7,0.16666666666666669,0.16666666666666669,0.16666666666666669,0.16666666666666669,0.16666666666666669,0.16666666666666669
186,186.0,186.7,0.16666666666666669,0.16666666666666669,0.16666666666666669,0.16666666666666669,0.16666666666666669,0.16666666666666669
187,187.0,187.7,0.16666666666666669,0.16666666666666669,0.16666666666666669,0.16666666666666669,0.16666666666666669,0.16666666666666669
188,188.0,188.7,0.16666666666666669,0.16666666666666669,0.16666666666666669,0.16666666666666669,0.16666666666666669,0.16666666666666669
189,189.0,189.7,0.16666666666666669,0.16666666666666669,0.16666666666666669,0.16666666666666669,0.16666666666666669,0.16666666666666669
190,190.0,190.7,0.16666666666666669,0.16666666666666669,0.16666666666666669,0.16666666666666669,0.16666666666666669,0.16666666666666669
191,191.0,191.7,0.16666666666666669,0.16666666666666669,0.16666666666666669,0.16666666666666669,0.16666666666666669,0.16666666666666669
192,192.0,192.7,0.16666666666666669,0.16666666666666669,0.16666666666666669,0.16666666666666669,0.16666666666666669,0.16666666666666669
193,193.0,193.7,0.16666666666666669,0.16666666666666669,0.16666666666666669,0.16666666666666669,0.16666666666666669,0.16666666666666669
194,194.0,194.7,0.16666666666666669,0.16666666666666669,0.16666666666666669,0.16666666666666669,0.16666666666666669,0.16666666666666669
195,195.0,195.7,0.16666666666666669,0.16666666666666669,0.16666666666666669,0.16666666666666669,0.16666666666666669,0.16666666666666669
196,196.0,196.7,0.16666666666666669,0.16666666666666669,0.16666666666666669,0.16666666666666669,0.16666666666666669,0.16666666666666669
197,197.0,197.7,0.16666666666666669,0.16666666666666669,0.16666666666666669,0.16666666666666669,0.16666666666666669,0.16666666666666669
198,198.0,198.7,0.16666666666666669,0.16666666666666669,0.16666666666666669,0.16666666666666669,0.16666666666666669,0.16666666666666669
199,199.0,199.7,0.1642857142857143,0.1642857142857143,0.1642857142857143,0.1642857142857143,0.17857142857142858,0.1642857142857143
200,200.0,200.7,0.1642857142857143,0.1642857142857143,0.1642857142857143,0.1642857142857143,0.17857142857142858,0.1642857142857143
201,201.0,201.7,0.1642857142857143,0.1642857142857143,0.1642857142857143,0.1642857142857143,0.17857142857142858,0.1642857142857143
202,202.0,202.7,0.17699953767914936,0.1617429496070273,0.1617429496070273,0.1617429496070273,0.17602866389274158,0.1617429496070273
203,203.0,203.7,0.17699953767914936,0.1617429496070273,0.1617429496070273,0.1617429496070273,0.17602866389274158,0.1617429496070273
204,204.0,204.7,0.17461858529819696,0.1593619972260749,0.1593619972260749,0.1593619972260749,0.1736477115117892,0.1736477115117892
205,205.0,205.7,0.17461858529819696,0.1593619972260749,0.1736477115117892,0.1593619972260749,0.1593619972260749,0.1736477115117892
206,206.0,206.7,0.17461858529819696,0.1593619972260749,0.1736477115117892,0.1593619972260749,0.1593619972260749,0.1736477115117892
207,207.0,207.7,0.17461858529819696,0.1593619972260749,0.1736477115117892,0.1593619972260749,0.1593619972260749,0.1736477115117892
208,208.0,208.7,0.17461858529819696,0.1593619972260749,0.1736477115117892,0.1593619972260749,0.1593619972260749,0.1736477115117892
209,209.0,209.7,0.17461858529819696,0.1593619972260749,0.1736477115117892,0.1593619972260749,0.1593619972260749,0.1736477115117892
210,210.0,210.7,0.17461858529819696,0.1593619972260749,0.1736477115117892,0.1593619972260749,0.1593619972260749,0.1736477115117892
211,211.0,211.7,0.17223763291724456,0.15698104484512249,0.1712667591308368,0.15698104484512249,0.1712667591308368,0.17126675913083678
212,212.0,212.7,0.17223763291724456,0.15698104484512249,0.1712667591308368,0.15698104484512249,0.1712667591308368,0.17126675913083678
213,213.0,213.7,0.17223763291724456,0.15698104484512249,0.1712667591308368,0.15698104484512249,0.1712667591308368,0.17126675913083678
214,214.0,214.7,0.17045191863153028,0.1551953305594082,0.16948104484512252,0.1694810448451225,0.18019533055940823,0.1551953305594082
215,215.0,215.7,0.17045191863153028,0.1551953305594082,0.16948104484512252,0.1694810448451225,0.18019533055940823,0.1551953305594082
216,216.0,216.7,0.17045191863153028,0.1551953305594082,0.16948104484512252,0.1694810448451225,0.18019533055940823,0.1551953305594082
217,217.0,217.7,0.156166204345816,0.1551953305594082,0.1837667591308368,0.1694810448451225,0.18019533055940823,0.1551953305594082
218,218.0,218.7,0.1668804900601017,0.15340961627369393,0.18019533055940823,0.16769533055940822,0.17840961627369395,0.15340961627369393
219,219.0,219.7,0.17878525196486358,0.15102866389274155,0.17781437817845586,0.16531437817845585,0.17602866389274155,0.15102866389274155
220,220.0,220.7,0.17878525196486358,0.15102866389274155,0.17781437817845586,0.16531437817845585,0.17602866389274155,0.15102866389274155
221,221.0,221.7,0.17878525196486358,0.15102866389274155,0.17781437817845586,0.16531437817845585,0.17602866389274155,0.15102866389274155
222,222.0,222.7,0.17600747418708582,0.14963977500385267,0.18614771151178916,0.16392548928956696,0.17463977500385267,0.14963977500385267
223,223.0,223.7,0.17600747418708582,0.14963977500385267,0.18614771151178916,0.16392548928956696,0.17463977500385267,0.14963977500385267
224,224.0,224.7,0.15949953767914932,0.14852866389274155,0.20710009246417016,0.16281437817845584,0.17352866389274155,0.14852866389274155
225,225.0,225.7,0.1576813558609675,0.14761957298365064,0.21255463791871562,0.16190528726936493,0.17261957298365066,0.14761957298365064
226,226.0,226.7,0.16271382339343504,0.14507628294036062,0.2176953305594082,0.15936199722607491,0.17007628294036062,0.14507628294036062
227,227.0,227.7,0.15940185758146924,0.14304636841044607,0.22912695449103215,0.15733208269616034,0.16804636841044607,0.14304636841044607
228,228.0,228.7,0.17011614329575495,0.1412606541247318,0.2255555259196036,0.1412606541247318,0.1662606541247318,0.15554636841044606
229,229.0,229.7,0.17449953767914933,0.1396000924641701,0.22781437817845585,0.1396000924641701,0.16460009246417012,0.15388580674988442
230,230.0,230.7,0.1716856848652965,0.13821481107888875,0.23616935653343418,0.13821481107888875,0.16321481107888874,0.15250052536460307
231,231.0,231.7,0.1716856848652965,0.13821481107888875,0.23616935653343418,0.13821481107888875,0.16321481107888874,0.15250052536460307
232,232.0,232.7,0.16652695470656637,0.13444496980904747,0.24212173748581511,0.13444496980904747,0.1594449698090475,0.16301639838047605
233,233.0,233.7,0.16430473248434413,0.13333385869793637,0.2387884041524818,0.13333385869793637,0.16833385869793635,0.16190528726936493
234,234.0,234.7,0.16176144244105412,0.14329056865464634,0.24079056865464632,0.13079056865464633,0.16579056865464634,0.1575762829403606
235,235.0,235.7,0.17302517870479037,0.1402685906326683,0.24161474447882214,0.1277685906326683,0.1627685906326683,0.1545543049183826
236,236.0,236.7,0.18140429958391124,0.13793342579750345,0.2425762829403606,0.13971914008321776,0.16043342579750347,0.13793342579750345
237,237.0,237.7,0.17961858529819696,0.13614771151178917,0.24079056865464632,0.13614771151178917,0.1586477115117892,0.14864771151178918
238,238.0,238.7,0.17822969640930805,0.1347588226229003,0.23940167976575744,0.14448104484512253,0.1572588226229003,0.14586993373401141
239,239.0,239.7,0.17684080752041917,0.14309215595623362,0.23801279087686855,0.14309215595623365,0.15586993373401142,0.14309215595623362
240,240.0,240.7,0.17461858529819696,0.14864771151178918,0.23579056865464634,0.1386477115117892,0.1536477115117892,0.14864771151178918
241,241.0,241.7,0.17489997057958223,0.14892909679317445,0.22059576345984114,0.14620182406590176,0.15392909679317449,0.15544424830832598
242,242.0,242.7,0.1741423948220065,0.1581715210355987,0.2198381877022654,0.14317152103559871,0.16150485436893205,0.14317152103559871
243,243.0,243.7,0.1726241134751773,0.15975177304964538,0.22549645390070922,0.14368794326241136,0.16308510638297874,0.13535460992907805
244,244.0,244.7,0.17350877192982456,0.15956140350877193,0.22535087719298247,0.14350877192982456,0.16289473684210526,0.13517543859649123
245,245.0,245.7,0.17350877192982456,0.15956140350877193,0.22535087719298247,0.14350877192982456,0.16289473684210526,0.13517543859649123
246,246.0,246.7,0.17350877192982456,0.14956140350877192,0.23535087719298248,0.14350877192982456,0.16289473684210526,0.13517543859649123
247,247.0,247.7,0.1668421052631579,0.15789473684210525,0.24201754385964916,0.13517543859649123,0.16289473684210526,0.13517543859649123
248,248.0,248.7,0.1718421052631579,0.15747807017543863,0.23868421052631578,0.13475877192982458,0.16247807017543864,0.13475877192982458
249,249.0,249.7,0.17534477905994933,0.16256496857116054,0.23392485223754572,0.1334820339619101,0.16120133220752414,0.1334820339619101
250,250.0,250.7,0.17795321637426903,0.16928362573099415,0.22479532163742685,0.13489766081871343,0.15261695906432748,0.140453216374269
251,251.0,251.7,0.17649122807017542,0.16899122807017544,0.22245614035087719,0.13460526315789473,0.15232456140350875,0.14513157894736842
252,252.0,252.7,0.17891547049441786,0.17308213716108453,0.22033492822966508,0.14036283891547047,0.15641547049441787,0.13088915470494417
253,253.0,253.7,0.1781578947368421,0.17232456140350877,0.21578947368421053,0.13960526315789473,0.16399122807017544,0.13013157894736843
254,254.0,254.7,0.1781578947368421,0.17232456140350877,0.21578947368421053,0.13960526315789473,0.16399122807017544,0.13013157894736843
255,255.0,255.7,0.1740643274853801,0.1726169590643275,0.21812865497076023,0.13989766081871344,0.16428362573099414,0.13100877192982457
256,256.0,256.7,0.1728837244626718,0.18998689906584643,0.21592655882129566,0.12504537859801018,0.1463000303789777,0.14985740867319813
257,257.0,257.7,0.17867110959216223,0.18839257233994075,0.19956083390293916,0.12188539530644793,0.14627136021872864,0.16521872863978126
258,258.0,258.7,0.18621079213184477,0.1852179691653376,0.196386230728336,0.1298219032429559,0.14309675704412547,0.1592663476874003
259,259.0,259.7,0.180453216374269,0.18067251461988304,0.20896198830409357,0.12906432748538013,0.1423391812865497,0.15850877192982454
260,260.0,260.7,0.17950083542188805,0.1804344193817878,0.20681913116123646,0.1288262322472849,0.14186299081035925,0.1625563909774436
261,261.0,261.7,0.16635980978086243,0.19678057322794165,0.20553707987918518,0.12818520660625926,0.1412219651693336,0.16191536533641795
262,262.0,262.7,0.1652486986697513,0.19566946211683053,0.20442596876807406,0.13596298438403703,0.1401108540582225,0.15858203200308463
263,263.0,263.7,0.17024869866975129,0.1656694621168305,0.21942596876807405,0.15096298438403702,0.13261085405822248,0.16108203200308463
264,264.0,264.7,0.17858203200308465,0.16428057322794162,0.21664819099029625,0.14957409549514813,0.13122196516933357,0.15969314311419575
265,265.0,265.7,0.17858203200308465,0.16428057322794162,0.21664819099029625,0.14957409549514813,0.13122196516933357,0.15969314311419575
266,266.0,266.7,0.17858203200308465,0.16428057322794162,0.21664819099029625,0.14957409549514813,0.13122196516933357,0.15969314311419575
267,267.0,267.7,0.1807875457875458,0.15655067155067157,0.21963064713064714,0.16709096459096462,0.12880341880341878,0.14713675213675212
268,268.0,268.7,0.17708471267294798,0.15927765045412107,0.2285376878023937,0.16215962142432733,0.1271628045157457,0.1457775231304643
269,269.0,269.7,0.1767870936253289,0.1607657456922163,0.2294305449452508,0.16364771666242256,0.13638899499193616,0.13297990408284527
270,270.0,270.7,0.1767870936253289,0.1607657456922163,0.2294305449452508,0.16364771666242256,0.13638899499193616,0.13297990408284527
271,271.0,271.7,0.1767870936253289,0.1607657456922163,0.2294305449452508,0.16364771666242256,0.13638899499193616,0.13297990408284527
272,272.0,272.7,0.1779635642135642,0.1607657456922163,0.2294305449452508,0.16364771666242256,0.13638899499193616,0.13180343349460996
273,273.0,273.7,0.1654635642135642,0.1607657456922163,0.2294305449452508,0.16364771666242256,0.13638899499193616,0.14430343349460997
274,274.0,274.7,0.1654635642135642,0.1607657456922163,0.2294305449452508,0.16364771666242256,0.13638899499193616,0.14430343349460997
275,275.0,275.7,0.1579238816738817,0.17366257108904168,0.2187162592309651,0.16543343094813684,0.13817470927765046,0.14608914778032425
276,276.0,276.7,0.1606024531024531,0.17455542823189882,0.2035376878023937,0.16632628809099398,0.14085328070622188,0.15412486206603854
277,277.0,277.7,0.16255050505050506,0.1609190645955352,0.20743379169849757,0.1702223919870979,0.1428013326542738,0.15607291401409046
278,278.0,278.7,0.16084318797733432,0.1603451765037131,0.20925588639003276,0.17082497448351108,0.14336087354380037,0.15536990110160842
279,279.0,279.7,0.16062279420713155,0.16013947565152384,0.21024031189693843,0.17061927363132184,0.14316986560962464,0.15520827900345974
280,280.0,280.7,0.15824184182617917,0.15775852327057147,0.20785935951598603,0.16823832125036947,0.14078891322867226,0.16711304090822166
281,281.0,281.7,0.15824184182617917,0.15775852327057147,0.20785935951598603,0.16823832125036947,0.14078891322867226,0.16711304090822166
282,282.0,282.7,0.1591509327352701,0.1513948869069351,0.20967754133416788,0.17005650306855127,0.14169800413776318,0.16802213181731257
283,283.0,283.7,0.1591509327352701,0.1513948869069351,0.20967754133416788,0.17005650306855127,0.14169800413776318,0.16802213181731257
284,284.0,284.8,0.1564561275404649,0.1468818998939481,0.20607364523027175,0.17554351605556426,0.13900319894295796,0.17604161233679308
285,285.0,285.8,0.16680966289400023,0.14322028373233192,0.2226140492706758,0.17188189989394811,0.1368567342964933,0.15861736991255065
286,286.0,286.8,0.16569855178288911,0.1421091726212208,0.2203918270484536,0.170770788782837,0.13574562318538222,0.16528403657921734
287,287.0,287.8,0.1647894608737982,0.1412000817121299,0.21857364523027173,0.1698616978737461,0.1439274413672004,0.1616476729428537
288,288.0,288.8,0.16223207686622318,0.15112800478654137,0.21620033083447718,0.16728962094815755,0.1415100482173653,0.16163991834723543
289,289.0,289.8,0.1713229859571323,0.15112800478654137,0.21620033083447718,0.16728962094815755,0.1324191391264562,0.16163991834723543
290,290.0,290.8,0.17692165558019216,0.15037042902896564,0.21468517931932568,0.16775155738570374,0.13166156336888044,0.15860961531693238
291,291.0,291.8,0.1767159547280029,0.15016472817677637,0.2144647855491229,0.16873598289260944,0.13148524835271821,0.15843330030077019
292,292.0,292.8,0.1767159547280029,0.15016472817677637,0.2061314522157896,0.16873598289260944,0.13148524835271821,0.16676663363410354
293,293.0,293.8,0.1767159547280029,0.15016472817677637,0.2061314522157896,0.16873598289260944,0.13148524835271821,0.16676663363410354
294,294.0,294.8,0.1781411677753141,0.14915091683384368,0.20635184598599232,0.1689710695808257,0.13166156336888044,0.16572343645514379
295,295.0,295.8,0.18769702185364837,0.1518170517568108,0.19756002364436098,0.17159312574975227,0.12005667692414679,0.17127610007128083
296,296.0,296.8,0.18769702185364837,0.1518170517568108,0.19756002364436098,0.17159312574975227,0.12005667692414679,0.17127610007128083
