Total_iterations,Unnamed: 0.1,Intertwine_two,Add_vertex,Delete_vertex,Invert_path_vertices,Insert_inside_vertex,Delete_inside_vertex
0,0.0,0.1666666666666666,0.1666666666666666,0.1666666666666666,0.1666666666666666,0.1666666666666666,0.1666666666666666
1,1.0,0.1666666666666666,0.1666666666666666,0.1666666666666666,0.1666666666666666,0.1666666666666666,0.1666666666666666
2,2.0,0.1666666666666666,0.1666666666666666,0.1666666666666666,0.1666666666666666,0.1666666666666666,0.1666666666666666
3,3.0,0.1666666666666666,0.1666666666666666,0.1666666666666666,0.1666666666666666,0.1666666666666666,0.1666666666666666
4,4.0,0.1666666666666666,0.1666666666666666,0.1666666666666666,0.1666666666666666,0.1666666666666666,0.1666666666666666
5,5.0,0.1666666666666666,0.1666666666666666,0.1666666666666666,0.1666666666666666,0.1666666666666666,0.1666666666666666
6,6.0,0.1666666666666666,0.1666666666666666,0.1666666666666666,0.1666666666666666,0.1666666666666666,0.1666666666666666
7,7.0,0.1666666666666666,0.1666666666666666,0.1666666666666666,0.1666666666666666,0.1666666666666666,0.1666666666666666
8,8.0,0.1666666666666666,0.1666666666666666,0.1666666666666666,0.1666666666666666,0.1666666666666666,0.1666666666666666
9,9.0,0.1666666666666666,0.1666666666666666,0.1666666666666666,0.1666666666666666,0.1666666666666666,0.1666666666666666
10,10.0,0.1666666666666666,0.1666666666666666,0.1666666666666666,0.1666666666666666,0.1666666666666666,0.1666666666666666
11,11.0,0.1666666666666666,0.1666666666666666,0.1666666666666666,0.1666666666666666,0.1666666666666666,0.1666666666666666
12,12.0,0.1666666666666666,0.1666666666666666,0.1666666666666666,0.1666666666666666,0.1666666666666666,0.1666666666666666
13,13.0,0.1666666666666666,0.1666666666666666,0.1666666666666666,0.1666666666666666,0.1666666666666666,0.1666666666666666
14,14.0,0.1666666666666666,0.1666666666666666,0.1666666666666666,0.1666666666666666,0.1666666666666666,0.1666666666666666
15,15.0,0.1666666666666666,0.1666666666666666,0.1666666666666666,0.1666666666666666,0.1666666666666666,0.1666666666666666
16,16.0,0.1666666666666666,0.1666666666666666,0.1666666666666666,0.1666666666666666,0.1666666666666666,0.1666666666666666
17,17.0,0.1666666666666666,0.1666666666666666,0.1666666666666666,0.1666666666666666,0.1666666666666666,0.1666666666666666
18,18.0,0.1666666666666666,0.1666666666666666,0.1666666666666666,0.1666666666666666,0.1666666666666666,0.1666666666666666
19,19.0,0.1666666666666666,0.1666666666666666,0.1666666666666666,0.1666666666666666,0.1666666666666666,0.1666666666666666
20,20.0,0.1666666666666666,0.1666666666666666,0.1666666666666666,0.1666666666666666,0.1666666666666666,0.1666666666666666
21,21.0,0.1666666666666666,0.1666666666666666,0.1666666666666666,0.1666666666666666,0.1666666666666666,0.1666666666666666
22,22.0,0.1666666666666666,0.1666666666666666,0.1666666666666666,0.1666666666666666,0.1666666666666666,0.1666666666666666
23,23.0,0.1666666666666666,0.1666666666666666,0.1666666666666666,0.1666666666666666,0.1666666666666666,0.1666666666666666
24,24.0,0.1666666666666666,0.1666666666666666,0.1666666666666666,0.1666666666666666,0.1666666666666666,0.1666666666666666
25,25.0,0.1666666666666666,0.1666666666666666,0.1666666666666666,0.1666666666666666,0.1666666666666666,0.1666666666666666
26,26.0,0.1666666666666666,0.1666666666666666,0.1666666666666666,0.1666666666666666,0.1666666666666666,0.1666666666666666
27,27.0,0.1666666666666666,0.1666666666666666,0.1666666666666666,0.1666666666666666,0.1666666666666666,0.1666666666666666
28,28.0,0.1666666666666666,0.1666666666666666,0.1666666666666666,0.1666666666666666,0.1666666666666666,0.1666666666666666
29,29.0,0.1666666666666666,0.1666666666666666,0.1666666666666666,0.1666666666666666,0.1666666666666666,0.1666666666666666
30,30.0,0.1666666666666666,0.1666666666666666,0.1666666666666666,0.1666666666666666,0.1666666666666666,0.1666666666666666
31,31.0,0.1666666666666666,0.1666666666666666,0.1666666666666666,0.1666666666666666,0.1666666666666666,0.1666666666666666
32,32.0,0.1666666666666666,0.1666666666666666,0.1666666666666666,0.1666666666666666,0.1666666666666666,0.1666666666666666
33,33.0,0.1666666666666666,0.1666666666666666,0.1666666666666666,0.1666666666666666,0.1666666666666666,0.1666666666666666
34,34.0,0.1666666666666666,0.1666666666666666,0.1666666666666666,0.1666666666666666,0.1666666666666666,0.1666666666666666
35,35.0,0.1666666666666666,0.1666666666666666,0.1666666666666666,0.1666666666666666,0.1666666666666666,0.1666666666666666
36,36.0,0.1666666666666666,0.1666666666666666,0.1666666666666666,0.1666666666666666,0.1666666666666666,0.1666666666666666
37,37.0,0.1666666666666666,0.1666666666666666,0.1666666666666666,0.1666666666666666,0.1666666666666666,0.1666666666666666
38,38.0,0.1666666666666666,0.1666666666666666,0.1666666666666666,0.1666666666666666,0.1666666666666666,0.1666666666666666
39,39.0,0.1666666666666666,0.1666666666666666,0.1666666666666666,0.1666666666666666,0.1666666666666666,0.1666666666666666
40,40.0,0.1666666666666666,0.1666666666666666,0.1666666666666666,0.1666666666666666,0.1666666666666666,0.1666666666666666
41,41.0,0.1666666666666666,0.1666666666666666,0.1666666666666666,0.1666666666666666,0.1666666666666666,0.1666666666666666
42,42.0,0.1666666666666666,0.1666666666666666,0.1666666666666666,0.1666666666666666,0.1666666666666666,0.1666666666666666
43,43.0,0.1666666666666666,0.1666666666666666,0.1666666666666666,0.1666666666666666,0.1666666666666666,0.1666666666666666
44,44.0,0.1666666666666666,0.1666666666666666,0.1666666666666666,0.1666666666666666,0.1666666666666666,0.1666666666666666
45,45.0,0.1666666666666666,0.1666666666666666,0.1666666666666666,0.1666666666666666,0.1666666666666666,0.1666666666666666
46,46.0,0.1666666666666666,0.1666666666666666,0.1666666666666666,0.1666666666666666,0.1666666666666666,0.1666666666666666
47,47.0,0.1666666666666666,0.1666666666666666,0.1666666666666666,0.1666666666666666,0.1666666666666666,0.1666666666666666
48,48.0,0.1666666666666666,0.1666666666666666,0.1666666666666666,0.1666666666666666,0.1666666666666666,0.1666666666666666
49,49.0,0.1666666666666666,0.1666666666666666,0.1666666666666666,0.1666666666666666,0.1666666666666666,0.1666666666666666
50,50.0,0.1666666666666666,0.1666666666666666,0.1666666666666666,0.1666666666666666,0.1666666666666666,0.1666666666666666
51,51.0,0.1666666666666666,0.1666666666666666,0.1666666666666666,0.1666666666666666,0.1666666666666666,0.1666666666666666
52,52.0,0.1666666666666666,0.1666666666666666,0.1666666666666666,0.1666666666666666,0.1666666666666666,0.1666666666666666
53,53.0,0.1666666666666666,0.1666666666666666,0.1666666666666666,0.1666666666666666,0.1666666666666666,0.1666666666666666
54,54.0,0.1666666666666666,0.1666666666666666,0.1666666666666666,0.1666666666666666,0.1666666666666666,0.1666666666666666
55,55.0,0.1666666666666666,0.1666666666666666,0.1666666666666666,0.1666666666666666,0.1666666666666666,0.1666666666666666
56,56.0,0.1666666666666666,0.1666666666666666,0.1666666666666666,0.1666666666666666,0.1666666666666666,0.1666666666666666
57,57.0,0.1666666666666666,0.1666666666666666,0.1666666666666666,0.1666666666666666,0.1666666666666666,0.1666666666666666
58,58.0,0.1666666666666666,0.1666666666666666,0.1666666666666666,0.1666666666666666,0.1666666666666666,0.1666666666666666
59,59.0,0.1666666666666666,0.1666666666666666,0.1666666666666666,0.1666666666666666,0.1666666666666666,0.1666666666666666
60,60.0,0.1666666666666666,0.1666666666666666,0.1666666666666666,0.1666666666666666,0.1666666666666666,0.1666666666666666
61,61.0,0.1666666666666666,0.1666666666666666,0.1666666666666666,0.1666666666666666,0.1666666666666666,0.1666666666666666
62,62.0,0.1666666666666666,0.1666666666666666,0.1666666666666666,0.1666666666666666,0.1666666666666666,0.1666666666666666
63,63.0,0.1666666666666666,0.1666666666666666,0.1666666666666666,0.1666666666666666,0.1666666666666666,0.1666666666666666
64,64.0,0.1666666666666666,0.1666666666666666,0.1666666666666666,0.1666666666666666,0.1666666666666666,0.1666666666666666
65,65.0,0.1666666666666666,0.1666666666666666,0.1666666666666666,0.1666666666666666,0.1666666666666666,0.1666666666666666
66,66.0,0.1666666666666666,0.1666666666666666,0.1666666666666666,0.1666666666666666,0.1666666666666666,0.1666666666666666
67,67.0,0.1666666666666666,0.1666666666666666,0.1666666666666666,0.1666666666666666,0.1666666666666666,0.1666666666666666
68,68.0,0.1666666666666666,0.1666666666666666,0.1666666666666666,0.1666666666666666,0.1666666666666666,0.1666666666666666
69,69.0,0.1666666666666666,0.1666666666666666,0.1666666666666666,0.1666666666666666,0.1666666666666666,0.1666666666666666
70,70.0,0.1666666666666666,0.1666666666666666,0.1666666666666666,0.1666666666666666,0.1666666666666666,0.1666666666666666
71,71.0,0.1666666666666666,0.1666666666666666,0.1666666666666666,0.1666666666666666,0.1666666666666666,0.1666666666666666
72,72.0,0.1666666666666666,0.1666666666666666,0.1666666666666666,0.1666666666666666,0.1666666666666666,0.1666666666666666
73,73.0,0.1666666666666666,0.1666666666666666,0.1666666666666666,0.1666666666666666,0.1666666666666666,0.1666666666666666
74,74.0,0.1666666666666666,0.1666666666666666,0.1666666666666666,0.1666666666666666,0.1666666666666666,0.1666666666666666
75,75.0,0.1666666666666666,0.1666666666666666,0.1666666666666666,0.1666666666666666,0.1666666666666666,0.1666666666666666
76,76.0,0.1666666666666666,0.1666666666666666,0.1666666666666666,0.1666666666666666,0.1666666666666666,0.1666666666666666
77,77.0,0.1666666666666666,0.1666666666666666,0.1666666666666666,0.1666666666666666,0.1666666666666666,0.1666666666666666
78,78.0,0.1666666666666666,0.1666666666666666,0.1666666666666666,0.1666666666666666,0.1666666666666666,0.1666666666666666
79,79.0,0.1666666666666666,0.1666666666666666,0.1666666666666666,0.1666666666666666,0.1666666666666666,0.1666666666666666
80,80.0,0.1666666666666666,0.1666666666666666,0.1666666666666666,0.1666666666666666,0.1666666666666666,0.1666666666666666
81,81.0,0.1666666666666666,0.1666666666666666,0.1666666666666666,0.1666666666666666,0.1666666666666666,0.1666666666666666
82,82.0,0.1666666666666666,0.1666666666666666,0.1666666666666666,0.1666666666666666,0.1666666666666666,0.1666666666666666
83,83.0,0.1666666666666666,0.1666666666666666,0.1666666666666666,0.1666666666666666,0.1666666666666666,0.1666666666666666
84,84.0,0.1666666666666666,0.1666666666666666,0.1666666666666666,0.1666666666666666,0.1666666666666666,0.1666666666666666
85,85.0,0.1666666666666666,0.1666666666666666,0.1666666666666666,0.1666666666666666,0.1666666666666666,0.1666666666666666
86,86.0,0.1666666666666666,0.1666666666666666,0.1666666666666666,0.1666666666666666,0.1666666666666666,0.1666666666666666
87,87.0,0.1666666666666666,0.1666666666666666,0.1666666666666666,0.1666666666666666,0.1666666666666666,0.1666666666666666
88,88.0,0.1666666666666666,0.1666666666666666,0.1666666666666666,0.1666666666666666,0.1666666666666666,0.1666666666666666
89,89.0,0.1666666666666666,0.1666666666666666,0.1666666666666666,0.1666666666666666,0.1666666666666666,0.1666666666666666
90,90.0,0.1666666666666666,0.1666666666666666,0.1666666666666666,0.1666666666666666,0.1666666666666666,0.1666666666666666
91,91.0,0.1666666666666666,0.1666666666666666,0.1666666666666666,0.1666666666666666,0.1666666666666666,0.1666666666666666
92,92.0,0.1666666666666666,0.1666666666666666,0.1666666666666666,0.1666666666666666,0.1666666666666666,0.1666666666666666
93,93.0,0.1666666666666666,0.1666666666666666,0.1666666666666666,0.1666666666666666,0.1666666666666666,0.1666666666666666
94,94.0,0.1666666666666666,0.1666666666666666,0.1666666666666666,0.1666666666666666,0.1666666666666666,0.1666666666666666
95,95.0,0.1666666666666666,0.1666666666666666,0.1666666666666666,0.1666666666666666,0.1666666666666666,0.1666666666666666
96,96.0,0.1666666666666666,0.1666666666666666,0.1666666666666666,0.1666666666666666,0.1666666666666666,0.1666666666666666
97,97.0,0.1666666666666666,0.1666666666666666,0.1666666666666666,0.1666666666666666,0.1666666666666666,0.1666666666666666
98,98.0,0.1666666666666666,0.1666666666666666,0.1666666666666666,0.1666666666666666,0.1666666666666666,0.1666666666666666
99,99.0,0.1666666666666666,0.1666666666666666,0.1666666666666666,0.1666666666666666,0.1666666666666666,0.1666666666666666
100,100.0,0.1666666666666666,0.1666666666666666,0.1666666666666666,0.1666666666666666,0.1666666666666666,0.1666666666666666
101,101.0,0.1666666666666666,0.1666666666666666,0.1666666666666666,0.1666666666666666,0.1666666666666666,0.1666666666666666
102,102.0,0.1666666666666666,0.1666666666666666,0.1666666666666666,0.1666666666666666,0.1666666666666666,0.1666666666666666
103,103.0,0.1666666666666666,0.1666666666666666,0.1666666666666666,0.1666666666666666,0.1666666666666666,0.1666666666666666
104,104.0,0.1666666666666666,0.1666666666666666,0.1666666666666666,0.1666666666666666,0.1666666666666666,0.1666666666666666
105,105.0,0.1666666666666666,0.1666666666666666,0.1666666666666666,0.1666666666666666,0.1666666666666666,0.1666666666666666
106,106.0,0.1666666666666666,0.1666666666666666,0.1666666666666666,0.1666666666666666,0.1666666666666666,0.1666666666666666
107,107.0,0.1666666666666666,0.1666666666666666,0.1666666666666666,0.1666666666666666,0.1666666666666666,0.1666666666666666
108,108.0,0.1666666666666666,0.1666666666666666,0.1666666666666666,0.1666666666666666,0.1666666666666666,0.1666666666666666
109,109.0,0.1666666666666666,0.1666666666666666,0.1666666666666666,0.1666666666666666,0.1666666666666666,0.1666666666666666
110,110.0,0.1666666666666666,0.1666666666666666,0.1666666666666666,0.1666666666666666,0.1666666666666666,0.1666666666666666
111,111.0,0.1666666666666666,0.1666666666666666,0.1666666666666666,0.1666666666666666,0.1666666666666666,0.1666666666666666
112,112.0,0.1666666666666666,0.1666666666666666,0.1666666666666666,0.1666666666666666,0.1666666666666666,0.1666666666666666
113,113.0,0.1666666666666666,0.1666666666666666,0.1666666666666666,0.1666666666666666,0.1666666666666666,0.1666666666666666
114,114.0,0.1666666666666666,0.1666666666666666,0.1666666666666666,0.1666666666666666,0.1666666666666666,0.1666666666666666
115,115.0,0.1666666666666666,0.1666666666666666,0.1666666666666666,0.1666666666666666,0.1666666666666666,0.1666666666666666
116,116.0,0.1666666666666666,0.1666666666666666,0.1666666666666666,0.1666666666666666,0.1666666666666666,0.1666666666666666
117,117.0,0.1666666666666666,0.1666666666666666,0.1666666666666666,0.1666666666666666,0.1666666666666666,0.1666666666666666
118,118.0,0.1666666666666666,0.1666666666666666,0.1666666666666666,0.1666666666666666,0.1666666666666666,0.1666666666666666
119,119.0,0.1666666666666666,0.1666666666666666,0.1666666666666666,0.1666666666666666,0.1666666666666666,0.1666666666666666
120,120.0,0.1666666666666666,0.1666666666666666,0.1666666666666666,0.1666666666666666,0.1666666666666666,0.1666666666666666
121,121.0,0.1666666666666666,0.1666666666666666,0.1666666666666666,0.1666666666666666,0.1666666666666666,0.1666666666666666
122,122.0,0.1666666666666666,0.1666666666666666,0.1666666666666666,0.1666666666666666,0.1666666666666666,0.1666666666666666
123,123.0,0.1666666666666666,0.1666666666666666,0.1666666666666666,0.1666666666666666,0.1666666666666666,0.1666666666666666
124,124.0,0.1666666666666666,0.1666666666666666,0.1666666666666666,0.1666666666666666,0.1666666666666666,0.1666666666666666
125,125.0,0.1666666666666666,0.1666666666666666,0.1666666666666666,0.1666666666666666,0.1666666666666666,0.1666666666666666
126,126.0,0.1666666666666666,0.1666666666666666,0.1666666666666666,0.1666666666666666,0.1666666666666666,0.1666666666666666
127,127.0,0.1666666666666666,0.1666666666666666,0.1666666666666666,0.1666666666666666,0.1666666666666666,0.1666666666666666
128,128.0,0.1666666666666666,0.1666666666666666,0.1666666666666666,0.1666666666666666,0.1666666666666666,0.1666666666666666
129,129.0,0.1666666666666666,0.1666666666666666,0.1666666666666666,0.1666666666666666,0.1666666666666666,0.1666666666666666
130,130.0,0.1666666666666666,0.1666666666666666,0.1666666666666666,0.1666666666666666,0.1666666666666666,0.1666666666666666
131,131.0,0.1666666666666666,0.1666666666666666,0.1666666666666666,0.1666666666666666,0.1666666666666666,0.1666666666666666
132,132.0,0.1666666666666666,0.1666666666666666,0.1666666666666666,0.1666666666666666,0.1666666666666666,0.1666666666666666
133,133.0,0.1666666666666666,0.1666666666666666,0.1666666666666666,0.1666666666666666,0.1666666666666666,0.1666666666666666
134,134.0,0.1666666666666666,0.1666666666666666,0.1666666666666666,0.1666666666666666,0.1666666666666666,0.1666666666666666
135,135.0,0.1666666666666666,0.1666666666666666,0.1666666666666666,0.1666666666666666,0.1666666666666666,0.1666666666666666
136,136.0,0.1666666666666666,0.1666666666666666,0.1666666666666666,0.1666666666666666,0.1666666666666666,0.1666666666666666
137,137.0,0.1666666666666666,0.1666666666666666,0.1666666666666666,0.1666666666666666,0.1666666666666666,0.1666666666666666
138,138.0,0.1666666666666666,0.1666666666666666,0.1666666666666666,0.1666666666666666,0.1666666666666666,0.1666666666666666
139,139.0,0.1666666666666666,0.1666666666666666,0.1666666666666666,0.1666666666666666,0.1666666666666666,0.1666666666666666
140,140.0,0.1666666666666666,0.1666666666666666,0.1666666666666666,0.1666666666666666,0.1666666666666666,0.1666666666666666
141,141.0,0.1666666666666666,0.1666666666666666,0.1666666666666666,0.1666666666666666,0.1666666666666666,0.1666666666666666
142,142.0,0.1666666666666666,0.1666666666666666,0.1666666666666666,0.1666666666666666,0.1666666666666666,0.1666666666666666
143,143.0,0.1666666666666666,0.1666666666666666,0.1666666666666666,0.1666666666666666,0.1666666666666666,0.1666666666666666
144,144.0,0.1666666666666666,0.1666666666666666,0.1666666666666666,0.1666666666666666,0.1666666666666666,0.1666666666666666
145,145.0,0.1666666666666666,0.1666666666666666,0.1666666666666666,0.1666666666666666,0.1666666666666666,0.1666666666666666
146,146.0,0.1666666666666666,0.1666666666666666,0.1666666666666666,0.1666666666666666,0.1666666666666666,0.1666666666666666
147,147.0,0.1666666666666666,0.1666666666666666,0.1666666666666666,0.1666666666666666,0.1666666666666666,0.1666666666666666
148,148.0,0.1666666666666666,0.1666666666666666,0.1666666666666666,0.1666666666666666,0.1666666666666666,0.1666666666666666
149,149.0,0.1666666666666666,0.1666666666666666,0.1666666666666666,0.1666666666666666,0.1666666666666666,0.1666666666666666
150,150.0,0.1666666666666666,0.1666666666666666,0.1666666666666666,0.1666666666666666,0.1666666666666666,0.1666666666666666
151,151.0,0.1666666666666666,0.1666666666666666,0.1666666666666666,0.1666666666666666,0.1666666666666666,0.1666666666666666
152,152.0,0.1666666666666666,0.1666666666666666,0.1666666666666666,0.1666666666666666,0.1666666666666666,0.1666666666666666
153,153.0,0.1666666666666666,0.1666666666666666,0.1666666666666666,0.1666666666666666,0.1666666666666666,0.1666666666666666
154,154.0,0.1666666666666666,0.1666666666666666,0.1666666666666666,0.1666666666666666,0.1666666666666666,0.1666666666666666
155,155.0,0.1666666666666666,0.1666666666666666,0.1666666666666666,0.1666666666666666,0.1666666666666666,0.1666666666666666
156,156.0,0.1666666666666666,0.1666666666666666,0.1666666666666666,0.1666666666666666,0.1666666666666666,0.1666666666666666
157,157.0,0.1666666666666666,0.1666666666666666,0.1666666666666666,0.1666666666666666,0.1666666666666666,0.1666666666666666
158,158.0,0.1666666666666666,0.1666666666666666,0.1666666666666666,0.1666666666666666,0.1666666666666666,0.1666666666666666
159,159.0,0.1666666666666666,0.1666666666666666,0.1666666666666666,0.1666666666666666,0.1666666666666666,0.1666666666666666
160,160.0,0.1666666666666666,0.1666666666666666,0.1666666666666666,0.1666666666666666,0.1666666666666666,0.1666666666666666
161,161.0,0.1666666666666666,0.1666666666666666,0.1666666666666666,0.1666666666666666,0.1666666666666666,0.1666666666666666
162,162.0,0.1666666666666666,0.1666666666666666,0.1666666666666666,0.1666666666666666,0.1666666666666666,0.1666666666666666
163,163.0,0.1666666666666666,0.1666666666666666,0.1666666666666666,0.1666666666666666,0.1666666666666666,0.1666666666666666
164,164.0,0.1666666666666666,0.1666666666666666,0.1666666666666666,0.1666666666666666,0.1666666666666666,0.1666666666666666
165,165.0,0.1666666666666666,0.1666666666666666,0.1666666666666666,0.1666666666666666,0.1666666666666666,0.1666666666666666
166,166.0,0.1666666666666666,0.1666666666666666,0.1666666666666666,0.1666666666666666,0.1666666666666666,0.1666666666666666
167,167.0,0.1666666666666666,0.1666666666666666,0.1666666666666666,0.1666666666666666,0.1666666666666666,0.1666666666666666
168,168.0,0.1666666666666666,0.1666666666666666,0.1666666666666666,0.1666666666666666,0.1666666666666666,0.1666666666666666
169,169.0,0.1666666666666666,0.1666666666666666,0.1666666666666666,0.1666666666666666,0.1666666666666666,0.1666666666666666
170,170.0,0.1666666666666666,0.1666666666666666,0.1666666666666666,0.1666666666666666,0.1666666666666666,0.1666666666666666
171,171.0,0.1666666666666666,0.1666666666666666,0.1666666666666666,0.1666666666666666,0.1666666666666666,0.1666666666666666
172,172.0,0.1666666666666666,0.1666666666666666,0.1666666666666666,0.1666666666666666,0.1666666666666666,0.1666666666666666
173,173.0,0.1666666666666666,0.1666666666666666,0.1666666666666666,0.1666666666666666,0.1666666666666666,0.1666666666666666
174,174.0,0.1666666666666666,0.1666666666666666,0.1666666666666666,0.1666666666666666,0.1666666666666666,0.1666666666666666
175,175.0,0.1666666666666666,0.1666666666666666,0.1666666666666666,0.1666666666666666,0.1666666666666666,0.1666666666666666
176,176.0,0.1666666666666666,0.1666666666666666,0.1666666666666666,0.1666666666666666,0.1666666666666666,0.1666666666666666
177,177.0,0.1666666666666666,0.1666666666666666,0.1666666666666666,0.1666666666666666,0.1666666666666666,0.1666666666666666
178,178.0,0.1666666666666666,0.1666666666666666,0.1666666666666666,0.1666666666666666,0.1666666666666666,0.1666666666666666
179,179.0,0.1666666666666666,0.1666666666666666,0.1666666666666666,0.1666666666666666,0.1666666666666666,0.1666666666666666
180,180.0,0.1666666666666666,0.1666666666666666,0.1666666666666666,0.1666666666666666,0.1666666666666666,0.1666666666666666
181,181.0,0.1666666666666666,0.1666666666666666,0.1666666666666666,0.1666666666666666,0.1666666666666666,0.1666666666666666
182,182.0,0.1666666666666666,0.1666666666666666,0.1666666666666666,0.1666666666666666,0.1666666666666666,0.1666666666666666
183,183.0,0.1666666666666666,0.1666666666666666,0.1666666666666666,0.1666666666666666,0.1666666666666666,0.1666666666666666
184,184.0,0.1666666666666666,0.1666666666666666,0.1666666666666666,0.1666666666666666,0.1666666666666666,0.1666666666666666
185,185.0,0.1666666666666666,0.1666666666666666,0.1666666666666666,0.1666666666666666,0.1666666666666666,0.1666666666666666
186,186.0,0.1666666666666666,0.1666666666666666,0.1666666666666666,0.1666666666666666,0.1666666666666666,0.1666666666666666
187,187.0,0.1666666666666666,0.1666666666666666,0.1666666666666666,0.1666666666666666,0.1666666666666666,0.1666666666666666
188,188.0,0.1666666666666666,0.1666666666666666,0.1666666666666666,0.1666666666666666,0.1666666666666666,0.1666666666666666
189,189.0,0.1666666666666666,0.1666666666666666,0.1666666666666666,0.1666666666666666,0.1666666666666666,0.1666666666666666
190,190.0,0.1666666666666666,0.1666666666666666,0.1666666666666666,0.1666666666666666,0.1666666666666666,0.1666666666666666
191,191.0,0.1666666666666666,0.1666666666666666,0.1666666666666666,0.1666666666666666,0.1666666666666666,0.1666666666666666
192,192.0,0.1666666666666666,0.1666666666666666,0.1666666666666666,0.1666666666666666,0.1666666666666666,0.1666666666666666
193,193.0,0.1666666666666666,0.1666666666666666,0.1666666666666666,0.1666666666666666,0.1666666666666666,0.1666666666666666
194,194.0,0.1666666666666666,0.1666666666666666,0.1666666666666666,0.1666666666666666,0.1666666666666666,0.1666666666666666
195,195.0,0.1666666666666666,0.1666666666666666,0.1666666666666666,0.1666666666666666,0.1666666666666666,0.1666666666666666
196,196.0,0.1666666666666666,0.1666666666666666,0.1666666666666666,0.1666666666666666,0.1666666666666666,0.1666666666666666
197,197.0,0.1666666666666666,0.1666666666666666,0.1666666666666666,0.1666666666666666,0.1666666666666666,0.1666666666666666
198,198.0,0.1666666666666666,0.1666666666666666,0.1666666666666666,0.1666666666666666,0.1666666666666666,0.1666666666666666
199,199.0,0.1664285714285714,0.1664285714285714,0.1664285714285714,0.1664285714285714,0.1678571428571428,0.1664285714285714
200,200.0,0.1661928571428572,0.1661928571428572,0.1661928571428572,0.1661928571428572,0.1690357142857143,0.1661928571428572
201,201.0,0.1659616428571429,0.1659616428571429,0.1659616428571429,0.1659616428571429,0.1701917857142857,0.1659616428571429
202,202.0,0.1670081730536293,0.165482514246417,0.165482514246417,0.165482514246417,0.1710617699607028,0.165482514246417
203,203.0,0.1680499638767222,0.1650139028503699,0.1650139028503699,0.1650139028503699,0.1718944247217985,0.1650139028503699
204,204.0,0.1688389761174349,0.1643213478233988,0.1643213478233988,0.1643213478233988,0.1724470611603988,0.1657499192519702
205,205.0,0.1696068832258839,0.1636484547931515,0.165077026221723,0.1636484547931515,0.1715278690300816,0.1664913119360087
206,206.0,0.1703481166442111,0.1629999864902583,0.1658428436331154,0.1629999864902583,0.170578937394756,0.1672301293474012
207,207.0,0.1710579314072455,0.1623799851250125,0.1666101279821554,0.1623799851250125,0.1696127295212762,0.1679592408392983
208,208.0,0.1717323712328859,0.1617918040173019,0.1673710597315877,0.1617918040173019,0.1686406351121923,0.1686723258887306
209,209.0,0.1723682292166155,0.1612381429524501,0.1681186648238788,0.1612381429524501,0.1676729637651557,0.1693638562894502
210,210.0,0.1729630049627879,0.1607210865368197,0.1688467998738199,0.1607210865368197,0.1667189498874318,0.1700290722023213
211,211.0,0.1732767636996019,0.1600040496315497,0.1693120352970513,0.1600040496315497,0.166977244061343,0.1704258576789047
212,212.0,0.1735487552549109,0.1593284863689424,0.1697502944162974,0.1593284863689424,0.1672526039685581,0.1707913736223491
213,213.0,0.1737804364313123,0.1586970050173577,0.1701598922707643,0.1586970050173577,0.1675405694366744,0.1711250918265339
214,214.0,0.1737949500263615,0.1579329407706376,0.1703610275798138,0.159361512199209,0.1687298573977778,0.1698197120262004
215,215.0,0.1737745819479575,0.1572179068464772,0.1705332495306114,0.1600607639893344,0.1699148712943872,0.1684986263912323
216,216.0,0.1737230240442296,0.1565541505518622,0.1706777272394744,0.1607842934090051,0.1710841883939858,0.1671766163614428
217,217.0,0.1722153394481761,0.1559431816867842,0.172224361782079,0.1615224374010699,0.1722276852052789,0.1658669944766119
218,218.0,0.1717693605321329,0.1552072597683687,0.1733746139867679,0.1620877816397974,0.1731579373604125,0.1644030467125206
219,219.0,0.1725095669934499,0.1542888583687529,0.174239952898619,0.1624145717057529,0.1738095858510703,0.162737464182355
220,220.0,0.1732385096583493,0.1534296951643385,0.1750545021720834,0.1627376808298399,0.174418260273079,0.1611213519023098
221,221.0,0.173950025479824,0.1526324379676496,0.1758151952782651,0.1630542460150044,0.1749821712890835,0.1595659239701734
222,222.0,0.1743609642062237,0.1517599798609916,0.1773531442361638,0.1632228671143981,0.1753612672406352,0.1579417773415874
223,223.0,0.1747472741597922,0.150953565516428,0.178825243971029,0.1633816523256041,0.175695238674664,0.1563970253524828
224,224.0,0.173456761467483,0.1501035435900839,0.1823185965030533,0.163418886274218,0.1758741472174706,0.1548280649476911
225,225.0,0.1719739096247033,0.1492318659684917,0.1862558832869409,0.1633554426561038,0.1759208009818402,0.1532620974819201
226,226.0,0.1709996641818109,0.1481769041748813,0.1905764982028268,0.1630295128416046,0.175675448085462,0.1515419725134144
227,227.0,0.1697087882941275,0.1469934408952953,0.1958794023438522,0.1624965093994086,0.1751956473742791,0.1497262116930373
228,228.0,0.1695153592595143,0.1457102817902479,0.2006273487351041,0.1603580191772569,0.1745137625160047,0.149275228521872
229,229.0,0.1697856204070644,0.144344886152994,0.205375667484961,0.1580763481607389,0.1736514788935889,0.1487659989006529
230,230.0,0.1697946093311949,0.1429300540040491,0.210709039302265,0.1556995535503789,0.1726463816305923,0.1482203621815198
231,231.0,0.1698216101182535,0.1416095526407471,0.2157636771101503,0.1533855909763399,0.1716474783883783,0.1477720907661308
232,232.0,0.1693486785582036,0.1400101698711726,0.221112146026718,0.1507743327337463,0.1702871546703067,0.1484675181398528
233,233.0,0.1686726006934201,0.1384039622668231,0.2258025306328865,0.1481497955750539,0.1698433303643186,0.1491277804674977
234,234.0,0.1677661229286952,0.1379033453828907,0.2303539519638506,0.1453852237591305,0.1691744647679365,0.1494168911974964
235,235.0,0.16801661976194,0.1372044646178714,0.2346370149110439,0.1424489647715569,0.1682364489678619,0.149456486969726
236,236.0,0.1691300645892009,0.1363725967059854,0.2386577027053494,0.1408545828864066,0.1671040396809263,0.1478810134321313
237,237.0,0.1700763358551114,0.1354609524476318,0.2421369360940031,0.1390511419045967,0.1658395937552786,0.1474350399433784
238,238.0,0.1708845135999728,0.1345084513168662,0.2451158935805089,0.138232344050373,0.1644907847108719,0.1467680127414071
239,239.0,0.1715464365095525,0.1344870373455709,0.2476009242913278,0.1374190241006303,0.1630656480611373,0.1458809296917812
240,240.0,0.1719728886160607,0.1351093715130673,0.249519348374698,0.1362993230199734,0.1614888457108826,0.145610222765318
241,241.0,0.172411291006878,0.1358329941919398,0.2495891617330501,0.1360704871877117,0.160019450781801,0.1460766150986195
242,242.0,0.172754982378583,0.1375394580531798,0.2492863021970773,0.1356628180044277,0.1593936675633171,0.1453627718034151
243,243.0,0.1729263506028688,0.1394396213595247,0.2492850740895981,0.1354226449924651,0.1590095997361424,0.143916709219401
244,244.0,0.1731660254789139,0.1413338528980489,0.2490315249202052,0.1352712251311395,0.1586856568040661,0.1425117147676264
245,245.0,0.1733851603318636,0.143220936788828,0.2485665241904794,0.1352173227239334,0.1584361989655779,0.1411738569993179
246,246.0,0.1735836178154979,0.1440827169577286,0.2489158670637512,0.1352517250495067,0.1582562722897038,0.1399098008238119
247,247.0,0.1730948144252453,0.1457464393085829,0.2497612924176548,0.1345319242779926,0.1581407229269411,0.1387248066435834
248,248.0,0.1730923642823972,0.1473236057330203,0.2501114044172547,0.1338488720601482,0.1580426019729396,0.1375811515342401
249,249.0,0.1734279239433206,0.1493532899990104,0.2498362974491081,0.1331155502659936,0.1578709739995719,0.1363959643429955
250,250.0,0.1740099399207499,0.1519839883401063,0.2485166336656487,0.1326007881738939,0.1568913750913007,0.1359972748083005
251,251.0,0.1744269882345622,0.1544953734549196,0.2468578050115981,0.1321312312513705,0.1559377521475051,0.1361508499000445
252,252.0,0.1750653983577736,0.157309669513495,0.2449087213642241,0.1323091279159223,0.15545245049974,0.134954632348845
253,253.0,0.1756027106142727,0.1599245030669313,0.2424542626956965,0.1324740144482568,0.1557828849742739,0.1337616242005689
254,254.0,0.1761118434863476,0.1624018538483897,0.2399786020039068,0.1326937248144542,0.1561623594323135,0.1326516164145883
255,255.0,0.1761811668585737,0.1647599363933353,0.237742534226754,0.1329898192935482,0.1566114148970096,0.1317151283307792
256,256.0,0.1761043291975745,0.1686977749106482,0.2353137248198101,0.1318401545179141,0.1552939273883742,0.1327500891656789
257,257.0,0.1765817077682752,0.1722952881451911,0.2312973522017399,0.1304215101314881,0.1540153826444836,0.1353887591088221
258,258.0,0.177786210754113,0.175376562580767,0.2270477913450283,0.1298530198291051,0.1524697918332641,0.1374666236577224
259,259.0,0.1783787516793867,0.1777935781840856,0.2241741467253967,0.1292653098153414,0.1509092721795176,0.139478941416272
260,260.0,0.1788375450638438,0.1799738720676207,0.2212214592692296,0.1287105514558449,0.1493714845345971,0.141885087608864
261,261.0,0.177942989449333,0.1835753574205594,0.218291812149394,0.1281483231761099,0.1478482881528237,0.14419322965178
262,262.0,0.1769109464884775,0.1868376352851669,0.2154164713077289,0.1284204643364276,0.1463000370682815,0.1461144455139175
263,263.0,0.1763654853455203,0.1868620036316303,0.2142187595248337,0.1302408165811897,0.144094719262093,0.1482182156547329
264,264.0,0.1766467357834345,0.1865331208394105,0.2129151132348826,0.1319474663906151,0.1418562056955958,0.1501013580560614
265,265.0,0.1769192141397537,0.186014600850298,0.2117791623514809,0.1336597175101433,0.1397352010804857,0.1518921040678384
266,266.0,0.1771810728390743,0.1853305925838732,0.2108054968428074,0.1353598872975688,0.137741164567775,0.1535817858689012
267,267.0,0.1776513066385491,0.1837314947828045,0.2102858704405112,0.1387838690978092,0.1356394850757596,0.1539079739645664
268,268.0,0.1777355961381066,0.1822931964198663,0.2108023585125207,0.1416553893562933,0.1335155514414549,0.1539979081317581
269,269.0,0.1777751859482948,0.180917381957374,0.2115338367845137,0.1445936094334189,0.1324631027489427,0.1527168831274558
270,270.0,0.1778009358542346,0.1794776325784793,0.2123711343109147,0.147428548575122,0.1315551578481116,0.1513665908331376
271,271.0,0.1778139723472913,0.1779947392686115,0.213295296191019,0.1501421854835277,0.1307863458088019,0.1499674609007484
272,272.0,0.1779330834626463,0.1764878453539665,0.2142883943706552,0.1527195140128819,0.1301504414652545,0.1484207213345955
273,273.0,0.1767905882739749,0.1749744198341686,0.2153336042380738,0.155148391715796,0.1296405130913287,0.148112482846658
274,274.0,0.1756490723635666,0.1734702501249308,0.2164152625258222,0.157419374897885,0.1292490623738015,0.1477969777139938
275,275.0,0.1737658847087309,0.1732791348819723,0.2164474792375616,0.1597041146079819,0.1291467274827799,0.1476566590809736
276,276.0,0.1721804529318873,0.173200251239666,0.2149813049352038,0.1619069592247564,0.1294127630416662,0.1483182686268203
277,277.0,0.170832589529239,0.1717791713678763,0.2139369222813642,0.1643233230581262,0.1299614054161146,0.1491665883472798
278,278.0,0.1693659599147511,0.17033420960636,0.2131141560562333,0.16661729944709,0.1306395369144525,0.1499288380611132
279,279.0,0.1679387261653175,0.1689132836047499,0.2124335263076441,0.1687033848623028,0.1313579678358324,0.1506531112241534
280,280.0,0.1663429612331502,0.1673086168856733,0.2115609321517115,0.1703619253855892,0.1318845794047171,0.1525409849391588
281,281.0,0.1648257616001299,0.1657689159023533,0.210738581685015,0.1718333758151947,0.1324475731549528,0.1543857918423543
282,282.0,0.1634853518235812,0.1636667174546839,0.2101514922251159,0.1733035488380097,0.1331285900218113,0.156264299636798
283,283.0,0.1622356388338043,0.1616520205463039,0.2096183722022973,0.1745942341008486,0.1338271993431434,0.1580725349736025
284,284.0,0.1608105695625392,0.1592849232910696,0.2087787662626897,0.1762591748257819,0.134265175260808,0.1606013907971116
285,285.0,0.1605198163335334,0.1566643439112258,0.209650110110759,0.1773843032743581,0.1344920873588811,0.1612893390112424
286,286.0,0.1602099257819217,0.1540602707564664,0.2103417367433984,0.1782307837331614,0.134608843605412,0.16254843937964
287,287.0,0.1598950014545719,0.1515061848449214,0.2108828834340061,0.1788271071056721,0.1355434738412713,0.1633453493195571
288,288.0,0.1594047757533917,0.1500972388006441,0.2112094916339364,0.1790169363560536,0.1362267414138205,0.1640448160421537
289,289.0,0.1599009365425488,0.1488394950206535,0.211553347405879,0.179070509527318,0.1359854243880593,0.1646502871155415
290,290.0,0.161021568709242,0.1476546531405632,0.2117577722833982,0.179047110139419,0.1356568186365006,0.1648620770908771
291,291.0,0.1621685684427564,0.1465948831221472,0.2119489893665044,0.1790115377134633,0.1353034894058053,0.1649725319493235
292,292.0,0.1633463420657719,0.1456767885561189,0.2113129093697929,0.1788767669818946,0.1349473106876487,0.165839882338773
293,293.0,0.1645400344531081,0.1448953828429001,0.2106886228012126,0.17865406548259,0.1345921292179585,0.1666297652022309
294,294.0,0.1658786381091908,0.1441434300200487,0.2101032325606562,0.1783779619761376,0.1342590285882011,0.1672377087457658
295,295.0,0.1681615921041599,0.1437833608399171,0.2086596852442458,0.17829760551327,0.1327727747247528,0.1683249815736546
296,296.0,0.170411604997127,0.1435396354869675,0.2072494960434776,0.1781582398990539,0.1313079852696433,0.1693330383037309
297,297.0,0.1719983596582514,0.1446808346097892,0.2060500977054616,0.1781338263714332,0.1300438283432565,0.1690930533118083
298,298.0,0.1729768598186517,0.1457252355877585,0.2046296778545757,0.179699477493388,0.1286410640801658,0.1683276851654606
299,299.0,0.1738890550177053,0.1468357105892173,0.2032699973860701,0.181207803016014,0.1272912172203087,0.1675062167706846
300,300.0,0.1747324537995565,0.1479945474618021,0.201978579166392,0.1826494522440178,0.1260024944919607,0.166642472836271
301,301.0,0.1755055018181069,0.1491853216496745,0.2007615111528553,0.1840166763145816,0.1247816707092541,0.1657493183555277
302,302.0,0.1762075036695012,0.150392931679427,0.1996235290049812,0.1853032455027437,0.1236341642154519,0.164838625927895
303,303.0,0.1768385439519409,0.151603617866574,0.1985681039576823,0.1865043596048628,0.1225641183466018,0.1639212562723382
304,304.0,0.1764903175104062,0.1528049657335047,0.1975975345513741,0.1876165529885219,0.121574487498897,0.1639161417172962
305,305.0,0.1760824150998917,0.1539858956335713,0.1967130409160204,0.1886375957917304,0.1206671264787,0.1639139260800862
306,306.0,0.1763067015232189,0.155060882488702,0.1958391028351219,0.1894148774929862,0.1197671243377045,0.1636113113222666
307,307.0,0.176291770976826,0.1568030807581492,0.1949874833881213,0.1899731598936304,0.1188868244634794,0.1630576805197938
308,308.0,0.1745636868279599,0.1588040554742024,0.1935639553237357,0.1930779641136389,0.1183233379025075,0.1616670003579557
309,309.0,0.1737872436030182,0.1605997391692237,0.1920934393965084,0.1956564858035257,0.1177024019301315,0.1601606900975926
310,310.0,0.1727778194196358,0.1622065929972549,0.1906092284408847,0.1987772346660707,0.1170498597361047,0.1585792647400493
311,311.0,0.171483126051329,0.163657619362219,0.1892875500026942,0.2014171097273322,0.1171832254014742,0.1569713694549514
312,312.0,0.1700502347065035,0.1649409640110617,0.1879955956987276,0.2044320063383744,0.1172340140988839,0.1553471851464489
313,313.0,0.1698341339230993,0.1655335053918503,0.1869305420958316,0.2076341435079789,0.117465386893567,0.152602288187673
314,314.0,0.1693874668249694,0.1659700101391941,0.1866783350079135,0.2104590395448572,0.1176857262266037,0.1498194222564622
315,315.0,0.1687487457255568,0.1662644641217114,0.1864157063598492,0.2129244113601548,0.1178966793035756,0.1477499931291522
316,316.0,0.1681413654337861,0.1664775784255102,0.1862452256930349,0.2151899093062285,0.1181465257687701,0.1457993953726701
317,317.0,0.1675682656718107,0.1666153558754244,0.1861593830160139,0.2172528657905401,0.118428877818713,0.1439752518274979
318,318.0,0.1668412731937947,0.1666363333347242,0.1867220015280057,0.2189700482515653,0.1186900423268108,0.1421403013650992
319,319.0,0.1660350425691704,0.1665970311531915,0.1871423515507842,0.2205479937495752,0.1188328761226222,0.1408447048546566
320,320.0,0.1652730497973872,0.1665018966325141,0.1876158309269701,0.2219303424773082,0.1189933406195796,0.1396855395462408
321,321.0,0.163933491020879,0.1663574643518134,0.1886258129800925,0.2231228306245146,0.1191680681025988,0.1387923329201017
322,322.0,0.1625158008652601,0.1661111290765386,0.1900834305176685,0.2239931753526571,0.1194316110647467,0.1378648531231291
323,323.0,0.1611627651763588,0.165828625858924,0.1915522781570775,0.2246902971699667,0.119702499068636,0.1370635345690372
