,Unnamed: 0,Total_iterations,Intertwine_two,Invert_path_vertices,Insert_inside_vertex,Delete_inside_vertex,Replace_inside_vertex,Donate_between_routes,Trim_one_terminal_cb,Grow_one_terminal_cb
0,0.0,0.0,0.125,0.125,0.125,0.125,0.125,0.125,0.125,0.125
1,1.0,1.0,0.125,0.125,0.125,0.125,0.125,0.125,0.125,0.125
2,2.0,2.0,0.125,0.125,0.125,0.125,0.125,0.125,0.125,0.125
3,3.0,3.0,0.125,0.125,0.125,0.125,0.125,0.125,0.125,0.125
4,4.0,4.0,0.125,0.125,0.125,0.125,0.125,0.125,0.125,0.125
5,5.0,5.0,0.125,0.125,0.125,0.125,0.125,0.125,0.125,0.125
6,6.0,6.0,0.125,0.125,0.125,0.125,0.125,0.125,0.125,0.125
7,7.0,7.0,0.125,0.125,0.125,0.125,0.125,0.125,0.125,0.125
8,8.0,8.0,0.125,0.125,0.125,0.125,0.125,0.125,0.125,0.125
9,9.0,9.0,0.125,0.125,0.125,0.125,0.125,0.125,0.125,0.125
10,10.0,10.0,0.125,0.125,0.125,0.125,0.125,0.125,0.125,0.125
11,11.0,11.0,0.125,0.125,0.125,0.125,0.125,0.125,0.125,0.125
12,12.0,12.0,0.125,0.125,0.125,0.125,0.125,0.125,0.125,0.125
13,13.0,13.0,0.125,0.125,0.125,0.125,0.125,0.125,0.125,0.125
14,14.0,14.0,0.125,0.125,0.125,0.125,0.125,0.125,0.125,0.125
15,15.0,15.0,0.125,0.125,0.125,0.125,0.125,0.125,0.125,0.125
16,16.0,16.0,0.125,0.125,0.125,0.125,0.125,0.125,0.125,0.125
17,17.0,17.0,0.125,0.125,0.125,0.125,0.125,0.125,0.125,0.125
18,18.0,18.0,0.125,0.125,0.125,0.125,0.125,0.125,0.125,0.125
19,19.0,19.0,0.125,0.125,0.125,0.125,0.125,0.125,0.125,0.125
20,20.0,20.0,0.125,0.125,0.125,0.125,0.125,0.125,0.125,0.125
21,21.0,21.0,0.125,0.125,0.125,0.125,0.125,0.125,0.125,0.125
22,22.0,22.0,0.125,0.125,0.125,0.125,0.125,0.125,0.125,0.125
23,23.0,23.0,0.125,0.125,0.125,0.125,0.125,0.125,0.125,0.125
24,24.0,24.0,0.125,0.125,0.125,0.125,0.125,0.125,0.125,0.125
25,25.0,25.0,0.125,0.125,0.125,0.125,0.125,0.125,0.125,0.125
26,26.0,26.0,0.125,0.125,0.125,0.125,0.125,0.125,0.125,0.125
27,27.0,27.0,0.125,0.125,0.125,0.125,0.125,0.125,0.125,0.125
28,28.0,28.0,0.125,0.125,0.125,0.125,0.125,0.125,0.125,0.125
29,29.0,29.0,0.125,0.125,0.125,0.125,0.125,0.125,0.125,0.125
30,30.0,30.0,0.125,0.125,0.125,0.125,0.125,0.125,0.125,0.125
31,31.0,31.0,0.125,0.125,0.125,0.125,0.125,0.125,0.125,0.125
32,32.0,32.0,0.125,0.125,0.125,0.125,0.125,0.125,0.125,0.125
33,33.0,33.0,0.125,0.125,0.125,0.125,0.125,0.125,0.125,0.125
34,34.0,34.0,0.125,0.125,0.125,0.125,0.125,0.125,0.125,0.125
35,35.0,35.0,0.125,0.125,0.125,0.125,0.125,0.125,0.125,0.125
36,36.0,36.0,0.125,0.125,0.125,0.125,0.125,0.125,0.125,0.125
37,37.0,37.0,0.125,0.125,0.125,0.125,0.125,0.125,0.125,0.125
38,38.0,38.0,0.125,0.125,0.125,0.125,0.125,0.125,0.125,0.125
39,39.0,39.0,0.125,0.125,0.125,0.125,0.125,0.125,0.125,0.125
40,40.0,40.0,0.125,0.125,0.125,0.125,0.125,0.125,0.125,0.125
41,41.0,41.0,0.125,0.125,0.125,0.125,0.125,0.125,0.125,0.125
42,42.0,42.0,0.125,0.125,0.125,0.125,0.125,0.125,0.125,0.125
43,43.0,43.0,0.125,0.125,0.125,0.125,0.125,0.125,0.125,0.125
44,44.0,44.0,0.125,0.125,0.125,0.125,0.125,0.125,0.125,0.125
45,45.0,45.0,0.125,0.125,0.125,0.125,0.125,0.125,0.125,0.125
46,46.0,46.0,0.125,0.125,0.125,0.125,0.125,0.125,0.125,0.125
47,47.0,47.0,0.125,0.125,0.125,0.125,0.125,0.125,0.125,0.125
48,48.0,48.0,0.125,0.125,0.125,0.125,0.125,0.125,0.125,0.125
49,49.0,49.0,0.125,0.125,0.125,0.125,0.125,0.125,0.125,0.125
50,50.0,50.0,0.125,0.125,0.125,0.125,0.125,0.125,0.125,0.125
51,51.0,51.0,0.125,0.125,0.125,0.125,0.125,0.125,0.125,0.125
52,52.0,52.0,0.125,0.125,0.125,0.125,0.125,0.125,0.125,0.125
53,53.0,53.0,0.125,0.125,0.125,0.125,0.125,0.125,0.125,0.125
54,54.0,54.0,0.125,0.125,0.125,0.125,0.125,0.125,0.125,0.125
55,55.0,55.0,0.125,0.125,0.125,0.125,0.125,0.125,0.125,0.125
56,56.0,56.0,0.125,0.125,0.125,0.125,0.125,0.125,0.125,0.125
57,57.0,57.0,0.125,0.125,0.125,0.125,0.125,0.125,0.125,0.125
58,58.0,58.0,0.125,0.125,0.125,0.125,0.125,0.125,0.125,0.125
59,59.0,59.0,0.125,0.125,0.125,0.125,0.125,0.125,0.125,0.125
60,60.0,60.0,0.125,0.125,0.125,0.125,0.125,0.125,0.125,0.125
61,61.0,61.0,0.125,0.125,0.125,0.125,0.125,0.125,0.125,0.125
62,62.0,62.0,0.125,0.125,0.125,0.125,0.125,0.125,0.125,0.125
63,63.0,63.0,0.125,0.125,0.125,0.125,0.125,0.125,0.125,0.125
64,64.0,64.0,0.125,0.125,0.125,0.125,0.125,0.125,0.125,0.125
65,65.0,65.0,0.125,0.125,0.125,0.125,0.125,0.125,0.125,0.125
66,66.0,66.0,0.125,0.125,0.125,0.125,0.125,0.125,0.125,0.125
67,67.0,67.0,0.125,0.125,0.125,0.125,0.125,0.125,0.125,0.125
68,68.0,68.0,0.125,0.125,0.125,0.125,0.125,0.125,0.125,0.125
69,69.0,69.0,0.125,0.125,0.125,0.125,0.125,0.125,0.125,0.125
70,70.0,70.0,0.125,0.125,0.125,0.125,0.125,0.125,0.125,0.125
71,71.0,71.0,0.125,0.125,0.125,0.125,0.125,0.125,0.125,0.125
72,72.0,72.0,0.125,0.125,0.125,0.125,0.125,0.125,0.125,0.125
73,73.0,73.0,0.125,0.125,0.125,0.125,0.125,0.125,0.125,0.125
74,74.0,74.0,0.125,0.125,0.125,0.125,0.125,0.125,0.125,0.125
75,75.0,75.0,0.125,0.125,0.125,0.125,0.125,0.125,0.125,0.125
76,76.0,76.0,0.125,0.125,0.125,0.125,0.125,0.125,0.125,0.125
77,77.0,77.0,0.125,0.125,0.125,0.125,0.125,0.125,0.125,0.125
78,78.0,78.0,0.125,0.125,0.125,0.125,0.125,0.125,0.125,0.125
79,79.0,79.0,0.125,0.125,0.125,0.125,0.125,0.125,0.125,0.125
80,80.0,80.0,0.125,0.125,0.125,0.125,0.125,0.125,0.125,0.125
81,81.0,81.0,0.125,0.125,0.125,0.125,0.125,0.125,0.125,0.125
82,82.0,82.0,0.125,0.125,0.125,0.125,0.125,0.125,0.125,0.125
83,83.0,83.0,0.125,0.125,0.125,0.125,0.125,0.125,0.125,0.125
84,84.0,84.0,0.125,0.125,0.125,0.125,0.125,0.125,0.125,0.125
85,85.0,85.0,0.125,0.125,0.125,0.125,0.125,0.125,0.125,0.125
86,86.0,86.0,0.125,0.125,0.125,0.125,0.125,0.125,0.125,0.125
87,87.0,87.0,0.125,0.125,0.125,0.125,0.125,0.125,0.125,0.125
88,88.0,88.0,0.125,0.125,0.125,0.125,0.125,0.125,0.125,0.125
89,89.0,89.0,0.125,0.125,0.125,0.125,0.125,0.125,0.125,0.125
90,90.0,90.0,0.125,0.125,0.125,0.125,0.125,0.125,0.125,0.125
91,91.0,91.0,0.125,0.125,0.125,0.125,0.125,0.125,0.125,0.125
92,92.0,92.0,0.125,0.125,0.125,0.125,0.125,0.125,0.125,0.125
93,93.0,93.0,0.125,0.125,0.125,0.125,0.125,0.125,0.125,0.125
94,94.0,94.0,0.125,0.125,0.125,0.125,0.125,0.125,0.125,0.125
95,95.0,95.0,0.125,0.125,0.125,0.125,0.125,0.125,0.125,0.125
96,96.0,96.0,0.125,0.125,0.125,0.125,0.125,0.125,0.125,0.125
97,97.0,97.0,0.125,0.125,0.125,0.125,0.125,0.125,0.125,0.125
98,98.0,98.0,0.125,0.125,0.125,0.125,0.125,0.125,0.125,0.125
99,99.0,99.0,0.125,0.125,0.125,0.125,0.125,0.125,0.125,0.125
100,100.0,100.0,0.125,0.125,0.125,0.125,0.125,0.125,0.125,0.125
101,101.0,101.0,0.125,0.125,0.125,0.125,0.125,0.125,0.125,0.125
102,102.0,102.0,0.125,0.125,0.125,0.125,0.125,0.125,0.125,0.125
103,103.0,103.0,0.125,0.125,0.125,0.125,0.125,0.125,0.125,0.125
104,104.0,104.0,0.125,0.125,0.125,0.125,0.125,0.125,0.125,0.125
105,105.0,105.0,0.125,0.125,0.125,0.125,0.125,0.125,0.125,0.125
106,106.0,106.0,0.125,0.125,0.125,0.125,0.125,0.125,0.125,0.125
107,107.0,107.0,0.125,0.125,0.125,0.125,0.125,0.125,0.125,0.125
108,108.0,108.0,0.125,0.125,0.125,0.125,0.125,0.125,0.125,0.125
109,109.0,109.0,0.125,0.125,0.125,0.125,0.125,0.125,0.125,0.125
110,110.0,110.0,0.125,0.125,0.125,0.125,0.125,0.125,0.125,0.125
111,111.0,111.0,0.125,0.125,0.125,0.125,0.125,0.125,0.125,0.125
112,112.0,112.0,0.125,0.125,0.125,0.125,0.125,0.125,0.125,0.125
113,113.0,113.0,0.125,0.125,0.125,0.125,0.125,0.125,0.125,0.125
114,114.0,114.0,0.125,0.125,0.125,0.125,0.125,0.125,0.125,0.125
115,115.0,115.0,0.125,0.125,0.125,0.125,0.125,0.125,0.125,0.125
116,116.0,116.0,0.125,0.125,0.125,0.125,0.125,0.125,0.125,0.125
117,117.0,117.0,0.125,0.125,0.125,0.125,0.125,0.125,0.125,0.125
118,118.0,118.0,0.125,0.125,0.125,0.125,0.125,0.125,0.125,0.125
119,119.0,119.0,0.125,0.125,0.125,0.125,0.125,0.125,0.125,0.125
120,120.0,120.0,0.125,0.125,0.125,0.125,0.125,0.125,0.125,0.125
121,121.0,121.0,0.125,0.125,0.125,0.125,0.125,0.125,0.125,0.125
122,122.0,122.0,0.125,0.125,0.125,0.125,0.125,0.125,0.125,0.125
123,123.0,123.0,0.125,0.125,0.125,0.125,0.125,0.125,0.125,0.125
124,124.0,124.0,0.125,0.125,0.125,0.125,0.125,0.125,0.125,0.125
125,125.0,125.0,0.125,0.125,0.125,0.125,0.125,0.125,0.125,0.125
126,126.0,126.0,0.125,0.125,0.125,0.125,0.125,0.125,0.125,0.125
127,127.0,127.0,0.125,0.125,0.125,0.125,0.125,0.125,0.125,0.125
128,128.0,128.0,0.125,0.125,0.125,0.125,0.125,0.125,0.125,0.125
129,129.0,129.0,0.125,0.125,0.125,0.125,0.125,0.125,0.125,0.125
130,130.0,130.0,0.125,0.125,0.125,0.125,0.125,0.125,0.125,0.125
131,131.0,131.0,0.125,0.125,0.125,0.125,0.125,0.125,0.125,0.125
132,132.0,132.0,0.125,0.125,0.125,0.125,0.125,0.125,0.125,0.125
133,133.0,133.0,0.125,0.125,0.125,0.125,0.125,0.125,0.125,0.125
134,134.0,134.0,0.125,0.125,0.125,0.125,0.125,0.125,0.125,0.125
135,135.0,135.0,0.125,0.125,0.125,0.125,0.125,0.125,0.125,0.125
136,136.0,136.0,0.125,0.125,0.125,0.125,0.125,0.125,0.125,0.125
137,137.0,137.0,0.125,0.125,0.125,0.125,0.125,0.125,0.125,0.125
138,138.0,138.0,0.125,0.125,0.125,0.125,0.125,0.125,0.125,0.125
139,139.0,139.0,0.125,0.125,0.125,0.125,0.125,0.125,0.125,0.125
140,140.0,140.0,0.125,0.125,0.125,0.125,0.125,0.125,0.125,0.125
141,141.0,141.0,0.125,0.125,0.125,0.125,0.125,0.125,0.125,0.125
142,142.0,142.0,0.125,0.125,0.125,0.125,0.125,0.125,0.125,0.125
143,143.0,143.0,0.125,0.125,0.125,0.125,0.125,0.125,0.125,0.125
144,144.0,144.0,0.125,0.125,0.125,0.125,0.125,0.125,0.125,0.125
145,145.0,145.0,0.125,0.125,0.125,0.125,0.125,0.125,0.125,0.125
146,146.0,146.0,0.125,0.125,0.125,0.125,0.125,0.125,0.125,0.125
147,147.0,147.0,0.125,0.125,0.125,0.125,0.125,0.125,0.125,0.125
148,148.0,148.0,0.125,0.125,0.125,0.125,0.125,0.125,0.125,0.125
149,149.0,149.0,0.125,0.125,0.125,0.125,0.125,0.125,0.125,0.125
150,150.0,150.0,0.125,0.125,0.125,0.125,0.125,0.125,0.125,0.125
151,151.0,151.0,0.125,0.125,0.125,0.125,0.125,0.125,0.125,0.125
152,152.0,152.0,0.125,0.125,0.125,0.125,0.125,0.125,0.125,0.125
153,153.0,153.0,0.125,0.125,0.125,0.125,0.125,0.125,0.125,0.125
154,154.0,154.0,0.125,0.125,0.125,0.125,0.125,0.125,0.125,0.125
155,155.0,155.0,0.125,0.125,0.125,0.125,0.125,0.125,0.125,0.125
156,156.0,156.0,0.125,0.125,0.125,0.125,0.125,0.125,0.125,0.125
157,157.0,157.0,0.125,0.125,0.125,0.125,0.125,0.125,0.125,0.125
158,158.0,158.0,0.125,0.125,0.125,0.125,0.125,0.125,0.125,0.125
159,159.0,159.0,0.125,0.125,0.125,0.125,0.125,0.125,0.125,0.125
160,160.0,160.0,0.125,0.125,0.125,0.125,0.125,0.125,0.125,0.125
161,161.0,161.0,0.125,0.125,0.125,0.125,0.125,0.125,0.125,0.125
162,162.0,162.0,0.125,0.125,0.125,0.125,0.125,0.125,0.125,0.125
163,163.0,163.0,0.125,0.125,0.125,0.125,0.125,0.125,0.125,0.125
164,164.0,164.0,0.125,0.125,0.125,0.125,0.125,0.125,0.125,0.125
165,165.0,165.0,0.125,0.125,0.125,0.125,0.125,0.125,0.125,0.125
166,166.0,166.0,0.125,0.125,0.125,0.125,0.125,0.125,0.125,0.125
167,167.0,167.0,0.125,0.125,0.125,0.125,0.125,0.125,0.125,0.125
168,168.0,168.0,0.125,0.125,0.125,0.125,0.125,0.125,0.125,0.125
169,169.0,169.0,0.125,0.125,0.125,0.125,0.125,0.125,0.125,0.125
170,170.0,170.0,0.125,0.125,0.125,0.125,0.125,0.125,0.125,0.125
171,171.0,171.0,0.125,0.125,0.125,0.125,0.125,0.125,0.125,0.125
172,172.0,172.0,0.125,0.125,0.125,0.125,0.125,0.125,0.125,0.125
173,173.0,173.0,0.125,0.125,0.125,0.125,0.125,0.125,0.125,0.125
174,174.0,174.0,0.125,0.125,0.125,0.125,0.125,0.125,0.125,0.125
175,175.0,175.0,0.125,0.125,0.125,0.125,0.125,0.125,0.125,0.125
176,176.0,176.0,0.125,0.125,0.125,0.125,0.125,0.125,0.125,0.125
177,177.0,177.0,0.125,0.125,0.125,0.125,0.125,0.125,0.125,0.125
178,178.0,178.0,0.125,0.125,0.125,0.125,0.125,0.125,0.125,0.125
179,179.0,179.0,0.125,0.125,0.125,0.125,0.125,0.125,0.125,0.125
180,180.0,180.0,0.125,0.125,0.125,0.125,0.125,0.125,0.125,0.125
181,181.0,181.0,0.125,0.125,0.125,0.125,0.125,0.125,0.125,0.125
182,182.0,182.0,0.125,0.125,0.125,0.125,0.125,0.125,0.125,0.125
183,183.0,183.0,0.125,0.125,0.125,0.125,0.125,0.125,0.125,0.125
184,184.0,184.0,0.125,0.125,0.125,0.125,0.125,0.125,0.125,0.125
185,185.0,185.0,0.125,0.125,0.125,0.125,0.125,0.125,0.125,0.125
186,186.0,186.0,0.125,0.125,0.125,0.125,0.125,0.125,0.125,0.125
187,187.0,187.0,0.125,0.125,0.125,0.125,0.125,0.125,0.125,0.125
188,188.0,188.0,0.125,0.125,0.125,0.125,0.125,0.125,0.125,0.125
189,189.0,189.0,0.125,0.125,0.125,0.125,0.125,0.125,0.125,0.125
190,190.0,190.0,0.125,0.125,0.125,0.125,0.125,0.125,0.125,0.125
191,191.0,191.0,0.125,0.125,0.125,0.125,0.125,0.125,0.125,0.125
192,192.0,192.0,0.125,0.125,0.125,0.125,0.125,0.125,0.125,0.125
193,193.0,193.0,0.125,0.125,0.125,0.125,0.125,0.125,0.125,0.125
194,194.0,194.0,0.125,0.125,0.125,0.125,0.125,0.125,0.125,0.125
195,195.0,195.0,0.125,0.125,0.125,0.125,0.125,0.125,0.125,0.125
196,196.0,196.0,0.125,0.125,0.125,0.125,0.125,0.125,0.125,0.125
197,197.0,197.0,0.125,0.125,0.125,0.125,0.125,0.125,0.125,0.125
198,198.0,198.0,0.125,0.125,0.125,0.125,0.125,0.125,0.125,0.125
199,199.0,199.0,0.125,0.125,0.125,0.125,0.125,0.125,0.125,0.125
200,200.0,200.0,0.1165909090909091,0.1165909090909091,0.1165909090909091,0.13477272727272727,0.1165909090909091,0.1265909090909091,0.1456818181818182,0.1265909090909091
201,201.0,201.0,0.11583333333333332,0.11583333333333332,0.11583333333333332,0.1325,0.11583333333333332,0.1258333333333333,0.14416666666666664,0.13416666666666666
202,202.0,202.0,0.11492424242424241,0.11492424242424241,0.11492424242424241,0.14068181818181819,0.11492424242424241,0.12492424242424241,0.14234848484848484,0.13234848484848485
203,203.0,203.0,0.11186868686868685,0.11186868686868685,0.11186868686868685,0.15631313131313132,0.11186868686868685,0.13005050505050503,0.1376262626262626,0.1285353535353535
204,204.0,204.0,0.11944444444444444,0.11111111111111109,0.11944444444444442,0.15555555555555556,0.11111111111111109,0.12777777777777777,0.13611111111111107,0.11944444444444442
205,205.0,205.0,0.1175213675213675,0.10982905982905981,0.11816239316239315,0.15940170940170936,0.10982905982905981,0.1264957264957265,0.1412393162393162,0.1175213675213675
206,206.0,206.0,0.11494200244200244,0.10724969474969474,0.11494200244200244,0.1734279609279609,0.10724969474969474,0.12263431013431011,0.14516178266178265,0.11439255189255189
207,207.0,207.0,0.11225579975579973,0.1051129426129426,0.11280525030525028,0.15606532356532354,0.11511294261294261,0.12049755799755797,0.1597039072039072,0.11844627594627595
208,208.0,208.0,0.10984487734487733,0.10317821067821067,0.1103210678210678,0.15226911976911978,0.11226911976911975,0.12655483405483403,0.16905122655122656,0.116511544011544
209,209.0,209.0,0.1075,0.1008333333333333,0.10749999999999997,0.15749999999999997,0.10916666666666666,0.12249999999999998,0.1708333333333333,0.12416666666666665
210,210.0,210.0,0.10574055330634277,0.09949055330634277,0.11824055330634278,0.1607085020242915,0.1127699055330634,0.12073549257759783,0.16615721997300942,0.11615721997300943
211,211.0,211.0,0.10215102707749765,0.09626867413632119,0.11391573295985061,0.1849970821661998,0.10847105508870214,0.11621790382819794,0.16545985060690943,0.11251867413632119
212,212.0,212.0,0.10608028434741594,0.10019793140623945,0.11686459807290613,0.18541186577723873,0.10591385351391416,0.11448200929856475,0.16052472879186036,0.11052472879186037
213,213.0,213.0,0.10389891179839632,0.09834335624284077,0.1250100229095074,0.17881872852233677,0.10947594501718212,0.11221076746849938,0.16834335624284075,0.1038989117983963
214,214.0,214.0,0.10116018552638832,0.1070425384675648,0.1207774104067711,0.18600760646585865,0.10621907289034094,0.10910439413766788,0.1685286065790199,0.10116018552638831
215,215.0,215.0,0.09928633869898111,0.10457873635979982,0.11788282992705126,0.1852880267679508,0.10362799180080784,0.1066405920299029,0.1753389702779285,0.1073565141375776
216,216.0,216.0,0.10351775056197192,0.10327965532387666,0.11687614655194685,0.1832955455649433,0.10222030591943773,0.1106046688887166,0.1733799059504431,0.10682602123866365
217,217.0,217.0,0.10325459266723509,0.10775333953440298,0.11661298865721001,0.18171659819652225,0.10116767434049038,0.10981519520450608,0.17311674805570626,0.10656286334392681
218,218.0,218.0,0.10301649742913983,0.10703905382011727,0.11637489341911475,0.18504993152985555,0.10021529338810944,0.10910090949022036,0.172878652817611,0.10632476810583158
219,219.0,219.0,0.09753688931795278,0.10638970317076661,0.1207038977481191,0.18353478001470405,0.09934949252230856,0.10845155884086972,0.16792536049589762,0.11610831788938134
220,220.0,220.0,0.0959317400812246,0.10456810371758822,0.11835598250546701,0.18635660731021556,0.0979607935020306,0.1066299593876913,0.17638628553577004,0.11381052796001248
221,221.0,221.0,0.09569364484312935,0.10433000847949299,0.1176416967911813,0.18516613111973934,0.09772269826393534,0.10639186414959607,0.17948152363100814,0.11357243272191724
222,222.0,222.0,0.09480337569199064,0.10328257764945345,0.11635899398673936,0.18555762368514497,0.10082546506235432,0.10534443331955654,0.18138346227207722,0.11244406833268328
223,223.0,223.0,0.09442458781320276,0.10254147093008588,0.11957045643733225,0.18330136545062586,0.09972203950240702,0.10460332660018896,0.18377147281226167,0.11206528045389538
224,224.0,224.0,0.09384817147591686,0.10593409280096862,0.11843409280096864,0.1832288677257301,0.09934325162361915,0.10382928180440505,0.18472667702833545,0.11065556474005597
225,225.0,225.0,0.0931929499072356,0.10595145330859616,0.11726437847866418,0.1902337662337662,0.09472356215213355,0.10297186147186146,0.18547000618429188,0.11019202226345079
226,226.0,226.0,0.09258208458208456,0.105009768009768,0.11617915417915418,0.19299972249972247,0.09429997779997779,0.10217371517371517,0.18598734598734595,0.11076823176823174
227,227.0,227.0,0.09074305324305322,0.10287444037444034,0.11390137640137636,0.19415214415214413,0.09261479261479258,0.10018083768083766,0.1853391978391978,0.12019415769415764
228,228.0,228.0,0.09132540558856347,0.10247983011140904,0.11338459201617093,0.18573643315748578,0.09621609384767278,0.09990840153998047,0.19493463846095424,0.11601460527776312
229,229.0,229.0,0.08773719065098373,0.0985814779090641,0.10936308710446638,0.18401658941314117,0.09241810233189542,0.09613320204699513,0.2191815100608204,0.11256884048263356
230,230.0,230.0,0.08558754208754207,0.09713780663780662,0.09947113997113996,0.19469095719095714,0.09477272727272727,0.09480447330447331,0.23031721981721978,0.10321813371813371
231,231.0,231.0,0.08279984735324,0.09407133226432444,0.09629713871593737,0.20180473493877274,0.09166325980285932,0.09851960812639342,0.22540159821639238,0.1094424805820801
232,232.0,232.0,0.08153960563424581,0.09266160713349617,0.10147891482580387,0.19695235424245916,0.08998488299556515,0.09710988299556514,0.23209051330977867,0.10818223886308591
233,233.0,233.0,0.0791920697374777,0.09015084664965167,0.09889325935246043,0.2050871977118136,0.09058702819884107,0.09458922152162162,0.22840284757918763,0.11309752924894607
234,234.0,234.0,0.07682155789637762,0.08785787491550348,0.09596171050914686,0.20449796341669696,0.08838318302440766,0.09229624978747344,0.2380348626229674,0.11614659782742642
235,235.0,235.0,0.07572375644157818,0.08671494347236917,0.09425855497637674,0.20078305358008325,0.08755417025219002,0.0910383758156035,0.24876340656043622,0.11516373890136263
236,236.0,236.0,0.07481820767317719,0.08608295111844802,0.093566611249167,0.20729569675310033,0.08847082580855398,0.08350012488450617,0.24911827392050517,0.11714730859254181
237,237.0,237.0,0.07294580641668016,0.0873521614541032,0.10352843481484256,0.20948695921996885,0.08937437784525161,0.0876924046098803,0.23689365162666132,0.11272620401261176
238,238.0,238.0,0.06996674228260463,0.08399501874717123,0.10321844792246879,0.2214901880184673,0.08587330513021307,0.08437166502933449,0.2397003666766584,0.11138426619308188
239,239.0,239.0,0.06790801272969293,0.08178214243650353,0.10073648232530943,0.23938817867764,0.08392951810603702,0.08199050588378805,0.2371374253986609,0.10712773444236796
240,240.0,240.0,0.07487214007925672,0.07950939107338215,0.10124053748899457,0.24258485312905825,0.08191026324641217,0.07955895498686713,0.23532290729500618,0.10500095270102268
241,241.0,241.0,0.0730944000511233,0.07852905764468128,0.10019922845053761,0.24640165509839757,0.08099090542746738,0.07851764594841017,0.2382863189489174,0.10398078843046502
242,242.0,242.0,0.07295446098415827,0.07864079730156256,0.09691956276479405,0.2508588372094939,0.07825749128718859,0.07835625983255906,0.23984916061158207,0.10416343000866128
243,243.0,243.0,0.0726133099974047,0.0781183481254794,0.09644926948482775,0.2531011319313792,0.07746783245154766,0.07799349343431321,0.2407569161983015,0.1034996983767464
244,244.0,244.0,0.07247722020168493,0.07786467903997919,0.09629640685094046,0.2500297389821399,0.07691174401120873,0.07794143725203881,0.24321978223801768,0.10525899142399013
245,245.0,245.0,0.06381708948273068,0.07753788165435826,0.09596960946531953,0.2493761442108981,0.08491827995892114,0.0776146398664179,0.245834161322985,0.10493219403836922
246,246.0,246.0,0.0620863589129908,0.08285112018741102,0.09681378764695901,0.24415033630707156,0.0903181965198284,0.07337031330154989,0.2494062258533618,0.10100366127082716
247,247.0,247.0,0.06014287504757233,0.08695226623803151,0.09433546893070022,0.25575484045108543,0.08735088663058391,0.07119694954824878,0.2471112976531309,0.09715541550064677
248,248.0,248.0,0.059683167219443445,0.08640495200650675,0.09347069438171512,0.26106620444665996,0.0869623025577893,0.07057027023735893,0.24514670147800838,0.09669570767251788
249,249.0,249.0,0.05934113687741312,0.07919559979715454,0.08416879507981583,0.2592926776731332,0.08662027221575896,0.06995250961959833,0.25840866473997165,0.10302034399715423
250,250.0,250.0,0.06390729074343911,0.07774122226221433,0.08308277503279834,0.26340965582144127,0.07848801338337226,0.07326262483828132,0.2539108089441619,0.10619760897429131
251,251.0,251.0,0.06283604031912506,0.07625607131006658,0.08191901767046395,0.2653868393868193,0.07694057248286774,0.07196396152466725,0.25852624711514577,0.10617125019084414
252,252.0,252.0,0.062163297259171,0.08083523656217828,0.08122509851150625,0.26711701647502617,0.07633530580617956,0.07514770194017764,0.25389794163095136,0.10327840181480955
253,253.0,253.0,0.06119764268730432,0.08160967113504705,0.07704196805700561,0.2654164115959229,0.07530948479256748,0.08219185941460375,0.2545244876259914,0.10270847469155739
254,254.0,254.0,0.06044108296852198,0.08094050021793922,0.076055574506794,0.26779746574563645,0.07487705857827807,0.0838171323933519,0.25379513711221036,0.10227604847726798
255,255.0,255.0,0.06470101929660753,0.07892190462043401,0.07420217581982287,0.26188684817361285,0.07355080921257391,0.08402981141951729,0.26048015165662225,0.10222727980080919
256,256.0,256.0,0.07183740710194197,0.07691957493410981,0.07257461014437756,0.2624882207585696,0.07197845629822372,0.0820027236974911,0.25827610632261794,0.10392290074266816
257,257.0,257.0,0.07051090840554243,0.0774336832301947,0.07154059627112286,0.26601221277492454,0.07062956232644094,0.08059593220600828,0.25741147434787004,0.10586563043789603
258,258.0,258.0,0.06993321778919745,0.07202420664998826,0.07094352950332625,0.2714125823609929,0.06977557937498009,0.07968897845298312,0.2608834609964756,0.10533844487205608
259,259.0,259.0,0.07115684737810163,0.07103363940513041,0.07009596840690932,0.2751061982628468,0.06832417280629663,0.081783637173786,0.2581307066633437,0.10436882990358529
260,260.0,260.0,0.061548829135184925,0.07075129969889651,0.06528373957090558,0.2719467160454143,0.07086221914918542,0.07901088886556712,0.27665207984524787,0.10394422768959806
261,261.0,261.0,0.060347126153526234,0.06938679517978186,0.06881474991113465,0.26973869289882313,0.06967342485482492,0.07753830631130068,0.2787749906582942,0.1057259140323141
262,262.0,262.0,0.05905639159869184,0.06813816956941819,0.06768243482796918,0.2757435377145165,0.06577844801018926,0.08170472438249263,0.27932130908999614,0.10257498480672604
263,263.0,263.0,0.05798862117614897,0.06717042367418358,0.07133448319190165,0.2776511627523847,0.06510079331773287,0.08264632888508609,0.27828623249307954,0.09982195450948231
264,264.0,264.0,0.062028150646296173,0.06582183220568064,0.06985089138179862,0.2732347380104109,0.06388197329423648,0.08077319224477746,0.2837612698036427,0.10064795241315676
265,265.0,265.0,0.06020197369476941,0.0764403994920931,0.06823369488056037,0.27161727337093866,0.06682832201221985,0.07874651539338089,0.28333799773701185,0.09459382341902559
266,266.0,266.0,0.06246834526767013,0.0757007599190791,0.06746647437962539,0.27235738357532624,0.06595347588159482,0.07786416715436735,0.28417485692233874,0.09401453689999793
267,267.0,267.0,0.06139080648197054,0.07789180794790887,0.06571810403507457,0.2700617238976285,0.06507809343012706,0.0779147246187919,0.28870825060867134,0.09323648897982696
268,268.0,268.0,0.061174347482797,0.07763984625346393,0.06553575127816305,0.2730443601608491,0.061889686742024684,0.07769508041862427,0.2899762123757202,0.09304471528835759
269,269.0,269.0,0.060315254077946724,0.07672950473129225,0.0647539085546692,0.27464329780448654,0.061082116255381805,0.07969434553352132,0.2903646165043803,0.09241695653832156
270,270.0,270.0,0.06688115059879175,0.06876346976511429,0.06399829093620832,0.2746971182530439,0.06079728087400751,0.07896276637659891,0.29144405789632166,0.09445586529991337
271,271.0,271.0,0.066433763140515,0.06813304362742861,0.06356477949906712,0.2748482040093928,0.06057705615015303,0.07855256496276775,0.29151852940182765,0.09637205920884775
272,272.0,272.0,0.06610295280815759,0.06774742235842302,0.06329241452030411,0.2744799501266823,0.06291869172656703,0.07797094114533412,0.2915011893746895,0.09598643793984217
273,273.0,273.0,0.06583793395512866,0.06744811666287454,0.06305597146563187,0.2725610626151157,0.06263039278001864,0.07748316643309286,0.29524234192708,0.09574101416105744
274,274.0,274.0,0.06566654128060931,0.06726014823644935,0.06289532544357827,0.2708772306923097,0.06391675676627073,0.07714204033938041,0.29664501335049226,0.0955969438909097
275,275.0,275.0,0.062363934854818406,0.06738963296326547,0.05816619373561867,0.283061598626816,0.060522566831122206,0.07731927897566045,0.29645681828430775,0.09471997572839085
276,276.0,276.0,0.06588197712110752,0.06894381705251268,0.05757206641989247,0.28749985360854924,0.0618425037120689,0.0787274609448522,0.27412584436497484,0.10540647677604195
277,277.0,277.0,0.06543634062858221,0.06486505865815806,0.056997031246247665,0.2883491064486914,0.06121399907055673,0.07794336619727502,0.28016320241066034,0.10503189533982842
278,278.0,278.0,0.06477047409806028,0.06426293342672651,0.05633029199408505,0.2935068740327361,0.06050489516868822,0.07695449378207996,0.2791124912762844,0.10455754622133928
279,279.0,279.0,0.06422959544319846,0.06382225557352984,0.05591292416419842,0.2960007829091135,0.05988451556172164,0.07627509634183732,0.27971990988787737,0.10415492011852315
280,280.0,280.0,0.06372148713578656,0.06340726502486249,0.05552054781724976,0.2998061784343681,0.059303950600652536,0.0756351424076508,0.2788284756848791,0.10377695289455036
281,281.0,281.0,0.06330046991601611,0.06303045029200488,0.055080648148925423,0.3003834333655762,0.059001631927052066,0.07695923847394431,0.2787229196651465,0.10352120821133423
282,282.0,282.0,0.06289965166624203,0.06570004086937724,0.0546596159159088,0.30020042166495253,0.05871309968106305,0.07623449294158674,0.2783154611301064,0.10327721613076304
283,283.0,283.0,0.063029100181791,0.06594346794909996,0.05467864889016324,0.3000212617077448,0.0586931634397216,0.07188675564457789,0.28044768458723396,0.10529991759966724
284,284.0,284.0,0.059955890093214004,0.06584967419122345,0.054529561075335686,0.30131107220895953,0.05882107511684972,0.07154592434169896,0.28267196431633046,0.10531483865638791
285,285.0,285.0,0.057295811262000076,0.06352747962709265,0.05510062880290552,0.3066559864447283,0.057606230311083015,0.07087362364158085,0.2824201099903283,0.10652012992028101
286,286.0,286.0,0.057074567643368136,0.06318608943231029,0.054778264483313424,0.30543307297065614,0.05704381868632957,0.07044463312720704,0.2859366952434167,0.10610285841339848
287,287.0,287.0,0.056679066750145134,0.06558366542190068,0.0541832944627062,0.30633130295385197,0.05624858411132919,0.06976027340243024,0.2856546160173611,0.10555919688027529
288,288.0,288.0,0.05638524292690955,0.06508810433810432,0.053788460538460516,0.3047914267080934,0.055845980179313484,0.07288409946743277,0.2859176427509761,0.1052990430907097
289,289.0,289.0,0.053974207057929754,0.06388699668839853,0.05241148053219702,0.31292409347588473,0.052472253481988654,0.07259062174404848,0.28656640900721897,0.10517393801233361
290,290.0,290.0,0.05364656262217236,0.0632346191614484,0.051885334336553825,0.3141307373258592,0.051955319906539385,0.07361713756835706,0.28684957542274614,0.1046807136563234
291,291.0,291.0,0.053170141752483246,0.06244912059801616,0.05121960375999577,0.31649302512583677,0.05113792345804431,0.07245470705221593,0.2890266049986662,0.10404887325474133
292,292.0,292.0,0.05471425675521546,0.062075210696039884,0.05093449364342787,0.31744794894277556,0.05093609808633903,0.07186800624492529,0.2881248872709598,0.10389909836031683
293,293.0,293.0,0.05449226503889086,0.061741174161788114,0.0505560173578226,0.3182244451278638,0.05055419442423044,0.07126378584139102,0.28960063327731694,0.10356748477069588
294,294.0,294.0,0.0543709529058366,0.06157582168047282,0.05039088646065387,0.31973600602670366,0.04699382056358797,0.07279746136722877,0.29064072146630276,0.10349432952921322
295,295.0,295.0,0.05404508746566401,0.05834970254614117,0.05000520080961003,0.3249529946344531,0.046659184471790426,0.07198732319732881,0.29078558798541837,0.1032149188895938
296,296.0,296.0,0.05372592756463719,0.05800441934312898,0.04954073210524819,0.3256888486404615,0.0461886473015505,0.07117227768840667,0.29288923645375253,0.10278991090281409
297,297.0,297.0,0.0534974993158545,0.05775045483285498,0.049248332448710117,0.32280761579900275,0.045967325878229874,0.07054463131292069,0.2975714544813856,0.10261268593104111
298,298.0,298.0,0.0531803653905514,0.05728014699033299,0.05138665481394609,0.3231204990256714,0.045674606558794385,0.06979784617772364,0.2999925036404165,0.0995673774025634
299,299.0,299.0,0.05313893270154417,0.057214294276905754,0.05133301211272885,0.3224105271351034,0.04469084027987905,0.07072621386821874,0.30096023491206364,0.09952594471355619
300,300.0,300.0,0.05289057346736503,0.056820094668890486,0.05088858069347964,0.3198513621865745,0.04700291735659679,0.07006068967537123,0.3032351946243432,0.0992505873273789
301,301.0,301.0,0.05278663740357285,0.058957591558397984,0.05073197309084402,0.3183198202553041,0.046904381763252685,0.06989239436820079,0.3032605502968406,0.09914665126358671
302,302.0,302.0,0.04859326631635787,0.059104214961678225,0.04635404818610093,0.3212546216453446,0.046699487093351325,0.06957645700691399,0.30280072252549384,0.10561718226475895
303,303.0,303.0,0.0481854131723663,0.05815308419266892,0.04576943792449788,0.3200649612056769,0.048660015154443854,0.06878090211266322,0.30338751089384514,0.10699867534383742
304,304.0,304.0,0.0480264240584449,0.05763883192085277,0.0455081331945658,0.31270506605682125,0.048267758008270316,0.06852340534527437,0.3108442329270128,0.10848614848875755
305,305.0,305.0,0.04902061469191292,0.056854577221079394,0.04495493677563436,0.3179444122395923,0.04759128461346683,0.06766428516708681,0.3064187138566643,0.10955117543456276
306,306.0,306.0,0.04871195366731078,0.056545580786652186,0.04457280292101718,0.31479325412361125,0.047092948878663124,0.06698880310487451,0.3120481023159595,0.10924655420191132
307,307.0,307.0,0.04837599510505156,0.05607822779722389,0.04412627969706873,0.3154102422877866,0.04658726218425495,0.06627094616769094,0.3142354599338362,0.10891558682708677
308,308.0,308.0,0.04807734657040016,0.05565421354167708,0.04372196175182795,0.31396883073070725,0.04615093831123929,0.06708814329027842,0.31671579618804635,0.1086227696158232
309,309.0,309.0,0.047791065100651474,0.05524819754008814,0.043334588805387306,0.31701975398394244,0.04573440718305471,0.06635300882967818,0.3139536956138349,0.11056528294336247
310,310.0,310.0,0.047482714602279784,0.054804765674330846,0.042919127158257554,0.31977902630076543,0.045269080866906924,0.0656668749060053,0.3138625614169092,0.11021584907454471
311,311.0,311.0,0.04732327384361172,0.05462512289546077,0.04271733752271921,0.31755650533998464,0.04492853082433805,0.06537990918529088,0.31750541901073814,0.10996390137785628
312,312.0,312.0,0.046379290307379556,0.052343046611198527,0.04263370754671504,0.31821352673039394,0.04472236850673025,0.06526312390101492,0.32149714074545327,0.10894779565111427
313,313.0,313.0,0.04611463283167134,0.05207833089831058,0.04235469061026866,0.3201794694487392,0.04447679399707794,0.06558367730984359,0.32048355295819797,0.10872885194589044
314,314.0,314.0,0.04601397999370159,0.05226546816916392,0.04233061690333243,0.3199303997510269,0.04441100314561798,0.06531678089152923,0.3210509204587596,0.10868083068686811
315,315.0,315.0,0.04586733487281073,0.05194501197512389,0.042141151119307746,0.31931403850217177,0.045152311715124356,0.06505245971711518,0.3220016965405589,0.10852599555778719
316,316.0,316.0,0.045543829975168114,0.051169225534774196,0.04172164546457014,0.3217734324583611,0.04460474607323468,0.06449733468762779,0.3248595751969706,0.1058302106092931
317,317.0,317.0,0.04534082382472286,0.050540345866149305,0.04146713758135632,0.31893318865955844,0.044348930300543224,0.06417437134435441,0.3281208729000856,0.10707432952322955
318,318.0,318.0,0.04503386886586866,0.04998810272470368,0.04114676205486331,0.31725599211432104,0.04201324102284603,0.06362186237674178,0.3318974217356755,0.10904274910497964
319,319.0,319.0,0.044764988477147036,0.04945677472172831,0.040840621838494684,0.31587633518212943,0.04158355898303141,0.06318896890095729,0.3343474035473525,0.1099413483491591
320,320.0,320.0,0.044674877240935953,0.04934967401898647,0.04071474475990568,0.3193312629551329,0.04136073886954611,0.06299906210206106,0.33179683431303264,0.10977280574039897
321,321.0,321.0,0.044421649474879206,0.048914692522788905,0.04041884729108518,0.3194547629861489,0.04103800866801054,0.06577501693089931,0.33252591963588085,0.10745110249030695
322,322.0,322.0,0.04444947156353547,0.04872422114108009,0.040413483655895345,0.31478715824707726,0.043720310010455884,0.06582155019525479,0.33470597967604604,0.1073778255106548
323,323.0,323.0,0.04422686729877118,0.04851769385441809,0.04014271849300821,0.3166347042814413,0.043352414384518714,0.06531888444070691,0.3347076323124563,0.10709908493467894
324,324.0,324.0,0.044012158771271195,0.04831854338045083,0.039881438301265004,0.31434131099912394,0.04299931149269165,0.06483354997677485,0.33774118575115636,0.10787250132726593
325,325.0,325.0,0.04386660730442164,0.04815718913231178,0.0397062567429183,0.31583561665083376,0.04267548998890286,0.06453430515279406,0.3376057265964187,0.10761880843139866
326,326.0,326.0,0.04454968981547546,0.047947684634587734,0.03948817919789662,0.3174476441596255,0.04229234169774229,0.06288692390449069,0.3380566920794005,0.10733084451078108
327,327.0,327.0,0.04453927586179874,0.04864124407608579,0.04051843725822571,0.3131699874332563,0.04457773263375322,0.06281147605864344,0.3384732320372857,0.10726861464095086
328,328.0,328.0,0.04439131203112169,0.048501155926303656,0.040347921469562,0.3131892824241354,0.04443789750826294,0.06246231577612926,0.33951154016345547,0.10715857470102949
329,329.0,329.0,0.0442678635594842,0.04838523557639555,0.04019167313747947,0.30745780091717057,0.046035622875925705,0.062131305540468175,0.34444767607069326,0.1070828223223828
330,330.0,330.0,0.04411692218500549,0.04809697876850175,0.039979379229896375,0.30692060013766387,0.0459168632787444,0.06179702371224492,0.3462080613117573,0.10696417137618568
331,331.0,331.0,0.04411953978917656,0.04831497749505069,0.039971389410947945,0.301152658395205,0.04595089026651864,0.05854486758270444,0.34980626191284525,0.11213941514755126
332,332.0,332.0,0.043858864812329965,0.04989502930110552,0.03962280704004316,0.2978656465155065,0.045617668606209735,0.058120882957874855,0.3520884251403567,0.1129306756265734
333,333.0,333.0,0.04376896396330661,0.04944367735260051,0.03946640025934994,0.29745320570859135,0.04323335082885298,0.05797480057542557,0.35473706363670177,0.11392253767517098
334,334.0,334.0,0.043536385860939684,0.0488419928665766,0.039154473178433444,0.29726324486681166,0.04281690166225681,0.05759199678056233,0.35620939881746433,0.11458560596695493
335,335.0,335.0,0.044298898602181114,0.048449233680780183,0.03890736127771696,0.29813565243361656,0.04254769534543686,0.057171840783105776,0.3551877454781897,0.11530157239897254
336,336.0,336.0,0.044048253815568386,0.04788221393536159,0.038594874836377774,0.297561130964407,0.04225766477359884,0.05669170020859064,0.3570019135884828,0.11596224787761271
337,337.0,337.0,0.04384865043321341,0.05024722866876645,0.04070191684196155,0.2976061733061392,0.04202092384551205,0.05631061185554753,0.3553412742469581,0.11392322080190147
338,338.0,338.0,0.0463373345573168,0.04971499886067769,0.04048725095076575,0.2945506920689704,0.04193182004355872,0.05608959675800251,0.35710641364847934,0.11378189311222853
339,339.0,339.0,0.046094124035468496,0.049194291841518654,0.04018938404299172,0.2922441135425777,0.04172200887089924,0.055730679789178415,0.3603054158846332,0.11451998199273225
340,340.0,340.0,0.045859588980741856,0.04802520568855806,0.03999896040783706,0.2911563657246292,0.0414946177816806,0.05548053326821393,0.3628790059316942,0.11510572221664492
341,341.0,341.0,0.04562761234957408,0.04769205579935147,0.039802502038869356,0.29342371726748134,0.04126294301773744,0.05521938715772442,0.36375762914132487,0.11321415322793678
342,342.0,342.0,0.045421642095387155,0.04735553774594272,0.03962595330251331,0.2933424841014955,0.04093799426552927,0.05586581227801839,0.3625907633703304,0.11485981284078299
343,343.0,343.0,0.04517058392238195,0.046998619567827055,0.03934385762144754,0.29112543659771445,0.0406116764898856,0.05547384110905216,0.3658649618136997,0.11541102287799117
344,344.0,344.0,0.044997608103659305,0.04670297571945963,0.039175963517974824,0.2885852899156044,0.04043183780925091,0.0552641502448747,0.3687735628458541,0.11606861184332169
345,345.0,345.0,0.04485751424129488,0.046733415633496235,0.041009244041372774,0.2871104893337945,0.040212903778051645,0.054983417838145046,0.36822923038931576,0.1168637847445289
346,346.0,346.0,0.04571423679164471,0.04657845729479368,0.040810700819678206,0.2841226952067114,0.03996243563607643,0.05463458042193531,0.3692418927025034,0.11893500112665667
347,347.0,347.0,0.04543390487196195,0.047993988898211395,0.04053906005981867,0.2784450266364767,0.039715995126067195,0.05425320264922319,0.37220133571584224,0.12141748604239846
348,348.0,348.0,0.04520820327116344,0.049504578858502304,0.04119061408684051,0.2762788203271093,0.039372446175503194,0.053782890472032954,0.37360716527391336,0.12105528153493472
349,349.0,349.0,0.045076882261570125,0.047119611521421335,0.04097911493967304,0.27603438765983823,0.03913486601280951,0.05575578600971064,0.3750653003485889,0.12083405124638784
350,350.0,350.0,0.044837283832661515,0.04909041796049278,0.040726976097630437,0.2752813025262956,0.03887727822830199,0.05635601811904889,0.3758468705172423,0.11898385271832619
351,351.0,351.0,0.044687983263962235,0.04884225998951698,0.04060856964511479,0.27302497917821356,0.03870557676170686,0.057214702406865145,0.3760198000174149,0.12089612873720534
352,352.0,352.0,0.044531021048245516,0.04858189758959256,0.03950887178259165,0.2724592116884858,0.0385763083575505,0.057736245442361625,0.37718003205170886,0.12142641203946321
353,353.0,353.0,0.044398934432231404,0.04846819731199761,0.0393577489447869,0.2714630629656788,0.03838429592015081,0.05826453436240601,0.37843712846177985,0.12122609760096847
354,354.0,354.0,0.04416002488522845,0.04817784390741649,0.03915860654325785,0.2703598637264749,0.03815414744871108,0.05790681263986948,0.37911646860370385,0.12296623224533765
355,355.0,355.0,0.043876811603756886,0.049666691388593656,0.03883845781741524,0.2694118861756284,0.0378633710036678,0.05741417524993318,0.3817751475263841,0.12115345923462059
