,Unnamed: 0,Total_iterations,Intertwine_two,Invert_path_vertices,Insert_inside_vertex,Delete_inside_vertex,Replace_inside_vertex,Donate_between_routes,Trim_one_terminal_cb,Grow_one_terminal_cb
0,0.0,0.0,0.125,0.125,0.125,0.125,0.125,0.125,0.125,0.125
1,1.0,0.10900000000000001,0.125,0.125,0.125,0.125,0.125,0.125,0.125,0.125
2,2.0,0.31601,0.125,0.125,0.125,0.125,0.125,0.125,0.125,0.125
3,3.0,0.6191589000000001,0.125,0.125,0.125,0.125,0.125,0.125,0.125,0.125
4,4.0,1.015801321,0.125,0.125,0.125,0.125,0.125,0.125,0.125,0.125
5,5.0,1.50262148669,0.125,0.125,0.125,0.125,0.125,0.125,0.125,0.125
6,6.0,2.0757334209441005,0.125,0.125,0.125,0.125,0.125,0.125,0.125,0.125
7,7.0,2.7307768275633495,0.125,0.125,0.125,0.125,0.125,0.125,0.125,0.125
8,8.0,3.4630081252450404,0.125,0.125,0.125,0.125,0.125,0.125,0.125,0.125
9,9.0,4.2673862119061114,0.125,0.125,0.125,0.125,0.125,0.125,0.125,0.125
10,10.0,5.138652627782014,0.125,0.125,0.125,0.125,0.125,0.125,0.125,0.125
11,11.0,6.071405875792507,0.125,0.125,0.125,0.125,0.125,0.125,0.125,0.125
12,12.0,7.060169740244025,0.125,0.125,0.125,0.125,0.125,0.125,0.125,0.125
13,13.0,8.099455520847952,0.125,0.125,0.125,0.125,0.125,0.125,0.125,0.125
14,14.0,9.183818168183006,0.125,0.125,0.125,0.125,0.125,0.125,0.125,0.125
15,15.0,10.307906369102724,0.125,0.125,0.125,0.125,0.125,0.125,0.125,0.125
16,16.0,11.466506686239443,0.125,0.125,0.125,0.125,0.125,0.125,0.125,0.125
17,17.0,12.654581904800096,0.125,0.125,0.125,0.125,0.125,0.125,0.125,0.125
18,18.0,13.867303782456686,0.125,0.125,0.125,0.125,0.125,0.125,0.125,0.125
19,19.0,15.100080434523047,0.125,0.125,0.125,0.125,0.125,0.125,0.125,0.125
20,20.0,16.348578617037543,0.125,0.125,0.125,0.125,0.125,0.125,0.125,0.125
21,21.0,17.608741195130214,0.125,0.125,0.125,0.125,0.125,0.125,0.125,0.125
22,22.0,18.876800103462312,0.125,0.125,0.125,0.125,0.125,0.125,0.125,0.125
23,23.0,20.14928511992658,0.125,0.125,0.125,0.125,0.125,0.125,0.125,0.125
24,24.0,21.423028783545156,0.125,0.125,0.125,0.125,0.125,0.125,0.125,0.125
25,25.0,22.695167792966423,0.125,0.125,0.125,0.125,0.125,0.125,0.125,0.125
26,26.0,23.963141223515898,0.125,0.125,0.125,0.125,0.125,0.125,0.125,0.125
27,27.0,25.224685898775267,0.125,0.125,0.125,0.125,0.125,0.125,0.125,0.125
28,28.0,26.477829247520948,0.125,0.125,0.125,0.125,0.125,0.125,0.125,0.125
29,29.0,27.720879968916847,0.125,0.125,0.125,0.125,0.125,0.125,0.125,0.125
30,30.0,28.95241681848399,0.125,0.125,0.125,0.125,0.125,0.125,0.125,0.125
31,31.0,30.17127581490958,0.125,0.125,0.125,0.125,0.125,0.125,0.125,0.125
32,32.0,31.376536153543515,0.125,0.125,0.125,0.125,0.125,0.125,0.125,0.125
33,33.0,32.567505096778625,0.125,0.125,0.125,0.125,0.125,0.125,0.125,0.125
34,34.0,33.74370209472243,0.125,0.125,0.125,0.125,0.125,0.125,0.125,0.125
35,35.0,34.90484237192463,0.125,0.125,0.125,0.125,0.125,0.125,0.125,0.125
36,36.0,36.05082019768737,0.125,0.125,0.125,0.125,0.125,0.125,0.125,0.125
37,37.0,37.18169203889697,0.125,0.125,0.125,0.125,0.125,0.125,0.125,0.125
38,38.0,38.29765977559663,0.125,0.125,0.125,0.125,0.125,0.125,0.125,0.125
39,39.0,39.399054140870355,0.125,0.125,0.125,0.125,0.125,0.125,0.125,0.125
40,40.0,40.48631852820801,0.125,0.125,0.125,0.125,0.125,0.125,0.125,0.125
41,41.0,41.55999329152982,0.125,0.125,0.125,0.125,0.125,0.125,0.125,0.125
42,42.0,42.62070064560415,0.125,0.125,0.125,0.125,0.125,0.125,0.125,0.125
43,43.0,43.669130257815,0.125,0.125,0.125,0.125,0.125,0.125,0.125,0.125
44,44.0,44.70602560622662,0.125,0.125,0.125,0.125,0.125,0.125,0.125,0.125
45,45.0,45.73217116373481,0.125,0.125,0.125,0.125,0.125,0.125,0.125,0.125
46,46.0,46.748380453854836,0.125,0.125,0.125,0.125,0.125,0.125,0.125,0.125
47,47.0,47.755485010424316,0.125,0.125,0.125,0.125,0.125,0.125,0.125,0.125
48,48.0,48.7543242612326,0.125,0.125,0.125,0.125,0.125,0.125,0.125,0.125
49,49.0,49.745736344347726,0.125,0.125,0.125,0.125,0.125,0.125,0.125,0.125
50,50.0,50.730549855707864,0.125,0.125,0.125,0.125,0.125,0.125,0.125,0.125
51,51.0,51.70957651737491,0.125,0.125,0.125,0.125,0.125,0.125,0.125,0.125
52,52.0,52.68360474770151,0.125,0.125,0.125,0.125,0.125,0.125,0.125,0.125
53,53.0,53.65339410751842,0.125,0.125,0.125,0.125,0.125,0.125,0.125,0.125
54,54.0,54.61967059027847,0.125,0.125,0.125,0.125,0.125,0.125,0.125,0.125
55,55.0,55.58312271885972,0.125,0.125,0.125,0.125,0.125,0.125,0.125,0.125
56,56.0,56.544398407394254,0.125,0.125,0.125,0.125,0.125,0.125,0.125,0.125
57,57.0,57.504102543001395,0.125,0.125,0.125,0.125,0.125,0.125,0.125,0.125
58,58.0,58.462795239617805,0.125,0.125,0.125,0.125,0.125,0.125,0.125,0.125
59,59.0,59.42099071417639,0.125,0.125,0.125,0.125,0.125,0.125,0.125,0.125
60,60.0,60.379156734137354,0.125,0.125,0.125,0.125,0.125,0.125,0.125,0.125
61,61.0,61.337714584760846,0.125,0.125,0.125,0.125,0.125,0.125,0.125,0.125
62,62.0,62.29703950447439,0.125,0.125,0.125,0.125,0.125,0.125,0.125,0.125
63,63.0,63.257461537171835,0.125,0.125,0.125,0.125,0.125,0.125,0.125,0.125
64,64.0,64.21926675122782,0.125,0.125,0.125,0.125,0.125,0.125,0.125,0.125
65,65.0,65.18269877636592,0.125,0.125,0.125,0.125,0.125,0.125,0.125,0.125
66,66.0,66.14796061122655,0.125,0.125,0.125,0.125,0.125,0.125,0.125,0.125
67,67.0,67.11521665648885,0.125,0.125,0.125,0.125,0.125,0.125,0.125,0.125
68,68.0,68.08459493066005,0.125,0.125,0.125,0.125,0.125,0.125,0.125,0.125
69,69.0,69.05618942810752,0.125,0.125,0.125,0.125,0.125,0.125,0.125,0.125
70,70.0,70.03006258152917,0.125,0.125,0.125,0.125,0.125,0.125,0.125,0.125
71,71.0,71.00624779379335,0.125,0.125,0.125,0.125,0.125,0.125,0.125,0.125
72,72.0,71.98475200689319,0.125,0.125,0.125,0.125,0.125,0.125,0.125,0.125
73,73.0,72.96555827861411,0.125,0.125,0.125,0.125,0.125,0.125,0.125,0.125
74,74.0,73.94862834037681,0.125,0.125,0.125,0.125,0.125,0.125,0.125,0.125
75,75.0,74.93390511255946,0.125,0.125,0.125,0.125,0.125,0.125,0.125,0.125
76,76.0,75.92131515639825,0.125,0.125,0.125,0.125,0.125,0.125,0.125,0.125
77,77.0,76.91077104428919,0.125,0.125,0.125,0.125,0.125,0.125,0.125,0.125
78,78.0,77.90217363294813,0.125,0.125,0.125,0.125,0.125,0.125,0.125,0.125
79,79.0,78.89541422641172,0.125,0.125,0.125,0.125,0.125,0.125,0.125,0.125
80,80.0,79.89037661826481,0.125,0.125,0.125,0.125,0.125,0.125,0.125,0.125
81,81.0,80.88693900474995,0.125,0.125,0.125,0.125,0.125,0.125,0.125,0.125
82,82.0,81.88497576253909,0.125,0.125,0.125,0.125,0.125,0.125,0.125,0.125
83,83.0,82.88435908692391,0.125,0.125,0.125,0.125,0.125,0.125,0.125,0.125
84,84.0,83.88496048800103,0.125,0.125,0.125,0.125,0.125,0.125,0.125,0.125
85,85.0,84.88665214409042,0.125,0.125,0.125,0.125,0.125,0.125,0.125,0.125
86,86.0,85.88930811312994,0.125,0.125,0.125,0.125,0.125,0.125,0.125,0.125
87,87.0,86.89280540413424,0.125,0.125,0.125,0.125,0.125,0.125,0.125,0.125
88,88.0,87.89702491199675,0.125,0.125,0.125,0.125,0.125,0.125,0.125,0.125
89,89.0,88.90185221995306,0.125,0.125,0.125,0.125,0.125,0.125,0.125,0.125
90,90.0,89.90717827491419,0.125,0.125,0.125,0.125,0.125,0.125,0.125,0.125
91,91.0,90.91289994163006,0.125,0.125,0.125,0.125,0.125,0.125,0.125,0.125
92,92.0,91.91892044225806,0.125,0.125,0.125,0.125,0.125,0.125,0.125,0.125
93,93.0,92.92514968840067,0.125,0.125,0.125,0.125,0.125,0.125,0.125,0.125
94,94.0,93.93150451304501,0.125,0.125,0.125,0.125,0.125,0.125,0.125,0.125
95,95.0,94.93790881009448,0.125,0.125,0.125,0.125,0.125,0.125,0.125,0.125
96,96.0,95.94429358933806,0.125,0.125,0.125,0.125,0.125,0.125,0.125,0.125
97,97.0,96.9505969547639,0.125,0.125,0.125,0.125,0.125,0.125,0.125,0.125
98,98.0,97.9567640140995,0.125,0.125,0.125,0.125,0.125,0.125,0.125,0.125
99,99.0,98.96274672736057,0.125,0.125,0.125,0.125,0.125,0.125,0.125,0.125
100,100.0,99.96850370202192,0.125,0.125,0.125,0.125,0.125,0.125,0.125,0.125
101,101.0,100.97399994219691,0.125,0.125,0.125,0.125,0.125,0.125,0.125,0.125
102,102.0,101.97920655893245,0.125,0.125,0.125,0.125,0.125,0.125,0.125,0.125
103,103.0,102.98410044840509,0.125,0.125,0.125,0.125,0.125,0.125,0.125,0.125
104,104.0,103.98866394444643,0.125,0.125,0.125,0.125,0.125,0.125,0.125,0.125
105,105.0,104.99288445143917,0.125,0.125,0.125,0.125,0.125,0.125,0.125,0.125
106,106.0,105.99675406321822,0.125,0.125,0.125,0.125,0.125,0.125,0.125,0.125
107,107.0,107.0002691731872,0.125,0.125,0.125,0.125,0.125,0.125,0.125,0.125
108,108.0,108.0034300804274,0.125,0.125,0.125,0.125,0.125,0.125,0.125,0.125
109,109.0,109.00624059613932,0.125,0.125,0.125,0.125,0.125,0.125,0.125,0.125
110,110.0,110.00870765431864,0.125,0.125,0.125,0.125,0.125,0.125,0.125,0.125
111,111.0,111.01084093013685,0.125,0.125,0.125,0.125,0.125,0.125,0.125,0.125
112,112.0,112.01265246907188,0.125,0.125,0.125,0.125,0.125,0.125,0.125,0.125
113,113.0,113.01415632942268,0.125,0.125,0.125,0.125,0.125,0.125,0.125,0.125
114,114.0,114.01536824044418,0.125,0.125,0.125,0.125,0.125,0.125,0.125,0.125
115,115.0,115.01630527795908,0.125,0.125,0.125,0.125,0.125,0.125,0.125,0.125
116,116.0,116.0169855589429,0.125,0.125,0.125,0.125,0.125,0.125,0.125,0.125
117,117.0,117.01742795623892,0.125,0.125,0.125,0.125,0.125,0.125,0.125,0.125
118,118.0,118.01765183424293,0.125,0.125,0.125,0.125,0.125,0.125,0.125,0.125
119,119.0,119.01767680610413,0.125,0.125,0.125,0.125,0.125,0.125,0.125,0.125
120,120.0,120.01752251271817,0.125,0.125,0.125,0.125,0.125,0.125,0.125,0.125
121,121.0,121.01720842354362,0.125,0.125,0.125,0.125,0.125,0.125,0.125,0.125
122,122.0,122.01675365905109,0.125,0.125,0.125,0.125,0.125,0.125,0.125,0.125
123,123.0,123.0161768344173,0.125,0.125,0.125,0.125,0.125,0.125,0.125,0.125
124,124.0,124.01549592390272,0.125,0.125,0.125,0.125,0.125,0.125,0.125,0.125
125,125.0,125.01472814520056,0.125,0.125,0.125,0.125,0.125,0.125,0.125,0.125
126,126.0,126.01388986291661,0.125,0.125,0.125,0.125,0.125,0.125,0.125,0.125
127,127.0,127.0129965102319,0.125,0.125,0.125,0.125,0.125,0.125,0.125,0.125
128,128.0,128.01206252771334,0.125,0.125,0.125,0.125,0.125,0.125,0.125,0.125
129,129.0,129.0111013181695,0.125,0.125,0.125,0.125,0.125,0.125,0.125,0.125
130,130.0,130.01012521639834,0.125,0.125,0.125,0.125,0.125,0.125,0.125,0.125
131,131.0,131.0091454726403,0.125,0.125,0.125,0.125,0.125,0.125,0.125,0.125
132,132.0,132.0081722485317,0.125,0.125,0.125,0.125,0.125,0.125,0.125,0.125
133,133.0,133.00721462434865,0.125,0.125,0.125,0.125,0.125,0.125,0.125,0.125
134,134.0,134.0062806163404,0.125,0.125,0.125,0.125,0.125,0.125,0.125,0.125
135,135.0,135.00537720296956,0.125,0.125,0.125,0.125,0.125,0.125,0.125,0.125
136,136.0,136.00451035890612,0.125,0.125,0.125,0.125,0.125,0.125,0.125,0.125
137,137.0,137.00368509565993,0.125,0.125,0.125,0.125,0.125,0.125,0.125,0.125
138,138.0,138.0029055077818,0.125,0.125,0.125,0.125,0.125,0.125,0.125,0.125
139,139.0,139.00217482361367,0.125,0.125,0.125,0.125,0.125,0.125,0.125,0.125
140,140.0,140.0014954596262,0.125,0.125,0.125,0.125,0.125,0.125,0.125,0.125
141,141.0,141.00086907744122,0.125,0.125,0.125,0.125,0.125,0.125,0.125,0.125
142,142.0,142.0002966427003,0.125,0.125,0.125,0.125,0.125,0.125,0.125,0.125
143,143.0,142.99977848500652,0.125,0.125,0.125,0.125,0.125,0.125,0.125,0.125
144,144.0,143.99931435823203,0.125,0.125,0.125,0.125,0.125,0.125,0.125,0.125
145,145.0,144.99890350055264,0.125,0.125,0.125,0.125,0.125,0.125,0.125,0.125
146,146.0,145.9985446936357,0.125,0.125,0.125,0.125,0.125,0.125,0.125,0.125
147,147.0,146.99823632047406,0.125,0.125,0.125,0.125,0.125,0.125,0.125,0.125
148,148.0,147.99797642142389,0.125,0.125,0.125,0.125,0.125,0.125,0.125,0.125
149,149.0,148.99776274806447,0.125,0.125,0.125,0.125,0.125,0.125,0.125,0.125
150,150.0,149.99759281456036,0.125,0.125,0.125,0.125,0.125,0.125,0.125,0.125
151,151.0,150.99746394626104,0.125,0.125,0.125,0.125,0.125,0.125,0.125,0.125
152,152.0,151.99737332532905,0.125,0.125,0.125,0.125,0.125,0.125,0.125,0.125
153,153.0,152.99731803323698,0.125,0.125,0.125,0.125,0.125,0.125,0.125,0.125
154,154.0,153.99729509002177,0.125,0.125,0.125,0.125,0.125,0.125,0.125,0.125
155,155.0,154.99730149022784,0.125,0.125,0.125,0.125,0.125,0.125,0.125,0.125
156,156.0,155.99733423551103,0.125,0.125,0.125,0.125,0.125,0.125,0.125,0.125
157,157.0,156.99739036391077,0.125,0.125,0.125,0.125,0.125,0.125,0.125,0.125
158,158.0,157.99746697583146,0.125,0.125,0.125,0.125,0.125,0.125,0.125,0.125
159,159.0,158.99756125680176,0.125,0.125,0.125,0.125,0.125,0.125,0.125,0.125
160,160.0,159.997670497107,0.125,0.125,0.125,0.125,0.125,0.125,0.125,0.125
161,161.0,160.99779210841066,0.125,0.125,0.125,0.125,0.125,0.125,0.125,0.125
162,162.0,161.99792363749984,0.125,0.125,0.125,0.125,0.125,0.125,0.125,0.125
163,163.0,162.9980627773051,0.125,0.125,0.125,0.125,0.125,0.125,0.125,0.125
164,164.0,163.9982073753568,0.125,0.125,0.125,0.125,0.125,0.125,0.125,0.125
165,165.0,164.99835543984977,0.125,0.125,0.125,0.125,0.125,0.125,0.125,0.125
166,166.0,165.99850514349492,0.125,0.125,0.125,0.125,0.125,0.125,0.125,0.125
167,167.0,166.99865482534062,0.125,0.125,0.125,0.125,0.125,0.125,0.125,0.125
168,168.0,167.99880299074837,0.125,0.125,0.125,0.125,0.125,0.125,0.125,0.125
169,169.0,168.99894830970783,0.125,0.125,0.125,0.125,0.125,0.125,0.125,0.125
170,170.0,169.99908961367427,0.125,0.125,0.125,0.125,0.125,0.125,0.125,0.125
171,171.0,170.99922589110733,0.125,0.125,0.125,0.125,0.125,0.125,0.125,0.125
172,172.0,171.99935628188598,0.125,0.125,0.125,0.125,0.125,0.125,0.125,0.125
173,173.0,172.99948007076793,0.125,0.125,0.125,0.125,0.125,0.125,0.125,0.125
174,174.0,173.99959668005403,0.125,0.125,0.125,0.125,0.125,0.125,0.125,0.125
175,175.0,174.99970566161096,0.125,0.125,0.125,0.125,0.125,0.125,0.125,0.125
176,176.0,175.9998066883961,0.125,0.125,0.125,0.125,0.125,0.125,0.125,0.125
177,177.0,176.99989954561875,0.125,0.125,0.125,0.125,0.125,0.125,0.125,0.125
178,178.0,177.99998412166295,0.125,0.125,0.125,0.125,0.125,0.125,0.125,0.125
179,179.0,179.00006039888612,0.125,0.125,0.125,0.125,0.125,0.125,0.125,0.125
180,180.0,180.0001284443981,0.125,0.125,0.125,0.125,0.125,0.125,0.125,0.125
181,181.0,181.00018840091488,0.125,0.125,0.125,0.125,0.125,0.125,0.125,0.125
182,182.0,182.00024047777083,0.125,0.125,0.125,0.125,0.125,0.125,0.125,0.125
183,183.0,183.0002849421635,0.125,0.125,0.125,0.125,0.125,0.125,0.125,0.125
184,184.0,184.00032211069524,0.125,0.125,0.125,0.125,0.125,0.125,0.125,0.125
185,185.0,185.00035234126688,0.125,0.125,0.125,0.125,0.125,0.125,0.125,0.125
186,186.0,186.00037602536867,0.125,0.125,0.125,0.125,0.125,0.125,0.125,0.125
187,187.0,187.0003935808066,0.125,0.125,0.125,0.125,0.125,0.125,0.125,0.125
188,188.0,188.00040544489266,0.125,0.125,0.125,0.125,0.125,0.125,0.125,0.125
189,189.0,189.0004120681212,0.125,0.125,0.125,0.125,0.125,0.125,0.125,0.125
190,190.0,190.00041390834568,0.125,0.125,0.125,0.125,0.125,0.125,0.125,0.125
191,191.0,191.00041142546425,0.125,0.125,0.125,0.125,0.125,0.125,0.125,0.125
192,192.0,192.00040507661635,0.125,0.125,0.125,0.125,0.125,0.125,0.125,0.125
193,193.0,193.00039531188708,0.125,0.125,0.125,0.125,0.125,0.125,0.125,0.125
194,194.0,194.00038257051185,0.125,0.125,0.125,0.125,0.125,0.125,0.125,0.125
195,195.0,195.00036727756904,0.125,0.125,0.125,0.125,0.125,0.125,0.125,0.125
196,196.0,196.0003498411448,0.125,0.125,0.125,0.125,0.125,0.125,0.125,0.125
197,197.0,197.00033064995154,0.125,0.125,0.125,0.125,0.125,0.125,0.125,0.125
198,198.0,198.0003100713781,0.125,0.125,0.125,0.125,0.125,0.125,0.125,0.125
199,199.0,199.00028844994821,0.125,0.125,0.125,0.125,0.125,0.125,0.125,0.125
200,200.0,200.00026610616183,0.12415909090909091,0.12415909090909091,0.12415909090909091,0.12597727272727272,0.12415909090909091,0.12515909090909091,0.12706818181818183,0.12515909090909091
201,201.0,201.00024333569246,0.12325083333333334,0.12325083333333334,0.12325083333333334,0.1267175,0.12325083333333334,0.12524083333333333,0.12896416666666669,0.12607416666666668
202,202.0,202.0002204089131,0.12226831742424243,0.12226831742424243,0.12226831742424243,0.12825971136363637,0.12226831742424243,0.12522941742424243,0.13064075984848486,0.1267968416666667
203,203.0,203.00019757072255,0.12100505680050506,0.12100505680050506,0.12100505680050506,0.13133505397222223,0.12100505680050506,0.12572871761868687,0.131794548739899,0.12712145246717174
204,204.0,204.00017504064385,0.12053433429739902,0.11970100096406568,0.120534334297399,0.134276885517601,0.11970100096406568,0.1259940329407323,0.1327397607295202,0.1265186502892172
205,205.0,205.0001530131666,0.11990747745376633,0.11831324668453555,0.11997158001786888,0.13752193599343684,0.11831324668453555,0.12612244905073855,0.13413698553681572,0.1257130785783027
206,206.0,206.00013165830538,0.11906150868723642,0.11672148945646718,0.11912497022569793,0.14206390430839697,0.11672148945646718,0.1258556146880524,0.1358577578126533,0.12459326536502872
207,207.0,207.00011112234722,0.11799032146628688,0.1149805147904627,0.11810751652123191,0.144729052621793,0.1159805147904627,0.12536957550242223,0.13895370556361092,0.12388879874372978
208,208.0,208.00009152876143,0.1167278155092352,0.11312148867581028,0.11689036727663443,0.14686142843366434,0.11502057958490118,0.12548914766603403,0.14288229249060763,0.123006880363113
209,209.0,209.0000729792466,0.11528824303175735,0.11111444465815935,0.11544713317983425,0.14935773160079113,0.11381887799149269,0.12520193607168925,0.1468579207437216,0.12291371272255447
210,210.0,210.00005555489076,0.113738800702344,0.10907101592632622,0.11514280649155002,0.1520066773376265,0.11305114833081646,0.12473997553382185,0.15020812896138785,0.12204144671612721
211,211.0,211.00003931742162,0.11190536750902746,0.1068139375244744,0.11446740790559293,0.15690660476183577,0.1119274941637942,0.12383240734523897,0.1533130703307937,0.12083371045924265
212,212.0,212.0000243105252,0.11055065995771911,0.10507004005591805,0.11414891894007967,0.1616389225787717,0.11062592086524445,0.12276586148738064,0.15573547318451522,0.11946420293037127
213,213.0,213.00001056121314,0.1090685821505366,0.1032663537313807,0.11470397814610614,0.16547642432050846,0.10976359337336317,0.12149600751041345,0.15874539105403607,0.1174796697136555
214,214.0,213.99999808122018,0.10740914279335013,0.10246372428688408,0.11488333062889033,0.16978248672444204,0.10865893493442408,0.11994964919764069,0.1615688218221108,0.11528390961225791
215,215.0,214.9999868684143,0.10566577311647199,0.10154076571786744,0.11481423061320294,0.17374823611560564,0.10738123560998476,0.11820309395476898,0.164860543730838,0.11378612114126033
216,216.0,215.99997690820487,0.10445608724940582,0.10061057460857947,0.11468205825471232,0.17723356035387558,0.1060530051917606,0.11691197690281714,0.16773197128141487,0.11232076615743428
217,217.0,216.99996817493434,0.10333167081269826,0.1002474618384259,0.11455872822556942,0.1802730772835871,0.1047140076647409,0.11560795110749844,0.17034641963415068,0.11092068343332945
218,218.0,217.9999606332415,0.10229511571439728,0.09992429055081888,0.1144444642798477,0.18335641106279016,0.10337820846194257,0.11430497176125312,0.1727033169120189,0.10959322125693154
219,219.0,218.99995423938554,0.10082146913195514,0.09963964895973049,0.11479383145299125,0.18599683151722843,0.10205777994210564,0.11301531466198694,0.17433094858898487,0.1093441757450174
220,220.0,219.9999489425213,0.09930182648594436,0.09926881212454347,0.11493257104750651,0.18863077214074875,0.10070344149802664,0.11162682576911835,0.17657785372131066,0.10895789721280144
221,221.0,220.99994468591828,0.09787663771667794,0.09896424236499607,0.11502024222572128,0.1908595294345641,0.09943330089458605,0.11030340757791282,0.17890767646807224,0.10863496331746966
222,222.0,221.9999414081164,0.09648311098048881,0.09863904415954443,0.11499709055132498,0.19284762627239024,0.09858334500502491,0.10896847268854074,0.18120044927589393,0.10828086106679213
223,223.0,222.99993904401353,0.09517426077715481,0.09831869043760028,0.11531101932378177,0.1943383875771094,0.09773046334899846,0.10765668022247926,0.18350457598691375,0.10796592232596247
224,224.0,223.99993752588082,0.0939311572307861,0.09841186207986367,0.115522513226492,0.19556245275760223,0.09694490683222995,0.10636812898722264,0.18567647941669244,0.10758249946911118
225,225.0,224.99993678430258,0.09274601202463745,0.09857267491587453,0.11562500210244554,0.19724126542053066,0.09579992046790362,0.10509730237040915,0.18769602739520533,0.10722179530299394
226,226.0,225.99993674903914,0.09162276418541454,0.09869702572232869,0.11562511342461491,0.19895871745189425,0.09471631072163665,0.1038524893764769,0.18954309434406322,0.10698448477357109
227,227.0,226.99993734981166,0.09043753120017749,0.09865853610747907,0.11540297624433496,0.2005600764958419,0.09356838010226126,0.1025160821906225,0.1911050822996533,0.10775133535962972
228,228.0,227.9999385170088,0.08943211196844392,0.09862659347048092,0.11513635834513286,0.20109564921249198,0.09288583679323675,0.10126271966416998,0.1934127566772555,0.10814797386878831
229,229.0,228.99994018231612,0.08818734610232692,0.09824654224335735,0.1144767340813909,0.20125208812249254,0.09192505123408132,0.09974363025982229,0.19792956959492108,0.10823903836160785
230,230.0,229.99994227926956,0.08684759041196403,0.09776347836847746,0.11284274106092125,0.20228796493218112,0.09130073723590273,0.09820747263952892,0.20332079160111904,0.1074292237499057
231,231.0,230.99994474373494,0.08535044033396301,0.09701581672643063,0.1109210312060805,0.20385566175827016,0.09046262779092348,0.09716241427010631,0.20795129352877545,0.10728071438545068
232,232.0,231.9999475143165,0.08385147516205545,0.09617250389088458,0.10956343102280904,0.20476084156392396,0.0895524979298321,0.09609446116310602,0.21296213981988102,0.10704264944750805
233,233.0,232.9999505326967,0.08224453422238373,0.09512733732293482,0.10800218014856033,0.20631090286273318,0.08879791942583476,0.094891391437736,0.2172944186437159,0.10733131593610147
234,234.0,233.9999537439119,0.08053071154772012,0.09390762533163238,0.10621281026944414,0.20763479755064063,0.08791630534252388,0.09357630981232702,0.2222677553789,0.10795368476681202
235,235.0,234.99995709656648,0.0788413994585295,0.09263509389098547,0.10432955082735958,0.20842344344475652,0.08704462016714118,0.0922541483520234,0.22797428390675326,0.10849745995245129
236,236.0,235.99996054298992,0.07719928727124833,0.09136741485482497,0.10246471299825267,0.20970808516811582,0.08635686456578362,0.09029822021927622,0.23335353754436491,0.10925187737813366
237,237.0,236.99996403934114,0.07551033538106486,0.09030058011848227,0.10169356029113316,0.21105926508167588,0.08584937934065928,0.08888913191899347,0.23713005095259243,0.10956769691539887
238,238.0,237.99996754566382,0.07366672697684833,0.08897523039843684,0.10098687291072532,0.2134599268251127,0.08507778535158945,0.08727691121759329,0.24080722053173756,0.10974932578795671
239,239.0,238.9999710258976,0.07176460661081985,0.08751132590281653,0.10012497345875976,0.21749062407205663,0.08419692725679524,0.08555874420989588,0.24384931048661768,0.10950348800223861
240,240.0,239.999974447849,0.07071054507753932,0.08590924488578298,0.09940578455702476,0.22165689458550386,0.08319955539401039,0.08373355643001504,0.2463386207847647,0.1090457982853591
241,241.0,240.99997778312678,0.06962573164479069,0.0843053400894587,0.09867273117093726,0.22599749782997586,0.08219709201413355,0.08194501050984512,0.24876518408359058,0.10849141265726839
242,242.0,241.9999810070455,0.06867009233268373,0.08281523691400719,0.09770028152768016,0.23055380053379448,0.08100947169234986,0.08028490692449272,0.2510005865674536,0.10796562350753836
243,243.0,242.99998409850193,0.06781874553962687,0.08138015474236807,0.09677024033312329,0.23508175280617677,0.07983412771512882,0.07873525058693165,0.2529917101020435,0.10738801817460106
244,244.0,243.9999870398277,0.06708687009088149,0.08003059581317397,0.09591470728615041,0.23902996434764892,0.07869704633896019,0.07732793669337307,0.2549076599481087,0.10700521948170331
245,245.0,244.9999898166226,0.06561607261622326,0.07876165387060524,0.09511586480096063,0.24262799300419463,0.07845647367190214,0.0760348094561949,0.25677657394096315,0.10661055863895613
246,246.0,245.99999241757178,0.06410129200072194,0.07813869225343618,0.09448986182909735,0.2454111195167701,0.07884456799051082,0.07446236059034998,0.2587063788613901,0.1058457269577236
247,247.0,246.99999483425034,0.0625234917293516,0.07803526568238583,0.09370186654097315,0.24906377596039245,0.07901185817362735,0.07281889976287144,0.2601207089396709,0.10472413321072731
248,248.0,247.99999706091853,0.061033694535487605,0.07797662035084449,0.09291252935066013,0.25294921380411695,0.07920695121572234,0.07126089758490554,0.26106705227974597,0.10359304087851696
249,249.0,248.9999990943107,0.05964516875364654,0.0772871876480787,0.09127751759949904,0.25634992509254173,0.07942588543282547,0.0697900132894847,0.2630857541039925,0.1031385480799313
250,250.0,250.00000093342055,0.058849070617829846,0.07654034458358622,0.08962631779355547,0.25985169059276075,0.07888164421280895,0.0687988539087754,0.2644060292725932,0.10304604901809013
251,251.0,251.00000257928522,0.058076039454419505,0.07573167950711449,0.08795842680436526,0.2632365775517825,0.07823314671644926,0.06782158184407067,0.265950868538148,0.10299167958365037
252,252.0,252.0000040347706,0.05736063711000185,0.07546704138153061,0.08632753890685928,0.2664774961420731,0.0775760465597209,0.06730183482419341,0.26680414711449774,0.10268525796112306
253,253.0,253.00000530435972,0.05666823614433098,0.07535999247759849,0.0843904023497003,0.26923065758875386,0.07686966690976876,0.06761693692490633,0.2675056903778811,0.10235841722706014
254,254.0,254.00000639394634,0.056014713368778696,0.07525922815892329,0.0824748557503091,0.2719084658458096,0.07617508078221087,0.06820880533831976,0.2679343322360291,0.10202451851961955
255,255.0,255.00000731063483,0.055896800199587635,0.07502349343295524,0.08050133112972478,0.27368632151895567,0.07540434810879904,0.0689188380835587,0.2688472194115653,0.10172164811485362
256,256.0,256.00000806254815,0.05659235931881932,0.07465008332282635,0.07849941085055534,0.27522853414982934,0.07453491802233111,0.06950626851543071,0.26936474265859806,0.10162368316160973
257,257.0,257.0000086586446,0.057238163134319106,0.07438811996943169,0.07653503320491559,0.2768415215853386,0.07359197693009063,0.07001924130678784,0.2696331640200929,0.1017527798490236
258,258.0,258.000009108545,0.05789434495934665,0.07364186092596348,0.07465744227772222,0.27872495414779963,0.07262830750589162,0.07049598835269895,0.2700997250135766,0.10185737681700083
259,259.0,259.0000094223699,0.05872766028906037,0.07285499451959655,0.07284571520586254,0.28071628132633186,0.07158733708593505,0.07122645646710207,0.27015219183422773,0.10188936327188379
260,260.0,260.00000961058856,0.058641134132401455,0.07210036723209827,0.07070644048959893,0.28213642673463274,0.07087163669946664,0.07171217474630985,0.2719313344392953,0.10190048552619677
261,261.0,261.00000968387957,0.058472167243270395,0.07127126154610634,0.06907996726979765,0.28309185818055227,0.0701085327467062,0.07207505008336278,0.2737920613192203,0.10210910161098405
262,262.0,262.0000096530026,0.058209773176671566,0.07038135920401399,0.06750025769007331,0.2844186993106319,0.06902789042583943,0.07287291225610898,0.2755711766477137,0.1020179312889471
263,263.0,263.00000952868334,0.057875307658698534,0.06946124061026145,0.06644554567609362,0.28571686721552925,0.0679550524436572,0.07377346678310374,0.2771063741080889,0.10166614550456726
264,264.0,264.00000932150914,0.05797937477471203,0.06847536655967308,0.06539683505765967,0.28636291881110804,0.0668390736660843,0.07448538081438799,0.2790473541373329,0.101413696179042
265,265.0,265.0000090418373,0.05793090524268734,0.06862340129924488,0.06433581641418668,0.28665133697517475,0.06609975663434856,0.07498631387170805,0.28079904811365247,0.1005734214489973
266,266.0,266.0000086997143,0.05813663050567601,0.06876083858948659,0.06334315636963123,0.28683458370723114,0.06535417234650259,0.07538652081461147,0.2824846481071064,0.09969944955975459
267,267.0,267.0000083048064,0.0582573465114158,0.06917303616688303,0.06231615847517617,0.28662516779699304,0.06460160127764537,0.07577653927306459,0.2844719295580005,0.09877822094082148
268,268.0,268.0000078663412,0.0583756796163698,0.06960600553490558,0.06140764455007446,0.2865693226651072,0.06361021156838845,0.07612697331911289,0.28642964225101675,0.09787452049502479
269,269.0,269.00000739305915,0.058424256749007655,0.0699849822210943,0.060553078812414424,0.28654370618573116,0.0626199985331293,0.07665797154304119,0.28826588978884443,0.09695011616673752
270,270.0,270.0000068931747,0.059143475793755604,0.06959690296714832,0.05975041618409685,0.28640702931533596,0.06168494444048116,0.07709307576878921,0.2900474439792389,0.09627671155115397
271,271.0,271.000006374347,0.059823410936251445,0.06917625469280804,0.05902714742241803,0.2861820295969923,0.06081249664904764,0.07746234633665741,0.29167225604031527,0.09584405832550982
272,272.0,272.0000058436586,0.06046837505330461,0.06874867700834743,0.05839434535979728,0.2858293662063359,0.060259102789409935,0.07774742965225653,0.29313131562618533,0.09542138830436292
273,273.0,273.0000053076024,0.06107868665089809,0.0683239139762788,0.05785015988957645,0.285206586242792,0.05975881431045273,0.07795746228000239,0.2948022832461925,0.09502209340380702
274,274.0,274.00000477207584,0.0616584202943226,0.06791407243164047,0.0573963864799329,0.2843512458470451,0.05946590686271212,0.07810763607713331,0.29645082183334903,0.09465551017386445
275,275.0,275.0000042423811,0.06189000114068843,0.06755162427219566,0.05657006663009419,0.28466513613277616,0.0589073796652663,0.07825086040080163,0.2979176289703429,0.09424730278783469
276,276.0,276.0000037232321,0.062454967466187894,0.06737921942453076,0.05578292730472198,0.28537542751304784,0.058552850747318294,0.07851126467477089,0.29699004989484373,0.09495329297457858
277,277.0,277.0000032187657,0.06295314360643407,0.0668318251984767,0.05503488978567422,0.2861208593002616,0.05820382078666138,0.0786693810092863,0.29653032247616434,0.09565575783704136
278,278.0,278.00000273255824,0.06335974744982492,0.0662592902064817,0.05431460350792071,0.28732980713864276,0.05784888521472226,0.07870553832071056,0.2958478254852603,0.09633430267643682
279,279.0,279.0000022676459,0.06368571030987286,0.06567997736056899,0.05364476595981552,0.28872902174976445,0.05749396533882004,0.07865262971158182,0.29512696671251615,0.09698696285706015
280,280.0,280.0000018265484,0.06393370490450806,0.06509851952651043,0.053025356113869826,0.2904415720638929,0.05714038645663016,0.07851724123624985,0.2942349798285002,0.09760823986983849
281,281.0,281.00000141129516,0.06411267614001548,0.06452061345755547,0.05244884920272006,0.29213423890343415,0.056813569236739435,0.07849898022679444,0.29326757098947637,0.09820350184326451
282,282.0,282.0000010234543,0.06422554636475476,0.06425255542157775,0.05191420774884566,0.2937218298335803,0.056512461141142015,0.07839467334752032,0.2922107106676076,0.09876801547497151
283,283.0,283.00000066416294,0.06432681547158989,0.06405012075164807,0.05146238781945478,0.29519753159330475,0.056261476616369405,0.0778444216224134,0.2913338062282635,0.09952343989695614
284,284.0,284.0000003341591,0.06409765950598581,0.06387748364489822,0.05107300371222732,0.29670288152832264,0.05607269858002038,0.07725553527975092,0.29065815898935315,0.10026257875944149
285,285.0,285.00000003381405,0.06358399355969303,0.06350961269787353,0.05081423036211067,0.298638269800222,0.05580879763209789,0.07660121139196235,0.2899450290950034,0.10109885546103707
286,286.0,285.99999976316536,0.0630366880231894,0.06314456849536526,0.050591961899454425,0.3003380050639693,0.05553301994328215,0.07591214496401144,0.28957962152435074,0.10186399008637728
287,287.0,286.99999952194986,0.062444941747215627,0.06305620152143632,0.05037428630684167,0.30200854047872827,0.055220404553278424,0.0751688740880099,0.28918611752534845,0.10254063377914138
288,288.0,287.99999930963645,0.06182532896654497,0.06295238977552528,0.050176984962624266,0.3034012623521868,0.054909072104654004,0.07475822689925297,0.288822951584528,0.10315378335468384
289,289.0,288.99999912545803,0.060972173016647035,0.06276020558486055,0.049897830507960615,0.3054818803586376,0.05430086931190614,0.07434055538271511,0.2885319257750783,0.1037145600621947
290,290.0,289.99999896844287,0.06010158855857599,0.06253326997160266,0.049619113379441374,0.30754952308061334,0.05368350728258896,0.07404980326387522,0.2882786640204478,0.10418453044285485
291,291.0,290.9999988374448,0.059205870199979097,0.062257491555225794,0.049324357115689374,0.3097124424528417,0.053028859937593494,0.07366755664835002,0.2882541405128953,0.10454928157742546
292,292.0,291.9999987311721,0.058493777893040166,0.06197381628071689,0.04904951793309885,0.311822368096271,0.052400585425131554,0.07325273611768694,0.2881496222281851,0.10485757602586973
293,293.0,292.99999864821496,0.05779290043378441,0.061686118824386925,0.048783164797310145,0.31385520660233124,0.05178230312431703,0.07280512830100913,0.2882028830230094,0.10509229489385194
294,294.0,293.99999858707133,0.05711697315319987,0.06141120641893244,0.04854466241098856,0.3158796097329248,0.05085753058051884,0.07254023539398669,0.2883688040597929,0.1052809782496561
295,295.0,294.9999985461714,0.0564485918541829,0.06084281949320564,0.048309903938691404,0.31826183537417174,0.04995313458175141,0.07222339022040891,0.28855533881887474,0.10540498571871348
296,296.0,295.99999852389976,0.05579109765107975,0.06027181177027967,0.048069127411896964,0.3205463354444976,0.049059184964737115,0.0718543643430659,0.28895588744054723,0.10545219097389595
297,297.0,296.9999985186163,0.055155858342544224,0.05970983444434738,0.04783790461906168,0.3223656873556047,0.04820379279046033,0.071452655549362,0.28982393649294785,0.10545033040567206
298,298.0,297.999998528675,0.05453584598206504,0.0591374302706412,0.047857740620330005,0.32403881168270193,0.047382303232545366,0.07100735887914437,0.2909247607358959,0.10511574859667647
299,299.0,298.99999855244107,0.05396013678281792,0.05859710841015983,0.04790551789328593,0.32546444326146234,0.04652750903579286,0.07068733351798381,0.29210295311075907,0.10475499798773859
300,300.0,299.9999985883061,0.053408950539264866,0.05805757063359253,0.04793834923921578,0.3264610560262302,0.04597103527882824,0.0703331470771569,0.2934793950373769,0.10435049616833494
301,301.0,300.99999863470157,0.05289730554296889,0.05777336156398569,0.047981739004831714,0.32713875638299766,0.045470674159003355,0.06999482517567779,0.29481828633445234,0.10392505183608289
302,302.0,301.9999986901105,0.05201638125618706,0.05754407804161168,0.047610499644271866,0.3279539774818155,0.045014196760213315,0.06965771742014312,0.29606172836430944,0.1041414210314483
303,303.0,302.9999987530774,0.05114853293428596,0.0572582111637748,0.04720535867902599,0.32850171686842,0.04481627281074291,0.06927395234660458,0.2973068949696278,0.10448906022751814
304,304.0,303.99999882221687,0.050321939335563635,0.056958454476828936,0.04680024212976621,0.32817432524485113,0.04463735296503919,0.06889788360134158,0.2992340232769733,0.10497577896963618
305,305.0,304.99999889622023,0.04965446900728916,0.05661705176304056,0.04636739650418727,0.32824891481003593,0.04444498181485782,0.06846976493022545,0.3006419889430498,0.10555543222731417
306,306.0,305.99999897386107,0.04901654106622815,0.056281264931768694,0.04592549745841897,0.3278978845813998,0.0442534772342003,0.06800885512236832,0.30252986413758426,0.10608661546803169
307,307.0,306.9999990539992,0.048405764189058155,0.055934964643230015,0.04546960904945864,0.32751260988746683,0.044058949158612346,0.0675120500814036,0.3045428699562367,0.10656318303453381
308,308.0,307.9999991355835,0.04782590245529995,0.05558232558953047,0.04500544439334636,0.32690069783122244,0.043865524633538044,0.06713423421765698,0.3066995347182209,0.10698633616118489
309,309.0,308.9999992176535,0.04727791318909369,0.055225067720563445,0.04453612408178606,0.3265257506349209,0.04367264358492973,0.0667202255849512,0.3084644855612838,0.10757778964247117
310,310.0,309.99999929934,0.046759019318786475,0.05485942375011264,0.04406017428390483,0.326369165423422,0.043473135645548715,0.066275332255596,0.31009872000087335,0.10810502932175596
311,311.0,310.9999993798645,0.0462833077124781,0.05451183331806209,0.043600230031001413,0.3259400852457684,0.0432774829480625,0.06584014711360896,0.3119714551700472,0.1085754584609713
312,312.0,311.99999945853784,0.04577116857448868,0.053971927196564365,0.0431690882807051,0.3255357794258632,0.04309728976732688,0.06543219957810985,0.31411142863418207,0.10891111854275977
313,313.0,312.9999995347585,0.04528985882005629,0.05344325131007395,0.042747805204453884,0.32529527593282836,0.04292680924109363,0.06509541138027256,0.31600990309429067,0.10919168501693055
314,314.0,313.9999996080095,0.044854862497386315,0.05297250753520028,0.04236231191919231,0.32500275775448484,0.042782297529897546,0.06477049501968328,0.31782000335708366,0.10943476438707161
315,315.0,314.99999967785527,0.04446029246985741,0.05250972212474961,0.04199610443389583,0.32462713168905566,0.04274265490292892,0.06445710103642999,0.31957648037279396,0.10963051297028845
316,316.0,315.99999974393796,0.044086899379346664,0.05200998950981278,0.041626017598509354,0.3244818766939194,0.04267631654259013,0.06412548753536014,0.3214673497142521,0.10952606302620918
317,317.0,316.999999805973,0.04374511428880068,0.05148893454975676,0.04126844493700075,0.324040038376061,0.04261031473632253,0.0637984575215926,0.3235291841467032,0.10951951144376233
318,318.0,317.99999986374485,0.0434227693067831,0.050955274884725704,0.04091657891543726,0.3234235957382996,0.04233473033855417,0.06345263875066819,0.3258084069070019,0.10968600515852983
319,319.0,318.999999917102,0.04312188177968597,0.0504121766643,0.04057158730578752,0.32266915563485543,0.042040521283424115,0.06309980474551849,0.32816559572072523,0.10991927686570305
320,320.0,319.99999996595244,0.04285850294865206,0.04990312417621696,0.04025119749457092,0.32226772411452875,0.041748881499454604,0.06276415510254854,0.33009382680791055,0.1101125878561175
321,321.0,321.00000001025836,0.0426143029670387,0.04939594428575017,0.03993789239024729,0.3218894211377424,0.0414502512474294,0.06274201497675452,0.33191917339371335,0.1100509996013241
322,322.0,322.0000000500311,0.04241537865753071,0.04891562272852956,0.03966019098184541,0.3210578414032116,0.041445591729057055,0.06275707220951691,0.33378605878737405,0.10996224350293465
323,323.0,323.0000000853262,0.04223442728155714,0.04846076658249032,0.039390716124735506,0.32043146741400896,0.04142735578274222,0.06275100192340566,0.3354756201141964,0.10982864477686377
324,324.0,324.00000011623854,0.042070024590603064,0.04803205027637755,0.039129580757845,0.31960042386416915,0.041394883727893926,0.06272268404468533,0.33729190077418914,0.10975845196423682
325,325.0,325.0000001428973,0.04192692836386613,0.0476329351071029,0.03888455934724307,0.3189493241058338,0.041349321005799564,0.06268838213075983,0.3389175003024785,0.10965104963691613
326,326.0,326.00000016546124,0.04188584680031382,0.04725802354523539,0.038650449297155914,0.3184933999996612,0.041283261416629614,0.06251123151361691,0.34041251868917655,0.10950526873821058
327,327.0,327.00000018411407,0.041874470427900684,0.04699685569459795,0.03855115335711779,0.31764484507306856,0.04146243768278888,0.06234800809751229,0.3417761309668956,0.10934609870011827
328,328.0,328.00000019906054,0.041876083364000144,0.04676423969786093,0.03846440827122819,0.31683832656182503,0.041640865759292836,0.06217082567437803,0.3430741838401635,0.10917106683125138
329,329.0,329.00000021052176,0.04189034244599712,0.046560662428091225,0.03838954799270264,0.3155028213096325,0.041989193882402374,0.0619811753710086,0.34470041858006134,0.10898583799010429
330,330.0,330.0000002187316,0.041911856693481395,0.046366862935992154,0.0383189656027191,0.31416669630078387,0.04233127752341806,0.061778563216848374,0.34633754094498215,0.10878823678177499
331,331.0,331.00000022393317,0.0419535319315496,0.046231544424082976,0.038271246606110844,0.31231492865694305,0.042678411356662865,0.0612711812701041,0.34816947633718737,0.10910967941735927
