Total_iterations,Unnamed: 0.1,Intertwine_two,Invert_path_vertices,Insert_inside_vertex,Delete_inside_vertex,Replace_inside_vertex,Donate_between_routes,Trim_one_terminal_cb,Grow_one_terminal_cb
0,0.0,0.125,0.125,0.125,0.125,0.125,0.125,0.125,0.125
1,1.0,0.125,0.125,0.125,0.125,0.125,0.125,0.125,0.125
2,2.0,0.125,0.125,0.125,0.125,0.125,0.125,0.125,0.125
3,3.0,0.125,0.125,0.125,0.125,0.125,0.125,0.125,0.125
4,4.0,0.125,0.125,0.125,0.125,0.125,0.125,0.125,0.125
5,5.0,0.125,0.125,0.125,0.125,0.125,0.125,0.125,0.125
6,6.0,0.125,0.125,0.125,0.125,0.125,0.125,0.125,0.125
7,7.0,0.125,0.125,0.125,0.125,0.125,0.125,0.125,0.125
8,8.0,0.125,0.125,0.125,0.125,0.125,0.125,0.125,0.125
9,9.0,0.125,0.125,0.125,0.125,0.125,0.125,0.125,0.125
10,10.0,0.125,0.125,0.125,0.125,0.125,0.125,0.125,0.125
11,11.0,0.125,0.125,0.125,0.125,0.125,0.125,0.125,0.125
12,12.0,0.125,0.125,0.125,0.125,0.125,0.125,0.125,0.125
13,13.0,0.125,0.125,0.125,0.125,0.125,0.125,0.125,0.125
14,14.0,0.125,0.125,0.125,0.125,0.125,0.125,0.125,0.125
15,15.0,0.125,0.125,0.125,0.125,0.125,0.125,0.125,0.125
16,16.0,0.125,0.125,0.125,0.125,0.125,0.125,0.125,0.125
17,17.0,0.125,0.125,0.125,0.125,0.125,0.125,0.125,0.125
18,18.0,0.125,0.125,0.125,0.125,0.125,0.125,0.125,0.125
19,19.0,0.125,0.125,0.125,0.125,0.125,0.125,0.125,0.125
20,20.0,0.125,0.125,0.125,0.125,0.125,0.125,0.125,0.125
21,21.0,0.125,0.125,0.125,0.125,0.125,0.125,0.125,0.125
22,22.0,0.125,0.125,0.125,0.125,0.125,0.125,0.125,0.125
23,23.0,0.125,0.125,0.125,0.125,0.125,0.125,0.125,0.125
24,24.0,0.125,0.125,0.125,0.125,0.125,0.125,0.125,0.125
25,25.0,0.125,0.125,0.125,0.125,0.125,0.125,0.125,0.125
26,26.0,0.125,0.125,0.125,0.125,0.125,0.125,0.125,0.125
27,27.0,0.125,0.125,0.125,0.125,0.125,0.125,0.125,0.125
28,28.0,0.125,0.125,0.125,0.125,0.125,0.125,0.125,0.125
29,29.0,0.125,0.125,0.125,0.125,0.125,0.125,0.125,0.125
30,30.0,0.125,0.125,0.125,0.125,0.125,0.125,0.125,0.125
31,31.0,0.125,0.125,0.125,0.125,0.125,0.125,0.125,0.125
32,32.0,0.125,0.125,0.125,0.125,0.125,0.125,0.125,0.125
33,33.0,0.125,0.125,0.125,0.125,0.125,0.125,0.125,0.125
34,34.0,0.125,0.125,0.125,0.125,0.125,0.125,0.125,0.125
35,35.0,0.125,0.125,0.125,0.125,0.125,0.125,0.125,0.125
36,36.0,0.125,0.125,0.125,0.125,0.125,0.125,0.125,0.125
37,37.0,0.125,0.125,0.125,0.125,0.125,0.125,0.125,0.125
38,38.0,0.125,0.125,0.125,0.125,0.125,0.125,0.125,0.125
39,39.0,0.125,0.125,0.125,0.125,0.125,0.125,0.125,0.125
40,40.0,0.125,0.125,0.125,0.125,0.125,0.125,0.125,0.125
41,41.0,0.125,0.125,0.125,0.125,0.125,0.125,0.125,0.125
42,42.0,0.125,0.125,0.125,0.125,0.125,0.125,0.125,0.125
43,43.0,0.125,0.125,0.125,0.125,0.125,0.125,0.125,0.125
44,44.0,0.125,0.125,0.125,0.125,0.125,0.125,0.125,0.125
45,45.0,0.125,0.125,0.125,0.125,0.125,0.125,0.125,0.125
46,46.0,0.125,0.125,0.125,0.125,0.125,0.125,0.125,0.125
47,47.0,0.125,0.125,0.125,0.125,0.125,0.125,0.125,0.125
48,48.0,0.125,0.125,0.125,0.125,0.125,0.125,0.125,0.125
49,49.0,0.125,0.125,0.125,0.125,0.125,0.125,0.125,0.125
50,50.0,0.125,0.125,0.125,0.125,0.125,0.125,0.125,0.125
51,51.0,0.125,0.125,0.125,0.125,0.125,0.125,0.125,0.125
52,52.0,0.125,0.125,0.125,0.125,0.125,0.125,0.125,0.125
53,53.0,0.125,0.125,0.125,0.125,0.125,0.125,0.125,0.125
54,54.0,0.125,0.125,0.125,0.125,0.125,0.125,0.125,0.125
55,55.0,0.125,0.125,0.125,0.125,0.125,0.125,0.125,0.125
56,56.0,0.125,0.125,0.125,0.125,0.125,0.125,0.125,0.125
57,57.0,0.125,0.125,0.125,0.125,0.125,0.125,0.125,0.125
58,58.0,0.125,0.125,0.125,0.125,0.125,0.125,0.125,0.125
59,59.0,0.125,0.125,0.125,0.125,0.125,0.125,0.125,0.125
60,60.0,0.125,0.125,0.125,0.125,0.125,0.125,0.125,0.125
61,61.0,0.125,0.125,0.125,0.125,0.125,0.125,0.125,0.125
62,62.0,0.125,0.125,0.125,0.125,0.125,0.125,0.125,0.125
63,63.0,0.125,0.125,0.125,0.125,0.125,0.125,0.125,0.125
64,64.0,0.125,0.125,0.125,0.125,0.125,0.125,0.125,0.125
65,65.0,0.125,0.125,0.125,0.125,0.125,0.125,0.125,0.125
66,66.0,0.125,0.125,0.125,0.125,0.125,0.125,0.125,0.125
67,67.0,0.125,0.125,0.125,0.125,0.125,0.125,0.125,0.125
68,68.0,0.125,0.125,0.125,0.125,0.125,0.125,0.125,0.125
69,69.0,0.125,0.125,0.125,0.125,0.125,0.125,0.125,0.125
70,70.0,0.125,0.125,0.125,0.125,0.125,0.125,0.125,0.125
71,71.0,0.125,0.125,0.125,0.125,0.125,0.125,0.125,0.125
72,72.0,0.125,0.125,0.125,0.125,0.125,0.125,0.125,0.125
73,73.0,0.125,0.125,0.125,0.125,0.125,0.125,0.125,0.125
74,74.0,0.125,0.125,0.125,0.125,0.125,0.125,0.125,0.125
75,75.0,0.125,0.125,0.125,0.125,0.125,0.125,0.125,0.125
76,76.0,0.125,0.125,0.125,0.125,0.125,0.125,0.125,0.125
77,77.0,0.125,0.125,0.125,0.125,0.125,0.125,0.125,0.125
78,78.0,0.125,0.125,0.125,0.125,0.125,0.125,0.125,0.125
79,79.0,0.125,0.125,0.125,0.125,0.125,0.125,0.125,0.125
80,80.0,0.125,0.125,0.125,0.125,0.125,0.125,0.125,0.125
81,81.0,0.125,0.125,0.125,0.125,0.125,0.125,0.125,0.125
82,82.0,0.125,0.125,0.125,0.125,0.125,0.125,0.125,0.125
83,83.0,0.125,0.125,0.125,0.125,0.125,0.125,0.125,0.125
84,84.0,0.125,0.125,0.125,0.125,0.125,0.125,0.125,0.125
85,85.0,0.125,0.125,0.125,0.125,0.125,0.125,0.125,0.125
86,86.0,0.125,0.125,0.125,0.125,0.125,0.125,0.125,0.125
87,87.0,0.125,0.125,0.125,0.125,0.125,0.125,0.125,0.125
88,88.0,0.125,0.125,0.125,0.125,0.125,0.125,0.125,0.125
89,89.0,0.125,0.125,0.125,0.125,0.125,0.125,0.125,0.125
90,90.0,0.125,0.125,0.125,0.125,0.125,0.125,0.125,0.125
91,91.0,0.125,0.125,0.125,0.125,0.125,0.125,0.125,0.125
92,92.0,0.125,0.125,0.125,0.125,0.125,0.125,0.125,0.125
93,93.0,0.125,0.125,0.125,0.125,0.125,0.125,0.125,0.125
94,94.0,0.125,0.125,0.125,0.125,0.125,0.125,0.125,0.125
95,95.0,0.125,0.125,0.125,0.125,0.125,0.125,0.125,0.125
96,96.0,0.125,0.125,0.125,0.125,0.125,0.125,0.125,0.125
97,97.0,0.125,0.125,0.125,0.125,0.125,0.125,0.125,0.125
98,98.0,0.125,0.125,0.125,0.125,0.125,0.125,0.125,0.125
99,99.0,0.125,0.125,0.125,0.125,0.125,0.125,0.125,0.125
100,100.0,0.125,0.125,0.125,0.125,0.125,0.125,0.125,0.125
101,101.0,0.125,0.125,0.125,0.125,0.125,0.125,0.125,0.125
102,102.0,0.125,0.125,0.125,0.125,0.125,0.125,0.125,0.125
103,103.0,0.125,0.125,0.125,0.125,0.125,0.125,0.125,0.125
104,104.0,0.125,0.125,0.125,0.125,0.125,0.125,0.125,0.125
105,105.0,0.125,0.125,0.125,0.125,0.125,0.125,0.125,0.125
106,106.0,0.125,0.125,0.125,0.125,0.125,0.125,0.125,0.125
107,107.0,0.125,0.125,0.125,0.125,0.125,0.125,0.125,0.125
108,108.0,0.125,0.125,0.125,0.125,0.125,0.125,0.125,0.125
109,109.0,0.125,0.125,0.125,0.125,0.125,0.125,0.125,0.125
110,110.0,0.125,0.125,0.125,0.125,0.125,0.125,0.125,0.125
111,111.0,0.125,0.125,0.125,0.125,0.125,0.125,0.125,0.125
112,112.0,0.125,0.125,0.125,0.125,0.125,0.125,0.125,0.125
113,113.0,0.125,0.125,0.125,0.125,0.125,0.125,0.125,0.125
114,114.0,0.125,0.125,0.125,0.125,0.125,0.125,0.125,0.125
115,115.0,0.125,0.125,0.125,0.125,0.125,0.125,0.125,0.125
116,116.0,0.125,0.125,0.125,0.125,0.125,0.125,0.125,0.125
117,117.0,0.125,0.125,0.125,0.125,0.125,0.125,0.125,0.125
118,118.0,0.125,0.125,0.125,0.125,0.125,0.125,0.125,0.125
119,119.0,0.125,0.125,0.125,0.125,0.125,0.125,0.125,0.125
120,120.0,0.125,0.125,0.125,0.125,0.125,0.125,0.125,0.125
121,121.0,0.125,0.125,0.125,0.125,0.125,0.125,0.125,0.125
122,122.0,0.125,0.125,0.125,0.125,0.125,0.125,0.125,0.125
123,123.0,0.125,0.125,0.125,0.125,0.125,0.125,0.125,0.125
124,124.0,0.125,0.125,0.125,0.125,0.125,0.125,0.125,0.125
125,125.0,0.125,0.125,0.125,0.125,0.125,0.125,0.125,0.125
126,126.0,0.125,0.125,0.125,0.125,0.125,0.125,0.125,0.125
127,127.0,0.125,0.125,0.125,0.125,0.125,0.125,0.125,0.125
128,128.0,0.125,0.125,0.125,0.125,0.125,0.125,0.125,0.125
129,129.0,0.125,0.125,0.125,0.125,0.125,0.125,0.125,0.125
130,130.0,0.125,0.125,0.125,0.125,0.125,0.125,0.125,0.125
131,131.0,0.125,0.125,0.125,0.125,0.125,0.125,0.125,0.125
132,132.0,0.125,0.125,0.125,0.125,0.125,0.125,0.125,0.125
133,133.0,0.125,0.125,0.125,0.125,0.125,0.125,0.125,0.125
134,134.0,0.125,0.125,0.125,0.125,0.125,0.125,0.125,0.125
135,135.0,0.125,0.125,0.125,0.125,0.125,0.125,0.125,0.125
136,136.0,0.125,0.125,0.125,0.125,0.125,0.125,0.125,0.125
137,137.0,0.125,0.125,0.125,0.125,0.125,0.125,0.125,0.125
138,138.0,0.125,0.125,0.125,0.125,0.125,0.125,0.125,0.125
139,139.0,0.125,0.125,0.125,0.125,0.125,0.125,0.125,0.125
140,140.0,0.125,0.125,0.125,0.125,0.125,0.125,0.125,0.125
141,141.0,0.125,0.125,0.125,0.125,0.125,0.125,0.125,0.125
142,142.0,0.125,0.125,0.125,0.125,0.125,0.125,0.125,0.125
143,143.0,0.125,0.125,0.125,0.125,0.125,0.125,0.125,0.125
144,144.0,0.125,0.125,0.125,0.125,0.125,0.125,0.125,0.125
145,145.0,0.125,0.125,0.125,0.125,0.125,0.125,0.125,0.125
146,146.0,0.125,0.125,0.125,0.125,0.125,0.125,0.125,0.125
147,147.0,0.125,0.125,0.125,0.125,0.125,0.125,0.125,0.125
148,148.0,0.125,0.125,0.125,0.125,0.125,0.125,0.125,0.125
149,149.0,0.125,0.125,0.125,0.125,0.125,0.125,0.125,0.125
150,150.0,0.125,0.125,0.125,0.125,0.125,0.125,0.125,0.125
151,151.0,0.125,0.125,0.125,0.125,0.125,0.125,0.125,0.125
152,152.0,0.125,0.125,0.125,0.125,0.125,0.125,0.125,0.125
153,153.0,0.125,0.125,0.125,0.125,0.125,0.125,0.125,0.125
154,154.0,0.125,0.125,0.125,0.125,0.125,0.125,0.125,0.125
155,155.0,0.125,0.125,0.125,0.125,0.125,0.125,0.125,0.125
156,156.0,0.125,0.125,0.125,0.125,0.125,0.125,0.125,0.125
157,157.0,0.125,0.125,0.125,0.125,0.125,0.125,0.125,0.125
158,158.0,0.125,0.125,0.125,0.125,0.125,0.125,0.125,0.125
159,159.0,0.125,0.125,0.125,0.125,0.125,0.125,0.125,0.125
160,160.0,0.125,0.125,0.125,0.125,0.125,0.125,0.125,0.125
161,161.0,0.125,0.125,0.125,0.125,0.125,0.125,0.125,0.125
162,162.0,0.125,0.125,0.125,0.125,0.125,0.125,0.125,0.125
163,163.0,0.125,0.125,0.125,0.125,0.125,0.125,0.125,0.125
164,164.0,0.125,0.125,0.125,0.125,0.125,0.125,0.125,0.125
165,165.0,0.125,0.125,0.125,0.125,0.125,0.125,0.125,0.125
166,166.0,0.125,0.125,0.125,0.125,0.125,0.125,0.125,0.125
167,167.0,0.125,0.125,0.125,0.125,0.125,0.125,0.125,0.125
168,168.0,0.125,0.125,0.125,0.125,0.125,0.125,0.125,0.125
169,169.0,0.125,0.125,0.125,0.125,0.125,0.125,0.125,0.125
170,170.0,0.125,0.125,0.125,0.125,0.125,0.125,0.125,0.125
171,171.0,0.125,0.125,0.125,0.125,0.125,0.125,0.125,0.125
172,172.0,0.125,0.125,0.125,0.125,0.125,0.125,0.125,0.125
173,173.0,0.125,0.125,0.125,0.125,0.125,0.125,0.125,0.125
174,174.0,0.125,0.125,0.125,0.125,0.125,0.125,0.125,0.125
175,175.0,0.125,0.125,0.125,0.125,0.125,0.125,0.125,0.125
176,176.0,0.125,0.125,0.125,0.125,0.125,0.125,0.125,0.125
177,177.0,0.125,0.125,0.125,0.125,0.125,0.125,0.125,0.125
178,178.0,0.125,0.125,0.125,0.125,0.125,0.125,0.125,0.125
179,179.0,0.125,0.125,0.125,0.125,0.125,0.125,0.125,0.125
180,180.0,0.125,0.125,0.125,0.125,0.125,0.125,0.125,0.125
181,181.0,0.125,0.125,0.125,0.125,0.125,0.125,0.125,0.125
182,182.0,0.125,0.125,0.125,0.125,0.125,0.125,0.125,0.125
183,183.0,0.125,0.125,0.125,0.125,0.125,0.125,0.125,0.125
184,184.0,0.125,0.125,0.125,0.125,0.125,0.125,0.125,0.125
185,185.0,0.125,0.125,0.125,0.125,0.125,0.125,0.125,0.125
186,186.0,0.125,0.125,0.125,0.125,0.125,0.125,0.125,0.125
187,187.0,0.125,0.125,0.125,0.125,0.125,0.125,0.125,0.125
188,188.0,0.125,0.125,0.125,0.125,0.125,0.125,0.125,0.125
189,189.0,0.125,0.125,0.125,0.125,0.125,0.125,0.125,0.125
190,190.0,0.125,0.125,0.125,0.125,0.125,0.125,0.125,0.125
191,191.0,0.125,0.125,0.125,0.125,0.125,0.125,0.125,0.125
192,192.0,0.125,0.125,0.125,0.125,0.125,0.125,0.125,0.125
193,193.0,0.125,0.125,0.125,0.125,0.125,0.125,0.125,0.125
194,194.0,0.125,0.125,0.125,0.125,0.125,0.125,0.125,0.125
195,195.0,0.125,0.125,0.125,0.125,0.125,0.125,0.125,0.125
196,196.0,0.125,0.125,0.125,0.125,0.125,0.125,0.125,0.125
197,197.0,0.125,0.125,0.125,0.125,0.125,0.125,0.125,0.125
198,198.0,0.125,0.125,0.125,0.125,0.125,0.125,0.125,0.125
199,199.0,0.125,0.125,0.125,0.125,0.125,0.125,0.125,0.125
200,200.0,0.1241590909090909,0.1241590909090909,0.1241590909090909,0.1259772727272727,0.1241590909090909,0.1251590909090909,0.1270681818181818,0.1251590909090909
201,201.0,0.1232508333333333,0.1232508333333333,0.1232508333333333,0.1267175,0.1232508333333333,0.1252408333333333,0.1289641666666666,0.1260741666666666
202,202.0,0.1222683174242424,0.1222683174242424,0.1222683174242424,0.1282597113636363,0.1222683174242424,0.1252294174242424,0.1306407598484848,0.1267968416666667
203,203.0,0.121005056800505,0.121005056800505,0.121005056800505,0.1313350539722222,0.121005056800505,0.1257287176186868,0.131794548739899,0.1271214524671717
204,204.0,0.120534334297399,0.1197010009640656,0.120534334297399,0.134276885517601,0.1197010009640656,0.1259940329407323,0.1327397607295202,0.1265186502892172
205,205.0,0.1199074774537663,0.1183132466845355,0.1199715800178688,0.1375219359934368,0.1183132466845355,0.1261224490507385,0.1341369855368157,0.1257130785783027
206,206.0,0.1190615086872364,0.1167214894564671,0.1191249702256979,0.1420639043083969,0.1167214894564671,0.1258556146880524,0.1358577578126533,0.1245932653650287
207,207.0,0.1179903214662868,0.1149805147904627,0.1181075165212319,0.144729052621793,0.1159805147904627,0.1253695755024222,0.1389537055636109,0.1238887987437297
208,208.0,0.1167278155092352,0.1131214886758102,0.1168903672766344,0.1468614284336643,0.1150205795849011,0.125489147666034,0.1428822924906076,0.123006880363113
209,209.0,0.1152882430317573,0.1111144446581593,0.1154471331798342,0.1493577316007911,0.1138188779914926,0.1252019360716892,0.1468579207437216,0.1229137127225544
210,210.0,0.113738800702344,0.1090710159263262,0.11514280649155,0.1520066773376265,0.1130511483308164,0.1247399755338218,0.1502081289613878,0.1220414467161272
211,211.0,0.1119053675090274,0.1068139375244744,0.1144674079055929,0.1569066047618357,0.1119274941637942,0.1238324073452389,0.1533130703307937,0.1208337104592426
212,212.0,0.1105506599577191,0.105070040055918,0.1141489189400796,0.1616389225787717,0.1106259208652444,0.1227658614873806,0.1557354731845152,0.1194642029303712
213,213.0,0.1090685821505366,0.1032663537313807,0.1147039781461061,0.1654764243205084,0.1097635933733631,0.1214960075104134,0.158745391054036,0.1174796697136555
214,214.0,0.1074091427933501,0.102463724286884,0.1148833306288903,0.169782486724442,0.108658934934424,0.1199496491976406,0.1615688218221108,0.1152839096122579
215,215.0,0.1056657731164719,0.1015407657178674,0.1148142306132029,0.1737482361156056,0.1073812356099847,0.1182030939547689,0.164860543730838,0.1137861211412603
216,216.0,0.1044560872494058,0.1006105746085794,0.1146820582547123,0.1772335603538755,0.1060530051917606,0.1169119769028171,0.1677319712814148,0.1123207661574342
217,217.0,0.1033316708126982,0.1002474618384259,0.1145587282255694,0.1802730772835871,0.1047140076647409,0.1156079511074984,0.1703464196341506,0.1109206834333294
218,218.0,0.1022951157143972,0.0999242905508188,0.1144444642798477,0.1833564110627901,0.1033782084619425,0.1143049717612531,0.1727033169120189,0.1095932212569315
219,219.0,0.1008214691319551,0.0996396489597304,0.1147938314529912,0.1859968315172284,0.1020577799421056,0.1130153146619869,0.1743309485889848,0.1093441757450174
220,220.0,0.0993018264859443,0.0992688121245434,0.1149325710475065,0.1886307721407487,0.1007034414980266,0.1116268257691183,0.1765778537213106,0.1089578972128014
221,221.0,0.0978766377166779,0.098964242364996,0.1150202422257212,0.1908595294345641,0.099433300894586,0.1103034075779128,0.1789076764680722,0.1086349633174696
222,222.0,0.0964831109804888,0.0986390441595444,0.1149970905513249,0.1928476262723902,0.0985833450050249,0.1089684726885407,0.1812004492758939,0.1082808610667921
223,223.0,0.0951742607771548,0.0983186904376002,0.1153110193237817,0.1943383875771094,0.0977304633489984,0.1076566802224792,0.1835045759869137,0.1079659223259624
224,224.0,0.0939311572307861,0.0984118620798636,0.115522513226492,0.1955624527576022,0.0969449068322299,0.1063681289872226,0.1856764794166924,0.1075824994691111
225,225.0,0.0927460120246374,0.0985726749158745,0.1156250021024455,0.1972412654205306,0.0957999204679036,0.1050973023704091,0.1876960273952053,0.1072217953029939
226,226.0,0.0916227641854145,0.0986970257223286,0.1156251134246149,0.1989587174518942,0.0947163107216366,0.1038524893764769,0.1895430943440632,0.106984484773571
227,227.0,0.0904375312001774,0.098658536107479,0.1154029762443349,0.2005600764958419,0.0935683801022612,0.1025160821906225,0.1911050822996533,0.1077513353596297
228,228.0,0.0894321119684439,0.0986265934704809,0.1151363583451328,0.2010956492124919,0.0928858367932367,0.1012627196641699,0.1934127566772555,0.1081479738687883
229,229.0,0.0881873461023269,0.0982465422433573,0.1144767340813909,0.2012520881224925,0.0919250512340813,0.0997436302598222,0.197929569594921,0.1082390383616078
230,230.0,0.086847590411964,0.0977634783684774,0.1128427410609212,0.2022879649321811,0.0913007372359027,0.0982074726395289,0.203320791601119,0.1074292237499057
231,231.0,0.085350440333963,0.0970158167264306,0.1109210312060805,0.2038556617582701,0.0904626277909234,0.0971624142701063,0.2079512935287754,0.1072807143854506
232,232.0,0.0838514751620554,0.0961725038908845,0.109563431022809,0.2047608415639239,0.0895524979298321,0.096094461163106,0.212962139819881,0.107042649447508
233,233.0,0.0822445342223837,0.0951273373229348,0.1080021801485603,0.2063109028627331,0.0887979194258347,0.094891391437736,0.2172944186437159,0.1073313159361014
234,234.0,0.0805307115477201,0.0939076253316323,0.1062128102694441,0.2076347975506406,0.0879163053425238,0.093576309812327,0.2222677553789,0.107953684766812
235,235.0,0.0788413994585295,0.0926350938909854,0.1043295508273595,0.2084234434447565,0.0870446201671411,0.0922541483520234,0.2279742839067532,0.1084974599524512
236,236.0,0.0771992872712483,0.0913674148548249,0.1024647129982526,0.2097080851681158,0.0863568645657836,0.0902982202192762,0.2333535375443649,0.1092518773781336
237,237.0,0.0755103353810648,0.0903005801184822,0.1016935602911331,0.2110592650816758,0.0858493793406592,0.0888891319189934,0.2371300509525924,0.1095676969153988
238,238.0,0.0736667269768483,0.0889752303984368,0.1009868729107253,0.2134599268251127,0.0850777853515894,0.0872769112175932,0.2408072205317375,0.1097493257879567
239,239.0,0.0717646066108198,0.0875113259028165,0.1001249734587597,0.2174906240720566,0.0841969272567952,0.0855587442098958,0.2438493104866176,0.1095034880022386
240,240.0,0.0707105450775393,0.0859092448857829,0.0994057845570247,0.2216568945855038,0.0831995553940103,0.083733556430015,0.2463386207847647,0.1090457982853591
241,241.0,0.0696257316447906,0.0843053400894587,0.0986727311709372,0.2259974978299758,0.0821970920141335,0.0819450105098451,0.2487651840835905,0.1084914126572683
242,242.0,0.0686700923326837,0.0828152369140071,0.0977002815276801,0.2305538005337944,0.0810094716923498,0.0802849069244927,0.2510005865674536,0.1079656235075383
243,243.0,0.0678187455396268,0.081380154742368,0.0967702403331232,0.2350817528061767,0.0798341277151288,0.0787352505869316,0.2529917101020435,0.107388018174601
244,244.0,0.0670868700908814,0.0800305958131739,0.0959147072861504,0.2390299643476489,0.0786970463389601,0.077327936693373,0.2549076599481087,0.1070052194817033
245,245.0,0.0656160726162232,0.0787616538706052,0.0951158648009606,0.2426279930041946,0.0784564736719021,0.0760348094561949,0.2567765739409631,0.1066105586389561
246,246.0,0.0641012920007219,0.0781386922534361,0.0944898618290973,0.2454111195167701,0.0788445679905108,0.0744623605903499,0.2587063788613901,0.1058457269577236
247,247.0,0.0625234917293516,0.0780352656823858,0.0937018665409731,0.2490637759603924,0.0790118581736273,0.0728188997628714,0.2601207089396709,0.1047241332107273
248,248.0,0.0610336945354876,0.0779766203508444,0.0929125293506601,0.2529492138041169,0.0792069512157223,0.0712608975849055,0.2610670522797459,0.1035930408785169
249,249.0,0.0596451687536465,0.0772871876480787,0.091277517599499,0.2563499250925417,0.0794258854328254,0.0697900132894847,0.2630857541039925,0.1031385480799313
250,250.0,0.0588490706178298,0.0765403445835862,0.0896263177935554,0.2598516905927607,0.0788816442128089,0.0687988539087754,0.2644060292725932,0.1030460490180901
251,251.0,0.0580760394544195,0.0757316795071144,0.0879584268043652,0.2632365775517825,0.0782331467164492,0.0678215818440706,0.265950868538148,0.1029916795836503
252,252.0,0.0573606371100018,0.0754670413815306,0.0863275389068592,0.2664774961420731,0.0775760465597209,0.0673018348241934,0.2668041471144977,0.102685257961123
253,253.0,0.0566682361443309,0.0753599924775984,0.0843904023497003,0.2692306575887538,0.0768696669097687,0.0676169369249063,0.2675056903778811,0.1023584172270601
254,254.0,0.0560147133687786,0.0752592281589232,0.0824748557503091,0.2719084658458096,0.0761750807822108,0.0682088053383197,0.2679343322360291,0.1020245185196195
255,255.0,0.0558968001995876,0.0750234934329552,0.0805013311297247,0.2736863215189556,0.075404348108799,0.0689188380835587,0.2688472194115653,0.1017216481148536
256,256.0,0.0565923593188193,0.0746500833228263,0.0784994108505553,0.2752285341498293,0.0745349180223311,0.0695062685154307,0.269364742658598,0.1016236831616097
257,257.0,0.0572381631343191,0.0743881199694316,0.0765350332049155,0.2768415215853386,0.0735919769300906,0.0700192413067878,0.2696331640200929,0.1017527798490236
258,258.0,0.0578943449593466,0.0736418609259634,0.0746574422777222,0.2787249541477996,0.0726283075058916,0.0704959883526989,0.2700997250135766,0.1018573768170008
259,259.0,0.0587276602890603,0.0728549945195965,0.0728457152058625,0.2807162813263318,0.071587337085935,0.071226456467102,0.2701521918342277,0.1018893632718837
260,260.0,0.0586411341324014,0.0721003672320982,0.0707064404895989,0.2821364267346327,0.0708716366994666,0.0717121747463098,0.2719313344392953,0.1019004855261967
261,261.0,0.0584721672432703,0.0712712615461063,0.0690799672697976,0.2830918581805522,0.0701085327467062,0.0720750500833627,0.2737920613192203,0.102109101610984
262,262.0,0.0582097731766715,0.0703813592040139,0.0675002576900733,0.2844186993106319,0.0690278904258394,0.0728729122561089,0.2755711766477137,0.1020179312889471
263,263.0,0.0578753076586985,0.0694612406102614,0.0664455456760936,0.2857168672155292,0.0679550524436572,0.0737734667831037,0.2771063741080889,0.1016661455045672
264,264.0,0.057979374774712,0.068475366559673,0.0653968350576596,0.286362918811108,0.0668390736660843,0.0744853808143879,0.2790473541373329,0.101413696179042
265,265.0,0.0579309052426873,0.0686234012992448,0.0643358164141866,0.2866513369751747,0.0660997566343485,0.074986313871708,0.2807990481136524,0.1005734214489973
266,266.0,0.058136630505676,0.0687608385894865,0.0633431563696312,0.2868345837072311,0.0653541723465025,0.0753865208146114,0.2824846481071064,0.0996994495597545
267,267.0,0.0582573465114158,0.069173036166883,0.0623161584751761,0.286625167796993,0.0646016012776453,0.0757765392730645,0.2844719295580005,0.0987782209408214
268,268.0,0.0583756796163698,0.0696060055349055,0.0614076445500744,0.2865693226651072,0.0636102115683884,0.0761269733191128,0.2864296422510167,0.0978745204950247
269,269.0,0.0584242567490076,0.0699849822210943,0.0605530788124144,0.2865437061857311,0.0626199985331293,0.0766579715430411,0.2882658897888444,0.0969501161667375
270,270.0,0.0591434757937556,0.0695969029671483,0.0597504161840968,0.2864070293153359,0.0616849444404811,0.0770930757687892,0.2900474439792389,0.0962767115511539
271,271.0,0.0598234109362514,0.069176254692808,0.059027147422418,0.2861820295969923,0.0608124966490476,0.0774623463366574,0.2916722560403152,0.0958440583255098
272,272.0,0.0604683750533046,0.0687486770083474,0.0583943453597972,0.2858293662063359,0.0602591027894099,0.0777474296522565,0.2931313156261853,0.0954213883043629
273,273.0,0.061078686650898,0.0683239139762788,0.0578501598895764,0.285206586242792,0.0597588143104527,0.0779574622800023,0.2948022832461925,0.095022093403807
274,274.0,0.0616584202943226,0.0679140724316404,0.0573963864799329,0.2843512458470451,0.0594659068627121,0.0781076360771333,0.296450821833349,0.0946555101738644
275,275.0,0.0618900011406884,0.0675516242721956,0.0565700666300941,0.2846651361327761,0.0589073796652663,0.0782508604008016,0.2979176289703429,0.0942473027878346
276,276.0,0.0624549674661878,0.0673792194245307,0.0557829273047219,0.2853754275130478,0.0585528507473182,0.0785112646747708,0.2969900498948437,0.0949532929745785
277,277.0,0.062953143606434,0.0668318251984767,0.0550348897856742,0.2861208593002616,0.0582038207866613,0.0786693810092863,0.2965303224761643,0.0956557578370413
278,278.0,0.0633597474498249,0.0662592902064817,0.0543146035079207,0.2873298071386427,0.0578488852147222,0.0787055383207105,0.2958478254852603,0.0963343026764368
279,279.0,0.0636857103098728,0.0656799773605689,0.0536447659598155,0.2887290217497644,0.05749396533882,0.0786526297115818,0.2951269667125161,0.0969869628570601
280,280.0,0.063933704904508,0.0650985195265104,0.0530253561138698,0.2904415720638929,0.0571403864566301,0.0785172412362498,0.2942349798285002,0.0976082398698384
281,281.0,0.0641126761400154,0.0645206134575554,0.05244884920272,0.2921342389034341,0.0568135692367394,0.0784989802267944,0.2932675709894763,0.0982035018432645
282,282.0,0.0642255463647547,0.0642525554215777,0.0519142077488456,0.2937218298335803,0.056512461141142,0.0783946733475203,0.2922107106676076,0.0987680154749715
283,283.0,0.0643268154715898,0.064050120751648,0.0514623878194547,0.2951975315933047,0.0562614766163694,0.0778444216224134,0.2913338062282635,0.0995234398969561
284,284.0,0.0640976595059858,0.0638774836448982,0.0510730037122273,0.2967028815283226,0.0560726985800203,0.0772555352797509,0.2906581589893531,0.1002625787594414
285,285.0,0.063583993559693,0.0635096126978735,0.0508142303621106,0.298638269800222,0.0558087976320978,0.0766012113919623,0.2899450290950034,0.101098855461037
286,286.0,0.0630366880231894,0.0631445684953652,0.0505919618994544,0.3003380050639693,0.0555330199432821,0.0759121449640114,0.2895796215243507,0.1018639900863772
287,287.0,0.0624449417472156,0.0630562015214363,0.0503742863068416,0.3020085404787282,0.0552204045532784,0.0751688740880099,0.2891861175253484,0.1025406337791413
288,288.0,0.0618253289665449,0.0629523897755252,0.0501769849626242,0.3034012623521868,0.054909072104654,0.0747582268992529,0.288822951584528,0.1031537833546838
289,289.0,0.060972173016647,0.0627602055848605,0.0498978305079606,0.3054818803586376,0.0543008693119061,0.0743405553827151,0.2885319257750783,0.1037145600621947
290,290.0,0.0601015885585759,0.0625332699716026,0.0496191133794413,0.3075495230806133,0.0536835072825889,0.0740498032638752,0.2882786640204478,0.1041845304428548
291,291.0,0.059205870199979,0.0622574915552257,0.0493243571156893,0.3097124424528417,0.0530288599375934,0.07366755664835,0.2882541405128953,0.1045492815774254
292,292.0,0.0584937778930401,0.0619738162807168,0.0490495179330988,0.311822368096271,0.0524005854251315,0.0732527361176869,0.2881496222281851,0.1048575760258697
293,293.0,0.0577929004337844,0.0616861188243869,0.0487831647973101,0.3138552066023312,0.051782303124317,0.0728051283010091,0.2882028830230094,0.1050922948938519
294,294.0,0.0571169731531998,0.0614112064189324,0.0485446624109885,0.3158796097329248,0.0508575305805188,0.0725402353939866,0.2883688040597929,0.1052809782496561
295,295.0,0.0564485918541829,0.0608428194932056,0.0483099039386914,0.3182618353741717,0.0499531345817514,0.0722233902204089,0.2885553388188747,0.1054049857187134
296,296.0,0.0557910976510797,0.0602718117702796,0.0480691274118969,0.3205463354444976,0.0490591849647371,0.0718543643430659,0.2889558874405472,0.1054521909738959
297,297.0,0.0551558583425442,0.0597098344443473,0.0478379046190616,0.3223656873556047,0.0482037927904603,0.071452655549362,0.2898239364929478,0.105450330405672
298,298.0,0.054535845982065,0.0591374302706412,0.04785774062033,0.3240388116827019,0.0473823032325453,0.0710073588791443,0.2909247607358959,0.1051157485966764
299,299.0,0.0539601367828179,0.0585971084101598,0.0479055178932859,0.3254644432614623,0.0465275090357928,0.0706873335179838,0.292102953110759,0.1047549979877385
300,300.0,0.0534089505392648,0.0580575706335925,0.0479383492392157,0.3264610560262302,0.0459710352788282,0.0703331470771569,0.2934793950373769,0.1043504961683349
301,301.0,0.0528973055429688,0.0577733615639856,0.0479817390048317,0.3271387563829976,0.0454706741590033,0.0699948251756777,0.2948182863344523,0.1039250518360828
302,302.0,0.052016381256187,0.0575440780416116,0.0476104996442718,0.3279539774818155,0.0450141967602133,0.0696577174201431,0.2960617283643094,0.1041414210314483
303,303.0,0.0511485329342859,0.0572582111637748,0.0472053586790259,0.32850171686842,0.0448162728107429,0.0692739523466045,0.2973068949696278,0.1044890602275181
304,304.0,0.0503219393355636,0.0569584544768289,0.0468002421297662,0.3281743252448511,0.0446373529650391,0.0688978836013415,0.2992340232769733,0.1049757789696361
305,305.0,0.0496544690072891,0.0566170517630405,0.0463673965041872,0.3282489148100359,0.0444449818148578,0.0684697649302254,0.3006419889430498,0.1055554322273141
306,306.0,0.0490165410662281,0.0562812649317686,0.0459254974584189,0.3278978845813998,0.0442534772342003,0.0680088551223683,0.3025298641375842,0.1060866154680316
307,307.0,0.0484057641890581,0.05593496464323,0.0454696090494586,0.3275126098874668,0.0440589491586123,0.0675120500814036,0.3045428699562367,0.1065631830345338
308,308.0,0.0478259024552999,0.0555823255895304,0.0450054443933463,0.3269006978312224,0.043865524633538,0.0671342342176569,0.3066995347182209,0.1069863361611848
309,309.0,0.0472779131890936,0.0552250677205634,0.044536124081786,0.3265257506349209,0.0436726435849297,0.0667202255849512,0.3084644855612838,0.1075777896424711
310,310.0,0.0467590193187864,0.0548594237501126,0.0440601742839048,0.326369165423422,0.0434731356455487,0.066275332255596,0.3100987200008733,0.1081050293217559
311,311.0,0.0462833077124781,0.054511833318062,0.0436002300310014,0.3259400852457684,0.0432774829480625,0.0658401471136089,0.3119714551700472,0.1085754584609713
312,312.0,0.0457711685744886,0.0539719271965643,0.0431690882807051,0.3255357794258632,0.0430972897673268,0.0654321995781098,0.314111428634182,0.1089111185427597
313,313.0,0.0452898588200562,0.0534432513100739,0.0427478052044538,0.3252952759328283,0.0429268092410936,0.0650954113802725,0.3160099030942906,0.1091916850169305
314,314.0,0.0448548624973863,0.0529725075352002,0.0423623119191923,0.3250027577544848,0.0427822975298975,0.0647704950196832,0.3178200033570836,0.1094347643870716
315,315.0,0.0444602924698574,0.0525097221247496,0.0419961044338958,0.3246271316890556,0.0427426549029289,0.0644571010364299,0.3195764803727939,0.1096305129702884
316,316.0,0.0440868993793466,0.0520099895098127,0.0416260175985093,0.3244818766939194,0.0426763165425901,0.0641254875353601,0.3214673497142521,0.1095260630262091
317,317.0,0.0437451142888006,0.0514889345497567,0.0412684449370007,0.324040038376061,0.0426103147363225,0.0637984575215926,0.3235291841467032,0.1095195114437623
318,318.0,0.0434227693067831,0.0509552748847257,0.0409165789154372,0.3234235957382996,0.0423347303385541,0.0634526387506681,0.3258084069070019,0.1096860051585298
319,319.0,0.0431218817796859,0.0504121766643,0.0405715873057875,0.3226691556348554,0.0420405212834241,0.0630998047455184,0.3281655957207252,0.109919276865703
320,320.0,0.042858502948652,0.0499031241762169,0.0402511974945709,0.3222677241145287,0.0417488814994546,0.0627641551025485,0.3300938268079105,0.1101125878561175
321,321.0,0.0426143029670387,0.0493959442857501,0.0399378923902472,0.3218894211377424,0.0414502512474294,0.0627420149767545,0.3319191733937133,0.1100509996013241
322,322.0,0.0424153786575307,0.0489156227285295,0.0396601909818454,0.3210578414032116,0.041445591729057,0.0627570722095169,0.333786058787374,0.1099622435029346
323,323.0,0.0422344272815571,0.0484607665824903,0.0393907161247355,0.3204314674140089,0.0414273557827422,0.0627510019234056,0.3354756201141964,0.1098286447768637
324,324.0,0.042070024590603,0.0480320502763775,0.039129580757845,0.3196004238641691,0.0413948837278939,0.0627226840446853,0.3372919007741891,0.1097584519642368
325,325.0,0.0419269283638661,0.0476329351071029,0.038884559347243,0.3189493241058338,0.0413493210057995,0.0626883821307598,0.3389175003024785,0.1096510496369161
326,326.0,0.0418858468003138,0.0472580235452353,0.0386504492971559,0.3184933999996612,0.0412832614166296,0.0625112315136169,0.3404125186891765,0.1095052687382105
327,327.0,0.0418744704279006,0.0469968556945979,0.0385511533571177,0.3176448450730685,0.0414624376827888,0.0623480080975122,0.3417761309668956,0.1093460987001182
328,328.0,0.0418760833640001,0.0467642396978609,0.0384644082712281,0.316838326561825,0.0416408657592928,0.062170825674378,0.3430741838401635,0.1091710668312513
329,329.0,0.0418903424459971,0.0465606624280912,0.0383895479927026,0.3155028213096325,0.0419891938824023,0.0619811753710086,0.3447004185800613,0.1089858379901042
330,330.0,0.0419118566934813,0.0463668629359921,0.0383189656027191,0.3141666963007838,0.042331277523418,0.0617785632168483,0.3463375409449821,0.1087882367817749
331,331.0,0.0419535319315496,0.0462315444240829,0.0382712466061108,0.312314928656943,0.0426784113566628,0.0612711812701041,0.3481694763371873,0.1091096794173592
332,332.0,0.0419866322267025,0.0462885972746798,0.0382104427001213,0.310208013886899,0.0429902344296508,0.0607448759186772,0.3500628023686798,0.1095084011945892
333,333.0,0.0420261547332942,0.0463308739656308,0.0381542021500606,0.308147122839454,0.0430587177593699,0.0602303529345402,0.3520519158743743,0.1100006597432758
334,334.0,0.0420558952712901,0.046339882572754,0.0380855149280072,0.3061663856412669,0.0430804541701523,0.0597064463457393,0.3540162030251989,0.1105492180455911
335,335.0,0.042173717935507,0.0463337355035234,0.0380096748205918,0.3043819315118344,0.0430704607830955,0.0591717703204211,0.3557038280849362,0.1111548810400902
336,336.0,0.0422759456613077,0.0462926561484466,0.0379191469443552,0.3026560078576421,0.0430272360231841,0.0586225485448101,0.3573989466236617,0.1118075121965923
337,337.0,0.0423657133578355,0.0465080817800872,0.0380551333352209,0.3010562320341098,0.0429569639339592,0.0580708316280937,0.3587545190440103,0.1122325248866833
338,338.0,0.0427102020678746,0.0466861333366416,0.0381825223329479,0.2992763850819342,0.042875448272577,0.0575345826955689,0.3601169157145056,0.11261781049795
339,339.0,0.0430321921796194,0.046824597690865,0.0382904330263029,0.2973966080422073,0.0427716667777769,0.0570016171000386,0.3616328679209065,0.1130500172622832
340,340.0,0.0433291490932755,0.0468560039358765,0.0383874997969739,0.2955445089796619,0.0426450277444661,0.0564842240388562,0.3632413093910108,0.1135122770198789
341,341.0,0.0435985170513239,0.046862646584993,0.0384713286597896,0.2940604735451059,0.0424963810384643,0.0559824187650367,0.3647731460004745,0.1137550883548118
342,342.0,0.0438406421411313,0.0468432672560006,0.038542431496479,0.2927103507746307,0.0423177697476346,0.0555878062145554,0.3660249572033008,0.1141327751662674
343,343.0,0.0440492589041999,0.0467952567469953,0.0385890496994531,0.2912798568640936,0.0421105900535024,0.0551962378628603,0.3674446651918518,0.1145350846770433
344,344.0,0.0442309296592713,0.0467245165322621,0.0386217647510026,0.2897368534737354,0.0418911553250838,0.0548256332923788,0.3689974654509816,0.1149716815152842
345,345.0,0.044388090737043,0.0466636789222779,0.0388400783374066,0.2881891547286507,0.0416571774912288,0.0544684011077975,0.3703383134124934,0.115455105263102
346,346.0,0.044619902197115,0.046594126606534,0.0390383979000404,0.2864866597914176,0.04140710788943,0.0541171585673568,0.3716252519789409,0.1161113950691652
347,347.0,0.0448114426651568,0.0466729259895889,0.0392074444596212,0.2843630078450373,0.0411429544742766,0.0537680767222347,0.3730556073973132,0.1169785404467711
348,348.0,0.0449674835483826,0.0469081150594535,0.0394380579219482,0.2821759206502727,0.0408565919121001,0.0534117231031758,0.3744749675128406,0.1177671402918263
349,349.0,0.0450971954395543,0.0469072531266142,0.0396419856849746,0.2801241279050258,0.0405602661325059,0.053292006073479,0.3758895271018936,0.1184876385359524
350,350.0,0.0451897731669382,0.0471056816149139,0.0398136780800411,0.2781613085184974,0.0402535601512234,0.0532689217570481,0.3772325454813736,0.1189745312299641
351,351.0,0.045254638171371,0.0472792988207419,0.0399654935705252,0.2761403386758916,0.0399465918021804,0.0533648852646619,0.3784446982232815,0.1196040554713462
352,352.0,0.0452916539047147,0.0474251476776824,0.0399985884864546,0.2742337354735969,0.0396449832972213,0.053541904896486,0.3796274099123694,0.1202365763514744
353,353.0,0.045304153074558,0.0475566091202885,0.0400083644599719,0.2724004324813998,0.0393436476496215,0.0537959948625909,0.3807930862949489,0.1207977120566202
354,354.0,0.0452824591862933,0.0476550049600929,0.0399907424408327,0.2706307661693449,0.039039837202343,0.0540335890548298,0.3818865694751313,0.1214810315111319
355,355.0,0.0452233890156974,0.0478976743535079,0.0399345463920474,0.2689405597089821,0.0387284732577517,0.0542368923247015,0.3831088712208491,0.1219295937264627
356,356.0,0.0451406785749827,0.0480877771836707,0.0398586695141917,0.2672241213182694,0.0384354554603136,0.054425923908444,0.3844490674508035,0.1223783065893241
357,357.0,0.0450356758790018,0.0482444653786181,0.0397666544688459,0.2657761282793796,0.0381569176822839,0.054792971518796,0.3855988852014095,0.1226283015916651
358,358.0,0.044207730334843,0.0485733444641956,0.0398675590025275,0.2643374973690514,0.0381059029460537,0.0553417536521088,0.3875155329925212,0.1220506792386985
359,359.0,0.0433670334717891,0.0488647666600859,0.0399469153797319,0.2629446010953837,0.0382497523872791,0.0558531362639426,0.3894839556601391,0.1212898390816484
360,360.0,0.0425225803752052,0.0491193020272861,0.0400058277012597,0.2617189148408874,0.0383941829701111,0.0565212720323099,0.3911696720732947,0.1205482479796457
361,361.0,0.0418676697034736,0.0493402956764911,0.0399734231752721,0.26081019857872,0.0385440831388772,0.057152576549607,0.3926517043906873,0.1196600487868713
362,362.0,0.041213355149561,0.0495979134650784,0.0399185410958469,0.2599105704395908,0.0386834452050063,0.0577228684665134,0.3941475131030303,0.1188057930753727
363,363.0,0.0405673940227904,0.0498141548612238,0.0398485617958033,0.2591900433447575,0.03854247972662,0.0582333550563806,0.3957880696697376,0.1180159415226866
364,364.0,0.0399433906684592,0.0499978369124784,0.0397731389389944,0.2585875196212105,0.0384035080049404,0.058705612236405,0.3974743122503915,0.1171146813671203
365,365.0,0.039263706291959,0.0502323711816622,0.0396952366616635,0.2578841334547784,0.0382720364160735,0.0591445782813528,0.3992774430258021,0.1162304946867081
366,366.0,0.0386237123842386,0.0503049932946042,0.039630482870641,0.257059307115266,0.0381546687702073,0.0595493014373353,0.4012882793374245,0.1153892547902828
367,367.0,0.0380155270769257,0.0503522904904507,0.039550840706404,0.2563022075642175,0.038033240100787,0.0598994377628248,0.4032875602485559,0.114558896049834
368,368.0,0.0374413878212592,0.0503756614088181,0.0394574607260147,0.2555416647115735,0.037908343885477,0.0601033818143291,0.4052860518272485,0.1138860478052795
369,369.0,0.0369052803004538,0.0503789161205354,0.039356971709889,0.2550130129435751,0.0377851702006431,0.0602605619557824,0.4070630822535322,0.1132370045155886
370,370.0,0.0364082626132434,0.0503635357632889,0.0392503446663222,0.2545462016341455,0.0376640719388617,0.0603726783551651,0.4087801944133827,0.11261471061559
371,371.0,0.035947389211908,0.0503269360964738,0.0391380563715917,0.254182098713566,0.0375443538566943,0.0605200460823781,0.4103125510552702,0.1120285686121174
372,372.0,0.0354098903560512,0.0502341274870245,0.0389061816211587,0.2545756937757029,0.0373095824667366,0.0605039237702772,0.4117045165808052,0.1113560839422433
373,373.0,0.0348134744339784,0.050009529842379,0.0385665457890892,0.2549587778381834,0.0369779841021327,0.0603406759795479,0.4137199057999626,0.1106131062147265
374,374.0,0.0341782908455913,0.0496924870357732,0.038147772417963,0.2551572001141514,0.0365705595971213,0.060139428259986,0.4162893793892576,0.1098248823401557
375,375.0,0.0335869021603911,0.0493687734068452,0.037733045880595,0.2553295608120995,0.0361721366016222,0.0599064757164085,0.4188270461177787,0.1090760593042593
