,Unnamed: 0,Generation,Intertwine_two,Add_vertex,Delete_vertex,Invert_path_vertices,Insert_inside_vertex,Delete_inside_vertex,Replace_inside_vertex,Donate_between_routes,Merge_terminals,Trim_one_terminal_cb,Trim_one_path_random_cb,Grow_one_terminal_cb,Grow_one_path_random_cb
0,0.0,0.0,0.07692307692307689,0.07692307692307689,0.07692307692307689,0.07692307692307689,0.07692307692307689,0.07692307692307689,0.07692307692307689,0.07692307692307689,0.07692307692307689,0.07692307692307689,0.07692307692307689,0.07692307692307689,0.07692307692307689
1,1.0,1.0,0.08544519971234726,0.08501653436461143,0.08310021550627597,0.07779377405477386,0.0768330874705493,0.0745197751327135,0.0776731152223045,0.06943758630313537,0.06072357187412505,0.07538107362590518,0.06923263398157323,0.09181576336167795,0.07302766939000677
2,2.0,2.0,0.08672509436708231,0.07938269522417257,0.06953592523466293,0.08626091140084727,0.07224541019151401,0.08297162443478391,0.07694029519884665,0.06180339483261325,0.05475689878887694,0.09525383949965843,0.06836912438251781,0.09068976907285965,0.07506501737156375
3,3.0,3.0,0.09496036041142084,0.07329342996749327,0.08321410912679199,0.08644263328739074,0.06817269783772663,0.09069111999368569,0.07451082673820993,0.06459716136165905,0.052570055033187194,0.09515302913722942,0.06657320628496724,0.08368272725329931,0.06613864356693812
4,4.0,4.0,0.09316468734265879,0.08444653275245412,0.07575501119325788,0.07945031790371057,0.06428025434167306,0.08713361515034361,0.07199691491999635,0.06558952301049571,0.05366147087636384,0.0954508889999496,0.07459327252920682,0.08675295259340876,0.06772455838648027
5,5.0,5.0,0.08361251259792817,0.07639272601960727,0.08028660097682651,0.09109240300654567,0.06502522622505921,0.08392335708995474,0.0663950997631392,0.06165333981963476,0.06094971879169636,0.09289616598393799,0.062147251618472545,0.10046189750159595,0.07516370060560117
6,6.0,6.0,0.07884156758808064,0.08738247815308758,0.07549046155717833,0.08104578479671508,0.07048297424432612,0.09302815665799118,0.0640641696825218,0.06486945458622266,0.04796497588772805,0.09690150707869179,0.06769716452165374,0.10159186013906085,0.0706394451067417
7,7.0,7.0,0.09230141941485592,0.07240379449441628,0.07816579249979354,0.09263162157153237,0.06450056668250573,0.07817543965803805,0.0737968530073187,0.06478243453760876,0.04769866293418982,0.09783756903999409,0.07720986856578119,0.08868756913327504,0.07180840846069002
8,8.0,8.0,0.09253916364794208,0.08062026707196723,0.08950524298168926,0.07989025847698954,0.06594138470987664,0.09638758263523103,0.06526955510121948,0.06670858863645088,0.049340126518842495,0.0938653341488657,0.0727759658671228,0.08312231251863304,0.06403421768516927
9,9.0,9.0,0.0959191919498743,0.08216623262014786,0.08458711262422546,0.07785928657181976,0.07362531811383558,0.07055200819791972,0.06923862181310746,0.06685676320360645,0.05949015658390851,0.10404609987522315,0.05812048865339168,0.08819388234352749,0.06934483744941211
10,10.0,10.0,0.08526544593763896,0.07615983784525518,0.08488299475807427,0.07590754631024248,0.07045962985777596,0.08242661047613267,0.069523598811967,0.057962971033436964,0.05234554422534834,0.09623919553820362,0.07610946863735032,0.10554029210373868,0.06717686446483494
11,11.0,11.0,0.10155571083399757,0.07607968018224122,0.09037908958058768,0.07988311937673959,0.06355073562435028,0.08170936239581841,0.0669359743559719,0.06292290485965264,0.047420923578269714,0.09437766103585747,0.07903842661457927,0.0906340057785297,0.06551240578340412
12,12.0,12.0,0.08475862092437478,0.08311877881163483,0.09694695771509143,0.07894464263957576,0.07598549142760376,0.08445536910808467,0.07028228384613919,0.060194328423283296,0.04595794417621333,0.09071677234191237,0.07308200887725701,0.09706963720940781,0.0584871644994213
13,13.0,13.0,0.08691816542261493,0.07869563919990795,0.0886241785562176,0.08515994305183278,0.06124804499112311,0.09657520334386041,0.06094982932178378,0.07607613706942608,0.04411890329135897,0.09565226657620954,0.07226223008737939,0.09513571809210121,0.05858374099618372
14,14.0,14.0,0.08582619384230246,0.09290420738507917,0.08723043282460341,0.09189271211113345,0.07078974417315369,0.08077213021343291,0.071743222502984,0.05516145768496937,0.03636423408662921,0.09526646806964835,0.08109584215260922,0.09020007421952086,0.060753280733933455
15,15.0,15.0,0.09156671522342813,0.08966377606562903,0.08162293260179716,0.07114111849976461,0.07280992655493701,0.08108619576050143,0.07232085801719838,0.05871165686709508,0.04493767982361302,0.09308719852527554,0.06846064027829978,0.09869417546031278,0.07589712632214755
16,16.0,16.0,0.09173293839706628,0.07968928840019276,0.09460121259334019,0.0810283096606254,0.06913308309709026,0.08125157025398459,0.06456514192863268,0.045801534323850514,0.05783876958669458,0.11461326064425692,0.06471352759963515,0.0965836828731137,0.05844768064151643
17,17.0,17.0,0.07517115761541085,0.07633072807796142,0.07638611250718215,0.07736311231116083,0.06982347153424867,0.09511255297403177,0.07039655595714252,0.05996112143363762,0.05066840318057886,0.09968390891193755,0.07205817816519215,0.1060689758878169,0.07097572144369836
18,18.0,18.0,0.0979325566629397,0.08645474530898786,0.0705740024141689,0.07483928487441711,0.06290825326141178,0.09277243764904101,0.06267118566198808,0.06213135376449175,0.0480806238463492,0.10557635254674065,0.0784095004076645,0.09753330655226902,0.06011639704952999
19,19.0,19.0,0.08065611979287676,0.08201706783555204,0.08747631384383103,0.08832444991244787,0.08656826345438012,0.07393512726227423,0.05983878304709868,0.05923701162021779,0.050750653174176506,0.11033980181002712,0.06288605013311156,0.10063001533698171,0.057340342777024086
20,20.0,20.0,0.08325300854638237,0.0820770735808226,0.08316770927341963,0.07735749178799946,0.06917080881615492,0.10163297931264155,0.051153692951484496,0.0648887084301208,0.049720417602619756,0.08925115865670755,0.0700463418056251,0.10526755004441583,0.07301305919160542
21,21.0,21.0,0.08207063327071082,0.0770443903016226,0.09435618888688166,0.07397408764684196,0.07280041853446909,0.08061981211908766,0.07648771549216582,0.057756334388731026,0.045575730243286185,0.10562982052101744,0.07391214163154694,0.09202793972367079,0.06774478723996762
22,22.0,22.0,0.07485991292607742,0.07736643605231334,0.08834811288718945,0.08558640928513424,0.05787354002306927,0.09648482345846097,0.05409632246277448,0.05697288473377267,0.05183928296654995,0.1148972686970764,0.07314092831015875,0.10687388541742338,0.06166019277999922
23,23.0,23.0,0.09756335755000638,0.06756316663009741,0.08853491587171722,0.08009869273410433,0.07954472389860673,0.08122861737135587,0.059924231322244816,0.04985183249035623,0.04772125916183522,0.10242630857857479,0.07137570812788019,0.09972497952896504,0.07444220673425539
24,24.0,24.0,0.07715356998438039,0.09316343487711373,0.0912949947457242,0.08988906247339944,0.0665806026216678,0.07785288577128183,0.05946748004809691,0.061218271967748636,0.04549944755860118,0.11288184417762175,0.06667287211678091,0.10144831710372222,0.05687721655386061
25,25.0,25.0,0.09935141761730183,0.08662306316813288,0.0883991375923407,0.08328182553145974,0.06556232530996552,0.08135761122857323,0.04977813155912055,0.04863657337811203,0.045897589875211565,0.11570730446853703,0.06429095018062744,0.10846454104055296,0.06264952905006417
26,26.0,26.0,0.08209450433342627,0.09491464880972364,0.07090303113435875,0.088102389125867,0.06130815454355647,0.0924211531867202,0.06506742688531895,0.05236979853224364,0.04219237270197882,0.10651245552468344,0.0742223487566834,0.09510295061796134,0.07478876584747761
27,27.0,27.0,0.07778171947837462,0.0822910867684484,0.07760526783773322,0.06840544604882862,0.06597575083982184,0.08605303074747353,0.05963809141747171,0.06182441800601084,0.05397020116753688,0.096329011220874,0.07416374418476293,0.11236724897922575,0.08359498330343723
28,28.0,28.0,0.08750804389773775,0.09062178467796438,0.11453851835887179,0.06096956090097159,0.0673397304719165,0.07697644535459311,0.05433013785556664,0.05920956786183414,0.03980828120547629,0.11970518933310441,0.05760042949162077,0.10542879775967177,0.06596351283067053
29,29.0,29.0,0.0898338999287944,0.08838871172538335,0.09836488873083982,0.07058283459994327,0.06883424066818158,0.08451552297728063,0.061886865813055095,0.05200919385664345,0.03569942497162094,0.09375184345810418,0.07456756645879076,0.11263692293480657,0.06892808387655557
30,30.0,30.0,0.07955054473537433,0.08850495469277685,0.09685068687001801,0.08963192303359174,0.05468805728243333,0.08467833964731664,0.04336031957074135,0.05755975824907948,0.04074679454957766,0.10330938483605392,0.07264534479000925,0.12054755588342492,0.06792633585960214
31,31.0,31.0,0.07738846581201327,0.08820547848938066,0.08608370917208044,0.08595864543380664,0.06264919642093617,0.08484906267892996,0.06926175079178695,0.05443721978240366,0.050471113470826647,0.11447357053251335,0.07382713916088618,0.09582191228123556,0.05657273597320013
32,32.0,32.0,0.07152330237191752,0.08024051366512572,0.09609910914146325,0.08246479886362976,0.05788487171694553,0.08950948439011588,0.0646535303749002,0.05881535269911533,0.04087910309617239,0.1069992441875551,0.07778880738742729,0.10421265125489869,0.068929230850733
33,33.0,33.0,0.06847166734063112,0.08426517465921353,0.08371137704962711,0.07263855593077059,0.06020118622336116,0.09572912964667016,0.07500162575009117,0.04696095178576699,0.04095439744593689,0.12828290977962029,0.06898640274639847,0.11822966366580841,0.05656695797610367
34,34.0,34.0,0.08052394527464282,0.07497605546444668,0.08744857428985202,0.09541611069107336,0.07993951449139142,0.08092967673938961,0.07905211284020179,0.060844981014448664,0.03933646310398706,0.11131715666938172,0.06602664860071139,0.09317895311828482,0.05100980770218825
35,35.0,35.0,0.08429352829946471,0.08584358580025783,0.1020677665002085,0.08805112815436572,0.0622023667845563,0.08381981247369277,0.06400739019172781,0.05807370544365738,0.03696820101984539,0.11333836489084503,0.07698211035018475,0.09333902004455887,0.051013020046634584
36,36.0,36.0,0.08658090142555497,0.07928881016400241,0.09006453398025457,0.09351777746532643,0.0709373189400627,0.0898168125341253,0.07048006521966563,0.04032741374455183,0.03791347823846284,0.09681553658891749,0.06419632019610468,0.11115833906362342,0.06890269243934735
37,37.0,37.0,0.08041758086199338,0.10300854255782108,0.09632060082016838,0.08051219992051857,0.06132432171046966,0.08658279019655356,0.06770604523624013,0.0560604557478601,0.03825319505859469,0.10612854740851692,0.07340117153874169,0.08970451233566244,0.060580036606859025
38,38.0,38.0,0.07178454952079347,0.08770550049705844,0.07952277672092636,0.08530444251864391,0.0638710162920361,0.0853763484119304,0.05514086868071312,0.07298153076649583,0.040314855537905155,0.11272117822085168,0.061551222832713415,0.10943768101258108,0.07428802898735061
39,39.0,39.0,0.06787007686775248,0.09630983254585382,0.09320469841661513,0.07896108282043848,0.0631154070427958,0.08599144604471487,0.06594054425696999,0.061927081390796945,0.0355837187161266,0.12651323242332443,0.06249397811201468,0.09991076764932436,0.062178133713272
40,40.0,40.0,0.08321609502828736,0.08785895568522414,0.0985415605181343,0.08587684743495719,0.0561166404080188,0.08864696446722271,0.06153736432804517,0.059725978616275564,0.04148047446647224,0.1137679435497538,0.0707575772803498,0.0974339352811673,0.05503966293609126
41,41.0,41.0,0.09168282618102847,0.09642926029707921,0.10010956798267141,0.08996940401667583,0.07221751361206206,0.07155317373694274,0.049942158570209595,0.052488584237342,0.04179353536888344,0.09877771525668752,0.056636617451332395,0.11086268911772335,0.06753695417136168
42,42.0,42.0,0.07723547323813898,0.09423880080887972,0.08716857082366956,0.07480225818126517,0.073813331919077,0.08757318947466712,0.06113619309845762,0.05598435552748032,0.03918723728436737,0.11052756956515213,0.06060663170529532,0.1007268416577864,0.07699954671576292
43,43.0,43.0,0.07135878471804062,0.0982503283909821,0.09298585039479157,0.07984635513433232,0.0638736402523144,0.09958354602298411,0.06987394584571761,0.053606476435292226,0.03233771023688299,0.10760966688368567,0.0661222970178075,0.09034000779499371,0.07421139087217483
44,44.0,44.0,0.07948339024740488,0.09206490188526092,0.10177885894696301,0.07592050599485442,0.06625382368992325,0.1020604898150315,0.050856437592085135,0.06214423540543416,0.030000000000000016,0.10842305208135594,0.07439146934430188,0.0966862636340145,0.059936571363370085
45,45.0,45.0,0.07224425575658713,0.09364960212078269,0.08896267065730182,0.06329274847049968,0.07437465343651341,0.09892798235880085,0.06616785492084457,0.06106598077910465,0.04479886890670799,0.118062283327529,0.07087324960189487,0.09952724304895735,0.0480526066144756
46,46.0,46.0,0.08528558662730391,0.09274518839293473,0.0904379043532664,0.08454695410468097,0.06419876280940132,0.0800432761149664,0.054060462278751484,0.054675689645089086,0.03467000934638202,0.11673427323004304,0.06296312185290018,0.10761032014835617,0.07202845109592394
47,47.0,47.0,0.07087808360013052,0.09535047618247845,0.09408870024664998,0.0887710508665151,0.05959166039531475,0.08688365565057307,0.04618386861411785,0.06579227383009528,0.054913506215294824,0.11519251048424059,0.05785390951646395,0.10740825945532732,0.05709204494279796
48,48.0,48.0,0.07809962229480719,0.08327814711651824,0.0896838925519909,0.07741753826305724,0.05924267588628153,0.08665095551702857,0.050539419923903574,0.06162088945091156,0.046730837239900284,0.12093088855003586,0.06817281386659915,0.1086789589994509,0.06895336033951466
49,49.0,49.0,0.09915535567385922,0.08527220811804348,0.11199424749959057,0.08093359010166698,0.05543928990269533,0.08272048973567844,0.07995335309924148,0.05466518770231923,0.03722796948070177,0.10733760205508829,0.05629421110405619,0.09082640164663172,0.05818009388042687
50,50.0,50.0,0.08692954669107203,0.08160938399849567,0.09292428980960918,0.0847489183701473,0.054805975227707616,0.10354044380264127,0.06872411751637579,0.06013571425221985,0.03940933305420253,0.10625559772000844,0.06613754717804578,0.09199131133796581,0.06278782104150843
51,51.0,51.0,0.08584473905891998,0.08009817455472805,0.08678467717289326,0.0752061152943668,0.06277450217975342,0.08226809271917011,0.05534333027616427,0.05900414016992478,0.053428327555616564,0.11394457455407152,0.0736570324936827,0.09572742069614273,0.07591887327456545
52,52.0,52.0,0.06896095775604033,0.08478924947466263,0.10049358304638042,0.0726049766360731,0.05248126850003658,0.088597765990337,0.0670019638904805,0.05597956049670677,0.04617701665148622,0.13260037647639558,0.06330321239873185,0.11979822588642938,0.04721184279623925
53,53.0,53.0,0.07948558613578455,0.09685010141279266,0.09135415339021896,0.07376151158423329,0.06523443004847776,0.07103039939894913,0.06640268932009763,0.0681026583344566,0.041008897571064816,0.10613436345396163,0.06634187601623838,0.11159269843270185,0.06270063490102244
54,54.0,54.0,0.07580612558089303,0.08746201934497982,0.09259403276108798,0.10153031362821736,0.061086161870611534,0.07357606315056006,0.05822402088803076,0.05130814081172339,0.0428294838214176,0.11788569440056458,0.06155846720164898,0.10159548573151837,0.0745439908087461
55,55.0,55.0,0.07087048183904908,0.08614375188875652,0.09582804155096983,0.08039978742415156,0.07848264431521272,0.08671182083763954,0.06152378451511022,0.05563566091403255,0.04043117144997299,0.11092230785770803,0.0655332036703559,0.10409676968670112,0.06342057405033955
56,56.0,56.0,0.0702307928568781,0.07324999516921804,0.09955708128500898,0.07619147870866541,0.057815262313138674,0.0967832133832902,0.06974432274698185,0.05627614140320243,0.040699467932161705,0.11663377175905854,0.06410253156504783,0.10383694757956718,0.07487899329778068
57,57.0,57.0,0.09660657124765347,0.09778585078261674,0.09484409339813704,0.07698805546328484,0.04916119237721153,0.09519256624829932,0.05637345294539795,0.04711805449302009,0.044151535856927396,0.12852883338938226,0.051174645374279126,0.09276669557216953,0.06930845285162039
58,58.0,58.0,0.07943020484892395,0.07652660549507363,0.07869110355284115,0.0866210084837663,0.05113615603022056,0.09099057624745774,0.05975864053277531,0.05724044999919249,0.03977894774599572,0.12105780832446497,0.07402796554175305,0.10778747203045706,0.07695306116707772
59,59.0,59.0,0.08127147485619997,0.09131539419785446,0.09212851412271802,0.07806027273215069,0.04928787137835292,0.0876379880467599,0.05583016143047047,0.048877958365950186,0.04639971646555739,0.12447069680775011,0.07769973292121087,0.10822773121294542,0.058792487462079226
60,60.0,60.0,0.07601336621994116,0.07853601635443219,0.11120576687672308,0.07623887132017626,0.057019101552282535,0.0838746049137657,0.06555450705939249,0.05662397100737785,0.040712728871369286,0.10932478974096227,0.051337559830237446,0.12352379248152745,0.07003492377181189
61,61.0,61.0,0.08826489090156733,0.09038116902246801,0.09227536912415393,0.07799595419453416,0.06004927728441778,0.06473385933484278,0.059570064550259275,0.05390728019373281,0.0333816556530163,0.14078614229802008,0.0655034514162642,0.11313453008051044,0.06001635594621256
62,62.0,62.0,0.07823340777798966,0.09863354261867992,0.1001368419074371,0.0695760976748396,0.07256804819866676,0.08607815203926314,0.07119826814537242,0.04083385289797124,0.034402019430846024,0.11082793971997558,0.06964492930027978,0.10640092311503765,0.06146597717364075
63,63.0,63.0,0.072477649032032,0.08653052148400256,0.07732643632076208,0.09195618138322123,0.07520383558024032,0.09039140453889499,0.062462927100417176,0.04328457714825486,0.032965363581122155,0.11709737322112153,0.0693592111475683,0.10241915783087681,0.07852536163148569
64,64.0,64.0,0.09478861057469543,0.08573828656961825,0.09114237547697815,0.07483016695787961,0.054627569765639414,0.10147883140649905,0.04737495656352235,0.053130425556201566,0.043966117964398733,0.11486347938759953,0.06648064745309422,0.10666331626797025,0.06491521605590315
65,65.0,65.0,0.09111787533965404,0.09377185815286955,0.08301481477011283,0.07612030429995117,0.07358514048830671,0.08823423838267097,0.051741833958922435,0.062075704547832775,0.03984844803979146,0.12249749525639748,0.05511790175889012,0.09493585828108393,0.06793852672351616
66,66.0,66.0,0.08561733678604848,0.09704226761570779,0.10038478331376303,0.0790570981481841,0.0622794012095638,0.08782960893885713,0.05868501790779788,0.05253129422758094,0.04120454925990224,0.11925266523285187,0.06972020582380485,0.09380274690467201,0.05259302463126556
67,67.0,67.0,0.09989266307389365,0.0834215884896383,0.08219766181277345,0.06606798953140791,0.048961594443042225,0.07794142105621121,0.07761826458435113,0.07626106219588108,0.04956772360849536,0.11976604361522096,0.06656147790987908,0.09184409154854337,0.059898418130661935
68,68.0,68.0,0.07805235586574041,0.08338331070714006,0.10153212193437591,0.07505528932575858,0.05880232638188385,0.08971474690932305,0.056853089790204245,0.05545847376918243,0.0337269828736932,0.12195438006498319,0.0859164404901567,0.09416876471029333,0.06538171717726468
69,69.0,69.0,0.08457902248432819,0.08813278334509876,0.0996106341924576,0.07487787876916711,0.08802033235385961,0.09945504418459916,0.050340516512038205,0.038626226272979985,0.030000000000000016,0.12050230591793239,0.056548477840210665,0.10809914731524366,0.06120763081208438
70,70.0,70.0,0.07452479054768335,0.09125706234639788,0.10923125525516794,0.08672225308829065,0.059716042049476836,0.0907746929928541,0.052861127178465236,0.05728027210261914,0.05289019077659374,0.10888725359975951,0.050245530327086244,0.11028584562727357,0.055323684108331536
71,71.0,71.0,0.08052062804879241,0.0754233150762465,0.12455294366144187,0.08316674293928152,0.048651395359097474,0.0778772979964399,0.04548063158362019,0.055964260191805185,0.04175361619294401,0.12976280486888908,0.0641412677784259,0.10730628228286088,0.0653988140201548
72,72.0,72.0,0.0727611614284018,0.09401300862767505,0.10799209221546516,0.06992174322355842,0.06634025582823946,0.09382372977780132,0.06064886198278598,0.05017214744104735,0.03776409740401628,0.12131898614924504,0.07334733180604094,0.08758003568508507,0.06431654843063786
73,73.0,73.0,0.0769892691681854,0.08552985833239829,0.09212795334605779,0.07263817644730264,0.06502047686504023,0.09291896255227991,0.06916450912635144,0.05743151668578417,0.04254902943457114,0.122617620675428,0.06056791665669468,0.09921726266928296,0.06322744804062298
74,74.0,74.0,0.08834371682012776,0.08025153301929332,0.09484834646808668,0.099009421573955,0.04670653187534103,0.0901371925653491,0.0720535908932412,0.053810278168757296,0.032682532663197386,0.11557970406885429,0.0615338628313659,0.10688691296156357,0.0581563760908672
75,75.0,75.0,0.07330346606680485,0.07079357366532227,0.10710605276958998,0.0866233379371144,0.05509941162286439,0.0980605347809392,0.05704647345085878,0.053053608626992356,0.03100062000215838,0.1308146532604208,0.0709118347279469,0.09724232834243643,0.06894410474655102
76,76.0,76.0,0.07165283267479473,0.09526877650128321,0.10639686211694768,0.08790562050560624,0.059875975555591,0.08980401865477475,0.05115908866069402,0.03636688473975168,0.0342334584679073,0.12198088163459367,0.06180221036491801,0.10063707033856022,0.08291631978457721
77,77.0,77.0,0.08302893166888407,0.10287780199095915,0.0992749685498688,0.07629760607239021,0.05705690102226831,0.08158488930132969,0.05170646502057946,0.04469402521236315,0.040980413675895826,0.12325141316452852,0.05456888586997281,0.10327591612395659,0.08140178232700314
78,78.0,78.0,0.07570418370959872,0.08688827921225264,0.109986228489693,0.07728053642698895,0.07044618566326882,0.10170108412559724,0.05883030219276345,0.0589590099962274,0.03871990664686294,0.11392059859859623,0.039849910006141964,0.1080160247441215,0.05969775018788683
79,79.0,79.0,0.07511156117486638,0.07892956488265634,0.09542412665480957,0.08465107108271262,0.05067515996324612,0.09969485293365146,0.045990456046167416,0.06873486827311232,0.0489452648003786,0.11693525735497028,0.05940694012992968,0.10921225878031418,0.06628861792318476
80,80.0,80.0,0.07653352724072622,0.08122882967458804,0.10008615778063071,0.0835925979638115,0.05769397249406334,0.08841456076760797,0.048146575617077886,0.04915082615978776,0.046666038735741246,0.13515440186963895,0.07138105475277347,0.09846930981568003,0.06348214712787258
81,81.0,81.0,0.09448687545562068,0.07674091709897797,0.10981754668734514,0.06965884579916587,0.04758104133556601,0.10690440143669185,0.04138714526672395,0.042388792411333184,0.042787872176045294,0.13264916155153833,0.06714748615026671,0.09407769126628009,0.07437222336444468
82,82.0,82.0,0.07384489791744649,0.08479353539785572,0.10596148927994278,0.08119271872781011,0.04888962887185007,0.09506207821633575,0.05992206330323252,0.056614003985861874,0.04049964099011509,0.11177943223381222,0.0631097364740968,0.11865049549135012,0.059680279110290155
83,83.0,83.0,0.08116175176948656,0.08983413807376653,0.1132490334164528,0.07976263851612955,0.056042524652924676,0.08148378345549742,0.051560205355962084,0.053946553696830477,0.04791681069961363,0.12684257805442511,0.05539193034662785,0.09040755816823962,0.07240049379404336
84,84.0,84.0,0.06305061138199937,0.07334836406076398,0.10183303540923501,0.07765400884256321,0.06431413249677313,0.11511124187799449,0.05706461182318949,0.04849739783051692,0.045844332448276695,0.12358012489311124,0.07005947655932714,0.09849822735158384,0.061144435024665225
85,85.0,85.0,0.08611258046646765,0.08513458711651554,0.11243225602094882,0.07971479843656051,0.05921096016564457,0.08462994873156432,0.05025868045736438,0.04571380135072276,0.04240159521317193,0.1330456595488814,0.05618450866870774,0.09181060350136686,0.07335002032208335
86,86.0,86.0,0.07366714114428227,0.08612135989525442,0.11208351336477404,0.0615771967515877,0.04184738980220849,0.09285271935809267,0.056175333362868195,0.043658144504498016,0.04570472713707805,0.11044649651521037,0.07675866441576146,0.1368995237827303,0.06220778996565376
87,87.0,87.0,0.07406402267888572,0.08391759480260916,0.09244231981428809,0.08209138537556251,0.0655324139527708,0.08856956164435226,0.046230550859663384,0.059516396311186805,0.036071289298240154,0.13268657249176824,0.07344614592813334,0.0950510690454658,0.07038067779707338
88,88.0,88.0,0.06993123632163872,0.08162908198434801,0.09538579461665998,0.07315239753362317,0.05222647633474514,0.08549566125252471,0.061813922817611555,0.05514412486784089,0.04136738260063087,0.13616265265762934,0.06258600653984223,0.12831708910263945,0.056788173370265704
89,89.0,89.0,0.08508352616967944,0.10145818752809847,0.10545234997660205,0.08258919941607173,0.08495111898174515,0.07445140705246014,0.048196412799169544,0.04710128602668797,0.05359546347015605,0.11030496109685266,0.05602848984252704,0.09644195383093143,0.054345643809018
90,90.0,90.0,0.09934860609023993,0.09283386126026834,0.10872013277354628,0.07619423762988588,0.04642077468030893,0.09609022249414094,0.05167393326258805,0.04823207889485392,0.03424559852966286,0.1087376103055581,0.059834820807681585,0.11759458668964465,0.060073536581620235
91,91.0,91.0,0.09945814994499116,0.11046477074101813,0.11114340849641498,0.07792117998544923,0.043570444663010854,0.09471834740144394,0.03498172664285105,0.06561293194070607,0.03492707052440754,0.10291352895459763,0.06479898784120651,0.09112993841679722,0.06835951444710545
92,92.0,92.0,0.07701645123469728,0.08737218239386309,0.09370410291546308,0.07637234536580448,0.06049815992310211,0.0860502977649868,0.04873326267852457,0.04742751838564849,0.03604566814697271,0.1365788772543262,0.07425407815873317,0.1057987273808518,0.07014832839702587
93,93.0,93.0,0.0876556841479609,0.10010759017836657,0.09292533703646703,0.06860789661370952,0.07074726712660961,0.09667348269460296,0.04765129005807359,0.0513735955344093,0.03095951185184694,0.1418125014134309,0.054110644706026965,0.09978205245735412,0.057593146181141294
94,94.0,94.0,0.07859014651925159,0.08825274618027701,0.10861136554953524,0.08370034183794146,0.07791124351999931,0.07102112939416946,0.05505571545612059,0.041398547680552206,0.042312677755843506,0.12692782868659902,0.0666507199787427,0.10872780517278083,0.05083973226818681
95,95.0,95.0,0.05912207192482767,0.09184964376369517,0.10890555875297799,0.0701699944329496,0.04704984752899785,0.0784198716767168,0.048539436811383965,0.042943860355142506,0.039078909984005004,0.15495678218725656,0.07698525638331649,0.11191832836317739,0.07006043783555274
96,96.0,96.0,0.06878556158851515,0.07924796581150065,0.10667109367215485,0.06502968216631357,0.05961383434900415,0.09444675046599889,0.06796970448530748,0.056049021823901826,0.031110604747131114,0.12761122819344478,0.06466854770684408,0.1098778329590985,0.06891817203078464
97,97.0,97.0,0.08293241248067837,0.05840831508081808,0.1254668840341461,0.08494005446120823,0.04515077058961654,0.0694981206948541,0.06638344202138068,0.04396567176265612,0.030000000000000016,0.12642207534117003,0.06899744887218726,0.11987000770105212,0.07796479696023215
98,98.0,98.0,0.0804934288879976,0.08265309600285614,0.10358307309784678,0.0827232062439428,0.0637017912621755,0.0988276109989902,0.04981121559661702,0.052604686725726955,0.036479726431414436,0.14096076602885083,0.06358076938932489,0.07514568515442062,0.069434944179836
99,99.0,99.0,0.06594973220864449,0.08372857774556494,0.10354019078096502,0.07491210742747564,0.06592711001532768,0.09522401612010606,0.051714250456608435,0.05872642290154891,0.04114427586772633,0.13622368152671477,0.0644634013015319,0.0981879055729631,0.06025832807482247
100,100.0,100.0,0.07937222817007497,0.06709258106729878,0.1167261821910424,0.06872704586294734,0.06800647662156396,0.0942776177640196,0.06169484704847854,0.0481480160510762,0.031384848669491934,0.12084587018260459,0.0871422414732442,0.09611941418378665,0.060462630714370455
101,101.0,101.0,0.08698747335903251,0.08053927970510069,0.11307633079839283,0.0677167473090017,0.06745015771586085,0.07941532156476032,0.055014765317493095,0.047185981850419854,0.03830116717987287,0.14860850082184357,0.06445904566012058,0.08940481466773645,0.061840414050364376
102,102.0,102.0,0.07419420491007625,0.06416528711598307,0.10282087420976142,0.08946969084258641,0.06684675322039568,0.09739443341939641,0.058039829244452626,0.04702598111135749,0.033097208873633086,0.1279656997216065,0.06271922197332987,0.12335346819060015,0.05290734716682072
103,103.0,103.0,0.06839696721052221,0.09258849133818961,0.11721198782774978,0.07837473366914346,0.039922608554150196,0.061297566978968335,0.06102175273946161,0.05682559498208921,0.036219600879255964,0.15098946689246076,0.05112362795592871,0.1199319038722754,0.06609569709980456
104,104.0,104.0,0.08937950767072496,0.09884299753676455,0.1119957046008864,0.07554149562472105,0.0662088977105548,0.09381844274855866,0.047773275192934596,0.06417555556463422,0.03426327503674057,0.12132595761887299,0.050726255939738805,0.09332885945494371,0.05261977529992452
105,105.0,105.0,0.061604830826497856,0.09638599624923275,0.12933397875396557,0.05852133747756616,0.0590965711959547,0.10105203621222554,0.06331888686647874,0.055621863504460245,0.04750295242343189,0.1269078943754192,0.03162326231477123,0.10781797578959236,0.06121241401040354
106,106.0,106.0,0.08274606457542179,0.06973842970501432,0.11090022340361554,0.07324166382227443,0.07485933832823218,0.0899217194591046,0.06265096983539681,0.04756804456096643,0.03808906223212757,0.11537035119008121,0.059073228506868046,0.09093944903469606,0.08490145534620078
107,107.0,107.0,0.07418742130794381,0.07306586787614891,0.12061584399578056,0.08246266888415554,0.05258350873662234,0.09436933004308473,0.07003625300793985,0.03935252720253563,0.040978341560340976,0.12282650103889277,0.03746620307539019,0.12160955142622046,0.07044598184494402
108,108.0,108.0,0.09208721819290835,0.10598119155308845,0.11286532419976822,0.05953166688587639,0.045509219733145714,0.10878515227589691,0.05399199612879026,0.030000000000000016,0.034119950539064,0.14371599495919013,0.047947501969933824,0.1133184153148292,0.052146368247508325
109,109.0,109.0,0.09866242249347981,0.0975514777856077,0.12301259569626055,0.07118374879626331,0.05328221198872638,0.10376914306400553,0.03908640533276648,0.04742686356515987,0.03962757681597723,0.13034874112227166,0.048204983056696904,0.10068666290496972,0.04715716737781462
110,110.0,110.0,0.0668860213379977,0.0663700710781901,0.11032496736798685,0.06581321450741576,0.05705306468015821,0.10474971492135396,0.054128509403095215,0.045820777509793825,0.038588029902932496,0.14048180068955607,0.08299011688782151,0.10490559773261939,0.06188811398107876
111,111.0,111.0,0.06704404228132853,0.06909469445694079,0.10246499182344956,0.09535183884394138,0.055503732479022516,0.08874283238306112,0.07080245943013568,0.0438764906009483,0.030000000000000016,0.12606904967659577,0.05304787919354585,0.1180508692585009,0.07995111957252937
112,112.0,112.0,0.08149456405754396,0.07683199939624683,0.12015941235655292,0.06205214697465018,0.05386415773888664,0.09804561172249193,0.07692192320131594,0.04197747945783453,0.03306237763863891,0.11007443201345432,0.056227668573108666,0.11958060291657473,0.06970762395270022
113,113.0,113.0,0.08144222423765066,0.09244158329225755,0.12021473251393547,0.06155055260677278,0.053585167730656046,0.11156388693888952,0.04022899336833528,0.06142865658713893,0.0444838499892014,0.13810095034317282,0.04046301302939755,0.09724171156800207,0.0572546777945897
114,114.0,114.0,0.0713849177800157,0.07070195965798733,0.11944207658011372,0.10204306692649379,0.05011023734528306,0.09691452576745654,0.05673968076854694,0.03945754009099452,0.04784893503698154,0.12353435097452944,0.05884025674721786,0.09207069831097901,0.07091175401340032
115,115.0,115.0,0.09806154473289816,0.07943357881999226,0.13145214543508998,0.07074485117823588,0.05322828307418701,0.08526097374600128,0.04678808745177707,0.037603837651748274,0.04394021763857808,0.12963519022307957,0.06834670421181524,0.09887063590262671,0.05663394993397027
116,116.0,116.0,0.08958535730978251,0.07425288946842515,0.10877798254168965,0.08332324473379596,0.06379574735733856,0.07852299003550298,0.04657193659760768,0.047636042710980354,0.04400748612216961,0.1438805424747101,0.06296273646408726,0.11480300470819302,0.041880039475717036
117,117.0,117.0,0.07667988695736029,0.06214683823357733,0.11643362392640062,0.09625962992216705,0.07132776141653838,0.07265052669738628,0.04543838338490984,0.04763238099621221,0.040252502928000776,0.14263322462908254,0.052212064287861085,0.10481259616618013,0.07152058045432311
118,118.0,118.0,0.06567096824173926,0.08396740426690971,0.09463644617457093,0.09086788692278729,0.05136667526267996,0.09292718916961523,0.06319484469836244,0.047076701280688985,0.030000000000000016,0.1379587668737144,0.061542779607377286,0.10173253768700545,0.07905779981454882
119,119.0,119.0,0.09896201817241652,0.07099505546796007,0.09960388497092557,0.09040751777519945,0.055383276929842275,0.08353082228739282,0.06734935234988206,0.041092940138366806,0.03891551864936383,0.14089068856199077,0.049540638023176306,0.10717580636998007,0.056152480303503206
120,120.0,120.0,0.08564802282777259,0.08747635761887607,0.10814778687697421,0.08310769812531922,0.05131922811157784,0.10918167870416098,0.07127793766706148,0.041515520175577234,0.03793851158446801,0.12139970934876645,0.04542710946128485,0.10627443156794021,0.051286007930220645
121,121.0,121.0,0.0838234915753521,0.08237754204237412,0.11795789426178463,0.06849660760344978,0.048909634552018806,0.08112003295168094,0.035200025471620405,0.05980379073316587,0.03569894252515109,0.13572761770714167,0.07347748634048318,0.09399783013647792,0.08340910409929927
122,122.0,122.0,0.09444270332443308,0.07736493938684325,0.12186989763695713,0.06803357106619363,0.04913654649091199,0.07714016552412824,0.04108662027522153,0.048997008302822234,0.04621957673756124,0.14583910610397913,0.06328679247087353,0.09659218407360137,0.06999088860647348
123,123.0,123.0,0.09128633851064123,0.09390499414473182,0.1006906720654566,0.07533078192403969,0.049902208164228176,0.09955773896011114,0.053575955031692636,0.054124142818495036,0.0345095515690446,0.12350176420095574,0.07194828836395188,0.09140432454089917,0.06026323970575211
124,124.0,124.0,0.08823091340203608,0.11135715094892729,0.13145076669553069,0.08192399860413517,0.04953827009421871,0.0905241899042871,0.06263554302416935,0.04091055563390089,0.04100122726350623,0.12125988913272882,0.05242158996612319,0.07585429621428047,0.05289160911615579
125,125.0,125.0,0.07306450781114991,0.11998585424045723,0.10508110938521016,0.06887992816613024,0.06083535096441136,0.08953664737649297,0.04071171878219299,0.0605656868701566,0.03334224197954047,0.14230318302306894,0.060426859011494395,0.0974288051224388,0.04783810726725572
126,126.0,126.0,0.07076713917552514,0.0896636545844887,0.09082304549376467,0.06630020052971106,0.042467705113505894,0.10441585996650979,0.06314078967535731,0.07640848102672529,0.039982208318330145,0.11819529864891698,0.05308490455192812,0.11047396431366877,0.07427674860156781
127,127.0,127.0,0.06490280241823508,0.09130628788347056,0.12587232603192808,0.06483636009265532,0.05245376479992313,0.08725005606998584,0.04442272088426523,0.052534871054125264,0.04658385162576958,0.1256376060969579,0.05773671362377628,0.11652177207867273,0.06994086734023484
128,128.0,128.0,0.06579932478368769,0.06939963909650063,0.14312236944442705,0.057288845698501865,0.06908305446466964,0.08110881840195136,0.037326053236124944,0.06813283703200591,0.03171034744189695,0.1534588353943095,0.05455411483553187,0.11026401002110273,0.05875175014928968
129,129.0,129.0,0.09126196057151087,0.08127203197555656,0.11743115084272474,0.06005774637049388,0.056132822898382576,0.09621884723097526,0.058221091968967256,0.049095231966988666,0.03860270559586064,0.15369904844093604,0.05459409147974709,0.09209881636644365,0.05131445429141264
130,130.0,130.0,0.051922378134673174,0.08704708792692532,0.10782001457689401,0.09379769731272179,0.054224470831572814,0.07718955888631922,0.05621025030295516,0.05556699212053613,0.04306217625960546,0.1310981467361126,0.06266676256389628,0.11863601004016926,0.060758454307618524
131,131.0,131.0,0.07171827570368097,0.08994844183939739,0.13909370458876,0.09095067558090873,0.047452256074169225,0.06540124082475493,0.05483449610400474,0.05678689959781828,0.04460858212481005,0.11668384262206717,0.06008340264115612,0.11789446996833623,0.04454371233013596
132,132.0,132.0,0.07008949585841877,0.08349884666478444,0.1526353512550676,0.07443142506393381,0.03735840313618933,0.09530681209098595,0.050885797563125536,0.03945130186208946,0.031092557019830568,0.129483189627609,0.049092556501988474,0.12195196367924573,0.06472229967673118
133,133.0,133.0,0.06686648591918223,0.08046715990217305,0.13128634820277219,0.06070872241579498,0.04861858827885538,0.09088247938941732,0.04690526308426942,0.039962645496791224,0.030000000000000016,0.16828905461890903,0.04578899052525191,0.13624189306151785,0.053982369105065243
134,134.0,134.0,0.08000117019007169,0.07916750805012482,0.12953244748829046,0.044481532795806335,0.05473064943544644,0.10978860646336727,0.042244308986120485,0.05677377509014168,0.05245558622892334,0.1525136334546438,0.048623049995656545,0.09631914654774906,0.05336858527365794
135,135.0,135.0,0.10500420064187674,0.07057589057390314,0.12333686240403766,0.06870407898503014,0.044556432185563294,0.09054197995143586,0.04111533656655296,0.04263254020905577,0.03944950136057515,0.1466479052519501,0.06993311966873247,0.08705600477847976,0.07044614742280678
136,136.0,136.0,0.09621950474643803,0.09122533801987465,0.11286630112101292,0.058951478829108214,0.045817428587994403,0.08396315893203814,0.05658947678776104,0.06232497984222392,0.030000000000000016,0.15092603155847548,0.06283518070584024,0.1064240306676572,0.04185709020157559
137,137.0,137.0,0.0773573829500325,0.08506464795402162,0.13399700310933868,0.08779969490914737,0.05551466972899003,0.08366032799152492,0.03225882332236899,0.04555983872017175,0.030000000000000016,0.15789419154957324,0.046974777582944174,0.10204901610068311,0.06186962608120341
138,138.0,138.0,0.059012079179892374,0.09427980059010856,0.11540061113518522,0.0725467043746911,0.06327759607125114,0.11860291302659554,0.0467783718422082,0.04841986329928564,0.03590919100350518,0.14023866965751886,0.05399582656133232,0.08452806417007011,0.06701030908835559
139,139.0,139.0,0.06830405939263218,0.07590130403131722,0.1279366290056567,0.06637189077446302,0.04934301468673878,0.10142768123959611,0.05091098135791132,0.039557458125668674,0.030000000000000016,0.14303284800291488,0.07019667841597572,0.11251705499737326,0.06450039996975192
140,140.0,140.0,0.08666911710474987,0.08032027101497906,0.1280835649516724,0.06606193916696255,0.04853261959613993,0.10148594948801352,0.05321059976186817,0.037099977915151204,0.034539438301934976,0.1358857793108059,0.0728685657864732,0.09625498592415989,0.05898719167708909
141,141.0,141.0,0.08162822969436585,0.07657735049273758,0.14378808951787997,0.052365854762447414,0.06746482356067118,0.08886626814162688,0.0379812435207033,0.03314110193720503,0.04500019816100909,0.13082777027557374,0.060381662143534506,0.11535973786105613,0.06661766993118914
142,142.0,142.0,0.08217464225814279,0.07912658517239655,0.12272595257534091,0.10035808603252801,0.04066030651304061,0.08291147335938405,0.037363125975118525,0.04929316605715335,0.039021953231094655,0.13260011705945193,0.06528257021565448,0.11100273281074698,0.05747928873994697
143,143.0,143.0,0.06508634428405131,0.08804160040833228,0.11931436496313401,0.06888033242549722,0.04833753355574772,0.11140471974727409,0.07313126276574917,0.05124127383273108,0.03291739130434784,0.1301522143559786,0.047442944614645995,0.10775702747934135,0.05629299026316921
144,144.0,144.0,0.1112215470526754,0.07991869954056859,0.1076027504506051,0.05614265413597842,0.06761953927820975,0.07481625316391645,0.056146904389424726,0.050537688284681484,0.040664403583128596,0.1495891399834284,0.046295643350958135,0.08668242165929181,0.07276235512713293
