,Unnamed: 0,Generation,Intertwine_two,Add_vertex,Delete_vertex,Invert_path_vertices,Insert_inside_vertex,Delete_inside_vertex,Replace_inside_vertex,Donate_between_routes,Merge_terminals,Trim_one_terminal_cb,Trim_one_path_random_cb,Grow_one_terminal_cb,Grow_one_path_random_cb
0,0.0,0.0,0.07692307692307689,0.07692307692307689,0.07692307692307689,0.07692307692307689,0.07692307692307689,0.07692307692307689,0.07692307692307689,0.07692307692307689,0.07692307692307689,0.07692307692307689,0.07692307692307689,0.07692307692307689,0.07692307692307689
1,1.0,0.10900000000000001,0.07785198830710736,0.07780526378420415,0.07759638502864559,0.07701798291043187,0.07691326807275138,0.07666111702792729,0.0770048310976927,0.07610715844550325,0.07515733087274114,0.07675499856368517,0.07608481864245299,0.07854637974488442,0.07649847750197224
2,2.0,0.31601,0.07889193013226069,0.07810796075097887,0.07690097160127242,0.0779578699451021,0.07644487057353287,0.07724912463354755,0.07701181069374727,0.0745427169472111,0.07282715452892799,0.07857726537823015,0.07517551338337715,0.08002744669179729,0.0762853647400141
3,3.0,0.6191589000000001,0.08072973602168076,0.07778420884014013,0.07756926744218337,0.07890497087951713,0.0755740469850373,0.07860750603250832,0.0767744303291837,0.07328670303050676,0.07033060888652667,0.08037399021629202,0.07410948295044524,0.08076632598587345,0.07518872240010471
4,4.0,1.015801321,0.08234650025918001,0.07856323461015488,0.0774812723224959,0.07913350680620135,0.0743270479143128,0.07959513494685058,0.07628676078334538,0.07216863125366804,0.06801525385414976,0.08216861894602909,0.0738766994185757,0.08176750389722723,0.07426983498780881
5,5.0,1.50262148669,0.08295455246929107,0.07851781011130646,0.07783797308184166,0.08050656576147576,0.07317877800327298,0.08023835996575465,0.0752447782177717,0.07070295725299539,0.06651672128676593,0.08366113520173049,0.072429757879926,0.08408931299522615,0.07412129777264131
6,6.0,2.0757334209441005,0.08303128455869263,0.07955465243477391,0.07770387610223788,0.08084351537269037,0.0726095743674817,0.08176459241081396,0.07398540411614732,0.06961496595471517,0.06381389766077294,0.08549728424915921,0.07157967672284485,0.08645566329223536,0.07354561275743422
7,7.0,2.7307768275633495,0.08440443145212546,0.07906822041721065,0.0778285877694054,0.0823073763945055,0.07147778433785594,0.08176556555384382,0.07372602341282881,0.06857961666771667,0.06119623588429499,0.08735746681627062,0.07172704896387264,0.08744631142743334,0.07311533090263574
8,8.0,3.4630081252450404,0.08574300795915092,0.07938543459993085,0.07907814536534963,0.08245395745645509,0.07053348293737635,0.08355175442133192,0.07264055928517713,0.06780244589800116,0.05886951091442905,0.08873920865979527,0.0714711219069509,0.08779378166470572,0.07193758893134557
9,9.0,4.2673862119061114,0.08735369120255497,0.07983787224391747,0.07981520514211644,0.08235714623189809,0.07040608403506562,0.08270412524047906,0.07198683819963983,0.06710687108935726,0.05769516760410044,0.09105211414649392,0.06978828827394995,0.08856694716927958,0.07132964942114693
10,10.0,5.138652627782014,0.08782358652786827,0.07966771024977846,0.08055586622941255,0.0820298635070383,0.07000704853816771,0.0830071980351072,0.0713995047586769,0.06558897346570328,0.055941747278746755,0.09248297850810804,0.06995595800643938,0.09099370645115966,0.0705458584437931
11,11.0,6.071405875792507,0.08984993740438382,0.07947146996470672,0.081815341975517,0.08207164318934623,0.0689615529808131,0.08320243286665135,0.07059338315674366,0.0646425989627136,0.05383524489068659,0.09362216515362709,0.07046129166971185,0.09183262702885663,0.069640310756242
12,12.0,7.060169740244025,0.09011100193658167,0.07996484567325686,0.0836912944365121,0.08199351199158092,0.06920997438595466,0.08363781418155938,0.07016593057601274,0.06350080732535535,0.05172895158810264,0.09428889922402203,0.07040622154237353,0.09321923247936843,0.06808151465931933
13,13.0,8.099455520847952,0.09050839065526167,0.07999810918116307,0.0846799303683061,0.0825142352612978,0.06802756417735051,0.08524981633781945,0.06884914133362065,0.06402831092732647,0.04959167345317275,0.0953467880419861,0.07030143842213012,0.0943122895203988,0.0665923123201662
14,14.0,9.183818168183006,0.09072094109171597,0.08143587845698323,0.08546977061563839,0.08368262018787839,0.06784976971594754,0.08523356483547115,0.06866437721346941,0.0625320744920758,0.04683792850964474,0.09626336291283988,0.07111010273708653,0.09481071075578511,0.06538889847546353
15,15.0,10.307906369102724,0.09143734115014326,0.08252051096255733,0.08563748343804646,0.08274110817989659,0.06792117268343525,0.08520573069184414,0.0685866415096499,0.061466775450491715,0.04511216568993775,0.09686038439373908,0.07067423782727157,0.09606259362634934,0.06577385439663724
16,16.0,11.466506686239443,0.09210001726082448,0.08257066410206111,0.08704610746900555,0.08276646659199774,0.06766663854710456,0.08515602206261474,0.06777844993243123,0.059189442872907616,0.04484734326984637,0.09951257807976185,0.06988511216508192,0.09700455476947688,0.06447660287688557
17,17.0,12.654581904800096,0.09103657689363447,0.08225113213837268,0.08656791013949627,0.08240538785862858,0.06752126111362262,0.08645833805022671,0.06760208583574744,0.05842192317857007,0.044021880714321046,0.10055762404959537,0.06985764828001248,0.09879664038079836,0.06450159136697356
18,18.0,13.867303782456686,0.0921969662751341,0.08291675105355163,0.08545450355731346,0.0817776114994473,0.06672192170041145,0.08748295305581644,0.06669876582043054,0.057963570669302356,0.04308665170558787,0.10207867263454927,0.07049006830654901,0.09962867385250308,0.06350288986940317
19,19.0,15.100080434523047,0.09157102893535554,0.08310742027242347,0.08599386376488369,0.08249174601373693,0.06833038056342824,0.08657427036810275,0.06556226174357195,0.05730329702748592,0.042561888251918346,0.10395893808645833,0.06958609562398776,0.10066622118250626,0.06229258816614049
20,20.0,16.348578617037543,0.09115822511348061,0.08327411961956646,0.08606325199544523,0.08209609830313987,0.06822062690523034,0.0883998497231389,0.06361366427787307,0.05729355757676875,0.04206846523568268,0.10360612131508022,0.06942154892202522,0.1020634051917973,0.06272106582077105
21,21.0,17.608741195130214,0.09058941198055502,0.08290891024368771,0.08721559393707658,0.08135428888433535,0.0684943114037929,0.08807388571921106,0.06426872909954832,0.05664750617551784,0.041286435308806595,0.10478290278068719,0.06966628480168713,0.1020289512166109,0.06268278844848313
22,22.0,18.876800103462312,0.08927122033936022,0.08255378118104528,0.08772330003407361,0.08177409055886559,0.06729100067266598,0.0892924785136121,0.06274133800004311,0.055998803231028314,0.04125185659628929,0.10677722009474266,0.06985188432954262,0.103382527093389,0.062090499355342
23,23.0,20.14928511992658,0.09021107925054496,0.08120196463115818,0.08820516394835487,0.08164126359810248,0.06828096479570953,0.08893551486931102,0.061863026741062754,0.05471260617167354,0.040914807638254856,0.10740621015156576,0.06987529232619086,0.10392076837688381,0.06283133750118716
24,24.0,21.423028783545156,0.08908949629704324,0.08240896858095081,0.08891814687784233,0.08248533059870522,0.0679881579697838,0.08819960545445309,0.061007483526377464,0.05464306502918031,0.040457346930936264,0.10896805574688134,0.06944108008008124,0.10453556140102567,0.06185770150673901
25,25.0,22.695167792966423,0.09018049713905721,0.08294877962782773,0.0892940142777215,0.08265830452380066,0.06760872854179927,0.08778429232997839,0.059253159749480255,0.053388060211358425,0.04013586753228721,0.11069540069606429,0.06878441478533423,0.10575962507346338,0.06150885551182726
26,26.0,23.963141223515898,0.08952841577326467,0.08430051096957908,0.08787373552496076,0.08330227262590387,0.06682136094765394,0.0884525979027518,0.05910844760098902,0.052584363522399424,0.03953363157960904,0.11138064529366831,0.06914162123162046,0.10555217249606906,0.06242022453153039
27,27.0,25.224685898775267,0.08843592494414784,0.0843608543514292,0.08709600127390753,0.08196015077509256,0.0665243576785087,0.08845694622716288,0.05849486291340548,0.05280435279981149,0.040195989479978184,0.11093033910344116,0.06950805385133664,0.10698740279375953,0.06424476380801863
28,28.0,26.477829247520948,0.08831877358522128,0.08522753551021611,0.08999445816571172,0.07987310554731403,0.06638796663110058,0.08752916202504792,0.05742327362343044,0.05283105878712667,0.03951366171097994,0.11271666806463408,0.06822806864310126,0.10763906340158022,0.06431720430453558
29,29.0,27.720879968916847,0.0884378156684182,0.0858381837495437,0.09123114700746392,0.0787670567657471,0.06642418334646795,0.08734253683870866,0.05718358470052312,0.052198841865938345,0.038491627290440956,0.1117989147548924,0.06866651926089161,0.10892426780971323,0.06469532094125069
30,30.0,28.95241681848399,0.08753057886655718,0.08642489674143629,0.09226408419619245,0.07959467948404368,0.06506626062494089,0.08716258569939266,0.05516224285680048,0.05218300659601951,0.038048611246563335,0.11174822020095196,0.06892791312200375,0.11090914162314572,0.06497777874195199
31,31.0,30.17127581490958,0.08641805751123434,0.08694379139331342,0.09216289592299264,0.08007258460602756,0.06453646205599176,0.08699285951664883,0.05581515908669407,0.05191026852295556,0.03864931053222852,0.11273462531840253,0.06931852135077243,0.1103193478376188,0.06412611634511946
32,32.0,31.376536153543515,0.08473997603044199,0.086626916968538,0.09301257460654197,0.08021217516707316,0.0635643382171879,0.08728471015492077,0.05607642756896056,0.05212788706146366,0.038348956881247745,0.11289234674175333,0.07011132175741949,0.11048263297244706,0.06451973587200427
33,33.0,32.567505096778625,0.082792372458015,0.08668033205261477,0.09256937755790197,0.07937770861569385,0.06286426354790359,0.08819158799737291,0.0574321497685789,0.05120517831116263,0.038111469492490745,0.11510373155643358,0.07002137651559906,0.11196859101770798,0.06368186110852496
34,34.0,33.74370209472243,0.08210154998505803,0.08577534213487319,0.09245563993306571,0.08083705266863352,0.0641813983991053,0.08760320818134475,0.059233043217061576,0.05172070109350591,0.03776436668794892,0.11552919436085382,0.06963410064569994,0.11086349293017146,0.06230090976267782
35,35.0,34.90484237192463,0.0818409920147748,0.0859396113757826,0.09376512463531658,0.08155975464283284,0.0637506861554262,0.08729594460593017,0.05954756575208,0.05199878683974517,0.03723086891960749,0.11607211133006366,0.07034502401728819,0.10970806594589713,0.060945463765255135
36,36.0,36.05082019768737,0.08185975251697582,0.08543101587322027,0.0938263640339959,0.08282176508582365,0.06422105715795694,0.08758434607277793,0.06052250178078684,0.05053518402748906,0.03684262197096433,0.11488111630776757,0.06977264689963858,0.1102864231029433,0.061415205169659794
37,37.0,37.18169203889697,0.08130751640168636,0.08728383110320387,0.09446946787626125,0.08276397685382961,0.06375025395509636,0.08754282982379721,0.061222117842669226,0.05068916799396002,0.03653787996187365,0.11455986607247252,0.0701222293609823,0.10867028103109555,0.06108058172307203
38,38.0,38.29765977559663,0.07993830140840893,0.08757830771865902,0.09338699025381494,0.0831686739355144,0.06355694120823221,0.08737522062497981,0.060660093916746385,0.052573573943186465,0.036486931352590304,0.1148456907553009,0.0692846481273664,0.10899941234717012,0.06214521440803007
39,39.0,39.399054140870355,0.078233023130279,0.0887050418052322,0.09364231042785326,0.08291992302504146,0.0633105395619685,0.0872658933871921,0.06117904768868118,0.053368173928153476,0.03600624316391059,0.11646089326474923,0.06854776629209568,0.10834732188196566,0.062013822442877654
40,40.0,40.48631852820801,0.07812924503339028,0.0889500627044913,0.09440140867452727,0.08334803526502166,0.06238695009166172,0.08742030624200917,0.06125340305621291,0.053948792711798074,0.036159074124655556,0.11674057002748141,0.06865039467538474,0.10742839168413955,0.06118336570922635
41,41.0,41.55999329152982,0.07893338636141352,0.09001670090481732,0.09528279936142367,0.08416788006087506,0.06310310379195352,0.08586216532056867,0.060163641923926224,0.053805382038229634,0.03638114208298532,0.11546353001985647,0.06735173606349279,0.1078442853257219,0.061624246744735864
42,42.0,42.62070064560415,0.07833987266054163,0.09082175493021342,0.09483021894994272,0.08344704103316006,0.06399836805111872,0.08591875014920841,0.060200045524155844,0.05401272158302299,0.03637449736988947,0.1153223212962088,0.06647279355206474,0.10723518889507234,0.0630264260054008
43,43.0,43.669130257815,0.07720699748352307,0.0919816267700668,0.09492800805545933,0.08321624777500432,0.06390828635637072,0.08718725654307045,0.061115945514831516,0.053981255603562775,0.03571169182249956,0.11485549565946868,0.06617465020456302,0.10558323524883562,0.06414930296274407
44,44.0,44.70602560622662,0.07694138824948797,0.09246965579157189,0.09587589752903475,0.08258225000230965,0.06406488471381784,0.08870056957155018,0.06012608468438524,0.05480296432738006,0.03484765599030418,0.11444423281841176,0.06673271489259336,0.10457867027658622,0.06383303115256683
45,45.0,45.73217116373481,0.07600384650975377,0.09306330439541552,0.0955064088404658,0.08068225881437442,0.06503979559994033,0.08988289975399366,0.060673655198936534,0.05550808942696322,0.035501434072096084,0.11497780757870729,0.06695973868209704,0.10387973567663034,0.06232102545062591
46,46.0,46.748380453854836,0.076426596123533,0.09351300974334367,0.09525595500851855,0.0809237922052121,0.06499297491310509,0.08914897711985743,0.060010671395042466,0.055559251816707914,0.03516992273802232,0.11535606861071289,0.06641218242694885,0.1040154773203332,0.06321512057866241
47,47.0,47.755485010424316,0.07545491037825468,0.0941705951219293,0.09534744564255188,0.08159981355214413,0.06448218393250767,0.08908142769264658,0.058566824513911535,0.05670812076426257,0.03689091309033081,0.11555610931113099,0.06537396995793138,0.10415338715864311,0.06261429888375528
48,48.0,48.7543242612326,0.07525677880919061,0.09356698786666583,0.09497671898975693,0.08114459387718086,0.06393866836369475,0.08897538547438164,0.05757908789287433,0.05741580590980172,0.03780176344111864,0.1163063477598179,0.06539626856641449,0.10443712469050123,0.06320446835860095
49,49.0,49.745736344347726,0.07721246216979433,0.09312025902957975,0.09682117223262379,0.08104923079743365,0.06302220582863036,0.08846365660023463,0.059561121571784933,0.05739920320133882,0.03776053271889565,0.11566847912204353,0.06425624249079685,0.10294965107698112,0.06271578315986243
50,50.0,50.730549855707864,0.07796942523109959,0.09227344015513214,0.0967259151348755,0.08134378044555153,0.06205822892031429,0.09002766435155306,0.060425950639792475,0.05790397326372208,0.0379362357938631,0.11490288814386906,0.06413493231627253,0.10160618329964294,0.06269138230431155
51,51.0,51.70957651737491,0.07863181243765885,0.09125354166218616,0.09598820622997777,0.08068864620052553,0.061914979861108346,0.08944316401390343,0.05994919974574394,0.05826742632152248,0.0395109989840786,0.11489628104267975,0.06479772783938206,0.10067452451623948,0.06398349114499342
52,52.0,52.68360474770151,0.07761171205948683,0.09069318683945365,0.09660312351234769,0.07978408620511118,0.060765327563037756,0.0894783303241881,0.06063992860783608,0.05829944324470506,0.0403423280505749,0.1167463977789557,0.06444745484722857,0.10219364109200409,0.06239503987507021
53,53.0,53.65339410751842,0.07765957701407197,0.0913359133191595,0.0962815106962048,0.0790138446083639,0.06092311605898834,0.08774443770096702,0.06126527747950717,0.05951736943186439,0.04063205918838854,0.11592344132633504,0.0644246330915561,0.10291633911276374,0.06236248097182934
54,54.0,54.61967059027847,0.07735296950892658,0.0910307008250498,0.09606677352570324,0.08104498404544845,0.06069341202745213,0.08627136033220896,0.06106159873921037,0.05901990413706039,0.04107864422128285,0.11626002283491303,0.06394492505923877,0.10265380965452844,0.06352089508897685
55,55.0,55.58312271885972,0.07656798994083097,0.09058849601992805,0.09616218354359388,0.08096481021424566,0.06223025414196126,0.08613221349721815,0.0611798884571394,0.05892781974871433,0.04125824790974462,0.11588286425400407,0.06388679689844795,0.10265707829840486,0.06356135707576664
56,56.0,56.544398407394254,0.07574056435031001,0.08885668858205291,0.09661761511317311,0.08046617266671359,0.06170919774654458,0.08701991667369571,0.062111841987042386,0.05887607025977305,0.04143845011298137,0.11606496235735811,0.0637078784109245,0.10264843478106321,0.0647422069583673
57,57.0,57.504102543001395,0.07757836144298438,0.0895955805151768,0.09658559939882559,0.08005430960981619,0.0603359006427428,0.08775741778612237,0.06168983799139609,0.057887687740141955,0.04193844906656282,0.11742404490742611,0.062258009684617754,0.101545515542701,0.065349285671486
58,58.0,58.462795239617805,0.07770502428456505,0.08821656142890838,0.09492407121137636,0.08061626561919136,0.05918568253196679,0.08807532127184398,0.06159538930359218,0.057902686690619994,0.04197332018159661,0.11801116458081515,0.06312762620458569,0.10196717767429844,0.0666997090166399
59,59.0,59.42099071417639,0.07802039964835883,0.08833742356220656,0.09461010722307439,0.08032599988111319,0.05788516250206416,0.08805532813867978,0.06109917008663001,0.057073314215811716,0.04264483733272717,0.1189113275726303,0.06438646120387428,0.10244890245454656,0.06620156617828293
60,60.0,60.379156734137354,0.07781093736422579,0.08719804140418916,0.09621044897799955,0.07985996330415578,0.057401844581307634,0.08765682260461337,0.06157231726769465,0.05701952669412842,0.04271805280065417,0.11826247725093635,0.06301632811131004,0.10446984917121206,0.0668033904675729
61,61.0,61.337714584760846,0.07882959806522581,0.08727049247827952,0.09590766996116251,0.0795800277524901,0.05726604859555003,0.08534627088915282,0.06143952737765649,0.056695493286381446,0.04203078616066031,0.12073527034201784,0.06308300980379418,0.10544031440921246,0.06637549087841632
62,62.0,62.29703950447439,0.07883759731213148,0.08819204257002392,0.0963849931159674,0.07847025936844197,0.05842354158668177,0.08519507950013729,0.062464142207859494,0.055068638358906526,0.04142779125737238,0.12016547258574675,0.06358137553155617,0.10571731458357854,0.0660717520215962
63,63.0,63.257461537171835,0.0782631788644094,0.0879155505396127,0.09457106188453901,0.0796205345767008,0.059870309082977545,0.08549916322537773,0.0626001027099218,0.053707193494598106,0.04067117254117559,0.12018622262655965,0.06406196840895804,0.1055752742974065,0.06745826774776302
64,64.0,64.21926675122782,0.0799194431174021,0.08757363393024807,0.09414767143623728,0.07906653728966478,0.059268108513156274,0.08693050367798973,0.06121229835199335,0.05336225179405177,0.04101323304532561,0.11995061978588469,0.06425961805655843,0.10584029271889572,0.06745578828259213
65,65.0,65.18269877636592,0.08119169909616432,0.08805091266653874,0.0929238110024866,0.07865458976222167,0.060575479685108694,0.08703973406024279,0.06026158875151304,0.05394401390034468,0.040938849355790626,0.12045110741217414,0.06332343846394373,0.10491429373503813,0.06773048210843274
66,66.0,66.14796061122655,0.08188593738412467,0.08886471393034746,0.09346024350415227,0.07855217351772345,0.060751636420023555,0.08710952350311346,0.06001507095804239,0.053594475670458004,0.04099661014406023,0.12059752715192233,0.06385905187003142,0.10386779915738557,0.06644523678861507
67,67.0,67.11521665648885,0.08397559846609273,0.08831684269202199,0.09219356600364853,0.07716613728230204,0.059593674452690176,0.08619071606778991,0.0616732290810717,0.055642236245961235,0.041886991679520605,0.1207671941367419,0.06408384268365551,0.10262943797935827,0.0658805332291453
68,68.0,68.08459493066005,0.08383143336512668,0.08777097825725538,0.09288704322344667,0.0767064531723489,0.059429261075877815,0.08645862901119411,0.06124850426741618,0.055611150180743474,0.04118106830724447,0.12112871656284054,0.06624642702620719,0.10163952677100054,0.06586080877929795
69,69.0,69.05618942810752,0.08429656066112215,0.08771077085426016,0.09340547473418244,0.07625848477926604,0.06219682028700434,0.08770634156676678,0.06017104046253749,0.05389842120831164,0.040098498130491114,0.12131713596664565,0.06545265680414859,0.10206693732336652,0.06542085722189699
70,70.0,70.03006258152917,0.08371257665208565,0.08797323221660276,0.09489617679469842,0.07702594459730283,0.06211542966724848,0.08807873477378601,0.05935507886528438,0.05406964776673359,0.04131221906776757,0.12031705989776584,0.06401892706334403,0.10273059875161769,0.0643943738857627
71,71.0,71.00624779379335,0.08369469693301967,0.08665891101699391,0.0979133282743949,0.0774580705035449,0.06091171956425255,0.08715110874265258,0.05781772435140388,0.054124256721590804,0.04140669017003966,0.12139024849970691,0.06398041007439131,0.10310549017135903,0.06438734497664986
72,72.0,71.98475200689319,0.08287091783497896,0.08722263533308133,0.09923907561539454,0.07657957057194782,0.06147466327641886,0.0878181503853065,0.05782755740115018,0.05361259354058865,0.04109623154342081,0.12159546193318128,0.06486795976413572,0.10151227571046367,0.06428290708993165
73,73.0,72.96555827861411,0.08245122985665493,0.08694957592097825,0.09893336450135418,0.07599398568240098,0.06189799064656683,0.08838806693506784,0.05871618490609475,0.05384362914116498,0.04126199064112529,0.12190725271808715,0.06447360669039011,0.10110278299382386,0.06408033936629083
74,74.0,73.94862834037681,0.08315433583447282,0.0861617927428892,0.09886220969936778,0.07807052570212307,0.06047881564291481,0.08866812378733209,0.05990934107943641,0.053725316205427184,0.040437394539856404,0.12149117644341847,0.06417622664114922,0.10148234937483067,0.06338239230678185
75,75.0,74.93390511255946,0.08233499994903319,0.08444788934997599,0.09998380237541753,0.0789101923149072,0.05990312327670459,0.08972719986370908,0.0596039123893437,0.05354401722871998,0.039449518163843914,0.12258108799162767,0.06481995814839268,0.10091354629169143,0.06378075265663298
76,76.0,75.92131515639825,0.08134221897411423,0.08521635342310366,0.1009935392225398,0.07987125197948419,0.059814619423849656,0.08993805006900425,0.058714713699858936,0.05170727167494215,0.038799224290390705,0.12276096687512117,0.06454927283440447,0.10070438553698594,0.06558813199620081
77,77.0,76.91077104428919,0.0814894321331029,0.08676939786866796,0.10124414625718604,0.07965574791954311,0.059453672064265356,0.0893045620042831,0.05789361626491955,0.050733510854451346,0.03884299766685684,0.12304211017085352,0.06355485297762568,0.10077935228430637,0.0672366015339382
78,78.0,77.90217363294813,0.08090484417562199,0.08672926963302807,0.1025211268052769,0.07952650588258446,0.06044378019431957,0.09066884550143128,0.057805140778249095,0.05122322973797517,0.03867771716286346,0.12236415071035617,0.06109811784906516,0.10134579885730777,0.0666914727119209
79,79.0,78.89541422641172,0.08026744615575569,0.0858988728837848,0.10228885013191451,0.0801247818203381,0.05945779899605559,0.09180639991591173,0.05645177983973123,0.05271892036341762,0.039551922419460976,0.12197101755042836,0.06063027716731024,0.10204192643549642,0.06679000632039477
80,80.0,79.89037661826481,0.07978442569465312,0.08531174920864774,0.1024773570036994,0.08060264574505,0.05918447078037163,0.09178105420251717,0.05534475371422056,0.05226679719408032,0.04020471796774418,0.1233887545560056,0.061394398645641376,0.10166584968285097,0.06659302560451794
81,81.0,80.88693900474995,0.08111253311661097,0.08429371744812279,0.10359624008674656,0.07966924758301376,0.05791227728754325,0.09357356219302136,0.05360050538525414,0.051152523256488364,0.04046903051290944,0.12453185030235141,0.061758617676960045,0.10085625335185835,0.06747364179911954
82,82.0,81.88497576253909,0.08037737546594573,0.08410722269004665,0.10427984218675476,0.07988247251220709,0.056794849538106346,0.09413589545487624,0.05376204009164992,0.05148456056165692,0.04050127710159652,0.12355483665478188,0.061736528522262926,0.10251711145561623,0.06686598776449877
83,83.0,82.88435908692391,0.08038209419006602,0.0844503008024473,0.10564065496134502,0.07994446938946907,0.056425401935058024,0.0932934277420764,0.053132835764794904,0.05156794354164753,0.04127199964124993,0.1240640849098209,0.06095859974980696,0.10134892385704461,0.06751926351517332
84,84.0,83.88496048800103,0.07858302357881977,0.08316433207502082,0.10579987044230556,0.07978758530291483,0.05691623110387804,0.09577985619994046,0.05310126621325979,0.05112185873855955,0.041824850212387944,0.12422394795467068,0.06166955178183473,0.10099720827977653,0.06703041811663131
85,85.0,84.88665214409042,0.07911473281517677,0.08308742284576957,0.10696341808601072,0.07983113281981222,0.05692163913663217,0.09516282635415564,0.05243189393639498,0.05041577815872053,0.042018336825260565,0.1253079399299969,0.06100581106937271,0.09998691206593163,0.06775215595676565
86,86.0,85.88930811312994,0.07841870567219245,0.08313735346002481,0.10803042507907727,0.07805540207269007,0.055213042540057385,0.09532444777937621,0.05239939204297673,0.04952772018416296,0.04252662055311565,0.12410099360061225,0.062417646978855615,0.10350477441596191,0.06734347562089676
87,87.0,86.89280540413424,0.0777844537516878,0.08299175456794229,0.10706714290064553,0.07834388120946659,0.05591015149081783,0.09501687400648785,0.05141342150177873,0.05025559743093337,0.04205251319014106,0.12510220453096782,0.06350045762299647,0.10281995255093039,0.0677415952452043
88,88.0,87.89702491199675,0.07676314407678089,0.08264112268558858,0.1063482881894306,0.07774708869003248,0.055303178409319184,0.09436819444808422,0.0520325565040742,0.05056606779749469,0.042095613654783995,0.12642674606448195,0.0634884301469455,0.10545252604306475,0.06676704328991902
89,89.0,88.90185221995306,0.07729087527661732,0.08429834413883289,0.10659834954960364,0.07810770869922255,0.057998599879924666,0.0925912320935589,0.051325840667431295,0.05008698781398805,0.04334992984937362,0.12513042335449848,0.06281282951269707,0.10486297428941062,0.06554590487484097
90,90.0,89.90717827491419,0.07927026785745678,0.08509900925386239,0.10713872305772378,0.07783758543604352,0.056840969964344186,0.0929744492682432,0.05100625418211191,0.04973903809777566,0.04264628326666279,0.12365874321380743,0.06251757864168724,0.10636343079240844,0.0649076669678727
91,91.0,90.91289994163006,0.08126345894801525,0.08766004732552798,0.107883200884477,0.07775073525667717,0.055409868085751594,0.09321331494844837,0.04905608247415553,0.051148899065740515,0.041997141694327514,0.12160261162300696,0.06272144198279082,0.10517968837679409,0.06511350933428725
92,92.0,91.91892044225806,0.08099510796845824,0.08788376998946641,0.10684190244657911,0.0775193910805707,0.05569625368679998,0.09257653942151725,0.04853533798224909,0.05074387291015278,0.041454073329783084,0.12293173719457531,0.06387120348012089,0.10544070159954667,0.06551010891018057
93,93.0,92.92514968840067,0.08177772881084568,0.08935354528950532,0.10569547926926023,0.0765232659897177,0.0570269305104573,0.09300049752367555,0.047960449924450956,0.05074079353975486,0.04040261212035241,0.1247877840254948,0.06299547422923345,0.10507752626548726,0.06465791250176456
94,94.0,93.93150451304501,0.08163431335949461,0.08959839910861998,0.10610459983865213,0.07705684423661312,0.05907814065724938,0.09085355433728394,0.048180401613573565,0.049746845340957566,0.04049718261957941,0.1251400060745185,0.06337247713547424,0.10559228899829515,0.06314494667968848
95,95.0,94.93790881009448,0.07952799032543383,0.09016500077488158,0.10652729532855795,0.0762504648943331,0.05802642121888961,0.08946285544835508,0.04779548340773571,0.04892334025289497,0.0402770742430625,0.12827777949482638,0.06477801581998102,0.10640598293860676,0.06358229585244157
96,96.0,95.94429358933806,0.07839458937714179,0.0894316209091857,0.10670805739563508,0.07494988755500365,0.05822650666946753,0.08970348448953094,0.04939952332391048,0.04943290702153705,0.039270164537919316,0.1286340102006466,0.06493340217402324,0.10698938139872502,0.06392646494727366
97,97.0,96.9505969547639,0.07869312333500902,0.0865857774060143,0.10874995265496881,0.07567120312520968,0.056974150475844254,0.08747262030923941,0.05087023481368907,0.04874934325521399,0.03817128973066946,0.1288254747305853,0.06550349146452376,0.10854254200263055,0.0651907966964024
98,98.0,97.9567640140995,0.07876029842927815,0.08616722172211187,0.10856644660853101,0.07619139083002857,0.05758389816997693,0.0882180465812468,0.05069178458409035,0.048950200646904744,0.03774856214997934,0.13042762788240408,0.06550984345176464,0.1055812289484666,0.06560344999521694
99,99.0,98.96274672736057,0.07738371765077226,0.08586292852367802,0.10834716919994199,0.07594376803685801,0.05841638190093354,0.08863466638234246,0.0507126771735759,0.04977969077779684,0.037821873913803775,0.13150118865029184,0.06558453269087773,0.10491591380363283,0.06509549129549487
100,100.0,99.96850370202192,0.07737270469183873,0.08390412146947981,0.10942034888902982,0.07509208476045783,0.05944866120056206,0.08898087786509756,0.05173955589613024,0.04955785853178998,0.03694513580096155,0.130976837135744,0.06790842570935729,0.10404300095205808,0.06461038709749307
101,101.0,100.97399994219691,0.07814431278247666,0.0833177495804598,0.11009428380296404,0.074160889567328,0.060407658833867436,0.08785920597864043,0.05209529148485408,0.049247907665511036,0.03679210047912695,0.1331798741670435,0.06792394800231538,0.10250668356635308,0.06427009408905963
102,102.0,101.97920655893245,0.07764786482492071,0.08112483092267644,0.10970510003659599,0.07543366682428636,0.06128084124311569,0.08856317362215382,0.05274715464572788,0.04893233255380284,0.03614906352585928,0.13325261365173732,0.06772928667387666,0.10438784458251879,0.06304622689272822
103,103.0,102.98410044840509,0.07658680129401653,0.08182392911482513,0.11072510375039524,0.0756100308783876,0.05942995006458737,0.08567537045524551,0.05368495058600244,0.04960921282591418,0.03585205092195841,0.13556758676574587,0.06634443142953622,0.10592838930131626,0.06316219261206926
104,104.0,103.98866394444643,0.0776481998213881,0.08318621372985008,0.11118634761090176,0.07551308175054403,0.060197703504447975,0.08608465714722427,0.053277487199131446,0.05102556495063063,0.035392782493769065,0.13483893044226197,0.06490611647327477,0.10479461025221042,0.06194830462436555
105,105.0,104.99288445143917,0.07594330389009316,0.08432313759268852,0.1133433880705654,0.0737240958595111,0.06023756089092358,0.08725371237238519,0.054410289198239994,0.05157641256299808,0.036292113572497495,0.13460620369854717,0.06155953504480734,0.10510846323350735,0.061621784013235696
106,106.0,105.99675406321822,0.07637963619618415,0.08280224100138671,0.11360125485606166,0.07343401360823285,0.06183829935502968,0.08733081363811632,0.05545210527101188,0.05130724802919402,0.036272230912732,0.13316601221743876,0.06099324565109597,0.10373017336674581,0.06369272589677023
107,107.0,107.0002691731872,0.07598013522871062,0.08163553977336481,0.11477788670770034,0.07409311659041093,0.06118159140329621,0.08787087489388225,0.05720025669940473,0.050206056178245015,0.036561432764958345,0.1324374982590488,0.05830368248216568,0.10542881548249236,0.06432311353631995
108,108.0,108.0034300804274,0.07739263690727324,0.08379134431686688,0.11512018296745472,0.07247690459748075,0.059797144519721686,0.08986349679884482,0.05729752726012869,0.048171195502380255,0.03618004441778819,0.133774675116326,0.05672283072551502,0.10629028713496241,0.06312172973525737
109,109.0,109.00624059613932,0.0794683546608931,0.08511049550163291,0.11642042816320602,0.07205806961776623,0.05918556230219692,0.09134447214689252,0.0558614563738645,0.04790079529559415,0.03636695659423912,0.13374082210261226,0.05523805896564992,0.10587271766299819,0.06143181061245418
110,110.0,110.00870765431864,0.07835080120192861,0.08330400072002031,0.11638780768188538,0.07113532149892338,0.058953190072433104,0.09289965385504143,0.055905452472848616,0.04749208718664571,0.03646382906395788,0.13468973953719496,0.05730994700579427,0.10586693807341507,0.061241231629911325
111,111.0,111.01084093013685,0.07724615738455436,0.08178127845802574,0.1155118232911041,0.0732054895557023,0.058570120591609355,0.09281712974920928,0.05759467453394083,0.046913108100939044,0.03571345330480125,0.13416041073854695,0.056437224171316885,0.10716665019197044,0.06288247992827949
112,112.0,112.01265246907188,0.07759500897550682,0.08105769307615039,0.11636241107803472,0.0719601351127566,0.058030736703728526,0.09363239301424194,0.059858998615003794,0.046171759634491764,0.03528721835237617,0.1320036394428301,0.05593585910846582,0.10859820665514297,0.06350594023127042
113,113.0,113.01415632942268,0.07794273697619508,0.08192516768526462,0.11717144211479573,0.07069007679593668,0.057475726414164305,0.09576208966149359,0.058398226550525525,0.047407720925853075,0.03602350572311247,0.13264590503536303,0.05391108309217517,0.10776254229975529,0.0628837767253655
114,114.0,114.01536824044418,0.07728495640366556,0.08063709662611032,0.11785273735848986,0.0735048805008792,0.05658981852818412,0.09637189849965075,0.05855290810069434,0.04646318379507667,0.03710727630421405,0.1318218345848564,0.053792028348667836,0.10638813474688655,0.06363324620262438
115,115.0,115.01630527795908,0.07930161619744075,0.08025164321939071,0.11968280335552844,0.07319376412475781,0.056039510191863345,0.09576079752452472,0.05767882989084781,0.045357673696412464,0.0377992146746928,0.13160738026815222,0.054686006109956484,0.10568798734411039,0.06295277340232212
116,116.0,116.0169855589429,0.08045659055488143,0.07937848557419237,0.11918013988431875,0.07414710961233936,0.05657286684631303,0.09443201003807623,0.056761636992178295,0.04528839675309125,0.038490096086121674,0.13281918470783077,0.055088796301362056,0.10658291804775362,0.06080176860154125
117,117.0,117.01742795623892,0.08029680810888482,0.07733078260897142,0.11938928532527483,0.07639052042121444,0.05787831804634799,0.0924897647664352,0.05572091105816024,0.04524915779220423,0.03879156493735126,0.1338956904966475,0.0544549796576317,0.10647151569343564,0.06164070108744084
118,118.0,118.01765183424293,0.07901594282441053,0.07751806709985185,0.1173682418329636,0.07806910694427356,0.05719160994469552,0.09257101788849068,0.056457078572156746,0.04518210698789367,0.03805224599056431,0.1344844752723701,0.05479518705652829,0.10604665853135943,0.06324826105444185
119,119.0,119.01767680610413,0.0810588193156247,0.07645388163341985,0.11581872861293503,0.07966178570005313,0.056916983473104366,0.09170807072292961,0.05760245776116762,0.0445423310927099,0.038197888343486794,0.1353423166553615,0.05396863548262362,0.10616547274534477,0.06256262846123928
120,120.0,120.01752251271817,0.08174504061182096,0.07708965666706806,0.11511640846909407,0.08047267193601818,0.05624807770141326,0.0934147314312461,0.0591236265088825,0.04397429688122212,0.038238442057686214,0.13422075969779762,0.052769106235325804,0.10619237139397394,0.06139481040845135
121,121.0,121.01720842354362,0.08221921647531505,0.07725583964921934,0.11539564486219707,0.07976771075809277,0.055355814655037014,0.09230223096621207,0.05700643027386356,0.04526730537958553,0.03804798418980182,0.13451593876833734,0.05442114763293719,0.10498974063633362,0.06345499575306776
122,122.0,122.01675365905109,0.0837239386783682,0.07695536109153393,0.11606378044750289,0.07897423101268788,0.05451100730615753,0.09079117182478087,0.0554715490946842,0.04549569963861404,0.03890514511330037,0.13580486556089488,0.05507947889090194,0.10405688924317114,0.06416688209740228
123,123.0,123.0161768344173,0.08486973982619751,0.07834303164835904,0.1146052410890226,0.07888041372814313,0.053773502251345154,0.09153646587808456,0.055195240220875255,0.046248981009949064,0.038578731743840015,0.1348315078893252,0.05662019974817776,0.10262388998435899,0.06389305498232191
124,124.0,124.01549592390272,0.08565958433522781,0.0814927704548849,0.11622941943916211,0.07941980352202137,0.0530346409541419,0.09138408835129573,0.055836328181803056,0.045684327143776626,0.0388934354790239,0.13361800104120608,0.05620745956610087,0.09966699216433159,0.06287314936702426
125,125.0,125.01472814520056,0.08487951712493455,0.08548904951485159,0.11520642769581929,0.07862588924353243,0.053464410165078996,0.0911395953399363,0.054288917070864105,0.047093914072748246,0.03843184823013764,0.1345065931478481,0.056598661610769006,0.09892510805762224,0.06135006872585768
126,126.0,126.01388986291661,0.08382956967897029,0.08639844875048082,0.11275867555456012,0.07755593401847645,0.052088147277825174,0.09239144340908007,0.05500338217744877,0.05008153945245366,0.03862952027751301,0.13297350350516293,0.05625482997902096,0.099546965251355,0.06248804066765294
127,127.0,127.0129965102319,0.082167558996839,0.08741382345078538,0.11384127038063525,0.07633403293733285,0.051751912226295264,0.09192177044723134,0.05385596796924484,0.05064631071267124,0.03948111633130296,0.13219017152298793,0.05637886316336161,0.10082068749283801,0.06319651436847454
128,128.0,128.01206252771334,0.08058875405368006,0.08617592044668934,0.1166609206218657,0.07436459379644147,0.05311924817212927,0.09083822387099158,0.05201929594619749,0.05273328704806967,0.03883122971427131,0.13420177001450528,0.05618581165504789,0.10149827215027406,0.06278267250983706
129,129.0,129.0111013181695,0.08156619889091941,0.08608128421740661,0.11689409846702847,0.07269823115585905,0.053214465429676575,0.0912767407805878,0.05230886257163838,0.052861800743265894,0.03886435875161545,0.1362288006153316,0.05599974599379191,0.10037923635520889,0.06162617602767015
130,130.0,130.01012521639834,0.07860889861755699,0.08652552468377053,0.11614821542484886,0.074446095025704,0.05313850932947523,0.08981789822926266,0.052427510661907255,0.053586973396534475,0.03933750542004212,0.135967740463849,0.056625497461936,0.10194301930713515,0.06142661197797794
131,131.0,131.0091454726403,0.07766005292360273,0.08722069212717683,0.11852100767959427,0.07592798635825333,0.05240378697857464,0.08719982473348417,0.052434545919664684,0.05438141971944443,0.039955224716542205,0.13424265997883272,0.05699075044201127,0.10344319986401582,0.059618848558803096
132,132.0,132.0081722485317,0.07658379604231846,0.0872286608059034,0.12221641234458755,0.07575999039807679,0.05068363625992206,0.08761612987481934,0.05207000729940185,0.05338691643527424,0.03920610314697702,0.13379443406930464,0.05625132003215369,0.10534362443734256,0.059858968853918594
133,133.0,133.00721462434865,0.07522792085339998,0.08689536579908498,0.12371156562695677,0.07422323811576259,0.050128266796164014,0.0876252780540258,0.05133202699591693,0.0524036416972594,0.038341502571113836,0.13722850480544238,0.05518388843030656,0.1086490828839829,0.05904971737058407
134,134.0,134.0062806163404,0.0752374872611201,0.08640115304877448,0.12495756133539904,0.07108229694268127,0.0502245436092678,0.08955669613606052,0.05015748167384912,0.053075397430376405,0.03972550565001816,0.1390522318496745,0.05441265695663407,0.10790764893635765,0.058209339169787086
135,135.0,135.00537720296956,0.07779403690253825,0.08502486337588636,0.1255051478261007,0.07041169686436172,0.049338832074334676,0.0895726288619717,0.048908361915154054,0.05230283787867077,0.03979780073998628,0.14024162738526372,0.05579165952802664,0.10619815918268193,0.05911234746502339
136,136.0,136.00451035890612,0.07948856362766409,0.08570665768686435,0.1249292366852091,0.06881582059948861,0.048619967334250266,0.08893877972424664,0.04925363790096329,0.05348007526875637,0.03891443319110597,0.14180395877661342,0.05646438254739779,0.1064049994492495,0.05717948720819078
137,137.0,137.00368509565993,0.07929473491182452,0.08575939036348935,0.12640335750159729,0.07016571015140292,0.0489146877948113,0.08828827619832066,0.04720467933052038,0.05295152385336287,0.038030258065202625,0.14399809375575656,0.05554750093412664,0.10615384454464696,0.05728794259493806
