,Unnamed: 0,Generation,Intertwine_two,Add_vertex,Delete_vertex,Invert_path_vertices,Insert_inside_vertex,Delete_inside_vertex,Replace_inside_vertex,Donate_between_routes,Trim_one_terminal_cb,Grow_one_terminal_cb
0,0.0,0.0,0.09999999999999999,0.09999999999999999,0.09999999999999999,0.09999999999999999,0.09999999999999999,0.09999999999999999,0.09999999999999999,0.09999999999999999,0.09999999999999999,0.09999999999999999
1,1.0,1.0,0.10810517567732814,0.10252140966102366,0.07591681518950502,0.1120485255082897,0.10465207244368402,0.09945424746376015,0.1063526556973021,0.09361939952796605,0.10461959888160013,0.09271009994954059
2,2.0,2.0,0.10793525967883588,0.09481313027362352,0.08270064712420076,0.0992476941789951,0.10252941476463591,0.09995418017254902,0.11544897354195172,0.0942614407261975,0.1027313002020573,0.10037795933695277
3,3.0,3.0,0.10318716123119882,0.08679454842753617,0.0810480475796432,0.09758340414821569,0.10615034900159412,0.10795671473702897,0.1062595194902779,0.10715516919143761,0.10782453312738975,0.09604055306567724
4,4.0,4.0,0.10954146231239952,0.08809835100335175,0.07437468953574583,0.11217034041267863,0.09130910311968905,0.11633026477976746,0.10807874284489019,0.09888845698113576,0.09746811422296925,0.10374047478737203
5,5.0,5.0,0.09614031992052859,0.08140187542872253,0.07087535132757893,0.10210467598742408,0.09940243979743761,0.11117644298795777,0.11099237148816041,0.09799748958629165,0.12066010863533876,0.10924892484055918
6,6.0,6.0,0.11360753063515587,0.0823004713143574,0.07913037215174316,0.0949888907134804,0.0899535354650263,0.11572672577513324,0.11756924026502302,0.09862740929753837,0.11704958162114494,0.09104624276139678
7,7.0,7.0,0.11025984000835512,0.09020096469990668,0.07691806797518477,0.09696099169310013,0.08977832513196407,0.10911116600393182,0.10402087391685093,0.09574065575200168,0.12366372475309521,0.10334539006560906
8,8.0,8.0,0.10307368527163636,0.07796817411439119,0.08385476079886352,0.0946768632901607,0.08167235132526475,0.12097211548309343,0.11858115439430614,0.1024375235527426,0.11930295809810747,0.09746041367143338
9,9.0,9.0,0.10539547033690728,0.0857467460830307,0.07393379696989959,0.09041682075406299,0.09402547457305135,0.12067251977128983,0.104119603815865,0.08868109962951043,0.12970501356468644,0.10730345450169587
10,10.0,10.0,0.10153846922966805,0.08044286671214576,0.08499346425686255,0.10197641540548501,0.09835660621082928,0.11258998648076295,0.10357602112159334,0.08231419745084503,0.12894046033123946,0.10527151280056815
11,11.0,11.0,0.09567886121099388,0.08631294842878304,0.07753447469734301,0.10423411744710201,0.09195974920260726,0.1211364178838191,0.10808935391272789,0.0921556074921728,0.12032017745644283,0.10257829226800771
12,12.0,12.0,0.10261987846916418,0.08291192109701268,0.06818583813800419,0.09527806512721154,0.10065899865452106,0.12209386686277043,0.12138072773149773,0.08211187028976974,0.1335501770396033,0.09120865659044466
13,13.0,13.0,0.10590467883883961,0.0776563862086037,0.0739346899066605,0.09384078201531362,0.09216121580498236,0.12872963158190118,0.11562712576897591,0.09130112475422357,0.13516210558654515,0.08568225953395386
14,14.0,14.0,0.09997537285075335,0.08616992056790443,0.07557444959515576,0.09714992005371331,0.089781636685326,0.1239335657218011,0.11620179069036525,0.08601654548477713,0.1260683355806443,0.0991284627695589
15,15.0,15.0,0.11115968059863834,0.0798797352562874,0.08422084759731292,0.10410352235087947,0.0846021562398658,0.11962505071256946,0.10340756770671036,0.08864495843051828,0.12358272958497718,0.10077375152224029
16,16.0,16.0,0.10450259750533834,0.08214321425916433,0.071307420118385,0.09828372275360509,0.08615169178724072,0.11609033566246034,0.10413006100989704,0.11096795221185893,0.11967444176334183,0.10674856292870798
17,17.0,17.0,0.11197767327937218,0.08349723081594028,0.0789026916988597,0.10008500612665147,0.08833950291714418,0.1230538017616041,0.10573145170178957,0.09301412477684347,0.11780109679342751,0.09759742012836704
18,18.0,18.0,0.11037732816243961,0.06983817988932593,0.06879167745483876,0.10015898478760268,0.0846534949036419,0.12384143371608489,0.1185091286020327,0.08886396994756447,0.12409653183028421,0.11086927070618435
19,19.0,19.0,0.10292726435782887,0.07876014153697639,0.0661904089455286,0.09840438727495013,0.08716485634032556,0.1408156103138655,0.1004876208924965,0.10576361868438196,0.12893450141920287,0.09055159023444317
20,20.0,20.0,0.11004734673086572,0.08355709858393141,0.07443746077155995,0.09763318584415649,0.07698979736510726,0.12747103184014946,0.12308305324396189,0.08616758850013133,0.1261564086374878,0.09445702848264823
21,21.0,21.0,0.10993856729708225,0.08311453910911804,0.07214650828476118,0.0981207761739394,0.07415756462211674,0.13125920257923596,0.10839130231514349,0.09693568982287072,0.13171332316512746,0.09422252663060426
22,22.0,22.0,0.11054316161626962,0.08042351836253155,0.07063522927876595,0.09325844752857129,0.09191859256388082,0.12208122585085288,0.09932155370847098,0.09869439449143132,0.12971178189864258,0.10341209470058257
23,23.0,23.0,0.097536774119418,0.07550138934318137,0.07428619627605601,0.08906003374145217,0.08681500882865903,0.1335515444852381,0.11392194973644927,0.09567800636535265,0.1355179650607579,0.09813113204343513
24,24.0,24.0,0.09988055485134772,0.07088321609186521,0.07674953657954064,0.09888244870891437,0.09646846836066003,0.12771977770734255,0.09805555051520623,0.0991256800084163,0.13589665565718878,0.0963381115195177
25,25.0,25.0,0.09832089870003356,0.08245307323170681,0.07531733702876167,0.09239163228200852,0.08850068791957338,0.1289106487513337,0.10789279032237568,0.08869713071216516,0.1335813723502966,0.10393442870174448
26,26.0,26.0,0.09781424217045638,0.08927827415887454,0.06934436462292366,0.08468228196980254,0.09463758902732763,0.12778332713928325,0.10550278493995897,0.08971491369178619,0.1423424903769633,0.098899731902623
27,27.0,27.0,0.10506980921156175,0.07595997505747318,0.0774740292161811,0.10063971379454059,0.08099798749484946,0.13215279355361895,0.10179156630931877,0.09914527628644128,0.12807865274035243,0.098690196335662
28,28.0,28.0,0.10222773208871501,0.0758455174839632,0.07468892755157065,0.08823184125178012,0.08836984744921039,0.12669157386120555,0.11596977880955969,0.09633844992147653,0.13750708315108756,0.09412924843143092
29,29.0,29.0,0.09828417138547416,0.08220629395849108,0.07084043319479051,0.09416553160187997,0.08283926997797889,0.1281392326006117,0.10743104100695033,0.090181780048887,0.1410245681418727,0.10488767808306323
30,30.0,30.0,0.08533315726057973,0.09322719441290986,0.07237770793504174,0.09234554529102082,0.08845732204245668,0.12788660564331522,0.10339844003961336,0.0937774084366769,0.14096004102167367,0.10223657791671155
31,31.0,31.0,0.10164421747414516,0.0775345195309969,0.07207349378898394,0.09988318112781346,0.08048063560353709,0.12966150088720568,0.10744579282364804,0.09654803668721967,0.1442805661393722,0.09044805593707742
32,32.0,32.0,0.09692839146859203,0.09583740887733802,0.07067341106823835,0.09218401986503816,0.07703804366831639,0.13124621846451348,0.10980161815238416,0.08462499628382729,0.13661459965451095,0.10505129249724074
33,33.0,33.0,0.10250055197234839,0.09954355205129915,0.06221271365993728,0.09587840820952481,0.07948238775854718,0.13211035131815907,0.10917901760320545,0.08744777453611449,0.13109590347357264,0.10054933941729105
34,34.0,34.0,0.09129679522124415,0.07518510901414732,0.07764789427012339,0.08931365931027305,0.09909614893283121,0.12412249877464868,0.10370047388174149,0.09958816267726923,0.13455480073304796,0.10549445718467307
35,35.0,35.0,0.10380776194951394,0.09033151868057207,0.06621209890008721,0.09675773513732759,0.08936868433578897,0.13494274750778343,0.09503961132862139,0.08481217279042037,0.13828504818162501,0.10044262118825957
36,36.0,36.0,0.11154179754303639,0.08450596991696452,0.07618014480458263,0.08649731876386307,0.08230619192841535,0.1264167858204816,0.0999968779514159,0.09059244139673342,0.1294473744735215,0.11251509740098513
37,37.0,37.0,0.09666732181196783,0.08397816455690034,0.07020478865070143,0.09574069131804405,0.09225172948671458,0.12391289176465928,0.10137301699637827,0.10514507068213497,0.13645011252665612,0.09427621220584273
38,38.0,38.0,0.09991572492480635,0.07602425602567403,0.07647755455699859,0.08065761588248374,0.09852383115628469,0.130657842761791,0.1020928719911407,0.09699794653996188,0.1371293863180521,0.10152296984280648
39,39.0,39.0,0.09449705873996204,0.07882398072231878,0.06410292870130799,0.094026128831476,0.083325177212195,0.14163402804610606,0.10972758084209067,0.09254694842843846,0.14044613363630704,0.10087003483979744
40,40.0,40.0,0.09961054271738588,0.08694492147948742,0.05938624855024952,0.09923828650727208,0.08870001552693904,0.134056149426831,0.10250357096141785,0.08940128395438837,0.14796144098092262,0.09219753989510582
41,41.0,41.0,0.10313403253788662,0.08873926034847747,0.07345056870650532,0.08757345607801474,0.08320837576601864,0.1435197469912074,0.10179915116863573,0.08806848158140083,0.13351710594434743,0.09698982087750527
42,42.0,42.0,0.09708354786811212,0.07858010357190649,0.08395340452231478,0.08817364905983023,0.09029130313869414,0.13985652541130775,0.10202147878892827,0.08434028508893535,0.13104956726822645,0.10465013528174401
43,43.0,43.0,0.08913869272221699,0.08952815790163615,0.06975436368063334,0.09792671699461705,0.07761173064592378,0.13454363545729267,0.10586021491496563,0.09348126188643888,0.13717805624673507,0.10497716954954002
44,44.0,44.0,0.1036851048073351,0.08159144321458507,0.07218915875274565,0.09895817757466792,0.0710486893407399,0.13547134380060905,0.09880851707023981,0.08341806990188996,0.14726562829234977,0.10756386724483732
45,45.0,45.0,0.09609032374696307,0.08781159387600648,0.06942288190256021,0.08618121531898987,0.08412312304287901,0.1390724029685078,0.11238599880052509,0.08905891964904271,0.1362267872491979,0.09962675344532743
46,46.0,46.0,0.09258787431085322,0.09677640245662807,0.06554670108487656,0.08884316855313211,0.08012280791084014,0.14008411153365535,0.1073261594721584,0.08156017516511162,0.13630510865291606,0.1108474908598281
47,47.0,47.0,0.0948132010973053,0.09891248625773191,0.06583061421145812,0.08729795233565096,0.08194553838564586,0.1332079299211931,0.10361037446224697,0.09533513666635228,0.1293330713960939,0.10971369526632113
48,48.0,48.0,0.09498065729819524,0.08561218305649561,0.07007947170958675,0.09040536567343786,0.08478314386400548,0.14086220079521738,0.11253965565607342,0.09448299870296949,0.1286040123738969,0.0976503108701213
49,49.0,49.0,0.10330440306015891,0.08630622621368303,0.07683448245854196,0.09043501266105032,0.07874880918309025,0.13132781806360527,0.10551450271637894,0.0844640743177408,0.14326239463345375,0.09980227669229631
50,50.0,50.0,0.09592557463244969,0.09462215602967664,0.05934664908815934,0.09303601261618574,0.08290847996922254,0.13571167367217193,0.10876883897191436,0.08969541855868843,0.14167879172625242,0.0983064047352784
51,51.0,51.0,0.09329483304294105,0.09200768019784522,0.06188131427705155,0.09459912071814222,0.08901667861386775,0.13101564778187574,0.09088717780270865,0.10015068789318723,0.14445641591131206,0.10269044376106802
52,52.0,52.0,0.10456492351222306,0.08589680079124837,0.06561706946290435,0.10094965609701456,0.09461830229040993,0.13447451281289707,0.0983789575794676,0.08723113260936728,0.13111571382980416,0.09715293101466313
53,53.0,53.0,0.08567133197013513,0.08254908259245142,0.06370642762473756,0.10980261015731127,0.07719334800180158,0.12937188351873316,0.10734531854068304,0.1019839490449935,0.14193793528238538,0.10043811326676748
54,54.0,54.0,0.09960777784018875,0.08958625928653481,0.06269719311674779,0.08765872458371013,0.09600004697700817,0.12677862263716677,0.11252458552630613,0.0930570404220959,0.1346591064643339,0.0974306431459072
55,55.0,55.0,0.09845041337427597,0.09668498110326709,0.06460484443486779,0.09692725209858546,0.08030505736840102,0.13222868056465537,0.10330096934552804,0.07764467543038325,0.13759179798106655,0.1122613282989691
56,56.0,56.0,0.10141442333045296,0.08002809466167192,0.06404153867972787,0.09817982682311399,0.08062751364245029,0.1449714562483183,0.09433469659595516,0.09047169695190707,0.14787423728863008,0.09805651577777184
57,57.0,57.0,0.10326798426263703,0.08377343008144658,0.0564976066733916,0.08908240233465478,0.08999920754056387,0.13401722701578836,0.10196314681129988,0.0991911320172372,0.14903466278995098,0.09317320047302927
58,58.0,58.0,0.09717693480799544,0.08376706953531479,0.06752871337828119,0.09788165138122529,0.07393882037212349,0.14431084758535412,0.10243333551807965,0.08777182781726897,0.14108754177019414,0.10410325783416244
59,59.0,59.0,0.0942090235406177,0.09504415158058038,0.06382867519634536,0.0872732833123454,0.08747508502378068,0.13239261732329277,0.0954255120226853,0.10265168398895175,0.14393121900499437,0.09776874900640581
60,60.0,60.0,0.0965378229184676,0.08030143114973952,0.0611482178266354,0.08956148669517747,0.08821699399623509,0.12913859604544786,0.10975929917384708,0.09486079890023372,0.13222449821186252,0.11825085508235325
61,61.0,61.0,0.09426354204554627,0.09791460379590258,0.08161606122930046,0.0977647909237221,0.0774429539215695,0.12345575365853592,0.10816957880778066,0.08951217534202167,0.13505629108804265,0.09480424918757777
62,62.0,62.0,0.1053015630784265,0.09317343494202011,0.06670899123187846,0.07874943185885674,0.08421812391600574,0.13540315936520153,0.10198297989639726,0.08438571165568988,0.1393360639387618,0.11074054011676142
63,63.0,63.0,0.10411855918952295,0.10228825488956654,0.06709037394179772,0.09624150646174923,0.07770168985799719,0.13381856305745635,0.10329035725300524,0.08193844773912878,0.13971053306699005,0.09380171454278548
64,64.0,64.0,0.10325491065228368,0.08145105116587197,0.07475942770933511,0.08447006837391828,0.08791870590223967,0.12621829050124259,0.11108714600446239,0.08752986185827669,0.13070414539704625,0.11260639243532292
65,65.0,65.0,0.08937926770746774,0.09439362563015728,0.07232001270785096,0.09366894636194191,0.08807733102566453,0.13503538647485008,0.10101412411262316,0.09322585782149753,0.13600381872335576,0.09688162943459058
66,66.0,66.0,0.10248025106179977,0.09295713204638498,0.06374623480651201,0.09058591530567078,0.08698008019645423,0.12542960352954596,0.09520434160064024,0.09084723019616225,0.13551073279520132,0.11625847846162798
67,67.0,67.0,0.10423067782849027,0.07834712129775592,0.0695687492300341,0.09134852876798705,0.10668484108559657,0.12333866494357575,0.107908968223308,0.08738807160530081,0.1255555724032634,0.10562880461468767
68,68.0,68.0,0.09731770823161522,0.08941501089750559,0.07537825687289265,0.0976766633802048,0.08603875020699336,0.12856811546083904,0.09356067207806432,0.09664202940611297,0.1333332981795204,0.10206949528625123
69,69.0,69.0,0.09273258726353457,0.09908061044018741,0.06940615612389822,0.09156397886778658,0.0831396597628214,0.13298841592015545,0.10644894267532468,0.08319319920589927,0.14527138301347506,0.09617506672691692
70,70.0,70.0,0.09796528973235516,0.08222170017264367,0.06446914692073609,0.10621880209499272,0.0904179291739282,0.13890184015114304,0.09250325912421942,0.09554402825443267,0.1273741417721505,0.10438386260339802
71,71.0,71.0,0.0986808378048902,0.08065730921663303,0.0703999041081931,0.09628241960685077,0.0870379351497523,0.13543660615570358,0.1056547169153967,0.08671061658847132,0.14125927412837752,0.09788038032573099
72,72.0,72.0,0.10152709532605293,0.0858117298293051,0.06837221511675284,0.09582038098115467,0.07310796012341296,0.12951341051926407,0.1042133815264906,0.09487149814133403,0.13242269401720924,0.11433963441902309
73,73.0,73.0,0.09291155748477682,0.098295161471078,0.058645238732196216,0.09092310024484537,0.0923293951052718,0.13969363025215625,0.10497110625761272,0.08384116068899614,0.13877521605746654,0.0996144337055997
74,74.0,74.0,0.09202866143424698,0.08602892481314235,0.06649758336042846,0.09009505029501956,0.08968677368691105,0.1384915504037674,0.09370093632602944,0.1009256227257036,0.12871225250890975,0.11383264444584089
75,75.0,75.0,0.09851899817898575,0.08845307758875134,0.06907674038057122,0.10803713489974802,0.07736393212809602,0.12219059361744584,0.10170431296724151,0.08951165995910439,0.1407661702567021,0.10437738002335332
76,76.0,76.0,0.094266975014041,0.08204702133939314,0.07041805019793565,0.10328374029776315,0.07991280509386436,0.1257805890987435,0.10504836062164136,0.10491549640826703,0.1344555195590255,0.09987144236932491
77,77.0,77.0,0.09357190449721493,0.07799812948676228,0.06775885601738421,0.09917710234928648,0.09072114479527264,0.1374613419244562,0.10066287830795402,0.08248689241717802,0.1316039855673044,0.11855776463718633
78,78.0,78.0,0.10928764239320385,0.09052906715701788,0.0697751062818863,0.09915902531896503,0.08066923833507576,0.1347557653134198,0.1024702443724091,0.08547088584774944,0.12744062025615321,0.1004424047241191
79,79.0,79.0,0.10087722718377082,0.09132866860873619,0.06297209165098819,0.08846526202140517,0.0824877333063064,0.13925835722373808,0.09887719168872504,0.09267204593091471,0.13899875703801062,0.10406266534740442
80,80.0,80.0,0.09632746627375924,0.09813173248007243,0.07419279420430312,0.09923164609643605,0.07966873169181776,0.13158183621288064,0.09644671944819408,0.08418122261273375,0.13316225392557451,0.10707559705422795
81,81.0,81.0,0.09475783039482051,0.09421249990997528,0.058525407340001924,0.09635465920722733,0.0814424274338626,0.13314316689047834,0.10992774389958664,0.08784687898779679,0.13561318298849434,0.1081762029477558
82,82.0,82.0,0.10160753444199391,0.07402750701870701,0.07798754791940421,0.09450487976626579,0.08452643895704262,0.13602199150383415,0.10269149444297243,0.08950934871969346,0.13009626616685882,0.10902699106322708
83,83.0,83.0,0.09643117120647846,0.08597892372014132,0.07317361841518609,0.08742348462869319,0.08747777905159472,0.1356552722573747,0.10631802297320228,0.09030966031295705,0.130114250710228,0.10711781672414378
84,84.0,84.0,0.10263082397902971,0.09790209645236958,0.06591462834997247,0.09183045929674996,0.0848606279086227,0.13745860423578288,0.10121741705086643,0.09176700174979621,0.13133323093070837,0.09508511004610118
85,85.0,85.0,0.09920521627502694,0.07804287185975593,0.07552224883822692,0.09208022003062241,0.07969032226379155,0.13378451812647738,0.11326433235524572,0.09109325379239366,0.1359219525083541,0.10139506395010486
86,86.0,86.0,0.08883154583095718,0.08261902793304242,0.07207562089347234,0.10671689923042657,0.07579140725735065,0.1328229892248366,0.09557835443802545,0.09179632512836428,0.14140734481306177,0.11236048525046236
87,87.0,87.0,0.08919506120299417,0.09489305387586644,0.0597038491658888,0.09516866532343532,0.08896938542498478,0.13896182223975898,0.10885202890057262,0.0897445441449199,0.1355042438646915,0.09900734585688707
88,88.0,88.0,0.0996509786609981,0.09048874860942688,0.09187747289802276,0.09521320060829483,0.07607159314882042,0.13857455717381434,0.10495958289118831,0.08812149954452883,0.12166573654012378,0.09337662992478134
89,89.0,89.0,0.10547938248342197,0.08745875902041318,0.07195341097575418,0.08933197806056961,0.066132395407159,0.15022852592861352,0.09972457971504008,0.09306752461540521,0.135477038373284,0.10114640542033879
90,90.0,90.0,0.09483167597393607,0.09385580652940848,0.06822495796739263,0.09902480471324081,0.07985680109798685,0.1306345072597693,0.09474144653911715,0.08507680650115886,0.14331941293541725,0.11043378048257213
91,91.0,91.0,0.09420198800785042,0.08077044018921882,0.06519936746490103,0.09720340804599863,0.08112316891964991,0.13883077386944992,0.10105714074277769,0.08579367233695742,0.1509958493433477,0.10482419107984804
92,92.0,92.0,0.10538073623406916,0.08922031140400313,0.054396049804285806,0.1020269874052874,0.08689668202251002,0.12837209416360837,0.10062593846351983,0.10132233305742892,0.13225361544638647,0.09950525199890035
93,93.0,93.0,0.09499206086178782,0.09956720188747045,0.07479689049078941,0.09205330692254432,0.07878679024527677,0.13097915500190985,0.09544590085830316,0.09437428908619752,0.14524614665609722,0.09375825798962298
94,94.0,94.0,0.10368429510032813,0.08307489028770876,0.07796866193335474,0.10084633893945978,0.07986666977330326,0.13510242216351281,0.09815687137110927,0.09094473067315693,0.1401033331156261,0.09025178664243973
95,95.0,95.0,0.09176396839215079,0.08454628921848126,0.06113014027710258,0.09471033858823098,0.09281060985974673,0.14079228796531948,0.10188790876708942,0.08983485153516385,0.1427624677351806,0.0997611376615339
96,96.0,96.0,0.09464185483585107,0.08848368157939676,0.07427278345910256,0.08719333579980712,0.0767289604251367,0.14781410678846235,0.11263828743281876,0.08170172778923333,0.13145285739742163,0.10507240449276929
97,97.0,97.0,0.08989808236866738,0.08148241719135439,0.07482100277450221,0.09719981740307668,0.08537061295268036,0.14087436405437598,0.10139425175286217,0.0870667598041659,0.13894576385407506,0.10294692784423942
98,98.0,98.0,0.09727623635060059,0.09275949910148903,0.07243099466038348,0.09111514902670019,0.07758817875735222,0.13995931591926733,0.10672344199594892,0.08204133509681982,0.1416442815791072,0.09846156751233077
99,99.0,99.0,0.10860323159454337,0.07396538530732713,0.07876680615175632,0.10585489615732051,0.06625802060830736,0.13870416438387498,0.09485295010959074,0.08840685617801028,0.13845648422645668,0.1061312052828122
100,100.0,100.0,0.10746525181638181,0.0835577876945067,0.06824947998196192,0.09041935318800583,0.08051760596215726,0.1315778076370418,0.09134977694957379,0.0924677840168513,0.1413534304347413,0.11304172231877782
101,101.0,101.0,0.09804417072636698,0.07972000876725682,0.07983124928542615,0.0955297926903067,0.08175048491692463,0.13034500878134464,0.09852976569203675,0.09568530750008704,0.13318735848364227,0.10737685315660757
102,102.0,102.0,0.10095360258804909,0.08971752095405823,0.07555358423374048,0.1030182480113705,0.08470537830525711,0.13197674304739843,0.10181555606783801,0.08574538926752562,0.1422904851619262,0.08422349236283583
103,103.0,103.0,0.11274294004392649,0.0880734747033696,0.07504068197399569,0.09643902001444303,0.07567861001429935,0.13298808653084573,0.0935542254200253,0.1015844559666913,0.13624564082491347,0.08765286450748952
104,104.0,104.0,0.09402770166047915,0.08820479616022207,0.07634134730461341,0.08880711010543568,0.08760953270723575,0.13632638714410997,0.09198402959715167,0.08752469333440448,0.1447212102259911,0.10445319176035628
105,105.0,105.0,0.0936284044564322,0.08918907792605386,0.06935560774736432,0.09713461730587321,0.0918169714833169,0.12463797434801074,0.11056784730307856,0.08275989381268807,0.1402346879692112,0.10067491764797051
106,106.0,106.0,0.0925120057407457,0.08512643591229856,0.08635715746768295,0.1003940007772625,0.07153791694562503,0.12463832428240403,0.1093937914147314,0.09271990793216847,0.13914794032686478,0.09817251920021605
107,107.0,107.0,0.10194878103374863,0.0886376331152321,0.08099340836311261,0.09405692375665323,0.07920131253534662,0.11826311495236737,0.10851351364360569,0.08387525213670768,0.14781039554629227,0.09669966491693335
108,108.0,108.0,0.08480768649816321,0.109623662825268,0.06871577093009962,0.0877079647382694,0.0845913975432103,0.13315196248947206,0.10892981456749151,0.08478138283702988,0.13905417174397855,0.098636185827017
109,109.0,109.0,0.08895988332209696,0.08334859370093622,0.06873414606894143,0.10590160982532928,0.07578513567844576,0.1337793423760091,0.11051050864072087,0.08854114673459053,0.14941013549144216,0.09502949816148719
110,110.0,110.0,0.10082885248411166,0.09188449366726519,0.0666155782549465,0.08011251128980579,0.07379371694081796,0.15128687466158977,0.10090113668000086,0.08678032650287303,0.1371878161246116,0.11060869339397708
111,111.0,111.0,0.09979856672665632,0.08974073514167877,0.07421116052368434,0.08705976334009163,0.084555202258125,0.12323905997432683,0.10068336367373534,0.09642928671913906,0.1416779996431945,0.10260486199936773
112,112.0,112.0,0.0979198798190023,0.09989445451414185,0.07920768410961218,0.09019501413066656,0.06859119330926686,0.13854130293811057,0.09692229825397006,0.08817537394811223,0.13232687278863248,0.10822592618848444
113,113.0,113.0,0.09691733383097142,0.08136040647417755,0.08082059707611733,0.09540806431576712,0.07061686812328984,0.13541851880804928,0.10503446102028628,0.08663862422614507,0.14031085792613399,0.10747426819906163
114,114.0,114.0,0.09643334302644382,0.09371987270044956,0.07351765603149536,0.09046589449516773,0.06610313561087477,0.13872185335520965,0.10422497483833545,0.08807471174629847,0.14086777589833385,0.10787078229739092
115,115.0,115.0,0.09446229420561283,0.09694952763683568,0.07518345800443053,0.09806356639426954,0.06739558015402586,0.13121429658129022,0.10698795637183238,0.08079881336567815,0.14208111672211937,0.10686339056390501
116,116.0,116.0,0.1001468978361711,0.07899778111740724,0.07911000875797587,0.0985706644105357,0.08908967780481299,0.1326654941017552,0.10604257672449531,0.07294843713549684,0.14268874103156293,0.09973972107978632
117,117.0,117.0,0.11924203849411566,0.08181027877592856,0.06404336623072249,0.09932197152583408,0.06771386574824016,0.14289300137777192,0.10524212975493379,0.07632500631896717,0.148341388186155,0.09506695358733068
118,118.0,118.0,0.10128562033517544,0.09475471652716908,0.06496051077702678,0.08919829076318812,0.06410430235623785,0.14170793823421593,0.10191588061829024,0.07879656948763385,0.1521784210627033,0.11109774983835904
119,119.0,119.0,0.09836458876589725,0.09038118533668646,0.07367044933559926,0.08512211649806084,0.08904510357226353,0.13830398414750172,0.11461405898530781,0.07846820506093069,0.13883421013054853,0.0931960981672034
120,120.0,120.0,0.09872296253656651,0.08445226467596487,0.06962440364512897,0.09217605107496371,0.0694822843725442,0.13418657637132875,0.11221119644216322,0.07869297191322841,0.15159306692529034,0.10885822204282054
121,121.0,121.0,0.08537999350727925,0.07403475875383808,0.08619510313169751,0.1013369904716358,0.07150922192550374,0.12961927750796495,0.09956945868811623,0.08491452659223431,0.15057702051640995,0.11686364890531978
122,122.0,122.0,0.09491990252769344,0.07369181420918453,0.07704907943552719,0.09750702496982146,0.07418298454194197,0.14809036998365727,0.1020645195479506,0.08581575894949753,0.14536148949244249,0.10131705634228319
123,123.0,123.0,0.08130500135845842,0.09378306765415009,0.06962417811152141,0.09685866539244381,0.08048566572203007,0.1625881971676336,0.10611773656016257,0.07158203751848005,0.12823718217986965,0.10941826833524981
124,124.0,124.0,0.09011619339358001,0.0935879250249746,0.07333090229073722,0.09763885827622487,0.07531002727285963,0.14478517732343615,0.08524606915621946,0.09240479168274726,0.14849321910956148,0.09908683646965889
125,125.0,125.0,0.10287896955100692,0.08107209424572995,0.07045499143741853,0.10326303551274194,0.07240207179059138,0.13593687478664432,0.09337443120442959,0.07872837086643265,0.15467086541241032,0.10721829519259393
126,126.0,126.0,0.09159297645122373,0.08526815305436705,0.07240962790417585,0.0925202156337026,0.07417907628248216,0.14370557995955935,0.10538386747022983,0.09123630430221913,0.14472681235984927,0.09897738658219049
127,127.0,127.0,0.11292379987271428,0.0759930222765651,0.09203477508041538,0.08585580283798375,0.07101722521767777,0.1385686207143458,0.10934591347805686,0.06984553123817762,0.1391423886472412,0.10527292063682177
128,128.0,128.0,0.09765432527056919,0.08467596885743452,0.06853090484470589,0.08086308542982923,0.08106770543854584,0.1456527799564985,0.1017436008737497,0.077536104242915,0.149355672986198,0.11291985209955371
129,129.0,129.0,0.09059996659484341,0.08660945677702155,0.08335682765799823,0.09825817151061736,0.0683920105656296,0.12685996313980946,0.11198579269234732,0.0830523272970371,0.14346577758584741,0.1074197061788481
130,130.0,130.0,0.10864008782859444,0.08298981893666649,0.06808015448978962,0.08738767131346542,0.07384171767980624,0.12581282686352815,0.1022463412921116,0.06752701340612854,0.16351246845415404,0.11996189973575502
131,131.0,131.0,0.0870350849091428,0.09565429248917169,0.07569057404930042,0.09704812471291899,0.07428200011972386,0.1428461483716873,0.10177413483510526,0.07427324792471621,0.1494113235727497,0.10198506901548336
132,132.0,132.0,0.09959304320572888,0.07944436183738608,0.06644129785543991,0.0980881419454737,0.07009936132159644,0.14192815723621152,0.11334340233269921,0.08928259253183848,0.14498279247595625,0.09679684925766903
133,133.0,133.0,0.09659634882058132,0.08532526801624352,0.0756416353743941,0.09046773696725179,0.07334098205294602,0.1517602851009458,0.09575160348542962,0.08606844097747646,0.13201030628469335,0.11303739292003756
134,134.0,134.0,0.09518179019670188,0.08651965365744933,0.07443152423786129,0.10374813288357261,0.07979645614711378,0.1414838850611571,0.09827309467977342,0.0758941777507803,0.14996620435092942,0.09470508103466035
135,135.0,135.0,0.10104623499469048,0.09760579806220429,0.07707140111612776,0.09368889130587196,0.09093047461600505,0.13015538848655317,0.08974633782468712,0.07963479121948988,0.13709763734335198,0.10302304503101789
136,136.0,136.0,0.09169396060321502,0.07863907826722114,0.07783112512812827,0.10536877899791881,0.0626747771405214,0.1453182168744424,0.09341329717590582,0.08404511973594132,0.142305649396285,0.11870999668042037
137,137.0,137.0,0.10555852343965647,0.0854730880960689,0.07248601544663433,0.0989118888314924,0.06586604488424572,0.14369794056688462,0.10390560393043961,0.07392678606895922,0.14569708977454138,0.10447701896107682
138,138.0,138.0,0.09581505657776339,0.0858903738109412,0.07895038386869298,0.08720441540821564,0.06100866161697155,0.1393588134857679,0.10518909759984416,0.08403579410579391,0.1676654393150341,0.0948819642109747
139,139.0,139.0,0.09500071648084493,0.07884714479361635,0.0753000724906939,0.08128434792737158,0.06419122328165724,0.1392549539144315,0.10790523580779735,0.09565971161016243,0.1530466633660827,0.10950993032734155
140,140.0,140.0,0.09381870310412081,0.08092012009442609,0.07407693146168508,0.0887070045019837,0.0710516932429659,0.15245862613822064,0.10631918110260623,0.08747013357500395,0.1423013872772178,0.10287621950176935
141,141.0,141.0,0.09074416421096818,0.092972356724241,0.06661226850967104,0.09977416741005343,0.07174913994336979,0.1347833945690539,0.10064716740162931,0.07888018681043348,0.15142778479396793,0.11240936962661148
142,142.0,142.0,0.09835619647529184,0.08427904861066042,0.08529220713618182,0.0971424660255896,0.07676834354346879,0.14634331977204035,0.09721992886939347,0.07681196654155047,0.14495227361384594,0.09283424941197677
143,143.0,143.0,0.09852762769989712,0.07922089855045629,0.06062582644226526,0.10314198516472439,0.08303841189462993,0.1389215931974745,0.11253951944050533,0.09225420338391971,0.14231710250058618,0.08941283172554088
144,144.0,144.0,0.08874013234998118,0.0894018386651114,0.07658874420644927,0.09727553564208176,0.07743718017895643,0.15373263681029703,0.09632164246112596,0.07096493665744766,0.139488018757824,0.1100493342707249
145,145.0,145.0,0.09876900708340315,0.07895125469233531,0.07038269541817543,0.08971656873177594,0.08109623240253253,0.13971247310896645,0.10311760613341699,0.07430890838624246,0.14334061665230388,0.12060463739084748
146,146.0,146.0,0.08583291249605787,0.09980152996473765,0.08034092781399745,0.08656995326898759,0.08137658698172362,0.14742494497518235,0.09887172055595742,0.07069767008352584,0.14224601709593598,0.1068377367638937
147,147.0,147.0,0.09385524982338939,0.09859549947140998,0.06358112480029686,0.0967646501092928,0.09131891168630113,0.12730236438432407,0.09680268872470008,0.08150397867536878,0.14011508755102836,0.11016044477388802
148,148.0,148.0,0.09625278962442536,0.07836755324086205,0.07952296634632608,0.08462542513905234,0.0660754159639563,0.1404030268870297,0.10648044297614148,0.08863558164502731,0.1408867291835453,0.11875006899363352
149,149.0,149.0,0.09483898116117224,0.07856670822949853,0.0725996375924716,0.10354907220568318,0.0772826878153096,0.14084271881019536,0.10692870286139353,0.06543145174706379,0.1474600211175296,0.11250001845968219
150,150.0,150.0,0.09983074888456182,0.10999490998700198,0.0709564043741563,0.09935320742544654,0.06323220150185381,0.13656771460589429,0.0996341883000877,0.08177175462600891,0.13737864021854196,0.10128023007644622
151,151.0,151.0,0.09399742625166906,0.0978242018975117,0.07599338015093385,0.09633889742071654,0.05527003485076822,0.1325687173448024,0.09250257136389368,0.07953414444775726,0.15970485532498882,0.11626577094695804
152,152.0,152.0,0.09785030152261598,0.08007377712652573,0.07864387451711194,0.09860628896206787,0.0726072980192385,0.1384690241652375,0.09310821920412962,0.08823540330124632,0.14011237170121094,0.11229344148061504
153,153.0,153.0,0.09543410383394288,0.09605636194067708,0.07553059668380581,0.08486201701205932,0.06858542126777496,0.14696138864285366,0.09111664865672253,0.0796473537069105,0.15138118831363,0.11042491994162273
154,154.0,154.0,0.09065086415864029,0.07402019504982289,0.08091151339837473,0.09682404001524889,0.07828402080499991,0.14473927355602398,0.09436634621322311,0.09643584007235698,0.13973422967552146,0.10403367705578734
155,155.0,155.0,0.10069520978833887,0.0859816889905308,0.08069214565258588,0.09768098799888988,0.0669737344846897,0.14572328994742756,0.1038017194214754,0.08532474756707586,0.13982911764939368,0.0932973584995919
156,156.0,156.0,0.09968617942962511,0.0927849822873306,0.07412554711965916,0.08384248090831391,0.07722702954933562,0.15680746593790712,0.0935913190882783,0.08194135552706559,0.14583450873509643,0.0941591314173877
157,157.0,157.0,0.09669775383676156,0.08370022439948702,0.0834423653145476,0.08249736706073171,0.06924413108637448,0.14816388697220587,0.10679335580781166,0.08563446440286898,0.14830042595087226,0.09552602516833844
158,158.0,158.0,0.1043674359157842,0.09323993064622481,0.06882085130179222,0.0976414504743163,0.06885212127144913,0.13539156474161834,0.09708363164263306,0.0803977066577728,0.14617647809292061,0.10802882925548792
159,159.0,159.0,0.0953176265650772,0.08112606879807219,0.07328375076056484,0.09065118810031084,0.07956067837251012,0.142038317123917,0.093528379324137,0.08639331095228861,0.15352525427116942,0.10457542573195225
160,160.0,160.0,0.09656323839013502,0.084339464491207,0.0643369695178218,0.09482310834826446,0.07716231532070054,0.15718674861381066,0.09840180356718484,0.08837456882550036,0.14319095376035512,0.09562082916501966
161,161.0,161.0,0.08852806816173925,0.08504292471700253,0.081001593053914,0.08958065097173938,0.07590432382127388,0.14452741689968704,0.09111512875099127,0.08344876698869028,0.15829914777806992,0.10255197885689205
162,162.0,162.0,0.10824670264801509,0.08241419693507551,0.07306235772956246,0.10658395457091367,0.07436539508976224,0.1429670902104693,0.08960707185845114,0.07167433580371817,0.15347327387621507,0.0976056212778169
163,163.0,163.0,0.08900644624877421,0.08854598612366223,0.07560895755898181,0.09779749732032161,0.0793668178225093,0.13838132820501467,0.10082800860295102,0.07247264338905376,0.147604006501373,0.11038830822735786
164,164.0,164.0,0.09067238770954203,0.08675273995913349,0.07819200857892353,0.09648677147292462,0.07449670110978868,0.1420011953712793,0.10252151378413873,0.07674227847504161,0.1413265200878853,0.11080788345134222
165,165.0,165.0,0.09329872310122997,0.07915650492036809,0.0778299082036168,0.09401687602907807,0.07463406046953311,0.1430722445165732,0.10167009334283342,0.0891114044361509,0.13492349269429682,0.11228669228631916
166,166.0,166.0,0.08960396245616023,0.08907282260454785,0.08436233308481451,0.09859663333395549,0.06991966156095657,0.1285475475970458,0.09874093353596214,0.08504968412710487,0.15531677909475466,0.10078964260469747
167,167.0,167.0,0.09708917546760944,0.09329436129049182,0.06433625867960517,0.08893979808035285,0.06832506154993764,0.13681156997984772,0.09901392940786655,0.08901958869568408,0.16196514942514134,0.10120510742346298
168,168.0,168.0,0.09526280109024574,0.08809562328218104,0.06444760193282675,0.10978432516339805,0.07508017883069908,0.14561349107335184,0.1048592790026978,0.07876669488071268,0.1410909157407844,0.09699908900310221
169,169.0,169.0,0.1017182872438106,0.09160936987718547,0.07182096084033589,0.08812746455759882,0.06543101341657555,0.1377517644181007,0.09603069299591649,0.07700940389432646,0.15640574860154316,0.11409529415460636
170,170.0,170.0,0.09937732784111136,0.09521517452931705,0.05639778729570148,0.07281616654797807,0.07208782099006675,0.14801720534563353,0.09965198068117767,0.08945910730928135,0.14859262462120465,0.1183848048385276
171,171.0,171.0,0.08738159126303988,0.08743684624371792,0.0633401649043437,0.09060369857166542,0.06653522851899075,0.14949936115335544,0.10120649171063989,0.07098166523129687,0.1595737505855213,0.12344120181742835
172,172.0,172.0,0.09971784349498315,0.0977116390786172,0.06057516641534966,0.08770404855124078,0.06016677065111714,0.1498737968848628,0.10349656354968921,0.08786723447565958,0.14878380795246288,0.10410312894601706
173,173.0,173.0,0.08100291504643406,0.09137477198682108,0.08128893286074626,0.09760901567884066,0.0756898999527579,0.1350598260251808,0.09808633022522596,0.08513259360829754,0.1520875470661832,0.1026681675495121
174,174.0,174.0,0.09086857890475662,0.08108731710241444,0.08154772750123891,0.0971338972233152,0.06964066986106128,0.12166492279415157,0.09902769549445936,0.08356272006203716,0.15725482594451026,0.11821164511205476
175,175.0,175.0,0.09031877506821176,0.08497416567280149,0.06648540151463672,0.09438221545259823,0.06940003249313029,0.13500291499685182,0.10844280712116687,0.08164887211104074,0.15723326990277,0.11211154566679152
176,176.0,176.0,0.08448863713591659,0.08868205372882002,0.08496531350411836,0.08957173006094285,0.07226327523411978,0.1524116739168913,0.09081779205616582,0.07677018230970158,0.15079177567132857,0.1092375663819947
177,177.0,177.0,0.10440816035864087,0.07644953558685623,0.0737597086919868,0.11200047573015999,0.07479011337178337,0.13913539877330314,0.1070491304783457,0.07323132554336607,0.1344526644454745,0.10472348702008291
178,178.0,178.0,0.10689442291207515,0.0787416243574133,0.09686294948625171,0.08146093091144643,0.06922339562901994,0.13162647661517016,0.09851828074715512,0.08162375738477183,0.14299785245821728,0.11205030949847856
179,179.0,179.0,0.0886120410116571,0.08818230025277111,0.07275086947650185,0.09002718867145051,0.07688491475886414,0.14440867458132126,0.10835825151283514,0.07449884091160926,0.1416086103329468,0.11466830849004243
180,180.0,180.0,0.08788881618149029,0.0766164320397199,0.08130333351199134,0.08535234407001545,0.06648722239567131,0.1403355772333163,0.10164325583889784,0.09007989904289618,0.15105729888939576,0.11923582079660515
181,181.0,181.0,0.09835648905159909,0.08727988834863176,0.07987872162944307,0.08416557645250797,0.06747929098956354,0.1387996656843657,0.10501962143408942,0.08666796053451845,0.15369313434517126,0.09865965153010922
182,182.0,182.0,0.08436462177567838,0.08903105185555779,0.07759107638643262,0.0949060688861751,0.08071852445317827,0.13825205677401778,0.08323681405801216,0.07997323331788117,0.15571093772168612,0.11621561477138014
183,183.0,183.0,0.08770906334501796,0.08000912005120907,0.06960496992494287,0.08826749604420396,0.06697778771784144,0.14879474228990258,0.1133202349598202,0.09032627638914473,0.15429053651534003,0.10069977276257666
184,184.0,184.0,0.09047117028122263,0.08428751883354427,0.09396335439844311,0.0986305292282588,0.07388194851668331,0.13788090890017551,0.09395593736545846,0.07487722734259658,0.14597123300709117,0.10608017212652572
185,185.0,185.0,0.09212093264743651,0.08987201400547173,0.07932200123405171,0.0956847669628351,0.07994544839345333,0.12837208887391466,0.09920166075693157,0.07292096700074156,0.15126535341885752,0.11129476670630586
186,186.0,186.0,0.10364548187670726,0.0959931775205713,0.07700061069362713,0.08573442822010087,0.0576137902592751,0.14933629437356796,0.08542985393103227,0.07866211512342278,0.1447421325889803,0.12184211541271459
