,Unnamed: 0,Generation,Intertwine_two,Add_vertex,Delete_vertex,Invert_path_vertices,Insert_inside_vertex,Delete_inside_vertex,Replace_inside_vertex,Donate_between_routes,Trim_one_terminal_cb,Grow_one_terminal_cb
0,0.0,0.0,0.09999999999999999,0.09999999999999999,0.09999999999999999,0.09999999999999999,0.09999999999999999,0.09999999999999999,0.09999999999999999,0.09999999999999999,0.09999999999999999,0.09999999999999999
1,1.0,0.10900000000000001,0.10088346414882876,0.10027483365305158,0.09737493285565604,0.10131328928040358,0.10050707589636156,0.09994051297354985,0.10069243947100592,0.0993045145485483,0.1005035362780944,0.09920540089449992
2,2.0,0.31601,0.10173380739821043,0.09977382176213771,0.09547617444255456,0.1013225188621162,0.10079262840065538,0.0999321052655257,0.1022818689416392,0.09868593061185911,0.10080904968646015,0.09919209462884147
3,3.0,0.6191589000000001,0.10208632100069648,0.09847144596082136,0.09347427664312392,0.10114364823574841,0.10142908694185544,0.10072501253382221,0.10292508110604488,0.09937433301650622,0.10161255755167854,0.09875823700970245
4,4.0,1.015801321,0.10305002175335902,0.09731291902188534,0.0908809705286118,0.10240575585758836,0.10056498766134238,0.10234830110159499,0.10371923877331357,0.09924503232140776,0.10136219249569016,0.09911058048520655
5,5.0,1.50262148669,0.10264215259715861,0.09550845153919467,0.08803199839480555,0.10263273212026976,0.10050407313123895,0.10343369827019123,0.10476893857889816,0.09903599920293202,0.10341712260381035,0.1000248335615006
6,6.0,2.0757334209441005,0.10395677310127467,0.09383322463223183,0.08612185908612409,0.10212015166796021,0.09949334328756672,0.10494301144782307,0.10643358961070318,0.0989004762712621,0.10507793686001443,0.0991196340350396
7,7.0,2.7307768275633495,0.10490167006763787,0.09300024222134146,0.08411158842131111,0.10178472674929878,0.09847076731673007,0.10574767447384469,0.10668829541105368,0.09848709960846828,0.10735380045140444,0.09945413527890949
8,8.0,3.4630081252450404,0.10508704356310003,0.09099928621777421,0.08292407890088604,0.10120619413164757,0.0966529271404595,0.10769160106048116,0.10834688446417264,0.09875728295346327,0.10912910026117356,0.09920560130684183
9,9.0,4.2673862119061114,0.10546592463262844,0.08984597189039382,0.08087253076858686,0.10019421721373684,0.09610237754844271,0.10954398056149975,0.10849580225343691,0.09766160797762832,0.111868814214993,0.0999487729386531
10,10.0,5.138652627782014,0.10542051294152287,0.08823660880058935,0.08006271684022702,0.10034162348816264,0.09601922704965148,0.1105141541754617,0.10853170800997188,0.09594900519802917,0.11443646344358277,0.10048798005280091
11,11.0,6.071405875792507,0.1047548611805419,0.08729725277054462,0.07863729282291758,0.1007164072584808,0.09532807969152893,0.11226271189138609,0.10896579960108302,0.09525545562305085,0.11603035943071045,0.10075177972975555
12,12.0,7.060169740244025,0.10475911632178059,0.0861018865669097,0.07640851937014945,0.1001932845216643,0.0955422887095208,0.1140208957935375,0.11067685495807647,0.09359588880402127,0.11883076395769875,0.09987050099664094
13,13.0,8.099455520847952,0.10507003360733677,0.08446860384009841,0.07489528162720231,0.09952959355339513,0.09493646564020963,0.11634756748807917,0.1117484833108526,0.09290636392819751,0.12165951501750143,0.09843809198712675
14,14.0,9.183818168183006,0.10476527501784373,0.08378188064558337,0.07368773771019399,0.09920629737041205,0.09412551446751166,0.11808578606809489,0.1128092017450713,0.09174128122127174,0.12343103987642419,0.09836598587759275
15,15.0,10.307906369102724,0.1055615240404176,0.08255869163858134,0.07348445510395184,0.09959012726227688,0.0928342715897156,0.11927780908572293,0.11251835192695557,0.09089830072224774,0.12480322460693016,0.09847324402319996
16,16.0,11.466506686239443,0.10566842141698629,0.08165737986874427,0.07211752193537471,0.09939872815611384,0.09174478540093815,0.12000063071284572,0.11223772857876764,0.0923493842283429,0.1256351571320025,0.09919026256988361
17,17.0,12.654581904800096,0.10650047839418501,0.08098645927547271,0.07163870822353288,0.09939544724384664,0.09092709800789182,0.12130841383666677,0.11206422995889906,0.09204616232016216,0.12613695475388953,0.09899604798545306
18,18.0,13.867303782456686,0.10714406711082247,0.07904183336427154,0.0702693142932264,0.09940678787772933,0.08979670260189243,0.12258163572280316,0.11312252110847054,0.09136792674443842,0.12713475753766892,0.10013445363867643
19,19.0,15.100080434523047,0.10701062318585128,0.07809182967420608,0.06876195653663568,0.09924905666605724,0.08897905080317883,0.1254375510600368,0.11232669844706689,0.09242244003200006,0.1284861947448884,0.09923459885007843
20,20.0,16.348578617037543,0.10756169830240067,0.07772320517647037,0.06820432426239609,0.09902153173856192,0.08720751634218622,0.12682719760871375,0.11375161051140442,0.09154531075890429,0.12942916201995758,0.09872844327900437
21,21.0,17.608741195130214,0.10807164444820143,0.0774055261151015,0.06753569133199223,0.09885163487785037,0.08522773486322305,0.128463134918746,0.11365817070375195,0.09177892732280431,0.13080079648645912,0.09820673893186978
22,22.0,18.876800103462312,0.10860972463982965,0.07690760301515104,0.06682890196355692,0.09820518625163403,0.08511133262392154,0.12904564150154163,0.11261443133231139,0.09221662032217104,0.13184423864644867,0.0986163197034338
23,23.0,20.14928511992658,0.10781269243237429,0.0760024184767344,0.06659595150484623,0.0971540737220968,0.08456428483442759,0.13064728513298934,0.1130021767245743,0.09237368295068585,0.13334263033917276,0.09850480388209817
24,24.0,21.423028783545156,0.10722698233572789,0.07472092477569228,0.06670953257006718,0.09710937354245308,0.08505979501702544,0.13153463031702523,0.11177370538560537,0.09289284991480219,0.13475080526948338,0.09822140087211773
25,25.0,22.695167792966423,0.10647041335877092,0.07468618907190028,0.06676893561378286,0.09643779248974776,0.0848230628706912,0.13241417956095977,0.11151462361254628,0.09237957355381794,0.1357980928799508,0.09870713698783201
26,26.0,23.963141223515898,0.10565734047996454,0.0754151158728023,0.06631058512669297,0.09502197290901498,0.08526047030025463,0.13305800641119958,0.11100623114564973,0.09198257869847767,0.13759459632674156,0.09869310272920184
27,27.0,25.224685898775267,0.10557270061005426,0.07487795166633471,0.06674137394260012,0.09524008155943715,0.08438394802088463,0.1340216504251298,0.1101225216003219,0.09254564293807004,0.13783254460569438,0.09866158463147282
28,28.0,26.477829247520948,0.10520728810086541,0.07439387835707427,0.0669579002631913,0.0942495884128921,0.08429840435962736,0.13432411949971057,0.11066169470664093,0.0928377144506904,0.13889200217917202,0.09817740967013547
29,29.0,27.720879968916847,0.10445426521214986,0.07460880641746155,0.06684523478892915,0.09389133614440041,0.0837090717482685,0.1346647820843888,0.1103461575630963,0.09251991917949764,0.14018341330409956,0.09877701355770803
30,30.0,28.95241681848399,0.10241974226154966,0.07598030659266228,0.06693751532017696,0.09338965242624679,0.08373177958679041,0.13488086022003182,0.10962976287161097,0.09257008488289704,0.14134764215289214,0.09911265368514173
31,31.0,30.17127581490958,0.10204891177735632,0.0758178581403541,0.06704454830984286,0.09368145959223553,0.08300180342212485,0.13518287752073238,0.10932742969935766,0.09290437007654859,0.14272362461726318,0.09826711684418434
32,32.0,31.376536153543515,0.10123953479799488,0.0775191100818173,0.06705115918325902,0.09323618713070363,0.08197535400221789,0.13555795108275842,0.1092720960084462,0.09204935937660244,0.14321098160193207,0.09888826673426795
33,33.0,32.567505096778625,0.10102520013365121,0.0796040341344855,0.06624726174735325,0.09319435907711694,0.08124661082998569,0.13593881324776397,0.1091653308531474,0.09148788394095188,0.14303176945056603,0.09905873658497796
34,34.0,33.74370209472243,0.09972667677901845,0.07924401665733982,0.0670269266351825,0.09252707943028782,0.08253447586169073,0.13544451932262186,0.10852152470873266,0.09215619376893347,0.1430970095805142,0.0997215772556783
35,35.0,34.90484237192463,0.09972480361709819,0.08039405281811927,0.06669125517357463,0.09263880112964692,0.08288642466123244,0.1359684594578277,0.10702780241517748,0.09135439331451538,0.14344332835385057,0.0998706790589572
36,36.0,36.05082019768737,0.10053735091404636,0.08094590514508454,0.06738116388584221,0.09175449836180047,0.08256175193682819,0.13557715229128234,0.1060592971023917,0.09114537756092946,0.1428196650773207,0.1012178377244738
37,37.0,37.18169203889697,0.09989124037448277,0.08142539235106566,0.06749253592068231,0.09183039133017738,0.08326154464061014,0.13488298277110128,0.10526463203387099,0.0924069969496003,0.14282491902771932,0.10071936460068961
38,38.0,38.29765977559663,0.09960234201453425,0.0810870677053844,0.06824716986996832,0.09042949045803925,0.08460847008943197,0.1348230243925871,0.10458250282130366,0.09285512272251212,0.142833826897207,0.10093098302903175
39,39.0,39.399054140870355,0.09880360070119887,0.08101191987713863,0.06777118168562696,0.09040781222225859,0.08443999120963117,0.13582502856404788,0.10470716110678643,0.0928547643451549,0.14311647430577987,0.1010620659823765
40,40.0,40.48631852820801,0.09855301649732702,0.0817345015158861,0.0668344417747707,0.09094570074372778,0.08481469590931048,0.13602713445125564,0.10414715677300669,0.09253679719896124,0.1440956843012623,0.10031087083449185
41,41.0,41.55999329152982,0.09869041495809303,0.08261636307729384,0.06732332593838043,0.09034624322775975,0.08464161935910612,0.137135679655936,0.10355627503521081,0.09208599139764245,0.14357119736033555,0.10003288999024172
42,42.0,42.62070064560415,0.09825346128160294,0.08245535177761555,0.0688748776948914,0.08983902289007263,0.08517981076525888,0.1378308888555111,0.10302914299455804,0.09126727142904659,0.14275186433172954,0.10051830797971313
43,43.0,43.669130257815,0.09705401832403743,0.08336649455882096,0.06900215545985736,0.09034117764133048,0.08444734070525367,0.13794554450528512,0.10292852112851797,0.09137525127365954,0.14251029053319994,0.1010292058700373
44,44.0,44.70602560622662,0.09735000761472207,0.08345446822662887,0.06936770703774571,0.09097211836900052,0.0830634574201373,0.13810748633393347,0.10216210860247381,0.09048717404148411,0.14324830897622012,0.10178716337765381
45,45.0,45.73217116373481,0.09692027084222717,0.0841370293436777,0.06944829028997668,0.0903421293903924,0.0830052581529525,0.1385869784711736,0.10279654958674025,0.09018129846584555,0.1428488146637844,0.10173338079322952
46,46.0,46.748380453854836,0.09617496333241814,0.0856845608524071,0.06913294305134202,0.0899997254923453,0.08256402594818156,0.13912454649617784,0.10295745703188122,0.08914491221120971,0.1424308816488182,0.1027859839352187
47,47.0,47.755485010424316,0.09569084836201958,0.08740186600641614,0.06884165942956433,0.08952547479296266,0.08232477783099487,0.13893033520781017,0.10277438225591974,0.08951381336170054,0.14129628047970738,0.10370056227290436
48,48.0,48.7543242612326,0.09526311403610271,0.0877325165274138,0.06897427946759621,0.08938711527272386,0.08238942267890934,0.13946374808281556,0.10351090299900031,0.08981882383385052,0.14008260143445178,0.10337747566713565
49,49.0,49.745736344347726,0.09570770315159483,0.08807830297732128,0.06978019049914033,0.08927573890727733,0.08186810678579177,0.1390043659242832,0.10356154390037411,0.08913808256895382,0.1403413426290719,0.10324462265619117
50,50.0,50.730549855707864,0.09544591751185245,0.08920338299620098,0.0688272700100858,0.08944719291142672,0.08178369658457219,0.13895254206385396,0.10395208392532412,0.08900180977212943,0.1404450599335537,0.10294104429100039
51,51.0,51.70957651737491,0.09495203284833943,0.09000869516034432,0.06812830187960668,0.08979370052240442,0.08232979510178558,0.13840388931652123,0.10256357138132446,0.08993162727630295,0.14082850524402027,0.10305988126935044
52,52.0,52.68360474770151,0.09561797370005193,0.09014237801778865,0.0678103362047352,0.09078866511212895,0.08344831497005267,0.13818210593167746,0.10194632413361451,0.08957869810784597,0.1398758149219623,0.10260938890014215
53,53.0,53.65339410751842,0.09441743081050608,0.08988546499734346,0.06731117024611587,0.09267103855875955,0.0828241872958358,0.13743516202471387,0.10225176404125563,0.09071286784481251,0.14001301476644668,0.10247789941421034
54,54.0,54.61967059027847,0.09464312580851647,0.0902845971243022,0.06672495000634572,0.0923221018193525,0.08408683389362093,0.1364229536352302,0.10309552220168922,0.09095364055779447,0.13942786094983683,0.10203841400331128
55,55.0,55.58312271885972,0.09478016138045128,0.09134670484186061,0.06634783935346861,0.09288827773301728,0.0837728490016007,0.13596052856746307,0.10302683356124781,0.08965013349894996,0.1391468041217062,0.10307986794023426
56,56.0,56.544398407394254,0.09523659691074857,0.09069029590611773,0.06593467924117921,0.0935634832714241,0.08348783030985543,0.1367813050948109,0.10207112786773606,0.08963962471745662,0.13990654684573864,0.10268850983493256
57,57.0,57.504102543001395,0.09589452324543156,0.09036743939348214,0.06478951053387061,0.09330758924266122,0.084139879710422,0.13650648255770603,0.10189647345239214,0.09051043104299014,0.14078603475192883,0.10180163606911517
58,58.0,58.462795239617805,0.09595128661135416,0.09001029238437659,0.06477905032917702,0.09391495765235161,0.08317927873238928,0.13726361177584906,0.10178697008284966,0.09023903332571596,0.1408653480459045,0.10201017106003198
59,59.0,59.42099071417639,0.09571783899591314,0.09075413605221753,0.06442712895725027,0.09344041935147372,0.08357595973372291,0.13682367740406667,0.10099409835507431,0.09145808894225299,0.14122331967120555,0.10158533253682274
60,60.0,60.379156734137354,0.09572552792524824,0.08999222346547392,0.06383636944793615,0.09318048385857554,0.08404615478506917,0.1360580237408703,0.10165820665186877,0.09188808643873152,0.14040190104800118,0.10321302263822502
61,61.0,61.337714584760846,0.09551314282428991,0.09097091147886363,0.06532458871360694,0.09373068236618766,0.08343363471592592,0.13473145692834815,0.10217794300759692,0.091769948954356,0.1398640295463739,0.1024836614644508
62,62.0,62.29703950447439,0.09641330232892799,0.09144705072869652,0.06533619377812538,0.09236466620212738,0.08349997684519705,0.13461953033504667,0.10208696219461576,0.09112840111366152,0.1397598450953979,0.10334407137820364
63,63.0,63.257461537171835,0.0971940281017069,0.092804321890434,0.06539850458172144,0.09274830677132967,0.0829152228264483,0.13436817306060236,0.10213477737561133,0.09023885477080067,0.139699288190776,0.10249852243056919
64,64.0,64.21926675122782,0.09787956175436213,0.0920369848936196,0.06623840837531239,0.09195137147173282,0.08335851048431417,0.13337642815794964,0.102969045712427,0.08991440040382395,0.13874426065838405,0.10353102808807407
65,65.0,65.18269877636592,0.09716273123624947,0.09253477970563768,0.06683559048273606,0.09207920446991988,0.0838189338429152,0.1332939859663559,0.10279376602929755,0.09016814568441153,0.13833430205924888,0.10297856052322774
66,66.0,66.14796061122655,0.09774984747009346,0.09285773413732193,0.06657052081153461,0.09190184848158134,0.08416617375456258,0.13227662370447604,0.10203723964411598,0.09018923079577769,0.13789272589385285,0.10435805530668339
67,67.0,67.11521665648885,0.09850059879313917,0.09168838603006547,0.06688596668975529,0.09180533010654916,0.08647730482837837,0.13108343360843785,0.10255849957928462,0.08986887153092492,0.1364759713748161,0.10465563745864889
68,68.0,68.08459493066005,0.09854227881454633,0.09160934904618655,0.06777764656984253,0.09234670901685638,0.08669478906952445,0.1304550598870812,0.10164630859285224,0.0904811359733824,0.1358694608955932,0.10457726213413458
69,69.0,69.05618942810752,0.09810903303117538,0.09248283233347687,0.06805895449005211,0.09227598112852453,0.08659405545351342,0.13031268413952943,0.10203330739964127,0.08974889988590008,0.13649204832052733,0.10389220381765946
70,70.0,70.03006258152917,0.09818861761534718,0.09164905404635092,0.067831902714263,0.0936706883291391,0.08719667818330724,0.13080264570763786,0.10103119432339769,0.09025941330521933,0.1353504462257651,0.10401935954957252
71,71.0,71.00624779379335,0.0983295652695254,0.0906479409535994,0.06818700427686322,0.09405776769853656,0.0874332517476103,0.13097807966382652,0.10135915898190441,0.08988838036550265,0.13563175453156562,0.10348709651106583
72,72.0,71.98475200689319,0.0987445566357557,0.09016247491402059,0.0683259557823727,0.09438218178750779,0.08624921728687054,0.13058823592567115,0.10155314921500477,0.0903387612372736,0.1350575491916374,0.10459791802388567
73,73.0,72.96555827861411,0.09828432046813833,0.0909303911917298,0.06747877709221937,0.09419880838588743,0.08697431719875608,0.13124465028055649,0.10183011522102217,0.08968639764567425,0.13514966803798342,0.10422255447803257
74,74.0,73.94862834037681,0.0977280906823961,0.090468539878668,0.06741321535030437,0.09391821024803612,0.08741619575668214,0.13179970501483038,0.1009837775436454,0.09074926424733881,0.13426253412503403,0.10526046715306456
75,75.0,74.93390511255946,0.09781952325722049,0.09025089282381803,0.06760296916469638,0.09542164878491263,0.08660430808223636,0.1307360770509341,0.10094958288595136,0.09066621149696064,0.13461400256199754,0.10533478389127235
76,76.0,75.92131515639825,0.0974836050072856,0.08939642669716656,0.06792261629154438,0.09642555886905135,0.08603609271227061,0.13005235659722233,0.10126075976027962,0.09212030215115799,0.1343607807624441,0.10494150115157734
77,77.0,76.91077104428919,0.09707960523072916,0.08814902394433942,0.06796933362671635,0.09698699596421564,0.08654429997325819,0.13056236579646824,0.10114014672441993,0.0913140752833978,0.1338486751316397,0.10640547832481544
78,78.0,77.90217363294813,0.09825250221409211,0.08817794628924479,0.06821089947872801,0.09751238271068206,0.08603826431034747,0.13081980617596578,0.10120755891442706,0.09079859861680857,0.13294899663715726,0.10603304465254672
79,79.0,78.89541422641172,0.09857741937996659,0.08830744775350918,0.06776364935048028,0.0969323208788287,0.08571099145109817,0.13154112129991993,0.1009215514716449,0.0910015084975042,0.13324001590649875,0.10600397401054913
80,80.0,79.89037661826481,0.09843786681629049,0.08913451766703302,0.06843527891339389,0.09740223304908954,0.08510231313487703,0.1314998251696311,0.10040065395125866,0.09035175043264627,0.13297587034897762,0.1062596905168022
81,81.0,80.88693900474995,0.09813420191566283,0.08957692948032517,0.06753058198649511,0.09755574944387686,0.08467753641005189,0.13161961183056342,0.10124040928301965,0.09007182853358132,0.13298509608926656,0.10660805502715702
82,82.0,81.88497576253909,0.09851211019460684,0.08800295652745777,0.06857251706376152,0.09749692535272282,0.08457128742026537,0.13203053783733723,0.10135943748210878,0.08996389630215469,0.13246798844235533,0.10702234337722946
83,83.0,82.88435908692391,0.09836554556457879,0.08764176804493304,0.06912301599143589,0.09670592370106236,0.08477034885428049,0.1324036138554527,0.10184253628392063,0.08994224297737247,0.13198067279171719,0.1072243319352463
84,84.0,83.88496048800103,0.09883425893122764,0.08849238724063568,0.06893307204405896,0.09634189529064992,0.08471486333257003,0.13295223205361667,0.10181201948021054,0.09007216330210824,0.13164532250737598,0.10620178581754618
85,85.0,84.88665214409042,0.09895150584128937,0.08736611914962404,0.0696927001033043,0.09599413143472697,0.08414935344430803,0.13312364354285536,0.10298329986301592,0.09013866518310705,0.1317992584934668,0.10580132294430199
86,86.0,85.88930811312994,0.09802219812027531,0.08671686100214353,0.07008999804949889,0.09710567277033569,0.08320591273242299,0.1331883697388423,0.10237166474074105,0.0902783698956959,0.13252756705156818,0.106493385898476
87,87.0,86.89280540413424,0.09713026618567318,0.08731895293300246,0.0692302452567554,0.09704734884628531,0.08360046885373915,0.13385685281158272,0.10308062747392123,0.09021410559100812,0.13268153243663733,0.10583959961139494
88,88.0,87.89702491199675,0.09729376714050487,0.08749614615356019,0.071578566155591,0.09698052400789742,0.0827194793010197,0.13447081076473638,0.10338716334711145,0.08998926764228914,0.13146447766502334,0.10461979782226634
89,89.0,88.90185221995306,0.09804733049730073,0.08738254711771944,0.07190263783974048,0.09631458616457977,0.08086619006788405,0.13622980726214542,0.10315526951080861,0.09026283831455208,0.13165227114263778,0.10418652208263149
90,90.0,89.90717827491419,0.09773508738732961,0.08792077485538921,0.071821964785999,0.09661469868982092,0.0804233323805375,0.1359934894295938,0.10241394484258608,0.08973802697117263,0.13264377040101055,0.10469491025656054
91,91.0,90.91289994163006,0.0973620656776131,0.08715599350201324,0.07141082991919645,0.09672676135604794,0.08014573193126642,0.13654684021956714,0.10230159707851716,0.08929077114101083,0.13441051979968316,0.10464888937508439
92,92.0,91.91892044225806,0.0981126201847925,0.08724882187232536,0.06989836214846969,0.09731474215848063,0.08048301720709229,0.13602182729645784,0.10214491929957195,0.09040613597787184,0.13429222416422903,0.10407732969070872
93,93.0,92.92514968840067,0.09782193286451858,0.08838677134926978,0.07042220210002412,0.09689367928486381,0.08003972142576642,0.1357335244181611,0.10147071572963909,0.09082432190471917,0.13546462512611296,0.10294250579692481
94,94.0,93.93150451304501,0.09840123898009878,0.0878734990239256,0.07125458208458728,0.09734562217667703,0.0797362138635709,0.13583883484969184,0.10107478141926675,0.09089323306939251,0.13610331985306123,0.10147867467972793
95,95.0,94.93790881009448,0.09778341237450551,0.08751070773683092,0.07038701270355659,0.09717377791181388,0.08075875562533659,0.13649523669138838,0.1010623651790481,0.09084478017983684,0.13698405870189576,0.10099989289578727
96,96.0,95.94429358933806,0.09745496263401805,0.08754829062935375,0.07082789585456442,0.09624278340135882,0.08019139680980882,0.13783115074396884,0.10213448386530466,0.08997776091819695,0.1367035467224038,0.10108772842102168
97,97.0,96.9505969547639,0.09665684954287931,0.0868913427033205,0.07131396149805681,0.0963150420262607,0.08051031476474145,0.1384393286783276,0.10208002515061504,0.08965118645292468,0.13714786969327658,0.10099407948959715
98,98.0,97.9567640140995,0.09660877548730565,0.08737370850578437,0.07154749017855255,0.09578045570480292,0.08006770048652741,0.13891953435950005,0.10255707359772553,0.08882888269695743,0.13783559108117327,0.10048078790167064
99,99.0,98.96274672736057,0.09770488297031657,0.08598228425454271,0.07240008218495432,0.09672664966177191,0.07851153660393853,0.13923660213461372,0.10184103169547139,0.0886574859487046,0.13817384749999456,0.10076559704569152
100,100.0,99.96850370202192,0.09868656521345251,0.08556907367767101,0.07217934961340448,0.09612595239106803,0.07841441248503722,0.13880400308002533,0.10077639585158216,0.08890681536145419,0.1387707992650268,0.10176663306127808
101,101.0,100.97399994219691,0.09871575798930267,0.08479329340592986,0.07309956853304163,0.096039302805634,0.07847132060827398,0.1382191220908962,0.10044195627730806,0.08948857386780636,0.1385172749701431,0.10221382945166395
102,102.0,101.97920655893245,0.09902625880110666,0.08504410953365624,0.07356731586307033,0.09670506860969648,0.07885081890110682,0.13777716149418986,0.1004504177921888,0.08908013203658997,0.13914611660771112,0.1003526003606835
103,103.0,102.98410044840509,0.10050391671518741,0.08515217353774514,0.0739568609178284,0.0967094668276767,0.07834823612960211,0.13742252712103098,0.09964555147355666,0.09026309363072116,0.13913903333336322,0.09885914031328798
104,104.0,103.98866394444643,0.10008467523280276,0.08529177629876664,0.07444835621073409,0.09594752976482582,0.07906230764338847,0.13739284184061257,0.09870323894396507,0.09003499642557025,0.1399512814014734,0.0990829962378607
105,105.0,104.99288445143917,0.09960685844252863,0.08554497715888372,0.0742110579295631,0.09602313293170989,0.08021118813404277,0.13618661926166103,0.0996463473444572,0.08932812595785113,0.14028135172533973,0.09896034111396254
106,106.0,105.99675406321822,0.0990053989198523,0.08540303473928526,0.0756490899467191,0.0964282289727861,0.0793333329553552,0.1349855674849075,0.1004869543156516,0.08962226162740032,0.14046927361502348,0.09861685742301884
107,107.0,107.0002691731872,0.09934282894695284,0.08562364029367014,0.0765140245269121,0.09619876542573855,0.07923164869341126,0.1331636275208006,0.10124454118360479,0.0890334946134962,0.14149143550480006,0.09815599329061321
108,108.0,108.0034300804274,0.09795846603865274,0.08795092819183575,0.07610949574414651,0.0953359339148665,0.07967883799686742,0.13286376118113052,0.10204068918175126,0.08854263494624683,0.14159894842578252,0.0979203043787197
109,109.0,109.00624059613932,0.09699625130817113,0.08763470773408594,0.07567332010540118,0.09630247037202168,0.07924980777896495,0.13265950147716457,0.10298418304126342,0.08843922511438629,0.14270585866259503,0.09735467440594552
110,110.0,110.00870765431864,0.0972367912870784,0.0881608381784125,0.0749995135087663,0.09468943472444206,0.07862989198808476,0.13423761938114173,0.10294765357474693,0.0881710934587421,0.1425468887073317,0.09838027519125317
111,111.0,111.01084093013685,0.09738616930431976,0.08845721628063628,0.07506880644613048,0.09378665861230263,0.07909975455755061,0.13302363657879937,0.10287253458530808,0.08888076332073025,0.1427992433736258,0.09862521694059637
112,112.0,112.01265246907188,0.09735686480329493,0.08975216369849442,0.07562224598912658,0.09322041623771254,0.07798078445218981,0.13336343058702488,0.10240692924372087,0.088769560153401,0.14208003745052997,0.09944756738450461
113,113.0,113.01415632942268,0.09723586630372658,0.0891656344787268,0.07631748725567843,0.09320184909802105,0.07708238292733816,0.13340874550493256,0.10274425440302648,0.08850986046855505,0.1421336189868749,0.10020030057311956
114,114.0,114.01536824044418,0.09707538324893475,0.08979565252351766,0.0762579413893173,0.09271298384241623,0.07575779315568967,0.1337999601187967,0.10298980049437904,0.08840102714178495,0.14221930655619797,0.10099015152896537
115,115.0,115.01630527795908,0.09672742321531409,0.09072487645923735,0.07634352745330757,0.09301030140880959,0.07459836024007302,0.1334505165262466,0.10349944187338561,0.08757222415567495,0.14240424414438863,0.10166908452356227
116,116.0,116.0169855589429,0.09696006825801431,0.08982824986121822,0.07680160929176458,0.09337912967004482,0.07565225258023626,0.13325877484554843,0.1038984662947423,0.08597352973725786,0.14262821913048188,0.10161970033069104
117,117.0,117.01742795623892,0.09911083115802054,0.08919423100141502,0.07573030268831266,0.09383812116409128,0.07459754873297166,0.13410302525308385,0.10419898468130467,0.0847421107530119,0.1433956665524358,0.1010891780153523
118,118.0,118.01765183424293,0.09945218802549306,0.08984421828046132,0.07474097183526046,0.09329368393608593,0.07321852210138596,0.13483224406675698,0.10414725776628277,0.08379681893971676,0.14451952973618634,0.10215456531237008
119,119.0,119.01767680610413,0.09948564037238734,0.09004095869502182,0.07462376331278839,0.09235511907263941,0.07438033605710993,0.13521690253206597,0.10534820760798488,0.08286321737055999,0.14427317442161153,0.10141268055783038
120,120.0,120.01752251271817,0.09954037434559422,0.08962853526847075,0.07410413793374461,0.09214347412748204,0.07361633437244111,0.13518222518938114,0.10628143472497555,0.08200150252045238,0.14527295067505774,0.1022290308424001
121,121.0,121.01720842354362,0.09824716390046141,0.08816384088643706,0.0752487476983759,0.09286941338598245,0.07309008611153615,0.13468432920644788,0.10591646297203433,0.08181502931718389,0.14613434582477366,0.10383058069676698
122,122.0,122.01675365905109,0.09790859369795149,0.08667003066681539,0.07547375767126026,0.0932244379393079,0.0728680302965052,0.13603268155239234,0.10577402443753148,0.08176832164271905,0.1464324751040376,0.10384764699147905
123,123.0,123.0161768344173,0.09621250348706648,0.08720494464907613,0.07494952973209827,0.09352194994986819,0.07331159772344051,0.13881655826645264,0.1060140564088043,0.08034338696566674,0.1449776508680019,0.10464782194952463
124,124.0,124.01549592390272,0.09541806647949604,0.08773263420024399,0.07479514348856828,0.09390109720217629,0.07326498524275114,0.13977946171369898,0.10414395524406912,0.08105560767827452,0.14552650806165762,0.10438254068906379
125,125.0,125.01472814520056,0.09592633205756618,0.08701452462661789,0.07435396237208111,0.09484212506364578,0.07295268888220498,0.13981130171863887,0.10308472153974998,0.0804424560780348,0.14666791127671172,0.10490397638474849
126,126.0,126.01388986291661,0.09532469814278538,0.08672840758740925,0.07411337330457177,0.09469897725555534,0.07284381643598636,0.14057808397105634,0.10323525192908957,0.08112427212928165,0.14678079840636127,0.10457232083790284
127,127.0,127.0129965102319,0.09687899274471612,0.08552878662901085,0.07584232040743336,0.09388191533248354,0.07244299872637412,0.14078576703359574,0.1037884200356893,0.07969994959072906,0.14630341459131993,0.10484743490864776
128,128.0,128.01206252771334,0.09691135849751925,0.08522206478101477,0.07520991032316766,0.09256702673595847,0.07307305307472296,0.14165892625090395,0.10358161500562203,0.07908857242297994,0.14682348733223763,0.10586398557587312
129,129.0,129.0111013181695,0.09624248147519998,0.08513390295054121,0.07605654347387315,0.09300609619410342,0.07245247902458353,0.1406054264018684,0.10440132951910253,0.07907443059561729,0.1467278851155681,0.1062994252495422
130,130.0,130.01012521639834,0.09738807912968417,0.08470734905734431,0.07536384883452849,0.09236672943988383,0.07239832840628616,0.13941510827748765,0.10424097207294385,0.07754895052891426,0.148613891132099,0.10795674312082812
131,131.0,131.0091454726403,0.09637113681376389,0.08557272260751084,0.07542862867162196,0.09270755411976737,0.07240805498654548,0.13991113130222133,0.10402948341789209,0.07675042254951245,0.14905016783205693,0.10777069769910753
132,132.0,132.0081722485317,0.09661832404004803,0.08483138143629876,0.07456462235939684,0.09316170376084953,0.07201728448029791,0.1402951030816287,0.10497351689227702,0.07750791008251506,0.14900357530974662,0.10702657855694134
133,133.0,133.00721462434865,0.09657087029684581,0.0846983948041045,0.07462581718525009,0.09285766232184753,0.07197057386622303,0.14164022101111462,0.10414766598890071,0.07798598053127445,0.14762418559220314,0.1078786284022359
134,134.0,134.0062806163404,0.09638696085081323,0.08470441413137164,0.07457003959675616,0.09388816536483187,0.07258778580483966,0.14192438778457137,0.10357258867026171,0.0774796422169503,0.14802218585996255,0.10686382971964128
135,135.0,135.00537720296956,0.09679583512264167,0.08583659836164834,0.07478244230134933,0.09390829362093511,0.07432876509990648,0.1410428831959879,0.1021493484580731,0.07738214443626784,0.14711296958509792,0.10666071981809208
136,136.0,136.00451035890612,0.0962710985268602,0.08507658418640461,0.075072466724831,0.09509220379748208,0.07323609381307924,0.14165693695795736,0.10111109809589135,0.07775795575313099,0.14671532282059563,0.1080102393237673
137,137.0,137.00368509565993,0.09713952049506457,0.08501159735237819,0.0748265643218481,0.09561479969173609,0.07246620326258159,0.14208417051213895,0.10114892543618131,0.07714722421143771,0.14665248803612607,0.10790850668050718
138,138.0,138.0029055077818,0.0970309436097051,0.08499945268067856,0.0752282835126172,0.09494735954563457,0.07122156185662293,0.14205090570333817,0.10133888619432531,0.07757626224617245,0.1487832177015369,0.10682312694936856
139,139.0,139.00217482361367,0.09683963153287031,0.08429310878571902,0.07526202065007026,0.09367722722468462,0.07031751175533218,0.1419836604961081,0.10181996681150542,0.07918938354646678,0.14942781902164648,0.10718967017559654
140,140.0,140.0014954596262,0.09653086017552634,0.0838102371704154,0.07517045048928336,0.09315244500031775,0.07012865077556463,0.14321621996616324,0.10215518658641133,0.07998693819385277,0.14896962104430297,0.10687939059816196
141,141.0,141.00086907744122,0.09591839049388745,0.08455197520886375,0.07433063585909777,0.09374240288421118,0.07003765098848824,0.14265042439401673,0.1019313229588909,0.07992057465385463,0.14940320027869797,0.10751342227999111
142,142.0,142.0002966427003,0.09607662874401562,0.08443441244726295,0.07536561288108753,0.09407051248652731,0.07047478642967821,0.1432185306011339,0.1013742802853263,0.0796436215625338,0.14916611631679397,0.10617549824564008
143,143.0,142.99977848500652,0.09625898196890427,0.0838212373174358,0.07392972007403761,0.09499648257791594,0.07155815073300319,0.14301890142179183,0.10236335742207003,0.08091027091437214,0.14864708521272493,0.10449581235774394
144,144.0,143.99931435823203,0.0954670367936224,0.0842414703243871,0.07410066938779337,0.09532466573376953,0.07208785804604459,0.14427936643942305,0.10173350076738581,0.08003476798307492,0.1478337490176652,0.10489691550683378
145,145.0,144.99890350055264,0.09568990456477447,0.0836262253167729,0.07365879963953273,0.0948836425820903,0.07298399307146859,0.1441063012888668,0.10179210756233652,0.07949051420453063,0.147403548928961,0.10636496284066581
146,146.0,145.9985446936357,0.0946276671252631,0.08511078263091597,0.07422417906346677,0.09412038946079701,0.07389967244557992,0.14467785155818882,0.10143352010575701,0.07858774591538623,0.14686627957072387,0.10645191212392106
147,147.0,146.99823632047406,0.09438593961614399,0.08647318863765018,0.07311820773114266,0.09437742697374547,0.07579278549809931,0.14320745967566273,0.10087827021621171,0.07877698455602196,0.1461234415690718,0.10686629552624996
148,148.0,147.99797642142389,0.09440283194011284,0.08579778252899377,0.07362164685734543,0.09341871046973052,0.0751274989350143,0.1430351222787464,0.10130556492584997,0.07968772957075343,0.1454719679906562,0.1081311445027969
149,149.0,148.99776274806447,0.0942951537622026,0.08513553023718534,0.07344142239043228,0.09436029746947337,0.07555894738366255,0.1428976668599211,0.10178670493355252,0.07827646561495813,0.14549711857540948,0.10875069277320237
150,150.0,149.99759281456036,0.09470285844841204,0.08761663513023124,0.07310647920039931,0.09488002703858037,0.07455943976041686,0.14232590708205098,0.10154169946363265,0.07851190820395794,0.14453124503720988,0.1082238006351085
151,151.0,150.99746394626104,0.09453773930707278,0.08885634147359123,0.07328722715878495,0.09509108445417233,0.07275039385180156,0.1413538416310971,0.1005889577354499,0.0785326439804531,0.14582305431528825,0.10917871609228859
152,152.0,151.99737332532905,0.09476901647640809,0.08828671330975581,0.07374201128787133,0.09552025341200567,0.07268117526088447,0.1409811621644192,0.09971119110039346,0.07943144706932072,0.14516525231327798,0.10971177760566307
153,153.0,152.99731803323698,0.09476635901040464,0.08929017708188677,0.07388900785301086,0.09456293863455542,0.07221595208149628,0.14146986571217887,0.09865601435513932,0.07946960445218723,0.14564958336658998,0.11003049745255039
154,154.0,153.99729509002177,0.09429232077170666,0.08805733963630713,0.07457581232140129,0.09480054841894422,0.0727308058656322,0.14174240262578636,0.0979559313830765,0.08118457222585898,0.14497810150023033,0.10968216525105616
155,155.0,154.99730149022784,0.09483370635371766,0.0880035638834914,0.07523535657914351,0.09512032693922129,0.07211867778871717,0.14211605619647583,0.09823349817734664,0.08176944665010041,0.14433081789964677,0.10823854953213911
156,156.0,155.99733423551103,0.09527866537600241,0.08861527628670761,0.07522685444855327,0.09404988350900972,0.07254164259291795,0.14359683434665382,0.09751795047131134,0.08199304743708644,0.14430378476518935,0.10687606076656787
157,157.0,156.99739036391077,0.09542436107730855,0.08829903872082408,0.07613987127722197,0.09284989901105413,0.07217087493996674,0.14419728310115643,0.09815489489400259,0.08256308211385399,0.14454135390545428,0.10565934095915704
158,158.0,157.99746697583146,0.09633518934398087,0.0889224073929893,0.07557245996212152,0.09318079598474935,0.07176871563228218,0.14350012079586053,0.09784355706704495,0.08258315137132533,0.14458036206635175,0.10571324038329405
159,159.0,158.99756125680176,0.0963302763146333,0.0883152282456551,0.07544056363780507,0.09282418356857017,0.07244846202186386,0.14345626439878165,0.09720022853668935,0.08317891968536559,0.14536630818925003,0.10543956540138574
160,160.0,159.997670497107,0.0964402892732307,0.08801821498789197,0.07440561069287357,0.09289869446412168,0.07289151963081288,0.14491745731765138,0.09707185679154856,0.08394538086799222,0.14512181910959626,0.10428915686428067
161,161.0,160.99779210841066,0.09573701340429783,0.08778446157351787,0.07503992898429393,0.09246075267130695,0.07320718028582321,0.1450892906861834,0.09624095420705886,0.08418690762825028,0.14639328968618692,0.10386022087308074
162,162.0,161.99792363749984,0.09700383911846025,0.08728379535382332,0.0748765085548333,0.09373813440069544,0.07336435343753583,0.14508228931107545,0.09529107793720344,0.0832194571875897,0.1471740843958519,0.10296646030293137
163,163.0,162.9980627773051,0.09633238525657789,0.0873976786907694,0.07496594864300794,0.09413759043378805,0.07401596196387417,0.14459625988192676,0.09550144290799602,0.08231313133569003,0.14735286479186976,0.1033867360944999
164,164.0,163.9982073753568,0.0958214115368825,0.08733233215189694,0.07531117991351904,0.09440262734769705,0.07416890652489296,0.1444586707955503,0.09591338755677765,0.08182599669811275,0.1468885299240321,0.1038769575506386
165,165.0,164.99835543984977,0.09557267849005206,0.08650810084110755,0.0756144863061024,0.09441501246708278,0.07432357051163326,0.1444173707780982,0.09626507695882422,0.08257365093817341,0.14577470570525788,0.10453534700366815
166,166.0,165.99850514349492,0.09495660312950946,0.08668440847060768,0.07656285876652234,0.09488015344063762,0.07399443310842088,0.14291427980782326,0.09634273160381909,0.08290574525830319,0.14670308041829727,0.10405570599605911
167,167.0,166.99865482534062,0.09509713019943254,0.0872891233470916,0.07549178128356228,0.0943702615904099,0.07349800172895321,0.14224423285074828,0.09646390239082635,0.08362305999196591,0.148289591679836,0.10363291493717389
168,168.0,167.99880299074837,0.09506088757730871,0.08737354531453004,0.07442739064818081,0.0959415069984089,0.07367499581371831,0.1424670560700222,0.09718299132878641,0.0832973191578024,0.14776678402423818,0.102807523067004
169,169.0,168.99894830970783,0.09567583696788312,0.0878081205244016,0.07410697707993485,0.09532836998667797,0.07288342577876435,0.14191288865187687,0.09702407564901144,0.08278311706564574,0.1487609817374415,0.1037162065583625
170,170.0,169.99908961367427,0.09605561998188944,0.08859783117202699,0.07225342735165406,0.09317340782086726,0.07276216938103301,0.14239907082596162,0.09723324647920915,0.08350756839248705,0.14895089494993166,0.10506676364493972
171,171.0,170.99922589110733,0.0952310681152802,0.08859691135990283,0.07112091395650605,0.09280912266127747,0.07209103589205754,0.1430410317086068,0.09760113867135299,0.0823713457680137,0.1502163467343172,0.10692108513268517
172,172.0,171.99935628188598,0.09564410189000382,0.08961196216131917,0.06974734456145182,0.09216924677470807,0.07079461189146159,0.1437208233705857,0.09819730235858024,0.0829234055250568,0.15036983311547036,0.10682136835136238
173,173.0,172.99948007076793,0.09418507685844996,0.08997281794258724,0.07049078696898164,0.09253920320732092,0.07107386480868587,0.14291276851554127,0.09824581895654953,0.0831962335091654,0.15082248451825014,0.10656094471446792
174,174.0,173.99959668005403,0.09372669909776357,0.08928286219773018,0.0712937460587254,0.09287535027583514,0.07076642977645878,0.14076749939799477,0.098382025534332,0.08330415494122843,0.15175924929406404,0.10784198342586761
175,175.0,174.99970566161096,0.09323059752756127,0.08896863143344437,0.0706127164552597,0.09294529992990104,0.07045441691150732,0.13997953064643448,0.09945257931660824,0.08321248508619361,0.15265513775462697,0.10848860493846287
