,Unnamed: 0,Generation,Intertwine_two,Add_vertex,Delete_vertex,Invert_path_vertices,Insert_inside_vertex,Delete_inside_vertex,Replace_inside_vertex,Donate_between_routes,Trim_one_terminal_cb,Grow_one_terminal_cb
0,0.0,0.0,0.09999999999999999,0.09999999999999999,0.09999999999999999,0.09999999999999999,0.09999999999999999,0.09999999999999999,0.09999999999999999,0.09999999999999999,0.09999999999999999,0.09999999999999999
1,1.0,1.0,0.09882505507107717,0.09373682238848795,0.07988614698294641,0.10954461043043365,0.10095222382431394,0.10103039077452716,0.11325008244892827,0.08668068470691088,0.10967419083484883,0.10641979253752534
2,2.0,2.0,0.10675199834822495,0.10270377213015862,0.07473788412419288,0.1104878476621903,0.09409138902637365,0.10235192393749389,0.10333411074898272,0.085414169151762,0.11071560597105741,0.10941129889956318
3,3.0,3.0,0.11026893722459637,0.09885821391818238,0.08899961501581374,0.09911312464014352,0.09292709348821708,0.11030819351404948,0.10579760305730453,0.08898285354146032,0.10386773528565665,0.10087663031457543
4,4.0,4.0,0.09087864188685207,0.08941605018639438,0.08127844208944954,0.10825288028569727,0.10764441550944344,0.11503001701084321,0.10176587370600294,0.08633974133588569,0.10852321776317828,0.11087072022625277
5,5.0,5.0,0.09540147083327685,0.09896626453168095,0.07449346646991974,0.09641031065810025,0.0976628103964141,0.09748075508483099,0.10626440243980732,0.09540504909393997,0.1278979609399206,0.11001750955210879
6,6.0,6.0,0.1005128697479041,0.09613202705432262,0.077829055638625,0.1123047256832919,0.09546828682740126,0.108786851080185,0.09895357979712971,0.09400234195875778,0.10287510758029828,0.11313515463208382
7,7.0,7.0,0.10796084715374536,0.09202319863909415,0.08030673803410222,0.10385644788963011,0.09908948890793376,0.11616998492268753,0.1063542845411857,0.0805516210065422,0.10471743234318534,0.1089699565618932
8,8.0,8.0,0.0902684195334226,0.09056190837556659,0.0826530043408344,0.094572549444887,0.09098430465011088,0.10940798860412485,0.11133455846438445,0.08645206446108082,0.12835293036198658,0.11541227176360136
9,9.0,9.0,0.0980062772060152,0.09310630175129696,0.07850081019794931,0.0930911501422723,0.0927031631442525,0.12216630630195273,0.10633977203834744,0.08319118783765989,0.12296703038909766,0.10992800099115552
10,10.0,10.0,0.09943128271473586,0.09297387749519198,0.08674276029479462,0.09570308471475132,0.07691427475405958,0.11499174937220955,0.1067264347161911,0.09999949427896702,0.11507495613724168,0.11144208552185679
11,11.0,11.0,0.101374013627721,0.09990351369290575,0.07467520814150198,0.09427658932896797,0.08129128475824186,0.12914225151067382,0.10930353340554273,0.08656425871350103,0.11821363161118141,0.10525571520976185
12,12.0,12.0,0.09577518797863101,0.10882353301894798,0.07735439625536808,0.0938436221937058,0.07381422937697087,0.11499865266239336,0.10238945018114479,0.09295331659118676,0.13052564610942172,0.10952196563222916
13,13.0,13.0,0.08496980560425746,0.08276890618431179,0.08830241405177615,0.11234099511348039,0.07614390272041988,0.12730888271894122,0.10598132373697695,0.08078319366566944,0.1280173550879688,0.11338322111619745
14,14.0,14.0,0.10150925994480169,0.08883782528457491,0.08184818497124823,0.09865047428882961,0.07703532943088606,0.1336257372732304,0.09418724153086937,0.0866160417940773,0.13293142392118226,0.10475848156029974
15,15.0,15.0,0.09406849914703039,0.08868171463612126,0.08982234410710838,0.10671597092412366,0.06590647891465422,0.13031994060642893,0.10683725246272871,0.08804842007328866,0.12869121288836444,0.10090816624015089
16,16.0,16.0,0.11037310190413045,0.08035162669567326,0.09111214235704752,0.09495996303335183,0.07667766605452661,0.13302692360309765,0.10120257763080479,0.07417260543673054,0.134473789072871,0.10364960421176594
17,17.0,17.0,0.08970852073835514,0.09153393289511826,0.09279372146736797,0.09541004914839965,0.07343689225959771,0.1356669309910469,0.10889790412776575,0.0882009930320626,0.1257565072183231,0.09859454812196253
18,18.0,18.0,0.09772684033048529,0.08520430622759269,0.07950838383631052,0.10465552700301799,0.07918873662658399,0.13133825312311426,0.08979062872529553,0.08729412469087049,0.13030689075066185,0.11498630868606703
19,19.0,19.0,0.10241172777936987,0.09846373275925831,0.09553044943508034,0.09605519757231781,0.07413358848656773,0.1277797569516567,0.08568965794318817,0.09169799785853132,0.12281638915248408,0.1054215020615453
20,20.0,20.0,0.09770827751674434,0.08673469516547937,0.08363452371420867,0.08856288979994548,0.08303123161337735,0.13697064114758112,0.09116104023775969,0.08821048019218503,0.1352287489017301,0.10875747171098842
21,21.0,21.0,0.0915972476840207,0.09257567363685196,0.08523395617339005,0.10911542743989418,0.07495064545645333,0.11353708502931918,0.109389409010617,0.09089335969828115,0.12419777933108907,0.10850941654008288
22,22.0,22.0,0.09928996382870289,0.10059196144000009,0.08379990092906003,0.10288372436655684,0.06191603879826398,0.12343806140021782,0.09460040178689491,0.08972954674348557,0.13666925349097528,0.10708114721584212
23,23.0,23.0,0.08754946763888052,0.10034961128884864,0.07518488189979872,0.08697059775197533,0.07239964940682085,0.13849302123672697,0.09558158743775122,0.08887925012638691,0.13735743011227403,0.1172345031005364
24,24.0,24.0,0.09585543761763025,0.0905854851142205,0.08372639055339985,0.11296639182967053,0.07351099972368111,0.13191852027091344,0.09600570746223257,0.07896821017067127,0.1311047740602469,0.10535808319733317
25,25.0,25.0,0.0925709866010698,0.09002565686841747,0.07408617696663114,0.10760047355545563,0.06932612368804991,0.14202419382884324,0.09923345365404895,0.07933242416125146,0.13832458870670555,0.1074759219695264
26,26.0,26.0,0.08375559867695248,0.08447682974453978,0.07773525994179474,0.08982789224259713,0.06435848824383392,0.13220101811221802,0.10334558410607567,0.1005473957824566,0.14723829870441005,0.11651363444512115
27,27.0,27.0,0.08394063502397565,0.09122024977053553,0.06735732896023638,0.1052879166991801,0.07636839447161851,0.14464873108361082,0.10546783710257739,0.0887638074910441,0.1292851314760176,0.10765996792120336
28,28.0,28.0,0.09426754569897446,0.0944761421067785,0.08658873200802333,0.0961822174590096,0.08353778328011818,0.11988383334699348,0.10089212450203426,0.08167389391236628,0.13098398189850732,0.11151374578719411
29,29.0,29.0,0.08898620301521158,0.11166836976375023,0.08395762304666289,0.10664969036919072,0.07528324323325218,0.1181953454578362,0.09655752817953492,0.07964957999661139,0.1219520706123727,0.11710034632557668
30,30.0,30.0,0.07745650331208426,0.08324433293919983,0.08710252732174084,0.10246549331053115,0.07245561350440911,0.12976219732362698,0.09657651862126214,0.09712356219088245,0.12756872203586572,0.12624452944039702
31,31.0,31.0,0.07509162692036363,0.08723166900829757,0.0845909875632995,0.1058075374427454,0.08103805371153208,0.14435418039277242,0.10368534285326225,0.07696332721597196,0.1304914546285229,0.11074582026323183
32,32.0,32.0,0.09527822388102715,0.09837253237913215,0.08057818850951251,0.09541977725700433,0.07565075187396998,0.13291714897996423,0.09285087033326324,0.07857905778864147,0.13666935390784124,0.11368409508964324
33,33.0,33.0,0.10063405818279665,0.08682496727174994,0.08590674321764238,0.1000811994103465,0.05851258254404377,0.1374247242348296,0.08788499207887401,0.08138987856876079,0.14519473807207264,0.11614611641888328
34,34.0,34.0,0.09707356586550267,0.08530104485322285,0.06812507538420602,0.09746520547891865,0.07584794332966135,0.13954305412926504,0.1099174695482451,0.08066641981663283,0.13626626394121777,0.10979395765312723
35,35.0,35.0,0.08696527543821264,0.08807697773603455,0.08777984990561367,0.09922795129450342,0.06246061246797359,0.1336784287979608,0.09468327065797558,0.08018271677908109,0.14749988460354904,0.1194450323190952
36,36.0,36.0,0.09261371489971519,0.10785286602274624,0.07233324022529633,0.10315793048766737,0.058561942036939776,0.1296304931997244,0.09959933085891974,0.08148521956591429,0.13463638061916303,0.12012888208391312
37,37.0,37.0,0.08810754162857135,0.09263886997309714,0.08908598878567352,0.11388419959076823,0.08302753839231578,0.140089481687588,0.07676569756370419,0.08583865249669134,0.1336772787502543,0.09688475113133561
38,38.0,38.0,0.08791888354967363,0.08658395483001671,0.07751010140062911,0.1038814365333274,0.06910602364372928,0.1546986148957325,0.10120226293518927,0.08101560170421782,0.13827792215182164,0.0998051983556621
39,39.0,39.0,0.08418957311498812,0.11081356895567132,0.08247905371825369,0.08575340195001821,0.0645596486277141,0.14312983440456925,0.09754731921023413,0.07582832107470766,0.1340401624780043,0.12165911646583868
40,40.0,40.0,0.09168261263308916,0.09917535184469514,0.08769164805115814,0.09521991994193273,0.07362942651186455,0.12783964574020937,0.09953820592508592,0.10127308344200699,0.13106335725543533,0.09288674865452219
41,41.0,41.0,0.09136679221766174,0.0998012077472313,0.08478434689307875,0.10373210924341159,0.07873882612011326,0.14124888381994838,0.08672758570963339,0.07814670050280467,0.1359285609288448,0.09952498681727164
42,42.0,42.0,0.07307448015495127,0.09541110744875117,0.08285609974947458,0.10008105877526854,0.06925385948787507,0.13659231356485457,0.09368696230070502,0.08998563109945365,0.13982448143230775,0.11923400598635785
43,43.0,43.0,0.095724357002921,0.0916737062954783,0.07413701344322303,0.08553471318046782,0.07632524702480578,0.1421369631288998,0.09615457631647269,0.08787912552102349,0.1388910408768144,0.11154325720989318
44,44.0,44.0,0.10805942275617852,0.09340912644579567,0.07580563952974259,0.11246766442257264,0.06564304021481496,0.12775964315364147,0.1069523394518855,0.06941106102084128,0.1254012200901481,0.11509084291437881
45,45.0,45.0,0.09080980064139368,0.09774029512972546,0.08401554230755061,0.08686794460011099,0.07128600421349682,0.14486763307433922,0.10031663070271157,0.07107580672348288,0.14109938233945238,0.11192096026773588
46,46.0,46.0,0.10158310383613652,0.09947845605481706,0.08045382029253069,0.10046974801041635,0.07477116337383663,0.12675409739755922,0.08462584773515018,0.08090954717300361,0.1416022893803196,0.10935192674622973
47,47.0,47.0,0.0853098526169308,0.09456726308958166,0.10050736318259365,0.08990616345797717,0.05735148466208608,0.12663866606856658,0.09621770680688346,0.0828479197051685,0.14461969891057938,0.12203388149963226
48,48.0,48.0,0.07675038005558456,0.08845482367853594,0.09106014350813486,0.10427270152799888,0.06596546879952837,0.14800841939851445,0.10477781579500327,0.07982303633043927,0.1345256063949933,0.10636160451126667
49,49.0,49.0,0.08555861767512278,0.10501392287412256,0.07909278005889363,0.10049351008132364,0.06930826511670038,0.14040519043676358,0.09064303312440407,0.07736803187264243,0.1468511532202381,0.10526549553978841
50,50.0,50.0,0.10453689408833813,0.09300161480814757,0.06686267023953087,0.10717754131743851,0.06831993885112717,0.13328268336450919,0.10564489129793238,0.07415258279427651,0.1412336029280866,0.10578758031061257
51,51.0,51.0,0.09122647426808264,0.09655092139298765,0.09523934281861383,0.0963307353771121,0.0776840385968948,0.1345990493045221,0.09899299692594132,0.07572802977855023,0.1356318671314727,0.09801654440582225
52,52.0,52.0,0.08941338260575256,0.09585411135044195,0.07015130138422762,0.08430550331837901,0.07960868694582213,0.13885425547274047,0.10077388382962964,0.07632375712768716,0.1386745538608803,0.1260405641044387
53,53.0,53.0,0.08291616670712983,0.09808355639907446,0.09043302444233334,0.0958412500272412,0.07746701230625844,0.13657277946826754,0.10101045856055739,0.07828366307979594,0.1445715216160673,0.09482056739327413
54,54.0,54.0,0.0714273167015384,0.09167589133171257,0.09842324834157892,0.09787450814204915,0.06619150237717498,0.13091910014493865,0.09712262616521858,0.088060726476382,0.14593556676749717,0.11236951355190909
55,55.0,55.0,0.08006961306885992,0.09057721867056331,0.08630700412994428,0.08538041282584433,0.08642779647169262,0.14384445227196924,0.11405906702352528,0.06354959447036225,0.1463510696980663,0.10343377136917195
56,56.0,56.0,0.08804230384816789,0.09354396061922866,0.06670548061975844,0.11353222552139144,0.07907294518718631,0.14390179248186996,0.09598586943477475,0.0645795925137729,0.14210282567405358,0.11253300409979561
57,57.0,57.0,0.07895441080459606,0.10762662175821716,0.10066609350083325,0.08708799157053182,0.06462610388029492,0.12609002366063804,0.10726984977390716,0.08488369880082729,0.13851957621280664,0.10427563003734723
58,58.0,58.0,0.08220816020627546,0.09660338372117548,0.07897775326106168,0.08587206223574814,0.07540904418907954,0.1446723365138491,0.09220914999813151,0.08752550861708988,0.13869106592620475,0.11783153533138402
59,59.0,59.0,0.07532703911948158,0.09167701338114102,0.08841104964000335,0.099250823976002,0.06312769135374262,0.14267453911395284,0.10604847380424295,0.07940614729341058,0.14495719519931782,0.10912002711870475
60,60.0,60.0,0.09310737770854312,0.10494451202883193,0.08050865612565518,0.10176872069991671,0.06833954054479581,0.1323479785441499,0.0914865633014465,0.08290383065866455,0.14027791443206,0.10431490595593589
61,61.0,61.0,0.08159465366024254,0.10756763566699405,0.08024943523271963,0.09760386073893766,0.07919309562744983,0.13107563727554794,0.0855924808662096,0.07720759892050622,0.1475490002456813,0.11236660176571082
62,62.0,62.0,0.07821169578551415,0.09461980149642121,0.09456820611196923,0.1064668071512443,0.0645003464706905,0.14377585405498844,0.0972073495112265,0.07998896218310299,0.1408147887896038,0.09984618844523843
63,63.0,63.0,0.0744424174986385,0.09493877010920565,0.07606830879188795,0.11398344791943112,0.08024661325683594,0.13799727414793436,0.101796091634584,0.07661276440084368,0.13774554872488737,0.10616876351575093
64,64.0,64.0,0.10699030487824093,0.08794627228849586,0.07534249261226539,0.08830856013284737,0.06646620184125783,0.14383855878028265,0.09096895127653754,0.08724571824416087,0.1393126385291354,0.11358030141677569
65,65.0,65.0,0.09280367700742993,0.09442606129473813,0.08150966582507119,0.11027579996758001,0.07925426607211823,0.1342909091383939,0.09253158809332075,0.061942597049198335,0.1425169081663714,0.11044852738577766
66,66.0,66.0,0.0993688071255551,0.11007220330693213,0.07801441982409116,0.08851164771038442,0.06672634607911636,0.1273617649168351,0.07920206016214817,0.09304221029998731,0.14849076655600157,0.1092097740189482
67,67.0,67.0,0.08416800517697537,0.09248078173856913,0.09195078125047948,0.09374156230317375,0.07197008747592824,0.14219463497537616,0.09683594100052935,0.08187990829780752,0.1329033400651193,0.11187495771604121
68,68.0,68.0,0.08760074512176497,0.09317818853762223,0.0837689935353032,0.10723682920611761,0.07431117637875,0.1313585705264445,0.09816308501687249,0.08727725436260023,0.1352666845814915,0.10183847273303286
69,69.0,69.0,0.09019696434645136,0.08693475715339696,0.09642618529009385,0.1126738849052801,0.07587700107169314,0.12636415697313258,0.09531895784827589,0.06995704442956253,0.13043059698221188,0.11582045099990117
70,70.0,70.0,0.10278238833487877,0.09530179833873306,0.09875778000905541,0.10344908269232803,0.05982559539870365,0.12524746213633822,0.08856967547743957,0.07377373110079796,0.13182977816092126,0.12046270835080371
71,71.0,71.0,0.09107851548585558,0.10007873102365636,0.08989547835755081,0.10478614626836409,0.04999592034573972,0.15065073320019498,0.08852246278467982,0.07365897892638607,0.13233113029868632,0.11900190330888587
72,72.0,72.0,0.09974390236936062,0.09528740587726106,0.07980360172044829,0.09067189303654696,0.06747196022221826,0.1432279005595192,0.10236701769276202,0.08146525709761569,0.13848720650783566,0.10147385491643186
73,73.0,73.0,0.09381612436584762,0.10922398338745246,0.07565015427995443,0.10338669342290632,0.06162310806132176,0.13250439887881427,0.08837154854638678,0.089511974593866,0.1330834800750173,0.11282853438843268
74,74.0,74.0,0.09487567226764648,0.0906300323547135,0.098183192616881,0.10770651902090304,0.07792556733740177,0.11348390984110326,0.10318779684239847,0.07219656493654866,0.1284933491861237,0.11331739559627958
75,75.0,75.0,0.09164661781701781,0.10900071552056934,0.06847514441283412,0.0910900009462762,0.06429649126405582,0.13041123291815424,0.10243805647954254,0.0838438165454349,0.1450649176048269,0.11373300649128774
76,76.0,76.0,0.10890437215197715,0.10073905512798531,0.07511296141145717,0.0995507131733724,0.08269167993353174,0.12729687086756886,0.08479543893890797,0.07891358592596232,0.13235983532305312,0.10963548714618347
77,77.0,77.0,0.09748586216551718,0.10370461243398992,0.07398827566797901,0.11178217263284833,0.06681087956752016,0.14512610563863537,0.07909916084117873,0.07974859326021153,0.14306036502167344,0.09919397277044593
78,78.0,78.0,0.08942580650496029,0.09115244274274684,0.08852362726901074,0.10357009369457029,0.07124251808127799,0.13277461268547536,0.11182849487335225,0.08487701635735986,0.1262154194971607,0.1003899682940852
79,79.0,79.0,0.08207296568739356,0.09263747497082456,0.08111256344976044,0.10695941091952457,0.07029904464407886,0.13755971996413313,0.11022978499043137,0.07464240603669832,0.13597730101405064,0.10850932832310412
80,80.0,80.0,0.09350876990061444,0.10556185315256965,0.08484300247472723,0.10441102209646827,0.0641240974646537,0.13259240599627128,0.09142982569532683,0.06412153829109292,0.13680249934361202,0.12260498558466308
81,81.0,81.0,0.10174586628291996,0.09471836461424468,0.09294925359637901,0.08883141247804366,0.06197947926283194,0.13169559616455098,0.10320704846777333,0.07238149586737658,0.13992782627610711,0.1125636569897723
82,82.0,82.0,0.07215133574857914,0.09587182598981378,0.0830012140812129,0.1045586423171297,0.0782635737630401,0.12115337711182832,0.08983308537931695,0.10122098732719712,0.14633453756036344,0.10761142072151805
83,83.0,83.0,0.1102699514499603,0.09395705194192994,0.08434621487404799,0.09548623505876004,0.060719628353872755,0.13558133589407778,0.08927816302965039,0.0890844619559887,0.1331401571640643,0.10813680027764734
84,84.0,84.0,0.08677012784898029,0.11352878258742172,0.0919537348302526,0.0996369502489168,0.05283890740577747,0.12954079547108827,0.09964814132253012,0.0869028428332057,0.13413213058988527,0.10504758686194131
85,85.0,85.0,0.08520745692754023,0.10702702101273073,0.07558118765528916,0.10618269982998489,0.07907205196195874,0.11740871451271846,0.10106438902592366,0.07656513889156716,0.13979737071269804,0.11209396946958843
86,86.0,86.0,0.1019901156933547,0.09217831312465367,0.08341408730915403,0.09391908183741322,0.059442273435838876,0.13281656894587632,0.0958644215782801,0.09354148885144323,0.13896969199515913,0.10786395722882627
87,87.0,87.0,0.09575356295061761,0.09084991512808825,0.0846621060489414,0.11732580913782509,0.05176527134542609,0.1364248898963963,0.08437916015636489,0.07758794092123832,0.14311238648592048,0.11813895792918112
88,88.0,88.0,0.10065438503168529,0.0867185814747624,0.07340196386279639,0.10487884099712615,0.07399438900373596,0.13876339871261095,0.10716187903304956,0.06827352998739848,0.1337557907838726,0.11239724111296176
89,89.0,89.0,0.0871433723626172,0.09804779378879787,0.0860725765876712,0.09117677734639008,0.08339286550614132,0.11874779215063196,0.0979649313953485,0.07984885725016891,0.1412645863044612,0.11634044730777127
90,90.0,90.0,0.07493233043272289,0.08960775063329465,0.08422367096557166,0.09668605081643751,0.06799140344825524,0.13596242365692887,0.11254616230875322,0.08504314855573107,0.13412873171650222,0.11887832746580226
91,91.0,91.0,0.08636828184502751,0.09162549166191745,0.07715797771538124,0.10492078857564827,0.08276690638168238,0.13816530077305816,0.11212426519511845,0.07417029132895406,0.12655513771686383,0.10614555880634817
92,92.0,92.0,0.09660937617917222,0.0940171805639036,0.0754942345671342,0.10645800669135667,0.07348275378990264,0.1276844155218283,0.09857867957652373,0.08899374452983169,0.13031789171503821,0.1083637168653083
93,93.0,93.0,0.08673576669640647,0.10174887703593731,0.08366039674151732,0.09940428896562545,0.06086996825457688,0.13395499501625988,0.09529058929419312,0.07883883674891072,0.15037325568650897,0.10912302556006352
94,94.0,94.0,0.09836569197347743,0.09045263116017954,0.08241098536039111,0.10110500368931134,0.07421321899078051,0.12062894983797619,0.10412750595196722,0.0867177576637532,0.13738654568718192,0.10459170968498097
95,95.0,95.0,0.08512363942037178,0.09907970633309629,0.08076809809035695,0.08472357268591475,0.07577305082170183,0.13595231564146623,0.09151156342992187,0.08920143042565484,0.14322664418307524,0.11463997896843972
96,96.0,96.0,0.09731648301208268,0.08775294090346018,0.08769078510464644,0.10107637722257778,0.08304565504276261,0.13265524286987096,0.09096287651536132,0.07254847391892047,0.14451922510772283,0.10243194030259425
97,97.0,97.0,0.09491603301310611,0.10111101545681214,0.0706747751398544,0.11740875859188052,0.06382597476468262,0.12665171135635123,0.09051909762028118,0.07404076734204174,0.15711740295361515,0.10373446376137449
98,98.0,98.0,0.09746086407627025,0.09638385913746701,0.07369289929820441,0.08141807675767346,0.08139792420691543,0.13866307987341286,0.09357586002405575,0.06854858628920851,0.1444579939857741,0.12440085635101776
99,99.0,99.0,0.10012733006387335,0.0910313577397397,0.07416853482302618,0.08231148030732136,0.0817083405336293,0.1482268403560912,0.09520028717178233,0.07486406883262368,0.13966651394889398,0.11269524622301845
100,100.0,100.0,0.09754108501688216,0.10683349248738563,0.06311679106293708,0.09516281645685967,0.08284695673307683,0.11536007761903537,0.08698110404780521,0.09041978103021885,0.13799326402495016,0.12374463152084854
101,101.0,101.0,0.08711930412026563,0.101625695318693,0.0729244927108138,0.1206124633393639,0.07571453974141795,0.12147266454458708,0.10140986194483266,0.07016582386144408,0.13483473015074124,0.11412042426784012
102,102.0,102.0,0.08301723063826633,0.097393421750976,0.07914615940881967,0.10693977325653288,0.06508643818478789,0.14591568234614058,0.10616238558945637,0.07843285206217597,0.13080950770554872,0.10709654905729515
103,103.0,103.0,0.08503591494345289,0.09834426430628461,0.08100776466649523,0.09918850182558907,0.07799334423006452,0.12203355549111998,0.09949667682253845,0.08912467560190493,0.13662885338977082,0.11114644872277904
104,104.0,104.0,0.09956580578989398,0.08835658696362626,0.07289672734962035,0.10512583394535982,0.061417730256609515,0.14293398667938587,0.10230962679260014,0.0831550916660456,0.13900989568679878,0.10522871487005925
105,105.0,105.0,0.08515821214289324,0.11086005320267149,0.08064699784191004,0.09630339547376891,0.059994142039428544,0.12821987824001305,0.10030608076960952,0.08123129195957826,0.15049451924806262,0.10678542908206387
106,106.0,106.0,0.09747348937560132,0.09743654873572066,0.09270637199275725,0.08857406106931215,0.06976945704160162,0.1446597374716721,0.08296948099631649,0.07201590759954593,0.14023233760311699,0.11416260811435512
107,107.0,107.0,0.0858969694416338,0.0964646863558096,0.07559527386438299,0.11361228648277724,0.0659812730532859,0.13111509394065124,0.09180424988168698,0.07192468715863029,0.14021981587439805,0.1273856639467434
108,108.0,108.0,0.10277142420155336,0.11145552276764922,0.08827177563831305,0.0902704675819823,0.06582858949405565,0.14325997351858502,0.09066086781088997,0.06725599266450913,0.1358219415879983,0.10440344473446353
109,109.0,109.0,0.08782272241461789,0.10451291249872419,0.07412572017457203,0.10699207911513345,0.06770854548186932,0.1328920037009786,0.10115097951262478,0.08018862495364124,0.12817589156735254,0.11643052058048539
110,110.0,110.0,0.09590050850594703,0.0958311271775405,0.07552350112759658,0.08815630500593906,0.06439747704565131,0.14025093396687635,0.10090029268314323,0.08013843154845347,0.15447636811712984,0.10442505482172218
111,111.0,111.0,0.09632018816552494,0.09284569330472403,0.08723014838933965,0.0934839535116018,0.0764251421207757,0.13502053372348916,0.0989463253068255,0.07291315371598359,0.13996385987217802,0.10685100188955717
112,112.0,112.0,0.08541799929297202,0.09968378268307869,0.08034213037974905,0.10762161633605931,0.0700138085831716,0.13709247464510024,0.09865740165766546,0.08022416167503413,0.1337307071490315,0.10721591759813749
113,113.0,113.0,0.09610404826117688,0.09661210729891087,0.06758344264710356,0.09435470218645006,0.09452625351223279,0.12722910929032016,0.0916859283318359,0.0723446379709308,0.1451691527894693,0.11439061771156922
114,114.0,114.0,0.0944770501844373,0.09666848612384002,0.08645773445567069,0.09616976640731054,0.07860546761919215,0.13813522990719643,0.09171593922504931,0.07062101857893459,0.14021700641547483,0.10693230108289369
115,115.0,115.0,0.07990396633854077,0.1074291758473149,0.07024550943133534,0.10320099355958319,0.07520309514396614,0.13731358360323279,0.09598449087832944,0.0705794541168486,0.15342149296390023,0.10671823811694822
116,116.0,116.0,0.10425016383060656,0.10794004460609852,0.0698467677761982,0.10633190640871107,0.07645320936991792,0.13099157749636994,0.09733488929478724,0.07707346783596077,0.13156583311143455,0.09821214026991479
117,117.0,117.0,0.09524469446001846,0.09858452817296387,0.08641164252103231,0.1058082236119757,0.05919079171527993,0.12639085920879015,0.09699551512738376,0.07341804420221748,0.14028612260994117,0.11766957837039668
118,118.0,118.0,0.08886003772571457,0.07458129854537607,0.08368622607419768,0.10533350098757624,0.07658497050076521,0.15228006462554497,0.10717329508919712,0.06364174302749631,0.12764063759335406,0.12021822583077724
119,119.0,119.0,0.09121509913777757,0.08720479932095611,0.07434560868294664,0.10845636674615702,0.07289519977239763,0.1353314543442933,0.10533498978954639,0.07219531826325044,0.13874540236039667,0.11427576158227781
120,120.0,120.0,0.08216403057264411,0.0966262807153839,0.08786001237592737,0.09726693644760062,0.0666911319904662,0.13841848715130167,0.09769261985585026,0.08413774068590699,0.1364053680463799,0.11273739215853858
121,121.0,121.0,0.09119984701463132,0.09810806487828723,0.0853060770536842,0.0939377433063085,0.06699328081840294,0.13212199406646102,0.08353640581198452,0.068121733377742,0.15596170969084402,0.12471314398165392
122,122.0,122.0,0.10580939713672452,0.09821052791284952,0.07696388643103205,0.08815577494759956,0.060688184388183616,0.1481326558893497,0.10021818841657086,0.08186357648557732,0.13546593514621588,0.10449187324589657
123,123.0,123.0,0.09142736602328089,0.08496108582603215,0.0795427881382777,0.10689021855264638,0.05727157588422329,0.14207990152304048,0.0981355348471552,0.07596711123433002,0.14793863307851168,0.11578578489250176
124,124.0,124.0,0.08774083122627349,0.07379046158880034,0.08166709960638649,0.10327497426146899,0.10009628594753586,0.12710960813159844,0.09362888696284598,0.09028779521202328,0.13884463606483605,0.10355942099823057
125,125.0,125.0,0.091398019999759,0.0989005589816801,0.07867308931737102,0.09878659113195518,0.08173948941107471,0.12484381952643686,0.09304531335411824,0.08282224514238329,0.14095490672632424,0.10883596640889692
126,126.0,126.0,0.08113656528245912,0.10699005564932787,0.0799463101843716,0.09524168540510478,0.05963052820223262,0.12543469609241584,0.10270478395859887,0.08884241558951478,0.14872540271435755,0.11134755692161646
127,127.0,127.0,0.07132748176823725,0.10141051210262819,0.08356454223628354,0.09484363622692782,0.05224068765639761,0.1589053048971832,0.0932752624714401,0.08001863147063945,0.15858009880114343,0.1058338423691189
128,128.0,128.0,0.10066881697021868,0.10368134255112735,0.0752942930848587,0.08644435029553384,0.0628788855926577,0.13563002377427966,0.09404570387393464,0.09316033496706169,0.14091989739157756,0.10727635149874974
129,129.0,129.0,0.11104770478153547,0.08882827931262974,0.09288727407459815,0.09209487119735955,0.06260753704318038,0.14779457398190227,0.10124611114171762,0.0639235958625642,0.14239584142795708,0.09717421117655518
130,130.0,130.0,0.08426607672290692,0.0857082687803643,0.08149437149174879,0.0941316428420327,0.07083905153298814,0.141941348346537,0.10192195019092243,0.0730942464352001,0.15447823888526824,0.11212480477203102
131,131.0,131.0,0.09548399832169921,0.08840609864580856,0.08049993545642804,0.0956829470720163,0.0740024671522653,0.13943795958877586,0.09566235810409575,0.07739956796345251,0.1459840376576436,0.10744063003781454
132,132.0,132.0,0.09066999144795423,0.11225773442784708,0.09001116022885886,0.08867785634879154,0.06718690957356233,0.13950294925224696,0.09385292517446645,0.06971802845166182,0.11905504807404266,0.1290673970205676
133,133.0,133.0,0.10095973197445667,0.09888990458960203,0.07770686729860203,0.10385591107373253,0.06780700617449137,0.13134392393862107,0.09961442449136042,0.06850459405493135,0.14464990790566004,0.10666772849854204
134,134.0,134.0,0.09676506646615089,0.0750406656144191,0.08939230874372021,0.08133258259260016,0.07398529084429384,0.14651335716572114,0.09713109003756486,0.07004229458760233,0.14645724605456642,0.12334009789336058
135,135.0,135.0,0.10988523049278325,0.09140147013364967,0.0761487116342933,0.09940602436371072,0.07379355815312602,0.13808778325425408,0.09212707151102953,0.08099241872597243,0.12636251802344628,0.11179521370773413
136,136.0,136.0,0.10884765662846238,0.10633924325041796,0.08698406194628625,0.0808144153738343,0.07410546185985217,0.12602842606838505,0.08711741182558531,0.08104203389451148,0.13408330012744699,0.11463798902521763
137,137.0,137.0,0.0957812646059871,0.09954403506835983,0.08656067209720697,0.10076678445318281,0.0810410873196327,0.1156438789643048,0.10380941725980822,0.08269291902029507,0.12579497805713977,0.10836496315408232
138,138.0,138.0,0.11015170418664857,0.09168382423522914,0.07295875223298193,0.09664649554990395,0.05501288187972057,0.1426029738500837,0.10530805459790651,0.07512044428231049,0.14097780867357013,0.10953706051164461
139,139.0,139.0,0.09922506461586232,0.0911053567102177,0.08267802611955515,0.08288977582356868,0.07534622263636406,0.13569433886047796,0.10426791208855357,0.0755916329426642,0.13569979597405493,0.11750187422868094
140,140.0,140.0,0.09403826645524607,0.08961410197681073,0.07730088145011973,0.10654968881145858,0.0662774645799024,0.1414552452442793,0.10053171022023659,0.09376106367153467,0.13609205985793582,0.0943795177324756
141,141.0,141.0,0.11037591768022481,0.07325859489271691,0.07510130024803775,0.10248670078892519,0.07429880871970866,0.13498517308691083,0.10111315245717974,0.06762544938739196,0.14649059758743832,0.11426430515146539
142,142.0,142.0,0.09462213350320996,0.09289281765205908,0.07295028333222596,0.09308603047925702,0.07083567263392326,0.13660438672614986,0.1020910258266392,0.078809512959112,0.13688111021556162,0.12122702667186154
143,143.0,143.0,0.09068087741014376,0.09586491372713615,0.08360380780751006,0.08391887708784186,0.07451560541421155,0.13770464790917122,0.09423851150521795,0.08048696664282079,0.13773805951175522,0.12124773298419096
144,144.0,144.0,0.10514908269874572,0.09942107917668426,0.0917042631299566,0.09789114272565927,0.06086529624353093,0.130975267631742,0.09778167985583215,0.06843515308901564,0.13836542749928743,0.10941160794954567
145,145.0,145.0,0.09189928524325708,0.10407973412595037,0.09512396872395368,0.10891171024774449,0.051012743613669434,0.1367966988548893,0.09401805705855927,0.07159545865190645,0.13082584460226804,0.11573649887780135
146,146.0,146.0,0.10371607907639262,0.09855835105117274,0.06414845397564528,0.09706643503175308,0.07547875990961875,0.1512293833519199,0.08112363886144633,0.07370021539904405,0.14005738783417976,0.11492129550882701
147,147.0,147.0,0.09472509479929839,0.09878908771207046,0.08429385487348692,0.09539143961929106,0.0668022905712794,0.1329504442000792,0.08411307199848643,0.07011629563350928,0.14670617923345777,0.1261122413590407
148,148.0,148.0,0.10003352769010421,0.09353405727568584,0.07756477517714908,0.09683694332245911,0.059345149140298384,0.13625737603827362,0.10312807426088691,0.08449054013529747,0.14118587390756626,0.10762368305227872
149,149.0,149.0,0.10489217259648953,0.09511247451603733,0.08278347861497853,0.09110983539095477,0.06133058644496229,0.13982550384015943,0.09247571911511573,0.07794329543030826,0.1398219567066545,0.11470497734433908
150,150.0,150.0,0.08213795503885293,0.09809985149493972,0.0959810989845229,0.0981646366350111,0.05534801040193125,0.15386301207581518,0.10206675072266266,0.05667098554989417,0.14909718036189953,0.10857051873447014
151,151.0,151.0,0.09488809751102893,0.07883701929133113,0.08318262234157689,0.11736507581893915,0.05939223102894814,0.15034246773424728,0.10259341282710246,0.06988661260929524,0.14333233511279747,0.1001801257247329
152,152.0,152.0,0.09025285983792734,0.08800787673222944,0.0732601573698776,0.10886609037821707,0.061752638483067515,0.144306322324578,0.11471351052470313,0.07101722387070239,0.15287431339159038,0.09494900708710677
153,153.0,153.0,0.10135350046046762,0.08316538994497344,0.08384716337309754,0.09016724187684579,0.06901825011464682,0.1594008968217188,0.10569428856985608,0.05627936432678375,0.13975666704329048,0.11131723746831931
154,154.0,154.0,0.09290979018122089,0.08959983224423831,0.09707182791852548,0.0842958864739501,0.058987042421583855,0.12837307991197103,0.0964162576405538,0.08809426740705896,0.145027830514657,0.11922418528624006
155,155.0,155.0,0.08759033030705034,0.07447478796666164,0.10012069695067491,0.08945346451777489,0.06121723325817845,0.1388946895134798,0.10107872987398925,0.0766190724624537,0.1575570535294555,0.11299394162028109
156,156.0,156.0,0.08065825388031715,0.0740821732372525,0.08297886663678118,0.10080073714808238,0.08300662265851491,0.14835240941187894,0.07509618906035656,0.07524393596140924,0.14225680040572028,0.13752401159968647
157,157.0,157.0,0.08792403845916245,0.0941127699179392,0.08950294979061454,0.09982575406166976,0.0737328696345092,0.13868153451136506,0.08772322302738336,0.0607529307360566,0.14385316910165608,0.12389076075964336
158,158.0,158.0,0.10381082741206746,0.09058010908152547,0.09176867874651318,0.09440231329583568,0.07248497237210699,0.12077030851036316,0.09932545949520903,0.07367632713626261,0.13163149133783086,0.12154951261228505
159,159.0,159.0,0.11157971255421939,0.09951508748024432,0.07907204026533166,0.09110081726089095,0.06090076712911476,0.13552320729384937,0.08643875152762664,0.06681414359264012,0.14428451856294638,0.12477095433313597
160,160.0,160.0,0.09439733856738157,0.10131164896217563,0.08755098390623668,0.12695961317577942,0.05500679719042341,0.13575957461774935,0.09880645470084248,0.07019586704746773,0.1237247062557866,0.10628701557615675
161,161.0,161.0,0.096145132510287,0.10084589684272371,0.11018266328172754,0.10091718015496128,0.07550646457803485,0.12799019698276531,0.0807345374087005,0.07688310547044472,0.12054742816485697,0.11024739460549764
162,162.0,162.0,0.09523680397330091,0.10771489646621402,0.08179516771857023,0.0982946475110024,0.047056179149187416,0.13211929762532254,0.10185899402820661,0.055730148065639716,0.14864474858059964,0.13154911688195609
163,163.0,163.0,0.08681580351448641,0.09492189106363824,0.07252152879161114,0.09987196887435876,0.06370384841184588,0.15376955129817332,0.07770455573638443,0.05973794997657348,0.15862121614157526,0.1323316861913527
164,164.0,164.0,0.09039466245138542,0.12088706020307079,0.08062695587076305,0.08381101829329558,0.058338540665223,0.1492985552806197,0.09164789885967024,0.06974093247813985,0.1300296040261944,0.12522477187163755
165,165.0,165.0,0.08753940860058859,0.0947048147648735,0.08142710223449082,0.07967970860284494,0.06982476608173095,0.13381595259651752,0.09087164730754002,0.07077376826128565,0.15590623341616205,0.13545659813396554
166,166.0,166.0,0.10440017315808578,0.10208871697759894,0.07955717836526928,0.11332002181626613,0.043181040142129465,0.13427441366798787,0.09239051210911833,0.07068316081443302,0.15726819224967456,0.10283659069943625
167,167.0,167.0,0.12421552391111457,0.08710147476572186,0.09273277565903805,0.09339944209268984,0.06989957446889246,0.14052179804103798,0.08614790049352423,0.07114373491351067,0.13518705762280728,0.09965071803166256
168,168.0,168.0,0.1117185978416044,0.08796178576812164,0.07616368870054399,0.09376896090406105,0.07010799106450494,0.13172774539526116,0.11709632696804553,0.05595241010766376,0.1345182839064772,0.12098420934371597
169,169.0,169.0,0.09833176535977345,0.10247659457970257,0.0986218809296629,0.10019555454263351,0.06363159186467716,0.12978328217518936,0.09252821218884345,0.05534500374238867,0.14243950268070085,0.11664661193642756
170,170.0,170.0,0.08911637851171786,0.09388434161146833,0.07612594609321598,0.1014156604934933,0.053775441782487846,0.15142248604122927,0.09824712742368145,0.0722008874884972,0.14790537165703088,0.11590635889717749
171,171.0,171.0,0.09651148425554851,0.09986451727588183,0.09097484644685223,0.08852109018164928,0.07392535619615738,0.12280642928937083,0.11379625962956634,0.07468474564165324,0.1289687771680376,0.10994649391528233
172,172.0,172.0,0.10076117923746677,0.10684479328021046,0.0801816885812501,0.10980382025038207,0.04214003767524236,0.1427669448053256,0.08140086609778356,0.06730725619680729,0.14351431685073615,0.1252790970247952
173,173.0,173.0,0.08203560267142071,0.09386252269415515,0.0758872538536807,0.09626546076273179,0.06587433446190169,0.15444573002338702,0.10103793480383136,0.05719148899116683,0.16322072013621314,0.11017895160151123
174,174.0,174.0,0.09128790709156814,0.08577140029792146,0.06748201511072335,0.11733431698459465,0.07220994446729768,0.13448032697135412,0.10177008695306693,0.05584000428662291,0.15435318653365165,0.1194708113031987
175,175.0,175.0,0.11538034554737223,0.0919200118173079,0.0945131718496993,0.10187115092395187,0.06607880340743554,0.13977343533310096,0.08737405326114071,0.059691266214512775,0.13182006468643678,0.11157769695904143
176,176.0,176.0,0.10052590370541777,0.0872743652407702,0.09379658636631676,0.08885796759631207,0.0592336868035379,0.14280419877086611,0.09022859760777643,0.05742172993878405,0.15579095220671835,0.12406601176349985
177,177.0,177.0,0.09364822730303578,0.09569466227852688,0.07708345098674989,0.11624903555089698,0.0844720024743704,0.131817086939397,0.09042062052579221,0.07070918375935117,0.14156911532359537,0.09833661485828392
178,178.0,178.0,0.0867933104443677,0.10067171083952364,0.08193764940773098,0.1052113368246044,0.0882356968321775,0.13647815936244087,0.10324314194480574,0.06686749450373777,0.13650993958181395,0.09405156025879693
179,179.0,179.0,0.10888437232998693,0.07876736271134338,0.07495755880832139,0.093998503855141,0.06965172437862126,0.14296032531718045,0.10115098616372147,0.07047972655664117,0.1419394007694982,0.11721003910954426
180,180.0,180.0,0.1054889637262435,0.07993771703179156,0.0821939237499398,0.0965356911014562,0.06800590144255672,0.15141248345142605,0.09602156892492397,0.04866422327967521,0.1365455051790236,0.1351940221129629
181,181.0,181.0,0.11411072230045656,0.08892741398621101,0.08379870840517217,0.089113536027804,0.06330395370838401,0.14488405199082766,0.10231725021709263,0.06150156281457332,0.13371386198867927,0.11832893856079889
182,182.0,182.0,0.09950485159725643,0.10593263609657262,0.09016105474878641,0.09240241699588177,0.05752992441659367,0.13981304731062555,0.09374441810505105,0.0751332955528927,0.12960351162269895,0.1161748435536403
183,183.0,183.0,0.09767319081855434,0.0934068374133539,0.09035996320318702,0.1033080663562331,0.07098501229187804,0.13070973675474967,0.08279795055396588,0.06066988706544385,0.14431598966784057,0.1257733658747932
184,184.0,184.0,0.09795738131037314,0.1090409894987999,0.08711699902432238,0.08844825606218161,0.05630547625716666,0.1266846606525575,0.11068795043886233,0.07402032574839698,0.14367916442937795,0.1060587965779611
185,185.0,185.0,0.10896517666744128,0.1043943744463641,0.0791727472566102,0.09287716716213731,0.04741872088569774,0.1412795296361486,0.08678731805383173,0.06547168371850133,0.14382411524106226,0.12980916693220496
186,186.0,186.0,0.09149377803344305,0.09592166828895979,0.0723583735716664,0.0938616716429967,0.05840193285044768,0.1494701233350088,0.0956629690886627,0.07536115787000829,0.15272360433356028,0.11474472098524591
