,Unnamed: 0,Generation,Intertwine_two,Add_vertex,Delete_vertex,Invert_path_vertices,Insert_inside_vertex,Delete_inside_vertex,Replace_inside_vertex,Donate_between_routes,Trim_one_terminal_cb,Grow_one_terminal_cb
0,0.0,0.0,0.09999999999999999,0.09999999999999999,0.09999999999999999,0.09999999999999999,0.09999999999999999,0.09999999999999999,0.09999999999999999,0.09999999999999999,0.09999999999999999,0.09999999999999999
1,1.0,0.10900000000000001,0.09987193100274741,0.09931731364034518,0.09780759002114114,0.10104036253691726,0.10010379239685022,0.10011231259442346,0.10144425898693317,0.09854819463305327,0.10105448680099852,0.10069975738659026
2,2.0,0.31601,0.10053889447361816,0.09954378597830435,0.0951403803239109,0.10215605502225364,0.09951960638849602,0.10035472802750228,0.10187055313979844,0.09699624314802492,0.10219386347585654,0.10168589002223463
3,3.0,0.6191589000000001,0.10155298652378505,0.09939465512278851,0.09396203972356856,0.10210602388325107,0.09882312725354037,0.1013885008340287,0.1025152026843012,0.09584053451050661,0.10261973283964071,0.10179719662458908
4,4.0,1.015801321,0.10061379934216894,0.09831085656759941,0.0920797916435465,0.10294504243027307,0.09960906789654968,0.10288027563638205,0.10272503834295355,0.09446750870649222,0.10348104353925879,0.10288757589477568
5,5.0,1.50262148669,0.10012346219880375,0.09820151123864582,0.08959925731403269,0.1025689805383874,0.09939860744008405,0.10258944417964345,0.10335415166275161,0.0940570385849786,0.10624411922882847,0.10386342761384398
6,6.0,2.0757334209441005,0.10014607874758252,0.09782732422778209,0.08754927742589966,0.10375837963940658,0.09897238270192701,0.10340721857716599,0.10321837389407265,0.09356082486718777,0.10644514043058989,0.10511499948838561
7,7.0,2.7307768275633495,0.10091489929207076,0.09706272010474731,0.08585486154825492,0.10406947451139653,0.09891585968689368,0.10493532524421673,0.10379359643569777,0.09177357559687015,0.10677459165996095,0.105905095919891
8,8.0,3.4630081252450404,0.09990805449869465,0.0961780521530067,0.08450903265390633,0.10341893978549552,0.09805620683979178,0.10574676820949083,0.10483493099653513,0.09064287605313487,0.10941407597510727,0.10729106283483669
9,9.0,4.2673862119061114,0.09967928360226268,0.09558012889623879,0.08286400695157337,0.10259685469851704,0.09738368610491743,0.10778951085196667,0.10533764973336354,0.08925725068551048,0.11144041040531887,0.10807121807033088
10,10.0,5.138652627782014,0.0995991602823835,0.09500401726808777,0.08216404686162199,0.10202311453192187,0.09515272337490457,0.10905429149172045,0.10583878408734332,0.08963035787030074,0.1125901701671615,0.10894333406455402
11,11.0,6.071405875792507,0.09971964361011429,0.09515817902479427,0.08037311469966822,0.10130089854523616,0.09340017343210279,0.11166701886015018,0.10655639138114875,0.08872632214415205,0.11396366935991464,0.10913458894271838
12,12.0,7.060169740244025,0.09928473974033906,0.09623637988511545,0.07897221549971478,0.10053736435153014,0.09095408405871547,0.11277886593341412,0.10653830104337779,0.08852997514408029,0.11647351970572917,0.10969455463798347
13,13.0,8.099455520847952,0.09777769250248693,0.09472716950727922,0.07879002980695403,0.10163298344759393,0.08881417241019433,0.11503274917229625,0.1068397185863448,0.08718048396593503,0.11862207717885387,0.11058292342206133
14,14.0,9.183818168183006,0.09794721655349213,0.09385618944402326,0.07807576361786478,0.10135706866824513,0.08685069190067418,0.11781569087818552,0.1059230022059107,0.08648525381544242,0.12114113856707859,0.110547984349083
15,15.0,10.307906369102724,0.09739133255353279,0.09300651268065303,0.0782680641748043,0.10188822908656647,0.08387252076578498,0.12014785921075619,0.1062456009499555,0.08600409238770657,0.12310217556674008,0.11007361262349978
16,16.0,11.466506686239443,0.09848826889521435,0.09136554681912973,0.07868565730036682,0.10123895009235405,0.08208962503986064,0.12261922982369339,0.10597838885153117,0.08420390891594431,0.12550125685810234,0.10982916740380291
17,17.0,12.654581904800096,0.09752790181623938,0.09089676896246868,0.07935391387497194,0.10063681773847763,0.08010682191718249,0.12521154105192583,0.10645967250043811,0.08388626951609934,0.12687842715702127,0.10904186546517501
18,18.0,13.867303782456686,0.09738720959359608,0.08984827786404767,0.07876120910493478,0.10096717871954991,0.07883078424689495,0.127216307269933,0.10500648256048062,0.0835528544572793,0.1285616995798952,0.10986799660338822
19,19.0,15.100080434523047,0.09773247164547447,0.09018413881227079,0.07983745311909207,0.10044135414227963,0.07718041505343143,0.12870596670752546,0.10313635599795629,0.08373058092344324,0.1293450465123716,0.10970621708615474
20,20.0,16.348578617037543,0.09761965502724143,0.08939630584576357,0.07977341012290634,0.09917501967979953,0.07655437882632657,0.13095648652339245,0.10182591334059385,0.08362145714570705,0.13122600815292612,0.10985136533534282
21,21.0,17.608741195130214,0.09690790331245436,0.08924473791624149,0.07991432580817034,0.09998445112876375,0.07524765613411032,0.13069874029208842,0.10236270309522505,0.08383742392681887,0.13185580407984912,0.109946254306278
22,22.0,18.876800103462312,0.09698349182732986,0.08994326491719254,0.07995094070412714,0.10018107888860914,0.07276517493852018,0.13128524976837697,0.10143718021117484,0.08398597209205456,0.13359318758258085,0.10987445907003363
23,23.0,20.14928511992658,0.09590053659174931,0.09065419116816141,0.07916088180981146,0.09879375766579132,0.07147081156194218,0.133240132397006,0.1006339603963725,0.08409207152557113,0.13525641105625322,0.11079724582734121
24,24.0,21.423028783545156,0.09567296318807311,0.09041456637777745,0.07926421967118732,0.10002651637388663,0.07042630793315681,0.13439460555458796,0.0999029508359123,0.08324432880617265,0.13614905676791583,0.11050448449132966
25,25.0,22.695167792966423,0.09514152676740405,0.09014463042921603,0.07843782409657087,0.10072880613830876,0.06909861398159209,0.13641943789936797,0.09952884441694297,0.08247502057141701,0.13762397654598138,0.11040131915319862
26,26.0,23.963141223515898,0.09375598979472682,0.08934561562751497,0.07801545990563302,0.0996523254691743,0.06740920097782682,0.1373155169973022,0.0996004077774443,0.0838727143581558,0.13984978146761806,0.11118298762460344
27,27.0,25.224685898775267,0.09242750624284189,0.08925215644975386,0.07659473703599473,0.1001312509803458,0.0670592127698766,0.13931561449373148,0.09991449186483198,0.08411902675132246,0.14013157434661974,0.11105442906468117
28,28.0,26.477829247520948,0.09217969340145668,0.08951331335660095,0.0771468526773414,0.09970328067357144,0.0675542540805888,0.13869254363275488,0.09979512973580404,0.08367816435470189,0.1404466085512642,0.11129015953591544
29,29.0,27.720879968916847,0.09144940609880886,0.0915172056259623,0.07747506465172416,0.10032964405634702,0.06733417254753846,0.1377748439661026,0.09926521413509126,0.08305891410174454,0.13973232194030322,0.11206321287637731
30,30.0,28.95241681848399,0.08961454552527713,0.09067981662731034,0.07814977144012583,0.10053815185810752,0.066932826901766,0.13790980446761197,0.09876311227906692,0.08421489375245869,0.1394733266195083,0.11372375052876703
31,31.0,30.17127581490958,0.08760510294779458,0.09025054529855225,0.07859538113265936,0.10107928670743764,0.0674850877073095,0.1394089911544451,0.09900023709526698,0.08336833862499463,0.13941345804422217,0.11379357128731755
32,32.0,31.376536153543515,0.08769012956385233,0.0909480986768509,0.07865510601486722,0.1005748145606137,0.06757892190858467,0.13966400792369738,0.09817705323542708,0.0827039619534537,0.1398881462202395,0.11411975994241332
33,33.0,32.567505096778625,0.08837811789165301,0.09049538454360427,0.07926094470461374,0.10053538147077029,0.06603027405639356,0.14027681195207362,0.09688633810711061,0.08234585598543066,0.14113571607195424,0.1146551752163958
34,34.0,33.74370209472243,0.08876381755785565,0.08989884540911104,0.07809449072717226,0.1002337504761642,0.06629485015285981,0.14101164768988333,0.09783792877828053,0.08194165496483043,0.1414062717454132,0.1145167424984293
35,35.0,34.90484237192463,0.08818321569778548,0.08959357547078942,0.07891046544618603,0.10011087171260473,0.06528976648527869,0.14107185138517547,0.09729173590100616,0.08151675139105308,0.14272173383971745,0.11531003267040324
36,36.0,36.05082019768737,0.08821333856727687,0.09128125537762358,0.07818887556986097,0.1003844495405366,0.06396703260117925,0.1406473069252426,0.09726568367912333,0.08125124810721705,0.14266708083379098,0.1161337287981485
37,37.0,37.18169203889697,0.08783383558602911,0.09144448379526066,0.07915616318376048,0.10173103130545669,0.06516908083538496,0.1412009476228342,0.09498220982170519,0.08144997815942931,0.14244167593942,0.11459059375071912
38,38.0,38.29765977559663,0.08747615415544178,0.09099784171860434,0.07896843155378473,0.10206421027099379,0.06503735734688075,0.1431490229121286,0.09518857476459737,0.08119041687054561,0.14261123190275118,0.11331675850427149
39,39.0,39.399054140870355,0.08678573711838695,0.09297468639329325,0.07928178501703748,0.10056944014426959,0.06450485536859393,0.14386090854321332,0.09506894572241073,0.08043633549593598,0.14229672320485826,0.11422058299200019
40,40.0,40.48631852820801,0.08688770409681373,0.09376841371503941,0.08011703525426754,0.10002263844746676,0.06493312930914204,0.14296527600336711,0.09518515199080618,0.08225605835130498,0.14163341924722916,0.11223117358456276
41,41.0,41.55999329152982,0.08699584142121783,0.09459942327616114,0.08065377647993557,0.10033370866543675,0.06591647878848743,0.14334887422284784,0.0940522061501596,0.08177134087812386,0.14141726543278602,0.1109110846848436
42,42.0,42.62070064560415,0.0853076433148749,0.09496033969603337,0.08098532457280781,0.10028255082057519,0.06598122012999073,0.14320745569084212,0.09365524634827961,0.08248274180817255,0.14155743200509405,0.11158004561332927
43,43.0,43.669130257815,0.08593092107236402,0.09491593203611828,0.08043051697753434,0.09877985928026664,0.06677935248461561,0.14356849254718165,0.09354506108768863,0.08298738098028617,0.14157290835889405,0.11148957517505018
44,44.0,44.70602560622662,0.08782331198873555,0.09501708489982004,0.08003511771509705,0.09998828055720145,0.06652490986818081,0.14244137842617857,0.09455176581898586,0.08164366723057759,0.14021103632382664,0.111763447171396
45,45.0,45.73217116373481,0.08800386270966587,0.09552515976100436,0.08045795387483075,0.09864068156285032,0.06685138921672402,0.1429909573566202,0.09491823493856498,0.08047847336400665,0.14040706955485963,0.11172621766087276
46,46.0,46.748380453854836,0.08927174805729474,0.09617839458226661,0.08051791010141629,0.09867029543933745,0.06753808269641463,0.14169299158351686,0.0937329628070715,0.08031914626263964,0.14064071329472194,0.11143775517531987
47,47.0,47.755485010424316,0.08890863330602855,0.0963081872396046,0.08257658409626072,0.09765858399864273,0.06648646976373535,0.14036389031296503,0.0937343326451815,0.08037549313372946,0.14116234937448,0.11242547612937163
48,48.0,48.7543242612326,0.08768989496686339,0.095796347448604,0.08366397651503815,0.098107173303613,0.06631006668705172,0.1411674222600192,0.0946164101399095,0.08014844124595179,0.14065698609006466,0.11184328134288427
49,49.0,49.745736344347726,0.08736445907445575,0.09691818631856144,0.08351985501694469,0.0981946398156626,0.06648213757087842,0.14119868808757777,0.09409841567465571,0.07969534005201706,0.14137340001966459,0.11115487836958163
50,50.0,50.730549855707864,0.08895133599861711,0.09680756786048125,0.08212286393714378,0.09896475150277531,0.06656643001522336,0.14050664164864693,0.09509785264777762,0.07894273098784546,0.14151119505909512,0.11052863034239374
51,51.0,51.70957651737491,0.089204338829234,0.09702488237616975,0.08355063728625513,0.09865529932529075,0.0675962382780696,0.13994319686476908,0.09543762687288979,0.07837502604658271,0.14107226109361112,0.1091404930271278
52,52.0,52.68360474770151,0.08927095356494466,0.09714604482620302,0.08244371621234031,0.09715102352019955,0.06881640855271219,0.1398081757004984,0.09595706606639007,0.07789719437167959,0.14092708525799488,0.11058233192703705
53,53.0,53.65339410751842,0.08868260952763007,0.0974651162013386,0.08335273540334642,0.09682229476448549,0.06980831711986527,0.13944896984992988,0.0964963869912655,0.07764740208703774,0.14136359846748783,0.10891256958761292
54,54.0,54.61967059027847,0.08694655046528278,0.0971176983342018,0.08504067795556636,0.09671995424845119,0.06965007078925863,0.13853155474826873,0.09663813329981244,0.07840665798044627,0.1419249441026603,0.10902375807605132
55,55.0,55.58312271885972,0.08609313460826494,0.09664073691763884,0.08548202753526096,0.09538998379133581,0.07149669281704357,0.13892229182344343,0.0984641939919894,0.07673541576887132,0.14251181169402077,0.10826371105213074
56,56.0,56.544398407394254,0.08606209419948563,0.09644751065512797,0.08392733957191434,0.09690809593983178,0.07257247855014588,0.139328910816576,0.09845627758638897,0.07520243936980985,0.1426535607038844,0.108441292606835
57,57.0,57.504102543001395,0.08514517062371388,0.09765283763240803,0.08575196310348832,0.09579621477420777,0.07216100624561922,0.13795941984492505,0.09955284677374569,0.07574694277079959,0.14241730251633866,0.10781629571475358
58,58.0,58.462795239617805,0.08458340674749606,0.09773504594951402,0.08537443156190118,0.09458684655963104,0.07279362617877046,0.13846641529391746,0.09911085909479078,0.0765925443736169,0.14218284185585198,0.10857398238450994
59,59.0,59.42099071417639,0.08336595468480844,0.09730507977862259,0.08591401602935854,0.09474914349729854,0.07216100301517597,0.1387849906702203,0.10002798547337591,0.07665097932621928,0.1425635224294288,0.10847732509549146
60,60.0,60.379156734137354,0.08396789253164247,0.09818857942561457,0.08563437303474179,0.09519201721837779,0.07202249397043191,0.13807794793634987,0.09945741304713156,0.07708089079975873,0.14246214359662107,0.10791624843933009
61,61.0,61.337714584760846,0.08344975904073204,0.09931360079775572,0.0853055150812023,0.0952398846060666,0.0729463618041713,0.1372570756550843,0.0982747811225311,0.07695641735071745,0.14307616893681063,0.10818043560492842
62,62.0,62.29703950447439,0.08262659205763492,0.09911387696431788,0.08639085921245687,0.0961928996575459,0.0723710352770936,0.13772649789609398,0.09824507625232916,0.07712503938853787,0.14300009891046217,0.10720802438352749
63,63.0,63.257461537171835,0.08146466498143876,0.09892108162082329,0.08559945266757299,0.09790501635563295,0.07334916119327418,0.13763161348388622,0.09866683881407215,0.07696781867229598,0.14260285877906836,0.10689149343193502
64,64.0,64.21926675122782,0.08360349687599444,0.09800849291449101,0.08471929372045839,0.09703921692089089,0.07292040789691454,0.13813400258277456,0.09799500361204132,0.07788606486929547,0.1423534785406969,0.10734054206644242
65,65.0,65.18269877636592,0.08434365087403592,0.09773451977315623,0.08445009997825391,0.09836941484521587,0.0737487942927203,0.13768843336956027,0.09747635508853685,0.07627577086084741,0.14241905488977058,0.10749390602790261
66,66.0,66.14796061122655,0.0857509027454197,0.09901947356239013,0.08382889666864005,0.09750924160261243,0.07329660476743928,0.13656053141319985,0.0956271709543134,0.07779313584020657,0.1430764379756659,0.1075376044701126
67,67.0,67.11521665648885,0.08563352827860848,0.09852731711330977,0.08460530506418092,0.09716810120462599,0.07334830574748434,0.13693671899336596,0.09556204220942877,0.07819502486600964,0.14216348338968682,0.10786017313329924
68,68.0,68.08459493066005,0.08585651002194103,0.09809365163529535,0.08455934861051305,0.09817633614771806,0.0736151633370915,0.1362442605304424,0.09564887972857791,0.07913330843002965,0.1414855572806972,0.1071869842776938
69,69.0,69.05618942810752,0.0863342578644072,0.09702985493568313,0.08577580342693894,0.09971805809700117,0.07401887776744885,0.13507274965844002,0.09546776283183543,0.0783271821036696,0.14032962629568654,0.10792582701888913
70,70.0,70.03006258152917,0.08806140038628993,0.09680819104674286,0.08721027605224994,0.10031268589814354,0.07279566142051395,0.13381963446310535,0.09462834133784796,0.07789963570032803,0.13933021623391312,0.1091339574608653
71,71.0,71.00624779379335,0.08859265125056795,0.09707132288810885,0.08773054628944743,0.10101292124471714,0.07058209854275804,0.13514643617042216,0.09380755406537919,0.07746210967388412,0.13840587801136361,0.11018848186335144
72,72.0,71.98475200689319,0.08996217435912156,0.0968590831120542,0.08721125115989596,0.10026943998368813,0.07013163415845539,0.13575331741323743,0.09440045009815852,0.07781093275973258,0.13812883375485724,0.10947288320079893
73,73.0,72.96555827861411,0.0906997846365709,0.09804600829227622,0.08625446430485577,0.10077581141792655,0.069114734257131,0.13530190619516352,0.09361417528896843,0.07896608853000008,0.13734270500824944,0.10988432206885806
74,74.0,73.94862834037681,0.09150075207374796,0.09736662560215391,0.08754061686876324,0.10168963708859058,0.06975485401158894,0.13296561212196242,0.0943357265228727,0.07837964661814774,0.13613358379808074,0.11033294529409174
75,75.0,74.93390511255946,0.09193246652408342,0.098524883565155,0.08583377511335646,0.10091059720404866,0.06904976131652463,0.1323608627409779,0.09499866930029621,0.07895474324155326,0.13662612920467967,0.11080811178932473
76,76.0,75.92131515639825,0.09404392647581061,0.09884590801215172,0.08478781292634745,0.10095732656809282,0.07020716405738965,0.1314856557948051,0.09390544991770639,0.0790281978737098,0.13588329972644278,0.11085525864754361
77,77.0,76.91077104428919,0.09495099389048076,0.09945031721620758,0.0836372298685426,0.10220846280773296,0.06978559164632844,0.13243900517108384,0.09226082455381462,0.07917666165659812,0.13624957152185774,0.10984134166735326
78,78.0,77.90217363294813,0.09498669768037857,0.09878161148291136,0.08395875073461578,0.10260901462783244,0.06981959320696104,0.13218874131909422,0.09392197849240302,0.07982884068694858,0.13496282952027808,0.10894194224857681
79,79.0,78.89541422641172,0.09422793809777573,0.09825198785835089,0.08355266189750057,0.10331805377908478,0.06977007651655365,0.13244787329383315,0.09543621121265,0.07944282253890196,0.1346934757703142,0.10885889903503497
80,80.0,79.89037661826481,0.09456708517065145,0.09901161928554571,0.08353582486211615,0.10373776370431065,0.06911330645851972,0.132235479141015,0.09506696046913964,0.07799531526607742,0.1345464154807402,0.1101902301618839
81,81.0,80.88693900474995,0.09568544402176979,0.09867644105485879,0.08434436841856147,0.10256427425909305,0.06825785949616836,0.1319582126888592,0.09587598572948682,0.07737981670841385,0.13474915475200186,0.11050844287078665
82,82.0,81.88497576253909,0.09379311815695371,0.09845054602039133,0.08416330251962383,0.10294352812449531,0.06905358287773958,0.13065182481140364,0.09534002278233651,0.07965983394408832,0.13562407793980402,0.11032016282316356
83,83.0,82.88435908692391,0.0956854686246736,0.09802997588427646,0.08412322240547933,0.10239376701944672,0.06810743928908995,0.13082388712292284,0.09474709452090439,0.0807138084529056,0.13519917536540163,0.11017616131489927
84,84.0,83.88496048800103,0.09518444651377637,0.0995679065868988,0.08485013222305544,0.1022449782243118,0.06639395985514358,0.1304222636487027,0.09519576759999092,0.08152793013359368,0.13489537020900821,0.10971724500551827
85,85.0,84.88665214409042,0.09449311633517689,0.10044147682179502,0.08393813236744958,0.10273956298704325,0.06733959229571632,0.12883877974429145,0.09578572187873355,0.0812806183790452,0.13518083718434418,0.10996216200640431
86,86.0,85.88930811312994,0.09545632845694245,0.09980867468630329,0.08381705301566918,0.1019927588426738,0.06634500823628221,0.1288401290213214,0.09584947065630946,0.08270851800106441,0.1354011549256762,0.10978090415775739
87,87.0,86.89280540413424,0.09576490196462187,0.09903000934908769,0.0838288538159804,0.10358057107272986,0.06461315502574581,0.12924193986494587,0.09475846792315595,0.082506602576365,0.136049395712646,0.11062610269472133
88,88.0,87.89702491199675,0.09653258693950008,0.09783427623805106,0.08272179283997562,0.10390235764636138,0.06514892006529086,0.12990925000614387,0.09595104427331835,0.08134425098420028,0.13576778275844675,0.11088773824871152
89,89.0,88.90185221995306,0.0959136201309055,0.09777988072188877,0.08289930094428699,0.1028315240310638,0.06665941094050637,0.12859680996408887,0.09621677657229172,0.08132496006756106,0.13624509073198057,0.11153262589542616
90,90.0,89.90717827491419,0.09404774333249806,0.09688959957246147,0.08290590043239111,0.10230215365745399,0.06664604106806807,0.1290385868987345,0.0979315402809388,0.08181226634496805,0.1360112774050899,0.11241489100739589
91,91.0,90.91289994163006,0.09332089522616407,0.09621730215144751,0.08221844835199758,0.10259303306871606,0.06812501210001819,0.12972571221911042,0.09957878412763584,0.08119586509406428,0.13502466055403858,0.11200028710680729
92,92.0,91.91892044225806,0.0936213152300666,0.09580548525783827,0.08138276245845254,0.10303182390549209,0.06867408971241196,0.12938043236786523,0.09983219983847852,0.08205319355068753,0.1344282855595381,0.11179041211916899
93,93.0,92.92514968840067,0.09293421289479337,0.09619013665385397,0.08138837609278712,0.10275562571387604,0.06795506765080868,0.12967977828272736,0.09971892974738432,0.08187870389334781,0.13585598052318976,0.11164318854723142
94,94.0,93.93150451304501,0.09341682885877067,0.09546228572651316,0.08129120743206295,0.10264360544630768,0.06857142187502378,0.12865933725561024,0.10045639492664504,0.08247915662178193,0.1359874077421767,0.11103235411510767
95,95.0,94.93790881009448,0.09257646660218675,0.09561983086353477,0.08105066468969103,0.10088925808758653,0.06933854183106708,0.1291929730373775,0.09989523044602838,0.08331031736398252,0.13670369346830435,0.11142302361024092
96,96.0,95.94429358933806,0.09296489665861415,0.09466354369858623,0.08152361925699193,0.10078396906438708,0.07082055530351847,0.1294111313898494,0.09925147705185627,0.08245197751190633,0.1375428382214317,0.11058599184285828
97,97.0,96.9505969547639,0.09311795457303586,0.09506958667751648,0.08030934902956009,0.10232537116201976,0.07035465039830915,0.12903956187052232,0.0985448351022284,0.08172966595142005,0.13962765015269846,0.10988137508268929
98,98.0,97.9567640140995,0.0935281705867325,0.09502272401441214,0.07942197250180938,0.10026439874076708,0.07162724417150779,0.12988240764969242,0.09813427621312132,0.08045347845560527,0.1404129375220636,0.11125239014428838
99,99.0,98.96274672736057,0.09420333853271516,0.09445890882907605,0.07861360644727985,0.0983104006967735,0.07290132700041202,0.13168515162145056,0.09788163176580694,0.07981740904204952,0.14068099871544135,0.11144722734899493
100,100.0,99.96850370202192,0.09461160509471203,0.0954974131261448,0.07673645190595185,0.0976769468682386,0.07424993330170275,0.1301863618096737,0.09680552000488604,0.08075098438751462,0.14074478394942144,0.11273999955175404
101,101.0,100.97399994219691,0.09396616171006926,0.09602464807024982,0.07589158637511417,0.09962666180669383,0.07483640750801228,0.12930044682972328,0.09718165105018917,0.07966249444798276,0.14045882207333793,0.11305112012862735
102,102.0,101.97920655893245,0.0929065867397928,0.09613194263565708,0.07572370313051785,0.10022399425834712,0.0743102054603619,0.1308691473050719,0.09803770346437078,0.07941458961661188,0.13974269322111757,0.11263943416815096
103,103.0,102.98410044840509,0.09205594413604737,0.09633620679120765,0.07579299329893173,0.10005362411172256,0.07503507654924849,0.1300432303977943,0.0982228265816933,0.08025084024680665,0.13959077996738575,0.11261847791916206
104,104.0,103.98866394444643,0.09267315458539466,0.0955413573720881,0.07509639843249236,0.1004853729688762,0.07405948180870905,0.13130985155100433,0.0986834708866982,0.08049524577394698,0.13966254300295378,0.11199312361783624
105,105.0,104.99288445143917,0.09185681113715213,0.09700449181470042,0.07522249339109717,0.10003810770292024,0.07291267020498449,0.13109464109623986,0.09893395771796255,0.08054942923664753,0.1408690656179298,0.11151833208036568
106,106.0,105.99675406321822,0.09228664376706208,0.09711751798023613,0.07659616131343434,0.09882528840082266,0.07272888598019413,0.1325161899815555,0.09743945711928764,0.07968347454430409,0.141024972343215,0.11178140856988829
107,107.0,107.0002691731872,0.09156770959666968,0.09712524559878202,0.07628245473749362,0.10013506129696625,0.0721550674896653,0.13256255510013865,0.09683318370778755,0.07881831760765586,0.14115610987569882,0.11336429498914213
108,108.0,108.0034300804274,0.09255140691775812,0.09862467850422754,0.07726089718780887,0.0991144472652741,0.07156162454790255,0.133804297053062,0.09612291009209678,0.07750387061077009,0.14082498328628126,0.11263088453481862
109,109.0,109.00624059613932,0.09204406450088212,0.09940821553487023,0.07683699863122354,0.09977961599323337,0.07115819114855897,0.1339796245935876,0.09647805458533648,0.07751165276302349,0.13971233393675805,0.11309124831252608
110,110.0,110.00870765431864,0.09235302151396399,0.09929626729996882,0.07656815524103266,0.09856681506869627,0.07042949778886104,0.1348624361977243,0.09681934519557694,0.07754040708143896,0.14122563275347086,0.11233842185926608
111,111.0,111.01084093013685,0.09270852566161529,0.09886231910005162,0.07748641437490084,0.09790395398655158,0.07091612006521325,0.13518781159480014,0.09697191948203726,0.07686973842943604,0.14126885821765378,0.11182433908774013
112,112.0,112.01265246907188,0.09197437713228526,0.09909540840000833,0.0777214831345675,0.09867694529031762,0.07076803698072545,0.1356861707656164,0.09710008803318342,0.07695767159140393,0.140671395879649,0.111348422792243
113,113.0,113.01415632942268,0.09231668457431559,0.0990039049743833,0.07668338271745477,0.09813539275920354,0.07307846441361701,0.13516242052266786,0.09653386553287682,0.07628152396760102,0.1412081174521823,0.11159624308569768
114,114.0,114.01536824044418,0.09249993510133755,0.09890327179705896,0.07754552212220651,0.09779169499755937,0.07378024840490152,0.13570232425337833,0.09597878699991182,0.07546126030701206,0.14123556258343573,0.11110139343319805
115,115.0,115.01630527795908,0.09122732334189866,0.09986642305308235,0.0767893472073842,0.0981692704414044,0.07411986894167788,0.13613040203715956,0.09586344300782271,0.07467046414899263,0.14257052629472672,0.1105929315258508
116,116.0,116.0169855589429,0.09240335893757666,0.10085997358732408,0.07600347724076992,0.09887249685695951,0.07456137110939465,0.13589530324753712,0.09589588373529337,0.07456723887836492,0.14169493731633376,0.1092459590904459
117,117.0,117.01742795623892,0.09267971208555834,0.10088941813501594,0.07689111465065475,0.09952762644680309,0.07325139967748118,0.1351746052506073,0.09590553302887155,0.07413385606100162,0.14167764514358178,0.10986908952042437
118,118.0,118.01765183424293,0.09231561406905607,0.09849254636555929,0.07751265195357142,0.1001325767868741,0.07367123718768559,0.13702706013462773,0.09694289521025835,0.07275902328931468,0.14038361846110986,0.11076277654194279
119,119.0,119.01767680610413,0.09218887623197691,0.09735859937240449,0.07719970952827758,0.10104132791080309,0.0737092512071636,0.13715193854703014,0.09779499464233081,0.07228585851575367,0.14020204111491186,0.11106740292934776
120,120.0,120.01752251271817,0.09115996755115034,0.09717865721749347,0.07824096070635789,0.10081441128083708,0.07311491653215299,0.13755482755686577,0.09787304708929856,0.07305334705928938,0.1397900516843868,0.11121981332216761
121,121.0,121.01720842354362,0.09104757201282009,0.09715936392934278,0.07901888375110155,0.1002417922514061,0.07254599236202025,0.13729641495317813,0.09652586861484846,0.0722533299539212,0.14134104852498064,0.11256973364638073
122,122.0,122.01675365905109,0.09240889379055027,0.09716173328295283,0.07894766736213146,0.09908519779959635,0.07134792385044268,0.13861316558328096,0.09685169162027338,0.07286618290411156,0.1408335748387109,0.11188396896794953
123,123.0,123.0161768344173,0.09232988531262483,0.09584940943881912,0.07912162497347194,0.0998084129249523,0.06982140394500425,0.13928816061680327,0.09697033193617721,0.07291807796997282,0.14157044191737275,0.11232225096480142
124,124.0,124.01549592390272,0.09188109900989776,0.09344237231924772,0.07949482960213732,0.10016860016493184,0.0726045087558331,0.13842654421689152,0.09663809546116953,0.07442734225966086,0.14138790449841224,0.11152870371181803
125,125.0,125.01472814520056,0.09180150753695569,0.09359052954361696,0.0795530354390771,0.10007499410892742,0.07354854120384997,0.13731134123560185,0.0962506331878066,0.0751977296429397,0.14140921520316085,0.11126247289806374
126,126.0,126.01388986291661,0.09069969486420588,0.09458592100669469,0.0797239433178059,0.09962337405606869,0.0722691837682532,0.13624207099194738,0.09683581100389115,0.07656934048759827,0.14220090135146957,0.11124975915206514
127,127.0,127.0129965102319,0.0886315238114914,0.09504786031522101,0.08024180728251866,0.0991332942041685,0.0702523914659724,0.1385187149041398,0.09647820861919844,0.07704414258692259,0.14396413350725487,0.11068792330311218
128,128.0,128.01206252771334,0.08953126296381397,0.09575431525561869,0.07991408728515531,0.09780939716454651,0.06932098114944993,0.13844403221275306,0.09620138115174687,0.07881537971479388,0.14393118195944396,0.11027798114267766
129,129.0,129.0111013181695,0.0914902925221,0.09498408865108192,0.08133223944449929,0.09706929145037917,0.06839115605406407,0.13956513272688253,0.09665072038504063,0.07762926877195096,0.14401900712437343,0.10886880286962786
130,130.0,130.01012521639834,0.09077083044128895,0.09391732556038776,0.0815848364759249,0.09655712926956568,0.06831962872708873,0.14007109503861273,0.09716866350749227,0.07734177725156208,0.1452900578615769,0.1089786558664999
131,131.0,131.0091454726403,0.09118005919125438,0.0931449311975072,0.08171182555083413,0.09622705886555658,0.06859678992279764,0.14029482477647304,0.09705638597585038,0.07747109172787368,0.14567646521253447,0.10864056757931839
132,132.0,132.0081722485317,0.09111000377015323,0.09478755152360158,0.08276511929455146,0.0952240453116905,0.06821873601336004,0.14049411185501745,0.0967604526256922,0.07681860556773086,0.14333440859448726,0.11048696544371531
133,133.0,133.00721462434865,0.09207152782059044,0.09510382866230446,0.08255511478021445,0.09577367669607614,0.06793017889056112,0.13984765606831712,0.09704118726772698,0.07603901881276859,0.14354325001620208,0.1100945609852385
134,134.0,134.0062806163404,0.09260631495669203,0.09304141494889175,0.08348617238700683,0.09409683443768656,0.06828707421986165,0.14069775186169986,0.09707124737241507,0.07541581653899126,0.14392300768953065,0.11137436558722426
135,135.0,135.00537720296956,0.09444122729694127,0.09264131556539863,0.08305882588574441,0.09426737806379612,0.06864608891335966,0.14067843673763783,0.09659849804063231,0.07589621168691478,0.1422806591760647,0.11149135863351016
136,136.0,136.00451035890612,0.09614333104869192,0.09376260497761417,0.08368864792329302,0.09261309289130622,0.06905186720057815,0.13942921087256127,0.09562734340818738,0.07638449090729044,0.14141544231281922,0.11188396845765805
137,137.0,137.00368509565993,0.09649562847881771,0.09421801101313038,0.08424610291240878,0.09300148636882544,0.0701611661516456,0.13713244503554256,0.0963374054665832,0.0770356061480791,0.13973459350701384,0.11163755491795321
138,138.0,138.0029055077818,0.09824259648526874,0.09389511560233418,0.08341076610803844,0.09301666458910843,0.06866551387529495,0.13754637961009125,0.09720104517088153,0.07692093551971259,0.13960071648893332,0.1115002665503364
139,139.0,139.00217482361367,0.09884129481100984,0.09352455006644542,0.0835263702340119,0.09169095132433755,0.06921623458228796,0.13727862317062445,0.09795537674808498,0.07684684590784409,0.1389661968245557,0.11215355633079797
140,140.0,140.0014954596262,0.09886528118616374,0.09301772367724255,0.08308421603929989,0.09277578892982508,0.06886630729347626,0.13759789017038299,0.09832378033414108,0.07858455620039768,0.1384016915064989,0.11048276466257169
141,141.0,141.00086907744122,0.10047236389899093,0.09089199300154628,0.08240848579795908,0.09348358297132683,0.06932761872039063,0.13727679680516777,0.09873556708414682,0.07768669910999301,0.13891039417671242,0.11080649843376605
142,142.0,142.0002966427003,0.10044239546064627,0.09076592368826557,0.08151215503367197,0.09327056175588759,0.0694461972960282,0.1371268179032154,0.09922773834982829,0.07789642158857481,0.13848307987682418,0.11182870904705759
143,143.0,142.99977848500652,0.09996309563725508,0.09097093985345855,0.08168519107632752,0.09216028201008444,0.06993480604550979,0.13709663869798977,0.09891407393156759,0.07826204810137467,0.13816817223993147,0.11284475240650096
144,144.0,143.99931435823203,0.10088572414279211,0.09156001068582384,0.08267015521427398,0.09247584275342093,0.06905533099666218,0.13640261947765558,0.09893933716593088,0.07740817979292851,0.13794319103819952,0.11265960873231236
145,145.0,144.99890350055264,0.1004337436377861,0.09263465061478782,0.08398893457698234,0.09391605717435467,0.06719664784218186,0.1363058717832104,0.09857413522402957,0.07686599860457691,0.1369909720315497,0.11309298851054052
146,146.0,145.9985446936357,0.10112329598264895,0.09316413907848925,0.08218963487005873,0.09417767916232979,0.06780859559045939,0.1376669755786296,0.09691045087495237,0.0765358058102475,0.1369954779744632,0.11342794507772104
147,147.0,146.99823632047406,0.10087072249625352,0.09371769448163715,0.08240439341466751,0.09427452696895543,0.06756840327326682,0.1371996991570557,0.09555421015435185,0.07585188441468554,0.13769503156161034,0.11486343407751594
148,148.0,147.99797642142389,0.10111279337060868,0.09374110523313614,0.08194366274976983,0.09451740949173867,0.06659885491767555,0.13706735101188888,0.09612068235049279,0.07661642372104684,0.13786271073417208,0.11441900641947039
149,149.0,148.99776274806447,0.1018057289913618,0.09391794615394589,0.08200708661941865,0.09418648830740037,0.065852268070336,0.13729695071169118,0.09563534573154645,0.07672852579041559,0.1379104619011204,0.11465919772276352
150,150.0,149.99759281456036,0.10018481373032723,0.09438778596418579,0.08339169405901263,0.09456337283673708,0.06453686548717358,0.1389326267963635,0.09612604966908514,0.07471433436120498,0.13890007526495377,0.1142623818309562
151,151.0,150.99746394626104,0.09982053565569897,0.09292147922834838,0.08348388713960772,0.09685862546951564,0.06366553667417665,0.14020198469120632,0.09667975643384971,0.07404269129274242,0.13931621381846301,0.11300928959639103
152,152.0,151.99737332532905,0.09897983723977669,0.09237804431081438,0.08257160176699306,0.09827951879843838,0.06307464843143909,0.14084219708602833,0.09844923885583041,0.07350971287043238,0.14068509755744402,0.11123010308280318
153,153.0,152.99731803323698,0.09924600295368217,0.09136100253052233,0.0827161310879907,0.0977943036601295,0.06325619007664948,0.1429624869434677,0.09930249355681708,0.07153132144596418,0.14072722044603836,0.1111028472987384
154,154.0,153.99729509002177,0.0986622560433403,0.09100715303233048,0.08417998425428243,0.09669420387752911,0.06247407738841251,0.1419323502229709,0.09920653764490522,0.07277973990077852,0.14128254185888245,0.111781155776568
155,155.0,154.99730149022784,0.09754741317799434,0.08916211084831921,0.08593125744380237,0.09609588870353544,0.06195832470299042,0.14192179543156466,0.0995585217474846,0.07290894229071368,0.1430727063184797,0.11184303933511544
156,156.0,155.99733423551103,0.09575127612780023,0.0873154381809516,0.08593511467804966,0.09662570806811428,0.06366567531169606,0.14282779704995813,0.0972922554397078,0.07292481209326829,0.1432986724918535,0.11436325055860033
157,157.0,156.99739036391077,0.09471040101803523,0.08752415979895242,0.08656143202384288,0.09704679747839368,0.06446832503059875,0.14273135714008003,0.09629335849561786,0.07151318563171358,0.14365126019662217,0.1154997231861433
158,158.0,157.99746697583146,0.0952944286889485,0.08742462927270166,0.08738110570831435,0.09691122343689446,0.06515856549741006,0.1408129403948024,0.09646887353803714,0.07142745890737837,0.14274844044358176,0.11637233411193112
159,159.0,158.99756125680176,0.09668210609421683,0.0882601044370361,0.08689302390660252,0.09643396809464011,0.064694625461988,0.1403612288835568,0.09536673213902797,0.07068657518340328,0.14309003589729943,0.1175315999022288
160,160.0,159.997670497107,0.09636175442487456,0.0893042380635623,0.08722343481273967,0.09953698636976255,0.06364974385291025,0.13992994503992864,0.09552229539112728,0.07031922786140084,0.14135343540158585,0.11679893878210788
161,161.0,160.99779210841066,0.09622857315818213,0.09031745722447684,0.08978724805674715,0.09999968578335111,0.06467288767687657,0.13872314811294315,0.09388795218189962,0.07065610550575699,0.13929647985489266,0.11643046244487362
162,162.0,161.99792363749984,0.0960170427579814,0.09202153882783143,0.08945988457228796,0.10016303693490103,0.06285702434457309,0.13794261143161013,0.09439795480781334,0.06890626964484392,0.14006746138754272,0.11816717529061488
163,163.0,162.9980627773051,0.09497676296407248,0.09243284530697679,0.08816124637504161,0.10044910121339261,0.06272950581981195,0.1393469206476326,0.09251612373415741,0.06760043634532348,0.14184476439495589,0.11994229319863507
164,164.0,163.9982073753568,0.0943167874487485,0.09542442850971748,0.08764661752960076,0.09909469268253837,0.06208795179878497,0.1403079256468029,0.09206869440021793,0.06734685976222421,0.14075294040755584,0.12095310181380892
165,165.0,164.99835543984977,0.09339806284990358,0.09575325516529791,0.0871932695884884,0.09730975729183206,0.06262168161017587,0.13971447617398408,0.0915841748890539,0.06724586514290862,0.14225072839407896,0.12292872889427647
166,166.0,165.99850514349492,0.09419870062419974,0.09677710497258861,0.08654060238102516,0.09889104627464862,0.06050969669118308,0.13916723251981955,0.09129286853334896,0.0671811882720231,0.14387148851552184,0.12157007121564121
167,167.0,166.99865482534062,0.09700282442170802,0.09625296169801262,0.08720092738352757,0.09846643814224208,0.06110747713127533,0.13925052347985817,0.09041740808741279,0.06720405622355799,0.14325602619947525,0.11984135723293007
168,168.0,167.99880299074837,0.09854897022740852,0.0957757489818113,0.08619362967268543,0.0980705727437178,0.06175424216029578,0.138458792824927,0.09268164125758349,0.06574490168625424,0.1425545430576336,0.1202169573876827
169,169.0,168.99894830970783,0.09873351448049783,0.09671959878625133,0.08743258154611798,0.09831393713050662,0.061772228255473495,0.13748447843918513,0.09250678648992153,0.06427299705036744,0.14263496751588695,0.12012891030579158
170,170.0,169.99908961367427,0.09797404813226541,0.09676740827135843,0.08640993774239802,0.09867379184782381,0.06082139436900655,0.13869450391598145,0.0929215229794988,0.06454459131960039,0.1432519817775961,0.1199408196444709
171,171.0,170.99922589110733,0.09794146229703383,0.09737962370779726,0.08687160843792187,0.09773562274868156,0.06191017578668806,0.1370492009911648,0.09490295508514864,0.0651139749389146,0.14196016906302936,0.11913520694361984
172,172.0,171.99935628188598,0.09832280476310237,0.09865349413670593,0.08624882865742242,0.0989273982406565,0.05983169901460461,0.13742205219340736,0.0936356376724994,0.0649843789588402,0.1421221776692392,0.11985152869352181
173,173.0,172.99948007076793,0.0968178390707031,0.09858366345555325,0.08519821198145426,0.09875492445476618,0.060157582985001824,0.13897894572335098,0.0943364111559727,0.06387939462858885,0.14425254713519076,0.11904047940941792
174,174.0,173.99959668005403,0.09624077802556567,0.09766449219527848,0.08331902351750944,0.10068168903273084,0.061141607073667906,0.1385382774380973,0.09510733774250082,0.06268288120453404,0.14547280802430124,0.11915110574581408
175,175.0,174.99970566161096,0.09808113822118242,0.09733316829399626,0.08417249948978883,0.10103598682635338,0.061524798021417464,0.13863040731287626,0.09442819579328918,0.061922716546494574,0.14440653442487267,0.11846455506972878
