,Unnamed: 0,Generation,Intertwine_two,Add_vertex,Delete_vertex,Invert_path_vertices,Insert_inside_vertex,Delete_inside_vertex,Replace_inside_vertex,Donate_between_routes,Trim_one_terminal_cb,Grow_one_terminal_cb
0,0.0,0.0,0.09999999999999999,0.09999999999999999,0.09999999999999999,0.09999999999999999,0.09999999999999999,0.09999999999999999,0.09999999999999999,0.09999999999999999,0.09999999999999999,0.09999999999999999
1,1.0,1.0,0.09916831256769527,0.10043600630863211,0.10262730304356031,0.09596375610590706,0.09395947676738477,0.09629904763900424,0.10116520839478642,0.07128862034829143,0.12722277029013,0.11186949853460786
2,2.0,2.0,0.12956959958936354,0.08241319574609565,0.09436393769003992,0.12500132072273729,0.0885896892497027,0.10970206788060488,0.08961444416530208,0.06803125781953337,0.10759489605496016,0.10511959108165998
3,3.0,3.0,0.10886699395305485,0.09721794629277201,0.10044288209382898,0.09187369148420191,0.08146016084126093,0.09647326053976535,0.0914707241605627,0.08737206287551667,0.13243470796551543,0.11238756979352064
4,4.0,4.0,0.11306223810320312,0.08582313087582424,0.10736132085591547,0.09814504349923729,0.0858373443040013,0.12536220552295088,0.10276941714892703,0.06576828450669661,0.10909011998439859,0.106780895198845
5,5.0,5.0,0.0944814804398498,0.10286685289065708,0.09713121185240972,0.10701923163017084,0.08688631973578397,0.10528722620553828,0.07775570097437808,0.07899714775884221,0.13810934274997272,0.11146548576239672
6,6.0,6.0,0.11500359152926495,0.08401320409812574,0.09937142380861982,0.10996618173541925,0.07122476917489876,0.1019054903329423,0.08305693478748533,0.08414732380243983,0.13462332022862517,0.1166877605021784
7,7.0,7.0,0.08956487816310407,0.09111673116950608,0.0815531023978905,0.11520706814327826,0.0842429830690706,0.12463568464186822,0.08512487728737554,0.08488719283909066,0.12173545572341667,0.12193202656539895
8,8.0,8.0,0.11542674455064336,0.09204483284152962,0.10260460615056902,0.10571451005580408,0.09614646233241732,0.09316490247345258,0.0836009625977103,0.06623551751201007,0.11588765792994568,0.1291738035559175
9,9.0,9.0,0.10907030871960093,0.11062443315727097,0.09941198112323474,0.1045764841221577,0.07468025481552462,0.10220548720064786,0.09090922697198106,0.0741502495319427,0.12280287153622989,0.1115687028214091
10,10.0,10.0,0.1274013006707282,0.0954911502096438,0.10418896610020503,0.10929888269924008,0.07122245999817704,0.11476816245730133,0.07993400555871667,0.06797314701242105,0.11957282613913085,0.11014909915443558
11,11.0,11.0,0.10067202358741215,0.09502354362621683,0.10297644981385567,0.07473828878491683,0.07693469252558638,0.10724778540655584,0.10714137395031183,0.06761078199595436,0.13506682713740728,0.13258823317178248
12,12.0,12.0,0.11595645163629031,0.10593700022415012,0.1054960787948025,0.1030594732808996,0.06004590771170898,0.10123041785888864,0.09165431000608151,0.07611581681375423,0.13640841714591861,0.1040961265275051
13,13.0,13.0,0.1043243491887738,0.09003704295094131,0.10498802855142644,0.10904853918805328,0.09121372404189625,0.0789450559025846,0.09642430605354631,0.06164292861069909,0.13758410448171327,0.12579192103036518
14,14.0,14.0,0.10948233670035071,0.08995478745591051,0.10671095519847384,0.07799873006391037,0.07990891504092125,0.13402545172734387,0.06363424163398375,0.07918899266374477,0.13392661892600013,0.12516897058936038
15,15.0,15.0,0.10246938066181381,0.10626256188133724,0.12946941033182457,0.10367411955684336,0.06951633563217018,0.0865272996863046,0.07679212617081219,0.06583747222410975,0.14915480581582202,0.11029648803896186
16,16.0,16.0,0.10134624517488582,0.09042470653324072,0.10796286432564717,0.09317896749841587,0.08708602275903302,0.10884635084958938,0.09237852924541322,0.07331563604059063,0.1428110839469765,0.10264959362620721
17,17.0,17.0,0.09207885058809123,0.09279649965982266,0.09724487607044804,0.10532535109002161,0.09083290542380942,0.08935560027707622,0.08955159197204489,0.07205217460803552,0.12656408487216408,0.14419806543848582
18,18.0,18.0,0.09007139115749618,0.11144339232876957,0.10616176974029701,0.10029563461191252,0.061920153161320615,0.11052469896945612,0.10180158545520242,0.06473075873692807,0.14075358280461034,0.11229703303400682
19,19.0,19.0,0.09882532904414912,0.08627875290713126,0.13509215584599946,0.11674260983960423,0.070912420011768,0.11340908312266802,0.06667532982118388,0.055767675679254336,0.1423525728654182,0.11394407086282314
20,20.0,20.0,0.09893068519084357,0.10147688087663705,0.11998839366979112,0.08453192258674169,0.06141416702396887,0.1286019566903701,0.06470078837412595,0.0720413059992986,0.13791354620220958,0.13040035338601302
21,21.0,21.0,0.1246301484017048,0.08277906578731233,0.08247162417073908,0.11613999690729673,0.06529300395145053,0.11729976401629061,0.0556960389627119,0.07968755119518363,0.1311885126698736,0.14481429393743644
22,22.0,22.0,0.10287909526052293,0.10990560735847703,0.09955029403662696,0.10041500364908469,0.08324745700536199,0.12289038126321758,0.06432933338099309,0.06752793526746434,0.1359747532278067,0.11328013955044433
23,23.0,23.0,0.11841806161500153,0.08093885549562828,0.12317686507966714,0.09953758999689165,0.06641291361574782,0.10739323910825124,0.10740742298900427,0.049186792294617566,0.1344999782870982,0.11302828151809197
24,24.0,24.0,0.10572684082081822,0.10685873110093427,0.11238322203205801,0.09218239084123724,0.06792893377388838,0.09552006079355739,0.07605603870498462,0.07834750981796694,0.15313568475032052,0.11186058736423407
25,25.0,25.0,0.08905994446537595,0.0920567411881102,0.14622376607538573,0.09722677499127834,0.04983692743137582,0.11205209420563308,0.090314547052074,0.07330505918221622,0.11590953678241338,0.13401460862613687
26,26.0,26.0,0.09258323308671497,0.09753092329732041,0.11023981049189453,0.13203755913657272,0.09193180135935863,0.09265511310720594,0.0724034542852899,0.06099187384858555,0.12387440370223382,0.12575182768482315
27,27.0,27.0,0.09845697982248881,0.12440728101163337,0.09902916278830498,0.11154619086894746,0.06195744436194306,0.11730636303951188,0.056992666535886916,0.07488040158032597,0.1265828310163841,0.12884067897457305
28,28.0,28.0,0.08911480477693838,0.08873930995424947,0.1071199846533267,0.07937085155514592,0.08484107311835841,0.11668869241273894,0.07273352135500363,0.07163183896237335,0.16544513038380806,0.12431479282805677
29,29.0,29.0,0.09230605975065334,0.13230547731516853,0.10542226111609194,0.09880917272261155,0.04915219450855094,0.1277871484484424,0.06643076017585321,0.08683427138065491,0.13812284867050495,0.10282980591146784
30,30.0,30.0,0.10329131119584804,0.10729814973275557,0.09053454033256478,0.10426158926004851,0.10080392367719522,0.09933089366506287,0.05238115502670375,0.07166166404375326,0.13975993309442628,0.13067683997164142
31,31.0,31.0,0.10670442078734592,0.08200506333697853,0.10176434692747094,0.09805323136644256,0.07839212383336051,0.11799220763013638,0.05877638213610087,0.05611696389873057,0.15409505788150382,0.1461002022019296
32,32.0,32.0,0.11168571190062182,0.09844586330777302,0.11087615855274438,0.0834377380004414,0.1160114846791864,0.13137310256148846,0.06543478238165833,0.05021525188122079,0.1252807664741559,0.10723914026070917
33,33.0,33.0,0.09002129380135121,0.10804580641998487,0.12529210948509803,0.10604103152874071,0.06740892759744399,0.09923977872645603,0.08672840079370818,0.05047864270382274,0.14552400116743636,0.12122000777595757
34,34.0,34.0,0.08202836156783912,0.1317655036265277,0.13032510426796262,0.10671256126738815,0.05794752217786322,0.10183558851445255,0.06785112467873648,0.04380994160503933,0.15912579805510585,0.11859849423908464
35,35.0,35.0,0.08581174520862192,0.11099513880520932,0.15273817393395578,0.07233042879306775,0.09031125064542285,0.13901237557654728,0.06427580874110748,0.04858227542041096,0.11516553762365392,0.12077726525200241
36,36.0,36.0,0.09446615571575138,0.09527880429476447,0.1264071534097091,0.10502297009923371,0.09995954381934605,0.1196341689763634,0.06640031908349331,0.05422586700394516,0.126684451143032,0.11192056645436102
37,37.0,37.0,0.08157978250826925,0.09195581911209315,0.09938061348126331,0.1122746543875049,0.08654433422447667,0.10095860510646806,0.09581668998325661,0.054733899249679044,0.14859548536062211,0.12816011658636647
38,38.0,38.0,0.09521547720631954,0.09512395720627216,0.1293708514369289,0.0933488839200655,0.07819095596441786,0.13517616413422628,0.0721320699027512,0.055610231937355384,0.10783632390241553,0.13799508438924724
39,39.0,39.0,0.11227847082681511,0.1372297827453451,0.12218254044977409,0.08349134989871793,0.07751880578043455,0.10295690671793997,0.04053201817822223,0.04228115343943869,0.13071279852298537,0.15081617344032663
40,40.0,40.0,0.08126475309348516,0.1137291467220233,0.15062360149204038,0.07995064769050583,0.0692860721901216,0.12193703741583364,0.09002924332181131,0.05666008243462532,0.1269920917738128,0.1095273238657403
41,41.0,41.0,0.0904595766543253,0.09243077644264586,0.11400815378399846,0.10547699702844127,0.0750307381719918,0.11477818114799591,0.06384976573256732,0.04841741941700721,0.1700118267244776,0.1255365648965489
42,42.0,42.0,0.06361880450958048,0.10064850640132969,0.11309367396929267,0.09727972660020316,0.0732201381705779,0.11122539460791754,0.09518857907583116,0.05036404704345106,0.14361205350452355,0.15174907611729244
43,43.0,43.0,0.09627017669076511,0.08872886395375426,0.11750697654122515,0.10692069531751629,0.07512041341160276,0.1360940638652677,0.06723580211500475,0.06116615204868353,0.1348972529212978,0.1160596031348822
44,44.0,44.0,0.11595659115787882,0.09677292241914832,0.1357316251988799,0.08666449846616418,0.055827666462237045,0.10113945927767534,0.07429684093130737,0.06229405494630648,0.13607549505180078,0.13524084608860143
45,45.0,45.0,0.10734620076173504,0.0987038368659926,0.11508787748426375,0.08878587054477693,0.053080017083219376,0.12759002813372625,0.07926570746821393,0.06925184874643113,0.13447830743255823,0.1264103054790825
46,46.0,46.0,0.0952687792276774,0.1098646499786928,0.12944057013470997,0.0774570586172892,0.06706525540563332,0.09450853501273013,0.09588011585291953,0.05151736365539218,0.15361779972928588,0.12537987238566922
47,47.0,47.0,0.0778785571400501,0.10984399382174359,0.1321991004288577,0.09196133079267563,0.08798030982706759,0.12051432480803341,0.0776841057185786,0.04307954140029167,0.13148416141595104,0.12737457464675028
48,48.0,48.0,0.07832444706976267,0.09550532759581716,0.12425559508224615,0.0946371121994905,0.08504906996583192,0.11650422132574881,0.06798520320793926,0.0906321230374255,0.11781102413596145,0.1292958763797762
49,49.0,49.0,0.08238552858879639,0.10933266689789796,0.1296916371951273,0.09837796317313022,0.07778064282559696,0.11885937650270526,0.06277309294717932,0.06726269624457745,0.1382424596303054,0.1152939359946833
50,50.0,50.0,0.11498943755904764,0.09633627299089179,0.12179731301432373,0.11755057857689988,0.08337948948772878,0.10780331627011479,0.0682744001337552,0.049599560623927556,0.11483476424028247,0.12543486710302776
51,51.0,51.0,0.09287572971049328,0.0968134277186942,0.10163521689661174,0.09928938165653588,0.050919056551130604,0.11060204170556849,0.10280809696533388,0.05549952493519709,0.15959636871703434,0.12996115514340015
52,52.0,52.0,0.08569798186770967,0.1059563824828964,0.10051969485380574,0.09834119965022084,0.0654070346109465,0.10671037120477386,0.04787433727964297,0.08790830792003321,0.16781550150900354,0.1337691886209669
53,53.0,53.0,0.12329033233571036,0.07753449705472927,0.12226216324072152,0.10279642441403303,0.0675160392221803,0.09714695880773708,0.08620608445452008,0.06257490605150201,0.1446202199090645,0.11605237450980148
54,54.0,54.0,0.09503797124088642,0.08788532589208356,0.12184301856819438,0.09164813227176484,0.08631411097496336,0.08434696423087397,0.08459678549903552,0.05733923524477891,0.1765818991709348,0.11440655690648398
55,55.0,55.0,0.13550597505504433,0.09814645735229434,0.12023376364538092,0.0848351483068763,0.0705676364855141,0.1252814642992026,0.08452495889048105,0.04643263844753145,0.14597333436092857,0.08849862315674607
56,56.0,56.0,0.08082289739694021,0.08926607782696173,0.1364000953739127,0.0859665236759634,0.051593704125489734,0.1199428434080347,0.06213156300793703,0.07113532666984093,0.15826576916662746,0.14447519934829173
57,57.0,57.0,0.08519405400510094,0.09336225572153382,0.13266754148233956,0.10086569572732798,0.05194505295504861,0.12420952385928485,0.08131126917038627,0.060836248997091044,0.13033959726667993,0.13926876081520662
58,58.0,58.0,0.08149074014515911,0.11136913633461046,0.1238741283076954,0.09680945920508559,0.05135189448192549,0.10207268888861669,0.08199991375119473,0.08480839904775642,0.15865420423005142,0.10756943560790436
59,59.0,59.0,0.0852659724864837,0.07941076728219705,0.120397075325437,0.09706895532880211,0.06219879573478979,0.10902536661774567,0.07006667004905691,0.06421397427129298,0.18993283797928573,0.12241958492490872
60,60.0,60.0,0.05595630478082318,0.14871291634362016,0.08371239897518853,0.10209430268591184,0.08660164765798575,0.11431110206174859,0.07061251248473331,0.050465770090772785,0.17191190949787735,0.11562113542133809
61,61.0,61.0,0.10087046234300875,0.11072508709376092,0.10188039465187375,0.09011511921485223,0.07088721080485802,0.12963487910139054,0.0949388476455669,0.03869558622781738,0.13089059961032812,0.1313618133065431
62,62.0,62.0,0.07697566632643024,0.12515258379235739,0.100647085339066,0.1022604432873269,0.05889125477434366,0.09209129330386998,0.06607095769611243,0.10608944261731088,0.15899434635331514,0.11282692650986717
63,63.0,63.0,0.06456755237147667,0.10253988774881564,0.16407148764129817,0.1027980847059328,0.06509230565866704,0.08980820892829013,0.06717332065303394,0.06918612361446899,0.15136414206439594,0.1233988866136203
64,64.0,64.0,0.07261183995879249,0.1400462981433395,0.15805688014739944,0.0931046719645257,0.06552417874326025,0.12281592304486136,0.04503534519101317,0.037519499018870896,0.1550029499701691,0.11028241381776782
65,65.0,65.0,0.057183812174569526,0.09841429899283985,0.13801363676903422,0.07172891235490793,0.08729278531211118,0.11098764482015369,0.0764575457731086,0.05521667499426071,0.16720761352546593,0.13749707528354801
66,66.0,66.0,0.06309376043552954,0.12202272846671924,0.12025897887360504,0.06615073675952296,0.0609760190208893,0.13005272173900212,0.060416004297498174,0.07380277572139025,0.14249330762457668,0.16073296706126627
67,67.0,67.0,0.10218671443155494,0.0798447815709167,0.13900734981249574,0.10138838781402168,0.04020736203588009,0.1203081756842771,0.058379622479885616,0.05557483576658391,0.14944716754113366,0.15365560286325022
68,68.0,68.0,0.0746303596941685,0.09996155086887895,0.13885218768052981,0.12501166631076807,0.07732038576797139,0.12868414515223514,0.05399261395809215,0.03867032929761941,0.16021357586980933,0.10266318539992694
69,69.0,69.0,0.13408861863967497,0.1125106738712893,0.12198266352085349,0.07165576772012319,0.06862419338774238,0.09209965213981132,0.06448669985699135,0.07201920626485166,0.13568650017715078,0.12684602442151127
70,70.0,70.0,0.09766979067205195,0.10368491856266918,0.11446667445181184,0.0764609232938008,0.05111137917308713,0.09656248206473608,0.05506125799202634,0.06662429387781954,0.16725414646162415,0.17110413345037273
71,71.0,71.0,0.065826486374507,0.12219548159331772,0.12597508226952164,0.08159363650130588,0.10993541848330149,0.08823239111550782,0.03476323361576302,0.06173855772889012,0.17060692987650816,0.13913278244137678
72,72.0,72.0,0.11520408921596503,0.09292277316868844,0.12237123775824235,0.08482783881460962,0.0827285003365659,0.09119653974737342,0.05810681102111205,0.055014972773166915,0.15701679422702447,0.1406104429372515
73,73.0,73.0,0.06455442299302544,0.08810590332713478,0.16895676134695992,0.09993095767643465,0.07412260165373896,0.1359816577989587,0.04713931069170463,0.057503517123222304,0.1614642414787691,0.10224062591005127
74,74.0,74.0,0.11811661249359429,0.09297796504058414,0.14974898648072751,0.07261685954799295,0.07750929111453993,0.1051550485860984,0.06134938988455833,0.07114323068970237,0.16060944866606552,0.0907731674961363
75,75.0,75.0,0.06252860969740119,0.13719384949793217,0.11962936852916028,0.08769054464832515,0.05425795224464634,0.10111463820226105,0.09213095975223681,0.05569694564723125,0.15817286336684044,0.1315842684139651
76,76.0,76.0,0.08429364089354899,0.08459033016550403,0.09577827173820593,0.13870093234926298,0.05382126472202372,0.11495535248100616,0.09978491338017721,0.056258583351247726,0.15140970409061652,0.12040700682840641
77,77.0,77.0,0.09235933126664894,0.07758733076847082,0.12347603707142658,0.06724480535808017,0.06525358528654594,0.12582415867406327,0.04461253194393931,0.08401084321507574,0.166463974735573,0.15316740168017579
78,78.0,78.0,0.06737449202145208,0.10647995272331842,0.1359669556234813,0.07885298009725063,0.09505295604547251,0.10137478272560652,0.06929027260109949,0.07494704373361333,0.14568680258989203,0.1249737618388134
79,79.0,79.0,0.11714852153421293,0.08643824151927534,0.15373570005900006,0.07385013755436391,0.05638171518174678,0.08897688125798406,0.07095898472931109,0.04965651315907066,0.1881590303339137,0.11469427467112117
80,80.0,80.0,0.09267914176660212,0.08828599829079875,0.12026034682149549,0.10547677042053556,0.04178765445718012,0.12589946827885362,0.0833521183286277,0.0699699915013757,0.13845510946882789,0.1338334006657028
81,81.0,81.0,0.07760942952236684,0.10787726766642422,0.13137829445493815,0.12979408300897072,0.05682133119965207,0.08053022349771265,0.05141901822705054,0.06198684544171905,0.14639728701815005,0.15618621996301546
82,82.0,82.0,0.1283068233184313,0.12065826561468851,0.12603904169028962,0.05969284229513731,0.10481803089788526,0.08880852632956396,0.0590473430211458,0.041150148082812935,0.14439409785068918,0.12708488089935577
83,83.0,83.0,0.10023257367255194,0.09576486127236729,0.12290385980673904,0.07954589365002672,0.046647938771881746,0.1221978211613542,0.07857138301468367,0.0638308293396809,0.18197175914706248,0.10833308016365177
84,84.0,84.0,0.1253185816891667,0.1025079599035518,0.17972338068090027,0.09243946428491816,0.05387462966935993,0.09299504289887159,0.05418154636892329,0.058700591492829024,0.16159415282368955,0.07866465018778938
85,85.0,85.0,0.10025088095776395,0.14681293505662946,0.1281811689653329,0.059529143238659744,0.07351887359278789,0.06429030503785764,0.047099070809079865,0.057057448012295675,0.15877364640361896,0.16448652792597368
86,86.0,86.0,0.08004911296115703,0.12464076009846525,0.15752345343258745,0.09936173923715444,0.06451335137027844,0.07889759635058519,0.06524319376487801,0.03661391407238146,0.15429642553401887,0.13886045317849358
87,87.0,87.0,0.11017876201968158,0.09367710867740722,0.11761064080951669,0.08744342371900345,0.1048076112678001,0.11675061295154014,0.05903999195827814,0.038820832012182796,0.162979213908195,0.10869180267639453
88,88.0,88.0,0.10046993401211708,0.1007273305487314,0.12835750006701357,0.08406878217176064,0.05787393540284151,0.11673803356592058,0.0817088349399727,0.04136524781999669,0.15165725222045962,0.13703314925118593
89,89.0,89.0,0.0739395793450596,0.09912127319693913,0.15700568436588433,0.10282423121096504,0.0563265595919357,0.11173834313287989,0.04373960048087446,0.036567873857611635,0.2011668007274547,0.11757005409039525
90,90.0,90.0,0.06589808333423174,0.08922585609467762,0.1479161899748365,0.07091740523855364,0.09377450488054788,0.10814254685931776,0.06185080657407573,0.05912013010734274,0.18178982629716894,0.12136465063924722
91,91.0,91.0,0.05828070636338043,0.07811434442981204,0.12325136402973424,0.10874575706856604,0.0742884100896211,0.12971168094807997,0.05531178184598366,0.03640743289745354,0.1893176587973849,0.14657086352998375
92,92.0,92.0,0.14541704695394206,0.11922647863712685,0.09528558471511514,0.10147818161352576,0.06691415721610408,0.08302110891685469,0.055845504974723445,0.044637218201928494,0.14670955592614796,0.1414651628445313
93,93.0,93.0,0.11058179517451552,0.09270188512391767,0.10593212087030765,0.09958735883804784,0.07059983528180078,0.1175545350457056,0.07105679386571379,0.055442555687042414,0.13303947493690244,0.14350364517604594
94,94.0,94.0,0.1125334338295508,0.11546908384162013,0.12871050848701698,0.03946632737305723,0.06595554718644822,0.11097718652819015,0.05525975332791393,0.051592102150005203,0.17292824449803207,0.14710781277816506
95,95.0,95.0,0.1048828524724333,0.104414316189923,0.13779021717694614,0.09064155061524895,0.06003474964306686,0.08402315944684412,0.03326983013171002,0.03801126715135557,0.2257857112959114,0.12114634587656037
96,96.0,96.0,0.0887269415699188,0.06763539873944582,0.1223297390803739,0.039837746266245685,0.06748240178299096,0.11707781273711607,0.07864936135516784,0.06103652521603895,0.20260933168430925,0.15461474156839256
97,97.0,97.0,0.07107594634319189,0.09518422637097945,0.1355588534677566,0.10688941269857713,0.031943625634213636,0.11450965994965281,0.07258124350629688,0.06830350435480488,0.1413375544403563,0.16261597323417015
98,98.0,98.0,0.08618840230380212,0.07953248904696104,0.10613372674810248,0.11489872729273513,0.07307400439379089,0.12051502359176502,0.05550345177518393,0.05277235633825471,0.18252814639391704,0.12885367211548737
99,99.0,99.0,0.08593045611004765,0.12519065815469177,0.14594166619878537,0.06337036928788325,0.030000000000000006,0.13957795712915558,0.035809559095961466,0.06485095383248818,0.15120699168990787,0.1581213885010786
100,100.0,100.0,0.09409370396318814,0.10591064970438072,0.11921114145643083,0.05959178930331739,0.04924124703379862,0.12685906258021892,0.04956707868555924,0.0366110758425849,0.19145993504973416,0.1674543163807869
101,101.0,101.0,0.08921354088612328,0.12034436805036937,0.11554842961950215,0.0626159944211119,0.05880489538705885,0.10346449938550602,0.0958856678205756,0.04478297341402635,0.1743629793289938,0.1349766516867324
102,102.0,102.0,0.09508615618321528,0.09786448971698299,0.1404299059707051,0.05520676555938493,0.03311130018001244,0.0922362046967887,0.052136131061996674,0.05581874864721177,0.2104598927950836,0.16765040518861835
103,103.0,103.0,0.11237083130879581,0.13996191084697757,0.11392182098989498,0.039215266072511655,0.05937167494017365,0.17291732434900092,0.034415690000538735,0.052043738051803436,0.13691012917875384,0.13887161426154926
104,104.0,104.0,0.09012922381126778,0.14933160305520948,0.17431615742937218,0.06115582887561657,0.05437546959759867,0.11906073241001554,0.052125746330497616,0.03632478497468664,0.1559391266178246,0.10724132689791063
105,105.0,105.0,0.07074531525240726,0.135207277991455,0.15320745233094338,0.0673565684567469,0.04553440018689405,0.1425800336428838,0.06957558735561263,0.06613114776418373,0.15183981943225533,0.09782239758661777
106,106.0,106.0,0.08577523003736906,0.12130178517388493,0.15621117238346266,0.06271831966529953,0.06934522526679426,0.09891887213683703,0.03354270227572963,0.04132010541167193,0.16277089655193114,0.16809569109701952
107,107.0,107.0,0.07637607999252435,0.16862961996895592,0.1479347774646158,0.08491397420724857,0.07925393550755891,0.11098455660922277,0.03911340569638705,0.057340217089161136,0.13655726983080138,0.09889616363352381
108,108.0,108.0,0.07611690947482998,0.09027480976233636,0.195083141356405,0.0663649322456921,0.059003307554493144,0.1024232828435184,0.08406978880850534,0.06082079618198362,0.10863666182093253,0.15720636995130327
109,109.0,109.0,0.10658264814591445,0.11770695962081942,0.15162890827164194,0.0649433036291732,0.060753032214220196,0.09626054236505636,0.03603921901358766,0.036032163268056326,0.20037449332100316,0.12967873015052703
110,110.0,110.0,0.09387228823003382,0.12297647585370275,0.12113646981551227,0.04011834788866745,0.04186781134659554,0.10952074365747085,0.07023655591937485,0.05640581044480515,0.1707045026296067,0.17316099421423042
111,111.0,111.0,0.07681372617694343,0.11941562238229378,0.14138816550627661,0.07115387226977499,0.05051439653996868,0.11029805743600207,0.07023132443596569,0.033726620397600285,0.1781505986451999,0.14830761620997435
112,112.0,112.0,0.09201049676906904,0.12112079839957521,0.1637538924733331,0.051400906488390075,0.08482732521193898,0.11631189717986498,0.0569527153452863,0.030000000000000006,0.15588360393767753,0.12773836419486462
113,113.0,113.0,0.11083979831717153,0.06383316057684302,0.1108309913055225,0.1172830076380896,0.08061931461835992,0.0757393897029202,0.08438011541397647,0.030000000000000006,0.1989058162163421,0.12756840621077445
114,114.0,114.0,0.09885633738519706,0.08425173913634801,0.09218898044895064,0.0651675925272853,0.0839769534754,0.15964255873901184,0.11182950339500905,0.06941333820307286,0.12937771880972218,0.10529527788000285
115,115.0,115.0,0.09266548242696222,0.12001154054823618,0.12744976928683596,0.08654103998972953,0.06485533011579052,0.11013961018645405,0.05574046592761493,0.07681537023773474,0.14541602912201795,0.12036536215862366
116,116.0,116.0,0.11095929957674089,0.09099625208116732,0.13841672499883056,0.10401232306854855,0.03500556396332235,0.11125471281362005,0.04116630937350535,0.05746273667151599,0.1957194866812964,0.11500659077145226
117,117.0,117.0,0.11425646452571514,0.11664093384344616,0.14244404204052935,0.08392720240458888,0.056953071204249195,0.10642463994677968,0.07479403975665054,0.056135112409605795,0.13377848333968936,0.1146460105287456
118,118.0,118.0,0.07655710754645026,0.14135620845418725,0.12162777274436183,0.08935337604191594,0.042492852469054765,0.13611623913387744,0.03213051123919512,0.10512841249286957,0.15759933614222477,0.09763818373586283
119,119.0,119.0,0.05637385236775131,0.16150506143994223,0.14681795871186748,0.07162075965926443,0.030000000000000006,0.09903064026371522,0.056474957799509985,0.031088229355945896,0.20841568549628411,0.13867285490571918
120,120.0,120.0,0.11878929438129981,0.13006862296437727,0.1447829366693884,0.06543786334410848,0.06857339400687609,0.08391263158143598,0.039454896285576455,0.04374088157702234,0.1743836232445653,0.13085585594534965
121,121.0,121.0,0.05897023669519317,0.12984248012219968,0.1479228417646654,0.09885552859527308,0.03362497884582839,0.06734109156831215,0.0845961645688746,0.034833305127771184,0.21634483620804223,0.12766853650383986
122,122.0,122.0,0.11831289389799751,0.10587585188806825,0.11582650757645303,0.08529384481735185,0.04964745412161433,0.08217623797770364,0.04999837555927137,0.030000000000000006,0.18024628191020156,0.18262255225133817
123,123.0,123.0,0.13172759319116853,0.07047773375482666,0.13913723862707672,0.06759922390332003,0.047132011535870474,0.09975449806770324,0.03604740130586468,0.05037014226766029,0.17604157100302265,0.18171258634348644
124,124.0,124.0,0.11854624401765043,0.13677235614029898,0.15958989484209887,0.09642599178903097,0.07939929338838778,0.07440603462107664,0.030000000000000006,0.045272727272727284,0.13669396019207028,0.1228934977366585
125,125.0,125.0,0.06424366802883869,0.09885000639338479,0.1349844245608452,0.07499351226593855,0.07509893507745524,0.07335013185552593,0.07024237642078386,0.0667282705875534,0.21253702643144531,0.1289716483782289
126,126.0,126.0,0.06965320195486627,0.11986478533782037,0.16113101987739756,0.07254504364705158,0.06558149840920677,0.06650306751572907,0.06968956513275285,0.030965549102428724,0.24010557139793748,0.10396069762480913
127,127.0,127.0,0.08193470835952664,0.10910071952083397,0.18876176413858894,0.07049077978547144,0.04878869387360988,0.10030007599850572,0.06116017911473306,0.042285429866466724,0.15557867007746093,0.14159897926480253
128,128.0,128.0,0.08565799066581178,0.10469731314513031,0.11873468368270998,0.11681478704379647,0.05100614804983701,0.1386714949611338,0.030000000000000006,0.05166040670829745,0.18616958363843833,0.11658759210484475
129,129.0,129.0,0.06973290092593891,0.10891708892849958,0.1240847741842122,0.07390118635823159,0.07169985482002222,0.1301727722945174,0.04022428029457711,0.0745383641942534,0.18430673359823513,0.12242204440151223
130,130.0,130.0,0.0796182703240517,0.13807231446209245,0.1461973151944571,0.09364147213783021,0.09621325914307385,0.10100841205336812,0.030000000000000006,0.05009743922892611,0.18897254716294684,0.07617897029325324
131,131.0,131.0,0.08967703813367191,0.11332775392878583,0.1623582744643505,0.057829625845830665,0.09677155991346857,0.09809444519050992,0.054989509727263665,0.04710228221027287,0.1504312192660516,0.1294182913197942
132,132.0,132.0,0.07463878020320043,0.10852821688477803,0.09589071725962046,0.17477405026450935,0.04467118389392911,0.08096001576332171,0.07109674950847088,0.0491615809660592,0.15143261049626716,0.14884609475984353
133,133.0,133.0,0.07502371817107993,0.1349590045211075,0.14307436172726518,0.11202731442857465,0.050949810648012316,0.08207205162579476,0.030000000000000006,0.041138464849719135,0.18166394851652407,0.14909132551192228
134,134.0,134.0,0.04051468451986131,0.11723800585754333,0.1773264378840124,0.08306486801581205,0.06950830577286492,0.12683562861131736,0.030000000000000006,0.030000000000000006,0.18689091724629542,0.138621152092293
135,135.0,135.0,0.047265151216356084,0.1437967302090983,0.13460177778176888,0.08800594632287585,0.056228109233953195,0.11034609979099033,0.08820616816235202,0.030000000000000006,0.1604862233520517,0.14106379393055346
136,136.0,136.0,0.0835252064725377,0.08494419777704824,0.17003188918648565,0.05868534718811149,0.04980377273929447,0.09940497262768488,0.10173917768305327,0.030000000000000006,0.13685433234232008,0.18501110398346404
137,137.0,137.0,0.1127257896242233,0.08104134268782237,0.1548407612983445,0.0636662993199657,0.047148907632252525,0.1122602206644843,0.0391940662524021,0.030000000000000006,0.178706441231959,0.18041617128854603
138,138.0,138.0,0.06014497102210842,0.11488230002830924,0.11757683277595495,0.05935737387265448,0.06543806972801232,0.09123342514182757,0.06122034408386419,0.050096573825994827,0.24912721371025257,0.13092289581102134
139,139.0,139.0,0.11990255849724554,0.06597449443085221,0.16097045824794848,0.10656311386440749,0.03310304951173548,0.11108924202053964,0.05346542630820419,0.04145297386293477,0.19644196220696647,0.11103672104916547
140,140.0,140.0,0.08495954264952219,0.13218869470173297,0.13247095003236437,0.067083952576897,0.11365555349563353,0.11391558035535287,0.06569919328416059,0.030000000000000006,0.1387686646625322,0.121257868241804
141,141.0,141.0,0.08994510371374802,0.09308367498467769,0.1777850167672038,0.05599216683277512,0.07051865130626038,0.08594607680341368,0.03320886389945428,0.05139242599636183,0.19507741863965886,0.14705060105644613
142,142.0,142.0,0.12942284093943193,0.05769121693653965,0.16284303468423592,0.07677064331727887,0.03655805214526549,0.08219046358684863,0.07486822979320247,0.030000000000000006,0.19926720129242606,0.15038831730477084
143,143.0,143.0,0.059457487034575776,0.10702540645462275,0.21752385900587606,0.07247334177091411,0.04774073712727576,0.15235521578768021,0.03610486277509274,0.030000000000000006,0.14159458327737098,0.13572450676659142
144,144.0,144.0,0.09217487595077493,0.11287677350246039,0.17157428808581496,0.059001225038266936,0.043277568331762495,0.15784015641811158,0.030000000000000006,0.06407283385393817,0.1387167380939078,0.13046554072496258
145,145.0,145.0,0.07191476162715002,0.061528508671131396,0.12861590969493336,0.05966664540743268,0.09087563770679816,0.10930353577657352,0.030000000000000006,0.06386067093273018,0.18403392839330746,0.20020040178994297
146,146.0,146.0,0.05958532910933899,0.1434469999561637,0.12469802666189175,0.04935034977308628,0.04076056490968509,0.07458488456658557,0.041755459960291195,0.03144716599073057,0.2395556332880524,0.19481558578417432
147,147.0,147.0,0.0843963612583665,0.09050229441095821,0.13231268444979732,0.032456871072329495,0.03834114271708886,0.1717369320493549,0.06403436034769613,0.030000000000000006,0.17699519744119352,0.1792241562532149
148,148.0,148.0,0.06727653536544613,0.08850549562466485,0.20595728384743622,0.054624715693707346,0.03612008250150287,0.11782955842786444,0.03412188993603512,0.0430051753156936,0.19925786220072877,0.15330140108692045
149,149.0,149.0,0.09910290830827326,0.09657595069522303,0.21249042151262154,0.05126345730129119,0.048163613123135926,0.12105565371892327,0.06827804241184485,0.03571920890761142,0.1438557950945861,0.12349494892648924
150,150.0,150.0,0.15511504861639955,0.08632214528594968,0.12607340515318943,0.06068514342869254,0.049970394940950694,0.1033328613538758,0.039158873462351654,0.04823954455879133,0.13722919061750485,0.19387339258229438
151,151.0,151.0,0.1078240809113897,0.12065703751049268,0.17950094543920103,0.046356511473669704,0.08201673009987105,0.09032060782434777,0.06787358296118173,0.0336821673500667,0.11811052949653789,0.15365780693324163
152,152.0,152.0,0.09899935392233399,0.08821151049384524,0.13934473512176523,0.08676482536931955,0.0492089356673319,0.1527872933218134,0.06514449720859743,0.049451599874343666,0.1664783641846968,0.1036088848359527
153,153.0,153.0,0.08237352601602069,0.07785513186638501,0.14074883394488186,0.1067855357671387,0.059939058960580015,0.08626157416902154,0.0750035904011195,0.030000000000000006,0.22678355887029053,0.11424919000456198
154,154.0,154.0,0.15035429303555745,0.14718034253416543,0.16094917535265338,0.0446474587026892,0.04980154425371706,0.08921115974644292,0.034569587135473166,0.030000000000000006,0.14821834612708396,0.1450680931122172
155,155.0,155.0,0.07013389903253273,0.0882763688771087,0.13921764074579923,0.128012706160514,0.04010108730030319,0.1146303012574336,0.04084408900946621,0.0538425954672462,0.18421447366929164,0.14072683848030434
156,156.0,156.0,0.10096851026392759,0.09692668433022585,0.11491924731780782,0.10141617965818799,0.03449791376912379,0.095607405743972,0.05818891781368638,0.03156429667247022,0.18242450193305607,0.1834863424975421
157,157.0,157.0,0.0889518721189426,0.137460004736548,0.1244451482356334,0.05954405690298568,0.030000000000000006,0.1519573867619566,0.04383941767447989,0.06154391646429432,0.19817082940675923,0.1040873676984001
158,158.0,158.0,0.07100832203173998,0.12933149631172672,0.1454232720188905,0.09335902701815615,0.08782568701100667,0.12317869939389206,0.04801074202599489,0.07131810584781974,0.13430582879980116,0.09623881954097194
159,159.0,159.0,0.10476250636875375,0.08995827249681347,0.15527953063902591,0.10473986301417067,0.06068170105436556,0.07065924686753129,0.03220472440944881,0.05642801896466774,0.19990335461208675,0.12538278157313595
160,160.0,160.0,0.07911478239184064,0.10928775472478351,0.10660509294329017,0.12862890474811126,0.03767062907943671,0.1085463497537893,0.036717389026720136,0.05476379776915239,0.13577991479532522,0.20288538476755041
161,161.0,161.0,0.07551251065627476,0.12719525810209725,0.1666608100924321,0.07005620486699596,0.09053056707519092,0.06794697549583831,0.05140898625256426,0.03713718220338983,0.17309362479484305,0.14045788046037339
162,162.0,162.0,0.14445193629841194,0.11967022031824788,0.10033792598049059,0.0476304295812464,0.03835923294714857,0.18710493932474534,0.05673012480032049,0.03729839834088401,0.13659958204016692,0.1318172103683377
163,163.0,163.0,0.06259545811215535,0.1486856093004401,0.10880478316676193,0.07601274716945941,0.0792344105390231,0.12979356384269924,0.049310324217274236,0.037600150537356804,0.1682435038535735,0.13971944926125612
164,164.0,164.0,0.07802100048606725,0.12925434623652765,0.16830054830586452,0.06932574594958957,0.07585159823078781,0.06086411233196478,0.051368237072995204,0.04803406881393187,0.17247463379680403,0.14650570877546715
165,165.0,165.0,0.13606546232307953,0.07188373162737362,0.13304078841833622,0.09743937005853183,0.04086322767980003,0.10465480318783152,0.052165867032213854,0.04108293351610694,0.19140275527617553,0.13140106088055079
166,166.0,166.0,0.11331859842318429,0.10803922640649555,0.150745997636139,0.044193446992047206,0.05366901186600861,0.124285538652147,0.04156079672107571,0.03376832492189378,0.15973427943421376,0.17068477894679487
167,167.0,167.0,0.1060695468923009,0.10069253392051769,0.1290877055445631,0.08366324961248436,0.05428047739873672,0.13392893854485027,0.06959097815487714,0.030000000000000006,0.20501518583343406,0.08767138409823551
168,168.0,168.0,0.10348236118323802,0.1390366926436181,0.13250727337595172,0.10372133924612603,0.06842991007394572,0.07267536373838086,0.03905840825516329,0.044681106510979965,0.16886941636042482,0.12753812861217123
169,169.0,169.0,0.12077989064595529,0.08666272350457778,0.13275669015159686,0.05827445016925553,0.08380689801527445,0.1269491504899384,0.04441189775394735,0.04799392237870966,0.15093843568857274,0.14742594120217176
170,170.0,170.0,0.11168299001919631,0.05123495250658462,0.14836109872451572,0.09492125224738143,0.03688902794351464,0.16425647639590685,0.07435601322942281,0.039116376545057965,0.13914227433907217,0.1400395380493473
171,171.0,171.0,0.08100097363755956,0.052626526988340125,0.1315381386480922,0.06859027931538197,0.05387009472259809,0.09233591000967076,0.061646363357253244,0.06448017648819222,0.24600166360157644,0.1479098732313352
172,172.0,172.0,0.09808143849427474,0.0947787734529496,0.14352478834105376,0.08851915003114076,0.04226129422000844,0.07822022029584921,0.03137445263436754,0.033891739271005604,0.23112320363553168,0.15822493962381845
173,173.0,173.0,0.09100523066049335,0.0822122925128518,0.1401521166921947,0.06745031408171838,0.06105058365758755,0.09482232185825742,0.06423125943717735,0.0481875134727312,0.20318288058218656,0.14770548704480158
174,174.0,174.0,0.08416231520116055,0.11087355791303548,0.12364016522983952,0.05587289004581536,0.04061401316337583,0.12279115828233145,0.030000000000000006,0.05278787742429014,0.22171759442335395,0.15754042831679757
175,175.0,175.0,0.08902566448731802,0.15150492572450602,0.1818099679226081,0.060996799070573135,0.043187921857185826,0.09077765622450959,0.030000000000000006,0.054653765504772446,0.19679263765540372,0.10125066155312305
176,176.0,176.0,0.10583641600480094,0.06341809536482457,0.17690315358579378,0.07067184155057381,0.05240021523774581,0.1314317477760797,0.05760686021756144,0.032894277831487705,0.178876948194106,0.12996044423702607
177,177.0,177.0,0.1671100811871843,0.11402106774679684,0.1106874083107193,0.06040878375436524,0.06222321221058737,0.1383592344641942,0.03667694309249244,0.05422039688885658,0.14655618227204822,0.10973669007275533
178,178.0,178.0,0.05972236025509211,0.1376237621311458,0.08609709693031178,0.06443699939533909,0.10012053063145994,0.08477698544770249,0.034451901508513814,0.030000000000000006,0.20599193625038756,0.19677842745004726
179,179.0,179.0,0.06343031352669559,0.07309660462373099,0.1388747244081105,0.05831302575683327,0.03885538869188506,0.1507808003838969,0.06946041214750542,0.05121315777566626,0.2005663982061996,0.15540917447947628
180,180.0,180.0,0.09958894487168343,0.16297254700474717,0.13008949196873218,0.06269317534866412,0.052226804123711355,0.09983107809580236,0.0710323093220339,0.039604386811324756,0.17597578485627557,0.105985477597025
181,181.0,181.0,0.044050460035354476,0.0783678767408633,0.13767694945200937,0.04238777237859366,0.05262566476036379,0.11015333672074071,0.07175808815091736,0.08178884100844654,0.19046637410393524,0.1907246366487754
182,182.0,182.0,0.09771425273063702,0.12033223359656868,0.10725201524302808,0.030000000000000006,0.0776978700557789,0.10176741135125578,0.09561333515684406,0.03668608037274316,0.19079007299099213,0.14214672850215196
183,183.0,183.0,0.08509880654778397,0.09586425591280928,0.12441860303319699,0.04426905662995482,0.04002105263157894,0.19888575666856056,0.0648799067056485,0.04664723273494729,0.16377568417558191,0.13613964495993763
184,184.0,184.0,0.037975036762325776,0.1152199673989975,0.13239624504249142,0.052324166952637655,0.10810954216763231,0.09976415709036578,0.032478836294264936,0.07316727986831062,0.19267205713071087,0.15589271129226306
185,185.0,185.0,0.04993629680584076,0.1291733007071061,0.11500312342390502,0.07463060008862586,0.07610812799975224,0.09795975865489978,0.05202050569501784,0.05466548495401352,0.19889274282948363,0.1516100588413551
