,Unnamed: 0,Generation,Intertwine_two,Add_vertex,Delete_vertex,Invert_path_vertices,Insert_inside_vertex,Delete_inside_vertex,Replace_inside_vertex,Donate_between_routes,Trim_one_terminal_cb,Grow_one_terminal_cb
0,0.0,0.0,0.09999999999999999,0.09999999999999999,0.09999999999999999,0.09999999999999999,0.09999999999999999,0.09999999999999999,0.09999999999999999,0.09999999999999999,0.09999999999999999,0.09999999999999999
1,1.0,1.0,0.14272193185472232,0.10303076657885375,0.0855730626346691,0.09211854057301269,0.1013517895860849,0.09227004836170376,0.07643610216908325,0.0558638635418499,0.11694394688310661,0.13368994781691318
2,2.0,2.0,0.12953884181605463,0.10595844802654623,0.09006857919174557,0.09516860549794398,0.10042112940293635,0.09117583729720137,0.07099702699142864,0.06111093978569619,0.12305248072766391,0.13250811126278259
3,3.0,3.0,0.12012868298842203,0.10717308377290995,0.0983096284298582,0.08980433509417819,0.1130565020246862,0.09360907126704622,0.07162304471666174,0.042332169476300606,0.13204945027408954,0.13191403195584686
4,4.0,4.0,0.13218332876603883,0.1105592686782065,0.08999056772539857,0.0909288311340543,0.10427970471295493,0.0747965303168407,0.07686096027937565,0.050330589370946185,0.13654361790208058,0.13352660111410333
5,5.0,5.0,0.13284185102451274,0.09189504978231848,0.10829130257652009,0.09952097512174493,0.0894083557979449,0.07347662726421073,0.06851004328262081,0.0673251667392902,0.13896289855359534,0.12976772985724136
6,6.0,6.0,0.12600686369837674,0.10159232356376957,0.08493219115052227,0.0937181239804029,0.08544559754485068,0.08149122543869218,0.06984369290754941,0.06945390736607478,0.14446657172722552,0.14304950262253543
7,7.0,7.0,0.13114470134857606,0.10409885461247648,0.1023272816740306,0.0896028240701773,0.09053414631777026,0.06898262833571744,0.06871723207598156,0.05654035892021151,0.15231785658676897,0.13573411605828933
8,8.0,8.0,0.1298964528450402,0.10518090519236345,0.10100029148589673,0.08157114914108918,0.09117166860152728,0.07354480389426199,0.06925202769859748,0.06476584399577122,0.1447000508597463,0.13891680628570574
9,9.0,9.0,0.13255465452205442,0.11818883255536275,0.09395850629020208,0.10430625549126386,0.0662624715437152,0.07532914057081033,0.04975062962868454,0.0591332068495917,0.16452855160952115,0.1359877509387936
10,10.0,10.0,0.13987881716961365,0.13242347166686988,0.09697929042547546,0.08628512496289745,0.06674941224437828,0.09499817666181928,0.05455509903576777,0.05400981647030101,0.13979186662545254,0.13432892473742422
11,11.0,11.0,0.13918298594698947,0.10525117580765433,0.09189405963856227,0.08799963096894875,0.08289730753721607,0.08460681668416681,0.05226654110812969,0.05543918070293051,0.1519930586499511,0.14846924295545055
12,12.0,12.0,0.12641747953730506,0.09960821881078344,0.1006209181305,0.06318396977068892,0.08105731698749571,0.10031011553838427,0.058463466081531835,0.060802031439236334,0.1697060492437759,0.13983043446029803
13,13.0,13.0,0.14681611892253194,0.09616143364220957,0.10344795605752252,0.06613410766839546,0.07234555863800517,0.09815853492184032,0.055935206765699054,0.05318921295793716,0.16561868840040717,0.14219318202545125
14,14.0,14.0,0.14054690602937137,0.09557461209224266,0.08618795526866228,0.07271357925694925,0.08474307465118669,0.10111687456117073,0.05506675726699488,0.05380829138428815,0.17358983603313566,0.13665211345599793
15,15.0,15.0,0.14840191767565952,0.08252956681786416,0.10052415250057423,0.07018063453483654,0.08500188085159048,0.09019925689918348,0.0451643174227173,0.0687532813918704,0.16319452887749447,0.146050463028209
16,16.0,16.0,0.1307209338656486,0.09562820786436399,0.09772405742761978,0.06161362918912695,0.06135210042215463,0.09118015363947038,0.06926204737547899,0.06481778464576946,0.15501584972437082,0.1726852358459961
17,17.0,17.0,0.14039948433432817,0.128948298279924,0.09557129037609582,0.06454580810327765,0.07078070517045003,0.08949061333319555,0.043682740448147614,0.056239120254243734,0.17508079280096012,0.13526114689937696
18,18.0,18.0,0.1397650845722739,0.116629922481851,0.10631774133517673,0.0801482383327634,0.06956904758795227,0.07929786275724345,0.04364683499539192,0.05821950113791067,0.1652866894931934,0.14111907730624296
19,19.0,19.0,0.15038710016819903,0.12252438204509208,0.10754009013230399,0.061893565783559736,0.07131076753790869,0.09278979466181894,0.05733352842834992,0.060722904275305425,0.161013991355562,0.1144838756118999
20,20.0,20.0,0.12019821932497839,0.11716683076424883,0.10200161313933445,0.06513478785067117,0.058922573505883216,0.09650704831004246,0.036463883861829374,0.08902000084014274,0.18753850699875446,0.12704653540411454
21,21.0,21.0,0.13473580451306238,0.12377678809216752,0.12298981501682878,0.036345123192779064,0.09194088990278831,0.0986504824141108,0.034079651442393256,0.040879924063441285,0.1758536915306467,0.1407478298317815
22,22.0,22.0,0.1196251862112953,0.10421559732347871,0.12191347512159592,0.04843461017871288,0.06589427367971455,0.10426922257202409,0.04373409766475874,0.07391384478983695,0.1773023621024641,0.14069733035611845
23,23.0,23.0,0.1299298960570712,0.10620123622255628,0.09980900019735599,0.06737967682786779,0.05453780961184963,0.097249264304451,0.030000000000000006,0.08025483669182978,0.1920671422897114,0.14257113779730665
24,24.0,24.0,0.1844249350445401,0.08073915051017418,0.11916701489145295,0.08686210254615481,0.060886775412487125,0.08071244270339369,0.030000000000000006,0.06331664266762925,0.1753766211905332,0.11851431503363438
25,25.0,25.0,0.13082053066648103,0.09561566883460586,0.12550121875096695,0.048539093534064236,0.07333768296345688,0.06773598618788663,0.0523775614154466,0.05554317246221061,0.18407148816672533,0.1664575970181556
26,26.0,26.0,0.14699041583419264,0.090654492872713,0.11850213186798506,0.06008163309562074,0.07074062481188655,0.10209962065059544,0.05134322551048722,0.035835165339818495,0.17653186553151656,0.14722082448518395
27,27.0,27.0,0.12460278553623723,0.12100265781220769,0.10484191630471144,0.07722779094458086,0.07863264300909917,0.07913864991336132,0.05006178607833882,0.05048804216573431,0.16935531803919396,0.1446484101965349
28,28.0,28.0,0.16444717183037014,0.09196689191004122,0.07200281573736886,0.04936198688193431,0.05642112424867733,0.11075158381807408,0.031862382469070236,0.061809896673686394,0.19050827940224538,0.1708678670285318
29,29.0,29.0,0.1561406250186988,0.11176908980565545,0.1550515220433913,0.03423172927951851,0.08656694236435387,0.06440919774887252,0.03677756862822411,0.03217011757924025,0.1867761513504767,0.13610705618156826
30,30.0,30.0,0.153586170295747,0.12014540796940645,0.12274973677214271,0.04377804157921723,0.04255491275853063,0.06319012741673004,0.03729868562822671,0.030000000000000006,0.23643795065666845,0.15025896692333052
31,31.0,31.0,0.15317398456679993,0.10823572046670207,0.12140603757432482,0.034788297923715586,0.04948892259699522,0.09347983262870972,0.030000000000000006,0.030000000000000006,0.235877081293299,0.14355012294945338
32,32.0,32.0,0.14827255016491958,0.12446495506743534,0.13215165682288504,0.04678497738594467,0.054039807254190664,0.08484026929554869,0.030000000000000006,0.030000000000000006,0.2030067465032412,0.1464390375058346
33,33.0,33.0,0.13783024060272758,0.0986139501872617,0.13583203612448363,0.030000000000000006,0.03861976306385893,0.07731136498166827,0.030000000000000006,0.041747670344787505,0.26230599034731933,0.1477389843478929
34,34.0,34.0,0.16518655589327302,0.09514362210679203,0.09844362521504513,0.04471121301661155,0.07484878329460537,0.06529128342110041,0.039112896184405846,0.04380568366503208,0.23288162271780943,0.14057471448532483
35,35.0,35.0,0.1821407625695628,0.15032755994364516,0.09783970107737786,0.03339018428562248,0.03359431679553985,0.07093787376299661,0.043693403514491316,0.052506985272074994,0.20255617131154652,0.13301304146714232
36,36.0,36.0,0.18658037819508005,0.12085372244765824,0.1223072288088836,0.040674064234497286,0.049952095808383244,0.07112391636237995,0.030000000000000006,0.030000000000000006,0.22650717569361425,0.12200141844950312
37,37.0,37.0,0.1740359683851076,0.10680413421932053,0.07487869699363689,0.048786867745769104,0.04876263909320864,0.06789716337487232,0.030000000000000006,0.030000000000000006,0.2277519599493567,0.19108257023872804
38,38.0,38.0,0.19987509039664808,0.0716584594154813,0.08546924946796286,0.04810284560217083,0.07880807090911418,0.05912750519339651,0.030000000000000006,0.040772284865122396,0.221899808404756,0.1642866857453477
39,39.0,39.0,0.19903353169763555,0.1274212548949058,0.06891264974552955,0.030000000000000006,0.07891920964847252,0.06866731913259518,0.030000000000000006,0.030000000000000006,0.2359024480692502,0.13114358681161095
40,40.0,40.0,0.18505792992025782,0.11623745427393314,0.10208017328567891,0.030000000000000006,0.046386132656090075,0.09796551235012983,0.040503939938144454,0.030000000000000006,0.19295839014222266,0.15881046743354282
41,41.0,41.0,0.1689075006932631,0.11956998965586538,0.08950495415780828,0.060174717206809045,0.03512780062195492,0.07156374907955486,0.030000000000000006,0.030000000000000006,0.27456186935526333,0.12058941922948088
42,42.0,42.0,0.18192557948556715,0.0916532922657352,0.07640664387750798,0.04899332529669028,0.048104586421784744,0.08959563535979048,0.030000000000000006,0.030000000000000006,0.23399710573451232,0.16932383155841155
43,43.0,43.0,0.15612866151411947,0.08881819641636159,0.0524569423787819,0.03340538210480941,0.0672913444678053,0.1096810222956279,0.030000000000000006,0.03857482244054543,0.2575620769024106,0.16608155147953815
44,44.0,44.0,0.15589873219317557,0.10996848450065681,0.11327893026243636,0.04801912233390537,0.047437096440084835,0.09009490901135822,0.030000000000000006,0.045177560959956994,0.22878906916533684,0.1313360951330888
45,45.0,45.0,0.2184066127081184,0.07509085723208131,0.12099440000298822,0.09253110519557818,0.030000000000000006,0.040700506293366245,0.030000000000000006,0.030000000000000006,0.23575589615455242,0.12652062241331508
46,46.0,46.0,0.19280655631949759,0.08516370213328547,0.10174001124285306,0.03180436445197436,0.07476229766890019,0.054646190258465364,0.030000000000000006,0.030000000000000006,0.2665020167281501,0.1325748611968738
47,47.0,47.0,0.1875937097155802,0.06666488195581813,0.08343322729251952,0.0576542953092569,0.07981072592537289,0.06103058596388261,0.030000000000000006,0.030000000000000006,0.2597369001412573,0.14407567369631222
48,48.0,48.0,0.18422322727932275,0.1022958979902624,0.08070918329151684,0.03538158853031616,0.05054872493439692,0.07775214684495393,0.030000000000000006,0.05778135169529822,0.20860317811191628,0.17270470132201626
49,49.0,49.0,0.16209766699436387,0.09766312883298771,0.15886272119405978,0.030000000000000006,0.05034000237165277,0.05284803005731618,0.030000000000000006,0.05552677769419371,0.2321776280810297,0.13048404477439604
50,50.0,50.0,0.14360039054427326,0.11382358340011015,0.12086274984897796,0.043343747447180614,0.04595228172194821,0.09225890046318587,0.030000000000000006,0.030000000000000006,0.2691378504007163,0.11102049617360747
51,51.0,51.0,0.22556787991377786,0.07819543564279179,0.0892336530351625,0.06648091101603867,0.030000000000000006,0.08580952956750046,0.030000000000000006,0.04654879808063719,0.2342838111493788,0.1138799815947126
52,52.0,52.0,0.2331556202218124,0.10630649262902352,0.06289034307305699,0.030000000000000006,0.030000000000000006,0.04943272104787817,0.030000000000000006,0.032595754317582194,0.28465255376421805,0.14096651494642856
53,53.0,53.0,0.19834528315324884,0.12437485814474247,0.11451998376421288,0.030000000000000006,0.07044351829597369,0.043030367502326874,0.030000000000000006,0.03659501598591047,0.22033023598546095,0.1323607371681237
54,54.0,54.0,0.1736559870764841,0.10599223714223523,0.10004133389650209,0.05676168432427697,0.05677879884934682,0.039108956335949165,0.030000000000000006,0.030000000000000006,0.25488836890625816,0.15277263346894726
55,55.0,55.0,0.1995567480279014,0.12957623624936207,0.07729365926039013,0.04635308089047816,0.040673154906731554,0.06182258341087667,0.030000000000000006,0.04430744782255315,0.2722820936340111,0.09813499579769554
56,56.0,56.0,0.15483650290471979,0.12958913916138287,0.07456479888569698,0.030000000000000006,0.05517154018776721,0.07377763667397422,0.030000000000000006,0.04792302921239085,0.2543271321811412,0.14981022079292666
57,57.0,57.0,0.12920917799368892,0.09066461728619904,0.10121956138444241,0.04120617436039272,0.06281305002150993,0.07995620478656583,0.030000000000000006,0.04375560383227104,0.2583353581711018,0.16284025216382808
58,58.0,58.0,0.1162855577722437,0.0928604571501539,0.11827366623513813,0.042337255173299816,0.055733369285863046,0.08283464517674496,0.030000000000000006,0.07398133327868275,0.23510154071169934,0.15259217521617424
59,59.0,59.0,0.14079233409482644,0.10798074074270703,0.11852334591019179,0.060229511679161615,0.05592268177410874,0.04141696124690516,0.030000000000000006,0.03281490007029995,0.2526061410072534,0.15971338347454572
60,60.0,60.0,0.187524794753645,0.10854439787749592,0.06237459944128186,0.03868122131987513,0.05303646584040591,0.08022378758383965,0.058377070709397974,0.030000000000000006,0.24519466481777802,0.1360429976562803
61,61.0,61.0,0.12370949782789283,0.10136191434886008,0.11241091405717667,0.06390784282938285,0.059172444964451995,0.050203626945169465,0.030000000000000006,0.030000000000000006,0.2982993323579618,0.13093442666910426
62,62.0,62.0,0.12650645843497188,0.08347019957330556,0.151765283482878,0.032041056962595335,0.09202632746803888,0.059731294779836144,0.030000000000000006,0.030000000000000006,0.23842250087719466,0.15603687842117928
63,63.0,63.0,0.19667633211451793,0.13305573295635617,0.08373281945641951,0.030000000000000006,0.04751172375186041,0.04433124697926548,0.030000000000000006,0.030000000000000006,0.2391200896400627,0.1655720551015175
64,64.0,64.0,0.1327187905943261,0.12498976301758884,0.12239260081412244,0.030000000000000006,0.06002403191109671,0.03634702671137734,0.030000000000000006,0.030000000000000006,0.2624454390235006,0.17108234792798777
65,65.0,65.0,0.21494124522443286,0.09557648042149751,0.1102067728143727,0.030000000000000006,0.036676759706451366,0.05541851941258624,0.030000000000000006,0.03689109035380069,0.2483104588422719,0.1419786732245864
66,66.0,66.0,0.19397129550168174,0.0953483680366332,0.1041378820624114,0.030000000000000006,0.030000000000000006,0.05117687963688431,0.030000000000000006,0.053839281731436005,0.22471834251952508,0.18680795051142812
67,67.0,67.0,0.1442144527187144,0.1262236983038508,0.11687842487272196,0.04825758840761396,0.05894576587673737,0.06993330032633771,0.030000000000000006,0.031030885617282733,0.28724601358793334,0.08726987028880757
68,68.0,68.0,0.1892027089505177,0.08848559899651762,0.1240896008046557,0.030000000000000006,0.045148548958106285,0.04744167001972268,0.030000000000000006,0.044634901608230956,0.25524076515660377,0.1457562055056451
69,69.0,69.0,0.19349598943337767,0.11114290291211693,0.08784524188031291,0.049288720992984356,0.030000000000000006,0.06530406704082417,0.04941541401972381,0.030000000000000006,0.26682005595343605,0.11668760776722394
70,70.0,70.0,0.1364427459043207,0.10180223579084191,0.1031696571824087,0.030000000000000006,0.07849211828740374,0.06591166011845517,0.030000000000000006,0.030000000000000006,0.299813751111974,0.12436783160459557
71,71.0,71.0,0.1545633147962075,0.0904728071907415,0.08026995331160718,0.06356638727040657,0.0354890565574672,0.0742802849313827,0.04570921971062393,0.030000000000000006,0.2470034473391473,0.17864552889241597
72,72.0,72.0,0.16874030453121275,0.057494833709213364,0.11492937809396413,0.030000000000000006,0.03790781121265644,0.037229017172556896,0.050156006240249594,0.05381799050577858,0.26166462068829216,0.18806003784607594
73,73.0,73.0,0.1759686988682851,0.09490720320371362,0.08240793199924738,0.03699996012781882,0.0506835700369879,0.057801418439716326,0.030000000000000006,0.036213429953807316,0.2752190832890522,0.15979870408137126
74,74.0,74.0,0.15506018954015263,0.08607539173511489,0.13410464085886561,0.03490272373540857,0.03145428448123165,0.053418424059896365,0.030000000000000006,0.032797373096193384,0.225187583269234,0.21699938922390277
75,75.0,75.0,0.12362495113058591,0.08892072396611156,0.10277675077461794,0.0358179736767539,0.030000000000000006,0.09463819123928904,0.039263138328034554,0.030000000000000006,0.25717576685810106,0.19778250402650582
76,76.0,76.0,0.14563032221714245,0.1272208889703817,0.11976710438491614,0.03895002416387846,0.030000000000000006,0.042717977216678846,0.030000000000000006,0.030000000000000006,0.2717583060855776,0.16395537696142468
77,77.0,77.0,0.18188346072283262,0.0896682083635407,0.12721377016534172,0.030000000000000006,0.030000000000000006,0.045345868562107525,0.030000000000000006,0.030000000000000006,0.2514778472333556,0.18441084495282153
78,78.0,78.0,0.13976683330448622,0.0745134701366067,0.15252657510043713,0.030000000000000006,0.04086336570439588,0.03790957227818019,0.030000000000000006,0.030000000000000006,0.3035409222815273,0.1608792611943664
79,79.0,79.0,0.12579778381998402,0.09081529423068216,0.09479122728078813,0.030000000000000006,0.030000000000000006,0.03776688453159042,0.030000000000000006,0.030000000000000006,0.2720038288084262,0.258824981328529
80,80.0,80.0,0.1731290984619635,0.11940197788864296,0.07793355490241861,0.030000000000000006,0.030000000000000006,0.06817655594903332,0.030000000000000006,0.04095052035786014,0.27980377916194893,0.15060451327813243
81,81.0,81.0,0.16203060462566485,0.10686016035298454,0.09176819552069208,0.030000000000000006,0.030000000000000006,0.05263645588464512,0.04609983143628861,0.030000000000000006,0.2878619818347359,0.16274277034498882
82,82.0,82.0,0.1596614131425639,0.09775122685235882,0.061159848049206766,0.030000000000000006,0.06219928727598258,0.08047733474100806,0.030000000000000006,0.030000000000000006,0.3023490388194138,0.14640185111946596
83,83.0,83.0,0.12095361839076364,0.11433348633097022,0.1080439432735246,0.030000000000000006,0.04455292486261621,0.07893487105600948,0.030000000000000006,0.030000000000000006,0.2839935431730913,0.15918761291302438
84,84.0,84.0,0.1917206653376248,0.09657239204869206,0.08815442021027693,0.030000000000000006,0.030000000000000006,0.06517141603832163,0.045355960264900665,0.030000000000000006,0.2544519952348417,0.168573150865342
85,85.0,85.0,0.14313183226519224,0.08941396468137368,0.12543347915953837,0.04421869266656183,0.07349164173068602,0.03284667008511991,0.030000000000000006,0.030000000000000006,0.2393204704392901,0.19214324897223758
86,86.0,86.0,0.17038449351916643,0.12123927683452282,0.09522148310673009,0.03362637362637363,0.05549705517498209,0.030000000000000006,0.030000000000000006,0.030000000000000006,0.2701277432927252,0.16390357444549958
87,87.0,87.0,0.15219735738302398,0.09083557829659288,0.10781373840045987,0.03910329547291358,0.030000000000000006,0.06014795562309203,0.030000000000000006,0.030000000000000006,0.294644441685619,0.16525763313829855
88,88.0,88.0,0.13254222047500286,0.15625355901050553,0.08417430876974483,0.030000000000000006,0.04479436685230024,0.05818387389695332,0.030000000000000006,0.030000000000000006,0.2577316764995855,0.17631999449590754
89,89.0,89.0,0.11820078103727079,0.09510385294126855,0.14440478027382636,0.04450491084601441,0.03199440065323418,0.06269704574479333,0.030000000000000006,0.030000000000000006,0.30569032685433245,0.13740390164925978
90,90.0,90.0,0.15079998378704512,0.06949090316142727,0.08548233454439277,0.049244260196542156,0.030000000000000006,0.047143503744672764,0.046251407614969556,0.030000000000000006,0.29903043680296004,0.19255717014799023
91,91.0,91.0,0.14925564736427116,0.09057736714710635,0.1086119982832279,0.04073743759122047,0.030000000000000006,0.05360002960030742,0.030000000000000006,0.030000000000000006,0.3479232506063466,0.11929426940751994
92,92.0,92.0,0.12668755442896484,0.09932623830833646,0.1666206073328761,0.030000000000000006,0.030000000000000006,0.04269153469982991,0.030000000000000006,0.04540425108507318,0.280500716506538,0.14876909763838136
93,93.0,93.0,0.12307067286700965,0.06395110100338454,0.13966327419056207,0.030000000000000006,0.04737736336441433,0.062034725375154,0.030000000000000006,0.030000000000000006,0.28028947550220656,0.1936133876972687
94,94.0,94.0,0.14500304738041794,0.12940051083920645,0.0942840038684399,0.06898353166180986,0.08522564847675307,0.033539172955961385,0.030000000000000006,0.030000000000000006,0.21730710528988614,0.166256979527525
95,95.0,95.0,0.17782216979566348,0.12067221868278155,0.10167616805278316,0.03336704166296709,0.04485566159006341,0.030000000000000006,0.05620293396607011,0.030000000000000006,0.27389130140953993,0.13151250484013108
96,96.0,96.0,0.12762964562178125,0.10794656600425431,0.09917859161397494,0.030000000000000006,0.04475533249686323,0.07006869506144356,0.030000000000000006,0.030000000000000006,0.2691005760177797,0.19132059318390288
97,97.0,97.0,0.15974908219836254,0.12081750265740861,0.08890846430508563,0.03922120674464853,0.03174455262736593,0.06046414072845294,0.030000000000000006,0.030000000000000006,0.26190733055491544,0.1771877201837601
98,98.0,98.0,0.1884232619480484,0.13291721614956853,0.1096544174426454,0.044824661804442424,0.030000000000000006,0.04655884375118163,0.030000000000000006,0.030000000000000006,0.263447046046533,0.12417455285758042
99,99.0,99.0,0.158511399992797,0.11482263257606558,0.08967038190861684,0.030000000000000006,0.030000000000000006,0.04150277941533507,0.030000000000000006,0.030000000000000006,0.2899347245171167,0.18555808159006865
100,100.0,100.0,0.14161826780525893,0.09746289326869602,0.09489603514322188,0.04559817150525798,0.06054173952653961,0.03331904424646811,0.030000000000000006,0.030000000000000006,0.2810306217394386,0.18553322676511874
101,101.0,101.0,0.15277153701946153,0.09687072032401584,0.12572821233700748,0.030000000000000006,0.06263823175770661,0.039914084202088695,0.030000000000000006,0.030000000000000006,0.2288563321230736,0.203220882236646
102,102.0,102.0,0.17889436244002832,0.11502479802126582,0.08640982960224158,0.04230011441385303,0.06477579465335984,0.05554971496261198,0.030000000000000006,0.030000000000000006,0.22981195697244733,0.16723342893419185
103,103.0,103.0,0.19478916936059348,0.10828094891458868,0.11402106732493486,0.030000000000000006,0.04810686916051371,0.05755951833808254,0.030000000000000006,0.030000000000000006,0.25478111188333213,0.13246131501795433
104,104.0,104.0,0.15437599631836613,0.16074174549005255,0.0714375171838445,0.030000000000000006,0.04147444299581401,0.07657310147040565,0.030000000000000006,0.030000000000000006,0.26127959073446333,0.14411760580705368
105,105.0,105.0,0.14233544957793373,0.1080997412082028,0.08449556204406336,0.043807855504488936,0.04279594230603826,0.052532409328057236,0.039292116189281745,0.030000000000000006,0.2791032312440064,0.17753769259792745
106,106.0,106.0,0.13269844463867211,0.08853386007291246,0.09532163688025069,0.030000000000000006,0.03671317456499078,0.05297481279782166,0.030000000000000006,0.030000000000000006,0.33011726366988886,0.17364080737546328
107,107.0,107.0,0.17190911836236006,0.09330964300661729,0.06997982879808988,0.030000000000000006,0.04325039584646777,0.030000000000000006,0.030000000000000006,0.030000000000000006,0.3251389540302204,0.17641205995624448
108,108.0,108.0,0.1314032055953666,0.13221818892686482,0.10162168997499424,0.030000000000000006,0.061074107706885684,0.04981474185409035,0.030000000000000006,0.030000000000000006,0.2636638513568611,0.170204214584937
109,109.0,109.0,0.1772539383004701,0.08597217077703524,0.0940202840366995,0.030000000000000006,0.04551910283453363,0.030000000000000006,0.030000000000000006,0.030000000000000006,0.32629442099840344,0.1509400830528579
110,110.0,110.0,0.13473946640730866,0.12200382204271351,0.09447089353816333,0.030000000000000006,0.030000000000000006,0.04623935967475544,0.030000000000000006,0.030000000000000006,0.30293583523375733,0.17961062310330156
111,111.0,111.0,0.12741678943755694,0.17022495706734667,0.14159241169822673,0.030000000000000006,0.030000000000000006,0.04395649215247972,0.030000000000000006,0.030000000000000006,0.2514474319173602,0.1453619177270297
112,112.0,112.0,0.20393747932233125,0.08512995870254345,0.08143117823239746,0.048061084720901134,0.048424229623048175,0.033757386723934815,0.030000000000000006,0.030000000000000006,0.3005502917870121,0.13870839088783155
113,113.0,113.0,0.153090589058316,0.1494463888919293,0.07502858944499491,0.03937258973178729,0.03907652291399516,0.030000000000000006,0.030000000000000006,0.030000000000000006,0.2778726325605825,0.17611268739839467
114,114.0,114.0,0.1923936197256717,0.10615057653725864,0.07624183051326132,0.03386518653978086,0.0478023573775998,0.030000000000000006,0.030000000000000006,0.030000000000000006,0.2899589778841446,0.16358745142228295
115,115.0,115.0,0.17194816803983798,0.16319784180524533,0.10825275498129527,0.030000000000000006,0.030000000000000006,0.030000000000000006,0.030000000000000006,0.030000000000000006,0.2516089459174501,0.1549922892561711
116,116.0,116.0,0.20361901092357898,0.0785631871483224,0.11475982748684846,0.030000000000000006,0.051508793031341024,0.030000000000000006,0.030000000000000006,0.030000000000000006,0.2542494070313156,0.1772997743785933
117,117.0,117.0,0.17499338284073032,0.1268743622157704,0.09985281379033238,0.0473677244786918,0.030000000000000006,0.04100555976732175,0.030000000000000006,0.030000000000000006,0.270754590783896,0.14915156612325708
118,118.0,118.0,0.1436290487785382,0.11654845311723179,0.09291660324058133,0.030000000000000006,0.04080542421338085,0.06344260013385963,0.030000000000000006,0.030000000000000006,0.2789775601937762,0.17368031032263181
119,119.0,119.0,0.16753799203662473,0.09768068698849619,0.06188984640308728,0.030000000000000006,0.04867945877035078,0.04727662894135974,0.030000000000000006,0.030000000000000006,0.31487484254951326,0.17206054431056786
120,120.0,120.0,0.1306633007713598,0.14000505939635882,0.15743892939090304,0.030000000000000006,0.03231982358777413,0.030000000000000006,0.030000000000000006,0.030000000000000006,0.2642501401611536,0.15532274669245033
121,121.0,121.0,0.16594582939700836,0.13823751045488047,0.05284395821618696,0.030000000000000006,0.030000000000000006,0.04229058883954569,0.030000000000000006,0.030000000000000006,0.3054332907589297,0.17524882233344866
122,122.0,122.0,0.1336076229869392,0.13490648018926948,0.08620491565588802,0.030000000000000006,0.041259732859425954,0.053911064294202594,0.030000000000000006,0.030000000000000006,0.30707225310074643,0.15303793091352824
123,123.0,123.0,0.16247766977262842,0.0665693069111741,0.13262523603919288,0.030000000000000006,0.04951399338050251,0.034902104293246985,0.030000000000000006,0.030000000000000006,0.291769335301278,0.17214235430197705
124,124.0,124.0,0.14455385627300027,0.07733577590974428,0.0948368995215696,0.030000000000000006,0.050302512809081754,0.038592271686087046,0.030000000000000006,0.030000000000000006,0.28497321498235567,0.2194054688181613
125,125.0,125.0,0.14083703147703333,0.15138749887517816,0.052693761781767046,0.030000000000000006,0.030000000000000006,0.05897085946145335,0.050037077542745875,0.030000000000000006,0.3089118469547599,0.14716192390706212
126,126.0,126.0,0.1407276853244615,0.12916216681073872,0.09669673188839426,0.030000000000000006,0.03864790453816552,0.054263686795476385,0.030000000000000006,0.030000000000000006,0.2933489551037332,0.15715286953903015
127,127.0,127.0,0.14460829066476605,0.09578977732385087,0.09157196714965284,0.04235405522276233,0.043498208144935505,0.032271210224902334,0.030000000000000006,0.030000000000000006,0.34417803829684873,0.14572845297228115
128,128.0,128.0,0.1406706024566268,0.10069619912630094,0.12825646026081985,0.030000000000000006,0.030000000000000006,0.04232394366197183,0.030000000000000006,0.030000000000000006,0.29826483292107164,0.1697879615732087
129,129.0,129.0,0.12366560181623332,0.12167224308227154,0.11725165816885826,0.030000000000000006,0.04959558586963518,0.03407004803162274,0.030000000000000006,0.030000000000000006,0.27700667532065226,0.18673818771072664
130,130.0,130.0,0.15110216746019034,0.13407667431576037,0.1175649537045155,0.030000000000000006,0.030000000000000006,0.030000000000000006,0.030000000000000006,0.030000000000000006,0.2688095802404191,0.17844662427911454
131,131.0,131.0,0.12087728253881025,0.15654389345800213,0.08860717433035441,0.030000000000000006,0.030000000000000006,0.057778771370955294,0.030000000000000006,0.030000000000000006,0.2891033249975242,0.1670895533043535
132,132.0,132.0,0.17547976202863627,0.08721403365709209,0.13149010026482605,0.030000000000000006,0.030000000000000006,0.05367868849661862,0.030000000000000006,0.030000000000000006,0.25529359199545665,0.1768438235573701
133,133.0,133.0,0.18250777611629135,0.09658769418004928,0.09571975509778215,0.030000000000000006,0.05054278836409667,0.030000000000000006,0.030000000000000006,0.030000000000000006,0.2681394150963904,0.18650257114539007
134,134.0,134.0,0.171419075253945,0.10583977474236343,0.11735880371024998,0.030000000000000006,0.03167388994887608,0.030000000000000006,0.030000000000000006,0.030000000000000006,0.2976290289148951,0.15607942742967015
135,135.0,135.0,0.13521978596118808,0.11860234392275251,0.09097691545395467,0.05815837272981186,0.041903135432974456,0.030000000000000006,0.030000000000000006,0.030000000000000006,0.2838240054908854,0.18131544100843286
136,136.0,136.0,0.15722431529691594,0.05756489330709794,0.08198028685835253,0.03910887246634831,0.03617012331838565,0.030000000000000006,0.030000000000000006,0.030000000000000006,0.3075820083915388,0.23036950036136067
137,137.0,137.0,0.15654435054424448,0.14433146879987963,0.07452351484044283,0.033533999029121145,0.03442273039191411,0.06111134793394546,0.030000000000000006,0.030000000000000006,0.27270766875204655,0.16282491970840557
138,138.0,138.0,0.14643936443512073,0.07375987273501312,0.07278657979107185,0.04650830700122212,0.041922666167549305,0.0521378029842177,0.030000000000000006,0.030000000000000006,0.2786099549062296,0.22783545197957555
139,139.0,139.0,0.17866042980416968,0.11535735291070141,0.09207633291356956,0.041539957663289565,0.04384794919594748,0.06049485518514784,0.030000000000000006,0.030000000000000006,0.2576057122918368,0.15041741003533743
140,140.0,140.0,0.20250456015554125,0.12672896779118553,0.06050129656235277,0.030000000000000006,0.03416104476448632,0.03793781116365021,0.030000000000000006,0.030000000000000006,0.2795677416826504,0.16859857788013327
141,141.0,141.0,0.13960039618261771,0.11478607434354782,0.1099320170272364,0.030000000000000006,0.053360891631182295,0.08858950878475358,0.030000000000000006,0.030000000000000006,0.26702203610342007,0.1367090759272419
142,142.0,142.0,0.23974819670320682,0.09358783423082934,0.08229104935122984,0.030000000000000006,0.030000000000000006,0.041218518364272705,0.030000000000000006,0.030000000000000006,0.30615472571958324,0.1169996756308779
143,143.0,143.0,0.15258219381157098,0.04943192912253333,0.10900200433459657,0.03597978442805214,0.0425169606726535,0.04360452211263373,0.030000000000000006,0.030000000000000006,0.33489949757443077,0.17198310794352875
144,144.0,144.0,0.1650432869632806,0.0784370773379332,0.1476489058465691,0.030000000000000006,0.030000000000000006,0.05047151403169573,0.030000000000000006,0.030000000000000006,0.2570575561941707,0.18134165962635046
145,145.0,145.0,0.21750834868355925,0.09813020528852509,0.07540627961546915,0.030000000000000006,0.030000000000000006,0.030000000000000006,0.030000000000000006,0.030000000000000006,0.28458847602559517,0.17436669038685115
146,146.0,146.0,0.12929078826248647,0.05851122546781913,0.09439024701316079,0.030000000000000006,0.10681187512948313,0.04052458733703444,0.030000000000000006,0.030000000000000006,0.2908679477793804,0.18960332901063545
147,147.0,147.0,0.14712437921934987,0.05517463039589162,0.09121210635610116,0.030000000000000006,0.04809476191792243,0.06667551203516531,0.030000000000000006,0.030000000000000006,0.3212454816744179,0.18047312840115154
148,148.0,148.0,0.1383015843793029,0.10730762985944982,0.09385328689751556,0.030000000000000006,0.030000000000000006,0.030000000000000006,0.030000000000000006,0.030000000000000006,0.3413049575223597,0.169232541341372
149,149.0,149.0,0.19307810503077186,0.09317922506860168,0.14449071770719463,0.030000000000000006,0.030000000000000006,0.030000000000000006,0.030000000000000006,0.030000000000000006,0.25006736275942526,0.16918458943400644
150,150.0,150.0,0.18439792969638732,0.09967260412535414,0.06156093389207242,0.030000000000000006,0.030000000000000006,0.0484015089165971,0.030000000000000006,0.030000000000000006,0.24226387079938722,0.2437031525702016
151,151.0,151.0,0.18702687210329783,0.10017567537700714,0.07233018567011523,0.030000000000000006,0.030000000000000006,0.03360728565082185,0.030000000000000006,0.030000000000000006,0.28989409393750004,0.19696588726125774
152,152.0,152.0,0.18783973011388658,0.11283368530845173,0.1489802633844489,0.030000000000000006,0.04763503142441543,0.030000000000000006,0.030000000000000006,0.030000000000000006,0.26437039207802565,0.11834089769077158
153,153.0,153.0,0.17632512352527316,0.11254237135058291,0.10075788703394643,0.05991892398702451,0.033264978118853795,0.047331316400478454,0.030000000000000006,0.030000000000000006,0.2867065333619397,0.12315286622190089
154,154.0,154.0,0.1396523643720564,0.09076390009052485,0.13854616958054677,0.05645328492831182,0.04014332458630717,0.05152274867389729,0.030000000000000006,0.030000000000000006,0.23142319899936475,0.1914950087689908
155,155.0,155.0,0.16374423811944588,0.10215626866079583,0.06847488942321342,0.05578369179116288,0.04178196989208079,0.06250197379144103,0.030000000000000006,0.030000000000000006,0.2731488848163481,0.172408083505512
156,156.0,156.0,0.1627177737435867,0.07163097514624053,0.09605341195748925,0.030000000000000006,0.030000000000000006,0.07615621132406497,0.030000000000000006,0.030000000000000006,0.29525499270918676,0.17818663511943159
157,157.0,157.0,0.2003706670968278,0.12314598721639396,0.09158759906682593,0.030000000000000006,0.030000000000000006,0.07453768374363454,0.030000000000000006,0.030000000000000006,0.23889741196875264,0.15146065090756503
158,158.0,158.0,0.16017067513137676,0.11723976409268078,0.12395002223485378,0.030000000000000006,0.030000000000000006,0.0338921341885029,0.030000000000000006,0.030000000000000006,0.2995468799169108,0.14520052443567485
159,159.0,159.0,0.14287127257009133,0.10876612452357279,0.13966422830374253,0.052717972782731125,0.030000000000000006,0.05010764806693937,0.030000000000000006,0.030000000000000006,0.25370709834983346,0.16216565540308928
160,160.0,160.0,0.16364343780205165,0.06199812522490829,0.07942170871117589,0.030000000000000006,0.0668054519201396,0.030000000000000006,0.05994639027877056,0.030000000000000006,0.320924975889388,0.1572599101735659
161,161.0,161.0,0.17214806671404867,0.1252331478974476,0.1217338861760127,0.030000000000000006,0.030000000000000006,0.061290161007432384,0.030000000000000006,0.030000000000000006,0.2576585976196738,0.14193614058538473
162,162.0,162.0,0.1568854040959615,0.059675281780848875,0.08406964881001223,0.030000000000000006,0.030000000000000006,0.034333680049927186,0.030000000000000006,0.030000000000000006,0.30786965337949496,0.23716633188375513
163,163.0,163.0,0.18025108255026107,0.07316615880595241,0.10812111725174738,0.030000000000000006,0.04586401064165141,0.07906099013111742,0.030000000000000006,0.030000000000000006,0.2459186583538429,0.1776179822654273
164,164.0,164.0,0.15571072660599178,0.1434887120548077,0.07697688159632275,0.061051631190249755,0.030000000000000006,0.04866999137131989,0.030000000000000006,0.030000000000000006,0.29023698219270766,0.1338650749886004
165,165.0,165.0,0.17609177166522788,0.10616427706123607,0.05834850467512999,0.03479008109604376,0.055586737361898855,0.06378144673577557,0.030000000000000006,0.030000000000000006,0.2973054190375678,0.14793176236711986
166,166.0,166.0,0.16608322786651603,0.12376046297906762,0.06699680271890733,0.030000000000000006,0.030000000000000006,0.04902569167286551,0.030000000000000006,0.030000000000000006,0.3384777819687702,0.13565603279387312
167,167.0,167.0,0.15892909696740573,0.09759312607904441,0.13259713196751519,0.05123176378090331,0.044375089731688244,0.05111118989289094,0.030000000000000006,0.030000000000000006,0.2496841757993648,0.15447842578118723
168,168.0,168.0,0.1301573474752509,0.1284457229809192,0.06739998497389428,0.04901932868198729,0.030000000000000006,0.04065440402439591,0.030000000000000006,0.030000000000000006,0.28614114591808804,0.2081820659454643
169,169.0,169.0,0.14134348735296598,0.0760017085153,0.11601932032140742,0.03615392437888101,0.04337031827359,0.060290977534995974,0.030000000000000006,0.030000000000000006,0.26269431482222577,0.20412594880063367
170,170.0,170.0,0.14520116886044482,0.1304069341994874,0.090614034762138,0.03876156512045997,0.030000000000000006,0.033699220126082806,0.030000000000000006,0.030000000000000006,0.3050418732092497,0.16627520372213717
171,171.0,171.0,0.1732558894581438,0.07762915197323131,0.1414288605020978,0.030000000000000006,0.042439933756217,0.04199085664268577,0.030000000000000006,0.030000000000000006,0.26482288475736,0.16843242291026414
172,172.0,172.0,0.1528240224434037,0.1053933308364646,0.1324705758124553,0.030000000000000006,0.030000000000000006,0.030000000000000006,0.030000000000000006,0.030000000000000006,0.2958143697624316,0.16349770114524456
173,173.0,173.0,0.11307736776941438,0.11288807414382715,0.11272759100281693,0.030000000000000006,0.030000000000000006,0.030000000000000006,0.030000000000000006,0.030000000000000006,0.32962802095468413,0.18167894612925725
174,174.0,174.0,0.1502951867778603,0.09848898331004134,0.11001549266780968,0.0612389981170907,0.030000000000000006,0.047856858812343715,0.030000000000000006,0.030000000000000006,0.29837589585820895,0.14372858445664516
175,175.0,175.0,0.21540123073570686,0.11606996987921706,0.06882624210570266,0.06052089611326332,0.06948708846657786,0.07024558321346651,0.030000000000000006,0.030000000000000006,0.18293501817071706,0.15651397131534855
176,176.0,176.0,0.1586928777210694,0.06572956406408323,0.08258164086231438,0.030000000000000006,0.0656997499321545,0.06633837701726224,0.030000000000000006,0.030000000000000006,0.28276454035275783,0.18819325005035822
177,177.0,177.0,0.18725741215394792,0.11122689445442187,0.05342063098074386,0.0684676178383268,0.03773971668309277,0.034767099279314664,0.030000000000000006,0.030000000000000006,0.31736951037184313,0.12975111823830887
178,178.0,178.0,0.18843747469620495,0.06653818631347058,0.1303933848765338,0.030000000000000006,0.030000000000000006,0.04401044689495067,0.030000000000000006,0.030000000000000006,0.2977194167815125,0.15290109043732736
179,179.0,179.0,0.1966348812137772,0.051116406068399345,0.11554073842645052,0.04276407068365094,0.039831176951565586,0.07794140464581413,0.030000000000000006,0.030000000000000006,0.24655047164635238,0.16962085036398983
180,180.0,180.0,0.23368256237373974,0.08498615737450259,0.07576766290849142,0.030000000000000006,0.04034626030318399,0.03571374247925557,0.030000000000000006,0.030000000000000006,0.2864701763336853,0.15303343822714113
181,181.0,181.0,0.18007062220157533,0.05022883297466255,0.1376739759628202,0.030000000000000006,0.030000000000000006,0.03733183503764468,0.030000000000000006,0.030000000000000006,0.3240472512999488,0.1506474825233482
182,182.0,182.0,0.14722719237189347,0.1264782705900144,0.08533745165242165,0.030000000000000006,0.030000000000000006,0.030000000000000006,0.030000000000000006,0.030000000000000006,0.2747563456951793,0.21620073969049095
183,183.0,183.0,0.2184089636615587,0.08498519653931944,0.0766123544267333,0.058591190389515845,0.030000000000000006,0.045328885285556696,0.030000000000000006,0.030000000000000006,0.256682229716241,0.1693911799810748
