,Unnamed: 0,Generation,Intertwine_two,Add_vertex,Delete_vertex,Invert_path_vertices,Insert_inside_vertex,Delete_inside_vertex,Replace_inside_vertex,Donate_between_routes,Trim_one_terminal_cb,Grow_one_terminal_cb
0,0.0,0.0,0.09999999999999999,0.09999999999999999,0.09999999999999999,0.09999999999999999,0.09999999999999999,0.09999999999999999,0.09999999999999999,0.09999999999999999,0.09999999999999999,0.09999999999999999
1,1.0,0.10900000000000001,0.10465669057216473,0.10033035355709506,0.09842746382717893,0.09914092092245837,0.10014734506488325,0.0991574352714257,0.09743153513643006,0.09518916112606163,0.10184689021025861,0.10367220431204353
2,2.0,0.31601,0.1079100554960718,0.10094744403346745,0.09733318891542253,0.09860253244166958,0.10019893405017534,0.09822083204016138,0.09436605491177821,0.09099086078805962,0.10427091535067559,0.10715918197251836
3,3.0,0.6191589000000001,0.11011335590802473,0.10167439907676976,0.09709980032141625,0.09754721649914584,0.10151112335264081,0.09755076258157838,0.09143603420291135,0.0850357142428946,0.10754005058546333,0.11049154322915478
4,4.0,1.015801321,0.11340194412734803,0.10272226395323289,0.09606994279744907,0.09663245294081242,0.10192986778040707,0.09502702906068781,0.08912467722634007,0.08004888889404471,0.11117678305645765,0.1138661501632201
5,5.0,1.50262148669,0.11661533959697329,0.10187729049971064,0.09691235076027024,0.09661134391901381,0.10084310124322117,0.09242137359918483,0.08608672707828079,0.07696302082168323,0.11494543869396025,0.11672401378770154
6,6.0,2.0757334209441005,0.11898616190129782,0.10198671936251182,0.09544839630237202,0.09604115699728819,0.09935438807999167,0.09068829603793055,0.0833101700695637,0.07430223507841242,0.11912777068367195,0.12075470548695966
7,7.0,2.7307768275633495,0.12170389275818061,0.10233191448591614,0.09576518429109596,0.0950932284465437,0.09838431320502568,0.08778569581651184,0.0805639579069414,0.070567689787759,0.12393038597080236,0.1238737373312231
8,8.0,3.4630081252450404,0.1241194337649255,0.10276846455623433,0.09598321543596346,0.0933820212142012,0.09749649637705943,0.08544154249828151,0.07802737926453332,0.06788887422505141,0.12777483386267713,0.12711773880107252
9,9.0,4.2673862119061114,0.12661701102949846,0.10448627676218192,0.09552543570727406,0.09399733661937928,0.09414329324835327,0.08339127079348886,0.07370656516371539,0.06488344620170383,0.1333869392103126,0.1298624252640921
10,10.0,5.138652627782014,0.12965662326729563,0.10759279721661727,0.09539984307081024,0.09285209661992178,0.09089529628553766,0.08343230856604958,0.07005872005833727,0.06160871954924082,0.13627558164876977,0.13222801371741982
11,11.0,6.071405875792507,0.13242491309807383,0.10791974278419006,0.09479408109284813,0.0919271615044449,0.0893454297078758,0.08254576524454667,0.06639176746050747,0.05872841295449766,0.14013064189559787,0.13579208425741743
12,12.0,7.060169740244025,0.13370740403329495,0.10762301242555312,0.09509258094733315,0.08857387847533477,0.08770206951130151,0.083338816655012,0.06356995035627708,0.05663952977034373,0.1454901193446692,0.13826263848088036
13,13.0,8.099455520847952,0.13682861056855672,0.10693112864977479,0.0956992179809036,0.08559703845185984,0.08528542197419753,0.08400711785161012,0.06072642418813899,0.054039878073164196,0.15014707226348759,0.1407380899983065
14,14.0,9.183818168183006,0.139110650244516,0.10614205414650195,0.09459667861299716,0.08338120028175315,0.08422079215876016,0.08504593706318378,0.0580324935127199,0.051753592737185446,0.15529016081506616,0.14242644042731611
15,15.0,10.307906369102724,0.14196434967535673,0.10402170814557596,0.09495392567162922,0.08102697524619783,0.0832937287698312,0.08504982196238121,0.054588054557957705,0.05121098192203383,0.15906240654810347,0.1448280475009327
16,16.0,11.466506686239443,0.14282895646211535,0.10320833943611543,0.09505114078539206,0.07794300877251345,0.08011147519766913,0.08520290239505561,0.0538035951225955,0.05050450550848564,0.1616808810158186,0.1496651953042391
17,17.0,12.654581904800096,0.14445387739110138,0.10573251532343944,0.0949500868490485,0.07529736304177871,0.07800271370979767,0.08523149326627925,0.05069423546056521,0.049153943088512536,0.16597735203150665,0.15050641983797056
18,18.0,13.867303782456686,0.14581232232041566,0.1070045938717886,0.09593999543751786,0.07436900935768101,0.07591144252707009,0.08428054119345446,0.0478221062693382,0.04820732677056075,0.16895580002254376,0.1516968622296295
19,19.0,15.100080434523047,0.14803665193890958,0.10883516380772756,0.0970569255058296,0.07176581607682356,0.07414004650821973,0.0847240507340076,0.04656410662779024,0.047705834141817116,0.17117244229542053,0.14999896236345436
20,20.0,16.348578617037543,0.14704316499352496,0.11008381380436197,0.09761314651427797,0.06964834182783033,0.07127867789834876,0.0855755921246059,0.04345263671175061,0.05021437113376646,0.17571828739593026,0.14937196759560267
21,21.0,17.608741195130214,0.14733433580480174,0.11193942470372367,0.10025645027588148,0.06481851299817563,0.07188171674523074,0.08666563734840557,0.040344003016872125,0.04804610304591448,0.17875926863560648,0.14995454742538797
22,22.0,18.876800103462312,0.14595934239185673,0.11177172907016475,0.10275512331921084,0.06139588185202582,0.07002038181669272,0.08832840051627364,0.03844903379797324,0.049326392049662535,0.18161196303744725,0.15038175214869237
23,23.0,20.14928511992658,0.1454889777429782,0.11174380557240261,0.10298506508380713,0.06008040776867335,0.06716827289285224,0.0892822997611551,0.03542300237315623,0.05135862587063682,0.18561277000847884,0.1508567729258594
24,24.0,21.423028783545156,0.15035956264087533,0.10911704015968002,0.10509605349248897,0.06091771635607677,0.06510996680864951,0.08856679656687565,0.032645344067089355,0.05178277901530555,0.18760898789530178,0.14879575299765696
25,25.0,22.695167792966423,0.1497233023352135,0.1079568242241778,0.10777007306024368,0.05809843704543158,0.06446035017400242,0.08654665450183861,0.03235675429250293,0.05150250846148878,0.1901527470240139,0.15143234888108667
26,26.0,23.963141223515898,0.15057862886020168,0.1062931007321408,0.10965409343983194,0.05661974618689288,0.06370476271555754,0.08797678340643664,0.032193797976108655,0.04931987089082169,0.1916273553877611,0.15203186040424693
27,27.0,25.224685898775267,0.1490737775726354,0.10767418000466268,0.11007217060941554,0.057038159068191346,0.0638842944436417,0.08710903071929305,0.03211048762348275,0.04868593770430286,0.19208589326733888,0.15226606898703565
28,28.0,26.477829247520948,0.1514591401228751,0.10614685953779118,0.10711222746225948,0.054830046573859204,0.06197220460852984,0.08940964288327577,0.030395080929741136,0.04926560433184543,0.19438656774298257,0.15502262580684018
29,29.0,27.720879968916847,0.15290519205399863,0.10661069123089076,0.11240205514317239,0.05127503897179944,0.0632103947648983,0.08705937463328804,0.02935740653668236,0.04694876931060755,0.19604517908247765,0.15418589827218482
30,30.0,28.95241681848399,0.15398354764936162,0.10791735555680312,0.11435921619787132,0.04885973026299272,0.06015712842104214,0.08459572440624069,0.028549812903845142,0.044498819516255755,0.2024114189413224,0.15466724614426505
31,31.0,30.17127581490958,0.15490887533875747,0.10802466522397985,0.11607019643306127,0.04573616117267876,0.057926567538792946,0.08519335375320095,0.02718059879871279,0.04214887650617658,0.20842521319509916,0.1543854920395402
32,32.0,31.376536153543515,0.15523417791130611,0.10974627793693946,0.1187379989810009,0.044015138305129466,0.056289774761070235,0.08495012862090415,0.025976500116106548,0.03991243903204356,0.21082511322547448,0.1543124511100251
33,33.0,32.567505096778625,0.15441310299291686,0.10885781566189069,0.12164119578272528,0.04081541837654879,0.053252157167017825,0.08397723697719543,0.024933046300599865,0.03897528794948216,0.21883676396999774,0.1542979748216254
34,34.0,33.74370209472243,0.15624393847151916,0.10760872815155355,0.12065714021675095,0.03929863755872185,0.05399487941441371,0.08183296762184554,0.024955897022078434,0.038365377131154406,0.22353950514089094,0.15350292927107156
35,35.0,34.90484237192463,0.15967653724410774,0.1118782921154878,0.11948896264359027,0.03685555770415759,0.05074642182596537,0.0803023673942128,0.02557608339604097,0.0387409906207025,0.22483284822983765,0.1519019388258974
36,36.0,36.05082019768737,0.16343447995524374,0.11315800861171153,0.1206678629852341,0.03535052009575189,0.04928706684734195,0.0788497865129695,0.024946083982342625,0.03696600418060201,0.22816919067891359,0.14917099614988916
37,37.0,37.18169203889697,0.16579364639666724,0.11298175177383858,0.11700241376942537,0.03486050204070139,0.047861351984673825,0.07714252971959389,0.024429623670190685,0.03529885634270555,0.23127975715880317,0.1533495671434004
38,38.0,38.29765977559663,0.17058323161498687,0.10924677696382383,0.11434132755487222,0.034490347233846794,0.04959176466094842,0.07463657912396102,0.024020513152552034,0.03482266321168392,0.2334587738641493,0.15480802261917576
39,39.0,39.399054140870355,0.1751026210293899,0.11108569600726957,0.11000196920866198,0.032483048331143814,0.05145241300601304,0.07318011424250567,0.023712108555151726,0.03337635712378659,0.2367045632108163,0.15290110928526163
40,40.0,40.48631852820801,0.1780118204312973,0.11178569867314984,0.10900240585645637,0.03065164883539969,0.05014835678375755,0.07475398721985022,0.024547817325754378,0.03204091807344113,0.23532334667869814,0.15373400012219557
41,41.0,41.55999329152982,0.17908551806520406,0.11279347216664314,0.10677605460097649,0.03201434452155689,0.04781125073903742,0.0737624118237056,0.024409122451606223,0.030818613747395807,0.24181695015573115,0.15071226172814342
42,42.0,42.62070064560415,0.18125187364123116,0.1109765637466663,0.10328979643858287,0.03240423517493901,0.04687869937760146,0.0746511959677575,0.024340205840356822,0.029710353716481057,0.24393216611498109,0.15256490998140293
43,43.0,43.669130257815,0.18062863892095413,0.10886460386894048,0.09748836241694525,0.03136223334501235,0.04797033782735298,0.07760908478490829,0.024334778831828788,0.029573298395547516,0.24809300699129114,0.15407565461721923
44,44.0,44.70602560622662,0.1797997349665421,0.10887840471289098,0.09789895638545522,0.031906237208585916,0.04716059769576183,0.07863329276702423,0.02438654673583527,0.030200237699098464,0.249055153705374,0.15208083812343215
45,45.0,45.73217116373481,0.18506549943133188,0.10541396354346654,0.09919383766993918,0.03700816782322261,0.04469088692076454,0.07473025584157272,0.024489272382082754,0.029396500208907203,0.2504151076015698,0.14959650857714296
46,46.0,46.748380453854836,0.18757809294354846,0.1030000199179911,0.09865179757329172,0.0360824606757588,0.04679746812094935,0.07227179350969422,0.024636832739884665,0.028679171465645997,0.2545670860510356,0.14773527700220032
47,47.0,47.755485010424316,0.18937042707791116,0.09879922545946941,0.09636416522797127,0.037791536366531785,0.04947788232224246,0.070521360949033,0.024823268734507534,0.028046783882054456,0.2577467043036367,0.1470586456766425
48,48.0,48.7543242612326,0.19062871238158852,0.09826026861520781,0.09390358233772808,0.03730106139976065,0.04926738344033997,0.07052321998269352,0.025042828442323042,0.030275302387531344,0.25551489048641984,0.14928275052640755
49,49.0,49.745736344347726,0.1894845582753796,0.09735228683339545,0.0993724675363014,0.03630228034794057,0.04906987560529388,0.06810677070284682,0.02529000389493377,0.032330572135427754,0.25539458592409087,0.14729659874439016
50,50.0,50.730549855707864,0.18633122302197233,0.09815425710647248,0.10108936961708678,0.03667472934254115,0.048466047756445536,0.06972046598511646,0.025559561763334085,0.03185959919470282,0.2587501644715329,0.14339458174079572
51,51.0,51.70957651737491,0.19126266190607927,0.09546990883944635,0.09966940561073098,0.03939033997561387,0.04630223685994223,0.07075323899437128,0.02584656822726103,0.033072007364167065,0.25838865809838873,0.13984497412399935
52,52.0,52.68360474770151,0.19680278311265595,0.09569235636577947,0.09565274948304453,0.038457204154179706,0.04419178468448984,0.06819561675646968,0.026146408362522668,0.03290263824754409,0.26285912815455287,0.13909933067876135
53,53.0,53.65339410751842,0.1986713868628102,0.09780553705368361,0.09687309897314243,0.03753280987334716,0.04619481170933515,0.0650658924307172,0.026454800400632916,0.03314706337011662,0.2606682536833215,0.13758634564289332
54,54.0,54.61967059027847,0.19788093959317693,0.0981348307834572,0.09670001737537019,0.03930169535429209,0.04687355115289963,0.06163664417161829,0.026767805230925812,0.03274202390799879,0.2617488997743145,0.1382135926559468
55,55.0,55.58312271885972,0.19951736362048178,0.1008681691145539,0.09430288963897528,0.040027431833462496,0.04597290473481061,0.060596406567565334,0.02708183152588016,0.033780812935268065,0.26439224842030284,0.13345994160869973
56,56.0,56.544398407394254,0.1965185145768122,0.10361654457509109,0.09170249633496469,0.039108543066238205,0.04655916398835326,0.06086795981866054,0.02739363687608027,0.03518254754766704,0.2650546645085425,0.13399592870759044
57,57.0,57.504102543001395,0.19083999782968553,0.10245735624791909,0.09185624163673704,0.039311075181113236,0.047937072061910065,0.06185931132445852,0.027700325322499567,0.03615477097746137,0.26594438626368017,0.1359394631545356
58,58.0,58.462795239617805,0.18382066253676707,0.10151574335024258,0.09379365609087878,0.03962541315758426,0.04861798103414249,0.0632203406533157,0.02799934167105194,0.04012835333746554,0.2643456638164381,0.13693284435211375
59,59.0,59.42099071417639,0.17927858735775348,0.10209376723958814,0.0958070971685543,0.04172466140715152,0.049320884240493454,0.06049964170153747,0.02828846296803856,0.03992646394004318,0.26436483241242825,0.13869560156441185
60,60.0,60.379156734137354,0.17947910322989385,0.10272922418850923,0.09223148197898764,0.041644204298553505,0.04973089350817519,0.06174086847408418,0.03140349457658593,0.03939215783663563,0.26352334961582,0.13812522229275495
61,61.0,61.337714584760846,0.1733584947374825,0.10264103882656449,0.09371849094459009,0.044064825221979284,0.050746555484815666,0.06004078569660676,0.03163905171466688,0.03881736076520249,0.2678931950049106,0.1370802016031814
62,62.0,62.29703950447439,0.16763315318592426,0.10075970927848173,0.09917916018732828,0.04325513564245777,0.055030298408947145,0.05936510639282938,0.031834662621793075,0.038211869793260626,0.26614243408054594,0.13858847040843192
63,63.0,63.257461537171835,0.1690860662099669,0.10385217092646054,0.0978163773361023,0.04221016853783025,0.05480416695963855,0.05722065212324274,0.031992365811988714,0.03758480922058035,0.264359308792871,0.14107391408131867
64,64.0,64.21926675122782,0.16427383643863164,0.10612082503606368,0.10031501532697237,0.04114759645828718,0.05577895503910667,0.05436332720238617,0.032114375025044904,0.0369446066129623,0.2648346387807793,0.14410682407976577
65,65.0,65.18269877636592,0.16784952464899752,0.10540997485491263,0.10156598257365197,0.04007980562211555,0.054363987858883335,0.053518721038826066,0.03220303956654502,0.036988087235356494,0.2638250457542011,0.14419583084651028
66,66.0,66.14796061122655,0.16944156627180607,0.10464906350905612,0.1021713719228747,0.03901799581333992,0.05224596914451288,0.05235340949778938,0.03226080725822968,0.03872106896445924,0.26040205452888676,0.14873669308904522
67,67.0,67.11521665648885,0.16614401674633578,0.1069587693697828,0.10400994171960158,0.03979794586806985,0.05301186919780807,0.05316850588119265,0.032290190108163586,0.03815109503690615,0.263217292412851,0.14325037365928847
68,68.0,68.08459493066005,0.16745575215631664,0.10545634400304416,0.10651445696138034,0.03875873850196084,0.05238079652069993,0.05182057754004555,0.03229373277202246,0.03892731800700697,0.2627907688770368,0.14360151466048635
69,69.0,69.05618942810752,0.1692831116415274,0.10620018411447404,0.1053198362249797,0.03966473658674156,0.05022565373986604,0.05234989265992008,0.0342155252437476,0.03821950435528684,0.26348932673728287,0.14103222869617388
70,70.0,70.03006258152917,0.1654645396032299,0.10598500069060987,0.10560237314898203,0.03864750260780819,0.052932980528457255,0.05301657731937929,0.03415559595408761,0.037500277025185866,0.26745070561951967,0.13924444750274034
71,71.0,71.00624779379335,0.16354966372096172,0.10461656510012439,0.10354235883383825,0.041002155727730735,0.051324859842785155,0.05458240682217609,0.035631025604915136,0.03677796965784313,0.2660585466911747,0.14291444799845077
72,72.0,71.98475200689319,0.16315411091117335,0.09994573814144082,0.10492156437322223,0.03999034712404713,0.049961068658346014,0.05248350537990269,0.03750437288467956,0.03844191238123409,0.2660811699970584,0.1475162101488958
73,73.0,72.96555827861411,0.16357681475227145,0.09905872178375337,0.10301078288640356,0.039679811922273295,0.04989069990032703,0.05249918932649912,0.037301301145998285,0.03833276555833427,0.26741281173934206,0.14923710098479762
74,74.0,73.94862834037681,0.16199031611760664,0.0973357107291744,0.10625472192535701,0.03916380808349128,0.04791236816390094,0.05212802773158609,0.03704552356972515,0.03787173437591777,0.26368620202091264,0.15661158728232816
75,75.0,74.93390511255946,0.1573496422396771,0.09595693081321238,0.10631997724132544,0.03874831877924116,0.04582186031616759,0.05592886297738673,0.03767118234818555,0.037126325389326344,0.26314608544569607,0.1619308144497817
76,76.0,75.92131515639825,0.15503632594710523,0.09847568332080259,0.10804231012205978,0.038658280003103646,0.04378218465004591,0.05454468657896531,0.03732388097579493,0.0363841940475008,0.2640585312648729,0.163693923089749
77,77.0,76.91077104428919,0.15648559509705995,0.09727474457344545,0.1104543242353918,0.037685160129799784,0.041808654704035934,0.05344344986130604,0.03693807093088543,0.035652433899382795,0.26292868436511685,0.167328882203576
78,78.0,77.90217363294813,0.1538322532464423,0.09460236051603158,0.11532401189019967,0.03673250064252831,0.04100072777602618,0.05162773137402797,0.03652146118115802,0.03493732542708276,0.267003621288836,0.16841800665766726
79,79.0,78.89541422641172,0.1499066864330166,0.09362650836997238,0.11430522162966421,0.0358077820975587,0.03918588334966152,0.04984213436986025,0.03608129779459177,0.03424435454774191,0.2678827281828,0.17911740322513264
80,80.0,79.89037661826481,0.15086571873900112,0.0955787976629223,0.11150740321385659,0.03491745758611047,0.03746066453243671,0.0511553117094709,0.03562433776873623,0.034673289246643736,0.26949513042897616,0.1787218891118458
81,81.0,80.88693900474995,0.15084163222798694,0.09631990807526858,0.11003709221834271,0.034066990949945954,0.035833360951610015,0.05095337375107729,0.03676681351140775,0.03402705075098153,0.2718551992051431,0.17929857835823615
82,82.0,81.88497576253909,0.15069492494374084,0.09618141661909482,0.10547028860825516,0.033260901067898425,0.037530382846948145,0.05357254829549501,0.03627838871543206,0.03340516559737573,0.2755880346284571,0.17801794867730272
83,83.0,82.88435908692391,0.14678177379472757,0.09773069835873222,0.10560547047601768,0.032502811163376666,0.03753975535570617,0.056044606881426234,0.035776022511899624,0.03281141730315675,0.277379646986717,0.1778277971682401
84,84.0,83.88496048800103,0.1500783609012621,0.09751497037590044,0.10376256657865424,0.03179550213767332,0.036163029822395866,0.05712201674874138,0.03680172873009149,0.0322489296653281,0.27610408227718974,0.17840881276276335
85,85.0,84.88665214409042,0.14860282903426356,0.09659554667134793,0.10567577750226952,0.03256283825981976,0.03921151071726124,0.05493970502690064,0.03627481061532221,0.031720201494629036,0.2732264006886365,0.18119037998954962
86,86.0,85.88930811312994,0.14994540651167157,0.09887878073266584,0.10457404474481513,0.032310767409800156,0.04049848617720393,0.052470027119314186,0.03573783620587663,0.03122714412605359,0.2733781552417887,0.18097935173081034
87,87.0,86.89280540413424,0.14953940349779948,0.09811692649507754,0.10474818517609831,0.032644751891602236,0.039257044263631934,0.053037412293602426,0.03519718087531684,0.030771121053075154,0.27593390005942436,0.18075407439437177
88,88.0,87.89702491199675,0.14723506663336475,0.10390024227065447,0.10257162413342528,0.03209959381374587,0.03952661278401083,0.053422756211142876,0.03465861926905986,0.030352989076863804,0.27472989929295505,0.18150259651477724
89,89.0,88.90185221995306,0.14358009105001668,0.10351378902914854,0.1064517931917909,0.033038446690139125,0.03854190537312813,0.05426849409857139,0.03412732763073798,0.029973140407504956,0.27827218141067367,0.1782328311182887
90,90.0,89.90717827491419,0.1432967401998534,0.10052058677293027,0.10443123064219698,0.03447201385550458,0.037390753590811336,0.053558589513707205,0.03523303264143787,0.029631545201006942,0.28106842776591984,0.18039707981663175
91,91.0,90.91289994163006,0.14296232322830094,0.0996250543047867,0.1047362017604679,0.03505926450721169,0.036280809450818116,0.05350117711520257,0.03471321013930614,0.029327794063148657,0.28865395095635044,0.17514021447440706
92,92.0,91.91892044225806,0.14046747190173278,0.0996034853280037,0.11085029463710416,0.03457082806546614,0.03521905163031604,0.05235964499135169,0.034198237785994505,0.030601565206952036,0.2893313614142571,0.17279805903882212
93,93.0,92.92514968840067,0.13772261837689828,0.09604378704820712,0.11421494803880311,0.03408552698724048,0.03594901541200243,0.05316990404450309,0.033692780290154094,0.030355560986648968,0.2898316002768627,0.17493425853867997
94,94.0,93.93150451304501,0.13729896820078916,0.09906407271952417,0.11295969232963753,0.03750625391314597,0.04050509480627819,0.051138230163726595,0.033200940740996186,0.03013060157850972,0.28388815698422915,0.1743079885631636
95,95.0,94.93790881009448,0.1402766360756118,0.10121286498926385,0.11238242172521086,0.03733803192406327,0.04101577310916215,0.048779815803353964,0.03534656913595112,0.0299268320953993,0.2835316671158809,0.17018938802610306
96,96.0,95.94429358933806,0.13831274008276445,0.10206880630111201,0.11150605800062176,0.03681021806498117,0.041503749557246714,0.05047631422712941,0.034865904943104736,0.029744171239645928,0.28263535003812806,0.17207668754526603
97,97.0,96.9505969547639,0.13965034640225016,0.10418502474412222,0.10956704325373617,0.037189204085622325,0.040674366202969256,0.05123863118357139,0.034384648120111945,0.029582334757071435,0.2809739923816606,0.17255440886888482
98,98.0,97.9567640140995,0.14392259742271696,0.10746591747118027,0.10968993950580862,0.038110957036769005,0.03966416778562692,0.05062644184209086,0.033907670498217315,0.02944085857518368,0.2794420754217342,0.16772937444067249
99,99.0,98.96274672736057,0.14522144379086527,0.10886377555496608,0.10780178735863932,0.03752520556003352,0.03865834753216254,0.049529189020264625,0.03343931393352997,0.029319121425732862,0.2805521677111068,0.1690896481126993
100,100.0,99.96850370202192,0.14483399186546425,0.10844546246984736,0.10644370169514725,0.03848259432589704,0.040720699781376934,0.04764302386768503,0.03298339988597606,0.029216366776969795,0.2807546660618344,0.17047609326980215
101,101.0,100.97399994219691,0.14556845481342157,0.10789993770676098,0.10818916565186368,0.037855582836442025,0.042984676426238225,0.04646173942971328,0.03254324324431778,0.029131723925313338,0.2757222451726288,0.1736432307933006
102,102.0,101.97920655893245,0.14891378483070022,0.10911408101588078,0.10600363540628331,0.03844272810895339,0.04543254724949338,0.046896669959314796,0.03212166983438215,0.029064228119569394,0.2708199697267855,0.17319068574863725
103,103.0,102.98410044840509,0.15381386831440083,0.10959153225347473,0.1066018438994899,0.037779721275877316,0.046162170915177075,0.04757561822353618,0.03172103706709627,0.029012839613204153,0.2684947571890717,0.16924661124867202
104,104.0,103.98866394444643,0.15459237915597057,0.11525421219146682,0.10295606876352124,0.03710521791335008,0.0461750365802758,0.05018786897571321,0.031343257205868,0.02897646156134339,0.26691477733718494,0.16649472031530607
105,105.0,104.99288445143917,0.15408682041096405,0.1155412990404606,0.10066549011137456,0.037807898258390954,0.04627175967404246,0.05039867776338461,0.03191903437763206,0.028953956699055275,0.267218807655414,0.1671362560092816
106,106.0,105.99675406321822,0.1525506033382017,0.11376867351270337,0.09952487752738817,0.037119524590939826,0.04571577551064766,0.05065398333491204,0.03158175303140804,0.028944162756005413,0.27271268242029434,0.1674279639774996
107,107.0,107.0002691731872,0.15489055375808908,0.11239854069669444,0.09592211298711298,0.03642879304432441,0.04577908588228347,0.04860948536413366,0.03126238228949234,0.028945906579700482,0.2777333845572157,0.16802975484095353
108,108.0,108.0034300804274,0.15311610350533109,0.1148653867774104,0.0955843881766655,0.035742846721927304,0.04759314950243934,0.04856481652220082,0.03096232479887328,0.028958016955229045,0.2765785619078391,0.16803440513208423
109,109.0,109.00624059613932,0.15588704256925962,0.11263447445656634,0.09458066827141658,0.03506806656455063,0.04780511585538888,0.046555639632371124,0.030682649809327396,0.028979336123652458,0.2816731313820446,0.16613387533542248
110,110.0,110.00870765431864,0.15434310949479124,0.11396319545757919,0.09371677746449177,0.03441008375726612,0.046421115159381555,0.046205760002676226,0.030424115820642826,0.02900873001399701,0.2843685982285285,0.16713851460064563
111,111.0,111.01084093013685,0.1520252655999197,0.12006156412680542,0.0976589687150025,0.0337737983931374,0.045011303381381144,0.045662917580444044,0.030187194072620285,0.029045097215167133,0.28183135042877666,0.16474254048674586
112,112.0,112.01265246907188,0.1573451903213891,0.11754223002203414,0.09563015192371148,0.03496951205358029,0.04543478270967178,0.044137384603300946,0.0299720925586738,0.029087376724068574,0.284154274210851,0.16172700487271907
113,113.0,113.01415632942268,0.15751435643431946,0.12138234963348365,0.09302196819589616,0.03530772057574071,0.04491103790336181,0.04228486627268502,0.029778780270535224,0.029134554514839185,0.28414109986783653,0.16252326633130243
114,114.0,114.01536824044418,0.16155267132893233,0.1207895164409056,0.09061599316018,0.03510201661804492,0.04525390587414964,0.04049475111240383,0.02960701140850515,0.02918566898138434,0.2852751928184072,0.16212327225708717
115,115.0,115.01630527795908,0.16345101904946796,0.12581430369534757,0.09150796644836967,0.03451799610135798,0.043807735825133205,0.03877869995702673,0.029456349318593034,0.029239815311461137,0.28250771112790873,0.16091840316533423
116,116.0,116.0169855589429,0.16841158777622783,0.122246982139752,0.09312889754362494,0.03394719767532615,0.044518984725901184,0.03714646691761706,0.0293261899444862,0.029296148855415642,0.27997203606574206,0.16200550835590719
117,117.0,117.01742795623892,0.17036561105350034,0.12343067229654651,0.0933133434591353,0.03513077956301342,0.04307812751651267,0.03670654848970436,0.02921578460834519,0.029353887556420544,0.2790832205947058,0.16032202486211608
118,118.0,118.01765183424293,0.1690340763146987,0.12349783942699996,0.09285111843143151,0.034581600263219575,0.04273111717423595,0.03859731605401289,0.029124261959734825,0.029412313511760747,0.2790222973136531,0.16114805955025296
119,119.0,119.01767680610413,0.16997253910022425,0.12160201936843681,0.0893330950708402,0.03404152289077291,0.04318695439227535,0.03893086258343905,0.029050648956388148,0.029470773736449324,0.2825567472250807,0.16185483667609352
120,120.0,120.01752251271817,0.16710534101003477,0.12388900523271684,0.09544734985841205,0.03351503802666319,0.0420161694140339,0.03758684922936583,0.028993890763812258,0.02952868020130455,0.2809984628597738,0.16091921340388302
121,121.0,121.01720842354362,0.16768869518904236,0.12593169815805744,0.09111059784508002,0.03300605126869781,0.04063351711657659,0.03753042760236084,0.02895286948285583,0.02958550921766121,0.283546838763789,0.1620137953558791
122,122.0,122.01675365905109,0.16496246465122194,0.12756007688727108,0.09016095038076237,0.032517902673841984,0.04040876816364184,0.03868929729589389,0.02892642163516649,0.029640800240205593,0.28622313783153575,0.16091018024045922
123,123.0,123.0161768344173,0.16508231342910965,0.12226536444877383,0.09390873935395823,0.03205338991173332,0.04104042980506606,0.03798360168996116,0.02891335435589442,0.029694154158093483,0.2873100063652531,0.16174864648215692
124,124.0,124.01549592390272,0.16337174954268094,0.11801980957860732,0.09389008074492453,0.03161479452671819,0.04177251286096015,0.03768667740993857,0.028912460260990612,0.02974523114261165,0.2876531693030668,0.16733351462950144
125,125.0,125.01472814520056,0.1612723806326016,0.12119714215531223,0.08966844241058038,0.031203910734937397,0.04048643632983787,0.03946636027821636,0.030926238727241866,0.029793748117251877,0.29032907960113236,0.1656562610128882
126,126.0,126.01388986291661,0.15916766050671735,0.12213611183510137,0.08989951811404523,0.030822076214985304,0.040088893542345995,0.040792402584901036,0.03092603998074845,0.029839475913255566,0.291366937357825,0.1649608839500748
127,127.0,127.0129965102319,0.1574770731756294,0.11971420614797917,0.08966298191103296,0.0317056099071548,0.0402017255042385,0.039921305845965586,0.030916600709096888,0.02988223617052633,0.297403737835619,0.1631145227927574
128,128.0,128.01206252771334,0.1554330879317277,0.11778588892157293,0.0931376384918248,0.03137186916098719,0.03898641828185517,0.040066091168420005,0.030898939357519514,0.029921898040364756,0.2987132807326683,0.16368488791305974
129,129.0,129.0111013181695,0.1517453762934258,0.11797711091545166,0.09551553742303126,0.03105778379782647,0.039762336185855146,0.03939358692052959,0.030874054747524686,0.029958374742815694,0.29776156910185464,0.16595426987168513
130,130.0,130.01012521639834,0.15088929463857786,0.11942660515495958,0.09790433722214106,0.03076452913300356,0.0385994362093294,0.03832809290537688,0.030842918051054095,0.029991620027593376,0.29587777018828704,0.1673753964696772
131,131.0,131.0091454726403,0.14709846138529284,0.1231243725763489,0.09735508526874753,0.030492954643332904,0.03746683186836294,0.0400637444997812,0.030806465843720023,0.03002162458361736,0.29594104374230806,0.16762941558848832
132,132.0,132.0081722485317,0.1488847476178541,0.1198535724843248,0.10106157199475659,0.030243608056195984,0.0363728196428095,0.04139297291602316,0.030765594198682154,0.03004841243820277,0.29254863945327236,0.16882806119787866
133,133.0,133.00721462434865,0.15146115678003258,0.11752082306552651,0.10112466081416102,0.030016760047210794,0.03737875927979297,0.04034426679678502,0.030721153776161254,0.030072037382947614,0.29040750742865545,0.17095287462872688
134,134.0,134.0062806163404,0.15298152113312113,0.1161372253559847,0.10329129655570801,0.029812429238652016,0.03652885540239907,0.03929698862150284,0.03067394585813083,0.030092579459388494,0.29120676906502807,0.16997838931008488
135,135.0,135.00537720296956,0.1509142956628334,0.11606526982929975,0.1027437549690162,0.032446244491543784,0.03673831680661917,0.03826146837753385,0.030624719273322144,0.0301101415335914,0.2906098247938611,0.17148596426237922
136,136.0,136.00451035890612,0.1510973005761308,0.10992213553465238,0.10123363628628274,0.0331688494751827,0.03640517904522193,0.03724688547418642,0.030574168154261103,0.030124845985038104,0.2923805170468464,0.17784648242219744
137,137.0,137.00368509565993,0.15125527867003916,0.11254639979647237,0.09893631877575235,0.033321106846646666,0.0359282652100489,0.03937242679982642,0.03052293046556355,0.030136831531489758,0.2906387210240309,0.17734172088012998
138,138.0,138.0029055077818,0.15043985106238636,0.10816892871565778,0.09645091147198481,0.034757698199999076,0.03623398098777535,0.04060544870927083,0.030471587241080123,0.030146250207981347,0.2894820226961954,0.183243320707669
139,139.0,139.00217482361367,0.15288806788613105,0.10804486220068704,0.09590637689403468,0.03567130157223522,0.0367585403423667,0.042666197190613285,0.030420662466634232,0.030153264514743962,0.2862318492618045,0.18125887767074939
140,140.0,140.0014954596262,0.15773359968181883,0.10914348873236193,0.09222049169895322,0.03539823540182934,0.03633284740688861,0.042443453001617074,0.030370623544966592,0.03015804474568288,0.2852166347402344,0.18098258104564718
141,141.0,141.00086907744122,0.1562518715053827,0.10911381805669379,0.09352907511850225,0.03509849349444576,0.037847990425203905,0.04726309657525116,0.030321882280016053,0.030160766506071073,0.2829918821823224,0.17742112385611092
142,142.0,142.0002966427003,0.16476658144542145,0.10702401300018917,0.09210673284758307,0.03477774084285607,0.037030658990629226,0.047276940871568765,0.030274796318760407,0.03016160842535974,0.28474317538102895,0.17183775187660322
143,143.0,142.99977848500652,0.1644630362548706,0.1005932361508118,0.09339956346712895,0.03503926449080201,0.037476450176871075,0.047467416888017755,0.03022967099044272,0.03016075006846594,0.2894079319487351,0.1717626795638541
144,144.0,143.99931435823203,0.1653171464741128,0.09719443873762937,0.09858382558459217,0.034686062530520645,0.03667637128218121,0.04828691554697421,0.030186761485052373,0.030158370046576864,0.28627693437790164,0.17263317393445882
145,145.0,144.99890350055264,0.17132961324835033,0.09591726024682741,0.09651604966981885,0.0343213201409622,0.03588953656413852,0.04699915892171266,0.030146275315350538,0.030154644326410927,0.2859199347654566,0.17280620680097206
146,146.0,145.9985446936357,0.1683808646574089,0.09082803107345203,0.09634235038574851,0.033949838788949985,0.042803677465207024,0.04672264510346358,0.03010837500946538,0.030149744734997472,0.28621326770223593,0.1745012050790712
147,147.0,146.99823632047406,0.16711944925729874,0.0855908972541651,0.09584868593065336,0.03357600718424949,0.043794774931655366,0.049026894559188204,0.030073180984074084,0.030143837655375386,0.28956156753561263,0.17526470470772765
148,148.0,147.99797642142389,0.1649019452128154,0.08578661409457997,0.09562214017946366,0.03320379866817655,0.04292028632952931,0.04760965404058361,0.030040774551381176,0.030137082907161758,0.29489782411183385,0.17487987990447476
149,149.0,148.99776274806447,0.16811784002959218,0.08476512892951722,0.10046430355154136,0.03283677301702914,0.04200404372432057,0.046158041033433635,0.03001120101644375,0.030129632804697874,0.29104076688824476,0.17447226900517956
150,150.0,149.99759281456036,0.17039373048126463,0.08457927114802684,0.0969695363464556,0.03247808220082618,0.04105938494238949,0.046530159808324034,0.02998447282483563,0.030121631384433405,0.2863793321497226,0.18150439871372168
151,151.0,150.99746394626104,0.1728449681206121,0.08461323959962408,0.09454708501513887,0.03213047964423525,0.04009859818922763,0.045404357870230595,0.02996057272413996,0.030113213792351046,0.28650590858536057,0.18378157645908
152,152.0,151.99737332532905,0.17527418683691054,0.08606523655697988,0.09980971759493693,0.03179633254686107,0.04089640727193122,0.04391243683867024,0.029939456906272463,0.030104505821553412,0.28410133904500867,0.17810038058087563
153,153.0,152.99731803323698,0.1764346784554876,0.08761058691032794,0.10021555473960006,0.034469529232458135,0.04024481635733314,0.04416371518192705,0.029921058101128988,0.030095623589620007,0.2839735311174135,0.1728709063147036
154,154.0,153.99729509002177,0.17381074944758312,0.08707287294673793,0.10436505974740037,0.036783336291169894,0.0402764207985554,0.04484068493038557,0.02990528859548857,0.030086673344983744,0.2783575005687657,0.17450141332892977
155,155.0,154.99730149022784,0.17351681686445275,0.0877650775079719,0.1014342973370188,0.038995502816667006,0.04046739836411031,0.046614700853187745,0.029892043154457308,0.03007775139136127,0.27700629864098697,0.174230113069786
156,156.0,155.99733423551103,0.17305190531459944,0.08547944417315517,0.1012248693419649,0.03857596540024308,0.03947422689918137,0.04973561166635463,0.029881201825984603,0.03006894411918743,0.2779622535570236,0.17454557770230586
157,157.0,156.99739036391077,0.17629543293934544,0.08843539068856632,0.1005380882835053,0.038112622071459115,0.0384856303117535,0.052646784636738886,0.029872632612099326,0.030060328133039098,0.27335978229893476,0.17219330802455832
158,158.0,157.99746697583146,0.17543536094664655,0.0908522262053433,0.10306672275552764,0.03761448685483895,0.03751103707995088,0.051421194345640506,0.02986619399348158,0.03005197046417521,0.2749378812581688,0.1692429260962266
159,159.0,158.99756125680176,0.17277870903893633,0.09244388959240517,0.1071227473820299,0.03936181756960553,0.03655879280052902,0.051764423869924234,0.029861737296790793,0.03004392885755596,0.27202028215135915,0.16804367144086396
160,160.0,159.997670497107,0.1721658644805047,0.08936280906020608,0.10507433239584239,0.038796179486753596,0.03931673021305802,0.050045997877055805,0.03285374792467823,0.030036252123023077,0.2759330988711706,0.1664149875677075
161,161.0,160.99779210841066,0.1723795430023314,0.09263969201012785,0.10720545041791064,0.038199143417319316,0.03839321590939097,0.0514279706054469,0.032822844885440794,0.03002898054071325,0.2735779148622117,0.16332524434910717
162,162.0,161.99792363749984,0.17104327264728392,0.08935903461227077,0.10550231725875305,0.037579819520655276,0.037478120876996715,0.05007471986926822,0.0327668037012727,0.030022146311227273,0.27632016165770545,0.1698536035445667
163,163.0,162.9980627773051,0.1720356184876579,0.08745869312839552,0.10616031757519732,0.036946629818451086,0.03816615520323706,0.05317211481663302,0.032688698598508675,0.03001577404157762,0.2729085791883025,0.17044741914203934
164,164.0,163.9982073753568,0.1705568487901936,0.0926377157745689,0.1036577022912202,0.03941245590730778,0.03727596358707237,0.053179559146426435,0.03259151702003597,0.03000988125847715,0.27400008814138177,0.16667826808331593
165,165.0,164.99835543984977,0.17111559934655732,0.09407490261957019,0.09927570263657255,0.03922193613068761,0.03896070523284331,0.05465230890193501,0.03247813842921018,0.03000447894110196,0.2758516588241523,0.16436456893736962
166,166.0,165.99850514349492,0.17066738219060018,0.09724888311627114,0.09578746077215297,0.03852714167177866,0.038084559299137836,0.05459349955394012,0.03235131631317486,0.02999957206605327,0.2818498463339002,0.1608903386829908
167,167.0,166.99865482534062,0.16950273211708689,0.09775384767192764,0.09892016943850368,0.039939731620133145,0.03865269133898035,0.05469344288393652,0.032213663245611326,0.029995160157848914,0.27893513383208146,0.1593934276938901
168,168.0,167.99880299074837,0.16547163575021262,0.10129196824627715,0.09555666216414735,0.04110273938536828,0.03778372518559687,0.05370189076417333,0.032067638852348035,0.029991237838886506,0.27966508001198975,0.1633674218010001
169,169.0,168.99894830970783,0.16260912012504766,0.09950341286397621,0.09710987238007543,0.04094207183673547,0.03826085022305476,0.05464267634004869,0.03191554050988759,0.029987795373431478,0.278042109123382,0.1669865512243607
170,170.0,169.99908961367427,0.1602059678854263,0.10309921854483733,0.09615632749789707,0.04101035364254528,0.03740432560991322,0.05288669062939467,0.031759496596574316,0.029984819200787632,0.28066271321932584,0.16683008717329834
171,171.0,170.99922589110733,0.1606985549392871,0.10133074259153323,0.10032419675057494,0.04017316287050727,0.037803403577608405,0.05194359243643322,0.031601462108626625,0.029982292453400297,0.27924314966038555,0.1668994426116433
172,172.0,171.99935628188598,0.15922426993147645,0.10227851621369985,0.10359049724653602,0.039317959546967984,0.036964945674698456,0.04979619104056187,0.031443216448387434,0.02998019545621769,0.2809204883088162,0.16648372013263804
173,173.0,172.99948007076793,0.1538587454821672,0.10391213495061372,0.10484466999759633,0.03845509696031295,0.03614068410533252,0.047665567873872036,0.03128636318968829,0.029978506204191173,0.28596039702616527,0.16789783421006063
174,174.0,173.99959668005403,0.15234374160150593,0.10403224212238975,0.10578104485010209,0.04071786947442936,0.03533744185184985,0.047357037226346835,0.031132331624962185,0.029977200815325393,0.28780777860141704,0.1655133118316717
