,Unnamed: 0,Total_iterations,Intertwine_two,Invert_path_vertices,Insert_inside_vertex,Delete_inside_vertex,Replace_inside_vertex,Donate_between_routes,Trim_one_terminal_cb,Grow_one_terminal_cb
0,0.0,0.0,0.125,0.125,0.125,0.125,0.125,0.125,0.125,0.125
1,1.0,1.0,0.125,0.125,0.125,0.125,0.125,0.125,0.125,0.125
2,2.0,2.0,0.125,0.125,0.125,0.125,0.125,0.125,0.125,0.125
3,3.0,3.0,0.125,0.125,0.125,0.125,0.125,0.125,0.125,0.125
4,4.0,4.0,0.125,0.125,0.125,0.125,0.125,0.125,0.125,0.125
5,5.0,5.0,0.125,0.125,0.125,0.125,0.125,0.125,0.125,0.125
6,6.0,6.0,0.125,0.125,0.125,0.125,0.125,0.125,0.125,0.125
7,7.0,7.0,0.125,0.125,0.125,0.125,0.125,0.125,0.125,0.125
8,8.0,8.0,0.125,0.125,0.125,0.125,0.125,0.125,0.125,0.125
9,9.0,9.0,0.125,0.125,0.125,0.125,0.125,0.125,0.125,0.125
10,10.0,10.0,0.125,0.125,0.125,0.125,0.125,0.125,0.125,0.125
11,11.0,11.0,0.125,0.125,0.125,0.125,0.125,0.125,0.125,0.125
12,12.0,12.0,0.125,0.125,0.125,0.125,0.125,0.125,0.125,0.125
13,13.0,13.0,0.125,0.125,0.125,0.125,0.125,0.125,0.125,0.125
14,14.0,14.0,0.125,0.125,0.125,0.125,0.125,0.125,0.125,0.125
15,15.0,15.0,0.125,0.125,0.125,0.125,0.125,0.125,0.125,0.125
16,16.0,16.0,0.125,0.125,0.125,0.125,0.125,0.125,0.125,0.125
17,17.0,17.0,0.125,0.125,0.125,0.125,0.125,0.125,0.125,0.125
18,18.0,18.0,0.125,0.125,0.125,0.125,0.125,0.125,0.125,0.125
19,19.0,19.0,0.125,0.125,0.125,0.125,0.125,0.125,0.125,0.125
20,20.0,20.0,0.125,0.125,0.125,0.125,0.125,0.125,0.125,0.125
21,21.0,21.0,0.125,0.125,0.125,0.125,0.125,0.125,0.125,0.125
22,22.0,22.0,0.125,0.125,0.125,0.125,0.125,0.125,0.125,0.125
23,23.0,23.0,0.125,0.125,0.125,0.125,0.125,0.125,0.125,0.125
24,24.0,24.0,0.125,0.125,0.125,0.125,0.125,0.125,0.125,0.125
25,25.0,25.0,0.125,0.125,0.125,0.125,0.125,0.125,0.125,0.125
26,26.0,26.0,0.125,0.125,0.125,0.125,0.125,0.125,0.125,0.125
27,27.0,27.0,0.125,0.125,0.125,0.125,0.125,0.125,0.125,0.125
28,28.0,28.0,0.125,0.125,0.125,0.125,0.125,0.125,0.125,0.125
29,29.0,29.0,0.125,0.125,0.125,0.125,0.125,0.125,0.125,0.125
30,30.0,30.0,0.125,0.125,0.125,0.125,0.125,0.125,0.125,0.125
31,31.0,31.0,0.125,0.125,0.125,0.125,0.125,0.125,0.125,0.125
32,32.0,32.0,0.125,0.125,0.125,0.125,0.125,0.125,0.125,0.125
33,33.0,33.0,0.125,0.125,0.125,0.125,0.125,0.125,0.125,0.125
34,34.0,34.0,0.125,0.125,0.125,0.125,0.125,0.125,0.125,0.125
35,35.0,35.0,0.125,0.125,0.125,0.125,0.125,0.125,0.125,0.125
36,36.0,36.0,0.125,0.125,0.125,0.125,0.125,0.125,0.125,0.125
37,37.0,37.0,0.125,0.125,0.125,0.125,0.125,0.125,0.125,0.125
38,38.0,38.0,0.125,0.125,0.125,0.125,0.125,0.125,0.125,0.125
39,39.0,39.0,0.125,0.125,0.125,0.125,0.125,0.125,0.125,0.125
40,40.0,40.0,0.125,0.125,0.125,0.125,0.125,0.125,0.125,0.125
41,41.0,41.0,0.125,0.125,0.125,0.125,0.125,0.125,0.125,0.125
42,42.0,42.0,0.125,0.125,0.125,0.125,0.125,0.125,0.125,0.125
43,43.0,43.0,0.125,0.125,0.125,0.125,0.125,0.125,0.125,0.125
44,44.0,44.0,0.125,0.125,0.125,0.125,0.125,0.125,0.125,0.125
45,45.0,45.0,0.125,0.125,0.125,0.125,0.125,0.125,0.125,0.125
46,46.0,46.0,0.125,0.125,0.125,0.125,0.125,0.125,0.125,0.125
47,47.0,47.0,0.125,0.125,0.125,0.125,0.125,0.125,0.125,0.125
48,48.0,48.0,0.125,0.125,0.125,0.125,0.125,0.125,0.125,0.125
49,49.0,49.0,0.125,0.125,0.125,0.125,0.125,0.125,0.125,0.125
50,50.0,50.0,0.125,0.125,0.125,0.125,0.125,0.125,0.125,0.125
51,51.0,51.0,0.125,0.125,0.125,0.125,0.125,0.125,0.125,0.125
52,52.0,52.0,0.125,0.125,0.125,0.125,0.125,0.125,0.125,0.125
53,53.0,53.0,0.125,0.125,0.125,0.125,0.125,0.125,0.125,0.125
54,54.0,54.0,0.125,0.125,0.125,0.125,0.125,0.125,0.125,0.125
55,55.0,55.0,0.125,0.125,0.125,0.125,0.125,0.125,0.125,0.125
56,56.0,56.0,0.125,0.125,0.125,0.125,0.125,0.125,0.125,0.125
57,57.0,57.0,0.125,0.125,0.125,0.125,0.125,0.125,0.125,0.125
58,58.0,58.0,0.125,0.125,0.125,0.125,0.125,0.125,0.125,0.125
59,59.0,59.0,0.125,0.125,0.125,0.125,0.125,0.125,0.125,0.125
60,60.0,60.0,0.125,0.125,0.125,0.125,0.125,0.125,0.125,0.125
61,61.0,61.0,0.125,0.125,0.125,0.125,0.125,0.125,0.125,0.125
62,62.0,62.0,0.125,0.125,0.125,0.125,0.125,0.125,0.125,0.125
63,63.0,63.0,0.125,0.125,0.125,0.125,0.125,0.125,0.125,0.125
64,64.0,64.0,0.125,0.125,0.125,0.125,0.125,0.125,0.125,0.125
65,65.0,65.0,0.125,0.125,0.125,0.125,0.125,0.125,0.125,0.125
66,66.0,66.0,0.125,0.125,0.125,0.125,0.125,0.125,0.125,0.125
67,67.0,67.0,0.125,0.125,0.125,0.125,0.125,0.125,0.125,0.125
68,68.0,68.0,0.125,0.125,0.125,0.125,0.125,0.125,0.125,0.125
69,69.0,69.0,0.125,0.125,0.125,0.125,0.125,0.125,0.125,0.125
70,70.0,70.0,0.125,0.125,0.125,0.125,0.125,0.125,0.125,0.125
71,71.0,71.0,0.125,0.125,0.125,0.125,0.125,0.125,0.125,0.125
72,72.0,72.0,0.125,0.125,0.125,0.125,0.125,0.125,0.125,0.125
73,73.0,73.0,0.125,0.125,0.125,0.125,0.125,0.125,0.125,0.125
74,74.0,74.0,0.125,0.125,0.125,0.125,0.125,0.125,0.125,0.125
75,75.0,75.0,0.125,0.125,0.125,0.125,0.125,0.125,0.125,0.125
76,76.0,76.0,0.125,0.125,0.125,0.125,0.125,0.125,0.125,0.125
77,77.0,77.0,0.125,0.125,0.125,0.125,0.125,0.125,0.125,0.125
78,78.0,78.0,0.125,0.125,0.125,0.125,0.125,0.125,0.125,0.125
79,79.0,79.0,0.125,0.125,0.125,0.125,0.125,0.125,0.125,0.125
80,80.0,80.0,0.125,0.125,0.125,0.125,0.125,0.125,0.125,0.125
81,81.0,81.0,0.125,0.125,0.125,0.125,0.125,0.125,0.125,0.125
82,82.0,82.0,0.125,0.125,0.125,0.125,0.125,0.125,0.125,0.125
83,83.0,83.1,0.125,0.125,0.125,0.125,0.125,0.125,0.125,0.125
84,84.0,84.1,0.125,0.125,0.125,0.125,0.125,0.125,0.125,0.125
85,85.0,85.1,0.125,0.125,0.125,0.125,0.125,0.125,0.125,0.125
86,86.0,86.1,0.125,0.125,0.125,0.125,0.125,0.125,0.125,0.125
87,87.0,87.1,0.125,0.125,0.125,0.125,0.125,0.125,0.125,0.125
88,88.0,88.1,0.125,0.125,0.125,0.125,0.125,0.125,0.125,0.125
89,89.0,89.3,0.125,0.125,0.125,0.125,0.125,0.125,0.125,0.125
90,90.0,90.3,0.125,0.125,0.125,0.125,0.125,0.125,0.125,0.125
91,91.0,91.3,0.125,0.125,0.125,0.125,0.125,0.125,0.125,0.125
92,92.0,92.3,0.125,0.125,0.125,0.125,0.125,0.125,0.125,0.125
93,93.0,93.3,0.125,0.125,0.125,0.125,0.125,0.125,0.125,0.125
94,94.0,94.3,0.125,0.125,0.125,0.125,0.125,0.125,0.125,0.125
95,95.0,95.3,0.125,0.125,0.125,0.125,0.125,0.125,0.125,0.125
96,96.0,96.3,0.125,0.125,0.125,0.125,0.125,0.125,0.125,0.125
97,97.0,97.3,0.125,0.125,0.125,0.125,0.125,0.125,0.125,0.125
98,98.0,98.3,0.125,0.125,0.125,0.125,0.125,0.125,0.125,0.125
99,99.0,99.3,0.125,0.125,0.125,0.125,0.125,0.125,0.125,0.125
100,100.0,100.3,0.125,0.125,0.125,0.125,0.125,0.125,0.125,0.125
101,101.0,101.3,0.125,0.125,0.125,0.125,0.125,0.125,0.125,0.125
102,102.0,102.3,0.125,0.125,0.125,0.125,0.125,0.125,0.125,0.125
103,103.0,103.3,0.125,0.125,0.125,0.125,0.125,0.125,0.125,0.125
104,104.0,104.3,0.125,0.125,0.125,0.125,0.125,0.125,0.125,0.125
105,105.0,105.3,0.125,0.125,0.125,0.125,0.125,0.125,0.125,0.125
106,106.0,106.3,0.125,0.125,0.125,0.125,0.125,0.125,0.125,0.125
107,107.0,107.3,0.125,0.125,0.125,0.125,0.125,0.125,0.125,0.125
108,108.0,108.3,0.125,0.125,0.125,0.125,0.125,0.125,0.125,0.125
109,109.0,109.3,0.125,0.125,0.125,0.125,0.125,0.125,0.125,0.125
110,110.0,110.3,0.125,0.125,0.125,0.125,0.125,0.125,0.125,0.125
111,111.0,111.3,0.125,0.125,0.125,0.125,0.125,0.125,0.125,0.125
112,112.0,112.3,0.125,0.125,0.125,0.125,0.125,0.125,0.125,0.125
113,113.0,113.3,0.125,0.125,0.125,0.125,0.125,0.125,0.125,0.125
114,114.0,114.3,0.125,0.125,0.125,0.125,0.125,0.125,0.125,0.125
115,115.0,115.3,0.125,0.125,0.125,0.125,0.125,0.125,0.125,0.125
116,116.0,116.3,0.125,0.125,0.125,0.125,0.125,0.125,0.125,0.125
117,117.0,117.3,0.125,0.125,0.125,0.125,0.125,0.125,0.125,0.125
118,118.0,118.3,0.125,0.125,0.125,0.125,0.125,0.125,0.125,0.125
119,119.0,119.3,0.125,0.125,0.125,0.125,0.125,0.125,0.125,0.125
120,120.0,120.3,0.125,0.125,0.125,0.125,0.125,0.125,0.125,0.125
121,121.0,121.3,0.125,0.125,0.125,0.125,0.125,0.125,0.125,0.125
122,122.0,122.3,0.125,0.125,0.125,0.125,0.125,0.125,0.125,0.125
123,123.0,123.3,0.125,0.125,0.125,0.125,0.125,0.125,0.125,0.125
124,124.0,124.3,0.125,0.125,0.125,0.125,0.125,0.125,0.125,0.125
125,125.0,125.3,0.125,0.125,0.125,0.125,0.125,0.125,0.125,0.125
126,126.0,126.3,0.125,0.125,0.125,0.125,0.125,0.125,0.125,0.125
127,127.0,127.3,0.125,0.125,0.125,0.125,0.125,0.125,0.125,0.125
128,128.0,128.3,0.125,0.125,0.125,0.125,0.125,0.125,0.125,0.125
129,129.0,129.3,0.125,0.125,0.125,0.125,0.125,0.125,0.125,0.125
130,130.0,130.3,0.125,0.125,0.125,0.125,0.125,0.125,0.125,0.125
131,131.0,131.3,0.125,0.125,0.125,0.125,0.125,0.125,0.125,0.125
132,132.0,132.3,0.125,0.125,0.125,0.125,0.125,0.125,0.125,0.125
133,133.0,133.3,0.125,0.125,0.125,0.125,0.125,0.125,0.125,0.125
134,134.0,134.3,0.125,0.125,0.125,0.125,0.125,0.125,0.125,0.125
135,135.0,135.3,0.125,0.125,0.125,0.125,0.125,0.125,0.125,0.125
136,136.0,136.3,0.125,0.125,0.125,0.125,0.125,0.125,0.125,0.125
137,137.0,137.3,0.125,0.125,0.125,0.125,0.125,0.125,0.125,0.125
138,138.0,138.3,0.125,0.125,0.125,0.125,0.125,0.125,0.125,0.125
139,139.0,139.3,0.125,0.125,0.125,0.125,0.125,0.125,0.125,0.125
140,140.0,140.3,0.125,0.125,0.125,0.125,0.125,0.125,0.125,0.125
141,141.0,141.3,0.125,0.125,0.125,0.125,0.125,0.125,0.125,0.125
142,142.0,142.3,0.125,0.125,0.125,0.125,0.125,0.125,0.125,0.125
143,143.0,143.3,0.125,0.125,0.125,0.125,0.125,0.125,0.125,0.125
144,144.0,144.3,0.125,0.125,0.125,0.125,0.125,0.125,0.125,0.125
145,145.0,145.3,0.125,0.125,0.125,0.125,0.125,0.125,0.125,0.125
146,146.0,146.3,0.125,0.125,0.125,0.125,0.125,0.125,0.125,0.125
147,147.0,147.3,0.125,0.125,0.125,0.125,0.125,0.125,0.125,0.125
148,148.0,148.3,0.125,0.125,0.125,0.125,0.125,0.125,0.125,0.125
149,149.0,149.3,0.125,0.125,0.125,0.125,0.125,0.125,0.125,0.125
150,150.0,150.3,0.125,0.125,0.125,0.125,0.125,0.125,0.125,0.125
151,151.0,151.3,0.125,0.125,0.125,0.125,0.125,0.125,0.125,0.125
152,152.0,152.3,0.125,0.125,0.125,0.125,0.125,0.125,0.125,0.125
153,153.0,153.3,0.125,0.125,0.125,0.125,0.125,0.125,0.125,0.125
154,154.0,154.3,0.125,0.125,0.125,0.125,0.125,0.125,0.125,0.125
155,155.0,155.3,0.125,0.125,0.125,0.125,0.125,0.125,0.125,0.125
156,156.0,156.3,0.125,0.125,0.125,0.125,0.125,0.125,0.125,0.125
157,157.0,157.3,0.125,0.125,0.125,0.125,0.125,0.125,0.125,0.125
158,158.0,158.3,0.125,0.125,0.125,0.125,0.125,0.125,0.125,0.125
159,159.0,159.3,0.125,0.125,0.125,0.125,0.125,0.125,0.125,0.125
160,160.0,160.3,0.125,0.125,0.125,0.125,0.125,0.125,0.125,0.125
161,161.0,161.3,0.125,0.125,0.125,0.125,0.125,0.125,0.125,0.125
162,162.0,162.3,0.125,0.125,0.125,0.125,0.125,0.125,0.125,0.125
163,163.0,163.3,0.125,0.125,0.125,0.125,0.125,0.125,0.125,0.125
164,164.0,164.3,0.125,0.125,0.125,0.125,0.125,0.125,0.125,0.125
165,165.0,165.3,0.125,0.125,0.125,0.125,0.125,0.125,0.125,0.125
166,166.0,166.3,0.125,0.125,0.125,0.125,0.125,0.125,0.125,0.125
167,167.0,167.3,0.125,0.125,0.125,0.125,0.125,0.125,0.125,0.125
168,168.0,168.3,0.125,0.125,0.125,0.125,0.125,0.125,0.125,0.125
169,169.0,169.3,0.125,0.125,0.125,0.125,0.125,0.125,0.125,0.125
170,170.0,170.3,0.125,0.125,0.125,0.125,0.125,0.125,0.125,0.125
171,171.0,171.3,0.125,0.125,0.125,0.125,0.125,0.125,0.125,0.125
172,172.0,172.3,0.125,0.125,0.125,0.125,0.125,0.125,0.125,0.125
173,173.0,173.3,0.125,0.125,0.125,0.125,0.125,0.125,0.125,0.125
174,174.0,174.3,0.125,0.125,0.125,0.125,0.125,0.125,0.125,0.125
175,175.0,175.3,0.125,0.125,0.125,0.125,0.125,0.125,0.125,0.125
176,176.0,176.3,0.125,0.125,0.125,0.125,0.125,0.125,0.125,0.125
177,177.0,177.3,0.125,0.125,0.125,0.125,0.125,0.125,0.125,0.125
178,178.0,178.3,0.125,0.125,0.125,0.125,0.125,0.125,0.125,0.125
179,179.0,179.3,0.125,0.125,0.125,0.125,0.125,0.125,0.125,0.125
180,180.0,180.3,0.125,0.125,0.125,0.125,0.125,0.125,0.125,0.125
181,181.0,181.3,0.125,0.125,0.125,0.125,0.125,0.125,0.125,0.125
182,182.0,182.3,0.125,0.125,0.125,0.125,0.125,0.125,0.125,0.125
183,183.0,183.3,0.125,0.125,0.125,0.125,0.125,0.125,0.125,0.125
184,184.0,184.3,0.125,0.125,0.125,0.125,0.125,0.125,0.125,0.125
185,185.0,185.3,0.125,0.125,0.125,0.125,0.125,0.125,0.125,0.125
186,186.0,186.3,0.125,0.125,0.125,0.125,0.125,0.125,0.125,0.125
187,187.0,187.3,0.125,0.125,0.125,0.125,0.125,0.125,0.125,0.125
188,188.0,188.4,0.125,0.125,0.125,0.125,0.125,0.125,0.125,0.125
189,189.0,189.4,0.125,0.125,0.125,0.125,0.125,0.125,0.125,0.125
190,190.0,190.4,0.125,0.125,0.125,0.125,0.125,0.125,0.125,0.125
191,191.0,191.4,0.125,0.125,0.125,0.125,0.125,0.125,0.125,0.125
192,192.0,192.4,0.125,0.125,0.125,0.125,0.125,0.125,0.125,0.125
193,193.0,193.4,0.125,0.125,0.125,0.125,0.125,0.125,0.125,0.125
194,194.0,194.4,0.125,0.125,0.125,0.125,0.125,0.125,0.125,0.125
195,195.0,195.4,0.125,0.125,0.125,0.125,0.125,0.125,0.125,0.125
196,196.0,196.4,0.125,0.125,0.125,0.125,0.125,0.125,0.125,0.125
197,197.0,197.4,0.125,0.125,0.125,0.125,0.125,0.125,0.125,0.125
198,198.0,198.4,0.125,0.125,0.125,0.125,0.125,0.125,0.125,0.125
199,199.0,199.4,0.1211111111111111,0.13111111111111112,0.1211111111111111,0.13111111111111112,0.1322222222222222,0.1211111111111111,0.1211111111111111,0.1211111111111111
200,200.0,200.4,0.11861111111111111,0.12861111111111112,0.11861111111111111,0.12861111111111112,0.12861111111111112,0.12972222222222224,0.12861111111111112,0.11861111111111111
201,201.0,201.4,0.1142929292929293,0.13247474747474747,0.1142929292929293,0.12338383838383837,0.12338383838383837,0.1242929292929293,0.1435858585858586,0.1242929292929293
202,202.0,202.4,0.11353535353535353,0.13095959595959597,0.12186868686868686,0.12186868686868686,0.12262626262626261,0.12353535353535353,0.14207070707070707,0.12353535353535353
203,203.0,203.4,0.11213675213675214,0.12816239316239314,0.11982905982905982,0.11982905982905982,0.12816239316239314,0.11213675213675214,0.1576068376068376,0.12213675213675212
204,204.0,204.4,0.1115873015873016,0.12706349206349205,0.11873015873015871,0.12587301587301586,0.12706349206349205,0.1115873015873016,0.1565079365079365,0.12158730158730158
205,205.0,205.4,0.11047008547008545,0.12482905982905983,0.11713675213675212,0.13047008547008548,0.12482905982905983,0.11047008547008545,0.15363247863247861,0.12816239316239314
206,206.0,206.4,0.10935897435897435,0.1237179487179487,0.11602564102564102,0.12935897435897434,0.1237179487179487,0.10935897435897435,0.1614102564102564,0.12705128205128205
207,207.0,207.4,0.10844988344988342,0.1228088578088578,0.11511655011655009,0.1351165501165501,0.11614219114219111,0.10844988344988342,0.16777389277389274,0.1261421911421911
208,208.0,208.4,0.10672619047619047,0.1201190476190476,0.11922619047619047,0.1388690476190476,0.11386904761904759,0.10672619047619047,0.16226190476190475,0.13220238095238096
209,209.0,209.4,0.10524132730015082,0.11779034690799395,0.11700603318250376,0.14312971342383105,0.1119079939668175,0.10524132730015082,0.16341628959276017,0.13626696832579183
210,210.0,210.4,0.10436507936507936,0.11658730158730157,0.11547619047619047,0.14595238095238094,0.11103174603174601,0.10436507936507936,0.16023809523809524,0.14198412698412696
211,211.0,211.4,0.10359649122807016,0.11552631578947367,0.11412280701754385,0.14850877192982453,0.11026315789473684,0.10359649122807016,0.15745614035087716,0.1469298245614035
212,212.0,212.4,0.10291666666666666,0.11458333333333333,0.11291666666666667,0.15083333333333332,0.10958333333333332,0.10291666666666666,0.15499999999999997,0.15125
213,213.0,213.4,0.1023109243697479,0.11373949579831932,0.1118347338935574,0.14819327731092435,0.10897759103641455,0.1023109243697479,0.15757703081232494,0.1550560224089636
214,214.0,214.4,0.10209447415329767,0.1133065953654189,0.11118538324420676,0.14646167557932263,0.10209447415329767,0.10209447415329767,0.16792335115864526,0.15483957219251338
215,215.0,215.4,0.101480179028133,0.1120780051150895,0.11017583120204603,0.14839514066496165,0.101480179028133,0.101480179028133,0.16526854219948847,0.15964194373401536
216,216.0,216.4,0.10129901960784313,0.11171568627450981,0.10963235294117646,0.15681372549019607,0.10129901960784313,0.10129901960784313,0.16436274509803922,0.153578431372549
217,217.0,217.4,0.09941666666666667,0.11077777777777778,0.10741666666666667,0.15499999999999997,0.09941666666666667,0.10274999999999998,0.16705555555555557,0.15816666666666665
218,218.0,218.4,0.1029868742368742,0.11143467643467642,0.10683302808302805,0.15331501831501831,0.09914072039072037,0.10243742368742366,0.16598595848595846,0.15786630036630034
219,219.0,219.4,0.10204192923233169,0.11012208437131035,0.10574563293603541,0.15398173349411737,0.09833822552862799,0.10163492882533127,0.16775423664742548,0.16038122896482027
220,220.0,220.4,0.10118742368742366,0.10894078144078143,0.10475885225885224,0.15108363858363857,0.10317155067155066,0.10091269841269841,0.1729090354090354,0.1570360195360195
221,221.0,221.4,0.10070302303060923,0.10735747968506588,0.10415129889267818,0.1501135741652983,0.10625857858616479,0.10055145046524357,0.1753802997768515,0.15548429539808847
222,222.0,222.4,0.10018074031231923,0.10987613263929052,0.10351407364565257,0.14826441102756888,0.10544389820705606,0.10014411027568922,0.1734061114324272,0.1591705224599961
223,223.0,223.4,0.09970252865414155,0.10902723620465556,0.10292833510575446,0.1465552995391705,0.10470252865414154,0.09977342549923195,0.17958850289495448,0.15772214344794988
224,224.0,224.4,0.09928446553446552,0.1085083666333666,0.10240946553446553,0.14934253246753246,0.1042844655344655,0.09945616883116883,0.18017544955044953,0.1565390859140859
225,225.0,225.4,0.09889744313657356,0.10802664726577768,0.10192774616687661,0.1475103519668737,0.10389744313657356,0.09916384340297382,0.18512027827245217,0.1554562466518988
226,226.0,226.4,0.0989126559714795,0.10799019607843134,0.10071746880570406,0.14923351158645276,0.1039126559714795,0.09710784313725489,0.18304812834224599,0.15907754010695183
227,227.0,227.4,0.09845024077046548,0.10743097913322633,0.10018378812199039,0.15024959871589086,0.10457383627608345,0.0967166934189406,0.18455457463884428,0.15784028892455856
228,228.0,228.4,0.09817155067155066,0.10713980463980462,0.09991758241758242,0.14947191697191697,0.10428266178266177,0.0964255189255189,0.1867124542124542,0.15787851037851036
229,229.0,229.4,0.09802910052910052,0.10699735449735451,0.09977513227513228,0.1439021164021164,0.10414021164021162,0.10128306878306877,0.18514550264550264,0.16072751322751322
230,230.0,230.4,0.09789682539682538,0.10686507936507936,0.09964285714285714,0.14694444444444443,0.1040079365079365,0.10115079365079364,0.18369047619047618,0.15980158730158728
231,231.0,231.4,0.09789851663253443,0.10575565948967731,0.0956513256212985,0.14761457353185364,0.10402211213815242,0.10116496928100956,0.18879102784081475,0.1591018154646593
232,232.0,232.4,0.09778357410379881,0.10564071696094168,0.09553638309256286,0.1470398608881755,0.10390716960941679,0.10105002675227392,0.19074505082932047,0.15829721776350988
233,233.0,233.4,0.09755120327700972,0.10540834613415258,0.09247183819764462,0.14918458781362004,0.10366231438812083,0.10080517153097797,0.1935343061955965,0.1573822324628776
234,234.0,234.4,0.09729166666666667,0.10506944444444444,0.09229166666666665,0.14756944444444445,0.10340277777777777,0.10062499999999999,0.19715277777777776,0.1565972222222222
235,235.0,235.4,0.0969247194247194,0.10462742212742211,0.09202421452421453,0.1489042714042714,0.10302362052362049,0.10032091782091782,0.19847429597429594,0.15570053820053817
236,236.0,236.4,0.09669334535433605,0.10432492430170445,0.09186396420916544,0.14737377947130267,0.10542382540060555,0.10016066750586874,0.1991539652298166,0.15500552852720034
237,237.0,237.4,0.09647435897435895,0.10403846153846152,0.0928113553113553,0.1459249084249084,0.10513736263736262,0.10000915750915748,0.19949633699633698,0.1561080586080586
238,238.0,238.4,0.09652994666152559,0.10429310455626242,0.09293104556262449,0.1448144399460189,0.10012884776042667,0.10565516354990037,0.20088169140800716,0.15476576055523422
239,239.0,239.4,0.09877246517490418,0.10350878686244538,0.0925318369830565,0.15068619745449013,0.09960768796134649,0.10472963918085869,0.19771322448151712,0.15245016190138141
240,240.0,240.4,0.09724132877534672,0.1020487742182222,0.09217072543773443,0.14887056603359555,0.09814767531712332,0.10217072543773442,0.20892904556575925,0.15042115921448398
241,241.0,241.4,0.09601077189261595,0.10081821733549141,0.09094016855500363,0.14759223084221687,0.09690517385723055,0.10202712507674275,0.2165395992632695,0.14916671317742924
242,242.0,242.4,0.09260675515768894,0.10247517621032051,0.08997517621032053,0.14743414621597983,0.09355044502752483,0.10212571384472913,0.21956333281885065,0.15226925451458556
243,243.0,243.4,0.09219329401013501,0.10164069299540306,0.08956171506276658,0.1469470049610983,0.09306456924024452,0.10121318416104419,0.224499005214598,0.15088053435471016
244,244.0,244.4,0.08917521075415812,0.10324447482342218,0.08917521075415812,0.14547505126452492,0.09366142629300522,0.10037138300296193,0.2292914103440419,0.14960583276372746
245,245.0,245.4,0.0890523633852887,0.10290014351213861,0.0890523633852887,0.14423962818087663,0.09348320793853229,0.10024853563409253,0.23208058363505119,0.14894317432873122
246,246.0,246.4,0.08893540669856458,0.09802631578947367,0.08893540669856458,0.14306220095693778,0.0933133971291866,0.10240430622009569,0.2370095693779904,0.14831339712918662
247,247.0,247.4,0.08809218456535754,0.09718309365626664,0.08809218456535754,0.14536133770638854,0.09142874162531886,0.10118822358646593,0.23437641914052643,0.15427781515431838
248,248.0,248.4,0.08779904306220095,0.09688995215311004,0.08779904306220095,0.14216108452950557,0.09112440191387558,0.1005103668261563,0.24047846889952149,0.153237639553429
249,249.0,249.4,0.08757140078577819,0.09666230987668728,0.08757140078577819,0.14135620648072508,0.09089675963745283,0.0999493912164002,0.2416979810946435,0.1542945501225347
250,250.0,250.4,0.08730790550912501,0.0963988146000341,0.08730790550912501,0.14074115924725678,0.09062229944851895,0.0993562738074933,0.2448719014725112,0.1533937404059355
251,251.0,251.4,0.08705806705052366,0.09614897614143275,0.08705806705052366,0.14119439301234624,0.09036172215830249,0.09880005740076143,0.24682609347180628,0.15255262371430336
252,252.0,252.4,0.08938094742218453,0.09609090413214125,0.08699999504123215,0.14090403296588863,0.09030365014901096,0.09874198539146992,0.24560658127668433,0.15197190362138813
253,253.0,253.4,0.08938094742218453,0.09609090413214125,0.08699999504123215,0.14090403296588863,0.09030365014901096,0.09874198539146992,0.24560658127668433,0.15197190362138813
254,254.0,254.4,0.08860429299382785,0.09432795402272146,0.08627871159847902,0.1397504094742467,0.09728541323018065,0.09777762934739677,0.24111597220608844,0.15485961712705898
255,255.0,255.4,0.08839119643243352,0.0941784504155638,0.08611846915970625,0.13932505638691203,0.09711443195979277,0.09759590924539376,0.24209620276630583,0.15518028363389186
256,256.0,256.4,0.08828599971457113,0.09635650064221492,0.08601327244184385,0.13689453403739119,0.09699871557014413,0.09746967318395888,0.24191736834593974,0.15606393606393604
257,257.0,257.4,0.08818292818292817,0.09626373626373624,0.08591020091020089,0.13673992673992674,0.09688533688533688,0.09734598734598733,0.24275224775224774,0.15591963591963592
258,258.0,258.4,0.08808191808191806,0.09617282717282717,0.0858091908091908,0.13886113886113885,0.09677422577422576,0.09495204795204794,0.25126273726273723,0.14808591408591407
259,259.0,259.4,0.08798090798090796,0.0961223221223221,0.08575868575868575,0.1386086136086136,0.09672372072372071,0.09490154290154289,0.25237384837384835,0.1475303585303585
260,260.0,260.4,0.08796605970519014,0.10359556546513067,0.08579214666171187,0.14122853957636566,0.08901436888393408,0.09790325777282298,0.2504616623312276,0.14403839960361697
261,261.0,261.4,0.08727579303897527,0.10216055582475563,0.08514813346450718,0.13967487482196084,0.08832204650798545,0.0972592445756183,0.25777695059933725,0.14238240116685996
262,262.0,262.4,0.08775334909377461,0.10093065405831361,0.08462568951930652,0.14058628841607565,0.08775334909377461,0.09203309692671394,0.2649338061465721,0.14138376674546885
263,263.0,263.4,0.08705117016260897,0.09960997923500556,0.08393341157823989,0.13886083441170866,0.0879969429313752,0.09107626872109702,0.2655152753117257,0.14595611764823896
264,264.0,264.4,0.09240020632879957,0.09849643036718256,0.08340009480325403,0.13944175643569065,0.0874211091495866,0.09374492238946093,0.2609005846078579,0.14419489591816764
265,265.0,265.4,0.09163166902882211,0.0977278930672051,0.08295835488889748,0.13877013146386283,0.08697936923523006,0.09295835488889748,0.26077888075390254,0.1481953466731823
266,266.0,266.4,0.09152414214710168,0.09762036618548467,0.08285082800717705,0.13844755081870153,0.08687184235350962,0.09252824736201576,0.2624993108614294,0.14765771226458013
267,267.0,267.4,0.09093934682546426,0.09499475453731662,0.08255843034635833,0.13815515315788282,0.08657944469269092,0.09223584970119705,0.2680488991177846,0.14648812162130526
268,268.0,268.4,0.09079772404732074,0.09468986645305066,0.08241680756821482,0.1371180399254931,0.0863970055880168,0.09179180756821483,0.2708454758129788,0.14594327303671015
269,269.0,269.4,0.09066381139134926,0.09439909105198115,0.08228289491224335,0.136128066663461,0.08622387724577081,0.09137380400315244,0.2756255418045592,0.1433029129274827
270,270.0,270.4,0.09053697744098588,0.0941214275390235,0.08215606096187997,0.1351819539526424,0.08605933590475887,0.09097959037364468,0.27622200416572745,0.14474264966133707
271,271.0,271.4,0.0904529438275405,0.09403739392557812,0.08492917020557744,0.13492985311230626,0.08597530229131349,0.09064345591986316,0.2747093991237106,0.14432248159411018
272,272.0,272.4,0.09024864179565917,0.09373228025384463,0.08468982933546579,0.13381700620409603,0.08577904203032019,0.09024538489102137,0.275300212866371,0.14618760262322156
273,273.0,273.4,0.09005359210600032,0.09343998516707515,0.08446222157753461,0.13275026512724716,0.08559156874648573,0.08986762698294001,0.27588993668722694,0.14794480360548995
274,274.0,274.4,0.08998246835066605,0.09336886141174086,0.08431997406686603,0.13253689386124434,0.08552044499115144,0.08958313196160288,0.2746097090912099,0.1500785162655184
275,275.0,275.4,0.08938867617792651,0.09277506923900132,0.08392186340559749,0.13207130681670992,0.08518981071314874,0.08905006853380262,0.27655302892926653,0.15105017618454675
276,276.0,276.4,0.08930704352486529,0.0927342529124707,0.08388104707906688,0.13186722518405686,0.08514899438661813,0.089009252207272,0.2774101717864094,0.15064201291924062
277,277.0,277.4,0.08922861215231627,0.09269503722619621,0.08384183139279236,0.1316711467526843,0.08510977870034361,0.0889700365209975,0.28323370119817415,0.1452498560564955
278,278.0,278.4,0.08864333686115862,0.092012789191007,0.08353235873037851,0.13256153087836253,0.08476663600425974,0.08866056385858365,0.28096972334596093,0.14885306113028882
279,279.0,279.4,0.08854676676458853,0.09178634896456676,0.08337168606970587,0.13357052188735355,0.08463759837522214,0.08837168606970586,0.2790041888804265,0.1507112029884307
280,280.0,280.4,0.0880825380108861,0.09574226147311085,0.08312390753245365,0.13451321954057754,0.0843584915171679,0.08812390753245364,0.2781960058354013,0.1478596685579489
281,281.0,281.4,0.08909083214762593,0.09838998587562073,0.08416848613944021,0.13480166315265227,0.08537282209027668,0.0891684861394402,0.28042400108586,0.13858372336908378
282,282.0,282.4,0.08876815970909879,0.09901862227063987,0.08274319373732433,0.1357717119841111,0.08515882103006092,0.08880702352455835,0.28362246826296716,0.13610999948123936
283,283.0,283.4,0.08744850377098369,0.09759772119049549,0.08147960424945258,0.13474758738139647,0.08383241424053198,0.08753223582839995,0.29284770091638956,0.13451423242235014
284,284.0,284.4,0.08605097229239105,0.09589378584801925,0.08031216876182548,0.1328810910675899,0.08263673016533427,0.08636480034077285,0.3016088145264347,0.1342516369976324
285,285.0,285.4,0.08982799771410643,0.09518637316092018,0.08010368693716405,0.13379282782216345,0.08240092593630124,0.08615631851611141,0.2990595154055033,0.13347235450772982
286,286.0,286.4,0.09323890003601379,0.09449639862118639,0.07987925091320676,0.13449583269022997,0.08215004887585532,0.08593188249215412,0.2973681638112877,0.13243952256006586
287,287.0,287.4,0.0925374177143687,0.09385100229474094,0.07966955508697793,0.13518456387331157,0.08191475141112163,0.08572218666592529,0.29965006862466026,0.13147045432889354
288,288.0,288.4,0.09115159603339798,0.09634055713672125,0.07874030651015483,0.1341092019125025,0.08098550283429853,0.09312627142243553,0.2940007976627067,0.13154576648778254
289,289.0,289.4,0.09012654348339831,0.09876853657095591,0.07701978465083302,0.13298080615620939,0.08807566761195793,0.09186262997754932,0.2919769880656978,0.1291890434833983
290,290.0,290.4,0.08955524937567824,0.09798121985055555,0.07684527107556335,0.13214083440523566,0.0878771155751498,0.09168811640227967,0.29556438404074215,0.12834780927479553
291,291.0,291.4,0.08901928716444844,0.10057353936386196,0.07668057748702908,0.1313311151214377,0.07999680427099781,0.09152342281374538,0.30332468606662155,0.12755056771185802
292,292.0,292.4,0.09281643742765551,0.09976709122472241,0.0754495659478808,0.13204238908259128,0.07981844734733515,0.09136768009180139,0.3019447751200279,0.12679361375798542
293,293.0,293.4,0.09211502358717626,0.09890280518917877,0.07523337465100606,0.13107153172234523,0.07952311182247038,0.08605119379994222,0.3111436771926447,0.12595928203523635
294,294.0,294.4,0.0913730029505201,0.10669278757093399,0.07457138351732172,0.1296759719113838,0.0787838167743774,0.08532037137157272,0.3085918653238447,0.12499080058004544
295,295.0,295.4,0.09118506493506492,0.1064258658008658,0.07550324675324674,0.12885281385281383,0.07859848484848483,0.08514339826839826,0.3097077922077922,0.12458333333333331
296,296.0,296.4,0.09064352533109102,0.10531002557634364,0.0749843213509915,0.1291664914862308,0.07805943872188352,0.08460185866442435,0.31341619367948986,0.12381814518954522
297,297.0,297.4,0.09016339869281045,0.10431781045751634,0.07452614379084965,0.12959967320261437,0.07758169934640521,0.08412173202614377,0.3165686274509804,0.12312091503267972
298,298.0,298.4,0.08926061516436126,0.1028598405223804,0.07402346101416363,0.12851249218351046,0.07705999069452893,0.08359773637648246,0.32258387730261306,0.12210198674195975
299,299.0,299.4,0.08908256848675283,0.10261290546766592,0.07390907359676309,0.12772221295113956,0.07688413628832062,0.08343042853048915,0.32462884284897625,0.12172983182989246
300,300.0,300.4,0.0896022034080384,0.1017183867998757,0.0734704997662744,0.1279586189576129,0.07638546575266894,0.08294017496029567,0.3268841766326676,0.12104047372256625
301,301.0,301.4,0.0894218500797448,0.10148325358851676,0.07336124401913874,0.12820042530568845,0.07621743753322699,0.08278043593833065,0.3278482190324296,0.12068713450292397
302,302.0,302.4,0.08924549803316925,0.10125370139753702,0.0732544228982585,0.12873983474668405,0.0760531241969598,0.08262428591195711,0.328486469390579,0.12034266342485518
303,303.0,303.4,0.08889942703100596,0.10053384429700221,0.0729268635584425,0.12915035628193522,0.07570891484049377,0.08227821490979384,0.32933769028505877,0.12116468879626771
304,304.0,304.4,0.08846519272180382,0.0997868020979313,0.0725601522177534,0.12946178984987106,0.07655219382697762,0.08186378258078972,0.33075623891503075,0.12055384778984228
305,305.0,305.4,0.08657976053023257,0.09773485049743365,0.07104877012469049,0.13976149666050194,0.07500916616429443,0.08033485662807767,0.33096481861808474,0.11856628077668448
306,306.0,306.4,0.08706045511180434,0.09814004066139573,0.07207685591154818,0.14200273738858477,0.07547608472331824,0.08240646030055851,0.34344640136282534,0.09939096453996472
307,307.0,307.4,0.08680649057621796,0.09784151246489839,0.07179894909808826,0.14195615519503607,0.07521836564519488,0.08190452979190424,0.3455882659505328,0.09888573127812725
308,308.0,308.4,0.08614091853759012,0.09704853291335014,0.07144929824931259,0.14086855618427524,0.07609010836912608,0.08134202810763173,0.3489983395487296,0.0980622180899843
309,309.0,309.4,0.08558608058608057,0.0963721001221001,0.07127442002442001,0.141304945054945,0.07583485958485955,0.08208485958485956,0.35010989010989013,0.09743284493284492
310,310.0,310.4,0.0852099271216918,0.09461770216672173,0.06990006597849732,0.14821049556343674,0.07567432439981456,0.0805363432814413,0.35020163451536007,0.09564950697303636
311,311.0,311.4,0.08476555337938443,0.09402012532571485,0.06966511218245201,0.14750374986605094,0.07545972611660083,0.08015123933524583,0.35324699177412355,0.09518750202042733
312,312.0,312.4,0.08374017159662141,0.08802485495517706,0.06859871805657994,0.15351851360867091,0.07446445574606304,0.07892754199259257,0.3587702489169785,0.09395549512731646
313,313.0,313.4,0.08337715581090166,0.08761103254357576,0.06819761172362138,0.15851151468812671,0.07407736415509794,0.07837678997508878,0.3591007087650649,0.09074782233852269
314,314.0,314.4,0.08195861609654712,0.09448703595255317,0.06701356115149218,0.1546450962830273,0.07295741614707128,0.0770501911881222,0.3626170381342795,0.0892710450469071
315,315.0,315.4,0.08069645676003184,0.10024006730769919,0.06597484766611285,0.15129865138614887,0.07197967827144806,0.07587552088098978,0.3659847129188965,0.08795006480867279
316,316.0,316.4,0.0795618570605368,0.09797295068066869,0.06505343817747242,0.1555093969473847,0.07111634079209916,0.07720523986415781,0.36682455117332974,0.08675622530435054
317,317.0,317.4,0.07852011100367154,0.09825006495776341,0.06421533999280589,0.15204542263403525,0.07028136698906544,0.07618766331236256,0.3748581291736865,0.08564190193660921
318,318.0,318.4,0.07763355830216291,0.09644556025369976,0.06357639453569683,0.15331456334363308,0.06964242153195638,0.07553565620426082,0.3791033094812165,0.08474853634737353
319,319.0,319.4,0.08265038491409936,0.09476456782306086,0.0628949668358128,0.1541062026025674,0.06901384795469392,0.07468289800576645,0.3780661808999548,0.08382095096404413
320,320.0,320.4,0.08241738341705292,0.09447992633055421,0.06263642907727505,0.1529869847417765,0.06875474272367858,0.07426036070120667,0.37992826076765274,0.08453591224080316
321,321.0,321.4,0.08167884943043709,0.09343901498273748,0.0622008033219562,0.1565810065199415,0.06836742614710369,0.07366759739744591,0.3800993258492037,0.08396597635117417
322,322.0,322.4,0.08078279099275736,0.09733780031092457,0.06175290927810523,0.1574553404788567,0.06791584799423542,0.07308094294656442,0.37828226458125674,0.08339210341729936
323,323.0,323.4,0.08048470884569278,0.09904375277659025,0.061603737604881734,0.15779132195036083,0.06776216251330666,0.07279879254993668,0.3773936303970629,0.08312189336216792
324,324.0,324.4,0.08027126082088262,0.09878252644313221,0.061371661727592765,0.16216612630642455,0.06752482533417252,0.07242722107507757,0.3747218403109443,0.08273453798177335
325,325.0,325.4,0.07983748380242617,0.09923850701671022,0.06110545766771608,0.16289519255082957,0.06725268678268712,0.07202688033107421,0.37434463620642866,0.08329915564212784
326,326.0,326.4,0.07359002057554308,0.09280086991657159,0.05501896177903802,0.15686852951773714,0.06782631712706921,0.06581129835360236,0.41112014187884177,0.07696386085159665
327,327.0,327.4,0.07340671390013491,0.09256157219973003,0.054820344129554624,0.15761639676113356,0.06762061403508769,0.0654883603238866,0.41187753036437247,0.07660846828609984
328,328.0,328.4,0.0730192877770548,0.09199177049483825,0.054588631388000054,0.15744967199419957,0.06738132611465705,0.06513682925931114,0.41429427021292886,0.07613821275900999
329,329.0,329.4,0.07264818365724812,0.09144452323736416,0.05436732963656774,0.15730704209560611,0.0671520096377426,0.06479996687332869,0.4126239058445978,0.07965703901754453
330,330.0,330.4,0.07230284256340144,0.0929633587419919,0.05416622059772155,0.15651294526287113,0.06698457063256642,0.06448732806168614,0.4134260248802783,0.07915670925948282
331,331.0,331.4,0.07070056062498505,0.09397712322214294,0.0534408278765305,0.15727630188757233,0.06751506488154806,0.06399741414740248,0.41565996974027364,0.07743273761954478
332,332.0,332.4,0.07031926296618093,0.09351018933973958,0.05321342917890297,0.15576438819132815,0.06731155327702706,0.06363138423971518,0.41919123454385543,0.07705855826325038
333,333.0,333.4,0.06993076581383686,0.0929126336877286,0.05302571277720489,0.15582693991565394,0.06703037649836345,0.06339295664444874,0.42132645043307015,0.07655416422969322
334,334.0,334.4,0.07054520566904246,0.09233499066257939,0.05284453973778769,0.1548769852569823,0.06675761982130624,0.06316207863453449,0.4208484573690782,0.07863012284868903
335,335.0,335.4,0.07040976466067658,0.09214720156226146,0.052697572388817816,0.1548996741779441,0.0666007521804812,0.06466561129797188,0.4203738005379485,0.07820562319389832
336,336.0,336.4,0.07011698178548927,0.09164078766010589,0.052523825315699324,0.15633988656494086,0.06641684910083646,0.06436116523630396,0.42090190560999075,0.07769859872663336
337,337.0,337.4,0.06972781401050587,0.09107382865044412,0.05326919293963572,0.15709991932717243,0.066132427389575,0.06397042258403586,0.421595057696845,0.07713133740178571
338,338.0,338.4,0.0693785453398997,0.09225806488158067,0.05306025966924501,0.15600847181170324,0.06586532344232705,0.06361042148154275,0.4231061977282555,0.07671271564544586
339,339.0,339.4,0.06928885044245159,0.09307261517735546,0.052943242367425314,0.1551651565933269,0.06573755506305902,0.0633841145622367,0.42393751243667166,0.07647095335747306
340,340.0,340.4,0.06905645564660265,0.09356107550817666,0.05280129724227649,0.15431870296518108,0.06461383588851385,0.06313640529113336,0.42636134533013453,0.07615088212798116
341,341.0,341.4,0.0697001517794768,0.09309241230382724,0.052617524249736335,0.15363178723996077,0.06441832323500134,0.06440018603239814,0.4263442922065259,0.07579532295307324
342,342.0,342.4,0.0739988266929058,0.0971538927177667,0.0570254887806517,0.1577283964595208,0.06212299106262,0.06880815056331349,0.40303192606629085,0.08013032765693041
343,343.0,343.4,0.07383283519719522,0.09770077342181253,0.05694045984359404,0.15716427572851285,0.0620268248090005,0.06859911368974789,0.403761270115173,0.07997444719496379
344,344.0,344.4,0.07351582817706939,0.09717827801366521,0.056756765970894255,0.15619932285726423,0.06274765316493905,0.06825859747272575,0.4057324598288485,0.07961109451459338
345,345.0,345.4,0.07320771375119998,0.09667042662194616,0.056578456226716325,0.15526053236875717,0.0625131157609362,0.06792779870813427,0.4085827039273514,0.07925925263495823
346,346.0,346.4,0.0730138955017209,0.09625592500384791,0.0564581776216724,0.15748131291264,0.06238147242454946,0.06769444909449696,0.40772589381437097,0.07898887362670118
347,347.0,347.5,0.07376388571738765,0.0958628648775269,0.056360849572894646,0.15682001509339552,0.06226321394917689,0.06650698349816286,0.40956135453489273,0.07886083275656261
348,348.0,348.5,0.07561920634411841,0.09571091786592205,0.05625178139156963,0.1568942636500268,0.06215221697852208,0.06630086932241644,0.4085280117065756,0.07854273274084882
349,349.0,349.5,0.07483960734031134,0.09426134583836636,0.055860179629188336,0.16037267185394471,0.06175847944258248,0.0658150832161674,0.4091902563002254,0.07790237637921385
350,350.0,350.5,0.07411770649982567,0.09292294841626166,0.06807909233146092,0.16017768377974873,0.06139336546937444,0.06536085045946188,0.4006509232967357,0.07729742974713072
351,351.0,351.5,0.07334051752139258,0.09614769456887931,0.0676673191927444,0.15765804188301397,0.060956316730096716,0.06484629869435314,0.40273032470146575,0.07665348670805391
352,352.0,352.5,0.07355100839764986,0.09479241468920692,0.067287006428417,0.16087401038674792,0.0605812829952377,0.06436576322167899,0.40248649241102824,0.07606202147003314
353,353.0,353.5,0.0728867587979756,0.09354771597476849,0.0558537514896113,0.16488845323243434,0.06116287093154925,0.06403841469859536,0.4120880446484557,0.07553399022660971
354,354.0,354.5,0.0725923851934878,0.09321765039987326,0.05571626837018777,0.1643808507009065,0.061003402659309716,0.06389562699349512,0.41308071320615725,0.07611310247658247
355,355.0,355.5,0.07197193545926855,0.09778687197932404,0.05541548130298346,0.16150901203947968,0.060680841701725254,0.06358944605229067,0.41252933079219034,0.07651708067273785
