,Unnamed: 0,Total_iterations,Intertwine_two,Invert_path_vertices,Insert_inside_vertex,Delete_inside_vertex,Replace_inside_vertex,Donate_between_routes,Trim_one_terminal_cb,Grow_one_terminal_cb
0,0.0,0.0,0.125,0.125,0.125,0.125,0.125,0.125,0.125,0.125
1,1.0,0.10900000000000001,0.125,0.125,0.125,0.125,0.125,0.125,0.125,0.125
2,2.0,0.31601,0.125,0.125,0.125,0.125,0.125,0.125,0.125,0.125
3,3.0,0.6191589000000001,0.125,0.125,0.125,0.125,0.125,0.125,0.125,0.125
4,4.0,1.015801321,0.125,0.125,0.125,0.125,0.125,0.125,0.125,0.125
5,5.0,1.50262148669,0.125,0.125,0.125,0.125,0.125,0.125,0.125,0.125
6,6.0,2.0757334209441005,0.125,0.125,0.125,0.125,0.125,0.125,0.125,0.125
7,7.0,2.7307768275633495,0.125,0.125,0.125,0.125,0.125,0.125,0.125,0.125
8,8.0,3.4630081252450404,0.125,0.125,0.125,0.125,0.125,0.125,0.125,0.125
9,9.0,4.2673862119061114,0.125,0.125,0.125,0.125,0.125,0.125,0.125,0.125
10,10.0,5.138652627782014,0.125,0.125,0.125,0.125,0.125,0.125,0.125,0.125
11,11.0,6.071405875792507,0.125,0.125,0.125,0.125,0.125,0.125,0.125,0.125
12,12.0,7.060169740244025,0.125,0.125,0.125,0.125,0.125,0.125,0.125,0.125
13,13.0,8.099455520847952,0.125,0.125,0.125,0.125,0.125,0.125,0.125,0.125
14,14.0,9.183818168183006,0.125,0.125,0.125,0.125,0.125,0.125,0.125,0.125
15,15.0,10.307906369102724,0.125,0.125,0.125,0.125,0.125,0.125,0.125,0.125
16,16.0,11.466506686239443,0.125,0.125,0.125,0.125,0.125,0.125,0.125,0.125
17,17.0,12.654581904800096,0.125,0.125,0.125,0.125,0.125,0.125,0.125,0.125
18,18.0,13.867303782456686,0.125,0.125,0.125,0.125,0.125,0.125,0.125,0.125
19,19.0,15.100080434523047,0.125,0.125,0.125,0.125,0.125,0.125,0.125,0.125
20,20.0,16.348578617037543,0.125,0.125,0.125,0.125,0.125,0.125,0.125,0.125
21,21.0,17.608741195130214,0.125,0.125,0.125,0.125,0.125,0.125,0.125,0.125
22,22.0,18.876800103462312,0.125,0.125,0.125,0.125,0.125,0.125,0.125,0.125
23,23.0,20.14928511992658,0.125,0.125,0.125,0.125,0.125,0.125,0.125,0.125
24,24.0,21.423028783545156,0.125,0.125,0.125,0.125,0.125,0.125,0.125,0.125
25,25.0,22.695167792966423,0.125,0.125,0.125,0.125,0.125,0.125,0.125,0.125
26,26.0,23.963141223515898,0.125,0.125,0.125,0.125,0.125,0.125,0.125,0.125
27,27.0,25.224685898775267,0.125,0.125,0.125,0.125,0.125,0.125,0.125,0.125
28,28.0,26.477829247520948,0.125,0.125,0.125,0.125,0.125,0.125,0.125,0.125
29,29.0,27.720879968916847,0.125,0.125,0.125,0.125,0.125,0.125,0.125,0.125
30,30.0,28.95241681848399,0.125,0.125,0.125,0.125,0.125,0.125,0.125,0.125
31,31.0,30.17127581490958,0.125,0.125,0.125,0.125,0.125,0.125,0.125,0.125
32,32.0,31.376536153543515,0.125,0.125,0.125,0.125,0.125,0.125,0.125,0.125
33,33.0,32.567505096778625,0.125,0.125,0.125,0.125,0.125,0.125,0.125,0.125
34,34.0,33.74370209472243,0.125,0.125,0.125,0.125,0.125,0.125,0.125,0.125
35,35.0,34.90484237192463,0.125,0.125,0.125,0.125,0.125,0.125,0.125,0.125
36,36.0,36.05082019768737,0.125,0.125,0.125,0.125,0.125,0.125,0.125,0.125
37,37.0,37.18169203889697,0.125,0.125,0.125,0.125,0.125,0.125,0.125,0.125
38,38.0,38.29765977559663,0.125,0.125,0.125,0.125,0.125,0.125,0.125,0.125
39,39.0,39.399054140870355,0.125,0.125,0.125,0.125,0.125,0.125,0.125,0.125
40,40.0,40.48631852820801,0.125,0.125,0.125,0.125,0.125,0.125,0.125,0.125
41,41.0,41.55999329152982,0.125,0.125,0.125,0.125,0.125,0.125,0.125,0.125
42,42.0,42.62070064560415,0.125,0.125,0.125,0.125,0.125,0.125,0.125,0.125
43,43.0,43.669130257815,0.125,0.125,0.125,0.125,0.125,0.125,0.125,0.125
44,44.0,44.70602560622662,0.125,0.125,0.125,0.125,0.125,0.125,0.125,0.125
45,45.0,45.73217116373481,0.125,0.125,0.125,0.125,0.125,0.125,0.125,0.125
46,46.0,46.748380453854836,0.125,0.125,0.125,0.125,0.125,0.125,0.125,0.125
47,47.0,47.755485010424316,0.125,0.125,0.125,0.125,0.125,0.125,0.125,0.125
48,48.0,48.7543242612326,0.125,0.125,0.125,0.125,0.125,0.125,0.125,0.125
49,49.0,49.745736344347726,0.125,0.125,0.125,0.125,0.125,0.125,0.125,0.125
50,50.0,50.730549855707864,0.125,0.125,0.125,0.125,0.125,0.125,0.125,0.125
51,51.0,51.70957651737491,0.125,0.125,0.125,0.125,0.125,0.125,0.125,0.125
52,52.0,52.68360474770151,0.125,0.125,0.125,0.125,0.125,0.125,0.125,0.125
53,53.0,53.65339410751842,0.125,0.125,0.125,0.125,0.125,0.125,0.125,0.125
54,54.0,54.61967059027847,0.125,0.125,0.125,0.125,0.125,0.125,0.125,0.125
55,55.0,55.58312271885972,0.125,0.125,0.125,0.125,0.125,0.125,0.125,0.125
56,56.0,56.544398407394254,0.125,0.125,0.125,0.125,0.125,0.125,0.125,0.125
57,57.0,57.504102543001395,0.125,0.125,0.125,0.125,0.125,0.125,0.125,0.125
58,58.0,58.462795239617805,0.125,0.125,0.125,0.125,0.125,0.125,0.125,0.125
59,59.0,59.42099071417639,0.125,0.125,0.125,0.125,0.125,0.125,0.125,0.125
60,60.0,60.379156734137354,0.125,0.125,0.125,0.125,0.125,0.125,0.125,0.125
61,61.0,61.337714584760846,0.125,0.125,0.125,0.125,0.125,0.125,0.125,0.125
62,62.0,62.29703950447439,0.125,0.125,0.125,0.125,0.125,0.125,0.125,0.125
63,63.0,63.257461537171835,0.125,0.125,0.125,0.125,0.125,0.125,0.125,0.125
64,64.0,64.21926675122782,0.125,0.125,0.125,0.125,0.125,0.125,0.125,0.125
65,65.0,65.18269877636592,0.125,0.125,0.125,0.125,0.125,0.125,0.125,0.125
66,66.0,66.14796061122655,0.125,0.125,0.125,0.125,0.125,0.125,0.125,0.125
67,67.0,67.11521665648885,0.125,0.125,0.125,0.125,0.125,0.125,0.125,0.125
68,68.0,68.08459493066005,0.125,0.125,0.125,0.125,0.125,0.125,0.125,0.125
69,69.0,69.05618942810752,0.125,0.125,0.125,0.125,0.125,0.125,0.125,0.125
70,70.0,70.03006258152917,0.125,0.125,0.125,0.125,0.125,0.125,0.125,0.125
71,71.0,71.00624779379335,0.125,0.125,0.125,0.125,0.125,0.125,0.125,0.125
72,72.0,71.98475200689319,0.125,0.125,0.125,0.125,0.125,0.125,0.125,0.125
73,73.0,72.96555827861411,0.125,0.125,0.125,0.125,0.125,0.125,0.125,0.125
74,74.0,73.94862834037681,0.125,0.125,0.125,0.125,0.125,0.125,0.125,0.125
75,75.0,74.93390511255946,0.125,0.125,0.125,0.125,0.125,0.125,0.125,0.125
76,76.0,75.92131515639825,0.125,0.125,0.125,0.125,0.125,0.125,0.125,0.125
77,77.0,76.91077104428919,0.125,0.125,0.125,0.125,0.125,0.125,0.125,0.125
78,78.0,77.90217363294813,0.125,0.125,0.125,0.125,0.125,0.125,0.125,0.125
79,79.0,78.89541422641172,0.125,0.125,0.125,0.125,0.125,0.125,0.125,0.125
80,80.0,79.89037661826481,0.125,0.125,0.125,0.125,0.125,0.125,0.125,0.125
81,81.0,80.88693900474995,0.125,0.125,0.125,0.125,0.125,0.125,0.125,0.125
82,82.0,81.88497576253909,0.125,0.125,0.125,0.125,0.125,0.125,0.125,0.125
83,83.0,82.89435908692391,0.125,0.125,0.125,0.125,0.125,0.125,0.125,0.125
84,84.0,83.904860488001,0.125,0.125,0.125,0.125,0.125,0.125,0.125,0.125
85,85.0,84.9162631440904,0.125,0.125,0.125,0.125,0.125,0.125,0.125,0.125
86,86.0,85.92836290312992,0.125,0.125,0.125,0.125,0.125,0.125,0.125,0.125
87,87.0,86.9409690572342,0.125,0.125,0.125,0.125,0.125,0.125,0.125,0.125
88,88.0,87.95390490535573,0.125,0.125,0.125,0.125,0.125,0.125,0.125,0.125
89,89.0,88.98700811961154,0.125,0.125,0.125,0.125,0.125,0.125,0.125,0.125
90,90.0,90.01993093124565,0.125,0.125,0.125,0.125,0.125,0.125,0.125,0.125
91,91.0,91.05236215240389,0.125,0.125,0.125,0.125,0.125,0.125,0.125,0.125
92,92.0,92.08402662992228,0.125,0.125,0.125,0.125,0.125,0.125,0.125,0.125
93,93.0,93.11468439338961,0.125,0.125,0.125,0.125,0.125,0.125,0.125,0.125
94,94.0,94.14412953657632,0.125,0.125,0.125,0.125,0.125,0.125,0.125,0.125
95,95.0,95.17218887007857,0.125,0.125,0.125,0.125,0.125,0.125,0.125,0.125
96,96.0,96.19872038152981,0.125,0.125,0.125,0.125,0.125,0.125,0.125,0.125
97,97.0,97.22361153802065,0.125,0.125,0.125,0.125,0.125,0.125,0.125,0.125
98,98.0,98.24677746348219,0.125,0.125,0.125,0.125,0.125,0.125,0.125,0.125
99,99.0,99.26815902176276,0.125,0.125,0.125,0.125,0.125,0.125,0.125,0.125
100,100.0,100.28772083399764,0.125,0.125,0.125,0.125,0.125,0.125,0.125,0.125
101,101.0,101.30544925666905,0.125,0.125,0.125,0.125,0.125,0.125,0.125,0.125
102,102.0,102.32135034450663,0.125,0.125,0.125,0.125,0.125,0.125,0.125,0.125
103,103.0,103.33544782011538,0.125,0.125,0.125,0.125,0.125,0.125,0.125,0.125
104,104.0,104.34778106996211,0.125,0.125,0.125,0.125,0.125,0.125,0.125,0.125
105,105.0,105.35840318412454,0.125,0.125,0.125,0.125,0.125,0.125,0.125,0.125
106,106.0,106.36737905502947,0.125,0.125,0.125,0.125,0.125,0.125,0.125,0.125
107,107.0,107.37478354829364,0.125,0.125,0.125,0.125,0.125,0.125,0.125,0.125
108,108.0,108.38069975674844,0.125,0.125,0.125,0.125,0.125,0.125,0.125,0.125
109,109.0,109.38521734679028,0.125,0.125,0.125,0.125,0.125,0.125,0.125,0.125
110,110.0,110.38843100436004,0.125,0.125,0.125,0.125,0.125,0.125,0.125,0.125
111,111.0,111.39043898612921,0.125,0.125,0.125,0.125,0.125,0.125,0.125,0.125
112,112.0,112.39134177986018,0.125,0.125,0.125,0.125,0.125,0.125,0.125,0.125
113,113.0,113.39124087641946,0.125,0.125,0.125,0.125,0.125,0.125,0.125,0.125
114,114.0,114.3902376545586,0.125,0.125,0.125,0.125,0.125,0.125,0.125,0.125
115,115.0,115.38843237833825,0.125,0.125,0.125,0.125,0.125,0.125,0.125,0.125
116,116.0,116.38592330595655,0.125,0.125,0.125,0.125,0.125,0.125,0.125,0.125
117,117.0,117.38280590775345,0.125,0.125,0.125,0.125,0.125,0.125,0.125,0.125
118,118.0,118.37917219029313,0.125,0.125,0.125,0.125,0.125,0.125,0.125,0.125
119,119.0,119.37511012267592,0.125,0.125,0.125,0.125,0.125,0.125,0.125,0.125
120,120.0,120.37070316059366,0.125,0.125,0.125,0.125,0.125,0.125,0.125,0.125
121,121.0,121.3660298631137,0.125,0.125,0.125,0.125,0.125,0.125,0.125,0.125
122,122.0,122.36116359675059,0.125,0.125,0.125,0.125,0.125,0.125,0.125,0.125
123,123.0,123.35617232105629,0.125,0.125,0.125,0.125,0.125,0.125,0.125,0.125
124,124.0,124.35111844972087,0.125,0.125,0.125,0.125,0.125,0.125,0.125,0.125
125,125.0,125.34605878102178,0.125,0.125,0.125,0.125,0.125,0.125,0.125,0.125
126,126.0,126.34104449138238,0.125,0.125,0.125,0.125,0.125,0.125,0.125,0.125
127,127.0,127.33612118579309,0.125,0.125,0.125,0.125,0.125,0.125,0.125,0.125
128,128.0,128.3313289989048,0.125,0.125,0.125,0.125,0.125,0.125,0.125,0.125
129,129.0,129.3267027407163,0.125,0.125,0.125,0.125,0.125,0.125,0.125,0.125
130,130.0,130.3222720809395,0.125,0.125,0.125,0.125,0.125,0.125,0.125,0.125
131,131.0,131.31806176633097,0.125,0.125,0.125,0.125,0.125,0.125,0.125,0.125
132,132.0,132.31409186551997,0.125,0.125,0.125,0.125,0.125,0.125,0.125,0.125
133,133.0,133.31037803613486,0.125,0.125,0.125,0.125,0.125,0.125,0.125,0.125
134,134.0,134.30693180932693,0.125,0.125,0.125,0.125,0.125,0.125,0.125,0.125
135,135.0,135.30376088710653,0.125,0.125,0.125,0.125,0.125,0.125,0.125,0.125
136,136.0,136.3008694482371,0.125,0.125,0.125,0.125,0.125,0.125,0.125,0.125
137,137.0,137.29825845877224,0.125,0.125,0.125,0.125,0.125,0.125,0.125,0.125
138,138.0,138.29592598366617,0.125,0.125,0.125,0.125,0.125,0.125,0.125,0.125
139,139.0,139.29386749623404,0.125,0.125,0.125,0.125,0.125,0.125,0.125,0.125
140,140.0,140.29207618258278,0.125,0.125,0.125,0.125,0.125,0.125,0.125,0.125
141,141.0,141.2905432384708,0.125,0.125,0.125,0.125,0.125,0.125,0.125,0.125
142,142.0,142.2892581563853,0.125,0.125,0.125,0.125,0.125,0.125,0.125,0.125
143,143.0,143.28820900094453,0.125,0.125,0.125,0.125,0.125,0.125,0.125,0.125
144,144.0,144.2873826710384,0.125,0.125,0.125,0.125,0.125,0.125,0.125,0.125
145,145.0,145.28676514741247,0.125,0.125,0.125,0.125,0.125,0.125,0.125,0.125
146,146.0,146.28634172467503,0.125,0.125,0.125,0.125,0.125,0.125,0.125,0.125
147,147.0,147.28609722696456,0.125,0.125,0.125,0.125,0.125,0.125,0.125,0.125
148,148.0,148.28601620675553,0.125,0.125,0.125,0.125,0.125,0.125,0.125,0.125
149,149.0,149.28608312649985,0.125,0.125,0.125,0.125,0.125,0.125,0.125,0.125
150,150.0,150.28628252300473,0.125,0.125,0.125,0.125,0.125,0.125,0.125,0.125
151,151.0,151.28659915462904,0.125,0.125,0.125,0.125,0.125,0.125,0.125,0.125
152,152.0,152.28701813154464,0.125,0.125,0.125,0.125,0.125,0.125,0.125,0.125
153,153.0,153.28752502945326,0.125,0.125,0.125,0.125,0.125,0.125,0.125,0.125
154,154.0,154.28810598727648,0.125,0.125,0.125,0.125,0.125,0.125,0.125,0.125
155,155.0,155.2887477894446,0.125,0.125,0.125,0.125,0.125,0.125,0.125,0.125
156,156.0,156.28943793350146,0.125,0.125,0.125,0.125,0.125,0.125,0.125,0.125
157,157.0,157.2901646838176,0.125,0.125,0.125,0.125,0.125,0.125,0.125,0.125
158,158.0,158.290917112264,0.125,0.125,0.125,0.125,0.125,0.125,0.125,0.125
159,159.0,159.29168512674312,0.125,0.125,0.125,0.125,0.125,0.125,0.125,0.125
160,160.0,160.2924594885069,0.125,0.125,0.125,0.125,0.125,0.125,0.125,0.125
161,161.0,161.2932318192092,0.125,0.125,0.125,0.125,0.125,0.125,0.125,0.125
162,162.0,162.2939945986492,0.125,0.125,0.125,0.125,0.125,0.125,0.125,0.125
163,163.0,163.2947411541587,0.125,0.125,0.125,0.125,0.125,0.125,0.125,0.125
164,164.0,164.29546564257566,0.125,0.125,0.125,0.125,0.125,0.125,0.125,0.125
165,165.0,165.29616302572518,0.125,0.125,0.125,0.125,0.125,0.125,0.125,0.125
166,166.0,166.2968290403025,0.125,0.125,0.125,0.125,0.125,0.125,0.125,0.125
167,167.0,167.29746016301905,0.125,0.125,0.125,0.125,0.125,0.125,0.125,0.125
168,168.0,168.29805357183375,0.125,0.125,0.125,0.125,0.125,0.125,0.125,0.125
169,169.0,169.29860710404867,0.125,0.125,0.125,0.125,0.125,0.125,0.125,0.125
170,170.0,170.2991192120016,0.125,0.125,0.125,0.125,0.125,0.125,0.125,0.125
171,171.0,171.29958891703922,0.125,0.125,0.125,0.125,0.125,0.125,0.125,0.125
172,172.0,172.30001576240267,0.125,0.125,0.125,0.125,0.125,0.125,0.125,0.125
173,173.0,173.30039976560576,0.125,0.125,0.125,0.125,0.125,0.125,0.125,0.125
174,174.0,174.3007413708325,0.125,0.125,0.125,0.125,0.125,0.125,0.125,0.125
175,175.0,175.30104140182823,0.125,0.125,0.125,0.125,0.125,0.125,0.125,0.125
176,176.0,176.30130101570612,0.125,0.125,0.125,0.125,0.125,0.125,0.125,0.125
177,177.0,177.30152165803912,0.125,0.125,0.125,0.125,0.125,0.125,0.125,0.125
178,178.0,178.30170501955848,0.125,0.125,0.125,0.125,0.125,0.125,0.125,0.125
179,179.0,179.3018529947303,0.125,0.125,0.125,0.125,0.125,0.125,0.125,0.125
180,180.0,180.30196764243763,0.125,0.125,0.125,0.125,0.125,0.125,0.125,0.125
181,181.0,181.30205114894986,0.125,0.125,0.125,0.125,0.125,0.125,0.125,0.125
182,182.0,182.30210579332135,0.125,0.125,0.125,0.125,0.125,0.125,0.125,0.125
183,183.0,183.3021339153225,0.125,0.125,0.125,0.125,0.125,0.125,0.125,0.125
184,184.0,184.3021378859703,0.125,0.125,0.125,0.125,0.125,0.125,0.125,0.125
185,185.0,185.3021200806936,0.125,0.125,0.125,0.125,0.125,0.125,0.125,0.125
186,186.0,186.30208285513766,0.125,0.125,0.125,0.125,0.125,0.125,0.125,0.125
187,187.0,187.3020285235859,0.125,0.125,0.125,0.125,0.125,0.125,0.125,0.125
188,188.0,188.3119593399535,0.125,0.125,0.125,0.125,0.125,0.125,0.125,0.125
189,189.0,189.32177748128476,0.125,0.125,0.125,0.125,0.125,0.125,0.125,0.125
190,190.0,190.33139603367005,0.125,0.125,0.125,0.125,0.125,0.125,0.125,0.125
191,191.0,191.34073877048013,0.125,0.125,0.125,0.125,0.125,0.125,0.125,0.125
192,192.0,192.34973984590442,0.125,0.125,0.125,0.125,0.125,0.125,0.125,0.125
193,193.0,193.35834341532723,0.125,0.125,0.125,0.125,0.125,0.125,0.125,0.125
194,194.0,194.36650319365447,0.125,0.125,0.125,0.125,0.125,0.125,0.125,0.125
195,195.0,195.37418196221242,0.125,0.125,0.125,0.125,0.125,0.125,0.125,0.125
196,196.0,196.3813510342925,0.125,0.125,0.125,0.125,0.125,0.125,0.125,0.125
197,197.0,197.38798968882165,0.125,0.125,0.125,0.125,0.125,0.125,0.125,0.125
198,198.0,198.39408458100965,0.125,0.125,0.125,0.125,0.125,0.125,0.125,0.125
199,199.0,199.39962913816876,0.12461111111111112,0.12561111111111112,0.12461111111111112,0.12561111111111112,0.12572222222222224,0.12461111111111112,0.12461111111111112,0.12461111111111112
200,200.0,200.40462294823027,0.12397611111111112,0.12596611111111114,0.12397611111111112,0.12596611111111114,0.1260761111111111,0.12508722222222224,0.12497611111111112,0.12397611111111112
201,201.0,201.40907114780333,0.12291914292929294,0.12669842474747478,0.12291914292929294,0.12578933383838387,0.12589723383838383,0.12501914292929295,0.12683843585858587,0.12391914292929294
202,202.0,202.41298381594106,0.12180585185353537,0.12726375509595964,0.12263918518686871,0.1254546641868687,0.12563535276262627,0.12487485185353538,0.12853048720707072,0.12379585185353537
203,203.0,203.4163753791056,0.12058132476231159,0.12752979053851207,0.12217555553154237,0.12491363902336054,0.12592318194669389,0.12359173476231161,0.1317423486729565,0.12354242476231159
204,204.0,204.41926403216263,0.11933985959900956,0.127665658353158,0.12162493377483373,0.1249802661886558,0.12609473021462161,0.12226743449900956,0.13478177877170242,0.12324533859900953
205,205.0,205.42167117959232,0.11803329376019903,0.12755847449999944,0.12094108578400854,0.1255088650939721,0.12603536805080207,0.12085704132119904,0.1374469816503903,0.12361888983942977
206,206.0,206.42362090048312,0.11667064131125729,0.1273236037743362,0.1201764681446822,0.1259231052014068,0.12585876791003592,0.11937270679154732,0.14078529698880804,0.1238894098779265
207,207.0,207.42513944028002,0.11528022834677781,0.12698525447976636,0.119355894907189,0.12690603756543126,0.12492084383384976,0.11784575929962596,0.14463239402396214,0.12407358754339803
208,208.0,208.42625473169443,0.11378818393240805,0.12636999512896338,0.11898594958150274,0.1282480315688142,0.12376161128605127,0.11620517850102999,0.14777499754190132,0.12486605245932933
209,209.0,209.42699594665046,0.11222623770730912,0.12552088216703616,0.11843338546796334,0.12998810291283955,0.12242327099113959,0.11448537958444126,0.15086364826333215,0.12605909290593909
210,210.0,210.42739308064435,0.11066301220714135,0.12455907061664202,0.11776881997229194,0.13196784998042727,0.1210259871619687,0.11275749524316135,0.1534511408904477,0.12780662392791992
211,211.0,211.42747657043242,0.10911627111486882,0.1235076239512111,0.11701244638536201,0.1341451067487201,0.11959163049071177,0.11104161636352769,0.15556955830960634,0.13001574663599239
212,212.0,212.42727694553736,0.10760102387681521,0.12238721062509186,0.11618219972835918,0.1364807306323456,0.11813944230448042,0.10935489166436249,0.15724938577217412,0.13260511539637138
213,213.0,213.42682451367642,0.10612988356077359,0.12121641610516556,0.11529412912912877,0.13846231255237748,0.11668633761746888,0.10771188295544497,0.1589964397119959,0.13550259836764508
214,214.0,214.42614907986484,0.10474602266278087,0.12004464179087339,0.11439533657253063,0.14016988575483152,0.11461314424503624,0.10615752050991721,0.1615892262034708,0.13828422226055959
215,215.0,215.42527969863576,0.10341260285697611,0.11879980541872294,0.11345336853409299,0.14196296604384898,0.11256065399641302,0.10465653433285957,0.1637205943994343,0.1414334744176524
216,216.0,216.42424445854323,0.1021750848514344,0.11757600279669324,0.11251847410009169,0.14448291853269923,0.11058449208094033,0.10325576727843143,0.16556372554365703,0.14384353481605294
217,217.0,217.42307029787455,0.10086432269989332,0.11632218642197147,0.11142663927045038,0.14669281129321982,0.10852485633816629,0.1021206074919559,0.16747981481475296,0.14656876166959015
218,218.0,218.42178285029397,0.10002718096019482,0.11520399746396981,0.11034552433937152,0.148596288496258,0.10655250764536003,0.10107399997795073,0.16909309285918764,0.14910740825770777
219,219.0,219.4204063189685,0.09920885582677871,0.11402867498513877,0.10922865642413783,0.15042327679508985,0.10462302646307878,0.10006543796623157,0.17069079957159325,0.15173127196795153
220,220.0,220.4189633775859,0.09841524338626896,0.11281368855499965,0.10808996699782816,0.15181334133998092,0.1033069779039734,0.09910120402301205,0.1726148498596776,0.15384472793425955
221,221.0,221.41747509656568,0.09768027392714028,0.1115231415211607,0.10697108003014232,0.15296009596098545,0.10242988271991574,0.09821538362326585,0.1745965634112287,0.15562357880616123
222,222.0,222.41596089268185,0.09699680063313015,0.11057185786776719,0.10587216142314784,0.15377879358815968,0.10159731597501546,0.09740077191295861,0.17619052413683853,0.15759177446298284
223,223.0,223.41443850025956,0.09636569289949516,0.10962385568396475,0.10480097994508805,0.15428956647817077,0.10081233477163418,0.09665798627966367,0.17821548380909596,0.15923410013288775
224,224.0,224.41292396207692,0.09578925798480253,0.10871280056662058,0.10376630320931202,0.15495064270262693,0.10010294731544848,0.0959889079350876,0.18011037237053576,0.16057876791556638
225,225.0,225.41143163809178,0.0952667163972866,0.10784263468491939,0.10277335383360622,0.15530631215222063,0.09946761154728234,0.09539217749111045,0.18231090571983094,0.16164028817374368
226,226.0,226.40997423012425,0.09483425751940572,0.10705768039846227,0.10175021558268646,0.15572077101695941,0.09894162895531632,0.09468723672407776,0.18411226446670223,0.16289594533639007
227,227.0,227.40856282065224,0.09443958699373226,0.10630462500293003,0.1007656956207175,0.15613052011386305,0.09858407292316891,0.09403788112604868,0.18587349060730168,0.16386412761223812
228,228.0,228.40720692392088,0.094096621048502,0.10560902123891182,0.09984718800951733,0.15636271691269923,0.09829305267842323,0.09345113176140926,0.1876611929315176,0.16467907541901977
229,229.0,229.40591454762347,0.09381445597978023,0.10498404067105935,0.09900699008927283,0.15594580597526392,0.09807678553494949,0.09343855619062987,0.1891039424794261,0.16562942307961845
230,230.0,230.40469226347955,0.09358942635019635,0.10442846378502756,0.09824526586968386,0.15575438204007347,0.09792955185364823,0.09349245578962528,0.1902173300287019,0.1663431242830436
231,231.0,231.40354528511523,0.09343014279760803,0.10384186875585927,0.09717453683262967,0.1555610140311867,0.09785924295004157,0.09361896637035444,0.1916641654497017,0.16685006281261885
232,232.0,232.40247755173618,0.09331997708575426,0.10332157688407242,0.09618415433429402,0.15525004715382743,0.09784609937580313,0.09379679166924366,0.1931329882513632,0.16714836524564203
233,233.0,233.4014918161777,0.0932422268325874,0.10285326851755405,0.09497987788388279,0.15510254779409202,0.09787039533919507,0.09400488126694467,0.1947099749352658,0.16723682743047835
234,234.0,234.40058973601327,0.09318938770814714,0.10242345159488268,0.09385293152855251,0.1547491044336079,0.09792422723570278,0.09424214765441812,0.19647935342159956,0.1671393964230895
235,235.0,235.39977196650514,0.09314616056154137,0.10201887406127184,0.09279632194589117,0.15449269150526324,0.09798954572256473,0.09448910770869182,0.19821068012251353,0.16685661837226246
236,236.0,236.3990382542828,0.09312190431118963,0.1016505899791118,0.0918216272157743,0.15405298647544624,0.09833869359644955,0.0947536648271555,0.19983947723740597,0.1664210563574671
237,237.0,237.39838753073988,0.09311388945830683,0.10131723137206941,0.09103956443882202,0.15344557277393012,0.09869513172466315,0.09503068526088881,0.20133277669738533,0.16602514827393441
238,238.0,238.39781800424385,0.0931458395545895,0.10106988522917527,0.09036539487341723,0.15271264695118641,0.09857949686148881,0.09589438897780578,0.2027969172555233,0.16543543029681382
239,239.0,239.39732725035495,0.0934326875636511,0.10080107412445972,0.08974437791348819,0.15256120739151255,0.09843880301371326,0.09667677763184783,0.20377864480672328,0.1645664275546042
240,240.0,240.39691229935138,0.09359113490796334,0.10044021999317325,0.08917722608571552,0.1522245985463464,0.09817786613576927,0.09720556466166336,0.20572312750797545,0.1634602621613936
241,241.0,241.3965697204547,0.0936471837682451,0.10000848112899285,0.08857366874596723,0.1517602767414315,0.09781847089144395,0.09771676456015888,0.20826627648943125,0.16220887767432948
242,242.0,242.39629570224312,0.09338086195024971,0.09979370940077838,0.08795763290381582,0.1512848981953922,0.09715040931823846,0.09822980695076931,0.21094021715603797,0.16126246412471842
243,243.0,243.39608612883026,0.09309208513137285,0.09954378119198903,0.0873820299641892,0.15076983585867457,0.09646456668071834,0.09863925120288981,0.21392656215218686,0.16018188781797957
244,244.0,244.3959366514704,0.09252138975757361,0.09950019310491467,0.08684713373865018,0.1501208560769956,0.09587299403782157,0.09894931024357158,0.21719923759228937,0.15898888544818365
245,245.0,245.3958427553318,0.0919620173942332,0.09946397351260447,0.08637672316893319,0.149366773916995,0.095300641146319,0.09923029937089213,0.22054448454500009,0.15775508694502313
246,246.0,246.39579982125377,0.09141779005846495,0.09897835480725413,0.08596841438967905,0.14851908579323936,0.09475036813095428,0.09970894900671295,0.22416346636763418,0.1564935714460613
247,247.0,247.395803182371,0.09081883940935384,0.09844745536894031,0.08554628419811847,0.1479315113084414,0.09405228715672156,0.10004507898772255,0.22728569601436202,0.15587284755634007
248,248.0,248.3958481755528,0.09022320312639821,0.09792768810701549,0.08516251187907069,0.14705696721841438,0.09336734485345377,0.10029124174058765,0.23077681490357824,0.15519422817148182
249,249.0,249.3959301876609,0.0896401246434539,0.0974267559841018,0.0848207178761167,0.1461404309056229,0.0927057031234747,0.10045888190804632,0.23413778966334445,0.1546695958958394
250,250.0,250.39604469668154,0.08906831724256195,0.09694192308474003,0.08451426057488941,0.1452062012565148,0.09206469011273993,0.10054535141095197,0.2375556608992338,0.15410359541836827
251,251.0,251.39618730783332,0.08851110261856468,0.09647515854460724,0.08424140160726706,0.14436606752873385,0.09144729676741478,0.10055566154685927,0.24090032661719651,0.15350298476935675
252,252.0,252.3963537847916,0.0882273671384528,0.09604600143352685,0.08401818798991037,0.14354919442392136,0.09087497980960188,0.10054157742678572,0.24384783221239686,0.1528948595654043
253,253.0,253.39654007620612,0.08798354100918944,0.09566020906054064,0.08384711380480257,0.1427875570150098,0.09035418125096435,0.10051090579836637,0.24651817473872006,0.15233831732240694
254,254.0,254.39674233771711,0.0877004061141467,0.09514100786462706,0.08365254750629454,0.141967885757334,0.09058313354528802,0.10036917652431268,0.24846330617073098,0.15212253651726618
255,255.0,255.39695694969987,0.08743331392126562,0.09465064588917002,0.08348767523468187,0.14116547155386142,0.09083911527998945,0.1001975326956949,0.2502384741759161,0.15198777124942076
256,256.0,256.3971805309874,0.08719199010099808,0.09442240317918774,0.08335507845769448,0.14018184238411452,0.09112068036905391,0.10000441340929239,0.25173681922445,0.15198677287520898
257,257.0,257.39740994883624,0.08697543160572872,0.0942270492769861,0.08325201614508303,0.13924824231812863,0.0914215314327421,0.09979289006547964,0.25307062319997625,0.15201221595587566
258,258.0,258.3976423254118,0.0867825029156573,0.0940625067257812,0.0831757409012829,0.13859504031508052,0.09173582433347631,0.09933865608945931,0.25501891197452153,0.1512908167447411
259,259.0,259.39787504107574,0.0866117602361546,0.09393047112911676,0.08312837717589135,0.1379845669725453,0.0920640214534941,0.0988809289246164,0.25684592123560557,0.15055395287257617
260,260.0,260.3981057347625,0.08647029847447793,0.09458088193633167,0.0831153989991695,0.13770337402739946,0.0916350606702337,0.09872935210315506,0.2582542902377015,0.1495113435515314
261,261.0,261.398332301733,0.08628891383465456,0.09511289753407556,0.08306608479702479,0.13733018555681742,0.0911535568098415,0.09852027070081606,0.2601754248873341,0.14835266587943624
262,262.0,262.39855288898906,0.08618329205633667,0.09553919797830768,0.08299027810724931,0.13710890418535648,0.09063501849104885,0.09779687241256854,0.26259614688384697,0.14715028988528572
263,263.0,263.39876588862967,0.08603371513310838,0.09584471545658582,0.08286917840646528,0.13677197939291214,0.0901638766939228,0.09699249337772553,0.26485632018985117,0.14646772134942912
264,264.0,264.3989699294199,0.086444174069117,0.09604597893803805,0.08271749932997882,0.13654772783229838,0.08966059636070502,0.09647625536663694,0.26643559664608685,0.14567217145713912
265,265.0,265.3991638668369,0.08679629370412383,0.09617476685563878,0.08254364012443811,0.13630767921659714,0.08914107519726218,0.0959056710768291,0.2677894249509212,0.1453414488741899
266,266.0,266.39934677184385,0.0871508024407049,0.09629545455542303,0.08238056129892402,0.13608400192042255,0.08864113640237126,0.09531966130143456,0.2691098079940546,0.1450185740866653
267,267.0,267.39951791863166,0.08745511416852811,0.09615476143671267,0.08220925325696199,0.13587708807676635,0.08814425878039894,0.0947350985981034,0.2707870065871839,0.1446374190953448
268,268.0,268.39967677155437,0.08774967477232401,0.0959860487524528,0.08204440551227578,0.13560993494504794,0.08766317686927937,0.0941395954628381,0.2725487619158257,0.14425840176995647
269,269.0,269.39982297146923,0.08803186854289313,0.09579216797351793,0.08188637529702045,0.13528558085010264,0.08720022860223453,0.09353836440564683,0.274595315449733,0.14367009887885174
270,270.0,270.39995632167796,0.08829947896985357,0.09557597815196543,0.08173542990440653,0.1349074757517036,0.08675735751422833,0.09293618948719898,0.27650716212991455,0.14328092809072923
271,271.0,271.400076773649,0.08855429997748475,0.09535845844509422,0.08188109628599849,0.1345447158611202,0.08634338995758352,0.09234105262408221,0.2780737120582344,0.14290327479040238
272,272.0,272.4001844126865,0.08878219511966522,0.09511896869654163,0.08201874268161587,0.134110798641286,0.08594751225384116,0.09174864637735075,0.2795090452386431,0.1427640909910564
273,273.0,273.40027944369336,0.08898246024542171,0.09486033152974037,0.08214657452841691,0.13361066111137843,0.08557079028985438,0.091162672349621,0.2808177291593738,0.14284878078619356
274,274.0,274.4003621771626,0.0891662978016749,0.09460624224045916,0.08227055490996214,0.13313059624802,0.08522483593129918,0.09059389576886372,0.28181824400370825,0.14318933309601278
275,275.0,275.4004330155133,0.08928053409051874,0.09430580885454493,0.08236282037879504,0.13264604214267625,0.08488336967139774,0.09001858286532953,0.28284095399828996,0.14366188799844798
276,276.0,276.40049243987374,0.08937626490604614,0.09401602977841363,0.08245736809835962,0.1321837879313419,0.08457503281525089,0.08948703447618042,0.2837842280284375,0.14412025396597006
277,277.0,277.40054099739945,0.08945388728895409,0.09373848927260857,0.08255277626714735,0.13174498567053086,0.08429934769180496,0.08899994153462969,0.2851517870343265,0.1440587852399981
278,278.0,278.40057928919856,0.08946296715308912,0.09341004349340098,0.08262058690407138,0.1314383636591903,0.0840250211211806,0.08853031157085633,0.28613701149604376,0.14437569460216765
279,279.0,279.4006079589258,0.08945328571823431,0.0930778257264462,0.08267466692949882,0.1312745346220746,0.08377263959354572,0.08808005934744981,0.28677548718353507,0.14489150087921565
280,280.0,280.400627682091,0.0893890843619583,0.0931615062194225,0.08270553129006036,0.13124431812664566,0.08352623512068566,0.08765297075988127,0.28719158401474365,0.14512877010660283
281,281.0,281.4006391561188,0.08941906709147315,0.09352739865588904,0.08284195083768835,0.1312786566561064,0.0834142267163873,0.08737775825949397,0.28769891490608374,0.1444420268768782
282,282.0,282.40064309118264,0.08941050195474533,0.09396819136040815,0.08283546454335947,0.13144179628073244,0.08331160500023611,0.08711182802645667,0.28840261028779834,0.14351800254626365
283,283.0,283.40064020182825,0.0892644043154223,0.09427331899556324,0.08270234522161593,0.13152950863965818,0.0831050769370454,0.08676196400208827,0.2899106579764354,0.1424527239121714
284,284.0,284.400631199391,0.08897500428672794,0.09441078435490452,0.08245356687356241,0.13145398091872806,0.08280690664568885,0.08633804554965713,0.2921733826866128,0.1413883286841184
285,285.0,285.4006167852037,0.08906300648313119,0.09447859192453291,0.08218740419673073,0.13149145074683696,0.0825132711957611,0.08593593830791411,0.29404925933207754,0.14028107781301558
286,286.0,286.400597644583,0.0894909486043946,0.09447769909558895,0.08190457701259084,0.13161848784969488,0.08222278813218693,0.08555380199003164,0.2956185157143085,0.13911318160120378
287,287.0,287.40057444157856,0.08984342779568334,0.09441254291215083,0.0816088097032482,0.13183046780898053,0.08193709623593351,0.08519269052633574,0.29727653342062343,0.13789843159704457
288,288.0,288.4005478144587,0.090049016798933,0.09459724242508044,0.08123030172099481,0.13194725453689998,0.081586825223375,0.08561339364605637,0.2982275576121519,0.13674840803650865
289,289.0,289.4005183719063,0.09014256743920238,0.09502370307725697,0.08069269239892618,0.13196114249015423,0.0819745845659475,0.0859407910870801,0.29883883082533225,0.13542568811610062
290,290.0,290.4004866898901,0.09016947336511477,0.0953662343271128,0.08015466357405653,0.13189984110964623,0.08236472360104205,0.08627721581537919,0.29967909788710256,0.1340887503205461
291,291.0,291.4004533091766,0.09013395023741858,0.09595989425854812,0.07962087434783548,0.1317661078717651,0.08198294152195303,0.08661763771786395,0.3011702213068202,0.13274837273779577
292,292.0,292.40041873344273,0.090470547818083,0.09645967983397909,0.07898795992171363,0.13171252542628417,0.08160164058589707,0.08695750100886465,0.3023957859375047,0.13141435946767385
293,293.0,293.40038342794776,0.09072680315272878,0.09685613236222004,0.07836133386877817,0.1315705141258898,0.08121110425857463,0.08677583113240872,0.3044141742042077,0.13008410689519234
294,294.0,294.4003478187229,0.09089711309458885,0.098012404604082,0.0776998917155901,0.1312981581504033,0.08076881213481409,0.08653199962743678,0.3060428374872447,0.12874878318584035
295,295.0,295.4003122922332,0.09103635713927671,0.09911316127441946,0.07716649501933064,0.13095450010421825,0.08033236607723598,0.08628273768008594,0.3076457174087388,0.12746866529669437
296,296.0,296.40027719547015,0.09110900989705627,0.10006538530053542,0.07661791296981078,0.13065555876347937,0.07986832120046805,0.08599285457295593,0.3094797702332438,0.12621118706245055
297,297.0,297.40024283642873,0.09112172986957016,0.10087561181491515,0.07606203545304054,0.13041493905568022,0.07938481804904324,0.08567003715362553,0.3114850253869098,0.12498580321721553
298,298.0,298.40020948492713,0.09103331618022016,0.10149344067076933,0.0754961184936568,0.13008151055821995,0.07887946316054689,0.08531161885998723,0.3139421160310132,0.12376241604558666
299,299.0,299.4001773737265,0.09091821218188573,0.10203845713408274,0.07496062791367644,0.1296867068035215,0.07838886359561917,0.08495517278627837,0.31644441177805854,0.12260754780687767
300,300.0,300.40014669990865,0.09084822563856194,0.10244526456762162,0.07442431346547612,0.12933537908641646,0.07788240966054606,0.08457009852036317,0.31900385563947764,0.12149045342153711
301,301.0,301.4001176264735,0.09075474219443597,0.10278060915899326,0.07392116675039025,0.12902959717454143,0.0773948288579573,0.0841912585432423,0.3214825625646629,0.12044523475577666
302,302.0,302.40009028411714,0.09063964296891812,0.10304649051642499,0.07345205336741242,0.12880004267926493,0.07692780088875338,0.08382057933514704,0.32384088039782233,0.11947250984625686
303,303.0,303.4000647731552,0.09048750511637824,0.10319587013687119,0.07299511908405924,0.12863389370771539,0.07646430801390533,0.08344039801341309,0.3260949444270413,0.11868796150061628
304,304.0,304.40004116555787,0.0902912768373184,0.10322898731696699,0.07254652453971631,0.12852066761585657,0.07612393839345635,0.08304516975991594,0.3282978843749158,0.11794555116185372
305,305.0,305.40001950706477,0.08990786732585229,0.10301917576681309,0.07199178751728176,0.12945814603658687,0.07566758552311917,0.08252475786470603,0.3303259718437094,0.11710470812193152
306,306.0,306.3999998193503,0.08957758715573375,0.102818021135377,0.07158590260185052,0.1306290341942916,0.07529697560212983,0.08224164851389892,0.33340579730784137,0.11444503348887711
307,307.0,307.39998210221376,0.08922976722862914,0.10256034934269495,0.07119772502971339,0.13179191234881388,0.07493944585663898,0.08193830516517368,0.33649223272488077,0.11185026230345527
308,308.0,308.3999663357687,0.08882593932384811,0.10220195840534833,0.07081941237059614,0.1328313852152701,0.07470763255597589,0.08160870822916103,0.3397019922922925,0.10930297160750803
309,309.0,309.3999524826105,0.08838016020653164,0.10176022902769138,0.07046774201368852,0.13389092139183773,0.07448730046508396,0.08138368733325713,0.34279489443164346,0.10683506513026633
310,310.0,310.399940489942,0.08791340285830343,0.10113335150320638,0.07002187006798673,0.13560919923822884,0.07428642365597449,0.08103332861911781,0.3456608307543888,0.10434159330279373
311,311.0,311.399930291641,0.08742184911330117,0.10044424755370435,0.06959587189635569,0.13721098769349432,0.07409805370689299,0.0806745255283961,0.34859011720834565,0.10196434729950993
312,312.0,312.39992181025366,0.08685034960718369,0.09916028573981885,0.0691065265321615,0.13935700129922082,0.07384261043976292,0.08022400015054976,0.35182536947685006,0.09963385675445259
313,313.0,313.39991495890246,0.08626859669300035,0.09785198355831534,0.06862092698633504,0.14192932877541475,0.07358022079331236,0.07975048752715809,0.354839591297714,0.09715886436875025
314,314.0,314.39990964309743,0.08557425068997891,0.09725970242571254,0.0680612491852512,0.14402360352260649,0.07323704674432205,0.07917792931188823,0.3579466350480865,0.0947195830721543
315,315.0,315.3999057624419,0.08478696700767376,0.09727422587715302,0.0674431909354002,0.14568002123299542,0.07282762000669595,0.07852388250619446,0.36112644593274534,0.09233764650114205
316,316.0,316.39990321222746,0.0839240466211732,0.09709024373505186,0.06678011412897739,0.14764805803000058,0.07236432277754508,0.07804172866313482,0.3641208422242431,0.0900306438198741
317,317.0,317.39990188491225,0.0829996217720298,0.09696119830432645,0.06608226842521515,0.14915150710514413,0.07185137807115148,0.07749766766121186,0.3676461937761177,0.08781016488480359
318,318.0,318.3999016714794,0.08203418902996629,0.09667749561280159,0.06537164346179415,0.15066046449902198,0.07131013317886546,0.07692971200518252,0.37131564755753355,0.0857007146548346
319,319.0,319.3999024626751,0.08162297591602477,0.09625174459377432,0.06464598573546587,0.1521242310678516,0.07074347830161272,0.07631933553689746,0.3745923197219184,0.08369992912645498
320,320.0,320.3999041501244,0.08123985805375349,0.09582523275969199,0.06394952981692012,0.15334951890906634,0.07019028208551452,0.07571137860967363,0.37776227126841505,0.08197192849696511
321,321.0,321.39990662732754,0.08083297383268075,0.09532382790994481,0.0632660259073006,0.1548080548023032,0.0696393184397503,0.07509043086571142,0.3806539940634094,0.08038537417889971
322,322.0,322.3999097905371,0.08038563094592487,0.09524359394871901,0.06259543075840449,0.1562259000192843,0.0690855744203492,0.07445868411637463,0.38306929176996757,0.07893589402097612
323,323.0,323.39991353952036,0.07995718573360644,0.0953629206938044,0.06196855274227265,0.15754785326631338,0.06856013899053419,0.07384811959061065,0.3851063260155635,0.07764890296729496
324,324.0,324.39991777821007,0.0795555154711597,0.09548100045186331,0.061377506788651184,0.15917752631108642,0.06805553362101499,0.07325096109953042,0.3865953508718029,0.0765066053848912
325,325.0,325.39992241524874,0.07915779198660922,0.09566588555138682,0.06081888657379361,0.16074702467577603,0.06756886785043076,0.07266524698291334,0.3877790177263582,0.07559727865273208
326,326.0,326.39992736443105,0.07818189144598366,0.09522424464559734,0.05971034450249322,0.161578388579438,0.06718506988066572,0.07151016241369239,0.39238752464750004,0.07422237388462972
327,327.0,327.3999325450508,0.07723933158317542,0.0947786043114124,0.05864588104613998,0.1623543042264564,0.06682549387114307,0.07038130385782107,0.39679824589739415,0.07297683520645759
328,328.0,328.39993788215804,0.0763139589175096,0.09429837751903995,0.05762643729210075,0.1629885767574263,0.06648589787216908,0.06928124861573999,0.40116036185182424,0.07184514117419011
329,329.0,329.399943306733,0.07541106639502515,0.09378838260991532,0.0566564296792812,0.16348976999780762,0.0661662841078259,0.06821606846570448,0.40505056885758933,0.07122142988685103
330,330.0,330.39994875578316,0.0745363001880267,0.09345783214844042,0.05574042092343186,0.1637996069518553,0.0658717450746986,0.0671919814335845,0.408707700436216,0.0706944128437466
331,331.0,331.3999541723704,0.07356644783164021,0.09325676844706364,0.05482773176779124,0.16408192925607848,0.06567083762536088,0.06619426517952917,0.4122696965874202,0.07013232330511618
