Total_iterations,Unnamed: 0.1,Intertwine_two,Invert_path_vertices,Insert_inside_vertex,Delete_inside_vertex,Replace_inside_vertex,Donate_between_routes,Trim_one_terminal_cb,Grow_one_terminal_cb
0,0.0,0.125,0.125,0.125,0.125,0.125,0.125,0.125,0.125
1,1.0,0.125,0.125,0.125,0.125,0.125,0.125,0.125,0.125
2,2.0,0.125,0.125,0.125,0.125,0.125,0.125,0.125,0.125
3,3.0,0.125,0.125,0.125,0.125,0.125,0.125,0.125,0.125
4,4.0,0.125,0.125,0.125,0.125,0.125,0.125,0.125,0.125
5,5.0,0.125,0.125,0.125,0.125,0.125,0.125,0.125,0.125
6,6.0,0.125,0.125,0.125,0.125,0.125,0.125,0.125,0.125
7,7.0,0.125,0.125,0.125,0.125,0.125,0.125,0.125,0.125
8,8.0,0.125,0.125,0.125,0.125,0.125,0.125,0.125,0.125
9,9.0,0.125,0.125,0.125,0.125,0.125,0.125,0.125,0.125
10,10.0,0.125,0.125,0.125,0.125,0.125,0.125,0.125,0.125
11,11.0,0.125,0.125,0.125,0.125,0.125,0.125,0.125,0.125
12,12.0,0.125,0.125,0.125,0.125,0.125,0.125,0.125,0.125
13,13.0,0.125,0.125,0.125,0.125,0.125,0.125,0.125,0.125
14,14.0,0.125,0.125,0.125,0.125,0.125,0.125,0.125,0.125
15,15.0,0.125,0.125,0.125,0.125,0.125,0.125,0.125,0.125
16,16.0,0.125,0.125,0.125,0.125,0.125,0.125,0.125,0.125
17,17.0,0.125,0.125,0.125,0.125,0.125,0.125,0.125,0.125
18,18.0,0.125,0.125,0.125,0.125,0.125,0.125,0.125,0.125
19,19.0,0.125,0.125,0.125,0.125,0.125,0.125,0.125,0.125
20,20.0,0.125,0.125,0.125,0.125,0.125,0.125,0.125,0.125
21,21.0,0.125,0.125,0.125,0.125,0.125,0.125,0.125,0.125
22,22.0,0.125,0.125,0.125,0.125,0.125,0.125,0.125,0.125
23,23.0,0.125,0.125,0.125,0.125,0.125,0.125,0.125,0.125
24,24.0,0.125,0.125,0.125,0.125,0.125,0.125,0.125,0.125
25,25.0,0.125,0.125,0.125,0.125,0.125,0.125,0.125,0.125
26,26.0,0.125,0.125,0.125,0.125,0.125,0.125,0.125,0.125
27,27.0,0.125,0.125,0.125,0.125,0.125,0.125,0.125,0.125
28,28.0,0.125,0.125,0.125,0.125,0.125,0.125,0.125,0.125
29,29.0,0.125,0.125,0.125,0.125,0.125,0.125,0.125,0.125
30,30.0,0.125,0.125,0.125,0.125,0.125,0.125,0.125,0.125
31,31.0,0.125,0.125,0.125,0.125,0.125,0.125,0.125,0.125
32,32.0,0.125,0.125,0.125,0.125,0.125,0.125,0.125,0.125
33,33.0,0.125,0.125,0.125,0.125,0.125,0.125,0.125,0.125
34,34.0,0.125,0.125,0.125,0.125,0.125,0.125,0.125,0.125
35,35.0,0.125,0.125,0.125,0.125,0.125,0.125,0.125,0.125
36,36.0,0.125,0.125,0.125,0.125,0.125,0.125,0.125,0.125
37,37.0,0.125,0.125,0.125,0.125,0.125,0.125,0.125,0.125
38,38.0,0.125,0.125,0.125,0.125,0.125,0.125,0.125,0.125
39,39.0,0.125,0.125,0.125,0.125,0.125,0.125,0.125,0.125
40,40.0,0.125,0.125,0.125,0.125,0.125,0.125,0.125,0.125
41,41.0,0.125,0.125,0.125,0.125,0.125,0.125,0.125,0.125
42,42.0,0.125,0.125,0.125,0.125,0.125,0.125,0.125,0.125
43,43.0,0.125,0.125,0.125,0.125,0.125,0.125,0.125,0.125
44,44.0,0.125,0.125,0.125,0.125,0.125,0.125,0.125,0.125
45,45.0,0.125,0.125,0.125,0.125,0.125,0.125,0.125,0.125
46,46.0,0.125,0.125,0.125,0.125,0.125,0.125,0.125,0.125
47,47.0,0.125,0.125,0.125,0.125,0.125,0.125,0.125,0.125
48,48.0,0.125,0.125,0.125,0.125,0.125,0.125,0.125,0.125
49,49.0,0.125,0.125,0.125,0.125,0.125,0.125,0.125,0.125
50,50.0,0.125,0.125,0.125,0.125,0.125,0.125,0.125,0.125
51,51.0,0.125,0.125,0.125,0.125,0.125,0.125,0.125,0.125
52,52.0,0.125,0.125,0.125,0.125,0.125,0.125,0.125,0.125
53,53.0,0.125,0.125,0.125,0.125,0.125,0.125,0.125,0.125
54,54.0,0.125,0.125,0.125,0.125,0.125,0.125,0.125,0.125
55,55.0,0.125,0.125,0.125,0.125,0.125,0.125,0.125,0.125
56,56.0,0.125,0.125,0.125,0.125,0.125,0.125,0.125,0.125
57,57.0,0.125,0.125,0.125,0.125,0.125,0.125,0.125,0.125
58,58.0,0.125,0.125,0.125,0.125,0.125,0.125,0.125,0.125
59,59.0,0.125,0.125,0.125,0.125,0.125,0.125,0.125,0.125
60,60.0,0.125,0.125,0.125,0.125,0.125,0.125,0.125,0.125
61,61.0,0.125,0.125,0.125,0.125,0.125,0.125,0.125,0.125
62,62.0,0.125,0.125,0.125,0.125,0.125,0.125,0.125,0.125
63,63.0,0.125,0.125,0.125,0.125,0.125,0.125,0.125,0.125
64,64.0,0.125,0.125,0.125,0.125,0.125,0.125,0.125,0.125
65,65.0,0.125,0.125,0.125,0.125,0.125,0.125,0.125,0.125
66,66.0,0.125,0.125,0.125,0.125,0.125,0.125,0.125,0.125
67,67.0,0.125,0.125,0.125,0.125,0.125,0.125,0.125,0.125
68,68.0,0.125,0.125,0.125,0.125,0.125,0.125,0.125,0.125
69,69.0,0.125,0.125,0.125,0.125,0.125,0.125,0.125,0.125
70,70.0,0.125,0.125,0.125,0.125,0.125,0.125,0.125,0.125
71,71.0,0.125,0.125,0.125,0.125,0.125,0.125,0.125,0.125
72,72.0,0.125,0.125,0.125,0.125,0.125,0.125,0.125,0.125
73,73.0,0.125,0.125,0.125,0.125,0.125,0.125,0.125,0.125
74,74.0,0.125,0.125,0.125,0.125,0.125,0.125,0.125,0.125
75,75.0,0.125,0.125,0.125,0.125,0.125,0.125,0.125,0.125
76,76.0,0.125,0.125,0.125,0.125,0.125,0.125,0.125,0.125
77,77.0,0.125,0.125,0.125,0.125,0.125,0.125,0.125,0.125
78,78.0,0.125,0.125,0.125,0.125,0.125,0.125,0.125,0.125
79,79.0,0.125,0.125,0.125,0.125,0.125,0.125,0.125,0.125
80,80.0,0.125,0.125,0.125,0.125,0.125,0.125,0.125,0.125
81,81.0,0.125,0.125,0.125,0.125,0.125,0.125,0.125,0.125
82,82.0,0.125,0.125,0.125,0.125,0.125,0.125,0.125,0.125
83,83.0,0.125,0.125,0.125,0.125,0.125,0.125,0.125,0.125
84,84.0,0.125,0.125,0.125,0.125,0.125,0.125,0.125,0.125
85,85.0,0.125,0.125,0.125,0.125,0.125,0.125,0.125,0.125
86,86.0,0.125,0.125,0.125,0.125,0.125,0.125,0.125,0.125
87,87.0,0.125,0.125,0.125,0.125,0.125,0.125,0.125,0.125
88,88.0,0.125,0.125,0.125,0.125,0.125,0.125,0.125,0.125
89,89.0,0.125,0.125,0.125,0.125,0.125,0.125,0.125,0.125
90,90.0,0.125,0.125,0.125,0.125,0.125,0.125,0.125,0.125
91,91.0,0.125,0.125,0.125,0.125,0.125,0.125,0.125,0.125
92,92.0,0.125,0.125,0.125,0.125,0.125,0.125,0.125,0.125
93,93.0,0.125,0.125,0.125,0.125,0.125,0.125,0.125,0.125
94,94.0,0.125,0.125,0.125,0.125,0.125,0.125,0.125,0.125
95,95.0,0.125,0.125,0.125,0.125,0.125,0.125,0.125,0.125
96,96.0,0.125,0.125,0.125,0.125,0.125,0.125,0.125,0.125
97,97.0,0.125,0.125,0.125,0.125,0.125,0.125,0.125,0.125
98,98.0,0.125,0.125,0.125,0.125,0.125,0.125,0.125,0.125
99,99.0,0.125,0.125,0.125,0.125,0.125,0.125,0.125,0.125
100,100.0,0.125,0.125,0.125,0.125,0.125,0.125,0.125,0.125
101,101.0,0.125,0.125,0.125,0.125,0.125,0.125,0.125,0.125
102,102.0,0.125,0.125,0.125,0.125,0.125,0.125,0.125,0.125
103,103.0,0.125,0.125,0.125,0.125,0.125,0.125,0.125,0.125
104,104.0,0.125,0.125,0.125,0.125,0.125,0.125,0.125,0.125
105,105.0,0.125,0.125,0.125,0.125,0.125,0.125,0.125,0.125
106,106.0,0.125,0.125,0.125,0.125,0.125,0.125,0.125,0.125
107,107.0,0.125,0.125,0.125,0.125,0.125,0.125,0.125,0.125
108,108.0,0.125,0.125,0.125,0.125,0.125,0.125,0.125,0.125
109,109.0,0.125,0.125,0.125,0.125,0.125,0.125,0.125,0.125
110,110.0,0.125,0.125,0.125,0.125,0.125,0.125,0.125,0.125
111,111.0,0.125,0.125,0.125,0.125,0.125,0.125,0.125,0.125
112,112.0,0.125,0.125,0.125,0.125,0.125,0.125,0.125,0.125
113,113.0,0.125,0.125,0.125,0.125,0.125,0.125,0.125,0.125
114,114.0,0.125,0.125,0.125,0.125,0.125,0.125,0.125,0.125
115,115.0,0.125,0.125,0.125,0.125,0.125,0.125,0.125,0.125
116,116.0,0.125,0.125,0.125,0.125,0.125,0.125,0.125,0.125
117,117.0,0.125,0.125,0.125,0.125,0.125,0.125,0.125,0.125
118,118.0,0.125,0.125,0.125,0.125,0.125,0.125,0.125,0.125
119,119.0,0.125,0.125,0.125,0.125,0.125,0.125,0.125,0.125
120,120.0,0.125,0.125,0.125,0.125,0.125,0.125,0.125,0.125
121,121.0,0.125,0.125,0.125,0.125,0.125,0.125,0.125,0.125
122,122.0,0.125,0.125,0.125,0.125,0.125,0.125,0.125,0.125
123,123.0,0.125,0.125,0.125,0.125,0.125,0.125,0.125,0.125
124,124.0,0.125,0.125,0.125,0.125,0.125,0.125,0.125,0.125
125,125.0,0.125,0.125,0.125,0.125,0.125,0.125,0.125,0.125
126,126.0,0.125,0.125,0.125,0.125,0.125,0.125,0.125,0.125
127,127.0,0.125,0.125,0.125,0.125,0.125,0.125,0.125,0.125
128,128.0,0.125,0.125,0.125,0.125,0.125,0.125,0.125,0.125
129,129.0,0.125,0.125,0.125,0.125,0.125,0.125,0.125,0.125
130,130.0,0.125,0.125,0.125,0.125,0.125,0.125,0.125,0.125
131,131.0,0.125,0.125,0.125,0.125,0.125,0.125,0.125,0.125
132,132.0,0.125,0.125,0.125,0.125,0.125,0.125,0.125,0.125
133,133.0,0.125,0.125,0.125,0.125,0.125,0.125,0.125,0.125
134,134.0,0.125,0.125,0.125,0.125,0.125,0.125,0.125,0.125
135,135.0,0.125,0.125,0.125,0.125,0.125,0.125,0.125,0.125
136,136.0,0.125,0.125,0.125,0.125,0.125,0.125,0.125,0.125
137,137.0,0.125,0.125,0.125,0.125,0.125,0.125,0.125,0.125
138,138.0,0.125,0.125,0.125,0.125,0.125,0.125,0.125,0.125
139,139.0,0.125,0.125,0.125,0.125,0.125,0.125,0.125,0.125
140,140.0,0.125,0.125,0.125,0.125,0.125,0.125,0.125,0.125
141,141.0,0.125,0.125,0.125,0.125,0.125,0.125,0.125,0.125
142,142.0,0.125,0.125,0.125,0.125,0.125,0.125,0.125,0.125
143,143.0,0.125,0.125,0.125,0.125,0.125,0.125,0.125,0.125
144,144.0,0.125,0.125,0.125,0.125,0.125,0.125,0.125,0.125
145,145.0,0.125,0.125,0.125,0.125,0.125,0.125,0.125,0.125
146,146.0,0.125,0.125,0.125,0.125,0.125,0.125,0.125,0.125
147,147.0,0.125,0.125,0.125,0.125,0.125,0.125,0.125,0.125
148,148.0,0.125,0.125,0.125,0.125,0.125,0.125,0.125,0.125
149,149.0,0.125,0.125,0.125,0.125,0.125,0.125,0.125,0.125
150,150.0,0.125,0.125,0.125,0.125,0.125,0.125,0.125,0.125
151,151.0,0.125,0.125,0.125,0.125,0.125,0.125,0.125,0.125
152,152.0,0.125,0.125,0.125,0.125,0.125,0.125,0.125,0.125
153,153.0,0.125,0.125,0.125,0.125,0.125,0.125,0.125,0.125
154,154.0,0.125,0.125,0.125,0.125,0.125,0.125,0.125,0.125
155,155.0,0.125,0.125,0.125,0.125,0.125,0.125,0.125,0.125
156,156.0,0.125,0.125,0.125,0.125,0.125,0.125,0.125,0.125
157,157.0,0.125,0.125,0.125,0.125,0.125,0.125,0.125,0.125
158,158.0,0.125,0.125,0.125,0.125,0.125,0.125,0.125,0.125
159,159.0,0.125,0.125,0.125,0.125,0.125,0.125,0.125,0.125
160,160.0,0.125,0.125,0.125,0.125,0.125,0.125,0.125,0.125
161,161.0,0.125,0.125,0.125,0.125,0.125,0.125,0.125,0.125
162,162.0,0.125,0.125,0.125,0.125,0.125,0.125,0.125,0.125
163,163.0,0.125,0.125,0.125,0.125,0.125,0.125,0.125,0.125
164,164.0,0.125,0.125,0.125,0.125,0.125,0.125,0.125,0.125
165,165.0,0.125,0.125,0.125,0.125,0.125,0.125,0.125,0.125
166,166.0,0.125,0.125,0.125,0.125,0.125,0.125,0.125,0.125
167,167.0,0.125,0.125,0.125,0.125,0.125,0.125,0.125,0.125
168,168.0,0.125,0.125,0.125,0.125,0.125,0.125,0.125,0.125
169,169.0,0.125,0.125,0.125,0.125,0.125,0.125,0.125,0.125
170,170.0,0.125,0.125,0.125,0.125,0.125,0.125,0.125,0.125
171,171.0,0.125,0.125,0.125,0.125,0.125,0.125,0.125,0.125
172,172.0,0.125,0.125,0.125,0.125,0.125,0.125,0.125,0.125
173,173.0,0.125,0.125,0.125,0.125,0.125,0.125,0.125,0.125
174,174.0,0.125,0.125,0.125,0.125,0.125,0.125,0.125,0.125
175,175.0,0.125,0.125,0.125,0.125,0.125,0.125,0.125,0.125
176,176.0,0.125,0.125,0.125,0.125,0.125,0.125,0.125,0.125
177,177.0,0.125,0.125,0.125,0.125,0.125,0.125,0.125,0.125
178,178.0,0.125,0.125,0.125,0.125,0.125,0.125,0.125,0.125
179,179.0,0.125,0.125,0.125,0.125,0.125,0.125,0.125,0.125
180,180.0,0.125,0.125,0.125,0.125,0.125,0.125,0.125,0.125
181,181.0,0.125,0.125,0.125,0.125,0.125,0.125,0.125,0.125
182,182.0,0.125,0.125,0.125,0.125,0.125,0.125,0.125,0.125
183,183.0,0.125,0.125,0.125,0.125,0.125,0.125,0.125,0.125
184,184.0,0.125,0.125,0.125,0.125,0.125,0.125,0.125,0.125
185,185.0,0.125,0.125,0.125,0.125,0.125,0.125,0.125,0.125
186,186.0,0.125,0.125,0.125,0.125,0.125,0.125,0.125,0.125
187,187.0,0.125,0.125,0.125,0.125,0.125,0.125,0.125,0.125
188,188.0,0.125,0.125,0.125,0.125,0.125,0.125,0.125,0.125
189,189.0,0.125,0.125,0.125,0.125,0.125,0.125,0.125,0.125
190,190.0,0.125,0.125,0.125,0.125,0.125,0.125,0.125,0.125
191,191.0,0.125,0.125,0.125,0.125,0.125,0.125,0.125,0.125
192,192.0,0.125,0.125,0.125,0.125,0.125,0.125,0.125,0.125
193,193.0,0.125,0.125,0.125,0.125,0.125,0.125,0.125,0.125
194,194.0,0.125,0.125,0.125,0.125,0.125,0.125,0.125,0.125
195,195.0,0.125,0.125,0.125,0.125,0.125,0.125,0.125,0.125
196,196.0,0.125,0.125,0.125,0.125,0.125,0.125,0.125,0.125
197,197.0,0.125,0.125,0.125,0.125,0.125,0.125,0.125,0.125
198,198.0,0.125,0.125,0.125,0.125,0.125,0.125,0.125,0.125
199,199.0,0.1246111111111111,0.1256111111111111,0.1246111111111111,0.1256111111111111,0.1257222222222222,0.1246111111111111,0.1246111111111111,0.1246111111111111
200,200.0,0.1239761111111111,0.1259661111111111,0.1239761111111111,0.1259661111111111,0.1260761111111111,0.1250872222222222,0.1249761111111111,0.1239761111111111
201,201.0,0.1229191429292929,0.1266984247474747,0.1229191429292929,0.1257893338383838,0.1258972338383838,0.1250191429292929,0.1268384358585858,0.1239191429292929
202,202.0,0.1218058518535353,0.1272637550959596,0.1226391851868687,0.1254546641868687,0.1256353527626262,0.1248748518535353,0.1285304872070707,0.1237958518535353
203,203.0,0.1205813247623115,0.127529790538512,0.1221755555315423,0.1249136390233605,0.1259231819466938,0.1235917347623116,0.1317423486729565,0.1235424247623115
204,204.0,0.1193398595990095,0.127665658353158,0.1216249337748337,0.1249802661886558,0.1260947302146216,0.1222674344990095,0.1347817787717024,0.1232453385990095
205,205.0,0.118033293760199,0.1275584744999994,0.1209410857840085,0.1255088650939721,0.126035368050802,0.120857041321199,0.1374469816503903,0.1236188898394297
206,206.0,0.1166706413112572,0.1273236037743362,0.1201764681446822,0.1259231052014068,0.1258587679100359,0.1193727067915473,0.140785296988808,0.1238894098779265
207,207.0,0.1152802283467778,0.1269852544797663,0.119355894907189,0.1269060375654312,0.1249208438338497,0.1178457592996259,0.1446323940239621,0.124073587543398
208,208.0,0.113788183932408,0.1263699951289633,0.1189859495815027,0.1282480315688142,0.1237616112860512,0.1162051785010299,0.1477749975419013,0.1248660524593293
209,209.0,0.1122262377073091,0.1255208821670361,0.1184333854679633,0.1299881029128395,0.1224232709911395,0.1144853795844412,0.1508636482633321,0.126059092905939
210,210.0,0.1106630122071413,0.124559070616642,0.1177688199722919,0.1319678499804272,0.1210259871619687,0.1127574952431613,0.1534511408904477,0.1278066239279199
211,211.0,0.1091162711148688,0.1235076239512111,0.117012446385362,0.1341451067487201,0.1195916304907117,0.1110416163635276,0.1555695583096063,0.1300157466359923
212,212.0,0.1076010238768152,0.1223872106250918,0.1161821997283591,0.1364807306323456,0.1181394423044804,0.1093548916643624,0.1572493857721741,0.1326051153963713
213,213.0,0.1061298835607735,0.1212164161051655,0.1152941291291287,0.1384623125523774,0.1166863376174688,0.1077118829554449,0.1589964397119959,0.135502598367645
214,214.0,0.1047460226627808,0.1200446417908733,0.1143953365725306,0.1401698857548315,0.1146131442450362,0.1061575205099172,0.1615892262034708,0.1382842222605595
215,215.0,0.1034126028569761,0.1187998054187229,0.1134533685340929,0.1419629660438489,0.112560653996413,0.1046565343328595,0.1637205943994343,0.1414334744176524
216,216.0,0.1021750848514344,0.1175760027966932,0.1125184741000916,0.1444829185326992,0.1105844920809403,0.1032557672784314,0.165563725543657,0.1438435348160529
217,217.0,0.1008643226998933,0.1163221864219714,0.1114266392704503,0.1466928112932198,0.1085248563381662,0.1021206074919559,0.1674798148147529,0.1465687616695901
218,218.0,0.1000271809601948,0.1152039974639698,0.1103455243393715,0.148596288496258,0.10655250764536,0.1010739999779507,0.1690930928591876,0.1491074082577077
219,219.0,0.0992088558267787,0.1140286749851387,0.1092286564241378,0.1504232767950898,0.1046230264630787,0.1000654379662315,0.1706907995715932,0.1517312719679515
220,220.0,0.0984152433862689,0.1128136885549996,0.1080899669978281,0.1518133413399809,0.1033069779039734,0.099101204023012,0.1726148498596776,0.1538447279342595
221,221.0,0.0976802739271402,0.1115231415211607,0.1069710800301423,0.1529600959609854,0.1024298827199157,0.0982153836232658,0.1745965634112287,0.1556235788061612
222,222.0,0.0969968006331301,0.1105718578677671,0.1058721614231478,0.1537787935881596,0.1015973159750154,0.0974007719129586,0.1761905241368385,0.1575917744629828
223,223.0,0.0963656928994951,0.1096238556839647,0.104800979945088,0.1542895664781707,0.1008123347716341,0.0966579862796636,0.1782154838090959,0.1592341001328877
224,224.0,0.0957892579848025,0.1087128005666205,0.103766303209312,0.1549506427026269,0.1001029473154484,0.0959889079350876,0.1801103723705357,0.1605787679155663
225,225.0,0.0952667163972866,0.1078426346849193,0.1027733538336062,0.1553063121522206,0.0994676115472823,0.0953921774911104,0.1823109057198309,0.1616402881737436
226,226.0,0.0948342575194057,0.1070576803984622,0.1017502155826864,0.1557207710169594,0.0989416289553163,0.0946872367240777,0.1841122644667022,0.16289594533639
227,227.0,0.0944395869937322,0.10630462500293,0.1007656956207175,0.156130520113863,0.0985840729231689,0.0940378811260486,0.1858734906073016,0.1638641276122381
228,228.0,0.094096621048502,0.1056090212389118,0.0998471880095173,0.1563627169126992,0.0982930526784232,0.0934511317614092,0.1876611929315176,0.1646790754190197
229,229.0,0.0938144559797802,0.1049840406710593,0.0990069900892728,0.1559458059752639,0.0980767855349494,0.0934385561906298,0.1891039424794261,0.1656294230796184
230,230.0,0.0935894263501963,0.1044284637850275,0.0982452658696838,0.1557543820400734,0.0979295518536482,0.0934924557896252,0.1902173300287019,0.1663431242830436
231,231.0,0.093430142797608,0.1038418687558592,0.0971745368326296,0.1555610140311867,0.0978592429500415,0.0936189663703544,0.1916641654497017,0.1668500628126188
232,232.0,0.0933199770857542,0.1033215768840724,0.096184154334294,0.1552500471538274,0.0978460993758031,0.0937967916692436,0.1931329882513632,0.167148365245642
233,233.0,0.0932422268325874,0.102853268517554,0.0949798778838827,0.155102547794092,0.097870395339195,0.0940048812669446,0.1947099749352658,0.1672368274304783
234,234.0,0.0931893877081471,0.1024234515948826,0.0938529315285525,0.1547491044336079,0.0979242272357027,0.0942421476544181,0.1964793534215995,0.1671393964230895
235,235.0,0.0931461605615413,0.1020188740612718,0.0927963219458911,0.1544926915052632,0.0979895457225647,0.0944891077086918,0.1982106801225135,0.1668566183722624
236,236.0,0.0931219043111896,0.1016505899791118,0.0918216272157743,0.1540529864754462,0.0983386935964495,0.0947536648271555,0.1998394772374059,0.1664210563574671
237,237.0,0.0931138894583068,0.1013172313720694,0.091039564438822,0.1534455727739301,0.0986951317246631,0.0950306852608888,0.2013327766973853,0.1660251482739344
238,238.0,0.0931458395545895,0.1010698852291752,0.0903653948734172,0.1527126469511864,0.0985794968614888,0.0958943889778057,0.2027969172555233,0.1654354302968138
239,239.0,0.0934326875636511,0.1008010741244597,0.0897443779134881,0.1525612073915125,0.0984388030137132,0.0966767776318478,0.2037786448067232,0.1645664275546042
240,240.0,0.0935911349079633,0.1004402199931732,0.0891772260857155,0.1522245985463464,0.0981778661357692,0.0972055646616633,0.2057231275079754,0.1634602621613936
241,241.0,0.0936471837682451,0.1000084811289928,0.0885736687459672,0.1517602767414315,0.0978184708914439,0.0977167645601588,0.2082662764894312,0.1622088776743294
242,242.0,0.0933808619502497,0.0997937094007783,0.0879576329038158,0.1512848981953922,0.0971504093182384,0.0982298069507693,0.2109402171560379,0.1612624641247184
243,243.0,0.0930920851313728,0.099543781191989,0.0873820299641892,0.1507698358586745,0.0964645666807183,0.0986392512028898,0.2139265621521868,0.1601818878179795
244,244.0,0.0925213897575736,0.0995001931049146,0.0868471337386501,0.1501208560769956,0.0958729940378215,0.0989493102435715,0.2171992375922893,0.1589888854481836
245,245.0,0.0919620173942332,0.0994639735126044,0.0863767231689331,0.149366773916995,0.095300641146319,0.0992302993708921,0.220544484545,0.1577550869450231
246,246.0,0.0914177900584649,0.0989783548072541,0.085968414389679,0.1485190857932393,0.0947503681309542,0.0997089490067129,0.2241634663676341,0.1564935714460613
247,247.0,0.0908188394093538,0.0984474553689403,0.0855462841981184,0.1479315113084414,0.0940522871567215,0.1000450789877225,0.227285696014362,0.15587284755634
248,248.0,0.0902232031263982,0.0979276881070154,0.0851625118790706,0.1470569672184143,0.0933673448534537,0.1002912417405876,0.2307768149035782,0.1551942281714818
249,249.0,0.0896401246434539,0.0974267559841018,0.0848207178761167,0.1461404309056229,0.0927057031234747,0.1004588819080463,0.2341377896633444,0.1546695958958394
250,250.0,0.0890683172425619,0.09694192308474,0.0845142605748894,0.1452062012565148,0.0920646901127399,0.1005453514109519,0.2375556608992338,0.1541035954183682
251,251.0,0.0885111026185646,0.0964751585446072,0.084241401607267,0.1443660675287338,0.0914472967674147,0.1005556615468592,0.2409003266171965,0.1535029847693567
252,252.0,0.0882273671384528,0.0960460014335268,0.0840181879899103,0.1435491944239213,0.0908749798096018,0.1005415774267857,0.2438478322123968,0.1528948595654043
253,253.0,0.0879835410091894,0.0956602090605406,0.0838471138048025,0.1427875570150098,0.0903541812509643,0.1005109057983663,0.24651817473872,0.1523383173224069
254,254.0,0.0877004061141467,0.095141007864627,0.0836525475062945,0.141967885757334,0.090583133545288,0.1003691765243126,0.2484633061707309,0.1521225365172661
255,255.0,0.0874333139212656,0.09465064588917,0.0834876752346818,0.1411654715538614,0.0908391152799894,0.1001975326956949,0.2502384741759161,0.1519877712494207
256,256.0,0.087191990100998,0.0944224031791877,0.0833550784576944,0.1401818423841145,0.0911206803690539,0.1000044134092923,0.25173681922445,0.1519867728752089
257,257.0,0.0869754316057287,0.0942270492769861,0.083252016145083,0.1392482423181286,0.0914215314327421,0.0997928900654796,0.2530706231999762,0.1520122159558756
258,258.0,0.0867825029156573,0.0940625067257812,0.0831757409012829,0.1385950403150805,0.0917358243334763,0.0993386560894593,0.2550189119745215,0.1512908167447411
259,259.0,0.0866117602361546,0.0939304711291167,0.0831283771758913,0.1379845669725453,0.0920640214534941,0.0988809289246164,0.2568459212356055,0.1505539528725761
260,260.0,0.0864702984744779,0.0945808819363316,0.0831153989991695,0.1377033740273994,0.0916350606702337,0.098729352103155,0.2582542902377015,0.1495113435515314
261,261.0,0.0862889138346545,0.0951128975340755,0.0830660847970247,0.1373301855568174,0.0911535568098415,0.098520270700816,0.2601754248873341,0.1483526658794362
262,262.0,0.0861832920563366,0.0955391979783076,0.0829902781072493,0.1371089041853564,0.0906350184910488,0.0977968724125685,0.2625961468838469,0.1471502898852857
263,263.0,0.0860337151331083,0.0958447154565858,0.0828691784064652,0.1367719793929121,0.0901638766939228,0.0969924933777255,0.2648563201898511,0.1464677213494291
264,264.0,0.086444174069117,0.096045978938038,0.0827174993299788,0.1365477278322983,0.089660596360705,0.0964762553666369,0.2664355966460868,0.1456721714571391
265,265.0,0.0867962937041238,0.0961747668556387,0.0825436401244381,0.1363076792165971,0.0891410751972621,0.0959056710768291,0.2677894249509212,0.1453414488741899
266,266.0,0.0871508024407049,0.096295454555423,0.082380561298924,0.1360840019204225,0.0886411364023712,0.0953196613014345,0.2691098079940546,0.1450185740866653
267,267.0,0.0874551141685281,0.0961547614367126,0.0822092532569619,0.1358770880767663,0.0881442587803989,0.0947350985981034,0.2707870065871839,0.1446374190953448
268,268.0,0.087749674772324,0.0959860487524528,0.0820444055122757,0.1356099349450479,0.0876631768692793,0.0941395954628381,0.2725487619158257,0.1442584017699564
269,269.0,0.0880318685428931,0.0957921679735179,0.0818863752970204,0.1352855808501026,0.0872002286022345,0.0935383644056468,0.274595315449733,0.1436700988788517
270,270.0,0.0882994789698535,0.0955759781519654,0.0817354299044065,0.1349074757517036,0.0867573575142283,0.0929361894871989,0.2765071621299145,0.1432809280907292
271,271.0,0.0885542999774847,0.0953584584450942,0.0818810962859984,0.1345447158611202,0.0863433899575835,0.0923410526240822,0.2780737120582344,0.1429032747904023
272,272.0,0.0887821951196652,0.0951189686965416,0.0820187426816158,0.134110798641286,0.0859475122538411,0.0917486463773507,0.2795090452386431,0.1427640909910564
273,273.0,0.0889824602454217,0.0948603315297403,0.0821465745284169,0.1336106611113784,0.0855707902898543,0.091162672349621,0.2808177291593738,0.1428487807861935
274,274.0,0.0891662978016749,0.0946062422404591,0.0822705549099621,0.13313059624802,0.0852248359312991,0.0905938957688637,0.2818182440037082,0.1431893330960127
275,275.0,0.0892805340905187,0.0943058088545449,0.082362820378795,0.1326460421426762,0.0848833696713977,0.0900185828653295,0.2828409539982899,0.1436618879984479
276,276.0,0.0893762649060461,0.0940160297784136,0.0824573680983596,0.1321837879313419,0.0845750328152508,0.0894870344761804,0.2837842280284375,0.14412025396597
277,277.0,0.089453887288954,0.0937384892726085,0.0825527762671473,0.1317449856705308,0.0842993476918049,0.0889999415346296,0.2851517870343265,0.1440587852399981
278,278.0,0.0894629671530891,0.0934100434934009,0.0826205869040713,0.1314383636591903,0.0840250211211806,0.0885303115708563,0.2861370114960437,0.1443756946021676
279,279.0,0.0894532857182343,0.0930778257264462,0.0826746669294988,0.1312745346220746,0.0837726395935457,0.0880800593474498,0.286775487183535,0.1448915008792156
280,280.0,0.0893890843619583,0.0931615062194225,0.0827055312900603,0.1312443181266456,0.0835262351206856,0.0876529707598812,0.2871915840147436,0.1451287701066028
281,281.0,0.0894190670914731,0.093527398655889,0.0828419508376883,0.1312786566561064,0.0834142267163873,0.0873777582594939,0.2876989149060837,0.1444420268768782
282,282.0,0.0894105019547453,0.0939681913604081,0.0828354645433594,0.1314417962807324,0.0833116050002361,0.0871118280264566,0.2884026102877983,0.1435180025462636
283,283.0,0.0892644043154223,0.0942733189955632,0.0827023452216159,0.1315295086396581,0.0831050769370454,0.0867619640020882,0.2899106579764354,0.1424527239121714
284,284.0,0.0889750042867279,0.0944107843549045,0.0824535668735624,0.131453980918728,0.0828069066456888,0.0863380455496571,0.2921733826866128,0.1413883286841184
285,285.0,0.0890630064831311,0.0944785919245329,0.0821874041967307,0.1314914507468369,0.0825132711957611,0.0859359383079141,0.2940492593320775,0.1402810778130155
286,286.0,0.0894909486043946,0.0944776990955889,0.0819045770125908,0.1316184878496948,0.0822227881321869,0.0855538019900316,0.2956185157143085,0.1391131816012037
287,287.0,0.0898434277956833,0.0944125429121508,0.0816088097032482,0.1318304678089805,0.0819370962359335,0.0851926905263357,0.2972765334206234,0.1378984315970445
288,288.0,0.090049016798933,0.0945972424250804,0.0812303017209948,0.1319472545368999,0.081586825223375,0.0856133936460563,0.2982275576121519,0.1367484080365086
289,289.0,0.0901425674392023,0.0950237030772569,0.0806926923989261,0.1319611424901542,0.0819745845659475,0.0859407910870801,0.2988388308253322,0.1354256881161006
290,290.0,0.0901694733651147,0.0953662343271128,0.0801546635740565,0.1318998411096462,0.082364723601042,0.0862772158153791,0.2996790978871025,0.1340887503205461
291,291.0,0.0901339502374185,0.0959598942585481,0.0796208743478354,0.1317661078717651,0.081982941521953,0.0866176377178639,0.3011702213068202,0.1327483727377957
292,292.0,0.090470547818083,0.096459679833979,0.0789879599217136,0.1317125254262841,0.081601640585897,0.0869575010088646,0.3023957859375047,0.1314143594676738
293,293.0,0.0907268031527287,0.09685613236222,0.0783613338687781,0.1315705141258898,0.0812111042585746,0.0867758311324087,0.3044141742042077,0.1300841068951923
294,294.0,0.0908971130945888,0.098012404604082,0.0776998917155901,0.1312981581504033,0.080768812134814,0.0865319996274367,0.3060428374872447,0.1287487831858403
295,295.0,0.0910363571392767,0.0991131612744194,0.0771664950193306,0.1309545001042182,0.0803323660772359,0.0862827376800859,0.3076457174087388,0.1274686652966943
296,296.0,0.0911090098970562,0.1000653853005354,0.0766179129698107,0.1306555587634793,0.079868321200468,0.0859928545729559,0.3094797702332438,0.1262111870624505
297,297.0,0.0911217298695701,0.1008756118149151,0.0760620354530405,0.1304149390556802,0.0793848180490432,0.0856700371536255,0.3114850253869098,0.1249858032172155
298,298.0,0.0910333161802201,0.1014934406707693,0.0754961184936568,0.1300815105582199,0.0788794631605468,0.0853116188599872,0.3139421160310132,0.1237624160455866
299,299.0,0.0909182121818857,0.1020384571340827,0.0749606279136764,0.1296867068035215,0.0783888635956191,0.0849551727862783,0.3164444117780585,0.1226075478068776
300,300.0,0.0908482256385619,0.1024452645676216,0.0744243134654761,0.1293353790864164,0.077882409660546,0.0845700985203631,0.3190038556394776,0.1214904534215371
301,301.0,0.0907547421944359,0.1027806091589932,0.0739211667503902,0.1290295971745414,0.0773948288579573,0.0841912585432423,0.3214825625646629,0.1204452347557766
302,302.0,0.0906396429689181,0.1030464905164249,0.0734520533674124,0.1288000426792649,0.0769278008887533,0.083820579335147,0.3238408803978223,0.1194725098462568
303,303.0,0.0904875051163782,0.1031958701368711,0.0729951190840592,0.1286338937077153,0.0764643080139053,0.083440398013413,0.3260949444270413,0.1186879615006162
304,304.0,0.0902912768373184,0.1032289873169669,0.0725465245397163,0.1285206676158565,0.0761239383934563,0.0830451697599159,0.3282978843749158,0.1179455511618537
305,305.0,0.0899078673258522,0.103019175766813,0.0719917875172817,0.1294581460365868,0.0756675855231191,0.082524757864706,0.3303259718437094,0.1171047081219315
306,306.0,0.0895775871557337,0.102818021135377,0.0715859026018505,0.1306290341942916,0.0752969756021298,0.0822416485138989,0.3334057973078413,0.1144450334888771
307,307.0,0.0892297672286291,0.1025603493426949,0.0711977250297133,0.1317919123488138,0.0749394458566389,0.0819383051651736,0.3364922327248807,0.1118502623034552
308,308.0,0.0888259393238481,0.1022019584053483,0.0708194123705961,0.1328313852152701,0.0747076325559758,0.081608708229161,0.3397019922922925,0.109302971607508
309,309.0,0.0883801602065316,0.1017602290276913,0.0704677420136885,0.1338909213918377,0.0744873004650839,0.0813836873332571,0.3427948944316434,0.1068350651302663
310,310.0,0.0879134028583034,0.1011333515032063,0.0700218700679867,0.1356091992382288,0.0742864236559744,0.0810333286191178,0.3456608307543888,0.1043415933027937
311,311.0,0.0874218491133011,0.1004442475537043,0.0695958718963556,0.1372109876934943,0.0740980537068929,0.0806745255283961,0.3485901172083456,0.1019643472995099
312,312.0,0.0868503496071836,0.0991602857398188,0.0691065265321615,0.1393570012992208,0.0738426104397629,0.0802240001505497,0.35182536947685,0.0996338567544525
313,313.0,0.0862685966930003,0.0978519835583153,0.068620926986335,0.1419293287754147,0.0735802207933123,0.079750487527158,0.354839591297714,0.0971588643687502
314,314.0,0.0855742506899789,0.0972597024257125,0.0680612491852512,0.1440236035226064,0.073237046744322,0.0791779293118882,0.3579466350480865,0.0947195830721543
315,315.0,0.0847869670076737,0.097274225877153,0.0674431909354002,0.1456800212329954,0.0728276200066959,0.0785238825061944,0.3611264459327453,0.092337646501142
316,316.0,0.0839240466211732,0.0970902437350518,0.0667801141289773,0.1476480580300005,0.072364322777545,0.0780417286631348,0.3641208422242431,0.0900306438198741
317,317.0,0.0829996217720298,0.0969611983043264,0.0660822684252151,0.1491515071051441,0.0718513780711514,0.0774976676612118,0.3676461937761177,0.0878101648848035
318,318.0,0.0820341890299662,0.0966774956128015,0.0653716434617941,0.1506604644990219,0.0713101331788654,0.0769297120051825,0.3713156475575335,0.0857007146548346
319,319.0,0.0816229759160247,0.0962517445937743,0.0646459857354658,0.1521242310678516,0.0707434783016127,0.0763193355368974,0.3745923197219184,0.0836999291264549
320,320.0,0.0812398580537534,0.0958252327596919,0.0639495298169201,0.1533495189090663,0.0701902820855145,0.0757113786096736,0.377762271268415,0.0819719284969651
321,321.0,0.0808329738326807,0.0953238279099448,0.0632660259073006,0.1548080548023032,0.0696393184397503,0.0750904308657114,0.3806539940634094,0.0803853741788997
322,322.0,0.0803856309459248,0.095243593948719,0.0625954307584044,0.1562259000192843,0.0690855744203492,0.0744586841163746,0.3830692917699675,0.0789358940209761
323,323.0,0.0799571857336064,0.0953629206938044,0.0619685527422726,0.1575478532663133,0.0685601389905341,0.0738481195906106,0.3851063260155635,0.0776489029672949
324,324.0,0.0795555154711597,0.0954810004518633,0.0613775067886511,0.1591775263110864,0.0680555336210149,0.0732509610995304,0.3865953508718029,0.0765066053848912
325,325.0,0.0791577919866092,0.0956658855513868,0.0608188865737936,0.160747024675776,0.0675688678504307,0.0726652469829133,0.3877790177263582,0.075597278652732
326,326.0,0.0781818914459836,0.0952242446455973,0.0597103445024932,0.161578388579438,0.0671850698806657,0.0715101624136923,0.3923875246475,0.0742223738846297
327,327.0,0.0772393315831754,0.0947786043114124,0.0586458810461399,0.1623543042264564,0.066825493871143,0.070381303857821,0.3967982458973941,0.0729768352064575
328,328.0,0.0763139589175096,0.0942983775190399,0.0576264372921007,0.1629885767574263,0.066485897872169,0.0692812486157399,0.4011603618518242,0.0718451411741901
329,329.0,0.0754110663950251,0.0937883826099153,0.0566564296792812,0.1634897699978076,0.0661662841078259,0.0682160684657044,0.4050505688575893,0.071221429886851
330,330.0,0.0745363001880267,0.0934578321484404,0.0557404209234318,0.1637996069518553,0.0658717450746986,0.0671919814335845,0.408707700436216,0.0706944128437466
331,331.0,0.0735664478316402,0.0932567684470636,0.0548277317677912,0.1640819292560784,0.0656708376253608,0.0661942651795291,0.4122696965874202,0.0701323233051161
332,332.0,0.0726267920729454,0.0930363212753349,0.0539697026190393,0.1641167716865698,0.0654881120330666,0.0652377490497893,0.4158625223353906,0.0696620289278636
333,333.0,0.071719176883818,0.0927829019362221,0.0531711420105914,0.1640708612114922,0.0653137757345751,0.0643369781253961,0.4193428742195701,0.0692622898783345
334,334.0,0.0709458830884241,0.0924983575460207,0.0524328658667127,0.1638521071050969,0.0651467634058649,0.0634937562776414,0.4224472273710675,0.0691830393391714
335,335.0,0.0702323677975392,0.0922218550159732,0.0517578373410356,0.1635677460829561,0.0649968741100976,0.0628818931045747,0.4251776918242823,0.0691637347235408
336,336.0,0.0695626997168554,0.0919216148141778,0.0511423343110922,0.1633691616826789,0.0648596222166464,0.0623186088245819,0.4276398814265165,0.0691860770074503
337,337.0,0.068926624487428,0.091591894460055,0.0506767332565829,0.1631961462474752,0.0647232256102561,0.0617930042714789,0.4298577875190475,0.069234584147676
338,338.0,0.0683272418091135,0.0914083891063621,0.050262723577316,0.162870325335042,0.0645878502875732,0.0613057342465623,0.4319223897072444,0.0693153459307861
339,339.0,0.0677893409441935,0.0913331860753681,0.049906388496713,0.162424136456781,0.0644660103907794,0.0608676074045567,0.4337755012276733,0.0694378290039346
340,340.0,0.0672969857811632,0.0913317436715755,0.0496018609503626,0.161865331304897,0.0642566980129332,0.060473687391218,0.4355873049974956,0.0695863878903544
341,341.0,0.0669358304463777,0.0913058725060933,0.0493414032223124,0.1612182488122823,0.0640523369862761,0.0602721646323389,0.4371239634813012,0.0697501799130177
342,342.0,0.0670683013497447,0.0917066018965305,0.049580548930433,0.1609696708751617,0.0636425387075339,0.0605728708164398,0.436067922789955,0.070391544634201
343,343.0,0.0672402312666355,0.092176419326541,0.0498617265725379,0.1606571259144961,0.0632489081548549,0.0609049554922427,0.4348600606053949,0.0710505726672966
344,344.0,0.0674291935291303,0.0926022490136884,0.0501672043958729,0.1602444116609123,0.062954502659579,0.0612467216607382,0.4336591157057562,0.0716966013743222
345,345.0,0.067629314469268,0.0929804708829489,0.0504901990782069,0.1597386388957997,0.0626640154784841,0.0615913500940449,0.4325840231471626,0.0723219879540845
346,346.0,0.0678458254832634,0.0933163199608635,0.0508297490032881,0.1594607403963162,0.0623879036846844,0.0619415452087981,0.4312907456409323,0.0729271706218535
347,347.0,0.0681673651176105,0.0936086741687844,0.0511818954171673,0.1591247076900198,0.0621275129101262,0.0621955032912996,0.4300746934391114,0.0735196479658803
348,348.0,0.0686982480571937,0.0938791401618402,0.0515397099130833,0.15880665618405,0.0618834185263488,0.0624465689500449,0.4286717787855988,0.0740744794218399
349,349.0,0.0691672923853071,0.0939959201298756,0.0518697034979545,0.1588491267237287,0.0616270478118769,0.0626624924360144,0.4272739423860122,0.0745544746292301
350,350.0,0.0695739653461107,0.0939698366159819,0.0534284937558782,0.1588830868533221,0.0613611170878384,0.062842926205518,0.4249811194651774,0.0749594546701728
351,351.0,0.0699076895245277,0.0942583671867422,0.0549367336598936,0.158674632749547,0.0610783970460914,0.0629790406640998,0.4228822170152148,0.0752829221538831
352,352.0,0.0702634186526975,0.0944014099862806,0.0563834241524033,0.1587984549978575,0.0607852248318732,0.0630721627098586,0.4207673026580671,0.075528602010962
353,353.0,0.0705500258055323,0.0944095886814505,0.0566511559245416,0.1593320948597944,0.0605774892143417,0.0631361737038513,0.4196412268579066,0.0757022449525814
354,354.0,0.0708019022125593,0.0943753242225471,0.0568703921631744,0.1598171740661113,0.0603804341485114,0.0631885272378821,0.4186514936714378,0.0759147522777764
355,355.0,0.070984450835271,0.0947898316292524,0.0570260848332936,0.1600121982520017,0.0601770581786137,0.0632120983219456,0.4176498877575664,0.0761483901920555
356,356.0,0.0711087672891792,0.0950658968766549,0.0571256922074195,0.1600931961517393,0.0599742667082864,0.0632153459482816,0.4169300893330532,0.0764867454853858
357,357.0,0.0711915442419824,0.0952407435406214,0.0571762396373974,0.1603824999141977,0.059779440485377,0.0631918282766691,0.4162645132355155,0.0767731906682394
358,358.0,0.0711158225245998,0.0953922267545083,0.0571897179952744,0.1606201315486117,0.0595966972975099,0.0631482173022216,0.4158335839136618,0.0771036026636124
359,359.0,0.070645686524869,0.0958723863920758,0.0571672187393431,0.1607996102857574,0.0594305189550268,0.0630885766844269,0.4156183653352869,0.0773776370832141
360,360.0,0.0701441518068279,0.0962155931484082,0.057098493719357,0.1611462301603557,0.0592671666143294,0.0631304525604036,0.4152838768821476,0.0777140351081707
361,361.0,0.0696268411260706,0.0964467943603282,0.0569925339262504,0.1615677701542477,0.0591095339826672,0.0631455067919886,0.4151112419806136,0.0779997776778338
362,362.0,0.0690997329866359,0.096565646315431,0.0568557788334782,0.1620367914460068,0.058955784811417,0.0631469184085081,0.41501570202861,0.078323645169913
363,363.0,0.0685692826280184,0.0965809547316361,0.0566897647105783,0.1626176557339414,0.0588062813161533,0.0631241392707897,0.4150197127299867,0.0785922088788961
364,364.0,0.0680334597353854,0.096793005515555,0.0564948278239202,0.1628230588867513,0.0586594920948594,0.0630766071512976,0.4153200194192744,0.0787995293729568
365,365.0,0.0674918708384477,0.0967900777146385,0.0562722574490175,0.1631096573046029,0.0585131276254312,0.0630031936029149,0.4158825042761769,0.0789373111887706
366,366.0,0.0669490079675359,0.09673494024921,0.0560330020460193,0.1634609151803633,0.0583683859855968,0.0629185376956748,0.4165215480085807,0.0790136628670191
367,367.0,0.0665230450684597,0.0965577196177383,0.0557682198507364,0.1637235261444861,0.0583850753207855,0.0628025944320708,0.4172207012741686,0.0790191182915546
368,368.0,0.0660900844668888,0.0962664412356043,0.0554815397504055,0.1640385674225517,0.0583902231071601,0.0626573158003863,0.4181185948352913,0.0789572333817119
369,369.0,0.0656539934062305,0.0959982064590232,0.0551771437235695,0.1644228329918369,0.0583869500999199,0.062485463591199,0.4190414637636512,0.0788339459645697
370,370.0,0.0652340352722594,0.0956605442755504,0.0548657519875342,0.1649656106985468,0.0583855698070643,0.0622980606179198,0.4199252093959966,0.0786652179451284
371,371.0,0.0648222825614746,0.0952545667627532,0.0546622016273214,0.1655643551494641,0.0583756569859619,0.0621717114649485,0.4207000248498235,0.0784492005982526
372,372.0,0.0644210591768453,0.0947689449006048,0.0544513140312648,0.1659393465668741,0.0583606613704933,0.0620302398571619,0.4217603658154343,0.0782680682813213
373,373.0,0.0640389303302716,0.0942286615362383,0.054237619548812,0.1661798546154648,0.0583415879572367,0.0618764201363995,0.4230463973682363,0.0780505285073407
374,374.0,0.0636829211449916,0.0936897499461538,0.0540286971652309,0.1664139552734357,0.0583241772604696,0.0616322086736431,0.4244220761082619,0.0778062144278131
