,Unnamed: 0,Generation,Intertwine_two,Add_vertex,Delete_vertex,Invert_path_vertices,Insert_inside_vertex,Delete_inside_vertex,Replace_inside_vertex,Donate_between_routes,Trim_one_terminal_cb,Grow_one_terminal_cb
0,0.0,0.0,0.09999999999999999,0.09999999999999999,0.09999999999999999,0.09999999999999999,0.09999999999999999,0.09999999999999999,0.09999999999999999,0.09999999999999999,0.09999999999999999,0.09999999999999999
1,1.0,1.0,0.11029221113064898,0.10407396962126411,0.08744173327909957,0.10438220592329499,0.09416757175334212,0.10368533356263272,0.09325900216114151,0.09195513347624555,0.11291909801459081,0.09782374107773914
2,2.0,2.0,0.11752079853049222,0.09759454348673283,0.09102952644102091,0.10830661718306796,0.0916060778190475,0.09883614524190446,0.09140688784064357,0.0858059137317512,0.10281625998009543,0.11507722974524345
3,3.0,3.0,0.1038700625448088,0.09530834877995939,0.10254233526077043,0.1055054413850354,0.09616335124771917,0.09930798875006183,0.09524002312602634,0.08064930992119676,0.11589214397794187,0.10552099500647949
4,4.0,4.0,0.11733043137938996,0.0893010455831523,0.08959887674989027,0.11656937789575932,0.08446453086525436,0.09411911303146908,0.0831795530662293,0.09204673653270196,0.1204006327546365,0.11298970214151653
5,5.0,5.0,0.10485946830444245,0.09936642447324162,0.08283376712438557,0.10874975736823096,0.0938280049740837,0.10382423982337474,0.0870541361259505,0.08482669719131217,0.1247014521229816,0.1099560524919962
6,6.0,6.0,0.11500190450886842,0.09672195980208641,0.10527145903702777,0.10288851528022827,0.09753398600004258,0.11077095287399055,0.07439145500074172,0.08174005868806489,0.10137715812253423,0.11430255068641473
7,7.0,7.0,0.10971953684976095,0.08753930945596429,0.10554940550406162,0.10550885561705114,0.08857905624959017,0.10113128602423775,0.08277667251765562,0.08455824132514331,0.11214046314616637,0.12249717331036833
8,8.0,8.0,0.11672746155026985,0.09843567626492945,0.09758304100583198,0.10290876868937422,0.08679817745757386,0.09500495816378225,0.08584011193552557,0.08691563304771428,0.11736888373129425,0.11241728815370375
9,9.0,9.0,0.11753206438115119,0.0848293906819916,0.0977540951839749,0.09446524488398962,0.08810930503478849,0.10393977396154401,0.07956776811232005,0.09638388313137705,0.12987805316745224,0.10754042146141034
10,10.0,10.0,0.1069005862870186,0.10210059603430677,0.09932340973868994,0.10457210665218279,0.08369591582096673,0.10327395964593163,0.0834636932151833,0.08406739515818074,0.11900640162154966,0.11359593582598945
11,11.0,11.0,0.10733286556904353,0.1024477915333514,0.10121948628851588,0.10214687492078989,0.08986568174584449,0.10043807026319422,0.07911586541600005,0.0750553601247762,0.12745238899849767,0.11492561513998623
12,12.0,12.0,0.1092175660145133,0.10816681849698413,0.1035637620989411,0.10080614685370212,0.09160552633072243,0.10363498398335672,0.09279530761248941,0.0764228513023745,0.1066544428248967,0.1071325944820191
13,13.0,13.0,0.10916758361782644,0.09824372306802495,0.1091132054876947,0.1119465108639351,0.08133846173801448,0.10083589478640106,0.07780434812882439,0.07066138153194229,0.118953731981625,0.12193515879571104
14,14.0,14.0,0.11711931043298607,0.09285657351819934,0.103968020751146,0.10068391604101698,0.09112130746370971,0.10687761977532766,0.07099621503582333,0.0696077412135802,0.13093276644886678,0.11583652931934345
15,15.0,15.0,0.1156056059380089,0.10232701222086704,0.09767849986598134,0.10105399682937162,0.08151839998089494,0.10977108540034672,0.07049567657237236,0.08311149825614299,0.12261596313187426,0.11582226180413926
16,16.0,16.0,0.11037804832696083,0.09061946403193359,0.11116248351768068,0.10326584557529916,0.08772669734429259,0.10085163627643208,0.07990826092815123,0.0862090821160928,0.11746916222018541,0.11240931966297114
17,17.0,17.0,0.1038121918209964,0.10882862758867459,0.10710605861934952,0.10413658975729037,0.07901915885956531,0.10917220535153793,0.0845130006360725,0.07665749492789173,0.11515323176663043,0.1116014406719908
18,18.0,18.0,0.11794602298683325,0.10795640608784954,0.1029717825823967,0.09472694927711725,0.08238523322056021,0.0949522484463533,0.07712492302264451,0.07811738168713853,0.13201593560501584,0.11180311708409041
19,19.0,19.0,0.09614358827358878,0.09481526145921934,0.11136539855380383,0.0991049818003391,0.08921874759727817,0.09968746089842216,0.08348793671367938,0.08166409875087574,0.12864902524902128,0.1158635007037718
20,20.0,20.0,0.11154615040312654,0.09257907163649895,0.09989748549916659,0.10497882159308256,0.08722087858930379,0.09270462981083147,0.08701228229449495,0.07150886058422547,0.13356063438362115,0.11899118520564808
21,21.0,21.0,0.11054379007276957,0.10416394031583684,0.08797090904373377,0.09959184818577768,0.08698778535057736,0.0984161005704722,0.0809183703351991,0.07793676511075372,0.12747354086406534,0.12599695015081394
22,22.0,22.0,0.10564152289995668,0.09744054141714557,0.11411065840014886,0.10202189282131932,0.0776513900381752,0.0930616745196263,0.08582213692479061,0.06224034174200134,0.12765651819513119,0.13435332304170444
23,23.0,23.0,0.11100246873752273,0.0952391503984161,0.11615133791539647,0.10526762424551214,0.07762093149923059,0.10050250143091402,0.07780382725431786,0.061117857970182134,0.1275721305562503,0.12772216999225722
24,24.0,24.0,0.10420210334852023,0.11067016244756842,0.09935621307463638,0.10972368860311921,0.09064093869906101,0.09414541577591747,0.08244682279064615,0.0665194486716412,0.12704110709144048,0.11525409949744889
25,25.0,25.0,0.10582471919318219,0.10211041978773364,0.10404048439674296,0.0994396127374401,0.07895938403537592,0.09832529231398249,0.075084026212274,0.08222294739158012,0.13108249761027216,0.12291061632141602
26,26.0,26.0,0.1009629120706722,0.09859767340620713,0.10838409871198237,0.09606099372828598,0.06731144168268186,0.09727018749239402,0.07666800576391777,0.07218033167815474,0.1430315034535578,0.13953285201214555
27,27.0,27.0,0.08838778178390165,0.10656669928655449,0.10692589196936395,0.09482093798166383,0.08402344979247382,0.10733550308634573,0.07343429509053932,0.07659946655825735,0.1370902033197411,0.12481577113115835
28,28.0,28.0,0.10084192261935021,0.10671830009545136,0.10204857934117377,0.10533785931629039,0.07826340888239189,0.09894955276598008,0.08438758593054044,0.07025774725096348,0.12957594020125998,0.12361910359659785
29,29.0,29.0,0.09352464788196226,0.09579315319487114,0.11774860562232733,0.10675344398193354,0.07386149065285662,0.10660429828050404,0.08006322107098288,0.07271500057600133,0.1345974780664213,0.1183386606721392
30,30.0,30.0,0.10678102156517495,0.1167748933156096,0.10196757937854098,0.10168208284559548,0.07589704685072687,0.10344281720190016,0.07954653421793774,0.06330846807541428,0.12811878444142386,0.1224807721076756
31,31.0,31.0,0.09994774885898265,0.09660830463812303,0.114457371205239,0.09625065968176466,0.07826825786722247,0.10670524027842057,0.08862193223263554,0.06344978535274676,0.11880719455024946,0.1368835053346154
32,32.0,32.0,0.10230065315797168,0.0877104814774578,0.1078829538874101,0.09265516085564506,0.08943807782323918,0.10681482000232564,0.07462467782961843,0.08165445612847351,0.13365559427288368,0.12326312456497442
33,33.0,33.0,0.099731996350662,0.09799265600069348,0.11585490786825225,0.10867498611061019,0.07731977253897235,0.1022554481180015,0.07921737509211774,0.05806332461160928,0.14440731782136548,0.11648221548771528
34,34.0,34.0,0.09693989151927924,0.10590631741334526,0.10550369787975877,0.10331388095482588,0.06736924822618877,0.11056652077897855,0.08110033465711217,0.063941436579647,0.14056754760329673,0.12479112438756716
35,35.0,35.0,0.10370908364409556,0.10570618855679412,0.12038135523077106,0.11074797643536463,0.07148490082153526,0.10840986824588494,0.0727127814898354,0.06103139754461603,0.12908126920844604,0.11673517882265652
36,36.0,36.0,0.09014179819574186,0.10867618988749868,0.11806431356963229,0.10024996303274081,0.07981775134073868,0.09938383802615902,0.07379393437819848,0.0639281735629114,0.13535166264202184,0.1305923753643565
37,37.0,37.0,0.11322482535609005,0.09381570542441701,0.12965906513313963,0.08891933824694842,0.07575357611934,0.09452254612356406,0.061467604943150525,0.0700819188566504,0.14650410297230407,0.12605131682439544
38,38.0,38.0,0.10910335258431025,0.10073742118023736,0.11153193209538817,0.1010116533017648,0.0650926496295223,0.11958857024893399,0.0669675238786307,0.06467913418585453,0.13405560241959588,0.12723216047576158
39,39.0,39.0,0.1044118534314314,0.10254183864961416,0.12328942824840991,0.09500575521982868,0.07568315070797613,0.10280031614576657,0.07381076869042429,0.06574973951315774,0.13562393455239072,0.12108321484099989
40,40.0,40.0,0.10377886854519514,0.10595033900293852,0.12537445911641898,0.09297740372516897,0.06970951805078063,0.10416654861648109,0.05752064286116456,0.058004543644153805,0.1403243212657838,0.14219335517191417
41,41.0,41.0,0.10370325689984558,0.10736001117796465,0.11365216524331853,0.09096060399880079,0.07664219909603932,0.10027518836005551,0.08369308510924064,0.0625613000945041,0.13729365792485926,0.12385853209537108
42,42.0,42.0,0.09409369619331129,0.12316148172043262,0.11940235437632071,0.10016896438156342,0.07571291573539454,0.09449227984974272,0.06810800164105942,0.06923320431180205,0.1469639791212829,0.10866312266908987
43,43.0,43.0,0.08497828362468814,0.09985777685154733,0.12334804945603892,0.09252487845594315,0.06960140080500901,0.11164896245393463,0.06778114265213087,0.06726529118361094,0.1425563875164725,0.140437827000624
44,44.0,44.0,0.10435963575189697,0.10741569286598418,0.12641962945848656,0.08443184827517579,0.07112689392980151,0.10213992779165122,0.07486394091303554,0.06118902746662517,0.14926522143517357,0.11878818211216899
45,45.0,45.0,0.0969535501139053,0.10348702278775239,0.11781937392612654,0.10340170434252893,0.0750090307374723,0.09514213334055263,0.07763149401595515,0.06247493157185659,0.1389894110459825,0.1290913481178672
46,46.0,46.0,0.09206900125470016,0.10259570192499419,0.13082811674500625,0.09168855746736934,0.07552890637555329,0.10741835782447635,0.06861472626715943,0.050009709177561444,0.15882052513460387,0.12242639782857519
47,47.0,47.0,0.11116464200067881,0.09647507295439964,0.11338848983473224,0.09810484732446971,0.07628939244536764,0.10719992727358321,0.0705920184940793,0.0654279219058552,0.14262143921454895,0.11873624855228485
48,48.0,48.0,0.09959316550452761,0.10593657111314018,0.121434021277152,0.09199396854007953,0.07995389504444589,0.11717252565680732,0.059363911651078835,0.05338876594992888,0.13927700674321147,0.13188616851962776
49,49.0,49.0,0.11324624629225674,0.0995365244304535,0.12322881425045802,0.09958340840922113,0.06866097554787891,0.10578269728707138,0.05717560554055048,0.06959601526403073,0.13991722513825874,0.12327248783981992
50,50.0,50.0,0.1075564682696131,0.10404204761381226,0.11435777779349936,0.10615570659434112,0.06397460397314747,0.09669124867725279,0.06677778226056257,0.054034246271763384,0.14657091665531213,0.13983920189069532
51,51.0,51.0,0.09202137137065283,0.11050578123424903,0.12848237732155443,0.089445270461271,0.06978824204355653,0.10907087079780024,0.07004267472313211,0.05991286557427211,0.1483494731423186,0.12238107333119266
52,52.0,52.0,0.11178671510201484,0.11225088051611165,0.11099174540596905,0.10525253639082918,0.06512912033701042,0.10215615024366329,0.07811554414954883,0.06795924931512175,0.1281100222594951,0.11824803628023543
53,53.0,53.0,0.10424707489223287,0.10383164369704705,0.1252011243195979,0.11157151869856938,0.05831508478773023,0.11839860638561195,0.06291662581238552,0.05648662255156518,0.14112369869385016,0.11790800016140937
54,54.0,54.0,0.08495142255289924,0.10330178282583799,0.12129024260299084,0.0907345340586713,0.07474708609195277,0.1083907433432619,0.07414437680296368,0.07681466378985341,0.1356664627008672,0.12995868523070114
55,55.0,55.0,0.09328412506072317,0.0981293235811805,0.12492603601577504,0.10468516320717196,0.0660990733617594,0.11559876965883671,0.07453685849109375,0.056594426812822916,0.14634150801405774,0.11980471579657836
56,56.0,56.0,0.08559095722800156,0.10073017939324447,0.12690912516902442,0.11113358563105155,0.07894279924665391,0.09626780538162052,0.07502892860678648,0.060342216703067865,0.127636199980732,0.13741820265981683
57,57.0,57.0,0.1097497086542277,0.1006907858319164,0.12309081214192193,0.0942825905658451,0.0637338871055085,0.10875710606963818,0.07852795365538419,0.055385782689039556,0.1393169908226583,0.12646438246385974
58,58.0,58.0,0.09921130527102588,0.11305285554586794,0.11819432202349885,0.10628962505515989,0.06692951793630038,0.0841060653233133,0.0758213832293437,0.054486567216995296,0.1488398303482485,0.13306852805024588
59,59.0,59.0,0.11003069045046499,0.12311829605924188,0.11841129405038822,0.09931587310387553,0.054592017020112335,0.10191690103007196,0.07500865050144999,0.039634475403655764,0.14622660791320236,0.13174519446753657
60,60.0,60.0,0.11928848290696585,0.10102170007307125,0.1246249015491017,0.11018738129248211,0.06223256247635822,0.10243910638780909,0.052311650944345,0.052750572959402386,0.1374635488163353,0.13768009259412867
61,61.0,61.0,0.10337999684276086,0.10372916067871203,0.11568102074364603,0.10363381950391992,0.0633193106098704,0.09771195342825925,0.07069064312904957,0.059741049539444036,0.1465304003814961,0.13558264514284132
62,62.0,62.0,0.10119999241583474,0.10138948563873788,0.1344036108682928,0.11017584741437152,0.06160351074215524,0.10008769226476077,0.05503068153470873,0.055872385208084886,0.14632196431859762,0.13391482959445528
63,63.0,63.0,0.10248117413998799,0.09939411170534809,0.11737334655496463,0.10033254357212418,0.06130629139251027,0.0869758155453803,0.0701827050384433,0.06807994668137955,0.15510315123357382,0.13877091413628745
64,64.0,64.0,0.09423116018348415,0.1176071300963532,0.11923761896828622,0.09577867419870847,0.06161813252302058,0.11602633065010326,0.06508767512693417,0.05483410212047215,0.14767823415510425,0.12790094197753302
65,65.0,65.0,0.09837011719644931,0.10613805785082533,0.1320455668341534,0.10572960454999321,0.07927943720179778,0.10997361912809359,0.05901811366173763,0.04558668456541142,0.14106290465057633,0.12279589436096164
66,66.0,66.0,0.09682015429526998,0.10206167131581376,0.1165340334134181,0.11464548234680787,0.06022227837790208,0.09843195821880424,0.09104897517244477,0.06755683185495881,0.14082457259044753,0.11185404241413237
67,67.0,67.0,0.10079539021000809,0.10957753703434792,0.11734093966991843,0.10295789357724586,0.06825473912948324,0.1218276273710421,0.06413491606997321,0.06081302404311959,0.12951175254789088,0.12478618034697023
68,68.0,68.0,0.10897277848515852,0.09582218938998746,0.11086079103582243,0.10255412219536986,0.06884356900292701,0.10635016502927874,0.06615131489910261,0.061654149957682314,0.15035332541137253,0.1284375945932981
69,69.0,69.0,0.09763794016235519,0.11100531643468836,0.11586949064458356,0.08631514458348402,0.07474275181569626,0.10927789393039548,0.0883753164742939,0.04374671120798711,0.14161499159963886,0.13141444314687684
70,70.0,70.0,0.09297882018834007,0.10456017329933476,0.12637881967219947,0.09588100020289331,0.06740196893405556,0.10371267173616032,0.056461217495363716,0.05897704271687202,0.15759234494964908,0.13605594080513128
71,71.0,71.0,0.09693019930643025,0.09862853276227397,0.1325460356943619,0.10505505728211299,0.056767311722128844,0.11831579804266974,0.059168175259286346,0.045603863050431195,0.14285176392474835,0.14413326295555592
72,72.0,72.0,0.10052684575076246,0.11719341798976694,0.12029113340378188,0.1011757369804718,0.05810029189912469,0.11898622666449685,0.06250633976038428,0.04585306891337707,0.14151467344177632,0.13385226519605725
73,73.0,73.0,0.10418754906351335,0.10979762335846337,0.12321587784226358,0.08874670410986771,0.05906548921596945,0.11895303398537152,0.06506052441868376,0.04514282196656164,0.14513957805008187,0.1406907979892233
74,74.0,74.0,0.09966616793350316,0.0949148587837726,0.12139965262495869,0.10818297808813457,0.06339238069902278,0.10515948573137826,0.05564564382873166,0.05579811449046527,0.1563675174314093,0.13947320038862335
75,75.0,75.0,0.10154919691749173,0.1082559999424274,0.1301683896722697,0.10515560991342106,0.06816690166813058,0.09685364888578095,0.0627035319867159,0.05127858253453306,0.14717818193975551,0.12868995653947363
76,76.0,76.0,0.10225130630176522,0.09778538616044843,0.11984839283285705,0.10053125005225802,0.06494476399895102,0.1348961332315823,0.056203124498885274,0.05433436129967584,0.1299554904153249,0.13924979120825148
77,77.0,77.0,0.10288028802033619,0.10874209721351069,0.11896579649725392,0.09527306714106892,0.06692535331553466,0.09660119593868205,0.06584401750160926,0.05953213356338129,0.1585502080722542,0.12668584273636835
78,78.0,78.0,0.11241877011077747,0.10093932337233288,0.12750075322330878,0.09275248329110561,0.05498227860427387,0.1038967767844424,0.07913839831346026,0.06296259818041947,0.13349609029943957,0.13191252782043922
79,79.0,79.0,0.11153823634686551,0.10376998947562252,0.12804333557735526,0.09084979031564236,0.07185398162032569,0.11033698250445981,0.056474333459206424,0.05134695412710614,0.15432253912504382,0.12146385744837204
80,80.0,80.0,0.1039920199715321,0.10374185251945749,0.1271088653790437,0.08994804100491686,0.07389713753494775,0.10931276887259396,0.0591043728728287,0.052350109062100234,0.15070553257903557,0.1298393002035432
81,81.0,81.0,0.0890646191121689,0.11016650494919081,0.1435518631219997,0.10258521373875507,0.059883083279500114,0.11108873685948409,0.05973681584139658,0.0519794532193388,0.15651949937336954,0.11542421050479604
82,82.0,82.0,0.10331596424784861,0.10671903430241973,0.13942690439749503,0.09721558327517874,0.05395722686715078,0.10906621394387464,0.06245398436633032,0.045608297530366645,0.14975719219154476,0.13247959887779026
83,83.0,83.0,0.09188413161702826,0.09795327988923892,0.1156857505562722,0.08354515705366974,0.0931592748658757,0.11131858428288748,0.07160107403561432,0.05839822719888225,0.14494059430160194,0.13151392619892882
84,84.0,84.0,0.09834590588309519,0.10330865807229853,0.13069613979113345,0.08161383248110385,0.06802315049402394,0.11405095954403185,0.07186829550814527,0.055372771916968364,0.13991224933704222,0.13680803697215685
85,85.0,85.0,0.11982846117098549,0.10183592264719896,0.12854759934131332,0.08461622865566862,0.054606281893266065,0.11486060324991525,0.05977239975348432,0.04335983683900234,0.16695180247377403,0.12562086397539124
86,86.0,86.0,0.10031305129026705,0.12733778188910885,0.13543425117439978,0.10276472840489156,0.05164976678602716,0.09073772888375992,0.06719505202570916,0.04909114174580418,0.1459459785219011,0.12953051927813083
87,87.0,87.0,0.10383820160498367,0.09439009159217555,0.13286580396168984,0.10433485748732067,0.06269286719355177,0.09447187344030698,0.06821020841318934,0.05120285925745096,0.15681466161168373,0.13117857543764702
88,88.0,88.0,0.11292230856321295,0.08981154941428303,0.12447602565156954,0.105333376203589,0.05741884720299635,0.12429302749313235,0.050499406899078746,0.05269747671731791,0.15132820956149223,0.13121977229332743
89,89.0,89.0,0.11270078069498939,0.1098369376527304,0.11685588192191561,0.08607688564047307,0.06775531297755986,0.11886734061430662,0.058471637283273495,0.04934099104243389,0.15470190241683893,0.12539232975547848
90,90.0,90.0,0.0971456466505582,0.11870049887956344,0.12075210862313049,0.07843923076688983,0.0761589479145393,0.11202393929121177,0.06356607685653376,0.04499881638549935,0.1509017575513058,0.13731297708076756
91,91.0,91.0,0.07709906516035821,0.10419464350795857,0.1265301055474573,0.1178279343967944,0.0892627665828826,0.10203282422521003,0.060869008218507235,0.05168273794096536,0.14222679855604725,0.1282741158638187
92,92.0,92.0,0.08892282023066544,0.10390258398993588,0.13220587084626728,0.0983672545183526,0.07672066010329273,0.11164334095988311,0.06215976944075032,0.052963158595876005,0.14718146936182913,0.125933071953147
93,93.0,93.0,0.08856345089416832,0.0950583640503627,0.12668285291059014,0.09893187752053843,0.06091048375188505,0.08863951847123926,0.07841960132963416,0.07327448533425505,0.15191925412800258,0.1376001116093239
94,94.0,94.0,0.10225018779075874,0.10714632198471245,0.13511713358040628,0.0911415232279109,0.05991815179890566,0.10858868929252348,0.07225296200367418,0.043796908815060584,0.13068153447183772,0.1491065870342095
95,95.0,95.0,0.109661981582222,0.0997284639688977,0.1404417565863197,0.08137392545322111,0.07106606630754564,0.10279989225810633,0.051498807643787045,0.05120176034877873,0.161916266816893,0.13031107903422826
96,96.0,96.0,0.09609000414069514,0.09867575804732195,0.1398836314984461,0.1048301468981047,0.07848598363309164,0.11417741632126784,0.04868123153969902,0.04241979054770042,0.15588861132781598,0.12086742604585685
97,97.0,97.0,0.08907651543561176,0.1024653328656282,0.148022935770395,0.08830269541457061,0.06881123474531461,0.1079114580418387,0.06187598167738127,0.06115250305291402,0.15523510306895527,0.11714623992739019
98,98.0,98.0,0.10019700332809914,0.11559698022727664,0.13118655346062694,0.08724066469591303,0.06464277197907284,0.11615220544007143,0.060372362563167435,0.04151836922333448,0.1533733801118357,0.12971970897060195
99,99.0,99.0,0.115351353267702,0.11831660164464955,0.1262988650043662,0.09157732135113894,0.05923403865986997,0.08842906414560714,0.06844897080437784,0.04500406023606417,0.15180791953791373,0.13553180534831
100,100.0,100.0,0.09790385972956774,0.09790223976974423,0.14700938060345053,0.09586750018485644,0.05525625046205183,0.10819461787247997,0.05509889981244287,0.07734750746831362,0.14623117059536456,0.11918857350172782
101,101.0,101.0,0.10474329476807791,0.09510724304807473,0.15123709752697762,0.09644621316960941,0.06855861253562497,0.09553107547329948,0.048617250555719846,0.06042851408778242,0.14637965132970146,0.13295104750513173
102,102.0,102.0,0.1105994097512226,0.10816623727062444,0.13242304910566152,0.09195472488416312,0.06152187868981499,0.1121543445358946,0.06650001069929254,0.04614715028412995,0.14057149882027628,0.12996169595891954
103,103.0,103.0,0.10800702631707022,0.11860483409030764,0.1500891193978778,0.08574425349440803,0.0514978382705932,0.0921052991284959,0.05337799494858146,0.04719371977025802,0.16576608580487368,0.1276138287775336
104,104.0,104.0,0.1188572844995496,0.09616332755994979,0.13211146766023432,0.10194693203983156,0.06070255725975075,0.08641104458954005,0.04936853303393622,0.04758395317846909,0.1516874063644529,0.15516749381428543
105,105.0,105.0,0.08043179222471218,0.10909792861532826,0.13611277746208578,0.08565301987634885,0.05609715031444823,0.10411455370497849,0.06489792590568562,0.05233831811406183,0.16095055339562395,0.1503059803867264
106,106.0,106.0,0.12231637613118149,0.08489393682124102,0.13636885868210466,0.10190433231466707,0.05759926931728674,0.082837859227568,0.07353609599765616,0.05314925560681216,0.14504741134980575,0.14234660455167644
107,107.0,107.0,0.09833959297028319,0.10389607973763974,0.13369465359867666,0.08365814813436898,0.05613088257887998,0.11540567514745217,0.06451405466219855,0.05113724151924025,0.1643234685918879,0.12890020305937216
108,108.0,108.0,0.0837136475433827,0.09944303978251959,0.13726294795296698,0.10650130651225127,0.057137018190193636,0.11253705858556487,0.052758344166212404,0.05798191949303373,0.1540231754967278,0.13864154227714665
109,109.0,109.0,0.09501215701486881,0.08712303283260706,0.13208303620048842,0.09977969916825738,0.0719700539444779,0.10404400349841855,0.08863989450708741,0.04745135372025623,0.13602304378984983,0.1378737253236879
110,110.0,110.0,0.09966832764996666,0.10499819120085399,0.13795450092630995,0.10721729220180469,0.0515958248905339,0.09641717306521748,0.055463207056801446,0.06325578933579354,0.15471081314491622,0.12871888052780173
111,111.0,111.0,0.09373827163643551,0.08374183298575529,0.13939043040097268,0.11409271974625715,0.042986933589034194,0.12434027045121462,0.06210295046004629,0.04778716862613344,0.15016537220968845,0.14165404989446198
112,112.0,112.0,0.10821091788268633,0.09125311326202237,0.13054670717312208,0.10605727116874838,0.04971370153817689,0.09683932870203461,0.05844118897342689,0.044396979409090584,0.1712120353953535,0.1433287564953379
113,113.0,113.0,0.10015476168757884,0.10767515953031684,0.1365425458140618,0.09667457279982011,0.06732526726317475,0.12250340729737337,0.04379256290533927,0.04175456504818061,0.1578727729183272,0.12570438473582685
114,114.0,114.0,0.08869600521797669,0.10835164335813607,0.10793014271386436,0.09354080830625343,0.05770532994951898,0.103632920327173,0.0624694992437493,0.0732863668234712,0.14939082604660162,0.15499645801325498
115,115.0,115.0,0.11467023485740906,0.08796164866707527,0.12947061371734842,0.0813209776599837,0.08066314116248008,0.1078687058486626,0.049631817222935505,0.04907843043122425,0.15756540861396467,0.14176902181891604
116,116.0,116.0,0.10138428016757266,0.10351763980519608,0.13375134425732366,0.10380398510567357,0.057043303308400996,0.09760622615499834,0.07166519211489109,0.04419492563066685,0.1542859665303166,0.1327471369249597
117,117.0,117.0,0.10501717330152956,0.12133015709017621,0.12378644721541236,0.09551277853817526,0.04728615983946384,0.10145789177152482,0.050251214970404336,0.05594256385302308,0.16904722563282676,0.13036838778746335
118,118.0,118.0,0.1001761253842838,0.11087716552426416,0.12645796411297655,0.08758502415983478,0.05610080873267289,0.10458709083560065,0.06743247474098613,0.0566642631462978,0.16072531945547658,0.12939376390760624
119,119.0,119.0,0.12370787288128389,0.10785250512646471,0.12446565565033803,0.09582813438150053,0.05468848618074629,0.11512242387264697,0.06868511203748034,0.038634983806974596,0.14861328412283123,0.12240154193973303
120,120.0,120.0,0.1099518228834109,0.1044254265944315,0.1425061650457361,0.09935734569075833,0.04860271743269725,0.10419721500351127,0.057711806403551044,0.05436420309113036,0.15077604590100133,0.12810725195377154
121,121.0,121.0,0.10091994012327868,0.10428149540781732,0.12821510270798547,0.0825371201962382,0.0551860140761648,0.09004550669279876,0.07718242573835482,0.04478283636158257,0.1648763450900644,0.15197321360571456
122,122.0,122.0,0.10055727576397397,0.10220838244882527,0.13816797488717575,0.10160968695313859,0.05382169364598603,0.09926408526607275,0.06327812798098725,0.03800666104396573,0.1566610128739203,0.146425099135954
123,123.0,123.0,0.1115437266481784,0.12259385051853286,0.10998990038491421,0.10763643591510463,0.05470145588962459,0.10330239920510662,0.0673106457487486,0.044828131021702175,0.14156843078730424,0.1365250238807833
124,124.0,124.0,0.09595796198872239,0.10967463965576416,0.1336124789649174,0.1103416619629622,0.04701358426382294,0.08605887403248187,0.06372254916783451,0.06329314455839774,0.16719200619289265,0.12313309921220376
125,125.0,125.0,0.09275390191553809,0.10178235329888745,0.13345338397173484,0.1021064034064848,0.061298278218721455,0.08863621790774483,0.07787630949407534,0.040518852461352985,0.16103609553493775,0.14053820379052206
126,126.0,126.0,0.10615781550621492,0.10647983618508643,0.11459215427841787,0.1016266236287684,0.05311959872709667,0.09589617716816187,0.05895398335515932,0.059364225847991,0.1602449960921697,0.14356458921093335
127,127.0,127.0,0.0907060160373905,0.11129645452778263,0.13150876978438333,0.09184770718079169,0.07186422612161311,0.09898172350422507,0.055915894529636155,0.03842548215415069,0.16142131787492525,0.14803240828510114
128,128.0,128.0,0.10849165269236549,0.10526781481322907,0.13362945704561396,0.08703638137998654,0.0721085971761751,0.11327226483351804,0.06850885057906449,0.040870959308633326,0.15904223039667595,0.11177179177473757
129,129.0,129.0,0.11876378904156355,0.11897812677725927,0.1478458616572615,0.08962398245922244,0.055519257494352214,0.08145471627907032,0.03877186776887483,0.053034505217463127,0.1651218862110363,0.13088600709389617
130,130.0,130.0,0.1052709647224491,0.1368707873995023,0.14654114130202997,0.08045263043606657,0.044839279089769604,0.09017587633643602,0.04821512664931645,0.03776110583128482,0.13734999981512405,0.17252308841802075
131,131.0,131.0,0.1017571130676661,0.08874881498591217,0.13022493475695698,0.10985278538621131,0.055307289221062886,0.0936762556293654,0.06404545602484549,0.05567106733041949,0.15204522542852342,0.14867105816903642
132,132.0,132.0,0.10373779704558841,0.095260109932325,0.1389057284928511,0.09253902767561797,0.06572340978812961,0.11055463005852258,0.04298071331707476,0.052031446653819716,0.17078332121948558,0.12748381581658486
133,133.0,133.0,0.11056428146260941,0.09738084015219925,0.13238434213403877,0.08306908364636845,0.04823265228956215,0.10016590145131317,0.05670067839239595,0.03634123109709151,0.1727358798543474,0.1624251095200736
134,134.0,134.0,0.11479324511345648,0.10516753500674363,0.10576445628292656,0.1268579155468146,0.055201388182249664,0.10964906908444069,0.05375763343877933,0.030000000000000006,0.17031185241619357,0.12849690492839508
135,135.0,135.0,0.0905146760522803,0.10806748865952694,0.1355031741456393,0.09223328800872661,0.048599287893634234,0.08894730764524006,0.06591022789280088,0.040807526298970054,0.17435253020694935,0.15506449319623192
136,136.0,136.0,0.13641779959845418,0.11524830363586695,0.13398329869316966,0.07797663587720165,0.04923183683906871,0.08608063284156844,0.04807405219762549,0.04655815695102687,0.15197642303470277,0.15445286033131483
137,137.0,137.0,0.10400756257673652,0.09623289333733961,0.15221069962109787,0.08928713910148225,0.07683500055472209,0.10203285761341878,0.04556796508597978,0.04659183792001812,0.16757570127039018,0.11965834291881447
138,138.0,138.0,0.10499266831910639,0.11303280362752137,0.14073900942822043,0.11580748050265313,0.06230840115086046,0.09112864070940574,0.06063752625963172,0.04586495000822023,0.14987162855984404,0.1156168914345361
139,139.0,139.0,0.08616427925634086,0.11151947879163049,0.1417456463245071,0.0971555035184247,0.04899084720810609,0.12933058378324014,0.040785678555737094,0.032392688616396194,0.1742062384302276,0.13770905551538942
140,140.0,140.0,0.11850705747247674,0.08046242521082433,0.16050679323115588,0.09147878741886559,0.05552378754309436,0.11905998895933925,0.05297673097985548,0.03833746350481591,0.13996662633643966,0.1431803393431324
141,141.0,141.0,0.08966906408319507,0.11761188654637311,0.1369979088141725,0.09168069496071919,0.06372248327329513,0.10098269207506065,0.04810585414628403,0.045166346817894734,0.17282598071860678,0.13323708856439836
142,142.0,142.0,0.10040893110590858,0.0950508099937149,0.13957369890772364,0.0934601150753993,0.06427384686204898,0.11368140734501073,0.05175668545611841,0.04290191741049543,0.15987865471024648,0.13901393313333318
143,143.0,143.0,0.11479791627990801,0.12568657539484082,0.13927608613740605,0.10202922745326075,0.04746343778618759,0.09280657890549324,0.056456928657991325,0.04569247485469469,0.1556100720286112,0.12018070250160595
144,144.0,144.0,0.0987898248530144,0.12678882710509135,0.1330342934664062,0.07498895889824496,0.08313354480299737,0.09975890843482434,0.052867969576344195,0.042929072834764825,0.16110230542074375,0.12660629460756834
145,145.0,145.0,0.0871826338485321,0.10277267273361931,0.13247332647160967,0.07708667918315887,0.06492892506235064,0.10217420580996794,0.0526108810552264,0.06381394706462144,0.16397139279876707,0.1529853359721462
146,146.0,146.0,0.11572428879315515,0.12174911936453806,0.15490705739021465,0.07537330813195467,0.039340714656444016,0.0970746532662078,0.0515313318565383,0.036887479044649986,0.1597478911937462,0.14766415630255075
147,147.0,147.0,0.10395257356771537,0.10701100546344507,0.12201078569003983,0.10289237554747824,0.06457271019797892,0.09317964733329091,0.05690580328610154,0.048278781261032855,0.16444088295748724,0.13675543469542967
148,148.0,148.0,0.08692850251953067,0.10795638726409021,0.15108758970122324,0.07843846224917275,0.07651953946909737,0.12086262967344052,0.04546715066024354,0.04756073101629173,0.152699846379266,0.13247916106764368
149,149.0,149.0,0.11936080423535475,0.09806868945444012,0.1603022322145008,0.11502818222585436,0.05165068105533636,0.10866821196624336,0.03769457153285681,0.04611677825602075,0.13657633508156775,0.12653351397782453
150,150.0,150.0,0.09768594321832107,0.10897456803722179,0.1436427309854844,0.0825661419030747,0.06712163553272059,0.10863387347168967,0.05545764024526778,0.04458570464282337,0.1550655555306079,0.1362662064327883
151,151.0,151.0,0.10761137687945306,0.09380870238413777,0.14964885324682278,0.10418269062642734,0.044958980947026564,0.0918493345278497,0.05930592566111544,0.048168822223881524,0.17968458653042627,0.12078072697285924
152,152.0,152.0,0.09847371404348206,0.10120712454284231,0.15183412455034317,0.10172338058401649,0.05055171729562848,0.11149338152607466,0.05285869417355982,0.0400513308914364,0.15242918880248807,0.13937734359012818
153,153.0,153.0,0.11478023661397478,0.11563455767604643,0.13260145287121303,0.08889571060529877,0.0614249495153812,0.0956120307694628,0.06493339779878243,0.04093177182050709,0.162433006245166,0.1227528860841671
154,154.0,154.0,0.09252194942268001,0.11540365988897068,0.14729475219547555,0.11471928952002775,0.03809601931991562,0.08734321221260608,0.04779055702461706,0.04447740988747897,0.1663638775380486,0.14598927299017933
155,155.0,155.0,0.11011114383336869,0.10227989440306921,0.11772381679799171,0.09763657476685732,0.0813876949492259,0.09508894513170735,0.051510916973742674,0.04780397508246065,0.1459498984878846,0.15050713957369158
156,156.0,156.0,0.09952148989390058,0.10298520398675022,0.1391329239831107,0.09119152809751606,0.053546026908962506,0.10728747823159071,0.052769880021648397,0.0693866415924383,0.14192035871739703,0.1422584685666851
157,157.0,157.0,0.08293275175648163,0.12643753238915173,0.12537115655463613,0.10392582245769388,0.06959058164254524,0.10412565065621955,0.03557420291238779,0.04970174223899175,0.1466383927527782,0.15570216663911376
158,158.0,158.0,0.08312430702242905,0.10848994470425175,0.14205008338456188,0.09728790451293402,0.04708835146348791,0.10018584161194115,0.07258729096993217,0.04319067838553764,0.16806268516900275,0.13793291277592132
159,159.0,159.0,0.1087554266247434,0.11486809036250097,0.1376215029368426,0.08920659076099642,0.06916155656391293,0.10869967161365106,0.04889397395367166,0.045455907020829994,0.14214178633944244,0.13519549382340806
160,160.0,160.0,0.09607379740388419,0.12254799087845476,0.14271989887945186,0.09691418248342985,0.06295455175888756,0.08859520932018186,0.06644497851802482,0.03452149653805418,0.1317407937416471,0.15748710047798342
161,161.0,161.0,0.0950345810676971,0.12200236860717548,0.13284921691588245,0.12255164659251347,0.054169602661363926,0.0843892498860956,0.053190932291824734,0.06010486517010205,0.1440839710633581,0.13162356574398676
162,162.0,162.0,0.11804888158785014,0.11215797304032356,0.13926789310476256,0.07787505647973121,0.04961706817345196,0.10128510869234009,0.04771015294946211,0.04866178863558905,0.17597796138296387,0.12939811595352507
163,163.0,163.0,0.09190944619749476,0.1304190762388054,0.11925390811461659,0.10207737884621473,0.05704628585700879,0.09302194443004977,0.07477146451849727,0.04985154151685334,0.14606835817620129,0.13558059610425774
164,164.0,164.0,0.1200185346941002,0.1100152913729131,0.1372850318999419,0.09145538019978858,0.049994917233799306,0.10431763789307553,0.060614832010449635,0.04321133366545522,0.15442668336242962,0.12866035766804657
165,165.0,165.0,0.08234832735638149,0.09478087161371808,0.1393074207660397,0.10940693244473196,0.041198113012026485,0.0998947895070638,0.0603384591419772,0.04041250428917227,0.16932105257597294,0.16299152929291577
166,166.0,166.0,0.09048126387312093,0.11902903234585398,0.14000957913748957,0.10147402370802827,0.04717812779592234,0.09957870116759174,0.0515807211237439,0.04894276530537754,0.16084015646165192,0.14088562908121952
167,167.0,167.0,0.092688011435102,0.11848016431152356,0.1280435739885899,0.08377967191067189,0.03505579017700217,0.09164800187506959,0.06787535384065053,0.042637197461007956,0.17231444357790354,0.1674777914224786
168,168.0,168.0,0.09733928490708699,0.08983206150470402,0.14272901988097741,0.0699999325875311,0.03669856629884014,0.09914993355376972,0.0643834520738267,0.04219212687415339,0.18961298582013567,0.16806263649897452
169,169.0,169.0,0.10292216173916968,0.09090840798403929,0.15683932889106722,0.07488462329404562,0.062028150005532114,0.116805423475254,0.06412672986715941,0.050240141243507855,0.15408877652058336,0.12715625697964125
170,170.0,170.0,0.09196270716416882,0.10127517188160243,0.14404163952025012,0.08302220883581862,0.06956243581424437,0.09474166327243687,0.046581980127769554,0.05622825317017456,0.17938973852330822,0.13319420169022614
171,171.0,171.0,0.09066295164666463,0.09247514035976998,0.14931745252686582,0.11035061679219431,0.05089648385086959,0.07096762783779521,0.05887805178490223,0.055221275362493175,0.16319665791254098,0.15803374192590378
172,172.0,172.0,0.11975502129967533,0.11711027144434913,0.12339652252916208,0.11601733463002177,0.054588571799967275,0.07659697386007394,0.07665851238422978,0.043378156734519405,0.14979508315120116,0.12270355216679976
173,173.0,173.0,0.09103535110443714,0.08337255446940695,0.14638763882377553,0.11411674515113275,0.04971858807663312,0.1111056331319951,0.059697627864746486,0.049870226286389416,0.15025340854761932,0.14444222654386388
174,174.0,174.0,0.10845065300523578,0.1092583254807797,0.10679999313258377,0.09560501212693448,0.05150143139587364,0.11262056527757602,0.06582981213807516,0.03809218977654655,0.15233507965218143,0.15950693801421306
175,175.0,175.0,0.10952890776718557,0.09773024498780482,0.12626932192446877,0.11617311823626833,0.055641300036382305,0.0953689821544906,0.05477648286348337,0.07471598884683725,0.13600577935365102,0.13378987382942759
176,176.0,176.0,0.10296486786628026,0.13984360479315447,0.15836521110294235,0.06851224910547603,0.046114668452577244,0.0926335345800969,0.0501178541135725,0.03874508544826872,0.16127118484868025,0.1414317396889509
177,177.0,177.0,0.10395355235466046,0.10059611866255547,0.14590012397609492,0.1070034153621265,0.03809797401993058,0.08051866241299291,0.06930405547328769,0.041743307621744864,0.1707288799379299,0.14215391017867648
178,178.0,178.0,0.10582362529793361,0.11699854466105737,0.14856762481762514,0.08692719390757236,0.06141937275196753,0.10016993132652681,0.04344483688252406,0.05300621265882442,0.14551171617800387,0.13813094151796443
179,179.0,179.0,0.09562809885254923,0.10124854552819325,0.11512750921162591,0.08454809545647708,0.05264831155246643,0.14182015248214175,0.048404232279812685,0.030000000000000006,0.16520472476252862,0.16537032987420477
180,180.0,180.0,0.10236955173462303,0.1255603212819659,0.14201706675446993,0.09101535802689976,0.05858912618798066,0.09118586580066394,0.03310774395153061,0.05902417680366214,0.15768788847430998,0.13944290098389373
181,181.0,181.0,0.07852495708921696,0.09275167690772056,0.13545854589467615,0.12084624976334069,0.05256518863299163,0.08973691905471409,0.052731994918322055,0.04237268733848296,0.16295566457849459,0.17205611582204
182,182.0,182.0,0.09653101473653043,0.12324035781713642,0.13015918790428044,0.09397978981571604,0.04163764890349329,0.0871285712952255,0.056908903484061135,0.04362590656275829,0.16487318004571233,0.16191543943508585
183,183.0,183.0,0.07756916800264382,0.10977659990210273,0.14108634531721984,0.1076423621909293,0.05334418702712336,0.10151784534041894,0.0543495855401834,0.03605589902720817,0.17029401746527156,0.14836399018689853
184,184.0,184.0,0.08510929682217819,0.1159785733316064,0.11847550417763726,0.08614384368010186,0.051677561956419774,0.086718921998548,0.06497272660450258,0.04669458617773083,0.1970460812141579,0.1471829040371169
185,185.0,185.0,0.12350837562344652,0.08697949972794657,0.12004882114763901,0.104097620474688,0.06095369824078264,0.0889231140600443,0.05179234988468553,0.0363853221956071,0.15928929688226984,0.16802190176289022
