,Unnamed: 0,Generation,Intertwine_two,Add_vertex,Delete_vertex,Invert_path_vertices,Insert_inside_vertex,Delete_inside_vertex,Replace_inside_vertex,Donate_between_routes,Trim_one_terminal_cb,Grow_one_terminal_cb
0,0.0,0.0,0.09999999999999999,0.09999999999999999,0.09999999999999999,0.09999999999999999,0.09999999999999999,0.09999999999999999,0.09999999999999999,0.09999999999999999,0.09999999999999999,0.09999999999999999
1,1.0,0.10900000000000001,0.10112185101324073,0.10044406268871778,0.09863114892742185,0.10047766044563915,0.0993642653211143,0.10040170135832695,0.09926523123556442,0.09912310954891076,0.10140818168359039,0.09976278777747356
2,2.0,0.31601,0.1029460792663158,0.10023207556443613,0.09764606812181043,0.10133904142746825,0.09848398778100997,0.10031115007079144,0.0983586656247784,0.09764730640775438,0.10178037055868222,0.10125525517695286
3,3.0,0.6191589000000001,0.10336855828815679,0.09978629236112826,0.09784461086192721,0.10190384248886716,0.09807868623816363,0.10026208821453637,0.0978565523257679,0.09568500927289814,0.10343328784026364,0.10178107210829074
4,4.0,1.015801321,0.1050998413338383,0.0987395777226588,0.09677593072093273,0.10355457308416027,0.096524879461451,0.09968950397740278,0.09617243805868131,0.09490832751916103,0.10549635083273316,0.10303857728898042
5,5.0,1.50262148669,0.10553320566791244,0.09870968711565013,0.09506583709177681,0.10438841661528722,0.0959421972873306,0.10008898693371378,0.09491426467435099,0.09345869409679407,0.1079322322820093,0.10396647823517446
6,6.0,2.0757334209441005,0.10693073981538706,0.09842490647580274,0.09564820131712679,0.10459636499203065,0.09576723951008564,0.10118054542835186,0.09243703923044883,0.09175904019728426,0.10795978838472278,0.10529613464875917
7,7.0,2.7307768275633495,0.10774099542913829,0.0972333093985907,0.09629635634384415,0.105028474067664,0.09473195200041952,0.10129488546300726,0.09086560224033119,0.09041098013634108,0.10899509307690625,0.10740235184375732
8,8.0,3.4630081252450404,0.10919080336577151,0.09715356871057013,0.096175589909669,0.10516216735846019,0.09356057640501009,0.10078352271376387,0.08967676359378556,0.08937493786563734,0.11048116305907676,0.10844090701825532
9,9.0,4.2673862119061114,0.11065145737367453,0.09573399460860141,0.09609808004768727,0.10441560495294744,0.0925698271373887,0.10115899217372117,0.08794120791299134,0.08936473178219101,0.1131384201933682,0.10892768381742866
10,10.0,5.138652627782014,0.11097170424144874,0.09607445241279498,0.09620181277873811,0.10465488136411571,0.09119220865412127,0.10145814107399972,0.08668506591255616,0.08819408902326155,0.11461018278938107,0.10995746174958239
11,11.0,6.071405875792507,0.11126244317110373,0.09647584542268878,0.09651599586126598,0.10462687921390854,0.09049436568333681,0.101461944331696,0.08508754160527245,0.08619804009823377,0.11682333005180914,0.1110536145606845
12,12.0,7.060169740244025,0.11167328247631961,0.0974687212890631,0.09708022312085607,0.1044428044290821,0.09003400462874367,0.10177481989495389,0.08495799718647332,0.08442691838373402,0.1168416585601012,0.11129957003067269
13,13.0,8.099455520847952,0.11201348244672714,0.09747698099798328,0.09820780738314336,0.1053548069480078,0.08860868843735883,0.10179510062307445,0.08342068436544776,0.08217672119282744,0.11798621097588484,0.11295951662954473
14,14.0,9.183818168183006,0.11308637611332088,0.0969533672017293,0.09881716872659259,0.10511526677190841,0.08823148617068857,0.10240793371890888,0.08130012615485842,0.07993102629256646,0.12022388680687168,0.11393336204255447
15,15.0,10.307906369102724,0.11394093930695419,0.09738819071853219,0.09878815036742596,0.10489237518494551,0.08696061159533407,0.10329352692822596,0.07923853080779256,0.079157043735798,0.12151320351948056,0.1148274278355107
16,16.0,11.466506686239443,0.1142039370864299,0.09665816527978478,0.10009933570433147,0.10487457384771592,0.08638323209771039,0.10326339148894108,0.07823692488865697,0.07880976236590481,0.12216993606578358,0.11530074117474079
17,17.0,12.654581904800096,0.1137457905497669,0.09776167172810772,0.1009843914958468,0.10492953977968425,0.08500627135384216,0.10404420894897018,0.077812666892622,0.07761604361168271,0.12248239457364483,0.11561702106583213
18,18.0,13.867303782456686,0.11464750579606618,0.09877827494012154,0.10142873077575035,0.10403011557021448,0.08404374299551748,0.10337622893650358,0.07675903027228224,0.0766780999219696,0.12437658598648836,0.11588168480508589
19,19.0,15.100080434523047,0.11331179121831876,0.0984708846795482,0.10268342824287072,0.1035654053710829,0.0838442338129475,0.10316432836558903,0.07645071761058359,0.0762030151252532,0.12582106071863336,0.11648513485517245
20,20.0,16.348578617037543,0.11347822228185256,0.0979340582305569,0.10275268436092466,0.10368994593543139,0.08351863378568038,0.1022405660683352,0.07659604296416729,0.07481452582779963,0.1276405285363277,0.117334792008924
21,21.0,17.608741195130214,0.11350845348721002,0.09855585142845794,0.10159380523301234,0.10327622385919105,0.08323930688530357,0.1018849677141958,0.07622160697976632,0.07417461926030851,0.12872854127876995,0.1188166238737842
22,22.0,18.876800103462312,0.11301578822060605,0.09849920630557353,0.10302855999163998,0.10311003469739478,0.08209175792837695,0.1009947979189485,0.07642195888631893,0.07206668247119571,0.12971350047592756,0.12105771310401774
23,23.0,20.14928511992658,0.11303474141121259,0.09821749994422033,0.10463472821001472,0.10327415617543667,0.08101151433434652,0.10085839656036147,0.07589444641555372,0.06995902757652032,0.13057095516667333,0.12254453420566006
24,24.0,21.423028783545156,0.11235144001712132,0.09947728192845963,0.10451593321952979,0.10388740662213583,0.08130738999135101,0.10009636782083903,0.0759030785538855,0.068513885545395,0.1312595737957593,0.12268764250552329
25,25.0,22.695167792966423,0.11181723698021936,0.09986704025348261,0.10482584765885507,0.10346928725740699,0.08049885810336366,0.09976902008862612,0.07524000526291451,0.06876366322063858,0.13224128494677667,0.12350775622771618
26,26.0,23.963141223515898,0.11079034835688623,0.09988898190319317,0.10553127845315063,0.10271482118303596,0.07859099042822575,0.0993544593697292,0.07480007746569858,0.06811879439872467,0.13430813769365582,0.12590211074769972
27,27.0,25.224685898775267,0.10851036120434722,0.10069271889099755,0.10604887369634314,0.1018452578668923,0.07843231484412538,0.09996704356334381,0.0740994506638486,0.06802094131980671,0.13566140881006442,0.12672162914023063
28,28.0,26.477829247520948,0.1075025610564025,0.10148998206486674,0.10603574833512756,0.10204409981697339,0.07776941407691036,0.0997534589007904,0.07455756407045062,0.06738448687043566,0.13614221444808078,0.12732047035996172
29,29.0,27.720879968916847,0.10579720706514294,0.10116728741159683,0.10755406644820938,0.10239755363360387,0.07673755151151812,0.10031866819459663,0.07463572986903759,0.06708613580231079,0.13701143056634343,0.12729436949764017
30,30.0,28.95241681848399,0.1054653002494988,0.10292129489356051,0.10744439551734555,0.10225208485842077,0.0759836702138655,0.10057406475202092,0.0747086853144808,0.0659332552386766,0.13712171618528088,0.1275955327768494
31,31.0,30.17127581490958,0.10449641405795661,0.10262177874379966,0.10853990270084987,0.10157232062424466,0.07554143191399633,0.10115885148585363,0.07573026350588404,0.06488354658750646,0.13619978493576856,0.12925570544413995
32,32.0,31.376536153543515,0.10381422026347781,0.1014022971518916,0.10892759211926477,0.1005477663214494,0.076287667699248,0.10175158140661925,0.07537887512511277,0.0657449382666784,0.1366809608796157,0.1294641007666421
33,33.0,32.567505096778625,0.10292824449666084,0.10119606301475359,0.11006326161160382,0.10114872391977214,0.07587895347878773,0.10187973353283294,0.07551435333571359,0.0643201728048647,0.138158937917859,0.12891155588715147
34,34.0,33.74370209472243,0.10181969334192732,0.10176978436245394,0.11010815961842611,0.10122873786459255,0.07453046643969699,0.10282993485837466,0.07586160989931783,0.06356312660410357,0.13916762402950614,0.12912086298160072
35,35.0,34.90484237192463,0.1014501184969223,0.10230748602023806,0.11159028894228074,0.10206501139388713,0.07365678118191488,0.10354681665725887,0.0753877727374119,0.06259456421967088,0.13894081292624144,0.12846034742417364
36,36.0,36.05082019768737,0.09978336224305415,0.10312240467067979,0.11278041183052093,0.10185468588040464,0.07368203069822754,0.10333803777016834,0.07504268466805712,0.061996904008760456,0.1392651268394828,0.1291343513906441
37,37.0,37.18169203889697,0.10049516869013451,0.10242532086193737,0.11506383660367893,0.10051628321121453,0.07335969494719417,0.10262446558408728,0.07348698495923442,0.062093697043856484,0.14063311875245366,0.12930142934620856
38,38.0,38.29765977559663,0.10085094378198842,0.10240402085527602,0.1154521578810406,0.1004049828647824,0.07202743893400383,0.10440783383454608,0.07251665331468117,0.06172041452649127,0.14067817126105514,0.12953738274613502
39,39.0,39.399054140870355,0.10078451553739226,0.1025486265994681,0.11693819438811176,0.09971028944916971,0.07181811073693309,0.10448584721378615,0.07227218802140209,0.06152110799018652,0.14080932604366134,0.12911179401988895
40,40.0,40.48631852820801,0.10069770500757248,0.10301955392507486,0.11854764266987969,0.09883518488335888,0.07107100249356031,0.10467582719149346,0.07043854248121519,0.060609498835841574,0.1413455501044335,0.13075949240757004
41,41.0,41.55999329152982,0.10064282600157595,0.1036136635864022,0.11889218490062617,0.09778733298991042,0.07107825833462288,0.10445258036003735,0.07127632672365407,0.060218676690049266,0.14151487313664954,0.13052327727647214
42,42.0,42.62070064560415,0.09966308313450833,0.10576597281175923,0.11972489162502516,0.097696835034172,0.07104749966312887,0.10363159344069577,0.07059599177888681,0.060557553414610533,0.14259208383316843,0.1287244952640449
43,43.0,43.669130257815,0.09781407942787321,0.10554663571677875,0.12086567181246902,0.09687569957491929,0.07045531952646837,0.104516980337798,0.06992612452832515,0.06075250766286848,0.14316453325243553,0.13008244816006423
44,44.0,44.70602560622662,0.09795975334659061,0.10604813534408769,0.12222435575784896,0.09528386643232535,0.07006636752873857,0.10443424490012303,0.0700100740101482,0.06038546794980948,0.1443445396642864,0.12924319506604173
45,45.0,45.73217116373481,0.09741425013369018,0.10612029357606154,0.12262909849246127,0.09563968202915463,0.07011512967555947,0.10363706039002098,0.07041092252310975,0.06019175821374768,0.1444281712137419,0.12941363375245257
46,46.0,46.748380453854836,0.09643023535596142,0.10606977119067908,0.12424614398983698,0.09486622160191877,0.07025994218212551,0.10406226750882683,0.06994221512482404,0.05879372894544363,0.14643216341543644,0.12889731068494728
47,47.0,47.755485010424316,0.0974105737895908,0.10537749745411856,0.12402334197399942,0.09477995956177103,0.07051901168695066,0.10445667176381927,0.06970483280048224,0.05898948367912054,0.1467397314221477,0.12799889586799976
48,48.0,48.7543242612326,0.09727327141235301,0.10561157666209096,0.1245210247825949,0.09412448472482604,0.07117632830878529,0.10583632798673252,0.06837724988121054,0.05802613172610448,0.1466409164589781,0.1284126880563241
49,49.0,49.745736344347726,0.09853820629253364,0.10518549322550796,0.125117548572607,0.09427219619664223,0.07072639698613636,0.1060523977270816,0.06687346126051186,0.05873346624203844,0.14654236573447252,0.1279584677624683
50,50.0,50.730549855707864,0.09925475028242908,0.10519608076296859,0.12474842899470057,0.0951154784619146,0.0698321674238966,0.10533501862801381,0.06638329061668463,0.0579225158973722,0.14705278782816072,0.12915948110385914
51,51.0,51.70957651737491,0.0984291473633108,0.10584044257723525,0.12572477481537825,0.09431379116867697,0.06955014899041423,0.10584090195139993,0.06627257119993586,0.057741639821167375,0.14768520464945223,0.128601377463029
52,52.0,52.68360474770151,0.09959856134931397,0.10664153152483166,0.12488199888749138,0.09512431399064487,0.0688328011601569,0.10563702457549774,0.06701791170273562,0.05840520198419904,0.14623707738526093,0.12762357743986777
53,53.0,53.65339410751842,0.10001895145326563,0.10657668138567478,0.12540553590894088,0.09658696498519186,0.06746874774976583,0.10704297180806231,0.06627980264600719,0.057950685727881104,0.1460538599396666,0.1266157983955437
54,54.0,54.61967059027847,0.09851001854727844,0.10643787979642638,0.12548358694069128,0.0959694979534281,0.06779276318121577,0.10742109435891091,0.06670464782567322,0.05955978458926063,0.14529393902687524,0.12682678778023992
55,55.0,55.58312271885972,0.09784966322272856,0.1057643514719312,0.12587547876716806,0.09675649090074323,0.06728911902560875,0.10849190377607563,0.06720065394595855,0.059158498658805084,0.14558123997342198,0.12603260025755886
56,56.0,56.544398407394254,0.09644037126574145,0.10534191128218443,0.1264169958988082,0.09818891351877909,0.06810831141741339,0.10759360448262989,0.06776962851123597,0.05914647959195976,0.14397688270238787,0.12701690132885993
57,57.0,57.504102543001395,0.09747938950669828,0.10491165843639012,0.12652745130727622,0.09792244108961344,0.06743303823421543,0.10792080719632038,0.06870420112580093,0.058651976401507225,0.1435376334154332,0.12691140328674475
58,58.0,58.462795239617805,0.09748336877671453,0.10571842912052568,0.12610284577140157,0.09884692084705815,0.06710786394112937,0.10575854855274253,0.06937289696160118,0.05808434004577084,0.1440523865838053,0.12747239939925084
59,59.0,59.42099071417639,0.09858616800261617,0.10752441105183849,0.1256633127543243,0.09905600447571097,0.06557967352568483,0.10537707451190403,0.06995793480370945,0.05605228041598637,0.14430221662947998,0.12790092382874535
60,60.0,60.379156734137354,0.10061891177605624,0.10709607404147699,0.12581657360178675,0.10033392924664081,0.06485848013235361,0.10505136667610478,0.06826527606287379,0.055370858454631716,0.14367000167373772,0.12891852833433753
61,61.0,61.337714584760846,0.1010442282770409,0.10692057305303167,0.12504820356343052,0.10092723988207986,0.06429182171514677,0.10425939172504751,0.06842024616340688,0.055430423492464395,0.14394562884151174,0.12971224328683967
62,62.0,62.29703950447439,0.1012323703708917,0.10649674053569025,0.12613525771317677,0.10214248804123857,0.06360052404183633,0.10371871376977823,0.06701642706410899,0.05514027185384769,0.14419869740161836,0.13031850920781302
63,63.0,63.257461537171835,0.10152949264822214,0.10586468132777449,0.12549326354816673,0.10233221459398802,0.06292866406789564,0.10188460572304767,0.06714833476982035,0.0561072126599645,0.14532581046638174,0.13138572019473865
64,64.0,64.21926675122782,0.10098141811708683,0.10705242418352653,0.12502069687105782,0.1020275848439023,0.06233895047764619,0.10298987208968578,0.0667878924164959,0.05577260226959304,0.1456954939244937,0.1313330648065118
65,65.0,65.18269877636592,0.10083454416102554,0.10708003258827886,0.12581835086921883,0.1026860219975017,0.06356713053475316,0.1035097052530633,0.0658395359790886,0.05453732616126144,0.1453865034886478,0.13074084896716068
66,66.0,66.14796061122655,0.10052271704080668,0.10668782175168026,0.12504735828513955,0.10420063904094753,0.0629238997704303,0.10288802814792443,0.06812088711331926,0.05553308597675923,0.14504134290199291,0.12903421997099976
67,67.0,67.11521665648885,0.10060257059662815,0.10704015706623628,0.12434902233640102,0.10449948393615119,0.06312122194377255,0.10462352496923202,0.06771197810447095,0.055875126488305324,0.1435572486666324,0.12861966589217005
68,68.0,68.08459493066005,0.10149410582051631,0.10600709788458176,0.1230024242924619,0.10471265130005783,0.06340903005898206,0.10480976689825063,0.06750982925907544,0.05631645451570122,0.14416526617996867,0.1285733737904041
69,69.0,69.05618942810752,0.10123779041638176,0.10649380824061686,0.12216993968122643,0.10325901887533834,0.06431232103338701,0.10528556150578933,0.06953671031213887,0.05497628281980782,0.143900529153112,0.12882803796220155
70,70.0,70.03006258152917,0.10050519605271888,0.1063324483294538,0.12240863194350966,0.10273789651211318,0.06449550893001048,0.1051971777573967,0.06835787942362449,0.05518086572827405,0.1452371457884073,0.12954724953449145
71,71.0,71.00624779379335,0.10016573527858752,0.10557633760539976,0.12327987845906771,0.1031177231300403,0.06362597691581938,0.10656309995428193,0.06744866078107122,0.05406563414913555,0.1450895946492954,0.13106735907730122
72,72.0,71.98475200689319,0.10018752986658093,0.10668284842806917,0.1229311716663649,0.10309100839753133,0.06290810946881006,0.10797699977454521,0.0668813755976652,0.053002228603218446,0.14480071126855204,0.13153801692866268
73,73.0,72.96555827861411,0.10057660848589192,0.10704423440095827,0.12288340961415471,0.10180490913704224,0.062310470322489306,0.10935628261376915,0.06658248704005693,0.05190264732031309,0.14487034630844578,0.13266860475687858
74,74.0,73.94862834037681,0.10051075053604701,0.10590873920866442,0.12266212592771614,0.102460465150157,0.062172834428040766,0.10931424985738739,0.06535677965300055,0.051910955164551124,0.14605850409989926,0.13364459597453635
75,75.0,74.93390511255946,0.10063133545355998,0.10611096884721652,0.12332721958162494,0.1028049538738687,0.06253860968265768,0.10840428905082397,0.06486232046220554,0.05150535062203127,0.1463120026963571,0.1335029497296542
76,76.0,75.92131515639825,0.10081925143238835,0.10526736445466763,0.12296221588710804,0.10267606429948847,0.06260187656474966,0.11127406635784662,0.06374567855695207,0.0514436167294027,0.1448265440731601,0.13438332164423628
77,77.0,76.91077104428919,0.10106559453388474,0.10552897182373765,0.12251431469794001,0.10201279724895505,0.06288030456463284,0.11026359287361431,0.06362936460191568,0.05193674089811026,0.14620039254139738,0.133967926215812
78,78.0,77.90217363294813,0.10225929846914013,0.10501627232568062,0.12292921411828742,0.10109640121739977,0.06197703278091064,0.10994710085303197,0.06487626665256496,0.052799553038303595,0.14505494254083803,0.13404391800384277
79,79.0,78.89541422641172,0.10334717335089515,0.10479713989822478,0.12340259722305494,0.09999793631219074,0.06278131093539947,0.11024577536582371,0.06387469332933289,0.05251615001056742,0.14599109390048107,0.13304612967402973
80,80.0,79.89037661826481,0.10365354973690102,0.104586835513672,0.12378160238105756,0.09882766150646458,0.06380020357275089,0.11041307313553604,0.06316227768108498,0.05234971082026966,0.14655524392180458,0.13286984173045852
81,81.0,80.88693900474995,0.10243993310071631,0.10503157698060568,0.12580027942753538,0.09894933524967939,0.06341677086044437,0.11073023488433674,0.0625437688464361,0.05216285394714384,0.14768587850700146,0.13123936819610058
82,82.0,81.88497576253909,0.10263905950183257,0.10513844651585474,0.12738210873385958,0.09855823735710585,0.06244375890232413,0.1108170131864479,0.06223075821769508,0.05135573318515533,0.14811555512415986,0.13131932927556478
83,83.0,82.88435908692391,0.10168185904721533,0.10437385953412646,0.12655208768206544,0.09682578009081949,0.06540338761953667,0.1111028426998235,0.06286598988024292,0.05185084310966935,0.14803702066128197,0.13130632967521869
84,84.0,83.88496048800103,0.10136857879036464,0.1041570632724281,0.12719744428767893,0.09494062986353369,0.06583099990030615,0.1116354842038066,0.06355177136534278,0.05205937035443271,0.1474325408846391,0.1318261170774671
85,85.0,84.88665214409042,0.10320465535891533,0.10380618904238831,0.1275983981427836,0.09341096630260863,0.06489608559886009,0.11221998068138199,0.06304255036789458,0.05107888538254849,0.14951726148385774,0.131225027638761
86,86.0,85.88930811312994,0.10307182134065984,0.10602088549559162,0.12865741380767173,0.09376117169622898,0.0636561131797788,0.11036014630026963,0.06329381519126957,0.05069238891309741,0.1494672730378664,0.13101897103756582
87,87.0,86.89280540413424,0.10327719805519762,0.10493251223771642,0.12942145155846735,0.09432340502581682,0.0635243845794206,0.10886348563875814,0.06366048153939949,0.05053970137008318,0.15047393880029275,0.1309834411948474
88,88.0,87.89702491199675,0.10437605782960242,0.1033896978813841,0.12930455122720358,0.09502938141868775,0.06287011166618398,0.11035469032669581,0.06226489837004325,0.05055837590623075,0.15089470000957128,0.13095753536439683
89,89.0,88.90185221995306,0.10542834134708048,0.10386792229985872,0.12838904130034445,0.09384215106380901,0.0632603999770955,0.11129358922962151,0.06168844164133248,0.05026092542938603,0.1516150894789758,0.13035409823249577
90,90.0,89.90717827491419,0.10489260750184672,0.1052443705526979,0.12783937344250845,0.09193222560282646,0.06449697208061846,0.111529995623792,0.06164690649923821,0.04954980319066281,0.15191429364426523,0.13095345186154353
91,91.0,90.91289994163006,0.10232831928360342,0.10516714972636133,0.12785159941469496,0.09401723310257326,0.06703688859896265,0.11074858930861946,0.06135900971112367,0.04953267546330688,0.15130595613257022,0.13065257925818388
92,92.0,91.91892044225806,0.10095054285298274,0.10505871996867212,0.1284169643808714,0.09418577887744342,0.06829086159735263,0.11091921764759739,0.06122407870911873,0.04966680319895418,0.1511631278768577,0.13012390489014936
93,93.0,92.92514968840067,0.09955432990555126,0.10406514983300716,0.12841138012151648,0.09443574713145424,0.06792271764582226,0.108779642136936,0.06273798090351898,0.051851614388843885,0.1514685443381835,0.13077289359516595
94,94.0,93.93150451304501,0.09955650315240813,0.10428966464651722,0.12923249708296938,0.09392664443469205,0.06742203255520762,0.1086475400228122,0.06364064515014436,0.05108441551727928,0.1496241542856584,0.13257590315231102
95,95.0,94.93790881009448,0.10032657530010913,0.10377850875047676,0.1305628110138427,0.0924638410180693,0.06801116861695541,0.1079491799093562,0.06246375070465379,0.05106154661922077,0.15089825027475315,0.13248436779256245
96,96.0,95.94429358933806,0.09975579655170849,0.10317269740406698,0.13180307049856613,0.0933820409319487,0.06931393178198893,0.10840691533704944,0.0610131386626948,0.05016416976815585,0.1515523512814521,0.13143588778236825
97,97.0,96.9505969547639,0.09850408888352943,0.10296145528056135,0.1338140400720109,0.09267015676574832,0.06961066426025242,0.10824998640387262,0.06090374376746999,0.05115235806051424,0.15211905396205874,0.1300144525439817
98,98.0,97.9567640140995,0.09839532503693785,0.10407954088142178,0.13408236341411822,0.09187958333079042,0.06945288291891599,0.10892943982021641,0.06066464882944539,0.05017831559060283,0.1524740745699617,0.12986382560758908
99,99.0,98.96274672736057,0.09983088935187731,0.10547295445739202,0.13380612747685383,0.09155534371850214,0.0687219052703945,0.10684086142167795,0.061254201346681504,0.049563647005282846,0.15264604011510094,0.13030802983623666
100,100.0,99.96850370202192,0.09953335252066765,0.10481402696014727,0.13555349406849942,0.09169276572714082,0.06757136790083809,0.10675357826291992,0.060521739207577474,0.05219919413402761,0.15223475300569944,0.12912572821248197
101,101.0,100.97399994219691,0.09993321794851899,0.10387237466855602,0.13766345455868267,0.09191606417796808,0.06774296930120678,0.10542307957621525,0.0591601299627602,0.05313077034518764,0.15181940685656845,0.12933853260433562
102,102.0,101.97920655893245,0.10092680910009526,0.10424313571217406,0.13781675058739895,0.09171318544508439,0.06720189360930179,0.10578903762341138,0.059617528862711516,0.05261402999229237,0.15081038251613937,0.12926724655139063
103,103.0,102.98410044840509,0.10165852879960993,0.10565991134898312,0.13966738702764786,0.09091196284090435,0.06565572129547025,0.10417714839427286,0.05878581111596241,0.052188951826217814,0.15231933047125432,0.12897524687967685
104,104.0,103.98866394444643,0.10346558732259567,0.10482030799648873,0.1396394119738098,0.0917594532582197,0.06504305928168884,0.10203630414149485,0.057582240790749875,0.05179545249701222,0.15240398324015186,0.1314541994977882
105,105.0,104.99288445143917,0.10140330773756863,0.10527155528041623,0.13993908596240495,0.09099467820527138,0.06398771775453595,0.10172364263001894,0.0579698297076654,0.05187462460110104,0.1533993196665198,0.13343623845449748
106,106.0,105.99675406321822,0.10352599934656267,0.1032955423898914,0.1401961375891393,0.09187809531816048,0.06310921660598132,0.09933848693269917,0.05925175770406663,0.05203161017918561,0.15278032058296015,0.1345928333513531
107,107.0,107.0002691731872,0.10322664724641366,0.1032333290243724,0.14012179075578704,0.09094881467169592,0.06211662742555452,0.10028362212004847,0.05964613215021786,0.0519828722449808,0.15407349803963313,0.134366666321296
108,108.0,108.0034300804274,0.10144576527082819,0.10273866050702599,0.14034743666962793,0.09232387126229279,0.061264053275835034,0.10099860266274817,0.058874177327275165,0.05261501959431841,0.15430982814664534,0.1350825852834028
109,109.0,109.00624059613932,0.10079550126267542,0.10102850193917788,0.1400016819296703,0.09303103581193016,0.061938769765659506,0.10090816420169142,0.061706414689103616,0.05218456463043166,0.1527196455457694,0.13568572022389047
110,110.0,110.00870765431864,0.10061804727636967,0.10113782037387356,0.14019846267899877,0.0944787298435218,0.06060890454289532,0.10009544493638751,0.061207094367900464,0.05333026661538556,0.15299029212292847,0.13533493724173876
111,111.0,111.01084093013685,0.09985583589107733,0.09914917485185962,0.14049671868333377,0.09659658284998235,0.058461005915733964,0.10211952461750201,0.061364241546031116,0.05291379155808215,0.15279653515906874,0.13624658892732888
112,112.0,112.01265246907188,0.1005559346263929,0.09795644849101273,0.13986971388162658,0.09787406706700871,0.057045833222936014,0.10141330961392417,0.06114688494682692,0.052148678855485305,0.1547005085806677,0.1372886207141189
113,113.0,113.01415632942268,0.10045695770122909,0.09845816604079008,0.13981176335709905,0.09816736506645701,0.05746001305507005,0.10329838416111911,0.059459344441000386,0.0511183189925932,0.15524527368055097,0.136524413504091
114,114.0,114.01536824044418,0.09921898086148494,0.09906953015326687,0.13686567539957414,0.09810302889393745,0.05696943371470616,0.10329995278793705,0.0596515838042409,0.05325053775407524,0.1549136425756511,0.13865763405512607
115,115.0,115.01630527795908,0.10059699491322335,0.0976735795174386,0.13607888801129306,0.09677752106816602,0.0588310523920229,0.10372827277961451,0.058569010183471056,0.052949099290878335,0.15537740467268704,0.13941817717120503
116,116.0,116.0169855589429,0.10064934449024615,0.09787570375050161,0.13573276967289816,0.0976782993354589,0.05836284630390463,0.1031289171334483,0.059708659484368404,0.05215074750534884,0.15548872639106737,0.13922398593275756
117,117.0,117.01742795623892,0.10106709777973563,0.09989528664930328,0.13440495920999587,0.09772113597697481,0.05695255104774942,0.10291943670376685,0.05871251146703256,0.052527436501861105,0.15705301424925316,0.13874657041432725
118,118.0,118.01765183424293,0.10099847170376952,0.10088196080604231,0.1333708963631944,0.09694482994211709,0.056468086294447786,0.10302920877413871,0.05944949126352221,0.05297277780156123,0.15774862481772112,0.1381356522334856
119,119.0,119.01767680610413,0.10328165952190518,0.1015674535545097,0.13217187963230703,0.09697686747508888,0.05588716298566591,0.10419711576179264,0.06031786664478695,0.05160757189080639,0.15719323774245528,0.13679918479068198
120,120.0,120.01752251271817,0.10416518569203376,0.10190453969064658,0.1328197532742285,0.0973471350547534,0.054743768364908116,0.10426496424487613,0.06008574637845922,0.051822082618704295,0.1568238660163368,0.1360229586650531
121,121.0,121.01720842354362,0.10411503734105003,0.10221873296354622,0.13207059743589786,0.09601845543335949,0.05431163236125075,0.1029101795561664,0.061800160672495566,0.051082426805581886,0.15784098318058315,0.1376317942500686
122,122.0,122.01675365905109,0.1040016864170565,0.10231482323769939,0.13235308945204016,0.0965950870974238,0.05379502173209039,0.10248408446502136,0.06210652641205011,0.04967612313757005,0.15800520902588527,0.13866834902316294
123,123.0,123.0161768344173,0.10496387156735193,0.10443878688351925,0.12984767367069347,0.09776687648983544,0.05341831510934887,0.10247223028490471,0.0627972233701147,0.048975902213196996,0.15663031211647588,0.1386888082945587
124,124.0,124.01549592390272,0.10433706028748048,0.10523998371483041,0.12975647959262396,0.09919070514204437,0.052323323394104095,0.10074551069473928,0.06310517519806777,0.050150727023015845,0.15780464362527458,0.13734639132781917
125,125.0,125.01472814520056,0.10336873314529016,0.10521617878673212,0.12969705541676607,0.09976013464159383,0.05271320285457084,0.0993023310844941,0.06480388161554727,0.04906206431750216,0.15833982454307408,0.13773659359442927
126,126.0,126.01388986291661,0.10373148176408904,0.1056301643851851,0.12779501397471196,0.10024810590106563,0.05233207717346994,0.09862280422954767,0.06457120905617252,0.04988137310264215,0.15876934013473548,0.1384184302783804
127,127.0,127.0129965102319,0.10253703891154684,0.10649290997606142,0.12764280963049687,0.0997231735670696,0.053871402015467036,0.09829251842308834,0.06400182261317278,0.0486197051673376,0.15928829290508062,0.13953032679067875
128,128.0,128.01206252771334,0.10312229378101481,0.10671455248191197,0.12775655404836522,0.09869084722252988,0.05546115971978209,0.0994312073810156,0.06466781113858047,0.0476268095108799,0.15953877190026478,0.13698999281565513
129,129.0,129.0111013181695,0.1047299303875693,0.10827059455689364,0.129339293515584,0.09790396896194228,0.05539948206004728,0.0974126831622304,0.06233191292483328,0.04788199950892849,0.16036720316233066,0.13636293175964054
130,130.0,130.01012521639834,0.10496785948809682,0.11156737380880512,0.1308183526819745,0.09619584346007067,0.05427717208017074,0.09630854770222867,0.06093832996894539,0.04663585562563973,0.15838314948908577,0.13990751569498244
131,131.0,131.0091454726403,0.10483364156543683,0.1099753120300734,0.1306751131634192,0.09744111387316065,0.054219515181507166,0.09560353700386212,0.0611399062130029,0.04721657478264977,0.15785669224776572,0.1410385939391221
132,132.0,132.0081722485317,0.10488014854785735,0.10898132095341452,0.13140977518624422,0.09695459818901281,0.05522011376981219,0.09663759200450298,0.05924390605999601,0.04745980488177652,0.15919857564148146,0.14001416476590176
133,133.0,133.00721462434865,0.10559322975871523,0.10816158989619808,0.1314937919039716,0.09552558396522084,0.054476609709613134,0.09666853902489901,0.05874687050239272,0.046155406833038204,0.16071737401509184,0.14246100439085918
134,134.0,134.0062806163404,0.10670760973061096,0.10809469393271771,0.12891632386711566,0.09849378935066416,0.05444189007050222,0.09767968173083234,0.05798477208408812,0.04424918372210511,0.16196207486591838,0.14146998064544516
135,135.0,135.00537720296956,0.10536355115302797,0.10829521134160398,0.1293389557443747,0.09798635270571586,0.05375802734755833,0.09663922789578835,0.058471871566563055,0.043471843714941276,0.16356987118624058,0.14310508734418573
136,136.0,136.00451035890612,0.10859572203681318,0.10919148128041486,0.12962897907267357,0.09604646386514,0.05315421839691303,0.09533923276137614,0.05720102709453533,0.04332065759953979,0.162887103747513,0.14463511414508096
137,137.0,137.00368509565993,0.10854187290566453,0.10815715141904644,0.1317562833571403,0.09525091595117041,0.05533188289731916,0.09567187361839208,0.05571538860957671,0.04322033318609245,0.1637234340690988,0.142630863986499
138,138.0,138.0029055077818,0.10854657615857845,0.10878700299201595,0.13272823235651218,0.09712731920021797,0.056054152183872545,0.09494443853925538,0.05578379585524318,0.04309106747014931,0.16274424675948432,0.14019316848467056
139,139.0,139.00217482361367,0.1066324311015297,0.10924499493045448,0.13378375791629263,0.09713768603896229,0.05543498163716504,0.09807178329711733,0.05390871490999742,0.04165524101199879,0.16416771298587327,0.13996269617060897
140,140.0,140.0014954596262,0.10793929685334752,0.10657422715558029,0.13668946449484204,0.0965795227586709,0.05546658083433652,0.1001719221016642,0.05330901693814547,0.04086484916454927,0.16212525663468805,0.14027986306417561
141,141.0,141.00086907744122,0.1063373542972467,0.10762436427230085,0.13719188526120135,0.09604635920719595,0.056315461751898506,0.10044319800590527,0.05227887822053867,0.04081111097655525,0.16335139505385557,0.13959999295330175
142,142.0,142.0002966427003,0.10580290979688678,0.10641325524482426,0.13789970319580952,0.09570079737987174,0.05720866115179365,0.10196261278740881,0.05167510626493345,0.04057985602503409,0.16325493288691784,0.13950216526651973
143,143.0,142.99977848500652,0.10670686847705302,0.10827320920769683,0.13852371801704425,0.09622429615002137,0.05640215156121569,0.10135979119238626,0.05160255161698789,0.040674002926939595,0.16270749588674366,0.13752591496391134
144,144.0,143.99931435823203,0.10600053262454182,0.11023152660717864,0.13846867577025915,0.09404946750068685,0.059153916493626224,0.10142695258693014,0.051226900296082206,0.040532579655939115,0.16269305168721881,0.13621639677753697
145,145.0,144.99890350055264,0.10413200417911823,0.1097579698345442,0.13830869722563438,0.09211128865875275,0.060049839241824735,0.10171224713801294,0.050879515947957935,0.0425177510668126,0.16295105318278402,0.13757963352455813
146,146.0,145.9985446936357,0.10513500036939345,0.1111595604312558,0.14034973591979233,0.09004534450113569,0.058346139532818,0.101463676566331,0.050476228765849965,0.04182472049457968,0.16277110776445045,0.1384284856543935
147,147.0,146.99823632047406,0.10496641830233479,0.11105307616751978,0.13904261678922122,0.0907911811371409,0.05914595510010169,0.10080657222552433,0.050661268475816,0.04229075078670904,0.16304822389861728,0.1381939371170148
148,148.0,147.99797642142389,0.10310214888981734,0.11101135780318114,0.14060357166183376,0.08913805472381842,0.06111473958874762,0.10290720730389095,0.04974638430030249,0.04269825332989459,0.16213745135213403,0.13754083104637954
149,149.0,148.99776274806447,0.10450580012643117,0.10995449178892043,0.14303473547890672,0.09120221702474988,0.06055380778595636,0.1037578913273967,0.048102938293201065,0.04296923511959846,0.1596110288808006,0.1363078541740385
150,150.0,149.99759281456036,0.10375015017876948,0.10997504221101917,0.14372950775872664,0.09005201871532129,0.061507033343876444,0.10456917630548496,0.048296060090447436,0.04309148680037642,0.1589558237635122,0.13607370083246584
151,151.0,150.99746394626104,0.10400196652238267,0.10846694628386164,0.144954547268966,0.09110363634104834,0.060204816909323555,0.10366152586304245,0.04892631405110214,0.04357476724960688,0.16078913957560542,0.13431633993506073
152,152.0,151.99737332532905,0.10335092905160814,0.10770291972629309,0.14632255301831204,0.09193495174281541,0.05943963739346318,0.10469092325131475,0.048952615583035944,0.04324391107041252,0.15990253850324374,0.13445902065950102
153,153.0,152.99731803323698,0.1043468754348791,0.1083930811859673,0.14568560674013076,0.091498252894946,0.05974941985018578,0.10409727040784625,0.05022281811020387,0.043002258800254906,0.16003024578537842,0.13297417079020746
154,154.0,153.99729509002177,0.10312173207248443,0.10906355148586731,0.1464508434835047,0.09366155640043995,0.05771208633834151,0.10265124859665509,0.049798822104124243,0.04311863069401276,0.16056229707318578,0.13385923175138403
155,155.0,154.99730149022784,0.10367202466090004,0.1084179992912182,0.14419090209991256,0.09411083541126335,0.06001149307042844,0.10197132189465268,0.049769179042770076,0.043569609709827664,0.15905776113184464,0.13522887368718214
156,156.0,155.99733423551103,0.10317271378825199,0.1078461522255206,0.14403319472017231,0.0939059392476262,0.05951055434406831,0.10251041740520939,0.04988581397165162,0.046176101128785174,0.15716964618114926,0.1357894669875649
157,157.0,156.99739036391077,0.10102794795018333,0.10962811322424523,0.14246607862818805,0.09496781802486948,0.060604519689351405,0.10272719121543712,0.04830005835721892,0.04678555887513881,0.155789653254424,0.13770306078094344
158,158.0,157.99746697583146,0.09893586226057924,0.10960521354625645,0.14255261760765928,0.09534929717424068,0.059428726101732395,0.10254229133462206,0.05044692855553562,0.046712126295150196,0.1565985762569773,0.13782836086724662
159,159.0,158.99756125680176,0.09945798154778551,0.11021126571347144,0.14218261930218046,0.09490388310686793,0.06045442863653535,0.10320369994483271,0.050231183656538565,0.046837345357593554,0.15484915816543948,0.13766843456875488
160,160.0,159.997670497107,0.09875270043495481,0.11157127096205059,0.14231384925785706,0.09521679669501706,0.060843931716629246,0.10184348118136353,0.05177874160684786,0.04584278708214737,0.15210750890501593,0.13972893215811638
161,161.0,160.99779210841066,0.09798723676947776,0.11285048065780795,0.14144894851782502,0.09807913919314379,0.06033709577938397,0.10006620563222084,0.051992801508617986,0.04739280859200965,0.15067067515117213,0.13917460819834074
162,162.0,161.99792363749984,0.09957022296554592,0.11310884870679805,0.14122640815466478,0.0964323135041733,0.059364015055891825,0.09999947396115562,0.0516493587938069,0.04777064086321533,0.15250105676379516,0.13837766123095296
163,163.0,162.9980627773051,0.09856575358919477,0.11515798151407257,0.13900513817830693,0.09718483005050382,0.059133694704280176,0.09912595537827973,0.054006999448937,0.04823857667315061,0.15139220894067132,0.13818886152260293
164,164.0,163.9982073753568,0.10040607692622226,0.11511443350127774,0.1386115952774805,0.09684882056551578,0.058200395437036034,0.09940831789051172,0.05492085743844493,0.04801182776538957,0.15117683991083802,0.13730083528728335
165,165.0,164.99835543984977,0.09849147177345392,0.11350080689255926,0.1384463799195711,0.0982876328498636,0.056398690892306653,0.09926925251294497,0.05577263208787486,0.047479865869776997,0.1525049431398583,0.13984832406179026
166,166.0,165.99850514349492,0.09742018934346564,0.1142861596651378,0.1383765123430623,0.09890046602805495,0.05522315250163699,0.09911874020912886,0.055709113741079494,0.04778345264954016,0.15302030752890555,0.14016190598998812
167,167.0,166.99865482534062,0.09660732065797084,0.1149855190838326,0.1371333616772587,0.09770831628549127,0.05287248394108514,0.09819480881602678,0.05724012657448098,0.047437717093448434,0.15470976268000072,0.14311058319040443
168,168.0,167.99880299074837,0.09630167309599534,0.1127850787322529,0.13739217279038754,0.09511812114112168,0.050742992911131435,0.09804799566069536,0.05837520022052163,0.047034042837956015,0.1581361733491886,0.14606654926074944
169,169.0,168.99894830970783,0.09659525409153658,0.11068278689148918,0.13908950216411836,0.0930242326963046,0.05121896508871939,0.09969243219197625,0.059431176799824535,0.04742711828531026,0.15798229014621198,0.1448562416445089
170,170.0,169.99908961367427,0.09582680060649992,0.10962965683548365,0.1395148279306639,0.09177209555612392,0.0525088604785879,0.09913717896268011,0.05867403627793151,0.04840782761017773,0.16033495632754918,0.14419375941430218
171,171.0,170.99922589110733,0.09496657598379321,0.10771829178335661,0.14047047053711229,0.09329051405839583,0.05197370688648865,0.09621609235594698,0.05910129641243944,0.04926797247739027,0.16102359565163354,0.14597148385344313
172,172.0,171.99935628188598,0.09705854454528696,0.10830914483066434,0.138826925703043,0.0953943635215613,0.051850505218152904,0.09389756436693354,0.06126164414715396,0.04891732402393522,0.16032494418978457,0.14415903945348424
173,173.0,172.99948007076793,0.0962963139986514,0.10555515214188392,0.1394925429501032,0.09730399880160592,0.05128000601013546,0.09508874919894496,0.06166383733881946,0.04919555569811851,0.15963669180337645,0.1444871520583608
174,174.0,173.99959668005403,0.09729922706781713,0.10544330984639405,0.1362017848620749,0.0973396247147215,0.050929226875508785,0.09647247760164383,0.06261936754391054,0.048274907259781896,0.15913159893350778,0.14628847529463962
175,175.0,174.99970566161096,0.09842118856563543,0.10422799388749954,0.13489301754474303,0.09941115252158106,0.05103323456359929,0.0961541557285236,0.06240611624697498,0.051006876397475656,0.15697612012795967,0.14547014441600778
