,Unnamed: 0,Total_iterations,Intertwine_two,Add_vertex,Delete_vertex,Invert_path_vertices,Insert_inside_vertex,Delete_inside_vertex
0,0.0,0.0,0.16666666666666669,0.16666666666666669,0.16666666666666669,0.16666666666666669,0.16666666666666669,0.16666666666666669
1,1.0,1.0,0.16666666666666669,0.16666666666666669,0.16666666666666669,0.16666666666666669,0.16666666666666669,0.16666666666666669
2,2.0,2.0,0.16666666666666669,0.16666666666666669,0.16666666666666669,0.16666666666666669,0.16666666666666669,0.16666666666666669
3,3.0,3.0,0.16666666666666669,0.16666666666666669,0.16666666666666669,0.16666666666666669,0.16666666666666669,0.16666666666666669
4,4.0,4.0,0.16666666666666669,0.16666666666666669,0.16666666666666669,0.16666666666666669,0.16666666666666669,0.16666666666666669
5,5.0,5.0,0.16666666666666669,0.16666666666666669,0.16666666666666669,0.16666666666666669,0.16666666666666669,0.16666666666666669
6,6.0,6.0,0.16666666666666669,0.16666666666666669,0.16666666666666669,0.16666666666666669,0.16666666666666669,0.16666666666666669
7,7.0,7.0,0.16666666666666669,0.16666666666666669,0.16666666666666669,0.16666666666666669,0.16666666666666669,0.16666666666666669
8,8.0,8.0,0.16666666666666669,0.16666666666666669,0.16666666666666669,0.16666666666666669,0.16666666666666669,0.16666666666666669
9,9.0,9.0,0.16666666666666669,0.16666666666666669,0.16666666666666669,0.16666666666666669,0.16666666666666669,0.16666666666666669
10,10.0,10.0,0.16666666666666669,0.16666666666666669,0.16666666666666669,0.16666666666666669,0.16666666666666669,0.16666666666666669
11,11.0,11.0,0.16666666666666669,0.16666666666666669,0.16666666666666669,0.16666666666666669,0.16666666666666669,0.16666666666666669
12,12.0,12.0,0.16666666666666669,0.16666666666666669,0.16666666666666669,0.16666666666666669,0.16666666666666669,0.16666666666666669
13,13.0,13.0,0.16666666666666669,0.16666666666666669,0.16666666666666669,0.16666666666666669,0.16666666666666669,0.16666666666666669
14,14.0,14.0,0.16666666666666669,0.16666666666666669,0.16666666666666669,0.16666666666666669,0.16666666666666669,0.16666666666666669
15,15.0,15.0,0.16666666666666669,0.16666666666666669,0.16666666666666669,0.16666666666666669,0.16666666666666669,0.16666666666666669
16,16.0,16.0,0.16666666666666669,0.16666666666666669,0.16666666666666669,0.16666666666666669,0.16666666666666669,0.16666666666666669
17,17.0,17.0,0.16666666666666669,0.16666666666666669,0.16666666666666669,0.16666666666666669,0.16666666666666669,0.16666666666666669
18,18.0,18.0,0.16666666666666669,0.16666666666666669,0.16666666666666669,0.16666666666666669,0.16666666666666669,0.16666666666666669
19,19.0,19.0,0.16666666666666669,0.16666666666666669,0.16666666666666669,0.16666666666666669,0.16666666666666669,0.16666666666666669
20,20.0,20.0,0.16666666666666669,0.16666666666666669,0.16666666666666669,0.16666666666666669,0.16666666666666669,0.16666666666666669
21,21.0,21.0,0.16666666666666669,0.16666666666666669,0.16666666666666669,0.16666666666666669,0.16666666666666669,0.16666666666666669
22,22.0,22.0,0.16666666666666669,0.16666666666666669,0.16666666666666669,0.16666666666666669,0.16666666666666669,0.16666666666666669
23,23.0,23.0,0.16666666666666669,0.16666666666666669,0.16666666666666669,0.16666666666666669,0.16666666666666669,0.16666666666666669
24,24.0,24.0,0.16666666666666669,0.16666666666666669,0.16666666666666669,0.16666666666666669,0.16666666666666669,0.16666666666666669
25,25.0,25.0,0.16666666666666669,0.16666666666666669,0.16666666666666669,0.16666666666666669,0.16666666666666669,0.16666666666666669
26,26.0,26.0,0.16666666666666669,0.16666666666666669,0.16666666666666669,0.16666666666666669,0.16666666666666669,0.16666666666666669
27,27.0,27.0,0.16666666666666669,0.16666666666666669,0.16666666666666669,0.16666666666666669,0.16666666666666669,0.16666666666666669
28,28.0,28.0,0.16666666666666669,0.16666666666666669,0.16666666666666669,0.16666666666666669,0.16666666666666669,0.16666666666666669
29,29.0,29.0,0.16666666666666669,0.16666666666666669,0.16666666666666669,0.16666666666666669,0.16666666666666669,0.16666666666666669
30,30.0,30.0,0.16666666666666669,0.16666666666666669,0.16666666666666669,0.16666666666666669,0.16666666666666669,0.16666666666666669
31,31.0,31.0,0.16666666666666669,0.16666666666666669,0.16666666666666669,0.16666666666666669,0.16666666666666669,0.16666666666666669
32,32.0,32.0,0.16666666666666669,0.16666666666666669,0.16666666666666669,0.16666666666666669,0.16666666666666669,0.16666666666666669
33,33.0,33.0,0.16666666666666669,0.16666666666666669,0.16666666666666669,0.16666666666666669,0.16666666666666669,0.16666666666666669
34,34.0,34.0,0.16666666666666669,0.16666666666666669,0.16666666666666669,0.16666666666666669,0.16666666666666669,0.16666666666666669
35,35.0,35.0,0.16666666666666669,0.16666666666666669,0.16666666666666669,0.16666666666666669,0.16666666666666669,0.16666666666666669
36,36.0,36.0,0.16666666666666669,0.16666666666666669,0.16666666666666669,0.16666666666666669,0.16666666666666669,0.16666666666666669
37,37.0,37.0,0.16666666666666669,0.16666666666666669,0.16666666666666669,0.16666666666666669,0.16666666666666669,0.16666666666666669
38,38.0,38.0,0.16666666666666669,0.16666666666666669,0.16666666666666669,0.16666666666666669,0.16666666666666669,0.16666666666666669
39,39.0,39.0,0.16666666666666669,0.16666666666666669,0.16666666666666669,0.16666666666666669,0.16666666666666669,0.16666666666666669
40,40.0,40.0,0.16666666666666669,0.16666666666666669,0.16666666666666669,0.16666666666666669,0.16666666666666669,0.16666666666666669
41,41.0,41.0,0.16666666666666669,0.16666666666666669,0.16666666666666669,0.16666666666666669,0.16666666666666669,0.16666666666666669
42,42.0,42.0,0.16666666666666669,0.16666666666666669,0.16666666666666669,0.16666666666666669,0.16666666666666669,0.16666666666666669
43,43.0,43.0,0.16666666666666669,0.16666666666666669,0.16666666666666669,0.16666666666666669,0.16666666666666669,0.16666666666666669
44,44.0,44.0,0.16666666666666669,0.16666666666666669,0.16666666666666669,0.16666666666666669,0.16666666666666669,0.16666666666666669
45,45.0,45.0,0.16666666666666669,0.16666666666666669,0.16666666666666669,0.16666666666666669,0.16666666666666669,0.16666666666666669
46,46.0,46.0,0.16666666666666669,0.16666666666666669,0.16666666666666669,0.16666666666666669,0.16666666666666669,0.16666666666666669
47,47.0,47.0,0.16666666666666669,0.16666666666666669,0.16666666666666669,0.16666666666666669,0.16666666666666669,0.16666666666666669
48,48.0,48.0,0.16666666666666669,0.16666666666666669,0.16666666666666669,0.16666666666666669,0.16666666666666669,0.16666666666666669
49,49.0,49.0,0.16666666666666669,0.16666666666666669,0.16666666666666669,0.16666666666666669,0.16666666666666669,0.16666666666666669
50,50.0,50.0,0.16666666666666669,0.16666666666666669,0.16666666666666669,0.16666666666666669,0.16666666666666669,0.16666666666666669
51,51.0,51.0,0.16666666666666669,0.16666666666666669,0.16666666666666669,0.16666666666666669,0.16666666666666669,0.16666666666666669
52,52.0,52.0,0.16666666666666669,0.16666666666666669,0.16666666666666669,0.16666666666666669,0.16666666666666669,0.16666666666666669
53,53.0,53.0,0.16666666666666669,0.16666666666666669,0.16666666666666669,0.16666666666666669,0.16666666666666669,0.16666666666666669
54,54.0,54.0,0.16666666666666669,0.16666666666666669,0.16666666666666669,0.16666666666666669,0.16666666666666669,0.16666666666666669
55,55.0,55.0,0.16666666666666669,0.16666666666666669,0.16666666666666669,0.16666666666666669,0.16666666666666669,0.16666666666666669
56,56.0,56.0,0.16666666666666669,0.16666666666666669,0.16666666666666669,0.16666666666666669,0.16666666666666669,0.16666666666666669
57,57.0,57.0,0.16666666666666669,0.16666666666666669,0.16666666666666669,0.16666666666666669,0.16666666666666669,0.16666666666666669
58,58.0,58.0,0.16666666666666669,0.16666666666666669,0.16666666666666669,0.16666666666666669,0.16666666666666669,0.16666666666666669
59,59.0,59.0,0.16666666666666669,0.16666666666666669,0.16666666666666669,0.16666666666666669,0.16666666666666669,0.16666666666666669
60,60.0,60.0,0.16666666666666669,0.16666666666666669,0.16666666666666669,0.16666666666666669,0.16666666666666669,0.16666666666666669
61,61.0,61.0,0.16666666666666669,0.16666666666666669,0.16666666666666669,0.16666666666666669,0.16666666666666669,0.16666666666666669
62,62.0,62.0,0.16666666666666669,0.16666666666666669,0.16666666666666669,0.16666666666666669,0.16666666666666669,0.16666666666666669
63,63.0,63.0,0.16666666666666669,0.16666666666666669,0.16666666666666669,0.16666666666666669,0.16666666666666669,0.16666666666666669
64,64.0,64.0,0.16666666666666669,0.16666666666666669,0.16666666666666669,0.16666666666666669,0.16666666666666669,0.16666666666666669
65,65.0,65.0,0.16666666666666669,0.16666666666666669,0.16666666666666669,0.16666666666666669,0.16666666666666669,0.16666666666666669
66,66.0,66.0,0.16666666666666669,0.16666666666666669,0.16666666666666669,0.16666666666666669,0.16666666666666669,0.16666666666666669
67,67.0,67.0,0.16666666666666669,0.16666666666666669,0.16666666666666669,0.16666666666666669,0.16666666666666669,0.16666666666666669
68,68.0,68.0,0.16666666666666669,0.16666666666666669,0.16666666666666669,0.16666666666666669,0.16666666666666669,0.16666666666666669
69,69.0,69.0,0.16666666666666669,0.16666666666666669,0.16666666666666669,0.16666666666666669,0.16666666666666669,0.16666666666666669
70,70.0,70.1,0.16666666666666669,0.16666666666666669,0.16666666666666669,0.16666666666666669,0.16666666666666669,0.16666666666666669
71,71.0,71.1,0.16666666666666669,0.16666666666666669,0.16666666666666669,0.16666666666666669,0.16666666666666669,0.16666666666666669
72,72.0,72.2,0.16666666666666669,0.16666666666666669,0.16666666666666669,0.16666666666666669,0.16666666666666669,0.16666666666666669
73,73.0,73.2,0.16666666666666669,0.16666666666666669,0.16666666666666669,0.16666666666666669,0.16666666666666669,0.16666666666666669
74,74.0,74.2,0.16666666666666669,0.16666666666666669,0.16666666666666669,0.16666666666666669,0.16666666666666669,0.16666666666666669
75,75.0,75.2,0.16666666666666669,0.16666666666666669,0.16666666666666669,0.16666666666666669,0.16666666666666669,0.16666666666666669
76,76.0,76.2,0.16666666666666669,0.16666666666666669,0.16666666666666669,0.16666666666666669,0.16666666666666669,0.16666666666666669
77,77.0,77.2,0.16666666666666669,0.16666666666666669,0.16666666666666669,0.16666666666666669,0.16666666666666669,0.16666666666666669
78,78.0,78.2,0.16666666666666669,0.16666666666666669,0.16666666666666669,0.16666666666666669,0.16666666666666669,0.16666666666666669
79,79.0,79.2,0.16666666666666669,0.16666666666666669,0.16666666666666669,0.16666666666666669,0.16666666666666669,0.16666666666666669
80,80.0,80.2,0.16666666666666669,0.16666666666666669,0.16666666666666669,0.16666666666666669,0.16666666666666669,0.16666666666666669
81,81.0,81.2,0.16666666666666669,0.16666666666666669,0.16666666666666669,0.16666666666666669,0.16666666666666669,0.16666666666666669
82,82.0,82.2,0.16666666666666669,0.16666666666666669,0.16666666666666669,0.16666666666666669,0.16666666666666669,0.16666666666666669
83,83.0,83.2,0.16666666666666669,0.16666666666666669,0.16666666666666669,0.16666666666666669,0.16666666666666669,0.16666666666666669
84,84.0,84.2,0.16666666666666669,0.16666666666666669,0.16666666666666669,0.16666666666666669,0.16666666666666669,0.16666666666666669
85,85.0,85.2,0.16666666666666669,0.16666666666666669,0.16666666666666669,0.16666666666666669,0.16666666666666669,0.16666666666666669
86,86.0,86.3,0.16666666666666669,0.16666666666666669,0.16666666666666669,0.16666666666666669,0.16666666666666669,0.16666666666666669
87,87.0,87.3,0.16666666666666669,0.16666666666666669,0.16666666666666669,0.16666666666666669,0.16666666666666669,0.16666666666666669
88,88.0,88.4,0.16666666666666669,0.16666666666666669,0.16666666666666669,0.16666666666666669,0.16666666666666669,0.16666666666666669
89,89.0,89.4,0.16666666666666669,0.16666666666666669,0.16666666666666669,0.16666666666666669,0.16666666666666669,0.16666666666666669
90,90.0,90.4,0.16666666666666669,0.16666666666666669,0.16666666666666669,0.16666666666666669,0.16666666666666669,0.16666666666666669
91,91.0,91.6,0.16666666666666669,0.16666666666666669,0.16666666666666669,0.16666666666666669,0.16666666666666669,0.16666666666666669
92,92.0,92.6,0.16666666666666669,0.16666666666666669,0.16666666666666669,0.16666666666666669,0.16666666666666669,0.16666666666666669
93,93.0,93.6,0.16666666666666669,0.16666666666666669,0.16666666666666669,0.16666666666666669,0.16666666666666669,0.16666666666666669
94,94.0,94.6,0.16666666666666669,0.16666666666666669,0.16666666666666669,0.16666666666666669,0.16666666666666669,0.16666666666666669
95,95.0,95.6,0.16666666666666669,0.16666666666666669,0.16666666666666669,0.16666666666666669,0.16666666666666669,0.16666666666666669
96,96.0,96.6,0.16666666666666669,0.16666666666666669,0.16666666666666669,0.16666666666666669,0.16666666666666669,0.16666666666666669
97,97.0,97.7,0.16666666666666669,0.16666666666666669,0.16666666666666669,0.16666666666666669,0.16666666666666669,0.16666666666666669
98,98.0,98.7,0.16666666666666669,0.16666666666666669,0.16666666666666669,0.16666666666666669,0.16666666666666669,0.16666666666666669
99,99.0,99.7,0.16666666666666669,0.16666666666666669,0.16666666666666669,0.16666666666666669,0.16666666666666669,0.16666666666666669
100,100.0,100.7,0.16666666666666669,0.16666666666666669,0.16666666666666669,0.16666666666666669,0.16666666666666669,0.16666666666666669
101,101.0,101.7,0.16666666666666669,0.16666666666666669,0.16666666666666669,0.16666666666666669,0.16666666666666669,0.16666666666666669
102,102.0,102.7,0.16666666666666669,0.16666666666666669,0.16666666666666669,0.16666666666666669,0.16666666666666669,0.16666666666666669
103,103.0,103.7,0.16666666666666669,0.16666666666666669,0.16666666666666669,0.16666666666666669,0.16666666666666669,0.16666666666666669
104,104.0,104.7,0.16666666666666669,0.16666666666666669,0.16666666666666669,0.16666666666666669,0.16666666666666669,0.16666666666666669
105,105.0,105.7,0.16666666666666669,0.16666666666666669,0.16666666666666669,0.16666666666666669,0.16666666666666669,0.16666666666666669
106,106.0,106.7,0.16666666666666669,0.16666666666666669,0.16666666666666669,0.16666666666666669,0.16666666666666669,0.16666666666666669
107,107.0,107.7,0.16666666666666669,0.16666666666666669,0.16666666666666669,0.16666666666666669,0.16666666666666669,0.16666666666666669
108,108.0,108.7,0.16666666666666669,0.16666666666666669,0.16666666666666669,0.16666666666666669,0.16666666666666669,0.16666666666666669
109,109.0,109.7,0.16666666666666669,0.16666666666666669,0.16666666666666669,0.16666666666666669,0.16666666666666669,0.16666666666666669
110,110.0,110.7,0.16666666666666669,0.16666666666666669,0.16666666666666669,0.16666666666666669,0.16666666666666669,0.16666666666666669
111,111.0,111.7,0.16666666666666669,0.16666666666666669,0.16666666666666669,0.16666666666666669,0.16666666666666669,0.16666666666666669
112,112.0,112.7,0.16666666666666669,0.16666666666666669,0.16666666666666669,0.16666666666666669,0.16666666666666669,0.16666666666666669
113,113.0,113.7,0.16666666666666669,0.16666666666666669,0.16666666666666669,0.16666666666666669,0.16666666666666669,0.16666666666666669
114,114.0,114.7,0.16666666666666669,0.16666666666666669,0.16666666666666669,0.16666666666666669,0.16666666666666669,0.16666666666666669
115,115.0,115.7,0.16666666666666669,0.16666666666666669,0.16666666666666669,0.16666666666666669,0.16666666666666669,0.16666666666666669
116,116.0,116.7,0.16666666666666669,0.16666666666666669,0.16666666666666669,0.16666666666666669,0.16666666666666669,0.16666666666666669
117,117.0,117.7,0.16666666666666669,0.16666666666666669,0.16666666666666669,0.16666666666666669,0.16666666666666669,0.16666666666666669
118,118.0,118.7,0.16666666666666669,0.16666666666666669,0.16666666666666669,0.16666666666666669,0.16666666666666669,0.16666666666666669
119,119.0,119.7,0.16666666666666669,0.16666666666666669,0.16666666666666669,0.16666666666666669,0.16666666666666669,0.16666666666666669
120,120.0,120.7,0.16666666666666669,0.16666666666666669,0.16666666666666669,0.16666666666666669,0.16666666666666669,0.16666666666666669
121,121.0,121.7,0.16666666666666669,0.16666666666666669,0.16666666666666669,0.16666666666666669,0.16666666666666669,0.16666666666666669
122,122.0,122.7,0.16666666666666669,0.16666666666666669,0.16666666666666669,0.16666666666666669,0.16666666666666669,0.16666666666666669
123,123.0,123.7,0.16666666666666669,0.16666666666666669,0.16666666666666669,0.16666666666666669,0.16666666666666669,0.16666666666666669
124,124.0,124.7,0.16666666666666669,0.16666666666666669,0.16666666666666669,0.16666666666666669,0.16666666666666669,0.16666666666666669
125,125.0,125.7,0.16666666666666669,0.16666666666666669,0.16666666666666669,0.16666666666666669,0.16666666666666669,0.16666666666666669
126,126.0,126.7,0.16666666666666669,0.16666666666666669,0.16666666666666669,0.16666666666666669,0.16666666666666669,0.16666666666666669
127,127.0,127.7,0.16666666666666669,0.16666666666666669,0.16666666666666669,0.16666666666666669,0.16666666666666669,0.16666666666666669
128,128.0,128.7,0.16666666666666669,0.16666666666666669,0.16666666666666669,0.16666666666666669,0.16666666666666669,0.16666666666666669
129,129.0,129.7,0.16666666666666669,0.16666666666666669,0.16666666666666669,0.16666666666666669,0.16666666666666669,0.16666666666666669
130,130.0,130.7,0.16666666666666669,0.16666666666666669,0.16666666666666669,0.16666666666666669,0.16666666666666669,0.16666666666666669
131,131.0,131.7,0.16666666666666669,0.16666666666666669,0.16666666666666669,0.16666666666666669,0.16666666666666669,0.16666666666666669
132,132.0,132.7,0.16666666666666669,0.16666666666666669,0.16666666666666669,0.16666666666666669,0.16666666666666669,0.16666666666666669
133,133.0,133.7,0.16666666666666669,0.16666666666666669,0.16666666666666669,0.16666666666666669,0.16666666666666669,0.16666666666666669
134,134.0,134.7,0.16666666666666669,0.16666666666666669,0.16666666666666669,0.16666666666666669,0.16666666666666669,0.16666666666666669
135,135.0,135.7,0.16666666666666669,0.16666666666666669,0.16666666666666669,0.16666666666666669,0.16666666666666669,0.16666666666666669
136,136.0,136.7,0.16666666666666669,0.16666666666666669,0.16666666666666669,0.16666666666666669,0.16666666666666669,0.16666666666666669
137,137.0,137.7,0.16666666666666669,0.16666666666666669,0.16666666666666669,0.16666666666666669,0.16666666666666669,0.16666666666666669
138,138.0,138.7,0.16666666666666669,0.16666666666666669,0.16666666666666669,0.16666666666666669,0.16666666666666669,0.16666666666666669
139,139.0,139.7,0.16666666666666669,0.16666666666666669,0.16666666666666669,0.16666666666666669,0.16666666666666669,0.16666666666666669
140,140.0,140.7,0.16666666666666669,0.16666666666666669,0.16666666666666669,0.16666666666666669,0.16666666666666669,0.16666666666666669
141,141.0,141.7,0.16666666666666669,0.16666666666666669,0.16666666666666669,0.16666666666666669,0.16666666666666669,0.16666666666666669
142,142.0,142.7,0.16666666666666669,0.16666666666666669,0.16666666666666669,0.16666666666666669,0.16666666666666669,0.16666666666666669
143,143.0,143.7,0.16666666666666669,0.16666666666666669,0.16666666666666669,0.16666666666666669,0.16666666666666669,0.16666666666666669
144,144.0,144.7,0.16666666666666669,0.16666666666666669,0.16666666666666669,0.16666666666666669,0.16666666666666669,0.16666666666666669
145,145.0,145.7,0.16666666666666669,0.16666666666666669,0.16666666666666669,0.16666666666666669,0.16666666666666669,0.16666666666666669
146,146.0,146.7,0.16666666666666669,0.16666666666666669,0.16666666666666669,0.16666666666666669,0.16666666666666669,0.16666666666666669
147,147.0,147.7,0.16666666666666669,0.16666666666666669,0.16666666666666669,0.16666666666666669,0.16666666666666669,0.16666666666666669
148,148.0,148.7,0.16666666666666669,0.16666666666666669,0.16666666666666669,0.16666666666666669,0.16666666666666669,0.16666666666666669
149,149.0,149.7,0.16666666666666669,0.16666666666666669,0.16666666666666669,0.16666666666666669,0.16666666666666669,0.16666666666666669
150,150.0,150.7,0.16666666666666669,0.16666666666666669,0.16666666666666669,0.16666666666666669,0.16666666666666669,0.16666666666666669
151,151.0,151.7,0.16666666666666669,0.16666666666666669,0.16666666666666669,0.16666666666666669,0.16666666666666669,0.16666666666666669
152,152.0,152.7,0.16666666666666669,0.16666666666666669,0.16666666666666669,0.16666666666666669,0.16666666666666669,0.16666666666666669
153,153.0,153.7,0.16666666666666669,0.16666666666666669,0.16666666666666669,0.16666666666666669,0.16666666666666669,0.16666666666666669
154,154.0,154.7,0.16666666666666669,0.16666666666666669,0.16666666666666669,0.16666666666666669,0.16666666666666669,0.16666666666666669
155,155.0,155.7,0.16666666666666669,0.16666666666666669,0.16666666666666669,0.16666666666666669,0.16666666666666669,0.16666666666666669
156,156.0,156.7,0.16666666666666669,0.16666666666666669,0.16666666666666669,0.16666666666666669,0.16666666666666669,0.16666666666666669
157,157.0,157.7,0.16666666666666669,0.16666666666666669,0.16666666666666669,0.16666666666666669,0.16666666666666669,0.16666666666666669
158,158.0,158.7,0.16666666666666669,0.16666666666666669,0.16666666666666669,0.16666666666666669,0.16666666666666669,0.16666666666666669
159,159.0,159.7,0.16666666666666669,0.16666666666666669,0.16666666666666669,0.16666666666666669,0.16666666666666669,0.16666666666666669
160,160.0,160.7,0.16666666666666669,0.16666666666666669,0.16666666666666669,0.16666666666666669,0.16666666666666669,0.16666666666666669
161,161.0,161.7,0.16666666666666669,0.16666666666666669,0.16666666666666669,0.16666666666666669,0.16666666666666669,0.16666666666666669
162,162.0,162.7,0.16666666666666669,0.16666666666666669,0.16666666666666669,0.16666666666666669,0.16666666666666669,0.16666666666666669
163,163.0,163.7,0.16666666666666669,0.16666666666666669,0.16666666666666669,0.16666666666666669,0.16666666666666669,0.16666666666666669
164,164.0,164.7,0.16666666666666669,0.16666666666666669,0.16666666666666669,0.16666666666666669,0.16666666666666669,0.16666666666666669
165,165.0,165.7,0.16666666666666669,0.16666666666666669,0.16666666666666669,0.16666666666666669,0.16666666666666669,0.16666666666666669
166,166.0,166.7,0.16666666666666669,0.16666666666666669,0.16666666666666669,0.16666666666666669,0.16666666666666669,0.16666666666666669
167,167.0,167.7,0.16666666666666669,0.16666666666666669,0.16666666666666669,0.16666666666666669,0.16666666666666669,0.16666666666666669
168,168.0,168.7,0.16666666666666669,0.16666666666666669,0.16666666666666669,0.16666666666666669,0.16666666666666669,0.16666666666666669
169,169.0,169.7,0.16666666666666669,0.16666666666666669,0.16666666666666669,0.16666666666666669,0.16666666666666669,0.16666666666666669
170,170.0,170.7,0.16666666666666669,0.16666666666666669,0.16666666666666669,0.16666666666666669,0.16666666666666669,0.16666666666666669
171,171.0,171.7,0.16666666666666669,0.16666666666666669,0.16666666666666669,0.16666666666666669,0.16666666666666669,0.16666666666666669
172,172.0,172.7,0.16666666666666669,0.16666666666666669,0.16666666666666669,0.16666666666666669,0.16666666666666669,0.16666666666666669
173,173.0,173.7,0.16666666666666669,0.16666666666666669,0.16666666666666669,0.16666666666666669,0.16666666666666669,0.16666666666666669
174,174.0,174.7,0.16666666666666669,0.16666666666666669,0.16666666666666669,0.16666666666666669,0.16666666666666669,0.16666666666666669
175,175.0,175.7,0.16666666666666669,0.16666666666666669,0.16666666666666669,0.16666666666666669,0.16666666666666669,0.16666666666666669
176,176.0,176.7,0.16666666666666669,0.16666666666666669,0.16666666666666669,0.16666666666666669,0.16666666666666669,0.16666666666666669
177,177.0,177.7,0.16666666666666669,0.16666666666666669,0.16666666666666669,0.16666666666666669,0.16666666666666669,0.16666666666666669
178,178.0,178.7,0.16666666666666669,0.16666666666666669,0.16666666666666669,0.16666666666666669,0.16666666666666669,0.16666666666666669
179,179.0,179.7,0.16666666666666669,0.16666666666666669,0.16666666666666669,0.16666666666666669,0.16666666666666669,0.16666666666666669
180,180.0,180.7,0.16666666666666669,0.16666666666666669,0.16666666666666669,0.16666666666666669,0.16666666666666669,0.16666666666666669
181,181.0,181.7,0.16666666666666669,0.16666666666666669,0.16666666666666669,0.16666666666666669,0.16666666666666669,0.16666666666666669
182,182.0,182.7,0.16666666666666669,0.16666666666666669,0.16666666666666669,0.16666666666666669,0.16666666666666669,0.16666666666666669
183,183.0,183.7,0.16666666666666669,0.16666666666666669,0.16666666666666669,0.16666666666666669,0.16666666666666669,0.16666666666666669
184,184.0,184.7,0.16666666666666669,0.16666666666666669,0.16666666666666669,0.16666666666666669,0.16666666666666669,0.16666666666666669
185,185.0,185.7,0.16666666666666669,0.16666666666666669,0.16666666666666669,0.16666666666666669,0.16666666666666669,0.16666666666666669
186,186.0,186.7,0.16666666666666669,0.16666666666666669,0.16666666666666669,0.16666666666666669,0.16666666666666669,0.16666666666666669
187,187.0,187.7,0.16666666666666669,0.16666666666666669,0.16666666666666669,0.16666666666666669,0.16666666666666669,0.16666666666666669
188,188.0,188.7,0.16666666666666669,0.16666666666666669,0.16666666666666669,0.16666666666666669,0.16666666666666669,0.16666666666666669
189,189.0,189.7,0.16666666666666669,0.16666666666666669,0.16666666666666669,0.16666666666666669,0.16666666666666669,0.16666666666666669
190,190.0,190.7,0.16666666666666669,0.16666666666666669,0.16666666666666669,0.16666666666666669,0.16666666666666669,0.16666666666666669
191,191.0,191.7,0.16666666666666669,0.16666666666666669,0.16666666666666669,0.16666666666666669,0.16666666666666669,0.16666666666666669
192,192.0,192.7,0.16666666666666669,0.16666666666666669,0.16666666666666669,0.16666666666666669,0.16666666666666669,0.16666666666666669
193,193.0,193.7,0.16666666666666669,0.16666666666666669,0.16666666666666669,0.16666666666666669,0.16666666666666669,0.16666666666666669
194,194.0,194.7,0.16666666666666669,0.16666666666666669,0.16666666666666669,0.16666666666666669,0.16666666666666669,0.16666666666666669
195,195.0,195.7,0.16666666666666669,0.16666666666666669,0.16666666666666669,0.16666666666666669,0.16666666666666669,0.16666666666666669
196,196.0,196.7,0.16666666666666669,0.16666666666666669,0.16666666666666669,0.16666666666666669,0.16666666666666669,0.16666666666666669
197,197.0,197.7,0.16666666666666669,0.16666666666666669,0.16666666666666669,0.16666666666666669,0.16666666666666669,0.16666666666666669
198,198.0,198.7,0.16666666666666669,0.16666666666666669,0.16666666666666669,0.16666666666666669,0.16666666666666669,0.16666666666666669
199,199.0,199.7,0.16666666666666669,0.16666666666666669,0.16666666666666669,0.16666666666666669,0.16666666666666669,0.16666666666666669
200,200.0,200.7,0.1642857142857143,0.1642857142857143,0.1642857142857143,0.1642857142857143,0.1785714285714286,0.1642857142857143
201,201.0,201.7,0.1642857142857143,0.1642857142857143,0.1642857142857143,0.1642857142857143,0.1785714285714286,0.1642857142857143
202,202.0,202.7,0.1642857142857143,0.1642857142857143,0.1642857142857143,0.1642857142857143,0.1785714285714286,0.1642857142857143
203,203.0,203.7,0.1642857142857143,0.1642857142857143,0.1642857142857143,0.1642857142857143,0.1785714285714286,0.1642857142857143
204,204.0,204.7,0.1642857142857143,0.1642857142857143,0.1642857142857143,0.1785714285714286,0.1642857142857143,0.1642857142857143
205,205.0,205.7,0.16167491749174917,0.16365511551155115,0.16266501650165016,0.1751650165016502,0.1741749174917492,0.16266501650165016
206,206.0,206.7,0.16167491749174917,0.16365511551155115,0.16266501650165016,0.1751650165016502,0.1741749174917492,0.16266501650165016
207,207.0,207.7,0.16167491749174917,0.16266501650165016,0.16266501650165016,0.1751650165016502,0.1751650165016502,0.16266501650165016
208,208.0,208.7,0.15790507622190791,0.1588951752318089,0.1842920006286343,0.17000628634292,0.17000628634292,0.1588951752318089
209,209.0,209.7,0.15611936193619363,0.15710946094609463,0.18072057205720574,0.18072057205720574,0.16822057205720573,0.15710946094609463
210,210.0,210.7,0.15473047304730475,0.15572057205720574,0.17794279427942797,0.17794279427942797,0.16683168316831684,0.16683168316831684
211,211.0,211.7,0.15361936193619363,0.1646094609460946,0.17572057205720573,0.17572057205720573,0.16572057205720575,0.1646094609460946
212,212.0,212.7,0.1537777777777778,0.16477777777777777,0.1758888888888889,0.1758888888888889,0.16388888888888892,0.16577777777777777
213,213.0,213.7,0.1537777777777778,0.16477777777777777,0.1758888888888889,0.1758888888888889,0.16388888888888892,0.16577777777777777
214,214.0,214.7,0.1537777777777778,0.16477777777777777,0.1758888888888889,0.1758888888888889,0.16388888888888892,0.16577777777777777
215,215.0,215.7,0.1537777777777778,0.16477777777777777,0.1758888888888889,0.1758888888888889,0.16388888888888892,0.16577777777777777
216,216.0,216.7,0.1537777777777778,0.16477777777777777,0.1758888888888889,0.1758888888888889,0.16388888888888892,0.16577777777777777
217,217.0,217.7,0.1537777777777778,0.16477777777777777,0.1758888888888889,0.1758888888888889,0.16388888888888892,0.16577777777777777
218,218.0,218.7,0.15457142857142858,0.16557142857142856,0.19414285714285714,0.16557142857142856,0.15357142857142858,0.16657142857142856
219,219.0,219.7,0.1550662739322533,0.1671281296023564,0.1936377025036819,0.16506627393225332,0.15300441826215022,0.16609720176730486
220,220.0,220.7,0.15489795918367347,0.16693877551020408,0.19448979591836732,0.16489795918367345,0.15285714285714286,0.16591836734693877
221,221.0,221.7,0.15473304473304475,0.16776334776334775,0.19431457431457427,0.16473304473304473,0.15271284271284272,0.16574314574314572
222,222.0,222.7,0.15294733044733047,0.16597763347763347,0.2032431457431457,0.16294733044733045,0.15092712842712844,0.16395743145743144
223,223.0,223.7,0.15294733044733047,0.16597763347763347,0.2032431457431457,0.16294733044733045,0.15092712842712844,0.16395743145743144
224,224.0,224.7,0.15294733044733047,0.16597763347763347,0.2032431457431457,0.16294733044733045,0.15092712842712844,0.16395743145743144
225,225.0,225.7,0.16266955266955269,0.1645887445887446,0.19907647907647905,0.16155844155844157,0.14953823953823955,0.16256854256854256
226,226.0,226.7,0.1637806637806638,0.16681096681096683,0.19018759018759018,0.15266955266955268,0.15064935064935064,0.1759018759018759
227,227.0,227.7,0.1619949494949495,0.16502525252525252,0.18661616161616162,0.1633838383838384,0.14886363636363636,0.1741161616161616
228,228.0,228.7,0.1582251082251082,0.16125541125541126,0.18246753246753247,0.17150072150072151,0.1450937950937951,0.18145743145743146
229,229.0,229.7,0.1692171717171717,0.17363636363636364,0.17984848484848487,0.1770959595959596,0.1435858585858586,0.15661616161616163
230,230.0,230.7,0.1692171717171717,0.17363636363636364,0.17984848484848487,0.1770959595959596,0.1435858585858586,0.15661616161616163
231,231.0,231.7,0.1769949494949495,0.17252525252525253,0.18651515151515152,0.1659848484848485,0.14247474747474748,0.15550505050505053
232,232.0,232.7,0.1769949494949495,0.17252525252525253,0.18651515151515152,0.1659848484848485,0.14247474747474748,0.15550505050505053
233,233.0,233.7,0.17629725085910655,0.17292096219931272,0.18792096219931273,0.16629725085910654,0.14173539518900344,0.1548281786941581
234,234.0,234.7,0.17629725085910655,0.17292096219931272,0.18792096219931273,0.16629725085910654,0.14173539518900344,0.1548281786941581
235,235.0,235.7,0.18266088722274293,0.17304279912527337,0.18416276163698847,0.1653881599500156,0.14082630427991255,0.1539190877850672
236,236.0,236.7,0.1815940012368584,0.17192331478045766,0.1822665429808287,0.16341218305504018,0.1397804576376005,0.16102350030921458
237,237.0,237.7,0.18143939393939396,0.18522727272727274,0.18207070707070708,0.15075757575757578,0.13964646464646466,0.16085858585858587
238,238.0,238.7,0.1750757575757576,0.18613636363636366,0.17479797979797979,0.16166666666666668,0.14055555555555557,0.16176767676767678
239,239.0,239.7,0.1750757575757576,0.18613636363636366,0.16570707070707072,0.16166666666666668,0.14964646464646467,0.16176767676767678
240,240.0,240.7,0.1750757575757576,0.18613636363636366,0.16570707070707072,0.16166666666666668,0.14964646464646467,0.16176767676767678
241,241.0,241.7,0.17431818181818184,0.1853787878787879,0.1641919191919192,0.1684848484848485,0.14813131313131314,0.15949494949494952
242,242.0,242.7,0.17431818181818184,0.1853787878787879,0.1641919191919192,0.1684848484848485,0.14813131313131314,0.15949494949494952
243,243.0,243.7,0.17431818181818184,0.1853787878787879,0.1641919191919192,0.1684848484848485,0.14813131313131314,0.15949494949494952
244,244.0,244.7,0.16654040404040407,0.186489898989899,0.1664141414141414,0.17070707070707072,0.14924242424242423,0.1606060606060606
245,245.0,245.7,0.16383176347462064,0.18291339612768184,0.17079801151229723,0.17671637885923602,0.14800366300366302,0.15773678702250132
246,246.0,246.7,0.17055504019789733,0.18859771181199753,0.16733147804576376,0.17234075448361164,0.14599567099567098,0.15517934446505874
247,247.0,247.7,0.17007884972170687,0.19431199752628323,0.16590290661719234,0.17091218305504022,0.14504329004329003,0.15375077303648732
248,248.0,248.7,0.17007884972170687,0.19431199752628323,0.16590290661719234,0.17091218305504022,0.14504329004329003,0.15375077303648732
249,249.0,249.7,0.17039772727272728,0.1947159090909091,0.1663068181818182,0.1712310606060606,0.14429924242424244,0.15304924242424242
250,250.0,250.7,0.17023664479850048,0.1945118712902218,0.1661027803811309,0.17210090596688538,0.14415963761324585,0.15288815995001562
251,251.0,251.7,0.17007884972170687,0.19431199752628323,0.16590290661719234,0.1719325912183055,0.14402288188002474,0.15375077303648732
252,252.0,252.7,0.17007884972170687,0.19431199752628323,0.16590290661719234,0.1719325912183055,0.14402288188002474,0.15375077303648732
253,253.0,253.7,0.15289682539682542,0.19735260770975058,0.15883219954648525,0.18910430839002268,0.14604308390022674,0.15577097505668935
254,254.0,254.7,0.15376262626262627,0.19714646464646465,0.15863636363636363,0.18893939393939393,0.14590909090909093,0.1556060606060606
255,255.0,255.7,0.16265151515151516,0.19603535353535356,0.15752525252525254,0.1844949494949495,0.1447979797979798,0.15449494949494952
256,256.0,256.7,0.1606818181818182,0.2040151515151515,0.1564242424242424,0.18069696969696972,0.14475757575757578,0.1534242424242424
257,257.0,257.7,0.1606818181818182,0.2040151515151515,0.1564242424242424,0.18069696969696972,0.14475757575757578,0.1534242424242424
258,258.0,258.7,0.1621999699969997,0.20048379837983799,0.14456945694569456,0.1938718871887189,0.14060906090609063,0.15826582658265825
259,259.0,259.7,0.16205436720142602,0.20028966131907308,0.14438502673796794,0.19371657754010696,0.14046345811051694,0.1590909090909091
260,260.0,260.7,0.16191159164460137,0.20009929390997355,0.14517505148573112,0.19356428361282732,0.1403206825536923,0.15892909679317446
261,261.0,261.7,0.16025641025641027,0.19839743589743591,0.1451923076923077,0.19871794871794873,0.13942307692307693,0.1580128205128205
262,262.0,262.7,0.16025641025641027,0.19839743589743591,0.1451923076923077,0.19871794871794873,0.13942307692307693,0.1580128205128205
263,263.0,263.7,0.16025641025641027,0.19839743589743591,0.1451923076923077,0.19871794871794873,0.13942307692307693,0.1580128205128205
264,264.0,264.7,0.159478021978022,0.19693223443223445,0.14435897435897438,0.196959706959707,0.13864468864468865,0.16362637362637364
265,265.0,265.7,0.15892857142857145,0.19583333333333336,0.14380952380952383,0.2019047619047619,0.1380952380952381,0.16142857142857142
266,266.0,266.7,0.1598809523809524,0.19583333333333336,0.14380952380952383,0.2019047619047619,0.1380952380952381,0.16047619047619047
267,267.0,267.7,0.15973719676549866,0.19565363881401618,0.1445642407906559,0.20175202156334232,0.13796046720575023,0.16033243486073673
268,268.0,268.7,0.15973719676549866,0.19565363881401618,0.1445642407906559,0.20175202156334232,0.13796046720575023,0.16033243486073673
269,269.0,269.7,0.15973719676549866,0.19565363881401618,0.1445642407906559,0.2026954177897574,0.13701707097933516,0.16033243486073673
270,270.0,270.7,0.1624532710280374,0.19879283489096572,0.1455607476635514,0.18848909657320873,0.1380841121495327,0.16661993769470407
271,271.0,271.7,0.16231481481481483,0.19861111111111113,0.14537037037037037,0.18833333333333335,0.13796296296296298,0.16740740740740742
272,272.0,272.7,0.160360717264387,0.19661453989435643,0.1442743953294412,0.1863705865999444,0.1460258548790659,0.16635390603280512
273,273.0,273.7,0.160360717264387,0.19661453989435643,0.1442743953294412,0.1863705865999444,0.1460258548790659,0.16635390603280512
274,274.0,274.7,0.15944328607172645,0.19753197108701698,0.1442743953294412,0.1863705865999444,0.1460258548790659,0.16635390603280512
275,275.0,275.7,0.1578030303030303,0.19583333333333336,0.14333333333333337,0.18484848484848487,0.15272727272727274,0.16545454545454547
276,276.0,276.7,0.1585810810810811,0.19565315315315318,0.1431531531531532,0.18468468468468469,0.1526126126126126,0.16531531531531532
277,277.0,277.7,0.15845238095238096,0.1954761904761905,0.14386904761904762,0.18452380952380953,0.1525,0.16517857142857142
278,278.0,278.7,0.1583259587020649,0.19530235988200592,0.1436873156342183,0.18525073746312687,0.15238938053097345,0.16504424778761062
279,279.0,279.7,0.1582017543859649,0.19513157894736843,0.1443859649122807,0.1850877192982456,0.15228070175438596,0.1649122807017544
280,280.0,280.7,0.1582017543859649,0.19513157894736843,0.1443859649122807,0.1850877192982456,0.15228070175438596,0.1649122807017544
281,281.0,281.7,0.1582017543859649,0.19513157894736843,0.1443859649122807,0.1850877192982456,0.15228070175438596,0.1649122807017544
282,282.0,282.7,0.1582017543859649,0.19513157894736843,0.1443859649122807,0.1850877192982456,0.15228070175438596,0.1649122807017544
283,283.0,283.7,0.1582017543859649,0.19513157894736843,0.1443859649122807,0.1850877192982456,0.15228070175438596,0.1649122807017544
284,284.0,284.7,0.16153508771929825,0.2017982456140351,0.14771929824561403,0.17175438596491227,0.15561403508771932,0.16157894736842104
285,285.0,285.7,0.16153508771929825,0.2017982456140351,0.14771929824561403,0.17175438596491227,0.15561403508771932,0.16157894736842104
286,286.0,286.7,0.16153508771929825,0.2017982456140351,0.14771929824561403,0.17175438596491227,0.15561403508771932,0.16157894736842104
287,287.0,287.7,0.16153508771929825,0.2017982456140351,0.14771929824561403,0.17175438596491227,0.15561403508771932,0.16157894736842104
288,288.0,288.7,0.16204545454545455,0.20249999999999999,0.1484848484848485,0.17242424242424242,0.15515151515151518,0.1593939393939394
289,289.0,289.7,0.15953346203346203,0.21422458172458173,0.1468082368082368,0.16987129987129987,0.15266409266409264,0.1568983268983269
290,290.0,290.7,0.15774774774774775,0.22315315315315315,0.1450225225225225,0.1680855855855856,0.15087837837837836,0.1551126126126126
291,291.0,291.7,0.15774774774774775,0.22315315315315315,0.1450225225225225,0.1680855855855856,0.15087837837837836,0.1551126126126126
292,292.0,292.7,0.15878787878787878,0.2233333333333333,0.1452272727272727,0.16734848484848486,0.1509848484848485,0.15431818181818183
293,293.0,293.7,0.15954954954954956,0.22315315315315315,0.1450225225225225,0.16718468468468467,0.15087837837837836,0.15421171171171172
294,294.0,294.7,0.15954954954954956,0.22315315315315315,0.1450225225225225,0.16718468468468467,0.15087837837837836,0.15421171171171172
295,295.0,295.7,0.15954954954954956,0.22315315315315315,0.1450225225225225,0.16718468468468467,0.15087837837837836,0.15421171171171172
296,296.0,296.7,0.15954954954954956,0.22315315315315315,0.1450225225225225,0.16718468468468467,0.15087837837837836,0.15421171171171172
