Total_iterations,Unnamed: 0.1,Intertwine_two,Add_vertex,Delete_vertex,Invert_path_vertices,Insert_inside_vertex,Delete_inside_vertex
0,0.0,0.1666666666666666,0.1666666666666666,0.1666666666666666,0.1666666666666666,0.1666666666666666,0.1666666666666666
1,1.0,0.1666666666666666,0.1666666666666666,0.1666666666666666,0.1666666666666666,0.1666666666666666,0.1666666666666666
2,2.0,0.1666666666666666,0.1666666666666666,0.1666666666666666,0.1666666666666666,0.1666666666666666,0.1666666666666666
3,3.0,0.1666666666666666,0.1666666666666666,0.1666666666666666,0.1666666666666666,0.1666666666666666,0.1666666666666666
4,4.0,0.1666666666666666,0.1666666666666666,0.1666666666666666,0.1666666666666666,0.1666666666666666,0.1666666666666666
5,5.0,0.1666666666666666,0.1666666666666666,0.1666666666666666,0.1666666666666666,0.1666666666666666,0.1666666666666666
6,6.0,0.1666666666666666,0.1666666666666666,0.1666666666666666,0.1666666666666666,0.1666666666666666,0.1666666666666666
7,7.0,0.1666666666666666,0.1666666666666666,0.1666666666666666,0.1666666666666666,0.1666666666666666,0.1666666666666666
8,8.0,0.1666666666666666,0.1666666666666666,0.1666666666666666,0.1666666666666666,0.1666666666666666,0.1666666666666666
9,9.0,0.1666666666666666,0.1666666666666666,0.1666666666666666,0.1666666666666666,0.1666666666666666,0.1666666666666666
10,10.0,0.1666666666666666,0.1666666666666666,0.1666666666666666,0.1666666666666666,0.1666666666666666,0.1666666666666666
11,11.0,0.1666666666666666,0.1666666666666666,0.1666666666666666,0.1666666666666666,0.1666666666666666,0.1666666666666666
12,12.0,0.1666666666666666,0.1666666666666666,0.1666666666666666,0.1666666666666666,0.1666666666666666,0.1666666666666666
13,13.0,0.1666666666666666,0.1666666666666666,0.1666666666666666,0.1666666666666666,0.1666666666666666,0.1666666666666666
14,14.0,0.1666666666666666,0.1666666666666666,0.1666666666666666,0.1666666666666666,0.1666666666666666,0.1666666666666666
15,15.0,0.1666666666666666,0.1666666666666666,0.1666666666666666,0.1666666666666666,0.1666666666666666,0.1666666666666666
16,16.0,0.1666666666666666,0.1666666666666666,0.1666666666666666,0.1666666666666666,0.1666666666666666,0.1666666666666666
17,17.0,0.1666666666666666,0.1666666666666666,0.1666666666666666,0.1666666666666666,0.1666666666666666,0.1666666666666666
18,18.0,0.1666666666666666,0.1666666666666666,0.1666666666666666,0.1666666666666666,0.1666666666666666,0.1666666666666666
19,19.0,0.1666666666666666,0.1666666666666666,0.1666666666666666,0.1666666666666666,0.1666666666666666,0.1666666666666666
20,20.0,0.1666666666666666,0.1666666666666666,0.1666666666666666,0.1666666666666666,0.1666666666666666,0.1666666666666666
21,21.0,0.1666666666666666,0.1666666666666666,0.1666666666666666,0.1666666666666666,0.1666666666666666,0.1666666666666666
22,22.0,0.1666666666666666,0.1666666666666666,0.1666666666666666,0.1666666666666666,0.1666666666666666,0.1666666666666666
23,23.0,0.1666666666666666,0.1666666666666666,0.1666666666666666,0.1666666666666666,0.1666666666666666,0.1666666666666666
24,24.0,0.1666666666666666,0.1666666666666666,0.1666666666666666,0.1666666666666666,0.1666666666666666,0.1666666666666666
25,25.0,0.1666666666666666,0.1666666666666666,0.1666666666666666,0.1666666666666666,0.1666666666666666,0.1666666666666666
26,26.0,0.1666666666666666,0.1666666666666666,0.1666666666666666,0.1666666666666666,0.1666666666666666,0.1666666666666666
27,27.0,0.1666666666666666,0.1666666666666666,0.1666666666666666,0.1666666666666666,0.1666666666666666,0.1666666666666666
28,28.0,0.1666666666666666,0.1666666666666666,0.1666666666666666,0.1666666666666666,0.1666666666666666,0.1666666666666666
29,29.0,0.1666666666666666,0.1666666666666666,0.1666666666666666,0.1666666666666666,0.1666666666666666,0.1666666666666666
30,30.0,0.1666666666666666,0.1666666666666666,0.1666666666666666,0.1666666666666666,0.1666666666666666,0.1666666666666666
31,31.0,0.1666666666666666,0.1666666666666666,0.1666666666666666,0.1666666666666666,0.1666666666666666,0.1666666666666666
32,32.0,0.1666666666666666,0.1666666666666666,0.1666666666666666,0.1666666666666666,0.1666666666666666,0.1666666666666666
33,33.0,0.1666666666666666,0.1666666666666666,0.1666666666666666,0.1666666666666666,0.1666666666666666,0.1666666666666666
34,34.0,0.1666666666666666,0.1666666666666666,0.1666666666666666,0.1666666666666666,0.1666666666666666,0.1666666666666666
35,35.0,0.1666666666666666,0.1666666666666666,0.1666666666666666,0.1666666666666666,0.1666666666666666,0.1666666666666666
36,36.0,0.1666666666666666,0.1666666666666666,0.1666666666666666,0.1666666666666666,0.1666666666666666,0.1666666666666666
37,37.0,0.1666666666666666,0.1666666666666666,0.1666666666666666,0.1666666666666666,0.1666666666666666,0.1666666666666666
38,38.0,0.1666666666666666,0.1666666666666666,0.1666666666666666,0.1666666666666666,0.1666666666666666,0.1666666666666666
39,39.0,0.1666666666666666,0.1666666666666666,0.1666666666666666,0.1666666666666666,0.1666666666666666,0.1666666666666666
40,40.0,0.1666666666666666,0.1666666666666666,0.1666666666666666,0.1666666666666666,0.1666666666666666,0.1666666666666666
41,41.0,0.1666666666666666,0.1666666666666666,0.1666666666666666,0.1666666666666666,0.1666666666666666,0.1666666666666666
42,42.0,0.1666666666666666,0.1666666666666666,0.1666666666666666,0.1666666666666666,0.1666666666666666,0.1666666666666666
43,43.0,0.1666666666666666,0.1666666666666666,0.1666666666666666,0.1666666666666666,0.1666666666666666,0.1666666666666666
44,44.0,0.1666666666666666,0.1666666666666666,0.1666666666666666,0.1666666666666666,0.1666666666666666,0.1666666666666666
45,45.0,0.1666666666666666,0.1666666666666666,0.1666666666666666,0.1666666666666666,0.1666666666666666,0.1666666666666666
46,46.0,0.1666666666666666,0.1666666666666666,0.1666666666666666,0.1666666666666666,0.1666666666666666,0.1666666666666666
47,47.0,0.1666666666666666,0.1666666666666666,0.1666666666666666,0.1666666666666666,0.1666666666666666,0.1666666666666666
48,48.0,0.1666666666666666,0.1666666666666666,0.1666666666666666,0.1666666666666666,0.1666666666666666,0.1666666666666666
49,49.0,0.1666666666666666,0.1666666666666666,0.1666666666666666,0.1666666666666666,0.1666666666666666,0.1666666666666666
50,50.0,0.1666666666666666,0.1666666666666666,0.1666666666666666,0.1666666666666666,0.1666666666666666,0.1666666666666666
51,51.0,0.1666666666666666,0.1666666666666666,0.1666666666666666,0.1666666666666666,0.1666666666666666,0.1666666666666666
52,52.0,0.1666666666666666,0.1666666666666666,0.1666666666666666,0.1666666666666666,0.1666666666666666,0.1666666666666666
53,53.0,0.1666666666666666,0.1666666666666666,0.1666666666666666,0.1666666666666666,0.1666666666666666,0.1666666666666666
54,54.0,0.1666666666666666,0.1666666666666666,0.1666666666666666,0.1666666666666666,0.1666666666666666,0.1666666666666666
55,55.0,0.1666666666666666,0.1666666666666666,0.1666666666666666,0.1666666666666666,0.1666666666666666,0.1666666666666666
56,56.0,0.1666666666666666,0.1666666666666666,0.1666666666666666,0.1666666666666666,0.1666666666666666,0.1666666666666666
57,57.0,0.1666666666666666,0.1666666666666666,0.1666666666666666,0.1666666666666666,0.1666666666666666,0.1666666666666666
58,58.0,0.1666666666666666,0.1666666666666666,0.1666666666666666,0.1666666666666666,0.1666666666666666,0.1666666666666666
59,59.0,0.1666666666666666,0.1666666666666666,0.1666666666666666,0.1666666666666666,0.1666666666666666,0.1666666666666666
60,60.0,0.1666666666666666,0.1666666666666666,0.1666666666666666,0.1666666666666666,0.1666666666666666,0.1666666666666666
61,61.0,0.1666666666666666,0.1666666666666666,0.1666666666666666,0.1666666666666666,0.1666666666666666,0.1666666666666666
62,62.0,0.1666666666666666,0.1666666666666666,0.1666666666666666,0.1666666666666666,0.1666666666666666,0.1666666666666666
63,63.0,0.1666666666666666,0.1666666666666666,0.1666666666666666,0.1666666666666666,0.1666666666666666,0.1666666666666666
64,64.0,0.1666666666666666,0.1666666666666666,0.1666666666666666,0.1666666666666666,0.1666666666666666,0.1666666666666666
65,65.0,0.1666666666666666,0.1666666666666666,0.1666666666666666,0.1666666666666666,0.1666666666666666,0.1666666666666666
66,66.0,0.1666666666666666,0.1666666666666666,0.1666666666666666,0.1666666666666666,0.1666666666666666,0.1666666666666666
67,67.0,0.1666666666666666,0.1666666666666666,0.1666666666666666,0.1666666666666666,0.1666666666666666,0.1666666666666666
68,68.0,0.1666666666666666,0.1666666666666666,0.1666666666666666,0.1666666666666666,0.1666666666666666,0.1666666666666666
69,69.0,0.1666666666666666,0.1666666666666666,0.1666666666666666,0.1666666666666666,0.1666666666666666,0.1666666666666666
70,70.0,0.1666666666666666,0.1666666666666666,0.1666666666666666,0.1666666666666666,0.1666666666666666,0.1666666666666666
71,71.0,0.1666666666666666,0.1666666666666666,0.1666666666666666,0.1666666666666666,0.1666666666666666,0.1666666666666666
72,72.0,0.1666666666666666,0.1666666666666666,0.1666666666666666,0.1666666666666666,0.1666666666666666,0.1666666666666666
73,73.0,0.1666666666666666,0.1666666666666666,0.1666666666666666,0.1666666666666666,0.1666666666666666,0.1666666666666666
74,74.0,0.1666666666666666,0.1666666666666666,0.1666666666666666,0.1666666666666666,0.1666666666666666,0.1666666666666666
75,75.0,0.1666666666666666,0.1666666666666666,0.1666666666666666,0.1666666666666666,0.1666666666666666,0.1666666666666666
76,76.0,0.1666666666666666,0.1666666666666666,0.1666666666666666,0.1666666666666666,0.1666666666666666,0.1666666666666666
77,77.0,0.1666666666666666,0.1666666666666666,0.1666666666666666,0.1666666666666666,0.1666666666666666,0.1666666666666666
78,78.0,0.1666666666666666,0.1666666666666666,0.1666666666666666,0.1666666666666666,0.1666666666666666,0.1666666666666666
79,79.0,0.1666666666666666,0.1666666666666666,0.1666666666666666,0.1666666666666666,0.1666666666666666,0.1666666666666666
80,80.0,0.1666666666666666,0.1666666666666666,0.1666666666666666,0.1666666666666666,0.1666666666666666,0.1666666666666666
81,81.0,0.1666666666666666,0.1666666666666666,0.1666666666666666,0.1666666666666666,0.1666666666666666,0.1666666666666666
82,82.0,0.1666666666666666,0.1666666666666666,0.1666666666666666,0.1666666666666666,0.1666666666666666,0.1666666666666666
83,83.0,0.1666666666666666,0.1666666666666666,0.1666666666666666,0.1666666666666666,0.1666666666666666,0.1666666666666666
84,84.0,0.1666666666666666,0.1666666666666666,0.1666666666666666,0.1666666666666666,0.1666666666666666,0.1666666666666666
85,85.0,0.1666666666666666,0.1666666666666666,0.1666666666666666,0.1666666666666666,0.1666666666666666,0.1666666666666666
86,86.0,0.1666666666666666,0.1666666666666666,0.1666666666666666,0.1666666666666666,0.1666666666666666,0.1666666666666666
87,87.0,0.1666666666666666,0.1666666666666666,0.1666666666666666,0.1666666666666666,0.1666666666666666,0.1666666666666666
88,88.0,0.1666666666666666,0.1666666666666666,0.1666666666666666,0.1666666666666666,0.1666666666666666,0.1666666666666666
89,89.0,0.1666666666666666,0.1666666666666666,0.1666666666666666,0.1666666666666666,0.1666666666666666,0.1666666666666666
90,90.0,0.1666666666666666,0.1666666666666666,0.1666666666666666,0.1666666666666666,0.1666666666666666,0.1666666666666666
91,91.0,0.1666666666666666,0.1666666666666666,0.1666666666666666,0.1666666666666666,0.1666666666666666,0.1666666666666666
92,92.0,0.1666666666666666,0.1666666666666666,0.1666666666666666,0.1666666666666666,0.1666666666666666,0.1666666666666666
93,93.0,0.1666666666666666,0.1666666666666666,0.1666666666666666,0.1666666666666666,0.1666666666666666,0.1666666666666666
94,94.0,0.1666666666666666,0.1666666666666666,0.1666666666666666,0.1666666666666666,0.1666666666666666,0.1666666666666666
95,95.0,0.1666666666666666,0.1666666666666666,0.1666666666666666,0.1666666666666666,0.1666666666666666,0.1666666666666666
96,96.0,0.1666666666666666,0.1666666666666666,0.1666666666666666,0.1666666666666666,0.1666666666666666,0.1666666666666666
97,97.0,0.1666666666666666,0.1666666666666666,0.1666666666666666,0.1666666666666666,0.1666666666666666,0.1666666666666666
98,98.0,0.1666666666666666,0.1666666666666666,0.1666666666666666,0.1666666666666666,0.1666666666666666,0.1666666666666666
99,99.0,0.1666666666666666,0.1666666666666666,0.1666666666666666,0.1666666666666666,0.1666666666666666,0.1666666666666666
100,100.0,0.1666666666666666,0.1666666666666666,0.1666666666666666,0.1666666666666666,0.1666666666666666,0.1666666666666666
101,101.0,0.1666666666666666,0.1666666666666666,0.1666666666666666,0.1666666666666666,0.1666666666666666,0.1666666666666666
102,102.0,0.1666666666666666,0.1666666666666666,0.1666666666666666,0.1666666666666666,0.1666666666666666,0.1666666666666666
103,103.0,0.1666666666666666,0.1666666666666666,0.1666666666666666,0.1666666666666666,0.1666666666666666,0.1666666666666666
104,104.0,0.1666666666666666,0.1666666666666666,0.1666666666666666,0.1666666666666666,0.1666666666666666,0.1666666666666666
105,105.0,0.1666666666666666,0.1666666666666666,0.1666666666666666,0.1666666666666666,0.1666666666666666,0.1666666666666666
106,106.0,0.1666666666666666,0.1666666666666666,0.1666666666666666,0.1666666666666666,0.1666666666666666,0.1666666666666666
107,107.0,0.1666666666666666,0.1666666666666666,0.1666666666666666,0.1666666666666666,0.1666666666666666,0.1666666666666666
108,108.0,0.1666666666666666,0.1666666666666666,0.1666666666666666,0.1666666666666666,0.1666666666666666,0.1666666666666666
109,109.0,0.1666666666666666,0.1666666666666666,0.1666666666666666,0.1666666666666666,0.1666666666666666,0.1666666666666666
110,110.0,0.1666666666666666,0.1666666666666666,0.1666666666666666,0.1666666666666666,0.1666666666666666,0.1666666666666666
111,111.0,0.1666666666666666,0.1666666666666666,0.1666666666666666,0.1666666666666666,0.1666666666666666,0.1666666666666666
112,112.0,0.1666666666666666,0.1666666666666666,0.1666666666666666,0.1666666666666666,0.1666666666666666,0.1666666666666666
113,113.0,0.1666666666666666,0.1666666666666666,0.1666666666666666,0.1666666666666666,0.1666666666666666,0.1666666666666666
114,114.0,0.1666666666666666,0.1666666666666666,0.1666666666666666,0.1666666666666666,0.1666666666666666,0.1666666666666666
115,115.0,0.1666666666666666,0.1666666666666666,0.1666666666666666,0.1666666666666666,0.1666666666666666,0.1666666666666666
116,116.0,0.1666666666666666,0.1666666666666666,0.1666666666666666,0.1666666666666666,0.1666666666666666,0.1666666666666666
117,117.0,0.1666666666666666,0.1666666666666666,0.1666666666666666,0.1666666666666666,0.1666666666666666,0.1666666666666666
118,118.0,0.1666666666666666,0.1666666666666666,0.1666666666666666,0.1666666666666666,0.1666666666666666,0.1666666666666666
119,119.0,0.1666666666666666,0.1666666666666666,0.1666666666666666,0.1666666666666666,0.1666666666666666,0.1666666666666666
120,120.0,0.1666666666666666,0.1666666666666666,0.1666666666666666,0.1666666666666666,0.1666666666666666,0.1666666666666666
121,121.0,0.1666666666666666,0.1666666666666666,0.1666666666666666,0.1666666666666666,0.1666666666666666,0.1666666666666666
122,122.0,0.1666666666666666,0.1666666666666666,0.1666666666666666,0.1666666666666666,0.1666666666666666,0.1666666666666666
123,123.0,0.1666666666666666,0.1666666666666666,0.1666666666666666,0.1666666666666666,0.1666666666666666,0.1666666666666666
124,124.0,0.1666666666666666,0.1666666666666666,0.1666666666666666,0.1666666666666666,0.1666666666666666,0.1666666666666666
125,125.0,0.1666666666666666,0.1666666666666666,0.1666666666666666,0.1666666666666666,0.1666666666666666,0.1666666666666666
126,126.0,0.1666666666666666,0.1666666666666666,0.1666666666666666,0.1666666666666666,0.1666666666666666,0.1666666666666666
127,127.0,0.1666666666666666,0.1666666666666666,0.1666666666666666,0.1666666666666666,0.1666666666666666,0.1666666666666666
128,128.0,0.1666666666666666,0.1666666666666666,0.1666666666666666,0.1666666666666666,0.1666666666666666,0.1666666666666666
129,129.0,0.1666666666666666,0.1666666666666666,0.1666666666666666,0.1666666666666666,0.1666666666666666,0.1666666666666666
130,130.0,0.1666666666666666,0.1666666666666666,0.1666666666666666,0.1666666666666666,0.1666666666666666,0.1666666666666666
131,131.0,0.1666666666666666,0.1666666666666666,0.1666666666666666,0.1666666666666666,0.1666666666666666,0.1666666666666666
132,132.0,0.1666666666666666,0.1666666666666666,0.1666666666666666,0.1666666666666666,0.1666666666666666,0.1666666666666666
133,133.0,0.1666666666666666,0.1666666666666666,0.1666666666666666,0.1666666666666666,0.1666666666666666,0.1666666666666666
134,134.0,0.1666666666666666,0.1666666666666666,0.1666666666666666,0.1666666666666666,0.1666666666666666,0.1666666666666666
135,135.0,0.1666666666666666,0.1666666666666666,0.1666666666666666,0.1666666666666666,0.1666666666666666,0.1666666666666666
136,136.0,0.1666666666666666,0.1666666666666666,0.1666666666666666,0.1666666666666666,0.1666666666666666,0.1666666666666666
137,137.0,0.1666666666666666,0.1666666666666666,0.1666666666666666,0.1666666666666666,0.1666666666666666,0.1666666666666666
138,138.0,0.1666666666666666,0.1666666666666666,0.1666666666666666,0.1666666666666666,0.1666666666666666,0.1666666666666666
139,139.0,0.1666666666666666,0.1666666666666666,0.1666666666666666,0.1666666666666666,0.1666666666666666,0.1666666666666666
140,140.0,0.1666666666666666,0.1666666666666666,0.1666666666666666,0.1666666666666666,0.1666666666666666,0.1666666666666666
141,141.0,0.1666666666666666,0.1666666666666666,0.1666666666666666,0.1666666666666666,0.1666666666666666,0.1666666666666666
142,142.0,0.1666666666666666,0.1666666666666666,0.1666666666666666,0.1666666666666666,0.1666666666666666,0.1666666666666666
143,143.0,0.1666666666666666,0.1666666666666666,0.1666666666666666,0.1666666666666666,0.1666666666666666,0.1666666666666666
144,144.0,0.1666666666666666,0.1666666666666666,0.1666666666666666,0.1666666666666666,0.1666666666666666,0.1666666666666666
145,145.0,0.1666666666666666,0.1666666666666666,0.1666666666666666,0.1666666666666666,0.1666666666666666,0.1666666666666666
146,146.0,0.1666666666666666,0.1666666666666666,0.1666666666666666,0.1666666666666666,0.1666666666666666,0.1666666666666666
147,147.0,0.1666666666666666,0.1666666666666666,0.1666666666666666,0.1666666666666666,0.1666666666666666,0.1666666666666666
148,148.0,0.1666666666666666,0.1666666666666666,0.1666666666666666,0.1666666666666666,0.1666666666666666,0.1666666666666666
149,149.0,0.1666666666666666,0.1666666666666666,0.1666666666666666,0.1666666666666666,0.1666666666666666,0.1666666666666666
150,150.0,0.1666666666666666,0.1666666666666666,0.1666666666666666,0.1666666666666666,0.1666666666666666,0.1666666666666666
151,151.0,0.1666666666666666,0.1666666666666666,0.1666666666666666,0.1666666666666666,0.1666666666666666,0.1666666666666666
152,152.0,0.1666666666666666,0.1666666666666666,0.1666666666666666,0.1666666666666666,0.1666666666666666,0.1666666666666666
153,153.0,0.1666666666666666,0.1666666666666666,0.1666666666666666,0.1666666666666666,0.1666666666666666,0.1666666666666666
154,154.0,0.1666666666666666,0.1666666666666666,0.1666666666666666,0.1666666666666666,0.1666666666666666,0.1666666666666666
155,155.0,0.1666666666666666,0.1666666666666666,0.1666666666666666,0.1666666666666666,0.1666666666666666,0.1666666666666666
156,156.0,0.1666666666666666,0.1666666666666666,0.1666666666666666,0.1666666666666666,0.1666666666666666,0.1666666666666666
157,157.0,0.1666666666666666,0.1666666666666666,0.1666666666666666,0.1666666666666666,0.1666666666666666,0.1666666666666666
158,158.0,0.1666666666666666,0.1666666666666666,0.1666666666666666,0.1666666666666666,0.1666666666666666,0.1666666666666666
159,159.0,0.1666666666666666,0.1666666666666666,0.1666666666666666,0.1666666666666666,0.1666666666666666,0.1666666666666666
160,160.0,0.1666666666666666,0.1666666666666666,0.1666666666666666,0.1666666666666666,0.1666666666666666,0.1666666666666666
161,161.0,0.1666666666666666,0.1666666666666666,0.1666666666666666,0.1666666666666666,0.1666666666666666,0.1666666666666666
162,162.0,0.1666666666666666,0.1666666666666666,0.1666666666666666,0.1666666666666666,0.1666666666666666,0.1666666666666666
163,163.0,0.1666666666666666,0.1666666666666666,0.1666666666666666,0.1666666666666666,0.1666666666666666,0.1666666666666666
164,164.0,0.1666666666666666,0.1666666666666666,0.1666666666666666,0.1666666666666666,0.1666666666666666,0.1666666666666666
165,165.0,0.1666666666666666,0.1666666666666666,0.1666666666666666,0.1666666666666666,0.1666666666666666,0.1666666666666666
166,166.0,0.1666666666666666,0.1666666666666666,0.1666666666666666,0.1666666666666666,0.1666666666666666,0.1666666666666666
167,167.0,0.1666666666666666,0.1666666666666666,0.1666666666666666,0.1666666666666666,0.1666666666666666,0.1666666666666666
168,168.0,0.1666666666666666,0.1666666666666666,0.1666666666666666,0.1666666666666666,0.1666666666666666,0.1666666666666666
169,169.0,0.1666666666666666,0.1666666666666666,0.1666666666666666,0.1666666666666666,0.1666666666666666,0.1666666666666666
170,170.0,0.1666666666666666,0.1666666666666666,0.1666666666666666,0.1666666666666666,0.1666666666666666,0.1666666666666666
171,171.0,0.1666666666666666,0.1666666666666666,0.1666666666666666,0.1666666666666666,0.1666666666666666,0.1666666666666666
172,172.0,0.1666666666666666,0.1666666666666666,0.1666666666666666,0.1666666666666666,0.1666666666666666,0.1666666666666666
173,173.0,0.1666666666666666,0.1666666666666666,0.1666666666666666,0.1666666666666666,0.1666666666666666,0.1666666666666666
174,174.0,0.1666666666666666,0.1666666666666666,0.1666666666666666,0.1666666666666666,0.1666666666666666,0.1666666666666666
175,175.0,0.1666666666666666,0.1666666666666666,0.1666666666666666,0.1666666666666666,0.1666666666666666,0.1666666666666666
176,176.0,0.1666666666666666,0.1666666666666666,0.1666666666666666,0.1666666666666666,0.1666666666666666,0.1666666666666666
177,177.0,0.1666666666666666,0.1666666666666666,0.1666666666666666,0.1666666666666666,0.1666666666666666,0.1666666666666666
178,178.0,0.1666666666666666,0.1666666666666666,0.1666666666666666,0.1666666666666666,0.1666666666666666,0.1666666666666666
179,179.0,0.1666666666666666,0.1666666666666666,0.1666666666666666,0.1666666666666666,0.1666666666666666,0.1666666666666666
180,180.0,0.1666666666666666,0.1666666666666666,0.1666666666666666,0.1666666666666666,0.1666666666666666,0.1666666666666666
181,181.0,0.1666666666666666,0.1666666666666666,0.1666666666666666,0.1666666666666666,0.1666666666666666,0.1666666666666666
182,182.0,0.1666666666666666,0.1666666666666666,0.1666666666666666,0.1666666666666666,0.1666666666666666,0.1666666666666666
183,183.0,0.1666666666666666,0.1666666666666666,0.1666666666666666,0.1666666666666666,0.1666666666666666,0.1666666666666666
184,184.0,0.1666666666666666,0.1666666666666666,0.1666666666666666,0.1666666666666666,0.1666666666666666,0.1666666666666666
185,185.0,0.1666666666666666,0.1666666666666666,0.1666666666666666,0.1666666666666666,0.1666666666666666,0.1666666666666666
186,186.0,0.1666666666666666,0.1666666666666666,0.1666666666666666,0.1666666666666666,0.1666666666666666,0.1666666666666666
187,187.0,0.1666666666666666,0.1666666666666666,0.1666666666666666,0.1666666666666666,0.1666666666666666,0.1666666666666666
188,188.0,0.1666666666666666,0.1666666666666666,0.1666666666666666,0.1666666666666666,0.1666666666666666,0.1666666666666666
189,189.0,0.1666666666666666,0.1666666666666666,0.1666666666666666,0.1666666666666666,0.1666666666666666,0.1666666666666666
190,190.0,0.1666666666666666,0.1666666666666666,0.1666666666666666,0.1666666666666666,0.1666666666666666,0.1666666666666666
191,191.0,0.1666666666666666,0.1666666666666666,0.1666666666666666,0.1666666666666666,0.1666666666666666,0.1666666666666666
192,192.0,0.1666666666666666,0.1666666666666666,0.1666666666666666,0.1666666666666666,0.1666666666666666,0.1666666666666666
193,193.0,0.1666666666666666,0.1666666666666666,0.1666666666666666,0.1666666666666666,0.1666666666666666,0.1666666666666666
194,194.0,0.1666666666666666,0.1666666666666666,0.1666666666666666,0.1666666666666666,0.1666666666666666,0.1666666666666666
195,195.0,0.1666666666666666,0.1666666666666666,0.1666666666666666,0.1666666666666666,0.1666666666666666,0.1666666666666666
196,196.0,0.1666666666666666,0.1666666666666666,0.1666666666666666,0.1666666666666666,0.1666666666666666,0.1666666666666666
197,197.0,0.1666666666666666,0.1666666666666666,0.1666666666666666,0.1666666666666666,0.1666666666666666,0.1666666666666666
198,198.0,0.1666666666666666,0.1666666666666666,0.1666666666666666,0.1666666666666666,0.1666666666666666,0.1666666666666666
199,199.0,0.1666666666666666,0.1666666666666666,0.1666666666666666,0.1666666666666666,0.1666666666666666,0.1666666666666666
200,200.0,0.1664285714285714,0.1664285714285714,0.1664285714285714,0.1664285714285714,0.1678571428571428,0.1664285714285714
201,201.0,0.1661928571428572,0.1661928571428572,0.1661928571428572,0.1661928571428572,0.1690357142857143,0.1661928571428572
202,202.0,0.1659616428571429,0.1659616428571429,0.1659616428571429,0.1659616428571429,0.1701917857142857,0.1659616428571429
203,203.0,0.1657367907142858,0.1657367907142858,0.1657367907142858,0.1657367907142858,0.1713160464285714,0.1657367907142858
204,204.0,0.1655199130214286,0.1655199130214286,0.1655199130214286,0.16694848445,0.1709718634642857,0.1655199130214286
205,205.0,0.1650513014311035,0.1652493212330837,0.1651503113320936,0.1678145970463793,0.1715841576252464,0.1651503113320936
206,206.0,0.1645957871604174,0.164989846566358,0.1647928168633878,0.1686676025776734,0.172161129968776,0.1647928168633878
207,207.0,0.1641566156201133,0.1646439621547667,0.1644497938379351,0.1695002816950779,0.1727995528541725,0.1644497938379351
208,208.0,0.1633595601255717,0.1639358926008192,0.1662859237543632,0.1697904672329346,0.1728819150716311,0.1637462412146806
209,209.0,0.1624090939128763,0.163069651400005,0.1677613585907484,0.1711252209795341,0.1727487133514852,0.1628859617653515
210,210.0,0.1613518881127947,0.1620915435258442,0.1689410643003818,0.1721446750844725,0.1724446615015223,0.163026167474985
211,211.0,0.1602230776309552,0.1620364256133019,0.1698705945166202,0.1728979427486444,0.1720037739421126,0.1629681855483662
212,212.0,0.1591569526245105,0.1620293815285102,0.1707825031698088,0.1736209416226531,0.171360974802963,0.1630492462515548
213,213.0,0.1581436483702429,0.1620505258146903,0.1716542848148695,0.1742943200819233,0.1707077347185877,0.1631494861996869
214,214.0,0.1571880158354774,0.1620968281918832,0.1724812343361642,0.1749163063833361,0.1700516301843529,0.1632659850687866
215,215.0,0.1562938441736114,0.1621653098272158,0.1732595654508567,0.1754858198796632,0.1693995086905869,0.1633959519780663
216,216.0,0.1554639290139738,0.1622530679785208,0.1739863566884603,0.1760024127164498,0.1687574931481806,0.1635367404544151
217,217.0,0.1547001438579379,0.1623572974126878,0.1746594941243078,0.1764662110312821,0.168130993117422,0.1636858604563627
218,218.0,0.1540828786360691,0.1625546737864541,0.1771030085896132,0.1758461102614613,0.1664929760157078,0.1639203527106947
219,219.0,0.1535817099718233,0.1629181501737863,0.179422054630003,0.1751347572878047,0.1648328441187944,0.1641104838177886
220,220.0,0.1531286723387483,0.1632684433074558,0.1817365618865591,0.1743770233031002,0.1632057136125053,0.1642835855516315
221,221.0,0.1527221398923673,0.1637028676751001,0.1839296285973984,0.173583780630609,0.1616233804348614,0.164438202769664
222,222.0,0.1521977983104596,0.1639558829782911,0.1869000952371827,0.1726027834378199,0.1599316037691903,0.1644118362670566
223,223.0,0.1517333862081115,0.1642038142561563,0.1897369457180482,0.1716233314344049,0.1583189600166656,0.1643835623666137
224,224.0,0.1513275547583904,0.1644446905984499,0.1924251731510781,0.1706550646214605,0.1567936623234981,0.1643538545471232
225,225.0,0.151950726432753,0.164537919846417,0.194536090900059,0.1695676582591804,0.1552233401717948,0.164184264389796
226,226.0,0.1527298803131584,0.1648445566392329,0.1955924318670172,0.1676200114772321,0.1538643103400373,0.1653488093633223
227,227.0,0.1533630552116269,0.1649616224259131,0.1961319474633424,0.1667890533568303,0.1524304624659773,0.1663238590763101
228,228.0,0.1536422474360977,0.1646906338079346,0.1961074907267003,0.1668188272104271,0.1507273469913157,0.1680134538275246
229,229.0,0.1550385553952178,0.1656504870643239,0.1956871753192261,0.167451966431091,0.1489874138943514,0.1671844018957897
230,230.0,0.1564370187216455,0.1665942137607947,0.1951505045477918,0.1681182316613372,0.1473674585539987,0.1663325727544321
231,231.0,0.1586012150231635,0.167402878175263,0.1951811473231746,0.1676965365367939,0.1457605716368887,0.1653576513047164
232,232.0,0.1607329290392475,0.1681818998917844,0.1951220658629388,0.1672998940441855,0.1442815151698683,0.1643816959919757
233,233.0,0.1627443219946958,0.1689660239303943,0.1951234044736649,0.1669610055826703,0.1428583614440243,0.1633468825745504
234,234.0,0.1646901049432434,0.1697112849478324,0.1950525848005748,0.166649368420071,0.1415662934282145,0.1623303634600638
235,235.0,0.1671937446924585,0.1704263003286376,0.1945417108125487,0.1662744647072129,0.1403142141406845,0.1612495653184577
236,236.0,0.1694950032934665,0.170984030724847,0.1937885128659537,0.1657305906285711,0.1390878790190686,0.160913983468093
237,237.0,0.1716716652840612,0.1728257767166731,0.1929758314241547,0.1639524591523118,0.137977703896686,0.1605965635261132
238,238.0,0.1730919747257861,0.1746982721603317,0.1914080941557284,0.1633111010806401,0.1370861429849486,0.1604044148925652
239,239.0,0.1743900910518382,0.1764978989743848,0.1889219385614763,0.1627174344719958,0.1372275231991818,0.1602451137411231
240,240.0,0.1755652524105243,0.1782139477536523,0.1864522498481055,0.1621726268461627,0.1374789548064646,0.1601169683350907
241,241.0,0.1765422451092366,0.1797618582380626,0.1838705630631461,0.1623590585629361,0.1376754031999039,0.1597908718267147
242,242.0,0.177399297905167,0.1812111469704392,0.1813502585179705,0.1625881050072513,0.1379567658533134,0.1594944257458587
243,243.0,0.1781398342606346,0.1825571832386616,0.1789104010340519,0.1628532142419109,0.1383117377141619,0.1592276295105792
244,244.0,0.1779903226783531,0.1839079430375741,0.1767895667023261,0.1633703511177561,0.1388405192542082,0.1591012972097824
245,245.0,0.177470399011342,0.1847917961298969,0.1752154485607066,0.1645100723171265,0.1392965655662559,0.1587157184146722
246,246.0,0.1775384090279924,0.1861369114813968,0.1734079145161116,0.1652203220244186,0.1395932790206737,0.158103163929407
247,247.0,0.1774821653070577,0.1879435518724813,0.1715775123684154,0.1657878939427162,0.1398291069541616,0.1573797695551677
248,248.0,0.177357512802363,0.1896332126809954,0.1698734043779767,0.1663499515603073,0.140093493925192,0.1566924246531655
249,249.0,0.1772044266724333,0.1912410864135735,0.1683403933654366,0.1669333134861887,0.1403065353983956,0.1559742446639723
250,250.0,0.1769824739140768,0.1927025172195985,0.1669199439222455,0.1675883012267631,0.1405242393134376,0.1552825244038785
251,251.0,0.1766994786327208,0.1940159111093334,0.1656133804115686,0.1682060847658233,0.1407428512466514,0.1547222938339025
252,252.0,0.1763785765903903,0.1952009264742642,0.1644403685140156,0.1687993550155024,0.1409724022928775,0.15420837111295
253,253.0,0.1743085650511179,0.1965626120315689,0.162692212480179,0.1710818023194132,0.1414115232323727,0.1539432848853483
254,254.0,0.1723180173558098,0.1977754146835963,0.1610606883293769,0.1732997385085762,0.1418396483854834,0.1537064927371574
255,255.0,0.1712298594079896,0.1987495364589386,0.1594569622356138,0.1750078331886866,0.1421545443374079,0.1534012643713634
256,256.0,0.169967764115417,0.2003970840254906,0.1578841906440224,0.1762601915840507,0.1424603446447053,0.153030424986314
257,257.0,0.1687390188927657,0.201916057510284,0.1564540967293923,0.1774316819210075,0.1427585372324017,0.1527006077141488
258,258.0,0.1677043913667882,0.2029509892731154,0.1539812351153189,0.1798361678512032,0.1426320494614317,0.1528951669321427
259,259.0,0.1667036221001532,0.2038383422446543,0.151643098860184,0.1821250314168933,0.1424834203024478,0.1532064850756674
260,260.0,0.1657421596555119,0.2045824363688737,0.1495451979841167,0.1842856946945185,0.1423151768817606,0.1535293344152185
261,261.0,0.1646730196364065,0.2050371038548283,0.14761511135133,0.1868384440440764,0.1420540522967999,0.1537822688165588
262,262.0,0.1636666275254118,0.2053799079126135,0.1458538053452316,0.1892547135054173,0.1417927304165981,0.1540522152947276
263,263.0,0.1627267724528265,0.2056186068444685,0.1442620149632139,0.1915239883727494,0.1415338441894812,0.1543347731772605
264,264.0,0.1617783604376967,0.2056147040271475,0.1427553732133556,0.1934624511809762,0.1412019000845731,0.155187211056251
265,265.0,0.1608468411845381,0.2054144766857193,0.1413604865949942,0.195736545760673,0.1408226332208119,0.1558190165532635
266,266.0,0.1600845292543738,0.2051384606449101,0.1401295790106143,0.1978449130438411,0.1404540190921711,0.1563484989540897
267,267.0,0.1593820371869463,0.2047790254831344,0.1391340333307746,0.1997677680531596,0.1400852014774763,0.1568519344685089
268,268.0,0.1587533459220471,0.204364279970845,0.1382923442935178,0.201518180096648,0.1397320182815337,0.1573398314354085
269,269.0,0.1581973622920724,0.2039039025982163,0.137597543124958,0.2031902289730961,0.139302098271786,0.1578088647398714
270,270.0,0.1579839827960832,0.2037209799327034,0.1371415397372007,0.2032694927284111,0.1389990241071083,0.1588849806984934
271,271.0,0.1578227885106903,0.2034888957053389,0.1367962910381646,0.2031774498226551,0.1387049933206657,0.1600095816024857
272,272.0,0.1575272241618351,0.2030315849330932,0.1364617104982612,0.2027498953692425,0.1392392345009006,0.1609903505366677
273,273.0,0.1572895511788909,0.2025558347876846,0.1362387148606599,0.2022013032734782,0.1397879177668936,0.1619266781323928
274,274.0,0.1570146140358301,0.2021599898271497,0.1361183755915066,0.201549263220555,0.1403441120774091,0.1628136452475496
275,275.0,0.1566274317505647,0.2015875853998986,0.1359975242470372,0.2006584302315721,0.1415716461697103,0.1635573822012173
276,276.0,0.1563685287571556,0.2009968608766889,0.1359440981098597,0.1996822010712766,0.142776517106891,0.1642317940781285
277,277.0,0.1561447715734567,0.2003940754608686,0.1360396945834222,0.1986375321470571,0.1439480006441496,0.1648359255910461
278,278.0,0.1559538239768852,0.199785006677365,0.1361858517415019,0.1976288856829589,0.1450767938743381,0.165369638046951
279,279.0,0.1557932720556127,0.1991749402107945,0.136462272750507,0.1965810205665841,0.1461549657704154,0.1658335286460865
280,280.0,0.155672860149771,0.1985854467782468,0.1367902885802293,0.1955230089491633,0.1471865778367247,0.1662418177058651
281,281.0,0.1555897783768754,0.198020364010645,0.1371614595902999,0.1944664455969755,0.1481659699355796,0.1665959824896247
282,282.0,0.1555411245413602,0.1974829016691707,0.1375677585525833,0.1934217513170192,0.1490885701427372,0.1668978937771296
283,283.0,0.1555239423878426,0.1969756723346258,0.1380016096822353,0.1923981861448707,0.1499508316452954,0.1671497578051303
284,284.0,0.1558685899029913,0.1971673916663295,0.1387892525845559,0.1900705394881375,0.1510834990320221,0.1670207273259638
285,285.0,0.1562354376447882,0.1973862476043398,0.139587431653255,0.1877924959618454,0.1521482050406331,0.1668501820951386
286,286.0,0.1566185971131506,0.1976273379286461,0.1403871114810078,0.1855818756882131,0.1531410987488538,0.1666439790401287
287,287.0,0.1570126055407382,0.1978860282973756,0.1411801451936313,0.1834540425447111,0.1540594324496412,0.1664077459739027
288,288.0,0.1574634746299682,0.1982281472409953,0.1420358220894358,0.1814889817956943,0.1548552268131101,0.1659283474307963
289,289.0,0.1576638773582309,0.1997512309903012,0.1427027603919529,0.1793744854725704,0.155325662374874,0.1651819834120707
290,290.0,0.1576843642318481,0.2021595970148765,0.1431654881998096,0.1771978354971748,0.1555438672547822,0.1642488478015089
291,291.0,0.1577034362532627,0.204537061998377,0.1436005135701077,0.1751477280202028,0.1556935967579356,0.1633176634001142
292,292.0,0.1578250572914937,0.2068809594130932,0.1440267315133752,0.1731582997928718,0.1557908481376251,0.162318103851541
293,293.0,0.1580203115170326,0.2091369728075222,0.1444018580539799,0.17129333622245,0.1558196673721709,0.1613278540268445
294,294.0,0.1582113327003427,0.2113075466659646,0.1447456785852096,0.1695737824936928,0.1557961917933241,0.1603654677614662
295,295.0,0.1583966339338139,0.2133795192034346,0.1450578855026894,0.1680022931597211,0.1557258856382126,0.1594377825621283
296,296.0,0.1585749342000953,0.2153420308266549,0.1453385180986196,0.1665797766743963,0.1556141350260139,0.15855060517422
297,297.0,0.1587598926079852,0.2172044205288361,0.1456993115905799,0.1652310318431778,0.1554768489192057,0.1576284945102153
298,298.0,0.1589209839312339,0.2189238423708261,0.1460971923225981,0.1640136841004822,0.1552977244080878,0.1567465728667719
299,299.0,0.1590722517783409,0.2205136151364405,0.1464625563014318,0.1629407721288893,0.1550923188877845,0.1559184857671132
300,300.0,0.1592131658184493,0.2219708060056605,0.146795001562611,0.1620085814710046,0.1548653145144175,0.1551471306278573
301,301.0,0.1593433522918578,0.2232941012594335,0.1470944955252894,0.1612123619020361,0.1546211412170269,0.1544345478043566
302,302.0,0.1594625820905024,0.2245737475968564,0.1473613383796903,0.1604563884186919,0.1543639576209888,0.1537819858932705
303,303.0,0.159820758583873,0.226220232365109,0.1478461268080975,0.159075277228324,0.1555976365921284,0.1514399684224684
304,304.0,0.1601654053375633,0.2277304068734258,0.1482972183688262,0.1578203532135385,0.1568107550840166,0.1491758611226299
305,305.0,0.1604944288580044,0.2291028004027172,0.148713471833037,0.156691546896925,0.1579932379596595,0.1470045140496571
306,306.0,0.1608061012333169,0.2303374671155929,0.1490942084757396,0.1556875345718324,0.1591363239519254,0.1449383646515931
307,307.0,0.1610990408542605,0.2314358330265655,0.1494391726126578,0.1548058769623596,0.1602325218892292,0.1429875546549277
308,308.0,0.1613721916000626,0.2324005445567158,0.1497484918530008,0.1540431551730393,0.1612755585976941,0.1411600582194876
309,309.0,0.1616248008507794,0.2332353200288244,0.1500226374940228,0.1533951028397494,0.1622603198331194,0.1394618189535048
310,310.0,0.1617175077745233,0.2336670275161967,0.1501234965503567,0.152717844651331,0.164016118863788,0.1377580046438045
311,311.0,0.1617903755347541,0.2339816567424326,0.150192389089908,0.1521460737751811,0.165698293919869,0.1361912109378553
312,312.0,0.1617335482591099,0.2349655470191611,0.1501207117278483,0.1515638480777232,0.166964052314927,0.1346522926012306
313,313.0,0.1616605637239344,0.2358419333385656,0.1500232382279594,0.1510780352980626,0.1681423781311138,0.1332538512803642
314,314.0,0.1615737675005327,0.2366128022331847,0.149903522939023,0.1506838522722164,0.1692302313681545,0.1319958236868889
315,315.0,0.1614754087199613,0.2372809967565505,0.1497649871928332,0.1503760778550614,0.1702257807515934,0.1308767487240004
316,316.0,0.1613676272257429,0.2378501024005547,0.1496108983925774,0.1501491489299001,0.1711283011729562,0.1298939218782688
317,317.0,0.1612524431041844,0.2383243369966936,0.1494443527316646,0.1499972502367848,0.171938070324237,0.1290435466064358
318,318.0,0.161208240045161,0.2389005241751162,0.1490056402410919,0.1499908893253675,0.172617169941458,0.1282775362718053
319,319.0,0.1611595195456764,0.2393898358216185,0.1485627237292411,0.1500467335992597,0.1732070621113789,0.1276341251928255
320,320.0,0.1611072205547715,0.2397960663729273,0.1481204527633584,0.1501580040971914,0.1737107686570303,0.1271074875547211
321,321.0,0.1608822492320888,0.2398722977026396,0.1477081793725564,0.1502433089076089,0.1747790163829055,0.1265149484022008
322,322.0,0.1606418257013587,0.2398552516146683,0.1472829687042715,0.1503554819701744,0.1758457958684353,0.1260186761410919
