,Unnamed: 0,Generation,Intertwine_two,Add_vertex,Delete_vertex,Invert_path_vertices,Insert_inside_vertex,Delete_inside_vertex,Replace_inside_vertex,Donate_between_routes,Trim_one_terminal_cb,Grow_one_terminal_cb
0,0.0,0.0,0.09999999999999999,0.09999999999999999,0.09999999999999999,0.09999999999999999,0.09999999999999999,0.09999999999999999,0.09999999999999999,0.09999999999999999,0.09999999999999999,0.09999999999999999
1,1.0,1.0,0.1092487840343425,0.09490155769640463,0.07499575022671046,0.11193446465477205,0.10289124984038907,0.09914903821013218,0.11253105507206063,0.0892935391284458,0.10233042314344136,0.1027241379933008
2,2.0,2.0,0.1050703147764861,0.08845237435194367,0.07061585322677516,0.1133760498212153,0.09860327803274282,0.11266119162727192,0.11295624077764768,0.09650721714453789,0.10573838817256413,0.09601909206881484
3,3.0,3.0,0.1051684348754485,0.0903338932627363,0.06837942551964231,0.11257764944332038,0.09778308814079767,0.10900503211981491,0.11715830804403335,0.10088242850032894,0.10206099623638269,0.09665074385749446
4,4.0,4.0,0.1201648480676838,0.08404657755974823,0.0803617378851563,0.09867997355739963,0.10156870685104775,0.10310623262949133,0.10412041669469659,0.09922112864230861,0.11299932319911696,0.09573105491335036
5,5.0,5.0,0.11680298113077776,0.09075342225402566,0.06523207049443572,0.10483361224547556,0.10167486394473327,0.10659925219631901,0.09422053943367993,0.09948674338401789,0.120956009288033,0.09944050562850183
6,6.0,6.0,0.10427338220964069,0.08194270512947086,0.06410201307909469,0.10759260413745839,0.10581079637921323,0.11315982137656974,0.10195841127736212,0.09740146575468109,0.11142690626761169,0.11233189438889699
7,7.0,7.0,0.10561652451557264,0.086746435574411,0.07415548720518456,0.08833774501437983,0.09345475373181032,0.1116991668229312,0.11354060202352012,0.10548401986063885,0.11180061786532254,0.10916464738622848
8,8.0,8.0,0.10459490744250147,0.09497968216078502,0.0726000171584178,0.11220726458130967,0.09445403608952123,0.10848106610780103,0.10278033253428828,0.0930840419616709,0.11503990007841276,0.10177875188529131
9,9.0,9.0,0.11152743944844608,0.09269135539323897,0.07187027411286995,0.09977843519278827,0.0997570532468597,0.10010124158561857,0.09616037585482465,0.10382437054993351,0.11895241218171948,0.10533704243370039
10,10.0,10.0,0.10470414139190147,0.07167918574376159,0.07280594537354315,0.09764269143873691,0.09161452516098936,0.11164967484721659,0.11420661651301056,0.10237018437144751,0.11990491451076249,0.1134221206486298
11,11.0,11.0,0.11475055110706452,0.09740460965331188,0.07304131579548956,0.10433887081433287,0.09542543172899227,0.12046396343561219,0.10070999145314644,0.08110159600128145,0.11037037711447228,0.10239329289629613
12,12.0,12.0,0.10250433753495716,0.10335677523091769,0.06970896269872333,0.10325819825002243,0.09193871214196794,0.1149773550278705,0.11967238869056802,0.0921549137708726,0.10495222814845864,0.09747612850564127
13,13.0,13.0,0.10557894623364154,0.0812212262192047,0.07461976804050721,0.1091804603116618,0.08906450463192986,0.10276343785556127,0.11542307498958744,0.09465771880667607,0.11424937560114223,0.11324148731008739
14,14.0,14.0,0.10535553243488589,0.08716449192077518,0.06889426200816691,0.09819132947827289,0.07944950003397631,0.12404892916469548,0.10537498618657384,0.10377810725804673,0.11587001956472623,0.11187284194988012
15,15.0,15.0,0.1051680008902874,0.09626405406769495,0.07638016019984968,0.09914248926668982,0.10222027110773149,0.11223183019076696,0.10363436499778181,0.0858660340343507,0.11361913434420148,0.10547366090064525
16,16.0,16.0,0.10442347363833768,0.09122613269700712,0.07509862341268778,0.09421496807719956,0.09830185532341644,0.10269375676951698,0.10394189675037266,0.10283876549968034,0.12827791842434827,0.09898260940743273
17,17.0,17.0,0.10610365342174999,0.09424318811368064,0.06984803860886216,0.09514704795820476,0.08166822304651429,0.11743260811577698,0.10533061069508283,0.10367359668627474,0.1331734826676711,0.09337955068618205
18,18.0,18.0,0.10319492858637891,0.09913429842443347,0.06849800180360173,0.09897033406438029,0.09756059003098075,0.11365179804721277,0.10260187429311358,0.09642212241142653,0.12839843629864747,0.09156761603982401
19,19.0,19.0,0.11153668267477987,0.09946815168739247,0.053462433401007314,0.09949620408509996,0.07888582687402929,0.13092554900013825,0.10132207971834128,0.09847800576647517,0.11303814817587028,0.11338691861686571
20,20.0,20.0,0.11083196131999203,0.07760764724288337,0.08220862982410825,0.10545425219758017,0.109035473705411,0.11646487043372152,0.1051511793674668,0.07515171359364342,0.11787731513318667,0.10021695718200636
21,21.0,21.0,0.09851999810354124,0.09001607774665418,0.05722263400128447,0.10029009024042226,0.09678331593865365,0.11161702853441395,0.10138806935289388,0.1002028225717965,0.11728879252060354,0.12667117098973585
22,22.0,22.0,0.11036979805951896,0.08351157202131373,0.08284859063806808,0.10932761697977231,0.09378138381660088,0.12467870398084799,0.09634512680289711,0.09046906729933772,0.10109938500230367,0.10756875539933915
23,23.0,23.0,0.10285455847089375,0.09423144508291437,0.05990786333129178,0.09909238889218233,0.10913190798300702,0.11360748133809233,0.09802711930258877,0.10004515412887145,0.1175698902731317,0.10553219119702606
24,24.0,24.0,0.10929462397562317,0.09907245349103035,0.0675955372018377,0.09933594145181322,0.09562048034629132,0.10924003601792723,0.10938633377889999,0.09209445653711691,0.12303436826617845,0.09532576893328126
25,25.0,25.0,0.11032621480006917,0.07446761180137121,0.08405052399677557,0.09954035067141737,0.08443169645702032,0.12149124403527045,0.10442007272797345,0.0907454340048428,0.12247434236254626,0.10805250914271292
26,26.0,26.0,0.10556253585515527,0.08708193123610283,0.05708981773289927,0.10813751213176155,0.08775926680095786,0.11946506862661392,0.10777464836553123,0.1056956659743109,0.11085780797848829,0.1105757452981784
27,27.0,27.0,0.0887709112164861,0.08410015548860116,0.06183069566026722,0.10323772305885619,0.0898229199955173,0.11755433026685229,0.10861245173729454,0.10678657924919391,0.12251261337615707,0.11677161995077383
28,28.0,28.0,0.11051712291962293,0.09879218090421017,0.06255711370986086,0.10195500124123465,0.09138056897243538,0.1136003304186363,0.09873728004241059,0.09841192318955075,0.12124089913905445,0.10280757946298344
29,29.0,29.0,0.09027554074801074,0.09024939887615854,0.07213759527818371,0.09813697404780039,0.08481121846612902,0.1247003321545083,0.11764060315211071,0.08933473225130292,0.12377132311757921,0.108942281908216
30,30.0,30.0,0.10065011143502611,0.09430046207660596,0.0793594222554547,0.1017279381380016,0.07604675258567645,0.12139882067329269,0.10804493175056176,0.10246554710428786,0.12506724693329924,0.09093876704779316
31,31.0,31.0,0.1015393876732347,0.08977211111271946,0.07123496457609499,0.10470122267264226,0.07391083223678198,0.12118670723236154,0.11035980602164146,0.09679710731168531,0.11624208037745634,0.11425578078538143
32,32.0,32.0,0.10478611394341412,0.0876674312310185,0.08385998840751374,0.09506603717658876,0.08766125026747058,0.12389021515676986,0.11281074625069629,0.08212818605534158,0.11588788435787183,0.10624214715331423
33,33.0,33.0,0.09964033102590243,0.08629945285020132,0.0589281257358293,0.09634599657659013,0.09702464250812307,0.1414694613735624,0.11362176774929918,0.08594616283568746,0.1164713904030509,0.1042526689417534
34,34.0,34.0,0.1052106796389322,0.08559149993388797,0.060687117481590155,0.09201777651959726,0.09659150394161217,0.130829992445738,0.12119260167342498,0.07559376704795927,0.1361923705387533,0.09609269077850427
35,35.0,35.0,0.11024816280843015,0.08660600103833999,0.07653617550513775,0.1006304347504638,0.07950734195551402,0.1315987046822506,0.11195561373959462,0.07858085310294323,0.12314208889229254,0.10119462352503276
36,36.0,36.0,0.11576444968756854,0.09533580072616127,0.06894711463596932,0.10361583875054621,0.08547663379865605,0.11292960914890009,0.10224748575112011,0.0820675448015985,0.136731511898298,0.0968840108011815
37,37.0,37.0,0.09935198265779965,0.10426723953080883,0.06835930601223464,0.10900698453099178,0.08308663199692057,0.10749776364125267,0.10536793661947622,0.1032064662981557,0.12874835256475892,0.09110733614760057
38,38.0,38.0,0.10116699741620365,0.09195515382448213,0.05578698335276142,0.08865653473168791,0.10354770160769264,0.1276687680702055,0.10605493270883856,0.10160242573421181,0.1347703969131217,0.08879010564079427
39,39.0,39.0,0.1133915703417605,0.09502266577268234,0.0774954030051446,0.10590734422261949,0.08250291966280734,0.12257043709766849,0.10078581390688521,0.07662012337892124,0.12129937083283884,0.10440435177867147
40,40.0,40.0,0.10573972441228896,0.06856563069564842,0.06808072782593068,0.09918608402649456,0.07478926109454344,0.12964544475287365,0.12478944459187913,0.10835701341374951,0.12507094531845114,0.09577572386814012
41,41.0,41.0,0.10417098423309994,0.09455646303486523,0.05475440278290232,0.10145502587964261,0.08342205024739972,0.13221913306466318,0.10431350294011632,0.09402728835404005,0.12450666486063071,0.10657448460263945
42,42.0,42.0,0.10132169028146229,0.08792295505057854,0.07989013805076749,0.10243818439746573,0.08594968508267431,0.12045835228968053,0.09872340871088149,0.10118415699818464,0.12200897931498547,0.10010244982331902
43,43.0,43.0,0.09431746260241436,0.08172789461258081,0.05511316332429069,0.10082431072621922,0.08703459375631858,0.1293561165438134,0.11001161442990186,0.09807565469986942,0.13405559653731894,0.10948359276727226
44,44.0,44.0,0.09858370689813645,0.12019327257881889,0.05967521712696964,0.09415559569078838,0.08713900062985472,0.13249168786113985,0.10231487929250169,0.0840591043392134,0.13162896219355977,0.08975857338901684
45,45.0,45.0,0.09368737925627897,0.08595260518059582,0.08099800869581583,0.0868479351873609,0.10033915021140286,0.12120801539543516,0.09687535566538259,0.10156145584391343,0.13104013400688502,0.10148996055692897
46,46.0,46.0,0.08270656885549262,0.0816296815105652,0.07206674302569986,0.11378326616314131,0.08033953024192618,0.13081804293543844,0.10803094031774066,0.08486220766822487,0.1265482166697103,0.1192148026120601
47,47.0,47.0,0.09973808472669946,0.08977740437036844,0.06175619435419383,0.1011520263231435,0.09544323376150593,0.12186374031947071,0.11826639347114547,0.0958760241757943,0.12928627965447653,0.0868406188432013
48,48.0,48.0,0.08826863566581868,0.10542520528716263,0.06588638523505089,0.09120963739143786,0.10695397667971573,0.12023173718665488,0.09943736594429789,0.09965575171991312,0.12854106904330706,0.09439023584664069
49,49.0,49.0,0.08653044243291055,0.09177035742394304,0.06077797380713126,0.10119306861920503,0.08853689066354241,0.12865739310665386,0.09894533275210594,0.08837073276514616,0.13706666083517488,0.11815114759418636
50,50.0,50.0,0.09804620823088056,0.07599484826480796,0.07229388856322069,0.10546271357231121,0.088032792140964,0.1318864594628629,0.10187500287803344,0.08832791007516885,0.13372009835529708,0.10436007845645283
51,51.0,51.0,0.09038844186632213,0.09405441410837148,0.06505921600343725,0.08358459335322418,0.08483971783100461,0.14580072374081043,0.09332473762622019,0.09399460214443421,0.14308724213841365,0.10586631118776149
52,52.0,52.0,0.0880513962174951,0.08172911279935094,0.06200962354657604,0.08418903014757892,0.08889998990525025,0.14676353643944276,0.09370039439646877,0.10237872985491507,0.13880207590640475,0.11347611078651698
53,53.0,53.0,0.11113457481575215,0.08800737750803148,0.08098597150931458,0.08941596115509133,0.08042335141964903,0.12631613913924244,0.09871059814831251,0.09230659689585176,0.13162668717131948,0.10107274223743476
54,54.0,54.0,0.09365561120764077,0.09859060791265371,0.06096948980190962,0.09259162628335009,0.09128202808142723,0.12600497029257415,0.0987574081534786,0.09176683430098986,0.13593474899945956,0.1104466749665159
55,55.0,55.0,0.09121770270860093,0.08194532406459441,0.05958543184974854,0.09580687286063919,0.08642301759200617,0.14356058140932595,0.09684764218635729,0.09909454647507018,0.14013559375971915,0.10538328709393771
56,56.0,56.0,0.09649519061457458,0.08593276458835425,0.07784349661629969,0.09101814438733516,0.09833045262393635,0.11989737695353828,0.1152960754468904,0.08429036761300698,0.1307198736122449,0.10017625754381883
57,57.0,57.0,0.08399583563389795,0.09163675166390063,0.07026532159119056,0.11238441038293667,0.08206145105107421,0.12795531066250423,0.10229909257159549,0.09399049062290725,0.13147345815512046,0.10393787766487209
58,58.0,58.0,0.09091492793250093,0.09376041867630032,0.06461523078814031,0.10160055089108584,0.0879857533267134,0.12607832670293,0.09688246531522919,0.0849497069057264,0.1429042162904176,0.11030840317095551
59,59.0,59.0,0.11119227404467298,0.08556644441218995,0.06042826162050581,0.10064263818392205,0.1007414535353808,0.11964339015719132,0.10890819202950082,0.08349563841905172,0.12772499315063732,0.10165671444694677
60,60.0,60.0,0.09918629921353368,0.08055178212518103,0.07371195637419518,0.10127331750003843,0.08388849451601144,0.12352655405486934,0.11854852518707157,0.07703483034402453,0.1331359911332344,0.10914224955183997
61,61.0,61.0,0.09515573730395507,0.0820439562500276,0.08209511264798994,0.09106898327416257,0.0901377036578566,0.12996938967718386,0.10790788595720999,0.08943823922470255,0.12024010697030729,0.11194288503660413
62,62.0,62.0,0.10217968325329885,0.09922375535610145,0.05503956499495834,0.10278072297349743,0.08397548079605574,0.1282549711271675,0.10073174549196284,0.09087834580824404,0.12401183053508347,0.11292389966362988
63,63.0,63.0,0.10152819934054527,0.08535192309127305,0.06361747728182283,0.09009363607977434,0.09301798312197758,0.1391934284829049,0.11822750762160357,0.07660238295208995,0.11542600262851983,0.11694145939948833
64,64.0,64.0,0.10649991176644277,0.08861027334738056,0.05588797498733664,0.09681381347048112,0.08576789206283267,0.12551119043434014,0.11132997949122987,0.08920813276465635,0.14487644440599845,0.09549438726930097
65,65.0,65.0,0.1012854277832251,0.0899401640735959,0.05572549780590944,0.09458387355997798,0.07713955037870032,0.12702359285328418,0.10527136320628319,0.11411403771675863,0.13012647372238978,0.10479001889987502
66,66.0,66.0,0.09741937355530673,0.08440915138030261,0.06431947006583286,0.1193806371025471,0.08596266388698771,0.12171422709842779,0.10542092306722961,0.08811259855324824,0.12890713322679978,0.1043538220633172
67,67.0,67.0,0.0939723409580271,0.08323597981341682,0.06813850722633788,0.10885235546896192,0.07963834208474072,0.14465645125694687,0.103124865692327,0.08626089011395324,0.15116427572842378,0.08095599165686425
68,68.0,68.0,0.09539876585729155,0.09554088595857879,0.05898574822046514,0.09348988373177416,0.09191064611886858,0.12851725020182944,0.10793246529987977,0.0906945786392507,0.12617239865547963,0.11135737731658182
69,69.0,69.0,0.0932495598258408,0.08141139513350602,0.06042887796352113,0.09733482923202656,0.07407004554446499,0.13589689302408753,0.10642049356335011,0.12110873160711214,0.13313203921800582,0.09694713488808446
70,70.0,70.0,0.08443553476066948,0.08333001243753042,0.06505557203013954,0.10081298146464421,0.09460707271225137,0.14814203760669786,0.1025020339707157,0.0946279846658334,0.13045112415053767,0.09603564620097994
71,71.0,71.0,0.10332362464647908,0.09960758747127259,0.05633395394688133,0.09860903068970783,0.08158122228443565,0.13332593039357482,0.10743280368820673,0.08053932008839984,0.1446038237427391,0.09464270304830255
72,72.0,72.0,0.09928198860962842,0.097120906834096,0.06867906741700322,0.09469075816515385,0.06525576153740488,0.12798459981068125,0.10823597965448291,0.08854911709089963,0.14887352743098753,0.10132829344966181
73,73.0,73.0,0.07891142938586655,0.07842429145613015,0.061569374668747234,0.10696410171005141,0.08703350788286453,0.13448361198083186,0.11814149631905166,0.10213417181167739,0.1303599489091225,0.10197806587565628
74,74.0,74.0,0.1022600119400813,0.09486846537930003,0.07057599589015957,0.07946921511112792,0.07833546369035618,0.12945046065837376,0.10420566474620037,0.09398479865856349,0.14185618189808866,0.10499374202774825
75,75.0,75.0,0.1050919465129545,0.08504742558045411,0.08017918919593704,0.09460665237187986,0.07885049512167078,0.12812203374994047,0.10779266555668951,0.08826712562899205,0.13212387705072876,0.0999185892307524
76,76.0,76.0,0.0927005590768877,0.09868866094606854,0.08219681854107468,0.09281262537086546,0.07251825689849242,0.1318634263134744,0.11080384633564418,0.09579261196452345,0.1272241855742385,0.09539900897873022
77,77.0,77.0,0.08915210147089593,0.09718448984392433,0.06765698786591447,0.09454586272628243,0.078359402272284,0.1406388284381878,0.09571136799971396,0.09666902914237759,0.14850022645935584,0.09158170378106321
78,78.0,78.0,0.10253251137695381,0.08911528742293826,0.05364660372878592,0.09746364852972926,0.0793121561702799,0.12339377043452986,0.12154955925781681,0.09127168422041279,0.14112863589792563,0.10058614296062729
79,79.0,79.0,0.11857588859239288,0.0932183514530611,0.06957760094055775,0.09609474720528775,0.08244822216990311,0.1280141014658208,0.0856133397453365,0.07903061709211086,0.12930182196787166,0.11812530936765712
80,80.0,80.0,0.09409049207711243,0.0924925427373892,0.06237815898937839,0.09462490508961732,0.09426246152653237,0.12148606248165876,0.08800364318957836,0.10630200567003767,0.14424454262489944,0.1021151856137956
81,81.0,81.0,0.07523063193779164,0.08032102781040491,0.048704436421016725,0.09140106395183144,0.08895900162890742,0.14539801253928647,0.10534065229993017,0.0904765957271009,0.1494774129780408,0.12469116470568915
82,82.0,82.0,0.09639857028406237,0.0785591507393902,0.05684288646785853,0.10208549745770405,0.08629248525220087,0.13848039995929223,0.10347584813097002,0.0811708358588841,0.14190091622243828,0.1147934096271989
83,83.0,83.0,0.08843409224717237,0.08896590468985958,0.04963887416231845,0.10784936666802221,0.09334716665300857,0.12273968468203818,0.10849240337982886,0.08728704281882849,0.14105851862397453,0.11218694607494831
84,84.0,84.0,0.08952655030571066,0.06917109292598515,0.051880191071864735,0.08773397067506132,0.0805050658466688,0.14572613664343775,0.11481238531076106,0.12106401463419007,0.12823568297364557,0.11134490961267438
85,85.0,85.0,0.09514369182069773,0.08858431932862237,0.06252907504505655,0.12045446501242241,0.07744339783633807,0.13020966869527498,0.1004189857357394,0.09930045822194176,0.12839896637357978,0.09751697193032645
86,86.0,86.0,0.09601582005987884,0.09842248018779262,0.04988347559468937,0.1128549412630949,0.0713787608144194,0.131154102215849,0.1143630494064219,0.07798715358487637,0.14089769508749023,0.10704252178548687
87,87.0,87.0,0.10180682123658494,0.08132974728800071,0.0558004035122032,0.09294262270094925,0.08326656177891144,0.15555882996613846,0.10641377448980252,0.07220995995642723,0.1347430134830145,0.11592826558796729
88,88.0,88.0,0.07912576965655481,0.08398369630839195,0.057318948305526876,0.09527038664298501,0.08372195133373747,0.13461522668602435,0.10134963723504833,0.09686777813967026,0.15625636626189204,0.11149023943016845
89,89.0,89.0,0.0825845089515702,0.08880528900665219,0.07561025556983578,0.09800649568833478,0.08329784982632252,0.1399773070805614,0.10442844670500451,0.09508311343815587,0.13689265595666605,0.09531407777689628
90,90.0,90.0,0.10064911615450649,0.08868266671435637,0.07272193502566074,0.1087909610045065,0.07763368514006078,0.12495264768147947,0.10136690105673185,0.0889797433771757,0.1221846930252544,0.1140376508202672
91,91.0,91.0,0.09775804277292063,0.10149340509601021,0.0607108311790733,0.10419976111502756,0.08978934234064892,0.13576630981676677,0.09359013962544693,0.07913107787263382,0.13219781193978986,0.10536327824168161
92,92.0,92.0,0.09612451635663553,0.09615678077473161,0.05563082760449857,0.10747937633714366,0.06438623579910874,0.13355170134567312,0.10131399417305395,0.09811461453125367,0.14213085222873018,0.10511110084917052
93,93.0,93.0,0.09414910621520237,0.10137003966209408,0.07009692274106769,0.09803130684150697,0.06852525924343272,0.1325176550444061,0.09150755982096168,0.10012629841064233,0.12746122000264243,0.11621463201804312
94,94.0,94.0,0.11020942133014766,0.0863360420666226,0.07087517833421367,0.09425040857335643,0.08294144965212986,0.13490958548930151,0.10523112297791179,0.09108903084512968,0.12360842978750312,0.10054933094368328
95,95.0,95.0,0.09824333434178963,0.06290859036211133,0.06922850653913949,0.08598773851381959,0.08139684607689504,0.13915922847254497,0.11155559854558358,0.10474999603248988,0.13331617688887207,0.11345398422675412
96,96.0,96.0,0.09462618310290626,0.11560769523140717,0.0611392004861286,0.10802771155574913,0.0899367252743768,0.11662234415589287,0.10014408840706279,0.08917220755162884,0.1379145046445999,0.08680933959024721
97,97.0,97.0,0.08598072953640779,0.09596925744404018,0.0791427168668232,0.09109700376747534,0.08086812099230382,0.12860534570170545,0.09100827375252435,0.1134686961649098,0.1310880596208551,0.10277179615295447
98,98.0,98.0,0.0924421055825561,0.07838528566031268,0.06265212483404344,0.09772729912379002,0.07810984095312065,0.1336960790806015,0.12350308924047756,0.07914144790185741,0.14640918005806924,0.10793354756517097
99,99.0,99.0,0.10539232070985985,0.08962322004112286,0.06333316356947688,0.08882215231794983,0.08302064809650953,0.129724807889745,0.10544667952875483,0.10233825710914732,0.1300981463397201,0.10220060439771328
100,100.0,100.0,0.10629238173112285,0.09065184764867916,0.0571884853234236,0.11308167794775015,0.06521077884766445,0.1351402228153427,0.1100032447517169,0.08130970939066712,0.14252507435121278,0.09859657719241999
101,101.0,101.0,0.1043600776002694,0.09999532560474647,0.07202072011107993,0.09606532839623831,0.06426731579206447,0.14366180860154948,0.0970064139468747,0.08172291645043189,0.14033501758067066,0.10056507591607419
102,102.0,102.0,0.10811921805812981,0.0938890970242057,0.06596145309178958,0.08371346057188209,0.0790526858813482,0.12350663475889641,0.10845397481170378,0.09370673363618146,0.14489879019941482,0.09869795196644766
103,103.0,103.0,0.1037039310661136,0.07783752936562105,0.06190119401170872,0.10877114954421314,0.08264259089634904,0.12862104351762974,0.10643586282088095,0.09580385747618769,0.13121583830154676,0.10306700299974894
104,104.0,104.0,0.08893752986070845,0.06725360141904538,0.05820696425337881,0.09927920053943522,0.1024658356184925,0.13349634644152625,0.10223739545187802,0.10971782659820022,0.12953232651565172,0.10887297330168307
105,105.0,105.0,0.09247060508876573,0.10060164178086699,0.059974826547251704,0.07901015437886826,0.08651859330796435,0.14836443758069207,0.10349735790591381,0.08914475508314909,0.13072468278053825,0.10969294554598934
106,106.0,106.0,0.08435379454462617,0.0841226644986164,0.05824480644106968,0.11024397199639584,0.09487316453724685,0.15468272949406825,0.09151503032856463,0.08726066089291709,0.13966563549862004,0.09503754176787457
107,107.0,107.0,0.09002406109774122,0.08595447004962817,0.07312049247838018,0.10563256527684653,0.08767399537672747,0.1327558825519522,0.11171669542291925,0.09131398011712392,0.12524670434140123,0.0965611532872794
108,108.0,108.0,0.08531889232160016,0.10142144753161657,0.07135022633001521,0.08483632502927857,0.08847371585946473,0.12815911182925974,0.09987379186274234,0.09213193815714966,0.13391000171481374,0.11452454936405876
109,109.0,109.0,0.07645488294760995,0.08997631580551305,0.08007887251201058,0.09023781985021316,0.073739765756238,0.1358925455143536,0.11364302662621321,0.0933159675483747,0.13346940700780113,0.11319139643167213
110,110.0,110.0,0.09883459083872617,0.08141792722586134,0.05263955022653973,0.10879080523579936,0.08929765552893068,0.14510131487539243,0.09477973755882632,0.09343328204356553,0.1350031299374573,0.10070200652890067
111,111.0,111.0,0.09336651461372286,0.09815722215701086,0.05721016247547004,0.0990848392688439,0.08954896098620677,0.1370815939119558,0.09461999121004774,0.09184003183123726,0.13750845549051177,0.10158222805499255
112,112.0,112.0,0.09660870720734549,0.09206599363973182,0.07941915040338042,0.10725813431481361,0.07925980909090687,0.1343329776805797,0.08287104039653473,0.08737556667654625,0.13232994952963345,0.10847867106052718
113,113.0,113.0,0.10386664449831133,0.07389832005352098,0.07533387698763747,0.10267291147913801,0.08722922014430486,0.13174516544715592,0.10128986487769946,0.09337604228221982,0.134059536485815,0.09652841774419671
114,114.0,114.0,0.09008954579513764,0.08529650951630832,0.06625813378724685,0.08715026522146804,0.08032644281105343,0.14647069502402235,0.09091568974077655,0.08583409345021979,0.14521632429482553,0.1224423003589411
115,115.0,115.0,0.09129850141343124,0.09533204931637278,0.0590835765638484,0.07540905248319887,0.09238477829806813,0.12801632099758423,0.09447762972122822,0.11099580355993657,0.1493393961028266,0.10366289154350454
116,116.0,116.0,0.09578842155753504,0.08002736813041114,0.08416134075350983,0.10240515169255257,0.08578064793394433,0.13597221120561484,0.10403353728258699,0.08550237682367713,0.12412663308378846,0.10220231153637924
117,117.0,117.0,0.11154891748772677,0.07926612167675191,0.06294664885960101,0.08845725374947358,0.0862185860652652,0.13580213442021366,0.1006392352767543,0.09689796562864737,0.13342498660779806,0.10479815022776762
118,118.0,118.0,0.12265131643839584,0.11061677442384114,0.0607354321811989,0.08292190369616909,0.07779682174353379,0.1301183455172567,0.09843721540042956,0.08769565146178807,0.12520138563971966,0.10382515349766677
119,119.0,119.0,0.09020882621282257,0.08876696487337211,0.06397421137234029,0.11564901176717346,0.08691486552568561,0.13220167993249582,0.11260901144728878,0.09338085721194413,0.13094747794516892,0.08534709371170791
120,120.0,120.0,0.09763271831374219,0.08433435798774491,0.08872463490044202,0.11258061464648368,0.06625876316510873,0.12673023801544317,0.10356223172654255,0.07616879568611858,0.13024641340438486,0.11376123215398884
121,121.0,121.0,0.09770894898768194,0.09153249369498409,0.07981907496978866,0.0885873137184529,0.08801827218927531,0.13601447204476091,0.08599878208845937,0.07318693260067018,0.14724789259503196,0.11188581711089418
122,122.0,122.0,0.08457834217927729,0.10465416995512547,0.06087747030523194,0.09495845644250353,0.08481834662756152,0.13780076998310697,0.11322221094184284,0.08288055897948247,0.13528612225225944,0.10092355233360806
123,123.0,123.0,0.10295074218522246,0.09793926250311878,0.054052181421369375,0.08698838271316575,0.08685208834482659,0.130063682652527,0.10232380819293227,0.0974003177081921,0.13979757632940196,0.10163195794924326
124,124.0,124.0,0.09062759854898986,0.09507139435916487,0.07470803753210406,0.09532420890627134,0.0910710506164796,0.13296050645108326,0.09731546546315094,0.08580874971727148,0.13197954623934335,0.10513344216614082
125,125.0,125.0,0.09429776041242473,0.08486025767231059,0.07283281622785756,0.11253418836196838,0.07619860727278023,0.11472043854579202,0.10341063203159342,0.09273553428766171,0.1422835311883168,0.10612623399929404
126,126.0,126.0,0.10857578725227646,0.10680818493002402,0.041470353668815796,0.09463804253558715,0.07423860996156878,0.1337846272676126,0.08860430651637266,0.08942618663341788,0.13907261243900548,0.12338128879531877
127,127.0,127.0,0.09003279997497762,0.0856703013402638,0.06399854645786399,0.09197548365032975,0.08260192817782518,0.13956280698045592,0.0978902099616296,0.09686428428304197,0.13977949168971376,0.11162414748389797
128,128.0,128.0,0.11206350219535391,0.08806309212463177,0.05766024430896547,0.08141078287740718,0.08554812258739951,0.12640003442614672,0.11757364599738818,0.0837238193030919,0.13974808122805898,0.10780867495155591
129,129.0,129.0,0.09262498998562471,0.09957494930364175,0.08205043948832352,0.08857480430591089,0.07378701307703063,0.11982825284738433,0.11125544775927107,0.09824914708627268,0.1265163137653216,0.1075386423812185
130,130.0,130.0,0.09503220655795912,0.10083703012347382,0.07965158973066717,0.10223765587057539,0.07465901414525092,0.13623299635589164,0.0971245862963026,0.0753767162850944,0.1321167988470922,0.10673140578769222
131,131.0,131.0,0.08441058645107476,0.0963177437987917,0.057747434794478456,0.09756958805886669,0.0891784660441992,0.1234371191074531,0.10564708821644228,0.09635942604014028,0.13866917875190563,0.11066336873664746
132,132.0,132.0,0.09871960147948969,0.09091279610014324,0.05810355196374438,0.09458098341162022,0.08166431675703864,0.12277522145818284,0.10701111371560945,0.09388450842641936,0.14433187097618905,0.10801603571156268
133,133.0,133.0,0.09032207118616344,0.08596963085614058,0.07154095830162169,0.10771341074437438,0.08062157402761126,0.1301372709385877,0.10103429801524517,0.08212659648091689,0.1281649630372816,0.12236922641205679
134,134.0,134.0,0.10256834384954772,0.11534330969401341,0.07467700271666046,0.09064956682402851,0.06548298118569928,0.1264172777198143,0.10681053442517548,0.09486383364104883,0.10999275235956399,0.11319439758444753
135,135.0,135.0,0.10473504638759541,0.0833354612255786,0.06768164339226428,0.08610280158052261,0.10664938609534957,0.11123600028732364,0.08976673280389441,0.08739844845251513,0.14683271259454145,0.11626176718041444
136,136.0,136.0,0.09088980086890988,0.1062137310670895,0.05839620110709516,0.09954276740181221,0.07243653100031341,0.13424171348920572,0.09299506023536155,0.10260368112434468,0.15006737378171037,0.09261313992415705
137,137.0,137.0,0.08943356409522386,0.09493033856685014,0.0801325441327376,0.08553163190957504,0.09302116018596991,0.1268598605071238,0.10633793265586726,0.09210495022806413,0.12838574865861713,0.10326226905997067
138,138.0,138.0,0.10669864029027662,0.10379001162867876,0.0638980436177216,0.08909721069666574,0.08251453623856463,0.12401680557987275,0.10015836464770973,0.08888490581669882,0.13169745207827482,0.10924402940553608
139,139.0,139.0,0.09642279571294474,0.08848430188563115,0.07167129290257782,0.09423235575626052,0.07782601451147321,0.1358096100111406,0.1176857677303765,0.08738110037827498,0.12682843165459654,0.10365832945672349
140,140.0,140.0,0.10437427239075966,0.08237214349445304,0.0697558736352992,0.09798847423311861,0.07659552328730483,0.1350901403239057,0.10259570164938832,0.09041813825432528,0.13551268382139195,0.10529704891005283
141,141.0,141.0,0.10102382556937886,0.09408854978717769,0.05556453189995277,0.09729151795324664,0.09095495687041336,0.12132384345372005,0.10369249506920963,0.10813762298263385,0.13128456994895327,0.0966380864653135
142,142.0,142.0,0.10097085426079441,0.0920416859851192,0.057801945210826974,0.09983528297836328,0.07477200665416954,0.12783862321956438,0.10606126469950175,0.08394757408257561,0.14952180578986302,0.10720895711922143
143,143.0,143.0,0.1026568484045276,0.11460021247442238,0.06008516669092236,0.09729908088315138,0.06947625240112881,0.14876001432219862,0.10305617501963615,0.0880764985972817,0.1252000322418516,0.09078971896487889
144,144.0,144.0,0.09995788854588894,0.09019724614891002,0.05636796881502067,0.09902447704674786,0.08905584363752725,0.1308058689422199,0.09077074454923541,0.08640571329761074,0.13619761471096542,0.12121663430587334
145,145.0,145.0,0.11050075127852181,0.10610524450667731,0.051581640672606434,0.09668945964326349,0.07425801253372594,0.13082076906189383,0.11144752816656726,0.08995057172102511,0.1400799924672292,0.08856602994848917
146,146.0,146.0,0.09002172737133443,0.06875391981708005,0.07315238303379398,0.10328768928717487,0.07999414298069843,0.128181654422663,0.11925263761911933,0.10370911010279493,0.13280123024338134,0.10084550512195922
147,147.0,147.0,0.1026369940134173,0.07303104790480482,0.06125771613506992,0.10412364299772674,0.08195758835478649,0.12365673459330602,0.10602973049829027,0.09397880903532907,0.14857037888423838,0.10475735758303055
148,148.0,148.0,0.10406374651244991,0.09146860077045633,0.06349502165962716,0.10558430692318102,0.08196888564626377,0.12055197152383604,0.1126215628115969,0.095839414978338,0.13797481365094738,0.08643167552330296
149,149.0,149.0,0.10771230632773805,0.100439732533309,0.0549912714210717,0.08446228359636933,0.07309635078873068,0.13943625485611832,0.10044850832911771,0.0983005937025189,0.13277876997338747,0.10833392847163843
150,150.0,150.0,0.10148265592501655,0.09587213498073185,0.06839740718616587,0.09238825835376294,0.07864083720008115,0.133185045304607,0.09685471049829793,0.09254444229314404,0.1366297030207233,0.1040048052374688
151,151.0,151.0,0.08570775745858146,0.08751373872940431,0.06575571664565541,0.10157776533629877,0.08050555330255138,0.14713413850107834,0.09394181836374474,0.09121692725698365,0.13525071747503276,0.1113958669306688
152,152.0,152.0,0.09120578883168781,0.09631397131829264,0.06334508809226418,0.1052147174552132,0.07700589483525455,0.13136474596232234,0.10549682823640265,0.0942959428421489,0.13308960835283526,0.10266741407357802
153,153.0,153.0,0.08901881142071079,0.09580996146395244,0.06635623808330635,0.09317155209301772,0.0891435199980911,0.12351303445684154,0.10822975880858492,0.0933210463471734,0.12211099202800035,0.11932508530032093
154,154.0,154.0,0.0732974952933162,0.10703162046244477,0.05477712082778795,0.10776481004545783,0.09235216113481995,0.13403966929885539,0.10454082098825668,0.08750339323852249,0.12089100153219053,0.11780190717834775
155,155.0,155.0,0.08250087951841392,0.08413679789937444,0.04748828950292826,0.09870713085627919,0.07062896960224797,0.1281477598624361,0.127736113075599,0.10884432524838379,0.14660361595748858,0.10520611847684838
156,156.0,156.0,0.10002411997717549,0.09623540214733421,0.08018783953664686,0.09892034850124722,0.0769472068938773,0.121385470630988,0.10128663707291556,0.0895294731808016,0.13039058766245765,0.10509291439655566
157,157.0,157.0,0.08909045122307192,0.09776162604959401,0.06324712186803558,0.10876539651555131,0.05775977880545339,0.12789847584755917,0.11251555330297665,0.07332940019608232,0.15034711042799284,0.1192850857636824
158,158.0,158.0,0.0981141414283465,0.09653935856799707,0.07048472346140593,0.11205107242028092,0.06147765256761696,0.1452040517391399,0.0940675829030387,0.07165837677583012,0.14199232252846747,0.10841071760787613
159,159.0,159.0,0.10031878101848053,0.0981368360386259,0.0688218447675029,0.0961780015574229,0.08953544077008284,0.1151081193564328,0.09845028583874109,0.10388206460398457,0.12485274825881305,0.10471587778991295
160,160.0,160.0,0.09861116599394976,0.09978021765345005,0.06746462611393775,0.09777217410204844,0.07554580270264857,0.1479365409189532,0.10550109579315267,0.09105786750254348,0.13670729831247191,0.07962321090684361
161,161.0,161.0,0.10114848671620194,0.09643950081293733,0.05071546412021634,0.11027864415170523,0.08745629483099669,0.11979352783963257,0.1098724381262007,0.0841216628969859,0.139091762302664,0.10108221820245875
162,162.0,162.0,0.10349065539750532,0.08964067300932284,0.06701670817270508,0.09502064220010764,0.08882795608922381,0.1385939976969362,0.09892535720909408,0.07947586616665281,0.12009064244495046,0.11891750161350137
163,163.0,163.0,0.0950134157144584,0.09416199998221762,0.04694135781018782,0.10927120264893361,0.07676417877394556,0.14421853813115154,0.11154399248491462,0.07200212463117407,0.1406658154887623,0.10941737433425407
164,164.0,164.0,0.1129423128007043,0.08931592127713604,0.06461939866781638,0.10896854016940387,0.07329076522202582,0.1296895566866055,0.10492177402251454,0.08175798050700452,0.12767485919080207,0.10681889145598641
165,165.0,165.0,0.07670341383631829,0.08733026526734083,0.06329161815704905,0.09890444934021196,0.08402608336512228,0.13048337875001662,0.11216662518073348,0.09192950653465538,0.1513789917780483,0.10378566779050331
166,166.0,166.0,0.09914982267960071,0.10013781685915021,0.07158835339102826,0.11302092805680172,0.0787899619997029,0.11693221284290282,0.10442917390968454,0.07702738300785482,0.13389686363474118,0.10502748361853234
167,167.0,167.0,0.09411040006493428,0.09584019813783583,0.04502683838111735,0.09857433353992205,0.08990271087379778,0.12634386898926014,0.10001281694245771,0.10883952746183952,0.12980227786020435,0.11154702774863061
168,168.0,168.0,0.09394204842523401,0.10552989365904249,0.07784617527606758,0.10026143686099324,0.08412520628710414,0.12326895880143156,0.09243450063525263,0.08855527923973047,0.1364324564309664,0.09760404438417705
169,169.0,169.0,0.11025877959301518,0.08186388723495419,0.07289774399794235,0.09480625331932041,0.0714142421566018,0.13515301356638207,0.1184373647319793,0.08354328143663846,0.1423692168641884,0.08925621709897748
170,170.0,170.0,0.10865547659324401,0.09550465939139577,0.05660591721254674,0.09464992128533738,0.08887074957414225,0.13259281138218995,0.11720748463580573,0.06368746208558954,0.12967713910168413,0.11254837873806409
171,171.0,171.0,0.08843365248677143,0.07770897176839295,0.07794341568536081,0.09965513023070624,0.0955623705606897,0.13265819480363378,0.10256089049511703,0.10056452266981257,0.13300948481465216,0.09190336648486287
172,172.0,172.0,0.10472068086666939,0.10285168772066167,0.0660005490583167,0.0921831923041517,0.08154898198254237,0.11628161992968913,0.11195060302939194,0.08540606392915158,0.12978349418034488,0.1092731269990802
173,173.0,173.0,0.1094276319364382,0.09712743705564661,0.06467141875401936,0.09803704628890884,0.07306160253737518,0.12474570409781298,0.09428088313481689,0.10608700717672992,0.12191713935487354,0.11064412966337803
174,174.0,174.0,0.10287051790060138,0.0795371941903503,0.06379520256557905,0.09676275602255278,0.07815044726826724,0.15192313622728187,0.09831711568357984,0.08606215478755079,0.1435409945395429,0.09904048081469341
175,175.0,175.0,0.10112523337326537,0.09941214290446129,0.0625066272541595,0.08375460172226085,0.07918379495023783,0.1320887110767829,0.1109323700291182,0.08055029558806151,0.12979678158936164,0.12064944151229055
176,176.0,176.0,0.10959865558858502,0.09466795543829101,0.0605647554397716,0.09800024156552764,0.09195315865057531,0.13815347217932222,0.09167277446406094,0.07968024444162389,0.1277588399175305,0.10794990231471144
177,177.0,177.0,0.10221697036902896,0.08594263849424015,0.05637573986129692,0.07330364924650354,0.09103986888616522,0.14049146204377894,0.11242558503051658,0.10608493414181704,0.13829535574955323,0.09382379617709899
178,178.0,178.0,0.09140855591290317,0.09309595812302421,0.07523170595155797,0.11114459286039795,0.0667053103883849,0.13224507549504955,0.11149658955504216,0.08651703923022361,0.11939022805934343,0.11276494442407262
179,179.0,179.0,0.09557274706704666,0.09853432809159739,0.06898255440375953,0.10456467675963599,0.09087800682765505,0.13016622954149654,0.10607348445284118,0.08517656134345217,0.13651771347651162,0.08353369803600352
180,180.0,180.0,0.09591479798008248,0.08880908451979605,0.0673018116635207,0.10856592106990406,0.06509285786420492,0.1182478162976136,0.10479831097052075,0.09035569157938157,0.14092027363102266,0.11999343442395279
181,181.0,181.0,0.08708990370739741,0.08437711335152565,0.08906108217686853,0.09194283836286181,0.09482609411624525,0.13823796652820464,0.09054844907472097,0.09584753414182529,0.12125052738953708,0.10681849115081306
182,182.0,182.0,0.10224180164932095,0.10527425726233904,0.06549652778216326,0.1110723392650517,0.07432818314947295,0.12056809312509242,0.09254104267926874,0.0850359571330367,0.13535018814792066,0.10809160980633321
183,183.0,183.0,0.10608049437504959,0.08910200556979797,0.05798504157237967,0.11303938676406403,0.07880780256449585,0.12801307806011225,0.11026564969016657,0.09613865892594434,0.13967898785920166,0.08088889461878765
184,184.0,184.0,0.10634491291146433,0.09147867804484971,0.04374983659826568,0.09336028443012824,0.06706773517495554,0.13916204258176462,0.09970732014753422,0.0912484300904264,0.1458254710341618,0.12205528898644899
185,185.0,185.0,0.08992617641740448,0.08315050201417537,0.06662480289493919,0.08907608205656556,0.0880371151959427,0.1414758213504887,0.10748068667994617,0.08989400721883346,0.12593617439988283,0.11839863177182106
186,186.0,186.0,0.09350707244432858,0.06877037756437447,0.07408089158157752,0.09308501300975784,0.07906018892030807,0.1476464604768324,0.09627251189179743,0.10410572634976134,0.13243131506738368,0.11104044269387817
