,Unnamed: 0,Generation,Intertwine_two,Add_vertex,Delete_vertex,Invert_path_vertices,Insert_inside_vertex,Delete_inside_vertex,Replace_inside_vertex,Donate_between_routes,Trim_one_terminal_cb,Grow_one_terminal_cb
0,0.0,0.0,0.09999999999999999,0.09999999999999999,0.09999999999999999,0.09999999999999999,0.09999999999999999,0.09999999999999999,0.09999999999999999,0.09999999999999999,0.09999999999999999,0.09999999999999999
1,1.0,0.10900000000000001,0.10100811745974334,0.0994442697889081,0.09727453677471143,0.10130085664737015,0.1003151462326024,0.0999072451649044,0.10136588500285461,0.09883299576500058,0.1002540161226351,0.10029693104126979
2,2.0,0.31601,0.10157998291347269,0.09825376714355426,0.0941608423064782,0.10272212222672164,0.10019574169725783,0.10116739908548462,0.10274935177667452,0.09840866518874478,0.10084419120612705,0.09991793645548432
3,3.0,0.6191589000000001,0.10213937715035548,0.09727245272589898,0.09089942462355796,0.10402796048629342,0.09999033398960802,0.10205085958867899,0.10451674748976074,0.09844527432525157,0.10105655155731602,0.09960101806327866
4,4.0,1.015801321,0.10417276386002446,0.09569115258507878,0.088937179954442,0.10389894422088622,0.1001619564652601,0.10232563581783291,0.10493003010214738,0.09833646410405644,0.10235155301645019,0.09919431987382131
5,5.0,1.50262148669,0.10582654604711252,0.09482222117751504,0.08557243859247272,0.10434600374419246,0.10034109990657342,0.10293004234887079,0.1043039005931192,0.0982739430245343,0.10441920064038922,0.09916460392522014
6,6.0,2.0757334209441005,0.10617175447421472,0.09311842320901731,0.08222776194418589,0.1050291325893792,0.10092925988758499,0.10416675724330446,0.10441333760776765,0.0980212742936255,0.10549254128636865,0.1004297574645514
7,7.0,2.7307768275633495,0.10659777256655416,0.09195362090106789,0.08004164288468583,0.10374409735322018,0.10027181497067139,0.10522366583426354,0.105645500732263,0.09859592976101392,0.10655526267733365,0.10137069231892616
8,8.0,3.4630081252450404,0.10686921466184272,0.09167655162928424,0.07785972716966408,0.10482045407398166,0.09971187216883162,0.10591782850450038,0.10575737160829822,0.09794200279276295,0.10788809370239107,0.10155688368844276
9,9.0,4.2673862119061114,0.10778402267600348,0.09123138791323937,0.07577043162147724,0.10462016028888814,0.09968564700211659,0.10573022483152829,0.10516628933804344,0.09837892177185242,0.10955041089903364,0.10208250365781708
10,10.0,5.138652627782014,0.10796245425081813,0.08874412327865124,0.07394463117909035,0.10417790425593784,0.09884850560593346,0.10665993501955413,0.10634888022580055,0.09868118472296515,0.11123576662174312,0.10339661483950574
11,11.0,6.071405875792507,0.10909510051107844,0.08890747812312805,0.07231356096508132,0.10438413963567014,0.09840382920171949,0.10842800044589357,0.10614212688166764,0.09686325253843484,0.11188582451144281,0.1035766871858834
12,12.0,7.060169740244025,0.10894641529406185,0.0897346853562196,0.07051964001110066,0.1044612315327848,0.09762516450449721,0.10959095811872208,0.10779796724140497,0.09617482878394513,0.11191390724160147,0.10323520191566196
13,13.0,8.099455520847952,0.1090556386910243,0.08840183786357768,0.06938808491357266,0.10511081011352431,0.09658008100236805,0.10947009227612829,0.10898203640956214,0.09576532875835403,0.11279927965308119,0.10444681031880707
14,14.0,9.183818168183006,0.10909683144384114,0.08772479557391327,0.06784945155383279,0.10463721425483236,0.09460284962695208,0.11142279560450163,0.10910730016640248,0.0962977414809423,0.11377268017925195,0.10548834011552974
15,15.0,10.307906369102724,0.10907773877682687,0.0880198106913759,0.06722371945377852,0.10424163511308569,0.09494888500052347,0.11212478003824673,0.10900865228888129,0.0950605092666732,0.1144446255246079,0.10584964384600015
16,16.0,11.466506686239443,0.10894700527245368,0.08786397459378667,0.06662397129247419,0.10334187030810071,0.0949411891193783,0.11180382918801753,0.10889687950146032,0.09555232866804075,0.11650699983163887,0.10552195222464872
17,17.0,12.654581904800096,0.10895212778051788,0.08805904922865593,0.06564388598811988,0.10253402094940574,0.0933045062606978,0.11289775783325225,0.10888560555974158,0.09615131361624739,0.11897040231822612,0.1046013304651352
18,18.0,13.867303782456686,0.10863738081065087,0.08878556881996379,0.06466884705988238,0.1021154154072858,0.09330436555419018,0.1135495611099323,0.10856703542335121,0.0960404754728488,0.12085199072274673,0.10347935961914771
19,19.0,15.100080434523047,0.10913385942436793,0.08957630907448146,0.06232604673164638,0.10175980660802078,0.09147932484740608,0.11586458152360973,0.10809269123182026,0.09615012594868072,0.12108485593029655,0.10453239867966989
20,20.0,16.348578617037543,0.10953424627373862,0.08820084328522557,0.06300350994523768,0.10201292747470106,0.09272581791470479,0.11665264171404302,0.10798098530922018,0.09393946095782423,0.1216978842352788,0.10425168289002588
21,21.0,17.608741195130214,0.1086763752669897,0.08809783516484893,0.06130667845397618,0.10175873330622633,0.09278554245650494,0.116875233982699,0.10747584091800527,0.09426709589022686,0.12215255175748357,0.10660411280303904
22,22.0,18.876800103462312,0.10898770758487897,0.08737385970979396,0.06230128533099227,0.10241902479787603,0.0925790790667413,0.11832915251464995,0.10645603899526107,0.09364794906895905,0.12089417418326909,0.10701172874757817
23,23.0,20.14928511992658,0.10853020361686319,0.08775564622951976,0.06110783184269988,0.10205885025342071,0.09394033748009323,0.11859405244379222,0.1056053073928368,0.0940165367950752,0.1212107370017492,0.10718049694394968
24,24.0,21.423028783545156,0.10870570014466223,0.0886481129266185,0.06079049140517724,0.10172938380576163,0.09396624299346754,0.11834585213694675,0.10589978851738362,0.09361348216274223,0.1220056828703998,0.10629526303684034
25,25.0,22.695167792966423,0.10897269534043556,0.08709509219068559,0.06221843414886726,0.1014293705012894,0.09288722194010554,0.11925653450132993,0.10570306087699825,0.0931006404841589,0.1226754184157799,0.1066615316003495
26,26.0,23.963141223515898,0.10875015831673651,0.08683253066792598,0.06102583289027973,0.10200018447500009,0.09216430477164266,0.11989587818374857,0.10584863368291696,0.09411055410558755,0.12211451620768388,0.10725740669847793
27,27.0,25.224685898775267,0.10683883630692464,0.08630054172837394,0.06038721939871394,0.10208531142061679,0.09167599425977516,0.12027590556637782,0.10608268969224627,0.09524441881104886,0.12266261767787237,0.10844646513805006
28,28.0,26.477829247520948,0.10711258841750326,0.08726895036194027,0.05989954382387963,0.10204517760629206,0.09137374895414363,0.1201953144729273,0.10533112055160473,0.09554285304438118,0.12302723753431459,0.10820346523301318
29,29.0,27.720879968916847,0.105368852444884,0.08740147223476749,0.06044525966222085,0.1016263526904058,0.09044486132862753,0.12116683282186612,0.10647910223090543,0.09493241546200717,0.12359057441901247,0.10854427670530295
30,30.0,28.95241681848399,0.10468601402125947,0.08795432750677065,0.06177550997061467,0.10157361288870224,0.08867607944899282,0.12174638318111591,0.1066643336113332,0.09564012629106203,0.12422897748379824,0.10705463559635059
31,31.0,30.17127581490958,0.10412002803795592,0.08806252350088321,0.06233612860308154,0.1018250187731261,0.08674429045379896,0.12224329153526937,0.10707633526221846,0.0957784762660834,0.12392940628101615,0.10788450128656671
32,32.0,31.376536153543515,0.10390950687635345,0.08796652778353278,0.06419217611517374,0.10111652755849737,0.08625238757902318,0.12295029400341925,0.1077250654785149,0.09444628542842429,0.12354749933751821,0.10789372983954265
33,33.0,32.567505096778625,0.10321422560983065,0.08774034283431052,0.06356611073181168,0.10054637650151257,0.0867601028426747,0.1253539200579669,0.1084408816307638,0.09350593035883485,0.12318553754309151,0.10768657188920264
34,34.0,33.74370209472243,0.10310976838542384,0.08745157218853808,0.06313217121140208,0.09955841474527775,0.08727637811996447,0.1266143920274333,0.10989400842138575,0.09154877354220006,0.12476472847027732,0.1066497928880972
35,35.0,34.90484237192463,0.10354051431294259,0.08727452799524157,0.06430208090809009,0.09945510860549626,0.0861257609291319,0.1278678440277874,0.11039110967208286,0.08992649094778472,0.12499524856078323,0.10612131404065923
36,36.0,36.05082019768737,0.10454689082057818,0.08798148292048782,0.06471843449416291,0.09967242674115083,0.08562095045196064,0.12716634988131564,0.10988333303953793,0.08870164940422805,0.1265431273461542,0.10516535490042367
37,37.0,37.18169203889697,0.10392355856314323,0.08958442941173095,0.06507665866067305,0.10044656176137846,0.08492617767579991,0.12584945319140217,0.10966202068419892,0.08964684311865645,0.12723978616515558,0.10364451076786116
38,38.0,38.29765977559663,0.10349834524823874,0.08994270078440786,0.06417465461810049,0.09919384252734907,0.08632859368154366,0.12649782971787385,0.10948859833268282,0.09047270963704263,0.12848406920108912,0.10191865625167167
39,39.0,39.399054140870355,0.10431479707906004,0.09059202074503786,0.06544981623237009,0.09968610308785916,0.08565848097148598,0.12658324487796793,0.10877126967988456,0.08882905642903283,0.12831968460252138,0.10179552629478007
40,40.0,40.48631852820801,0.10437518686647905,0.0885750116521779,0.06577645003501909,0.09951922398405336,0.08425245806252091,0.12732749120977016,0.11044618240313551,0.09040136821480571,0.12847869277467483,0.10084793479736341
41,41.0,41.55999329152982,0.10428630903269537,0.08915869289296034,0.06476083073100947,0.09959259557636735,0.0837556843900582,0.12827786127500215,0.11004944231077254,0.0905630327680198,0.12853129460926865,0.1010242564138461
42,42.0,42.62070064560415,0.10392023633913032,0.0890746329126549,0.06626028260470626,0.099775570164265,0.08355801522694264,0.1279965289741093,0.10907600741101581,0.09145886028618713,0.12828862140835218,0.10059124467263642
43,43.0,43.669130257815,0.10286436268644031,0.08836795610795947,0.0652683903728463,0.09980548606858025,0.08351252054606037,0.1285577245618747,0.10922521058613543,0.09205150778982618,0.12921208082882701,0.10113476045144985
44,44.0,44.70602560622662,0.10225523182775124,0.09151208416540361,0.06473034047395468,0.0991757271254973,0.08351723675272252,0.12938434164241563,0.10859768396844076,0.09124347697613616,0.12984896602996338,0.09973491103771465
45,45.0,45.73217116373481,0.10118066604144918,0.09120454456141519,0.06632782348836698,0.09782797671203279,0.0848777139356446,0.12903100323051922,0.10742612960304425,0.09219464066791593,0.13038107985395458,0.09954842190565719
46,46.0,46.748380453854836,0.09904054292584699,0.09044294715701434,0.06701913348640096,0.09919873402224605,0.08425679576608437,0.12959577153546192,0.10738178140004657,0.09147443132470882,0.13041738110335854,0.1011724812788313
47,47.0,47.755485010424316,0.09865424396822217,0.09048414912256941,0.06666073371287391,0.09931513693884716,0.08516916711019658,0.12922085546231338,0.10837190492186609,0.09186150233001454,0.13068516688196224,0.0995771395511344
48,48.0,48.7543242612326,0.09717046840785652,0.09207894353572639,0.06670214761119848,0.09844402956446056,0.08724411627823163,0.12864665953176968,0.1074790582243117,0.09262798420765937,0.13083766414931375,0.0987689284894718
49,49.0,49.745736344347726,0.09557223275281625,0.09228223633876007,0.06622042135313716,0.09858603212855911,0.08746696053186069,0.1288882995628291,0.10654587595449341,0.09225959367718556,0.13180450491805681,0.10037384278230173
50,50.0,50.730549855707864,0.09519497933987794,0.09088253015642869,0.06688403472103086,0.09916686929646487,0.08762780980918583,0.12942637316184172,0.10592297349222582,0.091884871321641,0.13239262692110898,0.10061693178019415
51,51.0,51.70957651737491,0.09411818692068766,0.0912798743577706,0.06681191803457874,0.09756476916842984,0.08745731655110028,0.13132666669175802,0.10446685504486174,0.0920787207961127,0.13387192581650945,0.10102376661819079
52,52.0,52.68360474770151,0.09287807172799004,0.09043269940558228,0.0664245267507743,0.09604352097448171,0.08768372383904689,0.13327795270903647,0.1030824929450725,0.09311075690766854,0.13486693136238803,0.10219932337795903
53,53.0,53.65339410751842,0.09402201915928293,0.09021103255341853,0.06792936035958218,0.09507854579241062,0.08705198921030077,0.13312422623187112,0.10224376644496053,0.09312505584163494,0.1350842489256104,0.1021297554809278
54,54.0,54.61967059027847,0.09347480104320009,0.09104781887647952,0.06741262854826609,0.09447100879499931,0.08750300933270055,0.13288667464682916,0.10145826191240989,0.09307576403326068,0.13567606529778165,0.10299396751407287
55,55.0,55.58312271885972,0.09274032199046595,0.09021182607279021,0.06674473273540193,0.09422695632994155,0.08746081658140553,0.13435962228842405,0.10053332269881288,0.09375108332580916,0.1366313713457785,0.10333994663117005
56,56.0,56.544398407394254,0.09259181344078395,0.08977551158176388,0.06789783997162277,0.09354423542936614,0.08860320861853903,0.1334109643114897,0.10150886392750431,0.09293188743438908,0.13658461699836766,0.10315105828617328
57,57.0,57.504102543001395,0.09124725401974039,0.08991479977746071,0.06827727554815738,0.09504115230798812,0.08810173373472693,0.13322782962956586,0.10122502486099098,0.09307820823488723,0.13655924910612421,0.10332747278035799
58,58.0,58.462795239617805,0.09065654558680307,0.09026974537369223,0.06807363894716384,0.09548342413031231,0.08818243374002344,0.13282258483020637,0.1004386476525984,0.09231494140749769,0.13762863590712482,0.10412940242457772
59,59.0,59.42099071417639,0.09215522643183366,0.08980470571691564,0.06743708500791597,0.09584684876729543,0.08952866696152394,0.1317469282749362,0.10089791901309854,0.0914089420691619,0.13712591751788025,0.10404776023943837
60,60.0,60.379156734137354,0.09249381218537565,0.08884232118406857,0.06812246770408772,0.09628495676635815,0.08916710882467602,0.13104611838378338,0.10235539928346978,0.08986832882065587,0.1371205615221474,0.10469892532537738
61,61.0,61.337714584760846,0.09246240804288718,0.08804248712640197,0.06963352264472285,0.09570870415026381,0.08941384127261076,0.13098447740068817,0.10276499886285374,0.08959378280030195,0.13578630700580602,0.10560947069346352
62,62.0,62.29703950447439,0.0931634722021926,0.08898063107634568,0.06841253322602397,0.09631485355695137,0.08902691681342441,0.1307474077836658,0.10246745330871816,0.08948914660458156,0.13480718829722138,0.10659039713087502
63,63.0,63.257461537171835,0.09381944366480319,0.08854020864760974,0.06803770429557078,0.09565633802776333,0.08953242067257518,0.13160296649735445,0.10393188144479265,0.08798126973485443,0.1329594450912175,0.10793832192345877
64,64.0,64.21926675122782,0.09498407678049987,0.08843778063179478,0.06688320575857681,0.09568006477108489,0.08929722066439041,0.13108065015467324,0.10470307021599043,0.087770966665529,0.13406618595893485,0.10709677839852569
65,65.0,65.18269877636592,0.09562595653616456,0.0884803094173387,0.06571795704942711,0.09548976233601793,0.08818741320259531,0.13070611109095123,0.10485754757432617,0.09008665605933762,0.13369535825599027,0.10715292847785109
66,66.0,66.14796061122655,0.09587363760594156,0.08798008260156147,0.06542870584474955,0.09778910761095418,0.0879604192095695,0.12980126417573912,0.10501567133924253,0.08981090641398855,0.13320399042844513,0.1071362147698084
67,67.0,67.11521665648885,0.09576730466850653,0.08737685199846079,0.06553919111880108,0.09902160548995421,0.08710371488239577,0.13120025399712698,0.10493242950745686,0.08936057781063748,0.13494450506180045,0.10475356546485978
68,68.0,68.08459493066005,0.09579629787763666,0.08802302634833595,0.06474934512593555,0.09869291390712555,0.08748525766337564,0.13097998670346253,0.10532019618145375,0.08936765404318443,0.13417397823119204,0.10541134391829782
69,69.0,69.05618942810752,0.09560349584250526,0.08726681277681873,0.06412516073760748,0.09872955573085147,0.0860888399933721,0.131495083056374,0.10554411170558223,0.09242870719522349,0.13409645234413997,0.10462178061752515
70,70.0,70.03006258152917,0.09452503214420321,0.08671952811642256,0.06398910136703319,0.09909640133047834,0.08676557886265847,0.1332272023319325,0.1053625535366121,0.09282238058204964,0.13374894340778495,0.1037432783208249
71,71.0,71.00624779379335,0.095342328830477,0.0878208342686513,0.06300515083182157,0.09922333309399053,0.08615047374073055,0.1334536473113705,0.10566362296062914,0.09178587621328767,0.1348184771317131,0.10273625561732849
72,72.0,71.98475200689319,0.09575354520259836,0.08868120927396571,0.0632873947282939,0.09893960140465329,0.08391864054172941,0.13312203756539737,0.10603259484614787,0.091541536420403,0.13630588131818355,0.10241755869862737
73,73.0,72.96555827861411,0.0941218684492017,0.0876702822165534,0.06288436168718049,0.09986908880634453,0.0839011365071311,0.13342211563348946,0.10737725505765494,0.09265021188558953,0.1359188636949485,0.10218481606190616
74,74.0,73.94862834037681,0.09483611323593281,0.08831240534959509,0.06340914420213532,0.09802708893701136,0.08304690217049913,0.13319948572599996,0.10730150850334014,0.0929279220882069,0.13666458198507528,0.10227484780220378
75,75.0,74.93390511255946,0.09583636598831964,0.08797377278974505,0.06491343631305266,0.09769745404242787,0.08228248002586037,0.13282878586773983,0.10756107824793434,0.09261666273330894,0.13641441396058354,0.1018755500310275
76,76.0,75.92131515639825,0.09559001052710744,0.08900386355034856,0.06662171967622087,0.0971904719204958,0.08092695642432576,0.1328222277304811,0.10809812496905215,0.09304558257641077,0.1356563882217934,0.10104465440376387
77,77.0,76.91077104428919,0.09498455033691511,0.0898773760986345,0.06686094262420478,0.09686373328080235,0.08020701272506545,0.13368427760524954,0.10709927639813108,0.09354672244686896,0.13701744711891847,0.09985866136520956
78,78.0,77.90217363294813,0.09571935266768758,0.08992968828744613,0.06568316531609454,0.09683826837987772,0.07963586268100292,0.1328051622005047,0.10867025272612822,0.09348923690503994,0.13762006886359238,0.09960894197262563
79,79.0,78.89541422641172,0.0980531440740194,0.09037893165174382,0.06609589984409943,0.09668471363809991,0.07943219717620176,0.13238187752170372,0.1066193025353945,0.09219121767771733,0.13701483271113682,0.10114788316988309
80,80.0,79.89037661826481,0.09791024413337371,0.0907390640060577,0.06578223373515046,0.09639363049460473,0.08046048240748065,0.1313044396518078,0.10480241808025777,0.09361853322506361,0.13788726213219696,0.1011016921340064
81,81.0,80.88693900474995,0.09585745065229791,0.0898635664195551,0.06409852123280252,0.0957915842976306,0.08099361291705967,0.13262775680296274,0.10473293523276309,0.09344741094783134,0.13925930845139223,0.10332785304570462
82,82.0,81.88497576253909,0.09592046216681169,0.08880400549850978,0.06324308413725568,0.09627428086748314,0.08128643262512861,0.133254683538366,0.10448999742379353,0.0923331167592933,0.13983868150837422,0.10455525547498384
83,83.0,82.88435908692391,0.0951855058073576,0.08878862751702472,0.06168878754401556,0.09734320686728445,0.08230549902874215,0.1322971032367128,0.10476286742767858,0.09183024987659942,0.14029649984695228,0.10550165284763224
84,84.0,83.88496048800103,0.0945657767541009,0.08679707892902909,0.06039355316723709,0.09639876226581694,0.08204886538760302,0.1336383519758181,0.10567774398378985,0.09470993479313336,0.13943387297440987,0.10633605976906156
85,85.0,84.88665214409042,0.09451934249318467,0.0867697479800663,0.06020759700450193,0.09873416364232472,0.08149629031413538,0.13341470689287283,0.10515313934005754,0.09538883637519964,0.13856185522910747,0.10575432072854929
86,86.0,85.88930811312994,0.0945710079755533,0.08774711192540238,0.05879889129340912,0.10029327551994996,0.08035198012104468,0.1332758192883035,0.10602805999172354,0.09390763355382019,0.13892528324117107,0.10610093708962205
87,87.0,86.89280540413424,0.09521105514819896,0.08702421986884958,0.05803359478818977,0.09983086101102956,0.080421148850646,0.1355700760484955,0.10610391098070798,0.09183762685204433,0.13865662441004395,0.10731088204179423
88,88.0,87.89702491199675,0.09358495010646087,0.08658206719418267,0.057474350500064865,0.09957858196410396,0.08055739379205243,0.13574043434383332,0.1056688617804095,0.09224412596981418,0.140527030630647,0.10804220371843104
89,89.0,88.90185221995306,0.09232273769389908,0.08664030534795057,0.05879860734523796,0.09958205977319472,0.08066924966399358,0.13641871277251297,0.10554200620168289,0.09247774522735419,0.1404313185549796,0.10711725741919433
90,90.0,89.90717827491419,0.0928958249554638,0.08670210729369912,0.05986972293372222,0.10064788069214496,0.08022978948173774,0.13556228336149695,0.10511054602103487,0.09210371923515018,0.1388389947677546,0.1080391312577954
91,91.0,90.91289994163006,0.09320002906470388,0.08805860847724477,0.05976113869961869,0.10122943033337592,0.08102387999434951,0.13576676674831106,0.10390711926568014,0.09075098953313264,0.13824067223328068,0.10806136565030253
92,92.0,91.91892044225806,0.09335604025847363,0.08888014507649564,0.05916490945626259,0.10211048984051191,0.07928590542500909,0.13572933638001897,0.10349325084421925,0.09131568735057385,0.13863505737821327,0.10802917799022162
93,93.0,92.92514968840067,0.0933265940797047,0.09021362026154003,0.06003957183238137,0.10201232531233695,0.07798663396077611,0.13557046806808593,0.10211833326298356,0.0920930730460166,0.137557998734549,0.10908138144162555
94,94.0,93.93150451304501,0.09491434915166218,0.09002191236253838,0.06100516703928974,0.10150607722545613,0.0781642949366627,0.13563615150159894,0.10214715602114624,0.09196932566901009,0.13610239914641814,0.10853316694621729
95,95.0,94.93790881009448,0.09529967073937295,0.08746977138002661,0.061808235658949086,0.10015163025478871,0.07821750100459184,0.13611296522996202,0.1028363837298275,0.09321524660020143,0.13563819453364814,0.1092504008686316
96,96.0,95.94429358933806,0.09531418168044847,0.09019714317251645,0.06179626952014331,0.1009949863679713,0.07915116783619926,0.13431887178624943,0.10240272980194609,0.09289414408451042,0.13565702298128016,0.107273482768735
97,97.0,96.9505969547639,0.09445581618499117,0.09094203952760951,0.06357928094294743,0.10013126334288602,0.07919246313082043,0.1337255225651858,0.10107627338745015,0.09499758131638779,0.1350138988984077,0.10688586070331392
98,98.0,97.9567640140995,0.0942446739772086,0.08990432124798484,0.06369056637943192,0.09992659956018662,0.078970557470676,0.1336493798354833,0.10303126416684986,0.09364266114725739,0.13592794087476837,0.107012035340153
99,99.0,98.96274672736057,0.09533164181898815,0.08997897787852692,0.06384844273035742,0.09882989447080918,0.07925331592570933,0.1331841912521166,0.10318983314787362,0.09459790178331502,0.13522428767349107,0.10656151331881258
100,100.0,99.96850370202192,0.09650052576762476,0.09014547402839637,0.06337091082997623,0.10016873503182093,0.07776448493206282,0.13327246918602262,0.10381077021690002,0.09343216713717721,0.13578243118015304,0.10575203168986588
101,101.0,100.97399994219691,0.09745720946794735,0.09123473209508844,0.06436253134333327,0.09980118601073962,0.07620465367137699,0.13422275544145193,0.10313185524388774,0.09230310208416455,0.13613318109080522,0.10514879355120482
102,102.0,101.97920655893245,0.09876316752534695,0.0916920474321538,0.06472564499110303,0.0981978465331858,0.07615996916689499,0.13315688621867397,0.10360433344168946,0.0923795233986908,0.13694725163716526,0.10437332965509591
103,103.0,102.98410044840509,0.09959056158313277,0.09052044496557468,0.06465877944709461,0.09911576604100744,0.0765076707815058,0.13261254227944935,0.10387624903432886,0.09267128706813994,0.13639113532472497,0.10405556347504152
104,104.0,103.98866394444643,0.09889970980942932,0.08828078079499638,0.06420160162730017,0.09908925253260117,0.07886427590801832,0.13257024803891868,0.10372672246866955,0.09435659698692589,0.1356705264947074,0.10434028533843306
105,105.0,104.99288445143917,0.09853162893641472,0.08938961528389855,0.06390698144513325,0.09704038523904718,0.0796265118879315,0.1340282533203837,0.10370325153481184,0.09396968105844089,0.1350798321743897,0.10472385911954857
106,106.0,105.99675406321822,0.09732806485781113,0.08885178886065513,0.06342949972158601,0.09813948412799955,0.08121690220698194,0.13611564910764293,0.102481836000316,0.09338479804402826,0.13539875106397348,0.10365322600900546
107,107.0,107.0002691731872,0.09668214113924757,0.08850363439121685,0.06443548784131939,0.09878857733478572,0.08206489920137805,0.13598729142582888,0.10329306047198769,0.09320249388196647,0.13428655379322343,0.10275586051904584
108,108.0,108.0034300804274,0.09556371211451119,0.08971150147350535,0.06525070058061354,0.09736157707555708,0.08296415950636178,0.13537977835118822,0.10292310848998383,0.09310133080246501,0.13406150749237142,0.10368262411344245
109,109.0,109.00624059613932,0.09356827685692032,0.08977116813553576,0.06691825192167182,0.09649217380388198,0.08235519433405548,0.13553415328730173,0.10393658201625505,0.09311899304358305,0.13381339129312775,0.10449181530766691
110,110.0,110.00870765431864,0.09383922197510705,0.08897108075009773,0.06580672210598057,0.09750246585839631,0.08327676037047092,0.1365975515881783,0.10305944372926004,0.09314859025515629,0.1337400191639208,0.10405814420343182
111,111.0,111.01084093013685,0.09358621864761098,0.08984940006107608,0.06513173477795707,0.09755401550453771,0.08419150930055701,0.13683767559549567,0.10217124757438233,0.09301874964222345,0.1339371479106754,0.10372230098548411
112,112.0,112.01265246907188,0.0936805378718879,0.09011384281018806,0.0666659292525021,0.098433047928305,0.084039442664961,0.1367813647621083,0.10012146338999774,0.09244365939700494,0.13363242626246505,0.10408828566057973
113,113.0,113.01415632942268,0.09452050059618829,0.08855459543406317,0.06776570914952712,0.0988539056899931,0.08465172746252383,0.13644741991790202,0.09994603584223344,0.09247544480967106,0.13351811070736555,0.10326655039053222
114,114.0,114.01536824044418,0.0939922186167625,0.08814452898802409,0.06792361841519166,0.09771860310763682,0.08453828097382307,0.13757239997109555,0.09876417182590795,0.09175886277259604,0.13453631974646157,0.10505099558250054
115,115.0,115.01630527795908,0.0935986336688924,0.0887505429718782,0.06733162618567047,0.09541702613082757,0.08559989430106615,0.13682842756685518,0.09797820338840887,0.09357086225697644,0.13597181510793174,0.10495296842149276
116,116.0,116.0169855589429,0.09367039790766507,0.0878313025021957,0.06922412910184932,0.09584513703615832,0.08596278209914257,0.1368663203581492,0.09819141681412377,0.09282656853232246,0.13487616044130002,0.10470578520709337
117,117.0,117.01742795623892,0.09533221555207835,0.08684982209039768,0.06895528465353601,0.09490124720321205,0.08633135358889145,0.13687447510024836,0.09810229990136854,0.09322302114354446,0.1347124113201573,0.10471786944656561
118,118.0,118.01765183424293,0.0981002583464737,0.08902571799035192,0.06843211662427445,0.09343377141369258,0.08581976382225603,0.13630271207104155,0.09782726204601021,0.09269634652180936,0.13372980276719743,0.10463224839689256
119,119.0,119.01767680610413,0.09759275841979141,0.08901495390959874,0.06820817647262244,0.09528063533305026,0.08619090798971213,0.13593461512074148,0.09900300711441784,0.09274085298666315,0.1333347801288037,0.10269931252459866
120,120.0,120.01752251271817,0.09780455837379963,0.08855952565799588,0.07043933303794297,0.09683965691274443,0.08446656707972466,0.13501885432188368,0.0992925597472388,0.09106610269470182,0.13288528027833457,0.10362756189563334
121,121.0,121.01720842354362,0.0980010829992004,0.08882720212557471,0.07173967097229113,0.09600085581900349,0.08490853312400642,0.13504020684277906,0.09783950887276237,0.08911166805330595,0.1341544896632376,0.10437678152783866
122,122.0,122.01675365905109,0.09686197314110546,0.0904073314881039,0.07109660868672377,0.0958089136860362,0.08501740739834134,0.13524779655743932,0.09913569870322891,0.08816279215940453,0.134231535104691,0.10402994307492539
123,123.0,123.0161768344173,0.09755117795979626,0.0913004255538497,0.06973313235751197,0.09483065382099654,0.08531677780926146,0.13468644830183224,0.09935329439814387,0.08870795739596501,0.134762567281189,0.10375756512145379
124,124.0,124.01549592390272,0.09699314357524896,0.09188381176811825,0.07041477976293338,0.0947053798506931,0.08602346051161051,0.13442468959514842,0.09907800138853709,0.08812637291289965,0.13450904332151348,0.103841317313297
125,125.0,125.01472814520056,0.09679427336523728,0.09141962151818497,0.07088367287507971,0.09631981951354548,0.08522270651040342,0.13235045813716323,0.09942212897748139,0.08827244910322357,0.13528597528188113,0.10402889471779964
126,126.0,126.01388986291661,0.09801812773068384,0.09313104938055762,0.06818892185363501,0.09614534431595873,0.08421578718581968,0.13221376850124492,0.09829109628655028,0.08811761376093509,0.13573409773034525,0.10594419325426943
127,127.0,127.0129965102319,0.09737087452707179,0.09269431745321163,0.0677492795313914,0.0957069877318012,0.08404611984307743,0.13268427438786642,0.09810488931153619,0.0887351574465627,0.13624148100612038,0.10666661876136066
128,128.0,128.01206252771334,0.09891803612033763,0.09247029763590756,0.06668226389574702,0.09421868168795244,0.08417359675891431,0.13186023775632075,0.09990349984410032,0.08805819153399733,0.13673036501498845,0.10698482975173394
129,129.0,129.0111013181695,0.09849808499405413,0.09337579346312214,0.06807074914573508,0.09346752940323348,0.08312596029041547,0.13040682459675165,0.10106713096112921,0.08885811126869753,0.1358773610388267,0.10725245483803436
130,130.0,130.01012521639834,0.09830211968754812,0.09437893934800368,0.06922029779838457,0.09410885025247966,0.08217689810345469,0.13063344138649655,0.10080319598813978,0.08738470630798562,0.13557609549572314,0.10741545563178397
131,131.0,131.0091454726403,0.09703088976970839,0.09489442291968354,0.06816878901147308,0.0943005202918113,0.08269950848550278,0.12961380432211705,0.10138111860754488,0.08803683291862058,0.13592560153092495,0.10794851214261321
132,132.0,132.0081722485317,0.09719148131330778,0.09483209657312167,0.06715382927800938,0.09420685354015568,0.08248323247621699,0.12856817434710183,0.10208031121101517,0.08845948103803515,0.13683386195724476,0.1081906782657914
133,133.0,133.00721462434865,0.09651154187487643,0.09424249333208591,0.06749360337853713,0.09543953749565567,0.08217612063772524,0.12830538278873943,0.10216121100914793,0.08771832342484186,0.13610958563723127,0.10984220042115889
134,134.0,134.0062806163404,0.0970623289397395,0.09656648967418158,0.06815347805974684,0.09496530739605828,0.08037031523279033,0.12771518994583442,0.10280037533852143,0.08826908801954185,0.1335610696554479,0.11053635773813768
135,135.0,135.00537720296956,0.09782976770101913,0.09564506973542251,0.06811306458696509,0.09404066637634974,0.08271285751884304,0.12565290952171065,0.10171134466369601,0.08808418509213355,0.13471571812238173,0.11149441668147839
136,136.0,136.00451035890612,0.097204990821168,0.09698052268959201,0.0671438340209976,0.09447310739278274,0.08163922535255193,0.12595325936784357,0.10093460368090183,0.08943143835825285,0.13619953780606067,0.11003948050984866
137,137.0,137.00368509565993,0.0964339160524108,0.09714642318209558,0.06835768448505208,0.093511887358439,0.08263939237793319,0.12556827347236865,0.10149042860398223,0.08972581563579306,0.1355054913688189,0.10962068746310633
138,138.0,138.0029055077818,0.09739645286046275,0.09815954008537922,0.06794444844767636,0.09292354465175008,0.08259269798411616,0.12495039654406367,0.10142118927445769,0.08969254209036544,0.13514082249016507,0.10977836557156341
139,139.0,139.00217482361367,0.09732817340427444,0.09759707903946273,0.06830939689422429,0.09286928738213869,0.08208103923951618,0.12556425184207406,0.10309898593988481,0.08950413899290152,0.13429128475288987,0.10935636251263327
140,140.0,140.0014954596262,0.09805281578457314,0.09638852048748174,0.0684799275294731,0.09320969837091546,0.08145494699967894,0.12614722822325058,0.10324586414857531,0.08961704960664277,0.13432049747503882,0.10908345137436998
141,141.0,141.00086907744122,0.09843316381076578,0.09633229465004103,0.06722703038872065,0.0934941603914494,0.08227881310501252,0.12538470640029745,0.10348123225338703,0.09149862851831758,0.13393589940119255,0.10793407108081592
142,142.0,142.0002966427003,0.09879608652106683,0.09605456756750992,0.06620653930824318,0.09404252628805956,0.08148875901584238,0.12530930610675828,0.103932053138905,0.09093943459346224,0.13538697142429945,0.10784375603585301
143,143.0,142.99977848500652,0.09931306405210837,0.09802033702633833,0.06543237354284882,0.09434036295239058,0.08018096738666845,0.12735887812396451,0.10405857508349058,0.09077913390745417,0.13440210723395019,0.10611420069078584
144,144.0,143.99931435823203,0.09954188568770607,0.09751503166121352,0.06431043249788448,0.09481054274595574,0.08085486689419637,0.1276220897634346,0.10293387778593899,0.09044075840697809,0.13452346695962622,0.10744704759706576
145,145.0,144.99890350055264,0.10080627146158913,0.09857787881325487,0.06274262810634651,0.09504234216282387,0.08006360310802467,0.1278923080427129,0.1038676972475087,0.09045035584779738,0.13503766996587444,0.10551924524406735
146,146.0,145.9985446936357,0.09999326106553448,0.09587458243806658,0.06337706851574369,0.09592725577720071,0.0798670228394244,0.1279008776403321,0.10556444401736725,0.091829849541444,0.1348229996741266,0.10484263849075999
147,147.0,146.99823632047406,0.10042336303635158,0.09359812188295974,0.06285635133950926,0.09688087773629481,0.07988771633650571,0.127458906063077,0.10590610733417456,0.0922171563645929,0.13618649358133178,0.10458490632520251
148,148.0,147.99797642142389,0.10097526636976087,0.09318739193014719,0.0625954500813096,0.09795763154463924,0.0799281689332094,0.1267126336219027,0.10687402378227295,0.09276940962643516,0.1364779204275164,0.1025221036828063
149,149.0,148.99776274806447,0.10186772015278495,0.09369766023730423,0.06151925964085753,0.09689077439325347,0.07909772995161998,0.1278678101370934,0.10658531852760683,0.0935432554880303,0.1362355691535609,0.10269490231788822
150,150.0,149.99759281456036,0.10210640937898399,0.09376756268144791,0.06182602193876223,0.0965989155247768,0.07884476971769565,0.12839803249280413,0.10590473591334044,0.09371167500467333,0.13636797831993278,0.1024738990275825
151,151.0,150.99746394626104,0.10073750230137994,0.09301568097903731,0.06190365280529945,0.09721308666969125,0.07880153779223463,0.13031801206070898,0.10491042209289496,0.09371882873892072,0.13635186526210633,0.10302941129772619
152,152.0,151.99737332532905,0.09990499162041895,0.09316399128326029,0.06177097836824738,0.09817318269867176,0.07842970336769318,0.13063721568235143,0.1050613546044683,0.09400814964344052,0.13611024111997205,0.10274019161147588
153,153.0,152.99731803323698,0.09885004223856905,0.09327856937197726,0.0619684274712449,0.09790336793610009,0.07929457681656517,0.13014660309408124,0.10547484165842189,0.09417392673999789,0.13476471143189633,0.1041449332411459
154,154.0,153.99729509002177,0.09623014387398611,0.09452916947259152,0.06103209804451144,0.09907254228659877,0.08049231646603809,0.13069137956246707,0.10550563539644893,0.09373283201210618,0.13330519846900823,0.10540868441624336
155,155.0,154.99730149022784,0.09456324728256452,0.09349025181673584,0.05939796865579813,0.09930595396071833,0.07951656144399434,0.1306259703377363,0.10784323082532557,0.09540764557025394,0.1344387562755706,0.10541041383130217
156,156.0,155.99733423551103,0.09469474071851974,0.09367155181208811,0.061078110417799314,0.09953135800087834,0.07918132973490044,0.12986609100758076,0.10750104793354893,0.09511785936261001,0.1339593040687928,0.1053986069432813
157,157.0,156.99739036391077,0.09377301172805565,0.0940129827014836,0.06108726352792772,0.10071261634345645,0.0769385371594633,0.12974869392833197,0.10825383084534973,0.09318116061544045,0.13548776219518296,0.10680414095530794
158,158.0,157.99746697583146,0.09379899905211558,0.09423553018726094,0.06184086006978141,0.10218484424397066,0.07510002363424613,0.13135509196535838,0.10712915565055292,0.09107251179676905,0.13617648920130968,0.10710649419863502
159,159.0,158.99756125680176,0.09408600302654524,0.0946186089553308,0.06243924772197567,0.10202120454991075,0.07611491657113098,0.12992974655814926,0.1064246025413309,0.09220295529257083,0.13514054441312984,0.10702217036992549
160,160.0,159.997670497107,0.0942358728809982,0.09516290027890903,0.06290590071404925,0.1019749140497945,0.07576356164957344,0.13178156157589593,0.10641584257144635,0.09205472582176248,0.13529077114759072,0.10441394930997985
161,161.0,160.99779210841066,0.09466824075336061,0.09536486395982358,0.06169655946154222,0.10314187220517809,0.07663621384353722,0.13079544357736647,0.10683594536407211,0.091217730254287,0.13567858687927353,0.10396454370155893
162,162.0,161.99792363749984,0.09535639116624553,0.09487749486081636,0.06212846578612151,0.10273770206932883,0.07766696775380193,0.13167796520704297,0.10614969471334591,0.08992889389695276,0.1341616408062506,0.10531478374009336
163,163.0,162.9980627773051,0.09520934521184987,0.09483862715048441,0.060558528865856984,0.10372183439325489,0.07749987842486655,0.1331038490420723,0.10672168928023187,0.08791703674450106,0.13471319666129813,0.10571601422558369
164,164.0,163.9982073753568,0.09686793426654444,0.09431227206899483,0.060777218012825075,0.10463278091939215,0.07699479967712353,0.13304539324003486,0.10662248557623606,0.08692280177374431,0.13397002748931955,0.10585428697578493
165,165.0,164.99835543984977,0.09489751830467255,0.0935900233867561,0.060879682000569535,0.10448958130249661,0.07757672027391348,0.13303860685900798,0.10724068024292452,0.08699349469016092,0.13560863681027827,0.10568505612921975
166,166.0,165.99850514349492,0.09518684377863255,0.09415815715072802,0.061825692474502265,0.10571649819932676,0.07764133030539458,0.1316518302442825,0.10707256976521731,0.08561626608070076,0.13549287593448808,0.10563793606672683
167,167.0,166.99865482534062,0.09498292423273959,0.09429951226325554,0.06011857700921589,0.10544910825336068,0.07882224053808015,0.13119770073165155,0.10645320068000282,0.08747208594685663,0.1349632724458258,0.10624137789901109
168,168.0,167.99880299074837,0.09477383623578785,0.09541110827539678,0.061713189393672194,0.10530841988696393,0.07941811399218497,0.13043295483407688,0.10507353303521381,0.08732757341933584,0.1350980372172497,0.10544323371011775
169,169.0,168.99894830970783,0.09620901227720385,0.09414613189775152,0.06281482727069429,0.10458581217277987,0.07873037461077827,0.13086144904242827,0.10630572824057677,0.08670858942246187,0.1358263457469906,0.10381172931833439
170,170.0,169.99908961367427,0.09748083808765926,0.09424890792688698,0.0622779478487471,0.10382203643808133,0.07978389858472452,0.13103398925676485,0.1074130322807001,0.08413426881031218,0.13527804435867896,0.10452703640744446
171,171.0,170.99922589110733,0.09671504529147772,0.09257439510545368,0.06387178590991403,0.10354343801986209,0.08149210076982508,0.1312114020130664,0.10704289102629327,0.08530061825055252,0.13506179862792533,0.10318652498562958
172,172.0,171.99935628188598,0.09757172068485706,0.09343295092802,0.06425266980001433,0.10250662257291776,0.08176884657650949,0.12974788393424902,0.10760391514544286,0.08498712591689533,0.13452405526868363,0.10360420917241026
173,173.0,172.99948007076793,0.09888491324769347,0.09372741346975458,0.06448003106325789,0.1020556397664559,0.08116698121206906,0.12914246344008015,0.10638533174205948,0.08677726652148426,0.13320604515193557,0.10417391438520934
174,174.0,173.99959668005403,0.09951650233755001,0.09226740570664499,0.06459894845824067,0.10148214027922917,0.08105313307041495,0.1312713606148524,0.1055711854478183,0.08657900523324885,0.1340693325073586,0.10359098634464176
175,175.0,174.99970566161096,0.0999439442213178,0.09281359147609451,0.06456907912365661,0.09961798146812914,0.08102497765310183,0.13141044331322183,0.10602743851991268,0.08584421564943107,0.1335665864525431,0.10518174212259115
