,Unnamed: 0,Total_iterations,Intertwine_two,Invert_path_vertices,Insert_inside_vertex,Delete_inside_vertex,MSC_add_terminal,MSC_del_terminal
0,0.0,0.0,0.16666666666666657,0.16666666666666657,0.16666666666666657,0.16666666666666657,0.16666666666666657,0.16666666666666657
1,1.0,1.0,0.16666666666666657,0.16666666666666657,0.16666666666666657,0.16666666666666657,0.16666666666666657,0.16666666666666657
2,2.0,2.0,0.16666666666666657,0.16666666666666657,0.16666666666666657,0.16666666666666657,0.16666666666666657,0.16666666666666657
3,3.0,3.0,0.16666666666666657,0.16666666666666657,0.16666666666666657,0.16666666666666657,0.16666666666666657,0.16666666666666657
4,4.0,4.0,0.16666666666666657,0.16666666666666657,0.16666666666666657,0.16666666666666657,0.16666666666666657,0.16666666666666657
5,5.0,5.0,0.16666666666666657,0.16666666666666657,0.16666666666666657,0.16666666666666657,0.16666666666666657,0.16666666666666657
6,6.0,6.0,0.16666666666666657,0.16666666666666657,0.16666666666666657,0.16666666666666657,0.16666666666666657,0.16666666666666657
7,7.0,7.0,0.16666666666666657,0.16666666666666657,0.16666666666666657,0.16666666666666657,0.16666666666666657,0.16666666666666657
8,8.0,8.0,0.16666666666666657,0.16666666666666657,0.16666666666666657,0.16666666666666657,0.16666666666666657,0.16666666666666657
9,9.0,9.0,0.16666666666666657,0.16666666666666657,0.16666666666666657,0.16666666666666657,0.16666666666666657,0.16666666666666657
10,10.0,10.0,0.16666666666666657,0.16666666666666657,0.16666666666666657,0.16666666666666657,0.16666666666666657,0.16666666666666657
11,11.0,11.0,0.16666666666666657,0.16666666666666657,0.16666666666666657,0.16666666666666657,0.16666666666666657,0.16666666666666657
12,12.0,12.0,0.16666666666666657,0.16666666666666657,0.16666666666666657,0.16666666666666657,0.16666666666666657,0.16666666666666657
13,13.0,13.0,0.16666666666666657,0.16666666666666657,0.16666666666666657,0.16666666666666657,0.16666666666666657,0.16666666666666657
14,14.0,14.0,0.16666666666666657,0.16666666666666657,0.16666666666666657,0.16666666666666657,0.16666666666666657,0.16666666666666657
15,15.0,15.0,0.16666666666666657,0.16666666666666657,0.16666666666666657,0.16666666666666657,0.16666666666666657,0.16666666666666657
16,16.0,16.0,0.16666666666666657,0.16666666666666657,0.16666666666666657,0.16666666666666657,0.16666666666666657,0.16666666666666657
17,17.0,17.0,0.16666666666666657,0.16666666666666657,0.16666666666666657,0.16666666666666657,0.16666666666666657,0.16666666666666657
18,18.0,18.0,0.16666666666666657,0.16666666666666657,0.16666666666666657,0.16666666666666657,0.16666666666666657,0.16666666666666657
19,19.0,19.0,0.16666666666666657,0.16666666666666657,0.16666666666666657,0.16666666666666657,0.16666666666666657,0.16666666666666657
20,20.0,20.0,0.16666666666666657,0.16666666666666657,0.16666666666666657,0.16666666666666657,0.16666666666666657,0.16666666666666657
21,21.0,21.0,0.16666666666666657,0.16666666666666657,0.16666666666666657,0.16666666666666657,0.16666666666666657,0.16666666666666657
22,22.0,22.0,0.16666666666666657,0.16666666666666657,0.16666666666666657,0.16666666666666657,0.16666666666666657,0.16666666666666657
23,23.0,23.0,0.16666666666666657,0.16666666666666657,0.16666666666666657,0.16666666666666657,0.16666666666666657,0.16666666666666657
24,24.0,24.0,0.16666666666666657,0.16666666666666657,0.16666666666666657,0.16666666666666657,0.16666666666666657,0.16666666666666657
25,25.0,25.0,0.16666666666666657,0.16666666666666657,0.16666666666666657,0.16666666666666657,0.16666666666666657,0.16666666666666657
26,26.0,26.0,0.16666666666666657,0.16666666666666657,0.16666666666666657,0.16666666666666657,0.16666666666666657,0.16666666666666657
27,27.0,27.0,0.16666666666666657,0.16666666666666657,0.16666666666666657,0.16666666666666657,0.16666666666666657,0.16666666666666657
28,28.0,28.0,0.16666666666666657,0.16666666666666657,0.16666666666666657,0.16666666666666657,0.16666666666666657,0.16666666666666657
29,29.0,29.0,0.16666666666666657,0.16666666666666657,0.16666666666666657,0.16666666666666657,0.16666666666666657,0.16666666666666657
30,30.0,30.0,0.16666666666666657,0.16666666666666657,0.16666666666666657,0.16666666666666657,0.16666666666666657,0.16666666666666657
31,31.0,31.0,0.16666666666666657,0.16666666666666657,0.16666666666666657,0.16666666666666657,0.16666666666666657,0.16666666666666657
32,32.0,32.0,0.16666666666666657,0.16666666666666657,0.16666666666666657,0.16666666666666657,0.16666666666666657,0.16666666666666657
33,33.0,33.0,0.16666666666666657,0.16666666666666657,0.16666666666666657,0.16666666666666657,0.16666666666666657,0.16666666666666657
34,34.0,34.0,0.16666666666666657,0.16666666666666657,0.16666666666666657,0.16666666666666657,0.16666666666666657,0.16666666666666657
35,35.0,35.0,0.16666666666666657,0.16666666666666657,0.16666666666666657,0.16666666666666657,0.16666666666666657,0.16666666666666657
36,36.0,36.0,0.16666666666666657,0.16666666666666657,0.16666666666666657,0.16666666666666657,0.16666666666666657,0.16666666666666657
37,37.0,37.0,0.16666666666666657,0.16666666666666657,0.16666666666666657,0.16666666666666657,0.16666666666666657,0.16666666666666657
38,38.0,38.0,0.16666666666666657,0.16666666666666657,0.16666666666666657,0.16666666666666657,0.16666666666666657,0.16666666666666657
39,39.0,39.0,0.16666666666666657,0.16666666666666657,0.16666666666666657,0.16666666666666657,0.16666666666666657,0.16666666666666657
40,40.0,40.0,0.16666666666666657,0.16666666666666657,0.16666666666666657,0.16666666666666657,0.16666666666666657,0.16666666666666657
41,41.0,41.0,0.16666666666666657,0.16666666666666657,0.16666666666666657,0.16666666666666657,0.16666666666666657,0.16666666666666657
42,42.0,42.0,0.16666666666666657,0.16666666666666657,0.16666666666666657,0.16666666666666657,0.16666666666666657,0.16666666666666657
43,43.0,43.0,0.16666666666666657,0.16666666666666657,0.16666666666666657,0.16666666666666657,0.16666666666666657,0.16666666666666657
44,44.0,44.0,0.16666666666666657,0.16666666666666657,0.16666666666666657,0.16666666666666657,0.16666666666666657,0.16666666666666657
45,45.0,45.0,0.16666666666666657,0.16666666666666657,0.16666666666666657,0.16666666666666657,0.16666666666666657,0.16666666666666657
46,46.0,46.0,0.16666666666666657,0.16666666666666657,0.16666666666666657,0.16666666666666657,0.16666666666666657,0.16666666666666657
47,47.0,47.0,0.16666666666666657,0.16666666666666657,0.16666666666666657,0.16666666666666657,0.16666666666666657,0.16666666666666657
48,48.0,48.0,0.16666666666666657,0.16666666666666657,0.16666666666666657,0.16666666666666657,0.16666666666666657,0.16666666666666657
49,49.0,49.0,0.16666666666666657,0.16666666666666657,0.16666666666666657,0.16666666666666657,0.16666666666666657,0.16666666666666657
50,50.0,50.0,0.16666666666666657,0.16666666666666657,0.16666666666666657,0.16666666666666657,0.16666666666666657,0.16666666666666657
51,51.0,51.0,0.16666666666666657,0.16666666666666657,0.16666666666666657,0.16666666666666657,0.16666666666666657,0.16666666666666657
52,52.0,52.0,0.16666666666666657,0.16666666666666657,0.16666666666666657,0.16666666666666657,0.16666666666666657,0.16666666666666657
53,53.0,53.0,0.16666666666666657,0.16666666666666657,0.16666666666666657,0.16666666666666657,0.16666666666666657,0.16666666666666657
54,54.0,54.0,0.16666666666666657,0.16666666666666657,0.16666666666666657,0.16666666666666657,0.16666666666666657,0.16666666666666657
55,55.0,55.0,0.16666666666666657,0.16666666666666657,0.16666666666666657,0.16666666666666657,0.16666666666666657,0.16666666666666657
56,56.0,56.0,0.16666666666666657,0.16666666666666657,0.16666666666666657,0.16666666666666657,0.16666666666666657,0.16666666666666657
57,57.0,57.0,0.16666666666666657,0.16666666666666657,0.16666666666666657,0.16666666666666657,0.16666666666666657,0.16666666666666657
58,58.0,58.0,0.16666666666666657,0.16666666666666657,0.16666666666666657,0.16666666666666657,0.16666666666666657,0.16666666666666657
59,59.0,59.0,0.16666666666666657,0.16666666666666657,0.16666666666666657,0.16666666666666657,0.16666666666666657,0.16666666666666657
60,60.0,60.0,0.16666666666666657,0.16666666666666657,0.16666666666666657,0.16666666666666657,0.16666666666666657,0.16666666666666657
61,61.0,61.0,0.16666666666666657,0.16666666666666657,0.16666666666666657,0.16666666666666657,0.16666666666666657,0.16666666666666657
62,62.0,62.0,0.16666666666666657,0.16666666666666657,0.16666666666666657,0.16666666666666657,0.16666666666666657,0.16666666666666657
63,63.0,63.0,0.16666666666666657,0.16666666666666657,0.16666666666666657,0.16666666666666657,0.16666666666666657,0.16666666666666657
64,64.0,64.0,0.16666666666666657,0.16666666666666657,0.16666666666666657,0.16666666666666657,0.16666666666666657,0.16666666666666657
65,65.0,65.0,0.16666666666666657,0.16666666666666657,0.16666666666666657,0.16666666666666657,0.16666666666666657,0.16666666666666657
66,66.0,66.0,0.16666666666666657,0.16666666666666657,0.16666666666666657,0.16666666666666657,0.16666666666666657,0.16666666666666657
67,67.0,67.0,0.16666666666666657,0.16666666666666657,0.16666666666666657,0.16666666666666657,0.16666666666666657,0.16666666666666657
68,68.0,68.0,0.16666666666666657,0.16666666666666657,0.16666666666666657,0.16666666666666657,0.16666666666666657,0.16666666666666657
69,69.0,69.0,0.16666666666666657,0.16666666666666657,0.16666666666666657,0.16666666666666657,0.16666666666666657,0.16666666666666657
70,70.0,70.0,0.16666666666666657,0.16666666666666657,0.16666666666666657,0.16666666666666657,0.16666666666666657,0.16666666666666657
71,71.0,71.0,0.16666666666666657,0.16666666666666657,0.16666666666666657,0.16666666666666657,0.16666666666666657,0.16666666666666657
72,72.0,72.0,0.16666666666666657,0.16666666666666657,0.16666666666666657,0.16666666666666657,0.16666666666666657,0.16666666666666657
73,73.0,73.0,0.16666666666666657,0.16666666666666657,0.16666666666666657,0.16666666666666657,0.16666666666666657,0.16666666666666657
74,74.0,74.0,0.16666666666666657,0.16666666666666657,0.16666666666666657,0.16666666666666657,0.16666666666666657,0.16666666666666657
75,75.0,75.0,0.16666666666666657,0.16666666666666657,0.16666666666666657,0.16666666666666657,0.16666666666666657,0.16666666666666657
76,76.0,76.0,0.16666666666666657,0.16666666666666657,0.16666666666666657,0.16666666666666657,0.16666666666666657,0.16666666666666657
77,77.0,77.0,0.16666666666666657,0.16666666666666657,0.16666666666666657,0.16666666666666657,0.16666666666666657,0.16666666666666657
78,78.0,78.1,0.16666666666666657,0.16666666666666657,0.16666666666666657,0.16666666666666657,0.16666666666666657,0.16666666666666657
79,79.0,79.1,0.16666666666666657,0.16666666666666657,0.16666666666666657,0.16666666666666657,0.16666666666666657,0.16666666666666657
80,80.0,80.1,0.16666666666666657,0.16666666666666657,0.16666666666666657,0.16666666666666657,0.16666666666666657,0.16666666666666657
81,81.0,81.1,0.16666666666666657,0.16666666666666657,0.16666666666666657,0.16666666666666657,0.16666666666666657,0.16666666666666657
82,82.0,82.1,0.16666666666666657,0.16666666666666657,0.16666666666666657,0.16666666666666657,0.16666666666666657,0.16666666666666657
83,83.0,83.1,0.16666666666666657,0.16666666666666657,0.16666666666666657,0.16666666666666657,0.16666666666666657,0.16666666666666657
84,84.0,84.1,0.16666666666666657,0.16666666666666657,0.16666666666666657,0.16666666666666657,0.16666666666666657,0.16666666666666657
85,85.0,85.1,0.16666666666666657,0.16666666666666657,0.16666666666666657,0.16666666666666657,0.16666666666666657,0.16666666666666657
86,86.0,86.1,0.16666666666666657,0.16666666666666657,0.16666666666666657,0.16666666666666657,0.16666666666666657,0.16666666666666657
87,87.0,87.1,0.16666666666666657,0.16666666666666657,0.16666666666666657,0.16666666666666657,0.16666666666666657,0.16666666666666657
88,88.0,88.1,0.16666666666666657,0.16666666666666657,0.16666666666666657,0.16666666666666657,0.16666666666666657,0.16666666666666657
89,89.0,89.1,0.16666666666666657,0.16666666666666657,0.16666666666666657,0.16666666666666657,0.16666666666666657,0.16666666666666657
90,90.0,90.1,0.16666666666666657,0.16666666666666657,0.16666666666666657,0.16666666666666657,0.16666666666666657,0.16666666666666657
91,91.0,91.1,0.16666666666666657,0.16666666666666657,0.16666666666666657,0.16666666666666657,0.16666666666666657,0.16666666666666657
92,92.0,92.1,0.16666666666666657,0.16666666666666657,0.16666666666666657,0.16666666666666657,0.16666666666666657,0.16666666666666657
93,93.0,93.1,0.16666666666666657,0.16666666666666657,0.16666666666666657,0.16666666666666657,0.16666666666666657,0.16666666666666657
94,94.0,94.1,0.16666666666666657,0.16666666666666657,0.16666666666666657,0.16666666666666657,0.16666666666666657,0.16666666666666657
95,95.0,95.1,0.16666666666666657,0.16666666666666657,0.16666666666666657,0.16666666666666657,0.16666666666666657,0.16666666666666657
96,96.0,96.1,0.16666666666666657,0.16666666666666657,0.16666666666666657,0.16666666666666657,0.16666666666666657,0.16666666666666657
97,97.0,97.1,0.16666666666666657,0.16666666666666657,0.16666666666666657,0.16666666666666657,0.16666666666666657,0.16666666666666657
98,98.0,98.1,0.16666666666666657,0.16666666666666657,0.16666666666666657,0.16666666666666657,0.16666666666666657,0.16666666666666657
99,99.0,99.1,0.16666666666666657,0.16666666666666657,0.16666666666666657,0.16666666666666657,0.16666666666666657,0.16666666666666657
100,100.0,100.1,0.16666666666666657,0.16666666666666657,0.16666666666666657,0.16666666666666657,0.16666666666666657,0.16666666666666657
101,101.0,101.1,0.16666666666666657,0.16666666666666657,0.16666666666666657,0.16666666666666657,0.16666666666666657,0.16666666666666657
102,102.0,102.1,0.16666666666666657,0.16666666666666657,0.16666666666666657,0.16666666666666657,0.16666666666666657,0.16666666666666657
103,103.0,103.1,0.16666666666666657,0.16666666666666657,0.16666666666666657,0.16666666666666657,0.16666666666666657,0.16666666666666657
104,104.0,104.1,0.16666666666666657,0.16666666666666657,0.16666666666666657,0.16666666666666657,0.16666666666666657,0.16666666666666657
105,105.0,105.1,0.16666666666666657,0.16666666666666657,0.16666666666666657,0.16666666666666657,0.16666666666666657,0.16666666666666657
106,106.0,106.1,0.16666666666666657,0.16666666666666657,0.16666666666666657,0.16666666666666657,0.16666666666666657,0.16666666666666657
107,107.0,107.1,0.16666666666666657,0.16666666666666657,0.16666666666666657,0.16666666666666657,0.16666666666666657,0.16666666666666657
108,108.0,108.1,0.16666666666666657,0.16666666666666657,0.16666666666666657,0.16666666666666657,0.16666666666666657,0.16666666666666657
109,109.0,109.1,0.16666666666666657,0.16666666666666657,0.16666666666666657,0.16666666666666657,0.16666666666666657,0.16666666666666657
110,110.0,110.1,0.16666666666666657,0.16666666666666657,0.16666666666666657,0.16666666666666657,0.16666666666666657,0.16666666666666657
111,111.0,111.1,0.16666666666666657,0.16666666666666657,0.16666666666666657,0.16666666666666657,0.16666666666666657,0.16666666666666657
112,112.0,112.1,0.16666666666666657,0.16666666666666657,0.16666666666666657,0.16666666666666657,0.16666666666666657,0.16666666666666657
113,113.0,113.1,0.16666666666666657,0.16666666666666657,0.16666666666666657,0.16666666666666657,0.16666666666666657,0.16666666666666657
114,114.0,114.1,0.16666666666666657,0.16666666666666657,0.16666666666666657,0.16666666666666657,0.16666666666666657,0.16666666666666657
115,115.0,115.1,0.16666666666666657,0.16666666666666657,0.16666666666666657,0.16666666666666657,0.16666666666666657,0.16666666666666657
116,116.0,116.1,0.16666666666666657,0.16666666666666657,0.16666666666666657,0.16666666666666657,0.16666666666666657,0.16666666666666657
117,117.0,117.1,0.16666666666666657,0.16666666666666657,0.16666666666666657,0.16666666666666657,0.16666666666666657,0.16666666666666657
118,118.0,118.1,0.16666666666666657,0.16666666666666657,0.16666666666666657,0.16666666666666657,0.16666666666666657,0.16666666666666657
119,119.0,119.1,0.16666666666666657,0.16666666666666657,0.16666666666666657,0.16666666666666657,0.16666666666666657,0.16666666666666657
120,120.0,120.1,0.16666666666666657,0.16666666666666657,0.16666666666666657,0.16666666666666657,0.16666666666666657,0.16666666666666657
121,121.0,121.1,0.16666666666666657,0.16666666666666657,0.16666666666666657,0.16666666666666657,0.16666666666666657,0.16666666666666657
122,122.0,122.1,0.16666666666666657,0.16666666666666657,0.16666666666666657,0.16666666666666657,0.16666666666666657,0.16666666666666657
123,123.0,123.1,0.16666666666666657,0.16666666666666657,0.16666666666666657,0.16666666666666657,0.16666666666666657,0.16666666666666657
124,124.0,124.1,0.16666666666666657,0.16666666666666657,0.16666666666666657,0.16666666666666657,0.16666666666666657,0.16666666666666657
125,125.0,125.1,0.16666666666666657,0.16666666666666657,0.16666666666666657,0.16666666666666657,0.16666666666666657,0.16666666666666657
126,126.0,126.1,0.16666666666666657,0.16666666666666657,0.16666666666666657,0.16666666666666657,0.16666666666666657,0.16666666666666657
127,127.0,127.1,0.16666666666666657,0.16666666666666657,0.16666666666666657,0.16666666666666657,0.16666666666666657,0.16666666666666657
128,128.0,128.1,0.16666666666666657,0.16666666666666657,0.16666666666666657,0.16666666666666657,0.16666666666666657,0.16666666666666657
129,129.0,129.1,0.16666666666666657,0.16666666666666657,0.16666666666666657,0.16666666666666657,0.16666666666666657,0.16666666666666657
130,130.0,130.1,0.16666666666666657,0.16666666666666657,0.16666666666666657,0.16666666666666657,0.16666666666666657,0.16666666666666657
131,131.0,131.1,0.16666666666666657,0.16666666666666657,0.16666666666666657,0.16666666666666657,0.16666666666666657,0.16666666666666657
132,132.0,132.1,0.16666666666666657,0.16666666666666657,0.16666666666666657,0.16666666666666657,0.16666666666666657,0.16666666666666657
133,133.0,133.1,0.16666666666666657,0.16666666666666657,0.16666666666666657,0.16666666666666657,0.16666666666666657,0.16666666666666657
134,134.0,134.1,0.16666666666666657,0.16666666666666657,0.16666666666666657,0.16666666666666657,0.16666666666666657,0.16666666666666657
135,135.0,135.1,0.16666666666666657,0.16666666666666657,0.16666666666666657,0.16666666666666657,0.16666666666666657,0.16666666666666657
136,136.0,136.1,0.16666666666666657,0.16666666666666657,0.16666666666666657,0.16666666666666657,0.16666666666666657,0.16666666666666657
137,137.0,137.1,0.16666666666666657,0.16666666666666657,0.16666666666666657,0.16666666666666657,0.16666666666666657,0.16666666666666657
138,138.0,138.1,0.16666666666666657,0.16666666666666657,0.16666666666666657,0.16666666666666657,0.16666666666666657,0.16666666666666657
139,139.0,139.1,0.16666666666666657,0.16666666666666657,0.16666666666666657,0.16666666666666657,0.16666666666666657,0.16666666666666657
140,140.0,140.1,0.16666666666666657,0.16666666666666657,0.16666666666666657,0.16666666666666657,0.16666666666666657,0.16666666666666657
141,141.0,141.1,0.16666666666666657,0.16666666666666657,0.16666666666666657,0.16666666666666657,0.16666666666666657,0.16666666666666657
142,142.0,142.1,0.16666666666666657,0.16666666666666657,0.16666666666666657,0.16666666666666657,0.16666666666666657,0.16666666666666657
143,143.0,143.1,0.16666666666666657,0.16666666666666657,0.16666666666666657,0.16666666666666657,0.16666666666666657,0.16666666666666657
144,144.0,144.1,0.16666666666666657,0.16666666666666657,0.16666666666666657,0.16666666666666657,0.16666666666666657,0.16666666666666657
145,145.0,145.1,0.16666666666666657,0.16666666666666657,0.16666666666666657,0.16666666666666657,0.16666666666666657,0.16666666666666657
146,146.0,146.1,0.16666666666666657,0.16666666666666657,0.16666666666666657,0.16666666666666657,0.16666666666666657,0.16666666666666657
147,147.0,147.1,0.16666666666666657,0.16666666666666657,0.16666666666666657,0.16666666666666657,0.16666666666666657,0.16666666666666657
148,148.0,148.1,0.16666666666666657,0.16666666666666657,0.16666666666666657,0.16666666666666657,0.16666666666666657,0.16666666666666657
149,149.0,149.1,0.16666666666666657,0.16666666666666657,0.16666666666666657,0.16666666666666657,0.16666666666666657,0.16666666666666657
150,150.0,150.1,0.16666666666666657,0.16666666666666657,0.16666666666666657,0.16666666666666657,0.16666666666666657,0.16666666666666657
151,151.0,151.1,0.16666666666666657,0.16666666666666657,0.16666666666666657,0.16666666666666657,0.16666666666666657,0.16666666666666657
152,152.0,152.1,0.16666666666666657,0.16666666666666657,0.16666666666666657,0.16666666666666657,0.16666666666666657,0.16666666666666657
153,153.0,153.1,0.16666666666666657,0.16666666666666657,0.16666666666666657,0.16666666666666657,0.16666666666666657,0.16666666666666657
154,154.0,154.1,0.16666666666666657,0.16666666666666657,0.16666666666666657,0.16666666666666657,0.16666666666666657,0.16666666666666657
155,155.0,155.1,0.16666666666666657,0.16666666666666657,0.16666666666666657,0.16666666666666657,0.16666666666666657,0.16666666666666657
156,156.0,156.1,0.16666666666666657,0.16666666666666657,0.16666666666666657,0.16666666666666657,0.16666666666666657,0.16666666666666657
157,157.0,157.1,0.16666666666666657,0.16666666666666657,0.16666666666666657,0.16666666666666657,0.16666666666666657,0.16666666666666657
158,158.0,158.1,0.16666666666666657,0.16666666666666657,0.16666666666666657,0.16666666666666657,0.16666666666666657,0.16666666666666657
159,159.0,159.1,0.16666666666666657,0.16666666666666657,0.16666666666666657,0.16666666666666657,0.16666666666666657,0.16666666666666657
160,160.0,160.1,0.16666666666666657,0.16666666666666657,0.16666666666666657,0.16666666666666657,0.16666666666666657,0.16666666666666657
161,161.0,161.1,0.16666666666666657,0.16666666666666657,0.16666666666666657,0.16666666666666657,0.16666666666666657,0.16666666666666657
162,162.0,162.1,0.16666666666666657,0.16666666666666657,0.16666666666666657,0.16666666666666657,0.16666666666666657,0.16666666666666657
163,163.0,163.1,0.16666666666666657,0.16666666666666657,0.16666666666666657,0.16666666666666657,0.16666666666666657,0.16666666666666657
164,164.0,164.1,0.16666666666666657,0.16666666666666657,0.16666666666666657,0.16666666666666657,0.16666666666666657,0.16666666666666657
165,165.0,165.1,0.16666666666666657,0.16666666666666657,0.16666666666666657,0.16666666666666657,0.16666666666666657,0.16666666666666657
166,166.0,166.1,0.16666666666666657,0.16666666666666657,0.16666666666666657,0.16666666666666657,0.16666666666666657,0.16666666666666657
167,167.0,167.1,0.16666666666666657,0.16666666666666657,0.16666666666666657,0.16666666666666657,0.16666666666666657,0.16666666666666657
168,168.0,168.1,0.16666666666666657,0.16666666666666657,0.16666666666666657,0.16666666666666657,0.16666666666666657,0.16666666666666657
169,169.0,169.1,0.16666666666666657,0.16666666666666657,0.16666666666666657,0.16666666666666657,0.16666666666666657,0.16666666666666657
170,170.0,170.1,0.16666666666666657,0.16666666666666657,0.16666666666666657,0.16666666666666657,0.16666666666666657,0.16666666666666657
171,171.0,171.1,0.16666666666666657,0.16666666666666657,0.16666666666666657,0.16666666666666657,0.16666666666666657,0.16666666666666657
172,172.0,172.1,0.16666666666666657,0.16666666666666657,0.16666666666666657,0.16666666666666657,0.16666666666666657,0.16666666666666657
173,173.0,173.1,0.16666666666666657,0.16666666666666657,0.16666666666666657,0.16666666666666657,0.16666666666666657,0.16666666666666657
174,174.0,174.1,0.16666666666666657,0.16666666666666657,0.16666666666666657,0.16666666666666657,0.16666666666666657,0.16666666666666657
175,175.0,175.1,0.16666666666666657,0.16666666666666657,0.16666666666666657,0.16666666666666657,0.16666666666666657,0.16666666666666657
176,176.0,176.1,0.16666666666666657,0.16666666666666657,0.16666666666666657,0.16666666666666657,0.16666666666666657,0.16666666666666657
177,177.0,177.1,0.16666666666666657,0.16666666666666657,0.16666666666666657,0.16666666666666657,0.16666666666666657,0.16666666666666657
178,178.0,178.1,0.16666666666666657,0.16666666666666657,0.16666666666666657,0.16666666666666657,0.16666666666666657,0.16666666666666657
179,179.0,179.1,0.16666666666666657,0.16666666666666657,0.16666666666666657,0.16666666666666657,0.16666666666666657,0.16666666666666657
180,180.0,180.1,0.16666666666666657,0.16666666666666657,0.16666666666666657,0.16666666666666657,0.16666666666666657,0.16666666666666657
181,181.0,181.1,0.16666666666666657,0.16666666666666657,0.16666666666666657,0.16666666666666657,0.16666666666666657,0.16666666666666657
182,182.0,182.1,0.16666666666666657,0.16666666666666657,0.16666666666666657,0.16666666666666657,0.16666666666666657,0.16666666666666657
183,183.0,183.1,0.16666666666666657,0.16666666666666657,0.16666666666666657,0.16666666666666657,0.16666666666666657,0.16666666666666657
184,184.0,184.1,0.16666666666666657,0.16666666666666657,0.16666666666666657,0.16666666666666657,0.16666666666666657,0.16666666666666657
185,185.0,185.1,0.16666666666666657,0.16666666666666657,0.16666666666666657,0.16666666666666657,0.16666666666666657,0.16666666666666657
186,186.0,186.1,0.16666666666666657,0.16666666666666657,0.16666666666666657,0.16666666666666657,0.16666666666666657,0.16666666666666657
187,187.0,187.1,0.16666666666666657,0.16666666666666657,0.16666666666666657,0.16666666666666657,0.16666666666666657,0.16666666666666657
188,188.0,188.1,0.16666666666666657,0.16666666666666657,0.16666666666666657,0.16666666666666657,0.16666666666666657,0.16666666666666657
189,189.0,189.2,0.16666666666666657,0.16666666666666657,0.16666666666666657,0.16666666666666657,0.16666666666666657,0.16666666666666657
190,190.0,190.2,0.16666666666666657,0.16666666666666657,0.16666666666666657,0.16666666666666657,0.16666666666666657,0.16666666666666657
191,191.0,191.2,0.16666666666666657,0.16666666666666657,0.16666666666666657,0.16666666666666657,0.16666666666666657,0.16666666666666657
192,192.0,192.2,0.16666666666666657,0.16666666666666657,0.16666666666666657,0.16666666666666657,0.16666666666666657,0.16666666666666657
193,193.0,193.2,0.16666666666666657,0.16666666666666657,0.16666666666666657,0.16666666666666657,0.16666666666666657,0.16666666666666657
194,194.0,194.2,0.16666666666666657,0.16666666666666657,0.16666666666666657,0.16666666666666657,0.16666666666666657,0.16666666666666657
195,195.0,195.2,0.16666666666666657,0.16666666666666657,0.16666666666666657,0.16666666666666657,0.16666666666666657,0.16666666666666657
196,196.0,196.2,0.16666666666666657,0.16666666666666657,0.16666666666666657,0.16666666666666657,0.16666666666666657,0.16666666666666657
197,197.0,197.2,0.16666666666666657,0.16666666666666657,0.16666666666666657,0.16666666666666657,0.16666666666666657,0.16666666666666657
198,198.0,198.2,0.16666666666666657,0.16666666666666657,0.16666666666666657,0.16666666666666657,0.16666666666666657,0.16666666666666657
199,199.0,199.2,0.15223301841320394,0.1612361066955768,0.1563249496350852,0.17597513113585547,0.18745839961865002,0.166772394501628
200,200.0,200.2,0.08665827362468109,0.1357357795960126,0.09961121031768325,0.2615786471884021,0.17161891276141528,0.24479717651180555
201,201.0,201.2,0.08819985758551942,0.1355690812310964,0.10058858867442733,0.2599116781769455,0.17139847118123622,0.24433232315077508
202,202.0,202.2,0.09074680739607241,0.1360355923194035,0.10068990085656113,0.25879129131028705,0.1696808998601718,0.24405550825750394
203,203.0,203.2,0.09037914083021728,0.13367932094522247,0.10122074069238522,0.25938355195295937,0.169765019656753,0.24557222592246256
204,204.0,204.2,0.0913337777488909,0.1323531636622361,0.10238702320124518,0.25841365605238426,0.1693510368565956,0.2461613424786478
205,205.0,205.2,0.09019007404503082,0.13381128251336044,0.10341258391400628,0.25664542975040705,0.16900989720431753,0.2469307325728777
206,206.0,206.2,0.09113311940097321,0.13378642842232186,0.10349539813398696,0.25479156373532497,0.16850911838927624,0.24828437191811664
207,207.0,207.2,0.09191171363342618,0.13354968659734184,0.10399985355044442,0.25633942727132575,0.169816896545442,0.24438242240201968
208,208.0,208.2,0.09081129875823905,0.13421921548190824,0.10391027801628475,0.25940087961482383,0.16895393015370466,0.2427043979750394
209,209.0,209.2,0.09065386929486932,0.1344849330851287,0.10397538393586922,0.2606501838425245,0.168988088797924,0.24124754104368407
210,210.0,210.2,0.08846873640093277,0.13568632019190718,0.10473448137757058,0.25916521224302336,0.1690911569241595,0.2428540928624065
211,211.0,211.2,0.08984956671986169,0.13325481091430272,0.10567191910388396,0.25995749037563953,0.1680356110798296,0.24323060180648232
212,212.0,212.2,0.09035118581867911,0.13286830530612984,0.10469372023904935,0.25870101481337526,0.1706548608171981,0.2427309130055682
213,213.0,213.2,0.09090717037588868,0.1337418513241485,0.1049023529551761,0.25761637210946786,0.17228042859013276,0.2405518246451858
214,214.0,214.2,0.09059434244871485,0.1333786437961478,0.10523612906573862,0.2576491590870441,0.17257248463543978,0.24056924096691468
215,215.0,215.2,0.08853693978219748,0.13362941711878445,0.10602764506156799,0.25520732676683927,0.1746212654532443,0.2419774058173664
216,216.0,216.2,0.08916269486986136,0.133922674544907,0.105680540151979,0.2550112343791894,0.17261865617484337,0.24360419987921983
217,217.0,217.2,0.08897855779223089,0.13359238556441977,0.10580370012011216,0.2532344354201389,0.17425883240726253,0.24413208869583564
218,218.0,218.2,0.0875693571731581,0.13381277376667397,0.10639265350142242,0.2541432402290885,0.17299879428117287,0.24508318104848384
219,219.0,219.2,0.08736027036472295,0.1348096564144358,0.10413340154323829,0.25305584934192343,0.17519221138171692,0.2454486109539625
220,220.0,220.2,0.08675665148830586,0.13663400787724406,0.10304221368766157,0.25315853252111153,0.1736933895540464,0.24671520487163048
221,221.0,221.2,0.08740381862858275,0.13750586667164064,0.10339311092913686,0.2552648756749619,0.16928103334555383,0.24715129475012376
222,222.0,222.2,0.08741360657071648,0.13352519539190882,0.10396479456351163,0.2568048930181944,0.17067745182517483,0.2476140586304937
223,223.0,223.2,0.08752988055815511,0.13516752230772597,0.10605677245606118,0.2544653311372139,0.16881435383411766,0.247966139706726
224,224.0,224.2,0.08779175930722373,0.13303889327687296,0.10636208148027385,0.25645052482140024,0.16765024747808116,0.248706493636148
225,225.0,225.2,0.08731018328439472,0.13164877814857098,0.10646158308971818,0.255129338784583,0.17051670099977606,0.24893341569295696
226,226.0,226.2,0.08656713128903701,0.12961727175736149,0.10883629156073979,0.25406387172137523,0.17045587697483647,0.2504595566966498
227,227.0,227.2,0.08647841584023788,0.12671427614785752,0.10893703226395726,0.2560232378491848,0.17252064899260694,0.2493263889061555
228,228.0,228.2,0.08715153961303497,0.12702830446458152,0.1091469845225225,0.25581196851456406,0.17279330988696967,0.24806789299832704
229,229.0,229.2,0.08723874057127633,0.12977685525205543,0.1087096328262462,0.2525733479061185,0.17224622981533166,0.24945519362897173
230,230.0,230.2,0.08763571438748591,0.13110080140568553,0.10907301406115108,0.24922099036343912,0.17264445135248155,0.25032502842975674
231,231.0,231.2,0.08638987794173195,0.12958519043101083,0.10912715354813658,0.24731628351731433,0.17698426867335476,0.25059722588845135
232,232.0,232.2,0.08720124421675327,0.12701731332924018,0.10978018865640504,0.2461831776488625,0.18000407533708412,0.24981400081165478
233,233.0,233.2,0.088048991042807,0.12765624877924833,0.1113779976418204,0.24430701635168006,0.1801055735635763,0.2485041726208678
234,234.0,234.2,0.08528453372133298,0.12802569586960694,0.11117859838768396,0.2409355617229557,0.18395101618297605,0.25062459411544424
235,235.0,235.2,0.08474503316093077,0.13106307946305512,0.11182320953578206,0.2358464648020063,0.18376426061719958,0.25275795242102606
236,236.0,236.2,0.08447227220978479,0.13125622556823752,0.10802635032298072,0.23890935003582175,0.18029182803083002,0.25704397383234495
237,237.0,237.2,0.08478111978132327,0.1291037351044043,0.1082875385763487,0.2395358712182351,0.18121230843299854,0.2570794268866899
238,238.0,238.2,0.08425024048733026,0.12819556756815315,0.10852748879545289,0.24186740812504864,0.18024228501831346,0.25691701000570144
239,239.0,239.2,0.08380923803767584,0.12854049971461087,0.10921297472199065,0.24067533706641533,0.18153008190548733,0.2562318685538198
240,240.0,240.2,0.08307837877898969,0.12958617253964635,0.10954335251233158,0.24346983541374828,0.17940719010103334,0.2549150706542507
241,241.0,241.2,0.08271512901557765,0.12908649569951364,0.11009665738781127,0.24544946697559528,0.17670944975961253,0.25594280116188944
242,242.0,242.2,0.08297527294720593,0.12710336528228874,0.10991398828994543,0.25009046832515297,0.17452353934770343,0.25539336580770333
243,243.0,243.2,0.08360172340738306,0.12368537156080905,0.11048444615485767,0.25213031019943977,0.17628624300237333,0.2538119056751369
244,244.0,244.2,0.08646670047063959,0.12362564136086322,0.11076252311420538,0.2504937648005535,0.17600604332019273,0.25264532693354536
245,245.0,245.2,0.0886578545134049,0.12269879691442087,0.11181847859523128,0.24858654994376006,0.17460871483275126,0.25362960520043154
246,246.0,246.2,0.08835601017703165,0.12249167992592758,0.1110219549307101,0.25111350235352947,0.17399786994870056,0.2530189826641004
247,247.0,247.2,0.0877422625624921,0.12501305122171108,0.11168453957581456,0.2506383218890977,0.17545862558089234,0.2494631991699921
248,248.0,248.2,0.08702412394062917,0.12962006284409663,0.1102731051923496,0.24939233767256805,0.17535035380241418,0.24834001654794213
249,249.0,249.2,0.08761480338749213,0.13107652038788933,0.10943881142030451,0.2448369284768582,0.1777742212921259,0.24925871503532987
250,250.0,250.2,0.09004551098132617,0.13166210098310788,0.11004576596697706,0.24473991929259867,0.17752132624677186,0.24598537652921829
251,251.0,251.2,0.09041534127133813,0.13120587511887016,0.10752789612127686,0.24596719283747298,0.17896481476330256,0.2459188798877392
252,252.0,252.2,0.09519142650689247,0.13148896280845684,0.1069961558756551,0.247425361381182,0.18003055082022765,0.23886754260758586
253,253.0,253.2,0.09511202448692194,0.130411027426839,0.10794059160319773,0.2477233257736561,0.17996400097171522,0.23884902973766992
254,254.0,254.2,0.09553301331918997,0.12795734218421959,0.1082160265975178,0.25038214480767806,0.17875815693508118,0.23915331615631313
255,255.0,255.2,0.0920827251170324,0.12864914143637146,0.10849963907450459,0.25508247290033315,0.17972895024929592,0.2359570712224623
256,256.0,256.2,0.09577139487698602,0.12606869906720272,0.10957402995523782,0.25448242372444363,0.1780442777981081,0.23605917457802147
257,257.0,257.2,0.09565420378263077,0.12628882200280936,0.10885872810055404,0.25311324843788247,0.18023380061261624,0.23585119706350696
258,258.0,258.2,0.09790229852260197,0.12758715450753122,0.10949196534262698,0.25303160941678204,0.17885211074983884,0.23313486146061874
259,259.0,259.2,0.09974128881308567,0.12758487940709995,0.10831238873226892,0.2529725112994168,0.17905845785941757,0.23233047388871103
260,260.0,260.2,0.10042239119488423,0.12826485657443493,0.10711247676450826,0.25182844540060756,0.1806194811015812,0.23175234896398375
261,261.0,261.2,0.10042724711132611,0.12718529868027356,0.10693581840898288,0.2519086264817267,0.17969378430008504,0.2338492250176055
262,262.0,262.2,0.10225848693425421,0.12002080164488935,0.10795134944451472,0.2513058458256006,0.18217261705471133,0.23629089909602966
263,263.0,263.2,0.10216371152933805,0.11799715388538705,0.10909832518236777,0.2506302694966748,0.18368136020510328,0.2364291797011288
264,264.0,264.2,0.10277372065650121,0.11569749327173609,0.10913741606891932,0.25243095956965833,0.18266059618284267,0.2372998142503422
265,265.0,265.2,0.10340234547845699,0.11661073257836736,0.11080362223570861,0.2524732258423183,0.17790608291412946,0.23880399095101912
266,266.0,266.2,0.10312512951557218,0.11660786972281005,0.11386475515217383,0.25219298034367993,0.17557770310440285,0.238631562161361
267,267.0,267.2,0.10284326525423344,0.1180902869554015,0.11364365105608605,0.2504117719419997,0.17671774310671232,0.23829328168556696
268,268.0,268.2,0.09971769417967265,0.11859184399641869,0.11494030343265291,0.25085753079575424,0.17992742002330872,0.2359652075721926
269,269.0,269.2,0.10337898106281021,0.11823630912176268,0.11242070436847315,0.2500577016895834,0.18018458160987463,0.2357217221474957
270,270.0,270.2,0.10209870641424515,0.12220690615448068,0.11237835900848894,0.25013996186530957,0.17971586858413646,0.23346019797333897
271,271.0,271.2,0.10222951178292838,0.12157079082604019,0.11233061571242149,0.2555634273102738,0.17827826500261104,0.23002738936572503
272,272.0,272.2,0.10337050399603764,0.12147416370757576,0.11016674196052453,0.25597586034775166,0.17846588043278294,0.23054684955532725
273,273.0,273.2,0.10329421027325045,0.12093973008507568,0.10860793922499809,0.25678681503648887,0.17730269191355394,0.23306861346663288
274,274.0,274.2,0.1038737602406613,0.1185901447676582,0.10818809744492337,0.25676616296329396,0.17837468177087534,0.2342071528125877
275,275.0,275.2,0.10461061745366025,0.11936701466757645,0.1065797653626368,0.2546124601622435,0.18034419382819117,0.23448594852569174
276,276.0,276.2,0.10508627301293191,0.11905559568614568,0.10624756209519451,0.25403770439300744,0.18025114478556176,0.2353217200271586
277,277.0,277.2,0.10429353323136581,0.11891455189816982,0.10691951430938913,0.2540696633581441,0.1780991774264467,0.23770355977648433
278,278.0,278.2,0.10782261075759303,0.12007096428471105,0.10735748899641755,0.25262877813875967,0.175057960146313,0.23706219767620557
279,279.0,279.2,0.10808528322380444,0.12011446766297759,0.1081034607053841,0.2528329806360311,0.17351231973274017,0.23735148803906242
280,280.0,280.2,0.10835491435845943,0.12034277551152142,0.10825094018943412,0.2512144737296448,0.17265149377654118,0.2391854024343989
281,281.0,281.2,0.10824784137196572,0.11994637843274883,0.1075638370158235,0.25008483712380647,0.17299311228987294,0.2411639937657824
282,282.0,282.2,0.10868784755097254,0.12018375566927646,0.10732935054810706,0.24917367057274226,0.17294842582833114,0.24167694983057042
283,283.0,283.2,0.10660453321508193,0.12197211170534072,0.10964495921873588,0.2463153131964737,0.1740596310055656,0.2414034516588021
284,284.0,284.2,0.10879227279139728,0.12272256106985543,0.10995164338055659,0.2456487626438816,0.17276388314164207,0.24012087697266687
285,285.0,285.2,0.10843893017295561,0.11969823229424445,0.11032213738146793,0.24632945729017935,0.17282612499462616,0.24238511786652633
286,286.0,286.2,0.10945787378658955,0.1201176336300194,0.10733430933550794,0.2464167989383264,0.17265395776630407,0.24401942654325257
287,287.0,287.2,0.10980164520267985,0.12051429828633049,0.10768578640610608,0.2451017389438125,0.17400276348314356,0.24289376767792734
288,288.0,288.2,0.1107569714791548,0.12044989169714501,0.10594856961008507,0.24462027671287467,0.1718174566939326,0.24640683380680772
289,289.0,289.2,0.11117162406727284,0.12331509710466362,0.10249915147120255,0.24842378555424505,0.16974516934843942,0.2448451724541763
290,290.0,290.2,0.11073588307416755,0.12478480122300153,0.10141030969943968,0.24686122020991408,0.17087413459520265,0.24533365119827436
291,291.0,291.2,0.11064518857392795,0.12490701976776275,0.10077219300729975,0.2456956842479646,0.17254352560822836,0.2454363887948165
292,292.0,292.2,0.10944251624380923,0.12504405278802402,0.1040466667217965,0.24557758713435301,0.1711207983754918,0.2447683787365252
293,293.0,293.2,0.1099785065181134,0.12557581721474015,0.10408924167230556,0.24464611296207667,0.17303188635994243,0.24267843527282168
294,294.0,294.2,0.10864710264225141,0.12668851434445882,0.10440342162196999,0.24442030103858875,0.17355833565084763,0.2422823247018832
295,295.0,295.2,0.10846172075271428,0.12652068947246967,0.10393944546907455,0.24382012861731295,0.17365094441390036,0.24360707127452805
