Total_iterations,Unnamed: 0.1,Intertwine_two,Invert_path_vertices,Insert_inside_vertex,Delete_inside_vertex,MSC_add_terminal,MSC_del_terminal
0,0.0,0.1666666666666665,0.1666666666666665,0.1666666666666665,0.1666666666666665,0.1666666666666665,0.1666666666666665
1,1.0,0.1666666666666665,0.1666666666666665,0.1666666666666665,0.1666666666666665,0.1666666666666665,0.1666666666666665
2,2.0,0.1666666666666665,0.1666666666666665,0.1666666666666665,0.1666666666666665,0.1666666666666665,0.1666666666666665
3,3.0,0.1666666666666665,0.1666666666666665,0.1666666666666665,0.1666666666666665,0.1666666666666665,0.1666666666666665
4,4.0,0.1666666666666665,0.1666666666666665,0.1666666666666665,0.1666666666666665,0.1666666666666665,0.1666666666666665
5,5.0,0.1666666666666665,0.1666666666666665,0.1666666666666665,0.1666666666666665,0.1666666666666665,0.1666666666666665
6,6.0,0.1666666666666665,0.1666666666666665,0.1666666666666665,0.1666666666666665,0.1666666666666665,0.1666666666666665
7,7.0,0.1666666666666665,0.1666666666666665,0.1666666666666665,0.1666666666666665,0.1666666666666665,0.1666666666666665
8,8.0,0.1666666666666665,0.1666666666666665,0.1666666666666665,0.1666666666666665,0.1666666666666665,0.1666666666666665
9,9.0,0.1666666666666665,0.1666666666666665,0.1666666666666665,0.1666666666666665,0.1666666666666665,0.1666666666666665
10,10.0,0.1666666666666665,0.1666666666666665,0.1666666666666665,0.1666666666666665,0.1666666666666665,0.1666666666666665
11,11.0,0.1666666666666665,0.1666666666666665,0.1666666666666665,0.1666666666666665,0.1666666666666665,0.1666666666666665
12,12.0,0.1666666666666665,0.1666666666666665,0.1666666666666665,0.1666666666666665,0.1666666666666665,0.1666666666666665
13,13.0,0.1666666666666665,0.1666666666666665,0.1666666666666665,0.1666666666666665,0.1666666666666665,0.1666666666666665
14,14.0,0.1666666666666665,0.1666666666666665,0.1666666666666665,0.1666666666666665,0.1666666666666665,0.1666666666666665
15,15.0,0.1666666666666665,0.1666666666666665,0.1666666666666665,0.1666666666666665,0.1666666666666665,0.1666666666666665
16,16.0,0.1666666666666665,0.1666666666666665,0.1666666666666665,0.1666666666666665,0.1666666666666665,0.1666666666666665
17,17.0,0.1666666666666665,0.1666666666666665,0.1666666666666665,0.1666666666666665,0.1666666666666665,0.1666666666666665
18,18.0,0.1666666666666665,0.1666666666666665,0.1666666666666665,0.1666666666666665,0.1666666666666665,0.1666666666666665
19,19.0,0.1666666666666665,0.1666666666666665,0.1666666666666665,0.1666666666666665,0.1666666666666665,0.1666666666666665
20,20.0,0.1666666666666665,0.1666666666666665,0.1666666666666665,0.1666666666666665,0.1666666666666665,0.1666666666666665
21,21.0,0.1666666666666665,0.1666666666666665,0.1666666666666665,0.1666666666666665,0.1666666666666665,0.1666666666666665
22,22.0,0.1666666666666665,0.1666666666666665,0.1666666666666665,0.1666666666666665,0.1666666666666665,0.1666666666666665
23,23.0,0.1666666666666665,0.1666666666666665,0.1666666666666665,0.1666666666666665,0.1666666666666665,0.1666666666666665
24,24.0,0.1666666666666665,0.1666666666666665,0.1666666666666665,0.1666666666666665,0.1666666666666665,0.1666666666666665
25,25.0,0.1666666666666665,0.1666666666666665,0.1666666666666665,0.1666666666666665,0.1666666666666665,0.1666666666666665
26,26.0,0.1666666666666665,0.1666666666666665,0.1666666666666665,0.1666666666666665,0.1666666666666665,0.1666666666666665
27,27.0,0.1666666666666665,0.1666666666666665,0.1666666666666665,0.1666666666666665,0.1666666666666665,0.1666666666666665
28,28.0,0.1666666666666665,0.1666666666666665,0.1666666666666665,0.1666666666666665,0.1666666666666665,0.1666666666666665
29,29.0,0.1666666666666665,0.1666666666666665,0.1666666666666665,0.1666666666666665,0.1666666666666665,0.1666666666666665
30,30.0,0.1666666666666665,0.1666666666666665,0.1666666666666665,0.1666666666666665,0.1666666666666665,0.1666666666666665
31,31.0,0.1666666666666665,0.1666666666666665,0.1666666666666665,0.1666666666666665,0.1666666666666665,0.1666666666666665
32,32.0,0.1666666666666665,0.1666666666666665,0.1666666666666665,0.1666666666666665,0.1666666666666665,0.1666666666666665
33,33.0,0.1666666666666665,0.1666666666666665,0.1666666666666665,0.1666666666666665,0.1666666666666665,0.1666666666666665
34,34.0,0.1666666666666665,0.1666666666666665,0.1666666666666665,0.1666666666666665,0.1666666666666665,0.1666666666666665
35,35.0,0.1666666666666665,0.1666666666666665,0.1666666666666665,0.1666666666666665,0.1666666666666665,0.1666666666666665
36,36.0,0.1666666666666665,0.1666666666666665,0.1666666666666665,0.1666666666666665,0.1666666666666665,0.1666666666666665
37,37.0,0.1666666666666665,0.1666666666666665,0.1666666666666665,0.1666666666666665,0.1666666666666665,0.1666666666666665
38,38.0,0.1666666666666665,0.1666666666666665,0.1666666666666665,0.1666666666666665,0.1666666666666665,0.1666666666666665
39,39.0,0.1666666666666665,0.1666666666666665,0.1666666666666665,0.1666666666666665,0.1666666666666665,0.1666666666666665
40,40.0,0.1666666666666665,0.1666666666666665,0.1666666666666665,0.1666666666666665,0.1666666666666665,0.1666666666666665
41,41.0,0.1666666666666665,0.1666666666666665,0.1666666666666665,0.1666666666666665,0.1666666666666665,0.1666666666666665
42,42.0,0.1666666666666665,0.1666666666666665,0.1666666666666665,0.1666666666666665,0.1666666666666665,0.1666666666666665
43,43.0,0.1666666666666665,0.1666666666666665,0.1666666666666665,0.1666666666666665,0.1666666666666665,0.1666666666666665
44,44.0,0.1666666666666665,0.1666666666666665,0.1666666666666665,0.1666666666666665,0.1666666666666665,0.1666666666666665
45,45.0,0.1666666666666665,0.1666666666666665,0.1666666666666665,0.1666666666666665,0.1666666666666665,0.1666666666666665
46,46.0,0.1666666666666665,0.1666666666666665,0.1666666666666665,0.1666666666666665,0.1666666666666665,0.1666666666666665
47,47.0,0.1666666666666665,0.1666666666666665,0.1666666666666665,0.1666666666666665,0.1666666666666665,0.1666666666666665
48,48.0,0.1666666666666665,0.1666666666666665,0.1666666666666665,0.1666666666666665,0.1666666666666665,0.1666666666666665
49,49.0,0.1666666666666665,0.1666666666666665,0.1666666666666665,0.1666666666666665,0.1666666666666665,0.1666666666666665
50,50.0,0.1666666666666665,0.1666666666666665,0.1666666666666665,0.1666666666666665,0.1666666666666665,0.1666666666666665
51,51.0,0.1666666666666665,0.1666666666666665,0.1666666666666665,0.1666666666666665,0.1666666666666665,0.1666666666666665
52,52.0,0.1666666666666665,0.1666666666666665,0.1666666666666665,0.1666666666666665,0.1666666666666665,0.1666666666666665
53,53.0,0.1666666666666665,0.1666666666666665,0.1666666666666665,0.1666666666666665,0.1666666666666665,0.1666666666666665
54,54.0,0.1666666666666665,0.1666666666666665,0.1666666666666665,0.1666666666666665,0.1666666666666665,0.1666666666666665
55,55.0,0.1666666666666665,0.1666666666666665,0.1666666666666665,0.1666666666666665,0.1666666666666665,0.1666666666666665
56,56.0,0.1666666666666665,0.1666666666666665,0.1666666666666665,0.1666666666666665,0.1666666666666665,0.1666666666666665
57,57.0,0.1666666666666665,0.1666666666666665,0.1666666666666665,0.1666666666666665,0.1666666666666665,0.1666666666666665
58,58.0,0.1666666666666665,0.1666666666666665,0.1666666666666665,0.1666666666666665,0.1666666666666665,0.1666666666666665
59,59.0,0.1666666666666665,0.1666666666666665,0.1666666666666665,0.1666666666666665,0.1666666666666665,0.1666666666666665
60,60.0,0.1666666666666665,0.1666666666666665,0.1666666666666665,0.1666666666666665,0.1666666666666665,0.1666666666666665
61,61.0,0.1666666666666665,0.1666666666666665,0.1666666666666665,0.1666666666666665,0.1666666666666665,0.1666666666666665
62,62.0,0.1666666666666665,0.1666666666666665,0.1666666666666665,0.1666666666666665,0.1666666666666665,0.1666666666666665
63,63.0,0.1666666666666665,0.1666666666666665,0.1666666666666665,0.1666666666666665,0.1666666666666665,0.1666666666666665
64,64.0,0.1666666666666665,0.1666666666666665,0.1666666666666665,0.1666666666666665,0.1666666666666665,0.1666666666666665
65,65.0,0.1666666666666665,0.1666666666666665,0.1666666666666665,0.1666666666666665,0.1666666666666665,0.1666666666666665
66,66.0,0.1666666666666665,0.1666666666666665,0.1666666666666665,0.1666666666666665,0.1666666666666665,0.1666666666666665
67,67.0,0.1666666666666665,0.1666666666666665,0.1666666666666665,0.1666666666666665,0.1666666666666665,0.1666666666666665
68,68.0,0.1666666666666665,0.1666666666666665,0.1666666666666665,0.1666666666666665,0.1666666666666665,0.1666666666666665
69,69.0,0.1666666666666665,0.1666666666666665,0.1666666666666665,0.1666666666666665,0.1666666666666665,0.1666666666666665
70,70.0,0.1666666666666665,0.1666666666666665,0.1666666666666665,0.1666666666666665,0.1666666666666665,0.1666666666666665
71,71.0,0.1666666666666665,0.1666666666666665,0.1666666666666665,0.1666666666666665,0.1666666666666665,0.1666666666666665
72,72.0,0.1666666666666665,0.1666666666666665,0.1666666666666665,0.1666666666666665,0.1666666666666665,0.1666666666666665
73,73.0,0.1666666666666665,0.1666666666666665,0.1666666666666665,0.1666666666666665,0.1666666666666665,0.1666666666666665
74,74.0,0.1666666666666665,0.1666666666666665,0.1666666666666665,0.1666666666666665,0.1666666666666665,0.1666666666666665
75,75.0,0.1666666666666665,0.1666666666666665,0.1666666666666665,0.1666666666666665,0.1666666666666665,0.1666666666666665
76,76.0,0.1666666666666665,0.1666666666666665,0.1666666666666665,0.1666666666666665,0.1666666666666665,0.1666666666666665
77,77.0,0.1666666666666665,0.1666666666666665,0.1666666666666665,0.1666666666666665,0.1666666666666665,0.1666666666666665
78,78.0,0.1666666666666665,0.1666666666666665,0.1666666666666665,0.1666666666666665,0.1666666666666665,0.1666666666666665
79,79.0,0.1666666666666665,0.1666666666666665,0.1666666666666665,0.1666666666666665,0.1666666666666665,0.1666666666666665
80,80.0,0.1666666666666665,0.1666666666666665,0.1666666666666665,0.1666666666666665,0.1666666666666665,0.1666666666666665
81,81.0,0.1666666666666665,0.1666666666666665,0.1666666666666665,0.1666666666666665,0.1666666666666665,0.1666666666666665
82,82.0,0.1666666666666665,0.1666666666666665,0.1666666666666665,0.1666666666666665,0.1666666666666665,0.1666666666666665
83,83.0,0.1666666666666665,0.1666666666666665,0.1666666666666665,0.1666666666666665,0.1666666666666665,0.1666666666666665
84,84.0,0.1666666666666665,0.1666666666666665,0.1666666666666665,0.1666666666666665,0.1666666666666665,0.1666666666666665
85,85.0,0.1666666666666665,0.1666666666666665,0.1666666666666665,0.1666666666666665,0.1666666666666665,0.1666666666666665
86,86.0,0.1666666666666665,0.1666666666666665,0.1666666666666665,0.1666666666666665,0.1666666666666665,0.1666666666666665
87,87.0,0.1666666666666665,0.1666666666666665,0.1666666666666665,0.1666666666666665,0.1666666666666665,0.1666666666666665
88,88.0,0.1666666666666665,0.1666666666666665,0.1666666666666665,0.1666666666666665,0.1666666666666665,0.1666666666666665
89,89.0,0.1666666666666665,0.1666666666666665,0.1666666666666665,0.1666666666666665,0.1666666666666665,0.1666666666666665
90,90.0,0.1666666666666665,0.1666666666666665,0.1666666666666665,0.1666666666666665,0.1666666666666665,0.1666666666666665
91,91.0,0.1666666666666665,0.1666666666666665,0.1666666666666665,0.1666666666666665,0.1666666666666665,0.1666666666666665
92,92.0,0.1666666666666665,0.1666666666666665,0.1666666666666665,0.1666666666666665,0.1666666666666665,0.1666666666666665
93,93.0,0.1666666666666665,0.1666666666666665,0.1666666666666665,0.1666666666666665,0.1666666666666665,0.1666666666666665
94,94.0,0.1666666666666665,0.1666666666666665,0.1666666666666665,0.1666666666666665,0.1666666666666665,0.1666666666666665
95,95.0,0.1666666666666665,0.1666666666666665,0.1666666666666665,0.1666666666666665,0.1666666666666665,0.1666666666666665
96,96.0,0.1666666666666665,0.1666666666666665,0.1666666666666665,0.1666666666666665,0.1666666666666665,0.1666666666666665
97,97.0,0.1666666666666665,0.1666666666666665,0.1666666666666665,0.1666666666666665,0.1666666666666665,0.1666666666666665
98,98.0,0.1666666666666665,0.1666666666666665,0.1666666666666665,0.1666666666666665,0.1666666666666665,0.1666666666666665
99,99.0,0.1666666666666665,0.1666666666666665,0.1666666666666665,0.1666666666666665,0.1666666666666665,0.1666666666666665
100,100.0,0.1666666666666665,0.1666666666666665,0.1666666666666665,0.1666666666666665,0.1666666666666665,0.1666666666666665
101,101.0,0.1666666666666665,0.1666666666666665,0.1666666666666665,0.1666666666666665,0.1666666666666665,0.1666666666666665
102,102.0,0.1666666666666665,0.1666666666666665,0.1666666666666665,0.1666666666666665,0.1666666666666665,0.1666666666666665
103,103.0,0.1666666666666665,0.1666666666666665,0.1666666666666665,0.1666666666666665,0.1666666666666665,0.1666666666666665
104,104.0,0.1666666666666665,0.1666666666666665,0.1666666666666665,0.1666666666666665,0.1666666666666665,0.1666666666666665
105,105.0,0.1666666666666665,0.1666666666666665,0.1666666666666665,0.1666666666666665,0.1666666666666665,0.1666666666666665
106,106.0,0.1666666666666665,0.1666666666666665,0.1666666666666665,0.1666666666666665,0.1666666666666665,0.1666666666666665
107,107.0,0.1666666666666665,0.1666666666666665,0.1666666666666665,0.1666666666666665,0.1666666666666665,0.1666666666666665
108,108.0,0.1666666666666665,0.1666666666666665,0.1666666666666665,0.1666666666666665,0.1666666666666665,0.1666666666666665
109,109.0,0.1666666666666665,0.1666666666666665,0.1666666666666665,0.1666666666666665,0.1666666666666665,0.1666666666666665
110,110.0,0.1666666666666665,0.1666666666666665,0.1666666666666665,0.1666666666666665,0.1666666666666665,0.1666666666666665
111,111.0,0.1666666666666665,0.1666666666666665,0.1666666666666665,0.1666666666666665,0.1666666666666665,0.1666666666666665
112,112.0,0.1666666666666665,0.1666666666666665,0.1666666666666665,0.1666666666666665,0.1666666666666665,0.1666666666666665
113,113.0,0.1666666666666665,0.1666666666666665,0.1666666666666665,0.1666666666666665,0.1666666666666665,0.1666666666666665
114,114.0,0.1666666666666665,0.1666666666666665,0.1666666666666665,0.1666666666666665,0.1666666666666665,0.1666666666666665
115,115.0,0.1666666666666665,0.1666666666666665,0.1666666666666665,0.1666666666666665,0.1666666666666665,0.1666666666666665
116,116.0,0.1666666666666665,0.1666666666666665,0.1666666666666665,0.1666666666666665,0.1666666666666665,0.1666666666666665
117,117.0,0.1666666666666665,0.1666666666666665,0.1666666666666665,0.1666666666666665,0.1666666666666665,0.1666666666666665
118,118.0,0.1666666666666665,0.1666666666666665,0.1666666666666665,0.1666666666666665,0.1666666666666665,0.1666666666666665
119,119.0,0.1666666666666665,0.1666666666666665,0.1666666666666665,0.1666666666666665,0.1666666666666665,0.1666666666666665
120,120.0,0.1666666666666665,0.1666666666666665,0.1666666666666665,0.1666666666666665,0.1666666666666665,0.1666666666666665
121,121.0,0.1666666666666665,0.1666666666666665,0.1666666666666665,0.1666666666666665,0.1666666666666665,0.1666666666666665
122,122.0,0.1666666666666665,0.1666666666666665,0.1666666666666665,0.1666666666666665,0.1666666666666665,0.1666666666666665
123,123.0,0.1666666666666665,0.1666666666666665,0.1666666666666665,0.1666666666666665,0.1666666666666665,0.1666666666666665
124,124.0,0.1666666666666665,0.1666666666666665,0.1666666666666665,0.1666666666666665,0.1666666666666665,0.1666666666666665
125,125.0,0.1666666666666665,0.1666666666666665,0.1666666666666665,0.1666666666666665,0.1666666666666665,0.1666666666666665
126,126.0,0.1666666666666665,0.1666666666666665,0.1666666666666665,0.1666666666666665,0.1666666666666665,0.1666666666666665
127,127.0,0.1666666666666665,0.1666666666666665,0.1666666666666665,0.1666666666666665,0.1666666666666665,0.1666666666666665
128,128.0,0.1666666666666665,0.1666666666666665,0.1666666666666665,0.1666666666666665,0.1666666666666665,0.1666666666666665
129,129.0,0.1666666666666665,0.1666666666666665,0.1666666666666665,0.1666666666666665,0.1666666666666665,0.1666666666666665
130,130.0,0.1666666666666665,0.1666666666666665,0.1666666666666665,0.1666666666666665,0.1666666666666665,0.1666666666666665
131,131.0,0.1666666666666665,0.1666666666666665,0.1666666666666665,0.1666666666666665,0.1666666666666665,0.1666666666666665
132,132.0,0.1666666666666665,0.1666666666666665,0.1666666666666665,0.1666666666666665,0.1666666666666665,0.1666666666666665
133,133.0,0.1666666666666665,0.1666666666666665,0.1666666666666665,0.1666666666666665,0.1666666666666665,0.1666666666666665
134,134.0,0.1666666666666665,0.1666666666666665,0.1666666666666665,0.1666666666666665,0.1666666666666665,0.1666666666666665
135,135.0,0.1666666666666665,0.1666666666666665,0.1666666666666665,0.1666666666666665,0.1666666666666665,0.1666666666666665
136,136.0,0.1666666666666665,0.1666666666666665,0.1666666666666665,0.1666666666666665,0.1666666666666665,0.1666666666666665
137,137.0,0.1666666666666665,0.1666666666666665,0.1666666666666665,0.1666666666666665,0.1666666666666665,0.1666666666666665
138,138.0,0.1666666666666665,0.1666666666666665,0.1666666666666665,0.1666666666666665,0.1666666666666665,0.1666666666666665
139,139.0,0.1666666666666665,0.1666666666666665,0.1666666666666665,0.1666666666666665,0.1666666666666665,0.1666666666666665
140,140.0,0.1666666666666665,0.1666666666666665,0.1666666666666665,0.1666666666666665,0.1666666666666665,0.1666666666666665
141,141.0,0.1666666666666665,0.1666666666666665,0.1666666666666665,0.1666666666666665,0.1666666666666665,0.1666666666666665
142,142.0,0.1666666666666665,0.1666666666666665,0.1666666666666665,0.1666666666666665,0.1666666666666665,0.1666666666666665
143,143.0,0.1666666666666665,0.1666666666666665,0.1666666666666665,0.1666666666666665,0.1666666666666665,0.1666666666666665
144,144.0,0.1666666666666665,0.1666666666666665,0.1666666666666665,0.1666666666666665,0.1666666666666665,0.1666666666666665
145,145.0,0.1666666666666665,0.1666666666666665,0.1666666666666665,0.1666666666666665,0.1666666666666665,0.1666666666666665
146,146.0,0.1666666666666665,0.1666666666666665,0.1666666666666665,0.1666666666666665,0.1666666666666665,0.1666666666666665
147,147.0,0.1666666666666665,0.1666666666666665,0.1666666666666665,0.1666666666666665,0.1666666666666665,0.1666666666666665
148,148.0,0.1666666666666665,0.1666666666666665,0.1666666666666665,0.1666666666666665,0.1666666666666665,0.1666666666666665
149,149.0,0.1666666666666665,0.1666666666666665,0.1666666666666665,0.1666666666666665,0.1666666666666665,0.1666666666666665
150,150.0,0.1666666666666665,0.1666666666666665,0.1666666666666665,0.1666666666666665,0.1666666666666665,0.1666666666666665
151,151.0,0.1666666666666665,0.1666666666666665,0.1666666666666665,0.1666666666666665,0.1666666666666665,0.1666666666666665
152,152.0,0.1666666666666665,0.1666666666666665,0.1666666666666665,0.1666666666666665,0.1666666666666665,0.1666666666666665
153,153.0,0.1666666666666665,0.1666666666666665,0.1666666666666665,0.1666666666666665,0.1666666666666665,0.1666666666666665
154,154.0,0.1666666666666665,0.1666666666666665,0.1666666666666665,0.1666666666666665,0.1666666666666665,0.1666666666666665
155,155.0,0.1666666666666665,0.1666666666666665,0.1666666666666665,0.1666666666666665,0.1666666666666665,0.1666666666666665
156,156.0,0.1666666666666665,0.1666666666666665,0.1666666666666665,0.1666666666666665,0.1666666666666665,0.1666666666666665
157,157.0,0.1666666666666665,0.1666666666666665,0.1666666666666665,0.1666666666666665,0.1666666666666665,0.1666666666666665
158,158.0,0.1666666666666665,0.1666666666666665,0.1666666666666665,0.1666666666666665,0.1666666666666665,0.1666666666666665
159,159.0,0.1666666666666665,0.1666666666666665,0.1666666666666665,0.1666666666666665,0.1666666666666665,0.1666666666666665
160,160.0,0.1666666666666665,0.1666666666666665,0.1666666666666665,0.1666666666666665,0.1666666666666665,0.1666666666666665
161,161.0,0.1666666666666665,0.1666666666666665,0.1666666666666665,0.1666666666666665,0.1666666666666665,0.1666666666666665
162,162.0,0.1666666666666665,0.1666666666666665,0.1666666666666665,0.1666666666666665,0.1666666666666665,0.1666666666666665
163,163.0,0.1666666666666665,0.1666666666666665,0.1666666666666665,0.1666666666666665,0.1666666666666665,0.1666666666666665
164,164.0,0.1666666666666665,0.1666666666666665,0.1666666666666665,0.1666666666666665,0.1666666666666665,0.1666666666666665
165,165.0,0.1666666666666665,0.1666666666666665,0.1666666666666665,0.1666666666666665,0.1666666666666665,0.1666666666666665
166,166.0,0.1666666666666665,0.1666666666666665,0.1666666666666665,0.1666666666666665,0.1666666666666665,0.1666666666666665
167,167.0,0.1666666666666665,0.1666666666666665,0.1666666666666665,0.1666666666666665,0.1666666666666665,0.1666666666666665
168,168.0,0.1666666666666665,0.1666666666666665,0.1666666666666665,0.1666666666666665,0.1666666666666665,0.1666666666666665
169,169.0,0.1666666666666665,0.1666666666666665,0.1666666666666665,0.1666666666666665,0.1666666666666665,0.1666666666666665
170,170.0,0.1666666666666665,0.1666666666666665,0.1666666666666665,0.1666666666666665,0.1666666666666665,0.1666666666666665
171,171.0,0.1666666666666665,0.1666666666666665,0.1666666666666665,0.1666666666666665,0.1666666666666665,0.1666666666666665
172,172.0,0.1666666666666665,0.1666666666666665,0.1666666666666665,0.1666666666666665,0.1666666666666665,0.1666666666666665
173,173.0,0.1666666666666665,0.1666666666666665,0.1666666666666665,0.1666666666666665,0.1666666666666665,0.1666666666666665
174,174.0,0.1666666666666665,0.1666666666666665,0.1666666666666665,0.1666666666666665,0.1666666666666665,0.1666666666666665
175,175.0,0.1666666666666665,0.1666666666666665,0.1666666666666665,0.1666666666666665,0.1666666666666665,0.1666666666666665
176,176.0,0.1666666666666665,0.1666666666666665,0.1666666666666665,0.1666666666666665,0.1666666666666665,0.1666666666666665
177,177.0,0.1666666666666665,0.1666666666666665,0.1666666666666665,0.1666666666666665,0.1666666666666665,0.1666666666666665
178,178.0,0.1666666666666665,0.1666666666666665,0.1666666666666665,0.1666666666666665,0.1666666666666665,0.1666666666666665
179,179.0,0.1666666666666665,0.1666666666666665,0.1666666666666665,0.1666666666666665,0.1666666666666665,0.1666666666666665
180,180.0,0.1666666666666665,0.1666666666666665,0.1666666666666665,0.1666666666666665,0.1666666666666665,0.1666666666666665
181,181.0,0.1666666666666665,0.1666666666666665,0.1666666666666665,0.1666666666666665,0.1666666666666665,0.1666666666666665
182,182.0,0.1666666666666665,0.1666666666666665,0.1666666666666665,0.1666666666666665,0.1666666666666665,0.1666666666666665
183,183.0,0.1666666666666665,0.1666666666666665,0.1666666666666665,0.1666666666666665,0.1666666666666665,0.1666666666666665
184,184.0,0.1666666666666665,0.1666666666666665,0.1666666666666665,0.1666666666666665,0.1666666666666665,0.1666666666666665
185,185.0,0.1666666666666665,0.1666666666666665,0.1666666666666665,0.1666666666666665,0.1666666666666665,0.1666666666666665
186,186.0,0.1666666666666665,0.1666666666666665,0.1666666666666665,0.1666666666666665,0.1666666666666665,0.1666666666666665
187,187.0,0.1666666666666665,0.1666666666666665,0.1666666666666665,0.1666666666666665,0.1666666666666665,0.1666666666666665
188,188.0,0.1666666666666665,0.1666666666666665,0.1666666666666665,0.1666666666666665,0.1666666666666665,0.1666666666666665
189,189.0,0.1666666666666665,0.1666666666666665,0.1666666666666665,0.1666666666666665,0.1666666666666665,0.1666666666666665
190,190.0,0.1666666666666665,0.1666666666666665,0.1666666666666665,0.1666666666666665,0.1666666666666665,0.1666666666666665
191,191.0,0.1666666666666665,0.1666666666666665,0.1666666666666665,0.1666666666666665,0.1666666666666665,0.1666666666666665
192,192.0,0.1666666666666665,0.1666666666666665,0.1666666666666665,0.1666666666666665,0.1666666666666665,0.1666666666666665
193,193.0,0.1666666666666665,0.1666666666666665,0.1666666666666665,0.1666666666666665,0.1666666666666665,0.1666666666666665
194,194.0,0.1666666666666665,0.1666666666666665,0.1666666666666665,0.1666666666666665,0.1666666666666665,0.1666666666666665
195,195.0,0.1666666666666665,0.1666666666666665,0.1666666666666665,0.1666666666666665,0.1666666666666665,0.1666666666666665
196,196.0,0.1666666666666665,0.1666666666666665,0.1666666666666665,0.1666666666666665,0.1666666666666665,0.1666666666666665
197,197.0,0.1666666666666665,0.1666666666666665,0.1666666666666665,0.1666666666666665,0.1666666666666665,0.1666666666666665
198,198.0,0.1666666666666665,0.1666666666666665,0.1666666666666665,0.1666666666666665,0.1666666666666665,0.1666666666666665
199,199.0,0.1652233018413203,0.1661236106695575,0.1656324949635084,0.1675975131135854,0.1687458399618649,0.1666772394501627
200,200.0,0.1572368961853752,0.1630359525224632,0.1589372910456417,0.1770794027012898,0.1692202728383878,0.1744901847068416
201,201.0,0.1494975032655015,0.1599673886243223,0.1524160845479564,0.1862913988739492,0.1696492046684707,0.1821784200197993
202,202.0,0.1421737681618707,0.1570083491508938,0.1460388549595178,0.1952063595357067,0.1698809788485666,0.1896916893434438
203,203.0,0.1350313703043595,0.1538998589190752,0.1398989427724758,0.2039248995133016,0.1700959868004271,0.1971489416903603
204,204.0,0.1282521536297253,0.1507673966024013,0.1341028680342232,0.212229182427476,0.170244786005649,0.2044036133005247
205,205.0,0.1216673044933601,0.1479098500731055,0.1286717983927421,0.2199880591562844,0.1703356538336304,0.2114273340508769
206,206.0,0.1155204725017425,0.1451945871120381,0.1235395249926199,0.2271522353166449,0.1703540994310164,0.2182390806459378
207,207.0,0.1098223096015242,0.1426130946776821,0.1187704832055693,0.2340311734987563,0.170483028473863,0.2242799105426047
208,208.0,0.104404815544128,0.1402660702944151,0.1143216817472566,0.240751445634732,0.170506106653967,0.229749880125501
209,209.0,0.0993773927782756,0.1381198515616717,0.1102201569894238,0.2471111153196812,0.1705147711154798,0.2346567122354675
210,210.0,0.0945469637647807,0.1362720442281151,0.1065422467210089,0.2528217115614137,0.1705176091202895,0.2392994246043918
211,211.0,0.0902768784108898,0.1343600094597916,0.1033077935986325,0.2581039109990507,0.1704003442182238,0.2435510633134114
212,212.0,0.0864796903853593,0.1325894756220283,0.1003226071570627,0.2627507787304635,0.1705330834487176,0.2473243646563684
213,213.0,0.0831565345724361,0.1310861380666842,0.0977005137620825,0.2667839977791733,0.1708163233071403,0.2504564925124833
214,214.0,0.0802119179061224,0.1297233706466491,0.0954460257095875,0.2703254973640727,0.1711150858370814,0.2531781025364867
215,215.0,0.0774598468852142,0.1285585100323761,0.0935940390954864,0.2731419003756914,0.1716034241837924,0.2556422794274393
216,216.0,0.075156329404133,0.1275901702930068,0.0920168767114974,0.2754777081112948,0.1718728461806867,0.2578860692993812
217,217.0,0.0732048136180542,0.1267489606720447,0.0907463831971254,0.2771975904401117,0.172286801701075,0.2598154503715889
218,218.0,0.0714652667904178,0.126082345082328,0.0898124075415515,0.2785967334667421,0.1725530781638775,0.2614901689550831
219,219.0,0.0700398068685289,0.1256593836032025,0.0889117067153152,0.2795026881696165,0.173016525851627,0.2628698887917097
220,220.0,0.0688697356861491,0.1255526561463829,0.0881441741344242,0.2800638473318453,0.1733055034431355,0.264064083258063
221,221.0,0.0680602574940565,0.1256546008319934,0.0876374649313022,0.280510471745129,0.1731282265157529,0.265008978481766
222,222.0,0.0675261415267319,0.1254667965794662,0.0873961514719082,0.2808139794907058,0.1730698471973687,0.2657270837338192
223,223.0,0.0672559392053234,0.1255425894318978,0.0875538535786245,0.2806130894089019,0.1728070720579953,0.2662274563172572
224,224.0,0.0672416844044909,0.1254941894247593,0.0879113455658649,0.2803693301209801,0.1724142366147168,0.2665692138691882
225,225.0,0.0673861982304861,0.1253870649440255,0.0884275458744698,0.2797786401051729,0.1722996901765692,0.2667208606692766
226,226.0,0.0676411953248851,0.1251501194042896,0.0893099373714688,0.2788939793714197,0.1721726860879746,0.2668320824399622
227,227.0,0.0680510805246059,0.1246912403811076,0.0903094273309824,0.2780454202473224,0.1722476915188851,0.2666551399970967
228,228.0,0.0686715629347905,0.1243298824495837,0.0914162395697309,0.2770403682781914,0.172345192070878,0.2661967546968256
229,229.0,0.0694235169665633,0.1243064996101096,0.0925459428645048,0.2755996754474927,0.1723827157386687,0.265741649372661
230,230.0,0.0703181252128269,0.1244725532263654,0.0937606508529092,0.2737375528701822,0.172454944334162,0.2652561735035544
231,231.0,0.0711718648816353,0.1245367228653213,0.0950124256232542,0.2716260062409227,0.1729558268723765,0.2646971535164901
232,232.0,0.072173547341666,0.1243881725058615,0.0963454737066403,0.269369206460508,0.1737488862411522,0.2639747137441721
233,233.0,0.0733101132070499,0.1243446621355822,0.097839345029727,0.2669186102403001,0.1745353413866589,0.263051928000682
234,234.0,0.0742039655321055,0.1243755633778034,0.0992992758212124,0.2641498122403543,0.1756833976013241,0.2622879854272005
235,235.0,0.0750652882505076,0.1247436141800653,0.1007964678740237,0.2609168418431341,0.1767806488237616,0.2616971390285078
236,236.0,0.0759100000510592,0.1251573691654492,0.1018745222168913,0.2580627532386062,0.1774907677832528,0.2615045875447414
237,237.0,0.0767867481502967,0.1253754881699392,0.1029324082318699,0.2553651915807446,0.1782499334894876,0.2612902303776621
238,238.0,0.0776026772265214,0.1255182609896998,0.1039620519707058,0.2530122465757254,0.1788658040330654,0.2610389592042822
239,239.0,0.0783593887827663,0.1257080228079146,0.1050029342965594,0.2506639405808381,0.1795626320208554,0.2607030815110663
240,240.0,0.0790218417500672,0.1260117004958785,0.106014866573116,0.2487300289850285,0.1799971625282672,0.2602243996676427
241,241.0,0.079622289814586,0.1262707874514704,0.1070162209689571,0.2471348697692718,0.1801125662265235,0.2598432657691913
242,242.0,0.0802196358578257,0.126333809752261,0.107929977379616,0.2461464725821098,0.1799638073490941,0.2594062970790935
243,243.0,0.0808474487136529,0.1260564260061249,0.1088292440448035,0.2455003392585231,0.1799517920448607,0.2588147499320349
244,244.0,0.0817265207371603,0.1257770970701546,0.1096829437605076,0.2448214644368156,0.1798763028124077,0.2581156711829541
245,245.0,0.0827842027599284,0.1254115020260442,0.1105676648462809,0.2440764786152369,0.1796299270595338,0.2575302246929758
246,246.0,0.0837646686643171,0.1250346277363793,0.1112967695945142,0.2437037873300782,0.1792968922712743,0.2569032544034368
247,247.0,0.0846316266319401,0.1249221485271547,0.1120164741857966,0.2433949442772268,0.1790902463018343,0.2559445600760476
248,248.0,0.08537118129992,0.1252825274280367,0.1125197455335045,0.2430648208841262,0.178857121544281,0.2549046033101317
249,249.0,0.0861123778721953,0.1257958895473704,0.1128667939658255,0.2423754440786491,0.1788546283340355,0.2539948662019243
250,250.0,0.0870375498017795,0.1263692798226978,0.1132055531841265,0.2417699188792759,0.1788162908698601,0.2528014074422605
251,251.0,0.0879372671792018,0.1268926366956727,0.1132270516238558,0.2413773735584606,0.1789131863575243,0.2516524845852847
252,252.0,0.0892494020833588,0.1274350990345408,0.1131362346400242,0.2412157978168879,0.1791074821861725,0.2498559842390157
253,253.0,0.0904818035393384,0.1278560602390994,0.1130875421396864,0.2411622717243629,0.1792849241334451,0.2481273982240678
254,254.0,0.0916793659424226,0.1280151064708177,0.1130197928834495,0.2414455906849854,0.1793308282507099,0.2465093157676149
255,255.0,0.0924506797587503,0.1282268503617133,0.1129391421376756,0.2422599761000382,0.1794634945745133,0.2446598570673093
256,256.0,0.0935100496230234,0.1281635985373491,0.1129296005239207,0.2430611430239996,0.1794170815775654,0.2429185267141417
257,257.0,0.0944743768439734,0.1281077351942804,0.1128159271803861,0.2437594885339133,0.1795805341239685,0.2412619381234781
258,258.0,0.095578879086212,0.1281691023040762,0.112737372904614,0.2444733731897652,0.17959600509434,0.2394452674209924
259,259.0,0.096780064327639,0.1282182857148838,0.1125162623197633,0.2451955419305655,0.1796231247351873,0.2376667209719608
260,260.0,0.0979588535279577,0.1283242144382662,0.1121552328607468,0.2458088569010935,0.1797979880674085,0.2359548542045271
261,261.0,0.0990448847765579,0.128311000921256,0.1117622129511169,0.2464290543676756,0.1798710103165997,0.2345818366667935
262,262.0,0.1002192605059386,0.1275714020299986,0.1114617841905819,0.2469817497431275,0.1801828413561692,0.2335829621741838
263,263.0,0.1012871133861728,0.1266278922480656,0.111270991532425,0.2474548589089664,0.1806342613638064,0.2327248825605634
264,264.0,0.1023179478725315,0.1254624599993339,0.1110814605652384,0.2480924802713968,0.1809689339568668,0.2320767173346321
265,265.0,0.1033131191202897,0.1244072452388627,0.1110580628664862,0.2487139509178327,0.1808116045860096,0.2316960172705187
266,266.0,0.1041819439105652,0.1233793005422778,0.111340573822948,0.2492828426990061,0.1804081149545467,0.2314072240706559
267,267.0,0.1049251316517293,0.1225346777304159,0.1115979650874471,0.2496458258383408,0.1801106741679595,0.231185725524107
268,268.0,0.105260624847346,0.1217802289960918,0.1119797393228393,0.2500247460101542,0.1801300158410783,0.2308246449824901
269,269.0,0.1058732681050381,0.1210337877977378,0.1121009818693725,0.2502941191020251,0.180171113547364,0.2305267295784622
270,270.0,0.1062716767016821,0.1207310756357312,0.1122090628502449,0.2505424167281571,0.1801613648610725,0.2300844032231118
271,271.0,0.1066015952726558,0.1204097814622687,0.1123032543650058,0.2513042065875439,0.1800043757224882,0.2293767865900373
272,272.0,0.1069689003729457,0.1201225640879437,0.1121719129665751,0.252073652971967,0.1798645859335808,0.2287983836669874
273,273.0,0.1072558616271588,0.1198241410849975,0.1118777737243743,0.2528862722605794,0.1796084692166332,0.2285474820862564
274,274.0,0.1075324652391526,0.119331757740605,0.1115383658833923,0.2536545698407703,0.1794621053840817,0.2284807359119978
275,275.0,0.107818507161262,0.1189588835909141,0.1110385629338952,0.2541617833140622,0.1795164549043849,0.2285058080954813
276,276.0,0.1080914315500116,0.1185962362688159,0.110510931976891,0.2545653066315831,0.179564341957633,0.2286717516150653
277,277.0,0.1082277379363588,0.1182603428943031,0.1100606256381897,0.2549263974914799,0.179399111597924,0.2291257844417444
278,278.0,0.1086639793896441,0.1180802221859345,0.1096677362887733,0.2550987234021151,0.1789332832044577,0.2295560555290751
279,279.0,0.1090744502579015,0.1179423713072171,0.1093656305722717,0.2552495375187805,0.1783207203783993,0.2300472899654297
280,280.0,0.1094609454824577,0.1178628572647834,0.1090958616771564,0.2551992539643131,0.1776352472328703,0.2307458343784188
281,281.0,0.109787023574669,0.1177764541011833,0.1087759101393144,0.255001187302362,0.1770026457186641,0.2316567791638072
282,282.0,0.1101091026535327,0.1177441282209115,0.1084523843772499,0.254682647149714,0.1763887403754364,0.2326229972231553
283,283.0,0.1101764298398954,0.117918266806757,0.1083815417201634,0.2540550355089342,0.1759129429387838,0.2335557831854659
284,284.0,0.1104200792990053,0.1181905749194553,0.1083610859199533,0.2533461327538486,0.175336617340072,0.2343455097676652
285,285.0,0.1105877514852839,0.1181785392048266,0.1083956306744614,0.2526992160378017,0.1747984211445455,0.2353404414530807
286,286.0,0.1108190626011748,0.1182248441261325,0.1081472032159928,0.2520620275706979,0.1742771048842402,0.2364697576017616
287,287.0,0.1110480078589397,0.1183251129159778,0.107950637271626,0.2513005996645295,0.1739265693504701,0.2374490729384568
288,288.0,0.1113371275920131,0.1184308060216235,0.1075973577334385,0.2505051797186769,0.1733933186324826,0.2387362103017652
289,289.0,0.1116329990494623,0.1188326412142118,0.1069179764539481,0.2501108036214886,0.172690405632359,0.2398151740285302
290,290.0,0.1118510955120342,0.1193860878582795,0.1061534608754029,0.2495827384189136,0.172141228094085,0.2408853892412848
291,291.0,0.1120271607539463,0.1199503988260638,0.1053541536737386,0.2489637109583111,0.171801236475952,0.2419033393119881
292,292.0,0.1120515325168551,0.1205215482085127,0.104916404957026,0.2483620962653042,0.1713603941876815,0.2427880238646203
293,293.0,0.112100975968173,0.1211339841411835,0.1045179912246833,0.2476996505330609,0.1711523489685612,0.2433950491643379
294,294.0,0.1119911099922723,0.1218408645242947,0.1041865493650176,0.2470503328059833,0.1710365485743573,0.2438945947380748
295,295.0,0.1118402523515077,0.1225087508800975,0.1038440227985984,0.246379629291812,0.1709668069666439,0.2444605377113405
296,296.0,0.1116625455451931,0.1232295330561543,0.1033670784408813,0.2458465538986866,0.1710630958471497,0.2448311932119348
297,297.0,0.1114933197218383,0.1238665665967735,0.1029023272439097,0.2452791328365674,0.1711900010842476,0.2452686525166634
298,298.0,0.1111932951274534,0.1243179975870261,0.1025366024737994,0.2448640441532764,0.1713873290713455,0.245700731587099
299,299.0,0.1109281514796603,0.1247922792129499,0.1021833011602383,0.2445139949200582,0.1715630197871691,0.2460192534399241
300,300.0,0.1108809935319072,0.1253379390455106,0.1018154997667748,0.2441739726918339,0.1716102150622021,0.2461813799017713
301,301.0,0.1108730888828192,0.1258889331205387,0.1014126999969128,0.2437283672302084,0.1719170046992572,0.2461799060702635
302,302.0,0.1108666142932346,0.1264765960256626,0.1012236232644668,0.243245563756326,0.1721923035726902,0.2459952990876197
303,303.0,0.1107940166142286,0.1269806698905288,0.1010731102633752,0.2427855674400445,0.1725623371412867,0.245804298650536
304,304.0,0.1107186506755812,0.1274527916528479,0.1009679267965673,0.2423562306076039,0.1728749290461727,0.2456294712212268
305,305.0,0.1106559453006137,0.1278866657261399,0.1009682231471024,0.2419615866963973,0.1731375584597487,0.2453900206699977
306,306.0,0.1105218480384143,0.1281095245137286,0.1010050878487588,0.2416426455658775,0.1734741215817075,0.2452467724515131
307,307.0,0.1104233818160645,0.1283726536820852,0.1009725216888077,0.2412577963320562,0.1739531029197898,0.2450205435611963
308,308.0,0.1104224087425992,0.1286705815721038,0.1009382160552673,0.2408691711626535,0.1744671838695756,0.2446324385978003
309,309.0,0.1104097980655958,0.1289241570940926,0.1007811174683831,0.2407549072941975,0.1748593014710081,0.2442707186067227
310,310.0,0.1103366472533026,0.1291772912830813,0.1006501050959419,0.2406498655550856,0.1752929091533754,0.243893181659213
311,311.0,0.1106502270089674,0.12931454888728,0.1005072481513161,0.2405618241705212,0.1754877606902301,0.2434783910916851
312,312.0,0.1109364608867685,0.1295144999890019,0.1002784590862838,0.2405864294178575,0.1754536909719553,0.2432304596481329
313,313.0,0.1112079920634922,0.1297082982652518,0.1000029954842368,0.2408810679031647,0.1751990025721687,0.2430006437116856
314,314.0,0.1115286636775959,0.130015052333968,0.0995487026018914,0.2411667443107478,0.1750316860909185,0.2427091509848782
315,315.0,0.1121929189356534,0.130197291027522,0.09905004179658,0.2415014944800181,0.1744202705441736,0.2426379832160527
316,316.0,0.1128448589912559,0.1305638233577159,0.0984744177603124,0.2419944675329107,0.1736390504516322,0.2424833819061726
317,317.0,0.1134805025387032,0.1310218606294419,0.097970433805036,0.2424523867694962,0.1727259068294912,0.2423489094278314
318,318.0,0.1139793043307803,0.1313500777217806,0.0973720185164894,0.2430322843336392,0.1720931738388768,0.2421731412584337
319,319.0,0.1144658133273217,0.131639672031158,0.0967325992756559,0.2435028421809953,0.171543643582774,0.2421154296020949
320,320.0,0.1150631153686223,0.1317306243604408,0.096096459046008,0.2440630966623402,0.1709463822206271,0.2421003223419612
321,321.0,0.1155608964570505,0.1316801126443824,0.0954714497591505,0.2447025290459033,0.1705468744245654,0.2420381376689476
322,322.0,0.1160572257850559,0.1316833966400127,0.0949042270971151,0.2453072357564578,0.1701830866505885,0.2418648280707697
