,Unnamed: 0,Total_iterations,Intertwine_two,Add_vertex,Delete_vertex,Invert_path_vertices,Insert_inside_vertex,Delete_inside_vertex,Replace_inside_vertex,Donate_between_routes
0,0.0,0.0,0.125,0.125,0.125,0.125,0.125,0.125,0.125,0.125
1,1.0,1.0,0.125,0.125,0.125,0.125,0.125,0.125,0.125,0.125
2,2.0,2.0,0.125,0.125,0.125,0.125,0.125,0.125,0.125,0.125
3,3.0,3.0,0.125,0.125,0.125,0.125,0.125,0.125,0.125,0.125
4,4.0,4.0,0.125,0.125,0.125,0.125,0.125,0.125,0.125,0.125
5,5.0,5.0,0.125,0.125,0.125,0.125,0.125,0.125,0.125,0.125
6,6.0,6.0,0.125,0.125,0.125,0.125,0.125,0.125,0.125,0.125
7,7.0,7.0,0.125,0.125,0.125,0.125,0.125,0.125,0.125,0.125
8,8.0,8.0,0.125,0.125,0.125,0.125,0.125,0.125,0.125,0.125
9,9.0,9.0,0.125,0.125,0.125,0.125,0.125,0.125,0.125,0.125
10,10.0,10.0,0.125,0.125,0.125,0.125,0.125,0.125,0.125,0.125
11,11.0,11.0,0.125,0.125,0.125,0.125,0.125,0.125,0.125,0.125
12,12.0,12.0,0.125,0.125,0.125,0.125,0.125,0.125,0.125,0.125
13,13.0,13.0,0.125,0.125,0.125,0.125,0.125,0.125,0.125,0.125
14,14.0,14.0,0.125,0.125,0.125,0.125,0.125,0.125,0.125,0.125
15,15.0,15.0,0.125,0.125,0.125,0.125,0.125,0.125,0.125,0.125
16,16.0,16.0,0.125,0.125,0.125,0.125,0.125,0.125,0.125,0.125
17,17.0,17.0,0.125,0.125,0.125,0.125,0.125,0.125,0.125,0.125
18,18.0,18.0,0.125,0.125,0.125,0.125,0.125,0.125,0.125,0.125
19,19.0,19.0,0.125,0.125,0.125,0.125,0.125,0.125,0.125,0.125
20,20.0,20.0,0.125,0.125,0.125,0.125,0.125,0.125,0.125,0.125
21,21.0,21.0,0.125,0.125,0.125,0.125,0.125,0.125,0.125,0.125
22,22.0,22.0,0.125,0.125,0.125,0.125,0.125,0.125,0.125,0.125
23,23.0,23.0,0.125,0.125,0.125,0.125,0.125,0.125,0.125,0.125
24,24.0,24.0,0.125,0.125,0.125,0.125,0.125,0.125,0.125,0.125
25,25.0,25.0,0.125,0.125,0.125,0.125,0.125,0.125,0.125,0.125
26,26.0,26.0,0.125,0.125,0.125,0.125,0.125,0.125,0.125,0.125
27,27.0,27.0,0.125,0.125,0.125,0.125,0.125,0.125,0.125,0.125
28,28.0,28.0,0.125,0.125,0.125,0.125,0.125,0.125,0.125,0.125
29,29.0,29.0,0.125,0.125,0.125,0.125,0.125,0.125,0.125,0.125
30,30.0,30.0,0.125,0.125,0.125,0.125,0.125,0.125,0.125,0.125
31,31.0,31.0,0.125,0.125,0.125,0.125,0.125,0.125,0.125,0.125
32,32.0,32.0,0.125,0.125,0.125,0.125,0.125,0.125,0.125,0.125
33,33.0,33.0,0.125,0.125,0.125,0.125,0.125,0.125,0.125,0.125
34,34.0,34.0,0.125,0.125,0.125,0.125,0.125,0.125,0.125,0.125
35,35.0,35.0,0.125,0.125,0.125,0.125,0.125,0.125,0.125,0.125
36,36.0,36.0,0.125,0.125,0.125,0.125,0.125,0.125,0.125,0.125
37,37.0,37.0,0.125,0.125,0.125,0.125,0.125,0.125,0.125,0.125
38,38.0,38.0,0.125,0.125,0.125,0.125,0.125,0.125,0.125,0.125
39,39.0,39.0,0.125,0.125,0.125,0.125,0.125,0.125,0.125,0.125
40,40.0,40.0,0.125,0.125,0.125,0.125,0.125,0.125,0.125,0.125
41,41.0,41.0,0.125,0.125,0.125,0.125,0.125,0.125,0.125,0.125
42,42.0,42.0,0.125,0.125,0.125,0.125,0.125,0.125,0.125,0.125
43,43.0,43.0,0.125,0.125,0.125,0.125,0.125,0.125,0.125,0.125
44,44.0,44.0,0.125,0.125,0.125,0.125,0.125,0.125,0.125,0.125
45,45.0,45.0,0.125,0.125,0.125,0.125,0.125,0.125,0.125,0.125
46,46.0,46.0,0.125,0.125,0.125,0.125,0.125,0.125,0.125,0.125
47,47.0,47.0,0.125,0.125,0.125,0.125,0.125,0.125,0.125,0.125
48,48.0,48.0,0.125,0.125,0.125,0.125,0.125,0.125,0.125,0.125
49,49.0,49.0,0.125,0.125,0.125,0.125,0.125,0.125,0.125,0.125
50,50.0,50.0,0.125,0.125,0.125,0.125,0.125,0.125,0.125,0.125
51,51.0,51.0,0.125,0.125,0.125,0.125,0.125,0.125,0.125,0.125
52,52.0,52.0,0.125,0.125,0.125,0.125,0.125,0.125,0.125,0.125
53,53.0,53.0,0.125,0.125,0.125,0.125,0.125,0.125,0.125,0.125
54,54.0,54.0,0.125,0.125,0.125,0.125,0.125,0.125,0.125,0.125
55,55.0,55.0,0.125,0.125,0.125,0.125,0.125,0.125,0.125,0.125
56,56.0,56.0,0.125,0.125,0.125,0.125,0.125,0.125,0.125,0.125
57,57.0,57.0,0.125,0.125,0.125,0.125,0.125,0.125,0.125,0.125
58,58.0,58.0,0.125,0.125,0.125,0.125,0.125,0.125,0.125,0.125
59,59.0,59.0,0.125,0.125,0.125,0.125,0.125,0.125,0.125,0.125
60,60.0,60.0,0.125,0.125,0.125,0.125,0.125,0.125,0.125,0.125
61,61.0,61.0,0.125,0.125,0.125,0.125,0.125,0.125,0.125,0.125
62,62.0,62.0,0.125,0.125,0.125,0.125,0.125,0.125,0.125,0.125
63,63.0,63.0,0.125,0.125,0.125,0.125,0.125,0.125,0.125,0.125
64,64.0,64.0,0.125,0.125,0.125,0.125,0.125,0.125,0.125,0.125
65,65.0,65.0,0.125,0.125,0.125,0.125,0.125,0.125,0.125,0.125
66,66.0,66.0,0.125,0.125,0.125,0.125,0.125,0.125,0.125,0.125
67,67.0,67.1,0.125,0.125,0.125,0.125,0.125,0.125,0.125,0.125
68,68.0,68.1,0.125,0.125,0.125,0.125,0.125,0.125,0.125,0.125
69,69.0,69.1,0.125,0.125,0.125,0.125,0.125,0.125,0.125,0.125
70,70.0,70.1,0.125,0.125,0.125,0.125,0.125,0.125,0.125,0.125
71,71.0,71.1,0.125,0.125,0.125,0.125,0.125,0.125,0.125,0.125
72,72.0,72.1,0.125,0.125,0.125,0.125,0.125,0.125,0.125,0.125
73,73.0,73.1,0.125,0.125,0.125,0.125,0.125,0.125,0.125,0.125
74,74.0,74.1,0.125,0.125,0.125,0.125,0.125,0.125,0.125,0.125
75,75.0,75.1,0.125,0.125,0.125,0.125,0.125,0.125,0.125,0.125
76,76.0,76.1,0.125,0.125,0.125,0.125,0.125,0.125,0.125,0.125
77,77.0,77.1,0.125,0.125,0.125,0.125,0.125,0.125,0.125,0.125
78,78.0,78.1,0.125,0.125,0.125,0.125,0.125,0.125,0.125,0.125
79,79.0,79.1,0.125,0.125,0.125,0.125,0.125,0.125,0.125,0.125
80,80.0,80.3,0.125,0.125,0.125,0.125,0.125,0.125,0.125,0.125
81,81.0,81.3,0.125,0.125,0.125,0.125,0.125,0.125,0.125,0.125
82,82.0,82.4,0.125,0.125,0.125,0.125,0.125,0.125,0.125,0.125
83,83.0,83.4,0.125,0.125,0.125,0.125,0.125,0.125,0.125,0.125
84,84.0,84.4,0.125,0.125,0.125,0.125,0.125,0.125,0.125,0.125
85,85.0,85.4,0.125,0.125,0.125,0.125,0.125,0.125,0.125,0.125
86,86.0,86.4,0.125,0.125,0.125,0.125,0.125,0.125,0.125,0.125
87,87.0,87.4,0.125,0.125,0.125,0.125,0.125,0.125,0.125,0.125
88,88.0,88.4,0.125,0.125,0.125,0.125,0.125,0.125,0.125,0.125
89,89.0,89.4,0.125,0.125,0.125,0.125,0.125,0.125,0.125,0.125
90,90.0,90.4,0.125,0.125,0.125,0.125,0.125,0.125,0.125,0.125
91,91.0,91.5,0.125,0.125,0.125,0.125,0.125,0.125,0.125,0.125
92,92.0,92.5,0.125,0.125,0.125,0.125,0.125,0.125,0.125,0.125
93,93.0,93.5,0.125,0.125,0.125,0.125,0.125,0.125,0.125,0.125
94,94.0,94.5,0.125,0.125,0.125,0.125,0.125,0.125,0.125,0.125
95,95.0,95.6,0.125,0.125,0.125,0.125,0.125,0.125,0.125,0.125
96,96.0,96.6,0.125,0.125,0.125,0.125,0.125,0.125,0.125,0.125
97,97.0,97.6,0.125,0.125,0.125,0.125,0.125,0.125,0.125,0.125
98,98.0,98.6,0.125,0.125,0.125,0.125,0.125,0.125,0.125,0.125
99,99.0,99.6,0.125,0.125,0.125,0.125,0.125,0.125,0.125,0.125
100,100.0,100.6,0.125,0.125,0.125,0.125,0.125,0.125,0.125,0.125
101,101.0,101.6,0.125,0.125,0.125,0.125,0.125,0.125,0.125,0.125
102,102.0,102.6,0.125,0.125,0.125,0.125,0.125,0.125,0.125,0.125
103,103.0,103.6,0.125,0.125,0.125,0.125,0.125,0.125,0.125,0.125
104,104.0,104.6,0.125,0.125,0.125,0.125,0.125,0.125,0.125,0.125
105,105.0,105.6,0.125,0.125,0.125,0.125,0.125,0.125,0.125,0.125
106,106.0,106.6,0.125,0.125,0.125,0.125,0.125,0.125,0.125,0.125
107,107.0,107.6,0.125,0.125,0.125,0.125,0.125,0.125,0.125,0.125
108,108.0,108.6,0.125,0.125,0.125,0.125,0.125,0.125,0.125,0.125
109,109.0,109.6,0.125,0.125,0.125,0.125,0.125,0.125,0.125,0.125
110,110.0,110.6,0.125,0.125,0.125,0.125,0.125,0.125,0.125,0.125
111,111.0,111.6,0.125,0.125,0.125,0.125,0.125,0.125,0.125,0.125
112,112.0,112.6,0.125,0.125,0.125,0.125,0.125,0.125,0.125,0.125
113,113.0,113.6,0.125,0.125,0.125,0.125,0.125,0.125,0.125,0.125
114,114.0,114.6,0.125,0.125,0.125,0.125,0.125,0.125,0.125,0.125
115,115.0,115.6,0.125,0.125,0.125,0.125,0.125,0.125,0.125,0.125
116,116.0,116.6,0.125,0.125,0.125,0.125,0.125,0.125,0.125,0.125
117,117.0,117.6,0.125,0.125,0.125,0.125,0.125,0.125,0.125,0.125
118,118.0,118.6,0.125,0.125,0.125,0.125,0.125,0.125,0.125,0.125
119,119.0,119.6,0.125,0.125,0.125,0.125,0.125,0.125,0.125,0.125
120,120.0,120.6,0.125,0.125,0.125,0.125,0.125,0.125,0.125,0.125
121,121.0,121.6,0.125,0.125,0.125,0.125,0.125,0.125,0.125,0.125
122,122.0,122.6,0.125,0.125,0.125,0.125,0.125,0.125,0.125,0.125
123,123.0,123.6,0.125,0.125,0.125,0.125,0.125,0.125,0.125,0.125
124,124.0,124.6,0.125,0.125,0.125,0.125,0.125,0.125,0.125,0.125
125,125.0,125.6,0.125,0.125,0.125,0.125,0.125,0.125,0.125,0.125
126,126.0,126.6,0.125,0.125,0.125,0.125,0.125,0.125,0.125,0.125
127,127.0,127.6,0.125,0.125,0.125,0.125,0.125,0.125,0.125,0.125
128,128.0,128.6,0.125,0.125,0.125,0.125,0.125,0.125,0.125,0.125
129,129.0,129.6,0.125,0.125,0.125,0.125,0.125,0.125,0.125,0.125
130,130.0,130.6,0.125,0.125,0.125,0.125,0.125,0.125,0.125,0.125
131,131.0,131.6,0.125,0.125,0.125,0.125,0.125,0.125,0.125,0.125
132,132.0,132.6,0.125,0.125,0.125,0.125,0.125,0.125,0.125,0.125
133,133.0,133.6,0.125,0.125,0.125,0.125,0.125,0.125,0.125,0.125
134,134.0,134.6,0.125,0.125,0.125,0.125,0.125,0.125,0.125,0.125
135,135.0,135.6,0.125,0.125,0.125,0.125,0.125,0.125,0.125,0.125
136,136.0,136.6,0.125,0.125,0.125,0.125,0.125,0.125,0.125,0.125
137,137.0,137.6,0.125,0.125,0.125,0.125,0.125,0.125,0.125,0.125
138,138.0,138.6,0.125,0.125,0.125,0.125,0.125,0.125,0.125,0.125
139,139.0,139.6,0.125,0.125,0.125,0.125,0.125,0.125,0.125,0.125
140,140.0,140.6,0.125,0.125,0.125,0.125,0.125,0.125,0.125,0.125
141,141.0,141.6,0.125,0.125,0.125,0.125,0.125,0.125,0.125,0.125
142,142.0,142.6,0.125,0.125,0.125,0.125,0.125,0.125,0.125,0.125
143,143.0,143.6,0.125,0.125,0.125,0.125,0.125,0.125,0.125,0.125
144,144.0,144.6,0.125,0.125,0.125,0.125,0.125,0.125,0.125,0.125
145,145.0,145.6,0.125,0.125,0.125,0.125,0.125,0.125,0.125,0.125
146,146.0,146.6,0.125,0.125,0.125,0.125,0.125,0.125,0.125,0.125
147,147.0,147.6,0.125,0.125,0.125,0.125,0.125,0.125,0.125,0.125
148,148.0,148.6,0.125,0.125,0.125,0.125,0.125,0.125,0.125,0.125
149,149.0,149.6,0.125,0.125,0.125,0.125,0.125,0.125,0.125,0.125
150,150.0,150.6,0.125,0.125,0.125,0.125,0.125,0.125,0.125,0.125
151,151.0,151.6,0.125,0.125,0.125,0.125,0.125,0.125,0.125,0.125
152,152.0,152.6,0.125,0.125,0.125,0.125,0.125,0.125,0.125,0.125
153,153.0,153.6,0.125,0.125,0.125,0.125,0.125,0.125,0.125,0.125
154,154.0,154.6,0.125,0.125,0.125,0.125,0.125,0.125,0.125,0.125
155,155.0,155.6,0.125,0.125,0.125,0.125,0.125,0.125,0.125,0.125
156,156.0,156.6,0.125,0.125,0.125,0.125,0.125,0.125,0.125,0.125
157,157.0,157.6,0.125,0.125,0.125,0.125,0.125,0.125,0.125,0.125
158,158.0,158.6,0.125,0.125,0.125,0.125,0.125,0.125,0.125,0.125
159,159.0,159.6,0.125,0.125,0.125,0.125,0.125,0.125,0.125,0.125
160,160.0,160.6,0.125,0.125,0.125,0.125,0.125,0.125,0.125,0.125
161,161.0,161.6,0.125,0.125,0.125,0.125,0.125,0.125,0.125,0.125
162,162.0,162.6,0.125,0.125,0.125,0.125,0.125,0.125,0.125,0.125
163,163.0,163.6,0.125,0.125,0.125,0.125,0.125,0.125,0.125,0.125
164,164.0,164.6,0.125,0.125,0.125,0.125,0.125,0.125,0.125,0.125
165,165.0,165.6,0.125,0.125,0.125,0.125,0.125,0.125,0.125,0.125
166,166.0,166.6,0.125,0.125,0.125,0.125,0.125,0.125,0.125,0.125
167,167.0,167.6,0.125,0.125,0.125,0.125,0.125,0.125,0.125,0.125
168,168.0,168.6,0.125,0.125,0.125,0.125,0.125,0.125,0.125,0.125
169,169.0,169.6,0.125,0.125,0.125,0.125,0.125,0.125,0.125,0.125
170,170.0,170.6,0.125,0.125,0.125,0.125,0.125,0.125,0.125,0.125
171,171.0,171.6,0.125,0.125,0.125,0.125,0.125,0.125,0.125,0.125
172,172.0,172.6,0.125,0.125,0.125,0.125,0.125,0.125,0.125,0.125
173,173.0,173.6,0.125,0.125,0.125,0.125,0.125,0.125,0.125,0.125
174,174.0,174.6,0.125,0.125,0.125,0.125,0.125,0.125,0.125,0.125
175,175.0,175.6,0.125,0.125,0.125,0.125,0.125,0.125,0.125,0.125
176,176.0,176.6,0.125,0.125,0.125,0.125,0.125,0.125,0.125,0.125
177,177.0,177.6,0.125,0.125,0.125,0.125,0.125,0.125,0.125,0.125
178,178.0,178.6,0.125,0.125,0.125,0.125,0.125,0.125,0.125,0.125
179,179.0,179.6,0.125,0.125,0.125,0.125,0.125,0.125,0.125,0.125
180,180.0,180.6,0.125,0.125,0.125,0.125,0.125,0.125,0.125,0.125
181,181.0,181.6,0.125,0.125,0.125,0.125,0.125,0.125,0.125,0.125
182,182.0,182.6,0.125,0.125,0.125,0.125,0.125,0.125,0.125,0.125
183,183.0,183.6,0.125,0.125,0.125,0.125,0.125,0.125,0.125,0.125
184,184.0,184.6,0.125,0.125,0.125,0.125,0.125,0.125,0.125,0.125
185,185.0,185.6,0.125,0.125,0.125,0.125,0.125,0.125,0.125,0.125
186,186.0,186.6,0.125,0.125,0.125,0.125,0.125,0.125,0.125,0.125
187,187.0,187.6,0.125,0.125,0.125,0.125,0.125,0.125,0.125,0.125
188,188.0,188.6,0.125,0.125,0.125,0.125,0.125,0.125,0.125,0.125
189,189.0,189.6,0.125,0.125,0.125,0.125,0.125,0.125,0.125,0.125
190,190.0,190.6,0.125,0.125,0.125,0.125,0.125,0.125,0.125,0.125
191,191.0,191.6,0.125,0.125,0.125,0.125,0.125,0.125,0.125,0.125
192,192.0,192.6,0.125,0.125,0.125,0.125,0.125,0.125,0.125,0.125
193,193.0,193.6,0.125,0.125,0.125,0.125,0.125,0.125,0.125,0.125
194,194.0,194.7,0.125,0.125,0.125,0.125,0.125,0.125,0.125,0.125
195,195.0,195.7,0.125,0.125,0.125,0.125,0.125,0.125,0.125,0.125
196,196.0,196.7,0.125,0.125,0.125,0.125,0.125,0.125,0.125,0.125
197,197.0,197.7,0.125,0.125,0.125,0.125,0.125,0.125,0.125,0.125
198,198.0,198.7,0.125,0.125,0.125,0.125,0.125,0.125,0.125,0.125
199,199.0,199.7,0.12209335624284079,0.12209335624284079,0.12209335624284079,0.13320446735395192,0.12312428407789233,0.1332044673539519,0.12209335624284079,0.12209335624284079
200,200.0,200.7,0.12209335624284079,0.12209335624284079,0.12209335624284079,0.13320446735395192,0.12312428407789233,0.1332044673539519,0.12209335624284079,0.12209335624284079
201,201.0,201.7,0.12209335624284079,0.12209335624284079,0.12209335624284079,0.13320446735395192,0.12312428407789233,0.1332044673539519,0.12209335624284079,0.12209335624284079
202,202.0,202.7,0.12098224513172968,0.12098224513172968,0.13098224513172968,0.13098224513172968,0.12201317296678123,0.13209335624284077,0.12098224513172968,0.12098224513172968
203,203.0,203.7,0.12007315422263876,0.11904222638758721,0.12916406331354785,0.12916406331354785,0.1301949911485994,0.13118426533374988,0.1211040820576903,0.12007315422263876
204,204.0,204.7,0.11994691816120388,0.11892650999793855,0.13005823541537828,0.12903782725211296,0.13005823541537828,0.13105802927231497,0.12096732632446919,0.11994691816120388
205,205.0,205.7,0.11780045351473922,0.1167800453514739,0.12715419501133787,0.12613378684807255,0.12715419501133787,0.14002267573696142,0.12715419501133787,0.11780045351473922
206,206.0,206.7,0.11604831676260248,0.11502790859933716,0.13245334031048314,0.12374062445491016,0.12476103261817546,0.13715942787371357,0.12476103261817546,0.12604831676260247
207,207.0,207.7,0.11604831676260248,0.11502790859933716,0.13245334031048314,0.12374062445491016,0.12476103261817546,0.13715942787371357,0.12476103261817546,0.12604831676260247
208,208.0,208.7,0.11604831676260248,0.11502790859933716,0.13245334031048314,0.12374062445491016,0.12476103261817546,0.13715942787371357,0.12476103261817546,0.12604831676260247
209,209.0,209.7,0.12374062445491016,0.11502790859933716,0.13245334031048314,0.12374062445491016,0.12476103261817546,0.13715942787371357,0.11706872492586777,0.12604831676260247
210,210.0,210.7,0.12374062445491016,0.11502790859933716,0.13245334031048314,0.12374062445491016,0.12476103261817546,0.13715942787371357,0.11706872492586777,0.12604831676260247
211,211.0,211.7,0.12374062445491016,0.11502790859933716,0.13245334031048314,0.12374062445491016,0.12476103261817546,0.13715942787371357,0.11706872492586777,0.12604831676260247
212,212.0,212.7,0.12374062445491016,0.11502790859933716,0.13245334031048314,0.12374062445491016,0.12476103261817546,0.13715942787371357,0.11706872492586777,0.12604831676260247
213,213.0,213.7,0.12264172335600906,0.11447845804988661,0.13794784580498867,0.12264172335600906,0.12366213151927437,0.13660997732426303,0.11651927437641722,0.12549886621315193
214,214.0,214.7,0.12264172335600906,0.11447845804988661,0.13794784580498867,0.12264172335600906,0.12366213151927437,0.13660997732426303,0.11651927437641722,0.12549886621315193
215,215.0,215.7,0.12264172335600906,0.11447845804988661,0.13794784580498867,0.12264172335600906,0.12366213151927437,0.13660997732426303,0.11651927437641722,0.12549886621315193
216,216.0,216.7,0.12264172335600906,0.11447845804988661,0.13794784580498867,0.12264172335600906,0.12366213151927437,0.13660997732426303,0.11651927437641722,0.12549886621315193
217,217.0,217.7,0.12264172335600906,0.11447845804988661,0.13794784580498867,0.12264172335600906,0.12366213151927437,0.13660997732426303,0.11651927437641722,0.12549886621315193
218,218.0,218.7,0.12264172335600906,0.11447845804988661,0.13794784580498867,0.12264172335600906,0.12366213151927437,0.13660997732426303,0.11651927437641722,0.12549886621315193
219,219.0,219.7,0.12264172335600906,0.11447845804988661,0.13794784580498867,0.12264172335600906,0.12366213151927437,0.13660997732426303,0.11651927437641722,0.12549886621315193
220,220.0,220.7,0.12264172335600906,0.11447845804988661,0.13794784580498867,0.12264172335600906,0.12366213151927437,0.13660997732426303,0.11651927437641722,0.12549886621315193
221,221.0,221.7,0.12264172335600906,0.11447845804988661,0.13794784580498867,0.12264172335600906,0.12366213151927437,0.13660997732426303,0.11651927437641722,0.12549886621315193
222,222.0,222.7,0.12264172335600906,0.11447845804988661,0.13794784580498867,0.12264172335600906,0.12366213151927437,0.13660997732426303,0.11651927437641722,0.12549886621315193
223,223.0,223.7,0.12264172335600906,0.11447845804988661,0.13794784580498867,0.12264172335600906,0.12366213151927437,0.13660997732426303,0.11651927437641722,0.12549886621315193
224,224.0,224.7,0.12264172335600906,0.11447845804988661,0.13794784580498867,0.12264172335600906,0.12366213151927437,0.13660997732426303,0.11651927437641722,0.12549886621315193
225,225.0,225.7,0.12264172335600906,0.11447845804988661,0.13794784580498867,0.12264172335600906,0.12366213151927437,0.13660997732426303,0.11651927437641722,0.12549886621315193
226,226.0,226.7,0.12264172335600906,0.11447845804988661,0.13794784580498867,0.12264172335600906,0.12366213151927437,0.13660997732426303,0.11651927437641722,0.12549886621315193
227,227.0,227.7,0.12153061224489795,0.12336734693877549,0.13683673469387755,0.12153061224489795,0.12255102040816326,0.1443877551020408,0.11540816326530612,0.11438775510204083
228,228.0,228.7,0.12153061224489795,0.12336734693877549,0.13683673469387755,0.12153061224489795,0.12255102040816326,0.1443877551020408,0.11540816326530612,0.11438775510204083
229,229.0,229.7,0.11923263244691815,0.1312713873428159,0.14362966398680682,0.11923263244691815,0.12025304061018346,0.14118068439497009,0.11311018346732633,0.11208977530406102
230,230.0,230.7,0.11832354153782725,0.130362296433725,0.14272057307771593,0.12741445062873633,0.11934394970109255,0.13845341166769737,0.11220109255823543,0.11118068439497011
231,231.0,231.7,0.11721243042671614,0.12814007421150278,0.14160946196660482,0.12630333951762523,0.11823283858998143,0.13734230055658625,0.11108998144712431,0.12006957328385899
232,232.0,232.7,0.11630333951762521,0.11723098330241186,0.14070037105751393,0.13448515769944341,0.11732374768089053,0.13643320964749533,0.1101808905380334,0.12734230055658627
233,233.0,233.7,0.11630333951762521,0.11723098330241186,0.14070037105751393,0.12539424860853432,0.11732374768089053,0.14552411873840446,0.1101808905380334,0.12734230055658627
234,234.0,234.7,0.1147881880024737,0.1149582560296846,0.1391852195423624,0.13145485466914036,0.12414192949907235,0.14173623995052564,0.10866573902288187,0.12506957328385898
235,235.0,235.7,0.1147881880024737,0.1149582560296846,0.1391852195423624,0.13145485466914036,0.12414192949907235,0.14173623995052564,0.10866573902288187,0.12506957328385898
236,236.0,236.7,0.11414716236144806,0.11367620474763332,0.13854419390133674,0.13786511107939678,0.12285987821702107,0.1410952143095,0.10802471338185624,0.12378752200180769
237,237.0,237.7,0.12074056895485463,0.1125773036487322,0.14632807668521952,0.1278834260977118,0.12176097711811998,0.14054576376004946,0.10747526283240569,0.1226886209029066
238,238.0,238.7,0.12885967207395777,0.1196707657421943,0.14861023896738182,0.12783403104831675,0.12218777254491539,0.13043476364904935,0.10837824873539159,0.11402450723879294
239,239.0,239.7,0.12774856096284665,0.1185596546310832,0.14638801674515958,0.12672291993720564,0.12107666143380427,0.12932365253793826,0.11726713762428047,0.11291339612768181
240,240.0,240.7,0.12683947005375576,0.12674147281290135,0.14456983492697778,0.12581382902811472,0.12016757052471339,0.12841456162884732,0.11544895580609867,0.11200430521859092
241,241.0,241.7,0.12574056895485466,0.13285868893011749,0.14347093382807669,0.11859771181199749,0.11961811997526284,0.13335961657390227,0.11489950525664812,0.11145485466914037
242,242.0,242.7,0.1231972789115646,0.14378401360544216,0.14058673469387756,0.11653061224489794,0.11755102040816326,0.12980442176870746,0.11249149659863944,0.11605442176870746
243,243.0,243.7,0.12255625327053896,0.14955324437467293,0.13930468341182625,0.1158895866038723,0.11690999476713762,0.12916339612768182,0.11120944531658816,0.11541339612768182
244,244.0,244.7,0.12255625327053896,0.1558032443746729,0.13930468341182625,0.1096395866038723,0.11690999476713762,0.12916339612768182,0.11120944531658816,0.11541339612768182
245,245.0,245.7,0.1218209591528919,0.15947971496290822,0.13893703635300275,0.10927193954504877,0.11617470064949056,0.12879574906885832,0.11084179825776463,0.11467810201003477
246,246.0,246.7,0.12116736438165007,0.15719213326356182,0.14416579452293737,0.10894514215942785,0.11552110587824874,0.12846895168323738,0.11051500087214369,0.11402450723879294
247,247.0,247.7,0.11967515459450942,0.15779560045689076,0.14595425184134858,0.1085282011894915,0.11515902556225135,0.12912727953050532,0.11015292055614634,0.11360756626885657
248,248.0,248.7,0.11956076429480682,0.15766977112721792,0.145794105421765,0.10840237185981864,0.11502175720260825,0.12899001117086223,0.11001565219650322,0.11454556672641777
249,249.0,249.7,0.11956076429480682,0.15766977112721792,0.145794105421765,0.10840237185981864,0.11502175720260825,0.12899001117086223,0.11001565219650322,0.11454556672641777
250,250.0,250.7,0.11956076429480682,0.15766977112721792,0.145794105421765,0.10840237185981864,0.11502175720260825,0.12899001117086223,0.11001565219650322,0.11454556672641777
251,251.0,251.7,0.11967515459450942,0.15779560045689076,0.14595425184134858,0.10745293237228719,0.11515902556225135,0.12912727953050532,0.11015292055614634,0.11468283508606088
252,252.0,252.7,0.11967515459450942,0.15779560045689076,0.14595425184134858,0.10745293237228719,0.11515902556225135,0.12912727953050532,0.11015292055614634,0.11468283508606088
253,253.0,253.7,0.12106404348339832,0.16265671156800188,0.14734314073023752,0.10814737681673163,0.11029791445114023,0.1298217239749498,0.11192263381779508,0.10874645515774546
254,254.0,254.7,0.12094965318369573,0.16253088223832904,0.1482468240978879,0.10803298651702904,0.11016064609149714,0.12968445561530667,0.11177392642818174,0.10862062582807261
255,255.0,255.7,0.12189030267977634,0.16240770194717563,0.1480788509735878,0.1079210044341623,0.11002626759205705,0.12955007711586658,0.11162834972045496,0.1084974455369192
256,256.0,256.7,0.1209363553113553,0.16187042124542123,0.14812271062271062,0.10739468864468864,0.10947802197802196,0.13358516483516483,0.11106913919413919,0.10754349816849815
257,257.0,257.7,0.1209363553113553,0.16187042124542123,0.14812271062271062,0.10739468864468864,0.10947802197802196,0.13358516483516483,0.11106913919413919,0.10754349816849815
258,258.0,258.7,0.12020106119370824,0.1615027741865977,0.14738741650506357,0.1070270415858651,0.10911037491919844,0.13726163542340014,0.11070149213531566,0.10680820405085109
259,259.0,259.7,0.11954746642246641,0.16117597680097678,0.1467338217338217,0.10670024420024418,0.10878357753357752,0.14052960927960928,0.11037469474969472,0.10615460927960926
260,260.0,260.7,0.11954746642246641,0.16117597680097678,0.1467338217338217,0.10670024420024418,0.10878357753357752,0.14052960927960928,0.11037469474969472,0.10615460927960926
261,261.0,261.7,0.11896267110082896,0.16088357914015808,0.1514121843069211,0.10640784653942548,0.1084911798727588,0.13819042799305956,0.11008229708887603,0.10556981395797185
262,262.0,262.7,0.1184363553113553,0.16062042124542125,0.1556227106227106,0.10614468864468862,0.10822802197802198,0.13608516483516483,0.10981913919413917,0.10504349816849816
263,263.0,263.7,0.11796016483516483,0.160382326007326,0.15467032967032965,0.10590659340659339,0.10798992673992673,0.1389423076923077,0.10958104395604393,0.10456730769230767
264,264.0,264.7,0.11752726440226438,0.16016587579087577,0.1538045288045288,0.10569014319014318,0.1077734765234765,0.14153971028971027,0.10936459373959373,0.10413440725940726
265,265.0,265.7,0.11752726440226438,0.16016587579087577,0.1538045288045288,0.10569014319014318,0.1077734765234765,0.14153971028971027,0.10936459373959373,0.10413440725940726
266,266.0,266.7,0.11713200748526834,0.15996824733237774,0.1573618410574932,0.10549251473164514,0.10757584806497848,0.13956342570473004,0.10916696528109571,0.10373915034241121
267,267.0,267.7,0.11713200748526834,0.15996824733237774,0.1573618410574932,0.10549251473164514,0.10757584806497848,0.13956342570473004,0.10916696528109571,0.10373915034241121
268,268.0,268.7,0.11572802197802194,0.1597870879120879,0.15645604395604393,0.1053113553113553,0.10739468864468864,0.14296016483516483,0.10898580586080583,0.10337683150183148
269,269.0,269.7,0.11562063366187077,0.1596689607643216,0.156284222650202,0.1052039669952041,0.10726582266530718,0.1438514878592198,0.10884620104980929,0.10325870435406517
270,270.0,270.7,0.11551543694400834,0.15955324437467294,0.15611590790162216,0.10509877027734169,0.10713958660387228,0.14370421245421244,0.10972985347985346,0.10314298796441652
271,271.0,271.7,0.11507903207903207,0.15927319902319903,0.16012776112776111,0.10482903207903208,0.10684923409923411,0.14172657897657898,0.10941888666888666,0.10269627594627595
272,272.0,272.7,0.11477133977133976,0.1591193528693529,0.1592046842046842,0.1046751859251859,0.10669538794538794,0.1400342712842713,0.11311119436119435,0.10238858363858364
273,273.0,273.7,0.11309755059755058,0.16869912494912495,0.16066479816479817,0.1041539479039479,0.10516404891404889,0.13707843082843083,0.11042730417730415,0.10071479446479445
274,274.0,274.7,0.1116208791208791,0.17623351648351648,0.15945604395604396,0.10279945054945054,0.10379945054945053,0.1379423076923077,0.10892032967032965,0.09922802197802197
275,275.0,275.7,0.111521869219889,0.17711470460232837,0.15927782613426178,0.10269053965836142,0.10368063866826241,0.13780369383092156,0.10879161679904255,0.09911911108693286
276,276.0,276.7,0.11134904311374898,0.1705209496385967,0.14878924996572054,0.10875800669918316,0.10307173218937922,0.15081810346516228,0.10817300346712111,0.09851991146108792
277,277.0,277.7,0.1096629503182901,0.1718840019204097,0.14744367687328847,0.10706239553326928,0.10178326931967704,0.15804771684626054,0.10687502222696395,0.09724096696184073
278,278.0,278.7,0.10858799753323076,0.17495764884203016,0.14616907771065984,0.10610126013270027,0.10118044565306225,0.15592971936785321,0.11054952484972766,0.09652432591073562
279,279.0,279.7,0.10761294261294259,0.17767399267399267,0.14594017094017092,0.10523199023199022,0.10062881562881558,0.1572954822954823,0.10974969474969472,0.09586691086691083
280,280.0,280.7,0.10675686320847608,0.17564338886919528,0.1446539840088227,0.10448343770924413,0.09988026310606953,0.15709283547993222,0.11647839615581548,0.09501083146244434
281,281.0,281.7,0.10560286935286933,0.1755425824175824,0.14717414529914524,0.10438263125763123,0.09977945665445662,0.1565331196581196,0.11617597680097677,0.09480921855921853
282,282.0,282.7,0.10533261287978266,0.17534006873629512,0.14634055671791518,0.10418910230230982,0.09957694297316935,0.15495992477124548,0.11670949595477895,0.09755129566450318
283,283.0,283.7,0.10394076280480027,0.176128368029644,0.14470730363354994,0.11295277882616209,0.0985401667572322,0.15246697112383867,0.11491856570847339,0.09634508311629922
284,284.0,284.7,0.1095270415858651,0.17696437549378724,0.14380353850942082,0.11137889343771694,0.09769697622638798,0.15154540448658094,0.11357322416145943,0.09551054609878136
285,285.0,285.7,0.113736303272191,0.17424339107555512,0.1434040433392835,0.11080926089560734,0.09735694418910823,0.1511459093164436,0.11412513911704411,0.095179008794767
286,286.0,286.7,0.10642028595617367,0.1764078932400573,0.14318759312283325,0.11037636046270691,0.097140493972658,0.15759612576666002,0.11390868890059389,0.09496255857831677
287,287.0,287.7,0.10524266668712219,0.17705014421159213,0.1419850627035509,0.10897970298548679,0.09644216523404794,0.16357846929695752,0.1126256262684264,0.09409616261281598
288,288.0,288.7,0.10471628946956849,0.17586783795575647,0.14106186008917185,0.11396803165028602,0.09599515309585933,0.1632481705107764,0.11165223691268411,0.0934904203158972
289,289.0,289.7,0.10979489748935298,0.17916019681077516,0.1402095371780254,0.10848966325631659,0.09829598333786603,0.16033790730639555,0.11077341691621705,0.09293839770505105
290,290.0,290.7,0.10852437639617744,0.17984231485559346,0.14186969275694525,0.10728906334290204,0.0976801787460889,0.16274881363606616,0.10979409090828693,0.09225146935793964
291,291.0,291.7,0.10838942362964572,0.1797748384723276,0.1413298816908184,0.10715411057637032,0.09754522597955718,0.16416581768464916,0.10959166175848933,0.09204904020814206
292,292.0,292.7,0.11373490271196691,0.18050383103135395,0.14130466780925496,0.10606976509728802,0.09698719628994858,0.1612663574957153,0.10870637161004133,0.09142690795443088
293,293.0,293.7,0.11307578540650813,0.18425237923112164,0.14057876769311092,0.1052335281634901,0.09662714983234112,0.16117924948177803,0.10804725430458255,0.09100588588706733
294,294.0,294.7,0.11282650682650681,0.18410256410256406,0.14085647685647684,0.10502564102564102,0.09641092241092239,0.16229836829836827,0.1077395937395937,0.09073992673992673
295,295.0,295.7,0.11258668379598609,0.18395710302687043,0.14346800109590804,0.10482480896434383,0.0962019003414352,0.16103533843068724,0.10744244065174295,0.090483723693026
296,296.0,296.7,0.11283191808191806,0.1908991008991009,0.14305344655344654,0.09534490509490509,0.09623776223776223,0.16352672327672327,0.10763136863136862,0.0904747752247752
297,297.0,297.7,0.11213309993840963,0.19408711249419214,0.14218697526662127,0.09580384021091984,0.09580384021091984,0.16088741936529544,0.10687724075334692,0.09222047176029474
298,298.0,298.7,0.11108481489012459,0.19411042251750216,0.14181667889632488,0.09543354384062346,0.09543354384062346,0.16398032645820254,0.10629049416660034,0.09185017538999837
299,299.0,299.7,0.11011975740332798,0.19415152473251743,0.1392543780731545,0.0950934652396753,0.0950934652396753,0.169024525415445,0.10575278710715415,0.09151009678905021
300,300.0,300.7,0.10908341049741585,0.19058642236306722,0.1394394258428502,0.09825484090105095,0.09468341232962238,0.16855408603196215,0.1083949765125217,0.09100342552150939
301,301.0,301.7,0.1085209347321712,0.1918479489289479,0.13913772942909688,0.09791538224525675,0.09534429936564394,0.16828344069723378,0.10815538225681835,0.09079488234483103
302,302.0,302.7,0.10799251473164513,0.19302078356426183,0.13884734830387002,0.09846352922439876,0.09513019589106543,0.16802357063226628,0.10792602325211018,0.09059603440038219
303,303.0,303.7,0.10756240720476343,0.19420357926318657,0.1387398214221496,0.0982484754609579,0.095022669009345,0.16791604375054583,0.10781849637038976,0.09048850751866176
304,304.0,304.7,0.10715918139831179,0.19218745023092848,0.14176401497053667,0.0980468625577321,0.09492186255773209,0.16781523729893294,0.10771768991877687,0.09038770106704887
305,305.0,305.7,0.10764995873691523,0.19332381386729214,0.14157462103114277,0.09785746861833816,0.09482716558803514,0.16772054032923595,0.10762299294907988,0.0894234388799606
306,306.0,306.7,0.10729345249805604,0.19439333258386968,0.14139636791171314,0.09767921549890857,0.09473803902832033,0.16763141376952115,0.10753386638936509,0.0893343123202458
307,307.0,307.7,0.10681855763724402,0.19535548247620402,0.1429859325072091,0.09741864133399745,0.0945614984768546,0.16648355036884172,0.10731107236888918,0.08906526483075973
308,308.0,308.7,0.10497922970749056,0.19487464829856133,0.14103937728937727,0.0957823698041089,0.09300459202633111,0.1660791261878218,0.11682095078834207,0.08741970589796674
309,309.0,309.7,0.11578138390250188,0.19372102018064752,0.13954561311704167,0.09458622467939234,0.09180844690161458,0.1639476069134454,0.11447117754571168,0.08613852675964474
310,310.0,310.7,0.113166303144564,0.1925053471792602,0.13795235845235845,0.09327868430042342,0.0905759815977207,0.16665051575921136,0.11195547167286295,0.09391533789359875
311,311.0,311.7,0.113166303144564,0.1925053471792602,0.13795235845235845,0.09327868430042342,0.0905759815977207,0.16665051575921136,0.11195547167286295,0.09391533789359875
312,312.0,312.7,0.11288180812322686,0.1933588322432716,0.13781011094168988,0.09313643678975485,0.09050485784238643,0.1665793920038771,0.11188434791752869,0.09384421413826446
313,313.0,313.7,0.1124550398450654,0.19412933315618736,0.13732221699868757,0.0929230526506741,0.09035895008657155,0.16749230777747398,0.1116992244754393,0.09361987500990057
314,314.0,314.7,0.11204780002606088,0.1923608565347696,0.13685464535464537,0.09271943274117186,0.09021943274117186,0.1683708899795856,0.111521999739391,0.09590494288320374
315,315.0,315.7,0.11190266214507394,0.19232457206452286,0.13652808512242473,0.0926468638006784,0.09014686380067839,0.16739120928292378,0.11329993878148101,0.0957598050022168
316,316.0,316.7,0.11190266214507394,0.19232457206452286,0.13652808512242473,0.0926468638006784,0.09014686380067839,0.16739120928292378,0.11329993878148101,0.0957598050022168
317,317.0,317.7,0.11165875970604955,0.1931172549913521,0.1364061339029125,0.09252491258116619,0.0900858881909223,0.16733023367316766,0.11323896317172491,0.09563785378270459
318,318.0,318.7,0.11142647166888346,0.19387219111214188,0.1362899898843295,0.09240876856258315,0.09002781618163078,0.16727216166387618,0.11318089116243338,0.09552170976412155
319,319.0,319.7,0.11142647166888346,0.19387219111214188,0.1362899898843295,0.09240876856258315,0.09002781618163078,0.16727216166387618,0.11318089116243338,0.09552170976412155
320,320.0,320.7,0.1113501256074562,0.19462829839523468,0.13650580814534302,0.09237059553186952,0.09004501413652069,0.16627339445185754,0.11327065805781678,0.09555610567390141
321,321.0,321.7,0.11113870911696996,0.19531540198931502,0.13640009990009988,0.09226488728662639,0.08999216001389912,0.16622054032923594,0.1132178039351952,0.09545039742865827
322,322.0,322.7,0.11093668891494975,0.19597196764588068,0.13437601287601283,0.09216387718561629,0.08994165496339408,0.16809311220180784,0.11316729888469017,0.09534938732764817
323,323.0,323.7,0.11059831431898696,0.19656370249930544,0.1339891187565511,0.0919946898876349,0.08982077684415665,0.16895191477923224,0.11297385182495927,0.09510763108917332
324,324.0,324.7,0.11045855191507363,0.1965287618983271,0.13370959394872436,0.09192480868567823,0.08975089564219998,0.1679735779518388,0.11283408942104592,0.09681972053711183
325,325.0,325.7,0.11083451007826584,0.19518334348352848,0.13369555282830028,0.09211278776727433,0.08998512819280624,0.16758535405390168,0.11369663407822517,0.09690668951769782
326,326.0,326.7,0.1122483494766103,0.19255682723074025,0.13316600066600065,0.09356375508549418,0.08969470746644657,0.16931686067555632,0.11297895944635072,0.09647453995280078
327,327.0,327.7,0.1120357644425967,0.19315206532597834,0.1330809666523952,0.09347872107188875,0.08965219045964386,0.16927434366875357,0.11293644243954801,0.09638950593919535
328,328.0,328.7,0.11599834947661034,0.19372349389740692,0.13299933399933397,0.09339708841882752,0.08961137413311324,0.16506686067555632,0.1128956261130174,0.09630787328613413
329,329.0,329.7,0.1159321411751079,0.1943049810377176,0.1313624610683434,0.0934160596436811,0.0896370935117738,0.1641510216126584,0.11298628055661301,0.0982099613941046
330,330.0,330.7,0.11530227104523778,0.19327251350525004,0.1327542359601183,0.09315199037961185,0.08940549178017207,0.16590859737023417,0.1123564104267429,0.09784848953263274
331,331.0,331.7,0.11452688234724846,0.19284601173045107,0.13402873442347124,0.09282874448206255,0.08915128159407334,0.16360908161251406,0.11557800513750167,0.0974312586726774
332,332.0,332.7,0.11623225244884497,0.19146720186107516,0.13395616548297778,0.09275617554156906,0.0891149971238266,0.1635727971422673,0.11554172066725495,0.09735868973218395
333,333.0,333.7,0.11602260884297495,0.19013945902389834,0.1338862842810211,0.0926862943396124,0.09093190837470012,0.16529224250620128,0.11375239410136433,0.09728880853022727
334,334.0,334.7,0.11205546286130992,0.19010921099002054,0.13361405197612092,0.092595550237979,0.09087141230694452,0.16998534130093348,0.11366164999973094,0.09710732032696048
335,335.0,335.7,0.11192972030993806,0.19073946470951914,0.13284495752281594,0.09350456409893794,0.09002604020299118,0.1700965988034953,0.11374239644203343,0.09711625791026876
336,336.0,336.7,0.11173491511513287,0.19125894522899964,0.13278002245788087,0.09343962903400288,0.08996110513805612,0.1700641312710278,0.11370992890956591,0.09705132284533372
337,337.0,337.7,0.11173491511513287,0.19125894522899964,0.13278002245788087,0.09343962903400288,0.08996110513805612,0.1700641312710278,0.11370992890956591,0.09705132284533372
338,338.0,338.7,0.11173491511513287,0.19125894522899964,0.13278002245788087,0.09343962903400288,0.08996110513805612,0.1700641312710278,0.11370992890956591,0.09705132284533372
339,339.0,339.7,0.11173491511513287,0.19125894522899964,0.13278002245788087,0.09343962903400288,0.08996110513805612,0.1700641312710278,0.11370992890956591,0.09705132284533372
340,340.0,340.7,0.11173491511513287,0.19125894522899964,0.13278002245788087,0.09343962903400288,0.08996110513805612,0.1700641312710278,0.11370992890956591,0.09705132284533372
341,341.0,341.7,0.11173491511513287,0.19125894522899964,0.13278002245788087,0.09343962903400288,0.08996110513805612,0.1700641312710278,0.11370992890956591,0.09705132284533372
342,342.0,342.7,0.11173491511513287,0.19125894522899964,0.13278002245788087,0.09343962903400288,0.08996110513805612,0.1700641312710278,0.11370992890956591,0.09705132284533372
343,343.0,343.7,0.11154694519032085,0.19176019836183172,0.13271736581627686,0.09337697239239887,0.08989844849645211,0.1700328029502258,0.11367860058876392,0.0969886662037297
344,344.0,344.7,0.11136545698705407,0.1922441669038765,0.13265686974852126,0.09331647632464327,0.08983795242869651,0.170002554916348,0.1136483525548861,0.0969281701359741
345,345.0,345.7,0.11002446081847168,0.19237188082469386,0.13195444318402574,0.09369961808709537,0.09009338027033124,0.17013026883716537,0.11403149431733821,0.09769445366087832
346,346.0,346.7,0.11033215312616398,0.1892949577477708,0.13210828933787191,0.09385346424094153,0.0902472264241774,0.1716687303756269,0.11464687893272282,0.09784829981472448
347,347.0,347.7,0.11020594902173846,0.18804175843649526,0.13201493925178134,0.09376011415485097,0.09015387633808684,0.17400667071719703,0.11406174235121602,0.09775494972863392
348,348.0,348.7,0.11002446081847168,0.18852572697854003,0.13195444318402574,0.09369961808709537,0.09009338027033124,0.1739764226833192,0.11403149431733821,0.09769445366087832
349,349.0,349.7,0.11006279997136373,0.18736959962428293,0.13054272147715498,0.09385484794717619,0.09187230031342428,0.1740184250777471,0.11421594685421624,0.09806335873463436
350,350.0,350.7,0.10989330844594,0.18618315894631682,0.13048622430201376,0.09546501743870163,0.09178755455071243,0.17399017649017648,0.11418769826664561,0.0980068615594931
351,351.0,351.7,0.10962052060897029,0.18663867775475862,0.13206438065437362,0.09527419681484667,0.0916330183971042,0.17298317338914307,0.11405152245153383,0.09773450992926955
352,352.0,352.7,0.10935705258710349,0.18707967581057564,0.13173197377356965,0.09509005190244577,0.09148381408568164,0.1738651879780912,0.11392025961211019,0.09747198425042226
353,353.0,353.7,0.10935705258710349,0.18707967581057564,0.13173197377356965,0.09509005190244577,0.09148381408568164,0.1738651879780912,0.11392025961211019,0.09747198425042226
354,354.0,354.7,0.1092034427560743,0.1875405053036632,0.13168077049655993,0.09501324698693117,0.09140700917016704,0.17383958633958632,0.11389465797360532,0.09742078097341253
355,355.0,355.7,0.11104624748802998,0.18802187447607008,0.13002389967695327,0.09504366402796142,0.09140248561021895,0.17290632912684797,0.11397467818923875,0.09758082140467937
