,Unnamed: 0,Total_iterations,Intertwine_two,Add_vertex,Delete_vertex,Invert_path_vertices,Insert_inside_vertex,Delete_inside_vertex,Replace_inside_vertex,Donate_between_routes
0,0.0,0.0,0.125,0.125,0.125,0.125,0.125,0.125,0.125,0.125
1,1.0,0.10900000000000001,0.125,0.125,0.125,0.125,0.125,0.125,0.125,0.125
2,2.0,0.31601,0.125,0.125,0.125,0.125,0.125,0.125,0.125,0.125
3,3.0,0.6191589000000001,0.125,0.125,0.125,0.125,0.125,0.125,0.125,0.125
4,4.0,1.015801321,0.125,0.125,0.125,0.125,0.125,0.125,0.125,0.125
5,5.0,1.50262148669,0.125,0.125,0.125,0.125,0.125,0.125,0.125,0.125
6,6.0,2.0757334209441005,0.125,0.125,0.125,0.125,0.125,0.125,0.125,0.125
7,7.0,2.7307768275633495,0.125,0.125,0.125,0.125,0.125,0.125,0.125,0.125
8,8.0,3.4630081252450404,0.125,0.125,0.125,0.125,0.125,0.125,0.125,0.125
9,9.0,4.2673862119061114,0.125,0.125,0.125,0.125,0.125,0.125,0.125,0.125
10,10.0,5.138652627782014,0.125,0.125,0.125,0.125,0.125,0.125,0.125,0.125
11,11.0,6.071405875792507,0.125,0.125,0.125,0.125,0.125,0.125,0.125,0.125
12,12.0,7.060169740244025,0.125,0.125,0.125,0.125,0.125,0.125,0.125,0.125
13,13.0,8.099455520847952,0.125,0.125,0.125,0.125,0.125,0.125,0.125,0.125
14,14.0,9.183818168183006,0.125,0.125,0.125,0.125,0.125,0.125,0.125,0.125
15,15.0,10.307906369102724,0.125,0.125,0.125,0.125,0.125,0.125,0.125,0.125
16,16.0,11.466506686239443,0.125,0.125,0.125,0.125,0.125,0.125,0.125,0.125
17,17.0,12.654581904800096,0.125,0.125,0.125,0.125,0.125,0.125,0.125,0.125
18,18.0,13.867303782456686,0.125,0.125,0.125,0.125,0.125,0.125,0.125,0.125
19,19.0,15.100080434523047,0.125,0.125,0.125,0.125,0.125,0.125,0.125,0.125
20,20.0,16.348578617037543,0.125,0.125,0.125,0.125,0.125,0.125,0.125,0.125
21,21.0,17.608741195130214,0.125,0.125,0.125,0.125,0.125,0.125,0.125,0.125
22,22.0,18.876800103462312,0.125,0.125,0.125,0.125,0.125,0.125,0.125,0.125
23,23.0,20.14928511992658,0.125,0.125,0.125,0.125,0.125,0.125,0.125,0.125
24,24.0,21.423028783545156,0.125,0.125,0.125,0.125,0.125,0.125,0.125,0.125
25,25.0,22.695167792966423,0.125,0.125,0.125,0.125,0.125,0.125,0.125,0.125
26,26.0,23.963141223515898,0.125,0.125,0.125,0.125,0.125,0.125,0.125,0.125
27,27.0,25.224685898775267,0.125,0.125,0.125,0.125,0.125,0.125,0.125,0.125
28,28.0,26.477829247520948,0.125,0.125,0.125,0.125,0.125,0.125,0.125,0.125
29,29.0,27.720879968916847,0.125,0.125,0.125,0.125,0.125,0.125,0.125,0.125
30,30.0,28.95241681848399,0.125,0.125,0.125,0.125,0.125,0.125,0.125,0.125
31,31.0,30.17127581490958,0.125,0.125,0.125,0.125,0.125,0.125,0.125,0.125
32,32.0,31.376536153543515,0.125,0.125,0.125,0.125,0.125,0.125,0.125,0.125
33,33.0,32.567505096778625,0.125,0.125,0.125,0.125,0.125,0.125,0.125,0.125
34,34.0,33.74370209472243,0.125,0.125,0.125,0.125,0.125,0.125,0.125,0.125
35,35.0,34.90484237192463,0.125,0.125,0.125,0.125,0.125,0.125,0.125,0.125
36,36.0,36.05082019768737,0.125,0.125,0.125,0.125,0.125,0.125,0.125,0.125
37,37.0,37.18169203889697,0.125,0.125,0.125,0.125,0.125,0.125,0.125,0.125
38,38.0,38.29765977559663,0.125,0.125,0.125,0.125,0.125,0.125,0.125,0.125
39,39.0,39.399054140870355,0.125,0.125,0.125,0.125,0.125,0.125,0.125,0.125
40,40.0,40.48631852820801,0.125,0.125,0.125,0.125,0.125,0.125,0.125,0.125
41,41.0,41.55999329152982,0.125,0.125,0.125,0.125,0.125,0.125,0.125,0.125
42,42.0,42.62070064560415,0.125,0.125,0.125,0.125,0.125,0.125,0.125,0.125
43,43.0,43.669130257815,0.125,0.125,0.125,0.125,0.125,0.125,0.125,0.125
44,44.0,44.70602560622662,0.125,0.125,0.125,0.125,0.125,0.125,0.125,0.125
45,45.0,45.73217116373481,0.125,0.125,0.125,0.125,0.125,0.125,0.125,0.125
46,46.0,46.748380453854836,0.125,0.125,0.125,0.125,0.125,0.125,0.125,0.125
47,47.0,47.755485010424316,0.125,0.125,0.125,0.125,0.125,0.125,0.125,0.125
48,48.0,48.7543242612326,0.125,0.125,0.125,0.125,0.125,0.125,0.125,0.125
49,49.0,49.745736344347726,0.125,0.125,0.125,0.125,0.125,0.125,0.125,0.125
50,50.0,50.730549855707864,0.125,0.125,0.125,0.125,0.125,0.125,0.125,0.125
51,51.0,51.70957651737491,0.125,0.125,0.125,0.125,0.125,0.125,0.125,0.125
52,52.0,52.68360474770151,0.125,0.125,0.125,0.125,0.125,0.125,0.125,0.125
53,53.0,53.65339410751842,0.125,0.125,0.125,0.125,0.125,0.125,0.125,0.125
54,54.0,54.61967059027847,0.125,0.125,0.125,0.125,0.125,0.125,0.125,0.125
55,55.0,55.58312271885972,0.125,0.125,0.125,0.125,0.125,0.125,0.125,0.125
56,56.0,56.544398407394254,0.125,0.125,0.125,0.125,0.125,0.125,0.125,0.125
57,57.0,57.504102543001395,0.125,0.125,0.125,0.125,0.125,0.125,0.125,0.125
58,58.0,58.462795239617805,0.125,0.125,0.125,0.125,0.125,0.125,0.125,0.125
59,59.0,59.42099071417639,0.125,0.125,0.125,0.125,0.125,0.125,0.125,0.125
60,60.0,60.379156734137354,0.125,0.125,0.125,0.125,0.125,0.125,0.125,0.125
61,61.0,61.337714584760846,0.125,0.125,0.125,0.125,0.125,0.125,0.125,0.125
62,62.0,62.29703950447439,0.125,0.125,0.125,0.125,0.125,0.125,0.125,0.125
63,63.0,63.257461537171835,0.125,0.125,0.125,0.125,0.125,0.125,0.125,0.125
64,64.0,64.21926675122782,0.125,0.125,0.125,0.125,0.125,0.125,0.125,0.125
65,65.0,65.18269877636592,0.125,0.125,0.125,0.125,0.125,0.125,0.125,0.125
66,66.0,66.14796061122655,0.125,0.125,0.125,0.125,0.125,0.125,0.125,0.125
67,67.0,67.12521665648886,0.125,0.125,0.125,0.125,0.125,0.125,0.125,0.125
68,68.0,68.10449493066005,0.125,0.125,0.125,0.125,0.125,0.125,0.125,0.125
69,69.0,69.08580042810752,0.125,0.125,0.125,0.125,0.125,0.125,0.125,0.125
70,70.0,70.06911737152917,0.125,0.125,0.125,0.125,0.125,0.125,0.125,0.125
71,71.0,71.05441144689335,0.125,0.125,0.125,0.125,0.125,0.125,0.125,0.125
72,72.0,72.04163200025218,0.125,0.125,0.125,0.125,0.125,0.125,0.125,0.125
73,73.0,73.03071417827262,0.125,0.125,0.125,0.125,0.125,0.125,0.125,0.125
74,74.0,74.02158099670828,0.125,0.125,0.125,0.125,0.125,0.125,0.125,0.125
75,75.0,75.01414532333331,0.125,0.125,0.125,0.125,0.125,0.125,0.125,0.125
76,76.0,76.00831176406248,0.125,0.125,0.125,0.125,0.125,0.125,0.125,0.125
77,77.0,77.00397844307811,0.125,0.125,0.125,0.125,0.125,0.125,0.125,0.125
78,78.0,78.00103866976141,0.125,0.125,0.125,0.125,0.125,0.125,0.125,0.125
79,79.0,78.99938248707876,0.125,0.125,0.125,0.125,0.125,0.125,0.125,0.125
80,80.0,80.01889809779358,0.125,0.125,0.125,0.125,0.125,0.125,0.125,0.125
81,81.0,81.039273166459,0.125,0.125,0.125,0.125,0.125,0.125,0.125,0.125
82,82.0,82.07021799659327,0.125,0.125,0.125,0.125,0.125,0.125,0.125,0.125
83,83.0,83.1013661637482,0.125,0.125,0.125,0.125,0.125,0.125,0.125,0.125
84,84.0,84.13238585255014,0.125,0.125,0.125,0.125,0.125,0.125,0.125,0.125
85,85.0,85.1629797139464,0.125,0.125,0.125,0.125,0.125,0.125,0.125,0.125
86,86.0,86.19288439206356,0.125,0.125,0.125,0.125,0.125,0.125,0.125,0.125
87,87.0,87.22186975844836,0.125,0.125,0.125,0.125,0.125,0.125,0.125,0.125
88,88.0,88.2497378906102,0.125,0.125,0.125,0.125,0.125,0.125,0.125,0.125
89,89.0,89.27632183064976,0.125,0.125,0.125,0.125,0.125,0.125,0.125,0.125
90,90.0,90.30148415837887,0.125,0.125,0.125,0.125,0.125,0.125,0.125,0.125
91,91.0,91.33511541175127,0.125,0.125,0.125,0.125,0.125,0.125,0.125,0.125
92,92.0,92.36703238566894,0.125,0.125,0.125,0.125,0.125,0.125,0.125,0.125
93,93.0,93.39708733833814,0.125,0.125,0.125,0.125,0.125,0.125,0.125,0.125
94,94.0,94.42516592235704,0.125,0.125,0.125,0.125,0.125,0.125,0.125,0.125
95,95.0,95.46118498875047,0.125,0.125,0.125,0.125,0.125,0.125,0.125,0.125
96,96.0,96.49499029861705,0.125,0.125,0.125,0.125,0.125,0.125,0.125,0.125
97,97.0,97.52646517451082,0.125,0.125,0.125,0.125,0.125,0.125,0.125,0.125
98,98.0,98.5555279110701,0.125,0.125,0.125,0.125,0.125,0.125,0.125,0.125
99,99.0,99.58212909486275,0.125,0.125,0.125,0.125,0.125,0.125,0.125,0.125
100,100.0,100.6062488693275,0.125,0.125,0.125,0.125,0.125,0.125,0.125,0.125
101,101.0,101.62789417765251,0.125,0.125,0.125,0.125,0.125,0.125,0.125,0.125
102,102.0,102.64709601336848,0.125,0.125,0.125,0.125,0.125,0.125,0.125,0.125
103,103.0,103.66390670537919,0.125,0.125,0.125,0.125,0.125,0.125,0.125,0.125
104,104.0,104.67839726113502,0.125,0.125,0.125,0.125,0.125,0.125,0.125,0.125
105,105.0,105.69065478870392,0.125,0.125,0.125,0.125,0.125,0.125,0.125,0.125
106,106.0,106.7007800156289,0.125,0.125,0.125,0.125,0.125,0.125,0.125,0.125
107,107.0,107.70888491970508,0.125,0.125,0.125,0.125,0.125,0.125,0.125,0.125
108,108.0,108.7150904841766,0.125,0.125,0.125,0.125,0.125,0.125,0.125,0.125
109,109.0,109.71952458735922,0.125,0.125,0.125,0.125,0.125,0.125,0.125,0.125
110,110.0,110.72232003434998,0.125,0.125,0.125,0.125,0.125,0.125,0.125,0.125
111,111.0,111.72361273629815,0.125,0.125,0.125,0.125,0.125,0.125,0.125,0.125
112,112.0,112.72354004068852,0.125,0.125,0.125,0.125,0.125,0.125,0.125,0.125
113,113.0,113.72223921423297,0.125,0.125,0.125,0.125,0.125,0.125,0.125,0.125
114,114.0,114.71984607828065,0.125,0.125,0.125,0.125,0.125,0.125,0.125,0.125
115,115.0,115.71649379514075,0.125,0.125,0.125,0.125,0.125,0.125,0.125,0.125
116,116.0,116.71231180236343,0.125,0.125,0.125,0.125,0.125,0.125,0.125,0.125
117,117.0,117.70742489084023,0.125,0.125,0.125,0.125,0.125,0.125,0.125,0.125
118,118.0,118.70195242156093,0.125,0.125,0.125,0.125,0.125,0.125,0.125,0.125
119,119.0,119.69600767499395,0.125,0.125,0.125,0.125,0.125,0.125,0.125,0.125
120,120.0,120.68969732633373,0.125,0.125,0.125,0.125,0.125,0.125,0.125,0.125
121,121.0,121.68312103927619,0.125,0.125,0.125,0.125,0.125,0.125,0.125,0.125
122,122.0,122.67637117053165,0.125,0.125,0.125,0.125,0.125,0.125,0.125,0.125
123,123.0,123.66953257695624,0.125,0.125,0.125,0.125,0.125,0.125,0.125,0.125
124,124.0,124.66268251696883,0.125,0.125,0.125,0.125,0.125,0.125,0.125,0.125
125,125.0,125.65589063781046,0.125,0.125,0.125,0.125,0.125,0.125,0.125,0.125
126,126.0,126.64921904018982,0.125,0.125,0.125,0.125,0.125,0.125,0.125,0.125
127,127.0,127.64272241192936,0.125,0.125,0.125,0.125,0.125,0.125,0.125,0.125
128,128.0,128.63644822237563,0.125,0.125,0.125,0.125,0.125,0.125,0.125,0.125
129,129.0,129.63043696955353,0.125,0.125,0.125,0.125,0.125,0.125,0.125,0.125
130,130.0,130.6247224723181,0.125,0.125,0.125,0.125,0.125,0.125,0.125,0.125
131,131.0,131.61933220008305,0.125,0.125,0.125,0.125,0.125,0.125,0.125,0.125
132,132.0,132.61428763307066,0.125,0.125,0.125,0.125,0.125,0.125,0.125,0.125
133,133.0,133.6096046464288,0.125,0.125,0.125,0.125,0.125,0.125,0.125,0.125
134,134.0,134.60529391198685,0.125,0.125,0.125,0.125,0.125,0.125,0.125,0.125
135,135.0,135.60136131186923,0.125,0.125,0.125,0.125,0.125,0.125,0.125,0.125
136,136.0,136.59780835864467,0.125,0.125,0.125,0.125,0.125,0.125,0.125,0.125
137,137.0,137.59463261715612,0.125,0.125,0.125,0.125,0.125,0.125,0.125,0.125
138,138.0,138.59182812364486,0.125,0.125,0.125,0.125,0.125,0.125,0.125,0.125
139,139.0,139.5893857982483,0.125,0.125,0.125,0.125,0.125,0.125,0.125,0.125
140,140.0,140.5872938474089,0.125,0.125,0.125,0.125,0.125,0.125,0.125,0.125
141,141.0,141.58553815317933,0.125,0.125,0.125,0.125,0.125,0.125,0.125,0.125
142,142.0,142.58410264684093,0.125,0.125,0.125,0.125,0.125,0.125,0.125,0.125
143,143.0,143.58296966466798,0.125,0.125,0.125,0.125,0.125,0.125,0.125,0.125
144,144.0,144.58212028406567,0.125,0.125,0.125,0.125,0.125,0.125,0.125,0.125
145,145.0,145.58153463868288,0.125,0.125,0.125,0.125,0.125,0.125,0.125,0.125
146,146.0,146.58119221145157,0.125,0.125,0.125,0.125,0.125,0.125,0.125,0.125
147,147.0,147.58107210482885,0.125,0.125,0.125,0.125,0.125,0.125,0.125,0.125
148,148.0,148.58115328782014,0.125,0.125,0.125,0.125,0.125,0.125,0.125,0.125
149,149.0,149.58141481963412,0.125,0.125,0.125,0.125,0.125,0.125,0.125,0.125
150,150.0,150.58183605007034,0.125,0.125,0.125,0.125,0.125,0.125,0.125,0.125
151,151.0,151.58239679696223,0.125,0.125,0.125,0.125,0.125,0.125,0.125,0.125
152,152.0,152.5830775011953,0.125,0.125,0.125,0.125,0.125,0.125,0.125,0.125
153,153.0,153.58385935999314,0.125,0.125,0.125,0.125,0.125,0.125,0.125,0.125
154,154.0,154.58472443931126,0.125,0.125,0.125,0.125,0.125,0.125,0.125,0.125
155,155.0,155.58565576630446,0.125,0.125,0.125,0.125,0.125,0.125,0.125,0.125
156,156.0,156.58663740293528,0.125,0.125,0.125,0.125,0.125,0.125,0.125,0.125
157,157.0,157.58765450187366,0.125,0.125,0.125,0.125,0.125,0.125,0.125,0.125
158,158.0,158.58869334589946,0.125,0.125,0.125,0.125,0.125,0.125,0.125,0.125
159,159.0,159.5897413720637,0.125,0.125,0.125,0.125,0.125,0.125,0.125,0.125
160,160.0,160.5907871818909,0.125,0.125,0.125,0.125,0.125,0.125,0.125,0.125
161,161.0,161.59182053891647,0.125,0.125,0.125,0.125,0.125,0.125,0.125,0.125
162,162.0,162.5928323548503,0.125,0.125,0.125,0.125,0.125,0.125,0.125,0.125
163,163.0,163.59381466564224,0.125,0.125,0.125,0.125,0.125,0.125,0.125,0.125
164,164.0,164.59476059869857,0.125,0.125,0.125,0.125,0.125,0.125,0.125,0.125
165,165.0,165.5956643324623,0.125,0.125,0.125,0.125,0.125,0.125,0.125,0.125
166,166.0,166.596521049525,0.125,0.125,0.125,0.125,0.125,0.125,0.125,0.125
167,167.0,167.59732688438618,0.125,0.125,0.125,0.125,0.125,0.125,0.125,0.125
168,168.0,168.59807886691738,0.125,0.125,0.125,0.125,0.125,0.125,0.125,0.125
169,169.0,169.59877486252628,0.125,0.125,0.125,0.125,0.125,0.125,0.125,0.125
170,170.0,170.59941350994904,0.125,0.125,0.125,0.125,0.125,0.125,0.125,0.125
171,171.0,171.59999415753003,0.125,0.125,0.125,0.125,0.125,0.125,0.125,0.125
172,172.0,172.60051679877762,0.125,0.125,0.125,0.125,0.125,0.125,0.125,0.125
173,173.0,173.6009820079127,0.125,0.125,0.125,0.125,0.125,0.125,0.125,0.125
174,174.0,174.60139087605515,0.125,0.125,0.125,0.125,0.125,0.125,0.125,0.125
175,175.0,175.60174494862278,0.125,0.125,0.125,0.125,0.125,0.125,0.125,0.125
176,176.0,176.60204616444742,0.125,0.125,0.125,0.125,0.125,0.125,0.125,0.125
177,177.0,177.6022967970451,0.125,0.125,0.125,0.125,0.125,0.125,0.125,0.125
178,178.0,178.6024993984126,0.125,0.125,0.125,0.125,0.125,0.125,0.125,0.125
179,179.0,179.6026567456592,0.125,0.125,0.125,0.125,0.125,0.125,0.125,0.125
180,180.0,180.60277179072457,0.125,0.125,0.125,0.125,0.125,0.125,0.125,0.125
181,181.0,181.60284761337616,0.125,0.125,0.125,0.125,0.125,0.125,0.125,0.125
182,182.0,182.6028873776288,0.125,0.125,0.125,0.125,0.125,0.125,0.125,0.125
183,183.0,183.60289429167995,0.125,0.125,0.125,0.125,0.125,0.125,0.125,0.125
184,184.0,184.60287157140917,0.125,0.125,0.125,0.125,0.125,0.125,0.125,0.125
185,185.0,185.60282240745136,0.125,0.125,0.125,0.125,0.125,0.125,0.125,0.125
186,186.0,186.6027499358148,0.125,0.125,0.125,0.125,0.125,0.125,0.125,0.125
187,187.0,187.60265721198377,0.125,0.125,0.125,0.125,0.125,0.125,0.125,0.125
188,188.0,188.602547188416,0.125,0.125,0.125,0.125,0.125,0.125,0.125,0.125
189,189.0,189.60242269532085,0.125,0.125,0.125,0.125,0.125,0.125,0.125,0.125
190,190.0,190.60228642458202,0.125,0.125,0.125,0.125,0.125,0.125,0.125,0.125
191,191.0,191.60214091667123,0.125,0.125,0.125,0.125,0.125,0.125,0.125,0.125
192,192.0,192.6019885503848,0.125,0.125,0.125,0.125,0.125,0.125,0.125,0.125
193,193.0,193.60183153522314,0.125,0.125,0.125,0.125,0.125,0.125,0.125,0.125
194,194.0,194.61167190622544,0.125,0.125,0.125,0.125,0.125,0.125,0.125,0.125
195,195.0,195.62141152106526,0.125,0.125,0.125,0.125,0.125,0.125,0.125,0.125
196,196.0,196.63096305921044,0.125,0.125,0.125,0.125,0.125,0.125,0.125,0.125
197,197.0,197.640249812949,0.125,0.125,0.125,0.125,0.125,0.125,0.125,0.125
198,198.0,198.64920539318425,0.125,0.125,0.125,0.125,0.125,0.125,0.125,0.125
199,199.0,199.6577733614641,0.12470933562428409,0.12470933562428409,0.12470933562428409,0.1258204467353952,0.12481242840778924,0.1258204467353952,0.12470933562428409,0.12470933562428409
200,200.0,200.66590679930133,0.12442157789232533,0.12442157789232533,0.12442157789232533,0.12663268900343644,0.12462673253150058,0.12663268900343644,0.12442157789232533,0.12442157789232533
201,201.0,201.67356782536183,0.12413931371706761,0.12413931371706761,0.12413931371706761,0.1274294248281787,0.12444458175830471,0.1274294248281787,0.12413931371706761,0.12413931371706761
202,202.0,202.68072707056268,0.12375370527348228,0.12375370527348228,0.12475370527348228,0.12798201527348224,0.12415633197451317,0.12809312638459336,0.12375370527348228,0.12375370527348228
203,203.0,203.68736312053778,0.12328803398192886,0.1231849411984237,0.12518712489101977,0.12832753079101972,0.12469365739720531,0.12863955099303995,0.12339112676543401,0.12328803398192886
204,204.0,204.69346193431,0.12282415741579439,0.12262005474379775,0.12570638914121185,0.12863423647588526,0.12521858804182007,0.12914415667790546,0.12302826008779102,0.12282415741579439
205,205.0,205.6990162473619,0.122163249649081,0.12186007502252934,0.12592684138872234,0.12862390345962246,0.12544901805530487,0.1305139051666932,0.12329975760896598,0.122163249649081
206,206.0,206.70402496663502,0.12134959102248186,0.12095007930146354,0.12666743647762246,0.12835038633955423,0.1254341405976853,0.13155544172598005,0.12334333351273093,0.12234959102248186
207,207.0,207.70849256431447,0.12056428551594384,0.12007186144548306,0.12739183109596117,0.12805812331264635,0.12541401980603256,0.13254886449081554,0.12339672881717381,0.12255428551594384
208,208.0,208.71242847658283,0.11981235087252622,0.11923102584663917,0.1280944013446112,0.12775191159985191,0.12538938122166654,0.13348905061299648,0.12345842762918244,0.12277345087252621
209,209.0,209.71584651285852,0.11986720012158189,0.11843224263520664,0.128770303958055,0.12743620818688753,0.12536092300970222,0.13437192189556652,0.12275775184064935,0.12300344835235111
210,210.0,210.71876428037805,0.11995529868906527,0.11767929440455868,0.12941544667367866,0.12711511927789979,0.12532931171501907,0.13519438110966098,0.12207025336182176,0.12324089476829603
211,211.0,211.72120262834187,0.12007244065745876,0.1169751271389233,0.130026454054108,0.12679239431158093,0.12529517875883578,0.13595424486998653,0.12140148944651738,0.12348267076258952
212,212.0,212.72318511522587,0.12021455026698741,0.1163219044144556,0.13060062955905818,0.12647142414332724,0.12525911763686423,0.1366501740843168,0.12075627427753696,0.1237259256174538
213,213.0,213.72473750226922,0.12026781954755232,0.11566611894933843,0.13168536517047816,0.12604535288512464,0.12511179166701283,0.13722665786016294,0.12008376007699283,0.12391313384333806
214,214.0,214.72588727558554,0.12033950093814531,0.11506403542173844,0.13272425202710122,0.12562785245745114,0.12496470169266918,0.13773932645306547,0.11944285243949736,0.12409747857033204
215,215.0,215.72666319881438,0.12042703641385764,0.11451630447317995,0.13371148613584086,0.12522224078153057,0.12481929501402594,0.13818943469538972,0.11883679978512063,0.12427740270105483
216,216.0,216.72709489773217,0.12052796521142026,0.11402296815524436,0.134642360430398,0.12483138509894687,0.12467685736829953,0.13857873753977026,0.11826817714209453,0.12445154905382631
217,217.0,217.72721247778088,0.1206399387106725,0.11358352036804877,0.13551320214924537,0.12445771836719215,0.1245385162286555,0.1389094224975577,0.11773892773571427,0.1246187539429139
218,218.0,218.72704617504692,0.12076073270645286,0.1131969667363911,0.1363213061327654,0.12410325835850107,0.12440524535588204,0.13918404450783342,0.11725040673637907,0.1247780394657951
219,219.0,219.72662604083587,0.12088825720915077,0.11286188338103414,0.13706486511465568,0.12376962900065418,0.12427787043201988,0.1394054636452459,0.11680342651337777,0.12492860470386176
220,220.0,220.72598165963754,0.12102056392304746,0.11257647410790142,0.13774289800526027,0.12345808352214552,0.12415707561141648,0.13957678600570728,0.116398302791307,0.12506981603321465
221,221.0,221.7251418999627,0.1211558515598841,0.11233862560150183,0.1383551770848017,0.12316952898982637,0.124043410831952,0.13970130804330808,0.11603490115729441,0.12520119673143162
222,222.0,222.72413469725572,0.12129246915099834,0.11214596027022604,0.13890215494359084,0.12290455185440097,0.12393729973730719,0.13978246456995835,0.11571268341887431,0.12532241605464411
223,223.0,223.72298686784688,0.12142891752505125,0.11199588644987443,0.13938489192511505,0.12266344414753419,0.12383904806994653,0.13982378057148664,0.11543075336387165,0.12543327794712042
224,224.0,224.72172395270047,0.12156384912000845,0.1118856457275581,0.1398049847472856,0.12244623000343884,0.1237488524038152,0.13982882694038987,0.1151879015244947,0.12553370953300944
225,225.0,225.7203700895417,0.12169606629782993,0.1118123572006967,0.1401644968978161,0.12225269220727872,0.12366680909545161,0.13980118017624152,0.11498264859757468,0.12562374952711097
226,226.0,226.71894791180335,0.12182451832845106,0.11177305853501333,0.14046589132236528,0.12208239850222191,0.1235929233421626,0.1397443860599882,0.11481328722113508,0.12570353668866277
227,227.0,227.71747847272084,0.12183718609517455,0.11265363261993593,0.14060085473817466,0.12182361630509754,0.1234160071348625,0.14043970504578077,0.11456681074278116,0.12466218731819316
228,228.0,228.71598119281936,0.12184552134672291,0.11355328643955466,0.14068468061196013,0.12158778228708361,0.12324813268102541,0.14110497263355667,0.11435339543748789,0.12362222856260899
229,229.0,229.71447382897983,0.12162007600230021,0.11525151952260777,0.14140093736847917,0.12114516199065124,0.12286027657004543,0.14141583421653275,0.11394207136120414,0.12236412296817956
230,230.0,230.71297246323445,0.12130239166585687,0.11684921888464857,0.14197694662462046,0.1215458602466066,0.12239422461965574,0.14142053087026835,0.1134726517227009,0.1210381753656428
231,231.0,231.71149150943126,0.12087557615066646,0.11820005686375383,0.14239168010856748,0.1218540634696766,0.12183316400400827,0.14128397555549355,0.11292634734529222,0.12063513650254189
232,232.0,232.7100437359141,0.1203639016388465,0.11842430212751695,0.14266620897179108,0.12299412094910091,0.1212012971048762,0.14103074993129805,0.11232540065573364,0.12099401862083696
233,233.0,233.7086403023895,0.11986278895699631,0.1186141896766527,0.14289362656954957,0.12322599213899531,0.12059384140141749,0.141665962375775,0.11176310353395391,0.12138049534666001
234,234.0,234.7072908091935,0.11922467789742228,0.11854398367985974,0.1429248547008967,0.12406241938065625,0.12069624851291756,0.14189744726064268,0.1110896988428778,0.1215606697247273
235,235.0,235.70600335722514,0.11860601304485617,0.11844494100624434,0.14291556366752375,0.12488912825103594,0.12082287172312917,0.1421041715839224,0.11045939502270934,0.12175791570057917
236,236.0,236.7047846168814,0.11794693386302028,0.11819273062201975,0.14280579573213392,0.12633984913958435,0.12084181806187391,0.14222244159443764,0.10981008246045688,0.12184034852647353
237,237.0,237.7036399044032,0.11797510554369292,0.11781068590758365,0.14344277685036338,0.12676258206050753,0.12076916025840555,0.1422626672761069,0.10915290240869863,0.12182411969464169
238,238.0,238.70257326412877,0.11884002500232023,0.11812385805134884,0.1442731290833347,0.12714931062477094,0.1207563659465607,0.14127060134334865,0.10863496255665184,0.12095174739166431
239,239.0,239.7015875552405,0.11960753787469006,0.11831007094653487,0.14484159496962712,0.12739310242573237,0.12064805402077278,0.14015827251581214,0.10905513844048602,0.11998622880634485
240,240.0,240.70068454168864,0.12028880059979538,0.1192983402072296,0.14518686030322744,0.1275149041308033,0.12046395027078488,0.13895792128034143,0.10933359854595655,0.11895562466186162
241,241.0,241.69986498407508,0.12085755363703966,0.12087393547963318,0.14538153873981516,0.12688590319272852,0.12024034804339001,0.13826667706640836,0.10959042115853639,0.11790362268244894
242,242.0,242.69912873238215,0.12116393251940867,0.12350435122683372,0.14524922337020676,0.12603021047794394,0.11982617380134339,0.13723996718842404,0.1096338514850385,0.11735228993080116
243,243.0,243.6984748185347,0.12139590441335976,0.12665144510002335,0.14495530952259084,0.1251009884882048,0.11936656288546706,0.13617747027993843,0.10957331010182128,0.11677900920859464
244,244.0,244.69790154788663,0.12161628260648755,0.13033784757864053,0.14463428079862883,0.12354757467859627,0.11892834737999507,0.13515108232077883,0.10953518420907346,0.11624940042779966
245,245.0,245.6974065888245,0.12175049327517837,0.13427791083617985,0.14425529426731265,0.12197365766331898,0.118440240487177,0.13413069158972185,0.10948084881079322,0.11569086307031828
246,246.0,246.69698705978033,0.12180662805865305,0.13784722763929785,0.14438389962697845,0.12039743542982463,0.11791292940813969,0.13312631076799983,0.1094128767082486,0.11511269236085803
247,247.0,247.69663961304278,0.12170153574829617,0.1413134085376796,0.1446763091314784,0.11882261838998212,0.11737822317010746,0.13224162722232918,0.10932651502599768,0.11453976277412951
248,248.0,248.69636051484855,0.12157524982746686,0.144585210332448,0.14493624247066866,0.11728975594915167,0.11686106874383559,0.13140054171834306,0.10924332673130902,0.11410860422677724
249,249.0,249.69614572132525,0.12144144764339387,0.14766067755568726,0.14517876110545086,0.11582130591151094,0.11637723664477863,0.13061945945928075,0.10917618052074116,0.1137249311591566
250,250.0,250.69599094994103,0.12130221884424232,0.15052868899231792,0.14540318131991797,0.11442551153711736,0.11592823296120566,0.12990019094324048,0.1091241436479877,0.11338783175397064
251,251.0,251.69589174619585,0.12117093740948183,0.1531938930396018,0.14562508339591523,0.113014121254637,0.11552879172436833,0.12925747431704476,0.10909995238395906,0.11310974647499206
252,252.0,252.69584354536323,0.12103782629004765,0.15563859375633016,0.14582808694876712,0.11168825811158117,0.11516559694959355,0.12867772740560324,0.10908870992805515,0.11287520061002201
253,253.0,253.69584172916024,0.1210432884544904,0.15834650557950242,0.1461509406841485,0.11052207246988244,0.11435254482731173,0.1282298951509993,0.10926620515018742,0.11208854768347783
254,254.0,254.6958816772859,0.12103697292280771,0.16081414534727514,0.14654379938321768,0.1094373194058518,0.11356652477753207,0.127829037574131,0.10943764439782122,0.11133455619136345
255,255.0,255.69595881382617,0.12112448069651022,0.16303987047806578,0.14689760514709663,0.10843580011104934,0.112811610095926,0.12747338208541725,0.10960074487022256,0.11061650651571227
256,256.0,256.69606864857417,0.12111550117583303,0.16498297334029302,0.14723222875776487,0.10747665321001088,0.11204950889603835,0.12757756786780922,0.10971189029125451,0.10985367646099617
257,257.0,257.69620681336164,0.12110562814857878,0.16670064039534882,0.14754229482601575,0.10661260135342303,0.11133790294695929,0.12773141104163552,0.10982549365921211,0.1091440276288267
258,258.0,258.6963690935367,0.12102152028391303,0.16816147384751742,0.1477536290336438,0.10580601084952429,0.11064209407721642,0.128296054494838,0.10990340843984088,0.10841580897350618
259,259.0,259.69655145475895,0.12087225913768762,0.16937695721929788,0.14787480821809906,0.10505960996481672,0.10996786916430557,0.1292206867976268,0.10994883284079941,0.10767897665736698
260,260.0,260.69675006531133,0.12072467617893255,0.1703888824497171,0.147972459619266,0.1044042555109342,0.10934922382637852,0.13016594509495655,0.10999397342075105,0.10700058389906413
261,261.0,261.69696131415543,0.12052159988632458,0.1711782463345251,0.14851579575877175,0.10380815662325116,0.10875754679323428,0.13088639607574484,0.11000916738991509,0.10632309113823327
262,262.0,262.6971818249735,0.12027061035617508,0.17175941136943496,0.1494548148013874,0.10327134873402447,0.10819605800472604,0.131397315961838,0.10999725746967866,0.10565318330273551
263,263.0,263.69740846646,0.11997875818097328,0.17214726047580414,0.1502663728027166,0.10279314550901757,0.10766722821099205,0.1321897366337694,0.10996094783490096,0.10499655035182612
264,264.0,264.6976383591333,0.11965261524654354,0.17235703030520663,0.15095423448600892,0.1023722520638421,0.10717286336027579,0.13323018120883331,0.10990282510316741,0.10435799822612243
265,265.0,265.69786887894793,0.11933783309711397,0.17242391160652557,0.1516018129441572,0.10202662687444718,0.10673394112626318,0.1342496766171996,0.1098451323309715,0.10378106540332196
266,266.0,266.69809765799164,0.11899689778397926,0.1723417615737063,0.1525623919403908,0.10173243652129892,0.10632954362377414,0.13504249436295634,0.1097686406042316,0.10322583358966278
267,267.0,267.69832258255104,0.1186714070991709,0.17214409140175566,0.15347490752817208,0.10150526598556894,0.10597804891594606,0.13580123964755514,0.10969378129693433,0.102731258124897
268,268.0,268.69854178882895,0.11822267293597973,0.17182631386427732,0.15424446118232352,0.10132256904884375,0.10565956572836212,0.13686140617730927,0.10960302381817941,0.10225998724472497
269,269.0,269.6987536565908,0.11778312684791298,0.17140810910624832,0.15494199316821283,0.10118729083680107,0.1053773954907617,0.13796567594307207,0.1095012094266266,0.10183519918036459
270,270.0,270.6989568010105,0.11735539076500624,0.1709027617016381,0.15556636277547511,0.10109518753576047,0.10512970294252327,0.13900364931091932,0.1094913916334653,0.10145555333521238
271,271.0,271.6991500629782,0.11690838826568256,0.17030644932907182,0.15653497619588652,0.10102535657240876,0.10489784323525837,0.13978706762565143,0.10945384355698734,0.10108607521905337
272,272.0,272.69933249811936,0.11645702322365552,0.16964405107531885,0.15735034843126786,0.10098516084507383,0.10469329879197509,0.14034230845318885,0.10978893148850695,0.10073887769101326
273,273.0,273.6995033647652,0.11586655893392911,0.1699006228728587,0.15824873819685664,0.10093376113914972,0.10437609578142037,0.1405433607806993,0.10985534423721245,0.10027551805787395
274,274.0,274.69966211109875,0.1151597838421444,0.1708729616648464,0.1589605741646905,0.10078425353601628,0.10396203276678757,0.1407760462623237,0.10977013785975087,0.09971420990344053
275,275.0,275.699808361688,0.1144783962222265,0.1718897909377032,0.1595883594514763,0.10065895757422161,0.10357586904332589,0.1409432644239469,0.10967208275101252,0.09919327959608736
276,276.0,276.6999419036014,0.11381829948366301,0.17219781092354744,0.1591014032595573,0.10117325373352998,0.1031684787405714,0.1423638060269016,0.10951316716043616,0.09866378067179346
277,277.0,277.7000626722875,0.11303091057571084,0.172594565526139,0.1584254638446486,0.10154240668997265,0.10267201371561022,0.14444979778205325,0.10922694336796857,0.09805789849789717
278,278.0,278.7001707373821,0.11218108567747374,0.17325190372457616,0.15757984058525426,0.10183373069914711,0.10215602538252434,0.14625136980449108,0.10931327300561405,0.09743277112091946
279,279.0,279.7002662885934,0.11128280689558911,0.17413219993754042,0.15668178134600455,0.10205167061166866,0.10162671708302777,0.14810614441308165,0.10932334918793284,0.09679533052515517
280,280.0,280.70034962179767,0.11035204940861984,0.17475682407609303,0.15563749323348663,0.10220476447686666,0.10106550534666413,0.14984707025808217,0.11000955134824944,0.09612674185193823
281,281.0,281.70042112546355,0.10936301642278537,0.17531777080356012,0.15483981496900612,0.10235525504270736,0.10053848171636962,0.15143038958861987,0.11066157980512618,0.09549369165182546
282,282.0,282.70048126750817,0.10840825961752654,0.17580461960629198,0.15396188897615204,0.10249161741858107,0.1000363188303567,0.1527490847981114,0.11135690130165396,0.09519130945132637
283,283.0,283.70053058267325,0.10737903701791791,0.1763169679493856,0.1529322169515645,0.10350768605808992,0.09947610085277948,0.1537087235216444,0.11185712357042965,0.09482214407818856
284,284.0,284.70056966049515,0.10697698181424545,0.17685979620538672,0.15183288648384266,0.10435921022248411,0.0988782262789201,0.15446782418512034,0.11220340387900682,0.09442167093099385
285,285.0,285.7005991339298,0.10706155889728902,0.17707728898684855,0.15072324606613505,0.10513881554838024,0.09829432345819335,0.15508184106824952,0.11258394585510928,0.09403898011979504
286,286.0,286.7006196686818,0.10647282398417553,0.1774611437275015,0.14962973264128465,0.105853874751869,0.09773779210520342,0.15624011859056935,0.11292020054457581,0.09368431365482083
287,287.0,287.7006319532717,0.1058246752551882,0.17786030558636817,0.14846089612180655,0.10640298714439524,0.09716110803232603,0.15789436278544786,0.11310440838543913,0.0932912566890289
288,288.0,288.7006366898699,0.10518288359166358,0.17809321902001687,0.1472518646586558,0.10742178832255968,0.09659020172493471,0.1594069937473355,0.11316806868547175,0.09288498024936218
289,289.0,289.7006345859096,0.10510846595524893,0.17860982318515994,0.14601660400501065,0.10785633497678801,0.09630051858619244,0.1605157470602307,0.11312232263812654,0.09247018359324286
290,290.0,290.7006263464862,0.10496130228849923,0.1791484824745267,0.14501281430635213,0.10813370025704734,0.09599817794966342,0.16175293727726509,0.11295972953750372,0.0920328559091424
291,291.0,291.7006126675404,0.1048509904528481,0.17963346652044088,0.14402399125545273,0.1083613873634861,0.0957293961080984,0.16301806764104235,0.11276149644567127,0.09162120421296022
292,292.0,292.70059422981365,0.10532164204076218,0.18014426513718512,0.14310458802584058,0.1084457984435016,0.0954498477804436,0.16387821644998457,0.11246285930130542,0.09119278282097695
293,293.0,293.70057169356147,0.10576344934605102,0.1809824343711734,0.1421865359054094,0.10841438438867364,0.09517762312488857,0.16461752098709614,0.11209060926391766,0.09076744261279018
294,294.0,294.70054569399883,0.10620927142341541,0.18175450461750656,0.14137198223123493,0.10833351446329172,0.09492549345982171,0.16536042423710243,0.11168438462417643,0.09036042494345081
295,295.0,295.70051683745254,0.10665270134402222,0.18245830232648766,0.14089488129467345,0.10820756958994177,0.09469252884382381,0.16587211361595264,0.11124961923077842,0.08997228375432006
296,296.0,296.70048569818636,0.10713565152568116,0.1838009080587975,0.14044976619553434,0.10711240121072696,0.09450154059403452,0.16653340478966874,0.11083915138889243,0.08962717623666437
297,297.0,297.7004528158649,0.10755738754038574,0.18539903630578852,0.1399885522812057,0.1060549682198769,0.09430362118297721,0.16683456963974103,0.11036223971581763,0.08949962511420731
298,298.0,298.700418693617,0.1078778785727716,0.18692656349229547,0.13955841435113445,0.1049637376109926,0.09410346626627542,0.16735543721135235,0.10983949456175093,0.08937500793342719
299,299.0,299.70038379665766,0.10810188411641275,0.18837728677190532,0.13893764277720516,0.10385232026519825,0.09390261975689246,0.16829488681399526,0.10927976321319478,0.08925359628519597
300,300.0,300.70034855142774,0.10822003314796771,0.1893841698662153,0.1384006204905979,0.10308059366986567,0.09369276106227034,0.16910064390404012,0.1090049541789706,0.08911622368007234
301,301.0,301.70031334520655,0.10827875347333721,0.19042853983265087,0.13789751884479853,0.10230383634079879,0.09357988345338611,0.16979329517288688,0.10872756684593401,0.08899060603620762
302,302.0,302.7002785261554,0.10828118157870549,0.19149995035693726,0.13742809135689943,0.10161568490159738,0.09347452741705502,0.17037559576359568,0.10844926049983912,0.0888757081253707
303,303.0,303.7002444037478,0.10823746945237817,0.1925977077307607,0.1370090464990879,0.10094332167320003,0.09338551098092511,0.17086539335574824,0.10818279972770438,0.08877875058019555
304,304.0,304.7002112495435,0.10815105533556225,0.19340013517930024,0.13695163323112686,0.10029108501519741,0.09331168712353109,0.17126663704747225,0.10792926135404868,0.08869850571376128
305,305.0,305.7001792982641,0.10811244162491578,0.1942238293971385,0.1369291457134166,0.099662690404481,0.0932518777092488,0.17158377267556874,0.10768949140643613,0.08854675106879449
306,306.0,306.70014874913005,0.10803741383256803,0.19506310590955223,0.1369375363887117,0.09906125772503185,0.09320488945921111,0.1718216497614208,0.1074641208130398,0.08841002611046457
307,307.0,307.7001197674181,0.10791495972002874,0.19590797202670118,0.13714863277125686,0.09848009047477527,0.09316027747472172,0.17187905043870072,0.10723970533269876,0.08826931176111685
308,308.0,308.7000924862032,0.10760985420494017,0.19661474321886602,0.13720233699112386,0.09778279830514772,0.09297844825365026,0.17183631362945206,0.10798943291269902,0.08798607248412102
309,309.0,309.70006700824774,0.10838916841588711,0.19711807353081992,0.13713966477475314,0.09701561655500088,0.09269544887994109,0.17152712669927433,0.10851752558919264,0.08759737555513103
310,310.0,310.70004340800534,0.1089029652848117,0.19741553297793796,0.13694799379697406,0.09617010502321574,0.09230863289343019,0.1714433541488327,0.10880077493031723,0.08801064094448058
311,311.0,311.70002173370716,0.10940801584544137,0.19763414462235745,0.1367855335635267,0.0953802304373812,0.09194317199261329,0.17132003046953898,0.1090872463047548,0.08844162676438636
312,312.0,312.70000200950165,0.10987169472086558,0.19786495563430515,0.13663676285124557,0.09463410309769367,0.09159347290239572,0.17115523163553795,0.10936664041989629,0.08887713873806026
313,313.0,313.6999842376217,0.11027643001495484,0.1981046744024393,0.13646581329679675,0.09392627341498744,0.09125326679501834,0.1710524458659801,0.109624759854291,0.08929633635553243
314,314.0,314.69996840055353,0.11062175389603582,0.19810382021915576,0.1362737655704075,0.09325883250195847,0.09092418639675426,0.1710121955127041,0.1098600895178529,0.08994535638513138
315,315.0,315.69995446318666,0.11093229206221025,0.19804199337033204,0.1360740753912775,0.09264548478857518,0.0906137096077114,0.1708515890697584,0.110266299221483,0.09057455648865245
316,316.0,316.69994237492466,0.11122148011259589,0.1979291749933326,0.13589889432737198,0.09209348563665126,0.09032961203950249,0.17067243947323887,0.11066222435035006,0.09119268906695707
317,317.0,317.6999320717395,0.11146417093436531,0.19785086071742794,0.13573532815585632,0.09159002505960877,0.09006599918475064,0.17047229497349256,0.11103883654966612,0.09178248442483261
318,318.0,318.69992347815554,0.111661309757958,0.19780853542393198,0.13558321225710446,0.09113464501362781,0.08982313930460653,0.17025493710978845,0.111393981594342,0.09234023953864101
319,319.0,319.69991650914835,0.11183638631830069,0.1977310792166677,0.13545337572450006,0.09073754420773449,0.08960661218124708,0.17002948727799566,0.1117314812302312,0.09287403384332338
320,320.0,320.69991107195045,0.1119822214699722,0.19769839047739385,0.13536647081285574,0.09039304842290762,0.0894176696057164,0.1696991324520391,0.11205870169139184,0.09338436506772346
321,321.0,321.69990706775286,0.11208601049880279,0.19770698005063383,0.1352890789411764,0.09009220686312874,0.08924860932078466,0.1693622703164142,0.11236003425783853,0.09385480975122101
322,322.0,322.69990439329746,0.11214974559072997,0.1977564514515932,0.13502812776384554,0.08983307525346174,0.08909884006622674,0.16921493428173723,0.1126347607593636,0.09428406483304216
323,323.0,323.69990294235464,0.11216113914711034,0.19784230435974198,0.13474806114342325,0.08960624609428483,0.08896038807417254,0.16915699388747107,0.11286799528601635,0.09465687200777978
324,324.0,324.69990260708255,0.11214178885918011,0.1979032918983737,0.1344604592803918,0.08941899616876345,0.08883739704882794,0.1690049630588098,0.11306498868500191,0.09516811500065142
325,325.0,325.69990327926683,0.11214513704692106,0.1978098935416619,0.13419270483830442,0.08929432726912297,0.08875926336701215,0.16881899907215123,0.11332622821716729,0.09565344664765911
326,326.0,326.69990485144007,0.11227642808603581,0.19743691789476114,0.13389379910409577,0.08935540659625002,0.08867215962899991,0.16881244569614148,0.11349328039153925,0.0960595626021767
327,327.0,327.69990721788156,0.11237305073174347,0.19711196271543405,0.1336090025575665,0.08944395807419628,0.08859974004248308,0.1688073401068466,0.11363423243834186,0.09642071333338822
328,328.0,328.6999102755001,0.11285289675339027,0.19683704693728798,0.13333924204133232,0.08955583876901871,0.08854100528613648,0.16838666681278053,0.11375002974782322,0.09673727365223056
329,329.0,329.6999139246018,0.11330959186995435,0.19661663592058876,0.13292937120320253,0.08969684101334234,0.08850141963176038,0.16788327888045904,0.11385476873436794,0.09720809274632475
330,330.0,330.69991806954727,0.11368385595492653,0.196291902703484,0.13268399583671459,0.08983452829313007,0.08845398910846183,0.16756866474444929,0.11387736192749362,0.09760570143134012
