Total_iterations,Unnamed: 0.1,Intertwine_two,Add_vertex,Delete_vertex,Invert_path_vertices,Insert_inside_vertex,Delete_inside_vertex,Replace_inside_vertex,Donate_between_routes
0,0.0,0.125,0.125,0.125,0.125,0.125,0.125,0.125,0.125
1,1.0,0.125,0.125,0.125,0.125,0.125,0.125,0.125,0.125
2,2.0,0.125,0.125,0.125,0.125,0.125,0.125,0.125,0.125
3,3.0,0.125,0.125,0.125,0.125,0.125,0.125,0.125,0.125
4,4.0,0.125,0.125,0.125,0.125,0.125,0.125,0.125,0.125
5,5.0,0.125,0.125,0.125,0.125,0.125,0.125,0.125,0.125
6,6.0,0.125,0.125,0.125,0.125,0.125,0.125,0.125,0.125
7,7.0,0.125,0.125,0.125,0.125,0.125,0.125,0.125,0.125
8,8.0,0.125,0.125,0.125,0.125,0.125,0.125,0.125,0.125
9,9.0,0.125,0.125,0.125,0.125,0.125,0.125,0.125,0.125
10,10.0,0.125,0.125,0.125,0.125,0.125,0.125,0.125,0.125
11,11.0,0.125,0.125,0.125,0.125,0.125,0.125,0.125,0.125
12,12.0,0.125,0.125,0.125,0.125,0.125,0.125,0.125,0.125
13,13.0,0.125,0.125,0.125,0.125,0.125,0.125,0.125,0.125
14,14.0,0.125,0.125,0.125,0.125,0.125,0.125,0.125,0.125
15,15.0,0.125,0.125,0.125,0.125,0.125,0.125,0.125,0.125
16,16.0,0.125,0.125,0.125,0.125,0.125,0.125,0.125,0.125
17,17.0,0.125,0.125,0.125,0.125,0.125,0.125,0.125,0.125
18,18.0,0.125,0.125,0.125,0.125,0.125,0.125,0.125,0.125
19,19.0,0.125,0.125,0.125,0.125,0.125,0.125,0.125,0.125
20,20.0,0.125,0.125,0.125,0.125,0.125,0.125,0.125,0.125
21,21.0,0.125,0.125,0.125,0.125,0.125,0.125,0.125,0.125
22,22.0,0.125,0.125,0.125,0.125,0.125,0.125,0.125,0.125
23,23.0,0.125,0.125,0.125,0.125,0.125,0.125,0.125,0.125
24,24.0,0.125,0.125,0.125,0.125,0.125,0.125,0.125,0.125
25,25.0,0.125,0.125,0.125,0.125,0.125,0.125,0.125,0.125
26,26.0,0.125,0.125,0.125,0.125,0.125,0.125,0.125,0.125
27,27.0,0.125,0.125,0.125,0.125,0.125,0.125,0.125,0.125
28,28.0,0.125,0.125,0.125,0.125,0.125,0.125,0.125,0.125
29,29.0,0.125,0.125,0.125,0.125,0.125,0.125,0.125,0.125
30,30.0,0.125,0.125,0.125,0.125,0.125,0.125,0.125,0.125
31,31.0,0.125,0.125,0.125,0.125,0.125,0.125,0.125,0.125
32,32.0,0.125,0.125,0.125,0.125,0.125,0.125,0.125,0.125
33,33.0,0.125,0.125,0.125,0.125,0.125,0.125,0.125,0.125
34,34.0,0.125,0.125,0.125,0.125,0.125,0.125,0.125,0.125
35,35.0,0.125,0.125,0.125,0.125,0.125,0.125,0.125,0.125
36,36.0,0.125,0.125,0.125,0.125,0.125,0.125,0.125,0.125
37,37.0,0.125,0.125,0.125,0.125,0.125,0.125,0.125,0.125
38,38.0,0.125,0.125,0.125,0.125,0.125,0.125,0.125,0.125
39,39.0,0.125,0.125,0.125,0.125,0.125,0.125,0.125,0.125
40,40.0,0.125,0.125,0.125,0.125,0.125,0.125,0.125,0.125
41,41.0,0.125,0.125,0.125,0.125,0.125,0.125,0.125,0.125
42,42.0,0.125,0.125,0.125,0.125,0.125,0.125,0.125,0.125
43,43.0,0.125,0.125,0.125,0.125,0.125,0.125,0.125,0.125
44,44.0,0.125,0.125,0.125,0.125,0.125,0.125,0.125,0.125
45,45.0,0.125,0.125,0.125,0.125,0.125,0.125,0.125,0.125
46,46.0,0.125,0.125,0.125,0.125,0.125,0.125,0.125,0.125
47,47.0,0.125,0.125,0.125,0.125,0.125,0.125,0.125,0.125
48,48.0,0.125,0.125,0.125,0.125,0.125,0.125,0.125,0.125
49,49.0,0.125,0.125,0.125,0.125,0.125,0.125,0.125,0.125
50,50.0,0.125,0.125,0.125,0.125,0.125,0.125,0.125,0.125
51,51.0,0.125,0.125,0.125,0.125,0.125,0.125,0.125,0.125
52,52.0,0.125,0.125,0.125,0.125,0.125,0.125,0.125,0.125
53,53.0,0.125,0.125,0.125,0.125,0.125,0.125,0.125,0.125
54,54.0,0.125,0.125,0.125,0.125,0.125,0.125,0.125,0.125
55,55.0,0.125,0.125,0.125,0.125,0.125,0.125,0.125,0.125
56,56.0,0.125,0.125,0.125,0.125,0.125,0.125,0.125,0.125
57,57.0,0.125,0.125,0.125,0.125,0.125,0.125,0.125,0.125
58,58.0,0.125,0.125,0.125,0.125,0.125,0.125,0.125,0.125
59,59.0,0.125,0.125,0.125,0.125,0.125,0.125,0.125,0.125
60,60.0,0.125,0.125,0.125,0.125,0.125,0.125,0.125,0.125
61,61.0,0.125,0.125,0.125,0.125,0.125,0.125,0.125,0.125
62,62.0,0.125,0.125,0.125,0.125,0.125,0.125,0.125,0.125
63,63.0,0.125,0.125,0.125,0.125,0.125,0.125,0.125,0.125
64,64.0,0.125,0.125,0.125,0.125,0.125,0.125,0.125,0.125
65,65.0,0.125,0.125,0.125,0.125,0.125,0.125,0.125,0.125
66,66.0,0.125,0.125,0.125,0.125,0.125,0.125,0.125,0.125
67,67.0,0.125,0.125,0.125,0.125,0.125,0.125,0.125,0.125
68,68.0,0.125,0.125,0.125,0.125,0.125,0.125,0.125,0.125
69,69.0,0.125,0.125,0.125,0.125,0.125,0.125,0.125,0.125
70,70.0,0.125,0.125,0.125,0.125,0.125,0.125,0.125,0.125
71,71.0,0.125,0.125,0.125,0.125,0.125,0.125,0.125,0.125
72,72.0,0.125,0.125,0.125,0.125,0.125,0.125,0.125,0.125
73,73.0,0.125,0.125,0.125,0.125,0.125,0.125,0.125,0.125
74,74.0,0.125,0.125,0.125,0.125,0.125,0.125,0.125,0.125
75,75.0,0.125,0.125,0.125,0.125,0.125,0.125,0.125,0.125
76,76.0,0.125,0.125,0.125,0.125,0.125,0.125,0.125,0.125
77,77.0,0.125,0.125,0.125,0.125,0.125,0.125,0.125,0.125
78,78.0,0.125,0.125,0.125,0.125,0.125,0.125,0.125,0.125
79,79.0,0.125,0.125,0.125,0.125,0.125,0.125,0.125,0.125
80,80.0,0.125,0.125,0.125,0.125,0.125,0.125,0.125,0.125
81,81.0,0.125,0.125,0.125,0.125,0.125,0.125,0.125,0.125
82,82.0,0.125,0.125,0.125,0.125,0.125,0.125,0.125,0.125
83,83.0,0.125,0.125,0.125,0.125,0.125,0.125,0.125,0.125
84,84.0,0.125,0.125,0.125,0.125,0.125,0.125,0.125,0.125
85,85.0,0.125,0.125,0.125,0.125,0.125,0.125,0.125,0.125
86,86.0,0.125,0.125,0.125,0.125,0.125,0.125,0.125,0.125
87,87.0,0.125,0.125,0.125,0.125,0.125,0.125,0.125,0.125
88,88.0,0.125,0.125,0.125,0.125,0.125,0.125,0.125,0.125
89,89.0,0.125,0.125,0.125,0.125,0.125,0.125,0.125,0.125
90,90.0,0.125,0.125,0.125,0.125,0.125,0.125,0.125,0.125
91,91.0,0.125,0.125,0.125,0.125,0.125,0.125,0.125,0.125
92,92.0,0.125,0.125,0.125,0.125,0.125,0.125,0.125,0.125
93,93.0,0.125,0.125,0.125,0.125,0.125,0.125,0.125,0.125
94,94.0,0.125,0.125,0.125,0.125,0.125,0.125,0.125,0.125
95,95.0,0.125,0.125,0.125,0.125,0.125,0.125,0.125,0.125
96,96.0,0.125,0.125,0.125,0.125,0.125,0.125,0.125,0.125
97,97.0,0.125,0.125,0.125,0.125,0.125,0.125,0.125,0.125
98,98.0,0.125,0.125,0.125,0.125,0.125,0.125,0.125,0.125
99,99.0,0.125,0.125,0.125,0.125,0.125,0.125,0.125,0.125
100,100.0,0.125,0.125,0.125,0.125,0.125,0.125,0.125,0.125
101,101.0,0.125,0.125,0.125,0.125,0.125,0.125,0.125,0.125
102,102.0,0.125,0.125,0.125,0.125,0.125,0.125,0.125,0.125
103,103.0,0.125,0.125,0.125,0.125,0.125,0.125,0.125,0.125
104,104.0,0.125,0.125,0.125,0.125,0.125,0.125,0.125,0.125
105,105.0,0.125,0.125,0.125,0.125,0.125,0.125,0.125,0.125
106,106.0,0.125,0.125,0.125,0.125,0.125,0.125,0.125,0.125
107,107.0,0.125,0.125,0.125,0.125,0.125,0.125,0.125,0.125
108,108.0,0.125,0.125,0.125,0.125,0.125,0.125,0.125,0.125
109,109.0,0.125,0.125,0.125,0.125,0.125,0.125,0.125,0.125
110,110.0,0.125,0.125,0.125,0.125,0.125,0.125,0.125,0.125
111,111.0,0.125,0.125,0.125,0.125,0.125,0.125,0.125,0.125
112,112.0,0.125,0.125,0.125,0.125,0.125,0.125,0.125,0.125
113,113.0,0.125,0.125,0.125,0.125,0.125,0.125,0.125,0.125
114,114.0,0.125,0.125,0.125,0.125,0.125,0.125,0.125,0.125
115,115.0,0.125,0.125,0.125,0.125,0.125,0.125,0.125,0.125
116,116.0,0.125,0.125,0.125,0.125,0.125,0.125,0.125,0.125
117,117.0,0.125,0.125,0.125,0.125,0.125,0.125,0.125,0.125
118,118.0,0.125,0.125,0.125,0.125,0.125,0.125,0.125,0.125
119,119.0,0.125,0.125,0.125,0.125,0.125,0.125,0.125,0.125
120,120.0,0.125,0.125,0.125,0.125,0.125,0.125,0.125,0.125
121,121.0,0.125,0.125,0.125,0.125,0.125,0.125,0.125,0.125
122,122.0,0.125,0.125,0.125,0.125,0.125,0.125,0.125,0.125
123,123.0,0.125,0.125,0.125,0.125,0.125,0.125,0.125,0.125
124,124.0,0.125,0.125,0.125,0.125,0.125,0.125,0.125,0.125
125,125.0,0.125,0.125,0.125,0.125,0.125,0.125,0.125,0.125
126,126.0,0.125,0.125,0.125,0.125,0.125,0.125,0.125,0.125
127,127.0,0.125,0.125,0.125,0.125,0.125,0.125,0.125,0.125
128,128.0,0.125,0.125,0.125,0.125,0.125,0.125,0.125,0.125
129,129.0,0.125,0.125,0.125,0.125,0.125,0.125,0.125,0.125
130,130.0,0.125,0.125,0.125,0.125,0.125,0.125,0.125,0.125
131,131.0,0.125,0.125,0.125,0.125,0.125,0.125,0.125,0.125
132,132.0,0.125,0.125,0.125,0.125,0.125,0.125,0.125,0.125
133,133.0,0.125,0.125,0.125,0.125,0.125,0.125,0.125,0.125
134,134.0,0.125,0.125,0.125,0.125,0.125,0.125,0.125,0.125
135,135.0,0.125,0.125,0.125,0.125,0.125,0.125,0.125,0.125
136,136.0,0.125,0.125,0.125,0.125,0.125,0.125,0.125,0.125
137,137.0,0.125,0.125,0.125,0.125,0.125,0.125,0.125,0.125
138,138.0,0.125,0.125,0.125,0.125,0.125,0.125,0.125,0.125
139,139.0,0.125,0.125,0.125,0.125,0.125,0.125,0.125,0.125
140,140.0,0.125,0.125,0.125,0.125,0.125,0.125,0.125,0.125
141,141.0,0.125,0.125,0.125,0.125,0.125,0.125,0.125,0.125
142,142.0,0.125,0.125,0.125,0.125,0.125,0.125,0.125,0.125
143,143.0,0.125,0.125,0.125,0.125,0.125,0.125,0.125,0.125
144,144.0,0.125,0.125,0.125,0.125,0.125,0.125,0.125,0.125
145,145.0,0.125,0.125,0.125,0.125,0.125,0.125,0.125,0.125
146,146.0,0.125,0.125,0.125,0.125,0.125,0.125,0.125,0.125
147,147.0,0.125,0.125,0.125,0.125,0.125,0.125,0.125,0.125
148,148.0,0.125,0.125,0.125,0.125,0.125,0.125,0.125,0.125
149,149.0,0.125,0.125,0.125,0.125,0.125,0.125,0.125,0.125
150,150.0,0.125,0.125,0.125,0.125,0.125,0.125,0.125,0.125
151,151.0,0.125,0.125,0.125,0.125,0.125,0.125,0.125,0.125
152,152.0,0.125,0.125,0.125,0.125,0.125,0.125,0.125,0.125
153,153.0,0.125,0.125,0.125,0.125,0.125,0.125,0.125,0.125
154,154.0,0.125,0.125,0.125,0.125,0.125,0.125,0.125,0.125
155,155.0,0.125,0.125,0.125,0.125,0.125,0.125,0.125,0.125
156,156.0,0.125,0.125,0.125,0.125,0.125,0.125,0.125,0.125
157,157.0,0.125,0.125,0.125,0.125,0.125,0.125,0.125,0.125
158,158.0,0.125,0.125,0.125,0.125,0.125,0.125,0.125,0.125
159,159.0,0.125,0.125,0.125,0.125,0.125,0.125,0.125,0.125
160,160.0,0.125,0.125,0.125,0.125,0.125,0.125,0.125,0.125
161,161.0,0.125,0.125,0.125,0.125,0.125,0.125,0.125,0.125
162,162.0,0.125,0.125,0.125,0.125,0.125,0.125,0.125,0.125
163,163.0,0.125,0.125,0.125,0.125,0.125,0.125,0.125,0.125
164,164.0,0.125,0.125,0.125,0.125,0.125,0.125,0.125,0.125
165,165.0,0.125,0.125,0.125,0.125,0.125,0.125,0.125,0.125
166,166.0,0.125,0.125,0.125,0.125,0.125,0.125,0.125,0.125
167,167.0,0.125,0.125,0.125,0.125,0.125,0.125,0.125,0.125
168,168.0,0.125,0.125,0.125,0.125,0.125,0.125,0.125,0.125
169,169.0,0.125,0.125,0.125,0.125,0.125,0.125,0.125,0.125
170,170.0,0.125,0.125,0.125,0.125,0.125,0.125,0.125,0.125
171,171.0,0.125,0.125,0.125,0.125,0.125,0.125,0.125,0.125
172,172.0,0.125,0.125,0.125,0.125,0.125,0.125,0.125,0.125
173,173.0,0.125,0.125,0.125,0.125,0.125,0.125,0.125,0.125
174,174.0,0.125,0.125,0.125,0.125,0.125,0.125,0.125,0.125
175,175.0,0.125,0.125,0.125,0.125,0.125,0.125,0.125,0.125
176,176.0,0.125,0.125,0.125,0.125,0.125,0.125,0.125,0.125
177,177.0,0.125,0.125,0.125,0.125,0.125,0.125,0.125,0.125
178,178.0,0.125,0.125,0.125,0.125,0.125,0.125,0.125,0.125
179,179.0,0.125,0.125,0.125,0.125,0.125,0.125,0.125,0.125
180,180.0,0.125,0.125,0.125,0.125,0.125,0.125,0.125,0.125
181,181.0,0.125,0.125,0.125,0.125,0.125,0.125,0.125,0.125
182,182.0,0.125,0.125,0.125,0.125,0.125,0.125,0.125,0.125
183,183.0,0.125,0.125,0.125,0.125,0.125,0.125,0.125,0.125
184,184.0,0.125,0.125,0.125,0.125,0.125,0.125,0.125,0.125
185,185.0,0.125,0.125,0.125,0.125,0.125,0.125,0.125,0.125
186,186.0,0.125,0.125,0.125,0.125,0.125,0.125,0.125,0.125
187,187.0,0.125,0.125,0.125,0.125,0.125,0.125,0.125,0.125
188,188.0,0.125,0.125,0.125,0.125,0.125,0.125,0.125,0.125
189,189.0,0.125,0.125,0.125,0.125,0.125,0.125,0.125,0.125
190,190.0,0.125,0.125,0.125,0.125,0.125,0.125,0.125,0.125
191,191.0,0.125,0.125,0.125,0.125,0.125,0.125,0.125,0.125
192,192.0,0.125,0.125,0.125,0.125,0.125,0.125,0.125,0.125
193,193.0,0.125,0.125,0.125,0.125,0.125,0.125,0.125,0.125
194,194.0,0.125,0.125,0.125,0.125,0.125,0.125,0.125,0.125
195,195.0,0.125,0.125,0.125,0.125,0.125,0.125,0.125,0.125
196,196.0,0.125,0.125,0.125,0.125,0.125,0.125,0.125,0.125
197,197.0,0.125,0.125,0.125,0.125,0.125,0.125,0.125,0.125
198,198.0,0.125,0.125,0.125,0.125,0.125,0.125,0.125,0.125
199,199.0,0.124709335624284,0.124709335624284,0.124709335624284,0.1258204467353952,0.1248124284077892,0.1258204467353952,0.124709335624284,0.124709335624284
200,200.0,0.1244215778923253,0.1244215778923253,0.1244215778923253,0.1266326890034364,0.1246267325315005,0.1266326890034364,0.1244215778923253,0.1244215778923253
201,201.0,0.1241393137170676,0.1241393137170676,0.1241393137170676,0.1274294248281787,0.1244445817583047,0.1274294248281787,0.1241393137170676,0.1241393137170676
202,202.0,0.1237537052734822,0.1237537052734822,0.1247537052734822,0.1279820152734822,0.1241563319745131,0.1280931263845933,0.1237537052734822,0.1237537052734822
203,203.0,0.1232880339819288,0.1231849411984237,0.1251871248910197,0.1283275307910197,0.1246936573972053,0.1286395509930399,0.123391126765434,0.1232880339819288
204,204.0,0.1228241574157943,0.1226200547437977,0.1257063891412118,0.1286342364758852,0.12521858804182,0.1291441566779054,0.123028260087791,0.1228241574157943
205,205.0,0.122163249649081,0.1218600750225293,0.1259268413887223,0.1286239034596224,0.1254490180553048,0.1305139051666932,0.1232997576089659,0.122163249649081
206,206.0,0.1213495910224818,0.1209500793014635,0.1266674364776224,0.1283503863395542,0.1254341405976853,0.13155544172598,0.1233433335127309,0.1223495910224818
207,207.0,0.1205642855159438,0.120071861445483,0.1273918310959611,0.1280581233126463,0.1254140198060325,0.1325488644908155,0.1233967288171738,0.1225542855159438
208,208.0,0.1198123508725262,0.1192310258466391,0.1280944013446112,0.1277519115998519,0.1253893812216665,0.1334890506129964,0.1234584276291824,0.1227734508725262
209,209.0,0.1198672001215818,0.1184322426352066,0.128770303958055,0.1274362081868875,0.1253609230097022,0.1343719218955665,0.1227577518406493,0.1230034483523511
210,210.0,0.1199552986890652,0.1176792944045586,0.1294154466736786,0.1271151192778997,0.125329311715019,0.1351943811096609,0.1220702533618217,0.123240894768296
211,211.0,0.1200724406574587,0.1169751271389233,0.130026454054108,0.1267923943115809,0.1252951787588357,0.1359542448699865,0.1214014894465173,0.1234826707625895
212,212.0,0.1202145502669874,0.1163219044144556,0.1306006295590581,0.1264714241433272,0.1252591176368642,0.1366501740843168,0.1207562742775369,0.1237259256174538
213,213.0,0.1202678195475523,0.1156661189493384,0.1316853651704781,0.1260453528851246,0.1251117916670128,0.1372266578601629,0.1200837600769928,0.123913133843338
214,214.0,0.1203395009381453,0.1150640354217384,0.1327242520271012,0.1256278524574511,0.1249647016926691,0.1377393264530654,0.1194428524394973,0.124097478570332
215,215.0,0.1204270364138576,0.1145163044731799,0.1337114861358408,0.1252222407815305,0.1248192950140259,0.1381894346953897,0.1188367997851206,0.1242774027010548
216,216.0,0.1205279652114202,0.1140229681552443,0.134642360430398,0.1248313850989468,0.1246768573682995,0.1385787375397702,0.1182681771420945,0.1244515490538263
217,217.0,0.1206399387106725,0.1135835203680487,0.1355132021492453,0.1244577183671921,0.1245385162286555,0.1389094224975577,0.1177389277357142,0.1246187539429139
218,218.0,0.1207607327064528,0.1131969667363911,0.1363213061327654,0.124103258358501,0.124405245355882,0.1391840445078334,0.117250406736379,0.1247780394657951
219,219.0,0.1208882572091507,0.1128618833810341,0.1370648651146556,0.1237696290006541,0.1242778704320198,0.1394054636452459,0.1168034265133777,0.1249286047038617
220,220.0,0.1210205639230474,0.1125764741079014,0.1377428980052602,0.1234580835221455,0.1241570756114164,0.1395767860057072,0.116398302791307,0.1250698160332146
221,221.0,0.1211558515598841,0.1123386256015018,0.1383551770848017,0.1231695289898263,0.124043410831952,0.139701308043308,0.1160349011572944,0.1252011967314316
222,222.0,0.1212924691509983,0.112145960270226,0.1389021549435908,0.1229045518544009,0.1239372997373071,0.1397824645699583,0.1157126834188743,0.1253224160546441
223,223.0,0.1214289175250512,0.1119958864498744,0.139384891925115,0.1226634441475341,0.1238390480699465,0.1398237805714866,0.1154307533638716,0.1254332779471204
224,224.0,0.1215638491200084,0.1118856457275581,0.1398049847472856,0.1224462300034388,0.1237488524038152,0.1398288269403898,0.1151879015244947,0.1255337095330094
225,225.0,0.1216960662978299,0.1118123572006967,0.1401644968978161,0.1222526922072787,0.1236668090954516,0.1398011801762415,0.1149826485975746,0.1256237495271109
226,226.0,0.121824518328451,0.1117730585350133,0.1404658913223652,0.1220823985022219,0.1235929233421626,0.1397443860599882,0.114813287221135,0.1257035366886627
227,227.0,0.1218371860951745,0.1126536326199359,0.1406008547381746,0.1218236163050975,0.1234160071348625,0.1404397050457807,0.1145668107427811,0.1246621873181931
228,228.0,0.1218455213467229,0.1135532864395546,0.1406846806119601,0.1215877822870836,0.1232481326810254,0.1411049726335566,0.1143533954374878,0.1236222285626089
229,229.0,0.1216200760023002,0.1152515195226077,0.1414009373684791,0.1211451619906512,0.1228602765700454,0.1414158342165327,0.1139420713612041,0.1223641229681795
230,230.0,0.1213023916658568,0.1168492188846485,0.1419769466246204,0.1215458602466066,0.1223942246196557,0.1414205308702683,0.1134726517227009,0.1210381753656428
231,231.0,0.1208755761506664,0.1182000568637538,0.1423916801085674,0.1218540634696766,0.1218331640040082,0.1412839755554935,0.1129263473452922,0.1206351365025418
232,232.0,0.1203639016388465,0.1184243021275169,0.142666208971791,0.1229941209491009,0.1212012971048762,0.141030749931298,0.1123254006557336,0.1209940186208369
233,233.0,0.1198627889569963,0.1186141896766527,0.1428936265695495,0.1232259921389953,0.1205938414014174,0.141665962375775,0.1117631035339539,0.12138049534666
234,234.0,0.1192246778974222,0.1185439836798597,0.1429248547008967,0.1240624193806562,0.1206962485129175,0.1418974472606426,0.1110896988428778,0.1215606697247273
235,235.0,0.1186060130448561,0.1184449410062443,0.1429155636675237,0.1248891282510359,0.1208228717231291,0.1421041715839224,0.1104593950227093,0.1217579157005791
236,236.0,0.1179469338630202,0.1181927306220197,0.1428057957321339,0.1263398491395843,0.1208418180618739,0.1422224415944376,0.1098100824604568,0.1218403485264735
237,237.0,0.1179751055436929,0.1178106859075836,0.1434427768503633,0.1267625820605075,0.1207691602584055,0.1422626672761069,0.1091529024086986,0.1218241196946416
238,238.0,0.1188400250023202,0.1181238580513488,0.1442731290833347,0.1271493106247709,0.1207563659465607,0.1412706013433486,0.1086349625566518,0.1209517473916643
239,239.0,0.11960753787469,0.1183100709465348,0.1448415949696271,0.1273931024257323,0.1206480540207727,0.1401582725158121,0.109055138440486,0.1199862288063448
240,240.0,0.1202888005997953,0.1192983402072296,0.1451868603032274,0.1275149041308033,0.1204639502707848,0.1389579212803414,0.1093335985459565,0.1189556246618616
241,241.0,0.1208575536370396,0.1208739354796331,0.1453815387398151,0.1268859031927285,0.12024034804339,0.1382666770664083,0.1095904211585363,0.1179036226824489
242,242.0,0.1211639325194086,0.1235043512268337,0.1452492233702067,0.1260302104779439,0.1198261738013433,0.137239967188424,0.1096338514850385,0.1173522899308011
243,243.0,0.1213959044133597,0.1266514451000233,0.1449553095225908,0.1251009884882048,0.119366562885467,0.1361774702799384,0.1095733101018212,0.1167790092085946
244,244.0,0.1216162826064875,0.1303378475786405,0.1446342807986288,0.1235475746785962,0.118928347379995,0.1351510823207788,0.1095351842090734,0.1162494004277996
245,245.0,0.1217504932751783,0.1342779108361798,0.1442552942673126,0.1219736576633189,0.118440240487177,0.1341306915897218,0.1094808488107932,0.1156908630703182
246,246.0,0.121806628058653,0.1378472276392978,0.1443838996269784,0.1203974354298246,0.1179129294081396,0.1331263107679998,0.1094128767082486,0.115112692360858
247,247.0,0.1217015357482961,0.1413134085376796,0.1446763091314784,0.1188226183899821,0.1173782231701074,0.1322416272223291,0.1093265150259976,0.1145397627741295
248,248.0,0.1215752498274668,0.144585210332448,0.1449362424706686,0.1172897559491516,0.1168610687438355,0.131400541718343,0.109243326731309,0.1141086042267772
249,249.0,0.1214414476433938,0.1476606775556872,0.1451787611054508,0.1158213059115109,0.1163772366447786,0.1306194594592807,0.1091761805207411,0.1137249311591566
250,250.0,0.1213022188442423,0.1505286889923179,0.1454031813199179,0.1144255115371173,0.1159282329612056,0.1299001909432404,0.1091241436479877,0.1133878317539706
251,251.0,0.1211709374094818,0.1531938930396018,0.1456250833959152,0.113014121254637,0.1155287917243683,0.1292574743170447,0.109099952383959,0.113109746474992
252,252.0,0.1210378262900476,0.1556385937563301,0.1458280869487671,0.1116882581115811,0.1151655969495935,0.1286777274056032,0.1090887099280551,0.112875200610022
253,253.0,0.1210432884544904,0.1583465055795024,0.1461509406841485,0.1105220724698824,0.1143525448273117,0.1282298951509993,0.1092662051501874,0.1120885476834778
254,254.0,0.1210369729228077,0.1608141453472751,0.1465437993832176,0.1094373194058518,0.113566524777532,0.127829037574131,0.1094376443978212,0.1113345561913634
255,255.0,0.1211244806965102,0.1630398704780657,0.1468976051470966,0.1084358001110493,0.112811610095926,0.1274733820854172,0.1096007448702225,0.1106165065157122
256,256.0,0.121115501175833,0.164982973340293,0.1472322287577648,0.1074766532100108,0.1120495088960383,0.1275775678678092,0.1097118902912545,0.1098536764609961
257,257.0,0.1211056281485787,0.1667006403953488,0.1475422948260157,0.106612601353423,0.1113379029469592,0.1277314110416355,0.1098254936592121,0.1091440276288267
258,258.0,0.121021520283913,0.1681614738475174,0.1477536290336438,0.1058060108495242,0.1106420940772164,0.128296054494838,0.1099034084398408,0.1084158089735061
259,259.0,0.1208722591376876,0.1693769572192978,0.147874808218099,0.1050596099648167,0.1099678691643055,0.1292206867976268,0.1099488328407994,0.1076789766573669
260,260.0,0.1207246761789325,0.1703888824497171,0.147972459619266,0.1044042555109342,0.1093492238263785,0.1301659450949565,0.109993973420751,0.1070005838990641
261,261.0,0.1205215998863245,0.1711782463345251,0.1485157957587717,0.1038081566232511,0.1087575467932342,0.1308863960757448,0.110009167389915,0.1063230911382332
262,262.0,0.120270610356175,0.1717594113694349,0.1494548148013874,0.1032713487340244,0.108196058004726,0.131397315961838,0.1099972574696786,0.1056531833027355
263,263.0,0.1199787581809732,0.1721472604758041,0.1502663728027166,0.1027931455090175,0.107667228210992,0.1321897366337694,0.1099609478349009,0.1049965503518261
264,264.0,0.1196526152465435,0.1723570303052066,0.1509542344860089,0.1023722520638421,0.1071728633602757,0.1332301812088333,0.1099028251031674,0.1043579982261224
265,265.0,0.1193378330971139,0.1724239116065255,0.1516018129441572,0.1020266268744471,0.1067339411262631,0.1342496766171996,0.1098451323309715,0.1037810654033219
266,266.0,0.1189968977839792,0.1723417615737063,0.1525623919403908,0.1017324365212989,0.1063295436237741,0.1350424943629563,0.1097686406042316,0.1032258335896627
267,267.0,0.1186714070991709,0.1721440914017556,0.153474907528172,0.1015052659855689,0.105978048915946,0.1358012396475551,0.1096937812969343,0.102731258124897
268,268.0,0.1182226729359797,0.1718263138642773,0.1542444611823235,0.1013225690488437,0.1056595657283621,0.1368614061773092,0.1096030238181794,0.1022599872447249
269,269.0,0.1177831268479129,0.1714081091062483,0.1549419931682128,0.101187290836801,0.1053773954907617,0.137965675943072,0.1095012094266266,0.1018351991803645
270,270.0,0.1173553907650062,0.1709027617016381,0.1555663627754751,0.1010951875357604,0.1051297029425232,0.1390036493109193,0.1094913916334653,0.1014555533352123
271,271.0,0.1169083882656825,0.1703064493290718,0.1565349761958865,0.1010253565724087,0.1048978432352583,0.1397870676256514,0.1094538435569873,0.1010860752190533
272,272.0,0.1164570232236555,0.1696440510753188,0.1573503484312678,0.1009851608450738,0.104693298791975,0.1403423084531888,0.1097889314885069,0.1007388776910132
273,273.0,0.1158665589339291,0.1699006228728587,0.1582487381968566,0.1009337611391497,0.1043760957814203,0.1405433607806993,0.1098553442372124,0.1002755180578739
274,274.0,0.1151597838421444,0.1708729616648464,0.1589605741646905,0.1007842535360162,0.1039620327667875,0.1407760462623237,0.1097701378597508,0.0997142099034405
275,275.0,0.1144783962222265,0.1718897909377032,0.1595883594514763,0.1006589575742216,0.1035758690433258,0.1409432644239469,0.1096720827510125,0.0991932795960873
276,276.0,0.113818299483663,0.1721978109235474,0.1591014032595573,0.1011732537335299,0.1031684787405714,0.1423638060269016,0.1095131671604361,0.0986637806717934
277,277.0,0.1130309105757108,0.172594565526139,0.1584254638446486,0.1015424066899726,0.1026720137156102,0.1444497977820532,0.1092269433679685,0.0980578984978971
278,278.0,0.1121810856774737,0.1732519037245761,0.1575798405852542,0.1018337306991471,0.1021560253825243,0.146251369804491,0.109313273005614,0.0974327711209194
279,279.0,0.1112828068955891,0.1741321999375404,0.1566817813460045,0.1020516706116686,0.1016267170830277,0.1481061444130816,0.1093233491879328,0.0967953305251551
280,280.0,0.1103520494086198,0.174756824076093,0.1556374932334866,0.1022047644768666,0.1010655053466641,0.1498470702580821,0.1100095513482494,0.0961267418519382
281,281.0,0.1093630164227853,0.1753177708035601,0.1548398149690061,0.1023552550427073,0.1005384817163696,0.1514303895886198,0.1106615798051261,0.0954936916518254
282,282.0,0.1084082596175265,0.1758046196062919,0.153961888976152,0.102491617418581,0.1000363188303567,0.1527490847981114,0.1113569013016539,0.0951913094513263
283,283.0,0.1073790370179179,0.1763169679493856,0.1529322169515645,0.1035076860580899,0.0994761008527794,0.1537087235216444,0.1118571235704296,0.0948221440781885
284,284.0,0.1069769818142454,0.1768597962053867,0.1518328864838426,0.1043592102224841,0.0988782262789201,0.1544678241851203,0.1122034038790068,0.0944216709309938
285,285.0,0.107061558897289,0.1770772889868485,0.150723246066135,0.1051388155483802,0.0982943234581933,0.1550818410682495,0.1125839458551092,0.094038980119795
286,286.0,0.1064728239841755,0.1774611437275015,0.1496297326412846,0.105853874751869,0.0977377921052034,0.1562401185905693,0.1129202005445758,0.0936843136548208
287,287.0,0.1058246752551882,0.1778603055863681,0.1484608961218065,0.1064029871443952,0.097161108032326,0.1578943627854478,0.1131044083854391,0.0932912566890289
288,288.0,0.1051828835916635,0.1780932190200168,0.1472518646586558,0.1074217883225596,0.0965902017249347,0.1594069937473355,0.1131680686854717,0.0928849802493621
289,289.0,0.1051084659552489,0.1786098231851599,0.1460166040050106,0.107856334976788,0.0963005185861924,0.1605157470602307,0.1131223226381265,0.0924701835932428
290,290.0,0.1049613022884992,0.1791484824745267,0.1450128143063521,0.1081337002570473,0.0959981779496634,0.161752937277265,0.1129597295375037,0.0920328559091424
291,291.0,0.1048509904528481,0.1796334665204408,0.1440239912554527,0.1083613873634861,0.0957293961080984,0.1630180676410423,0.1127614964456712,0.0916212042129602
292,292.0,0.1053216420407621,0.1801442651371851,0.1431045880258405,0.1084457984435016,0.0954498477804436,0.1638782164499845,0.1124628593013054,0.0911927828209769
293,293.0,0.105763449346051,0.1809824343711734,0.1421865359054094,0.1084143843886736,0.0951776231248885,0.1646175209870961,0.1120906092639176,0.0907674426127901
294,294.0,0.1062092714234154,0.1817545046175065,0.1413719822312349,0.1083335144632917,0.0949254934598217,0.1653604242371024,0.1116843846241764,0.0903604249434508
295,295.0,0.1066527013440222,0.1824583023264876,0.1408948812946734,0.1082075695899417,0.0946925288438238,0.1658721136159526,0.1112496192307784,0.08997228375432
296,296.0,0.1071356515256811,0.1838009080587975,0.1404497661955343,0.1071124012107269,0.0945015405940345,0.1665334047896687,0.1108391513888924,0.0896271762366643
297,297.0,0.1075573875403857,0.1853990363057885,0.1399885522812057,0.1060549682198769,0.0943036211829772,0.166834569639741,0.1103622397158176,0.0894996251142073
298,298.0,0.1078778785727716,0.1869265634922954,0.1395584143511344,0.1049637376109926,0.0941034662662754,0.1673554372113523,0.1098394945617509,0.0893750079334271
299,299.0,0.1081018841164127,0.1883772867719053,0.1389376427772051,0.1038523202651982,0.0939026197568924,0.1682948868139952,0.1092797632131947,0.0892535962851959
300,300.0,0.1082200331479677,0.1893841698662153,0.1384006204905979,0.1030805936698656,0.0936927610622703,0.1691006439040401,0.1090049541789706,0.0891162236800723
301,301.0,0.1082787534733372,0.1904285398326508,0.1378975188447985,0.1023038363407987,0.0935798834533861,0.1697932951728868,0.108727566845934,0.0889906060362076
302,302.0,0.1082811815787054,0.1914999503569372,0.1374280913568994,0.1016156849015973,0.093474527417055,0.1703755957635956,0.1084492604998391,0.0888757081253707
303,303.0,0.1082374694523781,0.1925977077307607,0.1370090464990879,0.1009433216732,0.0933855109809251,0.1708653933557482,0.1081827997277043,0.0887787505801955
304,304.0,0.1081510553355622,0.1934001351793002,0.1369516332311268,0.1002910850151974,0.093311687123531,0.1712666370474722,0.1079292613540486,0.0886985057137612
305,305.0,0.1081124416249157,0.1942238293971385,0.1369291457134166,0.099662690404481,0.0932518777092488,0.1715837726755687,0.1076894914064361,0.0885467510687944
306,306.0,0.108037413832568,0.1950631059095522,0.1369375363887117,0.0990612577250318,0.0932048894592111,0.1718216497614208,0.1074641208130398,0.0884100261104645
307,307.0,0.1079149597200287,0.1959079720267011,0.1371486327712568,0.0984800904747752,0.0931602774747217,0.1718790504387007,0.1072397053326987,0.0882693117611168
308,308.0,0.1076098542049401,0.196614743218866,0.1372023369911238,0.0977827983051477,0.0929784482536502,0.171836313629452,0.107989432912699,0.087986072484121
309,309.0,0.1083891684158871,0.1971180735308199,0.1371396647747531,0.0970156165550008,0.092695448879941,0.1715271266992743,0.1085175255891926,0.087597375555131
310,310.0,0.1089029652848117,0.1974155329779379,0.136947993796974,0.0961701050232157,0.0923086328934301,0.1714433541488327,0.1088007749303172,0.0880106409444805
311,311.0,0.1094080158454413,0.1976341446223574,0.1367855335635267,0.0953802304373812,0.0919431719926132,0.1713200304695389,0.1090872463047548,0.0884416267643863
312,312.0,0.1098716947208655,0.1978649556343051,0.1366367628512455,0.0946341030976936,0.0915934729023957,0.1711552316355379,0.1093666404198962,0.0888771387380602
313,313.0,0.1102764300149548,0.1981046744024393,0.1364658132967967,0.0939262734149874,0.0912532667950183,0.1710524458659801,0.109624759854291,0.0892963363555324
314,314.0,0.1106217538960358,0.1981038202191557,0.1362737655704075,0.0932588325019584,0.0909241863967542,0.1710121955127041,0.1098600895178529,0.0899453563851313
315,315.0,0.1109322920622102,0.198041993370332,0.1360740753912775,0.0926454847885751,0.0906137096077114,0.1708515890697584,0.110266299221483,0.0905745564886524
316,316.0,0.1112214801125958,0.1979291749933326,0.1358988943273719,0.0920934856366512,0.0903296120395024,0.1706724394732388,0.11066222435035,0.091192689066957
317,317.0,0.1114641709343653,0.1978508607174279,0.1357353281558563,0.0915900250596087,0.0900659991847506,0.1704722949734925,0.1110388365496661,0.0917824844248326
318,318.0,0.111661309757958,0.1978085354239319,0.1355832122571044,0.0911346450136278,0.0898231393046065,0.1702549371097884,0.111393981594342,0.092340239538641
319,319.0,0.1118363863183006,0.1977310792166677,0.1354533757245,0.0907375442077344,0.089606612181247,0.1700294872779956,0.1117314812302312,0.0928740338433233
320,320.0,0.1119822214699722,0.1976983904773938,0.1353664708128557,0.0903930484229076,0.0894176696057164,0.1696991324520391,0.1120587016913918,0.0933843650677234
321,321.0,0.1120860104988027,0.1977069800506338,0.1352890789411764,0.0900922068631287,0.0892486093207846,0.1693622703164142,0.1123600342578385,0.093854809751221
322,322.0,0.1121497455907299,0.1977564514515932,0.1350281277638455,0.0898330752534617,0.0890988400662267,0.1692149342817372,0.1126347607593636,0.0942840648330421
323,323.0,0.1121611391471103,0.1978423043597419,0.1347480611434232,0.0896062460942848,0.0889603880741725,0.169156993887471,0.1128679952860163,0.0946568720077797
324,324.0,0.1121417888591801,0.1979032918983737,0.1344604592803918,0.0894189961687634,0.0888373970488279,0.1690049630588098,0.1130649886850019,0.0951681150006514
325,325.0,0.112145137046921,0.1978098935416619,0.1341927048383044,0.0892943272691229,0.0887592633670121,0.1688189990721512,0.1133262282171672,0.0956534466476591
326,326.0,0.1122764280860358,0.1974369178947611,0.1338937991040957,0.08935540659625,0.0886721596289999,0.1688124456961414,0.1134932803915392,0.0960595626021767
327,327.0,0.1123730507317434,0.197111962715434,0.1336090025575665,0.0894439580741962,0.088599740042483,0.1688073401068466,0.1136342324383418,0.0964207133333882
328,328.0,0.1128528967533902,0.1968370469372879,0.1333392420413323,0.0895558387690187,0.0885410052861364,0.1683866668127805,0.1137500297478232,0.0967372736522305
329,329.0,0.1133095918699543,0.1966166359205887,0.1329293712032025,0.0896968410133423,0.0885014196317603,0.167883278880459,0.1138547687343679,0.0972080927463247
330,330.0,0.1136838559549265,0.196291902703484,0.1326839958367145,0.08983452829313,0.0884539891084618,0.1675686647444492,0.1138773619274936,0.0976057014313401
331,331.0,0.1139593389125056,0.1959267987386275,0.1325913102544447,0.0899592968760489,0.0883953956456003,0.1670389597725263,0.1142046457573751,0.0979242540428713
332,332.0,0.114383486018834,0.1954295163132373,0.1325150105780428,0.0900930261826866,0.0883465919414851,0.1665242980691708,0.114509306351045,0.0981987645454981
333,333.0,0.1147627417182425,0.1948095647021467,0.1324537642981348,0.0902330259320538,0.0884920437846921,0.1662035320632753,0.114614892371921,0.0984304351295334
334,334.0,0.1147199559207911,0.194201882391995,0.1323857446155564,0.0903744839803964,0.088641299482703,0.1663750396418718,0.1146922203978405,0.0986093735688455
335,335.0,0.1146422295173528,0.1936770669707886,0.132259900529511,0.0906149082725765,0.0887133935287598,0.1665766252294555,0.1147595845614171,0.0987562913901383
336,336.0,0.1145256701427036,0.1932273051210382,0.1321459979155097,0.0908536931873087,0.0887849111304598,0.1667900052407744,0.1148067936741956,0.0988656235880097
337,337.0,0.1143928591552437,0.1928028358573424,0.1320498258083322,0.0910944589690347,0.0888610389120657,0.1670147885112639,0.1148383132280499,0.0989458795586672
338,338.0,0.1142467498261287,0.1924053746137328,0.131970572878368,0.0913345998732377,0.088940554577771,0.1672475868823022,0.1148553969833339,0.0989991643651255
339,339.0,0.1140901330828152,0.1920361952006368,0.1319073397371953,0.0915717769786281,0.0890223241825086,0.1674852708601238,0.1148593176823518,0.0990276422757402
340,340.0,0.1139256258341562,0.191696161229134,0.1318591567373467,0.0918039148940331,0.0891053046363279,0.1677249750442724,0.1148513524237401,0.0990335092009892
341,341.0,0.1137556622031729,0.1913857584947801,0.1318250006946884,0.0920291961592974,0.0891885450497825,0.1679641003722736,0.1148327694558478,0.0990189675701569
342,342.0,0.1135824874644075,0.1911051279012039,0.1318038104739277,0.0922460536267823,0.0892711870227744,0.1682003134764623,0.114804816379282,0.0989862036551595
343,343.0,0.1133893574835447,0.1909042238535464,0.1317882357309223,0.0924468954374305,0.0893461983154596,0.1684284106160975,0.1147655769035953,0.0989311016594032
344,344.0,0.1131789675575093,0.1907803668099421,0.1317774601562954,0.092630904229788,0.0894131813739106,0.1686467171617228,0.1147163668089412,0.0988560359018903
345,345.0,0.1128373819015146,0.1906963048637192,0.131706313578604,0.0928416820401036,0.0895032566212278,0.1688695228224135,0.1146997117574572,0.0988458264149598
346,346.0,0.1125325948310582,0.190329712564036,0.1316601475701204,0.0930553460452421,0.0896056101956889,0.1692365015310288,0.1147395784982589,0.0988405087645663
347,347.0,0.1122236616401559,0.189864112015031,0.1316137445715537,0.0932462898232147,0.0896948095663798,0.1698248986913856,0.1147160179111743,0.0988164657811046
348,348.0,0.111907295821833,0.1894752448393456,0.1315699442128704,0.0934172278599308,0.0897736300609431,0.170393249052577,0.1146852458238109,0.0987781623286888
349,349.0,0.111607572150598,0.189000156467195,0.1313931967090799,0.0935894189812551,0.0900256580124532,0.1709447963533995,0.1146694586838068,0.0987697426422121
350,350.0,0.1113054239721518,0.1884376272960337,0.1312199694858351,0.0939080622292586,0.0902624750155509,0.1714691003526262,0.1146478902807502,0.0987494513677932
351,351.0,0.1109920906725911,0.1879543582393355,0.1312145431683125,0.0941913286421708,0.0904754074983296,0.1718654844032023,0.1146102592163471,0.0986965281597108
352,352.0,0.1106700282001636,0.1875503590890431,0.1311849171693224,0.0944386826042784,0.0906637024106759,0.1723216083974751,0.1145576776067937,0.0986130245222475
353,353.0,0.1103670422188483,0.1871820530209952,0.1311637243362738,0.0946678148631569,0.0908413689485376,0.1727475557881267,0.1145039799782489,0.0985264608458122
354,354.0,0.1100688939562441,0.1868956367369567,0.131145212953202,0.094870575774989,0.0910000127924331,0.1731395245977623,0.1144472547450466,0.0984328884433657
355,355.0,0.1099761864810942,0.1866924476842298,0.1309682212019104,0.0950575290118603,0.0911464098597217,0.1734059714225788,0.1143986780890136,0.0983545562495909
356,356.0,0.1099034503635286,0.186522871804694,0.1307994854104983,0.0952256482752056,0.0912807279777863,0.1736407771419563,0.114350719099586,0.0982763199267445
357,357.0,0.1098494158289646,0.1863852435398256,0.130639867340892,0.0953751357697438,0.0914028318603688,0.173844757809245,0.1143037955999978,0.0981989522509621
358,358.0,0.1098128437756233,0.1863246420886003,0.1303183351461642,0.0955100336000229,0.0917050749400871,0.1739222126541855,0.114266754771181,0.0981401030241354
359,359.0,0.1097782860218717,0.1863337209161097,0.1300041781860109,0.0956201523248217,0.0919863101163313,0.173969757830148,0.1142290144065874,0.0980785801981189
360,360.0,0.1097584741278759,0.1863676589684429,0.1297039963107718,0.095713162373734,0.0922521195339803,0.1739920067543687,0.1141931197655386,0.0980194621652875
361,361.0,0.1099444393189078,0.1864236309425943,0.129419393830708,0.0957898445138592,0.092501387674717,0.1739912665627794,0.1139669375297829,0.0979630996266509
362,362.0,0.1101225250763541,0.1864952452796159,0.1291298881489545,0.0958401793736009,0.0927223906437513,0.1738755039462356,0.1137375783101762,0.0980766892213112
363,363.0,0.1103080664976099,0.1865834872021725,0.1288584582564311,0.0958760951393666,0.0929255417355297,0.1737422844337755,0.113514184601944,0.0981918821331704
364,364.0,0.1104984626020818,0.1866858115324852,0.12860601087314,0.0958986745628961,0.09311059462686,0.1734060066648324,0.1132983937910311,0.0984960453466731
365,365.0,0.1106913239604033,0.1867997867864751,0.1283731722219908,0.095909025484178,0.0932775086088737,0.1730601505634986,0.1130916034958149,0.0987974288787653
366,366.0,0.1109431264599993,0.1865858647174753,0.1283411504809926,0.0959375927574205,0.0934557539458788,0.1727189076950921,0.1129047567387432,0.099112847204398
367,367.0,0.1111926720379927,0.1863824933400581,0.1283274275782996,0.0959558761128184,0.0936160220871293,0.1723764315110453,0.1127289299796134,0.0994201473530429
368,368.0,0.1114376909307638,0.1861906512988396,0.1283303108591084,0.0959647211086021,0.0937585080707882,0.1720362701047626,0.1125647794862226,0.0997170681409125
369,369.0,0.1116761856179072,0.186011104080612,0.1283481108722606,0.0959649831307752,0.0938835652527779,0.1715129143672475,0.1124127791369308,0.1001903575414885
370,370.0,0.1119064235731141,0.1858444176752585,0.1283791579443905,0.095957517856477,0.0939916859414456,0.1709997286097531,0.112273233920821,0.1006478344787399
371,371.0,0.111839969396801,0.1856657804335575,0.1282908603209366,0.0958122160901554,0.0939525260012944,0.1714756940177233,0.1120100489914961,0.1009529047480354
372,372.0,0.1116410880384302,0.1852760394323374,0.1280948529457822,0.095704422319347,0.0937800225926982,0.1727348898013769,0.1116470852615269,0.1011215996085009
373,373.0,0.1113157292855604,0.185041954416111,0.1277914520046533,0.0963909004542241,0.0934873024136853,0.1736296357796673,0.1111998725666063,0.1011431530794921
374,374.0,0.1109130990789983,0.1847490604281798,0.1282596051698772,0.0969161302871167,0.0931117213538085,0.1742833871371083,0.1106959619918807,0.1010710345530304
375,375.0,0.1102061151405008,0.1835398012155432,0.1287491525940013,0.0979671590523847,0.0928111009706905,0.1749486156492255,0.1107169433045903,0.1010611120730634
