,Unnamed: 0,Generation,Intertwine_two,Add_vertex,Delete_vertex,Invert_path_vertices,Insert_inside_vertex,Delete_inside_vertex,Replace_inside_vertex,Donate_between_routes,Merge_terminals,Trim_one_terminal_cb,Trim_one_path_random_cb,Grow_one_terminal_cb,Grow_one_path_random_cb
0,0.0,0.0,0.07692307692307689,0.07692307692307689,0.07692307692307689,0.07692307692307689,0.07692307692307689,0.07692307692307689,0.07692307692307689,0.07692307692307689,0.07692307692307689,0.07692307692307689,0.07692307692307689,0.07692307692307689,0.07692307692307689
1,1.0,0.10900000000000001,0.07977944501049251,0.07701121265694999,0.07645880805901016,0.07693222048501028,0.07672979873612104,0.07767866558368351,0.07617711374571533,0.073471512330874,0.07240483698529145,0.08021143093475618,0.07705756848212231,0.07957172816369391,0.07651565882627887
2,2.0,0.31601,0.08298131807641192,0.0775160923038675,0.07718177125242995,0.0760953973406029,0.07777669711527317,0.0777418559034887,0.07402908369762161,0.07043561167598196,0.06830150755199256,0.08221681034760142,0.07714172147442304,0.08175446992790977,0.07682766333239502
3,3.0,0.6191589000000001,0.08622616389520606,0.07737150724823097,0.0772416133020315,0.07649272096483913,0.07710474573004654,0.07765907420392379,0.07305987518964512,0.067569935917128,0.06378260926564489,0.08546313945005726,0.07624988569436594,0.08568644133781808,0.07609228780106231
4,4.0,1.015801321,0.0881785917765126,0.07706230273796727,0.07809385982312414,0.07567632334222252,0.0782162048770086,0.07703329306521746,0.0714361353586953,0.06485329396369746,0.0590639332348867,0.09014281944098718,0.07594308383431846,0.08937883642946878,0.07492132211589314
5,5.0,1.50262148669,0.09020793795839607,0.07848665404049833,0.08018222787543364,0.07477071046419244,0.07793179667318784,0.07601578607608964,0.07016763702825204,0.061413598373159864,0.05489696014456026,0.09339962805950623,0.07550208287204133,0.09302034844627213,0.0740046319884098
6,6.0,2.0757334209441005,0.09390298194043754,0.07872230505152934,0.07951584555045298,0.07607401332366186,0.07738751922911662,0.07580529667742471,0.06726260973946441,0.05944814949996732,0.05056428755908655,0.09705355187438015,0.07575476262150047,0.09556042255724895,0.07294825437572874
7,7.0,2.7307768275633495,0.09755959357975154,0.07822901193224571,0.08083730584928045,0.0750575813630388,0.07763301309550233,0.07503043665681945,0.06561062918132043,0.05613053735013927,0.046601791002327336,0.10038115846101553,0.07529186803842207,0.09820348033501043,0.07343359315512633
8,8.0,3.4630081252450404,0.09877863586934202,0.0780951178272086,0.080807311061557,0.07401106385112634,0.07728597829598934,0.07409171208537393,0.06452648310121299,0.05245311856239872,0.043214151840233826,0.10622778847781197,0.07635091580384847,0.10045562456648902,0.07370209865740751
9,9.0,4.2673862119061114,0.10091868161102222,0.07772739091297037,0.08231079897067702,0.07404367187860393,0.07680860508699604,0.07334833634373587,0.06182208342805889,0.050901563519961335,0.0396075051587716,0.10971701408575978,0.07686941280455718,0.10340957520640974,0.07251536099247581
10,10.0,5.138652627782014,0.10313716833447506,0.07817768036807979,0.0828870515482904,0.0737686481032709,0.07664545305833542,0.07273104435533499,0.05958420837157738,0.04840544460021331,0.03695498540092738,0.11363893522238507,0.07540114999968303,0.10673748917468236,0.07193074146274471
11,11.0,6.071405875792507,0.10361299490310807,0.07957672315279489,0.083668630634633,0.07349062037816616,0.07569458775195632,0.07304701563331042,0.05691904858822887,0.04691439830358414,0.03407275474613795,0.1172267949980896,0.07452811516666553,0.10919897163866638,0.07204934410465844
12,12.0,7.060169740244025,0.10427535804739001,0.07896013989968183,0.08526176784291148,0.07124029142264554,0.07631728909321189,0.07249648811833963,0.053816723098363405,0.04664135387179996,0.03168926701023762,0.12127284815100398,0.07515059544533408,0.11119408642409469,0.0716837915749857
13,13.0,8.099455520847952,0.10612790790506306,0.07975812797146967,0.08535186111426085,0.06902773970464855,0.07557577224112368,0.07391756695132258,0.052713193923234154,0.045605530500168696,0.029143024565357684,0.12614221589271993,0.07414721760332496,0.1128567163367922,0.0696331252905138
14,14.0,9.183818168183006,0.10789544175974239,0.07871852447342816,0.0858987698976474,0.06758498624382923,0.07617768990650947,0.0740234082724084,0.05166723477610465,0.045551136595269576,0.027266569577561982,0.13042240143507972,0.07217048700287707,0.11446317393022687,0.06816017612931495
15,15.0,10.307906369102724,0.10964457888053351,0.07769179798740017,0.08590064081310904,0.0670169664305664,0.07628825892685326,0.07603945234643857,0.05023477703819731,0.04459993008087472,0.025611637502107445,0.1348241622514462,0.06912811525645692,0.11684881642617924,0.06617086605983712
16,16.0,11.466506686239443,0.11111885910994206,0.07791488096217661,0.08723147553602723,0.06445975174517823,0.07468571423643361,0.07371464143024183,0.04848222693732866,0.04578848480291084,0.024095464194354252,0.14135249122094645,0.06846975072525863,0.11876911510328664,0.06391714399591487
17,17.0,12.654581904800096,0.11439690800314323,0.07670736977890978,0.08697324963984614,0.06247900539877213,0.0747751235754211,0.0743047387932428,0.04701056431876499,0.04591639849500805,0.022551803284146306,0.14676595393158853,0.06614101502685758,0.12028129632848471,0.061696573425814596
18,18.0,13.867303782456686,0.11626567885412761,0.07684137988154871,0.08601255764267565,0.06146001473555925,0.07306794277142317,0.0740380389234833,0.04610510541366033,0.04639051682798466,0.022723360812566467,0.14878829613439154,0.06472787884518072,0.11982126681938227,0.06375796233801628
19,19.0,15.100080434523047,0.11623024782909692,0.07748738836185246,0.08505400844151181,0.060767748694822134,0.07207314737144489,0.07458525512610241,0.044640126802005874,0.04622411529510099,0.021612795637615048,0.1532152637052464,0.06464434242894637,0.11995983186338889,0.06350572844286576
20,20.0,16.348578617037543,0.11571469811823654,0.07921953207729603,0.08328646559902815,0.058396601428604006,0.07007181466080024,0.07308053931587541,0.04306355086683878,0.04638311149929986,0.02069715902378262,0.15795115628775025,0.06645403644072949,0.12285953729041743,0.06282179739134117
21,21.0,17.608741195130214,0.11560289454364787,0.08243058027609616,0.08381209844894477,0.057857589919505674,0.06885290634918181,0.07245059279660503,0.041210938075320516,0.045113154878032184,0.020696646558854073,0.1584169147988423,0.0678976968660559,0.12474958438096603,0.060908402107947686
22,22.0,18.876800103462312,0.11666231874121265,0.0834524110651449,0.08264206806195552,0.05583245751102661,0.06617814284114418,0.07225270574871567,0.04122191280750966,0.04697857777371008,0.020131740004847225,0.1617127012728535,0.06789010404721793,0.12483407274633822,0.06021078737832388
23,23.0,20.14928511992658,0.11695534828183608,0.08416644657432217,0.0835814356369232,0.05441853133713869,0.06479371342752074,0.07205759057050584,0.04063678215330411,0.04715379696301089,0.01972200670619259,0.16301846631851122,0.06967923758355138,0.12395090831261413,0.05986573613456902
24,24.0,21.423028783545156,0.12053123158198265,0.08535460443127467,0.08397804755114038,0.0525507577341103,0.06229434020672202,0.07185859582422491,0.03979026387786894,0.04629256014613827,0.020380444722598028,0.16717991535347446,0.06873870769573392,0.12337262704592188,0.05767790382880967
25,25.0,22.695167792966423,0.11951689950227504,0.08700749583437956,0.08456887735211298,0.05273285436767612,0.05923657302841518,0.07251961162669354,0.038452970709611276,0.0457243632921902,0.02023725824310606,0.1684779815038777,0.06830920789022824,0.1279577136297406,0.055258193019693605
26,26.0,23.963141223515898,0.1195822203811123,0.08546046941103966,0.0857111895579254,0.05656640746000201,0.058831840640163675,0.0731173717238823,0.03720686564245628,0.04433385097716683,0.02020601782913223,0.17020178165471278,0.06682534335762955,0.12663059514221758,0.055326046222559516
27,27.0,25.224685898775267,0.12206731629922048,0.08344352276152632,0.08461777395824178,0.05627648302250933,0.0567319670606747,0.07271528592140522,0.03643166701257717,0.04406277776648256,0.020275841278264463,0.1735408442293695,0.06774251889527279,0.128231633094391,0.05386236870006475
28,28.0,26.477829247520948,0.12166794916227401,0.08272891937801505,0.0844974260337249,0.054561519359409644,0.05586620517202002,0.0708026739986295,0.03539077324874864,0.0421603457780808,0.020435923969700825,0.17806428371367664,0.06847057952115546,0.13074191207724692,0.05461148858731775
29,29.0,27.720879968916847,0.12087945475424938,0.08072195073198288,0.08398705732875009,0.05491467199917646,0.05352932313336395,0.0697987890466685,0.03416890924240589,0.04174711028338071,0.02088141465644838,0.18373103784143663,0.069431876006351,0.13175349902878958,0.054454905946996736
30,30.0,28.95241681848399,0.11982634468687726,0.08256448263389164,0.08202819390503124,0.053214347854743,0.05166113989153314,0.06814024859169933,0.03538543916256428,0.04101835332800004,0.021188344174220042,0.1883845076496923,0.06940527026024533,0.13297080671889905,0.054212521142603484
31,31.0,30.17127581490958,0.11882856459008621,0.08217063713422107,0.0844747837428371,0.05164420865443009,0.05056590778416395,0.0655852238041266,0.0345869991519056,0.041714743898876666,0.02155269729847234,0.19461292516565357,0.07000029568433902,0.1305443342402423,0.05371867885064567
32,32.0,31.376536153543515,0.11946003663192606,0.08218311057796682,0.0828152142480605,0.04893266693290465,0.04837325508806063,0.06428017038217981,0.033298134565888066,0.041367008695781304,0.021965088137314685,0.20144103413412112,0.07163560647487528,0.12985099524182103,0.05439767888910028
33,33.0,32.567505096778625,0.11767800565278705,0.08187871760765143,0.08060591868341868,0.047926342752360435,0.045777592709853154,0.0622830659654396,0.034350030296433326,0.039769869724329616,0.022416589010899646,0.20535244824510657,0.07336148090869052,0.13223286976904566,0.05636706867398459
34,34.0,33.74370209472243,0.11923172420057374,0.08048106087022436,0.08256254184352649,0.04588317647367709,0.04406469254870045,0.05875757391412098,0.03413027290449728,0.03961580952763632,0.0231778180996118,0.20794687790257255,0.07369723300515703,0.13106231816102185,0.05938890054868038
35,35.0,34.90484237192463,0.12003534660374046,0.08047561848886958,0.0846271821171185,0.045408763171064674,0.04166652016423093,0.0562995697304304,0.03308352272959394,0.03813804003796512,0.02498440011991745,0.214013166502736,0.07289099288896851,0.12871784805727934,0.059659029388085365
36,36.0,36.05082019768737,0.11717960901330406,0.08074056112177172,0.0842924631567248,0.043974532828629766,0.03993433801603231,0.05378522395716555,0.03310614528261405,0.03754364103128632,0.025486525521676923,0.22299697378012182,0.07248015350881652,0.12900079013861754,0.0594790426432389
37,37.0,37.18169203889697,0.11457607417624427,0.07948477878735874,0.08535842707966967,0.04499730011096766,0.03940541881786802,0.05525102454443819,0.033852802585087,0.036843093150985606,0.02598357312804368,0.22883517519361263,0.07259829188078402,0.12479476492631404,0.05801927561862675
38,38.0,38.29765977559663,0.11415637245436654,0.07825015955805902,0.0874421002335189,0.045700021110217204,0.03907723930520653,0.05518027332327737,0.033319883920910086,0.03556355736791635,0.02647108024249332,0.23011846390655982,0.0740751655967697,0.12383168775426083,0.05681399522644465
39,39.0,39.399054140870355,0.1128255123900926,0.07684068422595967,0.08793383695128987,0.04404343761725339,0.03773738647712959,0.05541728390701232,0.032870288205059474,0.03601891156644223,0.02694512584307307,0.23424937602688414,0.07487454664985435,0.1238079735723771,0.05643563656757252
40,40.0,40.48631852820801,0.11275572554264351,0.07476064963246566,0.0885960754078214,0.04644782622044617,0.03784377982806481,0.05293367803064477,0.03211952836426368,0.03625063460967509,0.02740231562516411,0.23913919394186922,0.07502472827584337,0.1225387757129331,0.0541870888081654
41,41.0,41.55999329152982,0.11356245650615632,0.07504157478322915,0.09223383337333307,0.04657359752406074,0.036169043783607496,0.04970576419685713,0.03303040116188933,0.036196421736462134,0.02783976327279441,0.24441319068904402,0.07536407229905229,0.11819899211499438,0.0516708885585198
42,42.0,42.62070064560415,0.11400142998229985,0.07435085802619004,0.09235984550545252,0.04666453008621619,0.036306758778986585,0.05083060834726007,0.03378741758457565,0.03605662404084674,0.029064896109140627,0.24631503021076726,0.07363669818784169,0.11621851626252577,0.05040678687789723
43,43.0,43.669130257815,0.11333541103431938,0.07405544423242566,0.09320015887433326,0.04635836144622897,0.03591224537991267,0.04995658232802734,0.033689967814538604,0.03537753726894615,0.02944802187317461,0.24909754626360003,0.07470658336117432,0.11559758734651543,0.04926455277680378
44,44.0,44.70602560622662,0.11115760332823413,0.07298635543241667,0.09427679059472911,0.046187430640377454,0.03460410242155217,0.04889572350665887,0.03379492050662672,0.03479277185974368,0.02979835484207345,0.25382333921014,0.07423260578008102,0.11790018245415844,0.04754981942320847
45,45.0,45.73217116373481,0.11301259747885917,0.070646042929973,0.09491462746505398,0.045038733463596464,0.035102161151805894,0.049066063163973994,0.033706174505907835,0.03471300218708466,0.030115670965661673,0.2566515613408041,0.07501726482641216,0.1151586280724412,0.0468574724484261
46,46.0,46.748380453854836,0.1159881153100328,0.07191791933589052,0.09373754930026983,0.043156442141076175,0.03386203028479488,0.048511509611683164,0.03314607683718615,0.03451315271745785,0.030400098767234457,0.26200636142813377,0.07591338040389303,0.11002199653165588,0.04682536733069167
47,47.0,47.755485010424316,0.11171438741579737,0.0741553398828713,0.09303708129157578,0.04133081552939715,0.034794724255257134,0.050265287155252386,0.03261052816696477,0.03599892262085094,0.030652082800977618,0.270800684303886,0.07549321601893574,0.10351893552727431,0.04562799503095966
48,48.0,48.7543242612326,0.11331946685506654,0.07329960203806948,0.09912283679949348,0.04204783736536917,0.03360884472337549,0.05154336214672928,0.03210242908209588,0.03626523402205657,0.03155989379698044,0.26824242532931236,0.07461308984678143,0.0984696596409575,0.045805318353712536
49,49.0,49.745736344347726,0.11531859244732638,0.07057850403286732,0.10116131723003742,0.040346624096490896,0.034109297139515986,0.050548752392628106,0.03162411561489292,0.03609116633791921,0.0317425331811338,0.2716181492772325,0.07466025951312172,0.09750368737547466,0.044697001361359255
50,50.0,50.730549855707864,0.1153539992882107,0.06944849384519024,0.10130605259532038,0.03871206591353554,0.03454322283452339,0.04919205714890514,0.03117739233826133,0.03739180179697313,0.03188948329506048,0.271158093304883,0.07374211039501904,0.09898811177577112,0.047097115468346676
51,51.0,51.70957651737491,0.11293497682123954,0.06737535844862891,0.10456752280857574,0.03715384288974037,0.035314702339406895,0.04816698258951739,0.030763567465910285,0.036628236247095124,0.032573271051284935,0.2780218693225816,0.07290870721474398,0.09706388580974497,0.04652707699153043
52,52.0,52.68360474770151,0.11320447618198799,0.06758179403182504,0.1061836771351108,0.03567990373942731,0.03453212313040407,0.04856998154676069,0.03038348940613524,0.03760660608847215,0.03264956258339716,0.275965530193264,0.07354805210338897,0.09424374272357691,0.049851061136249854
53,53.0,53.65339410751842,0.11001447009842502,0.06955344131093688,0.10788601412181989,0.03565203737291419,0.03587671682301765,0.047364485824232444,0.030037584258276347,0.03800218197862426,0.032691729336464186,0.27208436879409365,0.07481379863106216,0.09657135663821785,0.04945181481191563
54,54.0,54.61967059027847,0.10448457811245324,0.07121453859285161,0.10620555034981406,0.03543921933260505,0.03715102856668051,0.049627153264745726,0.029725893782620583,0.03767456774403808,0.03311482041629156,0.2739804723738457,0.07225119331980308,0.09955136620533571,0.04957961793891529
55,55.0,55.58312271885972,0.1058116702113226,0.0713460549996692,0.10504909702367009,0.034958550613196124,0.03815571426049116,0.049097519543131844,0.02944811341670419,0.03691489371995718,0.03309360171808476,0.2727820282788472,0.07625560581277048,0.09594957147129923,0.05113757893085616
56,56.0,56.544398407394254,0.10643158433021466,0.07115043920215507,0.10773219873724445,0.03515973402930669,0.03894825659908027,0.04767741094439925,0.029203629953212393,0.04277416986405873,0.03304356887251779,0.2680682890292694,0.07486968970128136,0.09460411406967424,0.05033691466758595
57,57.0,57.504102543001395,0.10841801210170385,0.0713690950891182,0.1118168608615445,0.03407063652714947,0.03854162972255207,0.04709456964598478,0.028991558536537655,0.04202114387671871,0.03296810362278234,0.2679554653682782,0.07376839213446351,0.09225763273396145,0.05072689977920551
58,58.0,58.462795239617805,0.10485054467270644,0.07253791468948206,0.11202087427487172,0.03304974240993648,0.03969238959556454,0.04949100113160161,0.02918036584575218,0.042192516622853074,0.03287050386179261,0.26612518783085004,0.07374012271872366,0.09292013059911397,0.05132870574675187
59,59.0,59.42099071417639,0.10777764138766159,0.07356353685165845,0.11255113190160902,0.03210044028034542,0.04081744675597586,0.050982715299114065,0.02902586031295928,0.04230074299056639,0.03275395903828393,0.26307636831145453,0.07500325105305902,0.08848075513810896,0.0515661506792037
60,60.0,60.379156734137354,0.11101517757915398,0.07359935905051128,0.11378926469253292,0.031225063960910016,0.0400467600744079,0.053098740227902355,0.02970786398246454,0.042394695456293895,0.03262152910674328,0.2591037547575289,0.07500182418620047,0.0853680910129439,0.05302787591240678
61,61.0,61.337714584760846,0.11005149215909131,0.07606193547290746,0.1104214958800002,0.03042497463380905,0.04077942723737551,0.05391702334313114,0.029594403118261014,0.04144528328387283,0.032476126877289256,0.2554710525821733,0.07753587786775543,0.08615545273964104,0.05566545480469267
62,62.0,62.29703950447439,0.1078980502592913,0.07657606374469235,0.11001030253355823,0.031933317685272106,0.03986879281944626,0.05480642035669196,0.02949634430929523,0.04047635949585514,0.033621561860790204,0.2528588883701961,0.07854056605313685,0.08602319236171016,0.057890140150064245
63,63.0,63.257461537171835,0.11055554673897147,0.07568261061962749,0.10955399629705312,0.03170246171331412,0.041160196861071266,0.054605089298144664,0.029413127938133072,0.04073634419289006,0.034009242814734865,0.25033924332198954,0.07825367543483495,0.08407860412999274,0.05990986063924279
64,64.0,64.21926675122782,0.1120953316824971,0.07933571838592281,0.10504514140521201,0.03200017997637795,0.04082195704443497,0.055196800516006006,0.0293441019247058,0.04036243201610738,0.033810501476862376,0.24900511801396913,0.0777386121258887,0.08537575908445258,0.05986834634756334
65,65.0,65.18269877636592,0.11479503018102287,0.07796288588022178,0.10641961302752005,0.03176963252079394,0.04160940412216088,0.0546094621810313,0.029288537493374196,0.039782808425805546,0.033593529258008514,0.2515232764216556,0.07631001725052411,0.08364456015108515,0.05869124308679625
66,66.0,66.14796061122655,0.11524652316655777,0.07462650827096697,0.10567166758809732,0.03175843088428744,0.04359507581353167,0.05376945688536913,0.029245644130242013,0.038792670507396924,0.03336231896845996,0.255294779579719,0.07843987112090052,0.08132081206968231,0.05887624101478918
67,67.0,67.11521665648885,0.113510660988368,0.07096430400521334,0.10779976598810809,0.03125591327692658,0.04587884906205106,0.05211217773846144,0.029214583662120628,0.03837546178101836,0.03312060651818166,0.2529171544068605,0.08099208857513532,0.08321514720446312,0.06064328679309213
68,68.0,68.08459493066005,0.1144107789179564,0.06850024432512691,0.10747194871021884,0.03079108829753255,0.045731731003173653,0.0531474664457882,0.03161707686533925,0.03758347718383159,0.03421924880598231,0.252924598368213,0.08247423688909214,0.08152923194594323,0.05959887224180208
69,69.0,69.05618942810752,0.11553858757141577,0.07027855210897516,0.10564088727249185,0.031835820430208835,0.04461184824445336,0.055917571235044226,0.03158281586454845,0.03688054525343359,0.03395318377453343,0.25061692742425656,0.0857539833342222,0.07951409711510041,0.05787518037131636
70,70.0,70.03006258152917,0.11293647762603336,0.07023628010581465,0.10802412054672539,0.031954847047504065,0.04615067212324132,0.05519341020744034,0.03233112558777209,0.0359619192095517,0.0336741934084841,0.252028828926577,0.08439532256301732,0.07871583830014159,0.05839696434769724
71,71.0,71.00624779379335,0.11332412873141018,0.07235176240091573,0.10636788513871613,0.03305119648321217,0.04517674706759633,0.055177771812054535,0.03226581757847288,0.03507553657796248,0.033386360144954864,0.24962378799494514,0.0877116777172575,0.07647882223817247,0.060008506114329764
72,72.0,71.98475200689319,0.11303853815071996,0.07050332736264106,0.10870940112199216,0.03281846259400882,0.04394487304592403,0.0534085873703294,0.03218438219431887,0.03422703684375256,0.033093446606329006,0.24838205599608637,0.08996412188239919,0.08030222860224588,0.059423538229252865
73,73.0,72.96555827861411,0.11583152372360138,0.0685920567239803,0.11039510953730872,0.03330207106786208,0.042696737695959726,0.054770576541012646,0.03208924652663707,0.03342111671452611,0.032798889955502446,0.24845709671010135,0.08860622585953412,0.08097383773753664,0.05806551120643759
74,74.0,73.94862834037681,0.11492379035368372,0.06723784533967175,0.10950220470647042,0.03294097550034221,0.042741457118962455,0.05427943644716184,0.031982731960457075,0.032661577431077046,0.03250580007020351,0.25783953426201756,0.0863621026297928,0.08022344505283,0.05679909912732983
75,75.0,74.93390511255946,0.11598312383544128,0.06554279735773128,0.10998485829248876,0.03411521935270933,0.046568707130529435,0.05442682873226132,0.032681439437049674,0.031951376301662116,0.032216961172732435,0.2524722652342521,0.0856370002837436,0.08430665337940471,0.054112769489994196
76,76.0,75.92131515639825,0.1138127995985864,0.06346127768842759,0.10869529110661516,0.034841434048282126,0.04527561269969223,0.05509803404955141,0.03369488720209849,0.03129268152217206,0.031934836553281144,0.2593963929838649,0.08619212774026365,0.08359813365509296,0.0527064911520721
77,77.0,76.91077104428919,0.11929635598459934,0.06414790189227365,0.10317504368029118,0.034792240748696794,0.04516505086360207,0.05472948700271504,0.03354009612751914,0.030686929405409288,0.031661576030242174,0.2584617530651758,0.08424820896244914,0.08788441964580403,0.052210936591222556
78,78.0,77.90217363294813,0.11751480219490494,0.062480181954194434,0.09778412154671899,0.03513396282808333,0.043828513351690676,0.052578160625475226,0.033365383199122536,0.03427252896272626,0.03139902579920468,0.2630269618036787,0.0844783207121261,0.09049215471615242,0.05364588230592193
79,79.0,78.89541422641172,0.12324807300119016,0.061847450522812146,0.09502455435889348,0.03473775840626934,0.043045514392094045,0.05206905426325007,0.03317448773157437,0.03391905986631478,0.031148740333278885,0.26166483133869367,0.08360232937918971,0.09320686223688887,0.05331128416955075
80,80.0,79.89037661826481,0.12228355381623673,0.05911374303776174,0.0920227331492988,0.03713157334229379,0.041708007243359664,0.055820070753098326,0.03297093693346528,0.03339425908568322,0.030911996010612883,0.26055095614939994,0.08274405684869145,0.09532250313347301,0.05602561049662541
81,81.0,80.88693900474995,0.12324730116774672,0.05826043989093379,0.0886430330642524,0.03835509793136318,0.040387170737065124,0.057203620242077785,0.03275803184583244,0.03288799579225798,0.03068980616010735,0.26082751557131856,0.08343392976650708,0.09623112456735301,0.05707493326318483
82,82.0,81.88497576253909,0.12048253937208027,0.056999669408380076,0.09141091590652096,0.03788015392537573,0.0399580852686796,0.0590416049381874,0.03253883694850456,0.03240347887025268,0.0304829372330513,0.25835110208312484,0.08730147714519679,0.09738431559687005,0.055764883303776
83,83.0,82.88435908692391,0.12298996941078644,0.05401623240251204,0.0935615655070225,0.03866288822904188,0.03879659761071594,0.05899451997124563,0.03231617317142442,0.033214842871596505,0.03029192582637034,0.25520414984058104,0.08628716098447631,0.09828760847583175,0.05737636569839546
84,84.0,83.88496048800103,0.1277237650492799,0.05227166020993471,0.09301390341307755,0.03812063331657324,0.037571982971131714,0.057709644814061704,0.03209261404033806,0.033596766187851644,0.030117096302093777,0.2578548811422891,0.08387191556118784,0.09359913781418029,0.06245599917800074
85,85.0,84.88665214409042,0.12654565986101146,0.05312988408739407,0.09563804135626235,0.037551397562185736,0.03712842775508648,0.05988342976863602,0.03187048468195695,0.03400634606107967,0.02995857876722393,0.25229820144964615,0.08334647994779143,0.09141491532300443,0.06722815337872165
86,86.0,85.88930811312994,0.12664941206085065,0.05081815930412361,0.09980759833955798,0.037623122280917035,0.03599705777273221,0.06168485916953069,0.03165186341259438,0.03534262205176488,0.02981632719816883,0.25336290607308887,0.0805028554168167,0.0889314392160172,0.06781177770383731
87,87.0,86.89280540413424,0.12617115909960702,0.051730375150623696,0.10326203505975323,0.03701784751899431,0.03491885421088605,0.06202359838191827,0.032234373384826265,0.034898697083899345,0.02969013751403755,0.25419628325152976,0.08315230034730406,0.08540834122336532,0.06529599777325548
88,88.0,87.89702491199675,0.12383740502088145,0.05139664618403736,0.10849448178241888,0.03640292175807392,0.036210327593756975,0.059580260681777915,0.03202007965208097,0.03508629464070964,0.029579665423179025,0.2517154184610301,0.0813083738338358,0.08781349091370161,0.06655463405451673
89,89.0,88.90185221995306,0.12088394716863289,0.051470299757382695,0.11365533342187774,0.03991304460017399,0.03754293981874637,0.05795420687448175,0.0318070144960894,0.03484549049501001,0.029484443887174562,0.24650137673128694,0.0786681159909918,0.09118910512935281,0.06608468162879945
90,90.0,89.90717827491419,0.11541211158213181,0.05070558423331898,0.11493069403825805,0.04016555866374932,0.03723519669689563,0.05695020619328719,0.031597185710736095,0.036872395276432685,0.0294039000658988,0.242779237471606,0.07917543736217723,0.09821070292158234,0.06656178978392625
91,91.0,90.91289994163006,0.11136205348815542,0.051645668868063974,0.11492520185747038,0.03993525527935596,0.03894490237271172,0.05859195878439324,0.03139236794681075,0.03787605988625228,0.029337371626091627,0.23950624124995853,0.08126029085015982,0.09975610188309345,0.06546652590748324
92,92.0,91.91892044225806,0.1132416617342156,0.05143718529656686,0.11438588127198655,0.039213986945971016,0.039156592045679485,0.060344782448204154,0.033258018054245934,0.03788669658960308,0.029284122314004256,0.23532196183567783,0.0827852158010277,0.09785206454889192,0.06583183111392599
93,93.0,92.92514968840067,0.11442145559490124,0.052634673186128085,0.11490043093006484,0.03911839801986386,0.038228135998661185,0.06271174618644698,0.03304700417340265,0.037347737632887214,0.02924335670998558,0.2374815608470429,0.08397319399809205,0.09336894771401462,0.06352335900850913
94,94.0,93.93150451304501,0.11249323051557719,0.05386320789505971,0.12022786340847944,0.038803447682790676,0.0373102441963581,0.06271688567283461,0.03282662163890967,0.036789197195514066,0.02921423409926891,0.2402783791321833,0.08596676091515976,0.08807651802799725,0.061433409619867624
95,95.0,94.93790881009448,0.11467078872456753,0.05678689279490881,0.11856740227138951,0.03803290971448401,0.03799449894940678,0.06361250351012356,0.03260001114147689,0.03621861882992309,0.029195881408631226,0.2395351992881675,0.08462183858935593,0.08467080990782869,0.06349264486973683
96,96.0,95.94429358933806,0.11731452884975506,0.05672075300872591,0.11807682050423063,0.03972202877669024,0.03710526940227999,0.06618725859466483,0.03237006158237262,0.03564291211259198,0.029187405172970995,0.2390810440349094,0.0832526429218,0.08149530284248344,0.0638439721965252
97,97.0,96.9505969547639,0.12016883214034177,0.05849996522134882,0.1156724990517271,0.03892837654716458,0.03946840002096536,0.06377439543765556,0.035189406363355054,0.035068346945868065,0.029934933681833864,0.238290235703778,0.08271776572497724,0.08015593036212508,0.0621309127988598
98,98.0,97.9567640140995,0.11913211112195851,0.05672553599047376,0.11597156647958702,0.03812480577511984,0.039172392794238564,0.06314884076452613,0.037979922602605694,0.03574382631838817,0.029936031947574,0.23803938210706288,0.08319951489126748,0.07835713570289084,0.06446893350430741
99,99.0,98.96274672736057,0.11695294802742959,0.059805655903528536,0.11444990858068785,0.03732034402252838,0.04005396776997006,0.060232889506775474,0.03787143873817387,0.0351753751476451,0.029937660067264383,0.23934632567495068,0.0880979367812909,0.07807425569604856,0.06268129408370691
100,100.0,99.96850370202192,0.11531184152134197,0.06169085274826392,0.11360572476134848,0.036523125004970784,0.04091551834444417,0.05832051799459991,0.0375107232011617,0.035829949353206755,0.029939748774313085,0.24091521618946052,0.09010246033384288,0.07661880878417815,0.06271551298886797
101,101.0,100.97399994219691,0.11201811069090568,0.06180518698767701,0.11021056864390273,0.03574039663911924,0.0409029957344823,0.05591258904760142,0.03711097198583913,0.035556365165478776,0.029942231122913786,0.24765382592499402,0.0908165642127514,0.07700264832821468,0.06532754551612012
102,102.0,101.97920655893245,0.10975416205447032,0.061567709871739124,0.11074261279363803,0.03497853714346165,0.039970771112045035,0.056412116102404625,0.03668008617219043,0.03499201052747751,0.02994504292542528,0.2521164633777281,0.09402825193283905,0.0737460070165078,0.06506622897007336
103,103.0,102.98410044840509,0.10844980676274707,0.06243304151858069,0.10652889129859246,0.03717116256979864,0.041003986956408306,0.05399365045494855,0.03622548807818469,0.0360962807765859,0.02994812311843137,0.25704078753696197,0.09124026161173453,0.07648467414997279,0.06338384516705338
104,104.0,103.98866394444643,0.10598610202504509,0.06370305172167583,0.10639688912126166,0.03719412706561368,0.04058755750683658,0.051346797205191794,0.03575409491279768,0.03648929053607344,0.029951414060952537,0.258035323138971,0.09124293774819116,0.08309402601739783,0.060218388939992054
105,105.0,104.99288445143917,0.1096065298809186,0.06418067740495961,0.1016147853987807,0.03775984938086278,0.04030606837008575,0.05028695733433948,0.035272300114821395,0.03622483030406894,0.029954861768612066,0.25915126761246277,0.09068120948616527,0.08563094287664072,0.059329720067282224
106,106.0,105.99675406321822,0.11586752029368629,0.06510571566817394,0.10012713186913931,0.03937048684501098,0.03952074695152457,0.05130966676394858,0.03478596179549452,0.03564813367717531,0.02995841608781952,0.2590281420369997,0.08671862528061715,0.08500399538926046,0.05755545734114997
107,107.0,107.0002691731872,0.11767448133901813,0.06246575491362201,0.10496148961548837,0.038897227996209115,0.038550919039391854,0.05058605958378724,0.03430039769014539,0.03507262537619928,0.029962030814228036,0.260784892470687,0.08232207604940733,0.0885901311625021,0.05583191394931446
108,108.0,108.0034300804274,0.11865943758025192,0.0611109024023392,0.10515016378017872,0.038287017911920435,0.03918164658379868,0.050097862077446424,0.03382038601842972,0.034503941651558866,0.03071263823648089,0.26180931881201325,0.07929340820340845,0.09177240242704182,0.055600874315131936
109,109.0,109.00624059613932,0.11802137381163479,0.05918527423276943,0.10572919736270323,0.03751120374727921,0.040158317731285156,0.048510442622114944,0.03335017165370132,0.036778288964787825,0.030708781505178927,0.26539568384488266,0.07552343937149014,0.09312799066192555,0.05599983449024715
110,110.0,110.00870765431864,0.11606853377629132,0.06043032329671573,0.1012179981104469,0.037318472792243144,0.0414375910056172,0.048618150484539165,0.032893477008908746,0.03620933678331718,0.03069822263195537,0.26147075092696215,0.08201173358453596,0.0984073861796651,0.05321802341880235
111,111.0,111.01084093013685,0.11738061282967187,0.06069925330817422,0.09896668797540803,0.03793536109235709,0.04075889724045683,0.0488753137890523,0.03245351705850635,0.03563518645216042,0.030681737419734616,0.26012116440247307,0.08221330625297402,0.10195051149160855,0.052328450687422964
112,112.0,112.01265246907188,0.11546029413435818,0.060837975263942974,0.09706883472168845,0.037520237640483664,0.04091200410789727,0.04669471451853992,0.03203301793255912,0.03506209928959774,0.03066008335453859,0.2661903672865371,0.08057493240325629,0.1046258379882857,0.05235960135831533
113,113.0,113.01415632942268,0.11611829492986843,0.06085524658235586,0.09621293103646034,0.03683190461451358,0.041694797837047534,0.04512192597982828,0.031634238539881024,0.034495699850395356,0.030633993862316782,0.2709497896729046,0.07770428051927168,0.10450131834118762,0.05324557823396922
114,114.0,114.01536824044418,0.11305545766335141,0.059429684182732485,0.09779371598837011,0.03607088382423565,0.041534465081308654,0.04565677716771305,0.03125899470107193,0.035857704031859214,0.030604173380693985,0.2748855995226887,0.0751386218332517,0.10278578249434041,0.055928140128383
115,115.0,115.01630527795908,0.10961512553872879,0.061478548842526494,0.09905360080940179,0.036216309734938924,0.0405048488402217,0.04532629015907262,0.030908685299133026,0.03794505210799086,0.030571293213426533,0.27954814945981793,0.07073294535305033,0.10349075520386167,0.05460839543782961
116,116.0,116.0169855589429,0.112001967535817,0.06118517201334192,0.09816353844444897,0.036299135354751974,0.041384452100888966,0.048499139534792055,0.03058431998439668,0.03775864420039212,0.03053598813075156,0.27717977582582537,0.07055039028574367,0.10286383503245307,0.05299364155639688
117,117.0,117.01742795623892,0.11885114459310717,0.05850667360668081,0.09717083959374637,0.03557623889850109,0.04034207478503765,0.04836241442581447,0.030286548001290006,0.03739352334201882,0.030498853675036564,0.2792068740387448,0.06900189910789294,0.10449220909627352,0.050310706835856
118,118.0,118.01765183424293,0.12436900880708143,0.05547483585563942,0.09579242940605785,0.038578950878792505,0.03930051445292109,0.047817599737424166,0.03322492806797281,0.03677875323475506,0.0320165665771223,0.2784856775371901,0.06659251489471699,0.10154972489805011,0.050018495652276375
119,119.0,119.01767680610413,0.12677089949408857,0.05728684993546675,0.09303815208175774,0.03839551942605127,0.03827010500948697,0.0484918751036657,0.034127896145603714,0.037186906227625376,0.0319618323191466,0.27287138297406033,0.06702354636445274,0.10397540568048463,0.05059962923810979
120,120.0,120.01752251271817,0.12550467873328972,0.05897818205730215,0.09453657058415127,0.037662194622196866,0.0372600354603014,0.04798840587185846,0.03383819601704071,0.03728881311611598,0.03189295316377701,0.270549656253278,0.06427214940687521,0.10653270210960186,0.05369546260421156
121,121.0,121.01720842354362,0.1299682099949988,0.05752939379675571,0.09622174183018531,0.03794948715796146,0.03792398546249415,0.04836698129800111,0.033539083941163596,0.036648167519509396,0.03181203239230661,0.2641303779962467,0.0632963103397749,0.1084816322319061,0.05413259603869633
122,122.0,122.01675365905109,0.13063175136375027,0.05840711403379454,0.09450617376302602,0.03720703944366001,0.03761482038245761,0.047639790942186205,0.03323449223346256,0.03600510480736838,0.031721083374060176,0.2681584828869443,0.06351963399985895,0.10872636864185141,0.05262814412757976
123,123.0,123.0161768344173,0.12921190520414066,0.05976483751682623,0.0926973039720191,0.03709897899150617,0.03797890055663387,0.048530306318164795,0.032928014774197004,0.03536629731836778,0.03162201842389779,0.27116475206914836,0.06244557534186046,0.10983652171176975,0.051354587801468225
124,124.0,124.01549592390272,0.13023233408151474,0.05821581427617635,0.0920559656290032,0.03939325565224442,0.03771063244150054,0.04693990637637137,0.03262290491311603,0.03704395999432877,0.031516639784512655,0.26629653617275456,0.05901957010940972,0.11430619647027793,0.054646284098789924
125,125.0,125.01472814520056,0.12976916715180353,0.05787020375299415,0.09289524020133917,0.039534421978485494,0.03679820105220272,0.04556945336131072,0.03232207698901199,0.03844384043759508,0.03140663261122091,0.2643663358258126,0.05702146036247828,0.11658343907076588,0.05741952720497974
126,126.0,126.01388986291661,0.12568560915054006,0.05851909675128518,0.08999878218399227,0.03917927757367941,0.03590903079131265,0.04587480672191938,0.032028111087428236,0.03882960691750001,0.03129355982914614,0.2734020379422998,0.057371170097551855,0.11486549058295381,0.05704342037039149
127,127.0,127.0129965102319,0.12413497712847313,0.059286643258108854,0.08799680240911045,0.03838814473589727,0.03683761828308122,0.04419088165992628,0.03174326066512858,0.038150018307448394,0.03117885872698738,0.2821130621595883,0.05778551404760246,0.11268004545854737,0.05551417316010053
128,128.0,128.01206252771334,0.11846723284436426,0.06417936802992735,0.08795149856579379,0.037592243734534375,0.03643760579709153,0.04312984929317922,0.0314694626784076,0.03745688837532746,0.031063839147774625,0.28454078328831595,0.060581163397306306,0.11380772878561626,0.0533223360623615
129,129.0,129.0111013181695,0.12406752661568629,0.0641918954911377,0.0883360947309259,0.03680001039596243,0.035615622904974394,0.04137345037661335,0.03120834986357464,0.03675850255266534,0.0309496831350054,0.28161662355491746,0.06401110602570186,0.11050862809223518,0.054562506260600344
130,130.0,130.01012521639834,0.12065531812613206,0.062321958051516246,0.08774622073147038,0.037605873110751704,0.035570952420103885,0.039678956847937936,0.030961264831589234,0.036062370286742786,0.030837445892163046,0.2806117104053698,0.07037243466091465,0.11385763221252414,0.05371786242278441
131,131.0,131.0091454726403,0.11568745274450129,0.06772142321455939,0.08555239839509063,0.03698474165443458,0.034798896147143196,0.03972303686135089,0.030729275654486476,0.03554151292228031,0.030728057914683297,0.2795885073484723,0.07391700091212698,0.11180199591298963,0.057225700317881295
132,132.0,132.0081722485317,0.11814739048478994,0.06876220915852979,0.08623666344900946,0.037070473539237966,0.034238690506570926,0.03945024510867297,0.030513192638549128,0.03521010801238664,0.03062232815580469,0.2790343810633985,0.0731176257849826,0.10873699118635013,0.05885970091171752
133,133.0,133.00721462434865,0.11693301967029536,0.07149484233362847,0.08548922586875858,0.03819904563581082,0.033805915879430846,0.03902763096164035,0.030313585997820025,0.03455154769478209,0.030520948091255898,0.2800248875163165,0.07026413924426206,0.10902951092311446,0.06034570018288482
134,134.0,134.0062806163404,0.11861296074621466,0.06973179133346945,0.08489315641571514,0.0378769196064438,0.033128008424297195,0.03987096006884168,0.030130804161185635,0.036603340902158776,0.030424496552249426,0.2823837818446652,0.07115228557530837,0.10620838723563379,0.058983107133817124
135,135.0,135.00537720296956,0.1176779215799236,0.0672045282820629,0.08582741501776597,0.03710508860477763,0.03248661163043394,0.04124254818003117,0.029964992466602825,0.03607800404624711,0.030333445201621106,0.29192176670548226,0.07052411690285472,0.1017046224171468,0.05792893896505032
136,136.0,136.00451035890612,0.11931988603188513,0.06905020069812495,0.08946727320771286,0.03633938981723031,0.03188448839965267,0.041201732095889815,0.02981611201681227,0.03544083592980376,0.030248164534039404,0.2895227963324662,0.07316798018079702,0.0970869119177647,0.057454228837821246
137,137.0,137.00368509565993,0.11908732162474123,0.07165249296023692,0.09019356199221543,0.035586867010265415,0.03132373260795299,0.04062958114134648,0.029683958491832647,0.03481297626570671,0.03016893028787548,0.2945215553319655,0.07104465842104704,0.09614991280752916,0.05514445105728533
