,Unnamed: 0,Total_iterations,Intertwine_two,Add_vertex,Delete_vertex,Invert_path_vertices,Insert_inside_vertex,Delete_inside_vertex,Replace_inside_vertex,Donate_between_routes
0,0.0,0.0,0.125,0.125,0.125,0.125,0.125,0.125,0.125,0.125
1,1.0,1.0,0.125,0.125,0.125,0.125,0.125,0.125,0.125,0.125
2,2.0,2.0,0.125,0.125,0.125,0.125,0.125,0.125,0.125,0.125
3,3.0,3.0,0.125,0.125,0.125,0.125,0.125,0.125,0.125,0.125
4,4.0,4.0,0.125,0.125,0.125,0.125,0.125,0.125,0.125,0.125
5,5.0,5.0,0.125,0.125,0.125,0.125,0.125,0.125,0.125,0.125
6,6.0,6.0,0.125,0.125,0.125,0.125,0.125,0.125,0.125,0.125
7,7.0,7.0,0.125,0.125,0.125,0.125,0.125,0.125,0.125,0.125
8,8.0,8.0,0.125,0.125,0.125,0.125,0.125,0.125,0.125,0.125
9,9.0,9.0,0.125,0.125,0.125,0.125,0.125,0.125,0.125,0.125
10,10.0,10.0,0.125,0.125,0.125,0.125,0.125,0.125,0.125,0.125
11,11.0,11.0,0.125,0.125,0.125,0.125,0.125,0.125,0.125,0.125
12,12.0,12.0,0.125,0.125,0.125,0.125,0.125,0.125,0.125,0.125
13,13.0,13.0,0.125,0.125,0.125,0.125,0.125,0.125,0.125,0.125
14,14.0,14.0,0.125,0.125,0.125,0.125,0.125,0.125,0.125,0.125
15,15.0,15.0,0.125,0.125,0.125,0.125,0.125,0.125,0.125,0.125
16,16.0,16.0,0.125,0.125,0.125,0.125,0.125,0.125,0.125,0.125
17,17.0,17.0,0.125,0.125,0.125,0.125,0.125,0.125,0.125,0.125
18,18.0,18.0,0.125,0.125,0.125,0.125,0.125,0.125,0.125,0.125
19,19.0,19.0,0.125,0.125,0.125,0.125,0.125,0.125,0.125,0.125
20,20.0,20.0,0.125,0.125,0.125,0.125,0.125,0.125,0.125,0.125
21,21.0,21.0,0.125,0.125,0.125,0.125,0.125,0.125,0.125,0.125
22,22.0,22.0,0.125,0.125,0.125,0.125,0.125,0.125,0.125,0.125
23,23.0,23.0,0.125,0.125,0.125,0.125,0.125,0.125,0.125,0.125
24,24.0,24.0,0.125,0.125,0.125,0.125,0.125,0.125,0.125,0.125
25,25.0,25.0,0.125,0.125,0.125,0.125,0.125,0.125,0.125,0.125
26,26.0,26.0,0.125,0.125,0.125,0.125,0.125,0.125,0.125,0.125
27,27.0,27.0,0.125,0.125,0.125,0.125,0.125,0.125,0.125,0.125
28,28.0,28.0,0.125,0.125,0.125,0.125,0.125,0.125,0.125,0.125
29,29.0,29.0,0.125,0.125,0.125,0.125,0.125,0.125,0.125,0.125
30,30.0,30.0,0.125,0.125,0.125,0.125,0.125,0.125,0.125,0.125
31,31.0,31.0,0.125,0.125,0.125,0.125,0.125,0.125,0.125,0.125
32,32.0,32.0,0.125,0.125,0.125,0.125,0.125,0.125,0.125,0.125
33,33.0,33.0,0.125,0.125,0.125,0.125,0.125,0.125,0.125,0.125
34,34.0,34.0,0.125,0.125,0.125,0.125,0.125,0.125,0.125,0.125
35,35.0,35.0,0.125,0.125,0.125,0.125,0.125,0.125,0.125,0.125
36,36.0,36.0,0.125,0.125,0.125,0.125,0.125,0.125,0.125,0.125
37,37.0,37.0,0.125,0.125,0.125,0.125,0.125,0.125,0.125,0.125
38,38.0,38.0,0.125,0.125,0.125,0.125,0.125,0.125,0.125,0.125
39,39.0,39.0,0.125,0.125,0.125,0.125,0.125,0.125,0.125,0.125
40,40.0,40.0,0.125,0.125,0.125,0.125,0.125,0.125,0.125,0.125
41,41.0,41.0,0.125,0.125,0.125,0.125,0.125,0.125,0.125,0.125
42,42.0,42.0,0.125,0.125,0.125,0.125,0.125,0.125,0.125,0.125
43,43.0,43.0,0.125,0.125,0.125,0.125,0.125,0.125,0.125,0.125
44,44.0,44.0,0.125,0.125,0.125,0.125,0.125,0.125,0.125,0.125
45,45.0,45.0,0.125,0.125,0.125,0.125,0.125,0.125,0.125,0.125
46,46.0,46.0,0.125,0.125,0.125,0.125,0.125,0.125,0.125,0.125
47,47.0,47.0,0.125,0.125,0.125,0.125,0.125,0.125,0.125,0.125
48,48.0,48.0,0.125,0.125,0.125,0.125,0.125,0.125,0.125,0.125
49,49.0,49.0,0.125,0.125,0.125,0.125,0.125,0.125,0.125,0.125
50,50.0,50.0,0.125,0.125,0.125,0.125,0.125,0.125,0.125,0.125
51,51.0,51.0,0.125,0.125,0.125,0.125,0.125,0.125,0.125,0.125
52,52.0,52.0,0.125,0.125,0.125,0.125,0.125,0.125,0.125,0.125
53,53.0,53.0,0.125,0.125,0.125,0.125,0.125,0.125,0.125,0.125
54,54.0,54.0,0.125,0.125,0.125,0.125,0.125,0.125,0.125,0.125
55,55.0,55.0,0.125,0.125,0.125,0.125,0.125,0.125,0.125,0.125
56,56.0,56.0,0.125,0.125,0.125,0.125,0.125,0.125,0.125,0.125
57,57.0,57.0,0.125,0.125,0.125,0.125,0.125,0.125,0.125,0.125
58,58.0,58.0,0.125,0.125,0.125,0.125,0.125,0.125,0.125,0.125
59,59.0,59.0,0.125,0.125,0.125,0.125,0.125,0.125,0.125,0.125
60,60.0,60.0,0.125,0.125,0.125,0.125,0.125,0.125,0.125,0.125
61,61.0,61.0,0.125,0.125,0.125,0.125,0.125,0.125,0.125,0.125
62,62.0,62.0,0.125,0.125,0.125,0.125,0.125,0.125,0.125,0.125
63,63.0,63.0,0.125,0.125,0.125,0.125,0.125,0.125,0.125,0.125
64,64.0,64.1,0.125,0.125,0.125,0.125,0.125,0.125,0.125,0.125
65,65.0,65.1,0.125,0.125,0.125,0.125,0.125,0.125,0.125,0.125
66,66.0,66.1,0.125,0.125,0.125,0.125,0.125,0.125,0.125,0.125
67,67.0,67.1,0.125,0.125,0.125,0.125,0.125,0.125,0.125,0.125
68,68.0,68.2,0.125,0.125,0.125,0.125,0.125,0.125,0.125,0.125
69,69.0,69.2,0.125,0.125,0.125,0.125,0.125,0.125,0.125,0.125
70,70.0,70.2,0.125,0.125,0.125,0.125,0.125,0.125,0.125,0.125
71,71.0,71.2,0.125,0.125,0.125,0.125,0.125,0.125,0.125,0.125
72,72.0,72.2,0.125,0.125,0.125,0.125,0.125,0.125,0.125,0.125
73,73.0,73.2,0.125,0.125,0.125,0.125,0.125,0.125,0.125,0.125
74,74.0,74.2,0.125,0.125,0.125,0.125,0.125,0.125,0.125,0.125
75,75.0,75.2,0.125,0.125,0.125,0.125,0.125,0.125,0.125,0.125
76,76.0,76.2,0.125,0.125,0.125,0.125,0.125,0.125,0.125,0.125
77,77.0,77.2,0.125,0.125,0.125,0.125,0.125,0.125,0.125,0.125
78,78.0,78.2,0.125,0.125,0.125,0.125,0.125,0.125,0.125,0.125
79,79.0,79.2,0.125,0.125,0.125,0.125,0.125,0.125,0.125,0.125
80,80.0,80.2,0.125,0.125,0.125,0.125,0.125,0.125,0.125,0.125
81,81.0,81.2,0.125,0.125,0.125,0.125,0.125,0.125,0.125,0.125
82,82.0,82.2,0.125,0.125,0.125,0.125,0.125,0.125,0.125,0.125
83,83.0,83.2,0.125,0.125,0.125,0.125,0.125,0.125,0.125,0.125
84,84.0,84.2,0.125,0.125,0.125,0.125,0.125,0.125,0.125,0.125
85,85.0,85.2,0.125,0.125,0.125,0.125,0.125,0.125,0.125,0.125
86,86.0,86.2,0.125,0.125,0.125,0.125,0.125,0.125,0.125,0.125
87,87.0,87.2,0.125,0.125,0.125,0.125,0.125,0.125,0.125,0.125
88,88.0,88.2,0.125,0.125,0.125,0.125,0.125,0.125,0.125,0.125
89,89.0,89.2,0.125,0.125,0.125,0.125,0.125,0.125,0.125,0.125
90,90.0,90.2,0.125,0.125,0.125,0.125,0.125,0.125,0.125,0.125
91,91.0,91.2,0.125,0.125,0.125,0.125,0.125,0.125,0.125,0.125
92,92.0,92.2,0.125,0.125,0.125,0.125,0.125,0.125,0.125,0.125
93,93.0,93.2,0.125,0.125,0.125,0.125,0.125,0.125,0.125,0.125
94,94.0,94.2,0.125,0.125,0.125,0.125,0.125,0.125,0.125,0.125
95,95.0,95.2,0.125,0.125,0.125,0.125,0.125,0.125,0.125,0.125
96,96.0,96.3,0.125,0.125,0.125,0.125,0.125,0.125,0.125,0.125
97,97.0,97.3,0.125,0.125,0.125,0.125,0.125,0.125,0.125,0.125
98,98.0,98.3,0.125,0.125,0.125,0.125,0.125,0.125,0.125,0.125
99,99.0,99.3,0.125,0.125,0.125,0.125,0.125,0.125,0.125,0.125
100,100.0,100.3,0.125,0.125,0.125,0.125,0.125,0.125,0.125,0.125
101,101.0,101.3,0.125,0.125,0.125,0.125,0.125,0.125,0.125,0.125
102,102.0,102.3,0.125,0.125,0.125,0.125,0.125,0.125,0.125,0.125
103,103.0,103.3,0.125,0.125,0.125,0.125,0.125,0.125,0.125,0.125
104,104.0,104.3,0.125,0.125,0.125,0.125,0.125,0.125,0.125,0.125
105,105.0,105.3,0.125,0.125,0.125,0.125,0.125,0.125,0.125,0.125
106,106.0,106.3,0.125,0.125,0.125,0.125,0.125,0.125,0.125,0.125
107,107.0,107.3,0.125,0.125,0.125,0.125,0.125,0.125,0.125,0.125
108,108.0,108.3,0.125,0.125,0.125,0.125,0.125,0.125,0.125,0.125
109,109.0,109.3,0.125,0.125,0.125,0.125,0.125,0.125,0.125,0.125
110,110.0,110.3,0.125,0.125,0.125,0.125,0.125,0.125,0.125,0.125
111,111.0,111.3,0.125,0.125,0.125,0.125,0.125,0.125,0.125,0.125
112,112.0,112.3,0.125,0.125,0.125,0.125,0.125,0.125,0.125,0.125
113,113.0,113.3,0.125,0.125,0.125,0.125,0.125,0.125,0.125,0.125
114,114.0,114.3,0.125,0.125,0.125,0.125,0.125,0.125,0.125,0.125
115,115.0,115.3,0.125,0.125,0.125,0.125,0.125,0.125,0.125,0.125
116,116.0,116.3,0.125,0.125,0.125,0.125,0.125,0.125,0.125,0.125
117,117.0,117.3,0.125,0.125,0.125,0.125,0.125,0.125,0.125,0.125
118,118.0,118.3,0.125,0.125,0.125,0.125,0.125,0.125,0.125,0.125
119,119.0,119.3,0.125,0.125,0.125,0.125,0.125,0.125,0.125,0.125
120,120.0,120.3,0.125,0.125,0.125,0.125,0.125,0.125,0.125,0.125
121,121.0,121.3,0.125,0.125,0.125,0.125,0.125,0.125,0.125,0.125
122,122.0,122.3,0.125,0.125,0.125,0.125,0.125,0.125,0.125,0.125
123,123.0,123.3,0.125,0.125,0.125,0.125,0.125,0.125,0.125,0.125
124,124.0,124.3,0.125,0.125,0.125,0.125,0.125,0.125,0.125,0.125
125,125.0,125.3,0.125,0.125,0.125,0.125,0.125,0.125,0.125,0.125
126,126.0,126.3,0.125,0.125,0.125,0.125,0.125,0.125,0.125,0.125
127,127.0,127.3,0.125,0.125,0.125,0.125,0.125,0.125,0.125,0.125
128,128.0,128.3,0.125,0.125,0.125,0.125,0.125,0.125,0.125,0.125
129,129.0,129.3,0.125,0.125,0.125,0.125,0.125,0.125,0.125,0.125
130,130.0,130.4,0.125,0.125,0.125,0.125,0.125,0.125,0.125,0.125
131,131.0,131.4,0.125,0.125,0.125,0.125,0.125,0.125,0.125,0.125
132,132.0,132.4,0.125,0.125,0.125,0.125,0.125,0.125,0.125,0.125
133,133.0,133.4,0.125,0.125,0.125,0.125,0.125,0.125,0.125,0.125
134,134.0,134.4,0.125,0.125,0.125,0.125,0.125,0.125,0.125,0.125
135,135.0,135.4,0.125,0.125,0.125,0.125,0.125,0.125,0.125,0.125
136,136.0,136.4,0.125,0.125,0.125,0.125,0.125,0.125,0.125,0.125
137,137.0,137.4,0.125,0.125,0.125,0.125,0.125,0.125,0.125,0.125
138,138.0,138.4,0.125,0.125,0.125,0.125,0.125,0.125,0.125,0.125
139,139.0,139.4,0.125,0.125,0.125,0.125,0.125,0.125,0.125,0.125
140,140.0,140.4,0.125,0.125,0.125,0.125,0.125,0.125,0.125,0.125
141,141.0,141.4,0.125,0.125,0.125,0.125,0.125,0.125,0.125,0.125
142,142.0,142.4,0.125,0.125,0.125,0.125,0.125,0.125,0.125,0.125
143,143.0,143.4,0.125,0.125,0.125,0.125,0.125,0.125,0.125,0.125
144,144.0,144.4,0.125,0.125,0.125,0.125,0.125,0.125,0.125,0.125
145,145.0,145.4,0.125,0.125,0.125,0.125,0.125,0.125,0.125,0.125
146,146.0,146.4,0.125,0.125,0.125,0.125,0.125,0.125,0.125,0.125
147,147.0,147.4,0.125,0.125,0.125,0.125,0.125,0.125,0.125,0.125
148,148.0,148.4,0.125,0.125,0.125,0.125,0.125,0.125,0.125,0.125
149,149.0,149.4,0.125,0.125,0.125,0.125,0.125,0.125,0.125,0.125
150,150.0,150.4,0.125,0.125,0.125,0.125,0.125,0.125,0.125,0.125
151,151.0,151.4,0.125,0.125,0.125,0.125,0.125,0.125,0.125,0.125
152,152.0,152.4,0.125,0.125,0.125,0.125,0.125,0.125,0.125,0.125
153,153.0,153.4,0.125,0.125,0.125,0.125,0.125,0.125,0.125,0.125
154,154.0,154.4,0.125,0.125,0.125,0.125,0.125,0.125,0.125,0.125
155,155.0,155.4,0.125,0.125,0.125,0.125,0.125,0.125,0.125,0.125
156,156.0,156.4,0.125,0.125,0.125,0.125,0.125,0.125,0.125,0.125
157,157.0,157.4,0.125,0.125,0.125,0.125,0.125,0.125,0.125,0.125
158,158.0,158.4,0.125,0.125,0.125,0.125,0.125,0.125,0.125,0.125
159,159.0,159.5,0.125,0.125,0.125,0.125,0.125,0.125,0.125,0.125
160,160.0,160.5,0.125,0.125,0.125,0.125,0.125,0.125,0.125,0.125
161,161.0,161.5,0.125,0.125,0.125,0.125,0.125,0.125,0.125,0.125
162,162.0,162.5,0.125,0.125,0.125,0.125,0.125,0.125,0.125,0.125
163,163.0,163.5,0.125,0.125,0.125,0.125,0.125,0.125,0.125,0.125
164,164.0,164.5,0.125,0.125,0.125,0.125,0.125,0.125,0.125,0.125
165,165.0,165.5,0.125,0.125,0.125,0.125,0.125,0.125,0.125,0.125
166,166.0,166.5,0.125,0.125,0.125,0.125,0.125,0.125,0.125,0.125
167,167.0,167.5,0.125,0.125,0.125,0.125,0.125,0.125,0.125,0.125
168,168.0,168.5,0.125,0.125,0.125,0.125,0.125,0.125,0.125,0.125
169,169.0,169.5,0.125,0.125,0.125,0.125,0.125,0.125,0.125,0.125
170,170.0,170.5,0.125,0.125,0.125,0.125,0.125,0.125,0.125,0.125
171,171.0,171.5,0.125,0.125,0.125,0.125,0.125,0.125,0.125,0.125
172,172.0,172.5,0.125,0.125,0.125,0.125,0.125,0.125,0.125,0.125
173,173.0,173.5,0.125,0.125,0.125,0.125,0.125,0.125,0.125,0.125
174,174.0,174.5,0.125,0.125,0.125,0.125,0.125,0.125,0.125,0.125
175,175.0,175.5,0.125,0.125,0.125,0.125,0.125,0.125,0.125,0.125
176,176.0,176.5,0.125,0.125,0.125,0.125,0.125,0.125,0.125,0.125
177,177.0,177.5,0.125,0.125,0.125,0.125,0.125,0.125,0.125,0.125
178,178.0,178.5,0.125,0.125,0.125,0.125,0.125,0.125,0.125,0.125
179,179.0,179.5,0.125,0.125,0.125,0.125,0.125,0.125,0.125,0.125
180,180.0,180.5,0.125,0.125,0.125,0.125,0.125,0.125,0.125,0.125
181,181.0,181.5,0.125,0.125,0.125,0.125,0.125,0.125,0.125,0.125
182,182.0,182.5,0.125,0.125,0.125,0.125,0.125,0.125,0.125,0.125
183,183.0,183.5,0.125,0.125,0.125,0.125,0.125,0.125,0.125,0.125
184,184.0,184.5,0.125,0.125,0.125,0.125,0.125,0.125,0.125,0.125
185,185.0,185.5,0.125,0.125,0.125,0.125,0.125,0.125,0.125,0.125
186,186.0,186.5,0.125,0.125,0.125,0.125,0.125,0.125,0.125,0.125
187,187.0,187.5,0.125,0.125,0.125,0.125,0.125,0.125,0.125,0.125
188,188.0,188.5,0.125,0.125,0.125,0.125,0.125,0.125,0.125,0.125
189,189.0,189.5,0.125,0.125,0.125,0.125,0.125,0.125,0.125,0.125
190,190.0,190.5,0.125,0.125,0.125,0.125,0.125,0.125,0.125,0.125
191,191.0,191.5,0.125,0.125,0.125,0.125,0.125,0.125,0.125,0.125
192,192.0,192.5,0.125,0.125,0.125,0.125,0.125,0.125,0.125,0.125
193,193.0,193.5,0.125,0.125,0.125,0.125,0.125,0.125,0.125,0.125
194,194.0,194.5,0.125,0.125,0.125,0.125,0.125,0.125,0.125,0.125
195,195.0,195.5,0.125,0.125,0.125,0.125,0.125,0.125,0.125,0.125
196,196.0,196.5,0.125,0.125,0.125,0.125,0.125,0.125,0.125,0.125
197,197.0,197.5,0.125,0.125,0.125,0.125,0.125,0.125,0.125,0.125
198,198.0,198.5,0.125,0.125,0.125,0.125,0.125,0.125,0.125,0.125
199,199.0,199.6,0.12361111111111112,0.12361111111111112,0.12361111111111112,0.12361111111111112,0.12361111111111112,0.12361111111111112,0.12361111111111112,0.13472222222222224
200,200.0,200.6,0.12250000000000001,0.12250000000000001,0.12250000000000001,0.12250000000000001,0.12250000000000001,0.1325,0.12250000000000001,0.1325
201,201.0,201.6,0.12033359914938861,0.1294245082402977,0.12033359914938861,0.11928096757044124,0.12033359914938861,0.13948298777246143,0.12033359914938861,0.13047713981924508
202,202.0,202.6,0.1202020202020202,0.1292929292929293,0.1202020202020202,0.11916035353535352,0.12124368686868685,0.13936237373737376,0.1202020202020202,0.13033459595959596
203,203.0,203.6,0.1202020202020202,0.1292929292929293,0.1202020202020202,0.11916035353535352,0.12124368686868685,0.13936237373737376,0.1202020202020202,0.13033459595959596
204,204.0,204.6,0.1190909090909091,0.13818181818181818,0.1190909090909091,0.11804924242424242,0.12013257575757574,0.13714015151515152,0.1190909090909091,0.12922348484848484
205,205.0,205.6,0.11831339712918658,0.13649521531100478,0.11936602870813395,0.11620813397129186,0.11936602870813395,0.14453349282296651,0.11726076555023923,0.12845693779904305
206,206.0,206.6,0.11616693248272195,0.1419245082402977,0.1172195640616693,0.11406166932482723,0.1172195640616693,0.14087187666135034,0.11511430090377459,0.1374215842636895
207,207.0,207.6,0.11643499775078721,0.15293072424651372,0.11748762932973458,0.11432973459289246,0.11748762932973458,0.13076698155645522,0.12202204228520017,0.12854026090868195
208,208.0,208.6,0.12519230769230769,0.15161858974358972,0.11623397435897434,0.11310897435897434,0.11623397435897434,0.1295352564102564,0.12080128205128204,0.127275641025641
209,209.0,209.6,0.12428321678321679,0.1498004079254079,0.11532488344988345,0.12129079254079253,0.11532488344988345,0.1286261655011655,0.11989219114219112,0.12545745920745918
210,210.0,210.6,0.12352564102564104,0.15661858974358972,0.11456730769230768,0.11977564102564102,0.11560897435897433,0.12786858974358975,0.1180929487179487,0.12394230769230767
211,211.0,211.6,0.12233516483516482,0.15304716117216116,0.11337683150183149,0.11794413919413918,0.11441849816849814,0.14041437728937728,0.11635302197802196,0.12211080586080585
212,212.0,212.6,0.12220629885578338,0.15290755636116457,0.11323722669083494,0.11783675087798798,0.11529908236093803,0.14029625014161096,0.11625637249348589,0.12196046221819416
213,213.0,213.6,0.12208006279434849,0.16046310832025118,0.11310047095761382,0.11003924646781789,0.11514128728414441,0.14018053375196232,0.1161616954474097,0.1228335949764521
214,214.0,214.6,0.12208006279434849,0.16046310832025118,0.11310047095761382,0.11003924646781789,0.11514128728414441,0.14018053375196232,0.1161616954474097,0.1228335949764521
215,215.0,215.6,0.12262951334379904,0.16980376766091052,0.11364992150706436,0.11058869701726844,0.11671114599686025,0.13366562009419153,0.10956828885400313,0.12338304552590265
216,216.0,216.6,0.12195637695637696,0.1746148296148296,0.11296647796647794,0.10993617493617491,0.11599678099678098,0.1329242979242979,0.10892607392607392,0.12267898767898766
217,217.0,217.6,0.12135897435897433,0.1721025641025641,0.11235897435897435,0.10935897435897435,0.11535897435897435,0.13905128205128203,0.10835897435897435,0.12205128205128205
218,218.0,218.6,0.12082349581111958,0.17713061690784465,0.11181359482102056,0.10884329779131759,0.11478389185072353,0.13726580350342726,0.1078531987814166,0.12148610053313022
219,219.0,219.6,0.12045584875229602,0.17492473455490345,0.11144594776219703,0.10847565073249406,0.12029859773307647,0.13579521526813315,0.10748555172259307,0.12111845347430669
220,220.0,220.6,0.12045584875229602,0.17492473455490345,0.11144594776219703,0.10847565073249406,0.12029859773307647,0.13579521526813315,0.10748555172259307,0.12111845347430669
221,221.0,221.6,0.11874016247778622,0.17713061690784465,0.1097302614876872,0.10675996445798423,0.11825611407294576,0.13309913683676058,0.10576986544808327,0.130513878310908
222,222.0,222.6,0.11874016247778622,0.17713061690784465,0.1097302614876872,0.10675996445798423,0.11825611407294576,0.13309913683676058,0.10576986544808327,0.130513878310908
223,223.0,223.6,0.11844776481696753,0.18034699117685046,0.10943786382686851,0.10646756679716554,0.11767131875130832,0.1319295461934857,0.10547746778726455,0.1302214806500893
224,224.0,224.6,0.11844776481696753,0.18034699117685046,0.10943786382686851,0.10646756679716554,0.11767131875130832,0.1319295461934857,0.10547746778726455,0.1302214806500893
225,225.0,225.6,0.11818460692223068,0.17824172801895574,0.10917470593213166,0.10620440890242869,0.12214500296183464,0.13087691461453838,0.10521430989252771,0.12995832275535243
226,226.0,226.6,0.11818460692223068,0.17824172801895574,0.10917470593213166,0.10620440890242869,0.12214500296183464,0.13087691461453838,0.10521430989252771,0.12995832275535243
227,227.0,227.6,0.11794651168413543,0.1810988708760986,0.10893661069403641,0.10596631366433344,0.12143071724754892,0.12992453366215742,0.10497621465443248,0.1297202275172572
228,228.0,228.6,0.11773006146768523,0.1836962734735012,0.10872016047758622,0.10574986344788324,0.12078136659819827,0.12905873279635655,0.10475976443798225,0.129503777300807
229,229.0,229.6,0.11773006146768523,0.1836962734735012,0.10872016047758622,0.10574986344788324,0.12078136659819827,0.12905873279635655,0.10475976443798225,0.129503777300807
230,230.0,230.6,0.11773006146768523,0.18824172801895575,0.10872016047758622,0.10574986344788324,0.11623591205274372,0.12905873279635655,0.10475976443798225,0.129503777300807
231,231.0,231.6,0.11492959540583922,0.19201817244959335,0.10802237891099387,0.10596052324089078,0.11649391633815658,0.13883834814023072,0.10492959540583921,0.1188074701084562
232,232.0,232.6,0.11381848429472811,0.19090706133848223,0.10691126779988276,0.11484941212977966,0.11538280522704544,0.13661612591800848,0.1038184842947281,0.1176963589973451
233,233.0,233.6,0.11381848429472811,0.19090706133848223,0.10691126779988276,0.11484941212977966,0.11538280522704544,0.13661612591800848,0.1038184842947281,0.1176963589973451
234,234.0,234.6,0.11272823396534734,0.19199072405257972,0.10582101747050199,0.11285007089130798,0.11411139547737484,0.1431642155095763,0.10272823396534733,0.11660610866796432
235,235.0,235.6,0.11256156729868069,0.18982405738591307,0.10565435080383531,0.11268340422464132,0.11777806214404152,0.14249754884290966,0.10256156729868068,0.11643944200129766
236,236.0,236.6,0.11240772114483452,0.1916702112320669,0.10550050464998917,0.11252955807079516,0.11731652368250305,0.14188216422752503,0.10240772114483451,0.1162855958474515
237,237.0,237.6,0.1122652710023844,0.1896759092377649,0.10535805450753903,0.11238710792834503,0.11688917325515265,0.14131236365772448,0.10596897470608808,0.11614314570500137
238,238.0,238.6,0.1232801820172954,0.1870664816283373,0.10446820361768813,0.11073968128091838,0.11573477210075148,0.13851053585589668,0.10494684868396206,0.11525329481515048
239,239.0,239.6,0.12175182531652491,0.18814959391834613,0.1037040252673029,0.11702678498181518,0.11472428833164701,0.13609484809538133,0.10405951762421721,0.11448911646476523
240,240.0,240.6,0.12756589630300968,0.18920933877119445,0.10303963218911671,0.1152634908047279,0.11383001019598957,0.13398672633208714,0.10328018201729541,0.11382472338657905
241,241.0,241.6,0.1273508425395688,0.18748890866366755,0.1029321053073963,0.11515596392300746,0.11673323600244116,0.13355661880520542,0.10306512825385454,0.1137171965048586
242,242.0,242.6,0.1259222711109974,0.18701271818747706,0.1024559148312058,0.11372739249443604,0.12394935321855838,0.13879471404330065,0.10258893777766405,0.10554869833636045
243,243.0,243.6,0.12214701410993396,0.191957773132532,0.10190646428175525,0.1131779419449855,0.12285045211965728,0.13769581294439956,0.1020394872282135,0.1082250542385228
244,244.0,244.6,0.12196694120338594,0.1978008464882178,0.10182509723175473,0.11303077099061998,0.12136067261496224,0.13497769389155798,0.10079558453443146,0.10824239304506977
245,245.0,245.6,0.12134868421052632,0.20288377192982457,0.10222587719298244,0.11906798245614034,0.11995614035087718,0.1269736842105263,0.1000877192982456,0.10745614035087718
246,246.0,246.6,0.1195376559714795,0.20503230837789657,0.10120432263814616,0.12307932263814617,0.1212912210338681,0.12451091800356506,0.09902629233511587,0.10631795900178254
247,247.0,247.6,0.12390114379084967,0.20053513071895424,0.10042075163398692,0.1208251633986928,0.11982434640522874,0.12239787581699346,0.10109477124183006,0.11100081699346405
248,248.0,248.6,0.12390114379084967,0.20053513071895424,0.10042075163398692,0.1208251633986928,0.11982434640522874,0.12239787581699346,0.10109477124183006,0.11100081699346405
249,249.0,249.6,0.11783810775169172,0.19892399915292577,0.10019711320954498,0.1206337414690962,0.11924309586377506,0.12784744481985233,0.10361390260571582,0.11170259512739802
250,250.0,250.6,0.11737166796543178,0.20309771276931823,0.09968859473614006,0.12015678201105003,0.11810368006851864,0.12685051213467843,0.10291988725314687,0.1118111630617159
251,251.0,251.6,0.11701574569221626,0.20555407011289364,0.09929144385026736,0.11979055258467022,0.11843285799168153,0.1262314319667261,0.10257427213309567,0.11110962566844917
252,252.0,252.6,0.1169406706171412,0.20420271876154228,0.0992163687751923,0.11971547750959514,0.11805748261630615,0.12593113166642578,0.10497667453549805,0.11095947551829903
253,253.0,253.6,0.11588915470494418,0.2075956937799043,0.10437400318979266,0.11801036682615629,0.11737506645401381,0.1269710260499734,0.10429425837320574,0.10549043062200955
254,254.0,254.6,0.11401684155443552,0.2062639428240932,0.10385572447602523,0.11658397367043985,0.11947430389159712,0.13081997576358478,0.10374693602137211,0.10523830179845217
255,255.0,255.6,0.11401684155443552,0.2062639428240932,0.10385572447602523,0.11658397367043985,0.11947430389159712,0.13081997576358478,0.10374693602137211,0.10523830179845217
256,256.0,256.6,0.11369628909102594,0.20823157836315734,0.10348363624679413,0.11725290791080263,0.11883319896477791,0.13025102090891566,0.10342638355796249,0.1048249849565639
257,257.0,257.6,0.11361548101021786,0.2080598611914401,0.103352323115481,0.11714179679969153,0.11867158280316174,0.13016011181800655,0.10334557547715444,0.10565326778484671
258,258.0,258.6,0.11361548101021786,0.2080598611914401,0.103352323115481,0.11714179679969153,0.11867158280316174,0.13016011181800655,0.10334557547715444,0.10565326778484671
259,259.0,259.6,0.11434936350777933,0.20703009586672955,0.10374430300172874,0.11287521609303788,0.11842094923778093,0.13371247839069622,0.10323825239666821,0.1066293415055791
260,260.0,260.6,0.11865767359575408,0.20657268170426066,0.1030333185905941,0.11159885006634229,0.11797324192835028,0.1331435205661212,0.10286819991154354,0.10615251363703374
261,261.0,261.6,0.11752889505316691,0.20711858529819693,0.10238326398520572,0.11544151641239017,0.1175577901063338,0.1317325473878872,0.10252889505316687,0.10570850670365232
262,262.0,262.6,0.11745421245421243,0.20945054945054942,0.10226190476190475,0.11533882783882783,0.11586996336996336,0.13163919413919414,0.10245421245421245,0.10553113553113551
263,263.0,263.6,0.11497870692992644,0.2089392179636082,0.10021680216802165,0.11735965931087881,0.11473480449090205,0.12860240030971734,0.11156020131629889,0.1036082075106465
264,264.0,264.6,0.11294372294372294,0.20645021645021644,0.0986147186147186,0.11489177489177486,0.11311688311688309,0.132987012987013,0.11883116883116882,0.10216450216450215
265,265.0,265.6,0.11209783812412728,0.2074707496749964,0.09721170975973804,0.11365063315518317,0.11359478068274831,0.13576147142375655,0.11835668544465308,0.10185613173479702
266,266.0,266.6,0.11180951009995019,0.2092570765556629,0.09688744283169753,0.11333535095310854,0.11393456668291169,0.13523872373119755,0.11806835742047599,0.10146897172499551
267,267.0,267.6,0.12305661205989342,0.20878064898368423,0.1017335786080659,0.11310902296136094,0.11420499084362905,0.1384831497915993,0.09853641003969141,0.10209558671207561
268,268.0,268.6,0.12287545263960356,0.21059224318658282,0.10137125976748615,0.1129278635410711,0.11384267200304934,0.13812083095101962,0.09835525061940155,0.10191442729178575
269,269.0,269.6,0.12258774662512979,0.21321131879543093,0.10088161993769469,0.11261370716510903,0.11308047767393559,0.13734579439252337,0.09786552440290756,0.10241381100726894
270,270.0,270.6,0.1223163631859284,0.2156568190263842,0.1004217762913415,0.11324228911185434,0.11235816920599526,0.1366134027003592,0.09740090424873032,0.10199027622940667
271,271.0,271.6,0.1111372942086943,0.21550391382760745,0.1114309506032681,0.1131403523126698,0.11218827454068776,0.137445886560366,0.09733294638260731,0.10182038156409914
272,272.0,272.6,0.11002618309758316,0.21656671575997466,0.1092087283810459,0.1120292412015587,0.11107716342957666,0.1363347754492549,0.09404792222801794,0.11070927045298803
273,273.0,273.6,0.10900411645092496,0.21647882259584383,0.10724420969101818,0.11097381342062192,0.11067909041313295,0.1350101671378267,0.09288709517432922,0.1177226851163021
274,274.0,274.6,0.10889427014427014,0.21726225351225348,0.11126827001827003,0.11083120708120708,0.11118636993636992,0.1304431266931267,0.09264427014427012,0.11747023247023244
275,275.0,275.6,0.1088517531374674,0.21611429432858,0.11122575301146728,0.11078869007440435,0.11097378490235632,0.13218632397203828,0.09247420211705923,0.11738519845662701
276,276.0,276.6,0.09929619758191185,0.2070587387730245,0.11583686412257839,0.11089980118551548,0.11191822934680076,0.1321307684164827,0.09341864656150368,0.12944075401218255
277,277.0,277.6,0.09868081296652723,0.20690489261917833,0.11906763335334762,0.10997672426243854,0.1117643831929546,0.1310538453395596,0.09326480040765753,0.1292869078583364
278,278.0,278.6,0.09756970185541612,0.2057937815080672,0.11795652224223652,0.10886561315132744,0.11155417298274442,0.1390418333275476,0.09215368929654641,0.12706468563611417
279,279.0,279.6,0.09624232552803978,0.20489375560804132,0.12406245334816761,0.10725333653905081,0.11065414708271848,0.1372871065728208,0.0949573671002242,0.12464950822093676
280,280.0,280.6,0.09454975883547309,0.2056690413833271,0.12863769292340718,0.10556076984648413,0.10791822934680076,0.13454299882871307,0.10235570949856661,0.12076579933722789
281,281.0,281.6,0.09409158962730388,0.20666717541717544,0.12712221640793067,0.10391301819873244,0.10685141577998718,0.133552096052096,0.1088449909878481,0.11895749752892608
282,282.0,282.6,0.09335477481525695,0.2050023618940311,0.12610626958231475,0.10647762236746061,0.10608580057923969,0.13627082753478845,0.1082399340055733,0.11846240922133507
283,283.0,283.6,0.09266277137687406,0.20691813595464711,0.12515288259656784,0.10540929285297813,0.10623488624823096,0.13796347241954157,0.10766793133559438,0.11799062721556579
284,284.0,284.6,0.0914852809327346,0.20489343417621214,0.1270707884271264,0.10399386535020332,0.10512235817575082,0.14295060286234051,0.10724102588904057,0.11724264418659154
285,285.0,285.6,0.09042885383971913,0.2120418638778268,0.12977732864078015,0.10271333659833984,0.10411826503035027,0.139957736635518,0.10514966897123693,0.11581294640622875
286,286.0,286.6,0.08986881043484815,0.2130715406187104,0.12878877935481708,0.10182685239289009,0.10362421645440512,0.1386998326620968,0.10781669064687929,0.11630327743535289
287,287.0,287.6,0.08947736359501064,0.21189925542866717,0.13107112930642342,0.10125715243362302,0.10336038688979861,0.13941583470995234,0.10737460796284322,0.11614426967368141
288,288.0,288.6,0.08927097763138027,0.21371884057794066,0.13072824355074378,0.10092150990552558,0.10281038872361674,0.13885174517374688,0.10788824271923358,0.11581005171781227
289,289.0,289.6,0.08907361021331608,0.21543915643180345,0.13040158371040725,0.10060197155785389,0.10228264382676144,0.13831205559146734,0.10840134130575303,0.11548763736263734
290,290.0,290.6,0.08888455971273308,0.21531393529071546,0.13008982503564545,0.10029721568421257,0.1043632631558328,0.1377950042733324,0.10807997472084156,0.1151762221266865
291,291.0,291.6,0.08917908248051788,0.21527220785593987,0.13071330583292304,0.1015757766953939,0.10428710045934926,0.13254990623411672,0.111308786906873,0.11511383353488616
292,292.0,292.6,0.08908786709804231,0.21586945182196735,0.1305949938510707,0.10145746471354156,0.10394303265982179,0.13305307844595576,0.11108980523904206,0.11490430617055827
293,293.0,293.6,0.08844921786219842,0.22385059476832936,0.12828133696261018,0.10079215947343272,0.1030583100239983,0.13218987846933278,0.11032760129494315,0.11305090114515495
294,294.0,294.6,0.08513955802262252,0.22353974654377878,0.12702066750453844,0.10077066750453845,0.10234996857980727,0.13216659684401616,0.11082984220080991,0.11818295279988826
295,295.0,295.6,0.08511223561825094,0.22255613998640172,0.12699334510016685,0.10074334510016687,0.10218603415357777,0.13194801760904348,0.11233257444124707,0.11812830799114508
296,296.0,296.6,0.08469556895158428,0.2217228066530684,0.1315766784335002,0.1034516784335002,0.1017693674869111,0.12840635094237682,0.11191590777458042,0.11646164132447842
297,297.0,297.6,0.08523430717414603,0.21494043461334345,0.13017134357228297,0.10361162877727408,0.10837985259004328,0.14231089003073946,0.09807423474173092,0.11727730850043971
298,298.0,298.6,0.08319265285545184,0.21355668764136113,0.12798977013833762,0.10201991983262393,0.10699610561806099,0.14934046176619356,0.09674990547622518,0.12015449667174556
299,299.0,299.6,0.08785969934580805,0.2127588264482138,0.12862233320317873,0.10105541590994567,0.10617243797330075,0.14821434222952773,0.09605040561968946,0.11926653927033563
300,300.0,300.6,0.09204449466744546,0.21202616145239092,0.1300747976977485,0.10015416277711357,0.10541437615208105,0.14716070814431467,0.09539994613765104,0.1177253529712546
301,301.0,301.6,0.09320824213040553,0.21794331811757908,0.12827778349915947,0.09875985161902288,0.10416367879902148,0.14342469385711928,0.09424335864248087,0.11997907333521118
302,302.0,302.6,0.0920827010048644,0.21655803673229773,0.1333860086073846,0.0980672109263822,0.10325458788993061,0.14082729125971669,0.09809617249529472,0.11772799108412894
303,303.0,303.6,0.09203348840643921,0.2164350052362347,0.1332875834105342,0.09798724045394125,0.10310695009465501,0.14075347236207889,0.09802850517246008,0.1183677548636565
304,304.0,304.6,0.0919850387940361,0.216313881205227,0.13589338688843072,0.09790850983378621,0.10296160125744569,0.13797809524077154,0.09796188695540581,0.1189975998248968
305,305.0,305.6,0.09134444918479129,0.21579936370385405,0.1399268929846264,0.09763336199544323,0.10242323163919739,0.1377089104316474,0.09750103671700248,0.11766275334343759
306,306.0,306.6,0.09129747325995277,0.21568192389175778,0.1378877252202678,0.09755702611758063,0.10228230386468184,0.147007815913759,0.09743644482034952,0.11084928691165052
307,307.0,307.6,0.09070773083068165,0.21520394463017412,0.14162091674386756,0.0973006874236382,0.10178119251889742,0.14675726024086677,0.09701051274821765,0.1096177548636565
308,308.0,308.6,0.09024549569739389,0.21425669013028803,0.1406793583023091,0.09680997199871227,0.10122782045236747,0.15119078724018326,0.09653118943994697,0.1090586867387989
309,309.0,309.6,0.09011148079742545,0.21512486143651674,0.1403944953747772,0.09655877532637056,0.10091490231217701,0.15168585922455796,0.09638034141238344,0.10882928411579154
310,310.0,310.6,0.08971739270211329,0.2150505932310854,0.1396327602206415,0.0961646872310584,0.1003886090344217,0.15478315446206065,0.09585404813462814,0.10840875498399075
311,311.0,311.6,0.0893649936779875,0.21503703942246521,0.1389535638108948,0.10136784376248817,0.09990820181777159,0.15196396226905443,0.09537364091797802,0.10803075432136008
312,312.0,312.6,0.08904779442986721,0.21507228378336746,0.14090442209398993,0.10075824685354914,0.09946699463314337,0.15212907098679473,0.0949324337333498,0.10768875348593823
313,313.0,313.6,0.0887605980735919,0.2136084679938938,0.14009090994824094,0.10020789260253701,0.09905960596917576,0.15636996167505385,0.09452504506938218,0.10737751866812444
314,314.0,314.6,0.0887605980735919,0.2136084679938938,0.14009090994824094,0.10020789260253701,0.09905960596917576,0.15636996167505385,0.09452504506938218,0.10737751866812444
315,315.0,315.6,0.0884638002767941,0.21540500479043062,0.14153156388889487,0.10077982067446509,0.09534831725788703,0.15675540956050177,0.09557566111999824,0.1061404224310282
316,316.0,316.6,0.09078464878774474,0.21544610188573038,0.1418210633535711,0.10035489794003723,0.09541185852331362,0.15612272660260276,0.09535288756650984,0.10470581534049024
317,317.0,317.6,0.08994689005524917,0.21494572506956405,0.14431155531774725,0.09966611304072603,0.09512793192359754,0.15779561511759652,0.09465008160054597,0.10355608787497328
318,318.0,318.6,0.08916701775363774,0.21448636558846546,0.14221770713694254,0.10151976663351006,0.09486620090099697,0.1568928584539703,0.09399841442713967,0.10685166910533714
319,319.0,319.6,0.08817917169948261,0.2120764063234994,0.1419164547452091,0.10032497832937884,0.09592962729041658,0.15879125055975735,0.09739890324811842,0.10538320780413757
320,320.0,320.6,0.08791849815522697,0.21152741965510974,0.1411565457763449,0.09982021498879459,0.09632124783129085,0.16109481211705026,0.09712164595593574,0.10503961552024677
321,321.0,321.6,0.08767729671197949,0.21101778365314638,0.1448025540259337,0.10008944608922773,0.09598745379545079,0.15884464635026047,0.09686410464340722,0.10471671473059407
322,322.0,322.6,0.0871047683531582,0.21048468348597157,0.14834451972816076,0.0991874116294468,0.0956140446071747,0.15851891346094865,0.0963916189721256,0.10435403976301356
323,323.0,323.6,0.08693810168649153,0.21015135015263828,0.1475111863948274,0.10285407829611348,0.09544737794050803,0.1566855801276153,0.09622495230545894,0.10418737309634689
324,324.0,324.6,0.08706888551367005,0.2099385345052875,0.15115736943379982,0.10296179979662434,0.09586279174871119,0.15233672594574404,0.09635573613263745,0.10431815692352539
325,325.0,325.6,0.08718794776018671,0.20789901757709597,0.1540312086549392,0.10251399588633799,0.09569988812332511,0.15085012734746944,0.09230813171248746,0.10950968293815802
326,326.0,326.6,0.0911137555400507,0.20837188714792418,0.15207572396151708,0.10221119320416094,0.09525513164065771,0.15338753718538298,0.08951210441685784,0.10807266690344845
327,327.0,327.6,0.09052973419191714,0.2052209445204071,0.15040031720992172,0.10355654823996274,0.09767366010999504,0.15587735116928494,0.08898574898004871,0.10775569557846247
328,328.0,328.6,0.09030814384801744,0.20663266047240336,0.14515433780005083,0.10302103922514641,0.1013149839955592,0.1574062559984229,0.08865108762755564,0.10751149103284412
329,329.0,329.6,0.08967866788815829,0.20522825932821914,0.1433797005498691,0.10250984283517975,0.10219106846882853,0.15874052865789592,0.09207853294366955,0.10619339932817957
330,330.0,330.6,0.08955654856357012,0.20564471974127638,0.1426527425156035,0.10218611060736574,0.10191975903341341,0.16014030315394961,0.091849849254205,0.10604996713061612
331,331.0,331.6,0.08876654448552257,0.21446843829325585,0.13665169947651698,0.1015638554470671,0.1034198923541989,0.15738636626957794,0.09309918265027753,0.10464402102358306
332,332.0,332.6,0.08831156426727119,0.21422920956407016,0.13560098429022072,0.10368887175070607,0.10318066362501324,0.15772863399706805,0.09276615365153833,0.10449391885411216
333,333.0,333.6,0.08796313221152205,0.21274256612620718,0.13757543260613245,0.10316622366708236,0.10312259161572171,0.1570317698855698,0.09396243704294367,0.10443584684482063
334,334.0,334.6,0.08796313221152205,0.21274256612620718,0.13757543260613245,0.10316622366708236,0.10312259161572171,0.1570317698855698,0.09396243704294367,0.10443584684482063
335,335.0,335.6,0.08685202110041093,0.21052034390398494,0.14646432149502134,0.10205511255597126,0.10201148050461059,0.15592065877445868,0.09285132593183257,0.10332473573370952
336,336.0,336.6,0.08674786676261949,0.21097601913182257,0.1458559654765576,0.10169885737784368,0.10168244748295123,0.15721193584866863,0.09262644724796465,0.103200460671572
337,337.0,337.6,0.08656957478855286,0.21098719731201482,0.14504275286757035,0.1039808828640945,0.10251801645232299,0.15556818445139614,0.09233078438187925,0.10300260688216892
338,338.0,338.6,0.08641942463840271,0.21173794806276555,0.1442920021168196,0.10615806004127167,0.10214264107694762,0.1542168331000448,0.0921806342317291,0.10285245673201877
339,339.0,339.6,0.08710750600830755,0.21257767633252173,0.14417231429293006,0.10533663208263486,0.10189221469292717,0.1540115642624867,0.09203536756388869,0.1028667247643031
340,340.0,340.6,0.08710750600830755,0.21257767633252173,0.14417231429293006,0.10533663208263486,0.10189221469292717,0.1540115642624867,0.09203536756388869,0.1028667247643031
341,341.0,341.6,0.087017870590626,0.21167645066561472,0.14365593634324283,0.1075229568356503,0.10158336222113311,0.1539501834873352,0.09183466217212347,0.10275857768427425
342,342.0,342.6,0.08699985257260798,0.21227104526020932,0.14363791832522482,0.1075049388176323,0.10142120005897093,0.153733967271119,0.09170853604599732,0.10272254164823821
343,343.0,343.6,0.08855119596605662,0.21249015947932354,0.14642076705544196,0.10756051482057671,0.10221926164650622,0.15680168902305128,0.09315461628155124,0.0928017957274923
344,344.0,344.6,0.08848709340195407,0.21236195435111843,0.148472049106724,0.10711179687185876,0.10209105651830108,0.15564784286920513,0.09309051371744867,0.09273769316338974
345,345.0,345.6,0.08800799932529901,0.21271619360779673,0.15179376803819905,0.10525639617499465,0.10244529577497934,0.15455028189359535,0.09207715715531162,0.09315290802982411
346,346.0,346.6,0.08789185530671598,0.20996847064184526,0.15396077091123528,0.10484989210995402,0.10232915175639631,0.15588593810730036,0.09201908514602011,0.09309483602053259
347,347.0,347.6,0.08769654877726009,0.20977869713505823,0.15323080931836058,0.10687435683331711,0.10316088835924675,0.1545442667227893,0.0917766205522703,0.09293781230169736
348,348.0,348.6,0.08731498589569722,0.21059676795312904,0.15233947842702972,0.10612649358545387,0.10288921558757398,0.1564642911428137,0.09147442275007252,0.09279434465822971
349,349.0,349.6,0.08420493804880727,0.21676901675695684,0.14138254062798666,0.11210735482947302,0.10432462228613856,0.157181994492096,0.09362753279791941,0.09040200016062205
350,350.0,350.6,0.08327919712306636,0.2237154037033438,0.14045679970224573,0.1139593916815099,0.10324903121054749,0.15327867558877709,0.09260189177227839,0.08945960921823112
351,351.0,351.6,0.0824606457557345,0.22743306815271555,0.14189434589588945,0.11301888909466581,0.10230852862370346,0.15246012422144523,0.09178334040494653,0.08864105785089926
352,352.0,352.6,0.08081398635086685,0.22836291904194322,0.14431519679790902,0.11078154515054243,0.10211087680834126,0.153378961393752,0.09172160116743287,0.08851491328921215
353,353.0,353.6,0.08780989741654535,0.22499167788000438,0.1431758322864515,0.10980829359589554,0.10135910919610853,0.15401146842160784,0.09102520454080368,0.08781851666258297
354,354.0,354.6,0.08775452643094181,0.22582224266405754,0.14289897735843377,0.1096421806390849,0.1011929962392979,0.1539560974360043,0.09096983355520014,0.08776314567697942
355,355.0,355.6,0.0777746370392877,0.2336779490491757,0.14420616690091742,0.11094937018156856,0.10135639493210835,0.15264890789352065,0.0914600296336315,0.08792654436978987
