Total_iterations,Unnamed: 0.1,Intertwine_two,Add_vertex,Delete_vertex,Invert_path_vertices,Insert_inside_vertex,Delete_inside_vertex,Replace_inside_vertex,Donate_between_routes
0,0.0,0.125,0.125,0.125,0.125,0.125,0.125,0.125,0.125
1,1.0,0.125,0.125,0.125,0.125,0.125,0.125,0.125,0.125
2,2.0,0.125,0.125,0.125,0.125,0.125,0.125,0.125,0.125
3,3.0,0.125,0.125,0.125,0.125,0.125,0.125,0.125,0.125
4,4.0,0.125,0.125,0.125,0.125,0.125,0.125,0.125,0.125
5,5.0,0.125,0.125,0.125,0.125,0.125,0.125,0.125,0.125
6,6.0,0.125,0.125,0.125,0.125,0.125,0.125,0.125,0.125
7,7.0,0.125,0.125,0.125,0.125,0.125,0.125,0.125,0.125
8,8.0,0.125,0.125,0.125,0.125,0.125,0.125,0.125,0.125
9,9.0,0.125,0.125,0.125,0.125,0.125,0.125,0.125,0.125
10,10.0,0.125,0.125,0.125,0.125,0.125,0.125,0.125,0.125
11,11.0,0.125,0.125,0.125,0.125,0.125,0.125,0.125,0.125
12,12.0,0.125,0.125,0.125,0.125,0.125,0.125,0.125,0.125
13,13.0,0.125,0.125,0.125,0.125,0.125,0.125,0.125,0.125
14,14.0,0.125,0.125,0.125,0.125,0.125,0.125,0.125,0.125
15,15.0,0.125,0.125,0.125,0.125,0.125,0.125,0.125,0.125
16,16.0,0.125,0.125,0.125,0.125,0.125,0.125,0.125,0.125
17,17.0,0.125,0.125,0.125,0.125,0.125,0.125,0.125,0.125
18,18.0,0.125,0.125,0.125,0.125,0.125,0.125,0.125,0.125
19,19.0,0.125,0.125,0.125,0.125,0.125,0.125,0.125,0.125
20,20.0,0.125,0.125,0.125,0.125,0.125,0.125,0.125,0.125
21,21.0,0.125,0.125,0.125,0.125,0.125,0.125,0.125,0.125
22,22.0,0.125,0.125,0.125,0.125,0.125,0.125,0.125,0.125
23,23.0,0.125,0.125,0.125,0.125,0.125,0.125,0.125,0.125
24,24.0,0.125,0.125,0.125,0.125,0.125,0.125,0.125,0.125
25,25.0,0.125,0.125,0.125,0.125,0.125,0.125,0.125,0.125
26,26.0,0.125,0.125,0.125,0.125,0.125,0.125,0.125,0.125
27,27.0,0.125,0.125,0.125,0.125,0.125,0.125,0.125,0.125
28,28.0,0.125,0.125,0.125,0.125,0.125,0.125,0.125,0.125
29,29.0,0.125,0.125,0.125,0.125,0.125,0.125,0.125,0.125
30,30.0,0.125,0.125,0.125,0.125,0.125,0.125,0.125,0.125
31,31.0,0.125,0.125,0.125,0.125,0.125,0.125,0.125,0.125
32,32.0,0.125,0.125,0.125,0.125,0.125,0.125,0.125,0.125
33,33.0,0.125,0.125,0.125,0.125,0.125,0.125,0.125,0.125
34,34.0,0.125,0.125,0.125,0.125,0.125,0.125,0.125,0.125
35,35.0,0.125,0.125,0.125,0.125,0.125,0.125,0.125,0.125
36,36.0,0.125,0.125,0.125,0.125,0.125,0.125,0.125,0.125
37,37.0,0.125,0.125,0.125,0.125,0.125,0.125,0.125,0.125
38,38.0,0.125,0.125,0.125,0.125,0.125,0.125,0.125,0.125
39,39.0,0.125,0.125,0.125,0.125,0.125,0.125,0.125,0.125
40,40.0,0.125,0.125,0.125,0.125,0.125,0.125,0.125,0.125
41,41.0,0.125,0.125,0.125,0.125,0.125,0.125,0.125,0.125
42,42.0,0.125,0.125,0.125,0.125,0.125,0.125,0.125,0.125
43,43.0,0.125,0.125,0.125,0.125,0.125,0.125,0.125,0.125
44,44.0,0.125,0.125,0.125,0.125,0.125,0.125,0.125,0.125
45,45.0,0.125,0.125,0.125,0.125,0.125,0.125,0.125,0.125
46,46.0,0.125,0.125,0.125,0.125,0.125,0.125,0.125,0.125
47,47.0,0.125,0.125,0.125,0.125,0.125,0.125,0.125,0.125
48,48.0,0.125,0.125,0.125,0.125,0.125,0.125,0.125,0.125
49,49.0,0.125,0.125,0.125,0.125,0.125,0.125,0.125,0.125
50,50.0,0.125,0.125,0.125,0.125,0.125,0.125,0.125,0.125
51,51.0,0.125,0.125,0.125,0.125,0.125,0.125,0.125,0.125
52,52.0,0.125,0.125,0.125,0.125,0.125,0.125,0.125,0.125
53,53.0,0.125,0.125,0.125,0.125,0.125,0.125,0.125,0.125
54,54.0,0.125,0.125,0.125,0.125,0.125,0.125,0.125,0.125
55,55.0,0.125,0.125,0.125,0.125,0.125,0.125,0.125,0.125
56,56.0,0.125,0.125,0.125,0.125,0.125,0.125,0.125,0.125
57,57.0,0.125,0.125,0.125,0.125,0.125,0.125,0.125,0.125
58,58.0,0.125,0.125,0.125,0.125,0.125,0.125,0.125,0.125
59,59.0,0.125,0.125,0.125,0.125,0.125,0.125,0.125,0.125
60,60.0,0.125,0.125,0.125,0.125,0.125,0.125,0.125,0.125
61,61.0,0.125,0.125,0.125,0.125,0.125,0.125,0.125,0.125
62,62.0,0.125,0.125,0.125,0.125,0.125,0.125,0.125,0.125
63,63.0,0.125,0.125,0.125,0.125,0.125,0.125,0.125,0.125
64,64.0,0.125,0.125,0.125,0.125,0.125,0.125,0.125,0.125
65,65.0,0.125,0.125,0.125,0.125,0.125,0.125,0.125,0.125
66,66.0,0.125,0.125,0.125,0.125,0.125,0.125,0.125,0.125
67,67.0,0.125,0.125,0.125,0.125,0.125,0.125,0.125,0.125
68,68.0,0.125,0.125,0.125,0.125,0.125,0.125,0.125,0.125
69,69.0,0.125,0.125,0.125,0.125,0.125,0.125,0.125,0.125
70,70.0,0.125,0.125,0.125,0.125,0.125,0.125,0.125,0.125
71,71.0,0.125,0.125,0.125,0.125,0.125,0.125,0.125,0.125
72,72.0,0.125,0.125,0.125,0.125,0.125,0.125,0.125,0.125
73,73.0,0.125,0.125,0.125,0.125,0.125,0.125,0.125,0.125
74,74.0,0.125,0.125,0.125,0.125,0.125,0.125,0.125,0.125
75,75.0,0.125,0.125,0.125,0.125,0.125,0.125,0.125,0.125
76,76.0,0.125,0.125,0.125,0.125,0.125,0.125,0.125,0.125
77,77.0,0.125,0.125,0.125,0.125,0.125,0.125,0.125,0.125
78,78.0,0.125,0.125,0.125,0.125,0.125,0.125,0.125,0.125
79,79.0,0.125,0.125,0.125,0.125,0.125,0.125,0.125,0.125
80,80.0,0.125,0.125,0.125,0.125,0.125,0.125,0.125,0.125
81,81.0,0.125,0.125,0.125,0.125,0.125,0.125,0.125,0.125
82,82.0,0.125,0.125,0.125,0.125,0.125,0.125,0.125,0.125
83,83.0,0.125,0.125,0.125,0.125,0.125,0.125,0.125,0.125
84,84.0,0.125,0.125,0.125,0.125,0.125,0.125,0.125,0.125
85,85.0,0.125,0.125,0.125,0.125,0.125,0.125,0.125,0.125
86,86.0,0.125,0.125,0.125,0.125,0.125,0.125,0.125,0.125
87,87.0,0.125,0.125,0.125,0.125,0.125,0.125,0.125,0.125
88,88.0,0.125,0.125,0.125,0.125,0.125,0.125,0.125,0.125
89,89.0,0.125,0.125,0.125,0.125,0.125,0.125,0.125,0.125
90,90.0,0.125,0.125,0.125,0.125,0.125,0.125,0.125,0.125
91,91.0,0.125,0.125,0.125,0.125,0.125,0.125,0.125,0.125
92,92.0,0.125,0.125,0.125,0.125,0.125,0.125,0.125,0.125
93,93.0,0.125,0.125,0.125,0.125,0.125,0.125,0.125,0.125
94,94.0,0.125,0.125,0.125,0.125,0.125,0.125,0.125,0.125
95,95.0,0.125,0.125,0.125,0.125,0.125,0.125,0.125,0.125
96,96.0,0.125,0.125,0.125,0.125,0.125,0.125,0.125,0.125
97,97.0,0.125,0.125,0.125,0.125,0.125,0.125,0.125,0.125
98,98.0,0.125,0.125,0.125,0.125,0.125,0.125,0.125,0.125
99,99.0,0.125,0.125,0.125,0.125,0.125,0.125,0.125,0.125
100,100.0,0.125,0.125,0.125,0.125,0.125,0.125,0.125,0.125
101,101.0,0.125,0.125,0.125,0.125,0.125,0.125,0.125,0.125
102,102.0,0.125,0.125,0.125,0.125,0.125,0.125,0.125,0.125
103,103.0,0.125,0.125,0.125,0.125,0.125,0.125,0.125,0.125
104,104.0,0.125,0.125,0.125,0.125,0.125,0.125,0.125,0.125
105,105.0,0.125,0.125,0.125,0.125,0.125,0.125,0.125,0.125
106,106.0,0.125,0.125,0.125,0.125,0.125,0.125,0.125,0.125
107,107.0,0.125,0.125,0.125,0.125,0.125,0.125,0.125,0.125
108,108.0,0.125,0.125,0.125,0.125,0.125,0.125,0.125,0.125
109,109.0,0.125,0.125,0.125,0.125,0.125,0.125,0.125,0.125
110,110.0,0.125,0.125,0.125,0.125,0.125,0.125,0.125,0.125
111,111.0,0.125,0.125,0.125,0.125,0.125,0.125,0.125,0.125
112,112.0,0.125,0.125,0.125,0.125,0.125,0.125,0.125,0.125
113,113.0,0.125,0.125,0.125,0.125,0.125,0.125,0.125,0.125
114,114.0,0.125,0.125,0.125,0.125,0.125,0.125,0.125,0.125
115,115.0,0.125,0.125,0.125,0.125,0.125,0.125,0.125,0.125
116,116.0,0.125,0.125,0.125,0.125,0.125,0.125,0.125,0.125
117,117.0,0.125,0.125,0.125,0.125,0.125,0.125,0.125,0.125
118,118.0,0.125,0.125,0.125,0.125,0.125,0.125,0.125,0.125
119,119.0,0.125,0.125,0.125,0.125,0.125,0.125,0.125,0.125
120,120.0,0.125,0.125,0.125,0.125,0.125,0.125,0.125,0.125
121,121.0,0.125,0.125,0.125,0.125,0.125,0.125,0.125,0.125
122,122.0,0.125,0.125,0.125,0.125,0.125,0.125,0.125,0.125
123,123.0,0.125,0.125,0.125,0.125,0.125,0.125,0.125,0.125
124,124.0,0.125,0.125,0.125,0.125,0.125,0.125,0.125,0.125
125,125.0,0.125,0.125,0.125,0.125,0.125,0.125,0.125,0.125
126,126.0,0.125,0.125,0.125,0.125,0.125,0.125,0.125,0.125
127,127.0,0.125,0.125,0.125,0.125,0.125,0.125,0.125,0.125
128,128.0,0.125,0.125,0.125,0.125,0.125,0.125,0.125,0.125
129,129.0,0.125,0.125,0.125,0.125,0.125,0.125,0.125,0.125
130,130.0,0.125,0.125,0.125,0.125,0.125,0.125,0.125,0.125
131,131.0,0.125,0.125,0.125,0.125,0.125,0.125,0.125,0.125
132,132.0,0.125,0.125,0.125,0.125,0.125,0.125,0.125,0.125
133,133.0,0.125,0.125,0.125,0.125,0.125,0.125,0.125,0.125
134,134.0,0.125,0.125,0.125,0.125,0.125,0.125,0.125,0.125
135,135.0,0.125,0.125,0.125,0.125,0.125,0.125,0.125,0.125
136,136.0,0.125,0.125,0.125,0.125,0.125,0.125,0.125,0.125
137,137.0,0.125,0.125,0.125,0.125,0.125,0.125,0.125,0.125
138,138.0,0.125,0.125,0.125,0.125,0.125,0.125,0.125,0.125
139,139.0,0.125,0.125,0.125,0.125,0.125,0.125,0.125,0.125
140,140.0,0.125,0.125,0.125,0.125,0.125,0.125,0.125,0.125
141,141.0,0.125,0.125,0.125,0.125,0.125,0.125,0.125,0.125
142,142.0,0.125,0.125,0.125,0.125,0.125,0.125,0.125,0.125
143,143.0,0.125,0.125,0.125,0.125,0.125,0.125,0.125,0.125
144,144.0,0.125,0.125,0.125,0.125,0.125,0.125,0.125,0.125
145,145.0,0.125,0.125,0.125,0.125,0.125,0.125,0.125,0.125
146,146.0,0.125,0.125,0.125,0.125,0.125,0.125,0.125,0.125
147,147.0,0.125,0.125,0.125,0.125,0.125,0.125,0.125,0.125
148,148.0,0.125,0.125,0.125,0.125,0.125,0.125,0.125,0.125
149,149.0,0.125,0.125,0.125,0.125,0.125,0.125,0.125,0.125
150,150.0,0.125,0.125,0.125,0.125,0.125,0.125,0.125,0.125
151,151.0,0.125,0.125,0.125,0.125,0.125,0.125,0.125,0.125
152,152.0,0.125,0.125,0.125,0.125,0.125,0.125,0.125,0.125
153,153.0,0.125,0.125,0.125,0.125,0.125,0.125,0.125,0.125
154,154.0,0.125,0.125,0.125,0.125,0.125,0.125,0.125,0.125
155,155.0,0.125,0.125,0.125,0.125,0.125,0.125,0.125,0.125
156,156.0,0.125,0.125,0.125,0.125,0.125,0.125,0.125,0.125
157,157.0,0.125,0.125,0.125,0.125,0.125,0.125,0.125,0.125
158,158.0,0.125,0.125,0.125,0.125,0.125,0.125,0.125,0.125
159,159.0,0.125,0.125,0.125,0.125,0.125,0.125,0.125,0.125
160,160.0,0.125,0.125,0.125,0.125,0.125,0.125,0.125,0.125
161,161.0,0.125,0.125,0.125,0.125,0.125,0.125,0.125,0.125
162,162.0,0.125,0.125,0.125,0.125,0.125,0.125,0.125,0.125
163,163.0,0.125,0.125,0.125,0.125,0.125,0.125,0.125,0.125
164,164.0,0.125,0.125,0.125,0.125,0.125,0.125,0.125,0.125
165,165.0,0.125,0.125,0.125,0.125,0.125,0.125,0.125,0.125
166,166.0,0.125,0.125,0.125,0.125,0.125,0.125,0.125,0.125
167,167.0,0.125,0.125,0.125,0.125,0.125,0.125,0.125,0.125
168,168.0,0.125,0.125,0.125,0.125,0.125,0.125,0.125,0.125
169,169.0,0.125,0.125,0.125,0.125,0.125,0.125,0.125,0.125
170,170.0,0.125,0.125,0.125,0.125,0.125,0.125,0.125,0.125
171,171.0,0.125,0.125,0.125,0.125,0.125,0.125,0.125,0.125
172,172.0,0.125,0.125,0.125,0.125,0.125,0.125,0.125,0.125
173,173.0,0.125,0.125,0.125,0.125,0.125,0.125,0.125,0.125
174,174.0,0.125,0.125,0.125,0.125,0.125,0.125,0.125,0.125
175,175.0,0.125,0.125,0.125,0.125,0.125,0.125,0.125,0.125
176,176.0,0.125,0.125,0.125,0.125,0.125,0.125,0.125,0.125
177,177.0,0.125,0.125,0.125,0.125,0.125,0.125,0.125,0.125
178,178.0,0.125,0.125,0.125,0.125,0.125,0.125,0.125,0.125
179,179.0,0.125,0.125,0.125,0.125,0.125,0.125,0.125,0.125
180,180.0,0.125,0.125,0.125,0.125,0.125,0.125,0.125,0.125
181,181.0,0.125,0.125,0.125,0.125,0.125,0.125,0.125,0.125
182,182.0,0.125,0.125,0.125,0.125,0.125,0.125,0.125,0.125
183,183.0,0.125,0.125,0.125,0.125,0.125,0.125,0.125,0.125
184,184.0,0.125,0.125,0.125,0.125,0.125,0.125,0.125,0.125
185,185.0,0.125,0.125,0.125,0.125,0.125,0.125,0.125,0.125
186,186.0,0.125,0.125,0.125,0.125,0.125,0.125,0.125,0.125
187,187.0,0.125,0.125,0.125,0.125,0.125,0.125,0.125,0.125
188,188.0,0.125,0.125,0.125,0.125,0.125,0.125,0.125,0.125
189,189.0,0.125,0.125,0.125,0.125,0.125,0.125,0.125,0.125
190,190.0,0.125,0.125,0.125,0.125,0.125,0.125,0.125,0.125
191,191.0,0.125,0.125,0.125,0.125,0.125,0.125,0.125,0.125
192,192.0,0.125,0.125,0.125,0.125,0.125,0.125,0.125,0.125
193,193.0,0.125,0.125,0.125,0.125,0.125,0.125,0.125,0.125
194,194.0,0.125,0.125,0.125,0.125,0.125,0.125,0.125,0.125
195,195.0,0.125,0.125,0.125,0.125,0.125,0.125,0.125,0.125
196,196.0,0.125,0.125,0.125,0.125,0.125,0.125,0.125,0.125
197,197.0,0.125,0.125,0.125,0.125,0.125,0.125,0.125,0.125
198,198.0,0.125,0.125,0.125,0.125,0.125,0.125,0.125,0.125
199,199.0,0.1248611111111111,0.1248611111111111,0.1248611111111111,0.1248611111111111,0.1248611111111111,0.1248611111111111,0.1248611111111111,0.1259722222222222
200,200.0,0.1246125,0.1246125,0.1246125,0.1246125,0.1246125,0.1256125,0.1246125,0.1267125
201,201.0,0.1241509849149389,0.1250600758240297,0.1241509849149389,0.1240457217570441,0.1241509849149389,0.1270559237772461,0.1241509849149389,0.1272343389819245
202,202.0,0.1236842895859915,0.1254933804950824,0.1236842895859915,0.123475912393009,0.1237884562526581,0.128467214413211,0.1236842895859915,0.1277221676880648
203,203.0,0.1232294410960991,0.1259213501870082,0.1232294410960991,0.1229199283768009,0.1234367327627658,0.1298463275788211,0.1232294410960991,0.1281873378063064
204,204.0,0.1226786921351441,0.1272291275896896,0.1226786921351441,0.122270835902688,0.1229871400518108,0.1309604676672334,0.1226786921351441,0.1285163523831457
205,205.0,0.12206938904367,0.1283469938709427,0.1221746522015647,0.1214603258959069,0.1224773062640648,0.1327643247160652,0.1219641258857753,0.1287428821220102
206,206.0,0.121268809877552,0.1299774850314005,0.1214782835617625,0.1204636985059112,0.1217726966148876,0.1341393261249212,0.1210593361933415,0.1298403640902233
207,207.0,0.120524076380904,0.1326650189085231,0.1208357711177461,0.1195295200899109,0.1211198231319024,0.1344336633877664,0.120876349255398,0.1300157777278489
208,208.0,0.1206886564417717,0.1351552430010209,0.1200986630031752,0.1185146856371485,0.1203705495621181,0.1345387275913941,0.120601041918155,0.1300324328452163
209,209.0,0.1207909059181489,0.1373792599698764,0.1193057097227103,0.1183654593350625,0.1195639285063717,0.1344923415719385,0.1202643586250586,0.1298380363508329
210,210.0,0.1208420959797815,0.1401869049032199,0.1184764859318061,0.1181088938437272,0.1188239881965441,0.1343161748179632,0.1197776977440188,0.129467758582939
211,211.0,0.1207959548666618,0.1425209593344899,0.1175720451185496,0.1177115021901944,0.118006844160276,0.1353477276432205,0.1191488627868296,0.128896103899778
212,212.0,0.120756933366601,0.1447129098599099,0.116702135769352,0.1173454372404392,0.1173235894869608,0.1363149789676369,0.1185452879688177,0.1282987273402822
213,213.0,0.1207236840652946,0.1475231669937092,0.1158708926909669,0.1162411414810181,0.1166726357020376,0.1372137462323866,0.1179697137732461,0.127785019061341
214,214.0,0.1207073234814093,0.1501817978273939,0.1150950697030867,0.115185256347407,0.1160714638114278,0.1380523046458571,0.1174336168139732,0.1272731673694449
215,215.0,0.120761271403987,0.1536114446167047,0.1144318280814849,0.1142384446833062,0.1156780932158778,0.1381767981432645,0.1162790696776213,0.1268230501777536
216,216.0,0.1207611933149629,0.1573411561529183,0.1137587472022404,0.1132845645008457,0.1152629537076846,0.1381695982934511,0.1151086479538755,0.1263131388740214
217,217.0,0.1207133346115151,0.1606194067189031,0.1130843013578123,0.1123348683832646,0.114832885759421,0.1387233638376258,0.1139367327055164,0.1257551066259415
218,218.0,0.1206231703211011,0.1641874690826542,0.1124155088740434,0.1113988152804329,0.1143935772411543,0.1390464841547342,0.1127756538407719,0.1251593212051078
219,219.0,0.1205072610087464,0.1673075684529879,0.1117708117922387,0.110494047607111,0.1145535733090452,0.1391724268100893,0.111644693606026,0.1245496174137554
220,220.0,0.1204024285050626,0.1701918295473074,0.1111873357783141,0.109659572732375,0.1147550200143874,0.1392520030844894,0.1105852379759203,0.1239665723621437
221,221.0,0.1201370448267686,0.173055581817565,0.1104932248581698,0.1087251374976629,0.1147875094603691,0.1390194460101486,0.109429162418841,0.124352893110475
222,222.0,0.1198842306928142,0.1756737092116996,0.1098608953963351,0.1078644940560251,0.1148514360078784,0.138750941551508,0.108352101447762,0.1247621916359774
223,223.0,0.119616017524023,0.1783662303702828,0.1092612527755155,0.1070496298964889,0.1148845371491237,0.1383358104272564,0.1073276844477123,0.1251588374095971
224,224.0,0.1193629431450404,0.1808093070210734,0.1087233405272914,0.1063104315219131,0.1149421959922664,0.1378981297730924,0.106387206981063,0.1255664450382597
225,225.0,0.1190997086312017,0.1827929265325532,0.1082200489474118,0.1056204085480737,0.1154687485997378,0.1373392681906539,0.105505364079667,0.1259535264707006
226,226.0,0.1188536465516571,0.1845326721077491,0.1077766330953674,0.1050052278751618,0.1160094084900831,0.1367716692306981,0.1047087949265393,0.126341947722744
227,227.0,0.1186016907599632,0.1863212479702517,0.1073677300330855,0.1044397475560042,0.1164859297646828,0.1361066445253383,0.1039731283145746,0.1267038810760996
228,228.0,0.1183467337350354,0.1881384827353028,0.1069937610619963,0.1039244359082006,0.1168993117217161,0.1353597210953025,0.10329941420556,0.1270381395368862
229,229.0,0.1181111056899269,0.1897295719312308,0.1066744529821719,0.1034789097005743,0.1173101760318109,0.1346244801252808,0.102707675009771,0.1273636285292334
230,230.0,0.1178952300071068,0.1915557646775341,0.1064075327852841,0.1031006456511836,0.1172601203620146,0.133907105778972,0.1021956306278431,0.1276779701100615
231,231.0,0.1174192436009898,0.1935438422256851,0.1061206527283488,0.1028077661639998,0.1172306286046465,0.1341909466718554,0.101777415118995,0.1269095048854793
232,232.0,0.116854848242422,0.195206744210149,0.1057703668278225,0.1034645910851922,0.1170856077892393,0.134270655267912,0.1013214318527891,0.1260257547244739
233,233.0,0.116316528780234,0.1966603591674497,0.1054665185270694,0.1041695817247111,0.1169380610297508,0.1343658477108639,0.1009360174376232,0.1251470856222977
234,234.0,0.1156980357864717,0.1980194459221405,0.1050984775161816,0.1047109374804818,0.116662575413217,0.1351288326507488,0.1005089440996068,0.1241727511311516
235,235.0,0.1150950274072077,0.198965670116,0.1047577993392591,0.1052628823281169,0.1167557932256449,0.1358292062585669,0.1001301043273828,0.1232035169978215
236,236.0,0.1145116006494002,0.199910471147788,0.1044447698792901,0.1058184532945691,0.1168037580998601,0.1364646874699081,0.0997980785467096,0.1222481809124746
237,237.0,0.1139512327580828,0.2004789592778098,0.1041593556987799,0.1063713331978934,0.1168093190997452,0.1370338152707113,0.0998814771262103,0.1213145075707672
238,238.0,0.1145315331398312,0.2006216253334862,0.1038254848354233,0.1067643401934471,0.1166996824257557,0.1373086329951215,0.0999151982213471,0.1203335028555877
239,239.0,0.1149884543021024,0.2007227845755444,0.1034550104111864,0.1077865102704098,0.1164903119390047,0.1373264191996469,0.0999071306056219,0.1193233786964833
240,240.0,0.1160487241569392,0.2007940704721096,0.1030576342701158,0.1086225366690816,0.1161947904512895,0.1371192988963477,0.099863460060963,0.1182994850231535
241,241.0,0.1170966333714089,0.2005703374512564,0.1026890630341702,0.1094306172810706,0.1161954958904379,0.1368585541450477,0.0998368184139892,0.117322480412619
242,242.0,0.1179994366132561,0.2001905443969936,0.1023121602969323,0.110072286155423,0.1169231199084033,0.1371146740392887,0.0997975049824924,0.1155902736072104
243,243.0,0.1185136621757897,0.2002114578805674,0.101919440323816,0.1106313941507852,0.1175383537477835,0.1372520922342557,0.0997350921671519,0.1141985073198505
244,244.0,0.1189947914107565,0.2007320505038721,0.1015577258825906,0.1111453397291166,0.117996207236475,0.1371083939115432,0.0995775743145779,0.1128879170110679
245,245.0,0.119395703520867,0.2016795643688504,0.1012749345951022,0.1122304662087819,0.1183014668036737,0.136157357452799,0.0993772018258412,0.1115833052240844
246,246.0,0.1195949514029584,0.2027592225677479,0.1009277764068577,0.1136765892211549,0.1187262552179236,0.1349633112868103,0.0990978290643893,0.1102540648321577
247,247.0,0.1202100503244628,0.2033039280389628,0.1005397423993347,0.1148467113425152,0.1189875269860441,0.1335728415859309,0.0990525261024613,0.109486673220288
248,248.0,0.1208005502884806,0.2037664749898562,0.1001893218849105,0.1159596057723012,0.1192310397715444,0.1322096691974501,0.0990321758881197,0.1088111622073371
249,249.0,0.1207567025872046,0.2039893406463483,0.0998538938769753,0.1169907241424128,0.1193980092906861,0.1314296530142986,0.099286399785138,0.108295276656936
250,250.0,0.1206414097290751,0.2045566376838963,0.0995045890158188,0.1179074649029755,0.1194327911441189,0.1305921230990005,0.0994890747854033,0.1078759096397113
251,251.0,0.1204693565118005,0.2052982515029012,0.099152339609394,0.1187184018159247,0.1194837214937687,0.1297390220487937,0.0996712288983144,0.1074676781191025
252,252.0,0.12027246500055,0.2058331269909704,0.0988291986785128,0.119451459037759,0.1194815126358951,0.1289061251727569,0.1001044382725225,0.1071216742110331
253,253.0,0.1199567931053708,0.2066375083497747,0.0990580069831466,0.1199433396537842,0.1193970427473837,0.1282307574876152,0.1004748074557103,0.1063017442172143
254,254.0,0.1194447807006544,0.2072378583314187,0.0992652665480067,0.1202240631643591,0.1195107238285481,0.1279952242279724,0.1007916019945709,0.1055304812044696
255,255.0,0.1189296901449474,0.207768434159825,0.0994977047356609,0.1204403134289373,0.1196126726022266,0.12781149180965,0.1011062704198134,0.1048334226989392
256,256.0,0.1183849249125651,0.2084276710459398,0.0997132704790303,0.1206632686935089,0.119638932318749,0.1276193219872323,0.1013838234122063,0.1041687871507681
257,257.0,0.1178396690371248,0.2090018515994436,0.0999318519926091,0.1208187137126852,0.1196383471139178,0.1274635952271823,0.1016459658987367,0.1036600054183004
258,258.0,0.1173066968689594,0.209509194193517,0.1001627800660587,0.1209218450608139,0.1196281527864622,0.1273504063090455,0.1018988902323982,0.1032220344827449
259,259.0,0.1168634980087793,0.2098483326656912,0.1004417087512824,0.1205502047208532,0.119584348835381,0.127631869995081,0.1021302566770925,0.1029497803458392
260,260.0,0.1168703086984047,0.2100796335064114,0.1006546720693747,0.1200113419259409,0.1194885205524889,0.1278890976140116,0.1023125611860007,0.102693864447367
261,261.0,0.1167814341137824,0.2103073251044318,0.1008051200603311,0.1198265071265285,0.119345577129443,0.1280320493827468,0.1024482611454358,0.1024537259373005
262,262.0,0.1167014533371206,0.2107135565598231,0.1009441687691105,0.1196060370425598,0.1190302675048336,0.1281883756297906,0.1025637291881093,0.1022524119686524
263,263.0,0.1163894476768674,0.2110154016498883,0.1008779797075516,0.1195670250221558,0.1186013699134302,0.1280598980542764,0.1035771541453851,0.1019117238304452
264,264.0,0.1158910367765497,0.2110174002427451,0.100651589421423,0.119263052104769,0.11801490428954,0.1283881545265976,0.1052961638301294,0.1014776988082462
265,265.0,0.115328405345976,0.2110755804608689,0.1002871685703422,0.1188216495333317,0.1174858947728988,0.1290070197799651,0.1069311742577582,0.1010631072788592
266,266.0,0.1147608985838234,0.2112705270373882,0.0998960085234593,0.1183411488350492,0.1170048536670366,0.129579268255178,0.1084881059520753,0.10065918914599
267,267.0,0.1153453388090417,0.2113782016942405,0.099998492401984,0.1178360074286009,0.116568256217991,0.1304753290436699,0.1080319522535662,0.1003664221509059
268,268.0,0.1159303318022177,0.2116302927785918,0.100071846870659,0.1173159943760959,0.1161154539760484,0.1313256300767339,0.1075083425607403,0.1001021075589129
269,269.0,0.1164975061030026,0.2121087018194727,0.1001018960384556,0.116772685682895,0.1156089847056587,0.1320813493593848,0.1068965902961342,0.0999322859949962
270,270.0,0.1170417270350101,0.2127948461491204,0.1000907531638297,0.1163049762685109,0.1150556464451967,0.1327409019948855,0.1062092405836388,0.0997619083598078
271,271.0,0.1164663653376026,0.2134257052546984,0.1011849522391341,0.1158432172440801,0.1145136777718582,0.1334564727598916,0.1054957466924315,0.0996138627003034
272,272.0,0.1157841379875357,0.2141205407286843,0.1020499691683272,0.1152894943616673,0.1138915408224306,0.1340292694752907,0.1044434717717877,0.1003915756842762
273,273.0,0.1150103471589101,0.2147615650891715,0.1027036201277254,0.1146529984578009,0.113263666492373,0.1344353807477468,0.1032763861424017,0.1018960357838704
274,274.0,0.1142428884754018,0.2154340026803176,0.103739717919542,0.1140290996600079,0.1127234617868524,0.134349924712388,0.1020978336632677,0.1033830711022224
275,275.0,0.1134944377762527,0.2159426831023012,0.1047432397524838,0.1134313601155259,0.1122006481299776,0.1344082660282637,0.1009255939941361,0.1048537711010589
276,276.0,0.1118188497450751,0.2154966560387937,0.1061723456458324,0.112878078936192,0.1118122916509586,0.1344329982364339,0.0998805088175913,0.1075082709291229
277,277.0,0.1101240555338451,0.2149954678935945,0.1078782630576906,0.1122680354049771,0.1114484455814153,0.1343245426178953,0.0988599289207554,0.1101012609898264
278,278.0,0.1083731972069539,0.2143523816990601,0.1094143713202084,0.1115849720043471,0.1111031224739207,0.1349930243872261,0.0977743446173611,0.1124045862909225
279,279.0,0.1065566521264988,0.2135980155320665,0.1114928833762878,0.1107817936940223,0.1107068395922612,0.1354596733935542,0.0970214799714658,0.1143826623138432
280,280.0,0.1046493616188479,0.2129095719600607,0.113946763884002,0.1098543919739236,0.1100760663000804,0.1356235210566315,0.0970630949012819,0.1158772283051719
281,281.0,0.1027859872133114,0.2123173808428728,0.1161506179797912,0.1088120190397852,0.1093801106109036,0.1356610884534601,0.0978024026330174,0.117090393226858
282,282.0,0.1009483247912639,0.2115614254308324,0.1181422079677212,0.1080813538075229,0.1086519020222605,0.1359456823348615,0.0985176997769001,0.1181514038686371
283,283.0,0.0991492927678227,0.2110070523306897,0.1199189408744296,0.107300884832638,0.1079857618449507,0.1363743327685974,0.0992014892816835,0.1190622452991884
284,284.0,0.0973475496884022,0.2102647571989572,0.1217621304907443,0.1064380040851674,0.1072574741221566,0.1372747225997489,0.0998588737118722,0.1197964881029509
285,285.0,0.0955617155200655,0.210257821320332,0.1237447417461567,0.105508917149908,0.1064802546976378,0.137842545627729,0.1003152055290333,0.1202887984091373
286,286.0,0.093847131811272,0.2103723871292327,0.1254905628163778,0.1045561346821138,0.1057077324613036,0.1382489478656468,0.1010409509664646,0.1207361522675883
287,287.0,0.0922250785756098,0.2103852593731337,0.1273230189401219,0.1036143676422801,0.1049652443320731,0.138690818932523,0.1017176709885534,0.1210785412157048
288,288.0,0.0907171149173448,0.2105939428681273,0.1289754219795866,0.1027096409015335,0.1042259566247247,0.1390393440968652,0.1024346518538152,0.1213039267580024
289,289.0,0.0893257495102402,0.210985038576106,0.1304474469467827,0.1018455516901343,0.1034936675194145,0.1392971717973141,0.1031857803998569,0.1214195935601509
290,290.0,0.0880520942008186,0.211369043777735,0.1317406349174193,0.101024960011188,0.103030559020616,0.1394676604338462,0.1038818150418623,0.1214332325965144
291,291.0,0.0869435813542367,0.2117499246308533,0.1329503440719023,0.1004070061579848,0.1026194721434012,0.1390798638411983,0.10487310903506,0.1213766987653631
292,292.0,0.0859591532653283,0.2121876646275134,0.1340048807303619,0.0998507041972908,0.1022317634571145,0.1387158645529283,0.1058077322408731,0.1212422369285894
293,293.0,0.0850405902000534,0.2134165627910882,0.1346884991653366,0.0992995695138178,0.1018114660679013,0.1382453173347533,0.1066254934616766,0.1208725014653725
294,294.0,0.08391700373397,0.214595826635623,0.1351136171889794,0.0988163250013988,0.1013748327127512,0.1377589422872099,0.1074487237293191,0.1209747287107484
295,295.0,0.0829152692169442,0.215648242639048,0.1354125616729763,0.0983982161248159,0.1009752206091638,0.1372434233664917,0.108373715378956,0.1210333509916038
296,296.0,0.0819940111489674,0.2165811626822708,0.1360557528761788,0.0983162027589782,0.1005860111847125,0.1363723356136041,0.1092041297875855,0.1208903939477024
297,297.0,0.0812457682880706,0.2167939699569068,0.1364493007285125,0.0983097405208468,0.1009086047760416,0.1368991506981293,0.1085944532319369,0.1207990117995551
298,298.0,0.0804080696702549,0.2168285864534453,0.1365225568806561,0.0981977724946279,0.1011352767891796,0.1381303588410734,0.1078081092204006,0.1209692696503619
299,299.0,0.0801486913951083,0.2167472361928944,0.1365664158566462,0.0980387723521429,0.1013155231248166,0.1392379352453078,0.1069198675869227,0.1210255582461608
300,300.0,0.0804108405591471,0.2165608703613695,0.1366716945579595,0.0978357133462013,0.1014505077932527,0.1402191546704396,0.1059467095489163,0.1209045091627135
301,301.0,0.080879486094161,0.2169395096904261,0.1365207750006806,0.0975367136193539,0.1014865629431276,0.1407980662590775,0.1048497409310809,0.120989145462092
302,302.0,0.0813120005234818,0.2171517950323205,0.1368133399949369,0.0972105811759239,0.1014548746456648,0.1410856127050917,0.1041416867374245,0.1208301091851556
303,303.0,0.0818040492548419,0.2173246111074189,0.1370325326562069,0.0969176312270973,0.1014295885308634,0.141334439402287,0.1034372160884289,0.1207199317328554
304,304.0,0.0823443425433417,0.2174591371131948,0.1374529369066829,0.0966567993034064,0.1014090697594591,0.1412750360472299,0.1027424435734677,0.1206602347532172
305,305.0,0.0828629545045739,0.2175173062091762,0.1382190558415483,0.096407052893554,0.1013522912183503,0.1411616851387016,0.1020232577199817,0.1204563964741137
306,306.0,0.0834098226240012,0.2175407349892965,0.1387217244779221,0.0961869106279195,0.1012978071581093,0.1419550321221666,0.1013243090521493,0.1195636589484351
307,307.0,0.0839219061949182,0.2174954348542711,0.1395391054104419,0.0959768498743508,0.1012085053363796,0.1426945166779119,0.1006137834015689,0.1185498982501571
308,308.0,0.0844044161417724,0.2173370243805187,0.1402014105188882,0.0957519620291393,0.1010785233619951,0.1438440329136439,0.0998903452786859,0.1174922853753561
309,309.0,0.0848836843995005,0.217250468742262,0.1407737783015709,0.0955350234009105,0.1009317407419338,0.1450015722675055,0.0991905746069475,0.116433157539369
310,310.0,0.0853278949859038,0.2171438857742304,0.1412089429613038,0.0953106073452279,0.1007468386718055,0.1464199300793018,0.0984800493426618,0.1153618508395647
311,311.0,0.0857363395884163,0.2170256727967085,0.1415169096866821,0.0956374893471149,0.1005288037906511,0.1474981651344453,0.0977662758710593,0.114290343784922
312,312.0,0.0861085063467613,0.2169029192192866,0.1419635321090742,0.095928027002073,0.1002822456594206,0.1485297455271947,0.0970558326786234,0.1132291914575658
313,313.0,0.0864441296744752,0.2166277530663004,0.1422735499745014,0.0961827776649489,0.1000114519646536,0.149918250204091,0.0963544609495816,0.1121876265014475
314,314.0,0.086769355353409,0.2163499106778886,0.1425307396531232,0.0964523044109131,0.0997582191794085,0.1512324215280074,0.095704932234642,0.1112021169626078
315,315.0,0.0870522911119714,0.2162520917811319,0.1428818774608994,0.0967896271713898,0.0991521946694568,0.1525050959095473,0.0952136191246054,0.1101532027709977
316,316.0,0.0875531332374209,0.2161596936136737,0.1432133482986456,0.0970906273174069,0.0985750879629271,0.1536297376936529,0.0947527803901775,0.109025591486095
317,317.0,0.0879524304325791,0.2160193616640653,0.1437467983995841,0.0973252916651174,0.0979956669726827,0.1548341340399368,0.0942737460043593,0.1078525708216749
318,318.0,0.088253755274287,0.2158363905953629,0.1440231662415298,0.0977452631510914,0.0974193376287118,0.1558574298960063,0.0937812116957442,0.1070834455172662
319,319.0,0.0884352956512021,0.2154172204569651,0.1442237174690618,0.0980415036928791,0.0969814524908028,0.1569785896626272,0.0936801517274024,0.1062420688490591
320,320.0,0.088570053396483,0.2149516605242335,0.1443051500497156,0.0982804785927945,0.0966159996687683,0.1582361162172866,0.0935986595418837,0.1054418820088344
321,321.0,0.0886606996704985,0.2144474505758875,0.1447115541545292,0.0985378764767217,0.0962507652069784,0.1591714604987988,0.0935347923078045,0.104685401108781
322,322.0,0.0886751944516451,0.2139060549364312,0.1454324244177982,0.0986948468224032,0.0958820801584247,0.1599774289217431,0.0934633563533612,0.1039686139381931
323,323.0,0.0886558688270255,0.2133512518130826,0.1460269952745106,0.0992077124482536,0.0955309165925472,0.1605048820144517,0.0934116799538831,0.1033106930762455
324,324.0,0.0886343764761804,0.2127986484207293,0.1469415692606522,0.0997165273200487,0.0952555753775573,0.160506511360834,0.0934063823005865,0.1027404094834115
325,325.0,0.0886112846754463,0.2120687525356378,0.148094227772025,0.1001621330384014,0.0949975500852394,0.1602776200585997,0.093026347508925,0.1027620843257253
326,326.0,0.0889688494636195,0.2114174358465529,0.1489954417717474,0.1005564165451805,0.0947278750542673,0.1602310839432688,0.0923975313089023,0.1027053660664611
327,327.0,0.0892537046989263,0.2104857010766384,0.1496697965182358,0.1010623549714516,0.0947322929391901,0.1603697473702824,0.0917501069162806,0.1026762955089946
328,328.0,0.0895006756712423,0.2097356638133527,0.1497594230560051,0.1014890905862991,0.0951298150958851,0.1606025109754985,0.0911063152483094,0.1026765055534076
329,329.0,0.0896680766321086,0.2088891601285677,0.1496165723624198,0.1018373524870537,0.0956370451732343,0.1609134629363695,0.0908450950025391,0.1025932352777072
330,330.0,0.0898066314769899,0.2081323438455634,0.1493529422166409,0.1021251398784327,0.096131961532263,0.161311567807974,0.0905994627918108,0.1025399504503252
331,331.0,0.0898498296004442,0.2083087048050146,0.1484485687845209,0.1023225327219332,0.0967852775624788,0.1613827558574407,0.0905158310063865,0.102386499661781
332,332.0,0.0898323770385787,0.2085051041304846,0.1474115924839032,0.1027051011386989,0.0974156852646717,0.161441087978831,0.0904330930160695,0.1022559589487622
333,333.0,0.0897666183996117,0.2085904402339571,0.1465576525630016,0.1030069856115458,0.0980348947793196,0.1613867759371149,0.0905015877702795,0.1021550447051695
334,334.0,0.0896894007626606,0.2087087639860048,0.1456992844346215,0.1032802740176633,0.0986430603108667,0.161294345039055,0.0905978415417952,0.1020870299073327
335,335.0,0.089491531092782,0.2086333711620276,0.1457344034896834,0.1034139819685522,0.0991240934911966,0.161057420368155,0.0906070047800596,0.1019381936475433
336,336.0,0.0892766378561885,0.2086299548706514,0.1457124742174462,0.1034851049124136,0.0995529939214616,0.1609219482558292,0.0906152070376286,0.1018056789283808
337,337.0,0.0890401170349119,0.2086514586690438,0.145612851524125,0.1037594556351682,0.1000438557412523,0.160598548090937,0.0906131351849355,0.1016805781196261
338,338.0,0.0887875278582844,0.2087692445491017,0.1454424150384954,0.1042263032756544,0.100472835448637,0.1601220491710035,0.0906134319944661,0.1015661926643573
339,339.0,0.0886053247041114,0.2089889117032661,0.145265549289823,0.1045836409238844,0.1008505726031643,0.159613621098598,0.0906148444786322,0.1014775351985205
340,340.0,0.0884263636783975,0.2092224997883067,0.1450954377660488,0.104912774718879,0.1012009524631365,0.1591000152650719,0.0906303209452343,0.1014116353749251
341,341.0,0.088243146636786,0.2093761582635946,0.1448814683649523,0.1054318661833131,0.10149232171223,0.1585807474273574,0.0906382296921862,0.1013560617195802
342,342.0,0.0880641967370723,0.2095969132748334,0.1446748387819464,0.1059181576060255,0.101739248225287,0.1580454791123925,0.0906446992766297,0.1013164669858131
343,343.0,0.0880476327250302,0.2098442455267135,0.1447567878256956,0.1063772452988771,0.1020381077641286,0.1578273946857046,0.0908057682938779,0.1003028178799723
344,344.0,0.0880313504901923,0.2100804831801112,0.1450523099624956,0.1067573851227888,0.1022960723750894,0.1575054770296744,0.0909678086328677,0.0993091132067806
345,345.0,0.0879733445002902,0.2103513357055469,0.1456846491702054,0.1069175150121135,0.102561614292054,0.1570874187000815,0.0910335363325907,0.0983905862871176
346,346.0,0.0879098712557702,0.2103439792608665,0.1465315459331278,0.1070043703176306,0.1027878244302931,0.1568193604567535,0.0910973202696394,0.0975057280759188
347,347.0,0.087833034523266,0.2103146260237852,0.1472950491102515,0.1072634417828555,0.1030700004882543,0.1564346066758127,0.0911396970023721,0.0966495443934025
348,348.0,0.0877243603183959,0.2103646559033319,0.1479524264826109,0.1074179289272762,0.1032977005419621,0.1562614273154382,0.0911539855171107,0.095827514993874
349,349.0,0.0873114550050969,0.2110292287958046,0.1474922428572742,0.1081421391282385,0.1036420864106117,0.1561793648643031,0.0913853605574898,0.0948181223811812
350,350.0,0.0868162009609908,0.2123793809732803,0.1469244064796042,0.1090187841513206,0.1038512999435925,0.1557252030642275,0.0915134557136711,0.0937712687133129
351,351.0,0.0862532471461828,0.2140796446052462,0.146492432291292,0.109763120488712,0.1039395191772603,0.1552101370326719,0.0915577705780872,0.0927041286805475
352,352.0,0.0855439967584644,0.215836401198413,0.146299759748059,0.1102418464840114,0.1039828414004896,0.1548109611933902,0.0915937357305789,0.0916904574865934
353,353.0,0.0855579624120097,0.2172056231945045,0.145992572378502,0.1105807717109816,0.1039279349942512,0.1545006336428258,0.0915577433595271,0.090676758307398
354,354.0,0.0855875137516855,0.2185988400162472,0.1456602508521784,0.1108614683384228,0.1038362196749741,0.1542109100965454,0.0915144877388329,0.0897303095311136
355,355.0,0.0846377911450208,0.2207105398208055,0.1454642676977981,0.1112326213803748,0.1037435835225491,0.1538168918240393,0.0915191307462149,0.0888751738631974
356,356.0,0.0836289687067245,0.2223868138093904,0.1451055611948263,0.1114099421868693,0.1042767055729339,0.1537272990001765,0.091437277890492,0.0880274316385869
357,357.0,0.0826488906354088,0.223957827243583,0.1449335250103741,0.1115192337204309,0.1047812479491182,0.1535574912876427,0.0913502432775982,0.0872515408758439
358,358.0,0.0817022862186611,0.2251514644404381,0.1447007591444519,0.1115520107954204,0.1056311858975898,0.1535671590637309,0.0911458823405631,0.0865492520991445
359,359.0,0.0807950082306687,0.2262919703943691,0.1444319281161596,0.1115234573204233,0.1064250681809872,0.1536879871607032,0.0909293637583061,0.0859152168383826
360,360.0,0.0799267494255663,0.2280437797083889,0.1443135823751559,0.1114230944327049,0.1065523415878141,0.153699091055864,0.0906979857687197,0.085343375645786
361,361.0,0.0790588301928387,0.2293998988405015,0.1441124656365428,0.1112234256363374,0.1072395808781991,0.153764689846592,0.0904114660710272,0.0847896428979611
362,362.0,0.0790382698144693,0.2302581887206849,0.1438129742181076,0.1109214236067423,0.1077621464400755,0.1538798328862787,0.0900735582069156,0.0842536061067258
363,363.0,0.07898108629693,0.2307498029329211,0.1434244399411839,0.1105286366645321,0.1081297143862514,0.1541669822938836,0.08969227479027,0.0843270626940276
364,364.0,0.0788929387205608,0.2309743263105607,0.1435130017157519,0.1100576111565026,0.1083700305567553,0.1545191822503165,0.0892839969013729,0.084388912388179
365,365.0,0.07900017862008,0.2309603317705486,0.143187533691771,0.1101030411582774,0.1085806774192019,0.154579293750971,0.0890737190590841,0.0845152245300659
366,366.0,0.0787592699750354,0.2310018835462398,0.1435807454806946,0.1104251522623653,0.1083714275927977,0.1547823797064587,0.0886348542510165,0.084444287185392
367,367.0,0.0785463017460258,0.2310389746103979,0.1439639995325732,0.110727668566506,0.1081167248630235,0.1549815443215872,0.0882114507527274,0.0844133356071588
368,368.0,0.0775015901788835,0.2313933696349309,0.1438738668051241,0.1117797402834058,0.1078178018052431,0.1553683988057477,0.087836590482196,0.0844286420044687
369,369.0,0.0770596772959702,0.2314019359833857,0.1439546821428341,0.112740750055037,0.1073290775779573,0.1557878339044276,0.0873726959320936,0.0843533471082942
370,370.0,0.0765682105033983,0.2311004810375181,0.1438233645654661,0.1143075868398862,0.1067397249158212,0.1563334705149402,0.0868391597090357,0.0842880019139341
371,371.0,0.0761033632777383,0.2307956673244889,0.143631514027052,0.1157922014853245,0.1061842312937712,0.1569385064500146,0.0863212345838294,0.0842332815577808
372,372.0,0.075647386990323,0.2303373097014738,0.1437502111115627,0.1165803519630837,0.1055619822216598,0.1581672182126334,0.0858035143749278,0.0841520254243355
373,373.0,0.0751394856126199,0.2297132541459379,0.1445788807148306,0.1171694586592786,0.1048523709453724,0.1593511993576257,0.0852229001708125,0.0839724503935222
374,374.0,0.0745874908622573,0.2289514196348129,0.1450687951013543,0.1175651294452384,0.1040681801411898,0.1610176665565659,0.0845930109578316,0.0841483073007495
375,375.0,0.0740711055210284,0.2280456083984073,0.1456711959132564,0.1178773960689129,0.1032853092955694,0.1625337252028209,0.0841768871571223,0.0843387724428823
