,Unnamed: 0,Total_iterations,Intertwine_two,Add_vertex,Delete_vertex,Invert_path_vertices,Insert_inside_vertex,Delete_inside_vertex,Replace_inside_vertex,Donate_between_routes
0,0.0,0.0,0.125,0.125,0.125,0.125,0.125,0.125,0.125,0.125
1,1.0,0.10900000000000001,0.125,0.125,0.125,0.125,0.125,0.125,0.125,0.125
2,2.0,0.31601,0.125,0.125,0.125,0.125,0.125,0.125,0.125,0.125
3,3.0,0.6191589000000001,0.125,0.125,0.125,0.125,0.125,0.125,0.125,0.125
4,4.0,1.015801321,0.125,0.125,0.125,0.125,0.125,0.125,0.125,0.125
5,5.0,1.50262148669,0.125,0.125,0.125,0.125,0.125,0.125,0.125,0.125
6,6.0,2.0757334209441005,0.125,0.125,0.125,0.125,0.125,0.125,0.125,0.125
7,7.0,2.7307768275633495,0.125,0.125,0.125,0.125,0.125,0.125,0.125,0.125
8,8.0,3.4630081252450404,0.125,0.125,0.125,0.125,0.125,0.125,0.125,0.125
9,9.0,4.2673862119061114,0.125,0.125,0.125,0.125,0.125,0.125,0.125,0.125
10,10.0,5.138652627782014,0.125,0.125,0.125,0.125,0.125,0.125,0.125,0.125
11,11.0,6.071405875792507,0.125,0.125,0.125,0.125,0.125,0.125,0.125,0.125
12,12.0,7.060169740244025,0.125,0.125,0.125,0.125,0.125,0.125,0.125,0.125
13,13.0,8.099455520847952,0.125,0.125,0.125,0.125,0.125,0.125,0.125,0.125
14,14.0,9.183818168183006,0.125,0.125,0.125,0.125,0.125,0.125,0.125,0.125
15,15.0,10.307906369102724,0.125,0.125,0.125,0.125,0.125,0.125,0.125,0.125
16,16.0,11.466506686239443,0.125,0.125,0.125,0.125,0.125,0.125,0.125,0.125
17,17.0,12.654581904800096,0.125,0.125,0.125,0.125,0.125,0.125,0.125,0.125
18,18.0,13.867303782456686,0.125,0.125,0.125,0.125,0.125,0.125,0.125,0.125
19,19.0,15.100080434523047,0.125,0.125,0.125,0.125,0.125,0.125,0.125,0.125
20,20.0,16.348578617037543,0.125,0.125,0.125,0.125,0.125,0.125,0.125,0.125
21,21.0,17.608741195130214,0.125,0.125,0.125,0.125,0.125,0.125,0.125,0.125
22,22.0,18.876800103462312,0.125,0.125,0.125,0.125,0.125,0.125,0.125,0.125
23,23.0,20.14928511992658,0.125,0.125,0.125,0.125,0.125,0.125,0.125,0.125
24,24.0,21.423028783545156,0.125,0.125,0.125,0.125,0.125,0.125,0.125,0.125
25,25.0,22.695167792966423,0.125,0.125,0.125,0.125,0.125,0.125,0.125,0.125
26,26.0,23.963141223515898,0.125,0.125,0.125,0.125,0.125,0.125,0.125,0.125
27,27.0,25.224685898775267,0.125,0.125,0.125,0.125,0.125,0.125,0.125,0.125
28,28.0,26.477829247520948,0.125,0.125,0.125,0.125,0.125,0.125,0.125,0.125
29,29.0,27.720879968916847,0.125,0.125,0.125,0.125,0.125,0.125,0.125,0.125
30,30.0,28.95241681848399,0.125,0.125,0.125,0.125,0.125,0.125,0.125,0.125
31,31.0,30.17127581490958,0.125,0.125,0.125,0.125,0.125,0.125,0.125,0.125
32,32.0,31.376536153543515,0.125,0.125,0.125,0.125,0.125,0.125,0.125,0.125
33,33.0,32.567505096778625,0.125,0.125,0.125,0.125,0.125,0.125,0.125,0.125
34,34.0,33.74370209472243,0.125,0.125,0.125,0.125,0.125,0.125,0.125,0.125
35,35.0,34.90484237192463,0.125,0.125,0.125,0.125,0.125,0.125,0.125,0.125
36,36.0,36.05082019768737,0.125,0.125,0.125,0.125,0.125,0.125,0.125,0.125
37,37.0,37.18169203889697,0.125,0.125,0.125,0.125,0.125,0.125,0.125,0.125
38,38.0,38.29765977559663,0.125,0.125,0.125,0.125,0.125,0.125,0.125,0.125
39,39.0,39.399054140870355,0.125,0.125,0.125,0.125,0.125,0.125,0.125,0.125
40,40.0,40.48631852820801,0.125,0.125,0.125,0.125,0.125,0.125,0.125,0.125
41,41.0,41.55999329152982,0.125,0.125,0.125,0.125,0.125,0.125,0.125,0.125
42,42.0,42.62070064560415,0.125,0.125,0.125,0.125,0.125,0.125,0.125,0.125
43,43.0,43.669130257815,0.125,0.125,0.125,0.125,0.125,0.125,0.125,0.125
44,44.0,44.70602560622662,0.125,0.125,0.125,0.125,0.125,0.125,0.125,0.125
45,45.0,45.73217116373481,0.125,0.125,0.125,0.125,0.125,0.125,0.125,0.125
46,46.0,46.748380453854836,0.125,0.125,0.125,0.125,0.125,0.125,0.125,0.125
47,47.0,47.755485010424316,0.125,0.125,0.125,0.125,0.125,0.125,0.125,0.125
48,48.0,48.7543242612326,0.125,0.125,0.125,0.125,0.125,0.125,0.125,0.125
49,49.0,49.745736344347726,0.125,0.125,0.125,0.125,0.125,0.125,0.125,0.125
50,50.0,50.730549855707864,0.125,0.125,0.125,0.125,0.125,0.125,0.125,0.125
51,51.0,51.70957651737491,0.125,0.125,0.125,0.125,0.125,0.125,0.125,0.125
52,52.0,52.68360474770151,0.125,0.125,0.125,0.125,0.125,0.125,0.125,0.125
53,53.0,53.65339410751842,0.125,0.125,0.125,0.125,0.125,0.125,0.125,0.125
54,54.0,54.61967059027847,0.125,0.125,0.125,0.125,0.125,0.125,0.125,0.125
55,55.0,55.58312271885972,0.125,0.125,0.125,0.125,0.125,0.125,0.125,0.125
56,56.0,56.544398407394254,0.125,0.125,0.125,0.125,0.125,0.125,0.125,0.125
57,57.0,57.504102543001395,0.125,0.125,0.125,0.125,0.125,0.125,0.125,0.125
58,58.0,58.462795239617805,0.125,0.125,0.125,0.125,0.125,0.125,0.125,0.125
59,59.0,59.42099071417639,0.125,0.125,0.125,0.125,0.125,0.125,0.125,0.125
60,60.0,60.379156734137354,0.125,0.125,0.125,0.125,0.125,0.125,0.125,0.125
61,61.0,61.337714584760846,0.125,0.125,0.125,0.125,0.125,0.125,0.125,0.125
62,62.0,62.29703950447439,0.125,0.125,0.125,0.125,0.125,0.125,0.125,0.125
63,63.0,63.257461537171835,0.125,0.125,0.125,0.125,0.125,0.125,0.125,0.125
64,64.0,64.22926675122783,0.125,0.125,0.125,0.125,0.125,0.125,0.125,0.125
65,65.0,65.20259877636593,0.125,0.125,0.125,0.125,0.125,0.125,0.125,0.125
66,66.0,66.17757161122657,0.125,0.125,0.125,0.125,0.125,0.125,0.125,0.125
67,67.0,67.15427144648888,0.125,0.125,0.125,0.125,0.125,0.125,0.125,0.125
68,68.0,68.14275858376006,0.125,0.125,0.125,0.125,0.125,0.125,0.125,0.125
69,69.0,69.13296942146653,0.125,0.125,0.125,0.125,0.125,0.125,0.125,0.125
70,70.0,70.12482948118767,0.125,0.125,0.125,0.125,0.125,0.125,0.125,0.125
71,71.0,71.11825524012484,0.125,0.125,0.125,0.125,0.125,0.125,0.125,0.125
72,72.0,72.11315587076705,0.125,0.125,0.125,0.125,0.125,0.125,0.125,0.125
73,73.0,73.10943487963735,0.125,0.125,0.125,0.125,0.125,0.125,0.125,0.125
74,74.0,74.10699163882425,0.125,0.125,0.125,0.125,0.125,0.125,0.125,0.125
75,75.0,75.10572280570423,0.125,0.125,0.125,0.125,0.125,0.125,0.125,0.125
76,76.0,76.10552362783918,0.125,0.125,0.125,0.125,0.125,0.125,0.125,0.125
77,77.0,77.10628913148221,0.125,0.125,0.125,0.125,0.125,0.125,0.125,0.125
78,78.0,78.10791519344613,0.125,0.125,0.125,0.125,0.125,0.125,0.125,0.125
79,79.0,79.1102994972792,0.125,0.125,0.125,0.125,0.125,0.125,0.125,0.125
80,80.0,80.11334237575616,0.125,0.125,0.125,0.125,0.125,0.125,0.125,0.125
81,81.0,81.11694754262788,0.125,0.125,0.125,0.125,0.125,0.125,0.125,0.125
82,82.0,82.12102271738615,0.125,0.125,0.125,0.125,0.125,0.125,0.125,0.125
83,83.0,83.12548014749473,0.125,0.125,0.125,0.125,0.125,0.125,0.125,0.125
84,84.0,84.1302370331175,0.125,0.125,0.125,0.125,0.125,0.125,0.125,0.125
85,85.0,85.13521585984681,0.125,0.125,0.125,0.125,0.125,0.125,0.125,0.125
86,86.0,86.14034464530474,0.125,0.125,0.125,0.125,0.125,0.125,0.125,0.125
87,87.0,87.14555710576381,0.125,0.125,0.125,0.125,0.125,0.125,0.125,0.125
88,88.0,88.15079274911935,0.125,0.125,0.125,0.125,0.125,0.125,0.125,0.125
89,89.0,89.15599690064813,0.125,0.125,0.125,0.125,0.125,0.125,0.125,0.125
90,90.0,90.16112066801756,0.125,0.125,0.125,0.125,0.125,0.125,0.125,0.125
91,91.0,91.16612085196988,0.125,0.125,0.125,0.125,0.125,0.125,0.125,0.125
92,92.0,92.17095980900726,0.125,0.125,0.125,0.125,0.125,0.125,0.125,0.125
93,93.0,93.17560527225083,0.125,0.125,0.125,0.125,0.125,0.125,0.125,0.125
94,94.0,94.18003013644754,0.125,0.125,0.125,0.125,0.125,0.125,0.125,0.125
95,95.0,95.18421221286009,0.125,0.125,0.125,0.125,0.125,0.125,0.125,0.125
96,96.0,96.1981339595028,0.125,0.125,0.125,0.125,0.125,0.125,0.125,0.125
97,97.0,97.2116821918862,0.125,0.125,0.125,0.125,0.125,0.125,0.125,0.125
98,98.0,98.22475877911239,0.125,0.125,0.125,0.125,0.125,0.125,0.125,0.125
99,99.0,99.23728011982485,0.125,0.125,0.125,0.125,0.125,0.125,0.125,0.125
100,100.0,100.24917652526781,0.125,0.125,0.125,0.125,0.125,0.125,0.125,0.125
101,101.0,101.2603915249138,0.125,0.125,0.125,0.125,0.125,0.125,0.125,0.125
102,102.0,102.27088110934605,0.125,0.125,0.125,0.125,0.125,0.125,0.125,0.125
103,103.0,103.28061292424162,0.125,0.125,0.125,0.125,0.125,0.125,0.125,0.125
104,104.0,104.28956542840521,0.125,0.125,0.125,0.125,0.125,0.125,0.125,0.125
105,105.0,105.2977270278684,0.125,0.125,0.125,0.125,0.125,0.125,0.125,0.125
106,106.0,106.30509519710658,0.125,0.125,0.125,0.125,0.125,0.125,0.125,0.125
107,107.0,107.31167559744988,0.125,0.125,0.125,0.125,0.125,0.125,0.125,0.125
108,108.0,108.31748120178435,0.125,0.125,0.125,0.125,0.125,0.125,0.125,0.125
109,109.0,109.32253143366754,0.125,0.125,0.125,0.125,0.125,0.125,0.125,0.125
110,110.0,110.32685132802573,0.125,0.125,0.125,0.125,0.125,0.125,0.125,0.125
111,111.0,111.33047071966783,0.125,0.125,0.125,0.125,0.125,0.125,0.125,0.125
112,112.0,112.33342346494906,0.125,0.125,0.125,0.125,0.125,0.125,0.125,0.125
113,113.0,113.33574670105267,0.125,0.125,0.125,0.125,0.125,0.125,0.125,0.125
114,114.0,114.3374801465354,0.125,0.125,0.125,0.125,0.125,0.125,0.125,0.125
115,115.0,115.33866544600448,0.125,0.125,0.125,0.125,0.125,0.125,0.125,0.125
116,116.0,116.33934556106662,0.125,0.125,0.125,0.125,0.125,0.125,0.125,0.125
117,117.0,117.33956420901188,0.125,0.125,0.125,0.125,0.125,0.125,0.125,0.125
118,118.0,118.3393653500725,0.125,0.125,0.125,0.125,0.125,0.125,0.125,0.125
119,119.0,119.33879272352632,0.125,0.125,0.125,0.125,0.125,0.125,0.125,0.125
120,120.0,120.3378894323995,0.125,0.125,0.125,0.125,0.125,0.125,0.125,0.125
121,121.0,121.33669757606138,0.125,0.125,0.125,0.125,0.125,0.125,0.125,0.125
122,122.0,122.33525792959645,0.125,0.125,0.125,0.125,0.125,0.125,0.125,0.125
123,123.0,123.33360966848205,0.125,0.125,0.125,0.125,0.125,0.125,0.125,0.125
124,124.0,124.33179013679427,0.125,0.125,0.125,0.125,0.125,0.125,0.125,0.125
125,125.0,125.32983465690732,0.125,0.125,0.125,0.125,0.125,0.125,0.125,0.125
126,126.0,126.32777637843999,0.125,0.125,0.125,0.125,0.125,0.125,0.125,0.125
127,127.0,127.325646164035,0.125,0.125,0.125,0.125,0.125,0.125,0.125,0.125
128,128.0,128.32347250943016,0.125,0.125,0.125,0.125,0.125,0.125,0.125,0.125
129,129.0,129.3212814951915,0.125,0.125,0.125,0.125,0.125,0.125,0.125,0.125
130,130.0,130.32909676742477,0.125,0.125,0.125,0.125,0.125,0.125,0.125,0.125
131,131.0,131.3368395447605,0.125,0.125,0.125,0.125,0.125,0.125,0.125,0.125
132,132.0,132.34443964891503,0.125,0.125,0.125,0.125,0.125,0.125,0.125,0.125
133,133.0,133.35183534616496,0.125,0.125,0.125,0.125,0.125,0.125,0.125,0.125
134,134.0,134.35897312022826,0.125,0.125,0.125,0.125,0.125,0.125,0.125,0.125
135,135.0,135.36580738568296,0.125,0.125,0.125,0.125,0.125,0.125,0.125,0.125
136,136.0,136.37230015073533,0.125,0.125,0.125,0.125,0.125,0.125,0.125,0.125
137,137.0,137.37842063777512,0.125,0.125,0.125,0.125,0.125,0.125,0.125,0.125
138,138.0,138.38414486973318,0.125,0.125,0.125,0.125,0.125,0.125,0.125,0.125
139,139.0,139.3894552297981,0.125,0.125,0.125,0.125,0.125,0.125,0.125,0.125
140,140.0,140.39434000155853,0.125,0.125,0.125,0.125,0.125,0.125,0.125,0.125
141,141.0,141.39879289612736,0.125,0.125,0.125,0.125,0.125,0.125,0.125,0.125
142,142.0,142.40281257227804,0.125,0.125,0.125,0.125,0.125,0.125,0.125,0.125
143,143.0,143.40640215509086,0.125,0.125,0.125,0.125,0.125,0.125,0.125,0.125
144,144.0,144.4095687580715,0.125,0.125,0.125,0.125,0.125,0.125,0.125,0.125
145,145.0,145.4123230131733,0.125,0.125,0.125,0.125,0.125,0.125,0.125,0.125
146,146.0,146.41467861263328,0.125,0.125,0.125,0.125,0.125,0.125,0.125,0.125
147,147.0,147.41665186602089,0.125,0.125,0.125,0.125,0.125,0.125,0.125,0.125
148,148.0,148.41826127540952,0.125,0.125,0.125,0.125,0.125,0.125,0.125,0.125
149,149.0,149.4195271311052,0.125,0.125,0.125,0.125,0.125,0.125,0.125,0.125
150,150.0,150.42047112992026,0.125,0.125,0.125,0.125,0.125,0.125,0.125,0.125
151,151.0,151.4211160175546,0.125,0.125,0.125,0.125,0.125,0.125,0.125,0.125
152,152.0,152.42148525624998,0.125,0.125,0.125,0.125,0.125,0.125,0.125,0.125
153,153.0,153.42160271851333,0.125,0.125,0.125,0.125,0.125,0.125,0.125,0.125
154,154.0,154.4214924073652,0.125,0.125,0.125,0.125,0.125,0.125,0.125,0.125
155,155.0,155.42117820325825,0.125,0.125,0.125,0.125,0.125,0.125,0.125,0.125
156,156.0,156.4206836375294,0.125,0.125,0.125,0.125,0.125,0.125,0.125,0.125
157,157.0,157.42003169199816,0.125,0.125,0.125,0.125,0.125,0.125,0.125,0.125
158,158.0,158.41924462410003,0.125,0.125,0.125,0.125,0.125,0.125,0.125,0.125
159,159.0,159.42834381675073,0.125,0.125,0.125,0.125,0.125,0.125,0.125,0.125
160,160.0,160.43724965196884,0.125,0.125,0.125,0.125,0.125,0.125,0.125,0.125
161,161.0,161.44589240714546,0.125,0.125,0.125,0.125,0.125,0.125,0.125,0.125
162,162.0,162.45421196273296,0.125,0.125,0.125,0.125,0.125,0.125,0.125,0.125
163,163.0,163.46215744313437,0.125,0.125,0.125,0.125,0.125,0.125,0.125,0.125
164,164.0,164.4696868010643,0.125,0.125,0.125,0.125,0.125,0.125,0.125,0.125
165,165.0,165.47676635519062,0.125,0.125,0.125,0.125,0.125,0.125,0.125,0.125
166,166.0,166.48337029035238,0.125,0.125,0.125,0.125,0.125,0.125,0.125,0.125
167,167.0,167.48948012909446,0.125,0.125,0.125,0.125,0.125,0.125,0.125,0.125
168,168.0,168.49508418267138,0.125,0.125,0.125,0.125,0.125,0.125,0.125,0.125
169,169.0,169.50017698906387,0.125,0.125,0.125,0.125,0.125,0.125,0.125,0.125
170,170.0,170.5047587449265,0.125,0.125,0.125,0.125,0.125,0.125,0.125,0.125
171,171.0,171.5088347377536,0.125,0.125,0.125,0.125,0.125,0.125,0.125,0.125
172,172.0,172.51241478392046,0.125,0.125,0.125,0.125,0.125,0.125,0.125,0.125
173,173.0,173.5155126776314,0.125,0.125,0.125,0.125,0.125,0.125,0.125,0.125
174,174.0,174.51814565519493,0.125,0.125,0.125,0.125,0.125,0.125,0.125,0.125
175,175.0,175.5203338784502,0.125,0.125,0.125,0.125,0.125,0.125,0.125,0.125
176,176.0,176.52209994059544,0.125,0.125,0.125,0.125,0.125,0.125,0.125,0.125
177,177.0,177.52346839712018,0.125,0.125,0.125,0.125,0.125,0.125,0.125,0.125
178,178.0,178.52446532402124,0.125,0.125,0.125,0.125,0.125,0.125,0.125,0.125
179,179.0,179.52511790499196,0.125,0.125,0.125,0.125,0.125,0.125,0.125,0.125
180,180.0,180.52545404881573,0.125,0.125,0.125,0.125,0.125,0.125,0.125,0.125
181,181.0,181.52550203776894,0.125,0.125,0.125,0.125,0.125,0.125,0.125,0.125
182,182.0,182.52529020744916,0.125,0.125,0.125,0.125,0.125,0.125,0.125,0.125
183,183.0,183.52484665808686,0.125,0.125,0.125,0.125,0.125,0.125,0.125,0.125
184,184.0,184.5241989970799,0.125,0.125,0.125,0.125,0.125,0.125,0.125,0.125
185,185.0,185.52337411220287,0.125,0.125,0.125,0.125,0.125,0.125,0.125,0.125
186,186.0,186.52239797469153,0.125,0.125,0.125,0.125,0.125,0.125,0.125,0.125
187,187.0,187.52129547118437,0.125,0.125,0.125,0.125,0.125,0.125,0.125,0.125
188,188.0,188.5200902633161,0.125,0.125,0.125,0.125,0.125,0.125,0.125,0.125
189,189.0,189.5188046736015,0.125,0.125,0.125,0.125,0.125,0.125,0.125,0.125
190,190.0,190.51745959612234,0.125,0.125,0.125,0.125,0.125,0.125,0.125,0.125
191,191.0,191.51607443042988,0.125,0.125,0.125,0.125,0.125,0.125,0.125,0.125
192,192.0,192.51466703700234,0.125,0.125,0.125,0.125,0.125,0.125,0.125,0.125
193,193.0,193.51325371254754,0.125,0.125,0.125,0.125,0.125,0.125,0.125,0.125
194,194.0,194.51184918341272,0.125,0.125,0.125,0.125,0.125,0.125,0.125,0.125
195,195.0,195.5104666153573,0.125,0.125,0.125,0.125,0.125,0.125,0.125,0.125
196,196.0,196.50911763795386,0.125,0.125,0.125,0.125,0.125,0.125,0.125,0.125
197,197.0,197.5078123819112,0.125,0.125,0.125,0.125,0.125,0.125,0.125,0.125
198,198.0,198.5065595276537,0.125,0.125,0.125,0.125,0.125,0.125,0.125,0.125
199,199.0,199.5153663635454,0.12486111111111112,0.12486111111111112,0.12486111111111112,0.12486111111111112,0.12486111111111112,0.12486111111111112,0.12486111111111112,0.12597222222222224
200,200.0,200.5241388522125,0.12461250000000001,0.12461250000000001,0.12461250000000001,0.12461250000000001,0.12461250000000001,0.12561250000000002,0.12461250000000001,0.1267125
201,201.0,201.53279270349077,0.1241509849149389,0.12506007582402978,0.1241509849149389,0.12404572175704415,0.1241509849149389,0.12705592377724617,0.1241509849149389,0.12723433898192452
202,202.0,202.54125324260627,0.12368428958599154,0.1254933804950824,0.12368428958599154,0.12347591239300906,0.12378845625265819,0.12846721441321107,0.12368428958599154,0.12772216768806485
203,203.0,203.54945519538416,0.12322944109609918,0.12592135018700826,0.12322944109609918,0.12291992837680094,0.12343673276276584,0.1298463275788211,0.12322944109609918,0.12818733780630648
204,204.0,204.55734240093045,0.12267869213514417,0.12722912758968963,0.12267869213514417,0.12227083590268803,0.12298714005181084,0.13096046766723346,0.12267869213514417,0.12851635238314574
205,205.0,205.5648674619128,0.12206938904367004,0.12834699387094278,0.12217465220156479,0.12146032589590691,0.1224773062640648,0.13276432471606525,0.12196412588577532,0.12874288212201027
206,206.0,206.57199134217777,0.12126880987755204,0.12997748503140055,0.12147828356176257,0.12046369850591129,0.1217726966148876,0.13413932612492127,0.12105933619334154,0.12984036409022331
207,207.0,207.57868292099448,0.12052407638090407,0.1326650189085231,0.12083577111774618,0.11952952008991091,0.12111982313190246,0.13443366338776647,0.12087634925539803,0.13001577772784897
208,208.0,208.58491851271958,0.12068865644177176,0.1351552430010209,0.12009866300317529,0.11851468563714856,0.12037054956211812,0.13453872759139412,0.12060104191815507,0.1300324328452163
209,209.0,209.59068136014497,0.12079090591814898,0.13737925996987646,0.11930570972271039,0.11836545933506254,0.11956392850637171,0.13449234157193857,0.1202643586250586,0.12983803635083294
210,210.0,210.59596110922638,0.12084209597978157,0.14018690490321994,0.11847648593180612,0.11810889384372726,0.11882398819654413,0.13431617481796326,0.11977769774401885,0.12946775858293905
211,211.0,211.60075327230737,0.12079595486666186,0.14252095933448994,0.11757204511854968,0.11771150219019448,0.118006844160276,0.1353477276432205,0.11914886278682969,0.12889610389977807
212,212.0,212.60505868635718,0.12075693336660102,0.14471290985990998,0.11670213576935205,0.11734543724043929,0.11732358948696088,0.13631497896763697,0.11854528796881778,0.12829872734028228
213,213.0,213.60888297213842,0.1207236840652946,0.1475231669937092,0.1158708926909669,0.1162411414810181,0.11667263570203769,0.13721374623238666,0.11796971377324611,0.127785019061341
214,214.0,214.61223599962017,0.12070732348140936,0.15018179782739396,0.11509506970308672,0.11518525634740703,0.11607146381142788,0.13805230464585713,0.11743361681397324,0.12727316736944494
215,215.0,215.61513136435755,0.12076127140398708,0.1536114446167047,0.1144318280814849,0.11423844468330623,0.1156780932158778,0.13817679814326453,0.11627906967762136,0.1268230501777536
216,216.0,216.61758587897762,0.12076119331496295,0.15734115615291833,0.11375874720224041,0.11328456450084577,0.11526295370768463,0.1381695982934511,0.11510864795387557,0.1263131388740214
217,217.0,217.6196190833459,0.12071333461151511,0.16061940671890318,0.11308430135781239,0.11233486838326462,0.11483288575942109,0.13872336383762587,0.1139367327055164,0.12575510662594153
218,218.0,218.6212527764439,0.12062317032110116,0.1641874690826542,0.1124155088740434,0.11139881528043298,0.11439357724115434,0.13904648415473428,0.11277565384077194,0.12515932120510784
219,219.0,219.62251057246766,0.12050726100874645,0.1673075684529879,0.11177081179223874,0.110494047607111,0.11455357330904525,0.13917242681008937,0.11164469360602604,0.12454961741375542
220,220.0,220.62341748316436,0.12040242850506269,0.1701918295473074,0.11118733577831413,0.10965957273237505,0.1147550200143874,0.1392520030844894,0.11058523797592038,0.12396657236214376
221,221.0,221.62399952795974,0.12013704482676867,0.17305558181756503,0.11049322485816983,0.1087251374976629,0.11478750946036914,0.1390194460101486,0.10942916241884104,0.12435289311047501
222,222.0,222.624283372996,0.11988423069281422,0.17567370921169967,0.10986089539633512,0.10786449405602518,0.11485143600787846,0.138750941551508,0.10835210144776206,0.12476219163597747
223,223.0,223.62429599979868,0.11961601752402308,0.17836623037028287,0.10926125277551553,0.10704962989648895,0.11488453714912379,0.13833581042725648,0.10732768444771232,0.12515883740959713
224,224.0,224.62406440392311,0.11936294314504049,0.18080930702107345,0.10872334052729143,0.10631043152191312,0.11494219599226643,0.1378981297730924,0.10638720698106308,0.12556644503825973
225,225.0,225.62361532359586,0.11909970863120176,0.18279292653255327,0.10822004894741184,0.10562040854807371,0.11546874859973787,0.13733926819065392,0.10550536407966708,0.12595352647070068
226,226.0,226.62297499806536,0.11885364655165717,0.18453267210774912,0.1077766330953674,0.1050052278751618,0.11600940849008312,0.13677166923069817,0.1047087949265393,0.12634194772274407
227,227.0,227.62216895510724,0.11860169075996327,0.18632124797025174,0.10736773003308553,0.10443974755600421,0.1164859297646828,0.1361066445253383,0.10397312831457466,0.12670388107609967
228,228.0,228.62122182689387,0.11834673373503546,0.18813848273530284,0.10699376106199632,0.10392443590820066,0.11689931172171611,0.1353597210953025,0.10329941420556002,0.12703813953688628
229,229.0,229.62015719323293,0.11811110568992692,0.18972957193123083,0.10667445298217193,0.1034789097005743,0.1173101760318109,0.13462448012528083,0.10270767500977107,0.1273636285292334
230,230.0,230.61899745100575,0.1178952300071068,0.19155576467753416,0.10640753278528411,0.10310064565118365,0.11726012036201464,0.13390710577897208,0.10219563062784315,0.12767797011006157
231,231.0,231.61776370849122,0.11741924360098989,0.19354384222568516,0.10612065272834889,0.10280776616399984,0.11723062860464657,0.13419094667185547,0.10177741511899509,0.1269095048854793
232,232.0,232.61647570314324,0.11685484824242207,0.195206744210149,0.10577036682782252,0.1034645910851922,0.11708560778923931,0.13427065526791204,0.10132143185278916,0.12602575472447392
233,233.0,233.61515174129863,0.11631652878023407,0.19666035916744978,0.1054665185270694,0.10416958172471119,0.11693806102975082,0.13436584771086393,0.10093601743762323,0.12514708562229776
234,234.0,234.6138086582255,0.11569803578647174,0.19801944592214057,0.10509847751618163,0.1047109374804818,0.11666257541321708,0.13512883265074888,0.10050894409960687,0.12417275113115162
235,235.0,235.61246179687743,0.11509502740720773,0.19896567011600003,0.10475779933925919,0.10526288232811694,0.11675579322564494,0.13582920625856693,0.10013010432738288,0.12320351699782156
236,236.0,236.61112500369538,0.11451160064940025,0.19991047114778804,0.10444476987929013,0.10581845329456918,0.11680375809986014,0.13646468746990814,0.09979807854670966,0.12224818091247466
237,237.0,237.60981063979457,0.11395123275808285,0.20047895927780984,0.10415935569877996,0.10637133319789346,0.1168093190997452,0.13703381527071135,0.09988147712621036,0.1213145075707672
238,238.0,238.6085296058859,0.11453153313983129,0.20062162533348626,0.10382548483542331,0.10676434019344716,0.11669968242575574,0.13730863299512155,0.09991519822134716,0.12033350285558775
239,239.0,239.60729137930926,0.11498845430210249,0.2007227845755444,0.10345501041118643,0.10778651027040989,0.11649031193900472,0.13732641919964697,0.09990713060562194,0.11932337869648335
240,240.0,240.60610406159716,0.11604872415693926,0.20079407047210962,0.1030576342701158,0.10862253666908167,0.1161947904512895,0.13711929889634777,0.09986346006096301,0.11829948502315357
241,241.0,241.6049744350403,0.11709663337140898,0.20057033745125644,0.1026890630341702,0.10943061728107069,0.11619549589043796,0.13685855414504772,0.09983681841398923,0.117322480412619
242,242.0,242.60390802678873,0.11799943661325618,0.20019054439699366,0.10231216029693238,0.11007228615542303,0.11692311990840332,0.13711467403928876,0.0997975049824924,0.11559027360721046
243,243.0,243.6029091790944,0.11851366217578974,0.20021145788056746,0.10191944032381602,0.1106313941507852,0.11753835374778357,0.13725209223425572,0.09973509216715193,0.11419850731985051
244,244.0,244.60198112437863,0.11899479141075657,0.2007320505038721,0.10155772588259063,0.11114533972911662,0.11799620723647504,0.13710839391154328,0.09957757431457792,0.11288791701106797
245,245.0,245.6011260638906,0.11939570352086705,0.20167956436885046,0.1012749345951022,0.11223046620878196,0.11830146680367373,0.13615735745279903,0.09937720182584127,0.11158330522408444
246,246.0,246.60034524881246,0.1195949514029584,0.2027592225677479,0.10092777640685778,0.11367658922115494,0.11872625521792367,0.13496331128681036,0.09909782906438935,0.11025406483215773
247,247.0,247.59963906275402,0.12021005032446283,0.20330392803896286,0.10053974239933476,0.1148467113425152,0.11898752698604413,0.13357284158593094,0.0990525261024613,0.10948667322028807
248,248.0,248.5990071046739,0.12080055028848069,0.20376647498985623,0.10018932188491057,0.11595960577230122,0.1192310397715444,0.1322096691974501,0.09903217588811976,0.10881116220733716
249,249.0,249.59844827135504,0.12075670258720467,0.20398934064634838,0.09985389387697537,0.11699072414241288,0.11939800929068611,0.13142965301429868,0.09928639978513804,0.108295276656936
250,250.0,250.59796083865453,0.12064140972907511,0.20455663768389634,0.09950458901581889,0.11790746490297557,0.1194327911441189,0.13059212309900053,0.09948907478540336,0.10787590963971137
251,251.0,251.5975425408375,0.12046935651180052,0.20529825150290126,0.099152339609394,0.11871840181592477,0.1194837214937687,0.12973902204879376,0.09967122889831448,0.10746767811910259
252,252.0,252.59719064739383,0.12027246500055006,0.20583312699097048,0.09882919867851282,0.119451459037759,0.1194815126358951,0.12890612517275693,0.10010443827252255,0.10712167421103314
253,253.0,253.59690203682055,0.11995679310537086,0.2066375083497747,0.0990580069831466,0.11994333965378429,0.11939704274738373,0.12823075748761523,0.10047480745571033,0.10630174421721433
254,254.0,254.59667326693642,0.11944478070065444,0.2072378583314187,0.0992652665480067,0.12022406316435913,0.11951072382854815,0.12799522422797244,0.10079160199457093,0.10553048120446962
255,255.0,255.59650064137134,0.11892969014494748,0.20776843415982502,0.09949770473566098,0.1204403134289373,0.1196126726022266,0.12781149180965004,0.10110627041981346,0.10483342269893921
256,256.0,256.59638027194904,0.11838492491256512,0.20842767104593984,0.09971327047903038,0.12066326869350893,0.119638932318749,0.12761932198723233,0.10138382341220638,0.10416878715076813
257,257.0,257.59630813674954,0.11783966903712481,0.20900185159944362,0.09993185199260915,0.12081871371268524,0.11963834711391784,0.1274635952271823,0.10164596589873676,0.10366000541830042
258,258.0,258.59628013370246,0.11730669686895946,0.209509194193517,0.10016278006605878,0.12092184506081398,0.11962815278646222,0.12735040630904554,0.10189889023239826,0.10322203448274495
259,259.0,259.59629212962307,0.11686349800877938,0.2098483326656912,0.10044170875128243,0.12055020472085326,0.11958434883538108,0.12763186999508103,0.10213025667709257,0.10294978034583926
260,260.0,260.5963400046554,0.11687030869840478,0.21007963350641148,0.10065467206937471,0.1200113419259409,0.11948852055248899,0.12788909761401163,0.10231256118600073,0.10269386444736703
261,261.0,261.59641969213794,0.11678143411378242,0.21030732510443187,0.10080512006033113,0.11982650712652859,0.11934557712944308,0.12803204938274684,0.10244826114543584,0.10245372593730051
262,262.0,262.5965272139508,0.11670145333712069,0.2107135565598231,0.10094416876911054,0.11960603704255988,0.11903026750483361,0.12818837562979066,0.10256372918810931,0.10225241196865248
263,263.0,263.5966587114429,0.11638944767686744,0.21101540164988836,0.10087797970755165,0.11956702502215583,0.11860136991343026,0.12805989805427642,0.10357715414538511,0.1019117238304452
264,264.0,264.59681047207135,0.11589103677654977,0.21101740024274512,0.10065158942142305,0.11926305210476901,0.11801490428954008,0.1283881545265976,0.10529616383012946,0.10147769880824623
265,265.0,265.59697895191624,0.11532840534597602,0.2110755804608689,0.1002871685703422,0.11882164953333176,0.11748589477289886,0.12900701977996515,0.10693117425775821,0.1010631072788592
266,266.0,266.5971607942575,0.11476089858382346,0.21127052703738824,0.09989600852345935,0.11834114883504929,0.1170048536670366,0.129579268255178,0.10848810595207531,0.10065918914599009
267,267.0,267.59735284442206,0.11534533880904174,0.2113782016942405,0.09999849240198401,0.1178360074286009,0.11656825621799104,0.1304753290436699,0.10803195225356625,0.10036642215090597
268,268.0,268.5975521611259,0.11593033180221773,0.21163029277859183,0.10007184687065904,0.11731599437609597,0.11611545397604844,0.13132563007673395,0.10750834256074038,0.10010210755891295
269,269.0,269.5977560245481,0.1164975061030026,0.21210870181947275,0.10010189603845569,0.11677268568289506,0.11560898470565875,0.13208134935938481,0.10689659029613428,0.09993228599499629
270,270.0,270.59796194138266,0.1170417270350101,0.21279484614912048,0.10009075316382975,0.11630497626851093,0.11505564644519675,0.13274090199488559,0.10620924058363881,0.0997619083598078
271,271.0,271.5981676471199,0.11646636533760263,0.2134257052546984,0.10118495223913418,0.11584321724408017,0.1145136777718582,0.13345647275989167,0.1054957466924315,0.09961386270030341
272,272.0,272.5983711058122,0.11578413798753573,0.21412054072868433,0.10204996916832729,0.1152894943616673,0.11389154082243068,0.13402926947529079,0.10444347177178774,0.10039157568427629
273,273.0,273.59857050757716,0.11501034715891015,0.21476156508917152,0.10270362012772549,0.11465299845780094,0.11326366649237302,0.13443538074774683,0.10327638614240178,0.10189603578387041
274,274.0,274.5987642640899,0.11424288847540182,0.21543400268031768,0.103739717919542,0.11402909966000793,0.11272346178685241,0.13434992471238805,0.10209783366326779,0.10338307110222247
275,275.0,275.5989510023104,0.1134944377762527,0.21594268310230125,0.10474323975248384,0.11343136011552596,0.11220064812997768,0.1344082660282637,0.10092559399413613,0.1048537711010589
276,276.0,276.5991295566858,0.11181884974507511,0.2154966560387937,0.10617234564583246,0.11287807893619209,0.11181229165095866,0.13443299823643395,0.09988050881759131,0.1075082709291229
277,277.0,277.5992989600568,0.11012405553384516,0.21499546789359458,0.1078782630576906,0.11226803540497714,0.11144844558141534,0.13432454261789536,0.09885992892075547,0.11010126098982649
278,278.0,278.5994584334901,0.10837319720695393,0.21435238169906012,0.1094143713202084,0.11158497200434718,0.11110312247392073,0.1349930243872261,0.09777434461736113,0.11240458629092259
279,279.0,279.59960737524517,0.10655665212649881,0.21359801553206656,0.1114928833762878,0.11078179369402236,0.11070683959226123,0.13545967339355428,0.09702147997146587,0.11438266231384325
280,280.0,280.5997453490723,0.10464936161884794,0.2129095719600607,0.113946763884002,0.10985439197392363,0.11007606630008047,0.13562352105663153,0.09706309490128197,0.11587722830517191
281,281.0,281.59987207202596,0.10278598721331147,0.21231738084287288,0.1161506179797912,0.10881201903978521,0.10938011061090362,0.13566108845346017,0.09780240263301743,0.11709039322685807
282,282.0,282.59998740196403,0.1009483247912639,0.21156142543083248,0.11814220796772129,0.10808135380752293,0.10865190202226055,0.13594568233486157,0.09851769977690018,0.11815140386863719
283,283.0,283.6000913248887,0.09914929276782272,0.2110070523306897,0.1199189408744296,0.107300884832638,0.1079857618449507,0.1363743327685974,0.0992014892816835,0.11906224529918846
284,284.0,284.60018394227194,0.09734754968840223,0.21026475719895726,0.12176213049074433,0.10643800408516749,0.10725747412215665,0.13727472259974896,0.09985887371187221,0.11979648810295096
285,285.0,285.60026545849416,0.09556171552006557,0.21025782132033208,0.12374474174615677,0.10550891714990804,0.10648025469763789,0.13784254562772905,0.10031520552903338,0.12028879840913732
286,286.0,286.6003361685093,0.09384713181127201,0.2103723871292327,0.12549056281637788,0.10455613468211389,0.1057077324613036,0.13824894786564687,0.10104095096646469,0.12073615226758837
287,287.0,287.60039644583776,0.09222507857560983,0.21038525937313377,0.12732301894012193,0.10361436764228019,0.10496524433207312,0.138690818932523,0.10171767098855342,0.12107854121570481
288,288.0,288.600446730975,0.09071711491734483,0.21059394286812738,0.1289754219795866,0.10270964090153353,0.10422595662472475,0.13903934409686527,0.1024346518538152,0.12130392675800247
289,289.0,289.60048752028877,0.08932574951024026,0.21098503857610604,0.13044744694678276,0.10184555169013432,0.10349366751941459,0.13929717179731418,0.10318578039985693,0.12141959356015097
290,290.0,290.60051935546824,0.08805209420081861,0.21136904377773502,0.13174063491741933,0.10102496001118809,0.10303055902061606,0.13946766043384623,0.10388181504186231,0.1214332325965144
291,291.0,291.6005428135751,0.08694358135423674,0.21174992463085335,0.1329503440719023,0.10040700615798487,0.10261947214340121,0.13907986384119836,0.10487310903506007,0.12137669876536315
292,292.0,292.6005584977355,0.08595915326532831,0.21218766462751343,0.1340048807303619,0.09985070419729082,0.10223176345711456,0.13871586455292836,0.1058077322408731,0.12124223692858949
293,293.0,293.60056702850255,0.08504059020005349,0.21341656279108828,0.13468849916533662,0.0992995695138178,0.1018114660679013,0.13824531733475334,0.10662549346167663,0.12087250146537255
294,294.0,294.6005690359079,0.08391700373397,0.214595826635623,0.1351136171889794,0.09881632500139881,0.10137483271275123,0.13775894228720995,0.10744872372931916,0.12097472871074846
295,295.0,295.60056515221356,0.08291526921694424,0.21564824263904808,0.13541256167297633,0.09839821612481595,0.1009752206091638,0.1372434233664917,0.10837371537895604,0.12103335099160387
296,296.0,296.6005560053666,0.08199401114896746,0.21658116268227084,0.13605575287617883,0.0983162027589782,0.10058601118471257,0.13637233561360412,0.1092041297875855,0.12089039394770247
297,297.0,297.6005422131507,0.08124576828807067,0.21679396995690683,0.13644930072851255,0.09830974052084686,0.10090860477604166,0.1368991506981293,0.10859445323193698,0.1207990117995551
298,298.0,298.60052437802483,0.0804080696702549,0.21682858645344535,0.1365225568806561,0.0981977724946279,0.10113527678917963,0.13813035884107347,0.10780810922040068,0.1209692696503619
299,299.0,299.60050308263123,0.08014869139510832,0.21674723619289446,0.1365664158566462,0.09803877235214298,0.1013155231248166,0.13923793524530784,0.1069198675869227,0.12102555824616085
300,300.0,300.60047888595074,0.08041084055914713,0.21656087036136956,0.13667169455795958,0.09783571334620135,0.10145050779325275,0.14021915467043966,0.10594670954891636,0.12090450916271356
301,301.0,301.60045232007883,0.08087948609416104,0.21693950969042616,0.13652077500068063,0.09753671361935395,0.1014865629431276,0.1407980662590775,0.10484974093108096,0.12098914546209207
302,302.0,302.6004238875933,0.08131200052348189,0.21715179503232052,0.1368133399949369,0.09721058117592392,0.10145487464566483,0.14108561270509173,0.1041416867374245,0.12083010918515569
303,303.0,303.60039405948044,0.08180404925484197,0.2173246111074189,0.13703253265620696,0.09691763122709737,0.10142958853086342,0.14133443940228702,0.1034372160884289,0.12071993173285543
304,304.0,304.600363273584,0.0823443425433417,0.21745913711319484,0.13745293690668292,0.09665679930340641,0.10140906975945914,0.14127503604722996,0.10274244357346776,0.12066023475321726
305,305.0,305.6003319335414,0.08286295450457394,0.2175173062091762,0.13821905584154834,0.09640705289355404,0.10135229121835032,0.1411616851387016,0.10202325771998179,0.12045639647411377
306,306.0,306.60030040816764,0.08340982262400126,0.21754073498929657,0.13872172447792214,0.09618691062791955,0.1012978071581093,0.14195503212216667,0.10132430905214931,0.11956365894843517
307,307.0,307.6002690312496,0.08392190619491825,0.21749543485427114,0.13953910541044198,0.09597684987435087,0.10120850533637966,0.14269451667791197,0.1006137834015689,0.11854989825015716
308,308.0,308.60023810171083,0.0844044161417724,0.2173370243805187,0.14020141051888826,0.09575196202913935,0.10107852336199519,0.14384403291364392,0.09989034527868595,0.11749228537535619
309,309.0,309.6002078841088,0.0848836843995005,0.21725046874226203,0.14077377830157092,0.09553502340091054,0.10093174074193383,0.14500157226750554,0.09919057460694757,0.11643315753936902
310,310.0,310.6001786094259,0.08532789498590383,0.21714388577423047,0.14120894296130382,0.09531060734522799,0.1007468386718055,0.1464199300793018,0.09848004934266184,0.1153618508395647
311,311.0,311.60015047611705,0.08573633958841635,0.21702567279670856,0.14151690968668215,0.09563748934711498,0.10052880379065117,0.14749816513444539,0.09776627587105934,0.114290343784922
312,312.0,312.6001236513779,0.0861085063467613,0.21690291921928667,0.14196353210907425,0.09592802700207309,0.10028224565942065,0.14852974552719475,0.09705583267862344,0.1132291914575658
313,313.0,313.6000982725989,0.08644412967447528,0.2166277530663004,0.14227354997450142,0.09618277766494895,0.10001145196465365,0.14991825020409108,0.09635446094958164,0.11218762650144755
314,314.0,314.6000744489718,0.08676935535340902,0.21634991067788867,0.14253073965312327,0.0964523044109131,0.09975821917940857,0.1512324215280074,0.09570493223464203,0.11120211696260789
315,315.0,315.60005226321766,0.08705229111197145,0.2162520917811319,0.14288187746089948,0.09678962717138988,0.0991521946694568,0.15250509590954733,0.0952136191246054,0.11015320277099773
316,316.0,316.60003177340684,0.08755313323742092,0.21615969361367374,0.14321334829864565,0.09709062731740695,0.09857508796292716,0.15362973769365293,0.09475278039017751,0.10902559148609509
317,317.0,317.600013014843,0.08795243043257912,0.21601936166406532,0.1437467983995841,0.09732529166511748,0.09799566697268275,0.15483413403993684,0.09427374600435934,0.10785257082167499
318,318.0,318.59999600198717,0.08825375527428705,0.2158363905953629,0.14402316624152986,0.09774526315109146,0.09741933762871186,0.15585742989600634,0.09378121169574423,0.10708344551726626
319,319.0,319.59998073039696,0.08843529565120219,0.21541722045696512,0.1442237174690618,0.0980415036928791,0.09698145249080287,0.15697858966262726,0.09368015172740246,0.10624206884905915
320,320.0,320.5999671786618,0.08857005339648305,0.2149516605242335,0.1443051500497156,0.09828047859279455,0.09661599966876834,0.15823611621728667,0.09359865954188376,0.10544188200883446
321,321.0,321.59995531031365,0.08866069967049853,0.2144474505758875,0.14471155415452921,0.09853787647672178,0.09625076520697849,0.1591714604987988,0.09353479230780459,0.10468540110878109
322,322.0,322.59994507569706,0.08867519445164514,0.2139060549364312,0.14543242441779822,0.09869484682240325,0.09588208015842475,0.15997742892174313,0.09346335635336121,0.10396861393819314
323,323.0,323.5999364137852,0.08865586882702553,0.2133512518130826,0.14602699527451063,0.09920771244825367,0.09553091659254721,0.16050488201445176,0.09341167995388315,0.10331069307624552
324,324.0,324.5999292539267,0.0886343764761804,0.21279864842072935,0.1469415692606522,0.09971652732004875,0.09525557537755734,0.16050651136083402,0.09340638230058651,0.10274040948341154
325,325.0,325.59992351751475,0.08861128467544635,0.21206875253563784,0.148094227772025,0.10016213303840144,0.0949975500852394,0.1602776200585997,0.09302634750892504,0.10276208432572534
326,326.0,326.5999191195689,0.0889688494636195,0.2114174358465529,0.14899544177174745,0.10055641654518051,0.09472787505426737,0.16023108394326885,0.09239753130890237,0.10270536606646113
327,327.0,327.59991597022184,0.08925370469892631,0.21048570107663844,0.1496697965182358,0.10106235497145166,0.09473229293919018,0.16036974737028242,0.09175010691628062,0.10267629550899462
328,328.0,328.59991397610736,0.08950067567124237,0.20973566381335276,0.14975942305600512,0.10148909058629918,0.09512981509588517,0.1606025109754985,0.09110631524830942,0.10267650555340761
329,329.0,329.5999130416432,0.08966807663210864,0.20888916012856773,0.1496165723624198,0.10183735248705375,0.09563704517323432,0.1609134629363695,0.09084509500253918,0.10259323527770721
330,330.0,330.5999130702091,0.08980663147698997,0.20813234384556345,0.14935294221664092,0.10212513987843272,0.096131961532263,0.16131156780797404,0.09059946279181082,0.10253995045032523
331,331.0,331.5999139652163,0.08984982960044424,0.20830870480501468,0.1484485687845209,0.10232253272193327,0.09678527756247886,0.1613827558574407,0.0905158310063865,0.10238649966178104
