,Unnamed: 0,Generation,Intertwine_two,Add_vertex,Delete_vertex,Invert_path_vertices,Insert_inside_vertex,Delete_inside_vertex,Replace_inside_vertex,Donate_between_routes,Merge_terminals,Trim_one_terminal_cb,Trim_one_path_random_cb,Grow_one_terminal_cb,Grow_one_path_random_cb
0,0.0,0.0,0.07692307692307689,0.07692307692307689,0.07692307692307689,0.07692307692307689,0.07692307692307689,0.07692307692307689,0.07692307692307689,0.07692307692307689,0.07692307692307689,0.07692307692307689,0.07692307692307689,0.07692307692307689,0.07692307692307689
1,1.0,1.0,0.08910206189037959,0.07658055624413423,0.0731777834874718,0.07943658615664936,0.08254589694628327,0.06893478010498313,0.07464234169789097,0.06259291592246909,0.05212961192778624,0.0957171351654932,0.077657765572685,0.09537193785141672,0.07211062703235695
2,2.0,2.0,0.09370284155343658,0.08253457212287901,0.07636879541519455,0.07730119002813887,0.0753580070071664,0.07627580550269877,0.06548639588282866,0.05905592099648832,0.05142333976962269,0.09356099442583844,0.07552192032997468,0.09794486394356847,0.07546535302216405
3,3.0,3.0,0.09472140139010984,0.0815662484411096,0.06883689985759325,0.07328302865337602,0.0795573861346495,0.08075614807611015,0.07330518366408954,0.06045234312014647,0.05375073578385433,0.08816018465493461,0.07375942165037705,0.09673524606250425,0.07511577251114497
4,4.0,4.0,0.09687510740808207,0.08160309999642205,0.08187386558436177,0.07756509275370783,0.07704355038575682,0.07715521691934357,0.06475879454638278,0.06069510272501263,0.050527261817620586,0.09144941240430912,0.07445213414442219,0.08990641494015912,0.07609494637441913
5,5.0,5.0,0.0865997877932064,0.07638309541872357,0.0843964191112499,0.06892289279445482,0.0726952591826483,0.07626161474384098,0.06963730182989462,0.06558108989969286,0.0520932660607026,0.10007665356953747,0.07558934854754015,0.10235768499020456,0.06940558605830338
6,6.0,6.0,0.09684444403615419,0.07879022912179644,0.08120081507656553,0.07254129103808563,0.0720102424572169,0.0761699860529286,0.06465698559765784,0.060707528787387534,0.05100664114810759,0.09832220353597372,0.07777218452793282,0.10093430223914275,0.06904314638105005
7,7.0,7.0,0.0949466425225188,0.08119526325244937,0.08681853412271838,0.07773884315108628,0.0764338795790522,0.07924726241954247,0.06341329706885616,0.05669376778965881,0.05167888354899146,0.0959246710932816,0.07563958334499712,0.08899899556925224,0.07127037653759477
8,8.0,8.0,0.08949333222590673,0.07728651257050992,0.0879721182240871,0.0732109967649307,0.07108197350850534,0.07546124044074246,0.06302440673157783,0.060106528118602655,0.05000000000000001,0.09677786009781461,0.07764208181208335,0.10589060815415371,0.07205234135108526
9,9.0,9.0,0.0875640978328053,0.08071534011751906,0.08157015253296405,0.07980202755327964,0.07823162895314015,0.07394708433200868,0.06049554783814787,0.0601598680191341,0.05117542154059658,0.10826362418853304,0.07129697545299889,0.09576117857312538,0.07101705306574699
10,10.0,10.0,0.09339518969014485,0.07739168052712679,0.08191968141312514,0.0743178687682565,0.07231186373201808,0.07362207901739612,0.06211519968508496,0.06288701281637231,0.05355777548866255,0.10523045971378653,0.07702597708412655,0.09424004066555258,0.07198517139834673
11,11.0,11.0,0.09500117410054261,0.0851510265176816,0.0814241163543594,0.07315734903964868,0.07175247219342927,0.07183341887958815,0.057050689944668165,0.06691641943227547,0.05141938781832829,0.09662583151461823,0.08823003262844453,0.09311754002506205,0.06832054155135328
12,12.0,12.0,0.09134203662215558,0.0840562600504817,0.08659511592972062,0.06065492750130412,0.07581692282292593,0.07909513192904702,0.06284505620104583,0.0682428103015369,0.05000000000000001,0.09635467721805663,0.0763142682629255,0.10089462833769498,0.06778816482310496
13,13.0,13.0,0.09125310973077709,0.085244269316046,0.09035708119925537,0.06176500892838042,0.07572491802161224,0.08488338308220766,0.05811090289402857,0.06892741554702002,0.05000000000000001,0.100843803235573,0.07167690321279965,0.09184332403209818,0.06936988080020154
14,14.0,14.0,0.10480630503307817,0.07145705064892197,0.09031827381743984,0.06737446001691032,0.07044104014541104,0.07845604303753144,0.05535063686453308,0.054660872433086836,0.05000000000000001,0.12324749149110079,0.07099642234253264,0.09272684640522366,0.07016455776422995
15,15.0,15.0,0.08735878256392353,0.0768904455341394,0.08493124709023497,0.06570776125857404,0.07024220344459484,0.08599569064617692,0.05972226409384533,0.06622587707447974,0.05000000000000001,0.1145931799130679,0.08370329113005667,0.0848633079286216,0.06976594932228485
16,16.0,16.0,0.09024661184455827,0.08640169766054466,0.08638358214440496,0.06807269188291337,0.07230532058496246,0.07290849896371074,0.05760163558558258,0.06080976682468816,0.05000000000000001,0.10942253374680722,0.07070683262987061,0.11043961552640118,0.06470121260555556
17,17.0,17.0,0.08813424354110357,0.08196779217706503,0.07434153167815079,0.05952994213734568,0.07638467117472678,0.08809850710609614,0.05666705728526146,0.05891641914588297,0.05000000000000001,0.13001271142025844,0.06419950966921716,0.10392639417317233,0.06782122049171942
18,18.0,18.0,0.09944690967188963,0.07963295568540373,0.07499781579658014,0.0658559235725638,0.07006354160782012,0.08128109154147363,0.05980429176415127,0.06495594397730106,0.052694786528281176,0.11839113338462667,0.06971783198163561,0.09680277390219208,0.06635500058608088
19,19.0,19.0,0.08403892839044244,0.07530507252317409,0.08621940450781919,0.06832185203169598,0.07029343627595594,0.07598456677384255,0.05993853500894242,0.06360187749806905,0.05068515415669751,0.11142561559135818,0.07686398562342601,0.1070924016118799,0.07022917000669654
20,20.0,20.0,0.08850761701011954,0.0868040110456038,0.08877748760228561,0.06540486940707967,0.07072743031146803,0.06466026261633144,0.05920110408155012,0.06333591269664149,0.05000000000000001,0.12326267094437651,0.07696335363389513,0.09455749626233591,0.0677977843883126
21,21.0,21.0,0.08841103345322397,0.07761059531220402,0.08273192700815782,0.061488125011687364,0.07231389393551574,0.06635046619988291,0.053203985584490764,0.06754809315212443,0.05000000000000001,0.11823678919705374,0.0823682019270509,0.09621594193288555,0.08352094728572264
22,22.0,22.0,0.08810719205059371,0.07671330274995862,0.08591812876710439,0.06930826701380566,0.06326255224442878,0.07086760415720829,0.05572815377715358,0.061812514252017524,0.05000000000000001,0.1335578915349423,0.07312229585917014,0.0976581383390609,0.07394395925455591
23,23.0,23.0,0.09214561126467533,0.08672215932069985,0.09236267013938895,0.06480855071307058,0.06487799793709934,0.06982286767443521,0.05876122650375935,0.061756710226322786,0.05000000000000001,0.12425244445150933,0.07262094730214172,0.09818879427389257,0.06368002019300484
24,24.0,24.0,0.09474506367309296,0.07307093846741486,0.0904480219092016,0.05704565737145999,0.06802321139082072,0.08260532473260952,0.06270359536887585,0.05887978500909645,0.05000000000000001,0.11501309917013289,0.06978696237973782,0.09747541064021112,0.080202929887346
25,25.0,25.0,0.08555856740384238,0.09100580654067986,0.08765644493518224,0.06050616096481783,0.07355391345000048,0.07349720142309359,0.06840417107689038,0.06895350442443524,0.05142543734560725,0.12697749197592434,0.06641431183520002,0.08456904129127193,0.061477947333054374
26,26.0,26.0,0.09804946338043495,0.0869806031749453,0.09644519284115051,0.0558309691626251,0.06312935734165956,0.06690231282261665,0.05228432345472763,0.05555711392068957,0.05000000000000001,0.1327162426889918,0.08078398984083865,0.09470884045829933,0.06661159091302082
27,27.0,27.0,0.09896811362314693,0.07266279922101224,0.08619908808947464,0.06345221765197975,0.07630742802758832,0.07084034849651308,0.05000000000000001,0.05744118924029419,0.05000000000000001,0.13497272331698126,0.06891829367716985,0.09799606321128065,0.07224173544455899
28,28.0,28.0,0.1134747399103361,0.07417033788050456,0.10229134555753502,0.05759033557893113,0.05987735739872947,0.06335922185499868,0.05000000000000001,0.05928639543247555,0.05538600521450665,0.12596004754629392,0.07542224725396247,0.10159937404956906,0.06158259232215735
29,29.0,29.0,0.11706496024413429,0.07061189373271233,0.09014578238559699,0.06699909418802441,0.0619923793150011,0.06913703708136387,0.05543380623556323,0.06072547767125861,0.05000000000000001,0.12672837742873044,0.06809465158746324,0.09202410533752096,0.07104243479263038
30,30.0,30.0,0.08161651868041138,0.08075548220707476,0.09603033010768888,0.06951140654270163,0.06956730020396246,0.06838518327381014,0.05470693152619991,0.05537175054506679,0.05000000000000001,0.13076133191466827,0.08504578023605727,0.09102176275123103,0.06722622201112739
31,31.0,31.0,0.09818331596883742,0.06898098937961711,0.10429189525371685,0.06396824025712272,0.06290674335212165,0.06210277386950243,0.05405793026140736,0.05703111667119082,0.05000000000000001,0.14277511323619685,0.07343938450107632,0.0924641034474061,0.06979839380180432
32,32.0,32.0,0.09680338295086269,0.07566659229768484,0.07962912441514734,0.06936898363936954,0.07471901614615681,0.0635895256543821,0.050960637391145355,0.0548081191500888,0.05000000000000001,0.15514761381635908,0.09371210505018086,0.07795622694619816,0.05763867254242434
33,33.0,33.0,0.10653229835621011,0.07528139478432269,0.0892563416261127,0.0589997925624343,0.0678072285866731,0.08579568799739093,0.05185490045941808,0.05355332552007034,0.05000000000000001,0.12345895219428579,0.06853116234331881,0.10355000801072237,0.06537890755904062
34,34.0,34.0,0.09760465970549773,0.07420046088284314,0.10822883537029204,0.06354468364995072,0.056188608620649304,0.07331116215614662,0.052699146188450605,0.053352825003096196,0.05000000000000001,0.14112192884786529,0.06772376757470244,0.0836451273648173,0.07837879463568849
35,35.0,35.0,0.09949677173330845,0.06481870747995222,0.09932952059018264,0.054801129612992515,0.054194476661989774,0.06405395542767925,0.057196429003715264,0.065726157042498,0.05000000000000001,0.15413400147223072,0.08485610771945937,0.08258193138685622,0.06881081186913549
36,36.0,36.0,0.09887470686593736,0.09531574107710986,0.08519325725055148,0.05791569735833876,0.059028148962822415,0.076521921313738,0.05325054034416839,0.061141307400973635,0.05000000000000001,0.13959707466670895,0.06164752253322906,0.09603534799064128,0.06547873423578074
37,37.0,37.0,0.1094274557992048,0.07874074516466176,0.09133343791927565,0.05901733969952109,0.05923343143810167,0.07658272740965633,0.05000000000000001,0.05370625617716879,0.05000000000000001,0.14485471709562825,0.06980519726456813,0.08916914061053138,0.0681295514216821
38,38.0,38.0,0.08782624433971162,0.09109957477818281,0.07477740266618536,0.056061962303787724,0.05657136432861313,0.07005886421301669,0.05155404089581306,0.056120183106630805,0.05000000000000001,0.14332079527851263,0.0957689553346174,0.09321119745258215,0.07362941530234648
39,39.0,39.0,0.09134192214920574,0.07056623508976285,0.08060272334285276,0.06893225549122067,0.053498043052837584,0.0687615411423198,0.05000000000000001,0.061734710470124146,0.05000000000000001,0.17837017594416588,0.07502540502549444,0.08471627290686001,0.06645071538515603
40,40.0,40.0,0.10206809484645182,0.07559742041751046,0.09312792243608918,0.06696466399366582,0.06771777937442512,0.06719776583562018,0.05000000000000001,0.05703933331342946,0.05000000000000001,0.13669771792227528,0.07756986514325373,0.0861693500287414,0.06985008668853751
41,41.0,41.0,0.08660129854136009,0.07857206153265506,0.09748874948116075,0.055201827498070545,0.05639130779456799,0.06630528529993099,0.05000000000000001,0.05429143888991471,0.05000000000000001,0.14982576620798949,0.088161625345893,0.09982683366063563,0.06733380574782169
42,42.0,42.0,0.09950873000769267,0.08505496598162363,0.11089313494456528,0.05649075107677313,0.058343673310505474,0.059986224794789676,0.05000000000000001,0.061224775366835016,0.05000000000000001,0.151999919098736,0.06532680299939206,0.09491259263340614,0.05625842978568082
43,43.0,43.0,0.07890061824596398,0.0921981583493107,0.0951843668703715,0.056459671954005065,0.05834564620636331,0.06711793676936298,0.05000000000000001,0.05151505646173151,0.05000000000000001,0.1868816162315311,0.07870650244193594,0.07700856885642554,0.05768185761299839
44,44.0,44.0,0.09224788576492189,0.07708015703328495,0.08886661996138262,0.06077999728010976,0.060564194992867505,0.06655697485540807,0.052673284789769605,0.054073776782866435,0.05000000000000001,0.14416281621171792,0.07658270463047402,0.09626296416661115,0.08014862353058602
45,45.0,45.0,0.08920330906783806,0.08256405109036366,0.08279495772643544,0.05224379521934245,0.054257953171395736,0.06701702811353304,0.05000000000000001,0.05470460118553757,0.05000000000000001,0.1650858564691074,0.08637950289009737,0.09443740546343246,0.07131153960291677
46,46.0,46.0,0.08621894934355022,0.07022443473056973,0.09610346503318125,0.05778300865006676,0.07204410780522891,0.07585254579262243,0.052640676255362104,0.05214708926836394,0.05000000000000001,0.15374173120924334,0.07402814536537855,0.07694102279859255,0.08227482374784029
47,47.0,47.0,0.07403620680625296,0.09995009062658033,0.08196757994911805,0.05000000000000001,0.06090703429735418,0.07253884280765467,0.05000000000000001,0.058310711362807174,0.05000000000000001,0.1809739171677838,0.07297261052425155,0.08304917350637868,0.06529383295181852
48,48.0,48.0,0.10879872537313325,0.07618169494774803,0.0946163231823416,0.05000000000000001,0.05702103917107304,0.060038497203915464,0.05000000000000001,0.05178832116788322,0.05000000000000001,0.19617055223550756,0.05797880301977857,0.07869143174264345,0.06871461195597575
49,49.0,49.0,0.09923598771980102,0.08165761891569172,0.10557659679901935,0.060308315220219,0.05808855696836847,0.0738341314629441,0.05000000000000001,0.0635990199783941,0.053773584905660386,0.14220796553163867,0.06181940344140002,0.08170341465628936,0.0681954044005738
50,50.0,50.0,0.08400382386612085,0.08340832952819266,0.08043890614887252,0.051508620689655185,0.05803626308682438,0.0689826077262397,0.05000000000000001,0.05390604322893694,0.05000000000000001,0.16364227653770938,0.0780575097737855,0.11350667794041798,0.06450894147324487
51,51.0,51.0,0.0999595981258036,0.07853355295726369,0.11475843049788759,0.055015923566878996,0.05114929847355396,0.08095551813252314,0.05000000000000001,0.054898496636269466,0.054582392776523714,0.1385515086940071,0.0790369870314116,0.0875559729222623,0.055002320185614864
52,52.0,52.0,0.08102277236372118,0.09207730543411091,0.1008041572947604,0.052072799625468166,0.05609343415685286,0.06791824448049939,0.05000000000000001,0.057084431287088754,0.05343457943925235,0.15312564211758423,0.07230292157231587,0.0971970032746715,0.06686670895367437
53,53.0,53.0,0.07736985171587288,0.07076738954680174,0.0964562588870093,0.05327935404172231,0.058019937912509846,0.06194301594230921,0.05000000000000001,0.05680842254505005,0.05000000000000001,0.16094290897527777,0.08699433293204313,0.09183349123318171,0.08558503626822209
54,54.0,54.0,0.11026079039812228,0.060259967434462894,0.08652171706619341,0.0545047200332774,0.06414006748895872,0.06928071915613715,0.05331270374076107,0.05501077987397503,0.05000000000000001,0.17860471156607516,0.07383253280487515,0.08220554807079974,0.06206574236636202
55,55.0,55.0,0.09703268799752193,0.06518857936417806,0.09199346663146635,0.05000000000000001,0.052049360016971934,0.058938342507259864,0.05000000000000001,0.05126512195121953,0.05000000000000001,0.17203392010400193,0.11866626296736082,0.0890223703681813,0.05380988809183825
56,56.0,56.0,0.1001729607374888,0.061527097601301116,0.08805823001305778,0.05489548109437444,0.05661969043472499,0.06370492506044355,0.05635478978846572,0.05000000000000001,0.05000000000000001,0.17159311415540404,0.09234598587828209,0.08325218211497973,0.07147554312147777
57,57.0,57.0,0.08066351038467565,0.06009469032702659,0.1025551351979703,0.05000000000000001,0.05196014127144301,0.062183673553761074,0.05235197162025196,0.05000000000000001,0.05000000000000001,0.15562518064071265,0.10164986099216256,0.1025878291254863,0.08032800688650987
58,58.0,58.0,0.08166091507622149,0.06886773358392655,0.09469693408292659,0.05000000000000001,0.060771038424896805,0.06393842775922849,0.060811641532993954,0.054751655629139084,0.05000000000000001,0.18365117127508448,0.06509243244767718,0.10105884772235114,0.06469920246555425
59,59.0,59.0,0.08135474088348933,0.08683999430008156,0.09213240322001896,0.05000000000000001,0.06307777691981006,0.06955989179614443,0.05244577547871858,0.053513405403187775,0.05000000000000001,0.1713345169985541,0.07584561983449192,0.08582494203241353,0.06807093313308979
60,60.0,60.0,0.06731322624792759,0.06883284551534999,0.10609923624814936,0.05349112134931081,0.06643427214794605,0.0671851725777542,0.05000000000000001,0.05510028023517778,0.05000000000000001,0.18532112457901811,0.05520142169414181,0.09967894059541951,0.07534235880980475
61,61.0,61.0,0.08321833980760097,0.07942467972989177,0.10274898783509767,0.05000000000000001,0.05883312660099099,0.06697779479684372,0.05000000000000001,0.05868076209166506,0.05000000000000001,0.17015007099181284,0.08741804636662878,0.08265526983004459,0.059892921949423604
62,62.0,62.0,0.07939825448858615,0.07156967535211661,0.08605039706668134,0.05547714636839292,0.05451015638720409,0.06047335912199373,0.052997795738427646,0.05448333142516769,0.05000000000000001,0.19661006473592846,0.07633861634026338,0.08309113144459221,0.07900007153064578
63,63.0,63.0,0.09545289084441858,0.08554200489868218,0.10335035048699157,0.05478070581158945,0.055778960896061124,0.06018054389019325,0.05000000000000001,0.054702745934417506,0.05000000000000001,0.17885684204515162,0.05161111802764205,0.09937117032532239,0.06037266683953031
64,64.0,64.0,0.0887304501596761,0.0807256219643191,0.0846118729479115,0.05335645233159618,0.06511555753419322,0.0601274924489284,0.0524233032755807,0.05000000000000001,0.05000000000000001,0.17075383658825216,0.06250021689806953,0.11450895832595442,0.06714623752551865
65,65.0,65.0,0.09135866797783623,0.07243229089228401,0.0914710967230517,0.05215501917505655,0.06377830377654367,0.06228127733889194,0.05000000000000001,0.055964662296950705,0.05000000000000001,0.18253374133046668,0.07618092980666438,0.09182925203140535,0.060014758650848696
66,66.0,66.0,0.10307428255095541,0.067007186341319,0.10329052981251681,0.07328950361182901,0.06665085132255814,0.059007815355583124,0.05000000000000001,0.05000000000000001,0.05000000000000001,0.17041846829008675,0.07869631662681507,0.06963510150230884,0.05892994458602783
67,67.0,67.0,0.1070295933957027,0.07523646468376517,0.0730850733365285,0.05000000000000001,0.06293513374983507,0.051990178340656515,0.05572917006326219,0.053341212837530703,0.05000000000000001,0.19023806397285228,0.07928077578981127,0.08101695037673759,0.0701173834533181
68,68.0,68.0,0.09663930608401372,0.07786670854108788,0.10638708743123759,0.05000000000000001,0.051538422852544764,0.07149848062482984,0.0518013926733273,0.05000000000000001,0.05000000000000001,0.17829282947551278,0.0770293241506063,0.07779838022635431,0.061148067940485495
69,69.0,69.0,0.1086855202844281,0.05395356054290905,0.10616686939513813,0.054296559521886625,0.05811192944352137,0.06671521555495218,0.05000000000000001,0.060051408427468124,0.05000000000000001,0.18031101971836655,0.07102468778425472,0.07737997952036688,0.06330324980670829
70,70.0,70.0,0.07954603143901222,0.07389895709392137,0.07562813020759966,0.061564547848334816,0.061269951959046366,0.060184988478793076,0.05000000000000001,0.05000000000000001,0.05000000000000001,0.20254172604702533,0.07857204329101554,0.09215289704264704,0.06464072659260457
71,71.0,71.0,0.09208000797313425,0.07922970458195666,0.09174674135694014,0.06075301204819279,0.053758038585209014,0.06701058910113304,0.05000000000000001,0.05000000000000001,0.05000000000000001,0.16717110593516485,0.08893497261751689,0.06488448848277259,0.0844313393179798
72,72.0,72.0,0.10473721433212044,0.06973790897993234,0.08442002060739284,0.0673176864283814,0.060363232161265414,0.06110505854307076,0.05000000000000001,0.05000000000000001,0.05000000000000001,0.17360627397336967,0.08619554954454953,0.08537285957460865,0.05714419585530901
73,73.0,73.0,0.07667029938891465,0.08571842805974073,0.09719343039923409,0.051854527938342984,0.0648850074260651,0.06220443988988243,0.054889210019267845,0.05000000000000001,0.05000000000000001,0.1665763733092764,0.07086937801323598,0.10586661372956949,0.06327229182647033
74,74.0,74.0,0.0980132697952146,0.06578213950440143,0.09484025933649688,0.05442679331804784,0.05000000000000001,0.056373811690548545,0.05569767441860467,0.05000000000000001,0.05000000000000001,0.194996378119085,0.07961644810910169,0.07541116824476585,0.07484205746373354
75,75.0,75.0,0.07388260969649642,0.10295757932956269,0.08380324094200778,0.05000000000000001,0.05000000000000001,0.06515135350166781,0.05398668639053256,0.05000000000000001,0.05000000000000001,0.16720434999779518,0.06910060171099111,0.09631958544532332,0.08759399298562312
76,76.0,76.0,0.08860439796807068,0.07620419133748906,0.09500729386287322,0.05000000000000001,0.05691566945778827,0.06768514577612589,0.05000000000000001,0.054428663653970324,0.05000000000000001,0.19072495389559427,0.07293326727168613,0.08952682085354205,0.05796959592286003
77,77.0,77.0,0.11595607448275155,0.07217757568875191,0.08854494333787075,0.052628138851178244,0.05488584638626888,0.06911852113919689,0.05000000000000001,0.05000000000000001,0.05000000000000001,0.15792459242223925,0.0865245533039844,0.08964757295356626,0.06259218143419173
78,78.0,78.0,0.08750520086580922,0.06571136932455802,0.08287754999775149,0.05461159202931941,0.06609628899269271,0.06193252162769917,0.05000000000000001,0.05000000000000001,0.05000000000000001,0.2072392766278,0.08645310706150679,0.06870433680353862,0.06886875666932452
79,79.0,79.0,0.07215934037378986,0.08130285784514896,0.11168306442966572,0.05236008860512087,0.06021195593044314,0.0635225416356816,0.05000000000000001,0.06300384132621226,0.05000000000000001,0.17910394720178,0.07140522120533635,0.07825222164666226,0.06699491980015905
80,80.0,80.0,0.07510952084851352,0.07677738845758822,0.12496406461641829,0.06892562995356026,0.05422475398335393,0.05485003592902961,0.05000000000000001,0.05000000000000001,0.05000000000000001,0.17484629900796994,0.07564680683307158,0.07562365262448022,0.06903184774601438
81,81.0,81.0,0.1021297397428204,0.09741040913293374,0.08142344350424258,0.055108098710339906,0.05737903860807202,0.0521032244556114,0.05602984903934129,0.05000000000000001,0.05000000000000001,0.17395066561204958,0.07176346985969105,0.0927866511237243,0.05991541021117375
82,82.0,82.0,0.08978228358551701,0.07279959129168609,0.07453709798776727,0.056665546282438306,0.05890625000000003,0.05000000000000001,0.05000000000000001,0.05000000000000001,0.05000000000000001,0.1870064328313234,0.09056523714472918,0.0894503484759614,0.08028721240057728
83,83.0,83.0,0.08888740372760906,0.07065575707787342,0.08956269901322586,0.06160963068479094,0.051504885993485364,0.057401870436084544,0.05417781436509571,0.06400488599348536,0.05000000000000001,0.1855115515978401,0.07954818540386191,0.08474605446805247,0.062389261238595284
84,84.0,84.0,0.10495035023210146,0.060137178111644596,0.10848993587318914,0.062394623534739034,0.05944367426580595,0.05615716635965393,0.05181911204468701,0.05571963406957788,0.05000000000000001,0.17337255089246326,0.07218010125259992,0.09056140862099614,0.0547742647425417
85,85.0,85.0,0.06888373815322893,0.06785106425630608,0.08751613503368752,0.06008159459677611,0.0687214845231371,0.06449935085295477,0.055542662116040975,0.060457584621813644,0.05000000000000001,0.179959867318509,0.07291476584017889,0.09679134939160505,0.06678040329576204
86,86.0,86.0,0.07654230019724076,0.09269565149039247,0.11591427793713734,0.05000000000000001,0.05195654936871397,0.06448183663935861,0.05214622641509435,0.05000000000000001,0.05000000000000001,0.16283829573423897,0.07904074910057668,0.09087514147632983,0.06350897164091703
87,87.0,87.0,0.08645070864030355,0.06558636236716939,0.08856068054325764,0.05000000000000001,0.05000000000000001,0.06807010376027074,0.05333632317244767,0.05000000000000001,0.05000000000000001,0.20657926167079213,0.08059880008850503,0.08201675091891425,0.06880100883833953
88,88.0,88.0,0.07286998684559898,0.06762326909905428,0.08768376077238829,0.05327107679465778,0.05000000000000001,0.06427855689287955,0.052398816949348594,0.05418651838203037,0.05000000000000001,0.19255552615661226,0.08145413073368321,0.09703671163674704,0.07664164573699964
89,89.0,89.0,0.09487841333816902,0.07232303510847624,0.06574939701093838,0.05128000126654424,0.057641193944887495,0.05730886481312795,0.05108569775688332,0.060434465256881974,0.05000000000000001,0.18697092676996627,0.08960112671223533,0.09292278752813125,0.06980409049375859
90,90.0,90.0,0.0873911354326349,0.05968975530871362,0.0848341651294599,0.05370833299776919,0.05513448633160266,0.05519099677775272,0.05000000000000001,0.05276775016426392,0.05294677758845345,0.21201921394963458,0.0864533009293966,0.07527563717778252,0.07458844821253592
91,91.0,91.0,0.10198782978317,0.06329712478554553,0.08648860907314275,0.05000000000000001,0.05432930736208112,0.06824059767537534,0.05328322520232762,0.05669156461535095,0.05000000000000001,0.18161627526620275,0.0858123306784931,0.08240335900347914,0.06584977655483173
92,92.0,92.0,0.0882347188142266,0.07602760113904443,0.07915982709445371,0.056235515106619414,0.05770240431795881,0.05716803085580317,0.05000000000000001,0.053876628835645236,0.05000000000000001,0.20140719012910308,0.08934022963390295,0.07674974895670922,0.06409810511653335
93,93.0,93.0,0.09312348467624185,0.07987577900091984,0.09945494932523666,0.0583772569465751,0.05988190661775831,0.06530146750183116,0.05000000000000001,0.05539982093400766,0.05000000000000001,0.1748129959085937,0.08634339406058886,0.06856613855011191,0.05886280647813499
94,94.0,94.0,0.08935489705987901,0.0648087147315238,0.07480697081548474,0.05676178492749743,0.05000000000000001,0.06293235706882022,0.05000000000000001,0.0614862322267468,0.05000000000000001,0.20595406365105381,0.09281447248313536,0.09108050703585872,0.05000000000000001
95,95.0,95.0,0.10094225705664608,0.08166804171845968,0.09522226416320245,0.06141942244993015,0.06456734281004436,0.06506869943868039,0.05000000000000001,0.05000000000000001,0.05000000000000001,0.17347457969854221,0.06630082459695473,0.08052375842241005,0.060812809645129876
96,96.0,96.0,0.08372538092162637,0.08642291480740978,0.0855974503045808,0.051142025121044155,0.05133124249299348,0.07295094094355722,0.05000000000000001,0.05000000000000001,0.05000000000000001,0.20271389025732534,0.05570556763083099,0.09962595389015082,0.06078463363048111
97,97.0,97.0,0.10122914260608022,0.08246189177467603,0.09034904250372561,0.05516122207714569,0.05000000000000001,0.05721614729537551,0.053224541345386886,0.05244039050435786,0.05000000000000001,0.15809403356637441,0.08752298890140667,0.09850907667992469,0.06379152274554646
98,98.0,98.0,0.09605203378692748,0.07694120548551939,0.08552655732948353,0.06219395023908515,0.05000000000000001,0.06792116856003103,0.060179688058191405,0.057654590287049036,0.05000000000000001,0.14285571430195665,0.0807194067056903,0.10450055499188586,0.06545513025418014
99,99.0,99.0,0.09359276853914765,0.05836683801680288,0.09853391592412529,0.05604873744230249,0.05773321240986947,0.07211970077964557,0.05000000000000001,0.05231629039397965,0.05000000000000001,0.16477828790266305,0.0771774287848311,0.09540632371529159,0.07392649609134128
100,100.0,100.0,0.0968603374090865,0.06942038418123656,0.11819624394437397,0.05661092958899318,0.05191740434896969,0.06933289659351152,0.05000000000000001,0.05000000000000001,0.05000000000000001,0.17141457918821376,0.08329769428450787,0.07594047544121374,0.05700905501989319
101,101.0,101.0,0.08545805768247762,0.0699428056312288,0.08464445992367241,0.06536060033913559,0.054331926863572445,0.06601191776885948,0.05000000000000001,0.05476013848301997,0.05000000000000001,0.19363104648888482,0.06540575829279593,0.09252763163936309,0.06792565688698983
102,102.0,102.0,0.09824596077715081,0.08069076078356525,0.08997992768529914,0.0537003604514816,0.05000000000000001,0.05243942030609352,0.05000000000000001,0.05127239199157009,0.05000000000000001,0.17701192113401326,0.11061946504144797,0.08117541144437332,0.054864380385005
103,103.0,103.0,0.07945223835875385,0.07847750552866886,0.10326323633196874,0.05000000000000001,0.061618178633116104,0.06639852006147735,0.05000000000000001,0.05000000000000001,0.055835966099995006,0.17392096948363728,0.0815898136959047,0.07896541600501056,0.07047815580146748
104,104.0,104.0,0.11145423829612629,0.06113100779704411,0.08737159716938979,0.05000000000000001,0.05492036011080333,0.07448030415321469,0.05000000000000001,0.05000000000000001,0.05000000000000001,0.21314968411127108,0.058994282815038115,0.08849852554711254,0.05000000000000001
105,105.0,105.0,0.06946744901109052,0.05785189618123591,0.09587368432593044,0.05733790638768629,0.06227053349387248,0.07397721552064551,0.05000000000000001,0.05265733745208234,0.05000000000000001,0.16272219237300256,0.08642856366294352,0.10753530440142747,0.07387791719008298
106,106.0,106.0,0.09452164867276944,0.06386501760325082,0.09715857856337008,0.052553486110523885,0.06057247290082096,0.05928518939414636,0.05000000000000001,0.05524548104854464,0.05000000000000001,0.2004063098278634,0.08124045419987125,0.07736011011472928,0.05779125156410988
107,107.0,107.0,0.08747495682042775,0.06304709659131658,0.06616726419872773,0.05811925849400421,0.053605400102371616,0.060779001257916423,0.05000000000000001,0.051876439051444526,0.05000000000000001,0.2123302484360013,0.10514064525574432,0.08340306458290993,0.05805662520913564
108,108.0,108.0,0.0743222457329751,0.0767124107804696,0.08511493755026694,0.05868233392962609,0.05826206105370082,0.05189425478767695,0.05000000000000001,0.05265195670274773,0.05000000000000001,0.20675156309702522,0.06953677725380611,0.09258171803575636,0.07348974107594905
109,109.0,109.0,0.08522038384203726,0.07058116877158807,0.09406925223243602,0.05000000000000001,0.05242377637126645,0.07355121946398926,0.05000000000000001,0.05454778258037777,0.05000000000000001,0.1891023418801339,0.08193322207535934,0.08751055968586405,0.061060293096947924
110,110.0,110.0,0.07548386300548118,0.08170725382309628,0.08398415067622186,0.05593765103914936,0.06361911670581896,0.06727304193609586,0.05000000000000001,0.05455825758217148,0.05000000000000001,0.18203642064447428,0.09194558338531902,0.08307664228902642,0.06037801891314526
111,111.0,111.0,0.07274467646145921,0.07221838417007695,0.11789379127867508,0.054903878369064865,0.06534871788392592,0.054625078562121995,0.05000000000000001,0.05000000000000001,0.05000000000000001,0.18768828477324956,0.08349765473963518,0.08214429693649151,0.05893523682529973
112,112.0,112.0,0.08750980265356405,0.07687687939098006,0.11259668534774199,0.05489770867430442,0.05572076782943123,0.05532890473104344,0.05481416569835719,0.05000000000000001,0.05000000000000001,0.16762511121169213,0.08296629194648644,0.0816432765080728,0.07002040600832628
113,113.0,113.0,0.08146745959940971,0.0898778760889117,0.0972965528472153,0.05000000000000001,0.05000000000000001,0.06141146863160206,0.05000000000000001,0.05000000000000001,0.05000000000000001,0.1814509346490869,0.10255663782159752,0.07666799399172584,0.05927107637045098
114,114.0,114.0,0.07922447443042059,0.06693508573264836,0.10488052281172741,0.07056342891254239,0.05730808440345668,0.06755304678393341,0.05000000000000001,0.05000000000000001,0.05000000000000001,0.18498929351015223,0.0860121221506506,0.07008319383933782,0.06245074742513042
115,115.0,115.0,0.10343239766830274,0.07632402744791059,0.09223439460800463,0.05739258492399629,0.055625386358953234,0.062120215758223504,0.05000000000000001,0.052008945210585175,0.05000000000000001,0.15050417838539415,0.109520492708303,0.08823622086096242,0.05260115606936418
116,116.0,116.0,0.07231309102833047,0.08706689801670665,0.10522701381923887,0.07232023510988381,0.05000000000000001,0.05112085139419035,0.05000000000000001,0.05000000000000001,0.05000000000000001,0.18882208958093005,0.07387786688442334,0.09925195416629642,0.05000000000000001
117,117.0,117.0,0.10231461343618738,0.08059179316926204,0.0850550957511738,0.05000000000000001,0.05000000000000001,0.07525438526346287,0.05000000000000001,0.05000000000000001,0.05000000000000001,0.1861287262412425,0.08301973592421574,0.0768391613077243,0.06079648890673135
118,118.0,118.0,0.09701393616304646,0.07126601540031706,0.08062992897241725,0.053108710562414285,0.060590445751684596,0.05384782808942702,0.05000000000000001,0.05401278967217236,0.05000000000000001,0.17989770347100215,0.10865032738955091,0.0698812541251925,0.0711010604027754
119,119.0,119.0,0.08083841871410001,0.06651882042535905,0.09658100866029988,0.051499978064551574,0.05735002632482533,0.05000000000000001,0.05000000000000001,0.05000000000000001,0.05000000000000001,0.2003405056578381,0.08280647181696424,0.09830593399459853,0.06575883634146326
120,120.0,120.0,0.09602709969028835,0.07297716828954405,0.07761350436483908,0.05000000000000001,0.053185309569728015,0.05555346375558821,0.05000000000000001,0.05000000000000001,0.05000000000000001,0.1887126937878635,0.08631147310644133,0.09399314875690488,0.07562613867880255
121,121.0,121.0,0.11288310125019385,0.06688316617553126,0.08900346152813879,0.06335628934064635,0.05386301147678341,0.06404533895331874,0.05000000000000001,0.05000000000000001,0.05000000000000001,0.17297863507265815,0.07920009612281823,0.08654547098495079,0.06124142909496041
122,122.0,122.0,0.10553289992374955,0.07602698711028902,0.07991394649703862,0.05499325049072732,0.05218659656256951,0.06820595773483408,0.05000000000000001,0.05000000000000001,0.05000000000000001,0.20831469682880965,0.0596122152085629,0.07589216069406886,0.06932128894935052
123,123.0,123.0,0.10940310475546136,0.05864734333918427,0.09023963122315827,0.05480916030534352,0.05609592711682746,0.06701569308642265,0.05317992384305696,0.05000000000000001,0.05000000000000001,0.1721600040664769,0.07596420991682654,0.08694560489104716,0.07553939745619487
124,124.0,124.0,0.0917949281233844,0.07238079391377639,0.10286325519507648,0.05857216914719442,0.058802196996527036,0.07502312676915439,0.05000000000000001,0.05000000000000001,0.05000000000000001,0.18392476761004212,0.07340404047654502,0.0648201412090422,0.06841458055925762
125,125.0,125.0,0.09028374996272351,0.0643547924785279,0.09324311478201444,0.060831317764804015,0.05244777814188496,0.05000000000000001,0.05627338308734103,0.05000000000000001,0.05000000000000001,0.21871555084493782,0.07590188105086498,0.0752329084454317,0.06271552344146963
126,126.0,126.0,0.08078663721238884,0.06261323944261797,0.09195480464100114,0.06103416608520411,0.05665610142630746,0.05000000000000001,0.05000000000000001,0.05000000000000001,0.05000000000000001,0.18654735887234278,0.08479206820947151,0.09596951299909626,0.07964611111156994
127,127.0,127.0,0.11302894544900108,0.07219401593799094,0.07234340818798068,0.05000000000000001,0.06603845191774835,0.05837051132402295,0.05000000000000001,0.05000000000000001,0.05000000000000001,0.1861634116688515,0.08417506116054525,0.08686865880883551,0.060817535545023726
128,128.0,128.0,0.12463066579806625,0.059624013447005554,0.08006897089738538,0.056562500000000016,0.05445333169261061,0.05121454500707563,0.05714788732394368,0.05000000000000001,0.05000000000000001,0.20209231596578556,0.08989446482592692,0.07431130504220046,0.05000000000000001
129,129.0,129.0,0.0945707517549558,0.06108405414359637,0.09495110319441034,0.057278748952806505,0.05000000000000001,0.05661839863713801,0.05100075642965205,0.05000000000000001,0.05000000000000001,0.18307914251954605,0.08049133729150519,0.11738996512980175,0.05353574194658789
130,130.0,130.0,0.12213009043492465,0.05464157706093191,0.07802961485858251,0.05000000000000001,0.064591885785704,0.05000000000000001,0.06458333333333335,0.052888015717092354,0.05000000000000001,0.208939999263778,0.08000309978103635,0.06915641254159535,0.0550359712230216
131,131.0,131.0,0.06711063450360126,0.0724890196590797,0.09114195731673774,0.05000000000000001,0.0550578034682081,0.06997903553635883,0.05000000000000001,0.05380434782608697,0.05000000000000001,0.22023503964306212,0.07678892111038735,0.0896465046440498,0.053746736292428224
132,132.0,132.0,0.10482751150861111,0.07272462470828374,0.10880242674640099,0.05545893484198207,0.062156813293438876,0.051939759036144596,0.05000000000000001,0.05000000000000001,0.05000000000000001,0.19651391959425268,0.05985358973178876,0.07066298039871693,0.06705944014038027
133,133.0,133.0,0.0960592639577048,0.0609514293744684,0.08729798370865176,0.051600234466588527,0.0535407248202772,0.05533411488862838,0.05316519520492469,0.054003306766152295,0.05000000000000001,0.20860755149199006,0.08340912410375007,0.07488967104055179,0.0711414001763121
134,134.0,134.0,0.10399005391553473,0.07137990231543248,0.07382341921679439,0.05000000000000001,0.05000000000000001,0.06121538880526286,0.05000000000000001,0.05000000000000001,0.05000000000000001,0.18486551854175967,0.08531195727304722,0.10270134102876963,0.066712418903399
135,135.0,135.0,0.12618322654447706,0.05978289502943209,0.06833384853842847,0.05000000000000001,0.05684946236559141,0.05000000000000001,0.05000000000000001,0.05000000000000001,0.05000000000000001,0.1868186153562851,0.09881966062066788,0.09162485435331896,0.06158743719179897
136,136.0,136.0,0.10277336409730246,0.060805955771735073,0.12243466674684016,0.05415467625899282,0.06449656722128091,0.05313432835820897,0.05000000000000001,0.05000000000000001,0.05000000000000001,0.1712134231266188,0.08279625528015791,0.07588481337318484,0.062305949765678006
137,137.0,137.0,0.0842876897414845,0.0601130653266332,0.08443726182961789,0.05000000000000001,0.059976531661390164,0.058138281461938245,0.05000000000000001,0.0626388888888889,0.05000000000000001,0.24407693632865923,0.0700349806957244,0.060966843293619864,0.06532952077204368
138,138.0,138.0,0.10348702118906397,0.05000000000000001,0.08198203815840185,0.055570306537776656,0.05000000000000001,0.05906056112439213,0.05000000000000001,0.06674483803951498,0.05000000000000001,0.1840321475482313,0.10669957197837396,0.07237531653267108,0.07004819889157404
139,139.0,139.0,0.07673307038631216,0.0682151008167363,0.08536448297618676,0.07580401351922265,0.05000000000000001,0.0591216273201999,0.05000000000000001,0.051388888888888894,0.05593037584719657,0.22796706940853673,0.07056323687589663,0.07428478464131597,0.05462734931950747
140,140.0,140.0,0.09458487172893551,0.062424300404010404,0.08807918316609811,0.06521106128136275,0.05283842704094346,0.07989639253985886,0.05255722884698696,0.051388888888888894,0.05000000000000001,0.19672147136816787,0.06579070450599159,0.0905074702287556,0.05000000000000001
141,141.0,141.0,0.10332269127567628,0.06610394146920928,0.10883023361669515,0.06429975270076795,0.05000000000000001,0.06027883908644085,0.05000000000000001,0.05000000000000001,0.05000000000000001,0.18627570628028997,0.08078671453951715,0.06628405818839345,0.06381806284300995
142,142.0,142.0,0.10336518927892006,0.0628662732613623,0.09167742058998565,0.05000000000000001,0.055468750000000025,0.05435733512786004,0.05232797369203822,0.05000000000000001,0.05000000000000001,0.21764497434607347,0.07955976179342233,0.07463941802937137,0.05809290388096655
143,143.0,143.0,0.10531386422292796,0.06164959290012406,0.08010124452446464,0.05528677758318741,0.0695937031484258,0.060638767407646274,0.05000000000000001,0.05000000000000001,0.05000000000000001,0.20617633826836848,0.0735723807642935,0.07578755735984731,0.06187977382071461
144,144.0,144.0,0.08127764790555006,0.0627666523058559,0.07441841536208751,0.05996977982034877,0.05275280898876407,0.07339919807153598,0.0534140241179098,0.05000000000000001,0.053377192982456155,0.22102790284389134,0.09794882300673952,0.06777133627127423,0.051876218323586756
