Total_iterations,Unnamed: 0.1,Intertwine_two,Invert_path_vertices,Insert_inside_vertex,Delete_inside_vertex,Trim_one_terminal_cb,Grow_one_terminal_cb
0,0.0,0.1666666666666665,0.1666666666666665,0.1666666666666665,0.1666666666666665,0.1666666666666665,0.1666666666666665
1,1.0,0.1666666666666665,0.1666666666666665,0.1666666666666665,0.1666666666666665,0.1666666666666665,0.1666666666666665
2,2.0,0.1666666666666665,0.1666666666666665,0.1666666666666665,0.1666666666666665,0.1666666666666665,0.1666666666666665
3,3.0,0.1666666666666665,0.1666666666666665,0.1666666666666665,0.1666666666666665,0.1666666666666665,0.1666666666666665
4,4.0,0.1666666666666665,0.1666666666666665,0.1666666666666665,0.1666666666666665,0.1666666666666665,0.1666666666666665
5,5.0,0.1666666666666665,0.1666666666666665,0.1666666666666665,0.1666666666666665,0.1666666666666665,0.1666666666666665
6,6.0,0.1666666666666665,0.1666666666666665,0.1666666666666665,0.1666666666666665,0.1666666666666665,0.1666666666666665
7,7.0,0.1666666666666665,0.1666666666666665,0.1666666666666665,0.1666666666666665,0.1666666666666665,0.1666666666666665
8,8.0,0.1666666666666665,0.1666666666666665,0.1666666666666665,0.1666666666666665,0.1666666666666665,0.1666666666666665
9,9.0,0.1666666666666665,0.1666666666666665,0.1666666666666665,0.1666666666666665,0.1666666666666665,0.1666666666666665
10,10.0,0.1666666666666665,0.1666666666666665,0.1666666666666665,0.1666666666666665,0.1666666666666665,0.1666666666666665
11,11.0,0.1666666666666665,0.1666666666666665,0.1666666666666665,0.1666666666666665,0.1666666666666665,0.1666666666666665
12,12.0,0.1666666666666665,0.1666666666666665,0.1666666666666665,0.1666666666666665,0.1666666666666665,0.1666666666666665
13,13.0,0.1666666666666665,0.1666666666666665,0.1666666666666665,0.1666666666666665,0.1666666666666665,0.1666666666666665
14,14.0,0.1666666666666665,0.1666666666666665,0.1666666666666665,0.1666666666666665,0.1666666666666665,0.1666666666666665
15,15.0,0.1666666666666665,0.1666666666666665,0.1666666666666665,0.1666666666666665,0.1666666666666665,0.1666666666666665
16,16.0,0.1666666666666665,0.1666666666666665,0.1666666666666665,0.1666666666666665,0.1666666666666665,0.1666666666666665
17,17.0,0.1666666666666665,0.1666666666666665,0.1666666666666665,0.1666666666666665,0.1666666666666665,0.1666666666666665
18,18.0,0.1666666666666665,0.1666666666666665,0.1666666666666665,0.1666666666666665,0.1666666666666665,0.1666666666666665
19,19.0,0.1666666666666665,0.1666666666666665,0.1666666666666665,0.1666666666666665,0.1666666666666665,0.1666666666666665
20,20.0,0.1666666666666665,0.1666666666666665,0.1666666666666665,0.1666666666666665,0.1666666666666665,0.1666666666666665
21,21.0,0.1666666666666665,0.1666666666666665,0.1666666666666665,0.1666666666666665,0.1666666666666665,0.1666666666666665
22,22.0,0.1666666666666665,0.1666666666666665,0.1666666666666665,0.1666666666666665,0.1666666666666665,0.1666666666666665
23,23.0,0.1666666666666665,0.1666666666666665,0.1666666666666665,0.1666666666666665,0.1666666666666665,0.1666666666666665
24,24.0,0.1666666666666665,0.1666666666666665,0.1666666666666665,0.1666666666666665,0.1666666666666665,0.1666666666666665
25,25.0,0.1666666666666665,0.1666666666666665,0.1666666666666665,0.1666666666666665,0.1666666666666665,0.1666666666666665
26,26.0,0.1666666666666665,0.1666666666666665,0.1666666666666665,0.1666666666666665,0.1666666666666665,0.1666666666666665
27,27.0,0.1666666666666665,0.1666666666666665,0.1666666666666665,0.1666666666666665,0.1666666666666665,0.1666666666666665
28,28.0,0.1666666666666665,0.1666666666666665,0.1666666666666665,0.1666666666666665,0.1666666666666665,0.1666666666666665
29,29.0,0.1666666666666665,0.1666666666666665,0.1666666666666665,0.1666666666666665,0.1666666666666665,0.1666666666666665
30,30.0,0.1666666666666665,0.1666666666666665,0.1666666666666665,0.1666666666666665,0.1666666666666665,0.1666666666666665
31,31.0,0.1666666666666665,0.1666666666666665,0.1666666666666665,0.1666666666666665,0.1666666666666665,0.1666666666666665
32,32.0,0.1666666666666665,0.1666666666666665,0.1666666666666665,0.1666666666666665,0.1666666666666665,0.1666666666666665
33,33.0,0.1666666666666665,0.1666666666666665,0.1666666666666665,0.1666666666666665,0.1666666666666665,0.1666666666666665
34,34.0,0.1666666666666665,0.1666666666666665,0.1666666666666665,0.1666666666666665,0.1666666666666665,0.1666666666666665
35,35.0,0.1666666666666665,0.1666666666666665,0.1666666666666665,0.1666666666666665,0.1666666666666665,0.1666666666666665
36,36.0,0.1666666666666665,0.1666666666666665,0.1666666666666665,0.1666666666666665,0.1666666666666665,0.1666666666666665
37,37.0,0.1666666666666665,0.1666666666666665,0.1666666666666665,0.1666666666666665,0.1666666666666665,0.1666666666666665
38,38.0,0.1666666666666665,0.1666666666666665,0.1666666666666665,0.1666666666666665,0.1666666666666665,0.1666666666666665
39,39.0,0.1666666666666665,0.1666666666666665,0.1666666666666665,0.1666666666666665,0.1666666666666665,0.1666666666666665
40,40.0,0.1666666666666665,0.1666666666666665,0.1666666666666665,0.1666666666666665,0.1666666666666665,0.1666666666666665
41,41.0,0.1666666666666665,0.1666666666666665,0.1666666666666665,0.1666666666666665,0.1666666666666665,0.1666666666666665
42,42.0,0.1666666666666665,0.1666666666666665,0.1666666666666665,0.1666666666666665,0.1666666666666665,0.1666666666666665
43,43.0,0.1666666666666665,0.1666666666666665,0.1666666666666665,0.1666666666666665,0.1666666666666665,0.1666666666666665
44,44.0,0.1666666666666665,0.1666666666666665,0.1666666666666665,0.1666666666666665,0.1666666666666665,0.1666666666666665
45,45.0,0.1666666666666665,0.1666666666666665,0.1666666666666665,0.1666666666666665,0.1666666666666665,0.1666666666666665
46,46.0,0.1666666666666665,0.1666666666666665,0.1666666666666665,0.1666666666666665,0.1666666666666665,0.1666666666666665
47,47.0,0.1666666666666665,0.1666666666666665,0.1666666666666665,0.1666666666666665,0.1666666666666665,0.1666666666666665
48,48.0,0.1666666666666665,0.1666666666666665,0.1666666666666665,0.1666666666666665,0.1666666666666665,0.1666666666666665
49,49.0,0.1666666666666665,0.1666666666666665,0.1666666666666665,0.1666666666666665,0.1666666666666665,0.1666666666666665
50,50.0,0.1666666666666665,0.1666666666666665,0.1666666666666665,0.1666666666666665,0.1666666666666665,0.1666666666666665
51,51.0,0.1666666666666665,0.1666666666666665,0.1666666666666665,0.1666666666666665,0.1666666666666665,0.1666666666666665
52,52.0,0.1666666666666665,0.1666666666666665,0.1666666666666665,0.1666666666666665,0.1666666666666665,0.1666666666666665
53,53.0,0.1666666666666665,0.1666666666666665,0.1666666666666665,0.1666666666666665,0.1666666666666665,0.1666666666666665
54,54.0,0.1666666666666665,0.1666666666666665,0.1666666666666665,0.1666666666666665,0.1666666666666665,0.1666666666666665
55,55.0,0.1666666666666665,0.1666666666666665,0.1666666666666665,0.1666666666666665,0.1666666666666665,0.1666666666666665
56,56.0,0.1666666666666665,0.1666666666666665,0.1666666666666665,0.1666666666666665,0.1666666666666665,0.1666666666666665
57,57.0,0.1666666666666665,0.1666666666666665,0.1666666666666665,0.1666666666666665,0.1666666666666665,0.1666666666666665
58,58.0,0.1666666666666665,0.1666666666666665,0.1666666666666665,0.1666666666666665,0.1666666666666665,0.1666666666666665
59,59.0,0.1666666666666665,0.1666666666666665,0.1666666666666665,0.1666666666666665,0.1666666666666665,0.1666666666666665
60,60.0,0.1666666666666665,0.1666666666666665,0.1666666666666665,0.1666666666666665,0.1666666666666665,0.1666666666666665
61,61.0,0.1666666666666665,0.1666666666666665,0.1666666666666665,0.1666666666666665,0.1666666666666665,0.1666666666666665
62,62.0,0.1666666666666665,0.1666666666666665,0.1666666666666665,0.1666666666666665,0.1666666666666665,0.1666666666666665
63,63.0,0.1666666666666665,0.1666666666666665,0.1666666666666665,0.1666666666666665,0.1666666666666665,0.1666666666666665
64,64.0,0.1666666666666665,0.1666666666666665,0.1666666666666665,0.1666666666666665,0.1666666666666665,0.1666666666666665
65,65.0,0.1666666666666665,0.1666666666666665,0.1666666666666665,0.1666666666666665,0.1666666666666665,0.1666666666666665
66,66.0,0.1666666666666665,0.1666666666666665,0.1666666666666665,0.1666666666666665,0.1666666666666665,0.1666666666666665
67,67.0,0.1666666666666665,0.1666666666666665,0.1666666666666665,0.1666666666666665,0.1666666666666665,0.1666666666666665
68,68.0,0.1666666666666665,0.1666666666666665,0.1666666666666665,0.1666666666666665,0.1666666666666665,0.1666666666666665
69,69.0,0.1666666666666665,0.1666666666666665,0.1666666666666665,0.1666666666666665,0.1666666666666665,0.1666666666666665
70,70.0,0.1666666666666665,0.1666666666666665,0.1666666666666665,0.1666666666666665,0.1666666666666665,0.1666666666666665
71,71.0,0.1666666666666665,0.1666666666666665,0.1666666666666665,0.1666666666666665,0.1666666666666665,0.1666666666666665
72,72.0,0.1666666666666665,0.1666666666666665,0.1666666666666665,0.1666666666666665,0.1666666666666665,0.1666666666666665
73,73.0,0.1666666666666665,0.1666666666666665,0.1666666666666665,0.1666666666666665,0.1666666666666665,0.1666666666666665
74,74.0,0.1666666666666665,0.1666666666666665,0.1666666666666665,0.1666666666666665,0.1666666666666665,0.1666666666666665
75,75.0,0.1666666666666665,0.1666666666666665,0.1666666666666665,0.1666666666666665,0.1666666666666665,0.1666666666666665
76,76.0,0.1666666666666665,0.1666666666666665,0.1666666666666665,0.1666666666666665,0.1666666666666665,0.1666666666666665
77,77.0,0.1666666666666665,0.1666666666666665,0.1666666666666665,0.1666666666666665,0.1666666666666665,0.1666666666666665
78,78.0,0.1666666666666665,0.1666666666666665,0.1666666666666665,0.1666666666666665,0.1666666666666665,0.1666666666666665
79,79.0,0.1666666666666665,0.1666666666666665,0.1666666666666665,0.1666666666666665,0.1666666666666665,0.1666666666666665
80,80.0,0.1666666666666665,0.1666666666666665,0.1666666666666665,0.1666666666666665,0.1666666666666665,0.1666666666666665
81,81.0,0.1666666666666665,0.1666666666666665,0.1666666666666665,0.1666666666666665,0.1666666666666665,0.1666666666666665
82,82.0,0.1666666666666665,0.1666666666666665,0.1666666666666665,0.1666666666666665,0.1666666666666665,0.1666666666666665
83,83.0,0.1666666666666665,0.1666666666666665,0.1666666666666665,0.1666666666666665,0.1666666666666665,0.1666666666666665
84,84.0,0.1666666666666665,0.1666666666666665,0.1666666666666665,0.1666666666666665,0.1666666666666665,0.1666666666666665
85,85.0,0.1666666666666665,0.1666666666666665,0.1666666666666665,0.1666666666666665,0.1666666666666665,0.1666666666666665
86,86.0,0.1666666666666665,0.1666666666666665,0.1666666666666665,0.1666666666666665,0.1666666666666665,0.1666666666666665
87,87.0,0.1666666666666665,0.1666666666666665,0.1666666666666665,0.1666666666666665,0.1666666666666665,0.1666666666666665
88,88.0,0.1666666666666665,0.1666666666666665,0.1666666666666665,0.1666666666666665,0.1666666666666665,0.1666666666666665
89,89.0,0.1666666666666665,0.1666666666666665,0.1666666666666665,0.1666666666666665,0.1666666666666665,0.1666666666666665
90,90.0,0.1666666666666665,0.1666666666666665,0.1666666666666665,0.1666666666666665,0.1666666666666665,0.1666666666666665
91,91.0,0.1666666666666665,0.1666666666666665,0.1666666666666665,0.1666666666666665,0.1666666666666665,0.1666666666666665
92,92.0,0.1666666666666665,0.1666666666666665,0.1666666666666665,0.1666666666666665,0.1666666666666665,0.1666666666666665
93,93.0,0.1666666666666665,0.1666666666666665,0.1666666666666665,0.1666666666666665,0.1666666666666665,0.1666666666666665
94,94.0,0.1666666666666665,0.1666666666666665,0.1666666666666665,0.1666666666666665,0.1666666666666665,0.1666666666666665
95,95.0,0.1666666666666665,0.1666666666666665,0.1666666666666665,0.1666666666666665,0.1666666666666665,0.1666666666666665
96,96.0,0.1666666666666665,0.1666666666666665,0.1666666666666665,0.1666666666666665,0.1666666666666665,0.1666666666666665
97,97.0,0.1666666666666665,0.1666666666666665,0.1666666666666665,0.1666666666666665,0.1666666666666665,0.1666666666666665
98,98.0,0.1666666666666665,0.1666666666666665,0.1666666666666665,0.1666666666666665,0.1666666666666665,0.1666666666666665
99,99.0,0.1666666666666665,0.1666666666666665,0.1666666666666665,0.1666666666666665,0.1666666666666665,0.1666666666666665
100,100.0,0.1666666666666665,0.1666666666666665,0.1666666666666665,0.1666666666666665,0.1666666666666665,0.1666666666666665
101,101.0,0.1666666666666665,0.1666666666666665,0.1666666666666665,0.1666666666666665,0.1666666666666665,0.1666666666666665
102,102.0,0.1666666666666665,0.1666666666666665,0.1666666666666665,0.1666666666666665,0.1666666666666665,0.1666666666666665
103,103.0,0.1666666666666665,0.1666666666666665,0.1666666666666665,0.1666666666666665,0.1666666666666665,0.1666666666666665
104,104.0,0.1666666666666665,0.1666666666666665,0.1666666666666665,0.1666666666666665,0.1666666666666665,0.1666666666666665
105,105.0,0.1666666666666665,0.1666666666666665,0.1666666666666665,0.1666666666666665,0.1666666666666665,0.1666666666666665
106,106.0,0.1666666666666665,0.1666666666666665,0.1666666666666665,0.1666666666666665,0.1666666666666665,0.1666666666666665
107,107.0,0.1666666666666665,0.1666666666666665,0.1666666666666665,0.1666666666666665,0.1666666666666665,0.1666666666666665
108,108.0,0.1666666666666665,0.1666666666666665,0.1666666666666665,0.1666666666666665,0.1666666666666665,0.1666666666666665
109,109.0,0.1666666666666665,0.1666666666666665,0.1666666666666665,0.1666666666666665,0.1666666666666665,0.1666666666666665
110,110.0,0.1666666666666665,0.1666666666666665,0.1666666666666665,0.1666666666666665,0.1666666666666665,0.1666666666666665
111,111.0,0.1666666666666665,0.1666666666666665,0.1666666666666665,0.1666666666666665,0.1666666666666665,0.1666666666666665
112,112.0,0.1666666666666665,0.1666666666666665,0.1666666666666665,0.1666666666666665,0.1666666666666665,0.1666666666666665
113,113.0,0.1666666666666665,0.1666666666666665,0.1666666666666665,0.1666666666666665,0.1666666666666665,0.1666666666666665
114,114.0,0.1666666666666665,0.1666666666666665,0.1666666666666665,0.1666666666666665,0.1666666666666665,0.1666666666666665
115,115.0,0.1666666666666665,0.1666666666666665,0.1666666666666665,0.1666666666666665,0.1666666666666665,0.1666666666666665
116,116.0,0.1666666666666665,0.1666666666666665,0.1666666666666665,0.1666666666666665,0.1666666666666665,0.1666666666666665
117,117.0,0.1666666666666665,0.1666666666666665,0.1666666666666665,0.1666666666666665,0.1666666666666665,0.1666666666666665
118,118.0,0.1666666666666665,0.1666666666666665,0.1666666666666665,0.1666666666666665,0.1666666666666665,0.1666666666666665
119,119.0,0.1666666666666665,0.1666666666666665,0.1666666666666665,0.1666666666666665,0.1666666666666665,0.1666666666666665
120,120.0,0.1666666666666665,0.1666666666666665,0.1666666666666665,0.1666666666666665,0.1666666666666665,0.1666666666666665
121,121.0,0.1666666666666665,0.1666666666666665,0.1666666666666665,0.1666666666666665,0.1666666666666665,0.1666666666666665
122,122.0,0.1666666666666665,0.1666666666666665,0.1666666666666665,0.1666666666666665,0.1666666666666665,0.1666666666666665
123,123.0,0.1666666666666665,0.1666666666666665,0.1666666666666665,0.1666666666666665,0.1666666666666665,0.1666666666666665
124,124.0,0.1666666666666665,0.1666666666666665,0.1666666666666665,0.1666666666666665,0.1666666666666665,0.1666666666666665
125,125.0,0.1666666666666665,0.1666666666666665,0.1666666666666665,0.1666666666666665,0.1666666666666665,0.1666666666666665
126,126.0,0.1666666666666665,0.1666666666666665,0.1666666666666665,0.1666666666666665,0.1666666666666665,0.1666666666666665
127,127.0,0.1666666666666665,0.1666666666666665,0.1666666666666665,0.1666666666666665,0.1666666666666665,0.1666666666666665
128,128.0,0.1666666666666665,0.1666666666666665,0.1666666666666665,0.1666666666666665,0.1666666666666665,0.1666666666666665
129,129.0,0.1666666666666665,0.1666666666666665,0.1666666666666665,0.1666666666666665,0.1666666666666665,0.1666666666666665
130,130.0,0.1666666666666665,0.1666666666666665,0.1666666666666665,0.1666666666666665,0.1666666666666665,0.1666666666666665
131,131.0,0.1666666666666665,0.1666666666666665,0.1666666666666665,0.1666666666666665,0.1666666666666665,0.1666666666666665
132,132.0,0.1666666666666665,0.1666666666666665,0.1666666666666665,0.1666666666666665,0.1666666666666665,0.1666666666666665
133,133.0,0.1666666666666665,0.1666666666666665,0.1666666666666665,0.1666666666666665,0.1666666666666665,0.1666666666666665
134,134.0,0.1666666666666665,0.1666666666666665,0.1666666666666665,0.1666666666666665,0.1666666666666665,0.1666666666666665
135,135.0,0.1666666666666665,0.1666666666666665,0.1666666666666665,0.1666666666666665,0.1666666666666665,0.1666666666666665
136,136.0,0.1666666666666665,0.1666666666666665,0.1666666666666665,0.1666666666666665,0.1666666666666665,0.1666666666666665
137,137.0,0.1666666666666665,0.1666666666666665,0.1666666666666665,0.1666666666666665,0.1666666666666665,0.1666666666666665
138,138.0,0.1666666666666665,0.1666666666666665,0.1666666666666665,0.1666666666666665,0.1666666666666665,0.1666666666666665
139,139.0,0.1666666666666665,0.1666666666666665,0.1666666666666665,0.1666666666666665,0.1666666666666665,0.1666666666666665
140,140.0,0.1666666666666665,0.1666666666666665,0.1666666666666665,0.1666666666666665,0.1666666666666665,0.1666666666666665
141,141.0,0.1666666666666665,0.1666666666666665,0.1666666666666665,0.1666666666666665,0.1666666666666665,0.1666666666666665
142,142.0,0.1666666666666665,0.1666666666666665,0.1666666666666665,0.1666666666666665,0.1666666666666665,0.1666666666666665
143,143.0,0.1666666666666665,0.1666666666666665,0.1666666666666665,0.1666666666666665,0.1666666666666665,0.1666666666666665
144,144.0,0.1666666666666665,0.1666666666666665,0.1666666666666665,0.1666666666666665,0.1666666666666665,0.1666666666666665
145,145.0,0.1666666666666665,0.1666666666666665,0.1666666666666665,0.1666666666666665,0.1666666666666665,0.1666666666666665
146,146.0,0.1666666666666665,0.1666666666666665,0.1666666666666665,0.1666666666666665,0.1666666666666665,0.1666666666666665
147,147.0,0.1666666666666665,0.1666666666666665,0.1666666666666665,0.1666666666666665,0.1666666666666665,0.1666666666666665
148,148.0,0.1666666666666665,0.1666666666666665,0.1666666666666665,0.1666666666666665,0.1666666666666665,0.1666666666666665
149,149.0,0.1666666666666665,0.1666666666666665,0.1666666666666665,0.1666666666666665,0.1666666666666665,0.1666666666666665
150,150.0,0.1666666666666665,0.1666666666666665,0.1666666666666665,0.1666666666666665,0.1666666666666665,0.1666666666666665
151,151.0,0.1666666666666665,0.1666666666666665,0.1666666666666665,0.1666666666666665,0.1666666666666665,0.1666666666666665
152,152.0,0.1666666666666665,0.1666666666666665,0.1666666666666665,0.1666666666666665,0.1666666666666665,0.1666666666666665
153,153.0,0.1666666666666665,0.1666666666666665,0.1666666666666665,0.1666666666666665,0.1666666666666665,0.1666666666666665
154,154.0,0.1666666666666665,0.1666666666666665,0.1666666666666665,0.1666666666666665,0.1666666666666665,0.1666666666666665
155,155.0,0.1666666666666665,0.1666666666666665,0.1666666666666665,0.1666666666666665,0.1666666666666665,0.1666666666666665
156,156.0,0.1666666666666665,0.1666666666666665,0.1666666666666665,0.1666666666666665,0.1666666666666665,0.1666666666666665
157,157.0,0.1666666666666665,0.1666666666666665,0.1666666666666665,0.1666666666666665,0.1666666666666665,0.1666666666666665
158,158.0,0.1666666666666665,0.1666666666666665,0.1666666666666665,0.1666666666666665,0.1666666666666665,0.1666666666666665
159,159.0,0.1666666666666665,0.1666666666666665,0.1666666666666665,0.1666666666666665,0.1666666666666665,0.1666666666666665
160,160.0,0.1666666666666665,0.1666666666666665,0.1666666666666665,0.1666666666666665,0.1666666666666665,0.1666666666666665
161,161.0,0.1666666666666665,0.1666666666666665,0.1666666666666665,0.1666666666666665,0.1666666666666665,0.1666666666666665
162,162.0,0.1666666666666665,0.1666666666666665,0.1666666666666665,0.1666666666666665,0.1666666666666665,0.1666666666666665
163,163.0,0.1666666666666665,0.1666666666666665,0.1666666666666665,0.1666666666666665,0.1666666666666665,0.1666666666666665
164,164.0,0.1666666666666665,0.1666666666666665,0.1666666666666665,0.1666666666666665,0.1666666666666665,0.1666666666666665
165,165.0,0.1666666666666665,0.1666666666666665,0.1666666666666665,0.1666666666666665,0.1666666666666665,0.1666666666666665
166,166.0,0.1666666666666665,0.1666666666666665,0.1666666666666665,0.1666666666666665,0.1666666666666665,0.1666666666666665
167,167.0,0.1666666666666665,0.1666666666666665,0.1666666666666665,0.1666666666666665,0.1666666666666665,0.1666666666666665
168,168.0,0.1666666666666665,0.1666666666666665,0.1666666666666665,0.1666666666666665,0.1666666666666665,0.1666666666666665
169,169.0,0.1666666666666665,0.1666666666666665,0.1666666666666665,0.1666666666666665,0.1666666666666665,0.1666666666666665
170,170.0,0.1666666666666665,0.1666666666666665,0.1666666666666665,0.1666666666666665,0.1666666666666665,0.1666666666666665
171,171.0,0.1666666666666665,0.1666666666666665,0.1666666666666665,0.1666666666666665,0.1666666666666665,0.1666666666666665
172,172.0,0.1666666666666665,0.1666666666666665,0.1666666666666665,0.1666666666666665,0.1666666666666665,0.1666666666666665
173,173.0,0.1666666666666665,0.1666666666666665,0.1666666666666665,0.1666666666666665,0.1666666666666665,0.1666666666666665
174,174.0,0.1666666666666665,0.1666666666666665,0.1666666666666665,0.1666666666666665,0.1666666666666665,0.1666666666666665
175,175.0,0.1666666666666665,0.1666666666666665,0.1666666666666665,0.1666666666666665,0.1666666666666665,0.1666666666666665
176,176.0,0.1666666666666665,0.1666666666666665,0.1666666666666665,0.1666666666666665,0.1666666666666665,0.1666666666666665
177,177.0,0.1666666666666665,0.1666666666666665,0.1666666666666665,0.1666666666666665,0.1666666666666665,0.1666666666666665
178,178.0,0.1666666666666665,0.1666666666666665,0.1666666666666665,0.1666666666666665,0.1666666666666665,0.1666666666666665
179,179.0,0.1666666666666665,0.1666666666666665,0.1666666666666665,0.1666666666666665,0.1666666666666665,0.1666666666666665
180,180.0,0.1666666666666665,0.1666666666666665,0.1666666666666665,0.1666666666666665,0.1666666666666665,0.1666666666666665
181,181.0,0.1666666666666665,0.1666666666666665,0.1666666666666665,0.1666666666666665,0.1666666666666665,0.1666666666666665
182,182.0,0.1666666666666665,0.1666666666666665,0.1666666666666665,0.1666666666666665,0.1666666666666665,0.1666666666666665
183,183.0,0.1666666666666665,0.1666666666666665,0.1666666666666665,0.1666666666666665,0.1666666666666665,0.1666666666666665
184,184.0,0.1666666666666665,0.1666666666666665,0.1666666666666665,0.1666666666666665,0.1666666666666665,0.1666666666666665
185,185.0,0.1666666666666665,0.1666666666666665,0.1666666666666665,0.1666666666666665,0.1666666666666665,0.1666666666666665
186,186.0,0.1666666666666665,0.1666666666666665,0.1666666666666665,0.1666666666666665,0.1666666666666665,0.1666666666666665
187,187.0,0.1666666666666665,0.1666666666666665,0.1666666666666665,0.1666666666666665,0.1666666666666665,0.1666666666666665
188,188.0,0.1666666666666665,0.1666666666666665,0.1666666666666665,0.1666666666666665,0.1666666666666665,0.1666666666666665
189,189.0,0.1666666666666665,0.1666666666666665,0.1666666666666665,0.1666666666666665,0.1666666666666665,0.1666666666666665
190,190.0,0.1666666666666665,0.1666666666666665,0.1666666666666665,0.1666666666666665,0.1666666666666665,0.1666666666666665
191,191.0,0.1666666666666665,0.1666666666666665,0.1666666666666665,0.1666666666666665,0.1666666666666665,0.1666666666666665
192,192.0,0.1666666666666665,0.1666666666666665,0.1666666666666665,0.1666666666666665,0.1666666666666665,0.1666666666666665
193,193.0,0.1666666666666665,0.1666666666666665,0.1666666666666665,0.1666666666666665,0.1666666666666665,0.1666666666666665
194,194.0,0.1666666666666665,0.1666666666666665,0.1666666666666665,0.1666666666666665,0.1666666666666665,0.1666666666666665
195,195.0,0.1666666666666665,0.1666666666666665,0.1666666666666665,0.1666666666666665,0.1666666666666665,0.1666666666666665
196,196.0,0.1666666666666665,0.1666666666666665,0.1666666666666665,0.1666666666666665,0.1666666666666665,0.1666666666666665
197,197.0,0.1666666666666665,0.1666666666666665,0.1666666666666665,0.1666666666666665,0.1666666666666665,0.1666666666666665
198,198.0,0.1666666666666665,0.1666666666666665,0.1666666666666665,0.1666666666666665,0.1666666666666665,0.1666666666666665
199,199.0,0.166190476190476,0.166190476190476,0.166190476190476,0.166190476190476,0.1690476190476189,0.166190476190476
200,200.0,0.1653619047619046,0.1653619047619046,0.1653619047619046,0.1653619047619046,0.1719404761904761,0.1666119047619046
201,201.0,0.1639308253968253,0.1650419365079364,0.1639308253968253,0.1639308253968253,0.1768861507936507,0.1662794365079364
202,202.0,0.1623467996825396,0.1645579107936507,0.1623467996825396,0.1623467996825396,0.1826299043650793,0.1657717857936507
203,203.0,0.1606627879079364,0.1639528990190475,0.1606627879079364,0.1617738990190475,0.187814253376984,0.1651333727690475
204,204.0,0.1587806287967935,0.1631200499079046,0.1587806287967935,0.1608806287967936,0.1941794059063094,0.1642586577954047
205,205.0,0.1568528475627653,0.1622043645738764,0.1568528475627653,0.1599218475627653,0.2008741856315757,0.1632939071062514
206,206.0,0.1548214660486623,0.1611414653107734,0.1548214660486623,0.1587409669577532,0.2073895911268453,0.1630850445073031
207,207.0,0.1525507078811828,0.1597902522876839,0.1525507078811828,0.1584616161145162,0.2141485356302948,0.162498180205139
208,208.0,0.1500146381097591,0.1583204888132573,0.1502146381097591,0.1579281482970218,0.2217495020364982,0.1617725846337041
209,209.0,0.1486941005261548,0.1569935980928856,0.1479790092170239,0.1574321705053947,0.2297803186028214,0.1591208030557192
210,210.0,0.1473188999488439,0.1555593876871139,0.1456960682436733,0.1576396146793886,0.2374341227137228,0.1563519067272571
211,211.0,0.1460110019357174,0.154145678921287,0.1434961230602498,0.157838503741141,0.2449006490022071,0.1536080433393974
212,212.0,0.1448410572450873,0.1528318310506975,0.1414591557722137,0.1561247557746466,0.2536627696927773,0.1510804304645772
213,213.0,0.1423418332032061,0.1526928689484793,0.1392334304073959,0.1547899384658586,0.2615039065392186,0.1494380224358412
214,214.0,0.1399885576779254,0.1525442870654108,0.1370773877194303,0.1532851479477353,0.269278589048322,0.1478260305411758
215,215.0,0.137702094343146,0.1523904589687159,0.1350075456378196,0.1517350905108172,0.276280351683072,0.146884458856429
216,216.0,0.1355365351098978,0.1522713560574561,0.1330738910194763,0.150198110414817,0.2828890178241642,0.1460310895741882
217,217.0,0.1332635219208887,0.1519467736027294,0.1310442184247859,0.1484505184857557,0.2902672546582858,0.1450277129075542
218,218.0,0.1320911334781882,0.1512539974469218,0.1288730295519333,0.1464554550008332,0.2976135290969988,0.1437128554251245
219,219.0,0.1306427673501707,0.150296642193409,0.1264439341770515,0.1442032184947698,0.3054146757215054,0.1429987620630935
220,220.0,0.1292959913430167,0.1493444074990471,0.1241415911895519,0.1419882276518015,0.3123394189180278,0.1428903633985546
221,221.0,0.1275594246622279,0.1480505030012701,0.1216205481269765,0.1394016785890253,0.3208917958551023,0.1424760497653976
222,222.0,0.1259621816636582,0.1468098043470797,0.1192756550491414,0.1369164175767007,0.3288976159449213,0.1421383254184985
223,223.0,0.124504533527171,0.145635959786739,0.1175655224609958,0.134439894691241,0.336042061172692,0.1418120283611611
224,224.0,0.1231587907140231,0.1444982181655845,0.1159771384303796,0.1320619904154741,0.3428381692189245,0.141465693055614
225,225.0,0.1224268355046274,0.1434039619905245,0.1145138273264615,0.1297958527004192,0.3487551204136181,0.1411044020643492
226,226.0,0.1222564654694016,0.142359261105018,0.1131770654806456,0.1276520432330747,0.3538226756462575,0.1407324890656026
227,227.0,0.1220814431294982,0.141264967184325,0.1118843543523686,0.1277701702137458,0.3567061123917352,0.1402929527283271
228,228.0,0.1231083490181492,0.1399127761219646,0.1099438191557625,0.127587541267507,0.3588747700360745,0.140572744400542
229,229.0,0.124170357617249,0.1377255493262771,0.1081608597708384,0.1275286989691522,0.3615680503025563,0.1408464840139269
230,230.0,0.1251767340148962,0.135550804554607,0.1064615083081506,0.1275058131747498,0.3644212202757462,0.1408839196718503
231,231.0,0.1260992622522398,0.1333859843987777,0.1048313408366107,0.1274015513474479,0.3675518146212099,0.1407300465437138
232,232.0,0.1269420755124758,0.1312574428859836,0.1032854389190395,0.1272368526020903,0.370028288252073,0.1412499018283377
233,233.0,0.1278361573710656,0.1293150470081715,0.102397827069034,0.1272842111155656,0.3713462212760285,0.1418205361601347
234,234.0,0.1287082725538988,0.1275012362857298,0.1016618781756198,0.1274056066874715,0.3719806382315294,0.1427423680657506
235,235.0,0.1295903581151841,0.1258341108231662,0.1010826059448926,0.1276052421690662,0.3730448286071484,0.1428428543405423
236,236.0,0.1302053980285054,0.1243008569809354,0.1005157753051112,0.128437484901477,0.3737092517663133,0.1428312330176574
237,237.0,0.1313339052986687,0.1234362353862719,0.1006062150380611,0.128933372424467,0.3723422577624899,0.1433480140900412
238,238.0,0.1322671442211843,0.1225359251342617,0.1006411898130357,0.1292936593058263,0.3703229959143529,0.1449390856113389
239,239.0,0.1333149124161949,0.1217732124788738,0.1018977217749083,0.1285779059155075,0.3668083141962437,0.1476279332182716
240,240.0,0.134182222350582,0.1210185384049528,0.1030065523922121,0.1277774474325346,0.3640088318994778,0.1500064075202404
241,241.0,0.1347391199858752,0.1201401400479648,0.1039328577461046,0.1267702532038762,0.3609470337571055,0.1534705952590735
242,242.0,0.1351654886817662,0.1192928952707492,0.1047284396694417,0.1257207901973504,0.3584269704098983,0.1566654157707941
243,243.0,0.1364493717244904,0.1186280819090217,0.1056261536137844,0.1232512391282683,0.3561674545595973,0.1598776990648377
244,244.0,0.1371310948974277,0.1177442802405579,0.1071772210952348,0.1204723212895083,0.3535080417559024,0.1639670407213687
245,245.0,0.1376394511946272,0.1168944954014439,0.108607736843529,0.117719664841627,0.3512635646149942,0.1678750871037785
246,246.0,0.1378629591731359,0.1159663014101193,0.1109074239451246,0.1148926041406293,0.3492821178102699,0.1710885935207208
247,247.0,0.1383957257278949,0.115323249693147,0.1133556541079612,0.1123732787902652,0.3475179270618729,0.1730341646188588
248,248.0,0.1388800687643029,0.1147825422545471,0.1146412653274608,0.1099953942232607,0.3469173054970512,0.1747834239333771
249,249.0,0.1393159872038311,0.1143393517408685,0.1158676633857623,0.10776858520695,0.3463699024130954,0.1763385100494926
250,250.0,0.139592853210661,0.1138772472536447,0.1169173945072912,0.1055889011653156,0.3466536477705362,0.1773699560925511
251,251.0,0.1395395313296066,0.1134784639706893,0.1177453131827121,0.1034054334726862,0.347689504253725,0.1781417537905806
252,252.0,0.1382668469742442,0.1132458404757102,0.1185857382058326,0.101474922176179,0.3493509167966343,0.1790757353713995
253,253.0,0.1369594851930181,0.1131823083560544,0.119336639658238,0.0997043478798606,0.3509989436435762,0.1798182752692526
254,254.0,0.1356331611209617,0.113165083625524,0.1199981182662576,0.0980944931231394,0.3527302204522428,0.1803789234118745
255,255.0,0.134199410259183,0.1131974307295255,0.1213774621462187,0.0965416592664421,0.3526172003607569,0.1820668372378737
256,256.0,0.132829398627423,0.1132805578498666,0.1226802669236208,0.0951654271987426,0.3519556086130693,0.1840887407872777
257,257.0,0.1323986345259311,0.1132333958263736,0.1237265830079017,0.0937877132316357,0.3511796919930917,0.185673981415066
258,258.0,0.1319906494332354,0.1133176296179363,0.1246716582193322,0.0925628870330035,0.3512864741049111,0.1861707015915814
259,259.0,0.1313842730090898,0.1133073899249431,0.125403835921356,0.0913759531502937,0.3522518649253678,0.1862766830689495
260,260.0,0.1308046720741696,0.1133103863010017,0.1260358879632379,0.0903341636044412,0.3531805913870703,0.1863342986700792
261,261.0,0.1300724244420325,0.1132325499219104,0.1264794232939568,0.0902507909022184,0.3538976720756862,0.1860671393641956
262,262.0,0.1293730444024998,0.1132669542258146,0.1268295239308704,0.0902936655775805,0.3545648602716316,0.185671951591603
263,263.0,0.1287181337335485,0.1133280179434809,0.1271048612843586,0.0904586157249628,0.3552021838685297,0.1851881874451194
264,264.0,0.12810979460481,0.1134124644963565,0.127310158309229,0.0907317842956894,0.3558062560903165,0.1846295422035986
265,265.0,0.1275582251833749,0.1134348742932863,0.1274646204540596,0.0910042230248766,0.3565037473171973,0.1840343097272051
266,266.0,0.1270465975260606,0.1134533102452291,0.1275447032520728,0.0913503638427198,0.3572408407363941,0.1833641843975235
267,267.0,0.1269248375607792,0.1138286313101784,0.1282516909391567,0.092108178959926,0.3555487889265407,0.1833378723034188
268,268.0,0.1267094690472734,0.114075688695477,0.128728575674786,0.0927832157246799,0.35480737642359,0.1828956744341933
269,269.0,0.1273436328515128,0.1163735779233112,0.1307652493250974,0.0938738453218958,0.3483216584868747,0.1833220360913078
270,270.0,0.1278711815213806,0.1185854267174379,0.1337731725522734,0.0950623872712148,0.3394594327250889,0.1852483992126042
271,271.0,0.1282378605607395,0.1205012337051819,0.1363175431271402,0.09611678910094,0.3320277728319522,0.1867988006740461
272,272.0,0.1291124626912664,0.1223318534940362,0.1387196811059119,0.0971403293014654,0.3245978897999231,0.1880977836073967
273,273.0,0.1300116361070676,0.1231403178584986,0.1408190590587811,0.0982778965514232,0.3183672011889019,0.1893838892353274
274,274.0,0.1309083052498526,0.1238816909583514,0.1427870861757109,0.0993963489356602,0.3124259511981883,0.1906006174822365
275,275.0,0.1317937538554954,0.1245552681890568,0.1446172172691261,0.1004864134169061,0.3068046084656585,0.1917427388037569
276,276.0,0.1326602494916536,0.1251610933652227,0.146304940630444,0.1015400281406476,0.3015273956928195,0.1928062926792125
277,277.0,0.1336871696850613,0.1263304750711329,0.1475691205207618,0.1031808935659894,0.2945001178988765,0.194732223258178
278,278.0,0.1346718983807025,0.12740590154466,0.1486769609441889,0.1047564750799329,0.2878441337669324,0.1966446302835832
279,279.0,0.1350485203600577,0.1287466599773214,0.1499857686393523,0.105698245019244,0.2801342984132551,0.2003865075907694
280,280.0,0.1353854437113256,0.1300059914070589,0.1511555406203086,0.1065715304783566,0.2728826407681001,0.2039988530148502
281,281.0,0.1356832690638022,0.1297508737912961,0.1521884827386689,0.1073744470506992,0.2661158596370667,0.2088870677184668
282,282.0,0.1359429279638419,0.1308495889250263,0.1530879485595092,0.1081060024592256,0.2584245637514818,0.2135889683409151
283,283.0,0.1371378626899101,0.1317311632073598,0.1537194021654842,0.1086271283773432,0.2511249429424816,0.2176595006174208
284,284.0,0.1383144780325736,0.1324931723999677,0.154268652822666,0.1090013715486751,0.244345583975014,0.2215767412211034
285,285.0,0.1392164240061368,0.1330651321313661,0.1555910268856701,0.1091981231566884,0.2380183608854245,0.2249109329347139
286,286.0,0.1398803299059558,0.1334694186594528,0.1566141700914662,0.1092422557507256,0.2321704232259123,0.2286234023664869
287,287.0,0.1406529422099886,0.1340422773627991,0.1574095778455209,0.1093645839480446,0.2260247316424746,0.232505886991172
288,288.0,0.1404954343845435,0.1344034800792031,0.157824403947802,0.10929519674225,0.2212892350600548,0.2366922497861462
289,289.0,0.1402584069518364,0.1347764283852367,0.1583284862633922,0.1104733252158832,0.2173138892129957,0.2388494639706556
290,290.0,0.1398672920370302,0.135029498990383,0.1585680231829693,0.1115435513691542,0.2138324874312868,0.2411591469891762
291,291.0,0.1389845719306454,0.1347658608023913,0.1590374645973297,0.1119211035877068,0.2107513894971502,0.2445396095847762
292,292.0,0.1389597123193817,0.134220187937822,0.1591894924982183,0.1118736659950197,0.2087654191842133,0.2469915220653446
293,293.0,0.1389139939316578,0.1336329587747968,0.1592611461397916,0.1117760301299619,0.2072553779789401,0.2491604930448516
294,294.0,0.138849959828997,0.1330142012347915,0.1600613104389359,0.111634192178421,0.2062963002643372,0.2501440360545173
295,295.0,0.1386467053005428,0.1322498791075277,0.1612552575298015,0.1113306141051841,0.2052805383095675,0.2512370056473763
296,296.0,0.1374173350063093,0.1315704532562649,0.1624264459970842,0.1099816557753032,0.2058233048825818,0.2527808050824564
297,297.0,0.1360412141129516,0.1307249613630862,0.1633639679966131,0.1084720924908706,0.2075078430292736,0.2538899210072046
298,298.0,0.1346978629510715,0.1298884653152948,0.1641685255284276,0.1077535758274349,0.2106223817951159,0.2528691885826551
299,299.0,0.1334565467990999,0.1291264753990023,0.1631569594992412,0.1070662195872025,0.2150425390877453,0.2521512596277087
300,300.0,0.1321523204476571,0.1283740543211435,0.1619780324818191,0.1062962510519097,0.2201405318479077,0.2510588098495628
301,301.0,0.1308183097450281,0.1275703764064666,0.1606769618945187,0.1054714907115484,0.2249510955078401,0.250511765734598
302,302.0,0.1295390150515396,0.1280467859359822,0.1580971546183826,0.1046738471682109,0.2297957764318751,0.2498474207940095
303,303.0,0.1283217577132125,0.1285455100699758,0.15480299668077,0.103908585177628,0.2353370017986478,0.2490841485597656
304,304.0,0.1270336176790251,0.1287815523288819,0.151402832981173,0.1030412303155414,0.241640181100693,0.2481005855946854
305,305.0,0.1258136122379528,0.1296895347633345,0.1481019800185003,0.1021620939891508,0.2485006109609867,0.2457321680300747
306,306.0,0.124672485127952,0.1305985406742915,0.1448913723915433,0.1013293599938649,0.2551778905965297,0.2433303512158184
307,307.0,0.123681983230239,0.1320959893766047,0.1403371319360404,0.1005599938248043,0.2614701739550534,0.2418547276772581
308,308.0,0.1226239911671043,0.1334744998330529,0.135833816354053,0.0997051234233082,0.2678528088929455,0.2405097603295357
309,309.0,0.1216522389746225,0.1348191313131089,0.1315083168635002,0.0989062984660857,0.2739273844523409,0.2391866299303414
310,310.0,0.1206942907758885,0.1359727665760819,0.1272758127324969,0.0980556085406347,0.2804360196390247,0.2375655017358732
311,311.0,0.1201758293136454,0.1386112695446451,0.1235872216232609,0.0975846391998951,0.2855949770403619,0.2344460632781914
312,312.0,0.1202841028636251,0.1411005566636766,0.1200614146251247,0.0970672647931381,0.29061476641525,0.2308718946391853
313,313.0,0.120302180585931,0.1431957360120185,0.1166213396509278,0.0964172678250013,0.2963352971487755,0.2271281787773457
314,314.0,0.1202625854966336,0.1451472841171161,0.1133998417918779,0.09578511227569,0.3016007810258095,0.2238043952928726
315,315.0,0.1201728697166752,0.1467653264000206,0.1103336672039398,0.0951017244477037,0.3076082345598976,0.2200181776717629
316,316.0,0.1200242238582028,0.1480614053144945,0.107423226691163,0.0948167237848519,0.3134569360335433,0.2162174843177443
317,317.0,0.1202800879937132,0.1495168776203574,0.1051381118572197,0.0949420393261677,0.3157321957159764,0.2143906874865654
318,318.0,0.120401348586349,0.1506733271774897,0.1029425373864622,0.0949392823997171,0.3169190380899266,0.2141244663600552
319,319.0,0.1204968651060832,0.1515816009227022,0.1009461167088911,0.094917899543153,0.318088337561404,0.2139691801577663
320,320.0,0.1223719808487325,0.1515791675214687,0.0995240512771162,0.095255119803205,0.3169792396750253,0.2142904408744521
321,321.0,0.124896251800846,0.1513398726051966,0.0982708218585711,0.0955061162600166,0.3149438952586599,0.2150430422167093
322,322.0,0.1273103555627921,0.1509129387976962,0.0972033891674305,0.0957372743896168,0.3129695747837627,0.2158664672987014
