,Unnamed: 0,Total_iterations,Intertwine_two,Invert_path_vertices,Insert_inside_vertex,Delete_inside_vertex,Trim_one_terminal_cb,Grow_one_terminal_cb
0,0.0,0.0,0.16666666666666657,0.16666666666666657,0.16666666666666657,0.16666666666666657,0.16666666666666657,0.16666666666666657
1,1.0,0.10900000000000001,0.16666666666666657,0.16666666666666657,0.16666666666666657,0.16666666666666657,0.16666666666666657,0.16666666666666657
2,2.0,0.31601,0.16666666666666657,0.16666666666666657,0.16666666666666657,0.16666666666666657,0.16666666666666657,0.16666666666666657
3,3.0,0.6191589000000001,0.16666666666666657,0.16666666666666657,0.16666666666666657,0.16666666666666657,0.16666666666666657,0.16666666666666657
4,4.0,1.015801321,0.16666666666666657,0.16666666666666657,0.16666666666666657,0.16666666666666657,0.16666666666666657,0.16666666666666657
5,5.0,1.50262148669,0.16666666666666657,0.16666666666666657,0.16666666666666657,0.16666666666666657,0.16666666666666657,0.16666666666666657
6,6.0,2.0757334209441005,0.16666666666666657,0.16666666666666657,0.16666666666666657,0.16666666666666657,0.16666666666666657,0.16666666666666657
7,7.0,2.7307768275633495,0.16666666666666657,0.16666666666666657,0.16666666666666657,0.16666666666666657,0.16666666666666657,0.16666666666666657
8,8.0,3.4630081252450404,0.16666666666666657,0.16666666666666657,0.16666666666666657,0.16666666666666657,0.16666666666666657,0.16666666666666657
9,9.0,4.2673862119061114,0.16666666666666657,0.16666666666666657,0.16666666666666657,0.16666666666666657,0.16666666666666657,0.16666666666666657
10,10.0,5.138652627782014,0.16666666666666657,0.16666666666666657,0.16666666666666657,0.16666666666666657,0.16666666666666657,0.16666666666666657
11,11.0,6.071405875792507,0.16666666666666657,0.16666666666666657,0.16666666666666657,0.16666666666666657,0.16666666666666657,0.16666666666666657
12,12.0,7.060169740244025,0.16666666666666657,0.16666666666666657,0.16666666666666657,0.16666666666666657,0.16666666666666657,0.16666666666666657
13,13.0,8.099455520847952,0.16666666666666657,0.16666666666666657,0.16666666666666657,0.16666666666666657,0.16666666666666657,0.16666666666666657
14,14.0,9.183818168183006,0.16666666666666657,0.16666666666666657,0.16666666666666657,0.16666666666666657,0.16666666666666657,0.16666666666666657
15,15.0,10.307906369102724,0.16666666666666657,0.16666666666666657,0.16666666666666657,0.16666666666666657,0.16666666666666657,0.16666666666666657
16,16.0,11.466506686239443,0.16666666666666657,0.16666666666666657,0.16666666666666657,0.16666666666666657,0.16666666666666657,0.16666666666666657
17,17.0,12.654581904800096,0.16666666666666657,0.16666666666666657,0.16666666666666657,0.16666666666666657,0.16666666666666657,0.16666666666666657
18,18.0,13.867303782456686,0.16666666666666657,0.16666666666666657,0.16666666666666657,0.16666666666666657,0.16666666666666657,0.16666666666666657
19,19.0,15.100080434523047,0.16666666666666657,0.16666666666666657,0.16666666666666657,0.16666666666666657,0.16666666666666657,0.16666666666666657
20,20.0,16.348578617037543,0.16666666666666657,0.16666666666666657,0.16666666666666657,0.16666666666666657,0.16666666666666657,0.16666666666666657
21,21.0,17.608741195130214,0.16666666666666657,0.16666666666666657,0.16666666666666657,0.16666666666666657,0.16666666666666657,0.16666666666666657
22,22.0,18.876800103462312,0.16666666666666657,0.16666666666666657,0.16666666666666657,0.16666666666666657,0.16666666666666657,0.16666666666666657
23,23.0,20.14928511992658,0.16666666666666657,0.16666666666666657,0.16666666666666657,0.16666666666666657,0.16666666666666657,0.16666666666666657
24,24.0,21.423028783545156,0.16666666666666657,0.16666666666666657,0.16666666666666657,0.16666666666666657,0.16666666666666657,0.16666666666666657
25,25.0,22.695167792966423,0.16666666666666657,0.16666666666666657,0.16666666666666657,0.16666666666666657,0.16666666666666657,0.16666666666666657
26,26.0,23.963141223515898,0.16666666666666657,0.16666666666666657,0.16666666666666657,0.16666666666666657,0.16666666666666657,0.16666666666666657
27,27.0,25.224685898775267,0.16666666666666657,0.16666666666666657,0.16666666666666657,0.16666666666666657,0.16666666666666657,0.16666666666666657
28,28.0,26.477829247520948,0.16666666666666657,0.16666666666666657,0.16666666666666657,0.16666666666666657,0.16666666666666657,0.16666666666666657
29,29.0,27.720879968916847,0.16666666666666657,0.16666666666666657,0.16666666666666657,0.16666666666666657,0.16666666666666657,0.16666666666666657
30,30.0,28.95241681848399,0.16666666666666657,0.16666666666666657,0.16666666666666657,0.16666666666666657,0.16666666666666657,0.16666666666666657
31,31.0,30.17127581490958,0.16666666666666657,0.16666666666666657,0.16666666666666657,0.16666666666666657,0.16666666666666657,0.16666666666666657
32,32.0,31.376536153543515,0.16666666666666657,0.16666666666666657,0.16666666666666657,0.16666666666666657,0.16666666666666657,0.16666666666666657
33,33.0,32.567505096778625,0.16666666666666657,0.16666666666666657,0.16666666666666657,0.16666666666666657,0.16666666666666657,0.16666666666666657
34,34.0,33.74370209472243,0.16666666666666657,0.16666666666666657,0.16666666666666657,0.16666666666666657,0.16666666666666657,0.16666666666666657
35,35.0,34.90484237192463,0.16666666666666657,0.16666666666666657,0.16666666666666657,0.16666666666666657,0.16666666666666657,0.16666666666666657
36,36.0,36.05082019768737,0.16666666666666657,0.16666666666666657,0.16666666666666657,0.16666666666666657,0.16666666666666657,0.16666666666666657
37,37.0,37.18169203889697,0.16666666666666657,0.16666666666666657,0.16666666666666657,0.16666666666666657,0.16666666666666657,0.16666666666666657
38,38.0,38.29765977559663,0.16666666666666657,0.16666666666666657,0.16666666666666657,0.16666666666666657,0.16666666666666657,0.16666666666666657
39,39.0,39.399054140870355,0.16666666666666657,0.16666666666666657,0.16666666666666657,0.16666666666666657,0.16666666666666657,0.16666666666666657
40,40.0,40.48631852820801,0.16666666666666657,0.16666666666666657,0.16666666666666657,0.16666666666666657,0.16666666666666657,0.16666666666666657
41,41.0,41.55999329152982,0.16666666666666657,0.16666666666666657,0.16666666666666657,0.16666666666666657,0.16666666666666657,0.16666666666666657
42,42.0,42.62070064560415,0.16666666666666657,0.16666666666666657,0.16666666666666657,0.16666666666666657,0.16666666666666657,0.16666666666666657
43,43.0,43.669130257815,0.16666666666666657,0.16666666666666657,0.16666666666666657,0.16666666666666657,0.16666666666666657,0.16666666666666657
44,44.0,44.70602560622662,0.16666666666666657,0.16666666666666657,0.16666666666666657,0.16666666666666657,0.16666666666666657,0.16666666666666657
45,45.0,45.73217116373481,0.16666666666666657,0.16666666666666657,0.16666666666666657,0.16666666666666657,0.16666666666666657,0.16666666666666657
46,46.0,46.748380453854836,0.16666666666666657,0.16666666666666657,0.16666666666666657,0.16666666666666657,0.16666666666666657,0.16666666666666657
47,47.0,47.755485010424316,0.16666666666666657,0.16666666666666657,0.16666666666666657,0.16666666666666657,0.16666666666666657,0.16666666666666657
48,48.0,48.7543242612326,0.16666666666666657,0.16666666666666657,0.16666666666666657,0.16666666666666657,0.16666666666666657,0.16666666666666657
49,49.0,49.745736344347726,0.16666666666666657,0.16666666666666657,0.16666666666666657,0.16666666666666657,0.16666666666666657,0.16666666666666657
50,50.0,50.730549855707864,0.16666666666666657,0.16666666666666657,0.16666666666666657,0.16666666666666657,0.16666666666666657,0.16666666666666657
51,51.0,51.70957651737491,0.16666666666666657,0.16666666666666657,0.16666666666666657,0.16666666666666657,0.16666666666666657,0.16666666666666657
52,52.0,52.68360474770151,0.16666666666666657,0.16666666666666657,0.16666666666666657,0.16666666666666657,0.16666666666666657,0.16666666666666657
53,53.0,53.65339410751842,0.16666666666666657,0.16666666666666657,0.16666666666666657,0.16666666666666657,0.16666666666666657,0.16666666666666657
54,54.0,54.61967059027847,0.16666666666666657,0.16666666666666657,0.16666666666666657,0.16666666666666657,0.16666666666666657,0.16666666666666657
55,55.0,55.58312271885972,0.16666666666666657,0.16666666666666657,0.16666666666666657,0.16666666666666657,0.16666666666666657,0.16666666666666657
56,56.0,56.544398407394254,0.16666666666666657,0.16666666666666657,0.16666666666666657,0.16666666666666657,0.16666666666666657,0.16666666666666657
57,57.0,57.504102543001395,0.16666666666666657,0.16666666666666657,0.16666666666666657,0.16666666666666657,0.16666666666666657,0.16666666666666657
58,58.0,58.462795239617805,0.16666666666666657,0.16666666666666657,0.16666666666666657,0.16666666666666657,0.16666666666666657,0.16666666666666657
59,59.0,59.42099071417639,0.16666666666666657,0.16666666666666657,0.16666666666666657,0.16666666666666657,0.16666666666666657,0.16666666666666657
60,60.0,60.379156734137354,0.16666666666666657,0.16666666666666657,0.16666666666666657,0.16666666666666657,0.16666666666666657,0.16666666666666657
61,61.0,61.337714584760846,0.16666666666666657,0.16666666666666657,0.16666666666666657,0.16666666666666657,0.16666666666666657,0.16666666666666657
62,62.0,62.29703950447439,0.16666666666666657,0.16666666666666657,0.16666666666666657,0.16666666666666657,0.16666666666666657,0.16666666666666657
63,63.0,63.257461537171835,0.16666666666666657,0.16666666666666657,0.16666666666666657,0.16666666666666657,0.16666666666666657,0.16666666666666657
64,64.0,64.21926675122782,0.16666666666666657,0.16666666666666657,0.16666666666666657,0.16666666666666657,0.16666666666666657,0.16666666666666657
65,65.0,65.18269877636592,0.16666666666666657,0.16666666666666657,0.16666666666666657,0.16666666666666657,0.16666666666666657,0.16666666666666657
66,66.0,66.14796061122655,0.16666666666666657,0.16666666666666657,0.16666666666666657,0.16666666666666657,0.16666666666666657,0.16666666666666657
67,67.0,67.12521665648886,0.16666666666666657,0.16666666666666657,0.16666666666666657,0.16666666666666657,0.16666666666666657,0.16666666666666657
68,68.0,68.10449493066005,0.16666666666666657,0.16666666666666657,0.16666666666666657,0.16666666666666657,0.16666666666666657,0.16666666666666657
69,69.0,69.08580042810752,0.16666666666666657,0.16666666666666657,0.16666666666666657,0.16666666666666657,0.16666666666666657,0.16666666666666657
70,70.0,70.06911737152917,0.16666666666666657,0.16666666666666657,0.16666666666666657,0.16666666666666657,0.16666666666666657,0.16666666666666657
71,71.0,71.05441144689335,0.16666666666666657,0.16666666666666657,0.16666666666666657,0.16666666666666657,0.16666666666666657,0.16666666666666657
72,72.0,72.04163200025218,0.16666666666666657,0.16666666666666657,0.16666666666666657,0.16666666666666657,0.16666666666666657,0.16666666666666657
73,73.0,73.03071417827262,0.16666666666666657,0.16666666666666657,0.16666666666666657,0.16666666666666657,0.16666666666666657,0.16666666666666657
74,74.0,74.02158099670828,0.16666666666666657,0.16666666666666657,0.16666666666666657,0.16666666666666657,0.16666666666666657,0.16666666666666657
75,75.0,75.01414532333331,0.16666666666666657,0.16666666666666657,0.16666666666666657,0.16666666666666657,0.16666666666666657,0.16666666666666657
76,76.0,76.00831176406248,0.16666666666666657,0.16666666666666657,0.16666666666666657,0.16666666666666657,0.16666666666666657,0.16666666666666657
77,77.0,77.00397844307811,0.16666666666666657,0.16666666666666657,0.16666666666666657,0.16666666666666657,0.16666666666666657,0.16666666666666657
78,78.0,78.0110386697614,0.16666666666666657,0.16666666666666657,0.16666666666666657,0.16666666666666657,0.16666666666666657,0.16666666666666657
79,79.0,79.02928248707875,0.16666666666666657,0.16666666666666657,0.16666666666666657,0.16666666666666657,0.16666666666666657,0.16666666666666657
80,80.0,80.04840909779358,0.16666666666666657,0.16666666666666657,0.16666666666666657,0.16666666666666657,0.16666666666666657,0.16666666666666657
81,81.0,81.06813895645898,0.16666666666666657,0.16666666666666657,0.16666666666666657,0.16666666666666657,0.16666666666666657,0.16666666666666657
82,82.0,82.08821443969326,0.16666666666666657,0.16666666666666657,0.16666666666666657,0.16666666666666657,0.16666666666666657,0.16666666666666657
83,83.0,83.10840023020718,0.16666666666666657,0.16666666666666657,0.16666666666666657,0.16666666666666657,0.16666666666666657,0.16666666666666657
84,84.0,84.12848343936764,0.16666666666666657,0.16666666666666657,0.16666666666666657,0.16666666666666657,0.16666666666666657,0.16666666666666657
85,85.0,85.14827349321837,0.16666666666666657,0.16666666666666657,0.16666666666666657,0.16666666666666657,0.16666666666666657,0.16666666666666657
86,86.0,86.16760180675185,0.16666666666666657,0.16666666666666657,0.16666666666666657,0.16666666666666657,0.16666666666666657,0.16666666666666657
87,87.0,87.18632127086445,0.16666666666666657,0.16666666666666657,0.16666666666666657,0.16666666666666657,0.16666666666666657,0.16666666666666657
88,88.0,88.20430557585716,0.16666666666666657,0.16666666666666657,0.16666666666666657,0.16666666666666657,0.16666666666666657,0.16666666666666657
89,89.0,89.23144839459202,0.16666666666666657,0.16666666666666657,0.16666666666666657,0.16666666666666657,0.16666666666666657,0.16666666666666657
90,90.0,90.26756244750747,0.16666666666666657,0.16666666666666657,0.16666666666666657,0.16666666666666657,0.16666666666666657,0.16666666666666657
91,91.0,91.30238947065631,0.16666666666666657,0.16666666666666657,0.16666666666666657,0.16666666666666657,0.16666666666666657,0.16666666666666657
92,92.0,92.3357098967837,0.16666666666666657,0.16666666666666657,0.16666666666666657,0.16666666666666657,0.16666666666666657,0.16666666666666657
93,93.0,93.3673411813305,0.16666666666666657,0.16666666666666657,0.16666666666666657,0.16666666666666657,0.16666666666666657,0.16666666666666657
94,94.0,94.39713592560933,0.16666666666666657,0.16666666666666657,0.16666666666666657,0.16666666666666657,0.16666666666666657,0.16666666666666657
95,95.0,95.42497983620419,0.16666666666666657,0.16666666666666657,0.16666666666666657,0.16666666666666657,0.16666666666666657,0.16666666666666657
96,96.0,96.45078955737752,0.16666666666666657,0.16666666666666657,0.16666666666666657,0.16666666666666657,0.16666666666666657,0.16666666666666657
97,97.0,97.47451041085974,0.16666666666666657,0.16666666666666657,0.16666666666666657,0.16666666666666657,0.16666666666666657,0.16666666666666657
98,98.0,98.49611407488513,0.16666666666666657,0.16666666666666657,0.16666666666666657,0.16666666666666657,0.16666666666666657,0.16666666666666657
99,99.0,99.51559623175913,0.16666666666666657,0.16666666666666657,0.16666666666666657,0.16666666666666657,0.16666666666666657,0.16666666666666657
100,100.0,100.53297421062814,0.16666666666666657,0.16666666666666657,0.16666666666666657,0.16666666666666657,0.16666666666666657,0.16666666666666657
101,101.0,101.54828464950398,0.16666666666666657,0.16666666666666657,0.16666666666666657,0.16666666666666657,0.16666666666666657,0.16666666666666657
102,102.0,102.5615811979972,0.16666666666666657,0.16666666666666657,0.16666666666666657,0.16666666666666657,0.16666666666666657,0.16666666666666657
103,103.0,103.5729322796611,0.16666666666666657,0.16666666666666657,0.16666666666666657,0.16666666666666657,0.16666666666666657,0.16666666666666657
104,104.0,104.58241893036201,0.16666666666666657,0.16666666666666657,0.16666666666666657,0.16666666666666657,0.16666666666666657,0.16666666666666657
105,105.0,105.5901327266892,0.16666666666666657,0.16666666666666657,0.16666666666666657,0.16666666666666657,0.16666666666666657,0.16666666666666657
106,106.0,106.5961738161168,0.16666666666666657,0.16666666666666657,0.16666666666666657,0.16666666666666657,0.16666666666666657,0.16666666666666657
107,107.0,107.60064905844047,0.16666666666666657,0.16666666666666657,0.16666666666666657,0.16666666666666657,0.16666666666666657,0.16666666666666657
108,108.0,108.60367028594737,0.16666666666666657,0.16666666666666657,0.16666666666666657,0.16666666666666657,0.16666666666666657,0.16666666666666657
109,109.0,109.60535268784412,0.16666666666666657,0.16666666666666657,0.16666666666666657,0.16666666666666657,0.16666666666666657,0.16666666666666657
110,110.0,110.60581332267273,0.16666666666666657,0.16666666666666657,0.16666666666666657,0.16666666666666657,0.16666666666666657,0.16666666666666657
111,111.0,111.60516976079177,0.16666666666666657,0.16666666666666657,0.16666666666666657,0.16666666666666657,0.16666666666666657,0.16666666666666657
112,112.0,112.60353885749097,0.16666666666666657,0.16666666666666657,0.16666666666666657,0.16666666666666657,0.16666666666666657,0.16666666666666657
113,113.0,113.60103565594537,0.16666666666666657,0.16666666666666657,0.16666666666666657,0.16666666666666657,0.16666666666666657,0.16666666666666657
114,114.0,114.59777241799486,0.16666666666666657,0.16666666666666657,0.16666666666666657,0.16666666666666657,0.16666666666666657,0.16666666666666657
115,115.0,115.59385777965944,0.16666666666666657,0.16666666666666657,0.16666666666666657,0.16666666666666657,0.16666666666666657,0.16666666666666657
116,116.0,116.58939602736099,0.16666666666666657,0.16666666666666657,0.16666666666666657,0.16666666666666657,0.16666666666666657,0.16666666666666657
117,117.0,117.58448649001876,0.16666666666666657,0.16666666666666657,0.16666666666666657,0.16666666666666657,0.16666666666666657,0.16666666666666657
118,118.0,118.57922304151057,0.16666666666666657,0.16666666666666657,0.16666666666666657,0.16666666666666657,0.16666666666666657,0.16666666666666657
119,119.0,119.5736937074381,0.16666666666666657,0.16666666666666657,0.16666666666666657,0.16666666666666657,0.16666666666666657,0.16666666666666657
120,120.0,120.56798036969847,0.16666666666666657,0.16666666666666657,0.16666666666666657,0.16666666666666657,0.16666666666666657,0.16666666666666657
121,121.0,121.56215856203585,0.16666666666666657,0.16666666666666657,0.16666666666666657,0.16666666666666657,0.16666666666666657,0.16666666666666657
122,122.0,122.55629734951913,0.16666666666666657,0.16666666666666657,0.16666666666666657,0.16666666666666657,0.16666666666666657,0.16666666666666657
123,123.0,123.55045928475889,0.16666666666666657,0.16666666666666657,0.16666666666666657,0.16666666666666657,0.16666666666666657,0.16666666666666657
124,124.0,124.54470043362709,0.16666666666666657,0.16666666666666657,0.16666666666666657,0.16666666666666657,0.16666666666666657,0.16666666666666657
125,125.0,125.53907046327218,0.16666666666666657,0.16666666666666657,0.16666666666666657,0.16666666666666657,0.16666666666666657,0.16666666666666657
126,126.0,126.53361278532005,0.16666666666666657,0.16666666666666657,0.16666666666666657,0.16666666666666657,0.16666666666666657,0.16666666666666657
127,127.0,127.52836474730994,0.16666666666666657,0.16666666666666657,0.16666666666666657,0.16666666666666657,0.16666666666666657,0.16666666666666657
128,128.0,128.52335786562773,0.16666666666666657,0.16666666666666657,0.16666666666666657,0.16666666666666657,0.16666666666666657,0.16666666666666657
129,129.0,129.51861809345746,0.16666666666666657,0.16666666666666657,0.16666666666666657,0.16666666666666657,0.16666666666666657,0.16666666666666657
130,130.0,130.51416611756966,0.16666666666666657,0.16666666666666657,0.16666666666666657,0.16666666666666657,0.16666666666666657,0.16666666666666657
131,131.0,131.51001767809493,0.16666666666666657,0.16666666666666657,0.16666666666666657,0.16666666666666657,0.16666666666666657,0.16666666666666657
132,132.0,132.5061839057867,0.16666666666666657,0.16666666666666657,0.16666666666666657,0.16666666666666657,0.16666666666666657,0.16666666666666657
133,133.0,133.50267167165146,0.16666666666666657,0.16666666666666657,0.16666666666666657,0.16666666666666657,0.16666666666666657,0.16666666666666657
134,134.0,134.4994839442132,0.16666666666666657,0.16666666666666657,0.16666666666666657,0.16666666666666657,0.16666666666666657,0.16666666666666657
135,135.0,135.49662015007667,0.16666666666666657,0.16666666666666657,0.16666666666666657,0.16666666666666657,0.16666666666666657,0.16666666666666657
136,136.0,136.494076533853,0.16666666666666657,0.16666666666666657,0.16666666666666657,0.16666666666666657,0.16666666666666657,0.16666666666666657
137,137.0,137.49184651391317,0.16666666666666657,0.16666666666666657,0.16666666666666657,0.16666666666666657,0.16666666666666657,0.16666666666666657
138,138.0,138.4899210308282,0.16666666666666657,0.16666666666666657,0.16666666666666657,0.16666666666666657,0.16666666666666657,0.16666666666666657
139,139.0,139.48828888574346,0.16666666666666657,0.16666666666666657,0.16666666666666657,0.16666666666666657,0.16666666666666657,0.16666666666666657
140,140.0,140.48693706630974,0.16666666666666657,0.16666666666666657,0.16666666666666657,0.16666666666666657,0.16666666666666657,0.16666666666666657
141,141.0,141.4858510581563,0.16666666666666657,0.16666666666666657,0.16666666666666657,0.16666666666666657,0.16666666666666657,0.16666666666666657
142,142.0,142.48501514023664,0.16666666666666657,0.16666666666666657,0.16666666666666657,0.16666666666666657,0.16666666666666657,0.16666666666666657
143,143.0,143.48441266270657,0.16666666666666657,0.16666666666666657,0.16666666666666657,0.16666666666666657,0.16666666666666657,0.16666666666666657
144,144.0,144.48402630630247,0.16666666666666657,0.16666666666666657,0.16666666666666657,0.16666666666666657,0.16666666666666657,0.16666666666666657
145,145.0,145.48383832247575,0.16666666666666657,0.16666666666666657,0.16666666666666657,0.16666666666666657,0.16666666666666657,0.16666666666666657
146,146.0,146.48383075380693,0.16666666666666657,0.16666666666666657,0.16666666666666657,0.16666666666666657,0.16666666666666657,0.16666666666666657
147,147.0,147.48398563446693,0.16666666666666657,0.16666666666666657,0.16666666666666657,0.16666666666666657,0.16666666666666657,0.16666666666666657
148,148.0,148.48428517071625,0.16666666666666657,0.16666666666666657,0.16666666666666657,0.16666666666666657,0.16666666666666657,0.16666666666666657
149,149.0,149.48471190163346,0.16666666666666657,0.16666666666666657,0.16666666666666657,0.16666666666666657,0.16666666666666657,0.16666666666666657
150,150.0,150.48524884044267,0.16666666666666657,0.16666666666666657,0.16666666666666657,0.16666666666666657,0.16666666666666657,0.16666666666666657
151,151.0,151.4858795969665,0.16666666666666657,0.16666666666666657,0.16666666666666657,0.16666666666666657,0.16666666666666657,0.16666666666666657
152,152.0,152.48658848186827,0.16666666666666657,0.16666666666666657,0.16666666666666657,0.16666666666666657,0.16666666666666657,0.16666666666666657
153,153.0,153.48736059346118,0.16666666666666657,0.16666666666666657,0.16666666666666657,0.16666666666666657,0.16666666666666657,0.16666666666666657
154,154.0,154.4881818879602,0.16666666666666657,0.16666666666666657,0.16666666666666657,0.16666666666666657,0.16666666666666657,0.16666666666666657
155,155.0,155.4890392341297,0.16666666666666657,0.16666666666666657,0.16666666666666657,0.16666666666666657,0.16666666666666657,0.16666666666666657
156,156.0,156.49992045334096,0.16666666666666657,0.16666666666666657,0.16666666666666657,0.16666666666666657,0.16666666666666657,0.16666666666666657
157,157.0,157.5107143460977,0.16666666666666657,0.16666666666666657,0.16666666666666657,0.16666666666666657,0.16666666666666657,0.16666666666666657
158,158.0,158.53132170611778,0.16666666666666657,0.16666666666666657,0.16666666666666657,0.16666666666666657,0.16666666666666657,0.16666666666666657
159,159.0,159.55155511307467,0.16666666666666657,0.16666666666666657,0.16666666666666657,0.16666666666666657,0.16666666666666657,0.16666666666666657
160,160.0,160.57124962820512,0.16666666666666657,0.16666666666666657,0.16666666666666657,0.16666666666666657,0.16666666666666657,0.16666666666666657
161,161.0,161.59026219554048,0.16666666666666657,0.16666666666666657,0.16666666666666657,0.16666666666666657,0.16666666666666657,0.16666666666666657
162,162.0,162.60847088418691,0.16666666666666657,0.16666666666666657,0.16666666666666657,0.16666666666666657,0.16666666666666657,0.16666666666666657
163,163.0,163.62577399512682,0.16666666666666657,0.16666666666666657,0.16666666666666657,0.16666666666666657,0.16666666666666657,0.16666666666666657
164,164.0,164.64208905502147,0.16666666666666657,0.16666666666666657,0.16666666666666657,0.16666666666666657,0.16666666666666657,0.16666666666666657
165,165.0,165.65735171837645,0.16666666666666657,0.16666666666666657,0.16666666666666657,0.16666666666666657,0.16666666666666657,0.16666666666666657
166,166.0,166.67151459821216,0.16666666666666657,0.16666666666666657,0.16666666666666657,0.16666666666666657,0.16666666666666657,0.16666666666666657
167,167.0,167.6845460440822,0.16666666666666657,0.16666666666666657,0.16666666666666657,0.16666666666666657,0.16666666666666657,0.16666666666666657
168,168.0,168.6964288849244,0.16666666666666657,0.16666666666666657,0.16666666666666657,0.16666666666666657,0.16666666666666657,0.16666666666666657
169,169.0,169.70715915283313,0.16666666666666657,0.16666666666666657,0.16666666666666657,0.16666666666666657,0.16666666666666657,0.16666666666666657
170,170.0,170.71674480242265,0.16666666666666657,0.16666666666666657,0.16666666666666657,0.16666666666666657,0.16666666666666657,0.16666666666666657
171,171.0,171.72520443902897,0.16666666666666657,0.16666666666666657,0.16666666666666657,0.16666666666666657,0.16666666666666657,0.16666666666666657
172,172.0,172.73256606758443,0.16666666666666657,0.16666666666666657,0.16666666666666657,0.16666666666666657,0.16666666666666657,0.16666666666666657
173,173.0,173.73886587260847,0.16666666666666657,0.16666666666666657,0.16666666666666657,0.16666666666666657,0.16666666666666657,0.16666666666666657
174,174.0,174.744147038404,0.16666666666666657,0.16666666666666657,0.16666666666666657,0.16666666666666657,0.16666666666666657,0.16666666666666657
175,175.0,175.74845861723597,0.16666666666666657,0.16666666666666657,0.16666666666666657,0.16666666666666657,0.16666666666666657,0.16666666666666657
176,176.0,176.75185445201237,0.16666666666666657,0.16666666666666657,0.16666666666666657,0.16666666666666657,0.16666666666666657,0.16666666666666657
177,177.0,177.75439215879103,0.16666666666666657,0.16666666666666657,0.16666666666666657,0.16666666666666657,0.16666666666666657,0.16666666666666657
178,178.0,178.7561321733039,0.16666666666666657,0.16666666666666657,0.16666666666666657,0.16666666666666657,0.16666666666666657,0.16666666666666657
179,179.0,179.75713686463243,0.16666666666666657,0.16666666666666657,0.16666666666666657,0.16666666666666657,0.16666666666666657,0.16666666666666657
180,180.0,180.75746971818177,0.16666666666666657,0.16666666666666657,0.16666666666666657,0.16666666666666657,0.16666666666666657,0.16666666666666657
181,181.0,181.75719458919434,0.16666666666666657,0.16666666666666657,0.16666666666666657,0.16666666666666657,0.16666666666666657,0.16666666666666657
182,182.0,182.75637502721375,0.16666666666666657,0.16666666666666657,0.16666666666666657,0.16666666666666657,0.16666666666666657,0.16666666666666657
183,183.0,183.75507367115907,0.16666666666666657,0.16666666666666657,0.16666666666666657,0.16666666666666657,0.16666666666666657,0.16666666666666657
184,184.0,184.75335171399826,0.16666666666666657,0.16666666666666657,0.16666666666666657,0.16666666666666657,0.16666666666666657,0.16666666666666657
185,185.0,185.76126843541357,0.16666666666666657,0.16666666666666657,0.16666666666666657,0.16666666666666657,0.16666666666666657,0.16666666666666657
186,186.0,186.76878080033322,0.16666666666666657,0.16666666666666657,0.16666666666666657,0.16666666666666657,0.16666666666666657,0.16666666666666657
187,187.0,187.77585412075754,0.16666666666666657,0.16666666666666657,0.16666666666666657,0.16666666666666657,0.16666666666666657,0.16666666666666657
188,188.0,188.78246156793188,0.16666666666666657,0.16666666666666657,0.16666666666666657,0.16666666666666657,0.16666666666666657,0.16666666666666657
189,189.0,189.78858365470944,0.16666666666666657,0.16666666666666657,0.16666666666666657,0.16666666666666657,0.16666666666666657,0.16666666666666657
190,190.0,190.7942076962622,0.16666666666666657,0.16666666666666657,0.16666666666666657,0.16666666666666657,0.16666666666666657,0.16666666666666657
191,191.0,191.79932725669704,0.16666666666666657,0.16666666666666657,0.16666666666666657,0.16666666666666657,0.16666666666666657,0.16666666666666657
192,192.0,192.8039415885214,0.16666666666666657,0.16666666666666657,0.16666666666666657,0.16666666666666657,0.16666666666666657,0.16666666666666657
193,193.0,193.80805507127815,0.16666666666666657,0.16666666666666657,0.16666666666666657,0.16666666666666657,0.16666666666666657,0.16666666666666657
194,194.0,194.81167665504643,0.16666666666666657,0.16666666666666657,0.16666666666666657,0.16666666666666657,0.16666666666666657,0.16666666666666657
195,195.0,195.81481931388743,0.16666666666666657,0.16666666666666657,0.16666666666666657,0.16666666666666657,0.16666666666666657,0.16666666666666657
196,196.0,196.81749951370546,0.16666666666666657,0.16666666666666657,0.16666666666666657,0.16666666666666657,0.16666666666666657,0.16666666666666657
197,197.0,197.81973669840463,0.16666666666666657,0.16666666666666657,0.16666666666666657,0.16666666666666657,0.16666666666666657,0.16666666666666657
198,198.0,198.82155279764982,0.16666666666666657,0.16666666666666657,0.16666666666666657,0.16666666666666657,0.16666666666666657,0.16666666666666657
199,199.0,199.82297175899402,0.16619047619047608,0.16619047619047608,0.16619047619047608,0.16619047619047608,0.16904761904761895,0.16619047619047608
200,200.0,200.82401910661383,0.16536190476190468,0.16536190476190468,0.16536190476190468,0.16536190476190468,0.1719404761904761,0.16661190476190468
201,201.0,201.82472152840555,0.16393082539682532,0.16504193650793644,0.16393082539682532,0.16393082539682532,0.17688615079365072,0.16627943650793645
202,202.0,202.82510649273402,0.16234679968253962,0.16455791079365073,0.16234679968253962,0.16234679968253962,0.1826299043650793,0.16577178579365073
203,203.0,203.82520189570232,0.16066278790793645,0.16395289901904755,0.16066278790793645,0.16177389901904757,0.18781425337698407,0.16513337276904755
204,204.0,204.82503573941676,0.15878062879679358,0.16312004990790469,0.15878062879679358,0.1608806287967936,0.19417940590630947,0.1642586577954047
205,205.0,205.82463584136562,0.15685284756276535,0.1622043645738764,0.15685284756276535,0.15992184756276537,0.20087418563157577,0.16329390710625144
206,206.0,206.82402957470592,0.15482146604866234,0.16114146531077342,0.15482146604866234,0.15874096695775328,0.2073895911268453,0.1630850445073031
207,207.0,207.8232436389651,0.15255070788118288,0.15979025228768395,0.15255070788118288,0.15846161611451623,0.21414853563029487,0.16249818020513906
208,208.0,208.8223038604087,0.15001463810975918,0.15832048881325736,0.15021463810975919,0.15792814829702181,0.22174950203649824,0.16177258463370411
209,209.0,209.82123502110392,0.14869410052615484,0.15699359809288568,0.1479790092170239,0.1574321705053947,0.22978031860282144,0.15912080305571924
210,210.0,210.82006071551854,0.14731889994884392,0.15555938768711391,0.14569606824367334,0.1576396146793886,0.23743412271372288,0.15635190672725716
211,211.0,211.81880323333652,0.14601100193571748,0.15414567892128703,0.14349612306024984,0.15783850374114103,0.2449006490022071,0.15360804333939743
212,212.0,212.81748346703935,0.14484105724508733,0.15283183105069756,0.14145915577221377,0.15612475577464666,0.2536627696927773,0.15108043046457725
213,213.0,213.81612084270148,0.14234183320320612,0.15269286894847933,0.13923343040739591,0.15478993846585867,0.2615039065392186,0.1494380224358412
214,214.0,214.8147332723704,0.1399885576779254,0.15254428706541084,0.13707738771943034,0.15328514794773535,0.269278589048322,0.14782603054117588
215,215.0,215.81333712634873,0.13770209434314606,0.15239045896871592,0.1350075456378196,0.15173509051081724,0.276280351683072,0.14688445885642903
216,216.0,216.81194722366575,0.1355365351098978,0.15227135605745618,0.1330738910194763,0.15019811041481704,0.28288901782416426,0.14603108957418828
217,217.0,217.8105768390144,0.13326352192088875,0.15194677360272948,0.13104421842478597,0.14845051848575572,0.2902672546582858,0.1450277129075542
218,218.0,218.80923772443802,0.13209113347818824,0.15125399744692186,0.12887302955193333,0.1464554550008332,0.2976135290969988,0.14371285542512452
219,219.0,219.8079401440749,0.13064276735017072,0.15029664219340902,0.12644393417705155,0.1442032184947698,0.3054146757215054,0.1429987620630935
220,220.0,220.80669292030737,0.12929599134301678,0.14934440749904718,0.12414159118955197,0.14198822765180158,0.31233941891802786,0.14289036339855465
221,221.0,221.80550348971352,0.12755942466222794,0.1480505030012701,0.12162054812697659,0.13940167858902536,0.32089179585510236,0.14247604976539768
222,222.0,222.8043779672819,0.12596218166365825,0.14680980434707971,0.11927565504914142,0.13691641757670078,0.32889761594492134,0.14213832541849858
223,223.0,223.80332121742063,0.12450453352717103,0.14563595978673904,0.1175655224609958,0.13443989469124107,0.33604206117269203,0.1418120283611611
224,224.0,224.80233693037127,0.12315879071402312,0.14449821816558453,0.11597713843037966,0.13206199041547417,0.34283816921892457,0.14146569305561404
225,225.0,225.80142770272315,0.12242683550462745,0.1434039619905245,0.11451382732646158,0.12979585270041924,0.3487551204136181,0.14110440206434924
226,226.0,226.8005951208126,0.12225646546940162,0.142359261105018,0.11317706548064567,0.1276520432330747,0.3538226756462575,0.1407324890656026
227,227.0,227.799839845885,0.12208144312949828,0.141264967184325,0.11188435435236863,0.12777017021374587,0.3567061123917352,0.14029295272832712
228,228.0,228.7991616999913,0.12310834901814928,0.13991277612196468,0.10994381915576254,0.12758754126750702,0.35887477003607454,0.14057274440054207
229,229.0,229.79855975168704,0.12417035761724901,0.13772554932627715,0.10816085977083847,0.12752869896915223,0.3615680503025563,0.14084648401392694
230,230.0,230.79803240069637,0.1251767340148962,0.135550804554607,0.1064615083081506,0.1275058131747498,0.3644212202757462,0.1408839196718503
231,231.0,231.79757746079778,0.12609926225223989,0.13338598439877775,0.10483134083661076,0.12740155134744796,0.3675518146212099,0.14073004654371385
232,232.0,232.79719224028108,0.12694207551247583,0.13125744288598362,0.10328543891903957,0.12723685260209033,0.37002828825207307,0.14124990182833774
233,233.0,233.79687361941322,0.12783615737106568,0.12931504700817154,0.10239782706903401,0.12728421111556565,0.3713462212760285,0.14182053616013476
234,234.0,234.79661812443806,0.12870827255389886,0.1275012362857298,0.10166187817561986,0.1274056066874715,0.37198063823152944,0.14274236806575066
235,235.0,235.796421997716,0.12959035811518418,0.12583411082316628,0.10108260594489266,0.12760524216906627,0.3730448286071484,0.1428428543405423
236,236.0,236.796281263689,0.13020539802850548,0.12430085698093549,0.10051577530511123,0.12843748490147708,0.3737092517663133,0.14283123301765746
237,237.0,237.7961917904278,0.13133390529866876,0.12343623538627195,0.10060621503806111,0.12893337242446706,0.37234225776248997,0.1433480140900412
238,238.0,238.79614934658844,0.13226714422118432,0.1225359251342617,0.10064118981303574,0.12929365930582634,0.37032299591435297,0.14493908561133892
239,239.0,239.7961496536671,0.13331491241619495,0.1217732124788738,0.10189772177490833,0.12857790591550755,0.3668083141962437,0.14762793321827164
240,240.0,240.79618843350127,0.13418222235058203,0.1210185384049528,0.10300655239221215,0.12777744743253464,0.36400883189947786,0.15000640752024047
241,241.0,241.79626145101702,0.13473911998587523,0.1201401400479648,0.10393285774610464,0.12677025320387628,0.3609470337571055,0.15347059525907353
242,242.0,242.796364552271,0.13516548868176623,0.11929289527074921,0.10472843966944172,0.12572079019735044,0.3584269704098983,0.15666541577079413
243,243.0,243.79649369787685,0.13644937172449043,0.1186280819090217,0.10562615361378447,0.12325123912826834,0.35616745455959736,0.15987769906483776
244,244.0,244.79664499194337,0.13713109489742778,0.11774428024055794,0.10717722109523482,0.1204723212895083,0.35350804175590245,0.16396704072136875
245,245.0,245.79681470668382,0.13763945119462728,0.11689449540144395,0.10860773684352909,0.11771966484162708,0.3512635646149942,0.16787508710377852
246,246.0,246.79699930288336,0.13786295917313596,0.11596630141011934,0.11090742394512468,0.11489260414062931,0.34928211781026997,0.17108859352072087
247,247.0,247.79719544643413,0.1383957257278949,0.11532324969314701,0.11335565410796124,0.11237327879026521,0.34751792706187296,0.17303416461885882
248,248.0,248.79740002116546,0.13888006876430298,0.11478254225454718,0.11464126532746088,0.10999539422326077,0.3469173054970512,0.17478342393337715
249,249.0,249.797610138212,0.13931598720383115,0.11433935174086858,0.11586766338576232,0.10776858520695004,0.3463699024130954,0.17633851004949264
250,250.0,250.7978231421718,0.13959285321066103,0.11387724725364479,0.11691739450729126,0.10558890116531568,0.34665364777053626,0.1773699560925511
251,251.0,251.7980366143139,0.13953953132960661,0.11347846397068939,0.11774531318271214,0.10340543347268628,0.347689504253725,0.17814175379058067
252,252.0,252.79824837309863,0.13826684697424424,0.11324584047571029,0.11858573820583264,0.10147492217617908,0.3493509167966343,0.17907573537139956
253,253.0,253.7984564722739,0.1369594851930181,0.11318230835605449,0.11933663965823808,0.0997043478798606,0.3509989436435762,0.17981827526925265
254,254.0,254.7986591968089,0.13563316112096174,0.11316508362552402,0.1199981182662576,0.09809449312313943,0.35273022045224284,0.18037892341187453
255,255.0,255.79885505692235,0.13419941025918308,0.11319743072952555,0.12137746214621872,0.09654165926644216,0.3526172003607569,0.1820668372378737
256,256.0,256.7990427804552,0.132829398627423,0.11328055784986664,0.1226802669236208,0.09516542719874266,0.3519556086130693,0.18408874078727777
257,257.0,257.7992213038302,0.13239863452593112,0.11323339582637365,0.12372658300790179,0.09378771323163572,0.35117969199309174,0.18567398141506608
258,258.0,258.7993897618295,0.13199064943323544,0.11331762961793632,0.12467165821933224,0.09256288703300357,0.35128647410491115,0.1861707015915814
259,259.0,259.7995474764105,0.13138427300908984,0.11330738992494312,0.125403835921356,0.09137595315029379,0.35225186492536786,0.1862766830689495
260,260.0,260.7996939447693,0.13080467207416963,0.11331038630100175,0.12603588796323792,0.09033416360444123,0.35318059138707036,0.18633429867007925
261,261.0,261.79982882684453,0.13007242444203254,0.11323254992191048,0.1264794232939568,0.09025079090221841,0.35389767207568623,0.18606713936419567
262,262.0,262.79995193244383,0.12937304440249986,0.11326695422581465,0.12682952393087044,0.09029366557758053,0.3545648602716316,0.18567195159160307
263,263.0,263.80006320815875,0.12871813373354857,0.11332801794348095,0.12710486128435863,0.09045861572496283,0.35520218386852975,0.18518818744511942
264,264.0,264.80016272422057,0.12810979460481003,0.1134124644963565,0.12731015830922904,0.09073178429568948,0.3558062560903165,0.1846295422035986
265,265.0,265.800250661434,0.12755822518337492,0.11343487429328636,0.12746462045405965,0.09100422302487667,0.35650374731719736,0.18403430972720514
266,266.0,266.80032729831174,0.1270465975260606,0.11345331024522913,0.12754470325207282,0.0913503638427198,0.3572408407363941,0.18336418439752358
267,267.0,267.8003929985186,0.12692483756077927,0.11382863131017845,0.12825169093915675,0.09210817895992605,0.3555487889265407,0.1833378723034188
268,268.0,268.8004481987196,0.12670946904727345,0.11407568869547709,0.12872857567478607,0.09278321572467998,0.35480737642359006,0.18289567443419338
269,269.0,269.8104933969133,0.12734363285151287,0.11637357792331127,0.13076524932509745,0.09387384532189587,0.34832165848687474,0.18332203609130784
