Total_iterations,Unnamed: 0.1,Intertwine_two,Add_vertex,Delete_vertex,Invert_path_vertices,Insert_inside_vertex,Delete_inside_vertex
0,0.0,0.1666666666666666,0.1666666666666666,0.1666666666666666,0.1666666666666666,0.1666666666666666,0.1666666666666666
1,1.0,0.1666666666666666,0.1666666666666666,0.1666666666666666,0.1666666666666666,0.1666666666666666,0.1666666666666666
2,2.0,0.1666666666666666,0.1666666666666666,0.1666666666666666,0.1666666666666666,0.1666666666666666,0.1666666666666666
3,3.0,0.1666666666666666,0.1666666666666666,0.1666666666666666,0.1666666666666666,0.1666666666666666,0.1666666666666666
4,4.0,0.1666666666666666,0.1666666666666666,0.1666666666666666,0.1666666666666666,0.1666666666666666,0.1666666666666666
5,5.0,0.1666666666666666,0.1666666666666666,0.1666666666666666,0.1666666666666666,0.1666666666666666,0.1666666666666666
6,6.0,0.1666666666666666,0.1666666666666666,0.1666666666666666,0.1666666666666666,0.1666666666666666,0.1666666666666666
7,7.0,0.1666666666666666,0.1666666666666666,0.1666666666666666,0.1666666666666666,0.1666666666666666,0.1666666666666666
8,8.0,0.1666666666666666,0.1666666666666666,0.1666666666666666,0.1666666666666666,0.1666666666666666,0.1666666666666666
9,9.0,0.1666666666666666,0.1666666666666666,0.1666666666666666,0.1666666666666666,0.1666666666666666,0.1666666666666666
10,10.0,0.1666666666666666,0.1666666666666666,0.1666666666666666,0.1666666666666666,0.1666666666666666,0.1666666666666666
11,11.0,0.1666666666666666,0.1666666666666666,0.1666666666666666,0.1666666666666666,0.1666666666666666,0.1666666666666666
12,12.0,0.1666666666666666,0.1666666666666666,0.1666666666666666,0.1666666666666666,0.1666666666666666,0.1666666666666666
13,13.0,0.1666666666666666,0.1666666666666666,0.1666666666666666,0.1666666666666666,0.1666666666666666,0.1666666666666666
14,14.0,0.1666666666666666,0.1666666666666666,0.1666666666666666,0.1666666666666666,0.1666666666666666,0.1666666666666666
15,15.0,0.1666666666666666,0.1666666666666666,0.1666666666666666,0.1666666666666666,0.1666666666666666,0.1666666666666666
16,16.0,0.1666666666666666,0.1666666666666666,0.1666666666666666,0.1666666666666666,0.1666666666666666,0.1666666666666666
17,17.0,0.1666666666666666,0.1666666666666666,0.1666666666666666,0.1666666666666666,0.1666666666666666,0.1666666666666666
18,18.0,0.1666666666666666,0.1666666666666666,0.1666666666666666,0.1666666666666666,0.1666666666666666,0.1666666666666666
19,19.0,0.1666666666666666,0.1666666666666666,0.1666666666666666,0.1666666666666666,0.1666666666666666,0.1666666666666666
20,20.0,0.1666666666666666,0.1666666666666666,0.1666666666666666,0.1666666666666666,0.1666666666666666,0.1666666666666666
21,21.0,0.1666666666666666,0.1666666666666666,0.1666666666666666,0.1666666666666666,0.1666666666666666,0.1666666666666666
22,22.0,0.1666666666666666,0.1666666666666666,0.1666666666666666,0.1666666666666666,0.1666666666666666,0.1666666666666666
23,23.0,0.1666666666666666,0.1666666666666666,0.1666666666666666,0.1666666666666666,0.1666666666666666,0.1666666666666666
24,24.0,0.1666666666666666,0.1666666666666666,0.1666666666666666,0.1666666666666666,0.1666666666666666,0.1666666666666666
25,25.0,0.1666666666666666,0.1666666666666666,0.1666666666666666,0.1666666666666666,0.1666666666666666,0.1666666666666666
26,26.0,0.1666666666666666,0.1666666666666666,0.1666666666666666,0.1666666666666666,0.1666666666666666,0.1666666666666666
27,27.0,0.1666666666666666,0.1666666666666666,0.1666666666666666,0.1666666666666666,0.1666666666666666,0.1666666666666666
28,28.0,0.1666666666666666,0.1666666666666666,0.1666666666666666,0.1666666666666666,0.1666666666666666,0.1666666666666666
29,29.0,0.1666666666666666,0.1666666666666666,0.1666666666666666,0.1666666666666666,0.1666666666666666,0.1666666666666666
30,30.0,0.1666666666666666,0.1666666666666666,0.1666666666666666,0.1666666666666666,0.1666666666666666,0.1666666666666666
31,31.0,0.1666666666666666,0.1666666666666666,0.1666666666666666,0.1666666666666666,0.1666666666666666,0.1666666666666666
32,32.0,0.1666666666666666,0.1666666666666666,0.1666666666666666,0.1666666666666666,0.1666666666666666,0.1666666666666666
33,33.0,0.1666666666666666,0.1666666666666666,0.1666666666666666,0.1666666666666666,0.1666666666666666,0.1666666666666666
34,34.0,0.1666666666666666,0.1666666666666666,0.1666666666666666,0.1666666666666666,0.1666666666666666,0.1666666666666666
35,35.0,0.1666666666666666,0.1666666666666666,0.1666666666666666,0.1666666666666666,0.1666666666666666,0.1666666666666666
36,36.0,0.1666666666666666,0.1666666666666666,0.1666666666666666,0.1666666666666666,0.1666666666666666,0.1666666666666666
37,37.0,0.1666666666666666,0.1666666666666666,0.1666666666666666,0.1666666666666666,0.1666666666666666,0.1666666666666666
38,38.0,0.1666666666666666,0.1666666666666666,0.1666666666666666,0.1666666666666666,0.1666666666666666,0.1666666666666666
39,39.0,0.1666666666666666,0.1666666666666666,0.1666666666666666,0.1666666666666666,0.1666666666666666,0.1666666666666666
40,40.0,0.1666666666666666,0.1666666666666666,0.1666666666666666,0.1666666666666666,0.1666666666666666,0.1666666666666666
41,41.0,0.1666666666666666,0.1666666666666666,0.1666666666666666,0.1666666666666666,0.1666666666666666,0.1666666666666666
42,42.0,0.1666666666666666,0.1666666666666666,0.1666666666666666,0.1666666666666666,0.1666666666666666,0.1666666666666666
43,43.0,0.1666666666666666,0.1666666666666666,0.1666666666666666,0.1666666666666666,0.1666666666666666,0.1666666666666666
44,44.0,0.1666666666666666,0.1666666666666666,0.1666666666666666,0.1666666666666666,0.1666666666666666,0.1666666666666666
45,45.0,0.1666666666666666,0.1666666666666666,0.1666666666666666,0.1666666666666666,0.1666666666666666,0.1666666666666666
46,46.0,0.1666666666666666,0.1666666666666666,0.1666666666666666,0.1666666666666666,0.1666666666666666,0.1666666666666666
47,47.0,0.1666666666666666,0.1666666666666666,0.1666666666666666,0.1666666666666666,0.1666666666666666,0.1666666666666666
48,48.0,0.1666666666666666,0.1666666666666666,0.1666666666666666,0.1666666666666666,0.1666666666666666,0.1666666666666666
49,49.0,0.1666666666666666,0.1666666666666666,0.1666666666666666,0.1666666666666666,0.1666666666666666,0.1666666666666666
50,50.0,0.1666666666666666,0.1666666666666666,0.1666666666666666,0.1666666666666666,0.1666666666666666,0.1666666666666666
51,51.0,0.1666666666666666,0.1666666666666666,0.1666666666666666,0.1666666666666666,0.1666666666666666,0.1666666666666666
52,52.0,0.1666666666666666,0.1666666666666666,0.1666666666666666,0.1666666666666666,0.1666666666666666,0.1666666666666666
53,53.0,0.1666666666666666,0.1666666666666666,0.1666666666666666,0.1666666666666666,0.1666666666666666,0.1666666666666666
54,54.0,0.1666666666666666,0.1666666666666666,0.1666666666666666,0.1666666666666666,0.1666666666666666,0.1666666666666666
55,55.0,0.1666666666666666,0.1666666666666666,0.1666666666666666,0.1666666666666666,0.1666666666666666,0.1666666666666666
56,56.0,0.1666666666666666,0.1666666666666666,0.1666666666666666,0.1666666666666666,0.1666666666666666,0.1666666666666666
57,57.0,0.1666666666666666,0.1666666666666666,0.1666666666666666,0.1666666666666666,0.1666666666666666,0.1666666666666666
58,58.0,0.1666666666666666,0.1666666666666666,0.1666666666666666,0.1666666666666666,0.1666666666666666,0.1666666666666666
59,59.0,0.1666666666666666,0.1666666666666666,0.1666666666666666,0.1666666666666666,0.1666666666666666,0.1666666666666666
60,60.0,0.1666666666666666,0.1666666666666666,0.1666666666666666,0.1666666666666666,0.1666666666666666,0.1666666666666666
61,61.0,0.1666666666666666,0.1666666666666666,0.1666666666666666,0.1666666666666666,0.1666666666666666,0.1666666666666666
62,62.0,0.1666666666666666,0.1666666666666666,0.1666666666666666,0.1666666666666666,0.1666666666666666,0.1666666666666666
63,63.0,0.1666666666666666,0.1666666666666666,0.1666666666666666,0.1666666666666666,0.1666666666666666,0.1666666666666666
64,64.0,0.1666666666666666,0.1666666666666666,0.1666666666666666,0.1666666666666666,0.1666666666666666,0.1666666666666666
65,65.0,0.1666666666666666,0.1666666666666666,0.1666666666666666,0.1666666666666666,0.1666666666666666,0.1666666666666666
66,66.0,0.1666666666666666,0.1666666666666666,0.1666666666666666,0.1666666666666666,0.1666666666666666,0.1666666666666666
67,67.0,0.1666666666666666,0.1666666666666666,0.1666666666666666,0.1666666666666666,0.1666666666666666,0.1666666666666666
68,68.0,0.1666666666666666,0.1666666666666666,0.1666666666666666,0.1666666666666666,0.1666666666666666,0.1666666666666666
69,69.0,0.1666666666666666,0.1666666666666666,0.1666666666666666,0.1666666666666666,0.1666666666666666,0.1666666666666666
70,70.0,0.1666666666666666,0.1666666666666666,0.1666666666666666,0.1666666666666666,0.1666666666666666,0.1666666666666666
71,71.0,0.1666666666666666,0.1666666666666666,0.1666666666666666,0.1666666666666666,0.1666666666666666,0.1666666666666666
72,72.0,0.1666666666666666,0.1666666666666666,0.1666666666666666,0.1666666666666666,0.1666666666666666,0.1666666666666666
73,73.0,0.1666666666666666,0.1666666666666666,0.1666666666666666,0.1666666666666666,0.1666666666666666,0.1666666666666666
74,74.0,0.1666666666666666,0.1666666666666666,0.1666666666666666,0.1666666666666666,0.1666666666666666,0.1666666666666666
75,75.0,0.1666666666666666,0.1666666666666666,0.1666666666666666,0.1666666666666666,0.1666666666666666,0.1666666666666666
76,76.0,0.1666666666666666,0.1666666666666666,0.1666666666666666,0.1666666666666666,0.1666666666666666,0.1666666666666666
77,77.0,0.1666666666666666,0.1666666666666666,0.1666666666666666,0.1666666666666666,0.1666666666666666,0.1666666666666666
78,78.0,0.1666666666666666,0.1666666666666666,0.1666666666666666,0.1666666666666666,0.1666666666666666,0.1666666666666666
79,79.0,0.1666666666666666,0.1666666666666666,0.1666666666666666,0.1666666666666666,0.1666666666666666,0.1666666666666666
80,80.0,0.1666666666666666,0.1666666666666666,0.1666666666666666,0.1666666666666666,0.1666666666666666,0.1666666666666666
81,81.0,0.1666666666666666,0.1666666666666666,0.1666666666666666,0.1666666666666666,0.1666666666666666,0.1666666666666666
82,82.0,0.1666666666666666,0.1666666666666666,0.1666666666666666,0.1666666666666666,0.1666666666666666,0.1666666666666666
83,83.0,0.1666666666666666,0.1666666666666666,0.1666666666666666,0.1666666666666666,0.1666666666666666,0.1666666666666666
84,84.0,0.1666666666666666,0.1666666666666666,0.1666666666666666,0.1666666666666666,0.1666666666666666,0.1666666666666666
85,85.0,0.1666666666666666,0.1666666666666666,0.1666666666666666,0.1666666666666666,0.1666666666666666,0.1666666666666666
86,86.0,0.1666666666666666,0.1666666666666666,0.1666666666666666,0.1666666666666666,0.1666666666666666,0.1666666666666666
87,87.0,0.1666666666666666,0.1666666666666666,0.1666666666666666,0.1666666666666666,0.1666666666666666,0.1666666666666666
88,88.0,0.1666666666666666,0.1666666666666666,0.1666666666666666,0.1666666666666666,0.1666666666666666,0.1666666666666666
89,89.0,0.1666666666666666,0.1666666666666666,0.1666666666666666,0.1666666666666666,0.1666666666666666,0.1666666666666666
90,90.0,0.1666666666666666,0.1666666666666666,0.1666666666666666,0.1666666666666666,0.1666666666666666,0.1666666666666666
91,91.0,0.1666666666666666,0.1666666666666666,0.1666666666666666,0.1666666666666666,0.1666666666666666,0.1666666666666666
92,92.0,0.1666666666666666,0.1666666666666666,0.1666666666666666,0.1666666666666666,0.1666666666666666,0.1666666666666666
93,93.0,0.1666666666666666,0.1666666666666666,0.1666666666666666,0.1666666666666666,0.1666666666666666,0.1666666666666666
94,94.0,0.1666666666666666,0.1666666666666666,0.1666666666666666,0.1666666666666666,0.1666666666666666,0.1666666666666666
95,95.0,0.1666666666666666,0.1666666666666666,0.1666666666666666,0.1666666666666666,0.1666666666666666,0.1666666666666666
96,96.0,0.1666666666666666,0.1666666666666666,0.1666666666666666,0.1666666666666666,0.1666666666666666,0.1666666666666666
97,97.0,0.1666666666666666,0.1666666666666666,0.1666666666666666,0.1666666666666666,0.1666666666666666,0.1666666666666666
98,98.0,0.1666666666666666,0.1666666666666666,0.1666666666666666,0.1666666666666666,0.1666666666666666,0.1666666666666666
99,99.0,0.1666666666666666,0.1666666666666666,0.1666666666666666,0.1666666666666666,0.1666666666666666,0.1666666666666666
100,100.0,0.1666666666666666,0.1666666666666666,0.1666666666666666,0.1666666666666666,0.1666666666666666,0.1666666666666666
101,101.0,0.1666666666666666,0.1666666666666666,0.1666666666666666,0.1666666666666666,0.1666666666666666,0.1666666666666666
102,102.0,0.1666666666666666,0.1666666666666666,0.1666666666666666,0.1666666666666666,0.1666666666666666,0.1666666666666666
103,103.0,0.1666666666666666,0.1666666666666666,0.1666666666666666,0.1666666666666666,0.1666666666666666,0.1666666666666666
104,104.0,0.1666666666666666,0.1666666666666666,0.1666666666666666,0.1666666666666666,0.1666666666666666,0.1666666666666666
105,105.0,0.1666666666666666,0.1666666666666666,0.1666666666666666,0.1666666666666666,0.1666666666666666,0.1666666666666666
106,106.0,0.1666666666666666,0.1666666666666666,0.1666666666666666,0.1666666666666666,0.1666666666666666,0.1666666666666666
107,107.0,0.1666666666666666,0.1666666666666666,0.1666666666666666,0.1666666666666666,0.1666666666666666,0.1666666666666666
108,108.0,0.1666666666666666,0.1666666666666666,0.1666666666666666,0.1666666666666666,0.1666666666666666,0.1666666666666666
109,109.0,0.1666666666666666,0.1666666666666666,0.1666666666666666,0.1666666666666666,0.1666666666666666,0.1666666666666666
110,110.0,0.1666666666666666,0.1666666666666666,0.1666666666666666,0.1666666666666666,0.1666666666666666,0.1666666666666666
111,111.0,0.1666666666666666,0.1666666666666666,0.1666666666666666,0.1666666666666666,0.1666666666666666,0.1666666666666666
112,112.0,0.1666666666666666,0.1666666666666666,0.1666666666666666,0.1666666666666666,0.1666666666666666,0.1666666666666666
113,113.0,0.1666666666666666,0.1666666666666666,0.1666666666666666,0.1666666666666666,0.1666666666666666,0.1666666666666666
114,114.0,0.1666666666666666,0.1666666666666666,0.1666666666666666,0.1666666666666666,0.1666666666666666,0.1666666666666666
115,115.0,0.1666666666666666,0.1666666666666666,0.1666666666666666,0.1666666666666666,0.1666666666666666,0.1666666666666666
116,116.0,0.1666666666666666,0.1666666666666666,0.1666666666666666,0.1666666666666666,0.1666666666666666,0.1666666666666666
117,117.0,0.1666666666666666,0.1666666666666666,0.1666666666666666,0.1666666666666666,0.1666666666666666,0.1666666666666666
118,118.0,0.1666666666666666,0.1666666666666666,0.1666666666666666,0.1666666666666666,0.1666666666666666,0.1666666666666666
119,119.0,0.1666666666666666,0.1666666666666666,0.1666666666666666,0.1666666666666666,0.1666666666666666,0.1666666666666666
120,120.0,0.1666666666666666,0.1666666666666666,0.1666666666666666,0.1666666666666666,0.1666666666666666,0.1666666666666666
121,121.0,0.1666666666666666,0.1666666666666666,0.1666666666666666,0.1666666666666666,0.1666666666666666,0.1666666666666666
122,122.0,0.1666666666666666,0.1666666666666666,0.1666666666666666,0.1666666666666666,0.1666666666666666,0.1666666666666666
123,123.0,0.1666666666666666,0.1666666666666666,0.1666666666666666,0.1666666666666666,0.1666666666666666,0.1666666666666666
124,124.0,0.1666666666666666,0.1666666666666666,0.1666666666666666,0.1666666666666666,0.1666666666666666,0.1666666666666666
125,125.0,0.1666666666666666,0.1666666666666666,0.1666666666666666,0.1666666666666666,0.1666666666666666,0.1666666666666666
126,126.0,0.1666666666666666,0.1666666666666666,0.1666666666666666,0.1666666666666666,0.1666666666666666,0.1666666666666666
127,127.0,0.1666666666666666,0.1666666666666666,0.1666666666666666,0.1666666666666666,0.1666666666666666,0.1666666666666666
128,128.0,0.1666666666666666,0.1666666666666666,0.1666666666666666,0.1666666666666666,0.1666666666666666,0.1666666666666666
129,129.0,0.1666666666666666,0.1666666666666666,0.1666666666666666,0.1666666666666666,0.1666666666666666,0.1666666666666666
130,130.0,0.1666666666666666,0.1666666666666666,0.1666666666666666,0.1666666666666666,0.1666666666666666,0.1666666666666666
131,131.0,0.1666666666666666,0.1666666666666666,0.1666666666666666,0.1666666666666666,0.1666666666666666,0.1666666666666666
132,132.0,0.1666666666666666,0.1666666666666666,0.1666666666666666,0.1666666666666666,0.1666666666666666,0.1666666666666666
133,133.0,0.1666666666666666,0.1666666666666666,0.1666666666666666,0.1666666666666666,0.1666666666666666,0.1666666666666666
134,134.0,0.1666666666666666,0.1666666666666666,0.1666666666666666,0.1666666666666666,0.1666666666666666,0.1666666666666666
135,135.0,0.1666666666666666,0.1666666666666666,0.1666666666666666,0.1666666666666666,0.1666666666666666,0.1666666666666666
136,136.0,0.1666666666666666,0.1666666666666666,0.1666666666666666,0.1666666666666666,0.1666666666666666,0.1666666666666666
137,137.0,0.1666666666666666,0.1666666666666666,0.1666666666666666,0.1666666666666666,0.1666666666666666,0.1666666666666666
138,138.0,0.1666666666666666,0.1666666666666666,0.1666666666666666,0.1666666666666666,0.1666666666666666,0.1666666666666666
139,139.0,0.1666666666666666,0.1666666666666666,0.1666666666666666,0.1666666666666666,0.1666666666666666,0.1666666666666666
140,140.0,0.1666666666666666,0.1666666666666666,0.1666666666666666,0.1666666666666666,0.1666666666666666,0.1666666666666666
141,141.0,0.1666666666666666,0.1666666666666666,0.1666666666666666,0.1666666666666666,0.1666666666666666,0.1666666666666666
142,142.0,0.1666666666666666,0.1666666666666666,0.1666666666666666,0.1666666666666666,0.1666666666666666,0.1666666666666666
143,143.0,0.1666666666666666,0.1666666666666666,0.1666666666666666,0.1666666666666666,0.1666666666666666,0.1666666666666666
144,144.0,0.1666666666666666,0.1666666666666666,0.1666666666666666,0.1666666666666666,0.1666666666666666,0.1666666666666666
145,145.0,0.1666666666666666,0.1666666666666666,0.1666666666666666,0.1666666666666666,0.1666666666666666,0.1666666666666666
146,146.0,0.1666666666666666,0.1666666666666666,0.1666666666666666,0.1666666666666666,0.1666666666666666,0.1666666666666666
147,147.0,0.1666666666666666,0.1666666666666666,0.1666666666666666,0.1666666666666666,0.1666666666666666,0.1666666666666666
148,148.0,0.1666666666666666,0.1666666666666666,0.1666666666666666,0.1666666666666666,0.1666666666666666,0.1666666666666666
149,149.0,0.1666666666666666,0.1666666666666666,0.1666666666666666,0.1666666666666666,0.1666666666666666,0.1666666666666666
150,150.0,0.1666666666666666,0.1666666666666666,0.1666666666666666,0.1666666666666666,0.1666666666666666,0.1666666666666666
151,151.0,0.1666666666666666,0.1666666666666666,0.1666666666666666,0.1666666666666666,0.1666666666666666,0.1666666666666666
152,152.0,0.1666666666666666,0.1666666666666666,0.1666666666666666,0.1666666666666666,0.1666666666666666,0.1666666666666666
153,153.0,0.1666666666666666,0.1666666666666666,0.1666666666666666,0.1666666666666666,0.1666666666666666,0.1666666666666666
154,154.0,0.1666666666666666,0.1666666666666666,0.1666666666666666,0.1666666666666666,0.1666666666666666,0.1666666666666666
155,155.0,0.1666666666666666,0.1666666666666666,0.1666666666666666,0.1666666666666666,0.1666666666666666,0.1666666666666666
156,156.0,0.1666666666666666,0.1666666666666666,0.1666666666666666,0.1666666666666666,0.1666666666666666,0.1666666666666666
157,157.0,0.1666666666666666,0.1666666666666666,0.1666666666666666,0.1666666666666666,0.1666666666666666,0.1666666666666666
158,158.0,0.1666666666666666,0.1666666666666666,0.1666666666666666,0.1666666666666666,0.1666666666666666,0.1666666666666666
159,159.0,0.1666666666666666,0.1666666666666666,0.1666666666666666,0.1666666666666666,0.1666666666666666,0.1666666666666666
160,160.0,0.1666666666666666,0.1666666666666666,0.1666666666666666,0.1666666666666666,0.1666666666666666,0.1666666666666666
161,161.0,0.1666666666666666,0.1666666666666666,0.1666666666666666,0.1666666666666666,0.1666666666666666,0.1666666666666666
162,162.0,0.1666666666666666,0.1666666666666666,0.1666666666666666,0.1666666666666666,0.1666666666666666,0.1666666666666666
163,163.0,0.1666666666666666,0.1666666666666666,0.1666666666666666,0.1666666666666666,0.1666666666666666,0.1666666666666666
164,164.0,0.1666666666666666,0.1666666666666666,0.1666666666666666,0.1666666666666666,0.1666666666666666,0.1666666666666666
165,165.0,0.1666666666666666,0.1666666666666666,0.1666666666666666,0.1666666666666666,0.1666666666666666,0.1666666666666666
166,166.0,0.1666666666666666,0.1666666666666666,0.1666666666666666,0.1666666666666666,0.1666666666666666,0.1666666666666666
167,167.0,0.1666666666666666,0.1666666666666666,0.1666666666666666,0.1666666666666666,0.1666666666666666,0.1666666666666666
168,168.0,0.1666666666666666,0.1666666666666666,0.1666666666666666,0.1666666666666666,0.1666666666666666,0.1666666666666666
169,169.0,0.1666666666666666,0.1666666666666666,0.1666666666666666,0.1666666666666666,0.1666666666666666,0.1666666666666666
170,170.0,0.1666666666666666,0.1666666666666666,0.1666666666666666,0.1666666666666666,0.1666666666666666,0.1666666666666666
171,171.0,0.1666666666666666,0.1666666666666666,0.1666666666666666,0.1666666666666666,0.1666666666666666,0.1666666666666666
172,172.0,0.1666666666666666,0.1666666666666666,0.1666666666666666,0.1666666666666666,0.1666666666666666,0.1666666666666666
173,173.0,0.1666666666666666,0.1666666666666666,0.1666666666666666,0.1666666666666666,0.1666666666666666,0.1666666666666666
174,174.0,0.1666666666666666,0.1666666666666666,0.1666666666666666,0.1666666666666666,0.1666666666666666,0.1666666666666666
175,175.0,0.1666666666666666,0.1666666666666666,0.1666666666666666,0.1666666666666666,0.1666666666666666,0.1666666666666666
176,176.0,0.1666666666666666,0.1666666666666666,0.1666666666666666,0.1666666666666666,0.1666666666666666,0.1666666666666666
177,177.0,0.1666666666666666,0.1666666666666666,0.1666666666666666,0.1666666666666666,0.1666666666666666,0.1666666666666666
178,178.0,0.1666666666666666,0.1666666666666666,0.1666666666666666,0.1666666666666666,0.1666666666666666,0.1666666666666666
179,179.0,0.1666666666666666,0.1666666666666666,0.1666666666666666,0.1666666666666666,0.1666666666666666,0.1666666666666666
180,180.0,0.1666666666666666,0.1666666666666666,0.1666666666666666,0.1666666666666666,0.1666666666666666,0.1666666666666666
181,181.0,0.1666666666666666,0.1666666666666666,0.1666666666666666,0.1666666666666666,0.1666666666666666,0.1666666666666666
182,182.0,0.1666666666666666,0.1666666666666666,0.1666666666666666,0.1666666666666666,0.1666666666666666,0.1666666666666666
183,183.0,0.1666666666666666,0.1666666666666666,0.1666666666666666,0.1666666666666666,0.1666666666666666,0.1666666666666666
184,184.0,0.1666666666666666,0.1666666666666666,0.1666666666666666,0.1666666666666666,0.1666666666666666,0.1666666666666666
185,185.0,0.1666666666666666,0.1666666666666666,0.1666666666666666,0.1666666666666666,0.1666666666666666,0.1666666666666666
186,186.0,0.1666666666666666,0.1666666666666666,0.1666666666666666,0.1666666666666666,0.1666666666666666,0.1666666666666666
187,187.0,0.1666666666666666,0.1666666666666666,0.1666666666666666,0.1666666666666666,0.1666666666666666,0.1666666666666666
188,188.0,0.1666666666666666,0.1666666666666666,0.1666666666666666,0.1666666666666666,0.1666666666666666,0.1666666666666666
189,189.0,0.1666666666666666,0.1666666666666666,0.1666666666666666,0.1666666666666666,0.1666666666666666,0.1666666666666666
190,190.0,0.1666666666666666,0.1666666666666666,0.1666666666666666,0.1666666666666666,0.1666666666666666,0.1666666666666666
191,191.0,0.1666666666666666,0.1666666666666666,0.1666666666666666,0.1666666666666666,0.1666666666666666,0.1666666666666666
192,192.0,0.1666666666666666,0.1666666666666666,0.1666666666666666,0.1666666666666666,0.1666666666666666,0.1666666666666666
193,193.0,0.1666666666666666,0.1666666666666666,0.1666666666666666,0.1666666666666666,0.1666666666666666,0.1666666666666666
194,194.0,0.1666666666666666,0.1666666666666666,0.1666666666666666,0.1666666666666666,0.1666666666666666,0.1666666666666666
195,195.0,0.1666666666666666,0.1666666666666666,0.1666666666666666,0.1666666666666666,0.1666666666666666,0.1666666666666666
196,196.0,0.1666666666666666,0.1666666666666666,0.1666666666666666,0.1666666666666666,0.1666666666666666,0.1666666666666666
197,197.0,0.1666666666666666,0.1666666666666666,0.1666666666666666,0.1666666666666666,0.1666666666666666,0.1666666666666666
198,198.0,0.1666666666666666,0.1666666666666666,0.1666666666666666,0.1666666666666666,0.1666666666666666,0.1666666666666666
199,199.0,0.1661904761904762,0.169047619047619,0.1661904761904762,0.1661904761904762,0.1661904761904762,0.1661904761904762
200,200.0,0.1654809523809524,0.1711666666666666,0.1669095238095238,0.1654809523809524,0.1654809523809524,0.1654809523809524
201,201.0,0.1646042380952381,0.1741359523809523,0.1674470952380952,0.1646042380952381,0.1646042380952381,0.1646042380952381
202,202.0,0.1635679623809524,0.1779300452380952,0.1677981052380952,0.1635679623809524,0.1635679623809524,0.1635679623809524
203,203.0,0.1624202695349206,0.1812082855,0.1679995252492063,0.1624202695349206,0.1635313806460318,0.1624202695349206
204,204.0,0.1621976670876667,0.1840311426902381,0.1680781889590952,0.1611976670876667,0.1632976670876667,0.1611976670876667
205,205.0,0.1636170148809281,0.1843944979726452,0.1683241567893567,0.1601984434523567,0.1632674434523567,0.1601984434523567
206,206.0,0.164815400603197,0.1843918584613709,0.1683194291258412,0.1590114434603398,0.1644504248889113,0.1590114434603398
207,207.0,0.1658386508900642,0.1840955643166103,0.1681248370802761,0.1589530290329213,0.165284889647207,0.1577030290329213
208,208.0,0.1678269832901376,0.1835597693399851,0.1677831384081472,0.1586688622658519,0.1658409955411376,0.1563202511547407
209,209.0,0.1697890062680959,0.1829387815644479,0.1674374607588323,0.1584343600607674,0.1663910173982002,0.1550093739496562
210,210.0,0.1726005876792283,0.182068758719074,0.1669130873779717,0.1580683295549488,0.1667514919749397,0.1535977446938376
211,211.0,0.1772300050724552,0.1807670346980308,0.1660168617312587,0.1573713140422578,0.1667214994123511,0.1518932850436466
212,212.0,0.1819630695645237,0.1787227333670323,0.1676104074922219,0.1549052075753339,0.1659733228579295,0.1508252591429589
213,213.0,0.1853028000863433,0.1756384919783205,0.1707835739672459,0.1523684057110951,0.1661941989843391,0.1497125292726563
214,214.0,0.1882983145479025,0.1724832378606446,0.174558031056538,0.1498274369170062,0.1662281955804144,0.1486047840374945
215,215.0,0.1904358975924299,0.1692441096765628,0.1806651980570715,0.1473566124224779,0.1648370949766624,0.1474610872747956
216,216.0,0.1923495561824563,0.1660009518672856,0.1863115696222175,0.1449217016962187,0.1640806837741525,0.1463355368576696
217,217.0,0.1939722981087685,0.162804494741024,0.1922299320727368,0.1425622493253718,0.1631755563287698,0.1452554694233291
218,218.0,0.1946842869857743,0.1597747733934797,0.1985919779536621,0.1403870445908452,0.1622420391356591,0.1443198779405796
219,219.0,0.194772849281025,0.1567538746637195,0.205770113645519,0.1382278779798152,0.1611231504973684,0.1433521339325527
220,220.0,0.1944082033470519,0.153777921177441,0.2126401999707059,0.1369448665795541,0.1598568829332122,0.1423719259920347
221,221.0,0.1938446789141267,0.1509407682600726,0.219433800301509,0.1357818152979015,0.1585400443197965,0.1414588929065937
222,222.0,0.1920367145022931,0.1484356508110924,0.2271700783127357,0.1349171020630084,0.1578962633620985,0.1395441909487718
223,223.0,0.1900911194678461,0.1460937021724371,0.2350643082181362,0.1333354925835003,0.1577039578184092,0.137711419739671
224,224.0,0.1878961735521365,0.1446508373651153,0.2421880818139894,0.1318340742250574,0.1575005374807672,0.1359302955629341
225,225.0,0.1858107271144133,0.1435358501583403,0.2481412240893086,0.1306164232557389,0.1574857292285256,0.1344100461536732
226,226.0,0.1837196846712553,0.1426021026641253,0.253606266753394,0.1295413394463255,0.1575158199356666,0.1330147865292333
227,227.0,0.181465944819066,0.1429122369575849,0.2582202264835852,0.1284267454903495,0.1574074473706091,0.1315673988788052
228,228.0,0.1792490289829848,0.1433744778027313,0.2610935005473984,0.128698452627741,0.1573362558719379,0.1302482841672065
229,229.0,0.1773374239197616,0.1440939921359446,0.2641214247708333,0.1292151136777895,0.156049239248001,0.12918280624767
230,230.0,0.175355825713854,0.145758690798419,0.2664179771179154,0.1296956777498399,0.1546669612886755,0.128104867331296
231,231.0,0.1733449385504784,0.1481740750372705,0.2680611070305871,0.1301528377898603,0.1532266597959824,0.127040381795821
232,232.0,0.1715111335303487,0.1506825891191396,0.2690080587864961,0.1307260292673202,0.1519318734715187,0.1261403158251765
233,233.0,0.1696967071560082,0.153170668252239,0.2692481473504261,0.1313187504570345,0.1512476653283729,0.1253180614559192
234,234.0,0.1679193364148568,0.1556162104342324,0.2694437758029946,0.1319238564699981,0.1505220255121974,0.1245747953657205
235,235.0,0.1662592659215753,0.1580321021737046,0.2693327279884591,0.1325671459990507,0.1498656182943393,0.1239431396228708
236,236.0,0.1647213663563094,0.160397149597513,0.2689467820116754,0.1332383677972928,0.1492780844871456,0.1234182497500635
237,237.0,0.1634199107330215,0.1620261199963192,0.2685395093708583,0.1340391275309342,0.1488695231987328,0.1231058091701338
238,238.0,0.1621789097366224,0.1635436516300733,0.2681785533673162,0.1348157840705363,0.1484280835744207,0.122855017621031
239,239.0,0.1609524403326878,0.1656417914903155,0.2674053755574875,0.135481281823702,0.1479385920270489,0.1225805187687582
240,240.0,0.1598513140560108,0.1676414973557945,0.2664689299000994,0.1361400816915431,0.147510748664397,0.1223874283321551
241,241.0,0.1588740078566322,0.169532615567332,0.2653949076364815,0.1367862654639137,0.1471426671016196,0.1222695363740209
242,242.0,0.158017912788816,0.1703070937082066,0.2642078066498931,0.1374146329126372,0.147832051974357,0.1222205019660899
243,243.0,0.157327448488064,0.171674659084884,0.2615684320851233,0.1379992173491264,0.1485927779418456,0.1228374650509566
244,244.0,0.1566740171267379,0.1726240697442596,0.2599730262577593,0.1380654451696338,0.1492347248470565,0.123428716854553
245,245.0,0.1560645289785875,0.1739731948370175,0.2582163048604925,0.1379794664475291,0.1497715096353238,0.1239949952410495
246,246.0,0.1555583769114691,0.1752070332073536,0.2564473512796705,0.1378727462396793,0.1503236652858439,0.1245908270759835
247,247.0,0.1552336221712841,0.1763664418104732,0.2549767449361239,0.137790092563404,0.1510091331558863,0.1246239653628284
248,248.0,0.1550003725727409,0.177409769537067,0.2535268571695603,0.1376924253023085,0.1516952273447984,0.1246753480735248
249,249.0,0.1548518100976608,0.1783381911975214,0.2521101149999473,0.1375822224874859,0.1523750242788041,0.1247426369385806
250,250.0,0.1547809516584483,0.1799231439510766,0.2499681405200551,0.1374618397024569,0.1530423557140539,0.1248235684539093
251,251.0,0.1547257903809637,0.1817754328531948,0.2465822393430732,0.1372236086622025,0.1535819047761808,0.1261110239843851
252,252.0,0.1547347587112596,0.1835036475538446,0.2432851136999309,0.1369805976015489,0.1540999553107769,0.1273959271226393
253,253.0,0.1553430206719217,0.1857755323737853,0.239809190627009,0.13597976225219,0.1544684766652495,0.1286240174098447
254,254.0,0.1559970642803066,0.1879086443100314,0.2364696090980147,0.1349872505393472,0.1548112365440659,0.1298261952282342
255,255.0,0.1573048185546061,0.1895145771506374,0.2332385117262261,0.1339645361688783,0.1550321454007658,0.1309454109988864
256,256.0,0.1587556920283425,0.1910145132862851,0.2298052182124977,0.1330093903597743,0.1553518935347079,0.1320632925783924
257,257.0,0.1602526272966895,0.1922127964739881,0.2268972499471626,0.1321872824373445,0.1558254470033401,0.1326245968414753
258,258.0,0.1617362119026334,0.193265990073577,0.2248558987977998,0.1314029724411265,0.15560353035198,0.1331353964328834
259,259.0,0.1631929450663551,0.1941780711078674,0.2230149165643057,0.1306605236784614,0.1553579097591405,0.13359563382387
260,260.0,0.1646109446004396,0.1949540300230461,0.2213726761774283,0.1299631745136205,0.155093411824898,0.1340057628605674
261,261.0,0.1659799038725099,0.1955997194418727,0.2198080787975513,0.1293133884784698,0.1548145692627352,0.1344843401468612
262,262.0,0.1672910373160465,0.1961217094197939,0.2184348884507146,0.1287129071203917,0.1545256049610656,0.1349138527319875
263,263.0,0.1672513018937534,0.1965747690487403,0.2182953153847016,0.128210423832879,0.1543256588320949,0.1353425310078309
264,264.0,0.16710570565596,0.1968707845768436,0.2179435840782804,0.1283773541179405,0.1540268761388905,0.135675695432085
265,265.0,0.1669091477894516,0.1970653574017642,0.2177472848114134,0.1285879444583255,0.1537278426505219,0.1359624228885234
266,266.0,0.1666686900357648,0.1971666860655712,0.2176928373728136,0.1288357229450977,0.1534315737813894,0.1362044897993634
267,267.0,0.1663911269611542,0.197183081697738,0.2177666010540404,0.1291144929787507,0.1531407557582607,0.1364039415500562
268,268.0,0.1660829447284584,0.1971228736451067,0.2172883504396323,0.1294183677042598,0.1535244183434333,0.1365630451391097
269,269.0,0.1657502870758127,0.1969943243566837,0.2169180694652966,0.1297417979051844,0.1539112768502254,0.1366842443467973
270,270.0,0.1653989281217388,0.1968055534489322,0.2166486639767697,0.1300795937319737,0.1542971431014071,0.1367701176191788
271,271.0,0.16503425158592,0.1965644707928626,0.2164727404803559,0.1304269406637733,0.1546782576600276,0.1368233388170608
272,272.0,0.1646612359918891,0.1962787183898675,0.2163827100118079,0.1307794101207642,0.1550512845497569,0.1368466409359146
273,273.0,0.1642844454014076,0.1959556207386693,0.2163708835730248,0.1311329651558573,0.1554133022685867,0.1368427828624543
274,274.0,0.163807184883891,0.1957610432642062,0.2162477408435996,0.1312899204080267,0.1558152674922476,0.1370788431080289
275,275.0,0.1633350303397389,0.195541069792304,0.2161892812435272,0.1314430034306215,0.1562010374757739,0.1372905777180345
276,276.0,0.1628721927170564,0.1953004396574256,0.2161896210558731,0.131591070616373,0.1565683740433438,0.1374783019099281
277,277.0,0.1624223686999233,0.1950436248272176,0.2162428769412719,0.1317331428771082,0.1569154471708773,0.1376425394836018
278,278.0,0.1619887551679561,0.1947748119195148,0.2163432247335643,0.1318683989827212,0.1572408124711025,0.137783996725141
279,279.0,0.1615740672079578,0.1944978888711439,0.2164849517641382,0.1319961679876682,0.1575433870737482,0.1379035370953436
280,280.0,0.1611805591423315,0.1942164359266553,0.2166625028388595,0.1321159209119664,0.1578224243025458,0.1380021568776414
281,281.0,0.1593814766337249,0.1939337206051057,0.2168705200425664,0.1322272618344376,0.1580774875225921,0.1395095333615732
282,282.0,0.1576210822372363,0.1936526962974167,0.2171038765903232,0.1323299185460398,0.1583084235025618,0.1409840028264221
283,283.0,0.1559131110856189,0.1933760041452791,0.2186077049822473,0.1324237329007438,0.1585153356066629,0.1411641112794478
284,284.0,0.1542694005659016,0.1931059778546592,0.2201149197500028,0.1325086509906925,0.1586985571014412,0.1413024937373025
285,285.0,0.1526999617200917,0.1928446511023113,0.2216101101083291,0.1325847132614619,0.1588586248328813,0.1414019389749246
286,286.0,0.1512130617692565,0.1925937672019319,0.2230795265945856,0.1326520446722623,0.1589962535000024,0.1414653462619612
287,287.0,0.1503986491567401,0.192938124040661,0.2235943857644503,0.1326275116616492,0.1583623107225654,0.1420790186539338
288,288.0,0.1495337303859471,0.1931508650873118,0.224764439202308,0.1324566571129811,0.1575764041839115,0.1425179040275403
289,289.0,0.148757005260413,0.1933680245106255,0.2258874669469809,0.1322808217255504,0.1567865893255489,0.1429200922308811
290,290.0,0.1482459930954387,0.1937655603072741,0.2260640841474836,0.1322808333656789,0.1561797265566036,0.1434638025275209
291,291.0,0.1476399470023322,0.195232173767672,0.2272621656862281,0.1320998214999237,0.1554043035815376,0.1423615884623061
292,292.0,0.1469762562316632,0.1964042274987767,0.2292366319330504,0.1317795239943562,0.154506756047539,0.1410966042946142
293,293.0,0.1467379442787104,0.1974740484737014,0.2315799824526217,0.1313866639255081,0.1529441223257237,0.1398772385437345
294,294.0,0.146395225044826,0.1983304579459979,0.233478858027176,0.1320717223380791,0.1512402005476258,0.138483536096295
295,295.0,0.1461226807361564,0.1991469472569205,0.234169034855787,0.132755771085516,0.1506979841334798,0.1371075819321401
296,296.0,0.1458590388696339,0.1995846734548749,0.234301498495847,0.1340167994793391,0.1507001878992335,0.1355378018010717
297,297.0,0.1456573280099785,0.1999783386563385,0.2343473799238347,0.1352582433217383,0.150748230919858,0.134010479168252
298,298.0,0.1446342512859793,0.2016470936276271,0.2318972961290951,0.1371289872887727,0.1514963894990007,0.133195982169525
299,299.0,0.1436733848425195,0.2032599286552321,0.2295651030739021,0.1389539873349019,0.1521098294753823,0.132437766618062
300,300.0,0.1430558940937574,0.2050840851610237,0.2255481259645796,0.1400251234073107,0.1530212070708993,0.1332655643024292
301,301.0,0.142503616377711,0.2068301894321253,0.2217189474038634,0.1410320705426469,0.153941614747683,0.1339735614959703
302,302.0,0.1420155531682691,0.2084885856492948,0.2179495383388934,0.1419711781632646,0.154860945420839,0.1347141992594391
303,303.0,0.1414512747579768,0.2099125717668648,0.212743838132967,0.1425620613666514,0.1567423357062208,0.1365879182693192
304,304.0,0.1419212676732443,0.2110974600447308,0.2075336440133501,0.142944744873608,0.1584568768508629,0.138046006544204
305,305.0,0.1432201826301408,0.2120692002729733,0.2023853962014968,0.1431501107075964,0.1600179972462818,0.1391571129415109
306,306.0,0.1445521382749342,0.2129393898542723,0.1974443825447494,0.1432938369775738,0.1615254277634457,0.1402448245850246
307,307.0,0.1459005109823871,0.2148205930686202,0.1916281786530536,0.1433806503772414,0.1629694630850085,0.1413006038336892
308,308.0,0.1471390642080478,0.2163706742983465,0.1859713544777101,0.1441931518374113,0.1641197801550923,0.142205975023392
309,309.0,0.148366394367839,0.2178072449296161,0.180614540288837,0.1459506475374316,0.1651942476281442,0.142066925248132
310,310.0,0.1494804413758406,0.2198545630432346,0.1754903941387671,0.1473683358235897,0.1660078876073188,0.1417983780112492
311,311.0,0.1495632112589697,0.2227765352552855,0.1707087088669388,0.1487114750998649,0.1667422828058485,0.1414977867130926
312,312.0,0.14946797273431,0.2255534958078737,0.1667510135094833,0.1499532244929625,0.1673056143459374,0.1409686791094331
313,313.0,0.149347607194802,0.2281748588247578,0.1631533235844245,0.1511100834406376,0.1677925147415162,0.1404216122138619
314,314.0,0.1493876491791439,0.2306299704293394,0.1597337972659552,0.1521789723979554,0.1682057581030802,0.139863852624526
315,315.0,0.1494080211514708,0.2329109046468029,0.1566724498202374,0.1531579994743787,0.1685485777004151,0.1393020472066952
316,316.0,0.1485215975043721,0.2363456032070188,0.1540751879455645,0.1542685828094548,0.1689356988250816,0.1378533297085083
317,317.0,0.1476279220362614,0.2395843426901098,0.1518215757035785,0.1552864609439677,0.1692588201130999,0.1364208785129829
318,318.0,0.1467366566839209,0.2415032204978462,0.1498997842534306,0.1573218367277397,0.1695211103352547,0.135017391501808
319,319.0,0.145856473089297,0.2432150340196863,0.1482958494304385,0.1592526066380072,0.1697260296959107,0.1336540071266604
320,320.0,0.1449950649125643,0.2447233715490012,0.1469940249201166,0.1610699235630179,0.1698772660876113,0.1323403489676889
321,321.0,0.1441591686937011,0.2469425882188412,0.1459771179363011,0.1627669596320475,0.169069584534244,0.1310845809848654
322,322.0,0.1433545921991089,0.2489612221302736,0.1452268057961794,0.1643387725700037,0.1682251354640312,0.1298934718404034
323,323.0,0.1425862492213067,0.2498700543109339,0.1447239321367834,0.1666912574697052,0.1673560401193596,0.1287724667419115
