,Unnamed: 0,Total_iterations,Intertwine_two,Add_vertex,Delete_vertex,Invert_path_vertices,Insert_inside_vertex,Delete_inside_vertex
0,0.0,0.0,0.16666666666666669,0.16666666666666669,0.16666666666666669,0.16666666666666669,0.16666666666666669,0.16666666666666669
1,1.0,0.10900000000000001,0.16666666666666669,0.16666666666666669,0.16666666666666669,0.16666666666666669,0.16666666666666669,0.16666666666666669
2,2.0,0.31601,0.16666666666666669,0.16666666666666669,0.16666666666666669,0.16666666666666669,0.16666666666666669,0.16666666666666669
3,3.0,0.6191589000000001,0.16666666666666669,0.16666666666666669,0.16666666666666669,0.16666666666666669,0.16666666666666669,0.16666666666666669
4,4.0,1.015801321,0.16666666666666669,0.16666666666666669,0.16666666666666669,0.16666666666666669,0.16666666666666669,0.16666666666666669
5,5.0,1.50262148669,0.16666666666666669,0.16666666666666669,0.16666666666666669,0.16666666666666669,0.16666666666666669,0.16666666666666669
6,6.0,2.0757334209441005,0.16666666666666669,0.16666666666666669,0.16666666666666669,0.16666666666666669,0.16666666666666669,0.16666666666666669
7,7.0,2.7307768275633495,0.16666666666666669,0.16666666666666669,0.16666666666666669,0.16666666666666669,0.16666666666666669,0.16666666666666669
8,8.0,3.4630081252450404,0.16666666666666669,0.16666666666666669,0.16666666666666669,0.16666666666666669,0.16666666666666669,0.16666666666666669
9,9.0,4.2673862119061114,0.16666666666666669,0.16666666666666669,0.16666666666666669,0.16666666666666669,0.16666666666666669,0.16666666666666669
10,10.0,5.138652627782014,0.16666666666666669,0.16666666666666669,0.16666666666666669,0.16666666666666669,0.16666666666666669,0.16666666666666669
11,11.0,6.071405875792507,0.16666666666666669,0.16666666666666669,0.16666666666666669,0.16666666666666669,0.16666666666666669,0.16666666666666669
12,12.0,7.060169740244025,0.16666666666666669,0.16666666666666669,0.16666666666666669,0.16666666666666669,0.16666666666666669,0.16666666666666669
13,13.0,8.099455520847952,0.16666666666666669,0.16666666666666669,0.16666666666666669,0.16666666666666669,0.16666666666666669,0.16666666666666669
14,14.0,9.183818168183006,0.16666666666666669,0.16666666666666669,0.16666666666666669,0.16666666666666669,0.16666666666666669,0.16666666666666669
15,15.0,10.307906369102724,0.16666666666666669,0.16666666666666669,0.16666666666666669,0.16666666666666669,0.16666666666666669,0.16666666666666669
16,16.0,11.466506686239443,0.16666666666666669,0.16666666666666669,0.16666666666666669,0.16666666666666669,0.16666666666666669,0.16666666666666669
17,17.0,12.654581904800096,0.16666666666666669,0.16666666666666669,0.16666666666666669,0.16666666666666669,0.16666666666666669,0.16666666666666669
18,18.0,13.867303782456686,0.16666666666666669,0.16666666666666669,0.16666666666666669,0.16666666666666669,0.16666666666666669,0.16666666666666669
19,19.0,15.100080434523047,0.16666666666666669,0.16666666666666669,0.16666666666666669,0.16666666666666669,0.16666666666666669,0.16666666666666669
20,20.0,16.348578617037543,0.16666666666666669,0.16666666666666669,0.16666666666666669,0.16666666666666669,0.16666666666666669,0.16666666666666669
21,21.0,17.608741195130214,0.16666666666666669,0.16666666666666669,0.16666666666666669,0.16666666666666669,0.16666666666666669,0.16666666666666669
22,22.0,18.876800103462312,0.16666666666666669,0.16666666666666669,0.16666666666666669,0.16666666666666669,0.16666666666666669,0.16666666666666669
23,23.0,20.14928511992658,0.16666666666666669,0.16666666666666669,0.16666666666666669,0.16666666666666669,0.16666666666666669,0.16666666666666669
24,24.0,21.423028783545156,0.16666666666666669,0.16666666666666669,0.16666666666666669,0.16666666666666669,0.16666666666666669,0.16666666666666669
25,25.0,22.695167792966423,0.16666666666666669,0.16666666666666669,0.16666666666666669,0.16666666666666669,0.16666666666666669,0.16666666666666669
26,26.0,23.963141223515898,0.16666666666666669,0.16666666666666669,0.16666666666666669,0.16666666666666669,0.16666666666666669,0.16666666666666669
27,27.0,25.224685898775267,0.16666666666666669,0.16666666666666669,0.16666666666666669,0.16666666666666669,0.16666666666666669,0.16666666666666669
28,28.0,26.477829247520948,0.16666666666666669,0.16666666666666669,0.16666666666666669,0.16666666666666669,0.16666666666666669,0.16666666666666669
29,29.0,27.720879968916847,0.16666666666666669,0.16666666666666669,0.16666666666666669,0.16666666666666669,0.16666666666666669,0.16666666666666669
30,30.0,28.95241681848399,0.16666666666666669,0.16666666666666669,0.16666666666666669,0.16666666666666669,0.16666666666666669,0.16666666666666669
31,31.0,30.17127581490958,0.16666666666666669,0.16666666666666669,0.16666666666666669,0.16666666666666669,0.16666666666666669,0.16666666666666669
32,32.0,31.376536153543515,0.16666666666666669,0.16666666666666669,0.16666666666666669,0.16666666666666669,0.16666666666666669,0.16666666666666669
33,33.0,32.567505096778625,0.16666666666666669,0.16666666666666669,0.16666666666666669,0.16666666666666669,0.16666666666666669,0.16666666666666669
34,34.0,33.74370209472243,0.16666666666666669,0.16666666666666669,0.16666666666666669,0.16666666666666669,0.16666666666666669,0.16666666666666669
35,35.0,34.90484237192463,0.16666666666666669,0.16666666666666669,0.16666666666666669,0.16666666666666669,0.16666666666666669,0.16666666666666669
36,36.0,36.05082019768737,0.16666666666666669,0.16666666666666669,0.16666666666666669,0.16666666666666669,0.16666666666666669,0.16666666666666669
37,37.0,37.18169203889697,0.16666666666666669,0.16666666666666669,0.16666666666666669,0.16666666666666669,0.16666666666666669,0.16666666666666669
38,38.0,38.29765977559663,0.16666666666666669,0.16666666666666669,0.16666666666666669,0.16666666666666669,0.16666666666666669,0.16666666666666669
39,39.0,39.399054140870355,0.16666666666666669,0.16666666666666669,0.16666666666666669,0.16666666666666669,0.16666666666666669,0.16666666666666669
40,40.0,40.48631852820801,0.16666666666666669,0.16666666666666669,0.16666666666666669,0.16666666666666669,0.16666666666666669,0.16666666666666669
41,41.0,41.55999329152982,0.16666666666666669,0.16666666666666669,0.16666666666666669,0.16666666666666669,0.16666666666666669,0.16666666666666669
42,42.0,42.62070064560415,0.16666666666666669,0.16666666666666669,0.16666666666666669,0.16666666666666669,0.16666666666666669,0.16666666666666669
43,43.0,43.669130257815,0.16666666666666669,0.16666666666666669,0.16666666666666669,0.16666666666666669,0.16666666666666669,0.16666666666666669
44,44.0,44.70602560622662,0.16666666666666669,0.16666666666666669,0.16666666666666669,0.16666666666666669,0.16666666666666669,0.16666666666666669
45,45.0,45.73217116373481,0.16666666666666669,0.16666666666666669,0.16666666666666669,0.16666666666666669,0.16666666666666669,0.16666666666666669
46,46.0,46.748380453854836,0.16666666666666669,0.16666666666666669,0.16666666666666669,0.16666666666666669,0.16666666666666669,0.16666666666666669
47,47.0,47.755485010424316,0.16666666666666669,0.16666666666666669,0.16666666666666669,0.16666666666666669,0.16666666666666669,0.16666666666666669
48,48.0,48.7543242612326,0.16666666666666669,0.16666666666666669,0.16666666666666669,0.16666666666666669,0.16666666666666669,0.16666666666666669
49,49.0,49.745736344347726,0.16666666666666669,0.16666666666666669,0.16666666666666669,0.16666666666666669,0.16666666666666669,0.16666666666666669
50,50.0,50.730549855707864,0.16666666666666669,0.16666666666666669,0.16666666666666669,0.16666666666666669,0.16666666666666669,0.16666666666666669
51,51.0,51.70957651737491,0.16666666666666669,0.16666666666666669,0.16666666666666669,0.16666666666666669,0.16666666666666669,0.16666666666666669
52,52.0,52.68360474770151,0.16666666666666669,0.16666666666666669,0.16666666666666669,0.16666666666666669,0.16666666666666669,0.16666666666666669
53,53.0,53.65339410751842,0.16666666666666669,0.16666666666666669,0.16666666666666669,0.16666666666666669,0.16666666666666669,0.16666666666666669
54,54.0,54.61967059027847,0.16666666666666669,0.16666666666666669,0.16666666666666669,0.16666666666666669,0.16666666666666669,0.16666666666666669
55,55.0,55.58312271885972,0.16666666666666669,0.16666666666666669,0.16666666666666669,0.16666666666666669,0.16666666666666669,0.16666666666666669
56,56.0,56.544398407394254,0.16666666666666669,0.16666666666666669,0.16666666666666669,0.16666666666666669,0.16666666666666669,0.16666666666666669
57,57.0,57.504102543001395,0.16666666666666669,0.16666666666666669,0.16666666666666669,0.16666666666666669,0.16666666666666669,0.16666666666666669
58,58.0,58.462795239617805,0.16666666666666669,0.16666666666666669,0.16666666666666669,0.16666666666666669,0.16666666666666669,0.16666666666666669
59,59.0,59.42099071417639,0.16666666666666669,0.16666666666666669,0.16666666666666669,0.16666666666666669,0.16666666666666669,0.16666666666666669
60,60.0,60.379156734137354,0.16666666666666669,0.16666666666666669,0.16666666666666669,0.16666666666666669,0.16666666666666669,0.16666666666666669
61,61.0,61.337714584760846,0.16666666666666669,0.16666666666666669,0.16666666666666669,0.16666666666666669,0.16666666666666669,0.16666666666666669
62,62.0,62.30703950447439,0.16666666666666669,0.16666666666666669,0.16666666666666669,0.16666666666666669,0.16666666666666669,0.16666666666666669
63,63.0,63.277361537171835,0.16666666666666669,0.16666666666666669,0.16666666666666669,0.16666666666666669,0.16666666666666669,0.16666666666666669
64,64.0,64.24887775122782,0.16666666666666669,0.16666666666666669,0.16666666666666669,0.16666666666666669,0.16666666666666669,0.16666666666666669
65,65.0,65.22175356636592,0.16666666666666669,0.16666666666666669,0.16666666666666669,0.16666666666666669,0.16666666666666669,0.16666666666666669
66,66.0,66.19612426432656,0.16666666666666669,0.16666666666666669,0.16666666666666669,0.16666666666666669,0.16666666666666669,0.16666666666666669
67,67.0,67.17209664984786,0.16666666666666669,0.16666666666666669,0.16666666666666669,0.16666666666666669,0.16666666666666669,0.16666666666666669
68,68.0,68.14975083031855,0.16666666666666669,0.16666666666666669,0.16666666666666669,0.16666666666666669,0.16666666666666669,0.16666666666666669
69,69.0,69.13914208443899,0.16666666666666669,0.16666666666666669,0.16666666666666669,0.16666666666666669,0.16666666666666669,0.16666666666666669
70,70.0,70.13020279230298,0.16666666666666669,0.16666666666666669,0.16666666666666669,0.16666666666666669,0.16666666666666669,0.16666666666666669
71,71.0,71.12285540145756,0.16666666666666669,0.16666666666666669,0.16666666666666669,0.16666666666666669,0.16666666666666669,0.16666666666666669
72,72.0,72.12701419568211,0.16666666666666669,0.16666666666666669,0.16666666666666669,0.16666666666666669,0.16666666666666669,0.16666666666666669
73,73.0,73.13248696852737,0.16666666666666669,0.16666666666666669,0.16666666666666669,0.16666666666666669,0.16666666666666669,0.16666666666666669
74,74.0,74.13908759440284,0.16666666666666669,0.16666666666666669,0.16666666666666669,0.16666666666666669,0.16666666666666669,0.16666666666666669
75,75.0,75.14663728174673,0.16666666666666669,0.16666666666666669,0.16666666666666669,0.16666666666666669,0.16666666666666669,0.16666666666666669
76,76.0,76.15496562753877,0.16666666666666669,0.16666666666666669,0.16666666666666669,0.16666666666666669,0.16666666666666669,0.16666666666666669
77,77.0,77.16391148247622,0.16666666666666669,0.16666666666666669,0.16666666666666669,0.16666666666666669,0.16666666666666669,0.16666666666666669
78,78.0,78.17332363709517,0.16666666666666669,0.16666666666666669,0.16666666666666669,0.16666666666666669,0.16666666666666669,0.16666666666666669
79,79.0,79.18306133988125,0.16666666666666669,0.16666666666666669,0.16666666666666669,0.16666666666666669,0.16666666666666669,0.16666666666666669
80,80.0,80.19299465898992,0.16666666666666669,0.16666666666666669,0.16666666666666669,0.16666666666666669,0.16666666666666669,0.16666666666666669
81,81.0,81.20300469959783,0.16666666666666669,0.16666666666666669,0.16666666666666669,0.16666666666666669,0.16666666666666669,0.16666666666666669
82,82.0,82.21298368914897,0.16666666666666669,0.16666666666666669,0.16666666666666669,0.16666666666666669,0.16666666666666669,0.16666666666666669
83,83.0,83.2328349428535,0.16666666666666669,0.16666666666666669,0.16666666666666669,0.16666666666666669,0.16666666666666669,0.16666666666666669
84,84.0,84.25237272175904,0.16666666666666669,0.16666666666666669,0.16666666666666669,0.16666666666666669,0.16666666666666669,0.16666666666666669
85,85.0,85.28143299555644,0.16666666666666669,0.16666666666666669,0.16666666666666669,0.16666666666666669,0.16666666666666669,0.16666666666666669
86,86.0,86.31977291201854,0.16666666666666669,0.16666666666666669,0.16666666666666669,0.16666666666666669,0.16666666666666669,0.16666666666666669
87,87.0,87.36708110771423,0.16666666666666669,0.16666666666666669,0.16666666666666669,0.16666666666666669,0.16666666666666669,0.16666666666666669
88,88.0,88.41298767276322,0.16666666666666669,0.16666666666666669,0.16666666666666669,0.16666666666666669,0.16666666666666669,0.16666666666666669
89,89.0,89.45717370457967,0.16666666666666669,0.16666666666666669,0.16666666666666669,0.16666666666666669,0.16666666666666669,0.16666666666666669
90,90.0,90.4993693961687,0.16666666666666669,0.16666666666666669,0.16666666666666669,0.16666666666666669,0.16666666666666669,0.16666666666666669
91,91.0,91.53935182463712,0.16666666666666669,0.16666666666666669,0.16666666666666669,0.16666666666666669,0.16666666666666669,0.16666666666666669
92,92.0,92.57694249201234,0.16666666666666669,0.16666666666666669,0.16666666666666669,0.16666666666666669,0.16666666666666669,0.16666666666666669
93,93.0,93.6220046677299,0.16666666666666669,0.16666666666666669,0.16666666666666669,0.16666666666666669,0.16666666666666669,0.16666666666666669
94,94.0,94.66434057919841,0.16666666666666669,0.16666666666666669,0.16666666666666669,0.16666666666666669,0.16666666666666669,0.16666666666666669
95,95.0,95.70379949372808,0.16666666666666669,0.16666666666666669,0.16666666666666669,0.16666666666666669,0.16666666666666669,0.16666666666666669
96,96.0,96.74027452186752,0.16666666666666669,0.16666666666666669,0.16666666666666669,0.16666666666666669,0.16666666666666669,0.16666666666666669
97,97.0,97.77369930197433,0.16666666666666669,0.16666666666666669,0.16666666666666669,0.16666666666666669,0.16666666666666669,0.16666666666666669
98,98.0,98.80404461105073,0.16666666666666669,0.16666666666666669,0.16666666666666669,0.16666666666666669,0.16666666666666669,0.16666666666666669
99,99.0,99.83131494310898,0.16666666666666669,0.16666666666666669,0.16666666666666669,0.16666666666666669,0.16666666666666669,0.16666666666666669
100,100.0,100.8555450925303,0.16666666666666669,0.16666666666666669,0.16666666666666669,0.16666666666666669,0.16666666666666669,0.16666666666666669
101,101.0,101.8767967760842,0.16666666666666669,0.16666666666666669,0.16666666666666669,0.16666666666666669,0.16666666666666669,0.16666666666666669
102,102.0,102.89515532352186,0.16666666666666669,0.16666666666666669,0.16666666666666669,0.16666666666666669,0.16666666666666669,0.16666666666666669
103,103.0,103.91072646298053,0.16666666666666669,0.16666666666666669,0.16666666666666669,0.16666666666666669,0.16666666666666669,0.16666666666666669
104,104.0,104.92363322386355,0.16666666666666669,0.16666666666666669,0.16666666666666669,0.16666666666666669,0.16666666666666669,0.16666666666666669
105,105.0,105.93401297641962,0.16666666666666669,0.16666666666666669,0.16666666666666669,0.16666666666666669,0.16666666666666669,0.16666666666666669
106,106.0,106.94201462395588,0.16666666666666669,0.16666666666666669,0.16666666666666669,0.16666666666666669,0.16666666666666669,0.16666666666666669
107,107.0,107.94779596049896,0.16666666666666669,0.16666666666666669,0.16666666666666669,0.16666666666666669,0.16666666666666669,0.16666666666666669
108,108.0,108.95152120378275,0.16666666666666669,0.16666666666666669,0.16666666666666669,0.16666666666666669,0.16666666666666669,0.16666666666666669
109,109.0,109.95335871070033,0.16666666666666669,0.16666666666666669,0.16666666666666669,0.16666666666666669,0.16666666666666669,0.16666666666666669
110,110.0,110.95347887981914,0.16666666666666669,0.16666666666666669,0.16666666666666669,0.16666666666666669,0.16666666666666669,0.16666666666666669
111,111.0,111.95205224322788,0.16666666666666669,0.16666666666666669,0.16666666666666669,0.16666666666666669,0.16666666666666669,0.16666666666666669
112,112.0,112.94924774786348,0.16666666666666669,0.16666666666666669,0.16666666666666669,0.16666666666666669,0.16666666666666669,0.16666666666666669
113,113.0,113.94523122455688,0.16666666666666669,0.16666666666666669,0.16666666666666669,0.16666666666666669,0.16666666666666669,0.16666666666666669
114,114.0,114.94016404133536,0.16666666666666669,0.16666666666666669,0.16666666666666669,0.16666666666666669,0.16666666666666669,0.16666666666666669
115,115.0,115.93420193602266,0.16666666666666669,0.16666666666666669,0.16666666666666669,0.16666666666666669,0.16666666666666669,0.16666666666666669
116,116.0,116.92749402188099,0.16666666666666669,0.16666666666666669,0.16666666666666669,0.16666666666666669,0.16666666666666669,0.16666666666666669
117,117.0,117.92018195893469,0.16666666666666669,0.16666666666666669,0.16666666666666669,0.16666666666666669,0.16666666666666669,0.16666666666666669
118,118.0,118.91239928269367,0.16666666666666669,0.16666666666666669,0.16666666666666669,0.16666666666666669,0.16666666666666669,0.16666666666666669
119,119.0,119.90427088124981,0.16666666666666669,0.16666666666666669,0.16666666666666669,0.16666666666666669,0.16666666666666669,0.16666666666666669
120,120.0,120.89591261113783,0.16666666666666669,0.16666666666666669,0.16666666666666669,0.16666666666666669,0.16666666666666669,0.16666666666666669
121,121.0,121.88743104192568,0.16666666666666669,0.16666666666666669,0.16666666666666669,0.16666666666666669,0.16666666666666669,0.16666666666666669
122,122.0,122.87892331921549,0.16666666666666669,0.16666666666666669,0.16666666666666669,0.16666666666666669,0.16666666666666669,0.16666666666666669
123,123.0,123.87047713558415,0.16666666666666669,0.16666666666666669,0.16666666666666669,0.16666666666666669,0.16666666666666669,0.16666666666666669
124,124.0,124.86217079896012,0.16666666666666669,0.16666666666666669,0.16666666666666669,0.16666666666666669,0.16666666666666669,0.16666666666666669
125,125.0,125.85407338800889,0.16666666666666669,0.16666666666666669,0.16666666666666669,0.16666666666666669,0.16666666666666669,0.16666666666666669
126,126.0,126.84624498427269,0.16666666666666669,0.16666666666666669,0.16666666666666669,0.16666666666666669,0.16666666666666669,0.16666666666666669
127,127.0,127.83873697106738,0.16666666666666669,0.16666666666666669,0.16666666666666669,0.16666666666666669,0.16666666666666669,0.16666666666666669
128,128.0,128.83159238947192,0.16666666666666669,0.16666666666666669,0.16666666666666669,0.16666666666666669,0.16666666666666669,0.16666666666666669
129,129.0,129.82484634214129,0.16666666666666669,0.16666666666666669,0.16666666666666669,0.16666666666666669,0.16666666666666669,0.16666666666666669
130,130.0,130.8185264361223,0.16666666666666669,0.16666666666666669,0.16666666666666669,0.16666666666666669,0.16666666666666669,0.16666666666666669
131,131.0,131.81265325634402,0.16666666666666669,0.16666666666666669,0.16666666666666669,0.16666666666666669,0.16666666666666669,0.16666666666666669
132,132.0,132.80724086198012,0.16666666666666669,0.16666666666666669,0.16666666666666669,0.16666666666666669,0.16666666666666669,0.16666666666666669
133,133.0,133.80229729843282,0.16666666666666669,0.16666666666666669,0.16666666666666669,0.16666666666666669,0.16666666666666669,0.16666666666666669
134,134.0,134.7978251182559,0.16666666666666669,0.16666666666666669,0.16666666666666669,0.16666666666666669,0.16666666666666669,0.16666666666666669
135,135.0,135.79382190491413,0.16666666666666669,0.16666666666666669,0.16666666666666669,0.16666666666666669,0.16666666666666669,0.16666666666666669
136,136.0,136.7902807938574,0.16666666666666669,0.16666666666666669,0.16666666666666669,0.16666666666666669,0.16666666666666669,0.16666666666666669
137,137.0,137.78719098596775,0.16666666666666669,0.16666666666666669,0.16666666666666669,0.16666666666666669,0.16666666666666669,0.16666666666666669
138,138.0,138.78453824900743,0.16666666666666669,0.16666666666666669,0.16666666666666669,0.16666666666666669,0.16666666666666669,0.16666666666666669
139,139.0,139.78230540325302,0.16666666666666669,0.16666666666666669,0.16666666666666669,0.16666666666666669,0.16666666666666669,0.16666666666666669
140,140.0,140.78047278804155,0.16666666666666669,0.16666666666666669,0.16666666666666669,0.16666666666666669,0.16666666666666669,0.16666666666666669
141,141.0,141.7790187064708,0.16666666666666669,0.16666666666666669,0.16666666666666669,0.16666666666666669,0.16666666666666669,0.16666666666666669
142,142.0,142.77791984599241,0.16666666666666669,0.16666666666666669,0.16666666666666669,0.16666666666666669,0.16666666666666669,0.16666666666666669
143,143.0,143.77715167310194,0.16666666666666669,0.16666666666666669,0.16666666666666669,0.16666666666666669,0.16666666666666669,0.16666666666666669
144,144.0,144.7866888007695,0.16666666666666669,0.16666666666666669,0.16666666666666669,0.16666666666666669,0.16666666666666669,0.16666666666666669
145,145.0,145.7964053276626,0.16666666666666669,0.16666666666666669,0.16666666666666669,0.16666666666666669,0.16666666666666669,0.16666666666666669
146,146.0,146.80618614858977,0.16666666666666669,0.16666666666666669,0.16666666666666669,0.16666666666666669,0.16666666666666669,0.16666666666666669
147,147.0,147.81592702593832,0.16666666666666669,0.16666666666666669,0.16666666666666669,0.16666666666666669,0.16666666666666669,0.16666666666666669
148,148.0,148.8255345452926,0.16666666666666669,0.16666666666666669,0.16666666666666669,0.16666666666666669,0.16666666666666669,0.16666666666666669
149,149.0,149.83492596725858,0.16666666666666669,0.16666666666666669,0.16666666666666669,0.16666666666666669,0.16666666666666669,0.16666666666666669
150,150.0,150.84402898735536,0.16666666666666669,0.16666666666666669,0.16666666666666669,0.16666666666666669,0.16666666666666669,0.16666666666666669
151,151.0,151.8527814155689,0.16666666666666669,0.16666666666666669,0.16666666666666669,0.16666666666666669,0.16666666666666669,0.16666666666666669
152,152.0,152.8611307868054,0.16666666666666669,0.16666666666666669,0.16666666666666669,0.16666666666666669,0.16666666666666669,0.16666666666666669
153,153.0,153.8690339130502,0.16666666666666669,0.16666666666666669,0.16666666666666669,0.16666666666666669,0.16666666666666669,0.16666666666666669
154,154.0,154.87645638754003,0.16666666666666669,0.16666666666666669,0.16666666666666669,0.16666666666666669,0.16666666666666669,0.16666666666666669
155,155.0,155.88337205070547,0.16666666666666669,0.16666666666666669,0.16666666666666669,0.16666666666666669,0.16666666666666669,0.16666666666666669
156,156.0,156.88976242704732,0.16666666666666669,0.16666666666666669,0.16666666666666669,0.16666666666666669,0.16666666666666669,0.16666666666666669
157,157.0,157.89561614148448,0.16666666666666669,0.16666666666666669,0.16666666666666669,0.16666666666666669,0.16666666666666669,0.16666666666666669
158,158.0,158.9009283230631,0.16666666666666669,0.16666666666666669,0.16666666666666669,0.16666666666666669,0.16666666666666669,0.16666666666666669
159,159.0,159.90570000325326,0.16666666666666669,0.16666666666666669,0.16666666666666669,0.16666666666666669,0.16666666666666669,0.16666666666666669
160,160.0,160.90993751539185,0.16666666666666669,0.16666666666666669,0.16666666666666669,0.16666666666666669,0.16666666666666669,0.16666666666666669
161,161.0,161.91365190116264,0.16666666666666669,0.16666666666666669,0.16666666666666669,0.16666666666666669,0.16666666666666669,0.16666666666666669
162,162.0,162.91685832934473,0.16666666666666669,0.16666666666666669,0.16666666666666669,0.16666666666666669,0.16666666666666669,0.16666666666666669
163,163.0,163.91957553141515,0.16666666666666669,0.16666666666666669,0.16666666666666669,0.16666666666666669,0.16666666666666669,0.16666666666666669
164,164.0,164.92182525796443,0.16666666666666669,0.16666666666666669,0.16666666666666669,0.16666666666666669,0.16666666666666669,0.16666666666666669
165,165.0,165.92363175927912,0.16666666666666669,0.16666666666666669,0.16666666666666669,0.16666666666666669,0.16666666666666669,0.16666666666666669
166,166.0,166.92502129286956,0.16666666666666669,0.16666666666666669,0.16666666666666669,0.16666666666666669,0.16666666666666669,0.16666666666666669
167,167.0,167.92602166017224,0.16666666666666669,0.16666666666666669,0.16666666666666669,0.16666666666666669,0.16666666666666669,0.16666666666666669
168,168.0,168.92666177414293,0.16666666666666669,0.16666666666666669,0.16666666666666669,0.16666666666666669,0.16666666666666669,0.16666666666666669
169,169.0,169.92697125897513,0.16666666666666669,0.16666666666666669,0.16666666666666669,0.16666666666666669,0.16666666666666669,0.16666666666666669
170,170.0,170.92698008273436,0.16666666666666669,0.16666666666666669,0.16666666666666669,0.16666666666666669,0.16666666666666669,0.16666666666666669
171,171.0,171.92671822329032,0.16666666666666669,0.16666666666666669,0.16666666666666669,0.16666666666666669,0.16666666666666669,0.16666666666666669
172,172.0,172.92621536755777,0.16666666666666669,0.16666666666666669,0.16666666666666669,0.16666666666666669,0.16666666666666669,0.16666666666666669
173,173.0,173.9255006437229,0.16666666666666669,0.16666666666666669,0.16666666666666669,0.16666666666666669,0.16666666666666669,0.16666666666666669
174,174.0,174.9246023858343,0.16666666666666669,0.16666666666666669,0.16666666666666669,0.16666666666666669,0.16666666666666669,0.16666666666666669
175,175.0,175.9235479298762,0.16666666666666669,0.16666666666666669,0.16666666666666669,0.16666666666666669,0.16666666666666669,0.16666666666666669
176,176.0,176.92236344021518,0.16666666666666669,0.16666666666666669,0.16666666666666669,0.16666666666666669,0.16666666666666669,0.16666666666666669
177,177.0,177.92107376511808,0.16666666666666669,0.16666666666666669,0.16666666666666669,0.16666666666666669,0.16666666666666669,0.16666666666666669
178,178.0,178.91970231987955,0.16666666666666669,0.16666666666666669,0.16666666666666669,0.16666666666666669,0.16666666666666669,0.16666666666666669
179,179.0,179.91827099596605,0.16666666666666669,0.16666666666666669,0.16666666666666669,0.16666666666666669,0.16666666666666669,0.16666666666666669
180,180.0,180.91680009448424,0.16666666666666669,0.16666666666666669,0.16666666666666669,0.16666666666666669,0.16666666666666669,0.16666666666666669
181,181.0,181.91530828220579,0.16666666666666669,0.16666666666666669,0.16666666666666669,0.16666666666666669,0.16666666666666669,0.16666666666666669
182,182.0,182.9138125683331,0.16666666666666669,0.16666666666666669,0.16666666666666669,0.16666666666666669,0.16666666666666669,0.16666666666666669
183,183.0,183.91232830016435,0.16666666666666669,0.16666666666666669,0.16666666666666669,0.16666666666666669,0.16666666666666669,0.16666666666666669
184,184.0,184.91086917581086,0.16666666666666669,0.16666666666666669,0.16666666666666669,0.16666666666666669,0.16666666666666669,0.16666666666666669
185,185.0,185.9094472721346,0.16666666666666669,0.16666666666666669,0.16666666666666669,0.16666666666666669,0.16666666666666669,0.16666666666666669
186,186.0,186.9080730861046,0.16666666666666669,0.16666666666666669,0.16666666666666669,0.16666666666666669,0.16666666666666669,0.16666666666666669
187,187.0,187.90675558781655,0.16666666666666669,0.16666666666666669,0.16666666666666669,0.16666666666666669,0.16666666666666669,0.16666666666666669
188,188.0,188.90550228347917,0.16666666666666669,0.16666666666666669,0.16666666666666669,0.16666666666666669,0.16666666666666669,0.16666666666666669
189,189.0,189.90431928674073,0.16666666666666669,0.16666666666666669,0.16666666666666669,0.16666666666666669,0.16666666666666669,0.16666666666666669
190,190.0,190.90321139680873,0.16666666666666669,0.16666666666666669,0.16666666666666669,0.16666666666666669,0.16666666666666669,0.16666666666666669
191,191.0,191.90218218190182,0.16666666666666669,0.16666666666666669,0.16666666666666669,0.16666666666666669,0.16666666666666669,0.16666666666666669
192,192.0,192.90123406666658,0.16666666666666669,0.16666666666666669,0.16666666666666669,0.16666666666666669,0.16666666666666669,0.16666666666666669
193,193.0,193.90036842228824,0.16666666666666669,0.16666666666666669,0.16666666666666669,0.16666666666666669,0.16666666666666669,0.16666666666666669
194,194.0,194.89958565812483,0.16666666666666669,0.16666666666666669,0.16666666666666669,0.16666666666666669,0.16666666666666669,0.16666666666666669
195,195.0,195.8988853137965,0.16666666666666669,0.16666666666666669,0.16666666666666669,0.16666666666666669,0.16666666666666669,0.16666666666666669
196,196.0,196.89826615076305,0.16666666666666669,0.16666666666666669,0.16666666666666669,0.16666666666666669,0.16666666666666669,0.16666666666666669
197,197.0,197.8977262425253,0.16666666666666669,0.16666666666666669,0.16666666666666669,0.16666666666666669,0.16666666666666669,0.16666666666666669
198,198.0,198.89726306268608,0.16666666666666669,0.16666666666666669,0.16666666666666669,0.16666666666666669,0.16666666666666669,0.16666666666666669
199,199.0,199.89687357020392,0.16619047619047622,0.16904761904761906,0.16619047619047622,0.16619047619047622,0.16619047619047622,0.16619047619047622
200,200.0,200.89655429126793,0.1654809523809524,0.17116666666666666,0.16690952380952384,0.1654809523809524,0.1654809523809524,0.1654809523809524
201,201.0,201.89630139731287,0.1646042380952381,0.17413595238095236,0.16744709523809526,0.1646042380952381,0.1646042380952381,0.1646042380952381
202,202.0,202.89611077878018,0.16356796238095242,0.17793004523809525,0.16779810523809524,0.16356796238095242,0.16356796238095242,0.16356796238095242
203,203.0,203.89597811431298,0.16242026953492067,0.18120828550000004,0.16799952524920636,0.16242026953492067,0.1635313806460318,0.16242026953492067
204,204.0,204.89589893514935,0.16219766708766672,0.18403114269023813,0.16807818895909526,0.16119766708766672,0.16329766708766671,0.16119766708766672
205,205.0,205.8958686845506,0.16361701488092814,0.18439449797264526,0.1683241567893567,0.16019844345235673,0.16326744345235672,0.16019844345235673
206,206.0,206.89588277216623,0.16481540060319702,0.18439185846137096,0.16831942912584125,0.15901144346033988,0.16445042488891132,0.15901144346033988
207,207.0,207.8959366232986,0.1658386508900642,0.18409556431661037,0.1681248370802761,0.1589530290329213,0.16528488964720703,0.1577030290329213
208,208.0,208.8960257230848,0.16782698329013762,0.18355976933998513,0.16778313840814724,0.1586688622658519,0.16584099554113763,0.15632025115474077
209,209.0,209.8961456556615,0.16978900626809598,0.18293878156444798,0.16743746075883237,0.15843436006076742,0.16639101739820028,0.15500937394965628
210,210.0,210.89629213842395,0.17260058767922837,0.18206875871907405,0.16691308737797175,0.1580683295549488,0.16675149197493974,0.15359774469383766
211,211.0,211.89646105152588,0.17723000507245523,0.18076703469803088,0.16601686173125876,0.1573713140422578,0.1667214994123511,0.15189328504364663
212,212.0,212.89664846280235,0.18196306956452374,0.17872273336703234,0.16761040749222192,0.15490520757533394,0.16597332285792954,0.1508252591429589
213,213.0,213.89685064832315,0.1853028000863433,0.1756384919783205,0.1707835739672459,0.15236840571109514,0.16619419898433913,0.14971252927265638
214,214.0,214.89706410880865,0.1882983145479025,0.17248323786064468,0.17455803105653805,0.14982743691700623,0.1662281955804144,0.1486047840374945
215,215.0,215.8972855821575,0.19043589759242993,0.16924410967656286,0.1806651980570715,0.14735661242247794,0.16483709497666246,0.14746108727479562
216,216.0,216.89751205234992,0.1923495561824563,0.16600095186728564,0.1863115696222175,0.1449217016962187,0.16408068377415255,0.1463355368576696
217,217.0,217.8977407549996,0.19397229810876854,0.16280449474102404,0.19222993207273684,0.14256224932537184,0.16317555632876987,0.14525546942332912
218,218.0,218.89796917983432,0.1946842869857743,0.1597747733934797,0.19859197795366218,0.1403870445908452,0.16224203913565916,0.14431987794057963
219,219.0,219.89819507038723,0.19477284928102506,0.15675387466371957,0.20577011364551906,0.13822787797981523,0.16112315049736847,0.14335213393255275
220,220.0,220.89841642118097,0.19440820334705197,0.15377792117744105,0.21264019997070596,0.13694486657955413,0.15985688293321226,0.14237192599203471
221,221.0,221.8986314726835,0.1938446789141267,0.15094076826007263,0.21943380030150905,0.1357818152979015,0.1585400443197965,0.1414588929065937
222,222.0,222.89883870430893,0.19203671450229315,0.14843565081109242,0.22717007831273578,0.13491710206300844,0.15789626336209853,0.1395441909487718
223,223.0,223.89903682572879,0.19009111946784615,0.1460937021724371,0.23506430821813626,0.1333354925835003,0.1577039578184092,0.13771141973967108
224,224.0,224.89922476674934,0.1878961735521365,0.1446508373651153,0.24218808181398943,0.13183407422505744,0.15750053748076728,0.13593029556293415
225,225.0,225.89940166600036,0.18581072711441338,0.14353585015834036,0.2481412240893086,0.13061642325573894,0.1574857292285256,0.13441004615367325
226,226.0,226.89956685866628,0.18371968467125535,0.14260210266412532,0.253606266753394,0.12954133944632557,0.1575158199356666,0.13301478652923332
227,227.0,227.8997198634789,0.18146594481906606,0.14291223695758493,0.2582202264835852,0.1284267454903495,0.15740744737060913,0.13156739887880528
228,228.0,228.89986036917549,0.1792490289829848,0.14337447780273138,0.26109350054739844,0.12869845262774104,0.15733625587193792,0.1302482841672065
229,229.0,229.89998822061068,0.17733742391976162,0.1440939921359446,0.2641214247708333,0.12921511367778954,0.15604923924800101,0.12918280624767
230,230.0,230.90010340469624,0.17535582571385405,0.14575869079841905,0.2664179771179154,0.1296956777498399,0.15466696128867552,0.12810486733129609
231,231.0,231.9002060363263,0.17334493855047844,0.14817407503727056,0.26806110703058716,0.1301528377898603,0.15322665979598243,0.12704038179582108
232,232.0,232.90029634443005,0.17151113353034872,0.1506825891191396,0.26900805878649614,0.13072602926732027,0.15193187347151876,0.12614031582517654
233,233.0,233.90037465827913,0.16969670715600826,0.153170668252239,0.2692481473504261,0.13131875045703453,0.1512476653283729,0.1253180614559192
234,234.0,234.90044139416054,0.16791933641485685,0.1556162104342324,0.2694437758029946,0.13192385646999819,0.1505220255121974,0.12457479536572054
235,235.0,235.9004970425122,0.1662592659215753,0.15803210217370461,0.2693327279884591,0.13256714599905078,0.14986561829433936,0.1239431396228708
236,236.0,236.90054215560357,0.16472136635630946,0.16039714959751303,0.2689467820116754,0.13323836779729287,0.14927808448714563,0.12341824975006359
237,237.0,237.90057733582975,0.16341991073302153,0.16202611999631925,0.26853950937085835,0.1340391275309342,0.14886952319873284,0.12310580917013385
238,238.0,238.91060322467504,0.1621789097366224,0.1635436516300733,0.2681785533673162,0.13481578407053635,0.14842808357442072,0.12285501762103103
239,239.0,239.92052049238904,0.16095244033268788,0.1656417914903155,0.26740537555748756,0.135481281823702,0.1479385920270489,0.12258051876875822
240,240.0,240.93024082840776,0.1598513140560108,0.16764149735579456,0.2664689299000994,0.13614008169154312,0.14751074866439703,0.12238742833215517
241,241.0,241.93968672254056,0.15887400785663222,0.169532615567332,0.26539490763648155,0.13678626546391376,0.14714266710161963,0.12226953637402094
242,242.0,242.94879116003466,0.15801791278881608,0.17030709370820662,0.26420780664989313,0.13741463291263728,0.14783205197435706,0.12222050196608997
243,243.0,243.957497242179,0.15732744848806407,0.17167465908488402,0.26156843208512337,0.13799921734912646,0.1485927779418456,0.1228374650509566
244,244.0,244.96575774368708,0.1566740171267379,0.17262406974425962,0.2599730262577593,0.13806544516963384,0.1492347248470565,0.12342871685455303
245,245.0,245.9735346176075,0.15606452897858752,0.17397319483701756,0.2582163048604925,0.13797946644752918,0.14977150963532385,0.12399499524104955
246,246.0,246.9807984579598,0.15555837691146915,0.17520703320735362,0.25644735127967055,0.13787274623967935,0.15032366528584395,0.1245908270759835
247,247.0,247.98752792969728,0.1552336221712841,0.17636644181047328,0.2549767449361239,0.13779009256340405,0.15100913315588638,0.12462396536282846
248,248.0,248.99370917496404,0.15500037257274094,0.177409769537067,0.25352685716956036,0.13769242530230857,0.15169522734479846,0.12467534807352489
249,249.0,249.9993352039545,0.15485181009766086,0.1783381911975214,0.25211011499994734,0.1375822224874859,0.1523750242788041,0.12474263693858066
250,250.0,251.00440527800635,0.15478095165844835,0.17992314395107667,0.24996814052005512,0.13746183970245696,0.1530423557140539,0.1248235684539093
251,251.0,252.00892429187297,0.15472579038096376,0.18177543285319483,0.2465822393430732,0.13722360866220257,0.1535819047761808,0.12611102398438517
252,252.0,253.0129021614342,0.15473475871125966,0.1835036475538446,0.2432851136999309,0.1369805976015489,0.15409995531077697,0.12739592712263934
253,253.0,254.01635322242495,0.1553430206719217,0.18577553237378536,0.239809190627009,0.13597976225219005,0.1544684766652495,0.12862401740984475
254,254.0,255.0192956450924,0.15599706428030669,0.1879086443100314,0.2364696090980147,0.13498725053934724,0.15481123654406598,0.12982619522823424
255,255.0,256.02175086904214,0.1573048185546061,0.1895145771506374,0.23323851172622614,0.1339645361688783,0.15503214540076582,0.13094541099888646
256,256.0,257.02374306190654,0.15875569202834258,0.19101451328628516,0.22980521821249777,0.1330093903597743,0.15535189353470796,0.13206329257839244
257,257.0,258.02529860486544,0.16025262729668951,0.19221279647398815,0.22689724994716262,0.1321872824373445,0.1558254470033401,0.13262459684147535
258,258.0,259.02644560747973,0.1617362119026334,0.19326599007357706,0.2248558987977998,0.13140297244112656,0.15560353035198005,0.1331353964328834
259,259.0,260.02721345375784,0.16319294506635512,0.19417807110786742,0.2230149165643057,0.13066052367846143,0.15535790975914057,0.13359563382387002
260,260.0,261.02763238087056,0.16461094460043965,0.19495403002304618,0.22137267617742837,0.12996317451362052,0.15509341182489805,0.13400576286056745
261,261.0,262.0277330914633,0.1659799038725099,0.1955997194418727,0.21980807879755138,0.1293133884784698,0.1548145692627352,0.1344843401468612
262,262.0,263.02754640008214,0.16729103731604658,0.19612170941979398,0.21843488845071465,0.12871290712039177,0.15452560496106568,0.1349138527319875
263,263.0,264.02710291383823,0.1672513018937534,0.19657476904874036,0.2182953153847016,0.128210423832879,0.15432565883209495,0.1353425310078309
264,264.0,265.0264327470803,0.16710570565596006,0.19687078457684365,0.21794358407828046,0.12837735411794055,0.1540268761388905,0.13567569543208505
265,265.0,266.0255652695275,0.16690914778945165,0.19706535740176426,0.2177472848114134,0.1285879444583255,0.15372784265052195,0.13596242288852348
266,266.0,267.0245288870346,0.16666869003576482,0.19716668606557128,0.21769283737281364,0.1288357229450977,0.15343157378138944,0.1362044897993634
267,267.0,268.0233508539207,0.16639112696115424,0.197183081697738,0.21776660105404047,0.1291144929787507,0.15314075575826072,0.13640394155005622
268,268.0,269.02205711557895,0.1660829447284584,0.19712287364510675,0.2172883504396323,0.12941836770425985,0.15352441834343333,0.13656304513910975
269,269.0,270.02067217991555,0.16575028707581277,0.1969943243566837,0.21691806946529668,0.12974179790518447,0.15391127685022543,0.13668424434679735
270,270.0,271.01921901601935,0.1653989281217388,0.19680555344893222,0.21664866397676974,0.13007959373197375,0.1542971431014071,0.1367701176191788
