,Unnamed: 0,Total_iterations,Intertwine_two,Add_vertex,Delete_vertex,Invert_path_vertices,Insert_inside_vertex,Delete_inside_vertex
0,0.0,0.0,0.16666666666666657,0.16666666666666657,0.16666666666666657,0.16666666666666657,0.16666666666666657,0.16666666666666657
1,1.0,1.0,0.16666666666666657,0.16666666666666657,0.16666666666666657,0.16666666666666657,0.16666666666666657,0.16666666666666657
2,2.0,2.0,0.16666666666666657,0.16666666666666657,0.16666666666666657,0.16666666666666657,0.16666666666666657,0.16666666666666657
3,3.0,3.0,0.16666666666666657,0.16666666666666657,0.16666666666666657,0.16666666666666657,0.16666666666666657,0.16666666666666657
4,4.0,4.0,0.16666666666666657,0.16666666666666657,0.16666666666666657,0.16666666666666657,0.16666666666666657,0.16666666666666657
5,5.0,5.0,0.16666666666666657,0.16666666666666657,0.16666666666666657,0.16666666666666657,0.16666666666666657,0.16666666666666657
6,6.0,6.0,0.16666666666666657,0.16666666666666657,0.16666666666666657,0.16666666666666657,0.16666666666666657,0.16666666666666657
7,7.0,7.0,0.16666666666666657,0.16666666666666657,0.16666666666666657,0.16666666666666657,0.16666666666666657,0.16666666666666657
8,8.0,8.0,0.16666666666666657,0.16666666666666657,0.16666666666666657,0.16666666666666657,0.16666666666666657,0.16666666666666657
9,9.0,9.0,0.16666666666666657,0.16666666666666657,0.16666666666666657,0.16666666666666657,0.16666666666666657,0.16666666666666657
10,10.0,10.0,0.16666666666666657,0.16666666666666657,0.16666666666666657,0.16666666666666657,0.16666666666666657,0.16666666666666657
11,11.0,11.0,0.16666666666666657,0.16666666666666657,0.16666666666666657,0.16666666666666657,0.16666666666666657,0.16666666666666657
12,12.0,12.0,0.16666666666666657,0.16666666666666657,0.16666666666666657,0.16666666666666657,0.16666666666666657,0.16666666666666657
13,13.0,13.0,0.16666666666666657,0.16666666666666657,0.16666666666666657,0.16666666666666657,0.16666666666666657,0.16666666666666657
14,14.0,14.0,0.16666666666666657,0.16666666666666657,0.16666666666666657,0.16666666666666657,0.16666666666666657,0.16666666666666657
15,15.0,15.0,0.16666666666666657,0.16666666666666657,0.16666666666666657,0.16666666666666657,0.16666666666666657,0.16666666666666657
16,16.0,16.0,0.16666666666666657,0.16666666666666657,0.16666666666666657,0.16666666666666657,0.16666666666666657,0.16666666666666657
17,17.0,17.0,0.16666666666666657,0.16666666666666657,0.16666666666666657,0.16666666666666657,0.16666666666666657,0.16666666666666657
18,18.0,18.0,0.16666666666666657,0.16666666666666657,0.16666666666666657,0.16666666666666657,0.16666666666666657,0.16666666666666657
19,19.0,19.0,0.16666666666666657,0.16666666666666657,0.16666666666666657,0.16666666666666657,0.16666666666666657,0.16666666666666657
20,20.0,20.0,0.16666666666666657,0.16666666666666657,0.16666666666666657,0.16666666666666657,0.16666666666666657,0.16666666666666657
21,21.0,21.0,0.16666666666666657,0.16666666666666657,0.16666666666666657,0.16666666666666657,0.16666666666666657,0.16666666666666657
22,22.0,22.0,0.16666666666666657,0.16666666666666657,0.16666666666666657,0.16666666666666657,0.16666666666666657,0.16666666666666657
23,23.0,23.0,0.16666666666666657,0.16666666666666657,0.16666666666666657,0.16666666666666657,0.16666666666666657,0.16666666666666657
24,24.0,24.0,0.16666666666666657,0.16666666666666657,0.16666666666666657,0.16666666666666657,0.16666666666666657,0.16666666666666657
25,25.0,25.0,0.16666666666666657,0.16666666666666657,0.16666666666666657,0.16666666666666657,0.16666666666666657,0.16666666666666657
26,26.0,26.0,0.16666666666666657,0.16666666666666657,0.16666666666666657,0.16666666666666657,0.16666666666666657,0.16666666666666657
27,27.0,27.0,0.16666666666666657,0.16666666666666657,0.16666666666666657,0.16666666666666657,0.16666666666666657,0.16666666666666657
28,28.0,28.0,0.16666666666666657,0.16666666666666657,0.16666666666666657,0.16666666666666657,0.16666666666666657,0.16666666666666657
29,29.0,29.0,0.16666666666666657,0.16666666666666657,0.16666666666666657,0.16666666666666657,0.16666666666666657,0.16666666666666657
30,30.0,30.0,0.16666666666666657,0.16666666666666657,0.16666666666666657,0.16666666666666657,0.16666666666666657,0.16666666666666657
31,31.0,31.0,0.16666666666666657,0.16666666666666657,0.16666666666666657,0.16666666666666657,0.16666666666666657,0.16666666666666657
32,32.0,32.0,0.16666666666666657,0.16666666666666657,0.16666666666666657,0.16666666666666657,0.16666666666666657,0.16666666666666657
33,33.0,33.0,0.16666666666666657,0.16666666666666657,0.16666666666666657,0.16666666666666657,0.16666666666666657,0.16666666666666657
34,34.0,34.0,0.16666666666666657,0.16666666666666657,0.16666666666666657,0.16666666666666657,0.16666666666666657,0.16666666666666657
35,35.0,35.0,0.16666666666666657,0.16666666666666657,0.16666666666666657,0.16666666666666657,0.16666666666666657,0.16666666666666657
36,36.0,36.0,0.16666666666666657,0.16666666666666657,0.16666666666666657,0.16666666666666657,0.16666666666666657,0.16666666666666657
37,37.0,37.0,0.16666666666666657,0.16666666666666657,0.16666666666666657,0.16666666666666657,0.16666666666666657,0.16666666666666657
38,38.0,38.0,0.16666666666666657,0.16666666666666657,0.16666666666666657,0.16666666666666657,0.16666666666666657,0.16666666666666657
39,39.0,39.0,0.16666666666666657,0.16666666666666657,0.16666666666666657,0.16666666666666657,0.16666666666666657,0.16666666666666657
40,40.0,40.0,0.16666666666666657,0.16666666666666657,0.16666666666666657,0.16666666666666657,0.16666666666666657,0.16666666666666657
41,41.0,41.0,0.16666666666666657,0.16666666666666657,0.16666666666666657,0.16666666666666657,0.16666666666666657,0.16666666666666657
42,42.0,42.0,0.16666666666666657,0.16666666666666657,0.16666666666666657,0.16666666666666657,0.16666666666666657,0.16666666666666657
43,43.0,43.0,0.16666666666666657,0.16666666666666657,0.16666666666666657,0.16666666666666657,0.16666666666666657,0.16666666666666657
44,44.0,44.0,0.16666666666666657,0.16666666666666657,0.16666666666666657,0.16666666666666657,0.16666666666666657,0.16666666666666657
45,45.0,45.0,0.16666666666666657,0.16666666666666657,0.16666666666666657,0.16666666666666657,0.16666666666666657,0.16666666666666657
46,46.0,46.0,0.16666666666666657,0.16666666666666657,0.16666666666666657,0.16666666666666657,0.16666666666666657,0.16666666666666657
47,47.0,47.0,0.16666666666666657,0.16666666666666657,0.16666666666666657,0.16666666666666657,0.16666666666666657,0.16666666666666657
48,48.0,48.0,0.16666666666666657,0.16666666666666657,0.16666666666666657,0.16666666666666657,0.16666666666666657,0.16666666666666657
49,49.0,49.0,0.16666666666666657,0.16666666666666657,0.16666666666666657,0.16666666666666657,0.16666666666666657,0.16666666666666657
50,50.0,50.0,0.16666666666666657,0.16666666666666657,0.16666666666666657,0.16666666666666657,0.16666666666666657,0.16666666666666657
51,51.0,51.0,0.16666666666666657,0.16666666666666657,0.16666666666666657,0.16666666666666657,0.16666666666666657,0.16666666666666657
52,52.0,52.0,0.16666666666666657,0.16666666666666657,0.16666666666666657,0.16666666666666657,0.16666666666666657,0.16666666666666657
53,53.0,53.0,0.16666666666666657,0.16666666666666657,0.16666666666666657,0.16666666666666657,0.16666666666666657,0.16666666666666657
54,54.0,54.0,0.16666666666666657,0.16666666666666657,0.16666666666666657,0.16666666666666657,0.16666666666666657,0.16666666666666657
55,55.0,55.0,0.16666666666666657,0.16666666666666657,0.16666666666666657,0.16666666666666657,0.16666666666666657,0.16666666666666657
56,56.0,56.0,0.16666666666666657,0.16666666666666657,0.16666666666666657,0.16666666666666657,0.16666666666666657,0.16666666666666657
57,57.0,57.0,0.16666666666666657,0.16666666666666657,0.16666666666666657,0.16666666666666657,0.16666666666666657,0.16666666666666657
58,58.0,58.0,0.16666666666666657,0.16666666666666657,0.16666666666666657,0.16666666666666657,0.16666666666666657,0.16666666666666657
59,59.0,59.0,0.16666666666666657,0.16666666666666657,0.16666666666666657,0.16666666666666657,0.16666666666666657,0.16666666666666657
60,60.0,60.0,0.16666666666666657,0.16666666666666657,0.16666666666666657,0.16666666666666657,0.16666666666666657,0.16666666666666657
61,61.0,61.0,0.16666666666666657,0.16666666666666657,0.16666666666666657,0.16666666666666657,0.16666666666666657,0.16666666666666657
62,62.0,62.0,0.16666666666666657,0.16666666666666657,0.16666666666666657,0.16666666666666657,0.16666666666666657,0.16666666666666657
63,63.0,63.0,0.16666666666666657,0.16666666666666657,0.16666666666666657,0.16666666666666657,0.16666666666666657,0.16666666666666657
64,64.0,64.0,0.16666666666666657,0.16666666666666657,0.16666666666666657,0.16666666666666657,0.16666666666666657,0.16666666666666657
65,65.0,65.0,0.16666666666666657,0.16666666666666657,0.16666666666666657,0.16666666666666657,0.16666666666666657,0.16666666666666657
66,66.0,66.0,0.16666666666666657,0.16666666666666657,0.16666666666666657,0.16666666666666657,0.16666666666666657,0.16666666666666657
67,67.0,67.2,0.16666666666666657,0.16666666666666657,0.16666666666666657,0.16666666666666657,0.16666666666666657,0.16666666666666657
68,68.0,68.2,0.16666666666666657,0.16666666666666657,0.16666666666666657,0.16666666666666657,0.16666666666666657,0.16666666666666657
69,69.0,69.2,0.16666666666666657,0.16666666666666657,0.16666666666666657,0.16666666666666657,0.16666666666666657,0.16666666666666657
70,70.0,70.2,0.16666666666666657,0.16666666666666657,0.16666666666666657,0.16666666666666657,0.16666666666666657,0.16666666666666657
71,71.0,71.2,0.16666666666666657,0.16666666666666657,0.16666666666666657,0.16666666666666657,0.16666666666666657,0.16666666666666657
72,72.0,72.2,0.16666666666666657,0.16666666666666657,0.16666666666666657,0.16666666666666657,0.16666666666666657,0.16666666666666657
73,73.0,73.2,0.16666666666666657,0.16666666666666657,0.16666666666666657,0.16666666666666657,0.16666666666666657,0.16666666666666657
74,74.0,74.3,0.16666666666666657,0.16666666666666657,0.16666666666666657,0.16666666666666657,0.16666666666666657,0.16666666666666657
75,75.0,75.3,0.16666666666666657,0.16666666666666657,0.16666666666666657,0.16666666666666657,0.16666666666666657,0.16666666666666657
76,76.0,76.4,0.16666666666666657,0.16666666666666657,0.16666666666666657,0.16666666666666657,0.16666666666666657,0.16666666666666657
77,77.0,77.4,0.16666666666666657,0.16666666666666657,0.16666666666666657,0.16666666666666657,0.16666666666666657,0.16666666666666657
78,78.0,78.4,0.16666666666666657,0.16666666666666657,0.16666666666666657,0.16666666666666657,0.16666666666666657,0.16666666666666657
79,79.0,79.4,0.16666666666666657,0.16666666666666657,0.16666666666666657,0.16666666666666657,0.16666666666666657,0.16666666666666657
80,80.0,80.4,0.16666666666666657,0.16666666666666657,0.16666666666666657,0.16666666666666657,0.16666666666666657,0.16666666666666657
81,81.0,81.4,0.16666666666666657,0.16666666666666657,0.16666666666666657,0.16666666666666657,0.16666666666666657,0.16666666666666657
82,82.0,82.4,0.16666666666666657,0.16666666666666657,0.16666666666666657,0.16666666666666657,0.16666666666666657,0.16666666666666657
83,83.0,83.4,0.16666666666666657,0.16666666666666657,0.16666666666666657,0.16666666666666657,0.16666666666666657,0.16666666666666657
84,84.0,84.4,0.16666666666666657,0.16666666666666657,0.16666666666666657,0.16666666666666657,0.16666666666666657,0.16666666666666657
85,85.0,85.4,0.16666666666666657,0.16666666666666657,0.16666666666666657,0.16666666666666657,0.16666666666666657,0.16666666666666657
86,86.0,86.4,0.16666666666666657,0.16666666666666657,0.16666666666666657,0.16666666666666657,0.16666666666666657,0.16666666666666657
87,87.0,87.5,0.16666666666666657,0.16666666666666657,0.16666666666666657,0.16666666666666657,0.16666666666666657,0.16666666666666657
88,88.0,88.5,0.16666666666666657,0.16666666666666657,0.16666666666666657,0.16666666666666657,0.16666666666666657,0.16666666666666657
89,89.0,89.5,0.16666666666666657,0.16666666666666657,0.16666666666666657,0.16666666666666657,0.16666666666666657,0.16666666666666657
90,90.0,90.5,0.16666666666666657,0.16666666666666657,0.16666666666666657,0.16666666666666657,0.16666666666666657,0.16666666666666657
91,91.0,91.5,0.16666666666666657,0.16666666666666657,0.16666666666666657,0.16666666666666657,0.16666666666666657,0.16666666666666657
92,92.0,92.5,0.16666666666666657,0.16666666666666657,0.16666666666666657,0.16666666666666657,0.16666666666666657,0.16666666666666657
93,93.0,93.5,0.16666666666666657,0.16666666666666657,0.16666666666666657,0.16666666666666657,0.16666666666666657,0.16666666666666657
94,94.0,94.5,0.16666666666666657,0.16666666666666657,0.16666666666666657,0.16666666666666657,0.16666666666666657,0.16666666666666657
95,95.0,95.5,0.16666666666666657,0.16666666666666657,0.16666666666666657,0.16666666666666657,0.16666666666666657,0.16666666666666657
96,96.0,96.5,0.16666666666666657,0.16666666666666657,0.16666666666666657,0.16666666666666657,0.16666666666666657,0.16666666666666657
97,97.0,97.5,0.16666666666666657,0.16666666666666657,0.16666666666666657,0.16666666666666657,0.16666666666666657,0.16666666666666657
98,98.0,98.5,0.16666666666666657,0.16666666666666657,0.16666666666666657,0.16666666666666657,0.16666666666666657,0.16666666666666657
99,99.0,99.6,0.16666666666666657,0.16666666666666657,0.16666666666666657,0.16666666666666657,0.16666666666666657,0.16666666666666657
100,100.0,100.6,0.16666666666666657,0.16666666666666657,0.16666666666666657,0.16666666666666657,0.16666666666666657,0.16666666666666657
101,101.0,101.6,0.16666666666666657,0.16666666666666657,0.16666666666666657,0.16666666666666657,0.16666666666666657,0.16666666666666657
102,102.0,102.6,0.16666666666666657,0.16666666666666657,0.16666666666666657,0.16666666666666657,0.16666666666666657,0.16666666666666657
103,103.0,103.6,0.16666666666666657,0.16666666666666657,0.16666666666666657,0.16666666666666657,0.16666666666666657,0.16666666666666657
104,104.0,104.6,0.16666666666666657,0.16666666666666657,0.16666666666666657,0.16666666666666657,0.16666666666666657,0.16666666666666657
105,105.0,105.6,0.16666666666666657,0.16666666666666657,0.16666666666666657,0.16666666666666657,0.16666666666666657,0.16666666666666657
106,106.0,106.6,0.16666666666666657,0.16666666666666657,0.16666666666666657,0.16666666666666657,0.16666666666666657,0.16666666666666657
107,107.0,107.6,0.16666666666666657,0.16666666666666657,0.16666666666666657,0.16666666666666657,0.16666666666666657,0.16666666666666657
108,108.0,108.6,0.16666666666666657,0.16666666666666657,0.16666666666666657,0.16666666666666657,0.16666666666666657,0.16666666666666657
109,109.0,109.6,0.16666666666666657,0.16666666666666657,0.16666666666666657,0.16666666666666657,0.16666666666666657,0.16666666666666657
110,110.0,110.6,0.16666666666666657,0.16666666666666657,0.16666666666666657,0.16666666666666657,0.16666666666666657,0.16666666666666657
111,111.0,111.6,0.16666666666666657,0.16666666666666657,0.16666666666666657,0.16666666666666657,0.16666666666666657,0.16666666666666657
112,112.0,112.6,0.16666666666666657,0.16666666666666657,0.16666666666666657,0.16666666666666657,0.16666666666666657,0.16666666666666657
113,113.0,113.6,0.16666666666666657,0.16666666666666657,0.16666666666666657,0.16666666666666657,0.16666666666666657,0.16666666666666657
114,114.0,114.6,0.16666666666666657,0.16666666666666657,0.16666666666666657,0.16666666666666657,0.16666666666666657,0.16666666666666657
115,115.0,115.6,0.16666666666666657,0.16666666666666657,0.16666666666666657,0.16666666666666657,0.16666666666666657,0.16666666666666657
116,116.0,116.6,0.16666666666666657,0.16666666666666657,0.16666666666666657,0.16666666666666657,0.16666666666666657,0.16666666666666657
117,117.0,117.6,0.16666666666666657,0.16666666666666657,0.16666666666666657,0.16666666666666657,0.16666666666666657,0.16666666666666657
118,118.0,118.6,0.16666666666666657,0.16666666666666657,0.16666666666666657,0.16666666666666657,0.16666666666666657,0.16666666666666657
119,119.0,119.6,0.16666666666666657,0.16666666666666657,0.16666666666666657,0.16666666666666657,0.16666666666666657,0.16666666666666657
120,120.0,120.6,0.16666666666666657,0.16666666666666657,0.16666666666666657,0.16666666666666657,0.16666666666666657,0.16666666666666657
121,121.0,121.6,0.16666666666666657,0.16666666666666657,0.16666666666666657,0.16666666666666657,0.16666666666666657,0.16666666666666657
122,122.0,122.6,0.16666666666666657,0.16666666666666657,0.16666666666666657,0.16666666666666657,0.16666666666666657,0.16666666666666657
123,123.0,123.6,0.16666666666666657,0.16666666666666657,0.16666666666666657,0.16666666666666657,0.16666666666666657,0.16666666666666657
124,124.0,124.6,0.16666666666666657,0.16666666666666657,0.16666666666666657,0.16666666666666657,0.16666666666666657,0.16666666666666657
125,125.0,125.6,0.16666666666666657,0.16666666666666657,0.16666666666666657,0.16666666666666657,0.16666666666666657,0.16666666666666657
126,126.0,126.6,0.16666666666666657,0.16666666666666657,0.16666666666666657,0.16666666666666657,0.16666666666666657,0.16666666666666657
127,127.0,127.6,0.16666666666666657,0.16666666666666657,0.16666666666666657,0.16666666666666657,0.16666666666666657,0.16666666666666657
128,128.0,128.6,0.16666666666666657,0.16666666666666657,0.16666666666666657,0.16666666666666657,0.16666666666666657,0.16666666666666657
129,129.0,129.6,0.16666666666666657,0.16666666666666657,0.16666666666666657,0.16666666666666657,0.16666666666666657,0.16666666666666657
130,130.0,130.6,0.16666666666666657,0.16666666666666657,0.16666666666666657,0.16666666666666657,0.16666666666666657,0.16666666666666657
131,131.0,131.7,0.16666666666666657,0.16666666666666657,0.16666666666666657,0.16666666666666657,0.16666666666666657,0.16666666666666657
132,132.0,132.7,0.16666666666666657,0.16666666666666657,0.16666666666666657,0.16666666666666657,0.16666666666666657,0.16666666666666657
133,133.0,133.8,0.16666666666666657,0.16666666666666657,0.16666666666666657,0.16666666666666657,0.16666666666666657,0.16666666666666657
134,134.0,134.8,0.16666666666666657,0.16666666666666657,0.16666666666666657,0.16666666666666657,0.16666666666666657,0.16666666666666657
135,135.0,135.8,0.16666666666666657,0.16666666666666657,0.16666666666666657,0.16666666666666657,0.16666666666666657,0.16666666666666657
136,136.0,136.8,0.16666666666666657,0.16666666666666657,0.16666666666666657,0.16666666666666657,0.16666666666666657,0.16666666666666657
137,137.0,137.8,0.16666666666666657,0.16666666666666657,0.16666666666666657,0.16666666666666657,0.16666666666666657,0.16666666666666657
138,138.0,138.8,0.16666666666666657,0.16666666666666657,0.16666666666666657,0.16666666666666657,0.16666666666666657,0.16666666666666657
139,139.0,139.8,0.16666666666666657,0.16666666666666657,0.16666666666666657,0.16666666666666657,0.16666666666666657,0.16666666666666657
140,140.0,140.8,0.16666666666666657,0.16666666666666657,0.16666666666666657,0.16666666666666657,0.16666666666666657,0.16666666666666657
141,141.0,141.8,0.16666666666666657,0.16666666666666657,0.16666666666666657,0.16666666666666657,0.16666666666666657,0.16666666666666657
142,142.0,142.8,0.16666666666666657,0.16666666666666657,0.16666666666666657,0.16666666666666657,0.16666666666666657,0.16666666666666657
143,143.0,143.8,0.16666666666666657,0.16666666666666657,0.16666666666666657,0.16666666666666657,0.16666666666666657,0.16666666666666657
144,144.0,144.8,0.16666666666666657,0.16666666666666657,0.16666666666666657,0.16666666666666657,0.16666666666666657,0.16666666666666657
145,145.0,145.8,0.16666666666666657,0.16666666666666657,0.16666666666666657,0.16666666666666657,0.16666666666666657,0.16666666666666657
146,146.0,146.8,0.16666666666666657,0.16666666666666657,0.16666666666666657,0.16666666666666657,0.16666666666666657,0.16666666666666657
147,147.0,147.8,0.16666666666666657,0.16666666666666657,0.16666666666666657,0.16666666666666657,0.16666666666666657,0.16666666666666657
148,148.0,148.9,0.16666666666666657,0.16666666666666657,0.16666666666666657,0.16666666666666657,0.16666666666666657,0.16666666666666657
149,149.0,149.9,0.16666666666666657,0.16666666666666657,0.16666666666666657,0.16666666666666657,0.16666666666666657,0.16666666666666657
150,150.0,150.9,0.16666666666666657,0.16666666666666657,0.16666666666666657,0.16666666666666657,0.16666666666666657,0.16666666666666657
151,151.0,151.9,0.16666666666666657,0.16666666666666657,0.16666666666666657,0.16666666666666657,0.16666666666666657,0.16666666666666657
152,152.0,152.9,0.16666666666666657,0.16666666666666657,0.16666666666666657,0.16666666666666657,0.16666666666666657,0.16666666666666657
153,153.0,153.9,0.16666666666666657,0.16666666666666657,0.16666666666666657,0.16666666666666657,0.16666666666666657,0.16666666666666657
154,154.0,154.9,0.16666666666666657,0.16666666666666657,0.16666666666666657,0.16666666666666657,0.16666666666666657,0.16666666666666657
155,155.0,155.9,0.16666666666666657,0.16666666666666657,0.16666666666666657,0.16666666666666657,0.16666666666666657,0.16666666666666657
156,156.0,156.9,0.16666666666666657,0.16666666666666657,0.16666666666666657,0.16666666666666657,0.16666666666666657,0.16666666666666657
157,157.0,157.9,0.16666666666666657,0.16666666666666657,0.16666666666666657,0.16666666666666657,0.16666666666666657,0.16666666666666657
158,158.0,158.9,0.16666666666666657,0.16666666666666657,0.16666666666666657,0.16666666666666657,0.16666666666666657,0.16666666666666657
159,159.0,159.9,0.16666666666666657,0.16666666666666657,0.16666666666666657,0.16666666666666657,0.16666666666666657,0.16666666666666657
160,160.0,160.9,0.16666666666666657,0.16666666666666657,0.16666666666666657,0.16666666666666657,0.16666666666666657,0.16666666666666657
161,161.0,161.9,0.16666666666666657,0.16666666666666657,0.16666666666666657,0.16666666666666657,0.16666666666666657,0.16666666666666657
162,162.0,162.9,0.16666666666666657,0.16666666666666657,0.16666666666666657,0.16666666666666657,0.16666666666666657,0.16666666666666657
163,163.0,163.9,0.16666666666666657,0.16666666666666657,0.16666666666666657,0.16666666666666657,0.16666666666666657,0.16666666666666657
164,164.0,164.9,0.16666666666666657,0.16666666666666657,0.16666666666666657,0.16666666666666657,0.16666666666666657,0.16666666666666657
165,165.0,165.9,0.16666666666666657,0.16666666666666657,0.16666666666666657,0.16666666666666657,0.16666666666666657,0.16666666666666657
166,166.0,166.9,0.16666666666666657,0.16666666666666657,0.16666666666666657,0.16666666666666657,0.16666666666666657,0.16666666666666657
167,167.0,167.9,0.16666666666666657,0.16666666666666657,0.16666666666666657,0.16666666666666657,0.16666666666666657,0.16666666666666657
168,168.0,168.9,0.16666666666666657,0.16666666666666657,0.16666666666666657,0.16666666666666657,0.16666666666666657,0.16666666666666657
169,169.0,169.9,0.16666666666666657,0.16666666666666657,0.16666666666666657,0.16666666666666657,0.16666666666666657,0.16666666666666657
170,170.0,170.9,0.16666666666666657,0.16666666666666657,0.16666666666666657,0.16666666666666657,0.16666666666666657,0.16666666666666657
171,171.0,171.9,0.16666666666666657,0.16666666666666657,0.16666666666666657,0.16666666666666657,0.16666666666666657,0.16666666666666657
172,172.0,172.9,0.16666666666666657,0.16666666666666657,0.16666666666666657,0.16666666666666657,0.16666666666666657,0.16666666666666657
173,173.0,173.9,0.16666666666666657,0.16666666666666657,0.16666666666666657,0.16666666666666657,0.16666666666666657,0.16666666666666657
174,174.0,174.9,0.16666666666666657,0.16666666666666657,0.16666666666666657,0.16666666666666657,0.16666666666666657,0.16666666666666657
175,175.0,175.9,0.16666666666666657,0.16666666666666657,0.16666666666666657,0.16666666666666657,0.16666666666666657,0.16666666666666657
176,176.0,176.9,0.16666666666666657,0.16666666666666657,0.16666666666666657,0.16666666666666657,0.16666666666666657,0.16666666666666657
177,177.0,177.9,0.16666666666666657,0.16666666666666657,0.16666666666666657,0.16666666666666657,0.16666666666666657,0.16666666666666657
178,178.0,178.9,0.16666666666666657,0.16666666666666657,0.16666666666666657,0.16666666666666657,0.16666666666666657,0.16666666666666657
179,179.0,179.9,0.16666666666666657,0.16666666666666657,0.16666666666666657,0.16666666666666657,0.16666666666666657,0.16666666666666657
180,180.0,180.9,0.16666666666666657,0.16666666666666657,0.16666666666666657,0.16666666666666657,0.16666666666666657,0.16666666666666657
181,181.0,181.9,0.16666666666666657,0.16666666666666657,0.16666666666666657,0.16666666666666657,0.16666666666666657,0.16666666666666657
182,182.0,182.9,0.16666666666666657,0.16666666666666657,0.16666666666666657,0.16666666666666657,0.16666666666666657,0.16666666666666657
183,183.0,183.9,0.16666666666666657,0.16666666666666657,0.16666666666666657,0.16666666666666657,0.16666666666666657,0.16666666666666657
184,184.0,184.9,0.16666666666666657,0.16666666666666657,0.16666666666666657,0.16666666666666657,0.16666666666666657,0.16666666666666657
185,185.0,185.9,0.16666666666666657,0.16666666666666657,0.16666666666666657,0.16666666666666657,0.16666666666666657,0.16666666666666657
186,186.0,186.9,0.16666666666666657,0.16666666666666657,0.16666666666666657,0.16666666666666657,0.16666666666666657,0.16666666666666657
187,187.0,187.9,0.16666666666666657,0.16666666666666657,0.16666666666666657,0.16666666666666657,0.16666666666666657,0.16666666666666657
188,188.0,188.9,0.16666666666666657,0.16666666666666657,0.16666666666666657,0.16666666666666657,0.16666666666666657,0.16666666666666657
189,189.0,189.9,0.16666666666666657,0.16666666666666657,0.16666666666666657,0.16666666666666657,0.16666666666666657,0.16666666666666657
190,190.0,190.9,0.16666666666666657,0.16666666666666657,0.16666666666666657,0.16666666666666657,0.16666666666666657,0.16666666666666657
191,191.0,191.9,0.16666666666666657,0.16666666666666657,0.16666666666666657,0.16666666666666657,0.16666666666666657,0.16666666666666657
192,192.0,192.9,0.16666666666666657,0.16666666666666657,0.16666666666666657,0.16666666666666657,0.16666666666666657,0.16666666666666657
193,193.0,193.9,0.16666666666666657,0.16666666666666657,0.16666666666666657,0.16666666666666657,0.16666666666666657,0.16666666666666657
194,194.0,194.9,0.16666666666666657,0.16666666666666657,0.16666666666666657,0.16666666666666657,0.16666666666666657,0.16666666666666657
195,195.0,195.9,0.16666666666666657,0.16666666666666657,0.16666666666666657,0.16666666666666657,0.16666666666666657,0.16666666666666657
196,196.0,196.9,0.16666666666666657,0.16666666666666657,0.16666666666666657,0.16666666666666657,0.16666666666666657,0.16666666666666657
197,197.0,197.9,0.16666666666666657,0.16666666666666657,0.16666666666666657,0.16666666666666657,0.16666666666666657,0.16666666666666657
198,198.0,199.0,0.14483565794972197,0.20845095708953387,0.19532859854320386,0.15089773623351826,0.14574371425281754,0.1547433359312041
199,199.0,200.0,0.1351253149657712,0.20843770961314237,0.2427251284697777,0.1292716477900432,0.14241314402943828,0.14202705513182695
200,200.0,201.0,0.10347954714302747,0.2117494308680093,0.2860217773103096,0.11269881662567391,0.13241393744958826,0.1536364906033913
201,201.0,202.0,0.10420725062400785,0.2097177186172349,0.28821735022803796,0.11002066662082918,0.13263360627862136,0.1552034076312686
202,202.0,203.0,0.10421812824145985,0.20957797662144415,0.2862696648673937,0.11021726585511826,0.1330656557446165,0.1566513086699674
203,203.0,204.0,0.10521980087177048,0.20951921334222265,0.28586773613083066,0.11124367825333534,0.1324277806709053,0.15572179073093545
204,204.0,205.0,0.10655492498053609,0.209936249585557,0.2853394240180446,0.11065200633432024,0.13372428871608874,0.15379310636545312
205,205.0,206.0,0.10483651127922107,0.20853992375997957,0.28376293004137426,0.11341799142133616,0.13447334384465257,0.1549692996534362
206,206.0,207.0,0.10544554276399296,0.20905763312365208,0.2842793761743362,0.1139941469089036,0.13448491234378215,0.15273838868533288
207,207.0,208.0,0.10543948043774651,0.20826110634690695,0.2857756282302978,0.11547763789930891,0.1317510985798655,0.1532950485058742
208,208.0,209.0,0.10543298915000858,0.21014703701315396,0.2856467966890429,0.1156062400861195,0.12952639519295564,0.15364054186871928
209,209.0,210.0,0.10467518844125605,0.20810033288119384,0.2861616269774144,0.11783343673122745,0.12941097782253394,0.15381843714637417
210,210.0,211.0,0.10589640579642387,0.2035410788740184,0.2900146201814302,0.11720626279108318,0.12982360245026614,0.15351802990677804
211,211.0,212.0,0.10610182535870202,0.2012380483589009,0.2886363473311417,0.11792284684877183,0.13181395028229473,0.15428698182018866
212,212.0,213.0,0.10660103271548149,0.2018515349392635,0.2902757182820762,0.11329857005973021,0.13212366628358432,0.15584947771986415
213,213.0,214.0,0.10764265585413457,0.20384496348499,0.28946898288087275,0.11459858059545522,0.12827669739653116,0.15616811978801604
214,214.0,215.0,0.10846880032484071,0.2034426453999086,0.288621881860448,0.11268972639847046,0.1296287199357989,0.1571482260805332
215,215.0,216.0,0.10985690624242847,0.20262593561896441,0.2885632104765759,0.11355122987067472,0.1299514061853932,0.15545131160596323
216,216.0,217.0,0.11201557788724884,0.19851032431989687,0.2888325000889196,0.11530365413578303,0.12881665279472307,0.1565212907734285
217,217.0,218.0,0.11367641730377172,0.1968242745268424,0.29133620607151595,0.1119416507265513,0.128482661789966,0.15773878958135246
218,218.0,219.0,0.11574649352588491,0.19948075802318038,0.29207057175116785,0.11097913502328285,0.1288017209511531,0.15292132072533077
219,219.0,220.0,0.11304593589917704,0.19933951143099388,0.29137617370689944,0.1120346995967455,0.13003053401814993,0.15417314534803417
220,220.0,221.0,0.11457500682473551,0.19963097419322132,0.29132682752976985,0.1103357187484049,0.13185021281961545,0.15228125988425276
221,221.0,222.0,0.11447898783526926,0.19760933418249454,0.2905279320172457,0.11218265496890571,0.13236854030821726,0.15283255068786744
222,222.0,223.0,0.1146678340509963,0.19874952287880232,0.2887274251481685,0.11321787685497826,0.13163970788937604,0.1529976331776785
223,223.0,224.0,0.11525782981675776,0.19895861783116067,0.2902823090038594,0.11251938788614206,0.12861463066848516,0.15436722479359483
224,224.0,225.0,0.11268428709874512,0.19973570681884373,0.28999207412903616,0.11339238396084564,0.12841436524677344,0.1557811827457558
225,225.0,226.0,0.11330049564904235,0.20171866328141705,0.2871184836358437,0.11113237929921485,0.12941493713544458,0.15731504099903745
226,226.0,227.0,0.11283524435799766,0.20295460449865618,0.28993930167153126,0.10836447917164263,0.1282237458588607,0.15768262444131134
227,227.0,228.0,0.1128790310797553,0.20431758617611506,0.28735053746604367,0.10823677999057497,0.1283093080951054,0.15890675719240543
228,228.0,229.0,0.11337795212643129,0.20667048218843526,0.2852358764389503,0.10613220823746239,0.12902479102784242,0.15955868998087813
229,229.0,230.0,0.11396170347014038,0.20632527567780284,0.28428566725728277,0.10967251789275065,0.12751595197063284,0.15823888373139028
230,230.0,231.0,0.11494594371506835,0.20168375085208412,0.2863372561118769,0.10955518528144585,0.12857617473746857,0.15890168930205603
231,231.0,232.0,0.11002347418191663,0.20601247230040315,0.28542346808700036,0.11065173561001658,0.12814518311329975,0.15974366670736334
232,232.0,233.0,0.10986664966738399,0.20724784471590957,0.2870027161200084,0.11050812155569952,0.12774726821976962,0.15762739972122883
233,233.0,234.0,0.11054691704086335,0.20902682653171833,0.28449431221496096,0.10951779755536986,0.12784411061906595,0.15857003603802144
234,234.0,235.0,0.11121217884455523,0.20898644226807983,0.2831515036833573,0.1096536887668526,0.1292552634226757,0.15774092301447928
235,235.0,236.0,0.1140628680949937,0.20717232825051396,0.279583662549514,0.11235168825618516,0.12903949799333989,0.1577899548554531
236,236.0,237.0,0.11496145647446696,0.20811687973368143,0.27661853733983477,0.11235848868723264,0.13029843041240807,0.15764620735237597
237,237.0,238.0,0.11682856170185463,0.20626475461956212,0.2745053885817818,0.11130534100485949,0.1318693509063235,0.15922660318561832
238,238.0,239.0,0.11672148042245933,0.20622177806649775,0.27209050935580803,0.11182375472644039,0.1332220634259984,0.15992041400279586
239,239.0,240.0,0.11808765408491333,0.2113252160646423,0.273423843249419,0.11295522324342762,0.12480160517265462,0.15940645818494317
240,240.0,241.0,0.1182913365760688,0.2099703303507517,0.2745972593811018,0.11013669057430997,0.12480940665905016,0.1621949764587175
241,241.0,242.0,0.11798028313297115,0.20992834761294743,0.27507746955698503,0.10896867732654862,0.12554087685723975,0.1625043455133078
242,242.0,243.0,0.11913182108031559,0.20989075850927477,0.27818779414122713,0.10951008954130828,0.12038851624350336,0.1628910204843707
243,243.0,244.0,0.12023414912154606,0.20855700554683115,0.2785288045287014,0.11038508242250822,0.12022924433408189,0.1620657140463313
244,244.0,245.0,0.11938528487169449,0.2080575152322161,0.282342982942677,0.11093541793838387,0.11518682879693978,0.16409197021808863
245,245.0,246.0,0.11922268848867021,0.2082828157945292,0.28738734950865846,0.11146111193506023,0.11335402047932139,0.16029201379376035
246,246.0,247.0,0.12060126432840457,0.20568670507803075,0.2874042094942443,0.11253557548876283,0.11230463425903006,0.16146761135152737
247,247.0,248.0,0.11991376666561668,0.20720964685340176,0.2871268929118659,0.11300377089341196,0.11241490817683428,0.1603310144988693
248,248.0,249.0,0.11795356362712857,0.20829038342995201,0.2857872639804434,0.11306322336655594,0.11274434192331381,0.16216122367260616
249,249.0,250.0,0.11922565114608782,0.20959363514379273,0.28825909450028836,0.1136391135903954,0.11273088330079521,0.1565516223186403
250,250.0,251.0,0.11890608172215675,0.20956377512308105,0.2882392133094228,0.11299866921370305,0.1126753029168257,0.15761695771481052
251,251.0,252.0,0.12291499562473589,0.2082498985302937,0.28484716396925636,0.11335782313427241,0.11280764191861929,0.1578224768228223
252,252.0,253.0,0.12609432101725226,0.20778738278470713,0.2810552389303865,0.11358520053762447,0.11318325849908659,0.158294598230943
253,253.0,254.0,0.1247647075580727,0.21114252068379386,0.2789679866333919,0.11406666550815481,0.11138769792194489,0.15967042169464168
254,254.0,255.0,0.12733243941365202,0.20755969637853008,0.27609451755850084,0.1145899641637504,0.11703545149028441,0.15738793099528206
255,255.0,256.0,0.12867090105094045,0.20582096927271412,0.2752434096935752,0.11573217951442427,0.11761923015446667,0.1569133103138792
256,256.0,257.0,0.12802042243366268,0.20870076537107568,0.2732544332230259,0.11552776178467619,0.11804305575233705,0.15645356143522243
257,257.0,258.0,0.12784873534280494,0.20549290978223186,0.2759018792062934,0.11523788932464858,0.11865645683225375,0.15686212951176745
258,258.0,259.0,0.13271805403200004,0.21000644977573715,0.2634159486583545,0.11763055336369699,0.11855734059678161,0.15767165357342963
259,259.0,260.0,0.1331867414670485,0.20940831270750584,0.2637338816820419,0.11819907187933325,0.11850884818397942,0.15696314408009085
260,260.0,261.0,0.13386790617300062,0.206039239710521,0.26365442458795196,0.11807803318891134,0.11942432079005724,0.15893607554955774
261,261.0,262.0,0.13463567017097944,0.2064167970608543,0.26243079613123677,0.11999228013637135,0.11766384285781725,0.1588606136427408
262,262.0,263.0,0.13422888025731733,0.2054857552007526,0.26292556410698886,0.1212491419430551,0.11807166956037667,0.1580389889315094
263,263.0,264.0,0.13345132061294887,0.20788685242034116,0.2637111455487294,0.12032996758652051,0.1183540952375132,0.15626661859394683
264,264.0,265.0,0.13411222902079847,0.20786614266397524,0.25994004882312016,0.12125279947879727,0.11942631478997826,0.1574024652233304
265,265.0,266.0,0.1298487053192241,0.207280893368395,0.262826245072775,0.11890420813843842,0.12168129154122051,0.15945865655994673
266,266.0,267.0,0.1319244103292087,0.2080652043710698,0.25894226055167247,0.11914213227580454,0.12205789711997583,0.1598680953522686
267,267.0,268.0,0.1326898316722406,0.20790258206179293,0.25981723080303054,0.11670209700431429,0.12245121068605494,0.1604370477725666
268,268.0,269.0,0.12982204408489836,0.21033583705787975,0.2576235159339385,0.1170021719742996,0.12384677243442951,0.1613696585145541
269,269.0,270.0,0.127353162921111,0.21163451322140142,0.2572319980371391,0.11712723896063124,0.12497205470783343,0.16168103215188365
270,270.0,271.0,0.12305093474454096,0.20940972094421925,0.2637928841502106,0.11846323940421377,0.11933499114721466,0.16594822960960057
271,271.0,272.0,0.12371218642346218,0.21070066011650593,0.26330581070581377,0.11924175619384261,0.1203018430629302,0.1627377434974451
272,272.0,273.1,0.12403437270445945,0.21232331580902392,0.2602937721056483,0.11989177356345244,0.11994349992964429,0.16351326588777135
273,273.0,274.1,0.12356559428613598,0.21586702830860394,0.259283372291405,0.11993391721719578,0.11583422429759134,0.16551586359906775
274,274.0,275.1,0.1249321493569209,0.21667918374600528,0.2542967221086809,0.12064878234911325,0.11717112508887315,0.1662720373504064
275,275.0,276.1,0.1264324206183676,0.21489354719652157,0.2542385418809936,0.12044635346487578,0.1179263430879279,0.16606279375131347
276,276.0,277.1,0.12704690131747368,0.20984366880495214,0.25636748698544476,0.12166922794641921,0.11815964129590091,0.1669130736498092
277,277.0,278.1,0.1233280612815089,0.21408459966259863,0.2581091392176148,0.1200491706670237,0.11916272822079381,0.16526630095045994
278,278.0,279.1,0.12623847661937387,0.21815749700411652,0.261329446964434,0.11881527745252798,0.12038498313002288,0.15507431882952455
279,279.0,280.1,0.1271090912542363,0.2162716295199542,0.2617955604221399,0.1187264186157464,0.12080018192852823,0.15529711825939482
280,280.0,281.1,0.12826336142513597,0.218225008177413,0.2540313582598274,0.12002736805647643,0.1217822442498879,0.15767065983125908
281,281.0,282.1,0.12927831570502418,0.21730633609999517,0.2567282414610028,0.11947784995212248,0.12402341692863991,0.15318583985321524
282,282.0,283.1,0.12978157265901152,0.21381898425966747,0.259028067980945,0.12439356387019518,0.12520494093907686,0.14777287029110373
283,283.0,284.1,0.1301855547462611,0.22186583591194636,0.2511847732895775,0.12954732536735994,0.1278439347485757,0.13937257593627925
284,284.0,285.1,0.12300733951755927,0.22010891481751765,0.24967740487621146,0.13503095767282397,0.13106227270664647,0.14111311040924096
285,285.0,286.1,0.12385283930080401,0.2236929599442071,0.24974992832766268,0.13595055352083754,0.1288212797768288,0.13793243912965966
286,286.0,287.1,0.12586433920096246,0.22586791473726642,0.24939275418343368,0.13672963436571284,0.12284901370076695,0.13929634381185743
287,287.0,288.1,0.12613964093011049,0.22246595004849756,0.2521632335855449,0.13704220863259917,0.12336690167274947,0.1388220651304983
288,288.0,289.1,0.1261384311726,0.2218964385925392,0.2533329365020572,0.13778082050821694,0.12258921562943374,0.1382621575951528
289,289.0,290.1,0.1264055897066238,0.21764901479996795,0.256801040805722,0.13797261841957217,0.12290647278332226,0.13826526348479165
290,290.0,291.1,0.12853803857877655,0.2202644478154562,0.25708255120103707,0.1410957886223148,0.1161832781165181,0.13683589566589724
291,291.0,292.1,0.12845572073579553,0.22031791167347975,0.25665926616231544,0.14219390253720213,0.11682443762753088,0.13554876126367613
292,292.0,293.1,0.11618846112874362,0.22169389032437473,0.2627845795081839,0.14528046037649,0.11852476640548915,0.1355278422567184
293,293.0,294.1,0.11636133305378973,0.2229121667894976,0.26349216699575767,0.15351262084267434,0.12156851045142866,0.1221532018668519
294,294.0,295.1,0.11662260864749179,0.22224277445272583,0.26484953774546915,0.15302894757923657,0.12139878307628131,0.12185734849879529
295,295.0,296.1,0.11822421633419633,0.21179377932133442,0.27699980684885894,0.14898114366038578,0.12037536585381356,0.1236256879814108
296,296.0,297.1,0.11636449343212596,0.2094426566844596,0.2774019903060024,0.1501958438630186,0.1219002423804106,0.1246947733339828
