,Unnamed: 0,Total_iterations,Intertwine_two,Add_vertex,Delete_vertex,Invert_path_vertices,Insert_inside_vertex,Delete_inside_vertex
0,0.0,0.0,0.16666666666666657,0.16666666666666657,0.16666666666666657,0.16666666666666657,0.16666666666666657,0.16666666666666657
1,1.0,0.10900000000000001,0.16666666666666657,0.16666666666666657,0.16666666666666657,0.16666666666666657,0.16666666666666657,0.16666666666666657
2,2.0,0.31601,0.16666666666666657,0.16666666666666657,0.16666666666666657,0.16666666666666657,0.16666666666666657,0.16666666666666657
3,3.0,0.6191589000000001,0.16666666666666657,0.16666666666666657,0.16666666666666657,0.16666666666666657,0.16666666666666657,0.16666666666666657
4,4.0,1.015801321,0.16666666666666657,0.16666666666666657,0.16666666666666657,0.16666666666666657,0.16666666666666657,0.16666666666666657
5,5.0,1.50262148669,0.16666666666666657,0.16666666666666657,0.16666666666666657,0.16666666666666657,0.16666666666666657,0.16666666666666657
6,6.0,2.0757334209441005,0.16666666666666657,0.16666666666666657,0.16666666666666657,0.16666666666666657,0.16666666666666657,0.16666666666666657
7,7.0,2.7307768275633495,0.16666666666666657,0.16666666666666657,0.16666666666666657,0.16666666666666657,0.16666666666666657,0.16666666666666657
8,8.0,3.4630081252450404,0.16666666666666657,0.16666666666666657,0.16666666666666657,0.16666666666666657,0.16666666666666657,0.16666666666666657
9,9.0,4.2673862119061114,0.16666666666666657,0.16666666666666657,0.16666666666666657,0.16666666666666657,0.16666666666666657,0.16666666666666657
10,10.0,5.138652627782014,0.16666666666666657,0.16666666666666657,0.16666666666666657,0.16666666666666657,0.16666666666666657,0.16666666666666657
11,11.0,6.071405875792507,0.16666666666666657,0.16666666666666657,0.16666666666666657,0.16666666666666657,0.16666666666666657,0.16666666666666657
12,12.0,7.060169740244025,0.16666666666666657,0.16666666666666657,0.16666666666666657,0.16666666666666657,0.16666666666666657,0.16666666666666657
13,13.0,8.099455520847952,0.16666666666666657,0.16666666666666657,0.16666666666666657,0.16666666666666657,0.16666666666666657,0.16666666666666657
14,14.0,9.183818168183006,0.16666666666666657,0.16666666666666657,0.16666666666666657,0.16666666666666657,0.16666666666666657,0.16666666666666657
15,15.0,10.307906369102724,0.16666666666666657,0.16666666666666657,0.16666666666666657,0.16666666666666657,0.16666666666666657,0.16666666666666657
16,16.0,11.466506686239443,0.16666666666666657,0.16666666666666657,0.16666666666666657,0.16666666666666657,0.16666666666666657,0.16666666666666657
17,17.0,12.654581904800096,0.16666666666666657,0.16666666666666657,0.16666666666666657,0.16666666666666657,0.16666666666666657,0.16666666666666657
18,18.0,13.867303782456686,0.16666666666666657,0.16666666666666657,0.16666666666666657,0.16666666666666657,0.16666666666666657,0.16666666666666657
19,19.0,15.100080434523047,0.16666666666666657,0.16666666666666657,0.16666666666666657,0.16666666666666657,0.16666666666666657,0.16666666666666657
20,20.0,16.348578617037543,0.16666666666666657,0.16666666666666657,0.16666666666666657,0.16666666666666657,0.16666666666666657,0.16666666666666657
21,21.0,17.608741195130214,0.16666666666666657,0.16666666666666657,0.16666666666666657,0.16666666666666657,0.16666666666666657,0.16666666666666657
22,22.0,18.876800103462312,0.16666666666666657,0.16666666666666657,0.16666666666666657,0.16666666666666657,0.16666666666666657,0.16666666666666657
23,23.0,20.14928511992658,0.16666666666666657,0.16666666666666657,0.16666666666666657,0.16666666666666657,0.16666666666666657,0.16666666666666657
24,24.0,21.423028783545156,0.16666666666666657,0.16666666666666657,0.16666666666666657,0.16666666666666657,0.16666666666666657,0.16666666666666657
25,25.0,22.695167792966423,0.16666666666666657,0.16666666666666657,0.16666666666666657,0.16666666666666657,0.16666666666666657,0.16666666666666657
26,26.0,23.963141223515898,0.16666666666666657,0.16666666666666657,0.16666666666666657,0.16666666666666657,0.16666666666666657,0.16666666666666657
27,27.0,25.224685898775267,0.16666666666666657,0.16666666666666657,0.16666666666666657,0.16666666666666657,0.16666666666666657,0.16666666666666657
28,28.0,26.477829247520948,0.16666666666666657,0.16666666666666657,0.16666666666666657,0.16666666666666657,0.16666666666666657,0.16666666666666657
29,29.0,27.720879968916847,0.16666666666666657,0.16666666666666657,0.16666666666666657,0.16666666666666657,0.16666666666666657,0.16666666666666657
30,30.0,28.95241681848399,0.16666666666666657,0.16666666666666657,0.16666666666666657,0.16666666666666657,0.16666666666666657,0.16666666666666657
31,31.0,30.17127581490958,0.16666666666666657,0.16666666666666657,0.16666666666666657,0.16666666666666657,0.16666666666666657,0.16666666666666657
32,32.0,31.376536153543515,0.16666666666666657,0.16666666666666657,0.16666666666666657,0.16666666666666657,0.16666666666666657,0.16666666666666657
33,33.0,32.567505096778625,0.16666666666666657,0.16666666666666657,0.16666666666666657,0.16666666666666657,0.16666666666666657,0.16666666666666657
34,34.0,33.74370209472243,0.16666666666666657,0.16666666666666657,0.16666666666666657,0.16666666666666657,0.16666666666666657,0.16666666666666657
35,35.0,34.90484237192463,0.16666666666666657,0.16666666666666657,0.16666666666666657,0.16666666666666657,0.16666666666666657,0.16666666666666657
36,36.0,36.05082019768737,0.16666666666666657,0.16666666666666657,0.16666666666666657,0.16666666666666657,0.16666666666666657,0.16666666666666657
37,37.0,37.18169203889697,0.16666666666666657,0.16666666666666657,0.16666666666666657,0.16666666666666657,0.16666666666666657,0.16666666666666657
38,38.0,38.29765977559663,0.16666666666666657,0.16666666666666657,0.16666666666666657,0.16666666666666657,0.16666666666666657,0.16666666666666657
39,39.0,39.399054140870355,0.16666666666666657,0.16666666666666657,0.16666666666666657,0.16666666666666657,0.16666666666666657,0.16666666666666657
40,40.0,40.48631852820801,0.16666666666666657,0.16666666666666657,0.16666666666666657,0.16666666666666657,0.16666666666666657,0.16666666666666657
41,41.0,41.55999329152982,0.16666666666666657,0.16666666666666657,0.16666666666666657,0.16666666666666657,0.16666666666666657,0.16666666666666657
42,42.0,42.62070064560415,0.16666666666666657,0.16666666666666657,0.16666666666666657,0.16666666666666657,0.16666666666666657,0.16666666666666657
43,43.0,43.669130257815,0.16666666666666657,0.16666666666666657,0.16666666666666657,0.16666666666666657,0.16666666666666657,0.16666666666666657
44,44.0,44.70602560622662,0.16666666666666657,0.16666666666666657,0.16666666666666657,0.16666666666666657,0.16666666666666657,0.16666666666666657
45,45.0,45.73217116373481,0.16666666666666657,0.16666666666666657,0.16666666666666657,0.16666666666666657,0.16666666666666657,0.16666666666666657
46,46.0,46.748380453854836,0.16666666666666657,0.16666666666666657,0.16666666666666657,0.16666666666666657,0.16666666666666657,0.16666666666666657
47,47.0,47.755485010424316,0.16666666666666657,0.16666666666666657,0.16666666666666657,0.16666666666666657,0.16666666666666657,0.16666666666666657
48,48.0,48.7543242612326,0.16666666666666657,0.16666666666666657,0.16666666666666657,0.16666666666666657,0.16666666666666657,0.16666666666666657
49,49.0,49.745736344347726,0.16666666666666657,0.16666666666666657,0.16666666666666657,0.16666666666666657,0.16666666666666657,0.16666666666666657
50,50.0,50.730549855707864,0.16666666666666657,0.16666666666666657,0.16666666666666657,0.16666666666666657,0.16666666666666657,0.16666666666666657
51,51.0,51.70957651737491,0.16666666666666657,0.16666666666666657,0.16666666666666657,0.16666666666666657,0.16666666666666657,0.16666666666666657
52,52.0,52.68360474770151,0.16666666666666657,0.16666666666666657,0.16666666666666657,0.16666666666666657,0.16666666666666657,0.16666666666666657
53,53.0,53.65339410751842,0.16666666666666657,0.16666666666666657,0.16666666666666657,0.16666666666666657,0.16666666666666657,0.16666666666666657
54,54.0,54.61967059027847,0.16666666666666657,0.16666666666666657,0.16666666666666657,0.16666666666666657,0.16666666666666657,0.16666666666666657
55,55.0,55.58312271885972,0.16666666666666657,0.16666666666666657,0.16666666666666657,0.16666666666666657,0.16666666666666657,0.16666666666666657
56,56.0,56.544398407394254,0.16666666666666657,0.16666666666666657,0.16666666666666657,0.16666666666666657,0.16666666666666657,0.16666666666666657
57,57.0,57.504102543001395,0.16666666666666657,0.16666666666666657,0.16666666666666657,0.16666666666666657,0.16666666666666657,0.16666666666666657
58,58.0,58.462795239617805,0.16666666666666657,0.16666666666666657,0.16666666666666657,0.16666666666666657,0.16666666666666657,0.16666666666666657
59,59.0,59.42099071417639,0.16666666666666657,0.16666666666666657,0.16666666666666657,0.16666666666666657,0.16666666666666657,0.16666666666666657
60,60.0,60.379156734137354,0.16666666666666657,0.16666666666666657,0.16666666666666657,0.16666666666666657,0.16666666666666657,0.16666666666666657
61,61.0,61.337714584760846,0.16666666666666657,0.16666666666666657,0.16666666666666657,0.16666666666666657,0.16666666666666657,0.16666666666666657
62,62.0,62.29703950447439,0.16666666666666657,0.16666666666666657,0.16666666666666657,0.16666666666666657,0.16666666666666657,0.16666666666666657
63,63.0,63.257461537171835,0.16666666666666657,0.16666666666666657,0.16666666666666657,0.16666666666666657,0.16666666666666657,0.16666666666666657
64,64.0,64.21926675122782,0.16666666666666657,0.16666666666666657,0.16666666666666657,0.16666666666666657,0.16666666666666657,0.16666666666666657
65,65.0,65.18269877636592,0.16666666666666657,0.16666666666666657,0.16666666666666657,0.16666666666666657,0.16666666666666657,0.16666666666666657
66,66.0,66.14796061122655,0.16666666666666657,0.16666666666666657,0.16666666666666657,0.16666666666666657,0.16666666666666657,0.16666666666666657
67,67.0,67.13521665648886,0.16666666666666657,0.16666666666666657,0.16666666666666657,0.16666666666666657,0.16666666666666657,0.16666666666666657
68,68.0,68.12439493066005,0.16666666666666657,0.16666666666666657,0.16666666666666657,0.16666666666666657,0.16666666666666657,0.16666666666666657
69,69.0,69.1154114281075,0.16666666666666657,0.16666666666666657,0.16666666666666657,0.16666666666666657,0.16666666666666657,0.16666666666666657
70,70.0,70.10817216152915,0.16666666666666657,0.16666666666666657,0.16666666666666657,0.16666666666666657,0.16666666666666657,0.16666666666666657
71,71.0,71.10257509999335,0.16666666666666657,0.16666666666666657,0.16666666666666657,0.16666666666666657,0.16666666666666657,0.16666666666666657
72,72.0,72.09851199361118,0.16666666666666657,0.16666666666666657,0.16666666666666657,0.16666666666666657,0.16666666666666657,0.16666666666666657
73,73.0,73.09587007793112,0.16666666666666657,0.16666666666666657,0.16666666666666657,0.16666666666666657,0.16666666666666657,0.16666666666666657
74,74.0,74.10453365303977,0.16666666666666657,0.16666666666666657,0.16666666666666657,0.16666666666666657,0.16666666666666657,0.16666666666666657
75,75.0,75.11428553410714,0.16666666666666657,0.16666666666666657,0.16666666666666657,0.16666666666666657,0.16666666666666657,0.16666666666666657
76,76.0,76.1349193717267,0.16666666666666657,0.16666666666666657,0.16666666666666657,0.16666666666666657,0.16666666666666657,0.16666666666666657
77,77.0,77.15614063186703,0.16666666666666657,0.16666666666666657,0.16666666666666657,0.16666666666666657,0.16666666666666657,0.16666666666666657
78,78.0,78.17767835967467,0.16666666666666657,0.16666666666666657,0.16666666666666657,0.16666666666666657,0.16666666666666657,0.16666666666666657
79,79.0,79.1992855311048,0.16666666666666657,0.16666666666666657,0.16666666666666657,0.16666666666666657,0.16666666666666657,0.16666666666666657
80,80.0,80.22073913008087,0.16666666666666657,0.16666666666666657,0.16666666666666657,0.16666666666666657,0.16666666666666657,0.16666666666666657
81,81.0,81.24183997785853,0.16666666666666657,0.16666666666666657,0.16666666666666657,0.16666666666666657,0.16666666666666657,0.16666666666666657
82,82.0,82.26241234107984,0.16666666666666657,0.16666666666666657,0.16666666666666657,0.16666666666666657,0.16666666666666657,0.16666666666666657
83,83.0,83.28230334456822,0.16666666666666657,0.16666666666666657,0.16666666666666657,0.16666666666666657,0.16666666666666657,0.16666666666666657
84,84.0,84.30138221426208,0.16666666666666657,0.16666666666666657,0.16666666666666657,0.16666666666666657,0.16666666666666657,0.16666666666666657
85,85.0,85.31953937484394,0.16666666666666657,0.16666666666666657,0.16666666666666657,0.16666666666666657,0.16666666666666657,0.16666666666666657
86,86.0,86.33668542561917,0.16666666666666657,0.16666666666666657,0.16666666666666657,0.16666666666666657,0.16666666666666657,0.16666666666666657
87,87.0,87.36275001706068,0.16666666666666657,0.16666666666666657,0.16666666666666657,0.16666666666666657,0.16666666666666657,0.16666666666666657
88,88.0,88.38758064918743,0.16666666666666657,0.16666666666666657,0.16666666666666657,0.16666666666666657,0.16666666666666657,0.16666666666666657
89,89.0,89.41105241160963,0.16666666666666657,0.16666666666666657,0.16666666666666657,0.16666666666666657,0.16666666666666657,0.16666666666666657
90,90.0,90.43306647367352,0.16666666666666657,0.16666666666666657,0.16666666666666657,0.16666666666666657,0.16666666666666657,0.16666666666666657
91,91.0,91.4535484647943,0.16666666666666657,0.16666666666666657,0.16666666666666657,0.16666666666666657,0.16666666666666657,0.16666666666666657
92,92.0,92.47244677215504,0.16666666666666657,0.16666666666666657,0.16666666666666657,0.16666666666666657,0.16666666666666657,0.16666666666666657
93,93.0,93.48973078105816,0.16666666666666657,0.16666666666666657,0.16666666666666657,0.16666666666666657,0.16666666666666657,0.16666666666666657
94,94.0,94.50538908126039,0.16666666666666657,0.16666666666666657,0.16666666666666657,0.16666666666666657,0.16666666666666657,0.16666666666666657
95,95.0,95.51942766062979,0.16666666666666657,0.16666666666666657,0.16666666666666657,0.16666666666666657,0.16666666666666657,0.16666666666666657
96,96.0,96.53186810545596,0.16666666666666657,0.16666666666666657,0.16666666666666657,0.16666666666666657,0.16666666666666657,0.16666666666666657
97,97.0,97.54274582474494,0.16666666666666657,0.16666666666666657,0.16666666666666657,0.16666666666666657,0.16666666666666657,0.16666666666666657
98,98.0,98.55210831385759,0.16666666666666657,0.16666666666666657,0.16666666666666657,0.16666666666666657,0.16666666666666657,0.16666666666666657
99,99.0,99.5700134709204,0.16666666666666657,0.16666666666666657,0.16666666666666657,0.16666666666666657,0.16666666666666657,0.16666666666666657
100,100.0,100.58642797756772,0.16666666666666657,0.16666666666666657,0.16666666666666657,0.16666666666666657,0.16666666666666657,0.16666666666666657
101,101.0,101.60133675377462,0.16666666666666657,0.16666666666666657,0.16666666666666657,0.16666666666666657,0.16666666666666657,0.16666666666666657
102,102.0,102.6147412848231,0.16666666666666657,0.16666666666666657,0.16666666666666657,0.16666666666666657,0.16666666666666657,0.16666666666666657
103,103.0,103.6266579499185,0.16666666666666657,0.16666666666666657,0.16666666666666657,0.16666666666666657,0.16666666666666657,0.16666666666666657
104,104.0,104.63711636900516,0.16666666666666657,0.16666666666666657,0.16666666666666657,0.16666666666666657,0.16666666666666657,0.16666666666666657
105,105.0,105.6461577824931,0.16666666666666657,0.16666666666666657,0.16666666666666657,0.16666666666666657,0.16666666666666657,0.16666666666666657
106,106.0,106.65383347680732,0.16666666666666657,0.16666666666666657,0.16666666666666657,0.16666666666666657,0.16666666666666657,0.16666666666666657
107,107.0,107.66020326692205,0.16666666666666657,0.16666666666666657,0.16666666666666657,0.16666666666666657,0.16666666666666657,0.16666666666666657
108,108.0,108.66533404535609,0.16666666666666657,0.16666666666666657,0.16666666666666657,0.16666666666666657,0.16666666666666657,0.16666666666666657
109,109.0,109.66929840549315,0.16666666666666657,0.16666666666666657,0.16666666666666657,0.16666666666666657,0.16666666666666657,0.16666666666666657
110,110.0,110.67217334556159,0.16666666666666657,0.16666666666666657,0.16666666666666657,0.16666666666666657,0.16666666666666657,0.16666666666666657
111,111.0,111.67403905816757,0.16666666666666657,0.16666666666666657,0.16666666666666657,0.16666666666666657,0.16666666666666657,0.16666666666666657
112,112.0,112.67497780893127,0.16666666666666657,0.16666666666666657,0.16666666666666657,0.16666666666666657,0.16666666666666657,0.16666666666666657
113,113.0,113.6750729065293,0.16666666666666657,0.16666666666666657,0.16666666666666657,0.16666666666666657,0.16666666666666657,0.16666666666666657
114,114.0,114.67440776530222,0.16666666666666657,0.16666666666666657,0.16666666666666657,0.16666666666666657,0.16666666666666657,0.16666666666666657
115,115.0,115.67306506054483,0.16666666666666657,0.16666666666666657,0.16666666666666657,0.16666666666666657,0.16666666666666657,0.16666666666666657
116,116.0,116.67112597565772,0.16666666666666657,0.16666666666666657,0.16666666666666657,0.16666666666666657,0.16666666666666657,0.16666666666666657
117,117.0,117.66866953950276,0.16666666666666657,0.16666666666666657,0.16666666666666657,0.16666666666666657,0.16666666666666657,0.16666666666666657
118,118.0,118.66577205156825,0.16666666666666657,0.16666666666666657,0.16666666666666657,0.16666666666666657,0.16666666666666657,0.16666666666666657
119,119.0,119.66250659191152,0.16666666666666657,0.16666666666666657,0.16666666666666657,0.16666666666666657,0.16666666666666657,0.16666666666666657
120,120.0,120.65894261230136,0.16666666666666657,0.16666666666666657,0.16666666666666657,0.16666666666666657,0.16666666666666657,0.16666666666666657
121,121.0,121.65514560452918,0.16666666666666657,0.16666666666666657,0.16666666666666657,0.16666666666666657,0.16666666666666657,0.16666666666666657
122,122.0,122.65117684148895,0.16666666666666657,0.16666666666666657,0.16666666666666657,0.16666666666666657,0.16666666666666657,0.16666666666666657
123,123.0,123.64709318633784,0.16666666666666657,0.16666666666666657,0.16666666666666657,0.16666666666666657,0.16666666666666657,0.16666666666666657
124,124.0,124.64294696483847,0.16666666666666657,0.16666666666666657,0.16666666666666657,0.16666666666666657,0.16666666666666657,0.16666666666666657
125,125.0,125.63878589584066,0.16666666666666657,0.16666666666666657,0.16666666666666657,0.16666666666666657,0.16666666666666657,0.16666666666666657
126,126.0,126.63465307478421,0.16666666666666657,0.16666666666666657,0.16666666666666657,0.16666666666666657,0.16666666666666657,0.16666666666666657
127,127.0,127.63058700508557,0.16666666666666657,0.16666666666666657,0.16666666666666657,0.16666666666666657,0.16666666666666657,0.16666666666666657
128,128.0,128.62662167230593,0.16666666666666657,0.16666666666666657,0.16666666666666657,0.16666666666666657,0.16666666666666657,0.16666666666666657
129,129.0,129.6227866560812,0.16666666666666657,0.16666666666666657,0.16666666666666657,0.16666666666666657,0.16666666666666657,0.16666666666666657
130,130.0,130.6191072749181,0.16666666666666657,0.16666666666666657,0.16666666666666657,0.16666666666666657,0.16666666666666657,0.16666666666666657
131,131.0,131.62560475912215,0.16666666666666657,0.16666666666666657,0.16666666666666657,0.16666666666666657,0.16666666666666657,0.16666666666666657
132,132.0,132.63219644731458,0.16666666666666657,0.16666666666666657,0.16666666666666657,0.16666666666666657,0.16666666666666657,0.16666666666666657
133,133.0,133.64880700221462,0.16666666666666657,0.16666666666666657,0.16666666666666657,0.16666666666666657,0.16666666666666657,0.16666666666666657
134,134.0,134.6652684316025,0.16666666666666657,0.16666666666666657,0.16666666666666657,0.16666666666666657,0.16666666666666657,0.16666666666666657
135,135.0,135.6814310337356,0.16666666666666657,0.16666666666666657,0.16666666666666657,0.16666666666666657,0.16666666666666657,0.16666666666666657
136,136.0,136.69716306531802,0.16666666666666657,0.16666666666666657,0.16666666666666657,0.16666666666666657,0.16666666666666657,0.16666666666666657
137,137.0,137.712350263089,0.16666666666666657,0.16666666666666657,0.16666666666666657,0.16666666666666657,0.16666666666666657,0.16666666666666657
138,138.0,138.72689523845202,0.16666666666666657,0.16666666666666657,0.16666666666666657,0.16666666666666657,0.16666666666666657,0.16666666666666657
139,139.0,139.7407167638942,0.16666666666666657,0.16666666666666657,0.16666666666666657,0.16666666666666657,0.16666666666666657,0.16666666666666657
140,140.0,140.7537489691532,0.16666666666666657,0.16666666666666657,0.16666666666666657,0.16666666666666657,0.16666666666666657,0.16666666666666657
141,141.0,141.7659404641948,0.16666666666666657,0.16666666666666657,0.16666666666666657,0.16666666666666657,0.16666666666666657,0.16666666666666657
142,142.0,142.7772534050903,0.16666666666666657,0.16666666666666657,0.16666666666666657,0.16666666666666657,0.16666666666666657,0.16666666666666657
143,143.0,143.78766251784535,0.16666666666666657,0.16666666666666657,0.16666666666666657,0.16666666666666657,0.16666666666666657,0.16666666666666657
144,144.0,144.79715409414644,0.16666666666666657,0.16666666666666657,0.16666666666666657,0.16666666666666657,0.16666666666666657,0.16666666666666657
145,145.0,145.80572497187595,0.16666666666666657,0.16666666666666657,0.16666666666666657,0.16666666666666657,0.16666666666666657,0.16666666666666657
146,146.0,146.81338151211375,0.16666666666666657,0.16666666666666657,0.16666666666666657,0.16666666666666657,0.16666666666666657,0.16666666666666657
147,147.0,147.82013858320664,0.16666666666666657,0.16666666666666657,0.16666666666666657,0.16666666666666657,0.16666666666666657,0.16666666666666657
148,148.0,148.83601856135817,0.16666666666666657,0.16666666666666657,0.16666666666666657,0.16666666666666657,0.16666666666666657,0.16666666666666657
149,149.0,149.85095035608097,0.16666666666666657,0.16666666666666657,0.16666666666666657,0.16666666666666657,0.16666666666666657,0.16666666666666657
150,150.0,150.86487946777066,0.16666666666666657,0.16666666666666657,0.16666666666666657,0.16666666666666657,0.16666666666666657,0.16666666666666657
151,151.0,151.8777668736137,0.16666666666666657,0.16666666666666657,0.16666666666666657,0.16666666666666657,0.16666666666666657,0.16666666666666657
152,152.0,152.88958787013627,0.16666666666666657,0.16666666666666657,0.16666666666666657,0.16666666666666657,0.16666666666666657,0.16666666666666657
153,153.0,153.90033088830523,0.16666666666666657,0.16666666666666657,0.16666666666666657,0.16666666666666657,0.16666666666666657,0.16666666666666657
154,154.0,154.90999629577425,0.16666666666666657,0.16666666666666657,0.16666666666666657,0.16666666666666657,0.16666666666666657,0.16666666666666657
155,155.0,155.91859519953863,0.16666666666666657,0.16666666666666657,0.16666666666666657,0.16666666666666657,0.16666666666666657,0.16666666666666657
156,156.0,156.92614826093117,0.16666666666666657,0.16666666666666657,0.16666666666666657,0.16666666666666657,0.16666666666666657,0.16666666666666657
157,157.0,157.93268453357516,0.16666666666666657,0.16666666666666657,0.16666666666666657,0.16666666666666657,0.16666666666666657,0.16666666666666657
158,158.0,158.93824033361898,0.16666666666666657,0.16666666666666657,0.16666666666666657,0.16666666666666657,0.16666666666666657,0.16666666666666657
159,159.0,159.94285815032225,0.16666666666666657,0.16666666666666657,0.16666666666666657,0.16666666666666657,0.16666666666666657,0.16666666666666657
160,160.0,160.94658560385196,0.16666666666666657,0.16666666666666657,0.16666666666666657,0.16666666666666657,0.16666666666666657,0.16666666666666657
161,161.0,161.94947445599018,0.16666666666666657,0.16666666666666657,0.16666666666666657,0.16666666666666657,0.16666666666666657,0.16666666666666657
162,162.0,162.95157967835468,0.16666666666666657,0.16666666666666657,0.16666666666666657,0.16666666666666657,0.16666666666666657,0.16666666666666657
163,163.0,163.9529585816992,0.16666666666666657,0.16666666666666657,0.16666666666666657,0.16666666666666657,0.16666666666666657,0.16666666666666657
164,164.0,164.9536700088923,0.16666666666666657,0.16666666666666657,0.16666666666666657,0.16666666666666657,0.16666666666666657,0.16666666666666657
165,165.0,165.9537735932771,0.16666666666666657,0.16666666666666657,0.16666666666666657,0.16666666666666657,0.16666666666666657,0.16666666666666657
166,166.0,166.9533290832907,0.16666666666666657,0.16666666666666657,0.16666666666666657,0.16666666666666657,0.16666666666666657,0.16666666666666657
167,167.0,167.95239573347,0.16666666666666657,0.16666666666666657,0.16666666666666657,0.16666666666666657,0.16666666666666657,0.16666666666666657
168,168.0,168.9510317612967,0.16666666666666657,0.16666666666666657,0.16666666666666657,0.16666666666666657,0.16666666666666657,0.16666666666666657
169,169.0,169.94929386872775,0.16666666666666657,0.16666666666666657,0.16666666666666657,0.16666666666666657,0.16666666666666657,0.16666666666666657
170,170.0,170.9472368267284,0.16666666666666657,0.16666666666666657,0.16666666666666657,0.16666666666666657,0.16666666666666657,0.16666666666666657
171,171.0,171.94491312066174,0.16666666666666657,0.16666666666666657,0.16666666666666657,0.16666666666666657,0.16666666666666657,0.16666666666666657
172,172.0,172.9423726539951,0.16666666666666657,0.16666666666666657,0.16666666666666657,0.16666666666666657,0.16666666666666657,0.16666666666666657
173,173.0,173.93966250745518,0.16666666666666657,0.16666666666666657,0.16666666666666657,0.16666666666666657,0.16666666666666657,0.16666666666666657
174,174.0,174.9368267504947,0.16666666666666657,0.16666666666666657,0.16666666666666657,0.16666666666666657,0.16666666666666657,0.16666666666666657
175,175.0,175.93390630172533,0.16666666666666657,0.16666666666666657,0.16666666666666657,0.16666666666666657,0.16666666666666657,0.16666666666666657
176,176.0,176.93093883481563,0.16666666666666657,0.16666666666666657,0.16666666666666657,0.16666666666666657,0.16666666666666657,0.16666666666666657
177,177.0,177.92795872624876,0.16666666666666657,0.16666666666666657,0.16666666666666657,0.16666666666666657,0.16666666666666657,0.16666666666666657
178,178.0,178.92499704127607,0.16666666666666657,0.16666666666666657,0.16666666666666657,0.16666666666666657,0.16666666666666657,0.16666666666666657
179,179.0,179.92208155438792,0.16666666666666657,0.16666666666666657,0.16666666666666657,0.16666666666666657,0.16666666666666657,0.16666666666666657
180,180.0,180.91923680064468,0.16666666666666657,0.16666666666666657,0.16666666666666657,0.16666666666666657,0.16666666666666657,0.16666666666666657
181,181.0,181.9164841542693,0.16666666666666657,0.16666666666666657,0.16666666666666657,0.16666666666666657,0.16666666666666657,0.16666666666666657
182,182.0,182.91384193098878,0.16666666666666657,0.16666666666666657,0.16666666666666657,0.16666666666666657,0.16666666666666657,0.16666666666666657
183,183.0,183.91132551072644,0.16666666666666657,0.16666666666666657,0.16666666666666657,0.16666666666666657,0.16666666666666657,0.16666666666666657
184,184.0,184.90894747738307,0.16666666666666657,0.16666666666666657,0.16666666666666657,0.16666666666666657,0.16666666666666657,0.16666666666666657
185,185.0,185.9067177726002,0.16666666666666657,0.16666666666666657,0.16666666666666657,0.16666666666666657,0.16666666666666657,0.16666666666666657
186,186.0,186.9046438605696,0.16666666666666657,0.16666666666666657,0.16666666666666657,0.16666666666666657,0.16666666666666657,0.16666666666666657
187,187.0,187.90273090113635,0.16666666666666657,0.16666666666666657,0.16666666666666657,0.16666666666666657,0.16666666666666657,0.16666666666666657
188,188.0,188.90098192863508,0.16666666666666657,0.16666666666666657,0.16666666666666657,0.16666666666666657,0.16666666666666657,0.16666666666666657
189,189.0,189.8993980340976,0.16666666666666657,0.16666666666666657,0.16666666666666657,0.16666666666666657,0.16666666666666657,0.16666666666666657
190,190.0,190.89797854867288,0.16666666666666657,0.16666666666666657,0.16666666666666657,0.16666666666666657,0.16666666666666657,0.16666666666666657
191,191.0,191.89672122630392,0.16666666666666657,0.16666666666666657,0.16666666666666657,0.16666666666666657,0.16666666666666657,0.16666666666666657
192,192.0,192.8956224239088,0.16666666666666657,0.16666666666666657,0.16666666666666657,0.16666666666666657,0.16666666666666657,0.16666666666666657
193,193.0,193.89467727751412,0.16666666666666657,0.16666666666666657,0.16666666666666657,0.16666666666666657,0.16666666666666657,0.16666666666666657
194,194.0,194.89387987298377,0.16666666666666657,0.16666666666666657,0.16666666666666657,0.16666666666666657,0.16666666666666657,0.16666666666666657
195,195.0,195.8932234101766,0.16666666666666657,0.16666666666666657,0.16666666666666657,0.16666666666666657,0.16666666666666657,0.16666666666666657
196,196.0,196.89270035954837,0.16666666666666657,0.16666666666666657,0.16666666666666657,0.16666666666666657,0.16666666666666657,0.16666666666666657
197,197.0,197.89230261038747,0.16666666666666657,0.16666666666666657,0.16666666666666657,0.16666666666666657,0.16666666666666657,0.16666666666666657
198,198.0,198.90202161003882,0.16448356579497211,0.1708450957089533,0.1695328598543203,0.16508977362335173,0.16457437142528167,0.16547433359312033
199,199.0,199.91174849362463,0.16135126163359953,0.174980415713178,0.17711004410275485,0.16136604066612253,0.16216994211397268,0.16302229577037186
200,200.0,200.9213852039156,0.15510535163941155,0.17936794878146659,0.1889153256540694,0.15603645395941856,0.15880846709496427,0.1617664528706692
201,201.0,201.93084439113835,0.14904054494777658,0.1834373721387143,0.20073070085858774,0.15053863454956304,0.15554116116430622,0.16071158634105176
202,202.0,202.94004921572744,0.1431349737438126,0.1873486824254434,0.21204463650028432,0.14520507732483465,0.15241471522445665,0.15985191478116814
203,203.0,203.94893306570034,0.13753095846825256,0.19108527829753744,0.22292923598782602,0.14015763894770367,0.14934363577642254,0.15895325252225764
204,204.0,204.95743920001894,0.13229774555516025,0.19467425755720233,0.233301929316765,0.13526663760944058,0.14654015652665497,0.15791927343477677
205,205.0,205.96552032890548,0.12715858435749944,0.19791732622862657,0.24300007886215583,0.13089518860095417,0.14396377203661492,0.15706504991414905
206,206.0,206.9731381416143,0.1223710216972991,0.20099408494458915,0.252187686578096,0.126843728070277,0.14155127856357222,0.15605220014616664
207,207.0,207.98026279163614,0.1178923542811611,0.20376415059307157,0.26092707562400064,0.12321726688009431,0.13903598939924422,0.15516316322242826
208,208.0,208.9868723487394,0.11373637573942896,0.20649077230086882,0.26902812813725235,0.11988891573780311,0.13647690990446423,0.1543788981801827
209,209.0,209.99295222664495,0.10983718111510057,0.20877662407181322,0.27653674511353393,0.117073292617735,0.13409269147500497,0.1536834656068125
210,210.0,210.99849459449348,0.10639840776198337,0.2103712023530394,0.28377604853122773,0.11448411585679419,0.13194134021474016,0.15302888528221537
211,211.0,212.00349777961225,0.1033190336807501,0.21150771851984104,0.2902159800386253,0.11225273664705922,0.13018298148605995,0.15252154962766462
212,212.0,213.00796566842303,0.10062534566009762,0.21248923502638936,0.2961600591633018,0.1098387687814107,0.12864773991833905,0.15223885145046173
213,213.0,214.01190711166848,0.09836494562592954,0.21346556573598424,0.301370213426578,0.10783079676868275,0.12691608488233738,0.15205239356048836
214,214.0,215.0153353394727,0.09650597714453094,0.21420782554360154,0.3058556298560271,0.10590041437579681,0.1255064037290046,0.15202374935103932
215,215.0,216.01826739110177,0.09509134433483406,0.21468653659092576,0.3097143000241883,0.10431711368964663,0.12431118247803247,0.15187952288237314
216,216.0,217.02072356365693,0.09418169758966485,0.2145852093938912,0.31300252124129163,0.1031597266604326,0.12317841025016414,0.15189243486455598
217,217.0,218.02272688332002,0.0937074382636407,0.21416466108651466,0.3159705907234205,0.1019033172679703,0.12218189857005254,0.15207209408840167
218,218.0,219.02430260218358,0.09368730228283159,0.2138784120939129,0.3184689459787826,0.1007766805790132,0.12137995160626995,0.15180870745919015
219,219.0,220.02547772313895,0.09361971604986313,0.21346268680064534,0.3203840421619055,0.09997028856074078,0.12085529833901412,0.1517079680878315
220,220.0,221.0262805547674,0.0939060577312405,0.21297644855923076,0.3218126154244531,0.09919528176982156,0.12065683063542179,0.1514527658798326
221,221.0,222.0267402976853,0.09436085283646846,0.21220321539722486,0.32271358393054667,0.09879387364983021,0.1206419762728908,0.15128649791303928
222,222.0,223.0268866633346,0.09499023440273434,0.21147538560890305,0.32302254837999017,0.09867001634363598,0.12067298974508206,0.1511688255196547
223,223.0,224.02674952578562,0.09581245338543241,0.21071398966734822,0.32311315353774017,0.09863417447629098,0.12050806132940804,0.1512181676037804
224,224.0,225.02635860673368,0.09648954996237266,0.20998888850035533,0.3228373662468941,0.09882806853724936,0.12042066490652102,0.1514354618466078
225,225.0,226.0257431935196,0.09732250510801232,0.20943206127950392,0.32197334571463476,0.09892221588018478,0.12052200231819235,0.1518278696994721
226,226.0,227.02493188969174,0.09818541951539386,0.2089773769224807,0.3211292604183822,0.09885226011025973,0.12058301620921068,0.152272666824273
227,227.0,228.02395239734975,0.09911291940263905,0.20864423144466746,0.31979880764373764,0.09887165218983425,0.12072289223124816,0.15284949708787363
228,228.0,229.02283133026845,0.10013522252259849,0.208536423663182,0.31806545134207126,0.09877229916414747,0.12099619310299416,0.15349441020500676
229,229.0,230.0215940565926,0.10124609776097121,0.2083862165940344,0.3160821140033736,0.09911051149729133,0.12117156596109308,0.1540034941832365
230,230.0,231.0202645697184,0.10247146555709115,0.20776626834006737,0.3141843048165442,0.09950878939994492,0.12149886767016108,0.1545703042161914
231,231.0,232.01886538583443,0.1032067944018637,0.20758036188144913,0.3121064272588634,0.10007735850400525,0.12182111311657846,0.15520794483724018
232,232.0,233.01741746648054,0.10392107470850627,0.20752090441443288,0.3101274326685329,0.10068045306328795,0.12213458322896832,0.15561555191627185
233,233.0,234.01594016439722,0.10469140947142129,0.20764256027871392,0.3078642499812454,0.10122248245153354,0.12248251741995683,0.1560967803971292
234,234.0,235.01445119087828,0.10550979201410841,0.20776185479273304,0.30545940533186344,0.10180685117314119,0.12299038940419856,0.15647170728395554
235,235.0,236.0129666028024,0.10658842909587514,0.20770005432834712,0.3027151820175503,0.10268105134745845,0.12348854638726729,0.15682673682350187
236,236.0,237.01150080750614,0.1077238056974037,0.20773361179793826,0.2997175533190202,0.103565217916536,0.1241182904299967,0.15714152083910535
237,237.0,238.01006658366444,0.1090047316692888,0.20758243368851576,0.29657738245474596,0.10434358576817546,0.12490395351766884,0.1575879129016054
238,238.0,239.00867511637026,0.11022509521637153,0.2074288989440395,0.2932890208155721,0.1051655757591759,0.1258159755224278,0.15807543374241334
239,239.0,240.0073360446418,0.11152500362705225,0.20778899026504993,0.29025084361507913,0.10608509539244766,0.12586881038041217,0.15848125671995905
240,240.0,241.00605751963974,0.11278091595035906,0.20801294614056617,0.2874655557441471,0.10669951107399028,0.1259064698491601,0.15913460124177747
241,241.0,242.00484627194152,0.11393523590328253,0.20822988199685222,0.28487813471426615,0.10717005565760569,0.1260025397589511,0.15978415196904244
242,242.0,243.0037076862937,0.11512972812794497,0.20843835001330335,0.2827624815942247,0.10766567322102495,0.12556914998737223,0.16043461705612988
243,243.0,244.0026458823477,0.11635502486378795,0.2085071200168247,0.2808467479504049,0.10821767247942511,0.12511136566457043,0.16096206902498705
244,244.0,245.00166379997285,0.11741169674363904,0.2085195628438325,0.27948082607814756,0.10879117946300366,0.1241462970070297,0.1616504378643477
245,245.0,246.00076328783575,0.11836617767848313,0.20854867096825463,0.2787845546183594,0.1093813475326458,0.12300485970138031,0.16191438950087683
246,246.0,246.999945194034,0.11937163321191814,0.20831259865684748,0.2782456242520116,0.11004074279471814,0.12177611911204612,0.1622532819724586
247,247.0,247.99920945767212,0.12022008973689571,0.20822616881832998,0.2778244411164831,0.11070596639798859,0.12058656512489563,0.16243676880540708
248,248.0,248.99855520036968,0.12078461707481393,0.20824629040166998,0.277404437919319,0.11133359093320062,0.11946719334162753,0.162763870329369
249,249.0,249.99798081679378,0.1213915898963594,0.20839516592834287,0.2773574463544671,0.11197333836160896,0.11839118436025124,0.16249127509897054
250,250.0,250.99748406340754,0.12188424910585449,0.2085381525924318,0.277422182308472,0.11250172436179509,0.11736061522802108,0.16229307640342566
251,251.0,251.99706214472587,0.12269875211082101,0.20854570915613962,0.2772494100430693,0.11301815660253862,0.11639948378608132,0.16208848830135028
252,252.0,252.9967117964651,0.12375189978968168,0.20850330038265952,0.2767907000395817,0.11350908002486035,0.11553610872770766,0.16190891103550922
253,253.0,253.99642936506575,0.12459019556701402,0.20879348710045656,0.2762117811956515,0.11399981880713057,0.11455598661517097,0.1618487307145765
254,254.0,254.99621088315567,0.12560318007208165,0.2087198630517809,0.2754309693830026,0.11449448204374359,0.11420696918378966,0.16154453626560172
255,255.0,255.99605214060503,0.12666600488378707,0.2084681270306587,0.27464976344688097,0.11505485531296275,0.11397951618502963,0.16118173314068093
256,256.0,256.9959487509034,0.12757754831426568,0.20850307264390544,0.27375371691978356,0.1155455227242998,0.11385358818562703,0.16076655121211852
257,257.0,257.9958962126629,0.12838519743380464,0.20821571506421485,0.27320702680675507,0.11595795853910415,0.11384348776982346,0.16039061438629792
258,258.0,258.9958899661198,0.12959364888939923,0.20838121918902403,0.2714933611742309,0.11656121648418837,0.11387261546267734,0.16009793880048026
259,259.0,259.9959254445698,0.1307593679943652,0.20848661150039627,0.26990208128216914,0.11717169385512285,0.11394082839630663,0.15973941697163999
260,260.0,260.99599812072915,0.1319009053941566,0.20825377429300387,0.2684003016739033,0.11771929340016382,0.11413944749505751,0.15958627774371495
261,261.0,261.99610354806526,0.13302473546155524,0.20805983119555926,0.266878878409933,0.11840714508333415,0.11419500562365931,0.15943440422595914
262,262.0,262.9962373971871,0.13401161287794203,0.20777574788050185,0.265514593447148,0.11916774912938621,0.11432047898199846,0.1592098176830236
263,263.0,263.9963954874249,0.13482421926204702,0.20773728269211156,0.264339404831414,0.1197811892633163,0.11449915947800111,0.15881874447311023
264,264.0,264.99657381376466,0.1356079268620355,0.20770208874420598,0.2628983428118655,0.12043105635631307,0.11480574323724513,0.15855484198833492
265,265.0,265.9967685693328,0.1358719543534553,0.20761352980073064,0.26186042367935,0.12078929503719914,0.1153533720112163,0.15851142511804872
266,266.0,266.9969761636508,0.1362569171063893,0.20760893148754694,0.26054755622191,0.12111665139474559,0.11594717766096593,0.1585227661284423
267,267.0,267.9971932369005,0.13663660065056127,0.20759309350358918,0.2594374195786474,0.12114752339819898,0.11658204129693861,0.15860332157206458
268,268.0,268.99741667045623,0.13665206939179864,0.2078252597032179,0.2582227232250457,0.1211608614343667,0.11735166643804265,0.15878741980752842
269,269.0,269.9976435939518,0.13635080288946452,0.20818918267278258,0.2570843526442132,0.12114378547095016,0.11822180835234054,0.15901006797024908
270,270.0,270.9978713891584,0.13555946382002326,0.20832868742315874,0.25671738418670037,0.12122185168313032,0.1185087321827017,0.15966388070428572
