Total_iterations,Unnamed: 0.1,Intertwine_two,Add_vertex,Delete_vertex,Invert_path_vertices,Insert_inside_vertex,Delete_inside_vertex
0,0.0,0.1666666666666665,0.1666666666666665,0.1666666666666665,0.1666666666666665,0.1666666666666665,0.1666666666666665
1,1.0,0.1666666666666665,0.1666666666666665,0.1666666666666665,0.1666666666666665,0.1666666666666665,0.1666666666666665
2,2.0,0.1666666666666665,0.1666666666666665,0.1666666666666665,0.1666666666666665,0.1666666666666665,0.1666666666666665
3,3.0,0.1666666666666665,0.1666666666666665,0.1666666666666665,0.1666666666666665,0.1666666666666665,0.1666666666666665
4,4.0,0.1666666666666665,0.1666666666666665,0.1666666666666665,0.1666666666666665,0.1666666666666665,0.1666666666666665
5,5.0,0.1666666666666665,0.1666666666666665,0.1666666666666665,0.1666666666666665,0.1666666666666665,0.1666666666666665
6,6.0,0.1666666666666665,0.1666666666666665,0.1666666666666665,0.1666666666666665,0.1666666666666665,0.1666666666666665
7,7.0,0.1666666666666665,0.1666666666666665,0.1666666666666665,0.1666666666666665,0.1666666666666665,0.1666666666666665
8,8.0,0.1666666666666665,0.1666666666666665,0.1666666666666665,0.1666666666666665,0.1666666666666665,0.1666666666666665
9,9.0,0.1666666666666665,0.1666666666666665,0.1666666666666665,0.1666666666666665,0.1666666666666665,0.1666666666666665
10,10.0,0.1666666666666665,0.1666666666666665,0.1666666666666665,0.1666666666666665,0.1666666666666665,0.1666666666666665
11,11.0,0.1666666666666665,0.1666666666666665,0.1666666666666665,0.1666666666666665,0.1666666666666665,0.1666666666666665
12,12.0,0.1666666666666665,0.1666666666666665,0.1666666666666665,0.1666666666666665,0.1666666666666665,0.1666666666666665
13,13.0,0.1666666666666665,0.1666666666666665,0.1666666666666665,0.1666666666666665,0.1666666666666665,0.1666666666666665
14,14.0,0.1666666666666665,0.1666666666666665,0.1666666666666665,0.1666666666666665,0.1666666666666665,0.1666666666666665
15,15.0,0.1666666666666665,0.1666666666666665,0.1666666666666665,0.1666666666666665,0.1666666666666665,0.1666666666666665
16,16.0,0.1666666666666665,0.1666666666666665,0.1666666666666665,0.1666666666666665,0.1666666666666665,0.1666666666666665
17,17.0,0.1666666666666665,0.1666666666666665,0.1666666666666665,0.1666666666666665,0.1666666666666665,0.1666666666666665
18,18.0,0.1666666666666665,0.1666666666666665,0.1666666666666665,0.1666666666666665,0.1666666666666665,0.1666666666666665
19,19.0,0.1666666666666665,0.1666666666666665,0.1666666666666665,0.1666666666666665,0.1666666666666665,0.1666666666666665
20,20.0,0.1666666666666665,0.1666666666666665,0.1666666666666665,0.1666666666666665,0.1666666666666665,0.1666666666666665
21,21.0,0.1666666666666665,0.1666666666666665,0.1666666666666665,0.1666666666666665,0.1666666666666665,0.1666666666666665
22,22.0,0.1666666666666665,0.1666666666666665,0.1666666666666665,0.1666666666666665,0.1666666666666665,0.1666666666666665
23,23.0,0.1666666666666665,0.1666666666666665,0.1666666666666665,0.1666666666666665,0.1666666666666665,0.1666666666666665
24,24.0,0.1666666666666665,0.1666666666666665,0.1666666666666665,0.1666666666666665,0.1666666666666665,0.1666666666666665
25,25.0,0.1666666666666665,0.1666666666666665,0.1666666666666665,0.1666666666666665,0.1666666666666665,0.1666666666666665
26,26.0,0.1666666666666665,0.1666666666666665,0.1666666666666665,0.1666666666666665,0.1666666666666665,0.1666666666666665
27,27.0,0.1666666666666665,0.1666666666666665,0.1666666666666665,0.1666666666666665,0.1666666666666665,0.1666666666666665
28,28.0,0.1666666666666665,0.1666666666666665,0.1666666666666665,0.1666666666666665,0.1666666666666665,0.1666666666666665
29,29.0,0.1666666666666665,0.1666666666666665,0.1666666666666665,0.1666666666666665,0.1666666666666665,0.1666666666666665
30,30.0,0.1666666666666665,0.1666666666666665,0.1666666666666665,0.1666666666666665,0.1666666666666665,0.1666666666666665
31,31.0,0.1666666666666665,0.1666666666666665,0.1666666666666665,0.1666666666666665,0.1666666666666665,0.1666666666666665
32,32.0,0.1666666666666665,0.1666666666666665,0.1666666666666665,0.1666666666666665,0.1666666666666665,0.1666666666666665
33,33.0,0.1666666666666665,0.1666666666666665,0.1666666666666665,0.1666666666666665,0.1666666666666665,0.1666666666666665
34,34.0,0.1666666666666665,0.1666666666666665,0.1666666666666665,0.1666666666666665,0.1666666666666665,0.1666666666666665
35,35.0,0.1666666666666665,0.1666666666666665,0.1666666666666665,0.1666666666666665,0.1666666666666665,0.1666666666666665
36,36.0,0.1666666666666665,0.1666666666666665,0.1666666666666665,0.1666666666666665,0.1666666666666665,0.1666666666666665
37,37.0,0.1666666666666665,0.1666666666666665,0.1666666666666665,0.1666666666666665,0.1666666666666665,0.1666666666666665
38,38.0,0.1666666666666665,0.1666666666666665,0.1666666666666665,0.1666666666666665,0.1666666666666665,0.1666666666666665
39,39.0,0.1666666666666665,0.1666666666666665,0.1666666666666665,0.1666666666666665,0.1666666666666665,0.1666666666666665
40,40.0,0.1666666666666665,0.1666666666666665,0.1666666666666665,0.1666666666666665,0.1666666666666665,0.1666666666666665
41,41.0,0.1666666666666665,0.1666666666666665,0.1666666666666665,0.1666666666666665,0.1666666666666665,0.1666666666666665
42,42.0,0.1666666666666665,0.1666666666666665,0.1666666666666665,0.1666666666666665,0.1666666666666665,0.1666666666666665
43,43.0,0.1666666666666665,0.1666666666666665,0.1666666666666665,0.1666666666666665,0.1666666666666665,0.1666666666666665
44,44.0,0.1666666666666665,0.1666666666666665,0.1666666666666665,0.1666666666666665,0.1666666666666665,0.1666666666666665
45,45.0,0.1666666666666665,0.1666666666666665,0.1666666666666665,0.1666666666666665,0.1666666666666665,0.1666666666666665
46,46.0,0.1666666666666665,0.1666666666666665,0.1666666666666665,0.1666666666666665,0.1666666666666665,0.1666666666666665
47,47.0,0.1666666666666665,0.1666666666666665,0.1666666666666665,0.1666666666666665,0.1666666666666665,0.1666666666666665
48,48.0,0.1666666666666665,0.1666666666666665,0.1666666666666665,0.1666666666666665,0.1666666666666665,0.1666666666666665
49,49.0,0.1666666666666665,0.1666666666666665,0.1666666666666665,0.1666666666666665,0.1666666666666665,0.1666666666666665
50,50.0,0.1666666666666665,0.1666666666666665,0.1666666666666665,0.1666666666666665,0.1666666666666665,0.1666666666666665
51,51.0,0.1666666666666665,0.1666666666666665,0.1666666666666665,0.1666666666666665,0.1666666666666665,0.1666666666666665
52,52.0,0.1666666666666665,0.1666666666666665,0.1666666666666665,0.1666666666666665,0.1666666666666665,0.1666666666666665
53,53.0,0.1666666666666665,0.1666666666666665,0.1666666666666665,0.1666666666666665,0.1666666666666665,0.1666666666666665
54,54.0,0.1666666666666665,0.1666666666666665,0.1666666666666665,0.1666666666666665,0.1666666666666665,0.1666666666666665
55,55.0,0.1666666666666665,0.1666666666666665,0.1666666666666665,0.1666666666666665,0.1666666666666665,0.1666666666666665
56,56.0,0.1666666666666665,0.1666666666666665,0.1666666666666665,0.1666666666666665,0.1666666666666665,0.1666666666666665
57,57.0,0.1666666666666665,0.1666666666666665,0.1666666666666665,0.1666666666666665,0.1666666666666665,0.1666666666666665
58,58.0,0.1666666666666665,0.1666666666666665,0.1666666666666665,0.1666666666666665,0.1666666666666665,0.1666666666666665
59,59.0,0.1666666666666665,0.1666666666666665,0.1666666666666665,0.1666666666666665,0.1666666666666665,0.1666666666666665
60,60.0,0.1666666666666665,0.1666666666666665,0.1666666666666665,0.1666666666666665,0.1666666666666665,0.1666666666666665
61,61.0,0.1666666666666665,0.1666666666666665,0.1666666666666665,0.1666666666666665,0.1666666666666665,0.1666666666666665
62,62.0,0.1666666666666665,0.1666666666666665,0.1666666666666665,0.1666666666666665,0.1666666666666665,0.1666666666666665
63,63.0,0.1666666666666665,0.1666666666666665,0.1666666666666665,0.1666666666666665,0.1666666666666665,0.1666666666666665
64,64.0,0.1666666666666665,0.1666666666666665,0.1666666666666665,0.1666666666666665,0.1666666666666665,0.1666666666666665
65,65.0,0.1666666666666665,0.1666666666666665,0.1666666666666665,0.1666666666666665,0.1666666666666665,0.1666666666666665
66,66.0,0.1666666666666665,0.1666666666666665,0.1666666666666665,0.1666666666666665,0.1666666666666665,0.1666666666666665
67,67.0,0.1666666666666665,0.1666666666666665,0.1666666666666665,0.1666666666666665,0.1666666666666665,0.1666666666666665
68,68.0,0.1666666666666665,0.1666666666666665,0.1666666666666665,0.1666666666666665,0.1666666666666665,0.1666666666666665
69,69.0,0.1666666666666665,0.1666666666666665,0.1666666666666665,0.1666666666666665,0.1666666666666665,0.1666666666666665
70,70.0,0.1666666666666665,0.1666666666666665,0.1666666666666665,0.1666666666666665,0.1666666666666665,0.1666666666666665
71,71.0,0.1666666666666665,0.1666666666666665,0.1666666666666665,0.1666666666666665,0.1666666666666665,0.1666666666666665
72,72.0,0.1666666666666665,0.1666666666666665,0.1666666666666665,0.1666666666666665,0.1666666666666665,0.1666666666666665
73,73.0,0.1666666666666665,0.1666666666666665,0.1666666666666665,0.1666666666666665,0.1666666666666665,0.1666666666666665
74,74.0,0.1666666666666665,0.1666666666666665,0.1666666666666665,0.1666666666666665,0.1666666666666665,0.1666666666666665
75,75.0,0.1666666666666665,0.1666666666666665,0.1666666666666665,0.1666666666666665,0.1666666666666665,0.1666666666666665
76,76.0,0.1666666666666665,0.1666666666666665,0.1666666666666665,0.1666666666666665,0.1666666666666665,0.1666666666666665
77,77.0,0.1666666666666665,0.1666666666666665,0.1666666666666665,0.1666666666666665,0.1666666666666665,0.1666666666666665
78,78.0,0.1666666666666665,0.1666666666666665,0.1666666666666665,0.1666666666666665,0.1666666666666665,0.1666666666666665
79,79.0,0.1666666666666665,0.1666666666666665,0.1666666666666665,0.1666666666666665,0.1666666666666665,0.1666666666666665
80,80.0,0.1666666666666665,0.1666666666666665,0.1666666666666665,0.1666666666666665,0.1666666666666665,0.1666666666666665
81,81.0,0.1666666666666665,0.1666666666666665,0.1666666666666665,0.1666666666666665,0.1666666666666665,0.1666666666666665
82,82.0,0.1666666666666665,0.1666666666666665,0.1666666666666665,0.1666666666666665,0.1666666666666665,0.1666666666666665
83,83.0,0.1666666666666665,0.1666666666666665,0.1666666666666665,0.1666666666666665,0.1666666666666665,0.1666666666666665
84,84.0,0.1666666666666665,0.1666666666666665,0.1666666666666665,0.1666666666666665,0.1666666666666665,0.1666666666666665
85,85.0,0.1666666666666665,0.1666666666666665,0.1666666666666665,0.1666666666666665,0.1666666666666665,0.1666666666666665
86,86.0,0.1666666666666665,0.1666666666666665,0.1666666666666665,0.1666666666666665,0.1666666666666665,0.1666666666666665
87,87.0,0.1666666666666665,0.1666666666666665,0.1666666666666665,0.1666666666666665,0.1666666666666665,0.1666666666666665
88,88.0,0.1666666666666665,0.1666666666666665,0.1666666666666665,0.1666666666666665,0.1666666666666665,0.1666666666666665
89,89.0,0.1666666666666665,0.1666666666666665,0.1666666666666665,0.1666666666666665,0.1666666666666665,0.1666666666666665
90,90.0,0.1666666666666665,0.1666666666666665,0.1666666666666665,0.1666666666666665,0.1666666666666665,0.1666666666666665
91,91.0,0.1666666666666665,0.1666666666666665,0.1666666666666665,0.1666666666666665,0.1666666666666665,0.1666666666666665
92,92.0,0.1666666666666665,0.1666666666666665,0.1666666666666665,0.1666666666666665,0.1666666666666665,0.1666666666666665
93,93.0,0.1666666666666665,0.1666666666666665,0.1666666666666665,0.1666666666666665,0.1666666666666665,0.1666666666666665
94,94.0,0.1666666666666665,0.1666666666666665,0.1666666666666665,0.1666666666666665,0.1666666666666665,0.1666666666666665
95,95.0,0.1666666666666665,0.1666666666666665,0.1666666666666665,0.1666666666666665,0.1666666666666665,0.1666666666666665
96,96.0,0.1666666666666665,0.1666666666666665,0.1666666666666665,0.1666666666666665,0.1666666666666665,0.1666666666666665
97,97.0,0.1666666666666665,0.1666666666666665,0.1666666666666665,0.1666666666666665,0.1666666666666665,0.1666666666666665
98,98.0,0.1666666666666665,0.1666666666666665,0.1666666666666665,0.1666666666666665,0.1666666666666665,0.1666666666666665
99,99.0,0.1666666666666665,0.1666666666666665,0.1666666666666665,0.1666666666666665,0.1666666666666665,0.1666666666666665
100,100.0,0.1666666666666665,0.1666666666666665,0.1666666666666665,0.1666666666666665,0.1666666666666665,0.1666666666666665
101,101.0,0.1666666666666665,0.1666666666666665,0.1666666666666665,0.1666666666666665,0.1666666666666665,0.1666666666666665
102,102.0,0.1666666666666665,0.1666666666666665,0.1666666666666665,0.1666666666666665,0.1666666666666665,0.1666666666666665
103,103.0,0.1666666666666665,0.1666666666666665,0.1666666666666665,0.1666666666666665,0.1666666666666665,0.1666666666666665
104,104.0,0.1666666666666665,0.1666666666666665,0.1666666666666665,0.1666666666666665,0.1666666666666665,0.1666666666666665
105,105.0,0.1666666666666665,0.1666666666666665,0.1666666666666665,0.1666666666666665,0.1666666666666665,0.1666666666666665
106,106.0,0.1666666666666665,0.1666666666666665,0.1666666666666665,0.1666666666666665,0.1666666666666665,0.1666666666666665
107,107.0,0.1666666666666665,0.1666666666666665,0.1666666666666665,0.1666666666666665,0.1666666666666665,0.1666666666666665
108,108.0,0.1666666666666665,0.1666666666666665,0.1666666666666665,0.1666666666666665,0.1666666666666665,0.1666666666666665
109,109.0,0.1666666666666665,0.1666666666666665,0.1666666666666665,0.1666666666666665,0.1666666666666665,0.1666666666666665
110,110.0,0.1666666666666665,0.1666666666666665,0.1666666666666665,0.1666666666666665,0.1666666666666665,0.1666666666666665
111,111.0,0.1666666666666665,0.1666666666666665,0.1666666666666665,0.1666666666666665,0.1666666666666665,0.1666666666666665
112,112.0,0.1666666666666665,0.1666666666666665,0.1666666666666665,0.1666666666666665,0.1666666666666665,0.1666666666666665
113,113.0,0.1666666666666665,0.1666666666666665,0.1666666666666665,0.1666666666666665,0.1666666666666665,0.1666666666666665
114,114.0,0.1666666666666665,0.1666666666666665,0.1666666666666665,0.1666666666666665,0.1666666666666665,0.1666666666666665
115,115.0,0.1666666666666665,0.1666666666666665,0.1666666666666665,0.1666666666666665,0.1666666666666665,0.1666666666666665
116,116.0,0.1666666666666665,0.1666666666666665,0.1666666666666665,0.1666666666666665,0.1666666666666665,0.1666666666666665
117,117.0,0.1666666666666665,0.1666666666666665,0.1666666666666665,0.1666666666666665,0.1666666666666665,0.1666666666666665
118,118.0,0.1666666666666665,0.1666666666666665,0.1666666666666665,0.1666666666666665,0.1666666666666665,0.1666666666666665
119,119.0,0.1666666666666665,0.1666666666666665,0.1666666666666665,0.1666666666666665,0.1666666666666665,0.1666666666666665
120,120.0,0.1666666666666665,0.1666666666666665,0.1666666666666665,0.1666666666666665,0.1666666666666665,0.1666666666666665
121,121.0,0.1666666666666665,0.1666666666666665,0.1666666666666665,0.1666666666666665,0.1666666666666665,0.1666666666666665
122,122.0,0.1666666666666665,0.1666666666666665,0.1666666666666665,0.1666666666666665,0.1666666666666665,0.1666666666666665
123,123.0,0.1666666666666665,0.1666666666666665,0.1666666666666665,0.1666666666666665,0.1666666666666665,0.1666666666666665
124,124.0,0.1666666666666665,0.1666666666666665,0.1666666666666665,0.1666666666666665,0.1666666666666665,0.1666666666666665
125,125.0,0.1666666666666665,0.1666666666666665,0.1666666666666665,0.1666666666666665,0.1666666666666665,0.1666666666666665
126,126.0,0.1666666666666665,0.1666666666666665,0.1666666666666665,0.1666666666666665,0.1666666666666665,0.1666666666666665
127,127.0,0.1666666666666665,0.1666666666666665,0.1666666666666665,0.1666666666666665,0.1666666666666665,0.1666666666666665
128,128.0,0.1666666666666665,0.1666666666666665,0.1666666666666665,0.1666666666666665,0.1666666666666665,0.1666666666666665
129,129.0,0.1666666666666665,0.1666666666666665,0.1666666666666665,0.1666666666666665,0.1666666666666665,0.1666666666666665
130,130.0,0.1666666666666665,0.1666666666666665,0.1666666666666665,0.1666666666666665,0.1666666666666665,0.1666666666666665
131,131.0,0.1666666666666665,0.1666666666666665,0.1666666666666665,0.1666666666666665,0.1666666666666665,0.1666666666666665
132,132.0,0.1666666666666665,0.1666666666666665,0.1666666666666665,0.1666666666666665,0.1666666666666665,0.1666666666666665
133,133.0,0.1666666666666665,0.1666666666666665,0.1666666666666665,0.1666666666666665,0.1666666666666665,0.1666666666666665
134,134.0,0.1666666666666665,0.1666666666666665,0.1666666666666665,0.1666666666666665,0.1666666666666665,0.1666666666666665
135,135.0,0.1666666666666665,0.1666666666666665,0.1666666666666665,0.1666666666666665,0.1666666666666665,0.1666666666666665
136,136.0,0.1666666666666665,0.1666666666666665,0.1666666666666665,0.1666666666666665,0.1666666666666665,0.1666666666666665
137,137.0,0.1666666666666665,0.1666666666666665,0.1666666666666665,0.1666666666666665,0.1666666666666665,0.1666666666666665
138,138.0,0.1666666666666665,0.1666666666666665,0.1666666666666665,0.1666666666666665,0.1666666666666665,0.1666666666666665
139,139.0,0.1666666666666665,0.1666666666666665,0.1666666666666665,0.1666666666666665,0.1666666666666665,0.1666666666666665
140,140.0,0.1666666666666665,0.1666666666666665,0.1666666666666665,0.1666666666666665,0.1666666666666665,0.1666666666666665
141,141.0,0.1666666666666665,0.1666666666666665,0.1666666666666665,0.1666666666666665,0.1666666666666665,0.1666666666666665
142,142.0,0.1666666666666665,0.1666666666666665,0.1666666666666665,0.1666666666666665,0.1666666666666665,0.1666666666666665
143,143.0,0.1666666666666665,0.1666666666666665,0.1666666666666665,0.1666666666666665,0.1666666666666665,0.1666666666666665
144,144.0,0.1666666666666665,0.1666666666666665,0.1666666666666665,0.1666666666666665,0.1666666666666665,0.1666666666666665
145,145.0,0.1666666666666665,0.1666666666666665,0.1666666666666665,0.1666666666666665,0.1666666666666665,0.1666666666666665
146,146.0,0.1666666666666665,0.1666666666666665,0.1666666666666665,0.1666666666666665,0.1666666666666665,0.1666666666666665
147,147.0,0.1666666666666665,0.1666666666666665,0.1666666666666665,0.1666666666666665,0.1666666666666665,0.1666666666666665
148,148.0,0.1666666666666665,0.1666666666666665,0.1666666666666665,0.1666666666666665,0.1666666666666665,0.1666666666666665
149,149.0,0.1666666666666665,0.1666666666666665,0.1666666666666665,0.1666666666666665,0.1666666666666665,0.1666666666666665
150,150.0,0.1666666666666665,0.1666666666666665,0.1666666666666665,0.1666666666666665,0.1666666666666665,0.1666666666666665
151,151.0,0.1666666666666665,0.1666666666666665,0.1666666666666665,0.1666666666666665,0.1666666666666665,0.1666666666666665
152,152.0,0.1666666666666665,0.1666666666666665,0.1666666666666665,0.1666666666666665,0.1666666666666665,0.1666666666666665
153,153.0,0.1666666666666665,0.1666666666666665,0.1666666666666665,0.1666666666666665,0.1666666666666665,0.1666666666666665
154,154.0,0.1666666666666665,0.1666666666666665,0.1666666666666665,0.1666666666666665,0.1666666666666665,0.1666666666666665
155,155.0,0.1666666666666665,0.1666666666666665,0.1666666666666665,0.1666666666666665,0.1666666666666665,0.1666666666666665
156,156.0,0.1666666666666665,0.1666666666666665,0.1666666666666665,0.1666666666666665,0.1666666666666665,0.1666666666666665
157,157.0,0.1666666666666665,0.1666666666666665,0.1666666666666665,0.1666666666666665,0.1666666666666665,0.1666666666666665
158,158.0,0.1666666666666665,0.1666666666666665,0.1666666666666665,0.1666666666666665,0.1666666666666665,0.1666666666666665
159,159.0,0.1666666666666665,0.1666666666666665,0.1666666666666665,0.1666666666666665,0.1666666666666665,0.1666666666666665
160,160.0,0.1666666666666665,0.1666666666666665,0.1666666666666665,0.1666666666666665,0.1666666666666665,0.1666666666666665
161,161.0,0.1666666666666665,0.1666666666666665,0.1666666666666665,0.1666666666666665,0.1666666666666665,0.1666666666666665
162,162.0,0.1666666666666665,0.1666666666666665,0.1666666666666665,0.1666666666666665,0.1666666666666665,0.1666666666666665
163,163.0,0.1666666666666665,0.1666666666666665,0.1666666666666665,0.1666666666666665,0.1666666666666665,0.1666666666666665
164,164.0,0.1666666666666665,0.1666666666666665,0.1666666666666665,0.1666666666666665,0.1666666666666665,0.1666666666666665
165,165.0,0.1666666666666665,0.1666666666666665,0.1666666666666665,0.1666666666666665,0.1666666666666665,0.1666666666666665
166,166.0,0.1666666666666665,0.1666666666666665,0.1666666666666665,0.1666666666666665,0.1666666666666665,0.1666666666666665
167,167.0,0.1666666666666665,0.1666666666666665,0.1666666666666665,0.1666666666666665,0.1666666666666665,0.1666666666666665
168,168.0,0.1666666666666665,0.1666666666666665,0.1666666666666665,0.1666666666666665,0.1666666666666665,0.1666666666666665
169,169.0,0.1666666666666665,0.1666666666666665,0.1666666666666665,0.1666666666666665,0.1666666666666665,0.1666666666666665
170,170.0,0.1666666666666665,0.1666666666666665,0.1666666666666665,0.1666666666666665,0.1666666666666665,0.1666666666666665
171,171.0,0.1666666666666665,0.1666666666666665,0.1666666666666665,0.1666666666666665,0.1666666666666665,0.1666666666666665
172,172.0,0.1666666666666665,0.1666666666666665,0.1666666666666665,0.1666666666666665,0.1666666666666665,0.1666666666666665
173,173.0,0.1666666666666665,0.1666666666666665,0.1666666666666665,0.1666666666666665,0.1666666666666665,0.1666666666666665
174,174.0,0.1666666666666665,0.1666666666666665,0.1666666666666665,0.1666666666666665,0.1666666666666665,0.1666666666666665
175,175.0,0.1666666666666665,0.1666666666666665,0.1666666666666665,0.1666666666666665,0.1666666666666665,0.1666666666666665
176,176.0,0.1666666666666665,0.1666666666666665,0.1666666666666665,0.1666666666666665,0.1666666666666665,0.1666666666666665
177,177.0,0.1666666666666665,0.1666666666666665,0.1666666666666665,0.1666666666666665,0.1666666666666665,0.1666666666666665
178,178.0,0.1666666666666665,0.1666666666666665,0.1666666666666665,0.1666666666666665,0.1666666666666665,0.1666666666666665
179,179.0,0.1666666666666665,0.1666666666666665,0.1666666666666665,0.1666666666666665,0.1666666666666665,0.1666666666666665
180,180.0,0.1666666666666665,0.1666666666666665,0.1666666666666665,0.1666666666666665,0.1666666666666665,0.1666666666666665
181,181.0,0.1666666666666665,0.1666666666666665,0.1666666666666665,0.1666666666666665,0.1666666666666665,0.1666666666666665
182,182.0,0.1666666666666665,0.1666666666666665,0.1666666666666665,0.1666666666666665,0.1666666666666665,0.1666666666666665
183,183.0,0.1666666666666665,0.1666666666666665,0.1666666666666665,0.1666666666666665,0.1666666666666665,0.1666666666666665
184,184.0,0.1666666666666665,0.1666666666666665,0.1666666666666665,0.1666666666666665,0.1666666666666665,0.1666666666666665
185,185.0,0.1666666666666665,0.1666666666666665,0.1666666666666665,0.1666666666666665,0.1666666666666665,0.1666666666666665
186,186.0,0.1666666666666665,0.1666666666666665,0.1666666666666665,0.1666666666666665,0.1666666666666665,0.1666666666666665
187,187.0,0.1666666666666665,0.1666666666666665,0.1666666666666665,0.1666666666666665,0.1666666666666665,0.1666666666666665
188,188.0,0.1666666666666665,0.1666666666666665,0.1666666666666665,0.1666666666666665,0.1666666666666665,0.1666666666666665
189,189.0,0.1666666666666665,0.1666666666666665,0.1666666666666665,0.1666666666666665,0.1666666666666665,0.1666666666666665
190,190.0,0.1666666666666665,0.1666666666666665,0.1666666666666665,0.1666666666666665,0.1666666666666665,0.1666666666666665
191,191.0,0.1666666666666665,0.1666666666666665,0.1666666666666665,0.1666666666666665,0.1666666666666665,0.1666666666666665
192,192.0,0.1666666666666665,0.1666666666666665,0.1666666666666665,0.1666666666666665,0.1666666666666665,0.1666666666666665
193,193.0,0.1666666666666665,0.1666666666666665,0.1666666666666665,0.1666666666666665,0.1666666666666665,0.1666666666666665
194,194.0,0.1666666666666665,0.1666666666666665,0.1666666666666665,0.1666666666666665,0.1666666666666665,0.1666666666666665
195,195.0,0.1666666666666665,0.1666666666666665,0.1666666666666665,0.1666666666666665,0.1666666666666665,0.1666666666666665
196,196.0,0.1666666666666665,0.1666666666666665,0.1666666666666665,0.1666666666666665,0.1666666666666665,0.1666666666666665
197,197.0,0.1666666666666665,0.1666666666666665,0.1666666666666665,0.1666666666666665,0.1666666666666665,0.1666666666666665
198,198.0,0.1644835657949721,0.1708450957089533,0.1695328598543203,0.1650897736233517,0.1645743714252816,0.1654743335931203
199,199.0,0.1613512616335995,0.174980415713178,0.1771100441027548,0.1613660406661225,0.1621699421139726,0.1630222957703718
200,200.0,0.1551053516394115,0.1793679487814665,0.1889153256540694,0.1560364539594185,0.1588084670949642,0.1617664528706692
201,201.0,0.1490405449477765,0.1834373721387143,0.2007307008585877,0.150538634549563,0.1555411611643062,0.1607115863410517
202,202.0,0.1431349737438126,0.1873486824254434,0.2120446365002843,0.1452050773248346,0.1524147152244566,0.1598519147811681
203,203.0,0.1375309584682525,0.1910852782975374,0.222929235987826,0.1401576389477036,0.1493436357764225,0.1589532525222576
204,204.0,0.1322977455551602,0.1946742575572023,0.233301929316765,0.1352666376094405,0.1465401565266549,0.1579192734347767
205,205.0,0.1271585843574994,0.1979173262286265,0.2430000788621558,0.1308951886009541,0.1439637720366149,0.157065049914149
206,206.0,0.1223710216972991,0.2009940849445891,0.252187686578096,0.126843728070277,0.1415512785635722,0.1560522001461666
207,207.0,0.1178923542811611,0.2037641505930715,0.2609270756240006,0.1232172668800943,0.1390359893992442,0.1551631632224282
208,208.0,0.1137363757394289,0.2064907723008688,0.2690281281372523,0.1198889157378031,0.1364769099044642,0.1543788981801827
209,209.0,0.1098371811151005,0.2087766240718132,0.2765367451135339,0.117073292617735,0.1340926914750049,0.1536834656068125
210,210.0,0.1063984077619833,0.2103712023530394,0.2837760485312277,0.1144841158567941,0.1319413402147401,0.1530288852822153
211,211.0,0.1033190336807501,0.211507718519841,0.2902159800386253,0.1122527366470592,0.1301829814860599,0.1525215496276646
212,212.0,0.1006253456600976,0.2124892350263893,0.2961600591633018,0.1098387687814107,0.128647739918339,0.1522388514504617
213,213.0,0.0983649456259295,0.2134655657359842,0.301370213426578,0.1078307967686827,0.1269160848823373,0.1520523935604883
214,214.0,0.0965059771445309,0.2142078255436015,0.3058556298560271,0.1059004143757968,0.1255064037290046,0.1520237493510393
215,215.0,0.095091344334834,0.2146865365909257,0.3097143000241883,0.1043171136896466,0.1243111824780324,0.1518795228823731
216,216.0,0.0941816975896648,0.2145852093938912,0.3130025212412916,0.1031597266604326,0.1231784102501641,0.1518924348645559
217,217.0,0.0937074382636407,0.2141646610865146,0.3159705907234205,0.1019033172679703,0.1221818985700525,0.1520720940884016
218,218.0,0.0936873022828315,0.2138784120939129,0.3184689459787826,0.1007766805790132,0.1213799516062699,0.1518087074591901
219,219.0,0.0936197160498631,0.2134626868006453,0.3203840421619055,0.0999702885607407,0.1208552983390141,0.1517079680878315
220,220.0,0.0939060577312405,0.2129764485592307,0.3218126154244531,0.0991952817698215,0.1206568306354217,0.1514527658798326
221,221.0,0.0943608528364684,0.2122032153972248,0.3227135839305466,0.0987938736498302,0.1206419762728908,0.1512864979130392
222,222.0,0.0949902344027343,0.211475385608903,0.3230225483799901,0.0986700163436359,0.120672989745082,0.1511688255196547
223,223.0,0.0958124533854324,0.2107139896673482,0.3231131535377401,0.0986341744762909,0.120508061329408,0.1512181676037804
224,224.0,0.0964895499623726,0.2099888885003553,0.3228373662468941,0.0988280685372493,0.120420664906521,0.1514354618466078
225,225.0,0.0973225051080123,0.2094320612795039,0.3219733457146347,0.0989222158801847,0.1205220023181923,0.1518278696994721
226,226.0,0.0981854195153938,0.2089773769224807,0.3211292604183822,0.0988522601102597,0.1205830162092106,0.152272666824273
227,227.0,0.099112919402639,0.2086442314446674,0.3197988076437376,0.0988716521898342,0.1207228922312481,0.1528494970878736
228,228.0,0.1001352225225984,0.208536423663182,0.3180654513420712,0.0987722991641474,0.1209961931029941,0.1534944102050067
229,229.0,0.1012460977609712,0.2083862165940344,0.3160821140033736,0.0991105114972913,0.121171565961093,0.1540034941832365
230,230.0,0.1024714655570911,0.2077662683400673,0.3141843048165442,0.0995087893999449,0.121498867670161,0.1545703042161914
231,231.0,0.1032067944018637,0.2075803618814491,0.3121064272588634,0.1000773585040052,0.1218211131165784,0.1552079448372401
232,232.0,0.1039210747085062,0.2075209044144328,0.3101274326685329,0.1006804530632879,0.1221345832289683,0.1556155519162718
233,233.0,0.1046914094714212,0.2076425602787139,0.3078642499812454,0.1012224824515335,0.1224825174199568,0.1560967803971292
234,234.0,0.1055097920141084,0.207761854792733,0.3054594053318634,0.1018068511731411,0.1229903894041985,0.1564717072839555
235,235.0,0.1065884290958751,0.2077000543283471,0.3027151820175503,0.1026810513474584,0.1234885463872672,0.1568267368235018
236,236.0,0.1077238056974037,0.2077336117979382,0.2997175533190202,0.103565217916536,0.1241182904299967,0.1571415208391053
237,237.0,0.1090047316692888,0.2075824336885157,0.2965773824547459,0.1043435857681754,0.1249039535176688,0.1575879129016054
238,238.0,0.1102250952163715,0.2074288989440395,0.2932890208155721,0.1051655757591759,0.1258159755224278,0.1580754337424133
239,239.0,0.1115250036270522,0.2077889902650499,0.2902508436150791,0.1060850953924476,0.1258688103804121,0.158481256719959
240,240.0,0.112780915950359,0.2080129461405661,0.2874655557441471,0.1066995110739902,0.1259064698491601,0.1591346012417774
241,241.0,0.1139352359032825,0.2082298819968522,0.2848781347142661,0.1071700556576056,0.1260025397589511,0.1597841519690424
242,242.0,0.1151297281279449,0.2084383500133033,0.2827624815942247,0.1076656732210249,0.1255691499873722,0.1604346170561298
243,243.0,0.1163550248637879,0.2085071200168247,0.2808467479504049,0.1082176724794251,0.1251113656645704,0.160962069024987
244,244.0,0.117411696743639,0.2085195628438325,0.2794808260781475,0.1087911794630036,0.1241462970070297,0.1616504378643477
245,245.0,0.1183661776784831,0.2085486709682546,0.2787845546183594,0.1093813475326458,0.1230048597013803,0.1619143895008768
246,246.0,0.1193716332119181,0.2083125986568474,0.2782456242520116,0.1100407427947181,0.1217761191120461,0.1622532819724586
247,247.0,0.1202200897368957,0.2082261688183299,0.2778244411164831,0.1107059663979885,0.1205865651248956,0.162436768805407
248,248.0,0.1207846170748139,0.2082462904016699,0.277404437919319,0.1113335909332006,0.1194671933416275,0.162763870329369
249,249.0,0.1213915898963594,0.2083951659283428,0.2773574463544671,0.1119733383616089,0.1183911843602512,0.1624912750989705
250,250.0,0.1218842491058544,0.2085381525924318,0.277422182308472,0.112501724361795,0.117360615228021,0.1622930764034256
251,251.0,0.122698752110821,0.2085457091561396,0.2772494100430693,0.1130181566025386,0.1163994837860813,0.1620884883013502
252,252.0,0.1237518997896816,0.2085033003826595,0.2767907000395817,0.1135090800248603,0.1155361087277076,0.1619089110355092
253,253.0,0.124590195567014,0.2087934871004565,0.2762117811956515,0.1139998188071305,0.1145559866151709,0.1618487307145765
254,254.0,0.1256031800720816,0.2087198630517809,0.2754309693830026,0.1144944820437435,0.1142069691837896,0.1615445362656017
255,255.0,0.126666004883787,0.2084681270306587,0.2746497634468809,0.1150548553129627,0.1139795161850296,0.1611817331406809
256,256.0,0.1275775483142656,0.2085030726439054,0.2737537169197835,0.1155455227242998,0.113853588185627,0.1607665512121185
257,257.0,0.1283851974338046,0.2082157150642148,0.273207026806755,0.1159579585391041,0.1138434877698234,0.1603906143862979
258,258.0,0.1295936488893992,0.208381219189024,0.2714933611742309,0.1165612164841883,0.1138726154626773,0.1600979388004802
259,259.0,0.1307593679943652,0.2084866115003962,0.2699020812821691,0.1171716938551228,0.1139408283963066,0.1597394169716399
260,260.0,0.1319009053941566,0.2082537742930038,0.2684003016739033,0.1177192934001638,0.1141394474950575,0.1595862777437149
261,261.0,0.1330247354615552,0.2080598311955592,0.266878878409933,0.1184071450833341,0.1141950056236593,0.1594344042259591
262,262.0,0.134011612877942,0.2077757478805018,0.265514593447148,0.1191677491293862,0.1143204789819984,0.1592098176830236
263,263.0,0.134824219262047,0.2077372826921115,0.264339404831414,0.1197811892633163,0.1144991594780011,0.1588187444731102
264,264.0,0.1356079268620355,0.2077020887442059,0.2628983428118655,0.120431056356313,0.1148057432372451,0.1585548419883349
265,265.0,0.1358719543534553,0.2076135298007306,0.26186042367935,0.1207892950371991,0.1153533720112163,0.1585114251180487
266,266.0,0.1362569171063893,0.2076089314875469,0.26054755622191,0.1211166513947455,0.1159471776609659,0.1585227661284423
267,267.0,0.1366366006505612,0.2075930935035891,0.2594374195786474,0.1211475233981989,0.1165820412969386,0.1586033215720645
268,268.0,0.1366520693917986,0.2078252597032179,0.2582227232250457,0.1211608614343667,0.1173516664380426,0.1587874198075284
269,269.0,0.1363508028894645,0.2081891826727825,0.2570843526442132,0.1211437854709501,0.1182218083523405,0.159010067970249
270,270.0,0.1355594638200232,0.2083286874231587,0.2567173841867003,0.1212218516831303,0.1185087321827017,0.1596638807042857
271,271.0,0.1347882985346634,0.2085941459509365,0.2564091602301342,0.1213423768302661,0.1188719114112434,0.1599941070427563
272,272.0,0.1340157072848273,0.209016389336844,0.2558995213139649,0.1214948449932852,0.1191772377201192,0.1603962993509593
273,273.0,0.1331736839723387,0.2097838488988406,0.2553837488159051,0.1216202499910783,0.1190487664569974,0.1609897018648398
274,274.0,0.1324564376013155,0.2106166098424753,0.2544598847841338,0.1217877376745451,0.1190346869777219,0.1616446431198084
275,275.0,0.1318857001110953,0.2112481567758334,0.2536209575060164,0.1219068441479871,0.119078901627391,0.1622594398316768
276,276.0,0.1313789516448805,0.2113480150809057,0.2530849933099056,0.1221217225154081,0.1191304990474958,0.1629358184014043
277,277.0,0.1305076735184166,0.2118469371784758,0.2528096156933783,0.1221485823724576,0.1192675368405634,0.1634196543967082
278,278.0,0.1299427686160165,0.212725633425282,0.2529368018484281,0.1220283728052982,0.1195120482590495,0.1628543750459256
279,279.0,0.1294843727473763,0.2133821919347797,0.2531818071849034,0.1218791673576489,0.1197823577642473,0.1622901030110444
280,280.0,0.1291634906677586,0.2141973268349252,0.2527120293038724,0.1218434499114185,0.1201340207927041,0.1619496824893212
281,281.0,0.1289671909316653,0.2148793578507393,0.2525721108206216,0.1217381915808264,0.1206911170207622,0.1611520317953853
282,282.0,0.1288439581123137,0.2151687203634317,0.2527177281440938,0.1221124270588137,0.121343979026137,0.1598131872952101
283,283.0,0.1287828229290891,0.2162203344290452,0.2521275576644506,0.1229874265068325,0.1222340638310536,0.157647794639529
284,284.0,0.1280240070594885,0.2170475499934834,0.2514362395476864,0.1243888882292011,0.1234130726604608,0.1556902425096797
285,285.0,0.1273754560797532,0.218181062162387,0.2508037172410289,0.1258485840585705,0.1243265733144074,0.1534646071438527
286,286.0,0.1269576840202178,0.2194738375715245,0.2501881918614807,0.1273412380841131,0.1245964443599774,0.1514426041026863
287,287.0,0.1265982858913582,0.2203610797425288,0.2499033125833179,0.1288097680966062,0.1248736427915965,0.1494539108945924
288,288.0,0.1262701201500209,0.2211236952538965,0.2497864907346449,0.1302876307007716,0.1250302853645337,0.1475017777961323
289,289.0,0.1260001699464456,0.2213930342682567,0.2500636259588799,0.1317118187337304,0.125178578698215,0.1456527723944724
290,290.0,0.1259745138480449,0.2218595424880468,0.2504085728486912,0.1333685129805261,0.1246170021726988,0.1437718556619922
291,291.0,0.1259688268224934,0.2222687953249343,0.2507434363291727,0.1350466219505487,0.1240913620102737,0.1418809575625769
292,292.0,0.124761851477925,0.2227552119067081,0.2517165030945243,0.1369370486133645,0.1237156494980595,0.1401137354094184
293,293.0,0.1236071269568261,0.2233042012609935,0.2527737026962348,0.1395450827741483,0.123629973810735,0.1371399125010621
294,294.0,0.1225215445081771,0.2237274321014581,0.2539681040557406,0.1419836215731953,0.1235152783210352,0.1342840194403937
295,295.0,0.1216456917144565,0.2230485937682499,0.2563669065265321,0.1438839793605129,0.123288545705611,0.1317662829246376
296,296.0,0.1206372371560983,0.2220899788602058,0.2587723760991821,0.1457667430323607,0.1232078422058709,0.1295258226462821
297,297.0,0.1197406774285769,0.2215968112939658,0.2593091194512966,0.1481266020546605,0.1236717741915119,0.1275550155799883
298,298.0,0.1189618127670396,0.2208904253390097,0.2604605642390647,0.1500237941886169,0.124104228468756,0.125559174997513
299,299.0,0.1178696844159694,0.2200929232356318,0.2617480916633662,0.1519941818898084,0.1245901371336559,0.1237049816615682
300,300.0,0.1169256457937065,0.2167022032972131,0.2628840899813432,0.1554248971100291,0.1259683793804149,0.1220947844372931
301,301.0,0.1161631842004622,0.2133505783060086,0.2634841005262547,0.1587190231526739,0.1272115688745592,0.1210715449400414
302,302.0,0.115555394569501,0.2098908606026604,0.2642042184421027,0.1619337322726842,0.1281086847465191,0.1203071093665327
303,303.0,0.1150942741308487,0.2068026537072066,0.2646518980369318,0.164057755201558,0.1295336742605464,0.1198597446629084
304,304.0,0.115287999271583,0.2035626710442905,0.2646804138026102,0.1648883213229384,0.1321916709372297,0.1193889236213481
305,305.0,0.1154385072052596,0.2005883979903099,0.2646363736585343,0.1654777442113544,0.1347342459176026,0.1191247310169391
306,306.0,0.115715035425444,0.1978129193546185,0.2645341140498148,0.1660620229568252,0.1369760444577598,0.1188998637555376
307,307.0,0.1160209646750523,0.1950671362987589,0.2644644228830859,0.1665425156804088,0.139091156741035,0.1188138037216589
308,308.0,0.1164190154766257,0.1926273698386647,0.2642656607969514,0.1666845390287554,0.1411535322166356,0.1188498826423671
309,309.0,0.1168916804956239,0.190522479520615,0.2641388802044099,0.1666540743586406,0.14273748502907,0.1190554003916407
310,310.0,0.1178102358811265,0.1884868403458066,0.2635217276920409,0.1664559345364181,0.1443278216636697,0.1193974398809381
311,311.0,0.1186838633399562,0.1868576164892164,0.2630324194473917,0.1662257042688514,0.1453504902717881,0.1198499061827963
312,312.0,0.119141541630353,0.1854088164685479,0.2625455294987335,0.1660997932972182,0.1462892171266649,0.1205151019784826
313,313.0,0.1196811543012224,0.1840052046030495,0.2621755162536937,0.1659814708876308,0.1468875446671161,0.1212691092872875
314,314.0,0.1203151246446083,0.1828964013672674,0.2615079988171235,0.1658186001494395,0.1473852627591685,0.1220766122623928
315,315.0,0.1211253643974932,0.1818656809920109,0.2608488312233835,0.1656647797107791,0.1477057784364634,0.1227895652398697
316,316.0,0.1219176339812524,0.1810214035170542,0.2602645585461109,0.1654480450947875,0.1479603208892166,0.1233880379715783
317,317.0,0.1226843838580211,0.1803797173664986,0.2597111330514132,0.1693227249514415,0.1439217939072483,0.1239802468653771
318,318.0,0.1237869565155069,0.1800045906814656,0.2592769737610294,0.1732838511375514,0.1388920126714173,0.1247556152330293
319,319.0,0.1240103315368514,0.1803344050006561,0.2587501588228156,0.177345631346769,0.1338777551210581,0.1256817181718497
320,320.0,0.1243858146436213,0.1808600732467873,0.2576355470003283,0.1814408854041122,0.1290089656908901,0.1266687140142607
321,321.0,0.1242858492935294,0.1818279781813813,0.256370839268275,0.1855553107089267,0.1243222885287707,0.1276377340191169
322,322.0,0.1243137905415413,0.1825910156760072,0.2554129388457813,0.189597642024288,0.1193691107771308,0.1287155021352513
