,Unnamed: 0,Generation,Intertwine_two,Add_vertex,Delete_vertex,Invert_path_vertices,Insert_inside_vertex,Delete_inside_vertex,Replace_inside_vertex,Donate_between_routes,Trim_one_terminal_cb,Grow_one_terminal_cb
0,0.0,0.0,0.09999999999999999,0.09999999999999999,0.09999999999999999,0.09999999999999999,0.09999999999999999,0.09999999999999999,0.09999999999999999,0.09999999999999999,0.09999999999999999,0.09999999999999999
1,1.0,1.0,0.1056269911882524,0.10167943853551513,0.07142975875175119,0.1198870799704147,0.10402961435798748,0.10676871433090311,0.102093391519929,0.08723681499303919,0.10569740680615358,0.09555078954605371
2,2.0,2.0,0.10292707574520776,0.08963711091633719,0.07894868365371939,0.10708960803310494,0.09832382261528688,0.10743922033211106,0.11558365525379269,0.08964582220222536,0.11000065565076508,0.10040434559744908
3,3.0,3.0,0.10360567709812873,0.08681330376518995,0.08389840376014439,0.1071017274541578,0.09656593036752749,0.10945390907293447,0.10079702712474428,0.09457564021317823,0.10033595241329438,0.11685242873069983
4,4.0,4.0,0.10042302526057319,0.09557699749153295,0.07697511963546892,0.10907127617664836,0.09802062265726244,0.11519646948535082,0.11382772815450751,0.08644614207210148,0.11314474150419432,0.09131787756235953
5,5.0,5.0,0.09975838675927148,0.10380350802864065,0.0781495017257264,0.09467214739022278,0.09993124277657991,0.11419924427499735,0.09976900325093986,0.09772435055297513,0.1079890589706241,0.10400355627002186
6,6.0,6.0,0.09534513805914804,0.0946457444943205,0.0784424648531383,0.11004752978169272,0.1046186800686997,0.1111516277129189,0.10497433178123675,0.09570391661258079,0.10110963259944203,0.10396093403682183
7,7.0,7.0,0.11361727164889301,0.09358678628300579,0.08419518423534732,0.10822437356493206,0.08532384942950917,0.11078208061041384,0.09744342398697466,0.08637056071471856,0.11041200864906824,0.11004446087713697
8,8.0,8.0,0.10070447997029319,0.09964527625266564,0.0781428949083323,0.10948410807161213,0.08756445328347037,0.12021121836577775,0.09993145861734176,0.0834749851597015,0.11016676097105718,0.11067436439974768
9,9.0,9.0,0.09382783035013753,0.08998845997027671,0.07648748913915047,0.1078194964550339,0.08662475113689026,0.1264281593109285,0.09810541597277588,0.09977825900899039,0.11537028669485802,0.10556985196095783
10,10.0,10.0,0.09668867522465172,0.09532541961576817,0.07687043927936352,0.10676944671019803,0.07842414837131657,0.12401518877552738,0.10106305247171701,0.08838822455633358,0.12042523114821072,0.1120301738469129
11,11.0,11.0,0.0940868733251573,0.09008810243010772,0.08651388110674059,0.09818062467900421,0.08338621870105747,0.10825803208492876,0.103025706198094,0.08800448172255854,0.13247323624973595,0.11598284350261508
12,12.0,12.0,0.09342810554797157,0.09280748116342971,0.07748749527483309,0.10237731081878905,0.08236446100282616,0.12420386489920979,0.10567883768224293,0.08220259510558965,0.12412210843763723,0.11532774006747033
13,13.0,13.0,0.10175655309875853,0.0862242304019298,0.08617837990540772,0.10645880773953251,0.08482448728042323,0.1215819953821573,0.10216301429247059,0.09519513306356867,0.11067372743734757,0.10494367139840369
14,14.0,14.0,0.10247307150117886,0.09857732307884344,0.08161635301482978,0.10163941385299675,0.09426467817245857,0.11525840204326201,0.09909643432859042,0.08157388809345296,0.11073676537402695,0.11476367054035981
15,15.0,15.0,0.1078783451519002,0.09083918922010115,0.08119981422037727,0.09396805351301141,0.08703755882811054,0.1201047921177681,0.10856113690321059,0.08658712989133502,0.12348976039800563,0.10033421975617969
16,16.0,16.0,0.09707760872357638,0.09596436551062193,0.08403923762294574,0.10811223427469452,0.08175494862852768,0.12381450439253398,0.09668582733240544,0.0876654176236494,0.11834388909580724,0.10654196679523717
17,17.0,17.0,0.09267949079687669,0.08951028241254921,0.06815620332117368,0.09929679266478035,0.07741297311731662,0.1253091594880819,0.11599457104991913,0.09317534049912463,0.12263083730925788,0.1158343493409194
18,18.0,18.0,0.09470144857477736,0.09222663106825134,0.07443543239869004,0.10364464324976294,0.0772560188696512,0.12853867767517246,0.0978958018623461,0.09169589289018149,0.127238151261803,0.11236730214936361
19,19.0,19.0,0.09695472620080567,0.08688304327189264,0.08810395696647175,0.1078436640751412,0.07770492871817629,0.121499246787987,0.10022917464633423,0.08442405782940046,0.12023998514910832,0.11611721635468186
20,20.0,20.0,0.08950676618463708,0.09684238084040761,0.09140833972382,0.094012768757359,0.08780457838430099,0.12385039273799422,0.1081814439273147,0.07641990585889014,0.1256453483056379,0.10632807527963786
21,21.0,21.0,0.08804610865055339,0.09053857011399313,0.08295525333239094,0.10456835289314996,0.09280335993662167,0.1383103714730827,0.09839281311648344,0.07604520582940812,0.12878350623754256,0.09955645841677362
22,22.0,22.0,0.09764999617053031,0.09805156857889155,0.08385452171163296,0.0991621344078979,0.07300233851871839,0.1264887492625349,0.10010644565618484,0.08072059588418176,0.1278894659953721,0.11307418381405476
23,23.0,23.0,0.08709541549524939,0.09890682321765497,0.07931029511738844,0.1031797957361648,0.06961010412589418,0.12279059895379678,0.10458497778401252,0.07850279397941676,0.1442566150263521,0.11176258056406958
24,24.0,24.0,0.08798659752386484,0.08180836278552807,0.08128832424619496,0.09816223067749398,0.0834968110885571,0.12862725307314365,0.09807203804621098,0.09104366310214744,0.13035094661981206,0.11916377283704645
25,25.0,25.0,0.09961814217298555,0.09025685935674381,0.08224026416925231,0.1062798269283826,0.08216233902098447,0.1276928788545776,0.09777032835527319,0.07769728155924814,0.12791973283673203,0.10836234674581972
26,26.0,26.0,0.09512017853612996,0.10368037500836569,0.07378277306630224,0.10288936375472209,0.07519631540357018,0.12717235318373188,0.10277127690881697,0.08813040193216634,0.1278233285254555,0.10343363368073866
27,27.0,27.0,0.10057056324090155,0.08698718798885385,0.08109436800013572,0.0980145417353587,0.08257406000374214,0.1289744451413856,0.09746040609183952,0.08399583206112271,0.1300173181426917,0.110311277593968
28,28.0,28.0,0.09461159524737525,0.10116105421928219,0.06909259494741099,0.10448321493675768,0.08459616420908904,0.12801930907117084,0.09085128128716832,0.08810687320356261,0.13499094699076672,0.10408696588741584
29,29.0,29.0,0.0923679331836268,0.08519221245509608,0.07725276712587996,0.10746754885594548,0.07923657631583575,0.1399088771247769,0.09840833118514282,0.08882239812596308,0.1192437236052029,0.11209963202252979
30,30.0,30.0,0.09361081148947518,0.09609081581104119,0.06853963207805898,0.10666366740880531,0.06369794909172961,0.1418342901703131,0.101677696991341,0.08079348392379194,0.13622096860852625,0.11087068442691694
31,31.0,31.0,0.09863205057382977,0.10465250224490256,0.07917322433366039,0.09178398864389438,0.07157577998937009,0.1318146969422459,0.09393554631543735,0.07499260891934638,0.14348116985232556,0.10995843218498713
32,32.0,32.0,0.10088319140139965,0.1002111007214173,0.07155847958747828,0.08687772874504134,0.08740185066805713,0.12714295713366383,0.09081086378513628,0.07837201975543613,0.1381452992201231,0.11859650898224645
33,33.0,33.0,0.08678270407618496,0.09000749668713362,0.089036631452115,0.10023626390811143,0.06442708469646989,0.1343067013522798,0.10606639126325637,0.08652042200474805,0.13365975817981385,0.10895654637988657
34,34.0,34.0,0.09773527334073703,0.08723214451291515,0.08239027489153261,0.09322717453633417,0.07353792058604981,0.1391236004153751,0.0996349681394099,0.07429000694833895,0.14009779762033586,0.11273083900897099
35,35.0,35.0,0.10399152131074349,0.08135312430526115,0.07607132028302786,0.0834557123902376,0.07044090005011004,0.13542689424878113,0.09729252657493077,0.08697552544032569,0.15214424375195973,0.11284823164462202
36,36.0,36.0,0.09400294190324156,0.0964058598550834,0.08614901187122163,0.0884608908788765,0.07475240537658168,0.13849629309601844,0.0950071196383209,0.07438969985782348,0.1444931244405398,0.10784265308229227
37,37.0,37.0,0.09852641928141706,0.06725062231222619,0.07878340471329116,0.09098327062461223,0.08069403081497785,0.13933949174421473,0.1113382449669857,0.08716959593434824,0.1338853862159765,0.11202953339194985
38,38.0,38.0,0.09228069768402139,0.09341089132735789,0.07072272893587164,0.09885032979112643,0.06622776917756676,0.1455307403359741,0.10004755521141613,0.08590217898190478,0.13698864405481692,0.11003846449994344
39,39.0,39.0,0.08420287309317542,0.08735136706067693,0.07699280716765679,0.09907488141169721,0.0720823478504993,0.13336759062060988,0.10125794596913407,0.08422851828203416,0.1439082060650949,0.11753346247942091
40,40.0,40.0,0.10212222638500043,0.09905509898940652,0.07924216733847314,0.09772506111929127,0.06632614629610231,0.128175499490027,0.10322955310988882,0.07719625893440747,0.12977721844412726,0.11715076989327529
41,41.0,41.0,0.1011292810835599,0.0937279834629818,0.07753990370379764,0.0936160519758196,0.06746049856118322,0.1329462995989523,0.09388153148782956,0.07813336852280675,0.15470843763425504,0.10685664396881371
42,42.0,42.0,0.1001230474705009,0.09762416095322175,0.07666022112522161,0.10866274501900026,0.05640218726919064,0.1375164746360274,0.10213967565465285,0.084928263500514,0.12838655647440383,0.10755666789726633
43,43.0,43.0,0.0933347841806275,0.0797745032577093,0.09331243490468287,0.10206509260690744,0.07463448937370201,0.14312455955728604,0.11103849600519107,0.06982812052777525,0.12553588659263326,0.10735163299348482
44,44.0,44.0,0.08818419879078895,0.09662488182584099,0.08521870491867538,0.0909966696157258,0.06347752595400184,0.14235376500759322,0.09360327178839613,0.10132678868102307,0.13332969755401253,0.10488449586394162
45,45.0,45.0,0.09713904453324411,0.09846937463566893,0.0781357396112746,0.08722536408965212,0.0656905661816613,0.13990299198044076,0.08902011568653964,0.08301796893141362,0.1478726735924704,0.11352616075763397
46,46.0,46.0,0.08951649940867616,0.09451802737062123,0.0849749197519946,0.08644765800313484,0.07106912725977936,0.14836793869237905,0.09402403814663816,0.08391870546785889,0.14202285199932205,0.10514023389959523
47,47.0,47.0,0.07994080019549657,0.11002502924822184,0.09554349082048422,0.10006024816763004,0.07098074507835499,0.1400384463720156,0.08571392356581028,0.07838466528220098,0.1365066177981052,0.1028060334716798
48,48.0,48.0,0.0915444165424956,0.0866136866521809,0.0780841560602821,0.09689017615232481,0.07589883297709824,0.13477875415200033,0.10415848403874603,0.07897105231814529,0.1413183180384694,0.11174212306825682
49,49.0,49.0,0.10692358508625002,0.09209705235072588,0.09087517183801211,0.0813868064325896,0.07253566066723426,0.14206261149983673,0.08985455359048258,0.07849078402429657,0.13985713758373838,0.1059166369268334
50,50.0,50.0,0.0884527602579403,0.10350575762458245,0.08078960251320325,0.09713159195384544,0.07057977534203326,0.13314850172696874,0.10728489817190116,0.07388494515679943,0.1398693231713836,0.105352844081342
51,51.0,51.0,0.09709642790428766,0.08897083755840661,0.09518080987448109,0.08643202579750939,0.07327867334165546,0.1345542909070104,0.08671786493668728,0.09419645712408167,0.1372310570519764,0.10634155550390352
52,52.0,52.0,0.09278499020164213,0.09726914440960831,0.07371434218125403,0.08968243926908318,0.07708597554456743,0.1412237508051233,0.08612893318955527,0.0878495889621207,0.14255338310378646,0.11170745233325882
53,53.0,53.0,0.08571930404122825,0.0870956104076054,0.07960933988323331,0.10202686380749797,0.05627423280923901,0.14167088504881029,0.09692385268350977,0.08711640331345485,0.1561619114435843,0.10740159656183634
54,54.0,54.0,0.092438788636456,0.09723059608281745,0.08887295913135043,0.08858492103297778,0.06340595304180116,0.1372868534490842,0.09046591700188734,0.07157518233086696,0.14047374335363955,0.12966508593911868
55,55.0,55.0,0.09618008912646066,0.09631552971887833,0.07462270438010102,0.08931513929956933,0.05392171864226393,0.139528235674374,0.10315945682262302,0.09110467238599398,0.13724578560131578,0.11860666834841956
56,56.0,56.0,0.09246799883800474,0.09584251838702883,0.07726012906622869,0.0972953715804776,0.06304287806183566,0.1401761018186557,0.09812617433801131,0.07554344318788157,0.14486720943792675,0.11537817528394864
57,57.0,57.0,0.0922360935924361,0.09964069847714808,0.08446931628159429,0.09792110742238055,0.05417232721678985,0.12209469162263335,0.10087886415141463,0.08628082383243138,0.14152738024502837,0.12077869715814298
58,58.0,58.0,0.08823200587316714,0.09015237775553894,0.08025061912839544,0.10448608790435336,0.06805842209666915,0.13351444781791905,0.09597336140237042,0.07492977170242418,0.14116514572551414,0.12323776059364762
59,59.0,59.0,0.08738992975457002,0.09403033331102462,0.08540322133362557,0.09513764579475283,0.06423122425801989,0.1425678355694102,0.1003310260714673,0.08088438554412461,0.13993573467378012,0.11008866368922439
60,60.0,60.0,0.08906193145210914,0.10214268871574732,0.08644513563556983,0.09782760368828214,0.05906595199234558,0.15008543013821743,0.09663443019130975,0.06929141662932266,0.14939952269270024,0.10004588886439551
61,61.0,61.0,0.10125765136394174,0.08677059873299048,0.08491508966719294,0.0877219514207759,0.05024054822805698,0.1454939739602185,0.10780237296907982,0.07558983555859097,0.1399301542544485,0.12027782384470372
62,62.0,62.0,0.092913237464193,0.09786550636092675,0.08882118365758843,0.09238828695906552,0.058329171338019646,0.14086364354455466,0.10597971730478903,0.0656654495244858,0.13649208168063484,0.12068172216574188
63,63.0,63.0,0.08712410646947967,0.09383904620899783,0.07857888525182084,0.09889379644345514,0.07453041960694512,0.13477075926651447,0.09940784253443588,0.07932321315696159,0.13648798484169083,0.11704394621969816
64,64.0,64.0,0.09171013648474098,0.09799696888463669,0.08617982731881171,0.10556420741986552,0.06200468121260917,0.14167393284580676,0.09315281851658232,0.07773286002472929,0.12082374012053976,0.12316082717167734
65,65.0,65.0,0.09600157567215764,0.09405011276558284,0.08081482940517568,0.09468928941745303,0.05717932384931923,0.1468046725043255,0.0928183354081811,0.08620955901637628,0.13889342690074682,0.11253887506068143
66,66.0,66.0,0.10150901655140643,0.10557503601251672,0.09821312845340342,0.09162632865834358,0.07504403134422746,0.12588633409931185,0.09928082840092106,0.0753544514563732,0.12515658913179256,0.10235425589170329
67,67.0,67.0,0.08878752062843727,0.09776841075002121,0.0814396651344976,0.10135120805381337,0.06199416057111575,0.14125588076459228,0.09928274309907646,0.07965338090513788,0.14090194138248055,0.10756508871082718
68,68.0,68.0,0.08417156828283509,0.0969847279387004,0.08516374931484424,0.09951841114315596,0.054429557474028355,0.14662165172053201,0.08935994826181186,0.08182747723165155,0.1376737038238593,0.12424920480858075
69,69.0,69.0,0.08990147923200095,0.09423261958903466,0.09283898419386628,0.09069430660494299,0.06428232931686514,0.14821556617691675,0.10178778311819907,0.06825091648714907,0.13683321097215184,0.11296280430887273
70,70.0,70.0,0.08224793331634347,0.09418035841783055,0.0753790608516623,0.10010226347527189,0.06647050653815609,0.14915942966880963,0.09553325666525715,0.07755483484653618,0.14995111080894383,0.10942124541118836
71,71.0,71.0,0.08735593105628195,0.09966594945419524,0.07928683615167062,0.1000742460644886,0.062392018236281065,0.13634950259644682,0.0985111247293422,0.06976980729108766,0.1430284441970258,0.12356614022317962
72,72.0,72.0,0.08925775402536652,0.0893466887257303,0.08677763384373964,0.10772177834182575,0.0748589033545051,0.13366129891213616,0.08568581048226673,0.08302276850413609,0.14482733523328334,0.10484002857700991
73,73.0,73.0,0.08167327389743455,0.093712148066333,0.08465570136911195,0.09895863292085952,0.07222528636598485,0.14494690078780834,0.09476970685024963,0.08620850323891904,0.14056859596232502,0.1022812505409737
74,74.0,74.0,0.09396071150171034,0.08774058631388384,0.0832230080985388,0.10074013009022556,0.06767464349116245,0.14494315761113546,0.09062814719815464,0.07109941754930231,0.13568034535751755,0.12430985278836859
75,75.0,75.0,0.07817086145504323,0.0949262146905658,0.09025627833394885,0.08880676047873069,0.0699223592714061,0.13373330722717944,0.10363814254849504,0.08884771854031898,0.14711412494040085,0.1045842325139105
76,76.0,76.0,0.08692248523189564,0.09025192158827859,0.07875249476711615,0.09686012519970513,0.06695589665378085,0.13527077806234428,0.09304035900307453,0.08701310718916265,0.1538887881683389,0.11104404413630291
77,77.0,77.0,0.08707951295915156,0.09289507270589248,0.08546833089336447,0.09941788577845005,0.06184891495400533,0.13694509364444396,0.1009695336517217,0.08400975449985625,0.14475861546613436,0.10660728544697932
78,78.0,78.0,0.0940648925332404,0.09070056023931197,0.07898094394560654,0.10871894062923733,0.06908685628108194,0.1380144002782543,0.10161714202203517,0.0768315918477674,0.1351159414236999,0.10686873079976464
79,79.0,79.0,0.09419240965646873,0.09789961569271163,0.07493607102671415,0.09909348058697175,0.06103750732711225,0.14699870537484833,0.10261296767327124,0.07672935309777114,0.14476641794026537,0.10173347162386497
80,80.0,80.0,0.08298973637615309,0.09748680792292938,0.09423545317211071,0.09330534286638595,0.06777312227031801,0.144989095746053,0.09446591779517158,0.07599562186602744,0.1379894849722554,0.11076941701259484
81,81.0,81.0,0.09105772151811584,0.07835023048416831,0.08007766474054585,0.09254641824578025,0.07291955560017292,0.14765128500477243,0.0968720824060262,0.08509463596281153,0.14153979281479903,0.11389061322280711
82,82.0,82.0,0.0867210708648459,0.09605207089311742,0.08421890005307195,0.09160741259539604,0.07501801395316819,0.1383182461026106,0.1002438801904409,0.08753067089700062,0.13993608763579626,0.10035364681455161
83,83.0,83.0,0.10625728188875179,0.09631640204930003,0.08590182166770918,0.09438722570973185,0.07244019558269754,0.13054220335152347,0.10242699025724958,0.06925967042435022,0.14182433695812216,0.10064387211056362
84,84.0,84.0,0.09149506964538033,0.1054832999674509,0.07585399694838958,0.09885031353748829,0.056208385413802145,0.14854338640175985,0.09300215747108362,0.07787522774289864,0.13598810259008795,0.11670006028165827
85,85.0,85.0,0.0945969677304163,0.08968144953541635,0.0828064859437895,0.09570943714040511,0.0620352900591538,0.15230228029897686,0.09325336428203779,0.0706759792268998,0.14563648268787968,0.11330226309502438
86,86.0,86.0,0.09719409299565067,0.09121874684597468,0.07858511853363155,0.10144919234295705,0.06462953858873648,0.13814895280589273,0.10330969932340398,0.0721711968511495,0.14220680811405595,0.11108665359854697
87,87.0,87.0,0.09634137403647215,0.11380930805554874,0.081175609229067,0.10690907090969712,0.055990762078109976,0.13935245905766142,0.08945226023747385,0.07590704087633122,0.12846456431167133,0.11259755120796686
88,88.0,88.0,0.09075355610918837,0.09825789770404461,0.07785039544344274,0.09143948637918561,0.06807590675341117,0.15043208463350996,0.10167935209967845,0.07818557896436956,0.13695458446679243,0.10637115744637667
89,89.0,89.0,0.09472280686480672,0.104649165399946,0.08106729867112943,0.10149070597740899,0.05812824310808147,0.14073523770732072,0.09768649348138772,0.07320284675235825,0.14413510704151605,0.10418209499604421
90,90.0,90.0,0.08284150076618847,0.08057035157129341,0.08108618689295598,0.10318012833097463,0.06821047329733973,0.13563925095585666,0.1111068469573886,0.08155916683538598,0.143339867664408,0.11246622672820812
91,91.0,91.0,0.10767859868373016,0.09491324626661878,0.09176506426450584,0.09901346039440409,0.06818329791564441,0.12975096930268198,0.09717158921749663,0.06858653956090252,0.13128206827208558,0.11165516612192954
92,92.0,92.0,0.08317896372071043,0.094262585167629,0.08782107219173749,0.0981121087558268,0.06982880234561632,0.1214137948109824,0.1074319419404838,0.09263906358181599,0.14254822509037693,0.10276344239482031
93,93.0,93.0,0.10497390252317607,0.10013464514735146,0.07998626665075381,0.0965801016052732,0.06546806770009259,0.14069423714773013,0.09885364961813944,0.07248307476499732,0.13841390927192296,0.10241214557056252
94,94.0,94.0,0.09276362097929511,0.09015482804974409,0.06769010415549852,0.10614900681983534,0.08336230332517729,0.13500038554010907,0.10233347732604911,0.08365049188981535,0.13525475037074397,0.10364103154373168
95,95.0,95.0,0.09616111101847746,0.0980060999875862,0.09462684947910678,0.08928187284168927,0.07316563841972964,0.13173964881459838,0.09314931941456114,0.07832597564527113,0.13354820882039337,0.1119952755585861
96,96.0,96.0,0.09365872772354425,0.10035372287648252,0.08675305449116592,0.10106688324593309,0.07184131217059839,0.13783192779990394,0.09312894546463076,0.06987235028235314,0.13659190909094263,0.10890116685444491
97,97.0,97.0,0.08480931882479265,0.09976495165861989,0.08611914685865533,0.08666852717227372,0.06630471606321682,0.1474109330244913,0.10329388141513644,0.07208710642004987,0.13723305840495334,0.11630836015781017
98,98.0,98.0,0.09011144132173901,0.09459782753518145,0.07660676702135225,0.10082911895757747,0.06602847585804464,0.15275836841369836,0.10979476841687,0.08045007290173296,0.11936539151957323,0.10945776805423017
99,99.0,99.0,0.08556046025456046,0.08507468600385602,0.07682845686139121,0.11086400566515094,0.07715893962602503,0.12474057312518946,0.09362210795062494,0.08250324091534929,0.13904116191156443,0.12460636768628783
100,100.0,100.0,0.09904075481465198,0.10245069311985869,0.0756782087744147,0.09155768571810634,0.07699293306443387,0.1270645645191943,0.0938286311072471,0.07258974405311755,0.14430725176903317,0.11648953305994188
101,101.0,101.0,0.07904397803023641,0.08492973937367868,0.09147211740057264,0.10570745833505826,0.07788413618915843,0.14782693282493697,0.09730546535937193,0.07386924244081619,0.1377841166368491,0.10417681340932092
102,102.0,102.0,0.10259743114157607,0.07904774252606225,0.09444219328834191,0.09093085008251592,0.07974196937430353,0.12700702989866688,0.09807636304500708,0.08565425004627199,0.1392713475786553,0.10323082301859858
103,103.0,103.0,0.08437426746954352,0.09976606208105912,0.09138422813345642,0.10119005972542867,0.07251233995130536,0.12605886630354274,0.10020945621562657,0.06953296955342007,0.1322838541563663,0.12268789641025073
104,104.0,104.0,0.09081113068214067,0.09068715022629525,0.08200944305026331,0.1018154641968401,0.0702172389813329,0.13694261375601602,0.09232211197137416,0.08158575704674925,0.13494796427871497,0.11866112581027291
105,105.0,105.0,0.10476931439766243,0.09606432305721255,0.07194019164445968,0.09129906804804608,0.06504107301531739,0.12325667584005733,0.09424719105645578,0.09244285962459606,0.15031746291200698,0.11062184040418524
106,106.0,106.0,0.09785510956065357,0.091734143067691,0.06943799164602135,0.0985590490538718,0.06608593242239731,0.14921367022065118,0.09975511303217505,0.08334157531303502,0.14194772878779224,0.10206968689571101
107,107.0,107.0,0.11192644609331884,0.0766907613080613,0.09053174907317571,0.0910543343430353,0.06190784962528528,0.1449048732447094,0.09651951582597776,0.0831661480951124,0.12665989432751235,0.1166384280638112
108,108.0,108.0,0.08311792463730296,0.08493937572468041,0.08459144205144992,0.10076375313676408,0.08055234328827547,0.137606142448033,0.10502732078549355,0.07098559097248172,0.12952673353100888,0.12288937342450953
109,109.0,109.0,0.09285152814490409,0.08368975098721038,0.08519190868801174,0.09219101565743935,0.07806275461378646,0.13785994569091567,0.10620899285314205,0.07477273196748827,0.12377492638904512,0.1253964450080565
110,110.0,110.0,0.09329584914394767,0.1049533954383521,0.07524094749451618,0.09384723383925997,0.06425535260108063,0.14753371052215022,0.10292998948756986,0.07219567250488451,0.13214054471762546,0.11360730425061297
111,111.0,111.0,0.09684970541351341,0.09295386492174124,0.07852010809819472,0.10066923970426238,0.07217562143326053,0.12517415969505996,0.09411176353625482,0.07844216440303682,0.14130914663456612,0.11979422616010951
112,112.0,112.0,0.0941787790959901,0.0880893610626278,0.08234821727555888,0.11077229683185152,0.06774165239109636,0.12983657675869606,0.09705172789066255,0.0747286152733668,0.13708845393197225,0.11816431948817722
113,113.0,113.0,0.10091501688596169,0.09659405886980671,0.07864549041916662,0.09748583052489909,0.07105456552086498,0.1326948868123773,0.1030327643861775,0.08410189902054925,0.132934002064356,0.10254148549584048
114,114.0,114.0,0.07923533829949395,0.1074137216660217,0.06882528706460248,0.09926447382390594,0.0571783113660607,0.13420523378338511,0.11975142928040083,0.07160956420246287,0.13751101170386648,0.12500562880979948
115,115.0,115.0,0.09712544637143282,0.08343459072748868,0.07258498460151667,0.1005238482901842,0.06632546203980802,0.1250799293681309,0.1066064816163302,0.08736834259613561,0.14272761096073056,0.11822330342824183
116,116.0,116.0,0.08119904018447949,0.09816000424852278,0.09720711056616439,0.09057741482458019,0.06998916902509025,0.13643692676876967,0.09742254330593084,0.07979222380599905,0.1431904259828956,0.10602514128756728
117,117.0,117.0,0.09498711134068526,0.09981321565809248,0.07566533795274838,0.1032325807185194,0.07043845968395598,0.13577995933219197,0.10604398890160269,0.07407617871014119,0.1343264173840723,0.10563675031798984
118,118.0,118.0,0.07890875027301399,0.09447368800898975,0.08397743117998005,0.11763998874152345,0.05767804235333949,0.12526702248235128,0.09798025979347033,0.07438275791466212,0.1575850284529752,0.11210703079969389
119,119.0,119.0,0.09048718795178054,0.10081534434589086,0.09536670028356461,0.10580419593370974,0.06467283163832056,0.13804769428054853,0.10174068012560267,0.07599441595980275,0.12432806151897087,0.10274288796180828
120,120.0,120.0,0.0910979086243078,0.09160519992762835,0.07782992335209706,0.09275191701584604,0.07255009655499348,0.12471098289425289,0.10852994591977869,0.06494293042651048,0.1563234676256856,0.11965762765889912
121,121.0,121.0,0.08668873487483716,0.0964293461662236,0.07987379553709019,0.10454089850487343,0.06784233411477644,0.13457310240570117,0.09584955657807716,0.07827789013675532,0.13578457934121546,0.12013976234044951
122,122.0,122.0,0.10606200722500943,0.09801213893499984,0.07969264644780354,0.09702814728159796,0.06336690007342498,0.12794020252209004,0.10243971200941807,0.07407390351826175,0.14248775516351866,0.10889658682387524
123,123.0,123.0,0.10295793726576345,0.08930662947565786,0.07918584568423008,0.09934854101628905,0.05455086097282548,0.13285129730615747,0.10042267819500283,0.09267347225996243,0.13200281777609052,0.11669992004802035
124,124.0,124.0,0.09734327237287847,0.08887417657539355,0.0744326751864917,0.10305510065746318,0.0688097298430442,0.12923562862512092,0.1092551033822818,0.07962513250322895,0.13460604853156816,0.11476313232252862
125,125.0,125.0,0.09091064464309026,0.10608712854987364,0.08364452124749058,0.1022049601598389,0.07544894718181319,0.13365047201042118,0.09972439080111631,0.07401709647297869,0.12209787975538142,0.1122139591779954
126,126.0,126.0,0.08409266104322594,0.11037558546470613,0.08587778147000445,0.09665075792514731,0.07368868468982256,0.1272471235395965,0.10718408522216989,0.08051755767039663,0.12765815750119253,0.10670760547373766
127,127.0,127.0,0.09777945286363117,0.1035923355965607,0.07078453550662851,0.09417585489859656,0.06726551116371612,0.13315389682816164,0.08653858092945463,0.09145087683545641,0.13731009840501135,0.11794885697278246
128,128.0,128.0,0.08727884720752346,0.0929712282379643,0.07413822584755983,0.1043882845104975,0.0660568666060577,0.14184777614283256,0.10679672592473233,0.08895069411352902,0.12197992340857818,0.11559142800072467
129,129.0,129.0,0.09764410488362814,0.09907652601475912,0.07836912204615609,0.1011803082105244,0.05819421299540688,0.15077283296405355,0.10198494607599136,0.07592566091109136,0.13163771245396033,0.10521457344442833
130,130.0,130.0,0.09649147961375722,0.10459589696757483,0.06703964952605865,0.09076016904239613,0.06452336910894588,0.13292319492853516,0.10588868753342144,0.08110889203915372,0.13106486262060832,0.12560379861954823
131,131.0,131.0,0.09153687037998426,0.09362160612663353,0.08161646329318498,0.09573613490013996,0.07378329365310851,0.1304935630275885,0.0964479146182016,0.08794987767622756,0.135801743214149,0.11301253311078167
132,132.0,132.0,0.08590153843202408,0.09372892830560996,0.08253727752338293,0.10857315092434165,0.06609525429559085,0.1337124260602992,0.10414957538361129,0.07072217582433572,0.14058081684405654,0.11399885640674726
133,133.0,133.0,0.103409697028169,0.1080432068583241,0.06514361099873682,0.09259660764155686,0.06971017658312753,0.141052868536066,0.0967335675865722,0.061308466075724474,0.13963394853274436,0.12236785015897826
134,134.0,134.0,0.09250282642260851,0.12167608144441511,0.0882226612349097,0.1092915229878197,0.0656067473491794,0.14062804624097128,0.09065447745117598,0.0662174688034928,0.12321327844278636,0.10198688962264066
135,135.0,135.0,0.10140449347077848,0.11175841670888491,0.08295153174207295,0.1031059040899897,0.058132569624621724,0.11972727922713602,0.10423300439662424,0.0728458959405627,0.13187386419034133,0.11396704060898752
136,136.0,136.0,0.1063877851817554,0.09301687074690361,0.07869066148490814,0.09702494692806919,0.057837135790131,0.12922975886459062,0.10087488260314285,0.08158570146538544,0.1409710445405789,0.11438121239453439
137,137.0,137.0,0.09305672812065438,0.083343726977495,0.07092430052018141,0.09678297271508589,0.07521107491015715,0.14070494157939697,0.1165405887380018,0.07782108758733802,0.13331658715839587,0.1122979916932931
138,138.0,138.0,0.10224929003301172,0.08703610981484258,0.06738665104211972,0.0992511043269029,0.06570273386504062,0.137532987765498,0.1053390252274142,0.07882110756822558,0.14078175485788047,0.11589923549906378
139,139.0,139.0,0.10611553439626742,0.09607047118663178,0.07335521625011633,0.10056765533774407,0.07308437770445053,0.13794460928191854,0.0983907301256077,0.06487780221500174,0.1340619536879048,0.11553164981435667
140,140.0,140.0,0.09112267909114874,0.10586265726405064,0.07121148011347171,0.0954109576029881,0.06556881011330731,0.13010993069914953,0.10461996137634802,0.08526747201241051,0.13689508788602683,0.1139309638410982
141,141.0,141.0,0.0923703362871966,0.08373705982631781,0.08307117362409533,0.09043784043036154,0.07324996524760183,0.1381288230357077,0.1061445516902112,0.0723340361465318,0.14497695957390153,0.11554925413807415
142,142.0,142.0,0.08843605015968731,0.08601555186640081,0.07568723963711557,0.09917878961479802,0.06982553716744254,0.1414390810349931,0.11041328803611557,0.08834979423719506,0.12678828035084772,0.11386638789540382
143,143.0,143.0,0.09832308480936008,0.10118339172980165,0.07555689940601543,0.1110559762758752,0.06465272875390185,0.12301710033091509,0.09536147549271723,0.0841588108844119,0.133820933155456,0.11286959916154504
144,144.0,144.0,0.08903683603322818,0.09779742662862975,0.08464310809136169,0.08828599299081354,0.08279418363435104,0.1249913310696625,0.08866943386502132,0.07431354907718564,0.14176293891919078,0.12770519969055497
145,145.0,145.0,0.10112530722375271,0.08316845412326823,0.08046316483253035,0.10884754343714724,0.06480304643543064,0.13237024379050205,0.1060052929615986,0.08439947535058367,0.1285860310378976,0.11023144080728849
146,146.0,146.0,0.09319989227399114,0.10030857194460266,0.07214125825312184,0.10881400829725515,0.06489351564907211,0.12397043891895113,0.097859343526136,0.08410835872436606,0.13285983524657033,0.12184477716593307
147,147.0,147.0,0.08134234490776866,0.10256456055150306,0.07478090827577938,0.10470117004266766,0.07466010850569631,0.13535136914664722,0.10797598893195222,0.07559146683857522,0.13354299948524453,0.10948908331416529
148,148.0,148.0,0.09584382593958805,0.1127217574388564,0.07495678801400296,0.09193216869075818,0.07079609344587244,0.1254794141126081,0.0913987275946814,0.07119443997575317,0.14769488395794889,0.11798190082992999
149,149.0,149.0,0.08856697775471986,0.08744380161689062,0.08721030863318234,0.10287594099067196,0.06227727055023883,0.14507691859435126,0.10086734506574721,0.0792924351191864,0.13208169547769819,0.11430730619731284
150,150.0,150.0,0.10257470608968747,0.08954934037018498,0.07086197452692852,0.10689330808614605,0.08432238602659643,0.1341126395905116,0.10732148933162436,0.08027683850345713,0.13048889152295617,0.09359842595190689
151,151.0,151.0,0.09772680659457632,0.1065882248449419,0.09219670172696548,0.09994436557906511,0.061590791878354686,0.12223137682908594,0.08771706530976259,0.08680011043121574,0.13936248890405187,0.10584206790197992
152,152.0,152.0,0.08492043733784252,0.10974896406508583,0.08538829236241105,0.10687452450132137,0.07069145403531442,0.13967384085494655,0.08167255837648194,0.06915289410343534,0.13707331842559084,0.11480371593756969
153,153.0,153.0,0.102869694564488,0.1001733271805481,0.08647920355032443,0.08388373868799576,0.07141449279088197,0.11861171096989893,0.1067013454483731,0.07757451232321658,0.13024503891988934,0.12204693556438335
154,154.0,154.0,0.08945954399426788,0.10725086806239743,0.07822643993014924,0.09184881478152764,0.06454017780994323,0.13061767360392829,0.09958870216433936,0.07849368154560092,0.1469518841398682,0.11302221396797729
155,155.0,155.0,0.09265479390995766,0.09984802397600322,0.07151537345910856,0.10915502508731885,0.06870851716226248,0.1317665201454546,0.09727271299365745,0.07917216469899038,0.12774539790638637,0.12216147066085989
156,156.0,156.0,0.09971755778030979,0.0974048790213361,0.07290169986548704,0.09930576113776998,0.0784214905183065,0.1360648667658968,0.09405287978522836,0.08046246062867037,0.13165728352425962,0.11001112097273494
157,157.0,157.0,0.10630020543749183,0.08812853940164737,0.07197038526884353,0.09692859813731221,0.08324836779048897,0.13681362738736175,0.10547938341437169,0.07514662791224712,0.1368097116214389,0.09917455362879617
158,158.0,158.0,0.0912973177993214,0.08504069458514914,0.09015732016642387,0.08692098278230707,0.07728723049632488,0.13908006191735373,0.0888098851049231,0.07100815607131408,0.1550625645237695,0.11533578655311272
159,159.0,159.0,0.09385111750777553,0.11405704114847301,0.08677047644992225,0.08724983151820827,0.06636930248339248,0.1300582535725612,0.09788981528693701,0.07364549955524978,0.14929968969581703,0.10080897278166293
160,160.0,160.0,0.09786588000258498,0.09378932134972848,0.08451307066057337,0.09319351885293604,0.06217497029903531,0.11831058567462963,0.10725894162745704,0.09624237378786102,0.13035846360508258,0.11629287414011116
161,161.0,161.0,0.09063635503256409,0.09649677177815974,0.07330017120857726,0.11069368976360039,0.06502385051220516,0.12869340421092543,0.1206681663969819,0.0745644102697752,0.12386711779193589,0.11605606303527441
162,162.0,162.0,0.09691930612967511,0.08812135948583823,0.08965648281297356,0.10302094385459255,0.06568249526894258,0.12748544928057176,0.0996378373259578,0.08550530108947776,0.128953445913317,0.11501737883865311
163,163.0,163.0,0.08081718317886677,0.0889148340680564,0.09021885885824596,0.10862346635269174,0.07847442334462115,0.12912885088675882,0.09430116859494073,0.06959663740859276,0.13935710587950387,0.12056747142772131
164,164.0,164.0,0.09793104659711022,0.0990973972959676,0.06567561453994036,0.11576500661228742,0.06945690701387276,0.13989443518003294,0.08578738602827192,0.07821768603007125,0.1414592633938069,0.10671525730863815
165,165.0,165.0,0.08871484900902718,0.09263119168424701,0.07064923408749624,0.09915503939198111,0.06512205955568588,0.15641631415135931,0.09780040868339397,0.07281387596338121,0.13726467434787507,0.11943235312555253
166,166.0,166.0,0.0951966878522225,0.09708597105243065,0.08229268270727325,0.0898948166753759,0.06943147955156792,0.11768307914190759,0.11309320276331143,0.07182592761442394,0.1460352889221443,0.11746086371934208
167,167.0,167.0,0.10244271478690936,0.09185785908785535,0.07636495971828287,0.11696793835806137,0.07609339278354404,0.12069824856314752,0.10256083817501034,0.06516453066939394,0.13447384458567438,0.11337567327212036
168,168.0,168.0,0.12274071050867005,0.10036574937682612,0.07624809088181309,0.10543198563161685,0.07391103482301528,0.11867311104158025,0.08660990275546009,0.0727675589926495,0.13125377458600562,0.11199808140236271
169,169.0,169.0,0.09296172658631331,0.1025874145058561,0.08353197604358285,0.10364284313047967,0.06769596478689285,0.12962652637857608,0.08763737001127125,0.08797068757625852,0.13058269419458463,0.11376279678618433
170,170.0,170.0,0.10228056306051672,0.11150069851668953,0.07180923942595877,0.09366475975088108,0.06603451706832113,0.12600763311997037,0.10253810119738324,0.07865563294137756,0.13394742545259536,0.11356142946630579
171,171.0,171.0,0.07853336028908872,0.1041221475133329,0.07493383283395678,0.1057968806643983,0.06892861209885298,0.11825512126709695,0.10841011646097447,0.07668044646099184,0.1422994535799632,0.12204002883134342
172,172.0,172.0,0.09332614916488698,0.11418628889792799,0.07638456551006498,0.09165472577251925,0.07205996812501696,0.1269526669905286,0.09924221732203223,0.07257596351422249,0.14736731544126846,0.1062501392615316
173,173.0,173.0,0.09538495422159325,0.09827144994145776,0.07825019967843341,0.0921257022733182,0.0696248246571912,0.12708287841384464,0.1069930110140798,0.07873663304950826,0.1415406990269781,0.1119896477235949
174,174.0,174.0,0.09229433297624698,0.09032245802146252,0.083034204285815,0.0994642729913028,0.06620651318843665,0.15336291350541226,0.08566322749223253,0.06613493266002299,0.14269315244782657,0.1208239924312412
175,175.0,175.0,0.1070639150351596,0.10597622026202355,0.07120260544888912,0.09594793864522418,0.08327313215406847,0.13432133487886536,0.09501565178918012,0.06961959670931438,0.13971250639449678,0.09786709868277796
176,176.0,176.0,0.10056971663810318,0.10227577741402924,0.08448852807474112,0.11007873516333096,0.06200906762100657,0.12659027051289734,0.09758492996984394,0.06437657497079173,0.13729347912198003,0.1147329205132754
177,177.0,177.0,0.1071283714169996,0.10274301084999415,0.08504445863716584,0.08027982527142179,0.0696615463950617,0.12863562696955574,0.10384215539260713,0.07227113182641862,0.13849296399988206,0.11190090924089295
178,178.0,178.0,0.11601598066043098,0.09908554962657853,0.06882158605028572,0.09651967291532738,0.06488125599208736,0.1299607487778725,0.08961829592806783,0.07191245645239927,0.14180258967086487,0.12138186392608512
179,179.0,179.0,0.0934510142865296,0.08988643244396162,0.09920785163370208,0.09306039119347667,0.06624216054260457,0.1272330665585491,0.10816179751334756,0.06263878173952672,0.13866242776951224,0.12145607631878945
180,180.0,180.0,0.09130491877941224,0.09565616769841719,0.07776013192314354,0.10492215071789208,0.06857621291930488,0.12809616790390646,0.09484801943437972,0.08845990378574933,0.1380009146304019,0.11237541220739225
181,181.0,181.0,0.10254327755446069,0.07331979250673508,0.0979311553788206,0.08609516481876359,0.06771122516568423,0.13608154295774105,0.09038238958385053,0.07986629533612706,0.1444688590335672,0.12160029766424947
182,182.0,182.0,0.10571132610379426,0.09391596089740356,0.08200284034449914,0.10337902469468066,0.056785018527184275,0.1334730323792784,0.10502231858429623,0.06906758719855544,0.14058191078820598,0.1100609804821017
183,183.0,183.0,0.0848665639202296,0.09063697545703878,0.09497098938129941,0.10182163344881749,0.06049310764278441,0.13688835864624965,0.10312179344834042,0.07523092003113799,0.13385653560596442,0.11811312241813732
184,184.0,184.0,0.1003395755132472,0.11556256450120402,0.07091073377224588,0.09539444243120537,0.05863327142004628,0.11808107574968836,0.10044264393648297,0.08692794456515432,0.14528422452677392,0.10842352358395124
185,185.0,185.0,0.09932795900969099,0.09705169168223042,0.09252098811217857,0.09126938121270121,0.06731372301720459,0.13528577673505066,0.10276269957427131,0.0683114581662316,0.1386000789852072,0.10755624350523296
186,186.0,186.0,0.09879086765411181,0.10832276858225709,0.09262860289191968,0.09053382720942474,0.055718501150569553,0.141331530270085,0.09317036287537885,0.061211494122702284,0.14378113297728795,0.11451091226626262
