,Unnamed: 0,Generation,Intertwine_two,Add_vertex,Delete_vertex,Invert_path_vertices,Insert_inside_vertex,Delete_inside_vertex,Replace_inside_vertex,Donate_between_routes,Trim_one_terminal_cb,Grow_one_terminal_cb
0,0.0,0.0,0.09999999999999999,0.09999999999999999,0.09999999999999999,0.09999999999999999,0.09999999999999999,0.09999999999999999,0.09999999999999999,0.09999999999999999,0.09999999999999999,0.09999999999999999
1,1.0,0.10900000000000001,0.10061334203951951,0.10018305880037115,0.09688584370394088,0.1021676917167752,0.10043922796502064,0.10073778986206844,0.10022817967567225,0.09860881283424126,0.10062101734187073,0.09951503606051985
2,2.0,0.31601,0.10094549482226993,0.09915854275613883,0.0945804346781626,0.10301606095067829,0.10029985782319882,0.10152916058273917,0.10180121987560622,0.097483925127565,0.10166102172865837,0.0995242816549826
3,3.0,0.6191589000000001,0.1013321082712668,0.09785888328281701,0.09284422105536022,0.10382154067412064,0.09997887511870412,0.1025019637029189,0.10187611759642384,0.09688612696339825,0.10171395169224126,0.10118621164274882
4,4.0,1.015801321,0.10138453087987703,0.0974551033342854,0.09049984220941837,0.10477622916526817,0.09980133046612062,0.10402126200602245,0.10323580474341922,0.09551205393403832,0.10302868757576639,0.1002851556857839
5,5.0,1.50262148669,0.10135563232130304,0.0978955713758902,0.08837209223135696,0.1042384863987722,0.09981479521263864,0.10540066003257359,0.10315956991946917,0.09531254993708237,0.10379754215686625,0.10065310041404746
6,6.0,2.0757334209441005,0.10087232629295378,0.09743529562643,0.08638418765878658,0.10519639275798734,0.10029682168935625,0.106425342442686,0.10357758576425852,0.0949550709519415,0.1038434838108755,0.1010134930047244
7,7.0,2.7307768275633495,0.1022092923440759,0.09688725611946325,0.08509092825363766,0.10592470422984196,0.09884438103827647,0.10735786475423899,0.10321467670531251,0.0937074927321349,0.10478773039233212,0.10197567343068613
8,8.0,3.4630081252450404,0.10223536241527399,0.0969668648617946,0.08331280841611921,0.10672915469853002,0.09762603952161313,0.10917429076873482,0.10307914948811443,0.09222174545863308,0.10566927033040932,0.10298531404077726
9,9.0,4.2673862119061114,0.10155585169288689,0.09609961521556262,0.08149526085035656,0.10731424849242226,0.09633494607957668,0.11154113755226658,0.10274309381947186,0.09242743269442102,0.10702798375346537,0.10346042984957002
10,10.0,5.138652627782014,0.10115309631676242,0.09579167494605012,0.07984768533807943,0.10774088041206781,0.09425579975575965,0.11357887282149166,0.10269003058912068,0.09154705602451019,0.10883974330896501,0.10455516048719288
11,11.0,6.071405875792507,0.10048579207737986,0.09498613443162,0.07929943909918055,0.10725625259961072,0.09272245858345396,0.11394148205427473,0.10282226927326829,0.09068475442353116,0.11179098229745967,0.10601043516022085
12,12.0,7.060169740244025,0.09975535229669476,0.09448410552194998,0.07797552332105641,0.10714899990317177,0.09114691335973175,0.11580557914551415,0.10320863160666428,0.08930169159394341,0.11381880714541774,0.10735439610585551
13,13.0,8.099455520847952,0.09986752878166963,0.09335718818351177,0.07764820730333992,0.10741290527760722,0.08988710076257243,0.11730506243346132,0.10322947742849922,0.0892851978782288,0.11440204442147324,0.10760528752963618
14,14.0,9.183818168183006,0.10005902970155993,0.09350694226879291,0.07698272192435796,0.10715893975056481,0.08964666237951108,0.11806500738821121,0.10293091604040236,0.0879673283889275,0.11489597859374988,0.10878647356392208
15,15.0,10.307906369102724,0.10079604831252953,0.09291861136777224,0.07638846751473365,0.10610803948325243,0.08875373605825053,0.11920553080148723,0.1035703362314591,0.08721863562538977,0.11657422671899949,0.10846636788612576
16,16.0,11.466506686239443,0.1004501143879635,0.09288083696442899,0.07618569435338506,0.10645524745913719,0.08740467957685635,0.12061196571407504,0.10300819145304717,0.08664632585409672,0.11763921823829437,0.10871772599871536
17,17.0,12.654581904800096,0.09966523700654023,0.09223226697707472,0.07449343051068974,0.10590276034459761,0.08569983388299719,0.12205924803174344,0.10436991188302137,0.08669243026517602,0.11903345213557995,0.10985142896257943
18,18.0,13.867303782456686,0.09909118567895273,0.09189296900838084,0.07353494368812041,0.1057742473232121,0.08406690872610062,0.12371725305091745,0.10390182994290983,0.08665080857659256,0.12078496789012827,0.11058488611468492
19,19.0,15.100080434523047,0.09875596987568504,0.09105657867751919,0.07404816289169189,0.10605719164576846,0.08257405817118171,0.12455372872569807,0.10365383319440263,0.08593661639392523,0.12172604729166903,0.11163781313245848
20,20.0,16.348578617037543,0.09769146721437846,0.09125802578253893,0.07498105639138884,0.1049466167285847,0.08219176634383711,0.12551112660862426,0.10419161646336352,0.08447830264682837,0.12309869444728305,0.11165132737317252
21,21.0,17.608741195130214,0.09650550205549677,0.09086479065499393,0.0751396247352975,0.10489331923698615,0.08240370997486368,0.12780217523806037,0.10373665659898468,0.0830477663036136,0.1246733592191097,0.11093309598259338
22,22.0,18.876800103462312,0.09631392823045151,0.09125891668128328,0.07545041936871044,0.10430147998258389,0.08071835360061484,0.12878703874584832,0.10344511754018887,0.08215779699545563,0.12604225495972096,0.11152469389514207
23,23.0,20.14928511992658,0.09509941439978346,0.0917670820877961,0.07535975290278685,0.10411919733070168,0.07878514927368949,0.1292806179771505,0.10359719888121537,0.08112067241652421,0.12892944813972562,0.1119414665906265
24,24.0,21.423028783545156,0.09401543016599843,0.09058598232174354,0.0755154614184823,0.10344399242219525,0.07834218562424501,0.13024360450702363,0.10309265590338704,0.08141516842338793,0.13029062682994205,0.1130548923835946
25,25.0,22.695167792966423,0.09414271049408264,0.09028006599405566,0.07580852170319105,0.10359525001218131,0.07786161738763085,0.13100069144771403,0.102558190075676,0.08044186162206295,0.13127316947072754,0.11303792179267774
26,26.0,23.963141223515898,0.0938622207424619,0.09134686079792564,0.07529084427379454,0.10341918129496472,0.07677551082927023,0.13159693900131947,0.10252938706888641,0.08058175173753412,0.1321142830499669,0.11248302120387589
27,27.0,25.224685898775267,0.09416739801441706,0.09076099256156184,0.0755410133686461,0.10276793907213103,0.07651999743250584,0.13226952513715384,0.10197479617947733,0.08036968235630014,0.1330477746877608,0.11258088119004576
28,28.0,26.477829247520948,0.09391019241208894,0.09161335972615016,0.07462152179505493,0.10278115441835288,0.07655278642166495,0.13274638825242563,0.10076960799766567,0.08062618552448178,0.13435497548113215,0.11202382797098268
29,29.0,27.720879968916847,0.09346135519197163,0.09087908294279237,0.07455470732819335,0.10310850222705538,0.07612677150045706,0.13431725106971829,0.10034146035672764,0.08100339774487611,0.13396309357170633,0.11224437806650163
30,30.0,28.95241681848399,0.09317075530436744,0.0912512254684879,0.07365024140121268,0.1033663175764625,0.07422059339711314,0.1359794851703859,0.1002637327687874,0.08061818732682477,0.13516093065389037,0.11231853093246767
31,31.0,30.17127581490958,0.09341573987581021,0.09249071828842556,0.07384847519925869,0.10214335701276125,0.07318758975081383,0.1365320845881793,0.09943370251427634,0.07969316341610366,0.1369756045317823,0.11227956482258862
32,32.0,31.376536153543515,0.0939135031798459,0.09328373951358568,0.0733186586342259,0.10044847283185616,0.0738243754393987,0.13651507620687583,0.09831922547019789,0.07915157743509607,0.13814027961187023,0.11308509167704739
33,33.0,32.567505096778625,0.09302113830317209,0.09304637182487975,0.07457203712169258,0.10012322314448044,0.07223578071425295,0.13712242189483217,0.0987666652614887,0.07947119470032384,0.13873998327600096,0.11290118375887628
34,34.0,33.74370209472243,0.09325088249835098,0.0925248169362451,0.07518008804765858,0.09913071989630087,0.07163904209040194,0.1381225657148769,0.09859921602128344,0.07860630100643215,0.13987271826680894,0.11307364952164084
35,35.0,34.90484237192463,0.0941281209794365,0.09141458879147522,0.07516754028861625,0.09720128530472993,0.07081126406029853,0.13866303488326273,0.09822462506983207,0.07905328559054738,0.1420990751652338,0.11323717986656734
36,36.0,36.05082019768737,0.09401741167497635,0.09182004237130242,0.07617305426424165,0.09582785629203505,0.07049371072575074,0.1394240356131889,0.09764963153491582,0.07827621155649865,0.14343813612854142,0.11287990983854876
37,37.0,37.18169203889697,0.09436997634106241,0.08931528501369898,0.07644121570258125,0.09477033850105165,0.07084466221500565,0.14018397870977037,0.09873882476739175,0.07881596941652053,0.14359306705618194,0.11292668227673525
38,38.0,38.29765977559663,0.09410427681020384,0.08945638366635433,0.07589991530945205,0.09456740772705362,0.0698123860775937,0.14147860748621408,0.09871602390305906,0.07925854606047414,0.1439457538665404,0.11276069909305458
39,39.0,39.399054140870355,0.0930391289820847,0.08901696510368608,0.07598798091507847,0.0944500544131532,0.06943294925221592,0.14146797974197461,0.09882985751401499,0.07955593529925964,0.14488555709877357,0.11333359167975862
40,40.0,40.48631852820801,0.0937840687070709,0.08977520560972752,0.07630222423974967,0.09425570267138766,0.06854232993991906,0.14085820176788713,0.099153749362502,0.07916708550923167,0.1443085077353499,0.1138529244571743
41,41.0,41.55999329152982,0.09443860150619371,0.09001770944631914,0.07644421629947343,0.09370457877393054,0.0678320459489218,0.14065965457932234,0.09855120790140826,0.07889112339129817,0.14613697233436912,0.11332388981876329
42,42.0,42.62070064560415,0.094993964459872,0.09066268338844222,0.07649499776941046,0.0947123513025561,0.06608324375394763,0.14086084606351784,0.09878803823897044,0.07931466943424383,0.14523611701050018,0.11285308857853912
43,43.0,43.669130257815,0.09486625561930143,0.08952780894244955,0.07820757470385803,0.09509908527427427,0.06623574142407443,0.14156928317714476,0.09992458395198704,0.07824198251628375,0.14397178462548008,0.11235589976514651
44,44.0,44.70602560622662,0.0942209444094173,0.0900939267410219,0.07909056954826833,0.09440996362302877,0.06534128046471481,0.1421453498882411,0.09931509179255452,0.08034229248555938,0.14342890759477145,0.11161167345242222
45,45.0,45.73217116373481,0.09447528143858083,0.09085319159156802,0.0792382497312016,0.09337849064422743,0.06473893207894998,0.14242081677670607,0.09825111503883802,0.08061153444490116,0.1442936237705719,0.1117387644844548
46,46.0,46.748380453854836,0.09396856788331784,0.09121755706099575,0.08004405480871427,0.09231086308910874,0.06474419098060055,0.14349005339955573,0.09770161821298003,0.08096799020681839,0.14452267666769647,0.11103242769021203
47,47.0,47.755485010424316,0.09251043507751677,0.09312919087433703,0.08187544513475745,0.0926526252550917,0.06480333513673542,0.14366819598101233,0.09633928381096164,0.08076490352658851,0.14415220260830314,0.11010438259469582
48,48.0,48.7543242612326,0.09223278083817552,0.09267748543047893,0.08191444340903337,0.09271728023207124,0.06541014776654731,0.14326625758623177,0.09685138529398715,0.08061696183553217,0.1442234901307836,0.11008976747715878
49,49.0,49.745736344347726,0.09351392523418701,0.09275864911307816,0.08319034056016718,0.09126686169858182,0.06572484875449713,0.14354802373137057,0.09595495457133135,0.08041932838902273,0.14411247913461975,0.10951058881314409
50,50.0,50.730549855707864,0.09295396930628703,0.0939659509871796,0.08340693937648516,0.09143716301790701,0.06588059923025924,0.14289534816239335,0.0968301973692745,0.07976158895676726,0.143971234381328,0.1088970092121186
51,51.0,51.70957651737491,0.09326936364532831,0.09369442873362735,0.0850148256786663,0.09057742187902547,0.0663376562195251,0.1423510506039638,0.09566575957192823,0.08114200822646588,0.14353926837932526,0.10840821706214405
52,52.0,52.68360474770151,0.09316034542279052,0.09423265347879826,0.08441693642326478,0.09008724224037429,0.06719914790137688,0.14245016119421897,0.09446939343325096,0.08188024324197471,0.14361964946943032,0.1084842271945201
53,53.0,53.65339410751842,0.09235190685425362,0.09373006725855991,0.08436130992118124,0.09087647498971681,0.06599218441794254,0.14257181004592634,0.09438875125539992,0.08253102964826753,0.14504218262084823,0.10815428298790368
54,54.0,54.61967059027847,0.09222993457396293,0.09422489365935706,0.08519008829373828,0.09035409407485087,0.06552190979002082,0.14223388160251924,0.09369573074145283,0.08160846905232413,0.1448648429363572,0.11007615527541645
55,55.0,55.58312271885972,0.09249637811132672,0.09460878780791518,0.08454779206229081,0.08993928134771195,0.06412907961745534,0.14210441394444745,0.09430906812357837,0.08263078065427322,0.14433853044925574,0.11089588788174505
56,56.0,56.544398407394254,0.09240180537625987,0.09492405882754218,0.08413421704577893,0.09035773170089632,0.06368557479435168,0.14202691788391028,0.09444624740602063,0.08207947709353336,0.1445560641460461,0.11138790572566046
57,57.0,57.504102543001395,0.0922941613247603,0.09559680534981327,0.08441417737265931,0.09086628700174837,0.06239293840172863,0.14013052224917205,0.09488177701087891,0.08259168161426596,0.1444209730067864,0.11241067666818663
58,58.0,58.462795239617805,0.09179629222916054,0.09529388407896969,0.08424482334062112,0.09205103302491882,0.06253596902450644,0.1393853834911708,0.09484317425175229,0.08195445189210622,0.1442342316018837,0.11366075706491022
59,59.0,59.42099071417639,0.09122835956770112,0.0953576354275247,0.08456772289018752,0.0923068107836065,0.06233720133186316,0.1395613880273863,0.09525550010695422,0.0819061597244357,0.14391253237353413,0.1135666897668065
60,60.0,60.379156734137354,0.09084603604401023,0.0962129741605315,0.08497087889942607,0.09283431490588982,0.06166072341117835,0.1405016160422812,0.09530768904826531,0.08069318214024891,0.14452961389291402,0.11244297145525445
61,61.0,61.337714584760846,0.09170367581795269,0.0955048671675141,0.08519545727826452,0.09234843627701811,0.06014340519194483,0.1409845137788461,0.09648472078465276,0.08011732655229838,0.1441867495045286,0.11333084764697983
62,62.0,62.29703950447439,0.09173664997998592,0.09588971895224682,0.08578538354214797,0.09233151421630009,0.05948765253599205,0.14100118330200184,0.09747496030281663,0.07856134300979531,0.14349179834509954,0.11423979581361372
63,63.0,63.257461537171835,0.09119917950118657,0.09585319741740018,0.08532244534022071,0.09296740303752049,0.06050601516054738,0.1404055220474635,0.09779403596214854,0.07839777524993702,0.14279593545107436,0.11475849083250114
64,64.0,64.21926675122782,0.0911333083414762,0.09621597879151807,0.08559845956430127,0.09426600800831923,0.06031021172767755,0.14050339664849876,0.09747183971948478,0.07810078333191159,0.14054015486824273,0.11585985899856971
65,65.0,65.18269877636592,0.0915089364979112,0.09616560631724996,0.08531618625215527,0.09446024267591233,0.05966839759661503,0.14111626311725542,0.09710522457821824,0.07867748127178156,0.14011975687423794,0.1158619048186629
66,66.0,66.14796061122655,0.09244267231837003,0.09725160847958537,0.08675695660757685,0.09433104826825058,0.06085234489067663,0.13963289319250577,0.097378651358652,0.07818631943911018,0.13835545160300333,0.11481205384226915
67,67.0,67.11521665648885,0.09210154840681642,0.09753158217476703,0.08649086531402395,0.09516021404480292,0.0607548272425564,0.13969734933582717,0.09764394870128058,0.07814584805475505,0.13821012345924888,0.1142636932659215
68,68.0,68.08459493066005,0.09129980137407416,0.09770755850505097,0.08657327956606574,0.09578509349272439,0.05992299438282506,0.1403075222746981,0.09690682476989781,0.07834190876999061,0.13778342255324005,0.11537159431143304
69,69.0,69.05618942810752,0.09107993780861032,0.09758349806167643,0.08740088057829334,0.09550240771853673,0.06010468762426256,0.14107921065977874,0.09741072795221119,0.07719556302386898,0.13731424526536753,0.1153288413073941
70,70.0,70.03006258152917,0.09010492142236104,0.09743310876079253,0.08645411019123352,0.09614070519766477,0.060528805680611426,0.14193948011071197,0.09728255872265891,0.07700479722293103,0.13819896534702933,0.1149125473440054
71,71.0,71.00624779379335,0.08965963656767036,0.09781378999020388,0.08588204387948478,0.09675198677057775,0.060562080109713354,0.14150492940489656,0.09744750020189635,0.07606010562277808,0.1384204682139523,0.11589745923882652
72,72.0,71.98475200689319,0.08942602544024332,0.0971429986184675,0.08605031189083968,0.09810011600687227,0.06185701498899317,0.14079345913314711,0.09632405235377696,0.07647227632062836,0.13884578965763944,0.1149879555893921
73,73.0,72.96555827861411,0.08845564469861703,0.09689786921903766,0.08599683307312533,0.09853333440079025,0.06288911356514809,0.14121037447392976,0.0961149565085527,0.07722730834400698,0.13886252048561848,0.11381204523117366
74,74.0,73.94862834037681,0.0887432220835691,0.09604823937277884,0.08579202149308497,0.09910563365745372,0.06345629972421366,0.1416225892261056,0.09549916178605833,0.07648574054503518,0.13840581392508594,0.11484127818661456
75,75.0,74.93390511255946,0.08747523161954067,0.09591905881822514,0.08628532796064418,0.09844371099162907,0.06423372228306652,0.14090580314851858,0.0961972359249684,0.0775392963951049,0.1391109012932193,0.11388971156508312
76,76.0,75.92131515639825,0.08711615887795535,0.0953254385676215,0.08561863492849725,0.09855694755935536,0.06469364269415497,0.14034271780299337,0.09584013336168068,0.07841711974650416,0.14050297848380494,0.11358622797743234
77,77.0,76.91077104428919,0.08680675944679356,0.09500476028404618,0.08562153341057603,0.098897668304587,0.06461949543375327,0.13995265315282412,0.0962836607760004,0.07899278536825943,0.1409766887819569,0.11284399504120297
78,78.0,77.90217363294813,0.08722956545128041,0.09447560170638881,0.08497387132449903,0.10013962463511283,0.06524885122730192,0.13967845003596907,0.09679445501467669,0.07884323785394627,0.140476579912892,0.11213976283793285
79,79.0,78.89541422641172,0.08769119583846101,0.09468151411716638,0.08392655888135157,0.10038063248830077,0.06504871659663654,0.14031345724288175,0.09740197926468254,0.078678304756003,0.1409379231974982,0.11093971761701808
80,80.0,79.89037661826481,0.08705140799707206,0.09485773552564342,0.08482401101851214,0.10000585426509805,0.06550204483066303,0.1407508552475433,0.09718615598596374,0.07843700232809736,0.14071372380427047,0.11067120899713624
81,81.0,80.88693900474995,0.0872417807378091,0.09312896777336951,0.08431005352033616,0.09952565628816791,0.06644739434866892,0.14145311478259573,0.09720532911429436,0.07910531774804001,0.1408397327462997,0.11074265294041839
82,82.0,81.88497576253909,0.08701761054694851,0.0931954734643259,0.08421929141543248,0.09892978516346848,0.0675727763626888,0.1412138261761485,0.09755643224115071,0.08001029830155501,0.14079977087691076,0.10948473545137068
83,83.0,82.88435908692391,0.08876651308074354,0.0933103276760928,0.08430589376885929,0.09859825873699186,0.06840229071416441,0.14019190635450193,0.09811761054149519,0.07907288447840793,0.14094399329428212,0.10829032135446073
84,84.0,83.88496048800103,0.089039211824902,0.0943604470022302,0.08339501269399995,0.09870408340566594,0.06756605166228825,0.14097579979001387,0.09772328153034618,0.07899263562888983,0.14049897346975135,0.10874450299191228
85,85.0,84.88665214409042,0.089619389081353,0.0938365978822026,0.08319505846871042,0.09848670026908252,0.06728255031765001,0.14213286913781376,0.09734629486081486,0.07818931273386374,0.1410181849286562,0.10889304231985275
86,86.0,85.88930811312994,0.09045103692517296,0.09347731192176571,0.08258907719968485,0.09883725833512587,0.0672343513578489,0.14186059291313688,0.09797171105658552,0.07754071055569559,0.14118869076188043,0.10884925897310316
87,87.0,86.89280540413424,0.09118167864939786,0.09539042502757202,0.08226270354044485,0.0997248677913172,0.06630104651527412,0.1416987785350321,0.09720222160685427,0.07727685786081696,0.13997810280506554,0.10898331766822494
88,88.0,87.89702491199675,0.09133207136234263,0.09574127461792706,0.08162557492545264,0.09904859988002204,0.0665664837801153,0.14263764495754896,0.0976548906746228,0.07725354607438518,0.1396224402745103,0.10851747345307294
89,89.0,88.90185221995306,0.09185856472702322,0.09672133224969791,0.08133609769990822,0.09936898958467037,0.06582570518367235,0.14259088444195483,0.09770325158803597,0.07674361257429528,0.13999371769640576,0.10785784425433595
90,90.0,89.90717827491419,0.09117292056675175,0.0952747810669289,0.08107476902881311,0.09984749971813782,0.0660902528450436,0.14202064483542734,0.09908864417664144,0.07708489677429779,0.14028975733185198,0.10805583365610612
91,91.0,90.91289994163006,0.09295623641625597,0.09526013017701296,0.08190757514062393,0.09989481833072984,0.06634683040663117,0.14085478708543944,0.09906215376020464,0.07613953252746258,0.1393809141678469,0.10819702198779242
92,92.0,91.91892044225806,0.09225848080718253,0.09517840942708569,0.08236127632521564,0.09983845633884167,0.06676066533014731,0.1388607594834528,0.10004544201228315,0.07761842717773663,0.13960858254311384,0.10746950055494056
93,93.0,92.92514968840067,0.09371919946839828,0.09568290850752884,0.08204072479591504,0.0996172663552568,0.06672772466691415,0.1388197092286149,0.10014643720620137,0.07708403984534222,0.13942944892448134,0.10673254100134691
94,94.0,93.93150451304501,0.09392536513965215,0.09518349333656516,0.08050206758856734,0.1003447142439868,0.06847490506284457,0.13823212411768981,0.10057238777563812,0.0776738233078656,0.1389421573810686,0.10614896204612168
95,95.0,94.93790881009448,0.0944390458060953,0.09546886022361385,0.08168283099998458,0.0993707468717877,0.0691765749112605,0.13734490645953037,0.10005493839248651,0.0777319434855017,0.13829606676685882,0.10643408608288052
96,96.0,95.94429358933806,0.09466834072852463,0.09598582510848704,0.08208757875625722,0.0995717885369319,0.0697155357850064,0.13709958588926813,0.09951814036287777,0.0769448294306801,0.1379714766616603,0.10643689874030643
97,97.0,96.9505969547639,0.09397966913878607,0.09643589536076659,0.08243511573100061,0.09832784137528575,0.06966819872449548,0.13784402131759718,0.099987623782298,0.07638717760362705,0.1377296648226755,0.10720479214346765
98,98.0,97.9567640140995,0.09379837345457605,0.09635753673845288,0.08183350133581592,0.09850775496630446,0.06956433652290565,0.139144425859083,0.10109331013627795,0.07667858689561186,0.13572030141487396,0.10730187267609817
99,99.0,98.96274672736057,0.09314323991074082,0.09531710273320529,0.08126195002100894,0.09969637950889138,0.07054854831162423,0.13764914984311546,0.10055817639104132,0.07718388691982103,0.13571590228809868,0.10892566407245273
100,100.0,99.96850370202192,0.09382582138073646,0.09601588867278923,0.08058819409738885,0.09894718586407773,0.07148384217845583,0.13640671480096592,0.1000278476515864,0.07670050079534138,0.1362718046559825,0.10973219990267559
101,101.0,100.97399994219691,0.09249261635963013,0.09495704868826747,0.08151210477551682,0.09961399384398094,0.07246981787993652,0.13727133859078788,0.09983624304584605,0.07635229555465732,0.13620015774499,0.10929438351638673
102,102.0,101.97920655893245,0.09351359076847446,0.09331561992429036,0.08274023210085946,0.09879739484555036,0.07359712251287587,0.1360730656513421,0.09971558089237853,0.07719258106744885,0.13630023820819598,0.10875457402858386
103,103.0,102.98410044840509,0.09270098977296212,0.09376748721822836,0.08365676979005413,0.09900971126362378,0.07395018220883576,0.13480914328880175,0.09980390209284598,0.07642132666946426,0.13572127237655704,0.11015921531862663
104,104.0,103.98866394444643,0.09253006797522653,0.09332626234592448,0.08362144978544403,0.09928513997164903,0.0740240474156271,0.1346724851379102,0.09909871229006927,0.0768635928894506,0.13543223995811496,0.1111460022305836
105,105.0,104.99288445143917,0.09375486735588584,0.09344048612274641,0.08256661657336278,0.09850668943624427,0.0735348414207948,0.13320360029669298,0.09858878337289143,0.07839456438679598,0.1367042178880523,0.11130533314653299
106,106.0,105.99675406321822,0.0942759107851961,0.09313650789227867,0.0812607824333568,0.09846000584108058,0.07311410428209897,0.1343778341330905,0.09863722362183894,0.07900279325562871,0.13714815706281394,0.11058668069261654
107,107.0,107.0002691731872,0.09618777551259641,0.09134456566064886,0.08207667954219348,0.09766850956647753,0.07224735085896448,0.1351521232491297,0.09836843901937534,0.07957604433635997,0.13606691459132123,0.11131159766293271
108,108.0,108.0034300804274,0.09518498832746233,0.09041014105031807,0.08230150693328374,0.09786096304647324,0.07322832713210567,0.13521663787385313,0.09895882414117571,0.07890981563434257,0.13528641008468933,0.11264238577629587
109,109.0,109.00624059613932,0.0951351695747002,0.08938948877401696,0.08258679760010282,0.0972059253314398,0.07393548707204554,0.13532397640613428,0.09966902292400406,0.07860968165540896,0.13395117854898747,0.11419327211315955
110,110.0,110.00870765431864,0.09511192838282068,0.09054026879259208,0.08187451419176953,0.09673186410935178,0.07323246349213824,0.1364133172611586,0.10004570119128375,0.07804348563122912,0.1334842694781144,0.11452218746954149
111,111.0,111.01084093013685,0.09542823614469693,0.0905201490241062,0.08149503951766489,0.09695856329327188,0.07330199804452911,0.13526897288058137,0.09953173191966683,0.07810008026801905,0.13396747425841782,0.1154277546490456
112,112.0,112.01265246907188,0.09546003519132142,0.09003992800553391,0.08150657391451242,0.09821000503566879,0.07290991847135178,0.13460435651257024,0.09930895632681824,0.07778308136951317,0.134053706014193,0.11612343915851671
113,113.0,113.01415632942268,0.09614946555132729,0.0904386932001077,0.08115509861964645,0.09813327889109259,0.07283665550766648,0.13424435498918963,0.09968398965844445,0.07840456607461466,0.13374621688680682,0.11520768062110363
114,114.0,114.01536824044418,0.09464964053003215,0.09194110181154258,0.07983165443680586,0.09823561520721277,0.07136527252500127,0.13405589363347975,0.10172687389360771,0.0777716421568567,0.1339190554878858,0.11650325031757514
115,115.0,115.01630527795908,0.09493466579575503,0.09105008266652548,0.07890646075221872,0.09846394392451568,0.07081387329638791,0.13297524137331448,0.10243122049271551,0.07871626769069788,0.1346321897167031,0.11707605429116597
116,116.0,116.0169855589429,0.09362045572196706,0.09164455186872313,0.08047278427104804,0.09769539546718459,0.07063910057659831,0.1330594009591778,0.10218849121210874,0.07889533954119567,0.13540124623729544,0.116383234144701
117,117.0,117.01742795623892,0.09369225961580359,0.09241004981545597,0.07989564143960398,0.09819803863855449,0.07052023487915915,0.1331032231008929,0.10278451994006806,0.07849386853970591,0.13528488804340222,0.11561727598735347
118,118.0,118.01765183424293,0.09216199553073816,0.09263907686103162,0.08016511917915893,0.10014150371588744,0.06913639626645024,0.13211813670576544,0.10254716757403355,0.07811902566052158,0.1374964420691953,0.11547513643721746
119,119.0,119.01767680610413,0.09181006916947869,0.09349771294721941,0.08158469917512508,0.10088202785496209,0.06847583690437922,0.1324411149877363,0.10266392340001008,0.07790547019631115,0.13636202986284646,0.11437711550193125
120,120.0,120.01752251271817,0.09154117869942091,0.09342264729694888,0.08124646348943224,0.10029249336913036,0.068631029917522,0.13145419009580864,0.1034386977900625,0.07658901118282746,0.1384202598043652,0.11496402835448152
121,121.0,121.01720842354362,0.09085382720067071,0.0938193283618717,0.08111227318943465,0.10086540471725172,0.06833911805170352,0.131484737572203,0.10291886828823668,0.07662123323415346,0.13839781000149826,0.11558739938297599
122,122.0,122.01675365905109,0.09213088716355443,0.0943607207752234,0.08096100223398471,0.10066650474610962,0.06762388612896247,0.13087982396093178,0.10303934416262595,0.07624640098752351,0.13902179045454552,0.1150696393865383
123,123.0,123.0161768344173,0.09310914533483972,0.09401393718290349,0.0807614947398606,0.10068315057090572,0.06605600362788021,0.13079711497480603,0.10294007274660268,0.077747283865034,0.13856953877063496,0.11532225818653227
124,124.0,124.01549592390272,0.09352659911901721,0.09361151358271667,0.08009086445481878,0.10105544168179345,0.0659557448373775,0.13038165184250272,0.10370879704539362,0.07794250636306939,0.1383571681207178,0.11536971295259255
125,125.0,125.01472814520056,0.09329721148433677,0.09492325416992332,0.08035189991169774,0.10132548622158669,0.06655797350985862,0.13043775912978595,0.10350304071955782,0.0775742292696778,0.13687770646228217,0.11515143912129283
126,126.0,126.01388986291661,0.09238509858472546,0.09664430513369207,0.08084308405849812,0.10102190082331396,0.06701286280261212,0.12988004797006472,0.10402604296922655,0.07785725467740018,0.13595442047720221,0.11437498250326433
127,127.0,127.0129965102319,0.09284995178170083,0.09765223881757953,0.07982617216839594,0.10045747223323176,0.06684670403235173,0.12994245601086746,0.1024637749871863,0.07923191249078627,0.13600569455125205,0.1147236229266479
128,128.0,128.01206252771334,0.09226755410418717,0.09755666936500841,0.07915590413477942,0.10090791329000152,0.06658048475466516,0.13090012558722994,0.10292429636230054,0.08034127589408771,0.13453186775679116,0.11483390875094868
129,129.0,129.0111013181695,0.09273003489306872,0.09803533222410345,0.07892557574151199,0.10102731632330197,0.0655493858621961,0.1327640103936343,0.10289631191065357,0.08012329381900965,0.13404568310283244,0.11390305572968751
130,130.0,130.01012521639834,0.09308014577598062,0.09902847783047711,0.07757976839860799,0.10009429505533177,0.06518076074165995,0.1328366311415506,0.10325238639156768,0.08040345673516644,0.13352675222444568,0.11501732570521185
131,131.0,131.0091454726403,0.0929338979856018,0.09888055398349026,0.07772082197798154,0.09965883123980361,0.06576841667126654,0.13265989226245042,0.10265513914428695,0.08134675627645482,0.1335087835972133,0.11486690686145046
132,132.0,132.0081722485317,0.09222477150340866,0.09870556526053118,0.07797880803558957,0.10051138844485179,0.06560865184197913,0.13280105028218273,0.10282571045301439,0.08053898689242289,0.13399344879186426,0.11481161849415508
133,133.0,133.00721462434865,0.09327414119833549,0.0999297368955902,0.07651721352985011,0.09976165322591159,0.06583122174891023,0.13367125050529965,0.10225086250047116,0.07877245536125217,0.13440083431644084,0.11559063071793826
134,134.0,134.0062806163404,0.09322924242151193,0.10247591352537976,0.07739594747299075,0.10068473260764813,0.06565998129009559,0.13448576465690307,0.10107041738050364,0.07749883736312008,0.133177745421727,0.11432141786011978
135,135.0,135.00537720296956,0.09407173606719867,0.10396770769782769,0.07776796221015285,0.10098301006522974,0.06475791476529749,0.13319017350780332,0.10126171006778441,0.07690261019291192,0.13284337932145063,0.11425379610434304
136,136.0,136.00451035890612,0.09540163709345023,0.10351407494694329,0.07772852414320146,0.10066459300110873,0.06385025805812337,0.13283976049455232,0.10112777425027737,0.07719941914968335,0.13344247271491455,0.11423148614774509
137,137.0,137.00368509565993,0.0953753037918496,0.10203351905220605,0.0769260151598896,0.1003174237613711,0.06471062971098936,0.13363580703780745,0.10257127371153558,0.07713394864612992,0.13329149674907043,0.1140045823791507
138,138.0,138.0029055077818,0.0962476742549328,0.10088335910993018,0.07578997498070568,0.10021644009632608,0.06463913454604878,0.13410574489076305,0.10288996002587388,0.07718189858043267,0.13390238605385243,0.11414342746113426
139,139.0,139.00217482361367,0.09747944826581405,0.10061317880610995,0.07528036210085395,0.10024755654117545,0.06532358927473315,0.1346041235388125,0.1025064388506131,0.0758471150758607,0.13384899999919897,0.11424918754682806
140,140.0,140.0014954596262,0.09717512020639983,0.10130380806421885,0.07458808543681555,0.09976309255602997,0.06526564965573195,0.13430260132121116,0.10274303583070238,0.07657508377287821,0.1340863955067101,0.1141971276493019
141,141.0,141.00086907744122,0.09696546626137932,0.09975840314474188,0.07511723973700993,0.09878624190260597,0.06598465111663607,0.13479119385280516,0.1031272013996255,0.07602383589600141,0.13513632555605073,0.11430944113314391
142,142.0,142.0002966427003,0.0963373977983681,0.09843517448803668,0.07493462454735773,0.09869768721824557,0.0663619627647435,0.13559532922299733,0.10392999754915261,0.07709239061838392,0.13436080101833042,0.11425463477438398
143,143.0,142.99977848500652,0.09668182617023847,0.09863685645712572,0.07476476300445832,0.09981051769239445,0.0662188981507131,0.13453529050388244,0.1032121657342568,0.07774756556943799,0.13429036900816815,0.11410174770932438
144,144.0,143.99931435823203,0.09607959941369984,0.09850523907191543,0.07552842984839905,0.09864752137645708,0.06788862379216257,0.13366349682882409,0.1018184060356656,0.07741680929781376,0.13501648641686848,0.11543538791819394
145,145.0,144.99890350055264,0.09667601481806282,0.09691680805025715,0.0758888824644922,0.09955336445289037,0.06774131874799692,0.13353005213576394,0.10216611849488479,0.07809668867848546,0.13441976582159268,0.11501098633557351
146,146.0,145.9985446936357,0.09646474011107023,0.09706374837362827,0.07542684198471557,0.1004582114975337,0.06758840840648632,0.13255837334140208,0.10170285650930294,0.07874249632518922,0.1342517603588748,0.11574256309179673
147,147.0,146.99823632047406,0.09505618965978385,0.09745404176106207,0.07524211471786642,0.10094484798025118,0.06840049945721506,0.13273607610502153,0.10225915013302922,0.07852569264263529,0.13415495261517305,0.11522643492796221
148,148.0,147.99797642142389,0.0951015039092879,0.09887213068639221,0.07508883608710366,0.1001434839001301,0.06880757598737336,0.13193496601929136,0.10115925664864503,0.07786152438401395,0.13547689456181264,0.11555382781594965
149,149.0,148.99776274806447,0.09442202513565773,0.0977591114045174,0.07617491690060413,0.1004345203059188,0.06834194774953746,0.1331091618712417,0.1010186089692662,0.07800690162151545,0.13522750335972455,0.11550530268201643
150,150.0,149.99759281456036,0.09515271659907795,0.09686479482828325,0.07562791013945495,0.10112260398752358,0.07006674711112791,0.13318918780484412,0.10153592784537778,0.0782490368086706,0.13481231280355083,0.11337876207208891
151,151.0,150.99746394626104,0.09539976886155113,0.09769064381256723,0.07722141741829912,0.101104692091246,0.06948846351088984,0.1320823193868004,0.10009892804655447,0.07913956368683396,0.1352827668282981,0.11249143635695961
152,152.0,151.99737332532905,0.09436474934943385,0.09883895763076095,0.07812448587589008,0.10176998401170001,0.0697990977700462,0.13273187478756998,0.09807735890691753,0.07825292171184675,0.13551805562348207,0.11252251433235244
153,153.0,152.99731803323698,0.09513371439107696,0.09902397644302477,0.07911897667137849,0.10012071356367228,0.07015989604149635,0.1312796813204316,0.09859677738312904,0.07820610548025228,0.13506254021659858,0.11329761848893952
154,154.0,153.99729509002177,0.09456212767326784,0.09990974096962238,0.07926234429409,0.09927050802104372,0.06980972895520146,0.13104662375990467,0.09843403536396847,0.07824957186248534,0.13627508585943424,0.11318023324098171
155,155.0,154.99730149022784,0.09431619878201862,0.10004005590584855,0.07870990946378689,0.10016172713086198,0.0698587170013154,0.1309474671080233,0.09806751529765947,0.07835898101866519,0.13555249629744248,0.11398693199437791
156,156.0,155.99733423551103,0.09478452511820892,0.09991110453368694,0.07827940539710515,0.1000688309143081,0.07086260158003183,0.13129625131374859,0.09740771589409844,0.0785946106889983,0.13521528326952667,0.11357967129028682
157,157.0,156.99739036391077,0.09591361391311942,0.0988423520816491,0.07774504322211107,0.09973987732159845,0.07232437431747761,0.13173271931556935,0.09792299843271915,0.07829377262005249,0.1353914543566677,0.11209379441903544
158,158.0,157.99746697583146,0.09553337097996553,0.0974645522663652,0.07902506417484176,0.0984149447608164,0.07315309598649251,0.13240299305092515,0.09679536673634945,0.07757769972682992,0.1373894761979754,0.11224343611943846
159,159.0,158.99756125680176,0.095404171779166,0.09900192851212992,0.07994972122056501,0.09714045070991757,0.07284849403241102,0.1321708292669304,0.09660863641150384,0.07713127303476801,0.13878813925561503,0.11095635577699292
160,160.0,159.997670497107,0.09567383820521348,0.09850934627980715,0.08062437953507463,0.09648886860566432,0.07209012713981176,0.1307659893145983,0.09739030354194914,0.07895431870037824,0.13825792890281927,0.11124489977468348
161,161.0,160.99779210841066,0.09521550590962784,0.098289567064259,0.08014916898418867,0.09761950830537554,0.07159333338938166,0.13041536117472927,0.09953341281715747,0.0786001439984937,0.13705261035101102,0.11153138800577558
162,162.0,161.99792363749984,0.09538551044454122,0.09723629658817251,0.08128862067107481,0.09800055125879711,0.07114638866089655,0.12996178078617374,0.0995705257935408,0.07933511851148069,0.13634460154093098,0.11173060574439134
163,163.0,162.9980627773051,0.09394364018773377,0.09627655124689315,0.08245404341521859,0.0989539460926444,0.07196869227890827,0.12969313528203644,0.09907093371450826,0.07846743103086044,0.1366738480522015,0.11249777869899495
164,164.0,163.9982073753568,0.09422607872834274,0.09635741959074448,0.08112624760754769,0.10062285067166699,0.0718720712127011,0.1305222699136875,0.09772222493551641,0.0784599092242274,0.1372072182420483,0.11188370987351715
165,165.0,164.99835543984977,0.09359570333477017,0.09581098031609087,0.0802740870047234,0.10061528963016289,0.07132747586530769,0.1330144006319696,0.09759034091086352,0.07791033635964709,0.1373103129598348,0.11255107298662978
166,166.0,165.99850514349492,0.09362774082161698,0.09573286501940252,0.08057523879498696,0.09966785991876687,0.0712062278891456,0.13161801391267217,0.09900302537439296,0.07726596134266642,0.13827970327715,0.11302336364919932
167,167.0,166.99865482534062,0.09439686672355385,0.09515328111625576,0.080270677546448,0.10142475491434508,0.07174554855042155,0.13052343345972084,0.09936210670662854,0.07596548379559838,0.13807356598553663,0.11308428120149118
168,168.0,167.99880299074837,0.09719933808810664,0.09544949041203674,0.0799458283608343,0.10200779697215819,0.07205617979184825,0.12923754545094218,0.09812217367836935,0.07544734730430067,0.13753003820911908,0.11300426173228437
169,169.0,168.99894830970783,0.09699907764817413,0.09598740788079053,0.08034487523516876,0.10238786246067084,0.07173278945583171,0.12906994343264735,0.0969938579692881,0.07647453943737711,0.13691099253497005,0.11309865394508117
170,170.0,169.99908961367427,0.0977103533890366,0.09742886207000294,0.07956361476839148,0.10174466286907047,0.07123522513487027,0.12856277811978073,0.09737488207014602,0.07658246837504665,0.13662704157063316,0.11317011163302149
171,171.0,170.99922589110733,0.09602148337538483,0.0981290341044253,0.0790953959356674,0.10229819629679995,0.07102481966839266,0.12730552670291534,0.09835663747854964,0.07650281741657396,0.13717989235428635,0.11408619666700437
172,172.0,171.99935628188598,0.09580589801981508,0.09982553420795401,0.07877745662280944,0.10141714773624458,0.07112762827548383,0.12695325094572146,0.09842396222204293,0.07602245954971577,0.13823543985796152,0.11341122256225117
173,173.0,172.99948007076793,0.09579295421692367,0.09990450795238257,0.07865394574694667,0.10057367746218739,0.07098596507357863,0.12664921806702664,0.09926781641139154,0.07617173946271706,0.1386940897256732,0.11330608588117243
174,174.0,173.99959668005403,0.09546816266983348,0.0991643545502595,0.07901714895872321,0.10046393153544568,0.07050302564082461,0.12900792858882626,0.09797155877564744,0.07507157028133761,0.13925058604171162,0.11408173295739042
175,175.0,174.99970566161096,0.09662107018640768,0.09997517374711687,0.07820104251890043,0.10000353018132885,0.0717320769233853,0.1294701600449571,0.09761708602033835,0.07434051804681209,0.13948779378487436,0.1125515485458788
