,Unnamed: 0,Generation,Intertwine_two,Add_vertex,Delete_vertex,Invert_path_vertices,Insert_inside_vertex,Delete_inside_vertex,Replace_inside_vertex,Donate_between_routes,Trim_one_terminal_cb,Grow_one_terminal_cb
0,0.0,0.0,0.09999999999999999,0.09999999999999999,0.09999999999999999,0.09999999999999999,0.09999999999999999,0.09999999999999999,0.09999999999999999,0.09999999999999999,0.09999999999999999,0.09999999999999999
1,1.0,1.0,0.1086338826191278,0.0934180056538804,0.07603662088445917,0.10649947473324003,0.10346885278914267,0.10912401734969782,0.11041246832154565,0.09183113195575753,0.10279636226124307,0.09777918343190536
2,2.0,2.0,0.10054011102891336,0.10052195268139807,0.07429547738634598,0.10565958028861275,0.10748453297422103,0.09829535322126882,0.113282358835738,0.09481741905878446,0.10390323999362874,0.10119997453108838
3,3.0,3.0,0.10516228050873064,0.09087173467385462,0.0795502427831898,0.10517587117773534,0.10913300227595357,0.10499445062453809,0.11299150878772649,0.08886135059845707,0.10445650262782709,0.09880305594198681
4,4.0,4.0,0.10613161722160298,0.08563475501377116,0.07244340665386757,0.11168023440009285,0.11413644088476207,0.10244168556446484,0.11128614515740418,0.09426043662826425,0.09609467268090516,0.10589060579486438
5,5.0,5.0,0.10266824632755107,0.08848861169757637,0.07452431867737028,0.1061513491507959,0.10545884874386133,0.10777101229240113,0.1043034285454453,0.0948155201502672,0.10309765467892665,0.11272100973580432
6,6.0,6.0,0.10668606818890583,0.08322273790097731,0.07533531723045628,0.11808037420003245,0.09068974212702305,0.11167053615515991,0.10998404779133268,0.09743317594348283,0.10767808498937911,0.09921991547325
7,7.0,7.0,0.11104610098295867,0.08469595288338219,0.07013438373879623,0.10605041066992964,0.100893821040462,0.11531046786609125,0.10689191528269633,0.10387085658281647,0.10841875990194386,0.0926873310509229
8,8.0,8.0,0.11126812156162091,0.09177175324686804,0.07053280854429549,0.09286643564188313,0.10050945393783632,0.10686673220607815,0.11201136429620964,0.09491808599679781,0.10899145626297428,0.11026378830543578
9,9.0,9.0,0.10544209141067203,0.08267130369742326,0.07132238557691299,0.10129882774313197,0.10872761022791591,0.10771261657615845,0.10658438461928095,0.09213969039955786,0.10850551103786625,0.1155955787110798
10,10.0,10.0,0.10679689053277312,0.09267676757309076,0.07088725633785657,0.10951599417980078,0.09457788795802967,0.11003066385339551,0.10507973790790248,0.0872202711460862,0.1169906426760888,0.10622388783497565
11,11.0,11.0,0.1072422732716112,0.08451497407649727,0.06665906438012138,0.1026073749205676,0.09347407626655867,0.10166634658273317,0.10494331138564936,0.1064089055858926,0.11720677839955378,0.11527689513081452
12,12.0,12.0,0.10762165347935307,0.09131009165484433,0.0668499023539327,0.11095461690984613,0.09124161802810504,0.11841048601472812,0.09718743046042858,0.09314038370237208,0.1178423085893743,0.10544150880701517
13,13.0,13.0,0.10064300488067313,0.0848978728686155,0.09029060638775113,0.09411836222426223,0.0988663631903216,0.11149579606106882,0.11058268820604884,0.09137921375256128,0.1165953596951242,0.10113073273357279
14,14.0,14.0,0.09479401356502051,0.08697075006690777,0.06032072006880157,0.10546927278194067,0.0999265726258551,0.1136343979634699,0.11313469446260398,0.10016045237748736,0.1163304306600406,0.10925869542787203
15,15.0,15.0,0.10712677916840203,0.09472050645166648,0.07841508835216762,0.09669925701394541,0.09036906195820633,0.11338206990584376,0.10653293421089824,0.09621878284559172,0.11353714776033923,0.10299837233293863
16,16.0,16.0,0.09872506705267699,0.08885124586175801,0.06185750329035276,0.10008596414211987,0.09101584279144828,0.11171331397520332,0.1052781642099329,0.10267561894663706,0.12348831743829744,0.11630896229157295
17,17.0,17.0,0.10558849117315597,0.08953266971406772,0.07536782179879183,0.10164633094296036,0.08973695878834027,0.1137337523020349,0.11059111840289579,0.09370745365268987,0.12232563024122725,0.09776977298383567
18,18.0,18.0,0.1062528148573297,0.07874774436796424,0.05882518147925638,0.10956630769118844,0.10074451193710218,0.12004121374880747,0.1029725430789847,0.10468991367624281,0.11253185296120496,0.10562791620191866
19,19.0,19.0,0.10611995167465413,0.09152679580311657,0.06373867512055098,0.0970532809099621,0.0952098496579927,0.10400194730607301,0.10815692782156319,0.10831495673663369,0.12205013962170952,0.10382747534774359
20,20.0,20.0,0.10584940573735846,0.09277183534228899,0.06025061986734233,0.10030579798977249,0.0892748968315645,0.12685398633701986,0.1062984486793845,0.09591230457124424,0.12473542338320767,0.09774728126081657
21,21.0,21.0,0.0982100707885727,0.0881650244186027,0.06021478620061309,0.10388869769390918,0.09028516642457418,0.12142492697233791,0.11121116450256197,0.10504399967587663,0.12415541562566182,0.0974007476972893
22,22.0,22.0,0.10591534021863165,0.08935300384774987,0.06897388289577469,0.08846914276639728,0.0908798442076503,0.1142042140540539,0.09904967042975157,0.10015171853770843,0.12682218767322073,0.11618099536906115
23,23.0,23.0,0.10261645435042654,0.08917679426849534,0.06192810729342522,0.0990337229106686,0.08637614022339819,0.11817498783153288,0.10097094296281632,0.10513301171752645,0.12789080778288558,0.10869903065882439
24,24.0,24.0,0.11411693252592736,0.08114541842300518,0.06606794988835217,0.09338358306819447,0.09769489225397757,0.11325709508755752,0.10323709919846416,0.10507837001326914,0.12466202622766506,0.10135663331358691
25,25.0,25.0,0.09636698264854626,0.1067618869594769,0.06285197692591386,0.10500955133966242,0.08858030994483848,0.1182990129941313,0.1058549414041827,0.08768527774005387,0.1270143160178248,0.10157574402536888
26,26.0,26.0,0.10658100376020123,0.09136821652678354,0.062432005884425365,0.10365897222078539,0.09022525462727701,0.11911581687585678,0.1009767793186084,0.10390899070046022,0.12123675186324182,0.10049620822235976
27,27.0,27.0,0.09724717141860248,0.09261113041965882,0.0636327508412818,0.09849616203227314,0.07506025206625377,0.11735125123802295,0.11531640879318943,0.10298887925382334,0.13144331865564976,0.10585267528124395
28,28.0,28.0,0.10279938978596474,0.09620406969705635,0.06334722406592252,0.0964917402875001,0.08921093638836672,0.11044990902595384,0.10398505548072215,0.10547499768043547,0.13197157714886482,0.10006510043921282
29,29.0,29.0,0.10009673511462999,0.10217729402277695,0.06663660785793504,0.09818079445565134,0.08884019575031883,0.114036083725732,0.10094580685173773,0.09927444663178137,0.12375771816834436,0.10605431742109195
30,30.0,30.0,0.09898691200225448,0.0890157701773964,0.06147360220986446,0.10043580954628739,0.08770179971758972,0.13842927884959316,0.10706925565255876,0.09128202404572369,0.11960387830001062,0.10600166949872072
31,31.0,31.0,0.10488667722428006,0.0923347047280942,0.06808529633630026,0.09625756161711457,0.09082694766666102,0.12191447466791774,0.09672914793119144,0.09842082010448255,0.11943531850149092,0.11110905122246673
32,32.0,32.0,0.10235984062998027,0.08443726559257383,0.06899605570640771,0.09614665790283408,0.09637191012246717,0.1184740298110254,0.0965960082479472,0.0968897957529962,0.13296083527217842,0.10676760096158924
33,33.0,33.0,0.09315556659482667,0.08142690067981961,0.0616342789147591,0.10461637532218193,0.08178268766211162,0.1286165168415043,0.10975395382805483,0.09894061745010418,0.13317349976142617,0.10689960294521117
34,34.0,34.0,0.1048291898088686,0.08859324172791097,0.06288060549566296,0.09191948894760635,0.07962310139727094,0.1303609846172251,0.1075442300048742,0.10308021160552397,0.12661857515204106,0.10455037124301536
35,35.0,35.0,0.1097702951154798,0.0855481007766201,0.06830073995381614,0.09678026420614885,0.09116434400163764,0.1247334581048644,0.10246596422901681,0.09023860276621995,0.1288431882151103,0.10215504263108552
36,36.0,36.0,0.09951397430089623,0.09214853637462209,0.06779304794335866,0.09539061301477698,0.0852935372731871,0.11697278704731093,0.11407707874885512,0.09554833928509135,0.134055965572706,0.099206120439195
37,37.0,37.0,0.10323147101021539,0.09239648020686017,0.06267323856612228,0.10098250005510119,0.09064534347151876,0.12542303300683535,0.09773807891941354,0.09492877658123752,0.13298185190932565,0.09899922627336973
38,38.0,38.0,0.09798667638155271,0.09272059201582916,0.05973347319391498,0.10749525816421616,0.08750728099368127,0.1257479020730315,0.0962678603160132,0.09135840333164422,0.13242615113749684,0.10875640239261944
39,39.0,39.0,0.10510074494497153,0.08410951061697887,0.04858105195892563,0.10036111155377958,0.08926915774057309,0.12983149907244232,0.09932811565462733,0.09885836962235242,0.13780740473560268,0.10675303409974601
40,40.0,40.0,0.1006124166302291,0.09407702319126231,0.06400779570177076,0.09196810846188953,0.08618632077987809,0.12455621692466771,0.10590786382598538,0.10541449972443628,0.1260122452862102,0.10125750947367011
41,41.0,41.0,0.0988405620375272,0.08851616121495384,0.06253340841171852,0.0941511511443149,0.08288656475149066,0.12805863059224967,0.1082854766015953,0.09557028922845759,0.1362567219882906,0.10490103402940124
42,42.0,42.0,0.0998678823393612,0.09510367040880159,0.07317103205587741,0.09918512452754293,0.08148911725298695,0.11914301196762271,0.10504298605195413,0.09765631698912655,0.13445938704323032,0.0948814713634957
43,43.0,43.0,0.10610903447764315,0.09511947532339386,0.06742721313477026,0.09941029508365068,0.07330851906136641,0.1336771516160067,0.10061153040359358,0.08943032117902207,0.12817141480390043,0.10673504491665234
44,44.0,44.0,0.10732692659389231,0.0910757020546967,0.059660680622382965,0.10397146676026389,0.09121805355262756,0.12459363808428241,0.11258359179826045,0.09425976372208947,0.1270699315478916,0.08824024526361215
45,45.0,45.0,0.1015710625494397,0.09794305069950822,0.058591542306441535,0.09879194248195663,0.08202265321182864,0.12727272083769475,0.09528230737979647,0.10112262294923488,0.1343914215360888,0.10301067604800987
46,46.0,46.0,0.09031086598467504,0.09404440482780504,0.06487599334858019,0.10595055217385134,0.09729113272708914,0.12621653039244363,0.09928984804678062,0.0894845102574912,0.13099725399274056,0.10153890824854286
47,47.0,47.0,0.09248502091237809,0.09450516676353903,0.06453382044090814,0.0987583298839699,0.08361781897592965,0.12331213085460854,0.10865219367132888,0.09880969585596892,0.14053394264674915,0.09479187999461916
48,48.0,48.0,0.10638075626249828,0.09969579783856732,0.059314775470109216,0.08443395796529896,0.08165597981491812,0.12890308766909309,0.11337863118142852,0.09601413812799184,0.13788653775626195,0.09233633791383233
49,49.0,49.0,0.09795657182433844,0.08889834267237162,0.06376012658042393,0.11445126056389505,0.08255734455757628,0.1187474193412152,0.10426104549121254,0.09912022490907095,0.1316473648838759,0.09860029917601953
50,50.0,50.0,0.09696314613959116,0.0888540702345311,0.06301698337507897,0.09632405528039924,0.08248383151797509,0.12681120258660977,0.10514708352660937,0.09889219700474863,0.1279348358241983,0.11357259451025783
51,51.0,51.0,0.10170005500188466,0.09079263769743312,0.06858662138423081,0.08827547181376914,0.08210437609236729,0.12215984809048949,0.10748645518236244,0.08854995441494153,0.14045828550582468,0.10988629481669634
52,52.0,52.0,0.11084717038363504,0.07537827612300783,0.0743368749436161,0.09076358595701273,0.08992312350442865,0.12732873949749746,0.10439264099712756,0.08831002322577068,0.13327701614006368,0.10544254922783984
53,53.0,53.0,0.10008081639270502,0.08274885041939813,0.06008047669368337,0.10365467926887295,0.09013418348252492,0.13333216403117565,0.1165213825322565,0.0912566859918407,0.12486499075248456,0.09732577043505786
54,54.0,54.0,0.09395617319292102,0.0902359821914838,0.0633953789263948,0.0965750054130085,0.08641135249349609,0.13580244173422354,0.10294689809138838,0.08440596989073518,0.13273329499706088,0.11353750306928738
55,55.0,55.0,0.09077389879725596,0.09548420047633506,0.055912776646323936,0.10015694135047275,0.09235003362747576,0.12921589609332748,0.1043040338958841,0.09089237916979795,0.13734306446881647,0.10356677547431
56,56.0,56.0,0.10836414034751093,0.08874725464727348,0.06490006088498466,0.09592851442491844,0.08507282962302286,0.12583366409191082,0.09979673388215168,0.09600672906922857,0.1293944586453198,0.10595561438367829
57,57.0,57.0,0.09591345088699625,0.08256796569648908,0.06614173589103349,0.09519200924254163,0.08717557298853254,0.12189993831814763,0.09978647247193231,0.11046015115070293,0.1311620733341959,0.10970063001942768
58,58.0,58.0,0.10270567610245933,0.08700209089127042,0.06512118793898189,0.10388967815685561,0.08498382432660541,0.12413635181762991,0.09918795894862284,0.09399822899020853,0.13584524360343278,0.10312975922393286
59,59.0,59.0,0.10385541900347703,0.09243732028722036,0.06770253526195393,0.09103811469086495,0.08405861582747143,0.12740230242964926,0.10339418608835457,0.09437880226995601,0.13132051630245598,0.10441218783859592
60,60.0,60.0,0.09019825213264253,0.09129832290931922,0.06938851658398135,0.11288961314331603,0.08557984388232474,0.13557357596567057,0.09667137633467414,0.08440492445566669,0.13434056668569988,0.09965500790670441
61,61.0,61.0,0.09399712746625313,0.08037395644777764,0.07119159200233563,0.09390491729429794,0.09046056716303799,0.13455391382887102,0.09342352377736793,0.09376430393175643,0.13760918503625225,0.11072091305204954
62,62.0,62.0,0.10420865693468137,0.07827114713331713,0.07478067529850621,0.09432434035385207,0.0862257854581714,0.13350483989938783,0.1064053913746927,0.09274175562786,0.12303823665589034,0.10649917126364042
63,63.0,63.0,0.09109356399889465,0.09684867199973284,0.07755352214004174,0.0929648641461897,0.08648870959058734,0.1270939637207414,0.10577740313296084,0.09111304805427395,0.13947462597652716,0.09159162724004978
64,64.0,64.0,0.09428618121386667,0.1047181739643936,0.05878714135783236,0.10186074328564187,0.08215167275752884,0.12949936319239658,0.09540254988780081,0.08054853617107716,0.1304594210326489,0.12228621713681272
65,65.0,65.0,0.09463109819856483,0.08465357495776946,0.06423698391757102,0.09087338682907378,0.07802020622778896,0.14059761936642565,0.11136655796774705,0.09085932125983107,0.14027552857103526,0.10448572270419246
66,66.0,66.0,0.08730827174224992,0.08579901506985371,0.06676836843614806,0.09754918720811742,0.08519387787997224,0.1316895012464193,0.11266980618515994,0.09635623827007841,0.1374795888123182,0.09918614514968237
67,67.0,67.0,0.10235037679831918,0.08657876130031217,0.06680267340172216,0.09677118037398318,0.08381849904772651,0.12037730149066894,0.10691451262892485,0.08837047199279248,0.13848034638032736,0.10953587658522275
68,68.0,68.0,0.09991924311422504,0.08674000765375736,0.07210058461733784,0.10885877246735838,0.07559174688637989,0.13981717579436023,0.0906604505101767,0.09746974964653825,0.13221697910204427,0.09662529020782158
69,69.0,69.0,0.09599702210452879,0.09070646112854193,0.06509833066813178,0.09410834774492564,0.08305954111906225,0.12476020095545534,0.09474619516253571,0.09897160326797337,0.14763618860117284,0.10491610924767195
70,70.0,70.0,0.1028448892222886,0.0694851032403618,0.0621298722525801,0.10210186664870399,0.08023528140678945,0.13649725267764468,0.09975385221903461,0.09792167056248352,0.14230334161104277,0.10672687015906994
71,71.0,71.0,0.11143555701096049,0.0928258276568172,0.06334817947754195,0.09091669945229457,0.08520240642888341,0.12786029502901158,0.10747254888821252,0.09143244565984884,0.12522335771303,0.10428268268339902
72,72.0,72.0,0.10063436773610004,0.09489914458163365,0.05999583647649033,0.10549599658847478,0.08579289406255627,0.12453604032063295,0.10209644070333028,0.09436109541281365,0.12970840822147536,0.1024797758964922
73,73.0,73.0,0.10151341965516299,0.0908054698245664,0.06144846440786168,0.08964278490567146,0.07830142538951704,0.13708652924247072,0.0922897223714036,0.10031881126828705,0.14010964347053015,0.1084837294645284
74,74.0,74.0,0.09841893959516416,0.08546809329436947,0.062194996805051785,0.1018677804091797,0.07224272204741863,0.1389078572109359,0.10512482231118565,0.099868398357032,0.13752310237066886,0.09838328759899341
75,75.0,75.0,0.08854495906078011,0.08278846216477681,0.06470366599305932,0.0893480924994133,0.07717224647277553,0.1476014592374038,0.10007431035903838,0.10393460649607386,0.1407811256701466,0.10505107204653172
76,76.0,76.0,0.09908866868971125,0.09122177100786881,0.07983110127963208,0.09567914650625878,0.07942926036968492,0.1284296217669069,0.10158711817448576,0.08451619585975516,0.1270622504078884,0.11315486593780744
77,77.0,77.0,0.10023981941982789,0.08336451740278379,0.07191258508810958,0.09389450312272024,0.07454947116483976,0.1392306502086528,0.10363197960842312,0.09507994868736926,0.1317408981274804,0.10635562716979267
78,78.0,78.0,0.10813607572370479,0.08505526558971238,0.07562534839232751,0.10309731913781921,0.08444609260917954,0.13327484943227674,0.10043604207018515,0.08418265380512308,0.1335888438610285,0.09215750937864262
79,79.0,79.0,0.09393983482937732,0.08696847557396295,0.07119414641488307,0.09352010676007008,0.08244765758036818,0.13607924887826955,0.10471821039053122,0.10260934049146,0.13208264218192517,0.09644033689915191
80,80.0,80.0,0.09705474813580107,0.0942807204153991,0.07473670183709855,0.09869390856667036,0.06709816351859034,0.13043341678782375,0.10801389069768648,0.08516982855276409,0.13161237767740966,0.11290624381075617
81,81.0,81.0,0.09684058431273165,0.08432280639669382,0.06952580033615671,0.11133147185396605,0.08295632218036535,0.13077586135914937,0.100782792822665,0.09054520451027971,0.13263261690701045,0.10028653932098135
82,82.0,82.0,0.10919755370437874,0.08699174240130726,0.05745775137421518,0.09543099077964819,0.07508754135951237,0.1335245742627549,0.10831098034137646,0.09716926712408544,0.13443066410774224,0.10239893454497877
83,83.0,83.0,0.09944511070265144,0.08098501132370542,0.06551734035537282,0.10710048925862561,0.0814770994889484,0.1428612585961067,0.10336570057920749,0.08167966076043538,0.12942125914969393,0.10814706978525238
84,84.0,84.0,0.10237901712581528,0.08098443815225025,0.05578710029042738,0.10051928975192681,0.0840612458653308,0.137419944657376,0.11096541595664178,0.08566707026765986,0.13390526336278302,0.10831121456978827
85,85.0,85.0,0.09392421863381412,0.09216354206585896,0.06885799294520051,0.08942042248955093,0.08167891061255758,0.14026771094239124,0.10276594755829112,0.08920557694073163,0.1397940917795515,0.101921586032052
86,86.0,86.0,0.10194586910010425,0.09295061556822544,0.06279631385683297,0.1080063580406129,0.07327182103268019,0.12501333037910894,0.12208887735823756,0.09356181281517703,0.13138099933226416,0.08898400251675603
87,87.0,87.0,0.09055830612132357,0.09416521803967708,0.07286687694413804,0.10452577167427228,0.07875943494068642,0.12271459888722332,0.09487428768424325,0.09546734560053964,0.13389639978260304,0.1121717603252929
88,88.0,88.0,0.10268302172347761,0.09335188054260576,0.05962961435411439,0.10274554043553859,0.07234851564994131,0.1328819538775884,0.09718745691293465,0.09741691661039002,0.14064304647891304,0.10111205341449572
89,89.0,89.0,0.09194305451859516,0.07813220928912386,0.06457212191850194,0.10419785532284684,0.07999399887812517,0.13872597380485613,0.09525523753945189,0.09366846040059754,0.15016231555251705,0.10334877277538394
90,90.0,90.0,0.09613614745430935,0.0997171574710256,0.06747418927754399,0.09682377733264759,0.0782064382530147,0.13579244067121932,0.09390662918894678,0.0844165731245839,0.13724552434048815,0.11028112288622023
91,91.0,91.0,0.10503127017582543,0.09275868228032716,0.06358817169486261,0.09153795802741682,0.08738632862588454,0.1260254311264158,0.10122135174473142,0.0864928201716317,0.13706606219522938,0.10889192395767466
92,92.0,92.0,0.09421455543096345,0.08869438644862977,0.07773950674211974,0.0990031737864562,0.07272846490060349,0.14043537469159945,0.10725088416165947,0.08404496615906874,0.13645409213128185,0.09943459554761733
93,93.0,93.0,0.09778959034075897,0.09173273799036469,0.07675900310258506,0.10235884105393471,0.07429964246333606,0.12765176839528208,0.10159442194689092,0.07864311020378639,0.14670177809663176,0.10246910640642884
94,94.0,94.0,0.0944550381416313,0.08422063153543892,0.0673806240442821,0.10912980646225405,0.08148118776651125,0.13107316719409493,0.10027511891639329,0.09796504396681181,0.12675835710795652,0.10726102486462537
95,95.0,95.0,0.09563744502046492,0.09613376526723708,0.066168220559638,0.10236391670636924,0.07708487654544569,0.13797075117872862,0.09631744693099582,0.0899772214576914,0.14624569642056262,0.09210065991286621
96,96.0,96.0,0.10497261703739262,0.08847123073834008,0.0714360067823784,0.10090399830928143,0.08266732485861245,0.1277578315650145,0.10058662067176918,0.09455430632345928,0.1317549599520419,0.0968951037617097
97,97.0,97.0,0.09207837997852149,0.08091730631917901,0.06981015668770266,0.09953132711322765,0.07270778975940508,0.13132770016520728,0.104449464796915,0.09691576576028046,0.14299362651971395,0.10926848289984696
98,98.0,98.0,0.09201070011289886,0.08796520753922271,0.07492188070059828,0.09990909776684323,0.07305554209871935,0.14184820459761865,0.09990987641055121,0.07933409132311098,0.1436269344919788,0.10741846495845742
99,99.0,99.0,0.08663891148748859,0.08967694464844508,0.07072759773004375,0.09436329536057017,0.0776840395376184,0.13525292015562662,0.10842225950019782,0.08895682689314732,0.1398078688522271,0.10846933583463463
100,100.0,100.0,0.08800482797878273,0.09280064037214111,0.059428711909900865,0.10291260387812935,0.07694584203374603,0.13561928928847383,0.10041387941841792,0.09074170991624589,0.14468505451266117,0.1084474406915007
101,101.0,101.0,0.10319892133092437,0.08662286728211656,0.0591758601290535,0.0912947391746173,0.07451622146470965,0.12623311771198656,0.10662747446298823,0.0961772915657518,0.1482466762922115,0.10790683058563999
102,102.0,102.0,0.10349925975911253,0.08769404327980025,0.07011544372317677,0.08534859748744333,0.08107011336922214,0.13711762414633283,0.10749385664948925,0.09208066873370324,0.13714233746246537,0.09843805538925372
103,103.0,103.0,0.09119301350439532,0.09570201505827425,0.07362611244302837,0.09715308123196861,0.08106225361657081,0.14352424116059498,0.10469097254402775,0.08179947107184679,0.13424479776610931,0.09700404160318336
104,104.0,104.0,0.09513528539263258,0.09164259997975296,0.07083177075685983,0.10070620650708136,0.07594985559827261,0.12164100056604885,0.10226871555987324,0.09657343877081687,0.137245403260342,0.10800572360831917
105,105.0,105.0,0.10305672254283638,0.08896501439710633,0.06683645754093263,0.09656471679098813,0.07788432254890217,0.13454777727163808,0.10653363250416858,0.08872917616322445,0.1454890564861489,0.09139312375405388
106,106.0,106.0,0.10219510668701029,0.08143242925703612,0.06471607360565085,0.10145352226287856,0.06849362762093647,0.12352610070672558,0.11535553388362632,0.08533666780599779,0.1434534040330484,0.11403753413708914
107,107.0,107.0,0.08969014666191294,0.10283088474994137,0.0611406996685145,0.1014672576650943,0.08765705250085892,0.1346256990976337,0.09269354400214301,0.08151547823948443,0.1381735397616466,0.11020569765276969
108,108.0,108.0,0.09760436363729184,0.08511828143325958,0.06826437972251165,0.1045442971906814,0.07698652420120575,0.14375434611723814,0.09792163961074236,0.0892121713031929,0.13284334740232,0.10375064938155583
109,109.0,109.0,0.10239892264817063,0.0931001251387489,0.05839386796249093,0.09513954492392473,0.0834962773862246,0.14050500932149593,0.11092677882692417,0.08501135565676891,0.12583039757167253,0.10519772056357816
110,110.0,110.0,0.08696746349881897,0.09097202902606907,0.0651129296516569,0.09439355805579099,0.08382208229616184,0.1378498061642851,0.10936664689673228,0.08832891671572032,0.1432876270013485,0.09989894069341554
111,111.0,111.0,0.09059683062941887,0.09691592938237101,0.06258929672797102,0.10849513232916166,0.08077523590350076,0.11662837002415902,0.10597154121861803,0.09292470367757069,0.1433443889248153,0.1017585711824132
112,112.0,112.0,0.10571228104416382,0.08338781277767375,0.056542141207584974,0.10514537084695841,0.07433468564928664,0.13953760614664762,0.09935532262367514,0.08995415031114377,0.14342513500887413,0.10260549438399129
113,113.0,113.0,0.09498312232807685,0.08952342273254978,0.052299227382174206,0.09418753981990638,0.07717166099503862,0.13534515889366133,0.1143041949431387,0.09920192119529218,0.13600629158906355,0.10697746012109796
114,114.0,114.0,0.08618154295479778,0.08452740448875924,0.05619844405666043,0.10527504292583212,0.09301125829028425,0.13549781680008774,0.10130061085439483,0.08299743070895685,0.13497152287715736,0.1200389260430689
115,115.0,115.0,0.10458463499019943,0.09199056383535424,0.06136027843264413,0.10774000389280074,0.0797987749253712,0.13147061894296672,0.09349183748909942,0.09307523569695902,0.13707056292170133,0.09941748887290323
116,116.0,116.0,0.10105361876723254,0.09763220789307274,0.07466840551389937,0.09944022891409277,0.07442279971428989,0.13560642478988622,0.10133906815628461,0.08073637943212977,0.13172049396253943,0.10338037285657223
117,117.0,117.0,0.09224439275642202,0.09141324710905836,0.06513530828971327,0.09527999183244552,0.08113769950857291,0.1359444239135264,0.104894283937192,0.08792527906808496,0.13805318845908346,0.10797218512590065
118,118.0,118.0,0.10000652516794964,0.09052593657459632,0.060171309590711874,0.10813978529906776,0.089043238460425,0.1341698953914247,0.10140316160188405,0.07498333948798187,0.1343460951375514,0.10721071328840695
119,119.0,119.0,0.10936022672414687,0.0874477343103882,0.0660115160638965,0.09078087064463584,0.08256648593606172,0.13942848771128508,0.10163129905474617,0.0805513644610208,0.1427718076277937,0.09945020746602463
120,120.0,120.0,0.09789694424674364,0.08399673551378346,0.06643087543491027,0.09610614771937268,0.07878278127118814,0.13573490701871704,0.1010455568455823,0.09097740809333746,0.13735418739953886,0.11167445645682564
121,121.0,121.0,0.10388531887252217,0.09545356531526095,0.06439646733126383,0.10185681046863926,0.0688379158934257,0.145313198737433,0.09729004856890619,0.08803435933469901,0.14097047477585994,0.09396184070198946
122,122.0,122.0,0.09865078660596191,0.08470439217032204,0.08110387896798277,0.0889235329318023,0.08149651600457727,0.1282635812975478,0.11475607959559567,0.07762804873653315,0.13210068724253926,0.11237249644713736
123,123.0,123.0,0.08431594981394538,0.1030239124974506,0.060916229446433004,0.10042297737466532,0.08764779817657398,0.13679970461621435,0.1045430577970911,0.09110635347374467,0.1255413596133011,0.10568265719058005
124,124.0,124.0,0.09665134454591803,0.09569281049293647,0.06107261395293386,0.1024674473820727,0.06905369519533652,0.13165742780380024,0.10676969005434704,0.09084598086419209,0.134387223702429,0.11140176600603346
125,125.0,125.0,0.09539961647344017,0.0881989164604248,0.05721923723074944,0.09226666856074607,0.07687223798310484,0.14186922072695612,0.11468305497551445,0.08831292077704599,0.13410591057399918,0.11107221623801848
126,126.0,126.0,0.09391097993964953,0.08246157623829715,0.06799805583927439,0.09394214072289273,0.07999732069695263,0.13502324119425457,0.10565985613869425,0.08352508156344671,0.13911225207479036,0.11836949559174728
127,127.0,127.0,0.10879997432892999,0.08730216124174187,0.06300724118255374,0.10948386720199181,0.07051633869677505,0.12306042135043845,0.10229116869164614,0.08775775616482054,0.14093720562521322,0.10684386551588879
128,128.0,128.0,0.1040743718107419,0.09697497765204509,0.06099750006331302,0.10218285617972842,0.07468260175823739,0.12785516872100688,0.09491356607012491,0.08764554182766127,0.1345938945226548,0.11607952139448582
129,129.0,129.0,0.10144989772817348,0.0876124368039798,0.0701031537479088,0.09618735459104628,0.08457388083189805,0.12789956158024535,0.10294360104810787,0.07578112557166558,0.14305141294357607,0.11039757515339824
130,130.0,130.0,0.09195080922999041,0.0914589642176983,0.07085560867634318,0.096630425238979,0.07522814122743517,0.14412691453454046,0.10395400358279465,0.08808172340959022,0.13472221747217947,0.10299119241044877
131,131.0,131.0,0.09639047438405064,0.09428991848213611,0.06509916329807663,0.09781786157080674,0.08312543491683948,0.14039923809616983,0.10325863356612934,0.07926585561550067,0.135723177414352,0.10463024265593801
132,132.0,132.0,0.10580788863607697,0.09107867163763532,0.056584461642104636,0.0980969887744104,0.08098769776055817,0.12665117651975488,0.09722748925804524,0.09003186676989591,0.14926636144871602,0.10426739755280197
133,133.0,133.0,0.09396112830166206,0.1072984778931686,0.060371625421856055,0.10673138295358622,0.07558810490792059,0.12727760939752708,0.09534042574440219,0.09667293811061403,0.13556114893142213,0.1011971583378406
134,134.0,134.0,0.09892718034563167,0.10163708749174502,0.07124738265734216,0.10339484755594988,0.07601656265378509,0.1294492479735188,0.09507632382225177,0.0869107411757976,0.1430572847611405,0.09428334156283706
135,135.0,135.0,0.09627678308710849,0.09653362210015567,0.07088491201230242,0.09067417461906557,0.0782029985889355,0.13280561918114353,0.09806715258904279,0.0962702131477996,0.13120209782853048,0.10908242684591529
136,136.0,136.0,0.08610585164593892,0.08984186699358851,0.06153361687746739,0.10033153475285417,0.08705401835957735,0.126790001871509,0.10033612379991814,0.0960493095124278,0.13629769486677007,0.11565998131994823
137,137.0,137.0,0.10177244627829499,0.09662598262524787,0.06049416582024762,0.09960141091682453,0.08301160333027197,0.13824080082157963,0.09226151039226232,0.07996376710988493,0.1413918641949546,0.10663644851043115
138,138.0,138.0,0.10646956856510345,0.09863477072823565,0.06984938977528686,0.10393136697218239,0.07730215376698878,0.12468830068983197,0.10746477167903704,0.07431638840384766,0.1349317144155395,0.10241157500394624
139,139.0,139.0,0.0958539357993384,0.09776252207515404,0.07311782690194273,0.09501424348243712,0.0812764943103067,0.13174234835863557,0.09449415462775876,0.09176418389318328,0.13474807623193508,0.1042262143193079
140,140.0,140.0,0.08702155813288148,0.08637516634038331,0.07207821801544603,0.10576370797095262,0.07146306920727241,0.1377096552667648,0.1173597620696362,0.08295328965077133,0.13230916770172177,0.10696640564416957
141,141.0,141.0,0.0951623047378626,0.09112872682192767,0.06523900530870186,0.09671626622138935,0.08754262889331126,0.12892764437505305,0.09055625355100079,0.08222195323816474,0.14956024016790148,0.1129449766846868
142,142.0,142.0,0.09300371140773603,0.08116809848297483,0.07450090688375068,0.09554850516557312,0.07857403707215041,0.13688723233510797,0.10218572308428986,0.09205298690225125,0.1375019928132522,0.10857680585291314
143,143.0,143.0,0.09284068768923048,0.09162607261613594,0.06548635383546707,0.105254760601836,0.07637185452120362,0.13672928103557963,0.10088535446793016,0.08571462664852736,0.13371924920327777,0.11137175938081154
144,144.0,144.0,0.09543998815220385,0.09689506026489553,0.06368949110940211,0.09409116714608323,0.08307590380682235,0.12376551080888962,0.10327015256891518,0.09050049064389185,0.13603853376472852,0.1132337017341674
145,145.0,145.0,0.09568962701896395,0.09363224357440773,0.06161844904944367,0.09717456430645804,0.0800060187378845,0.12767806110279864,0.1128820758456988,0.07619816814668647,0.14522903823024316,0.10989175398741453
146,146.0,146.0,0.1028473983366837,0.09660206835300102,0.06063294164313291,0.09837016385049809,0.07141277515438926,0.13883601399151,0.10451717261821451,0.09855771734864929,0.13528210864523676,0.09294164005868388
147,147.0,147.0,0.10826951467777372,0.09047010918423878,0.0689661317649454,0.10089588991873984,0.06813040022133368,0.13423759530695922,0.09464579684322275,0.098458541407805,0.13753622272038446,0.09838979795459671
148,148.0,148.0,0.09332545963492986,0.09675879509367918,0.06057395600413666,0.09714133783807447,0.08124708167505854,0.13851995381491608,0.10031671312568184,0.08761210351063006,0.13575483298495292,0.1087497663179399
149,149.0,149.0,0.0838337263472285,0.0980458702895618,0.08025082808069621,0.0916724920032585,0.07925317753351646,0.13598722165333732,0.1033227699219813,0.097408471460221,0.12579744339945828,0.10442799931074018
150,150.0,150.0,0.10847203413407402,0.09670761452538458,0.05620550863068613,0.09446006869335713,0.07774231630537563,0.12353062119054267,0.10974973074712327,0.09056763183546405,0.13478483094638635,0.10777964299160565
151,151.0,151.0,0.10748381787903911,0.09466829805085952,0.05436607493476235,0.09961951326953697,0.06784592928552455,0.12924011611214145,0.10746191291026222,0.0864825869321922,0.14285816837047643,0.10997358225520477
152,152.0,152.0,0.09663351425560328,0.08954649386519262,0.06537335440702648,0.11450715064736605,0.08663146347861318,0.121872046763873,0.1016046826513175,0.08829069388294289,0.13272793429458887,0.10281266575347565
153,153.0,153.0,0.1001064532360159,0.09671343864454537,0.06746180404954993,0.09241232241803217,0.07472680956631093,0.13374111931380922,0.106382269814424,0.09059411610014129,0.13224812000523153,0.10561354685193917
154,154.0,154.0,0.09245897724246457,0.10441008704485463,0.062271551822216255,0.10488711152659087,0.08575400949920922,0.13370002155967725,0.10423573956374732,0.0822271097463917,0.1268431489529204,0.10321224304192729
155,155.0,155.0,0.09171152687021597,0.09670701206706155,0.06010773455507307,0.1035149763120143,0.07150336851414765,0.12982876705860122,0.11217672908682315,0.08371776601165615,0.1339740294253906,0.11675809009901583
156,156.0,156.0,0.10809920796089652,0.10988316003463797,0.06949487133148438,0.09758942878714752,0.06704787140170987,0.12448605974228444,0.10680217382709953,0.08801383900200752,0.1279130329859583,0.10067035492677341
157,157.0,157.0,0.09292427726934474,0.09161082798784717,0.0625744285035577,0.1029263332425558,0.07228940961713341,0.13708227736612927,0.10313696995698765,0.08930250224799291,0.14362690425830377,0.1045260695501471
158,158.0,158.0,0.10080973257067158,0.09083002627162187,0.07093064414073877,0.09827977641017491,0.07550516287812116,0.13223281043462307,0.1033727894260775,0.08923281537920927,0.1318951820707197,0.10691106041804162
159,159.0,159.0,0.1000873818921844,0.09533481411108344,0.06480991691967156,0.09093508466155631,0.07958786793043056,0.14820768432587314,0.10659893119886284,0.09222854415796501,0.1235888197245378,0.09862095507783451
160,160.0,160.0,0.09907251055382336,0.08413110829431598,0.07035390951048656,0.09470881267319915,0.08268586736484611,0.1258791569745459,0.10807459405264434,0.08495559317766836,0.14120690399853927,0.10893154339993046
161,161.0,161.0,0.1099211006711992,0.09673491110623625,0.06044539995332613,0.08974394945994102,0.06940217313549357,0.14201252985257443,0.1009461530201344,0.09715444940453635,0.13211977207670933,0.10151956131984889
162,162.0,162.0,0.0874966552330972,0.0913803531510407,0.06595769069411185,0.1071475975148947,0.06944542392378122,0.13244348115405594,0.0969930944842955,0.09602145824444544,0.14078145980329013,0.11233278579698684
163,163.0,163.0,0.09331308821050109,0.09844049530548564,0.05692399133129224,0.10621610085860192,0.08465458692964642,0.1250528490403447,0.09804501347072403,0.09944277233176077,0.1324894542287734,0.10542164829286929
164,164.0,164.0,0.10884042689393189,0.10330804992576728,0.06275571102283835,0.10464864899946444,0.07481125526695795,0.1304919486093165,0.08775235518021893,0.08377355469251156,0.13185055276726865,0.11176749664172389
165,165.0,165.0,0.09451861811041015,0.08793869523418729,0.06462098141505658,0.0947436607023204,0.07508037573449669,0.13544423212177845,0.09851701965261209,0.08955830806161379,0.15304038531886435,0.10653772364865974
166,166.0,166.0,0.10087910813213932,0.09956368725981798,0.0640142770815824,0.10419222566236641,0.0736831668626765,0.134292983701003,0.10193559384183586,0.08747189698188437,0.13729451484816857,0.09667254562852506
167,167.0,167.0,0.09154607470387176,0.09958712870596322,0.06284202798335663,0.10288524441189466,0.07718706299077358,0.13771779216947128,0.10640845027131292,0.0892688973474713,0.12484373901840846,0.10771358239747567
168,168.0,168.0,0.09406959887786022,0.09910173504572407,0.057481397674585676,0.09726683548439821,0.07974954040334943,0.12560998720135497,0.10200717937346233,0.08000795342417596,0.1417790869955951,0.12292668551949351
169,169.0,169.0,0.10247403641740249,0.08958942177070911,0.06295565979053497,0.110661980301853,0.07046215284495305,0.13026670215114833,0.10267520178053817,0.09061919808102534,0.13551964963449878,0.10477599722733628
170,170.0,170.0,0.10008415942580592,0.08874599667302982,0.07258606082176043,0.10091302499329799,0.06766325670473525,0.1348899118515519,0.1111323822624454,0.09818064060328131,0.1267605666526579,0.0990440000114336
171,171.0,171.0,0.0831370156079839,0.09370143298457848,0.06998890661569242,0.09982098980336467,0.0800292974035512,0.1335887756057206,0.1108759628408249,0.08304429351014511,0.1409322183601903,0.10488110726794789
172,172.0,172.0,0.10232960440110137,0.10285033489393387,0.07618041549384127,0.11008231802593475,0.0730542081282286,0.1208389625952625,0.08952363649846087,0.0912470787088165,0.1334616839808682,0.10043175727355154
173,173.0,173.0,0.10748494245782765,0.0918790237649497,0.05665750983956708,0.0990534922998336,0.06734328404031618,0.11969605607692804,0.1139909575793008,0.08139849476653781,0.14095171887945163,0.12154452029528706
174,174.0,174.0,0.09656591297411252,0.08829300535387224,0.07616955767709797,0.10922180414720657,0.08377361062869919,0.14218608680465677,0.0881495026251037,0.07767699143323267,0.13503422759637873,0.10292930075963917
175,175.0,175.0,0.09873086302024964,0.10841108105926078,0.0648888214770142,0.09586035424626008,0.06912818181871086,0.1314278249158034,0.0954328692772621,0.08409646518168896,0.14035661616134582,0.11166692284240373
176,176.0,176.0,0.09474537769886204,0.09296740790010954,0.05577394209542095,0.10417061834148708,0.08359369615716762,0.12883383416140848,0.1074023642456643,0.08916497209022402,0.12596222049125688,0.11738556681839848
177,177.0,177.0,0.09430089978351068,0.09695571217103538,0.06642999559586357,0.09425982823687554,0.08549429355201305,0.12684552016317385,0.10023146348532572,0.08961152936724617,0.13009362501329935,0.1157771326316562
178,178.0,178.0,0.09909714201678847,0.09295944120830553,0.058586589424054356,0.09454023850826994,0.07851046542970432,0.1299107785333011,0.11356351523641497,0.08454112371539574,0.14039046919524406,0.107900236732521
179,179.0,179.0,0.09818331249887999,0.10229959985446054,0.07002702718513097,0.10730894321227871,0.08023922454925983,0.12081865046732929,0.09961317117297226,0.08589874060658487,0.12640895188042467,0.10920237857267838
180,180.0,180.0,0.10136288685382763,0.09536477521966806,0.07270172123327966,0.09551918768423787,0.07177399589194516,0.13639231972493707,0.09870725850980207,0.08584011972154751,0.13461421199138515,0.10772352316936935
181,181.0,181.0,0.09991371804414977,0.09612823684524069,0.05326876532953502,0.10746975260764804,0.07551769316719023,0.13936345731984864,0.09711030965217629,0.08102258989727078,0.13276904000984538,0.11743643712709464
182,182.0,182.0,0.10087323128592862,0.08412798394305916,0.06301452881194473,0.10515647235405083,0.08226585646314119,0.12865485884616307,0.09991697100901045,0.09067946454582727,0.13662713752336061,0.10868349521751357
183,183.0,183.0,0.10091115127737178,0.09846190035684121,0.061877157959476646,0.10121772005663972,0.08674473251232466,0.12885893206801274,0.10164660602759579,0.08378210907447999,0.1343025600555586,0.10219713061169837
184,184.0,184.0,0.11490831768805843,0.08650792406461642,0.0664598653777695,0.09028134083192513,0.07431772149354282,0.1250485776119339,0.09706875784860391,0.0865916255200527,0.13623024922841456,0.12258562033508218
185,185.0,185.0,0.09972817774779966,0.10208878888717729,0.05442030334024944,0.11397041218970967,0.07747273355168921,0.12878060387423435,0.09127588669557024,0.09505022990659659,0.12344193746221266,0.11377092634476045
186,186.0,186.0,0.10102744993151762,0.08972298395974612,0.06903647681924859,0.09935706686515314,0.08015485222495962,0.1379561173350817,0.10571709756442134,0.0859822179105619,0.12671440274923285,0.10433133464007668
