,Unnamed: 0,Generation,Intertwine_two,Add_vertex,Delete_vertex,Invert_path_vertices,Insert_inside_vertex,Delete_inside_vertex,Replace_inside_vertex,Donate_between_routes,Trim_one_terminal_cb,Grow_one_terminal_cb
0,0.0,0.0,0.09999999999999999,0.09999999999999999,0.09999999999999999,0.09999999999999999,0.09999999999999999,0.09999999999999999,0.09999999999999999,0.09999999999999999,0.09999999999999999,0.09999999999999999
1,1.0,0.10900000000000001,0.10094109320548493,0.09928256261627295,0.09738799167640604,0.10070844274592317,0.10037810495401654,0.10099451789111705,0.10113495904704847,0.09910959338317757,0.10030480348647548,0.09975793099407768
2,2.0,0.31601,0.10105562782553636,0.09928861810404646,0.09464955612744068,0.10131996209266446,0.10115087490949054,0.10088801257486532,0.10253618633355632,0.09853407152406587,0.10071472998528967,0.09986236052304416
3,3.0,0.6191589000000001,0.10161577076359815,0.0983413795880618,0.09250689988564531,0.10186535477560336,0.1020745513802377,0.10143614093702974,0.10387566761163404,0.09738332848017979,0.10117087519772568,0.09973003138028429
4,4.0,1.015801321,0.10225229817659232,0.09689047050852519,0.08973825908407271,0.10303974967650545,0.10347678857374816,0.10170976305384545,0.10500182281063268,0.09680234856484582,0.10077807916852691,0.10031042038270518
5,5.0,1.50262148669,0.10251762894933199,0.09575748085037522,0.08728162504070558,0.10363022140962351,0.10397763935692764,0.10249627485687941,0.10537993405200329,0.09630955587387972,0.10107802687717395,0.10157161273309959
6,6.0,2.0757334209441005,0.10315971500471535,0.09413851408685235,0.08502418119335042,0.10537975975176515,0.10296630649397467,0.10364683524024108,0.10627753103876,0.09611286767409567,0.10182621912401904,0.10146807039222616
7,7.0,2.7307768275633495,0.10420885926580757,0.09271960773606351,0.08237549974193581,0.10587835405116501,0.10295374916499138,0.10512656976550892,0.10681322024350313,0.09659281944091727,0.10263217829608971,0.10069914229401761
8,8.0,3.4630081252450404,0.10524366357582832,0.09206993550817531,0.0799091177561812,0.10501041198400789,0.10288341157739855,0.10571579625325447,0.1078080723795152,0.09620227934387383,0.1034726770031149,0.10168463461865025
9,9.0,4.2673862119061114,0.10565262901961,0.09057220372551839,0.07767456858014495,0.10495106357027009,0.10361818380117735,0.10634219788876174,0.10820277425340015,0.09556011176333999,0.10423571910952534,0.10319054828825187
10,10.0,5.138652627782014,0.10615407245513425,0.09014578250841296,0.07555643956777434,0.10568284428330157,0.10291560083985701,0.10715146827531596,0.10839135737241756,0.09445601480187454,0.10581366808840043,0.10373275180751122
11,11.0,6.071405875792507,0.10665633800176627,0.08897113391400549,0.07318061242856812,0.10568891649807159,0.10208951787670334,0.10707217185192931,0.10851432333266275,0.09530883354397839,0.10736720548761138,0.10515094706470315
12,12.0,7.060169740244025,0.10715217436720773,0.0885489003384984,0.07099623632017918,0.10649829027451743,0.10103664296991823,0.10862116076138886,0.10781369448489123,0.09486051894393893,0.10892733789500271,0.10554504364445708
13,13.0,8.099455520847952,0.10690525702735851,0.0875552801550826,0.07133290488634851,0.10558766447111358,0.10075357982061517,0.10942167503706991,0.10841639165621425,0.09426371745650668,0.11029591187917362,0.10546761761051696
14,14.0,9.183818168183006,0.10603550976846209,0.08684173563697292,0.06882849497901998,0.10578849928134944,0.10058597176349282,0.11037673928566297,0.10923568270155884,0.09457587494327081,0.11156413003957859,0.10616736160063132
15,15.0,10.307906369102724,0.10637359883375905,0.08697581135344945,0.06829888514165872,0.10508905676876809,0.09947277945394147,0.11124364089041218,0.10935185873480885,0.09451849550251112,0.11247386110017754,0.10620201222051331
16,16.0,11.466506686239443,0.10584523958430023,0.08658700039026963,0.0662676398139572,0.10471433122271412,0.09844454728371207,0.11187836103177673,0.10930275091939821,0.09512954048936276,0.11429836888911404,0.1075322203753948
17,17.0,12.654581904800096,0.10598485694651896,0.08632785536335366,0.06574644950463368,0.10448683124054364,0.09731696288527218,0.11265000252112224,0.10974960343773028,0.09485812523270724,0.1159160566649417,0.10696325620317618
18,18.0,13.867303782456686,0.10617298128319957,0.08504818044802608,0.06371932791723056,0.1050456739284372,0.09732709220058317,0.11398606350401959,0.10939832832148969,0.0957005907882724,0.11645669367094723,0.10714506793779432
19,19.0,15.100080434523047,0.10632980520368587,0.08511137380694586,0.06233732638831747,0.10434253600704625,0.09681691655381729,0.11364514324680164,0.10953636133870595,0.09691120732319983,0.11785584723530522,0.1071134828961744
20,20.0,16.348578617037543,0.10644179360310366,0.08535690600385262,0.06075873297429715,0.10396207103480462,0.09574819252012692,0.11552708695899289,0.1094609488048113,0.09687453448222991,0.11942555674324128,0.10644417687453944
21,21.0,17.608741195130214,0.10577272578904362,0.08519135318208444,0.0593293344039364,0.1039413797997505,0.09482263489222094,0.11679119935727708,0.10985272410536959,0.09774507613671037,0.12083339319102882,0.10572017914257804
22,22.0,18.876800103462312,0.10586546514939077,0.08519089029777298,0.05892763987809465,0.10238027537439218,0.0940037261207367,0.11725316650005506,0.10900275687256292,0.09811232474731763,0.12240034342313982,0.10686341163653706
23,23.0,20.14928511992658,0.10561954073757511,0.08521447387946698,0.05796199967477893,0.10189262807991686,0.0927850990088448,0.11803552478184313,0.10833038275191528,0.09896137175274985,0.12396167908550704,0.10723730024740175
24,24.0,21.423028783545156,0.10651822572061961,0.08447218472233285,0.05754656882747393,0.1008601424789492,0.09275612022334558,0.11824925259155175,0.10787826726900622,0.0997817662868609,0.12508329431308923,0.10685417756677044
25,25.0,22.695167792966423,0.10562803428567463,0.08633250367156603,0.05693629757926438,0.10101873667111755,0.09186796880578868,0.11889587783590697,0.1076867358742545,0.09883377817750341,0.12632376431607495,0.10647630278284864
26,26.0,23.963141223515898,0.10575565358901835,0.08667171751548568,0.05640421314519344,0.1010663216788668,0.09120025040962183,0.11955355229558143,0.10700822346571978,0.0994914751707478,0.12686933642032128,0.1059792563094433
27,27.0,25.224685898775267,0.10494538122957968,0.08714826635441385,0.05610568957760755,0.10061879367240908,0.0890730536391459,0.11996462539130784,0.10777121080402553,0.1000355664753012,0.12832468214781298,0.10601273070839609
28,28.0,26.477829247520948,0.10469437584471131,0.08799108287784141,0.05588373630188107,0.09999434997571849,0.08843351696219992,0.11961832321472182,0.10740021605714563,0.10080339361984568,0.12971850551695538,0.10546249962897897
29,29.0,27.720879968916847,0.10417925567060884,0.08942907004969042,0.0560875516105689,0.09956622996862989,0.08782863408340544,0.11957358458388456,0.10672824431629102,0.1009210989856762,0.1301740913674506,0.1055122393637938
30,30.0,28.95241681848399,0.10356383999711928,0.08953458835954733,0.055860175386054554,0.09939256911618397,0.08718051550588661,0.12191726431993562,0.10667799025495846,0.10021132503277895,0.13010457091407185,0.105557161113463
31,31.0,30.17127581490958,0.10355417313323259,0.08995626011166684,0.05637284046487332,0.0988288819603664,0.08691493642314384,0.12254021580951059,0.10560266348159841,0.10019711507117678,0.1299201396000384,0.10611277394439247
32,32.0,31.376536153543515,0.10330611433721507,0.08956980522118664,0.057042439531535226,0.09828475994527003,0.08726953160669113,0.12275057025302291,0.10453282026174589,0.10001346072091924,0.1310018548834916,0.10622864323892198
33,33.0,32.567505096778625,0.10215297128021159,0.08886963393219291,0.05702843717411481,0.09862064085319372,0.08622076881100589,0.12391137255081192,0.10480638780175139,0.10002201732571903,0.1320162548914111,0.1063515153795874
34,34.0,33.74370209472243,0.10219253080345879,0.08888168654438394,0.05718652612793325,0.09771320237755736,0.08501654285691616,0.12517759283930102,0.10488110186570132,0.10043286368682466,0.1322852948863003,0.10623265801162295
35,35.0,34.90484237192463,0.1027486114950965,0.08858513535206207,0.05792776042586247,0.09732464814103937,0.08503292934407564,0.12580627236548442,0.10446714922706224,0.09954493800707633,0.1326932249906649,0.10586933065157587
36,36.0,36.05082019768737,0.10229366887231592,0.08894791249301814,0.05864783188823256,0.09683054036968711,0.08452191065624973,0.1255852886906879,0.10523569145429044,0.09918371519478139,0.13354313945259708,0.10521030092813956
37,37.0,37.18169203889697,0.10222817323703111,0.08933121254191846,0.058875367427193265,0.09693063280595338,0.08460489072320894,0.12614530296288973,0.10438189334879731,0.09876030463423369,0.13420577936319908,0.1045364429555749
38,38.0,38.29765977559663,0.10165478068014036,0.08973924644347507,0.058824151586426454,0.097712510481996,0.08442617106317159,0.12667458001493043,0.10340001504921963,0.09798388252425144,0.13473434593101927,0.10485031622536964
39,39.0,39.399054140870355,0.10181345319229468,0.08927518227071453,0.057671908422312276,0.0978006132062129,0.08447232214313224,0.12755002228228915,0.10275102856612905,0.09796884446241218,0.1357250992539328,0.10497152620057006
40,40.0,40.48631852820801,0.1015402985392861,0.08980261905612104,0.05808665538426016,0.09706621033229478,0.08425354277500176,0.12783320687603605,0.10279068641936832,0.09861981846856463,0.13545808435443246,0.10454887779463459
41,41.0,41.55999329152982,0.10110799507321762,0.08976397000670745,0.05837170032418314,0.09657257099530694,0.08374599352089433,0.1284055444776528,0.10309531153891084,0.09828922083706268,0.13614776022440794,0.10449993300165614
42,42.0,42.62070064560415,0.10079897965358248,0.09037545869370248,0.05973362021540506,0.09660747873183077,0.08314086015465323,0.12802561731779113,0.10309712674216183,0.09817309642869176,0.13658982463051866,0.10345793743166243
43,43.0,43.669130257815,0.10113567001659683,0.0909746611206082,0.06051934034379881,0.09668718920827013,0.08176166287685753,0.12904827078525236,0.10267507345334959,0.09724081708575184,0.13633758099621246,0.1036197341133021
44,44.0,44.70602560622662,0.10161021419954513,0.0911510141199815,0.06051891393602416,0.09724227686348066,0.08222680733781261,0.12910659636110258,0.1034717962023877,0.09680660497234536,0.13591875173781287,0.10194702426950727
45,45.0,45.73217116373481,0.10151888468369681,0.09199571356324578,0.060403034004296426,0.09729119522430726,0.08181580978074042,0.1293818680719408,0.10254983619063432,0.0970766315804915,0.13618546620217375,0.10178156069847275
46,46.0,46.748380453854836,0.10031119024161429,0.09242555184637594,0.06090907225297677,0.09806609019081716,0.08297482836521239,0.12950290209482762,0.10204815095864632,0.09619630417233609,0.13606815201910288,0.10149775785809034
47,47.0,47.755485010424316,0.09934167749394095,0.09287467102458077,0.06136995859697792,0.09812311805151826,0.08279377675973999,0.1292885290446184,0.10250528578319329,0.09626941012569555,0.13686552913947633,0.10056804398025834
48,48.0,48.7543242612326,0.09979012299023131,0.09381424634985754,0.06129449042793836,0.09674835805260668,0.08244288682087557,0.12959492499897848,0.10345081995517688,0.0960810525682241,0.13735511219383645,0.09942798564227447
49,49.0,49.745736344347726,0.09941721182579932,0.09363893414087414,0.06165130703725594,0.09838966031257278,0.08220935328010383,0.1288481961518159,0.10348932025320304,0.09622147030020539,0.1371771339111462,0.09895741278702329
50,50.0,50.730549855707864,0.0989676428093212,0.09342931999432001,0.06191921586053894,0.09821472782070592,0.08199530170222387,0.12888151074580304,0.10362029157734635,0.09635403101464496,0.1365904028604845,0.100027555614611
51,51.0,51.70957651737491,0.09901667661402294,0.0933887715111136,0.06272827527755423,0.09723352350595968,0.08176959503772864,0.12842565534918748,0.10398737085414328,0.0954644930585609,0.13722813421268873,0.10075750457904027
52,52.0,52.68360474770151,0.10000235236030816,0.09178488038064853,0.06409003756987329,0.0965096705200905,0.08235168159143547,0.1284696165603473,0.10404335162801921,0.09457077039273197,0.1371162670060278,0.10106137199051751
53,53.0,53.65339410751842,0.09992127331310513,0.09091436975029256,0.0639924521817046,0.0970898513183635,0.08297237990671116,0.12909811533313048,0.10531010137171154,0.09399847879842331,0.13613599147261543,0.10056698655394206
54,54.0,54.61967059027847,0.09923743328144,0.0907979681668718,0.0641969958007437,0.09696969493072784,0.08323034332731453,0.12995313248592058,0.10520484050855326,0.09277092682536915,0.1359278639098006,0.10171080076325827
55,55.0,55.58312271885972,0.09825093721248968,0.09121240871052438,0.06362480866112832,0.09721580088042497,0.08408818861091737,0.1301224864518251,0.10522323988798873,0.09223112140818035,0.13616958036131543,0.10186142781520541
56,56.0,56.544398407394254,0.09904734452130756,0.09095442853456365,0.06393144833919251,0.09704386494729746,0.0842151474158802,0.1299276159174125,0.10477987726818638,0.09224334410026966,0.1356039994264041,0.10225292952948571
57,57.0,57.504102543001395,0.09861221011145421,0.09008224574224764,0.06434127767551308,0.0968043185840212,0.08454826149896913,0.12931792034080986,0.10432999333548199,0.09373732058098706,0.1352096426460607,0.10301680948445484
58,58.0,58.462795239617805,0.09887282407188794,0.08966555094818378,0.06462607386515164,0.09744237065508918,0.08465516242245211,0.12891865585158904,0.10381981123508158,0.09360293550328044,0.13528256287755666,0.10311405256972732
59,59.0,59.42099071417639,0.09926067944668576,0.08980741397255218,0.06514547630886185,0.09679593424746896,0.08466213902271491,0.12883808983215267,0.10373495153582979,0.09352399919618852,0.13490134516306412,0.1033299712744809
60,60.0,60.379156734137354,0.09828997999248827,0.0898474900198403,0.0658071072299347,0.09834171313028983,0.08481450553648434,0.12956834989423704,0.10298288917666037,0.09246411676911453,0.13482444596973914,0.10305940228121113
61,61.0,61.337714584760846,0.09771532073847314,0.08880563014514024,0.06661869669427617,0.09797992354005707,0.08544736111040656,0.13018366999714737,0.10191813266925744,0.09236556860922243,0.1350772597379615,0.10388843675805778
62,62.0,62.29703950447439,0.09818209842398015,0.08757335858949052,0.06775376449488114,0.0976555051523454,0.08564358501697622,0.13067625313513556,0.10217309248340836,0.09218860778815524,0.13387301654430833,0.10428071837131876
63,63.0,63.257461537171835,0.09735095463246479,0.0882290445614856,0.06912287930761542,0.09719426933465374,0.08585230095054244,0.13050677620910284,0.10238208048088386,0.09187200377023322,0.1343244888032,0.1031652019498178
64,64.0,64.21926675122782,0.09685961303526247,0.08969230840712972,0.06856275098917959,0.09762645096079182,0.08561280569384666,0.13056065879795525,0.10156663758061657,0.09052301940862412,0.13388079471354794,0.10511496041304556
65,65.0,65.18269877636592,0.09642616297803625,0.08915304462311965,0.06850586366224774,0.09695902170190779,0.08494950198048327,0.13170836578926978,0.10236749890144249,0.09024026715967585,0.13442886704989074,0.10526140615392618
66,66.0,66.14796061122655,0.09528582463310643,0.08873725653206552,0.06866511472242001,0.09696505905808818,0.08500060284614762,0.13193938280522377,0.10330858950259014,0.09054167237764871,0.13470100479193897,0.1048554927307704
67,67.0,67.11521665648885,0.09568395509936796,0.08841163945854053,0.06879290371026975,0.09689853327673739,0.08491098849235922,0.13101357932841928,0.10367365385482523,0.09007250610501998,0.13507379035678713,0.10546845031767335
68,68.0,68.08459493066005,0.09586582336758342,0.08811637994613027,0.06941780261781061,0.09804614575383168,0.08399673546336864,0.13201798085128688,0.10240921414770297,0.09054316388390642,0.13481702619755753,0.10476972777082139
69,69.0,69.05618942810752,0.09567781690547414,0.08823352800951575,0.06930681405967204,0.09771208077810851,0.08383663727477547,0.13149423668740795,0.10156230524015358,0.09118620710467404,0.13610185893320864,0.10488851500700966
70,70.0,70.03006258152917,0.09619658985334231,0.08624155480893494,0.06886799368187675,0.09817473686000368,0.08340235197225722,0.13212923175481633,0.10123269182823284,0.09173780669444892,0.13684026699296126,0.10517677555312553
71,71.0,71.00624779379335,0.0975890352789803,0.08661528685437203,0.06852750485006423,0.0975118819119554,0.0834765369965455,0.13188071175984883,0.10169312102832999,0.09164716247366318,0.13585146660311814,0.10520729224312217
72,72.0,71.98475200689319,0.09790058245188828,0.08722108279577151,0.06783403734760256,0.09830729034773335,0.08361961097609563,0.13128441412623185,0.10162769076852801,0.09185630048211435,0.135303770214203,0.10504522048983123
73,73.0,72.96555827861411,0.09829621795225386,0.08743371228518293,0.06727679737981307,0.09750972383406059,0.08302096352125142,0.13193531141010437,0.1005928192008616,0.09266534422457474,0.13579501336915759,0.10547409682273962
74,74.0,73.94862834037681,0.0983750139136121,0.08712505874802735,0.06679165131880202,0.09793574413282204,0.08182911509636445,0.1327547639407598,0.10086191381564547,0.09342497697210073,0.13602162439964433,0.10488013766222155
75,75.0,74.93390511255946,0.09745897148221162,0.08656273779709149,0.06655992023755533,0.09710651397349428,0.08115354002601241,0.13442316235369825,0.1006416768586916,0.0945797014726276,0.13656639143674038,0.10494738436187684
76,76.0,75.92131515639825,0.09759976413263,0.08686223706923527,0.06784554325064564,0.09691572801604303,0.08073141091685414,0.13413932014713023,0.10058907071398134,0.09377066150970438,0.13572694158623508,0.10581932265754072
77,77.0,76.91077104428919,0.09785648163658901,0.08638965639304248,0.06833060792356452,0.09655319050088522,0.07985049429265549,0.13490686802159135,0.10075619180174088,0.09400635616933539,0.13535265458095605,0.1059974986796394
78,78.0,77.90217363294813,0.09890098639837219,0.08610315721325927,0.06917426223125876,0.09712060146497142,0.07999432124403254,0.13504531885283938,0.10061576490496749,0.09313948779995902,0.13516447328502496,0.10474162660531473
79,79.0,78.89541422641172,0.09851376748779764,0.08602615003364396,0.06955494177204982,0.09673331727160259,0.0799684397110422,0.13543265985135625,0.10091580030155822,0.09411240659620564,0.1348287336565367,0.10391378331820675
80,80.0,79.89037661826481,0.09843102247233872,0.08669749131153698,0.07026820094741165,0.09687000957311533,0.07843498910386638,0.13522314943124597,0.10155342429009513,0.09332905165791054,0.13445208062569958,0.10474058058677944
81,81.0,80.88693900474995,0.09832137283275336,0.08638173935080881,0.07043372906403998,0.09827502796314193,0.07852733116773288,0.13502093718384509,0.10146878075635213,0.09307997757814505,0.13418671979142335,0.10430438431175715
82,82.0,81.88497576253909,0.09944357721109104,0.08634386685707364,0.0693668201855325,0.0980800608456423,0.07786785085325375,0.1350713666932979,0.1021385604485177,0.09349286943705803,0.13411215873180382,0.10408286873672906
83,83.0,82.88435908692391,0.0995758566163551,0.08571558726039413,0.06909347040487836,0.09904504958713047,0.07788547128822873,0.13603495376083516,0.1023085583941784,0.092352275450585,0.1335472983361008,0.10444147890131365
84,84.0,83.88496048800103,0.09998699126427209,0.08510277254687018,0.06783867029530002,0.09933597390051487,0.07819566059935165,0.13642631377609835,0.10323209950486675,0.09161775566658019,0.13344606400941292,0.10481769843673276
85,85.0,84.88665214409042,0.0995354528568127,0.08562796635211328,0.06789592376210811,0.09849975221483735,0.07829525330674475,0.13707325072714951,0.10332067282916896,0.09125103167429385,0.13394842795060435,0.10455226832616689
86,86.0,85.88930811312994,0.09987512099449827,0.08624470388420619,0.06735090466522956,0.09951495295558094,0.07757801435846894,0.13616200052891975,0.10532713454832682,0.09133614912134506,0.1336177028912374,0.10299331605218685
87,87.0,86.89280540413424,0.09906277350159329,0.08698828702707516,0.0678218978786854,0.10016548903646641,0.07743819876256343,0.1350005154998263,0.10457910855626856,0.09162556473916574,0.13354922334725128,0.1037689416511042
88,88.0,87.89702491199675,0.09945908764439151,0.08764794741607612,0.06697251530244781,0.10061655121176803,0.07668448515895519,0.13484905530655267,0.10404015387756502,0.09211941370480312,0.13416572819164832,0.10344506218579198
89,89.0,88.90185221995306,0.09877401299321253,0.0867767139720941,0.06662889273078942,0.10118902855050803,0.07672733154343603,0.13527747211104352,0.10329334575973724,0.09224200718195338,0.13573728264183868,0.10335391251538684
90,90.0,89.90717827491419,0.09850844551597669,0.08806465364387076,0.0665892714440782,0.10099693862407748,0.07661980390030462,0.13540417893865975,0.10240597653643888,0.0914414171159737,0.1360042528549139,0.1039650614257058
91,91.0,90.91289994163006,0.09913522407799938,0.08864447686767143,0.06617385970610462,0.10025374414685262,0.07745688440230045,0.1345453967463596,0.10225382301757391,0.09085826232138286,0.1362389925470115,0.10443933616674347
92,92.0,91.91892044225806,0.09867661377031184,0.08880103024004887,0.06718926576654169,0.10024423283205981,0.07684376492380443,0.1351282874736084,0.1027095133795598,0.09004498318349731,0.1363973319599867,0.10396497647058096
93,93.0,92.92514968840067,0.09857674740097913,0.08924469699144787,0.06811058326673736,0.1005588287850381,0.07640792214919925,0.13442759937068047,0.10259940219169125,0.08871284619362779,0.13756517362991236,0.10379620002068621
94,94.0,93.93150451304501,0.09814554087806472,0.08891766683220355,0.06808841530944165,0.10153706180623948,0.07671273538551349,0.13407136164817265,0.1023583220171118,0.08934541891914935,0.13671325507864512,0.10411022212545801
95,95.0,94.93790881009448,0.09783879066796078,0.08976768270909585,0.0679401458867595,0.10181680999629236,0.07659512069989972,0.13441052415183818,0.10172475063044337,0.08920214837168333,0.13779571333405832,0.10290831355196839
96,96.0,95.94429358933806,0.09847421922408506,0.08983010437099062,0.0683157627753484,0.10192806259473196,0.07705240987261947,0.13373008071403467,0.10152738071952463,0.0895386640964008,0.13740535194794318,0.10219796368432106
97,97.0,96.9505969547639,0.09782166519684286,0.0891173026884533,0.06852243540568112,0.10188068217086771,0.07652416576800641,0.1334149459885406,0.1017266246117348,0.09012783061459921,0.13812138943724775,0.10274295811802607
98,98.0,97.9567640140995,0.09717016573357941,0.08909857133248135,0.06923249038709035,0.10185232330417504,0.07604535754770009,0.1341625027206037,0.10147921367793937,0.08896779238871765,0.138877876345673,0.10311370656203983
99,99.0,98.96274672736057,0.09599504269789447,0.08924155318509623,0.0695090054764383,0.10125278782815103,0.0760473817388245,0.13425263235403145,0.10209208877381426,0.08878969453177181,0.13922429858074364,0.1035955148332341
100,100.0,99.96850370202192,0.09498046230280338,0.08968696033945273,0.0686401663973732,0.10149924182680951,0.07599175033843716,0.1343803888154171,0.10190614005918752,0.08880956608644418,0.14002963286106546,0.10407569097300959
101,101.0,100.97399994219691,0.09551699293919536,0.089501186269698,0.06774081150325517,0.10057339757576414,0.07570826093813803,0.13356914147774604,0.10234522311407279,0.0893903300888979,0.14115715010782606,0.10449750598540634
102,102.0,101.97920655893245,0.09610672363868424,0.08941232401681129,0.06793970094421924,0.09905273699709445,0.07609658927358576,0.1338541092796191,0.10286985859560878,0.08957122502266994,0.14113237700877984,0.10396435522292714
103,103.0,102.98410044840509,0.0954807820039568,0.09011596235969055,0.06849152574086163,0.09872754945564774,0.07649503404117994,0.13478387715139822,0.10310798209898382,0.08873100513398946,0.1407804268545395,0.1032858551597521
104,104.0,103.98866394444643,0.09526878403653022,0.09039915588741558,0.06876007975624461,0.09877444851362019,0.0763880667259388,0.13351974781663678,0.10309589745805636,0.08938288866345262,0.14069837597426216,0.10371255516784245
105,105.0,104.99288445143917,0.0958687945944277,0.09039870594502683,0.06862296395850273,0.09842182627412069,0.07648086072600807,0.13355392161340454,0.10350324115666934,0.08925706308028386,0.14141436577745403,0.10247825687410199
106,106.0,105.99675406321822,0.0963945217904369,0.08963070556739072,0.06826965628283115,0.09857477571092885,0.07563934045150278,0.1324924489305866,0.10478234453684179,0.08879929035053871,0.14189593826210364,0.10352097811683864
107,107.0,107.0002691731872,0.09567518611330117,0.09099736801370521,0.06755860615424128,0.09874259120979727,0.07672685756413461,0.13255741987290265,0.10377307048431651,0.08797054971167134,0.14181694172885753,0.10418140914707218
108,108.0,108.0034300804274,0.09575935530690304,0.09057443905108244,0.06756684997905285,0.09922857577589052,0.07674787208490519,0.13354944121519485,0.10327673813308197,0.08792980172833968,0.14117639159333126,0.10419053513221795
109,109.0,109.00624059613932,0.09633301356553647,0.09093742577909264,0.06659419354281579,0.0987786438728467,0.07742014699326358,0.13421937579270404,0.10407700195336565,0.08748587067444731,0.13981527104638278,0.10433905677954475
110,110.0,110.00870765431864,0.09536681917419775,0.0910729312166304,0.06630870566331577,0.09826271548380465,0.07811853620570948,0.13461965293202915,0.10470972396733737,0.08739334368166254,0.14019613676234963,0.10395143491296295
111,111.0,111.01084093013685,0.0947761873782991,0.09178826712413897,0.06578744551928059,0.09916984578672375,0.0784994373185492,0.13289006027573172,0.10498623244139443,0.08777900381468187,0.14057550700145646,0.10374801333974361
112,112.0,112.01265246907188,0.095714370235976,0.09113053440300928,0.06468161434969721,0.09974453977655498,0.07822095128053307,0.13346173359479716,0.10458332129632374,0.08788049959638546,0.1409527036442921,0.10362973182243071
113,113.0,113.01415632942268,0.0955857980443584,0.0910747087332268,0.06318068018310999,0.09921998957540194,0.07821514872458127,0.13361775358217592,0.10566330851097999,0.08891735939548111,0.14057502059450894,0.10395023265617538
114,114.0,114.01536824044418,0.09458389837741185,0.09050935094603675,0.06211094657262074,0.09980632020740182,0.07978345127645378,0.1337907114145743,0.10542134745961781,0.08833292978403177,0.140085941688459,0.1055751022733919
115,115.0,115.01630527795908,0.09543847432647398,0.09068702540765243,0.06160524473561919,0.10063520110008287,0.08000595330678605,0.13356072473187589,0.10438149781081009,0.08876136864177685,0.13980453048935546,0.10511997944956698
116,116.0,116.0169855589429,0.09594595266497047,0.0914241322131554,0.062478476127413564,0.1006222644335522,0.0796665358291628,0.13374641624425018,0.10412145959038455,0.0879562166578163,0.13898891383856954,0.10504963240072482
117,117.0,117.01742795623892,0.09557283722955887,0.09152771301650582,0.06243297395147475,0.10018277737031527,0.07998011271758146,0.1339659386032074,0.1042151228557513,0.08787827146359048,0.13881544410375632,0.10542880868825819
118,118.0,118.01765183424293,0.09597996213410982,0.09153106002700051,0.06192264546661206,0.10102419050468556,0.08106446168025337,0.13400584072716193,0.10395709917186498,0.08651439690682186,0.13828098945382447,0.10571935392766527
119,119.0,119.01767680610413,0.0973220103341638,0.09121620087550086,0.062029857118795106,0.10011672680811945,0.08147248826202348,0.13456925241734966,0.1037221522259537,0.08572840172884559,0.13860320257474731,0.10521970765450082
120,120.0,120.01752251271817,0.09750390763037188,0.09055004309383959,0.06220810013231224,0.0997391786270488,0.08147228169586962,0.13475555722220117,0.10343121722200509,0.08601184005922037,0.13839311841128285,0.10593475590584817
121,121.0,121.01720842354362,0.09827038302570074,0.09103065099469164,0.062207305787139,0.09993812122993512,0.08045071424430808,0.1358908542164043,0.10276996828701951,0.086022285361035,0.1385552820916795,0.10486443476208693
122,122.0,122.01675365905109,0.09849290701330887,0.09043250993417029,0.06389922365559622,0.09884302871123615,0.08068103556550904,0.13530188321240885,0.1038666481510203,0.08501117581258821,0.13783840257754623,0.10563318536661563
123,123.0,123.0161768344173,0.09726127371888107,0.09166885383477545,0.06357523133817662,0.09890819493089906,0.08151160777618024,0.135555038621531,0.1039412521632163,0.08537517642194671,0.1364799010985524,0.10572347009584095
124,124.0,124.01549592390272,0.09725688998804398,0.09216200373149543,0.06327268668423161,0.09918643935377407,0.08046107437166451,0.13528109746844638,0.10423707705625704,0.08573405147993209,0.1360324507615182,0.10637622910463647
125,125.0,125.01472814520056,0.09712171636862155,0.09189175730290665,0.06259305809614968,0.0984495915325119,0.0801833747946139,0.13601949302633934,0.10531998208209134,0.08585485231724692,0.13558516187475358,0.1069810126047649
126,126.0,126.01388986291661,0.09683397545881048,0.09103787308653917,0.06300553601907444,0.09789214647987295,0.08021284207853804,0.13605794835217902,0.10548590745059444,0.08550936983406833,0.13566844351373697,0.10829595772658593
127,127.0,127.0129965102319,0.09803467812371695,0.09066767282367048,0.06292760988223667,0.098905118522838,0.07928910922023616,0.1348859290894739,0.10530011102442341,0.08560186017663877,0.13596033042947483,0.1084275807072906
128,128.0,128.01206252771334,0.0987504032323661,0.0912681191122997,0.06265729856016176,0.09919247974607175,0.07878664824867608,0.13419233141270576,0.10436504455538959,0.08569543901111806,0.1356384662953405,0.10945376982587049
129,129.0,129.0111013181695,0.09918534810767725,0.09092933527265692,0.06330798575378545,0.09888145845245049,0.0792825208167337,0.13350916116262126,0.10423197344620479,0.08461271936471527,0.13618409469898485,0.1098754029241698
130,130.0,130.01012521639834,0.09864953514184395,0.0909759135736635,0.06403680140083143,0.09861890531437056,0.07884714576769092,0.134460947237151,0.10420036597742617,0.08478001552881474,0.135910913897571,0.10951945616063649
131,131.0,131.0091454726403,0.09854428272888145,0.09130575997745355,0.06418527901810128,0.0984814663225275,0.07920884754709027,0.13504144673336457,0.1040999186299126,0.08408201237590307,0.1357532602062619,0.10929772646050356
132,132.0,132.0081722485317,0.09936975889896953,0.09131133864146135,0.06347657755084671,0.09837904790271189,0.07935977130661907,0.13424266803594334,0.10339798873570412,0.08448224908611805,0.13696538945960102,0.10901521038202466
133,133.0,133.00721462434865,0.0989923927159784,0.09293601339458343,0.0631485414492053,0.09914749015151242,0.0789719226694706,0.1335104955808796,0.1025158404847756,0.08556206543622114,0.13680879425576797,0.1084064438616053
134,134.0,134.0062806163404,0.09909905571154018,0.0939757062772368,0.06391311552100315,0.09958127356369,0.07863186649300795,0.13300637536708787,0.10162374271932118,0.08566878918457618,0.1374049957020466,0.10709507946048988
135,135.0,135.00537720296956,0.09892829392803437,0.09447769714461098,0.06463832779248063,0.098737747080884,0.07851830648931438,0.13285273302150208,0.10105446341812058,0.08671320727520815,0.1368125812010273,0.10726664264881729
136,136.0,136.00451035890612,0.09773100007035293,0.09428087266414646,0.06441835516552509,0.09886367353511927,0.07929805138405055,0.13211242204110785,0.10073913605983681,0.08772666325196565,0.13673286302020893,0.10809696280768624
137,137.0,137.00368509565993,0.0981038435774311,0.09473775213818876,0.06408758731266254,0.09891867357250539,0.07967313995613783,0.1325379978520641,0.09964384997401665,0.08711344585339774,0.13716618190875646,0.1080175278548392
138,138.0,138.0029055077818,0.09894580098949093,0.0953687047799962,0.06468948442566602,0.09940799658513189,0.07947315934842941,0.13162279409844513,0.10010459522963844,0.08592531553664777,0.1369524107533697,0.1075097382531843
139,139.0,139.00217482361367,0.0987172370595244,0.09588199795179714,0.06560963459353095,0.09900190865139169,0.07966890080000923,0.1314351705529823,0.0992958060190642,0.08648468852917836,0.13672144593178287,0.10718320991073868
140,140.0,140.0014954596262,0.09759965874330696,0.09522403147417446,0.06640889077904383,0.09967149930818753,0.07887980153123059,0.1318661118309352,0.10080643995982207,0.08615982975185472,0.13624995304233492,0.10713378357910947
141,141.0,141.00086907744122,0.09730213191310513,0.0950187290411306,0.06650099334769502,0.09943030881097512,0.07970340083469411,0.1314341933262799,0.09965119287573876,0.08576225780999197,0.13751130883504362,0.1076854832053455
142,142.0,142.0002966427003,0.0967971001611584,0.09379899399530381,0.06749745593659606,0.09906932083200645,0.07962617330628138,0.13181635997858338,0.0996834680601453,0.08635214338300588,0.1375611936263451,0.10779779072057398
143,143.0,142.99977848500652,0.09628833532502157,0.0936207209122525,0.06756285147125017,0.09967984903789662,0.07932592891327393,0.1321952235592689,0.09960750141471668,0.08630621280853847,0.13722722356938805,0.10818615298839283
144,144.0,143.99931435823203,0.09605590054243786,0.09396722741942112,0.06742125620347454,0.09916871419326188,0.0796965731442084,0.13128516433398002,0.09979038977446154,0.08673754582945412,0.13712349923061068,0.10875372932868958
145,145.0,144.99890350055264,0.09586551400088617,0.09398207993527885,0.0670493986055399,0.09896625707865633,0.07975695775178178,0.13078216952536,0.10095097925385482,0.08573314274670205,0.1379383481176037,0.10897515298433616
146,146.0,145.9985446936357,0.09640818437544241,0.09428893131380141,0.0665618665312067,0.09888568870219333,0.07895447015010933,0.13141422840224753,0.10127833042847878,0.08696978514642131,0.13774992605852315,0.10748858889157578
147,147.0,146.99823632047406,0.09750319148626443,0.09397503300798749,0.06689711742760733,0.09906059452168386,0.07782857686534135,0.13159745737888381,0.10061819733003853,0.0881887250341065,0.13778107943873258,0.10655002750935381
148,148.0,147.99797642142389,0.09710195561363498,0.09428634388546152,0.0663803158016604,0.09886090750512937,0.07802995928798258,0.1322170006879329,0.10053144516482006,0.08830382530704267,0.13762852994019442,0.1066597168061408
149,149.0,148.99776274806447,0.09575390503971126,0.0947199557068586,0.06782481794798888,0.09811710891007819,0.07804398427807625,0.13258434598118907,0.10075182657536198,0.08938013512968018,0.1364767594634082,0.1063471609676471
150,150.0,149.99759281456036,0.09688528851493966,0.09500963991552527,0.06684459803601057,0.09766200167447378,0.07791761257890087,0.13170332545556163,0.10161857536083012,0.08974501337088366,0.1362321116283539,0.10638183346452024
151,151.0,150.99746394626104,0.09792057947333306,0.09508340380197136,0.06567206585158449,0.09773633029023662,0.07681248638492265,0.13139962943200661,0.10225117903792826,0.0896731254822854,0.1368047895123944,0.10664641073333683
152,152.0,151.99737332532905,0.0978629433576006,0.09463345982369503,0.0656044549236592,0.0993108216119991,0.07760676065865715,0.1303679009427816,0.10228690666014545,0.08975733169212112,0.13636770998902287,0.10620171034031756
153,153.0,152.99731803323698,0.09814607046046267,0.09489433506159659,0.06575013904761245,0.0986703442690056,0.07722138914198753,0.13054129401568362,0.10278999799636329,0.09004879312460132,0.13588995923210842,0.10604767765057813
154,154.0,153.99729509002177,0.09765574108143894,0.0959169786515684,0.0653793461864564,0.0992788133526576,0.07795232897451794,0.1307252362588635,0.10306404989207231,0.08947986100821392,0.13488306805338554,0.10566457654082506
155,155.0,154.99730149022784,0.09708773196470297,0.09615198146869658,0.06479817294105922,0.09974530498822608,0.07726312753053606,0.13053340668062594,0.10411651244723474,0.0890443602173735,0.13460955484877732,0.10664984691276717
156,156.0,155.99733423551103,0.09816152981776378,0.09768664910685323,0.06516692631398302,0.0996102894209889,0.07613969892954471,0.1298194429323602,0.10460687538730447,0.08902875086259508,0.13375093806645283,0.10602889916215333
157,157.0,156.99739036391077,0.09770983159779467,0.097362581885793,0.06485003951699679,0.10000225724967786,0.0755618487349165,0.13038316348940476,0.10470363463075398,0.08913341964928717,0.13449119103879037,0.10580203220658443
158,158.0,157.99746697583146,0.09804399318667065,0.0969353236762368,0.0653777068532929,0.09991961337218862,0.07533063449467206,0.13047255643636152,0.10479863325002986,0.08922234369641874,0.1340756036273309,0.10582359140679752
159,159.0,158.99756125680176,0.09830016094265033,0.09694021709753622,0.06529606410672714,0.0990943663379663,0.0755325574675175,0.13216810001773022,0.10519248774641715,0.08960205293354064,0.13284913450683308,0.10502485884308103
160,160.0,159.997670497107,0.09844709699869128,0.09580819656516444,0.0657721234220289,0.0986474239915664,0.07606464119114906,0.13162163234891072,0.10570858751306833,0.08924276106116492,0.13341451757796222,0.10527301933029332
161,161.0,160.99779210841066,0.09967045259641703,0.09593298748451337,0.06525554371096902,0.09770930344529699,0.07528135938121919,0.1326857239810324,0.10548389326519916,0.09009641231987861,0.1330925730140012,0.10479175080147257
162,162.0,161.99792363749984,0.09863153457130784,0.09551786275262508,0.06529374960751726,0.09852570621929635,0.07452193896865382,0.13277976963880547,0.10484098518608237,0.09082197970755841,0.13365926366972147,0.10540720967843148
163,163.0,162.9980627773051,0.09816680285306785,0.09580888961335429,0.06443140438899467,0.09925353796322248,0.07530861174748278,0.13212198463458263,0.10428908090650224,0.09186911655057065,0.13341130666375373,0.1053392646784683
164,164.0,163.9982073753568,0.09925274102856928,0.09658388530696004,0.06416339153090192,0.09982146697579602,0.07512574383398163,0.13200319673173688,0.10270066055147184,0.09132035450316862,0.1331150366878825,0.1059135228495309
165,165.0,164.99835543984977,0.098893781366822,0.09581168760823529,0.06409463019275964,0.0993903760776345,0.07498492987291425,0.13237640348919769,0.10219806562547125,0.09132947599931046,0.1349547321255518,0.10596591764210275
166,166.0,165.99850514349492,0.09916301504085825,0.0962004789582056,0.06397733806730714,0.0999007836115406,0.0747194308793874,0.13262784301516067,0.10205077715126451,0.0911113325584882,0.13521672750431774,0.10503227321346953
167,167.0,166.99865482534062,0.09848918293557693,0.09658636740080953,0.06375491963472006,0.10027236668751717,0.07482050875785583,0.1332132708422326,0.10236435133433186,0.09105830914254083,0.13422822363566958,0.10521249962874524
168,168.0,167.99880299074837,0.09806565537590553,0.09691513524618069,0.06300955109800097,0.10007107934039021,0.07519139213206419,0.1325744206030581,0.10224688199867724,0.09006659955790797,0.1349382601054323,0.10692102454238246
169,169.0,168.99894830970783,0.09848496376117505,0.09628166097750866,0.06283086409231456,0.1012013927711615,0.07464202989572492,0.13239548254876338,0.10220556481104351,0.090134598936086,0.13501975746101075,0.10680368474521136
170,170.0,169.99908961367427,0.09866324433532024,0.09556026923386793,0.06363433384730154,0.10133838520330707,0.07382591549849009,0.1326754714659623,0.10301879376005882,0.09095678862012123,0.13422219570458213,0.10610460233098834
171,171.0,170.99922589110733,0.09714319162117356,0.09533841757013775,0.0641872584759276,0.10134822127114468,0.07426639002292278,0.13281949227071413,0.10380619375703443,0.09025536314627092,0.13484693900403036,0.10598853286064351
172,172.0,171.99935628188598,0.09755434129762142,0.09603727141786053,0.0653620580109036,0.10236793423977772,0.07402293724118622,0.13168182252729502,0.10245031881091396,0.09037224804331152,0.13472300732916317,0.10542806108196656
173,173.0,172.99948007076793,0.0984876624431319,0.09563723940267335,0.06457527060178395,0.10225993717679892,0.07322305003770249,0.13043520050706403,0.10354749664436501,0.08950133436307524,0.13534785907815808,0.10698494974524672
174,174.0,173.99959668005403,0.09832572132586677,0.0948810265915199,0.06573918910970718,0.10314750655608565,0.07408738655343158,0.13145485231732768,0.10205524580840061,0.0882643333215667,0.13537451512195917,0.10667022329413449
175,175.0,174.99970566161096,0.09837887124142433,0.09614636241964417,0.06576294583250362,0.10267091698326027,0.07349760877734161,0.13140402510255292,0.10130149928941552,0.08768710634017132,0.13592734154262104,0.10722332247106497
