,Unnamed: 0,Total_iterations,Intertwine_two,Invert_path_vertices,Insert_inside_vertex,Delete_inside_vertex,Replace_inside_vertex,Donate_between_routes,Trim_one_terminal_cb,Grow_one_terminal_cb
0,0.0,0.0,0.125,0.125,0.125,0.125,0.125,0.125,0.125,0.125
1,1.0,1.0,0.125,0.125,0.125,0.125,0.125,0.125,0.125,0.125
2,2.0,2.0,0.125,0.125,0.125,0.125,0.125,0.125,0.125,0.125
3,3.0,3.0,0.125,0.125,0.125,0.125,0.125,0.125,0.125,0.125
4,4.0,4.0,0.125,0.125,0.125,0.125,0.125,0.125,0.125,0.125
5,5.0,5.0,0.125,0.125,0.125,0.125,0.125,0.125,0.125,0.125
6,6.0,6.0,0.125,0.125,0.125,0.125,0.125,0.125,0.125,0.125
7,7.0,7.0,0.125,0.125,0.125,0.125,0.125,0.125,0.125,0.125
8,8.0,8.0,0.125,0.125,0.125,0.125,0.125,0.125,0.125,0.125
9,9.0,9.0,0.125,0.125,0.125,0.125,0.125,0.125,0.125,0.125
10,10.0,10.0,0.125,0.125,0.125,0.125,0.125,0.125,0.125,0.125
11,11.0,11.0,0.125,0.125,0.125,0.125,0.125,0.125,0.125,0.125
12,12.0,12.0,0.125,0.125,0.125,0.125,0.125,0.125,0.125,0.125
13,13.0,13.0,0.125,0.125,0.125,0.125,0.125,0.125,0.125,0.125
14,14.0,14.0,0.125,0.125,0.125,0.125,0.125,0.125,0.125,0.125
15,15.0,15.0,0.125,0.125,0.125,0.125,0.125,0.125,0.125,0.125
16,16.0,16.0,0.125,0.125,0.125,0.125,0.125,0.125,0.125,0.125
17,17.0,17.0,0.125,0.125,0.125,0.125,0.125,0.125,0.125,0.125
18,18.0,18.0,0.125,0.125,0.125,0.125,0.125,0.125,0.125,0.125
19,19.0,19.0,0.125,0.125,0.125,0.125,0.125,0.125,0.125,0.125
20,20.0,20.0,0.125,0.125,0.125,0.125,0.125,0.125,0.125,0.125
21,21.0,21.0,0.125,0.125,0.125,0.125,0.125,0.125,0.125,0.125
22,22.0,22.0,0.125,0.125,0.125,0.125,0.125,0.125,0.125,0.125
23,23.0,23.0,0.125,0.125,0.125,0.125,0.125,0.125,0.125,0.125
24,24.0,24.0,0.125,0.125,0.125,0.125,0.125,0.125,0.125,0.125
25,25.0,25.0,0.125,0.125,0.125,0.125,0.125,0.125,0.125,0.125
26,26.0,26.0,0.125,0.125,0.125,0.125,0.125,0.125,0.125,0.125
27,27.0,27.0,0.125,0.125,0.125,0.125,0.125,0.125,0.125,0.125
28,28.0,28.0,0.125,0.125,0.125,0.125,0.125,0.125,0.125,0.125
29,29.0,29.0,0.125,0.125,0.125,0.125,0.125,0.125,0.125,0.125
30,30.0,30.0,0.125,0.125,0.125,0.125,0.125,0.125,0.125,0.125
31,31.0,31.0,0.125,0.125,0.125,0.125,0.125,0.125,0.125,0.125
32,32.0,32.0,0.125,0.125,0.125,0.125,0.125,0.125,0.125,0.125
33,33.0,33.0,0.125,0.125,0.125,0.125,0.125,0.125,0.125,0.125
34,34.0,34.0,0.125,0.125,0.125,0.125,0.125,0.125,0.125,0.125
35,35.0,35.0,0.125,0.125,0.125,0.125,0.125,0.125,0.125,0.125
36,36.0,36.0,0.125,0.125,0.125,0.125,0.125,0.125,0.125,0.125
37,37.0,37.0,0.125,0.125,0.125,0.125,0.125,0.125,0.125,0.125
38,38.0,38.0,0.125,0.125,0.125,0.125,0.125,0.125,0.125,0.125
39,39.0,39.0,0.125,0.125,0.125,0.125,0.125,0.125,0.125,0.125
40,40.0,40.0,0.125,0.125,0.125,0.125,0.125,0.125,0.125,0.125
41,41.0,41.0,0.125,0.125,0.125,0.125,0.125,0.125,0.125,0.125
42,42.0,42.0,0.125,0.125,0.125,0.125,0.125,0.125,0.125,0.125
43,43.0,43.0,0.125,0.125,0.125,0.125,0.125,0.125,0.125,0.125
44,44.0,44.0,0.125,0.125,0.125,0.125,0.125,0.125,0.125,0.125
45,45.0,45.0,0.125,0.125,0.125,0.125,0.125,0.125,0.125,0.125
46,46.0,46.0,0.125,0.125,0.125,0.125,0.125,0.125,0.125,0.125
47,47.0,47.0,0.125,0.125,0.125,0.125,0.125,0.125,0.125,0.125
48,48.0,48.0,0.125,0.125,0.125,0.125,0.125,0.125,0.125,0.125
49,49.0,49.0,0.125,0.125,0.125,0.125,0.125,0.125,0.125,0.125
50,50.0,50.0,0.125,0.125,0.125,0.125,0.125,0.125,0.125,0.125
51,51.0,51.0,0.125,0.125,0.125,0.125,0.125,0.125,0.125,0.125
52,52.0,52.0,0.125,0.125,0.125,0.125,0.125,0.125,0.125,0.125
53,53.0,53.0,0.125,0.125,0.125,0.125,0.125,0.125,0.125,0.125
54,54.0,54.0,0.125,0.125,0.125,0.125,0.125,0.125,0.125,0.125
55,55.0,55.0,0.125,0.125,0.125,0.125,0.125,0.125,0.125,0.125
56,56.0,56.0,0.125,0.125,0.125,0.125,0.125,0.125,0.125,0.125
57,57.0,57.0,0.125,0.125,0.125,0.125,0.125,0.125,0.125,0.125
58,58.0,58.0,0.125,0.125,0.125,0.125,0.125,0.125,0.125,0.125
59,59.0,59.0,0.125,0.125,0.125,0.125,0.125,0.125,0.125,0.125
60,60.0,60.0,0.125,0.125,0.125,0.125,0.125,0.125,0.125,0.125
61,61.0,61.0,0.125,0.125,0.125,0.125,0.125,0.125,0.125,0.125
62,62.0,62.0,0.125,0.125,0.125,0.125,0.125,0.125,0.125,0.125
63,63.0,63.0,0.125,0.125,0.125,0.125,0.125,0.125,0.125,0.125
64,64.0,64.0,0.125,0.125,0.125,0.125,0.125,0.125,0.125,0.125
65,65.0,65.0,0.125,0.125,0.125,0.125,0.125,0.125,0.125,0.125
66,66.0,66.0,0.125,0.125,0.125,0.125,0.125,0.125,0.125,0.125
67,67.0,67.0,0.125,0.125,0.125,0.125,0.125,0.125,0.125,0.125
68,68.0,68.0,0.125,0.125,0.125,0.125,0.125,0.125,0.125,0.125
69,69.0,69.0,0.125,0.125,0.125,0.125,0.125,0.125,0.125,0.125
70,70.0,70.0,0.125,0.125,0.125,0.125,0.125,0.125,0.125,0.125
71,71.0,71.0,0.125,0.125,0.125,0.125,0.125,0.125,0.125,0.125
72,72.0,72.0,0.125,0.125,0.125,0.125,0.125,0.125,0.125,0.125
73,73.0,73.0,0.125,0.125,0.125,0.125,0.125,0.125,0.125,0.125
74,74.0,74.0,0.125,0.125,0.125,0.125,0.125,0.125,0.125,0.125
75,75.0,75.0,0.125,0.125,0.125,0.125,0.125,0.125,0.125,0.125
76,76.0,76.0,0.125,0.125,0.125,0.125,0.125,0.125,0.125,0.125
77,77.0,77.0,0.125,0.125,0.125,0.125,0.125,0.125,0.125,0.125
78,78.0,78.0,0.125,0.125,0.125,0.125,0.125,0.125,0.125,0.125
79,79.0,79.0,0.125,0.125,0.125,0.125,0.125,0.125,0.125,0.125
80,80.0,80.0,0.125,0.125,0.125,0.125,0.125,0.125,0.125,0.125
81,81.0,81.0,0.125,0.125,0.125,0.125,0.125,0.125,0.125,0.125
82,82.0,82.0,0.125,0.125,0.125,0.125,0.125,0.125,0.125,0.125
83,83.0,83.0,0.125,0.125,0.125,0.125,0.125,0.125,0.125,0.125
84,84.0,84.0,0.125,0.125,0.125,0.125,0.125,0.125,0.125,0.125
85,85.0,85.0,0.125,0.125,0.125,0.125,0.125,0.125,0.125,0.125
86,86.0,86.0,0.125,0.125,0.125,0.125,0.125,0.125,0.125,0.125
87,87.0,87.0,0.125,0.125,0.125,0.125,0.125,0.125,0.125,0.125
88,88.0,88.0,0.125,0.125,0.125,0.125,0.125,0.125,0.125,0.125
89,89.0,89.0,0.125,0.125,0.125,0.125,0.125,0.125,0.125,0.125
90,90.0,90.0,0.125,0.125,0.125,0.125,0.125,0.125,0.125,0.125
91,91.0,91.0,0.125,0.125,0.125,0.125,0.125,0.125,0.125,0.125
92,92.0,92.0,0.125,0.125,0.125,0.125,0.125,0.125,0.125,0.125
93,93.0,93.0,0.125,0.125,0.125,0.125,0.125,0.125,0.125,0.125
94,94.0,94.0,0.125,0.125,0.125,0.125,0.125,0.125,0.125,0.125
95,95.0,95.0,0.125,0.125,0.125,0.125,0.125,0.125,0.125,0.125
96,96.0,96.0,0.125,0.125,0.125,0.125,0.125,0.125,0.125,0.125
97,97.0,97.0,0.125,0.125,0.125,0.125,0.125,0.125,0.125,0.125
98,98.0,98.0,0.125,0.125,0.125,0.125,0.125,0.125,0.125,0.125
99,99.0,99.0,0.125,0.125,0.125,0.125,0.125,0.125,0.125,0.125
100,100.0,100.0,0.125,0.125,0.125,0.125,0.125,0.125,0.125,0.125
101,101.0,101.0,0.125,0.125,0.125,0.125,0.125,0.125,0.125,0.125
102,102.0,102.0,0.125,0.125,0.125,0.125,0.125,0.125,0.125,0.125
103,103.0,103.0,0.125,0.125,0.125,0.125,0.125,0.125,0.125,0.125
104,104.0,104.0,0.125,0.125,0.125,0.125,0.125,0.125,0.125,0.125
105,105.0,105.0,0.125,0.125,0.125,0.125,0.125,0.125,0.125,0.125
106,106.0,106.0,0.125,0.125,0.125,0.125,0.125,0.125,0.125,0.125
107,107.0,107.0,0.125,0.125,0.125,0.125,0.125,0.125,0.125,0.125
108,108.0,108.0,0.125,0.125,0.125,0.125,0.125,0.125,0.125,0.125
109,109.0,109.0,0.125,0.125,0.125,0.125,0.125,0.125,0.125,0.125
110,110.0,110.0,0.125,0.125,0.125,0.125,0.125,0.125,0.125,0.125
111,111.0,111.0,0.125,0.125,0.125,0.125,0.125,0.125,0.125,0.125
112,112.0,112.0,0.125,0.125,0.125,0.125,0.125,0.125,0.125,0.125
113,113.0,113.0,0.125,0.125,0.125,0.125,0.125,0.125,0.125,0.125
114,114.0,114.0,0.125,0.125,0.125,0.125,0.125,0.125,0.125,0.125
115,115.0,115.0,0.125,0.125,0.125,0.125,0.125,0.125,0.125,0.125
116,116.0,116.0,0.125,0.125,0.125,0.125,0.125,0.125,0.125,0.125
117,117.0,117.0,0.125,0.125,0.125,0.125,0.125,0.125,0.125,0.125
118,118.0,118.0,0.125,0.125,0.125,0.125,0.125,0.125,0.125,0.125
119,119.0,119.0,0.125,0.125,0.125,0.125,0.125,0.125,0.125,0.125
120,120.0,120.0,0.125,0.125,0.125,0.125,0.125,0.125,0.125,0.125
121,121.0,121.0,0.125,0.125,0.125,0.125,0.125,0.125,0.125,0.125
122,122.0,122.0,0.125,0.125,0.125,0.125,0.125,0.125,0.125,0.125
123,123.0,123.0,0.125,0.125,0.125,0.125,0.125,0.125,0.125,0.125
124,124.0,124.0,0.125,0.125,0.125,0.125,0.125,0.125,0.125,0.125
125,125.0,125.0,0.125,0.125,0.125,0.125,0.125,0.125,0.125,0.125
126,126.0,126.0,0.125,0.125,0.125,0.125,0.125,0.125,0.125,0.125
127,127.0,127.0,0.125,0.125,0.125,0.125,0.125,0.125,0.125,0.125
128,128.0,128.0,0.125,0.125,0.125,0.125,0.125,0.125,0.125,0.125
129,129.0,129.0,0.125,0.125,0.125,0.125,0.125,0.125,0.125,0.125
130,130.0,130.0,0.125,0.125,0.125,0.125,0.125,0.125,0.125,0.125
131,131.0,131.0,0.125,0.125,0.125,0.125,0.125,0.125,0.125,0.125
132,132.0,132.0,0.125,0.125,0.125,0.125,0.125,0.125,0.125,0.125
133,133.0,133.0,0.125,0.125,0.125,0.125,0.125,0.125,0.125,0.125
134,134.0,134.0,0.125,0.125,0.125,0.125,0.125,0.125,0.125,0.125
135,135.0,135.0,0.125,0.125,0.125,0.125,0.125,0.125,0.125,0.125
136,136.0,136.0,0.125,0.125,0.125,0.125,0.125,0.125,0.125,0.125
137,137.0,137.0,0.125,0.125,0.125,0.125,0.125,0.125,0.125,0.125
138,138.0,138.0,0.125,0.125,0.125,0.125,0.125,0.125,0.125,0.125
139,139.0,139.0,0.125,0.125,0.125,0.125,0.125,0.125,0.125,0.125
140,140.0,140.0,0.125,0.125,0.125,0.125,0.125,0.125,0.125,0.125
141,141.0,141.0,0.125,0.125,0.125,0.125,0.125,0.125,0.125,0.125
142,142.0,142.0,0.125,0.125,0.125,0.125,0.125,0.125,0.125,0.125
143,143.0,143.0,0.125,0.125,0.125,0.125,0.125,0.125,0.125,0.125
144,144.0,144.0,0.125,0.125,0.125,0.125,0.125,0.125,0.125,0.125
145,145.0,145.0,0.125,0.125,0.125,0.125,0.125,0.125,0.125,0.125
146,146.0,146.0,0.125,0.125,0.125,0.125,0.125,0.125,0.125,0.125
147,147.0,147.0,0.125,0.125,0.125,0.125,0.125,0.125,0.125,0.125
148,148.0,148.0,0.125,0.125,0.125,0.125,0.125,0.125,0.125,0.125
149,149.0,149.0,0.125,0.125,0.125,0.125,0.125,0.125,0.125,0.125
150,150.0,150.0,0.125,0.125,0.125,0.125,0.125,0.125,0.125,0.125
151,151.0,151.0,0.125,0.125,0.125,0.125,0.125,0.125,0.125,0.125
152,152.0,152.0,0.125,0.125,0.125,0.125,0.125,0.125,0.125,0.125
153,153.0,153.0,0.125,0.125,0.125,0.125,0.125,0.125,0.125,0.125
154,154.0,154.0,0.125,0.125,0.125,0.125,0.125,0.125,0.125,0.125
155,155.0,155.0,0.125,0.125,0.125,0.125,0.125,0.125,0.125,0.125
156,156.0,156.0,0.125,0.125,0.125,0.125,0.125,0.125,0.125,0.125
157,157.0,157.0,0.125,0.125,0.125,0.125,0.125,0.125,0.125,0.125
158,158.0,158.0,0.125,0.125,0.125,0.125,0.125,0.125,0.125,0.125
159,159.0,159.0,0.125,0.125,0.125,0.125,0.125,0.125,0.125,0.125
160,160.0,160.0,0.125,0.125,0.125,0.125,0.125,0.125,0.125,0.125
161,161.0,161.0,0.125,0.125,0.125,0.125,0.125,0.125,0.125,0.125
162,162.0,162.0,0.125,0.125,0.125,0.125,0.125,0.125,0.125,0.125
163,163.0,163.0,0.125,0.125,0.125,0.125,0.125,0.125,0.125,0.125
164,164.0,164.0,0.125,0.125,0.125,0.125,0.125,0.125,0.125,0.125
165,165.0,165.0,0.125,0.125,0.125,0.125,0.125,0.125,0.125,0.125
166,166.0,166.0,0.125,0.125,0.125,0.125,0.125,0.125,0.125,0.125
167,167.0,167.0,0.125,0.125,0.125,0.125,0.125,0.125,0.125,0.125
168,168.0,168.0,0.125,0.125,0.125,0.125,0.125,0.125,0.125,0.125
169,169.0,169.0,0.125,0.125,0.125,0.125,0.125,0.125,0.125,0.125
170,170.0,170.0,0.125,0.125,0.125,0.125,0.125,0.125,0.125,0.125
171,171.0,171.0,0.125,0.125,0.125,0.125,0.125,0.125,0.125,0.125
172,172.0,172.0,0.125,0.125,0.125,0.125,0.125,0.125,0.125,0.125
173,173.0,173.0,0.125,0.125,0.125,0.125,0.125,0.125,0.125,0.125
174,174.0,174.0,0.125,0.125,0.125,0.125,0.125,0.125,0.125,0.125
175,175.0,175.0,0.125,0.125,0.125,0.125,0.125,0.125,0.125,0.125
176,176.0,176.0,0.125,0.125,0.125,0.125,0.125,0.125,0.125,0.125
177,177.0,177.0,0.125,0.125,0.125,0.125,0.125,0.125,0.125,0.125
178,178.0,178.0,0.125,0.125,0.125,0.125,0.125,0.125,0.125,0.125
179,179.0,179.0,0.125,0.125,0.125,0.125,0.125,0.125,0.125,0.125
180,180.0,180.0,0.125,0.125,0.125,0.125,0.125,0.125,0.125,0.125
181,181.0,181.0,0.125,0.125,0.125,0.125,0.125,0.125,0.125,0.125
182,182.0,182.0,0.125,0.125,0.125,0.125,0.125,0.125,0.125,0.125
183,183.0,183.0,0.125,0.125,0.125,0.125,0.125,0.125,0.125,0.125
184,184.0,184.0,0.125,0.125,0.125,0.125,0.125,0.125,0.125,0.125
185,185.0,185.0,0.125,0.125,0.125,0.125,0.125,0.125,0.125,0.125
186,186.0,186.1,0.125,0.125,0.125,0.125,0.125,0.125,0.125,0.125
187,187.0,187.1,0.125,0.125,0.125,0.125,0.125,0.125,0.125,0.125
188,188.0,188.1,0.125,0.125,0.125,0.125,0.125,0.125,0.125,0.125
189,189.0,189.1,0.125,0.125,0.125,0.125,0.125,0.125,0.125,0.125
190,190.0,190.1,0.125,0.125,0.125,0.125,0.125,0.125,0.125,0.125
191,191.0,191.1,0.125,0.125,0.125,0.125,0.125,0.125,0.125,0.125
192,192.0,192.1,0.125,0.125,0.125,0.125,0.125,0.125,0.125,0.125
193,193.0,193.1,0.125,0.125,0.125,0.125,0.125,0.125,0.125,0.125
194,194.0,194.1,0.125,0.125,0.125,0.125,0.125,0.125,0.125,0.125
195,195.0,195.1,0.125,0.125,0.125,0.125,0.125,0.125,0.125,0.125
196,196.0,196.1,0.125,0.125,0.125,0.125,0.125,0.125,0.125,0.125
197,197.0,197.1,0.125,0.125,0.125,0.125,0.125,0.125,0.125,0.125
198,198.0,198.1,0.125,0.125,0.125,0.125,0.125,0.125,0.125,0.125
199,199.0,199.1,0.125,0.125,0.125,0.125,0.125,0.125,0.125,0.125
200,200.0,200.1,0.12209335624284079,0.13320446735395192,0.12209335624284079,0.13320446735395192,0.12209335624284079,0.12209335624284079,0.12312428407789233,0.12209335624284079
201,201.0,201.1,0.1294671201814059,0.1293764172335601,0.11835600907029478,0.12835600907029476,0.11835600907029478,0.11835600907029478,0.1393764172335601,0.11835600907029478
202,202.0,202.1,0.12542671614100184,0.1346289424860853,0.11542671614100186,0.13360853432282005,0.11542671614100186,0.11542671614100186,0.13462894248608534,0.12542671614100184
203,203.0,203.1,0.1246691403834261,0.13235621521335808,0.11466914038342609,0.1411842918985776,0.11466914038342609,0.11466914038342609,0.13311379097093384,0.1246691403834261
204,204.0,204.1,0.12220993292421863,0.12952404738119022,0.11311902383330952,0.13899314970743543,0.12220993292421863,0.11311902383330952,0.13861495647209932,0.12220993292421863
205,205.0,205.1,0.12069478140906709,0.12876647162361446,0.11236144807573378,0.12914466485895057,0.12069478140906709,0.11236144807573378,0.14694828980543265,0.12902811474240045
206,206.0,206.1,0.11865515436944005,0.12736787022501306,0.11096284667713238,0.1269884877027734,0.11865515436944005,0.11096284667713238,0.16006017791732075,0.12634746206174777
207,207.0,207.1,0.11801412872841441,0.12672684458398742,0.11032182103610674,0.12570643642072213,0.11801412872841441,0.11032182103610674,0.1574960753532182,0.13339874411302982
208,208.0,208.1,0.11840080971659919,0.12714574898785422,0.10860323886639674,0.12714574898785422,0.11734817813765182,0.11070850202429147,0.15791497975708502,0.1327327935222672
209,209.0,209.1,0.11840080971659919,0.12714574898785422,0.10860323886639674,0.12714574898785422,0.11734817813765182,0.11070850202429147,0.15791497975708502,0.1327327935222672
210,210.0,210.1,0.11569982648930015,0.13314343551185653,0.10750433776749564,0.13264025448235972,0.11569982648930015,0.10960960092539038,0.15516772700983225,0.13053499132446497
211,211.0,211.1,0.11557921245421243,0.1329899267399267,0.10739468864468864,0.12584706959706957,0.11557921245421243,0.10947802197802196,0.16271749084249082,0.13041437728937727
212,212.0,212.1,0.1144354442808051,0.13086156111929306,0.1062616593028964,0.13086156111929306,0.1144354442808051,0.10935444280805104,0.17221158566519387,0.12157830142366224
213,213.0,213.1,0.1144354442808051,0.13086156111929306,0.1062616593028964,0.13086156111929306,0.1144354442808051,0.10935444280805104,0.17221158566519387,0.12157830142366224
214,214.0,214.1,0.11925687285223367,0.12818298969072164,0.10489261168384878,0.1354639175257732,0.11155927835051546,0.10798539518900344,0.16673539518900343,0.12592353951890034
215,215.0,215.1,0.11571795384820593,0.12429388422035481,0.10219754568494063,0.149578164599173,0.10844754568494064,0.10525877017473657,0.17253818193944243,0.12196795384820594
216,216.0,216.1,0.11392056822729091,0.12221055088702146,0.10113545418167265,0.15235594237695077,0.10701780712284911,0.11007903161264505,0.17347772442310255,0.11980292116846736
217,217.0,217.1,0.11353746761862638,0.12022224679345421,0.09973194540974284,0.15867173185063496,0.104593890187654,0.10867552284071522,0.17616778290263474,0.11839941239653755
218,218.0,218.1,0.11191473559120617,0.11906268568033274,0.09812982768865122,0.1591369578134284,0.10300207961972667,0.1161333927510398,0.17648692810457517,0.1161333927510398
219,219.0,219.1,0.1101665393430099,0.12156990068754774,0.09640183346065698,0.1571578813343519,0.10128418640183345,0.11437509549274252,0.18464926576691282,0.11439529751294457
220,220.0,220.1,0.10808140225787281,0.11883541295306,0.09431669637551988,0.15702079619726678,0.10919904931669637,0.1115323826500297,0.18870409982174688,0.11231016042780746
221,221.0,221.1,0.10724274815834918,0.11640387347804226,0.09347804227599622,0.16675445384396792,0.10836039521717271,0.11005270290948037,0.18623627778870744,0.1114715063282838
222,222.0,222.1,0.0962838430918926,0.10490149015071612,0.08251913720953966,0.15544318375123325,0.09740149015071614,0.09854434729357327,0.2162607536941902,0.14864575465813856
223,223.0,223.1,0.09531372549019608,0.10909803921568625,0.08154901960784314,0.15581372549019606,0.0964313725490196,0.09809803921568627,0.2152647058823529,0.14843137254901959
224,224.0,224.1,0.0944441418218319,0.10735025041911699,0.08067943593947897,0.1610104555893652,0.10181178888065545,0.09681178888065543,0.21202605225955296,0.145866086209343
225,225.0,225.1,0.0938759726112667,0.11186943666355428,0.08111126672891378,0.1579992219109866,0.09987597261126673,0.09587597261126671,0.21287472766884533,0.14651742919389976
226,226.0,226.1,0.09740639820284548,0.10658977452367084,0.08570201347865877,0.15313690822863796,0.09504264081870371,0.09911619103086779,0.2213516792855756,0.14165439443103972
227,227.0,227.1,0.0956448943213649,0.10675133689839571,0.08490259740259738,0.1515769034886682,0.09427234530175706,0.09780175706646294,0.22862808759867584,0.1404220779220779
228,228.0,228.1,0.09383072378092464,0.10472841005105818,0.08380812585658584,0.14803352285106552,0.08300278419084914,0.0960489006957035,0.25109677348838716,0.13945075908542595
229,229.0,229.1,0.09251721131258335,0.10281143161134085,0.08250394871311387,0.15201150180732756,0.08143421536116635,0.09441498459193558,0.25616012466057836,0.13814658194195398
230,230.0,230.1,0.0922923786739576,0.10222345636819319,0.08312571200729094,0.15068808384597857,0.08124601275917065,0.09416267942583731,0.2583307701070859,0.13793090681248574
231,231.0,231.1,0.09117427659055984,0.0955196157448973,0.08190008304217274,0.15361239827773218,0.08012791067577288,0.09304457734243954,0.26936638121200784,0.13525475711441753
232,232.0,232.1,0.08978936954218648,0.0945675834593323,0.08114966365983355,0.15738907374455285,0.07947829774504658,0.09202731735288973,0.27135586915304677,0.13424282534311152
233,233.0,233.1,0.0886614262930052,0.09380914407230194,0.08058061821219711,0.15535600364547728,0.07900394926710715,0.09122617148932936,0.2787041467304625,0.1326585402901192
234,234.0,234.1,0.08667679173251926,0.09312177863416252,0.08729598677895889,0.15438974286807103,0.07326586055843018,0.0905229455786731,0.28284914517886656,0.1318777486703183
235,235.0,235.1,0.0848292883587001,0.0992297408473879,0.08571164129987657,0.15607260386672148,0.07194467297408472,0.08867544220485395,0.28328774167009463,0.1302488687782805
236,236.0,236.1,0.08368395221336393,0.09538132346955874,0.08480440039263566,0.15846913979266916,0.07127552730493905,0.09229201082142255,0.28585942924178215,0.1282342167636285
237,237.0,237.1,0.0825535334230986,0.09429928766885289,0.0837223645919298,0.15951624462494024,0.07057800894757413,0.090945141814707,0.292127763540807,0.12625765538809014
238,238.0,238.1,0.08151424833137164,0.0923373624153553,0.0870698038869272,0.15886202766047414,0.06993398077284323,0.089708228264482,0.29405069014865176,0.12652365851989442
239,239.0,239.1,0.08485554471614629,0.09584150320210477,0.08624443360503518,0.1576385048065165,0.06949840185900344,0.0886650685256701,0.2911959362069413,0.12606060707858208
240,240.0,240.1,0.08456669512671114,0.09538453401058777,0.08580543386544989,0.15726243582927643,0.06923650644746586,0.08834028003237153,0.2938622422564614,0.1255418724316757
241,241.0,241.1,0.08355471115632311,0.09439696919619785,0.08881786905105996,0.16099214261585928,0.06872452247707783,0.08732829606198349,0.2913706547436515,0.12481483469784678
242,242.0,242.1,0.08199753943255546,0.09270484470589849,0.09823685567187171,0.15852444784128844,0.06716735075331018,0.08577112433821585,0.2925417871860064,0.12305605007085334
243,243.0,243.1,0.08183873989875592,0.08472553235158611,0.09794985100986704,0.16000172056856116,0.06700855121951066,0.08561232480441631,0.30015542354964275,0.12270785659765986
244,244.0,244.1,0.08206639404261429,0.0844894709656912,0.09304930002552028,0.16017314607239513,0.0666817786579989,0.08045100942722967,0.3108316431864617,0.12225725762208864
245,245.0,245.1,0.09331996726677574,0.0820708830176915,0.08952143246824093,0.17080788714831263,0.06461667056347906,0.07802326397007245,0.30164328579222194,0.1199966097732055
246,246.0,246.1,0.09430731370534169,0.08031830361877063,0.08683697013743713,0.16934863095734914,0.06327094266897067,0.0763926357906638,0.3110330514014997,0.11849215171996694
247,247.0,247.1,0.09319736564417412,0.08223243967924813,0.08602805347486195,0.1725767049171304,0.0628630703098788,0.07572021316702163,0.3094480235969598,0.11793412921072492
248,248.0,248.1,0.09070340929359347,0.08440231172207846,0.08392180009819115,0.1698360078479397,0.06177894295533402,0.07783805625582663,0.31481171748152476,0.11670775434551159
249,249.0,249.1,0.08868274709587473,0.08321391493899126,0.08203670134798455,0.1775087428283183,0.060891917236079354,0.07695103053657196,0.3150291701564544,0.1156857758597252
250,250.0,250.1,0.09005972750653597,0.08193118937799784,0.08031946776627623,0.176174853515279,0.06005972750653599,0.0757740132208217,0.3208274349763712,0.11485358613018185
251,251.0,251.1,0.08834757764922484,0.08418603131025915,0.0788288884531163,0.17580566177511953,0.05936140253401746,0.07507568824830319,0.3177010273338345,0.12069372269612486
252,252.0,252.1,0.09216279814671015,0.08959243799772461,0.07667942562519102,0.17402440288277823,0.05787081522450901,0.07441097967738694,0.3165105893318169,0.1187485511138829
253,253.0,253.1,0.0933224689995093,0.08943823360499267,0.08125989578921268,0.17366181066112704,0.05723751712450196,0.07371105298419503,0.3137661140113568,0.11760290682510437
254,254.0,254.1,0.09204076671268244,0.09367282305164214,0.07999034747172923,0.1710483200458634,0.056710216060529825,0.07288133256538419,0.31146257213230866,0.12219362195985979
255,255.0,255.1,0.0899079348750003,0.09263116426988456,0.07883805237654638,0.17064316581956473,0.058500477573317146,0.07211477589635333,0.3110806186615572,0.12628381052777612
256,256.0,256.1,0.08604734183395615,0.09220474106902526,0.07792612971274404,0.17429001020325124,0.0581965033520497,0.07181080167508588,0.31433410953158936,0.12519036262229816
257,257.0,257.1,0.08547336678939287,0.08866106905476503,0.0775411029747761,0.17485329006064876,0.06100933757664863,0.07168245942909658,0.315717353738363,0.12506202037630884
258,258.0,258.1,0.0852574062793147,0.08815373325331158,0.07733885424311558,0.1665172143716319,0.06088250362628524,0.07128824579958881,0.3206268560008064,0.12993518642594545
259,259.0,259.1,0.08811179322915115,0.08496640880072631,0.07717949578187033,0.16553115640444188,0.06074520905502841,0.07120145627883703,0.3225170936457611,0.12974738680418357
260,260.0,260.1,0.08802854344942886,0.08473002803932503,0.07702636480019136,0.1664344468975601,0.06061365009656215,0.07111820649911474,0.3224812415508441,0.12956751866697339
261,261.0,261.1,0.08753195328008198,0.08408617429995789,0.07646243456350442,0.16507093901578207,0.0600708064582051,0.07062161632976785,0.3271776544930943,0.12897842155960615
262,262.0,262.1,0.08708751244765617,0.08350000462899473,0.07595305866614355,0.1658744257876668,0.05958203938464455,0.07017717549734205,0.3293804553426411,0.1284453282449108
263,263.0,263.1,0.08036856420461061,0.09470583953684907,0.07192928418638321,0.16770483768366823,0.05993372242441514,0.07023014814386444,0.3334222618918582,0.12170534192835088
264,264.0,264.1,0.07995459713287842,0.0938679143761342,0.07145482104689545,0.16634145871826697,0.05947893902615235,0.06981618107213225,0.3388359423835786,0.12025014624396153
265,265.0,265.1,0.07941596153759578,0.09278050701071842,0.06790680214708046,0.16905687619252496,0.058980452823960264,0.06911881531811945,0.34177210196716257,0.12096848300283794
266,266.0,266.1,0.07926845312488297,0.09551871374693113,0.06217694985690912,0.1697806931974985,0.05886265326448572,0.06909014231835972,0.34338219233099176,0.1219202021599409
267,267.0,267.1,0.07843651796373015,0.09906417553791007,0.06162650434079462,0.16873335620686725,0.058329145166465854,0.06867837522443379,0.34462397465528366,0.12050795090451434
268,268.0,268.1,0.07750549713102137,0.09763087021707263,0.06691748976882046,0.1663248214958935,0.057754375256045744,0.06799402963840026,0.3505821993200714,0.1152907171726744
269,269.0,269.1,0.07732830901937447,0.09727649399377883,0.06681142541250785,0.16821270739569597,0.057613370298754796,0.0676745940160848,0.34996832824939794,0.11511477161440513
270,270.0,270.1,0.07719335625284277,0.0970065884607154,0.066743949029242,0.17016952251040585,0.057545893915488935,0.06740468848302136,0.34888870611714423,0.11504729523113925
271,271.0,271.1,0.07685839006584291,0.09610429338941613,0.06642188212933499,0.17021779315825572,0.05727503029259164,0.06694151716781639,0.3514046621885,0.11477643160824198
272,272.0,272.1,0.07585424456183062,0.10162537860672723,0.0644190080503746,0.17388601039085255,0.05722983692737994,0.06601155656275812,0.35305116897091426,0.10792279592916247
273,273.0,273.1,0.07244486069486065,0.10003105228105225,0.060712259962259915,0.17546067821067818,0.05675510600510596,0.07077819402819399,0.35679614829614825,0.1070217005217005
274,274.0,274.1,0.0711656420963159,0.10324451319669166,0.05976915361025799,0.177972032145981,0.05603918474871019,0.06965618882540742,0.3607323734228414,0.10142091195379421
275,275.0,275.1,0.06987073093983046,0.10103853337698272,0.058837103729732644,0.1755426299109192,0.05883531793847317,0.06850733545878791,0.3656664597874004,0.1017018888578733
276,276.0,276.1,0.06938385402827113,0.10271374430809203,0.05868522689001552,0.1742365961094226,0.05858206930954396,0.06820394346755562,0.3667050499366984,0.10148951595040057
277,277.0,277.1,0.0703905541893709,0.10205339072083967,0.05847237604605245,0.17228900776304995,0.0583177478089552,0.06789139349079804,0.3693220818246531,0.10126344815628048
278,278.0,278.1,0.06978223497763006,0.10252254973889771,0.05814477148159334,0.1727943334340339,0.05781853753974074,0.06746892667558582,0.3705454015795607,0.10092324457295757
279,279.0,279.1,0.07125362588316636,0.10152428651287984,0.057830576104410426,0.17219296512290494,0.0573011016196945,0.0669646423522688,0.3723974347585534,0.1005353676461215
280,280.0,280.1,0.07062706429913708,0.10057325617539133,0.057530671896022,0.17305602014841096,0.05777069594534394,0.06648117517425636,0.37379720564642094,0.10016391071501721
281,281.0,281.1,0.0701595330070721,0.09998992295843796,0.05234494432645714,0.18001387856494372,0.05754662149762124,0.06621562437105022,0.3737598696600243,0.09996960561439318
282,282.0,282.1,0.06961059942873145,0.09816534737686175,0.05206515467740434,0.1795175402403187,0.057129777554527215,0.06585959553066874,0.3779703645332556,0.09968162065823202
283,283.0,283.1,0.0691074120207698,0.09750706205774377,0.051828439037571464,0.18206563233739587,0.05684960234218548,0.06549505411263726,0.3761895820275353,0.1009572160641609
284,284.0,284.1,0.06871788908563686,0.09390959391485194,0.05168515994257137,0.1804216912983145,0.056697137699114344,0.06528204523756989,0.3824334222221072,0.10085306059983375
285,285.0,285.1,0.06964173339324223,0.09333794622041211,0.051483995165251095,0.17951826247636712,0.05647878647719855,0.06496020205189994,0.38390709609466656,0.10067197812096225
286,286.0,286.1,0.06915386081955932,0.09362285835426547,0.05124958441061002,0.17979523816626158,0.05455807418610146,0.06457188047327225,0.3866285697979341,0.10041993379199568
287,287.0,287.1,0.06890838510519356,0.09320019314700163,0.051077697274505764,0.17931184915227466,0.054414556861365336,0.06428769298450146,0.3886017925911543,0.10019783288400308
288,288.0,288.1,0.06836806242716344,0.09244098563710842,0.050778593998555874,0.17958442275222905,0.05401135132166861,0.06387967238258935,0.39321463748275076,0.09772227399793434
289,289.0,289.1,0.0679146224223455,0.09182679548018316,0.050548915367616,0.18122597568675441,0.053691910470050994,0.06359433736931433,0.39373560735185886,0.09746183585187658
290,290.0,290.1,0.06675758072200429,0.09139388531660195,0.050367750213529704,0.180978227945069,0.05346555658656543,0.06335968053480226,0.3949771348902781,0.0987001837911491
291,291.0,291.1,0.06442439767439766,0.09081674406674403,0.05009106434106432,0.1794398821898822,0.053138755388755364,0.0629815072315072,0.4015482197982198,0.09755942930942929
292,292.0,292.1,0.05902775789376302,0.09523907275461668,0.049812071619253204,0.18590359990222693,0.05277369021162777,0.06268583145503837,0.39810725161758664,0.09645072454588718
293,293.0,293.1,0.05856333193218437,0.09454501190976597,0.04951541263836344,0.18594518004763905,0.05239544926840006,0.062290588282391535,0.4013883434416221,0.09535668247963328
294,294.0,294.1,0.05811492078535465,0.09475937207083443,0.04922873697525117,0.1851198863498409,0.0539181418306548,0.06190804536347574,0.40264781424552815,0.09430308237906015
295,295.0,295.1,0.05782141470045651,0.09424296186654794,0.048986434167362765,0.18359623215619048,0.053637212055479264,0.06157247243376046,0.4068206868573812,0.09332258576282115
296,296.0,296.1,0.05771926393712444,0.09405335325789732,0.04888428340403069,0.1841118836121887,0.05350637511888271,0.06149970750645541,0.4069753123279044,0.09324982083551611
297,297.0,297.1,0.0573704120555593,0.093570841042861,0.04868985650000376,0.18559890693326556,0.05321538220056006,0.06125956201378822,0.4059772871608193,0.09431775209314266
298,298.0,298.1,0.05936980003987674,0.09308951936573416,0.048464594134670844,0.18772310553896232,0.05295764915202252,0.06094442887793269,0.4040816009792992,0.09336930191150136
299,299.0,299.1,0.059106606303934786,0.09405059141608549,0.04829852549585398,0.18768924947414647,0.050916583391970506,0.060735789950307505,0.40668196699222187,0.09252068697547913
300,300.0,300.1,0.058767368975656396,0.09363939486373356,0.048153835850767004,0.18983207674888541,0.05071664535510575,0.06272390156417897,0.4037640484906443,0.09240272815102837
301,301.0,301.1,0.05962125219101951,0.09322692296947772,0.04796150705505407,0.18938181670390603,0.05049669014049396,0.0624006178557807,0.4053065460475983,0.09160464703666957
302,302.0,302.1,0.059570179668036884,0.0942866778213674,0.047923202662817105,0.188820018951097,0.05048392200974831,0.06238784972503504,0.4049362702559741,0.09159187890592389
303,303.0,303.1,0.062149977709380244,0.09002796853852706,0.04809512696859056,0.19004934569456058,0.05064834757206795,0.06065630252116513,0.40810671538597465,0.09026621560973364
304,304.0,304.1,0.061605885040549244,0.08862731188956233,0.04768189236655658,0.19566161001732688,0.05021520675331923,0.0599422182475721,0.4072838950220983,0.0889819806630151
305,305.0,305.1,0.06023358298960937,0.08733742775504587,0.04729842761529884,0.19942991598701718,0.04981311414958271,0.059284185239504836,0.4088301011123553,0.08777324515158565
306,306.0,306.1,0.059583841213933245,0.08590831581831802,0.04855309512705928,0.19926885775916398,0.04931672905802651,0.059936857467628626,0.41089803934708885,0.08653426420878135
307,307.0,307.1,0.05913041135989313,0.08914771620095958,0.04819058805723435,0.19962065219259892,0.05092691726316371,0.059351745086055764,0.4081784802276366,0.08545348961245783
308,308.0,308.1,0.058657585598853354,0.08607010367744342,0.04779883545850454,0.20101254635166343,0.05050222547649948,0.05871104587309865,0.4087187126118018,0.08852894495213509
309,309.0,309.1,0.058307726752186206,0.08563827000042701,0.04759649670861807,0.20047206664470857,0.05021638929606552,0.05842034713163957,0.4115460606941931,0.08780264277216171
310,310.0,310.1,0.057983160959216726,0.08526235781452157,0.047414566686340545,0.20399582824361442,0.05078728756575188,0.05815182650254773,0.4092334929349463,0.0871714792930606
311,311.0,311.1,0.05766718516082596,0.08569874266531108,0.047207247869249916,0.20625550920515465,0.05051733740093036,0.057949916783270494,0.4123788100422569,0.08232525087300044
312,312.0,312.1,0.057247267364502016,0.08854305293498561,0.04687095220712561,0.20511533799821113,0.05009927443134945,0.05611455854326861,0.4146668424687191,0.08134271405183827
313,313.0,313.1,0.05672565393314173,0.08715617154914093,0.0465027583698359,0.20731084428253305,0.049673442600374915,0.05554605770732686,0.4167085406410802,0.0803765309165662
314,314.0,314.1,0.05622546954803724,0.08584924344895187,0.046151445608749606,0.20930529490370448,0.05099071057499764,0.05500665919606305,0.4162131917758076,0.08025798494368827
315,315.0,315.1,0.05587734392457425,0.08540813681271656,0.04594784653099868,0.21003887030833668,0.05070430203821441,0.05475822833363662,0.41683622268759696,0.08042904936392564
316,316.0,316.1,0.05541921347018797,0.08422325330008984,0.04563008834410631,0.21097343086698409,0.050306576107550606,0.0542641463151208,0.4187781384033258,0.08040515319263443
317,317.0,317.1,0.05512632963790783,0.08390222310026989,0.04547985132887472,0.2121796359313266,0.05009156776983966,0.05410811891753836,0.41781319720574717,0.08129907610849554
318,318.0,318.1,0.05484134481332241,0.084713149162379,0.04533361024600226,0.21161738625187584,0.051291374510430546,0.05395624514675059,0.41748788669875153,0.08075900317048755
319,319.0,319.1,0.05471577243719712,0.08247640713648302,0.04536260223774848,0.2086471789215575,0.051240649249433404,0.05409247025764134,0.4225755503025475,0.08088936945739139
320,320.0,320.1,0.053683192210366104,0.08225898807311849,0.04526724951779297,0.2074032226026791,0.05108094795703488,0.05403041598095944,0.42444361407513576,0.08183236958291304
321,321.0,321.1,0.05338777311345013,0.08184627728806684,0.04508658822080673,0.2088744547976233,0.050813083947302475,0.053806983532660536,0.42358596875115817,0.08259887034893162
322,322.0,322.1,0.05309958151625266,0.08285120325601963,0.044910067843529286,0.20833692824910766,0.0505519837899853,0.05358840928489361,0.42837344049965254,0.07828838556055909
323,323.0,323.1,0.05268607022010412,0.0817756080333815,0.044605264832764294,0.20883993024985018,0.05016510678344703,0.05310997705442383,0.429920367722833,0.0788976751031958
324,324.0,324.1,0.05244181232452706,0.08146738683529893,0.044478981760878486,0.20834152395118327,0.04997125762860763,0.052979359915861925,0.4319441924114581,0.07837548517218454
325,325.0,325.1,0.05221450556489495,0.08265959784070927,0.045284159737708884,0.2089557720920608,0.049793543598035096,0.05208162994930844,0.4310894214690385,0.07792136974824398
326,326.0,326.1,0.05188924047371829,0.08173771919415322,0.045013230498152514,0.20891132932946585,0.04945539298682663,0.05169893785999946,0.43271656837363814,0.07857758128404553
327,327.0,327.1,0.05160670251950282,0.0809589103842691,0.04479540635817935,0.20707602850825507,0.050500022312420345,0.05140696971310186,0.43562865997493416,0.07802730022933697
328,328.0,328.1,0.05144152818616734,0.08067916047659675,0.04466179146458855,0.2087217686175195,0.050344436284557315,0.05128349373235824,0.43537178068937443,0.07749604054883763
329,329.0,329.1,0.05124076665226594,0.0836795592879044,0.04451126710664335,0.20669032681594574,0.050113886638027315,0.05114274569208867,0.4356640488966216,0.07695739891050266
330,330.0,330.1,0.051033372851743496,0.08334548297077396,0.044382416108342246,0.20629550536269226,0.04988393497757273,0.05096258211112857,0.43645086483729656,0.07764584078044996
331,331.0,331.1,0.05083534228251253,0.08249772822949662,0.04417681216678974,0.20591251974464334,0.04961140393232312,0.050635663914230966,0.4392979389097123,0.0770325908202912
332,332.0,332.1,0.050607186636690574,0.08163997226992789,0.043948872137046416,0.20510968976537952,0.04934147607273109,0.05344149361611723,0.43948172064789465,0.07642958885421247
333,333.0,333.1,0.050387716950152886,0.08082370829909709,0.04372951264103043,0.2036085649625398,0.04908131246101089,0.053041989498264316,0.44045315189602546,0.07887404329187897
334,334.0,334.1,0.0501130217827939,0.07998226624128785,0.043502297118210576,0.20334330004267262,0.04878278235305687,0.05264545638672952,0.4434313841208034,0.07819949195444499
335,335.0,335.1,0.04984739985439282,0.08203463953932935,0.043282889982558505,0.2019981917227361,0.04849393108167746,0.052266616215215014,0.4445304895371689,0.07754584206692161
336,336.0,336.1,0.0496208202421477,0.08167894640032236,0.04313793894683225,0.20132449691238258,0.048281334172469444,0.052093379845898805,0.4460800309878534,0.07778305249209319
337,337.0,337.1,0.049411793615704844,0.08134309147109976,0.04302134264193533,0.20059650857877465,0.048098821713654163,0.05193624818387173,0.44797228249076515,0.07761991130419423
338,338.0,338.1,0.04912774871184281,0.08045825030000316,0.042827547519168514,0.1995289744970207,0.04784077503239602,0.05154397446140191,0.451371741353482,0.07730098812468458
339,339.0,339.1,0.048923287766708165,0.07974805873213398,0.04268704613921079,0.19989936803390224,0.047647756486643426,0.051273984088318805,0.45274969307505686,0.07707080567802554
340,340.0,340.1,0.048805311619216654,0.08031612708122629,0.04191729101697388,0.19906606653525044,0.04754117099306254,0.051238837129900204,0.4540795369047628,0.07703565871960696
341,341.0,341.1,0.048655861005373745,0.0827549572677859,0.04182387786565407,0.19714657043104786,0.047382792196019465,0.05113502084500101,0.455345121500209,0.07575579888890877
342,342.0,342.1,0.04854125345226698,0.08207906299991866,0.041693126033810576,0.20251827856425675,0.04718858628887207,0.05092262086285345,0.45151844048705947,0.07553863131096174
343,343.0,343.1,0.04833846343632073,0.08131825935100037,0.04154384726075341,0.2017322852335656,0.046977312462914735,0.05062819624510241,0.4515907750225753,0.07787086098776713
344,344.0,344.1,0.04817642960954348,0.08066865796539094,0.041419863897069205,0.20303970786636558,0.04678826407926249,0.05038877588395872,0.4522145060119976,0.07730379468641183
345,345.0,345.1,0.048080641580641556,0.0805347874347874,0.04136128316128311,0.20339301809301805,0.04777718947718944,0.050342679542679514,0.45157320457320455,0.0769371961371961
346,346.0,346.1,0.048034705298750216,0.08045151299758038,0.041315904997927436,0.20318719353326092,0.04768129690938677,0.050309511391533834,0.4524294371991001,0.07659043767246011
347,347.0,347.1,0.04792164979708851,0.07921718462792049,0.04121466317277181,0.20395943007657563,0.04756447890103212,0.050146858459947465,0.454554151229991,0.07542158373467273
348,348.0,348.1,0.048648655062111655,0.07855014627291927,0.041058559559293405,0.20342788316780233,0.04736403124449586,0.04987549827209192,0.4562254256413481,0.07484980077993711
349,349.0,349.1,0.04854276219000796,0.07835106133111602,0.04096223032408457,0.2029314820962722,0.047224315207671536,0.049779925262125255,0.45774814458709273,0.07446007900162951
350,350.0,350.1,0.04840671009808285,0.0777473624143985,0.04082387471845736,0.20437593522498437,0.04707856218231686,0.049531458866044896,0.45811255374101856,0.07392354275469629
351,351.0,351.1,0.04832789855943247,0.07728357951364903,0.040741594519400334,0.2027891723904328,0.046985317070979145,0.049354435334025434,0.46105366137935605,0.07346434123272444
352,352.0,352.1,0.04823126978846704,0.077160526816516,0.04068911646365692,0.20380837517944966,0.04686314791569217,0.049312696109897136,0.4614783864605518,0.07245648126576903
353,353.0,353.1,0.048113016455614145,0.07696438767731917,0.04060936516461028,0.2036976825267575,0.04670101344918542,0.04921512248924988,0.4626067062879896,0.07209270594927387
354,354.0,354.1,0.048202186491733544,0.07673721775784281,0.04058323607151163,0.2015433944794307,0.047739361200827085,0.04923169440901991,0.46427075477939417,0.07169215481023998
355,355.0,355.1,0.04802882960996085,0.07651371630745508,0.04049658167242753,0.20231923845605498,0.047592421591885016,0.04913412467170994,0.4635416521014033,0.07237343558910304
