Total_iterations,Unnamed: 0.1,Intertwine_two,Invert_path_vertices,Insert_inside_vertex,Delete_inside_vertex,Replace_inside_vertex,Donate_between_routes,Trim_one_terminal_cb,Grow_one_terminal_cb
0,0.0,0.125,0.125,0.125,0.125,0.125,0.125,0.125,0.125
1,1.0,0.125,0.125,0.125,0.125,0.125,0.125,0.125,0.125
2,2.0,0.125,0.125,0.125,0.125,0.125,0.125,0.125,0.125
3,3.0,0.125,0.125,0.125,0.125,0.125,0.125,0.125,0.125
4,4.0,0.125,0.125,0.125,0.125,0.125,0.125,0.125,0.125
5,5.0,0.125,0.125,0.125,0.125,0.125,0.125,0.125,0.125
6,6.0,0.125,0.125,0.125,0.125,0.125,0.125,0.125,0.125
7,7.0,0.125,0.125,0.125,0.125,0.125,0.125,0.125,0.125
8,8.0,0.125,0.125,0.125,0.125,0.125,0.125,0.125,0.125
9,9.0,0.125,0.125,0.125,0.125,0.125,0.125,0.125,0.125
10,10.0,0.125,0.125,0.125,0.125,0.125,0.125,0.125,0.125
11,11.0,0.125,0.125,0.125,0.125,0.125,0.125,0.125,0.125
12,12.0,0.125,0.125,0.125,0.125,0.125,0.125,0.125,0.125
13,13.0,0.125,0.125,0.125,0.125,0.125,0.125,0.125,0.125
14,14.0,0.125,0.125,0.125,0.125,0.125,0.125,0.125,0.125
15,15.0,0.125,0.125,0.125,0.125,0.125,0.125,0.125,0.125
16,16.0,0.125,0.125,0.125,0.125,0.125,0.125,0.125,0.125
17,17.0,0.125,0.125,0.125,0.125,0.125,0.125,0.125,0.125
18,18.0,0.125,0.125,0.125,0.125,0.125,0.125,0.125,0.125
19,19.0,0.125,0.125,0.125,0.125,0.125,0.125,0.125,0.125
20,20.0,0.125,0.125,0.125,0.125,0.125,0.125,0.125,0.125
21,21.0,0.125,0.125,0.125,0.125,0.125,0.125,0.125,0.125
22,22.0,0.125,0.125,0.125,0.125,0.125,0.125,0.125,0.125
23,23.0,0.125,0.125,0.125,0.125,0.125,0.125,0.125,0.125
24,24.0,0.125,0.125,0.125,0.125,0.125,0.125,0.125,0.125
25,25.0,0.125,0.125,0.125,0.125,0.125,0.125,0.125,0.125
26,26.0,0.125,0.125,0.125,0.125,0.125,0.125,0.125,0.125
27,27.0,0.125,0.125,0.125,0.125,0.125,0.125,0.125,0.125
28,28.0,0.125,0.125,0.125,0.125,0.125,0.125,0.125,0.125
29,29.0,0.125,0.125,0.125,0.125,0.125,0.125,0.125,0.125
30,30.0,0.125,0.125,0.125,0.125,0.125,0.125,0.125,0.125
31,31.0,0.125,0.125,0.125,0.125,0.125,0.125,0.125,0.125
32,32.0,0.125,0.125,0.125,0.125,0.125,0.125,0.125,0.125
33,33.0,0.125,0.125,0.125,0.125,0.125,0.125,0.125,0.125
34,34.0,0.125,0.125,0.125,0.125,0.125,0.125,0.125,0.125
35,35.0,0.125,0.125,0.125,0.125,0.125,0.125,0.125,0.125
36,36.0,0.125,0.125,0.125,0.125,0.125,0.125,0.125,0.125
37,37.0,0.125,0.125,0.125,0.125,0.125,0.125,0.125,0.125
38,38.0,0.125,0.125,0.125,0.125,0.125,0.125,0.125,0.125
39,39.0,0.125,0.125,0.125,0.125,0.125,0.125,0.125,0.125
40,40.0,0.125,0.125,0.125,0.125,0.125,0.125,0.125,0.125
41,41.0,0.125,0.125,0.125,0.125,0.125,0.125,0.125,0.125
42,42.0,0.125,0.125,0.125,0.125,0.125,0.125,0.125,0.125
43,43.0,0.125,0.125,0.125,0.125,0.125,0.125,0.125,0.125
44,44.0,0.125,0.125,0.125,0.125,0.125,0.125,0.125,0.125
45,45.0,0.125,0.125,0.125,0.125,0.125,0.125,0.125,0.125
46,46.0,0.125,0.125,0.125,0.125,0.125,0.125,0.125,0.125
47,47.0,0.125,0.125,0.125,0.125,0.125,0.125,0.125,0.125
48,48.0,0.125,0.125,0.125,0.125,0.125,0.125,0.125,0.125
49,49.0,0.125,0.125,0.125,0.125,0.125,0.125,0.125,0.125
50,50.0,0.125,0.125,0.125,0.125,0.125,0.125,0.125,0.125
51,51.0,0.125,0.125,0.125,0.125,0.125,0.125,0.125,0.125
52,52.0,0.125,0.125,0.125,0.125,0.125,0.125,0.125,0.125
53,53.0,0.125,0.125,0.125,0.125,0.125,0.125,0.125,0.125
54,54.0,0.125,0.125,0.125,0.125,0.125,0.125,0.125,0.125
55,55.0,0.125,0.125,0.125,0.125,0.125,0.125,0.125,0.125
56,56.0,0.125,0.125,0.125,0.125,0.125,0.125,0.125,0.125
57,57.0,0.125,0.125,0.125,0.125,0.125,0.125,0.125,0.125
58,58.0,0.125,0.125,0.125,0.125,0.125,0.125,0.125,0.125
59,59.0,0.125,0.125,0.125,0.125,0.125,0.125,0.125,0.125
60,60.0,0.125,0.125,0.125,0.125,0.125,0.125,0.125,0.125
61,61.0,0.125,0.125,0.125,0.125,0.125,0.125,0.125,0.125
62,62.0,0.125,0.125,0.125,0.125,0.125,0.125,0.125,0.125
63,63.0,0.125,0.125,0.125,0.125,0.125,0.125,0.125,0.125
64,64.0,0.125,0.125,0.125,0.125,0.125,0.125,0.125,0.125
65,65.0,0.125,0.125,0.125,0.125,0.125,0.125,0.125,0.125
66,66.0,0.125,0.125,0.125,0.125,0.125,0.125,0.125,0.125
67,67.0,0.125,0.125,0.125,0.125,0.125,0.125,0.125,0.125
68,68.0,0.125,0.125,0.125,0.125,0.125,0.125,0.125,0.125
69,69.0,0.125,0.125,0.125,0.125,0.125,0.125,0.125,0.125
70,70.0,0.125,0.125,0.125,0.125,0.125,0.125,0.125,0.125
71,71.0,0.125,0.125,0.125,0.125,0.125,0.125,0.125,0.125
72,72.0,0.125,0.125,0.125,0.125,0.125,0.125,0.125,0.125
73,73.0,0.125,0.125,0.125,0.125,0.125,0.125,0.125,0.125
74,74.0,0.125,0.125,0.125,0.125,0.125,0.125,0.125,0.125
75,75.0,0.125,0.125,0.125,0.125,0.125,0.125,0.125,0.125
76,76.0,0.125,0.125,0.125,0.125,0.125,0.125,0.125,0.125
77,77.0,0.125,0.125,0.125,0.125,0.125,0.125,0.125,0.125
78,78.0,0.125,0.125,0.125,0.125,0.125,0.125,0.125,0.125
79,79.0,0.125,0.125,0.125,0.125,0.125,0.125,0.125,0.125
80,80.0,0.125,0.125,0.125,0.125,0.125,0.125,0.125,0.125
81,81.0,0.125,0.125,0.125,0.125,0.125,0.125,0.125,0.125
82,82.0,0.125,0.125,0.125,0.125,0.125,0.125,0.125,0.125
83,83.0,0.125,0.125,0.125,0.125,0.125,0.125,0.125,0.125
84,84.0,0.125,0.125,0.125,0.125,0.125,0.125,0.125,0.125
85,85.0,0.125,0.125,0.125,0.125,0.125,0.125,0.125,0.125
86,86.0,0.125,0.125,0.125,0.125,0.125,0.125,0.125,0.125
87,87.0,0.125,0.125,0.125,0.125,0.125,0.125,0.125,0.125
88,88.0,0.125,0.125,0.125,0.125,0.125,0.125,0.125,0.125
89,89.0,0.125,0.125,0.125,0.125,0.125,0.125,0.125,0.125
90,90.0,0.125,0.125,0.125,0.125,0.125,0.125,0.125,0.125
91,91.0,0.125,0.125,0.125,0.125,0.125,0.125,0.125,0.125
92,92.0,0.125,0.125,0.125,0.125,0.125,0.125,0.125,0.125
93,93.0,0.125,0.125,0.125,0.125,0.125,0.125,0.125,0.125
94,94.0,0.125,0.125,0.125,0.125,0.125,0.125,0.125,0.125
95,95.0,0.125,0.125,0.125,0.125,0.125,0.125,0.125,0.125
96,96.0,0.125,0.125,0.125,0.125,0.125,0.125,0.125,0.125
97,97.0,0.125,0.125,0.125,0.125,0.125,0.125,0.125,0.125
98,98.0,0.125,0.125,0.125,0.125,0.125,0.125,0.125,0.125
99,99.0,0.125,0.125,0.125,0.125,0.125,0.125,0.125,0.125
100,100.0,0.125,0.125,0.125,0.125,0.125,0.125,0.125,0.125
101,101.0,0.125,0.125,0.125,0.125,0.125,0.125,0.125,0.125
102,102.0,0.125,0.125,0.125,0.125,0.125,0.125,0.125,0.125
103,103.0,0.125,0.125,0.125,0.125,0.125,0.125,0.125,0.125
104,104.0,0.125,0.125,0.125,0.125,0.125,0.125,0.125,0.125
105,105.0,0.125,0.125,0.125,0.125,0.125,0.125,0.125,0.125
106,106.0,0.125,0.125,0.125,0.125,0.125,0.125,0.125,0.125
107,107.0,0.125,0.125,0.125,0.125,0.125,0.125,0.125,0.125
108,108.0,0.125,0.125,0.125,0.125,0.125,0.125,0.125,0.125
109,109.0,0.125,0.125,0.125,0.125,0.125,0.125,0.125,0.125
110,110.0,0.125,0.125,0.125,0.125,0.125,0.125,0.125,0.125
111,111.0,0.125,0.125,0.125,0.125,0.125,0.125,0.125,0.125
112,112.0,0.125,0.125,0.125,0.125,0.125,0.125,0.125,0.125
113,113.0,0.125,0.125,0.125,0.125,0.125,0.125,0.125,0.125
114,114.0,0.125,0.125,0.125,0.125,0.125,0.125,0.125,0.125
115,115.0,0.125,0.125,0.125,0.125,0.125,0.125,0.125,0.125
116,116.0,0.125,0.125,0.125,0.125,0.125,0.125,0.125,0.125
117,117.0,0.125,0.125,0.125,0.125,0.125,0.125,0.125,0.125
118,118.0,0.125,0.125,0.125,0.125,0.125,0.125,0.125,0.125
119,119.0,0.125,0.125,0.125,0.125,0.125,0.125,0.125,0.125
120,120.0,0.125,0.125,0.125,0.125,0.125,0.125,0.125,0.125
121,121.0,0.125,0.125,0.125,0.125,0.125,0.125,0.125,0.125
122,122.0,0.125,0.125,0.125,0.125,0.125,0.125,0.125,0.125
123,123.0,0.125,0.125,0.125,0.125,0.125,0.125,0.125,0.125
124,124.0,0.125,0.125,0.125,0.125,0.125,0.125,0.125,0.125
125,125.0,0.125,0.125,0.125,0.125,0.125,0.125,0.125,0.125
126,126.0,0.125,0.125,0.125,0.125,0.125,0.125,0.125,0.125
127,127.0,0.125,0.125,0.125,0.125,0.125,0.125,0.125,0.125
128,128.0,0.125,0.125,0.125,0.125,0.125,0.125,0.125,0.125
129,129.0,0.125,0.125,0.125,0.125,0.125,0.125,0.125,0.125
130,130.0,0.125,0.125,0.125,0.125,0.125,0.125,0.125,0.125
131,131.0,0.125,0.125,0.125,0.125,0.125,0.125,0.125,0.125
132,132.0,0.125,0.125,0.125,0.125,0.125,0.125,0.125,0.125
133,133.0,0.125,0.125,0.125,0.125,0.125,0.125,0.125,0.125
134,134.0,0.125,0.125,0.125,0.125,0.125,0.125,0.125,0.125
135,135.0,0.125,0.125,0.125,0.125,0.125,0.125,0.125,0.125
136,136.0,0.125,0.125,0.125,0.125,0.125,0.125,0.125,0.125
137,137.0,0.125,0.125,0.125,0.125,0.125,0.125,0.125,0.125
138,138.0,0.125,0.125,0.125,0.125,0.125,0.125,0.125,0.125
139,139.0,0.125,0.125,0.125,0.125,0.125,0.125,0.125,0.125
140,140.0,0.125,0.125,0.125,0.125,0.125,0.125,0.125,0.125
141,141.0,0.125,0.125,0.125,0.125,0.125,0.125,0.125,0.125
142,142.0,0.125,0.125,0.125,0.125,0.125,0.125,0.125,0.125
143,143.0,0.125,0.125,0.125,0.125,0.125,0.125,0.125,0.125
144,144.0,0.125,0.125,0.125,0.125,0.125,0.125,0.125,0.125
145,145.0,0.125,0.125,0.125,0.125,0.125,0.125,0.125,0.125
146,146.0,0.125,0.125,0.125,0.125,0.125,0.125,0.125,0.125
147,147.0,0.125,0.125,0.125,0.125,0.125,0.125,0.125,0.125
148,148.0,0.125,0.125,0.125,0.125,0.125,0.125,0.125,0.125
149,149.0,0.125,0.125,0.125,0.125,0.125,0.125,0.125,0.125
150,150.0,0.125,0.125,0.125,0.125,0.125,0.125,0.125,0.125
151,151.0,0.125,0.125,0.125,0.125,0.125,0.125,0.125,0.125
152,152.0,0.125,0.125,0.125,0.125,0.125,0.125,0.125,0.125
153,153.0,0.125,0.125,0.125,0.125,0.125,0.125,0.125,0.125
154,154.0,0.125,0.125,0.125,0.125,0.125,0.125,0.125,0.125
155,155.0,0.125,0.125,0.125,0.125,0.125,0.125,0.125,0.125
156,156.0,0.125,0.125,0.125,0.125,0.125,0.125,0.125,0.125
157,157.0,0.125,0.125,0.125,0.125,0.125,0.125,0.125,0.125
158,158.0,0.125,0.125,0.125,0.125,0.125,0.125,0.125,0.125
159,159.0,0.125,0.125,0.125,0.125,0.125,0.125,0.125,0.125
160,160.0,0.125,0.125,0.125,0.125,0.125,0.125,0.125,0.125
161,161.0,0.125,0.125,0.125,0.125,0.125,0.125,0.125,0.125
162,162.0,0.125,0.125,0.125,0.125,0.125,0.125,0.125,0.125
163,163.0,0.125,0.125,0.125,0.125,0.125,0.125,0.125,0.125
164,164.0,0.125,0.125,0.125,0.125,0.125,0.125,0.125,0.125
165,165.0,0.125,0.125,0.125,0.125,0.125,0.125,0.125,0.125
166,166.0,0.125,0.125,0.125,0.125,0.125,0.125,0.125,0.125
167,167.0,0.125,0.125,0.125,0.125,0.125,0.125,0.125,0.125
168,168.0,0.125,0.125,0.125,0.125,0.125,0.125,0.125,0.125
169,169.0,0.125,0.125,0.125,0.125,0.125,0.125,0.125,0.125
170,170.0,0.125,0.125,0.125,0.125,0.125,0.125,0.125,0.125
171,171.0,0.125,0.125,0.125,0.125,0.125,0.125,0.125,0.125
172,172.0,0.125,0.125,0.125,0.125,0.125,0.125,0.125,0.125
173,173.0,0.125,0.125,0.125,0.125,0.125,0.125,0.125,0.125
174,174.0,0.125,0.125,0.125,0.125,0.125,0.125,0.125,0.125
175,175.0,0.125,0.125,0.125,0.125,0.125,0.125,0.125,0.125
176,176.0,0.125,0.125,0.125,0.125,0.125,0.125,0.125,0.125
177,177.0,0.125,0.125,0.125,0.125,0.125,0.125,0.125,0.125
178,178.0,0.125,0.125,0.125,0.125,0.125,0.125,0.125,0.125
179,179.0,0.125,0.125,0.125,0.125,0.125,0.125,0.125,0.125
180,180.0,0.125,0.125,0.125,0.125,0.125,0.125,0.125,0.125
181,181.0,0.125,0.125,0.125,0.125,0.125,0.125,0.125,0.125
182,182.0,0.125,0.125,0.125,0.125,0.125,0.125,0.125,0.125
183,183.0,0.125,0.125,0.125,0.125,0.125,0.125,0.125,0.125
184,184.0,0.125,0.125,0.125,0.125,0.125,0.125,0.125,0.125
185,185.0,0.125,0.125,0.125,0.125,0.125,0.125,0.125,0.125
186,186.0,0.125,0.125,0.125,0.125,0.125,0.125,0.125,0.125
187,187.0,0.125,0.125,0.125,0.125,0.125,0.125,0.125,0.125
188,188.0,0.125,0.125,0.125,0.125,0.125,0.125,0.125,0.125
189,189.0,0.125,0.125,0.125,0.125,0.125,0.125,0.125,0.125
190,190.0,0.125,0.125,0.125,0.125,0.125,0.125,0.125,0.125
191,191.0,0.125,0.125,0.125,0.125,0.125,0.125,0.125,0.125
192,192.0,0.125,0.125,0.125,0.125,0.125,0.125,0.125,0.125
193,193.0,0.125,0.125,0.125,0.125,0.125,0.125,0.125,0.125
194,194.0,0.125,0.125,0.125,0.125,0.125,0.125,0.125,0.125
195,195.0,0.125,0.125,0.125,0.125,0.125,0.125,0.125,0.125
196,196.0,0.125,0.125,0.125,0.125,0.125,0.125,0.125,0.125
197,197.0,0.125,0.125,0.125,0.125,0.125,0.125,0.125,0.125
198,198.0,0.125,0.125,0.125,0.125,0.125,0.125,0.125,0.125
199,199.0,0.125,0.125,0.125,0.125,0.125,0.125,0.125,0.125
200,200.0,0.124709335624284,0.1258204467353952,0.124709335624284,0.1258204467353952,0.124709335624284,0.124709335624284,0.1248124284077892,0.124709335624284
201,201.0,0.1251589542861818,0.1262498839913972,0.1240478431750707,0.1261478431750707,0.1240478431750707,0.1240478431750707,0.1262519458470673,0.1240478431750707
202,202.0,0.1252026523368016,0.1271928953794732,0.1231026523368016,0.1269898341549834,0.1231026523368016,0.1231026523368016,0.1272040087815351,0.1241026523368016
203,203.0,0.1251684636446439,0.127888693372535,0.1220994636446439,0.128571388796159,0.1220994636446439,0.1220994636446439,0.1279835996080864,0.1240894636446439
204,204.0,0.124886779843169,0.1282763700014821,0.1209672789340781,0.129901802785127,0.121876369843169,0.1209672789340781,0.1292866498157276,0.123837469843169
205,205.0,0.1244549808011369,0.1285619981655739,0.1197940725678036,0.1302052403595728,0.1215274059011369,0.1197940725678036,0.1313860114025018,0.1242762182344702
206,206.0,0.1238247969654247,0.1286812481079769,0.1185240004533757,0.1302521107059501,0.1210010494044247,0.1185240004533757,0.1347422484258167,0.1244505454836554
207,207.0,0.1231418325232212,0.1287113367132074,0.1172412214485256,0.1301334526594527,0.1204397670429312,0.1172412214485256,0.1377596307853048,0.1253315373788312
208,208.0,0.1225145555861085,0.1287604619770092,0.1158456681230653,0.130126321511931,0.1198437614753657,0.1160561944388548,0.14071452979491,0.1261385070927552
209,209.0,0.121908868884012,0.1287885275845394,0.1145172458375844,0.1300900977539207,0.1192824006311796,0.1149361932060055,0.1435459434031764,0.1269307226995818
210,210.0,0.1210585719377211,0.1293971274977499,0.1131526356010496,0.1305775034335013,0.1185929984816416,0.1137760250747338,0.14596318073943,0.1274819572341725
211,211.0,0.1202276558280663,0.1299669796225874,0.111857038497552,0.1303574775670835,0.1179315434236253,0.112677051620359,0.148985716188028,0.1279965372526982
212,212.0,0.1193189700782978,0.1302972394440512,0.1105330746716964,0.1306157993598296,0.1171983337443758,0.1116436272980013,0.1527927253205813,0.1276002300831666
213,213.0,0.1184523176455311,0.1306001165001211,0.1092987930747382,0.1308507465908957,0.1165108161384154,0.1106906535629798,0.1564132221433253,0.1271833343439932
214,214.0,0.1181143045795367,0.1306074631539185,0.1080206635378528,0.1315225428847872,0.1155836799814461,0.1096827103320064,0.1592820338713945,0.1271866016590576
215,215.0,0.117467626602466,0.1302009198606676,0.106569559836225,0.1335779980030394,0.1143978401573069,0.1084859257712737,0.1625187767148769,0.1267813530541445
216,216.0,0.1166883811334682,0.1295676272070052,0.1051136372129203,0.1358656870532055,0.1131281075146488,0.1078585742544396,0.1656259935746226,0.1261519920496895
217,217.0,0.115921072021442,0.1287252626461526,0.1036231741444407,0.1387210886989609,0.111681853438819,0.1071758115856781,0.1687700119048318,0.1253817255596748
218,218.0,0.1150443845738482,0.1277661482715461,0.1020826333233529,0.1415369792079368,0.1101501640812678,0.1073221092873755,0.1717055206321922,0.1243920606224804
219,219.0,0.1140492497563677,0.1270666322092095,0.1004838191052274,0.1440493728041623,0.108528373493067,0.1073660603277101,0.1752115263277741,0.1232449659764815
220,220.0,0.112906287607988,0.1261086516644413,0.0987955527439551,0.1464279036123588,0.1077878063842602,0.1071914353313903,0.1788667922536726,0.1219155704019335
221,221.0,0.1117455074109928,0.1249305828395343,0.0971474590451733,0.1496478760302547,0.1070515430057061,0.106929714333834,0.182008122459358,0.1205391948751466
222,222.0,0.109559887134525,0.1226348154707705,0.0945315900419322,0.1515857899752248,0.1053061039804764,0.105574559760199,0.1878800487883167,0.1229272048485553
223,223.0,0.107363056685108,0.1208109464921795,0.0919601716505216,0.1534055406373542,0.1035591509593025,0.1042399877114726,0.1933489847522546,0.125312161111807
224,224.0,0.1051784576018471,0.1188775564590257,0.0894548252109889,0.155587071091716,0.1024536570893066,0.1028488283491579,0.1981663189688196,0.127433285229138
225,225.0,0.1030481583480557,0.117474150993232,0.0871554426016379,0.1573035589777802,0.101258712297285,0.1014428329014507,0.2027253846375647,0.1295917592429936
226,226.0,0.1013922097214334,0.1156270727167325,0.0854846311694692,0.1583691233363352,0.0996861014083491,0.1004457902375725,0.2077777323314211,0.1312173390786868
227,227.0,0.0996858474541394,0.1138904855234249,0.0839031330960032,0.1591198086339608,0.0981472874507156,0.0994037124515746,0.2131882255567435,0.1326614998334379
228,228.0,0.097928294828203,0.1120538728784639,0.0823803323183485,0.1593656582866106,0.0955966493562651,0.0982745372532495,0.220458936668924,0.1339417184099352
229,229.0,0.0961741705075534,0.1101359690257533,0.0808936718394945,0.1598713995152662,0.0930182795366372,0.0970726315988046,0.2278152901553003,0.1350185878211905
230,230.0,0.0945364057631564,0.1082778126598549,0.0796339565066798,0.1601156258478419,0.0905630857970179,0.0959391095231256,0.2349365211827425,0.135997482719581
231,231.0,0.0929281670139674,0.1058745443053,0.0784125673656408,0.1605335855703168,0.0881484304926422,0.0947893651457019,0.2426831327071761,0.1366302073992547
232,232.0,0.0913247225306258,0.1035128502720402,0.0772731503572372,0.1612182049943005,0.0858300742274627,0.093635421329033,0.2501208643583185,0.137084711930982
233,233.0,0.0897534746408159,0.1012220290352762,0.0762295356379362,0.1615927641534807,0.0836326009761831,0.0925006762679135,0.2577620006500356,0.1373069186383587
234,234.0,0.0881299676004603,0.0990174245287449,0.0760053300729841,0.1617708737139223,0.081034779662073,0.0913963380740545,0.2652629446182257,0.1373823417295352
235,235.0,0.0864695291680789,0.0975851202352434,0.0757580170836787,0.1620256471097262,0.0784869325299029,0.0902089494372456,0.2722335158443259,0.1372322885917982
236,236.0,0.0848441985563083,0.0959276508394307,0.0755442475447418,0.1624350663261144,0.0760615329484771,0.0894866214534506,0.2788747409632425,0.1368259413682345
237,237.0,0.0832567566632587,0.0943222615294299,0.0753362529081069,0.1628685948387565,0.073761061433022,0.0887298932610432,0.2855485238829554,0.1361766554834272
238,238.0,0.0817170982179398,0.0926809888864736,0.0755676627814735,0.1631598253015496,0.0715944037267849,0.0879472990183908,0.29181301356806,0.1355197084993277
239,239.0,0.0806635067567646,0.0915508213217768,0.0758084160503687,0.1632566024562569,0.069584249670248,0.0871562575185832,0.2971879556562889,0.1347921905697126
240,240.0,0.0797283098623572,0.0905308804132012,0.0760855541939626,0.1632499140212721,0.0677480630000987,0.0864269294294975,0.3022321139461536,0.1339982351334571
241,241.0,0.0788338181129952,0.0895627136500181,0.0767334208384729,0.163556990326524,0.0660591810343991,0.0856884692583103,0.3064389989388538,0.1331264078404264
242,242.0,0.077920267296626,0.0885704936695851,0.0783792439627393,0.163560941046687,0.0644101235073195,0.0848845361999017,0.3101916252345675,0.1320827690825737
243,243.0,0.0771229643298731,0.0869209079621273,0.0800303604254699,0.163661859035507,0.0629376640520279,0.0841539823753372,0.3141538541565879,0.1310184076630696
244,244.0,0.0764753148298701,0.0853907209307204,0.0812055050493367,0.163733226391159,0.061620482157789,0.0829949358198013,0.3186474978440187,0.1299323169773048
245,245.0,0.077073698394411,0.0837626813080039,0.0820287864048507,0.1648253303156499,0.0602791206085242,0.0816835801101775,0.3216947828767068,0.128652019981676
246,246.0,0.077873440935078,0.0821052697247639,0.0825762198523669,0.1657221237969219,0.0589806979242845,0.0803036939921742,0.3251758009962091,0.1272627527782014
247,247.0,0.0786465531432642,0.0807871432448356,0.0830306257917246,0.1668883103976492,0.0578142327200065,0.0789554436415919,0.3280087870273601,0.1258689040335678
248,248.0,0.0792384666205828,0.0798322695815274,0.0832589400763109,0.1677206925765794,0.0567064896766005,0.0779214503302026,0.3309092362095484,0.1244124549286478
249,249.0,0.0796837719571278,0.0788997440276468,0.0832825416576366,0.1692582631883681,0.055671542898397,0.0769013198372831,0.3333804105537307,0.1229224058798098
250,250.0,0.0803122345524719,0.0779753401821683,0.0831196013195625,0.1705911926040735,0.0547090755684364,0.0758659977690733,0.3360007815415136,0.1214257764627004
251,251.0,0.0808041108320911,0.0774084194064221,0.0827958957484469,0.1718097465133045,0.0538265289936009,0.0748634555649502,0.3378947412006131,0.1205971017405711
252,252.0,0.0817037562016683,0.0775066074960355,0.082249944378697,0.1727682782949964,0.0529385270807023,0.0738968190509812,0.3392783239549332,0.119657743541986
253,253.0,0.0827339945390181,0.0777004146424312,0.0821609299747892,0.1736072589222318,0.0521253184305309,0.072961995125354,0.340021423555544,0.1186886648101006
254,254.0,0.0836389235585551,0.0784156782084779,0.0819448518376681,0.1741015379426063,0.0513918225259192,0.0720451721289969,0.3401973059127471,0.1182647078850293
255,255.0,0.0843240949239114,0.0791078209881758,0.0816156069610814,0.174475341459346,0.0509638862983935,0.0711517373697363,0.3400300573493504,0.118331454650005
256,256.0,0.0846105282481387,0.0798233406026351,0.0812003187599278,0.1751381273063826,0.0506237121842428,0.0703268790495412,0.3399153883424186,0.1183617055067131
257,257.0,0.084825288871345,0.0802367550588863,0.0807553148146209,0.1757824813834239,0.0506745668156452,0.069586511563022,0.3396946978687491,0.1184443836243073
258,258.0,0.0850034581604034,0.0806423376293258,0.0803024442722803,0.1755195005706317,0.050811000296481,0.0689017189408648,0.339747253227387,0.1190722869026258
259,259.0,0.0854517886967287,0.0807637434537027,0.0798492890377575,0.1750941891804097,0.0510207760054056,0.0683005918974354,0.3397923728423908,0.1197272488861694
260,260.0,0.0858735612467734,0.0808913972729721,0.0793994382959602,0.1747061076507621,0.0512936625780873,0.0677802612241907,0.3396566424944361,0.1203989292368178
261,261.0,0.0862250473469056,0.0809802866440413,0.0789144488697163,0.1741377668783694,0.0515781760048499,0.067295684054085,0.3398323724660661,0.1210362177359661
262,262.0,0.0865100098131137,0.0810327289874665,0.0784025006532985,0.1736159405817785,0.0518702876861138,0.0668483798405041,0.340084262345758,0.1216358900919666
263,263.0,0.0861003562347419,0.0822251833437498,0.077514875390675,0.1732519229565058,0.0522454740202136,0.0664843912695019,0.3406081058223713,0.1215696909622404
264,264.0,0.0856329533867327,0.0833394063102643,0.0766127104283221,0.1727324983444919,0.0526145458651192,0.0661528624171704,0.3415490745611902,0.121365948686709
265,265.0,0.0851016437014576,0.0843387513242445,0.0753943811784087,0.1724726475448428,0.0529655058369254,0.0658213830612203,0.3426624310627095,0.1212432562901908
266,266.0,0.0845518573218001,0.0855964000673127,0.0736500238341563,0.1722770058121329,0.0533297393254738,0.0655531586634583,0.3438165576595042,0.1212252573161613
267,267.0,0.083921022022024,0.0871820532519681,0.0719103269329451,0.1719712314274845,0.0536595277947555,0.0653059498326289,0.3449751061757636,0.1210747825624299
268,268.0,0.0832053231283716,0.0885846318089337,0.0707708600387362,0.1714228022579974,0.0539455565997841,0.0650487515801971,0.346610110991671,0.1204119635943085
269,269.0,0.0824864770529463,0.0899019772719547,0.0696961996956177,0.1710670247878182,0.0542269702151434,0.064814782371359,0.3480599491022044,0.1197466195029559
270,270.0,0.0817744386280746,0.0911343428025855,0.0686934100056534,0.1709139634022067,0.0545073588314763,0.0646058176465456,0.349275924979931,0.1190947437035265
271,271.0,0.0810542966032378,0.0922119647296047,0.0677391979849308,0.1707735908110233,0.0547630075747263,0.0643994209710578,0.3506180266883926,0.1184404946370264
272,272.0,0.0802637951651095,0.0937728562722511,0.0666669465998283,0.1710085192256903,0.0550136923343088,0.0641460888645806,0.3519984352592505,0.1171296662789806
273,273.0,0.0791673099780642,0.0950967512514101,0.0653087661589302,0.1714061964925247,0.0552139969716364,0.0644134083922764,0.3536258282426628,0.115767742512495
274,274.0,0.077985326957037,0.0966589458345136,0.0639461280649549,0.1720557862433875,0.0553380901099263,0.0646054433032832,0.3555158076409379,0.1138944718459593
275,275.0,0.0767238542738567,0.0979101786509577,0.0625847790477777,0.1724566392546838,0.0557363981997513,0.0647138968417486,0.3577623633936605,0.1121118903375635
276,276.0,0.0754713099344982,0.0992350928261285,0.061306900495166,0.1727176634912632,0.0561005398150882,0.0648191002134146,0.359967163549978,0.1103822296744631
277,277.0,0.0743838154861233,0.1003962667398766,0.0601093079773677,0.1727730157957289,0.056426650413777,0.0649163766827797,0.3622805657433264,0.10871400116102
278,278.0,0.0733043059484443,0.1015048104038654,0.0589823449355901,0.1728685253565197,0.0566891398996273,0.0649914289917672,0.3645553748536441,0.1071040696105416
279,279.0,0.0724446657453787,0.1024128507722038,0.0579282829257321,0.1728936052108936,0.0568849308212891,0.0650333226143624,0.3668478066380884,0.1055545352720516
280,280.0,0.0715964230055946,0.1031260984273663,0.0569486596278078,0.1729954761815009,0.0571122637913337,0.065041993354276,0.3691064686140797,0.1040726169980409
281,281.0,0.0707765578235178,0.1036841595727974,0.0555542460254015,0.1737835513363699,0.0573010403411416,0.0650376337580774,0.3711824381641556,0.1026803729785386
282,282.0,0.0699776155536502,0.1039670146793842,0.0542392018013412,0.1745054884155752,0.0574317106532242,0.0650098871435902,0.3734976345615057,0.101371447191729
283,283.0,0.069204578608724,0.1040977390703754,0.0530102499644643,0.1754601615148151,0.0575182770818774,0.0649569581326194,0.3754479603682663,0.1003040752588582
284,284.0,0.0684689213988975,0.1037897374378519,0.0518780472925061,0.1762210279084486,0.0575742536559612,0.0648934020950391,0.3778350538304006,0.0993395563808948
285,285.0,0.0679017040176817,0.1033565697639067,0.0508370195365123,0.1768574714144228,0.0575940262908766,0.0648079037740751,0.3801767890174946,0.09846851618503
286,286.0,0.0673598214109747,0.1028950238353065,0.0498831232369412,0.1774845760494084,0.0574085980350539,0.064693646110123,0.3825938011269776,0.0976814101952144
287,287.0,0.0668655198875877,0.1023446443240295,0.0490210924654535,0.1780237379406653,0.0571988556338504,0.0645611778073206,0.385006781991544,0.0969781899495488
288,288.0,0.0663870449009125,0.1016819375011206,0.0482359204916101,0.178549122114908,0.0569419239310727,0.064398419426379,0.3876756993648094,0.0961299322691875
289,289.0,0.0659308835876855,0.10093167282617,0.0475317245871265,0.1791964761715522,0.056649435587317,0.0642182159117661,0.3901852113688385,0.095356379959544
290,290.0,0.0654244716240936,0.1001220948288964,0.0469100036654875,0.1797746150435155,0.0563339854384156,0.0640263282797388,0.3926034288861368,0.0948050722337155
291,291.0,0.0647487136430794,0.0992484784112414,0.0463573637142463,0.1801531415817793,0.0559887158961049,0.0638091456031354,0.3954606702025409,0.0942337709478721
292,292.0,0.0635976243224164,0.0988201391606942,0.0458694254922163,0.1811330546435322,0.055612967185239,0.0635758372328291,0.397748966065198,0.0936419858978745
293,293.0,0.0624695026733752,0.0983294170866559,0.0454400416555707,0.182066839866238,0.0552085764814008,0.0633174353245109,0.4001401243795169,0.0930280625327313
294,294.0,0.0613702903671433,0.0978713591843594,0.0450656823461063,0.1828635005987074,0.0549687628320419,0.0630363508447117,0.4024305961334155,0.0923934576935142
295,295.0,0.0603190949872269,0.0973763461807286,0.044746159233091,0.1834506936960761,0.0547143313600874,0.0627385344651086,0.4049114801542307,0.0917433599234503
296,296.0,0.0593378272661012,0.0968805397734541,0.0444907761043867,0.184032188013909,0.0544614881486227,0.0624515626104218,0.4071788303870483,0.091166787696056
297,297.0,0.0584036154956418,0.0963577909202478,0.0442854236711466,0.184705032188049,0.0541952788361747,0.0621597548408972,0.4091176078992841,0.0907754961485585
298,298.0,0.0577524316662592,0.0958113152858755,0.0441221245729858,0.1855319505527969,0.0539201181837617,0.0618566126064685,0.4106415358347596,0.0903639112970923
299,299.0,0.0571562205299569,0.0953883764607742,0.0440019732163763,0.1862947030244501,0.0534587423302673,0.0615537988654348,0.4122075082294253,0.0899386773433147
300,300.0,0.0566052106321968,0.094953234012501,0.0439223335537137,0.1872094084409088,0.052998088669053,0.0614718975707403,0.4132698361220946,0.0895699909987914
301,301.0,0.0562163116291835,0.0945072202281418,0.0438737400007167,0.1880138439943035,0.0525386904193594,0.0613783780746099,0.414285123104878,0.0891866925488069
302,302.0,0.0558952446797917,0.0941989803348209,0.043867053034339,0.1886953359441738,0.052103535178772,0.0613031561128296,0.4150720680396477,0.0888646266756249
303,303.0,0.0559010135793559,0.0934965704774135,0.0439187886914613,0.1894328582034727,0.0517121418867851,0.0610731485629624,0.4159960050161038,0.0884694735824451
304,304.0,0.0559142859633808,0.0926896499214615,0.0439657907054392,0.1906640195440292,0.0513059358989748,0.0607905648803047,0.4166663733622253,0.0880033797241843
305,305.0,0.0558459168946809,0.0917938096273341,0.0440069070595047,0.1921988712522321,0.0508892339581153,0.0604619527987786,0.4173305006993592,0.0874728077099949
306,306.0,0.0557632872162327,0.0908000783502237,0.0442022937348976,0.1936364424141771,0.0504538025041008,0.0602196914726249,0.4180500051303829,0.08687439917736
307,307.0,0.0556817830602022,0.0901807426137695,0.0443853990496904,0.1950217600567211,0.0502115622815407,0.0599403167008792,0.4183540835485261,0.0862243526886704
308,308.0,0.0555956330266678,0.0893052489344809,0.0445490704632064,0.1964537242722759,0.0499582304523865,0.0596189237688642,0.4185800213300626,0.0859391477520554
309,309.0,0.0555137316375419,0.0884417698028492,0.0447086385103351,0.1977340323163736,0.0497070881383454,0.0592915214769471,0.418967487054502,0.0856357310631053
310,310.0,0.0554355037591781,0.087599012367766,0.044862935332506,0.1992660660592355,0.0495432428942543,0.0589612956078595,0.4190107351669697,0.0853212088122307
311,311.0,0.055358977660812,0.0868608026157375,0.0450065869042891,0.200918162145809,0.0493812276048051,0.0586358066626997,0.4192664177566014,0.0845720186492458
312,312.0,0.0552711944676503,0.0864692242663751,0.045124250362331,0.2023444049736242,0.049204968645304,0.0581524718892615,0.4196564592527728,0.0837770261426808
313,313.0,0.0551597889796372,0.0859988539000506,0.0452107951092878,0.203875283477336,0.0490126954565159,0.057640241376113,0.4201617702487226,0.0829405714523366
314,314.0,0.0550251642514501,0.0854564009368305,0.0452664737380457,0.2054868748008457,0.0489779838555076,0.0571043522264651,0.4205324829624737,0.0821502672283814
315,315.0,0.0548811924867012,0.0849280110314301,0.0453050743148598,0.2070488487334963,0.0489382298281167,0.0565762319752353,0.420885234584162,0.0814371770459984
316,316.0,0.0547157663673673,0.0843387730231199,0.0453144667374646,0.2085779815444949,0.0488803393324994,0.0560333355108609,0.4213564124962887,0.0807829249879039
317,317.0,0.054544628947767,0.0837752005984285,0.0453110524323522,0.2100987760740528,0.0488209994204233,0.0555114340612084,0.4216581957565152,0.0802797127092523
318,318.0,0.0543679237945695,0.0833503482474355,0.045295043438429,0.2114320747812826,0.0489002798571081,0.0550125022280056,0.4218588196545118,0.0797830079986575
319,319.0,0.0542010661292669,0.0827579349381017,0.0452839202111485,0.2123368759994635,0.0489904706705579,0.0545665235183996,0.4225044381935308,0.0793587703395309
320,320.0,0.0539527832708907,0.0822002057753486,0.0452651608548665,0.2129899044931594,0.0490781740592116,0.0541541967194784,0.4232730123769968,0.0790865624500476
321,321.0,0.0536970908780552,0.0816575662733433,0.0452302321911433,0.2136688865380754,0.0491503484470049,0.0537595215482343,0.4238906706266999,0.0789456834974433
322,322.0,0.0534350553871376,0.0812715704284811,0.0451797079163613,0.2141782734062436,0.0492058227352902,0.0533829310891822,0.4249222632075267,0.0784243758297769
323,323.0,0.0531545175769879,0.0808324109741167,0.0451010593672527,0.2146286083360979,0.0492305235046401,0.0529982112349454,0.4260399010255101,0.0780147679804487
324,324.0,0.0528729232847267,0.0804157773159731,0.0450126894205216,0.2149261823622377,0.0492427151143591,0.0526400193104708,0.4272869621975309,0.0776027309941797
325,325.0,0.0525924466361265,0.0801705442193782,0.0450083371895501,0.2151895772157406,0.0492432015851914,0.0522312669878423,0.428370412460247,0.0771942137059236
326,326.0,0.0523037117325562,0.0798825371040004,0.0449800854832017,0.215359850256397,0.0492153277679481,0.0518236243181604,0.4295354224772393,0.0768994408604964
327,327.0,0.0520114518113331,0.0795640016400736,0.0449332079836404,0.2152650807015974,0.0492971049171773,0.0514263022361754,0.430906952111626,0.0765958985983766
328,328.0,0.0517278529559804,0.0792632938192142,0.0448762787284215,0.2152624715912707,0.0493671749226497,0.0510561714390837,0.4321628579326512,0.0762838986107284
329,329.0,0.0514496745850747,0.0793068553281452,0.0448078450902916,0.2149915721820818,0.0494169555765409,0.050711252140607,0.4333544892198658,0.0759613558773927
330,330.0,0.0511764855918792,0.0793563800940678,0.0447304039363081,0.2146252681148251,0.0494457323096124,0.0503871233493967,0.434528734569194,0.0757498720347163
331,331.0,0.0509093813136789,0.0793560679380374,0.0446366666252881,0.2141739982649679,0.0494487602915314,0.0500684702052351,0.4358894840935119,0.0755171712677491
332,332.0,0.0506454315084047,0.0793014280045678,0.0445249104978108,0.2136049576169667,0.0494261191257072,0.0500679372827682,0.4371666213873784,0.0752625945763961
333,333.0,0.050385547266287,0.0791940111100156,0.0443966336498719,0.2128577558749658,0.0493788792847636,0.0500612428040962,0.4384363390692763,0.0752895909407232
334,334.0,0.0501242036284839,0.0790294886710286,0.0442517917243566,0.212066255906054,0.0493035347488815,0.0500453719290796,0.4398970763337299,0.0752822770583858
335,335.0,0.049862320343164,0.079096183581447,0.0440919983317661,0.211132165543406,0.0492016320154914,0.0500192049689897,0.4413569934912453,0.0752395017244904
336,336.0,0.0496038182202639,0.0791500242465016,0.0439255980913699,0.2101327749977806,0.0490815828551814,0.0500008051804394,0.4428576080385368,0.075247788369926
337,337.0,0.0493504336672284,0.0791901845736668,0.0437563016530783,0.2090724418925031,0.0489472848781937,0.049989457951196,0.4444296105108835,0.0752642848732498
338,338.0,0.049094596678595,0.0791593738199801,0.0435772057562278,0.2079266293564406,0.0487921273991336,0.0499594859749568,0.4462197853420661,0.0752707956725997
339,339.0,0.048844228814644,0.0790736137496754,0.0433944727286959,0.2068484608790784,0.0486236702897368,0.0499213570438976,0.448020257422402,0.0752739390718695
340,340.0,0.0486078907118595,0.079059980971135,0.0431459632257987,0.2057252881711354,0.0484516412038908,0.0498970525805467,0.4498209610342015,0.0752912221014321
341,341.0,0.0483822155670428,0.0793041559502055,0.0429006766359709,0.2044558909072076,0.0482718724448167,0.0498782147805345,0.4516107385030713,0.0751962352111503
342,342.0,0.0481703836357804,0.079490832017758,0.0426560755342385,0.2037775109782319,0.0480817691684473,0.0498525888229534,0.4528762139537106,0.0750946258888796
343,343.0,0.0479631645942144,0.079608642423485,0.0424113771703692,0.2030757773849449,0.0478806170083234,0.0498107833197543,0.454008797578171,0.0752408405207374
344,344.0,0.0477642170625484,0.0796668078193536,0.0421700750074224,0.2025615244927528,0.0476716421803925,0.0497573904600143,0.4550663157135716,0.0753420272639441
345,345.0,0.0475797076066288,0.0797157881240353,0.041939542876088,0.2021388097461812,0.0475736235940362,0.0497110411063597,0.4559254337945371,0.0754160531521332
346,346.0,0.0474140648078521,0.0797597329476357,0.0417217435444035,0.2017503261017595,0.0474778532683667,0.0496723262573193,0.4567407410377823,0.0754632120348805
347,347.0,0.0472598871436958,0.0796827682524095,0.0415115415779071,0.2014922831504265,0.0473820126108389,0.0496275894513664,0.4576438759214052,0.0754000418919501
348,348.0,0.0472004453989915,0.0795421403549609,0.0413037806626612,0.2012315612726109,0.0472775359163122,0.049565382997309,0.4585929275108874,0.0752862258862664
349,349.0,0.0471508406381784,0.0793857468122564,0.0411047107043853,0.2009692346943757,0.0471704002408376,0.0495029410404086,0.4595756708173005,0.075140455052257
350,350.0,0.0471065103597724,0.0791742758773392,0.0409102873775712,0.2008972085608543,0.0470599419800433,0.0494246664818073,0.4604783054461627,0.074948803916449
351,351.0,0.0470717339527251,0.0789233046112094,0.0407262142369418,0.2007084960238712,0.0469513912362174,0.0493375849497066,0.461561129858921,0.074720145130407
352,352.0,0.047043333955353,0.0786687279510036,0.0405554544076255,0.2006613817831536,0.046841817909593,0.0492552061522463,0.4625730696537274,0.0744010081872969
353,353.0,0.047017827982764,0.0784049130315539,0.0403951320518964,0.2006393796352016,0.0467272017690414,0.0491718827720438,0.4635857006198652,0.074057962137633
354,354.0,0.0470147414957744,0.0781303573585592,0.0402503713535576,0.2004347319262276,0.0467276201345105,0.0490989813190107,0.4646536833952109,0.0736895130171485
355,355.0,0.047006502419266,0.0778469757118179,0.0401147499323238,0.2003392200113455,0.0467234201132017,0.0490249401684499,0.4655381283390649,0.0734060633045297
356,356.0,0.0470964033972092,0.0773354567923255,0.0399214947155436,0.2003465429383076,0.0467169064681752,0.0489508323431339,0.4664992180758426,0.0731331452694617
357,357.0,0.0471754548516347,0.0767860250271126,0.0397315215880396,0.2003800351650332,0.0467799353825863,0.0488606473655259,0.4673545852881205,0.0729317953319465
358,358.0,0.0472489424092638,0.076215691787316,0.0395486886196247,0.2004322131067454,0.0468362003779655,0.0487617907922586,0.4682500467997292,0.0727064261070961
359,359.0,0.0474188275109195,0.0756294687734712,0.0393733489870272,0.200465924570921,0.0469138801452166,0.0486550432098656,0.4690849895784676,0.0724585172241105
360,360.0,0.0475828272193126,0.075033444133909,0.0392049935312728,0.2006875050515392,0.0469803260169781,0.0485449769828695,0.4694805807167561,0.0724853463473621
361,361.0,0.0477331372884219,0.0744478820501692,0.0390453501154187,0.2008898379841775,0.0470338268822252,0.0484343867869671,0.4699212739718187,0.0724943049208009
362,362.0,0.047877035385749,0.0738845317747293,0.0389660484626691,0.2011754859682468,0.0470809851039627,0.0483260769269176,0.4701797425909602,0.0725100937867649
363,363.0,0.0480098710162598,0.0733411143156675,0.0388969126447016,0.2015084980566648,0.0471187677692151,0.0482151174618193,0.4704023471284591,0.0725073716072123
364,364.0,0.0481223978387514,0.0727879396683795,0.0388337596650086,0.2021156575319524,0.0471432439597441,0.0480895194462082,0.4704175705616749,0.0724899113282804
365,365.0,0.0482132975576956,0.0722272653929088,0.0387741525091055,0.2027034544084941,0.0471508776268243,0.0481454712001811,0.4703509701460338,0.0724345111587564
366,366.0,0.0482952646192993,0.0717765278920117,0.0387250710040818,0.2031889025570243,0.0471506999867032,0.0482073494108726,0.4701998464786213,0.0724563380513853
367,367.0,0.0483639797014538,0.0712206357459994,0.0386826605152984,0.2034847636756866,0.0471422673188662,0.0484650368948691,0.4700860695360129,0.0725545866118132
368,368.0,0.0484195003159404,0.070679832141002,0.0386453375397254,0.2037208958230714,0.0471224713292662,0.0487051525101242,0.4700885764030174,0.0726182339378527
369,369.0,0.0484598756614922,0.0702135192879389,0.0386099576414053,0.2038713172445052,0.0470883928999096,0.0489206601324481,0.4701030521553098,0.0727332249769906
370,370.0,0.0484870554541276,0.0697754561132303,0.0385789615468608,0.2040035295141466,0.0470468573140094,0.0491919520654472,0.4700726985150373,0.0728434894771405
371,371.0,0.048504286262794,0.0693713720910903,0.0386164195886741,0.2040872379157281,0.046996656370902,0.0494522941910689,0.4700432676676926,0.0729284659120498
372,372.0,0.0485072585165001,0.0690009389427078,0.0386583100169462,0.2041655205509913,0.0469413277561335,0.0497041231193146,0.4700105466222511,0.0730119744751552
373,373.0,0.0484930516472529,0.0686426512828609,0.0386999489022,0.2042145973418087,0.0468778900181926,0.0499281097018604,0.4700646705767716,0.0730790805290526
374,374.0,0.048463973690538,0.0682986088715216,0.0387419106035454,0.2043606476190995,0.0468064462250368,0.0501234669343988,0.4698962838243832,0.0733086622314764
375,375.0,0.0485287992783457,0.0681572179296374,0.0387946034483887,0.2044093312508172,0.0467494123654409,0.0503441871733063,0.4694798782415912,0.0735365703124724
