,Unnamed: 0,Total_iterations,Intertwine_two,Invert_path_vertices,Insert_inside_vertex,Delete_inside_vertex,Replace_inside_vertex,Donate_between_routes,Trim_one_terminal_cb,Grow_one_terminal_cb
0,0.0,0.0,0.125,0.125,0.125,0.125,0.125,0.125,0.125,0.125
1,1.0,0.10900000000000001,0.125,0.125,0.125,0.125,0.125,0.125,0.125,0.125
2,2.0,0.31601,0.125,0.125,0.125,0.125,0.125,0.125,0.125,0.125
3,3.0,0.6191589000000001,0.125,0.125,0.125,0.125,0.125,0.125,0.125,0.125
4,4.0,1.015801321,0.125,0.125,0.125,0.125,0.125,0.125,0.125,0.125
5,5.0,1.50262148669,0.125,0.125,0.125,0.125,0.125,0.125,0.125,0.125
6,6.0,2.0757334209441005,0.125,0.125,0.125,0.125,0.125,0.125,0.125,0.125
7,7.0,2.7307768275633495,0.125,0.125,0.125,0.125,0.125,0.125,0.125,0.125
8,8.0,3.4630081252450404,0.125,0.125,0.125,0.125,0.125,0.125,0.125,0.125
9,9.0,4.2673862119061114,0.125,0.125,0.125,0.125,0.125,0.125,0.125,0.125
10,10.0,5.138652627782014,0.125,0.125,0.125,0.125,0.125,0.125,0.125,0.125
11,11.0,6.071405875792507,0.125,0.125,0.125,0.125,0.125,0.125,0.125,0.125
12,12.0,7.060169740244025,0.125,0.125,0.125,0.125,0.125,0.125,0.125,0.125
13,13.0,8.099455520847952,0.125,0.125,0.125,0.125,0.125,0.125,0.125,0.125
14,14.0,9.183818168183006,0.125,0.125,0.125,0.125,0.125,0.125,0.125,0.125
15,15.0,10.307906369102724,0.125,0.125,0.125,0.125,0.125,0.125,0.125,0.125
16,16.0,11.466506686239443,0.125,0.125,0.125,0.125,0.125,0.125,0.125,0.125
17,17.0,12.654581904800096,0.125,0.125,0.125,0.125,0.125,0.125,0.125,0.125
18,18.0,13.867303782456686,0.125,0.125,0.125,0.125,0.125,0.125,0.125,0.125
19,19.0,15.100080434523047,0.125,0.125,0.125,0.125,0.125,0.125,0.125,0.125
20,20.0,16.348578617037543,0.125,0.125,0.125,0.125,0.125,0.125,0.125,0.125
21,21.0,17.608741195130214,0.125,0.125,0.125,0.125,0.125,0.125,0.125,0.125
22,22.0,18.876800103462312,0.125,0.125,0.125,0.125,0.125,0.125,0.125,0.125
23,23.0,20.14928511992658,0.125,0.125,0.125,0.125,0.125,0.125,0.125,0.125
24,24.0,21.423028783545156,0.125,0.125,0.125,0.125,0.125,0.125,0.125,0.125
25,25.0,22.695167792966423,0.125,0.125,0.125,0.125,0.125,0.125,0.125,0.125
26,26.0,23.963141223515898,0.125,0.125,0.125,0.125,0.125,0.125,0.125,0.125
27,27.0,25.224685898775267,0.125,0.125,0.125,0.125,0.125,0.125,0.125,0.125
28,28.0,26.477829247520948,0.125,0.125,0.125,0.125,0.125,0.125,0.125,0.125
29,29.0,27.720879968916847,0.125,0.125,0.125,0.125,0.125,0.125,0.125,0.125
30,30.0,28.95241681848399,0.125,0.125,0.125,0.125,0.125,0.125,0.125,0.125
31,31.0,30.17127581490958,0.125,0.125,0.125,0.125,0.125,0.125,0.125,0.125
32,32.0,31.376536153543515,0.125,0.125,0.125,0.125,0.125,0.125,0.125,0.125
33,33.0,32.567505096778625,0.125,0.125,0.125,0.125,0.125,0.125,0.125,0.125
34,34.0,33.74370209472243,0.125,0.125,0.125,0.125,0.125,0.125,0.125,0.125
35,35.0,34.90484237192463,0.125,0.125,0.125,0.125,0.125,0.125,0.125,0.125
36,36.0,36.05082019768737,0.125,0.125,0.125,0.125,0.125,0.125,0.125,0.125
37,37.0,37.18169203889697,0.125,0.125,0.125,0.125,0.125,0.125,0.125,0.125
38,38.0,38.29765977559663,0.125,0.125,0.125,0.125,0.125,0.125,0.125,0.125
39,39.0,39.399054140870355,0.125,0.125,0.125,0.125,0.125,0.125,0.125,0.125
40,40.0,40.48631852820801,0.125,0.125,0.125,0.125,0.125,0.125,0.125,0.125
41,41.0,41.55999329152982,0.125,0.125,0.125,0.125,0.125,0.125,0.125,0.125
42,42.0,42.62070064560415,0.125,0.125,0.125,0.125,0.125,0.125,0.125,0.125
43,43.0,43.669130257815,0.125,0.125,0.125,0.125,0.125,0.125,0.125,0.125
44,44.0,44.70602560622662,0.125,0.125,0.125,0.125,0.125,0.125,0.125,0.125
45,45.0,45.73217116373481,0.125,0.125,0.125,0.125,0.125,0.125,0.125,0.125
46,46.0,46.748380453854836,0.125,0.125,0.125,0.125,0.125,0.125,0.125,0.125
47,47.0,47.755485010424316,0.125,0.125,0.125,0.125,0.125,0.125,0.125,0.125
48,48.0,48.7543242612326,0.125,0.125,0.125,0.125,0.125,0.125,0.125,0.125
49,49.0,49.745736344347726,0.125,0.125,0.125,0.125,0.125,0.125,0.125,0.125
50,50.0,50.730549855707864,0.125,0.125,0.125,0.125,0.125,0.125,0.125,0.125
51,51.0,51.70957651737491,0.125,0.125,0.125,0.125,0.125,0.125,0.125,0.125
52,52.0,52.68360474770151,0.125,0.125,0.125,0.125,0.125,0.125,0.125,0.125
53,53.0,53.65339410751842,0.125,0.125,0.125,0.125,0.125,0.125,0.125,0.125
54,54.0,54.61967059027847,0.125,0.125,0.125,0.125,0.125,0.125,0.125,0.125
55,55.0,55.58312271885972,0.125,0.125,0.125,0.125,0.125,0.125,0.125,0.125
56,56.0,56.544398407394254,0.125,0.125,0.125,0.125,0.125,0.125,0.125,0.125
57,57.0,57.504102543001395,0.125,0.125,0.125,0.125,0.125,0.125,0.125,0.125
58,58.0,58.462795239617805,0.125,0.125,0.125,0.125,0.125,0.125,0.125,0.125
59,59.0,59.42099071417639,0.125,0.125,0.125,0.125,0.125,0.125,0.125,0.125
60,60.0,60.379156734137354,0.125,0.125,0.125,0.125,0.125,0.125,0.125,0.125
61,61.0,61.337714584760846,0.125,0.125,0.125,0.125,0.125,0.125,0.125,0.125
62,62.0,62.29703950447439,0.125,0.125,0.125,0.125,0.125,0.125,0.125,0.125
63,63.0,63.257461537171835,0.125,0.125,0.125,0.125,0.125,0.125,0.125,0.125
64,64.0,64.21926675122782,0.125,0.125,0.125,0.125,0.125,0.125,0.125,0.125
65,65.0,65.18269877636592,0.125,0.125,0.125,0.125,0.125,0.125,0.125,0.125
66,66.0,66.14796061122655,0.125,0.125,0.125,0.125,0.125,0.125,0.125,0.125
67,67.0,67.11521665648885,0.125,0.125,0.125,0.125,0.125,0.125,0.125,0.125
68,68.0,68.08459493066005,0.125,0.125,0.125,0.125,0.125,0.125,0.125,0.125
69,69.0,69.05618942810752,0.125,0.125,0.125,0.125,0.125,0.125,0.125,0.125
70,70.0,70.03006258152917,0.125,0.125,0.125,0.125,0.125,0.125,0.125,0.125
71,71.0,71.00624779379335,0.125,0.125,0.125,0.125,0.125,0.125,0.125,0.125
72,72.0,71.98475200689319,0.125,0.125,0.125,0.125,0.125,0.125,0.125,0.125
73,73.0,72.96555827861411,0.125,0.125,0.125,0.125,0.125,0.125,0.125,0.125
74,74.0,73.94862834037681,0.125,0.125,0.125,0.125,0.125,0.125,0.125,0.125
75,75.0,74.93390511255946,0.125,0.125,0.125,0.125,0.125,0.125,0.125,0.125
76,76.0,75.92131515639825,0.125,0.125,0.125,0.125,0.125,0.125,0.125,0.125
77,77.0,76.91077104428919,0.125,0.125,0.125,0.125,0.125,0.125,0.125,0.125
78,78.0,77.90217363294813,0.125,0.125,0.125,0.125,0.125,0.125,0.125,0.125
79,79.0,78.89541422641172,0.125,0.125,0.125,0.125,0.125,0.125,0.125,0.125
80,80.0,79.89037661826481,0.125,0.125,0.125,0.125,0.125,0.125,0.125,0.125
81,81.0,80.88693900474995,0.125,0.125,0.125,0.125,0.125,0.125,0.125,0.125
82,82.0,81.88497576253909,0.125,0.125,0.125,0.125,0.125,0.125,0.125,0.125
83,83.0,82.88435908692391,0.125,0.125,0.125,0.125,0.125,0.125,0.125,0.125
84,84.0,83.88496048800103,0.125,0.125,0.125,0.125,0.125,0.125,0.125,0.125
85,85.0,84.88665214409042,0.125,0.125,0.125,0.125,0.125,0.125,0.125,0.125
86,86.0,85.88930811312994,0.125,0.125,0.125,0.125,0.125,0.125,0.125,0.125
87,87.0,86.89280540413424,0.125,0.125,0.125,0.125,0.125,0.125,0.125,0.125
88,88.0,87.89702491199675,0.125,0.125,0.125,0.125,0.125,0.125,0.125,0.125
89,89.0,88.90185221995306,0.125,0.125,0.125,0.125,0.125,0.125,0.125,0.125
90,90.0,89.90717827491419,0.125,0.125,0.125,0.125,0.125,0.125,0.125,0.125
91,91.0,90.91289994163006,0.125,0.125,0.125,0.125,0.125,0.125,0.125,0.125
92,92.0,91.91892044225806,0.125,0.125,0.125,0.125,0.125,0.125,0.125,0.125
93,93.0,92.92514968840067,0.125,0.125,0.125,0.125,0.125,0.125,0.125,0.125
94,94.0,93.93150451304501,0.125,0.125,0.125,0.125,0.125,0.125,0.125,0.125
95,95.0,94.93790881009448,0.125,0.125,0.125,0.125,0.125,0.125,0.125,0.125
96,96.0,95.94429358933806,0.125,0.125,0.125,0.125,0.125,0.125,0.125,0.125
97,97.0,96.9505969547639,0.125,0.125,0.125,0.125,0.125,0.125,0.125,0.125
98,98.0,97.9567640140995,0.125,0.125,0.125,0.125,0.125,0.125,0.125,0.125
99,99.0,98.96274672736057,0.125,0.125,0.125,0.125,0.125,0.125,0.125,0.125
100,100.0,99.96850370202192,0.125,0.125,0.125,0.125,0.125,0.125,0.125,0.125
101,101.0,100.97399994219691,0.125,0.125,0.125,0.125,0.125,0.125,0.125,0.125
102,102.0,101.97920655893245,0.125,0.125,0.125,0.125,0.125,0.125,0.125,0.125
103,103.0,102.98410044840509,0.125,0.125,0.125,0.125,0.125,0.125,0.125,0.125
104,104.0,103.98866394444643,0.125,0.125,0.125,0.125,0.125,0.125,0.125,0.125
105,105.0,104.99288445143917,0.125,0.125,0.125,0.125,0.125,0.125,0.125,0.125
106,106.0,105.99675406321822,0.125,0.125,0.125,0.125,0.125,0.125,0.125,0.125
107,107.0,107.0002691731872,0.125,0.125,0.125,0.125,0.125,0.125,0.125,0.125
108,108.0,108.0034300804274,0.125,0.125,0.125,0.125,0.125,0.125,0.125,0.125
109,109.0,109.00624059613932,0.125,0.125,0.125,0.125,0.125,0.125,0.125,0.125
110,110.0,110.00870765431864,0.125,0.125,0.125,0.125,0.125,0.125,0.125,0.125
111,111.0,111.01084093013685,0.125,0.125,0.125,0.125,0.125,0.125,0.125,0.125
112,112.0,112.01265246907188,0.125,0.125,0.125,0.125,0.125,0.125,0.125,0.125
113,113.0,113.01415632942268,0.125,0.125,0.125,0.125,0.125,0.125,0.125,0.125
114,114.0,114.01536824044418,0.125,0.125,0.125,0.125,0.125,0.125,0.125,0.125
115,115.0,115.01630527795908,0.125,0.125,0.125,0.125,0.125,0.125,0.125,0.125
116,116.0,116.0169855589429,0.125,0.125,0.125,0.125,0.125,0.125,0.125,0.125
117,117.0,117.01742795623892,0.125,0.125,0.125,0.125,0.125,0.125,0.125,0.125
118,118.0,118.01765183424293,0.125,0.125,0.125,0.125,0.125,0.125,0.125,0.125
119,119.0,119.01767680610413,0.125,0.125,0.125,0.125,0.125,0.125,0.125,0.125
120,120.0,120.01752251271817,0.125,0.125,0.125,0.125,0.125,0.125,0.125,0.125
121,121.0,121.01720842354362,0.125,0.125,0.125,0.125,0.125,0.125,0.125,0.125
122,122.0,122.01675365905109,0.125,0.125,0.125,0.125,0.125,0.125,0.125,0.125
123,123.0,123.0161768344173,0.125,0.125,0.125,0.125,0.125,0.125,0.125,0.125
124,124.0,124.01549592390272,0.125,0.125,0.125,0.125,0.125,0.125,0.125,0.125
125,125.0,125.01472814520056,0.125,0.125,0.125,0.125,0.125,0.125,0.125,0.125
126,126.0,126.01388986291661,0.125,0.125,0.125,0.125,0.125,0.125,0.125,0.125
127,127.0,127.0129965102319,0.125,0.125,0.125,0.125,0.125,0.125,0.125,0.125
128,128.0,128.01206252771334,0.125,0.125,0.125,0.125,0.125,0.125,0.125,0.125
129,129.0,129.0111013181695,0.125,0.125,0.125,0.125,0.125,0.125,0.125,0.125
130,130.0,130.01012521639834,0.125,0.125,0.125,0.125,0.125,0.125,0.125,0.125
131,131.0,131.0091454726403,0.125,0.125,0.125,0.125,0.125,0.125,0.125,0.125
132,132.0,132.0081722485317,0.125,0.125,0.125,0.125,0.125,0.125,0.125,0.125
133,133.0,133.00721462434865,0.125,0.125,0.125,0.125,0.125,0.125,0.125,0.125
134,134.0,134.0062806163404,0.125,0.125,0.125,0.125,0.125,0.125,0.125,0.125
135,135.0,135.00537720296956,0.125,0.125,0.125,0.125,0.125,0.125,0.125,0.125
136,136.0,136.00451035890612,0.125,0.125,0.125,0.125,0.125,0.125,0.125,0.125
137,137.0,137.00368509565993,0.125,0.125,0.125,0.125,0.125,0.125,0.125,0.125
138,138.0,138.0029055077818,0.125,0.125,0.125,0.125,0.125,0.125,0.125,0.125
139,139.0,139.00217482361367,0.125,0.125,0.125,0.125,0.125,0.125,0.125,0.125
140,140.0,140.0014954596262,0.125,0.125,0.125,0.125,0.125,0.125,0.125,0.125
141,141.0,141.00086907744122,0.125,0.125,0.125,0.125,0.125,0.125,0.125,0.125
142,142.0,142.0002966427003,0.125,0.125,0.125,0.125,0.125,0.125,0.125,0.125
143,143.0,142.99977848500652,0.125,0.125,0.125,0.125,0.125,0.125,0.125,0.125
144,144.0,143.99931435823203,0.125,0.125,0.125,0.125,0.125,0.125,0.125,0.125
145,145.0,144.99890350055264,0.125,0.125,0.125,0.125,0.125,0.125,0.125,0.125
146,146.0,145.9985446936357,0.125,0.125,0.125,0.125,0.125,0.125,0.125,0.125
147,147.0,146.99823632047406,0.125,0.125,0.125,0.125,0.125,0.125,0.125,0.125
148,148.0,147.99797642142389,0.125,0.125,0.125,0.125,0.125,0.125,0.125,0.125
149,149.0,148.99776274806447,0.125,0.125,0.125,0.125,0.125,0.125,0.125,0.125
150,150.0,149.99759281456036,0.125,0.125,0.125,0.125,0.125,0.125,0.125,0.125
151,151.0,150.99746394626104,0.125,0.125,0.125,0.125,0.125,0.125,0.125,0.125
152,152.0,151.99737332532905,0.125,0.125,0.125,0.125,0.125,0.125,0.125,0.125
153,153.0,152.99731803323698,0.125,0.125,0.125,0.125,0.125,0.125,0.125,0.125
154,154.0,153.99729509002177,0.125,0.125,0.125,0.125,0.125,0.125,0.125,0.125
155,155.0,154.99730149022784,0.125,0.125,0.125,0.125,0.125,0.125,0.125,0.125
156,156.0,155.99733423551103,0.125,0.125,0.125,0.125,0.125,0.125,0.125,0.125
157,157.0,156.99739036391077,0.125,0.125,0.125,0.125,0.125,0.125,0.125,0.125
158,158.0,157.99746697583146,0.125,0.125,0.125,0.125,0.125,0.125,0.125,0.125
159,159.0,158.99756125680176,0.125,0.125,0.125,0.125,0.125,0.125,0.125,0.125
160,160.0,159.997670497107,0.125,0.125,0.125,0.125,0.125,0.125,0.125,0.125
161,161.0,160.99779210841066,0.125,0.125,0.125,0.125,0.125,0.125,0.125,0.125
162,162.0,161.99792363749984,0.125,0.125,0.125,0.125,0.125,0.125,0.125,0.125
163,163.0,162.9980627773051,0.125,0.125,0.125,0.125,0.125,0.125,0.125,0.125
164,164.0,163.9982073753568,0.125,0.125,0.125,0.125,0.125,0.125,0.125,0.125
165,165.0,164.99835543984977,0.125,0.125,0.125,0.125,0.125,0.125,0.125,0.125
166,166.0,165.99850514349492,0.125,0.125,0.125,0.125,0.125,0.125,0.125,0.125
167,167.0,166.99865482534062,0.125,0.125,0.125,0.125,0.125,0.125,0.125,0.125
168,168.0,167.99880299074837,0.125,0.125,0.125,0.125,0.125,0.125,0.125,0.125
169,169.0,168.99894830970783,0.125,0.125,0.125,0.125,0.125,0.125,0.125,0.125
170,170.0,169.99908961367427,0.125,0.125,0.125,0.125,0.125,0.125,0.125,0.125
171,171.0,170.99922589110733,0.125,0.125,0.125,0.125,0.125,0.125,0.125,0.125
172,172.0,171.99935628188598,0.125,0.125,0.125,0.125,0.125,0.125,0.125,0.125
173,173.0,172.99948007076793,0.125,0.125,0.125,0.125,0.125,0.125,0.125,0.125
174,174.0,173.99959668005403,0.125,0.125,0.125,0.125,0.125,0.125,0.125,0.125
175,175.0,174.99970566161096,0.125,0.125,0.125,0.125,0.125,0.125,0.125,0.125
176,176.0,175.9998066883961,0.125,0.125,0.125,0.125,0.125,0.125,0.125,0.125
177,177.0,176.99989954561875,0.125,0.125,0.125,0.125,0.125,0.125,0.125,0.125
178,178.0,177.99998412166295,0.125,0.125,0.125,0.125,0.125,0.125,0.125,0.125
179,179.0,179.00006039888612,0.125,0.125,0.125,0.125,0.125,0.125,0.125,0.125
180,180.0,180.0001284443981,0.125,0.125,0.125,0.125,0.125,0.125,0.125,0.125
181,181.0,181.00018840091488,0.125,0.125,0.125,0.125,0.125,0.125,0.125,0.125
182,182.0,182.00024047777083,0.125,0.125,0.125,0.125,0.125,0.125,0.125,0.125
183,183.0,183.0002849421635,0.125,0.125,0.125,0.125,0.125,0.125,0.125,0.125
184,184.0,184.00032211069524,0.125,0.125,0.125,0.125,0.125,0.125,0.125,0.125
185,185.0,185.00035234126688,0.125,0.125,0.125,0.125,0.125,0.125,0.125,0.125
186,186.0,186.01037602536866,0.125,0.125,0.125,0.125,0.125,0.125,0.125,0.125
187,187.0,187.02029358080662,0.125,0.125,0.125,0.125,0.125,0.125,0.125,0.125
188,188.0,188.0300164448927,0.125,0.125,0.125,0.125,0.125,0.125,0.125,0.125
189,189.0,189.03946685812124,0.125,0.125,0.125,0.125,0.125,0.125,0.125,0.125
190,190.0,190.0485775614457,0.125,0.125,0.125,0.125,0.125,0.125,0.125,0.125
191,191.0,191.0572914188233,0.125,0.125,0.125,0.125,0.125,0.125,0.125,0.125
192,192.0,192.0655609762749,0.125,0.125,0.125,0.125,0.125,0.125,0.125,0.125
193,193.0,193.07334796821857,0.125,0.125,0.125,0.125,0.125,0.125,0.125,0.125
194,194.0,194.08062278128568,0.125,0.125,0.125,0.125,0.125,0.125,0.125,0.125
195,195.0,195.08736388523323,0.125,0.125,0.125,0.125,0.125,0.125,0.125,0.125
196,196.0,196.09355723993372,0.125,0.125,0.125,0.125,0.125,0.125,0.125,0.125
197,197.0,197.0991956867648,0.125,0.125,0.125,0.125,0.125,0.125,0.125,0.125
198,198.0,198.1042783320451,0.125,0.125,0.125,0.125,0.125,0.125,0.125,0.125
199,199.0,199.10880992947696,0.125,0.125,0.125,0.125,0.125,0.125,0.125,0.125
200,200.0,200.11280026787085,0.12470933562428409,0.1258204467353952,0.12470933562428409,0.1258204467353952,0.12470933562428409,0.12470933562428409,0.12481242840778924,0.12470933562428409
201,201.0,201.11626356974665,0.12515895428618184,0.12624988399139725,0.12404784317507073,0.12614784317507072,0.12404784317507073,0.12404784317507073,0.12625194584706737,0.12404784317507073
202,202.0,202.11921790573743,0.12520265233680167,0.12719289537947326,0.12310265233680166,0.12698983415498344,0.12310265233680166,0.12310265233680166,0.12720400878153512,0.12410265233680165
203,203.0,203.12168462907172,0.12516846364464393,0.12788869337253506,0.12209946364464391,0.12857138879615904,0.12209946364464391,0.12209946364464391,0.12798359960808647,0.1240894636446439
204,204.0,204.12368783378187,0.12488677984316904,0.12827637000148212,0.1209672789340781,0.12990180278512706,0.12187636984316902,0.1209672789340781,0.12928664981572768,0.12383746984316901
205,205.0,205.12525383968318,0.12445498080113697,0.12856199816557398,0.11979407256780361,0.13020524035957284,0.12152740590113696,0.11979407256780361,0.13138601140250183,0.12427621823447028
206,206.0,206.12641070659754,0.12382479696542471,0.12868124810797693,0.11852400045337574,0.1302521107059501,0.1210010494044247,0.11852400045337574,0.1347422484258167,0.12445054548365546
207,207.0,207.12718777975448,0.12314183252322128,0.1287113367132074,0.11724122144852565,0.13013345265945278,0.12043976704293127,0.11724122144852565,0.13775963078530487,0.12533153737883126
208,208.0,208.12761526779818,0.12251455558610859,0.12876046197700927,0.11584566812306539,0.13012632151193107,0.11984376147536574,0.11605619443885487,0.14071452979491003,0.1261385070927552
209,209.0,209.12772385435954,0.12190886888401208,0.1287885275845394,0.11451724583758446,0.13009009775392077,0.11928240063117962,0.11493619320600552,0.14354594340317642,0.12693072269958186
210,210.0,210.12754434372115,0.12105857193772118,0.1293971274977499,0.11315263560104966,0.13057750343350139,0.11859299848164168,0.11377602507473386,0.14596318073943,0.1274819572341725
211,211.0,211.12710734070941,0.12022765582806638,0.12996697962258744,0.11185703849755207,0.13035747756708352,0.11793154342362536,0.11267705162035908,0.14898571618802808,0.12799653725269822
212,212.0,212.12644296459175,0.11931897007829781,0.13029723944405125,0.1105330746716964,0.13061579935982962,0.1171983337443758,0.11164362729800133,0.1527927253205813,0.12760023008316665
213,213.0,213.12558059643993,0.11845231764553116,0.1306001165001211,0.10929879307473829,0.13085074659089574,0.11651081613841549,0.11069065356297984,0.15641322214332531,0.1271833343439932
214,214.0,214.1245486591389,0.11811430457953677,0.13060746315391855,0.1080206635378528,0.13152254288478724,0.11558367998144614,0.10968271033200647,0.15928203387139458,0.1271866016590576
215,215.0,215.12337442897655,0.11746762660246601,0.1302009198606676,0.10656955983622503,0.13357799800303943,0.11439784015730693,0.1084859257712737,0.1625187767148769,0.12678135305414454
216,216.0,216.12208387754066,0.11668838113346823,0.12956762720700526,0.10511363721292039,0.13586568705320554,0.11312810751464883,0.10785857425443968,0.16562599357462268,0.12615199204968952
217,217.0,217.12070154247297,0.115921072021442,0.1287252626461526,0.10362317414444075,0.1387210886989609,0.11168185343881903,0.10717581158567813,0.16877001190483187,0.1253817255596748
218,218.0,218.11925042548734,0.11504438457384822,0.1277661482715461,0.10208263332335293,0.1415369792079368,0.11015016408126785,0.10732210928737557,0.17170552063219222,0.12439206062248044
219,219.0,219.11775191594538,0.11404924975636777,0.12706663220920958,0.10048381910522747,0.14404937280416238,0.10852837349306704,0.10736606032771018,0.17521152632777412,0.12324496597648157
220,220.0,220.11622573819818,0.11290628760798808,0.12610865166444135,0.09879555274395513,0.1464279036123588,0.10778780638426026,0.10719143533139038,0.1788667922536726,0.12191557040193352
221,221.0,221.11468992084372,0.11174550741099284,0.12493058283953434,0.0971474590451733,0.14964787603025478,0.10705154300570616,0.10692971433383401,0.18200812245935807,0.12053919487514664
222,222.0,222.11316078601627,0.10955988713452504,0.12263481547077051,0.09453159004193222,0.15158578997522482,0.10530610398047648,0.10557455976019905,0.18788004878831677,0.1229272048485553
223,223.0,223.11165295681138,0.10736305668510802,0.12081094649217952,0.09196017165052167,0.15340554063735423,0.1035591509593025,0.10423998771147264,0.1933489847522546,0.125312161111807
224,224.0,224.1101793809589,0.10517845760184719,0.11887755645902578,0.08945482521098899,0.15558707109171602,0.10245365708930669,0.1028488283491579,0.19816631896881962,0.12743328522913802
225,225.0,225.10875136888205,0.10304815834805575,0.11747415099323207,0.08715544260163795,0.15730355897778026,0.10125871229728507,0.10144283290145076,0.2027253846375647,0.12959175924299365
226,226.0,226.10737864432406,0.10139220972143345,0.11562707271673259,0.08548463116946926,0.15836912333633527,0.09968610140834913,0.10044579023757258,0.20777773233142116,0.1312173390786868
227,227.0,227.10606940577867,0.09968584745413944,0.11389048552342493,0.08390313309600321,0.15911980863396083,0.09814728745071566,0.09940371245157469,0.2131882255567435,0.13266149983343797
228,228.0,228.10483039703,0.09792829482820306,0.11205387287846398,0.08238033231834854,0.15936565828661065,0.09559664935626516,0.09827453725324951,0.22045893666892408,0.13394171840993524
229,229.0,229.10366698518592,0.09617417050755342,0.11013596902575334,0.08089367183949453,0.15987139951526622,0.09301827953663727,0.09707263159880461,0.22781529015530033,0.1350185878211905
230,230.0,230.10258324467438,0.09453640576315644,0.1082778126598549,0.07963395650667981,0.16011562584784195,0.0905630857970179,0.09593910952312568,0.2349365211827425,0.135997482719581
231,231.0,231.10158204576726,0.09292816701396742,0.10587454430530006,0.07841256736564087,0.16053358557031686,0.0881484304926422,0.09478936514570199,0.2426831327071761,0.13663020739925472
232,232.0,232.10066514629318,0.09132472253062587,0.1035128502720402,0.07727315035723721,0.1612182049943005,0.08583007422746276,0.09363542132903306,0.25012086435831854,0.13708471193098207
233,233.0,233.0998332853036,0.08975347464081597,0.1012220290352762,0.07622953563793623,0.16159276415348076,0.08363260097618316,0.09250067626791354,0.2577620006500356,0.13730691863835875
234,234.0,234.0990862775599,0.08812996760046034,0.09901742452874492,0.07600533007298414,0.1617708737139223,0.08103477966207306,0.0913963380740545,0.2652629446182257,0.13738234172953528
235,235.0,235.098423107815,0.08646952916807896,0.09758512023524347,0.07575801708367877,0.16202564710972622,0.07848693252990299,0.09020894943724565,0.2722335158443259,0.13723228859179823
236,236.0,236.0978420239664,0.0848441985563083,0.09592765083943071,0.07554424754474184,0.16243506632611446,0.07606153294847719,0.08948662145345064,0.27887474096324255,0.1368259413682345
237,237.0,237.09734062826303,0.08325675666325874,0.09432226152942991,0.07533625290810694,0.16286859483875654,0.07376106143302208,0.08872989326104327,0.28554852388295543,0.13617665548342725
238,238.0,238.09691596584736,0.08171709821793983,0.09268098888647368,0.0755676627814735,0.16315982530154965,0.07159440372678491,0.0879472990183908,0.29181301356806,0.13551970849932776
239,239.0,239.09656461001478,0.0806635067567646,0.09155082132177683,0.07580841605036875,0.16325660245625695,0.06958424967024808,0.08715625751858329,0.29718795565628897,0.13479219056971267
240,240.0,240.0962827436653,0.0797283098623572,0.09053088041320126,0.07608555419396261,0.1632499140212721,0.06774806300009872,0.08642692942949755,0.3022321139461536,0.13399823513345716
241,241.0,241.09606623651416,0.07883381811299527,0.0895627136500181,0.07673342083847295,0.16355699032652404,0.06605918103439917,0.0856884692583103,0.30643899893885385,0.13312640784042648
242,242.0,242.095910717713,0.07792026729662606,0.08857049366958512,0.0783792439627393,0.16356094104668706,0.06441012350731959,0.08488453619990177,0.31019162523456756,0.13208276908257371
243,243.0,243.09581164361478,0.0771229643298731,0.08692090796212734,0.0800303604254699,0.16366185903550706,0.06293766405202791,0.08415398237533726,0.3141538541565879,0.13101840766306969
244,244.0,244.09576436049022,0.0764753148298701,0.08539072093072043,0.08120550504933671,0.16373322639115903,0.061620482157789064,0.08299493581980134,0.3186474978440187,0.12993231697730484
245,245.0,245.09576416207324,0.077073698394411,0.08376268130800396,0.08202878640485076,0.1648253303156499,0.06027912060852421,0.08168358011017757,0.32169478287670683,0.128652019981676
246,246.0,246.09580634187722,0.07787344093507804,0.08210526972476391,0.08257621985236692,0.16572212379692194,0.05898069792428455,0.08030369399217425,0.32517580099620913,0.12726275277820148
247,247.0,247.09588624028203,0.07864655314326426,0.08078714324483569,0.08303062579172465,0.1668883103976492,0.057814232720006534,0.07895544364159196,0.3280087870273601,0.12586890403356787
248,248.0,248.09599928644354,0.07923846662058288,0.07983226958152745,0.0832589400763109,0.16772069257657946,0.056706489676600566,0.07792145033020267,0.33090923620954843,0.12441245492864786
249,249.0,249.09614103512448,0.07968377195712788,0.07889974402764682,0.08328254165763668,0.16925826318836817,0.05567154289839706,0.0769013198372831,0.3333804105537307,0.12292240587980985
250,250.0,250.09630719858606,0.08031223455247197,0.07797534018216835,0.08311960131956252,0.17059119260407357,0.0547090755684364,0.07586599776907334,0.3360007815415136,0.12142577646270045
251,251.0,251.0964936737156,0.08080411083209117,0.07740841940642217,0.08279589574844691,0.17180974651330455,0.053826528993600936,0.0748634555649502,0.33789474120061314,0.12059710174057112
252,252.0,252.09669656459505,0.08170375620166832,0.07750660749603551,0.08224994437869702,0.1727682782949964,0.05293852708070235,0.07389681905098126,0.3392783239549332,0.11965774354198605
253,253.0,253.0969122007406,0.0827339945390181,0.07770041464243123,0.08216092997478924,0.17360725892223183,0.052125318430530976,0.07296199512535409,0.34002142355554404,0.11868866481010062
254,254.0,254.0971371512642,0.08363892355855511,0.07841567820847792,0.08194485183766813,0.1741015379426063,0.05139182252591924,0.07204517212899696,0.34019730591274716,0.11826470788502931
255,255.0,255.09736823522277,0.08432409492391149,0.07910782098817583,0.08161560696108146,0.174475341459346,0.05096388629839352,0.07115173736973633,0.34003005734935043,0.11833145465000507
256,256.0,256.09760252843324,0.08461052824813872,0.0798233406026351,0.08120031875992786,0.17513812730638262,0.05062371218424286,0.0703268790495412,0.33991538834241863,0.11836170550671316
257,257.0,257.0978373670383,0.08482528887134506,0.08023675505888633,0.08075531481462099,0.17578248138342398,0.05067456681564522,0.06958651156302209,0.3396946978687491,0.11844438362430737
258,258.0,258.09807034811257,0.08500345816040343,0.08064233762932586,0.08030244427228031,0.17551950057063176,0.05081100029648104,0.06890171894086486,0.339747253227387,0.11907228690262582
259,259.0,259.0982993275983,0.08545178869672872,0.08076374345370278,0.07984928903775752,0.17509418918040975,0.05102077600540564,0.06830059189743541,0.3397923728423908,0.11972724888616945
260,260.0,260.0985224158594,0.08587356124677348,0.08089139727297211,0.07939943829596025,0.1747061076507621,0.05129366257808737,0.0677802612241907,0.33965664249443617,0.12039892923681783
261,261.0,261.0987379711358,0.08622504734690561,0.08098028664404133,0.07891444886971631,0.1741377668783694,0.05157817600484999,0.06729568405408501,0.3398323724660661,0.12103621773596619
262,262.0,262.09894459117317,0.08651000981311371,0.0810327289874665,0.07840250065329857,0.17361594058177857,0.05187028768611384,0.06684837984050412,0.34008426234575806,0.1216358900919666
263,263.0,263.0991411032951,0.0861003562347419,0.08222518334374984,0.07751487539067502,0.17325192295650585,0.05224547402021367,0.06648439126950195,0.34060810582237133,0.1215696909622404
264,264.0,264.0993265531719,0.08563295338673271,0.08333940631026437,0.07661271042832213,0.1727324983444919,0.05261454586511925,0.0661528624171704,0.3415490745611902,0.121365948686709
265,265.0,265.0995001925294,0.08510164370145765,0.08433875132424457,0.07539438117840877,0.17247264754484287,0.0529655058369254,0.06582138306122035,0.3426624310627095,0.12124325629019089
266,266.0,266.09966146602574,0.08455185732180019,0.08559640006731274,0.07365002383415632,0.17227700581213296,0.05332973932547382,0.06555315866345832,0.34381655765950425,0.12122525731616138
267,267.0,267.0998099975122,0.08392102202202402,0.08718205325196818,0.07191032693294519,0.17197123142748455,0.053659527794755545,0.06530594983262891,0.34497510617576366,0.12107478256242996
268,268.0,268.0999455758749,0.08320532312837166,0.08858463180893375,0.07077086003873626,0.17142280225799741,0.05394555659978418,0.06504875158019714,0.34661011099167105,0.12041196359430852
269,269.0,269.10006814064263,0.08248647705294634,0.08990197727195477,0.06969619969561779,0.1710670247878182,0.05422697021514348,0.06481478237135903,0.3480599491022044,0.11974661950295595
270,270.0,270.10017776752716,0.08177443862807467,0.09113434280258559,0.06869341000565349,0.1709139634022067,0.05450735883147637,0.06460581764654566,0.349275924979931,0.11909474370352655
271,271.0,271.1002746540479,0.08105429660323785,0.0922119647296047,0.0677391979849308,0.1707735908110233,0.05476300757472637,0.06439942097105789,0.3506180266883926,0.11844049463702648
272,272.0,272.10035910537607,0.08026379516510952,0.09377285627225113,0.06666694659982839,0.1710085192256903,0.055013692334308854,0.06414608886458065,0.35199843525925056,0.11712966627898064
273,273.0,273.1004315205177,0.07916730997806426,0.09509675125141018,0.0653087661589302,0.17140619649252475,0.0552139969716364,0.06441340839227648,0.3536258282426628,0.115767742512495
274,274.0,274.10049237894003,0.07798532695703701,0.09665894583451368,0.06394612806495495,0.17205578624338758,0.05533809010992631,0.06460544330328324,0.35551580764093793,0.11389447184595936
275,275.0,275.1005422277307,0.07672385427385672,0.0979101786509577,0.06258477904777772,0.17245663925468385,0.05573639819975137,0.06471389684174864,0.3577623633936605,0.11211189033756352
276,276.0,276.100581669365,0.07547130993449827,0.09923509282612852,0.061306900495166045,0.1727176634912632,0.05610053981508821,0.06481910021341464,0.35996716354997804,0.11038222967446311
277,277.0,277.10061135014223,0.07438381548612337,0.10039626673987666,0.06010930797736772,0.17277301579572893,0.056426650413777056,0.0649163766827797,0.36228056574332645,0.10871400116102009
278,278.0,278.1006319493403,0.07330430594844435,0.10150481040386541,0.05898234493559017,0.17286852535651973,0.05668913989962735,0.06499142899176723,0.3645553748536441,0.10710406961054168
279,279.0,279.1006441691252,0.07244466574537874,0.10241285077220383,0.057928282925732114,0.17289360521089367,0.05688493082128913,0.06503332261436248,0.3668478066380884,0.10555453527205168
280,280.0,280.1006487252403,0.07159642300559461,0.10312609842736632,0.056948659627807804,0.17299547618150096,0.057112263791333724,0.06504199335427603,0.3691064686140797,0.10407261699804093
281,281.0,281.1006463384915,0.07077655782351784,0.10368415957279746,0.055554246025401585,0.1737835513363699,0.057301040341141696,0.06503763375807742,0.3711824381641556,0.10268037297853863
282,282.0,282.1006377270327,0.06997761555365022,0.10396701467938428,0.05423920180134126,0.1745054884155752,0.05743171065322426,0.06500988714359024,0.3734976345615057,0.101371447191729
283,283.0,283.1006235994494,0.069204578608724,0.1040977390703754,0.05301024996446431,0.1754601615148151,0.057518277081877435,0.06495695813261941,0.3754479603682663,0.10030407525885823
284,284.0,284.10060464863,0.06846892139889757,0.1037897374378519,0.05187804729250611,0.17622102790844868,0.05757425365596125,0.06489340209503912,0.37783505383040067,0.09933955638089487
285,285.0,285.1005815464062,0.06790170401768171,0.10335656976390678,0.050837019536512366,0.17685747141442282,0.057594026290876635,0.06480790377407517,0.38017678901749463,0.09846851618503007
286,286.0,286.1005549389407,0.06735982141097475,0.10289502383530655,0.049883123236941274,0.17748457604940843,0.05740859803505399,0.06469364611012308,0.3825938011269776,0.09768141019521441
287,287.0,287.10052544283235,0.06686551988758777,0.10234464432402955,0.04902109246545355,0.1780237379406653,0.05719885563385047,0.06456117780732062,0.385006781991544,0.09697818994954888
288,288.0,288.10049364190655,0.06638704490091253,0.10168193750112066,0.04823592049161014,0.17854912211490803,0.05694192393107278,0.06439841942637901,0.3876756993648094,0.09612993226918756
289,289.0,289.10046008465423,0.06593088358768552,0.10093167282617,0.04753172458712654,0.17919647617155224,0.056649435587317054,0.06421821591176616,0.39018521136883855,0.09535637995954406
290,290.0,290.10042528228064,0.06542447162409369,0.10012209482889642,0.04691000366548756,0.1797746150435155,0.05633398543841569,0.06402632827973886,0.39260342888613686,0.09480507223371551
291,291.0,291.1003897073216,0.06474871364307949,0.09924847841124146,0.046357363714246355,0.1801531415817793,0.05598871589610495,0.06380914560313543,0.39546067020254094,0.09423377094787216
292,292.0,292.1003537927852,0.06359762432241643,0.09882013916069428,0.04586942549221635,0.18113305464353222,0.05561296718523903,0.06357583723282917,0.39774896606519805,0.09364198589787451
293,293.0,293.1003179317746,0.06246950267337528,0.09832941708665598,0.04544004165557073,0.182066839866238,0.055208576481400824,0.06331743532451095,0.4001401243795169,0.09302806253273135
294,294.0,294.10028247754735,0.06137029036714336,0.09787135918435946,0.045065682346106375,0.18286350059870743,0.0549687628320419,0.06303635084471178,0.40243059613341553,0.09239345769351422
295,295.0,295.1002477439673,0.06031909498722693,0.09737634618072868,0.04474615923309106,0.18345069369607617,0.054714331360087444,0.06273853446510863,0.40491148015423073,0.09174335992345035
296,296.0,296.10021400630563,0.059337827266101234,0.09688053977345412,0.04449077610438679,0.18403218801390903,0.0544614881486227,0.06245156261042182,0.4071788303870483,0.09116678769605607
297,297.0,297.100181502347,0.058403615495641825,0.09635779092024781,0.044285423671146684,0.18470503218804907,0.05419527883617476,0.062159754840897294,0.4091176078992841,0.0907754961485585
298,298.0,298.10015043376086,0.05775243166625927,0.09581131528587557,0.04412212457298587,0.18553195055279698,0.05392011818376172,0.06185661260646858,0.41064153583475965,0.09036391129709237
299,299.0,299.1001209676957,0.057156220529956954,0.09538837646077428,0.044001973216376306,0.18629470302445014,0.053458742330267386,0.06155379886543486,0.4122075082294253,0.08993867734331472
300,300.0,300.1000932385601,0.05660521063219681,0.09495323401250104,0.04392233355371378,0.18720940844090883,0.05299808866905305,0.06147189757074039,0.41326983612209467,0.08956999099879143
301,301.0,301.10006734995244,0.05621631162918359,0.09450722022814187,0.04387374000071675,0.18801384399430351,0.05253869041935949,0.06137837807460993,0.414285123104878,0.08918669254880693
302,302.0,302.100043376706,0.05589524467979179,0.09419898033482095,0.04386705303433909,0.18869533594417381,0.052103535178772066,0.06130315611282965,0.4150720680396477,0.08886462667562496
303,303.0,303.1000213670172,0.05590101357935595,0.09349657047741354,0.043918788691461326,0.18943285820347272,0.05171214188678511,0.06107314856296246,0.4159960050161038,0.08846947358244515
304,304.0,304.10000134462706,0.05591428596338084,0.09268964992146154,0.04396579070543923,0.19066401954402923,0.0513059358989748,0.060790564880304716,0.41666637336222534,0.08800337972418436
305,305.0,305.0999833110297,0.05584591689468094,0.0917938096273341,0.044006907059504746,0.1921988712522321,0.05088923395811532,0.060461952798778695,0.4173305006993592,0.08747280770999499
306,306.0,306.0999672476818,0.0557632872162327,0.09080007835022373,0.044202293734897695,0.19363644241417718,0.05045380250410085,0.06021969147262492,0.41805000513038293,0.08687439917736005
307,307.0,307.0999531181918,0.05568178306020228,0.0901807426137695,0.04438539904969047,0.19502176005672112,0.05021156228154079,0.059940316700879265,0.41835408354852616,0.08622435268867046
308,308.0,308.09994087046897,0.05559563302666783,0.08930524893448098,0.04454907046320643,0.19645372427227592,0.04995823045238655,0.05961892376886424,0.41858002133006267,0.08593914775205543
309,309.0,309.0999304388137,0.055513731637541974,0.08844176980284929,0.04470863851033512,0.19773403231637363,0.049707088138345464,0.05929152147694715,0.41896748705450204,0.08563573106310536
310,310.0,310.0999217459358,0.05543550375917819,0.08759901236776602,0.04486293533250603,0.1992660660592355,0.049543242894254325,0.05896129560785951,0.4190107351669697,0.08532120881223075
311,311.0,311.0999147048863,0.055358977660812096,0.08686080261573757,0.045006586904289124,0.200918162145809,0.04938122760480512,0.05863580666269978,0.41926641775660145,0.08457201864924589
312,312.0,312.0999092208929,0.05527119446765036,0.08646922426637516,0.045124250362331086,0.20234440497362424,0.049204968645304,0.05815247188926156,0.41965645925277284,0.08377702614268084
313,313.0,313.09990519308997,0.055159788979637275,0.08599885390005062,0.04521079510928783,0.20387528347733602,0.049012695456515994,0.05764024137611305,0.4201617702487226,0.08294057145233666
314,314.0,314.0999025161364,0.0550251642514501,0.08545640093683053,0.045266473738045744,0.20548687480084574,0.04897798385550765,0.05710435222646515,0.42053248296247375,0.0821502672283814
315,315.0,315.09990108171684,0.054881192486701216,0.08492801103143013,0.04530507431485982,0.2070488487334963,0.048938229828116714,0.05657623197523537,0.42088523458416205,0.08143717704599847
316,316.0,316.09990077992205,0.05471576636736733,0.08433877302311997,0.045314466737464636,0.20857798154449494,0.048880339332499474,0.056033335510860996,0.4213564124962887,0.08078292498790399
317,317.0,317.09990150050754,0.054544628947767015,0.08377520059842854,0.04531105243235223,0.21009877607405286,0.048820999420423374,0.055511434061208426,0.4216581957565152,0.08027971270925237
318,318.0,318.0999031340294,0.054367923794569596,0.08335034824743556,0.045295043438429036,0.21143207478128265,0.04890027985710813,0.05501250222800563,0.42185881965451183,0.07978300799865755
319,319.0,319.0999055728588,0.05420106612926692,0.08275793493810173,0.04528392021114852,0.21233687599946355,0.04899047067055793,0.05456652351839964,0.4225044381935308,0.0793587703395309
320,320.0,320.0999087120766,0.05395278327089072,0.08220020577534863,0.04526516085486651,0.21298990449315947,0.049078174059211645,0.05415419671947847,0.4232730123769968,0.07908656245004768
321,321.0,321.0999124502519,0.05369709087805529,0.08165756627334338,0.04523023219114334,0.21366888653807542,0.049150348447004985,0.05375952154823434,0.42389067062669994,0.0789456834974433
322,322.0,322.09991669010714,0.0534350553871376,0.08127157042848117,0.045179707916361375,0.21417827340624368,0.04920582273529025,0.0533829310891822,0.42492226320752674,0.07842437582977699
323,323.0,323.0999213390758,0.053154517576987984,0.08083241097411674,0.04510105936725279,0.21462860833609798,0.049230523504640106,0.0529982112349454,0.42603990102551015,0.07801476798044879
324,324.0,324.0999263097569,0.052872923284726786,0.08041577731597316,0.0450126894205216,0.2149261823622377,0.04924271511435911,0.052640019310470874,0.42728696219753093,0.07760273099417975
325,325.0,325.09993152027226,0.0525924466361265,0.08017054421937822,0.04500833718955013,0.21518957721574067,0.049243201585191444,0.052231266987842376,0.428370412460247,0.07719421370592361
326,326.0,326.09993689453336,0.052303711732556254,0.07988253710400048,0.04498008548320176,0.21535985025639706,0.04921532776794813,0.05182362431816048,0.42953542247723936,0.07689944086049645
327,327.0,327.099942362423,0.05201145181133311,0.07956400164007363,0.04493320798364042,0.21526508070159742,0.049297104917177315,0.051426302236175406,0.43090695211162605,0.07659589859837665
328,328.0,328.0999478598995,0.05172785295598043,0.0792632938192142,0.044876278728421516,0.21526247159127077,0.0493671749226497,0.05105617143908374,0.4321628579326512,0.07628389861072847
329,329.0,329.09995332902935,0.051449674585074746,0.07930685532814528,0.044807845090291655,0.21499157218208187,0.049416955576540925,0.05071125214060703,0.4333544892198658,0.07596135587739272
330,330.0,330.0999587179559,0.051176485591879296,0.07935638009406783,0.04473040393630819,0.21462526811482516,0.04944573230961243,0.050387123349396795,0.434528734569194,0.07574987203471636
331,331.0,331.09996398081023,0.050909381313678934,0.07935606793803743,0.04463666662528817,0.2141739982649679,0.04944876029153143,0.05006847020523514,0.43588948409351197,0.07551717126774912
