,Unnamed: 0,Total_iterations,Intertwine_two,Invert_path_vertices,Insert_inside_vertex,Delete_inside_vertex,Replace_inside_vertex,Donate_between_routes,Trim_one_terminal_cb,Grow_one_terminal_cb
0,0.0,0.0,0.125,0.125,0.125,0.125,0.125,0.125,0.125,0.125
1,1.0,1.0,0.125,0.125,0.125,0.125,0.125,0.125,0.125,0.125
2,2.0,2.0,0.125,0.125,0.125,0.125,0.125,0.125,0.125,0.125
3,3.0,3.0,0.125,0.125,0.125,0.125,0.125,0.125,0.125,0.125
4,4.0,4.0,0.125,0.125,0.125,0.125,0.125,0.125,0.125,0.125
5,5.0,5.0,0.125,0.125,0.125,0.125,0.125,0.125,0.125,0.125
6,6.0,6.0,0.125,0.125,0.125,0.125,0.125,0.125,0.125,0.125
7,7.0,7.0,0.125,0.125,0.125,0.125,0.125,0.125,0.125,0.125
8,8.0,8.0,0.125,0.125,0.125,0.125,0.125,0.125,0.125,0.125
9,9.0,9.0,0.125,0.125,0.125,0.125,0.125,0.125,0.125,0.125
10,10.0,10.0,0.125,0.125,0.125,0.125,0.125,0.125,0.125,0.125
11,11.0,11.0,0.125,0.125,0.125,0.125,0.125,0.125,0.125,0.125
12,12.0,12.0,0.125,0.125,0.125,0.125,0.125,0.125,0.125,0.125
13,13.0,13.0,0.125,0.125,0.125,0.125,0.125,0.125,0.125,0.125
14,14.0,14.0,0.125,0.125,0.125,0.125,0.125,0.125,0.125,0.125
15,15.0,15.0,0.125,0.125,0.125,0.125,0.125,0.125,0.125,0.125
16,16.0,16.0,0.125,0.125,0.125,0.125,0.125,0.125,0.125,0.125
17,17.0,17.0,0.125,0.125,0.125,0.125,0.125,0.125,0.125,0.125
18,18.0,18.0,0.125,0.125,0.125,0.125,0.125,0.125,0.125,0.125
19,19.0,19.0,0.125,0.125,0.125,0.125,0.125,0.125,0.125,0.125
20,20.0,20.0,0.125,0.125,0.125,0.125,0.125,0.125,0.125,0.125
21,21.0,21.0,0.125,0.125,0.125,0.125,0.125,0.125,0.125,0.125
22,22.0,22.0,0.125,0.125,0.125,0.125,0.125,0.125,0.125,0.125
23,23.0,23.0,0.125,0.125,0.125,0.125,0.125,0.125,0.125,0.125
24,24.0,24.0,0.125,0.125,0.125,0.125,0.125,0.125,0.125,0.125
25,25.0,25.0,0.125,0.125,0.125,0.125,0.125,0.125,0.125,0.125
26,26.0,26.0,0.125,0.125,0.125,0.125,0.125,0.125,0.125,0.125
27,27.0,27.0,0.125,0.125,0.125,0.125,0.125,0.125,0.125,0.125
28,28.0,28.0,0.125,0.125,0.125,0.125,0.125,0.125,0.125,0.125
29,29.0,29.0,0.125,0.125,0.125,0.125,0.125,0.125,0.125,0.125
30,30.0,30.0,0.125,0.125,0.125,0.125,0.125,0.125,0.125,0.125
31,31.0,31.0,0.125,0.125,0.125,0.125,0.125,0.125,0.125,0.125
32,32.0,32.0,0.125,0.125,0.125,0.125,0.125,0.125,0.125,0.125
33,33.0,33.0,0.125,0.125,0.125,0.125,0.125,0.125,0.125,0.125
34,34.0,34.0,0.125,0.125,0.125,0.125,0.125,0.125,0.125,0.125
35,35.0,35.0,0.125,0.125,0.125,0.125,0.125,0.125,0.125,0.125
36,36.0,36.0,0.125,0.125,0.125,0.125,0.125,0.125,0.125,0.125
37,37.0,37.0,0.125,0.125,0.125,0.125,0.125,0.125,0.125,0.125
38,38.0,38.0,0.125,0.125,0.125,0.125,0.125,0.125,0.125,0.125
39,39.0,39.0,0.125,0.125,0.125,0.125,0.125,0.125,0.125,0.125
40,40.0,40.0,0.125,0.125,0.125,0.125,0.125,0.125,0.125,0.125
41,41.0,41.0,0.125,0.125,0.125,0.125,0.125,0.125,0.125,0.125
42,42.0,42.0,0.125,0.125,0.125,0.125,0.125,0.125,0.125,0.125
43,43.0,43.0,0.125,0.125,0.125,0.125,0.125,0.125,0.125,0.125
44,44.0,44.0,0.125,0.125,0.125,0.125,0.125,0.125,0.125,0.125
45,45.0,45.0,0.125,0.125,0.125,0.125,0.125,0.125,0.125,0.125
46,46.0,46.0,0.125,0.125,0.125,0.125,0.125,0.125,0.125,0.125
47,47.0,47.0,0.125,0.125,0.125,0.125,0.125,0.125,0.125,0.125
48,48.0,48.0,0.125,0.125,0.125,0.125,0.125,0.125,0.125,0.125
49,49.0,49.0,0.125,0.125,0.125,0.125,0.125,0.125,0.125,0.125
50,50.0,50.0,0.125,0.125,0.125,0.125,0.125,0.125,0.125,0.125
51,51.0,51.0,0.125,0.125,0.125,0.125,0.125,0.125,0.125,0.125
52,52.0,52.0,0.125,0.125,0.125,0.125,0.125,0.125,0.125,0.125
53,53.0,53.0,0.125,0.125,0.125,0.125,0.125,0.125,0.125,0.125
54,54.0,54.0,0.125,0.125,0.125,0.125,0.125,0.125,0.125,0.125
55,55.0,55.0,0.125,0.125,0.125,0.125,0.125,0.125,0.125,0.125
56,56.0,56.0,0.125,0.125,0.125,0.125,0.125,0.125,0.125,0.125
57,57.0,57.0,0.125,0.125,0.125,0.125,0.125,0.125,0.125,0.125
58,58.0,58.0,0.125,0.125,0.125,0.125,0.125,0.125,0.125,0.125
59,59.0,59.0,0.125,0.125,0.125,0.125,0.125,0.125,0.125,0.125
60,60.0,60.0,0.125,0.125,0.125,0.125,0.125,0.125,0.125,0.125
61,61.0,61.0,0.125,0.125,0.125,0.125,0.125,0.125,0.125,0.125
62,62.0,62.0,0.125,0.125,0.125,0.125,0.125,0.125,0.125,0.125
63,63.0,63.0,0.125,0.125,0.125,0.125,0.125,0.125,0.125,0.125
64,64.0,64.0,0.125,0.125,0.125,0.125,0.125,0.125,0.125,0.125
65,65.0,65.0,0.125,0.125,0.125,0.125,0.125,0.125,0.125,0.125
66,66.0,66.0,0.125,0.125,0.125,0.125,0.125,0.125,0.125,0.125
67,67.0,67.0,0.125,0.125,0.125,0.125,0.125,0.125,0.125,0.125
68,68.0,68.0,0.125,0.125,0.125,0.125,0.125,0.125,0.125,0.125
69,69.0,69.0,0.125,0.125,0.125,0.125,0.125,0.125,0.125,0.125
70,70.0,70.0,0.125,0.125,0.125,0.125,0.125,0.125,0.125,0.125
71,71.0,71.0,0.125,0.125,0.125,0.125,0.125,0.125,0.125,0.125
72,72.0,72.0,0.125,0.125,0.125,0.125,0.125,0.125,0.125,0.125
73,73.0,73.0,0.125,0.125,0.125,0.125,0.125,0.125,0.125,0.125
74,74.0,74.0,0.125,0.125,0.125,0.125,0.125,0.125,0.125,0.125
75,75.0,75.0,0.125,0.125,0.125,0.125,0.125,0.125,0.125,0.125
76,76.0,76.0,0.125,0.125,0.125,0.125,0.125,0.125,0.125,0.125
77,77.0,77.0,0.125,0.125,0.125,0.125,0.125,0.125,0.125,0.125
78,78.0,78.0,0.125,0.125,0.125,0.125,0.125,0.125,0.125,0.125
79,79.0,79.0,0.125,0.125,0.125,0.125,0.125,0.125,0.125,0.125
80,80.0,80.0,0.125,0.125,0.125,0.125,0.125,0.125,0.125,0.125
81,81.0,81.0,0.125,0.125,0.125,0.125,0.125,0.125,0.125,0.125
82,82.0,82.0,0.125,0.125,0.125,0.125,0.125,0.125,0.125,0.125
83,83.0,83.0,0.125,0.125,0.125,0.125,0.125,0.125,0.125,0.125
84,84.0,84.0,0.125,0.125,0.125,0.125,0.125,0.125,0.125,0.125
85,85.0,85.0,0.125,0.125,0.125,0.125,0.125,0.125,0.125,0.125
86,86.0,86.0,0.125,0.125,0.125,0.125,0.125,0.125,0.125,0.125
87,87.0,87.0,0.125,0.125,0.125,0.125,0.125,0.125,0.125,0.125
88,88.0,88.0,0.125,0.125,0.125,0.125,0.125,0.125,0.125,0.125
89,89.0,89.0,0.125,0.125,0.125,0.125,0.125,0.125,0.125,0.125
90,90.0,90.0,0.125,0.125,0.125,0.125,0.125,0.125,0.125,0.125
91,91.0,91.0,0.125,0.125,0.125,0.125,0.125,0.125,0.125,0.125
92,92.0,92.0,0.125,0.125,0.125,0.125,0.125,0.125,0.125,0.125
93,93.0,93.0,0.125,0.125,0.125,0.125,0.125,0.125,0.125,0.125
94,94.0,94.0,0.125,0.125,0.125,0.125,0.125,0.125,0.125,0.125
95,95.0,95.0,0.125,0.125,0.125,0.125,0.125,0.125,0.125,0.125
96,96.0,96.1,0.125,0.125,0.125,0.125,0.125,0.125,0.125,0.125
97,97.0,97.1,0.125,0.125,0.125,0.125,0.125,0.125,0.125,0.125
98,98.0,98.1,0.125,0.125,0.125,0.125,0.125,0.125,0.125,0.125
99,99.0,99.1,0.125,0.125,0.125,0.125,0.125,0.125,0.125,0.125
100,100.0,100.1,0.125,0.125,0.125,0.125,0.125,0.125,0.125,0.125
101,101.0,101.1,0.125,0.125,0.125,0.125,0.125,0.125,0.125,0.125
102,102.0,102.1,0.125,0.125,0.125,0.125,0.125,0.125,0.125,0.125
103,103.0,103.1,0.125,0.125,0.125,0.125,0.125,0.125,0.125,0.125
104,104.0,104.1,0.125,0.125,0.125,0.125,0.125,0.125,0.125,0.125
105,105.0,105.1,0.125,0.125,0.125,0.125,0.125,0.125,0.125,0.125
106,106.0,106.1,0.125,0.125,0.125,0.125,0.125,0.125,0.125,0.125
107,107.0,107.1,0.125,0.125,0.125,0.125,0.125,0.125,0.125,0.125
108,108.0,108.1,0.125,0.125,0.125,0.125,0.125,0.125,0.125,0.125
109,109.0,109.1,0.125,0.125,0.125,0.125,0.125,0.125,0.125,0.125
110,110.0,110.1,0.125,0.125,0.125,0.125,0.125,0.125,0.125,0.125
111,111.0,111.1,0.125,0.125,0.125,0.125,0.125,0.125,0.125,0.125
112,112.0,112.1,0.125,0.125,0.125,0.125,0.125,0.125,0.125,0.125
113,113.0,113.1,0.125,0.125,0.125,0.125,0.125,0.125,0.125,0.125
114,114.0,114.1,0.125,0.125,0.125,0.125,0.125,0.125,0.125,0.125
115,115.0,115.1,0.125,0.125,0.125,0.125,0.125,0.125,0.125,0.125
116,116.0,116.1,0.125,0.125,0.125,0.125,0.125,0.125,0.125,0.125
117,117.0,117.1,0.125,0.125,0.125,0.125,0.125,0.125,0.125,0.125
118,118.0,118.1,0.125,0.125,0.125,0.125,0.125,0.125,0.125,0.125
119,119.0,119.1,0.125,0.125,0.125,0.125,0.125,0.125,0.125,0.125
120,120.0,120.1,0.125,0.125,0.125,0.125,0.125,0.125,0.125,0.125
121,121.0,121.1,0.125,0.125,0.125,0.125,0.125,0.125,0.125,0.125
122,122.0,122.1,0.125,0.125,0.125,0.125,0.125,0.125,0.125,0.125
123,123.0,123.1,0.125,0.125,0.125,0.125,0.125,0.125,0.125,0.125
124,124.0,124.1,0.125,0.125,0.125,0.125,0.125,0.125,0.125,0.125
125,125.0,125.1,0.125,0.125,0.125,0.125,0.125,0.125,0.125,0.125
126,126.0,126.1,0.125,0.125,0.125,0.125,0.125,0.125,0.125,0.125
127,127.0,127.1,0.125,0.125,0.125,0.125,0.125,0.125,0.125,0.125
128,128.0,128.1,0.125,0.125,0.125,0.125,0.125,0.125,0.125,0.125
129,129.0,129.1,0.125,0.125,0.125,0.125,0.125,0.125,0.125,0.125
130,130.0,130.1,0.125,0.125,0.125,0.125,0.125,0.125,0.125,0.125
131,131.0,131.1,0.125,0.125,0.125,0.125,0.125,0.125,0.125,0.125
132,132.0,132.1,0.125,0.125,0.125,0.125,0.125,0.125,0.125,0.125
133,133.0,133.1,0.125,0.125,0.125,0.125,0.125,0.125,0.125,0.125
134,134.0,134.1,0.125,0.125,0.125,0.125,0.125,0.125,0.125,0.125
135,135.0,135.1,0.125,0.125,0.125,0.125,0.125,0.125,0.125,0.125
136,136.0,136.1,0.125,0.125,0.125,0.125,0.125,0.125,0.125,0.125
137,137.0,137.1,0.125,0.125,0.125,0.125,0.125,0.125,0.125,0.125
138,138.0,138.1,0.125,0.125,0.125,0.125,0.125,0.125,0.125,0.125
139,139.0,139.1,0.125,0.125,0.125,0.125,0.125,0.125,0.125,0.125
140,140.0,140.1,0.125,0.125,0.125,0.125,0.125,0.125,0.125,0.125
141,141.0,141.1,0.125,0.125,0.125,0.125,0.125,0.125,0.125,0.125
142,142.0,142.1,0.125,0.125,0.125,0.125,0.125,0.125,0.125,0.125
143,143.0,143.1,0.125,0.125,0.125,0.125,0.125,0.125,0.125,0.125
144,144.0,144.1,0.125,0.125,0.125,0.125,0.125,0.125,0.125,0.125
145,145.0,145.1,0.125,0.125,0.125,0.125,0.125,0.125,0.125,0.125
146,146.0,146.1,0.125,0.125,0.125,0.125,0.125,0.125,0.125,0.125
147,147.0,147.1,0.125,0.125,0.125,0.125,0.125,0.125,0.125,0.125
148,148.0,148.1,0.125,0.125,0.125,0.125,0.125,0.125,0.125,0.125
149,149.0,149.1,0.125,0.125,0.125,0.125,0.125,0.125,0.125,0.125
150,150.0,150.1,0.125,0.125,0.125,0.125,0.125,0.125,0.125,0.125
151,151.0,151.1,0.125,0.125,0.125,0.125,0.125,0.125,0.125,0.125
152,152.0,152.1,0.125,0.125,0.125,0.125,0.125,0.125,0.125,0.125
153,153.0,153.1,0.125,0.125,0.125,0.125,0.125,0.125,0.125,0.125
154,154.0,154.1,0.125,0.125,0.125,0.125,0.125,0.125,0.125,0.125
155,155.0,155.1,0.125,0.125,0.125,0.125,0.125,0.125,0.125,0.125
156,156.0,156.1,0.125,0.125,0.125,0.125,0.125,0.125,0.125,0.125
157,157.0,157.1,0.125,0.125,0.125,0.125,0.125,0.125,0.125,0.125
158,158.0,158.1,0.125,0.125,0.125,0.125,0.125,0.125,0.125,0.125
159,159.0,159.1,0.125,0.125,0.125,0.125,0.125,0.125,0.125,0.125
160,160.0,160.1,0.125,0.125,0.125,0.125,0.125,0.125,0.125,0.125
161,161.0,161.1,0.125,0.125,0.125,0.125,0.125,0.125,0.125,0.125
162,162.0,162.1,0.125,0.125,0.125,0.125,0.125,0.125,0.125,0.125
163,163.0,163.1,0.125,0.125,0.125,0.125,0.125,0.125,0.125,0.125
164,164.0,164.1,0.125,0.125,0.125,0.125,0.125,0.125,0.125,0.125
165,165.0,165.1,0.125,0.125,0.125,0.125,0.125,0.125,0.125,0.125
166,166.0,166.1,0.125,0.125,0.125,0.125,0.125,0.125,0.125,0.125
167,167.0,167.1,0.125,0.125,0.125,0.125,0.125,0.125,0.125,0.125
168,168.0,168.1,0.125,0.125,0.125,0.125,0.125,0.125,0.125,0.125
169,169.0,169.1,0.125,0.125,0.125,0.125,0.125,0.125,0.125,0.125
170,170.0,170.1,0.125,0.125,0.125,0.125,0.125,0.125,0.125,0.125
171,171.0,171.1,0.125,0.125,0.125,0.125,0.125,0.125,0.125,0.125
172,172.0,172.1,0.125,0.125,0.125,0.125,0.125,0.125,0.125,0.125
173,173.0,173.1,0.125,0.125,0.125,0.125,0.125,0.125,0.125,0.125
174,174.0,174.1,0.125,0.125,0.125,0.125,0.125,0.125,0.125,0.125
175,175.0,175.1,0.125,0.125,0.125,0.125,0.125,0.125,0.125,0.125
176,176.0,176.1,0.125,0.125,0.125,0.125,0.125,0.125,0.125,0.125
177,177.0,177.1,0.125,0.125,0.125,0.125,0.125,0.125,0.125,0.125
178,178.0,178.1,0.125,0.125,0.125,0.125,0.125,0.125,0.125,0.125
179,179.0,179.1,0.125,0.125,0.125,0.125,0.125,0.125,0.125,0.125
180,180.0,180.1,0.125,0.125,0.125,0.125,0.125,0.125,0.125,0.125
181,181.0,181.1,0.125,0.125,0.125,0.125,0.125,0.125,0.125,0.125
182,182.0,182.1,0.125,0.125,0.125,0.125,0.125,0.125,0.125,0.125
183,183.0,183.1,0.125,0.125,0.125,0.125,0.125,0.125,0.125,0.125
184,184.0,184.1,0.125,0.125,0.125,0.125,0.125,0.125,0.125,0.125
185,185.0,185.1,0.125,0.125,0.125,0.125,0.125,0.125,0.125,0.125
186,186.0,186.1,0.125,0.125,0.125,0.125,0.125,0.125,0.125,0.125
187,187.0,187.1,0.125,0.125,0.125,0.125,0.125,0.125,0.125,0.125
188,188.0,188.1,0.125,0.125,0.125,0.125,0.125,0.125,0.125,0.125
189,189.0,189.1,0.125,0.125,0.125,0.125,0.125,0.125,0.125,0.125
190,190.0,190.1,0.125,0.125,0.125,0.125,0.125,0.125,0.125,0.125
191,191.0,191.1,0.125,0.125,0.125,0.125,0.125,0.125,0.125,0.125
192,192.0,192.1,0.125,0.125,0.125,0.125,0.125,0.125,0.125,0.125
193,193.0,193.1,0.125,0.125,0.125,0.125,0.125,0.125,0.125,0.125
194,194.0,194.1,0.125,0.125,0.125,0.125,0.125,0.125,0.125,0.125
195,195.0,195.1,0.125,0.125,0.125,0.125,0.125,0.125,0.125,0.125
196,196.0,196.1,0.125,0.125,0.125,0.125,0.125,0.125,0.125,0.125
197,197.0,197.1,0.125,0.125,0.125,0.125,0.125,0.125,0.125,0.125
198,198.0,198.1,0.125,0.125,0.125,0.125,0.125,0.125,0.125,0.125
199,199.0,199.1,0.11964285714285713,0.11964285714285713,0.11964285714285713,0.12678571428571428,0.11964285714285713,0.11964285714285713,0.11964285714285713,0.15535714285714283
200,200.0,200.1,0.11436507936507936,0.11436507936507936,0.11436507936507936,0.13150793650793652,0.11436507936507936,0.11436507936507936,0.13658730158730156,0.1600793650793651
201,201.0,201.1,0.11214285714285713,0.11214285714285713,0.11214285714285713,0.12928571428571428,0.12214285714285714,0.11214285714285713,0.13214285714285715,0.16785714285714284
202,202.0,202.1,0.11032467532467531,0.11032467532467531,0.11032467532467531,0.12655844155844154,0.11941558441558439,0.11032467532467531,0.1294155844155844,0.18331168831168831
203,203.0,203.1,0.11032467532467531,0.11032467532467531,0.11032467532467531,0.12655844155844154,0.11941558441558439,0.11032467532467531,0.1294155844155844,0.18331168831168831
204,204.0,204.1,0.11032467532467531,0.11032467532467531,0.11032467532467531,0.13564935064935063,0.11941558441558439,0.11032467532467531,0.1294155844155844,0.17422077922077922
205,205.0,205.1,0.11032467532467531,0.11032467532467531,0.11032467532467531,0.13564935064935063,0.11941558441558439,0.11032467532467531,0.1294155844155844,0.17422077922077922
206,206.0,206.1,0.10872766122766123,0.10872766122766123,0.10872766122766123,0.14986985236985237,0.12817210567210566,0.10872766122766123,0.12706099456099457,0.15998640248640247
207,207.0,207.1,0.10872766122766123,0.10872766122766123,0.10872766122766123,0.14986985236985237,0.12817210567210566,0.10872766122766123,0.12706099456099457,0.15998640248640247
208,208.0,208.1,0.10908730158730158,0.10908730158730158,0.10908730158730158,0.1471825396825397,0.13853174603174603,0.10908730158730158,0.1274206349206349,0.15051587301587302
209,209.0,209.1,0.10642607392607392,0.11551698301698299,0.10642607392607392,0.16093156843156842,0.13320929070929072,0.10642607392607392,0.12411838161838162,0.1469455544455544
210,210.0,210.1,0.10566849816849815,0.12233516483516482,0.10566849816849815,0.16017399267399268,0.13169413919413916,0.10566849816849815,0.12336080586080585,0.1454304029304029
211,211.0,211.1,0.1042099567099567,0.12087662337662337,0.1042099567099567,0.1642099567099567,0.13877705627705625,0.1042099567099567,0.12044372294372292,0.14306277056277056
212,212.0,212.1,0.10158730158730156,0.12936507936507935,0.10158730158730156,0.15968253968253965,0.1349206349206349,0.10158730158730156,0.1249206349206349,0.1463492063492063
213,213.0,213.1,0.10234487734487732,0.12254689754689754,0.11143578643578642,0.15044011544011543,0.13734487734487733,0.10234487734487732,0.12567821067821067,0.14786435786435784
214,214.0,214.1,0.10032467532467533,0.11941558441558439,0.10941558441558438,0.16675324675324674,0.13426406926406925,0.10032467532467533,0.12365800865800865,0.14584415584415583
215,215.0,215.1,0.09801698301698299,0.11544122544122544,0.11468364968364966,0.16289543789543787,0.13195637695637694,0.09801698301698299,0.13685148185148183,0.14213786213786211
216,216.0,216.1,0.10371236441461158,0.11211257843280313,0.11323617393842111,0.16847426917651634,0.1305089012111484,0.09769310277737242,0.1352452697115618,0.13901734033756502
217,217.0,217.1,0.10320207570207567,0.11033272283272282,0.11144383394383392,0.17437423687423687,0.1127258852258852,0.09828144078144074,0.13406898656898655,0.15557081807081805
218,218.0,218.1,0.1003744866244866,0.10743187368187365,0.11818334443334441,0.18829115329115326,0.10904872904872902,0.09593004218004215,0.12932289932289928,0.15141747141747142
219,219.0,219.1,0.09869731575613927,0.10569517900400252,0.11692284023166374,0.1950033381651029,0.10742057778822482,0.09466953797836149,0.12596855758620462,0.15562265349030052
220,220.0,220.1,0.10392607392607392,0.1053683816183816,0.12568695193695192,0.19271575646575645,0.09767607392607391,0.09434274059274056,0.1253149628149628,0.1549690587190587
221,221.0,221.1,0.10392607392607392,0.09870171495171494,0.12568695193695192,0.19271575646575645,0.09767607392607391,0.09434274059274056,0.1253149628149628,0.16163572538572538
222,222.0,222.1,0.10392607392607392,0.09870171495171494,0.12568695193695192,0.19271575646575645,0.09767607392607391,0.09434274059274056,0.1253149628149628,0.16163572538572538
223,223.0,223.1,0.09767607392607391,0.09870171495171494,0.12568695193695192,0.19271575646575645,0.09767607392607391,0.09434274059274056,0.1315649628149628,0.16163572538572538
224,224.0,224.1,0.09767607392607391,0.09870171495171494,0.12568695193695192,0.19271575646575645,0.09767607392607391,0.09434274059274056,0.1315649628149628,0.16163572538572538
225,225.0,225.1,0.09550287131169484,0.09652851233733586,0.12351374932257284,0.20471739045268453,0.09550287131169484,0.09216953797836147,0.13375450529862293,0.15831056198703256
226,226.0,226.1,0.09513522425287131,0.09616086527851234,0.12314610226374931,0.20839386104091986,0.09513522425287131,0.09180189091953794,0.13265156412215234,0.1575752678693855
227,227.0,227.1,0.09426579120833564,0.09291417125206453,0.12227666921921365,0.20561532326922202,0.09310300051066121,0.0898730263504545,0.14678745103505703,0.15516456715499122
228,228.0,228.1,0.09291728312492696,0.09160575939961015,0.12092816113580496,0.215944039887138,0.09291728312492696,0.08851115285672773,0.1436259282394651,0.15355039223140002
229,229.0,229.1,0.09175287131169482,0.09048053253935603,0.11976374932257283,0.22474264297793706,0.08619731575613926,0.08733367939250289,0.14644389923801684,0.15328530946178
230,230.0,230.1,0.09028895511093651,0.08930901399941646,0.11859223078263323,0.22275080440715117,0.08502579721619967,0.0861621608525633,0.1485954319158653,0.15927560571523416
231,231.0,231.1,0.08976263932146283,0.08790949246831599,0.1183290728878964,0.22090869914399325,0.08476263932146284,0.08589900295782646,0.1486791639732816,0.1637492899257605
232,232.0,232.1,0.09599914626021697,0.08705421478719559,0.11742272268379339,0.22093863175819553,0.08385628911735983,0.08497988462297781,0.14765930368375838,0.16208980708650236
233,233.0,233.1,0.09409156109176223,0.08562282009493134,0.11447617647637762,0.23545020713933612,0.08242489442509557,0.08354848993071355,0.1451588331398096,0.15922701770197384
234,234.0,234.1,0.09391040167147237,0.0854416606746415,0.11429501705608776,0.23744296076252452,0.08224373500480571,0.08336733051042369,0.14443419545865016,0.15886469886139415
235,235.0,235.1,0.0937437350048057,0.08527499400797482,0.11412835038942111,0.23927629409585785,0.08207706833813903,0.08320066384375702,0.14376752879198348,0.15853136552806082
236,236.0,236.1,0.08678589384471735,0.08503375709258058,0.11383717589599943,0.24192990016519428,0.08178589384471735,0.08956367162249514,0.14296487825899587,0.15809882927529983
237,237.0,237.1,0.0866434437022672,0.08489130695013045,0.11739842945725296,0.23979314802844215,0.08164344370226721,0.08942122148004499,0.14239507768919532,0.15781392899039956
238,238.0,238.1,0.08659951159951156,0.08489621489621486,0.11594017094017091,0.2528266178266178,0.08929181929181924,0.08936507936507934,0.15115384615384614,0.1299267399267399
239,239.0,239.1,0.08554293558830758,0.08383963888501092,0.11476044221960735,0.2594369212155056,0.0882352432806153,0.08830850335387538,0.14826582371046976,0.13161049174660785
240,240.0,240.1,0.08418087659466966,0.08247757989137297,0.1122994821270683,0.2658683844890741,0.08632373373752682,0.08694644436023743,0.14558797524314765,0.13631552355690282
241,241.0,241.1,0.08370468611847919,0.0820013894151825,0.11182329165087783,0.27374889478337755,0.08474864216243524,0.08647025388404697,0.14166350890488819,0.13583933308071233
242,242.0,242.1,0.08351787705048573,0.0818623586558369,0.11152154005414872,0.2861395126612517,0.08457377767160375,0.08585483357222487,0.14167522694696605,0.12485487338748207
243,243.0,243.1,0.07793719741020858,0.08128167901555974,0.11094086041387155,0.2947323182045217,0.08399309803132657,0.08490650687312415,0.1469341463041826,0.1192741937472049
244,244.0,244.1,0.07700162001003513,0.08034610161538627,0.10881079961023857,0.3012152044620488,0.0878194253930579,0.08364413208732982,0.14327724947640796,0.11788546734549539
245,245.0,245.1,0.08837087678874606,0.07406980151992884,0.09578159107446033,0.3102180855364217,0.08920036987630366,0.0847093035006872,0.14398147586708704,0.1136684958363651
246,246.0,246.1,0.08585256056000735,0.0725063323201621,0.09407766878511557,0.30691627521414755,0.096477042461085,0.08282548125633231,0.15060030395136778,0.11074433545178224
247,247.0,247.1,0.08550951379432631,0.07216328555448105,0.09474439655862085,0.3171331555205419,0.08879351009404877,0.08224433925255603,0.1482874910183502,0.11112430820707468
248,248.0,248.1,0.08423565622251475,0.07505609464933617,0.09130780810067415,0.3152112398795753,0.08733849310194738,0.08075403146429427,0.15038342932272844,0.11571324725892933
249,249.0,249.1,0.08134952620709414,0.07276087372482462,0.08822687289044834,0.32338102534455526,0.09095236308652675,0.07842784874795136,0.14533627751699535,0.11956521248160393
250,250.0,250.1,0.07943402066000962,0.07133254766491962,0.08695239298438949,0.3311844839240497,0.08888301138559611,0.07715336884189251,0.14157686149442145,0.1234833130447213
251,251.0,251.1,0.07887231585917438,0.07433209642533793,0.08639068818355425,0.33329517918691887,0.08817885644231072,0.0764105046207674,0.13974120118050024,0.12277915810143589
252,252.0,252.1,0.07845823718422616,0.0739180177503897,0.085976609508606,0.33759595087899485,0.08776477776736248,0.07599642594581917,0.13792490153811368,0.12236507942648767
253,253.0,253.1,0.07902105671763392,0.07448083728379748,0.08081436978754274,0.3404250697567071,0.08166093063410357,0.07655924547922693,0.13703506886439357,0.13000342147659444
254,254.0,254.1,0.07777579586275236,0.07314306949089555,0.07946661711879101,0.34165019199801805,0.08147949956645606,0.07625740121392291,0.14073083116561377,0.1294965935835501
255,255.0,255.1,0.07749367665216189,0.07319260138334469,0.07919618561273536,0.35039108857481926,0.08133983049831574,0.07579806044041665,0.14492394001510406,0.11766461682310206
256,256.0,256.1,0.07654493551810847,0.07570841978797573,0.07770943295920166,0.3462258430574804,0.08024863922181216,0.07482644124642271,0.1466683571678946,0.12206793104110396
257,257.0,257.1,0.0745080615103498,0.07386896376598891,0.07568194215791467,0.35553628162323814,0.07913212166072574,0.0731741712290911,0.144005096957042,0.12409336109564939
258,258.0,258.1,0.07407186079057376,0.07655544042932583,0.07518558259508505,0.35348746783667473,0.07856180331930941,0.07258376555247854,0.14603916661134758,0.1235149128652048
259,259.0,259.1,0.07352662572078635,0.07904166643312531,0.07458360997364688,0.35721422963606,0.07789088688917122,0.07189390011010126,0.1431466313404983,0.1227024498966105
260,260.0,260.1,0.07312664684774134,0.07825365872034355,0.07413004820828556,0.3665066166719142,0.07023000431976241,0.07147288189348379,0.14422903015246819,0.12205111318600077
261,261.0,261.1,0.07332611273382719,0.07804989879997778,0.06760187181794863,0.36894918658764186,0.07032866375423534,0.07167234777956963,0.14255228082200808,0.12751963770479116
262,262.0,262.1,0.07143584046521832,0.07652087447882375,0.06612971801623872,0.37579177638797456,0.06891458196181696,0.06912291529515029,0.14286907504937457,0.12921521834540264
263,263.0,263.1,0.06975320439958474,0.0751886068107936,0.06481868478483258,0.3821761529397501,0.06763830540968574,0.06773911186129863,0.14193076015215925,0.13075517364189532
264,264.0,264.1,0.06897704051167049,0.07435204051167048,0.06399976778439775,0.38750903816297555,0.06685204051167049,0.06685204051167049,0.1415017134194079,0.12995631858653678
265,265.0,265.1,0.06816708754208753,0.07306860269360267,0.06313930976430975,0.38790319865319867,0.06594739057239055,0.06594739057239055,0.14393518518518517,0.131891835016835
266,266.0,266.1,0.06671355314194186,0.07216943549488306,0.06263746618542011,0.38894179832670883,0.06834590608311833,0.0654047296125301,0.14453455545591093,0.13125255569948663
267,267.0,267.1,0.06207940141342089,0.07157359057844859,0.06207940141342089,0.3957395734329566,0.06783409478012926,0.06480888469609565,0.14260523727968227,0.13327981640584566
268,268.0,268.1,0.06191600272061043,0.07385183520963441,0.06191600272061043,0.3955154837971023,0.06750262886042806,0.06456612092392011,0.14169954166810433,0.1330323840995898
269,269.0,269.1,0.06166824154982046,0.07357332520490414,0.06645427758585651,0.39380784732100527,0.06729919393077285,0.06428761091918984,0.14016920680078573,0.13274029668766513
270,270.0,270.1,0.06146572376109577,0.07337080741617943,0.06625175979713183,0.39720848252971663,0.06709667614204817,0.06408509313046515,0.13897052042968555,0.13155093679367721
271,271.0,271.1,0.06064490120372471,0.07254998485880837,0.06543093723976075,0.3951917064122946,0.06627585358467711,0.06434760390642742,0.13720892951775304,0.13835008327655385
272,272.0,272.1,0.060220983886839184,0.07475874271105673,0.06489337916073822,0.3914379490134234,0.06587465129439628,0.06384266184410858,0.14109788412667085,0.1378737479627666
273,273.0,273.1,0.059736865258924056,0.07659056058320764,0.06430096782302662,0.3981603821015586,0.06781730769230766,0.06328135997988936,0.13873516842634487,0.13137738813474106
274,274.0,274.1,0.06386270346721515,0.07544360924857782,0.06649324111916916,0.39973608894796786,0.06705126993390839,0.06257167249171816,0.13708104519926337,0.12776036959217996
275,275.0,275.1,0.06355745961858622,0.07461767762303892,0.06868178890001736,0.401031535355329,0.0665851079248723,0.06219611770846382,0.13595564620634468,0.12737466666334746
276,276.0,276.1,0.06283255959726544,0.0736156980274627,0.06810610957669777,0.40354674737027685,0.06592339033515501,0.06162043838514423,0.13561742179389236,0.12873763491410545
277,277.0,277.1,0.06223846405119822,0.07272387358407104,0.07043204928130281,0.40089171197762763,0.06539871811938067,0.06116860031197149,0.13709086128553205,0.1300557213889159
278,278.0,278.1,0.06349041627610909,0.07204080982041342,0.07003976410110671,0.40103834550708195,0.06495955679474744,0.060851390206850466,0.13627174683704327,0.1313079704566475
279,279.0,279.1,0.06308995004450343,0.07131300388573006,0.07141613643672756,0.39866568946173475,0.06452482351264402,0.060451224156025815,0.1374015661014025,0.1331376064012316
280,280.0,280.1,0.06249403992366846,0.07060545256251274,0.07079630343339098,0.40165289966008444,0.06393056963192455,0.060004347127531985,0.1364173137439991,0.1340990739168875
281,281.0,281.1,0.062004985753758325,0.07283575399378543,0.06761321400676241,0.40423592908825884,0.06356932660708281,0.05961863406096295,0.13505912085543345,0.1350630356339555
282,282.0,282.1,0.061478751514290844,0.07605905524298387,0.06719052510497545,0.40215752723031806,0.0631949468840398,0.05925401716846751,0.13621449749163833,0.1344506793632859
283,283.0,283.1,0.06304280313477853,0.07542024737763595,0.06670436336610622,0.4017808074354047,0.06274638510085433,0.05697137456334996,0.14160906112953728,0.13172495789233274
284,284.0,284.1,0.06257254730032676,0.0749563248022502,0.06805744249165499,0.4009948971154542,0.0624517940507708,0.05664095200539706,0.14168849340528503,0.1326375488288607
285,285.0,285.1,0.05992079101816418,0.07477873208042418,0.06788900564235315,0.4039841582911505,0.06231753392470204,0.05647251515609521,0.14221066891435435,0.1324265949727561
286,286.0,286.1,0.05626438682775783,0.0744851918321801,0.06766449729763574,0.4049974961006556,0.06212565189832524,0.0562480068113778,0.1426052230684904,0.1356095461635771
287,287.0,287.1,0.05625540774901132,0.07443422826022957,0.06775287369769677,0.4002467056862236,0.062205984540342506,0.05622294021654377,0.14729738028120917,0.13558447956874306
288,288.0,288.1,0.0560218831095141,0.0740461928876827,0.06750354627691005,0.40240886308986684,0.06194875572891103,0.05597361279575706,0.14761256867604536,0.13448457743531267
289,289.0,289.1,0.05572096857457309,0.0735612072016377,0.06718710620245655,0.4031871167389576,0.061663768570975795,0.05565717272130356,0.147779253812032,0.13524340617806346
290,290.0,290.1,0.055268204846387406,0.07303548656242803,0.06496188073571549,0.4004963771347215,0.06128680454800024,0.055189153462988194,0.1553135031756317,0.13444858953412717
291,291.0,291.1,0.05490859191484474,0.07232161528238096,0.06442889709326596,0.403098628764705,0.060806771008550434,0.054847015560164934,0.15559981793234046,0.13398866244374735
292,292.0,292.1,0.05451197725483836,0.07734462019876351,0.06386548923992928,0.4004221794080417,0.06039624892858373,0.05446699299932779,0.1599939997686358,0.12899849220187962
293,293.0,293.1,0.05413180110264974,0.07683648529111535,0.06332471154533933,0.3999575179712254,0.06000289017559276,0.05410257842585255,0.16212346423060614,0.12952055125761847
294,294.0,294.1,0.05347455339284361,0.07349346721090508,0.06478542596991758,0.4035009790957174,0.059333114074435186,0.05346031040751389,0.16224104636583364,0.1297111034828334
295,295.0,295.1,0.05298001809866214,0.07237240443172645,0.06427688507349524,0.4059643896593049,0.058716560275882276,0.052951769511091526,0.16274557927947758,0.12999239367035975
296,296.0,296.1,0.055241217100087114,0.07168782520793678,0.06366178642974733,0.40813008183270905,0.058110950572587375,0.05244966521762613,0.16331711760042375,0.1274013560388822
297,297.0,297.1,0.054719607892490994,0.07093938079761347,0.06313328508411153,0.41152018603182716,0.05772306716523993,0.05203045348947668,0.16218069421142464,0.12775332532781536
298,298.0,298.1,0.05417956426183975,0.0701918652747061,0.06248403199831859,0.4122108052318736,0.05726033130978435,0.05158797465064836,0.16232096361710766,0.12976446365572136
299,299.0,299.1,0.053856662892981175,0.06955650249080814,0.06213198865523796,0.41155805468815465,0.05689331288422452,0.05133254966505564,0.16449512598329197,0.13017580274024573
300,300.0,300.1,0.05341280489454018,0.06863185759159875,0.06175223322089951,0.4092929131941627,0.05645315355518719,0.05095279423071719,0.16490897596389753,0.13459526734899677
301,301.0,301.1,0.05299845080207094,0.06777509479300065,0.060502490594021664,0.41155528481696146,0.05729580925196713,0.05063879149119212,0.16456979128884774,0.1346642869619381
302,302.0,302.1,0.05266142341956468,0.0671866427178103,0.061619123520881815,0.41165719291365,0.05902705362840869,0.05038463770527897,0.1625318613537963,0.13493206474060923
303,303.0,303.1,0.05239325683945818,0.06669074655240059,0.06115926356001038,0.4111528746981909,0.05858845350256927,0.05012673548202773,0.16532740109584107,0.1345612682695017
304,304.0,304.1,0.0520895814414716,0.06642392947741242,0.06072591089093758,0.4140709835170897,0.058289678387504006,0.04988819279326632,0.16365133870386062,0.13486038478845766
305,305.0,305.1,0.05553397563039869,0.06473387548482781,0.06028870870220494,0.4131935739848469,0.05786985065924359,0.04952595925652866,0.1639523942967766,0.13490166198517256
306,306.0,306.1,0.054897618903286025,0.06390892984657186,0.05966986247144566,0.4126698453084582,0.05726770677126396,0.04909205888973371,0.1677193565951533,0.13477462121408706
307,307.0,307.1,0.05433736852611876,0.06671688871493212,0.05920833001109711,0.4090199105079494,0.056713483488990656,0.04869948959777909,0.16891558340239052,0.13638894575074215
308,308.0,308.1,0.05394172198100924,0.06600241325754891,0.05965056882215532,0.4078190415050165,0.05625090049711386,0.048414297349330754,0.17200271880024087,0.1359183377875843
309,309.0,309.1,0.05343648200182573,0.06520938862292971,0.05914884732620608,0.4097138084035012,0.05577986336898684,0.04809220244603179,0.1727552776204316,0.13586413021008686
310,310.0,310.1,0.05396448961666349,0.06477711901624943,0.058774938829286624,0.40969155844155847,0.05464277871886565,0.047892198381328785,0.17422720998807956,0.13602970700796785
311,311.0,311.1,0.05367660104517006,0.06436579121218866,0.0591629688206267,0.4092093281572885,0.054279894994328684,0.04766128153153785,0.17404252569932516,0.13760160853953401
312,312.0,312.1,0.05323785537660388,0.06368839921685915,0.05872942682132325,0.41324459718323475,0.05387633323946829,0.04739099979556878,0.1738576413718241,0.13597474699511755
313,313.0,313.1,0.052996904444732415,0.06468498401792548,0.05838894824662485,0.4133276678148313,0.05356555752639709,0.047208826365308286,0.17371063540844672,0.13611647617573364
314,314.0,314.1,0.05290559155601624,0.06134382621605792,0.05816308650355325,0.41401500071507635,0.05343482515927679,0.047136539351782365,0.17701401896159982,0.13598711153663695
315,315.0,315.1,0.05261539671721523,0.061030321353946905,0.0578431542918348,0.4127031423008452,0.05320745125929473,0.046965662626941546,0.17997497807677992,0.13565989337314138
316,316.0,316.1,0.052273729797743876,0.060524797294903745,0.05746946746124515,0.4140090219981759,0.052858134631273555,0.04673671069518517,0.18089322216659934,0.13523491595487308
317,317.0,317.1,0.05187223833402541,0.05996474473118864,0.05707175243631629,0.4119379990814213,0.05248468335382282,0.04647959704147919,0.1820428171582375,0.13814616786350858
318,318.0,318.1,0.05161684614279281,0.059543336046842324,0.055999685525632205,0.4126546907977483,0.05221790458256094,0.046331575857522525,0.1839016051736949,0.1377343558732058
319,319.0,319.1,0.05142110826101187,0.05921138447648494,0.05568149518380037,0.41333882543528205,0.051929952486961375,0.04614623877354396,0.18481507214179194,0.13745592324112316
320,320.0,320.1,0.05123014997014926,0.060154423459184744,0.05537139440609308,0.4132272477700584,0.051649829183341135,0.04596535740511935,0.18521713118736313,0.1371844666186906
321,321.0,321.1,0.05084413472348716,0.05964076649259464,0.05504835246087234,0.4156758989568322,0.051277378071705425,0.04568893550651866,0.18471677853210391,0.13710775525588537
322,322.0,322.1,0.05173885179851963,0.05991524161874506,0.05473607099449189,0.4159996807347405,0.0509173580618549,0.045421882443575576,0.18423555421506968,0.13703536013300266
323,323.0,323.1,0.04872738983197473,0.05809217153596687,0.053142420725895104,0.41557021946690575,0.050688954790744055,0.04379098784505045,0.19434501890408884,0.135642836899374
324,324.0,324.1,0.047375491703807324,0.05660126812442119,0.05170887097575412,0.4255323031297899,0.04926996633406962,0.0424812063270658,0.19242676183518717,0.13460413156990458
325,325.0,325.1,0.0461127990769223,0.06432612812835997,0.05051293483322713,0.4259161506222303,0.048009530464081775,0.04132667805203362,0.19017288534506988,0.13362289347807482
326,326.0,326.1,0.0465178755677757,0.06388463207932224,0.05023493369213412,0.42744080664142026,0.047669017548544364,0.04108891835963278,0.1896095559328066,0.13355426017836372
327,327.0,327.1,0.04622546058746733,0.06346871680959679,0.04989959985349054,0.42881869563105424,0.04735218573917502,0.04087182207571276,0.19023023879398032,0.1331332805095228
328,328.0,328.1,0.045301153505698744,0.07000016438055971,0.04887408612975516,0.4270843763635771,0.046345037473255545,0.03996152059618506,0.19029054623484695,0.1321431153161214
329,329.0,329.1,0.04439591274858191,0.06772633429188661,0.04800357394779616,0.4284128006516415,0.04541746879144415,0.03912803173892061,0.19575510115520606,0.1311607766745228
330,330.0,330.1,0.044192516123503986,0.06743889131890465,0.0478067293737975,0.4269372261654637,0.045165232304514316,0.03896722320095799,0.1982026410041936,0.13128954050866393
331,331.0,331.1,0.04346217751452584,0.06552799390727093,0.047117701003382674,0.42529582346863154,0.051565263876605004,0.038278194830543164,0.19787267846652531,0.13088016693251525
332,332.0,332.1,0.04334024888316683,0.06532669868269032,0.04700854050276931,0.42479410018334846,0.051403834814286745,0.0381690343299298,0.19921684816230117,0.13074069444150713
333,333.0,333.1,0.04333075188698726,0.06157174192675781,0.04702285107070559,0.4277303107768816,0.053724140973214984,0.038141272123337164,0.19852160920396783,0.12995732203814758
334,334.0,334.1,0.043142837422209264,0.061308913500958184,0.04754863116281645,0.4293769054049312,0.05349137700890947,0.037992008707257816,0.19706927679833425,0.13007004999458313
335,335.0,335.1,0.042906777881239436,0.06106172806023606,0.0486569410955562,0.43044819292592196,0.05320659423850377,0.03785156739124633,0.19574321678886544,0.1301249816184305
336,336.0,336.1,0.04322876888922396,0.05360178665266644,0.04831288703110119,0.43375295661219465,0.05473968451674329,0.03826541867667081,0.1973697287321755,0.13072876888922394
337,337.0,337.1,0.0424805983973169,0.052279859240103255,0.04759414076892379,0.42892137868352664,0.05337272797224217,0.03875693146659821,0.20634073563427574,0.13025362783701303
338,338.0,338.1,0.04176091280941927,0.051053766609278385,0.046824813464717785,0.4298550355036048,0.05210907490948276,0.03811106095251566,0.21054845732331978,0.1297368784276613
339,339.0,339.1,0.04107403143355805,0.04993129578490846,0.0460998488503885,0.4291637273719696,0.05096213604433475,0.037506541987087326,0.21601596679779286,0.12924645172996024
340,340.0,340.1,0.040523234712057134,0.05749077173835524,0.045464656071204854,0.4247138432561285,0.05000127957616637,0.036975527141693706,0.21506110198778566,0.12976958551660828
341,341.0,341.1,0.03995311244769177,0.05844019832959303,0.04493003580120892,0.4291891686043325,0.049808571622866074,0.03647087448060181,0.21175891285040924,0.12944912586329657
342,342.0,342.1,0.039423190082136766,0.0572409292579519,0.045638684912536955,0.42648282859301795,0.04893967591446017,0.03810005445487745,0.21501429335304242,0.12916034343197616
343,343.0,343.1,0.03960951605740762,0.05613830573499201,0.045176856510216676,0.4326372746161738,0.04813699321269819,0.037636748717437066,0.21176369821729368,0.12890060693378072
344,344.0,344.1,0.03914304877017512,0.05520018260890044,0.04474557472022911,0.43286089278536377,0.04744587598839929,0.03719197870112752,0.21474554028777812,0.12866690613802634
345,345.0,345.1,0.03878281563067985,0.05441172837965057,0.044379818249125416,0.43251142028002904,0.046882297225860715,0.03685292278849501,0.217645999379576,0.12853299806658322
346,346.0,346.1,0.038587120732322885,0.054159164828275985,0.04419940990783565,0.4314808189355509,0.04858819071866356,0.036659393140957695,0.21802246784850987,0.12830343388788318
347,347.0,347.1,0.03817657078265764,0.053294121197475654,0.04269039300468057,0.4376688184106758,0.047903014895291016,0.036269532140553534,0.2158383179595031,0.1281592316091626
348,348.0,348.1,0.03894959024376792,0.05302422919650228,0.042560716456889844,0.4383841870048184,0.047654858335692135,0.03610357112251609,0.21513564733367244,0.12818720030614078
349,349.0,349.1,0.03873528599471589,0.05274904526729933,0.042385237247174135,0.43969621150500143,0.04737680571747131,0.03592978134845205,0.21493772580360573,0.12818990711628
350,350.0,350.1,0.038545783042557305,0.052502636707855724,0.04214266514733826,0.4414772174467937,0.04710837605595123,0.035762837536499656,0.2145296045292599,0.12793087953374407
351,351.0,351.1,0.0385730791738784,0.052955727285188804,0.0421895245084822,0.44805674756498587,0.04275895733667619,0.03580060477424572,0.21171738501555315,0.12794797434098942
352,352.0,352.1,0.03843526547305469,0.05283086593159851,0.04205625111635308,0.44959126557997686,0.04264180411238314,0.035690209442057114,0.2107319570531136,0.12802238129146273
353,353.0,353.1,0.03810241388684718,0.05467777513723919,0.04278047649340217,0.45064503882292595,0.04232916666623154,0.03538419965673218,0.20818460935229655,0.12789631998432488
354,354.0,354.1,0.0379504118282567,0.054486194905768504,0.042649161070262794,0.4485408287816276,0.04211784085066706,0.03526541556191361,0.21104927336781137,0.12794087363369216
