Total_iterations,Unnamed: 0.1,Intertwine_two,Invert_path_vertices,Insert_inside_vertex,Delete_inside_vertex,Replace_inside_vertex,Donate_between_routes,Trim_one_terminal_cb,Grow_one_terminal_cb
0,0.0,0.125,0.125,0.125,0.125,0.125,0.125,0.125,0.125
1,1.0,0.125,0.125,0.125,0.125,0.125,0.125,0.125,0.125
2,2.0,0.125,0.125,0.125,0.125,0.125,0.125,0.125,0.125
3,3.0,0.125,0.125,0.125,0.125,0.125,0.125,0.125,0.125
4,4.0,0.125,0.125,0.125,0.125,0.125,0.125,0.125,0.125
5,5.0,0.125,0.125,0.125,0.125,0.125,0.125,0.125,0.125
6,6.0,0.125,0.125,0.125,0.125,0.125,0.125,0.125,0.125
7,7.0,0.125,0.125,0.125,0.125,0.125,0.125,0.125,0.125
8,8.0,0.125,0.125,0.125,0.125,0.125,0.125,0.125,0.125
9,9.0,0.125,0.125,0.125,0.125,0.125,0.125,0.125,0.125
10,10.0,0.125,0.125,0.125,0.125,0.125,0.125,0.125,0.125
11,11.0,0.125,0.125,0.125,0.125,0.125,0.125,0.125,0.125
12,12.0,0.125,0.125,0.125,0.125,0.125,0.125,0.125,0.125
13,13.0,0.125,0.125,0.125,0.125,0.125,0.125,0.125,0.125
14,14.0,0.125,0.125,0.125,0.125,0.125,0.125,0.125,0.125
15,15.0,0.125,0.125,0.125,0.125,0.125,0.125,0.125,0.125
16,16.0,0.125,0.125,0.125,0.125,0.125,0.125,0.125,0.125
17,17.0,0.125,0.125,0.125,0.125,0.125,0.125,0.125,0.125
18,18.0,0.125,0.125,0.125,0.125,0.125,0.125,0.125,0.125
19,19.0,0.125,0.125,0.125,0.125,0.125,0.125,0.125,0.125
20,20.0,0.125,0.125,0.125,0.125,0.125,0.125,0.125,0.125
21,21.0,0.125,0.125,0.125,0.125,0.125,0.125,0.125,0.125
22,22.0,0.125,0.125,0.125,0.125,0.125,0.125,0.125,0.125
23,23.0,0.125,0.125,0.125,0.125,0.125,0.125,0.125,0.125
24,24.0,0.125,0.125,0.125,0.125,0.125,0.125,0.125,0.125
25,25.0,0.125,0.125,0.125,0.125,0.125,0.125,0.125,0.125
26,26.0,0.125,0.125,0.125,0.125,0.125,0.125,0.125,0.125
27,27.0,0.125,0.125,0.125,0.125,0.125,0.125,0.125,0.125
28,28.0,0.125,0.125,0.125,0.125,0.125,0.125,0.125,0.125
29,29.0,0.125,0.125,0.125,0.125,0.125,0.125,0.125,0.125
30,30.0,0.125,0.125,0.125,0.125,0.125,0.125,0.125,0.125
31,31.0,0.125,0.125,0.125,0.125,0.125,0.125,0.125,0.125
32,32.0,0.125,0.125,0.125,0.125,0.125,0.125,0.125,0.125
33,33.0,0.125,0.125,0.125,0.125,0.125,0.125,0.125,0.125
34,34.0,0.125,0.125,0.125,0.125,0.125,0.125,0.125,0.125
35,35.0,0.125,0.125,0.125,0.125,0.125,0.125,0.125,0.125
36,36.0,0.125,0.125,0.125,0.125,0.125,0.125,0.125,0.125
37,37.0,0.125,0.125,0.125,0.125,0.125,0.125,0.125,0.125
38,38.0,0.125,0.125,0.125,0.125,0.125,0.125,0.125,0.125
39,39.0,0.125,0.125,0.125,0.125,0.125,0.125,0.125,0.125
40,40.0,0.125,0.125,0.125,0.125,0.125,0.125,0.125,0.125
41,41.0,0.125,0.125,0.125,0.125,0.125,0.125,0.125,0.125
42,42.0,0.125,0.125,0.125,0.125,0.125,0.125,0.125,0.125
43,43.0,0.125,0.125,0.125,0.125,0.125,0.125,0.125,0.125
44,44.0,0.125,0.125,0.125,0.125,0.125,0.125,0.125,0.125
45,45.0,0.125,0.125,0.125,0.125,0.125,0.125,0.125,0.125
46,46.0,0.125,0.125,0.125,0.125,0.125,0.125,0.125,0.125
47,47.0,0.125,0.125,0.125,0.125,0.125,0.125,0.125,0.125
48,48.0,0.125,0.125,0.125,0.125,0.125,0.125,0.125,0.125
49,49.0,0.125,0.125,0.125,0.125,0.125,0.125,0.125,0.125
50,50.0,0.125,0.125,0.125,0.125,0.125,0.125,0.125,0.125
51,51.0,0.125,0.125,0.125,0.125,0.125,0.125,0.125,0.125
52,52.0,0.125,0.125,0.125,0.125,0.125,0.125,0.125,0.125
53,53.0,0.125,0.125,0.125,0.125,0.125,0.125,0.125,0.125
54,54.0,0.125,0.125,0.125,0.125,0.125,0.125,0.125,0.125
55,55.0,0.125,0.125,0.125,0.125,0.125,0.125,0.125,0.125
56,56.0,0.125,0.125,0.125,0.125,0.125,0.125,0.125,0.125
57,57.0,0.125,0.125,0.125,0.125,0.125,0.125,0.125,0.125
58,58.0,0.125,0.125,0.125,0.125,0.125,0.125,0.125,0.125
59,59.0,0.125,0.125,0.125,0.125,0.125,0.125,0.125,0.125
60,60.0,0.125,0.125,0.125,0.125,0.125,0.125,0.125,0.125
61,61.0,0.125,0.125,0.125,0.125,0.125,0.125,0.125,0.125
62,62.0,0.125,0.125,0.125,0.125,0.125,0.125,0.125,0.125
63,63.0,0.125,0.125,0.125,0.125,0.125,0.125,0.125,0.125
64,64.0,0.125,0.125,0.125,0.125,0.125,0.125,0.125,0.125
65,65.0,0.125,0.125,0.125,0.125,0.125,0.125,0.125,0.125
66,66.0,0.125,0.125,0.125,0.125,0.125,0.125,0.125,0.125
67,67.0,0.125,0.125,0.125,0.125,0.125,0.125,0.125,0.125
68,68.0,0.125,0.125,0.125,0.125,0.125,0.125,0.125,0.125
69,69.0,0.125,0.125,0.125,0.125,0.125,0.125,0.125,0.125
70,70.0,0.125,0.125,0.125,0.125,0.125,0.125,0.125,0.125
71,71.0,0.125,0.125,0.125,0.125,0.125,0.125,0.125,0.125
72,72.0,0.125,0.125,0.125,0.125,0.125,0.125,0.125,0.125
73,73.0,0.125,0.125,0.125,0.125,0.125,0.125,0.125,0.125
74,74.0,0.125,0.125,0.125,0.125,0.125,0.125,0.125,0.125
75,75.0,0.125,0.125,0.125,0.125,0.125,0.125,0.125,0.125
76,76.0,0.125,0.125,0.125,0.125,0.125,0.125,0.125,0.125
77,77.0,0.125,0.125,0.125,0.125,0.125,0.125,0.125,0.125
78,78.0,0.125,0.125,0.125,0.125,0.125,0.125,0.125,0.125
79,79.0,0.125,0.125,0.125,0.125,0.125,0.125,0.125,0.125
80,80.0,0.125,0.125,0.125,0.125,0.125,0.125,0.125,0.125
81,81.0,0.125,0.125,0.125,0.125,0.125,0.125,0.125,0.125
82,82.0,0.125,0.125,0.125,0.125,0.125,0.125,0.125,0.125
83,83.0,0.125,0.125,0.125,0.125,0.125,0.125,0.125,0.125
84,84.0,0.125,0.125,0.125,0.125,0.125,0.125,0.125,0.125
85,85.0,0.125,0.125,0.125,0.125,0.125,0.125,0.125,0.125
86,86.0,0.125,0.125,0.125,0.125,0.125,0.125,0.125,0.125
87,87.0,0.125,0.125,0.125,0.125,0.125,0.125,0.125,0.125
88,88.0,0.125,0.125,0.125,0.125,0.125,0.125,0.125,0.125
89,89.0,0.125,0.125,0.125,0.125,0.125,0.125,0.125,0.125
90,90.0,0.125,0.125,0.125,0.125,0.125,0.125,0.125,0.125
91,91.0,0.125,0.125,0.125,0.125,0.125,0.125,0.125,0.125
92,92.0,0.125,0.125,0.125,0.125,0.125,0.125,0.125,0.125
93,93.0,0.125,0.125,0.125,0.125,0.125,0.125,0.125,0.125
94,94.0,0.125,0.125,0.125,0.125,0.125,0.125,0.125,0.125
95,95.0,0.125,0.125,0.125,0.125,0.125,0.125,0.125,0.125
96,96.0,0.125,0.125,0.125,0.125,0.125,0.125,0.125,0.125
97,97.0,0.125,0.125,0.125,0.125,0.125,0.125,0.125,0.125
98,98.0,0.125,0.125,0.125,0.125,0.125,0.125,0.125,0.125
99,99.0,0.125,0.125,0.125,0.125,0.125,0.125,0.125,0.125
100,100.0,0.125,0.125,0.125,0.125,0.125,0.125,0.125,0.125
101,101.0,0.125,0.125,0.125,0.125,0.125,0.125,0.125,0.125
102,102.0,0.125,0.125,0.125,0.125,0.125,0.125,0.125,0.125
103,103.0,0.125,0.125,0.125,0.125,0.125,0.125,0.125,0.125
104,104.0,0.125,0.125,0.125,0.125,0.125,0.125,0.125,0.125
105,105.0,0.125,0.125,0.125,0.125,0.125,0.125,0.125,0.125
106,106.0,0.125,0.125,0.125,0.125,0.125,0.125,0.125,0.125
107,107.0,0.125,0.125,0.125,0.125,0.125,0.125,0.125,0.125
108,108.0,0.125,0.125,0.125,0.125,0.125,0.125,0.125,0.125
109,109.0,0.125,0.125,0.125,0.125,0.125,0.125,0.125,0.125
110,110.0,0.125,0.125,0.125,0.125,0.125,0.125,0.125,0.125
111,111.0,0.125,0.125,0.125,0.125,0.125,0.125,0.125,0.125
112,112.0,0.125,0.125,0.125,0.125,0.125,0.125,0.125,0.125
113,113.0,0.125,0.125,0.125,0.125,0.125,0.125,0.125,0.125
114,114.0,0.125,0.125,0.125,0.125,0.125,0.125,0.125,0.125
115,115.0,0.125,0.125,0.125,0.125,0.125,0.125,0.125,0.125
116,116.0,0.125,0.125,0.125,0.125,0.125,0.125,0.125,0.125
117,117.0,0.125,0.125,0.125,0.125,0.125,0.125,0.125,0.125
118,118.0,0.125,0.125,0.125,0.125,0.125,0.125,0.125,0.125
119,119.0,0.125,0.125,0.125,0.125,0.125,0.125,0.125,0.125
120,120.0,0.125,0.125,0.125,0.125,0.125,0.125,0.125,0.125
121,121.0,0.125,0.125,0.125,0.125,0.125,0.125,0.125,0.125
122,122.0,0.125,0.125,0.125,0.125,0.125,0.125,0.125,0.125
123,123.0,0.125,0.125,0.125,0.125,0.125,0.125,0.125,0.125
124,124.0,0.125,0.125,0.125,0.125,0.125,0.125,0.125,0.125
125,125.0,0.125,0.125,0.125,0.125,0.125,0.125,0.125,0.125
126,126.0,0.125,0.125,0.125,0.125,0.125,0.125,0.125,0.125
127,127.0,0.125,0.125,0.125,0.125,0.125,0.125,0.125,0.125
128,128.0,0.125,0.125,0.125,0.125,0.125,0.125,0.125,0.125
129,129.0,0.125,0.125,0.125,0.125,0.125,0.125,0.125,0.125
130,130.0,0.125,0.125,0.125,0.125,0.125,0.125,0.125,0.125
131,131.0,0.125,0.125,0.125,0.125,0.125,0.125,0.125,0.125
132,132.0,0.125,0.125,0.125,0.125,0.125,0.125,0.125,0.125
133,133.0,0.125,0.125,0.125,0.125,0.125,0.125,0.125,0.125
134,134.0,0.125,0.125,0.125,0.125,0.125,0.125,0.125,0.125
135,135.0,0.125,0.125,0.125,0.125,0.125,0.125,0.125,0.125
136,136.0,0.125,0.125,0.125,0.125,0.125,0.125,0.125,0.125
137,137.0,0.125,0.125,0.125,0.125,0.125,0.125,0.125,0.125
138,138.0,0.125,0.125,0.125,0.125,0.125,0.125,0.125,0.125
139,139.0,0.125,0.125,0.125,0.125,0.125,0.125,0.125,0.125
140,140.0,0.125,0.125,0.125,0.125,0.125,0.125,0.125,0.125
141,141.0,0.125,0.125,0.125,0.125,0.125,0.125,0.125,0.125
142,142.0,0.125,0.125,0.125,0.125,0.125,0.125,0.125,0.125
143,143.0,0.125,0.125,0.125,0.125,0.125,0.125,0.125,0.125
144,144.0,0.125,0.125,0.125,0.125,0.125,0.125,0.125,0.125
145,145.0,0.125,0.125,0.125,0.125,0.125,0.125,0.125,0.125
146,146.0,0.125,0.125,0.125,0.125,0.125,0.125,0.125,0.125
147,147.0,0.125,0.125,0.125,0.125,0.125,0.125,0.125,0.125
148,148.0,0.125,0.125,0.125,0.125,0.125,0.125,0.125,0.125
149,149.0,0.125,0.125,0.125,0.125,0.125,0.125,0.125,0.125
150,150.0,0.125,0.125,0.125,0.125,0.125,0.125,0.125,0.125
151,151.0,0.125,0.125,0.125,0.125,0.125,0.125,0.125,0.125
152,152.0,0.125,0.125,0.125,0.125,0.125,0.125,0.125,0.125
153,153.0,0.125,0.125,0.125,0.125,0.125,0.125,0.125,0.125
154,154.0,0.125,0.125,0.125,0.125,0.125,0.125,0.125,0.125
155,155.0,0.125,0.125,0.125,0.125,0.125,0.125,0.125,0.125
156,156.0,0.125,0.125,0.125,0.125,0.125,0.125,0.125,0.125
157,157.0,0.125,0.125,0.125,0.125,0.125,0.125,0.125,0.125
158,158.0,0.125,0.125,0.125,0.125,0.125,0.125,0.125,0.125
159,159.0,0.125,0.125,0.125,0.125,0.125,0.125,0.125,0.125
160,160.0,0.125,0.125,0.125,0.125,0.125,0.125,0.125,0.125
161,161.0,0.125,0.125,0.125,0.125,0.125,0.125,0.125,0.125
162,162.0,0.125,0.125,0.125,0.125,0.125,0.125,0.125,0.125
163,163.0,0.125,0.125,0.125,0.125,0.125,0.125,0.125,0.125
164,164.0,0.125,0.125,0.125,0.125,0.125,0.125,0.125,0.125
165,165.0,0.125,0.125,0.125,0.125,0.125,0.125,0.125,0.125
166,166.0,0.125,0.125,0.125,0.125,0.125,0.125,0.125,0.125
167,167.0,0.125,0.125,0.125,0.125,0.125,0.125,0.125,0.125
168,168.0,0.125,0.125,0.125,0.125,0.125,0.125,0.125,0.125
169,169.0,0.125,0.125,0.125,0.125,0.125,0.125,0.125,0.125
170,170.0,0.125,0.125,0.125,0.125,0.125,0.125,0.125,0.125
171,171.0,0.125,0.125,0.125,0.125,0.125,0.125,0.125,0.125
172,172.0,0.125,0.125,0.125,0.125,0.125,0.125,0.125,0.125
173,173.0,0.125,0.125,0.125,0.125,0.125,0.125,0.125,0.125
174,174.0,0.125,0.125,0.125,0.125,0.125,0.125,0.125,0.125
175,175.0,0.125,0.125,0.125,0.125,0.125,0.125,0.125,0.125
176,176.0,0.125,0.125,0.125,0.125,0.125,0.125,0.125,0.125
177,177.0,0.125,0.125,0.125,0.125,0.125,0.125,0.125,0.125
178,178.0,0.125,0.125,0.125,0.125,0.125,0.125,0.125,0.125
179,179.0,0.125,0.125,0.125,0.125,0.125,0.125,0.125,0.125
180,180.0,0.125,0.125,0.125,0.125,0.125,0.125,0.125,0.125
181,181.0,0.125,0.125,0.125,0.125,0.125,0.125,0.125,0.125
182,182.0,0.125,0.125,0.125,0.125,0.125,0.125,0.125,0.125
183,183.0,0.125,0.125,0.125,0.125,0.125,0.125,0.125,0.125
184,184.0,0.125,0.125,0.125,0.125,0.125,0.125,0.125,0.125
185,185.0,0.125,0.125,0.125,0.125,0.125,0.125,0.125,0.125
186,186.0,0.125,0.125,0.125,0.125,0.125,0.125,0.125,0.125
187,187.0,0.125,0.125,0.125,0.125,0.125,0.125,0.125,0.125
188,188.0,0.125,0.125,0.125,0.125,0.125,0.125,0.125,0.125
189,189.0,0.125,0.125,0.125,0.125,0.125,0.125,0.125,0.125
190,190.0,0.125,0.125,0.125,0.125,0.125,0.125,0.125,0.125
191,191.0,0.125,0.125,0.125,0.125,0.125,0.125,0.125,0.125
192,192.0,0.125,0.125,0.125,0.125,0.125,0.125,0.125,0.125
193,193.0,0.125,0.125,0.125,0.125,0.125,0.125,0.125,0.125
194,194.0,0.125,0.125,0.125,0.125,0.125,0.125,0.125,0.125
195,195.0,0.125,0.125,0.125,0.125,0.125,0.125,0.125,0.125
196,196.0,0.125,0.125,0.125,0.125,0.125,0.125,0.125,0.125
197,197.0,0.125,0.125,0.125,0.125,0.125,0.125,0.125,0.125
198,198.0,0.125,0.125,0.125,0.125,0.125,0.125,0.125,0.125
199,199.0,0.1244642857142857,0.1244642857142857,0.1244642857142857,0.1251785714285714,0.1244642857142857,0.1244642857142857,0.1244642857142857,0.1280357142857142
200,200.0,0.1234061507936508,0.1234061507936508,0.1234061507936508,0.1258275793650793,0.1234061507936508,0.1234061507936508,0.125628373015873,0.1315132936507936
201,201.0,0.1221411964285714,0.1221411964285714,0.1221411964285714,0.1262462678571428,0.1231411964285714,0.1221411964285714,0.1263411964285714,0.1357065535714285
202,202.0,0.1207209359253247,0.1207209359253247,0.1207209359253247,0.1263807546915584,0.1226200268344156,0.1207209359253247,0.1267680268344156,0.1413474479383116
203,203.0,0.1193387388663961,0.1193387388663961,0.1193387388663961,0.1265035697112013,0.122118929775487,0.1193387388663961,0.127178649775487,0.1468438952722402
204,204.0,0.1180046208779432,0.1180046208779432,0.1180046208779432,0.1275237428564432,0.1216409089688523,0.1180046208779432,0.1275705797688523,0.1512462848940795
205,205.0,0.1167271152328029,0.1167271152328029,0.1167271152328029,0.1285231547650899,0.1211884369973483,0.1167271152328029,0.1279417668093483,0.1554381804970018
206,206.0,0.1153536343433939,0.1153536343433939,0.1153536343433939,0.1309159376137648,0.1216391358228293,0.1153536343433939,0.1280551143363981,0.1579752748534321
207,207.0,0.1140512418117685,0.1140512418117685,0.1140512418117685,0.133258981325133,0.1221100944642549,0.1140512418117685,0.128147185912989,0.160278771050549
208,208.0,0.1128618167634286,0.1128618167634286,0.1128618167634286,0.1352650981070804,0.1236305413895804,0.1128618167634286,0.1282551524543648,0.1614019409952597
209,209.0,0.1114874663020386,0.1123965572111296,0.1114874663020386,0.1385646805014905,0.1246157101365496,0.1114874663020386,0.1280137518360404,0.1619469014086737
210,210.0,0.1101241793872705,0.1126908460539372,0.1101241793872705,0.1416822159600028,0.1254367826630341,0.1101241793872705,0.1276817800016143,0.1621358371596
211,211.0,0.1087068102059373,0.1129062950544221,0.1087068102059373,0.1450765120434001,0.1269466132104729,0.1087068102059373,0.1270480873175144,0.1619020617563784
212,212.0,0.1071239438955121,0.1140287480369262,0.1071239438955121,0.1478699712623816,0.1280381229981916,0.1071239438955121,0.1268594114557778,0.1618319145601865
213,213.0,0.1057197553688048,0.1145105008526432,0.1066288462778957,0.1495779678194241,0.129331731168787,0.1057197553688048,0.126745972990621,0.1617654701530191
214,214.0,0.1042202167125088,0.1147113110405998,0.1060293076215998,0.1527550993282824,0.130268029176003,0.1042202167125088,0.1264311805468355,0.1613646388616617
215,215.0,0.1026009072771949,0.1145416470460746,0.1060503921256798,0.1553687182747236,0.1309198885526088,0.1026009072771949,0.1274394829478877,0.1604780564986355
216,216.0,0.1016672276825731,0.1140650805341112,0.1060109531804086,0.1583541256508357,0.1313721793010689,0.1010653015188492,0.1282804538838786,0.1591846782482746
217,217.0,0.1007963385434803,0.1134386600923231,0.105868476337786,0.1617321904943654,0.1299923065952574,0.0997083681493301,0.1289893475702897,0.1594743122171679
218,218.0,0.0997538367821237,0.1125537374070329,0.1064699518044371,0.1662905609590325,0.1282100413286178,0.0982377189829441,0.129203539553438,0.1592806131823737
219,219.0,0.0986540746084918,0.1115324188852329,0.1070023632305441,0.1712843187879491,0.1262515743397927,0.0967650075449997,0.1290620717622965,0.1594481708406928
220,220.0,0.0981875968806929,0.1105221800782386,0.1084571494545805,0.1757871328578109,0.1233261936981195,0.0953859328166212,0.1288384561313841,0.1594953580825519
221,221.0,0.0978251516961278,0.1088947605006785,0.1099387550810369,0.180008951756766,0.1204368499228931,0.0941343336388418,0.1286019671303988,0.1601592302732569
222,222.0,0.0975599602523186,0.1073281524253847,0.1114296821134069,0.1839356568129155,0.1176088327652211,0.0930099784483793,0.1283562569863576,0.160771480196016
223,223.0,0.0967599490896279,0.1058319407828837,0.1129140891407752,0.1875574923599784,0.1148642897349249,0.0920113863984067,0.1287297049150066,0.1613311475783963
224,224.0,0.0960491002915708,0.104414048046321,0.1143777840933686,0.1908687269933928,0.1122223188495698,0.0911359670953746,0.1290941606297902,0.1618378940006119
225,225.0,0.0952082858482264,0.1028635009910306,0.1155908809677005,0.1950674718568823,0.1094817623420773,0.0901628371961816,0.1296658330433132,0.1619594277545877
226,226.0,0.0944177339979689,0.10136789404885,0.1167251321322656,0.1993104884788043,0.1068387078691479,0.0892703225888472,0.13011093082039,0.1619587900637258
227,227.0,0.0936264689308326,0.0996451081105393,0.1177232245772354,0.2029421833869855,0.1041397016331277,0.0882994886686449,0.1319505138440672,0.1616733108485672
228,228.0,0.092785872784844,0.0978964502122295,0.1185321914157872,0.2072703118649626,0.1015816572709114,0.0873052861679082,0.1334383556577273,0.1611898746256295
229,229.0,0.0919142091755319,0.096147228509599,0.1191677800863608,0.2121322250844436,0.0985207768665781,0.0863048152377109,0.135161086115694,0.1606518789240814
230,230.0,0.0909817069284368,0.0943991101635352,0.1196286177282451,0.2164348673038328,0.0955255980375798,0.0852975281880873,0.1370395249268721,0.1606930467234104
231,231.0,0.0900828958089289,0.0926349505373266,0.1200066919470113,0.2201861941460006,0.0926986232937938,0.0843733003805971,0.138854052132564,0.1611632917537775
232,232.0,0.0898944139303725,0.0909144245249366,0.1202395475328994,0.2235726066153517,0.0899843511642528,0.0834648405461434,0.1404833917071415,0.1614464239789018
233,233.0,0.0895950690461247,0.0891842095471818,0.120126294690966,0.2280451956273101,0.0873370861579706,0.082519237666677,0.1417715093896326,0.1614213978741369
234,234.0,0.0893525076287291,0.0875732862306511,0.1199497500090511,0.2323438512155119,0.0848873097929589,0.0816603716557686,0.1428922247732603,0.1613406986940688
235,235.0,0.0891631146268338,0.0860854723235466,0.1197176457991314,0.2364469656736969,0.0826394086499001,0.0808877951678309,0.1438496216587125,0.1612099761003475
236,236.0,0.0883426830128989,0.0847142113324574,0.1194237416067643,0.2404334225772187,0.0805815567686874,0.08085190579332,0.1446301928736535,0.1610222860349994
237,237.0,0.0875744816544307,0.0834690268838334,0.1194594875326517,0.2438225233525928,0.0787272884321113,0.080892478000307,0.1452590737639737,0.160795640380099
238,238.0,0.0868693968420121,0.0823630744753432,0.1193252224334882,0.2481357672770056,0.0778524460408495,0.0810086662098961,0.1466723034509792,0.1577731232704257
239,239.0,0.08612646405729,0.0812873911107903,0.1190525604572515,0.2527256256533621,0.0770738240201033,0.0810911421289577,0.1477002233519752,0.1549427692202697
240,240.0,0.0853157833669864,0.0802085926610711,0.1185181474870081,0.2575667574750611,0.0762935274397279,0.0811013381689985,0.1483632224197243,0.1526326309814221
241,241.0,0.084527202630371,0.0792127448810078,0.1179273701125706,0.2627948434141607,0.0755340534228589,0.0811213466193286,0.1485397224751068,0.1503427164445951
242,242.0,0.0837905738954989,0.0783304652483581,0.117304454531287,0.26884872306083,0.0749251862459894,0.0811313012660907,0.1486309821934566,0.1470383135584889
243,243.0,0.0825668131016362,0.0775136645490203,0.1166279333993327,0.2753294031931635,0.0744156237370353,0.0810926631013278,0.1491694503232283,0.1432844485952556
244,244.0,0.081325574490228,0.0767226663242644,0.1157491875703559,0.28200433308813,0.0744354249580926,0.0809697897121798,0.1492660289170548,0.1395269949396942
245,245.0,0.0813021458730299,0.0754193722653496,0.1135860115910978,0.2891041668147763,0.0747251805097185,0.0809924642270338,0.1493634844961601,0.1355071742228338
246,246.0,0.0810999158038349,0.0740765649848954,0.1112907167756646,0.295374975323747,0.0758583796583257,0.0808616574587034,0.1500592572394923,0.1313785327553365
247,247.0,0.080931130512553,0.0728180314292711,0.1091194937392198,0.3021558040113641,0.0763160922833962,0.0807054554048047,0.1504595818823082,0.1274944107370827
248,248.0,0.0806976218260358,0.0719680846799469,0.1066779831888188,0.3082161317812146,0.076707306124856,0.0804312316159472,0.1510077469826408,0.1242938938005396
249,249.0,0.0802342313505931,0.0710044906127978,0.1040188284215539,0.3145573564015617,0.0775270974503987,0.0799550399328247,0.1509901372157676,0.1217128186145022
250,250.0,0.0796367823165513,0.0700119871774935,0.1013402215850985,0.3211330411072534,0.0781922271296554,0.0793837475155598,0.1505418082263367,0.1197601849420512
251,251.0,0.0790408800892646,0.0694318945666356,0.0987294266661981,0.3273627412968309,0.0788273361892172,0.0787729941311722,0.1498650966371376,0.1179696304235436
252,252.0,0.078461474574911,0.0689174053679557,0.0962149159868664,0.3334588730155591,0.079451041677859,0.0781582833226245,0.1489731872880534,0.1163648187661708
253,253.0,0.0779962591914266,0.068560653166309,0.093333249338579,0.33926967422882,0.0794851292652057,0.0776397069745042,0.1479710027490062,0.1157443250861491
254,254.0,0.0774632872360645,0.0681650012467116,0.0904797852927348,0.3446334615001649,0.079519423000742,0.0771319992197129,0.1473292535551396,0.1152777889487296
255,255.0,0.0769585256414465,0.0678636483907607,0.08777449281913,0.3503051270070338,0.0795559212215678,0.0766203821829921,0.1471050059417134,0.1138168967953555
256,256.0,0.0764147176029922,0.0678973021907938,0.0851052712554683,0.3549939610271599,0.0794974895854281,0.0760545417131183,0.1470558141456428,0.1129809024793964
257,257.0,0.0757229051467585,0.0678217561845968,0.0824262643850815,0.3600572743221523,0.0793407608531576,0.0753677772838317,0.1467413409383165,0.1125219208861049
258,258.0,0.0750445054278065,0.068082884521167,0.0798980790231787,0.364364164982,0.0791405867680482,0.0746687126692652,0.1466343595773407,0.1121667070311935
259,259.0,0.0743696957273987,0.0686512481835418,0.0775153899710415,0.3685042757843482,0.0788875506139485,0.0739497185007496,0.1462428708957176,0.1118792503232539
260,260.0,0.073713938409661,0.0691878788908968,0.0752962958476079,0.3730467137485642,0.0778837631810701,0.0732399637435174,0.1459678085679016,0.1116636376107808
261,261.0,0.0731378304966865,0.0697411283337741,0.0726346310210907,0.3773137639371648,0.0769136828463138,0.0726034602321167,0.1455351897556668,0.1121203133771863
262,262.0,0.0724321889705199,0.0701692381049104,0.0700415897050228,0.3817547223134434,0.0758333521748705,0.0717663526988887,0.1451476831580556,0.1128548728742885
263,263.0,0.0716188845053536,0.0704848264958691,0.0675376304805333,0.386330393048017,0.0746642392132278,0.0708481412015609,0.1446823096493972,0.1138335754060409
264,264.0,0.0707906372968549,0.0707322372209689,0.0651749860214922,0.3909402428303731,0.0734631517199125,0.0699019534256004,0.1441930533233571,0.1148037381614407
265,265.0,0.0699460835443959,0.070862761124659,0.0629508080239755,0.3950942116368419,0.0722255968699183,0.0689294203041687,0.1439691564074593,0.1160219620885813
266,266.0,0.0690228417671451,0.0709123743337975,0.0609007484857249,0.3988647334001785,0.071288866993021,0.0679700541015763,0.1438272464980011,0.1172131344205555
267,267.0,0.0677054161085153,0.0709100123419896,0.0590172556010963,0.4028387511470715,0.0703651993644155,0.0670213867827093,0.1435136688514449,0.1186283098027576
268,268.0,0.0664471329995164,0.0711423467948456,0.0573363935937728,0.4063219663785485,0.0694754408608576,0.0661211847976453,0.1431317950926689,0.1200237394821447
269,269.0,0.0652445907815494,0.0713506916860909,0.0563232413649746,0.4091780316134538,0.0686345865946857,0.0652676013718774,0.142620752688793,0.1213805038985751
270,270.0,0.0641062875141893,0.0715401766445274,0.0554924629423926,0.4119348520028152,0.0678442120496193,0.064469324605287,0.1420164304293147,0.1225962538118546
271,271.0,0.0629733266802972,0.0716469371590996,0.0547702730748791,0.4140670490467672,0.0670433173442468,0.0637732842782036,0.1412659222045946,0.124459890211912
272,272.0,0.0618879859433401,0.0719729278844365,0.0541731530278635,0.4154218972200922,0.0662747172427877,0.0631020969738788,0.1409387903363698,0.1262284313712313
273,273.0,0.0608460973967221,0.072477359472721,0.053683706113107,0.4170736644028314,0.0657732421317818,0.062449303862267,0.140409691022838,0.1272869355977315
274,274.0,0.060309889204217,0.0728577847798189,0.0535686038365397,0.418528692728925,0.0652657514116418,0.0617991418741754,0.1397513440919863,0.1279187920726957
275,275.0,0.0598323055887296,0.0731434326383408,0.0538131129385401,0.4197798368253357,0.0647802487478348,0.061184165912743,0.1390195889660006,0.1284473083824751
276,276.0,0.0593672418729573,0.0733150602012998,0.0541242899576234,0.4209699046989001,0.0642951731832072,0.0605832391330791,0.1382965474837717,0.129048543469161
277,277.0,0.0589239281513987,0.0733833489418854,0.0547767614414496,0.421601230672557,0.0638224201249844,0.0600075932165849,0.1377663628420309,0.1297183546091089
278,278.0,0.058683286383485,0.0733699076784685,0.055481310137272,0.4219769922148443,0.0633687892200645,0.0594694009521819,0.1372005302040503,0.1304497832096331
279,279.0,0.0584747334681284,0.0732717389693444,0.0563986257367127,0.4218685255312905,0.0629329557531731,0.0589588312016835,0.1367949749226336,0.1312996144170336
280,280.0,0.0582735969979876,0.0730930446479749,0.0573124015828758,0.4218375981752315,0.0624971989224936,0.0584695546529289,0.1363376158454059,0.1321789891751015
281,281.0,0.0580858731871268,0.0731303739810149,0.0579513299202649,0.4218662195124443,0.0620832271794922,0.0580059823771389,0.1357909703660303,0.1330860234764873
282,282.0,0.0579034894590716,0.0734833543057985,0.0585807153746013,0.4215078356258999,0.0616880756327625,0.0575684321565166,0.1354072086031069,0.1338608888422423
283,283.0,0.0579315018864228,0.0737629128209408,0.0591846442069209,0.4209541150645629,0.0613026517749,0.0569632285475643,0.135609352269151,0.1342915934295368
284,284.0,0.0579608005000773,0.0739846965725972,0.0599386852601553,0.4201854424510728,0.060940748531075,0.0563855845038698,0.1358592218847693,0.1347448202963827
285,285.0,0.0577681110921527,0.074176258959202,0.0606816660954511,0.4196006577631453,0.0606167200542225,0.0558514148546298,0.1361946148049378,0.1351105563762583
286,286.0,0.0572505770052399,0.0743253358135341,0.0613999714082145,0.4190195203302411,0.0603229143611225,0.0553544223388567,0.1365960843895973,0.1357311743531934
287,287.0,0.056774036517369,0.0744560071854243,0.062117929088602,0.4178811973568883,0.0600845498769061,0.0549135582599028,0.1374867141238517,0.1362860075910554
288,288.0,0.0563166113266518,0.0745345900936189,0.0627955077049629,0.4168965775045283,0.0598655133066026,0.054504941666332,0.1384179063857378,0.1366683520115651
289,289.0,0.0558718899193409,0.0745519321703302,0.0634207648379619,0.4159433678581669,0.0596607141017591,0.0541202294359671,0.139364594557937,0.1370665071185364
290,290.0,0.0554248550664949,0.0745050607257625,0.0637986371246318,0.4146888427048259,0.0594587289597945,0.0537425559356606,0.1410541854418172,0.1373271340410122
291,291.0,0.0549849959035781,0.0743767935560135,0.0640970562545007,0.4136780705741162,0.0592472197339634,0.0533829019703757,0.1427460418903184,0.1374869201171335
292,292.0,0.054548697151065,0.0747431018121413,0.0643126110944366,0.4123949363027172,0.0590314047354646,0.0530358522814334,0.1448366686380193,0.1370967279847221
293,293.0,0.0541176434596221,0.0750479809357577,0.0644480614623748,0.4110739217458296,0.0588114838034478,0.0527013775112168,0.1470827524684533,0.1367167786132973
294,294.0,0.0536641119427731,0.0750059553825451,0.0647048047368067,0.410128190719334,0.0585584914182384,0.0523501354253344,0.1492663932469882,0.1363219171279797
295,295.0,0.0532045844626916,0.0748409012250194,0.0648858258064843,0.4094571017356105,0.0582768891182566,0.0519942652082197,0.1514118697702224,0.135928562673495
296,296.0,0.0530148839671204,0.0745992095929344,0.0649811454974895,0.4090347637468368,0.0579672827895198,0.0516333466264987,0.1535132895683204,0.1352560782112797
297,297.0,0.0528142559316765,0.0742777288391756,0.0650008894941531,0.4089846231577109,0.0576512854307525,0.0512747619160461,0.1553889633280297,0.1346074919024552
298,298.0,0.0525987398563199,0.0738802611280864,0.0649350577384707,0.4090339141762434,0.0573213320396613,0.0509153447084903,0.1571590139611703,0.1341563363915574
299,299.0,0.0523882934956683,0.0734221199511824,0.0648160945666469,0.4090447699491071,0.0569870621378245,0.0505730530225523,0.1590210952641747,0.1337475116128435
300,300.0,0.052169189665211,0.0728786722274442,0.0646442111094575,0.4088531588426757,0.0566412658007316,0.0502346099281994,0.1607930937421303,0.13378579868415
301,301.0,0.0519429969608457,0.0722614248498615,0.0643356219564138,0.4089113435526822,0.0564124335445706,0.0499057927123543,0.1623951327270031,0.1338352536962686
302,302.0,0.0517162753270786,0.0716021937019495,0.0641312236977365,0.4090003400139996,0.0563884427087437,0.0495917718272909,0.1636549214055019,0.1339148313176991
303,303.0,0.0514948606796024,0.0709151405424463,0.0638761582670712,0.4090565735366359,0.0563493770531123,0.0492912914671886,0.1650570545898383,0.1339595438641048
304,304.0,0.0512742039186737,0.0702278670514941,0.0635760951654946,0.409419957600514,0.0563067312160321,0.0490053593143687,0.166154071681603,0.1340357140518196
305,305.0,0.0514282060279586,0.0694022761346379,0.0632338163124568,0.4097057725639458,0.0562461966615485,0.048720625357946,0.1671464652937054,0.1341166416478008
306,306.0,0.0515442299496281,0.0685300657391436,0.0628344296455443,0.4099455111776045,0.0561477377136923,0.048429028099472,0.1683843750644659,0.134184622610449
307,307.0,0.0516261603309505,0.067979660911109,0.0623971827275473,0.409823525791155,0.0560149020229701,0.0481339639455525,0.169611466354181,0.1344131379165342
308,308.0,0.0516874451015814,0.0674002212981778,0.0620159958552912,0.4095856158902252,0.0558560774167927,0.0478455422387024,0.1710176032251917,0.1345914989740373
309,309.0,0.0517146201660252,0.0667854451026715,0.0615991012503345,0.4095433079253847,0.0556699797892235,0.0475594407633136,0.1723682334468709,0.1347598715561758
310,310.0,0.0518090971038663,0.0661731590012504,0.0611620027169403,0.4095047107656151,0.0553898822951967,0.0472872766458207,0.1737348643248825,0.1349390071464276
311,311.0,0.051886891415902,0.0655670083297154,0.0607835463971429,0.409423618770155,0.0550940351423556,0.047025286472453,0.1749512871428496,0.1352683263294262
312,312.0,0.0519309288261702,0.0649417213546256,0.0603833757336297,0.4097520199707068,0.0547792751278324,0.046768827093416,0.1760184916318346,0.1354253602617845
313,313.0,0.0519595366677287,0.0644660883357737,0.059972634789875,0.4100908138864884,0.0544558841245706,0.0465260180362782,0.1769426665729832,0.1355863575863019
314,314.0,0.0519865261140298,0.0637060917954418,0.0595645449007561,0.4104968302399997,0.0541428557189413,0.0463070892667919,0.178072442063687,0.1357236199003521
315,315.0,0.0519909877862406,0.0629671217671382,0.0591512561954052,0.4107662408214876,0.0538313124582801,0.0461012602026201,0.1793747516858174,0.1358170690830106
316,316.0,0.0519670806885928,0.0622321283316287,0.0587288466584947,0.4111586673293533,0.053509753248893,0.045901762875933,0.1806446570186265,0.1358571038484778
317,317.0,0.0519084816454296,0.0614975556729314,0.0582963127808099,0.4113332524414453,0.0531764886465233,0.0457048533947365,0.1819050169687981,0.1361780384493257
318,318.0,0.0518298408543453,0.0607789713022517,0.0577875799963802,0.4115680956803605,0.0528429545743375,0.0455205801797314,0.1832265977273927,0.1364453796852004
319,319.0,0.0517373604070759,0.0600866938590502,0.0572800225115028,0.4118587340103114,0.0525077281998925,0.0453443105346069,0.1845141171814006,0.1366710332961594
320,320.0,0.0516318696539865,0.0595491949646132,0.0567762254240654,0.4121239516549945,0.0521722343754006,0.0451755989995418,0.1857161001441688,0.1368548247832289
321,321.0,0.0514943092547014,0.0590201325479065,0.05627645554067,0.4126185456150374,0.0518278207702738,0.0450040140121789,0.1867428598555661,0.1370158624036656
322,322.0,0.051453474857536,0.0585776302249325,0.0557831534681781,0.4131266318902847,0.0514763420976889,0.0448297314322013,0.1875985603508857,0.1371544756782925
323,323.0,0.0511184314728424,0.0580104472399162,0.0551693457513388,0.4135696938996684,0.0511315811248931,0.0445157091604828,0.189346007204217,0.1371387841466409
324,324.0,0.0506577921973928,0.0573517094552074,0.0544532945809149,0.4149846633300746,0.0506749711403679,0.0440948637509833,0.1907768737823238,0.1370058317627349
325,325.0,0.0500841245818638,0.0575238270360555,0.0536618106772291,0.4164019969646813,0.0501239285192335,0.0435845134806914,0.1918557649341368,0.1367640338061082
326,326.0,0.0495686181219236,0.0577026062648381,0.0528901862913625,0.4179252043743218,0.0495727948881073,0.043078843913902,0.1927536052336515,0.1365081409118928
327,327.0,0.0490449133844052,0.0578837363019148,0.052135638434226,0.4195290359646327,0.0490260536657611,0.0425821324198568,0.1935922892963237,0.1362062005328795
328,328.0,0.0484529538844923,0.0587557478974568,0.0513316336046223,0.420891949065829,0.0484165330597917,0.042026958823822,0.1943195151917919,0.1358047084721938
329,329.0,0.0477981482550711,0.0594256194894084,0.0504964025650343,0.4223133375586895,0.0477544926903728,0.0414232993193878,0.1954801843001797,0.1353085158218561
330,330.0,0.0471544611710193,0.0600827667728914,0.0497000818858329,0.4235060243845758,0.0471100624702135,0.0408409722357961,0.1967722896511778,0.134833341428493
331,331.0,0.0464724894839998,0.0605566708323229,0.0488955569123898,0.4244496142759991,0.0471506301276222,0.0402292375331737,0.1979164917268393,0.134329309107653
332,332.0,0.0458164189828515,0.0610127681941026,0.0481427898271395,0.425257134941678,0.047215144450548,0.0396482498237259,0.1990802524319092,0.1338272413480448
333,333.0,0.0452002441312033,0.061090899448997,0.0474553880139643,0.4262728942525591,0.0475471248607115,0.0391077925096257,0.2000594791279427,0.1332661776549961
334,334.0,0.0446082003957999,0.0611397431605996,0.0468849790218851,0.4273663112604003,0.0478844009945531,0.0385967893814646,0.2007801712145697,0.1327394045707274
335,335.0,0.044037101450104,0.0611606756603734,0.046489078443697,0.4284776212610017,0.0482155409981135,0.0381167946277765,0.2012590791474248,0.1322441084115088
336,336.0,0.0435440082640875,0.0604325312934114,0.0461200411434009,0.4298279823468195,0.0487167865615457,0.0377235322056343,0.2017975888577397,0.1318375293273607
337,337.0,0.0430222549537333,0.0595767011754818,0.0457379614057936,0.4305993992738424,0.0490914408937366,0.0374241661694094,0.2031350696859776,0.1314130064420249
338,338.0,0.0424752918500606,0.0586108763869089,0.0453357187051578,0.4313702599842678,0.0493450773572175,0.0371034773383707,0.2047916312597791,0.1309676671182373
339,339.0,0.0419071931287626,0.05755381589698,0.0449160947607482,0.4319797515656804,0.0494862962633582,0.0367644813300344,0.2068868558842831,0.1305055111701527
340,340.0,0.0413324929904923,0.057282183850268,0.0444867514737577,0.4320551453354305,0.0495320660298777,0.036413704044563,0.2087683626744711,0.1301292936011394
341,341.0,0.0407501580568281,0.0571347435462318,0.044056659534441,0.432497119242233,0.0495586801598781,0.0360531574525008,0.2101944272650359,0.1297550547428509
342,342.0,0.0401650939238835,0.0568951749132687,0.0437491754628565,0.4325911822508448,0.0494982422206678,0.0358957606873534,0.2118190683026612,0.1293863022384638
343,343.0,0.039649749763343,0.0565727583347528,0.0434451520526952,0.4332302000243327,0.0493579941421403,0.0357298159626519,0.2129881379734529,0.1290261917466309
344,344.0,0.0391388909530739,0.0561844265754817,0.0431457198491266,0.4338217485833093,0.0491504491397411,0.0355550580363375,0.2143262404866523,0.1286774663762774
345,345.0,0.0386431362880532,0.055746240129547,0.0428556537675154,0.4343095864778753,0.0488902550298147,0.0353802395180391,0.2158247716557228,0.1283501171334324
346,346.0,0.0381787843931251,0.0553132708555692,0.0425917951047525,0.4346275987865584,0.0488065901021216,0.0352182767195215,0.2172293088320182,0.1280343752063334
347,347.0,0.0377238960561153,0.0548255530856363,0.0422194967659812,0.4355011420133756,0.0486605900910259,0.0350479352650295,0.2182829088919482,0.1277384778308877
348,348.0,0.037396325246183,0.0543443035737177,0.0418761695686949,0.4363805445408983,0.0484967986731227,0.0348902478229383,0.2191364359739777,0.1274791746004672
349,349.0,0.0370956137423145,0.0538704598762986,0.0415564726390476,0.4373232456903263,0.0483131617318133,0.0347430833806455,0.2198448103083946,0.1272531526311594
350,350.0,0.036822419816141,0.053408145546587,0.0412527758384628,0.4383735069771375,0.0481116819583395,0.0346058079810648,0.2203924642368873,0.1270331976453799
351,351.0,0.0365965085279811,0.0530283166191925,0.0409930335471396,0.4400077322517833,0.0474853752312616,0.0344976071407712,0.2205455022240838,0.1268459244577866
352,352.0,0.0363991727050139,0.0526732585558385,0.0407579030553492,0.4417124769535957,0.0468627196755164,0.0344022168276228,0.2204964124442314,0.126695839782832
353,353.0,0.036208646233403,0.0525399732931415,0.0406316916310528,0.4434309123957856,0.0462288567750992,0.0342986444934011,0.2200998523183713,0.1265614228597454
354,354.0,0.0360409098796286,0.0524222365520081,0.0405264576554956,0.444839224553898,0.0455982506820786,0.034204406534753,0.219910262176988,0.1264582519651499
355,355.0,0.0358942492499374,0.052318218096645,0.0405038550543139,0.4461141680841192,0.0449116506137768,0.0341186598666558,0.2196493434357426,0.1264898555988089
356,356.0,0.0357624997763268,0.0518514460749578,0.0404931122385632,0.4471667676289,0.0446680943017329,0.0340365482629586,0.2194775087971787,0.1265440229193818
357,357.0,0.0356555435215465,0.051411944311823,0.0405379412268755,0.4478355914479572,0.0444457574512644,0.0339684734332891,0.2194902578512305,0.1266544907560136
358,358.0,0.0355639363846286,0.050985949939302,0.0405893757839463,0.448343491434077,0.0442364755463737,0.0339059247868409,0.2194701832988044,0.1269046628260269
359,359.0,0.0354860318459194,0.0505786801555884,0.0406513266095262,0.4487336216882764,0.0440387461311461,0.0339502462945183,0.2194079263121815,0.1271534209628434
360,360.0,0.0354201526382813,0.0501911146980171,0.0407213452408279,0.4491761026529527,0.0438520100498786,0.0339955492852811,0.2192463790241257,0.1273973464106353
361,361.0,0.0353646878710705,0.0498239590840764,0.0407971598252812,0.4495476057881165,0.0436756801938553,0.0340402921642806,0.2191171854324561,0.1276334296408631
362,362.0,0.0352965843219404,0.0494229979743971,0.0408488804551534,0.4495970554183092,0.0434749905241499,0.034480704031166,0.2190293058751436,0.1278494813997401
363,363.0,0.035216180553876,0.048987360769918,0.0408808170377978,0.4494230609595886,0.0432506381358426,0.0348787964543497,0.2193184289643696,0.1280447171242573
364,364.0,0.0351413730608517,0.0485732138950858,0.0409082946951444,0.4492293010906146,0.0430325637573376,0.0352644951455019,0.219627227582419,0.1282235307730447
365,365.0,0.0350685325146782,0.0481772305130547,0.0409289772983709,0.4490214414923186,0.0428194355520508,0.0356328046737086,0.219829955558279,0.1285216223975388
366,366.0,0.0350048301810873,0.0478064874805682,0.040946719325358,0.4485573151780224,0.0426212294886819,0.0359969701600706,0.2201147589158879,0.1289516892703233
367,367.0,0.0349425052120277,0.0474556454787504,0.040952658141546,0.4481544299212144,0.042429493603304,0.0363363351372693,0.2203839731662004,0.1293449593396876
368,368.0,0.0348832170816087,0.0471245204354507,0.0409528986263796,0.4478528450164099,0.0422477915461067,0.036652352123634,0.2205651337431746,0.1297212414272354
369,369.0,0.0348305870785014,0.0468167494401583,0.0409522226445399,0.4475977590832453,0.042080060125985,0.0369475862322214,0.2206840623417889,0.1300909730535595
370,370.0,0.0347865718284792,0.0465333406336103,0.0409515692187011,0.4471225973633448,0.0420199396025644,0.0372219620500521,0.2209102396072126,0.1304537796960352
371,371.0,0.0347282442260989,0.046229317531149,0.0409275869178417,0.4468335516090591,0.0419363811370906,0.0375779611382736,0.2209810679573361,0.1307858894831505
372,372.0,0.0346614894389914,0.0459070898934431,0.0408906672647388,0.4468842767881284,0.0418332083702579,0.0377669914446175,0.2209618065837781,0.1310944702160444
373,373.0,0.0345830160923083,0.0455670607745527,0.0408392589759011,0.4469047540632327,0.0417098396986302,0.0379010135919977,0.2211215420968199,0.131373514706557
374,374.0,0.0344944523623954,0.0453243885131736,0.0407753377997325,0.4468702731177323,0.041572738544523,0.0379842834893604,0.2214600340535933,0.1315184921194891
