,Unnamed: 0,Total_iterations,Intertwine_two,Invert_path_vertices,Insert_inside_vertex,Delete_inside_vertex,Replace_inside_vertex,Donate_between_routes,Trim_one_terminal_cb,Grow_one_terminal_cb
0,0.0,0.0,0.125,0.125,0.125,0.125,0.125,0.125,0.125,0.125
1,1.0,0.10900000000000001,0.125,0.125,0.125,0.125,0.125,0.125,0.125,0.125
2,2.0,0.31601,0.125,0.125,0.125,0.125,0.125,0.125,0.125,0.125
3,3.0,0.6191589000000001,0.125,0.125,0.125,0.125,0.125,0.125,0.125,0.125
4,4.0,1.015801321,0.125,0.125,0.125,0.125,0.125,0.125,0.125,0.125
5,5.0,1.50262148669,0.125,0.125,0.125,0.125,0.125,0.125,0.125,0.125
6,6.0,2.0757334209441005,0.125,0.125,0.125,0.125,0.125,0.125,0.125,0.125
7,7.0,2.7307768275633495,0.125,0.125,0.125,0.125,0.125,0.125,0.125,0.125
8,8.0,3.4630081252450404,0.125,0.125,0.125,0.125,0.125,0.125,0.125,0.125
9,9.0,4.2673862119061114,0.125,0.125,0.125,0.125,0.125,0.125,0.125,0.125
10,10.0,5.138652627782014,0.125,0.125,0.125,0.125,0.125,0.125,0.125,0.125
11,11.0,6.071405875792507,0.125,0.125,0.125,0.125,0.125,0.125,0.125,0.125
12,12.0,7.060169740244025,0.125,0.125,0.125,0.125,0.125,0.125,0.125,0.125
13,13.0,8.099455520847952,0.125,0.125,0.125,0.125,0.125,0.125,0.125,0.125
14,14.0,9.183818168183006,0.125,0.125,0.125,0.125,0.125,0.125,0.125,0.125
15,15.0,10.307906369102724,0.125,0.125,0.125,0.125,0.125,0.125,0.125,0.125
16,16.0,11.466506686239443,0.125,0.125,0.125,0.125,0.125,0.125,0.125,0.125
17,17.0,12.654581904800096,0.125,0.125,0.125,0.125,0.125,0.125,0.125,0.125
18,18.0,13.867303782456686,0.125,0.125,0.125,0.125,0.125,0.125,0.125,0.125
19,19.0,15.100080434523047,0.125,0.125,0.125,0.125,0.125,0.125,0.125,0.125
20,20.0,16.348578617037543,0.125,0.125,0.125,0.125,0.125,0.125,0.125,0.125
21,21.0,17.608741195130214,0.125,0.125,0.125,0.125,0.125,0.125,0.125,0.125
22,22.0,18.876800103462312,0.125,0.125,0.125,0.125,0.125,0.125,0.125,0.125
23,23.0,20.14928511992658,0.125,0.125,0.125,0.125,0.125,0.125,0.125,0.125
24,24.0,21.423028783545156,0.125,0.125,0.125,0.125,0.125,0.125,0.125,0.125
25,25.0,22.695167792966423,0.125,0.125,0.125,0.125,0.125,0.125,0.125,0.125
26,26.0,23.963141223515898,0.125,0.125,0.125,0.125,0.125,0.125,0.125,0.125
27,27.0,25.224685898775267,0.125,0.125,0.125,0.125,0.125,0.125,0.125,0.125
28,28.0,26.477829247520948,0.125,0.125,0.125,0.125,0.125,0.125,0.125,0.125
29,29.0,27.720879968916847,0.125,0.125,0.125,0.125,0.125,0.125,0.125,0.125
30,30.0,28.95241681848399,0.125,0.125,0.125,0.125,0.125,0.125,0.125,0.125
31,31.0,30.17127581490958,0.125,0.125,0.125,0.125,0.125,0.125,0.125,0.125
32,32.0,31.376536153543515,0.125,0.125,0.125,0.125,0.125,0.125,0.125,0.125
33,33.0,32.567505096778625,0.125,0.125,0.125,0.125,0.125,0.125,0.125,0.125
34,34.0,33.74370209472243,0.125,0.125,0.125,0.125,0.125,0.125,0.125,0.125
35,35.0,34.90484237192463,0.125,0.125,0.125,0.125,0.125,0.125,0.125,0.125
36,36.0,36.05082019768737,0.125,0.125,0.125,0.125,0.125,0.125,0.125,0.125
37,37.0,37.18169203889697,0.125,0.125,0.125,0.125,0.125,0.125,0.125,0.125
38,38.0,38.29765977559663,0.125,0.125,0.125,0.125,0.125,0.125,0.125,0.125
39,39.0,39.399054140870355,0.125,0.125,0.125,0.125,0.125,0.125,0.125,0.125
40,40.0,40.48631852820801,0.125,0.125,0.125,0.125,0.125,0.125,0.125,0.125
41,41.0,41.55999329152982,0.125,0.125,0.125,0.125,0.125,0.125,0.125,0.125
42,42.0,42.62070064560415,0.125,0.125,0.125,0.125,0.125,0.125,0.125,0.125
43,43.0,43.669130257815,0.125,0.125,0.125,0.125,0.125,0.125,0.125,0.125
44,44.0,44.70602560622662,0.125,0.125,0.125,0.125,0.125,0.125,0.125,0.125
45,45.0,45.73217116373481,0.125,0.125,0.125,0.125,0.125,0.125,0.125,0.125
46,46.0,46.748380453854836,0.125,0.125,0.125,0.125,0.125,0.125,0.125,0.125
47,47.0,47.755485010424316,0.125,0.125,0.125,0.125,0.125,0.125,0.125,0.125
48,48.0,48.7543242612326,0.125,0.125,0.125,0.125,0.125,0.125,0.125,0.125
49,49.0,49.745736344347726,0.125,0.125,0.125,0.125,0.125,0.125,0.125,0.125
50,50.0,50.730549855707864,0.125,0.125,0.125,0.125,0.125,0.125,0.125,0.125
51,51.0,51.70957651737491,0.125,0.125,0.125,0.125,0.125,0.125,0.125,0.125
52,52.0,52.68360474770151,0.125,0.125,0.125,0.125,0.125,0.125,0.125,0.125
53,53.0,53.65339410751842,0.125,0.125,0.125,0.125,0.125,0.125,0.125,0.125
54,54.0,54.61967059027847,0.125,0.125,0.125,0.125,0.125,0.125,0.125,0.125
55,55.0,55.58312271885972,0.125,0.125,0.125,0.125,0.125,0.125,0.125,0.125
56,56.0,56.544398407394254,0.125,0.125,0.125,0.125,0.125,0.125,0.125,0.125
57,57.0,57.504102543001395,0.125,0.125,0.125,0.125,0.125,0.125,0.125,0.125
58,58.0,58.462795239617805,0.125,0.125,0.125,0.125,0.125,0.125,0.125,0.125
59,59.0,59.42099071417639,0.125,0.125,0.125,0.125,0.125,0.125,0.125,0.125
60,60.0,60.379156734137354,0.125,0.125,0.125,0.125,0.125,0.125,0.125,0.125
61,61.0,61.337714584760846,0.125,0.125,0.125,0.125,0.125,0.125,0.125,0.125
62,62.0,62.29703950447439,0.125,0.125,0.125,0.125,0.125,0.125,0.125,0.125
63,63.0,63.257461537171835,0.125,0.125,0.125,0.125,0.125,0.125,0.125,0.125
64,64.0,64.21926675122782,0.125,0.125,0.125,0.125,0.125,0.125,0.125,0.125
65,65.0,65.18269877636592,0.125,0.125,0.125,0.125,0.125,0.125,0.125,0.125
66,66.0,66.14796061122655,0.125,0.125,0.125,0.125,0.125,0.125,0.125,0.125
67,67.0,67.11521665648885,0.125,0.125,0.125,0.125,0.125,0.125,0.125,0.125
68,68.0,68.08459493066005,0.125,0.125,0.125,0.125,0.125,0.125,0.125,0.125
69,69.0,69.05618942810752,0.125,0.125,0.125,0.125,0.125,0.125,0.125,0.125
70,70.0,70.03006258152917,0.125,0.125,0.125,0.125,0.125,0.125,0.125,0.125
71,71.0,71.00624779379335,0.125,0.125,0.125,0.125,0.125,0.125,0.125,0.125
72,72.0,71.98475200689319,0.125,0.125,0.125,0.125,0.125,0.125,0.125,0.125
73,73.0,72.96555827861411,0.125,0.125,0.125,0.125,0.125,0.125,0.125,0.125
74,74.0,73.94862834037681,0.125,0.125,0.125,0.125,0.125,0.125,0.125,0.125
75,75.0,74.93390511255946,0.125,0.125,0.125,0.125,0.125,0.125,0.125,0.125
76,76.0,75.92131515639825,0.125,0.125,0.125,0.125,0.125,0.125,0.125,0.125
77,77.0,76.91077104428919,0.125,0.125,0.125,0.125,0.125,0.125,0.125,0.125
78,78.0,77.90217363294813,0.125,0.125,0.125,0.125,0.125,0.125,0.125,0.125
79,79.0,78.89541422641172,0.125,0.125,0.125,0.125,0.125,0.125,0.125,0.125
80,80.0,79.89037661826481,0.125,0.125,0.125,0.125,0.125,0.125,0.125,0.125
81,81.0,80.88693900474995,0.125,0.125,0.125,0.125,0.125,0.125,0.125,0.125
82,82.0,81.88497576253909,0.125,0.125,0.125,0.125,0.125,0.125,0.125,0.125
83,83.0,82.88435908692391,0.125,0.125,0.125,0.125,0.125,0.125,0.125,0.125
84,84.0,83.88496048800103,0.125,0.125,0.125,0.125,0.125,0.125,0.125,0.125
85,85.0,84.88665214409042,0.125,0.125,0.125,0.125,0.125,0.125,0.125,0.125
86,86.0,85.88930811312994,0.125,0.125,0.125,0.125,0.125,0.125,0.125,0.125
87,87.0,86.89280540413424,0.125,0.125,0.125,0.125,0.125,0.125,0.125,0.125
88,88.0,87.89702491199675,0.125,0.125,0.125,0.125,0.125,0.125,0.125,0.125
89,89.0,88.90185221995306,0.125,0.125,0.125,0.125,0.125,0.125,0.125,0.125
90,90.0,89.90717827491419,0.125,0.125,0.125,0.125,0.125,0.125,0.125,0.125
91,91.0,90.91289994163006,0.125,0.125,0.125,0.125,0.125,0.125,0.125,0.125
92,92.0,91.91892044225806,0.125,0.125,0.125,0.125,0.125,0.125,0.125,0.125
93,93.0,92.92514968840067,0.125,0.125,0.125,0.125,0.125,0.125,0.125,0.125
94,94.0,93.93150451304501,0.125,0.125,0.125,0.125,0.125,0.125,0.125,0.125
95,95.0,94.93790881009448,0.125,0.125,0.125,0.125,0.125,0.125,0.125,0.125
96,96.0,95.95429358933805,0.125,0.125,0.125,0.125,0.125,0.125,0.125,0.125
97,97.0,96.97049695476389,0.125,0.125,0.125,0.125,0.125,0.125,0.125,0.125
98,98.0,97.98637501409951,0.125,0.125,0.125,0.125,0.125,0.125,0.125,0.125
99,99.0,99.00180151736056,0.125,0.125,0.125,0.125,0.125,0.125,0.125,0.125
100,100.0,100.01666735512191,0.125,0.125,0.125,0.125,0.125,0.125,0.125,0.125
101,101.0,101.0308799355559,0.125,0.125,0.125,0.125,0.125,0.125,0.125,0.125
102,102.0,102.04436245859094,0.125,0.125,0.125,0.125,0.125,0.125,0.125,0.125
103,103.0,103.05705310473657,0.125,0.125,0.125,0.125,0.125,0.125,0.125,0.125
104,104.0,104.06890415522027,0.125,0.125,0.125,0.125,0.125,0.125,0.125,0.125
105,105.0,105.07988105910339,0.125,0.125,0.125,0.125,0.125,0.125,0.125,0.125
106,106.0,106.08996146200715,0.125,0.125,0.125,0.125,0.125,0.125,0.125,0.125
107,107.0,107.09913421000047,0.125,0.125,0.125,0.125,0.125,0.125,0.125,0.125
108,108.0,108.10739834109447,0.125,0.125,0.125,0.125,0.125,0.125,0.125,0.125
109,109.0,109.11476207566811,0.125,0.125,0.125,0.125,0.125,0.125,0.125,0.125
110,110.0,110.12124181602772,0.125,0.125,0.125,0.125,0.125,0.125,0.125,0.125
111,111.0,111.12686116419108,0.125,0.125,0.125,0.125,0.125,0.125,0.125,0.125
112,112.0,112.1316499658962,0.125,0.125,0.125,0.125,0.125,0.125,0.125,0.125
113,113.0,113.13564338777185,0.125,0.125,0.125,0.125,0.125,0.125,0.125,0.125
114,114.0,114.13888103358221,0.125,0.125,0.125,0.125,0.125,0.125,0.125,0.125
115,115.0,115.14140610447572,0.125,0.125,0.125,0.125,0.125,0.125,0.125,0.125
116,116.0,116.14326460723512,0.125,0.125,0.125,0.125,0.125,0.125,0.125,0.125
117,117.0,117.14450461364623,0.125,0.125,0.125,0.125,0.125,0.125,0.125,0.125
118,118.0,118.14517557327976,0.125,0.125,0.125,0.125,0.125,0.125,0.125,0.125
119,119.0,119.14532768121714,0.125,0.125,0.125,0.125,0.125,0.125,0.125,0.125
120,120.0,120.1450113015486,0.125,0.125,0.125,0.125,0.125,0.125,0.125,0.125
121,121.0,121.14427644683144,0.125,0.125,0.125,0.125,0.125,0.125,0.125,0.125
122,122.0,122.14317231311767,0.125,0.125,0.125,0.125,0.125,0.125,0.125,0.125
123,123.0,123.14174686964412,0.125,0.125,0.125,0.125,0.125,0.125,0.125,0.125
124,124.0,124.14004650182147,0.125,0.125,0.125,0.125,0.125,0.125,0.125,0.125
125,125.0,125.13811570576289,0.125,0.125,0.125,0.125,0.125,0.125,0.125,0.125
126,126.0,126.13599683225252,0.125,0.125,0.125,0.125,0.125,0.125,0.125,0.125
127,127.0,127.13372987777066,0.125,0.125,0.125,0.125,0.125,0.125,0.125,0.125
128,128.0,128.13135231995926,0.125,0.125,0.125,0.125,0.125,0.125,0.125,0.125
129,129.0,129.12889899472944,0.125,0.125,0.125,0.125,0.125,0.125,0.125,0.125
130,130.0,130.1264020120753,0.125,0.125,0.125,0.125,0.125,0.125,0.125,0.125
131,131.0,131.1238907075658,0.125,0.125,0.125,0.125,0.125,0.125,0.125,0.125
132,132.0,132.1213916264316,0.125,0.125,0.125,0.125,0.125,0.125,0.125,0.125
133,133.0,133.1189285371465,0.125,0.125,0.125,0.125,0.125,0.125,0.125,0.125
134,134.0,134.11652247141845,0.125,0.125,0.125,0.125,0.125,0.125,0.125,0.125
135,135.0,135.11419178754903,0.125,0.125,0.125,0.125,0.125,0.125,0.125,0.125
136,136.0,136.11195225419107,0.125,0.125,0.125,0.125,0.125,0.125,0.125,0.125
137,137.0,137.109817151627,0.125,0.125,0.125,0.125,0.125,0.125,0.125,0.125
138,138.0,138.10779738780306,0.125,0.125,0.125,0.125,0.125,0.125,0.125,0.125
139,139.0,139.10590162648347,0.125,0.125,0.125,0.125,0.125,0.125,0.125,0.125
140,140.0,140.10413642503102,0.125,0.125,0.125,0.125,0.125,0.125,0.125,0.125
141,141.0,141.10250637947348,0.125,0.125,0.125,0.125,0.125,0.125,0.125,0.125
142,142.0,142.10101427467697,0.125,0.125,0.125,0.125,0.125,0.125,0.125,0.125
143,143.0,143.09966123761336,0.125,0.125,0.125,0.125,0.125,0.125,0.125,0.125
144,144.0,144.09844689187995,0.125,0.125,0.125,0.125,0.125,0.125,0.125,0.125
145,145.0,145.0973695118011,0.125,0.125,0.125,0.125,0.125,0.125,0.125,0.125
146,146.0,146.09642617461213,0.125,0.125,0.125,0.125,0.125,0.125,0.125,0.125
147,147.0,147.09561290939595,0.125,0.125,0.125,0.125,0.125,0.125,0.125,0.125
148,148.0,148.09492484160742,0.125,0.125,0.125,0.125,0.125,0.125,0.125,0.125
149,149.0,149.09435633218166,0.125,0.125,0.125,0.125,0.125,0.125,0.125,0.125
150,150.0,150.09390111037663,0.125,0.125,0.125,0.125,0.125,0.125,0.125,0.125
151,151.0,151.0935523996484,0.125,0.125,0.125,0.125,0.125,0.125,0.125,0.125
152,152.0,152.09330303599648,0.125,0.125,0.125,0.125,0.125,0.125,0.125,0.125
153,153.0,153.0931455783498,0.125,0.125,0.125,0.125,0.125,0.125,0.125,0.125
154,154.0,154.09307241068427,0.125,0.125,0.125,0.125,0.125,0.125,0.125,0.125
155,155.0,155.09307583567846,0.125,0.125,0.125,0.125,0.125,0.125,0.125,0.125
156,156.0,156.09314815981645,0.125,0.125,0.125,0.125,0.125,0.125,0.125,0.125
157,157.0,157.09328176994248,0.125,0.125,0.125,0.125,0.125,0.125,0.125,0.125
158,158.0,158.09346920135647,0.125,0.125,0.125,0.125,0.125,0.125,0.125,0.125
159,159.0,159.0937031976155,0.125,0.125,0.125,0.125,0.125,0.125,0.125,0.125
160,160.0,160.09397676227246,0.125,0.125,0.125,0.125,0.125,0.125,0.125,0.125
161,161.0,161.09428320284104,0.125,0.125,0.125,0.125,0.125,0.125,0.125,0.125
162,162.0,162.09461616732432,0.125,0.125,0.125,0.125,0.125,0.125,0.125,0.125
163,163.0,163.09496967368605,0.125,0.125,0.125,0.125,0.125,0.125,0.125,0.125
164,164.0,164.09533813267473,0.125,0.125,0.125,0.125,0.125,0.125,0.125,0.125
165,165.0,165.09571636443778,0.125,0.125,0.125,0.125,0.125,0.125,0.125,0.125
166,166.0,166.09609960938013,0.125,0.125,0.125,0.125,0.125,0.125,0.125,0.125
167,167.0,167.0964835337345,0.125,0.125,0.125,0.125,0.125,0.125,0.125,0.125
168,168.0,168.09686423031607,0.125,0.125,0.125,0.125,0.125,0.125,0.125,0.125
169,169.0,169.0972382149363,0.125,0.125,0.125,0.125,0.125,0.125,0.125,0.125
170,170.0,170.09760241894517,0.125,0.125,0.125,0.125,0.125,0.125,0.125,0.125
171,171.0,171.0979541783637,0.125,0.125,0.125,0.125,0.125,0.125,0.125,0.125
172,172.0,172.09829122005672,0.125,0.125,0.125,0.125,0.125,0.125,0.125,0.125
173,173.0,173.0986116453799,0.125,0.125,0.125,0.125,0.125,0.125,0.125,0.125
174,174.0,174.09891391171692,0.125,0.125,0.125,0.125,0.125,0.125,0.125,0.125
175,175.0,175.0991968123031,0.125,0.125,0.125,0.125,0.125,0.125,0.125,0.125
176,176.0,176.09945945470764,0.125,0.125,0.125,0.125,0.125,0.125,0.125,0.125
177,177.0,177.09970123832463,0.125,0.125,0.125,0.125,0.125,0.125,0.125,0.125
178,178.0,178.09992183119667,0.125,0.125,0.125,0.125,0.125,0.125,0.125,0.125
179,179.0,179.10012114646955,0.125,0.125,0.125,0.125,0.125,0.125,0.125,0.125
180,180.0,180.10029931875044,0.125,0.125,0.125,0.125,0.125,0.125,0.125,0.125
181,181.0,181.10045668061576,0.125,0.125,0.125,0.125,0.125,0.125,0.125,0.125
182,182.0,182.10059373948837,0.125,0.125,0.125,0.125,0.125,0.125,0.125,0.125
183,183.0,183.10071115507884,0.125,0.125,0.125,0.125,0.125,0.125,0.125,0.125
184,184.0,184.10080971755949,0.125,0.125,0.125,0.125,0.125,0.125,0.125,0.125
185,185.0,185.10089032661648,0.125,0.125,0.125,0.125,0.125,0.125,0.125,0.125
186,186.0,186.1009539715016,0.125,0.125,0.125,0.125,0.125,0.125,0.125,0.125
187,187.0,187.1010017121832,0.125,0.125,0.125,0.125,0.125,0.125,0.125,0.125
188,188.0,188.10103466167482,0.125,0.125,0.125,0.125,0.125,0.125,0.125,0.125
189,189.0,189.1010539696005,0.125,0.125,0.125,0.125,0.125,0.125,0.125,0.125
190,190.0,190.1010608070376,0.125,0.125,0.125,0.125,0.125,0.125,0.125,0.125
191,191.0,191.10105635266063,0.125,0.125,0.125,0.125,0.125,0.125,0.125,0.125
192,192.0,192.10104178019478,0.125,0.125,0.125,0.125,0.125,0.125,0.125,0.125
193,193.0,193.10101824717356,0.125,0.125,0.125,0.125,0.125,0.125,0.125,0.125
194,194.0,194.10098688498272,0.125,0.125,0.125,0.125,0.125,0.125,0.125,0.125
195,195.0,195.10094879016114,0.125,0.125,0.125,0.125,0.125,0.125,0.125,0.125
196,196.0,196.10090501692008,0.125,0.125,0.125,0.125,0.125,0.125,0.125,0.125
197,197.0,197.10085657083397,0.125,0.125,0.125,0.125,0.125,0.125,0.125,0.125
198,198.0,198.1008044036481,0.125,0.125,0.125,0.125,0.125,0.125,0.125,0.125
199,199.0,199.10074940914436,0.12446428571428572,0.12446428571428572,0.12446428571428572,0.12517857142857142,0.12446428571428572,0.12446428571428572,0.12446428571428572,0.12803571428571428
200,200.0,200.10069241999952,0.1234061507936508,0.1234061507936508,0.1234061507936508,0.12582757936507938,0.1234061507936508,0.1234061507936508,0.125628373015873,0.13151329365079364
201,201.0,201.10063420556918,0.12214119642857145,0.12214119642857145,0.12214119642857145,0.12624626785714288,0.12314119642857145,0.12214119642857145,0.12634119642857142,0.13570655357142855
202,202.0,202.1005754705262,0.1207209359253247,0.1207209359253247,0.1207209359253247,0.12638075469155846,0.12262002683441561,0.1207209359253247,0.1267680268344156,0.14134744793831167
203,203.0,203.10051685428223,0.11933873886639612,0.11933873886639612,0.11933873886639612,0.1265035697112013,0.12211892977548705,0.11933873886639612,0.12717864977548704,0.14684389527224023
204,204.0,204.10045893111985,0.1180046208779432,0.1180046208779432,0.1180046208779432,0.1275237428564432,0.1216409089688523,0.1180046208779432,0.1275705797688523,0.1512462848940795
205,205.0,205.10040221096247,0.1167271152328029,0.1167271152328029,0.1167271152328029,0.12852315476508996,0.12118843699734835,0.1167271152328029,0.12794176680934835,0.15543818049700187
206,206.0,206.10034714071122,0.11535363434339393,0.11535363434339393,0.11535363434339393,0.13091593761376483,0.1216391358228293,0.11535363434339393,0.12805511433639818,0.1579752748534321
207,207.0,207.10029410607802,0.11405124181176854,0.11405124181176854,0.11405124181176854,0.13325898132513309,0.1221100944642549,0.11405124181176854,0.128147185912989,0.160278771050549
208,208.0,208.10024343384734,0.11286181676342864,0.11286181676342864,0.11286181676342864,0.13526509810708043,0.12363054138958049,0.11286181676342864,0.1282551524543648,0.16140194099525978
209,209.0,209.10019539450124,0.11148746630203869,0.11239655721112961,0.11148746630203869,0.1385646805014905,0.12461571013654965,0.11148746630203869,0.1280137518360404,0.16194690140867377
210,210.0,210.10015020514476,0.11012417938727052,0.1126908460539372,0.11012417938727052,0.1416822159600028,0.12543678266303415,0.11012417938727052,0.1276817800016143,0.1621358371596
211,211.0,211.1001080326725,0.10870681020593731,0.11290629505442216,0.10870681020593731,0.14507651204340016,0.12694661321047296,0.10870681020593731,0.1270480873175144,0.16190206175637842
212,212.0,212.10006899712073,0.1071239438955121,0.11402874803692624,0.1071239438955121,0.14786997126238163,0.1280381229981916,0.1071239438955121,0.1268594114557778,0.1618319145601865
213,213.0,213.10003317515293,0.10571975536880487,0.11451050085264326,0.10662884627789579,0.14957796781942415,0.12933173116878705,0.10571975536880487,0.12674597299062101,0.16176547015301915
214,214.0,214.10000060363038,0.10422021671250889,0.11471131104059981,0.10602930762159982,0.15275509932828243,0.13026802917600305,0.10422021671250889,0.12643118054683558,0.1613646388616617
215,215.0,215.09997128322377,0.10260090727719494,0.11454164704607464,0.10605039212567981,0.15536871827472365,0.13091988855260886,0.10260090727719494,0.12743948294788773,0.16047805649863556
216,216.0,216.09994518202558,0.10166722768257314,0.11406508053411127,0.10601095318040865,0.15835412565083573,0.13137217930106893,0.10106530151884921,0.12828045388387863,0.1591846782482746
217,217.0,217.09992223912695,0.1007963385434803,0.11343866009232313,0.10586847633778601,0.16173219049436546,0.12999230659525746,0.09970836814933011,0.12898934757028974,0.1594743122171679
218,218.0,218.09990236812692,0.09975383678212378,0.1125537374070329,0.10646995180443715,0.16629056095903258,0.1282100413286178,0.09823771898294417,0.129203539553438,0.15928061318237374
219,219.0,219.0998854605456,0.0986540746084918,0.11153241888523298,0.10700236323054418,0.17128431878794917,0.12625157433979278,0.09676500754499974,0.12906207176229656,0.15944817084069288
220,220.0,220.09987138911697,0.09818759688069298,0.11052218007823865,0.10845714945458053,0.17578713285781097,0.12332619369811952,0.09538593281662128,0.12883845613138417,0.15949535808255197
221,221.0,221.09986001094006,0.09782515169612784,0.10889476050067852,0.10993875508103695,0.18000895175676604,0.12043684992289312,0.09413433363884186,0.12860196713039881,0.1601592302732569
222,222.0,222.09985117047145,0.09755996025231867,0.10732815242538477,0.1114296821134069,0.18393565681291552,0.11760883276522116,0.09300997844837935,0.12835625698635764,0.16077148019601603
223,223.0,223.09984470234497,0.09675994908962798,0.1058319407828837,0.11291408914077529,0.18755749235997846,0.11486428973492493,0.09201138639840672,0.12872970491500663,0.16133114757839634
224,224.0,224.0998404340077,0.09604910029157082,0.10441404804632104,0.1143777840933686,0.19086872699339288,0.11222231884956982,0.09113596709537469,0.12909416062979026,0.1618378940006119
225,225.0,225.09983818816406,0.09520828584822649,0.10286350099103068,0.11559088096770051,0.1950674718568823,0.10948176234207735,0.09016283719618161,0.12966583304331328,0.16195942775458777
226,226.0,226.0998377850231,0.09441773399796895,0.10136789404885006,0.11672513213226561,0.19931048847880434,0.10683870786914795,0.08927032258884728,0.13011093082039005,0.16195879006372582
227,227.0,227.09983904434608,0.0936264689308326,0.09964510811053934,0.11772322457723547,0.20294218338698555,0.10413970163312772,0.08829948866864494,0.13195051384406722,0.1616733108485672
228,228.0,228.09984178729326,0.09278587278484404,0.09789645021222951,0.11853219141578725,0.2072703118649626,0.10158165727091141,0.08730528616790827,0.13343835565772738,0.16118987462562956
229,229.0,229.09984583807278,0.09191420917553196,0.09614722850959906,0.11916778008636082,0.2121322250844436,0.09852077686657812,0.08630481523771097,0.13516108611569408,0.1606518789240814
230,230.0,230.09985102539363,0.09098170692843688,0.09439911016353526,0.11962861772824519,0.21643486730383288,0.09552559803757982,0.08529752818808736,0.13703952492687219,0.16069304672341048
231,231.0,231.0998571837285,0.09008289580892895,0.09263495053732661,0.12000669194701133,0.2201861941460006,0.09269862329379386,0.08437330038059719,0.13885405213256405,0.1611632917537775
232,232.0,232.09986415439258,0.08989441393037255,0.09091442452493667,0.12023954753289941,0.2235726066153517,0.08998435116425288,0.08346484054614346,0.14048339170714155,0.16144642397890183
233,233.0,233.0998717864463,0.08959506904612477,0.08918420954718188,0.12012629469096603,0.22804519562731018,0.08733708615797064,0.08251923766667703,0.1417715093896326,0.1614213978741369
234,234.0,234.0998799374302,0.08935250762872915,0.0875732862306511,0.11994975000905111,0.23234385121551193,0.0848873097929589,0.0816603716557686,0.14289222477326036,0.16134069869406886
235,235.0,235.09988847394138,0.08916311462683385,0.08608547232354663,0.1197176457991314,0.23644696567369697,0.08263940864990013,0.08088779516783091,0.14384962165871257,0.16120997610034754
236,236.0,236.09989727206204,0.08834268301289896,0.08471421133245746,0.11942374160676439,0.24043342257721875,0.08058155676868746,0.08085190579332006,0.14463019287365353,0.1610222860349994
237,237.0,237.09990621765004,0.08757448165443074,0.08346902688383344,0.11945948753265179,0.24382252335259288,0.07872728843211133,0.08089247800030704,0.14525907376397373,0.16079564038009905
238,238.0,238.09991520650274,0.08686939684201214,0.08236307447534322,0.11932522243348825,0.24813576727700568,0.07785244604084958,0.08100866620989614,0.14667230345097923,0.15777312327042575
239,239.0,239.09992414440515,0.08612646405729002,0.08128739111079035,0.11905256045725154,0.2527256256533621,0.07707382402010331,0.08109114212895775,0.14770022335197522,0.15494276922026973
240,240.0,240.09993294707326,0.08531578336698649,0.08020859266107117,0.11851814748700816,0.25756675747506114,0.07629352743972793,0.08110133816899859,0.14836322241972433,0.15263263098142218
241,241.0,241.09994154000378,0.08452720263037108,0.07921274488100788,0.11792737011257065,0.26279484341416076,0.07553405342285893,0.08112134661932868,0.14853972247510683,0.15034271644459515
242,242.0,242.09994985824125,0.08379057389549896,0.07833046524835811,0.11730445453128707,0.26884872306083,0.07492518624598946,0.08113130126609075,0.14863098219345666,0.14703831355848898
243,243.0,243.09995784607256,0.0825668131016362,0.07751366454902038,0.11662793339933275,0.27532940319316357,0.07441562373703534,0.08109266310132787,0.1491694503232283,0.14328444859525566
244,244.0,244.09996545666002,0.08132557449022809,0.07672266632426447,0.11574918757035595,0.28200433308813,0.07443542495809267,0.0809697897121798,0.14926602891705482,0.1395269949396942
245,245.0,245.09997265162212,0.08130214587302996,0.07541937226534964,0.11358601159109782,0.2891041668147763,0.07472518050971852,0.0809924642270338,0.14936348449616013,0.13550717422283384
246,246.0,246.09997940057178,0.08109991580383494,0.0740765649848954,0.11129071677566466,0.295374975323747,0.07585837965832576,0.08086165745870343,0.1500592572394923,0.13137853275533656
247,247.0,247.0999856806208,0.08093113051255302,0.07281803142927115,0.10911949373921985,0.3021558040113641,0.07631609228339624,0.08070545540480475,0.1504595818823082,0.1274944107370827
248,248.0,248.09999147585867,0.08069762182603588,0.07196808467994693,0.10667798318881887,0.3082161317812146,0.07670730612485606,0.08043123161594729,0.1510077469826408,0.12429389380053962
249,249.0,249.09999677681418,0.08023423135059318,0.07100449061279789,0.10401882842155395,0.3145573564015617,0.07752709745039876,0.07995503993282474,0.15099013721576768,0.1217128186145022
250,250.0,250.10000157990598,0.0796367823165513,0.0700119871774935,0.10134022158509859,0.32113304110725344,0.0781922271296554,0.07938374751555984,0.15054180822633678,0.11976018494205128
251,251.0,251.10000588688956,0.07904088008926467,0.06943189456663565,0.09872942666619815,0.3273627412968309,0.07882733618921724,0.07877299413117222,0.14986509663713768,0.11796963042354361
252,252.0,252.1000097043059,0.078461474574911,0.06891740536795578,0.09621491598686649,0.3334588730155591,0.079451041677859,0.0781582833226245,0.14897318728805345,0.11636481876617082
253,253.0,253.10001304293755,0.0779962591914266,0.06856065316630901,0.09333324933857906,0.33926967422882004,0.07948512926520575,0.07763970697450429,0.1479710027490062,0.11574432508614915
254,254.0,254.10001591727664,0.07746328723606458,0.06816500124671161,0.09047978529273484,0.3446334615001649,0.07951942300074205,0.07713199921971292,0.14732925355513962,0.11527778894872967
255,255.0,255.10001834500903,0.07695852564144659,0.0678636483907607,0.08777449281913004,0.35030512700703387,0.07955592122156782,0.07662038218299216,0.14710500594171344,0.11381689679535553
256,256.0,256.10002034651814,0.0764147176029922,0.06789730219079383,0.08510527125546839,0.3549939610271599,0.07949748958542813,0.07605454171311833,0.14705581414564284,0.11298090247939646
257,257.0,257.1000219444111,0.07572290514675854,0.0678217561845968,0.08242626438508155,0.36005727432215234,0.07934076085315761,0.07536777728383176,0.14674134093831656,0.11252192088610491
258,258.0,258.10002316307066,0.07504450542780658,0.06808288452116706,0.07989807902317878,0.364364164982,0.0791405867680482,0.0746687126692652,0.14663435957734072,0.1121667070311935
259,259.0,259.1000240282336,0.07436969572739872,0.06865124818354185,0.07751538997104152,0.36850427578434825,0.0788875506139485,0.07394971850074969,0.1462428708957176,0.11187925032325391
260,260.0,260.1000245665979,0.07371393840966103,0.06918787889089681,0.07529629584760791,0.3730467137485642,0.07788376318107013,0.07323996374351749,0.14596780856790162,0.11166363761078088
261,261.0,261.1000248054598,0.07313783049668651,0.06974112833377416,0.07263463102109073,0.3773137639371648,0.07691368284631381,0.07260346023211676,0.14553518975566687,0.11212031337718639
262,262.0,262.1000247723809,0.07243218897051996,0.07016923810491042,0.07004158970502287,0.38175472231344343,0.07583335217487051,0.07176635269888872,0.14514768315805568,0.11285487287428855
263,263.0,263.10002449488604,0.07161888450535368,0.07048482649586917,0.06753763048053335,0.386330393048017,0.07466423921322787,0.07084814120156092,0.14468230964939727,0.1138335754060409
264,264.0,264.10002400019187,0.07079063729685492,0.07073223722096897,0.06517498602149228,0.3909402428303731,0.07346315171991255,0.06990195342560046,0.14419305332335716,0.11480373816144071
265,265.0,265.1000233149652,0.0699460835443959,0.07086276112465903,0.06295080802397557,0.39509421163684194,0.07222559686991833,0.06892942030416875,0.14396915640745933,0.11602196208858132
266,266.0,266.1000224651115,0.06902284176714513,0.07091237433379756,0.06090074848572491,0.39886473340017853,0.07128886699302106,0.06797005410157639,0.1438272464980011,0.11721313442055556
267,267.0,267.1000214755921,0.0677054161085153,0.07091001234198964,0.059017255601096344,0.4028387511470715,0.07036519936441558,0.06702138678270936,0.14351366885144495,0.1186283098027576
268,268.0,268.1000203702687,0.06644713299951646,0.07114234679484568,0.057336393593772836,0.40632196637854856,0.06947544086085765,0.06612118479764534,0.14313179509266896,0.12002373948214473
269,269.0,269.100019171775,0.06524459078154944,0.07135069168609098,0.05632324136497466,0.40917803161345384,0.0686345865946857,0.06526760137187744,0.14262075268879307,0.12138050389857513
270,270.0,270.10001790141285,0.06410628751418937,0.07154017664452741,0.05549246294239265,0.4119348520028152,0.06784421204961935,0.064469324605287,0.1420164304293147,0.1225962538118546
271,271.0,271.1000165790728,0.06297332668029727,0.07164693715909962,0.054770273074879125,0.4140670490467672,0.06704331734424682,0.0637732842782036,0.1412659222045946,0.124459890211912
272,272.0,272.10001522317606,0.06188798594334011,0.07197292788443652,0.05417315302786352,0.4154218972200922,0.06627471724278776,0.06310209697387889,0.14093879033636988,0.12622843137123135
273,273.0,273.1000138506372,0.06084609739672213,0.07247735947272102,0.05368370611310706,0.41707366440283145,0.06577324213178183,0.06244930386226703,0.14040969102283807,0.12728693559773158
274,274.0,274.1000124768459,0.06030988920421708,0.07285778477981897,0.0535686038365397,0.418528692728925,0.06526575141164183,0.06179914187417546,0.1397513440919863,0.12791879207269577
275,275.0,275.10001111566527,0.05983230558872962,0.07314343263834082,0.053813112938540186,0.41977983682533576,0.06478024874783488,0.061184165912743047,0.13901958896600064,0.12844730838247512
276,276.0,276.10000977944605,0.059367241872957395,0.07331506020129984,0.05412428995762344,0.42096990469890017,0.06429517318320727,0.060583239133079114,0.13829654748377176,0.12904854346916106
277,277.0,277.1000084790543,0.05892392815139876,0.07338334894188542,0.054776761441449606,0.421601230672557,0.06382242012498446,0.060007593216584956,0.13776636284203092,0.1297183546091089
278,278.0,278.1000072239111,0.058683286383485064,0.07336990767846854,0.05548131013727208,0.4219769922148443,0.06336878922006457,0.05946940095218198,0.13720053020405032,0.13044978320963319
279,279.0,279.1000060220432,0.05847473346812841,0.07327173896934445,0.05639862573671275,0.4218685255312905,0.06293295575317316,0.05895883120168351,0.13679497492263362,0.1312996144170336
280,280.0,280.1000048801416,0.05827359699798768,0.0730930446479749,0.05731240158287583,0.4218375981752315,0.06249719892249366,0.05846955465292894,0.13633761584540594,0.13217898917510154
281,281.0,281.1000038036288,0.05808587318712681,0.07313037398101496,0.0579513299202649,0.4218662195124443,0.06208322717949224,0.05800598237713895,0.13579097036603038,0.13308602347648735
282,282.0,282.1000027967309,0.0579034894590716,0.07348335430579857,0.05858071537460134,0.42150783562589994,0.061688075632762567,0.057568432156516657,0.13540720860310693,0.1338608888422423
283,283.0,283.1000018625556,0.057931501886422876,0.07376291282094086,0.05918464420692096,0.4209541150645629,0.06130265177490009,0.05696322854756434,0.135609352269151,0.13429159342953687
284,284.0,284.1000010031722,0.057960800500077396,0.07398469657259729,0.05993868526015535,0.42018544245107287,0.06094074853107505,0.05638558450386982,0.13585922188476932,0.1347448202963827
285,285.0,285.10000021969546,0.057768111092152706,0.07417625895920202,0.0606816660954511,0.41960065776314537,0.06061672005422259,0.05585141485462985,0.13619461480493789,0.1351105563762583
286,286.0,286.09999951236944,0.057250577005239965,0.0743253358135341,0.06139997140821457,0.41901952033024115,0.0603229143611225,0.05535442233885679,0.13659608438959736,0.1357311743531934
287,287.0,287.0999988806523,0.05677403651736902,0.07445600718542436,0.062117929088602,0.4178811973568883,0.06008454987690616,0.054913558259902844,0.13748671412385172,0.13628600759105544
288,288.0,288.0999983233004,0.056316611326651875,0.07453459009361897,0.06279550770496298,0.41689657750452835,0.05986551330660268,0.054504941666332025,0.1384179063857378,0.13666835201156513
289,289.0,289.0999978384507,0.055871889919340965,0.07455193217033025,0.06342076483796195,0.41594336785816693,0.05966071410175911,0.05412022943596719,0.13936459455793704,0.1370665071185364
290,290.0,290.0999974237014,0.0554248550664949,0.07450506072576252,0.06379863712463188,0.4146888427048259,0.05945872895979451,0.05374255593566067,0.14105418544181728,0.1373271340410122
291,291.0,291.09999707619005,0.0549849959035781,0.0743767935560135,0.0640970562545007,0.41367807057411626,0.05924721973396344,0.05338290197037575,0.14274604189031848,0.13748692011713357
292,292.0,292.09999679266787,0.054548697151065015,0.07474310181214132,0.06431261109443662,0.4123949363027172,0.05903140473546468,0.053035852281433496,0.14483666863801936,0.13709672798472217
293,293.0,293.09999656957126,0.054117643459622104,0.07504798093575776,0.06444806146237489,0.41107392174582963,0.05881148380344789,0.05270137751121688,0.14708275246845334,0.13671677861329734
294,294.0,294.09999640308865,0.05366411194277315,0.0750059553825451,0.06470480473680679,0.410128190719334,0.05855849141823847,0.05235013542533442,0.1492663932469882,0.13632191712797972
295,295.0,295.0999962892234,0.05320458446269164,0.07484090122501946,0.06488582580648437,0.4094571017356105,0.05827688911825667,0.051994265208219766,0.15141186977022245,0.13592856267349504
296,296.0,296.09999622385243,0.05301488396712049,0.07459920959293448,0.06498114549748953,0.4090347637468368,0.057967282789519806,0.05163334662649876,0.15351328956832044,0.13525607821127972
297,297.0,297.09999620278,0.05281425593167651,0.07427772883917569,0.06500088949415316,0.40898462315771095,0.05765128543075256,0.05127476191604617,0.15538896332802973,0.13460749190245525
298,298.0,298.099996221787,0.05259873985631995,0.07388026112808642,0.0649350577384707,0.40903391417624346,0.05732133203966137,0.05091534470849032,0.15715901396117038,0.13415633639155747
299,299.0,299.09999627667554,0.05238829349566839,0.07342211995118247,0.06481609456664693,0.40904476994910716,0.056987062137824535,0.05057305302255237,0.15902109526417474,0.1337475116128435
300,300.0,300.0999963633084,0.05216918966521101,0.07287867222744424,0.06464421110945759,0.4088531588426757,0.056641265800731644,0.0502346099281994,0.16079309374213038,0.13378579868415008
301,301.0,301.0999964776449,0.051942996960845735,0.07226142484986156,0.06433562195641382,0.4089113435526822,0.0564124335445706,0.049905792712354395,0.16239513272700315,0.1338352536962686
302,302.0,302.09999661577126,0.051716275327078606,0.07160219370194951,0.06413122369773651,0.40900034001399965,0.05638844270874378,0.04959177182729096,0.16365492140550195,0.1339148313176991
303,303.0,303.09999677392733,0.051494860679602406,0.0709151405424463,0.06387615826707126,0.40905657353663594,0.056349377053112354,0.04929129146718862,0.1650570545898383,0.13395954386410489
304,304.0,304.0999969485285,0.051274203918673725,0.07022786705149414,0.06357609516549463,0.40941995760051403,0.05630673121603211,0.04900535931436876,0.166154071681603,0.13403571405181966
305,305.0,305.09999713618424,0.0514282060279586,0.06940227613463792,0.06323381631245684,0.4097057725639458,0.056246196661548564,0.04872062535794609,0.16714646529370542,0.1341166416478008
306,306.0,306.0999973337126,0.05154422994962812,0.06853006573914362,0.06283442964554437,0.4099455111776045,0.056147737713692365,0.048429028099472034,0.16838437506446594,0.134184622610449
307,307.0,307.099997538151,0.05162616033095055,0.06797966091110906,0.0623971827275473,0.40982352579115505,0.05601490202297017,0.048133963945552534,0.169611466354181,0.13441313791653428
308,308.0,308.099997746764,0.051687445101581464,0.06740022129817787,0.06201599585529127,0.4095856158902252,0.05585607741679273,0.04784554223870241,0.17101760322519172,0.13459149897403733
309,309.0,309.0999979570482,0.05171462016602521,0.06678544510267158,0.06159910125033456,0.4095433079253847,0.055669979789223535,0.04755944076331369,0.1723682334468709,0.1347598715561758
310,310.0,310.09999816673337,0.051809097103866365,0.06617315900125048,0.0611620027169403,0.4095047107656151,0.05538988229519678,0.047287276645820726,0.17373486432488258,0.13493900714642762
311,311.0,311.09999837378274,0.05188689141590204,0.0655670083297154,0.060783546397142924,0.409423618770155,0.05509403514235569,0.04702528647245304,0.17495128714284963,0.13526832632942629
312,312.0,312.09999857638934,0.0519309288261702,0.06494172135462561,0.060383375733629785,0.4097520199707068,0.0547792751278324,0.046768827093416065,0.1760184916318346,0.13542536026178453
313,313.0,313.0999987729714,0.05195953666772875,0.06446608833577377,0.05997263478987505,0.4100908138864884,0.05445588412457067,0.04652601803627827,0.17694266657298327,0.1355863575863019
314,314.0,314.09999896216556,0.051986526114029846,0.06370609179544187,0.059564544900756126,0.4104968302399997,0.054142855718941355,0.04630708926679195,0.178072442063687,0.13572361990035214
315,315.0,315.0999991428186,0.0519909877862406,0.06296712176713823,0.05915125619540522,0.4107662408214876,0.053831312458280114,0.0461012602026201,0.17937475168581749,0.13581706908301067
316,316.0,316.09999931397823,0.05196708068859289,0.062232128331628715,0.05872884665849473,0.41115866732935336,0.05350975324889303,0.045901762875933005,0.1806446570186265,0.1358571038484778
317,317.0,317.09999947488205,0.05190848164542962,0.0614975556729314,0.05829631278080992,0.4113332524414453,0.05317648864652339,0.045704853394736546,0.18190501696879816,0.13617803844932574
318,318.0,318.0999996249467,0.05182984085434537,0.06077897130225175,0.05778757999638024,0.4115680956803605,0.05284295457433752,0.045520580179731485,0.18322659772739278,0.13644537968520043
319,319.0,319.0999997637554,0.051737360407075925,0.06008669385905024,0.05728002251150286,0.4118587340103114,0.052507728199892516,0.04534431053460698,0.18451411718140065,0.13667103329615946
320,320.0,320.0999998910457,0.05163186965398652,0.05954919496461321,0.05677622542406548,0.41212395165499455,0.052172234375400674,0.04517559899954184,0.1857161001441688,0.13685482478322894
321,321.0,321.1000000066965,0.05149430925470148,0.05902013254790658,0.056276455540670026,0.4126185456150374,0.05182782077027384,0.045004014012178926,0.18674285985556613,0.1370158624036656
322,322.0,322.10000011071526,0.05145347485753604,0.05857763022493253,0.0557831534681781,0.41312663189028476,0.05147634209768896,0.04482973143220139,0.1875985603508857,0.1371544756782925
323,323.0,323.10000020322497,0.05111843147284249,0.058010447239916205,0.05516934575133882,0.41356969389966847,0.05113158112489315,0.044515709160482836,0.18934600720421707,0.13713878414664096
324,324.0,324.1000002844515,0.05065779219739288,0.05735170945520745,0.054453294580914934,0.4149846633300746,0.05067497114036798,0.04409486375098335,0.19077687378232383,0.13700583176273495
325,325.0,325.1000003547108,0.05008412458186387,0.05752382703605558,0.05366181067722913,0.41640199696468133,0.05012392851923356,0.04358451348069142,0.19185576493413684,0.13676403380610827
326,326.0,326.10000041439713,0.04956861812192369,0.05770260626483817,0.05289018629136259,0.41792520437432185,0.04957279488810733,0.043078843913902015,0.19275360523365154,0.1365081409118928
327,327.0,327.1000004639708,0.049044913384405205,0.0578837363019148,0.05213563843422606,0.4195290359646327,0.049026053665761155,0.04258213241985686,0.1935922892963237,0.13620620053287952
328,328.0,328.10000050394746,0.048452953884492334,0.05875574789745688,0.0513316336046223,0.420891949065829,0.04841653305979179,0.042026958823822014,0.1943195151917919,0.13580470847219386
329,329.0,329.100000534887,0.04779814825507113,0.059425619489408464,0.050496402565034335,0.42231333755868955,0.04775449269037285,0.04142329931938783,0.19548018430017972,0.13530851582185616
330,330.0,330.1000005573836,0.04715446117101936,0.06008276677289148,0.049700081885832914,0.4235060243845758,0.047110062470213536,0.040840972235796136,0.1967722896511778,0.13483334142849301
