,Unnamed: 0,Total_iterations,Intertwine_two,Add_vertex,Delete_vertex,Invert_path_vertices,Insert_inside_vertex,Delete_inside_vertex
0,0.0,0.0,0.16666666666666669,0.16666666666666669,0.16666666666666669,0.16666666666666669,0.16666666666666669,0.16666666666666669
1,1.0,1.0,0.16666666666666669,0.16666666666666669,0.16666666666666669,0.16666666666666669,0.16666666666666669,0.16666666666666669
2,2.0,2.0,0.16666666666666669,0.16666666666666669,0.16666666666666669,0.16666666666666669,0.16666666666666669,0.16666666666666669
3,3.0,3.0,0.16666666666666669,0.16666666666666669,0.16666666666666669,0.16666666666666669,0.16666666666666669,0.16666666666666669
4,4.0,4.0,0.16666666666666669,0.16666666666666669,0.16666666666666669,0.16666666666666669,0.16666666666666669,0.16666666666666669
5,5.0,5.0,0.16666666666666669,0.16666666666666669,0.16666666666666669,0.16666666666666669,0.16666666666666669,0.16666666666666669
6,6.0,6.0,0.16666666666666669,0.16666666666666669,0.16666666666666669,0.16666666666666669,0.16666666666666669,0.16666666666666669
7,7.0,7.0,0.16666666666666669,0.16666666666666669,0.16666666666666669,0.16666666666666669,0.16666666666666669,0.16666666666666669
8,8.0,8.0,0.16666666666666669,0.16666666666666669,0.16666666666666669,0.16666666666666669,0.16666666666666669,0.16666666666666669
9,9.0,9.0,0.16666666666666669,0.16666666666666669,0.16666666666666669,0.16666666666666669,0.16666666666666669,0.16666666666666669
10,10.0,10.0,0.16666666666666669,0.16666666666666669,0.16666666666666669,0.16666666666666669,0.16666666666666669,0.16666666666666669
11,11.0,11.0,0.16666666666666669,0.16666666666666669,0.16666666666666669,0.16666666666666669,0.16666666666666669,0.16666666666666669
12,12.0,12.0,0.16666666666666669,0.16666666666666669,0.16666666666666669,0.16666666666666669,0.16666666666666669,0.16666666666666669
13,13.0,13.0,0.16666666666666669,0.16666666666666669,0.16666666666666669,0.16666666666666669,0.16666666666666669,0.16666666666666669
14,14.0,14.0,0.16666666666666669,0.16666666666666669,0.16666666666666669,0.16666666666666669,0.16666666666666669,0.16666666666666669
15,15.0,15.0,0.16666666666666669,0.16666666666666669,0.16666666666666669,0.16666666666666669,0.16666666666666669,0.16666666666666669
16,16.0,16.0,0.16666666666666669,0.16666666666666669,0.16666666666666669,0.16666666666666669,0.16666666666666669,0.16666666666666669
17,17.0,17.0,0.16666666666666669,0.16666666666666669,0.16666666666666669,0.16666666666666669,0.16666666666666669,0.16666666666666669
18,18.0,18.0,0.16666666666666669,0.16666666666666669,0.16666666666666669,0.16666666666666669,0.16666666666666669,0.16666666666666669
19,19.0,19.0,0.16666666666666669,0.16666666666666669,0.16666666666666669,0.16666666666666669,0.16666666666666669,0.16666666666666669
20,20.0,20.0,0.16666666666666669,0.16666666666666669,0.16666666666666669,0.16666666666666669,0.16666666666666669,0.16666666666666669
21,21.0,21.0,0.16666666666666669,0.16666666666666669,0.16666666666666669,0.16666666666666669,0.16666666666666669,0.16666666666666669
22,22.0,22.0,0.16666666666666669,0.16666666666666669,0.16666666666666669,0.16666666666666669,0.16666666666666669,0.16666666666666669
23,23.0,23.0,0.16666666666666669,0.16666666666666669,0.16666666666666669,0.16666666666666669,0.16666666666666669,0.16666666666666669
24,24.0,24.0,0.16666666666666669,0.16666666666666669,0.16666666666666669,0.16666666666666669,0.16666666666666669,0.16666666666666669
25,25.0,25.0,0.16666666666666669,0.16666666666666669,0.16666666666666669,0.16666666666666669,0.16666666666666669,0.16666666666666669
26,26.0,26.0,0.16666666666666669,0.16666666666666669,0.16666666666666669,0.16666666666666669,0.16666666666666669,0.16666666666666669
27,27.0,27.0,0.16666666666666669,0.16666666666666669,0.16666666666666669,0.16666666666666669,0.16666666666666669,0.16666666666666669
28,28.0,28.0,0.16666666666666669,0.16666666666666669,0.16666666666666669,0.16666666666666669,0.16666666666666669,0.16666666666666669
29,29.0,29.0,0.16666666666666669,0.16666666666666669,0.16666666666666669,0.16666666666666669,0.16666666666666669,0.16666666666666669
30,30.0,30.0,0.16666666666666669,0.16666666666666669,0.16666666666666669,0.16666666666666669,0.16666666666666669,0.16666666666666669
31,31.0,31.0,0.16666666666666669,0.16666666666666669,0.16666666666666669,0.16666666666666669,0.16666666666666669,0.16666666666666669
32,32.0,32.0,0.16666666666666669,0.16666666666666669,0.16666666666666669,0.16666666666666669,0.16666666666666669,0.16666666666666669
33,33.0,33.0,0.16666666666666669,0.16666666666666669,0.16666666666666669,0.16666666666666669,0.16666666666666669,0.16666666666666669
34,34.0,34.0,0.16666666666666669,0.16666666666666669,0.16666666666666669,0.16666666666666669,0.16666666666666669,0.16666666666666669
35,35.0,35.0,0.16666666666666669,0.16666666666666669,0.16666666666666669,0.16666666666666669,0.16666666666666669,0.16666666666666669
36,36.0,36.0,0.16666666666666669,0.16666666666666669,0.16666666666666669,0.16666666666666669,0.16666666666666669,0.16666666666666669
37,37.0,37.0,0.16666666666666669,0.16666666666666669,0.16666666666666669,0.16666666666666669,0.16666666666666669,0.16666666666666669
38,38.0,38.0,0.16666666666666669,0.16666666666666669,0.16666666666666669,0.16666666666666669,0.16666666666666669,0.16666666666666669
39,39.0,39.0,0.16666666666666669,0.16666666666666669,0.16666666666666669,0.16666666666666669,0.16666666666666669,0.16666666666666669
40,40.0,40.0,0.16666666666666669,0.16666666666666669,0.16666666666666669,0.16666666666666669,0.16666666666666669,0.16666666666666669
41,41.0,41.0,0.16666666666666669,0.16666666666666669,0.16666666666666669,0.16666666666666669,0.16666666666666669,0.16666666666666669
42,42.0,42.0,0.16666666666666669,0.16666666666666669,0.16666666666666669,0.16666666666666669,0.16666666666666669,0.16666666666666669
43,43.0,43.0,0.16666666666666669,0.16666666666666669,0.16666666666666669,0.16666666666666669,0.16666666666666669,0.16666666666666669
44,44.0,44.0,0.16666666666666669,0.16666666666666669,0.16666666666666669,0.16666666666666669,0.16666666666666669,0.16666666666666669
45,45.0,45.0,0.16666666666666669,0.16666666666666669,0.16666666666666669,0.16666666666666669,0.16666666666666669,0.16666666666666669
46,46.0,46.0,0.16666666666666669,0.16666666666666669,0.16666666666666669,0.16666666666666669,0.16666666666666669,0.16666666666666669
47,47.0,47.0,0.16666666666666669,0.16666666666666669,0.16666666666666669,0.16666666666666669,0.16666666666666669,0.16666666666666669
48,48.0,48.0,0.16666666666666669,0.16666666666666669,0.16666666666666669,0.16666666666666669,0.16666666666666669,0.16666666666666669
49,49.0,49.0,0.16666666666666669,0.16666666666666669,0.16666666666666669,0.16666666666666669,0.16666666666666669,0.16666666666666669
50,50.0,50.0,0.16666666666666669,0.16666666666666669,0.16666666666666669,0.16666666666666669,0.16666666666666669,0.16666666666666669
51,51.0,51.0,0.16666666666666669,0.16666666666666669,0.16666666666666669,0.16666666666666669,0.16666666666666669,0.16666666666666669
52,52.0,52.0,0.16666666666666669,0.16666666666666669,0.16666666666666669,0.16666666666666669,0.16666666666666669,0.16666666666666669
53,53.0,53.0,0.16666666666666669,0.16666666666666669,0.16666666666666669,0.16666666666666669,0.16666666666666669,0.16666666666666669
54,54.0,54.0,0.16666666666666669,0.16666666666666669,0.16666666666666669,0.16666666666666669,0.16666666666666669,0.16666666666666669
55,55.0,55.0,0.16666666666666669,0.16666666666666669,0.16666666666666669,0.16666666666666669,0.16666666666666669,0.16666666666666669
56,56.0,56.0,0.16666666666666669,0.16666666666666669,0.16666666666666669,0.16666666666666669,0.16666666666666669,0.16666666666666669
57,57.0,57.0,0.16666666666666669,0.16666666666666669,0.16666666666666669,0.16666666666666669,0.16666666666666669,0.16666666666666669
58,58.0,58.0,0.16666666666666669,0.16666666666666669,0.16666666666666669,0.16666666666666669,0.16666666666666669,0.16666666666666669
59,59.0,59.0,0.16666666666666669,0.16666666666666669,0.16666666666666669,0.16666666666666669,0.16666666666666669,0.16666666666666669
60,60.0,60.0,0.16666666666666669,0.16666666666666669,0.16666666666666669,0.16666666666666669,0.16666666666666669,0.16666666666666669
61,61.0,61.0,0.16666666666666669,0.16666666666666669,0.16666666666666669,0.16666666666666669,0.16666666666666669,0.16666666666666669
62,62.0,62.1,0.16666666666666669,0.16666666666666669,0.16666666666666669,0.16666666666666669,0.16666666666666669,0.16666666666666669
63,63.0,63.2,0.16666666666666669,0.16666666666666669,0.16666666666666669,0.16666666666666669,0.16666666666666669,0.16666666666666669
64,64.0,64.2,0.16666666666666669,0.16666666666666669,0.16666666666666669,0.16666666666666669,0.16666666666666669,0.16666666666666669
65,65.0,65.2,0.16666666666666669,0.16666666666666669,0.16666666666666669,0.16666666666666669,0.16666666666666669,0.16666666666666669
66,66.0,66.2,0.16666666666666669,0.16666666666666669,0.16666666666666669,0.16666666666666669,0.16666666666666669,0.16666666666666669
67,67.0,67.2,0.16666666666666669,0.16666666666666669,0.16666666666666669,0.16666666666666669,0.16666666666666669,0.16666666666666669
68,68.0,68.2,0.16666666666666669,0.16666666666666669,0.16666666666666669,0.16666666666666669,0.16666666666666669,0.16666666666666669
69,69.0,69.2,0.16666666666666669,0.16666666666666669,0.16666666666666669,0.16666666666666669,0.16666666666666669,0.16666666666666669
70,70.0,70.2,0.16666666666666669,0.16666666666666669,0.16666666666666669,0.16666666666666669,0.16666666666666669,0.16666666666666669
71,71.0,71.2,0.16666666666666669,0.16666666666666669,0.16666666666666669,0.16666666666666669,0.16666666666666669,0.16666666666666669
72,72.0,72.2,0.16666666666666669,0.16666666666666669,0.16666666666666669,0.16666666666666669,0.16666666666666669,0.16666666666666669
73,73.0,73.2,0.16666666666666669,0.16666666666666669,0.16666666666666669,0.16666666666666669,0.16666666666666669,0.16666666666666669
74,74.0,74.3,0.16666666666666669,0.16666666666666669,0.16666666666666669,0.16666666666666669,0.16666666666666669,0.16666666666666669
75,75.0,75.3,0.16666666666666669,0.16666666666666669,0.16666666666666669,0.16666666666666669,0.16666666666666669,0.16666666666666669
76,76.0,76.3,0.16666666666666669,0.16666666666666669,0.16666666666666669,0.16666666666666669,0.16666666666666669,0.16666666666666669
77,77.0,77.4,0.16666666666666669,0.16666666666666669,0.16666666666666669,0.16666666666666669,0.16666666666666669,0.16666666666666669
78,78.0,78.4,0.16666666666666669,0.16666666666666669,0.16666666666666669,0.16666666666666669,0.16666666666666669,0.16666666666666669
79,79.0,79.4,0.16666666666666669,0.16666666666666669,0.16666666666666669,0.16666666666666669,0.16666666666666669,0.16666666666666669
80,80.0,80.4,0.16666666666666669,0.16666666666666669,0.16666666666666669,0.16666666666666669,0.16666666666666669,0.16666666666666669
81,81.0,81.5,0.16666666666666669,0.16666666666666669,0.16666666666666669,0.16666666666666669,0.16666666666666669,0.16666666666666669
82,82.0,82.5,0.16666666666666669,0.16666666666666669,0.16666666666666669,0.16666666666666669,0.16666666666666669,0.16666666666666669
83,83.0,83.5,0.16666666666666669,0.16666666666666669,0.16666666666666669,0.16666666666666669,0.16666666666666669,0.16666666666666669
84,84.0,84.5,0.16666666666666669,0.16666666666666669,0.16666666666666669,0.16666666666666669,0.16666666666666669,0.16666666666666669
85,85.0,85.5,0.16666666666666669,0.16666666666666669,0.16666666666666669,0.16666666666666669,0.16666666666666669,0.16666666666666669
86,86.0,86.5,0.16666666666666669,0.16666666666666669,0.16666666666666669,0.16666666666666669,0.16666666666666669,0.16666666666666669
87,87.0,87.5,0.16666666666666669,0.16666666666666669,0.16666666666666669,0.16666666666666669,0.16666666666666669,0.16666666666666669
88,88.0,88.5,0.16666666666666669,0.16666666666666669,0.16666666666666669,0.16666666666666669,0.16666666666666669,0.16666666666666669
89,89.0,89.5,0.16666666666666669,0.16666666666666669,0.16666666666666669,0.16666666666666669,0.16666666666666669,0.16666666666666669
90,90.0,90.5,0.16666666666666669,0.16666666666666669,0.16666666666666669,0.16666666666666669,0.16666666666666669,0.16666666666666669
91,91.0,91.5,0.16666666666666669,0.16666666666666669,0.16666666666666669,0.16666666666666669,0.16666666666666669,0.16666666666666669
92,92.0,92.6,0.16666666666666669,0.16666666666666669,0.16666666666666669,0.16666666666666669,0.16666666666666669,0.16666666666666669
93,93.0,93.7,0.16666666666666669,0.16666666666666669,0.16666666666666669,0.16666666666666669,0.16666666666666669,0.16666666666666669
94,94.0,94.8,0.16666666666666669,0.16666666666666669,0.16666666666666669,0.16666666666666669,0.16666666666666669,0.16666666666666669
95,95.0,95.8,0.16666666666666669,0.16666666666666669,0.16666666666666669,0.16666666666666669,0.16666666666666669,0.16666666666666669
96,96.0,96.8,0.16666666666666669,0.16666666666666669,0.16666666666666669,0.16666666666666669,0.16666666666666669,0.16666666666666669
97,97.0,97.8,0.16666666666666669,0.16666666666666669,0.16666666666666669,0.16666666666666669,0.16666666666666669,0.16666666666666669
98,98.0,98.8,0.16666666666666669,0.16666666666666669,0.16666666666666669,0.16666666666666669,0.16666666666666669,0.16666666666666669
99,99.0,99.8,0.16666666666666669,0.16666666666666669,0.16666666666666669,0.16666666666666669,0.16666666666666669,0.16666666666666669
100,100.0,100.8,0.16666666666666669,0.16666666666666669,0.16666666666666669,0.16666666666666669,0.16666666666666669,0.16666666666666669
101,101.0,101.8,0.16666666666666669,0.16666666666666669,0.16666666666666669,0.16666666666666669,0.16666666666666669,0.16666666666666669
102,102.0,102.8,0.16666666666666669,0.16666666666666669,0.16666666666666669,0.16666666666666669,0.16666666666666669,0.16666666666666669
103,103.0,103.8,0.16666666666666669,0.16666666666666669,0.16666666666666669,0.16666666666666669,0.16666666666666669,0.16666666666666669
104,104.0,104.8,0.16666666666666669,0.16666666666666669,0.16666666666666669,0.16666666666666669,0.16666666666666669,0.16666666666666669
105,105.0,105.8,0.16666666666666669,0.16666666666666669,0.16666666666666669,0.16666666666666669,0.16666666666666669,0.16666666666666669
106,106.0,106.8,0.16666666666666669,0.16666666666666669,0.16666666666666669,0.16666666666666669,0.16666666666666669,0.16666666666666669
107,107.0,107.8,0.16666666666666669,0.16666666666666669,0.16666666666666669,0.16666666666666669,0.16666666666666669,0.16666666666666669
108,108.0,108.8,0.16666666666666669,0.16666666666666669,0.16666666666666669,0.16666666666666669,0.16666666666666669,0.16666666666666669
109,109.0,109.8,0.16666666666666669,0.16666666666666669,0.16666666666666669,0.16666666666666669,0.16666666666666669,0.16666666666666669
110,110.0,110.8,0.16666666666666669,0.16666666666666669,0.16666666666666669,0.16666666666666669,0.16666666666666669,0.16666666666666669
111,111.0,111.8,0.16666666666666669,0.16666666666666669,0.16666666666666669,0.16666666666666669,0.16666666666666669,0.16666666666666669
112,112.0,112.8,0.16666666666666669,0.16666666666666669,0.16666666666666669,0.16666666666666669,0.16666666666666669,0.16666666666666669
113,113.0,113.8,0.16666666666666669,0.16666666666666669,0.16666666666666669,0.16666666666666669,0.16666666666666669,0.16666666666666669
114,114.0,114.8,0.16666666666666669,0.16666666666666669,0.16666666666666669,0.16666666666666669,0.16666666666666669,0.16666666666666669
115,115.0,115.8,0.16666666666666669,0.16666666666666669,0.16666666666666669,0.16666666666666669,0.16666666666666669,0.16666666666666669
116,116.0,116.8,0.16666666666666669,0.16666666666666669,0.16666666666666669,0.16666666666666669,0.16666666666666669,0.16666666666666669
117,117.0,117.8,0.16666666666666669,0.16666666666666669,0.16666666666666669,0.16666666666666669,0.16666666666666669,0.16666666666666669
118,118.0,118.8,0.16666666666666669,0.16666666666666669,0.16666666666666669,0.16666666666666669,0.16666666666666669,0.16666666666666669
119,119.0,119.8,0.16666666666666669,0.16666666666666669,0.16666666666666669,0.16666666666666669,0.16666666666666669,0.16666666666666669
120,120.0,120.8,0.16666666666666669,0.16666666666666669,0.16666666666666669,0.16666666666666669,0.16666666666666669,0.16666666666666669
121,121.0,121.8,0.16666666666666669,0.16666666666666669,0.16666666666666669,0.16666666666666669,0.16666666666666669,0.16666666666666669
122,122.0,122.8,0.16666666666666669,0.16666666666666669,0.16666666666666669,0.16666666666666669,0.16666666666666669,0.16666666666666669
123,123.0,123.8,0.16666666666666669,0.16666666666666669,0.16666666666666669,0.16666666666666669,0.16666666666666669,0.16666666666666669
124,124.0,124.8,0.16666666666666669,0.16666666666666669,0.16666666666666669,0.16666666666666669,0.16666666666666669,0.16666666666666669
125,125.0,125.8,0.16666666666666669,0.16666666666666669,0.16666666666666669,0.16666666666666669,0.16666666666666669,0.16666666666666669
126,126.0,126.8,0.16666666666666669,0.16666666666666669,0.16666666666666669,0.16666666666666669,0.16666666666666669,0.16666666666666669
127,127.0,127.8,0.16666666666666669,0.16666666666666669,0.16666666666666669,0.16666666666666669,0.16666666666666669,0.16666666666666669
128,128.0,128.8,0.16666666666666669,0.16666666666666669,0.16666666666666669,0.16666666666666669,0.16666666666666669,0.16666666666666669
129,129.0,129.8,0.16666666666666669,0.16666666666666669,0.16666666666666669,0.16666666666666669,0.16666666666666669,0.16666666666666669
130,130.0,130.8,0.16666666666666669,0.16666666666666669,0.16666666666666669,0.16666666666666669,0.16666666666666669,0.16666666666666669
131,131.0,131.8,0.16666666666666669,0.16666666666666669,0.16666666666666669,0.16666666666666669,0.16666666666666669,0.16666666666666669
132,132.0,132.8,0.16666666666666669,0.16666666666666669,0.16666666666666669,0.16666666666666669,0.16666666666666669,0.16666666666666669
133,133.0,133.8,0.16666666666666669,0.16666666666666669,0.16666666666666669,0.16666666666666669,0.16666666666666669,0.16666666666666669
134,134.0,134.8,0.16666666666666669,0.16666666666666669,0.16666666666666669,0.16666666666666669,0.16666666666666669,0.16666666666666669
135,135.0,135.8,0.16666666666666669,0.16666666666666669,0.16666666666666669,0.16666666666666669,0.16666666666666669,0.16666666666666669
136,136.0,136.8,0.16666666666666669,0.16666666666666669,0.16666666666666669,0.16666666666666669,0.16666666666666669,0.16666666666666669
137,137.0,137.8,0.16666666666666669,0.16666666666666669,0.16666666666666669,0.16666666666666669,0.16666666666666669,0.16666666666666669
138,138.0,138.8,0.16666666666666669,0.16666666666666669,0.16666666666666669,0.16666666666666669,0.16666666666666669,0.16666666666666669
139,139.0,139.8,0.16666666666666669,0.16666666666666669,0.16666666666666669,0.16666666666666669,0.16666666666666669,0.16666666666666669
140,140.0,140.8,0.16666666666666669,0.16666666666666669,0.16666666666666669,0.16666666666666669,0.16666666666666669,0.16666666666666669
141,141.0,141.8,0.16666666666666669,0.16666666666666669,0.16666666666666669,0.16666666666666669,0.16666666666666669,0.16666666666666669
142,142.0,142.8,0.16666666666666669,0.16666666666666669,0.16666666666666669,0.16666666666666669,0.16666666666666669,0.16666666666666669
143,143.0,143.8,0.16666666666666669,0.16666666666666669,0.16666666666666669,0.16666666666666669,0.16666666666666669,0.16666666666666669
144,144.0,144.8,0.16666666666666669,0.16666666666666669,0.16666666666666669,0.16666666666666669,0.16666666666666669,0.16666666666666669
145,145.0,145.8,0.16666666666666669,0.16666666666666669,0.16666666666666669,0.16666666666666669,0.16666666666666669,0.16666666666666669
146,146.0,146.9,0.16666666666666669,0.16666666666666669,0.16666666666666669,0.16666666666666669,0.16666666666666669,0.16666666666666669
147,147.0,147.9,0.16666666666666669,0.16666666666666669,0.16666666666666669,0.16666666666666669,0.16666666666666669,0.16666666666666669
148,148.0,148.9,0.16666666666666669,0.16666666666666669,0.16666666666666669,0.16666666666666669,0.16666666666666669,0.16666666666666669
149,149.0,149.9,0.16666666666666669,0.16666666666666669,0.16666666666666669,0.16666666666666669,0.16666666666666669,0.16666666666666669
150,150.0,150.9,0.16666666666666669,0.16666666666666669,0.16666666666666669,0.16666666666666669,0.16666666666666669,0.16666666666666669
151,151.0,151.9,0.16666666666666669,0.16666666666666669,0.16666666666666669,0.16666666666666669,0.16666666666666669,0.16666666666666669
152,152.0,152.9,0.16666666666666669,0.16666666666666669,0.16666666666666669,0.16666666666666669,0.16666666666666669,0.16666666666666669
153,153.0,153.9,0.16666666666666669,0.16666666666666669,0.16666666666666669,0.16666666666666669,0.16666666666666669,0.16666666666666669
154,154.0,154.9,0.16666666666666669,0.16666666666666669,0.16666666666666669,0.16666666666666669,0.16666666666666669,0.16666666666666669
155,155.0,155.9,0.16666666666666669,0.16666666666666669,0.16666666666666669,0.16666666666666669,0.16666666666666669,0.16666666666666669
156,156.0,156.9,0.16666666666666669,0.16666666666666669,0.16666666666666669,0.16666666666666669,0.16666666666666669,0.16666666666666669
157,157.0,157.9,0.16666666666666669,0.16666666666666669,0.16666666666666669,0.16666666666666669,0.16666666666666669,0.16666666666666669
158,158.0,158.9,0.16666666666666669,0.16666666666666669,0.16666666666666669,0.16666666666666669,0.16666666666666669,0.16666666666666669
159,159.0,159.9,0.16666666666666669,0.16666666666666669,0.16666666666666669,0.16666666666666669,0.16666666666666669,0.16666666666666669
160,160.0,160.9,0.16666666666666669,0.16666666666666669,0.16666666666666669,0.16666666666666669,0.16666666666666669,0.16666666666666669
161,161.0,161.9,0.16666666666666669,0.16666666666666669,0.16666666666666669,0.16666666666666669,0.16666666666666669,0.16666666666666669
162,162.0,162.9,0.16666666666666669,0.16666666666666669,0.16666666666666669,0.16666666666666669,0.16666666666666669,0.16666666666666669
163,163.0,163.9,0.16666666666666669,0.16666666666666669,0.16666666666666669,0.16666666666666669,0.16666666666666669,0.16666666666666669
164,164.0,164.9,0.16666666666666669,0.16666666666666669,0.16666666666666669,0.16666666666666669,0.16666666666666669,0.16666666666666669
165,165.0,165.9,0.16666666666666669,0.16666666666666669,0.16666666666666669,0.16666666666666669,0.16666666666666669,0.16666666666666669
166,166.0,166.9,0.16666666666666669,0.16666666666666669,0.16666666666666669,0.16666666666666669,0.16666666666666669,0.16666666666666669
167,167.0,167.9,0.16666666666666669,0.16666666666666669,0.16666666666666669,0.16666666666666669,0.16666666666666669,0.16666666666666669
168,168.0,168.9,0.16666666666666669,0.16666666666666669,0.16666666666666669,0.16666666666666669,0.16666666666666669,0.16666666666666669
169,169.0,169.9,0.16666666666666669,0.16666666666666669,0.16666666666666669,0.16666666666666669,0.16666666666666669,0.16666666666666669
170,170.0,171.0,0.16666666666666669,0.16666666666666669,0.16666666666666669,0.16666666666666669,0.16666666666666669,0.16666666666666669
171,171.0,172.0,0.16666666666666669,0.16666666666666669,0.16666666666666669,0.16666666666666669,0.16666666666666669,0.16666666666666669
172,172.0,173.0,0.16666666666666669,0.16666666666666669,0.16666666666666669,0.16666666666666669,0.16666666666666669,0.16666666666666669
173,173.0,174.1,0.16666666666666669,0.16666666666666669,0.16666666666666669,0.16666666666666669,0.16666666666666669,0.16666666666666669
174,174.0,175.1,0.16666666666666669,0.16666666666666669,0.16666666666666669,0.16666666666666669,0.16666666666666669,0.16666666666666669
175,175.0,176.1,0.16666666666666669,0.16666666666666669,0.16666666666666669,0.16666666666666669,0.16666666666666669,0.16666666666666669
176,176.0,177.1,0.16666666666666669,0.16666666666666669,0.16666666666666669,0.16666666666666669,0.16666666666666669,0.16666666666666669
177,177.0,178.1,0.16666666666666669,0.16666666666666669,0.16666666666666669,0.16666666666666669,0.16666666666666669,0.16666666666666669
178,178.0,179.1,0.16666666666666669,0.16666666666666669,0.16666666666666669,0.16666666666666669,0.16666666666666669,0.16666666666666669
179,179.0,180.1,0.16666666666666669,0.16666666666666669,0.16666666666666669,0.16666666666666669,0.16666666666666669,0.16666666666666669
180,180.0,181.1,0.16666666666666669,0.16666666666666669,0.16666666666666669,0.16666666666666669,0.16666666666666669,0.16666666666666669
181,181.0,182.1,0.16666666666666669,0.16666666666666669,0.16666666666666669,0.16666666666666669,0.16666666666666669,0.16666666666666669
182,182.0,183.1,0.16666666666666669,0.16666666666666669,0.16666666666666669,0.16666666666666669,0.16666666666666669,0.16666666666666669
183,183.0,184.1,0.16666666666666669,0.16666666666666669,0.16666666666666669,0.16666666666666669,0.16666666666666669,0.16666666666666669
184,184.0,185.1,0.16666666666666669,0.16666666666666669,0.16666666666666669,0.16666666666666669,0.16666666666666669,0.16666666666666669
185,185.0,186.1,0.16666666666666669,0.16666666666666669,0.16666666666666669,0.16666666666666669,0.16666666666666669,0.16666666666666669
186,186.0,187.1,0.16666666666666669,0.16666666666666669,0.16666666666666669,0.16666666666666669,0.16666666666666669,0.16666666666666669
187,187.0,188.1,0.16666666666666669,0.16666666666666669,0.16666666666666669,0.16666666666666669,0.16666666666666669,0.16666666666666669
188,188.0,189.1,0.16666666666666669,0.16666666666666669,0.16666666666666669,0.16666666666666669,0.16666666666666669,0.16666666666666669
189,189.0,190.1,0.16666666666666669,0.16666666666666669,0.16666666666666669,0.16666666666666669,0.16666666666666669,0.16666666666666669
190,190.0,191.1,0.16666666666666669,0.16666666666666669,0.16666666666666669,0.16666666666666669,0.16666666666666669,0.16666666666666669
191,191.0,192.1,0.16666666666666669,0.16666666666666669,0.16666666666666669,0.16666666666666669,0.16666666666666669,0.16666666666666669
192,192.0,193.1,0.16666666666666669,0.16666666666666669,0.16666666666666669,0.16666666666666669,0.16666666666666669,0.16666666666666669
193,193.0,194.1,0.16666666666666669,0.16666666666666669,0.16666666666666669,0.16666666666666669,0.16666666666666669,0.16666666666666669
194,194.0,195.1,0.16666666666666669,0.16666666666666669,0.16666666666666669,0.16666666666666669,0.16666666666666669,0.16666666666666669
195,195.0,196.1,0.16666666666666669,0.16666666666666669,0.16666666666666669,0.16666666666666669,0.16666666666666669,0.16666666666666669
196,196.0,197.1,0.16666666666666669,0.16666666666666669,0.16666666666666669,0.16666666666666669,0.16666666666666669,0.16666666666666669
197,197.0,198.1,0.16666666666666669,0.16666666666666669,0.16666666666666669,0.16666666666666669,0.16666666666666669,0.16666666666666669
198,198.0,199.1,0.16666666666666669,0.16666666666666669,0.16666666666666669,0.16666666666666669,0.16666666666666669,0.16666666666666669
199,199.0,200.1,0.16428571428571428,0.17857142857142855,0.16428571428571428,0.16428571428571428,0.16428571428571428,0.16428571428571428
200,200.0,201.1,0.1619047619047619,0.17619047619047618,0.17619047619047618,0.1619047619047619,0.1619047619047619,0.1619047619047619
201,201.0,202.1,0.1595238095238095,0.1738095238095238,0.1738095238095238,0.1738095238095238,0.1595238095238095,0.1595238095238095
202,202.0,203.1,0.1595238095238095,0.1738095238095238,0.1738095238095238,0.1738095238095238,0.1595238095238095,0.1595238095238095
203,203.0,204.1,0.15595238095238095,0.16845238095238096,0.17023809523809524,0.18095238095238095,0.16845238095238096,0.15595238095238095
204,204.0,205.1,0.15317460317460319,0.16428571428571428,0.17857142857142855,0.17539682539682538,0.16428571428571428,0.16428571428571428
205,205.0,206.1,0.1496825396825397,0.1607936507936508,0.1893650793650794,0.1796825396825397,0.1607936507936508,0.1596825396825397
206,206.0,207.1,0.14877344877344878,0.15988455988455988,0.1884559884559885,0.17604617604617606,0.15988455988455988,0.16695526695526697
207,207.0,208.1,0.14725829725829725,0.16139971139971143,0.188961038961039,0.17655122655122657,0.1593795093795094,0.16645021645021646
208,208.0,209.1,0.14725829725829725,0.16139971139971143,0.188961038961039,0.17655122655122657,0.1593795093795094,0.16645021645021646
209,209.0,210.1,0.14725829725829725,0.16139971139971143,0.188961038961039,0.17655122655122657,0.1593795093795094,0.16645021645021646
210,210.0,211.1,0.14487734487734488,0.159018759018759,0.20086580086580091,0.1741702741702742,0.15699855699855703,0.1640692640692641
211,211.0,212.1,0.14487734487734488,0.159018759018759,0.20086580086580091,0.1650793650793651,0.15699855699855703,0.17316017316017318
212,212.0,213.1,0.14411976911976915,0.15826118326118327,0.21121933621933625,0.16280663780663782,0.14512987012987016,0.1784632034632035
213,213.0,214.1,0.14169302919302923,0.15583444333444335,0.21950688200688204,0.15909784659784662,0.14270313020313025,0.18116466866466868
214,214.0,215.1,0.14030414030414035,0.16873126873126876,0.2121656121656122,0.15770895770895774,0.14131424131424136,0.1797757797757798
215,215.0,216.1,0.13740731490731492,0.16404872904872905,0.2284354534354535,0.15481213231213234,0.13841741591741594,0.1768789543789544
216,216.0,217.1,0.13649822399822403,0.16313963813963817,0.23298090798090804,0.15390304140304142,0.13750832500832505,0.17596986346986349
217,217.0,218.1,0.13649822399822403,0.16313963813963817,0.23298090798090804,0.15390304140304142,0.13750832500832505,0.17596986346986349
218,218.0,219.1,0.13649822399822403,0.16313963813963817,0.23298090798090804,0.15390304140304142,0.13750832500832505,0.17596986346986349
219,219.0,220.1,0.13649822399822403,0.16313963813963817,0.23298090798090804,0.15390304140304142,0.13750832500832505,0.17596986346986349
220,220.0,221.1,0.13649822399822403,0.16313963813963817,0.23298090798090804,0.15390304140304142,0.13750832500832505,0.17596986346986349
221,221.0,222.1,0.13649822399822403,0.16313963813963817,0.23298090798090804,0.15390304140304142,0.13750832500832505,0.17596986346986349
222,222.0,223.1,0.13649822399822403,0.16313963813963817,0.23298090798090804,0.15390304140304142,0.13750832500832505,0.17596986346986349
223,223.0,224.1,0.13649822399822403,0.16313963813963817,0.23298090798090804,0.15390304140304142,0.13750832500832505,0.17596986346986349
224,224.0,225.1,0.1359029859029859,0.1643301143301143,0.23417138417138417,0.1533078033078033,0.13691308691308693,0.1753746253746254
225,225.0,226.1,0.13613608613608613,0.16043401043401043,0.23677988677988676,0.15371850371850374,0.13613608613608613,0.17679542679542679
226,226.0,227.1,0.1341831477701043,0.15849301664519055,0.2454934558195428,0.15174167619819795,0.1341831477701043,0.17590555579686015
227,227.0,228.1,0.1341831477701043,0.15849301664519055,0.2454934558195428,0.15174167619819795,0.1341831477701043,0.17590555579686015
228,228.0,229.1,0.13100854459550113,0.1535326991848731,0.250652185978273,0.1485670730235948,0.14350854459550114,0.172730952622257
229,229.0,230.1,0.12850854459550115,0.1607549214070953,0.25481885264493964,0.14606707302359478,0.13961965570661225,0.170230952622257
230,230.0,231.1,0.12850854459550115,0.1607549214070953,0.25481885264493964,0.14606707302359478,0.13961965570661225,0.170230952622257
231,231.0,232.1,0.12850854459550115,0.1607549214070953,0.25481885264493964,0.14606707302359478,0.13961965570661225,0.170230952622257
232,232.0,233.1,0.12850854459550115,0.1607549214070953,0.25481885264493964,0.14606707302359478,0.13961965570661225,0.170230952622257
233,233.0,234.1,0.1275994536864102,0.15984583049800438,0.25936430719039416,0.14515798211450387,0.13871056479752134,0.16932186171316604
234,234.0,235.1,0.1265670153601188,0.1587509234060958,0.25709271571340536,0.1537332399401365,0.13652870118387359,0.1673274043963699
235,235.0,236.2,0.1265670153601188,0.1587509234060958,0.25709271571340536,0.1537332399401365,0.13652870118387359,0.1673274043963699
236,236.0,237.2,0.1252861027861028,0.16526085026085027,0.2557334332334332,0.15241314241314244,0.13414973914973916,0.16715673215673216
237,237.0,238.2,0.12421102617731831,0.1614712690555387,0.2545817478401748,0.15129976141212098,0.1333019352682274,0.17513426024661982
238,238.0,239.2,0.13126230822860038,0.16083024341451307,0.25073559399402096,0.15001771013006968,0.13266090962720176,0.17449323460559418
239,239.0,240.2,0.1332825102488024,0.1628504454347151,0.24063458389301084,0.1520379121502717,0.1346811116474038,0.1765134366257962
240,240.0,241.2,0.12980265676894892,0.17013454710083922,0.2552619041383086,0.1485580586704182,0.12265979962609178,0.17358303369539324
241,241.0,242.2,0.1368192918192918,0.1645970695970696,0.26261294261294255,0.14553724053724054,0.12015262515262515,0.17028083028083027
242,242.0,243.2,0.14475579975579975,0.16045024420024417,0.271753663003663,0.14093711843711845,0.11600579975579976,0.16609737484737486
243,243.0,244.2,0.1440205056381527,0.16008259714142067,0.2743271924154277,0.1402018243194714,0.11563815269697623,0.16572972778855133
244,244.0,245.2,0.15263161674926382,0.15036037491919846,0.26849385908209433,0.1499240465416936,0.11424926380808735,0.16434083889966244
245,245.0,246.2,0.1488652261350471,0.15018094082672087,0.26492163420552167,0.1475107110848799,0.11298287319387064,0.17553861455395986
246,246.0,247.2,0.1488652261350471,0.15018094082672087,0.2590392812643452,0.1475107110848799,0.1188652261350471,0.17553861455395986
247,247.0,248.2,0.1468227424749164,0.14846525455221107,0.25887588257153477,0.14546822742474919,0.11682274247491639,0.18354515050167225
248,248.0,249.2,0.14389344954562347,0.14644505253200904,0.2730172967129489,0.14253893449545624,0.11480254045471439,0.179302726259248
249,249.0,250.2,0.12548435863653257,0.14803596162291816,0.2777900239856762,0.15322075267727445,0.11639344954562347,0.17907545353197526
250,250.0,251.2,0.13434502411484509,0.1503829610287411,0.245429655595896,0.15374808482225363,0.1235607103893549,0.1925335640489093
251,251.0,252.2,0.13353948918465047,0.14989253577963257,0.24813707797578766,0.15290748677845456,0.12242837807353937,0.19309503220793545
252,252.0,253.2,0.13353948918465047,0.14989253577963257,0.24813707797578766,0.15290748677845456,0.12242837807353937,0.19309503220793545
253,253.0,254.2,0.13353948918465047,0.14989253577963257,0.24813707797578766,0.15290748677845456,0.12242837807353937,0.19309503220793545
254,254.0,255.2,0.12853991419208813,0.15530649302388436,0.2474880916185264,0.15627630823282998,0.12500456065673457,0.18738463227593663
255,255.0,256.2,0.1261156717678457,0.16000346272085403,0.2509729401033749,0.15385206580858757,0.12333789399006792,0.18571796560926995
256,256.0,257.2,0.12344473159690553,0.15658465930205062,0.2540712307016655,0.1511811256376474,0.13241909057126447,0.18229916219046655
257,257.0,258.2,0.12234583049800443,0.1631780658954572,0.2507745274049622,0.1500822245387463,0.13186964002181392,0.181749711641016
258,258.0,259.2,0.12806011621229013,0.16222568494307624,0.2479173845478193,0.15822075267727445,0.13139344954562343,0.17218261207391644
259,259.0,260.2,0.12859583049800444,0.1631780658954572,0.22220309883353365,0.1591731336296554,0.13901249716467107,0.18783737397867833
260,260.0,261.2,0.12570717503581957,0.16065705749209586,0.21821150219487814,0.17503447816747053,0.13649148876130973,0.18389829834842625
261,261.0,262.2,0.12661626594491046,0.16156614840118677,0.2118478658312418,0.16685265998565235,0.14740057967040068,0.18571648016660808
262,262.0,263.2,0.12553022862530389,0.1604042769056449,0.22997843849417038,0.16599412519385162,0.1465682421393776,0.1715246886416517
263,263.0,264.2,0.12587559404419874,0.15129108617480713,0.2374873511501418,0.16918039970365553,0.1457883847418731,0.17037718418532374
264,264.0,265.2,0.1238546921863352,0.15571180284669128,0.23541937553093736,0.16597189715850974,0.14412176453251507,0.1749204677450114
265,265.0,266.2,0.12369795237442298,0.15556812468577177,0.23515814251108366,0.16577597239361946,0.14508832670597377,0.1747114813291284
266,266.0,267.2,0.123475135975136,0.16817210567210567,0.23004079254079252,0.16587995337995337,0.1459498834498835,0.166482128982129
267,267.0,268.2,0.12271756021756024,0.1757478632478633,0.2251165501165501,0.1662587412587413,0.14443473193473194,0.1657245532245532
268,268.0,269.2,0.12104612402513056,0.17374056720597228,0.2325775093885679,0.16482863020414767,0.14351272700622197,0.16429444216995964
269,269.0,270.2,0.1251698155645524,0.1757399910031489,0.21310953666216825,0.1689023841655421,0.15084682860998652,0.1662314439946019
270,270.0,271.2,0.12502329541803225,0.1756056808688388,0.21397644752907913,0.1687070239701819,0.15065146841462634,0.1660360837992417
271,271.0,272.2,0.12423382173382173,0.1750793650793651,0.21187118437118438,0.17318070818070821,0.15012515262515264,0.165509768009768
272,272.0,273.2,0.12551587301587303,0.17462148962148963,0.20720085470085473,0.16612942612942613,0.15204822954822955,0.174484126984127
273,273.0,274.2,0.13254037025776158,0.173557987905814,0.2007845174149522,0.16757001452653625,0.15069161514813686,0.17485549474679912
274,274.0,275.2,0.13254037025776158,0.173557987905814,0.2007845174149522,0.16757001452653625,0.15069161514813686,0.17485549474679912
275,275.0,276.2,0.13254037025776158,0.161057987905814,0.2132845174149522,0.16757001452653625,0.15069161514813686,0.17485549474679912
276,276.0,277.2,0.13254037025776158,0.161057987905814,0.2132845174149522,0.16757001452653625,0.15069161514813686,0.17485549474679912
277,277.0,278.2,0.13254037025776158,0.161057987905814,0.2132845174149522,0.16757001452653625,0.15069161514813686,0.17485549474679912
278,278.0,279.2,0.13298003806430775,0.1603007822389845,0.214053936076408,0.16590904725736186,0.15015424338458047,0.17660195297835748
279,279.0,280.2,0.14905146663573632,0.16208649652469878,0.20333965036212226,0.15519476154307615,0.15193995767029475,0.17838766726407176
280,280.0,281.2,0.14905146663573632,0.16208649652469878,0.20333965036212226,0.15519476154307615,0.15193995767029475,0.17838766726407176
281,281.0,282.2,0.14905146663573632,0.16208649652469878,0.20333965036212226,0.15519476154307615,0.15193995767029475,0.17838766726407176
282,282.0,283.2,0.14905146663573632,0.16208649652469878,0.20333965036212226,0.15519476154307615,0.15193995767029475,0.17838766726407176
283,283.0,284.3,0.14920468420468422,0.16220140970140973,0.2024714174714175,0.15537351537351535,0.15213147963147966,0.17861749361749363
284,284.0,285.3,0.14920468420468422,0.16220140970140973,0.2024714174714175,0.15537351537351535,0.15213147963147966,0.17861749361749363
285,285.0,286.3,0.14920468420468422,0.16220140970140973,0.2024714174714175,0.15537351537351535,0.15213147963147966,0.17861749361749363
286,286.0,287.3,0.15424627183054151,0.15541788423810896,0.20741086005130951,0.14220774855606316,0.15713476286509995,0.18358247245887696
287,287.0,288.3,0.16496055754482722,0.1518464556666804,0.20562514576559524,0.14042203427034888,0.15534904857938567,0.18179675817316268
288,288.0,289.3,0.16218277976704945,0.1490686778889026,0.2042362568767063,0.15014425649257107,0.15396015969049678,0.1804078692842738
289,289.0,290.3,0.15502830502830506,0.14844461094461098,0.2156454656454657,0.14301531801531803,0.15070762570762572,0.18715867465867464
290,290.0,291.3,0.15543123543123544,0.15147269397269397,0.23155511155511155,0.1434182484182484,0.1411105561105561,0.17701215451215452
291,291.0,292.3,0.15364552114552116,0.1479012654012654,0.22976939726939727,0.1541325341325341,0.1393248418248418,0.17522644022644024
292,292.0,293.3,0.14225663225663226,0.14512348762348762,0.24949161949161952,0.15135475635475631,0.13793595293595293,0.17383755133755135
293,293.0,294.3,0.14114552114552117,0.15403762903762905,0.24726939726939728,0.14799617049617048,0.13682484182484184,0.17272644022644024
294,294.0,295.3,0.14682983682983683,0.1579037629037629,0.2611355311355311,0.1373867798867799,0.15679487179487178,0.13994921744921743
295,295.0,296.3,0.14559357309357307,0.13952464202464204,0.255503663003663,0.14615051615051614,0.17510156510156508,0.1381260406260406
296,296.0,297.3,0.14559357309357307,0.13952464202464204,0.255503663003663,0.14615051615051614,0.17510156510156508,0.1381260406260406
