Total_iterations,Unnamed: 0.1,Intertwine_two,Add_vertex,Delete_vertex,Invert_path_vertices,Insert_inside_vertex,Delete_inside_vertex
0,0.0,0.1666666666666666,0.1666666666666666,0.1666666666666666,0.1666666666666666,0.1666666666666666,0.1666666666666666
1,1.0,0.1666666666666666,0.1666666666666666,0.1666666666666666,0.1666666666666666,0.1666666666666666,0.1666666666666666
2,2.0,0.1666666666666666,0.1666666666666666,0.1666666666666666,0.1666666666666666,0.1666666666666666,0.1666666666666666
3,3.0,0.1666666666666666,0.1666666666666666,0.1666666666666666,0.1666666666666666,0.1666666666666666,0.1666666666666666
4,4.0,0.1666666666666666,0.1666666666666666,0.1666666666666666,0.1666666666666666,0.1666666666666666,0.1666666666666666
5,5.0,0.1666666666666666,0.1666666666666666,0.1666666666666666,0.1666666666666666,0.1666666666666666,0.1666666666666666
6,6.0,0.1666666666666666,0.1666666666666666,0.1666666666666666,0.1666666666666666,0.1666666666666666,0.1666666666666666
7,7.0,0.1666666666666666,0.1666666666666666,0.1666666666666666,0.1666666666666666,0.1666666666666666,0.1666666666666666
8,8.0,0.1666666666666666,0.1666666666666666,0.1666666666666666,0.1666666666666666,0.1666666666666666,0.1666666666666666
9,9.0,0.1666666666666666,0.1666666666666666,0.1666666666666666,0.1666666666666666,0.1666666666666666,0.1666666666666666
10,10.0,0.1666666666666666,0.1666666666666666,0.1666666666666666,0.1666666666666666,0.1666666666666666,0.1666666666666666
11,11.0,0.1666666666666666,0.1666666666666666,0.1666666666666666,0.1666666666666666,0.1666666666666666,0.1666666666666666
12,12.0,0.1666666666666666,0.1666666666666666,0.1666666666666666,0.1666666666666666,0.1666666666666666,0.1666666666666666
13,13.0,0.1666666666666666,0.1666666666666666,0.1666666666666666,0.1666666666666666,0.1666666666666666,0.1666666666666666
14,14.0,0.1666666666666666,0.1666666666666666,0.1666666666666666,0.1666666666666666,0.1666666666666666,0.1666666666666666
15,15.0,0.1666666666666666,0.1666666666666666,0.1666666666666666,0.1666666666666666,0.1666666666666666,0.1666666666666666
16,16.0,0.1666666666666666,0.1666666666666666,0.1666666666666666,0.1666666666666666,0.1666666666666666,0.1666666666666666
17,17.0,0.1666666666666666,0.1666666666666666,0.1666666666666666,0.1666666666666666,0.1666666666666666,0.1666666666666666
18,18.0,0.1666666666666666,0.1666666666666666,0.1666666666666666,0.1666666666666666,0.1666666666666666,0.1666666666666666
19,19.0,0.1666666666666666,0.1666666666666666,0.1666666666666666,0.1666666666666666,0.1666666666666666,0.1666666666666666
20,20.0,0.1666666666666666,0.1666666666666666,0.1666666666666666,0.1666666666666666,0.1666666666666666,0.1666666666666666
21,21.0,0.1666666666666666,0.1666666666666666,0.1666666666666666,0.1666666666666666,0.1666666666666666,0.1666666666666666
22,22.0,0.1666666666666666,0.1666666666666666,0.1666666666666666,0.1666666666666666,0.1666666666666666,0.1666666666666666
23,23.0,0.1666666666666666,0.1666666666666666,0.1666666666666666,0.1666666666666666,0.1666666666666666,0.1666666666666666
24,24.0,0.1666666666666666,0.1666666666666666,0.1666666666666666,0.1666666666666666,0.1666666666666666,0.1666666666666666
25,25.0,0.1666666666666666,0.1666666666666666,0.1666666666666666,0.1666666666666666,0.1666666666666666,0.1666666666666666
26,26.0,0.1666666666666666,0.1666666666666666,0.1666666666666666,0.1666666666666666,0.1666666666666666,0.1666666666666666
27,27.0,0.1666666666666666,0.1666666666666666,0.1666666666666666,0.1666666666666666,0.1666666666666666,0.1666666666666666
28,28.0,0.1666666666666666,0.1666666666666666,0.1666666666666666,0.1666666666666666,0.1666666666666666,0.1666666666666666
29,29.0,0.1666666666666666,0.1666666666666666,0.1666666666666666,0.1666666666666666,0.1666666666666666,0.1666666666666666
30,30.0,0.1666666666666666,0.1666666666666666,0.1666666666666666,0.1666666666666666,0.1666666666666666,0.1666666666666666
31,31.0,0.1666666666666666,0.1666666666666666,0.1666666666666666,0.1666666666666666,0.1666666666666666,0.1666666666666666
32,32.0,0.1666666666666666,0.1666666666666666,0.1666666666666666,0.1666666666666666,0.1666666666666666,0.1666666666666666
33,33.0,0.1666666666666666,0.1666666666666666,0.1666666666666666,0.1666666666666666,0.1666666666666666,0.1666666666666666
34,34.0,0.1666666666666666,0.1666666666666666,0.1666666666666666,0.1666666666666666,0.1666666666666666,0.1666666666666666
35,35.0,0.1666666666666666,0.1666666666666666,0.1666666666666666,0.1666666666666666,0.1666666666666666,0.1666666666666666
36,36.0,0.1666666666666666,0.1666666666666666,0.1666666666666666,0.1666666666666666,0.1666666666666666,0.1666666666666666
37,37.0,0.1666666666666666,0.1666666666666666,0.1666666666666666,0.1666666666666666,0.1666666666666666,0.1666666666666666
38,38.0,0.1666666666666666,0.1666666666666666,0.1666666666666666,0.1666666666666666,0.1666666666666666,0.1666666666666666
39,39.0,0.1666666666666666,0.1666666666666666,0.1666666666666666,0.1666666666666666,0.1666666666666666,0.1666666666666666
40,40.0,0.1666666666666666,0.1666666666666666,0.1666666666666666,0.1666666666666666,0.1666666666666666,0.1666666666666666
41,41.0,0.1666666666666666,0.1666666666666666,0.1666666666666666,0.1666666666666666,0.1666666666666666,0.1666666666666666
42,42.0,0.1666666666666666,0.1666666666666666,0.1666666666666666,0.1666666666666666,0.1666666666666666,0.1666666666666666
43,43.0,0.1666666666666666,0.1666666666666666,0.1666666666666666,0.1666666666666666,0.1666666666666666,0.1666666666666666
44,44.0,0.1666666666666666,0.1666666666666666,0.1666666666666666,0.1666666666666666,0.1666666666666666,0.1666666666666666
45,45.0,0.1666666666666666,0.1666666666666666,0.1666666666666666,0.1666666666666666,0.1666666666666666,0.1666666666666666
46,46.0,0.1666666666666666,0.1666666666666666,0.1666666666666666,0.1666666666666666,0.1666666666666666,0.1666666666666666
47,47.0,0.1666666666666666,0.1666666666666666,0.1666666666666666,0.1666666666666666,0.1666666666666666,0.1666666666666666
48,48.0,0.1666666666666666,0.1666666666666666,0.1666666666666666,0.1666666666666666,0.1666666666666666,0.1666666666666666
49,49.0,0.1666666666666666,0.1666666666666666,0.1666666666666666,0.1666666666666666,0.1666666666666666,0.1666666666666666
50,50.0,0.1666666666666666,0.1666666666666666,0.1666666666666666,0.1666666666666666,0.1666666666666666,0.1666666666666666
51,51.0,0.1666666666666666,0.1666666666666666,0.1666666666666666,0.1666666666666666,0.1666666666666666,0.1666666666666666
52,52.0,0.1666666666666666,0.1666666666666666,0.1666666666666666,0.1666666666666666,0.1666666666666666,0.1666666666666666
53,53.0,0.1666666666666666,0.1666666666666666,0.1666666666666666,0.1666666666666666,0.1666666666666666,0.1666666666666666
54,54.0,0.1666666666666666,0.1666666666666666,0.1666666666666666,0.1666666666666666,0.1666666666666666,0.1666666666666666
55,55.0,0.1666666666666666,0.1666666666666666,0.1666666666666666,0.1666666666666666,0.1666666666666666,0.1666666666666666
56,56.0,0.1666666666666666,0.1666666666666666,0.1666666666666666,0.1666666666666666,0.1666666666666666,0.1666666666666666
57,57.0,0.1666666666666666,0.1666666666666666,0.1666666666666666,0.1666666666666666,0.1666666666666666,0.1666666666666666
58,58.0,0.1666666666666666,0.1666666666666666,0.1666666666666666,0.1666666666666666,0.1666666666666666,0.1666666666666666
59,59.0,0.1666666666666666,0.1666666666666666,0.1666666666666666,0.1666666666666666,0.1666666666666666,0.1666666666666666
60,60.0,0.1666666666666666,0.1666666666666666,0.1666666666666666,0.1666666666666666,0.1666666666666666,0.1666666666666666
61,61.0,0.1666666666666666,0.1666666666666666,0.1666666666666666,0.1666666666666666,0.1666666666666666,0.1666666666666666
62,62.0,0.1666666666666666,0.1666666666666666,0.1666666666666666,0.1666666666666666,0.1666666666666666,0.1666666666666666
63,63.0,0.1666666666666666,0.1666666666666666,0.1666666666666666,0.1666666666666666,0.1666666666666666,0.1666666666666666
64,64.0,0.1666666666666666,0.1666666666666666,0.1666666666666666,0.1666666666666666,0.1666666666666666,0.1666666666666666
65,65.0,0.1666666666666666,0.1666666666666666,0.1666666666666666,0.1666666666666666,0.1666666666666666,0.1666666666666666
66,66.0,0.1666666666666666,0.1666666666666666,0.1666666666666666,0.1666666666666666,0.1666666666666666,0.1666666666666666
67,67.0,0.1666666666666666,0.1666666666666666,0.1666666666666666,0.1666666666666666,0.1666666666666666,0.1666666666666666
68,68.0,0.1666666666666666,0.1666666666666666,0.1666666666666666,0.1666666666666666,0.1666666666666666,0.1666666666666666
69,69.0,0.1666666666666666,0.1666666666666666,0.1666666666666666,0.1666666666666666,0.1666666666666666,0.1666666666666666
70,70.0,0.1666666666666666,0.1666666666666666,0.1666666666666666,0.1666666666666666,0.1666666666666666,0.1666666666666666
71,71.0,0.1666666666666666,0.1666666666666666,0.1666666666666666,0.1666666666666666,0.1666666666666666,0.1666666666666666
72,72.0,0.1666666666666666,0.1666666666666666,0.1666666666666666,0.1666666666666666,0.1666666666666666,0.1666666666666666
73,73.0,0.1666666666666666,0.1666666666666666,0.1666666666666666,0.1666666666666666,0.1666666666666666,0.1666666666666666
74,74.0,0.1666666666666666,0.1666666666666666,0.1666666666666666,0.1666666666666666,0.1666666666666666,0.1666666666666666
75,75.0,0.1666666666666666,0.1666666666666666,0.1666666666666666,0.1666666666666666,0.1666666666666666,0.1666666666666666
76,76.0,0.1666666666666666,0.1666666666666666,0.1666666666666666,0.1666666666666666,0.1666666666666666,0.1666666666666666
77,77.0,0.1666666666666666,0.1666666666666666,0.1666666666666666,0.1666666666666666,0.1666666666666666,0.1666666666666666
78,78.0,0.1666666666666666,0.1666666666666666,0.1666666666666666,0.1666666666666666,0.1666666666666666,0.1666666666666666
79,79.0,0.1666666666666666,0.1666666666666666,0.1666666666666666,0.1666666666666666,0.1666666666666666,0.1666666666666666
80,80.0,0.1666666666666666,0.1666666666666666,0.1666666666666666,0.1666666666666666,0.1666666666666666,0.1666666666666666
81,81.0,0.1666666666666666,0.1666666666666666,0.1666666666666666,0.1666666666666666,0.1666666666666666,0.1666666666666666
82,82.0,0.1666666666666666,0.1666666666666666,0.1666666666666666,0.1666666666666666,0.1666666666666666,0.1666666666666666
83,83.0,0.1666666666666666,0.1666666666666666,0.1666666666666666,0.1666666666666666,0.1666666666666666,0.1666666666666666
84,84.0,0.1666666666666666,0.1666666666666666,0.1666666666666666,0.1666666666666666,0.1666666666666666,0.1666666666666666
85,85.0,0.1666666666666666,0.1666666666666666,0.1666666666666666,0.1666666666666666,0.1666666666666666,0.1666666666666666
86,86.0,0.1666666666666666,0.1666666666666666,0.1666666666666666,0.1666666666666666,0.1666666666666666,0.1666666666666666
87,87.0,0.1666666666666666,0.1666666666666666,0.1666666666666666,0.1666666666666666,0.1666666666666666,0.1666666666666666
88,88.0,0.1666666666666666,0.1666666666666666,0.1666666666666666,0.1666666666666666,0.1666666666666666,0.1666666666666666
89,89.0,0.1666666666666666,0.1666666666666666,0.1666666666666666,0.1666666666666666,0.1666666666666666,0.1666666666666666
90,90.0,0.1666666666666666,0.1666666666666666,0.1666666666666666,0.1666666666666666,0.1666666666666666,0.1666666666666666
91,91.0,0.1666666666666666,0.1666666666666666,0.1666666666666666,0.1666666666666666,0.1666666666666666,0.1666666666666666
92,92.0,0.1666666666666666,0.1666666666666666,0.1666666666666666,0.1666666666666666,0.1666666666666666,0.1666666666666666
93,93.0,0.1666666666666666,0.1666666666666666,0.1666666666666666,0.1666666666666666,0.1666666666666666,0.1666666666666666
94,94.0,0.1666666666666666,0.1666666666666666,0.1666666666666666,0.1666666666666666,0.1666666666666666,0.1666666666666666
95,95.0,0.1666666666666666,0.1666666666666666,0.1666666666666666,0.1666666666666666,0.1666666666666666,0.1666666666666666
96,96.0,0.1666666666666666,0.1666666666666666,0.1666666666666666,0.1666666666666666,0.1666666666666666,0.1666666666666666
97,97.0,0.1666666666666666,0.1666666666666666,0.1666666666666666,0.1666666666666666,0.1666666666666666,0.1666666666666666
98,98.0,0.1666666666666666,0.1666666666666666,0.1666666666666666,0.1666666666666666,0.1666666666666666,0.1666666666666666
99,99.0,0.1666666666666666,0.1666666666666666,0.1666666666666666,0.1666666666666666,0.1666666666666666,0.1666666666666666
100,100.0,0.1666666666666666,0.1666666666666666,0.1666666666666666,0.1666666666666666,0.1666666666666666,0.1666666666666666
101,101.0,0.1666666666666666,0.1666666666666666,0.1666666666666666,0.1666666666666666,0.1666666666666666,0.1666666666666666
102,102.0,0.1666666666666666,0.1666666666666666,0.1666666666666666,0.1666666666666666,0.1666666666666666,0.1666666666666666
103,103.0,0.1666666666666666,0.1666666666666666,0.1666666666666666,0.1666666666666666,0.1666666666666666,0.1666666666666666
104,104.0,0.1666666666666666,0.1666666666666666,0.1666666666666666,0.1666666666666666,0.1666666666666666,0.1666666666666666
105,105.0,0.1666666666666666,0.1666666666666666,0.1666666666666666,0.1666666666666666,0.1666666666666666,0.1666666666666666
106,106.0,0.1666666666666666,0.1666666666666666,0.1666666666666666,0.1666666666666666,0.1666666666666666,0.1666666666666666
107,107.0,0.1666666666666666,0.1666666666666666,0.1666666666666666,0.1666666666666666,0.1666666666666666,0.1666666666666666
108,108.0,0.1666666666666666,0.1666666666666666,0.1666666666666666,0.1666666666666666,0.1666666666666666,0.1666666666666666
109,109.0,0.1666666666666666,0.1666666666666666,0.1666666666666666,0.1666666666666666,0.1666666666666666,0.1666666666666666
110,110.0,0.1666666666666666,0.1666666666666666,0.1666666666666666,0.1666666666666666,0.1666666666666666,0.1666666666666666
111,111.0,0.1666666666666666,0.1666666666666666,0.1666666666666666,0.1666666666666666,0.1666666666666666,0.1666666666666666
112,112.0,0.1666666666666666,0.1666666666666666,0.1666666666666666,0.1666666666666666,0.1666666666666666,0.1666666666666666
113,113.0,0.1666666666666666,0.1666666666666666,0.1666666666666666,0.1666666666666666,0.1666666666666666,0.1666666666666666
114,114.0,0.1666666666666666,0.1666666666666666,0.1666666666666666,0.1666666666666666,0.1666666666666666,0.1666666666666666
115,115.0,0.1666666666666666,0.1666666666666666,0.1666666666666666,0.1666666666666666,0.1666666666666666,0.1666666666666666
116,116.0,0.1666666666666666,0.1666666666666666,0.1666666666666666,0.1666666666666666,0.1666666666666666,0.1666666666666666
117,117.0,0.1666666666666666,0.1666666666666666,0.1666666666666666,0.1666666666666666,0.1666666666666666,0.1666666666666666
118,118.0,0.1666666666666666,0.1666666666666666,0.1666666666666666,0.1666666666666666,0.1666666666666666,0.1666666666666666
119,119.0,0.1666666666666666,0.1666666666666666,0.1666666666666666,0.1666666666666666,0.1666666666666666,0.1666666666666666
120,120.0,0.1666666666666666,0.1666666666666666,0.1666666666666666,0.1666666666666666,0.1666666666666666,0.1666666666666666
121,121.0,0.1666666666666666,0.1666666666666666,0.1666666666666666,0.1666666666666666,0.1666666666666666,0.1666666666666666
122,122.0,0.1666666666666666,0.1666666666666666,0.1666666666666666,0.1666666666666666,0.1666666666666666,0.1666666666666666
123,123.0,0.1666666666666666,0.1666666666666666,0.1666666666666666,0.1666666666666666,0.1666666666666666,0.1666666666666666
124,124.0,0.1666666666666666,0.1666666666666666,0.1666666666666666,0.1666666666666666,0.1666666666666666,0.1666666666666666
125,125.0,0.1666666666666666,0.1666666666666666,0.1666666666666666,0.1666666666666666,0.1666666666666666,0.1666666666666666
126,126.0,0.1666666666666666,0.1666666666666666,0.1666666666666666,0.1666666666666666,0.1666666666666666,0.1666666666666666
127,127.0,0.1666666666666666,0.1666666666666666,0.1666666666666666,0.1666666666666666,0.1666666666666666,0.1666666666666666
128,128.0,0.1666666666666666,0.1666666666666666,0.1666666666666666,0.1666666666666666,0.1666666666666666,0.1666666666666666
129,129.0,0.1666666666666666,0.1666666666666666,0.1666666666666666,0.1666666666666666,0.1666666666666666,0.1666666666666666
130,130.0,0.1666666666666666,0.1666666666666666,0.1666666666666666,0.1666666666666666,0.1666666666666666,0.1666666666666666
131,131.0,0.1666666666666666,0.1666666666666666,0.1666666666666666,0.1666666666666666,0.1666666666666666,0.1666666666666666
132,132.0,0.1666666666666666,0.1666666666666666,0.1666666666666666,0.1666666666666666,0.1666666666666666,0.1666666666666666
133,133.0,0.1666666666666666,0.1666666666666666,0.1666666666666666,0.1666666666666666,0.1666666666666666,0.1666666666666666
134,134.0,0.1666666666666666,0.1666666666666666,0.1666666666666666,0.1666666666666666,0.1666666666666666,0.1666666666666666
135,135.0,0.1666666666666666,0.1666666666666666,0.1666666666666666,0.1666666666666666,0.1666666666666666,0.1666666666666666
136,136.0,0.1666666666666666,0.1666666666666666,0.1666666666666666,0.1666666666666666,0.1666666666666666,0.1666666666666666
137,137.0,0.1666666666666666,0.1666666666666666,0.1666666666666666,0.1666666666666666,0.1666666666666666,0.1666666666666666
138,138.0,0.1666666666666666,0.1666666666666666,0.1666666666666666,0.1666666666666666,0.1666666666666666,0.1666666666666666
139,139.0,0.1666666666666666,0.1666666666666666,0.1666666666666666,0.1666666666666666,0.1666666666666666,0.1666666666666666
140,140.0,0.1666666666666666,0.1666666666666666,0.1666666666666666,0.1666666666666666,0.1666666666666666,0.1666666666666666
141,141.0,0.1666666666666666,0.1666666666666666,0.1666666666666666,0.1666666666666666,0.1666666666666666,0.1666666666666666
142,142.0,0.1666666666666666,0.1666666666666666,0.1666666666666666,0.1666666666666666,0.1666666666666666,0.1666666666666666
143,143.0,0.1666666666666666,0.1666666666666666,0.1666666666666666,0.1666666666666666,0.1666666666666666,0.1666666666666666
144,144.0,0.1666666666666666,0.1666666666666666,0.1666666666666666,0.1666666666666666,0.1666666666666666,0.1666666666666666
145,145.0,0.1666666666666666,0.1666666666666666,0.1666666666666666,0.1666666666666666,0.1666666666666666,0.1666666666666666
146,146.0,0.1666666666666666,0.1666666666666666,0.1666666666666666,0.1666666666666666,0.1666666666666666,0.1666666666666666
147,147.0,0.1666666666666666,0.1666666666666666,0.1666666666666666,0.1666666666666666,0.1666666666666666,0.1666666666666666
148,148.0,0.1666666666666666,0.1666666666666666,0.1666666666666666,0.1666666666666666,0.1666666666666666,0.1666666666666666
149,149.0,0.1666666666666666,0.1666666666666666,0.1666666666666666,0.1666666666666666,0.1666666666666666,0.1666666666666666
150,150.0,0.1666666666666666,0.1666666666666666,0.1666666666666666,0.1666666666666666,0.1666666666666666,0.1666666666666666
151,151.0,0.1666666666666666,0.1666666666666666,0.1666666666666666,0.1666666666666666,0.1666666666666666,0.1666666666666666
152,152.0,0.1666666666666666,0.1666666666666666,0.1666666666666666,0.1666666666666666,0.1666666666666666,0.1666666666666666
153,153.0,0.1666666666666666,0.1666666666666666,0.1666666666666666,0.1666666666666666,0.1666666666666666,0.1666666666666666
154,154.0,0.1666666666666666,0.1666666666666666,0.1666666666666666,0.1666666666666666,0.1666666666666666,0.1666666666666666
155,155.0,0.1666666666666666,0.1666666666666666,0.1666666666666666,0.1666666666666666,0.1666666666666666,0.1666666666666666
156,156.0,0.1666666666666666,0.1666666666666666,0.1666666666666666,0.1666666666666666,0.1666666666666666,0.1666666666666666
157,157.0,0.1666666666666666,0.1666666666666666,0.1666666666666666,0.1666666666666666,0.1666666666666666,0.1666666666666666
158,158.0,0.1666666666666666,0.1666666666666666,0.1666666666666666,0.1666666666666666,0.1666666666666666,0.1666666666666666
159,159.0,0.1666666666666666,0.1666666666666666,0.1666666666666666,0.1666666666666666,0.1666666666666666,0.1666666666666666
160,160.0,0.1666666666666666,0.1666666666666666,0.1666666666666666,0.1666666666666666,0.1666666666666666,0.1666666666666666
161,161.0,0.1666666666666666,0.1666666666666666,0.1666666666666666,0.1666666666666666,0.1666666666666666,0.1666666666666666
162,162.0,0.1666666666666666,0.1666666666666666,0.1666666666666666,0.1666666666666666,0.1666666666666666,0.1666666666666666
163,163.0,0.1666666666666666,0.1666666666666666,0.1666666666666666,0.1666666666666666,0.1666666666666666,0.1666666666666666
164,164.0,0.1666666666666666,0.1666666666666666,0.1666666666666666,0.1666666666666666,0.1666666666666666,0.1666666666666666
165,165.0,0.1666666666666666,0.1666666666666666,0.1666666666666666,0.1666666666666666,0.1666666666666666,0.1666666666666666
166,166.0,0.1666666666666666,0.1666666666666666,0.1666666666666666,0.1666666666666666,0.1666666666666666,0.1666666666666666
167,167.0,0.1666666666666666,0.1666666666666666,0.1666666666666666,0.1666666666666666,0.1666666666666666,0.1666666666666666
168,168.0,0.1666666666666666,0.1666666666666666,0.1666666666666666,0.1666666666666666,0.1666666666666666,0.1666666666666666
169,169.0,0.1666666666666666,0.1666666666666666,0.1666666666666666,0.1666666666666666,0.1666666666666666,0.1666666666666666
170,170.0,0.1666666666666666,0.1666666666666666,0.1666666666666666,0.1666666666666666,0.1666666666666666,0.1666666666666666
171,171.0,0.1666666666666666,0.1666666666666666,0.1666666666666666,0.1666666666666666,0.1666666666666666,0.1666666666666666
172,172.0,0.1666666666666666,0.1666666666666666,0.1666666666666666,0.1666666666666666,0.1666666666666666,0.1666666666666666
173,173.0,0.1666666666666666,0.1666666666666666,0.1666666666666666,0.1666666666666666,0.1666666666666666,0.1666666666666666
174,174.0,0.1666666666666666,0.1666666666666666,0.1666666666666666,0.1666666666666666,0.1666666666666666,0.1666666666666666
175,175.0,0.1666666666666666,0.1666666666666666,0.1666666666666666,0.1666666666666666,0.1666666666666666,0.1666666666666666
176,176.0,0.1666666666666666,0.1666666666666666,0.1666666666666666,0.1666666666666666,0.1666666666666666,0.1666666666666666
177,177.0,0.1666666666666666,0.1666666666666666,0.1666666666666666,0.1666666666666666,0.1666666666666666,0.1666666666666666
178,178.0,0.1666666666666666,0.1666666666666666,0.1666666666666666,0.1666666666666666,0.1666666666666666,0.1666666666666666
179,179.0,0.1666666666666666,0.1666666666666666,0.1666666666666666,0.1666666666666666,0.1666666666666666,0.1666666666666666
180,180.0,0.1666666666666666,0.1666666666666666,0.1666666666666666,0.1666666666666666,0.1666666666666666,0.1666666666666666
181,181.0,0.1666666666666666,0.1666666666666666,0.1666666666666666,0.1666666666666666,0.1666666666666666,0.1666666666666666
182,182.0,0.1666666666666666,0.1666666666666666,0.1666666666666666,0.1666666666666666,0.1666666666666666,0.1666666666666666
183,183.0,0.1666666666666666,0.1666666666666666,0.1666666666666666,0.1666666666666666,0.1666666666666666,0.1666666666666666
184,184.0,0.1666666666666666,0.1666666666666666,0.1666666666666666,0.1666666666666666,0.1666666666666666,0.1666666666666666
185,185.0,0.1666666666666666,0.1666666666666666,0.1666666666666666,0.1666666666666666,0.1666666666666666,0.1666666666666666
186,186.0,0.1666666666666666,0.1666666666666666,0.1666666666666666,0.1666666666666666,0.1666666666666666,0.1666666666666666
187,187.0,0.1666666666666666,0.1666666666666666,0.1666666666666666,0.1666666666666666,0.1666666666666666,0.1666666666666666
188,188.0,0.1666666666666666,0.1666666666666666,0.1666666666666666,0.1666666666666666,0.1666666666666666,0.1666666666666666
189,189.0,0.1666666666666666,0.1666666666666666,0.1666666666666666,0.1666666666666666,0.1666666666666666,0.1666666666666666
190,190.0,0.1666666666666666,0.1666666666666666,0.1666666666666666,0.1666666666666666,0.1666666666666666,0.1666666666666666
191,191.0,0.1666666666666666,0.1666666666666666,0.1666666666666666,0.1666666666666666,0.1666666666666666,0.1666666666666666
192,192.0,0.1666666666666666,0.1666666666666666,0.1666666666666666,0.1666666666666666,0.1666666666666666,0.1666666666666666
193,193.0,0.1666666666666666,0.1666666666666666,0.1666666666666666,0.1666666666666666,0.1666666666666666,0.1666666666666666
194,194.0,0.1666666666666666,0.1666666666666666,0.1666666666666666,0.1666666666666666,0.1666666666666666,0.1666666666666666
195,195.0,0.1666666666666666,0.1666666666666666,0.1666666666666666,0.1666666666666666,0.1666666666666666,0.1666666666666666
196,196.0,0.1666666666666666,0.1666666666666666,0.1666666666666666,0.1666666666666666,0.1666666666666666,0.1666666666666666
197,197.0,0.1666666666666666,0.1666666666666666,0.1666666666666666,0.1666666666666666,0.1666666666666666,0.1666666666666666
198,198.0,0.1666666666666666,0.1666666666666666,0.1666666666666666,0.1666666666666666,0.1666666666666666,0.1666666666666666
199,199.0,0.1664285714285714,0.1678571428571428,0.1664285714285714,0.1664285714285714,0.1664285714285714,0.1664285714285714
200,200.0,0.1659547619047619,0.168797619047619,0.1673833333333333,0.1659547619047619,0.1659547619047619,0.1659547619047619
201,201.0,0.1652497380952381,0.1694798809523809,0.1680925952380952,0.1666783095238095,0.1652497380952381,0.1652497380952381
202,202.0,0.1645579573809524,0.1701372130952381,0.1687881002380953,0.1674008145238096,0.1645579573809524,0.1645579573809524
203,203.0,0.1635278704023809,0.1702298208452381,0.1691071261166667,0.1688294418309524,0.1647778704023809,0.1635278704023809
204,204.0,0.1622472594493889,0.1698787267546429,0.1702388924319286,0.1696808802430397,0.1645958705605,0.1633583705605
205,205.0,0.1606547766797418,0.1691576055992115,0.1724201725564244,0.1709329056940275,0.1640797627908529,0.1627547766797418
206,206.0,0.1590209107261783,0.1683340479203587,0.174461864645648,0.1717835885761654,0.1634914955872895,0.1629080925443602
207,207.0,0.1572964415969288,0.1676598662805482,0.1764898338145578,0.1726423340952946,0.16287548069655,0.1630360435161207
208,208.0,0.1556440379372178,0.1669905012559104,0.1784397181180415,0.1734542939870702,0.1622861075817141,0.1631853411200462
209,209.0,0.1540730172366888,0.1663321648351745,0.1802998271996067,0.1742160272153098,0.1617266057963398,0.1633523577168808
210,210.0,0.1523528561683335,0.1654522422840622,0.1832510136811059,0.1746868438759893,0.1609614879872393,0.16329555600327
211,211.0,0.1507299560939038,0.1645959771554081,0.1860832293863021,0.1741963222644529,0.160233252649162,0.1641612624507712
212,212.0,0.149135062338994,0.1636938087824954,0.1898154027711273,0.1734364105149465,0.1583586252015178,0.1655606903909194
213,213.0,0.1474068310347089,0.1625848569989868,0.1942171527307065,0.1722753130924285,0.1562964989552475,0.167219347187922
214,214.0,0.1456553959535466,0.1628089787968662,0.1976974980029627,0.1709596618583276,0.1541657627571941,0.168712702631103
215,215.0,0.143735909284324,0.1626016573460477,0.2026014740166038,0.1693533861664606,0.151829902424834,0.1698776707617301
216,216.0,0.1418541762473444,0.1623386296664288,0.2077279376776148,0.1676714164143279,0.1495025941697267,0.1709052458245576
217,217.0,0.1401070569915716,0.1621099148395039,0.2125942846755577,0.1660199598872956,0.1472880740485161,0.1718807095575555
218,218.0,0.1384985613314426,0.1619143687282728,0.2171778632067597,0.164412479828124,0.1451972084490246,0.1727995184563766
219,219.0,0.1370309118639943,0.1617506299222785,0.221461114332583,0.1628606533906187,0.1432385405750753,0.1736581499154505
220,220.0,0.1357047004646331,0.1616171550790572,0.2254312382823072,0.1613744334769882,0.1414184373328534,0.1744540353641611
221,221.0,0.1345190454405439,0.1615122525507638,0.2290798465340451,0.1599621216339813,0.1397412432916084,0.1751854905490577
222,222.0,0.1334717477044405,0.1614341141311885,0.2324026045750777,0.1586304501729656,0.138209439471655,0.1758516439446727
223,223.0,0.1325594445048852,0.1613808447936553,0.2353988698460654,0.1573846717703523,0.1368238048890638,0.1764523641959781
224,224.0,0.1317182356106951,0.1614695379423828,0.2381903765903504,0.1561691310948034,0.1355240551564004,0.176928663605368
225,225.0,0.1310263051321569,0.1611883571505045,0.2409233929968675,0.1550876012500094,0.1342904706368702,0.1774838728335916
226,226.0,0.1302593716749136,0.1607336515917671,0.2442130296045286,0.1539028506623492,0.1330034068876869,0.1778876895787546
227,227.0,0.1296083693243466,0.1603020102394377,0.2471865068135738,0.1528149633888135,0.1318568469222462,0.1782313033115823
228,228.0,0.1287507546758335,0.1593994113403669,0.2503615788076472,0.1515076716532649,0.1317807456443677,0.1781998378785197
229,229.0,0.1277514793913684,0.1592506274318706,0.2536387163406862,0.1500517031049744,0.1314406435948996,0.1778668301362007
230,230.0,0.1268597022873911,0.1591317648539761,0.2565999414834639,0.1487014851106992,0.1312163418714955,0.1774907643929742
231,231.0,0.1260735913168927,0.1590410200994023,0.2592472332235784,0.1474599447949805,0.1310985034587829,0.1770797071063632
232,232.0,0.1253904409762302,0.1589764888333627,0.2615855119838952,0.1463286297931198,0.1310776604098198,0.1766412680035722
233,233.0,0.1247158776149176,0.1588452859287554,0.2640768417293361,0.1452169216328408,0.131053412527812,0.1760916605663381
234,234.0,0.124034362517822,0.1586277180511104,0.2660447540071448,0.1450733206759696,0.1308899745953372,0.175329870152616
235,235.0,0.1234463254588589,0.1584331390147798,0.2677263546742351,0.1450306790074272,0.1307992677219952,0.1745642341227037
236,236.0,0.1228202077474032,0.1589121884114709,0.2689975306370109,0.1449473173623667,0.1305370296671928,0.1737857261745556
237,237.0,0.1221738530966015,0.1590278613664554,0.2698937794901475,0.1448356120322179,0.1302523621245449,0.1738165318900327
238,238.0,0.1223176338468154,0.1590922985387299,0.2701626677568554,0.1446715136006778,0.1299625545034961,0.1737933317534255
239,239.0,0.122738503467846,0.1593696916445549,0.269200295449163,0.1447793071796059,0.1299307313978094,0.1739814708610208
240,240.0,0.1228747408465977,0.1603825631443113,0.2695112352812082,0.1446009221023625,0.1287474632030561,0.1738830754224641
241,241.0,0.1237682971517321,0.1608379195832805,0.2703836916660833,0.1441778650852062,0.1273709277446618,0.1734612987690361
242,242.0,0.1254966585666794,0.1608706493388081,0.2720052669610115,0.1433506953142737,0.1256451802665041,0.1726315495527232
243,243.0,0.1271712458402585,0.160859137361515,0.2737195216280498,0.1425085773398982,0.1239588490251727,0.1717826688051059
244,244.0,0.1297079780955697,0.1598687889575279,0.2746850942029248,0.1426998258549782,0.1222190550558037,0.1708192578331958
245,245.0,0.1318436344504651,0.1588644478443086,0.2751349746814467,0.142702858179736,0.1204469035094727,0.1710071813345711
246,246.0,0.1339359410867167,0.1578737057722353,0.2748494984132396,0.1427536658010694,0.1193655621087364,0.1712216268180028
247,247.0,0.1357640615438134,0.1567335416304633,0.2744181277310831,0.1426427147470945,0.1181831031223238,0.1722584512252221
248,248.0,0.1372270274715822,0.1554226908300656,0.2752886130796882,0.1422781846323644,0.1169032662260581,0.1728802177602416
249,249.0,0.1367694519364055,0.1543122396358182,0.2765266094570381,0.14302089684592,0.1158894966707966,0.1734813054540219
250,250.0,0.1371308495695789,0.1534847707214487,0.2744174035029614,0.1438440696109315,0.1156988696841825,0.1754240369108971
251,251.0,0.1373476956918682,0.1526599880766783,0.2724999829032109,0.1445999054471752,0.1154926905717001,0.1773997373093675
252,252.0,0.1375047751368563,0.1518900091734144,0.2705306753141612,0.1453632335131073,0.1153764862454843,0.1793348206169766
253,253.0,0.1376064937778237,0.1511770534265392,0.2685343625106328,0.1461256713050997,0.1153424212701706,0.1812139977097344
254,254.0,0.1371574130095063,0.1510639438023075,0.2664688095063826,0.1472165656180639,0.1156402406187415,0.1824530274449984
255,255.0,0.1364246410874222,0.1514742676024118,0.2647684894721637,0.1480465436834551,0.1158352545661686,0.1834508035883789
256,256.0,0.1353949626472567,0.1515869706318097,0.2634100750075078,0.1485844851464646,0.1169939131712116,0.1840295933957498
257,257.0,0.1342388596307142,0.1523977209043109,0.2617644432165888,0.1489847087581947,0.1181360126348057,0.1844782548553858
258,258.0,0.1336508651959274,0.1531399615042353,0.2598877611609312,0.1501697379804102,0.1192536193782916,0.1838980547802045
259,259.0,0.1331193341433543,0.1539940733737938,0.2555076149732797,0.1514120125226109,0.1211427685110069,0.1848241964759547
260,260.0,0.1323068556133665,0.154602513141277,0.2508332785791302,0.1541938052754435,0.1227695991766511,0.1852939482141318
261,261.0,0.1316005372215112,0.1553015634664291,0.2456637944241896,0.1560876436637313,0.1254618747624867,0.1858845864616524
262,262.0,0.1308064042241147,0.1558771674588594,0.2424861566651064,0.1578138948972294,0.1280210760857155,0.1849953006689748
263,263.0,0.1300734593123592,0.1555291630734307,0.2402520967658193,0.1597679507613243,0.1304318431974076,0.183945486889659
264,264.0,0.1291697400533113,0.1556156500247471,0.2380069978383837,0.1612998752739185,0.1325884369924393,0.1833192998172002
265,265.0,0.1282875682603073,0.1556800819930593,0.2359344092786319,0.1627057350776101,0.1347413609007145,0.182650844489677
266,266.0,0.1274254358478161,0.1569973492901008,0.2335495819101506,0.1640121093727261,0.1368686177506058,0.1811469058286007
267,267.0,0.1265342561020896,0.159052213178834,0.2308757251423996,0.1652444034662815,0.1387224464209855,0.1795709556894098
268,268.0,0.1255268837528476,0.160867817575195,0.229157758228367,0.1662206004229467,0.1403558145866137,0.17787112543403
269,269.0,0.1249878101951947,0.1628305314079454,0.2256989882446997,0.1674926333778967,0.1425908252202517,0.1763992115540118
270,270.0,0.1244898120323487,0.1647126374399418,0.222546891830265,0.1686320245256922,0.1446653588048872,0.1749532753668652
271,271.0,0.1239680011512231,0.1664628317240802,0.2194137742984723,0.1701055949742057,0.1465396685482091,0.1735101293038098
272,272.0,0.1236292346922411,0.16807838436757,0.2160515096535531,0.1707574313048046,0.148454709850276,0.1730287301315553
273,273.0,0.1240456609865826,0.1694914626276824,0.2122953311950085,0.1714418627903009,0.1500785207791065,0.1726471616213192
274,274.0,0.1245053917442016,0.170803898314565,0.2087996624445179,0.1720191326446099,0.1515460815587442,0.1723258332933616
275,275.0,0.1249994992111944,0.1707626313286718,0.2068234091187807,0.1724941843323073,0.1528583415963121,0.172061934412734
276,276.0,0.1255196046419536,0.1706284446071393,0.2051093922085789,0.1728724891531772,0.1540177083656414,0.1718523610235099
277,277.0,0.1260579071857949,0.1704119719907468,0.203648528241461,0.1731599387456937,0.1550278775258628,0.1716937763104411
278,278.0,0.1266511708866264,0.1700478862284613,0.2025070524289354,0.1731966474098496,0.1558399299699291,0.1717573130761985
279,279.0,0.1288555397462943,0.169801309431081,0.2005237644627085,0.1720853806346364,0.1566924917323068,0.1720415139929733
280,280.0,0.1310414309888899,0.1695022421843748,0.1987669641520984,0.170916334346029,0.1574122719778265,0.1723607563507816
281,281.0,0.1331888334636945,0.1691589242057426,0.1972315707346496,0.1697069769582527,0.158005351055719,0.1727083435819419
282,282.0,0.1352801220227389,0.1687792137481631,0.1959107974552204,0.1684734331551023,0.1584784682919679,0.1730779653268075
283,283.0,0.1373153169289037,0.1683820384817781,0.1947095667437327,0.1672483323991906,0.1588580408944938,0.1734867045519014
284,284.0,0.1392658860172099,0.1679627744542278,0.1937060776106706,0.1660269935486134,0.1591323906241369,0.1739058777451418
285,285.0,0.1411207861785601,0.1675278231819044,0.1928905907895221,0.1648212538013428,0.1593092962708891,0.1743302497777817
286,286.0,0.1433751940666223,0.1664047503556783,0.1927464051752967,0.1623250339627759,0.159897061509934,0.175251554929693
287,287.0,0.1465843005149461,0.1649269732937563,0.1925847112426825,0.159698691825427,0.1602198558100547,0.1759854673131337
288,288.0,0.1493784811109585,0.1631883909839779,0.1924307021596699,0.1581144395484845,0.1603227737189677,0.1765652124779416
289,289.0,0.1513058391600561,0.1614200630797975,0.1935510704090049,0.1558960168209518,0.1600265202984176,0.1778004902317722
290,290.0,0.1531179791032195,0.1600016217474915,0.1963713103767356,0.1538109224184091,0.1587069963143076,0.1779911700398367
291,291.0,0.1545934661867753,0.1582825924135253,0.1990827929309056,0.1529018392875476,0.1571648888979998,0.1779744202832465
292,292.0,0.1547730362226741,0.1563538749650553,0.2038022154952657,0.1518181936404444,0.1554597028637022,0.1777929768128584
293,293.0,0.1546983741042115,0.1553971395294308,0.2082843676209311,0.150502419599336,0.1536386868224457,0.1774790123236449
294,294.0,0.1550640812364398,0.1549090959190642,0.214094768217128,0.1482322214103677,0.1538286369323419,0.1738711962846585
295,295.0,0.1551872488377529,0.1526618912516691,0.2192313495697025,0.146956962251434,0.1558599237105431,0.1701026243788986
296,296.0,0.1552021629214928,0.1505080345587432,0.2242169959213591,0.1458011645473845,0.1578804982248343,0.1663911438261861
297,297.0,0.1551194996985796,0.1484597296097689,0.2291305806723095,0.1446508037661349,0.1598712259564638,0.1627681602967434
298,298.0,0.1562334728239639,0.1461347655197245,0.2314129764451642,0.1438118327516376,0.1626666614808922,0.1597402909786177
299,299.0,0.1572580125687114,0.1439369827277221,0.2334779106464143,0.1430880540563299,0.1653920502065356,0.1568469897942867
300,300.0,0.1580529279845496,0.1417367520429886,0.23504870231343,0.142336297346357,0.1688604762593494,0.1539648440533255
301,301.0,0.15884914144112,0.1399540478343717,0.2365908759647826,0.1409646052630125,0.1723038607369975,0.1513374687597158
302,302.0,0.1603749246361474,0.1380467626781642,0.2377464171200706,0.1395214155371942,0.1755175466794926,0.1487929333489311
303,303.0,0.1625516198733929,0.1361287119029715,0.2381058368807506,0.1381045336066315,0.1794599661485243,0.1456493315877294
304,304.0,0.1645569377608309,0.1343029031611947,0.2387340809276045,0.1367400662756731,0.183029311107238,0.1426367007674589
305,305.0,0.1663372913038964,0.1332419845005241,0.2410332713268332,0.1354498477710993,0.1840880014178844,0.1398496036797627
306,306.0,0.1678300657092881,0.132169911264291,0.2437075523084378,0.1341693004502624,0.1849026145432624,0.1372205557244583
307,307.0,0.1691974427950713,0.1312468712907656,0.2461981665098591,0.1330091637668982,0.1855388626200958,0.13480949301731
308,308.0,0.1704382885223489,0.1304671916534123,0.2484985744671012,0.131968998024093,0.1860082196724707,0.1326187276605738
309,309.0,0.1716077926246438,0.1299342232248777,0.2501652322854493,0.1311021528401641,0.1864875163971444,0.1307030826277207
310,310.0,0.1726519436739808,0.129529723469664,0.2503904527962136,0.1303505140616125,0.1868226142112885,0.1302547517872405
311,311.0,0.1733790015213283,0.1289961115192124,0.2506029101868274,0.1295162434918522,0.1867208579740906,0.130784875306689
312,312.0,0.1740348896883301,0.1286147310035088,0.250738461703114,0.1289537108653872,0.1865590950894931,0.1310991116501669
313,313.0,0.174561796961548,0.1283255315010663,0.2507012961426884,0.1285919532392632,0.1862719822263287,0.1315474399291055
314,314.0,0.1749817870007719,0.1281342157748696,0.2505343174943272,0.1283266999439174,0.185892968815015,0.1321300109710989
315,315.0,0.1753406227027627,0.1273605062942228,0.2495569429684187,0.1281876118227808,0.1859221580747067,0.1336321581371083
316,316.0,0.1756054871778453,0.1266755416086774,0.2484856963943768,0.128130470370444,0.1858800271185025,0.1352227773301541
317,317.0,0.175214947085778,0.1264182059764878,0.2462043138063916,0.1288294705163686,0.186115038368463,0.1372180242465111
318,318.0,0.17449981192056,0.125991491666822,0.2434904610155757,0.1291994828467439,0.188040309309654,0.1387784432406444
319,319.0,0.1737246925411586,0.1256416036905245,0.2407645235701203,0.1296197060198212,0.1898925612635406,0.1403569129148349
320,320.0,0.1729033385627861,0.1264754694051323,0.2380549693099439,0.1300809167195994,0.1905494624982032,0.141935843504335
321,321.0,0.1720485869851234,0.127366374784409,0.2353872554591204,0.1305744040864108,0.1911239790732176,0.1434993996117187
322,322.0,0.1711723250838762,0.1282997068080949,0.2327838751152227,0.1310920055798838,0.1916186042887985,0.1450334831241239
