,Unnamed: 0,Total_iterations,Intertwine_two,Invert_path_vertices,Insert_inside_vertex,Delete_inside_vertex,Replace_inside_vertex,Donate_between_routes,Trim_one_terminal_cb,Grow_one_terminal_cb
0,0.0,0.0,0.125,0.125,0.125,0.125,0.125,0.125,0.125,0.125
1,1.0,1.0,0.125,0.125,0.125,0.125,0.125,0.125,0.125,0.125
2,2.0,2.0,0.125,0.125,0.125,0.125,0.125,0.125,0.125,0.125
3,3.0,3.0,0.125,0.125,0.125,0.125,0.125,0.125,0.125,0.125
4,4.0,4.0,0.125,0.125,0.125,0.125,0.125,0.125,0.125,0.125
5,5.0,5.0,0.125,0.125,0.125,0.125,0.125,0.125,0.125,0.125
6,6.0,6.0,0.125,0.125,0.125,0.125,0.125,0.125,0.125,0.125
7,7.0,7.0,0.125,0.125,0.125,0.125,0.125,0.125,0.125,0.125
8,8.0,8.0,0.125,0.125,0.125,0.125,0.125,0.125,0.125,0.125
9,9.0,9.0,0.125,0.125,0.125,0.125,0.125,0.125,0.125,0.125
10,10.0,10.0,0.125,0.125,0.125,0.125,0.125,0.125,0.125,0.125
11,11.0,11.0,0.125,0.125,0.125,0.125,0.125,0.125,0.125,0.125
12,12.0,12.0,0.125,0.125,0.125,0.125,0.125,0.125,0.125,0.125
13,13.0,13.0,0.125,0.125,0.125,0.125,0.125,0.125,0.125,0.125
14,14.0,14.0,0.125,0.125,0.125,0.125,0.125,0.125,0.125,0.125
15,15.0,15.0,0.125,0.125,0.125,0.125,0.125,0.125,0.125,0.125
16,16.0,16.0,0.125,0.125,0.125,0.125,0.125,0.125,0.125,0.125
17,17.0,17.0,0.125,0.125,0.125,0.125,0.125,0.125,0.125,0.125
18,18.0,18.0,0.125,0.125,0.125,0.125,0.125,0.125,0.125,0.125
19,19.0,19.0,0.125,0.125,0.125,0.125,0.125,0.125,0.125,0.125
20,20.0,20.0,0.125,0.125,0.125,0.125,0.125,0.125,0.125,0.125
21,21.0,21.0,0.125,0.125,0.125,0.125,0.125,0.125,0.125,0.125
22,22.0,22.0,0.125,0.125,0.125,0.125,0.125,0.125,0.125,0.125
23,23.0,23.0,0.125,0.125,0.125,0.125,0.125,0.125,0.125,0.125
24,24.0,24.0,0.125,0.125,0.125,0.125,0.125,0.125,0.125,0.125
25,25.0,25.0,0.125,0.125,0.125,0.125,0.125,0.125,0.125,0.125
26,26.0,26.0,0.125,0.125,0.125,0.125,0.125,0.125,0.125,0.125
27,27.0,27.0,0.125,0.125,0.125,0.125,0.125,0.125,0.125,0.125
28,28.0,28.0,0.125,0.125,0.125,0.125,0.125,0.125,0.125,0.125
29,29.0,29.0,0.125,0.125,0.125,0.125,0.125,0.125,0.125,0.125
30,30.0,30.0,0.125,0.125,0.125,0.125,0.125,0.125,0.125,0.125
31,31.0,31.0,0.125,0.125,0.125,0.125,0.125,0.125,0.125,0.125
32,32.0,32.0,0.125,0.125,0.125,0.125,0.125,0.125,0.125,0.125
33,33.0,33.0,0.125,0.125,0.125,0.125,0.125,0.125,0.125,0.125
34,34.0,34.0,0.125,0.125,0.125,0.125,0.125,0.125,0.125,0.125
35,35.0,35.0,0.125,0.125,0.125,0.125,0.125,0.125,0.125,0.125
36,36.0,36.0,0.125,0.125,0.125,0.125,0.125,0.125,0.125,0.125
37,37.0,37.0,0.125,0.125,0.125,0.125,0.125,0.125,0.125,0.125
38,38.0,38.0,0.125,0.125,0.125,0.125,0.125,0.125,0.125,0.125
39,39.0,39.0,0.125,0.125,0.125,0.125,0.125,0.125,0.125,0.125
40,40.0,40.0,0.125,0.125,0.125,0.125,0.125,0.125,0.125,0.125
41,41.0,41.0,0.125,0.125,0.125,0.125,0.125,0.125,0.125,0.125
42,42.0,42.0,0.125,0.125,0.125,0.125,0.125,0.125,0.125,0.125
43,43.0,43.0,0.125,0.125,0.125,0.125,0.125,0.125,0.125,0.125
44,44.0,44.0,0.125,0.125,0.125,0.125,0.125,0.125,0.125,0.125
45,45.0,45.0,0.125,0.125,0.125,0.125,0.125,0.125,0.125,0.125
46,46.0,46.0,0.125,0.125,0.125,0.125,0.125,0.125,0.125,0.125
47,47.0,47.0,0.125,0.125,0.125,0.125,0.125,0.125,0.125,0.125
48,48.0,48.0,0.125,0.125,0.125,0.125,0.125,0.125,0.125,0.125
49,49.0,49.0,0.125,0.125,0.125,0.125,0.125,0.125,0.125,0.125
50,50.0,50.0,0.125,0.125,0.125,0.125,0.125,0.125,0.125,0.125
51,51.0,51.0,0.125,0.125,0.125,0.125,0.125,0.125,0.125,0.125
52,52.0,52.0,0.125,0.125,0.125,0.125,0.125,0.125,0.125,0.125
53,53.0,53.0,0.125,0.125,0.125,0.125,0.125,0.125,0.125,0.125
54,54.0,54.0,0.125,0.125,0.125,0.125,0.125,0.125,0.125,0.125
55,55.0,55.0,0.125,0.125,0.125,0.125,0.125,0.125,0.125,0.125
56,56.0,56.0,0.125,0.125,0.125,0.125,0.125,0.125,0.125,0.125
57,57.0,57.0,0.125,0.125,0.125,0.125,0.125,0.125,0.125,0.125
58,58.0,58.0,0.125,0.125,0.125,0.125,0.125,0.125,0.125,0.125
59,59.0,59.0,0.125,0.125,0.125,0.125,0.125,0.125,0.125,0.125
60,60.0,60.0,0.125,0.125,0.125,0.125,0.125,0.125,0.125,0.125
61,61.0,61.0,0.125,0.125,0.125,0.125,0.125,0.125,0.125,0.125
62,62.0,62.0,0.125,0.125,0.125,0.125,0.125,0.125,0.125,0.125
63,63.0,63.0,0.125,0.125,0.125,0.125,0.125,0.125,0.125,0.125
64,64.0,64.0,0.125,0.125,0.125,0.125,0.125,0.125,0.125,0.125
65,65.0,65.0,0.125,0.125,0.125,0.125,0.125,0.125,0.125,0.125
66,66.0,66.0,0.125,0.125,0.125,0.125,0.125,0.125,0.125,0.125
67,67.0,67.0,0.125,0.125,0.125,0.125,0.125,0.125,0.125,0.125
68,68.0,68.0,0.125,0.125,0.125,0.125,0.125,0.125,0.125,0.125
69,69.0,69.0,0.125,0.125,0.125,0.125,0.125,0.125,0.125,0.125
70,70.0,70.0,0.125,0.125,0.125,0.125,0.125,0.125,0.125,0.125
71,71.0,71.0,0.125,0.125,0.125,0.125,0.125,0.125,0.125,0.125
72,72.0,72.0,0.125,0.125,0.125,0.125,0.125,0.125,0.125,0.125
73,73.0,73.0,0.125,0.125,0.125,0.125,0.125,0.125,0.125,0.125
74,74.0,74.0,0.125,0.125,0.125,0.125,0.125,0.125,0.125,0.125
75,75.0,75.0,0.125,0.125,0.125,0.125,0.125,0.125,0.125,0.125
76,76.0,76.0,0.125,0.125,0.125,0.125,0.125,0.125,0.125,0.125
77,77.0,77.0,0.125,0.125,0.125,0.125,0.125,0.125,0.125,0.125
78,78.0,78.0,0.125,0.125,0.125,0.125,0.125,0.125,0.125,0.125
79,79.0,79.0,0.125,0.125,0.125,0.125,0.125,0.125,0.125,0.125
80,80.0,80.0,0.125,0.125,0.125,0.125,0.125,0.125,0.125,0.125
81,81.0,81.0,0.125,0.125,0.125,0.125,0.125,0.125,0.125,0.125
82,82.0,82.0,0.125,0.125,0.125,0.125,0.125,0.125,0.125,0.125
83,83.0,83.0,0.125,0.125,0.125,0.125,0.125,0.125,0.125,0.125
84,84.0,84.0,0.125,0.125,0.125,0.125,0.125,0.125,0.125,0.125
85,85.0,85.0,0.125,0.125,0.125,0.125,0.125,0.125,0.125,0.125
86,86.0,86.0,0.125,0.125,0.125,0.125,0.125,0.125,0.125,0.125
87,87.0,87.0,0.125,0.125,0.125,0.125,0.125,0.125,0.125,0.125
88,88.0,88.0,0.125,0.125,0.125,0.125,0.125,0.125,0.125,0.125
89,89.0,89.0,0.125,0.125,0.125,0.125,0.125,0.125,0.125,0.125
90,90.0,90.0,0.125,0.125,0.125,0.125,0.125,0.125,0.125,0.125
91,91.0,91.0,0.125,0.125,0.125,0.125,0.125,0.125,0.125,0.125
92,92.0,92.1,0.125,0.125,0.125,0.125,0.125,0.125,0.125,0.125
93,93.0,93.1,0.125,0.125,0.125,0.125,0.125,0.125,0.125,0.125
94,94.0,94.1,0.125,0.125,0.125,0.125,0.125,0.125,0.125,0.125
95,95.0,95.1,0.125,0.125,0.125,0.125,0.125,0.125,0.125,0.125
96,96.0,96.1,0.125,0.125,0.125,0.125,0.125,0.125,0.125,0.125
97,97.0,97.1,0.125,0.125,0.125,0.125,0.125,0.125,0.125,0.125
98,98.0,98.1,0.125,0.125,0.125,0.125,0.125,0.125,0.125,0.125
99,99.0,99.1,0.125,0.125,0.125,0.125,0.125,0.125,0.125,0.125
100,100.0,100.1,0.125,0.125,0.125,0.125,0.125,0.125,0.125,0.125
101,101.0,101.1,0.125,0.125,0.125,0.125,0.125,0.125,0.125,0.125
102,102.0,102.1,0.125,0.125,0.125,0.125,0.125,0.125,0.125,0.125
103,103.0,103.1,0.125,0.125,0.125,0.125,0.125,0.125,0.125,0.125
104,104.0,104.1,0.125,0.125,0.125,0.125,0.125,0.125,0.125,0.125
105,105.0,105.1,0.125,0.125,0.125,0.125,0.125,0.125,0.125,0.125
106,106.0,106.1,0.125,0.125,0.125,0.125,0.125,0.125,0.125,0.125
107,107.0,107.1,0.125,0.125,0.125,0.125,0.125,0.125,0.125,0.125
108,108.0,108.1,0.125,0.125,0.125,0.125,0.125,0.125,0.125,0.125
109,109.0,109.1,0.125,0.125,0.125,0.125,0.125,0.125,0.125,0.125
110,110.0,110.1,0.125,0.125,0.125,0.125,0.125,0.125,0.125,0.125
111,111.0,111.1,0.125,0.125,0.125,0.125,0.125,0.125,0.125,0.125
112,112.0,112.1,0.125,0.125,0.125,0.125,0.125,0.125,0.125,0.125
113,113.0,113.1,0.125,0.125,0.125,0.125,0.125,0.125,0.125,0.125
114,114.0,114.1,0.125,0.125,0.125,0.125,0.125,0.125,0.125,0.125
115,115.0,115.1,0.125,0.125,0.125,0.125,0.125,0.125,0.125,0.125
116,116.0,116.1,0.125,0.125,0.125,0.125,0.125,0.125,0.125,0.125
117,117.0,117.1,0.125,0.125,0.125,0.125,0.125,0.125,0.125,0.125
118,118.0,118.1,0.125,0.125,0.125,0.125,0.125,0.125,0.125,0.125
119,119.0,119.1,0.125,0.125,0.125,0.125,0.125,0.125,0.125,0.125
120,120.0,120.1,0.125,0.125,0.125,0.125,0.125,0.125,0.125,0.125
121,121.0,121.1,0.125,0.125,0.125,0.125,0.125,0.125,0.125,0.125
122,122.0,122.1,0.125,0.125,0.125,0.125,0.125,0.125,0.125,0.125
123,123.0,123.1,0.125,0.125,0.125,0.125,0.125,0.125,0.125,0.125
124,124.0,124.1,0.125,0.125,0.125,0.125,0.125,0.125,0.125,0.125
125,125.0,125.1,0.125,0.125,0.125,0.125,0.125,0.125,0.125,0.125
126,126.0,126.1,0.125,0.125,0.125,0.125,0.125,0.125,0.125,0.125
127,127.0,127.1,0.125,0.125,0.125,0.125,0.125,0.125,0.125,0.125
128,128.0,128.1,0.125,0.125,0.125,0.125,0.125,0.125,0.125,0.125
129,129.0,129.1,0.125,0.125,0.125,0.125,0.125,0.125,0.125,0.125
130,130.0,130.1,0.125,0.125,0.125,0.125,0.125,0.125,0.125,0.125
131,131.0,131.1,0.125,0.125,0.125,0.125,0.125,0.125,0.125,0.125
132,132.0,132.1,0.125,0.125,0.125,0.125,0.125,0.125,0.125,0.125
133,133.0,133.1,0.125,0.125,0.125,0.125,0.125,0.125,0.125,0.125
134,134.0,134.1,0.125,0.125,0.125,0.125,0.125,0.125,0.125,0.125
135,135.0,135.1,0.125,0.125,0.125,0.125,0.125,0.125,0.125,0.125
136,136.0,136.1,0.125,0.125,0.125,0.125,0.125,0.125,0.125,0.125
137,137.0,137.1,0.125,0.125,0.125,0.125,0.125,0.125,0.125,0.125
138,138.0,138.1,0.125,0.125,0.125,0.125,0.125,0.125,0.125,0.125
139,139.0,139.1,0.125,0.125,0.125,0.125,0.125,0.125,0.125,0.125
140,140.0,140.1,0.125,0.125,0.125,0.125,0.125,0.125,0.125,0.125
141,141.0,141.1,0.125,0.125,0.125,0.125,0.125,0.125,0.125,0.125
142,142.0,142.1,0.125,0.125,0.125,0.125,0.125,0.125,0.125,0.125
143,143.0,143.1,0.125,0.125,0.125,0.125,0.125,0.125,0.125,0.125
144,144.0,144.1,0.125,0.125,0.125,0.125,0.125,0.125,0.125,0.125
145,145.0,145.1,0.125,0.125,0.125,0.125,0.125,0.125,0.125,0.125
146,146.0,146.1,0.125,0.125,0.125,0.125,0.125,0.125,0.125,0.125
147,147.0,147.1,0.125,0.125,0.125,0.125,0.125,0.125,0.125,0.125
148,148.0,148.1,0.125,0.125,0.125,0.125,0.125,0.125,0.125,0.125
149,149.0,149.1,0.125,0.125,0.125,0.125,0.125,0.125,0.125,0.125
150,150.0,150.1,0.125,0.125,0.125,0.125,0.125,0.125,0.125,0.125
151,151.0,151.1,0.125,0.125,0.125,0.125,0.125,0.125,0.125,0.125
152,152.0,152.1,0.125,0.125,0.125,0.125,0.125,0.125,0.125,0.125
153,153.0,153.1,0.125,0.125,0.125,0.125,0.125,0.125,0.125,0.125
154,154.0,154.1,0.125,0.125,0.125,0.125,0.125,0.125,0.125,0.125
155,155.0,155.1,0.125,0.125,0.125,0.125,0.125,0.125,0.125,0.125
156,156.0,156.1,0.125,0.125,0.125,0.125,0.125,0.125,0.125,0.125
157,157.0,157.1,0.125,0.125,0.125,0.125,0.125,0.125,0.125,0.125
158,158.0,158.1,0.125,0.125,0.125,0.125,0.125,0.125,0.125,0.125
159,159.0,159.1,0.125,0.125,0.125,0.125,0.125,0.125,0.125,0.125
160,160.0,160.1,0.125,0.125,0.125,0.125,0.125,0.125,0.125,0.125
161,161.0,161.1,0.125,0.125,0.125,0.125,0.125,0.125,0.125,0.125
162,162.0,162.1,0.125,0.125,0.125,0.125,0.125,0.125,0.125,0.125
163,163.0,163.1,0.125,0.125,0.125,0.125,0.125,0.125,0.125,0.125
164,164.0,164.1,0.125,0.125,0.125,0.125,0.125,0.125,0.125,0.125
165,165.0,165.1,0.125,0.125,0.125,0.125,0.125,0.125,0.125,0.125
166,166.0,166.1,0.125,0.125,0.125,0.125,0.125,0.125,0.125,0.125
167,167.0,167.2,0.125,0.125,0.125,0.125,0.125,0.125,0.125,0.125
168,168.0,168.2,0.125,0.125,0.125,0.125,0.125,0.125,0.125,0.125
169,169.0,169.2,0.125,0.125,0.125,0.125,0.125,0.125,0.125,0.125
170,170.0,170.2,0.125,0.125,0.125,0.125,0.125,0.125,0.125,0.125
171,171.0,171.2,0.125,0.125,0.125,0.125,0.125,0.125,0.125,0.125
172,172.0,172.2,0.125,0.125,0.125,0.125,0.125,0.125,0.125,0.125
173,173.0,173.2,0.125,0.125,0.125,0.125,0.125,0.125,0.125,0.125
174,174.0,174.2,0.125,0.125,0.125,0.125,0.125,0.125,0.125,0.125
175,175.0,175.2,0.125,0.125,0.125,0.125,0.125,0.125,0.125,0.125
176,176.0,176.2,0.125,0.125,0.125,0.125,0.125,0.125,0.125,0.125
177,177.0,177.2,0.125,0.125,0.125,0.125,0.125,0.125,0.125,0.125
178,178.0,178.2,0.125,0.125,0.125,0.125,0.125,0.125,0.125,0.125
179,179.0,179.2,0.125,0.125,0.125,0.125,0.125,0.125,0.125,0.125
180,180.0,180.2,0.125,0.125,0.125,0.125,0.125,0.125,0.125,0.125
181,181.0,181.2,0.125,0.125,0.125,0.125,0.125,0.125,0.125,0.125
182,182.0,182.2,0.125,0.125,0.125,0.125,0.125,0.125,0.125,0.125
183,183.0,183.2,0.125,0.125,0.125,0.125,0.125,0.125,0.125,0.125
184,184.0,184.2,0.125,0.125,0.125,0.125,0.125,0.125,0.125,0.125
185,185.0,185.2,0.125,0.125,0.125,0.125,0.125,0.125,0.125,0.125
186,186.0,186.2,0.125,0.125,0.125,0.125,0.125,0.125,0.125,0.125
187,187.0,187.2,0.125,0.125,0.125,0.125,0.125,0.125,0.125,0.125
188,188.0,188.2,0.125,0.125,0.125,0.125,0.125,0.125,0.125,0.125
189,189.0,189.2,0.125,0.125,0.125,0.125,0.125,0.125,0.125,0.125
190,190.0,190.2,0.125,0.125,0.125,0.125,0.125,0.125,0.125,0.125
191,191.0,191.2,0.125,0.125,0.125,0.125,0.125,0.125,0.125,0.125
192,192.0,192.2,0.125,0.125,0.125,0.125,0.125,0.125,0.125,0.125
193,193.0,193.2,0.125,0.125,0.125,0.125,0.125,0.125,0.125,0.125
194,194.0,194.2,0.125,0.125,0.125,0.125,0.125,0.125,0.125,0.125
195,195.0,195.2,0.125,0.125,0.125,0.125,0.125,0.125,0.125,0.125
196,196.0,196.2,0.125,0.125,0.125,0.125,0.125,0.125,0.125,0.125
197,197.0,197.2,0.125,0.125,0.125,0.125,0.125,0.125,0.125,0.125
198,198.0,198.2,0.125,0.125,0.125,0.125,0.125,0.125,0.125,0.125
199,199.0,199.2,0.125,0.125,0.125,0.125,0.125,0.125,0.125,0.125
200,200.0,200.2,0.11777777777777779,0.11777777777777779,0.11777777777777779,0.12444444444444444,0.1288888888888889,0.11777777777777779,0.14444444444444443,0.13111111111111112
201,201.0,201.2,0.11089285714285713,0.11089285714285713,0.13232142857142856,0.11714285714285713,0.12089285714285714,0.11089285714285713,0.15214285714285714,0.14482142857142857
202,202.0,202.2,0.11089285714285713,0.11089285714285713,0.13232142857142856,0.11714285714285713,0.12089285714285714,0.11089285714285713,0.15214285714285714,0.14482142857142857
203,203.0,203.2,0.10213217338217337,0.0995680708180708,0.12099664224664224,0.1220680708180708,0.0995680708180708,0.11067918192918191,0.1485103785103785,0.1964774114774115
204,204.0,204.2,0.10163632119514472,0.1050186741363212,0.12056489262371617,0.12090102707749766,0.09913632119514473,0.11024743230625585,0.14854808590102705,0.1939472455648926
205,205.0,205.2,0.10040043290043288,0.10345598845598844,0.11932900432900433,0.11810245310245308,0.09790043290043289,0.11810245310245308,0.15032467532467533,0.19238455988455988
206,206.0,206.2,0.09998608402010196,0.10281021752459492,0.11897563105842952,0.12242744240497769,0.09754705962985807,0.11774907983187828,0.14797301365016385,0.1925314718799956
207,207.0,207.2,0.10756184159585955,0.10205264176701916,0.11821805530085375,0.12091229088982618,0.09678948387228233,0.11623392831672677,0.14645786213501233,0.19177389612241985
208,208.0,208.2,0.10756184159585955,0.10205264176701916,0.11821805530085375,0.1320234020009373,0.09678948387228233,0.10512281720561564,0.14645786213501233,0.19177389612241985
209,209.0,209.2,0.10516867920269715,0.10030050501488241,0.11646591854871699,0.14621143618897148,0.09503734712014557,0.10272965481245326,0.14406469974184993,0.1900217593702831
210,210.0,210.2,0.10289752929996832,0.09831564776686727,0.11474421919543869,0.14078318023439973,0.09831564776686727,0.10760136205258156,0.14930551156160912,0.18803690212226795
211,211.0,211.2,0.1017070531094921,0.09736326681448633,0.12117279062401012,0.13840222785344736,0.09736326681448633,0.10593469538591489,0.15811503537113292,0.17994166402702985
212,212.0,212.2,0.10065726955970858,0.09651369971491923,0.12053967374089325,0.1362864269876465,0.09651369971491923,0.11071824516946467,0.15967888818498574,0.17909209692746275
213,213.0,213.2,0.10603677439355189,0.09533558087266526,0.11765442145237541,0.1398601100519259,0.09533558087266526,0.10863481360923814,0.16347380454157948,0.1736689142059986
214,214.0,214.2,0.09657628920786815,0.08602073365231258,0.10852073365231259,0.14002126528442316,0.09018740031897926,0.09852073365231259,0.15731924508240297,0.2228335991493886
215,215.0,215.2,0.09582482721956406,0.08539500265816055,0.10806166932482722,0.13789261031366293,0.09339500265816056,0.09718447634237105,0.15477538543328015,0.22747102604997343
216,216.0,216.2,0.09455986995460679,0.08397619923935712,0.10679671205986993,0.14001226843332107,0.1016685069316648,0.09591951907741379,0.15212581278370751,0.22494111152005886
217,217.0,217.2,0.08800975340449023,0.08409274935590724,0.09563121089436878,0.14012881854987116,0.10087596613912402,0.09603606919396392,0.1690255796834744,0.22619985277880011
218,218.0,218.2,0.08800975340449023,0.08409274935590724,0.09563121089436878,0.14012881854987116,0.10087596613912402,0.09603606919396392,0.1690255796834744,0.22619985277880011
219,219.0,219.2,0.08710972750446433,0.08305027331343118,0.09473118499434287,0.13865899208004467,0.09879101405417193,0.09513604329393802,0.16978963044752518,0.23273313431208167
220,220.0,220.2,0.0869774523721892,0.08278572304888092,0.09459890986206773,0.13799761641866903,0.0982619135250714,0.09500376816166288,0.17190603256392728,0.2324685840475314
221,221.0,221.2,0.08685429966282959,0.08253941763016172,0.09447575715270813,0.13738185287187102,0.1061026360209663,0.09488061545230328,0.17042820005161202,0.22733722115754781
222,222.0,222.2,0.08609833149306832,0.08500184026499814,0.09371978898294686,0.1361661145871672,0.10371978898294684,0.094124647282542,0.17545914611704083,0.22571034228928966
223,223.0,223.2,0.08554888094361777,0.0844523897155476,0.0920714373345952,0.13561666403771666,0.1031703384334963,0.09357519673309145,0.18150310216099688,0.224061990640938
224,224.0,224.2,0.0850726904674273,0.08397619923935712,0.09064286590602379,0.1351404735615262,0.10269414795730583,0.09309900625690096,0.18007453073242546,0.22930008587903322
225,225.0,225.2,0.08565748578906472,0.08426859690017584,0.0909352635668425,0.1310469063100642,0.10298654561812452,0.08871304134462027,0.18650727927043714,0.2298848812006707
226,226.0,226.2,0.0850726904674273,0.08397619923935712,0.09064286590602379,0.12987731566678934,0.10269414795730583,0.08783584836216413,0.19060084652189913,0.22930008587903322
227,227.0,227.2,0.08452323991797674,0.08342674868990657,0.09009341535657324,0.1293278651173388,0.10104579630895416,0.08728639781271358,0.19609535201640466,0.22820118478013213
228,228.0,228.2,0.08404704944178626,0.0829505582137161,0.08961722488038276,0.12885167464114827,0.09961722488038277,0.0868102073365231,0.2008572567783094,0.2272488038277512
229,229.0,229.2,0.0836303827751196,0.08253389154704943,0.0892005582137161,0.12843500797448165,0.09836722488038276,0.08639354066985644,0.20502392344497605,0.22641547049441785
230,230.0,230.2,0.0898792262326478,0.07968199125880347,0.08956704873006784,0.12988046365221553,0.09834324886529434,0.08676003118620818,0.21131809447091818,0.21456989560384457
231,231.0,231.2,0.08935291044317414,0.07941883336406662,0.089303890835331,0.12882783207326817,0.09808009097055749,0.08597055750199765,0.21500230499723397,0.21404357981437086
232,232.0,232.2,0.08822312519574181,0.07885394074035047,0.08873899821161485,0.13231055849717105,0.0968616035755995,0.084929474402091,0.21716850481049263,0.21291379456693854
233,233.0,233.2,0.087761482583464,0.07880784849825097,0.08856975326015573,0.1326339243831504,0.09290559285915322,0.08833165802206047,0.22186271159181375,0.2091270288019514
234,234.0,234.2,0.08680226636108988,0.0783282403870639,0.08809014514896868,0.13128851540616243,0.09189966895849247,0.087419149477973,0.22800420168067226,0.2081678125795773
235,235.0,235.2,0.08593081896790336,0.07789251669047065,0.08765442145237543,0.1344101039625336,0.09098775478570874,0.08658816886438368,0.22447794532832893,0.2120582699482955
236,236.0,236.2,0.08513559969442322,0.07392347848230199,0.08725681181563533,0.13667812579577285,0.09015724471606822,0.08582824038706391,0.2299738986503692,0.21104660045836515
237,237.0,237.2,0.08474034277742717,0.07372585002380397,0.08705918335713733,0.1364804973372748,0.09391218542753067,0.08563061192856589,0.23387996700656544,0.20457136214169463
238,238.0,238.2,0.08474034277742717,0.07372585002380397,0.08705918335713733,0.1364804973372748,0.09391218542753067,0.08563061192856589,0.23387996700656544,0.20457136214169463
239,239.0,239.2,0.08352628097715846,0.07267845489020194,0.08601178822353528,0.1364688538083899,0.09261848487520943,0.08412673075227091,0.24133525884116763,0.20323414763206632
240,240.0,240.2,0.08240799396681749,0.07174132730015081,0.08507466063348415,0.14470060331825038,0.09090799396681748,0.08307466063348415,0.2402730015082956,0.20181975867269983
241,241.0,241.2,0.08510999089462086,0.070763837048467,0.08409717038180035,0.1547213406454393,0.08921544995169284,0.0816819511923876,0.2341626978334758,0.2002475620521161
242,242.0,242.2,0.08378655522037874,0.06989054382436735,0.08322387715770067,0.15690715602480307,0.08767900536282888,0.08042295123177474,0.23926659125188537,0.19882331992626107
243,243.0,243.2,0.08258329089211443,0.06910445491327843,0.08243778824661177,0.15547923209687914,0.0862761720849956,0.0792776150864386,0.2473160880513822,0.1975253586282998
244,244.0,244.2,0.08260313216195567,0.06938884644766996,0.0827221797810033,0.1547097020626432,0.08616373822256174,0.07956200662083013,0.2633836261777438,0.18146676852559204
245,245.0,245.2,0.08177054154995328,0.06855625583566757,0.08188958916900092,0.1504831932773109,0.08515289449112975,0.07864028944911296,0.27379551820728293,0.17971171802054156
246,246.0,246.2,0.10015163627459452,0.07250111629648832,0.07250111629648832,0.15147084665687208,0.08892968772505976,0.08225481087776912,0.26874139371417044,0.1634493921585573
247,247.0,247.2,0.0994642857142857,0.07204365079365078,0.07204365079365078,0.1532936507936508,0.08831349206349207,0.08148809523809523,0.2677777777777778,0.16557539682539682
248,248.0,248.2,0.09623866547490835,0.0701441954288254,0.0701441954288254,0.16097984267813487,0.08626388654851651,0.08406041579665868,0.2694858283330769,0.16268297031105378
249,249.0,249.2,0.09532187476266422,0.06942901761980708,0.06942901761980708,0.15732308992177413,0.09550747132983975,0.08285605111263004,0.2690623338649655,0.16107114376851217
250,250.0,250.2,0.08448028135099071,0.06877681814752751,0.07403997604226435,0.16132790550410686,0.09423029297171172,0.08174935285919266,0.26579087388583955,0.16960449923836649
251,251.0,251.2,0.08397186147186148,0.06826839826839827,0.07326839826839826,0.15864718614718615,0.09314935064935062,0.080995670995671,0.2682575757575758,0.17344155844155842
252,252.0,252.2,0.08337476106735989,0.0679176032826159,0.0729176032826159,0.155928689757117,0.09614047964931059,0.08041723373346585,0.2705811224099702,0.17272250681754464
253,253.0,253.2,0.08190892440892442,0.06668165168165169,0.07168165168165168,0.165004995004995,0.09413586413586413,0.07896936396936396,0.2713861138861139,0.17023143523143522
254,254.0,254.2,0.07768512925489668,0.06548815955792697,0.07025006431983175,0.17234661118382044,0.09230863451793683,0.07757805071758557,0.2768880107833596,0.16745533966464196
255,255.0,255.2,0.07614169037793325,0.0642489010041192,0.06879435554957375,0.1734793764110652,0.09016008659272415,0.07597540978945151,0.27605087986017773,0.17514930041495505
256,256.0,256.2,0.07579996539117782,0.06399120963080916,0.06853666417626371,0.17386019122392868,0.09300335556175375,0.07537599342938607,0.27258786665071427,0.17684475393596635
257,257.0,257.2,0.07502995485113295,0.06374859284396449,0.06829404738941905,0.1813140467137662,0.0956526261645476,0.07481139477633163,0.27254316549898594,0.16860617176185194
258,258.0,258.2,0.07431794894217678,0.06318673708515847,0.06794864184706324,0.177484287896093,0.09002270139538497,0.07394560851664486,0.28523876877171317,0.1678553055457654
259,259.0,259.2,0.08004911472228958,0.062494290160886055,0.06725619492279082,0.17376864540383213,0.08893918263400434,0.07306658784056914,0.2882161553076239,0.16620982900800388
260,260.0,260.2,0.07895681416570333,0.06181865627096648,0.06636411081642103,0.1821312793137011,0.0849527082788664,0.07234843694384682,0.289087367428836,0.16434062678165878
261,261.0,261.2,0.07788226881141473,0.06111175797550141,0.06545958406245793,0.17766740139991924,0.08386175797550141,0.07149991587023825,0.2999665668326827,0.16255074707228429
262,262.0,262.2,0.0775671967351534,0.060796685899240074,0.06496335256590674,0.17593999202551833,0.08318416361760014,0.07105093113800542,0.30492312834224594,0.16157454967632984
263,263.0,263.2,0.07413009049773756,0.060435708898944174,0.06443570889894418,0.17529543740573153,0.08248039215686273,0.07631052036199096,0.30644664404223226,0.16046549773755653
264,264.0,264.2,0.07373343110829236,0.060251288251149504,0.0642512882511495,0.17313744648802917,0.08197130172823847,0.07587757650229901,0.3107336491200253,0.16004401855081654
265,265.0,265.2,0.07320298736546942,0.05992216080720383,0.06376831465335768,0.17321621305391033,0.08411197562201866,0.07531219215849774,0.311439576716657,0.1590265796228852
266,266.0,266.2,0.07284495115377468,0.059755343689167205,0.06360149753532104,0.17358422281216396,0.08357751813634165,0.07492048591313297,0.3130733723748429,0.15864260838525543
267,267.0,267.2,0.07239414054384533,0.05948639880577923,0.06319010250948293,0.17450795378485456,0.07989907823161654,0.07679525669855244,0.31589149832255886,0.15783557110330998
268,268.0,268.2,0.07210062540944892,0.05936606829989181,0.06306977200359551,0.1730875973155385,0.07950884219266571,0.07872161471426174,0.3165359477124183,0.1576095323521794
269,269.0,269.2,0.0719724202812438,0.059301965735789254,0.06300566943949296,0.1721901614181026,0.0791883293721529,0.07859340958605662,0.315702614379085,0.16004542978807684
270,270.0,270.2,0.07171819392945647,0.05910871499375803,0.0626801435651866,0.1733446798896942,0.07875117619109727,0.07606645596154202,0.31893625742980114,0.15939437803946413
271,271.0,271.2,0.06847704991087342,0.05905064298446651,0.06262207155589508,0.17491262414056533,0.07846081614463965,0.07595031194295898,0.32124824929971985,0.1592782340208811
272,272.0,272.2,0.06790404040404038,0.05857864357864356,0.062150072150072136,0.17790764790764788,0.07779942279942277,0.07499999999999997,0.3202489177489177,0.1604112554112554
273,273.0,273.2,0.06737930667983225,0.05810928084003897,0.06168070941146754,0.17965238278093773,0.07686538793403937,0.0741504010825056,0.32284406296178203,0.15931846830939633
274,274.0,274.2,0.06678147939017502,0.06266092603049123,0.0612323546019198,0.1784599096555618,0.07603754940711462,0.07324110671936757,0.32334556747600224,0.15824110671936759
275,275.0,275.2,0.06619292024387206,0.06197728363461845,0.06078680744414224,0.17467258571961816,0.0773908174692049,0.07446453011962528,0.3208832808972787,0.1636317744716401
276,276.0,276.2,0.06564154983757681,0.06134642467288644,0.06037239869886045,0.17321881639910122,0.07652421661229754,0.0735778089807325,0.32698674969289654,0.16233203510564828
277,277.0,277.2,0.06775509593588722,0.060762050847946,0.05998565333241805,0.17633762255266233,0.07570551103654133,0.07478870730930444,0.32354826887030635,0.16111709011493416
278,278.0,278.2,0.06728828618190318,0.06026319070999919,0.0596679526147611,0.17728193437767906,0.07519636037721143,0.07405751695113397,0.32558284623178235,0.16066191255552958
279,279.0,279.2,0.0667597924415668,0.05975489048078246,0.05932631905221104,0.17406843229094918,0.07445024567203931,0.07328148964503832,0.32893801947008305,0.16342081094732974
280,280.0,280.2,0.06652471905010889,0.059656207480377796,0.05922763605180638,0.17359267538405881,0.07422961145212244,0.0729942696913908,0.3287647494115907,0.1650101314785441
281,281.0,281.2,0.06620038830856079,0.05943246575492396,0.058880741616992936,0.17448317245757283,0.07367714067407194,0.07272801095913425,0.33021665691975793,0.16438142330898525
282,282.0,282.2,0.06598157264780385,0.05930983740630116,0.05875811326837014,0.17324360997411153,0.07318680664861174,0.0706150483244153,0.33298046229063893,0.1659245494397472
283,283.0,283.2,0.0656568888627712,0.0590772234301646,0.05841055676349792,0.17170481805775922,0.07260120271884976,0.07227840133722485,0.3350561889091301,0.16521471992060227
284,284.0,284.2,0.06775329939668173,0.059001916792357965,0.05833525012569131,0.1727951860231272,0.07237528280542986,0.07217829311211663,0.3326215749120161,0.16493919683257918
285,285.0,285.2,0.0676795473093493,0.05916740031218566,0.05822654009713189,0.1689741172308928,0.07232602273551396,0.07217460028941892,0.3405063883005955,0.16094538372491182
286,286.0,286.2,0.0670636000472957,0.058588993333558534,0.05771399333355855,0.16732254681711203,0.0715825070662027,0.0753577061022713,0.34294089163654384,0.1594297616634573
287,287.0,287.2,0.06655267221399325,0.06111436938207339,0.05726821553591954,0.17030008416480308,0.07291187271498478,0.07454163863023816,0.3392347128366499,0.15807643452133763
288,288.0,288.2,0.06599619617238925,0.06051618865575577,0.056812484952052066,0.1761038807556565,0.07219882816858397,0.07366574617268287,0.33503634262929494,0.15967033249358442
289,289.0,289.2,0.06567874200277617,0.06016405659644991,0.05659262802502134,0.1801663036178112,0.07173031416990898,0.07296483162296188,0.3339263074922315,0.15877681647283878
290,290.0,290.2,0.06528836926620174,0.05986885036146117,0.056297421790032595,0.17837982214829504,0.07301228328321921,0.07254462286481986,0.3366478472266649,0.1579607830593052
291,291.0,291.2,0.06508086449732878,0.059775445778116956,0.056204017206688384,0.17724699923680012,0.07260219940331644,0.07593759106362309,0.33905151599250677,0.1541013668216193
292,292.0,292.2,0.06475784627220517,0.05943903453698477,0.0559907586749158,0.1782444532561966,0.07208341594350987,0.0752726559468312,0.34075803945292577,0.15345379591643066
293,293.0,293.2,0.06445025962857798,0.059122168179796875,0.055788834846463554,0.1808613768533466,0.0735096143031901,0.0746463825892262,0.33878114288482736,0.15284022071457118
294,294.0,294.2,0.06406925428978408,0.058793872930167614,0.05556806647855471,0.18279681987461266,0.07293841046226612,0.07390918585302564,0.33661613672742036,0.15530825338416862
295,295.0,295.2,0.06388991729368983,0.058712665723600635,0.05548685927198773,0.18357784778451808,0.07254685389130437,0.07375346345329942,0.3369755482655975,0.15505684431600228
296,296.0,296.2,0.06371671852428742,0.0586341294259099,0.055408322974297,0.18250590604907332,0.0721682853470758,0.07360273848721637,0.3375110848218415,0.15645281437029848
297,297.0,297.2,0.06346459991621278,0.0585298840944002,0.056916980868593745,0.18109900851836339,0.07174556626169527,0.07331552855746401,0.3421330819717916,0.1527953498114788
298,298.0,298.2,0.0630406229160543,0.05806863865211577,0.05653094023941736,0.17818639508080833,0.07115627511928199,0.07255489238017276,0.34870473986036965,0.15175749575177963
299,299.0,299.2,0.06263495198833864,0.05763137540766251,0.056163572377359486,0.17843729238053627,0.07059033226318692,0.0718317144536018,0.35194259415560153,0.15076816697371268
300,300.0,300.2,0.06229440594257326,0.05724022767745217,0.05586155120686394,0.1824443518858629,0.07021451960950896,0.07121520802046657,0.3508338351695123,0.14989590048775975
301,301.0,301.2,0.06192023639940303,0.059701829805996455,0.05552600563017226,0.18120412766246102,0.07224994912494909,0.07055636107719439,0.3498504273504274,0.14899106294939624
302,302.0,302.2,0.06164037548483768,0.05948389808245865,0.05528476388332444,0.18246887625236283,0.07327119168982421,0.07024470231887264,0.34924294617817214,0.14836324611014734
303,303.0,303.2,0.061454848362178335,0.05931289162473914,0.05509114322388625,0.18317903698753185,0.07286256271060805,0.07008944306747186,0.35003789606708335,0.147972177956501
304,304.0,304.2,0.06109605005229106,0.061527245670000306,0.05728354819100869,0.18630794719388694,0.07484646829338361,0.0722598989564556,0.3492064586935463,0.1374723829494274
305,305.0,305.2,0.06086743926581536,0.05862451310984571,0.05704348544186153,0.18727958134060801,0.07442583244704772,0.06943783982154855,0.3528909445423326,0.13943036403094022
306,306.0,306.2,0.06044312757021071,0.06244875835931661,0.056609031164090697,0.18638803173805626,0.07394007779429371,0.0687757035164447,0.355230340052153,0.13616492980543407
307,307.0,307.2,0.05999526218221342,0.06175315292331311,0.056157914828075015,0.18814538247456375,0.07326232188940703,0.06817466454017154,0.3529321117863699,0.139579189375886
308,308.0,308.2,0.058326183094407125,0.061594303745857594,0.05597894492627342,0.18847874643619955,0.07286315247579182,0.06801239907396803,0.35562048313459943,0.13912578711290274
309,309.0,309.2,0.057958255392116055,0.05824238828110828,0.059631277169997166,0.18860675678795585,0.07230623467942802,0.06760568236854442,0.3593588074197721,0.13629059790107784
310,310.0,310.2,0.05751690517808945,0.05768650559582824,0.05905636860952688,0.18970916909664995,0.0716551307228948,0.06695450049479082,0.3612545172822855,0.1361669030199341
311,311.0,311.2,0.05717614483402065,0.057202867024451966,0.0585727300381506,0.19160414178435234,0.07122197175756714,0.0664944265058566,0.3604294252465433,0.13729829280905723
312,312.0,312.2,0.056853522189937035,0.05674807798724106,0.058117941000939685,0.19366961997840607,0.06944011995851558,0.06605941396630932,0.36435087466639143,0.1347604302522597
313,313.0,313.2,0.05654748057503184,0.05631947520394047,0.05768933821763911,0.19175526094898257,0.06904758929431865,0.07021044612171308,0.36604831458273573,0.13238209505563842
314,314.0,314.2,0.056396477197594205,0.056247928871289696,0.05759928022264105,0.19303680983792687,0.06875948685637852,0.07002755465091548,0.3658907537273249,0.13204170863592912
315,315.0,315.2,0.05613462716095905,0.055948398678955916,0.05728173201228924,0.19167610344340286,0.06836409575999286,0.06961968167234547,0.3676557827081403,0.13331957856391413
316,316.0,316.2,0.05587999563218556,0.05560463814790447,0.058013240298442105,0.19074573299412786,0.06802784726068495,0.06924476367702434,0.3681073543686031,0.13437642762102742
317,317.0,317.2,0.055737262474144386,0.05548024679909954,0.05787740991966691,0.191008611934943,0.0678060169897074,0.06908956306332692,0.36905890941455194,0.13394197940455962
318,318.0,318.2,0.055534599852759804,0.05529584740585154,0.05768181231813224,0.19140349059056816,0.06752665546348473,0.06868240725268944,0.36921323115408067,0.13466195596243324
319,319.0,319.2,0.05523809754482846,0.054969188243272696,0.05732664438362356,0.19269525112828087,0.06710296017309723,0.06807271457520928,0.37215112606066475,0.13244401789102295
320,320.0,320.2,0.05508308157799474,0.05481340802542646,0.057160125334162204,0.1934472508786806,0.06687443776707203,0.06776692009885171,0.3728817243175626,0.1319730520002495
321,321.0,321.2,0.05495476547262258,0.0547018100946672,0.05389591955663382,0.19377727629513342,0.0665893213928928,0.06764429618001044,0.37369446030160314,0.1347421507064364
322,322.0,322.2,0.05473530829227029,0.054404295423282754,0.05366614468513201,0.1940547666117286,0.06722740480335417,0.06495468947367679,0.37656820324541845,0.13438918746513678
323,323.0,323.2,0.054523494907552816,0.05422657164427378,0.05346209139878089,0.19162117655647934,0.06685699479651572,0.06460236246073206,0.38092484866795406,0.13378245956771123
324,324.0,324.2,0.05438026714857012,0.05413129625780485,0.05335691502221294,0.1921258669203109,0.06666863196847056,0.06434021331397226,0.38059657555436505,0.13440023381429328
325,325.0,325.2,0.05425129494642718,0.0522946995196249,0.05327470424894527,0.19193528965656287,0.06652460406021501,0.06632926461196666,0.37954716125291815,0.1358429817033399
326,326.0,326.2,0.05408509759650186,0.05218993928777789,0.053144414379249896,0.19197804889978187,0.0662354793091108,0.06598953892950579,0.38095710234393476,0.13542037925413702
327,327.0,327.2,0.05394931053557621,0.0521140932836923,0.05302288824252106,0.19103360199551073,0.06597794063384796,0.06583536037345897,0.383041951334974,0.13502485360041877
328,328.0,328.2,0.053924873032009435,0.05222779605306972,0.05304189404220152,0.18974463176618706,0.06593949752804028,0.06263900643950956,0.3859455805229078,0.13653672061607447
329,329.0,329.2,0.053740543247489427,0.05210093746189668,0.052861238697663696,0.19062650604738401,0.06560843153423417,0.062294372223914186,0.38680195180163013,0.1359660189857875
330,330.0,330.2,0.05350697368649573,0.051802056767233054,0.05260477814224359,0.18962056462796967,0.06524514282099438,0.06187983756360248,0.3916738535050987,0.13366679288636216
331,331.0,331.2,0.05337230509990707,0.05169607435390887,0.05244797272875806,0.19169861267211627,0.06498396386940038,0.06157053322836774,0.39104850448826806,0.13318203355927336
332,332.0,332.2,0.053280856928488975,0.05163263738697259,0.05233510439712639,0.1917519463989698,0.0647690924723916,0.061428083524261115,0.39197285592965186,0.13282942296213746
333,333.0,333.2,0.053244680360204466,0.05161014070924895,0.05230379093224,0.19211711094723555,0.06470646554261882,0.06135573038769211,0.3919676382249643,0.13269444289579563
334,334.0,334.2,0.053144478701462494,0.05152330446082507,0.052182699531984844,0.19456902553168884,0.06455470170539276,0.061102497336163984,0.39063222026840594,0.13229107246407587
335,335.0,335.2,0.0530145137114363,0.05143375018199595,0.05205466377529326,0.1942095141912203,0.06431817026494249,0.06087246110426742,0.39217596720603937,0.1319209595648048
336,336.0,336.2,0.05290651109340766,0.05135187086595268,0.05194025126444616,0.19267028707173994,0.06414758333458659,0.06067323364421856,0.3947456023443774,0.1315646603812708
337,337.0,337.2,0.052748761670691126,0.0482157817357352,0.05178944944733395,0.1945649116764963,0.06386190785551496,0.06038836968418522,0.39734378526319636,0.13108703266684668
338,338.0,338.2,0.052506048120400314,0.04951640406962931,0.05155366860689385,0.19631732433189455,0.06349421742946515,0.06002282690122405,0.3947193343645731,0.1318701761759194
339,339.0,339.2,0.05227241905116985,0.049310498471932675,0.05132695112040779,0.19801166044060953,0.06313845734202639,0.05967043458120784,0.3936751107818523,0.1325944682107934
340,340.0,340.2,0.052055190233107826,0.049120540341936206,0.052235619707015554,0.19797917312791452,0.06282554910129277,0.05934620553613686,0.3931249807908847,0.13331274116171138
341,341.0,341.2,0.05189038398613044,0.04899131951623849,0.052081978856897825,0.19826420943604287,0.0625880050887305,0.05910182058438572,0.3929048252874243,0.1341774572441497
342,342.0,342.2,0.051818942828777706,0.04894275641882626,0.052025514368840856,0.19853392910526418,0.06248142072947327,0.058957688065937174,0.3946923990951906,0.13254734938768967
343,343.0,343.2,0.051633620003185186,0.04877107065322165,0.05184606583347999,0.19890195807243857,0.06224090745257791,0.058678363970125935,0.3947362343987058,0.13319177961626472
344,344.0,344.2,0.05146380816274325,0.04860477037013043,0.051648248630999996,0.1988794572623933,0.061968368706785536,0.058383637165272784,0.3978256052448813,0.1312261044567931
345,345.0,345.2,0.05126705828908924,0.04843351524020646,0.051446121840132295,0.19796479441301998,0.06166016482721802,0.05808743199036489,0.3993346248261136,0.13180628857385535
346,346.0,346.2,0.05113757169321851,0.04832911767063264,0.051311478099801563,0.19979127797950086,0.06142161404224146,0.05871611543955065,0.3978585801536245,0.1314342449214296
347,347.0,347.2,0.05101112995949396,0.048227366738700664,0.051180087523714037,0.1979136728346617,0.06118842025020339,0.05848869379948135,0.4009194674054254,0.1310711614883193
348,348.0,348.2,0.050905641058006115,0.048164195887437214,0.05108786535522434,0.19851497354188377,0.06099643515615315,0.05828501825886603,0.40123907484618526,0.130806795896244
349,349.0,349.2,0.04939560128956298,0.04667759862457945,0.04957278762801587,0.20744913154265143,0.059383573798154045,0.056679466663266356,0.4017724478107394,0.12906939264303033
350,350.0,350.2,0.049277199555655474,0.0465822818361714,0.049449544443693746,0.2081760590676489,0.059164467698542424,0.05729456250259455,0.4013269020366411,0.12872898285905232
351,351.0,351.2,0.049210773846361064,0.04650907510505837,0.04934894925640792,0.20768151932289247,0.05900909559891102,0.05713165995618709,0.4026131056761827,0.12849582123799927
352,352.0,352.2,0.0491257429152655,0.04642759617751481,0.0492406043075961,0.20596037688033425,0.05883691759746168,0.057932395372663946,0.4042687283207479,0.12820763842841582
353,353.0,353.2,0.049013529447588064,0.046338369898870725,0.04912501953157593,0.2052398970239712,0.05862959427747557,0.0577182102978905,0.4046196003693002,0.12931577915332768
354,354.0,354.2,0.048903751802010745,0.0462512199154697,0.049012004229195195,0.20496689273913676,0.05842658637273222,0.057508924969322237,0.405948289329862,0.12898233064227102
355,355.0,355.2,0.04881536596604174,0.04617559100092887,0.0489109893673952,0.20492085922411446,0.05824679364180598,0.05831331376353267,0.4059036741684753,0.12871341286770563
