Total_iterations,Unnamed: 0.1,Intertwine_two,Invert_path_vertices,Insert_inside_vertex,Delete_inside_vertex,Replace_inside_vertex,Donate_between_routes,Trim_one_terminal_cb,Grow_one_terminal_cb
0,0.0,0.125,0.125,0.125,0.125,0.125,0.125,0.125,0.125
1,1.0,0.125,0.125,0.125,0.125,0.125,0.125,0.125,0.125
2,2.0,0.125,0.125,0.125,0.125,0.125,0.125,0.125,0.125
3,3.0,0.125,0.125,0.125,0.125,0.125,0.125,0.125,0.125
4,4.0,0.125,0.125,0.125,0.125,0.125,0.125,0.125,0.125
5,5.0,0.125,0.125,0.125,0.125,0.125,0.125,0.125,0.125
6,6.0,0.125,0.125,0.125,0.125,0.125,0.125,0.125,0.125
7,7.0,0.125,0.125,0.125,0.125,0.125,0.125,0.125,0.125
8,8.0,0.125,0.125,0.125,0.125,0.125,0.125,0.125,0.125
9,9.0,0.125,0.125,0.125,0.125,0.125,0.125,0.125,0.125
10,10.0,0.125,0.125,0.125,0.125,0.125,0.125,0.125,0.125
11,11.0,0.125,0.125,0.125,0.125,0.125,0.125,0.125,0.125
12,12.0,0.125,0.125,0.125,0.125,0.125,0.125,0.125,0.125
13,13.0,0.125,0.125,0.125,0.125,0.125,0.125,0.125,0.125
14,14.0,0.125,0.125,0.125,0.125,0.125,0.125,0.125,0.125
15,15.0,0.125,0.125,0.125,0.125,0.125,0.125,0.125,0.125
16,16.0,0.125,0.125,0.125,0.125,0.125,0.125,0.125,0.125
17,17.0,0.125,0.125,0.125,0.125,0.125,0.125,0.125,0.125
18,18.0,0.125,0.125,0.125,0.125,0.125,0.125,0.125,0.125
19,19.0,0.125,0.125,0.125,0.125,0.125,0.125,0.125,0.125
20,20.0,0.125,0.125,0.125,0.125,0.125,0.125,0.125,0.125
21,21.0,0.125,0.125,0.125,0.125,0.125,0.125,0.125,0.125
22,22.0,0.125,0.125,0.125,0.125,0.125,0.125,0.125,0.125
23,23.0,0.125,0.125,0.125,0.125,0.125,0.125,0.125,0.125
24,24.0,0.125,0.125,0.125,0.125,0.125,0.125,0.125,0.125
25,25.0,0.125,0.125,0.125,0.125,0.125,0.125,0.125,0.125
26,26.0,0.125,0.125,0.125,0.125,0.125,0.125,0.125,0.125
27,27.0,0.125,0.125,0.125,0.125,0.125,0.125,0.125,0.125
28,28.0,0.125,0.125,0.125,0.125,0.125,0.125,0.125,0.125
29,29.0,0.125,0.125,0.125,0.125,0.125,0.125,0.125,0.125
30,30.0,0.125,0.125,0.125,0.125,0.125,0.125,0.125,0.125
31,31.0,0.125,0.125,0.125,0.125,0.125,0.125,0.125,0.125
32,32.0,0.125,0.125,0.125,0.125,0.125,0.125,0.125,0.125
33,33.0,0.125,0.125,0.125,0.125,0.125,0.125,0.125,0.125
34,34.0,0.125,0.125,0.125,0.125,0.125,0.125,0.125,0.125
35,35.0,0.125,0.125,0.125,0.125,0.125,0.125,0.125,0.125
36,36.0,0.125,0.125,0.125,0.125,0.125,0.125,0.125,0.125
37,37.0,0.125,0.125,0.125,0.125,0.125,0.125,0.125,0.125
38,38.0,0.125,0.125,0.125,0.125,0.125,0.125,0.125,0.125
39,39.0,0.125,0.125,0.125,0.125,0.125,0.125,0.125,0.125
40,40.0,0.125,0.125,0.125,0.125,0.125,0.125,0.125,0.125
41,41.0,0.125,0.125,0.125,0.125,0.125,0.125,0.125,0.125
42,42.0,0.125,0.125,0.125,0.125,0.125,0.125,0.125,0.125
43,43.0,0.125,0.125,0.125,0.125,0.125,0.125,0.125,0.125
44,44.0,0.125,0.125,0.125,0.125,0.125,0.125,0.125,0.125
45,45.0,0.125,0.125,0.125,0.125,0.125,0.125,0.125,0.125
46,46.0,0.125,0.125,0.125,0.125,0.125,0.125,0.125,0.125
47,47.0,0.125,0.125,0.125,0.125,0.125,0.125,0.125,0.125
48,48.0,0.125,0.125,0.125,0.125,0.125,0.125,0.125,0.125
49,49.0,0.125,0.125,0.125,0.125,0.125,0.125,0.125,0.125
50,50.0,0.125,0.125,0.125,0.125,0.125,0.125,0.125,0.125
51,51.0,0.125,0.125,0.125,0.125,0.125,0.125,0.125,0.125
52,52.0,0.125,0.125,0.125,0.125,0.125,0.125,0.125,0.125
53,53.0,0.125,0.125,0.125,0.125,0.125,0.125,0.125,0.125
54,54.0,0.125,0.125,0.125,0.125,0.125,0.125,0.125,0.125
55,55.0,0.125,0.125,0.125,0.125,0.125,0.125,0.125,0.125
56,56.0,0.125,0.125,0.125,0.125,0.125,0.125,0.125,0.125
57,57.0,0.125,0.125,0.125,0.125,0.125,0.125,0.125,0.125
58,58.0,0.125,0.125,0.125,0.125,0.125,0.125,0.125,0.125
59,59.0,0.125,0.125,0.125,0.125,0.125,0.125,0.125,0.125
60,60.0,0.125,0.125,0.125,0.125,0.125,0.125,0.125,0.125
61,61.0,0.125,0.125,0.125,0.125,0.125,0.125,0.125,0.125
62,62.0,0.125,0.125,0.125,0.125,0.125,0.125,0.125,0.125
63,63.0,0.125,0.125,0.125,0.125,0.125,0.125,0.125,0.125
64,64.0,0.125,0.125,0.125,0.125,0.125,0.125,0.125,0.125
65,65.0,0.125,0.125,0.125,0.125,0.125,0.125,0.125,0.125
66,66.0,0.125,0.125,0.125,0.125,0.125,0.125,0.125,0.125
67,67.0,0.125,0.125,0.125,0.125,0.125,0.125,0.125,0.125
68,68.0,0.125,0.125,0.125,0.125,0.125,0.125,0.125,0.125
69,69.0,0.125,0.125,0.125,0.125,0.125,0.125,0.125,0.125
70,70.0,0.125,0.125,0.125,0.125,0.125,0.125,0.125,0.125
71,71.0,0.125,0.125,0.125,0.125,0.125,0.125,0.125,0.125
72,72.0,0.125,0.125,0.125,0.125,0.125,0.125,0.125,0.125
73,73.0,0.125,0.125,0.125,0.125,0.125,0.125,0.125,0.125
74,74.0,0.125,0.125,0.125,0.125,0.125,0.125,0.125,0.125
75,75.0,0.125,0.125,0.125,0.125,0.125,0.125,0.125,0.125
76,76.0,0.125,0.125,0.125,0.125,0.125,0.125,0.125,0.125
77,77.0,0.125,0.125,0.125,0.125,0.125,0.125,0.125,0.125
78,78.0,0.125,0.125,0.125,0.125,0.125,0.125,0.125,0.125
79,79.0,0.125,0.125,0.125,0.125,0.125,0.125,0.125,0.125
80,80.0,0.125,0.125,0.125,0.125,0.125,0.125,0.125,0.125
81,81.0,0.125,0.125,0.125,0.125,0.125,0.125,0.125,0.125
82,82.0,0.125,0.125,0.125,0.125,0.125,0.125,0.125,0.125
83,83.0,0.125,0.125,0.125,0.125,0.125,0.125,0.125,0.125
84,84.0,0.125,0.125,0.125,0.125,0.125,0.125,0.125,0.125
85,85.0,0.125,0.125,0.125,0.125,0.125,0.125,0.125,0.125
86,86.0,0.125,0.125,0.125,0.125,0.125,0.125,0.125,0.125
87,87.0,0.125,0.125,0.125,0.125,0.125,0.125,0.125,0.125
88,88.0,0.125,0.125,0.125,0.125,0.125,0.125,0.125,0.125
89,89.0,0.125,0.125,0.125,0.125,0.125,0.125,0.125,0.125
90,90.0,0.125,0.125,0.125,0.125,0.125,0.125,0.125,0.125
91,91.0,0.125,0.125,0.125,0.125,0.125,0.125,0.125,0.125
92,92.0,0.125,0.125,0.125,0.125,0.125,0.125,0.125,0.125
93,93.0,0.125,0.125,0.125,0.125,0.125,0.125,0.125,0.125
94,94.0,0.125,0.125,0.125,0.125,0.125,0.125,0.125,0.125
95,95.0,0.125,0.125,0.125,0.125,0.125,0.125,0.125,0.125
96,96.0,0.125,0.125,0.125,0.125,0.125,0.125,0.125,0.125
97,97.0,0.125,0.125,0.125,0.125,0.125,0.125,0.125,0.125
98,98.0,0.125,0.125,0.125,0.125,0.125,0.125,0.125,0.125
99,99.0,0.125,0.125,0.125,0.125,0.125,0.125,0.125,0.125
100,100.0,0.125,0.125,0.125,0.125,0.125,0.125,0.125,0.125
101,101.0,0.125,0.125,0.125,0.125,0.125,0.125,0.125,0.125
102,102.0,0.125,0.125,0.125,0.125,0.125,0.125,0.125,0.125
103,103.0,0.125,0.125,0.125,0.125,0.125,0.125,0.125,0.125
104,104.0,0.125,0.125,0.125,0.125,0.125,0.125,0.125,0.125
105,105.0,0.125,0.125,0.125,0.125,0.125,0.125,0.125,0.125
106,106.0,0.125,0.125,0.125,0.125,0.125,0.125,0.125,0.125
107,107.0,0.125,0.125,0.125,0.125,0.125,0.125,0.125,0.125
108,108.0,0.125,0.125,0.125,0.125,0.125,0.125,0.125,0.125
109,109.0,0.125,0.125,0.125,0.125,0.125,0.125,0.125,0.125
110,110.0,0.125,0.125,0.125,0.125,0.125,0.125,0.125,0.125
111,111.0,0.125,0.125,0.125,0.125,0.125,0.125,0.125,0.125
112,112.0,0.125,0.125,0.125,0.125,0.125,0.125,0.125,0.125
113,113.0,0.125,0.125,0.125,0.125,0.125,0.125,0.125,0.125
114,114.0,0.125,0.125,0.125,0.125,0.125,0.125,0.125,0.125
115,115.0,0.125,0.125,0.125,0.125,0.125,0.125,0.125,0.125
116,116.0,0.125,0.125,0.125,0.125,0.125,0.125,0.125,0.125
117,117.0,0.125,0.125,0.125,0.125,0.125,0.125,0.125,0.125
118,118.0,0.125,0.125,0.125,0.125,0.125,0.125,0.125,0.125
119,119.0,0.125,0.125,0.125,0.125,0.125,0.125,0.125,0.125
120,120.0,0.125,0.125,0.125,0.125,0.125,0.125,0.125,0.125
121,121.0,0.125,0.125,0.125,0.125,0.125,0.125,0.125,0.125
122,122.0,0.125,0.125,0.125,0.125,0.125,0.125,0.125,0.125
123,123.0,0.125,0.125,0.125,0.125,0.125,0.125,0.125,0.125
124,124.0,0.125,0.125,0.125,0.125,0.125,0.125,0.125,0.125
125,125.0,0.125,0.125,0.125,0.125,0.125,0.125,0.125,0.125
126,126.0,0.125,0.125,0.125,0.125,0.125,0.125,0.125,0.125
127,127.0,0.125,0.125,0.125,0.125,0.125,0.125,0.125,0.125
128,128.0,0.125,0.125,0.125,0.125,0.125,0.125,0.125,0.125
129,129.0,0.125,0.125,0.125,0.125,0.125,0.125,0.125,0.125
130,130.0,0.125,0.125,0.125,0.125,0.125,0.125,0.125,0.125
131,131.0,0.125,0.125,0.125,0.125,0.125,0.125,0.125,0.125
132,132.0,0.125,0.125,0.125,0.125,0.125,0.125,0.125,0.125
133,133.0,0.125,0.125,0.125,0.125,0.125,0.125,0.125,0.125
134,134.0,0.125,0.125,0.125,0.125,0.125,0.125,0.125,0.125
135,135.0,0.125,0.125,0.125,0.125,0.125,0.125,0.125,0.125
136,136.0,0.125,0.125,0.125,0.125,0.125,0.125,0.125,0.125
137,137.0,0.125,0.125,0.125,0.125,0.125,0.125,0.125,0.125
138,138.0,0.125,0.125,0.125,0.125,0.125,0.125,0.125,0.125
139,139.0,0.125,0.125,0.125,0.125,0.125,0.125,0.125,0.125
140,140.0,0.125,0.125,0.125,0.125,0.125,0.125,0.125,0.125
141,141.0,0.125,0.125,0.125,0.125,0.125,0.125,0.125,0.125
142,142.0,0.125,0.125,0.125,0.125,0.125,0.125,0.125,0.125
143,143.0,0.125,0.125,0.125,0.125,0.125,0.125,0.125,0.125
144,144.0,0.125,0.125,0.125,0.125,0.125,0.125,0.125,0.125
145,145.0,0.125,0.125,0.125,0.125,0.125,0.125,0.125,0.125
146,146.0,0.125,0.125,0.125,0.125,0.125,0.125,0.125,0.125
147,147.0,0.125,0.125,0.125,0.125,0.125,0.125,0.125,0.125
148,148.0,0.125,0.125,0.125,0.125,0.125,0.125,0.125,0.125
149,149.0,0.125,0.125,0.125,0.125,0.125,0.125,0.125,0.125
150,150.0,0.125,0.125,0.125,0.125,0.125,0.125,0.125,0.125
151,151.0,0.125,0.125,0.125,0.125,0.125,0.125,0.125,0.125
152,152.0,0.125,0.125,0.125,0.125,0.125,0.125,0.125,0.125
153,153.0,0.125,0.125,0.125,0.125,0.125,0.125,0.125,0.125
154,154.0,0.125,0.125,0.125,0.125,0.125,0.125,0.125,0.125
155,155.0,0.125,0.125,0.125,0.125,0.125,0.125,0.125,0.125
156,156.0,0.125,0.125,0.125,0.125,0.125,0.125,0.125,0.125
157,157.0,0.125,0.125,0.125,0.125,0.125,0.125,0.125,0.125
158,158.0,0.125,0.125,0.125,0.125,0.125,0.125,0.125,0.125
159,159.0,0.125,0.125,0.125,0.125,0.125,0.125,0.125,0.125
160,160.0,0.125,0.125,0.125,0.125,0.125,0.125,0.125,0.125
161,161.0,0.125,0.125,0.125,0.125,0.125,0.125,0.125,0.125
162,162.0,0.125,0.125,0.125,0.125,0.125,0.125,0.125,0.125
163,163.0,0.125,0.125,0.125,0.125,0.125,0.125,0.125,0.125
164,164.0,0.125,0.125,0.125,0.125,0.125,0.125,0.125,0.125
165,165.0,0.125,0.125,0.125,0.125,0.125,0.125,0.125,0.125
166,166.0,0.125,0.125,0.125,0.125,0.125,0.125,0.125,0.125
167,167.0,0.125,0.125,0.125,0.125,0.125,0.125,0.125,0.125
168,168.0,0.125,0.125,0.125,0.125,0.125,0.125,0.125,0.125
169,169.0,0.125,0.125,0.125,0.125,0.125,0.125,0.125,0.125
170,170.0,0.125,0.125,0.125,0.125,0.125,0.125,0.125,0.125
171,171.0,0.125,0.125,0.125,0.125,0.125,0.125,0.125,0.125
172,172.0,0.125,0.125,0.125,0.125,0.125,0.125,0.125,0.125
173,173.0,0.125,0.125,0.125,0.125,0.125,0.125,0.125,0.125
174,174.0,0.125,0.125,0.125,0.125,0.125,0.125,0.125,0.125
175,175.0,0.125,0.125,0.125,0.125,0.125,0.125,0.125,0.125
176,176.0,0.125,0.125,0.125,0.125,0.125,0.125,0.125,0.125
177,177.0,0.125,0.125,0.125,0.125,0.125,0.125,0.125,0.125
178,178.0,0.125,0.125,0.125,0.125,0.125,0.125,0.125,0.125
179,179.0,0.125,0.125,0.125,0.125,0.125,0.125,0.125,0.125
180,180.0,0.125,0.125,0.125,0.125,0.125,0.125,0.125,0.125
181,181.0,0.125,0.125,0.125,0.125,0.125,0.125,0.125,0.125
182,182.0,0.125,0.125,0.125,0.125,0.125,0.125,0.125,0.125
183,183.0,0.125,0.125,0.125,0.125,0.125,0.125,0.125,0.125
184,184.0,0.125,0.125,0.125,0.125,0.125,0.125,0.125,0.125
185,185.0,0.125,0.125,0.125,0.125,0.125,0.125,0.125,0.125
186,186.0,0.125,0.125,0.125,0.125,0.125,0.125,0.125,0.125
187,187.0,0.125,0.125,0.125,0.125,0.125,0.125,0.125,0.125
188,188.0,0.125,0.125,0.125,0.125,0.125,0.125,0.125,0.125
189,189.0,0.125,0.125,0.125,0.125,0.125,0.125,0.125,0.125
190,190.0,0.125,0.125,0.125,0.125,0.125,0.125,0.125,0.125
191,191.0,0.125,0.125,0.125,0.125,0.125,0.125,0.125,0.125
192,192.0,0.125,0.125,0.125,0.125,0.125,0.125,0.125,0.125
193,193.0,0.125,0.125,0.125,0.125,0.125,0.125,0.125,0.125
194,194.0,0.125,0.125,0.125,0.125,0.125,0.125,0.125,0.125
195,195.0,0.125,0.125,0.125,0.125,0.125,0.125,0.125,0.125
196,196.0,0.125,0.125,0.125,0.125,0.125,0.125,0.125,0.125
197,197.0,0.125,0.125,0.125,0.125,0.125,0.125,0.125,0.125
198,198.0,0.125,0.125,0.125,0.125,0.125,0.125,0.125,0.125
199,199.0,0.125,0.125,0.125,0.125,0.125,0.125,0.125,0.125
200,200.0,0.1242777777777777,0.1242777777777777,0.1242777777777777,0.1249444444444444,0.1253888888888888,0.1242777777777777,0.1269444444444444,0.1256111111111111
201,201.0,0.1228742857142857,0.1228742857142857,0.1250171428571428,0.1241592857142857,0.1249742857142857,0.1228742857142857,0.1296392857142857,0.1275871428571428
202,202.0,0.1214913285714285,0.1214913285714285,0.1257556142857142,0.1233824785714285,0.1245603285714285,0.1214913285714285,0.1322896785714285,0.1295379142857143
203,203.0,0.119264614052503,0.1190082037960928,0.125353418081807,0.1231134772960928,0.1220186137960928,0.1201193149072039,0.1345103160653235,0.136612042004884
204,204.0,0.1170396613600639,0.1171240505003354,0.1249046987776463,0.122744217709453,0.1194633901062177,0.1187469263173288,0.1366526611733444,0.1433243940556101
205,205.0,0.1147595817057483,0.1151509902024803,0.1243338645128912,0.1221135947776533,0.1168368292667483,0.1182122837259503,0.1388773849602049,0.1497154708483232
206,206.0,0.112522483640778,0.1131937088238065,0.1237347277457152,0.1219384216525339,0.1142482232205052,0.1176946697604172,0.1407589431045729,0.1559088220516709
207,207.0,0.1111413071436738,0.1112525630942503,0.1230721561126264,0.1216341408959358,0.1116757085672223,0.1170778461406368,0.1423729709884448,0.1617733070572095
208,208.0,0.1098624536408018,0.1094135327243775,0.1224273006347287,0.1224641808260475,0.1092115831323183,0.1154031545934843,0.1438664449953952,0.1673513494528464
209,209.0,0.1084491631284514,0.1075095828067047,0.1216296245760684,0.1247256123937004,0.1066944355730907,0.1135538125878521,0.1449971695337306,0.1724405994004016
210,210.0,0.1069172818378055,0.1055254513780795,0.1206879091276727,0.1264329334470835,0.1046402619499286,0.112268333929042,0.1465295781022894,0.1769982502280986
211,211.0,0.1053793435317983,0.1035723969609665,0.1204237854676514,0.1278749296249062,0.102633021452014,0.1108980667506816,0.148817457529538,0.1804009986824438
212,212.0,0.1038534977971904,0.1016675999741433,0.1201302525368842,0.129066419080652,0.1006888507475588,0.1100935475548645,0.151125910073863,0.1833739222348437
213,213.0,0.1029862248370528,0.0997839317991848,0.119581641882382,0.1305683279763211,0.0987795337189974,0.1091673840987525,0.153668538780526,0.1854644169067833
214,214.0,0.1012901361499255,0.0971126622104217,0.1181552513090237,0.132029079326429,0.0965118908094602,0.107317103287664,0.1554395013282156,0.1921443755788601
215,215.0,0.09964137166326,0.0945350271955386,0.1167292481836855,0.1332108119040301,0.09472852751989,0.1054302611303367,0.1567977790937659,0.198926973309493
216,216.0,0.0979928224543284,0.0919818750948897,0.1152326738557969,0.1345331550199332,0.09393751573801,0.1035231496143667,0.157735047881199,0.2050637603414759
217,217.0,0.095819786986281,0.0896156364574054,0.1126848472261877,0.1357897099700349,0.0932236609670004,0.1017423679562792,0.1602124741288906,0.2109115163079205
218,218.0,0.0937859547292205,0.0874307928126545,0.1102212668962213,0.1369640005109247,0.0926577147248131,0.1000826014763774,0.1625302888073588,0.2163273800424295
219,219.0,0.0918077410946162,0.0853268054935636,0.1077681414492304,0.1379055275311324,0.0920220504124923,0.0984583437316389,0.1647576800031465,0.2219537102841794
220,220.0,0.0899671411743432,0.0833839965581255,0.1054167314691622,0.1386942989286709,0.0914647321149104,0.0969500612437698,0.1670242917954394,0.2270987467155784
221,221.0,0.08826838908714,0.0816048552392668,0.1031799690000939,0.1393356500066757,0.0918151897107778,0.0955608288029306,0.1689652765649564,0.2312698415881585
222,222.0,0.086649774497438,0.0802592159396866,0.1010042438424824,0.1397717541770617,0.0920351913063584,0.0942281206556929,0.1712298866989311,0.2348218128823488
223,223.0,0.0851325618817173,0.0790406217583724,0.0988084114872016,0.140073246479565,0.0922950936642017,0.0929727035345024,0.173914724018085,0.2377626371763543
224,224.0,0.0837236146705688,0.0779503856271424,0.0966219354830656,0.1402524046797804,0.0925901391863347,0.0918012340097978,0.1762641042438955,0.2407961820994146
225,225.0,0.0825275324706674,0.0770586710112394,0.0946235561496547,0.1399531710236456,0.0929859600100459,0.0903212926688066,0.1790599255658115,0.2434698911001288
226,226.0,0.0814238784917763,0.0762989873497342,0.0927588920576749,0.1394778390216609,0.0934129648413849,0.0888855436504271,0.1820599950177283,0.2456818995696132
227,227.0,0.0804121329755858,0.0756370991183306,0.0910045890584316,0.138899089931381,0.093725245855914,0.0875279275260578,0.1853949165889456,0.2473989989453533
228,228.0,0.0794950540328193,0.0750716771581642,0.0893689855744749,0.1382348844543695,0.0939366471306635,0.086256038669373,0.1889795408335063,0.2486571721466291
229,229.0,0.0786735362717523,0.0745999195379032,0.0878577581653063,0.1375016007602604,0.0940587140554352,0.0850752137183614,0.1927411464797257,0.2494921110112551
230,230.0,0.0786086230975786,0.0739694873709352,0.0865477305491738,0.1368955250754777,0.0942092617944704,0.0840623035836012,0.1968788364335698,0.2488282320951929
231,231.0,0.0786102756932256,0.073432907670069,0.0853725830869898,0.136174643187046,0.0943597788408367,0.083098714369922,0.2011155710250345,0.2478355261268761
232,232.0,0.0786062108520641,0.0729533559338578,0.0842977741861361,0.1358006540187099,0.0944105985643677,0.0821560941989408,0.2052841194784007,0.2464911927675226
233,233.0,0.0786525573772278,0.0725761559951227,0.0833579339204765,0.13546149940059,0.0940852452940133,0.0816756882090862,0.2096240776178833,0.2445668421856
234,234.0,0.0786894368797,0.0722510321641737,0.0825162350636611,0.1349934435964089,0.0936800384362797,0.081218631661938,0.2142665752920427,0.2423846069057957
235,235.0,0.0787166119874203,0.0719756204288891,0.0817708728237209,0.1348473029463806,0.0932063571522631,0.0807861878863061,0.2182295738274382,0.2404674729475814
236,236.0,0.0787336897268254,0.071390015008932,0.0811191213303872,0.1349382065548405,0.0926748069660187,0.0803790154502861,0.2224083515565071,0.2383567934062027
237,237.0,0.0787735531002663,0.0708685419198545,0.0805741590453897,0.135017656149014,0.0925467302470454,0.0800472896613862,0.2266355138192273,0.2355365560578165
238,238.0,0.0788690980331347,0.0704277892207242,0.0801485432320093,0.1351037891956527,0.0924451157517743,0.079804569674048,0.2305124043875489,0.2326886905051077
239,239.0,0.0788923947401324,0.0699593528861775,0.0797298558878581,0.1351939116661553,0.0922389633475558,0.0794939939903593,0.2347808107086887,0.2297107167730728
240,240.0,0.0788478719377664,0.0694712384461206,0.0793221438424736,0.136110946262016,0.0918861723081964,0.0791555962307799,0.2385816951457521,0.2266243358268946
241,241.0,0.0791136023287079,0.0689568873134414,0.0789149791443693,0.1380242477015719,0.0913896241878468,0.0787509579470759,0.2414083738352526,0.223441327541734
242,242.0,0.0792803799987902,0.0684247114689703,0.0785130235060398,0.1401317714645473,0.0907673446782841,0.0782901934281341,0.2443903172376263,0.2202022582176077
243,243.0,0.0793552152212537,0.0678818026413915,0.078119763076951,0.1420535043040353,0.0900361263987399,0.0777822993245892,0.2478277787198549,0.2169435103131845
244,244.0,0.0794568318051635,0.0674338503727285,0.0778374480959068,0.1438403681340793,0.0893291870177692,0.0773685869424565,0.2525231309598121,0.2122105966720839
245,245.0,0.0794964906730501,0.066966984230481,0.0775489528686178,0.1451345880418713,0.0885602027138003,0.0769260082781491,0.2578987421309067,0.2074680310631235
246,246.0,0.0813930336353812,0.0669571834645923,0.0763938662398102,0.1464516373491946,0.0882117230813946,0.0769062824348477,0.2623903474963444,0.2012959262984348
247,247.0,0.0832187732718404,0.0669580555533276,0.0752696142241664,0.1478694542325403,0.0878436514925094,0.0768653428963382,0.2663999411937773,0.1955751671355002
248,248.0,0.0847018320451404,0.06681975084911,0.0740355822392993,0.1499683505816109,0.0873121249167249,0.0771319568909536,0.2701931589428369,0.1898372435343237
249,249.0,0.0860602742041837,0.0666570032802096,0.0728145218039123,0.1516017969411036,0.0877476270929692,0.0773207576067617,0.2735576321640817,0.184240386906778
250,250.0,0.0862913288117401,0.0664730306643671,0.0721428082124687,0.153529593152687,0.0880894596581449,0.0774353613607039,0.2762135590822984,0.1798248590575897
251,251.0,0.0864303254960204,0.0662796511970277,0.0714800798810808,0.1550745209309342,0.0883504230677026,0.0775062764678846,0.2787463366439023,0.1761323863154471
252,252.0,0.086471127831181,0.0660904176485576,0.0708664280681267,0.1562288329445123,0.088932392312117,0.0775471502834045,0.2811533035057221,0.1727103474063785
253,253.0,0.0863303025993437,0.0658147841511787,0.0702110580285164,0.1581723428496464,0.0893277839541173,0.0774678505754629,0.2832943510180168,0.1693815268237175
254,254.0,0.0857369665933832,0.0654560334664699,0.0694927721932165,0.1607239899037031,0.0895489942719423,0.0772723646470767,0.2856524010974876,0.1661164778267205
255,255.0,0.0849681019269376,0.0650095532557659,0.0687083169856869,0.1632499749878798,0.0895608251679234,0.0769392200794207,0.2876032891735518,0.1639607184228337
256,256.0,0.0841536871129709,0.0645743454062847,0.0679773985472182,0.1656637370591571,0.0898617924854574,0.0765698102296241,0.2888972630279295,0.1623019661313579
257,257.0,0.0832601755091785,0.0641525653053125,0.0673009029302023,0.168663473013938,0.0904290057622804,0.0761689433314993,0.2898942754179244,0.1601306587296644
258,258.0,0.0823025122682892,0.0637127379139434,0.0666674477652446,0.1711067652284719,0.0904287414385275,0.0757080090116667,0.2918876357970033,0.1581861505768534
259,259.0,0.0819338862962391,0.0632423885609961,0.0660409053651737,0.1729979391990025,0.0903160912705803,0.0751876420512595,0.2939129101215124,0.1563682371352364
260,260.0,0.0814740451499958,0.0627440297703505,0.065399961690049,0.1755439662255152,0.0898022895975484,0.0746262861551139,0.2957658106775528,0.1546436107338744
261,261.0,0.0809275612731051,0.062215563294229,0.0647423011983042,0.1774548758888803,0.0891822772482963,0.0740134352491094,0.2984545566858868,0.1530094291621889
262,262.0,0.0803737656516604,0.0616973982049064,0.0641079564347203,0.1790040789035793,0.0885033015054513,0.0733918357666933,0.3013852043458116,0.1515364591871775
263,263.0,0.0795035732794535,0.0611859448014297,0.0634928357421103,0.180303265286049,0.0877686548119386,0.0733349461086305,0.304210518049707,0.1502002619206814
264,264.0,0.0786269993777056,0.0606996923144964,0.0629302137855503,0.1812066556596984,0.087003681118364,0.0732702067729384,0.3072043621509173,0.1490581888203297
265,265.0,0.0777361028091561,0.0602246682912284,0.062388767409523,0.1819468915608542,0.0864789483896236,0.0731814766337289,0.3100047074713609,0.1480384374345249
266,266.0,0.0768531611218552,0.0597774398836432,0.0618985794317332,0.1825625980626504,0.0859295734575135,0.0730837560391517,0.3127027465180317,0.1471921454854212
267,267.0,0.0759733504426107,0.0593478188665331,0.0614332999301744,0.1831193232590312,0.0850437714749301,0.0732016518813139,0.3154165005133751,0.1464642836320317
268,268.0,0.0751163772188633,0.0589505126999376,0.0610200833539759,0.1833922265941005,0.0841560791542769,0.0735363299890032,0.317928074026262,0.1459003169635808
269,269.0,0.074302123286576,0.058590682449591,0.0606622750654831,0.1834450497131337,0.0832786324140216,0.0738765726203556,0.3200912355913883,0.1457534288594508
270,270.0,0.0735205750822853,0.0582546229829379,0.0603311289621491,0.1834954934844724,0.0824043119992676,0.0739772639957784,0.3223175590929507,0.1456990444001588
271,271.0,0.0724750434850372,0.0579549031821292,0.0600507804142497,0.1835961791678165,0.0815518562632615,0.0740771637514582,0.3245186364147172,0.1457754373213307
272,272.0,0.0714367841610889,0.0576489128188424,0.0597769796919744,0.183899463109262,0.0806875963651482,0.0740907738191891,0.3263669689780768,0.1460925210564183
273,273.0,0.0704145499595441,0.0573358825256219,0.0595073536926471,0.1842869739918758,0.0797874772346505,0.0740271552502057,0.3282288022940953,0.1464118050513597
274,274.0,0.069404404016391,0.0575170537639128,0.059241588369486,0.1844701405615812,0.0788653652715041,0.0738802015601297,0.3299007553366109,0.1467204911203844
275,275.0,0.0684101875066607,0.0576631823614531,0.0589777525251876,0.1841961557716616,0.0781425131522374,0.0738638946306795,0.3310937325383964,0.1476525815137237
276,276.0,0.0674380829346461,0.0577747532157978,0.0587169499399804,0.1837089568281617,0.0773977692023763,0.0737665526351745,0.332675654383154,0.1485212808607091
277,277.0,0.0667565780986932,0.0578524463167849,0.0584601075642385,0.1834774569900774,0.0766368935640249,0.0737981472355328,0.3336986469142742,0.1493197233163739
278,278.0,0.0661065279493092,0.0579015801391903,0.0582124348119869,0.183292139973929,0.0758918765983009,0.0737633689407759,0.3347212941479904,0.1501107774385173
279,279.0,0.0654804510231559,0.0579185866621415,0.0579699211567332,0.18274390239476,0.0751397946964211,0.0736574072249887,0.3358858095030029,0.1512041273387966
280,280.0,0.0649062678646562,0.0579423872709435,0.0577553545459191,0.1821161581817807,0.0744339620724938,0.073529560509616,0.3368470684163358,0.1524692411382547
281,281.0,0.0643732544597062,0.0579585718484143,0.057542277967764,0.1815550032694735,0.0737414221269505,0.0733825196843727,0.3377765689991046,0.153670381644214
282,282.0,0.0638899321676641,0.0579756140723408,0.0573516308490544,0.180855289291932,0.0730684599588867,0.0730323415909294,0.3388139009398912,0.1550128311293013
283,283.0,0.0634433901311243,0.0579810329096006,0.0571593576159217,0.1799955507273311,0.0724054170815504,0.0728593436754462,0.3398967379619557,0.1562591698970698
284,284.0,0.063273278338946,0.0579893411045594,0.0569912930337974,0.1792479154890314,0.0717880443569786,0.0726878253056183,0.3405794243915741,0.1574428779794945
285,285.0,0.0631576027278297,0.0580234925888831,0.0568426034779485,0.1781284096006792,0.071233355282357,0.0725279941685685,0.341902745022293,0.1581837971314408
286,286.0,0.0630371193974348,0.0580078273041447,0.056671367567519,0.1768641543360863,0.070670710222798,0.0726989227877173,0.3433232203563179,0.1587266780279818
287,287.0,0.0629178564232478,0.0582520778130258,0.0564831037260289,0.175928662257532,0.0703063842025071,0.0727977396308935,0.3442272069897533,0.1590869689570114
288,288.0,0.0627912203002265,0.0584407081140775,0.0562759443284,0.1756108132649912,0.06993324121473,0.07281652453399,0.3445710329975785,0.1595605152460061
289,289.0,0.0626775521312677,0.0585960169845103,0.0560728805840675,0.1757359221328266,0.0695732169954017,0.0727718317081917,0.344674125987232,0.1598984534765024
290,290.0,0.0625662254042624,0.0587219547405202,0.0558658000650788,0.1757141757817767,0.0693989630810823,0.0726915172883067,0.3449315854664135,0.1601097781725592
291,291.0,0.0624725023116897,0.0588374272188042,0.0556744033569042,0.1756079782383475,0.0692372593722259,0.0729570621860556,0.3453208284918636,0.1598925388241091
292,292.0,0.0623819333277184,0.0589170915107397,0.0554861166048676,0.1756285360611854,0.0690734970885854,0.0731593643711262,0.345779106435817,0.1595743545999603
293,293.0,0.0622934217072263,0.0589623221680253,0.0553015125658899,0.1759348896334046,0.0690988300578262,0.0732999419176862,0.3459436562587363,0.1591654256912051
294,294.0,0.0621972290941175,0.0589717986947371,0.0551181653168248,0.1764534170227279,0.0691086171885042,0.0733662064426856,0.3458036253498839,0.1589809408905189
295,295.0,0.0621114422946669,0.0589704275904753,0.0549495310836268,0.1770616284926282,0.0691165678817559,0.0734157020693158,0.3456216637995098,0.1587530367880212
296,296.0,0.0620346990482113,0.0589587623482019,0.0547952799258632,0.177566986834913,0.069120169511355,0.0734485532505146,0.3454249909044584,0.1586505581764826
297,297.0,0.0619572384603546,0.058934592767782,0.05481345010379,0.1779305087820399,0.0691116202278133,0.0734509401729852,0.3456310459530809,0.1581706035321541
298,298.0,0.0618601998458262,0.0588626685144417,0.0548122345086544,0.1779981021880618,0.0690713362187233,0.0733756706693244,0.3464386816458861,0.1575811064090817
299,299.0,0.0617441022306815,0.058746270063367,0.0547915907441343,0.1780859089123818,0.0689993357139384,0.0732274025404811,0.3475119997810789,0.1568933900139369
300,300.0,0.0616144682700512,0.0585912477378216,0.0547565290553489,0.178569154749484,0.0689128639597566,0.0730183537003398,0.3484114161478887,0.156125966379309
301,301.0,0.0614671801278922,0.0586843776570815,0.054702469199288,0.1789188055518996,0.0690515988890346,0.0727462935930867,0.3491467742863252,0.1552825006953921
302,302.0,0.0613111652712076,0.0587565759335507,0.0546379265184572,0.1793828193541694,0.0693105680842314,0.0724483742955678,0.3497548850243335,0.154397685518482
303,303.0,0.0611554912900619,0.0588117269580902,0.0545669444134144,0.1799023084187111,0.0695423836980429,0.0721426842828938,0.3503765602889706,0.153501900649815
304,304.0,0.0609824984467631,0.0590878099313683,0.0547275430036928,0.1807155068831223,0.0699826100988764,0.0720640764482313,0.3508495376475713,0.1515904175403741
305,305.0,0.060805079325202,0.0590704057086895,0.0548736355119018,0.1816004733188722,0.0703853888569381,0.0717130817086266,0.3516272350656504,0.1499247005041192
306,306.0,0.0606035945456426,0.0594327075072372,0.0549833718408125,0.1823645792310092,0.0707397187098192,0.0713082203936012,0.3525737393876704,0.1479940683842073
307,307.0,0.0603758670354851,0.0597193790908506,0.0550532794964633,0.1832682441506538,0.0710228435777684,0.0708584161436795,0.3532223364575549,0.1464796340475441
308,308.0,0.0600001983190301,0.0599818363366817,0.0551093457496849,0.1841636503577366,0.0712601338006775,0.0704105282560945,0.3540720087085621,0.1450022984715323
309,309.0,0.0596085635517451,0.0598989809855466,0.0555337345937227,0.1850254679400713,0.0714340334084104,0.0699427761949044,0.3552260309072462,0.1433304124183529
310,310.0,0.0591954541581898,0.0597522569739525,0.0558991691230724,0.1859471578835209,0.0715341546724269,0.0694333102141943,0.3564955496374385,0.1417429473372044
311,311.0,0.0587727941797821,0.059551183992599,0.056211268337214,0.187003796213527,0.0715821576740137,0.0689039953354678,0.3576031969674858,0.1403716072999102
312,312.0,0.0583441714413492,0.0593012562359783,0.0564702933432298,0.1882073219856462,0.0714435733363721,0.0683600150023631,0.3590204867893038,0.1388528818657572
313,313.0,0.0579129003227549,0.0590079291942022,0.056677032046891,0.1891536822575386,0.0712595598322965,0.0682625299077487,0.3605190954993453,0.1372072709392224
314,314.0,0.0574960017807991,0.0587098956834361,0.0568642141423938,0.1901595771780507,0.0710430177294546,0.0681759833376556,0.3619073794436755,0.1356439307045343
315,315.0,0.0570836128435432,0.0583870928363917,0.0570082738681135,0.190957584293658,0.0707857554185276,0.0680758198398474,0.3633731716344907,0.1343286892654275
316,316.0,0.0566775097903098,0.0580378072793722,0.0572138130313184,0.1915899388442744,0.0704963778921771,0.067963619510613,0.3647803678830071,0.1332405657689276
317,317.0,0.0562897685850144,0.0576866794518595,0.0573932095129965,0.1921769037754093,0.0701890697850491,0.0678599305945963,0.3661752698761227,0.1322291684189518
318,318.0,0.0559150101770013,0.0573301601412457,0.05753994859042,0.1927329771605885,0.0698607258080581,0.0677381913138049,0.3674749502392639,0.1314080365696171
319,319.0,0.055544273275754,0.0569562837180815,0.0576379156039274,0.1933493243953209,0.0694995059962818,0.0675770988527334,0.3689558348658976,0.130479763292003
320,320.0,0.0551920467106388,0.0565843459607009,0.0577063212989349,0.1939726961489496,0.0691275904668487,0.0674064923473581,0.3703936437675054,0.1296168632990631
321,321.0,0.0548611215401715,0.0562207328066298,0.0574360038870411,0.1945614788161581,0.0687418233259433,0.0672442883781511,0.371793826182857,0.1291407250630478
322,322.0,0.0545422796080402,0.0558485402737077,0.0571343398858824,0.1951112902230949,0.068436916220844,0.0668333442132501,0.3733603709922425,0.128732918582938
323,323.0,0.0542360708174925,0.0554813521676726,0.056807755004197,0.1953521962476995,0.0681133637113959,0.0664094752161489,0.3752380041854747,0.1283617826499185
324,324.0,0.053949034371002,0.0551288075283602,0.0564698543369691,0.1955821705093146,0.0677907664809393,0.0659837070765277,0.3769519151928496,0.1281437445040371
325,325.0,0.0536821166767219,0.0546178825664555,0.0561263932659897,0.1957355265825033,0.0674748048375781,0.0657829859430425,0.3784259402729575,0.1281543498547511
326,326.0,0.0534309627995743,0.0541243422470882,0.0557757324249683,0.1958398206034357,0.067152024875669,0.065573827141349,0.3799047691639559,0.1281985207439593
327,327.0,0.0531978869520182,0.053653227329656,0.0554216718739189,0.1958006228148112,0.0668266035867589,0.0653743234821018,0.3814547233967582,0.1282709405639766
328,328.0,0.0529931891746966,0.0532252028404451,0.0550809301216286,0.1955887775739237,0.0665213934866299,0.0648797451642978,0.3831559174044557,0.1285548442339222
329,329.0,0.0527998450352283,0.0528173208731643,0.0547358066493192,0.1954278628271674,0.0662077788375474,0.0643777538694669,0.3848005257704402,0.1288331061376661
330,330.0,0.0526118853357301,0.0524131751990325,0.0543808037891822,0.1951344318453474,0.065883203309016,0.0638636744216323,0.3867878777304852,0.1289249483695742
331,331.0,0.0524382056310305,0.0520327346666634,0.054027860417241,0.1950230100939503,0.0655585868332981,0.0633502341164775,0.3885628193505887,0.1290065488907505
332,332.0,0.0522820900743478,0.0516806278877101,0.0536831256724458,0.1948948199161599,0.0652391986358121,0.0628560958625463,0.3902775588041969,0.1290864831467809
333,333.0,0.0521479560850463,0.0513610022138724,0.0533562528428884,0.1947845364758032,0.0649407855034633,0.0623898559969686,0.3918372555132302,0.1291823553687276
334,334.0,0.0520281825715524,0.0510671468675298,0.0530394335371547,0.1949037985826418,0.0646546941010183,0.061934575556703,0.3931087445828216,0.1292634242005783
335,335.0,0.0519185528717043,0.0507982832038716,0.0527329252462735,0.1949718356142402,0.0643725587708165,0.0614934987550689,0.3943826941960731,0.1293296513419518
336,336.0,0.0518200454884355,0.0505544726447561,0.052438843918686,0.1948715230165005,0.0641010343955406,0.0610703965110853,0.3957641450919328,0.1293795389330631
337,337.0,0.0517264785572717,0.0500294082107423,0.0521541046156035,0.1949486917795629,0.0638285603992755,0.0606571464668281,0.397257083762613,0.129398526208103
338,338.0,0.0516282197953293,0.0496687761887693,0.0518706146071026,0.1951895471308281,0.0635468982345944,0.0602459793808741,0.3983391504913687,0.1295108141711335
339,339.0,0.0515252022859088,0.0493220930880325,0.0515896323908011,0.195587028329849,0.0632572994695862,0.0598384582467174,0.3991723900277087,0.1297078961613963
340,340.0,0.0514182358132768,0.0489909665382087,0.0514249884420866,0.1959657589988059,0.0629641813357299,0.0594375860848141,0.3998123198188595,0.1299859629682185
341,341.0,0.0513118549074086,0.0486813262988348,0.0512695511158811,0.196355254372971,0.0626752342916586,0.0590514488384393,0.4002993676902693,0.1303559624845373
342,342.0,0.0512147532671791,0.0484008937058311,0.0511321353509005,0.1967518617272725,0.0624036512240394,0.0586900157823165,0.4008425227312864,0.1305641662111743
343,343.0,0.0511148714040294,0.0481367544226973,0.0509994500990614,0.1971634319166412,0.0621359528305469,0.0583394703450611,0.4012742445621923,0.1308358244197703
344,344.0,0.0510131840291419,0.047888742201873,0.0508687178095023,0.1975489802676264,0.0618688199480448,0.0579978957072966,0.4019063511929903,0.1309073088435245
345,345.0,0.0509064966457138,0.0476555659718213,0.0507386413780274,0.1978178122685235,0.0615985754534235,0.0576647154303975,0.4025853416593506,0.1310328511927422
346,346.0,0.0508011349574752,0.0474430471005012,0.0506151830202879,0.1982438792474239,0.0613321162235047,0.0574319486917066,0.4030163214434936,0.1311163693156066
347,347.0,0.0506970296320455,0.0472504657288213,0.0504978943915088,0.1984550530012711,0.0610698785155613,0.0572125581303563,0.4036587145615037,0.1311584060389318
348,348.0,0.0505959269522844,0.0470805944192818,0.0503899343400806,0.1986998256487898,0.0608158514863536,0.0570075004277707,0.4042414366402281,0.1311689300852108
349,349.0,0.0503570277047123,0.046789886529092,0.0501482418312259,0.1998116883105642,0.0604277468609648,0.0566751685141947,0.4047892001895949,0.131001040059651
350,350.0,0.0501205639443552,0.0465175948700352,0.0499126397127923,0.2009614318909819,0.0600461003575256,0.0564376223573998,0.4052074652828267,0.130796581584083
351,351.0,0.0498926703452174,0.0462658585734342,0.0496859073347825,0.2020188934106488,0.0596782649678774,0.0562161099630956,0.4056737185982277,0.1305685768067163
352,352.0,0.0496722440478952,0.0460335801790552,0.0494676441189088,0.2028551207932156,0.0593233036233593,0.0561059778498004,0.4062283027173246,0.1303138266704407
353,353.0,0.0494571740222112,0.0458195471562343,0.0492573783489073,0.2035667300127606,0.0589782422210355,0.056003704615586,0.4067429198854013,0.1301743037378637
354,354.0,0.0492481967887916,0.0456233906647817,0.0490555140374946,0.2041966095519798,0.0586438996890342,0.0559078752287593,0.4073177110375655,0.1300068030015932
355,355.0,0.0490478342452493,0.0454455652235272,0.0488632995729601,0.2047666006176464,0.0583228390039773,0.0559180781574419,0.4078168673412976,0.1298189158379001
356,356.0,0.0488584029405069,0.0452863681826301,0.0486837041293966,0.2052578714858653,0.0580220475138608,0.055938681790175,0.4083367123347949,0.1296162116227704
357,357.0,0.0486952745952561,0.0451591628339778,0.0485308431928728,0.2055910859519062,0.0577567299872405,0.0559845258201482,0.4089763757406086,0.1293060018779897
358,358.0,0.0485414006507893,0.0450478509784153,0.04838934886021,0.2060790817052729,0.0575096017221323,0.0560324725318909,0.4094206239946371,0.128979619556652
359,359.0,0.0483973250558338,0.0460631103644822,0.0482600873406703,0.2054035618041768,0.0572826993759004,0.0562145659086588,0.4097352702149075,0.1286433799353701
360,360.0,0.0482629056467302,0.0470816388980429,0.0481407685270509,0.2047040780506296,0.0569933011112008,0.0563935018084799,0.4101230420932034,0.1283007638646621
361,361.0,0.0481373326288204,0.0480918452343709,0.0480297647459775,0.2041368647438873,0.0567173842567477,0.0565642333671484,0.4103720085763138,0.1279505664467338
362,362.0,0.0480203452208989,0.0490839354267584,0.0479266313089627,0.2035043536783263,0.0564550837776041,0.0567245067190113,0.410690058005345,0.127595085863093
363,363.0,0.0479119275185328,0.0500505128416775,0.0478327075423688,0.2028866497094227,0.0562078569753766,0.0568789137552099,0.4109907551718441,0.1272406764855673
364,364.0,0.047811713993654,0.0510725463295741,0.0477474558074703,0.2023219829622325,0.0559755513048956,0.0570256700392743,0.4112824605283445,0.1267626190345544
365,365.0,0.0480363487672945,0.0523704879089481,0.0481834387909164,0.2016777949817746,0.0547023952504466,0.0570818192491492,0.4104647448473727,0.1274829702040975
366,366.0,0.0482373093738298,0.0535893244166688,0.0485886512715446,0.2009692978760431,0.0534533589948811,0.0571064962568465,0.4097064486302948,0.1283491131798909
367,367.0,0.0484428811556519,0.0547518866325155,0.0489919054249794,0.2004073138647755,0.0522411005572972,0.056998388703418,0.4089597951567379,0.1292067285046242
368,368.0,0.0486503371254845,0.0558511371012615,0.0493897503476863,0.1999643943819227,0.051077349814563,0.0568815802393481,0.4081390571770953,0.1300463938126383
369,369.0,0.0488833057363048,0.056909843744114,0.0496145843898905,0.1995660845930779,0.0499674397599986,0.0567757584218582,0.4073826571995882,0.1309003261551675
370,370.0,0.0492713170746756,0.0578636223526722,0.0499008676929641,0.1992603645060855,0.0489090922250038,0.0566368136677196,0.4064943202194452,0.1316636022614335
371,371.0,0.0496142227908824,0.057599107225219,0.0501399652536108,0.2001217275177881,0.0479010539443275,0.0564629535653431,0.4056434985596598,0.132517471143169
372,372.0,0.0508333215447283,0.0571580965637605,0.0502539573967188,0.2007770211925932,0.0468468986747832,0.0561715174558535,0.4047462013091258,0.1332129858624364
373,373.0,0.052028334340887,0.0566623088581392,0.0503538879385398,0.2013048972357236,0.0458611589197799,0.0558762344318555,0.4040554613580516,0.1338577169170231
374,374.0,0.0540269746601733,0.0561479776666168,0.0504633435283179,0.2009056771757429,0.0449422330808179,0.0554039756588389,0.4033435826518074,0.1347662355776846
375,375.0,0.0559739780905153,0.0555967901790565,0.0506417967476222,0.2003618390732749,0.044090892842276,0.0550436490614235,0.4026810299449047,0.1356100240609264
