,Unnamed: 0,Total_iterations,Intertwine_two,Invert_path_vertices,Insert_inside_vertex,Delete_inside_vertex,Replace_inside_vertex,Donate_between_routes,Trim_one_terminal_cb,Grow_one_terminal_cb
0,0.0,0.0,0.125,0.125,0.125,0.125,0.125,0.125,0.125,0.125
1,1.0,0.10900000000000001,0.125,0.125,0.125,0.125,0.125,0.125,0.125,0.125
2,2.0,0.31601,0.125,0.125,0.125,0.125,0.125,0.125,0.125,0.125
3,3.0,0.6191589000000001,0.125,0.125,0.125,0.125,0.125,0.125,0.125,0.125
4,4.0,1.015801321,0.125,0.125,0.125,0.125,0.125,0.125,0.125,0.125
5,5.0,1.50262148669,0.125,0.125,0.125,0.125,0.125,0.125,0.125,0.125
6,6.0,2.0757334209441005,0.125,0.125,0.125,0.125,0.125,0.125,0.125,0.125
7,7.0,2.7307768275633495,0.125,0.125,0.125,0.125,0.125,0.125,0.125,0.125
8,8.0,3.4630081252450404,0.125,0.125,0.125,0.125,0.125,0.125,0.125,0.125
9,9.0,4.2673862119061114,0.125,0.125,0.125,0.125,0.125,0.125,0.125,0.125
10,10.0,5.138652627782014,0.125,0.125,0.125,0.125,0.125,0.125,0.125,0.125
11,11.0,6.071405875792507,0.125,0.125,0.125,0.125,0.125,0.125,0.125,0.125
12,12.0,7.060169740244025,0.125,0.125,0.125,0.125,0.125,0.125,0.125,0.125
13,13.0,8.099455520847952,0.125,0.125,0.125,0.125,0.125,0.125,0.125,0.125
14,14.0,9.183818168183006,0.125,0.125,0.125,0.125,0.125,0.125,0.125,0.125
15,15.0,10.307906369102724,0.125,0.125,0.125,0.125,0.125,0.125,0.125,0.125
16,16.0,11.466506686239443,0.125,0.125,0.125,0.125,0.125,0.125,0.125,0.125
17,17.0,12.654581904800096,0.125,0.125,0.125,0.125,0.125,0.125,0.125,0.125
18,18.0,13.867303782456686,0.125,0.125,0.125,0.125,0.125,0.125,0.125,0.125
19,19.0,15.100080434523047,0.125,0.125,0.125,0.125,0.125,0.125,0.125,0.125
20,20.0,16.348578617037543,0.125,0.125,0.125,0.125,0.125,0.125,0.125,0.125
21,21.0,17.608741195130214,0.125,0.125,0.125,0.125,0.125,0.125,0.125,0.125
22,22.0,18.876800103462312,0.125,0.125,0.125,0.125,0.125,0.125,0.125,0.125
23,23.0,20.14928511992658,0.125,0.125,0.125,0.125,0.125,0.125,0.125,0.125
24,24.0,21.423028783545156,0.125,0.125,0.125,0.125,0.125,0.125,0.125,0.125
25,25.0,22.695167792966423,0.125,0.125,0.125,0.125,0.125,0.125,0.125,0.125
26,26.0,23.963141223515898,0.125,0.125,0.125,0.125,0.125,0.125,0.125,0.125
27,27.0,25.224685898775267,0.125,0.125,0.125,0.125,0.125,0.125,0.125,0.125
28,28.0,26.477829247520948,0.125,0.125,0.125,0.125,0.125,0.125,0.125,0.125
29,29.0,27.720879968916847,0.125,0.125,0.125,0.125,0.125,0.125,0.125,0.125
30,30.0,28.95241681848399,0.125,0.125,0.125,0.125,0.125,0.125,0.125,0.125
31,31.0,30.17127581490958,0.125,0.125,0.125,0.125,0.125,0.125,0.125,0.125
32,32.0,31.376536153543515,0.125,0.125,0.125,0.125,0.125,0.125,0.125,0.125
33,33.0,32.567505096778625,0.125,0.125,0.125,0.125,0.125,0.125,0.125,0.125
34,34.0,33.74370209472243,0.125,0.125,0.125,0.125,0.125,0.125,0.125,0.125
35,35.0,34.90484237192463,0.125,0.125,0.125,0.125,0.125,0.125,0.125,0.125
36,36.0,36.05082019768737,0.125,0.125,0.125,0.125,0.125,0.125,0.125,0.125
37,37.0,37.18169203889697,0.125,0.125,0.125,0.125,0.125,0.125,0.125,0.125
38,38.0,38.29765977559663,0.125,0.125,0.125,0.125,0.125,0.125,0.125,0.125
39,39.0,39.399054140870355,0.125,0.125,0.125,0.125,0.125,0.125,0.125,0.125
40,40.0,40.48631852820801,0.125,0.125,0.125,0.125,0.125,0.125,0.125,0.125
41,41.0,41.55999329152982,0.125,0.125,0.125,0.125,0.125,0.125,0.125,0.125
42,42.0,42.62070064560415,0.125,0.125,0.125,0.125,0.125,0.125,0.125,0.125
43,43.0,43.669130257815,0.125,0.125,0.125,0.125,0.125,0.125,0.125,0.125
44,44.0,44.70602560622662,0.125,0.125,0.125,0.125,0.125,0.125,0.125,0.125
45,45.0,45.73217116373481,0.125,0.125,0.125,0.125,0.125,0.125,0.125,0.125
46,46.0,46.748380453854836,0.125,0.125,0.125,0.125,0.125,0.125,0.125,0.125
47,47.0,47.755485010424316,0.125,0.125,0.125,0.125,0.125,0.125,0.125,0.125
48,48.0,48.7543242612326,0.125,0.125,0.125,0.125,0.125,0.125,0.125,0.125
49,49.0,49.745736344347726,0.125,0.125,0.125,0.125,0.125,0.125,0.125,0.125
50,50.0,50.730549855707864,0.125,0.125,0.125,0.125,0.125,0.125,0.125,0.125
51,51.0,51.70957651737491,0.125,0.125,0.125,0.125,0.125,0.125,0.125,0.125
52,52.0,52.68360474770151,0.125,0.125,0.125,0.125,0.125,0.125,0.125,0.125
53,53.0,53.65339410751842,0.125,0.125,0.125,0.125,0.125,0.125,0.125,0.125
54,54.0,54.61967059027847,0.125,0.125,0.125,0.125,0.125,0.125,0.125,0.125
55,55.0,55.58312271885972,0.125,0.125,0.125,0.125,0.125,0.125,0.125,0.125
56,56.0,56.544398407394254,0.125,0.125,0.125,0.125,0.125,0.125,0.125,0.125
57,57.0,57.504102543001395,0.125,0.125,0.125,0.125,0.125,0.125,0.125,0.125
58,58.0,58.462795239617805,0.125,0.125,0.125,0.125,0.125,0.125,0.125,0.125
59,59.0,59.42099071417639,0.125,0.125,0.125,0.125,0.125,0.125,0.125,0.125
60,60.0,60.379156734137354,0.125,0.125,0.125,0.125,0.125,0.125,0.125,0.125
61,61.0,61.337714584760846,0.125,0.125,0.125,0.125,0.125,0.125,0.125,0.125
62,62.0,62.29703950447439,0.125,0.125,0.125,0.125,0.125,0.125,0.125,0.125
63,63.0,63.257461537171835,0.125,0.125,0.125,0.125,0.125,0.125,0.125,0.125
64,64.0,64.21926675122782,0.125,0.125,0.125,0.125,0.125,0.125,0.125,0.125
65,65.0,65.18269877636592,0.125,0.125,0.125,0.125,0.125,0.125,0.125,0.125
66,66.0,66.14796061122655,0.125,0.125,0.125,0.125,0.125,0.125,0.125,0.125
67,67.0,67.11521665648885,0.125,0.125,0.125,0.125,0.125,0.125,0.125,0.125
68,68.0,68.08459493066005,0.125,0.125,0.125,0.125,0.125,0.125,0.125,0.125
69,69.0,69.05618942810752,0.125,0.125,0.125,0.125,0.125,0.125,0.125,0.125
70,70.0,70.03006258152917,0.125,0.125,0.125,0.125,0.125,0.125,0.125,0.125
71,71.0,71.00624779379335,0.125,0.125,0.125,0.125,0.125,0.125,0.125,0.125
72,72.0,71.98475200689319,0.125,0.125,0.125,0.125,0.125,0.125,0.125,0.125
73,73.0,72.96555827861411,0.125,0.125,0.125,0.125,0.125,0.125,0.125,0.125
74,74.0,73.94862834037681,0.125,0.125,0.125,0.125,0.125,0.125,0.125,0.125
75,75.0,74.93390511255946,0.125,0.125,0.125,0.125,0.125,0.125,0.125,0.125
76,76.0,75.92131515639825,0.125,0.125,0.125,0.125,0.125,0.125,0.125,0.125
77,77.0,76.91077104428919,0.125,0.125,0.125,0.125,0.125,0.125,0.125,0.125
78,78.0,77.90217363294813,0.125,0.125,0.125,0.125,0.125,0.125,0.125,0.125
79,79.0,78.89541422641172,0.125,0.125,0.125,0.125,0.125,0.125,0.125,0.125
80,80.0,79.89037661826481,0.125,0.125,0.125,0.125,0.125,0.125,0.125,0.125
81,81.0,80.88693900474995,0.125,0.125,0.125,0.125,0.125,0.125,0.125,0.125
82,82.0,81.88497576253909,0.125,0.125,0.125,0.125,0.125,0.125,0.125,0.125
83,83.0,82.88435908692391,0.125,0.125,0.125,0.125,0.125,0.125,0.125,0.125
84,84.0,83.88496048800103,0.125,0.125,0.125,0.125,0.125,0.125,0.125,0.125
85,85.0,84.88665214409042,0.125,0.125,0.125,0.125,0.125,0.125,0.125,0.125
86,86.0,85.88930811312994,0.125,0.125,0.125,0.125,0.125,0.125,0.125,0.125
87,87.0,86.89280540413424,0.125,0.125,0.125,0.125,0.125,0.125,0.125,0.125
88,88.0,87.89702491199675,0.125,0.125,0.125,0.125,0.125,0.125,0.125,0.125
89,89.0,88.90185221995306,0.125,0.125,0.125,0.125,0.125,0.125,0.125,0.125
90,90.0,89.90717827491419,0.125,0.125,0.125,0.125,0.125,0.125,0.125,0.125
91,91.0,90.91289994163006,0.125,0.125,0.125,0.125,0.125,0.125,0.125,0.125
92,92.0,91.92892044225805,0.125,0.125,0.125,0.125,0.125,0.125,0.125,0.125
93,93.0,92.94504968840066,0.125,0.125,0.125,0.125,0.125,0.125,0.125,0.125
94,94.0,93.961115513045,0.125,0.125,0.125,0.125,0.125,0.125,0.125,0.125
95,95.0,94.97696360009446,0.125,0.125,0.125,0.125,0.125,0.125,0.125,0.125
96,96.0,95.99245724243804,0.125,0.125,0.125,0.125,0.125,0.125,0.125,0.125
97,97.0,97.00747694812287,0.125,0.125,0.125,0.125,0.125,0.125,0.125,0.125
98,98.0,98.021919913758,0.125,0.125,0.125,0.125,0.125,0.125,0.125,0.125
99,99.0,99.03569938369202,0.125,0.125,0.125,0.125,0.125,0.125,0.125,0.125
100,100.0,100.04874391279573,0.125,0.125,0.125,0.125,0.125,0.125,0.125,0.125
101,101.0,101.0609965498611,0.125,0.125,0.125,0.125,0.125,0.125,0.125,0.125
102,102.0,102.07241395772132,0.125,0.125,0.125,0.125,0.125,0.125,0.125,0.125
103,103.0,103.08296548521832,0.125,0.125,0.125,0.125,0.125,0.125,0.125,0.125
104,104.0,104.09263220511343,0.125,0.125,0.125,0.125,0.125,0.125,0.125,0.125
105,105.0,105.1014059309679,0.125,0.125,0.125,0.125,0.125,0.125,0.125,0.125
106,106.0,106.10928822492724,0.125,0.125,0.125,0.125,0.125,0.125,0.125,0.125
107,107.0,107.11628940724137,0.125,0.125,0.125,0.125,0.125,0.125,0.125,0.125
108,108.0,108.12242757725168,0.125,0.125,0.125,0.125,0.125,0.125,0.125,0.125
109,109.0,109.12772765448844,0.125,0.125,0.125,0.125,0.125,0.125,0.125,0.125
110,110.0,110.13222044745665,0.125,0.125,0.125,0.125,0.125,0.125,0.125,0.125
111,111.0,111.13594175665347,0.125,0.125,0.125,0.125,0.125,0.125,0.125,0.125
112,112.0,112.13893151736406,0.125,0.125,0.125,0.125,0.125,0.125,0.125,0.125
113,113.0,113.14123298682995,0.125,0.125,0.125,0.125,0.125,0.125,0.125,0.125
114,114.0,114.14289197948095,0.125,0.125,0.125,0.125,0.125,0.125,0.125,0.125
115,115.0,115.14395615307205,0.125,0.125,0.125,0.125,0.125,0.125,0.125,0.125
116,116.0,116.14447434777333,0.125,0.125,0.125,0.125,0.125,0.125,0.125,0.125
117,117.0,117.14449597952674,0.125,0.125,0.125,0.125,0.125,0.125,0.125,0.125
118,118.0,118.14407048830954,0.125,0.125,0.125,0.125,0.125,0.125,0.125,0.125
119,119.0,119.14324684133096,0.125,0.125,0.125,0.125,0.125,0.125,0.125,0.125
120,120.0,120.14207309063694,0.125,0.125,0.125,0.125,0.125,0.125,0.125,0.125
121,121.0,121.14059598410594,0.125,0.125,0.125,0.125,0.125,0.125,0.125,0.125
122,122.0,122.138860628387,0.125,0.125,0.125,0.125,0.125,0.125,0.125,0.125
123,123.0,123.13691020195607,0.125,0.125,0.125,0.125,0.125,0.125,0.125,0.125
124,124.0,124.13478571614867,0.125,0.125,0.125,0.125,0.125,0.125,0.125,0.125
125,125.0,125.13252582176052,0.125,0.125,0.125,0.125,0.125,0.125,0.125,0.125
126,126.0,126.1301666585936,0.125,0.125,0.125,0.125,0.125,0.125,0.125,0.125
127,127.0,127.12774174515741,0.125,0.125,0.125,0.125,0.125,0.125,0.125,0.125
128,128.0,128.1252819056133,0.125,0.125,0.125,0.125,0.125,0.125,0.125,0.125
129,129.0,129.12281523096746,0.125,0.125,0.125,0.125,0.125,0.125,0.125,0.125
130,130.0,130.12036707147652,0.125,0.125,0.125,0.125,0.125,0.125,0.125,0.125
131,131.0,131.11796005721993,0.125,0.125,0.125,0.125,0.125,0.125,0.125,0.125
132,132.0,132.11561414381677,0.125,0.125,0.125,0.125,0.125,0.125,0.125,0.125
133,133.0,133.11334668031577,0.125,0.125,0.125,0.125,0.125,0.125,0.125,0.125
134,134.0,134.11117249636172,0.125,0.125,0.125,0.125,0.125,0.125,0.125,0.125
135,135.0,135.10910400583944,0.125,0.125,0.125,0.125,0.125,0.125,0.125,0.125
136,136.0,136.10715132431102,0.125,0.125,0.125,0.125,0.125,0.125,0.125,0.125
137,137.0,137.1053223976923,0.125,0.125,0.125,0.125,0.125,0.125,0.125,0.125
138,138.0,138.10362313975853,0.125,0.125,0.125,0.125,0.125,0.125,0.125,0.125
139,139.0,139.10205757622057,0.125,0.125,0.125,0.125,0.125,0.125,0.125,0.125
140,140.0,140.1006279932742,0.125,0.125,0.125,0.125,0.125,0.125,0.125,0.125
141,141.0,141.0993350886897,0.125,0.125,0.125,0.125,0.125,0.125,0.125,0.125
142,142.0,142.0981781236768,0.125,0.125,0.125,0.125,0.125,0.125,0.125,0.125
143,143.0,143.0971550739284,0.125,0.125,0.125,0.125,0.125,0.125,0.125,0.125
144,144.0,144.09626277841556,0.125,0.125,0.125,0.125,0.125,0.125,0.125,0.125
145,145.0,145.09549708466983,0.125,0.125,0.125,0.125,0.125,0.125,0.125,0.125
146,146.0,146.09485298945197,0.125,0.125,0.125,0.125,0.125,0.125,0.125,0.125
147,147.0,147.0943247738614,0.125,0.125,0.125,0.125,0.125,0.125,0.125,0.125
148,148.0,148.09390613209126,0.125,0.125,0.125,0.125,0.125,0.125,0.125,0.125
149,149.0,149.09359029317721,0.125,0.125,0.125,0.125,0.125,0.125,0.125,0.125
150,150.0,150.0933701352228,0.125,0.125,0.125,0.125,0.125,0.125,0.125,0.125
151,151.0,151.0932382917116,0.125,0.125,0.125,0.125,0.125,0.125,0.125,0.125
152,152.0,152.0931872496344,0.125,0.125,0.125,0.125,0.125,0.125,0.125,0.125
153,153.0,153.0932094392686,0.125,0.125,0.125,0.125,0.125,0.125,0.125,0.125
154,154.0,154.0932973155467,0.125,0.125,0.125,0.125,0.125,0.125,0.125,0.125
155,155.0,155.0934434310415,0.125,0.125,0.125,0.125,0.125,0.125,0.125,0.125
156,156.0,156.09364050067643,0.125,0.125,0.125,0.125,0.125,0.125,0.125,0.125
157,157.0,157.0938814583411,0.125,0.125,0.125,0.125,0.125,0.125,0.125,0.125
158,158.0,158.09415950565588,0.125,0.125,0.125,0.125,0.125,0.125,0.125,0.125
159,159.0,159.09446815318262,0.125,0.125,0.125,0.125,0.125,0.125,0.125,0.125
160,160.0,160.09480125442485,0.125,0.125,0.125,0.125,0.125,0.125,0.125,0.125
161,161.0,161.0951530329986,0.125,0.125,0.125,0.125,0.125,0.125,0.125,0.125
162,162.0,162.09551810338502,0.125,0.125,0.125,0.125,0.125,0.125,0.125,0.125
163,163.0,163.09589148569893,0.125,0.125,0.125,0.125,0.125,0.125,0.125,0.125
164,164.0,164.09626861492447,0.125,0.125,0.125,0.125,0.125,0.125,0.125,0.125
165,165.0,165.0966453450782,0.125,0.125,0.125,0.125,0.125,0.125,0.125,0.125
166,166.0,166.09701794876577,0.125,0.125,0.125,0.125,0.125,0.125,0.125,0.125
167,167.0,167.10738311259692,0.125,0.125,0.125,0.125,0.125,0.125,0.125,0.125
168,168.0,168.11763792891898,0.125,0.125,0.125,0.125,0.125,0.125,0.125,0.125
169,169.0,169.12769088431966,0.125,0.125,0.125,0.125,0.125,0.125,0.125,0.125
170,170.0,170.1374616353371,0.125,0.125,0.125,0.125,0.125,0.125,0.125,0.125
171,171.0,171.14688069489944,0.125,0.125,0.125,0.125,0.125,0.125,0.125,0.125
172,172.0,172.15588904155652,0.125,0.125,0.125,0.125,0.125,0.125,0.125,0.125
173,173.0,173.16443766313233,0.125,0.125,0.125,0.125,0.125,0.125,0.125,0.125
174,174.0,174.17248704591924,0.125,0.125,0.125,0.125,0.125,0.125,0.125,0.125
175,175.0,175.18000661996828,0.125,0.125,0.125,0.125,0.125,0.125,0.125,0.125
176,176.0,176.18697417041273,0.125,0.125,0.125,0.125,0.125,0.125,0.125,0.125
177,177.0,177.1933752241086,0.125,0.125,0.125,0.125,0.125,0.125,0.125,0.125
178,178.0,178.19920242019379,0.125,0.125,0.125,0.125,0.125,0.125,0.125,0.125
179,179.0,179.20445487246852,0.125,0.125,0.125,0.125,0.125,0.125,0.125,0.125
180,180.0,180.2091375307911,0.125,0.125,0.125,0.125,0.125,0.125,0.125,0.125
181,181.0,181.21326054797353,0.125,0.125,0.125,0.125,0.125,0.125,0.125,0.125
182,182.0,182.21683865795796,0.125,0.125,0.125,0.125,0.125,0.125,0.125,0.125
183,183.0,183.21989057036438,0.125,0.125,0.125,0.125,0.125,0.125,0.125,0.125
184,184.0,184.2224383858265,0.125,0.125,0.125,0.125,0.125,0.125,0.125,0.125
185,185.0,185.22450703588416,0.125,0.125,0.125,0.125,0.125,0.125,0.125,0.125
186,186.0,186.22612375057722,0.125,0.125,0.125,0.125,0.125,0.125,0.125,0.125
187,187.0,187.2273175562952,0.125,0.125,0.125,0.125,0.125,0.125,0.125,0.125
188,188.0,188.22811880587838,0.125,0.125,0.125,0.125,0.125,0.125,0.125,0.125
189,189.0,189.22855874244448,0.125,0.125,0.125,0.125,0.125,0.125,0.125,0.125
190,190.0,190.22866909792955,0.125,0.125,0.125,0.125,0.125,0.125,0.125,0.125
191,191.0,191.22848172688683,0.125,0.125,0.125,0.125,0.125,0.125,0.125,0.125
192,192.0,192.2280282756795,0.125,0.125,0.125,0.125,0.125,0.125,0.125,0.125
193,193.0,193.2273398868361,0.125,0.125,0.125,0.125,0.125,0.125,0.125,0.125
194,194.0,194.22644693800868,0.125,0.125,0.125,0.125,0.125,0.125,0.125,0.125
195,195.0,195.22537881468392,0.125,0.125,0.125,0.125,0.125,0.125,0.125,0.125
196,196.0,196.2241637155448,0.125,0.125,0.125,0.125,0.125,0.125,0.125,0.125
197,197.0,197.22282848916413,0.125,0.125,0.125,0.125,0.125,0.125,0.125,0.125
198,198.0,198.2213985005299,0.125,0.125,0.125,0.125,0.125,0.125,0.125,0.125
199,199.0,199.21989752575377,0.125,0.125,0.125,0.125,0.125,0.125,0.125,0.125
200,200.0,200.21834767319774,0.12427777777777778,0.12427777777777778,0.12427777777777778,0.12494444444444444,0.12538888888888888,0.12427777777777778,0.12694444444444444,0.12561111111111112
201,201.0,201.21676932916534,0.12287428571428571,0.12287428571428571,0.12501714285714285,0.12415928571428572,0.12497428571428572,0.12287428571428571,0.1296392857142857,0.12758714285714287
202,202.0,202.21518112624452,0.12149132857142858,0.12149132857142858,0.12575561428571427,0.12338247857142859,0.12456032857142858,0.12149132857142858,0.13228967857142857,0.12953791428571432
203,203.0,203.21359993235333,0.11926461405250306,0.11900820379609281,0.12535341808180708,0.12311347729609282,0.1220186137960928,0.12011931490720391,0.13451031606532354,0.13661204200488403
204,204.0,204.21204085852776,0.11703966136006394,0.11712405050033542,0.12490469877764636,0.12274421770945308,0.11946339010621779,0.11874692631732889,0.13665266117334446,0.14332439405561015
205,205.0,205.21051728349946,0.11475958170574835,0.11515099020248035,0.1243338645128912,0.12211359477765332,0.11683682926674836,0.11821228372595036,0.1388773849602049,0.14971547084832323
206,206.0,206.209040893139,0.11252248364077808,0.11319370882380653,0.12373472774571523,0.12193842165253399,0.11424822322050522,0.11769466976041723,0.1407589431045729,0.15590882205167092
207,207.0,207.20762173288315,0.11114130714367383,0.11125256309425038,0.1230721561126264,0.12163414089593588,0.11167570856722235,0.11707784614063688,0.14237297098844484,0.16177330705720955
208,208.0,208.2062682713241,0.10986245364080185,0.10941353272437757,0.12242730063472873,0.12246418082604758,0.10921158313231837,0.11540315459348434,0.14386644499539528,0.1673513494528464
209,209.0,209.20498747320772,0.10844916312845142,0.10750958280670476,0.1216296245760684,0.12472561239370043,0.10669443557309076,0.11355381258785215,0.1449971695337306,0.17244059940040163
210,210.0,210.2037848801709,0.10691728183780559,0.1055254513780795,0.12068790912767277,0.12643293344708353,0.10464026194992862,0.11226833392904201,0.14652957810228948,0.17699825022809865
211,211.0,211.20266469763604,0.10537934353179836,0.10357239696096655,0.12042378546765149,0.12787492962490626,0.102633021452014,0.1108980667506816,0.14881745752953807,0.18040099868244386
212,212.0,212.2016298863783,0.10385349779719043,0.10166759997414339,0.12013025253688425,0.12906641908065203,0.10068885074755884,0.11009354755486456,0.151125910073863,0.1833739222348437
213,213.0,213.20068225738257,0.1029862248370528,0.09978393179918489,0.11958164188238204,0.13056832797632112,0.0987795337189974,0.10916738409875255,0.15366853878052605,0.1854644169067833
214,214.0,214.1998225687126,0.10129013614992557,0.09711266221042178,0.11815525130902371,0.13202907932642904,0.0965118908094602,0.10731710328766406,0.15543950132821568,0.1921443755788601
215,215.0,215.19905062322246,0.09964137166326006,0.09453502719553869,0.11672924818368556,0.1332108119040301,0.09472852751989003,0.10543026113033674,0.15679777909376594,0.19892697330949302
216,216.0,216.19836536604913,0.09799282245432842,0.09198187509488978,0.11523267385579691,0.1345331550199332,0.09393751573801001,0.10352314961436677,0.15773504788119905,0.20506376034147597
217,217.0,217.19776498093265,0.09581978698628107,0.08961563645740545,0.11268484722618774,0.1357897099700349,0.09322366096700047,0.10174236795627929,0.16021247412889061,0.21091151630792057
218,218.0,218.19724698451847,0.09378595472922056,0.08743079281265456,0.1102212668962213,0.13696400051092478,0.0926577147248131,0.1000826014763774,0.16253028880735887,0.21632738004242952
219,219.0,219.19680831790055,0.0918077410946162,0.08532680549356368,0.1077681414492304,0.13790552753113247,0.09202205041249237,0.09845834373163898,0.16475768000314653,0.22195371028417946
220,220.0,220.19644543476542,0.08996714117434325,0.08338399655812553,0.1054167314691622,0.13869429892867097,0.09146473211491046,0.09695006124376988,0.16702429179543946,0.2270987467155784
221,221.0,221.19615438559615,0.08826838908714009,0.08160485523926683,0.1031799690000939,0.13933565000667578,0.09181518971077784,0.09556082880293065,0.1689652765649564,0.23126984158815858
222,222.0,222.1959308974878,0.086649774497438,0.0802592159396866,0.10100424384248245,0.1397717541770617,0.09203519130635843,0.09422812065569296,0.1712298866989311,0.23482181288234885
223,223.0,223.19577044921544,0.08513256188171739,0.07904062175837245,0.09880841148720163,0.140073246479565,0.09229509366420179,0.09297270353450246,0.17391472401808503,0.23776263717635432
224,224.0,224.19566834127818,0.0837236146705688,0.07795038562714243,0.09662193548306568,0.14025240467978045,0.0925901391863347,0.09180123400979785,0.17626410424389555,0.2407961820994146
225,225.0,225.19561976072185,0.0825275324706674,0.07705867101123942,0.09462355614965479,0.1399531710236456,0.0929859600100459,0.09032129266880666,0.1790599255658115,0.24346989110012882
226,226.0,226.19561984061392,0.08142387849177636,0.07629898734973421,0.09275889205767499,0.13947783902166094,0.09341296484138491,0.08888554365042713,0.1820599950177283,0.24568189956961328
227,227.0,227.19566371411065,0.08041213297558587,0.07563709911833069,0.0910045890584316,0.138899089931381,0.09372524585591406,0.08752792752605786,0.18539491658894566,0.24739899894535336
228,228.0,228.1957465631166,0.0794950540328193,0.07507167715816424,0.08936898557447492,0.13823488445436957,0.09393664713066356,0.08625603866937301,0.18897954083350638,0.2486571721466291
229,229.0,229.19586366159075,0.07867353627175239,0.07459991953790328,0.08785775816530632,0.1375016007602604,0.09405871405543528,0.08507521371836148,0.1927411464797257,0.24949211101125518
230,230.0,230.1960104136016,0.07860862309757866,0.07396948737093528,0.08654773054917385,0.13689552507547775,0.09420926179447049,0.08406230358360124,0.19687883643356982,0.24882823209519295
231,231.0,231.19618238627538,0.07861027569322562,0.07343290767006909,0.08537258308698988,0.136174643187046,0.09435977884083671,0.08309871436992204,0.20111557102503458,0.2478355261268761
232,232.0,232.196375337819,0.07860621085206415,0.07295335593385788,0.08429777418613611,0.13580065401870994,0.09441059856436773,0.08215609419894085,0.20528411947840072,0.24649119276752265
233,233.0,233.19658524083007,0.07865255737722782,0.07257615599512277,0.08335793392047659,0.13546149940059005,0.09408524529401334,0.08167568820908622,0.2096240776178833,0.2445668421856
234,234.0,234.19680830113174,0.07868943687970006,0.07225103216417372,0.08251623506366111,0.1349934435964089,0.09368003843627971,0.08121863166193805,0.21426657529204274,0.24238460690579572
235,235.0,235.19704097239196,0.07871661198742035,0.07197562042888918,0.08177087282372092,0.1348473029463806,0.09320635715226319,0.08078618788630612,0.21822957382743824,0.24046747294758147
236,236.0,236.1972799668022,0.0787336897268254,0.07139001500893204,0.08111912133038729,0.1349382065548405,0.09267480696601874,0.08037901545028618,0.22240835155650712,0.23835679340620278
237,237.0,237.1975222621034,0.07877355310026633,0.0708685419198545,0.0805741590453897,0.135017656149014,0.09254673024704546,0.08004728966138622,0.22663551381922736,0.23553655605781654
238,238.0,238.19776510525347,0.07886909803313479,0.07042778922072422,0.08014854323200934,0.13510378919565275,0.09244511575177437,0.07980456967404805,0.23051240438754894,0.2326886905051077
239,239.0,239.19800601303598,0.07889239474013243,0.06995935288617755,0.07972985588785811,0.13519391166615533,0.09223896334755582,0.07949399399035936,0.23478081070868875,0.2297107167730728
240,240.0,240.1982427699099,0.07884787193776649,0.06947123844612069,0.07932214384247366,0.13611094626201606,0.09188617230819647,0.07915559623077999,0.23858169514575217,0.22662433582689467
241,241.0,241.19847342339733,0.07911360232870797,0.06895688731344143,0.07891497914436939,0.13802424770157196,0.0913896241878468,0.07875095794707594,0.24140837383525268,0.22344132754173401
242,242.0,242.19869627730202,0.07928037999879022,0.06842471146897039,0.07851302350603988,0.1401317714645473,0.09076734467828416,0.07829019342813413,0.24439031723762636,0.22020225821760775
243,243.0,243.19890988304323,0.0793552152212537,0.06788180264139153,0.07811976307695104,0.1420535043040353,0.0900361263987399,0.07778229932458929,0.24782777871985495,0.2169435103131845
244,244.0,244.19911302937987,0.07945683180516358,0.06743385037272857,0.07783744809590684,0.1438403681340793,0.08932918701776923,0.07736858694245657,0.2525231309598121,0.21221059667208397
245,245.0,245.19930473078907,0.07949649067305015,0.06696698423048109,0.0775489528686178,0.14513458804187135,0.08856020271380037,0.07692600827814916,0.25789874213090674,0.20746803106312353
246,246.0,246.19948421474945,0.08139303363538121,0.0669571834645923,0.07639386623981022,0.14645163734919467,0.08821172308139469,0.07690628243484775,0.26239034749634443,0.20129592629843487
247,247.0,247.19965090816632,0.08321877327184041,0.0669580555533276,0.07526961422416642,0.14786945423254033,0.08784365149250944,0.07686534289633828,0.26639994119377736,0.19557516713550024
248,248.0,248.1998044231598,0.08470183204514042,0.06681975084911006,0.0740355822392993,0.14996835058161093,0.08731212491672499,0.07713195689095369,0.2701931589428369,0.18983724353432374
249,249.0,249.19994454242237,0.0860602742041837,0.0666570032802096,0.07281452180391233,0.15160179694110362,0.08774762709296924,0.07732075760676173,0.27355763216408174,0.18424038690677805
250,250.0,250.20007120433448,0.0862913288117401,0.06647303066436719,0.07214280821246874,0.15352959315268705,0.08808945965814496,0.07743536136070392,0.2762135590822984,0.17982485905758971
251,251.0,251.200184488012,0.08643032549602046,0.06627965119702771,0.07148007988108085,0.15507452093093424,0.08835042306770267,0.0775062764678846,0.27874633664390236,0.17613238631544714
252,252.0,252.20028459844164,0.08647112783118104,0.06609041764855764,0.0708664280681267,0.1562288329445123,0.08893239231211708,0.07754715028340457,0.28115330350572215,0.17271034740637858
253,253.0,253.2003718518439,0.08633030259934378,0.06581478415117874,0.07021105802851642,0.15817234284964643,0.08932778395411733,0.07746785057546297,0.2832943510180168,0.16938152682371757
254,254.0,254.2004466613875,0.08573696659338328,0.06545603346646998,0.06949277219321652,0.16072398990370315,0.08954899427194231,0.07727236464707671,0.2856524010974876,0.16611647782672054
255,255.0,255.20050952336288,0.08496810192693764,0.0650095532557659,0.06870831698568697,0.16324997498787985,0.08956082516792348,0.07693922007942075,0.2876032891735518,0.16396071842283375
256,256.0,256.20056100390707,0.08415368711297097,0.06457434540628476,0.06797739854721824,0.1656637370591571,0.08986179248545749,0.07656981022962414,0.2888972630279295,0.16230196613135797
257,257.0,257.20060172635783,0.08326017550917855,0.0641525653053125,0.06730090293020238,0.16866347301393808,0.09042900576228044,0.07616894333149939,0.28989427541792445,0.1601306587296644
258,258.0,258.2006323592999,0.08230251226828929,0.0637127379139434,0.06666744776524469,0.17110676522847193,0.0904287414385275,0.07570800901166674,0.2918876357970033,0.1581861505768534
259,259.0,259.2006536053548,0.08193388629623911,0.06324238856099612,0.06604090536517371,0.17299793919900253,0.09031609127058038,0.07518764205125958,0.2939129101215124,0.15636823713523645
260,260.0,260.2006661907506,0.08147404514999584,0.0627440297703505,0.06539996169004901,0.17554396622551527,0.08980228959754841,0.07462628615511399,0.29576581067755287,0.1546436107338744
261,261.0,261.20067085569934,0.08092756127310512,0.062215563294229094,0.06474230119830421,0.17745487588888037,0.08918227724829632,0.07401343524910943,0.2984545566858868,0.15300942916218893
262,262.0,262.2006683455962,0.08037376565166042,0.06169739820490642,0.0641079564347203,0.1790040789035793,0.08850330150545137,0.07339183576669334,0.3013852043458116,0.15153645918717754
263,263.0,263.2006594030475,0.07950357327945354,0.06118594480142976,0.06349283574211037,0.18030326528604906,0.08776865481193866,0.07333494610863053,0.304210518049707,0.15020026192068148
264,264.0,264.2006447607231,0.07862699937770566,0.06069969231449644,0.06293021378555032,0.18120665565969843,0.08700368111836403,0.07327020677293841,0.30720436215091734,0.14905818882032976
265,265.0,265.2006251350239,0.07773610280915615,0.06022466829122842,0.06238876740952308,0.18194689156085428,0.08647894838962362,0.07318147663372898,0.31000470747136094,0.14803843743452494
266,266.0,266.2006012205444,0.07685316112185525,0.05977743988364329,0.061898579431733255,0.18256259806265046,0.08592957345751352,0.0730837560391517,0.3127027465180317,0.14719214548542126
267,267.0,267.2005736853074,0.07597335044261071,0.05934781886653312,0.061433299930174476,0.1831193232590312,0.08504377147493018,0.07320165188131392,0.3154165005133751,0.14646428363203173
268,268.0,268.20054316674106,0.07511637721886331,0.05895051269993768,0.06102008335397592,0.1833922265941005,0.08415607915427696,0.07353632998900324,0.317928074026262,0.14590031696358088
269,269.0,269.2005102683639,0.07430212328657601,0.05859068244959108,0.060662275065483155,0.1834450497131337,0.08327863241402167,0.07387657262035568,0.32009123559138836,0.14575342885945083
270,270.0,270.20047555714086,0.07352057508228536,0.058254622982937994,0.060331128962149136,0.1834954934844724,0.08240431199926765,0.07397726399577845,0.3223175590929507,0.1456990444001588
271,271.0,271.2004395614687,0.07247504348503721,0.057954903182129265,0.06005078041424973,0.18359617916781656,0.08155185626326157,0.07407716375145826,0.3245186364147172,0.1457754373213307
272,272.0,272.2004027697491,0.07143678416108892,0.05764891281884249,0.05977697969197443,0.18389946310926203,0.0806875963651482,0.07409077381918919,0.3263669689780768,0.14609252105641835
273,273.0,273.2003656295039,0.07041454995954416,0.05733588252562194,0.059507353692647175,0.18428697399187582,0.07978747723465057,0.0740271552502057,0.32822880229409535,0.1464118050513597
274,274.0,274.2003285469882,0.06940440401639103,0.05751705376391284,0.05924158836948608,0.18447014056158126,0.0788653652715041,0.07388020156012975,0.3299007553366109,0.1467204911203844
275,275.0,275.2002918872542,0.06841018750666077,0.05766318236145315,0.05897775252518768,0.1841961557716616,0.07814251315223743,0.07386389463067956,0.33109373253839647,0.1476525815137237
276,276.0,276.20025597462103,0.0674380829346461,0.05777475321579789,0.05871694993998048,0.18370895682816174,0.07739776920237636,0.07376655263517456,0.33267565438315405,0.1485212808607091
277,277.0,277.200221093505,0.06675657809869326,0.057852446316784996,0.05846010756423856,0.1834774569900774,0.07663689356402499,0.07379814723553284,0.33369864691427426,0.1493197233163739
278,278.0,278.2001874895655,0.06610652794930924,0.05790158013919032,0.05821243481198693,0.183292139973929,0.07589187659830093,0.07376336894077597,0.3347212941479904,0.15011077743851733
279,279.0,279.20015537112437,0.06548045102315592,0.05791858666214153,0.0579699211567332,0.18274390239476,0.07513979469642118,0.07365740722498879,0.33588580950300295,0.1512041273387966
280,280.0,280.20012491081604,0.06490626786465625,0.05794238727094356,0.05775535454591916,0.18211615818178073,0.07443396207249389,0.07352956050961608,0.3368470684163358,0.15246924113825472
281,281.0,281.2000962474304,0.06437325445970626,0.05795857184841434,0.057542277967764045,0.18155500326947357,0.07374142212695056,0.07338251968437273,0.33777656899910463,0.153670381644214
282,282.0,282.200069487909,0.06388993216766414,0.05797561407234086,0.05735163084905445,0.180855289291932,0.07306845995888676,0.07303234159092943,0.3388139009398912,0.1550128311293013
283,283.0,283.2000447094607,0.06344339013112436,0.057981032909600674,0.05715935761592176,0.17999555072733114,0.0724054170815504,0.07285934367544628,0.33989673796195574,0.15625916989706984
284,284.0,284.2000219617626,0.06327327833894608,0.057989341104559486,0.05699129303379743,0.17924791548903146,0.07178804435697868,0.07268782530561839,0.3405794243915741,0.15744287797949452
285,285.0,285.20000126921667,0.06315760272782973,0.05802349258888317,0.05684260347794853,0.17812840960067927,0.07123335528235704,0.0725279941685685,0.34190274502229306,0.15818379713144087
286,286.0,286.19998263323316,0.06303711939743487,0.05800782730414479,0.056671367567519025,0.17686415433608632,0.07067071022279801,0.07269892278771735,0.34332322035631796,0.15872667802798182
287,287.0,287.1999660345157,0.06291785642324785,0.05825207781302588,0.056483103726028966,0.17592866225753204,0.07030638420250715,0.07279773963089355,0.3442272069897533,0.15908696895701147
288,288.0,288.1999514353248,0.06279122030022657,0.05844070811407758,0.056275944328400065,0.17561081326499123,0.06993324121473006,0.07281652453399004,0.3445710329975785,0.1595605152460061
289,289.0,289.1999387816998,0.06267755213126776,0.05859601698451031,0.05607288058406751,0.17573592213282663,0.06957321699540173,0.0727718317081917,0.34467412598723207,0.15989845347650247
290,290.0,290.1999280056202,0.06256622540426246,0.05872195474052028,0.055865800065078866,0.17571417578177673,0.06939896308108232,0.0726915172883067,0.34493158546641356,0.16010977817255923
291,291.0,291.19991902709245,0.06247250231168979,0.058837427218804236,0.05567440335690421,0.1756079782383475,0.06923725937222594,0.07295706218605566,0.34532082849186363,0.15989253882410917
292,292.0,292.19991175614655,0.062381933327718415,0.058917091510739705,0.0554861166048676,0.1756285360611854,0.06907349708858546,0.07315936437112622,0.34577910643581705,0.15957435459996033
293,293.0,293.19990609473376,0.06229342170722633,0.0589623221680253,0.05530151256588991,0.1759348896334046,0.06909883005782629,0.07329994191768625,0.34594365625873635,0.15916542569120518
294,294.0,294.1999019385149,0.062197229094117575,0.05897179869473712,0.05511816531682484,0.1764534170227279,0.06910861718850426,0.07336620644268564,0.34580362534988396,0.15898094089051895
295,295.0,295.1998991785328,0.06211144229466694,0.05897042759047536,0.05494953108362688,0.17706162849262827,0.0691165678817559,0.07341570206931586,0.3456216637995098,0.1587530367880212
296,296.0,296.19989770276356,0.06203469904821135,0.058958762348201965,0.05479527992586325,0.177566986834913,0.069120169511355,0.0734485532505146,0.3454249909044584,0.15865055817648263
297,297.0,297.1998973975436,0.06195723846035462,0.05893459276778201,0.05481345010379,0.1779305087820399,0.06911162022781334,0.07345094017298523,0.3456310459530809,0.1581706035321541
298,298.0,298.19989814887026,0.061860199845826296,0.058862668514441795,0.05481223450865446,0.1779981021880618,0.06907133621872333,0.07337567066932447,0.34643868164588615,0.15758110640908174
299,299.0,299.1998998435755,0.06174410223068152,0.058746270063367016,0.054791590744134325,0.17808590891238182,0.0689993357139384,0.07322740254048117,0.3475119997810789,0.15689339001393693
300,300.0,300.1999023703745,0.06161446827005125,0.05859124773782163,0.0547565290553489,0.178569154749484,0.06891286395975667,0.07301835370033989,0.3484114161478887,0.15612596637930906
301,301.0,301.1999056207898,0.06146718012789221,0.05868437765708152,0.054702469199288,0.1789188055518996,0.06905159888903464,0.07274629359308678,0.3491467742863252,0.15528250069539215
302,302.0,302.19990948995576,0.06131116527120764,0.058756575933550784,0.05463792651845725,0.17938281935416944,0.06931056808423147,0.07244837429556789,0.34975488502433355,0.15439768551848207
303,303.0,303.1999138773055,0.0611554912900619,0.058811726958090255,0.054566944413414434,0.17990230841871113,0.06954238369804293,0.07214268428289385,0.3503765602889706,0.15350190064981503
304,304.0,304.19991868714726,0.060982498446763164,0.05908780993136838,0.054727543003692855,0.18071550688312235,0.06998261009887645,0.07206407644823137,0.3508495376475713,0.15159041754037417
305,305.0,305.1999238291333,0.060805079325202016,0.05907040570868956,0.05487363551190188,0.18160047331887222,0.0703853888569381,0.07171308170862667,0.3516272350656504,0.1499247005041192
306,306.0,306.19992921862945,0.06060359454564265,0.05943270750723727,0.05498337184081251,0.18236457923100927,0.07073971870981928,0.07130822039360127,0.3525737393876704,0.14799406838420737
307,307.0,307.1999347769897,0.06037586703548517,0.05971937909085065,0.0550532794964633,0.18326824415065382,0.0710228435777684,0.07085841614367953,0.3532223364575549,0.14647963404754416
308,308.0,308.19994043174404,0.0600001983190301,0.05998183633668177,0.05510934574968496,0.1841636503577366,0.0712601338006775,0.07041052825609455,0.3540720087085621,0.14500229847153237
309,309.0,309.1999461167055,0.059608563551745194,0.05989898098554661,0.05553373459372271,0.18502546794007138,0.07143403340841044,0.06994277619490444,0.3552260309072462,0.14333041241835298
310,310.0,310.1999517720037,0.05919545415818983,0.05975225697395257,0.05589916912307241,0.18594715788352092,0.07153415467242694,0.06943331021419437,0.3564955496374385,0.1417429473372044
311,311.0,311.1999573440521,0.058772794179782116,0.059551183992599066,0.05621126833721406,0.18700379621352706,0.0715821576740137,0.06890399533546784,0.3576031969674858,0.14037160729991027
312,312.0,312.1999627854551,0.0583441714413492,0.05930125623597835,0.05647029334322982,0.1882073219856462,0.07144357333637216,0.06836001500236313,0.3590204867893038,0.13885288186575728
313,313.0,313.19996805486323,0.05791290032275493,0.05900792919420228,0.056677032046891035,0.18915368225753865,0.07125955983229652,0.06826252990774873,0.36051909549934535,0.13720727093922247
314,314.0,314.19997311678196,0.0574960017807991,0.05870989568343612,0.05686421414239381,0.19015957717805076,0.07104301772945465,0.06817598333765565,0.3619073794436755,0.13564393070453437
315,315.0,315.19997794134093,0.05708361284354328,0.05838709283639173,0.05700827386811359,0.190957584293658,0.07078575541852765,0.06807581983984748,0.3633731716344907,0.13432868926542754
316,316.0,316.1999825040307,0.05667750979030986,0.05803780727937227,0.057213813031318436,0.19158993884427447,0.07049637789217719,0.067963619510613,0.3647803678830071,0.1332405657689276
317,317.0,317.19998678541117,0.056289768585014416,0.05768667945185959,0.05739320951299652,0.19217690377540933,0.07018906978504912,0.06785993059459634,0.3661752698761227,0.13222916841895185
318,318.0,318.19999077079945,0.05591501017700136,0.05733016014124578,0.05753994859042003,0.19273297716058857,0.06986072580805816,0.0677381913138049,0.3674749502392639,0.13140803656961714
319,319.0,319.19999444994096,0.055544273275754064,0.05695628371808152,0.05763791560392745,0.19334932439532096,0.06949950599628182,0.06757709885273344,0.3689558348658976,0.130479763292003
320,320.0,320.1999978166689,0.05519204671063886,0.05658434596070098,0.057706321298934944,0.19397269614894966,0.06912759046684874,0.06740649234735813,0.3703936437675054,0.12961686329906316
321,321.0,321.2000008685573,0.05486112154017153,0.056220732806629814,0.05743600388704113,0.1945614788161581,0.0687418233259433,0.06724428837815115,0.371793826182857,0.12914072506304786
322,322.0,322.2000036065713,0.05454227960804021,0.055848540273707704,0.057134339885882436,0.19511129022309498,0.06843691622084401,0.0668333442132501,0.3733603709922425,0.128732918582938
323,323.0,323.20000603471817,0.05423607081749257,0.05548135216767266,0.056807755004197005,0.19535219624769956,0.06811336371139591,0.06640947521614896,0.37523800418547476,0.12836178264991854
324,324.0,324.2000081597032,0.053949034371002035,0.05512880752836023,0.05646985433696916,0.19558217050931465,0.0677907664809393,0.06598370707652777,0.37695191519284965,0.12814374450403718
325,325.0,325.2000099905927,0.05368211667672194,0.0546178825664555,0.05612639326598977,0.19573552658250337,0.06747480483757812,0.06578298594304259,0.37842594027295756,0.12815434985475116
326,326.0,326.20001153848733,0.05343096279957438,0.05412434224708823,0.05577573242496833,0.19583982060343572,0.067152024875669,0.06557382714134907,0.3799047691639559,0.12819852074395935
327,327.0,327.2000128162076,0.053197886952018276,0.05365322732965603,0.05542167187391897,0.1958006228148112,0.06682660358675893,0.0653743234821018,0.3814547233967582,0.12827094056397667
328,328.0,328.2000138379938,0.052993189174696684,0.05322520284044515,0.05508093012162862,0.19558877757392376,0.06652139348662998,0.06487974516429788,0.3831559174044557,0.12855484423392224
329,329.0,329.20001461922146,0.05279984503522839,0.052817320873164306,0.05473580664931925,0.1954278628271674,0.06620777883754743,0.06437775386946694,0.38480052577044027,0.1288331061376661
330,330.0,330.2000151761341,0.052611885335730156,0.052413175199032505,0.054380803789182246,0.1951344318453474,0.06588320330901602,0.06386367442163239,0.3867878777304852,0.12892494836957424
331,331.0,331.20001552559415,0.052438205631030535,0.05203273466666348,0.05402786041724101,0.1950230100939503,0.06555858683329813,0.06335023411647753,0.3885628193505887,0.12900654889075058
