,Unnamed: 0,Generation,Intertwine_two,Add_vertex,Delete_vertex,Invert_path_vertices,Insert_inside_vertex,Delete_inside_vertex,Replace_inside_vertex,Donate_between_routes,Merge_terminals,Trim_one_terminal_cb,Trim_one_path_random_cb,Grow_one_terminal_cb,Grow_one_path_random_cb
0,0.0,0.0,0.07692307692307689,0.07692307692307689,0.07692307692307689,0.07692307692307689,0.07692307692307689,0.07692307692307689,0.07692307692307689,0.07692307692307689,0.07692307692307689,0.07692307692307689,0.07692307692307689,0.07692307692307689,0.07692307692307689
1,1.0,0.10900000000000001,0.07700924869161738,0.07700030671334172,0.0771498239970654,0.07706992185882201,0.07691782047850822,0.07683809112236721,0.07684358578335046,0.07680737317236296,0.07657992331514663,0.07701988144156674,0.07684909136973757,0.07711793108444409,0.07679700097166917
2,2.0,0.31601,0.07709693767954995,0.07701460201136066,0.07713654815670304,0.07711182620498068,0.07687385353035661,0.07688083990364564,0.07686703056799803,0.07663219577548146,0.0763869822577379,0.07709592217335819,0.07675639553500675,0.07745015983718931,0.07669670636663137
3,3.0,0.6191589000000001,0.07725386811883977,0.07704805452363209,0.07718494458440141,0.0771642682488705,0.07688078026720331,0.07691013028656477,0.0767920012883072,0.07635934365505401,0.07614024571850117,0.07723722955668277,0.07669924014507327,0.0776496316694413,0.076680261937428
4,4.0,1.015801321,0.07733271596896754,0.07714988669623217,0.07724996789249503,0.07732284830755841,0.07682878643067957,0.07688761379726189,0.07666299370458582,0.07634214721805122,0.07588015409398279,0.07747150017587413,0.07647049434031367,0.07784663122762484,0.07655426014637252
5,5.0,1.50262148669,0.07741532717551211,0.07717401348179376,0.07726738281882499,0.07755327723205072,0.07665285754615432,0.07700192440766941,0.07655606505785625,0.07618989063056379,0.07548292557058855,0.07760960567183126,0.07642493848539941,0.07808058183128568,0.07659121009046935
6,6.0,2.0757334209441005,0.07745327286901912,0.07726165718907228,0.07726657262393041,0.0778414607219439,0.07649211207610282,0.07707272830718019,0.0763084682808941,0.07602730807127311,0.07530070303063904,0.07779400195604344,0.07634102707171321,0.07822055057426132,0.07662013722792664
7,7.0,2.7307768275633495,0.07767495930112214,0.0773716322570766,0.07732722150145042,0.07780161913246025,0.0764893864470971,0.0772360148113846,0.0761849073542322,0.07589716783461867,0.07502498154185705,0.0779936556698633,0.07616669554594377,0.07836264471616626,0.07646911388672721
8,8.0,3.4630081252450404,0.07777096341411464,0.07740417099151191,0.07746558475885615,0.07794980712509235,0.07630830071208065,0.0772279595691504,0.0761720193339147,0.07571070445983892,0.07469761468560458,0.07813760333877284,0.07603145212157619,0.07877914587940166,0.07634467361008455
9,9.0,4.2673862119061114,0.07801686033170412,0.07736674601916936,0.07758842216360574,0.077994724896744,0.07612180815136976,0.077263671822221,0.07604568790166179,0.07555398866952685,0.07451636806871625,0.07839051695347041,0.07590794181337285,0.0789652965354449,0.07626796667299257
10,10.0,5.138652627782014,0.0782174461442084,0.07755242759255723,0.07755347925176208,0.07807460653051915,0.07598342634363417,0.07739024044090279,0.07583129514074824,0.07534198813198895,0.0744015714035984,0.07862416663552312,0.07566168996538411,0.07915934421304642,0.07620831820612656
11,11.0,6.071405875792507,0.07836514721668084,0.07762769264509368,0.07762133448607937,0.07807117700710994,0.07600152309674967,0.0773772621604919,0.0757358194306542,0.07522589265928811,0.07424019832808848,0.07904397077338875,0.07550425039588968,0.07920408366938823,0.07598164813109679
12,12.0,7.060169740244025,0.07843772503931189,0.07754215504954717,0.07792298223652493,0.07822622899021064,0.07588491183733781,0.0775256961624747,0.07567652673946368,0.07505362623111612,0.07394513175737329,0.07928820886813356,0.07529396949679186,0.07929084930490327,0.07591198828681074
13,13.0,8.099455520847952,0.07849733170832958,0.07768835968747358,0.07803207406006675,0.07816579043206222,0.07568540179340813,0.0777294722361709,0.07561850471473604,0.07487860680389413,0.07362558462506949,0.07964184603910339,0.07509623883783738,0.07941253981688866,0.07592824924495944
14,14.0,9.183818168183006,0.07851996018896451,0.07762865954108475,0.07824581487784199,0.07822044020310269,0.07554916704964693,0.07774786358093248,0.07572475839761467,0.07472766499480703,0.0733867694323827,0.08004797126300227,0.07494743198062634,0.07949967531720697,0.07575382317278638
15,15.0,10.307906369102724,0.07845614050115716,0.07765570541060372,0.07829124508134838,0.07818488781785309,0.07542963121481476,0.0779296847906692,0.07564434307708458,0.07459573237789657,0.07332698141380822,0.08034154613268725,0.07490941245212585,0.07957031083760126,0.07566437889234967
16,16.0,11.466506686239443,0.0782942697019406,0.07767277893520219,0.07838172958475703,0.07816082976826544,0.07543244461488126,0.07800042167366915,0.0756311177312078,0.07440372495068139,0.07310538414685576,0.08072260648625425,0.07494589386854458,0.07969311026473318,0.07555568827300709
17,17.0,12.654581904800096,0.07814282366563063,0.07766649662782456,0.07849220616154158,0.07823562990616381,0.07537790697782525,0.07812587485351219,0.07548723640238642,0.07426844899532908,0.07291577713916422,0.08092776035271763,0.0750781063604892,0.07979847152806653,0.07548326102934869
18,18.0,13.867303782456686,0.07820376532779835,0.07755827381974803,0.07855681358078814,0.07828172324048246,0.07528700794734598,0.07810916293179779,0.07533903722020927,0.07411496162003456,0.07283504374529762,0.08113611404419319,0.07506004932595221,0.08010441889796671,0.07541362829838551
19,19.0,15.100080434523047,0.07825869970364013,0.07768279860978872,0.07870262703577297,0.07817634626701256,0.07531195946932664,0.07807938111779118,0.07529822754534769,0.07393850956975426,0.07263647139541778,0.08147623749144382,0.07494543606483162,0.08019855353921082,0.07529475219066165
20,20.0,16.348578617037543,0.07820101497248014,0.0776153202046533,0.07879553690097336,0.07817844751766478,0.0753551981326134,0.07812448879501666,0.07517431599978927,0.07374980166843727,0.07257685439686538,0.0816713680869237,0.07510653545323333,0.08015745279574045,0.0752936650756088
21,21.0,17.608741195130214,0.07806333992589472,0.07752267112551615,0.07877329902740275,0.07823066130497622,0.0754808305008513,0.07820105894016395,0.07504558055540507,0.07373843898768749,0.07258027677478213,0.08192587755997294,0.07502573027212213,0.08024707396815707,0.07516516105706789
22,22.0,18.876800103462312,0.07805707888618511,0.07755234468480444,0.07877971107835943,0.07815522315468501,0.07547130168623885,0.0784922683510928,0.07498182921676205,0.0735445876203206,0.0724800114386053,0.08198402780163994,0.07523097021664542,0.08029752120422205,0.07497312466043883
23,23.0,20.14928511992658,0.07821038443358673,0.07743027929393077,0.07881956003243211,0.07815067204166865,0.07538326798694954,0.07860348404673784,0.07483474374808978,0.07353595837361608,0.07249383200378148,0.08217309913349516,0.07517657364320801,0.08031553149595085,0.07487261376655284
24,24.0,21.423028783545156,0.07829219280978678,0.07744180269880613,0.07894850891882166,0.07812596690565693,0.07544534591841923,0.07859264336049938,0.07473216321239265,0.07354805103019366,0.07231681758125648,0.08223169836964203,0.07504061274223787,0.08048694805121094,0.0747972484010761
25,25.0,22.695167792966423,0.07835620746621,0.0774316653357288,0.07904770717875878,0.07808894730553957,0.07549783851227772,0.07870176252167961,0.07475770128139375,0.07346687853831067,0.07211046997920635,0.08232806642886462,0.07490731760537098,0.08062533194205732,0.07468010590460165
26,26.0,23.963141223515898,0.07818019379600091,0.0773887890111656,0.07926553922779236,0.07789802705960534,0.07552209649452746,0.07886408496698208,0.07478836382544021,0.07333902207717469,0.07207672297468777,0.08237788425213345,0.07485955917945425,0.08075627092027901,0.07468344621475667
27,27.0,25.224685898775267,0.07809065981897445,0.07743967818729218,0.07935533665885265,0.07788706355199622,0.07550239596827746,0.07903344478680907,0.07469956956200277,0.07343533307017375,0.0720782806154394,0.08236566445480356,0.07495132944552307,0.08069693476801533,0.07446430911183988
28,28.0,26.477829247520948,0.07802340774988932,0.07737167040082357,0.07922021844845314,0.07792558676115476,0.07543206476887115,0.07905869654695835,0.07460150437065317,0.07333735601003062,0.07206990562670224,0.08258256405140883,0.07513870548612527,0.08082219243739525,0.07441612734153413
29,29.0,27.720879968916847,0.07794818752682682,0.07743719690065833,0.07926882158360818,0.07799896969933423,0.07540149338774133,0.07905203838233806,0.07447258738369494,0.07331919441204969,0.0719149086430675,0.08266719119835235,0.07507906219871241,0.08082100435202857,0.07461934433158737
30,30.0,28.95241681848399,0.07788371747134144,0.0776176920451644,0.07926635444007894,0.07794996649494876,0.07548976946593089,0.07903725272988828,0.07441058747913643,0.07328693635606064,0.0719111429067126,0.08280130510844394,0.07504205136449792,0.08073681540522565,0.0745664087325699
31,31.0,30.17127581490958,0.07785855136594336,0.07754240931373989,0.07939361246981144,0.07805481434640318,0.07550846847438075,0.0787090549594011,0.07434295337404856,0.07339025569594106,0.07190045994721815,0.08274566247140468,0.07508334215812504,0.0808553218680018,0.07461509355558078
32,32.0,31.376536153543515,0.07781117094556536,0.0776767819054055,0.07933806423413374,0.07792837492525792,0.07547257221762221,0.07867322514759602,0.07429192481659855,0.07330378313069258,0.07184697927431034,0.08286412153231286,0.07515882569507575,0.08100651003453008,0.07462766614089893
33,33.0,32.567505096778625,0.07781901284593637,0.07772932676608862,0.0792106075503155,0.07781688983025858,0.07556901342738766,0.07853812366807637,0.07424311442536684,0.0733642082872049,0.07177399603260319,0.08304199006989914,0.07510220373404669,0.08117393339377368,0.07461757996904225
34,34.0,33.74370209472243,0.07786673958747678,0.07780776169644724,0.07923535210606149,0.0776343732076976,0.07544750859548442,0.07865704717992787,0.07418971905921495,0.07337210407478562,0.0717334703094461,0.08309612034861927,0.07497450707531726,0.08141186645390901,0.07457343030561221
35,35.0,34.90484237192463,0.07778082479644627,0.07791809064959186,0.07919789807652751,0.0776348269109729,0.07547855599727313,0.07853205691469868,0.07413034978509936,0.07338246106149003,0.07179831781883855,0.082982052891718,0.07507543411639989,0.081382908077776,0.07470622290316764
36,36.0,36.05082019768737,0.07771713608913444,0.07822987668510052,0.07936994871796503,0.07764945090063488,0.07534905059901556,0.07840247731418518,0.07404192817489068,0.07347800542289305,0.0717540891993662,0.08300914717681326,0.07514660688957028,0.08121002509776777,0.074642257732663
37,37.0,37.18169203889697,0.07768775413848908,0.07824284046008098,0.07962883805734296,0.07759896674166494,0.07520051494919848,0.07860670160562581,0.074087508430607,0.07341391498780915,0.0717262056140818,0.08284765774221836,0.07507212084503742,0.0812260252921205,0.07466095113572335
38,38.0,38.29765977559663,0.07766634979611546,0.07821351077112584,0.07962789545259308,0.07765084797221415,0.07504902116243073,0.07865937051381124,0.07426763914977318,0.07344330130187227,0.07174656516988968,0.08289435730659755,0.07511281163632347,0.08114939482618472,0.0745189349410685
39,39.0,39.399054140870355,0.07783252581015514,0.07836873519178604,0.07957052009697596,0.07766597119160468,0.07493342008948445,0.07864003251040368,0.07454691815230421,0.0733078056223454,0.07180218839118657,0.08264826818599948,0.07511835620149991,0.08108553994128997,0.07447971861496437
40,40.0,40.48631852820801,0.07754470121472,0.07835775624771979,0.0796891904090958,0.07768362181567438,0.07473275947153508,0.07859314154106326,0.07445903934862234,0.0733151348009112,0.07179201935382308,0.08276488194529841,0.07536113368407847,0.08110483970209141,0.07460178046536664
41,41.0,41.55999329152982,0.07764454406532711,0.07832627082212898,0.0796219658899649,0.07753919024732386,0.07469775879892594,0.07857117918631049,0.07450703408979034,0.07345810812261969,0.07176650418756693,0.08294355759240216,0.07535264367085137,0.08101049339701957,0.07456074992976851
42,42.0,42.62070064560415,0.07760626727731194,0.07837689266168989,0.07958334225561743,0.07760327851187382,0.07482801515476409,0.07853169806870272,0.0744425101662923,0.07337821211452134,0.07173999826671888,0.08294907943675847,0.07527508772200515,0.08097968088681377,0.07470593747692997
43,43.0,43.669130257815,0.07756258745790379,0.07861612077402162,0.07970159639422565,0.07755638173080837,0.07482507256562018,0.07855767744731178,0.07444517386706737,0.07338459206856394,0.07178138718285448,0.08279312521783133,0.07512400921166923,0.08098934526625719,0.07466293081586486
44,44.0,44.70602560622662,0.07734042626116386,0.0786070906034428,0.07976755707811377,0.07769659180363263,0.0748697734875011,0.07856865342490246,0.07442912490515116,0.07336924726368887,0.07182500121595471,0.08277023495250403,0.07511526547484182,0.0809718932328056,0.07466914029629704
45,45.0,45.73217116373481,0.07721612284908264,0.07872452474749629,0.07980597514688179,0.07768202021483273,0.07490359390497259,0.078426874214234,0.07449291359778996,0.07330539229332886,0.07180482010045341,0.08309738925746014,0.0750899862853595,0.08096840516854728,0.07448198221956069
46,46.0,46.748380453854836,0.07728496600423244,0.07853804727296936,0.07960843277342301,0.0776609484484496,0.07485731079087611,0.07831818268376303,0.07448347159033317,0.07340184091610785,0.07184001683259403,0.08306212924366953,0.0752723547237073,0.08107564086364882,0.07459665785622563
47,47.0,47.755485010424316,0.07728468527884559,0.07842018079686168,0.07956608921415552,0.07773032910450653,0.07479300602901046,0.07843594148016694,0.07459268599951208,0.07340825465411147,0.07190029339912174,0.08298708006562074,0.07538259096506497,0.08096020459842067,0.0745386584146015
48,48.0,48.7543242612326,0.07711363980479972,0.0784281656378419,0.079638433243191,0.07756771561893533,0.07468801158841407,0.0782352758973068,0.07459652858342641,0.0733705501804942,0.07193023654921483,0.08284759522875323,0.07554505406348734,0.08119914983159839,0.07483964377253664
49,49.0,49.745736344347726,0.07731976895621719,0.07848683426731558,0.07967604038206667,0.07747400342159819,0.07462643790475701,0.07808794365218835,0.07463689556166161,0.0733423062325414,0.07195755274687554,0.08271219598596201,0.07554098411656963,0.08116940173135656,0.07496963504089013
50,50.0,50.730549855707864,0.07732762863670876,0.07849200572374107,0.07958825951203775,0.07734403142110656,0.07461022706725508,0.07827603868375257,0.07457348744161553,0.07341454992820018,0.07191904073414733,0.08294643422580103,0.07563261963107047,0.08087586345216818,0.07499981354239535
51,51.0,51.70957651737491,0.07729528698769073,0.07833205656333164,0.07958748529903277,0.07729802852405646,0.07446661610232662,0.07843052114526286,0.07463855865993031,0.07354702153203596,0.07192051266115312,0.08306764117449775,0.07555442947323482,0.08083657861729096,0.07502526326015588
52,52.0,52.68360474770151,0.07721932015963223,0.07831327802570251,0.0796084009607256,0.07727584989076146,0.07450834310797953,0.07834919874646046,0.074713973328119,0.07349015312215053,0.07208375322608504,0.08293808418719788,0.07562372113674645,0.08081035864985317,0.07506556545858603
53,53.0,53.65339410751842,0.07739147563492407,0.07840177755864258,0.07960776186099544,0.07724046741296722,0.0745046343380344,0.07821639202725578,0.07462745395699,0.07355607422400491,0.07205300949663977,0.08292360675894547,0.07570254814781843,0.08069558445740964,0.07507921412537213
54,54.0,54.61967059027847,0.0774145477621812,0.0783810142667587,0.07951791163662503,0.07718760973520447,0.0746261672769465,0.07817340989348523,0.07477800026781288,0.07360807486256982,0.07202961949438741,0.08272656201971422,0.07557471558305726,0.08076117953209831,0.07522118766915885
55,55.0,55.58312271885972,0.07734097578395757,0.07842779885488962,0.07948615409695968,0.07706128850104135,0.07465636218424421,0.07840082806217269,0.07489439057370971,0.07358991421605925,0.071920954740395,0.08267294876871176,0.07543202597758951,0.08090478532778925,0.0752115729124803
56,56.0,56.544398407394254,0.07738792488822925,0.07855533827665537,0.07927803640950558,0.07715115624948443,0.07483366640896545,0.07846374510276809,0.07483840568242656,0.07369602744007778,0.07189726847057094,0.08262468170606252,0.0753210147006563,0.0807144863467904,0.07523824831780718
57,57.0,57.504102543001395,0.07721740031041284,0.07855604446077902,0.07900013334837047,0.07722816454248631,0.07476563868224319,0.07844411911311679,0.07485821300240961,0.07380627950173572,0.07189175465686286,0.08257955108004622,0.07535846537805815,0.08083450526427162,0.07545973065920705
58,58.0,58.462795239617805,0.07718659894443919,0.07841791735048063,0.0788557040649573,0.07719381062457642,0.0748335583017256,0.07847997818370536,0.0750150651583559,0.07381720816649015,0.07200052827486637,0.08265818566316735,0.07521962248646154,0.08082656901809981,0.07549525376267419
59,59.0,59.42099071417639,0.07717222693066049,0.07821076572746517,0.07896475499131424,0.07721327777695944,0.0748745832510936,0.0785699828936345,0.07507191092624355,0.07383156035636797,0.0720639137149876,0.08247758598644175,0.0752944373447549,0.08071458733748038,0.07554041276259622
60,60.0,60.379156734137354,0.07728793564322547,0.07805328754729982,0.07895586702035208,0.07706166525873803,0.07485144778661369,0.07859564157996204,0.07511112376875154,0.07386018619556727,0.07201258456802427,0.08247645178900156,0.07544933486806606,0.08068866688424584,0.07559580709015214
61,61.0,61.337714584760846,0.07739608677735908,0.0780643168318785,0.07878130763688906,0.07700492049433728,0.07503069164661866,0.07853701252915354,0.07506744867306082,0.07396280635642617,0.07197500293250615,0.08243265136091008,0.0753510660125592,0.08057796971719844,0.07581871903110278
62,62.0,62.29703950447439,0.07731884084936352,0.07812336285727059,0.07887670646433598,0.07694593633539032,0.07492151018735672,0.07856167928408028,0.07504757696674795,0.07407588961213986,0.07196132898434197,0.08234612356662614,0.07536050081950392,0.08070503949267993,0.07575550458016256
63,63.0,63.257461537171835,0.07718739376157147,0.07820903344023176,0.07917699920186429,0.07700492821986782,0.07497665211390526,0.07858786362416711,0.07507406399326313,0.0740867302874812,0.07189386042612897,0.08241135330618492,0.07517727252367506,0.08057215181425534,0.07564169728740339
64,64.0,64.21926675122782,0.07734743049320555,0.07811039218657309,0.07921443059302762,0.07689072402694415,0.07510091626626317,0.07859149821887347,0.07496427065021202,0.07396596021332782,0.0718849946759767,0.08253916828093094,0.07518291696981978,0.08055361935414795,0.07565367807069745
65,65.0,65.18269877636592,0.07749619009070481,0.07813812629655927,0.0791530691336042,0.07697335983434685,0.07502247475620621,0.07848272199045868,0.07488035258895258,0.07393872055766491,0.07187349191063286,0.08244113076500786,0.0751403089732796,0.08066768219504267,0.0757923709075392
66,66.0,66.14796061122655,0.07744146326025071,0.07811845523503166,0.07931528994342575,0.07698374945893972,0.07510214859005886,0.07868042051249703,0.07472810339795895,0.07392228794995565,0.07180469661050976,0.08226334924625157,0.07525119025947716,0.08063586068143605,0.07575298485420678
67,67.0,67.11521665648885,0.0774944564227219,0.07824242917410743,0.0793708036315112,0.07691846110745304,0.07525357407814359,0.07855950179099541,0.0747183942010988,0.07375849137633995,0.07176213188519237,0.08224869721235145,0.07522876879013593,0.08069820839924739,0.07574608193070122
68,68.0,68.08459493066005,0.07755697812857099,0.07850267907213132,0.07956433243071266,0.07697016108656475,0.07542898051594521,0.07864090198563382,0.07459740213781413,0.0738024820866659,0.07162267661308327,0.08193036027103708,0.07511233340678641,0.0807617548257866,0.07550895743926753
69,69.0,69.05618942810752,0.07753380174183229,0.07859042270370445,0.07975461335900455,0.07685532192756335,0.07561071347434077,0.07852358125049234,0.07457414861712959,0.07368975203615591,0.07166399636669071,0.08199972389383312,0.07514389750039259,0.08061142486883133,0.07544860226002867
70,70.0,70.03006258152917,0.07751702033341801,0.07856035286729739,0.08000499482544984,0.07674983707754562,0.07544248549401752,0.07849826565236638,0.07442395577257963,0.07376163481131043,0.07159380196212085,0.08209498620214414,0.07507239834214771,0.08082862751596927,0.07545163914363288
71,71.0,71.00624779379335,0.07771586012513614,0.07852890593214971,0.0801506915361761,0.07683676938741893,0.07538988191079972,0.0784081882629125,0.07437616754723246,0.07359550175035202,0.0716214927899013,0.08201606150695143,0.07499273326864402,0.08098911023708281,0.07537863574524256
72,72.0,71.98475200689319,0.0777795204976393,0.07832869907022462,0.08034002209684155,0.07656043553870448,0.07525202972379832,0.07837259427437097,0.07422403705436853,0.07370723886387846,0.07178760829055177,0.08204660278026524,0.07505532286645579,0.08119838002337137,0.07534750891952934
73,73.0,72.96555827861411,0.07778897899710274,0.07815258272409757,0.08068099463644354,0.07656971419846408,0.07533345045897952,0.07826676607000653,0.07421481464267263,0.07355172117510374,0.0718416340136528,0.0820834293531106,0.07507272521030212,0.08118507302531021,0.07525811549475367
74,74.0,73.94862834037681,0.07790171149109343,0.07818313926983582,0.08066721466421936,0.0765096098521518,0.07561231308419547,0.07827280903628066,0.07411813893517606,0.07359849536115899,0.07170972098627475,0.082092418114531,0.07492765865295435,0.08118491528175381,0.07522185527037428
75,75.0,74.93390511255946,0.07826893126501776,0.07808589367692861,0.0808053799793196,0.07651497061582922,0.07589144088382416,0.07831673560890669,0.07377779982329877,0.07351743430247461,0.07167648120618905,0.08202707230194754,0.07484950158443221,0.08103378388263319,0.07523457486919838
76,76.0,75.92131515639825,0.07841678433472726,0.07825041809487081,0.08059845536418236,0.07626561114161413,0.07590875444060186,0.07826937720040197,0.07391368872340609,0.0734699680345289,0.07164673303646943,0.08207688348822856,0.07512749875182909,0.08092926251103727,0.07512656487810204
77,77.0,76.91077104428919,0.07858450950548852,0.0783875662509388,0.08060208505740912,0.07617419269363014,0.07611070688543543,0.07817581272895058,0.07383946729955378,0.07345694905600492,0.07163903072315109,0.08193619484386473,0.07512446104788364,0.08093760822945523,0.07503141567823382
78,78.0,77.90217363294813,0.07865124267806413,0.0783688650281275,0.08062482343245071,0.0762555879815243,0.07586601150478339,0.0782096497952149,0.07367242184051251,0.07339493492045365,0.07152605237577637,0.08222462346941402,0.07522586734026254,0.08085244658644025,0.07512747304697555
79,79.0,78.89541422641172,0.0786078362369117,0.07840475048113088,0.0805034756561619,0.07622701186390907,0.07584662840372242,0.07841733646227196,0.07356260316796148,0.07342790381793118,0.07151506255110647,0.08223727842327508,0.07529012060665691,0.08087839859593042,0.07508159373303035
80,80.0,79.89037661826481,0.078697338824999,0.07861900067879099,0.08057977572882237,0.0761348727183038,0.07558598659487985,0.07846494754687659,0.07350907262352809,0.07341343679221708,0.07165973339649859,0.08234102955274836,0.0751708017582958,0.08086785441253935,0.07495614937149996
81,81.0,80.88693900474995,0.07861791615698603,0.07866746145435266,0.08046582116111632,0.07629222165100626,0.07543708378607093,0.07841098464836796,0.07373675641361649,0.07335674631214584,0.07163002379740492,0.08247679309118515,0.07511006555014864,0.08099805148877935,0.07480007448881933
82,82.0,81.88497576253909,0.07860066866611157,0.07865085749876483,0.08033137423330569,0.07645595420073208,0.07536354001540757,0.07834506673865504,0.07398422502582257,0.07333927992373397,0.07160625894796972,0.08255442998181486,0.07494529438275667,0.08108813203698033,0.074734918347945
83,83.0,82.88435908692391,0.07866584233357611,0.0786070207809557,0.08026925433724563,0.07641054562700367,0.07530021710915845,0.07826590241614009,0.07389633636569812,0.07316095066075555,0.07165368609650753,0.08261097546973958,0.07494315285806732,0.08143330601388668,0.07478280993126543
84,84.0,83.88496048800103,0.07859203609809187,0.07866663659555313,0.08052584263556951,0.07631328419024296,0.0752581696691066,0.07838693267000979,0.07385377824845318,0.07323459253561523,0.07155571008320404,0.0825549338039266,0.07491254101221766,0.08144836360322466,0.07469717885478462
85,85.0,84.88665214409042,0.07835461755657767,0.0785294573043942,0.08073996343107362,0.07626749024304035,0.07526921391003788,0.0784115930572918,0.07378951082692053,0.07331477534840289,0.07155882851955539,0.08293983439310233,0.0748895148386682,0.0813402842171839,0.0745949163537511
86,86.0,85.88930811312994,0.07827440286814502,0.07830704858536222,0.08084096468592582,0.07629071293100513,0.07505468231091562,0.07847705204616758,0.0738809395989241,0.07322455750428855,0.07153393415621137,0.08316411396724654,0.07493032071775717,0.08136479529111863,0.07465647533693211
87,87.0,86.89280540413424,0.07807660061715996,0.07830087436320285,0.08070847032050012,0.07628846186223216,0.0749743206755853,0.07855898705131216,0.07381259807879258,0.07338220810602364,0.07154061073621787,0.08328545459420651,0.07505138995416191,0.08125895100669593,0.07476107263390888
88,88.0,87.89702491199675,0.07818177284987342,0.07839672180477822,0.08075357766465725,0.07614570836094403,0.07492301533907762,0.07864191359211536,0.07368029608112912,0.0732199409094343,0.07153708101189107,0.0833840594738604,0.07520802331061364,0.08109982564434678,0.07482806395727863
89,89.0,88.90185221995306,0.07795873738762184,0.07851269989740817,0.08075794964923194,0.07601936613295908,0.07487781453507375,0.07881598302566155,0.07390203441627487,0.07317165535655473,0.07167116660773241,0.08325084007430572,0.07500635368512845,0.08109282145205908,0.07496257777998827
90,90.0,89.90717827491419,0.07778573382582005,0.07832814156928472,0.08051015421348448,0.07602163883831614,0.07486783520923455,0.07887521218887818,0.07373006349224173,0.07311398333078832,0.07167951764175406,0.08330797442835312,0.07516398355739276,0.08158885790017821,0.07502690380427351
91,91.0,90.91289994163006,0.07768791272039577,0.07827867616092846,0.08066436156168545,0.0760560983720225,0.07482417959044271,0.07890463238461819,0.07373483651538415,0.07303375317810784,0.07163376167054214,0.0835690567801533,0.07510664830566037,0.08147359588231708,0.07503248687774189
92,92.0,91.91892044225806,0.07779171339137798,0.07806372492130949,0.08075387873758641,0.07599368000555294,0.07461534893123223,0.07884241420660389,0.07357305212551694,0.07294943663306706,0.07166491608845935,0.0838515410246141,0.07513067617471283,0.08154303938281302,0.07522657837715363
93,93.0,92.92514968840067,0.07771745658671753,0.0782214587815303,0.08050839351941855,0.07598938748532333,0.07467424982921914,0.07890400948092331,0.07341862982235854,0.07304012338750525,0.07178530673905645,0.08384709445510423,0.07498530356759386,0.08165906838655386,0.07524951795869557
94,94.0,93.93150451304501,0.07776553381211253,0.07821052088078943,0.08050664589540457,0.07607655567850047,0.07459804286335081,0.0790720646537635,0.07330559528127717,0.07298036438802513,0.07173275465242383,0.0838886101078227,0.07515469283205069,0.08156110596676407,0.07514751298771505
95,95.0,94.93790881009448,0.07771322368048425,0.07801944713839627,0.08050780620102993,0.07630736713189953,0.07433629904235473,0.07946752195440836,0.07316457702175093,0.07305941777293884,0.07175644628288827,0.08403268593720106,0.07524766179609774,0.08130550409791083,0.07508204194263922
96,96.0,95.94429358933806,0.07782870404475428,0.07813861081293806,0.08045776495247961,0.07616144306015396,0.07430224060589236,0.07946444550765235,0.07334080041726151,0.07297990052912853,0.07182072959380693,0.08399061191380859,0.07533923849698751,0.08135857493163477,0.07481693513350152
97,97.0,96.9505969547639,0.07779738643318637,0.0777768761434174,0.08066698193489251,0.07598894179130028,0.07425869955780072,0.0796503128425108,0.07358177879774118,0.07306481904509404,0.0717085404879492,0.0843287119232777,0.07501485133108256,0.08143960681993155,0.07472249289181568
98,98.0,97.9567640140995,0.07772619120434826,0.0776681301411545,0.0809657418078573,0.0761066335346813,0.07412592431926518,0.07993337899326382,0.07363104052334651,0.07302054667111194,0.07172865214892217,0.08421484248046354,0.07489697733738225,0.08132122446308353,0.07466071637511969
99,99.0,98.96274672736057,0.07757877610812858,0.07773422298247762,0.08106812952584354,0.07607036988741371,0.07407812768166744,0.07997194179440559,0.07373948427958929,0.072969929627043,0.07180624976887162,0.08412281448796738,0.07492923477531499,0.08138243454589851,0.07454828453537879
100,100.0,99.96850370202192,0.07748685514175684,0.07787920579684794,0.08134112891574187,0.07592284294725343,0.07414784784893179,0.07992148985119198,0.07363493977820242,0.07301996100278099,0.07184019296392041,0.08440716181299662,0.0748042236735817,0.08113519206823423,0.07445895819855988
101,101.0,100.97399994219691,0.07740735045464917,0.07793536758692095,0.0813267243220316,0.07589738842998654,0.07403065118025663,0.07993559049143022,0.07375298906263245,0.0729965595299167,0.07175885636860138,0.08459006755619017,0.07481559633357819,0.08088970771269628,0.07466315097110982
102,102.0,101.97920655893245,0.07736749985940464,0.07782909064662637,0.08173698911578257,0.07575264090312828,0.07393553289726612,0.07992660873916554,0.07366252368041282,0.07292493806311451,0.07179589031437109,0.08481142694683323,0.07463090813992222,0.08096406242476299,0.07466188826920968
103,103.0,102.98410044840509,0.0773682839775842,0.07757716823843717,0.08197619787327044,0.07576252826400881,0.07387560302565059,0.08008420693199939,0.07360460720127829,0.07287492458841233,0.07177082113777317,0.08484383388426169,0.074612904464146,0.08099124019372948,0.0746576802194485
104,104.0,103.98866394444643,0.0772858948680062,0.07770532368970667,0.08194780881827803,0.0758256430687766,0.07407723943406395,0.08032722669901934,0.07363242400332376,0.07289575747554002,0.07177655309549502,0.0847899329947082,0.07443495485691147,0.08054254008642556,0.07475870090974522
105,105.0,104.99288445143917,0.07734923465458327,0.07744083651667442,0.08168278338710515,0.07589377974767608,0.07403390320393552,0.08045857633212145,0.07367041670398919,0.07294466458314608,0.0717172513463711,0.08494866986501572,0.07444469629300267,0.08067607356341051,0.07473911380296888
106,106.0,105.99675406321822,0.07734460485928002,0.07744142380472635,0.0815889868571866,0.07600724088613371,0.07409368612397421,0.08030174303147397,0.07355355461555878,0.0728884495853392,0.07164780863940044,0.0848962097233537,0.07455757670139981,0.08091582778064368,0.07476288739152953
107,107.0,107.0002691731872,0.07737309584267021,0.07721195806770527,0.0814653168292601,0.07586151737812054,0.07435192706876227,0.08005634850869167,0.07339492778853064,0.07290146286407694,0.07178673390357265,0.08482100841047947,0.07461899643507414,0.08121419564515658,0.07494251125789948
108,108.0,108.0034300804274,0.07720918727689324,0.07720006008147982,0.08167053934890932,0.07582901451118326,0.0745188295656832,0.0799832937511203,0.07328420659476438,0.07289403873875075,0.07171693402645261,0.08505296599766213,0.07456367159599585,0.08134623965777411,0.07473101885333101
109,109.0,109.00624059613932,0.07701530696839262,0.07705600497265128,0.08148896522317096,0.07612438917272828,0.07448739454286725,0.07987544893033266,0.07332868529519689,0.0729029219092892,0.071617247113957,0.08507442443216753,0.07461975819947926,0.08151117548952654,0.07489827775024058
110,110.0,110.00870765431864,0.07672636640075615,0.07740045340968175,0.08152034752020701,0.07612023655573896,0.07452040412577368,0.07978817684200432,0.07339298126462315,0.07283322453515555,0.07157632660782583,0.08484421178437859,0.0744930953026561,0.08181514559913984,0.07496903005205911
111,111.0,111.01084093013685,0.07684424816242899,0.07746595829825541,0.08168577801565048,0.07622146303643125,0.07457689243943277,0.07954891039969958,0.07329255074731948,0.0728200298682209,0.07151574496981708,0.0848084412178858,0.07456567069131272,0.08155130827812702,0.07510300387541857
112,112.0,112.01265246907188,0.07694368390629457,0.07754845497772306,0.08171470261534686,0.07621627085767443,0.07445992777223648,0.07933606479584927,0.07333482636920546,0.07276422520243031,0.0714489803041841,0.0849188535513691,0.07474316040685201,0.0817268888723947,0.07484396036843971
113,113.0,113.01415632942268,0.07699586230492635,0.07754892721502687,0.08135533079206211,0.07646102765930955,0.07454274718448382,0.07947733269418865,0.07319842240847782,0.07271703058931671,0.07151950170804885,0.08493480745044499,0.0747901841579577,0.08170174172031279,0.07475708411544388
114,114.0,114.01536824044418,0.07687880041429923,0.07774498739958338,0.08158588257922696,0.07648864018794574,0.07460403781379416,0.07943744988562919,0.07310228590813936,0.07274585035698287,0.07159588304832837,0.08507398804760286,0.07474286011929476,0.08134451497846586,0.07465481926070736
115,115.0,115.01630527795908,0.07701794945703846,0.07792674195656096,0.08129468531095263,0.07659653557545765,0.074436150909802,0.07934709083259514,0.07323760575635024,0.07262770800119027,0.07165739295538823,0.08496968585358634,0.07486062405655182,0.08136511926908536,0.07466271006544097
116,116.0,116.0169855589429,0.07715263214440576,0.07799593740577834,0.08144841103142511,0.07661594716828511,0.07445221539906993,0.07903836078717665,0.07314141670424343,0.07274068694859424,0.07162344395757443,0.08517071140894011,0.07493099193265834,0.08104822574216068,0.07464101936968792
117,117.0,117.01742795623892,0.07737817181333255,0.07821620884500523,0.08138697346245627,0.07657697739595483,0.0744265253031935,0.0790868879530423,0.07296420185444655,0.07269047380902321,0.0715063260546699,0.08525441359476818,0.0749455097259026,0.08102442642027427,0.07454290376793067
118,118.0,118.01765183424293,0.07733089410668235,0.07824353129656705,0.08192290963551849,0.07656311433037385,0.07436126392632861,0.07884166165254602,0.07281272051664181,0.07279317598913217,0.07140366985934879,0.08545293312178483,0.0748466045840902,0.08097886647890999,0.07444865450207593
119,119.0,119.01767680610413,0.07727027782556034,0.0782442483969898,0.08177130114330262,0.07650647977986061,0.0742375572457664,0.07930653345041253,0.0726383706120373,0.07276765599669649,0.07139405648355074,0.0853355444149969,0.07486386517445683,0.08127498369024086,0.0743891257861287
120,120.0,120.01752251271817,0.07742348787834091,0.07812315884872255,0.08186396247751898,0.07648133188465392,0.07432890123689526,0.07933997467627596,0.07244734191151384,0.07258560283999242,0.07142464191646787,0.08534952893640477,0.07504591072062111,0.08124517546320387,0.07434098120938865
121,121.0,121.01720842354362,0.07754549777173124,0.07805439460202733,0.08218207937812633,0.07639478303060769,0.07433753872322252,0.079151072154362,0.07243902984349584,0.07251684442113406,0.07132376542934839,0.08515506184875427,0.0750645794202514,0.08141871466768165,0.07441663870925738
122,122.0,122.01675365905109,0.07746563792053938,0.07787846036434397,0.08246832418426836,0.07642632732634144,0.07421792114886422,0.07894902193195795,0.07247806507955892,0.07266226876631443,0.07121844008231311,0.08526407518115772,0.07502603042353408,0.08150977544841194,0.07443565214239453
123,123.0,123.0161768344173,0.07731009266514945,0.07808779421302417,0.08269273707284405,0.07634743435562873,0.07397158055424011,0.07900121050865351,0.07247110839082145,0.0724666384430066,0.07127254594501152,0.08529100179121997,0.07510468388160386,0.08151960593055603,0.0744635662482406
124,124.0,124.01549592390272,0.07737341851996649,0.07799008433851778,0.08266933741393011,0.07649710364307676,0.07384959886648321,0.07904286744256624,0.072394010565698,0.0724438474263185,0.07128955965081546,0.08535753649674335,0.07505837110736976,0.08145550457239834,0.07457875995611604
125,125.0,125.01472814520056,0.077356899652284,0.07794463215883703,0.08265254833439425,0.07647738550303049,0.07373025404714739,0.07915139002663703,0.07235090411191088,0.07233352593166026,0.07131256871625234,0.08578771116017891,0.07493943196128716,0.08155425006919656,0.07440849832718373
126,126.0,126.01388986291661,0.07738726381330849,0.07813279993311838,0.08257369512569163,0.07638347438693871,0.0736909307425761,0.07913857143580093,0.07259277117442485,0.07230108150146733,0.07138957300485069,0.08559107255891098,0.07505870496004796,0.08141495638197219,0.0743451049808918
127,127.0,127.0129965102319,0.07747307867855571,0.07778675750746059,0.08284147203566619,0.07611938303782544,0.0734065695755032,0.07946878143538247,0.07253502243635918,0.07217996990658737,0.0713184497412485,0.08602155763666097,0.07484976392135183,0.08159685108664733,0.07440234300075123
128,128.0,128.01206252771334,0.0772578722092211,0.07810971178865356,0.08299221986542366,0.07613185286496965,0.07328656118274889,0.07931203075332081,0.07259714404434058,0.07204428337653723,0.07129818665155814,0.08592166614875668,0.07476408690667263,0.08193455285962281,0.07434983134817431
129,129.0,129.0111013181695,0.07729323366674705,0.07803128980548761,0.08303183885858244,0.07597855733697324,0.07335524416985693,0.07926322119634352,0.07247109019634826,0.07219436102851304,0.07126797642917423,0.08606114801920255,0.07476820664118056,0.08195780645051987,0.07432602620107079
130,130.0,130.01012521639834,0.07737937757598697,0.077970356350056,0.0829662058121999,0.07579681383571772,0.07350093910434001,0.079176520397358,0.07267440438337558,0.07215017230625678,0.07141184559314291,0.08598268065921646,0.07474753252932917,0.0821311955857654,0.07411195586725516
131,131.0,131.0091454726403,0.07739402750462125,0.07792096981853783,0.08327837453253015,0.07568839794321094,0.07334108801311368,0.07901039501579943,0.07259241450227054,0.07201650115343577,0.07156670271220145,0.0863506676317753,0.07476011361388005,0.08192355224670636,0.07415679531191732
132,132.0,132.0081722485317,0.07743294948384188,0.07791334430429112,0.08311450472403986,0.07546072683854814,0.07356060007452461,0.07899074741056442,0.07263134474822486,0.07190006321359356,0.07158865690636117,0.08671725144613554,0.0745872373709186,0.08194971189995987,0.07415286157899645
133,133.0,133.00721462434865,0.0774322640255282,0.07795315086403004,0.08301234441397762,0.07535548127809362,0.07352302005852063,0.07935413622431033,0.0725608049105234,0.07188151120036101,0.071577280684245,0.08682224663568576,0.07459546445781857,0.08199264198960758,0.07393965325729829
134,134.0,134.0062806163404,0.07741133530106865,0.07811258297642844,0.08306972077711583,0.07525865959172116,0.07351976850894569,0.07920572891908394,0.07248518899559805,0.07195522172582142,0.07164286312262828,0.08687123095532137,0.07460916580624964,0.08192877370881764,0.07392975961119996
135,135.0,135.00537720296956,0.0775987920197224,0.07813477550412416,0.08324134918384782,0.075299705394871,0.07336044355129129,0.07915121268323591,0.07244488245504145,0.07181702387604783,0.07166663021508426,0.0870102523098156,0.0745492751157585,0.08177574697573912,0.07394991071542073
136,136.0,136.00451035890612,0.07783622243898217,0.07797159126863333,0.08322797059041669,0.0751889304118813,0.07324819149226924,0.07933401635187967,0.07241979294899394,0.07171526059027628,0.07169539742668014,0.08698070416119998,0.07473229279884809,0.08170152728236381,0.07394810223757547
137,137.0,137.00368509565993,0.07799242452032501,0.07787129240071093,0.08310009277465805,0.07492325810963105,0.07324723589640014,0.07958439810461986,0.07257621504856701,0.07163716054789734,0.0716299344425968,0.08698921297059778,0.07468231386217598,0.08169225763165518,0.07407420369016494
138,138.0,138.0029055077818,0.07793584891217141,0.07789861090939729,0.08267604431593664,0.07477731754672177,0.07320144351922195,0.0796795170120815,0.07254292364623055,0.07163405697610763,0.0716494751198383,0.08715196799534769,0.07487645475941454,0.08184663209023313,0.07412970719729771
