,Unnamed: 0,Generation,Intertwine_two,Add_vertex,Delete_vertex,Invert_path_vertices,Insert_inside_vertex,Delete_inside_vertex,Replace_inside_vertex,Donate_between_routes,Trim_one_terminal_cb,Grow_one_terminal_cb
0,0.0,0.0,0.09999999999999999,0.09999999999999999,0.09999999999999999,0.09999999999999999,0.09999999999999999,0.09999999999999999,0.09999999999999999,0.09999999999999999,0.09999999999999999,0.09999999999999999
1,1.0,1.0,0.12422503058515418,0.09429021075446949,0.08462815914195346,0.1096289544128558,0.10780139280914733,0.08517702634156737,0.07775469699048719,0.06130256253305033,0.1210357960182273,0.13415617041308714
2,2.0,2.0,0.10709777898135601,0.09496302287303576,0.09719009365163914,0.09034106375022591,0.10002003211624096,0.09610342409896512,0.08316461212038392,0.05626497102296581,0.1406919797119481,0.13416302167323874
3,3.0,3.0,0.11384738545015902,0.11882574031113066,0.10584332538097874,0.08511878658370182,0.09640945737384855,0.0849893792442967,0.066879329383391,0.06782319820580748,0.1367154180965842,0.12354797997010136
4,4.0,4.0,0.126681538131811,0.08505192379291103,0.1081298362393949,0.08180711404292584,0.09736171545679373,0.10026169861330365,0.08689632615258525,0.05967087128825035,0.13755782241098666,0.11658115387103725
5,5.0,5.0,0.13069920296327112,0.10563015335120599,0.09864405318206156,0.09032857619039207,0.10546694548718982,0.0909657131480815,0.06448809585795463,0.05410047245505488,0.1521222013557306,0.10755458600905735
6,6.0,6.0,0.12722243965082208,0.0969941476480203,0.10632960938443739,0.07800850776746508,0.10112996806934353,0.09617095715562674,0.08407604524206018,0.038848343307215684,0.14433176281557786,0.12688821895943064
7,7.0,7.0,0.1254418719964213,0.10460541781038676,0.09672093854132122,0.10270853289027877,0.08185459492831237,0.08582369851210958,0.07641903208402799,0.052381753357050434,0.14028833355895437,0.13375582632113678
8,8.0,8.0,0.12450002353502262,0.10282295966436253,0.09392294017866991,0.08527958895496011,0.08801120594920406,0.10240546155645854,0.06988981238782246,0.06459565388912043,0.13427400743973858,0.13429834644464034
9,9.0,9.0,0.11592081700138375,0.10661221940160544,0.12220380649956923,0.092356017182208,0.08231076935703263,0.09203214368696021,0.05270855410603176,0.05841702832273843,0.15571830353373978,0.12172034090873037
10,10.0,10.0,0.13748220312738235,0.09944423042242716,0.09285255774250678,0.09084115235030979,0.10939375405891735,0.07862599774496504,0.04443371029317407,0.0635573601084749,0.16140385296492435,0.12196518118691783
11,11.0,11.0,0.1314072791602417,0.1008041215649482,0.11870078280562998,0.07021291053127802,0.0851932619972158,0.0937445293471779,0.07081700321217763,0.05198240037329303,0.1526865561333202,0.12445115487471707
12,12.0,12.0,0.12439285723881081,0.09911780559172803,0.10348366269456828,0.08719656897371199,0.09037293310463965,0.08949397551428193,0.06710331951002005,0.06091449417963228,0.1431532358717959,0.1347711473208107
13,13.0,13.0,0.1304101173747623,0.08480326998888527,0.10817432948203935,0.08687440089188102,0.09016971270459065,0.10287720602191056,0.08012054257568162,0.05197372389296133,0.14687030568707699,0.11772639138021054
14,14.0,14.0,0.11985794422175144,0.10273341433030085,0.11854652364167499,0.07520266130773093,0.10276237269071398,0.08596994236030045,0.06518398671217393,0.052434311121709154,0.1562599891703391,0.12104885444330475
15,15.0,15.0,0.12235901720947809,0.09746739276675072,0.13238976019438747,0.08350769634382764,0.08087124983159547,0.0812521781726518,0.06484674028185142,0.05382770552845284,0.1551850369070063,0.12829322276399788
16,16.0,16.0,0.1193872755041834,0.10426589576024485,0.11957442389085207,0.06866216233324736,0.1054083744588887,0.07759874101403902,0.04554966778643812,0.0511145677611997,0.15977864146829943,0.14866025002260697
17,17.0,17.0,0.11000518693427692,0.0948699096730447,0.11416835092492976,0.07684862946556381,0.07957514872711452,0.08037804559520649,0.0514265233336053,0.05081785868245388,0.21192767103169538,0.12998267563210888
18,18.0,18.0,0.1325853571043064,0.10158240774301772,0.10782664902438714,0.07497187379976804,0.0776542666394529,0.09954224274731963,0.04410608635310247,0.055968595791978895,0.1659744019741441,0.1397881188225224
19,19.0,19.0,0.12385719879765525,0.10739776214275223,0.1267334207467818,0.08117393972319308,0.08713492318270907,0.06758591445417712,0.05809205480037175,0.04130075832541972,0.1484435842855107,0.15828044354142898
20,20.0,20.0,0.11116411872126564,0.10378746147250768,0.12625802060351637,0.06091092909597441,0.09799524838329184,0.10170349925324271,0.05321153288856404,0.04598298771130817,0.16388623017556925,0.1350999716947596
21,21.0,21.0,0.11419718761983837,0.09821509041222412,0.0998240985368943,0.08847488609226115,0.09717542525686222,0.062436113150057135,0.06020720278024635,0.052662057149454655,0.1884878528861002,0.13832008611606114
22,22.0,22.0,0.1298323772170838,0.08859766297165236,0.12295443274552711,0.06684528115311335,0.09060522556494276,0.07403506900289053,0.05208152732783657,0.044037668818427446,0.18122887377990554,0.14978188141862017
23,23.0,23.0,0.11850258385494195,0.12516961540251154,0.11619932547400606,0.06259891741362505,0.062162925513593835,0.0644859954924149,0.05060366169748093,0.07561013153261967,0.17482247630394052,0.14984436731486533
24,24.0,24.0,0.12561292178685696,0.1309667405839342,0.11438844915611082,0.07395587072521367,0.09313118785545753,0.072124122607822,0.047152355556677725,0.051781950705176515,0.17893038204100534,0.11195601898174497
25,25.0,25.0,0.09651584820150735,0.10634395878981691,0.10296716727267749,0.08577633660766357,0.07592096370216987,0.12119689646092055,0.05822461462328441,0.056575061764691494,0.16941020425289954,0.1270689483243685
26,26.0,26.0,0.12672873643369506,0.10254147005233069,0.1031306740476369,0.0942127199231363,0.05829558447219483,0.09176822789569376,0.04975053726309151,0.06049324321508069,0.18331093734096945,0.12976786935617052
27,27.0,27.0,0.11550225277038421,0.0840804855788193,0.12614765722122084,0.06523046799001622,0.0790639567463949,0.09715061331403405,0.06032341762084065,0.05957429069407856,0.19609577476354847,0.11683108330066241
28,28.0,28.0,0.10886780715745759,0.07386046871291671,0.08957182125098363,0.055781754141379015,0.09248110473509605,0.100907381655942,0.04506715666200648,0.04033659117433538,0.2214864722457758,0.17163944226410707
29,29.0,29.0,0.11415421610801375,0.05877906289662828,0.12284499216613368,0.10628006880902774,0.11443345837222625,0.07083619990120171,0.04035867780920507,0.05385320121853365,0.18860785221367773,0.12985227050535184
30,30.0,30.0,0.1373980108048754,0.08368736764040914,0.141981655214314,0.062386708578447116,0.10772621708948556,0.06597169248087076,0.030000000000000006,0.043448508051327384,0.1938446449087391,0.13355519523153125
31,31.0,31.0,0.12381445821297736,0.09394052132472276,0.1415608432013586,0.04217994485125822,0.05825338175945925,0.09654058274643658,0.04825374456049415,0.04851462765093573,0.22281266260513827,0.12412923308721886
32,32.0,32.0,0.10685952934259983,0.12246908741093895,0.11813135770888368,0.08482261878290337,0.07794302062472362,0.05315887769165262,0.041252277322097505,0.05878843423501771,0.2051824583719602,0.13139233850922222
33,33.0,33.0,0.14926829907044284,0.09029803359317454,0.09258505823033304,0.06058201675380435,0.0627071745547794,0.07970987220354929,0.05090985324097337,0.09349568170946938,0.21583120120683957,0.10461280943663391
34,34.0,34.0,0.13554175112372063,0.09192995872319093,0.13146861516353953,0.08025598128617671,0.07921672598552468,0.07281395679361423,0.030000000000000006,0.059698584185785844,0.19349549266750668,0.12557893407094056
35,35.0,35.0,0.11525673734072153,0.11710878134551868,0.1361555177447325,0.08698505428123474,0.0529659147070482,0.08459267462510958,0.03711483388165278,0.0631095254116963,0.21346016823553585,0.0932507924267495
36,36.0,36.0,0.125878979522051,0.09627439656430337,0.14908364406764352,0.04829402359618695,0.049354589242809124,0.07018998821527153,0.060014520353056724,0.06558238380902323,0.2095343581709787,0.12579311645867558
37,37.0,37.0,0.1566018195008797,0.10663436329151328,0.1177115541134957,0.0523393432183645,0.05940650834777417,0.08998239819065132,0.046282074662184404,0.06314353700102321,0.17517668319292454,0.13272171848118894
38,38.0,38.0,0.14463145343170797,0.107746092631854,0.07933935397152987,0.05907404409099322,0.058580824844349275,0.042711464070384945,0.030000000000000006,0.04881342890009904,0.2761005585748055,0.15300277948427599
39,39.0,39.0,0.09788274379774811,0.04684095389397226,0.14592231085263704,0.11176370055500087,0.03377761331038359,0.10510474228435204,0.05088291411716529,0.050658901418747904,0.2218426943344915,0.1353234254355012
40,40.0,40.0,0.08044928030626113,0.1219653847388004,0.14651271182001402,0.053636852507344145,0.04208104183374743,0.059273479450461394,0.03328696660262137,0.08075120658357537,0.22306086742300177,0.15898220873417274
41,41.0,41.0,0.12446269786384496,0.06271752591703185,0.14141340384178935,0.0665677298593503,0.037827626168407,0.05812407534253129,0.055375913673986664,0.06408281556130895,0.22614824788655258,0.16327996388519686
42,42.0,42.0,0.13230004886675045,0.05267470780761859,0.09319973660868372,0.10785546077316972,0.05008083118957417,0.09450602927511145,0.033079025381913374,0.03300229309147599,0.2735455640465871,0.1297563029591152
43,43.0,43.0,0.08587821460307,0.09473749177549665,0.14216457551462064,0.08164886209728414,0.07437155186964213,0.06836697269691157,0.030000000000000006,0.045173131544184994,0.25435277748080165,0.12330642241798798
44,44.0,44.0,0.09937551475258596,0.11182888478215394,0.16220653248415096,0.030000000000000006,0.03228229902226139,0.08452986010755541,0.04296564694851925,0.043083280356007635,0.2413488364234632,0.15237914512330206
45,45.0,45.0,0.12691507497484028,0.10603687055434405,0.12702340994723496,0.04859837927471664,0.06895404556485359,0.0680299702656636,0.035831659928613244,0.06327784789216132,0.23577554765867842,0.11955719393889361
46,46.0,46.0,0.12947614284539616,0.13530840364582758,0.14275579184115395,0.04823514843822555,0.034434238642718405,0.07393992927228545,0.04019649379507646,0.037984567650590516,0.2744354762050669,0.08323380766365876
47,47.0,47.0,0.11763701435203591,0.10356614335484318,0.12303195024271826,0.05932995646984668,0.05730162102452739,0.05497406464735721,0.030000000000000006,0.06251703118167885,0.30240156598552026,0.0892406527414721
48,48.0,48.0,0.13191377239375837,0.08362632047669297,0.1045507700251201,0.03318531702897335,0.04145632014356436,0.06885749302801031,0.030000000000000006,0.07074126071991557,0.259431149169091,0.1762375970148737
49,49.0,49.0,0.16590559995922502,0.0659809979600556,0.13133541743795835,0.030000000000000006,0.06589476374492045,0.08153473001201565,0.030000000000000006,0.03203916392633206,0.3226928088861279,0.07461651807336481
50,50.0,50.0,0.13389463027119855,0.07438445253571604,0.13013050462103717,0.030000000000000006,0.03501126238703608,0.08187515973377796,0.030000000000000006,0.030000000000000006,0.3075464442582809,0.14715754619295315
51,51.0,51.0,0.10003430076246038,0.08824363454362079,0.07119944269264245,0.04667861249990553,0.043401330216825205,0.11679661618196738,0.039213414524067326,0.06248232330670798,0.3077914396657265,0.1241588856060764
52,52.0,52.0,0.09511222855350052,0.06608275920754145,0.12797273757780828,0.04614668690650246,0.062451361468788644,0.04799507115102338,0.04668870123789818,0.055254116370079674,0.3350339625724656,0.1172623749543917
53,53.0,53.0,0.11849995648822861,0.0693593250897805,0.14545458971837824,0.030000000000000006,0.030000000000000006,0.09565182175677112,0.030000000000000006,0.05974630021141649,0.3279836760938939,0.09330433064153103
54,54.0,54.0,0.07756534978006435,0.08616907877590488,0.11140137084350292,0.03900876378979436,0.030000000000000006,0.09350147295105435,0.030000000000000006,0.06568748235424492,0.3581742332600786,0.10849224824535553
55,55.0,55.0,0.1095319277974669,0.07495023565035352,0.1330523815691598,0.030000000000000006,0.043939233337995244,0.04477218951219906,0.030000000000000006,0.0831846287551278,0.3495347277841697,0.10103467559352779
56,56.0,56.0,0.10497094118045762,0.06591280945279568,0.11196720711944488,0.030000000000000006,0.030000000000000006,0.10595941127013424,0.030000000000000006,0.07112572956640291,0.3916707508729279,0.058393150537836634
57,57.0,57.0,0.1025532939771967,0.10482493623506488,0.11979037994993269,0.030000000000000006,0.05233406843565484,0.10046972045519623,0.030000000000000006,0.04234244754170883,0.31877808195120594,0.09890707145403983
58,58.0,58.0,0.10256876299832493,0.09999135615494244,0.0873401169214066,0.030000000000000006,0.030000000000000006,0.1547582351177692,0.030000000000000006,0.030000000000000006,0.29912519193965165,0.13621633686790507
59,59.0,59.0,0.058131233611972075,0.08689100805199856,0.09598005589338525,0.030000000000000006,0.0555057577763071,0.07604295192793278,0.030000000000000006,0.030000000000000006,0.46690794456799906,0.07054104817040498
60,60.0,60.0,0.11611716864096229,0.03845935980598655,0.04667102529576078,0.030000000000000006,0.03384342897626639,0.040277384986995415,0.030000000000000006,0.030000000000000006,0.5261684778653355,0.108463154428693
61,61.0,61.0,0.11788098394627808,0.08670536377679923,0.11080621851845655,0.05241735537190082,0.10701579575101053,0.03628604357753108,0.030000000000000006,0.030000000000000006,0.3056583717784443,0.1232298672795793
62,62.0,62.0,0.09965241756681517,0.07096534046319493,0.13176208628310354,0.030000000000000006,0.03342606903657909,0.030000000000000006,0.030000000000000006,0.05472424313541423,0.4089381403658063,0.11053170314908659
63,63.0,63.0,0.12830034441905658,0.0704044162880038,0.13847140430528954,0.030000000000000006,0.03575769854132902,0.11101323981236795,0.030000000000000006,0.04484619204814351,0.30555607337754676,0.10565063120826268
64,64.0,64.0,0.078355751764199,0.09145307942430295,0.14916068717832776,0.030000000000000006,0.030000000000000006,0.05984063002998903,0.030000000000000006,0.030000000000000006,0.3596559818022921,0.14153386980088914
65,65.0,65.0,0.08755245165903694,0.07855886458509956,0.11293517479778421,0.0902970297029703,0.030000000000000006,0.08515100542586543,0.030000000000000006,0.030000000000000006,0.2932160679223326,0.16228940590691082
66,66.0,66.0,0.08407462859559076,0.10383690164929778,0.14872133389363862,0.031472081218274106,0.030000000000000006,0.07189041387769406,0.030000000000000006,0.030000000000000006,0.369932534634521,0.10007210613098358
67,67.0,67.0,0.11123007615055677,0.04229837157510407,0.10847524248912248,0.030000000000000006,0.030000000000000006,0.04975837065578931,0.030000000000000006,0.030000000000000006,0.33411804780431886,0.23411989132510835
68,68.0,68.0,0.07479112137172682,0.10968053524374628,0.08659970736896744,0.06324287092466288,0.030000000000000006,0.05704905881950849,0.030000000000000006,0.062082377645534356,0.32037881091045844,0.16617551771539513
69,69.0,69.0,0.06555120253597829,0.08059654257775065,0.1676362329229655,0.07408094236214477,0.030000000000000006,0.04318975259467097,0.030000000000000006,0.030000000000000006,0.3996011884440241,0.07934413856246561
70,70.0,70.0,0.12455649928647934,0.06751104858236134,0.14674018226263788,0.030000000000000006,0.030000000000000006,0.07912019109539,0.030000000000000006,0.030000000000000006,0.37366163087994514,0.08841044789318617
71,71.0,71.0,0.0908496656508758,0.07161331965880668,0.09705155317439647,0.030000000000000006,0.030000000000000006,0.048033898305084755,0.030000000000000006,0.04010943721295746,0.4237507199263941,0.13859140607148462
72,72.0,72.0,0.13721304625959954,0.058470488574562364,0.11378352234548209,0.030000000000000006,0.030000000000000006,0.05789895242763534,0.030000000000000006,0.030000000000000006,0.4273632232980141,0.08527076709470643
73,73.0,73.0,0.11588048365992021,0.042829243865798707,0.07650918476037952,0.04801799134846305,0.030000000000000006,0.030000000000000006,0.030000000000000006,0.030000000000000006,0.46781425395443466,0.1289488424110037
74,74.0,74.0,0.12257061194097156,0.07636345219611299,0.04445354030724301,0.037638617927918686,0.030000000000000006,0.08988431932587057,0.030000000000000006,0.05285979734634035,0.37620547638894175,0.14002418456660098
75,75.0,75.0,0.15450975702297923,0.08232783598352683,0.07613133543116497,0.04001366016543979,0.030000000000000006,0.03221098071002722,0.030000000000000006,0.030000000000000006,0.35496829123147355,0.16983813945538836
76,76.0,76.0,0.13698402827242223,0.07047615754090734,0.09791104588781878,0.03638127138109269,0.030000000000000006,0.06018957345971565,0.030000000000000006,0.046496218727070604,0.3897079622358463,0.10185374249512621
77,77.0,77.0,0.10705942151973542,0.20522284380798378,0.10932273691481084,0.030000000000000006,0.030000000000000006,0.03393211403103513,0.030000000000000006,0.030000000000000006,0.3372857980736672,0.0871770856527676
78,78.0,78.0,0.14773606497569985,0.0738771725580192,0.1330170895416006,0.030000000000000006,0.030000000000000006,0.0608,0.030000000000000006,0.030000000000000006,0.35397120305180313,0.11059846987287711
79,79.0,79.0,0.10578659958515566,0.09797443301964766,0.09445150837788568,0.06378748459537176,0.030000000000000006,0.056609415269003295,0.030000000000000006,0.030000000000000006,0.40348023054788207,0.08791032860505374
80,80.0,80.0,0.17835138187216235,0.08121241593313963,0.1267766956215036,0.030000000000000006,0.030000000000000006,0.0417886665522831,0.030000000000000006,0.030000000000000006,0.3487485438237399,0.10312229619717135
81,81.0,81.0,0.11139823768593293,0.04320818005872807,0.11966134906071609,0.030000000000000006,0.05717273836499912,0.04874165333759044,0.030000000000000006,0.030000000000000006,0.42743771525678814,0.10238012623524509
82,82.0,82.0,0.10227652689204363,0.07945388216302056,0.11871259051134102,0.030000000000000006,0.030000000000000006,0.04354768826058603,0.030000000000000006,0.030000000000000006,0.4178292887931144,0.11818002337989439
83,83.0,83.0,0.08128559039401624,0.0371443283527223,0.13155294403231793,0.056827213905585997,0.030000000000000006,0.030000000000000006,0.030000000000000006,0.030000000000000006,0.4310036352726196,0.14218628804273797
84,84.0,84.0,0.09789253878890293,0.04920120572720423,0.0984197435707605,0.030000000000000006,0.030000000000000006,0.09351402917692586,0.030000000000000006,0.030000000000000006,0.47880598373759053,0.062166498998615836
85,85.0,85.0,0.10853437883765256,0.0801690761805905,0.12663030874939843,0.04830467327533886,0.030000000000000006,0.06868847479286472,0.030000000000000006,0.030000000000000006,0.4092757721671646,0.0683973159969904
86,86.0,86.0,0.09566510984050822,0.03655045871559633,0.10036976322996094,0.030000000000000006,0.030000000000000006,0.06601553435828235,0.030000000000000006,0.030000000000000006,0.4777773809927483,0.10362175286290395
87,87.0,87.0,0.14788364678228225,0.030000000000000006,0.07993080424314061,0.030000000000000006,0.030000000000000006,0.04794827817544352,0.030000000000000006,0.030000000000000006,0.4651327830579216,0.109104487741212
88,88.0,88.0,0.18705417158017984,0.030000000000000006,0.12750602330152835,0.030000000000000006,0.041802468738000684,0.033216560765058877,0.030000000000000006,0.030000000000000006,0.3008056848428803,0.18961509077235184
89,89.0,89.0,0.12263059305721935,0.030000000000000006,0.15570142811834167,0.030000000000000006,0.030000000000000006,0.05906879194630873,0.06543955819185929,0.030000000000000006,0.36849989453465204,0.10865973415161882
90,90.0,90.0,0.152552516985214,0.06632462804490982,0.12931725476572128,0.04713035370174675,0.030000000000000006,0.030000000000000006,0.030000000000000006,0.030000000000000006,0.37318234719877064,0.1114928993036374
91,91.0,91.0,0.1651914629492964,0.09132669490064792,0.10477937818630509,0.030000000000000006,0.030000000000000006,0.05189345414778941,0.030000000000000006,0.030000000000000006,0.38554627854539125,0.08126273127056971
92,92.0,92.0,0.12361660422504084,0.0819639603826338,0.10502558380967793,0.030000000000000006,0.030000000000000006,0.09990679930753579,0.030000000000000006,0.030000000000000006,0.3861291895569109,0.08335786271820056
93,93.0,93.0,0.16012394104080493,0.05392953322853351,0.20448265609436866,0.030000000000000006,0.030000000000000006,0.03663976857490865,0.030000000000000006,0.030000000000000006,0.3517303384476949,0.07309376261368927
94,94.0,94.0,0.1806810681547363,0.09110409240388842,0.14523610282549276,0.030000000000000006,0.030000000000000006,0.04788158127991493,0.030000000000000006,0.030000000000000006,0.315703184098152,0.09939397123781543
95,95.0,95.0,0.14884208459350276,0.1263406926417418,0.13063897400882182,0.030000000000000006,0.046031864575553895,0.03885606818073609,0.05456734469488731,0.0557898419316608,0.2597139574236218,0.10921917194947355
96,96.0,96.0,0.12244952384660586,0.10626292992532389,0.08947890875332297,0.030000000000000006,0.030000000000000006,0.05000799165748927,0.03260326713287415,0.07304286718200984,0.34907105342198563,0.11708345808038825
97,97.0,97.0,0.16644625987025502,0.05699728993829073,0.09761083746888699,0.045304222475824385,0.030000000000000006,0.04052165295212926,0.030000000000000006,0.030000000000000006,0.3399085334335425,0.163211203861071
98,98.0,98.0,0.12352880393027266,0.07379026246068736,0.06105294909273552,0.030000000000000006,0.0632609850536513,0.06177944272229986,0.030000000000000006,0.030000000000000006,0.38456962823068885,0.14201792850966435
99,99.0,99.0,0.17288995046986286,0.08285494609702573,0.09071339306584296,0.03652163998723036,0.03526747845122451,0.0391302959821225,0.030000000000000006,0.03830026907465682,0.3739922847300767,0.10032974214195749
100,100.0,100.0,0.1753197773014888,0.059872135804913754,0.13971267048691866,0.034046088218479265,0.04011522054619817,0.0403619332424469,0.030000000000000006,0.030000000000000006,0.32476622847992676,0.12580594591962765
101,101.0,101.0,0.23614362409572442,0.03821802935010482,0.07444829790847705,0.030000000000000006,0.030000000000000006,0.07425139999979873,0.030000000000000006,0.030000000000000006,0.29707925727899276,0.15985939136690203
102,102.0,102.0,0.19898017071383062,0.06141828117237953,0.11850662283040798,0.030000000000000006,0.030000000000000006,0.03371785117132259,0.030000000000000006,0.030000000000000006,0.33406691942781463,0.1333101546842446
103,103.0,103.0,0.15893680325868167,0.11635859611074291,0.15211624284959002,0.030000000000000006,0.030000000000000006,0.03675238227483381,0.030000000000000006,0.030000000000000006,0.25301316384953665,0.16282281165661486
104,104.0,104.0,0.182446455398653,0.07676798267410767,0.10871080037171747,0.030000000000000006,0.06244174061127543,0.043612841644638356,0.030000000000000006,0.0472396734179292,0.31659563274801494,0.10218487313366387
105,105.0,105.0,0.16149308767887263,0.1123680666791023,0.05350338989490137,0.030000000000000006,0.03309312261261245,0.05761899339558189,0.030000000000000006,0.030000000000000006,0.37129996595171116,0.12062337378721814
106,106.0,106.0,0.19973285274408814,0.07481598079917498,0.05471203648826243,0.04717867600304583,0.030000000000000006,0.062148374072293434,0.030000000000000006,0.05168497223233635,0.2925564032429728,0.15717070441782593
107,107.0,107.0,0.2108818811897058,0.0462355464006137,0.09259331370241279,0.030000000000000006,0.030000000000000006,0.033896725918830264,0.030000000000000006,0.030000000000000006,0.38539627141128285,0.1109962613771545
108,108.0,108.0,0.17199626171951396,0.03476815830897234,0.045450391122087194,0.030000000000000006,0.030000000000000006,0.10571412110375993,0.030000000000000006,0.030000000000000006,0.3910759085360026,0.13099515920966393
109,109.0,109.0,0.12077787098332304,0.030000000000000006,0.09369762990796929,0.030000000000000006,0.030000000000000006,0.036602676668584924,0.030000000000000006,0.07766580245881075,0.4263701801856955,0.1248858397956164
110,110.0,110.0,0.11887238537338356,0.07422714011407663,0.04615710914935215,0.04603668013677339,0.030000000000000006,0.030000000000000006,0.030000000000000006,0.030000000000000006,0.48434506382823184,0.11036162139818233
111,111.0,111.0,0.09167716319016697,0.039785913891920655,0.15855378083251365,0.04802127166097878,0.030000000000000006,0.07181208053691276,0.030000000000000006,0.030000000000000006,0.3637169213049768,0.13643286858253031
112,112.0,112.0,0.07783526272501272,0.08636587790248511,0.11242716999481146,0.030000000000000006,0.030000000000000006,0.0512762809263274,0.030000000000000006,0.030000000000000006,0.4803664833007115,0.07172892515065182
113,113.0,113.0,0.19541705328189954,0.10935871355636566,0.10811356153060803,0.030000000000000006,0.030000000000000006,0.033640930919837456,0.030000000000000006,0.030000000000000006,0.318963407853628,0.11450633285766124
114,114.0,114.0,0.22639468985019762,0.04381729200652529,0.10524364652484164,0.030000000000000006,0.030000000000000006,0.030000000000000006,0.030000000000000006,0.030000000000000006,0.4048975581647123,0.06964681345372306
115,115.0,115.0,0.12972844469247524,0.030000000000000006,0.1365870457773033,0.030000000000000006,0.030000000000000006,0.030000000000000006,0.030000000000000006,0.030000000000000006,0.44930641835368296,0.10437809117653843
116,116.0,116.0,0.1624201817443806,0.09764808250876114,0.08112691537189697,0.030000000000000006,0.030000000000000006,0.05083400388128936,0.030000000000000006,0.04316204773619271,0.3629345817334019,0.1118741870240773
117,117.0,117.0,0.18431393666031118,0.039010343755094934,0.09211993852928754,0.030000000000000006,0.030000000000000006,0.030000000000000006,0.030000000000000006,0.030000000000000006,0.3579815280411959,0.17657425301411028
118,118.0,118.0,0.16725715854117446,0.13305945141887202,0.06902147155153122,0.030000000000000006,0.030000000000000006,0.04612670986321095,0.030000000000000006,0.030000000000000006,0.39549331243622426,0.06904189618898712
119,119.0,119.0,0.12187016397585013,0.0607290109673753,0.22444605286234687,0.030000000000000006,0.030000000000000006,0.03915703054337995,0.030000000000000006,0.030000000000000006,0.3521188841618084,0.08167885748923916
120,120.0,120.0,0.1214061132360914,0.05072267452500401,0.14093517884523418,0.030000000000000006,0.030000000000000006,0.030000000000000006,0.030000000000000006,0.030000000000000006,0.4273842467821316,0.1095517866115387
121,121.0,121.0,0.1694719884153473,0.06597551954083056,0.1510876661847626,0.030000000000000006,0.04707112970711297,0.038332519642728144,0.030000000000000006,0.030000000000000006,0.3355309484375969,0.10253022807162142
122,122.0,122.0,0.1373803651744609,0.07031250419393245,0.04962887361489151,0.030000000000000006,0.030000000000000006,0.057058999916468914,0.030000000000000006,0.030000000000000006,0.3986030825179959,0.16701617458225024
123,123.0,123.0,0.1166492455507904,0.0387612323491656,0.17060441887235095,0.030000000000000006,0.030000000000000006,0.03308087291399229,0.030000000000000006,0.030000000000000006,0.4235463249392497,0.09735790537445096
124,124.0,124.0,0.10452082449618756,0.0763355183712973,0.1149755356561926,0.030000000000000006,0.030000000000000006,0.030000000000000006,0.030000000000000006,0.030000000000000006,0.3986711155249427,0.15549700595137977
125,125.0,125.0,0.19074892188798548,0.061502406672977517,0.14335956742832096,0.030000000000000006,0.030000000000000006,0.030000000000000006,0.030000000000000006,0.030000000000000006,0.3182872137070449,0.136101890303671
126,126.0,126.0,0.13255334510603833,0.030000000000000006,0.15695185993707064,0.0643093465674111,0.030000000000000006,0.030000000000000006,0.030000000000000006,0.030000000000000006,0.36640753941947113,0.1297779089700087
127,127.0,127.0,0.18964151287984715,0.07030977944704289,0.1024761334762631,0.030000000000000006,0.030000000000000006,0.030000000000000006,0.030000000000000006,0.030000000000000006,0.3374006341619681,0.15017194003487866
128,128.0,128.0,0.1513608325408602,0.11232874578386823,0.12204602975370207,0.030000000000000006,0.030000000000000006,0.030000000000000006,0.030000000000000006,0.030000000000000006,0.33712728825213056,0.12713710366943892
129,129.0,129.0,0.21500813134486146,0.054886403564058085,0.15134812416253432,0.030000000000000006,0.030000000000000006,0.061142270756345395,0.030000000000000006,0.030000000000000006,0.3407681544021558,0.05684691577004476
130,130.0,130.0,0.16638845300196245,0.08391166158680556,0.10897858591043838,0.030000000000000006,0.030000000000000006,0.03588441330998249,0.030000000000000006,0.07465664548087902,0.3554527027941997,0.0847275379157322
131,131.0,131.0,0.16413388210698582,0.10761652289361232,0.0781135577516714,0.04335414129110841,0.030000000000000006,0.030000000000000006,0.030000000000000006,0.030000000000000006,0.3170745118681672,0.16970738408845473
132,132.0,132.0,0.14270550731192105,0.038875639708351416,0.16947296281309593,0.030000000000000006,0.0596409895319908,0.030000000000000006,0.030000000000000006,0.030000000000000006,0.39641832159652307,0.0728865790381176
133,133.0,133.0,0.08903550298484157,0.0903593862174806,0.12766931777079013,0.030000000000000006,0.030000000000000006,0.05365764447695685,0.030000000000000006,0.030000000000000006,0.4108157555121258,0.108462393037805
134,134.0,134.0,0.15399804700303527,0.09428449274151182,0.07004536873184079,0.030000000000000006,0.030000000000000006,0.030000000000000006,0.030000000000000006,0.030000000000000006,0.4747590444630756,0.05691304706053646
135,135.0,135.0,0.16088231627038557,0.07294625110302093,0.1388106982455383,0.030000000000000006,0.030000000000000006,0.05399182240237551,0.030000000000000006,0.030000000000000006,0.37818598280355653,0.07518292917512313
136,136.0,136.0,0.1690602821457452,0.053547961075069504,0.07137982505362975,0.030000000000000006,0.030000000000000006,0.030000000000000006,0.030000000000000006,0.030000000000000006,0.41242913088428484,0.14358280084127065
137,137.0,137.0,0.20243698863471274,0.04527621392330927,0.07887540803745875,0.030000000000000006,0.030000000000000006,0.030000000000000006,0.030000000000000006,0.030000000000000006,0.35028547071414723,0.17312591869037194
138,138.0,138.0,0.20427921184117953,0.07756686765343848,0.06192075358556953,0.030000000000000006,0.04737210684756452,0.030000000000000006,0.07492537313432834,0.030000000000000006,0.2897497646389256,0.1541859222989939
139,139.0,139.0,0.18723220666632306,0.10472424790597001,0.05178045333773205,0.030000000000000006,0.030000000000000006,0.030000000000000006,0.030000000000000006,0.030000000000000006,0.38071611332329364,0.12554697876668114
140,140.0,140.0,0.1936891590291041,0.044395868084825686,0.08270636375878751,0.030000000000000006,0.030000000000000006,0.05027136338683129,0.030000000000000006,0.030000000000000006,0.42610764702853865,0.0828295987119127
141,141.0,141.0,0.20177543229969142,0.10778613567559321,0.08365682353076595,0.030000000000000006,0.030000000000000006,0.03478481012658228,0.030000000000000006,0.030000000000000006,0.3872031669734236,0.0647936313939434
142,142.0,142.0,0.19917060905889616,0.0690160393120218,0.04857745550428477,0.030000000000000006,0.030000000000000006,0.09188480192287542,0.030000000000000006,0.030000000000000006,0.4206625642085138,0.05068852999340804
143,143.0,143.0,0.1254234803194187,0.11327952304451641,0.09733034277561266,0.030000000000000006,0.030000000000000006,0.038216678742012664,0.030000000000000006,0.030000000000000006,0.38101415948060274,0.1247358156378368
144,144.0,144.0,0.11205172205776352,0.04408235294117648,0.07395832583307525,0.030000000000000006,0.030000000000000006,0.05118561666813176,0.030000000000000006,0.030000000000000006,0.37386265522815704,0.22485932727169583
145,145.0,145.0,0.13731458655346085,0.06761470246022026,0.14021215374522736,0.030000000000000006,0.030000000000000006,0.03343388220519085,0.030000000000000006,0.030000000000000006,0.43789506727340066,0.06352960776249997
146,146.0,146.0,0.16864579412762631,0.06013262256480645,0.16379289936558833,0.030000000000000006,0.030000000000000006,0.030000000000000006,0.030000000000000006,0.030000000000000006,0.36398634094668697,0.09344234299529186
147,147.0,147.0,0.18760947996967786,0.13212262811304082,0.09201703558754652,0.030000000000000006,0.030000000000000006,0.030000000000000006,0.030000000000000006,0.030000000000000006,0.3158667566345086,0.12238409969522612
148,148.0,148.0,0.10905598786125406,0.10510590871568759,0.0787076567292048,0.030000000000000006,0.030000000000000006,0.030000000000000006,0.030000000000000006,0.030000000000000006,0.4158083689355302,0.14132207775832337
149,149.0,149.0,0.16286089046325417,0.06783776166319826,0.0800804865332354,0.030000000000000006,0.030000000000000006,0.030000000000000006,0.030000000000000006,0.030000000000000006,0.3824512444227032,0.156769616917609
150,150.0,150.0,0.16434450813731247,0.04451181320410171,0.097954078258867,0.030000000000000006,0.030000000000000006,0.030000000000000006,0.030000000000000006,0.030000000000000006,0.39203905873721717,0.15115054166250158
151,151.0,151.0,0.28698875993500017,0.035087362600251804,0.1558022565935816,0.030000000000000006,0.030000000000000006,0.030000000000000006,0.030000000000000006,0.030000000000000006,0.2912266803161054,0.08089494055506094
152,152.0,152.0,0.264687343221568,0.030000000000000006,0.0708043719747272,0.030000000000000006,0.030000000000000006,0.030000000000000006,0.030000000000000006,0.030000000000000006,0.4021466478631203,0.08236163694058432
153,153.0,153.0,0.22983255583700796,0.06593320235756386,0.14365900240077986,0.030000000000000006,0.030000000000000006,0.030000000000000006,0.030000000000000006,0.030000000000000006,0.34921275594197987,0.0613624834626683
154,154.0,154.0,0.2273019845012047,0.031672174184206515,0.05098973059987879,0.030000000000000006,0.030000000000000006,0.05150813154043683,0.05133015368309487,0.030000000000000006,0.3163331108905299,0.1808647146006483
155,155.0,155.0,0.17378229452584543,0.030000000000000006,0.10071966206260144,0.06063851699279095,0.030000000000000006,0.030000000000000006,0.030000000000000006,0.030000000000000006,0.4010838781687072,0.11377564825005484
156,156.0,156.0,0.21452191081003674,0.07230297524415172,0.10635638020802599,0.030000000000000006,0.030000000000000006,0.030000000000000006,0.030000000000000006,0.030000000000000006,0.3707514655328894,0.08606726820489607
157,157.0,157.0,0.2974652671276688,0.05989598437889208,0.07983224210467736,0.030000000000000006,0.030000000000000006,0.030000000000000006,0.06851279167838067,0.030000000000000006,0.2797217614324127,0.09457195327796833
158,158.0,158.0,0.24368667647772427,0.06012405073956891,0.07810626897302113,0.030000000000000006,0.030000000000000006,0.030000000000000006,0.030000000000000006,0.030000000000000006,0.31615105198552634,0.15193195182415922
159,159.0,159.0,0.23050231629341397,0.07436404965172506,0.04566985556084108,0.030000000000000006,0.030000000000000006,0.030000000000000006,0.030000000000000006,0.030000000000000006,0.393583711918701,0.10588006657531879
160,160.0,160.0,0.17751102886271236,0.032640317632196346,0.16660920368804416,0.030000000000000006,0.030000000000000006,0.030000000000000006,0.030000000000000006,0.030000000000000006,0.3639869711596314,0.10925247865741561
161,161.0,161.0,0.25309281012471563,0.030000000000000006,0.0649881207040491,0.030000000000000006,0.030000000000000006,0.030000000000000006,0.030000000000000006,0.030000000000000006,0.4481989985728533,0.05372007059838189
162,162.0,162.0,0.20659519622268788,0.030000000000000006,0.1427805602918828,0.030000000000000006,0.030000000000000006,0.030000000000000006,0.030000000000000006,0.030000000000000006,0.36285153276417226,0.10777271072125696
163,163.0,163.0,0.2516401717458461,0.053080209348399875,0.0743224752242767,0.030000000000000006,0.030000000000000006,0.030000000000000006,0.030000000000000006,0.030000000000000006,0.41867485761733514,0.05228228606414209
164,164.0,164.0,0.2256291470851745,0.10433012447055776,0.1359167127109449,0.030000000000000006,0.030000000000000006,0.05088999911804226,0.030000000000000006,0.030000000000000006,0.2774382504457534,0.08579576616952704
165,165.0,165.0,0.16599584239000537,0.05069854228809982,0.17385480361702438,0.030000000000000006,0.030000000000000006,0.030000000000000006,0.030000000000000006,0.030000000000000006,0.3452891677393136,0.11416164396555677
166,166.0,166.0,0.21906769463666392,0.030000000000000006,0.1663603995814312,0.030000000000000006,0.030000000000000006,0.030000000000000006,0.030000000000000006,0.030000000000000006,0.33786965152188586,0.09670225426001904
167,167.0,167.0,0.19083576239543942,0.04523036466901214,0.17645000977587744,0.030000000000000006,0.030000000000000006,0.030000000000000006,0.030000000000000006,0.09374172185430464,0.25170064485357446,0.1220414964517919
168,168.0,168.0,0.2333279121673569,0.030000000000000006,0.13292309156600843,0.030000000000000006,0.030000000000000006,0.030000000000000006,0.030000000000000006,0.09374172185430464,0.29307484426483393,0.09693243014749595
169,169.0,169.0,0.19463170710951255,0.05862706913339825,0.11143166751748354,0.030000000000000006,0.030000000000000006,0.060004531037607625,0.06030951162352179,0.030000000000000006,0.31822046140299626,0.10677505217548
170,170.0,170.0,0.18898366291851618,0.057326624945018514,0.03414039771894219,0.030000000000000006,0.030000000000000006,0.030000000000000006,0.030000000000000006,0.030000000000000006,0.4423129097244969,0.12723640469302616
171,171.0,171.0,0.19320811414615569,0.061773847353797116,0.06180681729947977,0.030000000000000006,0.05268496983198947,0.030000000000000006,0.030000000000000006,0.030000000000000006,0.4691537721776319,0.04137247919094589
172,172.0,172.0,0.22451102507125045,0.03738786279683377,0.042426307226702584,0.030000000000000006,0.030000000000000006,0.030000000000000006,0.030000000000000006,0.030000000000000006,0.47806533627355574,0.06760946863165743
173,173.0,173.0,0.2544104884702281,0.07122448979591836,0.06091628213579434,0.030000000000000006,0.030000000000000006,0.030000000000000006,0.030000000000000006,0.030000000000000006,0.383628449418513,0.0798202901795461
174,174.0,174.0,0.2363026402196998,0.030000000000000006,0.09112766294548798,0.030000000000000006,0.030000000000000006,0.030000000000000006,0.030000000000000006,0.030000000000000006,0.392750022571674,0.09981967426313808
175,175.0,175.0,0.2828887822805506,0.0884656084656085,0.11900437564791524,0.030000000000000006,0.030000000000000006,0.030000000000000006,0.030000000000000006,0.030000000000000006,0.2860816881042647,0.07355954550166086
176,176.0,176.0,0.17835274975546941,0.10277154684433518,0.0866422547613249,0.030000000000000006,0.030000000000000006,0.030000000000000006,0.030000000000000006,0.0631710305849401,0.39748610247902993,0.051576315574900354
177,177.0,177.0,0.1398719438545632,0.033667260276487546,0.08653329343344092,0.030000000000000006,0.030000000000000006,0.030000000000000006,0.030000000000000006,0.030000000000000006,0.4449936732130834,0.14493382922242487
178,178.0,178.0,0.1392401260485729,0.14462606965677888,0.07324776989204489,0.030000000000000006,0.030000000000000006,0.030000000000000006,0.030000000000000006,0.030000000000000006,0.37563757699086386,0.11724845741173943
179,179.0,179.0,0.16109123917966217,0.04284828938412834,0.08282896098785109,0.030000000000000006,0.030000000000000006,0.030000000000000006,0.030000000000000006,0.086443661971831,0.42951546483550096,0.07727238364102633
180,180.0,180.0,0.30355946083468505,0.030000000000000006,0.07775372244098014,0.030000000000000006,0.061132692498265806,0.030000000000000006,0.030000000000000006,0.031745325022261794,0.3467467553326204,0.05906204387118674
181,181.0,181.0,0.2706250863478954,0.030000000000000006,0.14267803762623965,0.030000000000000006,0.030000000000000006,0.06078257891432161,0.030000000000000006,0.030000000000000006,0.3459142971115433,0.030000000000000006
182,182.0,182.0,0.20939471017932215,0.054264938153844255,0.1762731735410578,0.06018898931799508,0.030000000000000006,0.03157820735959962,0.030000000000000006,0.030000000000000006,0.2632953537001355,0.11500462774804561
183,183.0,183.0,0.2398402016392455,0.047909739633558344,0.15637712811965268,0.030000000000000006,0.030000000000000006,0.030000000000000006,0.030000000000000006,0.030000000000000006,0.3167370848582007,0.0891358457493427
