,Unnamed: 0,Total_iterations,Intertwine_two,Add_vertex,Delete_vertex,Invert_path_vertices,Insert_inside_vertex,Delete_inside_vertex
0,0.0,0.0,0.16666666666666669,0.16666666666666669,0.16666666666666669,0.16666666666666669,0.16666666666666669,0.16666666666666669
1,1.0,1.0,0.16666666666666669,0.16666666666666669,0.16666666666666669,0.16666666666666669,0.16666666666666669,0.16666666666666669
2,2.0,2.0,0.16666666666666669,0.16666666666666669,0.16666666666666669,0.16666666666666669,0.16666666666666669,0.16666666666666669
3,3.0,3.0,0.16666666666666669,0.16666666666666669,0.16666666666666669,0.16666666666666669,0.16666666666666669,0.16666666666666669
4,4.0,4.0,0.16666666666666669,0.16666666666666669,0.16666666666666669,0.16666666666666669,0.16666666666666669,0.16666666666666669
5,5.0,5.0,0.16666666666666669,0.16666666666666669,0.16666666666666669,0.16666666666666669,0.16666666666666669,0.16666666666666669
6,6.0,6.0,0.16666666666666669,0.16666666666666669,0.16666666666666669,0.16666666666666669,0.16666666666666669,0.16666666666666669
7,7.0,7.0,0.16666666666666669,0.16666666666666669,0.16666666666666669,0.16666666666666669,0.16666666666666669,0.16666666666666669
8,8.0,8.0,0.16666666666666669,0.16666666666666669,0.16666666666666669,0.16666666666666669,0.16666666666666669,0.16666666666666669
9,9.0,9.0,0.16666666666666669,0.16666666666666669,0.16666666666666669,0.16666666666666669,0.16666666666666669,0.16666666666666669
10,10.0,10.0,0.16666666666666669,0.16666666666666669,0.16666666666666669,0.16666666666666669,0.16666666666666669,0.16666666666666669
11,11.0,11.0,0.16666666666666669,0.16666666666666669,0.16666666666666669,0.16666666666666669,0.16666666666666669,0.16666666666666669
12,12.0,12.0,0.16666666666666669,0.16666666666666669,0.16666666666666669,0.16666666666666669,0.16666666666666669,0.16666666666666669
13,13.0,13.0,0.16666666666666669,0.16666666666666669,0.16666666666666669,0.16666666666666669,0.16666666666666669,0.16666666666666669
14,14.0,14.0,0.16666666666666669,0.16666666666666669,0.16666666666666669,0.16666666666666669,0.16666666666666669,0.16666666666666669
15,15.0,15.0,0.16666666666666669,0.16666666666666669,0.16666666666666669,0.16666666666666669,0.16666666666666669,0.16666666666666669
16,16.0,16.0,0.16666666666666669,0.16666666666666669,0.16666666666666669,0.16666666666666669,0.16666666666666669,0.16666666666666669
17,17.0,17.0,0.16666666666666669,0.16666666666666669,0.16666666666666669,0.16666666666666669,0.16666666666666669,0.16666666666666669
18,18.0,18.0,0.16666666666666669,0.16666666666666669,0.16666666666666669,0.16666666666666669,0.16666666666666669,0.16666666666666669
19,19.0,19.0,0.16666666666666669,0.16666666666666669,0.16666666666666669,0.16666666666666669,0.16666666666666669,0.16666666666666669
20,20.0,20.0,0.16666666666666669,0.16666666666666669,0.16666666666666669,0.16666666666666669,0.16666666666666669,0.16666666666666669
21,21.0,21.0,0.16666666666666669,0.16666666666666669,0.16666666666666669,0.16666666666666669,0.16666666666666669,0.16666666666666669
22,22.0,22.0,0.16666666666666669,0.16666666666666669,0.16666666666666669,0.16666666666666669,0.16666666666666669,0.16666666666666669
23,23.0,23.0,0.16666666666666669,0.16666666666666669,0.16666666666666669,0.16666666666666669,0.16666666666666669,0.16666666666666669
24,24.0,24.0,0.16666666666666669,0.16666666666666669,0.16666666666666669,0.16666666666666669,0.16666666666666669,0.16666666666666669
25,25.0,25.0,0.16666666666666669,0.16666666666666669,0.16666666666666669,0.16666666666666669,0.16666666666666669,0.16666666666666669
26,26.0,26.0,0.16666666666666669,0.16666666666666669,0.16666666666666669,0.16666666666666669,0.16666666666666669,0.16666666666666669
27,27.0,27.0,0.16666666666666669,0.16666666666666669,0.16666666666666669,0.16666666666666669,0.16666666666666669,0.16666666666666669
28,28.0,28.0,0.16666666666666669,0.16666666666666669,0.16666666666666669,0.16666666666666669,0.16666666666666669,0.16666666666666669
29,29.0,29.0,0.16666666666666669,0.16666666666666669,0.16666666666666669,0.16666666666666669,0.16666666666666669,0.16666666666666669
30,30.0,30.0,0.16666666666666669,0.16666666666666669,0.16666666666666669,0.16666666666666669,0.16666666666666669,0.16666666666666669
31,31.0,31.0,0.16666666666666669,0.16666666666666669,0.16666666666666669,0.16666666666666669,0.16666666666666669,0.16666666666666669
32,32.0,32.0,0.16666666666666669,0.16666666666666669,0.16666666666666669,0.16666666666666669,0.16666666666666669,0.16666666666666669
33,33.0,33.0,0.16666666666666669,0.16666666666666669,0.16666666666666669,0.16666666666666669,0.16666666666666669,0.16666666666666669
34,34.0,34.0,0.16666666666666669,0.16666666666666669,0.16666666666666669,0.16666666666666669,0.16666666666666669,0.16666666666666669
35,35.0,35.0,0.16666666666666669,0.16666666666666669,0.16666666666666669,0.16666666666666669,0.16666666666666669,0.16666666666666669
36,36.0,36.0,0.16666666666666669,0.16666666666666669,0.16666666666666669,0.16666666666666669,0.16666666666666669,0.16666666666666669
37,37.0,37.0,0.16666666666666669,0.16666666666666669,0.16666666666666669,0.16666666666666669,0.16666666666666669,0.16666666666666669
38,38.0,38.0,0.16666666666666669,0.16666666666666669,0.16666666666666669,0.16666666666666669,0.16666666666666669,0.16666666666666669
39,39.0,39.0,0.16666666666666669,0.16666666666666669,0.16666666666666669,0.16666666666666669,0.16666666666666669,0.16666666666666669
40,40.0,40.0,0.16666666666666669,0.16666666666666669,0.16666666666666669,0.16666666666666669,0.16666666666666669,0.16666666666666669
41,41.0,41.0,0.16666666666666669,0.16666666666666669,0.16666666666666669,0.16666666666666669,0.16666666666666669,0.16666666666666669
42,42.0,42.0,0.16666666666666669,0.16666666666666669,0.16666666666666669,0.16666666666666669,0.16666666666666669,0.16666666666666669
43,43.0,43.0,0.16666666666666669,0.16666666666666669,0.16666666666666669,0.16666666666666669,0.16666666666666669,0.16666666666666669
44,44.0,44.0,0.16666666666666669,0.16666666666666669,0.16666666666666669,0.16666666666666669,0.16666666666666669,0.16666666666666669
45,45.0,45.0,0.16666666666666669,0.16666666666666669,0.16666666666666669,0.16666666666666669,0.16666666666666669,0.16666666666666669
46,46.0,46.0,0.16666666666666669,0.16666666666666669,0.16666666666666669,0.16666666666666669,0.16666666666666669,0.16666666666666669
47,47.0,47.0,0.16666666666666669,0.16666666666666669,0.16666666666666669,0.16666666666666669,0.16666666666666669,0.16666666666666669
48,48.0,48.0,0.16666666666666669,0.16666666666666669,0.16666666666666669,0.16666666666666669,0.16666666666666669,0.16666666666666669
49,49.0,49.0,0.16666666666666669,0.16666666666666669,0.16666666666666669,0.16666666666666669,0.16666666666666669,0.16666666666666669
50,50.0,50.0,0.16666666666666669,0.16666666666666669,0.16666666666666669,0.16666666666666669,0.16666666666666669,0.16666666666666669
51,51.0,51.0,0.16666666666666669,0.16666666666666669,0.16666666666666669,0.16666666666666669,0.16666666666666669,0.16666666666666669
52,52.0,52.0,0.16666666666666669,0.16666666666666669,0.16666666666666669,0.16666666666666669,0.16666666666666669,0.16666666666666669
53,53.0,53.0,0.16666666666666669,0.16666666666666669,0.16666666666666669,0.16666666666666669,0.16666666666666669,0.16666666666666669
54,54.0,54.0,0.16666666666666669,0.16666666666666669,0.16666666666666669,0.16666666666666669,0.16666666666666669,0.16666666666666669
55,55.0,55.0,0.16666666666666669,0.16666666666666669,0.16666666666666669,0.16666666666666669,0.16666666666666669,0.16666666666666669
56,56.0,56.0,0.16666666666666669,0.16666666666666669,0.16666666666666669,0.16666666666666669,0.16666666666666669,0.16666666666666669
57,57.0,57.0,0.16666666666666669,0.16666666666666669,0.16666666666666669,0.16666666666666669,0.16666666666666669,0.16666666666666669
58,58.0,58.0,0.16666666666666669,0.16666666666666669,0.16666666666666669,0.16666666666666669,0.16666666666666669,0.16666666666666669
59,59.0,59.0,0.16666666666666669,0.16666666666666669,0.16666666666666669,0.16666666666666669,0.16666666666666669,0.16666666666666669
60,60.0,60.0,0.16666666666666669,0.16666666666666669,0.16666666666666669,0.16666666666666669,0.16666666666666669,0.16666666666666669
61,61.0,61.0,0.16666666666666669,0.16666666666666669,0.16666666666666669,0.16666666666666669,0.16666666666666669,0.16666666666666669
62,62.0,62.0,0.16666666666666669,0.16666666666666669,0.16666666666666669,0.16666666666666669,0.16666666666666669,0.16666666666666669
63,63.0,63.0,0.16666666666666669,0.16666666666666669,0.16666666666666669,0.16666666666666669,0.16666666666666669,0.16666666666666669
64,64.0,64.0,0.16666666666666669,0.16666666666666669,0.16666666666666669,0.16666666666666669,0.16666666666666669,0.16666666666666669
65,65.0,65.0,0.16666666666666669,0.16666666666666669,0.16666666666666669,0.16666666666666669,0.16666666666666669,0.16666666666666669
66,66.0,66.0,0.16666666666666669,0.16666666666666669,0.16666666666666669,0.16666666666666669,0.16666666666666669,0.16666666666666669
67,67.0,67.0,0.16666666666666669,0.16666666666666669,0.16666666666666669,0.16666666666666669,0.16666666666666669,0.16666666666666669
68,68.0,68.0,0.16666666666666669,0.16666666666666669,0.16666666666666669,0.16666666666666669,0.16666666666666669,0.16666666666666669
69,69.0,69.0,0.16666666666666669,0.16666666666666669,0.16666666666666669,0.16666666666666669,0.16666666666666669,0.16666666666666669
70,70.0,70.0,0.16666666666666669,0.16666666666666669,0.16666666666666669,0.16666666666666669,0.16666666666666669,0.16666666666666669
71,71.0,71.0,0.16666666666666669,0.16666666666666669,0.16666666666666669,0.16666666666666669,0.16666666666666669,0.16666666666666669
72,72.0,72.0,0.16666666666666669,0.16666666666666669,0.16666666666666669,0.16666666666666669,0.16666666666666669,0.16666666666666669
73,73.0,73.1,0.16666666666666669,0.16666666666666669,0.16666666666666669,0.16666666666666669,0.16666666666666669,0.16666666666666669
74,74.0,74.2,0.16666666666666669,0.16666666666666669,0.16666666666666669,0.16666666666666669,0.16666666666666669,0.16666666666666669
75,75.0,75.2,0.16666666666666669,0.16666666666666669,0.16666666666666669,0.16666666666666669,0.16666666666666669,0.16666666666666669
76,76.0,76.2,0.16666666666666669,0.16666666666666669,0.16666666666666669,0.16666666666666669,0.16666666666666669,0.16666666666666669
77,77.0,77.2,0.16666666666666669,0.16666666666666669,0.16666666666666669,0.16666666666666669,0.16666666666666669,0.16666666666666669
78,78.0,78.2,0.16666666666666669,0.16666666666666669,0.16666666666666669,0.16666666666666669,0.16666666666666669,0.16666666666666669
79,79.0,79.2,0.16666666666666669,0.16666666666666669,0.16666666666666669,0.16666666666666669,0.16666666666666669,0.16666666666666669
80,80.0,80.2,0.16666666666666669,0.16666666666666669,0.16666666666666669,0.16666666666666669,0.16666666666666669,0.16666666666666669
81,81.0,81.2,0.16666666666666669,0.16666666666666669,0.16666666666666669,0.16666666666666669,0.16666666666666669,0.16666666666666669
82,82.0,82.2,0.16666666666666669,0.16666666666666669,0.16666666666666669,0.16666666666666669,0.16666666666666669,0.16666666666666669
83,83.0,83.2,0.16666666666666669,0.16666666666666669,0.16666666666666669,0.16666666666666669,0.16666666666666669,0.16666666666666669
84,84.0,84.2,0.16666666666666669,0.16666666666666669,0.16666666666666669,0.16666666666666669,0.16666666666666669,0.16666666666666669
85,85.0,85.3,0.16666666666666669,0.16666666666666669,0.16666666666666669,0.16666666666666669,0.16666666666666669,0.16666666666666669
86,86.0,86.3,0.16666666666666669,0.16666666666666669,0.16666666666666669,0.16666666666666669,0.16666666666666669,0.16666666666666669
87,87.0,87.3,0.16666666666666669,0.16666666666666669,0.16666666666666669,0.16666666666666669,0.16666666666666669,0.16666666666666669
88,88.0,88.3,0.16666666666666669,0.16666666666666669,0.16666666666666669,0.16666666666666669,0.16666666666666669,0.16666666666666669
89,89.0,89.3,0.16666666666666669,0.16666666666666669,0.16666666666666669,0.16666666666666669,0.16666666666666669,0.16666666666666669
90,90.0,90.3,0.16666666666666669,0.16666666666666669,0.16666666666666669,0.16666666666666669,0.16666666666666669,0.16666666666666669
91,91.0,91.4,0.16666666666666669,0.16666666666666669,0.16666666666666669,0.16666666666666669,0.16666666666666669,0.16666666666666669
92,92.0,92.5,0.16666666666666669,0.16666666666666669,0.16666666666666669,0.16666666666666669,0.16666666666666669,0.16666666666666669
93,93.0,93.5,0.16666666666666669,0.16666666666666669,0.16666666666666669,0.16666666666666669,0.16666666666666669,0.16666666666666669
94,94.0,94.5,0.16666666666666669,0.16666666666666669,0.16666666666666669,0.16666666666666669,0.16666666666666669,0.16666666666666669
95,95.0,95.5,0.16666666666666669,0.16666666666666669,0.16666666666666669,0.16666666666666669,0.16666666666666669,0.16666666666666669
96,96.0,96.6,0.16666666666666669,0.16666666666666669,0.16666666666666669,0.16666666666666669,0.16666666666666669,0.16666666666666669
97,97.0,97.6,0.16666666666666669,0.16666666666666669,0.16666666666666669,0.16666666666666669,0.16666666666666669,0.16666666666666669
98,98.0,98.6,0.16666666666666669,0.16666666666666669,0.16666666666666669,0.16666666666666669,0.16666666666666669,0.16666666666666669
99,99.0,99.6,0.16666666666666669,0.16666666666666669,0.16666666666666669,0.16666666666666669,0.16666666666666669,0.16666666666666669
100,100.0,100.6,0.16666666666666669,0.16666666666666669,0.16666666666666669,0.16666666666666669,0.16666666666666669,0.16666666666666669
101,101.0,101.6,0.16666666666666669,0.16666666666666669,0.16666666666666669,0.16666666666666669,0.16666666666666669,0.16666666666666669
102,102.0,102.6,0.16666666666666669,0.16666666666666669,0.16666666666666669,0.16666666666666669,0.16666666666666669,0.16666666666666669
103,103.0,103.6,0.16666666666666669,0.16666666666666669,0.16666666666666669,0.16666666666666669,0.16666666666666669,0.16666666666666669
104,104.0,104.6,0.16666666666666669,0.16666666666666669,0.16666666666666669,0.16666666666666669,0.16666666666666669,0.16666666666666669
105,105.0,105.6,0.16666666666666669,0.16666666666666669,0.16666666666666669,0.16666666666666669,0.16666666666666669,0.16666666666666669
106,106.0,106.6,0.16666666666666669,0.16666666666666669,0.16666666666666669,0.16666666666666669,0.16666666666666669,0.16666666666666669
107,107.0,107.6,0.16666666666666669,0.16666666666666669,0.16666666666666669,0.16666666666666669,0.16666666666666669,0.16666666666666669
108,108.0,108.6,0.16666666666666669,0.16666666666666669,0.16666666666666669,0.16666666666666669,0.16666666666666669,0.16666666666666669
109,109.0,109.6,0.16666666666666669,0.16666666666666669,0.16666666666666669,0.16666666666666669,0.16666666666666669,0.16666666666666669
110,110.0,110.6,0.16666666666666669,0.16666666666666669,0.16666666666666669,0.16666666666666669,0.16666666666666669,0.16666666666666669
111,111.0,111.6,0.16666666666666669,0.16666666666666669,0.16666666666666669,0.16666666666666669,0.16666666666666669,0.16666666666666669
112,112.0,112.6,0.16666666666666669,0.16666666666666669,0.16666666666666669,0.16666666666666669,0.16666666666666669,0.16666666666666669
113,113.0,113.6,0.16666666666666669,0.16666666666666669,0.16666666666666669,0.16666666666666669,0.16666666666666669,0.16666666666666669
114,114.0,114.6,0.16666666666666669,0.16666666666666669,0.16666666666666669,0.16666666666666669,0.16666666666666669,0.16666666666666669
115,115.0,115.6,0.16666666666666669,0.16666666666666669,0.16666666666666669,0.16666666666666669,0.16666666666666669,0.16666666666666669
116,116.0,116.6,0.16666666666666669,0.16666666666666669,0.16666666666666669,0.16666666666666669,0.16666666666666669,0.16666666666666669
117,117.0,117.6,0.16666666666666669,0.16666666666666669,0.16666666666666669,0.16666666666666669,0.16666666666666669,0.16666666666666669
118,118.0,118.6,0.16666666666666669,0.16666666666666669,0.16666666666666669,0.16666666666666669,0.16666666666666669,0.16666666666666669
119,119.0,119.6,0.16666666666666669,0.16666666666666669,0.16666666666666669,0.16666666666666669,0.16666666666666669,0.16666666666666669
120,120.0,120.6,0.16666666666666669,0.16666666666666669,0.16666666666666669,0.16666666666666669,0.16666666666666669,0.16666666666666669
121,121.0,121.6,0.16666666666666669,0.16666666666666669,0.16666666666666669,0.16666666666666669,0.16666666666666669,0.16666666666666669
122,122.0,122.6,0.16666666666666669,0.16666666666666669,0.16666666666666669,0.16666666666666669,0.16666666666666669,0.16666666666666669
123,123.0,123.6,0.16666666666666669,0.16666666666666669,0.16666666666666669,0.16666666666666669,0.16666666666666669,0.16666666666666669
124,124.0,124.6,0.16666666666666669,0.16666666666666669,0.16666666666666669,0.16666666666666669,0.16666666666666669,0.16666666666666669
125,125.0,125.6,0.16666666666666669,0.16666666666666669,0.16666666666666669,0.16666666666666669,0.16666666666666669,0.16666666666666669
126,126.0,126.6,0.16666666666666669,0.16666666666666669,0.16666666666666669,0.16666666666666669,0.16666666666666669,0.16666666666666669
127,127.0,127.6,0.16666666666666669,0.16666666666666669,0.16666666666666669,0.16666666666666669,0.16666666666666669,0.16666666666666669
128,128.0,128.6,0.16666666666666669,0.16666666666666669,0.16666666666666669,0.16666666666666669,0.16666666666666669,0.16666666666666669
129,129.0,129.6,0.16666666666666669,0.16666666666666669,0.16666666666666669,0.16666666666666669,0.16666666666666669,0.16666666666666669
130,130.0,130.6,0.16666666666666669,0.16666666666666669,0.16666666666666669,0.16666666666666669,0.16666666666666669,0.16666666666666669
131,131.0,131.6,0.16666666666666669,0.16666666666666669,0.16666666666666669,0.16666666666666669,0.16666666666666669,0.16666666666666669
132,132.0,132.6,0.16666666666666669,0.16666666666666669,0.16666666666666669,0.16666666666666669,0.16666666666666669,0.16666666666666669
133,133.0,133.6,0.16666666666666669,0.16666666666666669,0.16666666666666669,0.16666666666666669,0.16666666666666669,0.16666666666666669
134,134.0,134.6,0.16666666666666669,0.16666666666666669,0.16666666666666669,0.16666666666666669,0.16666666666666669,0.16666666666666669
135,135.0,135.6,0.16666666666666669,0.16666666666666669,0.16666666666666669,0.16666666666666669,0.16666666666666669,0.16666666666666669
136,136.0,136.6,0.16666666666666669,0.16666666666666669,0.16666666666666669,0.16666666666666669,0.16666666666666669,0.16666666666666669
137,137.0,137.6,0.16666666666666669,0.16666666666666669,0.16666666666666669,0.16666666666666669,0.16666666666666669,0.16666666666666669
138,138.0,138.7,0.16666666666666669,0.16666666666666669,0.16666666666666669,0.16666666666666669,0.16666666666666669,0.16666666666666669
139,139.0,139.7,0.16666666666666669,0.16666666666666669,0.16666666666666669,0.16666666666666669,0.16666666666666669,0.16666666666666669
140,140.0,140.7,0.16666666666666669,0.16666666666666669,0.16666666666666669,0.16666666666666669,0.16666666666666669,0.16666666666666669
141,141.0,141.7,0.16666666666666669,0.16666666666666669,0.16666666666666669,0.16666666666666669,0.16666666666666669,0.16666666666666669
142,142.0,142.7,0.16666666666666669,0.16666666666666669,0.16666666666666669,0.16666666666666669,0.16666666666666669,0.16666666666666669
143,143.0,143.7,0.16666666666666669,0.16666666666666669,0.16666666666666669,0.16666666666666669,0.16666666666666669,0.16666666666666669
144,144.0,144.7,0.16666666666666669,0.16666666666666669,0.16666666666666669,0.16666666666666669,0.16666666666666669,0.16666666666666669
145,145.0,145.7,0.16666666666666669,0.16666666666666669,0.16666666666666669,0.16666666666666669,0.16666666666666669,0.16666666666666669
146,146.0,146.7,0.16666666666666669,0.16666666666666669,0.16666666666666669,0.16666666666666669,0.16666666666666669,0.16666666666666669
147,147.0,147.7,0.16666666666666669,0.16666666666666669,0.16666666666666669,0.16666666666666669,0.16666666666666669,0.16666666666666669
148,148.0,148.7,0.16666666666666669,0.16666666666666669,0.16666666666666669,0.16666666666666669,0.16666666666666669,0.16666666666666669
149,149.0,149.7,0.16666666666666669,0.16666666666666669,0.16666666666666669,0.16666666666666669,0.16666666666666669,0.16666666666666669
150,150.0,150.7,0.16666666666666669,0.16666666666666669,0.16666666666666669,0.16666666666666669,0.16666666666666669,0.16666666666666669
151,151.0,151.7,0.16666666666666669,0.16666666666666669,0.16666666666666669,0.16666666666666669,0.16666666666666669,0.16666666666666669
152,152.0,152.7,0.16666666666666669,0.16666666666666669,0.16666666666666669,0.16666666666666669,0.16666666666666669,0.16666666666666669
153,153.0,153.7,0.16666666666666669,0.16666666666666669,0.16666666666666669,0.16666666666666669,0.16666666666666669,0.16666666666666669
154,154.0,154.7,0.16666666666666669,0.16666666666666669,0.16666666666666669,0.16666666666666669,0.16666666666666669,0.16666666666666669
155,155.0,155.7,0.16666666666666669,0.16666666666666669,0.16666666666666669,0.16666666666666669,0.16666666666666669,0.16666666666666669
156,156.0,156.8,0.16666666666666669,0.16666666666666669,0.16666666666666669,0.16666666666666669,0.16666666666666669,0.16666666666666669
157,157.0,157.8,0.16666666666666669,0.16666666666666669,0.16666666666666669,0.16666666666666669,0.16666666666666669,0.16666666666666669
158,158.0,158.8,0.16666666666666669,0.16666666666666669,0.16666666666666669,0.16666666666666669,0.16666666666666669,0.16666666666666669
159,159.0,159.8,0.16666666666666669,0.16666666666666669,0.16666666666666669,0.16666666666666669,0.16666666666666669,0.16666666666666669
160,160.0,160.8,0.16666666666666669,0.16666666666666669,0.16666666666666669,0.16666666666666669,0.16666666666666669,0.16666666666666669
161,161.0,161.8,0.16666666666666669,0.16666666666666669,0.16666666666666669,0.16666666666666669,0.16666666666666669,0.16666666666666669
162,162.0,162.8,0.16666666666666669,0.16666666666666669,0.16666666666666669,0.16666666666666669,0.16666666666666669,0.16666666666666669
163,163.0,163.8,0.16666666666666669,0.16666666666666669,0.16666666666666669,0.16666666666666669,0.16666666666666669,0.16666666666666669
164,164.0,164.8,0.16666666666666669,0.16666666666666669,0.16666666666666669,0.16666666666666669,0.16666666666666669,0.16666666666666669
165,165.0,165.9,0.16666666666666669,0.16666666666666669,0.16666666666666669,0.16666666666666669,0.16666666666666669,0.16666666666666669
166,166.0,166.9,0.16666666666666669,0.16666666666666669,0.16666666666666669,0.16666666666666669,0.16666666666666669,0.16666666666666669
167,167.0,167.9,0.16666666666666669,0.16666666666666669,0.16666666666666669,0.16666666666666669,0.16666666666666669,0.16666666666666669
168,168.0,168.9,0.16666666666666669,0.16666666666666669,0.16666666666666669,0.16666666666666669,0.16666666666666669,0.16666666666666669
169,169.0,169.9,0.16666666666666669,0.16666666666666669,0.16666666666666669,0.16666666666666669,0.16666666666666669,0.16666666666666669
170,170.0,170.9,0.16666666666666669,0.16666666666666669,0.16666666666666669,0.16666666666666669,0.16666666666666669,0.16666666666666669
171,171.0,171.9,0.16666666666666669,0.16666666666666669,0.16666666666666669,0.16666666666666669,0.16666666666666669,0.16666666666666669
172,172.0,172.9,0.16666666666666669,0.16666666666666669,0.16666666666666669,0.16666666666666669,0.16666666666666669,0.16666666666666669
173,173.0,173.9,0.16666666666666669,0.16666666666666669,0.16666666666666669,0.16666666666666669,0.16666666666666669,0.16666666666666669
174,174.0,174.9,0.16666666666666669,0.16666666666666669,0.16666666666666669,0.16666666666666669,0.16666666666666669,0.16666666666666669
175,175.0,175.9,0.16666666666666669,0.16666666666666669,0.16666666666666669,0.16666666666666669,0.16666666666666669,0.16666666666666669
176,176.0,176.9,0.16666666666666669,0.16666666666666669,0.16666666666666669,0.16666666666666669,0.16666666666666669,0.16666666666666669
177,177.0,177.9,0.16666666666666669,0.16666666666666669,0.16666666666666669,0.16666666666666669,0.16666666666666669,0.16666666666666669
178,178.0,178.9,0.16666666666666669,0.16666666666666669,0.16666666666666669,0.16666666666666669,0.16666666666666669,0.16666666666666669
179,179.0,179.9,0.16666666666666669,0.16666666666666669,0.16666666666666669,0.16666666666666669,0.16666666666666669,0.16666666666666669
180,180.0,180.9,0.16666666666666669,0.16666666666666669,0.16666666666666669,0.16666666666666669,0.16666666666666669,0.16666666666666669
181,181.0,181.9,0.16666666666666669,0.16666666666666669,0.16666666666666669,0.16666666666666669,0.16666666666666669,0.16666666666666669
182,182.0,182.9,0.16666666666666669,0.16666666666666669,0.16666666666666669,0.16666666666666669,0.16666666666666669,0.16666666666666669
183,183.0,183.9,0.16666666666666669,0.16666666666666669,0.16666666666666669,0.16666666666666669,0.16666666666666669,0.16666666666666669
184,184.0,184.9,0.16666666666666669,0.16666666666666669,0.16666666666666669,0.16666666666666669,0.16666666666666669,0.16666666666666669
185,185.0,185.9,0.16666666666666669,0.16666666666666669,0.16666666666666669,0.16666666666666669,0.16666666666666669,0.16666666666666669
186,186.0,186.9,0.16666666666666669,0.16666666666666669,0.16666666666666669,0.16666666666666669,0.16666666666666669,0.16666666666666669
187,187.0,187.9,0.16666666666666669,0.16666666666666669,0.16666666666666669,0.16666666666666669,0.16666666666666669,0.16666666666666669
188,188.0,188.9,0.16666666666666669,0.16666666666666669,0.16666666666666669,0.16666666666666669,0.16666666666666669,0.16666666666666669
189,189.0,189.9,0.16666666666666669,0.16666666666666669,0.16666666666666669,0.16666666666666669,0.16666666666666669,0.16666666666666669
190,190.0,190.9,0.16666666666666669,0.16666666666666669,0.16666666666666669,0.16666666666666669,0.16666666666666669,0.16666666666666669
191,191.0,191.9,0.16666666666666669,0.16666666666666669,0.16666666666666669,0.16666666666666669,0.16666666666666669,0.16666666666666669
192,192.0,192.9,0.16666666666666669,0.16666666666666669,0.16666666666666669,0.16666666666666669,0.16666666666666669,0.16666666666666669
193,193.0,193.9,0.16666666666666669,0.16666666666666669,0.16666666666666669,0.16666666666666669,0.16666666666666669,0.16666666666666669
194,194.0,194.9,0.16666666666666669,0.16666666666666669,0.16666666666666669,0.16666666666666669,0.16666666666666669,0.16666666666666669
195,195.0,195.9,0.16666666666666669,0.16666666666666669,0.16666666666666669,0.16666666666666669,0.16666666666666669,0.16666666666666669
196,196.0,196.9,0.16666666666666669,0.16666666666666669,0.16666666666666669,0.16666666666666669,0.16666666666666669,0.16666666666666669
197,197.0,197.9,0.16666666666666669,0.16666666666666669,0.16666666666666669,0.16666666666666669,0.16666666666666669,0.16666666666666669
198,198.0,198.9,0.16666666666666669,0.16666666666666669,0.16666666666666669,0.16666666666666669,0.16666666666666669,0.16666666666666669
199,199.0,199.9,0.16428571428571428,0.16428571428571428,0.16428571428571428,0.17857142857142855,0.16428571428571428,0.16428571428571428
200,200.0,200.9,0.17261904761904762,0.16011904761904763,0.17440476190476192,0.17261904761904762,0.16011904761904763,0.16011904761904763
201,201.0,201.9,0.16746031746031748,0.15634920634920635,0.18174603174603174,0.16746031746031748,0.17063492063492064,0.15634920634920635
202,202.0,202.9,0.16746031746031748,0.15634920634920635,0.18174603174603174,0.16746031746031748,0.17063492063492064,0.15634920634920635
203,203.0,203.9,0.16814058956916098,0.15702947845804988,0.1824263038548753,0.16712018140589568,0.17029478458049888,0.15498866213151927
204,204.0,204.9,0.16814058956916098,0.15702947845804988,0.1824263038548753,0.16712018140589568,0.17029478458049888,0.15498866213151927
205,205.0,205.9,0.16814058956916098,0.15702947845804988,0.1824263038548753,0.16712018140589568,0.17029478458049888,0.15498866213151927
206,206.0,206.9,0.16506627393225332,0.15609720176730485,0.1671281296023564,0.16403534609720177,0.17935198821796758,0.16832106038291605
207,207.0,208.0,0.16489795918367345,0.15693877551020408,0.16693877551020406,0.16387755102040816,0.17918367346938774,0.16816326530612247
208,208.0,209.0,0.16489795918367345,0.15693877551020408,0.16693877551020406,0.17816326530612242,0.16489795918367345,0.16816326530612247
209,209.0,210.0,0.16489795918367345,0.15693877551020408,0.16693877551020406,0.17816326530612242,0.16489795918367345,0.16816326530612247
210,210.0,211.0,0.16328055964653904,0.1688733431516937,0.16534241531664212,0.17371870397643593,0.1622496318114875,0.16653534609720178
211,211.0,212.0,0.16172335600907028,0.17700680272108843,0.1647845804988662,0.1850793650793651,0.160702947845805,0.150702947845805
212,212.0,213.0,0.16061224489795917,0.18367346938775514,0.16367346938775512,0.18285714285714286,0.15959183673469388,0.1495918367346939
213,213.0,214.0,0.16061224489795917,0.18367346938775514,0.16367346938775512,0.18285714285714286,0.15959183673469388,0.1495918367346939
214,214.0,215.0,0.15970315398886825,0.18912801484230055,0.16276437847866418,0.18103896103896105,0.15868274582560296,0.14868274582560298
215,215.0,216.0,0.1589455782312925,0.1853401360544218,0.16200680272108842,0.17952380952380953,0.1579251700680272,0.15625850340136055
216,216.0,217.0,0.15882012724117986,0.19043956043956048,0.1609253903990746,0.17764025448235973,0.14671486408328513,0.1654598033545402
217,217.0,218.0,0.1582706766917293,0.1942857142857143,0.16037593984962406,0.17654135338345864,0.14616541353383458,0.1643609022556391
218,218.0,219.0,0.15694235588972433,0.1919047619047619,0.17228070175438598,0.17416040100250627,0.14273182957393485,0.16197994987468672
219,219.0,220.0,0.15694235588972433,0.1919047619047619,0.17228070175438598,0.17416040100250627,0.14273182957393485,0.16197994987468672
220,220.0,221.0,0.15694235588972433,0.1919047619047619,0.17228070175438598,0.17416040100250627,0.14273182957393485,0.16197994987468672
221,221.0,222.0,0.16456140350877194,0.1895238095238095,0.18418546365914784,0.17177944862155387,0.14035087719298245,0.14959899749373434
222,222.0,223.0,0.16174277335567658,0.19022762184052505,0.18337383047060468,0.17839407903924032,0.13818461108783686,0.14807708420611645
223,223.0,224.0,0.1594700460829493,0.18947004608294932,0.19019201228878646,0.17612135176651306,0.1374270353302611,0.1473195084485407
224,224.0,225.0,0.15713030249320573,0.18549568710859032,0.18785226869904287,0.1873072492024105,0.1363693430225688,0.14584514947418173
225,225.0,226.0,0.15497694114866792,0.19915114929346428,0.1849884618859951,0.18441859374022562,0.134215981678031,0.1422488722536161
226,226.0,227.0,0.1522691913820946,0.19938457599747922,0.18228071211942182,0.18105724920241048,0.13150823191145772,0.15350003938713616
227,227.0,228.0,0.13613671274961597,0.20835893497183816,0.18975934459805427,0.18223246287762415,0.13076036866359447,0.15275217613927292
228,228.0,229.0,0.13613671274961597,0.20835893497183816,0.18975934459805427,0.18223246287762415,0.13076036866359447,0.15275217613927292
229,229.0,230.0,0.13557524459058984,0.20485629034222383,0.1914068525961109,0.18336479519343968,0.13122741850363334,0.15356939877400236
230,230.0,231.0,0.1349342189495642,0.2042152647011982,0.196535057724316,0.18080069262933712,0.1305863928626077,0.15292837313297672
231,231.0,232.0,0.13438476840011365,0.2025788576300085,0.19487476149880242,0.18574574757439208,0.13003694231315716,0.15237892258352617
232,232.0,233.0,0.1339085779239232,0.20210266715381803,0.21344619007023097,0.18336479519343968,0.12956075183696666,0.1376170178216214
233,233.0,234.0,0.1339085779239232,0.19622031421264155,0.21344619007023097,0.18924714813461616,0.12956075183696666,0.1376170178216214
234,234.0,235.0,0.1339085779239232,0.19622031421264155,0.21344619007023097,0.18924714813461616,0.12956075183696666,0.1376170178216214
235,235.0,236.0,0.13212286363820888,0.19443459992692727,0.2098747614988024,0.18746143384890188,0.12777503755125239,0.14833130353590712
236,236.0,237.0,0.1309250879839115,0.1921259785965668,0.20735976441858792,0.18622782446311859,0.12652948358830712,0.15683186094950802
237,237.0,238.0,0.13029016734899088,0.19149105796164617,0.2037089707677943,0.18749766573295987,0.12589456295338647,0.16111757523522227
238,238.0,239.0,0.12828217534099887,0.19058196705255526,0.21007260713143067,0.18658857482386895,0.12608437314319668,0.15839030250794955
239,239.0,240.0,0.135425032483856,0.19058196705255526,0.20292974998857352,0.18658857482386895,0.12608437314319668,0.15839030250794955
240,240.0,241.0,0.135425032483856,0.19058196705255526,0.20292974998857352,0.18658857482386895,0.12608437314319668,0.15839030250794955
241,241.0,242.0,0.13363931819814173,0.18879625276684098,0.21185832141714492,0.18480286053815467,0.12429865885748237,0.15660458822223527
242,242.0,243.0,0.13363931819814173,0.18879625276684098,0.21185832141714492,0.18480286053815467,0.12429865885748237,0.15660458822223527
243,243.0,244.0,0.1320712606518233,0.18724013979768453,0.21853998516402603,0.18325869214616017,0.12275449046548792,0.15613543177481795
244,244.0,245.0,0.1320712606518233,0.18724013979768453,0.21853998516402603,0.18325869214616017,0.12275449046548792,0.15613543177481795
245,245.0,246.0,0.1320712606518233,0.18724013979768453,0.21853998516402603,0.18325869214616017,0.12275449046548792,0.15613543177481795
246,246.0,247.0,0.1320712606518233,0.18724013979768453,0.21853998516402603,0.18325869214616017,0.12275449046548792,0.15613543177481795
247,247.0,248.0,0.13687645545701813,0.19009728265482737,0.23711141373545463,0.15754440643187445,0.12561163332263076,0.1527588083981946
248,248.0,249.0,0.13687645545701813,0.19009728265482737,0.23711141373545463,0.15754440643187445,0.12561163332263076,0.1527588083981946
249,249.0,250.0,0.13687645545701813,0.19009728265482737,0.23711141373545463,0.15754440643187445,0.12561163332263076,0.1527588083981946
250,250.0,251.0,0.13687645545701813,0.19009728265482737,0.23711141373545463,0.15754440643187445,0.12561163332263076,0.1527588083981946
251,251.0,252.0,0.13687645545701813,0.19009728265482737,0.23711141373545463,0.15754440643187445,0.12561163332263076,0.1527588083981946
252,252.0,253.0,0.13687645545701813,0.19009728265482737,0.23711141373545463,0.15754440643187445,0.12561163332263076,0.1527588083981946
253,253.0,254.0,0.13687645545701813,0.18421492971365092,0.23711141373545463,0.15754440643187445,0.12561163332263076,0.15864116133937106
254,254.0,255.0,0.130867839889579,0.1853364389233954,0.23792097998619735,0.1596463077984817,0.12869392684610076,0.15753450655624568
255,255.0,256.0,0.13047258297258296,0.18602813852813851,0.2390079365079365,0.15915223665223666,0.1281998556998557,0.15713924963924963
256,256.0,257.0,0.13047258297258296,0.18602813852813851,0.2390079365079365,0.15915223665223666,0.1281998556998557,0.15713924963924963
257,257.0,258.0,0.13047258297258296,0.18602813852813851,0.2390079365079365,0.15915223665223666,0.1281998556998557,0.15713924963924963
258,258.0,259.0,0.13047258297258296,0.18602813852813851,0.2390079365079365,0.15915223665223666,0.1281998556998557,0.15713924963924963
259,259.0,260.0,0.13276795775781575,0.19501722528091694,0.2306935187868251,0.15651952735117036,0.13046910718310312,0.1545326636401687
260,260.0,261.0,0.13276795775781575,0.19501722528091694,0.2306935187868251,0.15651952735117036,0.13046910718310312,0.1545326636401687
261,261.0,262.0,0.13865031069899222,0.1891348723397405,0.23184294407418138,0.15537010206381402,0.13046910718310312,0.1545326636401687
262,262.0,263.0,0.1379967159277504,0.18684729064039407,0.23151614668856046,0.15438970990695128,0.1301423097974822,0.1591078270388615
263,263.0,264.0,0.14049671592775043,0.18934729064039407,0.21651614668856048,0.15688970990695128,0.1326423097974822,0.16410782703886154
264,264.0,265.0,0.14308652378071612,0.19047511018926624,0.18606501886901158,0.15918712009909833,0.15507338749171778,0.16611283957018982
265,265.0,266.0,0.14308652378071612,0.19047511018926624,0.18606501886901158,0.15918712009909833,0.15507338749171778,0.16611283957018982
266,266.0,267.0,0.14308652378071612,0.1852119522945294,0.18606501886901158,0.16445027799383516,0.15507338749171778,0.16611283957018982
267,267.0,268.0,0.14407440169050076,0.18734925549167034,0.17479630448670697,0.16653349058921812,0.1726458302619293,0.15460071747997445
268,268.0,269.0,0.14407440169050076,0.18734925549167034,0.17479630448670697,0.16653349058921812,0.1726458302619293,0.15460071747997445
269,269.0,270.0,0.14407440169050076,0.18734925549167034,0.17479630448670697,0.16653349058921812,0.1726458302619293,0.15460071747997445
270,270.0,271.0,0.14513495320608863,0.17912188131066378,0.17627733263848172,0.1747421449199835,0.16782402883634073,0.15689965908844156
271,271.0,272.0,0.1444813584348468,0.18337024732373566,0.1759505352528608,0.1731081579918789,0.16749723145071982,0.1555924695459579
272,272.0,273.0,0.1444813584348468,0.18337024732373566,0.1759505352528608,0.1731081579918789,0.16749723145071982,0.1555924695459579
273,273.0,274.0,0.1446591970121382,0.18354808590102706,0.17744164332399628,0.17208216619981323,0.1676750700280112,0.154593837535014
274,274.0,275.0,0.14227824463118582,0.18116713352007469,0.18934640522875817,0.16970121381886086,0.16529411764705884,0.15221288515406162
275,275.0,276.0,0.14227824463118582,0.18116713352007469,0.18934640522875817,0.16970121381886086,0.16529411764705884,0.15221288515406162
276,276.0,277.0,0.14049253034547152,0.1793814192343604,0.1857749766573296,0.18041549953314656,0.1635084033613445,0.15042717086834734
277,277.0,278.0,0.13811157796451914,0.1912861811391223,0.18339402427637722,0.1780345471521942,0.16112745098039213,0.14804621848739496
278,278.0,279.0,0.148015873015873,0.19126984126984126,0.18095238095238095,0.1742063492063492,0.1599206349206349,0.14563492063492062
279,279.0,280.0,0.14783380018674136,0.192250233426704,0.18061624649859945,0.17408029878618114,0.15973856209150325,0.14548085901027075
280,280.0,281.0,0.14561157796451912,0.19113912231559288,0.17839402427637724,0.17185807656395888,0.15862745098039216,0.15436974789915964
281,281.0,282.0,0.14561157796451912,0.17685340802987862,0.1938562091503268,0.17185807656395888,0.15862745098039216,0.15319327731092436
282,282.0,283.0,0.14543373938722776,0.1766482096714655,0.1946770025839793,0.17173495754891102,0.15844961240310076,0.15305647840531558
283,283.0,284.0,0.14543373938722776,0.1766482096714655,0.1946770025839793,0.15744924326319673,0.15844961240310076,0.1673421926910299
284,284.0,285.0,0.14543373938722776,0.1766482096714655,0.2046770025839793,0.15744924326319673,0.15844961240310076,0.1573421926910299
285,285.0,286.0,0.14543373938722776,0.1766482096714655,0.19039128829826504,0.15744924326319673,0.17273532668881503,0.1573421926910299
286,286.0,287.0,0.14182984328333165,0.17395340447666027,0.18587830128527802,0.16634534715930066,0.17734571629920468,0.1546473874962247
287,287.0,288.0,0.14031469176818015,0.17319582871908454,0.18360557401255073,0.16483019564414914,0.18416389811738648,0.15388981173864896
288,288.0,289.0,0.13892580287929127,0.17180693983019565,0.2076135105204872,0.1620524178663713,0.18138612033960871,0.1382152085640458
289,289.0,290.0,0.13892580287929127,0.17180693983019565,0.2076135105204872,0.1620524178663713,0.18138612033960871,0.1382152085640458
290,290.0,291.0,0.1392857142857143,0.17103174603174603,0.2095238095238095,0.1623015873015873,0.18174603174603174,0.13611111111111113
291,291.0,292.0,0.14179526355996946,0.17159324335794923,0.21343858755623457,0.16369068839657075,0.16363466598760718,0.1458475511416688
292,292.0,293.0,0.14179526355996946,0.17159324335794923,0.21343858755623457,0.16369068839657075,0.16363466598760718,0.1458475511416688
293,293.0,294.0,0.14179526355996946,0.17159324335794923,0.2122621169679993,0.16369068839657075,0.16481113657584248,0.1458475511416688
294,294.0,295.0,0.14179526355996946,0.17159324335794923,0.20115100585688822,0.16369068839657075,0.17592224768695358,0.1458475511416688
295,295.0,296.0,0.14179526355996946,0.17159324335794923,0.18686529157117396,0.17797640268228504,0.17592224768695358,0.1458475511416688
