Total_iterations,Unnamed: 0.1,Intertwine_two,Add_vertex,Delete_vertex,Invert_path_vertices,Insert_inside_vertex,Delete_inside_vertex
0,0.0,0.1666666666666666,0.1666666666666666,0.1666666666666666,0.1666666666666666,0.1666666666666666,0.1666666666666666
1,1.0,0.1666666666666666,0.1666666666666666,0.1666666666666666,0.1666666666666666,0.1666666666666666,0.1666666666666666
2,2.0,0.1666666666666666,0.1666666666666666,0.1666666666666666,0.1666666666666666,0.1666666666666666,0.1666666666666666
3,3.0,0.1666666666666666,0.1666666666666666,0.1666666666666666,0.1666666666666666,0.1666666666666666,0.1666666666666666
4,4.0,0.1666666666666666,0.1666666666666666,0.1666666666666666,0.1666666666666666,0.1666666666666666,0.1666666666666666
5,5.0,0.1666666666666666,0.1666666666666666,0.1666666666666666,0.1666666666666666,0.1666666666666666,0.1666666666666666
6,6.0,0.1666666666666666,0.1666666666666666,0.1666666666666666,0.1666666666666666,0.1666666666666666,0.1666666666666666
7,7.0,0.1666666666666666,0.1666666666666666,0.1666666666666666,0.1666666666666666,0.1666666666666666,0.1666666666666666
8,8.0,0.1666666666666666,0.1666666666666666,0.1666666666666666,0.1666666666666666,0.1666666666666666,0.1666666666666666
9,9.0,0.1666666666666666,0.1666666666666666,0.1666666666666666,0.1666666666666666,0.1666666666666666,0.1666666666666666
10,10.0,0.1666666666666666,0.1666666666666666,0.1666666666666666,0.1666666666666666,0.1666666666666666,0.1666666666666666
11,11.0,0.1666666666666666,0.1666666666666666,0.1666666666666666,0.1666666666666666,0.1666666666666666,0.1666666666666666
12,12.0,0.1666666666666666,0.1666666666666666,0.1666666666666666,0.1666666666666666,0.1666666666666666,0.1666666666666666
13,13.0,0.1666666666666666,0.1666666666666666,0.1666666666666666,0.1666666666666666,0.1666666666666666,0.1666666666666666
14,14.0,0.1666666666666666,0.1666666666666666,0.1666666666666666,0.1666666666666666,0.1666666666666666,0.1666666666666666
15,15.0,0.1666666666666666,0.1666666666666666,0.1666666666666666,0.1666666666666666,0.1666666666666666,0.1666666666666666
16,16.0,0.1666666666666666,0.1666666666666666,0.1666666666666666,0.1666666666666666,0.1666666666666666,0.1666666666666666
17,17.0,0.1666666666666666,0.1666666666666666,0.1666666666666666,0.1666666666666666,0.1666666666666666,0.1666666666666666
18,18.0,0.1666666666666666,0.1666666666666666,0.1666666666666666,0.1666666666666666,0.1666666666666666,0.1666666666666666
19,19.0,0.1666666666666666,0.1666666666666666,0.1666666666666666,0.1666666666666666,0.1666666666666666,0.1666666666666666
20,20.0,0.1666666666666666,0.1666666666666666,0.1666666666666666,0.1666666666666666,0.1666666666666666,0.1666666666666666
21,21.0,0.1666666666666666,0.1666666666666666,0.1666666666666666,0.1666666666666666,0.1666666666666666,0.1666666666666666
22,22.0,0.1666666666666666,0.1666666666666666,0.1666666666666666,0.1666666666666666,0.1666666666666666,0.1666666666666666
23,23.0,0.1666666666666666,0.1666666666666666,0.1666666666666666,0.1666666666666666,0.1666666666666666,0.1666666666666666
24,24.0,0.1666666666666666,0.1666666666666666,0.1666666666666666,0.1666666666666666,0.1666666666666666,0.1666666666666666
25,25.0,0.1666666666666666,0.1666666666666666,0.1666666666666666,0.1666666666666666,0.1666666666666666,0.1666666666666666
26,26.0,0.1666666666666666,0.1666666666666666,0.1666666666666666,0.1666666666666666,0.1666666666666666,0.1666666666666666
27,27.0,0.1666666666666666,0.1666666666666666,0.1666666666666666,0.1666666666666666,0.1666666666666666,0.1666666666666666
28,28.0,0.1666666666666666,0.1666666666666666,0.1666666666666666,0.1666666666666666,0.1666666666666666,0.1666666666666666
29,29.0,0.1666666666666666,0.1666666666666666,0.1666666666666666,0.1666666666666666,0.1666666666666666,0.1666666666666666
30,30.0,0.1666666666666666,0.1666666666666666,0.1666666666666666,0.1666666666666666,0.1666666666666666,0.1666666666666666
31,31.0,0.1666666666666666,0.1666666666666666,0.1666666666666666,0.1666666666666666,0.1666666666666666,0.1666666666666666
32,32.0,0.1666666666666666,0.1666666666666666,0.1666666666666666,0.1666666666666666,0.1666666666666666,0.1666666666666666
33,33.0,0.1666666666666666,0.1666666666666666,0.1666666666666666,0.1666666666666666,0.1666666666666666,0.1666666666666666
34,34.0,0.1666666666666666,0.1666666666666666,0.1666666666666666,0.1666666666666666,0.1666666666666666,0.1666666666666666
35,35.0,0.1666666666666666,0.1666666666666666,0.1666666666666666,0.1666666666666666,0.1666666666666666,0.1666666666666666
36,36.0,0.1666666666666666,0.1666666666666666,0.1666666666666666,0.1666666666666666,0.1666666666666666,0.1666666666666666
37,37.0,0.1666666666666666,0.1666666666666666,0.1666666666666666,0.1666666666666666,0.1666666666666666,0.1666666666666666
38,38.0,0.1666666666666666,0.1666666666666666,0.1666666666666666,0.1666666666666666,0.1666666666666666,0.1666666666666666
39,39.0,0.1666666666666666,0.1666666666666666,0.1666666666666666,0.1666666666666666,0.1666666666666666,0.1666666666666666
40,40.0,0.1666666666666666,0.1666666666666666,0.1666666666666666,0.1666666666666666,0.1666666666666666,0.1666666666666666
41,41.0,0.1666666666666666,0.1666666666666666,0.1666666666666666,0.1666666666666666,0.1666666666666666,0.1666666666666666
42,42.0,0.1666666666666666,0.1666666666666666,0.1666666666666666,0.1666666666666666,0.1666666666666666,0.1666666666666666
43,43.0,0.1666666666666666,0.1666666666666666,0.1666666666666666,0.1666666666666666,0.1666666666666666,0.1666666666666666
44,44.0,0.1666666666666666,0.1666666666666666,0.1666666666666666,0.1666666666666666,0.1666666666666666,0.1666666666666666
45,45.0,0.1666666666666666,0.1666666666666666,0.1666666666666666,0.1666666666666666,0.1666666666666666,0.1666666666666666
46,46.0,0.1666666666666666,0.1666666666666666,0.1666666666666666,0.1666666666666666,0.1666666666666666,0.1666666666666666
47,47.0,0.1666666666666666,0.1666666666666666,0.1666666666666666,0.1666666666666666,0.1666666666666666,0.1666666666666666
48,48.0,0.1666666666666666,0.1666666666666666,0.1666666666666666,0.1666666666666666,0.1666666666666666,0.1666666666666666
49,49.0,0.1666666666666666,0.1666666666666666,0.1666666666666666,0.1666666666666666,0.1666666666666666,0.1666666666666666
50,50.0,0.1666666666666666,0.1666666666666666,0.1666666666666666,0.1666666666666666,0.1666666666666666,0.1666666666666666
51,51.0,0.1666666666666666,0.1666666666666666,0.1666666666666666,0.1666666666666666,0.1666666666666666,0.1666666666666666
52,52.0,0.1666666666666666,0.1666666666666666,0.1666666666666666,0.1666666666666666,0.1666666666666666,0.1666666666666666
53,53.0,0.1666666666666666,0.1666666666666666,0.1666666666666666,0.1666666666666666,0.1666666666666666,0.1666666666666666
54,54.0,0.1666666666666666,0.1666666666666666,0.1666666666666666,0.1666666666666666,0.1666666666666666,0.1666666666666666
55,55.0,0.1666666666666666,0.1666666666666666,0.1666666666666666,0.1666666666666666,0.1666666666666666,0.1666666666666666
56,56.0,0.1666666666666666,0.1666666666666666,0.1666666666666666,0.1666666666666666,0.1666666666666666,0.1666666666666666
57,57.0,0.1666666666666666,0.1666666666666666,0.1666666666666666,0.1666666666666666,0.1666666666666666,0.1666666666666666
58,58.0,0.1666666666666666,0.1666666666666666,0.1666666666666666,0.1666666666666666,0.1666666666666666,0.1666666666666666
59,59.0,0.1666666666666666,0.1666666666666666,0.1666666666666666,0.1666666666666666,0.1666666666666666,0.1666666666666666
60,60.0,0.1666666666666666,0.1666666666666666,0.1666666666666666,0.1666666666666666,0.1666666666666666,0.1666666666666666
61,61.0,0.1666666666666666,0.1666666666666666,0.1666666666666666,0.1666666666666666,0.1666666666666666,0.1666666666666666
62,62.0,0.1666666666666666,0.1666666666666666,0.1666666666666666,0.1666666666666666,0.1666666666666666,0.1666666666666666
63,63.0,0.1666666666666666,0.1666666666666666,0.1666666666666666,0.1666666666666666,0.1666666666666666,0.1666666666666666
64,64.0,0.1666666666666666,0.1666666666666666,0.1666666666666666,0.1666666666666666,0.1666666666666666,0.1666666666666666
65,65.0,0.1666666666666666,0.1666666666666666,0.1666666666666666,0.1666666666666666,0.1666666666666666,0.1666666666666666
66,66.0,0.1666666666666666,0.1666666666666666,0.1666666666666666,0.1666666666666666,0.1666666666666666,0.1666666666666666
67,67.0,0.1666666666666666,0.1666666666666666,0.1666666666666666,0.1666666666666666,0.1666666666666666,0.1666666666666666
68,68.0,0.1666666666666666,0.1666666666666666,0.1666666666666666,0.1666666666666666,0.1666666666666666,0.1666666666666666
69,69.0,0.1666666666666666,0.1666666666666666,0.1666666666666666,0.1666666666666666,0.1666666666666666,0.1666666666666666
70,70.0,0.1666666666666666,0.1666666666666666,0.1666666666666666,0.1666666666666666,0.1666666666666666,0.1666666666666666
71,71.0,0.1666666666666666,0.1666666666666666,0.1666666666666666,0.1666666666666666,0.1666666666666666,0.1666666666666666
72,72.0,0.1666666666666666,0.1666666666666666,0.1666666666666666,0.1666666666666666,0.1666666666666666,0.1666666666666666
73,73.0,0.1666666666666666,0.1666666666666666,0.1666666666666666,0.1666666666666666,0.1666666666666666,0.1666666666666666
74,74.0,0.1666666666666666,0.1666666666666666,0.1666666666666666,0.1666666666666666,0.1666666666666666,0.1666666666666666
75,75.0,0.1666666666666666,0.1666666666666666,0.1666666666666666,0.1666666666666666,0.1666666666666666,0.1666666666666666
76,76.0,0.1666666666666666,0.1666666666666666,0.1666666666666666,0.1666666666666666,0.1666666666666666,0.1666666666666666
77,77.0,0.1666666666666666,0.1666666666666666,0.1666666666666666,0.1666666666666666,0.1666666666666666,0.1666666666666666
78,78.0,0.1666666666666666,0.1666666666666666,0.1666666666666666,0.1666666666666666,0.1666666666666666,0.1666666666666666
79,79.0,0.1666666666666666,0.1666666666666666,0.1666666666666666,0.1666666666666666,0.1666666666666666,0.1666666666666666
80,80.0,0.1666666666666666,0.1666666666666666,0.1666666666666666,0.1666666666666666,0.1666666666666666,0.1666666666666666
81,81.0,0.1666666666666666,0.1666666666666666,0.1666666666666666,0.1666666666666666,0.1666666666666666,0.1666666666666666
82,82.0,0.1666666666666666,0.1666666666666666,0.1666666666666666,0.1666666666666666,0.1666666666666666,0.1666666666666666
83,83.0,0.1666666666666666,0.1666666666666666,0.1666666666666666,0.1666666666666666,0.1666666666666666,0.1666666666666666
84,84.0,0.1666666666666666,0.1666666666666666,0.1666666666666666,0.1666666666666666,0.1666666666666666,0.1666666666666666
85,85.0,0.1666666666666666,0.1666666666666666,0.1666666666666666,0.1666666666666666,0.1666666666666666,0.1666666666666666
86,86.0,0.1666666666666666,0.1666666666666666,0.1666666666666666,0.1666666666666666,0.1666666666666666,0.1666666666666666
87,87.0,0.1666666666666666,0.1666666666666666,0.1666666666666666,0.1666666666666666,0.1666666666666666,0.1666666666666666
88,88.0,0.1666666666666666,0.1666666666666666,0.1666666666666666,0.1666666666666666,0.1666666666666666,0.1666666666666666
89,89.0,0.1666666666666666,0.1666666666666666,0.1666666666666666,0.1666666666666666,0.1666666666666666,0.1666666666666666
90,90.0,0.1666666666666666,0.1666666666666666,0.1666666666666666,0.1666666666666666,0.1666666666666666,0.1666666666666666
91,91.0,0.1666666666666666,0.1666666666666666,0.1666666666666666,0.1666666666666666,0.1666666666666666,0.1666666666666666
92,92.0,0.1666666666666666,0.1666666666666666,0.1666666666666666,0.1666666666666666,0.1666666666666666,0.1666666666666666
93,93.0,0.1666666666666666,0.1666666666666666,0.1666666666666666,0.1666666666666666,0.1666666666666666,0.1666666666666666
94,94.0,0.1666666666666666,0.1666666666666666,0.1666666666666666,0.1666666666666666,0.1666666666666666,0.1666666666666666
95,95.0,0.1666666666666666,0.1666666666666666,0.1666666666666666,0.1666666666666666,0.1666666666666666,0.1666666666666666
96,96.0,0.1666666666666666,0.1666666666666666,0.1666666666666666,0.1666666666666666,0.1666666666666666,0.1666666666666666
97,97.0,0.1666666666666666,0.1666666666666666,0.1666666666666666,0.1666666666666666,0.1666666666666666,0.1666666666666666
98,98.0,0.1666666666666666,0.1666666666666666,0.1666666666666666,0.1666666666666666,0.1666666666666666,0.1666666666666666
99,99.0,0.1666666666666666,0.1666666666666666,0.1666666666666666,0.1666666666666666,0.1666666666666666,0.1666666666666666
100,100.0,0.1666666666666666,0.1666666666666666,0.1666666666666666,0.1666666666666666,0.1666666666666666,0.1666666666666666
101,101.0,0.1666666666666666,0.1666666666666666,0.1666666666666666,0.1666666666666666,0.1666666666666666,0.1666666666666666
102,102.0,0.1666666666666666,0.1666666666666666,0.1666666666666666,0.1666666666666666,0.1666666666666666,0.1666666666666666
103,103.0,0.1666666666666666,0.1666666666666666,0.1666666666666666,0.1666666666666666,0.1666666666666666,0.1666666666666666
104,104.0,0.1666666666666666,0.1666666666666666,0.1666666666666666,0.1666666666666666,0.1666666666666666,0.1666666666666666
105,105.0,0.1666666666666666,0.1666666666666666,0.1666666666666666,0.1666666666666666,0.1666666666666666,0.1666666666666666
106,106.0,0.1666666666666666,0.1666666666666666,0.1666666666666666,0.1666666666666666,0.1666666666666666,0.1666666666666666
107,107.0,0.1666666666666666,0.1666666666666666,0.1666666666666666,0.1666666666666666,0.1666666666666666,0.1666666666666666
108,108.0,0.1666666666666666,0.1666666666666666,0.1666666666666666,0.1666666666666666,0.1666666666666666,0.1666666666666666
109,109.0,0.1666666666666666,0.1666666666666666,0.1666666666666666,0.1666666666666666,0.1666666666666666,0.1666666666666666
110,110.0,0.1666666666666666,0.1666666666666666,0.1666666666666666,0.1666666666666666,0.1666666666666666,0.1666666666666666
111,111.0,0.1666666666666666,0.1666666666666666,0.1666666666666666,0.1666666666666666,0.1666666666666666,0.1666666666666666
112,112.0,0.1666666666666666,0.1666666666666666,0.1666666666666666,0.1666666666666666,0.1666666666666666,0.1666666666666666
113,113.0,0.1666666666666666,0.1666666666666666,0.1666666666666666,0.1666666666666666,0.1666666666666666,0.1666666666666666
114,114.0,0.1666666666666666,0.1666666666666666,0.1666666666666666,0.1666666666666666,0.1666666666666666,0.1666666666666666
115,115.0,0.1666666666666666,0.1666666666666666,0.1666666666666666,0.1666666666666666,0.1666666666666666,0.1666666666666666
116,116.0,0.1666666666666666,0.1666666666666666,0.1666666666666666,0.1666666666666666,0.1666666666666666,0.1666666666666666
117,117.0,0.1666666666666666,0.1666666666666666,0.1666666666666666,0.1666666666666666,0.1666666666666666,0.1666666666666666
118,118.0,0.1666666666666666,0.1666666666666666,0.1666666666666666,0.1666666666666666,0.1666666666666666,0.1666666666666666
119,119.0,0.1666666666666666,0.1666666666666666,0.1666666666666666,0.1666666666666666,0.1666666666666666,0.1666666666666666
120,120.0,0.1666666666666666,0.1666666666666666,0.1666666666666666,0.1666666666666666,0.1666666666666666,0.1666666666666666
121,121.0,0.1666666666666666,0.1666666666666666,0.1666666666666666,0.1666666666666666,0.1666666666666666,0.1666666666666666
122,122.0,0.1666666666666666,0.1666666666666666,0.1666666666666666,0.1666666666666666,0.1666666666666666,0.1666666666666666
123,123.0,0.1666666666666666,0.1666666666666666,0.1666666666666666,0.1666666666666666,0.1666666666666666,0.1666666666666666
124,124.0,0.1666666666666666,0.1666666666666666,0.1666666666666666,0.1666666666666666,0.1666666666666666,0.1666666666666666
125,125.0,0.1666666666666666,0.1666666666666666,0.1666666666666666,0.1666666666666666,0.1666666666666666,0.1666666666666666
126,126.0,0.1666666666666666,0.1666666666666666,0.1666666666666666,0.1666666666666666,0.1666666666666666,0.1666666666666666
127,127.0,0.1666666666666666,0.1666666666666666,0.1666666666666666,0.1666666666666666,0.1666666666666666,0.1666666666666666
128,128.0,0.1666666666666666,0.1666666666666666,0.1666666666666666,0.1666666666666666,0.1666666666666666,0.1666666666666666
129,129.0,0.1666666666666666,0.1666666666666666,0.1666666666666666,0.1666666666666666,0.1666666666666666,0.1666666666666666
130,130.0,0.1666666666666666,0.1666666666666666,0.1666666666666666,0.1666666666666666,0.1666666666666666,0.1666666666666666
131,131.0,0.1666666666666666,0.1666666666666666,0.1666666666666666,0.1666666666666666,0.1666666666666666,0.1666666666666666
132,132.0,0.1666666666666666,0.1666666666666666,0.1666666666666666,0.1666666666666666,0.1666666666666666,0.1666666666666666
133,133.0,0.1666666666666666,0.1666666666666666,0.1666666666666666,0.1666666666666666,0.1666666666666666,0.1666666666666666
134,134.0,0.1666666666666666,0.1666666666666666,0.1666666666666666,0.1666666666666666,0.1666666666666666,0.1666666666666666
135,135.0,0.1666666666666666,0.1666666666666666,0.1666666666666666,0.1666666666666666,0.1666666666666666,0.1666666666666666
136,136.0,0.1666666666666666,0.1666666666666666,0.1666666666666666,0.1666666666666666,0.1666666666666666,0.1666666666666666
137,137.0,0.1666666666666666,0.1666666666666666,0.1666666666666666,0.1666666666666666,0.1666666666666666,0.1666666666666666
138,138.0,0.1666666666666666,0.1666666666666666,0.1666666666666666,0.1666666666666666,0.1666666666666666,0.1666666666666666
139,139.0,0.1666666666666666,0.1666666666666666,0.1666666666666666,0.1666666666666666,0.1666666666666666,0.1666666666666666
140,140.0,0.1666666666666666,0.1666666666666666,0.1666666666666666,0.1666666666666666,0.1666666666666666,0.1666666666666666
141,141.0,0.1666666666666666,0.1666666666666666,0.1666666666666666,0.1666666666666666,0.1666666666666666,0.1666666666666666
142,142.0,0.1666666666666666,0.1666666666666666,0.1666666666666666,0.1666666666666666,0.1666666666666666,0.1666666666666666
143,143.0,0.1666666666666666,0.1666666666666666,0.1666666666666666,0.1666666666666666,0.1666666666666666,0.1666666666666666
144,144.0,0.1666666666666666,0.1666666666666666,0.1666666666666666,0.1666666666666666,0.1666666666666666,0.1666666666666666
145,145.0,0.1666666666666666,0.1666666666666666,0.1666666666666666,0.1666666666666666,0.1666666666666666,0.1666666666666666
146,146.0,0.1666666666666666,0.1666666666666666,0.1666666666666666,0.1666666666666666,0.1666666666666666,0.1666666666666666
147,147.0,0.1666666666666666,0.1666666666666666,0.1666666666666666,0.1666666666666666,0.1666666666666666,0.1666666666666666
148,148.0,0.1666666666666666,0.1666666666666666,0.1666666666666666,0.1666666666666666,0.1666666666666666,0.1666666666666666
149,149.0,0.1666666666666666,0.1666666666666666,0.1666666666666666,0.1666666666666666,0.1666666666666666,0.1666666666666666
150,150.0,0.1666666666666666,0.1666666666666666,0.1666666666666666,0.1666666666666666,0.1666666666666666,0.1666666666666666
151,151.0,0.1666666666666666,0.1666666666666666,0.1666666666666666,0.1666666666666666,0.1666666666666666,0.1666666666666666
152,152.0,0.1666666666666666,0.1666666666666666,0.1666666666666666,0.1666666666666666,0.1666666666666666,0.1666666666666666
153,153.0,0.1666666666666666,0.1666666666666666,0.1666666666666666,0.1666666666666666,0.1666666666666666,0.1666666666666666
154,154.0,0.1666666666666666,0.1666666666666666,0.1666666666666666,0.1666666666666666,0.1666666666666666,0.1666666666666666
155,155.0,0.1666666666666666,0.1666666666666666,0.1666666666666666,0.1666666666666666,0.1666666666666666,0.1666666666666666
156,156.0,0.1666666666666666,0.1666666666666666,0.1666666666666666,0.1666666666666666,0.1666666666666666,0.1666666666666666
157,157.0,0.1666666666666666,0.1666666666666666,0.1666666666666666,0.1666666666666666,0.1666666666666666,0.1666666666666666
158,158.0,0.1666666666666666,0.1666666666666666,0.1666666666666666,0.1666666666666666,0.1666666666666666,0.1666666666666666
159,159.0,0.1666666666666666,0.1666666666666666,0.1666666666666666,0.1666666666666666,0.1666666666666666,0.1666666666666666
160,160.0,0.1666666666666666,0.1666666666666666,0.1666666666666666,0.1666666666666666,0.1666666666666666,0.1666666666666666
161,161.0,0.1666666666666666,0.1666666666666666,0.1666666666666666,0.1666666666666666,0.1666666666666666,0.1666666666666666
162,162.0,0.1666666666666666,0.1666666666666666,0.1666666666666666,0.1666666666666666,0.1666666666666666,0.1666666666666666
163,163.0,0.1666666666666666,0.1666666666666666,0.1666666666666666,0.1666666666666666,0.1666666666666666,0.1666666666666666
164,164.0,0.1666666666666666,0.1666666666666666,0.1666666666666666,0.1666666666666666,0.1666666666666666,0.1666666666666666
165,165.0,0.1666666666666666,0.1666666666666666,0.1666666666666666,0.1666666666666666,0.1666666666666666,0.1666666666666666
166,166.0,0.1666666666666666,0.1666666666666666,0.1666666666666666,0.1666666666666666,0.1666666666666666,0.1666666666666666
167,167.0,0.1666666666666666,0.1666666666666666,0.1666666666666666,0.1666666666666666,0.1666666666666666,0.1666666666666666
168,168.0,0.1666666666666666,0.1666666666666666,0.1666666666666666,0.1666666666666666,0.1666666666666666,0.1666666666666666
169,169.0,0.1666666666666666,0.1666666666666666,0.1666666666666666,0.1666666666666666,0.1666666666666666,0.1666666666666666
170,170.0,0.1666666666666666,0.1666666666666666,0.1666666666666666,0.1666666666666666,0.1666666666666666,0.1666666666666666
171,171.0,0.1666666666666666,0.1666666666666666,0.1666666666666666,0.1666666666666666,0.1666666666666666,0.1666666666666666
172,172.0,0.1666666666666666,0.1666666666666666,0.1666666666666666,0.1666666666666666,0.1666666666666666,0.1666666666666666
173,173.0,0.1666666666666666,0.1666666666666666,0.1666666666666666,0.1666666666666666,0.1666666666666666,0.1666666666666666
174,174.0,0.1666666666666666,0.1666666666666666,0.1666666666666666,0.1666666666666666,0.1666666666666666,0.1666666666666666
175,175.0,0.1666666666666666,0.1666666666666666,0.1666666666666666,0.1666666666666666,0.1666666666666666,0.1666666666666666
176,176.0,0.1666666666666666,0.1666666666666666,0.1666666666666666,0.1666666666666666,0.1666666666666666,0.1666666666666666
177,177.0,0.1666666666666666,0.1666666666666666,0.1666666666666666,0.1666666666666666,0.1666666666666666,0.1666666666666666
178,178.0,0.1666666666666666,0.1666666666666666,0.1666666666666666,0.1666666666666666,0.1666666666666666,0.1666666666666666
179,179.0,0.1666666666666666,0.1666666666666666,0.1666666666666666,0.1666666666666666,0.1666666666666666,0.1666666666666666
180,180.0,0.1666666666666666,0.1666666666666666,0.1666666666666666,0.1666666666666666,0.1666666666666666,0.1666666666666666
181,181.0,0.1666666666666666,0.1666666666666666,0.1666666666666666,0.1666666666666666,0.1666666666666666,0.1666666666666666
182,182.0,0.1666666666666666,0.1666666666666666,0.1666666666666666,0.1666666666666666,0.1666666666666666,0.1666666666666666
183,183.0,0.1666666666666666,0.1666666666666666,0.1666666666666666,0.1666666666666666,0.1666666666666666,0.1666666666666666
184,184.0,0.1666666666666666,0.1666666666666666,0.1666666666666666,0.1666666666666666,0.1666666666666666,0.1666666666666666
185,185.0,0.1666666666666666,0.1666666666666666,0.1666666666666666,0.1666666666666666,0.1666666666666666,0.1666666666666666
186,186.0,0.1666666666666666,0.1666666666666666,0.1666666666666666,0.1666666666666666,0.1666666666666666,0.1666666666666666
187,187.0,0.1666666666666666,0.1666666666666666,0.1666666666666666,0.1666666666666666,0.1666666666666666,0.1666666666666666
188,188.0,0.1666666666666666,0.1666666666666666,0.1666666666666666,0.1666666666666666,0.1666666666666666,0.1666666666666666
189,189.0,0.1666666666666666,0.1666666666666666,0.1666666666666666,0.1666666666666666,0.1666666666666666,0.1666666666666666
190,190.0,0.1666666666666666,0.1666666666666666,0.1666666666666666,0.1666666666666666,0.1666666666666666,0.1666666666666666
191,191.0,0.1666666666666666,0.1666666666666666,0.1666666666666666,0.1666666666666666,0.1666666666666666,0.1666666666666666
192,192.0,0.1666666666666666,0.1666666666666666,0.1666666666666666,0.1666666666666666,0.1666666666666666,0.1666666666666666
193,193.0,0.1666666666666666,0.1666666666666666,0.1666666666666666,0.1666666666666666,0.1666666666666666,0.1666666666666666
194,194.0,0.1666666666666666,0.1666666666666666,0.1666666666666666,0.1666666666666666,0.1666666666666666,0.1666666666666666
195,195.0,0.1666666666666666,0.1666666666666666,0.1666666666666666,0.1666666666666666,0.1666666666666666,0.1666666666666666
196,196.0,0.1666666666666666,0.1666666666666666,0.1666666666666666,0.1666666666666666,0.1666666666666666,0.1666666666666666
197,197.0,0.1666666666666666,0.1666666666666666,0.1666666666666666,0.1666666666666666,0.1666666666666666,0.1666666666666666
198,198.0,0.1666666666666666,0.1666666666666666,0.1666666666666666,0.1666666666666666,0.1666666666666666,0.1666666666666666
199,199.0,0.1664285714285714,0.1664285714285714,0.1664285714285714,0.1678571428571428,0.1664285714285714,0.1664285714285714
200,200.0,0.1670261904761905,0.1657761904761905,0.1672047619047619,0.1684404761904762,0.1657761904761905,0.1657761904761905
201,201.0,0.1671041031746032,0.1647554920634921,0.1687094603174604,0.1684913888888889,0.1661840634920635,0.1647554920634921
202,202.0,0.1671777867460318,0.1637528006349207,0.1701940546031747,0.1685268996031746,0.1665956577777778,0.1637528006349207
203,203.0,0.1673149544783447,0.1628443696172336,0.1717137364426305,0.168514179819161,0.1669724716580499,0.1626402879845805
204,204.0,0.1674466617883345,0.1619686327897234,0.1731885757722631,0.1684887920294161,0.1673448272795193,0.1615625103407438
205,205.0,0.1675721376451335,0.1611310781016474,0.1746083084497586,0.1684522569124105,0.1677094469118515,0.1605267719791985
206,206.0,0.1673833188718022,0.1602430352168686,0.1744344303883039,0.1680975710211709,0.1689691783213839,0.1608724661804706
207,207.0,0.1671733800515506,0.159486495660362,0.1741859417159199,0.1677219519621363,0.1701899332140709,0.1612422973959607
208,208.0,0.1669616809046453,0.1587801328580045,0.1738898302487171,0.1687740222281592,0.1699499785914709,0.1616443551690032
209,209.0,0.1667505144552209,0.1581259927624047,0.1735538193808495,0.1698147778983595,0.169683499237053,0.1620713962661128
210,210.0,0.16638019914431,0.1587188512679918,0.173025623141706,0.1703904867426487,0.1691309796803245,0.1623538600230194
211,211.0,0.1658601986057655,0.1601673147987967,0.1724176309664486,0.1720779729851398,0.1684102302040122,0.1610666524398375
212,212.0,0.1652397185839975,0.1623059935224107,0.17168299639293,0.1735045023021018,0.1675733717406379,0.1596934174579223
213,213.0,0.1646350118275459,0.1644444791323168,0.1709417300067116,0.1748819050929181,0.1667403837735416,0.1583564901669664
214,214.0,0.1639596389865344,0.1671068606292411,0.1701109985620163,0.1760195018004767,0.1658283000418574,0.1569746999798743
215,215.0,0.1632334810038899,0.1693444276398158,0.1692141164851995,0.1769420182781492,0.1648602115654215,0.1564057450275244
216,216.0,0.1625245146927726,0.1720281374719929,0.1682267082462218,0.177609745516366,0.162798550923181,0.1568123431494658
217,217.0,0.1617944560833061,0.1750122059352434,0.1672100825977254,0.178101115010531,0.1607272744218205,0.1571548659513738
218,218.0,0.1609693334606699,0.1776525073975783,0.1674172542770738,0.1782896547009136,0.1583741485657263,0.1572971015980383
219,219.0,0.1601864533245879,0.1801713012587515,0.1676523432632605,0.1784180478852738,0.1560999121053236,0.1574719421628029
220,220.0,0.1594494202277654,0.1825555503402675,0.1679102069357397,0.1784910252823703,0.1539194184656472,0.1576743787482099
221,221.0,0.1595229245591496,0.1845567713911816,0.1693764653796337,0.1782753034588633,0.1516070030629261,0.1566615321482456
222,222.0,0.159357600231582,0.1864779219500022,0.1707630246430792,0.1786776583111026,0.1491966413312632,0.1555271535329709
223,223.0,0.1590053873407394,0.1881686968760883,0.1728188542202735,0.1788096691581265,0.1468414378945747,0.1543559545101976
224,224.0,0.1584590679674288,0.1893059719041986,0.1746088580614591,0.1800201854901217,0.1445218415451427,0.1530840750316491
225,225.0,0.1577387567422533,0.1916569628000291,0.1760659149435973,0.1808936552798218,0.1421373437109744,0.1515073665233243
226,226.0,0.1567920835070021,0.1938711391416124,0.1771957166302882,0.1813788930213744,0.1396413070632361,0.1511208606364868
227,227.0,0.1542816008107791,0.196816468115032,0.1790112513510647,0.1819299119181034,0.1372387570039676,0.1507220108010533
228,228.0,0.1518407175035668,0.1995826888596777,0.1807527135322334,0.1824288544347548,0.1350116780672221,0.1503833476025453
229,229.0,0.1494307356636336,0.2018097855280189,0.1825748466057491,0.1829891720157512,0.1330114989141189,0.1501839612727283
230,230.0,0.1470590945328607,0.2037805350135655,0.1848159069446374,0.1832408038140147,0.1311293943081185,0.1499742653868032
231,231.0,0.144748423704387,0.2053949161403148,0.1867840231348823,0.1839373768151105,0.129375125093318,0.1497601351119873
232,232.0,0.142517564358099,0.2067720795216671,0.1904933779468848,0.1843442809855943,0.1277552819245769,0.1481174152631779
233,233.0,0.140423701082098,0.2073765971470881,0.1940613253989204,0.1852889351752258,0.1263154777718338,0.1465339634248339
234,234.0,0.1384740729021153,0.2078091001806224,0.1974663267524656,0.1861787060754881,0.1250521067750164,0.1450196873142921
235,235.0,0.1364951811617776,0.2079038936225521,0.2003334837466911,0.186831612877744,0.1237815878999288,0.1446542406913064
236,236.0,0.1345506778548083,0.2076236526502965,0.2027578381109937,0.1873021662709076,0.1225535000125686,0.1452121651004254
237,237.0,0.1327008769163348,0.2071529669712371,0.2046206969368626,0.187841905033661,0.1214244886862098,0.1462590654556947
238,238.0,0.130811149775236,0.2064818216790787,0.2069245162548176,0.1882333184362231,0.1204720602541396,0.1470771336005051
239,239.0,0.1297993913181904,0.2057187923698708,0.2083151488354575,0.1885691430624053,0.1196709977941671,0.1479265266199088
240,240.0,0.1289450651185061,0.2048806977384106,0.2095128641695645,0.188851579543584,0.1190141753336821,0.1487956180962527
241,241.0,0.1280623997838723,0.2038048538346664,0.2114178339713081,0.1889045709008762,0.1183151656687693,0.1494951758405076
242,242.0,0.1273237701668445,0.2026865083106185,0.2131367116673357,0.188911246018812,0.1177458919022349,0.1501958719341544
243,243.0,0.1265653532372007,0.2013854834866218,0.2153390840659468,0.1887217529309482,0.117144656342707,0.1508436699365755
244,244.0,0.1259378370746674,0.2000731077081355,0.2173532282356775,0.1884965785440228,0.1166596426803597,0.151479605757137
245,245.0,0.125434406764159,0.1987636398283933,0.2191778255577186,0.1882415427318114,0.1162840788620984,0.1520985062558191
246,246.0,0.1250476880235781,0.1974698837363182,0.2208135847436187,0.1879621819949647,0.1160107755416971,0.152695885959823
247,247.0,0.1252503963638573,0.1964889200997786,0.2241201748722757,0.185092293861886,0.1161179539882882,0.1529302608139142
248,248.0,0.1255490944610401,0.1955421364524434,0.2272260183766988,0.182233915667815,0.1163093513835635,0.153139483658439
249,249.0,0.1259311963584644,0.1946355826318656,0.2301201314842672,0.1794144802007918,0.116574631858702,0.1533239774659089
250,250.0,0.1263845406571319,0.1937743011935752,0.2327947461035906,0.1766582875427816,0.1169037543009659,0.1534843702019547
251,251.0,0.1268974696739314,0.1929623777137264,0.2352450659373003,0.1739865753394635,0.1172870432892201,0.1536214680463583
252,252.0,0.1274588956468819,0.1922029956312734,0.2374690172656206,0.1714176126674012,0.117715249278983,0.1537362295098399
253,253.0,0.1280583546206387,0.1909102593331837,0.2394669974258072,0.16896681420019,0.1181795985102061,0.1544179759099745
254,254.0,0.1280851871486396,0.189791994289682,0.2413225803581458,0.1668570616386774,0.1189800625187781,0.154963114046077
255,255.0,0.1280976372595503,0.1888101701573419,0.2430672846457051,0.1648367696802896,0.1197482116551416,0.1554399266019714
256,256.0,0.1281325918165002,0.1878987081219438,0.2445969250231307,0.16296166158746,0.1205240623183159,0.1558860511326492
257,257.0,0.128187450829316,0.1870596865941475,0.2459177114776618,0.1612359700545612,0.1212990858489882,0.1563000951953252
258,258.0,0.1282596752622829,0.1862942517384707,0.2470373215370425,0.159662010340929,0.1220656147251019,0.1566811263961728
259,259.0,0.1285763438075794,0.1865016079115361,0.247133234968083,0.1579770779316665,0.1230437582716766,0.1567679771094584
260,260.0,0.1289032616378485,0.1867733846409888,0.2470551598942069,0.1564460632575252,0.123998340952708,0.1568237896167224
261,261.0,0.1298243699404081,0.1865121868097778,0.2469362184453802,0.1549539421629989,0.1249221730279402,0.1568511096134946
262,262.0,0.1306762673431734,0.1860745774470529,0.246645558659162,0.1535171555612471,0.1257764114986388,0.1573100294907255
263,263.0,0.1317661794915079,0.185938456152534,0.2447326707318597,0.1524827731631276,0.126838885105256,0.1582410353557148
264,264.0,0.133093386574668,0.1859628172872327,0.2396837935748997,0.1518256393914729,0.1300962533675572,0.1593381098041694
265,265.0,0.1343878043215725,0.1860298652374819,0.2346036163865768,0.1513078338040599,0.13327765614487,0.1603932241054387
266,266.0,0.1356397674883781,0.1856083450527504,0.2295460709419106,0.1514469174278123,0.1363588759579199,0.1614000231312287
267,267.0,0.1369397896924049,0.1854387432786239,0.2234325980827516,0.151910447554388,0.141076363182024,0.1612020582098076
268,268.0,0.13818115579601,0.1853052068040405,0.217444109573548,0.1524738550986545,0.1456377963545167,0.1609578763732304
269,269.0,0.1393573177481995,0.1852054644637917,0.2116279918643964,0.1531215182433999,0.1500131665488343,0.1606745411313783
270,270.0,0.1405690894961518,0.184314396849746,0.2061732718675605,0.1546594002302055,0.1536951462182922,0.1605886953380441
271,271.0,0.1416399832292841,0.1838853474430211,0.2009323847395553,0.1560809227724179,0.1571175370084227,0.160343824807299
272,272.0,0.1426322013411587,0.1834940519757759,0.1959657678294837,0.1575305654126036,0.1603014856639631,0.1600759277770149
273,273.0,0.143561473070512,0.183158431866464,0.1914447710917665,0.1588884205353569,0.1632567807695462,0.1596901226663543
274,274.0,0.1441706996282509,0.1826221750703337,0.1884263189406196,0.1600043323643843,0.1657226340190604,0.1590538399773511
275,275.0,0.1447000789802453,0.1821249935383138,0.1857189128674687,0.1611056218250537,0.1679376167799032,0.1584127760090153
276,276.0,0.1449737306249783,0.1814893801307421,0.182961379468103,0.1632541668310227,0.1697260948447618,0.1575952481003922
277,277.0,0.1449371098643476,0.1820867246454399,0.1802696401424709,0.1651213754253209,0.1710354529502051,0.1565496969722156
278,278.0,0.1458263253659171,0.1827146952866766,0.1776341542583414,0.1665481750828735,0.1719941136194303,0.1552825363867611
279,279.0,0.146630307510916,0.1834634595393076,0.1752617857841871,0.1678962714738888,0.1727179661518318,0.1540302095398687
280,280.0,0.1471437041459511,0.1841141039944384,0.1729579765423702,0.1689491762767032,0.1731285282792788,0.1537065107612584
281,281.0,0.1475904398556684,0.1833413627586962,0.1724851271894699,0.1699258796021088,0.1733530234209922,0.1533041671730646
282,282.0,0.1479549295177733,0.1825604962633987,0.1723553529348336,0.1708119226630875,0.1733900294663992,0.1529272691545079
283,283.0,0.1482577583123622,0.1817985935517116,0.1724617726021523,0.1701900203382552,0.1732739307366324,0.1540179244588864
284,284.0,0.1485020640382409,0.1810613772723908,0.1737797026025574,0.1695029004751555,0.173021198696507,0.1541327569151485
285,285.0,0.1486912559450216,0.1803537509449929,0.1738462411741648,0.1687639560262462,0.1740765954260315,0.1542682004835432
286,286.0,0.1484685638851567,0.1794103513181189,0.1736202776585537,0.1688753692842077,0.1754740787562704,0.1541513590976927
287,287.0,0.1480502386737449,0.1784309646097601,0.1733122180034984,0.1687988258436089,0.1774323483107329,0.1539754045586551
288,288.0,0.1474575016255297,0.1773582763244416,0.1755386915248327,0.1684124726672975,0.178984328630038,0.1522487292278608
289,289.0,0.1468387212946736,0.1763373435027125,0.1778632658839901,0.168001154260608,0.1804051288345081,0.1505543862235079
290,290.0,0.1462386809533917,0.1752956805465862,0.1804439151539289,0.1675963972741667,0.1817296500742246,0.1486956759977021
291,291.0,0.1458800699069867,0.1743716942735444,0.1834487762438152,0.1673180779961421,0.1811107464308451,0.1478706351486667
292,292.0,0.145516471901752,0.1735123221186508,0.186453049337837,0.1670313167499242,0.1803789723473712,0.1471078675444649
293,293.0,0.145152021613623,0.1727196963916396,0.1893091034458172,0.1667398253447946,0.1796705796674705,0.1464087735366554
294,294.0,0.1447904487737703,0.1719950687069926,0.19099797116711,0.1664469917106958,0.1799955429357547,0.1457739767056769
295,295.0,0.1444350813657649,0.1713388855373199,0.1911909110345999,0.1675844498354369,0.1802472769247225,0.1452033953021562
296,296.0,0.1440888525205021,0.1707508642628207,0.1913213007207065,0.1687120816761725,0.1804305872224158,0.1446963135973827
297,297.0,0.1437543106701602,0.1702300689067228,0.190282980235596,0.1698195935428956,0.1816615942060963,0.1442514524385293
298,298.0,0.1434336325337506,0.1697749848307469,0.1892032038012413,0.1708979223143403,0.1828232181373284,0.1438670383825928
299,299.0,0.1431286385212442,0.1693835917476406,0.1880969147769103,0.17193920301232,0.1839107810820446,0.1435408708598406
300,300.0,0.1428408101603756,0.169053434488948,0.1869778273118438,0.1729367276372013,0.1849208135094495,0.1432703868921819
301,301.0,0.1429753495736303,0.1689837112468349,0.1851513414176955,0.1757175083826572,0.184826437122469,0.1423456522567133
302,302.0,0.1431250382258269,0.1689672576702462,0.1833428254326787,0.1784260611798249,0.1846611144884893,0.141477703002934
303,303.0,0.1432868643065493,0.1689989113283955,0.1815685675257303,0.1810425232955617,0.1844335934585503,0.1406695400852129
304,304.0,0.1435968847010267,0.1704624338501163,0.1799817733570018,0.183827716954631,0.182069035749214,0.1400621553880103
305,305.0,0.1437732908850497,0.1716722253460565,0.1794267867165809,0.1862091392883311,0.1795409017166244,0.1393776560473575
306,306.0,0.1438415691067125,0.1726693387816125,0.1797087544958187,0.1882311309836396,0.1769047192223217,0.1386444874098949
307,307.0,0.1439118493800346,0.1736650708284672,0.180041161574957,0.1901094151874428,0.1742976549374203,0.1379748480916781
308,308.0,0.1439832286971168,0.1746496023050222,0.1794156399532143,0.191839579806853,0.1717428676838291,0.1383690815539647
309,309.0,0.1439639742695031,0.1754323897717236,0.1795615104441689,0.1932373169722973,0.1691697685400438,0.1386350400022633
310,310.0,0.1439451601977575,0.1761894161185262,0.1797456296770961,0.1944855284211542,0.1666877378683399,0.1389465277171261
311,311.0,0.1439269305870105,0.1769156871939519,0.1790532406763784,0.1950672040911133,0.1643124891282263,0.1407244483233195
312,312.0,0.1439094092872699,0.1776070158143841,0.1783970999735694,0.1955107132708974,0.1620570966139451,0.1425186650399342
313,313.0,0.1438927006804324,0.1782599829391179,0.1777801441459061,0.1958254375177259,0.1599321286280558,0.1443096060887619
314,314.0,0.143876890583276,0.1788718950464756,0.1772046242641508,0.1960211080824263,0.1579457923975783,0.146079689626093
315,315.0,0.1438620472458042,0.1794407385171214,0.1766721519325301,0.1961076736275644,0.156104088109276,0.1478133005677039
316,316.0,0.1438482224254232,0.17996513178002,0.1761837471193468,0.196095178999645,0.1544109696118145,0.1494967500637506
317,317.0,0.1438354525186278,0.1804442759233172,0.1757398871208891,0.1959936551622529,0.1528685095110842,0.1511182197638289
318,318.0,0.1438237597331274,0.18087790441754,0.1753405560556688,0.1943844488461381,0.1514770665684195,0.1540962643791063
319,319.0,0.1430195024909967,0.181583692860114,0.1767313260870462,0.1919264838543974,0.1494418027037895,0.1572971920036562
320,320.0,0.1419699365202767,0.1819115665059775,0.1778177642535326,0.1898709905962856,0.1473074093579939,0.1611223327659336
321,321.0,0.1409389844574297,0.1821931160204209,0.1789165172820303,0.1878135365712809,0.1453340395165032,0.1648038061523351
322,322.0,0.139796205543408,0.1822912694325527,0.1798764772671641,0.1856360035074335,0.143386435638413,0.1690136086110287
323,323.0,0.139585425148684,0.1819304971505953,0.1809996955861908,0.1829510818431735,0.142252712062379,0.1722805882089774
