,Unnamed: 0,Total_iterations,Intertwine_two,Add_vertex,Delete_vertex,Invert_path_vertices,Insert_inside_vertex,Delete_inside_vertex,Replace_inside_vertex,Donate_between_routes
0,0.0,0.0,0.125,0.125,0.125,0.125,0.125,0.125,0.125,0.125
1,1.0,1.0,0.125,0.125,0.125,0.125,0.125,0.125,0.125,0.125
2,2.0,2.0,0.125,0.125,0.125,0.125,0.125,0.125,0.125,0.125
3,3.0,3.0,0.125,0.125,0.125,0.125,0.125,0.125,0.125,0.125
4,4.0,4.0,0.125,0.125,0.125,0.125,0.125,0.125,0.125,0.125
5,5.0,5.0,0.125,0.125,0.125,0.125,0.125,0.125,0.125,0.125
6,6.0,6.0,0.125,0.125,0.125,0.125,0.125,0.125,0.125,0.125
7,7.0,7.0,0.125,0.125,0.125,0.125,0.125,0.125,0.125,0.125
8,8.0,8.0,0.125,0.125,0.125,0.125,0.125,0.125,0.125,0.125
9,9.0,9.0,0.125,0.125,0.125,0.125,0.125,0.125,0.125,0.125
10,10.0,10.0,0.125,0.125,0.125,0.125,0.125,0.125,0.125,0.125
11,11.0,11.0,0.125,0.125,0.125,0.125,0.125,0.125,0.125,0.125
12,12.0,12.0,0.125,0.125,0.125,0.125,0.125,0.125,0.125,0.125
13,13.0,13.0,0.125,0.125,0.125,0.125,0.125,0.125,0.125,0.125
14,14.0,14.0,0.125,0.125,0.125,0.125,0.125,0.125,0.125,0.125
15,15.0,15.0,0.125,0.125,0.125,0.125,0.125,0.125,0.125,0.125
16,16.0,16.0,0.125,0.125,0.125,0.125,0.125,0.125,0.125,0.125
17,17.0,17.0,0.125,0.125,0.125,0.125,0.125,0.125,0.125,0.125
18,18.0,18.0,0.125,0.125,0.125,0.125,0.125,0.125,0.125,0.125
19,19.0,19.0,0.125,0.125,0.125,0.125,0.125,0.125,0.125,0.125
20,20.0,20.0,0.125,0.125,0.125,0.125,0.125,0.125,0.125,0.125
21,21.0,21.0,0.125,0.125,0.125,0.125,0.125,0.125,0.125,0.125
22,22.0,22.0,0.125,0.125,0.125,0.125,0.125,0.125,0.125,0.125
23,23.0,23.0,0.125,0.125,0.125,0.125,0.125,0.125,0.125,0.125
24,24.0,24.0,0.125,0.125,0.125,0.125,0.125,0.125,0.125,0.125
25,25.0,25.0,0.125,0.125,0.125,0.125,0.125,0.125,0.125,0.125
26,26.0,26.0,0.125,0.125,0.125,0.125,0.125,0.125,0.125,0.125
27,27.0,27.0,0.125,0.125,0.125,0.125,0.125,0.125,0.125,0.125
28,28.0,28.0,0.125,0.125,0.125,0.125,0.125,0.125,0.125,0.125
29,29.0,29.0,0.125,0.125,0.125,0.125,0.125,0.125,0.125,0.125
30,30.0,30.0,0.125,0.125,0.125,0.125,0.125,0.125,0.125,0.125
31,31.0,31.0,0.125,0.125,0.125,0.125,0.125,0.125,0.125,0.125
32,32.0,32.0,0.125,0.125,0.125,0.125,0.125,0.125,0.125,0.125
33,33.0,33.0,0.125,0.125,0.125,0.125,0.125,0.125,0.125,0.125
34,34.0,34.0,0.125,0.125,0.125,0.125,0.125,0.125,0.125,0.125
35,35.0,35.0,0.125,0.125,0.125,0.125,0.125,0.125,0.125,0.125
36,36.0,36.0,0.125,0.125,0.125,0.125,0.125,0.125,0.125,0.125
37,37.0,37.0,0.125,0.125,0.125,0.125,0.125,0.125,0.125,0.125
38,38.0,38.0,0.125,0.125,0.125,0.125,0.125,0.125,0.125,0.125
39,39.0,39.0,0.125,0.125,0.125,0.125,0.125,0.125,0.125,0.125
40,40.0,40.0,0.125,0.125,0.125,0.125,0.125,0.125,0.125,0.125
41,41.0,41.0,0.125,0.125,0.125,0.125,0.125,0.125,0.125,0.125
42,42.0,42.0,0.125,0.125,0.125,0.125,0.125,0.125,0.125,0.125
43,43.0,43.0,0.125,0.125,0.125,0.125,0.125,0.125,0.125,0.125
44,44.0,44.0,0.125,0.125,0.125,0.125,0.125,0.125,0.125,0.125
45,45.0,45.0,0.125,0.125,0.125,0.125,0.125,0.125,0.125,0.125
46,46.0,46.0,0.125,0.125,0.125,0.125,0.125,0.125,0.125,0.125
47,47.0,47.0,0.125,0.125,0.125,0.125,0.125,0.125,0.125,0.125
48,48.0,48.0,0.125,0.125,0.125,0.125,0.125,0.125,0.125,0.125
49,49.0,49.0,0.125,0.125,0.125,0.125,0.125,0.125,0.125,0.125
50,50.0,50.0,0.125,0.125,0.125,0.125,0.125,0.125,0.125,0.125
51,51.0,51.0,0.125,0.125,0.125,0.125,0.125,0.125,0.125,0.125
52,52.0,52.0,0.125,0.125,0.125,0.125,0.125,0.125,0.125,0.125
53,53.0,53.0,0.125,0.125,0.125,0.125,0.125,0.125,0.125,0.125
54,54.0,54.0,0.125,0.125,0.125,0.125,0.125,0.125,0.125,0.125
55,55.0,55.0,0.125,0.125,0.125,0.125,0.125,0.125,0.125,0.125
56,56.0,56.0,0.125,0.125,0.125,0.125,0.125,0.125,0.125,0.125
57,57.0,57.0,0.125,0.125,0.125,0.125,0.125,0.125,0.125,0.125
58,58.0,58.0,0.125,0.125,0.125,0.125,0.125,0.125,0.125,0.125
59,59.0,59.0,0.125,0.125,0.125,0.125,0.125,0.125,0.125,0.125
60,60.0,60.0,0.125,0.125,0.125,0.125,0.125,0.125,0.125,0.125
61,61.0,61.0,0.125,0.125,0.125,0.125,0.125,0.125,0.125,0.125
62,62.0,62.0,0.125,0.125,0.125,0.125,0.125,0.125,0.125,0.125
63,63.0,63.0,0.125,0.125,0.125,0.125,0.125,0.125,0.125,0.125
64,64.0,64.0,0.125,0.125,0.125,0.125,0.125,0.125,0.125,0.125
65,65.0,65.0,0.125,0.125,0.125,0.125,0.125,0.125,0.125,0.125
66,66.0,66.0,0.125,0.125,0.125,0.125,0.125,0.125,0.125,0.125
67,67.0,67.0,0.125,0.125,0.125,0.125,0.125,0.125,0.125,0.125
68,68.0,68.0,0.125,0.125,0.125,0.125,0.125,0.125,0.125,0.125
69,69.0,69.0,0.125,0.125,0.125,0.125,0.125,0.125,0.125,0.125
70,70.0,70.0,0.125,0.125,0.125,0.125,0.125,0.125,0.125,0.125
71,71.0,71.0,0.125,0.125,0.125,0.125,0.125,0.125,0.125,0.125
72,72.0,72.0,0.125,0.125,0.125,0.125,0.125,0.125,0.125,0.125
73,73.0,73.1,0.125,0.125,0.125,0.125,0.125,0.125,0.125,0.125
74,74.0,74.1,0.125,0.125,0.125,0.125,0.125,0.125,0.125,0.125
75,75.0,75.1,0.125,0.125,0.125,0.125,0.125,0.125,0.125,0.125
76,76.0,76.1,0.125,0.125,0.125,0.125,0.125,0.125,0.125,0.125
77,77.0,77.1,0.125,0.125,0.125,0.125,0.125,0.125,0.125,0.125
78,78.0,78.1,0.125,0.125,0.125,0.125,0.125,0.125,0.125,0.125
79,79.0,79.1,0.125,0.125,0.125,0.125,0.125,0.125,0.125,0.125
80,80.0,80.1,0.125,0.125,0.125,0.125,0.125,0.125,0.125,0.125
81,81.0,81.1,0.125,0.125,0.125,0.125,0.125,0.125,0.125,0.125
82,82.0,82.2,0.125,0.125,0.125,0.125,0.125,0.125,0.125,0.125
83,83.0,83.2,0.125,0.125,0.125,0.125,0.125,0.125,0.125,0.125
84,84.0,84.2,0.125,0.125,0.125,0.125,0.125,0.125,0.125,0.125
85,85.0,85.2,0.125,0.125,0.125,0.125,0.125,0.125,0.125,0.125
86,86.0,86.2,0.125,0.125,0.125,0.125,0.125,0.125,0.125,0.125
87,87.0,87.2,0.125,0.125,0.125,0.125,0.125,0.125,0.125,0.125
88,88.0,88.2,0.125,0.125,0.125,0.125,0.125,0.125,0.125,0.125
89,89.0,89.2,0.125,0.125,0.125,0.125,0.125,0.125,0.125,0.125
90,90.0,90.2,0.125,0.125,0.125,0.125,0.125,0.125,0.125,0.125
91,91.0,91.2,0.125,0.125,0.125,0.125,0.125,0.125,0.125,0.125
92,92.0,92.2,0.125,0.125,0.125,0.125,0.125,0.125,0.125,0.125
93,93.0,93.2,0.125,0.125,0.125,0.125,0.125,0.125,0.125,0.125
94,94.0,94.2,0.125,0.125,0.125,0.125,0.125,0.125,0.125,0.125
95,95.0,95.3,0.125,0.125,0.125,0.125,0.125,0.125,0.125,0.125
96,96.0,96.4,0.125,0.125,0.125,0.125,0.125,0.125,0.125,0.125
97,97.0,97.4,0.125,0.125,0.125,0.125,0.125,0.125,0.125,0.125
98,98.0,98.4,0.125,0.125,0.125,0.125,0.125,0.125,0.125,0.125
99,99.0,99.4,0.125,0.125,0.125,0.125,0.125,0.125,0.125,0.125
100,100.0,100.5,0.125,0.125,0.125,0.125,0.125,0.125,0.125,0.125
101,101.0,101.5,0.125,0.125,0.125,0.125,0.125,0.125,0.125,0.125
102,102.0,102.5,0.125,0.125,0.125,0.125,0.125,0.125,0.125,0.125
103,103.0,103.5,0.125,0.125,0.125,0.125,0.125,0.125,0.125,0.125
104,104.0,104.5,0.125,0.125,0.125,0.125,0.125,0.125,0.125,0.125
105,105.0,105.5,0.125,0.125,0.125,0.125,0.125,0.125,0.125,0.125
106,106.0,106.5,0.125,0.125,0.125,0.125,0.125,0.125,0.125,0.125
107,107.0,107.5,0.125,0.125,0.125,0.125,0.125,0.125,0.125,0.125
108,108.0,108.5,0.125,0.125,0.125,0.125,0.125,0.125,0.125,0.125
109,109.0,109.5,0.125,0.125,0.125,0.125,0.125,0.125,0.125,0.125
110,110.0,110.5,0.125,0.125,0.125,0.125,0.125,0.125,0.125,0.125
111,111.0,111.5,0.125,0.125,0.125,0.125,0.125,0.125,0.125,0.125
112,112.0,112.5,0.125,0.125,0.125,0.125,0.125,0.125,0.125,0.125
113,113.0,113.5,0.125,0.125,0.125,0.125,0.125,0.125,0.125,0.125
114,114.0,114.5,0.125,0.125,0.125,0.125,0.125,0.125,0.125,0.125
115,115.0,115.5,0.125,0.125,0.125,0.125,0.125,0.125,0.125,0.125
116,116.0,116.5,0.125,0.125,0.125,0.125,0.125,0.125,0.125,0.125
117,117.0,117.5,0.125,0.125,0.125,0.125,0.125,0.125,0.125,0.125
118,118.0,118.5,0.125,0.125,0.125,0.125,0.125,0.125,0.125,0.125
119,119.0,119.5,0.125,0.125,0.125,0.125,0.125,0.125,0.125,0.125
120,120.0,120.5,0.125,0.125,0.125,0.125,0.125,0.125,0.125,0.125
121,121.0,121.5,0.125,0.125,0.125,0.125,0.125,0.125,0.125,0.125
122,122.0,122.5,0.125,0.125,0.125,0.125,0.125,0.125,0.125,0.125
123,123.0,123.5,0.125,0.125,0.125,0.125,0.125,0.125,0.125,0.125
124,124.0,124.5,0.125,0.125,0.125,0.125,0.125,0.125,0.125,0.125
125,125.0,125.5,0.125,0.125,0.125,0.125,0.125,0.125,0.125,0.125
126,126.0,126.5,0.125,0.125,0.125,0.125,0.125,0.125,0.125,0.125
127,127.0,127.5,0.125,0.125,0.125,0.125,0.125,0.125,0.125,0.125
128,128.0,128.5,0.125,0.125,0.125,0.125,0.125,0.125,0.125,0.125
129,129.0,129.5,0.125,0.125,0.125,0.125,0.125,0.125,0.125,0.125
130,130.0,130.5,0.125,0.125,0.125,0.125,0.125,0.125,0.125,0.125
131,131.0,131.5,0.125,0.125,0.125,0.125,0.125,0.125,0.125,0.125
132,132.0,132.5,0.125,0.125,0.125,0.125,0.125,0.125,0.125,0.125
133,133.0,133.5,0.125,0.125,0.125,0.125,0.125,0.125,0.125,0.125
134,134.0,134.5,0.125,0.125,0.125,0.125,0.125,0.125,0.125,0.125
135,135.0,135.5,0.125,0.125,0.125,0.125,0.125,0.125,0.125,0.125
136,136.0,136.5,0.125,0.125,0.125,0.125,0.125,0.125,0.125,0.125
137,137.0,137.5,0.125,0.125,0.125,0.125,0.125,0.125,0.125,0.125
138,138.0,138.5,0.125,0.125,0.125,0.125,0.125,0.125,0.125,0.125
139,139.0,139.5,0.125,0.125,0.125,0.125,0.125,0.125,0.125,0.125
140,140.0,140.5,0.125,0.125,0.125,0.125,0.125,0.125,0.125,0.125
141,141.0,141.5,0.125,0.125,0.125,0.125,0.125,0.125,0.125,0.125
142,142.0,142.5,0.125,0.125,0.125,0.125,0.125,0.125,0.125,0.125
143,143.0,143.5,0.125,0.125,0.125,0.125,0.125,0.125,0.125,0.125
144,144.0,144.5,0.125,0.125,0.125,0.125,0.125,0.125,0.125,0.125
145,145.0,145.5,0.125,0.125,0.125,0.125,0.125,0.125,0.125,0.125
146,146.0,146.5,0.125,0.125,0.125,0.125,0.125,0.125,0.125,0.125
147,147.0,147.5,0.125,0.125,0.125,0.125,0.125,0.125,0.125,0.125
148,148.0,148.5,0.125,0.125,0.125,0.125,0.125,0.125,0.125,0.125
149,149.0,149.5,0.125,0.125,0.125,0.125,0.125,0.125,0.125,0.125
150,150.0,150.5,0.125,0.125,0.125,0.125,0.125,0.125,0.125,0.125
151,151.0,151.5,0.125,0.125,0.125,0.125,0.125,0.125,0.125,0.125
152,152.0,152.5,0.125,0.125,0.125,0.125,0.125,0.125,0.125,0.125
153,153.0,153.5,0.125,0.125,0.125,0.125,0.125,0.125,0.125,0.125
154,154.0,154.5,0.125,0.125,0.125,0.125,0.125,0.125,0.125,0.125
155,155.0,155.5,0.125,0.125,0.125,0.125,0.125,0.125,0.125,0.125
156,156.0,156.5,0.125,0.125,0.125,0.125,0.125,0.125,0.125,0.125
157,157.0,157.5,0.125,0.125,0.125,0.125,0.125,0.125,0.125,0.125
158,158.0,158.5,0.125,0.125,0.125,0.125,0.125,0.125,0.125,0.125
159,159.0,159.5,0.125,0.125,0.125,0.125,0.125,0.125,0.125,0.125
160,160.0,160.5,0.125,0.125,0.125,0.125,0.125,0.125,0.125,0.125
161,161.0,161.5,0.125,0.125,0.125,0.125,0.125,0.125,0.125,0.125
162,162.0,162.5,0.125,0.125,0.125,0.125,0.125,0.125,0.125,0.125
163,163.0,163.5,0.125,0.125,0.125,0.125,0.125,0.125,0.125,0.125
164,164.0,164.5,0.125,0.125,0.125,0.125,0.125,0.125,0.125,0.125
165,165.0,165.5,0.125,0.125,0.125,0.125,0.125,0.125,0.125,0.125
166,166.0,166.5,0.125,0.125,0.125,0.125,0.125,0.125,0.125,0.125
167,167.0,167.5,0.125,0.125,0.125,0.125,0.125,0.125,0.125,0.125
168,168.0,168.5,0.125,0.125,0.125,0.125,0.125,0.125,0.125,0.125
169,169.0,169.5,0.125,0.125,0.125,0.125,0.125,0.125,0.125,0.125
170,170.0,170.5,0.125,0.125,0.125,0.125,0.125,0.125,0.125,0.125
171,171.0,171.5,0.125,0.125,0.125,0.125,0.125,0.125,0.125,0.125
172,172.0,172.5,0.125,0.125,0.125,0.125,0.125,0.125,0.125,0.125
173,173.0,173.5,0.125,0.125,0.125,0.125,0.125,0.125,0.125,0.125
174,174.0,174.5,0.125,0.125,0.125,0.125,0.125,0.125,0.125,0.125
175,175.0,175.5,0.125,0.125,0.125,0.125,0.125,0.125,0.125,0.125
176,176.0,176.6,0.125,0.125,0.125,0.125,0.125,0.125,0.125,0.125
177,177.0,177.6,0.125,0.125,0.125,0.125,0.125,0.125,0.125,0.125
178,178.0,178.6,0.125,0.125,0.125,0.125,0.125,0.125,0.125,0.125
179,179.0,179.6,0.125,0.125,0.125,0.125,0.125,0.125,0.125,0.125
180,180.0,180.6,0.125,0.125,0.125,0.125,0.125,0.125,0.125,0.125
181,181.0,181.6,0.125,0.125,0.125,0.125,0.125,0.125,0.125,0.125
182,182.0,182.6,0.125,0.125,0.125,0.125,0.125,0.125,0.125,0.125
183,183.0,183.6,0.125,0.125,0.125,0.125,0.125,0.125,0.125,0.125
184,184.0,184.6,0.125,0.125,0.125,0.125,0.125,0.125,0.125,0.125
185,185.0,185.6,0.125,0.125,0.125,0.125,0.125,0.125,0.125,0.125
186,186.0,186.6,0.125,0.125,0.125,0.125,0.125,0.125,0.125,0.125
187,187.0,187.6,0.125,0.125,0.125,0.125,0.125,0.125,0.125,0.125
188,188.0,188.6,0.125,0.125,0.125,0.125,0.125,0.125,0.125,0.125
189,189.0,189.6,0.125,0.125,0.125,0.125,0.125,0.125,0.125,0.125
190,190.0,190.6,0.125,0.125,0.125,0.125,0.125,0.125,0.125,0.125
191,191.0,191.6,0.125,0.125,0.125,0.125,0.125,0.125,0.125,0.125
192,192.0,192.6,0.125,0.125,0.125,0.125,0.125,0.125,0.125,0.125
193,193.0,193.6,0.125,0.125,0.125,0.125,0.125,0.125,0.125,0.125
194,194.0,194.6,0.125,0.125,0.125,0.125,0.125,0.125,0.125,0.125
195,195.0,195.6,0.125,0.125,0.125,0.125,0.125,0.125,0.125,0.125
196,196.0,196.6,0.125,0.125,0.125,0.125,0.125,0.125,0.125,0.125
197,197.0,197.6,0.125,0.125,0.125,0.125,0.125,0.125,0.125,0.125
198,198.0,198.6,0.125,0.125,0.125,0.125,0.125,0.125,0.125,0.125
199,199.0,199.6,0.125,0.125,0.125,0.125,0.125,0.125,0.125,0.125
200,200.0,200.6,0.12487113402061856,0.12487113402061856,0.1259020618556701,0.12487113402061856,0.12487113402061856,0.12487113402061856,0.12487113402061856,0.12487113402061856
201,201.0,201.6,0.12487113402061856,0.12487113402061856,0.1259020618556701,0.12487113402061856,0.12487113402061856,0.12487113402061856,0.12487113402061856,0.12487113402061856
202,202.0,202.6,0.12487113402061856,0.12487113402061856,0.1259020618556701,0.12487113402061856,0.12487113402061856,0.12487113402061856,0.12487113402061856,0.12487113402061856
203,203.0,203.6,0.12487113402061856,0.12487113402061856,0.1259020618556701,0.12487113402061856,0.12487113402061856,0.12487113402061856,0.12487113402061856,0.12487113402061856
204,204.0,204.6,0.12487113402061856,0.12487113402061856,0.1259020618556701,0.12487113402061856,0.12487113402061856,0.12487113402061856,0.12487113402061856,0.12487113402061856
205,205.0,205.6,0.12487113402061856,0.12487113402061856,0.1259020618556701,0.12487113402061856,0.12487113402061856,0.12487113402061856,0.12487113402061856,0.12487113402061856
206,206.0,206.6,0.12348224513172967,0.12348224513172967,0.12451317296678122,0.12348224513172967,0.1345933562428408,0.12348224513172967,0.12348224513172967,0.12348224513172967
207,207.0,207.6,0.12170212765957444,0.12170212765957444,0.12489361702127658,0.12276595744680852,0.1327659574468085,0.1327659574468085,0.12276595744680852,0.12063829787234041
208,208.0,208.6,0.12066985645933012,0.1217224880382775,0.12382775119617224,0.1217224880382775,0.1308133971291866,0.1399043062200957,0.1217224880382775,0.11961722488038276
209,209.0,209.6,0.11979166666666666,0.12083333333333332,0.12291666666666665,0.121875,0.12916666666666665,0.14583333333333331,0.12083333333333332,0.11875
210,210.0,210.6,0.1190325138778747,0.12006344171292624,0.12212529738302932,0.12109436954797778,0.12775574940523393,0.15186360031720855,0.12006344171292624,0.11800158604282314
211,211.0,211.6,0.11848306332842415,0.11951399116347569,0.12157584683357878,0.12054491899852723,0.13379970544918998,0.14911634756995581,0.11951399116347569,0.11745213549337259
212,212.0,212.6,0.11661798396334477,0.11764891179839632,0.13082187857961053,0.11764891179839632,0.13764891179839633,0.14637743413516607,0.11764891179839632,0.11558705612829323
213,213.0,213.6,0.11509020618556702,0.11612113402061856,0.12818298969072164,0.11612113402061856,0.14112113402061857,0.15318298969072164,0.11612113402061856,0.11405927835051546
214,214.0,214.6,0.11509020618556702,0.11612113402061856,0.12818298969072164,0.11612113402061856,0.14112113402061857,0.15318298969072164,0.11612113402061856,0.11405927835051546
215,215.0,215.6,0.12134020618556703,0.11612113402061856,0.12818298969072164,0.11612113402061856,0.13487113402061857,0.15318298969072164,0.11612113402061856,0.11405927835051546
216,216.0,216.6,0.12134020618556703,0.11612113402061856,0.12818298969072164,0.11612113402061856,0.13487113402061857,0.15318298969072164,0.11612113402061856,0.11405927835051546
217,217.0,217.6,0.12054924242424243,0.11325757575757575,0.12651515151515152,0.11534090909090908,0.1340909090909091,0.16164772727272728,0.11534090909090908,0.11325757575757575
218,218.0,218.6,0.11979166666666666,0.1125,0.125,0.12291666666666665,0.13333333333333333,0.159375,0.11458333333333333,0.1125
219,219.0,219.6,0.11672008547008547,0.12158119658119657,0.12232905982905981,0.12024572649572648,0.1313034188034188,0.15710470085470085,0.12024572649572648,0.11047008547008548
220,220.0,220.6,0.11661269715393426,0.12147380826504536,0.12217871618644813,0.12011686051634504,0.13117455282403734,0.15796380738391047,0.12011686051634504,0.11036269715393425
221,221.0,221.6,0.11595804988662131,0.12081916099773242,0.12093253968253967,0.11889172335600906,0.13049886621315193,0.16327947845804988,0.11991213151927438,0.1097080498866213
222,222.0,222.6,0.11537878787878789,0.12023989898989898,0.11983585858585859,0.11781565656565655,0.1298989898989899,0.1688762626262626,0.11882575757575757,0.10912878787878788
223,223.0,223.6,0.11496212121212121,0.1198232323232323,0.12525252525252525,0.11698232323232323,0.12948232323232323,0.16679292929292927,0.11799242424242425,0.10871212121212122
224,224.0,224.6,0.11496212121212121,0.1198232323232323,0.12525252525252525,0.11698232323232323,0.12948232323232323,0.1678030303030303,0.11698232323232323,0.10871212121212122
225,225.0,225.6,0.11449346405228758,0.12035457516339869,0.12400816993464052,0.11612581699346405,0.12899346405228757,0.16577287581699346,0.12200816993464052,0.10824346405228757
226,226.0,226.6,0.11199346405228758,0.12785457516339868,0.1315081699346405,0.11362581699346404,0.1264934640522876,0.16327287581699346,0.11950816993464053,0.10574346405228759
227,227.0,227.6,0.11166666666666666,0.12652777777777777,0.13052777777777777,0.11297222222222221,0.12616666666666668,0.16719444444444445,0.11852777777777776,0.10641666666666665
228,228.0,228.6,0.11166666666666666,0.12652777777777777,0.13052777777777777,0.11297222222222221,0.12616666666666668,0.16719444444444445,0.11852777777777776,0.10641666666666665
229,229.0,229.6,0.11026315789473684,0.12401315789473684,0.13380263157894737,0.11127631578947368,0.12476315789473684,0.17432894736842106,0.11653947368421051,0.10501315789473682
230,230.0,230.6,0.11000000000000001,0.12375,0.13274999999999998,0.11074999999999999,0.12450000000000001,0.17775000000000002,0.11574999999999999,0.10474999999999998
231,231.0,231.6,0.10966289486091467,0.12817479962281944,0.1316590051862329,0.1101549976426214,0.12414309288071664,0.17589521452145213,0.11491690240452615,0.10539309288071663
232,232.0,232.6,0.10956582633053222,0.12807773109243697,0.1325035014005602,0.11003851540616245,0.12402661064425771,0.1757107843137255,0.11480042016806721,0.10527661064425771
233,233.0,233.6,0.10925419240953223,0.12754964695498677,0.137011253309797,0.1094913945278023,0.12369593998234774,0.1740147837599294,0.11403684907325684,0.10494593998234773
234,234.0,234.6,0.10905656395103418,0.12715439003799073,0.13602311101730685,0.10909613761080623,0.12349831152384971,0.17263138455044322,0.1177917897847193,0.10474831152384971
235,235.0,235.6,0.11002743773744195,0.12715439003799073,0.13602311101730685,0.10909613761080623,0.12349831152384971,0.17263138455044322,0.11682091599831153,0.10474831152384971
236,236.0,236.6,0.1098462783171521,0.126792071197411,0.1351173139158576,0.10873381877022652,0.12331715210355987,0.17552993527508093,0.11609627831715211,0.10456715210355987
237,237.0,237.6,0.1098462783171521,0.126792071197411,0.1351173139158576,0.10873381877022652,0.12331715210355987,0.17552993527508093,0.11609627831715211,0.10456715210355987
238,238.0,238.6,0.1098462783171521,0.126792071197411,0.1351173139158576,0.10873381877022652,0.12331715210355987,0.17552993527508093,0.11609627831715211,0.10456715210355987
239,239.0,239.6,0.1098462783171521,0.126792071197411,0.1351173139158576,0.10873381877022652,0.12331715210355987,0.17552993527508093,0.11609627831715211,0.10456715210355987
240,240.0,240.6,0.1098462783171521,0.126792071197411,0.1351173139158576,0.10873381877022652,0.12331715210355987,0.17552993527508093,0.11609627831715211,0.10456715210355987
241,241.0,241.6,0.1098462783171521,0.126792071197411,0.1351173139158576,0.10873381877022652,0.12331715210355987,0.17552993527508093,0.11609627831715211,0.10456715210355987
242,242.0,242.6,0.11002743773744195,0.12715439003799073,0.1403709371042634,0.10909613761080623,0.12349831152384971,0.1682835584634867,0.11682091599831153,0.10474831152384971
243,243.0,243.6,0.1098462783171521,0.126792071197411,0.13928398058252428,0.10873381877022652,0.12331715210355987,0.17136326860841425,0.11609627831715211,0.10456715210355987
244,244.0,244.6,0.10967961165048541,0.12645873786407766,0.13828398058252428,0.10840048543689318,0.12315048543689319,0.17019660194174757,0.11942961165048542,0.1044004854368932
245,245.0,245.6,0.10967961165048541,0.12645873786407766,0.13828398058252428,0.10840048543689318,0.12315048543689319,0.17019660194174757,0.11942961165048542,0.1044004854368932
246,246.0,246.6,0.10967961165048541,0.12645873786407766,0.13828398058252428,0.1044004854368932,0.12315048543689319,0.17019660194174757,0.11942961165048542,0.10840048543689318
247,247.0,247.6,0.10952576549663928,0.12615104555638537,0.1412070575056012,0.10424663928304705,0.12299663928304705,0.1691196788648245,0.11866038088125466,0.10809279312920088
248,248.0,248.6,0.10938331535418913,0.12586614527148507,0.1402099065084502,0.1041041891405969,0.1228541891405969,0.1681225278676735,0.11794813016900393,0.11151159654800429
249,249.0,249.6,0.10925104022191401,0.12560159500693482,0.13928398058252428,0.10397191400832177,0.12272191400832178,0.1671966019417476,0.12085818307905685,0.11111477115117889
250,250.0,250.6,0.1091278875125544,0.1253552895882156,0.13842191161700704,0.10384876129896217,0.12259876129896216,0.1697828088382993,0.12011926682289922,0.11074531302310006
251,251.0,251.6,0.11873516720604098,0.12373651564185544,0.1362284250269687,0.10234492988133766,0.12109492988133766,0.1708077130528587,0.11804072276159654,0.1090115965480043
252,252.0,252.6,0.11549632719300743,0.13290888449164368,0.13345553483472367,0.1002172009794152,0.1189672009794152,0.17691067818808187,0.11537535945107194,0.106668813882641
253,253.0,253.6,0.11191067225654602,0.14503070756104736,0.12926504118858487,0.1066315460429538,0.11629063695204471,0.17176099588114152,0.11531976316563694,0.10379063695204471
254,254.0,254.6,0.11797127831715208,0.1420004045307443,0.1269923139158576,0.10435881877022653,0.1147754854368932,0.1694882686084142,0.12213794498381873,0.1022754854368932
255,255.0,255.6,0.1243815347274085,0.14071835324869303,0.12635128827483197,0.10371779312920086,0.11413445979586753,0.16820621732636293,0.12085589370176746,0.10163445979586753
256,256.0,256.6,0.1243815347274085,0.14071835324869303,0.12635128827483197,0.10371779312920086,0.11413445979586753,0.16820621732636293,0.12085589370176746,0.10163445979586753
257,257.0,257.6,0.12513911048498425,0.14374865627899608,0.1271088640324077,0.10447536888677664,0.1148920355534433,0.16063045975060536,0.12161346945934322,0.1023920355534433
258,258.0,258.6,0.11427350427350427,0.16529914529914527,0.1308236208236208,0.10860139860139859,0.09723776223776223,0.15028360528360526,0.12412198912198909,0.10935897435897432
259,259.0,259.6,0.11317460317460315,0.17079365079365078,0.13027417027417026,0.10805194805194804,0.09668831168831167,0.14918470418470417,0.12302308802308799,0.10880952380952377
260,260.0,260.6,0.1112121212121212,0.16696969696969696,0.13781818181818178,0.10654545454545454,0.0952121212121212,0.1472121212121212,0.12106060606060605,0.11396969696969697
261,261.0,261.6,0.1112121212121212,0.16696969696969696,0.13781818181818178,0.10654545454545454,0.0952121212121212,0.1472121212121212,0.12106060606060605,0.11396969696969697
262,262.0,262.6,0.1112121212121212,0.16696969696969696,0.13781818181818178,0.10654545454545454,0.0952121212121212,0.1472121212121212,0.12106060606060605,0.11396969696969697
263,263.0,263.6,0.1112121212121212,0.16696969696969696,0.13781818181818178,0.10654545454545454,0.0952121212121212,0.1472121212121212,0.12106060606060605,0.11396969696969697
264,264.0,264.6,0.1112121212121212,0.16696969696969696,0.13781818181818178,0.10654545454545454,0.0952121212121212,0.1472121212121212,0.12106060606060605,0.11396969696969697
265,265.0,265.6,0.11111311131113111,0.16687068706870686,0.13765976597659763,0.10642664266426642,0.09512301230123012,0.147994299429943,0.12096159615961595,0.11385088508850885
266,266.0,266.6,0.11111073975044564,0.1639327094474153,0.14129233511586453,0.10640485739750445,0.09513034759358287,0.14648841354723707,0.12152740641711231,0.11411319073083778
267,267.0,267.6,0.11101555604589586,0.16383752574286553,0.14114004118858486,0.1062906369520447,0.09504468225948806,0.14724036481318034,0.12143222271256252,0.11399897028537805
268,268.0,268.6,0.11092085907619889,0.1636481318034716,0.14341276846131212,0.10619593998234773,0.0949499852897911,0.14648278905560458,0.1207693439246837,0.11362018240659015
269,269.0,269.6,0.11225353078294253,0.1648916769505005,0.13782668312080076,0.10750994103935278,0.09553441656382831,0.14726484300013712,0.12080968051556287,0.11390922802687506
270,270.0,270.6,0.11056277056277056,0.1631168831168831,0.14441558441558439,0.10580086580086578,0.09461038961038959,0.14655844155844155,0.1222294372294372,0.11270562770562767
271,271.0,271.6,0.10963598246617112,0.16817133600152465,0.146441776253097,0.10485610825233464,0.09369258623975601,0.14493234229083285,0.12074709357728226,0.11152277491900131
272,272.0,272.6,0.11788114792787688,0.16808316812989707,0.13795855753799677,0.10568488624563388,0.0936132351552912,0.14470310582460114,0.12065892570565466,0.11141697347304821
273,273.0,273.6,0.12485735490408385,0.16472788977461872,0.1364917060711453,0.10767148823223587,0.09289713443919048,0.1434614795829749,0.11941729946402843,0.11047564753172227
274,274.0,274.6,0.12477081977081976,0.1646413546413546,0.13727052227052225,0.10755899255899252,0.0928192528192528,0.1432364882364882,0.11933076433076431,0.11037180537180538
275,275.0,275.6,0.11783987218318459,0.16441415979803228,0.1363352557630684,0.1073063135158741,0.09267167646453014,0.14507821407628263,0.11867682695543631,0.11767768124359142
276,276.0,276.6,0.11713120213120214,0.1685914085914086,0.13489343989343988,0.1065134865134865,0.09197968697968696,0.1437046287046287,0.12097735597735597,0.1162087912087912
277,277.0,277.6,0.11643939393939393,0.16712121212121214,0.13696969696969694,0.1074242424242424,0.0921969696969697,0.1434090909090909,0.12068181818181818,0.11575757575757575
278,278.0,278.6,0.11402993348115298,0.17756744271988173,0.13750277161862526,0.10537047302291203,0.09096175166297116,0.14077697708795267,0.11986788617886177,0.11392276422764228
279,279.0,279.6,0.11397186147186147,0.17745129870129867,0.13912878787878785,0.10525432900432899,0.09090367965367964,0.14025432900432896,0.11934523809523807,0.11369047619047619
280,280.0,280.6,0.11186442598207305,0.17875514522573344,0.13797269503151854,0.11119046824929177,0.08982129688012039,0.1399418070006305,0.11823828529710881,0.1122158763335234
281,281.0,281.6,0.11002344877344876,0.17441197691197688,0.13695165945165944,0.1162536075036075,0.0888726551226551,0.13974927849927848,0.11726551226551223,0.11647186147186146
282,282.0,282.6,0.10999460548564799,0.1728950383860809,0.14006146694037908,0.11626703344380873,0.08885961461614383,0.1400585890354938,0.1176933436613989,0.11417030843104659
283,283.0,283.6,0.10990921501832926,0.17280964791876213,0.13992173708476657,0.1161661174369775,0.08878974968833761,0.13984899425207512,0.11847738340678005,0.11407715519397162
284,284.0,284.6,0.10976723759332452,0.16711211493820186,0.13891335717422673,0.11833176485350397,0.08866302779346256,0.13998996172909212,0.11785557437731349,0.11936696154087456
285,285.0,285.6,0.10256900946486383,0.16705674395259834,0.13808279239017357,0.11816565189669333,0.08860765680785901,0.14181720425400907,0.12450009264973874,0.11920084858406395
286,286.0,286.6,0.10338572055963358,0.16700388982997677,0.13728998055085012,0.11800708952882863,0.08855480268523745,0.14041909781040213,0.12629713281887192,0.11904228621619924
287,287.0,287.6,0.10276907001044933,0.1654423545802856,0.13592128178335075,0.12338209683037267,0.08796064089167535,0.1414576802507837,0.12474225008707766,0.11832462556600487
288,288.0,288.6,0.10263234350190871,0.1653129961825614,0.1372379311509746,0.12398871659741224,0.08784601871558392,0.14072734029255768,0.12416337285902501,0.11809128069997632
289,289.0,289.6,0.10212875810425552,0.16398332067915705,0.1375383440149468,0.12179673485034574,0.08736416300067736,0.14011510648117134,0.12948587756712293,0.11758769530232316
290,290.0,290.6,0.10212875810425552,0.16398332067915705,0.13536443097146852,0.12179673485034574,0.08736416300067736,0.1422890195246496,0.12948587756712293,0.11758769530232316
291,291.0,291.6,0.10199704672326697,0.1638587307908334,0.13453532057568351,0.12239148818779606,0.08725381609768341,0.14366935716904428,0.12893076347237797,0.11736347698331429
292,292.0,292.6,0.10191301310982162,0.16378169997850847,0.134402267354395,0.12311277670320223,0.08719079088759937,0.14348028153879216,0.12883972705781216,0.11727944336986891
293,293.0,293.6,0.10178604224058767,0.16366161616161617,0.13360651974288335,0.1228627180899908,0.08708448117539026,0.14271808999081725,0.13039026629935718,0.1178902662993572
294,294.0,294.6,0.10178604224058767,0.16366161616161617,0.13360651974288335,0.1228627180899908,0.08708448117539026,0.14271808999081725,0.13039026629935718,0.1178902662993572
295,295.0,295.6,0.10185245310245308,0.1663401875901876,0.13449937688574048,0.12018414666141938,0.0879773383182474,0.14443739341466613,0.12592598058507148,0.11878312344221435
296,296.0,296.6,0.11225516412820213,0.16669960857264657,0.12637755299771342,0.12002596597294886,0.09506026431035147,0.1361659496957718,0.1241545556718211,0.1192609386505445
297,297.0,297.6,0.11172086720867207,0.17158197831978317,0.12516937669376693,0.11810636856368562,0.09412262872628724,0.13579945799457993,0.12487466124661246,0.11862466124661246
298,298.0,298.6,0.10983056370153141,0.17878258390355162,0.12494216357119581,0.11707926034538936,0.09315452916259367,0.13470022808732482,0.12388033561420657,0.11763033561420659
299,299.0,299.6,0.10975959595959595,0.17871161616161615,0.1256131313131313,0.11696313131313132,0.09309646464646462,0.1345131313131313,0.12379646464646463,0.11754646464646465
300,300.0,300.6,0.11006390434961863,0.18026592455163884,0.1280931766646052,0.11838796124510406,0.09383013811585238,0.1341929499072356,0.11741290455576166,0.11775304061018343
301,301.0,301.6,0.10502308802308802,0.17855844155844156,0.1311067821067821,0.11993217893217892,0.10378932178932176,0.12866233766233764,0.11196392496392496,0.12096392496392494
302,302.0,302.6,0.10453767994909727,0.1768230334844508,0.13055263262546726,0.11815302632625468,0.10914974548635965,0.1280644436490893,0.11146601845223891,0.12125342002704205
303,303.0,303.6,0.10352900724924807,0.18112167601838747,0.1295439599256181,0.12192376539111136,0.10676475302783776,0.12505577094924014,0.11045734575238975,0.12160372168616726
304,304.0,304.6,0.10294034101352303,0.18602751527716788,0.13028862702322636,0.12125666778283728,0.1064140378174653,0.12403573216449545,0.10868912107911644,0.12034795784216809
305,305.0,305.6,0.10235877582384934,0.18942354112390875,0.1309214457927693,0.11467427384706794,0.11202910039307098,0.12292865733123085,0.10772433040815392,0.1199398752799488
306,306.0,306.6,0.10151240908426074,0.1974088737307254,0.12935534037168522,0.11273255259927044,0.11047705554890722,0.1234609422438514,0.10650906276454761,0.11854376365675179
307,307.0,307.6,0.10110982142445887,0.20105040371798238,0.13017567374612515,0.11226008373751191,0.1093391737714583,0.1226390673723095,0.10575706909496238,0.11766870713519137
308,308.0,308.6,0.09939486484108125,0.19787345883051116,0.1296391683411987,0.1148637519990749,0.10703942186644322,0.13163118149600256,0.10370541217488441,0.11585274045080365
309,309.0,309.6,0.09936239730861371,0.19784099129804364,0.12895735015938053,0.1147663494016723,0.1070069543339757,0.13299481785963893,0.10334826931774155,0.11572287032093351
310,310.0,310.6,0.09933106898781172,0.20369201591841807,0.1308290351859003,0.11467236443926629,0.10620043221472408,0.13255622136841086,0.10300365778891948,0.10971520409654903
311,311.0,311.6,0.098974023568313,0.2118661022498654,0.1315609189860023,0.11425482295201198,0.0999266341292467,0.13180595150850077,0.10234413203064278,0.10926741457541693
312,312.0,312.6,0.09761405153751064,0.2126263532572787,0.13202815711834862,0.11833416158556709,0.09849390268051968,0.1308412784777845,0.1014671270303181,0.1085949683126726
313,313.0,313.6,0.09732264505520319,0.21496652572233965,0.13108703312191686,0.11965292459478505,0.09767618040873853,0.13018264035705895,0.10089323467230442,0.10821881606765327
314,314.0,314.6,0.09708454981710794,0.2171093828651968,0.13084893788382163,0.11941482935668982,0.09696189469445282,0.12994454511896372,0.10065513943420919,0.10798072082955804
315,315.0,315.6,0.09089587737843549,0.2290574348132488,0.13021582100070472,0.11878171247357291,0.0958958773784355,0.12820031712473573,0.11002202255109231,0.09693093727977448
316,316.0,316.6,0.0905937597558508,0.22973701973230062,0.12991370337812,0.11979538432467243,0.09019850283885475,0.12789819950215103,0.10971990492850761,0.10214352553954269
317,317.0,317.6,0.09047007159992874,0.2272582591126105,0.13111185430265773,0.11984410996185384,0.09387916250901966,0.1250733619209416,0.11017092941626372,0.1021922511767241
318,318.0,318.6,0.09027418225646489,0.22889570310247995,0.13193875864709567,0.1195605525879984,0.09318327316555579,0.12455602313270861,0.10968281330482792,0.10190869380286867
319,319.0,319.6,0.09012033610261873,0.23185116868952446,0.13178491249324953,0.11798970238556923,0.09256788855017117,0.12440217697886247,0.10952896715098175,0.10175484764902251
320,320.0,320.6,0.09123144721372985,0.24407339091174668,0.13120110835012336,0.11910081349668034,0.09367899966128228,0.11551328808997356,0.10233499351633016,0.10286595876013363
321,321.0,321.6,0.09117181692154142,0.24927095548507622,0.13183318944732073,0.11372435804678549,0.09361936936909385,0.1153403602426271,0.10226343716570403,0.10277651332185096
322,322.0,322.6,0.08919233746315476,0.24742846312631234,0.13886241121137577,0.1115176826038706,0.09567381894463625,0.11477024749895068,0.10102978948368353,0.10152524966801602
323,323.0,323.6,0.08885118976958159,0.2514259397713635,0.13746924715310357,0.11041764209412816,0.09652770865299701,0.11475054925014665,0.099285953303845,0.10127177000483441
324,324.0,324.6,0.08773890011468698,0.2577642756122262,0.13740897386290798,0.10844518105013172,0.09489358548386681,0.12131054055800643,0.09788143688097845,0.0945571064371953
325,325.0,325.6,0.08631794028018583,0.25731047286004977,0.14376252958918195,0.10712520939660544,0.09411365129039129,0.12121964848735996,0.0963440158994818,0.09380653219674386
326,326.0,326.6,0.08604981236627719,0.2550495913229527,0.1427624762926816,0.10617600954367208,0.09548394145557872,0.12526634033247613,0.09578753011926214,0.09342429856709929
327,327.0,327.6,0.08585582329523896,0.25702226891858115,0.1419400719210969,0.10540005325951907,0.09687465183809238,0.12443847148001715,0.09532031700450803,0.09314834228294627
328,328.0,328.6,0.09366956793514289,0.25213110639668135,0.14145336502945466,0.1048656861073753,0.09645699556128018,0.12769257603596434,0.09517734358721797,0.08855335934688309
329,329.0,329.6,0.09147142109989928,0.2553211197883076,0.14025368209590075,0.11072496571665491,0.09485083738254137,0.1262041853943479,0.09382208146582682,0.08735170705652112
330,330.0,330.6,0.09122816450583623,0.2547797518074235,0.1400104255018377,0.10995355224362857,0.09420435498202671,0.12543277192132155,0.09728252857546747,0.08710845046245808
331,331.0,331.6,0.09403149543416717,0.25483236123503294,0.1397834533998656,0.10923505777513409,0.09359859500126674,0.12471427745282707,0.09692328134122025,0.08688147836048597
332,332.0,332.6,0.09251945383591867,0.2454693344151096,0.15283079877479716,0.10735355804880678,0.09208655340301823,0.12908277772649973,0.09528808703361216,0.08536943676223747
333,333.0,333.6,0.0909257531372484,0.24902353770562122,0.15001104443628016,0.10541502976392962,0.08746254967404495,0.1398069054131021,0.09357944380620625,0.08377573606356721
334,334.0,334.6,0.08945612751638005,0.2507003671477165,0.15795386087506824,0.10377895152288046,0.0889119754293157,0.1339834651929841,0.0926118446132672,0.08260340770238761
335,335.0,335.6,0.09556152284372435,0.2530300521214642,0.15731899851576014,0.10124859416205272,0.08643193658299055,0.13031910080031645,0.09563029166384748,0.08045950330984396
336,336.0,336.6,0.10113968858171832,0.2552025436725339,0.15470427915962853,0.09965240793204012,0.08472072503160724,0.12823510972777577,0.0971900377119046,0.07915520818279119
337,337.0,337.6,0.11336500196802239,0.24530823261723214,0.15379587383945853,0.09865487605215531,0.08399057283086679,0.12723757784789097,0.0992228088623228,0.07842505598205075
338,338.0,338.6,0.10890529609279605,0.24165312118437116,0.16133833180708176,0.1004725656288156,0.08320322039072037,0.12609890109890107,0.10144478785103783,0.0768837759462759
339,339.0,339.6,0.10879860860905939,0.2403559575101583,0.16041717645969691,0.09996645061450386,0.08301456569386895,0.12828599451550268,0.10085410348986165,0.078307143107348
340,340.0,340.6,0.11136567422118313,0.23866191244765395,0.16019069634586214,0.10047642643334595,0.08257862830298969,0.12786697084066503,0.10071241019773232,0.07814728121056749
341,341.0,341.6,0.11122342671051458,0.24250654655544596,0.16011957259052786,0.09755640114489963,0.08222300952631827,0.1276535995746622,0.10064128644239805,0.07807615745523322
342,342.0,342.6,0.11101339886890779,0.2422424160281575,0.1606020647804864,0.09634595427961798,0.08181055253491393,0.12707579504948924,0.10297621246153457,0.07793360599689228
343,343.0,343.6,0.11081406998536839,0.2446264295963816,0.16196393521267607,0.09593325413007574,0.07977957169677174,0.12652786858051016,0.1025564911207606,0.07779837967745545
344,344.0,344.6,0.11066567772936757,0.24307559831599054,0.1612154926542156,0.09570553876460902,0.08183439492876927,0.12608053138635555,0.10384400837192467,0.07757875784876757
345,345.0,345.6,0.11046430178009121,0.24393740762161814,0.16192404087140927,0.0953736906368485,0.08134952766531711,0.12622871280766015,0.10343872501767237,0.07728359359938305
346,346.0,346.6,0.10996330971659915,0.24653165365336416,0.16257880277617115,0.09503638904954692,0.08103702766531712,0.1255045064584538,0.10245162184306919,0.0768966888374783
347,347.0,347.6,0.1140083874458874,0.24315257659007655,0.16215992340992338,0.09455003330003328,0.08075310106560103,0.12729832667332663,0.10146488927738925,0.07661276223776221
348,348.0,348.6,0.11341102979847921,0.2449451394367345,0.1619250260188076,0.09420929214028302,0.07900061273828965,0.12945730184039078,0.10061708440278964,0.07643451362422544
349,349.0,349.6,0.11263620366445803,0.2493695232849019,0.16135053002395594,0.09356019075460366,0.0783785475608717,0.12900371572556765,0.09964776378612877,0.07605352519951211
350,350.0,350.6,0.11191370350387522,0.24950741005178023,0.164804121451068,0.0929439599840363,0.07778970822434561,0.12860741453203284,0.09873995772039662,0.07569372453246496
351,351.0,351.6,0.11137275559519474,0.25280000844176237,0.16365723926348813,0.0924724760416221,0.07904683723874203,0.12757326554148848,0.09773714125391736,0.07534027662378448
352,352.0,352.6,0.11124843547087462,0.25353427417602814,0.16446920507545393,0.09304158462599786,0.07865056684247165,0.1264757964287522,0.09743022594700204,0.07514991143341929
353,353.0,353.6,0.11542162546496013,0.2533896889221058,0.16041082564394019,0.09434972921772454,0.07995871143419833,0.12147652056866412,0.09858007112669799,0.07641282762170862
354,354.0,354.6,0.114972325959471,0.2518007882770155,0.15946745301487836,0.09411948276271954,0.07972846497919334,0.1221578174527705,0.10161498454352538,0.07613868301042617
355,355.0,355.6,0.11045606359154622,0.2510218996464645,0.16564624864380184,0.09549887773546488,0.07888563772971646,0.12116580009246666,0.1020722425455404,0.07525323001499876
356,356.0,356.6,0.11045606359154622,0.2510218996464645,0.16564624864380184,0.09549887773546488,0.07888563772971646,0.12116580009246666,0.1020722425455404,0.07525323001499876
