,Unnamed: 0,Total_iterations,Intertwine_two,Add_vertex,Delete_vertex,Invert_path_vertices,Insert_inside_vertex,Delete_inside_vertex,Replace_inside_vertex,Donate_between_routes
0,0.0,0.0,0.125,0.125,0.125,0.125,0.125,0.125,0.125,0.125
1,1.0,0.10900000000000001,0.125,0.125,0.125,0.125,0.125,0.125,0.125,0.125
2,2.0,0.31601,0.125,0.125,0.125,0.125,0.125,0.125,0.125,0.125
3,3.0,0.6191589000000001,0.125,0.125,0.125,0.125,0.125,0.125,0.125,0.125
4,4.0,1.015801321,0.125,0.125,0.125,0.125,0.125,0.125,0.125,0.125
5,5.0,1.50262148669,0.125,0.125,0.125,0.125,0.125,0.125,0.125,0.125
6,6.0,2.0757334209441005,0.125,0.125,0.125,0.125,0.125,0.125,0.125,0.125
7,7.0,2.7307768275633495,0.125,0.125,0.125,0.125,0.125,0.125,0.125,0.125
8,8.0,3.4630081252450404,0.125,0.125,0.125,0.125,0.125,0.125,0.125,0.125
9,9.0,4.2673862119061114,0.125,0.125,0.125,0.125,0.125,0.125,0.125,0.125
10,10.0,5.138652627782014,0.125,0.125,0.125,0.125,0.125,0.125,0.125,0.125
11,11.0,6.071405875792507,0.125,0.125,0.125,0.125,0.125,0.125,0.125,0.125
12,12.0,7.060169740244025,0.125,0.125,0.125,0.125,0.125,0.125,0.125,0.125
13,13.0,8.099455520847952,0.125,0.125,0.125,0.125,0.125,0.125,0.125,0.125
14,14.0,9.183818168183006,0.125,0.125,0.125,0.125,0.125,0.125,0.125,0.125
15,15.0,10.307906369102724,0.125,0.125,0.125,0.125,0.125,0.125,0.125,0.125
16,16.0,11.466506686239443,0.125,0.125,0.125,0.125,0.125,0.125,0.125,0.125
17,17.0,12.654581904800096,0.125,0.125,0.125,0.125,0.125,0.125,0.125,0.125
18,18.0,13.867303782456686,0.125,0.125,0.125,0.125,0.125,0.125,0.125,0.125
19,19.0,15.100080434523047,0.125,0.125,0.125,0.125,0.125,0.125,0.125,0.125
20,20.0,16.348578617037543,0.125,0.125,0.125,0.125,0.125,0.125,0.125,0.125
21,21.0,17.608741195130214,0.125,0.125,0.125,0.125,0.125,0.125,0.125,0.125
22,22.0,18.876800103462312,0.125,0.125,0.125,0.125,0.125,0.125,0.125,0.125
23,23.0,20.14928511992658,0.125,0.125,0.125,0.125,0.125,0.125,0.125,0.125
24,24.0,21.423028783545156,0.125,0.125,0.125,0.125,0.125,0.125,0.125,0.125
25,25.0,22.695167792966423,0.125,0.125,0.125,0.125,0.125,0.125,0.125,0.125
26,26.0,23.963141223515898,0.125,0.125,0.125,0.125,0.125,0.125,0.125,0.125
27,27.0,25.224685898775267,0.125,0.125,0.125,0.125,0.125,0.125,0.125,0.125
28,28.0,26.477829247520948,0.125,0.125,0.125,0.125,0.125,0.125,0.125,0.125
29,29.0,27.720879968916847,0.125,0.125,0.125,0.125,0.125,0.125,0.125,0.125
30,30.0,28.95241681848399,0.125,0.125,0.125,0.125,0.125,0.125,0.125,0.125
31,31.0,30.17127581490958,0.125,0.125,0.125,0.125,0.125,0.125,0.125,0.125
32,32.0,31.376536153543515,0.125,0.125,0.125,0.125,0.125,0.125,0.125,0.125
33,33.0,32.567505096778625,0.125,0.125,0.125,0.125,0.125,0.125,0.125,0.125
34,34.0,33.74370209472243,0.125,0.125,0.125,0.125,0.125,0.125,0.125,0.125
35,35.0,34.90484237192463,0.125,0.125,0.125,0.125,0.125,0.125,0.125,0.125
36,36.0,36.05082019768737,0.125,0.125,0.125,0.125,0.125,0.125,0.125,0.125
37,37.0,37.18169203889697,0.125,0.125,0.125,0.125,0.125,0.125,0.125,0.125
38,38.0,38.29765977559663,0.125,0.125,0.125,0.125,0.125,0.125,0.125,0.125
39,39.0,39.399054140870355,0.125,0.125,0.125,0.125,0.125,0.125,0.125,0.125
40,40.0,40.48631852820801,0.125,0.125,0.125,0.125,0.125,0.125,0.125,0.125
41,41.0,41.55999329152982,0.125,0.125,0.125,0.125,0.125,0.125,0.125,0.125
42,42.0,42.62070064560415,0.125,0.125,0.125,0.125,0.125,0.125,0.125,0.125
43,43.0,43.669130257815,0.125,0.125,0.125,0.125,0.125,0.125,0.125,0.125
44,44.0,44.70602560622662,0.125,0.125,0.125,0.125,0.125,0.125,0.125,0.125
45,45.0,45.73217116373481,0.125,0.125,0.125,0.125,0.125,0.125,0.125,0.125
46,46.0,46.748380453854836,0.125,0.125,0.125,0.125,0.125,0.125,0.125,0.125
47,47.0,47.755485010424316,0.125,0.125,0.125,0.125,0.125,0.125,0.125,0.125
48,48.0,48.7543242612326,0.125,0.125,0.125,0.125,0.125,0.125,0.125,0.125
49,49.0,49.745736344347726,0.125,0.125,0.125,0.125,0.125,0.125,0.125,0.125
50,50.0,50.730549855707864,0.125,0.125,0.125,0.125,0.125,0.125,0.125,0.125
51,51.0,51.70957651737491,0.125,0.125,0.125,0.125,0.125,0.125,0.125,0.125
52,52.0,52.68360474770151,0.125,0.125,0.125,0.125,0.125,0.125,0.125,0.125
53,53.0,53.65339410751842,0.125,0.125,0.125,0.125,0.125,0.125,0.125,0.125
54,54.0,54.61967059027847,0.125,0.125,0.125,0.125,0.125,0.125,0.125,0.125
55,55.0,55.58312271885972,0.125,0.125,0.125,0.125,0.125,0.125,0.125,0.125
56,56.0,56.544398407394254,0.125,0.125,0.125,0.125,0.125,0.125,0.125,0.125
57,57.0,57.504102543001395,0.125,0.125,0.125,0.125,0.125,0.125,0.125,0.125
58,58.0,58.462795239617805,0.125,0.125,0.125,0.125,0.125,0.125,0.125,0.125
59,59.0,59.42099071417639,0.125,0.125,0.125,0.125,0.125,0.125,0.125,0.125
60,60.0,60.379156734137354,0.125,0.125,0.125,0.125,0.125,0.125,0.125,0.125
61,61.0,61.337714584760846,0.125,0.125,0.125,0.125,0.125,0.125,0.125,0.125
62,62.0,62.29703950447439,0.125,0.125,0.125,0.125,0.125,0.125,0.125,0.125
63,63.0,63.257461537171835,0.125,0.125,0.125,0.125,0.125,0.125,0.125,0.125
64,64.0,64.21926675122782,0.125,0.125,0.125,0.125,0.125,0.125,0.125,0.125
65,65.0,65.18269877636592,0.125,0.125,0.125,0.125,0.125,0.125,0.125,0.125
66,66.0,66.14796061122655,0.125,0.125,0.125,0.125,0.125,0.125,0.125,0.125
67,67.0,67.11521665648885,0.125,0.125,0.125,0.125,0.125,0.125,0.125,0.125
68,68.0,68.08459493066005,0.125,0.125,0.125,0.125,0.125,0.125,0.125,0.125
69,69.0,69.05618942810752,0.125,0.125,0.125,0.125,0.125,0.125,0.125,0.125
70,70.0,70.03006258152917,0.125,0.125,0.125,0.125,0.125,0.125,0.125,0.125
71,71.0,71.00624779379335,0.125,0.125,0.125,0.125,0.125,0.125,0.125,0.125
72,72.0,71.98475200689319,0.125,0.125,0.125,0.125,0.125,0.125,0.125,0.125
73,73.0,72.97555827861412,0.125,0.125,0.125,0.125,0.125,0.125,0.125,0.125
74,74.0,73.96852834037679,0.125,0.125,0.125,0.125,0.125,0.125,0.125,0.125
75,75.0,74.96351611255945,0.125,0.125,0.125,0.125,0.125,0.125,0.125,0.125
76,76.0,75.96036994639825,0.125,0.125,0.125,0.125,0.125,0.125,0.125,0.125
77,77.0,76.95893469738917,0.125,0.125,0.125,0.125,0.125,0.125,0.125,0.125
78,78.0,77.95905362630712,0.125,0.125,0.125,0.125,0.125,0.125,0.125,0.125
79,79.0,78.96057012607021,0.125,0.125,0.125,0.125,0.125,0.125,0.125,0.125
80,80.0,79.96332927459629,0.125,0.125,0.125,0.125,0.125,0.125,0.125,0.125
81,81.0,80.96717921552379,0.125,0.125,0.125,0.125,0.125,0.125,0.125,0.125
82,82.0,81.9819723702033,0.125,0.125,0.125,0.125,0.125,0.125,0.125,0.125
83,83.0,82.99746648571283,0.125,0.125,0.125,0.125,0.125,0.125,0.125,0.125
84,84.0,84.01343652481428,0.125,0.125,0.125,0.125,0.125,0.125,0.125,0.125
85,85.0,85.02967519475744,0.125,0.125,0.125,0.125,0.125,0.125,0.125,0.125
86,86.0,86.04599324575872,0.125,0.125,0.125,0.125,0.125,0.125,0.125,0.125
87,87.0,87.06221955920228,0.125,0.125,0.125,0.125,0.125,0.125,0.125,0.125
88,88.0,88.07820104570945,0.125,0.125,0.125,0.125,0.125,0.125,0.125,0.125
89,89.0,89.09380237310882,0.125,0.125,0.125,0.125,0.125,0.125,0.125,0.125
90,90.0,90.10890554403716,0.125,0.125,0.125,0.125,0.125,0.125,0.125,0.125
91,91.0,91.1234093424323,0.125,0.125,0.125,0.125,0.125,0.125,0.125,0.125
92,92.0,92.1372286675636,0.125,0.125,0.125,0.125,0.125,0.125,0.125,0.125
93,93.0,93.15029377350612,0.125,0.125,0.125,0.125,0.125,0.125,0.125,0.125
94,94.0,94.16254943111934,0.125,0.125,0.125,0.125,0.125,0.125,0.125,0.125
95,95.0,95.18395402866004,0.125,0.125,0.125,0.125,0.125,0.125,0.125,0.125
96,96.0,96.21437862616008,0.125,0.125,0.125,0.125,0.125,0.125,0.125,0.125
97,97.0,97.24361697764851,0.125,0.125,0.125,0.125,0.125,0.125,0.125,0.125
98,98.0,98.27149532421163,0.125,0.125,0.125,0.125,0.125,0.125,0.125,0.125
99,99.0,99.2978708828763,0.125,0.125,0.125,0.125,0.125,0.125,0.125,0.125
100,100.0,100.33263017684574,0.125,0.125,0.125,0.125,0.125,0.125,0.125,0.125
101,101.0,101.3655872396498,0.125,0.125,0.125,0.125,0.125,0.125,0.125,0.125
102,102.0,102.39659272377693,0.125,0.125,0.125,0.125,0.125,0.125,0.125,0.125
103,103.0,103.4255317322536,0.125,0.125,0.125,0.125,0.125,0.125,0.125,0.125
104,104.0,104.45232152256006,0.125,0.125,0.125,0.125,0.125,0.125,0.125,0.125
105,105.0,105.47690911861027,0.125,0.125,0.125,0.125,0.125,0.125,0.125,0.125
106,106.0,106.49926886386936,0.125,0.125,0.125,0.125,0.125,0.125,0.125,0.125
107,107.0,107.51939994596385,0.125,0.125,0.125,0.125,0.125,0.125,0.125,0.125
108,108.0,108.53732392038924,0.125,0.125,0.125,0.125,0.125,0.125,0.125,0.125
109,109.0,109.5530822581682,0.125,0.125,0.125,0.125,0.125,0.125,0.125,0.125
110,110.0,110.56673393958758,0.125,0.125,0.125,0.125,0.125,0.125,0.125,0.125
111,111.0,111.57835311346915,0.125,0.125,0.125,0.125,0.125,0.125,0.125,0.125
112,112.0,112.58802683882787,0.125,0.125,0.125,0.125,0.125,0.125,0.125,0.125
113,113.0,113.59585292326244,0.125,0.125,0.125,0.125,0.125,0.125,0.125,0.125
114,114.0,114.60193787002093,0.125,0.125,0.125,0.125,0.125,0.125,0.125,0.125
115,115.0,115.60639494340337,0.125,0.125,0.125,0.125,0.125,0.125,0.125,0.125
116,116.0,116.60934236001353,0.125,0.125,0.125,0.125,0.125,0.125,0.125,0.125
117,117.0,117.61090161136254,0.125,0.125,0.125,0.125,0.125,0.125,0.125,0.125
118,118.0,118.61119592146301,0.125,0.125,0.125,0.125,0.125,0.125,0.125,0.125
119,119.0,119.6103488413388,0.125,0.125,0.125,0.125,0.125,0.125,0.125,0.125
120,120.0,120.60848298081363,0.125,0.125,0.125,0.125,0.125,0.125,0.125,0.125
121,121.0,121.60571887653286,0.125,0.125,0.125,0.125,0.125,0.125,0.125,0.125
122,122.0,122.60217399391483,0.125,0.125,0.125,0.125,0.125,0.125,0.125,0.125
123,123.0,123.59796185961946,0.125,0.125,0.125,0.125,0.125,0.125,0.125,0.125
124,124.0,124.59319132015742,0.125,0.125,0.125,0.125,0.125,0.125,0.125,0.125
125,125.0,125.58796592144,0.125,0.125,0.125,0.125,0.125,0.125,0.125,0.125
126,126.0,126.58238340337995,0.125,0.125,0.125,0.125,0.125,0.125,0.125,0.125
127,127.0,127.5765353030921,0.125,0.125,0.125,0.125,0.125,0.125,0.125,0.125
128,128.0,128.57050665980213,0.125,0.125,0.125,0.125,0.125,0.125,0.125,0.125
129,129.0,129.5643758142431,0.125,0.125,0.125,0.125,0.125,0.125,0.125,0.125
130,130.0,130.55821429509754,0.125,0.125,0.125,0.125,0.125,0.125,0.125,0.125
131,131.0,131.5520867849156,0.125,0.125,0.125,0.125,0.125,0.125,0.125,0.125
132,132.0,132.54605115790267,0.125,0.125,0.125,0.125,0.125,0.125,0.125,0.125
133,133.0,133.54015858201203,0.125,0.125,0.125,0.125,0.125,0.125,0.125,0.125
134,134.0,134.5344536778903,0.125,0.125,0.125,0.125,0.125,0.125,0.125,0.125
135,135.0,135.52897472740187,0.125,0.125,0.125,0.125,0.125,0.125,0.125,0.125
136,136.0,136.52375392468824,0.125,0.125,0.125,0.125,0.125,0.125,0.125,0.125
137,137.0,137.5188176629991,0.125,0.125,0.125,0.125,0.125,0.125,0.125,0.125
138,138.0,138.51418685084892,0.125,0.125,0.125,0.125,0.125,0.125,0.125,0.125
139,139.0,139.50987725140524,0.125,0.125,0.125,0.125,0.125,0.125,0.125,0.125
140,140.0,140.50589983939187,0.125,0.125,0.125,0.125,0.125,0.125,0.125,0.125
141,141.0,141.50226117018593,0.125,0.125,0.125,0.125,0.125,0.125,0.125,0.125
142,142.0,142.49896375619872,0.125,0.125,0.125,0.125,0.125,0.125,0.125,0.125
143,143.0,143.49600644604823,0.125,0.125,0.125,0.125,0.125,0.125,0.125,0.125
144,144.0,144.4933848024523,0.125,0.125,0.125,0.125,0.125,0.125,0.125,0.125
145,145.0,145.49109147519147,0.125,0.125,0.125,0.125,0.125,0.125,0.125,0.125
146,146.0,146.4891165659048,0.125,0.125,0.125,0.125,0.125,0.125,0.125,0.125
147,147.0,147.48744798188775,0.125,0.125,0.125,0.125,0.125,0.125,0.125,0.125
148,148.0,148.48607177645354,0.125,0.125,0.125,0.125,0.125,0.125,0.125,0.125
149,149.0,149.4849724737982,0.125,0.125,0.125,0.125,0.125,0.125,0.125,0.125
150,150.0,150.4841333766704,0.125,0.125,0.125,0.125,0.125,0.125,0.125,0.125
151,151.0,151.4835368554887,0.125,0.125,0.125,0.125,0.125,0.125,0.125,0.125
152,152.0,152.48316461787027,0.125,0.125,0.125,0.125,0.125,0.125,0.125,0.125
153,153.0,153.48299795783498,0.125,0.125,0.125,0.125,0.125,0.125,0.125,0.125
154,154.0,154.4830179842249,0.125,0.125,0.125,0.125,0.125,0.125,0.125,0.125
155,155.0,155.48320582813355,0.125,0.125,0.125,0.125,0.125,0.125,0.125,0.125
156,156.0,156.48354282937,0.125,0.125,0.125,0.125,0.125,0.125,0.125,0.125
157,157.0,157.48401070218912,0.125,0.125,0.125,0.125,0.125,0.125,0.125,0.125
158,158.0,158.48459168070443,0.125,0.125,0.125,0.125,0.125,0.125,0.125,0.125
159,159.0,159.48526864456113,0.125,0.125,0.125,0.125,0.125,0.125,0.125,0.125
160,160.0,160.4860252255866,0.125,0.125,0.125,0.125,0.125,0.125,0.125,0.125
161,161.0,161.48684589625364,0.125,0.125,0.125,0.125,0.125,0.125,0.125,0.125
162,162.0,162.48771604089146,0.125,0.125,0.125,0.125,0.125,0.125,0.125,0.125
163,163.0,163.48862201065654,0.125,0.125,0.125,0.125,0.125,0.125,0.125,0.125
164,164.0,164.48955116333855,0.125,0.125,0.125,0.125,0.125,0.125,0.125,0.125
165,165.0,165.490491889119,0.125,0.125,0.125,0.125,0.125,0.125,0.125,0.125
166,166.0,166.49143362343023,0.125,0.125,0.125,0.125,0.125,0.125,0.125,0.125
167,167.0,167.49236684807602,0.125,0.125,0.125,0.125,0.125,0.125,0.125,0.125
168,168.0,168.49328308177644,0.125,0.125,0.125,0.125,0.125,0.125,0.125,0.125
169,169.0,169.49417486128908,0.125,0.125,0.125,0.125,0.125,0.125,0.125,0.125
170,170.0,170.49503571423756,0.125,0.125,0.125,0.125,0.125,0.125,0.125,0.125
171,171.0,171.49586012474882,0.125,0.125,0.125,0.125,0.125,0.125,0.125,0.125
172,172.0,172.49664349296145,0.125,0.125,0.125,0.125,0.125,0.125,0.125,0.125
173,173.0,173.4973820894232,0.125,0.125,0.125,0.125,0.125,0.125,0.125,0.125
174,174.0,174.49807300534457,0.125,0.125,0.125,0.125,0.125,0.125,0.125,0.125
175,175.0,175.49871409962034,0.125,0.125,0.125,0.125,0.125,0.125,0.125,0.125
176,176.0,176.50930394347233,0.125,0.125,0.125,0.125,0.125,0.125,0.125,0.125
177,177.0,177.51974176350438,0.125,0.125,0.125,0.125,0.125,0.125,0.125,0.125
178,178.0,178.52993838389818,0.125,0.125,0.125,0.125,0.125,0.125,0.125,0.125
179,179.0,179.53981595841367,0.125,0.125,0.125,0.125,0.125,0.125,0.125,0.125
180,180.0,180.54930761589347,0.125,0.125,0.125,0.125,0.125,0.125,0.125,0.125
181,181.0,181.55835703146633,0.125,0.125,0.125,0.125,0.125,0.125,0.125,0.125
182,182.0,182.56691793516725,0.125,0.125,0.125,0.125,0.125,0.125,0.125,0.125
183,183.0,183.57495356914637,0.125,0.125,0.125,0.125,0.125,0.125,0.125,0.125
184,184.0,184.58243610403616,0.125,0.125,0.125,0.125,0.125,0.125,0.125,0.125
185,185.0,185.5893460243966,0.125,0.125,0.125,0.125,0.125,0.125,0.125,0.125
186,186.0,186.59567149247704,0.125,0.125,0.125,0.125,0.125,0.125,0.125,0.125
187,187.0,187.60140769882466,0.125,0.125,0.125,0.125,0.125,0.125,0.125,0.125
188,188.0,188.60655620754926,0.125,0.125,0.125,0.125,0.125,0.125,0.125,0.125
189,189.0,189.6111243033259,0.125,0.125,0.125,0.125,0.125,0.125,0.125,0.125
190,190.0,190.61512434649165,0.125,0.125,0.125,0.125,0.125,0.125,0.125,0.125
191,191.0,191.6185731418759,0.125,0.125,0.125,0.125,0.125,0.125,0.125,0.125
192,192.0,192.62149132630296,0.125,0.125,0.125,0.125,0.125,0.125,0.125,0.125
193,193.0,193.62390277902426,0.125,0.125,0.125,0.125,0.125,0.125,0.125,0.125
194,194.0,194.6258340586832,0.125,0.125,0.125,0.125,0.125,0.125,0.125,0.125
195,195.0,195.62731386978942,0.125,0.125,0.125,0.125,0.125,0.125,0.125,0.125
196,196.0,196.62837256108713,0.125,0.125,0.125,0.125,0.125,0.125,0.125,0.125
197,197.0,197.6290416576442,0.125,0.125,0.125,0.125,0.125,0.125,0.125,0.125
198,198.0,198.62935342796914,0.125,0.125,0.125,0.125,0.125,0.125,0.125,0.125
199,199.0,199.62934048698187,0.125,0.125,0.125,0.125,0.125,0.125,0.125,0.125
200,200.0,200.6290354352235,0.12498711340206187,0.12498711340206187,0.12509020618556702,0.12498711340206187,0.12498711340206187,0.12498711340206187,0.12498711340206187,0.12498711340206187
201,201.0,201.62847053428874,0.1249743556701031,0.1249743556701031,0.12517951030927835,0.1249743556701031,0.1249743556701031,0.1249743556701031,0.1249743556701031,0.1249743556701031
202,202.0,202.62767741810455,0.12496184149484538,0.12496184149484538,0.12526710953608247,0.12496184149484538,0.12496184149484538,0.12496184149484538,0.12496184149484538,0.12496184149484538
203,203.0,203.62668683935777,0.12494967166237114,0.12494967166237114,0.12535229836340206,0.12494967166237114,0.12494967166237114,0.12494967166237114,0.12494967166237114,0.12494967166237114
204,204.0,204.62552845009208,0.12493793343672682,0.12493793343672682,0.12543446594291238,0.12493793343672682,0.12493793343672682,0.12493793343672682,0.12493793343672682,0.12493793343672682
205,205.0,205.62423061525203,0.12492670103948583,0.12492670103948583,0.12551309272359923,0.12492670103948583,0.12492670103948583,0.12492670103948583,0.12492670103948583,0.12492670103948583
206,206.0,206.62282025774348,0.12477714732289139,0.12477714732289139,0.1254488576286492,0.12477714732289139,0.1258882584340025,0.12477714732289139,0.12477714732289139,0.12477714732289139
207,207.0,207.62132273340833,0.12445158820882926,0.12445158820882926,0.12541973360202505,0.12455797118755266,0.12665797118755268,0.12555797118755266,0.12455797118755266,0.12434520523010585
208,208.0,208.61976173417264,0.12402786328065636,0.1241331264385511,0.1252816742297454,0.12423844558748726,0.1272165364965782,0.12704662740566908,0.12423844558748726,0.12381728097382544
209,209.0,209.61815921751878,0.12352511179782115,0.1237334889908036,0.12505177311140742,0.12394096416810856,0.12759054083477525,0.1291078975014419,0.12383679750144189,0.12321342609420037
210,210.0,210.61653536035513,0.12295938573307871,0.12326782456921542,0.1247443741120921,0.12357450820378442,0.12780181427132825,0.13173332164434384,0.12336829042027925,0.12255048104587811
211,211.0,211.61490853530427,0.12235601850131342,0.12276173770627814,0.12438657919047263,0.12316495139438957,0.1285958953199606,0.13402278088495898,0.1228586405052143,0.12185339649741248
212,212.0,212.61329530740545,0.12158775050448783,0.12208727412769861,0.12496105961204935,0.1224805492219625,0.12974752699994266,0.1359603385248836,0.12218000115173051,0.12099549985724509
213,213.0,213.61171044922247,0.1206938338641556,0.12128309550590624,0.12527281129225512,0.12166349311476468,0.13121023158213327,0.13848886691247414,0.121371137062284,0.12001653066602713
214,214.0,214.61016697236556,0.11983327261107068,0.12050771513144024,0.12558248958842497,0.1208727190273452,0.13262577473048964,0.1409114836890881,0.12059065935136548,0.11907588587077586
215,215.0,215.6086761734707,0.11963633681903924,0.1197660069833126,0.12588720505600082,0.12011350649860039,0.1333597171569117,0.143214553848057,0.11984353415823135,0.11817913947984711
216,216.0,216.60724769273062,0.1194761332998762,0.1190620209203708,0.12618440682316628,0.11939029149795025,0.1340353795093286,0.14538700134955568,0.11913389748303449,0.11733086911671793
217,217.0,217.60588958313724,0.11927149448535394,0.11811266876842137,0.12630509042473376,0.11862868392962085,0.13457381067864574,0.14826663774251672,0.11838707434776222,0.11645453962294566
218,218.0,218.6046083886718,0.11902433945591522,0.11713394332580085,0.1262642911255335,0.11866793512731305,0.13497781213939625,0.150764848664211,0.11760871429769107,0.11555811586413935
219,219.0,219.6034092297662,0.11850241508186975,0.11711487065230403,0.1259478348279039,0.11847865450353554,0.13512197721301963,0.15287231009256383,0.11744417575922278,0.11451776186958082
220,220.0,220.60229589445353,0.11800412101749587,0.1171316296738307,0.12561180204578765,0.11831308606411954,0.1352006535972465,0.15489725993862372,0.11731121998402821,0.11353022767886807
221,221.0,221.60127093372756,0.11747627739419247,0.11712466985238557,0.12515042403289878,0.11805959849713381,0.13516363267423007,0.15728194738194443,0.1171991432919692,0.11254430687524597
222,222.0,222.6003357597369,0.11692810965736036,0.11709742472375506,0.12458333686812711,0.11773217425640015,0.1350236785474883,0.1600478198085154,0.11701676675703747,0.11157068938131648
223,223.0,223.59949074554794,0.11637759880975906,0.11706266218398238,0.1245671503036766,0.11735499392949908,0.13480480628026906,0.16241705608727341,0.11678738445045277,0.110628347955088
224,224.0,224.59873532532242,0.11586798427094153,0.11705898159957948,0.12455943614515962,0.11701180492831637,0.1345545964092923,0.16469413757122228,0.11649198067143615,0.10976107840405269
225,225.0,225.59806809386623,0.11535340683943418,0.11713644586487003,0.12443498876177952,0.11661698938640608,0.13422979887563993,0.1665715843854907,0.1167336053661618,0.10892318052021824
226,226.0,226.59748690461697,0.11463168772320609,0.11798834499661681,0.12506871792846605,0.11600674367475738,0.13363511774711928,0.16800329943264725,0.11675381323709967,0.10791227526008793
227,227.0,227.59698896524645,0.11392307854332955,0.11872103677829464,0.1256054294828594,0.11536835379033646,0.1329958084559403,0.16963669560167674,0.11670150467223289,0.10704809267533054
228,228.0,228.59657093016057,0.11326276616267401,0.11945852679179951,0.1261376933647626,0.11476984157867647,0.1323521386759865,0.17108232964223094,0.11667268969490824,0.10626401408896224
229,229.0,229.59622898928166,0.112512173147931,0.1199414983255096,0.1269881170827226,0.11404361375134309,0.13157063027674187,0.1730579717191495,0.11646647668678801,0.10541951900981485
230,230.0,230.5959589525978,0.11178783349265664,0.12039057351206725,0.1277163804159541,0.11330970414817698,0.13077288220412797,0.17519086460802685,0.116202667581033,0.10462909403795773
231,231.0,231.59575633005636,0.11108433895407462,0.1212708154071304,0.12831305413032618,0.11256408822810786,0.12995648940480586,0.1769505810140814,0.11587740295049576,0.1039832299109784
232,232.0,232.59561640646848,0.11042727257538096,0.12212236610180588,0.12896796960525286,0.11185729477054489,0.12915195369652918,0.17850532909383152,0.11556341155390666,0.1034044026027485
233,233.0,233.59553431117473,0.10979613498000818,0.12289550696317512,0.13004352404156364,0.11114828077725837,0.12834355106236645,0.17970705686242597,0.11519683227363704,0.10286911303956568
234,234.0,234.59550508229862,0.10920292887261812,0.12359834944662595,0.13098238609767665,0.11045407362910635,0.12754974973497,0.1805933492021874,0.11523080516053683,0.10238835785627917
235,235.0,235.5955237254871,0.10876466710539201,0.12426646808764535,0.13187776919737465,0.10981570783558653,0.12679481415820198,0.1813113926614552,0.11518990322634767,0.10197927772799702
236,236.0,236.5955852671019,0.10836474327918001,0.12486042220000829,0.13263448769515723,0.10919775103511291,0.12606429117073828,0.1821606867661499,0.11509693784518113,0.10162068000847262
237,237.0,237.59568480188418,0.10801962718596893,0.12541429739110896,0.13334036260536858,0.10863695059203779,0.12537934909134915,0.18285874394546445,0.11502326240685096,0.10132740678185154
238,238.0,238.59581753516937,0.1077272892133908,0.12592656280116257,0.1339934195376637,0.10813319887505207,0.12474227925002106,0.1834137073201437,0.11496768467145681,0.10109585833110965
239,239.0,239.59597881977436,0.10748537492910808,0.12639625675417332,0.13459240972051123,0.10768582852871666,0.12415466512136115,0.1838343366369044,0.11492895064605903,0.10092217766316645
240,240.0,240.59616418772112,0.10729126110713408,0.12682293945631534,0.13513674992702746,0.10729367511942989,0.12361743727538922,0.18412985900837078,0.11490576329991196,0.1008023148064215
241,241.0,241.596369376996,0.10714210883945766,0.12720664520565414,0.13562646175278037,0.10695513848757976,0.1231309293622962,0.18430982990535763,0.114896799838552,0.10073208660832245
242,242.0,242.59659035357342,0.1070530294353548,0.1275840665240346,0.13658747323642936,0.1067044742057991,0.12271305040995409,0.1836593670851836,0.11497319127622997,0.10072534782701464
243,243.0,243.59682332895733,0.10698448611265413,0.1278832170616586,0.1373815225582179,0.10646656110218859,0.12232669602195616,0.1832281634753028,0.11498795704924503,0.100741396618777
244,244.0,244.5970647735133,0.10693474837760183,0.1281082077535444,0.13801519152807062,0.10624177855228618,0.12197221496690741,0.1826047646110745,0.11534566279097098,0.10077743141954427
245,245.0,245.59731142587856,0.10691743304878361,0.12829420467734692,0.1385881814914826,0.10606106132622009,0.12166496472206338,0.18191962400657574,0.11570843744711949,0.1008460932804083
246,246.0,246.5975602987485,0.10692947103886423,0.12844324724063652,0.1391008304494638,0.10552181006386734,0.12140329470885206,0.1811857672418786,0.1160721463796868,0.1013434328767508
247,247.0,247.59780868134396,0.10695242202066838,0.12852677122306233,0.1398463537052852,0.10500988606609549,0.12116987898885767,0.18030771219295755,0.11635613599478228,0.10183083980829122
248,248.0,248.59805413886642,0.10698456632480681,0.12854969552208878,0.14043121657381252,0.10452727698602535,0.1209638274295596,0.17930586721593217,0.11656354402600788,0.10267400592176705
249,249.0,249.59829450924798,0.10702425617559772,0.12851703686225152,0.1408627874622409,0.10407547042228042,0.12078405713007419,0.17819978075053416,0.11705506240654616,0.10348154879047511
250,250.0,250.5985278974989,0.10706992961083672,0.1284338591079729,0.14114920629647756,0.10365549367983444,0.12062932715838383,0.17735289183324326,0.11746156853013996,0.10424772378311153
251,251.0,251.59875266794975,0.10809234325091766,0.1281663360392885,0.141160361641492,0.10312906414606188,0.12035938138350584,0.17661748139918795,0.1176461466181717,0.10482888552137462
252,252.0,252.598967434676,0.1087950597652384,0.12879850395847708,0.14084379306663525,0.10243466333282708,0.11991101278090173,0.1765078108385972,0.11754967632778204,0.10515947992954136
253,253.0,253.5991710503829,0.10913595180875861,0.13062074119801884,0.1400659494023312,0.10242896248373551,0.11923038651780611,0.17589816777686632,0.11743555026912075,0.1051842905433628
254,254.0,254.59936259401528,0.11007656245846528,0.1321018240742064,0.13903060829504735,0.10223858482787256,0.1184369102338473,0.17508084457507855,0.11799349712710895,0.10504116840837377
255,255.0,255.59954135734424,0.1116430848428138,0.13340557933913544,0.13791431579059743,0.10202434471291688,0.11762206476621226,0.17416112280559778,0.11840888864966029,0.10482059909306626
256,256.0,256.5997068307669,0.1131803394875734,0.13465208681666718,0.13679402226143483,0.1018484630936196,0.11685382779563727,0.17327382415827275,0.11880721107047758,0.10459022531631751
257,257.0,257.5998586885396,0.11475163819601299,0.1361376365137963,0.13575708832108005,0.10178462051236543,0.11621097841787967,0.17166700354978534,0.1192619456512836,0.10442908883779672
258,258.0,258.5999967736496,0.11518312113535031,0.13970579034087943,0.13510884121099534,0.10216667264444299,0.11385379721768535,0.16907581411745487,0.11994557397835422,0.10496038935483758
259,259.0,259.60012108251215,0.11545246950224533,0.14372251288428747,0.13442762155310028,0.10251992176793728,0.11151122873276617,0.16644593143012884,0.12049271351426401,0.10542760061527066
260,260.0,260.6002317496633,0.11547585617292624,0.14722587917005292,0.1345273905026066,0.10274251689127292,0.10910706887827533,0.16370916644182287,0.12081419464542287,0.10639792729762029
261,261.0,261.6003290326027,0.115454266826931,0.15057634700523825,0.134650090470318,0.10298088187881682,0.10680437553257202,0.1610811075000505,0.12110599177761766,0.10734693900845572
262,262.0,262.60041329692217,0.11539241495938718,0.15375570155654966,0.13479220135473693,0.1032310560942727,0.10461602897823453,0.1585771645895761,0.12136815533942287,0.10826727712782003
263,263.0,263.60048500184047,0.11529494534112508,0.1567492606068614,0.1349503609553484,0.10348935687269482,0.10255247800166967,0.15620996553637456,0.12160102705225939,0.10915260563366666
264,264.0,264.60054468624855,0.11516639444339916,0.1595456681157703,0.13512138280452707,0.10375238855000232,0.1006218785548658,0.15398950794525063,0.12180520738389573,0.10999757220228894
265,265.0,265.6005929553533,0.11500125491303403,0.1621267741722286,0.135286428874766,0.10400516653141478,0.09882133058822579,0.15200154006768998,0.12197162267903652,0.11078588217360424
266,266.0,266.60063046799405,0.11481351074361784,0.16420341098987667,0.13582196062292604,0.10425470294933832,0.09716458776461508,0.15002170798323736,0.12216787720521867,0.11155224174116998
267,267.0,267.60065792469084,0.11459799491075659,0.16606015873988036,0.1363434135484715,0.10448936522540518,0.09564461028824563,0.1482797212894643,0.12232858320044655,0.11225615279732984
268,268.0,268.60067605647095,0.11435873657556314,0.16769006599097416,0.13708796018513628,0.10470910429416205,0.09426116158225586,0.14662578212454813,0.12239796711248493,0.11286922213487541
269,269.0,269.6006856145084,0.11424229246956977,0.1692409176897864,0.13726269170684519,0.1050531379186256,0.09308138911134414,0.1452140123398874,0.12244816006052937,0.11345739870341205
270,270.0,270.600687360597,0.11394852913529226,0.17041571242796286,0.13808448012000113,0.10521642868800136,0.09195172146670456,0.1438932876961257,0.12261892458970715,0.11387091587620492
271,271.0,271.6006820584708,0.11355760573905735,0.17190548468767503,0.13909001991854858,0.10527475899671507,0.09086982693090243,0.14256867712860244,0.12262048342714894,0.1141131431713501
272,272.0,272.6006704659725,0.11399107499588763,0.17320012144739172,0.13922020142907676,0.10540594756644353,0.08991641433332256,0.14137724062283064,0.12259433569518513,0.11429466390986195
273,273.0,273.60065332806425,0.11511771875397547,0.17397859716243394,0.13917806320295617,0.10572546686465126,0.08902370113211029,0.14021404379549113,0.12242728601235978,0.11433512307602191
274,274.0,274.60063137066624,0.11622044098442921,0.1745780647187674,0.13919115684806724,0.10602124487938971,0.0882512054220963,0.13917714187411173,0.12223818791900723,0.11432255735413119
275,275.0,275.6006052953013,0.11660530002093797,0.17499549893436114,0.13909020813214634,0.10627755466513852,0.087586882121583,0.13846869619247346,0.12197353166157471,0.11500232827178487
276,276.0,276.60057577451994,0.11689315187022006,0.17568310121636985,0.1388276231771639,0.10643923836058103,0.08697064014606617,0.13775983172067172,0.12193242688501603,0.11549398662391125
277,277.0,277.6005434480715,0.11708541821800295,0.1760840066969084,0.13875958059246818,0.10667657175908393,0.08648784110816553,0.13715174788633594,0.12185632809748284,0.11589850564155223
278,278.0,278.60050891978716,0.11701105164239736,0.17739981674350314,0.13873375089490714,0.1066922715842551,0.08598689145654312,0.13640383448354745,0.12169470088925069,0.11607768230559601
279,279.0,279.6004727551334,0.11690850334181074,0.17857410764334383,0.13886079600035564,0.10668156903943742,0.0855799781712181,0.13572217903871953,0.12147870344637549,0.11619416331873925
280,280.0,280.6004354793937,0.11657609990360444,0.1797501260162235,0.1388622072293167,0.1072512782732467,0.08515875495189426,0.13512275843766064,0.1211522758144635,0.11612649937359026
281,281.0,281.60039757643403,0.11604572234914103,0.18036427591253468,0.13875247865541776,0.10830972240886708,0.08473141529803854,0.13461221753220212,0.1207320737374095,0.1164520941063893
282,282.0,282.600359488006,0.11550527548558695,0.18070579397661954,0.13894669549574312,0.10934310357589294,0.08438691795716344,0.13423503238058174,0.12036200939293061,0.11651517173548169
283,283.0,283.6003216135407,0.11495522756165703,0.18092651363165865,0.13911866538092102,0.11033229432421227,0.08411461082418502,0.13393284183233065,0.12008066880012241,0.11653917764491298
284,284.0,284.6002843103865,0.11439552656218635,0.18047423936600887,0.13918063100356562,0.11149746897047995,0.08390361360365846,0.13373412861080383,0.11974924850971495,0.11706514337358202
285,285.0,285.6002478944439,0.11312568996012806,0.17992803418408565,0.13915067084724705,0.11259785781527004,0.08375577314852224,0.13380056929510425,0.12009648533426674,0.11754491941537604
286,286.0,286.60021264115113,0.11195894132279993,0.1793024512057777,0.13903374673805727,0.11362802947960889,0.08366595016323086,0.133800721616203,0.12063273856643139,0.11797742090789104
287,287.0,287.6001787867761,0.11076147028665452,0.1784602873865734,0.13877420750116443,0.11513647530816044,0.08357458182233249,0.13397090071117201,0.12101652214472455,0.1183055548392182
288,288.0,288.60014652997086,0.10959014970050754,0.17755922478145425,0.13864375786754515,0.11663719474578294,0.08352474868860824,0.13412589569621766,0.12134129692180667,0.11857773159807765
289,289.0,289.6001160335464,0.10841602457122396,0.17649283860051768,0.13854233621651932,0.1178421592834528,0.08347492599703549,0.1342701822475835,0.12219406545136255,0.11876746763230482
290,290.0,290.6000874264289,0.10729643929019904,0.17540799585846115,0.13822362550423248,0.11896617312302463,0.08346897794465645,0.13467588069049646,0.12303447524912045,0.11892643233980947
291,291.0,291.6000608057589,0.10622396458731834,0.17430493164998487,0.1378252828782682,0.12006556652965751,0.08349154185777613,0.13525517444189913,0.12379984668080808,0.1190336913742879
292,292.0,292.60003623909824,0.10520806481474065,0.17320000877253222,0.13742056956974566,0.12115040866374911,0.0835431696009745,0.13584177308240777,0.12453088649578607,0.11910511900006421
293,293.0,293.6000137667127,0.10424810741544814,0.17209938671319536,0.1369465698087707,0.12212138440350494,0.08361547981149839,0.13636987778863188,0.125386964659041,0.11921222939990977
294,294.0,294.5999934038986,0.10335952510433628,0.1710244491542764,0.13648656952323437,0.12300267590615004,0.0837152490146088,0.13690865414625544,0.12620746802237362,0.11929540912876525
295,295.0,295.5999751433269,0.10255070728188467,0.17025123416417987,0.13613305448273386,0.12352658153751189,0.0839280193333017,0.13762357756894716,0.12654132046071426,0.11944550517072682
296,296.0,296.59995895737916,0.10285605980245881,0.16955217230559896,0.13498637178151077,0.12394885418812959,0.08486829840918518,0.13750800243593747,0.12665849176513935,0.11962174931204012
297,297.0,297.59994480045236,0.10317143842227995,0.16938272797026027,0.13374745153217737,0.12409771095060738,0.08572270567808556,0.1373539151187079,0.1268109171356679,0.11971313319221391
298,298.0,298.5999326112138,0.10335174311726883,0.16997228113032756,0.1325239212471361,0.12406905779113855,0.08647886149420854,0.13708976897123448,0.12682930484701244,0.11968506140167373
299,299.0,299.59992231478685,0.10357170877440791,0.1705838852279268,0.1314140231880331,0.12396175906993331,0.08722035195379019,0.13680943235224996,0.12680797699812027,0.1196308624355387
300,300.0,300.59991382485475,0.10386198757668723,0.17137103706410528,0.13060511055123877,0.12393768693647786,0.08801982184127918,0.13650214824418314,0.12612031080153047,0.11958189698449832
301,301.0,301.59990704566735,0.10368117603381487,0.17199767429222151,0.13015333038347524,0.12401494652816168,0.08979336627011195,0.13564943933906373,0.12486943920295827,0.11984062795019298
302,302.0,302.599901873942,0.1034833239577234,0.17245371466278925,0.12970084780158964,0.12386573722412487,0.09206555818095732,0.13475234090636415,0.12356480897068438,0.12011366829576721
303,303.0,303.5998982006497,0.1032149333791699,0.17333770843791052,0.12920126405614646,0.12405139564799872,0.09404287352791998,0.13357720607437687,0.12216878658646849,0.12040583229000928
304,304.0,304.59989591268015,0.10291765597360003,0.17470172643720244,0.12882953235370312,0.1241305021660889,0.09591460461414832,0.1323323664958625,0.12061842956500608,0.12055518239438881
305,305.0,305.5998948943808,0.102592176640019,0.17638220310963892,0.12857284664515364,0.1235147202949606,0.09826566318134757,0.13101833704855942,0.11900733609373476,0.12064671698658624
306,306.0,306.5998950289676,0.10221227455767552,0.17882357875565613,0.12820870495682687,0.12267794002168647,0.10036404577952775,0.12980804224007542,0.11732299514837415,0.12058241854017787
307,307.0,307.599896199806,0.10182310526285206,0.181570822785548,0.12797447712892535,0.12177813701533974,0.10223993203783881,0.12857311842532337,0.11562374960675281,0.12041665773742002
308,308.0,308.5998982915625,0.10129422440078925,0.18392044373302793,0.12773203350949333,0.12113350060300569,0.10376924689715344,0.12830155789388573,0.1137905961221679,0.1200583968404769
309,309.0,309.59990119122773,0.10079599127608889,0.18617138598348792,0.12746472378213974,0.12048089008612549,0.10517508526698277,0.12822681328797664,0.11200419186085436,0.11968091845634435
310,310.0,310.5999047890142,0.10033011269210361,0.1888990325240849,0.1274262397939459,0.11982699671784819,0.10637800627857392,0.12816336353925228,0.11027540764735883,0.11870084080683249
311,311.0,311.5999089791319,0.09986512698752406,0.1923192528777103,0.1274988205385012,0.11914519221488735,0.10683147963981973,0.12807516035770095,0.1085808317808008,0.11768413560305578
312,312.0,312.5999136604465,0.09930173161613012,0.19566894479043598,0.1276514880063106,0.11889059833294936,0.10702728406496252,0.1279366181027411,0.10690564600336452,0.11661768908310592
313,313.0,313.5999187370251,0.09874865833285865,0.19908725884306364,0.12773854301881626,0.11878777577265315,0.1070364020065685,0.12777511286495513,0.10528620437814004,0.11554004478294477
314,314.0,314.59992411857564,0.09821282272132822,0.20253681987350702,0.12782656790729285,0.11868007743279835,0.106879577366607,0.12763002390205927,0.10376096769457013,0.1144731431018373
315,315.0,315.5999297207854,0.0971004206980414,0.20698195562562813,0.1278727023183754,0.11852718475785626,0.10653265663231838,0.12734816624819922,0.10329388470844192,0.11234302901113943
316,316.0,316.5999354655663,0.09600700168162873,0.21127129108631854,0.1279074427129145,0.11849349381267549,0.10554432272496173,0.1270728041062321,0.10291057963709455,0.11079306423817452
317,317.0,317.5999412812135,0.09495642333200735,0.2150684742254307,0.1280785867671055,0.11848106343085091,0.10486942997649615,0.12655074837429992,0.10267880077457167,0.10931647311923792
318,318.0,318.59994710248384,0.09394645036568092,0.2187715812984904,0.12834563952567674,0.11845515081513326,0.10408253489385598,0.12601439047220406,0.10249630947357441,0.1078879431553843
319,319.0,319.59995287060224,0.09298536739951037,0.22250116544098847,0.12860653358422042,0.11828579845847312,0.10320379824065837,0.1255017000715382,0.1023885477256048,0.10652708907900628
320,320.0,320.5999585332028,0.09220285352809907,0.22717351342394432,0.1288147416116874,0.11824153148786105,0.10241768726698676,0.12414039459112332,0.10164356898322076,0.10536570910707733
321,321.0,321.59996404421133,0.09148291395146636,0.23206738184081555,0.12908920061351178,0.11767263848940891,0.10161683748540642,0.12281165580900377,0.1009728467253436,0.10428652508504357
322,322.0,322.59996936367685,0.09063390941635902,0.2364596499165659,0.13006657577989733,0.11690048444208427,0.10102154295837523,0.12148406667506477,0.10025873782945571,0.10317503298219778
323,323.0,323.59997445755903,0.08982127484587304,0.2409221269813438,0.1308948553781319,0.1160417137301357,0.10051768961474584,0.12022012843787813,0.09944936672171505,0.10213284429017658
324,324.0,324.59997929747743,0.08896897391618329,0.24567722805163036,0.13170002360527316,0.11501533326862227,0.09986090947894889,0.11968388736331882,0.09857884694828307,0.10051479736774016
325,325.0,325.59998386042923,0.08804750635799743,0.2500323092152766,0.13311712008490406,0.11389389216572267,0.09914214069743327,0.11920844772109768,0.09763466295337161,0.09892392080419679
326,326.0,326.5999881284815,0.08717407710346119,0.25379857574529624,0.13439895568196458,0.1127219883601285,0.09858199291651752,0.11920533323527288,0.09671634230939043,0.09740273464796877
327,327.0,327.5999920884438,0.0863573492199029,0.2573979935376533,0.13555400248826777,0.11152421951851389,0.09818595043733533,0.11918035338375671,0.09583384429643066,0.09596628711813955
328,328.0,328.59999573152544,0.0863986533294442,0.26014459605239393,0.1366087346191047,0.11033154918325641,0.09777463359239771,0.11953586315394946,0.09502016347011864,0.09418580659933501
329,329.0,329.5999990529836,0.08628872149056399,0.262855404758266,0.13748647154760604,0.10978941521169383,0.09723065623376878,0.11978855001178144,0.0941538963154697,0.0924068844308502
330,330.0,330.6000020517661,0.08621728417225885,0.2651656529457629,0.1382797812293339,0.1092337087950345,0.09665263018243903,0.12000298319035327,0.0937169824387533,0.09073097704606428
331,331.0,331.60000473015276,0.08648343248195309,0.26714627824588766,0.1389883691754168,0.10866892200767758,0.09604734798616212,0.12017842149152815,0.09332349068765095,0.08916373792372369
