Total_iterations,Unnamed: 0.1,Intertwine_two,Add_vertex,Delete_vertex,Invert_path_vertices,Insert_inside_vertex,Delete_inside_vertex,Replace_inside_vertex,Donate_between_routes
0,0.0,0.125,0.125,0.125,0.125,0.125,0.125,0.125,0.125
1,1.0,0.125,0.125,0.125,0.125,0.125,0.125,0.125,0.125
2,2.0,0.125,0.125,0.125,0.125,0.125,0.125,0.125,0.125
3,3.0,0.125,0.125,0.125,0.125,0.125,0.125,0.125,0.125
4,4.0,0.125,0.125,0.125,0.125,0.125,0.125,0.125,0.125
5,5.0,0.125,0.125,0.125,0.125,0.125,0.125,0.125,0.125
6,6.0,0.125,0.125,0.125,0.125,0.125,0.125,0.125,0.125
7,7.0,0.125,0.125,0.125,0.125,0.125,0.125,0.125,0.125
8,8.0,0.125,0.125,0.125,0.125,0.125,0.125,0.125,0.125
9,9.0,0.125,0.125,0.125,0.125,0.125,0.125,0.125,0.125
10,10.0,0.125,0.125,0.125,0.125,0.125,0.125,0.125,0.125
11,11.0,0.125,0.125,0.125,0.125,0.125,0.125,0.125,0.125
12,12.0,0.125,0.125,0.125,0.125,0.125,0.125,0.125,0.125
13,13.0,0.125,0.125,0.125,0.125,0.125,0.125,0.125,0.125
14,14.0,0.125,0.125,0.125,0.125,0.125,0.125,0.125,0.125
15,15.0,0.125,0.125,0.125,0.125,0.125,0.125,0.125,0.125
16,16.0,0.125,0.125,0.125,0.125,0.125,0.125,0.125,0.125
17,17.0,0.125,0.125,0.125,0.125,0.125,0.125,0.125,0.125
18,18.0,0.125,0.125,0.125,0.125,0.125,0.125,0.125,0.125
19,19.0,0.125,0.125,0.125,0.125,0.125,0.125,0.125,0.125
20,20.0,0.125,0.125,0.125,0.125,0.125,0.125,0.125,0.125
21,21.0,0.125,0.125,0.125,0.125,0.125,0.125,0.125,0.125
22,22.0,0.125,0.125,0.125,0.125,0.125,0.125,0.125,0.125
23,23.0,0.125,0.125,0.125,0.125,0.125,0.125,0.125,0.125
24,24.0,0.125,0.125,0.125,0.125,0.125,0.125,0.125,0.125
25,25.0,0.125,0.125,0.125,0.125,0.125,0.125,0.125,0.125
26,26.0,0.125,0.125,0.125,0.125,0.125,0.125,0.125,0.125
27,27.0,0.125,0.125,0.125,0.125,0.125,0.125,0.125,0.125
28,28.0,0.125,0.125,0.125,0.125,0.125,0.125,0.125,0.125
29,29.0,0.125,0.125,0.125,0.125,0.125,0.125,0.125,0.125
30,30.0,0.125,0.125,0.125,0.125,0.125,0.125,0.125,0.125
31,31.0,0.125,0.125,0.125,0.125,0.125,0.125,0.125,0.125
32,32.0,0.125,0.125,0.125,0.125,0.125,0.125,0.125,0.125
33,33.0,0.125,0.125,0.125,0.125,0.125,0.125,0.125,0.125
34,34.0,0.125,0.125,0.125,0.125,0.125,0.125,0.125,0.125
35,35.0,0.125,0.125,0.125,0.125,0.125,0.125,0.125,0.125
36,36.0,0.125,0.125,0.125,0.125,0.125,0.125,0.125,0.125
37,37.0,0.125,0.125,0.125,0.125,0.125,0.125,0.125,0.125
38,38.0,0.125,0.125,0.125,0.125,0.125,0.125,0.125,0.125
39,39.0,0.125,0.125,0.125,0.125,0.125,0.125,0.125,0.125
40,40.0,0.125,0.125,0.125,0.125,0.125,0.125,0.125,0.125
41,41.0,0.125,0.125,0.125,0.125,0.125,0.125,0.125,0.125
42,42.0,0.125,0.125,0.125,0.125,0.125,0.125,0.125,0.125
43,43.0,0.125,0.125,0.125,0.125,0.125,0.125,0.125,0.125
44,44.0,0.125,0.125,0.125,0.125,0.125,0.125,0.125,0.125
45,45.0,0.125,0.125,0.125,0.125,0.125,0.125,0.125,0.125
46,46.0,0.125,0.125,0.125,0.125,0.125,0.125,0.125,0.125
47,47.0,0.125,0.125,0.125,0.125,0.125,0.125,0.125,0.125
48,48.0,0.125,0.125,0.125,0.125,0.125,0.125,0.125,0.125
49,49.0,0.125,0.125,0.125,0.125,0.125,0.125,0.125,0.125
50,50.0,0.125,0.125,0.125,0.125,0.125,0.125,0.125,0.125
51,51.0,0.125,0.125,0.125,0.125,0.125,0.125,0.125,0.125
52,52.0,0.125,0.125,0.125,0.125,0.125,0.125,0.125,0.125
53,53.0,0.125,0.125,0.125,0.125,0.125,0.125,0.125,0.125
54,54.0,0.125,0.125,0.125,0.125,0.125,0.125,0.125,0.125
55,55.0,0.125,0.125,0.125,0.125,0.125,0.125,0.125,0.125
56,56.0,0.125,0.125,0.125,0.125,0.125,0.125,0.125,0.125
57,57.0,0.125,0.125,0.125,0.125,0.125,0.125,0.125,0.125
58,58.0,0.125,0.125,0.125,0.125,0.125,0.125,0.125,0.125
59,59.0,0.125,0.125,0.125,0.125,0.125,0.125,0.125,0.125
60,60.0,0.125,0.125,0.125,0.125,0.125,0.125,0.125,0.125
61,61.0,0.125,0.125,0.125,0.125,0.125,0.125,0.125,0.125
62,62.0,0.125,0.125,0.125,0.125,0.125,0.125,0.125,0.125
63,63.0,0.125,0.125,0.125,0.125,0.125,0.125,0.125,0.125
64,64.0,0.125,0.125,0.125,0.125,0.125,0.125,0.125,0.125
65,65.0,0.125,0.125,0.125,0.125,0.125,0.125,0.125,0.125
66,66.0,0.125,0.125,0.125,0.125,0.125,0.125,0.125,0.125
67,67.0,0.125,0.125,0.125,0.125,0.125,0.125,0.125,0.125
68,68.0,0.125,0.125,0.125,0.125,0.125,0.125,0.125,0.125
69,69.0,0.125,0.125,0.125,0.125,0.125,0.125,0.125,0.125
70,70.0,0.125,0.125,0.125,0.125,0.125,0.125,0.125,0.125
71,71.0,0.125,0.125,0.125,0.125,0.125,0.125,0.125,0.125
72,72.0,0.125,0.125,0.125,0.125,0.125,0.125,0.125,0.125
73,73.0,0.125,0.125,0.125,0.125,0.125,0.125,0.125,0.125
74,74.0,0.125,0.125,0.125,0.125,0.125,0.125,0.125,0.125
75,75.0,0.125,0.125,0.125,0.125,0.125,0.125,0.125,0.125
76,76.0,0.125,0.125,0.125,0.125,0.125,0.125,0.125,0.125
77,77.0,0.125,0.125,0.125,0.125,0.125,0.125,0.125,0.125
78,78.0,0.125,0.125,0.125,0.125,0.125,0.125,0.125,0.125
79,79.0,0.125,0.125,0.125,0.125,0.125,0.125,0.125,0.125
80,80.0,0.125,0.125,0.125,0.125,0.125,0.125,0.125,0.125
81,81.0,0.125,0.125,0.125,0.125,0.125,0.125,0.125,0.125
82,82.0,0.125,0.125,0.125,0.125,0.125,0.125,0.125,0.125
83,83.0,0.125,0.125,0.125,0.125,0.125,0.125,0.125,0.125
84,84.0,0.125,0.125,0.125,0.125,0.125,0.125,0.125,0.125
85,85.0,0.125,0.125,0.125,0.125,0.125,0.125,0.125,0.125
86,86.0,0.125,0.125,0.125,0.125,0.125,0.125,0.125,0.125
87,87.0,0.125,0.125,0.125,0.125,0.125,0.125,0.125,0.125
88,88.0,0.125,0.125,0.125,0.125,0.125,0.125,0.125,0.125
89,89.0,0.125,0.125,0.125,0.125,0.125,0.125,0.125,0.125
90,90.0,0.125,0.125,0.125,0.125,0.125,0.125,0.125,0.125
91,91.0,0.125,0.125,0.125,0.125,0.125,0.125,0.125,0.125
92,92.0,0.125,0.125,0.125,0.125,0.125,0.125,0.125,0.125
93,93.0,0.125,0.125,0.125,0.125,0.125,0.125,0.125,0.125
94,94.0,0.125,0.125,0.125,0.125,0.125,0.125,0.125,0.125
95,95.0,0.125,0.125,0.125,0.125,0.125,0.125,0.125,0.125
96,96.0,0.125,0.125,0.125,0.125,0.125,0.125,0.125,0.125
97,97.0,0.125,0.125,0.125,0.125,0.125,0.125,0.125,0.125
98,98.0,0.125,0.125,0.125,0.125,0.125,0.125,0.125,0.125
99,99.0,0.125,0.125,0.125,0.125,0.125,0.125,0.125,0.125
100,100.0,0.125,0.125,0.125,0.125,0.125,0.125,0.125,0.125
101,101.0,0.125,0.125,0.125,0.125,0.125,0.125,0.125,0.125
102,102.0,0.125,0.125,0.125,0.125,0.125,0.125,0.125,0.125
103,103.0,0.125,0.125,0.125,0.125,0.125,0.125,0.125,0.125
104,104.0,0.125,0.125,0.125,0.125,0.125,0.125,0.125,0.125
105,105.0,0.125,0.125,0.125,0.125,0.125,0.125,0.125,0.125
106,106.0,0.125,0.125,0.125,0.125,0.125,0.125,0.125,0.125
107,107.0,0.125,0.125,0.125,0.125,0.125,0.125,0.125,0.125
108,108.0,0.125,0.125,0.125,0.125,0.125,0.125,0.125,0.125
109,109.0,0.125,0.125,0.125,0.125,0.125,0.125,0.125,0.125
110,110.0,0.125,0.125,0.125,0.125,0.125,0.125,0.125,0.125
111,111.0,0.125,0.125,0.125,0.125,0.125,0.125,0.125,0.125
112,112.0,0.125,0.125,0.125,0.125,0.125,0.125,0.125,0.125
113,113.0,0.125,0.125,0.125,0.125,0.125,0.125,0.125,0.125
114,114.0,0.125,0.125,0.125,0.125,0.125,0.125,0.125,0.125
115,115.0,0.125,0.125,0.125,0.125,0.125,0.125,0.125,0.125
116,116.0,0.125,0.125,0.125,0.125,0.125,0.125,0.125,0.125
117,117.0,0.125,0.125,0.125,0.125,0.125,0.125,0.125,0.125
118,118.0,0.125,0.125,0.125,0.125,0.125,0.125,0.125,0.125
119,119.0,0.125,0.125,0.125,0.125,0.125,0.125,0.125,0.125
120,120.0,0.125,0.125,0.125,0.125,0.125,0.125,0.125,0.125
121,121.0,0.125,0.125,0.125,0.125,0.125,0.125,0.125,0.125
122,122.0,0.125,0.125,0.125,0.125,0.125,0.125,0.125,0.125
123,123.0,0.125,0.125,0.125,0.125,0.125,0.125,0.125,0.125
124,124.0,0.125,0.125,0.125,0.125,0.125,0.125,0.125,0.125
125,125.0,0.125,0.125,0.125,0.125,0.125,0.125,0.125,0.125
126,126.0,0.125,0.125,0.125,0.125,0.125,0.125,0.125,0.125
127,127.0,0.125,0.125,0.125,0.125,0.125,0.125,0.125,0.125
128,128.0,0.125,0.125,0.125,0.125,0.125,0.125,0.125,0.125
129,129.0,0.125,0.125,0.125,0.125,0.125,0.125,0.125,0.125
130,130.0,0.125,0.125,0.125,0.125,0.125,0.125,0.125,0.125
131,131.0,0.125,0.125,0.125,0.125,0.125,0.125,0.125,0.125
132,132.0,0.125,0.125,0.125,0.125,0.125,0.125,0.125,0.125
133,133.0,0.125,0.125,0.125,0.125,0.125,0.125,0.125,0.125
134,134.0,0.125,0.125,0.125,0.125,0.125,0.125,0.125,0.125
135,135.0,0.125,0.125,0.125,0.125,0.125,0.125,0.125,0.125
136,136.0,0.125,0.125,0.125,0.125,0.125,0.125,0.125,0.125
137,137.0,0.125,0.125,0.125,0.125,0.125,0.125,0.125,0.125
138,138.0,0.125,0.125,0.125,0.125,0.125,0.125,0.125,0.125
139,139.0,0.125,0.125,0.125,0.125,0.125,0.125,0.125,0.125
140,140.0,0.125,0.125,0.125,0.125,0.125,0.125,0.125,0.125
141,141.0,0.125,0.125,0.125,0.125,0.125,0.125,0.125,0.125
142,142.0,0.125,0.125,0.125,0.125,0.125,0.125,0.125,0.125
143,143.0,0.125,0.125,0.125,0.125,0.125,0.125,0.125,0.125
144,144.0,0.125,0.125,0.125,0.125,0.125,0.125,0.125,0.125
145,145.0,0.125,0.125,0.125,0.125,0.125,0.125,0.125,0.125
146,146.0,0.125,0.125,0.125,0.125,0.125,0.125,0.125,0.125
147,147.0,0.125,0.125,0.125,0.125,0.125,0.125,0.125,0.125
148,148.0,0.125,0.125,0.125,0.125,0.125,0.125,0.125,0.125
149,149.0,0.125,0.125,0.125,0.125,0.125,0.125,0.125,0.125
150,150.0,0.125,0.125,0.125,0.125,0.125,0.125,0.125,0.125
151,151.0,0.125,0.125,0.125,0.125,0.125,0.125,0.125,0.125
152,152.0,0.125,0.125,0.125,0.125,0.125,0.125,0.125,0.125
153,153.0,0.125,0.125,0.125,0.125,0.125,0.125,0.125,0.125
154,154.0,0.125,0.125,0.125,0.125,0.125,0.125,0.125,0.125
155,155.0,0.125,0.125,0.125,0.125,0.125,0.125,0.125,0.125
156,156.0,0.125,0.125,0.125,0.125,0.125,0.125,0.125,0.125
157,157.0,0.125,0.125,0.125,0.125,0.125,0.125,0.125,0.125
158,158.0,0.125,0.125,0.125,0.125,0.125,0.125,0.125,0.125
159,159.0,0.125,0.125,0.125,0.125,0.125,0.125,0.125,0.125
160,160.0,0.125,0.125,0.125,0.125,0.125,0.125,0.125,0.125
161,161.0,0.125,0.125,0.125,0.125,0.125,0.125,0.125,0.125
162,162.0,0.125,0.125,0.125,0.125,0.125,0.125,0.125,0.125
163,163.0,0.125,0.125,0.125,0.125,0.125,0.125,0.125,0.125
164,164.0,0.125,0.125,0.125,0.125,0.125,0.125,0.125,0.125
165,165.0,0.125,0.125,0.125,0.125,0.125,0.125,0.125,0.125
166,166.0,0.125,0.125,0.125,0.125,0.125,0.125,0.125,0.125
167,167.0,0.125,0.125,0.125,0.125,0.125,0.125,0.125,0.125
168,168.0,0.125,0.125,0.125,0.125,0.125,0.125,0.125,0.125
169,169.0,0.125,0.125,0.125,0.125,0.125,0.125,0.125,0.125
170,170.0,0.125,0.125,0.125,0.125,0.125,0.125,0.125,0.125
171,171.0,0.125,0.125,0.125,0.125,0.125,0.125,0.125,0.125
172,172.0,0.125,0.125,0.125,0.125,0.125,0.125,0.125,0.125
173,173.0,0.125,0.125,0.125,0.125,0.125,0.125,0.125,0.125
174,174.0,0.125,0.125,0.125,0.125,0.125,0.125,0.125,0.125
175,175.0,0.125,0.125,0.125,0.125,0.125,0.125,0.125,0.125
176,176.0,0.125,0.125,0.125,0.125,0.125,0.125,0.125,0.125
177,177.0,0.125,0.125,0.125,0.125,0.125,0.125,0.125,0.125
178,178.0,0.125,0.125,0.125,0.125,0.125,0.125,0.125,0.125
179,179.0,0.125,0.125,0.125,0.125,0.125,0.125,0.125,0.125
180,180.0,0.125,0.125,0.125,0.125,0.125,0.125,0.125,0.125
181,181.0,0.125,0.125,0.125,0.125,0.125,0.125,0.125,0.125
182,182.0,0.125,0.125,0.125,0.125,0.125,0.125,0.125,0.125
183,183.0,0.125,0.125,0.125,0.125,0.125,0.125,0.125,0.125
184,184.0,0.125,0.125,0.125,0.125,0.125,0.125,0.125,0.125
185,185.0,0.125,0.125,0.125,0.125,0.125,0.125,0.125,0.125
186,186.0,0.125,0.125,0.125,0.125,0.125,0.125,0.125,0.125
187,187.0,0.125,0.125,0.125,0.125,0.125,0.125,0.125,0.125
188,188.0,0.125,0.125,0.125,0.125,0.125,0.125,0.125,0.125
189,189.0,0.125,0.125,0.125,0.125,0.125,0.125,0.125,0.125
190,190.0,0.125,0.125,0.125,0.125,0.125,0.125,0.125,0.125
191,191.0,0.125,0.125,0.125,0.125,0.125,0.125,0.125,0.125
192,192.0,0.125,0.125,0.125,0.125,0.125,0.125,0.125,0.125
193,193.0,0.125,0.125,0.125,0.125,0.125,0.125,0.125,0.125
194,194.0,0.125,0.125,0.125,0.125,0.125,0.125,0.125,0.125
195,195.0,0.125,0.125,0.125,0.125,0.125,0.125,0.125,0.125
196,196.0,0.125,0.125,0.125,0.125,0.125,0.125,0.125,0.125
197,197.0,0.125,0.125,0.125,0.125,0.125,0.125,0.125,0.125
198,198.0,0.125,0.125,0.125,0.125,0.125,0.125,0.125,0.125
199,199.0,0.125,0.125,0.125,0.125,0.125,0.125,0.125,0.125
200,200.0,0.1249871134020618,0.1249871134020618,0.125090206185567,0.1249871134020618,0.1249871134020618,0.1249871134020618,0.1249871134020618,0.1249871134020618
201,201.0,0.1249743556701031,0.1249743556701031,0.1251795103092783,0.1249743556701031,0.1249743556701031,0.1249743556701031,0.1249743556701031,0.1249743556701031
202,202.0,0.1249618414948453,0.1249618414948453,0.1252671095360824,0.1249618414948453,0.1249618414948453,0.1249618414948453,0.1249618414948453,0.1249618414948453
203,203.0,0.1249496716623711,0.1249496716623711,0.125352298363402,0.1249496716623711,0.1249496716623711,0.1249496716623711,0.1249496716623711,0.1249496716623711
204,204.0,0.1249379334367268,0.1249379334367268,0.1254344659429123,0.1249379334367268,0.1249379334367268,0.1249379334367268,0.1249379334367268,0.1249379334367268
205,205.0,0.1249267010394858,0.1249267010394858,0.1255130927235992,0.1249267010394858,0.1249267010394858,0.1249267010394858,0.1249267010394858,0.1249267010394858
206,206.0,0.1247771473228913,0.1247771473228913,0.1254488576286492,0.1247771473228913,0.1258882584340025,0.1247771473228913,0.1247771473228913,0.1247771473228913
207,207.0,0.1244515882088292,0.1244515882088292,0.125419733602025,0.1245579711875526,0.1266579711875526,0.1255579711875526,0.1245579711875526,0.1243452052301058
208,208.0,0.1240278632806563,0.1241331264385511,0.1252816742297454,0.1242384455874872,0.1272165364965782,0.127046627405669,0.1242384455874872,0.1238172809738254
209,209.0,0.1235251117978211,0.1237334889908036,0.1250517731114074,0.1239409641681085,0.1275905408347752,0.1291078975014419,0.1238367975014418,0.1232134260942003
210,210.0,0.1229593857330787,0.1232678245692154,0.1247443741120921,0.1235745082037844,0.1278018142713282,0.1317333216443438,0.1233682904202792,0.1225504810458781
211,211.0,0.1223560185013134,0.1227617377062781,0.1243865791904726,0.1231649513943895,0.1285958953199606,0.1340227808849589,0.1228586405052143,0.1218533964974124
212,212.0,0.1215877505044878,0.1220872741276986,0.1249610596120493,0.1224805492219625,0.1297475269999426,0.1359603385248836,0.1221800011517305,0.120995499857245
213,213.0,0.1206938338641556,0.1212830955059062,0.1252728112922551,0.1216634931147646,0.1312102315821332,0.1384888669124741,0.121371137062284,0.1200165306660271
214,214.0,0.1198332726110706,0.1205077151314402,0.1255824895884249,0.1208727190273452,0.1326257747304896,0.1409114836890881,0.1205906593513654,0.1190758858707758
215,215.0,0.1196363368190392,0.1197660069833126,0.1258872050560008,0.1201135064986003,0.1333597171569117,0.143214553848057,0.1198435341582313,0.1181791394798471
216,216.0,0.1194761332998762,0.1190620209203708,0.1261844068231662,0.1193902914979502,0.1340353795093286,0.1453870013495556,0.1191338974830344,0.1173308691167179
217,217.0,0.1192714944853539,0.1181126687684213,0.1263050904247337,0.1186286839296208,0.1345738106786457,0.1482666377425167,0.1183870743477622,0.1164545396229456
218,218.0,0.1190243394559152,0.1171339433258008,0.1262642911255335,0.118667935127313,0.1349778121393962,0.150764848664211,0.117608714297691,0.1155581158641393
219,219.0,0.1185024150818697,0.117114870652304,0.1259478348279039,0.1184786545035355,0.1351219772130196,0.1528723100925638,0.1174441757592227,0.1145177618695808
220,220.0,0.1180041210174958,0.1171316296738307,0.1256118020457876,0.1183130860641195,0.1352006535972465,0.1548972599386237,0.1173112199840282,0.113530227678868
221,221.0,0.1174762773941924,0.1171246698523855,0.1251504240328987,0.1180595984971338,0.13516363267423,0.1572819473819444,0.1171991432919692,0.1125443068752459
222,222.0,0.1169281096573603,0.117097424723755,0.1245833368681271,0.1177321742564001,0.1350236785474883,0.1600478198085154,0.1170167667570374,0.1115706893813164
223,223.0,0.116377598809759,0.1170626621839823,0.1245671503036766,0.117354993929499,0.134804806280269,0.1624170560872734,0.1167873844504527,0.110628347955088
224,224.0,0.1158679842709415,0.1170589815995794,0.1245594361451596,0.1170118049283163,0.1345545964092923,0.1646941375712222,0.1164919806714361,0.1097610784040526
225,225.0,0.1153534068394341,0.11713644586487,0.1244349887617795,0.116616989386406,0.1342297988756399,0.1665715843854907,0.1167336053661618,0.1089231805202182
226,226.0,0.114631687723206,0.1179883449966168,0.125068717928466,0.1160067436747573,0.1336351177471192,0.1680032994326472,0.1167538132370996,0.1079122752600879
227,227.0,0.1139230785433295,0.1187210367782946,0.1256054294828594,0.1153683537903364,0.1329958084559403,0.1696366956016767,0.1167015046722328,0.1070480926753305
228,228.0,0.113262766162674,0.1194585267917995,0.1261376933647626,0.1147698415786764,0.1323521386759865,0.1710823296422309,0.1166726896949082,0.1062640140889622
229,229.0,0.112512173147931,0.1199414983255096,0.1269881170827226,0.114043613751343,0.1315706302767418,0.1730579717191495,0.116466476686788,0.1054195190098148
230,230.0,0.1117878334926566,0.1203905735120672,0.1277163804159541,0.1133097041481769,0.1307728822041279,0.1751908646080268,0.116202667581033,0.1046290940379577
231,231.0,0.1110843389540746,0.1212708154071304,0.1283130541303261,0.1125640882281078,0.1299564894048058,0.1769505810140814,0.1158774029504957,0.1039832299109784
232,232.0,0.1104272725753809,0.1221223661018058,0.1289679696052528,0.1118572947705448,0.1291519536965291,0.1785053290938315,0.1155634115539066,0.1034044026027485
233,233.0,0.1097961349800081,0.1228955069631751,0.1300435240415636,0.1111482807772583,0.1283435510623664,0.1797070568624259,0.115196832273637,0.1028691130395656
234,234.0,0.1092029288726181,0.1235983494466259,0.1309823860976766,0.1104540736291063,0.12754974973497,0.1805933492021874,0.1152308051605368,0.1023883578562791
235,235.0,0.108764667105392,0.1242664680876453,0.1318777691973746,0.1098157078355865,0.1267948141582019,0.1813113926614552,0.1151899032263476,0.101979277727997
236,236.0,0.10836474327918,0.1248604222000082,0.1326344876951572,0.1091977510351129,0.1260642911707382,0.1821606867661499,0.1150969378451811,0.1016206800084726
237,237.0,0.1080196271859689,0.1254142973911089,0.1333403626053685,0.1086369505920377,0.1253793490913491,0.1828587439454644,0.1150232624068509,0.1013274067818515
238,238.0,0.1077272892133908,0.1259265628011625,0.1339934195376637,0.108133198875052,0.124742279250021,0.1834137073201437,0.1149676846714568,0.1010958583311096
239,239.0,0.107485374929108,0.1263962567541733,0.1345924097205112,0.1076858285287166,0.1241546651213611,0.1838343366369044,0.114928950646059,0.1009221776631664
240,240.0,0.107291261107134,0.1268229394563153,0.1351367499270274,0.1072936751194298,0.1236174372753892,0.1841298590083707,0.1149057632999119,0.1008023148064215
241,241.0,0.1071421088394576,0.1272066452056541,0.1356264617527803,0.1069551384875797,0.1231309293622962,0.1843098299053576,0.114896799838552,0.1007320866083224
242,242.0,0.1070530294353548,0.1275840665240346,0.1365874732364293,0.1067044742057991,0.122713050409954,0.1836593670851836,0.1149731912762299,0.1007253478270146
243,243.0,0.1069844861126541,0.1278832170616586,0.1373815225582179,0.1064665611021885,0.1223266960219561,0.1832281634753028,0.114987957049245,0.100741396618777
244,244.0,0.1069347483776018,0.1281082077535444,0.1380151915280706,0.1062417785522861,0.1219722149669074,0.1826047646110745,0.1153456627909709,0.1007774314195442
245,245.0,0.1069174330487836,0.1282942046773469,0.1385881814914826,0.10606106132622,0.1216649647220633,0.1819196240065757,0.1157084374471194,0.1008460932804083
246,246.0,0.1069294710388642,0.1284432472406365,0.1391008304494638,0.1055218100638673,0.121403294708852,0.1811857672418786,0.1160721463796868,0.1013434328767508
247,247.0,0.1069524220206683,0.1285267712230623,0.1398463537052852,0.1050098860660954,0.1211698789888576,0.1803077121929575,0.1163561359947822,0.1018308398082912
248,248.0,0.1069845663248068,0.1285496955220887,0.1404312165738125,0.1045272769860253,0.1209638274295596,0.1793058672159321,0.1165635440260078,0.102674005921767
249,249.0,0.1070242561755977,0.1285170368622515,0.1408627874622409,0.1040754704222804,0.1207840571300741,0.1781997807505341,0.1170550624065461,0.1034815487904751
250,250.0,0.1070699296108367,0.1284338591079729,0.1411492062964775,0.1036554936798344,0.1206293271583838,0.1773528918332432,0.1174615685301399,0.1042477237831115
251,251.0,0.1080923432509176,0.1281663360392885,0.141160361641492,0.1031290641460618,0.1203593813835058,0.1766174813991879,0.1176461466181717,0.1048288855213746
252,252.0,0.1087950597652384,0.128798503958477,0.1408437930666352,0.102434663332827,0.1199110127809017,0.1765078108385972,0.117549676327782,0.1051594799295413
253,253.0,0.1091359518087586,0.1306207411980188,0.1400659494023312,0.1024289624837355,0.1192303865178061,0.1758981677768663,0.1174355502691207,0.1051842905433628
254,254.0,0.1100765624584652,0.1321018240742064,0.1390306082950473,0.1022385848278725,0.1184369102338473,0.1750808445750785,0.1179934971271089,0.1050411684083737
255,255.0,0.1116430848428138,0.1334055793391354,0.1379143157905974,0.1020243447129168,0.1176220647662122,0.1741611228055977,0.1184088886496602,0.1048205990930662
256,256.0,0.1131803394875734,0.1346520868166671,0.1367940222614348,0.1018484630936196,0.1168538277956372,0.1732738241582727,0.1188072110704775,0.1045902253163175
257,257.0,0.1147516381960129,0.1361376365137963,0.13575708832108,0.1017846205123654,0.1162109784178796,0.1716670035497853,0.1192619456512836,0.1044290888377967
258,258.0,0.1151831211353503,0.1397057903408794,0.1351088412109953,0.1021666726444429,0.1138537972176853,0.1690758141174548,0.1199455739783542,0.1049603893548375
259,259.0,0.1154524695022453,0.1437225128842874,0.1344276215531002,0.1025199217679372,0.1115112287327661,0.1664459314301288,0.120492713514264,0.1054276006152706
260,260.0,0.1154758561729262,0.1472258791700529,0.1345273905026066,0.1027425168912729,0.1091070688782753,0.1637091664418228,0.1208141946454228,0.1063979272976202
261,261.0,0.115454266826931,0.1505763470052382,0.134650090470318,0.1029808818788168,0.106804375532572,0.1610811075000505,0.1211059917776176,0.1073469390084557
262,262.0,0.1153924149593871,0.1537557015565496,0.1347922013547369,0.1032310560942727,0.1046160289782345,0.1585771645895761,0.1213681553394228,0.10826727712782
263,263.0,0.115294945341125,0.1567492606068614,0.1349503609553484,0.1034893568726948,0.1025524780016696,0.1562099655363745,0.1216010270522593,0.1091526056336666
264,264.0,0.1151663944433991,0.1595456681157703,0.135121382804527,0.1037523885500023,0.1006218785548658,0.1539895079452506,0.1218052073838957,0.1099975722022889
265,265.0,0.115001254913034,0.1621267741722286,0.135286428874766,0.1040051665314147,0.0988213305882257,0.1520015400676899,0.1219716226790365,0.1107858821736042
266,266.0,0.1148135107436178,0.1642034109898766,0.135821960622926,0.1042547029493383,0.097164587764615,0.1500217079832373,0.1221678772052186,0.1115522417411699
267,267.0,0.1145979949107565,0.1660601587398803,0.1363434135484715,0.1044893652254051,0.0956446102882456,0.1482797212894643,0.1223285832004465,0.1122561527973298
268,268.0,0.1143587365755631,0.1676900659909741,0.1370879601851362,0.104709104294162,0.0942611615822558,0.1466257821245481,0.1223979671124849,0.1128692221348754
269,269.0,0.1142422924695697,0.1692409176897864,0.1372626917068451,0.1050531379186256,0.0930813891113441,0.1452140123398874,0.1224481600605293,0.113457398703412
270,270.0,0.1139485291352922,0.1704157124279628,0.1380844801200011,0.1052164286880013,0.0919517214667045,0.1438932876961257,0.1226189245897071,0.1138709158762049
271,271.0,0.1135576057390573,0.171905484687675,0.1390900199185485,0.105274758996715,0.0908698269309024,0.1425686771286024,0.1226204834271489,0.1141131431713501
272,272.0,0.1139910749958876,0.1732001214473917,0.1392202014290767,0.1054059475664435,0.0899164143333225,0.1413772406228306,0.1225943356951851,0.1142946639098619
273,273.0,0.1151177187539754,0.1739785971624339,0.1391780632029561,0.1057254668646512,0.0890237011321102,0.1402140437954911,0.1224272860123597,0.1143351230760219
274,274.0,0.1162204409844292,0.1745780647187674,0.1391911568480672,0.1060212448793897,0.0882512054220963,0.1391771418741117,0.1222381879190072,0.1143225573541311
275,275.0,0.1166053000209379,0.1749954989343611,0.1390902081321463,0.1062775546651385,0.087586882121583,0.1384686961924734,0.1219735316615747,0.1150023282717848
276,276.0,0.11689315187022,0.1756831012163698,0.1388276231771639,0.106439238360581,0.0869706401460661,0.1377598317206717,0.121932426885016,0.1154939866239112
277,277.0,0.1170854182180029,0.1760840066969084,0.1387595805924681,0.1066765717590839,0.0864878411081655,0.1371517478863359,0.1218563280974828,0.1158985056415522
278,278.0,0.1170110516423973,0.1773998167435031,0.1387337508949071,0.1066922715842551,0.0859868914565431,0.1364038344835474,0.1216947008892506,0.116077682305596
279,279.0,0.1169085033418107,0.1785741076433438,0.1388607960003556,0.1066815690394374,0.0855799781712181,0.1357221790387195,0.1214787034463754,0.1161941633187392
280,280.0,0.1165760999036044,0.1797501260162235,0.1388622072293167,0.1072512782732467,0.0851587549518942,0.1351227584376606,0.1211522758144635,0.1161264993735902
281,281.0,0.116045722349141,0.1803642759125346,0.1387524786554177,0.108309722408867,0.0847314152980385,0.1346122175322021,0.1207320737374095,0.1164520941063893
282,282.0,0.1155052754855869,0.1807057939766195,0.1389466954957431,0.1093431035758929,0.0843869179571634,0.1342350323805817,0.1203620093929306,0.1165151717354816
283,283.0,0.114955227561657,0.1809265136316586,0.139118665380921,0.1103322943242122,0.084114610824185,0.1339328418323306,0.1200806688001224,0.1165391776449129
284,284.0,0.1143955265621863,0.1804742393660088,0.1391806310035656,0.1114974689704799,0.0839036136036584,0.1337341286108038,0.1197492485097149,0.117065143373582
285,285.0,0.113125689960128,0.1799280341840856,0.139150670847247,0.11259785781527,0.0837557731485222,0.1338005692951042,0.1200964853342667,0.117544919415376
286,286.0,0.1119589413227999,0.1793024512057777,0.1390337467380572,0.1136280294796088,0.0836659501632308,0.133800721616203,0.1206327385664313,0.117977420907891
287,287.0,0.1107614702866545,0.1784602873865734,0.1387742075011644,0.1151364753081604,0.0835745818223324,0.133970900711172,0.1210165221447245,0.1183055548392182
288,288.0,0.1095901497005075,0.1775592247814542,0.1386437578675451,0.1166371947457829,0.0835247486886082,0.1341258956962176,0.1213412969218066,0.1185777315980776
289,289.0,0.1084160245712239,0.1764928386005176,0.1385423362165193,0.1178421592834528,0.0834749259970354,0.1342701822475835,0.1221940654513625,0.1187674676323048
290,290.0,0.107296439290199,0.1754079958584611,0.1382236255042324,0.1189661731230246,0.0834689779446564,0.1346758806904964,0.1230344752491204,0.1189264323398094
291,291.0,0.1062239645873183,0.1743049316499848,0.1378252828782682,0.1200655665296575,0.0834915418577761,0.1352551744418991,0.123799846680808,0.1190336913742879
292,292.0,0.1052080648147406,0.1732000087725322,0.1374205695697456,0.1211504086637491,0.0835431696009745,0.1358417730824077,0.124530886495786,0.1191051190000642
293,293.0,0.1042481074154481,0.1720993867131953,0.1369465698087707,0.1221213844035049,0.0836154798114983,0.1363698777886318,0.125386964659041,0.1192122293999097
294,294.0,0.1033595251043362,0.1710244491542764,0.1364865695232343,0.12300267590615,0.0837152490146088,0.1369086541462554,0.1262074680223736,0.1192954091287652
295,295.0,0.1025507072818846,0.1702512341641798,0.1361330544827338,0.1235265815375118,0.0839280193333017,0.1376235775689471,0.1265413204607142,0.1194455051707268
296,296.0,0.1028560598024588,0.1695521723055989,0.1349863717815107,0.1239488541881295,0.0848682984091851,0.1375080024359374,0.1266584917651393,0.1196217493120401
297,297.0,0.1031714384222799,0.1693827279702602,0.1337474515321773,0.1240977109506073,0.0857227056780855,0.1373539151187079,0.1268109171356679,0.1197131331922139
298,298.0,0.1033517431172688,0.1699722811303275,0.1325239212471361,0.1240690577911385,0.0864788614942085,0.1370897689712344,0.1268293048470124,0.1196850614016737
299,299.0,0.1035717087744079,0.1705838852279268,0.1314140231880331,0.1239617590699333,0.0872203519537901,0.1368094323522499,0.1268079769981202,0.1196308624355387
300,300.0,0.1038619875766872,0.1713710370641052,0.1306051105512387,0.1239376869364778,0.0880198218412791,0.1365021482441831,0.1261203108015304,0.1195818969844983
301,301.0,0.1036811760338148,0.1719976742922215,0.1301533303834752,0.1240149465281616,0.0897933662701119,0.1356494393390637,0.1248694392029582,0.1198406279501929
302,302.0,0.1034833239577234,0.1724537146627892,0.1297008478015896,0.1238657372241248,0.0920655581809573,0.1347523409063641,0.1235648089706843,0.1201136682957672
303,303.0,0.1032149333791699,0.1733377084379105,0.1292012640561464,0.1240513956479987,0.0940428735279199,0.1335772060743768,0.1221687865864684,0.1204058322900092
304,304.0,0.1029176559736,0.1747017264372024,0.1288295323537031,0.1241305021660889,0.0959146046141483,0.1323323664958625,0.120618429565006,0.1205551823943888
305,305.0,0.102592176640019,0.1763822031096389,0.1285728466451536,0.1235147202949606,0.0982656631813475,0.1310183370485594,0.1190073360937347,0.1206467169865862
306,306.0,0.1022122745576755,0.1788235787556561,0.1282087049568268,0.1226779400216864,0.1003640457795277,0.1298080422400754,0.1173229951483741,0.1205824185401778
307,307.0,0.101823105262852,0.181570822785548,0.1279744771289253,0.1217781370153397,0.1022399320378388,0.1285731184253233,0.1156237496067528,0.12041665773742
308,308.0,0.1012942244007892,0.1839204437330279,0.1277320335094933,0.1211335006030056,0.1037692468971534,0.1283015578938857,0.1137905961221679,0.1200583968404769
309,309.0,0.1007959912760888,0.1861713859834879,0.1274647237821397,0.1204808900861254,0.1051750852669827,0.1282268132879766,0.1120041918608543,0.1196809184563443
310,310.0,0.1003301126921036,0.1888990325240849,0.1274262397939459,0.1198269967178481,0.1063780062785739,0.1281633635392522,0.1102754076473588,0.1187008408068324
311,311.0,0.099865126987524,0.1923192528777103,0.1274988205385012,0.1191451922148873,0.1068314796398197,0.1280751603577009,0.1085808317808008,0.1176841356030557
312,312.0,0.0993017316161301,0.1956689447904359,0.1276514880063106,0.1188905983329493,0.1070272840649625,0.1279366181027411,0.1069056460033645,0.1166176890831059
313,313.0,0.0987486583328586,0.1990872588430636,0.1277385430188162,0.1187877757726531,0.1070364020065685,0.1277751128649551,0.10528620437814,0.1155400447829447
314,314.0,0.0982128227213282,0.202536819873507,0.1278265679072928,0.1186800774327983,0.106879577366607,0.1276300239020592,0.1037609676945701,0.1144731431018373
315,315.0,0.0971004206980414,0.2069819556256281,0.1278727023183754,0.1185271847578562,0.1065326566323183,0.1273481662481992,0.1032938847084419,0.1123430290111394
316,316.0,0.0960070016816287,0.2112712910863185,0.1279074427129145,0.1184934938126754,0.1055443227249617,0.1270728041062321,0.1029105796370945,0.1107930642381745
317,317.0,0.0949564233320073,0.2150684742254307,0.1280785867671055,0.1184810634308509,0.1048694299764961,0.1265507483742999,0.1026788007745716,0.1093164731192379
318,318.0,0.0939464503656809,0.2187715812984904,0.1283456395256767,0.1184551508151332,0.1040825348938559,0.126014390472204,0.1024963094735744,0.1078879431553843
319,319.0,0.0929853673995103,0.2225011654409884,0.1286065335842204,0.1182857984584731,0.1032037982406583,0.1255017000715382,0.1023885477256048,0.1065270890790062
320,320.0,0.092202853528099,0.2271735134239443,0.1288147416116874,0.118241531487861,0.1024176872669867,0.1241403945911233,0.1016435689832207,0.1053657091070773
321,321.0,0.0914829139514663,0.2320673818408155,0.1290892006135117,0.1176726384894089,0.1016168374854064,0.1228116558090037,0.1009728467253436,0.1042865250850435
322,322.0,0.090633909416359,0.2364596499165659,0.1300665757798973,0.1169004844420842,0.1010215429583752,0.1214840666750647,0.1002587378294557,0.1031750329821977
323,323.0,0.089821274845873,0.2409221269813438,0.1308948553781319,0.1160417137301357,0.1005176896147458,0.1202201284378781,0.099449366721715,0.1021328442901765
324,324.0,0.0889689739161832,0.2456772280516303,0.1317000236052731,0.1150153332686222,0.0998609094789488,0.1196838873633188,0.098578846948283,0.1005147973677401
325,325.0,0.0880475063579974,0.2500323092152766,0.133117120084904,0.1138938921657226,0.0991421406974332,0.1192084477210976,0.0976346629533716,0.0989239208041967
326,326.0,0.0871740771034611,0.2537985757452962,0.1343989556819645,0.1127219883601285,0.0985819929165175,0.1192053332352728,0.0967163423093904,0.0974027346479687
327,327.0,0.0863573492199029,0.2573979935376533,0.1355540024882677,0.1115242195185138,0.0981859504373353,0.1191803533837567,0.0958338442964306,0.0959662871181395
328,328.0,0.0863986533294442,0.2601445960523939,0.1366087346191047,0.1103315491832564,0.0977746335923977,0.1195358631539494,0.0950201634701186,0.094185806599335
329,329.0,0.0862887214905639,0.262855404758266,0.137486471547606,0.1097894152116938,0.0972306562337687,0.1197885500117814,0.0941538963154697,0.0924068844308502
330,330.0,0.0862172841722588,0.2651656529457629,0.1382797812293339,0.1092337087950345,0.096652630182439,0.1200029831903532,0.0937169824387533,0.0907309770460642
331,331.0,0.086483432481953,0.2671462782458876,0.1389883691754168,0.1086689220076775,0.0960473479861621,0.1201784214915281,0.0933234906876509,0.0891637379237236
332,332.0,0.0866472424303752,0.267869399163899,0.140938783706629,0.1079781252840981,0.095326902319839,0.1208185245495657,0.0928418265874337,0.0875791959581599
333,333.0,0.0866940234281435,0.2686516276716726,0.14253110150155,0.1071563097320361,0.0941836973580828,0.1225496726022292,0.0922619271789594,0.0859716405273262
334,334.0,0.0866314810611392,0.2693270353732178,0.144833268590205,0.1062356551113942,0.0932325439911889,0.1236979341557232,0.091656432958311,0.0843856487588204
335,335.0,0.0872139789281221,0.2699816041197282,0.1469729386569124,0.1051294631808486,0.0920852963907331,0.1244677884249737,0.0914228869813351,0.0827260433173465
336,336.0,0.0883795190213622,0.2706184496267119,0.1487406303799243,0.1039354631301684,0.0908251187971071,0.1250107712837985,0.0914107442536877,0.0810793035072396
337,337.0,0.0907786381395122,0.2700480204179253,0.1503003488864151,0.1027182793445864,0.0895568998051147,0.1254319460531921,0.0916608858484289,0.0795049815048249
338,338.0,0.0927177383966098,0.2689217251087243,0.1524932965885495,0.1017639488623043,0.0882811041985644,0.1257151919886943,0.0921838304127065,0.0779231644438465
339,339.0,0.0946141354565857,0.2675056569237787,0.1544632843379174,0.1008415260944844,0.0870632438449055,0.1261926597634086,0.092688021658822,0.0766314719200974
340,340.0,0.0967194441033012,0.2657902940569409,0.1562731642221827,0.1000535924305309,0.0858830890060143,0.1266014117406886,0.0932092852694235,0.0754697191709177
341,341.0,0.0987464594354571,0.2643596470714733,0.1579341190637249,0.0990566779441562,0.0847523431663148,0.1269606069846401,0.0937463413927144,0.074443804941519
342,342.0,0.1006745401229873,0.2628271207266633,0.1594990821753768,0.0980234074518983,0.0836681328750448,0.1272330321775794,0.0945321339560867,0.0735425505143632
343,343.0,0.1024932684408697,0.2614804013261717,0.1610547658451335,0.0970354194621892,0.0824706697256863,0.1274218498330459,0.0952818159140989,0.0727618094528046
344,344.0,0.1041984927168088,0.2599447310203922,0.162389128585744,0.0961124370815831,0.0815715242341743,0.1275381121910249,0.0961580281534929,0.0720875460167796
345,345.0,0.105777728820352,0.2584801173487094,0.1636491735146975,0.0952444991430919,0.0807164352724142,0.1276429906472898,0.0969829506357066,0.0715061046177385
346,346.0,0.107195807836789,0.2572759625500985,0.1648314388147989,0.0944309167546572,0.0799219361307591,0.1276508178446113,0.0976912282960583,0.0710018917722275
347,347.0,0.1089042617433092,0.2557468724360527,0.1658310632878792,0.0936561117530635,0.0791896451586435,0.1278157812298263,0.0982776088692769,0.0705786555219485
348,348.0,0.1104331757514624,0.2544240046596174,0.1666705241757603,0.0929336523511238,0.0783709690100779,0.1281749712476613,0.0987524437017948,0.0702402591025019
349,349.0,0.1117614942858683,0.2535810733934137,0.1673211343937986,0.0922312851487018,0.0775782503959092,0.1284657069581578,0.0991015093964047,0.0699595460277458
350,350.0,0.1128934780445612,0.2527941084294329,0.1681923366890458,0.0915508206455243,0.0768139226811544,0.1286931190659252,0.0993303504588777,0.0697318639854783
351,351.0,0.11384837089111,0.252382232817072,0.1688278483836305,0.0909051855918082,0.0762614984947466,0.1287935180185225,0.0994301218410707,0.0695512239620393
352,352.0,0.1146705862876126,0.2520891490956206,0.1694292993987519,0.0903966978063994,0.0757525430747925,0.1287619276398161,0.0994722947484813,0.0694275019485252
353,353.0,0.1157936776357062,0.2518253664717262,0.1695151664259769,0.0900963221269001,0.0754542778936833,0.1282107074008609,0.0996048141951057,0.0694996678500404
354,354.0,0.1167558093767341,0.2514447152702161,0.1694070660797528,0.0898454934407586,0.0752078589205896,0.1277153970058899,0.1000173256080662,0.0696063342979925
355,355.0,0.1171522668726941,0.2510278010558698,0.1698282592003947,0.0898004270137253,0.0749470051804437,0.1271148401188545,0.1004502882692869,0.0696791122887309
356,356.0,0.1174421165862466,0.2506525192488641,0.1701655129034064,0.0898168517366127,0.0747516231398051,0.1265148485202586,0.1008561742071479,0.0698003536576582
357,357.0,0.1176331207984968,0.250318459426535,0.1702789210572891,0.0898884542471999,0.0746171194491295,0.1259213655972445,0.1013785597708387,0.0699639996532662
358,358.0,0.1177339601981385,0.2502246570236421,0.1703319492958321,0.0900166563822293,0.0745153029016412,0.1255957942066322,0.1014168004582675,0.0701648795336167
359,359.0,0.1177076994232351,0.2500920665487798,0.170288422614802,0.0901605225274194,0.0744240469216804,0.1252219311567422,0.101369395261512,0.0707359155458288
360,360.0,0.1174939065062449,0.2499656672794984,0.1701617735671148,0.0903291255479037,0.0746058696146233,0.1248913637101608,0.1012479035970442,0.0713043901774096
361,361.0,0.1172057887690913,0.249934407403865,0.1699642798887539,0.0905045255553495,0.0747972207542858,0.124624774118066,0.1010944900563809,0.0718745134542072
362,362.0,0.1160196219934065,0.2499926767283757,0.1697034611581977,0.090682519155287,0.0749932668792244,0.1244225735371072,0.1017464114835826,0.0724394690648185
363,363.0,0.1148672213033486,0.250075333754859,0.1694526319961161,0.0908801026134206,0.075075615866967,0.1242414190331559,0.1023976153840306,0.0730100600481018
364,364.0,0.1135488449286399,0.2502847242967975,0.1690175058502367,0.0909862166633809,0.0750794453089616,0.1239526130632854,0.1036365323472392,0.0734941175414585
365,365.0,0.1122086371953639,0.2502498541569245,0.1684508197961605,0.0910637440237964,0.0750677913315291,0.1238506738338057,0.1051565432567788,0.0739519364056406
366,366.0,0.1108649539448968,0.2503341705517775,0.1678384290507011,0.0911232514901263,0.075062535899295,0.1237848602552073,0.1066076519247105,0.074384146883285
367,367.0,0.1095270644322418,0.2503735256657543,0.1671851158662846,0.0911525740529519,0.0750395292095531,0.1239645669640067,0.1079733348008895,0.0747842890083177
368,368.0,0.1082886446220801,0.2505213593586323,0.1665648529445416,0.0911876861193553,0.07502816382111,0.1242162744142314,0.1093545830790869,0.074838435640962
369,369.0,0.107173385451681,0.2507532027126404,0.1644941664014192,0.0912625591737611,0.0750599501558307,0.124678921646421,0.1116462670441968,0.0749315474140494
370,370.0,0.1059362090761661,0.2512303350182725,0.1623478509194886,0.0912507459442205,0.0750204667927003,0.1249863968269756,0.1143003742942823,0.0749276211278937
371,371.0,0.1047155769660525,0.2516604059300971,0.1602835022990734,0.0912172945819214,0.0749015433615987,0.1252047413554629,0.1171235089578927,0.074893426547901
372,372.0,0.1025125011435793,0.2528354724038796,0.1572180639311516,0.0908360680753732,0.0751603532461591,0.1258316051490417,0.1203773469887742,0.075228589062041
373,373.0,0.1002759686691175,0.2537735650675651,0.1541269845360374,0.0903528517321292,0.0763168060184855,0.1263399289683724,0.1233761992678757,0.075437695740417
374,374.0,0.0981265517864646,0.2546854032532241,0.1512002652180063,0.0898723992069995,0.0774659757397759,0.1268154147134882,0.1262099232268237,0.0756240668552174
375,375.0,0.0968993663613526,0.2553869595782687,0.1484223447464679,0.0893967392591453,0.0786105675962106,0.1269021061239336,0.1286577760172987,0.0757241403173222
