,Unnamed: 0,Generation,Intertwine_two,Add_vertex,Delete_vertex,Invert_path_vertices,Insert_inside_vertex,Delete_inside_vertex,Replace_inside_vertex,Donate_between_routes,Trim_one_terminal_cb,Grow_one_terminal_cb
0,0.0,0.0,0.09999999999999999,0.09999999999999999,0.09999999999999999,0.09999999999999999,0.09999999999999999,0.09999999999999999,0.09999999999999999,0.09999999999999999,0.09999999999999999,0.09999999999999999
1,1.0,1.0,0.10584929873076224,0.09261257342065407,0.07713440270568261,0.10064159330427991,0.10624367847621252,0.1113868008640723,0.11751984450512262,0.09126791723440938,0.09743206944835762,0.09991182131044622
2,2.0,2.0,0.10564365688375177,0.09144773966105804,0.07453109082443438,0.10615462289863986,0.09753649106314341,0.10271522617604338,0.11295085491084178,0.10095689138215051,0.1042825088285532,0.10378091737138317
3,3.0,3.0,0.10541636793212372,0.09885661576445323,0.07512917942409988,0.11218622613405187,0.10179732880063996,0.11094284235453508,0.1056001269479839,0.0879826071261447,0.10583426033429233,0.09625444518167478
4,4.0,4.0,0.10432648125562709,0.09086046480986056,0.08330038163547714,0.10075399333884734,0.09712656470339368,0.11028083585172828,0.1135338225774555,0.09940926798577827,0.10762463053524067,0.09278355730659096
5,5.0,5.0,0.10832769085210289,0.08599199295044013,0.07593505115699871,0.10207167746873787,0.10035237590862771,0.11025552727000398,0.11066473198457479,0.08882435674630963,0.11366857695099779,0.10390801871120596
6,6.0,6.0,0.11127912179605177,0.09616731381251112,0.07462550734384792,0.10922656297247542,0.08819063524854337,0.1044863824356734,0.10186337267324344,0.10354834666555883,0.10952536610586106,0.10108739094623323
7,7.0,7.0,0.10087754121682471,0.08187149371610958,0.0718679947640388,0.11689526745357766,0.09944889315063947,0.10350111414319381,0.10896549838620533,0.10356184988224723,0.11519554615003269,0.09781480113713029
8,8.0,8.0,0.10786503886802953,0.09355010594225785,0.07508924588060799,0.10236279922049836,0.09601728906313908,0.11927323307515196,0.10827766089597517,0.08959272523562667,0.11572916094462402,0.09224274087408885
9,9.0,9.0,0.11822092877538506,0.07332175232398677,0.08513226538065961,0.10471289607280534,0.09312010195053078,0.10918984643072305,0.10581823949847183,0.08786538106976835,0.11891205736565094,0.10370653113201778
10,10.0,10.0,0.1020756094937004,0.0864565117605666,0.06916870763606933,0.10112118651394345,0.09985624095184212,0.10746319873960122,0.11240486100980678,0.1040198255218093,0.11836858426681393,0.0990652741058464
11,11.0,11.0,0.10988893959637705,0.09633635913058738,0.07634629397791474,0.09053778432391928,0.09551483933307467,0.11560357093420393,0.10490329791104622,0.08914144157935652,0.11214994179534184,0.10957753141817787
12,12.0,12.0,0.10431697228419523,0.0844842043432075,0.0704019418574103,0.09773246480564006,0.09774028981576158,0.11627507563271626,0.10208320862585177,0.09873062456661269,0.12477847953033236,0.10345673853827175
13,13.0,13.0,0.10923915178674734,0.0987343934806839,0.06894876796918639,0.10172613997210164,0.08671191803589773,0.09824980773405267,0.1106083475480226,0.10077963360432533,0.11896955496676002,0.10603228490222183
14,14.0,14.0,0.11024703568175769,0.0859339889457584,0.0686666893656234,0.10639393788591807,0.09734317985139418,0.11833642836874332,0.09955221602647524,0.08771450882514076,0.12503510491961817,0.10077691012957032
15,15.0,15.0,0.09740426786156887,0.09661584131810894,0.07840464856701176,0.09696768408106002,0.08361794468000325,0.11292728774577468,0.1069262873704275,0.09194460952771734,0.12532512517824237,0.10986630367008479
16,16.0,16.0,0.09922431936690095,0.08142644546011767,0.08614320489310581,0.07818887806511929,0.09573804688059104,0.11333857883609935,0.10612278400750863,0.1173645794133464,0.12251037949479941,0.09994278358241102
17,17.0,17.0,0.0987979562238335,0.09172575948443798,0.07449110632666905,0.0992019828545945,0.09597766361126854,0.11889485493859615,0.10263547090533584,0.09337182558524058,0.1249202365139664,0.09998314355605702
18,18.0,18.0,0.09743234341101828,0.08430963426812707,0.07683210750060274,0.09784978357413009,0.09380696172350171,0.1266331230723821,0.10885853612225423,0.08924984011157079,0.1259571742944467,0.09907049592196593
19,19.0,19.0,0.09772963329845787,0.08792412808168756,0.05737802563256648,0.09195316893099718,0.10535904331433074,0.11712245370954584,0.10572210181589,0.09902312905731489,0.13003810757672837,0.1077502085824806
20,20.0,20.0,0.09702435254342942,0.09991475659750544,0.06070850508702785,0.12146410762266284,0.0868396866596641,0.1138401837783313,0.10290247333743918,0.08936827253735542,0.12046354586199422,0.10747411597458971
21,21.0,21.0,0.10123195266605456,0.0901919577664951,0.07136582273785165,0.09849737102074001,0.08051223438176984,0.12787320084864834,0.10527219681992242,0.09248613857739842,0.1326925066848049,0.09987661849631431
22,22.0,22.0,0.09411099573027329,0.08651166705445354,0.07328804656590886,0.10735183938602019,0.08470355829717294,0.12170818069726072,0.10339080079618623,0.09857972629447992,0.1302947351994293,0.10006044997881451
23,23.0,23.0,0.1077069821851393,0.09918713037592647,0.07616151450658401,0.09814862890450682,0.08720705209600288,0.10623852836021246,0.10297513760736769,0.09491275217342406,0.11330754646078127,0.11415472733005463
24,24.0,24.0,0.10737948408020963,0.0863057378165329,0.07415186347760634,0.10044118536171107,0.0793437403953603,0.11679478936500234,0.1044804505362518,0.10468688202895582,0.11659613015838496,0.10981973677998438
25,25.0,25.0,0.10495830586962503,0.08200412058633115,0.07679996118247455,0.10012783860807672,0.09735152843181613,0.11824904556240726,0.10287316292599782,0.10032589569088646,0.11393450490250479,0.10337563623987962
26,26.0,26.0,0.10460527671653526,0.07957885274925841,0.08056055668234205,0.09219566089429435,0.08237720630449581,0.11690891246846694,0.09596744365902041,0.09925349280519855,0.13952220181718983,0.10903039590319788
27,27.0,27.0,0.10907896488229563,0.07813209173146402,0.0827273832765164,0.09983049367748534,0.08563602644753199,0.12377761109241989,0.10044142958559728,0.0912052423548338,0.12820645677757497,0.10096430017428024
28,28.0,28.0,0.09438641377212362,0.09212663420926502,0.06884524981512866,0.10206314752783045,0.08369048777421997,0.1247736541372508,0.10813852955970168,0.09375188053479462,0.12889365211539577,0.10333035055428894
29,29.0,29.0,0.09999206183718548,0.08261522272828177,0.07585976525865049,0.10326138769811874,0.08781057777309702,0.1227580750480198,0.10041193656441154,0.09180920350445629,0.13490593615928465,0.10057583342849374
30,30.0,30.0,0.09365699642107617,0.08810600383529715,0.06529452565636867,0.09404663622145919,0.09259248366064379,0.13448743383225725,0.09894446780354631,0.09806368118366442,0.12367502956398835,0.11113274182169822
31,31.0,31.0,0.09885735479066825,0.08701717379445958,0.07387591474058597,0.10624066823256703,0.07920750222399557,0.12421228473573534,0.1000809203897292,0.09584914348646054,0.12980485813801354,0.10485417946778446
32,32.0,32.0,0.09870512560237889,0.08024305501448464,0.07233010956346807,0.10343311715098316,0.08319287906225617,0.133504110913868,0.08933539566996329,0.092362379404917,0.13722332367512477,0.10967050394255548
33,33.0,33.0,0.11335261917053374,0.0753502533060719,0.07323268620130183,0.09637696434959035,0.08993867732515633,0.13036791291120198,0.09718399477658911,0.08935271739130757,0.14200112473577492,0.0928430498324718
34,34.0,34.0,0.09406029462872824,0.08838934931324587,0.06741608280980411,0.10050773929867514,0.09385595282429421,0.115780816953549,0.09936228916010988,0.09360303149978207,0.14154374859185034,0.10548069491996062
35,35.0,35.0,0.10764177801759445,0.08307892581523854,0.06466823349069344,0.10615198129833212,0.08656036520416024,0.12714565772178044,0.0991164858388977,0.08368446353451786,0.13279348324297657,0.10915862583580818
36,36.0,36.0,0.09972945319413025,0.0879031117933493,0.0680974228121595,0.10170518098811479,0.07759935792853104,0.13215186439304002,0.10701565027345457,0.09664834267625345,0.12976913730332965,0.09938047863763697
37,37.0,37.0,0.10145009530206797,0.09101175410156782,0.07405917715506723,0.09238453955084583,0.09033207025517495,0.11888141645789223,0.10016749254979877,0.09456026622382611,0.12311519472517891,0.1140379936785797
38,38.0,38.0,0.11099217233240584,0.07779770369019005,0.07147312184192114,0.09480070563195993,0.07941667704886268,0.13161392631466867,0.09278973098198515,0.0944433833785514,0.142160327558456,0.10451225122099869
39,39.0,39.0,0.09883453366059843,0.08916219420291152,0.0693448716530172,0.08940900792349063,0.09264095566290895,0.14767870350159146,0.10125891539181357,0.09034498199396823,0.1294380161008933,0.0918878199088062
40,40.0,40.0,0.10803032589580755,0.0807611416890985,0.08043061501073924,0.08882869426390422,0.09057428638774916,0.14246173843362261,0.08256912577726291,0.09036841546604386,0.1234200402640008,0.11255561681177073
41,41.0,41.0,0.09958679775033022,0.1058749247254304,0.06336962171428842,0.10076270643345046,0.09557060257528804,0.12135158501742786,0.1077568471779283,0.08784280580248667,0.11069866757692962,0.10718544122643955
42,42.0,42.0,0.0883021136412903,0.08796932543256974,0.0689292916105546,0.0945083174726415,0.09958904245765537,0.1315591716683062,0.10854272757770034,0.08409663561418039,0.13450031665095244,0.10200305787414869
43,43.0,43.0,0.1070579335610015,0.09039104026592498,0.07074761620314052,0.09411922873724399,0.08098659570286657,0.11818849355575715,0.09601454358996922,0.09146571738278642,0.1435653527005271,0.1074634783007821
44,44.0,44.0,0.09845650399275016,0.09424850078585134,0.06703419918966509,0.0932348126336951,0.08310565598814404,0.13855899106138087,0.11038201669319818,0.09186455057896349,0.12996869734041758,0.09314607173593371
45,45.0,45.0,0.09671292876756347,0.08439206189904767,0.06962992134527354,0.09819944561870189,0.10567810601733137,0.12305806349669032,0.10365306372827929,0.07960214447046729,0.12928000282953997,0.10979426182710465
46,46.0,46.0,0.10484228252594419,0.08805768881290885,0.06519051225431108,0.09817080884788022,0.08267327924060516,0.1148814941152213,0.09851158501360562,0.09523415491822737,0.1435068117976487,0.10893138247364709
47,47.0,47.0,0.09035613140145121,0.08877304696490161,0.0760919472934573,0.10695648377867331,0.07785911279115937,0.12939476319500057,0.09496796420166785,0.09546034608073198,0.13701461406715593,0.10312559022580044
48,48.0,48.0,0.10299410688405655,0.08674204388689633,0.05670381232319838,0.10411521242934492,0.08001010622482495,0.13156224305989966,0.10793148865682696,0.10760971042861414,0.12713412130895385,0.09519715479738378
49,49.0,49.0,0.09998089433928434,0.08931128981761785,0.07780469040483204,0.10197233014326412,0.0924527890765691,0.11652052541400808,0.09360349296308601,0.0882287849241338,0.13666498509211494,0.10346021782508918
50,50.0,50.0,0.09412412026894393,0.09347506702436519,0.06484084439847478,0.09020988798610469,0.07644580513174284,0.13911215713992503,0.1048373740303733,0.09326677788735624,0.13518618599507098,0.10850178013764256
51,51.0,51.0,0.09508422016819984,0.08470745027514781,0.05774643523840519,0.10534284595825887,0.08380937101634951,0.12472580344569521,0.09768836517492163,0.09171605399384619,0.13967927142993822,0.11950018329923709
52,52.0,52.0,0.09701237834942059,0.0805422973658602,0.06050715133137574,0.09183171825982975,0.08386778034992576,0.13989238704140472,0.09677682682051177,0.10146248801362275,0.14762240504067253,0.10048456742737563
53,53.0,53.0,0.09896148877568459,0.08241348906652615,0.061880752793903704,0.09292888465711549,0.08469195888609912,0.13601523164495616,0.09746209627208992,0.09627690482146087,0.1490292801127026,0.1003399129694609
54,54.0,54.0,0.09174720984966539,0.0817380792780829,0.06309013005544681,0.10322081496693336,0.07937910721108002,0.12880553692745894,0.1086291849248571,0.09537259056440213,0.13498825272498033,0.11302909349709264
55,55.0,55.0,0.09552199910769302,0.08397486241836877,0.05979636056912548,0.10167563016547825,0.09913956554977041,0.12964610434809518,0.10756218879197932,0.07945403693217601,0.1436884766819593,0.09954077543535389
56,56.0,56.0,0.09565086644915348,0.08429294268977784,0.07075036110698117,0.10067330238074076,0.08294377747918942,0.13578085386544234,0.11168563195687423,0.08822082709141436,0.13690125520066443,0.09310018177976152
57,57.0,57.0,0.09572368491138603,0.0825925010100024,0.06220755236440206,0.10474015743817318,0.08100645273283062,0.14586019707613437,0.11081002976654757,0.09393190731458008,0.1234829679528205,0.09964454943312279
58,58.0,58.0,0.09531587444350507,0.08634417726585174,0.06917381628949634,0.09440816116529399,0.0758945691786678,0.1449119467813046,0.1213608814986737,0.08549512565893289,0.13108932552830624,0.09600612218996718
59,59.0,59.0,0.08582951608611589,0.09544046170236385,0.06739364100522816,0.09980729695941623,0.1018242182286893,0.13333870960104174,0.09100216632705031,0.09278940884128054,0.12922080428705202,0.10335377696176147
60,60.0,60.0,0.10238645304303559,0.09738202160755241,0.06803412158443471,0.09316456539852738,0.08756303403046968,0.1278630950429666,0.08255173276077536,0.1035180714012244,0.1364265895974792,0.10111031553353414
61,61.0,61.0,0.09919133156329318,0.09014863615620342,0.06438885909564562,0.08945600814043951,0.06974849918196852,0.12429483739886635,0.10350076599640971,0.09600410075263355,0.1576724487620154,0.10559451295252424
62,62.0,62.0,0.09369428322478512,0.09259185937949337,0.07308643982071325,0.09439129379652444,0.08996640605405867,0.13476033498265402,0.09972956026923388,0.08814705522264352,0.13438483357529069,0.09924793367460258
63,63.0,63.0,0.1022346848079736,0.09367656799350126,0.06822406933336028,0.08501247605406263,0.08413964851585672,0.14042908927407907,0.09639351097832333,0.08179333155905126,0.13334111193062484,0.11475550955316656
64,64.0,64.0,0.08359134316708683,0.08683082848247027,0.06674196578622907,0.10717445814424546,0.08688183940671583,0.14125669208813565,0.09999426184764454,0.09548272034095456,0.1339264652473415,0.09811942548917581
65,65.0,65.0,0.09987347030664492,0.06586825083924543,0.07083896197150552,0.08998987986462312,0.06974391118803289,0.15593540383572083,0.10766741757403346,0.10155506672086609,0.133207174504915,0.10532046319441224
66,66.0,66.0,0.09176395482450869,0.09692123181658924,0.056101748133065385,0.10306279860449223,0.0804503775530816,0.133718291473802,0.10539402211738076,0.08062333461839263,0.1423047511838684,0.10965948967481862
67,67.0,67.0,0.09091739583591323,0.10390022102021128,0.07380184499962957,0.08856260929271403,0.08420758559383978,0.13446977714612462,0.10114414215440667,0.0936530581035526,0.13117473989803455,0.0981686259555732
68,68.0,68.0,0.10446583264922608,0.08821926749676506,0.07071131991262478,0.0779392521620792,0.08876996322395782,0.13085135328574765,0.11093970610887179,0.08635461531592016,0.13420267113108594,0.10754601871372098
69,69.0,69.0,0.0981344742696006,0.08755483462449672,0.06458062995433284,0.09908576018595053,0.08353947894154842,0.13789443083205996,0.09495132321613978,0.09475450005553976,0.14276338679190353,0.09674118112842729
70,70.0,70.0,0.10210268774763656,0.08471904528722088,0.07028415169578871,0.09011002453895385,0.07638874944187064,0.14306186842934332,0.10969957471777317,0.08139889069881232,0.12667732421991768,0.11555768322268234
71,71.0,71.0,0.09701983986215942,0.07992292912673253,0.05759217696660853,0.096504254997114,0.0823042143193623,0.12064559777027213,0.10173178141858237,0.10068402316499112,0.15515875827410436,0.10843642410007273
72,72.0,72.0,0.09272395147305251,0.08264759601328513,0.06272640737724326,0.09566322628802518,0.08146251519316383,0.14194516178560707,0.10723404773756633,0.08557512007526782,0.13754314922865019,0.11247882482813827
73,73.0,73.0,0.09475514628604631,0.10638456237310841,0.06269888621020084,0.07995518291835729,0.07926701608702133,0.1362860658965539,0.10326555570746317,0.08647464239541028,0.13897684628903179,0.11193609583680626
74,74.0,74.0,0.09724165067328183,0.1043018259148982,0.044511213263630854,0.08337819972930172,0.07779032776443953,0.13799654119665572,0.10217953793503556,0.10389807694837783,0.13955543502620418,0.10914719154817416
75,75.0,75.0,0.11343370691489844,0.08995436807030549,0.05734501489137815,0.09068949603303172,0.08088038478212929,0.13411226744152469,0.09697034514845275,0.09191830836712123,0.13552933615138674,0.10916677219977093
76,76.0,76.0,0.1016351197295258,0.10293181777147162,0.0573193834099094,0.09603585688775038,0.08323204654665836,0.12412204955128203,0.09496375810280067,0.09468516854530704,0.14142634626261308,0.10364845319268119
77,77.0,77.0,0.09587656890625688,0.08742144743605468,0.08404415016418301,0.08721742051208213,0.07306503017288662,0.1512611158190439,0.09302598255580405,0.08751683988333082,0.14635424847577946,0.09421719607457794
78,78.0,78.0,0.10668567783851746,0.07811582361945027,0.07385653447122585,0.10189719747080217,0.08026947851776106,0.13950715298257818,0.08107728077035098,0.09500428274147835,0.14196797070015563,0.10161860088767963
79,79.0,79.0,0.09194086637988227,0.0813904453493244,0.060881993222648964,0.08863417200131152,0.08421867248346646,0.14679807830075503,0.10551964209054183,0.09007227111044601,0.15381554902004896,0.09672831004157405
80,80.0,80.0,0.08600972732439113,0.0911993236574128,0.074670682789748,0.11285667095463325,0.07844828700256123,0.12554702328915887,0.09298798150624579,0.09466092645674648,0.13741989029279134,0.10619948672631059
81,81.0,81.0,0.11304628063709943,0.08084061562788965,0.049866694380989035,0.09016754286904297,0.07921109921572338,0.15120020094329956,0.09895689076748106,0.09988093134027329,0.1481590553531188,0.08867068886508239
82,82.0,82.0,0.1084218990997968,0.08404491503953301,0.05140896180984976,0.09177074670263993,0.08768647198913301,0.14813579816450445,0.109457229108601,0.07864492820756645,0.14061988678188908,0.09980916309648605
83,83.0,83.0,0.10502594168667989,0.06692485182023905,0.0698893313878871,0.10718035396876183,0.08029117525352715,0.14586932572218006,0.10718110948298143,0.09439907189065286,0.14361815957127547,0.07962067921581481
84,84.0,84.0,0.0989433151499643,0.09104094798798676,0.06866040507014884,0.0945269774367323,0.08344526612581946,0.13579087932254594,0.08954839964307788,0.09006936914575572,0.13889722154973463,0.10907721856823371
85,85.0,85.0,0.10601798980931418,0.10474217644012732,0.0657701623534236,0.09148284707914782,0.07369611886202856,0.15087951422026005,0.09016103698042971,0.07519938392881491,0.1384820071099369,0.1035687632165165
86,86.0,86.0,0.10727715260108994,0.09218731363592243,0.05869530831990294,0.10350114494950029,0.08999327264039989,0.1308892778033669,0.08193867113136183,0.08812143523152736,0.1535570510111548,0.09383937267577314
87,87.0,87.0,0.09875255717449025,0.09639201026798708,0.07010470741054764,0.09630331058702044,0.07151558198265535,0.1346818767347227,0.09488317365895008,0.09305711640170196,0.1446667704537241,0.09964289532819995
88,88.0,88.0,0.10033446629987305,0.09426092195644536,0.06454537372840655,0.09309269979725214,0.08835496726713925,0.12473083356303236,0.10392058653127237,0.09821781441693074,0.1352807829977726,0.09726155344187508
89,89.0,89.0,0.09923129831604693,0.09494942874363073,0.06375766653112017,0.09071557151363535,0.09646414784127391,0.12126415403339734,0.10741925806849209,0.07938513514572118,0.13376975684099746,0.11304358296568433
90,90.0,90.0,0.11418834485332949,0.09264551580634432,0.05783681216842597,0.10210697873921956,0.07388441930589434,0.1385598348010751,0.09585593866849863,0.09016818190816338,0.13086109773295254,0.10389287601609623
91,91.0,91.0,0.10323897426305688,0.07914879300624686,0.07397034157534452,0.091039089172428,0.08104116914156753,0.1355129740798366,0.10776719992070802,0.10949534802474636,0.12913774269627004,0.08964836811979471
92,92.0,92.0,0.10004292484714641,0.0844235272903895,0.059721404798602794,0.09915765844006107,0.07545081567429779,0.13980376850792534,0.10014607655567312,0.09100612792581782,0.15409246267747592,0.09615523328260976
93,93.0,93.0,0.10950381812764484,0.0931119145519054,0.06197690342080804,0.08730726128694669,0.08279285771815509,0.12236369762716622,0.10820704839260005,0.09195018216432348,0.13932952337396964,0.10345679333648003
94,94.0,94.0,0.09204565699254405,0.0854277174995394,0.0710163663497064,0.09003244713938797,0.09110266758370515,0.1223122349348823,0.10753063335536028,0.09668184904482897,0.14688979813366074,0.09696062896638423
95,95.0,95.0,0.09953493869048342,0.08816164006459595,0.054632037262876264,0.10583840465464203,0.06916409407706209,0.14186565689541392,0.09784547083331378,0.10709536421632415,0.140309332662685,0.09555306064260302
96,96.0,96.0,0.09852108704606748,0.0932335781760796,0.08246998157236399,0.09712674635492141,0.07347079096074724,0.14002097053060214,0.09877352142586993,0.09700971828691418,0.12821742282165455,0.09115618282477903
97,97.0,97.0,0.09335958615560921,0.0936519291983213,0.07631680971856529,0.09464930277658325,0.08262025111852245,0.12094569470648131,0.11015927779819201,0.0883033357587166,0.12834388630629517,0.11164992646271281
98,98.0,98.0,0.10744218093059313,0.1143934432215135,0.06665117552330907,0.09333280801136482,0.07655917285168536,0.14631915593926065,0.10341959843114439,0.08053620393427392,0.13595700535098112,0.0753892558058736
99,99.0,99.0,0.09519906553575148,0.10110552735210947,0.07227922869845839,0.09912726886567634,0.07902467167377761,0.13640167951018004,0.09651955604295795,0.0968185870319042,0.13581597060935968,0.08770844467982437
100,100.0,100.0,0.09958316118391175,0.0950656664205664,0.06869877369384242,0.09438654296383042,0.08110869530405998,0.14061223027421446,0.10990401206104239,0.08096136808213382,0.1383093558554549,0.091370194160943
101,101.0,101.0,0.10420867901969688,0.08552570052547867,0.06614629397501677,0.10993829032419986,0.0832394270429852,0.12507822502994143,0.10162835189569733,0.09901797780586459,0.13595156875371645,0.08926548562740241
102,102.0,102.0,0.10313696702838877,0.09155801219816492,0.07381417464439297,0.0922695206636724,0.07317774016780812,0.14908993047358257,0.09514397016701662,0.0787225862861596,0.13287470389634376,0.11021239447446982
103,103.0,103.0,0.10047967767077068,0.08407372307374791,0.06304603899407643,0.09874100619047602,0.08901366940507335,0.12237638435752807,0.10031739180947982,0.08812629023835758,0.1378539631865788,0.11597185507391097
104,104.0,104.0,0.10396340202824066,0.09251512613858268,0.05760275718077743,0.09056620998703913,0.09255244225632869,0.12909337288090963,0.10461940781165684,0.09443116823184003,0.1287638023470332,0.10589231113759123
105,105.0,105.0,0.0795059451560676,0.08227749655086745,0.052678943019632066,0.10654488621498315,0.08495364713789332,0.1406380195127506,0.11650935536689329,0.09216898311879246,0.1397438976424147,0.1049788262797049
106,106.0,106.0,0.10271804501578788,0.0880163480893423,0.05618932119663868,0.10066213561736817,0.08937455624879644,0.1343011005722045,0.10072563820232103,0.08603069850289066,0.12899191853777103,0.11299023801687887
107,107.0,107.0,0.11727668187391482,0.08642974439149606,0.053788044413727754,0.10146871021642509,0.0727213228787014,0.1237421021269541,0.11124748571470089,0.08761660710828803,0.14083348373005014,0.10487581754574118
108,108.0,108.0,0.10724253477475909,0.09636643965340802,0.07038049191365803,0.10259962875592862,0.0921947646426313,0.1318551677772815,0.09694617065377274,0.08181822773416451,0.13150052020413244,0.08909605389026329
109,109.0,109.0,0.10384885049413553,0.08303594373569595,0.06516701669186345,0.10951192923413296,0.07886135014450586,0.13431241703182367,0.09108006419621124,0.08753813858349366,0.12964683800729956,0.1169974518808377
110,110.0,110.0,0.09767482213955508,0.10128889370057781,0.07095715178805831,0.09872254302053171,0.07006425853703332,0.1331392488402293,0.10110648437136412,0.09365720919578906,0.13750885447474218,0.09588053393211858
111,111.0,111.0,0.09798002536151404,0.08394730301383002,0.0670033275489776,0.10951370459074468,0.07629218143188218,0.13476226787693074,0.10571394678727744,0.08075730806601467,0.13061601028231506,0.11341392504051306
112,112.0,112.0,0.1042679067738729,0.0906414112081737,0.06724996515809914,0.09902041446605216,0.09455563533915509,0.13811483387598109,0.09927773568034387,0.08704691314637641,0.11828048294309204,0.10154470140885312
113,113.0,113.0,0.09445803606039775,0.09921501122108861,0.060359971438252336,0.10026595783979561,0.07730377538282282,0.1407555373286722,0.11042323349670775,0.08635217896194552,0.1219721229411946,0.10889417532912231
114,114.0,114.0,0.09197097944408476,0.08920365426028601,0.06994579490321091,0.09337341985077588,0.07510509001854443,0.1338727971708751,0.10136215694325565,0.0881113056459534,0.15041857880018544,0.10663622296282789
115,115.0,115.0,0.10225308070535714,0.09188015166819283,0.07435742755337225,0.10147242964589924,0.07795220509646215,0.12210255551277358,0.09307635959527227,0.09509323997151524,0.12338083505510715,0.11843171519604763
116,116.0,116.0,0.092266161162577,0.08110535637189739,0.06249868548683114,0.0999645124651338,0.09250052504256723,0.12711671080457182,0.10327328664599503,0.1026501872981768,0.13030491859492283,0.10831965612732646
117,117.0,117.0,0.10656512463927262,0.0888841859043624,0.0642673699925186,0.10320702586378108,0.07636734500174133,0.12764565203362593,0.1050051845080033,0.09043861456252476,0.12786454998766808,0.10975494750650157
118,118.0,118.0,0.09927612437107672,0.0929155003840662,0.058604178485716106,0.11268326345525059,0.07202422887134212,0.12302765092814709,0.10527285154428256,0.09328061668019555,0.12969123868008647,0.11322434659983611
119,119.0,119.0,0.102921019516785,0.09350706836603652,0.06961884584431786,0.08762691215357041,0.09994936241119835,0.13094693091209939,0.09302459315484198,0.09022741742981609,0.13042945767255132,0.10174839253878257
120,120.0,120.0,0.10148433836648985,0.09045864788539429,0.06420847181706443,0.10202064702295202,0.0827282248627612,0.12336970317744281,0.10413673569272604,0.08756870524542033,0.1283493569237581,0.11567516900599058
121,121.0,121.0,0.09490725520810517,0.09747283302429856,0.07525916481276554,0.08813786287885454,0.0827132636744192,0.13039177084103154,0.09802539974737198,0.08049083400143682,0.145915666806951,0.10668594900476518
122,122.0,122.0,0.10088181264508725,0.0774030672790593,0.07162445200265269,0.09567002368631837,0.08450285407674515,0.1389240173029039,0.1059191429698733,0.07887468006474643,0.1308770853951592,0.11532286457745386
123,123.0,123.0,0.08368323229952081,0.07994075826040578,0.08094185550096246,0.10992737354423196,0.08214611906919973,0.12871844630289556,0.10119136778897228,0.0927306638737698,0.13352371051679573,0.10719647284324545
124,124.0,124.0,0.10416041599153396,0.10788828712278183,0.06731987027728656,0.09028884231734303,0.08409432854618168,0.12660838392589902,0.09890942357813554,0.09286941898285542,0.12857795959228796,0.09928306966569449
125,125.0,125.0,0.09884721734106947,0.09857553253318427,0.06537177732538045,0.09312923919321785,0.07243666095512714,0.1297364201811429,0.09579412124752698,0.09137920869232276,0.14613373013071346,0.10859609240031427
126,126.0,126.0,0.10382846279840745,0.0996038334686645,0.08189631101520155,0.09366795738590901,0.07336557137256346,0.136343885471517,0.09684152494181186,0.08342103898552777,0.12668466104732265,0.10434675351307429
127,127.0,127.0,0.0864800486489685,0.10227162852256122,0.05970854757632819,0.10653430880830139,0.07468972778137148,0.13492510176130365,0.09594703373204128,0.09857669253762609,0.14462629203877125,0.0962406185927265
128,128.0,128.0,0.09683482971947774,0.09863280630796259,0.07772495592155215,0.10893531958775904,0.08078835894998951,0.1210368653903509,0.10553952775412116,0.08376641985269348,0.12291881278722805,0.10382210372886494
129,129.0,129.0,0.1052215832765625,0.10373167492617741,0.06524545966568636,0.08820316041557233,0.07482843345407958,0.12080657021904542,0.10909575158537696,0.09380443838678879,0.13548217179093874,0.10358075627977151
130,130.0,130.0,0.0984191732235983,0.08098504348956252,0.06407887328632708,0.10194239405757757,0.08415596564757066,0.1300120624902132,0.11282010485631788,0.0850123980816957,0.13656048265436624,0.10601350221277026
131,131.0,131.0,0.10628930912078123,0.1055387123885529,0.06284928081751767,0.08996695201836499,0.07329380717518968,0.12033587832886243,0.10762864418892575,0.10244856765060098,0.1327043223813915,0.0989445259298125
132,132.0,132.0,0.09023376335212466,0.10146569497054139,0.06835301092455251,0.09769496626101393,0.07167988715820092,0.12288804718388366,0.10566044438665523,0.09644439485511729,0.13800096843403772,0.10757882247387227
133,133.0,133.0,0.09524587121653441,0.09381706373948515,0.06604457842328353,0.08754263172488407,0.08334788840956008,0.14449191198249692,0.08132657942649611,0.09545403969438536,0.14504431992079597,0.10768511546207797
134,134.0,134.0,0.09958297422214897,0.1047334503073744,0.057065799664366944,0.10428676869196085,0.07745435152302914,0.12071577655342121,0.12337618581189151,0.08798366419399097,0.13105994710196303,0.09374108192985249
135,135.0,135.0,0.10310455392738509,0.08788439081874713,0.06056591755886627,0.1069143646158858,0.062082265446069096,0.14751220037175664,0.11064361367767425,0.06873286168184103,0.13298568532464367,0.1195741465771305
136,136.0,136.0,0.0986088961030871,0.08914558344197346,0.06868337553685488,0.09883109794341298,0.086198623617571,0.12002837160757582,0.09616554704263103,0.08705214652925407,0.13556369828678805,0.1197226598908511
137,137.0,137.0,0.09152042908402196,0.08698178991720096,0.06967810497575358,0.10155317781517192,0.08370563812496457,0.13076749842825308,0.11094551688807346,0.08247605355658671,0.1398954381146993,0.10247635309527406
138,138.0,138.0,0.10951117503510022,0.07946025323893112,0.0636387892940333,0.10265058829173637,0.06956067648923277,0.1296789484727054,0.1009390561871311,0.10003564866676821,0.13859597334802704,0.10592889097633403
139,139.0,139.0,0.10583518855845082,0.08921650068771225,0.07122781922391966,0.09301343947386302,0.07586705829293407,0.13559366966412173,0.09677760537411363,0.08867152218172573,0.14295544031186863,0.10084175623129002
140,140.0,140.0,0.10738987992812898,0.10012913856210233,0.05868701300596715,0.09680797424079315,0.0735722803962028,0.13634820107377615,0.09875891670776424,0.08107270806192785,0.13790367250844646,0.1093302155148905
141,141.0,141.0,0.11275867210186181,0.09037347335757635,0.05287412553077632,0.10399555959542602,0.07599475820955717,0.14031227013929243,0.10583054437482273,0.08341943564140561,0.1352135578140758,0.09922760323520524
142,142.0,142.0,0.08378479867533883,0.10495203256728185,0.06857135880533925,0.08989397501185978,0.08521166288907657,0.13712468931565377,0.11242369840128737,0.07646631743268048,0.1518715253526379,0.08969994154884375
143,143.0,143.0,0.09463292529543968,0.09627900130930359,0.06328047686649986,0.0866466248956952,0.09880776987291995,0.12850854966836214,0.09674288699501811,0.09056696644991409,0.14524859702500875,0.09928620162183818
144,144.0,144.0,0.09301893788244817,0.08105086101524876,0.06088297462424279,0.09881743804403023,0.07263077752031785,0.13603415472762415,0.1030074345987616,0.09072012241805072,0.15271995752799136,0.11111734164128387
145,145.0,145.0,0.0928919332152267,0.09871705494899834,0.06769683294935598,0.09050292392174616,0.08808426844815472,0.13528500135337143,0.10047099288520371,0.09161699141653108,0.13616663555106875,0.09856736531034263
146,146.0,146.0,0.0955804431058905,0.0894143107117507,0.05833261316428913,0.11083931610694472,0.08195792514197806,0.13052173528923844,0.10324411744276744,0.08542197071597474,0.13838105368434778,0.10630651463681798
147,147.0,147.0,0.0902891567109254,0.09748189868616941,0.07647177840580802,0.09407826378610276,0.06978054121018162,0.1323884085644969,0.10873419450357165,0.08682748929997858,0.12621994653397522,0.11772832229879
148,148.0,148.0,0.10981711317985002,0.09170083709547674,0.06969608874513346,0.10346937206712885,0.07572261743964961,0.13917098276572787,0.10245927894970985,0.08033270457225318,0.12717436445096225,0.10045664073410773
149,149.0,149.0,0.08933495158438198,0.0926273702371347,0.08202914265374867,0.105022849979902,0.08522400750008058,0.1314750872900859,0.1046470621342069,0.07718876729488736,0.127239246088852,0.10521151523671954
150,150.0,150.0,0.0892025320436637,0.10458848891548347,0.08183450787397371,0.08094345701736377,0.09045746177487268,0.13595966632887507,0.09156127892106593,0.0927667614412974,0.1287498815514568,0.10393596413194695
151,151.0,151.0,0.09295868756571343,0.09648169603248716,0.07065723104143333,0.10279243100434185,0.08096408799828789,0.13346545207325247,0.08494542726370055,0.09365945424545566,0.13164882768836883,0.11242670508695836
152,152.0,152.0,0.10273819868195462,0.0813351489476034,0.07428177166025537,0.10494950652479,0.08111737827668447,0.1352194410912412,0.08592384961144453,0.0952366075675204,0.12997143996369712,0.10922665767480841
153,153.0,153.0,0.0885327952574811,0.08489852103343944,0.07444531334604955,0.10874466735673823,0.08508445492626165,0.13865151507900234,0.10943573013667625,0.07771107187684365,0.13750783231257285,0.0949880986749345
154,154.0,154.0,0.09381790035149415,0.07717602532541228,0.07423495808851861,0.09812540013823078,0.08108763028321374,0.13913931299908625,0.09399555691754914,0.09839815684139872,0.14105960633534487,0.10296545271975104
155,155.0,155.0,0.09871505305167447,0.09033976716049633,0.08143934230248709,0.08203518549160463,0.08576260775330409,0.14146237626143918,0.10525150399319268,0.06778662657875177,0.13828628274328109,0.10892125466376823
156,156.0,156.0,0.07960211595140512,0.09074238803586045,0.06882378884798142,0.10219288814629754,0.08244871828540487,0.1469005214695475,0.10134998419798516,0.09062254295698369,0.1317502577005602,0.1055667944079735
157,157.0,157.0,0.1098542508208388,0.07838489077622388,0.07660668437276538,0.09323177935865956,0.06778171883249037,0.13484098674752346,0.10373825744075213,0.08486281989557147,0.1391152934614287,0.11158331829374588
158,158.0,158.0,0.09245824018247921,0.07583333265202985,0.06464805942527377,0.09935943764835711,0.0834379956877403,0.1209023424248784,0.10473720912571023,0.10663584950487819,0.1338199272488763,0.11816760609977608
159,159.0,159.0,0.1029728625363437,0.0960166240230865,0.07065931163039872,0.09493282128598393,0.08446378119482013,0.11681767515810226,0.09615664742255385,0.09567430773645862,0.1343166336485273,0.10798933536372446
160,160.0,160.0,0.09171718741978288,0.09920516545795419,0.06447801922533213,0.10030591579469275,0.08549837560288923,0.13509849292987494,0.10664557234360357,0.08443219910934156,0.1373588962091498,0.09526017590737863
161,161.0,161.0,0.07410692186271986,0.07728683324982719,0.07692016157843021,0.09637485034971247,0.08018701204741256,0.13781474587564385,0.09720952413953421,0.10342632509206247,0.13854558286218183,0.11812804294247484
162,162.0,162.0,0.10083625719151987,0.09805532328646631,0.069112575268745,0.10252181236833399,0.07153461007930473,0.12509721633181684,0.08869264828319877,0.08619390203682839,0.14311196967887746,0.11484368547490827
163,163.0,163.0,0.08905630524135419,0.09654928580902221,0.076296988496499,0.09704370182763197,0.07892560978787225,0.1488872161450038,0.0969827160104352,0.08464641991902669,0.12956977655087348,0.1020419802122808
164,164.0,164.0,0.09994041274751446,0.09223835027230441,0.06363623784760354,0.08971790016289957,0.0812330467330591,0.1380863424686912,0.10282964710598952,0.0878500658767878,0.13502819148153383,0.10943980530361608
165,165.0,165.0,0.09807266302046785,0.10088829358888296,0.06580212223896867,0.08211993192713471,0.0821883370512482,0.14222966862131106,0.10173268318534352,0.08731457872855834,0.15022630546313837,0.08942541617494583
166,166.0,166.0,0.10465621758283572,0.09057979862214444,0.06238607564101223,0.09616961707974173,0.05804829960544551,0.13990112109315656,0.10091456656894952,0.08829095691324039,0.1410896298404535,0.11796371705301993
167,167.0,167.0,0.09394235064516902,0.08271781082934057,0.06380256559375085,0.09775624591346135,0.07725631153275836,0.13112357754919102,0.10798864630277563,0.09520257760364947,0.14280727762089324,0.10740263640900997
168,168.0,168.0,0.1063126508919322,0.09035762103746145,0.06434984342081393,0.09216813486196078,0.07006389521679465,0.12526870583615782,0.09910539020154166,0.09625790491618837,0.14086344563492742,0.11525240798222133
169,169.0,169.0,0.09627887828615903,0.08789386106043151,0.0712756422978165,0.10629977876615707,0.07442434458545957,0.1231667828913436,0.08979288611136585,0.10269005318885202,0.13519823286506089,0.11297953994735357
170,170.0,170.0,0.0986698596507042,0.0987099906067475,0.056044315446523954,0.09713664020711307,0.08757135141648867,0.1289034933315772,0.09782337842144831,0.08209800608221206,0.15426835675379763,0.09877460808338692
171,171.0,171.0,0.10270324122267409,0.1015856279136735,0.05520902685820413,0.09580549164670964,0.0843966077024406,0.13205554729752214,0.11033601877605412,0.08914378034469887,0.12945870905497378,0.09930594918304868
172,172.0,172.0,0.08928038094757337,0.09244705570154081,0.07464880027734287,0.09050751446233266,0.08534647614593047,0.1353740971993895,0.10926019447420166,0.09195837996593065,0.13399370502634972,0.09718339579940781
173,173.0,173.0,0.08543565688434596,0.08377729841296525,0.06584098149771879,0.10187215809745023,0.08087333097707608,0.14606243182643075,0.10313890607496408,0.0918326342026865,0.13329229714263408,0.10787430488372787
174,174.0,174.0,0.09385759113299995,0.08843187877022496,0.061437728686463786,0.09987794029206284,0.07219005921969973,0.13946614733168988,0.09422888072944831,0.08364693630780652,0.15084854896624816,0.11601428856335541
175,175.0,175.0,0.09869007769838462,0.10051747913490765,0.08040002235898627,0.09115404588010827,0.0717731739966813,0.12563839090849485,0.08099035002389472,0.09713224569270039,0.14421371725280935,0.10949049705303213
176,176.0,176.0,0.08978622026348952,0.09597040604780283,0.07007671724435756,0.09206033044794162,0.09448959245786057,0.13607752968454717,0.09040542901069862,0.08585300708279016,0.14325193732542402,0.10202883043508745
177,177.0,177.0,0.08400125598820865,0.10184031317574323,0.06065503834971714,0.11020400331724,0.07378398845102875,0.13702802636033715,0.07720525427336902,0.11206314860812949,0.14242626218571397,0.10079270929051218
178,178.0,178.0,0.09175514226761369,0.10191013114071794,0.07302186548417891,0.09449441228762116,0.08454182446195377,0.12901846937433398,0.10500998964413452,0.08064337952281997,0.14088727074661417,0.09871751507001132
179,179.0,179.0,0.08734524058466911,0.08351736780828259,0.07611160751271635,0.08464197028507509,0.09440242074744978,0.13039669301199952,0.10220273611060633,0.0855889872480102,0.1486286703429024,0.10716430634828815
180,180.0,180.0,0.10844114336877757,0.08785527002356638,0.07104697028287908,0.07986364953660494,0.06964275048545011,0.12659976037344195,0.11225362997842887,0.08964527382261825,0.14447735556262725,0.11017419656560512
181,181.0,181.0,0.10593936988053598,0.09626578143231557,0.0692832972845612,0.08314569837118967,0.08013679900177663,0.1344327998405368,0.09783421033320308,0.08525088741917057,0.13422125301417773,0.11348990342253236
182,182.0,182.0,0.09872567147601652,0.08690311392692607,0.05318190485909763,0.10834277290396292,0.07552535935279256,0.13893380674195982,0.09216033194369495,0.0958867532077704,0.15013534526983496,0.10020494031794373
183,183.0,183.0,0.08838885224153077,0.10367514369230882,0.0636560581359915,0.1055530910152019,0.062375740948118555,0.13224720322747915,0.10861485664000832,0.07409919648445137,0.14784960258578048,0.1135402550291286
184,184.0,184.0,0.08886458746049743,0.0936901789620472,0.07333260715683242,0.08373136292161285,0.07674663720655553,0.13376575910801985,0.10869606739502599,0.07771960978657289,0.1508429216813553,0.11261026832148006
185,185.0,185.0,0.1034981019237133,0.09408097321526025,0.05444583890794802,0.10181108017500362,0.07339315011690942,0.1347532741600127,0.09954701260200026,0.08372423536971338,0.1520655658377239,0.1026807676917147
186,186.0,186.0,0.10461914021126488,0.08840078068406962,0.05224312449452921,0.11787616292570531,0.07362794333933913,0.14101265061890828,0.1045364842103319,0.08395853444555688,0.12710351782264398,0.10662166124765042
