,Unnamed: 0,Generation,Intertwine_two,Add_vertex,Delete_vertex,Invert_path_vertices,Insert_inside_vertex,Delete_inside_vertex,Replace_inside_vertex,Donate_between_routes,Trim_one_terminal_cb,Grow_one_terminal_cb
0,0.0,0.0,0.09999999999999999,0.09999999999999999,0.09999999999999999,0.09999999999999999,0.09999999999999999,0.09999999999999999,0.09999999999999999,0.09999999999999999,0.09999999999999999,0.09999999999999999
1,1.0,0.10900000000000001,0.10063757356165308,0.09919477050285129,0.0975076498949194,0.10006993367016652,0.10068056095390718,0.10124116129418387,0.10190966305105835,0.09904820297855062,0.09972009556987099,0.09999038852283863
2,2.0,0.31601,0.1012429428341309,0.09828775860863588,0.09480047114032969,0.10068989352909351,0.10047797824633978,0.10159250538584536,0.10332756265212345,0.09908268021657889,0.1001303452595593,0.10036786212736318
3,3.0,0.6191589000000001,0.10180905342469436,0.09814393532470576,0.09222112531800654,0.10190566501936446,0.10069232271144682,0.10274270389409185,0.10396483241938342,0.09783502341685946,0.10069626676654263,0.09998907170490463
4,4.0,1.015801321,0.10224563743362608,0.09722200607810687,0.09054591484011436,0.10195944169223475,0.10042920638121045,0.10379368328583743,0.10534809771815057,0.09775627422016818,0.10143601307859995,0.09926372527195125
5,5.0,1.50262148669,0.10305949243953223,0.09584180715754335,0.08822923703011717,0.10212755462727319,0.10048195638774293,0.10480190540589496,0.10638798467634598,0.09664343875685527,0.10276806557559366,0.0996585579431011
6,6.0,2.0757334209441005,0.10413978702336836,0.09551866207317225,0.08589033076107344,0.10299378604759618,0.0993119615228226,0.10518692704915476,0.10648651448067101,0.09703609501169312,0.10366159685212838,0.09977433917831977
7,7.0,2.7307768275633495,0.10414328743862501,0.09380473600499148,0.08339691562678093,0.10460259254324589,0.09927357867186111,0.10542791425270581,0.10723917245778544,0.09745595847925467,0.1050914306979641,0.0995644138267854
8,8.0,3.4630081252450404,0.10481253011525847,0.09331073134335481,0.08135967790894716,0.10472019831512601,0.09889762684203351,0.10720274662800244,0.10786504414744962,0.09649798204942794,0.10653268379319608,0.09880077885720377
9,9.0,4.2673862119061114,0.10648096260249185,0.09084568553204374,0.08046776159261855,0.10503747920410256,0.0982407481061389,0.10791246196579803,0.10818651269588228,0.09539401627786005,0.10824006599252184,0.09919430603054205
10,10.0,5.138652627782014,0.10648541957456235,0.08976538091344118,0.07811532617134417,0.10496061521698227,0.09827196468240881,0.10839131484535111,0.10911081380863108,0.09594060517657213,0.1098290825757626,0.09912947703494412
11,11.0,6.071405875792507,0.10722666575888486,0.08974800280217221,0.07662642674102903,0.10379470312254122,0.09788176220186932,0.10962703849535166,0.1092254689722407,0.09502548899462007,0.11072272827044259,0.10012171464084815
12,12.0,7.060169740244025,0.10736321333193186,0.0886130305865763,0.07468918071406382,0.10333228109773011,0.09772945578896453,0.1108661055745919,0.10900342798035796,0.09510196225543621,0.11280413530440263,0.10049720736594447
13,13.0,8.099455520847952,0.10794786168745199,0.08897528624385392,0.07275746951240619,0.10325947062912538,0.09648965117963179,0.11023282885662301,0.10958690278633554,0.09541197571705379,0.11421625262086874,0.10112230076664944
14,14.0,9.183818168183006,0.1085877464979141,0.08811886695427955,0.07095263455512582,0.10364538769219253,0.09633917588134464,0.11155171166269437,0.10901663140717748,0.09443815193346385,0.11614124622443295,0.10120844719137449
15,15.0,10.307906369102724,0.10789595893714955,0.08839442605081245,0.07027921956181732,0.10307757317040442,0.09484126463544759,0.11226563929292223,0.10914615014652344,0.09391748416740733,0.11799168108045502,0.10219060295706042
16,16.0,11.466506686239443,0.10735043837223886,0.0872057038045659,0.07052825599050101,0.10062756060830759,0.09459292153464459,0.1129559197536883,0.10916016804788196,0.09597115142012247,0.11944893232350846,0.10215894814454063
17,17.0,12.654581904800096,0.10673557235945912,0.08710799260193156,0.06974332840869871,0.1002994729559361,0.09440482567044911,0.11413662636945153,0.10879367900848361,0.09563411084468776,0.12103205861588616,0.10211233316501613
18,18.0,13.867303782456686,0.10596625550531957,0.08632461766675462,0.0693184714816497,0.0998579992397419,0.09403419758330468,0.1160206714227085,0.10902456331368544,0.09489595292683506,0.12259944783605492,0.10195782302394538
19,19.0,15.100080434523047,0.10521826020439493,0.08596087977246515,0.0670658284206915,0.0988509292741977,0.09485356810535957,0.11687136955085287,0.10891705548581637,0.0951524785671894,0.12445176872701891,0.10265786189201338
20,20.0,16.348578617037543,0.10439965008900054,0.08685221100227865,0.06527461958339402,0.10082668257094249,0.09384412066183201,0.11731128171464829,0.10850638605618987,0.09445657249641362,0.12521726474591016,0.10331121107939016
21,21.0,17.608741195130214,0.1040099080219524,0.08681275468196203,0.06468260224994499,0.10051456112833772,0.09223282839484612,0.1190757933897327,0.10831771679058683,0.09409116063712913,0.12708157005635418,0.10318110464915373
22,22.0,18.876800103462312,0.10291926491447194,0.08644300695331825,0.06440884123752565,0.10109892676544548,0.09108459180596835,0.12013532595675906,0.10792931964946381,0.09435559851488393,0.12857577705350076,0.10304934714866255
23,23.0,20.14928511992658,0.10320920207138415,0.08737846693069748,0.06453859517369959,0.10076706391689685,0.09023771792077341,0.11955766858078297,0.1074928107150385,0.09426913647055361,0.12823903405852716,0.10431030416164602
24,24.0,21.423028783545156,0.10348237350324972,0.08705032828885172,0.06457063780668722,0.10067145864879963,0.08865889359578599,0.11996021164067777,0.1072053072358674,0.09517516977323821,0.12811550885683384,0.1051101106500082
25,25.0,22.695167792966423,0.10352508107663988,0.08631739588344717,0.0649600982035721,0.10055177649927781,0.08894557897493865,0.12043627179156685,0.10675857677659185,0.0956496182344046,0.12762297986273735,0.10523262269682347
26,26.0,23.963141223515898,0.10354254722531189,0.08537209718190465,0.06580507074054426,0.09964660541441792,0.08779022309801278,0.12070884035568138,0.10562709329804018,0.09601614433545039,0.1296015887099167,0.1058897896407196
27,27.0,25.224685898775267,0.10401626287060499,0.08431871980441048,0.06692978354265461,0.09952092527116188,0.08702215465514795,0.12160302264690762,0.10495956026361117,0.09557356626605258,0.13034996829948936,0.10570603637995912
28,28.0,26.477829247520948,0.10302397886046849,0.08470826813171636,0.06671178771575378,0.0996341742113292,0.08612247790716224,0.12252913689794943,0.10508330922325534,0.09538622658247846,0.1310707943486677,0.10572984612121877
29,29.0,27.720879968916847,0.10260511240696836,0.08418190413896881,0.06723837763688896,0.09988021200767362,0.08570045793253338,0.12318352698735698,0.10445257619077057,0.09500700970375107,0.13229899477498436,0.10545182822010365
30,30.0,28.95241681848399,0.10156849555150949,0.08424158784209068,0.06674199848190006,0.0992139826336221,0.08581993174252772,0.12494115942685415,0.10369776318918415,0.09525918421882429,0.1323073539129827,0.10620854300050439
31,31.0,30.17127581490958,0.10107646122725136,0.08422506433074868,0.06713892142257646,0.09978210593396489,0.08465668554703898,0.12559097645680342,0.10308454379251829,0.0952927324823182,0.1328415367510938,0.10631097205568561
32,32.0,31.376536153543515,0.1005962163522243,0.0835607023871805,0.06740894148465354,0.10007724741910104,0.08395380982169473,0.12709120748436037,0.10142805762951454,0.0949798136213498,0.13403378107297412,0.10687022272694681
33,33.0,32.567505096778625,0.10160983441401697,0.0824403199934009,0.06779142888509443,0.0996708181729031,0.08398819218758054,0.1281919246431901,0.10060115337387823,0.09437104610295295,0.13561647649475292,0.10571880573222961
34,34.0,33.74370209472243,0.10071028606301499,0.08266498477284337,0.06760841977950353,0.09968517080800032,0.08447036871816732,0.12774562037305168,0.10004059739618473,0.0941980034601268,0.1370590112423716,0.10581753738673542
35,35.0,34.90484237192463,0.10119234097165697,0.08239338436994488,0.06716700328286367,0.10027073806446024,0.08426862467474329,0.12836078257255523,0.09950473360177864,0.09304445856545339,0.13752711335383583,0.10627082054270767
36,36.0,36.05082019768737,0.1008994522775477,0.08263821801960025,0.0670876596701127,0.10041188099659117,0.0832138717133929,0.12940289797072663,0.09980849015264001,0.09320905612411153,0.13759863435908035,0.10572983871619657
37,37.0,37.18169203889697,0.10079621667280894,0.08322208147284944,0.06762252348434805,0.09961977849169736,0.08348172014299332,0.12904124669978922,0.09946912687725781,0.09318277914718254,0.13691931403542784,0.10664521297564526
38,38.0,38.29765977559663,0.10166405111787045,0.08250405026592311,0.06790966192255246,0.09907615045599581,0.0826997479101243,0.12988741323920425,0.09843290742935788,0.09316121645418542,0.13807439783436581,0.10659040337042033
39,39.0,39.399054140870355,0.10132261946339041,0.08294720776520423,0.06799089609723971,0.09800496100477712,0.08328557005333419,0.1322727059741247,0.09829079660275705,0.09274479156127334,0.1378826014048946,0.10525785007300444
40,40.0,40.48631852820801,0.10191002933985138,0.082568094127553,0.06918612094578822,0.09689689960190881,0.08369969691080285,0.1340518329040309,0.09632359908525182,0.092348354409187,0.1370237411816413,0.10599163149398459
41,41.0,41.55999329152982,0.10165554837967808,0.08472020063291555,0.0686681689204863,0.09701236350290189,0.08464078859604801,0.13362613085462288,0.09693434872648375,0.09171920061652211,0.13484259270282975,0.10618065706751148
42,42.0,42.62070064560415,0.10027735959832465,0.08507808379938092,0.06870499361527922,0.09652834554702025,0.08599891324079778,0.13414101221687155,0.09767083642808415,0.09073958123615275,0.13501828472804264,0.10584258959004586
43,43.0,43.669130257815,0.10079281922750734,0.08567126254886717,0.06892221127980419,0.09603362023244325,0.08549688203776228,0.13324151922615482,0.09718957587224755,0.09052840251446119,0.13607773147492083,0.10604597558583118
44,44.0,44.70602560622662,0.10045924108028156,0.08663806725256802,0.06876461952576249,0.09548078192401707,0.08521185712020911,0.13431849502836815,0.09818143835949474,0.09038759813323975,0.1357464442233563,0.10481145735270264
45,45.0,45.73217116373481,0.09996463585438438,0.08659865193255124,0.06886505495932482,0.09545723105203095,0.08719151768600934,0.1337800854542212,0.09852322508486233,0.08904940310374808,0.13532163877703107,0.10524855609583636
46,46.0,46.748380453854836,0.10029990945604676,0.08690767493558722,0.06851915460429417,0.095460593735828,0.08685759540087015,0.13237063967976676,0.09836798365265997,0.08931375603564878,0.13630157841267432,0.10560111408662362
47,47.0,47.755485010424316,0.09919846431579259,0.0872688315922921,0.06926470136518137,0.09636928979544519,0.08603380553769764,0.13237857393509023,0.09787534029609354,0.08963349677943565,0.13660635664555373,0.10537113973741774
48,48.0,48.7543242612326,0.09938253790868096,0.08740581442925204,0.06806515241223672,0.09700886105400008,0.08542574707674357,0.13257262464397035,0.09869923995975541,0.09119446837664502,0.13589669035354102,0.1043488637851746
49,49.0,49.745736344347726,0.09928299857755703,0.08777938587016458,0.06898203276185952,0.09744125047184486,0.08606860633854013,0.1312329947015326,0.0981002725746477,0.09082540268420511,0.1361234513785998,0.10416360464104842
50,50.0,50.730549855707864,0.09861471473012873,0.08854729692713514,0.06859906705231403,0.0966994675289034,0.0851103231070547,0.13213936623305508,0.09863962223866389,0.09097107667973071,0.13618507172858346,0.1044939937744306
51,51.0,51.70957651737491,0.098064363312757,0.08841093290445923,0.06750737477117774,0.09748026288204353,0.08489757960742536,0.131586193151071,0.09847211356865038,0.09097006789842901,0.13667984972972036,0.10593126217426611
52,52.0,52.68360474770151,0.09773206142379895,0.08783465516682902,0.06670331393212442,0.09691049176078889,0.08470106930520582,0.13253639183980256,0.09822236444625994,0.09195126325818932,0.13794945750881915,0.10545893135818164
53,53.0,53.65339410751842,0.09762070393561931,0.08743020079501873,0.06605505769722173,0.0964566266563787,0.08459829499727277,0.13307741507203213,0.09805166180500888,0.09241089301031175,0.1393295214925296,0.10496962453860609
54,54.0,54.61967059027847,0.09681246215205637,0.08694848376426023,0.06555082176293044,0.09704206367339868,0.08397544959151938,0.13287274467501828,0.09900884263783047,0.09277278847962753,0.13926447392529856,0.10575186933805981
55,55.0,55.58312271885972,0.09641187094962858,0.0866865127057444,0.06474302555636131,0.09747622602150649,0.08534497113640598,0.1327319259822938,0.09985980919695238,0.09153263705963688,0.14003319129848532,0.10517983009298462
56,56.0,56.544398407394254,0.09605532688317026,0.08645543027734731,0.06506194237436232,0.09780873339776948,0.08509590766387946,0.13318780589423454,0.10111504721260187,0.0911723937962945,0.14008286764005864,0.10396454486028141
57,57.0,57.504102543001395,0.09573767446524085,0.08605578704793669,0.06455157082363149,0.09854332123197913,0.08465649676212282,0.13463196261576246,0.10226290705509644,0.09138976721455414,0.13875393149829632,0.10341658128537945
58,58.0,58.462795239617805,0.09541086634677776,0.0860366429066727,0.06476542263589088,0.09823321901754185,0.08371333815483263,0.13594916098025833,0.1044365373136687,0.09076714652642334,0.13816581509280404,0.10252185102512956
59,59.0,59.42099071417639,0.09416715328538931,0.08693211696677813,0.06482395567503357,0.09845579002543806,0.08537927262351197,0.1360669436482888,0.10352617647107144,0.0908834960166655,0.13737889330809058,0.10238620197973247
60,60.0,60.379156734137354,0.09462012885383896,0.08801728305874773,0.0649663803214846,0.09800534584579551,0.08561694468155318,0.13559810425323626,0.1017365682546662,0.09208013594212398,0.1373096613426808,0.10204944744587263
61,61.0,61.337714584760846,0.09478595795936137,0.08836424138187352,0.0647607136670411,0.09718068255383576,0.08406885694242931,0.13474197294117624,0.10202897582852602,0.09252009416476853,0.1393631077728136,0.1021853967881744
62,62.0,62.29703950447439,0.09442955305652005,0.08893867014275901,0.06544165320483476,0.09685476741254653,0.08455416508682223,0.13491353316327787,0.1019297399739611,0.09216519207802827,0.13906554145115266,0.10170718443009734
63,63.0,63.257461537171835,0.09495547610396436,0.0896006587813241,0.06564470960627256,0.09559892727497982,0.08446238907262804,0.1356332808105056,0.10148482097871434,0.09117022646504896,0.1386465525184326,0.10280295838812943
64,64.0,64.21926675122782,0.09363726476961565,0.08955263369705134,0.06570504361012433,0.09657900484797888,0.08465078234337146,0.13641177205905194,0.10139355586992047,0.09154992734249795,0.13827494340477817,0.1022450720556096
65,65.0,65.18269877636592,0.09397862806663232,0.08738593530473755,0.06617941305387962,0.09584857136867847,0.0831288540358057,0.13862873455779304,0.10206473990442212,0.09253822070017775,0.13782508134667215,0.10242182166120108
66,66.0,66.14796061122655,0.09353385190813385,0.08832602800473462,0.06517921965859161,0.09643988619625446,0.08269591576702363,0.13857535626324738,0.10249749276650445,0.09142467997204912,0.1382837840938545,0.10304378536960615
67,67.0,67.11521665648885,0.09303119849578942,0.08995596239321273,0.06595828057423356,0.0955882797339774,0.0826595367470562,0.1385538937174941,0.10249094763958991,0.09161745221171276,0.13762382510863536,0.10252062337829829
68,68.0,68.08459493066005,0.09391251607941195,0.0899942505767684,0.0664288185338648,0.09368924150045195,0.08309851388056513,0.1381318938745648,0.1034511453659615,0.09108145900756522,0.13726816429313726,0.10294399688770875
69,69.0,69.05618942810752,0.09417809923240783,0.08994451682394161,0.06628205871549132,0.09393725799928244,0.08302725936591618,0.13838359636467146,0.10279137063785183,0.09139178516087793,0.13777348619365024,0.10229056950590891
70,70.0,70.03006258152917,0.09485350916827964,0.08959228069067549,0.0667033127654892,0.09331438430539689,0.08225317954852066,0.13912198071016968,0.10359399805849935,0.09036914491213324,0.13666956865289584,0.10352864118793975
71,71.0,71.00624779379335,0.09502558510781012,0.0887469242006526,0.06584905232687227,0.09336117742905149,0.08208940989954734,0.1375842984324027,0.10358063917375578,0.09128757939274769,0.1384242638273058,0.10405107020985398
72,72.0,71.98475200689319,0.09477080716202037,0.08817033009754804,0.06551107221957786,0.09335061914511236,0.08185999534704967,0.1381609537773246,0.10410035423183323,0.0906972445540508,0.13840927352419732,0.10496934994128551
73,73.0,72.96555827861411,0.09472415793521928,0.08996986469989365,0.0651762913578853,0.0917934384240295,0.08142999753764867,0.1381518760789318,0.10420258551614994,0.09020467418645003,0.1385304907144824,0.10581662354930922
74,74.0,73.94862834037681,0.09493113395333014,0.09154531917291583,0.06303144723622817,0.09061589490109265,0.0808737008624233,0.1382960955785647,0.10417662159670535,0.09146640399299569,0.13870190861520168,0.10636147409054232
75,75.0,74.93390511255946,0.09675972316099109,0.09165604748159635,0.062199265349785496,0.09021485840910456,0.08065120582550962,0.1380344702089021,0.10361236395393024,0.09152830069031494,0.1384621101024773,0.10688165481738811
76,76.0,75.92131515639825,0.09739233456688774,0.09303643113541252,0.06139919599925615,0.09039330802802642,0.0806884182583064,0.13676076355950773,0.10283745318281266,0.0918645938124889,0.13880666471263708,0.10682083674466417
77,77.0,76.91077104428919,0.09742825760149422,0.09282669325666595,0.06331081213331362,0.0897284945360865,0.07973064409332986,0.13820194706174674,0.10186751898330705,0.09147863050357603,0.1396357508985973,0.10579125093188246
78,78.0,77.90217363294813,0.09852598233891374,0.0916533143259275,0.06421983846497832,0.09057302934897254,0.07952243604013397,0.13845420761768823,0.09971129266093168,0.09184038990516676,0.14001048566417096,0.10548902363311606
79,79.0,78.89541422641172,0.09812105041172382,0.09078936055418554,0.06383687499868135,0.0901200498148392,0.07973743861360448,0.13942086410350216,0.10002858498390711,0.09170441113185829,0.14155207963553643,0.10468928575216138
80,80.0,79.89037661826481,0.09710169593138536,0.090898700838378,0.06484152801796365,0.09211975935131611,0.07939871472033605,0.13823952158154762,0.09911589258722175,0.0920245743702966,0.1414225830308847,0.10483702957066995
81,81.0,80.88693900474995,0.09877701254428164,0.08996424251938925,0.06336360844215969,0.09185795424161947,0.07916064016053292,0.1396147060942787,0.09883008124551869,0.09286108529410825,0.14233992566534995,0.10323074379276125
82,82.0,81.88497576253909,0.09996505202308621,0.08935242370454871,0.06205273842621046,0.09176574591252641,0.07979441492460299,0.1406617868263474,0.09962415296731755,0.0915605432727297,0.1424698084761234,0.10275333346650699
83,83.0,82.88435908692391,0.10077926028346573,0.08703670536261268,0.06261455460349628,0.09322376915085599,0.07970420310935075,0.14145225235435832,0.10020953631578741,0.09183631367114602,0.14286803106781581,0.10027537408111081
84,84.0,83.88496048800103,0.10094625187816789,0.08716304993622127,0.0630700442991236,0.09341021826032872,0.07994429128429474,0.14119999742328299,0.09904282607709188,0.09167716433742606,0.1427618388832195,0.1007843176208432
85,85.0,84.88665214409042,0.10178398241205278,0.08868566187820073,0.06324686436122592,0.09328477701485977,0.07922046566378049,0.14242774029407923,0.09795910633166093,0.09003085346346733,0.14258609829976818,0.10077445028090452
86,86.0,85.88930811312994,0.10270619624569938,0.08896109149118102,0.06272374999368793,0.09435569038161584,0.08014349451513728,0.1416182029753683,0.09608354128235398,0.08969306411182917,0.14389439525288547,0.0998205737502415
87,87.0,86.89280540413424,0.10272943871687525,0.08966171002751716,0.06335360255523037,0.09469118352112717,0.07922494919683655,0.14116159002994408,0.09554853428922663,0.08986690552356927,0.14427946101253067,0.09948262512714279
88,88.0,87.89702491199675,0.10286877903804797,0.09014646088147021,0.06343204754095762,0.09468818753836945,0.08000510326667247,0.13969073692894102,0.09596411567634149,0.09057133470443957,0.14369129454502813,0.09894193987973203
89,89.0,88.90185221995306,0.10285852540133907,0.09069273193949624,0.063435010570258,0.09443182344811467,0.08160165862694294,0.13787070215141567,0.09676757078701613,0.08939851783722678,0.14292673699312577,0.10001672224506471
90,90.0,89.90717827491419,0.10430872951117637,0.09099655156603237,0.06284881841996752,0.09530307397009899,0.08092921048979171,0.13779617344723044,0.09644086531943871,0.08932115350606445,0.14185619948408787,0.10019922428611149
91,91.0,90.91289994163006,0.10461777230442422,0.08993680659230828,0.06388447836288254,0.09504844953089692,0.08096923423808396,0.13743204815487836,0.09733210725733059,0.09119271250369765,0.14061042920477415,0.09897596185072328
92,92.0,91.91892044225806,0.10456251789634256,0.08940262940851024,0.06349253726595651,0.09559105085879369,0.08044693961385484,0.13751422409381994,0.09747646359156356,0.09121121994688516,0.14186998108642734,0.09843243623784612
93,93.0,92.92514968840067,0.10541368232662697,0.08974091764806237,0.06332762881627006,0.094930018414402,0.08066111741703878,0.1358670707949325,0.09843917760570703,0.0913202311493938,0.1416495086654751,0.09865064716209135
94,94.0,93.93150451304501,0.10447481555838302,0.08931066732746112,0.06406965025048747,0.09453138022841906,0.0817061758294705,0.13424445282502773,0.0993356574225811,0.09189780742985144,0.14218391110967216,0.09824548201864636
95,95.0,94.93790881009448,0.10425447205109901,0.08915800479714645,0.06316850379359232,0.09570821228166952,0.0805468359675371,0.13462011666926516,0.0992559227648909,0.09350681801556261,0.1420538856325918,0.09772722802664512
96,96.0,95.94429358933806,0.10390758239649565,0.0895178386836861,0.0650559017480283,0.0959974972233526,0.0798202723612608,0.13484620089485916,0.09926286211290956,0.09408224841176928,0.14071022618941736,0.09679936997822118
97,97.0,96.9505969547639,0.10302536666480253,0.08992068167871989,0.06631338351988418,0.09602140180434923,0.0800178163173845,0.13319389681183907,0.10040278975648818,0.09375877221428697,0.1393886510053468,0.09795724022689861
98,98.0,97.9567640140995,0.10354297417868517,0.09239470425176553,0.06657858795701566,0.0958975454604467,0.07961552239922351,0.13412168723934537,0.10085232157942121,0.09263637608955291,0.1388500975971614,0.09551018324738252
99,99.0,98.96274672736057,0.10282350146921447,0.09351252037026368,0.06738080314361183,0.09633987346187475,0.07946944425961247,0.13408692566819214,0.10059256874975953,0.0931334561655025,0.1383223651331706,0.09433854157879801
100,100.0,99.96850370202192,0.10253814123617223,0.09399049885357617,0.06779373556663526,0.09629177002701343,0.07954192857113242,0.13449984286897754,0.10165650667780445,0.09203195764754413,0.13807168049495025,0.09358393805619408
101,101.0,100.97399994219691,0.10271431900949013,0.09347743457471855,0.06791917715674586,0.09778459940104337,0.07983590529272218,0.13337919169930948,0.10186895985034274,0.09273556405810056,0.13761266236398315,0.09267218659354397
102,102.0,101.97920655893245,0.1027806514064475,0.0935393905505229,0.06878113382296573,0.09748280578084911,0.07912835087213788,0.13468876652427864,0.10140932345321267,0.09140209481310847,0.13687524862427283,0.0939122341522042
103,103.0,102.98410044840509,0.10257818478416673,0.09282690823278154,0.06853041166574624,0.09780620722418289,0.08001563871029523,0.13334004089463847,0.10145033932717998,0.0910155478025659,0.13666949674027776,0.09576722461816518
104,104.0,103.98866394444643,0.10272335218872708,0.09294228260170746,0.06770558981620209,0.09728913689250251,0.08125805535671017,0.13268825011492938,0.10190612573879124,0.09126925071678377,0.1355871486251906,0.09663080794845555
105,105.0,104.99288445143917,0.10042065766400922,0.09201808501033801,0.06636984040914357,0.09835441194772995,0.08172929469563625,0.1332201543040351,0.10353246108549369,0.09130298400342565,0.13564281138836878,0.09740929949181962
106,106.0,105.99675406321822,0.10046029545265575,0.09166278644735829,0.06538179478659645,0.09880678918034567,0.08262774453618262,0.1331393548322628,0.10354756012388266,0.09072817549096683,0.1346587208273052,0.09898677832244351
107,107.0,107.0002691731872,0.10197441064388166,0.09114789298731175,0.06416050131211337,0.09931313961397575,0.08183849417279097,0.13202235292054212,0.1045851147904551,0.09032246392041286,0.13490052781868056,0.09973510181983561
108,108.0,108.0034300804274,0.10248672231836972,0.09163097691350293,0.06461685736608777,0.09990350256421766,0.08298434130919059,0.13174555525709036,0.10415540619351994,0.08935042700138068,0.1342441873174403,0.09888202375919976
109,109.0,109.00624059613932,0.10265599252191053,0.0907800574827028,0.06456386663796099,0.10115302052917294,0.08277436651547211,0.13174325841063989,0.10310996545512469,0.08897226286651248,0.13344067597550774,0.10080653360499557
110,110.0,110.00870765431864,0.10220286144936147,0.09176208385400082,0.0651012199928054,0.10128223716332214,0.08166654987666856,0.13164956601588684,0.10305141179549511,0.08922948096353045,0.13346577903483062,0.10058880985409832
111,111.0,111.01084093013685,0.10178028341316514,0.09100701661796003,0.06524801490620981,0.10245205134964983,0.0811762842778339,0.1317424415925227,0.1034400104691785,0.08821526442019177,0.13283951812337758,0.10209911482991044
112,112.0,112.01265246907188,0.10199074874130781,0.09092626978891638,0.06542234721561362,0.10252617163728643,0.08251254960115048,0.13219148447424411,0.10316886752798118,0.08785685047568137,0.13102009549073693,0.10238461504708138
113,113.0,113.01415632942268,0.10122195204561436,0.09170810905826117,0.06490852310151721,0.1026823766618214,0.08211043325388222,0.13291892690707985,0.10400047734406362,0.08745670513388587,0.12962438299569415,0.10336811349817986
114,114.0,114.01536824044418,0.10021369019800677,0.09148569772621949,0.06535917822869367,0.10210954319678062,0.08148059342620236,0.13296371718506822,0.10390704608471904,0.0872614417329513,0.13113636473550974,0.10408272748584847
115,115.0,115.01630527795908,0.10025203755374797,0.09153035683351333,0.06625179727491379,0.10231653282429622,0.08113469405500567,0.13183609506930566,0.10296892932509595,0.08779239674379641,0.12998619606748268,0.105930964252842
116,116.0,116.0169855589429,0.09930786865115313,0.09049656844879503,0.06595033651264236,0.10234359073919974,0.08224639172595373,0.13122531529873385,0.10304539124920922,0.08909895941850034,0.12957739901011617,0.1067081789456961
117,117.0,117.01742795623892,0.09981759591160157,0.09025012973502608,0.0658213737669087,0.10266840341973699,0.08173614295889052,0.13068742158318303,0.10328967572107985,0.08918922083096543,0.1289727199936089,0.10756731607899862
118,118.0,118.01765183424293,0.09961492570646228,0.09041780690229778,0.06512344810732427,0.1039137448158079,0.08078891947592223,0.12971109943314385,0.10355345353726057,0.08956715025126669,0.1286000960479348,0.10870935572257938
119,119.0,119.01767680610413,0.0997936240230539,0.09065285008585702,0.06553158905334237,0.10261661212849811,0.08264128478919058,0.12955750301145383,0.10258322171294938,0.08963910146878916,0.12834946782239606,0.10863474590446927
120,120.0,120.01752251271817,0.09984205834789416,0.09058808908579791,0.06539875106994308,0.1027386691971082,0.08275938059250847,0.1286754377374736,0.10272564103927664,0.08944386950573008,0.12793669224303347,0.1098914111812341
121,121.0,121.01720842354362,0.09924436372459788,0.0912299282876311,0.06637236339192504,0.10145306192270596,0.08286385913936288,0.12853072841164997,0.10225679578497027,0.08854162197197546,0.12932595185673368,0.11018132550844748
122,122.0,122.01675365905109,0.0992605232221645,0.08986303604212373,0.06697401121490593,0.10091607946605183,0.08313534291711502,0.12927232508888978,0.10258189541796868,0.08748747591822188,0.12923832451738684,0.11127098619517155
123,123.0,123.0161768344173,0.09757142162964705,0.08876200243167108,0.06849373901329717,0.10180606968305714,0.08315767992793371,0.1290157219205449,0.10243508004509619,0.08783821489221123,0.12944051003291607,0.11147956042362521
124,124.0,124.01549592390272,0.0979600666722814,0.09047761262678866,0.06862377667435836,0.10072442079428476,0.08336248857678137,0.12857080007515836,0.10206231466586603,0.0882166799695258,0.12916873390928038,0.1108331060356746
125,125.0,125.01472814520056,0.09784053083879837,0.09126449308839467,0.06853296221015209,0.09993062069720769,0.08238836800133283,0.12846354987834227,0.10138376668062074,0.08845480490018895,0.1306738047086809,0.11106709899628124
126,126.0,126.01388986291661,0.09824113999942018,0.09214862599183599,0.07007207071250085,0.09920205861406756,0.08150503345471072,0.1290404999332732,0.10082191740899751,0.08790254440502762,0.1302380607740226,0.11082804870614356
127,127.0,127.0129965102319,0.09692272005702578,0.09328567718509112,0.0693567344237544,0.09977764686919907,0.08076105338281014,0.12949091046707215,0.10018700001888771,0.08887626026039726,0.13160452033470801,0.10973747700105417
128,128.0,128.01206252771334,0.09666719350184116,0.0940350005509356,0.07041809072993072,0.10060334399615423,0.08064062117894705,0.12856179822333821,0.10053242410712841,0.08836858158450896,0.1307938037312112,0.10937914239600427
129,129.0,129.0111013181695,0.09727757132005986,0.09526525649958736,0.07019843043181904,0.09935657524911126,0.07993771702358969,0.12762731835851726,0.10124899920614056,0.08886945101230087,0.13124174477899528,0.10897693611987863
130,130.0,130.01012521639834,0.0972261104707253,0.09418248789397837,0.06983454781792128,0.09949687259263772,0.08018676366742208,0.12763862822590047,0.10234481964613794,0.08849037934054915,0.13179512707846316,0.10880426326626436
131,131.0,131.0091454726403,0.0979787399235712,0.09553138859478516,0.06932653747321642,0.09845005121253966,0.07936438181943463,0.12670492303305342,0.10291666482749816,0.0898580519802746,0.1319552086764458,0.10791405245918079
132,132.0,132.0081722485317,0.09713365754623896,0.09643817072164779,0.06935492860712854,0.09819588240277456,0.07840214040810459,0.12605611479795129,0.10328162530410959,0.0906144452331824,0.13263643785694426,0.10788659712191788
133,133.0,133.00721462434865,0.09680529525113978,0.09653968675520747,0.06913961820069678,0.09694688785895537,0.07863570073054443,0.12760089319008,0.10120049142786942,0.09125446314094558,0.13400752457383963,0.10786943887072137
134,134.0,134.0062806163404,0.09692788524576591,0.09769546361204288,0.06801701056124242,0.09740316390488508,0.07830367320887735,0.12678249038801245,0.10333369245777907,0.0911254374734274,0.13395343329063172,0.10645774985733553
135,135.0,135.00537720296956,0.09741692510121687,0.09712113670128535,0.06724716336621467,0.09814540798648508,0.07645914661482249,0.1286649031096393,0.10418074110481715,0.08905281638865167,0.13406839009612598,0.10764336953074125
136,136.0,136.00451035890612,0.09746437147695464,0.09663799428510081,0.06729923423041506,0.0980927905589718,0.07706693968563577,0.12779916465530655,0.10355990694937568,0.08881618635002674,0.13441882546957043,0.10884458633864234
137,137.0,137.00368509565993,0.09680967175947344,0.0959118626496262,0.0674594123651497,0.09832502593523014,0.07745597173942644,0.12801620479799747,0.10440520959495514,0.08812796961978982,0.13517884001663374,0.10830983152171772
138,138.0,138.0029055077818,0.09796662418209366,0.09441688978254782,0.06702182804434488,0.09867606034031852,0.07645410108812023,0.1281301988671671,0.10423073897881362,0.08920801491296271,0.13578007261330416,0.1081154711903271
139,139.0,139.00217482361367,0.09875572822331699,0.09389747258161923,0.06735307476110607,0.0980680217026249,0.07611412143632591,0.12883975314461676,0.10362465351506767,0.08915191936585212,0.1367852876540389,0.10740996761543123
140,140.0,140.0014954596262,0.09969218560073714,0.09447445116928344,0.06643586362902401,0.09784969458310604,0.07557619132860399,0.12962134430048197,0.10320883724965185,0.08833674798963154,0.13724650593693627,0.10755817821254357
141,141.0,141.00086907744122,0.10114885340106247,0.09407471225165681,0.06495159635640052,0.09836154150757923,0.07531426290366568,0.13078845181504523,0.10349726617206459,0.08776512610970374,0.13739916258782192,0.10669902689499963
142,142.0,142.0002966427003,0.09967856526571098,0.09513579075782261,0.06506470443023943,0.09746838546212694,0.07600702274223205,0.13161532867903078,0.10443950038691009,0.08651189769221324,0.13918049427973778,0.10489831030397599
143,143.0,142.99977848500652,0.09928118094000099,0.09532162070566857,0.06467248004656151,0.09626406590510075,0.07808216369679456,0.13155299749825483,0.10379927201978789,0.08669360121559982,0.1402483102804281,0.10408430769180284
144,144.0,143.99931435823203,0.09871565374911724,0.09397562743536081,0.06406580784522506,0.09630108520851664,0.07753934738240187,0.13221901546318376,0.10377895739950456,0.08691118363580455,0.1420064835987935,0.10448683828209193
145,145.0,144.99890350055264,0.09813701165193303,0.09440160522125766,0.06416936036432373,0.09552811469771766,0.07854707609361129,0.1327816676868389,0.10349931484188635,0.0872347841016593,0.14204064212692205,0.1036604232138499
146,146.0,145.9985446936357,0.09783263396916657,0.09389786530211747,0.06336141037885619,0.09681582854875871,0.07893676952662754,0.1328367614183806,0.10349466577621949,0.08695034452402167,0.14223408654980713,0.10363963400604453
147,147.0,146.99823632047406,0.09700704350654747,0.0942064226264295,0.06439788394394161,0.09643890065819333,0.07809996677931604,0.13304986284300252,0.10403698383986522,0.08681961702446772,0.14115354548671186,0.10478977329152464
148,148.0,147.99797642142389,0.09814962886912652,0.09393877281983848,0.0647738801310697,0.09701517001606617,0.07785785767399113,0.1339132970025003,0.10394455064839726,0.08605256252485173,0.14012716433209746,0.10422711598206116
149,149.0,148.99776274806447,0.09724641437900809,0.09376816195082872,0.06639480417648715,0.09775370224993969,0.07856874608289839,0.13397337505611637,0.10406528637753894,0.08499062116793477,0.1390803814579221,0.10415850710132568
150,150.0,149.99759281456036,0.09634116475588342,0.09479931611941789,0.06799051572415796,0.09608313344147167,0.07979844369256596,0.13445092033058945,0.10287118797001903,0.08551465482262002,0.13817092906373407,0.10397973407954042
151,151.0,150.99746394626104,0.095830669320154,0.09501456731080915,0.06844736835530581,0.09661312214830715,0.08006242434443137,0.1346463771120358,0.10102181514702505,0.08614807545843936,0.1375481060475333,0.1046674747559589
152,152.0,151.99737332532905,0.09632045472207722,0.0937083099617897,0.06924308841208236,0.09736761262506426,0.08032435259548845,0.1349858778667486,0.0992944579622716,0.0869509831507534,0.13676083377689374,0.10504402892683054
153,153.0,152.99731803323698,0.09540489868095955,0.09276528394611391,0.0700259774642424,0.09850198907633774,0.0809647259432095,0.13563697157701113,0.0999573184650084,0.08600390274893605,0.13673803403007376,0.1040008980681074
154,154.0,153.99729509002177,0.09504068771912016,0.09106564333207626,0.07075373544425143,0.09856342794343713,0.08118257678168418,0.1363018811432757,0.0991046597122755,0.08713731057503499,0.13708038964303795,0.1037696877058065
155,155.0,154.99730149022784,0.09519038524980648,0.09071344478288414,0.07216396827409906,0.0970053211811119,0.08184519081833573,0.13716098039770724,0.09941177051443298,0.08520883305492298,0.13715096950242245,0.10414913622427685
156,156.0,155.99733423551103,0.09344906599541593,0.09043299139992377,0.07226437621579523,0.09746909400359341,0.08214932867388187,0.13852099820614378,0.09935641559164156,0.08558257285988367,0.136572242004005,0.1042029150497156
157,157.0,156.99739036391077,0.09476862265296768,0.08894792759565513,0.07309862704212207,0.09703761660649002,0.0809593466946972,0.1386228559941683,0.09956535917146941,0.08539336607917807,0.1367396709884817,0.10486660717477031
158,158.0,157.99746697583146,0.094367478862607,0.08725058399119964,0.07268867086437349,0.09722399440558842,0.08132221432033392,0.13728284487865938,0.09989503254450312,0.08739507747563761,0.13638457667798493,0.10618952597911231
159,159.0,158.99756125680176,0.09503881929986757,0.08762713137090368,0.07284042941052125,0.09697042722096735,0.081772531547789,0.13550456312348597,0.09938210417572987,0.08829287127590166,0.13608901594421186,0.10648210663062159
160,160.0,159.997670497107,0.09459679861411077,0.0883687730826459,0.07233707168374637,0.09725915014632944,0.0823081889897758,0.1355453224413533,0.09993710656840718,0.08805048919803315,0.13610951371692148,0.10548758555867638
161,161.0,160.99779210841066,0.09240915732928007,0.08695278132615429,0.07304967344037464,0.09715636189114092,0.08229104619814737,0.13584916282689605,0.09956008855916178,0.08969557502533669,0.13625912420258565,0.10677702920092233
162,162.0,161.99792363749984,0.09293019135114683,0.08765857826821248,0.0729489612717521,0.09767073354791912,0.08138933714736366,0.13487052204998926,0.09834557912101109,0.08959021746505372,0.13687327690794893,0.10772260286960256
163,163.0,162.9980627773051,0.09230018743421407,0.08824715921850299,0.07353839778273716,0.09763436777315344,0.08121835170183447,0.13627101227491015,0.09798499809102101,0.08930668429473662,0.13613418195768476,0.10736465947120508
164,164.0,163.9982073753568,0.09278915583766204,0.08842880978599785,0.07283040148487178,0.09686315174993589,0.08127228107623728,0.1365775281484086,0.0982351454527795,0.08932526639347024,0.13594919394144492,0.10772906612919163
165,165.0,164.99835543984977,0.09311396499715906,0.08949538503326415,0.07231785161955677,0.09533780798959324,0.08141595420158694,0.13728281319302205,0.09839652670282964,0.08927368956234075,0.13729330610039042,0.10607270060025674
166,166.0,165.99850514349492,0.09411423567717625,0.08953838234468617,0.07144979478717173,0.09523778835992097,0.07913898009831799,0.1377341835346416,0.09849331973106051,0.08930531712445457,0.13771866947480035,0.10726932886776966
167,167.0,166.99865482534062,0.09404851241448166,0.08880129530846016,0.07071955544183747,0.0953157518637861,0.07879959779317848,0.13728433186328776,0.09931205389822981,0.09001480039728577,0.1383069708934698,0.10739713012598279
168,168.0,167.99880299074837,0.0952253298850397,0.08884106315187765,0.07004789791526209,0.09485151285261141,0.07775947922435236,0.13623237064462504,0.09924735496260423,0.09081074584615138,0.13868706203894998,0.108297183478526
169,169.0,168.99894830970783,0.09539196155803356,0.08864564379210624,0.07007900548410001,0.09582002835306731,0.07718246160919977,0.1349657766052625,0.09825645586391299,0.09222478316809717,0.13848438662885526,0.1089494969373651
170,170.0,169.99908961367427,0.09578989736746381,0.08954386149562682,0.06859583597906205,0.09588017595170412,0.07795026526842794,0.13428152307672037,0.09808306020857364,0.09154286474739193,0.14017612961100573,0.1081563862940235
171,171.0,170.99922589110733,0.0965801773759804,0.09073148245059914,0.06705193936037052,0.095813758576991,0.07842002505180909,0.1339271200001755,0.09917567133635757,0.0915392670083541,0.13935865579648668,0.10740190304287585
172,172.0,171.99935628188598,0.09601037399460222,0.09099502554349172,0.06748798062044035,0.09522410255200868,0.07899756152770743,0.13392129649444534,0.10016304239557482,0.09179353413870668,0.138977429493142,0.10642965323988061
173,173.0,172.99948007076793,0.09504577861456881,0.09037975889981796,0.06707124407310983,0.09578271061213958,0.07913351898531273,0.13499941680904176,0.10053051902973285,0.09201144843797184,0.13851434778709232,0.10653125675121218
174,174.0,173.99959668005403,0.09492373498010193,0.09022545235136904,0.06624355327363293,0.09614693056057176,0.0784049516413375,0.13542072679287834,0.09999632933637582,0.09138721337546962,0.13980097892756443,0.10745012876069851
175,175.0,174.99970566161096,0.09528648292714917,0.09127720075842183,0.06734680267548429,0.09563964917028019,0.07764540358524157,0.13445758434139987,0.09813403105572986,0.09209652998703037,0.1404059394830323,0.10771037601623043
