,Unnamed: 0,Total_iterations,Intertwine_two,Invert_path_vertices,Insert_inside_vertex,Delete_inside_vertex,Replace_inside_vertex,Donate_between_routes,Trim_one_terminal_cb,Grow_one_terminal_cb
0,0.0,0.0,0.125,0.125,0.125,0.125,0.125,0.125,0.125,0.125
1,1.0,1.0,0.125,0.125,0.125,0.125,0.125,0.125,0.125,0.125
2,2.0,2.0,0.125,0.125,0.125,0.125,0.125,0.125,0.125,0.125
3,3.0,3.0,0.125,0.125,0.125,0.125,0.125,0.125,0.125,0.125
4,4.0,4.0,0.125,0.125,0.125,0.125,0.125,0.125,0.125,0.125
5,5.0,5.0,0.125,0.125,0.125,0.125,0.125,0.125,0.125,0.125
6,6.0,6.0,0.125,0.125,0.125,0.125,0.125,0.125,0.125,0.125
7,7.0,7.0,0.125,0.125,0.125,0.125,0.125,0.125,0.125,0.125
8,8.0,8.0,0.125,0.125,0.125,0.125,0.125,0.125,0.125,0.125
9,9.0,9.0,0.125,0.125,0.125,0.125,0.125,0.125,0.125,0.125
10,10.0,10.0,0.125,0.125,0.125,0.125,0.125,0.125,0.125,0.125
11,11.0,11.0,0.125,0.125,0.125,0.125,0.125,0.125,0.125,0.125
12,12.0,12.0,0.125,0.125,0.125,0.125,0.125,0.125,0.125,0.125
13,13.0,13.0,0.125,0.125,0.125,0.125,0.125,0.125,0.125,0.125
14,14.0,14.0,0.125,0.125,0.125,0.125,0.125,0.125,0.125,0.125
15,15.0,15.0,0.125,0.125,0.125,0.125,0.125,0.125,0.125,0.125
16,16.0,16.0,0.125,0.125,0.125,0.125,0.125,0.125,0.125,0.125
17,17.0,17.0,0.125,0.125,0.125,0.125,0.125,0.125,0.125,0.125
18,18.0,18.0,0.125,0.125,0.125,0.125,0.125,0.125,0.125,0.125
19,19.0,19.0,0.125,0.125,0.125,0.125,0.125,0.125,0.125,0.125
20,20.0,20.0,0.125,0.125,0.125,0.125,0.125,0.125,0.125,0.125
21,21.0,21.0,0.125,0.125,0.125,0.125,0.125,0.125,0.125,0.125
22,22.0,22.0,0.125,0.125,0.125,0.125,0.125,0.125,0.125,0.125
23,23.0,23.0,0.125,0.125,0.125,0.125,0.125,0.125,0.125,0.125
24,24.0,24.0,0.125,0.125,0.125,0.125,0.125,0.125,0.125,0.125
25,25.0,25.0,0.125,0.125,0.125,0.125,0.125,0.125,0.125,0.125
26,26.0,26.0,0.125,0.125,0.125,0.125,0.125,0.125,0.125,0.125
27,27.0,27.0,0.125,0.125,0.125,0.125,0.125,0.125,0.125,0.125
28,28.0,28.0,0.125,0.125,0.125,0.125,0.125,0.125,0.125,0.125
29,29.0,29.0,0.125,0.125,0.125,0.125,0.125,0.125,0.125,0.125
30,30.0,30.0,0.125,0.125,0.125,0.125,0.125,0.125,0.125,0.125
31,31.0,31.0,0.125,0.125,0.125,0.125,0.125,0.125,0.125,0.125
32,32.0,32.0,0.125,0.125,0.125,0.125,0.125,0.125,0.125,0.125
33,33.0,33.0,0.125,0.125,0.125,0.125,0.125,0.125,0.125,0.125
34,34.0,34.0,0.125,0.125,0.125,0.125,0.125,0.125,0.125,0.125
35,35.0,35.0,0.125,0.125,0.125,0.125,0.125,0.125,0.125,0.125
36,36.0,36.0,0.125,0.125,0.125,0.125,0.125,0.125,0.125,0.125
37,37.0,37.0,0.125,0.125,0.125,0.125,0.125,0.125,0.125,0.125
38,38.0,38.0,0.125,0.125,0.125,0.125,0.125,0.125,0.125,0.125
39,39.0,39.0,0.125,0.125,0.125,0.125,0.125,0.125,0.125,0.125
40,40.0,40.0,0.125,0.125,0.125,0.125,0.125,0.125,0.125,0.125
41,41.0,41.0,0.125,0.125,0.125,0.125,0.125,0.125,0.125,0.125
42,42.0,42.0,0.125,0.125,0.125,0.125,0.125,0.125,0.125,0.125
43,43.0,43.0,0.125,0.125,0.125,0.125,0.125,0.125,0.125,0.125
44,44.0,44.0,0.125,0.125,0.125,0.125,0.125,0.125,0.125,0.125
45,45.0,45.0,0.125,0.125,0.125,0.125,0.125,0.125,0.125,0.125
46,46.0,46.1,0.125,0.125,0.125,0.125,0.125,0.125,0.125,0.125
47,47.0,47.1,0.125,0.125,0.125,0.125,0.125,0.125,0.125,0.125
48,48.0,48.1,0.125,0.125,0.125,0.125,0.125,0.125,0.125,0.125
49,49.0,49.1,0.125,0.125,0.125,0.125,0.125,0.125,0.125,0.125
50,50.0,50.1,0.125,0.125,0.125,0.125,0.125,0.125,0.125,0.125
51,51.0,51.2,0.125,0.125,0.125,0.125,0.125,0.125,0.125,0.125
52,52.0,52.3,0.125,0.125,0.125,0.125,0.125,0.125,0.125,0.125
53,53.0,53.4,0.125,0.125,0.125,0.125,0.125,0.125,0.125,0.125
54,54.0,54.4,0.125,0.125,0.125,0.125,0.125,0.125,0.125,0.125
55,55.0,55.5,0.125,0.125,0.125,0.125,0.125,0.125,0.125,0.125
56,56.0,56.5,0.125,0.125,0.125,0.125,0.125,0.125,0.125,0.125
57,57.0,57.5,0.125,0.125,0.125,0.125,0.125,0.125,0.125,0.125
58,58.0,58.5,0.125,0.125,0.125,0.125,0.125,0.125,0.125,0.125
59,59.0,59.5,0.125,0.125,0.125,0.125,0.125,0.125,0.125,0.125
60,60.0,60.5,0.125,0.125,0.125,0.125,0.125,0.125,0.125,0.125
61,61.0,61.7,0.125,0.125,0.125,0.125,0.125,0.125,0.125,0.125
62,62.0,62.7,0.125,0.125,0.125,0.125,0.125,0.125,0.125,0.125
63,63.0,63.7,0.125,0.125,0.125,0.125,0.125,0.125,0.125,0.125
64,64.0,64.7,0.125,0.125,0.125,0.125,0.125,0.125,0.125,0.125
65,65.0,65.7,0.125,0.125,0.125,0.125,0.125,0.125,0.125,0.125
66,66.0,66.7,0.125,0.125,0.125,0.125,0.125,0.125,0.125,0.125
67,67.0,67.9,0.125,0.125,0.125,0.125,0.125,0.125,0.125,0.125
68,68.0,68.9,0.125,0.125,0.125,0.125,0.125,0.125,0.125,0.125
69,69.0,69.9,0.125,0.125,0.125,0.125,0.125,0.125,0.125,0.125
70,70.0,70.9,0.125,0.125,0.125,0.125,0.125,0.125,0.125,0.125
71,71.0,72.0,0.125,0.125,0.125,0.125,0.125,0.125,0.125,0.125
72,72.0,73.0,0.125,0.125,0.125,0.125,0.125,0.125,0.125,0.125
73,73.0,74.0,0.125,0.125,0.125,0.125,0.125,0.125,0.125,0.125
74,74.0,75.0,0.125,0.125,0.125,0.125,0.125,0.125,0.125,0.125
75,75.0,76.0,0.125,0.125,0.125,0.125,0.125,0.125,0.125,0.125
76,76.0,77.0,0.125,0.125,0.125,0.125,0.125,0.125,0.125,0.125
77,77.0,78.0,0.125,0.125,0.125,0.125,0.125,0.125,0.125,0.125
78,78.0,79.0,0.125,0.125,0.125,0.125,0.125,0.125,0.125,0.125
79,79.0,80.0,0.125,0.125,0.125,0.125,0.125,0.125,0.125,0.125
80,80.0,81.0,0.125,0.125,0.125,0.125,0.125,0.125,0.125,0.125
81,81.0,82.0,0.125,0.125,0.125,0.125,0.125,0.125,0.125,0.125
82,82.0,83.0,0.125,0.125,0.125,0.125,0.125,0.125,0.125,0.125
83,83.0,84.0,0.125,0.125,0.125,0.125,0.125,0.125,0.125,0.125
84,84.0,85.0,0.125,0.125,0.125,0.125,0.125,0.125,0.125,0.125
85,85.0,86.0,0.125,0.125,0.125,0.125,0.125,0.125,0.125,0.125
86,86.0,87.0,0.125,0.125,0.125,0.125,0.125,0.125,0.125,0.125
87,87.0,88.0,0.125,0.125,0.125,0.125,0.125,0.125,0.125,0.125
88,88.0,89.0,0.125,0.125,0.125,0.125,0.125,0.125,0.125,0.125
89,89.0,90.0,0.125,0.125,0.125,0.125,0.125,0.125,0.125,0.125
90,90.0,91.0,0.125,0.125,0.125,0.125,0.125,0.125,0.125,0.125
91,91.0,92.0,0.125,0.125,0.125,0.125,0.125,0.125,0.125,0.125
92,92.0,93.0,0.125,0.125,0.125,0.125,0.125,0.125,0.125,0.125
93,93.0,94.0,0.125,0.125,0.125,0.125,0.125,0.125,0.125,0.125
94,94.0,95.0,0.125,0.125,0.125,0.125,0.125,0.125,0.125,0.125
95,95.0,96.0,0.125,0.125,0.125,0.125,0.125,0.125,0.125,0.125
96,96.0,97.0,0.125,0.125,0.125,0.125,0.125,0.125,0.125,0.125
97,97.0,98.0,0.125,0.125,0.125,0.125,0.125,0.125,0.125,0.125
98,98.0,99.0,0.125,0.125,0.125,0.125,0.125,0.125,0.125,0.125
99,99.0,100.0,0.125,0.125,0.125,0.125,0.125,0.125,0.125,0.125
100,100.0,101.0,0.125,0.125,0.125,0.125,0.125,0.125,0.125,0.125
101,101.0,102.1,0.125,0.125,0.125,0.125,0.125,0.125,0.125,0.125
102,102.0,103.1,0.125,0.125,0.125,0.125,0.125,0.125,0.125,0.125
103,103.0,104.1,0.125,0.125,0.125,0.125,0.125,0.125,0.125,0.125
104,104.0,105.2,0.125,0.125,0.125,0.125,0.125,0.125,0.125,0.125
105,105.0,106.2,0.125,0.125,0.125,0.125,0.125,0.125,0.125,0.125
106,106.0,107.2,0.125,0.125,0.125,0.125,0.125,0.125,0.125,0.125
107,107.0,108.2,0.125,0.125,0.125,0.125,0.125,0.125,0.125,0.125
108,108.0,109.2,0.125,0.125,0.125,0.125,0.125,0.125,0.125,0.125
109,109.0,110.2,0.125,0.125,0.125,0.125,0.125,0.125,0.125,0.125
110,110.0,111.2,0.125,0.125,0.125,0.125,0.125,0.125,0.125,0.125
111,111.0,112.2,0.125,0.125,0.125,0.125,0.125,0.125,0.125,0.125
112,112.0,113.2,0.125,0.125,0.125,0.125,0.125,0.125,0.125,0.125
113,113.0,114.2,0.125,0.125,0.125,0.125,0.125,0.125,0.125,0.125
114,114.0,115.2,0.125,0.125,0.125,0.125,0.125,0.125,0.125,0.125
115,115.0,116.2,0.125,0.125,0.125,0.125,0.125,0.125,0.125,0.125
116,116.0,117.3,0.125,0.125,0.125,0.125,0.125,0.125,0.125,0.125
117,117.0,118.3,0.125,0.125,0.125,0.125,0.125,0.125,0.125,0.125
118,118.0,119.4,0.125,0.125,0.125,0.125,0.125,0.125,0.125,0.125
119,119.0,120.4,0.125,0.125,0.125,0.125,0.125,0.125,0.125,0.125
120,120.0,121.4,0.125,0.125,0.125,0.125,0.125,0.125,0.125,0.125
121,121.0,122.4,0.125,0.125,0.125,0.125,0.125,0.125,0.125,0.125
122,122.0,123.4,0.125,0.125,0.125,0.125,0.125,0.125,0.125,0.125
123,123.0,124.4,0.125,0.125,0.125,0.125,0.125,0.125,0.125,0.125
124,124.0,125.4,0.125,0.125,0.125,0.125,0.125,0.125,0.125,0.125
125,125.0,126.4,0.125,0.125,0.125,0.125,0.125,0.125,0.125,0.125
126,126.0,127.4,0.125,0.125,0.125,0.125,0.125,0.125,0.125,0.125
127,127.0,128.4,0.125,0.125,0.125,0.125,0.125,0.125,0.125,0.125
128,128.0,129.4,0.125,0.125,0.125,0.125,0.125,0.125,0.125,0.125
129,129.0,130.4,0.125,0.125,0.125,0.125,0.125,0.125,0.125,0.125
130,130.0,131.4,0.125,0.125,0.125,0.125,0.125,0.125,0.125,0.125
131,131.0,132.4,0.125,0.125,0.125,0.125,0.125,0.125,0.125,0.125
132,132.0,133.4,0.125,0.125,0.125,0.125,0.125,0.125,0.125,0.125
133,133.0,134.4,0.125,0.125,0.125,0.125,0.125,0.125,0.125,0.125
134,134.0,135.4,0.125,0.125,0.125,0.125,0.125,0.125,0.125,0.125
135,135.0,136.4,0.125,0.125,0.125,0.125,0.125,0.125,0.125,0.125
136,136.0,137.4,0.125,0.125,0.125,0.125,0.125,0.125,0.125,0.125
137,137.0,138.4,0.125,0.125,0.125,0.125,0.125,0.125,0.125,0.125
138,138.0,139.4,0.125,0.125,0.125,0.125,0.125,0.125,0.125,0.125
139,139.0,140.4,0.125,0.125,0.125,0.125,0.125,0.125,0.125,0.125
140,140.0,141.4,0.125,0.125,0.125,0.125,0.125,0.125,0.125,0.125
141,141.0,142.4,0.125,0.125,0.125,0.125,0.125,0.125,0.125,0.125
142,142.0,143.4,0.125,0.125,0.125,0.125,0.125,0.125,0.125,0.125
143,143.0,144.4,0.125,0.125,0.125,0.125,0.125,0.125,0.125,0.125
144,144.0,145.4,0.125,0.125,0.125,0.125,0.125,0.125,0.125,0.125
145,145.0,146.4,0.125,0.125,0.125,0.125,0.125,0.125,0.125,0.125
146,146.0,147.4,0.125,0.125,0.125,0.125,0.125,0.125,0.125,0.125
147,147.0,148.4,0.125,0.125,0.125,0.125,0.125,0.125,0.125,0.125
148,148.0,149.4,0.125,0.125,0.125,0.125,0.125,0.125,0.125,0.125
149,149.0,150.4,0.125,0.125,0.125,0.125,0.125,0.125,0.125,0.125
150,150.0,151.4,0.125,0.125,0.125,0.125,0.125,0.125,0.125,0.125
151,151.0,152.4,0.125,0.125,0.125,0.125,0.125,0.125,0.125,0.125
152,152.0,153.4,0.125,0.125,0.125,0.125,0.125,0.125,0.125,0.125
153,153.0,154.4,0.125,0.125,0.125,0.125,0.125,0.125,0.125,0.125
154,154.0,155.4,0.125,0.125,0.125,0.125,0.125,0.125,0.125,0.125
155,155.0,156.4,0.125,0.125,0.125,0.125,0.125,0.125,0.125,0.125
156,156.0,157.4,0.125,0.125,0.125,0.125,0.125,0.125,0.125,0.125
157,157.0,158.4,0.125,0.125,0.125,0.125,0.125,0.125,0.125,0.125
158,158.0,159.4,0.125,0.125,0.125,0.125,0.125,0.125,0.125,0.125
159,159.0,160.4,0.125,0.125,0.125,0.125,0.125,0.125,0.125,0.125
160,160.0,161.4,0.125,0.125,0.125,0.125,0.125,0.125,0.125,0.125
161,161.0,162.4,0.125,0.125,0.125,0.125,0.125,0.125,0.125,0.125
162,162.0,163.4,0.125,0.125,0.125,0.125,0.125,0.125,0.125,0.125
163,163.0,164.4,0.125,0.125,0.125,0.125,0.125,0.125,0.125,0.125
164,164.0,165.4,0.125,0.125,0.125,0.125,0.125,0.125,0.125,0.125
165,165.0,166.4,0.125,0.125,0.125,0.125,0.125,0.125,0.125,0.125
166,166.0,167.4,0.125,0.125,0.125,0.125,0.125,0.125,0.125,0.125
167,167.0,168.4,0.125,0.125,0.125,0.125,0.125,0.125,0.125,0.125
168,168.0,169.4,0.125,0.125,0.125,0.125,0.125,0.125,0.125,0.125
169,169.0,170.5,0.125,0.125,0.125,0.125,0.125,0.125,0.125,0.125
170,170.0,171.5,0.125,0.125,0.125,0.125,0.125,0.125,0.125,0.125
171,171.0,172.5,0.125,0.125,0.125,0.125,0.125,0.125,0.125,0.125
172,172.0,173.5,0.125,0.125,0.125,0.125,0.125,0.125,0.125,0.125
173,173.0,174.5,0.125,0.125,0.125,0.125,0.125,0.125,0.125,0.125
174,174.0,175.5,0.125,0.125,0.125,0.125,0.125,0.125,0.125,0.125
175,175.0,176.5,0.125,0.125,0.125,0.125,0.125,0.125,0.125,0.125
176,176.0,177.5,0.125,0.125,0.125,0.125,0.125,0.125,0.125,0.125
177,177.0,178.5,0.125,0.125,0.125,0.125,0.125,0.125,0.125,0.125
178,178.0,179.5,0.125,0.125,0.125,0.125,0.125,0.125,0.125,0.125
179,179.0,180.5,0.125,0.125,0.125,0.125,0.125,0.125,0.125,0.125
180,180.0,181.5,0.125,0.125,0.125,0.125,0.125,0.125,0.125,0.125
181,181.0,182.5,0.125,0.125,0.125,0.125,0.125,0.125,0.125,0.125
182,182.0,183.5,0.125,0.125,0.125,0.125,0.125,0.125,0.125,0.125
183,183.0,184.5,0.125,0.125,0.125,0.125,0.125,0.125,0.125,0.125
184,184.0,185.5,0.125,0.125,0.125,0.125,0.125,0.125,0.125,0.125
185,185.0,186.5,0.125,0.125,0.125,0.125,0.125,0.125,0.125,0.125
186,186.0,187.5,0.125,0.125,0.125,0.125,0.125,0.125,0.125,0.125
187,187.0,188.5,0.125,0.125,0.125,0.125,0.125,0.125,0.125,0.125
188,188.0,189.5,0.125,0.125,0.125,0.125,0.125,0.125,0.125,0.125
189,189.0,190.5,0.125,0.125,0.125,0.125,0.125,0.125,0.125,0.125
190,190.0,191.5,0.125,0.125,0.125,0.125,0.125,0.125,0.125,0.125
191,191.0,192.5,0.125,0.125,0.125,0.125,0.125,0.125,0.125,0.125
192,192.0,193.5,0.125,0.125,0.125,0.125,0.125,0.125,0.125,0.125
193,193.0,194.5,0.125,0.125,0.125,0.125,0.125,0.125,0.125,0.125
194,194.0,195.5,0.125,0.125,0.125,0.125,0.125,0.125,0.125,0.125
195,195.0,196.5,0.125,0.125,0.125,0.125,0.125,0.125,0.125,0.125
196,196.0,197.5,0.125,0.125,0.125,0.125,0.125,0.125,0.125,0.125
197,197.0,198.5,0.125,0.125,0.125,0.125,0.125,0.125,0.125,0.125
198,198.0,199.5,0.125,0.125,0.125,0.125,0.125,0.125,0.125,0.125
199,199.0,200.5,0.125,0.125,0.125,0.125,0.125,0.125,0.125,0.125
200,200.0,201.5,0.125,0.125,0.125,0.125,0.125,0.125,0.125,0.125
201,201.0,202.5,0.125,0.125,0.125,0.125,0.125,0.125,0.125,0.125
202,202.0,203.5,0.12159090909090908,0.12159090909090908,0.12159090909090908,0.12159090909090908,0.12159090909090908,0.12159090909090908,0.13068181818181818,0.13977272727272727
203,203.0,204.5,0.12159090909090908,0.12159090909090908,0.12159090909090908,0.12159090909090908,0.12159090909090908,0.12159090909090908,0.13068181818181818,0.13977272727272727
204,204.0,205.5,0.12159090909090908,0.12159090909090908,0.12159090909090908,0.12159090909090908,0.12159090909090908,0.12159090909090908,0.13068181818181818,0.13977272727272727
205,205.0,206.5,0.12083333333333332,0.12083333333333332,0.12083333333333332,0.12083333333333332,0.12083333333333332,0.12083333333333332,0.1375,0.1375
206,206.0,207.5,0.12019230769230768,0.12788461538461537,0.12019230769230768,0.12019230769230768,0.12019230769230768,0.12019230769230768,0.13557692307692307,0.13557692307692307
207,207.0,208.5,0.12019230769230768,0.12788461538461537,0.12019230769230768,0.12019230769230768,0.12019230769230768,0.12019230769230768,0.13557692307692307,0.13557692307692307
208,208.0,209.5,0.11964285714285713,0.12678571428571428,0.11964285714285713,0.11964285714285713,0.11964285714285713,0.11964285714285713,0.14107142857142857,0.13392857142857142
209,209.0,210.5,0.11964285714285713,0.12678571428571428,0.11964285714285713,0.11964285714285713,0.11964285714285713,0.11964285714285713,0.14107142857142857,0.13392857142857142
210,210.0,211.5,0.11777777777777779,0.12444444444444444,0.11777777777777779,0.11777777777777779,0.12444444444444444,0.11777777777777779,0.1488888888888889,0.13111111111111112
211,211.0,212.5,0.12625,0.12250000000000001,0.11625,0.11625,0.12250000000000001,0.11625,0.15125,0.12875
212,212.0,213.5,0.12625,0.12250000000000001,0.11625,0.11625,0.12250000000000001,0.11625,0.15125,0.12875
213,213.0,214.5,0.12625,0.12250000000000001,0.11625,0.11625,0.12250000000000001,0.11625,0.15125,0.12875
214,214.0,215.5,0.12406417112299466,0.12085561497326203,0.11497326203208555,0.11497326203208555,0.12085561497326203,0.11497326203208555,0.1625668449197861,0.1267379679144385
215,215.0,216.5,0.12234848484848486,0.11881313131313131,0.11881313131313131,0.11325757575757575,0.11881313131313131,0.11325757575757575,0.17032828282828283,0.12436868686868685
216,216.0,217.5,0.12205608718766614,0.11822833599149388,0.11822833599149388,0.11296517809675703,0.11822833599149388,0.11296517809675703,0.16857389686337057,0.12875465178096757
217,217.0,218.5,0.12027777777777778,0.11694444444444445,0.11694444444444445,0.11194444444444444,0.11694444444444445,0.12027777777777778,0.16972222222222225,0.12694444444444444
218,218.0,219.5,0.11875763125763125,0.11582722832722832,0.11582722832722832,0.11106532356532357,0.11582722832722832,0.11875763125763125,0.17382478632478632,0.1301129426129426
219,219.0,220.5,0.11743006993006991,0.11428321678321678,0.11428321678321678,0.10973776223776222,0.11428321678321678,0.11743006993006991,0.1800874125874126,0.13246503496503495
220,220.0,221.5,0.1161335403726708,0.11333850931677018,0.11333850931677018,0.10899068322981367,0.11333850931677018,0.1161335403726708,0.1879968944099379,0.13072981366459627
221,221.0,222.5,0.11409090909090906,0.11159090909090907,0.11159090909090907,0.1074242424242424,0.11159090909090907,0.11409090909090906,0.20136363636363636,0.12825757575757574
222,222.0,223.5,0.11233333333333333,0.11008333333333334,0.11008333333333334,0.10608333333333334,0.11008333333333334,0.11233333333333333,0.2129166666666667,0.12608333333333333
223,223.0,224.5,0.1114441930618401,0.10940799396681748,0.10940799396681748,0.10940799396681748,0.10940799396681748,0.1114441930618401,0.21468702865761688,0.12479260935143285
224,224.0,225.5,0.11064814814814813,0.10879629629629628,0.10879629629629628,0.1125,0.10879629629629628,0.11064814814814813,0.21620370370370373,0.12361111111111109
225,225.0,226.5,0.1100633528265107,0.10850389863547756,0.10850389863547756,0.11220760233918128,0.10850389863547756,0.1100633528265107,0.21883528265107213,0.12331871345029237
226,226.0,227.5,0.1100633528265107,0.10850389863547756,0.10850389863547756,0.11220760233918128,0.10850389863547756,0.1100633528265107,0.21883528265107213,0.12331871345029237
227,227.0,228.5,0.1100633528265107,0.10850389863547756,0.10480019493177387,0.11591130604288498,0.10850389863547756,0.1100633528265107,0.21883528265107213,0.12331871345029237
228,228.0,229.5,0.1094047619047619,0.10797619047619048,0.10440476190476189,0.11511904761904761,0.10797619047619048,0.1094047619047619,0.22345238095238096,0.12226190476190475
229,229.0,230.5,0.10864058355437664,0.1147811671087533,0.10364058355437664,0.11398541114058355,0.10708885941644561,0.10864058355437664,0.22234084880636606,0.12088196286472148
230,230.0,231.5,0.10797619047619048,0.11345238095238094,0.10297619047619047,0.11297619047619048,0.10630952380952381,0.10797619047619048,0.22869047619047617,0.11964285714285713
231,231.0,232.5,0.10691628264208908,0.1120468509984639,0.10215437788018433,0.12326036866359444,0.10538018433179723,0.10691628264208908,0.225042242703533,0.11828341013824886
232,232.0,233.5,0.11221590909090909,0.11079545454545454,0.10142045454545454,0.12159090909090908,0.10454545454545454,0.10596590909090908,0.22642045454545454,0.11704545454545454
233,233.0,234.5,0.11108535805626599,0.10986253196930947,0.10085517902813299,0.12046035805626598,0.10986253196930947,0.10520300511508951,0.2261908567774936,0.11648017902813299
234,234.0,235.5,0.1106283422459893,0.10949197860962565,0.10057932263814615,0.11971925133689838,0.10949197860962565,0.10474598930481283,0.22658199643493765,0.11876114081996433
235,235.0,236.5,0.10955228758169935,0.10849346405228759,0.09999673202614377,0.11837581699346407,0.10849346405228759,0.10399673202614376,0.23344771241830062,0.1176437908496732
236,236.0,237.5,0.10865979995236959,0.10775482257680398,0.09955048821147891,0.1174833293641343,0.10775482257680398,0.10865979995236959,0.2329393903310312,0.11719754703500831
237,237.0,238.5,0.10813348416289592,0.10722850678733029,0.09928733031674207,0.11695701357466062,0.10722850678733029,0.1131334841628959,0.23109728506787333,0.11693438914027147
238,238.0,239.5,0.10737239340180516,0.10660986616868968,0.09890678493619669,0.11619592281356986,0.10660986616868968,0.1121342981637099,0.2356170245876128,0.1165538437597261
239,239.0,240.5,0.10528605381546556,0.10465580171462525,0.09716917069858245,0.1252206943383414,0.10465580171462525,0.10983150836092011,0.23836473983532808,0.11481622952211187
240,240.0,241.5,0.1046444914797503,0.10413739208826958,0.09684838953072482,0.1280274078646951,0.10848521817522609,0.10899231756670683,0.23436933494037296,0.11449544835425422
241,241.0,242.5,0.1029411764705882,0.10254901960784313,0.09544117647058822,0.13509803921568628,0.10671568627450978,0.1071078431372549,0.24000000000000005,0.1101470588235294
242,242.0,243.5,0.10230875576036864,0.10194009216589861,0.09508294930875574,0.13410599078341012,0.10594009216589861,0.10630875576036865,0.24494470046082947,0.10936866359447003
243,243.0,244.5,0.10990190365190364,0.10046377233877232,0.09383984071484071,0.13045114607614608,0.10708770396270395,0.10465714840714839,0.24586975524475524,0.10772872960372959
244,244.0,245.5,0.10791245791245789,0.09932659932659929,0.09284511784511781,0.13594276094276092,0.10951178451178449,0.10631313131313129,0.2414141414141414,0.10673400673400671
245,245.0,246.5,0.10618760324642676,0.0983318968613086,0.09198269051210226,0.13284672843496373,0.10825253178194352,0.10500790059613588,0.2466045392515981,0.11078610931552106
246,246.0,247.5,0.10459925442684062,0.0973019571295433,0.09115097856477164,0.136993076820663,0.10690121155638395,0.1037618160031953,0.2501870589801624,0.10910464651843958
247,247.0,248.5,0.1041395154553049,0.09685045948203841,0.09088554720133665,0.13624060150375936,0.1061487050960735,0.10644110275689223,0.2507393483709273,0.10855472013366747
248,248.0,249.5,0.1037743115417139,0.09656033064352247,0.09070294524454116,0.138503025217796,0.10564352249411671,0.10578577000478526,0.2506579766766524,0.10837211817687198
249,249.0,250.5,0.10336297474455367,0.09615264121843067,0.09046353865432812,0.14037859070753805,0.10496674378253326,0.10510169654906495,0.25171100828995563,0.10786280605359552
250,250.0,251.5,0.09269674769674767,0.08548978798978797,0.07995948495948493,0.13153984903984903,0.09405039405039403,0.09417859917859918,0.24498279498279496,0.17710234210234208
251,251.0,252.5,0.08518645669649974,0.08512548108674363,0.07974528022591149,0.13079718066088225,0.0958858828084079,0.10321166678053335,0.24340381681127737,0.1766442349297442
252,252.0,253.5,0.08483836624080525,0.08478029423151373,0.0795421989934185,0.13247289972899728,0.09525648470770422,0.10501258226867982,0.24188830816879597,0.17620886566008515
253,253.0,254.5,0.08450812107788849,0.08445275009228496,0.07934939091915834,0.13174695459579178,0.09743724621631597,0.10434939091915833,0.2423615725359911,0.17579457364341083
254,254.0,255.5,0.0841943748339097,0.08414152071128812,0.07916609073585815,0.13105567890451608,0.09679508336485079,0.10371938156821876,0.24552801291173382,0.17539985696962437
255,255.0,256.5,0.08405212732324113,0.08399927320061956,0.07909496698052389,0.13091343139384753,0.09643946458817938,0.10606646549425006,0.2441055378050482,0.1753287332142901
256,256.0,257.5,0.08376096126096125,0.0837104562104562,0.07892413142413139,0.13026168276168273,0.09584720834720832,0.10541430791430788,0.2471253746253746,0.17495587745587743
257,257.0,258.5,0.08353174603174601,0.08603174603174601,0.0788095238095238,0.12988095238095237,0.09547619047619045,0.10484126984126982,0.24658730158730155,0.17484126984126985
258,258.0,259.5,0.08326486727600194,0.08570389166624584,0.07865192984227978,0.13144982241747882,0.09492976653369017,0.10424653672002557,0.24726274638522786,0.17449043915905
259,259.0,260.5,0.08321861380699176,0.08561138472822549,0.0786056763732696,0.13117230160341778,0.09474475265764948,0.10420028325101541,0.24818781576543136,0.1742591718139991
260,260.0,261.5,0.08305814354727396,0.08534851621808141,0.07850327812284333,0.13079020013802622,0.09427708764665285,0.10624654934437541,0.24779675638371285,0.17397946859903382
261,261.0,262.5,0.08301562654047126,0.08526348220447597,0.07846076111604063,0.1305350980972099,0.09410701961944196,0.1062040323375727,0.24660628019323666,0.17580769989155082
262,262.0,263.5,0.08281237763124381,0.08505111577865518,0.07835913666142688,0.13019308878095193,0.09378391122241406,0.10564053907890056,0.2484537554094704,0.17570607543693706
263,263.0,264.5,0.08257720057720055,0.08476659451659449,0.07822113997113996,0.12962085137085136,0.09331204906204903,0.10506096681096677,0.2510772005772005,0.1753639971139971
264,264.0,265.5,0.08235194077631051,0.08449413098572761,0.07808890222755768,0.12907196211818056,0.09286014405762304,0.10450613578764838,0.2516303187941843,0.17699646525276774
265,265.0,266.5,0.0821359823751128,0.08423297234166799,0.07796206933163455,0.13046809470722515,0.09242695227477835,0.10397449169188297,0.2521560492647449,0.1766433880129532
266,266.0,267.5,0.08192875959429669,0.08398242730786946,0.0778403157061031,0.1299255180461051,0.09201133136246603,0.10346460797620263,0.25454311244101546,0.17630392756594138
267,267.0,268.5,0.08172975172975172,0.08374185999185997,0.07772334147334145,0.12940374440374436,0.09161223036223035,0.10297517297517296,0.2568365893365893,0.17597730972730968
268,268.0,269.5,0.08153847874198275,0.083510684433865,0.07761086996262195,0.13071977962139686,0.09122868072328988,0.10454579487598352,0.2551828936262898,0.17566281801457
269,269.0,270.5,0.08138696488696487,0.08335329485329483,0.07753511303511301,0.13046344396344395,0.09098965848965848,0.10408537758537757,0.2565990860990861,0.17558706108706107
270,270.0,271.5,0.08124119344707578,0.08320197776080127,0.07746222731516846,0.13021666242254476,0.09075991002461589,0.1036425176131058,0.25796133604957133,0.1755141753671165
271,271.0,272.5,0.08110084360084359,0.08305638805638803,0.07739205239205235,0.12997890997890996,0.0905389055389055,0.10321622821622818,0.25927267177267177,0.1754440004440004
272,272.0,273.5,0.08093315048627857,0.08285127125991076,0.0772919720685361,0.1294899591746662,0.09019628473699971,0.1027731277880235,0.26131511955990605,0.17514911492567897
273,273.0,274.5,0.08084132609772096,0.08275836658442895,0.07723039571385629,0.12908809243886119,0.0900407234199139,0.10259055929783249,0.2625509678011989,0.1748995686461871
274,274.0,275.5,0.0806827515082921,0.08256382603694115,0.07713598440220297,0.12863011358189616,0.08971580560271383,0.10216961367312036,0.26447823606356624,0.17462366913126698
275,275.0,276.5,0.08061541144095204,0.08246281593593105,0.07710231436853292,0.12856277351455608,0.08954745543436365,0.10193392343743013,0.26518530677063695,0.17458999909759695
276,276.0,277.5,0.08052125369921978,0.08230696798493406,0.0770406241592682,0.12826405703524343,0.0892682270648372,0.10167742803336022,0.2665684691955878,0.17435297282754908
277,277.0,278.5,0.08037385129490392,0.08212823725981619,0.07695279866332497,0.12783416875522138,0.08897034252297409,0.10128863826232244,0.2683563074352548,0.1740956558061821
278,278.0,279.5,0.08028603282277674,0.08198284834943961,0.07689522822507558,0.12755509345249308,0.08870981273609876,0.10277371755184077,0.26792311592057205,0.1738741509417032
279,279.0,280.5,0.0802011464326937,0.08184229824607078,0.07683956451178975,0.12728511980698964,0.08845793520615826,0.10251349510097459,0.26920059968583754,0.1736598410094856
280,280.0,281.5,0.0800900044488093,0.08173023007898735,0.07678399351984755,0.12709201060999048,0.08828936986393357,0.10215089437855167,0.2702592270823366,0.1736042700175434
281,281.0,282.5,0.079956875928584,0.08157061855237423,0.07670462844048247,0.12670034751076525,0.08802391025156754,0.10177450832263098,0.27189781588644624,0.17337129510714916
282,282.0,283.5,0.07982798899129542,0.08141609062980029,0.07662778417818739,0.12632104454685097,0.08776689708141319,0.10141017025089605,0.271921883000512,0.17470814132104454
283,283.0,284.5,0.07972718253968251,0.08131448412698412,0.07657738095238094,0.12614583333333332,0.08761408730158729,0.1026438492063492,0.27131944444444445,0.17465773809523807
284,284.0,285.5,0.07960546398046395,0.08116796398046396,0.07650450244200242,0.12578373015873015,0.08736988705738705,0.10227716727716725,0.2728746947496948,0.17441659035409035
285,285.0,286.5,0.07948745698745696,0.08102591852591852,0.07643384393384392,0.1254326229326229,0.08713314463314462,0.1019216894216894,0.2743825618825618,0.17418276168276164
286,286.0,287.5,0.07937299433568087,0.0808881458508324,0.07636530550709653,0.1280770928905257,0.0869035235080011,0.10157690982317846,0.27286010424070123,0.17395592384398353
287,287.0,288.5,0.07930581685410482,0.0807764050893989,0.07632074222723914,0.1278343227838399,0.08670265618685283,0.10286658444472314,0.272435755396686,0.17375771701715512
288,288.0,289.5,0.07919670766857465,0.08064598303089351,0.07625553119798642,0.12746691430195262,0.08648571022611942,0.1025160353996671,0.2724405269354119,0.17499259123939429
289,289.0,290.5,0.07911145617667356,0.08201000690131124,0.07621290545203588,0.12729641131815045,0.08635783298826777,0.10219634230503793,0.2718650793650793,0.17494996549344374
290,290.0,291.5,0.07907004830917873,0.08198930296756382,0.07619220151828845,0.1286007591442374,0.08633712905452036,0.10207211870255346,0.2708091787439614,0.17492926155969632
291,291.0,292.5,0.07900910292673917,0.08192777437572292,0.07615137686019498,0.12827357867008815,0.08623419259518462,0.10193069042272958,0.2717504787177169,0.17472280543162355
292,292.0,293.5,0.06808920283401525,0.07100731537398938,0.06525103858280752,0.11850335441013864,0.076912836407054,0.0909325430686598,0.32924876534091696,0.1800549439824183
293,293.0,294.5,0.0679637403643148,0.07083990909664792,0.06516530592204475,0.11947656924015737,0.07665916152880356,0.09058604956196646,0.32976095785198745,0.17954830643407754
294,294.0,295.5,0.06784184807723297,0.07208571185225632,0.06508204602165626,0.11907237410227955,0.0777826024806538,0.09024926555507298,0.3272420271764281,0.18064412473441993
295,295.0,296.5,0.06774817674817671,0.0719328614328614,0.0650259545259545,0.11870398970398968,0.07757421707421706,0.08994658944658943,0.32727691977691975,0.18179129129129126
296,296.0,297.5,0.06763221767317837,0.07175935057392338,0.06494656518579553,0.11969046832263304,0.07732185057392339,0.08962727380666276,0.32774535153523077,0.18127692232865267
297,297.0,298.5,0.06751943567733039,0.07159057790636734,0.06486938302727775,0.12061454035138244,0.07707640786588152,0.0893165574744522,0.3282356753409385,0.1807774223563697
298,298.0,299.5,0.06740970140970137,0.0714263514263514,0.06479431679431677,0.1215147075147075,0.0768376068376068,0.08901409701409699,0.3287110667110667,0.18029215229215226
299,299.0,300.5,0.06730289247755213,0.07126648939584591,0.06472128021905779,0.12260237086974483,0.07660518055543261,0.08871956707543924,0.3289617100587896,0.17982050934813765
300,300.0,301.5,0.06719889298258619,0.07111081966350019,0.06465019168388488,0.12218588394314378,0.07637887625322469,0.0884326592163524,0.3306807517790392,0.17936192447826846
301,301.0,302.5,0.06709759309396987,0.07095917903888918,0.06458097391068404,0.12177997793939821,0.07615845440120803,0.08815308081612425,0.3323548807606779,0.1789158600390484
302,302.0,303.5,0.06702900006697472,0.07082646842140511,0.06452860938093004,0.12150469939499473,0.07595874355368024,0.087970888308441,0.33368472752438993,0.17849686334918397
303,303.0,304.5,0.06693206665467058,0.07068206665467056,0.0644625544595486,0.12111587546961988,0.07574905394426176,0.0877029725780155,0.33387298043000546,0.17948242980920753
304,304.0,305.5,0.06685225480577618,0.07057065142749341,0.06441286762743319,0.1209129121985425,0.07561807690174814,0.08745636436570906,0.3349788714802428,0.17919800119305454
305,305.0,306.5,0.0667597384270827,0.07043261809908077,0.06434975004148455,0.12053863362060398,0.0754169389441047,0.08720108569769824,0.3365268983272437,0.17877433684270116
306,306.0,307.5,0.06666948663759434,0.07029795007116055,0.06428819677225062,0.12017336968435477,0.07522072999394044,0.0869519610731517,0.3380367499219378,0.1783615558456097
307,307.0,308.5,0.06658141706294919,0.07016652552493864,0.06422815017479858,0.11981679803704426,0.07502927062297784,0.08670877032983734,0.33817649230234725,0.1792925759451067
308,308.0,309.5,0.06649545128762122,0.07003822846264521,0.0641695554120296,0.11946861154174804,0.07484239002935267,0.0864713036975507,0.3396316675772012,0.17888279199185123
309,309.0,310.5,0.06645596257531775,0.06999843599101632,0.06414312835071882,0.1192037334099894,0.0747625013267695,0.08637956838127649,0.34032059372723406,0.17873607623767757
310,310.0,311.5,0.06641736466283374,0.06995954455828529,0.06411729856898048,0.11908416743756081,0.0746844249410604,0.08628989794580985,0.34217039976214847,0.17727690212332087
311,311.0,312.5,0.06633517978696968,0.0698360362744998,0.06406127797818414,0.11875245040648748,0.07450552409005502,0.08606201625799217,0.34354660494979283,0.17690091025601867
312,312.0,313.5,0.06625489453075657,0.06971538040503555,0.06400656814449916,0.11953938781524986,0.07433076502042016,0.08693823417961347,0.3426807292324533,0.1765340406719717
313,313.0,314.5,0.0661764435649961,0.06959747905124898,0.06395312340689334,0.11921029224551512,0.07416000513276241,0.08670862877109434,0.34401806396990764,0.17617596385758189
314,314.0,315.5,0.06611170910962501,0.06950612790817572,0.06391284478680273,0.11904378599331478,0.07405283120487903,0.08649607887782948,0.3425572147939853,0.1783194073253877
315,315.0,316.5,0.06604843016190531,0.07052794591801682,0.06387348926356017,0.11778210756934157,0.07394810600484356,0.08628821401871044,0.3422301890386997,0.17930151802492225
316,316.0,317.5,0.06599700985421071,0.0704157409843202,0.06383427896807557,0.11756918550064008,0.07379722164575844,0.08615132362554577,0.3433034227842558,0.17893181663719332
317,317.0,318.5,0.06594674007733843,0.0703060051942652,0.06379595376836525,0.11856578441496608,0.07364967440124742,0.08601744180853968,0.34314774366795947,0.1785706566673183
318,318.0,319.5,0.06589758255166625,0.07019865782048346,0.06375848394722791,0.11834776829972435,0.07350535455545751,0.08696173916832803,0.3431126689980499,0.17821774465906243
319,319.0,320.5,0.06582710426462482,0.070082423413561,0.06371064289844341,0.11804490366508676,0.07335295895140434,0.08674375760009115,0.3433239753534859,0.17891423385330238
320,320.0,321.5,0.06575813322064848,0.06996865953643797,0.06366383497503444,0.11879015610732255,0.07320381865516502,0.08653037632841791,0.34352996104602596,0.1785550601309475
321,321.0,322.5,0.06569062149092364,0.06985728815759032,0.06361802698920542,0.11848924917757123,0.0730578302834346,0.08632145114237184,0.3447617495866696,0.17820378317223323
322,322.0,323.5,0.06564600082457224,0.0698126674912389,0.06358392599464024,0.11821608946608944,0.07296858895073177,0.08622423211708923,0.34566687280972996,0.17788162234590804
323,323.0,324.5,0.06558083357110345,0.06970454491130962,0.06353980472595089,0.11792708906342635,0.07282751561217911,0.086021618444878,0.346853656787631,0.17754493688352138
324,324.0,325.5,0.06552710781282209,0.06961884147598432,0.06350669964955677,0.11776520305091734,0.07273984745413314,0.08583323026180167,0.34768253968253965,0.17732653061224488
325,325.0,326.5,0.06546438050398447,0.0695146855344875,0.06346418048398246,0.11848542766364548,0.0736135866333886,0.08563854077715462,0.34681744438180084,0.177001754021556
326,326.0,327.5,0.06541282020054398,0.06943242804368124,0.06343242804368124,0.11833008565745137,0.07351938456542037,0.08545763812771486,0.3476225388706207,0.1767926764908862
327,327.0,328.5,0.06536229377490117,0.06935181602809735,0.0634013209785924,0.11817786752501921,0.07342708484530167,0.08528031192900506,0.34841126434687225,0.17658804057221078
328,328.0,329.5,0.0653127703891158,0.06927280055502834,0.0633708397707146,0.118092509562472,0.07333663034226237,0.08608684925142995,0.34813989403726575,0.1763877060917111
329,329.0,330.5,0.06525431943150514,0.07014640642106403,0.06333106469271643,0.11975873227880489,0.0731984612433066,0.08589694541393696,0.34633144269241145,0.1760826278262544
330,330.0,331.5,0.06519700756451587,0.07004169580265585,0.06329207287656233,0.11946920071850702,0.07306300047837226,0.08571069199329463,0.3474426071831732,0.17578372338291867
331,331.0,332.5,0.06515843534413072,0.07090019861840914,0.06326265816533469,0.11927345272620168,0.07293898590792208,0.08558970219049193,0.34737694323213747,0.1754996238153721
332,332.0,333.5,0.06417721466912839,0.07079913048915741,0.06323381844271328,0.12002492191845286,0.07281736158420793,0.08547101520821193,0.34825536697504356,0.1752211707130844
333,333.0,334.5,0.06413129964531832,0.07069115723321329,0.06319672020606597,0.11973972030046794,0.07364162317433341,0.0852928483769605,0.34735714960014025,0.17594948146350012
334,334.0,335.5,0.06409635437937322,0.07152123208726979,0.0631704284534473,0.11951042318966845,0.0735271402252534,0.08512810041111926,0.347221632315972,0.17582468893789646
335,335.0,336.5,0.06405195238231334,0.07140855017018952,0.06313452118965276,0.11923486837359767,0.07339457434921723,0.08495627741507873,0.3482786522022568,0.17554060391769383
336,336.0,337.5,0.06401703054150538,0.0713152463443941,0.06310793963241448,0.11907693973669728,0.07331639038403169,0.08570534222981709,0.34810394390573907,0.17535716722540073
337,337.0,338.5,0.06398275366389714,0.07122363940945578,0.06308185276299624,0.11892193536503597,0.07414054752152606,0.08554002522116867,0.3479319585037012,0.17517728755221879
338,338.0,339.5,0.06394910401931087,0.07113368345856322,0.06305624687645373,0.1187697746581922,0.07405716071626603,0.08537767544788229,0.34865549247252364,0.17500086235080786
339,339.0,340.5,0.06390741100918089,0.07102802720059354,0.06302245525696851,0.11850788428222052,0.07392335786141091,0.08520956018743626,0.3487071614062764,0.1756941427959127
340,340.0,341.5,0.06386647045748928,0.07092425252734282,0.06298927747503313,0.11825074919715188,0.07379197228545367,0.08592160830210079,0.34788155403800014,0.17637411571742814
341,341.0,342.5,0.06382626215275926,0.0708223095835893,0.06295669693536796,0.11799824093507436,0.07366293901158541,0.08575172799126857,0.3488840591547728,0.1760977642355821
342,342.0,343.5,0.0637867666017843,0.0707221502613059,0.06292469763626705,0.11775023561842768,0.07353619537312735,0.08558479615843453,0.34986867512971287,0.1758264832209402
343,343.0,344.5,0.06374796499796498,0.07062372812372811,0.06289326414326413,0.11836131461131456,0.0734116809116809,0.08542073667073666,0.34998117623117625,0.17556013431013429
344,344.0,345.5,0.06371774058195297,0.07054280111464062,0.06287028295483432,0.11821743575883677,0.07333674562449245,0.08526737738582704,0.35066211715080475,0.1753854994286109
345,345.0,346.5,0.0636943774150737,0.0705115365571166,0.06284691978795506,0.1179875583506284,0.07326553522081979,0.08520128526295861,0.3513514498708473,0.1751413375346002
346,346.0,347.5,0.06366494162043354,0.0704322503138224,0.06282460548597976,0.11784833171090328,0.07319230195466529,0.08505149624228228,0.35201340107118345,0.17497267160072988
347,347.0,348.5,0.06363600520780727,0.07035429429335299,0.06280267187447394,0.11771146269034441,0.07312030777839304,0.0849042067032815,0.3517712030081297,0.17569984844421688
348,348.0,349.5,0.06360755556263513,0.07027763528178968,0.0627811092816434,0.11757689183430711,0.07304952148086814,0.0847593545832866,0.35241875820803054,0.17552917376743918
349,349.0,350.5,0.06357958049212427,0.07020224116236944,0.06275990836097674,0.11744456167304262,0.07297991289138006,0.08542988798817344,0.35224243859061755,0.17536146884131582
350,350.0,351.5,0.06354430543799264,0.07011255533101787,0.06273129730791131,0.11809069361507393,0.07286487621807111,0.08527541330206664,0.35140002725202035,0.17598083153584596
351,351.0,352.5,0.0635227298081505,0.0700833519361109,0.06357928689546048,0.11786900428995721,0.07279766551103076,0.08520867638190195,0.3511987357076398,0.17574054946974826
352,352.0,353.5,0.06350212052192028,0.07000935077776009,0.0635577378745343,0.11775094372936419,0.07270679237953984,0.0851159454067129,0.3508500626798735,0.17650704663029465
353,353.0,354.5,0.06347549997894823,0.06993756894446548,0.06353756894446547,0.11762500947328532,0.07264054566123529,0.08576756347101173,0.35067581154477706,0.1763404319818113
354,354.0,355.5,0.06344930911981995,0.06986693364089275,0.06430512886648955,0.11834856192362278,0.07257536554277877,0.08562153759126101,0.34965654351651393,0.176176619798621
355,355.0,356.5,0.0539671137124277,0.060340993701566994,0.05482918267794493,0.10886636651623052,0.06306192404114827,0.07607060077654468,0.3434421214556352,0.23942169711850148
356,356.0,357.5,0.053947442452005015,0.06027089330670586,0.05480829488150901,0.10953215981519478,0.06297465435262792,0.07598326219328735,0.34400977398668997,0.2384735190119799
357,357.0,358.5,0.05392808682132203,0.06020190103758797,0.054787752224794206,0.10941258602439267,0.06288880157628195,0.0758972883455501,0.34373390229372863,0.23914968167634224
358,358.0,359.5,0.053913843835992306,0.06018053655959338,0.054766387746799615,0.10927015617109541,0.06283182963496306,0.07588304536022036,0.34422528528760415,0.23892891540373143
