Total_iterations,Unnamed: 0.1,Intertwine_two,Invert_path_vertices,Insert_inside_vertex,Delete_inside_vertex,Replace_inside_vertex,Donate_between_routes,Trim_one_terminal_cb,Grow_one_terminal_cb
0,0.0,0.125,0.125,0.125,0.125,0.125,0.125,0.125,0.125
1,1.0,0.125,0.125,0.125,0.125,0.125,0.125,0.125,0.125
2,2.0,0.125,0.125,0.125,0.125,0.125,0.125,0.125,0.125
3,3.0,0.125,0.125,0.125,0.125,0.125,0.125,0.125,0.125
4,4.0,0.125,0.125,0.125,0.125,0.125,0.125,0.125,0.125
5,5.0,0.125,0.125,0.125,0.125,0.125,0.125,0.125,0.125
6,6.0,0.125,0.125,0.125,0.125,0.125,0.125,0.125,0.125
7,7.0,0.125,0.125,0.125,0.125,0.125,0.125,0.125,0.125
8,8.0,0.125,0.125,0.125,0.125,0.125,0.125,0.125,0.125
9,9.0,0.125,0.125,0.125,0.125,0.125,0.125,0.125,0.125
10,10.0,0.125,0.125,0.125,0.125,0.125,0.125,0.125,0.125
11,11.0,0.125,0.125,0.125,0.125,0.125,0.125,0.125,0.125
12,12.0,0.125,0.125,0.125,0.125,0.125,0.125,0.125,0.125
13,13.0,0.125,0.125,0.125,0.125,0.125,0.125,0.125,0.125
14,14.0,0.125,0.125,0.125,0.125,0.125,0.125,0.125,0.125
15,15.0,0.125,0.125,0.125,0.125,0.125,0.125,0.125,0.125
16,16.0,0.125,0.125,0.125,0.125,0.125,0.125,0.125,0.125
17,17.0,0.125,0.125,0.125,0.125,0.125,0.125,0.125,0.125
18,18.0,0.125,0.125,0.125,0.125,0.125,0.125,0.125,0.125
19,19.0,0.125,0.125,0.125,0.125,0.125,0.125,0.125,0.125
20,20.0,0.125,0.125,0.125,0.125,0.125,0.125,0.125,0.125
21,21.0,0.125,0.125,0.125,0.125,0.125,0.125,0.125,0.125
22,22.0,0.125,0.125,0.125,0.125,0.125,0.125,0.125,0.125
23,23.0,0.125,0.125,0.125,0.125,0.125,0.125,0.125,0.125
24,24.0,0.125,0.125,0.125,0.125,0.125,0.125,0.125,0.125
25,25.0,0.125,0.125,0.125,0.125,0.125,0.125,0.125,0.125
26,26.0,0.125,0.125,0.125,0.125,0.125,0.125,0.125,0.125
27,27.0,0.125,0.125,0.125,0.125,0.125,0.125,0.125,0.125
28,28.0,0.125,0.125,0.125,0.125,0.125,0.125,0.125,0.125
29,29.0,0.125,0.125,0.125,0.125,0.125,0.125,0.125,0.125
30,30.0,0.125,0.125,0.125,0.125,0.125,0.125,0.125,0.125
31,31.0,0.125,0.125,0.125,0.125,0.125,0.125,0.125,0.125
32,32.0,0.125,0.125,0.125,0.125,0.125,0.125,0.125,0.125
33,33.0,0.125,0.125,0.125,0.125,0.125,0.125,0.125,0.125
34,34.0,0.125,0.125,0.125,0.125,0.125,0.125,0.125,0.125
35,35.0,0.125,0.125,0.125,0.125,0.125,0.125,0.125,0.125
36,36.0,0.125,0.125,0.125,0.125,0.125,0.125,0.125,0.125
37,37.0,0.125,0.125,0.125,0.125,0.125,0.125,0.125,0.125
38,38.0,0.125,0.125,0.125,0.125,0.125,0.125,0.125,0.125
39,39.0,0.125,0.125,0.125,0.125,0.125,0.125,0.125,0.125
40,40.0,0.125,0.125,0.125,0.125,0.125,0.125,0.125,0.125
41,41.0,0.125,0.125,0.125,0.125,0.125,0.125,0.125,0.125
42,42.0,0.125,0.125,0.125,0.125,0.125,0.125,0.125,0.125
43,43.0,0.125,0.125,0.125,0.125,0.125,0.125,0.125,0.125
44,44.0,0.125,0.125,0.125,0.125,0.125,0.125,0.125,0.125
45,45.0,0.125,0.125,0.125,0.125,0.125,0.125,0.125,0.125
46,46.0,0.125,0.125,0.125,0.125,0.125,0.125,0.125,0.125
47,47.0,0.125,0.125,0.125,0.125,0.125,0.125,0.125,0.125
48,48.0,0.125,0.125,0.125,0.125,0.125,0.125,0.125,0.125
49,49.0,0.125,0.125,0.125,0.125,0.125,0.125,0.125,0.125
50,50.0,0.125,0.125,0.125,0.125,0.125,0.125,0.125,0.125
51,51.0,0.125,0.125,0.125,0.125,0.125,0.125,0.125,0.125
52,52.0,0.125,0.125,0.125,0.125,0.125,0.125,0.125,0.125
53,53.0,0.125,0.125,0.125,0.125,0.125,0.125,0.125,0.125
54,54.0,0.125,0.125,0.125,0.125,0.125,0.125,0.125,0.125
55,55.0,0.125,0.125,0.125,0.125,0.125,0.125,0.125,0.125
56,56.0,0.125,0.125,0.125,0.125,0.125,0.125,0.125,0.125
57,57.0,0.125,0.125,0.125,0.125,0.125,0.125,0.125,0.125
58,58.0,0.125,0.125,0.125,0.125,0.125,0.125,0.125,0.125
59,59.0,0.125,0.125,0.125,0.125,0.125,0.125,0.125,0.125
60,60.0,0.125,0.125,0.125,0.125,0.125,0.125,0.125,0.125
61,61.0,0.125,0.125,0.125,0.125,0.125,0.125,0.125,0.125
62,62.0,0.125,0.125,0.125,0.125,0.125,0.125,0.125,0.125
63,63.0,0.125,0.125,0.125,0.125,0.125,0.125,0.125,0.125
64,64.0,0.125,0.125,0.125,0.125,0.125,0.125,0.125,0.125
65,65.0,0.125,0.125,0.125,0.125,0.125,0.125,0.125,0.125
66,66.0,0.125,0.125,0.125,0.125,0.125,0.125,0.125,0.125
67,67.0,0.125,0.125,0.125,0.125,0.125,0.125,0.125,0.125
68,68.0,0.125,0.125,0.125,0.125,0.125,0.125,0.125,0.125
69,69.0,0.125,0.125,0.125,0.125,0.125,0.125,0.125,0.125
70,70.0,0.125,0.125,0.125,0.125,0.125,0.125,0.125,0.125
71,71.0,0.125,0.125,0.125,0.125,0.125,0.125,0.125,0.125
72,72.0,0.125,0.125,0.125,0.125,0.125,0.125,0.125,0.125
73,73.0,0.125,0.125,0.125,0.125,0.125,0.125,0.125,0.125
74,74.0,0.125,0.125,0.125,0.125,0.125,0.125,0.125,0.125
75,75.0,0.125,0.125,0.125,0.125,0.125,0.125,0.125,0.125
76,76.0,0.125,0.125,0.125,0.125,0.125,0.125,0.125,0.125
77,77.0,0.125,0.125,0.125,0.125,0.125,0.125,0.125,0.125
78,78.0,0.125,0.125,0.125,0.125,0.125,0.125,0.125,0.125
79,79.0,0.125,0.125,0.125,0.125,0.125,0.125,0.125,0.125
80,80.0,0.125,0.125,0.125,0.125,0.125,0.125,0.125,0.125
81,81.0,0.125,0.125,0.125,0.125,0.125,0.125,0.125,0.125
82,82.0,0.125,0.125,0.125,0.125,0.125,0.125,0.125,0.125
83,83.0,0.125,0.125,0.125,0.125,0.125,0.125,0.125,0.125
84,84.0,0.125,0.125,0.125,0.125,0.125,0.125,0.125,0.125
85,85.0,0.125,0.125,0.125,0.125,0.125,0.125,0.125,0.125
86,86.0,0.125,0.125,0.125,0.125,0.125,0.125,0.125,0.125
87,87.0,0.125,0.125,0.125,0.125,0.125,0.125,0.125,0.125
88,88.0,0.125,0.125,0.125,0.125,0.125,0.125,0.125,0.125
89,89.0,0.125,0.125,0.125,0.125,0.125,0.125,0.125,0.125
90,90.0,0.125,0.125,0.125,0.125,0.125,0.125,0.125,0.125
91,91.0,0.125,0.125,0.125,0.125,0.125,0.125,0.125,0.125
92,92.0,0.125,0.125,0.125,0.125,0.125,0.125,0.125,0.125
93,93.0,0.125,0.125,0.125,0.125,0.125,0.125,0.125,0.125
94,94.0,0.125,0.125,0.125,0.125,0.125,0.125,0.125,0.125
95,95.0,0.125,0.125,0.125,0.125,0.125,0.125,0.125,0.125
96,96.0,0.125,0.125,0.125,0.125,0.125,0.125,0.125,0.125
97,97.0,0.125,0.125,0.125,0.125,0.125,0.125,0.125,0.125
98,98.0,0.125,0.125,0.125,0.125,0.125,0.125,0.125,0.125
99,99.0,0.125,0.125,0.125,0.125,0.125,0.125,0.125,0.125
100,100.0,0.125,0.125,0.125,0.125,0.125,0.125,0.125,0.125
101,101.0,0.125,0.125,0.125,0.125,0.125,0.125,0.125,0.125
102,102.0,0.125,0.125,0.125,0.125,0.125,0.125,0.125,0.125
103,103.0,0.125,0.125,0.125,0.125,0.125,0.125,0.125,0.125
104,104.0,0.125,0.125,0.125,0.125,0.125,0.125,0.125,0.125
105,105.0,0.125,0.125,0.125,0.125,0.125,0.125,0.125,0.125
106,106.0,0.125,0.125,0.125,0.125,0.125,0.125,0.125,0.125
107,107.0,0.125,0.125,0.125,0.125,0.125,0.125,0.125,0.125
108,108.0,0.125,0.125,0.125,0.125,0.125,0.125,0.125,0.125
109,109.0,0.125,0.125,0.125,0.125,0.125,0.125,0.125,0.125
110,110.0,0.125,0.125,0.125,0.125,0.125,0.125,0.125,0.125
111,111.0,0.125,0.125,0.125,0.125,0.125,0.125,0.125,0.125
112,112.0,0.125,0.125,0.125,0.125,0.125,0.125,0.125,0.125
113,113.0,0.125,0.125,0.125,0.125,0.125,0.125,0.125,0.125
114,114.0,0.125,0.125,0.125,0.125,0.125,0.125,0.125,0.125
115,115.0,0.125,0.125,0.125,0.125,0.125,0.125,0.125,0.125
116,116.0,0.125,0.125,0.125,0.125,0.125,0.125,0.125,0.125
117,117.0,0.125,0.125,0.125,0.125,0.125,0.125,0.125,0.125
118,118.0,0.125,0.125,0.125,0.125,0.125,0.125,0.125,0.125
119,119.0,0.125,0.125,0.125,0.125,0.125,0.125,0.125,0.125
120,120.0,0.125,0.125,0.125,0.125,0.125,0.125,0.125,0.125
121,121.0,0.125,0.125,0.125,0.125,0.125,0.125,0.125,0.125
122,122.0,0.125,0.125,0.125,0.125,0.125,0.125,0.125,0.125
123,123.0,0.125,0.125,0.125,0.125,0.125,0.125,0.125,0.125
124,124.0,0.125,0.125,0.125,0.125,0.125,0.125,0.125,0.125
125,125.0,0.125,0.125,0.125,0.125,0.125,0.125,0.125,0.125
126,126.0,0.125,0.125,0.125,0.125,0.125,0.125,0.125,0.125
127,127.0,0.125,0.125,0.125,0.125,0.125,0.125,0.125,0.125
128,128.0,0.125,0.125,0.125,0.125,0.125,0.125,0.125,0.125
129,129.0,0.125,0.125,0.125,0.125,0.125,0.125,0.125,0.125
130,130.0,0.125,0.125,0.125,0.125,0.125,0.125,0.125,0.125
131,131.0,0.125,0.125,0.125,0.125,0.125,0.125,0.125,0.125
132,132.0,0.125,0.125,0.125,0.125,0.125,0.125,0.125,0.125
133,133.0,0.125,0.125,0.125,0.125,0.125,0.125,0.125,0.125
134,134.0,0.125,0.125,0.125,0.125,0.125,0.125,0.125,0.125
135,135.0,0.125,0.125,0.125,0.125,0.125,0.125,0.125,0.125
136,136.0,0.125,0.125,0.125,0.125,0.125,0.125,0.125,0.125
137,137.0,0.125,0.125,0.125,0.125,0.125,0.125,0.125,0.125
138,138.0,0.125,0.125,0.125,0.125,0.125,0.125,0.125,0.125
139,139.0,0.125,0.125,0.125,0.125,0.125,0.125,0.125,0.125
140,140.0,0.125,0.125,0.125,0.125,0.125,0.125,0.125,0.125
141,141.0,0.125,0.125,0.125,0.125,0.125,0.125,0.125,0.125
142,142.0,0.125,0.125,0.125,0.125,0.125,0.125,0.125,0.125
143,143.0,0.125,0.125,0.125,0.125,0.125,0.125,0.125,0.125
144,144.0,0.125,0.125,0.125,0.125,0.125,0.125,0.125,0.125
145,145.0,0.125,0.125,0.125,0.125,0.125,0.125,0.125,0.125
146,146.0,0.125,0.125,0.125,0.125,0.125,0.125,0.125,0.125
147,147.0,0.125,0.125,0.125,0.125,0.125,0.125,0.125,0.125
148,148.0,0.125,0.125,0.125,0.125,0.125,0.125,0.125,0.125
149,149.0,0.125,0.125,0.125,0.125,0.125,0.125,0.125,0.125
150,150.0,0.125,0.125,0.125,0.125,0.125,0.125,0.125,0.125
151,151.0,0.125,0.125,0.125,0.125,0.125,0.125,0.125,0.125
152,152.0,0.125,0.125,0.125,0.125,0.125,0.125,0.125,0.125
153,153.0,0.125,0.125,0.125,0.125,0.125,0.125,0.125,0.125
154,154.0,0.125,0.125,0.125,0.125,0.125,0.125,0.125,0.125
155,155.0,0.125,0.125,0.125,0.125,0.125,0.125,0.125,0.125
156,156.0,0.125,0.125,0.125,0.125,0.125,0.125,0.125,0.125
157,157.0,0.125,0.125,0.125,0.125,0.125,0.125,0.125,0.125
158,158.0,0.125,0.125,0.125,0.125,0.125,0.125,0.125,0.125
159,159.0,0.125,0.125,0.125,0.125,0.125,0.125,0.125,0.125
160,160.0,0.125,0.125,0.125,0.125,0.125,0.125,0.125,0.125
161,161.0,0.125,0.125,0.125,0.125,0.125,0.125,0.125,0.125
162,162.0,0.125,0.125,0.125,0.125,0.125,0.125,0.125,0.125
163,163.0,0.125,0.125,0.125,0.125,0.125,0.125,0.125,0.125
164,164.0,0.125,0.125,0.125,0.125,0.125,0.125,0.125,0.125
165,165.0,0.125,0.125,0.125,0.125,0.125,0.125,0.125,0.125
166,166.0,0.125,0.125,0.125,0.125,0.125,0.125,0.125,0.125
167,167.0,0.125,0.125,0.125,0.125,0.125,0.125,0.125,0.125
168,168.0,0.125,0.125,0.125,0.125,0.125,0.125,0.125,0.125
169,169.0,0.125,0.125,0.125,0.125,0.125,0.125,0.125,0.125
170,170.0,0.125,0.125,0.125,0.125,0.125,0.125,0.125,0.125
171,171.0,0.125,0.125,0.125,0.125,0.125,0.125,0.125,0.125
172,172.0,0.125,0.125,0.125,0.125,0.125,0.125,0.125,0.125
173,173.0,0.125,0.125,0.125,0.125,0.125,0.125,0.125,0.125
174,174.0,0.125,0.125,0.125,0.125,0.125,0.125,0.125,0.125
175,175.0,0.125,0.125,0.125,0.125,0.125,0.125,0.125,0.125
176,176.0,0.125,0.125,0.125,0.125,0.125,0.125,0.125,0.125
177,177.0,0.125,0.125,0.125,0.125,0.125,0.125,0.125,0.125
178,178.0,0.125,0.125,0.125,0.125,0.125,0.125,0.125,0.125
179,179.0,0.125,0.125,0.125,0.125,0.125,0.125,0.125,0.125
180,180.0,0.125,0.125,0.125,0.125,0.125,0.125,0.125,0.125
181,181.0,0.125,0.125,0.125,0.125,0.125,0.125,0.125,0.125
182,182.0,0.125,0.125,0.125,0.125,0.125,0.125,0.125,0.125
183,183.0,0.125,0.125,0.125,0.125,0.125,0.125,0.125,0.125
184,184.0,0.125,0.125,0.125,0.125,0.125,0.125,0.125,0.125
185,185.0,0.125,0.125,0.125,0.125,0.125,0.125,0.125,0.125
186,186.0,0.125,0.125,0.125,0.125,0.125,0.125,0.125,0.125
187,187.0,0.125,0.125,0.125,0.125,0.125,0.125,0.125,0.125
188,188.0,0.125,0.125,0.125,0.125,0.125,0.125,0.125,0.125
189,189.0,0.125,0.125,0.125,0.125,0.125,0.125,0.125,0.125
190,190.0,0.125,0.125,0.125,0.125,0.125,0.125,0.125,0.125
191,191.0,0.125,0.125,0.125,0.125,0.125,0.125,0.125,0.125
192,192.0,0.125,0.125,0.125,0.125,0.125,0.125,0.125,0.125
193,193.0,0.125,0.125,0.125,0.125,0.125,0.125,0.125,0.125
194,194.0,0.125,0.125,0.125,0.125,0.125,0.125,0.125,0.125
195,195.0,0.125,0.125,0.125,0.125,0.125,0.125,0.125,0.125
196,196.0,0.125,0.125,0.125,0.125,0.125,0.125,0.125,0.125
197,197.0,0.125,0.125,0.125,0.125,0.125,0.125,0.125,0.125
198,198.0,0.125,0.125,0.125,0.125,0.125,0.125,0.125,0.125
199,199.0,0.125,0.125,0.125,0.125,0.125,0.125,0.125,0.125
200,200.0,0.125,0.125,0.125,0.125,0.125,0.125,0.125,0.125
201,201.0,0.125,0.125,0.125,0.125,0.125,0.125,0.125,0.125
202,202.0,0.1246590909090909,0.1246590909090909,0.1246590909090909,0.1246590909090909,0.1246590909090909,0.1246590909090909,0.1255681818181818,0.1264772727272727
203,203.0,0.1243215909090909,0.1243215909090909,0.1243215909090909,0.1243215909090909,0.1243215909090909,0.1243215909090909,0.1261306818181818,0.1279397727272727
204,204.0,0.1239905340909091,0.1239905340909091,0.1239905340909091,0.1239905340909091,0.1239905340909091,0.1239905340909091,0.1266824431818181,0.1293743522727272
205,205.0,0.1235928291287879,0.1235928291287879,0.1235928291287879,0.1235928291287879,0.1235928291287879,0.1235928291287879,0.1279008403409091,0.1305421848863636
206,206.0,0.1231431971408217,0.1239124279100524,0.1231431971408217,0.1231431971408217,0.1231431971408217,0.1231431971408217,0.1289010816883741,0.131470504697465
207,207.0,0.1227090194571669,0.1242397886879362,0.1227090194571669,0.1227090194571669,0.1227090194571669,0.1227090194571669,0.1298680573149781,0.1323470567112508
208,208.0,0.1222381473692841,0.1244609715451082,0.1222381473692841,0.1222381473692841,0.1222381473692841,0.1222381473692841,0.1313448745859917,0.1330034170224797
209,209.0,0.1217884095879252,0.1246832835439691,0.1217884095879252,0.1217884095879252,0.1217884095879252,0.1217884095879252,0.1327712756697583,0.1336033928466465
210,210.0,0.1211756821237436,0.1246702616662344,0.1211756821237436,0.1211756821237436,0.1218423487904102,0.1211756821237436,0.134919784205911,0.1338648768424699
211,211.0,0.1214374705847427,0.1244618393596108,0.1204374705847427,0.1204374705847427,0.1217224705847427,0.1204374705847427,0.1372292440463894,0.1338365636702863
212,212.0,0.1217212054937945,0.1242546408900535,0.1197312054937945,0.1197312054937945,0.1216223554937945,0.1197312054937945,0.139447965462356,0.1337602161786181
213,213.0,0.1220218548570031,0.1240506158585513,0.1190607548570031,0.1190607548570031,0.1215410283570031,0.1190607548570031,0.1415628350821023,0.1336414012743306
214,214.0,0.1221161378476204,0.1236870486689401,0.1183015679385295,0.1183015679385295,0.1213129851476471,0.1183015679385295,0.1446947738810317,0.1332843506391723
215,215.0,0.1220489042444786,0.1231272754953201,0.1179690035809433,0.1174134480253877,0.1208989241914697,0.1174134480253877,0.1484683833013053,0.1326606131357074
216,216.0,0.1219621500416092,0.1225218586650765,0.1176196574042739,0.1165433416148002,0.120446931869963,0.1165433416148002,0.1519077921783301,0.1324549266111469
217,217.0,0.1217071796894985,0.1218056591364165,0.1171829434764386,0.1156223908448597,0.1198895636671173,0.116455724178193,0.155284753750388,0.1320517852570883
218,218.0,0.1213113977014671,0.1210007458019812,0.1166757943393454,0.114668843599997,0.1192467594806078,0.1162630743692278,0.1588786502602148,0.1319547344471589
219,219.0,0.1207969001150442,0.1200701874718407,0.1160564733014391,0.1136418597465177,0.1184796392468143,0.115981878977287,0.1628888811059673,0.1320841800350896
220,220.0,0.120170531029674,0.1190803445211833,0.1153868810554966,0.112603825402504,0.1176527960651196,0.1156136320783281,0.1674610223642115,0.1320309674834827
221,221.0,0.1193621658180946,0.1179573074909615,0.114589004294175,0.1114768189906075,0.1166907343115247,0.1150831458240325,0.1731179824124585,0.1317228408581457
222,222.0,0.1184061669846437,0.1167321526040037,0.1136901766811953,0.1102878965451462,0.1156231229053255,0.1144200282520775,0.1796470060256955,0.1311934500019124
223,223.0,0.1173961256708755,0.1154954910763834,0.1127776294593833,0.1095082867754613,0.1145393408073748,0.1137134414609813,0.1860328600831136,0.1305368246664266
224,224.0,0.1163479646710246,0.1142604509633774,0.1118614708377748,0.1091148356579767,0.1134514536837614,0.1129752163736342,0.1922183379251436,0.1297702698873072
225,225.0,0.1152891420737662,0.1130650335489193,0.1109770365668305,0.1087653415295789,0.1123965639325529,0.1122290635806031,0.198288279535493,0.128989539232256
226,226.0,0.1142839438437611,0.1119435465267726,0.110156314343667,0.1084852194221169,0.1114082365034944,0.1115358689593342,0.2039566970159633,0.1282301733848903
227,227.0,0.1133370595265841,0.1108998117279276,0.1090307698153677,0.1086407037249421,0.1104896984386617,0.110897268638864,0.2092070586047376,0.1274976295229151
228,228.0,0.1123862674819491,0.1098837204621139,0.1079359306883611,0.1087741197782805,0.1095903853663516,0.1102483301001423,0.2144903761052287,0.1266908700175725
229,229.0,0.1114243217509672,0.1096306606862786,0.1068388459511807,0.1088442798568464,0.1086761285463965,0.1095794318983005,0.2192238286895408,0.1257825026204891
230,230.0,0.110464293903299,0.1093215333366144,0.1057530477559317,0.1088579131739537,0.1077594911564452,0.1089015957253851,0.2241500689550009,0.12479205599337
231,231.0,0.1094693970227164,0.1089440742026825,0.1046658795478095,0.109939783751113,0.1068270838842471,0.1081762983338591,0.2282642659175754,0.1237132173399968
232,232.0,0.1090784213312677,0.1085102491048007,0.1035889208103504,0.1108797271624127,0.1058899753651101,0.10741589316945,0.2320726441359442,0.122564168920664
233,233.0,0.1086448629830961,0.1080493663134991,0.102541445732256,0.1117197329484031,0.1055648402320758,0.1066407382831144,0.2354207028597752,0.1214183106477803
234,234.0,0.1082333638394456,0.1076156481219174,0.1015542698559311,0.1124890337349363,0.1052781401937488,0.1058830199727045,0.2383807712161446,0.1205657530651715
235,235.0,0.1077793589277966,0.1071442135986372,0.1005978030338607,0.1131193631844923,0.1049623970876795,0.1051147774587897,0.2416134165874013,0.1196686701213425
236,236.0,0.1072992350309186,0.1066595508846731,0.0996863478024536,0.1136499754642495,0.1046396748143148,0.1048784855345626,0.2443903081711144,0.1187964222977132
237,237.0,0.1068280975939955,0.1061816755800793,0.0988383637088038,0.1141132284760825,0.1043277446669641,0.1051510043679888,0.2465907908917396,0.1179690947143461
238,238.0,0.1063410186903447,0.1057001920561534,0.0980416131525439,0.1144824849616089,0.1040141510936881,0.105376177516103,0.2488682642340375,0.1171760982955204
239,239.0,0.1057043274655396,0.105080547180339,0.097159427945985,0.1157344273295794,0.1035624675830833,0.1054161355756027,0.251060249370413,0.116282417549458
240,240.0,0.1050629663931427,0.1044667783748133,0.0963334805708223,0.1172367094834758,0.1035498274109144,0.1054123324775844,0.2525065404083045,0.1154313648809425
241,241.0,0.1043112251779354,0.1037522553389321,0.0954545557167611,0.1194037335408939,0.1034108519735339,0.1052562620973139,0.2541898967936903,0.1142212193609392
242,242.0,0.1035577155261534,0.1030362595051337,0.0946275668394612,0.1214117934060905,0.1032412630120401,0.1050544058277812,0.2560574886186835,0.1130135072646562
243,243.0,0.1036263820310452,0.1022332695986102,0.0937635198151926,0.1229805047878142,0.1032303824179148,0.1047201179492057,0.2577196988579914,0.1117261245422256
244,244.0,0.1035519925277119,0.1013791664089233,0.0928871684153751,0.1250162129309104,0.103501571153558,0.1045842274536654,0.2586516272541748,0.1104280338556809
245,245.0,0.1033561611619562,0.1004904776208528,0.0920117889165352,0.1266480124890358,0.1036798178762351,0.1043486919745743,0.2598370277360852,0.1096280222247252
246,246.0,0.1030493924716622,0.0995660779308174,0.091140485188802,0.1285932540893777,0.1037508350431455,0.1040186936703139,0.2611298152578161,0.108751446348065
247,247.0,0.1027428253727958,0.0986663272370223,0.0903298736312582,0.130352722225308,0.1037710036124663,0.103987055095178,0.2622391254036739,0.1079110674222973
248,248.0,0.1024443614932821,0.0978093800512052,0.0895876197694901,0.1322213647118335,0.1037624140794953,0.1039175875789621,0.2631143695951909,0.1071429027205406
249,249.0,0.102147909822488,0.0969848681473839,0.0889068038896279,0.1341535161037402,0.1037058167128094,0.103805341293054,0.2638828285997012,0.1064129154311951
250,250.0,0.1008266312632134,0.0951681998417909,0.0872592315759147,0.1350708289357253,0.1025758533802753,0.1026249734512503,0.2637799021699469,0.1126943793818829
251,251.0,0.0988051526241768,0.0933999835579328,0.0856819985540512,0.1357868338476565,0.1016571806634972,0.1023814854110938,0.2633413994941448,0.1189459658474467
252,252.0,0.0968148258441976,0.0916913251922255,0.0841828135278433,0.1365489136433383,0.1007097224297757,0.1023507395374621,0.2625958203948461,0.1251058394303112
253,253.0,0.0948707426298908,0.090051667939559,0.0827678600514859,0.137121430806988,0.1000205537930668,0.1022833675435535,0.2617650505199362,0.1311193267155196
254,254.0,0.0929860668970967,0.0884888642955867,0.081441887213111,0.1375138239230331,0.0993102526591147,0.1021803920476979,0.2611399668902522,0.1369387460741074
255,255.0,0.0911877170658833,0.0870246428291018,0.0802186413182676,0.1377881715262218,0.0986102680679481,0.1023378123892362,0.2602790245730828,0.1425537222302581
256,256.0,0.0894687297141368,0.0856477081139643,0.0790893997138919,0.1379011621045513,0.0978993482770033,0.1024515614696765,0.2596444253019827,0.1478976653047928
257,257.0,0.0878416418901117,0.0846212233334344,0.0780599688255953,0.1378883857935462,0.0972018972787533,0.1025262592992154,0.2588942881474192,0.1529663354319242
258,258.0,0.0863074760143311,0.0836787068213905,0.0771252171792434,0.1379536997831683,0.0965022919180526,0.1025571641390964,0.2581636393225035,0.1577118048222139
259,259.0,0.0848916752918442,0.0828414431151976,0.0762945824772559,0.1379196915187651,0.0958384204519743,0.1025972468738977,0.257489553388727,0.1621273868823378
260,260.0,0.0835846770007857,0.0820893183447399,0.0755598823593847,0.1377834000351097,0.0951832329534609,0.102853978308326,0.2567507527339233,0.1661947582642695
261,261.0,0.0823988615036176,0.0814364946287008,0.074923834510255,0.1375652954967673,0.0945674959490097,0.1031147106089917,0.2558772445620502,0.1701160627406074
262,262.0,0.0813174703156122,0.0808659865174412,0.0743765982666347,0.1372644985066378,0.0939764170420052,0.1033239135710094,0.2551831250852997,0.1736919906953595
263,263.0,0.0803356496141593,0.0803659283837137,0.0739101113622956,0.1368658433772544,0.0933953347514686,0.1034774052651109,0.2547534683762389,0.1768962588697582
264,264.0,0.0794519005123931,0.0799326363716011,0.0735201596601207,0.1363797149154782,0.092826337332649,0.1035759003029289,0.2543853264817923,0.1799280244230365
265,265.0,0.0786639308833229,0.079562172642435,0.0732022072642453,0.136008735030811,0.0922712585446766,0.1036206837822358,0.2540790217469703,0.1825919901053028
266,266.0,0.077968756453996,0.079250408779798,0.0729514733660782,0.1355651890652628,0.0917316824815712,0.1036135386211405,0.2540228240784353,0.1848961271537178
267,267.0,0.0773627987125503,0.0789930847571045,0.072763003857852,0.1350574236218417,0.0912089504135617,0.1035566751696023,0.2542067967499369,0.1868512667175503
268,268.0,0.0768419789766443,0.0787858633332284,0.0726317375255312,0.1346755014523469,0.0907041693879458,0.1036567452313547,0.254233300509125,0.1884707035838233
269,269.0,0.0764050548264805,0.0786308733046893,0.0725558134580626,0.1342665807156969,0.0902312093548818,0.1037096570543176,0.2544082690708455,0.1897925422150255
270,270.0,0.076047065047949,0.0785234747852407,0.0725299862211169,0.1338358425310994,0.0897901549699677,0.1037167489030676,0.2547238739417249,0.1908328535998334
271,271.0,0.0757627805466387,0.0784590421770513,0.0725490466264946,0.1333882111195126,0.0893808031255205,0.1036797603143552,0.2551714265189049,0.1916089295715217
272,272.0,0.075543535814545,0.0784265146088265,0.0726046230166386,0.1329023547572542,0.0889897054094612,0.1035975252207123,0.255819481069628,0.1921162601029339
273,273.0,0.0753909292635223,0.0784321968963868,0.0726953576228191,0.1323907734018151,0.0886342271265747,0.1034970128130878,0.2565812713743108,0.1923782315014831
274,274.0,0.0752922298770009,0.0784611185973228,0.0728129280181266,0.131851525486594,0.0882958698531902,0.1033553925486019,0.257519306439031,0.1924116291801323
275,275.0,0.0752505716387105,0.0785180741924603,0.0729586049343771,0.131327254237114,0.0879887126478044,0.1031925074982407,0.2585038343642316,0.1922604404870611
276,276.0,0.0752573118480984,0.078593196850419,0.0731249822324177,0.1307978936574251,0.0876999357538701,0.1030076755719006,0.2595950404634712,0.1919239636223975
277,277.0,0.0753012772146271,0.0786800718814153,0.0733050956703283,0.1302531419414811,0.0874259310082526,0.1027891453857053,0.2608256440640748,0.191419692834115
278,278.0,0.075382789938093,0.0787782021720583,0.073497917750553,0.1297107681349961,0.0871687178736565,0.1027259710758475,0.2619651747868615,0.1907704582679337
279,279.0,0.0754966951790508,0.0788845108850739,0.0736998643561718,0.1291740775977842,0.0869274492481504,0.1026435694166489,0.2631780802252332,0.1899957530918864
280,280.0,0.0756351402100608,0.0789985597836896,0.0739074562035907,0.1286528556166856,0.0867087558105526,0.102531847107971,0.2644357830540237,0.1891296022134255
281,281.0,0.0757909765283348,0.0791125593427354,0.0741151177314938,0.1281289810737074,0.0865011918960117,0.1023898488972747,0.2657898089206292,0.1881715156098125
282,282.0,0.0759599995150551,0.0792242867457155,0.0743202237874669,0.1276052773530062,0.086303910239465,0.1022194632947281,0.2670719189816389,0.1872949200829238
283,283.0,0.0761407194527044,0.079336598796957,0.0745228545191693,0.1271035805549618,0.0861257056390099,0.1021813912175432,0.2682140738211297,0.1863750759985244
284,284.0,0.0763270601715367,0.0794428064817225,0.0747184795909957,0.1266062656470452,0.0859557852908061,0.1021150827350466,0.2694285919134295,0.1854059281694174
285,285.0,0.0765157501572744,0.0795414404275443,0.0749053365333337,0.1261153461524264,0.0857933237526642,0.1020214781606731,0.2707069059381487,0.1844004188779349
286,286.0,0.0767038419475625,0.0796312784922591,0.0750819390127682,0.1259311383708618,0.0856375444646269,0.101901758196496,0.271741899355654,0.1833706001597711
287,287.0,0.0768930983345454,0.0797135273479448,0.0752492585812169,0.1257625339019816,0.0854899161637123,0.1019197292071579,0.2726421405958578,0.182329795867583
288,288.0,0.0770766453494725,0.0797851378896259,0.0754040399263556,0.1255947669206193,0.0853474834970472,0.1019103167646236,0.2734507710139221,0.1814308386383334
289,289.0,0.0772545131369079,0.0799945982155934,0.0755475954751017,0.1254454478128264,0.0852178886405542,0.1018759334432303,0.2741108911923616,0.1805531320834242
290,290.0,0.0774290227892479,0.0802011962024465,0.0756813781753678,0.1254600050334747,0.0851105823198129,0.101835770182346,0.2745769511725725,0.1797050941247315
291,291.0,0.0775963971933092,0.0803988625990814,0.0758028083732272,0.1254717960257509,0.0850159784525592,0.1017878439047698,0.2750528574278518,0.1788734560234503
292,292.0,0.0766691712050263,0.0795000055736459,0.0748255474084315,0.1245334033192479,0.084010881494644,0.1006463239847238,0.2811979779328218,0.1786166890814585
293,293.0,0.0757363218848916,0.0785893667210232,0.0738416941857829,0.1237258708773059,0.0830099462938195,0.0994871688968524,0.2872603135124827,0.1783493176278414
294,294.0,0.0748068424528564,0.0778168774529799,0.0728611364127229,0.1229161791493989,0.0821579408606122,0.09832123972373,0.2928895289100168,0.1782302550376826
295,295.0,0.0738912938873628,0.0770490404137942,0.0718952343634881,0.1221121801039824,0.0813265440462824,0.0971609161153849,0.2983028370105107,0.1782619540591942
296,296.0,0.0729942730995269,0.0762894742028239,0.0709492907867855,0.121453146920972,0.0805155269936356,0.0960125500371937,0.3035113983044504,0.1782743396546117
297,297.0,0.0721220556366263,0.0755436861099061,0.0700301960958915,0.1209347974731541,0.0797291306112522,0.0948840961712952,0.3084904753818747,0.1782655625199996
298,298.0,0.0712800602936599,0.074816523096243,0.0691438961201047,0.1205550971152329,0.0789709665368259,0.0937825662589826,0.31321663588816,0.1782342546907907
299,299.0,0.0704728800029357,0.0741121884641968,0.0682954266911127,0.1203317292326022,0.0782440426446327,0.0927140516515867,0.3176501889868182,0.1781794923261148
300,300.0,0.0697043179165334,0.0734342633314371,0.0674889538867822,0.1201117558619459,0.0775507920905459,0.0916837528732602,0.3219254061583552,0.1781007578811398
301,301.0,0.0689774278005703,0.072785732212813,0.0667278189635356,0.1198939305087927,0.076893105248293,0.0906960151961744,0.3260280679671092,0.1779979021027116
302,302.0,0.0682975690464379,0.0721705176125635,0.0660160926291097,0.1196892203108205,0.0762738694970417,0.0897634026922284,0.3299167163992947,0.1778726118125032
303,303.0,0.0676633171366937,0.071588943803754,0.0653540586035066,0.1194842535309498,0.0756924371005401,0.0888793347217966,0.3334730053900742,0.1778646497126847
304,304.0,0.0670771967282143,0.0710453170816169,0.0647443442558126,0.1192958033213451,0.0751566164078745,0.0880472491057395,0.3367882543371988,0.177845218762198
305,305.0,0.0665381873034891,0.070537503042311,0.0641859748180093,0.119104941363679,0.0746588785936499,0.0872669353370867,0.3399086872457413,0.1777988922960332
306,306.0,0.0660462691535235,0.0700659547547114,0.0636789247492978,0.1189109761307238,0.0741988742693358,0.0865390819864507,0.3428342441337141,0.1777256748222425
307,307.0,0.0656009680359307,0.069630738794414,0.0632226677479417,0.1187133741918695,0.073775942997603,0.0858638236874138,0.3454332446288128,0.1777592399160141
308,308.0,0.0652014049428345,0.0692315725912223,0.0628162317947129,0.1185117480358226,0.0733891500699346,0.0852407940214762,0.3478452950786224,0.177763803465374
309,309.0,0.0648507897512655,0.0688764103199011,0.062461329966849,0.1183133653172639,0.073047579964369,0.0846831988872657,0.3500028968234401,0.1777644289696453
310,310.0,0.0645474280158455,0.0685640953891501,0.0621561533274365,0.1181317679542454,0.072749508444413,0.0841893599178697,0.3520328959663054,0.1776287909847341
311,311.0,0.064284883332851,0.0682846156147869,0.0618955037453009,0.1179446826192546,0.0724827031563185,0.0837431220569109,0.353898890751607,0.1774655987229697
312,312.0,0.0640610675570758,0.0680365324375108,0.0616771058803393,0.1178630772365114,0.0722453306994074,0.083452318716221,0.3553881756286264,0.1772763918443075
313,313.0,0.0638737265320388,0.0678182559222589,0.0614984979507548,0.1177734859408565,0.0720354738426317,0.083202494323382,0.3567351910277275,0.1770628744603493
314,314.0,0.0637216733342981,0.0676304641755147,0.0613582692066811,0.1176905712125936,0.0718571305916466,0.0829914587249776,0.3576742486987481,0.1770761840555397
315,315.0,0.0636023979193127,0.0675823900417557,0.0612536735404918,0.1175033122625669,0.0717081061518888,0.0828157864020302,0.3583355276880905,0.177198805993863
316,316.0,0.0635143683374823,0.0675573583867656,0.0611818145686036,0.1173162749537405,0.0715812957187278,0.0826787165482279,0.3588769487665603,0.1772932227198917
317,317.0,0.063454941151315,0.0675524401442445,0.0611398336179279,0.1172501303726983,0.0714745708637021,0.0825766915688784,0.3591929245657305,0.1773584677155031
318,318.0,0.0634214589204575,0.0675648146390975,0.0611248649817104,0.1171819551786588,0.0713858375449754,0.0826137063258393,0.359313343509015,0.1773940189002459
319,319.0,0.0634090383202936,0.0675906666755868,0.0611329452938914,0.1171019691717701,0.0713119331678209,0.0826687017787053,0.3592808444484049,0.1775039011435265
320,320.0,0.0634151433351918,0.0676274746880947,0.0611613137585589,0.1171139363547271,0.0712509154565937,0.0827376101173312,0.3591126251721607,0.1775809811173413
321,321.0,0.0634373165744823,0.0676728766099504,0.0612072897903415,0.1171113783239392,0.071200929711302,0.0828166627656008,0.358928580036344,0.1776249661880394
322,322.0,0.063475343472373,0.0677311203884619,0.061269365491478,0.1170955388336182,0.0711655874129904,0.0829131361302829,0.3587117834319182,0.177638124838877
323,323.0,0.0635247575286498,0.067793543002157,0.0613439671006635,0.1170635887583878,0.0711377020260322,0.0830128117511437,0.3585048957795033,0.1776187340534625
324,324.0,0.0635844183638952,0.0678602630300416,0.0614297564175439,0.1170272800924799,0.0711207364978266,0.0831137690585482,0.3582850727919019,0.1775787037477624
325,325.0,0.0636512672792217,0.0679274812454475,0.061523484318499,0.1170740039840199,0.0712090325499302,0.0832123562987801,0.3578946972418931,0.1775076770822083
326,326.0,0.063724406404919,0.0679956239331225,0.0616240711469833,0.1171146355225828,0.0713031243308612,0.0833072563948285,0.3575130961671663,0.177417786099536
327,327.0,0.0638020631134386,0.0680632591915773,0.0617295721550772,0.1171481365953948,0.0714007395640329,0.0833964376787299,0.3571496221745719,0.177310169527177
328,328.0,0.0638826041191423,0.0681291149452449,0.0618381924298092,0.1171800490739672,0.0714998112763961,0.0835761933089865,0.3567079749719993,0.1771860598744542
329,329.0,0.0639635475912143,0.0682871825662471,0.0619472996426771,0.1173845171812007,0.0715935270982861,0.0837440895518925,0.3560439665458512,0.1770358698226306
330,330.0,0.0640435732477831,0.0684375646018565,0.0620554346031433,0.1175633274726571,0.0716803746029439,0.0838980993870642,0.3554603501728597,0.176861275911692
331,331.0,0.0641232734598239,0.0686748000274882,0.0621621809791743,0.1177237406681958,0.0717599621588451,0.0840427351845007,0.3548483516121669,0.1766649559098049
332,332.0,0.0641072332020034,0.0689004590835408,0.0622663735172016,0.1179587565839858,0.0718312187642756,0.0841765083740255,0.3543106811980336,0.1764487692769334
333,333.0,0.0640889052822551,0.0691117416224499,0.0623661114270166,0.118162412399743,0.0719876372963749,0.0842920326298145,0.3536764029455935,0.1763147563967521
334,334.0,0.0640693395715179,0.0694006975489814,0.0624615524583787,0.1183385460018518,0.0721335055391358,0.0843895378209119,0.3530288082565261,0.1761780128026961
335,335.0,0.0640475603802269,0.0696706950365346,0.0625509474201758,0.1184812295340208,0.0722654667168783,0.0844674958191977,0.3524936032655883,0.1760230018273774
336,336.0,0.0640245108440051,0.0699217409440894,0.0626345804677642,0.1186013882376786,0.0723877044566513,0.0846174523150875,0.3519522984334592,0.1758603243012645
337,337.0,0.0640002637706196,0.070152456621398,0.0627119751152984,0.1186987861487947,0.0725894209954702,0.0847467603596708,0.351409441999062,0.175690894989686
338,338.0,0.0639749013390469,0.0703618169637671,0.0627827684859019,0.1187734596902772,0.0727781384651419,0.084854835271082,0.3509584497700332,0.1755156300147495
339,339.0,0.063947647876421,0.0705473943110503,0.0628458381414021,0.1188144399896935,0.072947394124872,0.0849405195670756,0.3505346940843075,0.1754220719051778
340,340.0,0.0639186233362162,0.0707088427851754,0.0629010492243143,0.1188225431935865,0.0730963452983989,0.0850915306511399,0.3500524779035464,0.1754085876076222
341,341.0,0.0638879588907716,0.0708461062149344,0.0629483634274761,0.1187988673109181,0.0732244542970567,0.0852187533722241,0.3496970246138832,0.1753784718727356
342,342.0,0.0638557943673938,0.0709593894031757,0.0629878296154904,0.1187447522210935,0.0733314628791483,0.085321890384107,0.3494674485960892,0.1753314325335019
343,343.0,0.0638222758583158,0.0710491296674164,0.0630195745156108,0.1187472113735133,0.0734173664818259,0.085400936803775,0.3492760925555572,0.1752674127439853
344,344.0,0.0637883436499409,0.0711175491888874,0.0630445837031527,0.1187311777578214,0.0734871293398154,0.0854569406516549,0.3491790170477974,0.1751952586609296
345,345.0,0.0637547623150356,0.0711702528217164,0.0630630126477694,0.118688622342888,0.0735412910344854,0.0854988392698017,0.349175413363848,0.1751078062044552
346,346.0,0.0637209916851573,0.0712031703042872,0.0630752063391286,0.1186293891655529,0.0735799556749364,0.0855185935839977,0.3492601255333972,0.1750125677135427
347,347.0,0.0636871439763569,0.0712172912366492,0.0630814812916699,0.1185545818293488,0.0736036778965123,0.0855169725394569,0.3493396794350639,0.174999171794942
348,348.0,0.0636533246862339,0.0712137042051857,0.0630821843955021,0.1184653669497714,0.0736131155649969,0.0854949007290089,0.3495003487022847,0.1749770547670163
349,349.0,0.063619632126836,0.0711935757756927,0.0630776863457457,0.1183629557908707,0.073609012666843,0.0855347339786372,0.3496565031760995,0.1749459001392751
350,350.0,0.0635853808016177,0.0711565782598805,0.0630675992158108,0.1183262150008848,0.0735875253934189,0.0855540879747874,0.3497386604228183,0.1749839529307814
351,351.0,0.0635519862923008,0.0711099199268702,0.0631399567385453,0.1182686241435278,0.0735542392848798,0.0855620461325789,0.3498090864587191,0.175004141022578
352,352.0,0.063519577740451,0.0710502616314183,0.0632073169084829,0.1182009901173115,0.0735076287363069,0.0855564016795655,0.3498514990807425,0.1751063241057213
353,353.0,0.0634875734173037,0.0709789818736455,0.0632694283780803,0.1181230256042294,0.0734510462071933,0.0856120789155548,0.3498822309630452,0.1751956346409476
354,354.0,0.0634560297061747,0.0708973524320009,0.0634047660985843,0.1181202326261799,0.0733854989136857,0.0856491406855247,0.3498158986601087,0.1752710808777409
355,355.0,0.0624793536195558,0.0698609877526772,0.0625879790558624,0.1171717826981705,0.0723670608656568,0.0847271265660833,0.349133163829942,0.1816725456120518
356,356.0,0.0615132556164853,0.0688260495612886,0.06177319397399,0.1163017029310391,0.0713486882853337,0.083802014742365,0.3485185573121543,0.1879165375773438
357,357.0,0.0605661737190088,0.0678021543995812,0.0609681841437085,0.1154389783303821,0.0703398273460812,0.082882629190754,0.3478927364435947,0.1941093164268893
358,358.0,0.05964599484377,0.0668025097726252,0.0601797345294666,0.1145880192814013,0.0693516450489241,0.0819839044873191,0.3473370476197799,0.2001111444167136
359,359.0,0.0587591117857533,0.0658345090358983,0.0594138955684861,0.1137549719039745,0.0683914805864467,0.0811126431027326,0.3468541293827559,0.2058792586339524
360,360.0,0.0579109468875499,0.064904492448345,0.0586758892256506,0.1129452064420544,0.0674656661947394,0.0802746944126888,0.346445567122413,0.2113775372665587
361,361.0,0.0571053796641328,0.0640171738626221,0.0579689092467925,0.1122340838634721,0.0665789492109723,0.0794694550567639,0.3460504681545385,0.2165755809407056
362,362.0,0.0563466462087487,0.063177540126274,0.0572978598989051,0.1115540477740542,0.0657363868929564,0.0787065758174544,0.3457307154496173,0.2214502278319898
363,363.0,0.0556387499362144,0.0623945019982567,0.0566662965576597,0.1109120090750968,0.0648676566054071,0.0779972107542636,0.345538419703129,0.2259851553699725
364,364.0,0.0549812745848925,0.0616597089701332,0.0560752703532773,0.1103037271984775,0.0640464852222919,0.0773280331328936,0.3454416736753867,0.2301638268626473
365,365.0,0.0543755417756632,0.0609750604327332,0.0555264237629119,0.1097306670062175,0.0632755868945154,0.0767009412522582,0.345437533950112,0.2339782449255885
366,366.0,0.053822226542921,0.0603417732045414,0.0550208162846949,0.1091938125193619,0.0625569121947302,0.0761172336268633,0.3454436046202725,0.2375036210066147
367,367.0,0.0537188557341814,0.0601584931487976,0.0549570277876768,0.1062426146847604,0.0622922210888665,0.0752608105935332,0.3470197151761428,0.2403502617860413
368,368.0,0.0536659203435098,0.0600301473804543,0.054935445515192,0.103366668324002,0.0620858493862795,0.0744605419854701,0.3485995041428146,0.2428559229222776
369,369.0,0.0536576854053708,0.0599506899933395,0.0549496231122412,0.1006476267089347,0.0619297322986307,0.0737127493073521,0.3500544773400119,0.245097415834119
370,370.0,0.0536890543805324,0.0599152659014184,0.0549950307493353,0.0980215464569157,0.0618188311796736,0.0730185440913471,0.3514670309561057,0.2470746962846716
371,371.0,0.0536798425961599,0.059919621755313,0.0550678365588903,0.0955036087236999,0.0617492729590391,0.072378952415962,0.3529016247252713,0.2487992402656643
372,372.0,0.05370223118842,0.05995953459966,0.0551643214403709,0.0942175311694956,0.0617171648947045,0.0718701169602293,0.3531610208467441,0.2502080789003753
373,373.0,0.0537532570597203,0.0600314206100133,0.0552820441127071,0.0930592288765047,0.0617949625157304,0.0714204532397089,0.3533399721672645,0.2513186614183504
374,374.0,0.0537183368444561,0.060020105096743,0.0553064450571641,0.0918042533066102,0.0618658296406637,0.0709173313390972,0.3533306745063166,0.2530370242089487
375,375.0,0.0536176960541919,0.0600320627995961,0.0552584067830902,0.0914151908230446,0.0618827791982614,0.0703963960101506,0.3530730142438358,0.2543244540878292
376,376.0,0.0535396823850996,0.0600679936730785,0.0552264228258484,0.0911526973853671,0.0619265579252054,0.0699328197671741,0.3527832154314113,0.2553706106068154
