,Unnamed: 0,Total_iterations,Intertwine_two,Invert_path_vertices,Insert_inside_vertex,Delete_inside_vertex,Replace_inside_vertex,Donate_between_routes,Trim_one_terminal_cb,Grow_one_terminal_cb
0,0.0,0.0,0.125,0.125,0.125,0.125,0.125,0.125,0.125,0.125
1,1.0,0.10900000000000001,0.125,0.125,0.125,0.125,0.125,0.125,0.125,0.125
2,2.0,0.31601,0.125,0.125,0.125,0.125,0.125,0.125,0.125,0.125
3,3.0,0.6191589000000001,0.125,0.125,0.125,0.125,0.125,0.125,0.125,0.125
4,4.0,1.015801321,0.125,0.125,0.125,0.125,0.125,0.125,0.125,0.125
5,5.0,1.50262148669,0.125,0.125,0.125,0.125,0.125,0.125,0.125,0.125
6,6.0,2.0757334209441005,0.125,0.125,0.125,0.125,0.125,0.125,0.125,0.125
7,7.0,2.7307768275633495,0.125,0.125,0.125,0.125,0.125,0.125,0.125,0.125
8,8.0,3.4630081252450404,0.125,0.125,0.125,0.125,0.125,0.125,0.125,0.125
9,9.0,4.2673862119061114,0.125,0.125,0.125,0.125,0.125,0.125,0.125,0.125
10,10.0,5.138652627782014,0.125,0.125,0.125,0.125,0.125,0.125,0.125,0.125
11,11.0,6.071405875792507,0.125,0.125,0.125,0.125,0.125,0.125,0.125,0.125
12,12.0,7.060169740244025,0.125,0.125,0.125,0.125,0.125,0.125,0.125,0.125
13,13.0,8.099455520847952,0.125,0.125,0.125,0.125,0.125,0.125,0.125,0.125
14,14.0,9.183818168183006,0.125,0.125,0.125,0.125,0.125,0.125,0.125,0.125
15,15.0,10.307906369102724,0.125,0.125,0.125,0.125,0.125,0.125,0.125,0.125
16,16.0,11.466506686239443,0.125,0.125,0.125,0.125,0.125,0.125,0.125,0.125
17,17.0,12.654581904800096,0.125,0.125,0.125,0.125,0.125,0.125,0.125,0.125
18,18.0,13.867303782456686,0.125,0.125,0.125,0.125,0.125,0.125,0.125,0.125
19,19.0,15.100080434523047,0.125,0.125,0.125,0.125,0.125,0.125,0.125,0.125
20,20.0,16.348578617037543,0.125,0.125,0.125,0.125,0.125,0.125,0.125,0.125
21,21.0,17.608741195130214,0.125,0.125,0.125,0.125,0.125,0.125,0.125,0.125
22,22.0,18.876800103462312,0.125,0.125,0.125,0.125,0.125,0.125,0.125,0.125
23,23.0,20.14928511992658,0.125,0.125,0.125,0.125,0.125,0.125,0.125,0.125
24,24.0,21.423028783545156,0.125,0.125,0.125,0.125,0.125,0.125,0.125,0.125
25,25.0,22.695167792966423,0.125,0.125,0.125,0.125,0.125,0.125,0.125,0.125
26,26.0,23.963141223515898,0.125,0.125,0.125,0.125,0.125,0.125,0.125,0.125
27,27.0,25.224685898775267,0.125,0.125,0.125,0.125,0.125,0.125,0.125,0.125
28,28.0,26.477829247520948,0.125,0.125,0.125,0.125,0.125,0.125,0.125,0.125
29,29.0,27.720879968916847,0.125,0.125,0.125,0.125,0.125,0.125,0.125,0.125
30,30.0,28.95241681848399,0.125,0.125,0.125,0.125,0.125,0.125,0.125,0.125
31,31.0,30.17127581490958,0.125,0.125,0.125,0.125,0.125,0.125,0.125,0.125
32,32.0,31.376536153543515,0.125,0.125,0.125,0.125,0.125,0.125,0.125,0.125
33,33.0,32.567505096778625,0.125,0.125,0.125,0.125,0.125,0.125,0.125,0.125
34,34.0,33.74370209472243,0.125,0.125,0.125,0.125,0.125,0.125,0.125,0.125
35,35.0,34.90484237192463,0.125,0.125,0.125,0.125,0.125,0.125,0.125,0.125
36,36.0,36.05082019768737,0.125,0.125,0.125,0.125,0.125,0.125,0.125,0.125
37,37.0,37.18169203889697,0.125,0.125,0.125,0.125,0.125,0.125,0.125,0.125
38,38.0,38.29765977559663,0.125,0.125,0.125,0.125,0.125,0.125,0.125,0.125
39,39.0,39.399054140870355,0.125,0.125,0.125,0.125,0.125,0.125,0.125,0.125
40,40.0,40.48631852820801,0.125,0.125,0.125,0.125,0.125,0.125,0.125,0.125
41,41.0,41.55999329152982,0.125,0.125,0.125,0.125,0.125,0.125,0.125,0.125
42,42.0,42.62070064560415,0.125,0.125,0.125,0.125,0.125,0.125,0.125,0.125
43,43.0,43.669130257815,0.125,0.125,0.125,0.125,0.125,0.125,0.125,0.125
44,44.0,44.70602560622662,0.125,0.125,0.125,0.125,0.125,0.125,0.125,0.125
45,45.0,45.73217116373481,0.125,0.125,0.125,0.125,0.125,0.125,0.125,0.125
46,46.0,46.75838045385483,0.125,0.125,0.125,0.125,0.125,0.125,0.125,0.125
47,47.0,47.77538501042431,0.125,0.125,0.125,0.125,0.125,0.125,0.125,0.125
48,48.0,48.78393526123259,0.125,0.125,0.125,0.125,0.125,0.125,0.125,0.125
49,49.0,49.78479113434773,0.125,0.125,0.125,0.125,0.125,0.125,0.125,0.125
50,50.0,50.77871350880787,0.125,0.125,0.125,0.125,0.125,0.125,0.125,0.125
51,51.0,51.77645651073392,0.125,0.125,0.125,0.125,0.125,0.125,0.125,0.125
52,52.0,52.77866064736003,0.125,0.125,0.125,0.125,0.125,0.125,0.125,0.125
53,53.0,53.78585776384992,0.125,0.125,0.125,0.125,0.125,0.125,0.125,0.125
54,54.0,54.78847659105232,0.125,0.125,0.125,0.125,0.125,0.125,0.125,0.125
55,55.0,55.79694876962397,0.125,0.125,0.125,0.125,0.125,0.125,0.125,0.125
56,56.0,56.801604242642206,0.125,0.125,0.125,0.125,0.125,0.125,0.125,0.125
57,57.0,57.8027781259322,0.125,0.125,0.125,0.125,0.125,0.125,0.125,0.125
58,58.0,58.80080683963387,0.125,0.125,0.125,0.125,0.125,0.125,0.125,0.125
59,59.0,59.79602461356904,0.125,0.125,0.125,0.125,0.125,0.125,0.125,0.125
60,60.0,60.788760363975,0.125,0.125,0.125,0.125,0.125,0.125,0.125,0.125
61,61.0,61.799334935700614,0.125,0.125,0.125,0.125,0.125,0.125,0.125,0.125
62,62.0,62.80785870089666,0.125,0.125,0.125,0.125,0.125,0.125,0.125,0.125
63,63.0,63.81445150256414,0.125,0.125,0.125,0.125,0.125,0.125,0.125,0.125
64,64.0,64.81924050903923,0.125,0.125,0.125,0.125,0.125,0.125,0.125,0.125
65,65.0,65.82235820977641,0.125,0.125,0.125,0.125,0.125,0.125,0.125,0.125
66,66.0,66.82394055834212,0.125,0.125,0.125,0.125,0.125,0.125,0.125,0.125
67,67.0,67.84412526646783,0.125,0.125,0.125,0.125,0.125,0.125,0.125,0.125
68,68.0,68.8628502511163,0.125,0.125,0.125,0.125,0.125,0.125,0.125,0.125
69,69.0,69.88007423478875,0.125,0.125,0.125,0.125,0.125,0.125,0.125,0.125
70,70.0,70.89577507774608,0.125,0.125,0.125,0.125,0.125,0.125,0.125,0.125
71,71.0,71.91994808563021,0.125,0.125,0.125,0.125,0.125,0.125,0.125,0.125
72,72.0,72.94250431186963,0.125,0.125,0.125,0.125,0.125,0.125,0.125,0.125
73,73.0,73.9633798723664,0.125,0.125,0.125,0.125,0.125,0.125,0.125,0.125
74,74.0,74.98253407808984,0.125,0.125,0.125,0.125,0.125,0.125,0.125,0.125
75,75.0,75.99994752246002,0.125,0.125,0.125,0.125,0.125,0.125,0.125,0.125
76,76.0,77.01562014716859,0.125,0.125,0.125,0.125,0.125,0.125,0.125,0.125
77,77.0,78.02956930793461,0.125,0.125,0.125,0.125,0.125,0.125,0.125,0.125
78,78.0,79.0418278595447,0.125,0.125,0.125,0.125,0.125,0.125,0.125,0.125
79,79.0,80.05244227739831,0.125,0.125,0.125,0.125,0.125,0.125,0.125,0.125
80,80.0,81.06147083069258,0.125,0.125,0.125,0.125,0.125,0.125,0.125,0.125
81,81.0,82.06898182035052,0.125,0.125,0.125,0.125,0.125,0.125,0.125,0.125
82,82.0,83.07505189283914,0.125,0.125,0.125,0.125,0.125,0.125,0.125,0.125
83,83.0,84.07976443915052,0.125,0.125,0.125,0.125,0.125,0.125,0.125,0.125
84,84.0,85.08320808643926,0.125,0.125,0.125,0.125,0.125,0.125,0.125,0.125
85,85.0,86.08547528813473,0.125,0.125,0.125,0.125,0.125,0.125,0.125,0.125
86,86.0,87.0866610167793,0.125,0.125,0.125,0.125,0.125,0.125,0.125,0.125
87,87.0,88.08686156239162,0.125,0.125,0.125,0.125,0.125,0.125,0.125,0.125
88,88.0,89.0861734378188,0.125,0.125,0.125,0.125,0.125,0.125,0.125,0.125
89,89.0,90.08469239132506,0.125,0.125,0.125,0.125,0.125,0.125,0.125,0.125
90,90.0,91.08251252556745,0.125,0.125,0.125,0.125,0.125,0.125,0.125,0.125
91,91.0,92.07972552112993,0.125,0.125,0.125,0.125,0.125,0.125,0.125,0.125
92,92.0,93.07641996192486,0.125,0.125,0.125,0.125,0.125,0.125,0.125,0.125
93,93.0,94.07268075902105,0.125,0.125,0.125,0.125,0.125,0.125,0.125,0.125
94,94.0,95.06858866881741,0.125,0.125,0.125,0.125,0.125,0.125,0.125,0.125
95,95.0,96.06421990094597,0.125,0.125,0.125,0.125,0.125,0.125,0.125,0.125
96,96.0,97.0596458108522,0.125,0.125,0.125,0.125,0.125,0.125,0.125,0.125
97,97.0,98.05493267165929,0.125,0.125,0.125,0.125,0.125,0.125,0.125,0.125
98,98.0,99.05014151966908,0.125,0.125,0.125,0.125,0.125,0.125,0.125,0.125
99,99.0,100.04532806768121,0.125,0.125,0.125,0.125,0.125,0.125,0.125,0.125
100,100.0,101.04054268021531,0.125,0.125,0.125,0.125,0.125,0.125,0.125,0.125
101,101.0,102.04583040469385,0.125,0.125,0.125,0.125,0.125,0.125,0.125,0.125
102,102.0,103.05113105267759,0.125,0.125,0.125,0.125,0.125,0.125,0.125,0.125
103,103.0,104.05639032533617,0.125,0.125,0.125,0.125,0.125,0.125,0.125,0.125
104,104.0,105.07155976747553,0.125,0.125,0.125,0.125,0.125,0.125,0.125,0.125
105,105.0,106.08649666772622,0.125,0.125,0.125,0.125,0.125,0.125,0.125,0.125
106,106.0,107.10107491127458,0.125,0.125,0.125,0.125,0.125,0.125,0.125,0.125
107,107.0,108.11518458135535,0.125,0.125,0.125,0.125,0.125,0.125,0.125,0.125
108,108.0,109.1287314386145,0.125,0.125,0.125,0.125,0.125,0.125,0.125,0.125
109,109.0,110.14163629576157,0.125,0.125,0.125,0.125,0.125,0.125,0.125,0.125
110,110.0,111.15383430423634,0.125,0.125,0.125,0.125,0.125,0.125,0.125,0.125
111,111.0,112.16527416882126,0.125,0.125,0.125,0.125,0.125,0.125,0.125,0.125
112,112.0,113.17591730525947,0.125,0.125,0.125,0.125,0.125,0.125,0.125,0.125
113,113.0,114.18573695500127,0.125,0.125,0.125,0.125,0.125,0.125,0.125,0.125
114,114.0,115.19471727021887,0.125,0.125,0.125,0.125,0.125,0.125,0.125,0.125
115,115.0,116.20285238121254,0.125,0.125,0.125,0.125,0.125,0.125,0.125,0.125
116,116.0,117.2201454572947,0.125,0.125,0.125,0.125,0.125,0.125,0.125,0.125
117,117.0,118.2365077711957,0.125,0.125,0.125,0.125,0.125,0.125,0.125,0.125
118,118.0,119.26186877599464,0.125,0.125,0.125,0.125,0.125,0.125,0.125,0.125
119,119.0,120.28607499255375,0.125,0.125,0.125,0.125,0.125,0.125,0.125,0.125
120,120.0,121.3089998375314,0.125,0.125,0.125,0.125,0.125,0.125,0.125,0.125
121,121.0,122.33054219963597,0.125,0.125,0.125,0.125,0.125,0.125,0.125,0.125
122,122.0,123.35062490353374,0.125,0.125,0.125,0.125,0.125,0.125,0.125,0.125
123,123.0,124.36919308800638,0.125,0.125,0.125,0.125,0.125,0.125,0.125,0.125
124,124.0,125.38621252315171,0.125,0.125,0.125,0.125,0.125,0.125,0.125,0.125
125,125.0,126.40166788955098,0.125,0.125,0.125,0.125,0.125,0.125,0.125,0.125
126,126.0,127.41556104041481,0.125,0.125,0.125,0.125,0.125,0.125,0.125,0.125
127,127.0,128.42790926578812,0.125,0.125,0.125,0.125,0.125,0.125,0.125,0.125
128,128.0,129.4387435759662,0.125,0.125,0.125,0.125,0.125,0.125,0.125,0.125
129,129.0,130.44810701936683,0.125,0.125,0.125,0.125,0.125,0.125,0.125,0.125
130,130.0,131.45605304823374,0.125,0.125,0.125,0.125,0.125,0.125,0.125,0.125
131,131.0,132.4626439437316,0.125,0.125,0.125,0.125,0.125,0.125,0.125,0.125
132,132.0,133.46794931024235,0.125,0.125,0.125,0.125,0.125,0.125,0.125,0.125
133,133.0,134.47204464699962,0.125,0.125,0.125,0.125,0.125,0.125,0.125,0.125
134,134.0,135.47501000361117,0.125,0.125,0.125,0.125,0.125,0.125,0.125,0.125
135,135.0,136.47692872452544,0.125,0.125,0.125,0.125,0.125,0.125,0.125,0.125
136,136.0,137.47788628610303,0.125,0.125,0.125,0.125,0.125,0.125,0.125,0.125
137,137.0,138.47796922866183,0.125,0.125,0.125,0.125,0.125,0.125,0.125,0.125
138,138.0,139.47726418467815,0.125,0.125,0.125,0.125,0.125,0.125,0.125,0.125
139,139.0,140.47585700324603,0.125,0.125,0.125,0.125,0.125,0.125,0.125,0.125
140,140.0,141.47383196992467,0.125,0.125,0.125,0.125,0.125,0.125,0.125,0.125
141,141.0,142.47127112023622,0.125,0.125,0.125,0.125,0.125,0.125,0.125,0.125
142,142.0,143.46825364431425,0.125,0.125,0.125,0.125,0.125,0.125,0.125,0.125
143,143.0,144.46485537954132,0.125,0.125,0.125,0.125,0.125,0.125,0.125,0.125
144,144.0,145.46114838745027,0.125,0.125,0.125,0.125,0.125,0.125,0.125,0.125
145,145.0,146.4572006106938,0.125,0.125,0.125,0.125,0.125,0.125,0.125,0.125
146,146.0,147.45307560550606,0.125,0.125,0.125,0.125,0.125,0.125,0.125,0.125
147,147.0,148.44883234478203,0.125,0.125,0.125,0.125,0.125,0.125,0.125,0.125
148,148.0,149.4445250866826,0.125,0.125,0.125,0.125,0.125,0.125,0.125,0.125
149,149.0,150.44020330352626,0.125,0.125,0.125,0.125,0.125,0.125,0.125,0.125
150,150.0,151.43591166565028,0.125,0.125,0.125,0.125,0.125,0.125,0.125,0.125
151,151.0,152.43169007490545,0.125,0.125,0.125,0.125,0.125,0.125,0.125,0.125
152,152.0,153.42757374248603,0.125,0.125,0.125,0.125,0.125,0.125,0.125,0.125
153,153.0,154.42359330588368,0.125,0.125,0.125,0.125,0.125,0.125,0.125,0.125
154,154.0,155.41977497988273,0.125,0.125,0.125,0.125,0.125,0.125,0.125,0.125
155,155.0,156.41614073668302,0.125,0.125,0.125,0.125,0.125,0.125,0.125,0.125
156,156.0,157.4127085104365,0.125,0.125,0.125,0.125,0.125,0.125,0.125,0.125
157,157.0,158.40949242171024,0.125,0.125,0.125,0.125,0.125,0.125,0.125,0.125
158,158.0,159.4065030176395,0.125,0.125,0.125,0.125,0.125,0.125,0.125,0.125
159,159.0,160.40374752379944,0.125,0.125,0.125,0.125,0.125,0.125,0.125,0.125
160,160.0,161.40123010410542,0.125,0.125,0.125,0.125,0.125,0.125,0.125,0.125
161,161.0,162.39895212533975,0.125,0.125,0.125,0.125,0.125,0.125,0.125,0.125
162,162.0,163.39691242319725,0.125,0.125,0.125,0.125,0.125,0.125,0.125,0.125
163,163.0,164.395107567037,0.125,0.125,0.125,0.125,0.125,0.125,0.125,0.125
164,164.0,165.3935321208224,0.125,0.125,0.125,0.125,0.125,0.125,0.125,0.125
165,165.0,166.3921788980211,0.125,0.125,0.125,0.125,0.125,0.125,0.125,0.125
166,166.0,167.39103920851966,0.125,0.125,0.125,0.125,0.125,0.125,0.125,0.125
167,167.0,168.3901030958832,0.125,0.125,0.125,0.125,0.125,0.125,0.125,0.125
168,168.0,169.38935956355155,0.125,0.125,0.125,0.125,0.125,0.125,0.125,0.125
169,169.0,170.39879678881755,0.125,0.125,0.125,0.125,0.125,0.125,0.125,0.125
170,170.0,171.40830232366878,0.125,0.125,0.125,0.125,0.125,0.125,0.125,0.125
171,171.0,172.41777428179816,0.125,0.125,0.125,0.125,0.125,0.125,0.125,0.125
172,172.0,173.42712130129664,0.125,0.125,0.125,0.125,0.125,0.125,0.125,0.125
173,173.0,174.43626240583228,0.125,0.125,0.125,0.125,0.125,0.125,0.125,0.125
174,174.0,175.44512677585607,0.125,0.125,0.125,0.125,0.125,0.125,0.125,0.125
175,175.0,176.45365344111892,0.125,0.125,0.125,0.125,0.125,0.125,0.125,0.125
176,176.0,177.4617909054443,0.125,0.125,0.125,0.125,0.125,0.125,0.125,0.125
177,177.0,178.46949671428268,0.125,0.125,0.125,0.125,0.125,0.125,0.125,0.125
178,178.0,179.47673697509438,0.125,0.125,0.125,0.125,0.125,0.125,0.125,0.125
179,179.0,180.48348584007402,0.125,0.125,0.125,0.125,0.125,0.125,0.125,0.125
180,180.0,181.48972496015494,0.125,0.125,0.125,0.125,0.125,0.125,0.125,0.125
181,181.0,182.49544291862622,0.125,0.125,0.125,0.125,0.125,0.125,0.125,0.125
182,182.0,183.5006346520641,0.125,0.125,0.125,0.125,0.125,0.125,0.125,0.125
183,183.0,184.50530086563754,0.125,0.125,0.125,0.125,0.125,0.125,0.125,0.125
184,184.0,185.5094474491973,0.125,0.125,0.125,0.125,0.125,0.125,0.125,0.125
185,185.0,186.5130848999091,0.125,0.125,0.125,0.125,0.125,0.125,0.125,0.125
186,186.0,187.51622775655062,0.125,0.125,0.125,0.125,0.125,0.125,0.125,0.125
187,187.0,188.51889404996246,0.125,0.125,0.125,0.125,0.125,0.125,0.125,0.125
188,188.0,189.5211047735335,0.125,0.125,0.125,0.125,0.125,0.125,0.125,0.125
189,189.0,190.52288337701214,0.125,0.125,0.125,0.125,0.125,0.125,0.125,0.125
190,190.0,191.52425528637278,0.125,0.125,0.125,0.125,0.125,0.125,0.125,0.125
191,191.0,192.5252474519336,0.125,0.125,0.125,0.125,0.125,0.125,0.125,0.125
192,192.0,193.52588792641902,0.125,0.125,0.125,0.125,0.125,0.125,0.125,0.125
193,193.0,194.52620547419173,0.125,0.125,0.125,0.125,0.125,0.125,0.125,0.125
194,194.0,195.52622921244526,0.125,0.125,0.125,0.125,0.125,0.125,0.125,0.125
195,195.0,196.52598828474896,0.125,0.125,0.125,0.125,0.125,0.125,0.125,0.125
196,196.0,197.52551156697479,0.125,0.125,0.125,0.125,0.125,0.125,0.125,0.125
197,197.0,198.5248274053083,0.125,0.125,0.125,0.125,0.125,0.125,0.125,0.125
198,198.0,199.5239633857554,0.125,0.125,0.125,0.125,0.125,0.125,0.125,0.125
199,199.0,200.5229461343002,0.125,0.125,0.125,0.125,0.125,0.125,0.125,0.125
200,200.0,201.52180114664756,0.125,0.125,0.125,0.125,0.125,0.125,0.125,0.125
201,201.0,202.52055264629368,0.125,0.125,0.125,0.125,0.125,0.125,0.125,0.125
202,202.0,203.51922346951227,0.12465909090909091,0.12465909090909091,0.12465909090909091,0.12465909090909091,0.12465909090909091,0.12465909090909091,0.12556818181818183,0.12647727272727272
203,203.0,204.51783497571387,0.12432159090909091,0.12432159090909091,0.12432159090909091,0.12432159090909091,0.12432159090909091,0.12432159090909091,0.12613068181818182,0.12793977272727272
204,204.0,205.51640698153818,0.1239905340909091,0.1239905340909091,0.1239905340909091,0.1239905340909091,0.1239905340909091,0.1239905340909091,0.12668244318181818,0.12937435227272726
205,205.0,206.5149577169647,0.1235928291287879,0.1235928291287879,0.1235928291287879,0.1235928291287879,0.1235928291287879,0.1235928291287879,0.1279008403409091,0.13054218488636363
206,206.0,207.5135038016789,0.1231431971408217,0.12391242791005247,0.1231431971408217,0.1231431971408217,0.1231431971408217,0.1231431971408217,0.1289010816883741,0.13147050469746502
207,207.0,208.51206023990488,0.12270901945716699,0.12423978868793621,0.12270901945716699,0.12270901945716699,0.12270901945716699,0.12270901945716699,0.12986805731497814,0.13234705671125088
208,208.0,209.51064043190922,0.1222381473692841,0.12446097154510827,0.1222381473692841,0.1222381473692841,0.1222381473692841,0.1222381473692841,0.13134487458599176,0.1330034170224797
209,209.0,210.50925620039405,0.12178840958792522,0.12468328354396918,0.12178840958792522,0.12178840958792522,0.12178840958792522,0.12178840958792522,0.13277127566975838,0.13360339284664655
210,210.0,211.50791783002646,0.12117568212374362,0.12467026166623446,0.12117568212374362,0.12117568212374362,0.12184234879041028,0.12117568212374362,0.13491978420591108,0.13386487684246992
211,211.0,212.50663411839534,0.12143747058474275,0.12446183935961087,0.12043747058474275,0.12043747058474275,0.12172247058474273,0.12043747058474275,0.1372292440463894,0.1338365636702863
212,212.0,213.50541243674337,0.12172120549379452,0.12425464089005353,0.11973120549379453,0.11973120549379453,0.1216223554937945,0.11973120549379453,0.139447965462356,0.13376021617861814
213,213.0,214.50425879888917,0.12202185485700318,0.12405061585855139,0.11906075485700318,0.11906075485700318,0.12154102835700317,0.11906075485700318,0.14156283508210238,0.1336414012743306
214,214.0,215.50317793683152,0.1221161378476204,0.12368704866894015,0.1183015679385295,0.1183015679385295,0.12131298514764713,0.1183015679385295,0.1446947738810317,0.13328435063917238
215,215.0,216.50217338161133,0.12204890424447867,0.12312727549532018,0.11796900358094332,0.11741344802538776,0.12089892419146978,0.11741344802538776,0.14846838330130532,0.13266061313570748
216,216.0,217.50124754809704,0.12196215004160929,0.12252185866507657,0.11761965740427391,0.11654334161480022,0.12044693186996303,0.11654334161480022,0.15190779217833011,0.13245492661114694
217,217.0,218.5004018224532,0.12170717968949858,0.12180565913641656,0.11718294347643868,0.11562239084485973,0.11988956366711731,0.11645572417819305,0.155284753750388,0.13205178525708833
218,218.0,219.49963665114922,0.1213113977014671,0.1210007458019812,0.11667579433934541,0.11466884359999704,0.11924675948060784,0.11626307436922781,0.15887865026021483,0.13195473444715897
219,219.0,220.49895163046415,0.12079690011504426,0.12007018747184071,0.11605647330143916,0.11364185974651776,0.11847963924681436,0.115981878977287,0.16288888110596733,0.13208418003508962
220,220.0,221.49834559554296,0.12017053102967407,0.11908034452118336,0.11538688105549665,0.112603825402504,0.1176527960651196,0.11561363207832819,0.16746102236421156,0.13203096748348278
221,221.0,222.49781670815844,0.11936216581809468,0.11795730749096152,0.11458900429417501,0.11147681899060757,0.1166907343115247,0.1150831458240325,0.1731179824124585,0.1317228408581457
222,222.0,223.49736254243078,0.11840616698464379,0.11673215260400377,0.1136901766811953,0.11028789654514623,0.11562312290532556,0.11442002825207757,0.17964700602569555,0.1311934500019124
223,223.0,224.49698016785158,0.11739612567087557,0.11549549107638349,0.11277762945938336,0.10950828677546132,0.11453934080737482,0.11371344146098138,0.18603286008311365,0.1305368246664266
224,224.0,225.49666622905178,0.11634796467102462,0.11426045096337746,0.11186147083777484,0.10911483565797671,0.11345145368376147,0.1129752163736342,0.19221833792514365,0.12977026988730725
225,225.0,226.49641702184147,0.11528914207376627,0.11306503354891934,0.1109770365668305,0.10876534152957892,0.11239656393255293,0.11222906358060313,0.19828827953549305,0.12898953923225603
226,226.0,227.49622856513375,0.11428394384376118,0.11194354652677263,0.11015631434366707,0.10848521942211695,0.11140823650349449,0.11153586895933423,0.2039566970159633,0.1282301733848903
227,227.0,228.49609666844546,0.11333705952658411,0.11089981172792765,0.10903076981536772,0.10864070372494217,0.11048969843866172,0.11089726863886401,0.20920705860473765,0.12749762952291513
228,228.0,229.49601699474158,0.11238626748194913,0.10988372046211395,0.10793593068836117,0.10877411977828057,0.10959038536635168,0.11024833010014239,0.21449037610522875,0.1266908700175725
229,229.0,230.49598511846068,0.11142432175096724,0.10963066068627865,0.10683884595118076,0.1088442798568464,0.10867612854639655,0.10957943189830059,0.2192238286895408,0.12578250262048915
230,230.0,231.49599657862325,0.11046429390329901,0.1093215333366144,0.10575304775593172,0.10885791317395371,0.10775949115644524,0.10890159572538513,0.22415006895500092,0.12479205599337001
231,231.0,232.49604692698333,0.1094693970227164,0.10894407420268254,0.10466587954780956,0.10993978375111305,0.10682708388424719,0.10817629833385912,0.22826426591757545,0.12371321733999684
232,232.0,233.49613177123754,0.10907842133126777,0.10851024910480074,0.1035889208103504,0.11087972716241273,0.10588997536511018,0.10741589316945002,0.23207264413594425,0.12256416892066406
233,233.0,234.496246813354,0.1086448629830961,0.10804936631349915,0.10254144573225603,0.1117197329484031,0.1055648402320758,0.10664073828311446,0.2354207028597752,0.1214183106477803
234,234.0,235.49638788312524,0.10823336383944564,0.10761564812191746,0.10155426985593118,0.1124890337349363,0.10527814019374881,0.10588301997270452,0.23838077121614465,0.12056575306517157
235,235.0,236.49655096708813,0.10777935892779666,0.10714421359863721,0.10059780303386073,0.11311936318449237,0.1049623970876795,0.10511477745878978,0.24161341658740138,0.11966867012134255
236,236.0,237.49673223298382,0.10729923503091864,0.10665955088467312,0.09968634780245368,0.11364997546424957,0.10463967481431483,0.10487848553456262,0.24439030817111448,0.11879642229771326
237,237.0,238.4969280499601,0.10682809759399556,0.10618167558007938,0.09883836370880389,0.11411322847608253,0.10432774466696415,0.10515100436798888,0.24659079089173966,0.11796909471434615
238,238.0,239.49713500473916,0.10634101869034472,0.10570019205615346,0.09804161315254394,0.11448248496160891,0.10401415109368814,0.105376177516103,0.24886826423403757,0.11717609829552048
239,239.0,240.49734991399293,0.10570432746553961,0.10508054718033905,0.09715942794598507,0.11573442732957942,0.10356246758308331,0.10541613557560277,0.251060249370413,0.116282417549458
240,240.0,241.49756983318142,0.10506296639314273,0.10446677837481338,0.0963334805708223,0.11723670948347585,0.10354982741091445,0.10541233247758441,0.2525065404083045,0.11543136488094255
241,241.0,242.49779206211923,0.10431122517793542,0.10375225533893219,0.09545455571676119,0.11940373354089395,0.10341085197353397,0.10525626209731392,0.2541898967936903,0.11422121936093926
242,242.0,243.49801414754205,0.10355771552615342,0.10303625950513377,0.0946275668394612,0.12141179340609055,0.10324126301204017,0.10505440582778128,0.25605748861868355,0.11301350726465628
243,243.0,244.4982338829472,0.10362638203104525,0.10223326959861023,0.09376351981519265,0.12298050478781429,0.10323038241791488,0.10472011794920574,0.25771969885799145,0.11172612454222569
244,244.0,245.49844930598235,0.10355199252771191,0.10137916640892336,0.09288716841537516,0.12501621293091045,0.10350157115355807,0.10458422745366548,0.25865162725417484,0.11042803385568091
245,245.0,246.49865869365416,0.10335616116195626,0.10049047762085286,0.09201178891653528,0.1266480124890358,0.1036798178762351,0.10434869197457436,0.25983702773608525,0.10962802222472529
246,246.0,247.49886055562226,0.10304939247166227,0.09956607793081744,0.09114048518880201,0.12859325408937777,0.10375083504314556,0.10401869367031391,0.26112981525781614,0.10875144634806505
247,247.0,248.4990536258373,0.10274282537279587,0.09866632723702233,0.09032987363125825,0.13035272222530805,0.10377100361246631,0.10398705509517801,0.2622391254036739,0.10791106742229736
248,248.0,249.49923685277247,0.10244436149328212,0.09780938005120529,0.0895876197694901,0.1322213647118335,0.10376241407949538,0.10391758757896215,0.2631143695951909,0.1071429027205406
249,249.0,250.4994093884864,0.10214790982248803,0.09698486814738397,0.08890680388962799,0.1341535161037402,0.10370581671280941,0.10380534129305408,0.2638828285997012,0.10641291543119517
250,250.0,251.4995705767441,0.10082663126321342,0.09516819984179097,0.08725923157591475,0.13507082893572533,0.10257585338027536,0.10262497345125034,0.2637799021699469,0.11269437938188295
251,251.0,252.49971994040857,0.09880515262417681,0.0933999835579328,0.0856819985540512,0.13578683384765652,0.10165718066349728,0.10238148541109388,0.2633413994941448,0.11894596584744677
252,252.0,253.4998571683025,0.09681482584419765,0.09169132519222556,0.08418281352784332,0.13654891364333832,0.10070972242977574,0.1023507395374621,0.2625958203948461,0.12510583943031126
253,253.0,254.49998210172402,0.0948707426298908,0.09005166793955906,0.08276786005148597,0.137121430806988,0.10002055379306683,0.10228336754355355,0.26176505051993626,0.13111932671551962
254,254.0,255.50009472078617,0.09298606689709672,0.08848886429558678,0.08144188721311103,0.13751382392303316,0.09931025265911478,0.10218039204769792,0.2611399668902522,0.13693874607410741
255,255.0,256.5001951307342,0.09118771706588334,0.08702464282910187,0.08021864131826764,0.1377881715262218,0.09861026806794816,0.1023378123892362,0.26027902457308283,0.14255372223025814
256,256.0,257.50028354838014,0.08946872971413689,0.08564770811396431,0.07908939971389191,0.13790116210455133,0.09789934827700339,0.10245156146967657,0.25964442530198273,0.14789766530479287
257,257.0,258.50036028877764,0.08784164189011179,0.0846212233334344,0.07805996882559538,0.1378883857935462,0.09720189727875336,0.10252625929921541,0.2588942881474192,0.15296633543192423
258,258.0,259.5004257522476,0.08630747601433114,0.08367870682139059,0.0771252171792434,0.1379536997831683,0.09650229191805268,0.10255716413909649,0.2581636393225035,0.1577118048222139
259,259.0,260.5004804118481,0.08489167529184424,0.08284144311519767,0.07629458247725594,0.13791969151876518,0.09583842045197437,0.10259724687389774,0.257489553388727,0.16212738688233788
260,260.0,261.5005248013701,0.08358467700078573,0.08208931834473991,0.07555988235938475,0.13778340003510975,0.09518323295346098,0.10285397830832603,0.2567507527339233,0.16619475826426955
261,261.0,262.5005595039262,0.08239886150361768,0.0814364946287008,0.074923834510255,0.13756529549676738,0.09456749594900976,0.10311471060899172,0.25587724456205024,0.17011606274060742
262,262.0,263.5005851411874,0.08131747031561223,0.08086598651744127,0.0743765982666347,0.13726449850663788,0.09397641704200521,0.10332391357100944,0.2551831250852997,0.17369199069535957
263,263.0,264.50060236331063,0.08033564961415933,0.08036592838371376,0.07391011136229567,0.13686584337725444,0.09339533475146869,0.10347740526511093,0.25475346837623897,0.17689625886975824
264,264.0,265.50061183958843,0.07945190051239312,0.07993263637160113,0.07352015966012075,0.1363797149154782,0.09282633733264903,0.10357590030292899,0.25438532648179235,0.17992802442303651
265,265.0,266.50061424984256,0.07866393088332292,0.07956217264243506,0.07320220726424537,0.13600873503081107,0.0922712585446766,0.10362068378223588,0.25407902174697033,0.1825919901053028
266,266.0,267.50061027657284,0.07796875645399604,0.07925040877979808,0.07295147336607828,0.1355651890652628,0.0917316824815712,0.10361353862114053,0.2540228240784353,0.1848961271537178
267,267.0,268.5006005978644,0.07736279871255036,0.07899308475710456,0.072763003857852,0.1350574236218417,0.09120895041356172,0.10355667516960236,0.25420679674993696,0.18685126671755037
268,268.0,269.50058588104815,0.07684197897664437,0.07878586333322846,0.07263173752553129,0.13467550145234697,0.09070416938794583,0.10365674523135478,0.254233300509125,0.1884707035838233
269,269.0,270.500566777103,0.07640505482648056,0.0786308733046893,0.07255581345806265,0.13426658071569694,0.09023120935488183,0.10370965705431764,0.25440826907084557,0.18979254221502553
270,270.0,271.50054391578135,0.07604706504794907,0.07852347478524077,0.07252998622111693,0.13383584253109945,0.08979015496996774,0.10371674890306765,0.25472387394172497,0.19083285359983343
271,271.0,272.500517901434,0.07576278054663878,0.07845904217705138,0.07254904662649468,0.13338821111951268,0.0893808031255205,0.10367976031435526,0.25517142651890495,0.19160892957152176
272,272.0,273.50048930950715,0.07554353581454507,0.07842651460882656,0.0726046230166386,0.1329023547572542,0.08898970540946126,0.10359752522071237,0.25581948106962804,0.1921162601029339
273,273.0,274.5004586836779,0.0753909292635223,0.07843219689638688,0.07269535762281913,0.13239077340181518,0.08863422712657475,0.1034970128130878,0.25658127137431086,0.1923782315014831
274,274.0,275.50042653359475,0.0752922298770009,0.07846111859732281,0.07281292801812664,0.13185152548659404,0.08829586985319025,0.10335539254860192,0.25751930643903104,0.19241162918013238
275,275.0,276.500393333184,0.07525057163871056,0.07851807419246032,0.07295860493437716,0.13132725423711403,0.08798871264780445,0.10319250749824078,0.25850383436423163,0.1922604404870611
276,276.0,277.50035951948246,0.07525731184809843,0.07859319685041909,0.07312498223241772,0.13079789365742514,0.08769993575387015,0.10300767557190066,0.25959504046347126,0.1919239636223975
277,277.0,278.5003254919563,0.07530127721462715,0.07868007188141533,0.07330509567032839,0.13025314194148113,0.08742593100825265,0.10278914538570535,0.2608256440640748,0.19141969283411508
278,278.0,279.5002916122632,0.07538278993809304,0.07877820217205832,0.07349791775055302,0.1297107681349961,0.08716871787365658,0.10272597107584759,0.26196517478686154,0.1907704582679337
279,279.0,280.50025820441675,0.07549669517905086,0.07888451088507394,0.07369986435617183,0.1291740775977842,0.08692744924815049,0.10264356941664891,0.26317808022523326,0.1899957530918864
280,280.0,281.50022555531075,0.07563514021006089,0.07899855978368962,0.07390745620359072,0.12865285561668563,0.08670875581055261,0.10253184710797109,0.2644357830540237,0.18912960221342556
281,281.0,282.50019391556225,0.07579097652833489,0.0791125593427354,0.0741151177314938,0.12812898107370743,0.08650119189601174,0.10238984889727477,0.2657898089206292,0.18817151560981257
282,282.0,283.500163500633,0.07595999951505512,0.07922428674571559,0.07432022378746694,0.12760527735300622,0.08630391023946507,0.10221946329472817,0.26707191898163896,0.1872949200829238
283,283.0,284.5001344921903,0.07614071945270444,0.07933659879695701,0.07452285451916932,0.12710358055496182,0.08612570563900997,0.1021813912175432,0.2682140738211297,0.18637507599852446
284,284.0,285.50010703967,0.07632706017153676,0.07944280648172253,0.07471847959099573,0.12660626564704525,0.08595578529080612,0.1021150827350466,0.26942859191342955,0.18540592816941742
285,285.0,286.500081262005,0.07651575015727441,0.07954144042754437,0.07490533653333373,0.12611534615242648,0.08579332375266421,0.1020214781606731,0.2707069059381487,0.18440041887793493
286,286.0,287.5000572494865,0.07670384194756252,0.07963127849225916,0.07508193901276827,0.1259311383708618,0.08563754446462696,0.101901758196496,0.27174189935565407,0.18337060015977116
287,287.0,288.50003506572494,0.0768930983345454,0.07971352734794485,0.07524925858121691,0.12576253390198167,0.08548991616371233,0.1019197292071579,0.27264214059585784,0.18232979586758305
288,288.0,289.50001474968235,0.07707664534947256,0.07978513788962598,0.07540403992635562,0.12559476692061938,0.08534748349704725,0.10191031676462367,0.2734507710139221,0.1814308386383334
289,289.0,290.49999631774716,0.07725451313690791,0.07999459821559342,0.07554759547510174,0.12544544781282646,0.08521788864055423,0.10187593344323037,0.2741108911923616,0.18055313208342427
290,290.0,291.499979765828,0.0774290227892479,0.08020119620244656,0.07568137817536785,0.12546000503347476,0.0851105823198129,0.10183577018234603,0.2745769511725725,0.1797050941247315
291,291.0,292.4999650714425,0.07759639719330927,0.08039886259908148,0.0758028083732272,0.12547179602575093,0.0850159784525592,0.10178784390476982,0.2750528574278518,0.17887345602345037
292,292.0,293.49995219578113,0.07666917120502638,0.07950000557364598,0.07482554740843154,0.1245334033192479,0.08401088149464407,0.10064632398472384,0.2811979779328218,0.17861668908145859
293,293.0,294.49994108572804,0.07573632188489163,0.07858936672102329,0.07384169418578293,0.12372587087730597,0.0830099462938195,0.09948716889685248,0.28726031351248277,0.17834931762784148
294,294.0,295.499931675823,0.0748068424528564,0.07781687745297997,0.07286113641272295,0.12291617914939895,0.08215794086061226,0.09832123972373005,0.2928895289100168,0.17823025503768267
295,295.0,296.4999238901502,0.07389129388736285,0.07704904041379425,0.07189523436348812,0.12211218010398246,0.08132654404628249,0.09716091611538494,0.2983028370105107,0.17826195405919426
296,296.0,297.4999176441433,0.07299427309952694,0.07628947420282398,0.07094929078678554,0.12145314692097203,0.08051552699363568,0.09601255003719372,0.3035113983044504,0.17827433965461179
297,297.0,298.4999128462956,0.07212205563662635,0.07554368610990611,0.07003019609589155,0.12093479747315419,0.07972913061125224,0.09488409617129526,0.3084904753818747,0.17826556251999967
298,298.0,299.4999093997697,0.07128006029365996,0.07481652309624305,0.06914389612010471,0.12055509711523293,0.07897096653682596,0.09378256625898268,0.31321663588816,0.17823425469079074
299,299.0,300.4999072038987,0.0704728800029357,0.07411218846419684,0.06829542669111278,0.12033172923260227,0.0782440426446327,0.09271405165158673,0.3176501889868182,0.17817949232611485
300,300.0,301.4999061555758,0.06970431791653343,0.07343426333143717,0.06748895388678221,0.12011175586194599,0.07755079209054597,0.09168375287326024,0.32192540615835524,0.17810075788113988
301,301.0,302.49990615052945,0.0689774278005703,0.072785732212813,0.06672781896353563,0.11989393050879275,0.07689310524829303,0.09069601519617448,0.32602806796710926,0.17799790210271166
302,302.0,303.49990708448246,0.06829756904643794,0.07217051761256359,0.06601609262910979,0.11968922031082056,0.07627386949704176,0.08976340269222848,0.32991671639929476,0.1778726118125032
303,303.0,304.49990885419527,0.06766331713669377,0.07158894380375407,0.0653540586035066,0.11948425353094985,0.07569243710054016,0.08887933472179665,0.33347300539007424,0.17786464971268473
304,304.0,305.4999113583949,0.06707719672821436,0.07104531708161696,0.06474434425581262,0.11929580332134516,0.07515661640787458,0.08804724910573955,0.3367882543371988,0.17784521876219805
305,305.0,306.4999144985906,0.06653818730348915,0.07053750304231107,0.06418597481800936,0.11910494136367906,0.07465887859364993,0.08726693533708678,0.33990868724574136,0.17779889229603327
306,306.0,307.4999181797809,0.06604626915352356,0.07006595475471145,0.0636789247492978,0.11891097613072389,0.07419887426933587,0.08653908198645074,0.34283424413371416,0.1777256748222425
307,307.0,308.4999223110543,0.06560096803593073,0.06963073879441409,0.06322266774794172,0.11871337419186952,0.073775942997603,0.08586382368741388,0.34543324462881286,0.17775923991601417
308,308.0,309.49992680608983,0.06520140494283456,0.06923157259122237,0.06281623179471292,0.11851174803582269,0.07338915006993466,0.08524079402147627,0.3478452950786224,0.17776380346537404
309,309.0,310.49993158356097,0.06485078975126554,0.06887641031990116,0.06246132996684909,0.11831336531726393,0.073047579964369,0.08468319888726576,0.3500028968234401,0.17776442896964534
310,310.0,311.49993656744925,0.06454742801584554,0.0685640953891501,0.0621561533274365,0.11813176795424546,0.07274950844441302,0.08418935991786974,0.3520328959663054,0.17762879098473416
311,311.0,312.4999416872743,0.06428488333285101,0.06828461561478698,0.06189550374530098,0.11794468261925464,0.07248270315631858,0.08374312205691095,0.353898890751607,0.17746559872296974
312,312.0,313.4999468782441,0.06406106755707582,0.06803653243751086,0.06167710588033933,0.11786307723651149,0.07224533069940745,0.083452318716221,0.3553881756286264,0.17727639184430757
313,313.0,314.49995208133447,0.06387372653203889,0.06781825592225894,0.06149849795075488,0.11777348594085656,0.07203547384263179,0.08320249432338203,0.35673519102772755,0.1770628744603493
314,314.0,315.4999572433025,0.06372167333429812,0.06763046417551478,0.06135826920668119,0.11769057121259366,0.07185713059164667,0.08299145872497761,0.35767424869874814,0.17707618405553974
315,315.0,316.4999623166406,0.06360239791931273,0.06758239004175577,0.06125367354049184,0.11750331226256694,0.07170810615188883,0.08281578640203023,0.3583355276880905,0.17719880599386306
316,316.0,317.4999672594786,0.06351436833748235,0.0675573583867656,0.06118181456860364,0.1173162749537405,0.07158129571872782,0.08267871654822793,0.3588769487665603,0.17729322271989179
317,317.0,318.49997203543796,0.06345494115131506,0.0675524401442445,0.06113983361792795,0.1172501303726983,0.0714745708637021,0.08257669156887842,0.3591929245657305,0.17735846771550312
318,318.0,319.499976613447,0.0634214589204575,0.06756481463909754,0.061124864981710464,0.11718195517865881,0.0713858375449754,0.08261370632583932,0.359313343509015,0.1773940189002459
319,319.0,320.49998096752074,0.06340903832029365,0.06759066667558689,0.06113294529389145,0.11710196917177017,0.0713119331678209,0.08266870177870532,0.35928084444840497,0.17750390114352654
320,320.0,321.4999850765118,0.06341514333519188,0.06762747468809474,0.06116131375855896,0.11711393635472714,0.07125091545659376,0.08273761011733126,0.35911262517216075,0.17758098111734139
321,321.0,322.49998892383866,0.06343731657448236,0.06767287660995047,0.06120728979034157,0.11711137832393925,0.071200929711302,0.08281666276560087,0.358928580036344,0.1776249661880394
322,322.0,323.4999924971945,0.06347534347237306,0.0677311203884619,0.06126936549147804,0.11709553883361828,0.07116558741299045,0.08291313613028296,0.35871178343191823,0.17763812483887703
323,323.0,324.49999578824276,0.0635247575286498,0.06779354300215701,0.061343967100663546,0.11706358875838782,0.0711377020260322,0.08301281175114379,0.3585048957795033,0.17761873405346254
324,324.0,325.4999987923038,0.06358441836389528,0.06786026303004161,0.061429756417543974,0.1170272800924799,0.07112073649782664,0.08311376905854825,0.3582850727919019,0.17757870374776244
325,325.0,326.50000150803567,0.0636512672792217,0.06792748124544751,0.06152348431849905,0.11707400398401994,0.07120903254993026,0.0832123562987801,0.35789469724189316,0.1775076770822083
326,326.0,327.500003937114,0.06372440640491905,0.06799562393312258,0.06162407114698334,0.11711463552258283,0.07130312433086128,0.08330725639482853,0.35751309616716637,0.17741778609953607
327,327.0,328.5000060839134,0.06380206311343865,0.06806325919157734,0.06172957215507729,0.11714813659539489,0.07140073956403291,0.08339643767872999,0.35714962217457197,0.17731016952717701
328,328.0,329.50000795519367,0.06388260411914237,0.06812911494524493,0.061838192429809216,0.11718004907396727,0.07149981127639614,0.08357619330898655,0.35670797497199935,0.1771860598744542
329,329.0,330.500009559794,0.06396354759121439,0.06828718256624715,0.06194729964267719,0.11738451718120074,0.07159352709828613,0.08374408955189258,0.35604396654585124,0.17703586982263061
330,330.0,331.5000109083364,0.06404357324778319,0.0684375646018565,0.06205543460314335,0.11756332747265714,0.0716803746029439,0.08389809938706422,0.3554603501728597,0.17686127591169207
331,331.0,332.5000120129411,0.06412327345982392,0.06867480002748824,0.062162180979174315,0.11772374066819585,0.07175996215884516,0.08404273518450073,0.3548483516121669,0.17666495590980497
332,332.0,333.50001288695603,0.06410723320200341,0.06890045908354085,0.06226637351720165,0.11795875658398589,0.07183121876427563,0.0841765083740255,0.35431068119803366,0.17644876927693345
