,Unnamed: 0,Generation,Intertwine_two,Add_vertex,Delete_vertex,Invert_path_vertices,Insert_inside_vertex,Delete_inside_vertex,Replace_inside_vertex,Donate_between_routes,Trim_one_terminal_cb,Grow_one_terminal_cb
0,0.0,0.0,0.09999999999999999,0.09999999999999999,0.09999999999999999,0.09999999999999999,0.09999999999999999,0.09999999999999999,0.09999999999999999,0.09999999999999999,0.09999999999999999,0.09999999999999999
1,1.0,1.0,0.10196719280802442,0.09197972134471552,0.098519187119283,0.11166798924351598,0.09706742581058417,0.10621877061270954,0.0936487872580441,0.08067990564204655,0.1096378074214209,0.10861321273965534
2,2.0,2.0,0.11324717724745277,0.09744921997764337,0.10287972853949275,0.11281045536026642,0.09275975714411197,0.10241018000696656,0.08144691221461695,0.07891168273816254,0.10743979693300192,0.11064508983828433
3,3.0,3.0,0.12097566460958745,0.0864704757729374,0.09998736618181388,0.10809653877727646,0.08265064123342261,0.1029002911026394,0.08419296309861103,0.09040739376022397,0.1111937542445405,0.11312491121894679
4,4.0,4.0,0.10522034084063436,0.10878115790515283,0.10477634191178338,0.10656207312952357,0.07813826226653835,0.10121391187395205,0.0874236079275275,0.07672675801953119,0.11290246537517194,0.11825508075018432
5,5.0,5.0,0.10676936895085051,0.10570255237168882,0.10267514848275935,0.1003643822380655,0.0922318627772857,0.10307166262187313,0.08190682251140342,0.08016507275931942,0.1266753132641194,0.1004378140226343
6,6.0,6.0,0.12243125744526737,0.10584822793466497,0.0959791812634753,0.09493423024482268,0.0830707816042517,0.10877047429145689,0.08282880637370049,0.07381358407163413,0.11747576655443429,0.11484769021629167
7,7.0,7.0,0.11395594237327156,0.10052773242449202,0.10614537314361805,0.10762650984205946,0.08526057953682256,0.09086835735068767,0.07957337541186996,0.0758642169438696,0.12323222938821118,0.11694568358509745
8,8.0,8.0,0.10706640617339547,0.0974024766718596,0.10563039491987167,0.10507491595719098,0.087137440222971,0.10975960632529809,0.08343020853612013,0.06114902208475392,0.12092209551001312,0.12242743359852566
9,9.0,9.0,0.11423563735873396,0.09428101861749377,0.10140360121510224,0.09159768295017354,0.08862814874252942,0.09910380317744072,0.08185637635866823,0.068773116710788,0.13429625340891127,0.12582436146015835
10,10.0,10.0,0.1085098973868955,0.09076261610025453,0.10643226943225817,0.10094803352195583,0.08229255868543339,0.11039222158436542,0.09012116897019014,0.06668106683133143,0.13158172500339702,0.11227844248391827
11,11.0,11.0,0.10227828451129506,0.10177192156733461,0.10489197792109313,0.10679867021428857,0.07303666749503324,0.1091403822205943,0.07678201638809765,0.07208415286983504,0.12834478754613304,0.12487113926629485
12,12.0,12.0,0.09785162472058681,0.10698536760882629,0.1147679858147624,0.08805408025532035,0.07293734762692669,0.10794680400629415,0.07984654081064005,0.0758133396074252,0.13511620631235724,0.12068070323686034
13,13.0,13.0,0.10756055532497344,0.0928579155487121,0.10062867978371315,0.10376867646683567,0.08448844994017332,0.10274131875236574,0.08987095497227994,0.06288624736981395,0.12602740506838161,0.1291697967727506
14,14.0,14.0,0.09686797849526832,0.10698742668369407,0.11488762942073809,0.10779620937184808,0.09535524873723708,0.09408254737649424,0.08311828356327125,0.0648885275493065,0.1190788260395859,0.11693732276255601
15,15.0,15.0,0.10286631854236998,0.10748724221884613,0.1101703155364319,0.09705601672580791,0.08081195016498573,0.08721925024005758,0.07737797397028134,0.07814587273611043,0.1261060836819285,0.13275897618318006
16,16.0,16.0,0.11511805526611044,0.11216360476465222,0.11641019772797312,0.10115150654559368,0.07281654295898321,0.09347269165952485,0.06882946798207845,0.062261904865357584,0.13529172433937459,0.12248430389035136
17,17.0,17.0,0.10496938376478371,0.10434157525265468,0.10587861472597784,0.10181824075365034,0.0798414568218129,0.10499588386126228,0.06844171545087481,0.0678846190947465,0.13881673320508617,0.12301177706915041
18,18.0,18.0,0.10442370644455576,0.10002673142293945,0.11739776448440727,0.1047896927312797,0.08191350805807297,0.0958238159697298,0.06914151362743472,0.07271050356140801,0.13368601605616234,0.12008674764400955
19,19.0,19.0,0.11154227230299907,0.09636702082645646,0.13199952455022318,0.10944938888860152,0.06952511125240095,0.10934414644379867,0.07021203186374611,0.0590467397183859,0.12447413908852586,0.11803962506486179
20,20.0,20.0,0.09647260556693228,0.09220622443002803,0.10817094368748197,0.10442724987847377,0.07193047452975783,0.10340478975085794,0.08221780180429719,0.06632929499385413,0.14261876066984475,0.13222185468847167
21,21.0,21.0,0.09907933973977315,0.09371181757228114,0.12102653735720417,0.10555833937176555,0.0774539919305767,0.10805679313553662,0.08701176772708363,0.0527070025045135,0.13859331613008147,0.11680109453118362
22,22.0,22.0,0.11302579591416476,0.103878114514212,0.10950374536786682,0.09321317392708058,0.08172647061716162,0.10131853954739452,0.06740151293979328,0.0691153271762854,0.13504141719617824,0.12577590279986225
23,23.0,23.0,0.1082181807062691,0.11693720326705756,0.10862468582560665,0.0928762626775666,0.08284777344155647,0.1015336738500517,0.07116719706340555,0.06342616978443769,0.13787714621734729,0.11649170716670092
24,24.0,24.0,0.10949377499129789,0.09719234727890758,0.10683432647089819,0.09594267973620454,0.07772571009294826,0.10410541982396011,0.08463136463430254,0.06490505982752155,0.1339602308526294,0.12520908629132943
25,25.0,25.0,0.10069564304631604,0.10650598275346523,0.12268204237584834,0.09386583337874262,0.07545953411540263,0.10487489470082578,0.0620287583613182,0.06846772606958143,0.1394324394162503,0.125987145782249
26,26.0,26.0,0.09418251826546915,0.1072035381399676,0.1041358080201259,0.1136202911302103,0.08356191144754577,0.09191309322135385,0.07835821221671883,0.06315123318681183,0.13957517552898574,0.12429821884281052
27,27.0,27.0,0.10183377714883164,0.11292310620183921,0.12054363484328848,0.1057986393096404,0.0705766782315728,0.10431594018756547,0.07625728851715807,0.04744067139668622,0.13209282529620653,0.12821743886721065
28,28.0,28.0,0.0923705856794077,0.10685539234178203,0.12254558932103092,0.10990781237318226,0.06724644794852577,0.11662113052526761,0.06355840333765422,0.0462260545665429,0.1526275169825007,0.12204106692410548
29,29.0,29.0,0.09257060578845672,0.09852444330558037,0.12221401688068737,0.10968496450077354,0.06976757757215146,0.10877016286828947,0.05746168402445841,0.05298005362017466,0.14358372877753245,0.1444427626618951
30,30.0,30.0,0.10769391296387673,0.10730395204346728,0.1075377031382487,0.10285067962292749,0.07806671197677115,0.10376950342554439,0.06931320819336872,0.07128282025751458,0.1381176966867206,0.11406381169155992
31,31.0,31.0,0.10453153573274325,0.11423092024099406,0.12555087917834712,0.09671496434023735,0.062338264957650956,0.0977538556935091,0.06079595005753866,0.05881166346519788,0.14504553016725535,0.13422643616652574
32,32.0,32.0,0.11257104021631534,0.10434024081808375,0.11124430929818925,0.1069750290239639,0.06630754956974752,0.0989626409482185,0.08372903360415922,0.05824080804998714,0.13555260099748256,0.1220767474738524
33,33.0,33.0,0.0933354815355417,0.08454788225218894,0.10873005143805506,0.1106099996085104,0.09824209014920071,0.10099918049613613,0.060694714334315114,0.062311949618323426,0.152953766405169,0.12757488416255913
34,34.0,34.0,0.09952348626752083,0.08636029416583005,0.14165491412442338,0.09614809658224195,0.0813026135758991,0.08811535842349318,0.061998855707948185,0.04646528851671853,0.1472598627536027,0.15117122988232165
35,35.0,35.0,0.0884874442832645,0.1067607661371887,0.12531061426346007,0.09614277997665684,0.06458916991697887,0.10651572097686954,0.07222663524552783,0.053812735874181436,0.16289257939576812,0.12326155393010371
36,36.0,36.0,0.1107778238670043,0.101933418805643,0.11913802089698382,0.09379880922815269,0.05441332580504511,0.10569726409845062,0.07795867383948524,0.058713720845168606,0.14750925221228675,0.1300596904017794
37,37.0,37.0,0.10947063716970018,0.09245888715340028,0.13606621123931098,0.08683913006142695,0.06068375610918001,0.10190390706636272,0.06284034219383511,0.058057867228381535,0.16428773004086963,0.12739153173753218
38,38.0,38.0,0.08863562621725998,0.10972362477955855,0.13021870010057218,0.10108428534516314,0.05695147790880591,0.10536894461269504,0.07746610196306797,0.06309863402355946,0.14067130138957443,0.12678130365974294
39,39.0,39.0,0.09880130174910455,0.11836925353207366,0.1119975034945222,0.09374005005259113,0.059138228411433104,0.11418873211019034,0.07269927673632828,0.058228070434240366,0.15158116844413372,0.12125641503538218
40,40.0,40.0,0.10336185409949683,0.09767385352599019,0.11694414412833318,0.10843387133117928,0.07571004981257597,0.09989030249363826,0.0537744229295722,0.07293701710988768,0.14584125079407015,0.12543323377525586
41,41.0,41.0,0.11965704028370694,0.10634253450924647,0.10620347437607389,0.08984612994792203,0.07481225292375686,0.1148112620214276,0.05701495382930285,0.06192033896633681,0.14774062049307762,0.12165139264914844
42,42.0,42.0,0.08213691007150395,0.10444684112858642,0.13443712628980253,0.09633073670504023,0.0594547257216966,0.10913225691286818,0.06947891304035567,0.05765751392149411,0.1544292043660173,0.13249577184263456
43,43.0,43.0,0.1073298188001841,0.1049182173117719,0.13225333244289667,0.0757794027061853,0.062520552135561,0.11161426840020758,0.06793731338483469,0.06257250492601715,0.14906948015807261,0.12600510973426857
44,44.0,44.0,0.10703474970541382,0.092812089195048,0.12304572329832024,0.10039789378657145,0.06753957383086139,0.09697593387662512,0.06217376016049887,0.07372314777113816,0.1421805833718175,0.13411654500370498
45,45.0,45.0,0.11555882563452018,0.09660342273583329,0.13490083436443662,0.0862027684102202,0.049752936486541444,0.10059138263036264,0.07629972686529347,0.05383803956641653,0.15416895299556405,0.13208311031081113
46,46.0,46.0,0.11075888450412505,0.10501920081035507,0.12655902628682553,0.09672056962265445,0.08346428144140819,0.09793249312192692,0.0581186342796553,0.04276122700033493,0.15392425317499395,0.12474142975772018
47,47.0,47.0,0.1030308026225982,0.09031446154185417,0.12604293355566576,0.09486952261551604,0.06695980662727738,0.11374774020578918,0.07198840142105109,0.06030103615703122,0.14888800713349973,0.12385728811971682
48,48.0,48.0,0.10621203486839667,0.1036305013632322,0.11925723672402011,0.09597169612457657,0.058609266552326976,0.10989690976721611,0.07337662315823561,0.06267226029300167,0.14521973664706128,0.12515373450193232
49,49.0,49.0,0.10143868633586894,0.09035373177506122,0.12300077155699944,0.09015257034728742,0.06867391503875728,0.11297825696669957,0.07226995269457012,0.04720547818693051,0.15546629777793525,0.13846033931988977
50,50.0,50.0,0.11232006242407296,0.09961206874816031,0.1283461487237148,0.09016928150191353,0.06803896448223634,0.09899257271984302,0.06823964398967172,0.05852513521451157,0.1461554597288091,0.12960066246706625
51,51.0,51.0,0.10728063136922553,0.10579903418336416,0.12558670192743884,0.09370567800516574,0.0575742801821751,0.10486104255586896,0.0580752520034855,0.06312036513670208,0.14465812134517247,0.13933889329140117
52,52.0,52.0,0.08979081462206004,0.1262648523288023,0.11782074770908876,0.0948441363982121,0.06447550038170874,0.10098114893112586,0.05875837566159196,0.05424202844252557,0.1501264567243234,0.14269593880056092
53,53.0,53.0,0.10286401428064022,0.1033255151472472,0.11719812779023694,0.10820544269338313,0.06433769777292682,0.11523623252055763,0.06931230193056179,0.04606771394699558,0.14468105254000915,0.1287719013774411
54,54.0,54.0,0.10678699817979893,0.09073383020984727,0.12655350618937247,0.1037047547145824,0.07610008842778124,0.1083491048906942,0.05750534984753188,0.042724526025132624,0.1514075626296218,0.13613427888563664
55,55.0,55.0,0.10034323108152696,0.10480843015568549,0.12155103785703292,0.09983865129058908,0.05672888337434005,0.11626706113041566,0.07243587719109294,0.05437835462901184,0.13723100031967742,0.13641747297062717
56,56.0,56.0,0.09857995488195842,0.089490879722925,0.12345604565925095,0.10533826850317847,0.06223182518179441,0.1052718336222708,0.06606247434397083,0.04990785108128171,0.16239594844787672,0.13726491855549225
57,57.0,57.0,0.09790247631734877,0.10520928126736169,0.1286364990572928,0.0986864280873379,0.07800758661436144,0.11354862204747602,0.07045905034013115,0.045572425783162715,0.13777915048907835,0.12419847999644866
58,58.0,58.0,0.08832623148845853,0.10401013716939733,0.1220790096082097,0.09041803780687203,0.06001793346286834,0.11815442519867547,0.06225207569100555,0.055820677093632684,0.1452749144145749,0.15364655806630498
59,59.0,59.0,0.09639737513464712,0.09451564273144783,0.12753134126428148,0.11181251605367973,0.056255138164784856,0.10377319796898883,0.05884688216513932,0.07172708273941208,0.13929308119565126,0.13984774258196708
60,60.0,60.0,0.09624553136589506,0.11689066986367427,0.13048840362410252,0.0831938130942226,0.06550608495429393,0.10806513880843142,0.06965201992760756,0.05883040514468052,0.15051093678599609,0.12061699643109562
61,61.0,61.0,0.102372889375164,0.11295117966866144,0.1282383854759016,0.08364087623549196,0.06218548632842528,0.09784078973951964,0.06694228493685717,0.062365744647508194,0.1479932657412404,0.13546909785122985
62,62.0,62.0,0.1030648449116482,0.11657230886264316,0.13273301314465719,0.0969348954830845,0.06830036577903928,0.10464390815516807,0.05228576915105215,0.06127781780637352,0.1429530542055216,0.1212340225008119
63,63.0,63.0,0.09692405850216937,0.10590837644376772,0.11119124568716743,0.09298344350166808,0.04483928067151387,0.11656402852708894,0.06431563086714602,0.05265996068307947,0.1725905430129315,0.14202343210346718
64,64.0,64.0,0.11908249159617212,0.11255455723400616,0.11563881105693723,0.08790928659163007,0.04825749189018924,0.09980277761211562,0.06521091283621372,0.03952503975207962,0.1681212922547835,0.14389733917587244
65,65.0,65.0,0.11092215243726651,0.08611826565461862,0.11766468196779427,0.09225787205108218,0.07435259575412016,0.11265102623411807,0.056775989023192405,0.061762414658550216,0.1559558747589586,0.13153912746029855
66,66.0,66.0,0.09356413844003243,0.09666559653326837,0.1352512738140385,0.125927537606003,0.05983584589851402,0.10759778014757097,0.055336346725670026,0.03951467352457209,0.16270472806357264,0.12360207924675755
67,67.0,67.0,0.10745598952699772,0.10396709219546305,0.1211843378822915,0.09634650734866435,0.0579080618675778,0.11576611034946668,0.06171212049920344,0.05076055866289102,0.1562832614961326,0.12861596017131144
68,68.0,68.0,0.08307523921697027,0.08976340947465336,0.1314108968051137,0.09924009661408958,0.08793590013490593,0.1044234639999895,0.06194235331451955,0.057029042212548585,0.1470405632366422,0.1381390349905669
69,69.0,69.0,0.10263857178703908,0.10097917454537648,0.1312749519895864,0.0978367933113044,0.06302266886165211,0.09614083794070591,0.06255562354918634,0.04735707125910745,0.1611923491965691,0.1370019575594723
70,70.0,70.0,0.11012699408724588,0.09539263000926364,0.12125982789974406,0.07956219614812139,0.049540746315000474,0.12094051347305006,0.06436359113843677,0.045710449115040665,0.15928397274315176,0.15381907907094491
71,71.0,71.0,0.10461528818795078,0.12513311000624194,0.12543063341254532,0.07905743421688924,0.0606566830863068,0.12192805675631455,0.057322741521971435,0.054430045439389715,0.13433663907913002,0.13708936829325982
72,72.0,72.0,0.10062734531689774,0.10761416079423577,0.11449838680317544,0.08084760742748476,0.05854562764993522,0.09918407348331418,0.054645224878372534,0.05810000081058686,0.1759043221926178,0.1500332506433793
73,73.0,73.0,0.11553394150575272,0.11056160319967342,0.11133761864780675,0.10181978508379999,0.05629246857446182,0.11093037963011343,0.07921198334971283,0.03837502219228002,0.14033275013939994,0.1356044476769987
74,74.0,74.0,0.09990650497930988,0.1002702591116142,0.13608114911923958,0.1009911489226405,0.05552308281278924,0.10259492485911403,0.07182734988084989,0.04521662780331025,0.15351394428233067,0.13407500822880136
75,75.0,75.0,0.0859567913117767,0.1033013406943194,0.12626497212082732,0.09242152345859071,0.06690321193573859,0.10856208935843263,0.06333885047829421,0.05490400832450539,0.1575767075259949,0.14077050479151962
76,76.0,76.0,0.08903789371450332,0.10888186351768363,0.12389013416622004,0.09014472529323818,0.06138587019441595,0.11158807115782925,0.060185226321391914,0.04351533615239128,0.17330257256063905,0.13806830692168698
77,77.0,77.0,0.11726380114421772,0.09487547455046003,0.13794319056636623,0.09790104319384725,0.07165843842575352,0.10492204300340088,0.05390151465670109,0.0423271188784042,0.14107952063850618,0.1381278549423426
78,78.0,78.0,0.09748254750407967,0.09595173063719477,0.137630990721467,0.08807157294777772,0.06334976540823331,0.12036439080798085,0.047076620843497216,0.03970651914442606,0.15885586672982033,0.1515099952555227
79,79.0,79.0,0.08678466766436324,0.13738148706974007,0.11766950320572822,0.08872372620978738,0.0685476491384972,0.11097573143642563,0.04896781524726753,0.06740207245406916,0.14316403369375794,0.13038331388036326
80,80.0,80.0,0.06982584400758927,0.11075287331450609,0.12998111699058582,0.10869946865593623,0.05875523772314304,0.10467837597184422,0.06404473643728165,0.059844766296654375,0.14678220277048176,0.14663537783197714
81,81.0,81.0,0.09124019451665624,0.10932873214970588,0.13177318490836606,0.10495033168265995,0.05990752391328753,0.10395933723231576,0.06563313861273215,0.04102516218490186,0.15344284405406172,0.13873955074531238
82,82.0,82.0,0.08728193460546362,0.0950880453295648,0.1188148361272185,0.09413417197826723,0.051934108487342846,0.11937996746383954,0.07508839005437722,0.06123916787444119,0.1549378542774298,0.14210152380205482
83,83.0,83.0,0.0831327881869158,0.10664471383665286,0.13397077557885045,0.11843743559107252,0.05541620062950949,0.09651747312265965,0.05673396014237457,0.0491544175648799,0.14294209343150976,0.15705014191557462
84,84.0,84.0,0.09303303770761359,0.10089907532612355,0.12212683266260083,0.08311613797477464,0.06689155311194576,0.10792932371757218,0.07179872483460076,0.06873644385751818,0.14440379765990674,0.14106507314734323
85,85.0,85.0,0.10041963544763124,0.1163578464800675,0.12780565098835828,0.08424075823868624,0.05758197458358723,0.11038614000839504,0.06818703695200878,0.03813488111770432,0.1702436906310807,0.12664238555248036
86,86.0,86.0,0.09176033609133491,0.10680163619057277,0.11941739973288737,0.0929218266636943,0.04491315995478233,0.11185736151997713,0.050470740734085306,0.057878116577447306,0.17675913321886,0.14722028931635817
87,87.0,87.0,0.08104031605941954,0.1386247324393866,0.1339182849253695,0.0831503176856197,0.05670091894775692,0.0886402115105221,0.06833211849211002,0.06495880013865737,0.15748206684857963,0.1271522329525782
88,88.0,88.0,0.09601540958603608,0.11537575584803408,0.14076598806846535,0.09521657003039252,0.047838093203392565,0.09739900897973237,0.07061886353097636,0.05208359088720357,0.14354350319425657,0.1411432166715102
89,89.0,89.0,0.11832751885544313,0.12017803848702908,0.13281351072022435,0.06334629856039646,0.06028025317336844,0.09938091619835787,0.05733771048634989,0.04640751730620489,0.1620474854526328,0.13988075075999276
90,90.0,90.0,0.0966374200342546,0.11598361652916696,0.11991488127427379,0.09596404672888699,0.05739725046445378,0.10346617183823599,0.06048912959746681,0.04800621484444008,0.16484037720304454,0.13730089148577612
91,91.0,91.0,0.11240570190849679,0.11892274563423073,0.13092934276496587,0.07498239593737968,0.04703386489865221,0.12264331501070691,0.04696986127436435,0.033969394186028894,0.16903906564470264,0.1431043127404715
92,92.0,92.0,0.122714236210236,0.11233282449250381,0.14505794279418094,0.09673021954746555,0.04764402634227528,0.08521836080647098,0.053789196254452575,0.0416623674237223,0.1611204364322579,0.1337303896964344
93,93.0,93.0,0.11491359800940301,0.10120785554294694,0.15725170149332013,0.07893863034343937,0.06448595191427292,0.08293469285436597,0.0598675165967051,0.04478560472287827,0.146440456459093,0.1491739920635749
94,94.0,94.0,0.12075854646292654,0.10960291120201442,0.13617174496410406,0.09688334174916688,0.0433953915586087,0.10158794397956528,0.03729204518961373,0.04614804460706873,0.1630048601123281,0.14515517017460328
95,95.0,95.0,0.10012309432133529,0.10411077055093063,0.13654251513838506,0.09579115359815098,0.051848128198946276,0.08934760008700522,0.04266956823661611,0.051482005824115315,0.17966179991470127,0.14842336412981352
96,96.0,96.0,0.13316495027370429,0.09915769151350728,0.13118788036909018,0.07829883860708707,0.03822054240998819,0.09164828613575564,0.05995332797929105,0.03308235547778289,0.16235273104083325,0.17293339619295994
97,97.0,97.0,0.11304133664889618,0.12161113901110054,0.11740318294625114,0.10009465786387994,0.048802552468891106,0.09391022229174961,0.058750652832568494,0.05138617932126294,0.15197475845463876,0.14302531816076092
98,98.0,98.0,0.11445631369482215,0.12060215158606133,0.1121412177666441,0.09051136283574535,0.06450073650200892,0.1023568818256888,0.07109067040360698,0.044652654100318746,0.14620920938027798,0.13347880190482533
99,99.0,99.0,0.1305950877282426,0.10630650184234189,0.1161298382780999,0.10862179657749209,0.06221739870931118,0.08495776749528446,0.06071500368078146,0.04176519451622982,0.1536189867783451,0.13507242439387107
100,100.0,100.0,0.08904563264052039,0.0956880041875527,0.13313683979394214,0.10297191338475786,0.055382948855192696,0.10471449259585901,0.06853894738943536,0.0459172666532256,0.1654814139717304,0.13912254052778353
101,101.0,101.0,0.13104730577965856,0.07716713632097358,0.11978846455982525,0.11499762302277095,0.07315577147513058,0.08657548955656444,0.05298253074126373,0.04540931434562771,0.17244457661278895,0.12643178758539575
102,102.0,102.0,0.12128419249649029,0.11253649204020318,0.133804736672051,0.08878805057819658,0.06127727018195942,0.08119705993722397,0.04542886915983864,0.04265419009292728,0.16922563616494918,0.14380350267616018
103,103.0,103.0,0.09461900805668451,0.10218434254480935,0.12525079179340276,0.11055719796864324,0.051123977850773626,0.10245790933852099,0.07047969177207165,0.036550015200246894,0.15658946412150576,0.15018760135334092
104,104.0,104.0,0.10502414780820593,0.11401874824020108,0.1099487791299458,0.10788812923216073,0.03567301200753346,0.10335654988145422,0.07354604899285182,0.04772126468385346,0.16602712436815797,0.1367961956556351
105,105.0,105.0,0.11816722861979992,0.08850517431230412,0.13351247902656038,0.09047658256800091,0.0701554907889371,0.08079820917008315,0.07474160015359534,0.03680354384658695,0.17842941955877092,0.1284102719553609
106,106.0,106.0,0.08118434351442519,0.1203639939623288,0.13255485225110464,0.08426090219649487,0.06154377753505075,0.09477248738307321,0.0689396112042422,0.0598099475314783,0.15601323325329275,0.14055685116850897
107,107.0,107.0,0.11669418996586915,0.1011079278812802,0.11263639632967364,0.08489550402395138,0.07312763503968288,0.10184270896446221,0.05975337919516277,0.052607666881343926,0.16937582513678628,0.1279587665817872
108,108.0,108.0,0.10344153457470759,0.12743164807506163,0.1345481462358006,0.09386355539299,0.06544511460976499,0.09487255592972348,0.060620557467742774,0.03803170550541386,0.1505960521488213,0.13114913005997342
109,109.0,109.0,0.10061558080017097,0.08879290775768037,0.11921685306208088,0.11276025598845178,0.07410805100902679,0.09246571290281265,0.06604349774244825,0.04933697802392748,0.16711574293348722,0.12954441977991332
110,110.0,110.0,0.11569257076032735,0.10639459910347453,0.12719282266420537,0.0927156506573733,0.05848820750979071,0.09202416395039925,0.06028806387960113,0.05661860953769325,0.16889495692137357,0.12169035501576111
111,111.0,111.0,0.11430989640785316,0.10485116978585167,0.14306338571706356,0.08183997448008533,0.038691213263285465,0.11159118558893819,0.04597586534107956,0.030000000000000006,0.1945116663074997,0.13516564310834306
112,112.0,112.0,0.09285802858977707,0.08765017357699684,0.15338229254109625,0.1097133483343318,0.042079221793151565,0.10746832877146953,0.0518098580545284,0.040837041600647536,0.16110127155810933,0.15310043517989133
113,113.0,113.0,0.11340853007454058,0.09673326961083191,0.13870107165525505,0.08594426836636196,0.06527623385367942,0.1078266000054485,0.058645812895548766,0.03193270048807624,0.15522952349073954,0.14630198955951765
114,114.0,114.0,0.12356564706790107,0.09763475093524812,0.14749763060360724,0.08991614046475392,0.04696838803380187,0.08489564706179718,0.06372247649964015,0.030000000000000006,0.16386625259193327,0.15193306674131696
115,115.0,115.0,0.12174787721676301,0.08738522335767661,0.14859765723512663,0.08519997177900496,0.06532778732438438,0.09054078931634457,0.03788460075637945,0.0381070461989103,0.17032864732624478,0.15488039948916488
116,116.0,116.0,0.11612116909820916,0.10893863693944972,0.121556629228285,0.09504338018675199,0.07118270806206148,0.09239772653886871,0.03215012243145752,0.049423579752151656,0.17259069643891892,0.14059535132384549
117,117.0,117.0,0.1183302566389858,0.12007879048701935,0.138769108171035,0.08851913779316022,0.04975646354477727,0.07584611887398371,0.048566982122588406,0.03398576185848323,0.19837119790776708,0.12777618260219953
118,118.0,118.0,0.12701457428603166,0.10232935687606226,0.14492002215085706,0.08400112902894,0.033592338316934554,0.09347839277510527,0.03650280128372936,0.06646592994089112,0.1759679717715777,0.1357274835698707
119,119.0,119.0,0.07562936422275571,0.10560488621445183,0.15753663630293116,0.0697931628273542,0.053391958723845424,0.08929180033828403,0.030000000000000006,0.038334730701462885,0.2122773844584373,0.16814007621047714
120,120.0,120.0,0.08471838482454944,0.12150315222742689,0.12911750421317775,0.08414328068438726,0.06034771215410362,0.07947504083003443,0.07779332226558389,0.050194158002677916,0.1676160995853721,0.14509134521268638
121,121.0,121.0,0.10053198526508209,0.09038191851797207,0.1439796829360494,0.06678773632766127,0.09837911070658575,0.11599655768239145,0.07919863931255196,0.03364331315068263,0.13901815932558242,0.13208289677544055
122,122.0,122.0,0.09163918678325386,0.11599987264414433,0.12115901252615698,0.12763720947184368,0.0612338416573585,0.088239121023251,0.06166518618430554,0.03664218598891378,0.1672184203507177,0.12856596337005433
123,123.0,123.0,0.1046895066534665,0.14084142620825676,0.13005233533268606,0.08644563431150121,0.05663700968841845,0.07903591401149863,0.04498747383738126,0.03755765291830861,0.17525881578375047,0.14449423125473168
124,124.0,124.0,0.12132039879338379,0.12466814283555368,0.11027441862620468,0.08400862082955649,0.06394292889056405,0.10932312120975074,0.0384673986725533,0.04275072713526469,0.16853421352784376,0.13671002947932442
125,125.0,125.0,0.10420845140817477,0.11487418337869035,0.15421636309388376,0.0579600741121359,0.04030808636231538,0.08262995491255218,0.07284484473612832,0.0470304821223244,0.17216811198105436,0.1537594478927403
126,126.0,126.0,0.11869255825266063,0.09772360792757204,0.133760663273231,0.06775118627169423,0.06048177788784566,0.11015132283552273,0.058270351913819275,0.059099821672058225,0.16129336547855702,0.13277534448703893
127,127.0,127.0,0.11205391755741831,0.11935128624433536,0.12836623701337363,0.06753652329671248,0.06558192423189842,0.0888826475674582,0.04867566713113651,0.03801413612802046,0.19378645989981008,0.13775120092983628
128,128.0,128.0,0.10142679028464663,0.10658482860339327,0.16116081907980626,0.08709089953072573,0.041577237897651345,0.11345095098046395,0.03968333499898574,0.03732589320028521,0.18394834839342275,0.12775089703061882
129,129.0,129.0,0.10178828799088824,0.09263948579649657,0.14499839725011726,0.06733780835778172,0.06434127107042878,0.1097131605769938,0.04531386903681199,0.036228011239774635,0.18854226671911797,0.1490974419615888
130,130.0,130.0,0.10620953523896111,0.11042518263461303,0.15020097661593104,0.08448147517030064,0.044462741379551196,0.07844144380343995,0.046104038672902345,0.05150298829338201,0.18712921380205277,0.14104240438886564
131,131.0,131.0,0.127670409570814,0.10232500414338055,0.13252722604448072,0.08101171965253465,0.05793031118403935,0.11323734466509523,0.030000000000000006,0.041353551811291765,0.18277300094081156,0.13117143198755182
132,132.0,132.0,0.10236102636946875,0.08084019533210955,0.13044244670061775,0.09301804589745702,0.07276980747101851,0.1078390678937283,0.034829731635488824,0.04548831917199614,0.17894906988891787,0.1534622896391969
133,133.0,133.0,0.13799890434815928,0.08948523249047487,0.13335656794874562,0.11111803939568546,0.045902843492729065,0.09068000038474347,0.03805432320833376,0.03891632687277807,0.16920633716979544,0.14528142468855468
134,134.0,134.0,0.1244022346208492,0.12014004826426425,0.17794457800103636,0.06455813691748549,0.0443757996796262,0.1105037461765009,0.04289811148689034,0.033673446682010756,0.1540490426315652,0.12745485553977104
135,135.0,135.0,0.1209994617611925,0.12740023181522475,0.1374313122618305,0.06515068310841152,0.0507883069862992,0.08656924159367606,0.0626156018555087,0.03986167075373372,0.17178333769427692,0.13740015216984588
136,136.0,136.0,0.10146033505583932,0.11261718078323972,0.15941220483398183,0.08047706272203478,0.06424706824455735,0.09987752661422135,0.044940373794567404,0.03697716305865676,0.1754450542646821,0.12454603062821916
137,137.0,137.0,0.11426507007458817,0.10731768974013982,0.13903560207739737,0.07212115156004895,0.05911895597558518,0.09231913839782839,0.03458568020950337,0.03292818530719778,0.1828727114253153,0.16543581523239534
138,138.0,138.0,0.12376379863382533,0.10969954860448321,0.12431370963111268,0.07191561100928057,0.07772100200389093,0.09521153230183282,0.04179565604401434,0.044631779359944966,0.1710771472338643,0.13987021517775058
139,139.0,139.0,0.10098635753679616,0.13362352999666202,0.11689975840894098,0.09826964612857983,0.05423960201664622,0.10527819433741659,0.07542999270825658,0.03429813470055493,0.14112380627397259,0.13985097789217377
140,140.0,140.0,0.09691896790392023,0.10647345004892858,0.1350386120337048,0.0813509913801202,0.04952364808271546,0.10307946794607266,0.09480580125707484,0.03474818586235632,0.1596207165902758,0.13844015889483074
141,141.0,141.0,0.1495226886830939,0.09361408620116717,0.15519503756795702,0.07327901662751797,0.046267208979805796,0.10290041891302801,0.04727560626354972,0.03662667738544308,0.17613942323463067,0.11917983614380631
142,142.0,142.0,0.128176673529367,0.10913721629855995,0.13385057469128533,0.08641083283782637,0.048133276143510914,0.0764747753255654,0.05399109781459147,0.03417921837242682,0.19020843003014457,0.139437904956722
143,143.0,143.0,0.11861180514539327,0.12662406090030312,0.13661621957027714,0.10485180575814279,0.05677838836885858,0.08144384682728775,0.058073111196820605,0.030000000000000006,0.16844134269399297,0.11855941953892346
144,144.0,144.0,0.12576489367272697,0.11311021932562378,0.15936498913049138,0.06778959146537812,0.0385346669109123,0.10752631508437158,0.03944952527991785,0.030000000000000006,0.17583677072982914,0.1426230284007486
145,145.0,145.0,0.1505923762941231,0.09142392637583177,0.16251561778293344,0.08723073268886224,0.053581042977613146,0.06071807836593773,0.03201868603893952,0.03989386427641346,0.19251243893522418,0.12951323626412112
146,146.0,146.0,0.11290331952718216,0.08915904185637144,0.14309008555746375,0.07450111122058392,0.04313733396848618,0.08702304472080648,0.04098000387632035,0.04102018917344219,0.22275241155277672,0.14543345854656656
147,147.0,147.0,0.10984193327914837,0.10230962801092713,0.12227761312115289,0.07583173622795927,0.0707769968177307,0.11155479521327635,0.06385331742745189,0.036562992804420526,0.1663853937206649,0.14060559337726758
148,148.0,148.0,0.13782573999813713,0.11848588488337763,0.12804217930933484,0.062421319884068585,0.06789855748101288,0.08106207900607297,0.03903118571089703,0.045469031286117526,0.164321960990316,0.15544206145066508
149,149.0,149.0,0.10199985696174847,0.1059728946380227,0.1510717574707401,0.07877224686578022,0.04658106120892287,0.10441315058083023,0.04663494057998603,0.03621656881443143,0.18878571910670758,0.1395518037728301
150,150.0,150.0,0.13256981403526075,0.10284584661754807,0.14241755422638003,0.04538799780299052,0.046154363497809645,0.11424551269757968,0.05040390136329339,0.030000000000000006,0.20338347479213875,0.1325915349669989
151,151.0,151.0,0.11666101084148695,0.11986161854664235,0.1050645758119975,0.06020564051314311,0.08184141278768699,0.06824155677422292,0.04457172020395371,0.05001770924565675,0.19084912181814656,0.16268563345706288
152,152.0,152.0,0.10777346062267006,0.10295582404481189,0.1555187600111921,0.08562059569867576,0.04251735147013732,0.11034832844503062,0.04689684742106622,0.04041079863966825,0.17770862885448088,0.1302494047922666
153,153.0,153.0,0.10410371873663682,0.08978640108066349,0.12269816024947951,0.08807275335182269,0.069853367153682,0.1441241356498227,0.04391155486123498,0.03456712700621326,0.1654967439566572,0.13738603795378698
154,154.0,154.0,0.09417883738645674,0.1149181249023478,0.1292430920869519,0.07405804400052902,0.06571284667338781,0.11112972557222105,0.039511155525216536,0.030000000000000006,0.18596484821633197,0.15528332563655686
155,155.0,155.0,0.11229475853557584,0.09893555053410055,0.15811173208508733,0.11096541857307876,0.05073689583349228,0.10514644053940714,0.057067963434785554,0.030000000000000006,0.1627073474787843,0.11403389298568793
156,156.0,156.0,0.1019958698805629,0.08473245643025923,0.13517731188871346,0.05604101359403365,0.04437002758308787,0.11380563030147846,0.04496408483575211,0.05461413879073734,0.21129140046590442,0.15300806622947033
157,157.0,157.0,0.11305222180480974,0.10720289827293819,0.1410146556557345,0.05993975533220604,0.039749546401587746,0.12151328243660053,0.035606426976486284,0.038481581435586984,0.20660097644829173,0.13683865523575797
158,158.0,158.0,0.08093122135658179,0.09590911118475429,0.17669228112112323,0.08634154300727162,0.05331611054457781,0.1132206679811224,0.05420922562319299,0.03940458495218212,0.18410349432683948,0.11587175990235396
159,159.0,159.0,0.11342785549409007,0.10861161666805177,0.14789579583484663,0.0691366901475266,0.042596111597427856,0.08927172907257375,0.03584533032821524,0.040023619964983125,0.16814385568128754,0.18504739521099714
160,160.0,160.0,0.11471078919850675,0.13291834098331218,0.13984742943631892,0.06914084595615042,0.06076958849946753,0.08513736777801614,0.030000000000000006,0.030000000000000006,0.18785560357187034,0.14962003457635747
161,161.0,161.0,0.13842257146999287,0.1061702046943925,0.1380320093652206,0.12182222272929985,0.042525713234748366,0.06903841486024873,0.04709082408061922,0.030000000000000006,0.16902355989678397,0.13787447966869348
162,162.0,162.0,0.10349264847054089,0.08725542230572658,0.16210223419577802,0.06647008561096163,0.07112003232308696,0.08951367663956039,0.04453968515554395,0.050622267237884266,0.16991608221817214,0.15496786584274488
163,163.0,163.0,0.14431632704433608,0.10981183024068593,0.13237001408256216,0.09903407915837642,0.04184869671347234,0.093890932092743,0.054959168239650094,0.039239032369677386,0.1801059627395659,0.10442395731893037
164,164.0,164.0,0.11814877419347547,0.10710771531991484,0.15160530557840457,0.0860195185973931,0.040463539554583525,0.07517462245523776,0.04549789777298233,0.03318819862442875,0.1815273477794916,0.1612670801240878
165,165.0,165.0,0.13081775287747913,0.11208200918716234,0.13648351923482244,0.06943657058903044,0.030000000000000006,0.09948058761242426,0.04113623251406893,0.030000000000000006,0.20627139040261064,0.1442919375824015
166,166.0,166.0,0.10747004129920461,0.10012716009765907,0.18194484797413393,0.06561600660234138,0.044921256726200696,0.06804637201621266,0.04631715511799842,0.03869054198469368,0.19028835267925195,0.15657826550230328
167,167.0,167.0,0.1011130430049643,0.11299484263258745,0.13434440030122002,0.06073501686429823,0.0658390424318747,0.15382238597750722,0.05346479991169639,0.049302437174892334,0.16213817673330472,0.1062458549676543
168,168.0,168.0,0.11233939391764047,0.09212961692639918,0.15883208479821004,0.08466066884222666,0.03348914563583373,0.10617302037171841,0.04275186991341925,0.030000000000000006,0.17462414459519385,0.16500005499935816
169,169.0,169.0,0.14832329410499112,0.10159974346584369,0.15832876424127065,0.06631757457342978,0.030000000000000006,0.10156640789191748,0.030000000000000006,0.030000000000000006,0.18556495351043173,0.14829926221211528
170,170.0,170.0,0.10061708012931125,0.10045584420562895,0.14919812865369525,0.0803625549560537,0.062363740457727246,0.0987027355327091,0.054238285189275016,0.0720189370708522,0.1416321053186048,0.14041058848614227
171,171.0,171.0,0.15722101343324044,0.1153843166417264,0.14904265010411752,0.04900292780867253,0.03688118062027068,0.06342468915781144,0.05583590159491388,0.03232937984115235,0.21082103148388615,0.13005690931420827
172,172.0,172.0,0.09224865856094039,0.12155335425637051,0.11598625528392263,0.11352562038992142,0.05138215925623803,0.09566908775545259,0.04946989975525814,0.04279300701430735,0.1546729431675638,0.16269901456002483
173,173.0,173.0,0.1267811876183866,0.08735795912979258,0.14024327915641271,0.0790186447105333,0.05349800907663134,0.1020166445662887,0.04294621495321879,0.03298204620159587,0.1838660391245045,0.15128997546263523
174,174.0,174.0,0.12172121626285118,0.08261336623518542,0.1306230835673794,0.09512267970021474,0.04047830604119429,0.09732718935703288,0.04346772698291492,0.055141679538354416,0.19027555327708587,0.14322919903778658
175,175.0,175.0,0.12255579675120917,0.09649639192584644,0.12398077840701338,0.06912701003833736,0.06407100531100896,0.10789358857059088,0.033972966239495396,0.042337279554432394,0.18213656432535819,0.15742861887670756
176,176.0,176.0,0.11928103964496235,0.08201899137358214,0.15838998404854357,0.08106589438419669,0.06920889799618227,0.07196327613835143,0.030000000000000006,0.04352258907072603,0.1926163973703771,0.1519329299730781
177,177.0,177.0,0.14284924209379238,0.12229828776739063,0.15200309219715483,0.07097200359440034,0.046110629053958144,0.049040811581914735,0.03774140427167065,0.03568336129890483,0.18726695824391576,0.15603420989689748
178,178.0,178.0,0.11667970251652175,0.11588054712218898,0.13803262672993385,0.08030685884317493,0.06608905785103006,0.07012186814998031,0.03784907432412382,0.06059587048145045,0.18193972863079483,0.13250466535080072
179,179.0,179.0,0.12040504259319502,0.10138754448785725,0.17693292773192731,0.07978826282282575,0.05362406329449593,0.07303097501382087,0.040877219564300946,0.031351023851463045,0.18644198282092989,0.13616095781918364
180,180.0,180.0,0.14698681851537762,0.09870165189373728,0.17548346580633076,0.06341635789757134,0.035474612823178986,0.11812627669528683,0.030000000000000006,0.030000000000000006,0.17201389272962275,0.12979692363889409
181,181.0,181.0,0.13190618702151335,0.11218683905265547,0.13582463720838317,0.10644279175261757,0.041977073064770054,0.10988729721536453,0.030000000000000006,0.030000000000000006,0.17096603280531233,0.13080914187938325
182,182.0,182.0,0.13610845399877355,0.06692990171110669,0.15951532615465852,0.07366242123712358,0.040196707782500354,0.10136221048538294,0.04778737910022087,0.08554290993595856,0.16359144752949578,0.12530324206477883
183,183.0,183.0,0.10919755357372234,0.09732340799641499,0.16757819078084107,0.06969165169969903,0.06903202359249935,0.07892756906391042,0.07140195188592294,0.030000000000000006,0.18896569331134588,0.11788195809564365
184,184.0,184.0,0.12866443389706086,0.08273418246441067,0.1542102953759678,0.09140748846377947,0.04852646333455709,0.10444355058954695,0.033763955270765054,0.030000000000000006,0.18505321080426582,0.14119641979964598
185,185.0,185.0,0.10434847459985434,0.10449386877450076,0.15500918297125543,0.10558954973405058,0.048633766210783504,0.10388062993178497,0.05146138676535803,0.04867428403261849,0.16412799752407634,0.11378085945571734
