,Unnamed: 0,Generation,Intertwine_two,Add_vertex,Delete_vertex,Invert_path_vertices,Insert_inside_vertex,Delete_inside_vertex,Replace_inside_vertex,Donate_between_routes,Trim_one_terminal_cb,Grow_one_terminal_cb
0,0.0,0.0,0.09999999999999999,0.09999999999999999,0.09999999999999999,0.09999999999999999,0.09999999999999999,0.09999999999999999,0.09999999999999999,0.09999999999999999,0.09999999999999999,0.09999999999999999
1,1.0,0.10900000000000001,0.10021442401607467,0.09912578962657399,0.09983859139600185,0.10127181082754325,0.09968034941335367,0.10067784599678534,0.0993077178111268,0.09789410971498307,0.10105052100893487,0.10093884018862243
2,2.0,0.31601,0.1015529317624042,0.09881448947096477,0.1001161837516573,0.10263464896816694,0.09893576778269707,0.1009624575794771,0.09740788703126738,0.09564984412735007,0.10186206173225923,0.10206372779375585
3,3.0,0.6191589000000001,0.10364737992516473,0.09742279221551269,0.10010441608385769,0.10349156970035027,0.09719297261765134,0.10128209633774185,0.0958130346696268,0.09461219458679465,0.10302362146641245,0.10340992239688745
4,4.0,1.015801321,0.10413013374159813,0.0982918097344016,0.10057155225681452,0.10415540148530923,0.09502779575857946,0.10141731524496037,0.09458453131133177,0.09226819841795979,0.10432159766799476,0.10523166438105025
5,5.0,1.50262148669,0.10473041705840017,0.09887095842976273,0.10082390336612297,0.10415714771906864,0.0943196013015691,0.10172275330253908,0.0928555905134158,0.09034701893600293,0.10695286971538537,0.10521973965773311
6,6.0,2.0757334209441005,0.10685725041188819,0.09947507575130463,0.10039993509373854,0.10357777647531778,0.09274524078771354,0.10258101781451162,0.09128225450150101,0.08788098907170641,0.10859828432255574,0.10660217576976241
7,7.0,2.7307768275633495,0.10807960899316162,0.09955046331150863,0.10099077529830419,0.10423913485336074,0.09145055152666601,0.10162513874597945,0.08945617451331665,0.08572595143106236,0.11074357857470554,0.10813862275193467
8,8.0,3.4630081252450404,0.10854954143012119,0.09931555923155883,0.10152257963849178,0.10461307175499954,0.09041111754043964,0.10254640466780861,0.08809955784536126,0.08221628072369923,0.11256821652195562,0.11015767064556416
9,9.0,4.2673862119061114,0.1096745723893514,0.09877286892857043,0.10161960232699745,0.10360651010779463,0.08959196103161707,0.10238209569924402,0.08667452613336382,0.07960931396328637,0.11563134525425109,0.11243720416552358
10,10.0,5.138652627782014,0.11016013690516857,0.09788768890104618,0.1022076295572492,0.10351555141091223,0.08821152304507628,0.10333027654301032,0.08617029535597136,0.07694547691844414,0.11830335735431216,0.1132680640088094
11,11.0,6.071405875792507,0.10995748128666125,0.09812070669497445,0.10262507131210936,0.10399307707406179,0.0859843500945531,0.10412907481643642,0.08442208113425108,0.07498568808106537,0.12051725817513159,0.11526521133075539
12,12.0,7.060169740244025,0.10925563328318016,0.09888827946238267,0.10401103874694027,0.10257644710640183,0.0838404856262764,0.10477874851513148,0.08307874012949554,0.0735657814490712,0.1232651860842015,0.11673965959691872
13,13.0,8.099455520847952,0.10948082305485993,0.09824732062850307,0.1039520483058614,0.1027277160881486,0.08295708645615854,0.10487458687347583,0.08283985264819098,0.07101763183809885,0.12494795128024844,0.11895498282645416
14,14.0,9.183818168183006,0.10859503348910234,0.09902951474071173,0.10529161818737141,0.10327702106600878,0.08326402071759899,0.10407363157718749,0.08201989779735691,0.06884321136149014,0.12577837659169244,0.11982767447147954
15,15.0,10.307906369102724,0.10828038633469234,0.09986305011464455,0.10612145980463347,0.10274256816453733,0.08220684397586664,0.10256653125487739,0.0807188913299664,0.06817242061310086,0.12716148963070523,0.12216635877697557
16,16.0,11.466506686239443,0.10916823689017416,0.10115711012680671,0.10753279403664144,0.10261424402080431,0.08044189524959845,0.1016820122965968,0.07865972573689779,0.06608004667370532,0.12931430137207356,0.12334963359670117
17,17.0,12.654581904800096,0.10901193342373448,0.10164962613293137,0.1078386105821624,0.10255079833749815,0.07947967925933391,0.10195617124794731,0.0766693988724675,0.06472100013310474,0.13166410705554923,0.12445867495527062
18,18.0,13.867303782456686,0.10877626707532648,0.10168832564666926,0.10924616049041236,0.10278351684444707,0.07882450776734662,0.10131610464114268,0.0748658076779203,0.0640120828828468,0.13333738671728035,0.12514984025660783
19,19.0,15.100080434523047,0.10923249834129589,0.10134056820714776,0.11205464745435886,0.10347899487530161,0.07702690374689812,0.10203715485571127,0.0732923844859541,0.06209466518009804,0.13392563700946353,0.12551654584377056
20,20.0,16.348578617037543,0.10815923754667872,0.10056177139812866,0.11239887640659524,0.1036624151421909,0.07557457853128519,0.10216523429540979,0.07304607708101754,0.06106676552055387,0.1361750094513509,0.1271900346267889
21,21.0,17.608741195130214,0.10733710992900988,0.09992785811455578,0.11395196250338907,0.1039482506790833,0.07478339653730016,0.10275810168416082,0.07339551425608608,0.05883205187276306,0.1378613377072581,0.12720441671639346
22,22.0,18.876800103462312,0.10790926298865473,0.10031180544811052,0.11426820654010793,0.10298708700474475,0.0745252865653049,0.10267084388973628,0.0718851447696287,0.058400391563246015,0.13903116302841256,0.12801080820205332
23,23.0,20.14928511992658,0.10799460455080062,0.10199893001425536,0.11441727560720648,0.10199060944211204,0.0744771297134672,0.1026003022615965,0.07085754432587994,0.057550130901626306,0.14032768126124612,0.12778579192180917
24,24.0,21.423028783545156,0.10820120714678949,0.10169223925749873,0.11431447593430834,0.10130927787396092,0.07400528864923335,0.10278332310954609,0.07128221721097101,0.05699154569930507,0.14107835078388553,0.12834207433450118
25,25.0,22.695167792966423,0.10752026196712637,0.10230258220408762,0.1157319263245609,0.10043472884550116,0.07339121830810548,0.10303821032753144,0.06953765365448786,0.05692422078270411,0.14222999301131053,0.12888920457458425
26,26.0,23.963141223515898,0.10618785263813676,0.10296368040016164,0.11522250940072885,0.10155739154036657,0.07366947589237768,0.101989795519504,0.06952540288626138,0.05644741412235505,0.14325276909131598,0.1291837085087918
27,27.0,25.224685898775267,0.1056337567866557,0.10417302416021348,0.11629394983779023,0.10190625177958688,0.07272030875217705,0.10218573986591897,0.06939261291820606,0.05451427013967291,0.14338825660441964,0.1297918291553588
28,28.0,26.477829247520948,0.1041507515770021,0.10474216297867069,0.1175009385289747,0.1026700671765399,0.07151159899248574,0.10361391081467912,0.06807186018499539,0.052582242884814785,0.14545071022176023,0.1297057566400771
29,29.0,27.720879968916847,0.10271824724024282,0.10444242530529312,0.11860451761492694,0.10340759369852315,0.07063322166068653,0.10424424009997132,0.0662283762253128,0.051455256377622924,0.14647430772447734,0.13179181405294282
30,30.0,28.95241681848399,0.10283984764018361,0.10499143245304486,0.1181662024106977,0.10345071278854598,0.07066393906164385,0.10435672974014298,0.06566672615648096,0.05228649315730976,0.1468200364783721,0.13075788011357797
31,31.0,30.17127581490958,0.1026815909302539,0.10620136090167834,0.11946675133817672,0.10286994810964133,0.0691927677497447,0.10385053337994796,0.06434598010131817,0.0519774538507983,0.14773695230701436,0.131676661331426
32,32.0,31.376536153543515,0.10336160978769927,0.1063815241565506,0.11926742966329376,0.10331171652930575,0.06819709700232418,0.103454868404379,0.06541511670589592,0.051710575029560904,0.1475859694144175,0.1313140933065729
33,33.0,32.567505096778625,0.1021421651956089,0.10454402239596147,0.11875638316623463,0.10410943829040498,0.07047555191326527,0.10325750160659708,0.06425704689201413,0.05194280057748514,0.14906986766767963,0.1314452222947486
34,34.0,33.74370209472243,0.1015753986993248,0.10287155060135765,0.12148866427023644,0.10344620318594848,0.07110987905814145,0.10176890607022446,0.06330957487130683,0.050670828950864846,0.1498748247178338,0.13388416957476104
35,35.0,34.90484237192463,0.09994118552992545,0.1032412606189948,0.12251494977628362,0.10277577886534206,0.07011135646781555,0.10213267086635941,0.06346652081479463,0.050218743818311415,0.1521364081075468,0.13346112513462607
36,36.0,36.05082019768737,0.1005848942233734,0.1031264599568956,0.1228493040399502,0.10187166991305902,0.0681398798598205,0.10242204399614409,0.06426857716763673,0.05033790561667074,0.1527410621528226,0.13365820307362694
37,37.0,37.18169203889697,0.10113544267418245,0.10206375578426953,0.1248059290800532,0.10028127533248264,0.0668553284024907,0.10233589631076456,0.06361549568734809,0.05046332402580039,0.15491078047702372,0.13353277222558455
38,38.0,38.29765977559663,0.09963078712962176,0.10273774710521319,0.12609474332386458,0.10014001428562697,0.06526428854792335,0.1026005472561122,0.06448254679707646,0.051156222705560694,0.15459565359931368,0.13329744924968695
39,39.0,39.399054140870355,0.09918321308357797,0.10427876094605745,0.12547379605045691,0.09928789852479501,0.06396789962268429,0.10374839583024044,0.06491604582481796,0.05141219927159304,0.15526378259273318,0.13246800825304356
40,40.0,40.48631852820801,0.09923263256383306,0.1037370383280691,0.12527484464221178,0.09993489798318304,0.0644100350179709,0.10345601994810015,0.06349154187822478,0.053181631560213355,0.1552542807803184,0.13202707729787527
41,41.0,41.55999329152982,0.10094792092984028,0.10405572422218443,0.12393841439442643,0.0987434130908865,0.064831177332793,0.1046493204324082,0.06243637022677748,0.0538700066611133,0.15534153581918334,0.1311861168903869
42,42.0,42.62070064560415,0.09892675863156516,0.10417584029169283,0.12538164296260895,0.09823056453210179,0.06377426345183651,0.1052570097733197,0.06267889749760544,0.054143765070491214,0.1560129145881947,0.13141834320058357
43,43.0,43.669130257815,0.09945910495038494,0.10433379238093789,0.12655272412255458,0.09569486915103945,0.0630864282230607,0.10609088380026947,0.06281101223122601,0.054916784227893665,0.15606534595728866,0.1309890549553445
44,44.0,44.70602560622662,0.09998741686634373,0.10327118069889439,0.1267429423352514,0.0956754377516734,0.0629636199258175,0.10543277081816542,0.06240482318058702,0.05680412296104921,0.15535368585285558,0.1313639996093622
45,45.0,45.73217116373481,0.10138577851200797,0.1025893726240953,0.1280626776429209,0.09428566151495783,0.06112018826291708,0.10511744564023011,0.06344953907529052,0.056683407248517934,0.15578029769643006,0.1315256317826322
46,46.0,46.748380453854836,0.10230604035129139,0.10275746366534567,0.12848464017927747,0.09400581409210985,0.06271856174402962,0.10452250339914608,0.06270017599985989,0.05543862817381061,0.15612366492658145,0.13094250746854788
47,47.0,47.755485010424316,0.10244599626002211,0.10146088904707101,0.12879354104995788,0.09359599426613828,0.0627141075925916,0.1055026799877845,0.06336691052890983,0.05594553391050889,0.1559070767120524,0.1302672706449634
48,48.0,48.7543242612326,0.10289592786608537,0.10151411159770946,0.12836547607546278,0.0933501090571637,0.06191750183914921,0.1060822064758818,0.06419200868769466,0.05668242650959961,0.15527512957454684,0.12972510231670642
49,49.0,49.745736344347726,0.10285669252831264,0.10025549883212219,0.1282634886882007,0.09257311566203179,0.062173939156825855,0.10695006206803107,0.06491577612893987,0.05585884997600815,0.15563047933460442,0.13052209762492314
50,50.0,50.730549855707864,0.10389533827121315,0.09994956336983293,0.12865361058502434,0.09185128726872824,0.06240623744590206,0.10639284562526644,0.06523767772122702,0.05616306308064318,0.15501756849817694,0.1304328081339855
51,51.0,51.70957651737491,0.10441042357586747,0.10028954305107626,0.12872570099392494,0.09153846130741211,0.061625164746427874,0.10640419508132663,0.06454096961835126,0.056919998588372434,0.15422759381933487,0.13131794921790593
52,52.0,52.68360474770151,0.10315372075327339,0.10269720149006197,0.12798259694943562,0.09139243594850976,0.061571812491211936,0.10601098870405193,0.06391758751542508,0.056775410541394414,0.15396775542155047,0.13253049018508525
53,53.0,53.65339410751842,0.10319637911748461,0.10280583687538097,0.12714992282510656,0.09263166075951179,0.06153905207954437,0.1070323129257186,0.06436034413115016,0.05580251602857251,0.1531509474581408,0.13233102779938943
54,54.0,54.61967059027847,0.10362374638682213,0.10164963701114677,0.1272365360027753,0.09345263211087225,0.06271379323146282,0.10734483115818066,0.06362764945499387,0.05449524415403073,0.15300377235085208,0.13285215813886325
55,55.0,55.58312271885972,0.10339563273732848,0.1019073590599068,0.12680741073130913,0.09390741721073444,0.0619678027148085,0.10842793592869379,0.0644000539847347,0.05436637514604207,0.15143769642608548,0.13338231606035647
56,56.0,56.544398407394254,0.1029834788162693,0.10063656457147258,0.12655913503846866,0.0949259978626679,0.06179431623716036,0.10838159872335834,0.0645382360088528,0.05380346247890896,0.15240265594555139,0.13397455431728958
57,57.0,57.504102543001395,0.10250075719151198,0.10095323283783997,0.12682270136092422,0.09528165911422905,0.06322012963998008,0.10913647643006608,0.06511749981352632,0.05282434243470099,0.1509093726422141,0.13323382853500707
58,58.0,58.462795239617805,0.10106270043759974,0.1011608803520694,0.1264223000831896,0.09480896290231858,0.06285227095711234,0.1103205681373971,0.06487155527808597,0.05289544035944542,0.15018369184022884,0.13542162965255283
59,59.0,59.42099071417639,0.10044819903420617,0.10042680623925422,0.12656373919408584,0.09647907488532548,0.06211657523778057,0.11002646652163914,0.06428349104773222,0.05457932142363523,0.14888330802229321,0.13619301839404777
60,60.0,60.379156734137354,0.09983945515528116,0.10194453061586514,0.1269964166505765,0.0952736397857695,0.06232092939860293,0.11012843646587471,0.06478038092783475,0.05497662423509067,0.1487388458769192,0.13500074088818526
61,61.0,61.337714584760846,0.09986838222728167,0.10306599492779178,0.12719574441633327,0.0941126562433806,0.0622046398363131,0.10917714153222112,0.06500532471084972,0.05572626852477923,0.14837478375069782,0.13526906383035153
62,62.0,62.29703950447439,0.09998865721720938,0.10453627757533263,0.12783502858298562,0.09429245517991096,0.06271127564023478,0.10888792441557073,0.06376149213924276,0.056358550462612754,0.14753929150343212,0.13408904728346815
63,63.0,63.257461537171835,0.09951358794414084,0.10491349902910493,0.12630518743284047,0.09408555342767837,0.06087703025439979,0.10977720088517343,0.06373027176652397,0.05611501116777113,0.14970523498865485,0.13497742310371208
64,64.0,64.21926675122782,0.1012759736133597,0.1059275651906705,0.1252219475172301,0.09338090506040513,0.05940765303318698,0.10896929289273768,0.06379755521899005,0.054547783204466765,0.15143651212978326,0.13603481213916968
65,65.0,65.18269877636592,0.10222415197959425,0.10426286549857411,0.12435378731966353,0.09312686389111668,0.06058322230905856,0.10943533540893953,0.06302875152107965,0.05521078809361603,0.15194496760846637,0.13582926636989118
66,66.0,66.14796061122655,0.10142869111405864,0.10363792286511278,0.12526421127295934,0.09625650347584883,0.06032725340623299,0.10938160597311827,0.06213033633822916,0.05364823464610189,0.1531175719412475,0.1348076689670905
67,67.0,67.11521665648885,0.10202331591703287,0.1037359007978986,0.12477676986316165,0.09641178641767544,0.05989918891551916,0.11013224424281325,0.061891400154891474,0.053225189445955765,0.15362664074522978,0.13427756349982195
68,68.0,68.08459493066005,0.10017472994480657,0.10240602457930052,0.12532480416681724,0.09684024720117179,0.06249680343013012,0.10972989271165753,0.06169758807486228,0.05344665081295936,0.1531870990503738,0.1346961600279207
69,69.0,69.05618942810752,0.10029634091953143,0.10220428633858808,0.12586530148493752,0.09710953007016916,0.06259772433300236,0.10848644944057236,0.061586931878699264,0.05271459286191437,0.1541452247628588,0.13499361790972655
70,70.0,70.03006258152917,0.10117805533547955,0.10145181635040348,0.12540433316730804,0.09553169756835986,0.0613446103362087,0.10972386193483144,0.061677824977782465,0.05183750327553914,0.15488717150309064,0.13696312555099655
71,71.0,71.00624779379335,0.10150991710742102,0.10368804949732378,0.125365097180046,0.09390147710940588,0.06121036277601296,0.11104845402337325,0.06108240146691735,0.051858811738631355,0.15310415821529774,0.13723127088557052
72,72.0,71.98475200689319,0.10144085212586834,0.10416321501344061,0.12423721549289814,0.09246485558848168,0.060872897631302575,0.11007498460309027,0.060241172043329405,0.05227069722954164,0.15546853937627125,0.13876557089577596
73,73.0,72.96555827861411,0.10286121819326671,0.10492011767629747,0.12280865687203099,0.09315294150367145,0.06032059039370222,0.11026458362831776,0.06188478193758471,0.05072718934534067,0.15424368304398908,0.13881623740579882
74,74.0,73.94862834037681,0.10270353123440583,0.10462861051929648,0.12388259677815158,0.0937760236470276,0.05970629408550223,0.1096083352339405,0.06279883950964947,0.04989867113913221,0.15432032243018232,0.13867677542271167
75,75.0,74.93390511255946,0.10113867134212676,0.1046257787221893,0.12398951051722978,0.09355198628239927,0.06024960820769005,0.10954429402518456,0.06286292648796418,0.050074922372305895,0.15478751042064412,0.13917479162226593
76,76.0,75.92131515639825,0.09988658887904477,0.10516803800685055,0.12387100370297541,0.09311136820946044,0.06025339278080731,0.10977943307057636,0.0626100015926605,0.04914297212447279,0.15680845808657767,0.13936874354657405
77,77.0,76.91077104428919,0.10147381845359699,0.10429257072143165,0.12516984451479354,0.09346077730471417,0.061295380493882695,0.10934254177685868,0.06172975026770543,0.04812911881430348,0.15556994693844522,0.13953625071426806
78,78.0,77.90217363294813,0.10108209953358639,0.1035181048115184,0.12643531472145567,0.0928367011247269,0.06150593271321722,0.11044936940523618,0.06017675233781543,0.046896570862394286,0.15608801725125804,0.1410111372387914
79,79.0,78.89541422641172,0.09962376900131015,0.10688839739410777,0.1256900459158778,0.09229259660716986,0.06223365641059485,0.11060579854764785,0.058837172326348275,0.04848493251946064,0.15501277572396893,0.14033085555351382
80,80.0,79.89037661826481,0.09648699814321465,0.10756373023967113,0.126170259942242,0.09376478808200955,0.061972506523978316,0.11012054855824799,0.05904054886423844,0.04934789879442497,0.15428838783677903,0.14124433301519385
81,81.0,80.88693900474995,0.09553872788047915,0.10806100711494648,0.12681976792823124,0.09486419351777693,0.06182052755702954,0.10955749796797125,0.05943246984161508,0.04834757670573991,0.15422744101600314,0.14133079047020725
82,82.0,81.88497576253909,0.09424647331925971,0.10709716487102779,0.12615802440730814,0.09487290382117712,0.060867274907743754,0.110536833852518,0.060792730553129726,0.0493954632496689,0.15431424393002222,0.1417188870881446
83,83.0,82.88435908692391,0.09259888418516947,0.10726528250679514,0.12700461730083967,0.09730368213708872,0.0602682250733992,0.1092204180506053,0.06032447879730512,0.049248523154496585,0.15319902657152148,0.14356686222277926
84,84.0,83.88496048800103,0.0920114179565755,0.1068358188412314,0.1266518181961732,0.09617059039431922,0.06082809522629383,0.10904979943909565,0.06137362349973628,0.05107353864220917,0.1522389320403104,0.14376636576405527
85,85.0,84.88665214409042,0.09223157432235307,0.10793581122246736,0.12685693097921336,0.09513272532802239,0.06046165508991966,0.10913071956060402,0.06206093595701378,0.04983252535932219,0.15388048491553374,0.1424766372655503
86,86.0,85.88930811312994,0.09164566572717603,0.10805440368920624,0.1262121945584939,0.09495783393996268,0.05883618069923909,0.1093632240255977,0.06096914855672113,0.05057296050828204,0.15617305881916818,0.1432153294761529
87,87.0,86.89280540413424,0.09004749269196674,0.11133091885916628,0.1270140723508385,0.0938029207201388,0.058412799439479475,0.10727570441809028,0.06166769359403386,0.05202047205915856,0.15651452943940805,0.1419133964277193
88,88.0,87.89702491199675,0.09001657454661456,0.11222782298879727,0.12848957480400355,0.09386359802642939,0.057128354926342155,0.10608646158917895,0.06259170288048271,0.05216509481059704,0.15543767200628336,0.14199314342127084
89,89.0,88.90185221995306,0.09227994749313254,0.11354674429795703,0.12914504340967262,0.09074471017513096,0.05712366824428666,0.10512745923892684,0.062175467540328974,0.051726832889557865,0.15619995685418847,0.1419301698568179
90,90.0,89.90717827491419,0.09240844897650295,0.11438064422230532,0.12848178688328524,0.09092550180966408,0.05686271580883607,0.10461541725728206,0.062067620074762506,0.0514390737586126,0.1572237776783287,0.14159501353042034
91,91.0,90.91289994163006,0.09414321820953807,0.11544109678779377,0.1289006331025157,0.08904043465078539,0.05559686540690655,0.10606080133685838,0.060602845618669486,0.049742079885779014,0.15864125125946787,0.14183077374168565
92,92.0,91.91892044225806,0.09691798878643318,0.11577132847102506,0.13071074179936912,0.0893780761816691,0.05443298618444976,0.10378497672479198,0.059830152262751526,0.048826355867000626,0.159229092705101,0.14111830101740858
93,93.0,92.92514968840067,0.09889318095979352,0.11492165505119231,0.13370268750639924,0.08797631607271977,0.055001797843016655,0.1013227016195385,0.059682150716567635,0.04824288809558289,0.15830906544612589,0.14194755668906348
94,94.0,93.93150451304501,0.10141555293166626,0.11485931654416714,0.13452293312967395,0.08841882625794532,0.053499513840873,0.10078809904967859,0.05729325584309437,0.047819438255998936,0.15901879518850148,0.14236426895840085
95,95.0,94.93790881009448,0.10181557242750522,0.11420143376931458,0.13531471932639358,0.08879251176445895,0.05289169068015483,0.09909092079684752,0.05548099065513387,0.04795501558558873,0.16136310658611508,0.14309403840848753
96,96.0,95.94429358933806,0.10546285078793546,0.1130131247360211,0.13550414138463165,0.08744958363955174,0.05097145563180059,0.09769609576707618,0.055450213736051725,0.04627234004997156,0.16192506688986638,0.14625512737709345
97,97.0,96.9505969547639,0.10701006094469957,0.11405043702359116,0.13425298888460663,0.08832902280248989,0.05017393596195394,0.09660646875956816,0.05534727813663794,0.04645641460654222,0.1613973105461328,0.14637608233377755
98,98.0,97.9567640140995,0.10860436054742184,0.11495872635977539,0.13243225705723985,0.08827984489693468,0.05101227282747311,0.09644350794152667,0.05652267160122868,0.04599802683250861,0.16025154940842154,0.1454967825274695
99,99.0,98.96274672736057,0.11171162712468793,0.1144030560402321,0.13098955007084936,0.09006894333549775,0.05167332686391594,0.09461606551109053,0.05668863903510158,0.04528327815014757,0.15982091872400667,0.1447445951444704
100,100.0,99.96850370202192,0.11054205614149072,0.11276013744518533,0.13124321681675466,0.09129967214335105,0.05169027122975659,0.09485045685359739,0.057660667742909386,0.045020030713383036,0.1605575745079152,0.14437591640565647
101,101.0,100.97399994219691,0.11347464533551735,0.10925870259040898,0.1301556155944296,0.0937266214466344,0.053519730197261334,0.09334614911534672,0.057088634711584506,0.04474128514893359,0.16196611937217686,0.1427224964877064
102,102.0,101.97920655893245,0.1153133908862659,0.10932343113033889,0.13047473019521358,0.09350262859089334,0.054174753551477176,0.09138672259339926,0.05577737778554639,0.04422158200762599,0.16301670027763454,0.1428086829816047
103,103.0,102.98410044840509,0.11436145145406126,0.10837860247583507,0.12993983891282274,0.0954308039796441,0.05381997050345767,0.09164742703721449,0.056998843727078315,0.04312775777203413,0.16276069524707526,0.1435346088907768
104,104.0,103.98866394444643,0.11434779550625546,0.10864975465701054,0.12788134502113105,0.0970505188957615,0.05192860924938927,0.09208002991395457,0.058539607276985,0.04319466348264423,0.16341234443298142,0.14291533156388675
105,105.0,104.99288445143917,0.11555657675740914,0.10639612416311067,0.12820574484935815,0.09687548375721518,0.0535120760264495,0.09032630363155855,0.06019591400513403,0.04220837255047877,0.16526520601871003,0.14145819824057576
106,106.0,105.99675406321822,0.1129722978915339,0.1073748291850952,0.128455009358989,0.09603239508348074,0.05424245894803996,0.09005009685408638,0.06125184802701746,0.043567302792980066,0.16482280495071858,0.14123095690805854
107,107.0,107.0002691731872,0.11387955201361949,0.10645994874454875,0.12672850025443477,0.09521936053099554,0.05613120251380469,0.0905557568177902,0.061360443077576855,0.04423253839360278,0.16567280746090135,0.13975989019272536
108,108.0,108.0034300804274,0.11339896156390286,0.10821540815880241,0.1272248960117011,0.09528119600559229,0.05723278400525994,0.09042670500311649,0.06152882581151417,0.043457405581447624,0.1645968625980282,0.13863695526063474
109,109.0,109.00624059613932,0.11258426051181229,0.10612360999905517,0.1262117553781098,0.09721234158614951,0.0591726242935409,0.09011433257648513,0.06221358161609058,0.043836056301599015,0.1651404731954169,0.13739096454174057
110,110.0,110.00870765431864,0.11323904176382998,0.10582785376744831,0.1260275767449298,0.09710139121956618,0.05950585047022501,0.08981255630053883,0.062292617615188214,0.04496001431833513,0.16582739682923606,0.13540570097070231
111,111.0,111.01084093013685,0.11371461274536347,0.10541299768060011,0.12746052473954636,0.09587011086629046,0.05781587817498584,0.09151977589253966,0.060912484623168055,0.043426301531821886,0.1690379746392073,0.13482933910647665
112,112.0,112.01265246907188,0.1120033926835609,0.10331390930260377,0.1299380972268797,0.09740899456990491,0.056442457313140196,0.09284470194055754,0.06010439800887392,0.0429954011687065,0.1688411921099253,0.13610745567584703
113,113.0,113.01415632942268,0.1123268911354771,0.1021764020085345,0.1309342323300378,0.09654012544400521,0.057382447388332015,0.09421919877548064,0.05997777014056778,0.041695573134964935,0.16799951382131634,0.13674784582128346
114,114.0,114.01536824044418,0.11364456783092837,0.10118836225233677,0.13278807821096744,0.09604937186975823,0.05647659173867037,0.09329922464484598,0.060358151847051206,0.04023482912932101,0.1679779763683819,0.13798284610773853
115,115.0,115.01630527795908,0.11474791066409043,0.09923863760083075,0.13471363769088246,0.09507474447031102,0.05740217954598446,0.09295172637689904,0.058150351055086105,0.03962851585283931,0.16856371489640756,0.13952858184666866
116,116.0,116.0169855589429,0.11524824806760763,0.09952069263022112,0.13388137861756427,0.09508317292467017,0.058899956724118845,0.09280056228739365,0.05538722500683825,0.04019927256279062,0.16933473380719646,0.13964475737159884
117,117.0,117.01742795623892,0.11592818969515678,0.1009827369545217,0.13473034585196011,0.09443793636685503,0.0582281592460908,0.09100532548286507,0.054309726506774465,0.039261414884273566,0.1726392606001085,0.13847690441139385
118,118.0,118.01765183424293,0.11743258959409389,0.1007145940206215,0.1361498953840893,0.09334623460266245,0.05592241203606815,0.09100124768281267,0.0520761323289893,0.04161260325159111,0.173630331473187,0.13811395962588452
119,119.0,119.01767680610413,0.11374384834372907,0.10081696594250467,0.13877685264588066,0.09084945533899332,0.055603900850547526,0.09060368987000633,0.04925988413015711,0.041164086125127064,0.17817661293062748,0.14100470382242664
120,120.0,120.01752251271817,0.11095173843737037,0.1025468064762165,0.13848679880908807,0.08982680286227801,0.05599069670533775,0.08925109299233844,0.05131199413646496,0.04191806988719429,0.1781431454702955,0.14157285422341598
121,121.0,121.01720842354362,0.1097578660295726,0.10118110304312378,0.13961827528230278,0.08711402597578273,0.06018552298438483,0.09158814696605,0.053564238128130014,0.0410243316690101,0.17514796027116852,0.1408185296504745
122,122.0,122.01675365905109,0.10770184220672688,0.10240577352070604,0.13839815114374424,0.090554211195874,0.060628275607826486,0.09115983598363976,0.05409425641964814,0.04044604437128417,0.1749110216850119,0.13970058786553818
123,123.0,123.0161768344173,0.10699582619895226,0.1061280732981757,0.13801698031351858,0.08990205036068159,0.0605731254325253,0.08982482824869144,0.05297921094496861,0.03997909391244661,0.1754248904874313,0.14017592080260843
124,124.0,124.01549592390272,0.10800043781049197,0.10820794828972888,0.13561648844585905,0.08903684010032216,0.06121472103752772,0.09154415286469123,0.05124374513019836,0.040053931511247046,0.17521325143698124,0.13986848337295213
125,125.0,125.01472814520056,0.10732659313218575,0.10926504178189868,0.13759681951353683,0.08560301400154896,0.059455954907735385,0.09060001807282177,0.05299180703868618,0.04057622880511358,0.1753193757578059,0.1412651469886668
126,126.0,126.01388986291661,0.1081373621889186,0.10855745979570756,0.137499742928185,0.08321525232971477,0.05969895585802112,0.09242273292083361,0.05330614385106874,0.04231777285773895,0.17429590035853082,0.14054867691128056
127,127.0,127.0129965102319,0.10830874223109138,0.10997506532113055,0.1368355405788331,0.08089015986698563,0.0604354995679818,0.09211359465638472,0.052679220584572264,0.0419444144388412,0.17649405659250883,0.14032370616167028
128,128.0,128.01206252771334,0.10743772329503297,0.11006802673914907,0.13943252363540504,0.08061947790822799,0.05874938452016087,0.09425989108879201,0.05117572089697601,0.041500264785951486,0.17766151008552333,0.13909547704478095
129,129.0,129.0111013181695,0.1066298466931007,0.10872232575331853,0.1403708491577949,0.0784652692442767,0.05933656282817468,0.0960096894365283,0.0502707007229421,0.04094899818644303,0.1792344784448849,0.14001127953253592
130,130.0,130.01012521639834,0.10629646688914682,0.10912893615031444,0.14178187554545038,0.07812957351910747,0.057927217418721894,0.0945943709835402,0.049485631213059315,0.04193314608277947,0.18060192255934612,0.1401208596385336
131,131.0,131.0091454726403,0.10814164318227176,0.10869783012333051,0.1413686152479001,0.0775439908311905,0.05787091877027149,0.09663864519021546,0.04713484886147301,0.041899633963379264,0.18146227388866415,0.13924159994130347
132,132.0,132.0081722485317,0.10746665118983512,0.10609762555811837,0.14069978915368433,0.0782522763247709,0.05930479353950173,0.09810465129383529,0.04533076941997949,0.042277488970468645,0.1818673042503825,0.14059865029942334
133,133.0,133.00721462434865,0.11037188994630752,0.1043693708630039,0.14028668436917227,0.08084739031454298,0.05804323457329517,0.09780549420219359,0.04392454670207491,0.041992467548942564,0.18122837596040212,0.14113054552006474
134,134.0,134.0062806163404,0.11190320799842018,0.10573058183105451,0.14430438990413622,0.07882970914832928,0.05663372321159331,0.09944737246071729,0.043084622848879026,0.041180898843730704,0.17901739065769068,0.13986810309544856
135,135.0,135.00537720296956,0.11306610722558022,0.10782578472172821,0.1442054001926522,0.07693033499552111,0.05588383448140927,0.09864217617226398,0.044298575304244685,0.04099423489459513,0.1785512499112603,0.13960230210074467
136,136.0,136.00451035890612,0.11223813740484505,0.10842890669107103,0.1462466578302235,0.076635739700485,0.056503855475118346,0.09912759866892465,0.04380677997349229,0.0405264609294568,0.17843021577434368,0.13805564755203953
137,137.0,137.00368509565993,0.11266566004456822,0.10848365010009124,0.14617778489841682,0.0755734260489694,0.05662649527025369,0.09881613937373292,0.042340030755519474,0.03966507360697841,0.17903419915208538,0.1406175407493843
138,138.0,138.0029055077818,0.11401629737654301,0.10875944545104427,0.14457218818695217,0.07456226696263932,0.05862200029575939,0.09876009538870176,0.041663410537334876,0.03999281553902476,0.1784366128956401,0.14061486736636022
139,139.0,139.00217482361367,0.1130516018781902,0.11140946043765425,0.14218317123885837,0.07626116073733859,0.05826080483707136,0.09968083637486341,0.04441920846245977,0.039300808450136684,0.17482985651223246,0.14060309107119479
140,140.0,140.0014954596262,0.11165598452297115,0.11130160662641997,0.1415941072197512,0.07631838451363439,0.057423921502654816,0.10034560420290004,0.04914711529241196,0.03867298044882174,0.1730964062964133,0.1404438893740214
141,141.0,141.00086907744122,0.11551293081500086,0.10987032024575805,0.14301403720411948,0.07561301450570523,0.05626607985718956,0.10095332898226025,0.04910579879966305,0.038256536454082314,0.17305341486955014,0.138354538266671
142,142.0,142.0002966427003,0.11718967854113584,0.1099719131724557,0.14227933790602215,0.07626802314081796,0.0553106403838675,0.09887718782424587,0.049721861185932074,0.03762069236682881,0.17445248334857552,0.13830818213011853
143,143.0,142.99977848500652,0.11785213460614226,0.11180368429791894,0.14181038539348637,0.07880305630142115,0.05524348243800885,0.09728154380721836,0.0507272110380837,0.03659609611111395,0.17369249571289888,0.1361899102937075
144,144.0,143.99931435823203,0.11917125062277391,0.11224909791939176,0.14361126342999347,0.07763885221125476,0.05337401720024994,0.09829533404780266,0.049843126314917253,0.03560799851985944,0.17369553811418448,0.13651352161957225
145,145.0,144.99890350055264,0.12290713973038153,0.11048995209780044,0.1457046537850991,0.07843669004499465,0.05304774259004362,0.09461923140285085,0.04820043012961963,0.03565201713017313,0.17538725542203748,0.13555488766699955
146,146.0,145.9985446936357,0.12277738661617174,0.10848957214920252,0.1458142615221255,0.0779697223749714,0.051715057543820935,0.09360222412751196,0.04745631790568305,0.035846684840620736,0.1801050500959923,0.13622372282389986
147,147.0,146.99823632047406,0.12225572951768963,0.10781098350799165,0.14380441948217157,0.07764782786114414,0.05319383005139162,0.09507430083488688,0.04900918511895966,0.03562790118644962,0.17914083713390827,0.13643498530540693
148,148.0,147.99797642142389,0.12446048083856921,0.10876286586317628,0.14235675020142102,0.07599892024797869,0.054412713042196845,0.09351470319458788,0.048072993762338034,0.03633095066204503,0.17793914776086533,0.13815047442682163
149,149.0,148.99776274806447,0.12299582131531764,0.10846549114850897,0.14321365995596522,0.07601422009066185,0.053512816551100705,0.09432164623390935,0.04790037894777306,0.03612982974915301,0.17916783126906033,0.13827830473854982
150,150.0,149.99759281456036,0.12452466380820676,0.10786022313815605,0.14319803938576672,0.0727171453105489,0.05259092238458108,0.09613204622444282,0.04810926730931746,0.035328031436759846,0.18182960087335542,0.13771006012886486
151,151.0,150.99746394626104,0.12439019323470013,0.10896691535654178,0.13944087817955597,0.07095825080438692,0.055265556974833444,0.09334214528831866,0.0477369950593132,0.03655490356580406,0.18318729695900965,0.14015686457753615
152,152.0,151.99737332532905,0.12330312287273035,0.10838130593480688,0.14076108849021016,0.07180921516448198,0.054006080532434136,0.09479090572774672,0.04760281000746702,0.03683302547814354,0.18317179238832326,0.13934065340365595
153,153.0,152.99731803323698,0.12180248873585361,0.1064830603399307,0.1388147945088375,0.07295841265922415,0.055491266012006255,0.09962794507088402,0.04717645457895833,0.03653474576751881,0.18188201814958468,0.1392288141772019
154,154.0,153.99729509002177,0.11928244217765438,0.1071208450941179,0.13755645676675576,0.07274236287628871,0.056557501907008506,0.1011268013777368,0.04632004576252143,0.03578990513972218,0.1826041790187582,0.14089945987943608
155,155.0,154.99730149022784,0.11857495634227501,0.10617456673414395,0.13922768315189768,0.0762518123401442,0.05611107257618477,0.10197747279256777,0.04723686971631208,0.035061649523307994,0.18096198041923534,0.13842193640393116
156,156.0,155.99733423551103,0.11684552824686528,0.10383021663778284,0.1386271853682199,0.07426501242203899,0.05501885758597604,0.10364068571959117,0.04694993435200505,0.03681701685237588,0.18415986064897227,0.13984570216617256
157,157.0,156.99739036391077,0.11624618156975819,0.1037763681332505,0.13863597300481698,0.07268452668128149,0.0534673276766093,0.1060099920132433,0.045736068243039614,0.03696156293240555,0.18684022585214355,0.13964177389345156
158,158.0,157.99746697583146,0.11246272991788953,0.10263279107174987,0.14223543125080237,0.07377482056861553,0.05329042935972801,0.107468139136216,0.046402572196975855,0.03719915494112359,0.18720041382881394,0.13733351772808533
159,159.0,158.99756125680176,0.11199197175934548,0.1028065854658591,0.1429398636422648,0.07316126700562824,0.052059477791668356,0.10644310294448561,0.04524410276028287,0.037496945550360504,0.18589764994824237,0.14195903313186273
160,160.0,159.997670497107,0.11171094162444496,0.10545172316410537,0.14281857547665402,0.07256923861122103,0.05267433540867623,0.10493542050375339,0.04352295951011699,0.03678786184632164,0.18651879930211668,0.14301014455258976
161,161.0,160.99779210841066,0.11385919120592372,0.10543219964182712,0.14249816266009116,0.07727026680701878,0.051484272268419305,0.10177063048806026,0.04354778339792845,0.03608180789422345,0.18520799739579247,0.14284768824071536
162,162.0,161.99792363749984,0.1125452573319501,0.10353053028343576,0.14457215207529162,0.07641149803062575,0.053183061760685234,0.10064252349558951,0.04335044141127814,0.037447767982181274,0.18395568353724942,0.14436108409171333
163,163.0,162.9980627773051,0.11535455861413926,0.10391191757460236,0.14364082135885528,0.07879559136241686,0.051964208448387124,0.0999536642791238,0.04422667436914613,0.037670553567079657,0.18370719310350928,0.14077481732274036
164,164.0,163.9982073753568,0.11555579216732541,0.10404375377123604,0.1446134447908839,0.0798422041828901,0.0506275696340808,0.09740143269869032,0.044176481923265586,0.03728166200698931,0.18358967791349626,0.14286798091114233
165,165.0,164.99835543984977,0.11702973005385481,0.10469047535041788,0.14404654585322665,0.0791876340646248,0.04827660044495178,0.09731275268958432,0.043708356354578926,0.036571905106639525,0.1859376952034564,0.14323830487866493
166,166.0,165.99850514349492,0.11615938322214006,0.10415095520109866,0.14800683941708223,0.07811895392476118,0.04747008784290621,0.09411119747099617,0.04377941436474878,0.036736459043727694,0.18665594394407622,0.14481076556846278
167,167.0,166.99865482534062,0.11465347782494341,0.10491191736916981,0.1471504389428314,0.0765440133518554,0.04881051676046555,0.09954675091584844,0.044583508460803944,0.037965287935536565,0.1845236743033911,0.14131041413515438
168,168.0,167.99880299074837,0.11428539371053426,0.1035910900024492,0.1487003865792885,0.07736104206915746,0.046952198363378946,0.1002165688062532,0.0443247130619348,0.037254361713068875,0.18362937343726252,0.1436848722566722
169,169.0,168.99894830970783,0.11753304802837213,0.1032347432955846,0.15014632437859518,0.07633505475558033,0.04479616671514218,0.10041830817529204,0.04280088178012549,0.036541984495717265,0.18382853126084991,0.14436495711474084
170,170.0,169.99908961367427,0.11599321797762442,0.10278329133508758,0.15061642923784044,0.0767159894098018,0.0459441506103504,0.10032498736867242,0.043725253327623365,0.04003731886222886,0.1796318527053917,0.14422750916537905
171,171.0,170.99922589110733,0.12011400288386129,0.1038465573429554,0.15100979275036194,0.07395933353932554,0.0445932760307659,0.09669697148686536,0.044822079679551846,0.03953398025120554,0.18239373714813958,0.14303026888696765
172,172.0,171.99935628188598,0.11769654391773825,0.10553577810448858,0.14803850900314935,0.07768104845671525,0.04475046581863163,0.09632347422971257,0.04528276143147553,0.04005529221449952,0.1795488972583379,0.14508722956525147
173,173.0,172.99948007076793,0.11871960490040416,0.10379671303872945,0.14746953348071476,0.07793834003375924,0.04516983854412619,0.09661553851461609,0.04508687791124073,0.03957075404819104,0.1796590914123027,0.14597370811591565
174,174.0,173.99959668005403,0.11921497847642976,0.10159270765099615,0.14592317340837727,0.07979110899883471,0.04432858539885264,0.09646346191062038,0.04494132731641881,0.04128474595372331,0.1804412870432512,0.14601862384249575
175,175.0,174.99970566161096,0.11976933512155281,0.10080761195694418,0.14371421792882696,0.07901234980822869,0.04589222470151133,0.09739187016284417,0.04384611970340209,0.04168546800615646,0.1804297068782704,0.14745109573226287
