,Unnamed: 0,Generation,Intertwine_two,Add_vertex,Delete_vertex,Invert_path_vertices,Insert_inside_vertex,Delete_inside_vertex,Replace_inside_vertex,Donate_between_routes,Trim_one_terminal_cb,Grow_one_terminal_cb
0,0.0,0.0,0.09999999999999999,0.09999999999999999,0.09999999999999999,0.09999999999999999,0.09999999999999999,0.09999999999999999,0.09999999999999999,0.09999999999999999,0.09999999999999999,0.09999999999999999
1,1.0,1.0,0.09753263984617737,0.09816154102253424,0.08830433868465257,0.11300893487268475,0.10132303516500596,0.09836952936791686,0.10090472341870341,0.1037687185435348,0.10479500872275634,0.09383153035603362
2,2.0,2.0,0.09891734262919277,0.08422145054065369,0.09130397030249489,0.10535665542935016,0.09619626289971753,0.11266990521286155,0.10121049139381848,0.0934346037196109,0.11728800016501224,0.09940131770728773
3,3.0,3.0,0.10531197289476471,0.08892055792684275,0.08812117342134371,0.10428736177616686,0.09842891737137967,0.09888256391394457,0.1001818761015354,0.09959519568886215,0.11010197189594588,0.10616840900921418
4,4.0,4.0,0.11176505267714651,0.10106237213873848,0.07646556657143845,0.10666584827389476,0.08754439432490609,0.09248929771584277,0.1091265088227015,0.11056598614938751,0.10597898760515001,0.09833598572079377
5,5.0,5.0,0.10312652023985654,0.09500945606697635,0.08021882198500443,0.10599972354478268,0.08970573703594928,0.11767099381295273,0.10981512489408962,0.0929673458564323,0.09650741753655241,0.10897885902740363
6,6.0,6.0,0.09858975593897228,0.09210399833277436,0.08152080650345277,0.11259547132671859,0.08433004762128835,0.0916401066564862,0.10145663923743942,0.10538131151469984,0.11934834428121341,0.11303351858695476
7,7.0,7.0,0.10121091467665869,0.10045372469466955,0.08136543758205685,0.10626986291127252,0.0885729723672252,0.1098021677421855,0.11017584152108215,0.09492427018362394,0.09901711173424217,0.10820769658698337
8,8.0,8.0,0.09538730673712255,0.09110694790697742,0.08091652139766783,0.10419482080045941,0.08960823963465317,0.10368245400269571,0.10003071617373446,0.1051154001812615,0.09976057337727526,0.13019701978815254
9,9.0,9.0,0.0865632091025723,0.09782360371107787,0.0873408373930456,0.11020954051314988,0.08713794300344233,0.10997865472119576,0.09517950901349796,0.0940971634731205,0.12179055838726008,0.1098789806816377
10,10.0,10.0,0.08261491644170485,0.11231257047314122,0.087143534208282,0.1022071426545637,0.09827084857913229,0.10669961291124004,0.08663632204538892,0.10506837278991374,0.10923150192060349,0.1098151779760296
11,11.0,11.0,0.0889011992436965,0.09710634625320494,0.08906498647203463,0.1000564445604842,0.0991442481369869,0.09858141718774795,0.09520664523900288,0.0997677941622815,0.11294637625954687,0.11922454248501353
12,12.0,12.0,0.09550885375111731,0.10170488967072225,0.08633517986599179,0.11326415477203726,0.09487434939997914,0.11033591834590187,0.1053851487431261,0.08316538484633844,0.10036716098203366,0.10905895962275218
13,13.0,13.0,0.1103300032330095,0.09503845750007509,0.07544739533925486,0.09764780441940735,0.09436400613653449,0.11163176540360406,0.09706963058895011,0.08867667991913523,0.11789731506958231,0.11189694239044692
14,14.0,14.0,0.09388082752994435,0.09109844951560872,0.08323563005004748,0.11052096746264888,0.09740523791381202,0.11143172949468023,0.08786610078538262,0.0928459982782551,0.11639818657809338,0.11531687239152721
15,15.0,15.0,0.09504121963139306,0.08331264270470509,0.0771535911261793,0.10694650547816117,0.09416422206217535,0.11173879610427326,0.09429988846008454,0.0955003248592553,0.11931630563559961,0.12252650393817324
16,16.0,16.0,0.09609504923021532,0.12063954699545036,0.08346440140441518,0.10032853244497039,0.09801950517911659,0.10874077428255738,0.0872039863147056,0.08717763632292932,0.10145831307002054,0.11687225475561933
17,17.0,17.0,0.08679957690800974,0.10192353452206444,0.08151425741847552,0.09605155343190312,0.07381998632502303,0.11052466185703316,0.114940610295501,0.10081262973369631,0.1135874729770554,0.12002571653123821
18,18.0,18.0,0.09556371029893099,0.08837600893124739,0.09602806453912387,0.11168412475023692,0.09463361569524892,0.11172347022142586,0.09878565251678349,0.08823695398076006,0.10742416849076833,0.10754423057547413
19,19.0,19.0,0.10412801042540867,0.10593851412859645,0.08968548161348086,0.10282324812255686,0.0883207187223506,0.11037115434586864,0.08041162862759532,0.09340177713672668,0.11315361497904919,0.11176585189836667
20,20.0,20.0,0.10665347888065362,0.09136322147709755,0.09220379183689931,0.11087376795509192,0.07974496232587605,0.11303883563060999,0.08712547187670143,0.09358053948962206,0.11216937124185052,0.11324655928559754
21,21.0,21.0,0.09189730146716923,0.0895322216453279,0.08635707228135309,0.11175336694130944,0.07469692361288674,0.12136624464532267,0.08482398616307188,0.09637401022809469,0.10147922026378446,0.1417196527516799
22,22.0,22.0,0.08896284159197292,0.12578051217986708,0.08586170466391241,0.08598003551079507,0.08722216857755748,0.12023313710106595,0.10387878848886807,0.08010610052925704,0.11683943913799419,0.10513527221870977
23,23.0,23.0,0.10713214122943512,0.09301297046974782,0.08151882977522666,0.10088062154446231,0.07234247902385568,0.11920594144788539,0.09334911997875801,0.0912593983071203,0.11703726171033187,0.12426123651317669
24,24.0,24.0,0.10202808476545715,0.08942338709615398,0.0848994065176526,0.09810661282188624,0.08995188222614284,0.11763109207871507,0.09568340426453448,0.08421892579915413,0.12607056025288857,0.11198664417741493
25,25.0,25.0,0.10181868856224648,0.11101496003100789,0.07928856762401412,0.09149596353314875,0.07345000145773549,0.10738553727880085,0.0981342367444756,0.08523402312743407,0.1295340041844379,0.12264401745669881
26,26.0,26.0,0.09255148205471311,0.0954970831377663,0.07628501282767898,0.0990186824063776,0.10249482819569242,0.11566121333673793,0.09123084306452861,0.07929541467396009,0.11423948223828126,0.13372595806426374
27,27.0,27.0,0.1118508820812234,0.07840849837368571,0.10796356865285191,0.09195150613146837,0.09950220792570605,0.10193397638459822,0.09635003890216766,0.07833938012675978,0.12227103590366015,0.11142890551787872
28,28.0,28.0,0.10569184385098962,0.0874830108391362,0.08315769316446167,0.10139021934259293,0.08068613337926026,0.11531572255873712,0.1024675817232863,0.0795317178914277,0.1265560496120119,0.1177200276380963
29,29.0,29.0,0.10707457120685908,0.11985813431965535,0.07183504787275632,0.09458888670047161,0.08409648479513829,0.1278111526329136,0.06832971545064419,0.08804495455622699,0.11750135963698174,0.12085969282835278
30,30.0,30.0,0.08317777873892643,0.11104084140180767,0.08983720102432649,0.08848710965906852,0.07891864346578484,0.12246851054803218,0.07430948392045603,0.09882877397552603,0.13399190239130332,0.11893975487476852
31,31.0,31.0,0.09974417733752447,0.10772145838812111,0.11625383486261183,0.07933068993313316,0.0731501924769589,0.11484156776269705,0.10563149717794396,0.08106841218530055,0.12015740322225502,0.10210076665345388
32,32.0,32.0,0.08991177031736183,0.10889731764542043,0.0717160879327421,0.0918771526694536,0.0856050614413605,0.12937686806286428,0.07770913803436799,0.0878464554603962,0.14139583440894227,0.11566431402709074
33,33.0,33.0,0.07590901818547617,0.11913856760372724,0.08678946837291547,0.09428956228741263,0.0775246259497123,0.11735389233706559,0.10949506267027034,0.08430893655258148,0.12077896811778163,0.11441189792305714
34,34.0,34.0,0.08402054616132817,0.0997767957208106,0.08176931952042296,0.0990000502662029,0.07145551287628772,0.12324612662983055,0.10600977426587457,0.07720067468008872,0.13637952496720912,0.12114167491194469
35,35.0,35.0,0.08003463507456572,0.08775331062174782,0.08996967420449996,0.10539297298444014,0.07538839418879942,0.13026903947601437,0.09498694565619976,0.08318790128792372,0.13674291641710096,0.11627421008870806
36,36.0,36.0,0.09440458557968799,0.09932753668184155,0.08099383234889365,0.10318544895883566,0.08500481879204123,0.12440298819390265,0.10643797707057541,0.08861288200139164,0.12052591245730322,0.09710401791552702
37,37.0,37.0,0.08191662877421921,0.10714934255354436,0.09377565166467236,0.07825232208734176,0.07062719501312727,0.11931539452836333,0.09744439017396218,0.074831514712356,0.12674601919724565,0.14994154129516782
38,38.0,38.0,0.10970719079658667,0.08223969180579624,0.07755662735071375,0.09955515906399381,0.08384159339868362,0.12397386347027828,0.09907193000674672,0.07797854315070461,0.11871005132520837,0.12736534963128787
39,39.0,39.0,0.09920046546620664,0.10006818220770788,0.08853205107161118,0.0921395959200218,0.0716436533877579,0.1294642888613853,0.07718072354384702,0.07824156006129865,0.14544386657092012,0.11808561290924353
40,40.0,40.0,0.0992721585435425,0.0771565746113326,0.1125719288059908,0.09409606073614334,0.06140796118428079,0.12032966026548977,0.08895677708582786,0.10482400265396126,0.120335637599466,0.1210492385139651
41,41.0,41.0,0.09153850730457756,0.10635962243425545,0.10945100218673412,0.08755536738288384,0.0578487170000279,0.11787713605908608,0.10106865846570194,0.08034824389163256,0.141123252191838,0.10682949308326259
42,42.0,42.0,0.11592360867255105,0.08973195389635505,0.09696750952164286,0.09669759840959022,0.0658343334665544,0.10570096543490111,0.10381012304208186,0.09279452410516473,0.1253078005839364,0.10723158286722234
43,43.0,43.0,0.08468120597879121,0.11414733464407027,0.08532565772812509,0.08282892406624684,0.07856463281804216,0.12237407272815429,0.08297007919773544,0.09333042241872011,0.15166387815239343,0.10411379226772119
44,44.0,44.0,0.09577916995739617,0.10876837897098243,0.07652971737288614,0.10167472597236653,0.07969285683537422,0.12998631029761745,0.0823720175698551,0.09657624236765355,0.11544681480237744,0.11317376585349093
45,45.0,45.0,0.08935866752608526,0.10608702114436927,0.07496351035402007,0.09902607398466283,0.06683404149697467,0.14497754800159243,0.10733470274794148,0.07954473167316464,0.12315526108520944,0.10871844198597982
46,46.0,46.0,0.09527457292450228,0.10450426593145205,0.08966080866193689,0.10051488633230703,0.07127539256529818,0.11834582350083644,0.08745241318044031,0.0983218870559247,0.12550185945294504,0.10914809039435702
47,47.0,47.0,0.08767325842080993,0.08753113550906944,0.10152705656450747,0.10265061487421004,0.0654124326170242,0.12226063465645079,0.08570189801976681,0.08428544420866452,0.1314721106103225,0.13148541451917434
48,48.0,48.0,0.08323429811905025,0.10960810306651085,0.09564773047251887,0.0929978919851737,0.0867343211327705,0.1079961270902284,0.08255639968896242,0.07560729674146946,0.1325673413014532,0.1330504904018623
49,49.0,49.0,0.10587762141804365,0.13479180573726945,0.1029703861593585,0.07343862922240024,0.0585691481632418,0.10506807559914119,0.0925642198044673,0.09309396330757562,0.11156984101708929,0.12205630957141293
50,50.0,50.0,0.08089097219551018,0.10176747497417638,0.08763053327848529,0.08003910288665213,0.06549429508441248,0.1352536803992137,0.08356585153558985,0.10102574778625725,0.1428013023603877,0.12153103949931496
51,51.0,51.0,0.08641841207526567,0.10505628109426228,0.08469972291248432,0.10250511874030685,0.11195837960639352,0.11061390957650588,0.10755461406565722,0.06666290506520076,0.10726647124489594,0.11726418561902749
52,52.0,52.0,0.0794231319040926,0.1122185558172609,0.07719307524236528,0.08776795502664206,0.0806681393744024,0.11852097539415625,0.08049204586677157,0.10314313044494172,0.14377635302469935,0.11679663790466781
53,53.0,53.0,0.08863938663317841,0.08998090527785096,0.09094219281937246,0.10901738645472261,0.08451574096353996,0.1173931024924785,0.07119556352713609,0.08945146483702629,0.14030093217526382,0.11856332481943081
54,54.0,54.0,0.07876172337707062,0.10876813653697233,0.10685305369775748,0.10163618048158632,0.0899865398948025,0.11117381239132244,0.074188633711723,0.06747543596580663,0.1269361233497282,0.1342203605932304
55,55.0,55.0,0.09103155490980085,0.1073016897405511,0.08520106656385154,0.09874790720861534,0.07873461979062882,0.12049040184907671,0.09014146609664918,0.0696536007399693,0.15102036630281993,0.10767732679803717
56,56.0,56.0,0.10695651050371642,0.09330589831753247,0.09885623207766357,0.10981930174387697,0.08502371846672371,0.12017410091915079,0.06630493332650864,0.09372997365776617,0.12658681712167993,0.09924251386538123
57,57.0,57.0,0.10425606435210852,0.0987963523032296,0.10082533005986435,0.09554667080696519,0.07591260907635115,0.13517341264884325,0.068316852493368,0.08007091206304597,0.11857569312994938,0.1225261030662745
58,58.0,58.0,0.10567843196556075,0.09895749160683383,0.08795619129353457,0.09655419425200328,0.07674520171071073,0.12108220383534174,0.09969401526533858,0.08372980077367977,0.10692263994319957,0.12267982935379718
59,59.0,59.0,0.07741177630794033,0.11136643619787831,0.10565734999377752,0.09422133701235605,0.08232220818594113,0.12148210021522594,0.09452874407453339,0.06501437939167617,0.126487037008997,0.12150863161167418
60,60.0,60.0,0.11588936938274333,0.0967259588697146,0.07833647659967197,0.09761899761856677,0.07013814520531755,0.12260679867596573,0.0898131476188342,0.06241946902731619,0.1343332280082794,0.13211840899359018
61,61.0,61.0,0.08428607002191196,0.0916625442096121,0.07585911903549135,0.09358976633676766,0.06287414826205223,0.12914464874187528,0.08525867202248474,0.0977995288980277,0.15184561751865758,0.1276798849531194
62,62.0,62.0,0.08501794205135389,0.10652870449946447,0.07997676768530061,0.096930988484669,0.08036063845290128,0.12698065599008498,0.09763365777237118,0.08048625761527511,0.11897624073172781,0.1271081467168516
63,63.0,63.0,0.07095700530030714,0.09925100491026803,0.09723213518112557,0.11636922346063636,0.05780597420982897,0.13919786561860298,0.10788262135769933,0.05723131604366797,0.11655154110324366,0.13752131281461993
64,64.0,64.0,0.08373469751769967,0.07909319184894732,0.1111629711713581,0.0968026203503103,0.06399052488346024,0.13218562765587966,0.08522662467129213,0.08821697233573375,0.14242640289331993,0.11716036667199888
65,65.0,65.0,0.07648774043299778,0.09497471936149779,0.09929766924345212,0.09387863901387467,0.06592752517071689,0.10515602462963747,0.1256443893383235,0.06509367899778347,0.14952211801271448,0.12401749579900181
66,66.0,66.0,0.09795859831953893,0.10113464941396091,0.09112462934978818,0.10071404464601494,0.059017186682172894,0.14081316932716534,0.07195419629145472,0.09165113729169783,0.12843665416938702,0.11719573450881918
67,67.0,67.0,0.059655947044134,0.11153522791503245,0.09145388786287886,0.08286402862439446,0.06295987945784329,0.11500752120728483,0.11456818151233732,0.08743232657843526,0.1405060323273342,0.13401696747032527
68,68.0,68.0,0.0997761032973004,0.10323730283529531,0.09206103181137884,0.11005756864773195,0.061031253215227496,0.1163700115257655,0.07294474302938188,0.0800484307010882,0.152467292741094,0.11200626219573633
69,69.0,69.0,0.07909644532847404,0.11878639627098994,0.0943798940446292,0.08937063983556677,0.05464097154411953,0.1213681842836862,0.11714942479064236,0.07975283929869127,0.14271802968743225,0.10273717491576839
70,70.0,70.0,0.0913111597662447,0.09708439909519262,0.1113466063027708,0.0901896832397044,0.07233133174539219,0.13956123507864815,0.06470143729096764,0.07201519442755983,0.1327542811627552,0.12870467189076443
71,71.0,71.0,0.06968146278541076,0.09923929541511135,0.09197420446562851,0.09452501957288047,0.08507891668258251,0.1259714473852356,0.06048642911847837,0.088308619492949,0.15813415261879032,0.126600452462933
72,72.0,72.0,0.08798136727848897,0.10050063398255446,0.08862863918203179,0.11603814934116811,0.0714125652226728,0.1335907781009958,0.07833530476161474,0.07091119794915314,0.13297208119668155,0.11962928298463857
73,73.0,73.0,0.08228455335655312,0.09851562518101145,0.09482325986772461,0.10350532672758209,0.05893173475031459,0.11580119865279057,0.094666801100463,0.07598090511743591,0.13975518240989834,0.13573541283622623
74,74.0,74.0,0.08442138788165235,0.10633328538825651,0.06944126176279482,0.10299739164257256,0.09556856434827113,0.12342068789125216,0.06537760139672845,0.08317492305585553,0.1553052170177049,0.11395967961491153
75,75.0,75.0,0.09702000694295317,0.10227406306636704,0.1116443384985167,0.08945738651266212,0.07533213587365635,0.12031173053562516,0.09106625307707739,0.07544659098708283,0.12623162518280903,0.1112158693232502
76,76.0,76.0,0.07483560701291225,0.0885217591183142,0.11692926521674758,0.09234123629767069,0.07830218643008299,0.13814890166567784,0.08985293512746531,0.0805913368896639,0.11358356822688731,0.12689320401457788
77,77.0,77.0,0.08269496265969138,0.102154741977218,0.10540150122028331,0.06794105204638394,0.06739055130168434,0.1223608021642052,0.07878057619300348,0.059339760116407236,0.17102000772652132,0.1429160445946018
78,78.0,78.0,0.08560185261910763,0.11726692602545277,0.09357090239167629,0.08005589473646754,0.08096745830430789,0.11701191407105078,0.0754308649239319,0.0797172357369983,0.13921332012644386,0.13116363106456308
79,79.0,79.0,0.07671889907730406,0.0885270969977079,0.10753536398320965,0.09740447638612323,0.08063801156381216,0.14019943494514,0.07257801194108307,0.07362812806445988,0.12982582871370443,0.1329447483274555
80,80.0,80.0,0.0984158640267713,0.09782102383079519,0.09702422419320181,0.08014679426615093,0.05423590157095035,0.14439217851121133,0.07276731051060273,0.06383499191141007,0.18030539160779327,0.11105631957111306
81,81.0,81.0,0.07642284052727487,0.08798310821659212,0.10202143670838974,0.09868118463451156,0.08031432871672316,0.12244783769910847,0.08700548837611669,0.06589380895538591,0.13583580673924198,0.1433941594266555
82,82.0,82.0,0.09259761314135988,0.12101472381332098,0.07525163814068353,0.0849668801265766,0.08302295935859132,0.11313536362819292,0.10522848830567685,0.07114118141190928,0.13372678538797186,0.11991436668571673
83,83.0,83.0,0.10359334184319595,0.09780518854039795,0.095483652996132,0.09589332317626417,0.05194772043264649,0.11775676525666041,0.10269769976601292,0.08526748885684389,0.15100302329502507,0.09855179583682107
84,84.0,84.0,0.11131256689362914,0.11520003175850295,0.11669879465921032,0.11072709154632557,0.058117643993960744,0.13665028068384588,0.08359878803782081,0.06300272620390372,0.13594606317807237,0.06874601304472852
85,85.0,85.0,0.11716142247577169,0.11731658346844871,0.08389373743481125,0.08881600881488645,0.09633602808636518,0.1259840741469072,0.08734893849307912,0.0491269547906212,0.14285283065594614,0.09116342163316307
86,86.0,86.0,0.08473499873015847,0.11468309052381757,0.09576888530742214,0.10614996819673495,0.0635637743816673,0.12744268736337827,0.0741569917670648,0.07701133879950327,0.11754835657789883,0.13893990835235442
87,87.0,87.0,0.10161521387715355,0.09002364520213164,0.10512233509115387,0.07133798126994013,0.07539042774213253,0.12921826479527354,0.0780309363357645,0.09523570577760837,0.13366514039706393,0.12036034951177794
88,88.0,88.0,0.08141381811545281,0.06963542408922133,0.11376589951774001,0.07840752469836805,0.0693376346939917,0.1250913799794182,0.07817879115837906,0.10243347400865269,0.13962268065221534,0.14211337308656086
89,89.0,89.0,0.0997260193523334,0.12887067813723024,0.09558912282309469,0.08308017821980301,0.045143158169787014,0.10821390074215838,0.08419814566729644,0.07274318311578798,0.16024875717655931,0.1221868565959495
90,90.0,90.0,0.08399206287637677,0.09910581525790706,0.09642215710513691,0.10941779795495762,0.06500432805750649,0.12625513092217144,0.07984091158854727,0.08368945006765645,0.1303278855596905,0.12594446061004946
91,91.0,91.0,0.0763259096037429,0.08499478405574841,0.1156851999000823,0.09641505246678875,0.05898050896831748,0.13385408065488874,0.07146772592673745,0.07485049695991881,0.16382404061098926,0.12360220085278587
92,92.0,92.0,0.10015631640181746,0.1295389530546156,0.09200310807328839,0.08304106741330108,0.04879864123913095,0.11537680576735798,0.10594189665318636,0.08747967507903175,0.11728775049697412,0.1203757858212962
93,93.0,93.0,0.09571762510525887,0.11167565222207473,0.0763922601720954,0.0924078110563022,0.058824678402024974,0.12346985799847854,0.10233335967103929,0.06889937055673855,0.12161088110056517,0.14866850371542223
94,94.0,94.0,0.09615751554402499,0.1264994578011118,0.08221243163171657,0.09197154187688591,0.03870590524853475,0.1188126197289872,0.10507845602454464,0.056597343296235905,0.1489125166551955,0.1350522121927627
95,95.0,95.0,0.0895621797414016,0.11992155061505798,0.11577957101607814,0.09551856151479743,0.07214367444685339,0.11579157233116363,0.07826431449532087,0.08533985506180239,0.12042415473640436,0.10725456604112012
96,96.0,96.0,0.11664644797381687,0.1172058562082263,0.09962397119264153,0.08737439247996076,0.06554020608513,0.13664816923809925,0.060326768845111046,0.06729397239892168,0.14353094929546686,0.10580926628262566
97,97.0,97.0,0.11055266253899029,0.09505667597926727,0.07604079997607532,0.11477724859574141,0.04905517937626913,0.125507765807695,0.0867891023422259,0.08954810772243897,0.14062618500147978,0.11204627265981693
98,98.0,98.0,0.08580588630579515,0.08413834849882172,0.10478787304227744,0.10014937178344208,0.07649512465366262,0.11810532255949799,0.07017515740005383,0.08735679721810174,0.15516486405312452,0.11782125448522293
99,99.0,99.0,0.08959902230958706,0.12801608790906754,0.05670163088110809,0.09590633685726001,0.08547804578482766,0.12820680489474542,0.08337155150616785,0.08627203173193121,0.13067187301373415,0.11577661511157096
100,100.0,100.0,0.10058426273348915,0.13413505283281332,0.07886692138688893,0.10791847725907715,0.05125311540206275,0.1229974009643204,0.05495067063968906,0.07733501342539492,0.15501632768160192,0.1169427576746624
101,101.0,101.0,0.07593007169765938,0.08968732002956828,0.10534131081562466,0.10924223485880605,0.07060882732270271,0.13678835672003603,0.06209524827303888,0.07172425778044367,0.13288924022155116,0.14569313228056924
102,102.0,102.0,0.08645165667907403,0.11966672714852493,0.10281495183398556,0.09186993806425894,0.05636341609122521,0.1464567493154905,0.0814519069257253,0.06909536969687366,0.1446801118700824,0.10114917237475947
103,103.0,103.0,0.07991089760740593,0.0981347064446732,0.10570535693640212,0.10668527433720769,0.07093706350444058,0.14543885692418518,0.06646080463225909,0.07823638087170287,0.1430899408056593,0.10540071793606395
104,104.0,104.0,0.07717792428114872,0.10217007944410197,0.08809540353903642,0.09788707053443362,0.07556640472789744,0.1512840139827188,0.09096051060066199,0.09485572569345332,0.1164896653934884,0.10551320180305934
105,105.0,105.0,0.08512742428727055,0.12043264040532095,0.09222131758314582,0.08626864562358473,0.05719271789244269,0.12953488820052045,0.06418904699853498,0.06265579800137563,0.16173898259202452,0.1406385384157796
106,106.0,106.0,0.08629801259357986,0.1224430930637459,0.10207503856084124,0.08354143214485896,0.03652245406964989,0.15142105137763456,0.06429214181763028,0.07852494237219657,0.14522756521932392,0.12965426878053882
107,107.0,107.0,0.09006398711283031,0.10065852834751961,0.07749281075532034,0.10704017548610183,0.044823809210301845,0.14260835846419126,0.07498537144402997,0.07862790153645369,0.15503047290299826,0.12866858474025283
108,108.0,108.0,0.06588559741921982,0.10786130464389698,0.0899232967851794,0.12012931487744853,0.08981653811219084,0.15056797149717133,0.056914428358532373,0.06837013256505486,0.1240665403114457,0.1264648754298602
109,109.0,109.0,0.07625329508164704,0.08936684909504415,0.10201270160090034,0.1115401442341962,0.06698197962422149,0.15278357647320104,0.07867657524856805,0.06971963390982518,0.12784563080167327,0.1248196139307232
110,110.0,110.0,0.09778750589936672,0.11907009408100748,0.09096119443851719,0.09345269102960599,0.04377070606797766,0.14927642790667267,0.07009181352276182,0.060670802882661225,0.14557273173706592,0.1293460324343633
111,111.0,111.0,0.08075717184097564,0.09901453870611379,0.11468200733941383,0.0689390715714207,0.05546633149721224,0.15131391544492762,0.08035013467371943,0.060579236513755394,0.14585501546827623,0.1430425769441851
112,112.0,112.0,0.08136090271822469,0.09804095233733531,0.12264089038851385,0.0966184937525176,0.06006027063673778,0.13415845765368367,0.06422349538212696,0.08503074695889286,0.13524404872344603,0.12262174144852116
113,113.0,113.0,0.09804922765284034,0.09140395871934263,0.09700034017856517,0.10185116117971213,0.0830961688328286,0.11590642181397108,0.08279109828853644,0.04848919899997963,0.14532095831031516,0.13609146602390876
114,114.0,114.0,0.07078419658687676,0.12396972108681821,0.10969069500249065,0.07627865753136201,0.07733127578642543,0.12405230462029293,0.08308205164911615,0.06325432670136436,0.1605703050360764,0.11098646599917714
115,115.0,115.0,0.09355729758858668,0.10927447240661481,0.0881744640599119,0.07817755435737832,0.06145054521997967,0.11926047541646936,0.08380259009627428,0.08777073641226854,0.15404415373073474,0.12448771071178169
116,116.0,116.0,0.0864582276373548,0.09431177914252822,0.09628867428038763,0.09096519693895999,0.06424960456349854,0.1369328831774642,0.07131005016805081,0.09069613060694653,0.16870081189929656,0.10008664158551261
117,117.0,117.0,0.1011130213968143,0.10560218119310887,0.10351176422802859,0.09743521665582677,0.059362258299034444,0.11715042266109683,0.0639040135717203,0.06193278280363042,0.166207511680822,0.12378082750991744
118,118.0,118.0,0.10754904165180745,0.12759365107616302,0.1050532329286532,0.10135124074390885,0.04208321196588039,0.10859297804898012,0.0978581556319839,0.0738465097765884,0.13060397717050473,0.10546800100552986
119,119.0,119.0,0.10753013404079599,0.10019183397272695,0.1083863451874593,0.09215516182882898,0.05084212298526343,0.10125601104233468,0.08817536869953088,0.07564580801041892,0.16459512219875447,0.11122209203388637
120,120.0,120.0,0.07967587599952788,0.11521448752083216,0.11813525935072233,0.09485830764386213,0.08174727646539501,0.13044875716480836,0.07454161022214288,0.08912544413618506,0.13616955048141438,0.08008343101510976
121,121.0,121.0,0.09834710714309022,0.1274273161399863,0.09280044289921174,0.08627136044043124,0.0724565255019846,0.12637504214777176,0.06928755486201695,0.06665645744451928,0.12475973081246225,0.13561846260852572
122,122.0,122.0,0.09597340289689701,0.10598059914792901,0.08038411343089286,0.07780376650712843,0.05727724169123207,0.13593161957760064,0.06586740536689017,0.1027975127715963,0.14793567435548616,0.13004866425434738
123,123.0,123.0,0.11439425639137424,0.12261246631760495,0.09566432224841723,0.07389030892609952,0.08574915747108099,0.11785024256051702,0.0690191264190664,0.07017357058314085,0.12943601325684453,0.12121053582585428
124,124.0,124.0,0.0884257100075033,0.11280031439068003,0.09672855650337345,0.06467654013160691,0.052447442472657056,0.1253890990600337,0.08743228051147513,0.0754486819242651,0.14762428733923988,0.14902708765916545
125,125.0,125.0,0.0931862861892562,0.11607745376811854,0.07142260055406034,0.09882576674992956,0.08676813140147972,0.1204908667884631,0.08437615456067137,0.06991581497918908,0.13321808742560784,0.12571883758322416
126,126.0,126.0,0.07420757945224107,0.1004006153698878,0.10130812361036498,0.0904503519199569,0.0784309746199396,0.11866781169830665,0.09640119361095263,0.06775723468289596,0.1409623342575239,0.1314137807779306
127,127.0,127.0,0.07504406680549035,0.08316248100582432,0.12166570254924962,0.07993068967913343,0.05923521577872863,0.15480716541908093,0.09291156811749535,0.07248138878956358,0.14205928729870362,0.11870243455673016
128,128.0,128.0,0.08845441256623982,0.08134246194492468,0.11765410298063497,0.10643637987884562,0.06950257112516069,0.12989759321290698,0.09728057343015858,0.0679513608470971,0.13732293360831654,0.104157610405715
129,129.0,129.0,0.12023495696601758,0.10192681155691749,0.08688831417607852,0.07556455728867587,0.06537822350714824,0.1327961196794808,0.07174231529069411,0.06427527508516981,0.14396993093951488,0.1372234955103027
130,130.0,130.0,0.10247355333183324,0.09826760218073265,0.10677771150482,0.1001802524314089,0.05295909972534015,0.11599928449287585,0.10167839302622902,0.05055491914968613,0.14693364499636813,0.12417553916070587
131,131.0,131.0,0.07815597147133838,0.09886701938399411,0.08303881203981106,0.09185068986201947,0.08323625180753624,0.17157274121747276,0.06848972264945559,0.06628526878123789,0.1327871152289028,0.12571640755823166
132,132.0,132.0,0.07423834278449434,0.11690275781467555,0.08498711559461221,0.09004404087916149,0.0618450136800876,0.13134281030748948,0.08529951652001226,0.060946561137730414,0.14577670399855575,0.14861713728318085
133,133.0,133.0,0.08466089147892367,0.13800217580337973,0.10124184210735991,0.08311210271785864,0.07688671316588888,0.11991261831836708,0.09437612850407459,0.036550860320225934,0.14487260058633114,0.12038406699759041
134,134.0,134.0,0.06684124930245136,0.11191139379688173,0.108590801573719,0.08944452186796063,0.06143774318763192,0.1317819003543173,0.08007531614040546,0.10413330239405391,0.1192280768585335,0.12655569452404522
135,135.0,135.0,0.0864389317089675,0.10590007307267227,0.09799100646603863,0.10733002234654625,0.07351014779503401,0.12536704914154684,0.05964723568981488,0.05940372968569531,0.13283491585927715,0.15157688823440713
136,136.0,136.0,0.08958305553690912,0.12265638791177955,0.09313535977549103,0.10603203414571775,0.04597788326461934,0.1219028244476921,0.08274460145858223,0.09252672189677144,0.12875493428438758,0.11668619727804982
137,137.0,137.0,0.0770049275501326,0.1380072248237032,0.08104871137352924,0.09085618182297195,0.057377258228631246,0.13641621373912527,0.07876433853366055,0.058000789632895865,0.13917504442788287,0.14334930986746713
138,138.0,138.0,0.07609609418946421,0.12322456839731014,0.08477073736115433,0.09250813458727335,0.049559144262582115,0.12814402180002868,0.10079925729003773,0.056433688951668615,0.16653123741952208,0.12193311574095873
139,139.0,139.0,0.06954707389525479,0.11643596502867244,0.0944071645590962,0.09060339361703637,0.06787608989800215,0.12465590436354608,0.07012808802449613,0.07106037656676738,0.15235295573874952,0.142932988308379
140,140.0,140.0,0.08804837576029996,0.10568658020658868,0.12069389448008197,0.07118858492596002,0.053690250906085965,0.11305752229998403,0.08610244437129286,0.0767805925326708,0.14696013726902335,0.1377916172480123
141,141.0,141.0,0.06550981788044252,0.12633158448336906,0.12229920570742658,0.10914651896931996,0.05443761474020091,0.11406265994899653,0.06094373937410239,0.07820533676844585,0.15675322651352305,0.11231029561417313
142,142.0,142.0,0.06179455374033545,0.10582295475666681,0.09106070023467114,0.07862301087780958,0.054454432527075734,0.12397601310344744,0.10497277273369562,0.07276148771609987,0.1680964296571989,0.13843764465299943
143,143.0,143.0,0.08556920179135642,0.12086007421421423,0.1287137813511881,0.12790681225279826,0.05532290467874197,0.1060136836096861,0.07404014453976258,0.0614365764283676,0.11794063146629366,0.12219618966759102
144,144.0,144.0,0.06171201429688823,0.123103945340633,0.0989979549031733,0.10540428753501478,0.06105776812942435,0.11967493531762101,0.1026771566226046,0.07330709312165581,0.12126119670411625,0.13280364802886863
145,145.0,145.0,0.07215994485671892,0.1090938318995895,0.13278514603921654,0.07000249635409561,0.04930811890596133,0.10359524193151552,0.08420436294168701,0.09259910076518416,0.1504731905099995,0.13577856579603184
146,146.0,146.0,0.0677752942598412,0.12972931536139234,0.12796284540507857,0.07748765613200723,0.06065521696059593,0.1101962425624848,0.07383080384702495,0.0691455317782575,0.1569456604202722,0.1262714332730453
147,147.0,147.0,0.10521711780611902,0.09477374237441986,0.08373154495604888,0.08206659157558592,0.07121757115011089,0.14976811814038996,0.07731555873210687,0.08731038658999667,0.155573639380135,0.09302572929508693
148,148.0,148.0,0.11826502229436213,0.11576512482914562,0.0915592018028846,0.09045854475186475,0.05041013345101227,0.12770301388756794,0.07636044304201473,0.05829954929123854,0.1523795687187624,0.11879939793114694
149,149.0,149.0,0.11539010915352896,0.10770709119755481,0.08530886716507771,0.10972310512902395,0.061298656624388784,0.1241058296906925,0.07837650610335949,0.06162088177548135,0.13156031019409042,0.124908642966802
150,150.0,150.0,0.08396994298784517,0.10878227483260397,0.10040859570395673,0.08257439093982885,0.06576919387183847,0.1245096698692908,0.06911803098597634,0.09521477759971288,0.1508345333629629,0.11881858984598388
151,151.0,151.0,0.0864277109338331,0.09434938673943405,0.08442336651767521,0.09729695178561043,0.04492187416055887,0.12696077294707747,0.10214907692822925,0.07168510011438235,0.15506789290028994,0.13671786697290925
152,152.0,152.0,0.06429535779978342,0.08287073576306452,0.13142854239622165,0.07546952342711125,0.04732538988770918,0.15562322484508723,0.060897625683940484,0.10996085641628321,0.13097363281162017,0.14115511096917882
153,153.0,153.0,0.0853411829235458,0.10697663661208405,0.13050034665639337,0.07975710457010968,0.05804357117895277,0.13873180270807622,0.07260638314073661,0.06340880047041021,0.11995312177207955,0.14468104996761175
154,154.0,154.0,0.10483016099736427,0.09775955152436358,0.12822899666313187,0.07206619741523604,0.0555030968080905,0.1374836843665121,0.08562163023462054,0.06529391545161611,0.12309689453729152,0.1301158720017734
155,155.0,155.0,0.08784962646513467,0.10304046831941334,0.12499820287761172,0.07852730410520478,0.0459898167293918,0.12276868474371434,0.07555395054421807,0.053034720574311175,0.1651754129287805,0.14306181271221963
156,156.0,156.0,0.08060170859468578,0.09982874238785112,0.1038123549403702,0.08609873605863604,0.059643814529885805,0.13502886666367966,0.07993662568410324,0.0673015970466036,0.14732596479434892,0.14042158929983561
157,157.0,157.0,0.09892087824558435,0.10161071061599569,0.14177968994993467,0.10689401375317538,0.062225360872768753,0.12871882395746068,0.04568494430144034,0.05151429290970523,0.14310328139797762,0.1195480039959573
158,158.0,158.0,0.08424517805897608,0.14706320259892072,0.08849378384824086,0.06663267840336838,0.056808566745991385,0.1438434444430562,0.09453889137770131,0.056760031329488606,0.1292417001765384,0.132372523017718
159,159.0,159.0,0.10795941635540703,0.09338927052334699,0.08228883081448955,0.11582365092154319,0.056269581928853875,0.13399931635550183,0.0721738172380981,0.07023100868805165,0.1442939344520106,0.12357117272269721
160,160.0,160.0,0.09705441351095802,0.09971809224328934,0.08386108023427423,0.08925130938359489,0.05808219697302515,0.11537127911578296,0.09138247643991167,0.0744755352938958,0.15821582303612552,0.13258779376914234
161,161.0,161.0,0.13769559238912282,0.11853936288432307,0.0933632226570123,0.06965274919244213,0.0464661549659794,0.11957527090552356,0.08064160522437694,0.06615745765597413,0.14770465114506742,0.1202039329801782
162,162.0,162.0,0.07974725717540042,0.08880432558615423,0.13960345287194853,0.07789195246021045,0.07447100048927724,0.11384745946273253,0.07963200712012751,0.08944354682476442,0.14646594473424357,0.110093053275141
163,163.0,163.0,0.07569888688526248,0.07162831254199763,0.09162457111115858,0.10151264078914299,0.05315542166283567,0.13048624846031362,0.09429329970886124,0.08813858536296873,0.14288226198802279,0.15057977148943621
164,164.0,164.0,0.11525747526303745,0.1016617416763365,0.07115161869927325,0.09514199808966618,0.06500260241627068,0.12802781731528182,0.06755795376028335,0.07612293181387673,0.14966635444608883,0.1304095065198852
165,165.0,165.0,0.08498898955091158,0.09888767035162539,0.10743155289597925,0.0864191723667917,0.070233347227132,0.13484488656261537,0.09935472960839735,0.057586166378525386,0.13638344759345247,0.12387003746456948
166,166.0,166.0,0.07910439868136594,0.10436958575251805,0.1239949722803231,0.08158088806686192,0.06634849955856748,0.11061696283845442,0.09092993746623898,0.05196689498814079,0.1489005320355646,0.14218732833196468
167,167.0,167.0,0.07655779740907596,0.1302828785183518,0.10423400064413083,0.10976285857787753,0.04521168005814244,0.12130514621265905,0.0770981029653113,0.0765572530953383,0.131040478806953,0.12794980371215975
168,168.0,168.0,0.08551058883492853,0.0923049168675699,0.10648179961096985,0.08753333010654682,0.054163093777017425,0.09424239423657924,0.08340685565404779,0.08355871723895877,0.15994394246004462,0.15285436121333706
169,169.0,169.0,0.11561354606013075,0.11212842467295832,0.08742201027560904,0.10069517172387991,0.043967944599402634,0.13437996815606862,0.06752283568791376,0.08664068731869635,0.13000832533814866,0.12162108616719194
170,170.0,170.0,0.07268449304467482,0.11344457416045761,0.10792143176008784,0.09660182819897326,0.043742967560560564,0.1453318276132077,0.08435114882316308,0.08329799453294709,0.13080688434874094,0.121816849957187
171,171.0,171.0,0.093521975235308,0.13162551732503291,0.10099182107140721,0.09500147489439457,0.05394357188817276,0.12042949440707792,0.06537980356490883,0.07414381537319316,0.1419851581190777,0.1229773681214269
172,172.0,172.0,0.09570293308971618,0.13714512816766572,0.09518627882784411,0.10422871306076309,0.07079933645845041,0.09921636480446652,0.07629910379138276,0.06915708997774159,0.16361594726356027,0.08864910455840935
173,173.0,173.0,0.12185124133047362,0.10083403812077245,0.09263319828087398,0.08159481421229195,0.06208383686193926,0.14911225056984106,0.07957220425005408,0.0673482257676763,0.14379624793702808,0.10117394266904922
174,174.0,174.0,0.0990299854889226,0.11379855759498211,0.11277981989676222,0.09636328617505192,0.04229868645498178,0.1121246893301717,0.06271450473825488,0.0655079675119012,0.16029990819469758,0.1350825946142739
175,175.0,175.0,0.11904981060548174,0.10002552495650985,0.10650974044136932,0.09399224347344136,0.053373967647462016,0.10913060175074285,0.10190096261702308,0.061305840821617344,0.113850397438129,0.14086091024822345
176,176.0,176.0,0.06589747006732603,0.11065196421297921,0.1007825977033671,0.09897436324739911,0.06016055942857308,0.13125568119267073,0.07850983243296922,0.07044704563547524,0.16369866590005838,0.11962182017918181
177,177.0,177.0,0.09261903157406022,0.10042707177628382,0.10850019316355461,0.10153523937857249,0.06034251486632811,0.11717081609647859,0.08682865249448632,0.06358863119450238,0.15526872003688932,0.11371912941884413
178,178.0,178.0,0.07230211018641344,0.1237035180105505,0.09912092961249064,0.08050721254669681,0.06099278863325269,0.14432314887818398,0.07130795684997362,0.04906970049796265,0.14477012212658305,0.15390251265789257
179,179.0,179.0,0.08110297067278818,0.11593936615016795,0.09400591310941842,0.09325195013178232,0.05604905032405123,0.14108643646871027,0.07383753863439604,0.08813098493884958,0.13052659803850014,0.12606919153133575
180,180.0,180.0,0.06468063215000146,0.09979280458253788,0.11099334163369934,0.11288379836089572,0.07004500116658158,0.12753684634644008,0.08105229434866047,0.06100623247390543,0.14737547315674587,0.12463357578053216
181,181.0,181.0,0.08693130238271965,0.09551633381125238,0.11163516865857445,0.08917734610286068,0.08241981963674289,0.12048839761740156,0.07919926352164128,0.08470115224399721,0.1326069647618003,0.11732425126300963
182,182.0,182.0,0.08174899556516121,0.11736148898739215,0.07740325474784038,0.131992992471104,0.07972502433195924,0.13455621161959705,0.06634829783819521,0.06557544493387998,0.12304865425099072,0.12223963525388007
183,183.0,183.0,0.06854469305754136,0.12301091447119901,0.09912539588600525,0.0722123869425986,0.0731257414318228,0.1293470938294337,0.10501348215595892,0.05550983560872469,0.14492826935499625,0.1291821872617194
184,184.0,184.0,0.09242969688060344,0.11773163670804074,0.10577363843013239,0.09327840385796896,0.0791119258675581,0.13235476676648367,0.06637235498524799,0.05927801148437014,0.13135453423188875,0.12231503078770574
185,185.0,185.0,0.0683969833326562,0.11145620880389959,0.08318507462284438,0.0985708911827545,0.06391651443356867,0.12141767192055733,0.0860429645895504,0.06213582020309203,0.1780334358234676,0.1268444350876093
186,186.0,186.0,0.07168917785859838,0.10716415621084929,0.08848988192577073,0.11629224290112387,0.05336399127646998,0.11512850885585649,0.07715207578803454,0.07400330053453762,0.16083127697065452,0.13588538767810454
