,Unnamed: 0,Generation,Intertwine_two,Add_vertex,Delete_vertex,Invert_path_vertices,Insert_inside_vertex,Delete_inside_vertex,Replace_inside_vertex,Donate_between_routes,Trim_one_terminal_cb,Grow_one_terminal_cb
0,0.0,0.0,0.09999999999999999,0.09999999999999999,0.09999999999999999,0.09999999999999999,0.09999999999999999,0.09999999999999999,0.09999999999999999,0.09999999999999999,0.09999999999999999,0.09999999999999999
1,1.0,0.10900000000000001,0.09973105774323332,0.09979960797145622,0.09872517291662712,0.10141797390112264,0.10014421083298565,0.09982227870110293,0.10009861485263866,0.10041079032124528,0.10052265595078043,0.09932763680880766
2,2.0,0.31601,0.0996054958114743,0.09820886542808956,0.09777358336105604,0.10204483207751518,0.09977311159946409,0.10107783962325818,0.10022600610318562,0.09978066941019655,0.10228506897842819,0.09922452760733223
3,3.0,0.6191589000000001,0.10012507156762558,0.0971072337288041,0.09653417694234133,0.10253519330446847,0.09962661924946344,0.10094503097920224,0.1002476415523559,0.09976615913027197,0.10330266718827037,0.09981020635719656
4,4.0,1.015801321,0.1012898667396713,0.09724807986261716,0.09416902044529757,0.1032318887432162,0.09839434681103465,0.10016555190908913,0.10116091907421756,0.10084846928997829,0.1038742001951255,0.0996176569297526
5,5.0,1.50262148669,0.1015790810101582,0.0968076926986339,0.09223867060057621,0.10382664176048476,0.09739293636269178,0.10190542781376588,0.1021313863485167,0.10015985957301253,0.1034624707685356,0.1004958330636244
6,6.0,2.0757334209441005,0.10140117181580495,0.09610281611131222,0.0905113557060161,0.10504322507206301,0.09587722602444967,0.10102588307232017,0.10224579571517664,0.1007095822564043,0.10530645642675096,0.10177648779970196
7,7.0,2.7307768275633495,0.10147505525588735,0.09626341164112684,0.08885132991674678,0.1055811116734854,0.09482190741059385,0.10195664114943064,0.10321279280875748,0.10020534583093227,0.10507333914299229,0.10255906517004713
8,8.0,3.4630081252450404,0.10095654815221561,0.0955151730697262,0.08723755616461859,0.10586459291606212,0.09391315803443273,0.10226080731080861,0.10313820814536871,0.10071783529129812,0.10487731747782529,0.10551880343764408
9,9.0,4.2673862119061114,0.09955178958130509,0.0954693416842482,0.08636438103957149,0.10670450028449419,0.09280520474876883,0.10317839339481766,0.10255488631257884,0.10012122778371291,0.10685272903916798,0.10639754613133494
10,10.0,5.138652627782014,0.09776279179661156,0.09690053273379261,0.08556855767208747,0.10669522753251098,0.09286466473178705,0.10374431930269402,0.10110182419326623,0.10062116131545963,0.10752407209119166,0.10721684863059892
11,11.0,6.071405875792507,0.09662984331703746,0.09682210263378245,0.08506021163308908,0.10642693139753867,0.09305958051076238,0.10347138598351899,0.1005064455837675,0.10058551574601299,0.10851684257020143,0.1089211406242892
12,12.0,7.060169740244025,0.09619366869542945,0.09721421232171926,0.0843697672857757,0.10744253102884836,0.09286886151440164,0.10435229642411914,0.10093545718218333,0.09888501658607939,0.10819670981045235,0.10954147915099156
13,13.0,8.099455520847952,0.09727637833472833,0.09694537459728769,0.08267924304632211,0.10685315189919598,0.09266623497018828,0.10533453674564733,0.10053451272094942,0.09774850053202142,0.10958331024714886,0.11037875690651078
14,14.0,9.183818168183006,0.09673643568877362,0.09629035067588053,0.08186427622482248,0.1075179735120351,0.09280497196978747,0.10626152173070989,0.09921866090416215,0.09705184971315237,0.11076447783925117,0.11148948174142546
15,15.0,10.307906369102724,0.09633797043597098,0.094870329453921,0.08053631573133824,0.10778889670464767,0.09265173634370333,0.1071782169558652,0.098564247435336,0.09664823811992128,0.11217567766528228,0.1132483711540143
16,16.0,11.466506686239443,0.09607176716028504,0.09720942391573979,0.07993840506897441,0.10736250636241505,0.09291447744910644,0.10774904626781748,0.09722304150910205,0.09544123969977404,0.11173136453185555,0.11435872803493045
17,17.0,12.654581904800096,0.09490286980064644,0.09767730891483521,0.07924053103760742,0.10648071741392451,0.09078204283585999,0.1084510986861695,0.09868942802162708,0.09563580442894977,0.11244166818785663,0.11569853067252377
18,18.0,13.867303782456686,0.09464624258713746,0.09678611511101169,0.08008656238525064,0.10714607285229619,0.09077459405585239,0.10922356233083422,0.0985561919277666,0.09460511336296176,0.11247606907752089,0.11569947630936848
19,19.0,15.100080434523047,0.09528088278474507,0.09765619014550779,0.08037314732710396,0.1069041856030421,0.0901751906729497,0.10980854710238266,0.09660117166026351,0.09413029212534721,0.11302945552117928,0.11604093705747903
20,20.0,16.348578617037543,0.09619307708452306,0.09706455165123526,0.08097602813997756,0.10745072968716209,0.08875960726918382,0.11060742759768527,0.09535114231409467,0.09371354409689744,0.11343032054133066,0.11645357161791049
21,21.0,17.608741195130214,0.09564303823093612,0.09629196372147164,0.0810462265529784,0.1080648096441711,0.08689063188506252,0.11218347502525812,0.09391371062680581,0.09361648789906717,0.1127094744686655,0.11964018194558391
22,22.0,18.876800103462312,0.09481709990755058,0.09915386621737687,0.08111297682021884,0.10607703403539918,0.08633914145309868,0.11358043465184865,0.09443460509618813,0.09192992157442642,0.11348443234863903,0.11907048789525394
23,23.0,20.14928511992658,0.09583214279709402,0.09871909075230456,0.08078625185030361,0.10557712460562513,0.08436366138020562,0.11480150577495425,0.093944885101548,0.09140910344958439,0.1142352267657425,0.12033100752263823
24,24.0,21.423028783545156,0.09634827573560874,0.09791177329355452,0.08083758283087171,0.10480284021595926,0.08422645781126709,0.11578702920556157,0.09373160788372163,0.0902348228350053,0.11584229194483721,0.12027731824361328
25,25.0,22.695167792966423,0.0968486538502494,0.09925946101219087,0.08036331506088698,0.10337795706244549,0.08251004076653043,0.11566788544184826,0.09380425959948013,0.0892193210443536,0.11773727768225789,0.12121182847975723
26,26.0,23.963141223515898,0.09642197384979263,0.0990381472598276,0.07962537111389847,0.102729014176313,0.08377914770697517,0.11630540017866953,0.09322260654711806,0.08767165560825048,0.11803127991634263,0.1231754036428127
27,27.0,25.224685898775267,0.09792919693408178,0.09709469576507199,0.0820956735612639,0.1014011446336035,0.08480923873126398,0.11549999787817537,0.09319112074893018,0.08609939085169474,0.11906111931677618,0.12281842157913861
28,28.0,26.477829247520948,0.09880901073839005,0.09606617869242312,0.08209703716596965,0.10105543698125605,0.08400164289042375,0.11597765021020875,0.09380612699420535,0.08472598624001203,0.12044857531387039,0.1230123547732411
29,29.0,27.720879968916847,0.09980794422898043,0.09829219399655818,0.08097660644101921,0.10006751465354458,0.08358268668014371,0.11765046103994173,0.09103246053497958,0.08428930307249166,0.12085289145673357,0.12344793789560754
30,30.0,28.95241681848399,0.09838997139349728,0.09962953788172595,0.08167701851803821,0.09851342057493322,0.08269297993910628,0.11872333349414299,0.08890711011781423,0.08501222667849058,0.12283231494254508,0.12362208645970638
31,31.0,30.17127581490958,0.09861831377487655,0.1006153221122091,0.08503065459624673,0.09609883082243081,0.08127765540855678,0.11896367619492951,0.08998051980614062,0.08402498721783742,0.1233419420373582,0.12204809802941448
32,32.0,31.376536153543515,0.09785183985172811,0.10169117520813298,0.08390738417631106,0.09501266490991772,0.08116807559818641,0.12059229357133176,0.0883108623849948,0.08378471028043379,0.1258926041532077,0.12178838986575585
33,33.0,32.567505096778625,0.09568233741236229,0.10375562941466804,0.08428186587995062,0.09424500142804719,0.08030578007812,0.12094359738242924,0.08988074592604756,0.08325532659778866,0.1262815457309135,0.12136817014967308
34,34.0,33.74370209472243,0.0943432048222494,0.10383129039414851,0.08414196055290661,0.0940255987008364,0.0788949912614337,0.12181309719123984,0.09114125543999767,0.08207859119570671,0.12813662305966017,0.12159338738182117
35,35.0,34.90484237192463,0.09263616779586234,0.10265649181904127,0.08481235481664987,0.09451717303382409,0.07794417467381574,0.12331226859817367,0.09132211632984408,0.08156947282946025,0.12992496081959684,0.12130481928373203
36,36.0,36.05082019768737,0.09241081419541324,0.1026075638954812,0.08456969866233666,0.09484759553045871,0.07802452440043359,0.12414448544498136,0.09266664256540696,0.08166994865576988,0.12998094396353513,0.11907778268618346
37,37.0,37.18169203889697,0.0909791379883049,0.10331290907931104,0.08559373139189823,0.09273504162456425,0.07672887972041434,0.12438730626804355,0.0931150708328039,0.08045166950400118,0.1305587891520115,0.12213746443864726
38,38.0,38.29765977559663,0.0923790605120033,0.1014951190047254,0.08497527761983552,0.09281919961155222,0.07682322249987977,0.1250209727855942,0.0937247034501512,0.07961371956332777,0.13023712533488885,0.1229115996180419
39,39.0,39.399054140870355,0.09276159955313969,0.1014494027058002,0.08544202509437761,0.0922207450799686,0.07575852070929413,0.12612984409734734,0.09213772442503976,0.07886951454365487,0.13250573868395282,0.1227248851074251
40,40.0,40.48631852820801,0.09317744265702668,0.09910328507214906,0.08829698585467578,0.09187697099155603,0.07373557120420397,0.126247709865976,0.09173747864782561,0.08085169474039196,0.13216604907983467,0.12280681188636032
41,41.0,41.55999329152982,0.09283928348549365,0.09969261687954716,0.09079710730653162,0.09093569587410465,0.0714357161309983,0.12604935614109658,0.09256063857070031,0.08042780412035816,0.13382078578056184,0.12144099571060782
42,42.0,42.62070064560415,0.09496044260610213,0.0986269187079625,0.09198540629549477,0.09096896808615683,0.07002853822045615,0.12457149852546649,0.09366070915787554,0.08129013498139372,0.13380152831453887,0.1201058551045531
43,43.0,43.669130257815,0.09395487720593824,0.10002037878019174,0.09194051123847131,0.08966933194590378,0.06999316598857798,0.12472003206981908,0.09266826244074067,0.08223486647891896,0.13633486707465792,0.11846370677678042
44,44.0,44.70602560622662,0.09406692803137978,0.10087786683652807,0.09095436311652284,0.09031583553149145,0.07015986804991547,0.12559147642326607,0.0916182724001012,0.08352066238098303,0.13514645573454082,0.1177482714952714
45,45.0,45.73217116373481,0.09354284595040624,0.10146037542591399,0.08976596264744625,0.09074641246415872,0.06911934825913385,0.12791884845050935,0.09307708733303185,0.08310528342325851,0.13465073374739697,0.11661310229874436
46,46.0,46.748380453854836,0.09362092083312853,0.10187262409225414,0.09001810753313473,0.09136560955352874,0.06860416248664115,0.12752089782046355,0.09254436797006843,0.08457355238208153,0.13432428906911922,0.11555546825958009
47,47.0,47.755485010424316,0.0929475932981231,0.10057265126811399,0.09142808973179946,0.09222795255593982,0.06758091159735691,0.1274624726257875,0.09183894947943771,0.08462883350703464,0.13453928967824524,0.11677325625816175
48,48.0,48.7543242612326,0.09184495913766912,0.10147995732454156,0.09221013076972592,0.09214301559238888,0.06877048985877238,0.12593142081426345,0.09082815249019292,0.08380733787978924,0.1348116415048925,0.11817289462776417
49,49.0,49.745736344347726,0.09303081411297368,0.10489618449982194,0.09368060926957163,0.09011919481284354,0.06720423130983341,0.12408131609754272,0.09083649968341079,0.0847346580604958,0.13293456511840424,0.1184819270351024
50,50.0,50.730549855707864,0.09172788674154514,0.10496731209363944,0.09356295240024333,0.08879099782177347,0.06640076247643949,0.1252446499275173,0.08996145253162968,0.08644601772347066,0.13415469526388152,0.11874327301986011
51,51.0,51.70957651737491,0.09099962694977465,0.10532820916888916,0.09310465599003018,0.08975470316582466,0.07031498430466279,0.12392776359694062,0.09150883033807303,0.08469575444867027,0.13178579535422696,0.11857967668290785
52,52.0,52.68360474770151,0.08959885297131882,0.10636652472816749,0.09185747512305098,0.08927582575984909,0.07112519387988196,0.12340013394098229,0.09035567138125931,0.0865882115454893,0.13305958037242488,0.11837253029757605
53,53.0,53.65339410751842,0.0891580246529449,0.10513576398846793,0.09196328010166356,0.09095470052994707,0.07233457211143818,0.12276368837498376,0.08828954383101856,0.08708780556082941,0.1339656125303822,0.11834700831832463
54,54.0,54.61967059027847,0.08776832646059991,0.10575525386154429,0.09363937979743046,0.09190819408496936,0.07409190410148606,0.12151525249664441,0.08655839625122173,0.08536347388027551,0.133507913786439,0.1198919052793894
55,55.0,55.58312271885972,0.08765451520992715,0.10619627889442518,0.09311480754923336,0.09257479082115849,0.07470725724004494,0.12121990475086122,0.08647194904250223,0.08385051146604858,0.1354386913078322,0.11877129371796676
56,56.0,56.544398407394254,0.08917835104071195,0.10520467639017737,0.09392907166738335,0.09434359850112946,0.07593025855786326,0.12091516665764591,0.08404718844818208,0.08475451347776324,0.134888852908922,0.11680832235022148
57,57.0,57.504102543001395,0.09045754026788755,0.10474229175419761,0.09490809077604122,0.09466301935183963,0.0762107834039511,0.12213342288933642,0.08188867327876317,0.08429196373063444,0.13350986559285732,0.11719434895449168
58,58.0,58.462795239617805,0.09188903257453301,0.10428280011766655,0.09456146649003856,0.09506008697653384,0.07654353328559012,0.1219511325141028,0.08294800769562925,0.08419934731260602,0.13095412996509506,0.11761046306820494
59,59.0,59.42099071417639,0.09048860407866216,0.10505689901878473,0.09595356775069543,0.09519910318754861,0.07740272551083946,0.12181837152759337,0.08355234162742528,0.08223975493279082,0.13037009270646982,0.1179185396591905
60,60.0,60.379156734137354,0.09294520946215148,0.10435263566876567,0.09457140936830685,0.09565420617633105,0.07700678704225253,0.12180799377268517,0.08373444654494287,0.08004437699910999,0.13059024771666058,0.11929268724879394
61,61.0,61.337714584760846,0.09222526597041465,0.10313619041974774,0.09291738174005273,0.09568052365247769,0.07585535630782841,0.12246042684889155,0.08350368042181268,0.08143029376615046,0.1325770559797863,0.12021382489283793
62,62.0,62.29703950447439,0.09157111207131068,0.10341326926251548,0.09166993911255933,0.0960174240226427,0.07643790558547385,0.12289805956122811,0.08455103940199087,0.0811099840795304,0.1312709313532952,0.12106033554945356
63,63.0,63.257461537171835,0.08951074818681284,0.10296602461445631,0.09215584578312519,0.09827359349800818,0.07474596083972179,0.12455447592947137,0.08664938502638786,0.07848997393976907,0.12973000232038912,0.12292398986185843
64,64.0,64.21926675122782,0.088748652483639,0.1005105729280291,0.09403700827963772,0.09852844201443081,0.07367226576960913,0.1254904607615093,0.08648462878301755,0.07901794386422945,0.1307988677576098,0.12271115735828833
65,65.0,65.18269877636592,0.08728793109265295,0.09967464535070883,0.0947147839626256,0.09844814932892643,0.0728028228263719,0.12369683847666292,0.09036554458957015,0.0772727777471638,0.13258669351440497,0.12314981311091264
66,66.0,66.14796061122655,0.08801236572282307,0.09949130427647479,0.09455330694075657,0.09901373137203598,0.07126053735204746,0.1254628847515837,0.08884213795826813,0.07823608308370236,0.13225654455617097,0.12287110398613715
67,67.0,67.11521665648885,0.08493355408840284,0.10038278861114618,0.09440661669647382,0.09775475674141232,0.07014431619602376,0.12462526443278019,0.09156359109551646,0.07881532735734076,0.13312814940568726,0.12424563537521663
68,68.0,68.08459493066005,0.08592186317229858,0.10046685639741558,0.09430578258313341,0.09919212629501459,0.06887501016395906,0.12391147774545011,0.0900806009749126,0.07868442760809155,0.13518249864084436,0.12337935641888036
69,69.0,69.05618942810752,0.08488191795217213,0.1021251312130063,0.09442447059673452,0.09852572043556729,0.0670151689985027,0.12369347234044828,0.0929950194630399,0.07855069872445754,0.1362293345881221,0.12155906568794947
70,70.0,70.03006258152917,0.08510958397159842,0.10161399148003805,0.09622751526926862,0.09791630869647848,0.0669866059951754,0.1252933196748752,0.090614741405663,0.07766859964781613,0.13623999903919742,0.12232933481988947
71,71.0,71.00624779379335,0.08321352944894514,0.10132415942851004,0.09606420620117011,0.09772410551004841,0.06828910504340205,0.1255168826605559,0.08779185729562791,0.07844751893317521,0.13875272701200433,0.12287590846656109
72,72.0,71.98475200689319,0.08320175016122966,0.10116859579874515,0.09554177149416636,0.09967044475971844,0.06826261715720687,0.12648456806649136,0.08676309487913848,0.07750741514121653,0.13869178930138754,0.12270795324069982
73,73.0,72.96555827861411,0.08266926358126475,0.10082340803364057,0.09562191100331091,0.10033254486887735,0.06702219449305004,0.1256475890873578,0.08738608043700757,0.07710233027336137,0.13925805840210703,0.12413661982002282
74,74.0,73.94862834037681,0.08239986200955914,0.10127142723724464,0.09314785023969217,0.10090936927720648,0.06948859245767719,0.12555779302563808,0.08509065467535086,0.07744594143457442,0.14132767529361315,0.12336083434944409
75,75.0,74.93390511255946,0.0834374777598751,0.10131934086980948,0.09490443734123852,0.10009539095536531,0.06994550749728609,0.12514470978318376,0.08539650612510849,0.07703964808900172,0.14042274672972,0.12229423484941178
76,76.0,75.92131515639825,0.08228871723398616,0.09999677996627812,0.0971812574160261,0.09954481539978208,0.07070760237234047,0.12650832218550456,0.08560713810444884,0.0771725280972252,0.13820159411115485,0.12279124511325384
77,77.0,76.91077104428919,0.08196623722315328,0.10005502323051065,0.0982750991616957,0.09653724318360739,0.07037827008762697,0.12627316919224776,0.08473192896263912,0.07520115051522505,0.14170002044556695,0.12488185799772734
78,78.0,77.90217363294813,0.0819739814637107,0.10163965776061046,0.09814776087052354,0.09475595054668629,0.07140968454378774,0.12548751901872077,0.08354975608040686,0.07530604434949585,0.14196113525933965,0.12576851010671836
79,79.0,78.89541422641172,0.08112893463758598,0.10034811861757423,0.09938383398283344,0.09474064478032068,0.07240059061788806,0.1270144299004787,0.08211932627654821,0.07483564994696075,0.14122991129913218,0.12679855994067796
80,80.0,79.89037661826481,0.08249398863341764,0.09999691585595169,0.09952670110491535,0.09302773969465242,0.07073456929475141,0.1289397741011146,0.08075545616667273,0.07342090615054916,0.14550572519850005,0.12559822379947513
81,81.0,80.88693900474995,0.08168245363365004,0.09867528288881953,0.10012997799719071,0.09321075470010204,0.07167800614126771,0.12863267384457758,0.0808719093977755,0.07225765929578494,0.14525499588516896,0.12760628621566322
82,82.0,81.88497576253909,0.08251695326420394,0.10068205303135122,0.09801486193057991,0.0920587420535573,0.07288432559307374,0.127363187845148,0.08286035308850742,0.07167183586874548,0.1447242454765847,0.12722344184824855
83,83.0,82.88435908692391,0.08446838240065763,0.10037051934015712,0.09790682671827607,0.09204365635736597,0.07096387554475986,0.1265405123663386,0.08462055490837145,0.07255191898433506,0.14586421929867804,0.12466953408106046
84,84.0,83.88496048800103,0.08718784072293465,0.10180397003189533,0.09990687745628901,0.09355195273598892,0.06966230130628766,0.1276016185070319,0.08447561682200627,0.07124467322179676,0.14543588776683025,0.11912926142893954
85,85.0,84.88665214409042,0.09046148603290514,0.10343969144272039,0.09859433657008997,0.09289006259170901,0.07219727632777986,0.12758048000173014,0.08471141930196159,0.0685981554240051,0.14564616789006704,0.11588092441703204
86,86.0,85.88930811312994,0.09043212380174595,0.10478726033825711,0.09845355856841913,0.09398701686227373,0.07144291599423891,0.12769135261005743,0.08363082205323112,0.06881001580054698,0.14327703922083418,0.11748789475039574
87,87.0,86.89280540413424,0.0920367480576863,0.10363308611392716,0.09923535661267857,0.0916147065264471,0.07186786561397286,0.12796620904827471,0.082950940683382,0.07090514006723475,0.1424992149740118,0.117290732302385
88,88.0,87.89702491199675,0.09155655497005721,0.10041941279162123,0.10086220107995544,0.08998381431448085,0.07168026658820092,0.12781341191855475,0.08230463288930308,0.07375383438746191,0.1423065864316173,0.11931928462874757
89,89.0,88.90185221995306,0.09285417394633305,0.10314279231932277,0.10063772041541794,0.08886751377969361,0.06906855349364362,0.1259609262586894,0.08228363290821455,0.0736354265825918,0.14416898933810265,0.11938027095799088
90,90.0,89.90717827491419,0.09251735383144566,0.10287462646450092,0.10046850526961518,0.09043873191630164,0.06846487474407542,0.12592034192764662,0.0818481546449508,0.0746145638187275,0.14301386247063713,0.11983898491209943
91,91.0,90.91289994163006,0.09136234749123293,0.10118448596287945,0.10220205243624243,0.09074234435081854,0.06728457649367946,0.12664705889292507,0.08059883321126837,0.07470264088296515,0.14519700402593858,0.12007865625205028
92,92.0,91.91892044225806,0.09255551808597402,0.10395587939223554,0.10152886717816598,0.0897349241176947,0.06512108062015082,0.12552544689054226,0.08283054992075378,0.07604630661345987,0.14269447278015887,0.12000695440086442
93,93.0,92.92514968840067,0.09326151047474357,0.10491963413202574,0.0992666580647291,0.0896979817051394,0.06401331365645425,0.12522381490027792,0.08470935472840027,0.07551190900333152,0.1406204404964844,0.12277538283841408
94,94.0,93.93150451304501,0.09396545381481794,0.10733695413664111,0.0975839430296717,0.08964820490940964,0.06095255972123403,0.1244690827130729,0.08685102874005904,0.0737346230436998,0.1412938794026812,0.1241642704887129
95,95.0,94.93790881009448,0.0939613898579146,0.10904637645883428,0.09927249832257663,0.08998134112671877,0.06131919155464069,0.12343115437496517,0.0862793954704744,0.07483794405911329,0.13912732459890437,0.12274338417585806
96,96.0,95.94429358933806,0.09662216701877802,0.1104220388496872,0.09934170883078242,0.08952211902269411,0.06109705819745648,0.12450628274092376,0.08389102015307572,0.07413136381672424,0.1393010730327865,0.1211651683370919
97,97.0,96.9505969547639,0.09860773072962281,0.10951305515214431,0.09704850379012961,0.09182762747522265,0.05929306698398133,0.12448127679221782,0.08415207320404873,0.0756524812167478,0.13920926895650848,0.12021491569937681
98,98.0,97.9567640140995,0.09803950976415729,0.10745857328458239,0.09764924952202175,0.09266929361247359,0.06031109054351593,0.12372879200371754,0.082751996747089,0.07694131209139218,0.14059468235347244,0.11985550007757824
99,99.0,98.96274672736057,0.09778508826103388,0.10976411129694363,0.0934526826998103,0.0930772904250909,0.062287444201315045,0.12400546923314984,0.0826857989529663,0.07809693818122218,0.1395379571237975,0.11930721962467077
100,100.0,99.96850370202192,0.09857277229109856,0.11263351176656457,0.09152479109221105,0.0946739920609499,0.06087557547089288,0.12377555170321236,0.07979099037714,0.07832505076692263,0.1409326890427762,0.11889507542823219
101,101.0,100.97399994219691,0.0968363837189977,0.11098621431956139,0.09231054889119208,0.09637584414517716,0.061444240204888624,0.12493993999445127,0.07765171722485682,0.07795937615614262,0.1401160754102402,0.12137965993449246
102,102.0,101.97920655893245,0.09611672938203501,0.11228859838625427,0.09289540263135544,0.09629894524866327,0.06062314321351518,0.1270732128833676,0.07750647256355242,0.07730502901432665,0.14048794195392406,0.11940452472300649
103,103.0,102.98410044840509,0.09471831384457216,0.1113813232635154,0.0938100069997704,0.0976669797972516,0.06129892339137773,0.12908520460858297,0.07591609648265357,0.07754812111100065,0.1407055264359588,0.1178695040653171
104,104.0,103.98866394444643,0.09303836836585823,0.11083584678480488,0.09299110909097363,0.09810857345610324,0.06246644107493032,0.1316440493902862,0.07684017568818095,0.07943572107778933,0.13826516907227,0.11637454599880365
105,105.0,104.99288445143917,0.09216276299478077,0.11208451637668027,0.0926177353219481,0.09734195022876815,0.06181083794311187,0.13196849676152358,0.0751359039620677,0.078068768324848,0.14037602412801584,0.11843300395825612
106,106.0,105.99675406321822,0.09142142360436688,0.11349284551549702,0.09326310685020664,0.09626853493024216,0.05910758754168928,0.13442477962773863,0.07350290032083996,0.07827129558104819,0.1408382815255571,0.11940924450281452
107,107.0,107.0002691731872,0.09107958149481156,0.11267138774429195,0.09147383776219357,0.09752506446783922,0.05727894635975375,0.1359241276334868,0.07301041242134289,0.07846640249596554,0.14227849678864937,0.12029174283166573
108,108.0,108.0034300804274,0.0883439286830309,0.1125322247858774,0.090966733915899,0.10006000610099386,0.06000789081470616,0.1381363444502652,0.07077982859347264,0.07761783681265616,0.14060581702742067,0.1209493888156784
109,109.0,109.00624059613932,0.08669402760603293,0.11051082336699923,0.09170884656449878,0.10168322959427235,0.06047857144834124,0.1404732163534378,0.07080986383504358,0.07689660078967873,0.13931292152417782,0.12143189891751795
110,110.0,110.00870765431864,0.08725813039326286,0.11145044684588565,0.09137463578236428,0.10143395456416322,0.058646090744747234,0.14234878981083793,0.07005708649401204,0.07527083559748413,0.13980735275757347,0.12235267700966958
111,111.0,111.01084093013685,0.08616808325099172,0.11036674891174528,0.09344179295509442,0.0986784324559009,0.05801766680766839,0.14430983105728187,0.07040576627246692,0.07365248996047016,0.14033822303054552,0.12462096529783517
112,112.0,112.01265246907188,0.08519330479657244,0.10918054003208479,0.09631052485930475,0.09866901116772969,0.05788596582514542,0.14442926324383348,0.06920635782792957,0.07451039739720419,0.13981007752611466,0.12480455732408131
113,113.0,113.01415632942268,0.08594651266027319,0.10733785680164357,0.09659163220739125,0.09916329357694294,0.060092767808599755,0.1426088405718572,0.06993382189402889,0.07173356278999038,0.1402967772427871,0.12629493444648598
114,114.0,114.01536824044418,0.08401892378093316,0.10877667915017103,0.0981177513827734,0.09707777605642755,0.06173243429931063,0.14151802426013183,0.07074620765352131,0.07047848077573632,0.1423099834710437,0.12522373916995125
115,115.0,115.01630527795908,0.08442905661775756,0.10875402481519188,0.09745536498255664,0.09518270878531467,0.061776049499176984,0.13988244946279826,0.07167276712173626,0.07172830639325438,0.14365185716159082,0.1254674151606227
116,116.0,116.0169855589429,0.08417955158548462,0.10724257106321622,0.09757782923518268,0.09458586095519188,0.06209195407061662,0.13997145318083426,0.07137871488005275,0.07330611316867856,0.14642913226563084,0.12323681959511171
117,117.0,117.01742795623892,0.08544326319290364,0.10688199497228931,0.09839746450776227,0.09465949323960574,0.061909110063394696,0.1380429247753962,0.07037277755578453,0.07202370466061139,0.14890206663375605,0.1233672003984963
118,118.0,118.01765183424293,0.08738090324711917,0.1087438253409687,0.09934042612034902,0.09514512193854863,0.05999117730593596,0.1352425797281473,0.07279816053012884,0.07196000048207693,0.14774040856450768,0.1216573967422179
119,119.0,119.01767680610413,0.08932456991885888,0.10786778921978848,0.10057953086564074,0.09472464106414284,0.05896184927276084,0.13172207646816708,0.07426332646481197,0.07210146163772407,0.1499226664910691,0.1205320885970361
120,120.0,120.01752251271817,0.0884704997605172,0.1085048625130662,0.10274768469594779,0.09459082806632782,0.06104477212804142,0.13116823749217393,0.07435772038063518,0.07361218375411008,0.14919086601031725,0.11631234519886333
121,121.0,121.01720842354362,0.08948101349475603,0.11036660758900921,0.10231941724462082,0.09361437644372655,0.06219735264482644,0.13025521610880278,0.07391910826727856,0.07288006759351165,0.14726105045545632,0.1177057901580119
122,122.0,122.01675365905109,0.09024176636743499,0.11006811354366197,0.10059715384814057,0.09181538043002216,0.06181933845742928,0.1303503528671413,0.07313602688169231,0.07577303248019085,0.1476167976139539,0.11858203751033292
123,123.0,123.0161768344173,0.09282584566758839,0.11142178047585971,0.1003730072688883,0.08966482212035638,0.06428089629909477,0.12868365091504222,0.07267373952473427,0.07538455146227063,0.1460901927141529,0.11860151355201266
124,124.0,124.01549592390272,0.09277034650657721,0.11177077238056264,0.10023061192285217,0.08665019763026535,0.06338080946847117,0.12782917072455946,0.07406245018165623,0.07551031987146357,0.14636853391799848,0.12142678739559398
125,125.0,125.01472814520056,0.09315300851485171,0.11242287445264032,0.09753683996229355,0.0871322216760291,0.06589346654383406,0.12654591460932266,0.0751403754811038,0.07506960836575763,0.14519097854430868,0.12191471184985875
126,126.0,126.01388986291661,0.09159986642534129,0.11147862827084193,0.09783985510933892,0.08684543728495822,0.0675298888820831,0.1251481281183853,0.07740536994643044,0.07440557204712728,0.14478587447999247,0.12296137943550133
127,127.0,127.0129965102319,0.09011176441037584,0.10879421314180748,0.10018300932057848,0.08557141425526206,0.0671921039597647,0.12743925248441831,0.0792848606525239,0.0742138713973844,0.14449274072400117,0.12271676965388391
128,128.0,128.01206252771334,0.08996283019693303,0.10593992029822669,0.10210551508611934,0.08701895530274546,0.067835264182511,0.12728398632257726,0.08154956989392405,0.07357101319229097,0.1437309504403173,0.12100199508435516
129,129.0,129.0111013181695,0.09299175966850534,0.10518351711667022,0.10091467727359563,0.08542873423222454,0.06801834669060791,0.12746023549248098,0.08119129243260009,0.07256863570806221,0.14364595874980166,0.12259684263545167
130,130.0,130.01012521639834,0.09421408780247711,0.1041042662600534,0.10169159934422327,0.08636046301359353,0.06691480733787973,0.12599253506860383,0.08376796071954296,0.07021152677247904,0.14386907735592003,0.12287367632522736
131,131.0,131.0091454726403,0.09296501959229578,0.1031345155686312,0.10006780038289322,0.08650426055406484,0.06880978005251859,0.1301290178538168,0.08294719946318105,0.06946659761738143,0.14268587680108452,0.12328993211413283
132,132.0,132.0081722485317,0.0913010048532386,0.104022638827573,0.09863092178974545,0.08650647773528276,0.06852039640049887,0.13024329650314673,0.08374491895137375,0.06823047732508139,0.14282096756297605,0.12597890005108367
133,133.0,133.00721462434865,0.09067501983684262,0.10706069274936206,0.0988267656452359,0.08585065501368738,0.06969736723505712,0.12921412322667486,0.08538607366483979,0.06460555981838739,0.14288169627181174,0.12580204653810134
134,134.0,134.0062806163404,0.08826952782085982,0.10749527790886258,0.09976207182643446,0.08586627095630348,0.06928363744764218,0.1293817804323621,0.08552293221898466,0.067820831274764,0.1403918087801293,0.12620586133365763
135,135.0,135.00537720296956,0.08785007046194285,0.10732943363887229,0.09963215517621796,0.08770465786163308,0.07004006215710884,0.12891518799542312,0.0835488207118702,0.06660474302585997,0.1392999566184735,0.12907491235259835
136,136.0,136.00451035890612,0.08777285983418197,0.10884151167412977,0.09901325403486658,0.089425660901196,0.06800231879896662,0.12811335094425383,0.08384284108212336,0.06875055268955232,0.13784464110790237,0.12839300893282737
137,137.0,137.00368509565993,0.0864636594275468,0.11187561435943036,0.09718879922486039,0.08962304213697328,0.06708804291769635,0.12878093126237913,0.08369845072662364,0.06746694985256008,0.13748597109450272,0.13032853899742744
138,138.0,138.0029055077818,0.08509990840673418,0.11338935723820431,0.09575759161610402,0.08997821192246294,0.06538627538105753,0.12863088717954974,0.08572265016038198,0.06606033562894768,0.1399156781149408,0.13005910435161705
139,139.0,139.00217482361367,0.08312759231640918,0.11417121760382816,0.09532327894546797,0.09013268985902805,0.06552810785043983,0.1281421671075598,0.08462807879550688,0.06616078512243362,0.1409507418583036,0.13183534054102314
140,140.0,140.0014954596262,0.08306683283740963,0.1138226009249297,0.09755190939013039,0.08833494617040909,0.06426065299416792,0.12650761820897252,0.08509540029408884,0.06687220717760464,0.14145703951916197,0.13303079248312552
141,141.0,141.00086907744122,0.08080810894755322,0.11549198613441569,0.09994962776396055,0.09034130664254354,0.06308897598605387,0.12500253700605535,0.0830101895838656,0.06775404530438672,0.1429470473158831,0.1316061753152826
142,142.0,142.0002966427003,0.07825074812200061,0.1150519658337724,0.0992072195325668,0.08928273238158127,0.06194963484498017,0.12452990046830438,0.0853157387785264,0.06810782762789658,0.14556043643927605,0.1327437959710955
143,143.0,142.99977848500652,0.07816202624028873,0.11606736939817712,0.10222289504298515,0.09315179846917637,0.06093612301000144,0.12230275576130381,0.08449404057387949,0.06734027719116427,0.14312226676341844,0.13220044754960533
144,144.0,143.99931435823203,0.07577052955281188,0.11725354676694362,0.10223032922064224,0.09473125561406984,0.060541316520276216,0.12150155997428061,0.08651367443764031,0.06777749645980603,0.1410081542259576,0.1326721372275718
145,145.0,144.99890350055264,0.07452239043750655,0.11697859904046601,0.10558341535096324,0.09271931824559149,0.059016190273268695,0.11915424818078257,0.08664570036878294,0.07015549053255496,0.14182918274761278,0.1333954648224709
146,146.0,145.9985446936357,0.0729369757182361,0.11871584676140769,0.10839098011172091,0.09142992237283717,0.05868120574275232,0.11754617756723859,0.08570275442307414,0.07017476440166262,0.14330179548575356,0.13311957741531705
147,147.0,146.99823632047406,0.07520266801093653,0.1168939470975578,0.1066903770044334,0.09058793696930786,0.05945569519641751,0.11998260222279199,0.08508385905468391,0.0719983040387994,0.14462638349541174,0.12947822690966002
148,148.0,147.99797642142389,0.07884672602114305,0.1171321735983341,0.10571301157207437,0.09058413196982215,0.05818961069434325,0.12026672914668382,0.08435365865089772,0.07089152680785865,0.14560857819681405,0.12841385334202896
149,149.0,148.99776274806447,0.0822330698789778,0.1165271035981818,0.10406681112147866,0.09250590763582137,0.05806119218738076,0.12023708780590778,0.0838181524375358,0.07010164077327007,0.14447833748082844,0.1279706970806177
150,150.0,149.99759281456036,0.08247033312720621,0.11600185883754337,0.1039076241302664,0.09169280629123316,0.05842504390022957,0.12028948203591702,0.08235593287043,0.07266532533458558,0.14525936288046126,0.1269322305921276
151,151.0,150.99746394626104,0.08294464294381695,0.11401365390360241,0.10213084263528412,0.0923420870121679,0.05674121997038162,0.12062394902903774,0.08421066083541554,0.07284516821388778,0.1464413733986885,0.1277064020577176
152,152.0,151.99737332532905,0.08119311714526183,0.1108797616937769,0.10505518211647863,0.09079324547289366,0.055347936548135274,0.12385458275182776,0.08193415504040177,0.07682300175445479,0.1451820220512421,0.1289369954255275
153,153.0,152.99731803323698,0.08155234884548365,0.11018975853052879,0.10785800167836829,0.08967480898138887,0.05508557413063366,0.12539069730957025,0.08084581027700438,0.07607922489299608,0.14280447084219,0.1305193045118362
154,154.0,153.99729509002177,0.08386244352384578,0.10861491595564898,0.11037982773452308,0.0877999483794344,0.05462498048827918,0.12678179963136715,0.08108543042797244,0.07547163297157797,0.14075053853986322,0.13062848234748795
155,155.0,154.99730149022784,0.0844531524558839,0.10761709567344928,0.11250488349579647,0.08660134699703027,0.05326789936548838,0.12666931060605605,0.08033968259286993,0.07359710357937156,0.1429333148668923,0.132016210367162
156,156.0,155.99733423551103,0.08429396344776585,0.10635211855277296,0.11242378208103652,0.08619900851929142,0.053339145308665105,0.12775508241664918,0.08005891973477966,0.07313109094356443,0.1433352897283942,0.13311159926708083
157,157.0,156.99739036391077,0.08594568775701866,0.10532660220532951,0.11606141003730236,0.08791542893417384,0.05372446798402465,0.12817401061803138,0.07637984208372538,0.07107465421867856,0.14331470551476835,0.13208319064694748
158,158.0,157.99746697583146,0.08609442152157101,0.10891172777502957,0.11426386738689855,0.08562385962077734,0.05361458790805795,0.1300689561812292,0.07764711792757978,0.06955283139516989,0.14190790735919323,0.13231472292449364
159,159.0,158.99756125680176,0.08858121330468528,0.10715246232844117,0.1117678828627734,0.08829063267836389,0.0534937371463535,0.1309277392619701,0.07672007650758962,0.06940236058921158,0.1420203503748963,0.13164354494571534
160,160.0,159.997670497107,0.08992260765555044,0.1060643736804549,0.1093839312125564,0.08830882445882873,0.05359399141306163,0.12986855608160033,0.07776114255708493,0.06969967600542191,0.1435364737882117,0.13186042314722923
161,161.0,160.99779210841066,0.09526529851769962,0.10690375814699898,0.10793336045985209,0.08637476589137948,0.05256749810799401,0.12919071762858342,0.07776022821890549,0.06918321070910378,0.14399666116356888,0.13082450115591443
162,162.0,161.99792363749984,0.09470318971097588,0.104802056484445,0.11110616842588344,0.08529081334046261,0.05438312525434279,0.1279117274093585,0.07768725927417378,0.0710167433287652,0.14432403906012295,0.12877487771147003
163,163.0,162.9980627773051,0.09364289543055497,0.10103294637474787,0.10944878026369331,0.08660333626872815,0.05408651055576188,0.12828387243234793,0.07910716396124814,0.07272069457524091,0.14428172994914074,0.1307920701885363
164,164.0,163.9982073753568,0.09646504933050074,0.10035004385112684,0.10573159358500832,0.08729663567942363,0.054994964513453294,0.12839498359881488,0.07786340494223343,0.07320686425003713,0.14490806631545217,0.13078839393394984
165,165.0,164.99835543984977,0.0961660635285647,0.09947114142564889,0.10566831924500508,0.08712677620086452,0.05643572393548988,0.12917301891053315,0.07982064489811205,0.07181990108945698,0.1441910612411752,0.13012734952514982
166,166.0,165.99850514349492,0.09519674648009117,0.09922248607206775,0.10728534661394629,0.08648299820182763,0.05748189888138277,0.12750717699518435,0.08093502249128985,0.06986736975878706,0.1447193889820599,0.1313015655233635
167,167.0,166.99865482534062,0.09390877753124875,0.10164149652723262,0.10693167033903792,0.08867277395244633,0.056398440389415716,0.1269078354672236,0.08065472802480658,0.07039012262419743,0.14345069005653005,0.13104346508786133
168,168.0,167.99880299074837,0.0934713748186541,0.100307223591714,0.10681116489135521,0.0886315201271244,0.05620660151522014,0.12360612600190526,0.08099777202325034,0.0716224179221402,0.14507510527636655,0.13327069383227008
169,169.0,168.99894830970783,0.09600840024000187,0.10100870566304464,0.10479343740210084,0.0898995939458622,0.05499399653330061,0.12435470755741447,0.0797422004615443,0.07315904369143066,0.1436922056338666,0.13234770887143416
170,170.0,169.99908961367427,0.09419486927587056,0.10188285166609129,0.10485371053895487,0.09073948180801572,0.05376989382634985,0.1262238695090732,0.08017282372179749,0.07434255404148979,0.14239061305371867,0.13142933255863887
171,171.0,170.99922589110733,0.09443133586490375,0.10460329461023446,0.10424567250546676,0.09139396901740561,0.05358799256019749,0.12560696152599443,0.07870503338121358,0.07458184984548219,0.14222116982156943,0.1306227208675326
172,172.0,171.99935628188598,0.09485315797417848,0.10787387657137458,0.10308534553663057,0.09294180638126323,0.05511341367096788,0.12287865670977322,0.07834269979917242,0.0742941631848073,0.1442293897100585,0.12638749046177414
173,173.0,172.99948007076793,0.09785612644775687,0.10747900384767427,0.1017067525428931,0.09218433919068299,0.05577160193888494,0.1251761480326585,0.0783234736611246,0.07380298803712274,0.14424868325258042,0.12345088304862187
174,174.0,173.99959668005403,0.09851662363864948,0.10835362068649594,0.10238994546749802,0.09287357066565285,0.05444857868854509,0.12378449512466015,0.07663288749159095,0.07311235695593464,0.1459118891134616,0.12397603216751157
175,175.0,174.99970566161096,0.10111818724061147,0.10781792194667308,0.1024817098983958,0.09329167187805867,0.054243886960151616,0.12211600069157387,0.07889082189935412,0.07199453241939663,0.14290770350341014,0.12513756356237488
