,Unnamed: 0,Generation,Intertwine_two,Add_vertex,Delete_vertex,Invert_path_vertices,Insert_inside_vertex,Delete_inside_vertex,Replace_inside_vertex,Donate_between_routes,Trim_one_terminal_cb,Grow_one_terminal_cb
0,0.0,0.0,0.09999999999999999,0.09999999999999999,0.09999999999999999,0.09999999999999999,0.09999999999999999,0.09999999999999999,0.09999999999999999,0.09999999999999999,0.09999999999999999,0.09999999999999999
1,1.0,1.0,0.10720736816198986,0.09424467662104724,0.08265807064324247,0.10541832788759498,0.0900556377916821,0.10906409946759751,0.1042895471160528,0.08903406513948699,0.11096600031055603,0.10706220686074945
2,2.0,2.0,0.09968525515058076,0.09811222599288758,0.08345443445845872,0.10428560251191543,0.09768181459867938,0.10612638367677965,0.10811276581370058,0.09018027648015754,0.1111311871965152,0.10123005412032474
3,3.0,3.0,0.10963904197027316,0.10313082236812832,0.08399235511114156,0.10744315364742316,0.0842178356854795,0.11386617306107735,0.10100513496325354,0.08855988405915972,0.1021286088930508,0.10601699024101241
4,4.0,4.0,0.09895420299408589,0.08965760214098777,0.08105370659064924,0.1047169846744335,0.10135608482626779,0.1083986593149383,0.09970034861612427,0.10545019670174616,0.10650642044826664,0.10420579369249994
5,5.0,5.0,0.10577306876307632,0.10658601618651513,0.0797644187535535,0.1046226648193063,0.08351163077874676,0.11565485050775204,0.11014424280841417,0.08951036901022036,0.10522636725572912,0.09920637111668582
6,6.0,6.0,0.10627511232635949,0.09208988663578188,0.08002219973102345,0.09469442769220575,0.08831747590762933,0.11710080465756748,0.09951681596398361,0.0903074873361757,0.12352100730099318,0.1081547824482797
7,7.0,7.0,0.11196480171678176,0.10181803119003889,0.0765783135877729,0.09768590091007602,0.08085017038712834,0.11856536903278869,0.10735194414304446,0.07499836180520598,0.1251276232683901,0.10505948395877233
8,8.0,8.0,0.09144864845673613,0.08913049133628406,0.0929299516091881,0.11545862045156288,0.06514146166321477,0.12546287439651269,0.10507006268015665,0.08373312698492394,0.13412662420503427,0.09749813821638606
9,9.0,9.0,0.10014435617514313,0.08780187753567398,0.08324708893695734,0.10688777672962362,0.08079158629052587,0.12203669940919784,0.11252426868352852,0.08709471030938719,0.12714417512776835,0.0923274608021937
10,10.0,10.0,0.0951527721572362,0.09897528223684769,0.08738167154940106,0.09488356742789664,0.07944406995624917,0.12730236669611064,0.10972766027193152,0.08003868229375495,0.1278590870842256,0.09923484032634602
11,11.0,11.0,0.10045147629364715,0.08917523789049152,0.07999528561661537,0.09870921650495616,0.0713475702828335,0.12523016300091477,0.1028060183796921,0.09000713361496468,0.1153362674645341,0.1269416309513502
12,12.0,12.0,0.09477292019758617,0.08931193672986465,0.08123361043781964,0.10005666526850779,0.07477435809298597,0.13167226332488272,0.11415298955873301,0.08202185776490113,0.13673302419548533,0.09527037442923314
13,13.0,13.0,0.09254107843654977,0.10471305310551246,0.08731268134713299,0.08606538368969585,0.08023685844114428,0.12127664131452949,0.09759043288339185,0.07462435107926686,0.13510128756375045,0.12053823213902548
14,14.0,14.0,0.0979890129467616,0.088276489640167,0.08366956169335309,0.08926855594104324,0.06883641723860819,0.14208235162946833,0.10640316900121624,0.07494252338119904,0.137834983239436,0.11069693528874687
15,15.0,15.0,0.09342260108954561,0.09540485636623335,0.07459495074114453,0.09917827370222207,0.07378073083157215,0.13217878087016677,0.09504489157558024,0.07463282988394075,0.14923710733958773,0.11252497760000635
16,16.0,16.0,0.0877753407627384,0.10574541294796766,0.08388775550587507,0.09567991027790616,0.07091749406468362,0.12578540614124528,0.10102487119944666,0.08010201150589748,0.13398100595435417,0.11510079163988493
17,17.0,17.0,0.08960650117612326,0.10023858008507396,0.08631096618484087,0.09747518393916024,0.06425379230492768,0.1353397184800044,0.09227074950547423,0.0823500954704297,0.14359520145780263,0.10855921139616251
18,18.0,18.0,0.087485961128307,0.09386697403011056,0.08398520806082402,0.10141997452041485,0.08927792311475463,0.12870702343733012,0.11306582275848409,0.06946007785076133,0.12091801533150397,0.11181301976750897
19,19.0,19.0,0.0844046077770011,0.09067364966501575,0.1016265520256148,0.09166164714889899,0.07643754381481341,0.12667077918470976,0.09111147232611654,0.08092046206327151,0.14829210267239437,0.10820118332216337
20,20.0,20.0,0.0748842418939705,0.0938559132705489,0.08226836140373847,0.0983067165249242,0.07270721483023698,0.13249619617419,0.09904704042367392,0.0957088645951407,0.14417737557682447,0.10654807530675137
21,21.0,21.0,0.08908769614602051,0.09819752130600076,0.0864983293008912,0.10382106718113251,0.08709212503632854,0.12332759170125349,0.09377143512485016,0.07002828373097816,0.14287804845177735,0.10529790202076675
22,22.0,22.0,0.10196965336184065,0.08949283000083727,0.07949818415774702,0.09982818330155621,0.0744551694532563,0.13506207557567057,0.09741809754142439,0.09478619177104645,0.1284948665650648,0.09899474827155583
23,23.0,23.0,0.08320713615118873,0.10320257488290392,0.09279524243487561,0.09093781796483023,0.07717886348926564,0.1418829337075193,0.0852571597368047,0.08158086814738455,0.12893201976779012,0.11502538371743667
24,24.0,24.0,0.08282871340052468,0.09012295605874106,0.09409721538174427,0.09560292752294774,0.06789819493021383,0.1308109114896431,0.10712844232753416,0.08104330097031334,0.137307599137197,0.11315973878114036
25,25.0,25.0,0.08272437514124716,0.09601427441457808,0.06897484051764347,0.11090914585467433,0.06940445754377789,0.14424364349192256,0.11507903605241546,0.07543490255989455,0.1374512347678314,0.09976408965601477
26,26.0,26.0,0.09245349503043117,0.09069982596774781,0.09911148310088075,0.09292697263178219,0.06788755024872978,0.13955110888571481,0.10200808636759992,0.08400003599689522,0.1383309416861119,0.09303050008410599
27,27.0,27.0,0.0930559537095173,0.09074367681754113,0.08224297262212182,0.09935004108865077,0.07074105516914123,0.14633464926092382,0.09168030948788534,0.07564208681942078,0.13632284310767298,0.11388641191712438
28,28.0,28.0,0.09812046385989391,0.08989275677393707,0.08990871486139702,0.09934602963251751,0.06530677770084342,0.13574450873260646,0.09235232631424647,0.084987680426813,0.1413024391952915,0.1030383025024532
29,29.0,29.0,0.10085113236942382,0.0891398798821534,0.08054823749572146,0.10968682238452569,0.06533116463095805,0.1332152145600625,0.09393634712866875,0.0830533447191077,0.13179961748051752,0.1124382393488607
30,30.0,30.0,0.09621088715714975,0.1016590870199452,0.07850394092922201,0.09165701351608715,0.06513098066075726,0.14008636845386996,0.10418645020918674,0.07466232803544201,0.13646218386634448,0.11144076015199486
31,31.0,31.0,0.08980580171981875,0.09290211830029374,0.07485256888033381,0.08544416696221016,0.06848963583641114,0.1573173701485197,0.09832276908827056,0.0758893605517625,0.14205625560116444,0.11491995291121473
32,32.0,32.0,0.10404504344327561,0.08428225035920188,0.0965695769671286,0.0968770692026337,0.07195055011446602,0.14444291888325328,0.08074157565516568,0.07935079640243216,0.13542047157819884,0.10631974739424373
33,33.0,33.0,0.08809466791708333,0.10000254746769814,0.08995148560877879,0.09202717919476032,0.07369927311434697,0.1321924564767247,0.08682313411393716,0.07992622072938285,0.15190891377871,0.10537412159857726
34,34.0,34.0,0.09085590940281787,0.09966241403105888,0.07889054424155714,0.09134873948829869,0.07271479651087372,0.13300626870455826,0.09613896988807348,0.08984719891892942,0.14437147626393027,0.10316368254990185
35,35.0,35.0,0.09916358771203657,0.08557411120490979,0.09639656223139852,0.09784674519003096,0.06528349458555834,0.14263255001316358,0.0918094487368577,0.08262043674585091,0.13832001797831903,0.10035304560187408
36,36.0,36.0,0.10219769278654482,0.08481320612566093,0.07349270461888824,0.09197388754978872,0.06453355322041937,0.13391500911610194,0.1058643375228949,0.08638213007995742,0.1462062382985095,0.11062124068123362
37,37.0,37.0,0.08055204353550824,0.09304479000933286,0.0879697009635749,0.10059369952998913,0.0619369269955371,0.13201007456010339,0.10545861325281136,0.07432794844104748,0.14169299513163855,0.12241320758045655
38,38.0,38.0,0.09089563721278499,0.10098068404242595,0.06877139718321768,0.09350082573778977,0.07049557895205799,0.13332358703398467,0.10182499504381737,0.08372166504502258,0.13696071013598904,0.11952491961290948
39,39.0,39.0,0.09025235640977322,0.10188989042532266,0.07410809652048556,0.11019528417811338,0.0718669250408331,0.1331863752505496,0.10142202965968036,0.07525359445687253,0.13469134592473478,0.10713410213363447
40,40.0,40.0,0.10401784155387858,0.09441489647741841,0.09285704267917236,0.09935005584145937,0.06929277349668397,0.1148985938070124,0.10574659046599548,0.06855580161584854,0.14299181514071999,0.10787458892181041
41,41.0,41.0,0.10690430086994904,0.09564864962224963,0.07731952122769872,0.07796652293492587,0.06106856421962944,0.12987632220387738,0.10273934094103002,0.09700457109904048,0.1429295467074393,0.10854266017415966
42,42.0,42.0,0.08797004557467372,0.0991959393600136,0.08153849121825076,0.09192067311787912,0.07289362400416113,0.13205942817575766,0.09709081682591364,0.07947244104163245,0.1410285529661332,0.11682998771558421
43,43.0,43.0,0.09727710746675847,0.0867474244963602,0.08584292494057622,0.10474872573260585,0.06544379915393927,0.13487387152718175,0.08538187630611557,0.07849624996393895,0.1485595924185445,0.11262842799397879
44,44.0,44.0,0.08411011377821552,0.09484912340011045,0.09586693152011841,0.08631833240343344,0.06615596110086057,0.14484252153906266,0.11270461833631176,0.07055144451039477,0.12520258091401332,0.11939837249747864
45,45.0,45.0,0.07694887554508767,0.10485094092166716,0.08932093055802562,0.1030413237269977,0.06746768338364215,0.13176793119963714,0.1081746405442164,0.08647279803335287,0.12092328830604793,0.11103158778132505
46,46.0,46.0,0.09186291611490464,0.10517582974458073,0.07651246403019704,0.0853813401157822,0.05027969769505532,0.1475609285241669,0.09448685557569297,0.08768074089672187,0.14633157855080764,0.11472764875209021
47,47.0,47.0,0.08494524735509448,0.08419660748927937,0.08196605898982592,0.10469669054599051,0.06826756494305987,0.140269819806722,0.10624944428258606,0.0768508731123958,0.14845000266820033,0.10410769080684515
48,48.0,48.0,0.09410777825150105,0.09185984031061974,0.09114577173582192,0.09428368655907544,0.06518110275757642,0.1389419396676113,0.10434362618252088,0.07141101638286122,0.13766045963919826,0.11106477851321325
49,49.0,49.0,0.10794506861119169,0.09135773022327234,0.08158104778541923,0.08648905589467445,0.05154115767830554,0.14426076623129067,0.10700110119116209,0.0681027063406643,0.1525491080645508,0.10917225797946839
50,50.0,50.0,0.09268842370528593,0.09035911247071655,0.08444979836767744,0.0912621611159706,0.06455867271303625,0.1361719337401083,0.10585698337293588,0.08545087133797037,0.14707733296875647,0.1021247102075418
51,51.0,51.0,0.09821845722674538,0.10149186129317529,0.07621634389790967,0.07810139121386865,0.08836839924089211,0.14113135563418117,0.0840277072603284,0.08026277396110333,0.1356555678436301,0.11652614242816532
52,52.0,52.0,0.08484486729803638,0.07778179291259205,0.07781275097866518,0.09299572502635882,0.08249648438879967,0.14941668844081693,0.10039029246948517,0.08111763330304507,0.13625067676560992,0.11689308841659032
53,53.0,53.0,0.08891363074084864,0.08164311135242157,0.07629366131605154,0.10633678951259337,0.07330012324690068,0.13025357194469694,0.09677194073541454,0.07690622058343127,0.14226455681754896,0.12731639375009193
54,54.0,54.0,0.09190873341756081,0.0988253267382005,0.07376168098660353,0.09377355045261918,0.07571908339030939,0.1356568789852195,0.09587485731253664,0.08345807392950307,0.14315985014947136,0.10786196463797557
55,55.0,55.0,0.08422825238714486,0.08076116594885632,0.07988038401606631,0.09851745559015145,0.06788995541510764,0.14823121860594074,0.10573598413421396,0.076719186127444,0.14540290761028335,0.11263349016479088
56,56.0,56.0,0.07273675814215418,0.08782267162365599,0.0955260745930325,0.1011201586197984,0.07887862273556175,0.14941648511310188,0.09981697398348868,0.06734998089544669,0.139887097265752,0.10744517702800749
57,57.0,57.0,0.0881686777171278,0.10778203620786755,0.08035694030622434,0.09170876070451031,0.05585947465537362,0.13940091804651597,0.10016376574658721,0.08897689345841824,0.13501331355961477,0.1125692195977597
58,58.0,58.0,0.0879612171341048,0.09612659796515949,0.07376557681114836,0.09284714766566458,0.06579023732251636,0.14158642024676749,0.10994175099812961,0.07756487791200126,0.14268441793494074,0.11173175600956683
59,59.0,59.0,0.0837708906995532,0.08554928736574752,0.08859397789376697,0.0843635914294382,0.061181650918145494,0.1377140824950811,0.10148869772359607,0.09155526525905314,0.1435620848222306,0.12222047139338721
60,60.0,60.0,0.09124011517757978,0.08782619422420826,0.09553292636746971,0.08978954761316313,0.07170552351667506,0.1383813634923618,0.09576521207178859,0.07681305441809592,0.1482923146728755,0.10465374844578179
61,61.0,61.0,0.0848419621682749,0.08890736883941985,0.07553353727616054,0.10125283654837555,0.07722967073979722,0.14287198774027313,0.09793465641702634,0.08080330926482693,0.13918026057839353,0.11144441042745157
62,62.0,62.0,0.0936912323552706,0.09680028952568129,0.0802001452039034,0.0973843590332382,0.06905723602648337,0.1451245199555981,0.09530990355011201,0.06960758370018032,0.15050874012142593,0.10231599052810636
63,63.0,63.0,0.09531400018442146,0.08344774556789525,0.07174061479090132,0.09447770821418296,0.06579328361742447,0.14438496741072665,0.10274876839482602,0.07570809755538059,0.13873584228564725,0.12764897197859354
64,64.0,64.0,0.09082228551299092,0.08661843897786756,0.09736476144244195,0.09964421471821383,0.06053715850798599,0.14493911979578877,0.09141243250159567,0.07364150977266468,0.1489180690653958,0.10610200970505439
65,65.0,65.0,0.07918651621524313,0.08753463784237295,0.0940974023107777,0.10571100466397347,0.06798891412103297,0.13213167692561675,0.08618955795766378,0.08300146282720683,0.1476627400043643,0.11649608713174764
66,66.0,66.0,0.09391933162759866,0.09621595042239386,0.09200151532832103,0.09215403524686994,0.06352554554499283,0.14436572309300527,0.09072275528779186,0.07507799604254133,0.13536901191312248,0.11664813549336225
67,67.0,67.0,0.09677885121027321,0.09783220034467836,0.09008094776304175,0.09892446534420575,0.0733640490191255,0.12858649464507815,0.0836000937501666,0.0805709216013934,0.13954914031361032,0.11071283600842644
68,68.0,68.0,0.0814435229881801,0.07954439648077538,0.08086848730300947,0.10066681200262972,0.06782354795825146,0.14222516249164557,0.1089817320569619,0.08876036454574802,0.14165413018775047,0.1080318439850474
69,69.0,69.0,0.10002809884172717,0.09254988090401556,0.0793886613642166,0.08768671615894387,0.07663482841120206,0.1358540452519888,0.09633836709435684,0.07716459437693837,0.14392547604607092,0.11042933155053927
70,70.0,70.0,0.09995150123986049,0.09165150923872464,0.08573029885917947,0.0928094990087328,0.06542532693116179,0.13621318346676142,0.09420682274444772,0.09768833525250775,0.13428268748889766,0.10204083576972582
71,71.0,71.0,0.09188784394664576,0.10670061622384001,0.08889735049316866,0.07005512935686223,0.06605731181942423,0.14666671209406895,0.10648006370925353,0.07342005899106481,0.15045180005448605,0.09938311331118528
72,72.0,72.0,0.10255433888476391,0.08839231470915984,0.07787807138037839,0.0945900306492556,0.05363961211144384,0.14374875672864945,0.08857654441403762,0.08864935739984534,0.14969368857478033,0.11227728514768529
73,73.0,73.0,0.08951865004579371,0.08364885241820888,0.06888307284695054,0.10451789015136037,0.05675254893903716,0.14518314630214055,0.09487471934859634,0.08555856013750601,0.1431472860570334,0.12791527375337264
74,74.0,74.0,0.10118276853590717,0.09517910629604781,0.07313680347837029,0.09263406313131681,0.05178526452328726,0.15993137673402105,0.10124686189013858,0.07590983771646166,0.14080771685422994,0.10818620084021904
75,75.0,75.0,0.11573698453334161,0.0990794145099137,0.0886625743017044,0.09206890606583905,0.06547443319744616,0.1296979555212597,0.0900432914760949,0.07824112804278657,0.14014228156536235,0.10085303078625116
76,76.0,76.0,0.09122908802129212,0.09440418169981699,0.09678894715482764,0.09106303634395897,0.06935902574571655,0.13072879789805172,0.09245400165915121,0.07925764357027726,0.1422840266389857,0.11243125126792139
77,77.0,77.0,0.0922895695700888,0.10534708505436341,0.09119017193901402,0.1060220905102511,0.06295097473273822,0.1292856212533897,0.09208922474988097,0.06864912608798887,0.14221046725254063,0.10996566884974376
78,78.0,78.0,0.09688416705059087,0.09223025616861966,0.08501806063610944,0.08933912672644109,0.08302424738634448,0.1419653690733354,0.08194129613299625,0.07948829366828557,0.14328433329940427,0.10682484985787251
79,79.0,79.0,0.10002669475004825,0.10044649654654389,0.08327844628112857,0.09190009882066962,0.06450422755945505,0.1517261430097957,0.08401488433327796,0.09298040927818271,0.133747532809543,0.09737506661135488
80,80.0,80.0,0.08865996194789971,0.08975958526279193,0.09716089356161554,0.09799996675990448,0.05192450253966528,0.14846923389388914,0.10269068678986706,0.06918655889544933,0.14339548004981242,0.11075313029910465
81,81.0,81.0,0.08887589034210205,0.1057020604358357,0.0784505377292251,0.09050950777159109,0.08557623310282667,0.1396372063281736,0.09317438469383854,0.08043538630031735,0.12841762508012144,0.10922116821596801
82,82.0,82.0,0.09238798881273019,0.09238190123865019,0.08270419896560274,0.09599160825422223,0.05589155819944325,0.13806552263044494,0.09348232248442968,0.0810418824646312,0.14473261567631562,0.12332040127352957
83,83.0,83.0,0.11080479186022851,0.08500514645740712,0.08879335026345896,0.08359816091788105,0.05904886231028221,0.1396497524799584,0.08819237020123039,0.08639275127131635,0.14331681927563328,0.11519799496260326
84,84.0,84.0,0.08757858118427983,0.09429753557199223,0.08523958965470294,0.09563867240398491,0.062485909945253396,0.15106166920806569,0.08796508702994217,0.0704135854595314,0.15232072720018153,0.11299864234206547
85,85.0,85.0,0.08696090212008642,0.0961480173451688,0.07673234585574976,0.09288919621308633,0.07016823278655528,0.15830688096203197,0.08681594149208942,0.0690856669232911,0.14810648859498093,0.11478632770695948
86,86.0,86.0,0.0867037896588691,0.10337365563350413,0.09852652391050662,0.08334830384465616,0.07618110160861405,0.127236332605844,0.0780546691617057,0.08684442136153624,0.15902570987836034,0.10070549233640333
87,87.0,87.0,0.08586605895084587,0.09551593564961132,0.09465850318249452,0.09687534670649015,0.06842248141294731,0.14325953858718385,0.08979856895681229,0.08483213825266214,0.1376338265370468,0.10313760176390523
88,88.0,88.0,0.08135736598256406,0.09503328781305895,0.0984097955298227,0.09023455672405548,0.06577622629744653,0.15661601588030802,0.09895231703652066,0.07365805562275617,0.13887196864121681,0.10109041047225018
89,89.0,89.0,0.10974136170783999,0.08342083160889079,0.0949836953790052,0.09110007891582052,0.06438612948502126,0.13983093952611547,0.08412643764314118,0.06834835052487942,0.14767163503452285,0.1163905401747628
90,90.0,90.0,0.08368913033392034,0.09654175420786933,0.0918477794951148,0.09158978334273965,0.07017095536747914,0.15076718926809482,0.10251428038912809,0.07200797632812693,0.14282717710452128,0.0980439741630052
91,91.0,91.0,0.0962282496669337,0.08928669352159264,0.08271325811692087,0.10355029068069503,0.07229118380301723,0.1273934929888209,0.0877221774140481,0.07412051763334015,0.1521118704247772,0.11458226574985372
92,92.0,92.0,0.07390606770792839,0.088943458439548,0.08522681760387248,0.0947617949707535,0.07612318211900782,0.15074395352567138,0.09199566450720782,0.0707924436945963,0.13394716446722382,0.13355945296419003
93,93.0,93.0,0.09145923795795433,0.10091183604193037,0.08247648516555536,0.10345071556682228,0.062447326219396804,0.14622236715691642,0.07320710468965022,0.07193189371632232,0.15465053958249256,0.11324249390295893
94,94.0,94.0,0.08175280351974365,0.09382441561408364,0.08407019867128945,0.09712903007243329,0.07007106140336176,0.13515710986584611,0.09473507574436338,0.08184076527322506,0.15738420961575642,0.10403533021989671
95,95.0,95.0,0.09469779084136556,0.09424793780082907,0.08462663704937151,0.09265868140695309,0.07597971908829479,0.148438298899082,0.09169155967761286,0.05785755412662712,0.15040330519797243,0.10939851591189109
96,96.0,96.0,0.09790109678035165,0.0887229833294467,0.0673772544378795,0.0964713095776797,0.05764756505034709,0.17319966938104242,0.08748444515892953,0.07933070843399703,0.16075735843056943,0.09110760941975657
97,97.0,97.0,0.08646006426024964,0.10399528432523211,0.08593193539156488,0.1031107842370822,0.05699468272493343,0.1427677295475069,0.08367428837579927,0.0722259845686478,0.1458213903141611,0.11901785625482215
98,98.0,98.0,0.07978414348750387,0.10138305589176774,0.09439540039942404,0.08581910903935523,0.04971003525800274,0.1448453300038259,0.10277666423841289,0.07480992042207353,0.15466255628874373,0.11181378497088983
99,99.0,99.0,0.08548860017629974,0.09332975883502384,0.0772425464297248,0.08186031769417093,0.0667644492079154,0.15515746083261922,0.09486601902494726,0.06219052457281551,0.1606429582053922,0.12245736502109064
100,100.0,100.0,0.08237718338774813,0.09617247457828146,0.08994159066447285,0.10010596015909365,0.06691409192011034,0.1341404068965731,0.08429175001962061,0.0844905286726102,0.1468344133063889,0.1147316003951003
101,101.0,101.0,0.07320498364845086,0.10042210986165294,0.09346576329493486,0.08453540341405916,0.06679577097588066,0.1469978173663805,0.09363906790098338,0.06446842195215992,0.1610056665137602,0.1154649950717371
102,102.0,102.0,0.0859124054391415,0.08990357667863898,0.09301836541932368,0.09457068318928684,0.07123467424349393,0.14359015882927548,0.08992064539767171,0.063930990284641,0.1604842029624715,0.107434297556055
103,103.0,103.0,0.07472882835001618,0.09170578514540192,0.09701151629605238,0.09856324023659471,0.061669455492826944,0.14504931418578523,0.09000855948765833,0.06613277761046593,0.15114196461121243,0.12398855858398547
104,104.0,104.0,0.08929160148141878,0.09577980875327627,0.0939109745389539,0.0856664907134783,0.06436488197253863,0.14834167959762734,0.09142926790975955,0.07142479278594271,0.15209574523495145,0.1076947570120526
105,105.0,105.0,0.10940129774889787,0.09437873980625656,0.0767946090346492,0.0706913003290439,0.06152592660300297,0.15860281262911274,0.1140147579214347,0.06872162222709739,0.14769578767668484,0.0981731460238193
106,106.0,106.0,0.1166488136596944,0.08693875176954526,0.0653062477419306,0.09674824894681339,0.06784959739490164,0.15050394401463216,0.09569670914994119,0.06385338511640663,0.14248137841038686,0.1139729237957475
107,107.0,107.0,0.07941337223812084,0.09332925944692319,0.08734158408428694,0.08509676731287033,0.08937763369161456,0.1390159084346737,0.09069213322176214,0.08328209024299806,0.13567060561879857,0.11678064570795124
108,108.0,108.0,0.08739528832289066,0.09988515935805012,0.08630086774095638,0.10527173303569119,0.06170422176095551,0.14234083312325355,0.09289134972194028,0.083986549854453,0.12739795772838408,0.11282603935342472
109,109.0,109.0,0.09892618687254598,0.09104274617408578,0.08937815522695088,0.09140156926114232,0.06972504415587062,0.14316195155019545,0.09304802073357994,0.07237369215188406,0.15836395429490607,0.09257867957883849
110,110.0,110.0,0.08436399437698117,0.09284186869069344,0.09384372827545366,0.08545210638661761,0.054904375375316505,0.14418152881684737,0.08223960732322394,0.07036504367846921,0.15642220424747497,0.1353855428289216
111,111.0,111.0,0.07606195028074839,0.09479686277667958,0.07877608745876538,0.09566853620897332,0.07814243470592099,0.15691707982150566,0.08096765423422994,0.08542649777865118,0.15534013410565845,0.09790276262886671
112,112.0,112.0,0.08332479286098418,0.10022305040693873,0.11302008761608855,0.07188333693743666,0.06393192158400356,0.16265280477440272,0.08388876336930394,0.058694814882579174,0.15423077572781846,0.1081496518404436
113,113.0,113.0,0.08487218549095783,0.10204014037228577,0.09629892176157498,0.07640334727634476,0.05802504045527772,0.14481501237575367,0.08803221046973739,0.07103181864454738,0.15424440330693234,0.12423691984658769
114,114.0,114.0,0.10789545936157499,0.09914053052915424,0.08562720449126413,0.08359378730495493,0.058583456357162764,0.1473282785355045,0.0925795931107402,0.07332276975444188,0.14668465786566706,0.10524426268953484
115,115.0,115.0,0.09527362697076769,0.10149141615622981,0.09351014422822339,0.10313537545438747,0.05150641883736031,0.14147410065081006,0.08200447094326457,0.07904124888971258,0.1330325103245986,0.11953068754464505
116,116.0,116.0,0.10462397478581158,0.09099751683725787,0.07939378240437234,0.10128278304720155,0.06156685369494097,0.1300126722491087,0.07509809225348682,0.07205085395752107,0.16597863069668217,0.11899484007361649
117,117.0,117.0,0.10895327420835883,0.09425002027267212,0.07468804960269018,0.10339629447448632,0.05466513601357181,0.14695672642046403,0.09451359238885335,0.07857133297576155,0.13786448652945252,0.10614108711368889
118,118.0,118.0,0.09347807172488301,0.08288547687016093,0.07202079870489711,0.08909956410456518,0.09330060057804022,0.13938304584410066,0.09229887554782781,0.06828963549536798,0.1622038573595875,0.10704007377056905
119,119.0,119.0,0.09309383425845913,0.09375819371371549,0.0904822343553968,0.08468780374024353,0.057953009886917206,0.15006109353049604,0.09287048762624099,0.06848054713314763,0.15315300694883496,0.11545978880654781
120,120.0,120.0,0.09506043767657799,0.10935884111104535,0.09557797409933905,0.09110429428802082,0.052165680961899,0.12614378252690828,0.0873757186063934,0.08003754733034027,0.16000844537727435,0.10316727802220108
121,121.0,121.0,0.0913893459511009,0.09851254901638852,0.08637706261965274,0.07996011504894253,0.064529833883476,0.16306702979751483,0.10394036423937833,0.06241432785364964,0.1487215342502039,0.10108783733969211
122,122.0,122.0,0.09138776564868764,0.09298350821733373,0.06431540751097702,0.1084676998108411,0.05948930956740878,0.15072697318613004,0.0979275682505776,0.05457584694042141,0.18287219419099648,0.09725372667662577
123,123.0,123.0,0.09541944538053806,0.09124841472015269,0.10014641302071163,0.09404835532521358,0.059736152098525654,0.14039495262588975,0.09513957052822909,0.059920998855777896,0.16484329293297842,0.09910240451198277
124,124.0,124.0,0.09201665515819117,0.10332494230628657,0.08595391636421709,0.09149378117963163,0.054621250095489834,0.1388512319427126,0.09254862235059111,0.07392755774949412,0.14803669824180726,0.11922534461157822
125,125.0,125.0,0.10155127892127738,0.08799148969446324,0.08255636611044716,0.09639418857521934,0.06062595934733572,0.13521586628241228,0.10608991913172497,0.06098352786233383,0.14982180597869507,0.11876959809609064
126,126.0,126.0,0.09420808234559964,0.0884080613424066,0.08046649286595675,0.09103688936540455,0.058014734825463196,0.15560022106972804,0.08672203700328433,0.08012655426133454,0.15303860987516166,0.11237831704566026
127,127.0,127.0,0.10033449565690607,0.08500008460251288,0.09215630737173283,0.07992054611625418,0.0546564489637298,0.14571887436289527,0.0919021910591837,0.07574375499110012,0.16034363830744686,0.11422365856823782
128,128.0,128.0,0.08880198362087532,0.09144824482706566,0.09895904236609272,0.09227997855945796,0.04364527486489665,0.15416790833269195,0.08356625295653416,0.07006804313923717,0.15955632254236007,0.11750694879078787
129,129.0,129.0,0.08562954568076547,0.09394297274710481,0.08879622763716073,0.09737569520174562,0.07375717220661396,0.13067902124600014,0.08979710724098744,0.07158356485002429,0.16046859649168263,0.10797009669791446
130,130.0,130.0,0.1173744586080571,0.086747202399184,0.07546005594103129,0.08564382065542225,0.05791849302901281,0.15907708953261948,0.10049181219894934,0.0586920988230585,0.16667448725281853,0.09192048155984628
131,131.0,131.0,0.09821987269906404,0.09138474044769387,0.08272667532281855,0.0881253741938515,0.052137856507703584,0.1399656492427909,0.1003320787515721,0.06619809581795,0.15748105624333958,0.12342860077321542
132,132.0,132.0,0.08526920669225832,0.09224193552416268,0.10649623361086735,0.07237114948586294,0.05911667545676599,0.16189294685682548,0.08187511926475258,0.08299226906410032,0.13948210970644742,0.11826235433795647
133,133.0,133.0,0.0802852682757727,0.09326781424632116,0.08926350380424296,0.10367893346463267,0.06324192007833511,0.14678245739321247,0.10306157816138581,0.06459686780675722,0.14645155986126215,0.10937009690807734
134,134.0,134.0,0.08728383081638236,0.08111831020880059,0.07471794830525444,0.09721946554551467,0.0663578615766475,0.13599564739991635,0.09993426424641516,0.08146620047199554,0.16331743028485324,0.11258904114421978
135,135.0,135.0,0.09030090780692247,0.10985686236112624,0.08137033612117606,0.09253542696455844,0.05748179501874322,0.15234993097951552,0.07416067950614155,0.06736175369451015,0.1430748980507822,0.13150740949652373
136,136.0,136.0,0.08643386621671764,0.10686189363971217,0.0831513573385142,0.08688214076223519,0.060350958579360556,0.15229266356940316,0.09142700377243038,0.07246302939823879,0.15667124043012257,0.10346584629326494
137,137.0,137.0,0.09706907762232833,0.08822988385529297,0.08115387262255122,0.08935579251879018,0.05950234393285593,0.15068512894512925,0.09150613027429606,0.07309335486339831,0.1514117904752284,0.11799262489012896
138,138.0,138.0,0.08473499602321248,0.1103050102752671,0.09506295682128409,0.08840653285419711,0.06090746935825855,0.15688243899844828,0.08847585611143784,0.05023860923012953,0.13273217762634487,0.13225395270141976
139,139.0,139.0,0.1073901014381361,0.1076533259473365,0.0751983138897821,0.0819452425438419,0.03782512692508253,0.15588727662029614,0.09022428115588722,0.06557711513486437,0.16346056813164786,0.11483864821312487
140,140.0,140.0,0.09684683787080718,0.10223513011012582,0.09146912112573885,0.06411078654902194,0.055655816074304976,0.13796710706030277,0.08664604442564448,0.0888496155643465,0.16150529868763572,0.11471424253207134
141,141.0,141.0,0.09122177320137395,0.10334941207879104,0.08884156825012363,0.09486320816582293,0.05583788237370788,0.14563500351096553,0.08465975841882742,0.07009179030073619,0.14957052168176208,0.1159290820178889
142,142.0,142.0,0.0926114390252254,0.08497436456247467,0.1014864416725213,0.08562328927944476,0.049671661056023796,0.1436920536248008,0.08799680303203829,0.08897272643926722,0.1617398305945449,0.10323139071365846
143,143.0,143.0,0.08358926697267059,0.07488158609397684,0.08670795001691858,0.10275942642064564,0.08160869541886014,0.15227713918945826,0.0898025325994732,0.06611311173143511,0.14593351842397978,0.1163267731325813
144,144.0,144.0,0.09164005597135277,0.10125829300606215,0.09004819679871841,0.10012782523603517,0.04938027071362218,0.14643808799105074,0.09097658612352184,0.06144874540918578,0.1602946967728967,0.10838724197755385
145,145.0,145.0,0.08896579435096043,0.10562106534726459,0.0845335039179587,0.07794308074676898,0.051881405660554894,0.15574064102865565,0.08113367176430397,0.08087536899393713,0.15109833962526067,0.12220712856433455
146,146.0,146.0,0.09853247309367218,0.0930275473642833,0.08901000180124961,0.07615210496380119,0.05949768231736928,0.1622469771023884,0.09535324129424723,0.058617503796150425,0.1488180909527764,0.11874437731406155
147,147.0,147.0,0.08594196379341804,0.08625328051236278,0.07488016722725774,0.08154654142716991,0.06519456257993203,0.16279002611628485,0.0925838859263188,0.06719820625885294,0.1592613572557578,0.12435000890264462
148,148.0,148.0,0.13433931548243166,0.08755307529337193,0.08322904715105267,0.07612732106586742,0.058138645510765787,0.15822617157341537,0.07737522202220552,0.0692314873341944,0.1418400399914414,0.11393967457525331
149,149.0,149.0,0.07920968245628465,0.10238353042042966,0.08405114812145689,0.0943791709577569,0.06158551164127758,0.14426625822392375,0.0869811901573295,0.07064400403217017,0.14780429175296028,0.1286952122364102
150,150.0,150.0,0.09727636687275595,0.07141533312753227,0.08732613367647829,0.09402274887712275,0.05398038549949267,0.1558650605561543,0.10254879647585477,0.07466677806333775,0.14803969085116825,0.11485870600010253
151,151.0,151.0,0.09342508716568787,0.09639036217502735,0.08108833745311597,0.09201223919899564,0.06357767257430534,0.15976671240876844,0.10540495593993882,0.05187409188569149,0.1475352419023306,0.10892529929613808
152,152.0,152.0,0.10101393399716511,0.08088693574098929,0.07676249283045167,0.09236416690087279,0.06516518111748362,0.15155231766747343,0.09955731301671253,0.0728231475127902,0.13392187980514986,0.12595263141091104
153,153.0,153.0,0.08329264050962822,0.09482379729767886,0.09046925063092619,0.08909868676100033,0.07563624400992361,0.14921025683284278,0.08368010415024296,0.06475809919009062,0.1552718010113789,0.113759119606287
154,154.0,154.0,0.08886009277833394,0.09555900925858603,0.08657017165221768,0.08353426254676817,0.06526032842294224,0.13188529144737862,0.10835474415971458,0.06427440993658405,0.1447403826156307,0.13096130718184362
155,155.0,155.0,0.07735296711217325,0.0870839566587333,0.09464373972742521,0.1054608373030145,0.05845531784735666,0.15800517001000872,0.10348238116873303,0.055423862071836416,0.15684670153587793,0.10324506656484063
156,156.0,156.0,0.08810578929333007,0.10481271239603687,0.09605450008703512,0.0938433050799345,0.06297471416378082,0.15051098576517583,0.0876171568305206,0.054163221091561874,0.15299244015797778,0.10892517513464613
157,157.0,157.0,0.09086783242991209,0.08059285912798267,0.08958111853106833,0.08223211009203259,0.05713911124367392,0.1557932795126621,0.08266721532090236,0.08127283010527475,0.1611887898265953,0.11866485380989551
158,158.0,158.0,0.09708550962010007,0.0948833744869609,0.11312499992476968,0.07588109163114415,0.05574581369310212,0.1428402491341296,0.09198753883710617,0.056845253046780696,0.15079110582090402,0.12081506380500222
159,159.0,159.0,0.09013986142040312,0.09788568970341541,0.0773781634286196,0.09423545678710851,0.05568318630688264,0.14328313824488226,0.08035362569642579,0.05995369746343587,0.1575585436189148,0.14352863732991158
160,160.0,160.0,0.09533528155702954,0.08785831327416856,0.07950579157672276,0.10557019574687505,0.06708930516479258,0.15540447547846195,0.09568954573637599,0.06920143617474625,0.14744556725900976,0.09690008803181716
161,161.0,161.0,0.09523688520148643,0.08200428271251488,0.09763543493130566,0.09030591629835358,0.049234724890593815,0.1568683164450988,0.0838679476092303,0.08079507369310468,0.1477743675564557,0.11627705066185572
162,162.0,162.0,0.09224956711519555,0.10669887507690454,0.10023583828130977,0.0982450811704549,0.05047056741060381,0.15734055211228654,0.09335717341929972,0.056038445090382014,0.13265486728860595,0.11270903303495683
163,163.0,163.0,0.09660566955431196,0.10038887409490231,0.07518071870350278,0.07788079087129678,0.07514401527781303,0.15074627885649167,0.0952305858521658,0.0575032618576334,0.1487444093110722,0.12257539562080959
164,164.0,164.0,0.09549584217642379,0.11083606039637099,0.08517173943973627,0.08413397833225175,0.05844580248563909,0.13275004440245664,0.09511809762025983,0.07126523090924089,0.13900090210574803,0.12778230213187228
165,165.0,165.0,0.08642890702974894,0.08433771447188106,0.09088442183415049,0.0890780607101245,0.06366089881496524,0.1534990294181366,0.10851428971741725,0.06832162859707071,0.1409875677486905,0.1142874816578143
166,166.0,166.0,0.09687855194068488,0.09228397430340347,0.09364881311669478,0.07182739517303265,0.07463930423213841,0.13780929293069472,0.08916203960066098,0.0707588873714032,0.15658945760716386,0.1164022837241226
167,167.0,167.0,0.08280483965661335,0.09133561472508217,0.0952472395111579,0.09520921613834114,0.06958625328416816,0.1389076665571638,0.10235182523045605,0.06922648577850424,0.14587316850509507,0.10945769061341767
168,168.0,168.0,0.08482430218755402,0.10510301213544863,0.10282746813454365,0.09332483053030789,0.05225637102908261,0.1418987005794384,0.09440503711876135,0.06907513320915118,0.15882753926605925,0.09745760580965253
169,169.0,169.0,0.09585246492833119,0.09154226661834122,0.09709707064753915,0.08517067736345334,0.058972774719723876,0.14333706659438036,0.1108117115999367,0.06876600549271758,0.13725166562581634,0.1111982964097598
170,170.0,170.0,0.07565776886087285,0.10364297648229596,0.08096791828931352,0.0991640921613374,0.0490366282290447,0.14219599796395452,0.09882007073967428,0.05373154098451004,0.16543167745341048,0.13135132883558584
171,171.0,171.0,0.09304990361167238,0.1020453377973148,0.08753912099245556,0.0987617422389649,0.05985976612633733,0.12044829879382471,0.08209539352503349,0.08241959246084035,0.15580610714896584,0.11797473730459025
172,172.0,172.0,0.09237445920650421,0.10614696285801817,0.09135486101020204,0.08990055622997463,0.06514047313982256,0.1534396043559366,0.0715305589213816,0.06427312499593531,0.14104647415133095,0.1247929251308935
173,173.0,173.0,0.09089357554696338,0.11587402868853461,0.08427658982392278,0.09432294047766493,0.06537544355657829,0.14095691352357478,0.0972731118304275,0.061132916704713366,0.14705899488877155,0.10283548495884834
174,174.0,174.0,0.09873906679493824,0.09622377652287291,0.09972963210668143,0.06852277375885338,0.054001378105225005,0.1510796038885777,0.10163131278442945,0.06879953245801572,0.147618124947271,0.11365479863313484
175,175.0,175.0,0.09111472959883628,0.08178792341623164,0.09139996766776716,0.09569769353487233,0.04922440886647742,0.15753695924875427,0.1030388550107397,0.07705837472946783,0.13275754127906075,0.12038354664779223
176,176.0,176.0,0.0882171081226755,0.10045660334157788,0.08037008902402844,0.1021529264406631,0.07243681217459229,0.14973388390692982,0.0816118966153892,0.06580046840341512,0.15058199184977766,0.10863822012095059
177,177.0,177.0,0.09630680911356046,0.10787843543125364,0.10325924569684537,0.08020822857050913,0.04053742407793596,0.14753141621955038,0.09578692647736206,0.060092950268511115,0.15954163597823068,0.10885692816624082
178,178.0,178.0,0.10068833755088799,0.10000643302914794,0.0920305838464754,0.10109465716262059,0.059096882639904466,0.14604512783043322,0.08038439532083853,0.0777784301844214,0.13666795124517234,0.1062072011900977
179,179.0,179.0,0.096198284985796,0.10509097586917016,0.09992846717259685,0.09523349217272868,0.07754356978686208,0.14829402831229418,0.07542838065880983,0.05265466976999596,0.13239780729765058,0.11723032397409525
180,180.0,180.0,0.08282368103719606,0.11009299293743599,0.08966611675361184,0.10450512383078674,0.04912340507330106,0.15630003269188217,0.09300080259871764,0.06058410532439077,0.14580885924176587,0.10809488051091139
181,181.0,181.0,0.10180272826777423,0.1014130176132371,0.08388175511226079,0.0830218103944509,0.07597020568393237,0.1576865364111691,0.10576876575517151,0.06549845869577604,0.12802919991187947,0.09692752215434813
182,182.0,182.0,0.09386677767446247,0.10108039755190792,0.09424581352789972,0.07616351129508675,0.05513018628600584,0.1584627198669703,0.0970841571995587,0.06331133861516992,0.13162343479315702,0.12903166318978093
183,183.0,183.0,0.09383387220640295,0.1028008582475779,0.10278078379854179,0.06727876696780302,0.07693586057416243,0.14924162283655315,0.058103559486822595,0.08146443199289578,0.14809499353431327,0.1194652503549267
184,184.0,184.0,0.09198703809214906,0.08901167292203996,0.09588073666042665,0.07444036472310653,0.07467505477317841,0.16958379660297843,0.06249563063263693,0.06503153900786272,0.1574585357316029,0.11943563085401798
185,185.0,185.0,0.11349824304539095,0.09801133663545389,0.08732896221150435,0.11733344239556158,0.04568477908586085,0.14344954344230837,0.07945812570590778,0.06582212633827265,0.1456149102743921,0.10379853086534704
186,186.0,186.0,0.09877919686578582,0.10120724203310331,0.0984874925348371,0.10417698295982669,0.053430644310672425,0.14731810852822586,0.09081410546257812,0.06344575099808034,0.1444901713149088,0.09785030499198107
