,Unnamed: 0,Generation,Intertwine_two,Add_vertex,Delete_vertex,Invert_path_vertices,Insert_inside_vertex,Delete_inside_vertex,Replace_inside_vertex,Donate_between_routes,Trim_one_terminal_cb,Grow_one_terminal_cb
0,0.0,0.0,0.09999999999999999,0.09999999999999999,0.09999999999999999,0.09999999999999999,0.09999999999999999,0.09999999999999999,0.09999999999999999,0.09999999999999999,0.09999999999999999,0.09999999999999999
1,1.0,0.10900000000000001,0.1007856031296569,0.09937266975169413,0.09810972970011342,0.10059059773974785,0.09891606451929334,0.10098798684196811,0.10046756063564975,0.09880471310020408,0.1011952940338506,0.1007697805478217
2,2.0,0.31601,0.10080465229553051,0.09914354753409643,0.09633360622116842,0.10105714046943143,0.09861453600008098,0.10166416454691393,0.10130890694230334,0.09774586954484764,0.10238528441567912,0.10094229202994803
3,3.0,0.6191589000000001,0.10180598125533652,0.09942888396037049,0.0946600954377591,0.10182506866012225,0.09698743522745584,0.1030913256110936,0.10142339412196083,0.09655521517228016,0.1026434769567867,0.10157912359683426
4,4.0,1.015801321,0.10171702402869257,0.09837538410538066,0.09275339347737532,0.10229976798431804,0.09710917345075228,0.10393676766874124,0.10139177135735258,0.09709270419009686,0.10330848271866777,0.10201553101862239
5,5.0,1.50262148669,0.10229122089126598,0.09903289782079862,0.09079143606045308,0.1027417375574827,0.09547676156072213,0.10546790355636747,0.10239078606102187,0.0960660364620958,0.10381096196240296,0.10193025806738909
6,6.0,2.0757334209441005,0.10289302090262847,0.09825057839325863,0.08894118230990106,0.10216549573323906,0.09436852406476348,0.10709239073972646,0.10230469117735509,0.09515619066497163,0.1061068113392243,0.10272111467493147
7,7.0,2.7307768275633495,0.10403743076613425,0.09845769844632357,0.0868423754942904,0.10187131473279648,0.09256386928477929,0.10880096978145007,0.10298283984782736,0.09275792986117495,0.10850787933472088,0.10317769245050237
8,8.0,3.4630081252450404,0.10309505802679138,0.09740895583614369,0.08648597254331715,0.10334196964831965,0.08925167212142564,0.11112608544788713,0.10340867654791579,0.09129537597517005,0.11173493806366892,0.10285129578936025
9,9.0,4.2673862119061114,0.10300002923752294,0.09624944146192219,0.08526136341087687,0.10392964120812902,0.08759460503255635,0.11301943993843523,0.10455396403965499,0.09023961332030951,0.11416496287340923,0.10198693947718336
10,10.0,5.138652627782014,0.10238678819476685,0.09623874335597772,0.08455253070818579,0.10328770603699969,0.08590046283172603,0.11534019830332744,0.1053847649874993,0.08855237509926256,0.11655326852036482,0.10180316196188949
11,11.0,6.071405875792507,0.10229240150955216,0.0952764760148008,0.08320423409089742,0.10300848790459821,0.0835015209548824,0.11734128214613866,0.10548375060417954,0.0879455689043862,0.11756351982629432,0.10438275804426998
12,12.0,7.060169740244025,0.10162118863109379,0.09436309291043578,0.08208251013271547,0.10284894374779563,0.0815636125400179,0.11986535644561333,0.10668075745485099,0.08662153139109692,0.12059014915110837,0.10376285759527153
13,13.0,8.099455520847952,0.10072543018004254,0.09503064819226634,0.0816723766643341,0.10127830306399924,0.08029785245698536,0.12121553018289791,0.10617653027395998,0.08464415022431118,0.12331237063071131,0.10564680813049178
14,14.0,9.183818168183006,0.10038219750768267,0.09408461564851175,0.08099534762424086,0.10003291447997419,0.07801801432184403,0.12451186868926423,0.10651813844903485,0.08279612641294679,0.1261536286992529,0.10650714816724748
15,15.0,10.307906369102724,0.09959271507122797,0.09388794177165581,0.07950530253362721,0.09979539294508022,0.07636877538868089,0.12666392109846578,0.10568860836956044,0.08102339960267553,0.12996778691635733,0.10750615630266855
16,16.0,11.466506686239443,0.0982557537059212,0.09476016008660468,0.07904443891062315,0.09922561602881547,0.07457225622657414,0.12801657939157204,0.10543359209248032,0.07991095793843972,0.13206761237746026,0.10871303324150874
17,17.0,12.654581904800096,0.09713080038905177,0.09510432581238291,0.07892041588376861,0.0988568871127935,0.07225247118308355,0.13016709135674034,0.10428457806478061,0.0791364793727553,0.13493800877856668,0.10920894204607644
18,18.0,13.867303782456686,0.09583104540695836,0.09482825690281389,0.07865012485020856,0.09890569311476287,0.07258709093614314,0.13149100889235704,0.10520983447955881,0.07718258306264922,0.13534021885372496,0.10997414350082287
19,19.0,15.100080434523047,0.0942696797451572,0.09425084961896527,0.08022434814858975,0.09799892859344024,0.07177111910568877,0.13245107039459972,0.10392569009241169,0.0764928897526859,0.13829539462023427,0.11032002992822697
20,20.0,16.348578617037543,0.09181376334155152,0.09401363742451534,0.07991935209371544,0.09778397464740697,0.07071037580691344,0.13383986453346727,0.10343537477607206,0.07739528175001166,0.14064354718105723,0.1104448284452888
21,21.0,17.608741195130214,0.0908544887890356,0.0942327300115159,0.08009134252714406,0.09814717858037303,0.07121416624885804,0.13415948212756165,0.10242264711796005,0.0758225122896399,0.14266229005725084,0.11039316225066062
22,22.0,18.876800103462312,0.09126166948692314,0.0935990921222449,0.07961018927065287,0.09813151261809244,0.07056266167617567,0.13551226744542522,0.10178934634738557,0.07682486829372553,0.1430429980410991,0.10966539469827524
23,23.0,20.14928511992658,0.08985896023270593,0.09435872988889361,0.08050573711639461,0.09724534342520197,0.07028760204213327,0.13740735812598975,0.09995956938534695,0.07658606956980961,0.14328386923207476,0.11050676098144929
24,24.0,21.423028783545156,0.08849216138802884,0.09382288044640126,0.08156482252543384,0.09685122685280859,0.06918089413006126,0.13805049327252553,0.10035287428209971,0.0763673419863539,0.14419469274625066,0.11112261237003616
25,25.0,22.695167792966423,0.08719497412201668,0.09389274853986525,0.08013108583572218,0.09801466077752859,0.06832265627855438,0.1399001922868068,0.10156966374211968,0.0756564069100415,0.1449599265359819,0.11035768497136285
26,26.0,23.963141223515898,0.08695571158171644,0.09344540023804694,0.08174282462012462,0.09739247883825883,0.06740936949534561,0.14113910245109038,0.10149277301075905,0.07587086364155893,0.14566152072088656,0.1088899554022125
27,27.0,25.224685898775267,0.08685559899784198,0.0930197161086868,0.0816802250630185,0.09743016687653815,0.0668775436900327,0.14291659570081272,0.10039594679813144,0.07530937150573053,0.1460188398391091,0.10949599542009797
28,28.0,26.477829247520948,0.08733395223450938,0.0925287479949908,0.08239608716114155,0.09748288370749733,0.0658941078332124,0.14349150610833222,0.09938884851630023,0.07574191509736108,0.1467414266869569,0.10900052465969803
29,29.0,27.720879968916847,0.08814540211471686,0.09198522909127552,0.08217944158988728,0.09858303958981161,0.0650055809537619,0.1436785260840881,0.09857049692207384,0.07603022841235259,0.14638708280362583,0.10943497243840639
30,30.0,28.95241681848399,0.08853873978822327,0.09271952929961971,0.08176371887816683,0.09788123682499775,0.06418914420200833,0.1444293263364089,0.09881264929738783,0.07552083989054592,0.14638855529397954,0.10975626018866186
31,31.0,30.17127581490958,0.08832895662433521,0.0925940981923676,0.08099183345324015,0.09656608744818847,0.06379963500758298,0.1467847171541372,0.09849795633219678,0.07517650835400091,0.14685002399450348,0.11041018343944711
32,32.0,31.376536153543515,0.08957884440013647,0.09162230360281076,0.08240744473375657,0.09641452402824269,0.06384206816869395,0.14772245029350986,0.09645486144777508,0.07521988207815501,0.1465538297387451,0.11018379150817441
33,33.0,32.567505096778625,0.08925336783616977,0.09224631765062316,0.08316130707272007,0.09579775340124806,0.06413621513313963,0.1473085685641898,0.09506709903974662,0.07535777000583153,0.14782476554700819,0.10984683574932302
34,34.0,33.74370209472243,0.08922497607798234,0.09285147924816115,0.08280159082642566,0.09513711012424185,0.0643981303206055,0.14686629510971047,0.09466725680067654,0.07651965146693057,0.14825570550528402,0.10927780451998179
35,35.0,34.90484237192463,0.09004650065978387,0.09205540375115939,0.08418933753789613,0.09515444803875006,0.06397389045869592,0.14729227686748808,0.09388916380126587,0.07697594403913186,0.14799956334675762,0.10842347149907108
36,36.0,36.05082019768737,0.0911804541613786,0.09119803237047043,0.08326999606390356,0.09460968936929604,0.06353017648773203,0.14675730909123852,0.0945735718297559,0.07781922161459084,0.14846086198241853,0.10860068702921545
37,37.0,37.18169203889697,0.09014661977396186,0.09118570825376947,0.08379251545732877,0.09495502974661238,0.06288120505870318,0.14595692163726268,0.09526187428531997,0.07745838235326662,0.14840216020098718,0.10995958323278784
38,38.0,38.29765977559663,0.09015458243062995,0.09198679676960354,0.08238472438843819,0.09461293540481092,0.06314355318759764,0.14522845570530096,0.09561995206410316,0.07804169433935013,0.14780900844744052,0.11101829726272497
39,39.0,39.399054140870355,0.09010483128915159,0.0928886359448721,0.08151524908811124,0.09596337524455176,0.06359032137012477,0.14444006650147875,0.09596397595639147,0.077776667775067,0.14693975246500857,0.11081712436524274
40,40.0,40.48631852820801,0.09143807902743784,0.09304280435262788,0.0825335444080094,0.09623656735598872,0.06381776361669135,0.14178920116117577,0.09676063407711534,0.07684313384992784,0.14686498493701558,0.11067328721401025
41,41.0,41.55999329152982,0.0930524455487669,0.09331865215533912,0.08199949303348203,0.09437522185048336,0.06325479080969576,0.14063228912104794,0.09726676099715907,0.078764956943281,0.14675273562053087,0.11058265392021394
42,42.0,42.62070064560415,0.09275046844164736,0.09394494412622474,0.08189394407740477,0.09393133892466828,0.06390875899595222,0.13970181921294922,0.0972121486131255,0.07892378086311563,0.1464233799724331,0.11130941677247916
43,43.0,43.669130257815,0.0933615910057785,0.09331626536599434,0.08222583886057623,0.09479454289483948,0.06384219652864294,0.13906941672043083,0.09599089009764337,0.07897458988498263,0.14682611556432326,0.11159855307678836
44,44.0,44.70602560622662,0.09263405710925202,0.09349493596346567,0.08356311568418476,0.09382792896345399,0.06386952252900968,0.1394551640264199,0.09751794149881379,0.07822105406009808,0.1448702112151135,0.11254606895018854
45,45.0,45.73217116373481,0.09117791334575505,0.09466946312771198,0.0842351028875825,0.09455517959196327,0.06404815254333641,0.13854875114299395,0.09859115674903263,0.07905831107450073,0.14248529173701718,0.11263067780010624
46,46.0,46.748380453854836,0.0912164976375828,0.09586084123576458,0.08360990299456204,0.09352856823785041,0.06252431629577486,0.13924447108093002,0.09828410681532906,0.08000678154338856,0.14266407319689675,0.11306044096192087
47,47.0,47.755485010424316,0.09056592080901997,0.09492830919256993,0.08352160819716287,0.09445468078094899,0.06282920421176272,0.13922467272776035,0.0991460482332888,0.07985415778048834,0.14307349397606675,0.11240190409093123
48,48.0,48.7543242612326,0.09084044801841483,0.09474803661879588,0.08434455866202985,0.09434930176869662,0.06284934072491642,0.1390845176667862,0.09980224765993902,0.07914277787424376,0.14241678346134087,0.11242198754483651
49,49.0,49.745736344347726,0.09250392484517013,0.09450669833058274,0.08419675381610778,0.09347434143913316,0.061526786699154255,0.13948883498828565,0.10070398843001416,0.07809438733949012,0.14326704560240142,0.11223723850966053
50,50.0,50.730549855707864,0.09262980093631953,0.09415814241486223,0.08432444745269685,0.09309433480921109,0.06153838328923289,0.13909155664094694,0.10146411446887063,0.07878573554795418,0.14357792464439795,0.11133555979550758
51,51.0,51.70957651737491,0.09329667899818961,0.09491972667351818,0.08361727978780004,0.09141793011513863,0.06395999576732728,0.13920075208874103,0.10000922898162136,0.07895579055578529,0.14275053335292578,0.11187208367895261
52,52.0,52.68360474770151,0.09260872804328733,0.0932998670144468,0.08306646023856956,0.09126543388270973,0.06579633954713864,0.14014686730787365,0.10017627534679978,0.07920739583108063,0.14199444242770587,0.11243819036038777
53,53.0,53.65339410751842,0.092318809920704,0.09207294442424695,0.08236627658540173,0.09247959663358367,0.06669641428319556,0.13917475756681047,0.09996692207328013,0.07903180168160473,0.1418579109435809,0.11403456588759159
54,54.0,54.61967059027847,0.09232334208625166,0.09258263730092672,0.08142218711191238,0.0924545911321629,0.06781441464962473,0.13875097764768474,0.09965684597144601,0.07950769647070186,0.14182862839980034,0.1136586792294884
55,55.0,55.58312271885972,0.09155522684551606,0.09129737170537684,0.08110777182746513,0.09291966628784198,0.06811674886929765,0.13959606869591903,0.10032607027537395,0.07930161677527137,0.14203989207397574,0.11373956664396194
56,56.0,56.544398407394254,0.08964150395977125,0.0907414211792967,0.08237709325104525,0.09365448212394095,0.06948544846450679,0.14056152878914624,0.10039057027242496,0.07815340021970593,0.14171207850164355,0.11328247323851806
57,57.0,57.504102543001395,0.08929329786192211,0.09220781466868933,0.08213405891700641,0.09344933334985979,0.06850929503488674,0.1405174357296317,0.10047756348319135,0.0791746623827516,0.14091141810357194,0.1133251204684887
58,58.0,58.462795239617805,0.08894792011410763,0.09251776720026367,0.08123842048075605,0.09336113242284867,0.06849733501114784,0.1406851370192626,0.1015305179206693,0.07905061908560768,0.1408989531374005,0.11327219760793569
59,59.0,59.42099071417639,0.0882081804678194,0.09177508172638833,0.0818404575596965,0.09242825611734419,0.06799864137245944,0.14045784723703683,0.10171698391772073,0.08032316144114726,0.1409933560045506,0.11425803415583634
60,60.0,60.379156734137354,0.08824496433628001,0.0912720975421402,0.0831437209814539,0.09205061641388358,0.06853403445294969,0.14029257688534214,0.10131017188794501,0.08010654951521623,0.14157702885822698,0.1134682391265619
61,61.0,61.337714584760846,0.08766820602537706,0.09089307020465873,0.08244061120576478,0.09283445888628308,0.06960001783834038,0.14057378385967825,0.10110553589750908,0.0802776893155802,0.141258281875234,0.11334834489157407
62,62.0,62.29703950447439,0.08800578812569296,0.09132138065589915,0.08220540246112282,0.09323725313654983,0.0698184559428752,0.1410751053969192,0.10062717942462047,0.07931739877893558,0.14208347733187515,0.11230855874550928
63,63.0,63.257461537171835,0.08852874324118812,0.09042639475493476,0.08112770897707267,0.09335057393885127,0.06968104279688672,0.1414928336715357,0.10088737232474704,0.07896609053068789,0.14173311608716982,0.11380612367692565
64,64.0,64.21926675122782,0.08861808394742304,0.08986819029319364,0.08262632856471987,0.09398048465407896,0.06899288086275863,0.14195312569458868,0.10000652630623871,0.0784106743992403,0.14240604090689465,0.11313766437086316
65,65.0,65.18269877636592,0.08755695566891539,0.0894249286509239,0.08379573460921313,0.09521072059300119,0.06903415345980032,0.14111650416933114,0.0986055364971416,0.07879910354012594,0.1429512606201289,0.11350510219141816
66,66.0,66.14796061122655,0.08799151736495732,0.08987522152279773,0.08474162802802707,0.09506723883703057,0.06861450954614615,0.14149710114090108,0.09767380561657223,0.07839836668132727,0.1422597003467579,0.1138809109154824
67,67.0,67.11521665648885,0.08872785299228893,0.09050551738870859,0.08547347422143461,0.09558601623048898,0.06916979073125912,0.14029040179004237,0.09605347116700946,0.07855379235790581,0.1419864020564364,0.11365328106442545
68,68.0,68.08459493066005,0.0879375322168579,0.08931727011119776,0.08525696448491427,0.09626053504158111,0.06915743627465205,0.14045120008747664,0.09700880021891407,0.07953279105369684,0.14192655996513281,0.11315091054557629
69,69.0,69.05618942810752,0.08901976101203792,0.0894506672674578,0.08487023835634759,0.09561365515680592,0.07001410642583675,0.1399765464552435,0.0967239891877482,0.07934658859794831,0.14209711237101783,0.11288733516955594
70,70.0,70.03006258152917,0.09009619054581015,0.08951187967792833,0.08510153282021257,0.09546447215550853,0.06973036663375261,0.13954404699567838,0.09625064860377408,0.08120956053312148,0.14130461431734753,0.11178668771686613
71,71.0,71.00624779379335,0.0903571645038242,0.0910932778414713,0.08563269066147965,0.09302822075768608,0.06949514891267722,0.14016684170951135,0.09703152791608469,0.0806241953958269,0.1421380580573186,0.11043287424411984
72,72.0,71.98475200689319,0.09167399735427686,0.09084177942101565,0.08504145140565787,0.09305935371487696,0.06800730462197879,0.14050056011926462,0.09603845272557433,0.0815482552490922,0.1428954836952937,0.11039336169296882
73,73.0,72.96555827861411,0.09166438145109211,0.09011658996639191,0.0835382024218227,0.09409546609590301,0.0668358615180042,0.14097682761148553,0.09569988346445552,0.08214184041230457,0.14299050856649143,0.1119404384920488
74,74.0,73.94862834037681,0.09280068167318421,0.0905522674695326,0.08246410010376429,0.09394380877737667,0.06518400115706241,0.14292235458457894,0.09602413374244421,0.08174536201434329,0.14284364180519446,0.11151964867251866
75,75.0,74.93390511255946,0.09536259434143776,0.09138067643201098,0.08295671213359121,0.09373770402769459,0.06493225633329293,0.1418200769605813,0.09524782923270662,0.08156330524583182,0.14262455894163079,0.11037428635122176
76,76.0,75.92131515639825,0.09542126999358004,0.09173570859801086,0.08426975886742889,0.09343493480117415,0.06509956701536897,0.1408098901222694,0.0947381808146823,0.0814678839348901,0.14261673609802314,0.11040606975457186
77,77.0,76.91077104428919,0.09553820441566489,0.09317621261388345,0.08501681528917543,0.09463462892936284,0.06465193611524306,0.13965559338108036,0.09422017775597807,0.08029905060316758,0.14259901250554138,0.1102083683909027
78,78.0,77.90217363294813,0.0960704187951357,0.09328269206399922,0.08513368850495523,0.09415993188216053,0.06623938595666531,0.13978100137472785,0.09271787261139483,0.0802145181174952,0.14268656242446415,0.10971392826900173
79,79.0,78.89541422641172,0.0968718019891597,0.09418962324794204,0.0850637566849705,0.09394059369754411,0.0659839374455532,0.14089178963964272,0.0914653910365141,0.08148038819688769,0.1418176550112579,0.10829506305052779
80,80.0,79.89037661826481,0.09648792251117536,0.0939997389181014,0.08637120967099454,0.09433277117654407,0.06448126418471233,0.14167415170017697,0.092131232797748,0.08035528644088054,0.14191973184138207,0.10824669075828451
81,81.0,80.88693900474995,0.09608574421477692,0.09538068900199609,0.08578477861408333,0.0939733569646463,0.0663684636898212,0.14156302562002335,0.09188445471317683,0.0803558903255066,0.14052857297360902,0.10807502388236008
82,82.0,81.88497576253909,0.0960028950563544,0.09539474187212117,0.08560901437765242,0.09416345573027086,0.06529055344821091,0.14128658558519375,0.09170604751592852,0.08041787839784953,0.14078691957329784,0.10934190844312033
83,83.0,82.88435908692391,0.09773386205608772,0.09463958557077473,0.08603069354052974,0.09311348141093838,0.06454217468935787,0.14116400190925094,0.09103424855977012,0.08101499458429451,0.1409173088339797,0.10980964884501603
84,84.0,83.88496048800103,0.09709982058629424,0.09479283941988775,0.08608245529347301,0.09327740246721895,0.0641574054460965,0.14217972577942023,0.09037848239851333,0.08000826013778671,0.14195904506546475,0.11006456340584424
85,85.0,84.88665214409042,0.09637220296304062,0.09511086302292819,0.08526988783483894,0.09317359649814927,0.06456263045628301,0.14390721787225566,0.08964924434591123,0.07887346053552312,0.1425788006346284,0.11050209583644126
86,86.0,85.88930811312994,0.0955975228475611,0.09613001963772051,0.08663261950775307,0.09212323788629291,0.06558467587095948,0.14249890255108655,0.08808846983699276,0.07953013840118808,0.14428377965481717,0.10953063380562814
87,87.0,86.89280540413424,0.09472760034094027,0.09633392495260217,0.08759121498460212,0.09244287008138923,0.06583461898197818,0.14268111366071587,0.08775782475172393,0.07999306299900262,0.14382649174109113,0.10881127750595426
88,88.0,87.89702491199675,0.09340518537425241,0.09646099505931051,0.08889975303047801,0.09211078482498344,0.06582082089465462,0.14418653563795936,0.0883960264250037,0.07934067762658169,0.14347682017711424,0.10790240094966178
89,89.0,88.90185221995306,0.09493293328284405,0.09539983546246869,0.089829927681678,0.09187969803238547,0.0656689469888488,0.14398720258448275,0.08759338289773272,0.07816573406157692,0.14399603389350665,0.10854630511447569
90,90.0,89.90717827491419,0.09385076754743452,0.09563709404667312,0.09040503095634221,0.09171289417057354,0.06609791488683107,0.14485986517996804,0.08867511854524161,0.07737607359803042,0.14401563645666982,0.10736960461223533
91,91.0,90.91289994163006,0.09402911394673213,0.0951341673054414,0.09002359925110834,0.09275759032046002,0.06673673924337542,0.14336696512885871,0.08830786194893048,0.07682295233866085,0.1449498635020208,0.10787114701441156
92,92.0,91.91892044225806,0.09197939886740147,0.0945887349922899,0.08985856325375115,0.09292689428796605,0.06775042544146082,0.14419866641514498,0.08839882287621761,0.07596531146430063,0.1440458173163089,0.11028736508515821
93,93.0,92.92514968840067,0.09170923900941173,0.09523823090516437,0.08938868015579916,0.09396650892515622,0.06737888499655204,0.1445604918070324,0.08663780014533018,0.075255651001852,0.14520152673220424,0.1106629863214974
94,94.0,93.93150451304501,0.09049295168288533,0.09517077123533438,0.08905603476831335,0.09436483561560513,0.06775755652675908,0.14379622768412287,0.08707136983844599,0.07557460616848322,0.1466095223383393,0.11010612414171107
95,95.0,94.93790881009448,0.09060539033954235,0.09513894619494942,0.08876243939641408,0.09430393671502943,0.06871236172120473,0.14435011769864511,0.08723386801463436,0.07352600629483894,0.14728637481485665,0.11008055880988468
96,96.0,95.94429358933806,0.0910678397294505,0.09454889812752353,0.08673190727708513,0.09461393796850318,0.06781114456608196,0.14736563757191554,0.08700398183796532,0.07367289731761394,0.1489621166708131,0.10822163893304752
97,97.0,96.9505969547639,0.09040827349886665,0.095486825818438,0.08656634993666554,0.09557546027866157,0.06683312509877275,0.14729475179259663,0.08642087323385982,0.07315120496274036,0.14909463994713065,0.10916849543226774
98,98.0,97.9567640140995,0.08910758972168044,0.09615482248198252,0.08725735068562283,0.09478701607761564,0.06512605840776299,0.14739344441439062,0.08777884722784561,0.07293082322475579,0.15006529499694501,0.10939875276139825
99,99.0,98.96274672736057,0.08841418552875066,0.09600297210759606,0.08623534645985248,0.09359185809177327,0.06514097954934789,0.1484879997127789,0.08835993747119195,0.07148933104761705,0.15158289734636077,0.11069449268473071
100,100.0,99.96850370202192,0.0874497242227342,0.09612384621224827,0.08649551907983269,0.09422346474703139,0.06518560754457946,0.14743808869892217,0.08789055260520853,0.07232900043342365,0.15165848557952494,0.11120571087649449
101,101.0,100.97399994219691,0.08561376366503981,0.09665808271843276,0.08711655241670747,0.09329368001638086,0.06523122548962021,0.14764593301540835,0.08836684998810386,0.07120410749099641,0.15309539958737847,0.11177440561193162
102,102.0,101.97920655893245,0.08510805354201803,0.09612468252712959,0.08769423474111594,0.09337281897029494,0.06573181742178082,0.1474857458900451,0.08847639756150727,0.07007060382067165,0.1544155785085816,0.11152006701685488
103,103.0,102.98410044840509,0.08354260024135712,0.09576263214314813,0.08866670522753851,0.09385527837573832,0.06528085685387579,0.14744853714226147,0.08859822426493065,0.06920923311460155,0.1547302019470774,0.11290573068947087
104,104.0,103.98866394444643,0.08350183186498915,0.0958036206883748,0.08931532260029412,0.09304689650693428,0.06510842097712194,0.14772029358087566,0.0888640424924491,0.06893243644164476,0.15507285873073887,0.11263427611657711
105,105.0,104.99288445143917,0.08553400764917019,0.09570016536502582,0.08823339820473028,0.09074802972863265,0.06466189776104408,0.1489972015389445,0.09138748015255632,0.06843792594354212,0.15491148294524965,0.11138841071110415
106,106.0,105.99675406321822,0.08832639034701004,0.09484984251475292,0.08599644222775016,0.09108417719594224,0.06486103423418348,0.14943258795066006,0.09205304194719226,0.0675088797470162,0.1541726468589939,0.11171495697649847
107,107.0,107.0002691731872,0.0873992148660354,0.09464449180979305,0.08597981353784549,0.09027820247063528,0.0672229463212874,0.14868634572384792,0.09218802664157418,0.06857905373649593,0.15270970441771883,0.11231220047476621
108,108.0,108.0034300804274,0.08728309011535607,0.09510211384281314,0.08587439378806265,0.09151850743856345,0.0668028728803183,0.14825051581568327,0.09251447558233761,0.06975968665323821,0.1503954004435406,0.11249894344008639
109,109.0,109.00624059613932,0.08833278967678554,0.09467756280928717,0.08609150950138647,0.09138529778821519,0.06717590251174399,0.147881283914105,0.09282771547158469,0.06980323914006151,0.15117915209628086,0.1106455470905493
110,110.0,110.00870765431864,0.08792723400447318,0.09443903096442255,0.08676633740548384,0.09067062553017856,0.06605505371841297,0.14760373960571063,0.09203099308349143,0.06966727606097922,0.15176220160099022,0.11307750802585713
111,111.0,111.01084093013685,0.08669639709349387,0.0944038800899057,0.08593769234620234,0.09099687828874556,0.06725858895404455,0.14859328272073288,0.09108883376770541,0.07105803237599825,0.15222533916751185,0.11174107519565933
112,112.0,112.01265246907188,0.0862085836635086,0.09491879289273421,0.08854469575970694,0.08895870242350447,0.06702955781143997,0.15014068199055036,0.09043178950167062,0.06978022942393472,0.1525623750889788,0.11142459144397107
113,113.0,113.01415632942268,0.085895452931494,0.09561696598695661,0.08946363616497355,0.08740559152381762,0.06620176530794891,0.14987468332135967,0.09018936411095901,0.06975305299786082,0.1528837541825988,0.11271573347203079
114,114.0,114.01536824044418,0.0879057299853372,0.09601959253129691,0.08929186365864841,0.08661681327448574,0.06543082639646876,0.14983601442560712,0.09040434798700663,0.0699704769818506,0.15243062731397367,0.1120937074453248
115,115.0,115.01630527795908,0.08865269338847774,0.09664825436388931,0.08988891578497787,0.087830841405335,0.0639608039237633,0.14919071727205932,0.08956207370993925,0.0707715294086944,0.15060013868362107,0.11289403205924255
116,116.0,116.0169855589429,0.09032620456863151,0.09621309169924867,0.08905083880072175,0.08889125282287126,0.06351928333322243,0.1473866408274837,0.08803781296393408,0.07087613429444485,0.15207163466992188,0.11362710601951968
117,117.0,117.01742795623892,0.09240827227519643,0.09609453989599363,0.08772942567075952,0.09018088954362569,0.06241221873721592,0.14728363775871742,0.0884781310989616,0.07163407379007507,0.15072363660113727,0.11305517462831732
118,118.0,118.01765183424293,0.09290006298208892,0.09483294373657974,0.08614301500333352,0.09004404360462115,0.06520193623002046,0.14643029782580888,0.08871330034928274,0.07135742217995976,0.15181578392152775,0.11256119416677692
119,119.0,119.01767680610413,0.0933100309590777,0.09466530420879853,0.08642016680471573,0.08947026142808434,0.06445890954791245,0.14665962413501366,0.08901796963439852,0.07109684902778804,0.15199751220318453,0.11290337205102635
120,120.0,120.01752251271817,0.0938735005131733,0.09606542226857757,0.08721979807586075,0.08954768194710054,0.06314639364490345,0.144508301406894,0.08878122026893641,0.07199187019160636,0.15285816644697606,0.11200764523597138
121,121.0,121.01720842354362,0.09402538331094566,0.09637383350133771,0.08710295683215742,0.08851850861371649,0.063091737497523,0.14608079048984712,0.09021055538669356,0.0711155240627611,0.15257556694298438,0.11090514336203332
122,122.0,122.01675365905109,0.09413555942510103,0.09611988668606687,0.0847843752598318,0.09035742715421297,0.06255287549713341,0.1464318873964431,0.09103297548232178,0.06945595249338646,0.15569775305654332,0.109431307548959
123,123.0,123.0161768344173,0.09461040796326177,0.09568646141791767,0.08607606271822367,0.09075162211866332,0.06206194829059723,0.14575762341425236,0.0915632997238349,0.06834805221695527,0.15697657484428912,0.10816794729200448
124,124.0,124.01549592390272,0.09470558299954451,0.09645965096821914,0.08596003526815177,0.09088390750417595,0.06108536564249037,0.14494278705407934,0.09181725943147684,0.06866732732392704,0.15652552216503007,0.10895256164290475
125,125.0,125.01472814520056,0.09571781363009407,0.09569082921568879,0.08551579434867071,0.09149910382745065,0.06074227102890877,0.14378498221277994,0.0934072664756591,0.06771287423574128,0.15621319728815353,0.10971586773685296
126,126.0,126.01388986291661,0.09595283619293274,0.09496355340799356,0.0848773959143065,0.09156600144489409,0.06017120030768236,0.14469570217503835,0.09302831112913974,0.06870087563254008,0.15618987137551668,0.1098542524199557
127,127.0,127.0129965102319,0.09675955029214484,0.09390265258642261,0.0854277097434728,0.09050928385488324,0.059299843417583056,0.14463626065933458,0.0931422039816037,0.06926605374892351,0.1568678682823685,0.11018857343326297
128,128.0,128.01206252771334,0.09636809123148027,0.09350363218962494,0.08667055166544108,0.09068829389080758,0.05736807086207184,0.14543849282921642,0.0923987136093321,0.06927191988090407,0.15743409162227728,0.11085814221884426
129,129.0,129.0111013181695,0.09562287320676512,0.09337343275088537,0.08689571282932584,0.09137489143405475,0.05850343733631172,0.14389890722847568,0.09226433309620502,0.06943671280334862,0.15805614233232826,0.11057355698229951
130,130.0,130.01012521639834,0.09802673500199066,0.09254237162118988,0.08578374585528753,0.09087964980602177,0.058093936594070514,0.1452208881566462,0.09318818887163467,0.06831734835131889,0.15926070158908126,0.10868643415275857
131,131.0,131.0091454726403,0.098468229262855,0.09220021871709486,0.08540640061768921,0.09062972940312902,0.05714556783827193,0.1446380889767765,0.09407672195805677,0.06796426754869868,0.15949959967584842,0.10997117600157952
132,132.0,132.0081722485317,0.09756802393131443,0.0919698458283622,0.08741694847970691,0.08880433501763392,0.05693984073965376,0.1462595750789574,0.09309325935508986,0.06930825043364804,0.1578945278659246,0.11074539326970882
133,133.0,133.00721462434865,0.09613645711888878,0.09186781899767667,0.087693961426172,0.09012792661324759,0.057188979160225445,0.14636419734233758,0.09421460750117959,0.06881513509067266,0.15696278407087982,0.11062813267871976
134,134.0,134.0062806163404,0.0953893913533355,0.09057504439879407,0.08650441295187243,0.09080872232590194,0.05778532729775229,0.1453838589805589,0.09499955914776535,0.07001608187567952,0.15770568945560248,0.11083191221273744
135,135.0,135.00537720296956,0.09493768425802204,0.09219083513313236,0.08598119346012881,0.09101714204139136,0.057520159308524985,0.14604310069711157,0.09317800420665166,0.06980099049040031,0.15640616848673827,0.11292472191789857
136,136.0,136.00451035890612,0.09409807594870843,0.09352221019417536,0.08564228946590383,0.09065457401433118,0.05756804083138432,0.14669375980382177,0.09307506393927312,0.07009314344606299,0.15646292114833496,0.11218992120800396
137,137.0,137.00368509565993,0.09432930751356737,0.09299064360512752,0.08511261807823116,0.09053790363311157,0.057554101914787034,0.14717458857508936,0.09297384974715057,0.0704428125121971,0.15599013674110046,0.11289403767963782
138,138.0,138.0029055077818,0.09333140546311641,0.09467213871948352,0.08598723479464224,0.09032615321241139,0.057701551852570414,0.14826217087826252,0.09256505236322592,0.06849854553190293,0.15365088602704233,0.11500486115734229
139,139.0,139.00217482361367,0.09461284006480389,0.0960766446051687,0.08487868276652843,0.08947025259916357,0.05555808172831474,0.149227681394505,0.09233108525962079,0.06809995647709394,0.15440921235091332,0.1153355627538876
140,140.0,140.0014954596262,0.09483957746332305,0.09691464713198596,0.08541126297605421,0.0868412463472053,0.05523469798337455,0.14837121985538182,0.09174162315231457,0.07004324795729176,0.15498669265580334,0.11561578447726538
141,141.0,141.00086907744122,0.09450120725912181,0.09783348243276942,0.08568840845856275,0.08732307828414114,0.05496607042377798,0.14826315298728643,0.09096152286779056,0.07010449143917932,0.15437813328993533,0.1159804525574352
142,142.0,142.0002966427003,0.09430284631714836,0.09687808874830312,0.0872338583329758,0.0869081364375624,0.054116401607871956,0.1479453163226209,0.09053011942855041,0.0720475771753468,0.1549992846358507,0.11503837099376954
143,143.0,142.99977848500652,0.09320519019119755,0.09488991934357538,0.08728943988778273,0.08823545401818043,0.05650095570432169,0.14847523925390949,0.09029709612601265,0.07167964435975352,0.15404509508970496,0.11538196602556162
144,144.0,143.99931435823203,0.09292621934552475,0.09553815423803297,0.08766767306658031,0.08931211944630028,0.05567528931774804,0.14840628377158394,0.09019983487086813,0.07082640286721145,0.15454132656640818,0.11490669650974195
145,145.0,144.99890350055264,0.09239485778863829,0.09661504426484532,0.08748041887674354,0.08817080094057887,0.05511935287848377,0.14925479718344611,0.08913577581784281,0.07190737130781848,0.1541258328827424,0.11579574805886043
146,146.0,145.9985446936357,0.09283900962733488,0.0964149537015025,0.0877300707446317,0.08686223950519473,0.05534825827664808,0.15073395129994743,0.08952005858257896,0.07074413636144732,0.15349358876761995,0.11631373313309451
147,147.0,146.99823632047406,0.09203662998679976,0.09552357144592974,0.08655457327889803,0.08611687651427193,0.05616545540165944,0.15223462516421268,0.08964730936116534,0.07043402883033054,0.15392214071615945,0.11736478930057315
148,148.0,147.99797642142389,0.0960932768172857,0.09475860398467947,0.08621476949160081,0.08485842443544014,0.05628563217903576,0.15323440019728518,0.0882703344371333,0.07032590193414481,0.15261909790880931,0.1173395586145855
149,149.0,148.99776274806447,0.09461375604875981,0.09548112349534695,0.08596129895666826,0.08546369151998476,0.05675700802504293,0.15278812410586257,0.08788270269486756,0.07035889525137573,0.15193499397917243,0.11875840592291899
150,150.0,149.99759281456036,0.09493481506280889,0.09310359539490876,0.086041572522379,0.08606194448238923,0.056469018708433245,0.15346113719798588,0.08908157963330555,0.07079371772780826,0.1513015333300579,0.11875108593992328
151,151.0,150.99746394626104,0.09486205572284571,0.09324444038659013,0.08550288472072343,0.08647892922468786,0.05714467069887638,0.15448105339973994,0.09058085699273365,0.06894451994218821,0.15064835542618218,0.11811223348543248
152,152.0,151.99737332532905,0.09554108731445501,0.09185231745358392,0.08454133576429089,0.08694474136268743,0.057975838363347326,0.1546303950972794,0.09149368331336835,0.06920444321727506,0.14866802796773743,0.11914813014597513
153,153.0,152.99731803323698,0.09443481486497679,0.09188343915242135,0.08496882905421069,0.08709161852828165,0.059842888978156546,0.1544998157673038,0.09080814241232608,0.06866805637553844,0.1488732638941342,0.11892913097265047
154,154.0,153.99729509002177,0.09388449314376349,0.09201437345891833,0.0850186693330348,0.08668743623822042,0.06064357652310437,0.1525969022424347,0.09258733921971436,0.06809783972077033,0.1480688197594889,0.12040055036055028
155,155.0,154.99730149022784,0.09218824702440113,0.09132015543277702,0.08588639741468908,0.08848479791587543,0.060729861774997236,0.15328915181836497,0.09385905409666565,0.06666135564716241,0.14852216755889427,0.11905881131617276
156,156.0,155.99733423551103,0.09158855493596843,0.09242587279523977,0.08689600214726628,0.08911043059732833,0.061236712694066824,0.15320991819413537,0.09351330832282125,0.06513008094713457,0.14862799978033894,0.11826111958570021
157,157.0,156.99739036391077,0.09129020871361081,0.09112290149065878,0.08724889323038679,0.0885597092566718,0.0611266982439159,0.15363984798278776,0.09264818146047646,0.06635322601992508,0.1495865281502773,0.11842380545128932
158,158.0,157.99746697583146,0.09163924106967077,0.09127397842880697,0.08994420559757219,0.0873656822123457,0.060848479613720474,0.15275301607002043,0.09270178997459079,0.06516049492044063,0.14952545789941585,0.11878765421341625
159,159.0,158.99756125680176,0.09131326805565931,0.09174627315536732,0.08902711102169601,0.08801164848223662,0.06054079344871646,0.15190002859024618,0.09157950381185079,0.06431472895383353,0.15015989493265652,0.1214067495477373
160,160.0,159.997670497107,0.0915277002903591,0.09122999493182743,0.088297999242287,0.08978873010416383,0.0613559117145855,0.15225830467835366,0.09199077948822557,0.06443470314011421,0.14979357711344518,0.11932229929663853
161,161.0,160.99779210841066,0.0917489254787013,0.09014622465789958,0.08936684089962153,0.09001949027547328,0.060361394060949834,0.15275859896231517,0.09121575544672982,0.06574971098994897,0.14947329100735524,0.11915976822100528
162,162.0,161.99792363749984,0.09168417593680803,0.09155887122834963,0.09067152466653987,0.09102395517709072,0.05947864573297517,0.15329718455942712,0.09139367831201557,0.06460800882155956,0.14765609425058032,0.11862786131465397
163,163.0,162.9980627773051,0.09206716550479961,0.09235065308204,0.08943587123513339,0.08996375581856425,0.06106143624129518,0.153162917946777,0.0917607850851322,0.06364126290942246,0.14747955910210978,0.11907659307472611
164,164.0,163.9982073753568,0.09234625841869834,0.09418835759063682,0.08918033369517459,0.08951406549251324,0.06095695220993097,0.15121828815908553,0.09211463036541691,0.06408600848314192,0.1463589752500435,0.12003613033535813
165,165.0,164.99835543984977,0.09172224436411697,0.0933589340839823,0.0894815322060987,0.089549951565252,0.061359314717392886,0.1513583374141649,0.09380274499993732,0.06426371149253339,0.14547553561603513,0.1196276935404863
166,166.0,165.99850514349492,0.09215266283274365,0.09331686671502447,0.09004307889046535,0.08785246356845641,0.06284229735680165,0.1499368150150319,0.09353393860650486,0.06470794924946435,0.14619574925260148,0.11941817851290575
167,167.0,166.99865482534062,0.09117992711717991,0.09317384120101407,0.09074437088810394,0.088502655783917,0.06378964670622587,0.14864600699761568,0.0945672724253367,0.06501503245263171,0.14587624969884994,0.11850499672912494
168,168.0,167.99880299074837,0.09042266035166095,0.09440347571468205,0.0921785852345478,0.08896645582057244,0.06296723896097854,0.14768599977976407,0.0947804395791671,0.06531838661180575,0.14688410636463242,0.11639265158218863
169,169.0,168.99894830970783,0.09078795295513054,0.09426106758948015,0.0930028272266468,0.08861204428397425,0.06279160368000111,0.14690795689318856,0.09660920344112793,0.06559806004939248,0.14575302432882664,0.1156762595522313
170,170.0,169.99908961367427,0.08914789181123933,0.09531578325348253,0.09217267221792223,0.08965800171161907,0.06160172898845074,0.14605790252923995,0.09719795191245453,0.06437799914683304,0.14746803809233075,0.1170020303364276
171,171.0,170.99922589110733,0.08927614902731354,0.09618853541487468,0.09197060544109824,0.09065418930875933,0.06148750454819061,0.14307946463902033,0.09607157900345659,0.06604228490053934,0.14822862984265078,0.1170010578740963
172,172.0,171.99935628188598,0.0893617736271071,0.09744274289002236,0.09212600449924488,0.09074571507458862,0.061896495869086486,0.14347168943558192,0.09386159807020901,0.06588926840798753,0.1475129738912385,0.1176917382349334
173,173.0,172.99948007076793,0.08932087425676119,0.09963127840038687,0.0915503250980585,0.09126187510015786,0.062320524872275705,0.14267610181845472,0.09422356012970251,0.06542137130144818,0.1474054706113124,0.11618861841144187
174,174.0,173.99959668005403,0.09008434096114938,0.09979836264603024,0.09250478051252525,0.08917701310506408,0.061595293616853695,0.1429551501165917,0.09501564159565411,0.06572404093492565,0.14736116590800347,0.11578421060320221
175,175.0,174.99970566161096,0.09009557453382644,0.09846940729521358,0.09260307245759547,0.08981158689361947,0.060388949407982846,0.14393327365865255,0.09593542584952933,0.06685308274743147,0.14583780289859707,0.11607182425755158
