,Unnamed: 0,Total_iterations,Intertwine_two,Invert_path_vertices,Insert_inside_vertex,Delete_inside_vertex,Replace_inside_vertex,Donate_between_routes,Trim_one_terminal_cb,Grow_one_terminal_cb
0,0.0,0.0,0.125,0.125,0.125,0.125,0.125,0.125,0.125,0.125
1,1.0,1.0,0.125,0.125,0.125,0.125,0.125,0.125,0.125,0.125
2,2.0,2.0,0.125,0.125,0.125,0.125,0.125,0.125,0.125,0.125
3,3.0,3.0,0.125,0.125,0.125,0.125,0.125,0.125,0.125,0.125
4,4.0,4.0,0.125,0.125,0.125,0.125,0.125,0.125,0.125,0.125
5,5.0,5.0,0.125,0.125,0.125,0.125,0.125,0.125,0.125,0.125
6,6.0,6.0,0.125,0.125,0.125,0.125,0.125,0.125,0.125,0.125
7,7.0,7.0,0.125,0.125,0.125,0.125,0.125,0.125,0.125,0.125
8,8.0,8.0,0.125,0.125,0.125,0.125,0.125,0.125,0.125,0.125
9,9.0,9.0,0.125,0.125,0.125,0.125,0.125,0.125,0.125,0.125
10,10.0,10.0,0.125,0.125,0.125,0.125,0.125,0.125,0.125,0.125
11,11.0,11.0,0.125,0.125,0.125,0.125,0.125,0.125,0.125,0.125
12,12.0,12.0,0.125,0.125,0.125,0.125,0.125,0.125,0.125,0.125
13,13.0,13.0,0.125,0.125,0.125,0.125,0.125,0.125,0.125,0.125
14,14.0,14.0,0.125,0.125,0.125,0.125,0.125,0.125,0.125,0.125
15,15.0,15.0,0.125,0.125,0.125,0.125,0.125,0.125,0.125,0.125
16,16.0,16.0,0.125,0.125,0.125,0.125,0.125,0.125,0.125,0.125
17,17.0,17.0,0.125,0.125,0.125,0.125,0.125,0.125,0.125,0.125
18,18.0,18.0,0.125,0.125,0.125,0.125,0.125,0.125,0.125,0.125
19,19.0,19.0,0.125,0.125,0.125,0.125,0.125,0.125,0.125,0.125
20,20.0,20.0,0.125,0.125,0.125,0.125,0.125,0.125,0.125,0.125
21,21.0,21.0,0.125,0.125,0.125,0.125,0.125,0.125,0.125,0.125
22,22.0,22.0,0.125,0.125,0.125,0.125,0.125,0.125,0.125,0.125
23,23.0,23.0,0.125,0.125,0.125,0.125,0.125,0.125,0.125,0.125
24,24.0,24.0,0.125,0.125,0.125,0.125,0.125,0.125,0.125,0.125
25,25.0,25.0,0.125,0.125,0.125,0.125,0.125,0.125,0.125,0.125
26,26.0,26.0,0.125,0.125,0.125,0.125,0.125,0.125,0.125,0.125
27,27.0,27.0,0.125,0.125,0.125,0.125,0.125,0.125,0.125,0.125
28,28.0,28.0,0.125,0.125,0.125,0.125,0.125,0.125,0.125,0.125
29,29.0,29.0,0.125,0.125,0.125,0.125,0.125,0.125,0.125,0.125
30,30.0,30.0,0.125,0.125,0.125,0.125,0.125,0.125,0.125,0.125
31,31.0,31.0,0.125,0.125,0.125,0.125,0.125,0.125,0.125,0.125
32,32.0,32.0,0.125,0.125,0.125,0.125,0.125,0.125,0.125,0.125
33,33.0,33.0,0.125,0.125,0.125,0.125,0.125,0.125,0.125,0.125
34,34.0,34.0,0.125,0.125,0.125,0.125,0.125,0.125,0.125,0.125
35,35.0,35.0,0.125,0.125,0.125,0.125,0.125,0.125,0.125,0.125
36,36.0,36.0,0.125,0.125,0.125,0.125,0.125,0.125,0.125,0.125
37,37.0,37.0,0.125,0.125,0.125,0.125,0.125,0.125,0.125,0.125
38,38.0,38.0,0.125,0.125,0.125,0.125,0.125,0.125,0.125,0.125
39,39.0,39.0,0.125,0.125,0.125,0.125,0.125,0.125,0.125,0.125
40,40.0,40.0,0.125,0.125,0.125,0.125,0.125,0.125,0.125,0.125
41,41.0,41.0,0.125,0.125,0.125,0.125,0.125,0.125,0.125,0.125
42,42.0,42.0,0.125,0.125,0.125,0.125,0.125,0.125,0.125,0.125
43,43.0,43.0,0.125,0.125,0.125,0.125,0.125,0.125,0.125,0.125
44,44.0,44.0,0.125,0.125,0.125,0.125,0.125,0.125,0.125,0.125
45,45.0,45.0,0.125,0.125,0.125,0.125,0.125,0.125,0.125,0.125
46,46.0,46.0,0.125,0.125,0.125,0.125,0.125,0.125,0.125,0.125
47,47.0,47.0,0.125,0.125,0.125,0.125,0.125,0.125,0.125,0.125
48,48.0,48.0,0.125,0.125,0.125,0.125,0.125,0.125,0.125,0.125
49,49.0,49.0,0.125,0.125,0.125,0.125,0.125,0.125,0.125,0.125
50,50.0,50.0,0.125,0.125,0.125,0.125,0.125,0.125,0.125,0.125
51,51.0,51.0,0.125,0.125,0.125,0.125,0.125,0.125,0.125,0.125
52,52.0,52.0,0.125,0.125,0.125,0.125,0.125,0.125,0.125,0.125
53,53.0,53.0,0.125,0.125,0.125,0.125,0.125,0.125,0.125,0.125
54,54.0,54.0,0.125,0.125,0.125,0.125,0.125,0.125,0.125,0.125
55,55.0,55.0,0.125,0.125,0.125,0.125,0.125,0.125,0.125,0.125
56,56.0,56.0,0.125,0.125,0.125,0.125,0.125,0.125,0.125,0.125
57,57.0,57.0,0.125,0.125,0.125,0.125,0.125,0.125,0.125,0.125
58,58.0,58.0,0.125,0.125,0.125,0.125,0.125,0.125,0.125,0.125
59,59.0,59.0,0.125,0.125,0.125,0.125,0.125,0.125,0.125,0.125
60,60.0,60.0,0.125,0.125,0.125,0.125,0.125,0.125,0.125,0.125
61,61.0,61.0,0.125,0.125,0.125,0.125,0.125,0.125,0.125,0.125
62,62.0,62.0,0.125,0.125,0.125,0.125,0.125,0.125,0.125,0.125
63,63.0,63.0,0.125,0.125,0.125,0.125,0.125,0.125,0.125,0.125
64,64.0,64.0,0.125,0.125,0.125,0.125,0.125,0.125,0.125,0.125
65,65.0,65.0,0.125,0.125,0.125,0.125,0.125,0.125,0.125,0.125
66,66.0,66.0,0.125,0.125,0.125,0.125,0.125,0.125,0.125,0.125
67,67.0,67.0,0.125,0.125,0.125,0.125,0.125,0.125,0.125,0.125
68,68.0,68.0,0.125,0.125,0.125,0.125,0.125,0.125,0.125,0.125
69,69.0,69.0,0.125,0.125,0.125,0.125,0.125,0.125,0.125,0.125
70,70.0,70.0,0.125,0.125,0.125,0.125,0.125,0.125,0.125,0.125
71,71.0,71.0,0.125,0.125,0.125,0.125,0.125,0.125,0.125,0.125
72,72.0,72.0,0.125,0.125,0.125,0.125,0.125,0.125,0.125,0.125
73,73.0,73.0,0.125,0.125,0.125,0.125,0.125,0.125,0.125,0.125
74,74.0,74.0,0.125,0.125,0.125,0.125,0.125,0.125,0.125,0.125
75,75.0,75.0,0.125,0.125,0.125,0.125,0.125,0.125,0.125,0.125
76,76.0,76.0,0.125,0.125,0.125,0.125,0.125,0.125,0.125,0.125
77,77.0,77.0,0.125,0.125,0.125,0.125,0.125,0.125,0.125,0.125
78,78.0,78.0,0.125,0.125,0.125,0.125,0.125,0.125,0.125,0.125
79,79.0,79.0,0.125,0.125,0.125,0.125,0.125,0.125,0.125,0.125
80,80.0,80.0,0.125,0.125,0.125,0.125,0.125,0.125,0.125,0.125
81,81.0,81.0,0.125,0.125,0.125,0.125,0.125,0.125,0.125,0.125
82,82.0,82.0,0.125,0.125,0.125,0.125,0.125,0.125,0.125,0.125
83,83.0,83.0,0.125,0.125,0.125,0.125,0.125,0.125,0.125,0.125
84,84.0,84.0,0.125,0.125,0.125,0.125,0.125,0.125,0.125,0.125
85,85.0,85.0,0.125,0.125,0.125,0.125,0.125,0.125,0.125,0.125
86,86.0,86.0,0.125,0.125,0.125,0.125,0.125,0.125,0.125,0.125
87,87.0,87.0,0.125,0.125,0.125,0.125,0.125,0.125,0.125,0.125
88,88.0,88.0,0.125,0.125,0.125,0.125,0.125,0.125,0.125,0.125
89,89.0,89.0,0.125,0.125,0.125,0.125,0.125,0.125,0.125,0.125
90,90.0,90.0,0.125,0.125,0.125,0.125,0.125,0.125,0.125,0.125
91,91.0,91.0,0.125,0.125,0.125,0.125,0.125,0.125,0.125,0.125
92,92.0,92.0,0.125,0.125,0.125,0.125,0.125,0.125,0.125,0.125
93,93.0,93.0,0.125,0.125,0.125,0.125,0.125,0.125,0.125,0.125
94,94.0,94.0,0.125,0.125,0.125,0.125,0.125,0.125,0.125,0.125
95,95.0,95.0,0.125,0.125,0.125,0.125,0.125,0.125,0.125,0.125
96,96.0,96.0,0.125,0.125,0.125,0.125,0.125,0.125,0.125,0.125
97,97.0,97.0,0.125,0.125,0.125,0.125,0.125,0.125,0.125,0.125
98,98.0,98.0,0.125,0.125,0.125,0.125,0.125,0.125,0.125,0.125
99,99.0,99.0,0.125,0.125,0.125,0.125,0.125,0.125,0.125,0.125
100,100.0,100.0,0.125,0.125,0.125,0.125,0.125,0.125,0.125,0.125
101,101.0,101.0,0.125,0.125,0.125,0.125,0.125,0.125,0.125,0.125
102,102.0,102.0,0.125,0.125,0.125,0.125,0.125,0.125,0.125,0.125
103,103.0,103.0,0.125,0.125,0.125,0.125,0.125,0.125,0.125,0.125
104,104.0,104.0,0.125,0.125,0.125,0.125,0.125,0.125,0.125,0.125
105,105.0,105.0,0.125,0.125,0.125,0.125,0.125,0.125,0.125,0.125
106,106.0,106.0,0.125,0.125,0.125,0.125,0.125,0.125,0.125,0.125
107,107.0,107.0,0.125,0.125,0.125,0.125,0.125,0.125,0.125,0.125
108,108.0,108.0,0.125,0.125,0.125,0.125,0.125,0.125,0.125,0.125
109,109.0,109.0,0.125,0.125,0.125,0.125,0.125,0.125,0.125,0.125
110,110.0,110.0,0.125,0.125,0.125,0.125,0.125,0.125,0.125,0.125
111,111.0,111.0,0.125,0.125,0.125,0.125,0.125,0.125,0.125,0.125
112,112.0,112.0,0.125,0.125,0.125,0.125,0.125,0.125,0.125,0.125
113,113.0,113.0,0.125,0.125,0.125,0.125,0.125,0.125,0.125,0.125
114,114.0,114.0,0.125,0.125,0.125,0.125,0.125,0.125,0.125,0.125
115,115.0,115.0,0.125,0.125,0.125,0.125,0.125,0.125,0.125,0.125
116,116.0,116.0,0.125,0.125,0.125,0.125,0.125,0.125,0.125,0.125
117,117.0,117.0,0.125,0.125,0.125,0.125,0.125,0.125,0.125,0.125
118,118.0,118.0,0.125,0.125,0.125,0.125,0.125,0.125,0.125,0.125
119,119.0,119.0,0.125,0.125,0.125,0.125,0.125,0.125,0.125,0.125
120,120.0,120.0,0.125,0.125,0.125,0.125,0.125,0.125,0.125,0.125
121,121.0,121.0,0.125,0.125,0.125,0.125,0.125,0.125,0.125,0.125
122,122.0,122.0,0.125,0.125,0.125,0.125,0.125,0.125,0.125,0.125
123,123.0,123.0,0.125,0.125,0.125,0.125,0.125,0.125,0.125,0.125
124,124.0,124.0,0.125,0.125,0.125,0.125,0.125,0.125,0.125,0.125
125,125.0,125.0,0.125,0.125,0.125,0.125,0.125,0.125,0.125,0.125
126,126.0,126.0,0.125,0.125,0.125,0.125,0.125,0.125,0.125,0.125
127,127.0,127.0,0.125,0.125,0.125,0.125,0.125,0.125,0.125,0.125
128,128.0,128.0,0.125,0.125,0.125,0.125,0.125,0.125,0.125,0.125
129,129.0,129.0,0.125,0.125,0.125,0.125,0.125,0.125,0.125,0.125
130,130.0,130.0,0.125,0.125,0.125,0.125,0.125,0.125,0.125,0.125
131,131.0,131.0,0.125,0.125,0.125,0.125,0.125,0.125,0.125,0.125
132,132.0,132.0,0.125,0.125,0.125,0.125,0.125,0.125,0.125,0.125
133,133.0,133.0,0.125,0.125,0.125,0.125,0.125,0.125,0.125,0.125
134,134.0,134.0,0.125,0.125,0.125,0.125,0.125,0.125,0.125,0.125
135,135.0,135.0,0.125,0.125,0.125,0.125,0.125,0.125,0.125,0.125
136,136.0,136.0,0.125,0.125,0.125,0.125,0.125,0.125,0.125,0.125
137,137.0,137.0,0.125,0.125,0.125,0.125,0.125,0.125,0.125,0.125
138,138.0,138.0,0.125,0.125,0.125,0.125,0.125,0.125,0.125,0.125
139,139.0,139.0,0.125,0.125,0.125,0.125,0.125,0.125,0.125,0.125
140,140.0,140.0,0.125,0.125,0.125,0.125,0.125,0.125,0.125,0.125
141,141.0,141.0,0.125,0.125,0.125,0.125,0.125,0.125,0.125,0.125
142,142.0,142.0,0.125,0.125,0.125,0.125,0.125,0.125,0.125,0.125
143,143.0,143.0,0.125,0.125,0.125,0.125,0.125,0.125,0.125,0.125
144,144.0,144.0,0.125,0.125,0.125,0.125,0.125,0.125,0.125,0.125
145,145.0,145.0,0.125,0.125,0.125,0.125,0.125,0.125,0.125,0.125
146,146.0,146.0,0.125,0.125,0.125,0.125,0.125,0.125,0.125,0.125
147,147.0,147.0,0.125,0.125,0.125,0.125,0.125,0.125,0.125,0.125
148,148.0,148.0,0.125,0.125,0.125,0.125,0.125,0.125,0.125,0.125
149,149.0,149.0,0.125,0.125,0.125,0.125,0.125,0.125,0.125,0.125
150,150.0,150.0,0.125,0.125,0.125,0.125,0.125,0.125,0.125,0.125
151,151.0,151.0,0.125,0.125,0.125,0.125,0.125,0.125,0.125,0.125
152,152.0,152.0,0.125,0.125,0.125,0.125,0.125,0.125,0.125,0.125
153,153.0,153.0,0.125,0.125,0.125,0.125,0.125,0.125,0.125,0.125
154,154.0,154.0,0.125,0.125,0.125,0.125,0.125,0.125,0.125,0.125
155,155.0,155.0,0.125,0.125,0.125,0.125,0.125,0.125,0.125,0.125
156,156.0,156.0,0.125,0.125,0.125,0.125,0.125,0.125,0.125,0.125
157,157.0,157.0,0.125,0.125,0.125,0.125,0.125,0.125,0.125,0.125
158,158.0,158.0,0.125,0.125,0.125,0.125,0.125,0.125,0.125,0.125
159,159.0,159.0,0.125,0.125,0.125,0.125,0.125,0.125,0.125,0.125
160,160.0,160.0,0.125,0.125,0.125,0.125,0.125,0.125,0.125,0.125
161,161.0,161.0,0.125,0.125,0.125,0.125,0.125,0.125,0.125,0.125
162,162.0,162.0,0.125,0.125,0.125,0.125,0.125,0.125,0.125,0.125
163,163.0,163.0,0.125,0.125,0.125,0.125,0.125,0.125,0.125,0.125
164,164.0,164.0,0.125,0.125,0.125,0.125,0.125,0.125,0.125,0.125
165,165.0,165.0,0.125,0.125,0.125,0.125,0.125,0.125,0.125,0.125
166,166.0,166.0,0.125,0.125,0.125,0.125,0.125,0.125,0.125,0.125
167,167.0,167.0,0.125,0.125,0.125,0.125,0.125,0.125,0.125,0.125
168,168.0,168.0,0.125,0.125,0.125,0.125,0.125,0.125,0.125,0.125
169,169.0,169.0,0.125,0.125,0.125,0.125,0.125,0.125,0.125,0.125
170,170.0,170.0,0.125,0.125,0.125,0.125,0.125,0.125,0.125,0.125
171,171.0,171.0,0.125,0.125,0.125,0.125,0.125,0.125,0.125,0.125
172,172.0,172.0,0.125,0.125,0.125,0.125,0.125,0.125,0.125,0.125
173,173.0,173.0,0.125,0.125,0.125,0.125,0.125,0.125,0.125,0.125
174,174.0,174.0,0.125,0.125,0.125,0.125,0.125,0.125,0.125,0.125
175,175.0,175.0,0.125,0.125,0.125,0.125,0.125,0.125,0.125,0.125
176,176.0,176.0,0.125,0.125,0.125,0.125,0.125,0.125,0.125,0.125
177,177.0,177.0,0.125,0.125,0.125,0.125,0.125,0.125,0.125,0.125
178,178.0,178.0,0.125,0.125,0.125,0.125,0.125,0.125,0.125,0.125
179,179.0,179.0,0.125,0.125,0.125,0.125,0.125,0.125,0.125,0.125
180,180.0,180.0,0.125,0.125,0.125,0.125,0.125,0.125,0.125,0.125
181,181.0,181.0,0.125,0.125,0.125,0.125,0.125,0.125,0.125,0.125
182,182.0,182.0,0.125,0.125,0.125,0.125,0.125,0.125,0.125,0.125
183,183.0,183.0,0.125,0.125,0.125,0.125,0.125,0.125,0.125,0.125
184,184.0,184.0,0.125,0.125,0.125,0.125,0.125,0.125,0.125,0.125
185,185.0,185.0,0.125,0.125,0.125,0.125,0.125,0.125,0.125,0.125
186,186.0,186.0,0.125,0.125,0.125,0.125,0.125,0.125,0.125,0.125
187,187.0,187.0,0.125,0.125,0.125,0.125,0.125,0.125,0.125,0.125
188,188.0,188.0,0.125,0.125,0.125,0.125,0.125,0.125,0.125,0.125
189,189.0,189.0,0.125,0.125,0.125,0.125,0.125,0.125,0.125,0.125
190,190.0,190.0,0.125,0.125,0.125,0.125,0.125,0.125,0.125,0.125
191,191.0,191.0,0.125,0.125,0.125,0.125,0.125,0.125,0.125,0.125
192,192.0,192.0,0.125,0.125,0.125,0.125,0.125,0.125,0.125,0.125
193,193.0,193.0,0.125,0.125,0.125,0.125,0.125,0.125,0.125,0.125
194,194.0,194.0,0.125,0.125,0.125,0.125,0.125,0.125,0.125,0.125
195,195.0,195.0,0.125,0.125,0.125,0.125,0.125,0.125,0.125,0.125
196,196.0,196.0,0.125,0.125,0.125,0.125,0.125,0.125,0.125,0.125
197,197.0,197.0,0.125,0.125,0.125,0.125,0.125,0.125,0.125,0.125
198,198.0,198.0,0.125,0.125,0.125,0.125,0.125,0.125,0.125,0.125
199,199.0,199.0,0.125,0.125,0.125,0.125,0.125,0.125,0.125,0.125
200,200.0,200.0,0.12083333333333335,0.12083333333333335,0.12083333333333335,0.13194444444444448,0.12083333333333335,0.12083333333333335,0.14305555555555557,0.12083333333333335
201,201.0,201.0,0.11861111111111111,0.11861111111111111,0.11861111111111111,0.1286111111111111,0.11861111111111111,0.1286111111111111,0.14972222222222223,0.11861111111111111
202,202.0,202.0,0.12179653679653679,0.10794372294372293,0.10794372294372293,0.12655844155844156,0.10794372294372293,0.11703463203463202,0.20283549783549787,0.10794372294372293
203,203.0,203.0,0.1195238095238095,0.1064285714285714,0.1064285714285714,0.12428571428571426,0.12309523809523808,0.11476190476190473,0.19904761904761906,0.1064285714285714
204,204.0,204.0,0.11625874125874125,0.10402097902097902,0.10402097902097902,0.12534965034965034,0.12709790209790206,0.1117132867132867,0.1998251748251748,0.11171328671328669
205,205.0,205.0,0.11345755693581779,0.10910973084886126,0.10196687370600413,0.12215320910973082,0.12339544513457554,0.1162525879917184,0.20455486542443063,0.10910973084886126
206,206.0,206.0,0.11245421245421243,0.10828754578754578,0.10114468864468865,0.12078754578754577,0.12257326007326005,0.11543040293040292,0.21103479853479853,0.10828754578754578
207,207.0,207.0,0.1110952380952381,0.10661904761904761,0.09995238095238095,0.1190952380952381,0.12090476190476189,0.11423809523809522,0.22147619047619047,0.10661904761904761
208,208.0,208.0,0.1103113553113553,0.10598901098901096,0.0993223443223443,0.12184981684981684,0.12027472527472524,0.11360805860805859,0.22265567765567768,0.10598901098901096
209,209.0,209.0,0.11070868945868943,0.10597934472934471,0.09931267806267804,0.12181980056980055,0.10597934472934471,0.11469729344729343,0.23552350427350427,0.10597934472934471
210,210.0,210.0,0.11700770906653257,0.09894503100385452,0.09894503100385452,0.12145215351097702,0.10561169767052118,0.1143296463884699,0.23809703368526897,0.10561169767052118
211,211.0,211.0,0.10848206804089155,0.09852836433718785,0.09852836433718785,0.12103548684431036,0.11102836433718785,0.11391297972180323,0.23601370035193564,0.11247067202949554
212,212.0,212.0,0.10621693121693121,0.10340608465608465,0.0962632275132275,0.11822089947089946,0.1087632275132275,0.11054894179894177,0.23581349206349206,0.12076719576719575
213,213.0,213.0,0.10436507936507936,0.10121031746031743,0.09454365079365076,0.1221626984126984,0.10704365079365079,0.10787698412698413,0.23533730158730157,0.12746031746031747
214,214.0,214.0,0.10250061870978384,0.09905234284771489,0.09280234284771488,0.12254372215805971,0.10530234284771489,0.10530234284771489,0.23367121762085463,0.13882507012044215
215,215.0,215.0,0.10124999999999999,0.09791666666666667,0.09166666666666666,0.12083333333333332,0.10416666666666666,0.10416666666666666,0.23625,0.14375000000000002
216,216.0,216.0,0.10098915869077159,0.09734668557249201,0.09109668557249201,0.1244876225924613,0.09776335223915868,0.09734668557249201,0.2359949190594352,0.15497489070069714
217,217.0,217.0,0.10020344851227203,0.09629413478678184,0.09041178184560536,0.12234694227341285,0.09707844851227203,0.09941913478678184,0.23063125599890305,0.1636148532839709
218,218.0,218.0,0.09968725718725716,0.09554584304584304,0.08999028749028747,0.1238286713286713,0.09665695415695413,0.09857614607614607,0.22827311577311576,0.1674417249417249
219,219.0,219.0,0.09921660640700887,0.09487192116449081,0.08960876326975395,0.12232759242821159,0.09627542993642062,0.09781309763507905,0.23428837674193712,0.16559821241709782
220,220.0,220.0,0.09885091072162008,0.0945902590925474,0.08932710119781055,0.12134410021709789,0.09599376786447722,0.09744740194969026,0.23732753707010001,0.1651189218866564
221,221.0,221.0,0.09812030075187968,0.093859649122807,0.08859649122807015,0.12757518796992479,0.09526315789473681,0.09671679197994985,0.23840852130325815,0.1614598997493734
222,222.0,222.0,0.09748538011695904,0.09330409356725143,0.08804093567251459,0.12606725146198827,0.09470760233918127,0.09608187134502921,0.23912280701754388,0.16519005847953214
223,223.0,223.0,0.09592982456140349,0.09174853801169588,0.08648538011695904,0.1283450292397661,0.09315204678362571,0.08926315789473682,0.24049707602339182,0.17457894736842103
224,224.0,224.0,0.09481871345029239,0.09063742690058477,0.08537426900584792,0.12723391812865495,0.0920409356725146,0.0881520467836257,0.23938596491228065,0.18235672514619883
225,225.0,225.0,0.09390962254120147,0.08972833599149387,0.08446517809675702,0.12632482721956406,0.08446517809675702,0.0872429558745348,0.2451435406698564,0.18872036150983518
226,226.0,226.0,0.09277229290387182,0.08908274809590597,0.08381959020116912,0.11825442989916671,0.08381959020116912,0.08652229290387183,0.25155812833444413,0.19417092746040115
227,227.0,227.0,0.09173001949317736,0.0881115984405458,0.08284844054580895,0.11657163742690058,0.08548001949317736,0.08548001949317736,0.25066033138401556,0.1991179337231969
228,228.0,228.0,0.09021874696797294,0.08703544935743077,0.08177229146269391,0.11509063004419043,0.08433639402679648,0.08433639402679648,0.2544077514046554,0.20280234270946346
229,229.0,229.0,0.0899582667074927,0.08683907166105308,0.08157591376631623,0.11424508669864705,0.08407591376631623,0.08407591376631623,0.2567561437530477,0.2024736898808106
230,230.0,230.0,0.09028333821721739,0.08821196088579702,0.08196196088579702,0.12224265895139837,0.08440098527604092,0.08440098527604092,0.24374398235712738,0.20475412815058092
231,231.0,231.0,0.08903100983983335,0.08734450190332542,0.08109450190332543,0.12079688285570636,0.0834754542842778,0.0834754542842778,0.2483960892049127,0.20638610572434102
232,232.0,232.0,0.08790114827964748,0.08656240898956181,0.08031240898956181,0.12179309166022949,0.08263799038491065,0.08263799038491065,0.25033649395817237,0.2078184673530056
233,233.0,233.0,0.08687592013249908,0.0858531928597718,0.0796031928597718,0.12051228376886272,0.08187592013249907,0.08187592013249907,0.2493191019506809,0.21408446816341553
234,234.0,234.0,0.086680213061792,0.08570799083956977,0.07945799083956977,0.11982415245573139,0.08168021306179199,0.08168021306179199,0.25112465750623647,0.21384456917351652
235,235.0,235.0,0.08649446814458928,0.08774446814458928,0.07932055510111101,0.1191702993466353,0.08149446814458927,0.08149446814458927,0.2556632660985535,0.20861800687534302
236,236.0,236.0,0.09034048398410098,0.08706667446029145,0.07868901488582337,0.12017457719585378,0.08081667446029146,0.08081667446029146,0.25232629958693786,0.20976960096640945
237,237.0,237.0,0.08789613164613161,0.08960067710067707,0.08148379398379396,0.11769411144411143,0.08991633366633364,0.07880522255522253,0.24995421245421245,0.20464951714951715
238,238.0,238.0,0.08781109763252617,0.08951564308707163,0.08144127697699124,0.11731145838288695,0.08983129965272821,0.07872018854161708,0.25076203558346416,0.20460700014271443
239,239.0,239.0,0.08626550101550098,0.08797004647004644,0.07993649668649667,0.11732999732999731,0.09939681414681414,0.0771745919245919,0.24889940764940768,0.20302714477714479
240,240.0,240.0,0.0839607734738246,0.0879641695030827,0.08111926069316375,0.11653008110118175,0.09824151189249404,0.07831814024498449,0.2485778527754347,0.2052882103158339
241,241.0,241.0,0.0832249969337675,0.08742602142152364,0.08081644846075128,0.11571524219575191,0.09790099226943302,0.07797762062192344,0.25221838485519144,0.20472029324165755
242,242.0,242.0,0.0813954218809456,0.09224312303037091,0.08053490200611214,0.1149426459104403,0.09758316134454713,0.07765978969703756,0.2514474713279203,0.20419348480262597
243,243.0,243.0,0.08066007186129136,0.0914555264067459,0.08011557931679883,0.11409115094480948,0.0982913849926045,0.07720552640674591,0.2546473018851068,0.20353345818589724
244,244.0,244.0,0.08031438287056264,0.08480876489303454,0.0800601801444498,0.11312518006338228,0.08710397280621997,0.0782400527063448,0.2579842036864509,0.21836326282955495
245,245.0,245.0,0.07850690007666747,0.08295134452111193,0.0782352273049947,0.11979115200045429,0.08525903682880423,0.07637014793991534,0.2586062129085385,0.2202799784195133
246,246.0,246.0,0.07654060121165383,0.0911260157970684,0.0765363169968433,0.1158916984574879,0.08354100821206083,0.07462769929875192,0.26002977285872014,0.22170688716741344
247,247.0,247.0,0.07566512763774427,0.0938219707945874,0.07595564172136178,0.1207898856833948,0.08293008490270151,0.0740167759893926,0.258818258032254,0.2180022552385635
248,248.0,248.0,0.07518891497732708,0.09322260542481063,0.07575495715646101,0.12020035599303416,0.08270017766100356,0.07378686874769465,0.2615160112541095,0.21763010878555922
249,249.0,249.0,0.07452488653051856,0.09244363444926645,0.07846594547157748,0.11941946837754094,0.08226603427166627,0.07225382425945627,0.2616151367058751,0.21901106993409872
250,250.0,250.0,0.07496701364033462,0.1011115680106954,0.07904292186748554,0.1178279961562616,0.08292321514492319,0.07291100513271319,0.26500122475796717,0.20621505528961898
251,251.0,251.0,0.0747760579432589,0.10086088942780984,0.08337608344370513,0.11730209254002075,0.08269642571636157,0.07375922764872872,0.26582637708915,0.2014028461909648
252,252.0,252.0,0.07468403833971854,0.1007688698242695,0.08330966547866965,0.11689802553687542,0.08260440611282124,0.07366720804518838,0.2667721747630583,0.2012956118993987
253,253.0,253.0,0.07444719419494601,0.09219869234616365,0.09101089775023441,0.1165827500195539,0.0823675619680487,0.07343036390041585,0.2669667031673054,0.2029958366533319
254,254.0,254.0,0.07349380010670328,0.09118685973524679,0.08900740836224703,0.11876805989709209,0.08137910476620151,0.072418531289499,0.2674449206707271,0.20630131517228287
255,255.0,255.0,0.070760165238437,0.08988252485281786,0.09924002846032147,0.1176385250972766,0.0804000672985518,0.07141661576190879,0.2699300936473758,0.2007319796433104
256,256.0,256.0,0.06969941547244175,0.09631674003384529,0.09766174919135442,0.11473352853287062,0.07928092132039498,0.07027507336717861,0.270759966154703,0.2012726059272112
257,257.0,257.0,0.06815268065268061,0.09634469696969691,0.09520250582750578,0.11168074980574978,0.0778666472416472,0.06883886946386941,0.26963286713286705,0.2122809829059829
258,258.0,258.0,0.06719416221538717,0.09403202013268716,0.09427941979185155,0.1094036826996196,0.07703085540562796,0.06798159996461994,0.279213154442081,0.21086510534812533
259,259.0,259.0,0.07307859504300654,0.09210672391264949,0.09358121956624961,0.10746430286284592,0.07639407459175274,0.06734481915074471,0.28028684493377437,0.20974341993897633
260,260.0,260.0,0.07278830269289478,0.09163575232566885,0.09337029229550294,0.10697338874295648,0.07624056332223243,0.0671913078812244,0.2822187830258029,0.20958160971371692
261,261.0,261.0,0.07156598111891081,0.08982530106189276,0.0922123620359103,0.1051963468476281,0.08181374569208999,0.06651449025108198,0.2827953831356511,0.21007638985683466
262,262.0,262.0,0.07043511399244115,0.08816383543218365,0.09112344032677307,0.1093858246677772,0.08080442214254151,0.06587281376035703,0.28200606040442605,0.21220848927350017
263,263.0,263.0,0.06942768877447152,0.08669466006206136,0.09358910661168034,0.11029988645079292,0.07890102185605205,0.06532713869453999,0.2865745739625938,0.2091859235878077
264,264.0,264.0,0.07103910598186491,0.08533287612149972,0.09300442568506381,0.11402450175075629,0.07811960484807808,0.06480656033202603,0.28433421436171386,0.2093387109189971
265,265.0,265.0,0.07114996977731877,0.08647687330243596,0.09243876181884421,0.11713236999205241,0.07736255943202455,0.06428175135121646,0.2826500387844522,0.20850767554165522
266,266.0,266.0,0.07527557808045608,0.08558291979023683,0.09158079048322947,0.1152968711505297,0.06559559004680952,0.06386398831520779,0.2824936648717136,0.22031059726181676
267,267.0,267.0,0.07501848845598842,0.08520968614718612,0.09143984487734487,0.11504825036075032,0.06551271645021642,0.06378111471861467,0.28381177849927847,0.2201781204906205
268,268.0,268.0,0.07364282906573441,0.08370425891053476,0.09017492745829794,0.11348962628112036,0.07428414414158277,0.06255254240998105,0.2843422857097594,0.21780938602298905
269,269.0,269.0,0.07341290091290087,0.08335011085011082,0.08671737421737417,0.11312743562743559,0.07646699396699393,0.06246266496266493,0.28339116589116586,0.22107135357135355
270,270.0,270.0,0.06877631150211791,0.08359449332029974,0.08638302378624958,0.10902883675464317,0.07667530140110783,0.06248338220918863,0.2905742913000977,0.22248435972629518
271,271.0,271.0,0.0680667262495838,0.08253265061253331,0.0860081521292986,0.11219451272854346,0.0760447906464125,0.0621392758713325,0.2911394181557399,0.22187447360655557
272,272.0,272.0,0.06740977468752103,0.08154965372101708,0.0856601577217064,0.11651927664433212,0.07676195914608848,0.061820446757767565,0.2889663470263212,0.22131238429524594
273,273.0,273.0,0.06679924991636069,0.08498402407939569,0.08533591389131359,0.1160165483184417,0.06620678682389758,0.06152387915185949,0.29834138531719173,0.22079221250153927
274,274.0,274.0,0.06692437506202595,0.0866863842001653,0.08572723247087417,0.11017665698745438,0.06638448898868601,0.061941486240981634,0.3018503396941389,0.22030903635567345
275,275.0,275.0,0.0661874511607129,0.08560030418070878,0.08515697523622778,0.11200433988803482,0.0656159195177527,0.06135540622152513,0.29983045855573237,0.22424914523930534
276,276.0,276.0,0.06586432675425516,0.0849540553677933,0.08294688065708558,0.11058838547208041,0.06526193091376409,0.0611706958701481,0.3052877041320256,0.2239260208328476
277,277.0,277.0,0.0658297092328061,0.08490438214023159,0.08291226313563652,0.11032946973738315,0.06519720198008978,0.061121022642586384,0.3058732332658772,0.22383271786538916
278,278.0,278.0,0.06347027382817141,0.08632698618574437,0.08273609419998258,0.11264115378456248,0.06484919706595868,0.060930160788918976,0.30558911298494706,0.22345702116171431
279,279.0,279.0,0.06331497009960005,0.08595325773788771,0.08266242312447245,0.1122725411159946,0.06724785103248099,0.06084214662677658,0.30437899516362515,0.2233278150991623
280,280.0,280.0,0.0620470581846293,0.08467134022067604,0.0813945112095017,0.11046971613669902,0.07501081338367861,0.05956022910956493,0.30280839706361523,0.22403793469163488
281,281.0,281.0,0.06175128416986906,0.08409733605080465,0.08123101232701657,0.11020769651857028,0.07465645583758662,0.05938305033651894,0.3049836356617065,0.22368952909792728
282,282.0,282.0,0.05972083058456803,0.08405351705518553,0.08120055874171557,0.11196559348450337,0.077016944432406,0.05933923134089982,0.3030955133730439,0.2236078109876775
283,283.0,283.0,0.059333351534550306,0.08343074388752074,0.07762648892635944,0.11311811966489331,0.07659616534908824,0.0589909679771566,0.3018371796874656,0.22906698297296554
284,284.0,284.0,0.05861837683995037,0.0822301577793175,0.08187076142854186,0.11095937063445793,0.07579648705603528,0.05842379173157215,0.2994176296931644,0.2326834248369604
285,285.0,285.0,0.05752975616885407,0.08068117709852392,0.08093336775642794,0.10988020843371171,0.07720090586809367,0.057473629928712563,0.2978991526458136,0.2384018020998623
286,286.0,286.0,0.054158244665622135,0.07709461183185111,0.07766938313491642,0.11570971246214046,0.0730499776445848,0.05420964530720107,0.30735519988411897,0.24075322506956484
287,287.0,287.0,0.053344097451729654,0.08613706525171994,0.0777539699866022,0.12109815384188498,0.07210491256685417,0.05353124514589982,0.30696479965509155,0.22906575610021757
288,288.0,288.0,0.0527858739901856,0.08490063111196519,0.07627703560634722,0.12221302334347209,0.07151730326928307,0.053006691718025786,0.30556422180432263,0.23373521915639825
289,289.0,289.0,0.051362893642305375,0.08034016636957811,0.07467580213903739,0.12027252567693743,0.06946624862066035,0.05157122697563872,0.31411647992530345,0.238194656650539
290,290.0,290.0,0.04964300405476872,0.0782238676356323,0.07267691458867927,0.12016640222522572,0.06709862033391442,0.04996629187805654,0.3181686450804097,0.24405625420331303
291,291.0,291.0,0.04900739445693691,0.07054342374973023,0.06559610330570767,0.11832990718344152,0.06629874608659818,0.04943919258357956,0.33243201943712514,0.24835321319688056
292,292.0,292.0,0.04807995911274913,0.06925474527085008,0.06458532115034504,0.1258395125157711,0.0652137954901895,0.04861435118218013,0.3290201010373182,0.2493922142405965
293,293.0,293.0,0.047421616252794965,0.06825089716141233,0.06403556604655317,0.1273472315918105,0.06440420812900385,0.04805315704841798,0.32551341466554545,0.2549739091044615
294,294.0,294.0,0.04704331151047326,0.06754175253523008,0.06342927539643714,0.12457221699438274,0.057213832550302414,0.0477669777604553,0.33272016886820166,0.2597124643845171
295,295.0,295.0,0.04609110577779685,0.06641464746404346,0.06236214455746375,0.12228707633852151,0.06285946504615612,0.04683112951986977,0.3368058823575433,0.256348548938605
296,296.0,296.0,0.04513954386684242,0.06929370050254213,0.0612703570163313,0.13146121378707623,0.06142386111765452,0.04589526981378886,0.33525498686240723,0.2502610670333571
297,297.0,297.0,0.04418320148789725,0.06802990213872162,0.05970957964585437,0.1329568164431572,0.06044362958438543,0.044964529073348546,0.3380729483518827,0.25163939327475265
298,298.0,298.0,0.04349531741637659,0.06601983056588974,0.058352427585986764,0.13908251346260572,0.0597323701037951,0.044301446589129476,0.34395653800729453,0.2450595562689219
299,299.0,299.0,0.042755436930521834,0.06513571931080421,0.0571407333746418,0.13913930744053216,0.05892753287085485,0.04357508489302694,0.34700563741083135,0.2463205477687866
300,300.0,300.0,0.04208308831062359,0.06432351055104582,0.05604294617292047,0.14432321120864122,0.05819155922172607,0.042915739143274415,0.34792755805753234,0.24419238733423584
301,301.0,301.0,0.04177896853488998,0.06112380280509738,0.055437946372972294,0.14484422455293638,0.05750335525927671,0.04254905748408341,0.34883124702105883,0.24793139796968475
302,302.0,302.0,0.041393021976557406,0.06053108670285744,0.055149023967853525,0.14276481302603192,0.0570959310377139,0.042260135078964645,0.3536331230559551,0.24717286515406584
303,303.0,303.0,0.04117320989215397,0.06018339738060231,0.054950524756425354,0.14166602613341744,0.05685507960973796,0.04206163586753647,0.3565006527661807,0.2466094735939456
304,304.0,304.0,0.04084449600828908,0.059607307184893356,0.05451936209694828,0.14026885176023104,0.05650575141954448,0.04175362591741899,0.35905992322371627,0.2474406823889582
305,305.0,305.0,0.041285166862893255,0.05840386046046009,0.053164362782118835,0.139605576707177,0.05515012249089777,0.040805966792143905,0.36507141526218834,0.2465135286421206
306,306.0,306.0,0.041012107978057405,0.06042809887292154,0.05262814600254614,0.14171265668971297,0.05485726162586391,0.040532907907308055,0.3641970015050232,0.24463181941856668
307,307.0,307.0,0.04036714390099986,0.05957779883746126,0.051985902429775355,0.13706141912099168,0.05388564827244541,0.0399981912162577,0.3681344171048056,0.24898947911726302
308,308.0,308.0,0.039922612564455354,0.05893733167335254,0.05154609277526433,0.13736214966243776,0.05340150210978517,0.039649287023260565,0.3695806461652926,0.24960037802615154
309,309.0,309.0,0.039818580269889076,0.058738602409089305,0.05134736351100109,0.13994831753986778,0.053278799165480284,0.03954525472869429,0.36965398504324315,0.2476690973327349
310,310.0,310.0,0.04027585175657232,0.055728337313812125,0.0522710639935251,0.14212369684250392,0.05371775563384851,0.04000252621537753,0.36875632233862976,0.24712444590573054
311,311.0,311.0,0.0395835429317358,0.06020520868498051,0.0513034497832216,0.14357947775616783,0.04747043346387199,0.03941134327933814,0.37539330386471326,0.24305324023597064
312,312.0,312.0,0.043315524374017186,0.05862450636335862,0.05012325323052654,0.14681017971456473,0.0465361326831792,0.03857366970074499,0.37380519509692656,0.24221153883668195
313,313.0,313.0,0.04309384148468945,0.058333188829299956,0.047614318482701756,0.1477540744730958,0.04635147508363544,0.03845298354661789,0.37620100434568454,0.24219911375427494
314,314.0,314.0,0.042161973020138716,0.056885205833354546,0.04647395042209913,0.15187054164416444,0.04544817489312877,0.03767038811828134,0.37469403873186635,0.24479572733696647
315,315.0,315.0,0.041592157842157806,0.056082320457320436,0.04577096514596511,0.14968947718947717,0.0449584443334443,0.04178744866244864,0.375904304029304,0.24421488233988234
316,316.0,316.0,0.04120976042524466,0.05580130550398431,0.04558732117607592,0.14806070488584472,0.04465019082770037,0.04159464718340194,0.3793341665773222,0.2437619034204257
317,317.0,317.0,0.04065683570478965,0.05014526465293726,0.045026217033889634,0.1458376619118307,0.04420195072049289,0.04103354304121565,0.38594348000677925,0.24715504692806484
318,318.0,318.0,0.04007286660678988,0.04940427593819921,0.04437782091174418,0.14323092563505538,0.043717076652179866,0.04044924948317275,0.3920542019435825,0.24669358282927606
319,319.0,319.0,0.03974159598842859,0.048909480713577355,0.04397335992379804,0.14557135995295284,0.04340039190653131,0.04004478849522661,0.3928081653328346,0.24555085768665058
320,320.0,320.0,0.039190748221347924,0.048206961507620175,0.04335899822592195,0.14433759078877945,0.04373323966273931,0.03943042679735052,0.39126295395994914,0.25047908083629133
321,321.0,321.0,0.03898765680111006,0.047905746186066925,0.04305778290436871,0.14637200257131386,0.043642193060428616,0.039157222680279075,0.3914561072350799,0.24942128856135262
322,322.0,322.0,0.039840584261699105,0.04743541007081063,0.04261813432330233,0.144707876005983,0.04325547076258023,0.038772945084816234,0.3943944981214765,0.2489750813693318
323,323.0,323.0,0.03944457304487975,0.046868075656924385,0.042081979400239895,0.14608620776695774,0.042826517897412826,0.03835061989413147,0.3947971195292721,0.2495449068101816
324,324.0,324.0,0.03890824924468178,0.046249958303217105,0.0414954363393928,0.14452994083289242,0.04233836411501087,0.04120598722641429,0.3934454422229469,0.25182662171544357
325,325.0,325.0,0.038501208887258706,0.04582144270916107,0.044372919658858256,0.14464917365918475,0.04202513058562259,0.04075013721254641,0.3931862525221159,0.25069373476525214
326,326.0,326.0,0.039249638564763545,0.04541398722228499,0.04394302762632539,0.14790574969568335,0.042559830265048115,0.040320245180013536,0.39098272937413653,0.24962479207174426
327,327.0,327.0,0.03876293162541512,0.0448668611811346,0.04332950422120802,0.1486398059352028,0.042115814843837834,0.039810401939243664,0.39244299752709655,0.2500316827268611
328,328.0,328.0,0.038460712538537056,0.04456340614123066,0.04305470207933512,0.14776449649472742,0.04188138243007964,0.0396347073890025,0.39345924816598377,0.25118134476110354
329,329.0,329.0,0.03805852956820487,0.044104027191894754,0.04257945664354447,0.14743547220587533,0.04158901511834359,0.03920996700371691,0.39595413955972747,0.25106939270869244
330,330.0,330.0,0.040058375548087215,0.04371748214197641,0.042136219202017815,0.14855104630186003,0.04126943279407819,0.038811055803325015,0.3947712053440372,0.2506851828646179
331,331.0,331.0,0.04199423493226574,0.04340983353953641,0.04185617981998408,0.1471337530522334,0.04099468656545157,0.03862184260683796,0.3943354383080909,0.25165403117559976
332,332.0,332.0,0.041612871867671736,0.04320584184671464,0.041680005980453246,0.14613929119801747,0.04077682566207268,0.03848648509383772,0.39625641308326426,0.25184226526796805
333,333.0,333.0,0.04102251337687669,0.04273876950693509,0.04128012289039374,0.1463267201336493,0.04038277515593948,0.03813285547278839,0.39796391170789563,0.2521523317555213
334,334.0,334.0,0.04283657681541892,0.04458013820571944,0.04110394772952895,0.14503799654967986,0.04021171273635813,0.03800100655305837,0.39764671509998173,0.25058190631025434
335,335.0,335.0,0.04228860321343611,0.0463614216270019,0.04082200456603405,0.1446157110663835,0.039891708336876525,0.03771906338956346,0.3961723918157281,0.2521290959849761
336,336.0,336.0,0.041991443689451555,0.046080183467719735,0.040603884437469324,0.1434066563425202,0.03763662750003692,0.03750094326099874,0.3971105733154706,0.2556696879863327
337,337.0,337.0,0.0415519425401014,0.04579926268027869,0.04036728989116305,0.1438046201951855,0.03737443131522579,0.03726434871469246,0.39687820031593907,0.2569599043474139
338,338.0,338.0,0.04128665029266631,0.04554846486698088,0.040178334996851015,0.14268825540917784,0.03715036768044786,0.037075393820380435,0.39781272511653526,0.25825980781696023
339,339.0,339.0,0.041199357683314855,0.0454852107191679,0.04007586516276352,0.14214423203059562,0.03706307507109642,0.03701213967256745,0.398440270365404,0.2585798492950899
340,340.0,340.0,0.04110825609620206,0.04440731814526411,0.03997036620831217,0.13923181862068068,0.03776454901575438,0.03694434810876467,0.3978672934265991,0.2627060503784226
341,341.0,341.0,0.04082368701946177,0.044145363270242495,0.03972263191354887,0.13828180829640957,0.03752038397941812,0.036732898284248104,0.39864267463143677,0.2641305526052341
342,342.0,342.0,0.038504774456981805,0.04393173311923459,0.03955850671303602,0.13740566544152039,0.037324408710667535,0.03656877308373525,0.40159313303590427,0.26511300543891997
343,343.0,343.0,0.038110686856231285,0.043643992405064794,0.03936181727086016,0.14129177092502482,0.03709669954247817,0.03637208364155939,0.4016741945994256,0.2624487547593556
344,344.0,344.0,0.03769902033017018,0.043334662465812315,0.03910595490943485,0.14014880813961195,0.0368455554778288,0.03615116188111242,0.4030762724195586,0.2636385643764706
345,345.0,345.0,0.03757256441463084,0.043574615790025216,0.0396659876534559,0.14458727311813616,0.03687408792059021,0.0367448646588035,0.4068499443524344,0.25413066209192375
346,346.0,346.0,0.037187107800053756,0.04318943880238476,0.03922382108676705,0.1427371327509948,0.03660175347795884,0.03630269809211465,0.410176026360332,0.2545820216293938
347,347.0,347.0,0.03672263257752677,0.04264239782222127,0.038712242569725754,0.14184720556781957,0.03628276170280208,0.03583363658187607,0.4122019909235256,0.2557571322545027
348,348.0,348.0,0.036407904879678335,0.0423320293752314,0.03839770474009815,0.14165737704691295,0.036108794711752094,0.03551909875224847,0.4142414005958545,0.25533568989822386
349,349.0,349.0,0.03601579634690573,0.04194591384845181,0.03800997810343729,0.14267437553364912,0.03585296342864062,0.03513137211558761,0.4146337478679927,0.2557358527553349
350,350.0,350.0,0.035844753934203645,0.041792415295398844,0.03994056344354699,0.1407562921282369,0.035716535069244174,0.035021141129166704,0.414497428816133,0.2564308701840695
351,351.0,351.0,0.03602579349516359,0.04190891037828047,0.04005705852642862,0.13819938611224197,0.03723916389748998,0.035554666181931024,0.412851038840685,0.25816398256777895
352,352.0,352.0,0.035776729250416694,0.04174236492193471,0.0371876764910995,0.14070889729849356,0.03712148118320718,0.037581642690019255,0.41221420402468134,0.25766700414014754
353,353.0,353.0,0.03546008612532566,0.04142919215439171,0.03694753346220671,0.14320731161383835,0.03819800693961086,0.03737920705177504,0.41042919195314864,0.2569494706997028
354,354.0,354.0,0.03515454751754158,0.041127403458679886,0.03671694284132272,0.14325102954270777,0.03800014968141007,0.03718490090113778,0.4104289809674236,0.2581360450897764
355,355.0,355.0,0.034923589463581046,0.040900441655122494,0.03655942250478131,0.14635288222901494,0.037873602591250714,0.037062321165574716,0.407634891366063,0.25869284902461154
