Total_iterations,Unnamed: 0.1,Intertwine_two,Invert_path_vertices,Insert_inside_vertex,Delete_inside_vertex,Replace_inside_vertex,Donate_between_routes,Trim_one_terminal_cb,Grow_one_terminal_cb
0,0.0,0.125,0.125,0.125,0.125,0.125,0.125,0.125,0.125
1,1.0,0.125,0.125,0.125,0.125,0.125,0.125,0.125,0.125
2,2.0,0.125,0.125,0.125,0.125,0.125,0.125,0.125,0.125
3,3.0,0.125,0.125,0.125,0.125,0.125,0.125,0.125,0.125
4,4.0,0.125,0.125,0.125,0.125,0.125,0.125,0.125,0.125
5,5.0,0.125,0.125,0.125,0.125,0.125,0.125,0.125,0.125
6,6.0,0.125,0.125,0.125,0.125,0.125,0.125,0.125,0.125
7,7.0,0.125,0.125,0.125,0.125,0.125,0.125,0.125,0.125
8,8.0,0.125,0.125,0.125,0.125,0.125,0.125,0.125,0.125
9,9.0,0.125,0.125,0.125,0.125,0.125,0.125,0.125,0.125
10,10.0,0.125,0.125,0.125,0.125,0.125,0.125,0.125,0.125
11,11.0,0.125,0.125,0.125,0.125,0.125,0.125,0.125,0.125
12,12.0,0.125,0.125,0.125,0.125,0.125,0.125,0.125,0.125
13,13.0,0.125,0.125,0.125,0.125,0.125,0.125,0.125,0.125
14,14.0,0.125,0.125,0.125,0.125,0.125,0.125,0.125,0.125
15,15.0,0.125,0.125,0.125,0.125,0.125,0.125,0.125,0.125
16,16.0,0.125,0.125,0.125,0.125,0.125,0.125,0.125,0.125
17,17.0,0.125,0.125,0.125,0.125,0.125,0.125,0.125,0.125
18,18.0,0.125,0.125,0.125,0.125,0.125,0.125,0.125,0.125
19,19.0,0.125,0.125,0.125,0.125,0.125,0.125,0.125,0.125
20,20.0,0.125,0.125,0.125,0.125,0.125,0.125,0.125,0.125
21,21.0,0.125,0.125,0.125,0.125,0.125,0.125,0.125,0.125
22,22.0,0.125,0.125,0.125,0.125,0.125,0.125,0.125,0.125
23,23.0,0.125,0.125,0.125,0.125,0.125,0.125,0.125,0.125
24,24.0,0.125,0.125,0.125,0.125,0.125,0.125,0.125,0.125
25,25.0,0.125,0.125,0.125,0.125,0.125,0.125,0.125,0.125
26,26.0,0.125,0.125,0.125,0.125,0.125,0.125,0.125,0.125
27,27.0,0.125,0.125,0.125,0.125,0.125,0.125,0.125,0.125
28,28.0,0.125,0.125,0.125,0.125,0.125,0.125,0.125,0.125
29,29.0,0.125,0.125,0.125,0.125,0.125,0.125,0.125,0.125
30,30.0,0.125,0.125,0.125,0.125,0.125,0.125,0.125,0.125
31,31.0,0.125,0.125,0.125,0.125,0.125,0.125,0.125,0.125
32,32.0,0.125,0.125,0.125,0.125,0.125,0.125,0.125,0.125
33,33.0,0.125,0.125,0.125,0.125,0.125,0.125,0.125,0.125
34,34.0,0.125,0.125,0.125,0.125,0.125,0.125,0.125,0.125
35,35.0,0.125,0.125,0.125,0.125,0.125,0.125,0.125,0.125
36,36.0,0.125,0.125,0.125,0.125,0.125,0.125,0.125,0.125
37,37.0,0.125,0.125,0.125,0.125,0.125,0.125,0.125,0.125
38,38.0,0.125,0.125,0.125,0.125,0.125,0.125,0.125,0.125
39,39.0,0.125,0.125,0.125,0.125,0.125,0.125,0.125,0.125
40,40.0,0.125,0.125,0.125,0.125,0.125,0.125,0.125,0.125
41,41.0,0.125,0.125,0.125,0.125,0.125,0.125,0.125,0.125
42,42.0,0.125,0.125,0.125,0.125,0.125,0.125,0.125,0.125
43,43.0,0.125,0.125,0.125,0.125,0.125,0.125,0.125,0.125
44,44.0,0.125,0.125,0.125,0.125,0.125,0.125,0.125,0.125
45,45.0,0.125,0.125,0.125,0.125,0.125,0.125,0.125,0.125
46,46.0,0.125,0.125,0.125,0.125,0.125,0.125,0.125,0.125
47,47.0,0.125,0.125,0.125,0.125,0.125,0.125,0.125,0.125
48,48.0,0.125,0.125,0.125,0.125,0.125,0.125,0.125,0.125
49,49.0,0.125,0.125,0.125,0.125,0.125,0.125,0.125,0.125
50,50.0,0.125,0.125,0.125,0.125,0.125,0.125,0.125,0.125
51,51.0,0.125,0.125,0.125,0.125,0.125,0.125,0.125,0.125
52,52.0,0.125,0.125,0.125,0.125,0.125,0.125,0.125,0.125
53,53.0,0.125,0.125,0.125,0.125,0.125,0.125,0.125,0.125
54,54.0,0.125,0.125,0.125,0.125,0.125,0.125,0.125,0.125
55,55.0,0.125,0.125,0.125,0.125,0.125,0.125,0.125,0.125
56,56.0,0.125,0.125,0.125,0.125,0.125,0.125,0.125,0.125
57,57.0,0.125,0.125,0.125,0.125,0.125,0.125,0.125,0.125
58,58.0,0.125,0.125,0.125,0.125,0.125,0.125,0.125,0.125
59,59.0,0.125,0.125,0.125,0.125,0.125,0.125,0.125,0.125
60,60.0,0.125,0.125,0.125,0.125,0.125,0.125,0.125,0.125
61,61.0,0.125,0.125,0.125,0.125,0.125,0.125,0.125,0.125
62,62.0,0.125,0.125,0.125,0.125,0.125,0.125,0.125,0.125
63,63.0,0.125,0.125,0.125,0.125,0.125,0.125,0.125,0.125
64,64.0,0.125,0.125,0.125,0.125,0.125,0.125,0.125,0.125
65,65.0,0.125,0.125,0.125,0.125,0.125,0.125,0.125,0.125
66,66.0,0.125,0.125,0.125,0.125,0.125,0.125,0.125,0.125
67,67.0,0.125,0.125,0.125,0.125,0.125,0.125,0.125,0.125
68,68.0,0.125,0.125,0.125,0.125,0.125,0.125,0.125,0.125
69,69.0,0.125,0.125,0.125,0.125,0.125,0.125,0.125,0.125
70,70.0,0.125,0.125,0.125,0.125,0.125,0.125,0.125,0.125
71,71.0,0.125,0.125,0.125,0.125,0.125,0.125,0.125,0.125
72,72.0,0.125,0.125,0.125,0.125,0.125,0.125,0.125,0.125
73,73.0,0.125,0.125,0.125,0.125,0.125,0.125,0.125,0.125
74,74.0,0.125,0.125,0.125,0.125,0.125,0.125,0.125,0.125
75,75.0,0.125,0.125,0.125,0.125,0.125,0.125,0.125,0.125
76,76.0,0.125,0.125,0.125,0.125,0.125,0.125,0.125,0.125
77,77.0,0.125,0.125,0.125,0.125,0.125,0.125,0.125,0.125
78,78.0,0.125,0.125,0.125,0.125,0.125,0.125,0.125,0.125
79,79.0,0.125,0.125,0.125,0.125,0.125,0.125,0.125,0.125
80,80.0,0.125,0.125,0.125,0.125,0.125,0.125,0.125,0.125
81,81.0,0.125,0.125,0.125,0.125,0.125,0.125,0.125,0.125
82,82.0,0.125,0.125,0.125,0.125,0.125,0.125,0.125,0.125
83,83.0,0.125,0.125,0.125,0.125,0.125,0.125,0.125,0.125
84,84.0,0.125,0.125,0.125,0.125,0.125,0.125,0.125,0.125
85,85.0,0.125,0.125,0.125,0.125,0.125,0.125,0.125,0.125
86,86.0,0.125,0.125,0.125,0.125,0.125,0.125,0.125,0.125
87,87.0,0.125,0.125,0.125,0.125,0.125,0.125,0.125,0.125
88,88.0,0.125,0.125,0.125,0.125,0.125,0.125,0.125,0.125
89,89.0,0.125,0.125,0.125,0.125,0.125,0.125,0.125,0.125
90,90.0,0.125,0.125,0.125,0.125,0.125,0.125,0.125,0.125
91,91.0,0.125,0.125,0.125,0.125,0.125,0.125,0.125,0.125
92,92.0,0.125,0.125,0.125,0.125,0.125,0.125,0.125,0.125
93,93.0,0.125,0.125,0.125,0.125,0.125,0.125,0.125,0.125
94,94.0,0.125,0.125,0.125,0.125,0.125,0.125,0.125,0.125
95,95.0,0.125,0.125,0.125,0.125,0.125,0.125,0.125,0.125
96,96.0,0.125,0.125,0.125,0.125,0.125,0.125,0.125,0.125
97,97.0,0.125,0.125,0.125,0.125,0.125,0.125,0.125,0.125
98,98.0,0.125,0.125,0.125,0.125,0.125,0.125,0.125,0.125
99,99.0,0.125,0.125,0.125,0.125,0.125,0.125,0.125,0.125
100,100.0,0.125,0.125,0.125,0.125,0.125,0.125,0.125,0.125
101,101.0,0.125,0.125,0.125,0.125,0.125,0.125,0.125,0.125
102,102.0,0.125,0.125,0.125,0.125,0.125,0.125,0.125,0.125
103,103.0,0.125,0.125,0.125,0.125,0.125,0.125,0.125,0.125
104,104.0,0.125,0.125,0.125,0.125,0.125,0.125,0.125,0.125
105,105.0,0.125,0.125,0.125,0.125,0.125,0.125,0.125,0.125
106,106.0,0.125,0.125,0.125,0.125,0.125,0.125,0.125,0.125
107,107.0,0.125,0.125,0.125,0.125,0.125,0.125,0.125,0.125
108,108.0,0.125,0.125,0.125,0.125,0.125,0.125,0.125,0.125
109,109.0,0.125,0.125,0.125,0.125,0.125,0.125,0.125,0.125
110,110.0,0.125,0.125,0.125,0.125,0.125,0.125,0.125,0.125
111,111.0,0.125,0.125,0.125,0.125,0.125,0.125,0.125,0.125
112,112.0,0.125,0.125,0.125,0.125,0.125,0.125,0.125,0.125
113,113.0,0.125,0.125,0.125,0.125,0.125,0.125,0.125,0.125
114,114.0,0.125,0.125,0.125,0.125,0.125,0.125,0.125,0.125
115,115.0,0.125,0.125,0.125,0.125,0.125,0.125,0.125,0.125
116,116.0,0.125,0.125,0.125,0.125,0.125,0.125,0.125,0.125
117,117.0,0.125,0.125,0.125,0.125,0.125,0.125,0.125,0.125
118,118.0,0.125,0.125,0.125,0.125,0.125,0.125,0.125,0.125
119,119.0,0.125,0.125,0.125,0.125,0.125,0.125,0.125,0.125
120,120.0,0.125,0.125,0.125,0.125,0.125,0.125,0.125,0.125
121,121.0,0.125,0.125,0.125,0.125,0.125,0.125,0.125,0.125
122,122.0,0.125,0.125,0.125,0.125,0.125,0.125,0.125,0.125
123,123.0,0.125,0.125,0.125,0.125,0.125,0.125,0.125,0.125
124,124.0,0.125,0.125,0.125,0.125,0.125,0.125,0.125,0.125
125,125.0,0.125,0.125,0.125,0.125,0.125,0.125,0.125,0.125
126,126.0,0.125,0.125,0.125,0.125,0.125,0.125,0.125,0.125
127,127.0,0.125,0.125,0.125,0.125,0.125,0.125,0.125,0.125
128,128.0,0.125,0.125,0.125,0.125,0.125,0.125,0.125,0.125
129,129.0,0.125,0.125,0.125,0.125,0.125,0.125,0.125,0.125
130,130.0,0.125,0.125,0.125,0.125,0.125,0.125,0.125,0.125
131,131.0,0.125,0.125,0.125,0.125,0.125,0.125,0.125,0.125
132,132.0,0.125,0.125,0.125,0.125,0.125,0.125,0.125,0.125
133,133.0,0.125,0.125,0.125,0.125,0.125,0.125,0.125,0.125
134,134.0,0.125,0.125,0.125,0.125,0.125,0.125,0.125,0.125
135,135.0,0.125,0.125,0.125,0.125,0.125,0.125,0.125,0.125
136,136.0,0.125,0.125,0.125,0.125,0.125,0.125,0.125,0.125
137,137.0,0.125,0.125,0.125,0.125,0.125,0.125,0.125,0.125
138,138.0,0.125,0.125,0.125,0.125,0.125,0.125,0.125,0.125
139,139.0,0.125,0.125,0.125,0.125,0.125,0.125,0.125,0.125
140,140.0,0.125,0.125,0.125,0.125,0.125,0.125,0.125,0.125
141,141.0,0.125,0.125,0.125,0.125,0.125,0.125,0.125,0.125
142,142.0,0.125,0.125,0.125,0.125,0.125,0.125,0.125,0.125
143,143.0,0.125,0.125,0.125,0.125,0.125,0.125,0.125,0.125
144,144.0,0.125,0.125,0.125,0.125,0.125,0.125,0.125,0.125
145,145.0,0.125,0.125,0.125,0.125,0.125,0.125,0.125,0.125
146,146.0,0.125,0.125,0.125,0.125,0.125,0.125,0.125,0.125
147,147.0,0.125,0.125,0.125,0.125,0.125,0.125,0.125,0.125
148,148.0,0.125,0.125,0.125,0.125,0.125,0.125,0.125,0.125
149,149.0,0.125,0.125,0.125,0.125,0.125,0.125,0.125,0.125
150,150.0,0.125,0.125,0.125,0.125,0.125,0.125,0.125,0.125
151,151.0,0.125,0.125,0.125,0.125,0.125,0.125,0.125,0.125
152,152.0,0.125,0.125,0.125,0.125,0.125,0.125,0.125,0.125
153,153.0,0.125,0.125,0.125,0.125,0.125,0.125,0.125,0.125
154,154.0,0.125,0.125,0.125,0.125,0.125,0.125,0.125,0.125
155,155.0,0.125,0.125,0.125,0.125,0.125,0.125,0.125,0.125
156,156.0,0.125,0.125,0.125,0.125,0.125,0.125,0.125,0.125
157,157.0,0.125,0.125,0.125,0.125,0.125,0.125,0.125,0.125
158,158.0,0.125,0.125,0.125,0.125,0.125,0.125,0.125,0.125
159,159.0,0.125,0.125,0.125,0.125,0.125,0.125,0.125,0.125
160,160.0,0.125,0.125,0.125,0.125,0.125,0.125,0.125,0.125
161,161.0,0.125,0.125,0.125,0.125,0.125,0.125,0.125,0.125
162,162.0,0.125,0.125,0.125,0.125,0.125,0.125,0.125,0.125
163,163.0,0.125,0.125,0.125,0.125,0.125,0.125,0.125,0.125
164,164.0,0.125,0.125,0.125,0.125,0.125,0.125,0.125,0.125
165,165.0,0.125,0.125,0.125,0.125,0.125,0.125,0.125,0.125
166,166.0,0.125,0.125,0.125,0.125,0.125,0.125,0.125,0.125
167,167.0,0.125,0.125,0.125,0.125,0.125,0.125,0.125,0.125
168,168.0,0.125,0.125,0.125,0.125,0.125,0.125,0.125,0.125
169,169.0,0.125,0.125,0.125,0.125,0.125,0.125,0.125,0.125
170,170.0,0.125,0.125,0.125,0.125,0.125,0.125,0.125,0.125
171,171.0,0.125,0.125,0.125,0.125,0.125,0.125,0.125,0.125
172,172.0,0.125,0.125,0.125,0.125,0.125,0.125,0.125,0.125
173,173.0,0.125,0.125,0.125,0.125,0.125,0.125,0.125,0.125
174,174.0,0.125,0.125,0.125,0.125,0.125,0.125,0.125,0.125
175,175.0,0.125,0.125,0.125,0.125,0.125,0.125,0.125,0.125
176,176.0,0.125,0.125,0.125,0.125,0.125,0.125,0.125,0.125
177,177.0,0.125,0.125,0.125,0.125,0.125,0.125,0.125,0.125
178,178.0,0.125,0.125,0.125,0.125,0.125,0.125,0.125,0.125
179,179.0,0.125,0.125,0.125,0.125,0.125,0.125,0.125,0.125
180,180.0,0.125,0.125,0.125,0.125,0.125,0.125,0.125,0.125
181,181.0,0.125,0.125,0.125,0.125,0.125,0.125,0.125,0.125
182,182.0,0.125,0.125,0.125,0.125,0.125,0.125,0.125,0.125
183,183.0,0.125,0.125,0.125,0.125,0.125,0.125,0.125,0.125
184,184.0,0.125,0.125,0.125,0.125,0.125,0.125,0.125,0.125
185,185.0,0.125,0.125,0.125,0.125,0.125,0.125,0.125,0.125
186,186.0,0.125,0.125,0.125,0.125,0.125,0.125,0.125,0.125
187,187.0,0.125,0.125,0.125,0.125,0.125,0.125,0.125,0.125
188,188.0,0.125,0.125,0.125,0.125,0.125,0.125,0.125,0.125
189,189.0,0.125,0.125,0.125,0.125,0.125,0.125,0.125,0.125
190,190.0,0.125,0.125,0.125,0.125,0.125,0.125,0.125,0.125
191,191.0,0.125,0.125,0.125,0.125,0.125,0.125,0.125,0.125
192,192.0,0.125,0.125,0.125,0.125,0.125,0.125,0.125,0.125
193,193.0,0.125,0.125,0.125,0.125,0.125,0.125,0.125,0.125
194,194.0,0.125,0.125,0.125,0.125,0.125,0.125,0.125,0.125
195,195.0,0.125,0.125,0.125,0.125,0.125,0.125,0.125,0.125
196,196.0,0.125,0.125,0.125,0.125,0.125,0.125,0.125,0.125
197,197.0,0.125,0.125,0.125,0.125,0.125,0.125,0.125,0.125
198,198.0,0.125,0.125,0.125,0.125,0.125,0.125,0.125,0.125
199,199.0,0.125,0.125,0.125,0.125,0.125,0.125,0.125,0.125
200,200.0,0.1245833333333333,0.1245833333333333,0.1245833333333333,0.1256944444444444,0.1245833333333333,0.1245833333333333,0.1268055555555555,0.1245833333333333
201,201.0,0.1239486111111111,0.1239486111111111,0.1239486111111111,0.1260486111111111,0.1239486111111111,0.1249486111111111,0.1292597222222222,0.1239486111111111
202,202.0,0.1236425286796537,0.1222572472943723,0.1222572472943723,0.1261877191558441,0.1222572472943723,0.1241563382034632,0.1369844247835498,0.1222572472943723
203,203.0,0.1231213218452381,0.1204403694642857,0.1204403694642857,0.1260893508928571,0.1221070361309524,0.123144802797619,0.1442163799404762,0.1204403694642857
204,204.0,0.1222897537445429,0.1184243021960914,0.1184243021960914,0.126089176696491,0.1223819945037837,0.1218457301471403,0.1513512075505369,0.1191935329653222
205,205.0,0.1212009138967669,0.1169746836057536,0.1162603978914679,0.1257619805323011,0.1223063704189404,0.1210291704552141,0.1587302611322636,0.1177362220672921
206,206.0,0.1200431900159985,0.1155091588407492,0.1140877302693206,0.125294849938086,0.1221669809836063,0.1201642824017141,0.166477648709776,0.1162561588407492
207,207.0,0.1187894513117917,0.1139511206048633,0.1118836682239109,0.1246601285925563,0.1218787434658523,0.1192193135896201,0.1749400082219266,0.1146775659894787
208,208.0,0.1175057560674517,0.1124125617997042,0.1097176958473232,0.1243086883520642,0.1215465862212591,0.1182560258122167,0.1831394423233535,0.1131132435766273
209,209.0,0.1163182197547181,0.1109626567409874,0.1076634005671779,0.1239648017925972,0.1198053880371219,0.1174515106244355,0.1922008780297437,0.1116331444532182
210,210.0,0.1158232437310819,0.1089044776954769,0.1056942628841197,0.1235970891709666,0.1180632845324382,0.1166631400777786,0.2010467493691089,0.110207752539029
211,211.0,0.1145370458605998,0.1069108554209345,0.1038128799838981,0.1232030317882325,0.1169125421762704,0.1158886049822277,0.2091702030843658,0.109564836703471
212,212.0,0.1130924043165728,0.1055205424948986,0.1018402765348355,0.1225452459569915,0.1155915185949326,0.1148353633513415,0.2167297255719284,0.1098449231784991
213,213.0,0.1115382870107668,0.1040285395635014,0.0998372052685054,0.1223041751381935,0.1141623567889537,0.1135773859008241,0.2236765144280313,0.1108755359012235
214,214.0,0.109881403293555,0.1024417572429519,0.0978073747894661,0.1221238990085566,0.1126307933090262,0.1121307380496931,0.229878623873472,0.1131054104332789
215,215.0,0.1081913382312483,0.1008661913924001,0.0958169094208085,0.1217948098409057,0.1110655340543735,0.1106469034135507,0.2357563265497569,0.1158619870969562
216,216.0,0.106574782161937,0.0993616887702286,0.0939269900520577,0.121854443750857,0.1089474806085582,0.1085646517641362,0.2410256875988593,0.1197442752933659
217,217.0,0.1049854544469952,0.097882231299726,0.0921292692026977,0.1217203780263243,0.1068609008509417,0.1067856905391756,0.245181438551604,0.1244546370825353
218,218.0,0.1034556203116988,0.0964600094370503,0.090451996129171,0.1217541574222417,0.1048430051101684,0.1050266610081236,0.2485402985609685,0.1294682520205775
219,219.0,0.1019940208806628,0.0951034759085948,0.0888996808545548,0.1216551961275856,0.102906886011887,0.1033027244367504,0.2519621268384002,0.1341758889415643
220,220.0,0.100614237679455,0.0938521139783496,0.0874815217243578,0.1214745057042901,0.1010698980554847,0.1016597156859588,0.2551689508199404,0.1386790563521636
221,221.0,0.0992817385318156,0.0926602086952967,0.086150573304941,0.1219336890437348,0.0992927865958385,0.1000658236759097,0.2579847766891439,0.1426304034633196
222,222.0,0.0980073828576488,0.0915439327892688,0.0849216233511416,0.1222525753877034,0.0975975344395903,0.0985343384864139,0.2603946859889968,0.1467479266992364
223,223.0,0.0966996871679361,0.0904013305260679,0.0836912059603804,0.1228054976357957,0.0958873526224073,0.0964496057994245,0.2624883124697347,0.1515770078182534
224,224.0,0.0954039513100183,0.0892753494529322,0.0825006609391499,0.1232474118640074,0.0942097248174437,0.0943903707909761,0.2640415528268243,0.1569309779986481
225,225.0,0.0941410275683859,0.0881846781706775,0.0813669974098004,0.1235940906411353,0.0919205961439514,0.0923837669523899,0.265768670844817,0.1626401722688425
226,226.0,0.0928883491869119,0.0871539518052977,0.0803131232506966,0.1231263691742949,0.0897212673677776,0.0904543490898175,0.2677582845257196,0.168584305599484
227,227.0,0.0916555507396855,0.086148471073826,0.0793025862114719,0.1224884212141607,0.0878488976267559,0.0885743251105735,0.2692971555815764,0.1746845924419501
228,228.0,0.0903956495721962,0.0851555547808571,0.0783209465112016,0.1217069994738963,0.0860257135318625,0.0867369979264418,0.2708705132919358,0.1807876249116086
229,229.0,0.0892339214693656,0.084261091293313,0.0774523464608354,0.1208530018788069,0.0843419066253598,0.0850333493956787,0.2723567468472258,0.1864676360294146
230,230.0,0.0882281167801718,0.0836191428806752,0.0767504468005087,0.1208180821167001,0.0828563276318894,0.0835229985126709,0.2722371348764529,0.1919677504009311
231,231.0,0.0872182119365294,0.0830005715911052,0.0760841063488204,0.1206563224895816,0.0814422000150312,0.0820799094864212,0.2723097632623426,0.1972089148701683
232,232.0,0.0862144394002657,0.0824090874422381,0.0754562946064696,0.1206117653092886,0.0801060713126146,0.0807113384208383,0.272330032544395,0.20216097096389
233,233.0,0.0852253883917074,0.0818473633107519,0.0748689035692059,0.1204553963213976,0.0788526676459214,0.0794226839562133,0.2720266003116307,0.2073009964931717
234,234.0,0.0843321770943421,0.0813673496858843,0.0743730743265539,0.1202464199754573,0.0777352661636927,0.0782678565927429,0.271706991874089,0.2119708642872378
235,235.0,0.0835331927946675,0.0811823915655423,0.0739639335994515,0.1199887332780041,0.0767504798069475,0.0772440610385898,0.2716673817958546,0.2156698261209426
236,236.0,0.0832283212624108,0.0810137706545951,0.0735861191385471,0.1198490586959044,0.0758438326008235,0.0762973697424822,0.271137994917309,0.2190435329879277
237,237.0,0.0827806232767997,0.0811759411368382,0.073576592991003,0.1194785601818399,0.0759875444545108,0.0752893954326566,0.2702362210600418,0.2214751214663098
238,238.0,0.0824203467720826,0.0813976385291349,0.0736428397674609,0.1190890017256821,0.076247669613587,0.0744088734236786,0.2693025868153682,0.2234910433530055
239,239.0,0.081995445764739,0.0815237865660787,0.0736299682093189,0.1187224775764232,0.0775741700065556,0.0735049571050753,0.2680906476894373,0.2249585470823718
240,240.0,0.0814252626564698,0.0817011947016714,0.0737997254924296,0.1182986894167444,0.0788707165761979,0.0728424835985668,0.2667758345883019,0.2262860929696181
241,241.0,0.0808638753131953,0.0818696769635631,0.0739954211759952,0.1178181100993348,0.0801972644797329,0.0722669620468672,0.265774576187127,0.2272141137341843
242,242.0,0.0801992804151719,0.0825585846047299,0.074211602918588,0.1172873004060992,0.0815364117783228,0.0717743161435995,0.2646607903600231,0.2277717133734655
243,243.0,0.079539571419643,0.083196687203674,0.0744274672088654,0.1167009756406675,0.0829729342075216,0.0713443632371638,0.2638462329810273,0.2279717681014372
244,244.0,0.0789224694290107,0.0831888917833832,0.0746730862739595,0.1160505880166777,0.083300247683013,0.0711194698830274,0.2633548322091062,0.2293904147218222
245,245.0,0.0782002484924676,0.0830123325990258,0.0747655190873036,0.1161025822692611,0.0834483734644457,0.0708012812158949,0.2629210661513594,0.2307485967202418
246,246.0,0.0773566862789195,0.0836702865799206,0.074713514670675,0.1157963174396014,0.0834279904397044,0.0703963552185995,0.2626298841619773,0.2320089652106022
247,247.0,0.0765017720786625,0.0846065979546493,0.0746268711914229,0.1160114516256773,0.0833496835642248,0.0700131429308991,0.2622206677758543,0.2326698128786097
248,248.0,0.0756763615879804,0.0854814953833269,0.0745421113089052,0.1161939037646867,0.0832520206655082,0.069685297478384,0.262088124253093,0.2330806855581155
249,249.0,0.0748622148355791,0.0862684170719971,0.0747490547046265,0.1163200864505293,0.0831151912876845,0.0692779478349897,0.2619730264977946,0.2334340613167992
250,250.0,0.0741703221863489,0.0879051921217159,0.075030170308036,0.1163054974649298,0.0830492713648086,0.0690068100075051,0.2622044684253161,0.2323282681213395
251,251.0,0.073536490146874,0.089485285567064,0.075756618024321,0.1162550020031795,0.0829660039291654,0.0688866501656226,0.2625232489565302,0.2305907012072431
252,252.0,0.0729692350289564,0.0910119237461308,0.0764799738266679,0.1161796202926581,0.0828791654946043,0.0688180301224054,0.26293776248334,0.228724289005237
253,253.0,0.0724521690414609,0.0916264498202617,0.0779694141924565,0.1160874332538989,0.0827745788952043,0.0687810794482605,0.2633686216206906,0.2269402537277664
254,254.0,0.0719114204954256,0.0920840624511468,0.0792399764184453,0.116227949074426,0.0825775350662881,0.06869313342496,0.2638401974101145,0.2254257256591937
255,255.0,0.0711672071132799,0.0923565083035415,0.0815044187510806,0.1162668609411455,0.0822903075704976,0.0685510444298759,0.264549180150867,0.2233144727397119
256,256.0,0.0703872696740009,0.0932203912542923,0.0835619450206482,0.1160250986063137,0.081900985823751,0.0683376658081475,0.2653240610032421,0.2212425828096043
257,257.0,0.069523773954658,0.0940316450913486,0.0853087923685812,0.1154893189315186,0.0813829681987707,0.0680213787338513,0.2659631029197106,0.2202790198015607
258,258.0,0.0686370650305004,0.0945536363797819,0.0868875835127447,0.1147413248223323,0.0807980099431153,0.06765916832436,0.2675329670175853,0.2191902449695799
259,259.0,0.0684130412533692,0.0948256827548971,0.0883125938827227,0.1138208157191601,0.080170197886263,0.0672727251908329,0.2691700156290868,0.2180149276836678
260,260.0,0.0682290461568364,0.0949962377453802,0.0896266967454635,0.1128797009857531,0.0795520546751989,0.0669102961833056,0.2709477214816879,0.2168582460263741
261,261.0,0.0679868109779191,0.0949350872562403,0.0907310322514714,0.111795930413726,0.0795199291086972,0.066519238430496,0.2727180273754548,0.2157939441859949
262,262.0,0.0676915043056565,0.0946628073911,0.0916308553338092,0.1111734888452555,0.0794130219097248,0.0661030713221007,0.2743331439643245,0.2149921069280285
263,263.0,0.067352421875691,0.0942058482558724,0.0926821885863335,0.1106868209701588,0.0791403794043289,0.0656716508423458,0.276320329414525,0.2139403606507443
264,264.0,0.0672291420784492,0.0935832947581732,0.0935789896011973,0.1106174120673745,0.0788144658731924,0.0652278694528369,0.2779873028050981,0.212961523363678
265,265.0,0.0671673762795111,0.0930548921419709,0.0943237984887913,0.1108998017758321,0.078438490543313,0.0647717722129898,0.279382630414454,0.2119612381431375
266,266.0,0.0675641738257586,0.0924241542477735,0.094889478987365,0.1110327283114538,0.0769126564967872,0.0643146081849089,0.2806554619553003,0.2122067379906523
267,267.0,0.0679726966974816,0.0917507544341154,0.0953514099904515,0.1111701415429262,0.0754179478307549,0.0638903670012797,0.2819512037339827,0.2124954787690076
268,268.0,0.068273259260592,0.0909287411952887,0.0956015405001936,0.1111767321314665,0.074850800486657,0.0633846001823234,0.2831890278034979,0.2125952984399804
269,269.0,0.0685744684501594,0.0900812696514547,0.0954266365044502,0.1111695735372809,0.0745529862960594,0.0629121017228078,0.2842194900632648,0.2130634737745224
270,270.0,0.0684302821043191,0.0892756719210096,0.0951486952422979,0.1107728495361362,0.0743249243446422,0.0624844304662946,0.2858569353962272,0.2137062109890727
271,271.0,0.0682330161617875,0.0883876379068252,0.0947734042261053,0.110714925404681,0.0740801212834618,0.0620651052190761,0.2874343224404963,0.2143114673575663
272,272.0,0.0679881187581807,0.0874315577319648,0.0943131903498046,0.1111100659511889,0.0739511620719966,0.0616565712917455,0.288673714624549,0.2148756192205694
273,273.0,0.067700875177112,0.0868557035703188,0.0937800431518137,0.1114695117173883,0.0728076895201998,0.0612608727512173,0.2907295977433013,0.2153957063686483
274,274.0,0.0674458522161092,0.0864889540420051,0.093254901238973,0.1112544941398797,0.0717303254130984,0.0609491348376606,0.293006905863612,0.2158694322486616
275,275.0,0.0671374243895345,0.0860522457661587,0.0926499711062707,0.1112329682386556,0.0706303824053698,0.0606198862275472,0.2949429293963562,0.2167341924701069
276,276.0,0.0668180271726832,0.0855900640207509,0.091809594570224,0.1110797132024523,0.0695548902091389,0.0603124466432472,0.2972799504250491,0.2175553137564539
277,277.0,0.0665175709211879,0.0851627730405981,0.0909611667965056,0.1109109788190959,0.06853754474621,0.06003936618689,0.2995218998013276,0.2183486996881843
278,278.0,0.0660043381374949,0.0849178876540083,0.0900994758699851,0.110984471187976,0.0675537299104997,0.0597853241553587,0.3015747555465307,0.2190800175381462
279,279.0,0.0655015576162208,0.0846742089466091,0.0892429531118655,0.1110303198790771,0.0668811166265672,0.0595593332771019,0.3033414575094655,0.2197690530330924
280,280.0,0.0649003980804108,0.0843394968461415,0.0882794861381869,0.1109037234155077,0.0670557282502068,0.0592405778684464,0.3047848048426474,0.2204957845584519
281,281.0,0.064301243697748,0.0839841739724788,0.0873271662243408,0.1107592445636943,0.067256993808208,0.0589391766357631,0.30628157722453,0.2211504238732366
282,282.0,0.0635334597995426,0.0836611331074037,0.0864060714043759,0.1107994878132043,0.0677481762901849,0.0586679723637937,0.3074268807237298,0.2217568184977647
283,283.0,0.0627655800940062,0.0833120428515475,0.0851676239582453,0.1109626204125153,0.0682408502970544,0.058395774772418,0.308288506830945,0.222867000783268
284,284.0,0.0619686686039688,0.0828789900208163,0.0844020371566272,0.1109151198413755,0.0686878422244521,0.0581000312476688,0.3087575020565737,0.2242898088485173
285,285.0,0.0611090832781854,0.0823278560826639,0.0835939569106786,0.1107648956152058,0.0693016632886316,0.0577420834999476,0.3089343513312703,0.2262261099934164
286,286.0,0.0599625120635638,0.081456712221818,0.0825136803356313,0.111203797342681,0.069518001849837,0.057090847529135,0.3099287684154733,0.2283256802418602
287,287.0,0.0587911405750358,0.081533307085144,0.0815014471312501,0.1121827121865778,0.0696535198050962,0.0564080831170542,0.3107589680830397,0.229170822016802
288,288.0,0.057626613457973,0.0815246366298276,0.080405269037835,0.1132643769127966,0.06974123896269,0.0557123714236825,0.311328148314493,0.2303973452607019
289,289.0,0.0563878336231507,0.0810945466906255,0.0792173030727156,0.1141333118640469,0.069632841382728,0.0549156276283528,0.3126379970697974,0.2319805386685828
290,290.0,0.0550506934132484,0.0804882920687386,0.0779028299397355,0.1149661331131298,0.069296854804467,0.0540046206962706,0.3142368622936371,0.2340537136707726
291,291.0,0.0537296293709684,0.0791519742761192,0.0759594638382457,0.1155840254242471,0.0688924971145949,0.0530916212397669,0.317141496258632,0.2364492924774255
292,292.0,0.0524007058493573,0.0777343349096097,0.0740057225260433,0.1169185478550775,0.0683941426237892,0.0521509133022117,0.3195673802189317,0.2388282527149793
293,293.0,0.0510956329265459,0.0762732787724198,0.0720981758209249,0.1183595995970357,0.0678328613746095,0.0512127911238354,0.321494534354208,0.2416331260304204
294,294.0,0.0498464966550458,0.0748071899702206,0.0702401286235631,0.1194689210250031,0.0665743841600216,0.0503082668937464,0.3239898372993357,0.2447647753730634
295,295.0,0.0485990215859825,0.0733023451667728,0.0683930645297688,0.1202898292042814,0.0659127124003806,0.0493751973712748,0.3267314846145734,0.2473963451269654
296,296.0,0.0473560586746481,0.0721670131704923,0.0665612188915177,0.1219660327818298,0.0651431149503114,0.0484164081519282,0.3291446216262035,0.2492455317530688
297,297.0,0.0461195926684746,0.0709901014107783,0.0647035714612921,0.1237191280772838,0.0643152615535956,0.0474352123970909,0.3316593447379801,0.2510577876935043
298,298.0,0.0449186209439607,0.069700271677032,0.0628460336499479,0.1260018604287961,0.0634603512288002,0.0464611211360779,0.3345750905402592,0.2520366503951256
299,299.0,0.0437495253080368,0.0684142093800403,0.0610081441379641,0.1281928054732879,0.0625731684019403,0.0454902060860865,0.3375979861773345,0.2529739550353093
300,300.0,0.0426201634899403,0.0671427475360796,0.0592055907493732,0.1307925114098138,0.0616646501375426,0.0445312967541884,0.3405048608277074,0.2535381790953542
301,301.0,0.0415679551242869,0.0656502687320698,0.0574911662738821,0.133319655085105,0.0607434323941816,0.0436154546134519,0.3432856438816938,0.2543264238953284
302,302.0,0.0405844830734717,0.0642025015389672,0.0558987598064192,0.1355013889348549,0.0598411932316514,0.0427516404749835,0.3463239922651649,0.2548960406744869
303,303.0,0.0396854624083285,0.0628280279845883,0.054438246706174,0.1374277049512801,0.0589776402206373,0.0419494427752588,0.3494183500892194,0.2552751248645133
304,304.0,0.0388583498961513,0.0615069464600365,0.0530857914305082,0.1390640551405655,0.0581442840855962,0.0411977857814177,0.3525300222033916,0.2556127650023326
305,305.0,0.0381778771817737,0.0601786320227451,0.0517474174575905,0.1404824907718137,0.057242315344534,0.0404320869757932,0.355996975320197,0.2557422049255525
306,306.0,0.0375692187471615,0.0591678251548062,0.0505034286572525,0.1419610216975442,0.0563803354625383,0.0397193909604111,0.3591205361490253,0.2555782431712607
307,307.0,0.0369913586406137,0.0581856717072963,0.0493408615531241,0.1428240921237513,0.0554921614950336,0.0390326280469311,0.3623762471085089,0.2557569793247407
308,308.0,0.03646058926367,0.0572516081594282,0.0482770206027241,0.1435733018314547,0.0546283251757874,0.0383893066371927,0.3655085915780559,0.2559112567516868
309,309.0,0.036007113827972,0.0564079352750598,0.047332381542663,0.1444440958344406,0.0538263339633754,0.0378125139428322,0.3683757560343156,0.2557938695793413
310,310.0,0.0356828277489313,0.0553709098409408,0.0466147262565439,0.1454003905844457,0.0531429621710624,0.0373564550744346,0.3708792200645772,0.2555525082590638
311,311.0,0.0353676696353874,0.0548888483620792,0.0459286384553762,0.1463738670133973,0.0519089432756109,0.0369133445106823,0.3737748068671616,0.2548438818803048
312,312.0,0.0354993842103895,0.0543500864021707,0.0452468878923342,0.1475451221027212,0.0506605110935179,0.0364557576331325,0.3762382090826844,0.2540040415830495
313,313.0,0.0356739204405949,0.053878813084459,0.0444311825641958,0.1486862917350842,0.0494772125855765,0.0360530399486011,0.378670521861673,0.2531290177798153
314,314.0,0.0358120154117656,0.0533544125563723,0.043614842321996,0.1501156689486978,0.0482906565343591,0.0356363339256693,0.3806842116262212,0.2524918586749183
315,315.0,0.0359428189441049,0.0528374714762607,0.0428384286574039,0.1512015507224361,0.0471453582158827,0.0356933451013736,0.3825576572151148,0.2517833696674231
316,316.0,0.0360787957704995,0.0523765714986373,0.0421506173271677,0.1520008463531077,0.0460618952398551,0.0357863160472135,0.3845202109680627,0.2510247467954563
317,317.0,0.0361971920887565,0.051430404773725,0.0415098437542255,0.1524585067086381,0.045027837506588,0.0358719627956127,0.3868955802447541,0.2506086721276998
318,318.0,0.0362899483015483,0.0504919044486222,0.0409034716591597,0.1525435189529699,0.0440404392719554,0.0359422313158237,0.3896349637850769,0.2501535222648437
319,319.0,0.0363781310142771,0.0495868983484633,0.0403520341673316,0.1527609474714791,0.0431168787600234,0.0360100970668924,0.3921999976918778,0.249595015479655
320,320.0,0.0364360453287665,0.0486953667613757,0.0398305175124635,0.1527613603465347,0.0423217942063705,0.0360500869873501,0.3943600887471196,0.2495447401100192
321,321.0,0.036495406098709,0.0478579827483039,0.0393663157980614,0.1528809354167607,0.0416112279024155,0.0360925609021548,0.3962925146764785,0.2494030564571158
322,322.0,0.0366590460447401,0.0470577811593914,0.0389414840680559,0.1527570509949766,0.0409533556506513,0.036123006283714,0.3982771730271272,0.2492311027713431
323,323.0,0.0367985362566558,0.0462846425770957,0.0385422865212972,0.1527028964415784,0.0403413964886661,0.0361346739960599,0.4000648009344341,0.2491307667842125
324,324.0,0.0368969054352424,0.0455328404484571,0.0381597513519191,0.1524323637633673,0.0397666690787267,0.0364528711293801,0.4014858215063263,0.2492727772865808
325,325.0,0.0369648470983224,0.0448205381518243,0.0381365748813001,0.1521217834063017,0.0392438080072052,0.0367411947089519,0.4026584172581122,0.2493128364879818
326,326.0,0.0371162011807342,0.0441487295817406,0.0381350903022653,0.1520931925911215,0.0388545162365626,0.0369977861523491,0.4033986794725617,0.2492558044826646
327,327.0,0.0372250835348103,0.0435020418409557,0.0381304812138629,0.1520989920524568,0.0384968052411481,0.0372109587176063,0.404086782779878,0.2492488546192816
328,328.0,0.0373082342256971,0.0429033255636607,0.0381508430501868,0.1519820887624385,0.0381876121999261,0.0374112390035301,0.4046912629678236,0.249365394226737
329,329.0,0.0373543763335903,0.0423351438249372,0.0381706827495908,0.1518017974498597,0.0379170394339542,0.0375712519061876,0.4053724641283306,0.2494772441735493
330,330.0,0.0376029303610286,0.0418028145887639,0.0381883024738412,0.1517074294256974,0.0376782854689969,0.0376917595495154,0.4057730685055318,0.2495554096266244
331,331.0,0.0380447693760115,0.041312100091496,0.038215635454745,0.1514492050477503,0.0374718437509234,0.0377924880713999,0.4059800171098034,0.2497339410978702
332,332.0,0.0384437828385993,0.0408710352091531,0.0382590231972577,0.1510742024022212,0.0372994885424647,0.0378779015351503,0.406241922543148,0.2499326437320055
333,333.0,0.0387755499961395,0.0404507176474422,0.0382922936843452,0.1507060938027661,0.0371397371754347,0.0379254965260076,0.4065485322010225,0.2501615789668422
334,334.0,0.0392780164155873,0.0402794492303757,0.0383344978986979,0.1502021299681684,0.0370112850829545,0.0379572207152739,0.4067069150273868,0.2502304856615553
335,335.0,0.0397110244368903,0.0403464428868976,0.0383719818735741,0.1496546926345159,0.0368956820363082,0.037958016027642,0.4066114252434153,0.2504507348607563
336,336.0,0.04009679149143,0.0404387631492401,0.0384084056650309,0.1489907037461611,0.0365960914736483,0.037934530269536,0.4065149122535383,0.251019801951415
337,337.0,0.040418978247561,0.040550173509789,0.0384394824104357,0.1483770696578719,0.0363106457090372,0.0378853977625246,0.4063107698733152,0.2517074828294652
338,338.0,0.0406937467462608,0.0406778539446582,0.0384678340666761,0.1476674380051839,0.0360419760134712,0.0378160725263049,0.4061261685156003,0.2525089101818444
339,339.0,0.0409382381696195,0.0408351470304824,0.0385002085831855,0.1469245753539465,0.0358025279431965,0.0377399476118665,0.405939647384553,0.2533197079231499
340,340.0,0.0411517814870679,0.0409154221872206,0.0385345523183946,0.1459169541936078,0.035669777545694,0.0376573779530987,0.4056394869025386,0.2545146474123775
341,341.0,0.0413150783111889,0.0409963933003633,0.0385550463895056,0.1448482427611466,0.0355468333990088,0.0375547899793127,0.4053691586544499,0.2558144572050239
342,342.0,0.0412252402837325,0.0410793939867897,0.0385687543886947,0.1437331238417952,0.0354363216459211,0.0374378293659034,0.4053536442313867,0.2571656922557764
343,343.0,0.0410777726406792,0.0411538439244809,0.0385713201669907,0.1430548527787266,0.0353329710219708,0.0373042053067958,0.4053101822950272,0.2581948518653286
344,344.0,0.0408742142514806,0.0412148173592837,0.0385559481023532,0.1423124817248866,0.0352324783391555,0.0371525302609018,0.4053749144573608,0.2592826155045774
345,345.0,0.0406466141704348,0.0413148872340927,0.0386036165866525,0.1420665575384303,0.0351610189402847,0.0370653793135685,0.4057875541763707,0.2593543720401655
346,346.0,0.0403724879384779,0.0413890297082161,0.0386129252765209,0.1416854188897025,0.0350866027268409,0.0369395216577519,0.4065021620260299,0.2594118517764594
347,347.0,0.0400474730060797,0.0414190579278525,0.0385762542038008,0.1412639185261429,0.035002880464737,0.0367729753808368,0.4073846441903857,0.2595327963001642
348,348.0,0.039690238392851,0.0414272798797699,0.0385131563390493,0.1408714182172654,0.0349229325421191,0.0365822365606608,0.4084309925728702,0.259561745495414
349,349.0,0.0392966930525361,0.0414051155787723,0.0384164410811173,0.1406277273762457,0.0348372549051482,0.0363611675807522,0.4094700449245499,0.259585555500878
350,350.0,0.0388925890379262,0.0413752258352659,0.0385183912532126,0.1402370637603608,0.0347566592811696,0.0361388844455407,0.4104431971653101,0.2596379892212136
351,351.0,0.0385165210298361,0.0413641464689997,0.03863601763829,0.1396349681881437,0.0348459848602943,0.0359810046959631,0.4111949375009577,0.2598264196175152
352,352.0,0.0381282461227336,0.0413429681328183,0.038469153590208,0.1393296774710144,0.0349385414004501,0.0360373471870117,0.4118243813348374,0.2599296847609261
353,353.0,0.0377236192251091,0.0412965843213919,0.0382821468730539,0.1393185494554073,0.0351513242600583,0.0360832548201612,0.4122162778050744,0.2599282432397437
354,354.0,0.0373062658254707,0.0412259860998669,0.0380774356314184,0.1393517936558321,0.0353535099346811,0.0361181005972481,0.4125510926711959,0.2600158155842864
355,355.0,0.0368860347773209,0.0411387656937269,0.0378638385523913,0.139730891063714,0.035549288730293,0.0361478718261089,0.4125517959735315,0.2601315133829133
356,356.0,0.036465783966844,0.0410358869552016,0.037643335442257,0.1400406533943544,0.0357364439328665,0.0361719558503114,0.4126311270598998,0.2602748133982651
357,357.0,0.0360417122341196,0.0409119999735867,0.0374113930305433,0.1402586764567327,0.0359066766371084,0.0361834680956118,0.4127835074409988,0.2605025661312985
358,358.0,0.0356280904932837,0.0410889398323918,0.0371963581372484,0.1407225684807212,0.0359883574819165,0.0359197977195339,0.4126830708016605,0.2607728170532437
359,359.0,0.0352104041748403,0.0412286436545794,0.0369660849109778,0.1410074112979495,0.0361325806800242,0.036080081541078,0.412342138085077,0.2610326556554735
360,360.0,0.0347991971019749,0.0413549840656337,0.0367388697054557,0.1413370607503645,0.0362599563909744,0.0362323109317003,0.411972524271582,0.261305096782314
361,361.0,0.0343963667256427,0.0414669160648166,0.0365160386001418,0.1417070180431345,0.0363699222485206,0.0363749570667694,0.4115807996242365,0.2615879816267376
362,362.0,0.034003571773723,0.0415636676268485,0.0362987567843066,0.1421127741678683,0.0364621677937564,0.0365067595579356,0.411021580185047,0.2620307221105143
363,363.0,0.0336222385140654,0.0416447194412288,0.0360880325555003,0.1424374981195657,0.0365366117902853,0.0366267116349431,0.4105681922595649,0.2624759956848462
364,364.0,0.033552842991579,0.041437629841691,0.0358950357022134,0.1426860540119177,0.0365985361281866,0.0367560076082754,0.4100956170021954,0.2629782767139412
365,365.0,0.0334826905665157,0.0412015213303028,0.0356891197931423,0.1430434888032153,0.0366336370363939,0.0368478362509179,0.4096106760177289,0.2634910302017827
366,366.0,0.0335195080736529,0.0409400064080753,0.035472063796256,0.1432207825587242,0.0366429479228607,0.0369032856846023,0.4090125966591254,0.264288808896703
367,367.0,0.033569465555834,0.0406745646923687,0.0352664778885169,0.1433250581991301,0.0366381158086551,0.0369491854781935,0.4084958357940994,0.2650812965832021
368,368.0,0.0336298948642607,0.0404075727223935,0.0350728757365149,0.1433579680442223,0.036619913962747,0.0367078586364143,0.4080631389807655,0.2661407770526813
369,369.0,0.0336747664544831,0.0401219205653931,0.0348744627729787,0.1432135472586569,0.0368498177741162,0.0364407775907043,0.4076889673024135,0.267135740281254
370,370.0,0.033717976436857,0.0398356015906558,0.0346844724714068,0.1430015805733386,0.0370641238777194,0.0361667268674963,0.4074352947376333,0.2680942234448925
371,371.0,0.0337579541888929,0.0395507125051596,0.034500271056146,0.1428277753682833,0.03725970316595,0.0356152283584774,0.4076104216706898,0.2688779336864007
372,372.0,0.0337791423973364,0.0392549400294188,0.0341294864915164,0.1426632692098839,0.0374214277177225,0.0351569190810053,0.4077002215045222,0.2698945935685942
373,373.0,0.0337906033694527,0.0389539117360342,0.0337655903926486,0.1425062660380471,0.0375607325410126,0.0346955847450107,0.4078015386825774,0.2709257724952163
374,374.0,0.0337940173256197,0.0389212251780373,0.0334160158482606,0.1421982608910878,0.0376771955141466,0.0342404028793183,0.4078483192679905,0.2719045630955389
375,375.0,0.0337901991055962,0.0388816773005645,0.0330706850010754,0.1418073339009243,0.0377677461872656,0.0336196968942864,0.4080835264353836,0.2729791351749038
