,Unnamed: 0,Total_iterations,Intertwine_two,Invert_path_vertices,Insert_inside_vertex,Delete_inside_vertex,Replace_inside_vertex,Donate_between_routes,Trim_one_terminal_cb,Grow_one_terminal_cb
0,0.0,0.0,0.125,0.125,0.125,0.125,0.125,0.125,0.125,0.125
1,1.0,0.10900000000000001,0.125,0.125,0.125,0.125,0.125,0.125,0.125,0.125
2,2.0,0.31601,0.125,0.125,0.125,0.125,0.125,0.125,0.125,0.125
3,3.0,0.6191589000000001,0.125,0.125,0.125,0.125,0.125,0.125,0.125,0.125
4,4.0,1.015801321,0.125,0.125,0.125,0.125,0.125,0.125,0.125,0.125
5,5.0,1.50262148669,0.125,0.125,0.125,0.125,0.125,0.125,0.125,0.125
6,6.0,2.0757334209441005,0.125,0.125,0.125,0.125,0.125,0.125,0.125,0.125
7,7.0,2.7307768275633495,0.125,0.125,0.125,0.125,0.125,0.125,0.125,0.125
8,8.0,3.4630081252450404,0.125,0.125,0.125,0.125,0.125,0.125,0.125,0.125
9,9.0,4.2673862119061114,0.125,0.125,0.125,0.125,0.125,0.125,0.125,0.125
10,10.0,5.138652627782014,0.125,0.125,0.125,0.125,0.125,0.125,0.125,0.125
11,11.0,6.071405875792507,0.125,0.125,0.125,0.125,0.125,0.125,0.125,0.125
12,12.0,7.060169740244025,0.125,0.125,0.125,0.125,0.125,0.125,0.125,0.125
13,13.0,8.099455520847952,0.125,0.125,0.125,0.125,0.125,0.125,0.125,0.125
14,14.0,9.183818168183006,0.125,0.125,0.125,0.125,0.125,0.125,0.125,0.125
15,15.0,10.307906369102724,0.125,0.125,0.125,0.125,0.125,0.125,0.125,0.125
16,16.0,11.466506686239443,0.125,0.125,0.125,0.125,0.125,0.125,0.125,0.125
17,17.0,12.654581904800096,0.125,0.125,0.125,0.125,0.125,0.125,0.125,0.125
18,18.0,13.867303782456686,0.125,0.125,0.125,0.125,0.125,0.125,0.125,0.125
19,19.0,15.100080434523047,0.125,0.125,0.125,0.125,0.125,0.125,0.125,0.125
20,20.0,16.348578617037543,0.125,0.125,0.125,0.125,0.125,0.125,0.125,0.125
21,21.0,17.608741195130214,0.125,0.125,0.125,0.125,0.125,0.125,0.125,0.125
22,22.0,18.876800103462312,0.125,0.125,0.125,0.125,0.125,0.125,0.125,0.125
23,23.0,20.14928511992658,0.125,0.125,0.125,0.125,0.125,0.125,0.125,0.125
24,24.0,21.423028783545156,0.125,0.125,0.125,0.125,0.125,0.125,0.125,0.125
25,25.0,22.695167792966423,0.125,0.125,0.125,0.125,0.125,0.125,0.125,0.125
26,26.0,23.963141223515898,0.125,0.125,0.125,0.125,0.125,0.125,0.125,0.125
27,27.0,25.224685898775267,0.125,0.125,0.125,0.125,0.125,0.125,0.125,0.125
28,28.0,26.477829247520948,0.125,0.125,0.125,0.125,0.125,0.125,0.125,0.125
29,29.0,27.720879968916847,0.125,0.125,0.125,0.125,0.125,0.125,0.125,0.125
30,30.0,28.95241681848399,0.125,0.125,0.125,0.125,0.125,0.125,0.125,0.125
31,31.0,30.17127581490958,0.125,0.125,0.125,0.125,0.125,0.125,0.125,0.125
32,32.0,31.376536153543515,0.125,0.125,0.125,0.125,0.125,0.125,0.125,0.125
33,33.0,32.567505096778625,0.125,0.125,0.125,0.125,0.125,0.125,0.125,0.125
34,34.0,33.74370209472243,0.125,0.125,0.125,0.125,0.125,0.125,0.125,0.125
35,35.0,34.90484237192463,0.125,0.125,0.125,0.125,0.125,0.125,0.125,0.125
36,36.0,36.05082019768737,0.125,0.125,0.125,0.125,0.125,0.125,0.125,0.125
37,37.0,37.18169203889697,0.125,0.125,0.125,0.125,0.125,0.125,0.125,0.125
38,38.0,38.29765977559663,0.125,0.125,0.125,0.125,0.125,0.125,0.125,0.125
39,39.0,39.399054140870355,0.125,0.125,0.125,0.125,0.125,0.125,0.125,0.125
40,40.0,40.48631852820801,0.125,0.125,0.125,0.125,0.125,0.125,0.125,0.125
41,41.0,41.55999329152982,0.125,0.125,0.125,0.125,0.125,0.125,0.125,0.125
42,42.0,42.62070064560415,0.125,0.125,0.125,0.125,0.125,0.125,0.125,0.125
43,43.0,43.669130257815,0.125,0.125,0.125,0.125,0.125,0.125,0.125,0.125
44,44.0,44.70602560622662,0.125,0.125,0.125,0.125,0.125,0.125,0.125,0.125
45,45.0,45.73217116373481,0.125,0.125,0.125,0.125,0.125,0.125,0.125,0.125
46,46.0,46.748380453854836,0.125,0.125,0.125,0.125,0.125,0.125,0.125,0.125
47,47.0,47.755485010424316,0.125,0.125,0.125,0.125,0.125,0.125,0.125,0.125
48,48.0,48.7543242612326,0.125,0.125,0.125,0.125,0.125,0.125,0.125,0.125
49,49.0,49.745736344347726,0.125,0.125,0.125,0.125,0.125,0.125,0.125,0.125
50,50.0,50.730549855707864,0.125,0.125,0.125,0.125,0.125,0.125,0.125,0.125
51,51.0,51.70957651737491,0.125,0.125,0.125,0.125,0.125,0.125,0.125,0.125
52,52.0,52.68360474770151,0.125,0.125,0.125,0.125,0.125,0.125,0.125,0.125
53,53.0,53.65339410751842,0.125,0.125,0.125,0.125,0.125,0.125,0.125,0.125
54,54.0,54.61967059027847,0.125,0.125,0.125,0.125,0.125,0.125,0.125,0.125
55,55.0,55.58312271885972,0.125,0.125,0.125,0.125,0.125,0.125,0.125,0.125
56,56.0,56.544398407394254,0.125,0.125,0.125,0.125,0.125,0.125,0.125,0.125
57,57.0,57.504102543001395,0.125,0.125,0.125,0.125,0.125,0.125,0.125,0.125
58,58.0,58.462795239617805,0.125,0.125,0.125,0.125,0.125,0.125,0.125,0.125
59,59.0,59.42099071417639,0.125,0.125,0.125,0.125,0.125,0.125,0.125,0.125
60,60.0,60.379156734137354,0.125,0.125,0.125,0.125,0.125,0.125,0.125,0.125
61,61.0,61.337714584760846,0.125,0.125,0.125,0.125,0.125,0.125,0.125,0.125
62,62.0,62.29703950447439,0.125,0.125,0.125,0.125,0.125,0.125,0.125,0.125
63,63.0,63.257461537171835,0.125,0.125,0.125,0.125,0.125,0.125,0.125,0.125
64,64.0,64.21926675122782,0.125,0.125,0.125,0.125,0.125,0.125,0.125,0.125
65,65.0,65.18269877636592,0.125,0.125,0.125,0.125,0.125,0.125,0.125,0.125
66,66.0,66.14796061122655,0.125,0.125,0.125,0.125,0.125,0.125,0.125,0.125
67,67.0,67.11521665648885,0.125,0.125,0.125,0.125,0.125,0.125,0.125,0.125
68,68.0,68.08459493066005,0.125,0.125,0.125,0.125,0.125,0.125,0.125,0.125
69,69.0,69.05618942810752,0.125,0.125,0.125,0.125,0.125,0.125,0.125,0.125
70,70.0,70.03006258152917,0.125,0.125,0.125,0.125,0.125,0.125,0.125,0.125
71,71.0,71.00624779379335,0.125,0.125,0.125,0.125,0.125,0.125,0.125,0.125
72,72.0,71.98475200689319,0.125,0.125,0.125,0.125,0.125,0.125,0.125,0.125
73,73.0,72.96555827861411,0.125,0.125,0.125,0.125,0.125,0.125,0.125,0.125
74,74.0,73.94862834037681,0.125,0.125,0.125,0.125,0.125,0.125,0.125,0.125
75,75.0,74.93390511255946,0.125,0.125,0.125,0.125,0.125,0.125,0.125,0.125
76,76.0,75.92131515639825,0.125,0.125,0.125,0.125,0.125,0.125,0.125,0.125
77,77.0,76.91077104428919,0.125,0.125,0.125,0.125,0.125,0.125,0.125,0.125
78,78.0,77.90217363294813,0.125,0.125,0.125,0.125,0.125,0.125,0.125,0.125
79,79.0,78.89541422641172,0.125,0.125,0.125,0.125,0.125,0.125,0.125,0.125
80,80.0,79.89037661826481,0.125,0.125,0.125,0.125,0.125,0.125,0.125,0.125
81,81.0,80.88693900474995,0.125,0.125,0.125,0.125,0.125,0.125,0.125,0.125
82,82.0,81.88497576253909,0.125,0.125,0.125,0.125,0.125,0.125,0.125,0.125
83,83.0,82.88435908692391,0.125,0.125,0.125,0.125,0.125,0.125,0.125,0.125
84,84.0,83.88496048800103,0.125,0.125,0.125,0.125,0.125,0.125,0.125,0.125
85,85.0,84.88665214409042,0.125,0.125,0.125,0.125,0.125,0.125,0.125,0.125
86,86.0,85.88930811312994,0.125,0.125,0.125,0.125,0.125,0.125,0.125,0.125
87,87.0,86.89280540413424,0.125,0.125,0.125,0.125,0.125,0.125,0.125,0.125
88,88.0,87.89702491199675,0.125,0.125,0.125,0.125,0.125,0.125,0.125,0.125
89,89.0,88.90185221995306,0.125,0.125,0.125,0.125,0.125,0.125,0.125,0.125
90,90.0,89.90717827491419,0.125,0.125,0.125,0.125,0.125,0.125,0.125,0.125
91,91.0,90.91289994163006,0.125,0.125,0.125,0.125,0.125,0.125,0.125,0.125
92,92.0,91.91892044225806,0.125,0.125,0.125,0.125,0.125,0.125,0.125,0.125
93,93.0,92.92514968840067,0.125,0.125,0.125,0.125,0.125,0.125,0.125,0.125
94,94.0,93.93150451304501,0.125,0.125,0.125,0.125,0.125,0.125,0.125,0.125
95,95.0,94.93790881009448,0.125,0.125,0.125,0.125,0.125,0.125,0.125,0.125
96,96.0,95.94429358933806,0.125,0.125,0.125,0.125,0.125,0.125,0.125,0.125
97,97.0,96.9505969547639,0.125,0.125,0.125,0.125,0.125,0.125,0.125,0.125
98,98.0,97.9567640140995,0.125,0.125,0.125,0.125,0.125,0.125,0.125,0.125
99,99.0,98.96274672736057,0.125,0.125,0.125,0.125,0.125,0.125,0.125,0.125
100,100.0,99.96850370202192,0.125,0.125,0.125,0.125,0.125,0.125,0.125,0.125
101,101.0,100.97399994219691,0.125,0.125,0.125,0.125,0.125,0.125,0.125,0.125
102,102.0,101.97920655893245,0.125,0.125,0.125,0.125,0.125,0.125,0.125,0.125
103,103.0,102.98410044840509,0.125,0.125,0.125,0.125,0.125,0.125,0.125,0.125
104,104.0,103.98866394444643,0.125,0.125,0.125,0.125,0.125,0.125,0.125,0.125
105,105.0,104.99288445143917,0.125,0.125,0.125,0.125,0.125,0.125,0.125,0.125
106,106.0,105.99675406321822,0.125,0.125,0.125,0.125,0.125,0.125,0.125,0.125
107,107.0,107.0002691731872,0.125,0.125,0.125,0.125,0.125,0.125,0.125,0.125
108,108.0,108.0034300804274,0.125,0.125,0.125,0.125,0.125,0.125,0.125,0.125
109,109.0,109.00624059613932,0.125,0.125,0.125,0.125,0.125,0.125,0.125,0.125
110,110.0,110.00870765431864,0.125,0.125,0.125,0.125,0.125,0.125,0.125,0.125
111,111.0,111.01084093013685,0.125,0.125,0.125,0.125,0.125,0.125,0.125,0.125
112,112.0,112.01265246907188,0.125,0.125,0.125,0.125,0.125,0.125,0.125,0.125
113,113.0,113.01415632942268,0.125,0.125,0.125,0.125,0.125,0.125,0.125,0.125
114,114.0,114.01536824044418,0.125,0.125,0.125,0.125,0.125,0.125,0.125,0.125
115,115.0,115.01630527795908,0.125,0.125,0.125,0.125,0.125,0.125,0.125,0.125
116,116.0,116.0169855589429,0.125,0.125,0.125,0.125,0.125,0.125,0.125,0.125
117,117.0,117.01742795623892,0.125,0.125,0.125,0.125,0.125,0.125,0.125,0.125
118,118.0,118.01765183424293,0.125,0.125,0.125,0.125,0.125,0.125,0.125,0.125
119,119.0,119.01767680610413,0.125,0.125,0.125,0.125,0.125,0.125,0.125,0.125
120,120.0,120.01752251271817,0.125,0.125,0.125,0.125,0.125,0.125,0.125,0.125
121,121.0,121.01720842354362,0.125,0.125,0.125,0.125,0.125,0.125,0.125,0.125
122,122.0,122.01675365905109,0.125,0.125,0.125,0.125,0.125,0.125,0.125,0.125
123,123.0,123.0161768344173,0.125,0.125,0.125,0.125,0.125,0.125,0.125,0.125
124,124.0,124.01549592390272,0.125,0.125,0.125,0.125,0.125,0.125,0.125,0.125
125,125.0,125.01472814520056,0.125,0.125,0.125,0.125,0.125,0.125,0.125,0.125
126,126.0,126.01388986291661,0.125,0.125,0.125,0.125,0.125,0.125,0.125,0.125
127,127.0,127.0129965102319,0.125,0.125,0.125,0.125,0.125,0.125,0.125,0.125
128,128.0,128.01206252771334,0.125,0.125,0.125,0.125,0.125,0.125,0.125,0.125
129,129.0,129.0111013181695,0.125,0.125,0.125,0.125,0.125,0.125,0.125,0.125
130,130.0,130.01012521639834,0.125,0.125,0.125,0.125,0.125,0.125,0.125,0.125
131,131.0,131.0091454726403,0.125,0.125,0.125,0.125,0.125,0.125,0.125,0.125
132,132.0,132.0081722485317,0.125,0.125,0.125,0.125,0.125,0.125,0.125,0.125
133,133.0,133.00721462434865,0.125,0.125,0.125,0.125,0.125,0.125,0.125,0.125
134,134.0,134.0062806163404,0.125,0.125,0.125,0.125,0.125,0.125,0.125,0.125
135,135.0,135.00537720296956,0.125,0.125,0.125,0.125,0.125,0.125,0.125,0.125
136,136.0,136.00451035890612,0.125,0.125,0.125,0.125,0.125,0.125,0.125,0.125
137,137.0,137.00368509565993,0.125,0.125,0.125,0.125,0.125,0.125,0.125,0.125
138,138.0,138.0029055077818,0.125,0.125,0.125,0.125,0.125,0.125,0.125,0.125
139,139.0,139.00217482361367,0.125,0.125,0.125,0.125,0.125,0.125,0.125,0.125
140,140.0,140.0014954596262,0.125,0.125,0.125,0.125,0.125,0.125,0.125,0.125
141,141.0,141.00086907744122,0.125,0.125,0.125,0.125,0.125,0.125,0.125,0.125
142,142.0,142.0002966427003,0.125,0.125,0.125,0.125,0.125,0.125,0.125,0.125
143,143.0,142.99977848500652,0.125,0.125,0.125,0.125,0.125,0.125,0.125,0.125
144,144.0,143.99931435823203,0.125,0.125,0.125,0.125,0.125,0.125,0.125,0.125
145,145.0,144.99890350055264,0.125,0.125,0.125,0.125,0.125,0.125,0.125,0.125
146,146.0,145.9985446936357,0.125,0.125,0.125,0.125,0.125,0.125,0.125,0.125
147,147.0,146.99823632047406,0.125,0.125,0.125,0.125,0.125,0.125,0.125,0.125
148,148.0,147.99797642142389,0.125,0.125,0.125,0.125,0.125,0.125,0.125,0.125
149,149.0,148.99776274806447,0.125,0.125,0.125,0.125,0.125,0.125,0.125,0.125
150,150.0,149.99759281456036,0.125,0.125,0.125,0.125,0.125,0.125,0.125,0.125
151,151.0,150.99746394626104,0.125,0.125,0.125,0.125,0.125,0.125,0.125,0.125
152,152.0,151.99737332532905,0.125,0.125,0.125,0.125,0.125,0.125,0.125,0.125
153,153.0,152.99731803323698,0.125,0.125,0.125,0.125,0.125,0.125,0.125,0.125
154,154.0,153.99729509002177,0.125,0.125,0.125,0.125,0.125,0.125,0.125,0.125
155,155.0,154.99730149022784,0.125,0.125,0.125,0.125,0.125,0.125,0.125,0.125
156,156.0,155.99733423551103,0.125,0.125,0.125,0.125,0.125,0.125,0.125,0.125
157,157.0,156.99739036391077,0.125,0.125,0.125,0.125,0.125,0.125,0.125,0.125
158,158.0,157.99746697583146,0.125,0.125,0.125,0.125,0.125,0.125,0.125,0.125
159,159.0,158.99756125680176,0.125,0.125,0.125,0.125,0.125,0.125,0.125,0.125
160,160.0,159.997670497107,0.125,0.125,0.125,0.125,0.125,0.125,0.125,0.125
161,161.0,160.99779210841066,0.125,0.125,0.125,0.125,0.125,0.125,0.125,0.125
162,162.0,161.99792363749984,0.125,0.125,0.125,0.125,0.125,0.125,0.125,0.125
163,163.0,162.9980627773051,0.125,0.125,0.125,0.125,0.125,0.125,0.125,0.125
164,164.0,163.9982073753568,0.125,0.125,0.125,0.125,0.125,0.125,0.125,0.125
165,165.0,164.99835543984977,0.125,0.125,0.125,0.125,0.125,0.125,0.125,0.125
166,166.0,165.99850514349492,0.125,0.125,0.125,0.125,0.125,0.125,0.125,0.125
167,167.0,166.99865482534062,0.125,0.125,0.125,0.125,0.125,0.125,0.125,0.125
168,168.0,167.99880299074837,0.125,0.125,0.125,0.125,0.125,0.125,0.125,0.125
169,169.0,168.99894830970783,0.125,0.125,0.125,0.125,0.125,0.125,0.125,0.125
170,170.0,169.99908961367427,0.125,0.125,0.125,0.125,0.125,0.125,0.125,0.125
171,171.0,170.99922589110733,0.125,0.125,0.125,0.125,0.125,0.125,0.125,0.125
172,172.0,171.99935628188598,0.125,0.125,0.125,0.125,0.125,0.125,0.125,0.125
173,173.0,172.99948007076793,0.125,0.125,0.125,0.125,0.125,0.125,0.125,0.125
174,174.0,173.99959668005403,0.125,0.125,0.125,0.125,0.125,0.125,0.125,0.125
175,175.0,174.99970566161096,0.125,0.125,0.125,0.125,0.125,0.125,0.125,0.125
176,176.0,175.9998066883961,0.125,0.125,0.125,0.125,0.125,0.125,0.125,0.125
177,177.0,176.99989954561875,0.125,0.125,0.125,0.125,0.125,0.125,0.125,0.125
178,178.0,177.99998412166295,0.125,0.125,0.125,0.125,0.125,0.125,0.125,0.125
179,179.0,179.00006039888612,0.125,0.125,0.125,0.125,0.125,0.125,0.125,0.125
180,180.0,180.0001284443981,0.125,0.125,0.125,0.125,0.125,0.125,0.125,0.125
181,181.0,181.00018840091488,0.125,0.125,0.125,0.125,0.125,0.125,0.125,0.125
182,182.0,182.00024047777083,0.125,0.125,0.125,0.125,0.125,0.125,0.125,0.125
183,183.0,183.0002849421635,0.125,0.125,0.125,0.125,0.125,0.125,0.125,0.125
184,184.0,184.00032211069524,0.125,0.125,0.125,0.125,0.125,0.125,0.125,0.125
185,185.0,185.00035234126688,0.125,0.125,0.125,0.125,0.125,0.125,0.125,0.125
186,186.0,186.00037602536867,0.125,0.125,0.125,0.125,0.125,0.125,0.125,0.125
187,187.0,187.0003935808066,0.125,0.125,0.125,0.125,0.125,0.125,0.125,0.125
188,188.0,188.00040544489266,0.125,0.125,0.125,0.125,0.125,0.125,0.125,0.125
189,189.0,189.0004120681212,0.125,0.125,0.125,0.125,0.125,0.125,0.125,0.125
190,190.0,190.00041390834568,0.125,0.125,0.125,0.125,0.125,0.125,0.125,0.125
191,191.0,191.00041142546425,0.125,0.125,0.125,0.125,0.125,0.125,0.125,0.125
192,192.0,192.00040507661635,0.125,0.125,0.125,0.125,0.125,0.125,0.125,0.125
193,193.0,193.00039531188708,0.125,0.125,0.125,0.125,0.125,0.125,0.125,0.125
194,194.0,194.00038257051185,0.125,0.125,0.125,0.125,0.125,0.125,0.125,0.125
195,195.0,195.00036727756904,0.125,0.125,0.125,0.125,0.125,0.125,0.125,0.125
196,196.0,196.0003498411448,0.125,0.125,0.125,0.125,0.125,0.125,0.125,0.125
197,197.0,197.00033064995154,0.125,0.125,0.125,0.125,0.125,0.125,0.125,0.125
198,198.0,198.0003100713781,0.125,0.125,0.125,0.125,0.125,0.125,0.125,0.125
199,199.0,199.00028844994821,0.125,0.125,0.125,0.125,0.125,0.125,0.125,0.125
200,200.0,200.00026610616183,0.12458333333333334,0.12458333333333334,0.12458333333333334,0.12569444444444444,0.12458333333333334,0.12458333333333334,0.12680555555555556,0.12458333333333334
201,201.0,201.00024333569246,0.12394861111111112,0.12394861111111112,0.12394861111111112,0.12604861111111113,0.12394861111111112,0.12494861111111112,0.12925972222222223,0.12394861111111112
202,202.0,202.0002204089131,0.1236425286796537,0.12225724729437232,0.12225724729437232,0.12618771915584417,0.12225724729437232,0.12415633820346322,0.1369844247835498,0.12225724729437232
203,203.0,203.00019757072255,0.12312132184523811,0.12044036946428574,0.12044036946428574,0.12608935089285717,0.1221070361309524,0.12314480279761907,0.1442163799404762,0.12044036946428574
204,204.0,204.00017504064385,0.12228975374454297,0.11842430219609143,0.11842430219609143,0.12608917669649103,0.12238199450378374,0.12184573014714038,0.15135120755053696,0.1191935329653222
205,205.0,205.0001530131666,0.12120091389676697,0.11697468360575365,0.11626039789146794,0.12576198053230114,0.12230637041894046,0.12102917045521419,0.1587302611322636,0.11773622206729213
206,206.0,206.00013165830538,0.12004319001599857,0.1155091588407492,0.11408773026932062,0.12529484993808607,0.12216698098360632,0.12016428240171412,0.16647764870977605,0.1162561588407492
207,207.0,207.00011112234722,0.1187894513117917,0.11395112060486332,0.11188366822391094,0.1246601285925563,0.12187874346585233,0.11921931358962018,0.17494000822192668,0.11467756598947872
208,208.0,208.00009152876143,0.1175057560674517,0.11241256179970421,0.10971769584732326,0.12430868835206421,0.12154658622125915,0.11825602581221671,0.18313944232335358,0.1131132435766273
209,209.0,209.0000729792466,0.11631821975471815,0.11096265674098746,0.10766340056717794,0.12396480179259722,0.1198053880371219,0.1174515106244355,0.19220087802974373,0.11163314445321824
210,210.0,210.00005555489076,0.11582324373108199,0.10890447769547693,0.10569426288411979,0.12359708917096662,0.11806328453243825,0.11666314007777864,0.2010467493691089,0.11020775253902901
211,211.0,211.00003931742162,0.11453704586059986,0.10691085542093456,0.10381287998389814,0.12320303178823251,0.11691254217627046,0.11588860498222772,0.20917020308436585,0.10956483670347104
212,212.0,212.0000243105252,0.1130924043165728,0.10552054249489866,0.10184027653483552,0.1225452459569915,0.1155915185949326,0.1148353633513415,0.21672972557192843,0.10984492317849914
213,213.0,213.00001056121314,0.11153828701076686,0.10402853956350147,0.0998372052685054,0.12230417513819355,0.11416235678895378,0.11357738590082413,0.22367651442803138,0.11087553590122357
214,214.0,213.99999808122018,0.10988140329355509,0.1024417572429519,0.09780737478946616,0.1221238990085566,0.11263079330902626,0.11213073804969317,0.22987862387347202,0.11310541043327896
215,215.0,214.9999868684143,0.10819133823124838,0.1008661913924001,0.09581690942080852,0.12179480984090572,0.11106553405437354,0.11064690341355071,0.23575632654975698,0.11586198709695622
216,216.0,215.99997690820487,0.10657478216193703,0.09936168877022869,0.09392699005205776,0.12185444375085701,0.10894748060855822,0.1085646517641362,0.24102568759885937,0.11974427529336593
217,217.0,216.99996817493434,0.1049854544469952,0.09788223129972602,0.09212926920269775,0.12172037802632438,0.10686090085094178,0.10678569053917567,0.24518143855160407,0.12445463708253535
218,218.0,217.9999606332415,0.10345562031169885,0.09646000943705031,0.09045199612917103,0.12175415742224173,0.10484300511016849,0.10502666100812368,0.24854029856096854,0.12946825202057757
219,219.0,218.99995423938554,0.10199402088066287,0.09510347590859487,0.0888996808545548,0.12165519612758567,0.10290688601188704,0.1033027244367504,0.25196212683840025,0.13417588894156435
220,220.0,219.9999489425213,0.10061423767945508,0.0938521139783496,0.08748152172435783,0.12147450570429011,0.10106989805548472,0.10165971568595887,0.2551689508199404,0.13867905635216365
221,221.0,220.99994468591828,0.09928173853181568,0.09266020869529679,0.08615057330494104,0.12193368904373487,0.09929278659583851,0.10006582367590976,0.25798477668914394,0.14263040346331962
222,222.0,221.9999414081164,0.0980073828576488,0.09154393278926881,0.08492162335114167,0.12225257538770341,0.09759753443959036,0.0985343384864139,0.26039468598899684,0.14674792669923642
223,223.0,222.99993904401353,0.09669968716793614,0.0904013305260679,0.08369120596038042,0.12280549763579574,0.09588735262240737,0.09644960579942453,0.2624883124697347,0.1515770078182534
224,224.0,223.99993752588082,0.09540395131001833,0.08927534945293225,0.08250066093914997,0.12324741186400741,0.09420972481744376,0.09439037079097612,0.2640415528268243,0.15693097799864814
225,225.0,224.99993678430258,0.09414102756838594,0.08818467817067759,0.08136699740980045,0.1235940906411353,0.09192059614395147,0.09238376695238996,0.26576867084481703,0.16264017226884253
226,226.0,225.99993674903914,0.09288834918691197,0.08715395180529778,0.08031312325069667,0.12312636917429495,0.08972126736777766,0.09045434908981757,0.26775828452571965,0.168584305599484
227,227.0,226.99993734981166,0.09165555073968555,0.08614847107382602,0.07930258621147197,0.12248842121416074,0.08784889762675598,0.0885743251105735,0.2692971555815764,0.1746845924419501
228,228.0,227.9999385170088,0.09039564957219627,0.08515555478085711,0.0783209465112016,0.12170699947389635,0.08602571353186259,0.0867369979264418,0.27087051329193584,0.18078762491160869
229,229.0,228.99994018231612,0.08923392146936565,0.08426109129331308,0.07745234646083542,0.12085300187880699,0.08434190662535986,0.08503334939567878,0.2723567468472258,0.18646763602941469
230,230.0,229.99994227926956,0.08822811678017184,0.08361914288067525,0.07675044680050874,0.1208180821167001,0.08285632763188942,0.0835229985126709,0.2722371348764529,0.1919677504009311
231,231.0,230.99994474373494,0.08721821193652946,0.08300057159110526,0.07608410634882046,0.12065632248958169,0.08144220001503123,0.08207990948642122,0.2723097632623426,0.19720891487016834
232,232.0,231.9999475143165,0.08621443940026577,0.0824090874422381,0.07545629460646969,0.12061176530928867,0.08010607131261462,0.08071133842083834,0.272330032544395,0.20216097096389005
233,233.0,232.9999505326967,0.08522538839170743,0.0818473633107519,0.07486890356920592,0.12045539632139769,0.07885266764592147,0.07942268395621332,0.27202660031163073,0.20730099649317174
234,234.0,233.9999537439119,0.08433217709434213,0.08136734968588433,0.07437307432655399,0.12024641997545733,0.07773526616369271,0.07826785659274296,0.271706991874089,0.2119708642872378
235,235.0,234.99995709656648,0.08353319279466757,0.0811823915655423,0.07396393359945153,0.11998873327800413,0.07675047980694753,0.07724406103858984,0.2716673817958546,0.21566982612094268
236,236.0,235.99996054298992,0.08322832126241086,0.08101377065459517,0.07358611913854715,0.11984905869590443,0.07584383260082352,0.07629736974248225,0.27113799491730906,0.21904353298792772
237,237.0,236.99996403934114,0.08278062327679979,0.08117594113683826,0.07357659299100303,0.11947856018183993,0.0759875444545108,0.07528939543265663,0.27023622106004186,0.22147512146630985
238,238.0,237.99996754566382,0.08242034677208261,0.08139763852913491,0.07364283976746094,0.11908900172568217,0.07624766961358703,0.07440887342367868,0.26930258681536823,0.22349104335300557
239,239.0,238.9999710258976,0.08199544576473906,0.08152378656607873,0.07362996820931893,0.11872247757642326,0.07757417000655566,0.07350495710507537,0.2680906476894373,0.22495854708237184
240,240.0,239.999974447849,0.08142526265646985,0.08170119470167148,0.0737997254924296,0.11829868941674443,0.07887071657619799,0.07284248359856683,0.2667758345883019,0.22628609296961816
241,241.0,240.99997778312678,0.08086387531319539,0.08186967696356315,0.07399542117599528,0.11781811009933488,0.08019726447973295,0.07226696204686722,0.265774576187127,0.22721411373418435
242,242.0,241.9999810070455,0.08019928041517191,0.08255858460472999,0.07421160291858805,0.11728730040609928,0.08153641177832283,0.07177431614359955,0.26466079036002316,0.22777171337346552
243,243.0,242.99998409850193,0.07953957141964309,0.08319668720367406,0.07442746720886546,0.11670097564066757,0.08297293420752169,0.07134436323716387,0.2638462329810273,0.22797176810143727
244,244.0,243.9999870398277,0.07892246942901077,0.08318889178338329,0.07467308627395955,0.11605058801667774,0.08330024768301304,0.07111946988302746,0.2633548322091062,0.2293904147218222
245,245.0,244.9999898166226,0.07820024849246768,0.08301233259902586,0.07476551908730363,0.11610258226926112,0.08344837346444575,0.07080128121589492,0.26292106615135946,0.23074859672024184
246,246.0,245.99999241757178,0.07735668627891953,0.08367028657992068,0.07471351467067507,0.11579631743960146,0.08342799043970443,0.0703963552185995,0.26262988416197736,0.23200896521060224
247,247.0,246.99999483425034,0.07650177207866259,0.08460659795464939,0.0746268711914229,0.11601145162567733,0.08334968356422488,0.07001314293089919,0.2622206677758543,0.23266981287860972
248,248.0,247.99999706091853,0.07567636158798043,0.08548149538332694,0.07454211130890526,0.11619390376468672,0.08325202066550826,0.06968529747838406,0.262088124253093,0.23308068555811556
249,249.0,248.9999990943107,0.0748622148355791,0.08626841707199716,0.07474905470462657,0.11632008645052933,0.08311519128768452,0.06927794783498971,0.26197302649779464,0.23343406131679922
250,250.0,250.00000093342055,0.0741703221863489,0.08790519212171594,0.07503017030803608,0.11630549746492985,0.08304927136480866,0.06900681000750515,0.2622044684253161,0.2323282681213395
251,251.0,251.00000257928522,0.07353649014687402,0.08948528556706407,0.07575661802432108,0.11625500200317956,0.0829660039291654,0.06888665016562268,0.26252324895653023,0.23059070120724315
252,252.0,252.0000040347706,0.07296923502895644,0.09101192374613083,0.0764799738266679,0.11617962029265819,0.08287916549460438,0.06881803012240548,0.26293776248334,0.22872428900523706
253,253.0,253.00000530435972,0.07245216904146098,0.0916264498202617,0.07796941419245651,0.11608743325389896,0.08277457889520437,0.06878107944826058,0.26336862162069063,0.22694025372776647
254,254.0,254.00000639394634,0.07191142049542565,0.09208406245114682,0.07923997641844531,0.11622794907442602,0.0825775350662881,0.06869313342496004,0.26384019741011455,0.22542572565919372
255,255.0,255.00000731063483,0.07116720711327999,0.09235650830354154,0.08150441875108069,0.1162668609411455,0.0822903075704976,0.06855104442987592,0.26454918015086704,0.2233144727397119
256,256.0,256.00000806254815,0.07038726967400094,0.0932203912542923,0.08356194502064823,0.11602509860631373,0.08190098582375102,0.06833766580814753,0.2653240610032421,0.22124258280960432
257,257.0,257.0000086586446,0.06952377395465809,0.09403164509134866,0.08530879236858122,0.11548931893151863,0.08138296819877075,0.06802137873385136,0.26596310291971065,0.22027901980156075
258,258.0,258.000009108545,0.0686370650305004,0.09455363637978191,0.08688758351274473,0.11474132482233233,0.08079800994311535,0.06765916832436006,0.26753296701758533,0.21919024496957998
259,259.0,259.0000094223699,0.06841304125336929,0.09482568275489711,0.08831259388272275,0.11382081571916017,0.08017019788626309,0.06727272519083295,0.2691700156290868,0.21801492768366787
260,260.0,260.00000961058856,0.06822904615683649,0.09499623774538025,0.08962669674546359,0.11287970098575313,0.07955205467519892,0.06691029618330564,0.2709477214816879,0.2168582460263741
261,261.0,261.00000968387957,0.06798681097791916,0.09493508725624036,0.09073103225147146,0.11179593041372601,0.07951992910869728,0.06651923843049601,0.2727180273754548,0.2157939441859949
262,262.0,262.0000096530026,0.06769150430565651,0.09466280739110007,0.09163085533380921,0.11117348884525552,0.07941302190972487,0.0661030713221007,0.2743331439643245,0.21499210692802856
263,263.0,263.00000952868334,0.06735242187569102,0.09420584825587242,0.09268218858633356,0.11068682097015886,0.07914037940432891,0.0656716508423458,0.276320329414525,0.21394036065074432
264,264.0,264.00000932150914,0.06722914207844921,0.09358329475817324,0.0935789896011973,0.11061741206737455,0.07881446587319241,0.06522786945283693,0.27798730280509815,0.21296152336367807
265,265.0,265.0000090418373,0.06716737627951112,0.0930548921419709,0.09432379848879137,0.11089980177583211,0.07843849054331305,0.06477177221298987,0.279382630414454,0.2119612381431375
266,266.0,266.0000086997143,0.06756417382575866,0.0924241542477735,0.09488947898736506,0.11103272831145383,0.07691265649678723,0.06431460818490892,0.28065546195530033,0.21220673799065232
267,267.0,267.0000083048064,0.06797269669748165,0.09175075443411541,0.09535140999045158,0.1111701415429262,0.07541794783075492,0.06389036700127974,0.2819512037339827,0.21249547876900765
268,268.0,268.0000078663412,0.06827325926059202,0.09092874119528872,0.09560154050019369,0.11117673213146659,0.07485080048665708,0.06338460018232348,0.2831890278034979,0.21259529843998043
269,269.0,269.00000739305915,0.06857446845015941,0.09008126965145476,0.09542663650445027,0.11116957353728099,0.0745529862960594,0.0629121017228078,0.28421949006326486,0.21306347377452245
270,270.0,270.0000068931747,0.06843028210431919,0.08927567192100963,0.09514869524229796,0.11077284953613625,0.07432492434464222,0.06248443046629463,0.28585693539622725,0.21370621098907275
271,271.0,271.000006374347,0.06823301616178755,0.08838763790682529,0.0947734042261053,0.11071492540468109,0.07408012128346188,0.06206510521907611,0.2874343224404963,0.2143114673575663
272,272.0,272.0000058436586,0.06798811875818077,0.08743155773196483,0.09431319034980462,0.11111006595118894,0.07395116207199667,0.0616565712917455,0.28867371462454905,0.2148756192205694
273,273.0,273.0000053076024,0.06770087517711204,0.0868557035703188,0.09378004315181375,0.11146951171738839,0.07280768952019982,0.061260872751217374,0.2907295977433013,0.21539570636864833
274,274.0,274.00000477207584,0.0674458522161092,0.0864889540420051,0.09325490123897301,0.1112544941398797,0.07173032541309847,0.06094913483766069,0.293006905863612,0.21586943224866165
275,275.0,275.0000042423811,0.0671374243895345,0.08605224576615873,0.09264997110627071,0.11123296823865567,0.07063038240536981,0.060619886227547236,0.29494292939635625,0.21673419247010695
276,276.0,276.0000037232321,0.06681802717268327,0.08559006402075094,0.091809594570224,0.11107971320245238,0.06955489020913898,0.0603124466432472,0.2972799504250491,0.21755531375645393
277,277.0,277.0000032187657,0.06651757092118799,0.08516277304059819,0.09096116679650568,0.11091097881909599,0.06853754474621004,0.06003936618689,0.2995218998013276,0.21834869968818432
278,278.0,278.00000273255824,0.06600433813749494,0.08491788765400833,0.0900994758699851,0.11098447118797604,0.0675537299104997,0.059785324155358754,0.30157475554653074,0.2190800175381462
279,279.0,279.0000022676459,0.06550155761622084,0.08467420894660915,0.08924295311186553,0.11103031987907715,0.0668811166265672,0.05955933327710199,0.3033414575094655,0.2197690530330924
280,280.0,280.0000018265484,0.06490039808041086,0.0843394968461415,0.08827948613818692,0.11090372341550778,0.06705572825020686,0.05924057786844649,0.3047848048426474,0.22049578455845195
281,281.0,281.00000141129516,0.06430124369774803,0.08398417397247881,0.08732716622434081,0.11075924456369438,0.06725699380820808,0.05893917663576312,0.30628157722453,0.2211504238732366
282,282.0,282.0000010234543,0.0635334597995426,0.08366113310740375,0.08640607140437596,0.11079948781320438,0.0677481762901849,0.05866797236379373,0.3074268807237298,0.22175681849776474
283,283.0,283.00000066416294,0.0627655800940062,0.08331204285154754,0.08516762395824538,0.11096262041251537,0.06824085029705446,0.058395774772418016,0.308288506830945,0.222867000783268
284,284.0,284.0000003341591,0.06196866860396887,0.08287899002081635,0.08440203715662725,0.1109151198413755,0.06868784222445212,0.05810003124766881,0.3087575020565737,0.22428980884851735
285,285.0,285.00000003381405,0.06110908327818547,0.08232785608266394,0.08359395691067868,0.11076489561520583,0.06930166328863167,0.05774208349994761,0.30893435133127034,0.2262261099934164
286,286.0,285.99999976316536,0.05996251206356389,0.08145671222181808,0.0825136803356313,0.11120379734268107,0.06951800184983702,0.05709084752913503,0.3099287684154733,0.22832568024186028
287,287.0,286.99999952194986,0.05879114057503581,0.08153330708514402,0.0815014471312501,0.11218271218657781,0.06965351980509624,0.05640808311705424,0.3107589680830397,0.22917082201680208
288,288.0,287.99999930963645,0.057626613457973076,0.08152463662982765,0.08040526903783503,0.11326437691279667,0.06974123896269001,0.055712371423682586,0.31132814831449307,0.2303973452607019
289,289.0,288.99999912545803,0.05638783362315071,0.08109454669062559,0.07921730307271563,0.11413331186404693,0.06963284138272807,0.05491562762835282,0.31263799706979745,0.23198053866858281
290,290.0,289.99999896844287,0.05505069341324847,0.08048829206873868,0.07790282993973555,0.11496613311312989,0.06929685480446704,0.054004620696270676,0.3142368622936371,0.2340537136707726
291,291.0,290.9999988374448,0.05372962937096847,0.0791519742761192,0.07595946383824577,0.1155840254242471,0.06889249711459497,0.053091621239766906,0.317141496258632,0.23644929247742552
292,292.0,291.9999987311721,0.05240070584935738,0.07773433490960974,0.07400572252604332,0.1169185478550775,0.06839414262378928,0.0521509133022117,0.3195673802189317,0.23882825271497934
293,293.0,292.99999864821496,0.0510956329265459,0.07627327877241986,0.07209817582092495,0.11835959959703574,0.06783286137460957,0.051212791123835484,0.32149453435420805,0.24163312603042045
294,294.0,293.99999858707133,0.04984649665504588,0.07480718997022068,0.0702401286235631,0.11946892102500312,0.06657438416002164,0.05030826689374644,0.3239898372993357,0.2447647753730634
295,295.0,294.9999985461714,0.048599021585982505,0.07330234516677284,0.06839306452976884,0.12028982920428144,0.06591271240038069,0.04937519737127484,0.32673148461457346,0.2473963451269654
296,296.0,295.99999852389976,0.04735605867464816,0.07216701317049236,0.0665612188915177,0.1219660327818298,0.06514311495031143,0.048416408151928256,0.3291446216262035,0.24924553175306882
297,297.0,296.9999985186163,0.04611959266847468,0.07099010141077837,0.0647035714612921,0.12371912807728389,0.06431526155359561,0.047435212397090906,0.3316593447379801,0.2510577876935043
298,298.0,297.999998528675,0.04491862094396071,0.06970027167703204,0.06284603364994795,0.12600186042879613,0.06346035122880024,0.04646112113607796,0.33457509054025925,0.2520366503951256
299,299.0,298.99999855244107,0.043749525308036816,0.06841420938004036,0.061008144137964106,0.1281928054732879,0.06257316840194033,0.045490206086086574,0.33759798617733455,0.2529739550353093
300,300.0,299.9999985883061,0.042620163489940334,0.06714274753607966,0.05920559074937328,0.13079251140981385,0.06166465013754267,0.044531296754188474,0.3405048608277074,0.25353817909535425
301,301.0,300.99999863470157,0.04156795512428697,0.06565026873206982,0.05749116627388219,0.133319655085105,0.06074343239418169,0.04361545461345194,0.34328564388169386,0.25432642389532845
302,302.0,301.9999986901105,0.040584483073471726,0.06420250153896725,0.05589875980641923,0.1355013889348549,0.05984119323165146,0.0427516404749835,0.34632399226516497,0.2548960406744869
303,303.0,302.9999987530774,0.03968546240832852,0.06282802798458834,0.05443824670617409,0.13742770495128012,0.0589776402206373,0.041949442775258895,0.34941835008921945,0.2552751248645133
304,304.0,303.99999882221687,0.03885834989615139,0.06150694646003655,0.053085791430508275,0.13906405514056558,0.05814428408559621,0.041197785781417785,0.35253002220339164,0.25561276500233265
305,305.0,304.99999889622023,0.03817787718177377,0.06017863202274519,0.0517474174575905,0.1404824907718137,0.057242315344534035,0.040432086975793285,0.355996975320197,0.25574220492555255
306,306.0,305.99999897386107,0.03756921874716152,0.05916782515480626,0.05050342865725251,0.14196102169754427,0.05638033546253833,0.03971939096041117,0.3591205361490253,0.2555782431712607
307,307.0,306.9999990539992,0.0369913586406137,0.05818567170729635,0.049340861553124185,0.14282409212375136,0.0554921614950336,0.03903262804693118,0.3623762471085089,0.25575697932474073
308,308.0,307.9999991355835,0.03646058926367008,0.05725160815942821,0.0482770206027241,0.14357330183145472,0.054628325175787446,0.038389306637192755,0.3655085915780559,0.25591125675168686
309,309.0,308.9999992176535,0.036007113827972045,0.0564079352750598,0.047332381542663095,0.1444440958344406,0.0538263339633754,0.03781251394283222,0.3683757560343156,0.2557938695793413
310,310.0,309.99999929934,0.035682827748931306,0.055370909840940806,0.046614726256543976,0.14540039058444576,0.053142962171062416,0.037356455074434684,0.37087922006457724,0.25555250825906384
311,311.0,310.9999993798645,0.0353676696353874,0.054888848362079266,0.04592863845537623,0.14637386701339739,0.05190894327561095,0.036913344510682386,0.3737748068671616,0.2548438818803048
312,312.0,311.99999945853784,0.035499384210389506,0.054350086402170705,0.045246887892334206,0.14754512210272122,0.050660511093517956,0.036455757633132566,0.3762382090826844,0.2540040415830495
313,313.0,312.9999995347585,0.035673920440594906,0.053878813084459014,0.04443118256419583,0.14868629173508421,0.0494772125855765,0.036053039948601144,0.37867052186167305,0.25312901777981534
314,314.0,313.9999996080095,0.03581201541176563,0.053354412556372355,0.04361484232199609,0.15011566894869788,0.04829065653435911,0.035636333925669374,0.38068421162622124,0.2524918586749183
315,315.0,314.99999967785527,0.035942818944104934,0.05283747147626078,0.042838428657403956,0.15120155072243613,0.047145358215882706,0.03569334510137363,0.3825576572151148,0.2517833696674231
316,316.0,315.99999974393796,0.036078795770499515,0.052376571498637337,0.042150617327167725,0.15200084635310773,0.04606189523985517,0.035786316047213544,0.38452021096806277,0.25102474679545633
317,317.0,316.999999805973,0.03619719208875659,0.05143040477372501,0.04150984375422557,0.15245850670863814,0.04502783750658809,0.03587196279561272,0.3868955802447541,0.2506086721276998
318,318.0,317.99999986374485,0.036289948301548317,0.05049190444862223,0.040903471659159724,0.15254351895296991,0.044040439271955466,0.035942231315823726,0.38963496378507695,0.2501535222648437
319,319.0,318.999999917102,0.03637813101427716,0.04958689834846332,0.04035203416733169,0.1527609474714791,0.043116878760023486,0.036010097066892496,0.3921999976918778,0.249595015479655
320,320.0,319.99999996595244,0.036436045328766556,0.048695366761375716,0.03983051751246352,0.15276136034653479,0.04232179420637058,0.03605008698735013,0.3943600887471196,0.24954474011001923
321,321.0,321.00000001025836,0.03649540609870904,0.04785798274830399,0.03936631579806143,0.15288093541676076,0.04161122790241559,0.036092560902154854,0.3962925146764785,0.24940305645711586
322,322.0,322.0000000500311,0.03665904604474019,0.04705778115939144,0.038941484068055976,0.1527570509949766,0.04095335565065139,0.036123006283714065,0.39827717302712723,0.2492311027713431
323,323.0,323.0000000853262,0.036798536256655884,0.046284642577095705,0.03854228652129729,0.15270289644157842,0.040341396488666165,0.0361346739960599,0.40006480093443414,0.2491307667842125
324,324.0,324.00000011623854,0.03689690543524245,0.04553284044845711,0.038159751351919194,0.1524323637633673,0.03976666907872673,0.03645287112938015,0.4014858215063263,0.24927277728658084
325,325.0,325.0000001428973,0.036964847098322436,0.04482053815182437,0.038136574881300185,0.15212178340630178,0.03924380800720525,0.03674119470895192,0.40265841725811224,0.24931283648798183
326,326.0,326.00000016546124,0.037116201180734276,0.044148729581740674,0.03813509030226537,0.1520931925911215,0.038854516236562636,0.03699778615234918,0.4033986794725617,0.24925580448266463
327,327.0,327.00000018411407,0.03722508353481038,0.04350204184095574,0.03813048121386291,0.1520989920524568,0.03849680524114811,0.03721095871760637,0.404086782779878,0.24924885461928165
328,328.0,328.00000019906054,0.03730823422569712,0.0429033255636607,0.038150843050186845,0.15198208876243852,0.03818761219992612,0.0374112390035301,0.4046912629678236,0.249365394226737
329,329.0,329.00000021052176,0.03735437633359037,0.04233514382493726,0.038170682749590804,0.15180179744985975,0.03791703943395426,0.03757125190618761,0.4053724641283306,0.24947724417354936
330,330.0,330.0000002187316,0.03760293036102867,0.04180281458876392,0.038188302473841244,0.15170742942569745,0.03767828546899694,0.03769175954951548,0.40577306850553185,0.24955540962662448
331,331.0,331.00000022393317,0.038044769376011575,0.04131210009149604,0.03821563545474503,0.15144920504775036,0.037471843750923495,0.037792488071399954,0.4059800171098034,0.24973394109787023
