,Unnamed: 0,Total_iterations,Add_vertex,Delete_vertex,Insert_inside_vertex,Delete_inside_vertex
0,0.0,0.0,0.25,0.25,0.25,0.25
1,1.0,1.0,0.25,0.25,0.25,0.25
2,2.0,2.0,0.25,0.25,0.25,0.25
3,3.0,3.0,0.25,0.25,0.25,0.25
4,4.0,4.0,0.25,0.25,0.25,0.25
5,5.0,5.0,0.25,0.25,0.25,0.25
6,6.0,6.0,0.25,0.25,0.25,0.25
7,7.0,7.0,0.25,0.25,0.25,0.25
8,8.0,8.0,0.25,0.25,0.25,0.25
9,9.0,9.0,0.25,0.25,0.25,0.25
10,10.0,10.0,0.25,0.25,0.25,0.25
11,11.0,11.0,0.25,0.25,0.25,0.25
12,12.0,12.0,0.25,0.25,0.25,0.25
13,13.0,13.0,0.25,0.25,0.25,0.25
14,14.0,14.0,0.25,0.25,0.25,0.25
15,15.0,15.0,0.25,0.25,0.25,0.25
16,16.0,16.0,0.25,0.25,0.25,0.25
17,17.0,17.0,0.25,0.25,0.25,0.25
18,18.0,18.0,0.25,0.25,0.25,0.25
19,19.0,19.0,0.25,0.25,0.25,0.25
20,20.0,20.0,0.25,0.25,0.25,0.25
21,21.0,21.0,0.25,0.25,0.25,0.25
22,22.0,22.0,0.25,0.25,0.25,0.25
23,23.0,23.0,0.25,0.25,0.25,0.25
24,24.0,24.0,0.25,0.25,0.25,0.25
25,25.0,25.0,0.25,0.25,0.25,0.25
26,26.0,26.0,0.25,0.25,0.25,0.25
27,27.0,27.0,0.25,0.25,0.25,0.25
28,28.0,28.0,0.25,0.25,0.25,0.25
29,29.0,29.0,0.25,0.25,0.25,0.25
30,30.0,30.0,0.25,0.25,0.25,0.25
31,31.0,31.0,0.25,0.25,0.25,0.25
32,32.0,32.0,0.25,0.25,0.25,0.25
33,33.0,33.0,0.25,0.25,0.25,0.25
34,34.0,34.0,0.25,0.25,0.25,0.25
35,35.0,35.0,0.25,0.25,0.25,0.25
36,36.0,36.0,0.25,0.25,0.25,0.25
37,37.0,37.0,0.25,0.25,0.25,0.25
38,38.0,38.0,0.25,0.25,0.25,0.25
39,39.0,39.0,0.25,0.25,0.25,0.25
40,40.0,40.0,0.25,0.25,0.25,0.25
41,41.0,41.0,0.25,0.25,0.25,0.25
42,42.0,42.0,0.25,0.25,0.25,0.25
43,43.0,43.0,0.25,0.25,0.25,0.25
44,44.0,44.0,0.25,0.25,0.25,0.25
45,45.0,45.0,0.25,0.25,0.25,0.25
46,46.0,46.0,0.25,0.25,0.25,0.25
47,47.0,47.0,0.25,0.25,0.25,0.25
48,48.0,48.0,0.25,0.25,0.25,0.25
49,49.0,49.0,0.25,0.25,0.25,0.25
50,50.0,50.0,0.25,0.25,0.25,0.25
51,51.0,51.0,0.25,0.25,0.25,0.25
52,52.0,52.0,0.25,0.25,0.25,0.25
53,53.0,53.0,0.25,0.25,0.25,0.25
54,54.0,54.0,0.25,0.25,0.25,0.25
55,55.0,55.0,0.25,0.25,0.25,0.25
56,56.0,56.0,0.25,0.25,0.25,0.25
57,57.0,57.0,0.25,0.25,0.25,0.25
58,58.0,58.1,0.25,0.25,0.25,0.25
59,59.0,59.1,0.25,0.25,0.25,0.25
60,60.0,60.1,0.25,0.25,0.25,0.25
61,61.0,61.1,0.25,0.25,0.25,0.25
62,62.0,62.1,0.25,0.25,0.25,0.25
63,63.0,63.1,0.25,0.25,0.25,0.25
64,64.0,64.1,0.25,0.25,0.25,0.25
65,65.0,65.1,0.25,0.25,0.25,0.25
66,66.0,66.1,0.25,0.25,0.25,0.25
67,67.0,67.1,0.25,0.25,0.25,0.25
68,68.0,68.1,0.25,0.25,0.25,0.25
69,69.0,69.1,0.25,0.25,0.25,0.25
70,70.0,70.1,0.25,0.25,0.25,0.25
71,71.0,71.1,0.25,0.25,0.25,0.25
72,72.0,72.1,0.25,0.25,0.25,0.25
73,73.0,73.1,0.25,0.25,0.25,0.25
74,74.0,74.1,0.25,0.25,0.25,0.25
75,75.0,75.1,0.25,0.25,0.25,0.25
76,76.0,76.1,0.25,0.25,0.25,0.25
77,77.0,77.1,0.25,0.25,0.25,0.25
78,78.0,78.1,0.25,0.25,0.25,0.25
79,79.0,79.1,0.25,0.25,0.25,0.25
80,80.0,80.1,0.25,0.25,0.25,0.25
81,81.0,81.1,0.25,0.25,0.25,0.25
82,82.0,82.1,0.25,0.25,0.25,0.25
83,83.0,83.1,0.25,0.25,0.25,0.25
84,84.0,84.1,0.25,0.25,0.25,0.25
85,85.0,85.1,0.25,0.25,0.25,0.25
86,86.0,86.1,0.25,0.25,0.25,0.25
87,87.0,87.1,0.25,0.25,0.25,0.25
88,88.0,88.1,0.25,0.25,0.25,0.25
89,89.0,89.1,0.25,0.25,0.25,0.25
90,90.0,90.1,0.25,0.25,0.25,0.25
91,91.0,91.1,0.25,0.25,0.25,0.25
92,92.0,92.1,0.25,0.25,0.25,0.25
93,93.0,93.1,0.25,0.25,0.25,0.25
94,94.0,94.1,0.25,0.25,0.25,0.25
95,95.0,95.1,0.25,0.25,0.25,0.25
96,96.0,96.1,0.25,0.25,0.25,0.25
97,97.0,97.2,0.25,0.25,0.25,0.25
98,98.0,98.2,0.25,0.25,0.25,0.25
99,99.0,99.2,0.25,0.25,0.25,0.25
100,100.0,100.2,0.25,0.25,0.25,0.25
101,101.0,101.2,0.25,0.25,0.25,0.25
102,102.0,102.2,0.25,0.25,0.25,0.25
103,103.0,103.2,0.25,0.25,0.25,0.25
104,104.0,104.2,0.25,0.25,0.25,0.25
105,105.0,105.2,0.25,0.25,0.25,0.25
106,106.0,106.2,0.25,0.25,0.25,0.25
107,107.0,107.2,0.25,0.25,0.25,0.25
108,108.0,108.3,0.25,0.25,0.25,0.25
109,109.0,109.3,0.25,0.25,0.25,0.25
110,110.0,110.3,0.25,0.25,0.25,0.25
111,111.0,111.3,0.25,0.25,0.25,0.25
112,112.0,112.3,0.25,0.25,0.25,0.25
113,113.0,113.3,0.25,0.25,0.25,0.25
114,114.0,114.3,0.25,0.25,0.25,0.25
115,115.0,115.3,0.25,0.25,0.25,0.25
116,116.0,116.3,0.25,0.25,0.25,0.25
117,117.0,117.3,0.25,0.25,0.25,0.25
118,118.0,118.3,0.25,0.25,0.25,0.25
119,119.0,119.3,0.25,0.25,0.25,0.25
120,120.0,120.3,0.25,0.25,0.25,0.25
121,121.0,121.3,0.25,0.25,0.25,0.25
122,122.0,122.3,0.25,0.25,0.25,0.25
123,123.0,123.3,0.25,0.25,0.25,0.25
124,124.0,124.3,0.25,0.25,0.25,0.25
125,125.0,125.3,0.25,0.25,0.25,0.25
126,126.0,126.3,0.25,0.25,0.25,0.25
127,127.0,127.3,0.25,0.25,0.25,0.25
128,128.0,128.3,0.25,0.25,0.25,0.25
129,129.0,129.3,0.25,0.25,0.25,0.25
130,130.0,130.3,0.25,0.25,0.25,0.25
131,131.0,131.3,0.25,0.25,0.25,0.25
132,132.0,132.3,0.25,0.25,0.25,0.25
133,133.0,133.3,0.25,0.25,0.25,0.25
134,134.0,134.3,0.25,0.25,0.25,0.25
135,135.0,135.3,0.25,0.25,0.25,0.25
136,136.0,136.3,0.25,0.25,0.25,0.25
137,137.0,137.3,0.25,0.25,0.25,0.25
138,138.0,138.3,0.25,0.25,0.25,0.25
139,139.0,139.3,0.25,0.25,0.25,0.25
140,140.0,140.3,0.25,0.25,0.25,0.25
141,141.0,141.3,0.25,0.25,0.25,0.25
142,142.0,142.3,0.25,0.25,0.25,0.25
143,143.0,143.3,0.25,0.25,0.25,0.25
144,144.0,144.3,0.25,0.25,0.25,0.25
145,145.0,145.3,0.25,0.25,0.25,0.25
146,146.0,146.3,0.25,0.25,0.25,0.25
147,147.0,147.3,0.25,0.25,0.25,0.25
148,148.0,148.3,0.25,0.25,0.25,0.25
149,149.0,149.3,0.25,0.25,0.25,0.25
150,150.0,150.3,0.25,0.25,0.25,0.25
151,151.0,151.3,0.25,0.25,0.25,0.25
152,152.0,152.3,0.25,0.25,0.25,0.25
153,153.0,153.3,0.25,0.25,0.25,0.25
154,154.0,154.3,0.25,0.25,0.25,0.25
155,155.0,155.3,0.25,0.25,0.25,0.25
156,156.0,156.3,0.25,0.25,0.25,0.25
157,157.0,157.3,0.25,0.25,0.25,0.25
158,158.0,158.4,0.25,0.25,0.25,0.25
159,159.0,159.4,0.25,0.25,0.25,0.25
160,160.0,160.4,0.25,0.25,0.25,0.25
161,161.0,161.4,0.25,0.25,0.25,0.25
162,162.0,162.4,0.25,0.25,0.25,0.25
163,163.0,163.5,0.25,0.25,0.25,0.25
164,164.0,164.5,0.25,0.25,0.25,0.25
165,165.0,165.5,0.25,0.25,0.25,0.25
166,166.0,166.5,0.25,0.25,0.25,0.25
167,167.0,167.5,0.25,0.25,0.25,0.25
168,168.0,168.5,0.25,0.25,0.25,0.25
169,169.0,169.5,0.25,0.25,0.25,0.25
170,170.0,170.5,0.25,0.25,0.25,0.25
171,171.0,171.5,0.25,0.25,0.25,0.25
172,172.0,172.5,0.25,0.25,0.25,0.25
173,173.0,173.5,0.25,0.25,0.25,0.25
174,174.0,174.5,0.25,0.25,0.25,0.25
175,175.0,175.5,0.25,0.25,0.25,0.25
176,176.0,176.5,0.25,0.25,0.25,0.25
177,177.0,177.5,0.25,0.25,0.25,0.25
178,178.0,178.5,0.25,0.25,0.25,0.25
179,179.0,179.5,0.25,0.25,0.25,0.25
180,180.0,180.5,0.25,0.25,0.25,0.25
181,181.0,181.5,0.25,0.25,0.25,0.25
182,182.0,182.5,0.25,0.25,0.25,0.25
183,183.0,183.5,0.25,0.25,0.25,0.25
184,184.0,184.5,0.25,0.25,0.25,0.25
185,185.0,185.5,0.25,0.25,0.25,0.25
186,186.0,186.5,0.25,0.25,0.25,0.25
187,187.0,187.5,0.25,0.25,0.25,0.25
188,188.0,188.5,0.25,0.25,0.25,0.25
189,189.0,189.5,0.25,0.25,0.25,0.25
190,190.0,190.5,0.25,0.25,0.25,0.25
191,191.0,191.5,0.25,0.25,0.25,0.25
192,192.0,192.5,0.25,0.25,0.25,0.25
193,193.0,193.5,0.25,0.25,0.25,0.25
194,194.0,194.5,0.25,0.25,0.25,0.25
195,195.0,195.5,0.25,0.25,0.25,0.25
196,196.0,196.5,0.25,0.25,0.25,0.25
197,197.0,197.5,0.25,0.25,0.25,0.25
198,198.0,198.5,0.25,0.25,0.25,0.25
199,199.0,199.5,0.25,0.25,0.25,0.25
200,200.0,200.5,0.23975247524752472,0.26074257425742575,0.23975247524752472,0.25975247524752476
201,201.0,201.5,0.22784313725490196,0.24647058823529414,0.24784313725490198,0.27784313725490195
202,202.0,202.5,0.22046218487394958,0.27337535014005604,0.24046218487394952,0.26570028011204483
203,203.0,203.5,0.21867647058823528,0.2823039215686275,0.2386764705882353,0.260343137254902
204,204.0,204.5,0.229906629318394,0.26837535014005603,0.229906629318394,0.27181139122315595
205,205.0,205.5,0.2210294117647059,0.26897058823529413,0.24200980392156865,0.2679901960784314
206,206.0,206.5,0.20873143196672608,0.2887433155080214,0.2297118241235888,0.27281342840166367
207,207.0,207.5,0.20559290382819792,0.2817086834733894,0.23847805788982254,0.2742203548085901
208,208.0,208.5,0.203166163901458,0.267325289089995,0.26497988939165407,0.26452865761689287
209,209.0,209.5,0.19761671335200745,0.26067693744164333,0.2594304388422035,0.2822759103641457
210,210.0,210.5,0.21880718954248368,0.25424836601307194,0.253954248366013,0.2729901960784314
211,211.0,211.5,0.23991830065359476,0.2498039215686274,0.25242647058823525,0.2578513071895424
212,212.0,212.5,0.23976757369614515,0.24764172335600904,0.24685090702947843,0.2657397959183673
213,213.0,213.5,0.2331139122315593,0.24588871912401325,0.24840039045921394,0.27259697818521345
214,214.0,214.5,0.2295424836601307,0.24886274509803924,0.24182679738562088,0.2797679738562091
215,215.0,215.5,0.23300033849538798,0.24694634848100194,0.23035076584581532,0.28970254717779464
216,216.0,216.5,0.2310617607366833,0.2584248895239607,0.22870458574792935,0.2818087639914265
217,217.0,217.5,0.2310617607366833,0.2584248895239607,0.22870458574792935,0.2818087639914265
218,218.0,218.5,0.23820461787954045,0.26130709503774524,0.22632363336697697,0.2741646537157373
219,219.0,219.5,0.22954338145514613,0.26667259211376854,0.2195128564246211,0.28427117000646407
220,220.0,220.5,0.22505925447101918,0.28738687782805433,0.2145922215039862,0.2729616461969403
221,221.0,221.5,0.23531788472964946,0.28063279857397505,0.21592394533571002,0.26812537136066544
222,222.0,222.5,0.22801019242195714,0.2679832259244024,0.2216077060194707,0.28239887563416977
223,223.0,223.5,0.2177937422055069,0.2758042937454702,0.24078519519695987,0.2656167688520629
224,224.0,224.5,0.21003085292087847,0.27621909633418584,0.2502862014370965,0.26346384930783906
225,225.0,225.5,0.2042616221516477,0.2800652501803397,0.25477338092427604,0.2608997467437365
226,226.0,226.5,0.20740662931839396,0.28209383753501405,0.2520098039215686,0.25848972922502333
227,227.0,227.5,0.2093153594771242,0.286812091503268,0.24948202614379084,0.254390522875817
228,228.0,228.5,0.21114002011060834,0.2896725741578683,0.24972033685268977,0.24946706887883358
229,229.0,229.5,0.2138371459694989,0.31194716775599124,0.22809095860566447,0.24612472766884527
230,230.0,230.5,0.20540266106442578,0.3133041549953315,0.22822012138188605,0.2530730625583566
231,231.0,231.6,0.2099342743108296,0.31518397178324303,0.22560216006492223,0.24927959384100512
232,232.0,232.6,0.21523735774351538,0.3148999406450145,0.21979413238649687,0.2500685692249731
233,233.0,233.6,0.21498998606757228,0.30553073841866946,0.2296477708115639,0.24983150470219434
234,234.0,234.6,0.22484857192615815,0.29640952629745737,0.23141544757924065,0.24732645419714383
235,235.0,235.6,0.23004644624381468,0.3019130679262258,0.2262837381916329,0.24175674763832658
236,236.0,236.6,0.23523335893497183,0.29965450588837683,0.2237615207373272,0.24135061443932404
237,237.0,237.6,0.23217460317460317,0.30119444444444443,0.22723214285714283,0.23939880952380949
238,238.0,238.6,0.2255782828282828,0.2959292929292929,0.2360984848484849,0.24239393939393938
239,239.0,239.6,0.22831669637551988,0.29729515745692214,0.23475935828877006,0.23962878787878786
240,240.0,240.6,0.2323888252270605,0.30575103980986335,0.21857238349885405,0.24328775146422205
241,241.0,241.6,0.23687878787878786,0.30097979797979796,0.21792929292929286,0.24421212121212119
242,242.0,242.6,0.23415288015288013,0.3005102375102375,0.2165284602784603,0.24880842205842207
243,243.0,243.6,0.2317824686493417,0.3088040153860587,0.2153321137067267,0.24408140225787286
244,244.0,244.6,0.23133328762740524,0.3125635083870378,0.21756478815302344,0.2385384158325335
245,245.0,245.6,0.2247732790085731,0.32266747304982596,0.2169512350394703,0.23560801290213057
246,246.0,246.6,0.22417513731287048,0.32401184006492467,0.21885309334376762,0.23295992927843717
247,247.0,247.6,0.22364232662762076,0.32748890162125455,0.21832028265851794,0.23054848909260675
248,248.0,248.6,0.22296785916621759,0.33453960950130585,0.21124058643894483,0.23125194489353174
249,249.0,249.6,0.22134720213147388,0.33058149116625246,0.2139547247258385,0.23411658197643512
250,250.0,250.6,0.2206871574118316,0.33870557617357244,0.21072115059443158,0.22988611582016433
251,251.0,251.6,0.22025465178096754,0.3380132908027645,0.2135566188197767,0.22817543859649123
252,252.0,252.6,0.2191010101010101,0.3404242424242424,0.2129292929292929,0.22754545454545455
253,253.0,253.6,0.22690993992770814,0.3411257083653099,0.21008610225866922,0.2218782494483127
254,254.0,254.6,0.2263378248785007,0.33992039291538656,0.2121455661568302,0.22159621604928237
255,255.0,255.6,0.23178445412308393,0.33967759223780336,0.21409079484118934,0.2144471587979233
256,256.0,256.6,0.2316032947027941,0.3428922083340106,0.2139096354208995,0.2115948615422958
257,257.0,257.6,0.2329321789321789,0.3448813131313131,0.21056998556998555,0.21161652236652234
258,258.0,258.6,0.23439416723627246,0.3445889154704944,0.20998519024834814,0.21103172704488488
259,259.0,259.6,0.23569348767174852,0.3462032279314887,0.207268492377188,0.2108347920195746
260,260.0,260.6,0.24124825898738939,0.3399704027856202,0.20878505552418597,0.20999628270280443
261,261.0,261.6,0.24287812911725953,0.3417539525691699,0.2104235836627141,0.20494433465085637
262,262.0,262.6,0.24696953046953043,0.3360040792540792,0.21207542457542453,0.2049509657009657
263,263.0,263.6,0.24700823974737016,0.33093661250182993,0.21382353556266595,0.20823161218813388
264,264.0,264.6,0.24222949996863036,0.3312420478072652,0.21972300646213686,0.20680544576196747
265,265.0,265.6,0.2398579584666541,0.3353922454357237,0.2224898048811092,0.20225999121651292
266,266.0,266.6,0.241546399960193,0.33513166144200623,0.2220328904811663,0.20128904811663428
267,267.0,267.6,0.24056565656565657,0.3345151515151515,0.21974747474747472,0.20517171717171717
268,268.0,268.6,0.24077237491190973,0.3387011980267794,0.21995419309372796,0.20057223396758278
269,269.0,269.6,0.23998186107791764,0.34028222569476363,0.2197565646352299,0.1999793485920887
270,270.0,270.6,0.23952848439382574,0.33886981972765917,0.22124451567437312,0.2003571802041419
271,271.0,271.6,0.2364886363636364,0.34039772727272727,0.22468181818181815,0.19843181818181818
272,272.0,272.6,0.23761839549339553,0.3426867715617715,0.22288850038850033,0.1968063325563325
273,273.0,273.6,0.23527074314574312,0.33783976671476673,0.23000360750360746,0.19688588263588264
274,274.0,274.6,0.23288979076479074,0.3387656926406927,0.23198773448773444,0.19635678210678206
275,275.0,275.6,0.23279317240730285,0.3377511998870695,0.23189111613024654,0.1975645115753811
276,276.0,276.6,0.2461481507622812,0.33632262845849803,0.22379587803500844,0.19373334274421228
277,277.0,277.6,0.2461481507622812,0.33632262845849803,0.22379587803500844,0.19373334274421228
278,278.0,278.6,0.24518799231336713,0.3404646159063326,0.22214255967254468,0.1922048321077556
279,279.0,279.6,0.2479899246805169,0.3392689637324195,0.22168362247447707,0.19105748911258652
280,280.0,280.6,0.2496167320390541,0.3397793258648908,0.22366016705231676,0.18694377504373835
281,281.0,281.6,0.24732279353821904,0.3405465918045705,0.22558668242710794,0.18654393223010243
282,282.0,282.6,0.24768078978331207,0.34000746396705556,0.22863989116580058,0.18367185508383177
283,283.0,283.6,0.25016869300911854,0.33980585106382977,0.22645440729483282,0.18357104863221888
284,284.0,284.6,0.24825562762622555,0.3404785260899531,0.22803580004001867,0.18323004624380268
285,285.0,285.6,0.24779585751128302,0.3379497904577692,0.23125419084461635,0.18300016118633142
286,286.0,286.6,0.2510530948975527,0.33543035290607354,0.23088529092732935,0.1826312612690444
287,287.0,287.6,0.25367406263948816,0.33321261097058963,0.23068367802410356,0.1824296483658186
288,288.0,288.6,0.2572325225487545,0.33075161244104273,0.22952705388360845,0.18248881112659426
289,289.0,289.6,0.2589871319231457,0.3147307864225886,0.2413316697382717,0.18495041191599387
290,290.0,290.6,0.2593061388965644,0.3201321497651284,0.23698362807405354,0.18357808326425346
291,291.0,291.6,0.26214421025766965,0.32416135131707985,0.23630681517222113,0.17738762325302923
292,292.0,292.6,0.2633440464575058,0.32512231227804084,0.23502917389457983,0.17650446736987335
293,293.0,293.6,0.2649691016397298,0.32486512223863667,0.23384737503583,0.17631840108580346
294,294.0,294.6,0.2649691016397298,0.32486512223863667,0.23384737503583,0.17631840108580346
295,295.0,295.6,0.2778111870905109,0.3142396124826921,0.22850764230479292,0.17944155812200396
296,296.0,296.6,0.28252226548579984,0.3103167809282816,0.22930202336233188,0.17785893022358654
297,297.0,297.6,0.2879730512591662,0.307004125841433,0.22855347083958583,0.17646935205981484
298,298.0,298.6,0.2869112554112554,0.31199891774891775,0.23021374458874458,0.17087608225108225
299,299.0,299.6,0.28935253477157524,0.310796661734068,0.22982251163379347,0.1700282918605632
300,300.0,300.6,0.2886730220134476,0.31284295845997967,0.22935916919959473,0.16912485032697794
301,301.0,301.6,0.288036334475139,0.31155254565169166,0.23214781660464773,0.16826330326852146
302,302.0,302.6,0.28837246892892054,0.3113844784248009,0.23206378299120237,0.16817926965507607
303,303.0,303.6,0.2886899292463808,0.31122574826607075,0.23198441791183727,0.168099904575711
304,304.0,304.6,0.28953626885230416,0.3133601328264016,0.2307033168394741,0.16640028148182012
305,305.0,305.6,0.288468272955115,0.31398826611984504,0.22951199020277965,0.16803147072226018
306,306.0,306.6,0.30302389277389274,0.2959961704961705,0.23063499000999,0.17034494671994668
307,307.0,307.6,0.30271823069403714,0.2955380533445049,0.23439236838430383,0.167351347577154
308,308.0,308.6,0.3055365586213333,0.30009262509869095,0.23371515263958567,0.16065566364039002
309,309.0,309.6,0.30578046106035767,0.29997067387917875,0.23365417702982957,0.16059468803063395
310,310.0,310.6,0.30578046106035767,0.29997067387917875,0.23365417702982957,0.16059468803063395
311,311.0,311.6,0.30671408168334396,0.29788943297140014,0.23487154921581146,0.16052493612944432
312,312.0,312.6,0.3059119426459108,0.2990480782476925,0.2346041695366671,0.16043580956972953
313,313.0,313.6,0.306133426588325,0.29893733627648544,0.23454879855106356,0.16038043858412596
314,314.0,314.6,0.30919132257970255,0.2965238345710862,0.2340519553574037,0.16023288749180745
315,315.0,315.6,0.3068098396835137,0.3004454031985372,0.23235674697101888,0.16038801014693005
316,316.0,316.6,0.30696735196378816,0.2994601395278515,0.23331684115361945,0.16025566735474073
317,317.0,317.6,0.3068879868844231,0.3014442665119785,0.23149144432822263,0.16017630227537566
318,318.0,318.6,0.306812911809348,0.3006184406861527,0.23246742030419862,0.16010122720030057
319,319.0,319.6,0.296812911809348,0.3156184406861527,0.2341340869708653,0.15343456053363394
320,320.0,320.6,0.296812911809348,0.31291573798344996,0.236836789673568,0.15343456053363394
321,321.0,321.6,0.29697305539906454,0.31469731897044506,0.23501244232120083,0.15331718330928948
322,322.0,322.6,0.29595281739932017,0.31457335998218483,0.23943011997858665,0.15004370263990832
323,323.0,323.6,0.2946013161453629,0.3171821781976106,0.2386335359350041,0.14958296972202234
324,324.0,324.6,0.29581387320448826,0.3187787532995742,0.2359961213548783,0.14941125214105916
325,325.0,325.6,0.29915837816189644,0.31474160764952536,0.23651560187435877,0.14958441231421932
326,326.0,326.6,0.2992025239253989,0.31204855633791695,0.23803360623026776,0.15071531350641632
327,327.0,327.6,0.2995269031485469,0.31319061992868097,0.23676199822131366,0.1505204787014584
328,328.0,328.6,0.2986703787205939,0.3154061852383229,0.23798380815740933,0.14793962788367376
329,329.0,329.6,0.30100626959868426,0.31421152766514876,0.23697840889625557,0.14780379383991132
330,330.0,330.6,0.30100626959868426,0.31421152766514876,0.23697840889625557,0.14780379383991132
331,331.0,331.6,0.30211635285492855,0.3165580451173723,0.23361431512580816,0.147711286901891
332,332.0,332.6,0.3029478946049965,0.31745661679305864,0.23261164628453007,0.14698384231741474
333,333.0,333.6,0.3029478946049965,0.31745661679305864,0.23261164628453007,0.14698384231741474
334,334.0,334.6,0.3025510692081711,0.315789950126392,0.2339608526337364,0.14769812803170046
335,335.0,335.6,0.3025510692081711,0.315789950126392,0.2339608526337364,0.14769812803170046
336,336.0,336.6,0.302315775090524,0.3183277652524424,0.2340000683200109,0.1453563913370226
337,337.0,337.6,0.3025510692081711,0.31817090250734437,0.2339608526337364,0.1453171756507481
338,338.0,338.6,0.3027773135520625,0.3156391205637977,0.2363040976240402,0.14527946826009952
339,339.0,339.6,0.30091168704020954,0.31549398268281076,0.2383511464871268,0.1452431837898528
340,340.0,340.6,0.3032926394211619,0.3131130303018584,0.2383511464871268,0.1452431837898528
341,341.0,341.6,0.3035022830270319,0.312973267897945,0.2383162058861485,0.14520824318887446
342,342.0,342.6,0.3045652081971,0.3128882338843396,0.23742334874329135,0.14512320917526905
343,343.0,343.6,0.3035856163603653,0.310425648850326,0.2385662058861485,0.14742252890316018
344,344.0,344.6,0.3035856163603653,0.310425648850326,0.2385662058861485,0.14742252890316018
345,345.0,345.6,0.3060603638351128,0.3095333929580701,0.23565374797369057,0.1487524952331265
346,346.0,346.6,0.30625516902991795,0.30940352282819994,0.23562128044122305,0.14872002770065898
347,347.0,347.6,0.30625516902991795,0.30940352282819994,0.23562128044122305,0.14872002770065898
348,348.0,348.6,0.3054498469010664,0.3086402175060711,0.23679775102945833,0.14911218456340408
349,349.0,349.6,0.3056691451466805,0.3084835759020611,0.23676642270865633,0.1490808562426021
350,350.0,350.6,0.30459387632947615,0.30676314579453423,0.23966964851510797,0.14897332936088165
351,351.0,351.7,0.306412058147658,0.30676314579453423,0.2378514666969261,0.14897332936088165
352,352.0,352.7,0.30589257762817745,0.3079969120283005,0.2374293887748482,0.14868112156867386
353,353.0,353.7,0.30589257762817745,0.3079969120283005,0.2374293887748482,0.14868112156867386
354,354.0,354.7,0.30745899366827767,0.3081535536323105,0.2374607170956502,0.14692673560376157
355,355.0,355.7,0.30592390594897945,0.30975129799321277,0.2374293887748482,0.14689540728295958
356,356.0,356.7,0.30753265755773107,0.30904344728536204,0.23839463974009917,0.1450292554168077
357,357.0,357.7,0.30753265755773107,0.30904344728536204,0.23839463974009917,0.1450292554168077
358,358.0,358.7,0.30753265755773107,0.30904344728536204,0.23839463974009917,0.1450292554168077
359,359.0,359.7,0.307282030991315,0.3092314172101741,0.23842596806090116,0.1450605837376097
360,360.0,360.7,0.307282030991315,0.3092314172101741,0.23842596806090116,0.1450605837376097
361,361.0,361.7,0.30205620126548527,0.30844209542085227,0.24595915709409022,0.14354254621957216
362,362.0,362.7,0.300586378817402,0.3077935290114163,0.24659988110437941,0.14502021106680227
363,363.0,363.7,0.30183522248067673,0.30770102207339595,0.24548979784813524,0.14497395759779208
364,364.0,364.7,0.303620936766391,0.30591530778768167,0.24548979784813524,0.14497395759779208
365,365.0,365.7,0.3030570269919549,0.30716844061976184,0.24508252967770913,0.144692002710574
366,366.0,366.7,0.30251256238215457,0.3066542240438393,0.2464134431683323,0.14441977040567383
367,367.0,367.7,0.30251256238215457,0.3066542240438393,0.2464134431683323,0.14441977040567383
368,368.0,368.7,0.3051280811267056,0.3074388796672046,0.24798275441506287,0.13945028479102692
369,369.0,369.7,0.3034039431956711,0.30916301759823905,0.24798275441506287,0.13945028479102692
370,370.0,370.7,0.3034039431956711,0.30916301759823905,0.24798275441506287,0.13945028479102692
371,371.0,371.7,0.3045440009350645,0.3078820732950998,0.24844471707927496,0.13912920869056064
372,372.0,372.7,0.3067774618426643,0.3024273621596888,0.25014601104683465,0.14064916495081214
373,373.0,373.7,0.3046189918973091,0.3061666283579714,0.24904921167134675,0.14016516807337265
374,374.0,374.7,0.2996787675262281,0.3090364251397195,0.24897665620812498,0.14230815112592735
375,375.0,375.7,0.3016074242935945,0.30339553078914777,0.2500519250253293,0.14494511989192838
376,376.0,376.7,0.30782766238883263,0.29679334824946524,0.25041898851739275,0.14496000084430932
377,377.0,377.7,0.30893343161960185,0.29624046363408063,0.25008245005585433,0.14474365469046319
378,378.0,378.7,0.3084905411767114,0.2957043330979501,0.249756109729514,0.14604901599582448
379,379.0,379.7,0.31306087134405647,0.29018420645842047,0.2494395109054525,0.14731541129207054
380,380.0,380.7,0.30968576432525935,0.290026777490727,0.2485085178073696,0.15177894037664402
381,381.0,381.7,0.308782043152996,0.2880001170241688,0.25210624148181965,0.15111159834101554
382,382.0,382.7,0.30836796447804776,0.28893179404280234,0.2518163864093559,0.15088385506979402
383,383.0,383.7,0.3072000876518733,0.29060268897762864,0.2515346962685108,0.15066252710198716
384,384.0,384.7,0.30766262234197506,0.29027891469455747,0.25148844279950067,0.1505700201639668
385,385.0,385.7,0.3143725790519317,0.28227025668589945,0.2523542436653015,0.15100292059686724
386,386.0,386.7,0.3133665428346279,0.2813447033659799,0.2526359338061466,0.1526528199932455
387,387.0,387.7,0.3133665428346279,0.27658279860407514,0.2573978385680514,0.1526528199932455
388,388.0,388.8,0.31717606664415177,0.2757169977382743,0.25631558748580024,0.15079134813177367
389,389.0,389.8,0.3189274444763624,0.2758520372242017,0.2550457550524651,0.15017476324697077
390,390.0,390.8,0.32092019809955075,0.2751273995430423,0.2541399579510158,0.14981244440639105
391,391.0,391.8,0.33364677762024797,0.2630151530795116,0.2584341216258754,0.14490394767436493
392,392.0,392.8,0.33370509838445106,0.2659945397059571,0.2566844986997819,0.14361586320980985
393,393.0,393.8,0.33156834624769893,0.26542473913615655,0.25597224798753115,0.14703466662861328
394,394.0,394.8,0.33115754812563325,0.2663050208262974,0.25571794438815715,0.14681948665991218
395,395.0,395.8,0.33115754812563325,0.2663050208262974,0.25571794438815715,0.14681948665991218
396,396.0,396.8,0.33115754812563325,0.2663050208262974,0.25571794438815715,0.14681948665991218
397,397.0,397.8,0.33115754812563325,0.2663050208262974,0.25571794438815715,0.14681948665991218
398,398.0,398.8,0.3291337386018237,0.2688050208262974,0.2562338174040302,0.1458274231678487
399,399.0,399.8,0.3301598955434736,0.26824164054460725,0.25597224798753115,0.14562621592438793
400,400.0,400.8,0.3301598955434736,0.26824164054460725,0.25597224798753115,0.14562621592438793
401,401.0,401.8,0.3301598955434736,0.26824164054460725,0.25597224798753115,0.14562621592438793
402,402.0,402.8,0.32365871351037667,0.27279246796777507,0.2594001439686186,0.14414867455322952
403,403.0,403.8,0.3124869034023964,0.29293654821823834,0.23040838625345664,0.1641681621259086
404,404.0,404.8,0.30915357006906297,0.29071432599601615,0.22818616403123443,0.1719459399036864
405,405.0,405.8,0.3064262973417903,0.28889614417783427,0.2354588913039617,0.16921866717641365
406,406.0,406.8,0.3037235946390876,0.291598846880537,0.2354588913039617,0.16921866717641365
407,407.0,407.8,0.30233470575019866,0.2892840320657221,0.23360703945210984,0.1747742227319692
408,408.0,408.8,0.3000619784774714,0.28776888055057065,0.23133431217938258,0.18083482879257523
409,409.0,409.8,0.2981389015543945,0.28648682926851937,0.23710354294861333,0.17827072622847268
410,410.0,410.8,0.29649054990604284,0.2925307853124754,0.23490574075081114,0.17607292403067049
411,411.0,411.8,0.2950619784774714,0.2977688805505706,0.23300097884604926,0.17416816212590858
412,412.0,412.8,0.2891015537670467,0.30034931813100824,0.23789319248826288,0.17265593561368206
413,413.0,413.8,0.28799861259057613,0.3047610828368906,0.2360549571941452,0.17118534737838795
414,414.0,414.8,0.28514146973343324,0.3076182256940334,0.2360549571941452,0.17118534737838795
415,415.0,415.8,0.2908277442432372,0.305111222892913,0.2342622401073105,0.1697987927565392
416,416.0,416.8,0.2902770183033341,0.31190001518948884,0.23115705931495403,0.16666590719222296
417,417.0,417.8,0.2902770183033341,0.31190001518948884,0.23115705931495403,0.16666590719222296
418,418.0,418.8,0.2902770183033341,0.31190001518948884,0.23115705931495403,0.16666590719222296
419,419.0,419.8,0.2892243867243868,0.31532106782106784,0.22984126984126982,0.1656132756132756
420,420.0,420.8,0.28827200577200573,0.3136544011544012,0.23341269841269838,0.16466089466089465
421,421.0,421.8,0.2830432476020711,0.3154517867753162,0.23668067226890757,0.1648242933537051
422,422.0,422.8,0.2808178688141923,0.31677754435107375,0.2372015056022409,0.16520308123249297
423,423.0,423.9,0.28040921496803844,0.3161044674279968,0.23847554406377935,0.16501077354018528
424,424.0,424.9,0.28040921496803844,0.3161044674279968,0.23847554406377935,0.16501077354018528
425,425.0,425.9,0.28040921496803844,0.3161044674279968,0.23847554406377935,0.16501077354018528
426,426.0,426.9,0.28040921496803844,0.3161044674279968,0.23847554406377935,0.16501077354018528
427,427.0,427.9,0.28040921496803844,0.3161044674279968,0.23847554406377935,0.16501077354018528
428,428.0,428.9,0.27177024976657327,0.3250067110177404,0.23863007703081235,0.1645929621848739
429,429.0,429.9,0.27088540544422895,0.3271667384902679,0.23847554406377935,0.16347231200172374
430,430.0,430.9,0.27157138613020965,0.3290881504116798,0.23689712248535777,0.16244334097275273
431,431.0,431.9,0.2722616108957102,0.33080388006381434,0.2354399813137455,0.16149452772672984
432,432.0,432.9,0.2718992920551305,0.33297779310729264,0.23435302479200634,0.16076989004557043
433,433.0,433.9,0.27204214919798764,0.33259684072634027,0.2347815962205778,0.16057941385509425
434,434.0,434.9,0.27204214919798764,0.33259684072634027,0.2347815962205778,0.16057941385509425
435,435.0,435.9,0.27204214919798764,0.33259684072634027,0.23078159622057778,0.16457941385509425
436,436.0,436.9,0.2717344568902954,0.337300137429637,0.22715522259420412,0.16381018308586348
437,437.0,437.9,0.27144955660539505,0.3390095391390387,0.22644297188195345,0.16309793237361275
438,438.0,438.9,0.27118500634084475,0.3405968407263403,0.22578159622057775,0.16243655671223708
439,439.0,439.9,0.27093870092212563,0.3420746732386556,0.22516583267377976,0.1618207931654391
440,440.0,440.9,0.26634161443862936,0.3474646787706489,0.22485849970924593,0.1613352070814757
441,441.0,441.9,0.26755258563062523,0.3444596761831036,0.22405348562149943,0.16393425256477168
442,442.0,442.9,0.2674732205512601,0.3435866603100877,0.22508523165324545,0.1638548874854066
443,443.0,443.9,0.26739814547618507,0.3427608344842619,0.22606120762922144,0.16377981241033152
444,444.0,444.9,0.26410121526923785,0.3478358585745661,0.2243542375011987,0.16370868865499727
445,445.0,445.9,0.2639329324343591,0.3451108193947307,0.22791987460885615,0.16303637356205397
446,446.0,446.9,0.26386882987025656,0.3443415886254999,0.22881731050629206,0.1629722709979514
447,447.0,447.9,0.26386882987025656,0.3443415886254999,0.22881731050629206,0.1629722709979514
448,448.0,448.9,0.26377413290055957,0.3455726492315605,0.22824912868811026,0.1624040891797696
449,449.0,449.9,0.29654002713704203,0.3157835820895522,0.22684984170058797,0.16082654907281774
450,450.0,450.9,0.29511400218160533,0.3175661132838481,0.2265824620214436,0.1607374225131029
451,451.0,451.9,0.2891630342112686,0.3176059873265916,0.2344567469904201,0.15877423147171962
452,452.0,452.9,0.2878351209321358,0.318496424802395,0.23503165988240618,0.15863679438306302
453,453.0,453.9,0.27738057547759043,0.3144055157114858,0.22942559927634557,0.1787883095345782
454,454.0,454.9,0.2761793742763892,0.3159070172129873,0.22920037405112031,0.1787132344595031
455,455.0,455.9,0.2750413941910407,0.3173294923196729,0.23732033611845077,0.1703087773708355
456,456.0,456.9,0.2750413941910407,0.3173294923196729,0.23732033611845077,0.1703087773708355
457,457.0,457.9,0.2750413941910407,0.3173294923196729,0.23732033611845077,0.1703087773708355
458,458.0,458.9,0.2765258746228896,0.31611491742088754,0.23711790696865323,0.17024130098756962
459,459.0,459.9,0.27543613103314596,0.3174610712670414,0.23692559927634554,0.17017719842346707
460,460.0,460.9,0.27888672515447177,0.3181005334308938,0.23417856988297467,0.1688341715316597
461,461.0,461.9,0.2778995009965159,0.31932004562601574,0.23400435385510007,0.16877609952236816
462,462.0,462.9,0.2769581942412557,0.3204828363236901,0.23383824089828947,0.16872072853676462
463,463.0,463.9,0.27617872177573666,0.3205213443273144,0.23451301186375811,0.16878692203319068
464,464.0,464.9,0.27617872177573666,0.3205213443273144,0.23451301186375811,0.16878692203319068
465,465.0,465.9,0.2787296037296037,0.31791958041958035,0.23228438228438225,0.17106643356643353
466,466.0,466.9,0.2787296037296037,0.31791958041958035,0.23228438228438225,0.17106643356643353
467,467.0,467.9,0.2786686281198476,0.3171878731025072,0.23313804082096762,0.17100545795667746
468,468.0,468.9,0.27821408266530223,0.31946060037523444,0.2313198590027858,0.17100545795667746
469,469.0,469.9,0.279043808495028,0.3193523752670093,0.23087613605906285,0.17072768017889967
470,470.0,470.9,0.27822255245638067,0.3203668680206325,0.23073120852283097,0.17067937100015573
471,471.0,471.9,0.27934703594278065,0.32361751723453847,0.22627725111767666,0.1707581957050042
472,472.0,472.9,0.27852938727938725,0.32371503496503495,0.22710581085581083,0.17064976689976688
473,473.0,473.9,0.27774562255398494,0.3262542335713067,0.2254538695915002,0.17054627428320807
474,474.0,474.9,0.27836250567086807,0.325117869934943,0.22756425920188983,0.16895536519229898
475,475.0,475.9,0.2796686281198476,0.3406416794587526,0.227441810222298,0.1522478821991017
476,476.0,476.9,0.27560571781160015,0.34927175765411056,0.2236429257017492,0.15147959883253997
477,477.0,477.9,0.27560571781160015,0.34927175765411056,0.2236429257017492,0.15147959883253997
478,478.0,478.9,0.2700735049264461,0.3439146147969677,0.22381799572976044,0.1621938845468257
479,479.0,479.9,0.2693947718947719,0.34285880785880785,0.2255902430902431,0.16215617715617714
480,480.0,480.9,0.26596387365255286,0.33956296847806283,0.2240199318501205,0.17045322601926374
481,481.0,481.9,0.26739963739963735,0.34222934472934474,0.22305879305879306,0.1673122248122248
482,482.0,482.9,0.26611055611055606,0.34427239427239426,0.22256576756576757,0.16705128205128203
483,483.0,483.9,0.265483989694516,0.34367715617715616,0.22400687032265978,0.166831983805668
484,484.0,484.9,0.265483989694516,0.34367715617715616,0.22400687032265978,0.166831983805668
485,485.0,485.9,0.265483989694516,0.34367715617715616,0.22400687032265978,0.166831983805668
486,486.0,486.9,0.27210502460502456,0.3417122692122692,0.22361074111074108,0.16257196507196509
487,487.0,487.9,0.27210502460502456,0.3417122692122692,0.22361074111074108,0.16257196507196509
488,488.0,488.9,0.2713496639812429,0.34300021128968494,0.22326612958191902,0.16238399514715302
489,489.0,489.9,0.2718696246282453,0.34319648742062536,0.2227650510409131,0.1621688369102162
490,490.0,490.9,0.27067802254242934,0.34338476495256154,0.2239761791880436,0.16196103331696549
491,491.0,491.9,0.2715508614192824,0.35142265629107733,0.21490912596175754,0.16211735632788266
492,492.0,492.9,0.2747777721618875,0.36523267339406396,0.21533910784900048,0.14465044659504805
493,493.0,493.9,0.2747777721618875,0.36523267339406396,0.21533910784900048,0.14465044659504805
494,494.0,494.9,0.2741167462496717,0.3663696379630751,0.21502181541113688,0.14449180037611625
495,495.0,495.9,0.2745964440455966,0.36652610572102096,0.21456848236509254,0.1443089678682899
496,496.0,496.9,0.2745964440455966,0.36652610572102096,0.21456848236509254,0.1443089678682899
497,497.0,497.9,0.2745964440455966,0.3710781638324011,0.21001642425371236,0.1443089678682899
498,498.0,498.9,0.27639741083289465,0.3719990851442464,0.20724853999047546,0.14435496403238338
499,499.0,499.9,0.2758578548835027,0.3740266044668477,0.2058629740967129,0.14425256655293672
500,500.0,500.9,0.27467159090673515,0.3770605290766581,0.20426648808652206,0.14400139193008463
501,501.0,501.9,0.2852253740411635,0.3842171717171717,0.18768056504898611,0.14287688919267866
502,502.0,502.9,0.2852253740411635,0.3842171717171717,0.18768056504898611,0.14287688919267866
503,503.0,503.9,0.2852253740411635,0.3842171717171717,0.18768056504898611,0.14287688919267866
504,504.0,504.9,0.2852253740411635,0.3842171717171717,0.18768056504898611,0.14287688919267866
505,505.0,505.9,0.2836380724538619,0.38580447330447326,0.18768056504898611,0.14287688919267866
506,506.0,506.9,0.28357059607059604,0.384522422022422,0.18909756909756908,0.14280941280941278
507,507.0,507.9,0.29350649350649344,0.3658044733044733,0.19794372294372292,0.14274531024531023
508,508.0,508.9,0.29310966810966804,0.3663253066378066,0.19784451659451657,0.14272050865800864
509,509.0,509.9,0.2942025386537581,0.3665111649867747,0.196650801772753,0.1426354945867141
510,510.0,510.9,0.2942025386537581,0.3665111649867747,0.196650801772753,0.1426354945867141
511,511.0,511.9,0.2942025386537581,0.3680496265252363,0.19511234023429144,0.1426354945867141
512,512.0,512.9,0.2942025386537581,0.3680496265252363,0.19511234023429144,0.1426354945867141
513,513.0,513.9,0.2942025386537581,0.3680496265252363,0.19511234023429144,0.1426354945867141
514,514.0,514.9,0.29374819624819615,0.36970057720057714,0.193997113997114,0.14255411255411254
515,515.0,515.9,0.29336375481897864,0.37017547543666945,0.19392927139195795,0.14253149835239387
516,516.0,516.9,0.2944612087259145,0.36678486546133604,0.1962443765384942,0.14250954927425513
517,517.0,517.9,0.294022206026756,0.3660909579691177,0.19745397058844985,0.14243286541567632
518,518.0,518.9,0.293596681096681,0.36543650793650795,0.1986075036075036,0.14235930735930735
519,519.0,519.9,0.31323450805845166,0.3658791638721216,0.19854714143446536,0.12233918663496128
520,520.0,520.9,0.3128823953823953,0.3663095238095238,0.19848845598845596,0.12231962481962481
521,521.0,521.9,0.3400252525252525,0.3305952380952381,0.20277417027417025,0.12660533910533908
522,522.0,522.9,0.33288239538239534,0.3288095238095238,0.21348845598845595,0.1248196248196248
523,523.0,523.9,0.3318260573542263,0.3297876145763469,0.21354714143446535,0.12483918663496127
524,524.0,524.9,0.34538239538239535,0.3288095238095238,0.20098845598845597,0.1248196248196248
525,525.0,525.9,0.3384379509379509,0.338531746031746,0.19959956709956708,0.12343073593073592
526,526.0,526.9,0.3384379509379509,0.338531746031746,0.19959956709956708,0.12343073593073592
527,527.0,527.9,0.33809548518452626,0.3389503152859317,0.1995424894739963,0.12341171005554567
528,528.0,528.9,0.3488733863733863,0.32824646074646074,0.19948695448695447,0.1233931983931984
529,529.0,529.9,0.35188239538239535,0.32753174603174606,0.19832178932178932,0.12226406926406926
530,530.0,530.9,0.35560966810966804,0.32569283056125153,0.197360066833751,0.12133743449532922
531,531.0,531.9,0.34922438672438666,0.33366161616161616,0.19655122655122653,0.12056277056277054
532,532.0,532.9,0.3514721389721389,0.33276251526251527,0.19586025086025083,0.11990509490509489
533,533.0,533.9,0.355507991342435,0.32945991439162653,0.19414072159242043,0.12089137267351788
534,534.0,534.9,0.35472154246161225,0.32897594584958184,0.19559262721855475,0.12070988447025108
535,535.0,535.9,0.35439084533431237,0.32977420580563677,0.1953004004505828,0.12053454840946794
536,536.0,536.9,0.3534515484515484,0.33122877122877126,0.1948622211122211,0.12045745920745918
537,537.0,537.9,0.35238069477013434,0.3339613024728668,0.19343528106013805,0.12022272169686068
538,538.0,538.9,0.35205683793748566,0.33545531870501877,0.19233303148936892,0.12015481186812653
539,539.0,539.9,0.3517418603627373,0.3356848547353189,0.19127885172522735,0.12129443317671637
540,540.0,540.9,0.35169355118399337,0.3345737436242078,0.19031266815034814,0.12342003704145069
541,541.0,541.9,0.35169355118399337,0.3345737436242078,0.19031266815034814,0.12342003704145069
542,542.0,542.9,0.35169355118399337,0.3345737436242078,0.19031266815034814,0.12342003704145069
543,543.0,543.9,0.32664905083828816,0.34174124145435625,0.20479955342036593,0.12681015428698963
544,544.0,544.9,0.3263506965289419,0.34312720009313086,0.20383246723343973,0.1266896361444875
545,545.0,545.9,0.3149490211466003,0.3555724522332414,0.2029049027390621,0.12657362388109622
546,546.0,546.9,0.3146659267540718,0.3548169315004896,0.20405528269858397,0.1264618590468546
547,547.0,547.9,0.31109748370287005,0.361784016139988,0.20179387552338368,0.12532462463375812
548,548.0,548.9,0.30837021097559736,0.3672385615945335,0.19997569370520185,0.12441553372466721
549,549.0,549.9,0.314160174356251,0.36472394165053956,0.1975650949406705,0.12355078905253891
