,Unnamed: 0,Total_iterations,Add_vertex,Delete_vertex,Insert_inside_vertex,Delete_inside_vertex
0,0.0,0.0,0.25,0.25,0.25,0.25
1,1.0,0.10900000000000001,0.25,0.25,0.25,0.25
2,2.0,0.31601,0.25,0.25,0.25,0.25
3,3.0,0.6191589000000001,0.25,0.25,0.25,0.25
4,4.0,1.015801321,0.25,0.25,0.25,0.25
5,5.0,1.50262148669,0.25,0.25,0.25,0.25
6,6.0,2.0757334209441005,0.25,0.25,0.25,0.25
7,7.0,2.7307768275633495,0.25,0.25,0.25,0.25
8,8.0,3.4630081252450404,0.25,0.25,0.25,0.25
9,9.0,4.2673862119061114,0.25,0.25,0.25,0.25
10,10.0,5.138652627782014,0.25,0.25,0.25,0.25
11,11.0,6.071405875792507,0.25,0.25,0.25,0.25
12,12.0,7.060169740244025,0.25,0.25,0.25,0.25
13,13.0,8.099455520847952,0.25,0.25,0.25,0.25
14,14.0,9.183818168183006,0.25,0.25,0.25,0.25
15,15.0,10.307906369102724,0.25,0.25,0.25,0.25
16,16.0,11.466506686239443,0.25,0.25,0.25,0.25
17,17.0,12.654581904800096,0.25,0.25,0.25,0.25
18,18.0,13.867303782456686,0.25,0.25,0.25,0.25
19,19.0,15.100080434523047,0.25,0.25,0.25,0.25
20,20.0,16.348578617037543,0.25,0.25,0.25,0.25
21,21.0,17.608741195130214,0.25,0.25,0.25,0.25
22,22.0,18.876800103462312,0.25,0.25,0.25,0.25
23,23.0,20.14928511992658,0.25,0.25,0.25,0.25
24,24.0,21.423028783545156,0.25,0.25,0.25,0.25
25,25.0,22.695167792966423,0.25,0.25,0.25,0.25
26,26.0,23.963141223515898,0.25,0.25,0.25,0.25
27,27.0,25.224685898775267,0.25,0.25,0.25,0.25
28,28.0,26.477829247520948,0.25,0.25,0.25,0.25
29,29.0,27.720879968916847,0.25,0.25,0.25,0.25
30,30.0,28.95241681848399,0.25,0.25,0.25,0.25
31,31.0,30.17127581490958,0.25,0.25,0.25,0.25
32,32.0,31.376536153543515,0.25,0.25,0.25,0.25
33,33.0,32.567505096778625,0.25,0.25,0.25,0.25
34,34.0,33.74370209472243,0.25,0.25,0.25,0.25
35,35.0,34.90484237192463,0.25,0.25,0.25,0.25
36,36.0,36.05082019768737,0.25,0.25,0.25,0.25
37,37.0,37.18169203889697,0.25,0.25,0.25,0.25
38,38.0,38.29765977559663,0.25,0.25,0.25,0.25
39,39.0,39.399054140870355,0.25,0.25,0.25,0.25
40,40.0,40.48631852820801,0.25,0.25,0.25,0.25
41,41.0,41.55999329152982,0.25,0.25,0.25,0.25
42,42.0,42.62070064560415,0.25,0.25,0.25,0.25
43,43.0,43.669130257815,0.25,0.25,0.25,0.25
44,44.0,44.70602560622662,0.25,0.25,0.25,0.25
45,45.0,45.73217116373481,0.25,0.25,0.25,0.25
46,46.0,46.748380453854836,0.25,0.25,0.25,0.25
47,47.0,47.755485010424316,0.25,0.25,0.25,0.25
48,48.0,48.7543242612326,0.25,0.25,0.25,0.25
49,49.0,49.745736344347726,0.25,0.25,0.25,0.25
50,50.0,50.730549855707864,0.25,0.25,0.25,0.25
51,51.0,51.70957651737491,0.25,0.25,0.25,0.25
52,52.0,52.68360474770151,0.25,0.25,0.25,0.25
53,53.0,53.65339410751842,0.25,0.25,0.25,0.25
54,54.0,54.61967059027847,0.25,0.25,0.25,0.25
55,55.0,55.58312271885972,0.25,0.25,0.25,0.25
56,56.0,56.544398407394254,0.25,0.25,0.25,0.25
57,57.0,57.504102543001395,0.25,0.25,0.25,0.25
58,58.0,58.4727952396178,0.25,0.25,0.25,0.25
59,59.0,59.44089071417639,0.25,0.25,0.25,0.25
60,60.0,60.408767734137356,0.25,0.25,0.25,0.25
61,61.0,61.376769374760855,0.25,0.25,0.25,0.25
62,62.0,62.34520315757439,0.25,0.25,0.25,0.25
63,63.0,63.31434153053083,0.25,0.25,0.25,0.25
64,64.0,64.28442265088633,0.25,0.25,0.25,0.25
65,65.0,65.2556514326974,0.25,0.25,0.25,0.25
66,66.0,66.2282008220004,0.25,0.25,0.25,0.25
67,67.0,67.20221326415309,0.25,0.25,0.25,0.25
68,68.0,68.17780232944898,0.25,0.25,0.25,0.25
69,69.0,69.1550544649208,0.25,0.25,0.25,0.25
70,70.0,70.13403084219622,0.25,0.25,0.25,0.25
71,71.0,71.11476927332214,0.25,0.25,0.25,0.25
72,72.0,72.09728616860224,0.25,0.25,0.25,0.25
73,73.0,73.08157851266832,0.25,0.25,0.25,0.25
74,74.0,74.06762583720109,0.25,0.25,0.25,0.25
75,75.0,75.05539217090859,0.25,0.25,0.25,0.25
76,76.0,76.04482794953624,0.25,0.25,0.25,0.25
77,77.0,77.03587187080576,0.25,0.25,0.25,0.25
78,78.0,78.02845268124028,0.25,0.25,0.25,0.25
79,79.0,79.02249088381895,0.25,0.25,0.25,0.25
80,80.0,80.01790035730157,0.25,0.25,0.25,0.25
81,81.0,81.01458987986291,0.25,0.25,0.25,0.25
82,82.0,82.01246455136948,0.25,0.25,0.25,0.25
83,83.0,83.0114271102117,0.25,0.25,0.25,0.25
84,84.0,84.01137914206758,0.25,0.25,0.25,0.25
85,85.0,85.0122221793172,0.25,0.25,0.25,0.25
86,86.0,86.01385869104868,0.25,0.25,0.25,0.25
87,87.0,87.01619296469653,0.25,0.25,0.25,0.25
88,88.0,88.01913188133263,0.25,0.25,0.25,0.25
89,89.0,89.02258558749179,0.25,0.25,0.25,0.25
90,90.0,90.02646806716012,0.25,0.25,0.25,0.25
91,91.0,91.03069761819002,0.25,0.25,0.25,0.25
92,92.0,92.03519723793502,0.25,0.25,0.25,0.25
93,93.0,93.03989492332617,0.25,0.25,0.25,0.25
94,94.0,94.04472389094495,0.25,0.25,0.25,0.25
95,95.0,95.04962272289241,0.25,0.25,0.25,0.25
96,96.0,96.05453544441619,0.25,0.25,0.25,0.25
97,97.0,97.06941153934343,0.25,0.25,0.25,0.25
98,98.0,98.08410590938453,0.25,0.25,0.25,0.25
99,99.0,99.09848978332766,0.25,0.25,0.25,0.25
100,100.0,100.1124503720432,0.25,0.25,0.25,0.25
101,101.0,101.12589039816676,0.25,0.25,0.25,0.25
102,102.0,102.13872751769628,0.25,0.25,0.25,0.25
103,103.0,103.1508936500959,0.25,0.25,0.25,0.25
104,104.0,104.16233423275459,0.25,0.25,0.25,0.25
105,105.0,105.17300741481986,0.25,0.25,0.25,0.25
106,106.0,106.18288320453043,0.25,0.25,0.25,0.25
107,107.0,107.19194258322462,0.25,0.25,0.25,0.25
108,108.0,108.21017659821715,0.25,0.25,0.25,0.25
109,109.0,109.22748544572823,0.25,0.25,0.25,0.25
110,110.0,110.24378855403094,0.25,0.25,0.25,0.25
111,111.0,111.25902346596307,0.25,0.25,0.25,0.25
112,112.0,112.27314465204236,0.25,0.25,0.25,0.25
113,113.0,113.2861222729933,0.25,0.25,0.25,0.25
114,114.0,114.2979409091192,0.25,0.25,0.25,0.25
115,115.0,115.30859827254133,0.25,0.25,0.25,0.25
116,116.0,116.31810391689582,0.25,0.25,0.25,0.25
117,117.0,117.32647795764592,0.25,0.25,0.25,0.25
118,118.0,118.33374981474455,0.25,0.25,0.25,0.25
119,119.0,119.33995698798586,0.25,0.25,0.25,0.25
120,120.0,120.34514387402318,0.25,0.25,0.25,0.25
121,121.0,121.34936063271654,0.25,0.25,0.25,0.25
122,122.0,122.35266210921341,0.25,0.25,0.25,0.25
123,123.0,123.35510681696846,0.25,0.25,0.25,0.25
124,124.0,124.3567559857783,0.25,0.25,0.25,0.25
125,125.0,125.3576726778494,0.25,0.25,0.25,0.25
126,126.0,126.35792097393487,0.25,0.25,0.25,0.25
127,127.0,127.35756523067246,0.25,0.25,0.25,0.25
128,128.0,128.35666940942957,0.25,0.25,0.25,0.25
129,129.0,129.35529647621667,0.25,0.25,0.25,0.25
130,130.0,130.3535078715629,0.25,0.25,0.25,0.25
131,131.0,131.35136304865887,0.25,0.25,0.25,0.25
132,132.0,132.34891907755866,0.25,0.25,0.25,0.25
133,133.0,133.34623031279287,0.25,0.25,0.25,0.25
134,134.0,134.34334812137573,0.25,0.25,0.25,0.25
135,135.0,135.34032066788654,0.25,0.25,0.25,0.25
136,136.0,136.33719275306743,0.25,0.25,0.25,0.25
137,137.0,137.33400570219953,0.25,0.25,0.25,0.25
138,138.0,138.33079729939644,0.25,0.25,0.25,0.25
139,139.0,139.3276017638797,0.25,0.25,0.25,0.25
140,140.0,140.32444976427584,0.25,0.25,0.25,0.25
141,141.0,141.3213684669896,0.25,0.25,0.25,0.25
142,142.0,142.3183816147621,0.25,0.25,0.25,0.25
143,143.0,143.31550963160973,0.25,0.25,0.25,0.25
144,144.0,144.31276975045648,0.25,0.25,0.25,0.25
145,145.0,145.310176159914,0.25,0.25,0.25,0.25
146,146.0,146.30774016682662,0.25,0.25,0.25,0.25
147,147.0,147.30547037137973,0.25,0.25,0.25,0.25
148,148.0,148.30337285176373,0.25,0.25,0.25,0.25
149,149.0,149.3014513555917,0.25,0.25,0.25,0.25
150,150.0,150.29970749548096,0.25,0.25,0.25,0.25
151,151.0,151.29814094642649,0.25,0.25,0.25,0.25
152,152.0,152.29674964281318,0.25,0.25,0.25,0.25
153,153.0,153.2955299731331,0.25,0.25,0.25,0.25
154,154.0,154.2944769706897,0.25,0.25,0.25,0.25
155,155.0,155.2935844987837,0.25,0.25,0.25,0.25
156,156.0,156.29284542908047,0.25,0.25,0.25,0.25
157,157.0,157.29225181205675,0.25,0.25,0.25,0.25
158,158.0,158.30179503861487,0.25,0.25,0.25,0.25
159,159.0,159.31136599213102,0.25,0.25,0.25,0.25
160,160.0,160.32086619037423,0.25,0.25,0.25,0.25
161,161.0,161.33020770688938,0.25,0.25,0.25,0.25
162,162.0,162.33931299468412,0.25,0.25,0.25,0.25
163,163.0,163.35811462375256,0.25,0.25,0.25,0.25
164,164.0,164.3764549436766,0.25,0.25,0.25,0.25
165,165.0,165.39419668217153,0.25,0.25,0.25,0.25
166,166.0,166.41122227999523,0.25,0.25,0.25,0.25
167,167.0,167.4274330952366,0.25,0.25,0.25,0.25
168,168.0,168.44274849800146,0.25,0.25,0.25,0.25
169,169.0,169.45710487550983,0.25,0.25,0.25,0.25
170,170.0,170.47045456651227,0.25,0.25,0.25,0.25
171,171.0,171.48276474274934,0.25,0.25,0.25,0.25
172,172.0,172.4940162539352,0.25,0.25,0.25,0.25
173,173.0,173.50420245146313,0.25,0.25,0.25,0.25
174,174.0,174.5133280047236,0.25,0.25,0.25,0.25
175,175.0,175.52140772261083,0.25,0.25,0.25,0.25
176,176.0,176.52846539148322,0.25,0.25,0.25,0.25
177,177.0,177.53453263955356,0.25,0.25,0.25,0.25
178,178.0,178.5396478364213,0.25,0.25,0.25,0.25
179,179.0,179.54385503523804,0.25,0.25,0.25,0.25
180,180.0,180.54720296382075,0.25,0.25,0.25,0.25
181,181.0,181.54974406990698,0.25,0.25,0.25,0.25
182,182.0,182.5515336246855,0.25,0.25,0.25,0.25
183,183.0,183.55262888773933,0.25,0.25,0.25,0.25
184,184.0,184.55308833561037,0.25,0.25,0.25,0.25
185,185.0,185.55297095533822,0.25,0.25,0.25,0.25
186,186.0,186.55233560353992,0.25,0.25,0.25,0.25
187,187.0,187.55124043088603,0.25,0.25,0.25,0.25
188,188.0,188.54974237118867,0.25,0.25,0.25,0.25
189,189.0,189.54789669374915,0.25,0.25,0.25,0.25
190,190.0,190.54575661711613,0.25,0.25,0.25,0.25
191,191.0,191.54337298197524,0.25,0.25,0.25,0.25
192,192.0,192.54079398052866,0.25,0.25,0.25,0.25
193,193.0,193.53806493942147,0.25,0.25,0.25,0.25
194,194.0,194.5352281530308,0.25,0.25,0.25,0.25
195,195.0,195.53232276374888,0.25,0.25,0.25,0.25
196,196.0,196.52938468575766,0.25,0.25,0.25,0.25
197,197.0,197.526446568708,0.25,0.25,0.25,0.25
198,198.0,198.5235377976762,0.25,0.25,0.25,0.25
199,199.0,199.52068452577083,0.25,0.25,0.25,0.25
200,200.0,200.5179097357983,0.24897524752475247,0.2510742574257426,0.24897524752475247,0.2509752475247525
201,201.0,201.51523332746504,0.24676980877499516,0.2507105736750146,0.24876980877499516,0.25374980877499514
202,202.0,202.51267222669043,0.2438575519469174,0.25303133463543837,0.24783755194691742,0.25527356147072694
203,203.0,203.5102405137264,0.2408239957023463,0.2562163167977231,0.24674619570234632,0.25621349179758446
204,204.0,204.50794956692147,0.2389953357041071,0.25795081964863126,0.2448062937041071,0.25824755094315477
205,205.0,205.50580821912786,0.23637093288646588,0.25967564132888665,0.24412170272215214,0.2598317230624956
206,206.0,206.5038229239223,0.23262575715957318,0.2632982030374533,0.24225465387058887,0.2618213859323849
207,207.0,207.5019979289981,0.22870230293958846,0.2661094964964058,0.24132550498333527,0.2638626955806707
208,208.0,208.50033545427632,0.22469742615781435,0.26735731304089344,0.24311097966405507,0.2648342811372374
209,209.0,209.498835872484,0.220322779376709,0.26781519252658814,0.24438165091903383,0.26748037717766926
210,210.0,210.49749789014606,0.21827758423251478,0.2675130443700068,0.24512812388012734,0.2690812475173513
211,211.0,211.49631872714045,0.2185533157669508,0.2666640198010698,0.24573543301219258,0.26904723141978704
212,212.0,212.495294293164,0.2190000513010647,0.2655150768854402,0.2457913652509361,0.26969350656255925
213,213.0,213.49441935965353,0.21894442235925943,0.26412699430287967,0.24600724802656418,0.2709213353112969
214,214.0,214.4936877258976,0.21867890835321482,0.26299273982418914,0.24556811464159664,0.2727602371809995
215,215.0,215.49309237825827,0.21889436698436954,0.2616389711844024,0.24398787826858556,0.27547878356264255
216,216.0,216.4926256416003,0.21903548169164852,0.2614215072858562,0.2422646763988593,0.277278334623636
217,217.0,217.49227932219213,0.21928274771864995,0.26119582359954574,0.24057819380959636,0.27894323487220796
218,218.0,218.49204484150286,0.22033736298741727,0.2612532194924889,0.2387035281605478,0.27970588935954604
219,219.0,219.4919133604675,0.22059906563578968,0.26184196425919265,0.2362114524342328,0.2813475176707849
220,220.0,220.49187589393097,0.2204756284791057,0.2644915693992004,0.23330953482838973,0.28172326729330427
221,221.0,221.4919234151088,0.2214362343238723,0.2664297591840879,0.23064380823305927,0.2814901982589806
222,222.0,222.49204695001777,0.22170882685745077,0.2670512031194283,0.22866583173666447,0.28257413828645656
223,223.0,223.49223766193563,0.22099552877167145,0.2684019296713912,0.2287328205504861,0.28186972100645136
224,224.0,224.49248692604237,0.21954525370034556,0.2697330874677702,0.229863734853404,0.2808579239784804
225,225.0,225.49278639447803,0.2175679390514345,0.2713806049577908,0.23153450034058498,0.2795169556501899
226,226.0,226.49312805212534,0.21596979341509134,0.2731530758865023,0.23299422038461404,0.2778829103137926
227,227.0,227.49350426348667,0.21463670371728855,0.2753095327356531,0.23424534648183193,0.2758084170652267
228,228.0,228.49390781107698,0.2135661756102128,0.27765141775302504,0.23554755783683753,0.27323484879992493
229,229.0,229.4943319257975,0.2128481513447376,0.2821067851925205,0.23469833802179857,0.2703467254409436
230,230.0,230.494770309788,0.21136837096155026,0.2865507184376352,0.2338808826717243,0.2682000279290906
231,231.0,231.50521715228157,0.21043007284235077,0.29100577440260644,0.23282676911206268,0.26573738364298033
232,232.0,232.51556713900294,0.21011095489302462,0.2952287036310641,0.2312250180500533,0.2634353234258582
233,233.0,233.52572645566215,0.20985027559954164,0.298289132084181,0.23065449708011598,0.2612060952361615
234,234.0,234.53561257609883,0.21065291992594587,0.30020381254320994,0.2303077286212546,0.2588355389095898
235,235.0,235.54515395873085,0.21203704377147747,0.3024394362567553,0.2294935432590984,0.2560299767126691
236,236.0,236.55428966351238,0.21398154052629498,0.3042203777118559,0.22847645663705263,0.2533216251247967
237,237.0,237.56296890118062,0.21563823021368062,0.3059315601588184,0.22786099153019573,0.2505692180973054
238,238.0,238.57115052607026,0.21663498262730493,0.30689773805242576,0.2281874186464282,0.2482798606738413
239,239.0,239.5788024832102,0.21789533415630027,0.307794200158204,0.22842640105708648,0.24588406462840942
240,240.0,240.58590121980404,0.21954107703974235,0.30934161386168574,0.2270861173200042,0.24403119177856794
241,241.0,241.59243107054047,0.22159971938188613,0.3102212562712945,0.2257304155614625,0.24244860878535707
242,242.0,242.59838362549783,0.2233326974021938,0.31087356381007136,0.22429218948737006,0.24150154930036502
243,243.0,243.60375708870453,0.22476353829762372,0.3121863851195543,0.22280051407142437,0.24024956251139784
244,244.0,244.6085556347035,0.22607656630483416,0.31371004990085194,0.22160658963805596,0.23860679415625816
245,245.0,245.61278876975553,0.2266548578626661,0.31608027925516047,0.22043028432181874,0.23683457856035492
246,246.0,246.6164707036048,0.22709669030660362,0.31841379431349465,0.21952700487481153,0.23496251050509043
247,247.0,247.61961973703305,0.22741184290768507,0.3209176444791427,0.2186540331886696,0.2330164794245028
248,248.0,248.6222576697482,0.22759033833971742,0.32394189298765225,0.21715705154388304,0.23131071712874748
249,249.0,249.62440923249432,0.22754269373333716,0.32637388197694206,0.21602201724121511,0.23006140704850586
250,250.0,250.6261015466409,0.22737185419961206,0.329417156659928,0.21465645603051953,0.22855453310994062
251,251.0,251.62736361390643,0.2271080010882953,0.3321797595326709,0.21367164470906713,0.22704059466996684
252,252.0,252.62822583830632,0.22668663562704117,0.33496553259298834,0.21272143167181867,0.225626400108152
253,253.0,253.62871958188316,0.22701244343932192,0.3375974620396933,0.21158399948380746,0.22380609503717747
254,254.0,254.6288767552835,0.22724743393033775,0.3398809494599916,0.21075127793216208,0.22212033867750874
255,255.0,255.62872944379097,0.22799449220619195,0.3419122025050556,0.21021029428636384,0.21988301100238872
256,256.0,256.6283095690098,0.22868662833160064,0.3440394457525615,0.20974409806866467,0.21752982784717328
257,257.0,257.6276485860166,0.2294716059311189,0.3461414027808616,0.20903221186116638,0.21535477942685327
258,258.0,258.6267772154626,0.2303588903311053,0.3479913234437543,0.2083484124793424,0.21330137374579822
259,259.0,259.62572520980933,0.2313277311036923,0.3497836592067245,0.20747769102627486,0.2114109186633085
260,260.0,260.6245211526233,0.23279882249626527,0.35073767456605853,0.206843606046723,0.2096198968909534
261,261.0,261.6231922896297,0.2343702861274792,0.35166697065000974,0.20645619687375377,0.2075065463487575
262,262.0,262.6217643900391,0.23627882196069663,0.35182921961324837,0.20631238657724207,0.20557957184881312
263,263.0,263.6202616365072,0.23810728222346464,0.35131024560134644,0.20641539878908755,0.20416707338610152
264,264.0,264.61870654196343,0.2393640320573209,0.35066997619018314,0.20717213823743136,0.20279385351506476
265,265.0,265.6171198914544,0.24028660743670702,0.35031447419915285,0.20825539226508505,0.20114352609905525
266,266.0,266.61552070708177,0.24128148293780788,0.34981924172021955,0.20932697357613933,0.1995723017658334
267,267.0,267.61392623407556,0.24208144571956888,0.349165005693712,0.2101899143517693,0.19856363423495005
268,268.0,268.6123519460292,0.24280692616623997,0.3488482993792324,0.21108280848841865,0.19726196596610926
269,269.0,269.6108115673272,0.24336046167230146,0.3486198954494746,0.21195536421160632,0.19606427866661788
270,270.0,270.6093171108221,0.24377951995340374,0.348189714618435,0.2129674714706258,0.1950632939575357
271,271.0,271.6078789288593,0.24381017724778112,0.3478621436760984,0.21430486869652532,0.19402281037959537
272,272.0,272.6065057758042,0.2438775293168552,0.34772159009286624,0.21543296391535602,0.19296791667492275
273,273.0,273.6052048802965,0.24364078960602203,0.3470600431979458,0.21723431568854581,0.1920648515074865
274,274.0,274.6039820255367,0.24310592816357418,0.3464650408202783,0.21918163790097994,0.1912473931151678
275,275.0,275.6028416359975,0.24251272965563447,0.34575109592321934,0.22105262702228945,0.19068354739885698
276,276.0,276.60178686905226,0.24321715326150325,0.34488568941264763,0.22203537831302375,0.18986177901282564
277,277.0,277.600819710111,0.24388044448179294,0.34402119294359157,0.22293745947190446,0.18916090310271128
278,278.0,278.59994106996277,0.24440406779796714,0.34358035922137364,0.22359258486428174,0.1884229881163777
279,279.0,279.5991508831297,0.2451633612643929,0.34303288622083583,0.22412180374569718,0.18768194876907437
280,280.0,280.59844820614865,0.246037671754191,0.34255355750871475,0.22477137338404285,0.18663739735305168
281,281.0,281.59783131480424,0.24663094794777446,0.3421711459453355,0.2255375255327158,0.1856603805741745
282,282.0,282.5972977994462,0.2472076146024133,0.341756817213135,0.22653287490933463,0.18450269327511726
283,283.0,283.59684465762956,0.2479801366659779,0.3413462665313712,0.2272312111237595,0.18344238567889162
284,284.0,284.59646838341826,0.24850598554832815,0.34102863426572066,0.22801008495297118,0.18245529523298018
285,285.0,285.5961650527939,0.2489307689517281,0.34048439058165914,0.22903316763059195,0.18155167283602097
286,286.0,286.59593040470406,0.2496274486390106,0.33971728150959535,0.22993926228086217,0.18071600757053213
287,287.0,287.59575991737614,0.2505308135943438,0.3387622398651543,0.23074404646224747,0.1799629000782547
288,288.0,288.59564887960727,0.2517311205355217,0.337601106243257,0.23135208612706332,0.1793156870941582
289,289.0,289.5955924568192,0.25304187174015336,0.3348855084436819,0.23306153308842933,0.1790110867277357
290,290.0,290.59558575174174,0.2543129011234936,0.33278005953810735,0.23424793255373536,0.17865910678466393
291,291.0,291.5956238596546,0.255790567082341,0.33116159658055566,0.2352753677375307,0.17777246859957282
292,292.0,292.59570191817966,0.2573039864970406,0.3297310735622204,0.23608260974952927,0.17688233019120983
293,293.0,293.5958151516704,0.2588889700880973,0.3283717962289365,0.23668041331590353,0.17605882036706277
294,294.0,294.59595891029534,0.2603762566355647,0.32711337988907796,0.2371901061428396,0.17532025733251785
295,295.0,295.59612870395483,0.26304495152340507,0.3248957716311064,0.2370814291029083,0.17497784774258032
296,296.0,296.59632023120884,0.2660655471176614,0.3224010794520068,0.23697732000474286,0.17455605342558905
297,297.0,297.5965294034254,0.2694937289135101,0.31970374799689505,0.23673201359769527,0.1740705094918997
298,298.0,298.596752364386,0.2726577061684394,0.31764863265648835,0.2365954797786872,0.17309818139638516
299,299.0,299.5969855056067,0.2758919491263359,0.31562230609956166,0.23636965869418539,0.17211608607991713
300,300.0,300.59722547764926,0.2788694223690824,0.3139549854272638,0.23605461400410999,0.17112097819954386
301,301.0,301.59746919771106,0.2815835155301671,0.3123142352716941,0.23598298407550228,0.17011926512263661
302,302.0,302.59771385378957,0.28412434100997114,0.3108131365127923,0.23587176210370225,0.1691907603735344
303,303.0,303.59795690572236,0.2864853112527303,0.30945198803302776,0.23572564603002072,0.1683370546842213
304,304.0,304.5981960834046,0.28871686461174234,0.3084581304596032,0.23542861917528918,0.16739638575336535
305,305.0,305.59842938248465,0.29062665708754,0.30767549199653343,0.2349949093190032,0.16670294159692353
306,306.0,306.5986550578318,0.2937794484563113,0.3052350355586363,0.2346620412379046,0.1663234747471479
307,307.0,307.59887161506595,0.2966788389233958,0.30290042439873766,0.23469792729006814,0.16572280938779854
308,308.0,308.599077800426,0.29963051705420785,0.30118110781970514,0.23465944757348584,0.1645289275526013
309,309.0,309.5992725892458,0.3023704780315124,0.2996106429494145,0.23460927531824716,0.16340960370082605
310,310.0,310.5994551732912,0.30487054274137493,0.2982008248754505,0.23455456930564816,0.16237406307752641
311,311.0,311.5996249471991,0.3072230622257397,0.2967415630081424,0.23461806719014908,0.16141730757596884
312,312.0,312.5997814942442,0.30925502605250066,0.2955555705548269,0.2346510121385421,0.1605383912541303
313,313.0,313.5999245716424,0.31107251105676104,0.2945120282266509,0.2346746570675167,0.15974080364907126
314,314.0,314.6000540955843,0.31296464631504883,0.2933757430412509,0.23464499459906335,0.15901461604463682
315,315.0,315.60017012617624,0.3143916865205355,0.2927767241524344,0.23444284714640026,0.15838874218062982
316,316.0,316.60027285244723,0.3156159554651307,0.29221576757589196,0.23433606285550973,0.15783221410346754
317,317.0,317.60036257756656,0.3166233749723165,0.29198176307493606,0.23404722509414966,0.15734763685859776
318,318.0,318.6004397043983,0.3174251911403973,0.2917832014758637,0.23385931089886391,0.1569322964848752
319,319.0,319.6005047215029,0.3170407028983595,0.2931928484288014,0.23384293588382676,0.15592351278901248
320,320.0,320.600558189682,0.3164923855696353,0.29441551633874863,0.23410138015143395,0.15499071794018227
321,321.0,321.6006007291464,0.3158181195951524,0.2958790777728476,0.23417889935226505,0.15412390327973513
322,322.0,322.60063300737283,0.3149208057761824,0.29737206957668666,0.23469876982844098,0.15300835481869013
323,323.0,323.600655727703,0.31378839332994507,0.29914865692573933,0.23513430835414256,0.15192864139017323
324,324.0,324.60066961872303,0.3126986070623982,0.30108757826280186,0.23529754384507,0.1509162708297302
325,325.0,325.60067542445387,0.3118834025787678,0.3026058046515209,0.23550338961395084,0.15000740315576075
326,326.0,326.6006738953671,0.31102688287568186,0.3038242613001873,0.23585057336413856,0.14929828245999255
327,327.0,327.6006657802353,0.31017020947571655,0.30511732159344074,0.2360577082670734,0.14865476066376962
328,328.0,328.60065181881436,0.30920711790968075,0.3065833653716854,0.2363733535728667,0.1478361631457674
329,329.0,329.60063273534735,0.3084685571961667,0.30787156721345454,0.23657299896781073,0.1470868766225682
330,330.0,330.6006092328736,0.3077292296780293,0.3090943484755637,0.23675673392254482,0.14641968792386237
331,331.0,331.6005819883185,0.30710761363653655,0.3104806751485802,0.23658790275449787,0.14582380846038556
332,332.0,332.6005516483357,0.30658140076638374,0.31187900002155156,0.2363059519428409,0.1452336472692239
333,333.0,333.6005188258678,0.3060714741216324,0.3131932685749409,0.23601525315576652,0.14472000414766026
334,334.0,334.60048409738806,0.30554162180650724,0.31425207708850583,0.23585450881360784,0.14435179229137915
335,335.0,335.60044800078236,0.3050348491969113,0.31522038348109316,0.23569090234386633,0.14405386497812936
336,336.0,336.60041103382946,0.30453038663662285,0.31635133641347973,0.23553027759262513,0.14358799935727246
337,337.0,337.60037365323353,0.30407775362866696,0.31737327206650745,0.23536649165515444,0.14318248264967132
338,338.0,338.6003362741649,0.3036777415116908,0.3180478122642861,0.23543935242024702,0.14283509380377618
339,339.0,339.6002992702614,0.3031221636756307,0.3186162977371833,0.23571827944717694,0.14254325914000912
340,340.0,340.60026297404573,0.30283813409491767,0.3188586162741518,0.23599564244181334,0.1423076071891172
341,341.0,341.60022767771113,0.3026080168861253,0.31900527085730923,0.23626533011734144,0.14212138213922398
342,342.0,342.6001936342329,0.3025161465766281,0.31906843655119677,0.23643927206871906,0.14197614480345608
343,343.0,343.60016105876014,0.30235599473061187,0.3188172251456256,0.23671994630599036,0.1421068338177722
344,344.0,344.60013013024707,0.30222415428549476,0.3185072191176585,0.23699101571533612,0.14227761088151059
345,345.0,345.6001009932828,0.30236658725311283,0.3180581724005892,0.23695948429420963,0.14261575605208826
346,346.0,346.6000737600822,0.30255119520926965,0.31755579554781466,0.23691480189874384,0.1429782073441718
347,347.0,347.6000485126008,0.3027543821080173,0.31702213365312143,0.23686165252824942,0.14336183171061187
348,348.0,348.60002530474156,0.302891725973224,0.3163893213074354,0.2369190614327577,0.1437998912865829
349,349.0,349.60000416462077,0.3030628464857498,0.3157266349979034,0.23696638351070198,0.14424413500564487
350,350.0,350.5999850968659,0.303135391051912,0.3148857437176134,0.23729729635347652,0.14468156887699815
351,351.0,351.6099680849179,0.30339708419605177,0.31404771558612166,0.23743702325177177,0.14511817696605495
352,352.0,352.61985309331544,0.3036108097133456,0.31334402119323984,0.23752471410248122,0.14552045499093355
353,353.0,353.62955106994013,0.3038259803580583,0.3126572251479968,0.2376026826148434,0.14591411187910172
354,354.0,354.6389837382029,0.304196941515011,0.3120081697364821,0.23767425416964963,0.14612063457885754
355,355.0,355.64808330225736,0.3044099183058712,0.3115452481411674,0.23773340036615503,0.14631143318680662
356,356.0,356.65679207688385,0.30477761245495166,0.31103989413311955,0.23788011692362193,0.14630237648830713
357,357.0,357.6650620532788,0.3051360876401519,0.3105651110573989,0.23801730705350688,0.1462814942489426
358,358.0,358.6728544115015,0.30548268100600784,0.31012258965153,0.23814455149726926,0.14625017784519317
359,359.0,359.6801389897869,0.30579005214415383,0.30973232595506744,0.23826470521116389,0.14621291668961506
360,360.0,360.6868937203459,0.3060816059569568,0.30937607954080226,0.23837445618216646,0.14616785832007467
361,361.0,361.69310404064555,0.30583342566624017,0.3089750789657251,0.23922706607817504,0.14596442928985992
362,362.0,362.69876228850876,0.3054253089157793,0.30854399197176335,0.2401258082957708,0.14590489081668678
363,363.0,363.7038670887006,0.3051344989057082,0.3081392583537923,0.24088840869406866,0.1458378340464311
364,364.0,364.7084227379862,0.3050183485609653,0.3075920443062429,0.2416207629440774,0.14576884418871458
365,365.0,365.7124385949634,0.30484344815530734,0.30720809758147083,0.2422778453010832,0.14567060896213868
366,366.0,366.7159284802932,0.30461372711760165,0.3068107273019666,0.24303035761521705,0.14554518796521473
367,367.0,367.71891009228716,0.30438596653631206,0.30645152901783157,0.24374144955346866,0.14542105489238774
368,368.0,368.72140444215887,0.30442379984606494,0.30620874307470664,0.2445650833587168,0.14480237372051163
369,369.0,369.72343531262175,0.30429247884454547,0.30617495088492264,0.2453405304940036,0.1441920397765283
370,370.0,370.7250287429122,0.3041654045866892,0.3061744185812502,0.24606485515497228,0.1435953216770883
371,371.0,371.7262125427444,0.30415742891464775,0.306075731067801,0.24678212260886623,0.14298471740868504
372,372.0,372.727015837166,0.3043774626207746,0.3054595046144286,0.24761441865883083,0.142548614105966
373,373.0,373.72746864377376,0.3043836459539721,0.3052485060016743,0.24827912109013023,0.14208872695422337
374,374.0,374.727601483283,0.30389754197617513,0.3053547681519332,0.24887779863778967,0.14186989123410199
375,375.0,375.7274450240085,0.3036107263283951,0.3049231312219869,0.24952512388810696,0.1419410185615111
376,376.0,376.7270297604213,0.30395458303456885,0.30385916372673855,0.2501496909739711,0.14203656226472158
377,377.0,377.72638572558867,0.3044133617867448,0.30277564636470383,0.2506808404805292,0.14213015136802226
378,378.0,378.7255422369834,0.3048271743177426,0.3016815158579534,0.2511202570995507,0.14237105272475342
379,379.0,379.7245276748688,0.3056932722809648,0.30008501391032494,0.2514704307005636,0.14275128310814678
380,380.0,380.723369292217,0.30620892573661607,0.29853341118617094,0.25167217843371575,0.14358548464349738
381,381.0,381.72209305490827,0.30661741011536225,0.2968492363508221,0.2521818871547342,0.14435146637908153
382,382.0,382.7207235107812,0.30696528451911537,0.29533815550760495,0.2526108830396753,0.14508567693360447
383,383.0,383.7192836859591,0.3071756105994651,0.29408120862754417,0.2529608653557346,0.1457823154172563
384,384.0,384.7177950067596,0.30741140231131403,0.2928827938106831,0.2532569624024147,0.14644884147558826
385,385.0,385.71627724541247,0.3082971227232804,0.2909773158834811,0.25359234463497776,0.14713321675826083
386,386.0,386.71474848774596,0.30905442203560624,0.28908275982503157,0.25390997664867226,0.14795284149069005
387,387.0,387.71322512096856,0.3097791126246897,0.286824088331646,0.25465929550876254,0.1487375035349019
388,388.0,388.72172183965927,0.31084816083791666,0.28460229100374324,0.25525284280521154,0.14929670535312883
389,389.0,389.7301516680843,0.3120487210711043,0.2825273244245688,0.255670679575488,0.1497532749288392
390,390.0,390.73843699698597,0.31339728787734455,0.28052063786319215,0.2559499037133617,0.1501321705461019
391,391.0,391.74650942302765,0.3159588850572526,0.2774494629283986,0.2566125223473105,0.14997912966703858
392,392.0,392.75430951223484,0.31844703352122006,0.27483900105124015,0.25705213281804073,0.14966183260949933
393,393.0,393.761786497399,0.3206252725737479,0.27234416069136463,0.2573728808292903,0.14965768590559747
394,394.0,394.76889791907274,0.3226540386455559,0.27011763832093866,0.2576221173510599,0.14960620568244584
395,395.0,395.7756092193884,0.3245649632049839,0.26807564201260886,0.2578273884910235,0.14953200629138405
396,396.0,396.78189329747863,0.3263507211576756,0.26622013912324893,0.2579910380759621,0.1494381016431137
397,397.0,397.787730034785,0.32800597158477773,0.26455103533985547,0.2581155917655288,0.14932740130983838
398,398.0,398.7931057980129,0.32932483178219724,0.2633163817896658,0.2582553009139524,0.14910348551418498
399,399.0,399.7980129269379,0.330612510722236,0.2622037419566924,0.2583346673707845,0.14884907995028748
400,400.0,400.802449213701,0.3317668956164833,0.2612627450928955,0.25838247298810085,0.14858788630252076
401,401.0,401.8064173796508,0.3327897720205758,0.2604856368699954,0.2584013957936799,0.14832319531574936
402,402.0,402.80992455520914,0.3330339438161783,0.2603188822484481,0.2587369244387483,0.14791024949662565
403,403.0,403.81298176765955,0.3320427651183645,0.2623079469712952,0.2561463566430924,0.14950293126724826
404,404.0,404.81560344118833,0.33062181233983906,0.26418216901210484,0.25333524370088345,0.15186077494717298
405,405.0,405.8178069129523,0.32885554514373116,0.2659524722368545,0.2512810239834717,0.15391095863594312
406,406.0,406.81961196841036,0.32677134191894436,0.2680454521288092,0.24927400491100596,0.15590920104124095
407,407.0,407.8210403986385,0.32452619265494875,0.2699331864976042,0.24714435142453117,0.1583962694229163
408,408.0,408.8221155818575,0.3220563707210325,0.2716741407336858,0.24486501743970693,0.16140447110557518
409,409.0,409.822862090936,0.3194212793657646,0.27327374181612296,0.24325523287768497,0.16404974594042795
410,410.0,410.82330532819725,0.31667203820307455,0.2754499092692359,0.24152512965279427,0.1663529228748957
411,411.0,411.8234711884504,0.3138530491308261,0.27810307826127945,0.23971136667089663,0.16833250593699822
412,412.0,412.8233857507938,0.3105320057882265,0.2809456321350553,0.23850109747316162,0.17002126460355693
413,413.0,413.82307499939486,0.30721846814202797,0.2841391439520014,0.23722195261593937,0.1714204352900316
414,414.0,414.82256457314196,0.30375837141922046,0.28750523826181607,0.23605905229022142,0.17267733802874236
415,415.0,415.8218795437828,0.30102674280281627,0.2904851527348594,0.234833129337431,0.1736549751248936
416,416.0,416.8210442219218,0.2984112144684664,0.29399221569183653,0.23341357170838278,0.1741829981313146
417,417.0,417.8200819900277,0.2959758970059002,0.2973276503480925,0.2321134047183051,0.17458304792770257
418,418.0,418.81901516142267,0.293727122502565,0.3004752651871368,0.23093369097320166,0.17486392133709694
419,419.0,419.817864864064,0.2915634612496762,0.3037644713054581,0.2297426033386577,0.17492946410620838
420,420.0,420.8166509478005,0.28949753728158534,0.3066736561104367,0.22902875398973707,0.17480005261824128
421,421.0,421.8153919136854,0.2871030745782143,0.30954146844744856,0.22875692640555906,0.17459853056877844
422,422.0,422.81410486384493,0.28468492199663104,0.3123141784916137,0.22864360237176565,0.17435729713999
423,423.0,423.82280547035003,0.28242904875676633,0.3147869434976492,0.2287545936198102,0.17402941412577463
424,424.0,424.83140796150116,0.2803785645030008,0.3170256072423846,0.22895169524748998,0.17364413300712492
425,425.0,425.83983612392217,0.2785334351792622,0.31903119321450263,0.22922432520056468,0.17321104640567078
426,426.0,426.8480231088618,0.2768915765857852,0.3208069533315438,0.22956220434696406,0.17273926573570722
427,427.0,427.8559111642189,0.2754490802354785,0.32235811257784536,0.22995542897589166,0.1722373782107848
428,428.0,428.8634513023981,0.2733365383473815,0.3245818438069926,0.2304099855895087,0.17167163225611745
429,429.0,429.8706029137354,0.27133110333005167,0.32680345333258537,0.23088583415947372,0.17097960917788937
430,430.0,430.8773333348016,0.26959035290419464,0.3289986759493369,0.23123215281364318,0.17017881833282536
431,431.0,431.88361738041317,0.2681125103297336,0.33114684401425015,0.2314547751819516,0.16928587047406474
432,432.0,432.8894368476595,0.2667877111343204,0.3332941569375156,0.2315862917225732,0.1683318402055909
433,433.0,433.89477999970455,0.2656607933819424,0.335185479692057,0.23177518108268408,0.1673785458433166
434,434.0,434.8996410365481,0.26471038096296257,0.33686178378148707,0.23197524565816285,0.1664525895973875
435,435.0,435.9040195593418,0.263928327468231,0.33832780803142265,0.2317833672817179,0.16596049721862843
436,436.0,436.9079200342627,0.263274848309501,0.3400602498536435,0.23123802166966867,0.16542688016718682
437,437.0,437.9113512613489,0.2627428231239618,0.3417627865403424,0.23063515755684466,0.16485923277885106
438,438.0,438.9143258531129,0.26232461276533586,0.34342626724308856,0.22998452043241657,0.16426459955915892
439,439.0,439.9168597271695,0.2620121968364557,0.3450428888616241,0.2292953414236331,0.16364957287828702
440,440.0,440.9189716165487,0.26136057889297065,0.34700716671527576,0.22860305193177605,0.16302920245997748
441,441.0,441.9206826008245,0.2609450302184903,0.3484790916453615,0.22786204445810476,0.16271383367804346
442,442.0,442.92201566066444,0.2606291754576428,0.3496763283405145,0.22726022674660917,0.1624342694552336
443,443.0,443.9229952579138,0.2604058391163087,0.35061036210326535,0.22679443845292707,0.16218936032749895
444,444.0,444.923646942859,0.25994506645201204,0.3518799996225815,0.22619719966757384,0.16197773425783268
445,445.0,445.9239969898812,0.25955510425882944,0.3527097280615023,0.22599781884985795,0.16173734882981036
446,446.0,446.9240720623023,0.2592415063103102,0.3533035714929402,0.22592734026124722,0.16152758193550246
447,447.0,447.92389890685826,0.2590055413922423,0.3537484107525599,0.22589280923394803,0.1613532386212498
448,448.0,448.9235040778901,0.25883233615379164,0.35417780392555315,0.225834158140284,0.16115570178037128
449,449.0,449.9229136910398,0.262002458830302,0.3514992995201063,0.2256655931627124,0.1608326484868794
450,450.0,450.92215320596415,0.265058342426685,0.34890974150032816,0.22549898920036227,0.16053292687262458
451,451.0,451.9212472373364,0.2675140974639453,0.34626969040463745,0.22614730885935563,0.16006890327206172
452,452.0,452.9202193931981,0.26980797503703946,0.34369605113531565,0.2268713822229589,0.15962459160468606
453,453.0,453.91909213954165,0.2710072817663206,0.3407186886205059,0.22704404496619027,0.16122998464698327
454,454.0,454.9178866898554,0.2720302706396663,0.3379260807782371,0.22720073445567754,0.16284291412641919
455,455.0,455.9166229182392,0.2728786536535098,0.3353347905952112,0.22817374759890355,0.1636128081523756
456,456.0,456.9153192946023,0.2736638257713442,0.33282257644773255,0.22914092531300242,0.16437267246792098
457,457.0,457.913992840383,0.27438425636159214,0.3304066528737211,0.2300931793637459,0.16511591140094095
458,458.0,458.91265910318185,0.2751876633142947,0.32798009256169186,0.23100223666198233,0.1658300074620313
459,459.0,459.91133214866903,0.2758151373258385,0.3258121519140728,0.23186231416423103,0.16651039659585773
460,460.0,460.9100245681208,0.27672113328543363,0.32384144074113064,0.23241231382803892,0.16702511214539686
461,461.0,461.9087474999461,0.277459463151964,0.3221323428318925,0.23290755448322795,0.16750063953291558
462,462.0,462.9075106635895,0.2780342297347609,0.32068231081128684,0.23334762777093573,0.16793583168301657
463,463.0,463.90632240423264,0.2784628120577911,0.3193791380482282,0.23381607695769313,0.16834197293628755
464,464.0,464.90518974676917,0.2788256952456978,0.3182177046242663,0.23424465057483543,0.16871194955520047
465,465.0,465.90411845758433,0.27938090857550085,0.3169352745489577,0.23441018748521517,0.16927362939032628
466,466.0,466.9031131127421,0.27987408752386467,0.31579093053988616,0.23453791265254859,0.16979706928370059
467,467.0,467.90217717125677,0.28030040617847385,0.31470913669881145,0.23471569585312554,0.17027476126958918
468,468.0,468.90131305220734,0.2806223206415814,0.3139875823331538,0.23467810600150502,0.1707119910237598
469,469.0,469.9005222145408,0.2809709338615879,0.3133820910736603,0.2345663203706871,0.17108065469406475
470,470.0,470.89980523849545,0.28118328890206346,0.3129983010574119,0.23441431870621152,0.1714040913343132
471,471.0,471.8991619076697,0.28145724942267464,0.31305164063381113,0.23379529036583424,0.17169581957768004
472,472.0,472.8985912908499,0.2816009468900864,0.31321505679162737,0.23324584044082655,0.17193815587745973
473,473.0,473.8980918228035,0.28162118254210977,0.31372105097602326,0.23252474108603843,0.17213302539582861
474,474.0,474.89766138333374,0.2816623273407379,0.31418814120429606,0.2320160819128227,0.1721334495421435
475,475.0,475.8972973739776,0.2817969716877024,0.31627020064942896,0.23150152553186001,0.1704313021310087
476,476.0,476.8969967918173,0.2814905771334672,0.3192507767576776,0.2306179391838431,0.16864070692501215
477,477.0,477.89675629995486,0.28115597344143684,0.32223350506406573,0.22975296133580694,0.16685756015869055
478,478.0,478.8965722942791,0.2802461062737958,0.32465262878000123,0.22893088791903493,0.1661703770271682
479,479.0,479.89644096622817,0.27925762650627795,0.32691687929069685,0.22831711765809565,0.16550837654492978
480,480.0,480.89635836132004,0.27792627634517486,0.3287845400979295,0.2275804245535595,0.16570875900333634
481,481.0,481.8963204332895,0.2767520135479643,0.33083985673336835,0.22678568195330984,0.16562244776535762
482,482.0,482.8963230937291,0.2754727451400834,0.33300784153952806,0.2259838421748374,0.16553557114555117
483,483.0,483.89636225718743,0.27416512504109136,0.3350121495828767,0.22537211590381076,0.1654506094722213
484,484.0,484.8964338817281,0.27290145559853274,0.3369026768878332,0.22480790980407528,0.16538795770955886
