Total_iterations,Unnamed: 0.1,Add_vertex,Delete_vertex,Insert_inside_vertex,Delete_inside_vertex
0,0.0,0.25,0.25,0.25,0.25
1,1.0,0.25,0.25,0.25,0.25
2,2.0,0.25,0.25,0.25,0.25
3,3.0,0.25,0.25,0.25,0.25
4,4.0,0.25,0.25,0.25,0.25
5,5.0,0.25,0.25,0.25,0.25
6,6.0,0.25,0.25,0.25,0.25
7,7.0,0.25,0.25,0.25,0.25
8,8.0,0.25,0.25,0.25,0.25
9,9.0,0.25,0.25,0.25,0.25
10,10.0,0.25,0.25,0.25,0.25
11,11.0,0.25,0.25,0.25,0.25
12,12.0,0.25,0.25,0.25,0.25
13,13.0,0.25,0.25,0.25,0.25
14,14.0,0.25,0.25,0.25,0.25
15,15.0,0.25,0.25,0.25,0.25
16,16.0,0.25,0.25,0.25,0.25
17,17.0,0.25,0.25,0.25,0.25
18,18.0,0.25,0.25,0.25,0.25
19,19.0,0.25,0.25,0.25,0.25
20,20.0,0.25,0.25,0.25,0.25
21,21.0,0.25,0.25,0.25,0.25
22,22.0,0.25,0.25,0.25,0.25
23,23.0,0.25,0.25,0.25,0.25
24,24.0,0.25,0.25,0.25,0.25
25,25.0,0.25,0.25,0.25,0.25
26,26.0,0.25,0.25,0.25,0.25
27,27.0,0.25,0.25,0.25,0.25
28,28.0,0.25,0.25,0.25,0.25
29,29.0,0.25,0.25,0.25,0.25
30,30.0,0.25,0.25,0.25,0.25
31,31.0,0.25,0.25,0.25,0.25
32,32.0,0.25,0.25,0.25,0.25
33,33.0,0.25,0.25,0.25,0.25
34,34.0,0.25,0.25,0.25,0.25
35,35.0,0.25,0.25,0.25,0.25
36,36.0,0.25,0.25,0.25,0.25
37,37.0,0.25,0.25,0.25,0.25
38,38.0,0.25,0.25,0.25,0.25
39,39.0,0.25,0.25,0.25,0.25
40,40.0,0.25,0.25,0.25,0.25
41,41.0,0.25,0.25,0.25,0.25
42,42.0,0.25,0.25,0.25,0.25
43,43.0,0.25,0.25,0.25,0.25
44,44.0,0.25,0.25,0.25,0.25
45,45.0,0.25,0.25,0.25,0.25
46,46.0,0.25,0.25,0.25,0.25
47,47.0,0.25,0.25,0.25,0.25
48,48.0,0.25,0.25,0.25,0.25
49,49.0,0.25,0.25,0.25,0.25
50,50.0,0.25,0.25,0.25,0.25
51,51.0,0.25,0.25,0.25,0.25
52,52.0,0.25,0.25,0.25,0.25
53,53.0,0.25,0.25,0.25,0.25
54,54.0,0.25,0.25,0.25,0.25
55,55.0,0.25,0.25,0.25,0.25
56,56.0,0.25,0.25,0.25,0.25
57,57.0,0.25,0.25,0.25,0.25
58,58.0,0.25,0.25,0.25,0.25
59,59.0,0.25,0.25,0.25,0.25
60,60.0,0.25,0.25,0.25,0.25
61,61.0,0.25,0.25,0.25,0.25
62,62.0,0.25,0.25,0.25,0.25
63,63.0,0.25,0.25,0.25,0.25
64,64.0,0.25,0.25,0.25,0.25
65,65.0,0.25,0.25,0.25,0.25
66,66.0,0.25,0.25,0.25,0.25
67,67.0,0.25,0.25,0.25,0.25
68,68.0,0.25,0.25,0.25,0.25
69,69.0,0.25,0.25,0.25,0.25
70,70.0,0.25,0.25,0.25,0.25
71,71.0,0.25,0.25,0.25,0.25
72,72.0,0.25,0.25,0.25,0.25
73,73.0,0.25,0.25,0.25,0.25
74,74.0,0.25,0.25,0.25,0.25
75,75.0,0.25,0.25,0.25,0.25
76,76.0,0.25,0.25,0.25,0.25
77,77.0,0.25,0.25,0.25,0.25
78,78.0,0.25,0.25,0.25,0.25
79,79.0,0.25,0.25,0.25,0.25
80,80.0,0.25,0.25,0.25,0.25
81,81.0,0.25,0.25,0.25,0.25
82,82.0,0.25,0.25,0.25,0.25
83,83.0,0.25,0.25,0.25,0.25
84,84.0,0.25,0.25,0.25,0.25
85,85.0,0.25,0.25,0.25,0.25
86,86.0,0.25,0.25,0.25,0.25
87,87.0,0.25,0.25,0.25,0.25
88,88.0,0.25,0.25,0.25,0.25
89,89.0,0.25,0.25,0.25,0.25
90,90.0,0.25,0.25,0.25,0.25
91,91.0,0.25,0.25,0.25,0.25
92,92.0,0.25,0.25,0.25,0.25
93,93.0,0.25,0.25,0.25,0.25
94,94.0,0.25,0.25,0.25,0.25
95,95.0,0.25,0.25,0.25,0.25
96,96.0,0.25,0.25,0.25,0.25
97,97.0,0.25,0.25,0.25,0.25
98,98.0,0.25,0.25,0.25,0.25
99,99.0,0.25,0.25,0.25,0.25
100,100.0,0.25,0.25,0.25,0.25
101,101.0,0.25,0.25,0.25,0.25
102,102.0,0.25,0.25,0.25,0.25
103,103.0,0.25,0.25,0.25,0.25
104,104.0,0.25,0.25,0.25,0.25
105,105.0,0.25,0.25,0.25,0.25
106,106.0,0.25,0.25,0.25,0.25
107,107.0,0.25,0.25,0.25,0.25
108,108.0,0.25,0.25,0.25,0.25
109,109.0,0.25,0.25,0.25,0.25
110,110.0,0.25,0.25,0.25,0.25
111,111.0,0.25,0.25,0.25,0.25
112,112.0,0.25,0.25,0.25,0.25
113,113.0,0.25,0.25,0.25,0.25
114,114.0,0.25,0.25,0.25,0.25
115,115.0,0.25,0.25,0.25,0.25
116,116.0,0.25,0.25,0.25,0.25
117,117.0,0.25,0.25,0.25,0.25
118,118.0,0.25,0.25,0.25,0.25
119,119.0,0.25,0.25,0.25,0.25
120,120.0,0.25,0.25,0.25,0.25
121,121.0,0.25,0.25,0.25,0.25
122,122.0,0.25,0.25,0.25,0.25
123,123.0,0.25,0.25,0.25,0.25
124,124.0,0.25,0.25,0.25,0.25
125,125.0,0.25,0.25,0.25,0.25
126,126.0,0.25,0.25,0.25,0.25
127,127.0,0.25,0.25,0.25,0.25
128,128.0,0.25,0.25,0.25,0.25
129,129.0,0.25,0.25,0.25,0.25
130,130.0,0.25,0.25,0.25,0.25
131,131.0,0.25,0.25,0.25,0.25
132,132.0,0.25,0.25,0.25,0.25
133,133.0,0.25,0.25,0.25,0.25
134,134.0,0.25,0.25,0.25,0.25
135,135.0,0.25,0.25,0.25,0.25
136,136.0,0.25,0.25,0.25,0.25
137,137.0,0.25,0.25,0.25,0.25
138,138.0,0.25,0.25,0.25,0.25
139,139.0,0.25,0.25,0.25,0.25
140,140.0,0.25,0.25,0.25,0.25
141,141.0,0.25,0.25,0.25,0.25
142,142.0,0.25,0.25,0.25,0.25
143,143.0,0.25,0.25,0.25,0.25
144,144.0,0.25,0.25,0.25,0.25
145,145.0,0.25,0.25,0.25,0.25
146,146.0,0.25,0.25,0.25,0.25
147,147.0,0.25,0.25,0.25,0.25
148,148.0,0.25,0.25,0.25,0.25
149,149.0,0.25,0.25,0.25,0.25
150,150.0,0.25,0.25,0.25,0.25
151,151.0,0.25,0.25,0.25,0.25
152,152.0,0.25,0.25,0.25,0.25
153,153.0,0.25,0.25,0.25,0.25
154,154.0,0.25,0.25,0.25,0.25
155,155.0,0.25,0.25,0.25,0.25
156,156.0,0.25,0.25,0.25,0.25
157,157.0,0.25,0.25,0.25,0.25
158,158.0,0.25,0.25,0.25,0.25
159,159.0,0.25,0.25,0.25,0.25
160,160.0,0.25,0.25,0.25,0.25
161,161.0,0.25,0.25,0.25,0.25
162,162.0,0.25,0.25,0.25,0.25
163,163.0,0.25,0.25,0.25,0.25
164,164.0,0.25,0.25,0.25,0.25
165,165.0,0.25,0.25,0.25,0.25
166,166.0,0.25,0.25,0.25,0.25
167,167.0,0.25,0.25,0.25,0.25
168,168.0,0.25,0.25,0.25,0.25
169,169.0,0.25,0.25,0.25,0.25
170,170.0,0.25,0.25,0.25,0.25
171,171.0,0.25,0.25,0.25,0.25
172,172.0,0.25,0.25,0.25,0.25
173,173.0,0.25,0.25,0.25,0.25
174,174.0,0.25,0.25,0.25,0.25
175,175.0,0.25,0.25,0.25,0.25
176,176.0,0.25,0.25,0.25,0.25
177,177.0,0.25,0.25,0.25,0.25
178,178.0,0.25,0.25,0.25,0.25
179,179.0,0.25,0.25,0.25,0.25
180,180.0,0.25,0.25,0.25,0.25
181,181.0,0.25,0.25,0.25,0.25
182,182.0,0.25,0.25,0.25,0.25
183,183.0,0.25,0.25,0.25,0.25
184,184.0,0.25,0.25,0.25,0.25
185,185.0,0.25,0.25,0.25,0.25
186,186.0,0.25,0.25,0.25,0.25
187,187.0,0.25,0.25,0.25,0.25
188,188.0,0.25,0.25,0.25,0.25
189,189.0,0.25,0.25,0.25,0.25
190,190.0,0.25,0.25,0.25,0.25
191,191.0,0.25,0.25,0.25,0.25
192,192.0,0.25,0.25,0.25,0.25
193,193.0,0.25,0.25,0.25,0.25
194,194.0,0.25,0.25,0.25,0.25
195,195.0,0.25,0.25,0.25,0.25
196,196.0,0.25,0.25,0.25,0.25
197,197.0,0.25,0.25,0.25,0.25
198,198.0,0.25,0.25,0.25,0.25
199,199.0,0.25,0.25,0.25,0.25
200,200.0,0.2489752475247524,0.2510742574257426,0.2489752475247524,0.2509752475247525
201,201.0,0.2467698087749951,0.2507105736750146,0.2487698087749951,0.2537498087749951
202,202.0,0.2438575519469174,0.2530313346354383,0.2478375519469174,0.2552735614707269
203,203.0,0.2408239957023463,0.2562163167977231,0.2467461957023463,0.2562134917975844
204,204.0,0.2389953357041071,0.2579508196486312,0.2448062937041071,0.2582475509431547
205,205.0,0.2363709328864658,0.2596756413288866,0.2441217027221521,0.2598317230624956
206,206.0,0.2326257571595731,0.2632982030374533,0.2422546538705888,0.2618213859323849
207,207.0,0.2287023029395884,0.2661094964964058,0.2413255049833352,0.2638626955806707
208,208.0,0.2246974261578143,0.2673573130408934,0.243110979664055,0.2648342811372374
209,209.0,0.220322779376709,0.2678151925265881,0.2443816509190338,0.2674803771776692
210,210.0,0.2182775842325147,0.2675130443700068,0.2451281238801273,0.2690812475173513
211,211.0,0.2185533157669508,0.2666640198010698,0.2457354330121925,0.269047231419787
212,212.0,0.2190000513010647,0.2655150768854402,0.2457913652509361,0.2696935065625592
213,213.0,0.2189444223592594,0.2641269943028796,0.2460072480265641,0.2709213353112969
214,214.0,0.2186789083532148,0.2629927398241891,0.2455681146415966,0.2727602371809995
215,215.0,0.2188943669843695,0.2616389711844024,0.2439878782685855,0.2754787835626425
216,216.0,0.2190354816916485,0.2614215072858562,0.2422646763988593,0.277278334623636
217,217.0,0.2192827477186499,0.2611958235995457,0.2405781938095963,0.2789432348722079
218,218.0,0.2203373629874172,0.2612532194924889,0.2387035281605478,0.279705889359546
219,219.0,0.2205990656357896,0.2618419642591926,0.2362114524342328,0.2813475176707849
220,220.0,0.2204756284791057,0.2644915693992004,0.2333095348283897,0.2817232672933042
221,221.0,0.2214362343238723,0.2664297591840879,0.2306438082330592,0.2814901982589806
222,222.0,0.2217088268574507,0.2670512031194283,0.2286658317366644,0.2825741382864565
223,223.0,0.2209955287716714,0.2684019296713912,0.2287328205504861,0.2818697210064513
224,224.0,0.2195452537003455,0.2697330874677702,0.229863734853404,0.2808579239784804
225,225.0,0.2175679390514345,0.2713806049577908,0.2315345003405849,0.2795169556501899
226,226.0,0.2159697934150913,0.2731530758865023,0.232994220384614,0.2778829103137926
227,227.0,0.2146367037172885,0.2753095327356531,0.2342453464818319,0.2758084170652267
228,228.0,0.2135661756102128,0.277651417753025,0.2355475578368375,0.2732348487999249
229,229.0,0.2128481513447376,0.2821067851925205,0.2346983380217985,0.2703467254409436
230,230.0,0.2113683709615502,0.2865507184376352,0.2338808826717243,0.2682000279290906
231,231.0,0.2104300728423507,0.2910057744026064,0.2328267691120626,0.2657373836429803
232,232.0,0.2101109548930246,0.2952287036310641,0.2312250180500533,0.2634353234258582
233,233.0,0.2098502755995416,0.298289132084181,0.2306544970801159,0.2612060952361615
234,234.0,0.2106529199259458,0.3002038125432099,0.2303077286212546,0.2588355389095898
235,235.0,0.2120370437714774,0.3024394362567553,0.2294935432590984,0.2560299767126691
236,236.0,0.2139815405262949,0.3042203777118559,0.2284764566370526,0.2533216251247967
237,237.0,0.2156382302136806,0.3059315601588184,0.2278609915301957,0.2505692180973054
238,238.0,0.2166349826273049,0.3068977380524257,0.2281874186464282,0.2482798606738413
239,239.0,0.2178953341563002,0.307794200158204,0.2284264010570864,0.2458840646284094
240,240.0,0.2195410770397423,0.3093416138616857,0.2270861173200042,0.2440311917785679
241,241.0,0.2215997193818861,0.3102212562712945,0.2257304155614625,0.242448608785357
242,242.0,0.2233326974021938,0.3108735638100713,0.22429218948737,0.241501549300365
243,243.0,0.2247635382976237,0.3121863851195543,0.2228005140714243,0.2402495625113978
244,244.0,0.2260765663048341,0.3137100499008519,0.2216065896380559,0.2386067941562581
245,245.0,0.2266548578626661,0.3160802792551604,0.2204302843218187,0.2368345785603549
246,246.0,0.2270966903066036,0.3184137943134946,0.2195270048748115,0.2349625105050904
247,247.0,0.227411842907685,0.3209176444791427,0.2186540331886696,0.2330164794245028
248,248.0,0.2275903383397174,0.3239418929876522,0.217157051543883,0.2313107171287474
249,249.0,0.2275426937333371,0.326373881976942,0.2160220172412151,0.2300614070485058
250,250.0,0.227371854199612,0.329417156659928,0.2146564560305195,0.2285545331099406
251,251.0,0.2271080010882953,0.3321797595326709,0.2136716447090671,0.2270405946699668
252,252.0,0.2266866356270411,0.3349655325929883,0.2127214316718186,0.225626400108152
253,253.0,0.2270124434393219,0.3375974620396933,0.2115839994838074,0.2238060950371774
254,254.0,0.2272474339303377,0.3398809494599916,0.210751277932162,0.2221203386775087
255,255.0,0.2279944922061919,0.3419122025050556,0.2102102942863638,0.2198830110023887
256,256.0,0.2286866283316006,0.3440394457525615,0.2097440980686646,0.2175298278471732
257,257.0,0.2294716059311189,0.3461414027808616,0.2090322118611663,0.2153547794268532
258,258.0,0.2303588903311053,0.3479913234437543,0.2083484124793424,0.2133013737457982
259,259.0,0.2313277311036923,0.3497836592067245,0.2074776910262748,0.2114109186633085
260,260.0,0.2327988224962652,0.3507376745660585,0.206843606046723,0.2096198968909534
261,261.0,0.2343702861274792,0.3516669706500097,0.2064561968737537,0.2075065463487575
262,262.0,0.2362788219606966,0.3518292196132483,0.206312386577242,0.2055795718488131
263,263.0,0.2381072822234646,0.3513102456013464,0.2064153987890875,0.2041670733861015
264,264.0,0.2393640320573209,0.3506699761901831,0.2071721382374313,0.2027938535150647
265,265.0,0.240286607436707,0.3503144741991528,0.208255392265085,0.2011435260990552
266,266.0,0.2412814829378078,0.3498192417202195,0.2093269735761393,0.1995723017658334
267,267.0,0.2420814457195688,0.349165005693712,0.2101899143517693,0.19856363423495
268,268.0,0.2428069261662399,0.3488482993792324,0.2110828084884186,0.1972619659661092
269,269.0,0.2433604616723014,0.3486198954494746,0.2119553642116063,0.1960642786666178
270,270.0,0.2437795199534037,0.348189714618435,0.2129674714706258,0.1950632939575357
271,271.0,0.2438101772477811,0.3478621436760984,0.2143048686965253,0.1940228103795953
272,272.0,0.2438775293168552,0.3477215900928662,0.215432963915356,0.1929679166749227
273,273.0,0.243640789606022,0.3470600431979458,0.2172343156885458,0.1920648515074865
274,274.0,0.2431059281635741,0.3464650408202783,0.2191816379009799,0.1912473931151678
275,275.0,0.2425127296556344,0.3457510959232193,0.2210526270222894,0.1906835473988569
276,276.0,0.2432171532615032,0.3448856894126476,0.2220353783130237,0.1898617790128256
277,277.0,0.2438804444817929,0.3440211929435915,0.2229374594719044,0.1891609031027112
278,278.0,0.2444040677979671,0.3435803592213736,0.2235925848642817,0.1884229881163777
279,279.0,0.2451633612643929,0.3430328862208358,0.2241218037456971,0.1876819487690743
280,280.0,0.246037671754191,0.3425535575087147,0.2247713733840428,0.1866373973530516
281,281.0,0.2466309479477744,0.3421711459453355,0.2255375255327158,0.1856603805741745
282,282.0,0.2472076146024133,0.341756817213135,0.2265328749093346,0.1845026932751172
283,283.0,0.2479801366659779,0.3413462665313712,0.2272312111237595,0.1834423856788916
284,284.0,0.2485059855483281,0.3410286342657206,0.2280100849529711,0.1824552952329801
285,285.0,0.2489307689517281,0.3404843905816591,0.2290331676305919,0.1815516728360209
286,286.0,0.2496274486390106,0.3397172815095953,0.2299392622808621,0.1807160075705321
287,287.0,0.2505308135943438,0.3387622398651543,0.2307440464622474,0.1799629000782547
288,288.0,0.2517311205355217,0.337601106243257,0.2313520861270633,0.1793156870941582
289,289.0,0.2530418717401533,0.3348855084436819,0.2330615330884293,0.1790110867277357
290,290.0,0.2543129011234936,0.3327800595381073,0.2342479325537353,0.1786591067846639
291,291.0,0.255790567082341,0.3311615965805556,0.2352753677375307,0.1777724685995728
292,292.0,0.2573039864970406,0.3297310735622204,0.2360826097495292,0.1768823301912098
293,293.0,0.2588889700880973,0.3283717962289365,0.2366804133159035,0.1760588203670627
294,294.0,0.2603762566355647,0.3271133798890779,0.2371901061428396,0.1753202573325178
295,295.0,0.263044951523405,0.3248957716311064,0.2370814291029083,0.1749778477425803
296,296.0,0.2660655471176614,0.3224010794520068,0.2369773200047428,0.174556053425589
297,297.0,0.2694937289135101,0.319703747996895,0.2367320135976952,0.1740705094918997
298,298.0,0.2726577061684394,0.3176486326564883,0.2365954797786872,0.1730981813963851
299,299.0,0.2758919491263359,0.3156223060995616,0.2363696586941853,0.1721160860799171
300,300.0,0.2788694223690824,0.3139549854272638,0.2360546140041099,0.1711209781995438
301,301.0,0.2815835155301671,0.3123142352716941,0.2359829840755022,0.1701192651226366
302,302.0,0.2841243410099711,0.3108131365127923,0.2358717621037022,0.1691907603735344
303,303.0,0.2864853112527303,0.3094519880330277,0.2357256460300207,0.1683370546842213
304,304.0,0.2887168646117423,0.3084581304596032,0.2354286191752891,0.1673963857533653
305,305.0,0.29062665708754,0.3076754919965334,0.2349949093190032,0.1667029415969235
306,306.0,0.2937794484563113,0.3052350355586363,0.2346620412379046,0.1663234747471479
307,307.0,0.2966788389233958,0.3029004243987376,0.2346979272900681,0.1657228093877985
308,308.0,0.2996305170542078,0.3011811078197051,0.2346594475734858,0.1645289275526013
309,309.0,0.3023704780315124,0.2996106429494145,0.2346092753182471,0.163409603700826
310,310.0,0.3048705427413749,0.2982008248754505,0.2345545693056481,0.1623740630775264
311,311.0,0.3072230622257397,0.2967415630081424,0.234618067190149,0.1614173075759688
312,312.0,0.3092550260525006,0.2955555705548269,0.2346510121385421,0.1605383912541303
313,313.0,0.311072511056761,0.2945120282266509,0.2346746570675167,0.1597408036490712
314,314.0,0.3129646463150488,0.2933757430412509,0.2346449945990633,0.1590146160446368
315,315.0,0.3143916865205355,0.2927767241524344,0.2344428471464002,0.1583887421806298
316,316.0,0.3156159554651307,0.2922157675758919,0.2343360628555097,0.1578322141034675
317,317.0,0.3166233749723165,0.291981763074936,0.2340472250941496,0.1573476368585977
318,318.0,0.3174251911403973,0.2917832014758637,0.2338593108988639,0.1569322964848752
319,319.0,0.3170407028983595,0.2931928484288014,0.2338429358838267,0.1559235127890124
320,320.0,0.3164923855696353,0.2944155163387486,0.2341013801514339,0.1549907179401822
321,321.0,0.3158181195951524,0.2958790777728476,0.234178899352265,0.1541239032797351
322,322.0,0.3149208057761824,0.2973720695766866,0.2346987698284409,0.1530083548186901
323,323.0,0.313788393329945,0.2991486569257393,0.2351343083541425,0.1519286413901732
324,324.0,0.3126986070623982,0.3010875782628018,0.23529754384507,0.1509162708297302
325,325.0,0.3118834025787678,0.3026058046515209,0.2355033896139508,0.1500074031557607
326,326.0,0.3110268828756818,0.3038242613001873,0.2358505733641385,0.1492982824599925
327,327.0,0.3101702094757165,0.3051173215934407,0.2360577082670734,0.1486547606637696
328,328.0,0.3092071179096807,0.3065833653716854,0.2363733535728667,0.1478361631457674
329,329.0,0.3084685571961667,0.3078715672134545,0.2365729989678107,0.1470868766225682
330,330.0,0.3077292296780293,0.3090943484755637,0.2367567339225448,0.1464196879238623
331,331.0,0.3071076136365365,0.3104806751485802,0.2365879027544978,0.1458238084603855
332,332.0,0.3065814007663837,0.3118790000215515,0.2363059519428409,0.1452336472692239
333,333.0,0.3060714741216324,0.3131932685749409,0.2360152531557665,0.1447200041476602
334,334.0,0.3055416218065072,0.3142520770885058,0.2358545088136078,0.1443517922913791
335,335.0,0.3050348491969113,0.3152203834810931,0.2356909023438663,0.1440538649781293
336,336.0,0.3045303866366228,0.3163513364134797,0.2355302775926251,0.1435879993572724
337,337.0,0.3040777536286669,0.3173732720665074,0.2353664916551544,0.1431824826496713
338,338.0,0.3036777415116908,0.3180478122642861,0.235439352420247,0.1428350938037761
339,339.0,0.3031221636756307,0.3186162977371833,0.2357182794471769,0.1425432591400091
340,340.0,0.3028381340949176,0.3188586162741518,0.2359956424418133,0.1423076071891172
341,341.0,0.3026080168861253,0.3190052708573092,0.2362653301173414,0.1421213821392239
342,342.0,0.3025161465766281,0.3190684365511967,0.236439272068719,0.141976144803456
343,343.0,0.3023559947306118,0.3188172251456256,0.2367199463059903,0.1421068338177722
344,344.0,0.3022241542854947,0.3185072191176585,0.2369910157153361,0.1422776108815105
345,345.0,0.3023665872531128,0.3180581724005892,0.2369594842942096,0.1426157560520882
346,346.0,0.3025511952092696,0.3175557955478146,0.2369148018987438,0.1429782073441718
347,347.0,0.3027543821080173,0.3170221336531214,0.2368616525282494,0.1433618317106118
348,348.0,0.302891725973224,0.3163893213074354,0.2369190614327577,0.1437998912865829
349,349.0,0.3030628464857498,0.3157266349979034,0.2369663835107019,0.1442441350056448
350,350.0,0.303135391051912,0.3148857437176134,0.2372972963534765,0.1446815688769981
351,351.0,0.3033970841960517,0.3140477155861216,0.2374370232517717,0.1451181769660549
352,352.0,0.3036108097133456,0.3133440211932398,0.2375247141024812,0.1455204549909335
353,353.0,0.3038259803580583,0.3126572251479968,0.2376026826148434,0.1459141118791017
354,354.0,0.304196941515011,0.3120081697364821,0.2376742541696496,0.1461206345788575
355,355.0,0.3044099183058712,0.3115452481411674,0.237733400366155,0.1463114331868066
356,356.0,0.3047776124549516,0.3110398941331195,0.2378801169236219,0.1463023764883071
357,357.0,0.3051360876401519,0.3105651110573989,0.2380173070535068,0.1462814942489426
358,358.0,0.3054826810060078,0.31012258965153,0.2381445514972692,0.1462501778451931
359,359.0,0.3057900521441538,0.3097323259550674,0.2382647052111638,0.146212916689615
360,360.0,0.3060816059569568,0.3093760795408022,0.2383744561821664,0.1461678583200746
361,361.0,0.3058334256662401,0.3089750789657251,0.239227066078175,0.1459644292898599
362,362.0,0.3054253089157793,0.3085439919717633,0.2401258082957708,0.1459048908166867
363,363.0,0.3051344989057082,0.3081392583537923,0.2408884086940686,0.1458378340464311
364,364.0,0.3050183485609653,0.3075920443062429,0.2416207629440774,0.1457688441887145
365,365.0,0.3048434481553073,0.3072080975814708,0.2422778453010832,0.1456706089621386
366,366.0,0.3046137271176016,0.3068107273019666,0.243030357615217,0.1455451879652147
367,367.0,0.304385966536312,0.3064515290178315,0.2437414495534686,0.1454210548923877
368,368.0,0.3044237998460649,0.3062087430747066,0.2445650833587168,0.1448023737205116
369,369.0,0.3042924788445454,0.3061749508849226,0.2453405304940036,0.1441920397765283
370,370.0,0.3041654045866892,0.3061744185812502,0.2460648551549722,0.1435953216770883
371,371.0,0.3041574289146477,0.306075731067801,0.2467821226088662,0.142984717408685
372,372.0,0.3043774626207746,0.3054595046144286,0.2476144186588308,0.142548614105966
373,373.0,0.3043836459539721,0.3052485060016743,0.2482791210901302,0.1420887269542233
374,374.0,0.3038975419761751,0.3053547681519332,0.2488777986377896,0.1418698912341019
375,375.0,0.3036107263283951,0.3049231312219869,0.2495251238881069,0.1419410185615111
376,376.0,0.3039545830345688,0.3038591637267385,0.2501496909739711,0.1420365622647215
377,377.0,0.3044133617867448,0.3027756463647038,0.2506808404805292,0.1421301513680222
378,378.0,0.3048271743177426,0.3016815158579534,0.2511202570995507,0.1423710527247534
379,379.0,0.3056932722809648,0.3000850139103249,0.2514704307005636,0.1427512831081467
380,380.0,0.306208925736616,0.2985334111861709,0.2516721784337157,0.1435854846434973
381,381.0,0.3066174101153622,0.2968492363508221,0.2521818871547342,0.1443514663790815
382,382.0,0.3069652845191153,0.2953381555076049,0.2526108830396753,0.1450856769336044
383,383.0,0.3071756105994651,0.2940812086275441,0.2529608653557346,0.1457823154172563
384,384.0,0.307411402311314,0.2928827938106831,0.2532569624024147,0.1464488414755882
385,385.0,0.3082971227232804,0.2909773158834811,0.2535923446349777,0.1471332167582608
386,386.0,0.3090544220356062,0.2890827598250315,0.2539099766486722,0.14795284149069
387,387.0,0.3097791126246897,0.286824088331646,0.2546592955087625,0.1487375035349019
388,388.0,0.3108481608379166,0.2846022910037432,0.2552528428052115,0.1492967053531288
389,389.0,0.3120487210711043,0.2825273244245688,0.255670679575488,0.1497532749288392
390,390.0,0.3133972878773445,0.2805206378631921,0.2559499037133617,0.1501321705461019
391,391.0,0.3159588850572526,0.2774494629283986,0.2566125223473105,0.1499791296670385
392,392.0,0.31844703352122,0.2748390010512401,0.2570521328180407,0.1496618326094993
393,393.0,0.3206252725737479,0.2723441606913646,0.2573728808292903,0.1496576859055974
394,394.0,0.3226540386455559,0.2701176383209386,0.2576221173510599,0.1496062056824458
395,395.0,0.3245649632049839,0.2680756420126088,0.2578273884910235,0.149532006291384
396,396.0,0.3263507211576756,0.2662201391232489,0.2579910380759621,0.1494381016431137
397,397.0,0.3280059715847777,0.2645510353398554,0.2581155917655288,0.1493274013098383
398,398.0,0.3293248317821972,0.2633163817896658,0.2582553009139524,0.1491034855141849
399,399.0,0.330612510722236,0.2622037419566924,0.2583346673707845,0.1488490799502874
400,400.0,0.3317668956164833,0.2612627450928955,0.2583824729881008,0.1485878863025207
401,401.0,0.3327897720205758,0.2604856368699954,0.2584013957936799,0.1483231953157493
402,402.0,0.3330339438161783,0.2603188822484481,0.2587369244387483,0.1479102494966256
403,403.0,0.3320427651183645,0.2623079469712952,0.2561463566430924,0.1495029312672482
404,404.0,0.330621812339839,0.2641821690121048,0.2533352437008834,0.1518607749471729
405,405.0,0.3288555451437311,0.2659524722368545,0.2512810239834717,0.1539109586359431
406,406.0,0.3267713419189443,0.2680454521288092,0.2492740049110059,0.1559092010412409
407,407.0,0.3245261926549487,0.2699331864976042,0.2471443514245311,0.1583962694229163
408,408.0,0.3220563707210325,0.2716741407336858,0.2448650174397069,0.1614044711055751
409,409.0,0.3194212793657646,0.2732737418161229,0.2432552328776849,0.1640497459404279
410,410.0,0.3166720382030745,0.2754499092692359,0.2415251296527942,0.1663529228748957
411,411.0,0.3138530491308261,0.2781030782612794,0.2397113666708966,0.1683325059369982
412,412.0,0.3105320057882265,0.2809456321350553,0.2385010974731616,0.1700212646035569
413,413.0,0.3072184681420279,0.2841391439520014,0.2372219526159393,0.1714204352900316
414,414.0,0.3037583714192204,0.287505238261816,0.2360590522902214,0.1726773380287423
415,415.0,0.3010267428028162,0.2904851527348594,0.234833129337431,0.1736549751248936
416,416.0,0.2984112144684664,0.2939922156918365,0.2334135717083827,0.1741829981313146
417,417.0,0.2959758970059002,0.2973276503480925,0.2321134047183051,0.1745830479277025
418,418.0,0.293727122502565,0.3004752651871368,0.2309336909732016,0.1748639213370969
419,419.0,0.2915634612496762,0.3037644713054581,0.2297426033386577,0.1749294641062083
420,420.0,0.2894975372815853,0.3066736561104367,0.229028753989737,0.1748000526182412
421,421.0,0.2871030745782143,0.3095414684474485,0.228756926405559,0.1745985305687784
422,422.0,0.284684921996631,0.3123141784916137,0.2286436023717656,0.17435729713999
423,423.0,0.2824290487567663,0.3147869434976492,0.2287545936198102,0.1740294141257746
424,424.0,0.2803785645030008,0.3170256072423846,0.2289516952474899,0.1736441330071249
425,425.0,0.2785334351792622,0.3190311932145026,0.2292243252005646,0.1732110464056707
426,426.0,0.2768915765857852,0.3208069533315438,0.229562204346964,0.1727392657357072
427,427.0,0.2754490802354785,0.3223581125778453,0.2299554289758916,0.1722373782107848
428,428.0,0.2733365383473815,0.3245818438069926,0.2304099855895087,0.1716716322561174
429,429.0,0.2713311033300516,0.3268034533325853,0.2308858341594737,0.1709796091778893
430,430.0,0.2695903529041946,0.3289986759493369,0.2312321528136431,0.1701788183328253
431,431.0,0.2681125103297336,0.3311468440142501,0.2314547751819516,0.1692858704740647
432,432.0,0.2667877111343204,0.3332941569375156,0.2315862917225732,0.1683318402055909
433,433.0,0.2656607933819424,0.335185479692057,0.231775181082684,0.1673785458433166
434,434.0,0.2647103809629625,0.336861783781487,0.2319752456581628,0.1664525895973875
435,435.0,0.263928327468231,0.3383278080314226,0.2317833672817179,0.1659604972186284
436,436.0,0.263274848309501,0.3400602498536435,0.2312380216696686,0.1654268801671868
437,437.0,0.2627428231239618,0.3417627865403424,0.2306351575568446,0.164859232778851
438,438.0,0.2623246127653358,0.3434262672430885,0.2299845204324165,0.1642645995591589
439,439.0,0.2620121968364557,0.3450428888616241,0.2292953414236331,0.163649572878287
440,440.0,0.2613605788929706,0.3470071667152757,0.228603051931776,0.1630292024599774
441,441.0,0.2609450302184903,0.3484790916453615,0.2278620444581047,0.1627138336780434
442,442.0,0.2606291754576428,0.3496763283405145,0.2272602267466091,0.1624342694552336
443,443.0,0.2604058391163087,0.3506103621032653,0.226794438452927,0.1621893603274989
444,444.0,0.259945066452012,0.3518799996225815,0.2261971996675738,0.1619777342578326
445,445.0,0.2595551042588294,0.3527097280615023,0.2259978188498579,0.1617373488298103
446,446.0,0.2592415063103102,0.3533035714929402,0.2259273402612472,0.1615275819355024
447,447.0,0.2590055413922423,0.3537484107525599,0.225892809233948,0.1613532386212498
448,448.0,0.2588323361537916,0.3541778039255531,0.225834158140284,0.1611557017803712
449,449.0,0.262002458830302,0.3514992995201063,0.2256655931627124,0.1608326484868794
450,450.0,0.265058342426685,0.3489097415003281,0.2254989892003622,0.1605329268726245
451,451.0,0.2675140974639453,0.3462696904046374,0.2261473088593556,0.1600689032720617
452,452.0,0.2698079750370394,0.3436960511353156,0.2268713822229589,0.159624591604686
453,453.0,0.2710072817663206,0.3407186886205059,0.2270440449661902,0.1612299846469832
454,454.0,0.2720302706396663,0.3379260807782371,0.2272007344556775,0.1628429141264191
455,455.0,0.2728786536535098,0.3353347905952112,0.2281737475989035,0.1636128081523756
456,456.0,0.2736638257713442,0.3328225764477325,0.2291409253130024,0.1643726724679209
457,457.0,0.2743842563615921,0.3304066528737211,0.2300931793637459,0.1651159114009409
458,458.0,0.2751876633142947,0.3279800925616918,0.2310022366619823,0.1658300074620313
459,459.0,0.2758151373258385,0.3258121519140728,0.231862314164231,0.1665103965958577
460,460.0,0.2767211332854336,0.3238414407411306,0.2324123138280389,0.1670251121453968
461,461.0,0.277459463151964,0.3221323428318925,0.2329075544832279,0.1675006395329155
462,462.0,0.2780342297347609,0.3206823108112868,0.2333476277709357,0.1679358316830165
463,463.0,0.2784628120577911,0.3193791380482282,0.2338160769576931,0.1683419729362875
464,464.0,0.2788256952456978,0.3182177046242663,0.2342446505748354,0.1687119495552004
465,465.0,0.2793809085755008,0.3169352745489577,0.2344101874852151,0.1692736293903262
466,466.0,0.2798740875238646,0.3157909305398861,0.2345379126525485,0.1697970692837005
467,467.0,0.2803004061784738,0.3147091366988114,0.2347156958531255,0.1702747612695891
468,468.0,0.2806223206415814,0.3139875823331538,0.234678106001505,0.1707119910237598
469,469.0,0.2809709338615879,0.3133820910736603,0.2345663203706871,0.1710806546940647
470,470.0,0.2811832889020634,0.3129983010574119,0.2344143187062115,0.1714040913343132
471,471.0,0.2814572494226746,0.3130516406338111,0.2337952903658342,0.17169581957768
472,472.0,0.2816009468900864,0.3132150567916273,0.2332458404408265,0.1719381558774597
473,473.0,0.2816211825421097,0.3137210509760232,0.2325247410860384,0.1721330253958286
474,474.0,0.2816623273407379,0.314188141204296,0.2320160819128227,0.1721334495421435
475,475.0,0.2817969716877024,0.3162702006494289,0.23150152553186,0.1704313021310087
476,476.0,0.2814905771334672,0.3192507767576776,0.2306179391838431,0.1686407069250121
477,477.0,0.2811559734414368,0.3222335050640657,0.2297529613358069,0.1668575601586905
478,478.0,0.2802461062737958,0.3246526287800012,0.2289308879190349,0.1661703770271682
479,479.0,0.2792576265062779,0.3269168792906968,0.2283171176580956,0.1655083765449297
480,480.0,0.2779262763451748,0.3287845400979295,0.2275804245535595,0.1657087590033363
481,481.0,0.2767520135479643,0.3308398567333683,0.2267856819533098,0.1656224477653576
482,482.0,0.2754727451400834,0.333007841539528,0.2259838421748374,0.1655355711455511
483,483.0,0.2741651250410913,0.3350121495828767,0.2253721159038107,0.1654506094722213
484,484.0,0.2729014555985327,0.3369026768878332,0.2248079098040752,0.1653879577095588
485,485.0,0.2716899784411898,0.3386718962551873,0.2242921139194992,0.1653460113841237
486,486.0,0.2711996926031653,0.3401177575885371,0.2237854322662204,0.1648971175420772
487,487.0,0.2707674886689618,0.3414349779047891,0.2233276718667147,0.1644698615595343
488,488.0,0.2703163444251611,0.3427520433102323,0.2228840570467177,0.1640475552178888
489,489.0,0.2699726438660016,0.3439595114680198,0.2224385165799718,0.1636293280860068
490,490.0,0.2695631229617988,0.3450574303227482,0.2221619083192229,0.16321753839623
491,491.0,0.269292987031508,0.3468326197721535,0.2210243982706085,0.16284999492573
492,492.0,0.2693951345123845,0.3498571923521061,0.2199824846924914,0.160765188443018
493,493.0,0.2695408936216684,0.3527330624844831,0.2189983287037511,0.1587277151900975
494,494.0,0.2696583430142044,0.3555600381696193,0.2180442668615509,0.1567373519546254
495,495.0,0.2698566012794341,0.358228059059971,0.2171100533844622,0.1548052862761328
496,496.0,0.2700824321458024,0.3607122583278981,0.2162438455448886,0.152961463981411
497,497.0,0.2703308200445318,0.3634613819541017,0.2149922990463365,0.1512154989550302
498,498.0,0.2707771220721288,0.3661038531676524,0.2135393600233896,0.1495796647368293
499,499.0,0.2711810411896345,0.3687437815118742,0.212030250113032,0.1480449271854595
500,500.0,0.2714727101346515,0.3714759377122045,0.2104507298325278,0.1466006223206162
501,501.0,0.2728225793063305,0.3747063884701977,0.2073087268588605,0.1451623053646114
502,502.0,0.27416148950819,0.3777089019848614,0.2042846425644611,0.1438449659424877
503,503.0,0.2754771475351932,0.3804762468453818,0.201396925924347,0.1426496796950782
504,504.0,0.2767587220245558,0.383004266468568,0.1986608173394906,0.1415761941673858
505,505.0,0.2778380754264181,0.3854503433406517,0.1960885170902148,0.1406230641427155
506,506.0,0.278860745820042,0.3875271486969602,0.1938310677503126,0.1397810377326853
507,507.0,0.2808218374203988,0.3874944313790976,0.1926366437424886,0.139047087458015
508,508.0,0.2826739838818983,0.3873001695456084,0.1916048122925387,0.1384210342799547
509,509.0,0.2845545595939346,0.3869341711012868,0.1906191895484272,0.1378920797563514
510,510.0,0.2863435575253655,0.3864005424402523,0.1897924452009701,0.1374634548334121
511,511.0,0.2880322454749372,0.3858752290246326,0.1889631127001304,0.1371294128002998
512,512.0,0.28961376756134,0.385224190925581,0.1882782057247163,0.1368838357883628
513,513.0,0.2910830251500266,0.3844665109924311,0.1877301307919393,0.136720333065603
514,514.0,0.2923911178743258,0.3837855252754583,0.1871991628231458,0.1366241940270702
515,515.0,0.293543527967012,0.3830792784730432,0.1867824869024557,0.1365947066574892
516,516.0,0.2946886447096428,0.3819755573229725,0.1867104569333833,0.1366253410340014
517,517.0,0.2956730751482574,0.3807609106200707,0.1868619285622648,0.1367040856694071
518,518.0,0.296500001358788,0.3794555840576886,0.1872195267504254,0.1368248878330981
519,519.0,0.2991789844418215,0.3781848649838942,0.1876492086710369,0.1349869419032474
520,520.0,0.3016954131851124,0.3769611968001017,0.1881390331826205,0.1332043568321653
521,521.0,0.3067863545903327,0.3721819501333542,0.1891119408996756,0.1319197543766374
522,522.0,0.3109863051200945,0.3672861895843289,0.1911956087101987,0.1305318965853779
523,523.0,0.3148795876966862,0.3625930475091403,0.193299706757053,0.1292276580371204
524,524.0,0.319908640515011,0.3579433562354603,0.1941400008013951,0.1280080024481334
525,525.0,0.3239950811557328,0.3544395179871112,0.1948258611042846,0.1267395397528712
526,526.0,0.3278173064302045,0.3511269858440434,0.195490872436838,0.1255648352889139
527,527.0,0.3313292690469641,0.3480616114425779,0.1961247618202063,0.1244843576902515
528,528.0,0.3356354876823094,0.3441412760657455,0.1967238860430716,0.1234993502088735
529,529.0,0.3399443643419317,0.340382554601932,0.1971742120115725,0.1224988690445637
530,530.0,0.3443144609187238,0.3366873056517485,0.1974948089075218,0.1215034245220059
531,531.0,0.347721971771218,0.3340485154057149,0.1977011146648859,0.1205283981581813
532,532.0,0.3510285309127697,0.3315798251019335,0.1978061933962795,0.1195854505890174
533,533.0,0.3544124554577895,0.3290395706430472,0.1977093519023904,0.118838621996773
534,534.0,0.3573902980190716,0.3267091482133308,0.1977316988174039,0.1181688549501938
535,535.0,0.3600105990559208,0.3247142619985542,0.1977011976481304,0.1175739412973948
536,536.0,0.3622187427635926,0.3231149203856394,0.1976059206899726,0.1170604161607956
537,537.0,0.3640113147892354,0.322029904566857,0.1973500404266448,0.116608740217263
538,538.0,0.365475937728858,0.3213221059322281,0.1969703756389077,0.1162315807000063
539,539.0,0.3666284096191298,0.3208493728918201,0.1964768859120348,0.1160453315770154
540,540.0,0.3675119379099361,0.3204611568627767,0.1958841464584932,0.1161427587687941
541,541.0,0.3681489295044024,0.3202528883042521,0.1952949661672243,0.1163032160241214
542,542.0,0.368557668156218,0.3202086551547793,0.1947148809249136,0.1165187957640894
543,543.0,0.3662524417385592,0.321029245987963,0.19559747060609,0.117120841667388
544,544.0,0.3637518686227289,0.3221134935563697,0.196387113528599,0.1177475242923026
545,545.0,0.3599871735593097,0.3245439786473145,0.1970794892464676,0.1183893585469084
546,546.0,0.3561202570388525,0.3269661478917488,0.1978759195234276,0.1190376755459714
547,547.0,0.351868644562473,0.330121316511777,0.1984283596869231,0.1195816792388272
548,548.0,0.3473617544524082,0.333823049811539,0.1987773928106155,0.1200378029254377
549,549.0,0.3434946342566471,0.3372373029047553,0.1988624457544313,0.1204056170841666
550,550.0,0.3398095206824568,0.3405026000723625,0.198922274577376,0.120765604667805
551,551.0,0.3365648221261911,0.3436058774986885,0.1988482536563423,0.1209810467187783
552,552.0,0.3333822681431214,0.346546799150663,0.1987316129262584,0.1213393197799573
553,553.0,0.3303823766059999,0.3493254491813681,0.1986044074496144,0.1216877667630177
554,554.0,0.3275318115214332,0.3519871970915749,0.1984618496509637,0.1220191417360282
555,555.0,0.3248422951864192,0.3545194533514003,0.1983066081233475,0.1223316433388329
556,556.0,0.3223268839462773,0.3572223420037321,0.1978187680054947,0.1226320060444959
557,557.0,0.3200100731614807,0.359746786962657,0.1973298966750739,0.1229132432007884
558,558.0,0.3185618375610097,0.3609187214812598,0.1971783192999794,0.1233411216577511
559,559.0,0.3172875953438202,0.3619397277492702,0.197028315947069,0.1237443609598404
560,560.0,0.3162026755685105,0.3627894430872723,0.196884384927878,0.1241234964163391
561,561.0,0.3152772610317022,0.3635039531068153,0.1967439266102351,0.1244748592512472
562,562.0,0.3129988578677647,0.3636815965530694,0.1970301763623599,0.1262893692168059
563,563.0,0.3110402831413141,0.3638318694917487,0.1970759543700865,0.1280518929968505
564,564.0,0.3092372446484974,0.3652134044301772,0.1958000036859059,0.1297493472354192
565,565.0,0.3075939888417056,0.3664916505215099,0.19453647990686,0.1313778807299242
566,566.0,0.3064617975885353,0.3674436898385153,0.1931496310902914,0.1329448814826578
567,567.0,0.305481129280515,0.368295842864681,0.1917976142462727,0.134425413608531
568,568.0,0.3046648201243918,0.3692191571184097,0.1903008859264087,0.1358151368307894
569,569.0,0.3040801767703047,0.3700261463731067,0.1887936791410857,0.1370999977155026
570,570.0,0.3036383634851023,0.3707920025325846,0.1872906748320681,0.1382789591502448
571,571.0,0.3034069478697753,0.3714450482818416,0.185799568451883,0.1393484353964998
572,572.0,0.3032761581063966,0.3720858005171893,0.1843299505067368,0.140308090869677
573,573.0,0.2995210516977498,0.3732870112133559,0.1834617726917214,0.1437301643971727
574,574.0,0.2955724386740852,0.3740511080039306,0.1823492261417688,0.1480272271802152
575,575.0,0.2917891558271414,0.3747141613115667,0.1813278731958723,0.1521688096654193
576,576.0,0.2881925029677157,0.3752796449514819,0.1803988080230852,0.156129044057717
577,577.0,0.2847997836256506,0.375751661054049,0.1795620924978245,0.1598864628224758
578,578.0,0.2813662898843889,0.3773500376771787,0.1785760163197476,0.1627076561186849
579,579.0,0.277964513877984,0.3786950281833581,0.1773254291148227,0.1660150288238351
580,580.0,0.2746455198154942,0.3796862497772718,0.1760287888313134,0.1696394415759206
581,581.0,0.2715391204338985,0.3804617306090593,0.1745419019508468,0.1734572470061955
582,582.0,0.2685754491011691,0.3808667250483127,0.1731894526153739,0.1773683732351444
583,583.0,0.2658679631914145,0.3809608382531332,0.1718657584177123,0.1813054401377401
584,584.0,0.263357644480685,0.3808431763902973,0.1705875119167005,0.1852116672123173
585,585.0,0.2610526266889327,0.3805415880906934,0.169365698060431,0.1890400871599431
586,586.0,0.2596239280706755,0.3800811448846572,0.1682087232248237,0.1920862038198437
587,587.0,0.2583577275042704,0.3794847176472734,0.167122863732359,0.1950346911160974
588,588.0,0.257325437190196,0.3788468690540506,0.1661493666436471,0.1976783271121064
589,589.0,0.2580110667386806,0.3764865650800992,0.1659870521386449,0.1995153160425755
590,590.0,0.2598857730501379,0.373678550660138,0.1655447798673275,0.2008908964223969
591,591.0,0.2619144437580374,0.3708948295253403,0.1651981886680227,0.2019925380485997
592,592.0,0.2640613957156559,0.3679941428918713,0.1651078430121891,0.2028366183802838
593,593.0,0.2662933312784454,0.3651671941759327,0.1650990218020378,0.2034404527435843
594,594.0,0.2685794327302609,0.3624348790729308,0.1651636608051021,0.2038220273917064
595,595.0,0.2701771367533959,0.3595769621345067,0.166484243800506,0.2037616573115916
596,596.0,0.2712464489076299,0.3579202969993013,0.16749339913049,0.2033398549625789
597,597.0,0.2722353964632517,0.3563836193019117,0.1684476615459738,0.202933322688863
