,Unnamed: 0,Total_iterations,Intertwine_two,Invert_path_vertices,Insert_inside_vertex,Delete_inside_vertex,Replace_inside_vertex,Donate_between_routes,Trim_one_terminal_cb,Grow_one_terminal_cb
0,0.0,0.0,0.125,0.125,0.125,0.125,0.125,0.125,0.125,0.125
1,1.0,1.0,0.125,0.125,0.125,0.125,0.125,0.125,0.125,0.125
2,2.0,2.0,0.125,0.125,0.125,0.125,0.125,0.125,0.125,0.125
3,3.0,3.0,0.125,0.125,0.125,0.125,0.125,0.125,0.125,0.125
4,4.0,4.0,0.125,0.125,0.125,0.125,0.125,0.125,0.125,0.125
5,5.0,5.0,0.125,0.125,0.125,0.125,0.125,0.125,0.125,0.125
6,6.0,6.0,0.125,0.125,0.125,0.125,0.125,0.125,0.125,0.125
7,7.0,7.0,0.125,0.125,0.125,0.125,0.125,0.125,0.125,0.125
8,8.0,8.0,0.125,0.125,0.125,0.125,0.125,0.125,0.125,0.125
9,9.0,9.0,0.125,0.125,0.125,0.125,0.125,0.125,0.125,0.125
10,10.0,10.0,0.125,0.125,0.125,0.125,0.125,0.125,0.125,0.125
11,11.0,11.0,0.125,0.125,0.125,0.125,0.125,0.125,0.125,0.125
12,12.0,12.0,0.125,0.125,0.125,0.125,0.125,0.125,0.125,0.125
13,13.0,13.0,0.125,0.125,0.125,0.125,0.125,0.125,0.125,0.125
14,14.0,14.0,0.125,0.125,0.125,0.125,0.125,0.125,0.125,0.125
15,15.0,15.0,0.125,0.125,0.125,0.125,0.125,0.125,0.125,0.125
16,16.0,16.0,0.125,0.125,0.125,0.125,0.125,0.125,0.125,0.125
17,17.0,17.0,0.125,0.125,0.125,0.125,0.125,0.125,0.125,0.125
18,18.0,18.0,0.125,0.125,0.125,0.125,0.125,0.125,0.125,0.125
19,19.0,19.0,0.125,0.125,0.125,0.125,0.125,0.125,0.125,0.125
20,20.0,20.0,0.125,0.125,0.125,0.125,0.125,0.125,0.125,0.125
21,21.0,21.0,0.125,0.125,0.125,0.125,0.125,0.125,0.125,0.125
22,22.0,22.0,0.125,0.125,0.125,0.125,0.125,0.125,0.125,0.125
23,23.0,23.0,0.125,0.125,0.125,0.125,0.125,0.125,0.125,0.125
24,24.0,24.0,0.125,0.125,0.125,0.125,0.125,0.125,0.125,0.125
25,25.0,25.0,0.125,0.125,0.125,0.125,0.125,0.125,0.125,0.125
26,26.0,26.0,0.125,0.125,0.125,0.125,0.125,0.125,0.125,0.125
27,27.0,27.0,0.125,0.125,0.125,0.125,0.125,0.125,0.125,0.125
28,28.0,28.0,0.125,0.125,0.125,0.125,0.125,0.125,0.125,0.125
29,29.0,29.0,0.125,0.125,0.125,0.125,0.125,0.125,0.125,0.125
30,30.0,30.0,0.125,0.125,0.125,0.125,0.125,0.125,0.125,0.125
31,31.0,31.0,0.125,0.125,0.125,0.125,0.125,0.125,0.125,0.125
32,32.0,32.0,0.125,0.125,0.125,0.125,0.125,0.125,0.125,0.125
33,33.0,33.0,0.125,0.125,0.125,0.125,0.125,0.125,0.125,0.125
34,34.0,34.0,0.125,0.125,0.125,0.125,0.125,0.125,0.125,0.125
35,35.0,35.0,0.125,0.125,0.125,0.125,0.125,0.125,0.125,0.125
36,36.0,36.0,0.125,0.125,0.125,0.125,0.125,0.125,0.125,0.125
37,37.0,37.0,0.125,0.125,0.125,0.125,0.125,0.125,0.125,0.125
38,38.0,38.0,0.125,0.125,0.125,0.125,0.125,0.125,0.125,0.125
39,39.0,39.0,0.125,0.125,0.125,0.125,0.125,0.125,0.125,0.125
40,40.0,40.0,0.125,0.125,0.125,0.125,0.125,0.125,0.125,0.125
41,41.0,41.0,0.125,0.125,0.125,0.125,0.125,0.125,0.125,0.125
42,42.0,42.0,0.125,0.125,0.125,0.125,0.125,0.125,0.125,0.125
43,43.0,43.0,0.125,0.125,0.125,0.125,0.125,0.125,0.125,0.125
44,44.0,44.0,0.125,0.125,0.125,0.125,0.125,0.125,0.125,0.125
45,45.0,45.0,0.125,0.125,0.125,0.125,0.125,0.125,0.125,0.125
46,46.0,46.0,0.125,0.125,0.125,0.125,0.125,0.125,0.125,0.125
47,47.0,47.0,0.125,0.125,0.125,0.125,0.125,0.125,0.125,0.125
48,48.0,48.0,0.125,0.125,0.125,0.125,0.125,0.125,0.125,0.125
49,49.0,49.0,0.125,0.125,0.125,0.125,0.125,0.125,0.125,0.125
50,50.0,50.0,0.125,0.125,0.125,0.125,0.125,0.125,0.125,0.125
51,51.0,51.0,0.125,0.125,0.125,0.125,0.125,0.125,0.125,0.125
52,52.0,52.0,0.125,0.125,0.125,0.125,0.125,0.125,0.125,0.125
53,53.0,53.0,0.125,0.125,0.125,0.125,0.125,0.125,0.125,0.125
54,54.0,54.0,0.125,0.125,0.125,0.125,0.125,0.125,0.125,0.125
55,55.0,55.0,0.125,0.125,0.125,0.125,0.125,0.125,0.125,0.125
56,56.0,56.0,0.125,0.125,0.125,0.125,0.125,0.125,0.125,0.125
57,57.0,57.0,0.125,0.125,0.125,0.125,0.125,0.125,0.125,0.125
58,58.0,58.0,0.125,0.125,0.125,0.125,0.125,0.125,0.125,0.125
59,59.0,59.0,0.125,0.125,0.125,0.125,0.125,0.125,0.125,0.125
60,60.0,60.0,0.125,0.125,0.125,0.125,0.125,0.125,0.125,0.125
61,61.0,61.0,0.125,0.125,0.125,0.125,0.125,0.125,0.125,0.125
62,62.0,62.0,0.125,0.125,0.125,0.125,0.125,0.125,0.125,0.125
63,63.0,63.0,0.125,0.125,0.125,0.125,0.125,0.125,0.125,0.125
64,64.0,64.0,0.125,0.125,0.125,0.125,0.125,0.125,0.125,0.125
65,65.0,65.0,0.125,0.125,0.125,0.125,0.125,0.125,0.125,0.125
66,66.0,66.0,0.125,0.125,0.125,0.125,0.125,0.125,0.125,0.125
67,67.0,67.0,0.125,0.125,0.125,0.125,0.125,0.125,0.125,0.125
68,68.0,68.0,0.125,0.125,0.125,0.125,0.125,0.125,0.125,0.125
69,69.0,69.0,0.125,0.125,0.125,0.125,0.125,0.125,0.125,0.125
70,70.0,70.0,0.125,0.125,0.125,0.125,0.125,0.125,0.125,0.125
71,71.0,71.0,0.125,0.125,0.125,0.125,0.125,0.125,0.125,0.125
72,72.0,72.0,0.125,0.125,0.125,0.125,0.125,0.125,0.125,0.125
73,73.0,73.0,0.125,0.125,0.125,0.125,0.125,0.125,0.125,0.125
74,74.0,74.0,0.125,0.125,0.125,0.125,0.125,0.125,0.125,0.125
75,75.0,75.0,0.125,0.125,0.125,0.125,0.125,0.125,0.125,0.125
76,76.0,76.0,0.125,0.125,0.125,0.125,0.125,0.125,0.125,0.125
77,77.0,77.0,0.125,0.125,0.125,0.125,0.125,0.125,0.125,0.125
78,78.0,78.0,0.125,0.125,0.125,0.125,0.125,0.125,0.125,0.125
79,79.0,79.0,0.125,0.125,0.125,0.125,0.125,0.125,0.125,0.125
80,80.0,80.0,0.125,0.125,0.125,0.125,0.125,0.125,0.125,0.125
81,81.0,81.0,0.125,0.125,0.125,0.125,0.125,0.125,0.125,0.125
82,82.0,82.0,0.125,0.125,0.125,0.125,0.125,0.125,0.125,0.125
83,83.0,83.0,0.125,0.125,0.125,0.125,0.125,0.125,0.125,0.125
84,84.0,84.0,0.125,0.125,0.125,0.125,0.125,0.125,0.125,0.125
85,85.0,85.0,0.125,0.125,0.125,0.125,0.125,0.125,0.125,0.125
86,86.0,86.0,0.125,0.125,0.125,0.125,0.125,0.125,0.125,0.125
87,87.0,87.0,0.125,0.125,0.125,0.125,0.125,0.125,0.125,0.125
88,88.0,88.0,0.125,0.125,0.125,0.125,0.125,0.125,0.125,0.125
89,89.0,89.0,0.125,0.125,0.125,0.125,0.125,0.125,0.125,0.125
90,90.0,90.0,0.125,0.125,0.125,0.125,0.125,0.125,0.125,0.125
91,91.0,91.0,0.125,0.125,0.125,0.125,0.125,0.125,0.125,0.125
92,92.0,92.0,0.125,0.125,0.125,0.125,0.125,0.125,0.125,0.125
93,93.0,93.0,0.125,0.125,0.125,0.125,0.125,0.125,0.125,0.125
94,94.0,94.0,0.125,0.125,0.125,0.125,0.125,0.125,0.125,0.125
95,95.0,95.1,0.125,0.125,0.125,0.125,0.125,0.125,0.125,0.125
96,96.0,96.1,0.125,0.125,0.125,0.125,0.125,0.125,0.125,0.125
97,97.0,97.1,0.125,0.125,0.125,0.125,0.125,0.125,0.125,0.125
98,98.0,98.1,0.125,0.125,0.125,0.125,0.125,0.125,0.125,0.125
99,99.0,99.1,0.125,0.125,0.125,0.125,0.125,0.125,0.125,0.125
100,100.0,100.2,0.125,0.125,0.125,0.125,0.125,0.125,0.125,0.125
101,101.0,101.2,0.125,0.125,0.125,0.125,0.125,0.125,0.125,0.125
102,102.0,102.2,0.125,0.125,0.125,0.125,0.125,0.125,0.125,0.125
103,103.0,103.2,0.125,0.125,0.125,0.125,0.125,0.125,0.125,0.125
104,104.0,104.2,0.125,0.125,0.125,0.125,0.125,0.125,0.125,0.125
105,105.0,105.2,0.125,0.125,0.125,0.125,0.125,0.125,0.125,0.125
106,106.0,106.2,0.125,0.125,0.125,0.125,0.125,0.125,0.125,0.125
107,107.0,107.2,0.125,0.125,0.125,0.125,0.125,0.125,0.125,0.125
108,108.0,108.2,0.125,0.125,0.125,0.125,0.125,0.125,0.125,0.125
109,109.0,109.2,0.125,0.125,0.125,0.125,0.125,0.125,0.125,0.125
110,110.0,110.2,0.125,0.125,0.125,0.125,0.125,0.125,0.125,0.125
111,111.0,111.2,0.125,0.125,0.125,0.125,0.125,0.125,0.125,0.125
112,112.0,112.2,0.125,0.125,0.125,0.125,0.125,0.125,0.125,0.125
113,113.0,113.2,0.125,0.125,0.125,0.125,0.125,0.125,0.125,0.125
114,114.0,114.2,0.125,0.125,0.125,0.125,0.125,0.125,0.125,0.125
115,115.0,115.2,0.125,0.125,0.125,0.125,0.125,0.125,0.125,0.125
116,116.0,116.2,0.125,0.125,0.125,0.125,0.125,0.125,0.125,0.125
117,117.0,117.2,0.125,0.125,0.125,0.125,0.125,0.125,0.125,0.125
118,118.0,118.2,0.125,0.125,0.125,0.125,0.125,0.125,0.125,0.125
119,119.0,119.2,0.125,0.125,0.125,0.125,0.125,0.125,0.125,0.125
120,120.0,120.2,0.125,0.125,0.125,0.125,0.125,0.125,0.125,0.125
121,121.0,121.2,0.125,0.125,0.125,0.125,0.125,0.125,0.125,0.125
122,122.0,122.2,0.125,0.125,0.125,0.125,0.125,0.125,0.125,0.125
123,123.0,123.2,0.125,0.125,0.125,0.125,0.125,0.125,0.125,0.125
124,124.0,124.2,0.125,0.125,0.125,0.125,0.125,0.125,0.125,0.125
125,125.0,125.2,0.125,0.125,0.125,0.125,0.125,0.125,0.125,0.125
126,126.0,126.2,0.125,0.125,0.125,0.125,0.125,0.125,0.125,0.125
127,127.0,127.2,0.125,0.125,0.125,0.125,0.125,0.125,0.125,0.125
128,128.0,128.2,0.125,0.125,0.125,0.125,0.125,0.125,0.125,0.125
129,129.0,129.2,0.125,0.125,0.125,0.125,0.125,0.125,0.125,0.125
130,130.0,130.2,0.125,0.125,0.125,0.125,0.125,0.125,0.125,0.125
131,131.0,131.2,0.125,0.125,0.125,0.125,0.125,0.125,0.125,0.125
132,132.0,132.2,0.125,0.125,0.125,0.125,0.125,0.125,0.125,0.125
133,133.0,133.2,0.125,0.125,0.125,0.125,0.125,0.125,0.125,0.125
134,134.0,134.2,0.125,0.125,0.125,0.125,0.125,0.125,0.125,0.125
135,135.0,135.2,0.125,0.125,0.125,0.125,0.125,0.125,0.125,0.125
136,136.0,136.2,0.125,0.125,0.125,0.125,0.125,0.125,0.125,0.125
137,137.0,137.2,0.125,0.125,0.125,0.125,0.125,0.125,0.125,0.125
138,138.0,138.2,0.125,0.125,0.125,0.125,0.125,0.125,0.125,0.125
139,139.0,139.2,0.125,0.125,0.125,0.125,0.125,0.125,0.125,0.125
140,140.0,140.2,0.125,0.125,0.125,0.125,0.125,0.125,0.125,0.125
141,141.0,141.2,0.125,0.125,0.125,0.125,0.125,0.125,0.125,0.125
142,142.0,142.2,0.125,0.125,0.125,0.125,0.125,0.125,0.125,0.125
143,143.0,143.2,0.125,0.125,0.125,0.125,0.125,0.125,0.125,0.125
144,144.0,144.2,0.125,0.125,0.125,0.125,0.125,0.125,0.125,0.125
145,145.0,145.2,0.125,0.125,0.125,0.125,0.125,0.125,0.125,0.125
146,146.0,146.2,0.125,0.125,0.125,0.125,0.125,0.125,0.125,0.125
147,147.0,147.2,0.125,0.125,0.125,0.125,0.125,0.125,0.125,0.125
148,148.0,148.2,0.125,0.125,0.125,0.125,0.125,0.125,0.125,0.125
149,149.0,149.2,0.125,0.125,0.125,0.125,0.125,0.125,0.125,0.125
150,150.0,150.2,0.125,0.125,0.125,0.125,0.125,0.125,0.125,0.125
151,151.0,151.2,0.125,0.125,0.125,0.125,0.125,0.125,0.125,0.125
152,152.0,152.2,0.125,0.125,0.125,0.125,0.125,0.125,0.125,0.125
153,153.0,153.2,0.125,0.125,0.125,0.125,0.125,0.125,0.125,0.125
154,154.0,154.2,0.125,0.125,0.125,0.125,0.125,0.125,0.125,0.125
155,155.0,155.2,0.125,0.125,0.125,0.125,0.125,0.125,0.125,0.125
156,156.0,156.2,0.125,0.125,0.125,0.125,0.125,0.125,0.125,0.125
157,157.0,157.2,0.125,0.125,0.125,0.125,0.125,0.125,0.125,0.125
158,158.0,158.2,0.125,0.125,0.125,0.125,0.125,0.125,0.125,0.125
159,159.0,159.2,0.125,0.125,0.125,0.125,0.125,0.125,0.125,0.125
160,160.0,160.2,0.125,0.125,0.125,0.125,0.125,0.125,0.125,0.125
161,161.0,161.2,0.125,0.125,0.125,0.125,0.125,0.125,0.125,0.125
162,162.0,162.2,0.125,0.125,0.125,0.125,0.125,0.125,0.125,0.125
163,163.0,163.2,0.125,0.125,0.125,0.125,0.125,0.125,0.125,0.125
164,164.0,164.2,0.125,0.125,0.125,0.125,0.125,0.125,0.125,0.125
165,165.0,165.2,0.125,0.125,0.125,0.125,0.125,0.125,0.125,0.125
166,166.0,166.2,0.125,0.125,0.125,0.125,0.125,0.125,0.125,0.125
167,167.0,167.2,0.125,0.125,0.125,0.125,0.125,0.125,0.125,0.125
168,168.0,168.2,0.125,0.125,0.125,0.125,0.125,0.125,0.125,0.125
169,169.0,169.2,0.125,0.125,0.125,0.125,0.125,0.125,0.125,0.125
170,170.0,170.2,0.125,0.125,0.125,0.125,0.125,0.125,0.125,0.125
171,171.0,171.2,0.125,0.125,0.125,0.125,0.125,0.125,0.125,0.125
172,172.0,172.2,0.125,0.125,0.125,0.125,0.125,0.125,0.125,0.125
173,173.0,173.2,0.125,0.125,0.125,0.125,0.125,0.125,0.125,0.125
174,174.0,174.2,0.125,0.125,0.125,0.125,0.125,0.125,0.125,0.125
175,175.0,175.2,0.125,0.125,0.125,0.125,0.125,0.125,0.125,0.125
176,176.0,176.2,0.125,0.125,0.125,0.125,0.125,0.125,0.125,0.125
177,177.0,177.2,0.125,0.125,0.125,0.125,0.125,0.125,0.125,0.125
178,178.0,178.2,0.125,0.125,0.125,0.125,0.125,0.125,0.125,0.125
179,179.0,179.2,0.125,0.125,0.125,0.125,0.125,0.125,0.125,0.125
180,180.0,180.2,0.125,0.125,0.125,0.125,0.125,0.125,0.125,0.125
181,181.0,181.2,0.125,0.125,0.125,0.125,0.125,0.125,0.125,0.125
182,182.0,182.2,0.125,0.125,0.125,0.125,0.125,0.125,0.125,0.125
183,183.0,183.2,0.125,0.125,0.125,0.125,0.125,0.125,0.125,0.125
184,184.0,184.2,0.125,0.125,0.125,0.125,0.125,0.125,0.125,0.125
185,185.0,185.2,0.125,0.125,0.125,0.125,0.125,0.125,0.125,0.125
186,186.0,186.2,0.125,0.125,0.125,0.125,0.125,0.125,0.125,0.125
187,187.0,187.2,0.125,0.125,0.125,0.125,0.125,0.125,0.125,0.125
188,188.0,188.2,0.125,0.125,0.125,0.125,0.125,0.125,0.125,0.125
189,189.0,189.2,0.125,0.125,0.125,0.125,0.125,0.125,0.125,0.125
190,190.0,190.2,0.125,0.125,0.125,0.125,0.125,0.125,0.125,0.125
191,191.0,191.2,0.125,0.125,0.125,0.125,0.125,0.125,0.125,0.125
192,192.0,192.2,0.125,0.125,0.125,0.125,0.125,0.125,0.125,0.125
193,193.0,193.2,0.125,0.125,0.125,0.125,0.125,0.125,0.125,0.125
194,194.0,194.2,0.125,0.125,0.125,0.125,0.125,0.125,0.125,0.125
195,195.0,195.2,0.125,0.125,0.125,0.125,0.125,0.125,0.125,0.125
196,196.0,196.2,0.125,0.125,0.125,0.125,0.125,0.125,0.125,0.125
197,197.0,197.2,0.125,0.125,0.125,0.125,0.125,0.125,0.125,0.125
198,198.0,198.2,0.125,0.125,0.125,0.125,0.125,0.125,0.125,0.125
199,199.0,199.2,0.125,0.125,0.125,0.125,0.125,0.125,0.125,0.125
200,200.0,200.2,0.11944444444444444,0.11944444444444444,0.11944444444444444,0.13055555555555556,0.13055555555555556,0.11944444444444444,0.13055555555555556,0.13055555555555554
201,201.0,201.2,0.11833333333333333,0.11833333333333333,0.11833333333333333,0.12833333333333335,0.12944444444444442,0.11833333333333333,0.12944444444444442,0.13944444444444443
202,202.0,202.2,0.11694444444444445,0.12805555555555553,0.11694444444444445,0.12694444444444447,0.12805555555555553,0.11694444444444445,0.12805555555555553,0.13805555555555554
203,203.0,203.2,0.11472222222222221,0.12472222222222222,0.12472222222222222,0.12472222222222222,0.12583333333333332,0.11472222222222221,0.12472222222222222,0.14583333333333331
204,204.0,204.2,0.12290404040404039,0.12290404040404039,0.12381313131313132,0.12381313131313129,0.12492424242424242,0.11381313131313131,0.12381313131313132,0.14401515151515148
205,205.0,205.2,0.12290404040404039,0.12290404040404039,0.12381313131313132,0.12381313131313129,0.12492424242424242,0.11381313131313131,0.12381313131313132,0.14401515151515148
206,206.0,206.2,0.12199494949494949,0.11290404040404041,0.12290404040404042,0.14017676767676768,0.12401515151515152,0.11290404040404041,0.12290404040404042,0.14219696969696968
207,207.0,207.2,0.11505050505050504,0.10595959595959596,0.10595959595959596,0.15323232323232322,0.11707070707070708,0.10595959595959596,0.12262626262626264,0.17414141414141415
208,208.0,208.2,0.12323232323232322,0.10505050505050506,0.10505050505050506,0.1514141414141414,0.11616161616161617,0.10505050505050506,0.12080808080808081,0.17323232323232324
209,209.0,209.2,0.1202020202020202,0.11186868686868687,0.10353535353535352,0.1567171717171717,0.12464646464646463,0.10353535353535352,0.11853535353535354,0.16095959595959597
210,210.0,210.2,0.1185353535353535,0.11020202020202019,0.10186868686868684,0.1526262626262626,0.13949494949494948,0.10186868686868684,0.11686868686868683,0.1585353535353535
211,211.0,211.2,0.12482905982905981,0.10880341880341879,0.10047008547008544,0.14918803418803417,0.1359401709401709,0.10047008547008544,0.11547008547008544,0.1648290598290598
212,212.0,212.2,0.11411477411477408,0.10697191697191695,0.09927960927960926,0.14625763125763122,0.13420024420024418,0.09927960927960926,0.13744810744810743,0.16244810744810742
213,213.0,213.2,0.11856532356532352,0.10475579975579971,0.09761294261294258,0.14180708180708176,0.13205738705738704,0.09761294261294258,0.13347374847374843,0.1741147741147741
214,214.0,214.2,0.1163034188034188,0.10338675213675212,0.09672008547008544,0.13960470085470084,0.1374145299145299,0.09672008547008544,0.13168803418803415,0.17816239316239316
215,215.0,215.2,0.11575396825396825,0.10283730158730157,0.09617063492063489,0.1379563492063492,0.13686507936507936,0.09617063492063489,0.13718253968253966,0.17706349206349203
216,216.0,216.2,0.12088675213675211,0.10172008547008544,0.09505341880341878,0.13524572649572647,0.13446581196581192,0.09505341880341878,0.1413034188034188,0.1762713675213675
217,217.0,217.2,0.11936714429361486,0.10093577174459527,0.09426910507792859,0.14502513826043234,0.13331385118149822,0.09426910507792859,0.1384847913524384,0.17433509301156358
218,218.0,218.2,0.11746965452847805,0.09969187675070026,0.0930252100840336,0.14829131652661062,0.13064425770308122,0.09890756302521005,0.13544351073762836,0.17652661064425768
219,219.0,219.2,0.10459899749373429,0.09407268170426061,0.09407268170426061,0.15470342522974098,0.1330659983291562,0.09962823725981618,0.1365580618212197,0.18329991645781116
220,220.0,220.2,0.10287610050767944,0.09287610050767944,0.10398721161879054,0.15090675406464876,0.11985412248570142,0.09813925840241629,0.1462431720326457,0.18511728038043826
221,221.0,221.2,0.1026129426129426,0.09261294261294259,0.10372405372405372,0.14244810744810743,0.11959096459096456,0.0976129426129426,0.15680708180708178,0.18459096459096458
222,222.0,222.2,0.10213675213675211,0.09213675213675213,0.10324786324786324,0.14149572649572648,0.11816239316239315,0.09713675213675213,0.1625213675213675,0.18316239316239316
223,223.0,223.2,0.0953708791208791,0.09513278388278387,0.10037087912087912,0.13836080586080585,0.11556318681318681,0.09513278388278387,0.1647435897435897,0.19532509157509156
224,224.0,224.2,0.09387769093651445,0.09342314548196899,0.09796860002742355,0.14151652269299325,0.11333470451117508,0.09342314548196899,0.1744851227204168,0.19197106814753873
225,225.0,225.2,0.09368006247801643,0.09302788856497295,0.09777097156892553,0.14052838040050314,0.11313707605267706,0.09302788856497295,0.17725192113938915,0.19157581123054268
226,226.0,226.2,0.09302271258153609,0.092427474486298,0.09735171691054043,0.1386702023466729,0.11247972615619672,0.092427474486298,0.17931196254725665,0.19430873048520106
227,227.0,227.2,0.09166556972439324,0.09112011517893868,0.09545344851227203,0.14021349238996297,0.11112258329905386,0.09112011517893868,0.17569724393253802,0.20360743178390237
228,228.0,228.2,0.09054390054390052,0.09540015540015538,0.09369075369075365,0.13766899766899762,0.10934731934731931,0.08984459984459982,0.1754156954156954,0.20808857808857809
229,229.0,229.2,0.09341749952733931,0.09433283133511963,0.09305827742898679,0.14040974789258537,0.10793241930541697,0.08906967344038279,0.1722838962884729,0.20949565478169596
230,230.0,230.2,0.09341749952733931,0.09433283133511963,0.10075058512129446,0.14040974789258537,0.10793241930541697,0.08906967344038279,0.16459158859616524,0.20949565478169596
231,231.0,231.2,0.0926034987133385,0.08825567262638198,0.09896995834066769,0.13906664654948403,0.1072506936236913,0.08825567262638198,0.17330139730597394,0.2122964602140803
232,232.0,232.2,0.09854766948509548,0.08753317673147229,0.09741823420273667,0.1412998156792049,0.10665135043814122,0.08753317673147229,0.1708711838412777,0.2101453928905992
233,233.0,233.2,0.0983177844276242,0.08730329167400103,0.09730329167400104,0.14049521797805548,0.10653640790940559,0.08730329167400103,0.17282520682978347,0.20991550783312793
234,234.0,234.2,0.0983177844276242,0.08730329167400103,0.09730329167400104,0.14049521797805548,0.10653640790940559,0.08730329167400103,0.17282520682978347,0.20991550783312793
235,235.0,235.2,0.0983177844276242,0.08730329167400103,0.09730329167400104,0.14049521797805548,0.10653640790940559,0.08730329167400103,0.1761585401631168,0.2065821744997946
236,236.0,236.2,0.09872192571062299,0.0877074329569998,0.09781495983872024,0.1454451164433839,0.10240411322582758,0.0877074329569998,0.1771299440047893,0.20306907486265624
237,237.0,237.2,0.09819351542177626,0.08717902266815307,0.09738735600148642,0.14645647528799702,0.10164971200297286,0.08717902266815307,0.17441146413972497,0.20754343180973614
238,238.0,238.2,0.09819351542177626,0.08717902266815307,0.09738735600148642,0.14645647528799702,0.10164971200297286,0.08717902266815307,0.17441146413972497,0.20754343180973614
239,239.0,239.2,0.09800412148238233,0.08698962872875914,0.09729265903178944,0.14560420256072426,0.10155501503327588,0.08698962872875914,0.17056045403871486,0.21300429039559474
240,240.0,240.2,0.09753347070213403,0.08651897794851084,0.09691113481125593,0.14363247288001627,0.1061442510466605,0.08946015441909906,0.16834636266053682,0.21145317553178639
241,241.0,241.2,0.09710224558050642,0.08608775282688325,0.09656394330307372,0.1418235387800605,0.10527074374900458,0.08894489568402611,0.16915352763178845,0.2150533524446568
242,242.0,242.2,0.10146732494558577,0.08569092743005782,0.09624648298561339,0.1429346498911716,0.10447709295535379,0.08846870520783562,0.16716940064766148,0.21354541593672027
243,243.0,243.2,0.0974751834534443,0.08191523615436656,0.0925458667849972,0.15154537100189272,0.10034357632183717,0.08461793885706927,0.1827942787725396,0.20876254865385296
244,244.0,244.2,0.09657536018519998,0.08101541288612224,0.09171716727208715,0.14931898193339838,0.0995148768089271,0.091980325166824,0.18194402660649794,0.20793384914094296
245,245.0,245.2,0.0960451505016722,0.0806828316610925,0.09145206243032326,0.1520039018952062,0.09885451505016718,0.0915802675585284,0.18270066889632103,0.20668060200668892
246,246.0,246.2,0.09591694537346708,0.08055462653288738,0.09138795986622071,0.15136287625418057,0.09879041248606461,0.09138795986622071,0.1839827201783723,0.20661649944258637
247,247.0,247.2,0.09543267531337517,0.08025151589308531,0.09114582483617475,0.14966616363488044,0.09818595861543897,0.09102387361666256,0.18882542077929138,0.20546856731109112
248,248.0,248.2,0.09509934198004184,0.08008484922641865,0.0909791581695081,0.15266616363488045,0.09768595861543897,0.0908572069499959,0.1881587541126247,0.20446856731109114
249,249.0,249.2,0.09479164967234953,0.07993100307257249,0.09082531201566194,0.15543539440411122,0.09722442015390051,0.09070336079614974,0.1875433694972401,0.2035454903880142
250,250.0,250.2,0.09467550565376649,0.07981485905398947,0.0907672400063704,0.15485467431119598,0.09716634814460898,0.09052914476827517,0.18870480968307052,0.2034874183787227
251,251.0,251.2,0.09392373804153377,0.07906309144175673,0.09007084337974122,0.16303680226076583,0.09646995151797978,0.08908098052941325,0.18556357107671562,0.2027910217520935
252,252.0,252.2,0.09337428749208322,0.07851364089230618,0.08952139283029067,0.1685313077552713,0.09592050096852923,0.08798207943051216,0.18391521942836397,0.20224157120264294
253,253.0,253.2,0.0932685792468401,0.07840793264706306,0.08946853870766912,0.1702226396791614,0.09586764684590768,0.08782351706264746,0.18275242873068956,0.2021887170800214
254,254.0,254.2,0.09316756914582999,0.07830692254605295,0.08941803365716407,0.16961657907310076,0.09581714179540263,0.08767200191113231,0.18386353984180065,0.20213821202951637
255,255.0,255.2,0.09307095078834207,0.07821030418856503,0.0893697244784201,0.16903686892817327,0.09576883261665867,0.08038421723204328,0.19206919891702498,0.20208990285077238
256,256.0,256.2,0.09297844385032171,0.07811779725054468,0.08932347100940993,0.16848182730005112,0.09572257914764849,0.08024545682501276,0.19308677523524884,0.2020436493817622
257,257.0,257.2,0.09583558670746457,0.07930827344102089,0.07718061386655278,0.1682437320619559,0.09691305533812468,0.08143593301548896,0.20951534666382027,0.19156745890557172
258,258.0,258.2,0.09613154960981045,0.07816192865105906,0.07607859531772573,0.17165412486064657,0.09581103678929762,0.0802452619843924,0.2120930880713489,0.18982441471571904
259,259.0,259.2,0.09613154960981045,0.07816192865105906,0.07607859531772573,0.17165412486064657,0.09581103678929762,0.0802452619843924,0.2120930880713489,0.18982441471571904
260,260.0,260.2,0.09474266072092156,0.07677303976217018,0.07468970642883685,0.1702652359717577,0.09442214790040873,0.08996748420661463,0.2183965068747677,0.18074321813452246
261,261.0,261.2,0.10029141868564591,0.07577090814029065,0.07373009181376003,0.16940816237308745,0.09346253328533195,0.08892283557793237,0.21863044660450576,0.17978360351944564
262,262.0,262.2,0.10016896970605407,0.07568927548722942,0.07368927548722945,0.1688775501281895,0.09342171695880133,0.09080038659834054,0.21761003844124044,0.17974278719291506
263,263.0,263.2,0.10005132264723056,0.07561084411468041,0.07365005980095493,0.16836774620662084,0.09338250127252681,0.09064352385324251,0.21859043059810318,0.17970357150664054
264,264.0,264.2,0.0996114030896639,0.07520863194776234,0.07328555502468542,0.1662435632000849,0.09301799649625732,0.09016589690502731,0.2231278866061474,0.17933906673037106
265,265.0,265.2,0.09872051924683499,0.08251172803804378,0.07532549322023004,0.15346314504209238,0.08301780091253771,0.09220583510057191,0.23910609857978274,0.17564937985990617
266,266.0,266.2,0.09653428442902125,0.08224857014330696,0.0750623353254932,0.15407043249148508,0.08275464301780089,0.09194267720583507,0.24200083542188802,0.17538622196516934
267,267.0,267.2,0.09461736101259435,0.08559480462161692,0.07844485427404987,0.1564388959820936,0.07844485427404987,0.09521634274365157,0.24016645387052535,0.17107643322141833
268,268.0,268.2,0.09430938457254243,0.085286828181565,0.0781718184349763,0.15472431077694232,0.0781718184349763,0.09483848510164297,0.2436939571150097,0.17080339738234473
269,269.0,269.2,0.09409293435609223,0.08507037796511478,0.07795536821852608,0.15818751424014582,0.07795536821852608,0.08351092377408165,0.25264056606161867,0.1705869471658945
270,270.0,270.2,0.09271685471914301,0.08369429832816558,0.07661295861524692,0.15538558187299606,0.07661295861524692,0.08206750406979237,0.26366530621679357,0.16924453756261534
271,271.0,271.2,0.09253569529885315,0.08351313890787573,0.07643179919495706,0.15846529201792361,0.07643179919495706,0.08188634464950251,0.26167255259360517,0.16906337814232547
272,272.0,272.2,0.0911318447634237,0.08210928837244626,0.07506041619199513,0.1648461304777094,0.07506041619199513,0.080417559049138,0.2548545986177565,0.17651974633553583
273,273.0,273.2,0.09063395668658823,0.08994473362894415,0.0745938564359617,0.16667887667887665,0.0745938564359617,0.07985701433069853,0.2526878092667566,0.1710098965362123
274,274.0,274.2,0.08952682694062002,0.08793342034721344,0.07351697472387127,0.18040468471502952,0.07351697472387127,0.07868938851697471,0.24948816190195502,0.16692356813046466
275,275.0,275.2,0.08783427495291898,0.09259617971482374,0.07185364541296742,0.17942023136938384,0.07185364541296742,0.07863330642991657,0.2464312617702448,0.17137745493677697
276,276.0,276.2,0.08686155514399228,0.09140700968944683,0.07088092560404072,0.1833848156356923,0.0771309256040407,0.07766058662098987,0.2426049444094447,0.1700692372923524
277,277.0,277.2,0.08501372881168276,0.0895591833571373,0.0690613478593018,0.18389815214623395,0.07494370080047827,0.07572801452596847,0.2628949524473821,0.15890092005181516
278,278.0,278.2,0.08430173410645926,0.08789480769953285,0.0683766755584499,0.18468252576738592,0.07425902849962634,0.07493405260763021,0.2673349280099521,0.15821624775096324
279,279.0,279.2,0.08366551870014867,0.08642525895988894,0.06776690118862794,0.1814261358502345,0.06776690118862794,0.08046851409185374,0.26899194369830043,0.16348882632231776
280,280.0,280.2,0.08302614500195142,0.0857858852616917,0.06715312912893555,0.18440592561560304,0.06715312912893555,0.08530789103369747,0.2665804222659061,0.160587472563279
281,281.0,281.2,0.08116414960455207,0.08318859574664528,0.06531593531883778,0.1839815484939324,0.06531593531883778,0.0827114461547511,0.27573654129381675,0.1625858480686267
282,282.0,282.2,0.08003169953827845,0.08140255090912983,0.06420752371410263,0.1821857625804994,0.06420752371410263,0.08118008331824118,0.2800786615918195,0.16670619463382616
283,283.0,283.2,0.07895695922011707,0.08277331829963405,0.06315609341925128,0.1794506176085123,0.06315609341925128,0.08500617316406786,0.2824307758518284,0.16506996901733742
284,284.0,284.2,0.07976569102094719,0.08200038622731656,0.06249490210836726,0.18461267825784247,0.06249490210836726,0.08425452504630912,0.2799681375243964,0.16440877770645337
285,285.0,285.2,0.07948353504081054,0.08165614571187324,0.06751980217924486,0.18153351292670172,0.06225664428450802,0.08392847090989501,0.28471452695910904,0.1589073619878573
286,286.0,286.2,0.07903328581778826,0.08173263960409859,0.06711217870217315,0.17761355082313024,0.0618490208074363,0.0840203912625596,0.2951099547059462,0.15352897827686746
287,287.0,287.2,0.07816344365257406,0.08078772236380931,0.06597917864222211,0.18181398083571995,0.0609791786422221,0.08559009390531128,0.29106075866945436,0.15562564328868672
288,288.0,288.2,0.07746493257867598,0.07984116300982633,0.06532207543581885,0.1823071852692259,0.06032207543581884,0.07922349565302854,0.2987718764088396,0.1567471962087657
289,289.0,289.2,0.07690276975503055,0.07923164452726111,0.06480015406086556,0.17882144197583819,0.059800154060865564,0.07855361499742511,0.3056649457889013,0.15622527483381246
290,290.0,290.2,0.07614868239439174,0.07843301641785622,0.06384709509280444,0.17460628473357304,0.059085190330899685,0.08058320620391557,0.313214785151284,0.1540817396752751
291,291.0,291.2,0.07536986162758796,0.07743108649619673,0.06288987585993097,0.17191688585294498,0.05834442131447641,0.07393335230496939,0.3218963578556796,0.15821815868821382
292,292.0,292.2,0.0746891367719352,0.08144723587599065,0.06224617432897276,0.1694131449105775,0.05770071978351822,0.07312090715492509,0.32410062167764353,0.15728205949643687
293,293.0,293.2,0.0741121136415254,0.07985600038541212,0.06166915119856294,0.16927243821361468,0.06212369665310839,0.07239668545550897,0.32262803598097717,0.15794187847129024
294,294.0,294.2,0.07336431743408484,0.08273015586969072,0.06092135499112239,0.176356527403039,0.0611378052075726,0.07150948464901949,0.31563975203510086,0.1583406024103698
295,295.0,295.2,0.07262151536064576,0.08466679214505299,0.06021458895371936,0.17940079887905971,0.06021458895371936,0.07059842733755774,0.3172875546353807,0.15499573373486414
296,296.0,296.2,0.07206451577733039,0.08330278657509775,0.05969267708970223,0.18263196545233157,0.05949504863120421,0.069880759909364,0.3186560531526207,0.15427619341234897
297,297.0,297.2,0.07141371709907177,0.08164607170099157,0.060374756060110724,0.1819310033978226,0.05869726688262154,0.06907635194706131,0.3220596699258026,0.15480116298651767
298,298.0,298.2,0.0710961910429995,0.08114509603871303,0.060073880020688496,0.17931518835774152,0.05841304085984933,0.068611796005413,0.3222824161653949,0.15906239150919999
299,299.0,299.2,0.07054076028366121,0.07996344363416574,0.059337049300093335,0.17766950627122288,0.057723400428326674,0.06782627979309437,0.32580001079278587,0.16113954949664966
300,300.0,300.2,0.0740533244892634,0.07905186318461062,0.0590192824443518,0.17411607587602035,0.057267610203549126,0.06746104458292244,0.32834703994740994,0.1606837592718721
301,301.0,301.2,0.07693882225553886,0.08055213795218791,0.05861438658977387,0.17246678909222635,0.056735696305286486,0.06690142362681091,0.3276388988045659,0.16015184537360944
302,302.0,302.2,0.0765707793744298,0.07981605218996972,0.058378618840939936,0.17277839611986126,0.0563676534241774,0.06656216326141813,0.32974253429670314,0.15978380249250038
303,303.0,303.2,0.07599570056241718,0.07889577962341578,0.058041635267022565,0.1727301534417976,0.05590751714090044,0.06612629135167863,0.3329792564035442,0.1593236662092234
304,304.0,304.2,0.07550559462316721,0.07819084433280715,0.05778905444434127,0.17189162932302532,0.05888838282892946,0.0658285434106595,0.33293475247315085,0.1589711985639191
305,305.0,305.2,0.07495026253058193,0.07734056472291649,0.057456748603102833,0.16928168869747687,0.05835571614226369,0.06535757214350246,0.3355863884011818,0.16167105875897375
306,306.0,306.2,0.0746649852086697,0.07701677636501494,0.057280511337519824,0.1711312001531455,0.05819382196331292,0.06508545149540115,0.33521278586660974,0.16141446761032602
307,307.0,307.2,0.07419259732878658,0.07630627613364184,0.05701206207120526,0.17154371168757354,0.057737765396013455,0.06472448037185886,0.3375130160759956,0.16097009093492468
308,308.0,308.2,0.0737080799214267,0.07198859953662781,0.05671995513754864,0.17101016105566152,0.05726994441352377,0.06430531719712708,0.3409135808579691,0.16408436188011516
309,309.0,309.2,0.07310288050213644,0.07101282175960956,0.056036088268001404,0.17146807236855344,0.05660234925515489,0.06349881615736865,0.3411284721394198,0.16715049954975553
310,310.0,310.2,0.07253014960773577,0.07019275679620504,0.05546008939974454,0.17281372012406493,0.05602494982667393,0.06284355044699869,0.3412236818098887,0.1689111019886882
311,311.0,311.2,0.07214598893170317,0.06963052820195673,0.05493514422085847,0.17230995195280907,0.055666912452626706,0.06604938712081564,0.34136684743827594,0.16789523968095393
312,312.0,312.2,0.06145926333113717,0.07020433141998925,0.05862197611182748,0.17579327854155685,0.05936651247434137,0.06962463076054953,0.3324425007975207,0.1724875065630774
313,313.0,313.2,0.06098869770580294,0.0695347503373819,0.05831438371569949,0.17935756860098967,0.05891267431399009,0.06540210301394508,0.33454065452091764,0.17294916779127306
314,314.0,314.2,0.0606529542127919,0.06904705616673158,0.05805832661816431,0.1808611435893383,0.058668827228664934,0.06503995215962759,0.3341816229747264,0.17349011704995473
315,315.0,315.2,0.05755508094816254,0.06858284862988143,0.057814278272577256,0.18481162977066568,0.058436723460239835,0.06469314001510887,0.33411024914850396,0.17399604975486027
316,316.0,316.2,0.05736455549280094,0.0681415785278885,0.05785026228535274,0.1857087478362065,0.05818039887355384,0.06466581232670923,0.3398862098106788,0.16820243484680933
317,317.0,317.2,0.05691727627647756,0.06756276638755196,0.05731864795444498,0.1855978070928943,0.060195022107414876,0.06403627403127239,0.3412645021298469,0.1671077040200968
318,318.0,318.2,0.056497984145159066,0.06695104331638461,0.05682347487456656,0.18280229414078664,0.05965587888200117,0.06344612468906698,0.34476186298036493,0.1690613369716698
319,319.0,319.2,0.05640581773614205,0.06681057014747341,0.05674227337783024,0.1828191511047998,0.05958564229754555,0.06327275678331366,0.3453726881656808,0.16899110038721415
320,320.0,320.2,0.0562488557382617,0.06647212509490738,0.05659605021156503,0.182693788905204,0.05931520519636376,0.06303704800243397,0.34684878718196566,0.16878813966929823
321,321.0,321.2,0.055981146620244324,0.0676229553297222,0.056391714887955455,0.18613335887771973,0.059068535421918845,0.0627457868811252,0.3455420591134877,0.1665144428678263
322,322.0,322.2,0.05572453324721923,0.0672286572740293,0.05619591371859971,0.18830091834629034,0.056268433791119774,0.06246550619508874,0.34682635607318,0.1669896813544726
323,323.0,323.2,0.05810751345109498,0.06694830495636354,0.056088994932576464,0.18882475603430718,0.05610751345109497,0.06230567017704379,0.3447884859830711,0.16682876101444782
324,324.0,324.2,0.05786254398510826,0.06657263926413534,0.055902235635432715,0.18943552797400423,0.05588234596530628,0.062038036154667076,0.3450283136600283,0.1672783573613177
325,325.0,325.2,0.05528386196544762,0.06643278976399178,0.05583326046881032,0.1988148585335286,0.05582307765172213,0.06189037896838406,0.3387026836003818,0.16721908904773355
326,326.0,326.2,0.055010399337832104,0.06595546931884488,0.05805459407090384,0.1998681117867533,0.05550767615526046,0.06161681066449717,0.33644222547361063,0.16754471319229752
327,327.0,327.2,0.05478852390142711,0.06555893628474271,0.057828308191211396,0.19931962004542653,0.055246399359302555,0.06137344584925227,0.33698842674649127,0.16889633962214606
328,328.0,328.2,0.05354884691438898,0.06415183174845798,0.05654241772772724,0.19691847033969534,0.05396966640497591,0.060069731481048196,0.34720503035439154,0.1675940050293145
329,329.0,329.2,0.053720971507528095,0.06416330760434531,0.05696696922050694,0.1913157637697732,0.05410690632742517,0.06047581951591384,0.34458085572708214,0.17466940632742517
330,330.0,330.2,0.0635159177452006,0.06380397031625148,0.05676274420163988,0.18941353585379406,0.053868981088918154,0.06025258484933484,0.3379748233174812,0.1744074426273797
331,331.0,331.2,0.06316434753391273,0.06330410191279753,0.05625848849761892,0.19094869055738622,0.05348640872553915,0.05972885609842129,0.3369537002797872,0.1761554063945368
332,332.0,332.2,0.0629735462728207,0.06297063820919585,0.056069144187056594,0.1914970443287909,0.053266343461967694,0.059519648837336334,0.3377909077735851,0.1759127269292467
333,333.0,333.2,0.07006201873461934,0.06173994349303943,0.05497751990012049,0.18784063846370347,0.05214535206795264,0.05840783700303821,0.3400569038804333,0.1747697864570929
334,334.0,334.2,0.06988396171479491,0.061429553244858506,0.05480142035193011,0.18880247261941857,0.05194115805770555,0.05821128338912235,0.34038587104829926,0.1745442795738706
335,335.0,335.2,0.06975259528830954,0.06125222660936942,0.05471303828446683,0.18986185771900055,0.051825879147307685,0.05806141609713036,0.34012469012469004,0.1744082967297253
336,336.0,336.2,0.06969254189478806,0.06114749688766431,0.05466088628159009,0.18961864990178476,0.051781628535075695,0.05794921070073213,0.34080566040521754,0.17434392539314722
337,337.0,337.2,0.06959305265884211,0.06092293038345666,0.0545283434888698,0.1902756853283169,0.05165684851211165,0.05779881132512711,0.341024744748429,0.17419958355484672
338,338.0,338.2,0.0694964957034174,0.06070567974782666,0.0544001986122354,0.1899165388157435,0.051536331400542104,0.05765254086561704,0.3413626090691395,0.1749296057854782
339,339.0,339.2,0.070264801154204,0.06049537462910041,0.05427622395873025,0.18956823273896445,0.05141985299891101,0.05751021747867835,0.3416781775717856,0.17478711946962575
340,340.0,340.2,0.07010535769490406,0.05831786713528679,0.05409523225081636,0.1892368062951898,0.0512462294018135,0.057310694972530496,0.3444899464082039,0.17519786584125485
341,341.0,341.2,0.06991908576166225,0.058075449648674324,0.05395711680640902,0.18756896535093223,0.051081687151318354,0.05711896289909516,0.3466894757854649,0.1755892565964436
342,342.0,342.2,0.06979457094884393,0.05795254597418855,0.05387931251138793,0.18723223687152654,0.05181887295094838,0.056988700348855684,0.3468718638002767,0.17546189659397207
343,343.0,343.2,0.06958326160896537,0.057617308572020895,0.053678396493573935,0.18680888301145337,0.05158662861233236,0.05677138662144778,0.34818742298546457,0.17576671209474143
344,344.0,344.2,0.07020554554898426,0.06638492395267917,0.05348458625749207,0.17730697546042173,0.0513625703423727,0.056560991354451896,0.34863944052984175,0.17605496655375624
345,345.0,345.2,0.07005187747789855,0.06617391985619267,0.05334799578026861,0.17754440856448356,0.05119675718835205,0.056407661524360574,0.3494040489935183,0.17587333061492547
346,346.0,346.2,0.0675792994238807,0.06657525032037633,0.05240748151136959,0.17626738972409256,0.05022799433188241,0.05626329147363505,0.3491739959389111,0.18150529727585202
347,347.0,347.2,0.06741855730189629,0.06624469168239364,0.05224381375987898,0.17701756909199567,0.050037004176020215,0.05721344276651387,0.35016818188471865,0.17965673933658252
348,348.0,348.2,0.06651123440983052,0.06719285367778448,0.052146717357585935,0.17716836192937324,0.049913466737238545,0.057121149016598004,0.3504130149737882,0.17953320189780086
349,349.0,349.2,0.0663326655123522,0.06685346869050617,0.05197861454539802,0.17915427732759964,0.04971976228654576,0.05691648665093095,0.3491648788294504,0.17987984615721667
350,350.0,350.2,0.06620390269059748,0.06665835967287957,0.051860234132379744,0.1784691265985328,0.0495765802862259,0.05676190369496947,0.3507475718541503,0.1797223210702646
351,351.0,351.2,0.06603421703228918,0.06633555364140971,0.051700844311819684,0.1779427950280124,0.04939315200412738,0.05656667442331979,0.35196996147947934,0.18005680207954217
352,352.0,352.2,0.06593711724831672,0.06616328608831665,0.051601452912652376,0.17945768175113336,0.04927045058165005,0.056456808355523136,0.35119278229590345,0.17992042076650394
353,353.0,353.2,0.06584275693497899,0.06599567665493421,0.05150490521373173,0.17925512425399842,0.04915128868101073,0.05634976700902459,0.3521125877967746,0.17978789345554655
354,354.0,354.2,0.06572602295916469,0.06735849666450051,0.051398580292213,0.1789657252928061,0.04902301468135326,0.056207944359430786,0.351673657945635,0.1796465578048964
355,355.0,355.2,0.06566010941068223,0.06726956884288895,0.051353979616705826,0.1778720793857523,0.048957101132870814,0.056129536209605466,0.35318974927582586,0.1795678761256683
