Total_iterations,Unnamed: 0.1,Intertwine_two,Invert_path_vertices,Insert_inside_vertex,Delete_inside_vertex,Replace_inside_vertex,Donate_between_routes,Trim_one_terminal_cb,Grow_one_terminal_cb
0,0.0,0.125,0.125,0.125,0.125,0.125,0.125,0.125,0.125
1,1.0,0.125,0.125,0.125,0.125,0.125,0.125,0.125,0.125
2,2.0,0.125,0.125,0.125,0.125,0.125,0.125,0.125,0.125
3,3.0,0.125,0.125,0.125,0.125,0.125,0.125,0.125,0.125
4,4.0,0.125,0.125,0.125,0.125,0.125,0.125,0.125,0.125
5,5.0,0.125,0.125,0.125,0.125,0.125,0.125,0.125,0.125
6,6.0,0.125,0.125,0.125,0.125,0.125,0.125,0.125,0.125
7,7.0,0.125,0.125,0.125,0.125,0.125,0.125,0.125,0.125
8,8.0,0.125,0.125,0.125,0.125,0.125,0.125,0.125,0.125
9,9.0,0.125,0.125,0.125,0.125,0.125,0.125,0.125,0.125
10,10.0,0.125,0.125,0.125,0.125,0.125,0.125,0.125,0.125
11,11.0,0.125,0.125,0.125,0.125,0.125,0.125,0.125,0.125
12,12.0,0.125,0.125,0.125,0.125,0.125,0.125,0.125,0.125
13,13.0,0.125,0.125,0.125,0.125,0.125,0.125,0.125,0.125
14,14.0,0.125,0.125,0.125,0.125,0.125,0.125,0.125,0.125
15,15.0,0.125,0.125,0.125,0.125,0.125,0.125,0.125,0.125
16,16.0,0.125,0.125,0.125,0.125,0.125,0.125,0.125,0.125
17,17.0,0.125,0.125,0.125,0.125,0.125,0.125,0.125,0.125
18,18.0,0.125,0.125,0.125,0.125,0.125,0.125,0.125,0.125
19,19.0,0.125,0.125,0.125,0.125,0.125,0.125,0.125,0.125
20,20.0,0.125,0.125,0.125,0.125,0.125,0.125,0.125,0.125
21,21.0,0.125,0.125,0.125,0.125,0.125,0.125,0.125,0.125
22,22.0,0.125,0.125,0.125,0.125,0.125,0.125,0.125,0.125
23,23.0,0.125,0.125,0.125,0.125,0.125,0.125,0.125,0.125
24,24.0,0.125,0.125,0.125,0.125,0.125,0.125,0.125,0.125
25,25.0,0.125,0.125,0.125,0.125,0.125,0.125,0.125,0.125
26,26.0,0.125,0.125,0.125,0.125,0.125,0.125,0.125,0.125
27,27.0,0.125,0.125,0.125,0.125,0.125,0.125,0.125,0.125
28,28.0,0.125,0.125,0.125,0.125,0.125,0.125,0.125,0.125
29,29.0,0.125,0.125,0.125,0.125,0.125,0.125,0.125,0.125
30,30.0,0.125,0.125,0.125,0.125,0.125,0.125,0.125,0.125
31,31.0,0.125,0.125,0.125,0.125,0.125,0.125,0.125,0.125
32,32.0,0.125,0.125,0.125,0.125,0.125,0.125,0.125,0.125
33,33.0,0.125,0.125,0.125,0.125,0.125,0.125,0.125,0.125
34,34.0,0.125,0.125,0.125,0.125,0.125,0.125,0.125,0.125
35,35.0,0.125,0.125,0.125,0.125,0.125,0.125,0.125,0.125
36,36.0,0.125,0.125,0.125,0.125,0.125,0.125,0.125,0.125
37,37.0,0.125,0.125,0.125,0.125,0.125,0.125,0.125,0.125
38,38.0,0.125,0.125,0.125,0.125,0.125,0.125,0.125,0.125
39,39.0,0.125,0.125,0.125,0.125,0.125,0.125,0.125,0.125
40,40.0,0.125,0.125,0.125,0.125,0.125,0.125,0.125,0.125
41,41.0,0.125,0.125,0.125,0.125,0.125,0.125,0.125,0.125
42,42.0,0.125,0.125,0.125,0.125,0.125,0.125,0.125,0.125
43,43.0,0.125,0.125,0.125,0.125,0.125,0.125,0.125,0.125
44,44.0,0.125,0.125,0.125,0.125,0.125,0.125,0.125,0.125
45,45.0,0.125,0.125,0.125,0.125,0.125,0.125,0.125,0.125
46,46.0,0.125,0.125,0.125,0.125,0.125,0.125,0.125,0.125
47,47.0,0.125,0.125,0.125,0.125,0.125,0.125,0.125,0.125
48,48.0,0.125,0.125,0.125,0.125,0.125,0.125,0.125,0.125
49,49.0,0.125,0.125,0.125,0.125,0.125,0.125,0.125,0.125
50,50.0,0.125,0.125,0.125,0.125,0.125,0.125,0.125,0.125
51,51.0,0.125,0.125,0.125,0.125,0.125,0.125,0.125,0.125
52,52.0,0.125,0.125,0.125,0.125,0.125,0.125,0.125,0.125
53,53.0,0.125,0.125,0.125,0.125,0.125,0.125,0.125,0.125
54,54.0,0.125,0.125,0.125,0.125,0.125,0.125,0.125,0.125
55,55.0,0.125,0.125,0.125,0.125,0.125,0.125,0.125,0.125
56,56.0,0.125,0.125,0.125,0.125,0.125,0.125,0.125,0.125
57,57.0,0.125,0.125,0.125,0.125,0.125,0.125,0.125,0.125
58,58.0,0.125,0.125,0.125,0.125,0.125,0.125,0.125,0.125
59,59.0,0.125,0.125,0.125,0.125,0.125,0.125,0.125,0.125
60,60.0,0.125,0.125,0.125,0.125,0.125,0.125,0.125,0.125
61,61.0,0.125,0.125,0.125,0.125,0.125,0.125,0.125,0.125
62,62.0,0.125,0.125,0.125,0.125,0.125,0.125,0.125,0.125
63,63.0,0.125,0.125,0.125,0.125,0.125,0.125,0.125,0.125
64,64.0,0.125,0.125,0.125,0.125,0.125,0.125,0.125,0.125
65,65.0,0.125,0.125,0.125,0.125,0.125,0.125,0.125,0.125
66,66.0,0.125,0.125,0.125,0.125,0.125,0.125,0.125,0.125
67,67.0,0.125,0.125,0.125,0.125,0.125,0.125,0.125,0.125
68,68.0,0.125,0.125,0.125,0.125,0.125,0.125,0.125,0.125
69,69.0,0.125,0.125,0.125,0.125,0.125,0.125,0.125,0.125
70,70.0,0.125,0.125,0.125,0.125,0.125,0.125,0.125,0.125
71,71.0,0.125,0.125,0.125,0.125,0.125,0.125,0.125,0.125
72,72.0,0.125,0.125,0.125,0.125,0.125,0.125,0.125,0.125
73,73.0,0.125,0.125,0.125,0.125,0.125,0.125,0.125,0.125
74,74.0,0.125,0.125,0.125,0.125,0.125,0.125,0.125,0.125
75,75.0,0.125,0.125,0.125,0.125,0.125,0.125,0.125,0.125
76,76.0,0.125,0.125,0.125,0.125,0.125,0.125,0.125,0.125
77,77.0,0.125,0.125,0.125,0.125,0.125,0.125,0.125,0.125
78,78.0,0.125,0.125,0.125,0.125,0.125,0.125,0.125,0.125
79,79.0,0.125,0.125,0.125,0.125,0.125,0.125,0.125,0.125
80,80.0,0.125,0.125,0.125,0.125,0.125,0.125,0.125,0.125
81,81.0,0.125,0.125,0.125,0.125,0.125,0.125,0.125,0.125
82,82.0,0.125,0.125,0.125,0.125,0.125,0.125,0.125,0.125
83,83.0,0.125,0.125,0.125,0.125,0.125,0.125,0.125,0.125
84,84.0,0.125,0.125,0.125,0.125,0.125,0.125,0.125,0.125
85,85.0,0.125,0.125,0.125,0.125,0.125,0.125,0.125,0.125
86,86.0,0.125,0.125,0.125,0.125,0.125,0.125,0.125,0.125
87,87.0,0.125,0.125,0.125,0.125,0.125,0.125,0.125,0.125
88,88.0,0.125,0.125,0.125,0.125,0.125,0.125,0.125,0.125
89,89.0,0.125,0.125,0.125,0.125,0.125,0.125,0.125,0.125
90,90.0,0.125,0.125,0.125,0.125,0.125,0.125,0.125,0.125
91,91.0,0.125,0.125,0.125,0.125,0.125,0.125,0.125,0.125
92,92.0,0.125,0.125,0.125,0.125,0.125,0.125,0.125,0.125
93,93.0,0.125,0.125,0.125,0.125,0.125,0.125,0.125,0.125
94,94.0,0.125,0.125,0.125,0.125,0.125,0.125,0.125,0.125
95,95.0,0.125,0.125,0.125,0.125,0.125,0.125,0.125,0.125
96,96.0,0.125,0.125,0.125,0.125,0.125,0.125,0.125,0.125
97,97.0,0.125,0.125,0.125,0.125,0.125,0.125,0.125,0.125
98,98.0,0.125,0.125,0.125,0.125,0.125,0.125,0.125,0.125
99,99.0,0.125,0.125,0.125,0.125,0.125,0.125,0.125,0.125
100,100.0,0.125,0.125,0.125,0.125,0.125,0.125,0.125,0.125
101,101.0,0.125,0.125,0.125,0.125,0.125,0.125,0.125,0.125
102,102.0,0.125,0.125,0.125,0.125,0.125,0.125,0.125,0.125
103,103.0,0.125,0.125,0.125,0.125,0.125,0.125,0.125,0.125
104,104.0,0.125,0.125,0.125,0.125,0.125,0.125,0.125,0.125
105,105.0,0.125,0.125,0.125,0.125,0.125,0.125,0.125,0.125
106,106.0,0.125,0.125,0.125,0.125,0.125,0.125,0.125,0.125
107,107.0,0.125,0.125,0.125,0.125,0.125,0.125,0.125,0.125
108,108.0,0.125,0.125,0.125,0.125,0.125,0.125,0.125,0.125
109,109.0,0.125,0.125,0.125,0.125,0.125,0.125,0.125,0.125
110,110.0,0.125,0.125,0.125,0.125,0.125,0.125,0.125,0.125
111,111.0,0.125,0.125,0.125,0.125,0.125,0.125,0.125,0.125
112,112.0,0.125,0.125,0.125,0.125,0.125,0.125,0.125,0.125
113,113.0,0.125,0.125,0.125,0.125,0.125,0.125,0.125,0.125
114,114.0,0.125,0.125,0.125,0.125,0.125,0.125,0.125,0.125
115,115.0,0.125,0.125,0.125,0.125,0.125,0.125,0.125,0.125
116,116.0,0.125,0.125,0.125,0.125,0.125,0.125,0.125,0.125
117,117.0,0.125,0.125,0.125,0.125,0.125,0.125,0.125,0.125
118,118.0,0.125,0.125,0.125,0.125,0.125,0.125,0.125,0.125
119,119.0,0.125,0.125,0.125,0.125,0.125,0.125,0.125,0.125
120,120.0,0.125,0.125,0.125,0.125,0.125,0.125,0.125,0.125
121,121.0,0.125,0.125,0.125,0.125,0.125,0.125,0.125,0.125
122,122.0,0.125,0.125,0.125,0.125,0.125,0.125,0.125,0.125
123,123.0,0.125,0.125,0.125,0.125,0.125,0.125,0.125,0.125
124,124.0,0.125,0.125,0.125,0.125,0.125,0.125,0.125,0.125
125,125.0,0.125,0.125,0.125,0.125,0.125,0.125,0.125,0.125
126,126.0,0.125,0.125,0.125,0.125,0.125,0.125,0.125,0.125
127,127.0,0.125,0.125,0.125,0.125,0.125,0.125,0.125,0.125
128,128.0,0.125,0.125,0.125,0.125,0.125,0.125,0.125,0.125
129,129.0,0.125,0.125,0.125,0.125,0.125,0.125,0.125,0.125
130,130.0,0.125,0.125,0.125,0.125,0.125,0.125,0.125,0.125
131,131.0,0.125,0.125,0.125,0.125,0.125,0.125,0.125,0.125
132,132.0,0.125,0.125,0.125,0.125,0.125,0.125,0.125,0.125
133,133.0,0.125,0.125,0.125,0.125,0.125,0.125,0.125,0.125
134,134.0,0.125,0.125,0.125,0.125,0.125,0.125,0.125,0.125
135,135.0,0.125,0.125,0.125,0.125,0.125,0.125,0.125,0.125
136,136.0,0.125,0.125,0.125,0.125,0.125,0.125,0.125,0.125
137,137.0,0.125,0.125,0.125,0.125,0.125,0.125,0.125,0.125
138,138.0,0.125,0.125,0.125,0.125,0.125,0.125,0.125,0.125
139,139.0,0.125,0.125,0.125,0.125,0.125,0.125,0.125,0.125
140,140.0,0.125,0.125,0.125,0.125,0.125,0.125,0.125,0.125
141,141.0,0.125,0.125,0.125,0.125,0.125,0.125,0.125,0.125
142,142.0,0.125,0.125,0.125,0.125,0.125,0.125,0.125,0.125
143,143.0,0.125,0.125,0.125,0.125,0.125,0.125,0.125,0.125
144,144.0,0.125,0.125,0.125,0.125,0.125,0.125,0.125,0.125
145,145.0,0.125,0.125,0.125,0.125,0.125,0.125,0.125,0.125
146,146.0,0.125,0.125,0.125,0.125,0.125,0.125,0.125,0.125
147,147.0,0.125,0.125,0.125,0.125,0.125,0.125,0.125,0.125
148,148.0,0.125,0.125,0.125,0.125,0.125,0.125,0.125,0.125
149,149.0,0.125,0.125,0.125,0.125,0.125,0.125,0.125,0.125
150,150.0,0.125,0.125,0.125,0.125,0.125,0.125,0.125,0.125
151,151.0,0.125,0.125,0.125,0.125,0.125,0.125,0.125,0.125
152,152.0,0.125,0.125,0.125,0.125,0.125,0.125,0.125,0.125
153,153.0,0.125,0.125,0.125,0.125,0.125,0.125,0.125,0.125
154,154.0,0.125,0.125,0.125,0.125,0.125,0.125,0.125,0.125
155,155.0,0.125,0.125,0.125,0.125,0.125,0.125,0.125,0.125
156,156.0,0.125,0.125,0.125,0.125,0.125,0.125,0.125,0.125
157,157.0,0.125,0.125,0.125,0.125,0.125,0.125,0.125,0.125
158,158.0,0.125,0.125,0.125,0.125,0.125,0.125,0.125,0.125
159,159.0,0.125,0.125,0.125,0.125,0.125,0.125,0.125,0.125
160,160.0,0.125,0.125,0.125,0.125,0.125,0.125,0.125,0.125
161,161.0,0.125,0.125,0.125,0.125,0.125,0.125,0.125,0.125
162,162.0,0.125,0.125,0.125,0.125,0.125,0.125,0.125,0.125
163,163.0,0.125,0.125,0.125,0.125,0.125,0.125,0.125,0.125
164,164.0,0.125,0.125,0.125,0.125,0.125,0.125,0.125,0.125
165,165.0,0.125,0.125,0.125,0.125,0.125,0.125,0.125,0.125
166,166.0,0.125,0.125,0.125,0.125,0.125,0.125,0.125,0.125
167,167.0,0.125,0.125,0.125,0.125,0.125,0.125,0.125,0.125
168,168.0,0.125,0.125,0.125,0.125,0.125,0.125,0.125,0.125
169,169.0,0.125,0.125,0.125,0.125,0.125,0.125,0.125,0.125
170,170.0,0.125,0.125,0.125,0.125,0.125,0.125,0.125,0.125
171,171.0,0.125,0.125,0.125,0.125,0.125,0.125,0.125,0.125
172,172.0,0.125,0.125,0.125,0.125,0.125,0.125,0.125,0.125
173,173.0,0.125,0.125,0.125,0.125,0.125,0.125,0.125,0.125
174,174.0,0.125,0.125,0.125,0.125,0.125,0.125,0.125,0.125
175,175.0,0.125,0.125,0.125,0.125,0.125,0.125,0.125,0.125
176,176.0,0.125,0.125,0.125,0.125,0.125,0.125,0.125,0.125
177,177.0,0.125,0.125,0.125,0.125,0.125,0.125,0.125,0.125
178,178.0,0.125,0.125,0.125,0.125,0.125,0.125,0.125,0.125
179,179.0,0.125,0.125,0.125,0.125,0.125,0.125,0.125,0.125
180,180.0,0.125,0.125,0.125,0.125,0.125,0.125,0.125,0.125
181,181.0,0.125,0.125,0.125,0.125,0.125,0.125,0.125,0.125
182,182.0,0.125,0.125,0.125,0.125,0.125,0.125,0.125,0.125
183,183.0,0.125,0.125,0.125,0.125,0.125,0.125,0.125,0.125
184,184.0,0.125,0.125,0.125,0.125,0.125,0.125,0.125,0.125
185,185.0,0.125,0.125,0.125,0.125,0.125,0.125,0.125,0.125
186,186.0,0.125,0.125,0.125,0.125,0.125,0.125,0.125,0.125
187,187.0,0.125,0.125,0.125,0.125,0.125,0.125,0.125,0.125
188,188.0,0.125,0.125,0.125,0.125,0.125,0.125,0.125,0.125
189,189.0,0.125,0.125,0.125,0.125,0.125,0.125,0.125,0.125
190,190.0,0.125,0.125,0.125,0.125,0.125,0.125,0.125,0.125
191,191.0,0.125,0.125,0.125,0.125,0.125,0.125,0.125,0.125
192,192.0,0.125,0.125,0.125,0.125,0.125,0.125,0.125,0.125
193,193.0,0.125,0.125,0.125,0.125,0.125,0.125,0.125,0.125
194,194.0,0.125,0.125,0.125,0.125,0.125,0.125,0.125,0.125
195,195.0,0.125,0.125,0.125,0.125,0.125,0.125,0.125,0.125
196,196.0,0.125,0.125,0.125,0.125,0.125,0.125,0.125,0.125
197,197.0,0.125,0.125,0.125,0.125,0.125,0.125,0.125,0.125
198,198.0,0.125,0.125,0.125,0.125,0.125,0.125,0.125,0.125
199,199.0,0.125,0.125,0.125,0.125,0.125,0.125,0.125,0.125
200,200.0,0.1244444444444444,0.1244444444444444,0.1244444444444444,0.1255555555555555,0.1255555555555555,0.1244444444444444,0.1255555555555555,0.1255555555555555
201,201.0,0.1237833333333333,0.1237833333333333,0.1237833333333333,0.1258833333333333,0.1259944444444444,0.1237833333333333,0.1259944444444444,0.1269944444444444
202,202.0,0.1229949444444444,0.1241060555555555,0.1229949444444444,0.1260639444444444,0.1262850555555555,0.1229949444444444,0.1262850555555555,0.1282750555555555
203,203.0,0.1220026672222222,0.1241026672222222,0.1230026672222222,0.1260130772222222,0.1263420883333333,0.1220026672222222,0.1262309772222222,0.1303031883333333
204,204.0,0.121854995090404,0.123923995090404,0.1229359041813131,0.1258634790813131,0.1262974211924242,0.1209459041813131,0.1260763100813131,0.1321019911015151
205,205.0,0.121732580624904,0.123752990624904,0.1228845897158131,0.1257083372768131,0.1262434889779242,0.1199234897158131,0.1259144778668131,0.1338400451970151
206,206.0,0.1215432131128363,0.1225905971037454,0.1227567830219272,0.1271861212294899,0.1260908484284283,0.1188513040219272,0.1256569063173172,0.1353242267643283
207,207.0,0.120682855271352,0.1207531329232611,0.1209487851268066,0.1299515888069274,0.1252382705203048,0.1171324198168066,0.1253697854858603,0.139923162048681
208,208.0,0.1206703915299895,0.1188605707002795,0.1190807860386168,0.1324914987890569,0.1242983656775886,0.1153827867027168,0.124902123327135,0.1443134772346167
209,209.0,0.1203817631767563,0.1177009822249165,0.1171077688978497,0.1354969472295273,0.1242195686724691,0.1135532789319987,0.1242130142318189,0.1473266766346632
210,210.0,0.1199535335624324,0.1164323629768609,0.1150296626508678,0.1380049621617362,0.12563776881245,0.1116398760177194,0.1233693727724031,0.1499324610455301
211,211.0,0.1201833157386407,0.1150884420860022,0.112887897130902,0.1400645657615467,0.1266972428897799,0.1096802413635175,0.1224052284600316,0.1529930665695792
212,212.0,0.1193651485667038,0.1136329128682535,0.1107170824272771,0.1417164033926007,0.1275692061658881,0.1077054209967538,0.1236659493468,0.1556278762357229
213,213.0,0.1190213493124962,0.1120347148917045,0.1084823077958713,0.1428034145941446,0.1282059977804433,0.1056771578828284,0.1245409838284687,0.1592340739140428
214,214.0,0.1184811792500472,0.1103866427995466,0.1062730312614911,0.1435515232524255,0.1293533384120267,0.103681793213311,0.1252392710798519,0.1630332207312999
215,215.0,0.1179183035344318,0.1087784339550314,0.1041342078676898,0.1440205176560658,0.1304116118405317,0.101761402878368,0.1264816677866292,0.1664938544812521
216,216.0,0.1179033504258516,0.1071599130595689,0.1020179094720764,0.1441109086637827,0.131188665861505,0.0998654222856204,0.1281189214537758,0.169634908777819
217,217.0,0.1177677658609248,0.1055704146052088,0.0999651646367888,0.1450815499255179,0.1318055898629927,0.0980324883447765,0.129442431982606,0.1723345947811844
218,218.0,0.1174719845603038,0.1039691300682891,0.0979363441900519,0.1462811807710465,0.1321089447296749,0.0968090597600766,0.1304198869907706,0.1750034689297864
219,219.0,0.1159186923859524,0.1019232819472415,0.0961660416089512,0.148022160759891,0.1326094913020305,0.0958010264899587,0.1314612878439465,0.1780980176620283
220,220.0,0.1142352427815084,0.0998838545162107,0.0955432886783666,0.1492761882780403,0.1317433607030763,0.0947831707688111,0.1334180273727201,0.1811168669012665
221,221.0,0.1125802309252968,0.097951976498724,0.095040934480771,0.1495752540405866,0.1308186349923701,0.093848029917167,0.1363637353726592,0.1838212037724252
222,222.0,0.1109434283239638,0.0961122768965091,0.0946280278477488,0.1496779036657154,0.1297312480058633,0.092996433230026,0.1397907346083771,0.1861199474217964
223,223.0,0.1087056519193046,0.0947163951815213,0.0940549118193316,0.1493749744931393,0.1283769905346518,0.0920710025752696,0.1433245624718754,0.1893755110049062
224,224.0,0.1064089866086907,0.0932933016849634,0.0933620391574259,0.1493077682347163,0.1268071725431457,0.0910977689589824,0.1476933511194237,0.1920296116926516
225,225.0,0.1041969120265666,0.0919742902843318,0.092764756524561,0.1490705559174694,0.1252398488246207,0.0902055867778542,0.1521698584601244,0.1943781911844717
226,226.0,0.1020351414175213,0.0907376745987022,0.0922353388395878,0.1485858252713944,0.1236424947605807,0.0893708044248426,0.1566555398343344,0.1967371808530364
227,227.0,0.0998637092953065,0.0895108825497756,0.0916201998639945,0.1482047404650087,0.1219575341311866,0.0885193310770107,0.1605577454367807,0.1997658571809364
228,228.0,0.0977152720715548,0.088850866054155,0.0909286377902915,0.1475274021864146,0.1201551936612371,0.0876514613715474,0.1641929706122558,0.2029781962525436
229,229.0,0.0959973247532455,0.0882156116950529,0.0902706054567868,0.1470932887128645,0.1182835184909531,0.0868148173809393,0.1672637206054955,0.2060611129046622
230,230.0,0.0944253739145081,0.0877050549682617,0.0904754838455852,0.1466357511784667,0.1164954998458422,0.0860843863499864,0.1693083665870102,0.2088700833103393
231,231.0,0.0929191393343727,0.0867041158069443,0.0905845627301983,0.1460273972303396,0.1147324796916656,0.0853754512116326,0.1719723610614458,0.2116844929334007
232,232.0,0.0921547888832162,0.0857465365404622,0.0906114152686616,0.1456335880831888,0.1130110093736719,0.0846939622117708,0.1741402251044136,0.2140084745346147
233,233.0,0.0915078137774469,0.0848795930967912,0.0906921564897458,0.1451553623565983,0.1113865952452486,0.0840860257513451,0.1762540146293038,0.2160384386535199
234,234.0,0.0909936358887564,0.0841235809832594,0.0908309349405641,0.1446783577588815,0.1098761206563093,0.0835710555961884,0.1781221371237097,0.2178041770523308
235,235.0,0.0906041172743237,0.0834749671879882,0.091020559113635,0.144207222223128,0.1084832963987948,0.0831449048173256,0.1800838113990692,0.2189811215857351
236,236.0,0.0903711013211671,0.0829699121454042,0.0913052150114744,0.1442410700450321,0.1067970562137801,0.0828433671132157,0.1819072059187004,0.2195650722312258
237,237.0,0.090192054178336,0.0825098967863098,0.0915837423840788,0.1443847094331905,0.1051600704951019,0.0825677828090699,0.183228640380723,0.2203731035331897
238,238.0,0.0901109263622224,0.0821425742219433,0.091892453155597,0.1445347025410812,0.1036516797633702,0.0823658693339296,0.1843297596341333,0.2209720349877227
239,239.0,0.0900997978243764,0.0818434090045361,0.0922157721814525,0.1446036867929247,0.102264638730238,0.0822133393457061,0.1848364829971575,0.2219228731236084
240,240.0,0.0901217602988701,0.0815785574280871,0.0925193757511725,0.144478604809191,0.1014681291647879,0.0823708778191695,0.1849283645964771,0.2225343301322445
241,241.0,0.0901725211177844,0.0813464727023244,0.0928018174037031,0.1441766762945434,0.1007106810449359,0.0825320293377786,0.1849259545136304,0.2233338475852995
242,242.0,0.0907240110359424,0.0811453267107011,0.0930618901182283,0.1439925203673268,0.0999952132847447,0.0826935753203701,0.1845676484718373,0.223819814690849
243,243.0,0.0909285709521669,0.0806321821978645,0.0929577398699132,0.1446772734391424,0.0989827594339271,0.0825116413685006,0.1856336783684696,0.2236761543700154
244,244.0,0.0910881586749573,0.0800932003490522,0.0927770159642894,0.1451395932725546,0.0980022891857793,0.0831052024176791,0.1864796860628751,0.2233148540728126
245,245.0,0.0912336386722183,0.0795840806879888,0.0925772554781297,0.1458659670054147,0.0970689556628018,0.0836881528286017,0.1872714006222587,0.222710549042586
246,246.0,0.0913998652752272,0.0791240399899423,0.0923798088536975,0.1465169801497842,0.0962404008295854,0.0842724985765005,0.1880664415366496,0.2219999647886128
247,247.0,0.0915462130129084,0.0786939981631497,0.0921679748988293,0.1469816796788307,0.0954597562091929,0.0848331557375509,0.1892254112061106,0.2210918110934272
248,248.0,0.0916834572664929,0.078305869029669,0.0919504361721546,0.147726754094533,0.0947344380749021,0.0853829876946206,0.1901978173376907,0.2200182403299367
249,249.0,0.0918103667110851,0.0779589579961193,0.0917295539227363,0.1487236382409917,0.0940650131132919,0.0859171940331525,0.1909910537623236,0.2188042222202992
250,250.0,0.0919427836389725,0.0776548441148308,0.09151591027826,0.1496298795251441,0.0934883175173197,0.0864284198026738,0.1917866337204254,0.2175532114023734
251,251.0,0.0920141093329958,0.0773275650098395,0.0912465046328495,0.1513159574236989,0.0929364321245547,0.0867847138210127,0.192157713581708,0.2162170040733407
252,252.0,0.0920424536897571,0.0769954240247214,0.0909373378845039,0.1535000865302194,0.0924201254100553,0.0870184509947116,0.1922609088669772,0.2148252125990538
253,253.0,0.0920707111243412,0.0767011084822666,0.0906396429481885,0.1557852481307273,0.0919851677103285,0.0872225944986122,0.192154048659566,0.2134414784459693
254,254.0,0.0920980204865909,0.0764431917256043,0.090354955958049,0.1579256614260628,0.0916274800668797,0.0873971813626116,0.1920749693847182,0.2120785395894833
255,255.0,0.0921236325634592,0.0762200421170639,0.0900845375260402,0.1599109715538423,0.0913426268871865,0.0868282792777873,0.1927422496494485,0.2107476604251718
256,256.0,0.0921469059210875,0.0760298593962905,0.0898293874598551,0.1617335054797749,0.0911258957358564,0.086237950740285,0.1934378290122038,0.2094586662546465
257,257.0,0.0924618816079596,0.0759986219451847,0.0883804075214983,0.1634174597075076,0.0910958521528248,0.0857657777364278,0.1957031970437713,0.2071768022848258
258,258.0,0.0928086930673741,0.0758889702751515,0.086854125785545,0.1653223205158805,0.0910167831050667,0.0851784564826372,0.1981379239091353,0.2047927268592093
259,259.0,0.0931540519462715,0.0758130133558808,0.0853727169185089,0.1671000132868638,0.0909935634989267,0.0846005354092433,0.2004687297295851,0.2024973758547197
260,260.0,0.0933557610250257,0.0756292523926001,0.0838076188332797,0.1686065890075977,0.0908819516974156,0.0850090759311625,0.2033130404317494,0.1993967106811693
261,261.0,0.0941060439893359,0.0753750922371551,0.0822118899710212,0.1698933862660328,0.0907209415765778,0.085321881620776,0.2060471487011013,0.1963236156379998
262,262.0,0.0948309075062189,0.0751421429909799,0.080686834380763,0.1709935903352051,0.0905993667522582,0.0858271713830406,0.2085316383062255,0.1933883483453086
263,263.0,0.0955249005875297,0.0749301168571298,0.0792403871919678,0.1719116332032332,0.0905142513438086,0.0863159780467219,0.2109565021678737,0.1906062306017352
264,264.0,0.0961507666255497,0.0747058793925484,0.077846230970515,0.1724900146138387,0.0904298794978642,0.0867514168072788,0.2136689645284638,0.1879568475639412
265,265.0,0.096659564040126,0.0752394028090055,0.0767498774313036,0.1716700515534469,0.0893798064481262,0.087381450312312,0.2178025910711353,0.1851172563345444
266,266.0,0.0969194677835303,0.0757659813466335,0.075722599614429,0.17081074447892,0.0883448048585324,0.0879704085252507,0.2220253637188366,0.1824406296738673
267,267.0,0.0969578369774065,0.0766393513662965,0.0751296988312082,0.1701068113410324,0.0869264229351156,0.088867560157483,0.225842175663662,0.1795301427277958
268,268.0,0.0969381668482417,0.0774841412725411,0.0746019360968305,0.1691651338428289,0.0855377599335224,0.089700698688153,0.229773299520522,0.1767988637973603
269,269.0,0.0968725308875914,0.0783008340356066,0.074141003437627,0.1685195362101073,0.0841926587954581,0.0893691450971347,0.2343451784623018,0.1742591130741731
270,270.0,0.0966480545939962,0.0789659449979656,0.0736300667318249,0.1675549848842432,0.082785453905103,0.0888678226815588,0.2397452974014142,0.171802374803894
271,271.0,0.096388597988983,0.0795937124553618,0.0731819366734083,0.1668731656753459,0.0814391286088558,0.0883305133793938,0.2446453291724504,0.169547616046201
272,272.0,0.0959761729640268,0.0800575123780005,0.0726739799457526,0.1668135334967426,0.0800402242477982,0.0876356147601099,0.2485438346030096,0.1682591276045596
273,273.0,0.0955067583518767,0.0812789945939696,0.0721940272777216,0.1669234651259261,0.078684756266685,0.0868819709738008,0.2518989181955604,0.1666311092144597
274,274.0,0.0949248442096919,0.0822638546505185,0.071678379996867,0.1683925385113359,0.0773162379141668,0.0860166794183192,0.2546064176030879,0.1648010476960126
275,275.0,0.0941778861102648,0.0836732002951404,0.0710663504602776,0.1697363806856772,0.0758802458339071,0.0851590359006665,0.2566862944996803,0.163620606214386
276,276.0,0.0933449157283143,0.0849119241669593,0.0704261248459813,0.1714391355760523,0.0750753149765713,0.0842246274591789,0.2580730016432391,0.1625049556037034
277,277.0,0.0923456261454846,0.0859069438735903,0.0696725120262213,0.1731424054290404,0.0741527108308875,0.083124762243956,0.2611953583038978,0.1604596811469219
278,278.0,0.0913017470770775,0.0866725464386331,0.068919681616683,0.1748613431260169,0.0732618097693828,0.0819815198812417,0.2644664727961824,0.1585348792947823
279,279.0,0.0902286342451739,0.0872268564858163,0.068175726750534,0.1761809598879942,0.0718207582702312,0.0814355732304851,0.2676048619602111,0.1573266291695539
280,280.0,0.0891332641711907,0.0876537821832022,0.0674407019094115,0.1777190457099331,0.0704218961442095,0.0814184883476022,0.2702021308819785,0.1560106906524721
281,281.0,0.0879001603731734,0.0877596073901297,0.0665925844435868,0.1791277540365677,0.0689465131796274,0.0811823614919739,0.2734190677281994,0.1550719513567413
282,282.0,0.0866097618406444,0.0876305354761781,0.0657056710726235,0.1802645508837692,0.0674715215724221,0.0808320018848852,0.2767716976552547,0.1547142596142224
283,283.0,0.0852751485065284,0.0875891676470016,0.0647873245356863,0.1810333656660191,0.0660062461178691,0.0809027680374216,0.280057345654971,0.1543486338345026
284,284.0,0.0840916877930429,0.0874264849000373,0.06387838121019,0.1822256775544021,0.0645928775506967,0.0809323268141949,0.282791899323941,0.1540606648534947
285,285.0,0.0829550975851714,0.0871913853894979,0.0635489874333128,0.183014711727867,0.0632760403034324,0.0809595462819707,0.2856993989514899,0.1533548323272575
286,286.0,0.0818524258503412,0.0869320928224588,0.0632514788338756,0.1833180342856167,0.062039930472998,0.0810229250845146,0.2893458426710437,0.1522372699791511
287,287.0,0.080744845672147,0.086552243255911,0.0629090280870699,0.1839540227542254,0.0608385383124301,0.0812669109328597,0.292280363535342,0.1514540474500144
288,288.0,0.0796523583841867,0.0860580775016987,0.062565813599856,0.1845543324001389,0.0596929814505766,0.0808930702008665,0.2956803480384902,0.1509030184241861
289,289.0,0.0785910292846028,0.0854902073297323,0.0622322910422278,0.1847235652808131,0.0586160790772655,0.080472929731034,0.2994605563130331,0.150413341941291
290,290.0,0.0775435417636177,0.0848366757359974,0.0618624934737426,0.1843953379161436,0.0575872113181249,0.0802785692814976,0.3036797715911188,0.1498163989197569
291,291.0,0.0765089723243585,0.0840842677162887,0.0614537997550093,0.1837331028680526,0.0566021332233838,0.0794417058562445,0.3084405727474371,0.1497354455092252
292,292.0,0.0754983962364922,0.0837421836243292,0.0610359660161027,0.1827685550603828,0.055668615665932,0.0785522007229994,0.3130802780214023,0.149653804652359
293,293.0,0.074523082849726,0.0832522349150245,0.0606143154211744,0.1817528372622857,0.0552910685923601,0.0776249109974566,0.3172189576348669,0.1497225923271054
294,294.0,0.0735664114888103,0.083064734279782,0.0601705986227689,0.181422296172454,0.0549210133621994,0.0766493479083996,0.3202990316758585,0.149906566489727
295,295.0,0.072629106116095,0.083086301551499,0.0597080844641471,0.1813785786515134,0.0545578099481232,0.0756288367645083,0.3231892857763713,0.1498219967277423
296,296.0,0.0717297554147653,0.0829851164449844,0.0592446955798815,0.1816425717422695,0.054215540633259,0.0745883058979172,0.325868347007147,0.1497256672797758
297,297.0,0.0708586075193683,0.0827315550630118,0.0589003332961815,0.1818199632555997,0.0538805151550024,0.0735243118618695,0.328547740853618,0.1497369729953486
298,298.0,0.0700483729037008,0.0824423974193883,0.0585750638645485,0.181719144515011,0.0535987371395705,0.0724757820361136,0.3309165892301229,0.1502239128915439
299,299.0,0.0692740968550592,0.0820510172858657,0.0582236264655808,0.1814397998782567,0.0533243159197323,0.0714149137113945,0.3333139705010692,0.1509582593830413
300,300.0,0.068941171466128,0.0815867413842229,0.0578866903492808,0.1807953437295872,0.053075748644486,0.070387722358947,0.3356511769633004,0.1516754051040473
301,301.0,0.0689812099229489,0.0812935717675059,0.0575542841801037,0.1799836118388695,0.0528407653225288,0.0693780212683729,0.3376108072948652,0.1523577284048047
302,302.0,0.0690600163693026,0.0809486961980857,0.0572421428770576,0.1792090456125207,0.052631425354484,0.0684105982739013,0.3394851190575843,0.1530129562570634
303,303.0,0.069148541919871,0.0805349544888709,0.0569388821065633,0.1784428052460738,0.0524343680356129,0.0674778460377781,0.3413982460071067,0.153624356158123
304,304.0,0.069247675907883,0.0800757016728622,0.0566517168624548,0.1776122099863516,0.0525898345084846,0.0665950786843043,0.3430314199726019,0.1541963624050571
305,305.0,0.0693439424749881,0.0795584976040647,0.0563714109344522,0.1765464743834135,0.0527394731486071,0.0657458255867258,0.3446654734593563,0.155028902408392
306,306.0,0.0694581178537474,0.0790384557775454,0.0561123652493781,0.1756996156294767,0.0529141209367588,0.0649504031996627,0.3460079704933962,0.1558189508600344
307,307.0,0.0695657055801917,0.0784791513164153,0.0558640606670613,0.1749330097496131,0.0530784952996309,0.0641997764219091,0.3473382889987028,0.1565415119664753
308,308.0,0.0696603517107416,0.0775222808898692,0.055622855863652,0.1741558164139243,0.0532262428289307,0.0634875430439571,0.3487773794024491,0.1575475298464757
309,309.0,0.0697254905684142,0.0765081829147434,0.0553483558463678,0.1734706769895109,0.0533328931053096,0.0627740606413563,0.350015411908521,0.1588249280257765
310,310.0,0.0697606163502168,0.0754585346292384,0.0550505832682028,0.1729685902368805,0.0534038329727009,0.0620736474631386,0.3510502927333415,0.1602339023462803
311,311.0,0.069781508818811,0.0744049705345287,0.054734188491281,0.1724647866412593,0.0534580862844881,0.061771558299963,0.3518977359292842,0.1614871650003843
312,312.0,0.0687552842816182,0.0734663987477675,0.0548201259384441,0.1723581477171905,0.0538989625289494,0.0618999807052869,0.351662691256647,0.163138408824096
313,313.0,0.0677116654261063,0.072522105358144,0.0549047289030119,0.1726529529997155,0.0543050428323834,0.0616705545959705,0.3514687645190221,0.1647641853656459
314,314.0,0.0666716044296416,0.0715935983402101,0.0549893624094963,0.1731356814088357,0.0546922067117575,0.0614651714963338,0.3510890462005594,0.1663633290031652
315,315.0,0.0653655757041918,0.0706860558486498,0.0550718173728602,0.1740424402169816,0.0550572100315208,0.0612813932988419,0.3505710880990624,0.1679244194278911
316,316.0,0.0640929923581906,0.0698041085238586,0.0551770498501625,0.1750559268464038,0.0553938756949263,0.0611473776194218,0.350517913484427,0.1688107556226089
317,317.0,0.0628356550565033,0.0689358494175531,0.0552453297709956,0.1760634989484506,0.0559262023471637,0.0609989940254729,0.3505015685264345,0.1694929019074257
318,318.0,0.0616029384840526,0.0680795130844615,0.0552779975735921,0.1767861056265264,0.0563940702092385,0.0608368066567564,0.3507442234853272,0.1702783448800449
319,319.0,0.0604332273845563,0.0672834783701071,0.0553147332192651,0.1774982992183386,0.0568407457133878,0.0606995944146593,0.3509638718618126,0.1709660498178728
320,320.0,0.0593245170987375,0.0665284735397052,0.0553474483853299,0.1781799457498745,0.0572431589228457,0.0605782641423705,0.3512532534653166,0.1715449386958198
321,321.0,0.0582691503160941,0.065963488731377,0.0553689445206896,0.1791825230570617,0.0576013842966484,0.0604645286237803,0.3513389794387889,0.1718110010155596
322,322.0,0.057270778837454,0.0654321672642958,0.0553789386292504,0.1803711069385939,0.0576584484812437,0.0603569511710189,0.3514865933076302,0.1720450153705128
323,323.0,0.0565950800711631,0.0649439076122535,0.0553854111992463,0.1815725143148515,0.0576798140664757,0.0602652334119699,0.3513690564082319,0.1721889829158078
324,324.0,0.055977578568702,0.0644869513296337,0.0553795964198616,0.1827873805646475,0.0576608033384518,0.0601763283942389,0.3512214502622177,0.1723099111222467
325,325.0,0.055182808668685,0.0640825626046065,0.0553726919939088,0.18488517471951,0.0576199822781404,0.0601001652372569,0.3503941103588183,0.1723625041390739
326,326.0,0.0544411800288757,0.0636943829791612,0.0555932170555096,0.1870178116223489,0.0575337341279499,0.0600221637028957,0.3493065443654973,0.1723909661177614
327,327.0,0.0537572189024965,0.063327978876247,0.055793674793135,0.1890108386624153,0.0574097225334557,0.0599435723100622,0.3482537119098776,0.1725032820123104
328,328.0,0.0530279992400406,0.0628798143040808,0.0558658440446303,0.190667535841732,0.0571488055712367,0.0597567673550835,0.3482151702089761,0.1724380634342197
329,329.0,0.0523941224798878,0.0624903339491637,0.055980017257085,0.1916608019911045,0.0568959129058219,0.0596323813403489,0.3479079638168879,0.1730384662597001
330,330.0,0.0528163965097939,0.0621205976374807,0.0560722201660417,0.1923610683517285,0.056616626917314,0.0595065448421855,0.3469376037421504,0.1735689418333052
331,331.0,0.0532682813279346,0.0617546818434083,0.0561116824540566,0.19311534822167,0.056299535833035,0.0593483795188185,0.3458725395668706,0.1742295512342062
332,332.0,0.0537548582002119,0.0614075054590769,0.0561297321426494,0.1938273689051149,0.0559640160597518,0.0591889147674758,0.3449085141656277,0.1748190903000914
333,333.0,0.0549938115121674,0.0609876085690642,0.0560362085541334,0.1940792436879434,0.0555229723984175,0.0589375226485362,0.3441963148512735,0.1752463177784642
334,334.0,0.0562417458631694,0.0605861856924744,0.0559238404831099,0.1943397283558182,0.0550718374988873,0.058686317523644,0.3435468380754329,0.1756035065074638
335,335.0,0.0574881722949389,0.0602156061155185,0.0558026468111305,0.1946247305094997,0.0546229814038586,0.0584404958406965,0.3429045812145441,0.175900785809813
336,336.0,0.0587265949741131,0.0598819777290263,0.0556774612207948,0.1948092829381864,0.054186614834544,0.0582042449889684,0.3423668481568984,0.1761469751574686
337,337.0,0.0599408859309819,0.0595719107223488,0.0555413741608286,0.1949891773362937,0.0537573570568698,0.0579740289419701,0.3418891849618216,0.1763360808888854
338,338.0,0.0611206137639,0.0592846355493872,0.055395951012476,0.1950680327232531,0.0533379682603584,0.0577504552775523,0.3414844301161896,0.1765579132968832
339,339.0,0.0623429581780002,0.0590192678238335,0.0552427151896057,0.1950526570247636,0.052930854134737,0.057534027496763,0.341150489394915,0.176727030757382
340,340.0,0.0635063422345224,0.0585774471895065,0.0550770388659223,0.1949508320088876,0.0525319790506096,0.057319052143257,0.3411363965111783,0.1769009119961163
341,341.0,0.0646007508466719,0.0581529710694087,0.0549043005640154,0.1946352651430365,0.0521436797533575,0.0571063175460508,0.3413772013525116,0.1770795137249473
342,342.0,0.0656264504654746,0.0577578769796648,0.0547315838252211,0.1942469191179088,0.0518573090397733,0.0569019566070718,0.3416652872555223,0.1772126167093631
343,343.0,0.0665701303932429,0.0573707152486238,0.0545475244453865,0.1937849254868228,0.0515759666027976,0.0566971678266677,0.3421081862521983,0.1773453837442604
344,344.0,0.0675118020343935,0.0579014971619866,0.054353798700409,0.1923491800389885,0.0513004592026188,0.0564925605855522,0.3426127894709771,0.1774779128050742
345,345.0,0.0683708771394663,0.0584429347422715,0.0541570943577777,0.1909303304005582,0.0510365423384535,0.0562937653932281,0.3432036597248343,0.1775647959034103
346,346.0,0.0689135969320144,0.0590476714620854,0.0538779180367446,0.189391804623571,0.0507037430235566,0.0561015516763752,0.3437744415405319,0.1781892727051207
347,347.0,0.0693726275580279,0.0596341544347026,0.053595588207412,0.1879509052120781,0.0503803671376465,0.0560251918584681,0.3444415593132243,0.1785996062784403
348,348.0,0.0696754821296721,0.0603229106820741,0.053318263976308,0.1865598416642714,0.050073541466833,0.0559591211564405,0.3451237148432693,0.1789671240811313
349,349.0,0.0698985518772057,0.0609775522359377,0.0530401464209084,0.1854125612137191,0.0497764271707356,0.0558908115666506,0.3456657342071813,0.1793382153076614
350,350.0,0.0700507795041619,0.0616059778971979,0.0527673872609918,0.1842489108964541,0.049494139455374,0.0558241313910863,0.3463468123833947,0.1796618612113389
351,351.0,0.0701323470344561,0.062189804206942,0.0524968935037248,0.1830911946108843,0.0492225620916473,0.0557539740289524,0.3471260292992272,0.1799871952241656
352,352.0,0.0701550665333018,0.062739478624747,0.0522355494903486,0.1821492546303549,0.0489675782211703,0.0556879728001958,0.3477980459269214,0.1802670537729596
353,353.0,0.0701238985580794,0.063251662732069,0.0519843441426411,0.1812543371693728,0.0487292052712819,0.0556255559152183,0.3485287888056231,0.180502207405714
354,354.0,0.0700413625665668,0.0638763505688441,0.0517428324482634,0.1803999794292158,0.0485060630505139,0.0555624405647172,0.3491784024012522,0.1806925689706262
355,355.0,0.0699173354232832,0.064464498300737,0.0515175693342122,0.1795073503310051,0.0483038132132828,0.0555042509722309,0.3499396163257813,0.1808455660994671
356,356.0,0.0697552888780805,0.0650160843776255,0.051308647486605,0.1786782912121876,0.0481217016978099,0.0554498749742089,0.3507074927384078,0.1809626186350744
357,357.0,0.0695590118650852,0.0655246787563016,0.0511151412009988,0.1780861823901554,0.0479580062724021,0.0553957274248711,0.3513167284991573,0.181044523591028
358,358.0,0.0693308855732184,0.0659794019054329,0.0509323561596377,0.1776379654321628,0.0478842122184757,0.0553391046825644,0.3518074260501453,0.1810886479783622
359,359.0,0.0690765418536116,0.0665328991451481,0.0507612933077629,0.1772700676315219,0.0478223525662439,0.0553590874267834,0.352079420022258,0.1810983380466699
360,360.0,0.0688004172802491,0.0669321738067856,0.0506018413026683,0.1768726151777379,0.0477710140593651,0.0553777532652438,0.3524617424013884,0.1811824427065614
361,361.0,0.0685091451108596,0.067277869970175,0.0504550664444827,0.1765786280555615,0.0477306755528327,0.0553974876393079,0.3528126658300893,0.181238461396691
362,362.0,0.0682055356462225,0.0675685161548869,0.0503195321161163,0.1764344423162871,0.0476988710163533,0.0554152229222823,0.353093246357699,0.1812646334701523
363,363.0,0.0678910049557665,0.0678042862573792,0.0501937362165264,0.1763102760494262,0.0476726322309794,0.055426303875309,0.3534401191131745,0.1812616413014385
364,364.0,0.0675690332645854,0.0679869548996622,0.0500772843250201,0.1761064663027783,0.0477254378133944,0.0554302688070172,0.3537700102524228,0.1813345443351193
365,365.0,0.0672460871334323,0.0681203006669002,0.049971364373375,0.1761020025712595,0.0477835468176928,0.0554284139034944,0.3539648106150577,0.181383473918788
366,366.0,0.0667978333761452,0.0683439396875835,0.0498764828661313,0.1761467099593094,0.0478462540109102,0.0554225414613347,0.354152559726584,0.1814136789120014
367,367.0,0.0663546521931756,0.0685205690220099,0.0497904243365242,0.176154875717731,0.0479086961851885,0.0554108085920762,0.3544369275165429,0.1814230464367516
368,368.0,0.0660374585954708,0.0687683402194549,0.0499444432998139,0.1758737976483641,0.0480870113991554,0.0551275991778733,0.3542473978120008,0.1819139518478667
369,369.0,0.0657067346658689,0.0689478374873542,0.0500561730399082,0.175520015751553,0.0482374890727166,0.0548172276068075,0.3541185309400087,0.1825959914357827
370,370.0,0.0653870441520852,0.0691832923380381,0.0501700207279072,0.1751676670044269,0.0483810679107676,0.0545041117173022,0.3539611923297365,0.1832456038197362
371,371.0,0.0650598902477584,0.0693616075720547,0.0502439885715752,0.1749040521809017,0.048497795861809,0.054170713468111,0.3537053304339033,0.1840566216638866
372,372.0,0.0647483347274173,0.0695055495257452,0.0501917323615347,0.1746311686533542,0.048727170304468,0.0538410911205108,0.3535261871349961,0.1848287661719736
373,373.0,0.0644496269862063,0.0696930279034759,0.0501365635048778,0.1744828097398897,0.0489410505739777,0.0535150127694371,0.3531798743779489,0.1856020341441864
374,374.0,0.0641637956855385,0.069829402405254,0.0500786502179554,0.1742814352801797,0.0491368369634338,0.0531929561219871,0.3529435646319119,0.1863733586937393
375,375.0,0.0638907510817785,0.0701088478516254,0.0500172715835501,0.1740762644462969,0.049312390723353,0.0528748701909711,0.3527821389598928,0.1869374651625319
