,Unnamed: 0,Total_iterations,Intertwine_two,Invert_path_vertices,Insert_inside_vertex,Delete_inside_vertex,Replace_inside_vertex,Donate_between_routes,Trim_one_terminal_cb,Grow_one_terminal_cb
0,0.0,0.0,0.125,0.125,0.125,0.125,0.125,0.125,0.125,0.125
1,1.0,0.10900000000000001,0.125,0.125,0.125,0.125,0.125,0.125,0.125,0.125
2,2.0,0.31601,0.125,0.125,0.125,0.125,0.125,0.125,0.125,0.125
3,3.0,0.6191589000000001,0.125,0.125,0.125,0.125,0.125,0.125,0.125,0.125
4,4.0,1.015801321,0.125,0.125,0.125,0.125,0.125,0.125,0.125,0.125
5,5.0,1.50262148669,0.125,0.125,0.125,0.125,0.125,0.125,0.125,0.125
6,6.0,2.0757334209441005,0.125,0.125,0.125,0.125,0.125,0.125,0.125,0.125
7,7.0,2.7307768275633495,0.125,0.125,0.125,0.125,0.125,0.125,0.125,0.125
8,8.0,3.4630081252450404,0.125,0.125,0.125,0.125,0.125,0.125,0.125,0.125
9,9.0,4.2673862119061114,0.125,0.125,0.125,0.125,0.125,0.125,0.125,0.125
10,10.0,5.138652627782014,0.125,0.125,0.125,0.125,0.125,0.125,0.125,0.125
11,11.0,6.071405875792507,0.125,0.125,0.125,0.125,0.125,0.125,0.125,0.125
12,12.0,7.060169740244025,0.125,0.125,0.125,0.125,0.125,0.125,0.125,0.125
13,13.0,8.099455520847952,0.125,0.125,0.125,0.125,0.125,0.125,0.125,0.125
14,14.0,9.183818168183006,0.125,0.125,0.125,0.125,0.125,0.125,0.125,0.125
15,15.0,10.307906369102724,0.125,0.125,0.125,0.125,0.125,0.125,0.125,0.125
16,16.0,11.466506686239443,0.125,0.125,0.125,0.125,0.125,0.125,0.125,0.125
17,17.0,12.654581904800096,0.125,0.125,0.125,0.125,0.125,0.125,0.125,0.125
18,18.0,13.867303782456686,0.125,0.125,0.125,0.125,0.125,0.125,0.125,0.125
19,19.0,15.100080434523047,0.125,0.125,0.125,0.125,0.125,0.125,0.125,0.125
20,20.0,16.348578617037543,0.125,0.125,0.125,0.125,0.125,0.125,0.125,0.125
21,21.0,17.608741195130214,0.125,0.125,0.125,0.125,0.125,0.125,0.125,0.125
22,22.0,18.876800103462312,0.125,0.125,0.125,0.125,0.125,0.125,0.125,0.125
23,23.0,20.14928511992658,0.125,0.125,0.125,0.125,0.125,0.125,0.125,0.125
24,24.0,21.423028783545156,0.125,0.125,0.125,0.125,0.125,0.125,0.125,0.125
25,25.0,22.695167792966423,0.125,0.125,0.125,0.125,0.125,0.125,0.125,0.125
26,26.0,23.963141223515898,0.125,0.125,0.125,0.125,0.125,0.125,0.125,0.125
27,27.0,25.224685898775267,0.125,0.125,0.125,0.125,0.125,0.125,0.125,0.125
28,28.0,26.477829247520948,0.125,0.125,0.125,0.125,0.125,0.125,0.125,0.125
29,29.0,27.720879968916847,0.125,0.125,0.125,0.125,0.125,0.125,0.125,0.125
30,30.0,28.95241681848399,0.125,0.125,0.125,0.125,0.125,0.125,0.125,0.125
31,31.0,30.17127581490958,0.125,0.125,0.125,0.125,0.125,0.125,0.125,0.125
32,32.0,31.376536153543515,0.125,0.125,0.125,0.125,0.125,0.125,0.125,0.125
33,33.0,32.567505096778625,0.125,0.125,0.125,0.125,0.125,0.125,0.125,0.125
34,34.0,33.74370209472243,0.125,0.125,0.125,0.125,0.125,0.125,0.125,0.125
35,35.0,34.90484237192463,0.125,0.125,0.125,0.125,0.125,0.125,0.125,0.125
36,36.0,36.05082019768737,0.125,0.125,0.125,0.125,0.125,0.125,0.125,0.125
37,37.0,37.18169203889697,0.125,0.125,0.125,0.125,0.125,0.125,0.125,0.125
38,38.0,38.29765977559663,0.125,0.125,0.125,0.125,0.125,0.125,0.125,0.125
39,39.0,39.399054140870355,0.125,0.125,0.125,0.125,0.125,0.125,0.125,0.125
40,40.0,40.48631852820801,0.125,0.125,0.125,0.125,0.125,0.125,0.125,0.125
41,41.0,41.55999329152982,0.125,0.125,0.125,0.125,0.125,0.125,0.125,0.125
42,42.0,42.62070064560415,0.125,0.125,0.125,0.125,0.125,0.125,0.125,0.125
43,43.0,43.669130257815,0.125,0.125,0.125,0.125,0.125,0.125,0.125,0.125
44,44.0,44.70602560622662,0.125,0.125,0.125,0.125,0.125,0.125,0.125,0.125
45,45.0,45.73217116373481,0.125,0.125,0.125,0.125,0.125,0.125,0.125,0.125
46,46.0,46.748380453854836,0.125,0.125,0.125,0.125,0.125,0.125,0.125,0.125
47,47.0,47.755485010424316,0.125,0.125,0.125,0.125,0.125,0.125,0.125,0.125
48,48.0,48.7543242612326,0.125,0.125,0.125,0.125,0.125,0.125,0.125,0.125
49,49.0,49.745736344347726,0.125,0.125,0.125,0.125,0.125,0.125,0.125,0.125
50,50.0,50.730549855707864,0.125,0.125,0.125,0.125,0.125,0.125,0.125,0.125
51,51.0,51.70957651737491,0.125,0.125,0.125,0.125,0.125,0.125,0.125,0.125
52,52.0,52.68360474770151,0.125,0.125,0.125,0.125,0.125,0.125,0.125,0.125
53,53.0,53.65339410751842,0.125,0.125,0.125,0.125,0.125,0.125,0.125,0.125
54,54.0,54.61967059027847,0.125,0.125,0.125,0.125,0.125,0.125,0.125,0.125
55,55.0,55.58312271885972,0.125,0.125,0.125,0.125,0.125,0.125,0.125,0.125
56,56.0,56.544398407394254,0.125,0.125,0.125,0.125,0.125,0.125,0.125,0.125
57,57.0,57.504102543001395,0.125,0.125,0.125,0.125,0.125,0.125,0.125,0.125
58,58.0,58.462795239617805,0.125,0.125,0.125,0.125,0.125,0.125,0.125,0.125
59,59.0,59.42099071417639,0.125,0.125,0.125,0.125,0.125,0.125,0.125,0.125
60,60.0,60.379156734137354,0.125,0.125,0.125,0.125,0.125,0.125,0.125,0.125
61,61.0,61.337714584760846,0.125,0.125,0.125,0.125,0.125,0.125,0.125,0.125
62,62.0,62.29703950447439,0.125,0.125,0.125,0.125,0.125,0.125,0.125,0.125
63,63.0,63.257461537171835,0.125,0.125,0.125,0.125,0.125,0.125,0.125,0.125
64,64.0,64.21926675122782,0.125,0.125,0.125,0.125,0.125,0.125,0.125,0.125
65,65.0,65.18269877636592,0.125,0.125,0.125,0.125,0.125,0.125,0.125,0.125
66,66.0,66.14796061122655,0.125,0.125,0.125,0.125,0.125,0.125,0.125,0.125
67,67.0,67.11521665648885,0.125,0.125,0.125,0.125,0.125,0.125,0.125,0.125
68,68.0,68.08459493066005,0.125,0.125,0.125,0.125,0.125,0.125,0.125,0.125
69,69.0,69.05618942810752,0.125,0.125,0.125,0.125,0.125,0.125,0.125,0.125
70,70.0,70.03006258152917,0.125,0.125,0.125,0.125,0.125,0.125,0.125,0.125
71,71.0,71.00624779379335,0.125,0.125,0.125,0.125,0.125,0.125,0.125,0.125
72,72.0,71.98475200689319,0.125,0.125,0.125,0.125,0.125,0.125,0.125,0.125
73,73.0,72.96555827861411,0.125,0.125,0.125,0.125,0.125,0.125,0.125,0.125
74,74.0,73.94862834037681,0.125,0.125,0.125,0.125,0.125,0.125,0.125,0.125
75,75.0,74.93390511255946,0.125,0.125,0.125,0.125,0.125,0.125,0.125,0.125
76,76.0,75.92131515639825,0.125,0.125,0.125,0.125,0.125,0.125,0.125,0.125
77,77.0,76.91077104428919,0.125,0.125,0.125,0.125,0.125,0.125,0.125,0.125
78,78.0,77.90217363294813,0.125,0.125,0.125,0.125,0.125,0.125,0.125,0.125
79,79.0,78.89541422641172,0.125,0.125,0.125,0.125,0.125,0.125,0.125,0.125
80,80.0,79.89037661826481,0.125,0.125,0.125,0.125,0.125,0.125,0.125,0.125
81,81.0,80.88693900474995,0.125,0.125,0.125,0.125,0.125,0.125,0.125,0.125
82,82.0,81.88497576253909,0.125,0.125,0.125,0.125,0.125,0.125,0.125,0.125
83,83.0,82.88435908692391,0.125,0.125,0.125,0.125,0.125,0.125,0.125,0.125
84,84.0,83.88496048800103,0.125,0.125,0.125,0.125,0.125,0.125,0.125,0.125
85,85.0,84.88665214409042,0.125,0.125,0.125,0.125,0.125,0.125,0.125,0.125
86,86.0,85.88930811312994,0.125,0.125,0.125,0.125,0.125,0.125,0.125,0.125
87,87.0,86.89280540413424,0.125,0.125,0.125,0.125,0.125,0.125,0.125,0.125
88,88.0,87.89702491199675,0.125,0.125,0.125,0.125,0.125,0.125,0.125,0.125
89,89.0,88.90185221995306,0.125,0.125,0.125,0.125,0.125,0.125,0.125,0.125
90,90.0,89.90717827491419,0.125,0.125,0.125,0.125,0.125,0.125,0.125,0.125
91,91.0,90.91289994163006,0.125,0.125,0.125,0.125,0.125,0.125,0.125,0.125
92,92.0,91.91892044225806,0.125,0.125,0.125,0.125,0.125,0.125,0.125,0.125
93,93.0,92.92514968840067,0.125,0.125,0.125,0.125,0.125,0.125,0.125,0.125
94,94.0,93.93150451304501,0.125,0.125,0.125,0.125,0.125,0.125,0.125,0.125
95,95.0,94.94790881009449,0.125,0.125,0.125,0.125,0.125,0.125,0.125,0.125
96,96.0,95.96419358933805,0.125,0.125,0.125,0.125,0.125,0.125,0.125,0.125
97,97.0,96.9802079547639,0.125,0.125,0.125,0.125,0.125,0.125,0.125,0.125
98,98.0,97.99581880409951,0.125,0.125,0.125,0.125,0.125,0.125,0.125,0.125
99,99.0,99.01091038046056,0.125,0.125,0.125,0.125,0.125,0.125,0.125,0.125
100,100.0,100.0353836953809,0.125,0.125,0.125,0.125,0.125,0.125,0.125,0.125
101,101.0,101.05905584185541,0.125,0.125,0.125,0.125,0.125,0.125,0.125,0.125
102,102.0,102.0817702152639,0.125,0.125,0.125,0.125,0.125,0.125,0.125,0.125
103,103.0,103.10339544917892,0.125,0.125,0.125,0.125,0.125,0.125,0.125,0.125
104,104.0,104.12382420521064,0.125,0.125,0.125,0.125,0.125,0.125,0.125,0.125
105,105.0,105.14297184358708,0.125,0.125,0.125,0.125,0.125,0.125,0.125,0.125
106,106.0,106.16077499969002,0.125,0.125,0.125,0.125,0.125,0.125,0.125,0.125
107,107.0,107.17719009018575,0.125,0.125,0.125,0.125,0.125,0.125,0.125,0.125
108,108.0,108.19219177073006,0.125,0.125,0.125,0.125,0.125,0.125,0.125,0.125
109,109.0,109.20577136551263,0.125,0.125,0.125,0.125,0.125,0.125,0.125,0.125
110,110.0,110.21793528716181,0.125,0.125,0.125,0.125,0.125,0.125,0.125,0.125
111,111.0,111.22870346377447,0.125,0.125,0.125,0.125,0.125,0.125,0.125,0.125
112,112.0,112.2381077880881,0.125,0.125,0.125,0.125,0.125,0.125,0.125,0.125
113,113.0,113.24619060208948,0.125,0.125,0.125,0.125,0.125,0.125,0.125,0.125
114,114.0,114.25300322866985,0.125,0.125,0.125,0.125,0.125,0.125,0.125,0.125
115,115.0,115.25860456030547,0.125,0.125,0.125,0.125,0.125,0.125,0.125,0.125
116,116.0,116.26305971317448,0.125,0.125,0.125,0.125,0.125,0.125,0.125,0.125
117,117.0,117.26643875362485,0.125,0.125,0.125,0.125,0.125,0.125,0.125,0.125
118,118.0,118.26881550249394,0.125,0.125,0.125,0.125,0.125,0.125,0.125,0.125
119,119.0,119.27026642145117,0.125,0.125,0.125,0.125,0.125,0.125,0.125,0.125
120,120.0,120.27086958429817,0.125,0.125,0.125,0.125,0.125,0.125,0.125,0.125
121,121.0,121.27070373501749,0.125,0.125,0.125,0.125,0.125,0.125,0.125,0.125
122,122.0,122.26984743331471,0.125,0.125,0.125,0.125,0.125,0.125,0.125,0.125
123,123.0,123.26837828744905,0.125,0.125,0.125,0.125,0.125,0.125,0.125,0.125
124,124.0,124.26637227329547,0.125,0.125,0.125,0.125,0.125,0.125,0.125,0.125
125,125.0,125.2639031378243,0.125,0.125,0.125,0.125,0.125,0.125,0.125,0.125
126,126.0,126.261041884522,0.125,0.125,0.125,0.125,0.125,0.125,0.125,0.125
127,127.0,127.25785633770471,0.125,0.125,0.125,0.125,0.125,0.125,0.125,0.125
128,128.0,128.2544107821921,0.125,0.125,0.125,0.125,0.125,0.125,0.125,0.125
129,129.0,129.25076567440885,0.125,0.125,0.125,0.125,0.125,0.125,0.125,0.125
130,130.0,130.24697742065985,0.125,0.125,0.125,0.125,0.125,0.125,0.125,0.125
131,131.0,131.24309821807913,0.125,0.125,0.125,0.125,0.125,0.125,0.125,0.125
132,132.0,132.23917595357568,0.125,0.125,0.125,0.125,0.125,0.125,0.125,0.125
133,133.0,133.23525415598684,0.125,0.125,0.125,0.125,0.125,0.125,0.125,0.125
134,134.0,134.23137199659698,0.125,0.125,0.125,0.125,0.125,0.125,0.125,0.125
135,135.0,135.22756433318014,0.125,0.125,0.125,0.125,0.125,0.125,0.125,0.125
136,136.0,136.2238617927732,0.125,0.125,0.125,0.125,0.125,0.125,0.125,0.125
137,137.0,137.2202908884792,0.125,0.125,0.125,0.125,0.125,0.125,0.125,0.125
138,138.0,138.21687416572982,0.125,0.125,0.125,0.125,0.125,0.125,0.125,0.125
139,139.0,139.21363037359808,0.125,0.125,0.125,0.125,0.125,0.125,0.125,0.125
140,140.0,140.21057465694355,0.125,0.125,0.125,0.125,0.125,0.125,0.125,0.125
141,141.0,141.20771876538504,0.125,0.125,0.125,0.125,0.125,0.125,0.125,0.125
142,142.0,142.20507127532852,0.125,0.125,0.125,0.125,0.125,0.125,0.125,0.125
143,143.0,143.20263782152435,0.125,0.125,0.125,0.125,0.125,0.125,0.125,0.125
144,144.0,144.20042133488536,0.125,0.125,0.125,0.125,0.125,0.125,0.125,0.125
145,145.0,145.19842228356143,0.125,0.125,0.125,0.125,0.125,0.125,0.125,0.125
146,146.0,146.19663891453428,0.125,0.125,0.125,0.125,0.125,0.125,0.125,0.125
147,147.0,147.1950674932645,0.125,0.125,0.125,0.125,0.125,0.125,0.125,0.125
148,148.0,148.19370253918905,0.125,0.125,0.125,0.125,0.125,0.125,0.125,0.125
149,149.0,149.19253705512924,0.125,0.125,0.125,0.125,0.125,0.125,0.125,0.125
150,150.0,150.19156274892413,0.125,0.125,0.125,0.125,0.125,0.125,0.125,0.125
151,151.0,151.1907702458503,0.125,0.125,0.125,0.125,0.125,0.125,0.125,0.125
152,152.0,152.19014929062533,0.125,0.125,0.125,0.125,0.125,0.125,0.125,0.125
153,153.0,153.18968893801662,0.125,0.125,0.125,0.125,0.125,0.125,0.125,0.125
154,154.0,154.18937773128857,0.125,0.125,0.125,0.125,0.125,0.125,0.125,0.125
155,155.0,155.1892038679205,0.125,0.125,0.125,0.125,0.125,0.125,0.125,0.125
156,156.0,156.18915535221,0.125,0.125,0.125,0.125,0.125,0.125,0.125,0.125
157,157.0,157.18922013454846,0.125,0.125,0.125,0.125,0.125,0.125,0.125,0.125
158,158.0,158.1893862373076,0.125,0.125,0.125,0.125,0.125,0.125,0.125,0.125
159,159.0,159.18964186741772,0.125,0.125,0.125,0.125,0.125,0.125,0.125,0.125
160,160.0,160.1899755158427,0.125,0.125,0.125,0.125,0.125,0.125,0.125,0.125
161,161.0,161.1903760442667,0.125,0.125,0.125,0.125,0.125,0.125,0.125,0.125
162,162.0,162.19083275940565,0.125,0.125,0.125,0.125,0.125,0.125,0.125,0.125
163,163.0,163.19133547543666,0.125,0.125,0.125,0.125,0.125,0.125,0.125,0.125
164,164.0,164.1918745651102,0.125,0.125,0.125,0.125,0.125,0.125,0.125,0.125
165,165.0,165.19244100016527,0.125,0.125,0.125,0.125,0.125,0.125,0.125,0.125
166,166.0,166.19302638171322,0.125,0.125,0.125,0.125,0.125,0.125,0.125,0.125
167,167.0,167.1936229612892,0.125,0.125,0.125,0.125,0.125,0.125,0.125,0.125
168,168.0,168.1942236532947,0.125,0.125,0.125,0.125,0.125,0.125,0.125,0.125
169,169.0,169.1948220395667,0.125,0.125,0.125,0.125,0.125,0.125,0.125,0.125
170,170.0,170.19541236681587,0.125,0.125,0.125,0.125,0.125,0.125,0.125,0.125
171,171.0,171.19598953767195,0.125,0.125,0.125,0.125,0.125,0.125,0.125,0.125
172,172.0,172.1965490960657,0.125,0.125,0.125,0.125,0.125,0.125,0.125,0.125
173,173.0,173.1970872076594,0.125,0.125,0.125,0.125,0.125,0.125,0.125,0.125
174,174.0,174.1976006360171,0.125,0.125,0.125,0.125,0.125,0.125,0.125,0.125
175,175.0,175.19808671517893,0.125,0.125,0.125,0.125,0.125,0.125,0.125,0.125
176,176.0,176.19854331927277,0.125,0.125,0.125,0.125,0.125,0.125,0.125,0.125
177,177.0,177.19896882976448,0.125,0.125,0.125,0.125,0.125,0.125,0.125,0.125
178,178.0,178.19936210090938,0.125,0.125,0.125,0.125,0.125,0.125,0.125,0.125
179,179.0,179.1997224239307,0.125,0.125,0.125,0.125,0.125,0.125,0.125,0.125
180,180.0,180.2000494904106,0.125,0.125,0.125,0.125,0.125,0.125,0.125,0.125
181,181.0,181.2003433553384,0.125,0.125,0.125,0.125,0.125,0.125,0.125,0.125
182,182.0,182.20060440022002,0.125,0.125,0.125,0.125,0.125,0.125,0.125,0.125
183,183.0,183.20083329661128,0.125,0.125,0.125,0.125,0.125,0.125,0.125,0.125
184,184.0,184.20103097039728,0.125,0.125,0.125,0.125,0.125,0.125,0.125,0.125
185,185.0,185.20119856710076,0.125,0.125,0.125,0.125,0.125,0.125,0.125,0.125
186,186.0,186.20133741846288,0.125,0.125,0.125,0.125,0.125,0.125,0.125,0.125
187,187.0,187.20144901050415,0.125,0.125,0.125,0.125,0.125,0.125,0.125,0.125
188,188.0,188.20153495323623,0.125,0.125,0.125,0.125,0.125,0.125,0.125,0.125
189,189.0,189.20159695216273,0.125,0.125,0.125,0.125,0.125,0.125,0.125,0.125
190,190.0,190.20163678167498,0.125,0.125,0.125,0.125,0.125,0.125,0.125,0.125
191,191.0,191.20165626041927,0.125,0.125,0.125,0.125,0.125,0.125,0.125,0.125
192,192.0,192.20165722868492,0.125,0.125,0.125,0.125,0.125,0.125,0.125,0.125
193,193.0,193.20164152783715,0.125,0.125,0.125,0.125,0.125,0.125,0.125,0.125
194,194.0,194.2016109817958,0.125,0.125,0.125,0.125,0.125,0.125,0.125,0.125
195,195.0,195.20156738054064,0.125,0.125,0.125,0.125,0.125,0.125,0.125,0.125
196,196.0,196.2015124656056,0.125,0.125,0.125,0.125,0.125,0.125,0.125,0.125
197,197.0,197.20144791750798,0.125,0.125,0.125,0.125,0.125,0.125,0.125,0.125
198,198.0,198.20137534504502,0.125,0.125,0.125,0.125,0.125,0.125,0.125,0.125
199,199.0,199.20129627637795,0.125,0.125,0.125,0.125,0.125,0.125,0.125,0.125
200,200.0,200.20121215181382,0.12444444444444444,0.12444444444444444,0.12444444444444444,0.12555555555555556,0.12555555555555556,0.12444444444444444,0.12555555555555556,0.12555555555555556
201,201.0,201.20112431818794,0.12378333333333333,0.12378333333333333,0.12378333333333333,0.12588333333333335,0.12599444444444446,0.12378333333333333,0.12599444444444446,0.12699444444444447
202,202.0,202.20103402474277,0.12299494444444445,0.12410605555555555,0.12299494444444445,0.12606394444444446,0.12628505555555558,0.12299494444444445,0.12628505555555558,0.12827505555555557
203,203.0,203.20094242039468,0.12200266722222222,0.12410266722222221,0.12300266722222222,0.12601307722222224,0.12634208833333335,0.12200266722222222,0.12623097722222223,0.13030318833333335
204,204.0,204.20085055227747,0.12185499509040404,0.12392399509040403,0.12293590418131313,0.12586347908131315,0.12629742119242426,0.12094590418131314,0.12607631008131315,0.13210199110151516
205,205.0,205.20075936544922,0.12173258062490405,0.12375299062490402,0.12288458971581313,0.12570833727681316,0.12624348897792426,0.11992348971581314,0.12591447786681315,0.13384004519701515
206,206.0,206.20066970364928,0.12154321311283632,0.1225905971037454,0.12275678302192723,0.12718612122948997,0.12609084842842835,0.11885130402192724,0.12565690631731724,0.13532422676432831
207,207.0,207.20058231099284,0.12068285527135206,0.12075313292326115,0.1209487851268066,0.12995158880692742,0.12523827052030484,0.11713241981680661,0.12536978548586036,0.13992316204868105
208,208.0,208.2004978344921,0.12067039152998955,0.11886057070027956,0.11908078603861683,0.13249149878905692,0.1242983656775886,0.11538278670271684,0.12490212332713503,0.14431347723461677
209,209.0,209.20041682729652,0.12038176317675633,0.11770098222491657,0.11710776889784977,0.13549694722952735,0.12421956867246911,0.11355327893199879,0.12421301423181896,0.14732667663466326
210,210.0,210.20033975254756,0.11995353356243242,0.11643236297686091,0.1150296626508678,0.13800496216173627,0.12563776881245,0.11163987601771942,0.12336937277240317,0.14993246104553015
211,211.0,211.200266987748,0.12018331573864074,0.11508844208600227,0.11288789713090207,0.14006456576154672,0.12669724288977996,0.10968024136351752,0.12240522846003166,0.1529930665695792
212,212.0,212.2001988295509,0.11936514856670384,0.1136329128682535,0.11071708242727714,0.14171640339260072,0.12756920616588813,0.10770542099675387,0.12366594934680003,0.1556278762357229
213,213.0,213.200135498878,0.11902134931249628,0.11203471489170451,0.10848230779587134,0.14280341459414467,0.12820599778044334,0.10567715788282847,0.12454098382846875,0.1592340739140428
214,214.0,214.20007714628366,0.11848117925004728,0.1103866427995466,0.10627303126149112,0.1435515232524255,0.12935333841202673,0.10368179321331104,0.12523927107985194,0.1630332207312999
215,215.0,215.2000238574859,0.11791830353443183,0.10877843395503149,0.10413420786768982,0.14402051765606586,0.13041161184053177,0.10176140287836805,0.12648166778662923,0.16649385448125212
216,216.0,216.19997565899305,0.11790335042585168,0.10715991305956897,0.10201790947207648,0.14411090866378273,0.13118866586150504,0.09986542228562041,0.1281189214537758,0.16963490877781906
217,217.0,217.19993252375957,0.11776776586092483,0.10557041460520886,0.09996516463678888,0.14508154992551792,0.1318055898629927,0.0980324883447765,0.12944243198260608,0.1723345947811844
218,218.0,218.1998943768118,0.11747198456030389,0.10396913006828912,0.09793634419005193,0.14628118077104654,0.13210894472967494,0.09680905976007666,0.13041988699077067,0.1750034689297864
219,219.0,219.1998611007907,0.1159186923859524,0.1019232819472415,0.0961660416089512,0.14802216075989102,0.13260949130203054,0.09580102648995874,0.1314612878439465,0.1780980176620283
220,220.0,220.19983254136383,0.1142352427815084,0.09988385451621071,0.09554328867836663,0.14927618827804032,0.13174336070307632,0.09478317076881118,0.1334180273727201,0.18111686690126652
221,221.0,221.199808512466,0.11258023092529681,0.097951976498724,0.09504093448077108,0.14957525404058664,0.13081863499237012,0.09384802991716706,0.1363637353726592,0.18382120377242528
222,222.0,222.19978880133328,0.1109434283239638,0.09611227689650911,0.09462802784774886,0.14967790366571543,0.12973124800586333,0.09299643323002607,0.13979073460837715,0.1861199474217964
223,223.0,223.1997731733005,0.10870565191930467,0.09471639518152133,0.0940549118193316,0.14937497449313938,0.12837699053465187,0.09207100257526962,0.14332456247187544,0.18937551100490624
224,224.0,224.19976137633802,0.10640898660869075,0.09329330168496346,0.09336203915742597,0.14930776823471636,0.12680717254314575,0.09109776895898247,0.14769335111942378,0.19202961169265165
225,225.0,225.19975314530842,0.10419691202656663,0.09197429028433182,0.09276475652456108,0.1490705559174694,0.12523984882462072,0.09020558677785429,0.15216985846012446,0.19437819118447178
226,226.0,226.19974820592867,0.10203514141752139,0.09073767459870226,0.09223533883958782,0.14858582527139444,0.12364249476058074,0.08937080442484262,0.15665553983433445,0.19673718085303643
227,227.0,227.1997462784276,0.09986370929530655,0.08951088254977568,0.09162019986399456,0.14820474046500876,0.12195753413118662,0.08851933107701074,0.16055774543678078,0.1997658571809364
228,228.0,228.19974708089237,0.0977152720715548,0.08885086605415507,0.09092863779029156,0.14752740218641466,0.12015519366123714,0.08765146137154745,0.16419297061225582,0.20297819625254362
229,229.0,229.19975033230173,0.09599732475324554,0.08821561169505295,0.0902706054567868,0.14709328871286456,0.11828351849095319,0.0868148173809393,0.1672637206054955,0.20606111290466225
230,230.0,230.19975575524714,0.09442537391450814,0.0877050549682617,0.09047548384558529,0.1466357511784667,0.11649549984584227,0.08608438634998641,0.1693083665870102,0.20887008331033935
231,231.0,231.19976307834557,0.09291913933437272,0.08670411580694438,0.09058456273019834,0.14602739723033967,0.11473247969166564,0.08537545121163269,0.17197236106144587,0.21168449293340075
232,232.0,232.19977203835066,0.0921547888832162,0.08574653654046221,0.09061141526866168,0.14563358808318888,0.11301100937367191,0.08469396221177086,0.17414022510441363,0.2140084745346147
233,233.0,233.19978238197174,0.09150781377744699,0.08487959309679124,0.09069215648974586,0.14515536235659837,0.11138659524524867,0.0840860257513451,0.17625401462930382,0.21603843865351996
234,234.0,234.19979386741102,0.09099363588875649,0.08412358098325945,0.09083093494056418,0.1446783577588815,0.10987612065630933,0.08357105559618849,0.17812213712370978,0.2178041770523308
235,235.0,235.19980626563228,0.09060411727432371,0.08347496718798826,0.09102055911363505,0.14420722222312807,0.10848329639879488,0.08314490481732566,0.18008381139906923,0.21898112158573518
236,236.0,236.19981936137506,0.0903711013211671,0.0829699121454042,0.0913052150114744,0.1442410700450321,0.10679705621378019,0.08284336711321573,0.18190720591870047,0.21956507223122587
237,237.0,237.1998329539298,0.09019205417833602,0.08250989678630982,0.09158374238407889,0.14438470943319057,0.10516007049510197,0.08256778280906997,0.183228640380723,0.22037310353318978
238,238.0,238.19984685768978,0.09011092636222245,0.0821425742219433,0.091892453155597,0.14453470254108122,0.10365167976337028,0.08236586933392961,0.18432975963413334,0.22097203498772275
239,239.0,239.19986090249688,0.0900997978243764,0.08184340900453616,0.09221577218145252,0.1446036867929247,0.10226463873023808,0.08221333934570614,0.18483648299715755,0.22192287312360842
240,240.0,240.1998749337983,0.09012176029887016,0.08157855742808712,0.0925193757511725,0.14447860480919103,0.10146812916478795,0.08237087781916955,0.1849283645964771,0.22253433013224458
241,241.0,241.1998888126316,0.09017252111778443,0.08134647270232447,0.0928018174037031,0.1441766762945434,0.10071068104493595,0.0825320293377786,0.18492595451363047,0.22333384758529956
242,242.0,242.19990241545523,0.09072401103594242,0.08114532671070111,0.0930618901182283,0.14399252036732682,0.09999521328474478,0.08269357532037018,0.18456764847183738,0.223819814690849
243,243.0,243.19991563384195,0.09092857095216691,0.08063218219786454,0.09295773986991321,0.14467727343914247,0.09898275943392715,0.08251164136850062,0.1856336783684696,0.22367615437001545
244,244.0,244.19992837405158,0.0910881586749573,0.08009320034905221,0.09277701596428947,0.1451395932725546,0.09800228918577937,0.08310520241767917,0.18647968606287518,0.22331485407281265
245,245.0,245.19994055649974,0.0912336386722183,0.07958408068798885,0.0925772554781297,0.14586596700541477,0.09706895566280185,0.08368815282860176,0.18727140062225872,0.22271054904258603
246,246.0,246.1999521151381,0.09139986527522723,0.07912403998994234,0.09237980885369758,0.14651698014978423,0.09624040082958549,0.08427249857650057,0.18806644153664967,0.22199996478861286
247,247.0,247.19996299676123,0.09154621301290847,0.07869399816314973,0.09216797489882932,0.14698167967883072,0.09545975620919298,0.0848331557375509,0.18922541120611067,0.2210918110934272
248,248.0,248.19997316025444,0.09168345726649291,0.07830586902966907,0.09195043617215466,0.14772675409453306,0.09473443807490219,0.08538298769462066,0.1901978173376907,0.22001824032993678
249,249.0,249.1999825757958,0.09181036671108517,0.07795895799611936,0.09172955392273639,0.14872363824099172,0.09406501311329199,0.08591719403315257,0.1909910537623236,0.21880422222029922
250,250.0,250.19999122402504,0.09194278363897254,0.07765484411483085,0.09151591027826005,0.14962987952514417,0.09348831751731976,0.08642841980267381,0.19178663372042543,0.2175532114023734
251,251.0,251.19999909519112,0.09201410933299585,0.0773275650098395,0.09124650463284951,0.1513159574236989,0.09293643212455471,0.08678471382101273,0.19215771358170802,0.21621700407334074
252,252.0,252.20000618828865,0.09204245368975716,0.07699542402472141,0.09093733788450391,0.1535000865302194,0.09242012541005537,0.08701845099471167,0.19226090886697725,0.21482521259905382
253,253.0,253.20001251019357,0.09207071112434129,0.07670110848226667,0.09063964294818858,0.15578524813072736,0.09198516771032854,0.08722259449861225,0.192154048659566,0.21344147844596933
254,254.0,254.20001807480605,0.09209802048659098,0.07644319172560436,0.09035495595804907,0.1579256614260628,0.0916274800668797,0.0873971813626116,0.1920749693847182,0.21207853958948333
255,255.0,255.20002290220924,0.09212363256345929,0.07622004211706396,0.09008453752604027,0.1599109715538423,0.09134262688718656,0.08682827927778733,0.1927422496494485,0.21074766042517187
256,256.0,256.20002701785,0.09214690592108757,0.07602985939629057,0.08982938745985515,0.16173350547977494,0.09112589573585644,0.086237950740285,0.19343782901220388,0.20945866625464654
257,257.0,257.20003045174815,0.09246188160795965,0.0759986219451847,0.08838040752149835,0.1634174597075076,0.09109585215282488,0.0857657777364278,0.19570319704377132,0.20717680228482582
258,258.0,258.2000332377391,0.09280869306737416,0.07588897027515158,0.08685412578554508,0.16532232051588053,0.09101678310506676,0.08517845648263726,0.19813792390913537,0.20479272685920938
259,259.0,259.2000354127535,0.09315405194627158,0.07581301335588085,0.08537271691850895,0.1671000132868638,0.09099356349892677,0.08460053540924334,0.20046872972958515,0.2024973758547197
260,260.0,260.20003701613894,0.09335576102502577,0.0756292523926001,0.08380761883327971,0.1686065890075977,0.0908819516974156,0.08500907593116251,0.20331304043174947,0.19939671068116932
261,261.0,261.2000380890244,0.09410604398933592,0.07537509223715516,0.08221188997102127,0.16989338626603281,0.0907209415765778,0.08532188162077607,0.20604714870110136,0.19632361563799983
262,262.0,262.2000386737311,0.09483090750621898,0.07514214299097996,0.08068683438076302,0.17099359033520514,0.09059936675225824,0.08582717138304066,0.20853163830622556,0.19338834834530866
263,263.0,263.2000388132298,0.09552490058752972,0.07493011685712986,0.0792403871919678,0.17191163320323322,0.09051425134380864,0.08631597804672199,0.21095650216787376,0.19060623060173523
264,264.0,264.20003855064635,0.09615076662554974,0.07470587939254847,0.07784623097051502,0.17249001461383878,0.09042987949786421,0.08675141680727887,0.21366896452846385,0.18795684756394127
265,265.0,265.20003792881477,0.096659564040126,0.07523940280900551,0.07674987743130368,0.17167005155344697,0.08937980644812621,0.087381450312312,0.2178025910711353,0.18511725633454448
266,266.0,266.2000369898782,0.09691946778353036,0.07576598134663354,0.07572259961442906,0.17081074447892008,0.08834480485853242,0.08797040852525072,0.22202536371883663,0.18244062967386734
267,267.0,267.2000357749365,0.09695783697740651,0.0766393513662965,0.07512969883120822,0.1701068113410324,0.08692642293511561,0.08886756015748307,0.22584217566366208,0.17953014272779583
268,268.0,268.20003432373966,0.09693816684824172,0.07748414127254118,0.07460193609683051,0.16916513384282894,0.08553775993352247,0.08970069868815302,0.22977329952052206,0.17679886379736032
269,269.0,269.2000326744251,0.0968725308875914,0.0783008340356066,0.07414100343762701,0.16851953621010732,0.08419265879545815,0.08936914509713473,0.23434517846230182,0.17425911307417316
270,270.0,270.2000308632977,0.0966480545939962,0.07896594499796565,0.07363006673182494,0.16755498488424328,0.08278545390510303,0.08886782268155881,0.23974529740141426,0.17180237480389404
271,271.0,271.2000289246501,0.096388597988983,0.0795937124553618,0.0731819366734083,0.1668731656753459,0.08143912860885587,0.08833051337939382,0.2446453291724504,0.16954761604620103
272,272.0,272.20002689062073,0.09597617296402687,0.08005751237800053,0.07267397994575264,0.16681353349674266,0.08004022424779825,0.08763561476010998,0.2485438346030096,0.16825912760455963
273,273.0,273.2000247910881,0.09550675835187677,0.08127899459396963,0.07219402727772162,0.1669234651259261,0.07868475626668502,0.08688197097380086,0.2518989181955604,0.16663110921445975
274,274.0,274.20002265359784,0.09492484420969198,0.0822638546505185,0.07167837999686705,0.16839253851133598,0.07731623791416684,0.08601667941831925,0.2546064176030879,0.16480104769601264
275,275.0,275.2000205033207,0.09417788611026484,0.08367320029514046,0.07106635046027761,0.16973638068567726,0.07588024583390714,0.08515903590066654,0.2566862944996803,0.163620606214386
276,276.0,276.200018363038,0.0933449157283143,0.08491192416695936,0.07042612484598133,0.17143913557605234,0.07507531497657134,0.08422462745917894,0.2580730016432391,0.16250495560370348
277,277.0,277.2000162531532,0.09234562614548462,0.0859069438735903,0.06967251202622138,0.17314240542904047,0.07415271083088756,0.08312476224395605,0.2611953583038978,0.16045968114692197
278,278.0,278.20001419172536,0.09130174707707756,0.08667254643863316,0.06891968161668303,0.1748613431260169,0.07326180976938289,0.08198151988124175,0.2644664727961824,0.15853487929478235
279,279.0,279.200012194523,0.09022863424517395,0.08722685648581635,0.068175726750534,0.17618095988799423,0.07182075827023127,0.08143557323048513,0.26760486196021116,0.15732662916955395
280,280.0,280.20001027509574,0.08913326417119072,0.08765378218320223,0.06744070190941157,0.1777190457099331,0.07042189614420953,0.08141848834760221,0.2702021308819785,0.15601069065247214
281,281.0,281.2000084448602,0.08790016037317348,0.08775960739012975,0.06659258444358684,0.17912775403656775,0.06894651317962745,0.08118236149197391,0.2734190677281994,0.15507195135674137
282,282.0,282.2000067131996,0.08660976184064441,0.08763053547617815,0.06570567107262358,0.18026455088376925,0.06747152157242217,0.08083200188488522,0.2767716976552547,0.15471425961422247
283,283.0,283.2000050875731,0.08527514850652844,0.08758916764700164,0.06478732453568631,0.18103336566601919,0.0660062461178691,0.08090276803742164,0.28005734565497103,0.15434863383450262
284,284.0,284.2000035736335,0.08409168779304298,0.08742648490003735,0.06387838121019002,0.1822256775544021,0.06459287755069673,0.08093232681419499,0.28279189932394105,0.1540606648534947
285,285.0,285.20000217535153,0.08295509758517144,0.08719138538949796,0.06354898743331289,0.18301471172786704,0.06327604030343241,0.08095954628197075,0.2856993989514899,0.15335483232725755
286,286.0,286.2000008951442,0.0818524258503412,0.0869320928224588,0.06325147883387562,0.1833180342856167,0.06203993047299809,0.08102292508451463,0.28934584267104374,0.15223726997915116
287,287.0,287.19999973400616,0.08074484567214706,0.08655224325591102,0.06290902808706995,0.18395402275422548,0.06083853831243016,0.08126691093285973,0.29228036353534204,0.15145404745001448
288,288.0,288.1999986916419,0.07965235838418677,0.0860580775016987,0.06256581359985604,0.18455433240013894,0.059692981450576624,0.08089307020086657,0.2956803480384902,0.1509030184241861
289,289.0,289.1999977665977,0.07859102928460288,0.08549020732973237,0.06223229104222782,0.18472356528081316,0.058616079077265536,0.08047292973103401,0.29946055631303314,0.15041334194129102
290,290.0,290.19999695639183,0.07754354176361776,0.08483667573599747,0.06186249347374269,0.18439533791614368,0.05758721131812497,0.08027856928149765,0.3036797715911188,0.1498163989197569
291,291.0,291.1999962576427,0.07650897232435852,0.0840842677162887,0.061453799755009336,0.18373310286805264,0.05660213322338387,0.07944170585624451,0.3084405727474371,0.14973544550922527
292,292.0,292.19999566619197,0.07549839623649222,0.08374218362432927,0.06103596601610272,0.18276855506038286,0.055668615665932,0.07855220072299948,0.31308027802140237,0.149653804652359
293,293.0,293.1999951772244,0.07452308284972602,0.08325223491502455,0.06061431542117448,0.18175283726228572,0.05529106859236019,0.07762491099745661,0.31721895763486696,0.14972259232710544
294,294.0,294.1999947853814,0.07356641148881035,0.08306473427978203,0.0601705986227689,0.18142229617245403,0.05492101336219947,0.07664934790839961,0.3202990316758585,0.14990656648972706
295,295.0,295.1999944848689,0.07262910611609509,0.08308630155149908,0.059708084464147104,0.18137857865151344,0.054557809948123225,0.07562883676450832,0.32318928577637135,0.14982199672774238
296,296.0,296.199994269559,0.07172975541476534,0.08298511644498445,0.0592446955798815,0.18164257174226953,0.054215540633259056,0.07458830589791728,0.325868347007147,0.14972566727977588
297,297.0,297.1999941330845,0.07085860751936834,0.0827315550630118,0.05890033329618151,0.18181996325559974,0.05388051515500249,0.07352431186186954,0.32854774085361804,0.1497369729953486
298,298.0,298.1999940689265,0.07004837290370086,0.08244239741938836,0.05857506386454859,0.18171914451501106,0.05359873713957054,0.07247578203611367,0.33091658923012296,0.15022391289154396
299,299.0,299.19999407049517,0.06927409685505928,0.08205101728586578,0.05822362646558084,0.1814397998782567,0.053324315919732315,0.07141491371139451,0.33331397050106926,0.15095825938304136
300,300.0,300.19999413120195,0.06894117146612809,0.08158674138422294,0.057886690349280845,0.1807953437295872,0.053075748644486095,0.07038772235894707,0.33565117696330043,0.15167540510404734
301,301.0,301.199994244526,0.06898120992294891,0.08129357176750598,0.05755428418010376,0.17998361183886954,0.05284076532252886,0.06937802126837297,0.33761080729486526,0.15235772840480472
302,302.0,302.1999944040724,0.06906001636930266,0.08094869619808573,0.05724214287705769,0.1792090456125207,0.05263142535448403,0.06841059827390139,0.3394851190575843,0.15301295625706346
303,303.0,303.19999460362345,0.06914854191987103,0.08053495448887095,0.05693888210656332,0.17844280524607384,0.05243436803561291,0.06747784603777818,0.3413982460071067,0.153624356158123
304,304.0,304.19999483718317,0.06924767590788304,0.08007570167286224,0.05665171686245484,0.17761220998635163,0.05258983450848469,0.06659507868430438,0.34303141997260195,0.15419636240505719
305,305.0,305.19999509901504,0.06934394247498815,0.07955849760406478,0.056371410934452235,0.17654647438341356,0.052739473148607156,0.06574582558672581,0.3446654734593563,0.155028902408392
306,306.0,306.19999538367364,0.06945811785374748,0.07903845577754542,0.0561123652493781,0.17569961562947678,0.05291412093675886,0.06495040319966273,0.3460079704933962,0.15581895086003442
307,307.0,307.19999568602964,0.06956570558019178,0.07847915131641539,0.05586406066706133,0.17493300974961315,0.05307849529963099,0.06419977642190912,0.34733828899870284,0.15654151196647537
308,308.0,308.1999960012897,0.06966035171074161,0.07752228088986922,0.055622855863652024,0.17415581641392433,0.053226242828930764,0.06348754304395719,0.3487773794024491,0.15754752984647574
309,309.0,309.1999963250109,0.06972549056841429,0.07650818291474343,0.05534835584636789,0.17347067698951096,0.05333289310530961,0.06277406064135631,0.350015411908521,0.15882492802577652
310,310.0,310.19999665310985,0.06976061635021684,0.07545853462923842,0.05505058326820281,0.1729685902368805,0.05340383297270092,0.06207364746313864,0.35105029273334154,0.1602339023462803
311,311.0,311.1999969818678,0.06978150881881108,0.07440497053452876,0.05473418849128105,0.1724647866412593,0.0534580862844881,0.06177155829996304,0.35189773592928425,0.16148716500038435
312,312.0,312.1999973079313,0.0687552842816182,0.07346639874776759,0.05482012593844414,0.17235814771719052,0.05389896252894943,0.06189998070528691,0.35166269125664706,0.16313840882409603
313,313.0,313.1999976283091,0.06771166542610639,0.07252210535814402,0.054904728903011964,0.17265295299971556,0.05430504283238341,0.06167055459597058,0.3514687645190221,0.1647641853656459
314,314.0,314.1999979403661,0.06667160442964161,0.07159359834021015,0.05498936240949636,0.17313568140883573,0.05469220671175755,0.061465171496333876,0.3510890462005594,0.16636332900316525
315,315.0,315.19999824181366,0.06536557570419188,0.07068605584864987,0.055071817372860286,0.17404244021698162,0.05505721003152084,0.061281393298841906,0.35057108809906246,0.1679244194278911
316,316.0,316.1999985306984,0.06409299235819067,0.06980410852385864,0.055177049850162536,0.17505592684640386,0.05539387569492639,0.061147377619421836,0.35051791348442707,0.16881075562260894
317,317.0,317.1999988053876,0.06283565505650335,0.06893584941755318,0.055245329770995694,0.17606349894845066,0.05592620234716376,0.060998994025472965,0.35050156852643455,0.16949290190742577
318,318.0,318.19999906455405,0.06160293848405265,0.06807951308446152,0.05527799757359218,0.17678610562652647,0.056394070209238534,0.060836806656756434,0.3507442234853272,0.17027834488004495
319,319.0,319.1999993071583,0.060433227384556386,0.06728347837010713,0.05531473321926514,0.1774982992183386,0.056840745713387895,0.06069959441465933,0.3509638718618126,0.17096604981787286
320,320.0,320.1999995324305,0.05932451709873757,0.06652847353970526,0.05534744838532993,0.17817994574987456,0.05724315892284572,0.06057826414237052,0.35125325346531666,0.17154493869581983
321,321.0,321.19999973985125,0.05826915031609413,0.06596348873137707,0.055368944520689634,0.17918252305706178,0.05760138429664845,0.06046452862378034,0.35133897943878895,0.17181100101555968
322,322.0,322.1999999291314,0.05727077883745403,0.06543216726429586,0.05537893862925045,0.18037110693859393,0.0576584484812437,0.06035695117101898,0.3514865933076302,0.17204501537051287
323,323.0,323.20000010019226,0.05659508007116317,0.06494390761225353,0.055385411199246365,0.1815725143148515,0.05767981406647571,0.060265233411969966,0.35136905640823196,0.17218898291580784
324,324.0,324.2000002531451,0.055977578568702044,0.06448695132963371,0.05537959641986161,0.18278738056464758,0.05766080333845184,0.060176328394238913,0.3512214502622177,0.1723099111222467
325,325.0,325.2000003882712,0.055182808668685024,0.06408256260460653,0.0553726919939088,0.18488517471951008,0.05761998227814049,0.06010016523725695,0.3503941103588183,0.17236250413907395
326,326.0,326.20000050600197,0.05444118002887578,0.06369438297916123,0.05559321705550964,0.18701781162234898,0.05753373412794992,0.06002216370289576,0.3493065443654973,0.17239096611776147
327,327.0,327.2000006068996,0.053757218902496524,0.06332797887624708,0.055793674793135094,0.18901083866241536,0.05740972253345572,0.05994357231006222,0.34825371190987764,0.17250328201231047
328,328.0,328.2000006916385,0.053027999240040695,0.06287981430408082,0.055865844044630346,0.19066753584173207,0.05714880557123675,0.05975676735508352,0.3482151702089761,0.17243806343421977
329,329.0,329.20000076098717,0.052394122479887846,0.0624903339491637,0.05598001725708501,0.19166080199110452,0.056895912905821994,0.05963238134034891,0.34790796381688793,0.17303846625970015
330,330.0,330.20000081579104,0.05281639650979393,0.06212059763748073,0.05607222016604173,0.19236106835172853,0.05661662691731404,0.05950654484218551,0.34693760374215044,0.1735689418333052
331,331.0,331.20000085695665,0.05326828132793469,0.06175468184340836,0.05611168245405665,0.19311534822167,0.05629953583303503,0.05934837951881859,0.3458725395668706,0.1742295512342062
