Total_iterations,Unnamed: 0.1,Intertwine_two,Add_vertex,Delete_vertex,Invert_path_vertices,Insert_inside_vertex,Delete_inside_vertex
0,0.0,0.1666666666666665,0.1666666666666665,0.1666666666666665,0.1666666666666665,0.1666666666666665,0.1666666666666665
1,1.0,0.1666666666666665,0.1666666666666665,0.1666666666666665,0.1666666666666665,0.1666666666666665,0.1666666666666665
2,2.0,0.1666666666666665,0.1666666666666665,0.1666666666666665,0.1666666666666665,0.1666666666666665,0.1666666666666665
3,3.0,0.1666666666666665,0.1666666666666665,0.1666666666666665,0.1666666666666665,0.1666666666666665,0.1666666666666665
4,4.0,0.1666666666666665,0.1666666666666665,0.1666666666666665,0.1666666666666665,0.1666666666666665,0.1666666666666665
5,5.0,0.1666666666666665,0.1666666666666665,0.1666666666666665,0.1666666666666665,0.1666666666666665,0.1666666666666665
6,6.0,0.1666666666666665,0.1666666666666665,0.1666666666666665,0.1666666666666665,0.1666666666666665,0.1666666666666665
7,7.0,0.1666666666666665,0.1666666666666665,0.1666666666666665,0.1666666666666665,0.1666666666666665,0.1666666666666665
8,8.0,0.1666666666666665,0.1666666666666665,0.1666666666666665,0.1666666666666665,0.1666666666666665,0.1666666666666665
9,9.0,0.1666666666666665,0.1666666666666665,0.1666666666666665,0.1666666666666665,0.1666666666666665,0.1666666666666665
10,10.0,0.1666666666666665,0.1666666666666665,0.1666666666666665,0.1666666666666665,0.1666666666666665,0.1666666666666665
11,11.0,0.1666666666666665,0.1666666666666665,0.1666666666666665,0.1666666666666665,0.1666666666666665,0.1666666666666665
12,12.0,0.1666666666666665,0.1666666666666665,0.1666666666666665,0.1666666666666665,0.1666666666666665,0.1666666666666665
13,13.0,0.1666666666666665,0.1666666666666665,0.1666666666666665,0.1666666666666665,0.1666666666666665,0.1666666666666665
14,14.0,0.1666666666666665,0.1666666666666665,0.1666666666666665,0.1666666666666665,0.1666666666666665,0.1666666666666665
15,15.0,0.1666666666666665,0.1666666666666665,0.1666666666666665,0.1666666666666665,0.1666666666666665,0.1666666666666665
16,16.0,0.1666666666666665,0.1666666666666665,0.1666666666666665,0.1666666666666665,0.1666666666666665,0.1666666666666665
17,17.0,0.1666666666666665,0.1666666666666665,0.1666666666666665,0.1666666666666665,0.1666666666666665,0.1666666666666665
18,18.0,0.1666666666666665,0.1666666666666665,0.1666666666666665,0.1666666666666665,0.1666666666666665,0.1666666666666665
19,19.0,0.1666666666666665,0.1666666666666665,0.1666666666666665,0.1666666666666665,0.1666666666666665,0.1666666666666665
20,20.0,0.1666666666666665,0.1666666666666665,0.1666666666666665,0.1666666666666665,0.1666666666666665,0.1666666666666665
21,21.0,0.1666666666666665,0.1666666666666665,0.1666666666666665,0.1666666666666665,0.1666666666666665,0.1666666666666665
22,22.0,0.1666666666666665,0.1666666666666665,0.1666666666666665,0.1666666666666665,0.1666666666666665,0.1666666666666665
23,23.0,0.1666666666666665,0.1666666666666665,0.1666666666666665,0.1666666666666665,0.1666666666666665,0.1666666666666665
24,24.0,0.1666666666666665,0.1666666666666665,0.1666666666666665,0.1666666666666665,0.1666666666666665,0.1666666666666665
25,25.0,0.1666666666666665,0.1666666666666665,0.1666666666666665,0.1666666666666665,0.1666666666666665,0.1666666666666665
26,26.0,0.1666666666666665,0.1666666666666665,0.1666666666666665,0.1666666666666665,0.1666666666666665,0.1666666666666665
27,27.0,0.1666666666666665,0.1666666666666665,0.1666666666666665,0.1666666666666665,0.1666666666666665,0.1666666666666665
28,28.0,0.1666666666666665,0.1666666666666665,0.1666666666666665,0.1666666666666665,0.1666666666666665,0.1666666666666665
29,29.0,0.1666666666666665,0.1666666666666665,0.1666666666666665,0.1666666666666665,0.1666666666666665,0.1666666666666665
30,30.0,0.1666666666666665,0.1666666666666665,0.1666666666666665,0.1666666666666665,0.1666666666666665,0.1666666666666665
31,31.0,0.1666666666666665,0.1666666666666665,0.1666666666666665,0.1666666666666665,0.1666666666666665,0.1666666666666665
32,32.0,0.1666666666666665,0.1666666666666665,0.1666666666666665,0.1666666666666665,0.1666666666666665,0.1666666666666665
33,33.0,0.1666666666666665,0.1666666666666665,0.1666666666666665,0.1666666666666665,0.1666666666666665,0.1666666666666665
34,34.0,0.1666666666666665,0.1666666666666665,0.1666666666666665,0.1666666666666665,0.1666666666666665,0.1666666666666665
35,35.0,0.1666666666666665,0.1666666666666665,0.1666666666666665,0.1666666666666665,0.1666666666666665,0.1666666666666665
36,36.0,0.1666666666666665,0.1666666666666665,0.1666666666666665,0.1666666666666665,0.1666666666666665,0.1666666666666665
37,37.0,0.1666666666666665,0.1666666666666665,0.1666666666666665,0.1666666666666665,0.1666666666666665,0.1666666666666665
38,38.0,0.1666666666666665,0.1666666666666665,0.1666666666666665,0.1666666666666665,0.1666666666666665,0.1666666666666665
39,39.0,0.1666666666666665,0.1666666666666665,0.1666666666666665,0.1666666666666665,0.1666666666666665,0.1666666666666665
40,40.0,0.1666666666666665,0.1666666666666665,0.1666666666666665,0.1666666666666665,0.1666666666666665,0.1666666666666665
41,41.0,0.1666666666666665,0.1666666666666665,0.1666666666666665,0.1666666666666665,0.1666666666666665,0.1666666666666665
42,42.0,0.1666666666666665,0.1666666666666665,0.1666666666666665,0.1666666666666665,0.1666666666666665,0.1666666666666665
43,43.0,0.1666666666666665,0.1666666666666665,0.1666666666666665,0.1666666666666665,0.1666666666666665,0.1666666666666665
44,44.0,0.1666666666666665,0.1666666666666665,0.1666666666666665,0.1666666666666665,0.1666666666666665,0.1666666666666665
45,45.0,0.1666666666666665,0.1666666666666665,0.1666666666666665,0.1666666666666665,0.1666666666666665,0.1666666666666665
46,46.0,0.1666666666666665,0.1666666666666665,0.1666666666666665,0.1666666666666665,0.1666666666666665,0.1666666666666665
47,47.0,0.1666666666666665,0.1666666666666665,0.1666666666666665,0.1666666666666665,0.1666666666666665,0.1666666666666665
48,48.0,0.1666666666666665,0.1666666666666665,0.1666666666666665,0.1666666666666665,0.1666666666666665,0.1666666666666665
49,49.0,0.1666666666666665,0.1666666666666665,0.1666666666666665,0.1666666666666665,0.1666666666666665,0.1666666666666665
50,50.0,0.1666666666666665,0.1666666666666665,0.1666666666666665,0.1666666666666665,0.1666666666666665,0.1666666666666665
51,51.0,0.1666666666666665,0.1666666666666665,0.1666666666666665,0.1666666666666665,0.1666666666666665,0.1666666666666665
52,52.0,0.1666666666666665,0.1666666666666665,0.1666666666666665,0.1666666666666665,0.1666666666666665,0.1666666666666665
53,53.0,0.1666666666666665,0.1666666666666665,0.1666666666666665,0.1666666666666665,0.1666666666666665,0.1666666666666665
54,54.0,0.1666666666666665,0.1666666666666665,0.1666666666666665,0.1666666666666665,0.1666666666666665,0.1666666666666665
55,55.0,0.1666666666666665,0.1666666666666665,0.1666666666666665,0.1666666666666665,0.1666666666666665,0.1666666666666665
56,56.0,0.1666666666666665,0.1666666666666665,0.1666666666666665,0.1666666666666665,0.1666666666666665,0.1666666666666665
57,57.0,0.1666666666666665,0.1666666666666665,0.1666666666666665,0.1666666666666665,0.1666666666666665,0.1666666666666665
58,58.0,0.1666666666666665,0.1666666666666665,0.1666666666666665,0.1666666666666665,0.1666666666666665,0.1666666666666665
59,59.0,0.1666666666666665,0.1666666666666665,0.1666666666666665,0.1666666666666665,0.1666666666666665,0.1666666666666665
60,60.0,0.1666666666666665,0.1666666666666665,0.1666666666666665,0.1666666666666665,0.1666666666666665,0.1666666666666665
61,61.0,0.1666666666666665,0.1666666666666665,0.1666666666666665,0.1666666666666665,0.1666666666666665,0.1666666666666665
62,62.0,0.1666666666666665,0.1666666666666665,0.1666666666666665,0.1666666666666665,0.1666666666666665,0.1666666666666665
63,63.0,0.1666666666666665,0.1666666666666665,0.1666666666666665,0.1666666666666665,0.1666666666666665,0.1666666666666665
64,64.0,0.1666666666666665,0.1666666666666665,0.1666666666666665,0.1666666666666665,0.1666666666666665,0.1666666666666665
65,65.0,0.1666666666666665,0.1666666666666665,0.1666666666666665,0.1666666666666665,0.1666666666666665,0.1666666666666665
66,66.0,0.1666666666666665,0.1666666666666665,0.1666666666666665,0.1666666666666665,0.1666666666666665,0.1666666666666665
67,67.0,0.1666666666666665,0.1666666666666665,0.1666666666666665,0.1666666666666665,0.1666666666666665,0.1666666666666665
68,68.0,0.1666666666666665,0.1666666666666665,0.1666666666666665,0.1666666666666665,0.1666666666666665,0.1666666666666665
69,69.0,0.1666666666666665,0.1666666666666665,0.1666666666666665,0.1666666666666665,0.1666666666666665,0.1666666666666665
70,70.0,0.1666666666666665,0.1666666666666665,0.1666666666666665,0.1666666666666665,0.1666666666666665,0.1666666666666665
71,71.0,0.1666666666666665,0.1666666666666665,0.1666666666666665,0.1666666666666665,0.1666666666666665,0.1666666666666665
72,72.0,0.1666666666666665,0.1666666666666665,0.1666666666666665,0.1666666666666665,0.1666666666666665,0.1666666666666665
73,73.0,0.1666666666666665,0.1666666666666665,0.1666666666666665,0.1666666666666665,0.1666666666666665,0.1666666666666665
74,74.0,0.1666666666666665,0.1666666666666665,0.1666666666666665,0.1666666666666665,0.1666666666666665,0.1666666666666665
75,75.0,0.1666666666666665,0.1666666666666665,0.1666666666666665,0.1666666666666665,0.1666666666666665,0.1666666666666665
76,76.0,0.1666666666666665,0.1666666666666665,0.1666666666666665,0.1666666666666665,0.1666666666666665,0.1666666666666665
77,77.0,0.1666666666666665,0.1666666666666665,0.1666666666666665,0.1666666666666665,0.1666666666666665,0.1666666666666665
78,78.0,0.1666666666666665,0.1666666666666665,0.1666666666666665,0.1666666666666665,0.1666666666666665,0.1666666666666665
79,79.0,0.1666666666666665,0.1666666666666665,0.1666666666666665,0.1666666666666665,0.1666666666666665,0.1666666666666665
80,80.0,0.1666666666666665,0.1666666666666665,0.1666666666666665,0.1666666666666665,0.1666666666666665,0.1666666666666665
81,81.0,0.1666666666666665,0.1666666666666665,0.1666666666666665,0.1666666666666665,0.1666666666666665,0.1666666666666665
82,82.0,0.1666666666666665,0.1666666666666665,0.1666666666666665,0.1666666666666665,0.1666666666666665,0.1666666666666665
83,83.0,0.1666666666666665,0.1666666666666665,0.1666666666666665,0.1666666666666665,0.1666666666666665,0.1666666666666665
84,84.0,0.1666666666666665,0.1666666666666665,0.1666666666666665,0.1666666666666665,0.1666666666666665,0.1666666666666665
85,85.0,0.1666666666666665,0.1666666666666665,0.1666666666666665,0.1666666666666665,0.1666666666666665,0.1666666666666665
86,86.0,0.1666666666666665,0.1666666666666665,0.1666666666666665,0.1666666666666665,0.1666666666666665,0.1666666666666665
87,87.0,0.1666666666666665,0.1666666666666665,0.1666666666666665,0.1666666666666665,0.1666666666666665,0.1666666666666665
88,88.0,0.1666666666666665,0.1666666666666665,0.1666666666666665,0.1666666666666665,0.1666666666666665,0.1666666666666665
89,89.0,0.1666666666666665,0.1666666666666665,0.1666666666666665,0.1666666666666665,0.1666666666666665,0.1666666666666665
90,90.0,0.1666666666666665,0.1666666666666665,0.1666666666666665,0.1666666666666665,0.1666666666666665,0.1666666666666665
91,91.0,0.1666666666666665,0.1666666666666665,0.1666666666666665,0.1666666666666665,0.1666666666666665,0.1666666666666665
92,92.0,0.1666666666666665,0.1666666666666665,0.1666666666666665,0.1666666666666665,0.1666666666666665,0.1666666666666665
93,93.0,0.1666666666666665,0.1666666666666665,0.1666666666666665,0.1666666666666665,0.1666666666666665,0.1666666666666665
94,94.0,0.1666666666666665,0.1666666666666665,0.1666666666666665,0.1666666666666665,0.1666666666666665,0.1666666666666665
95,95.0,0.1666666666666665,0.1666666666666665,0.1666666666666665,0.1666666666666665,0.1666666666666665,0.1666666666666665
96,96.0,0.1666666666666665,0.1666666666666665,0.1666666666666665,0.1666666666666665,0.1666666666666665,0.1666666666666665
97,97.0,0.1666666666666665,0.1666666666666665,0.1666666666666665,0.1666666666666665,0.1666666666666665,0.1666666666666665
98,98.0,0.1666666666666665,0.1666666666666665,0.1666666666666665,0.1666666666666665,0.1666666666666665,0.1666666666666665
99,99.0,0.1666666666666665,0.1666666666666665,0.1666666666666665,0.1666666666666665,0.1666666666666665,0.1666666666666665
100,100.0,0.1666666666666665,0.1666666666666665,0.1666666666666665,0.1666666666666665,0.1666666666666665,0.1666666666666665
101,101.0,0.1666666666666665,0.1666666666666665,0.1666666666666665,0.1666666666666665,0.1666666666666665,0.1666666666666665
102,102.0,0.1666666666666665,0.1666666666666665,0.1666666666666665,0.1666666666666665,0.1666666666666665,0.1666666666666665
103,103.0,0.1666666666666665,0.1666666666666665,0.1666666666666665,0.1666666666666665,0.1666666666666665,0.1666666666666665
104,104.0,0.1666666666666665,0.1666666666666665,0.1666666666666665,0.1666666666666665,0.1666666666666665,0.1666666666666665
105,105.0,0.1666666666666665,0.1666666666666665,0.1666666666666665,0.1666666666666665,0.1666666666666665,0.1666666666666665
106,106.0,0.1666666666666665,0.1666666666666665,0.1666666666666665,0.1666666666666665,0.1666666666666665,0.1666666666666665
107,107.0,0.1666666666666665,0.1666666666666665,0.1666666666666665,0.1666666666666665,0.1666666666666665,0.1666666666666665
108,108.0,0.1666666666666665,0.1666666666666665,0.1666666666666665,0.1666666666666665,0.1666666666666665,0.1666666666666665
109,109.0,0.1666666666666665,0.1666666666666665,0.1666666666666665,0.1666666666666665,0.1666666666666665,0.1666666666666665
110,110.0,0.1666666666666665,0.1666666666666665,0.1666666666666665,0.1666666666666665,0.1666666666666665,0.1666666666666665
111,111.0,0.1666666666666665,0.1666666666666665,0.1666666666666665,0.1666666666666665,0.1666666666666665,0.1666666666666665
112,112.0,0.1666666666666665,0.1666666666666665,0.1666666666666665,0.1666666666666665,0.1666666666666665,0.1666666666666665
113,113.0,0.1666666666666665,0.1666666666666665,0.1666666666666665,0.1666666666666665,0.1666666666666665,0.1666666666666665
114,114.0,0.1666666666666665,0.1666666666666665,0.1666666666666665,0.1666666666666665,0.1666666666666665,0.1666666666666665
115,115.0,0.1666666666666665,0.1666666666666665,0.1666666666666665,0.1666666666666665,0.1666666666666665,0.1666666666666665
116,116.0,0.1666666666666665,0.1666666666666665,0.1666666666666665,0.1666666666666665,0.1666666666666665,0.1666666666666665
117,117.0,0.1666666666666665,0.1666666666666665,0.1666666666666665,0.1666666666666665,0.1666666666666665,0.1666666666666665
118,118.0,0.1666666666666665,0.1666666666666665,0.1666666666666665,0.1666666666666665,0.1666666666666665,0.1666666666666665
119,119.0,0.1666666666666665,0.1666666666666665,0.1666666666666665,0.1666666666666665,0.1666666666666665,0.1666666666666665
120,120.0,0.1666666666666665,0.1666666666666665,0.1666666666666665,0.1666666666666665,0.1666666666666665,0.1666666666666665
121,121.0,0.1666666666666665,0.1666666666666665,0.1666666666666665,0.1666666666666665,0.1666666666666665,0.1666666666666665
122,122.0,0.1666666666666665,0.1666666666666665,0.1666666666666665,0.1666666666666665,0.1666666666666665,0.1666666666666665
123,123.0,0.1666666666666665,0.1666666666666665,0.1666666666666665,0.1666666666666665,0.1666666666666665,0.1666666666666665
124,124.0,0.1666666666666665,0.1666666666666665,0.1666666666666665,0.1666666666666665,0.1666666666666665,0.1666666666666665
125,125.0,0.1666666666666665,0.1666666666666665,0.1666666666666665,0.1666666666666665,0.1666666666666665,0.1666666666666665
126,126.0,0.1666666666666665,0.1666666666666665,0.1666666666666665,0.1666666666666665,0.1666666666666665,0.1666666666666665
127,127.0,0.1666666666666665,0.1666666666666665,0.1666666666666665,0.1666666666666665,0.1666666666666665,0.1666666666666665
128,128.0,0.1666666666666665,0.1666666666666665,0.1666666666666665,0.1666666666666665,0.1666666666666665,0.1666666666666665
129,129.0,0.1666666666666665,0.1666666666666665,0.1666666666666665,0.1666666666666665,0.1666666666666665,0.1666666666666665
130,130.0,0.1666666666666665,0.1666666666666665,0.1666666666666665,0.1666666666666665,0.1666666666666665,0.1666666666666665
131,131.0,0.1666666666666665,0.1666666666666665,0.1666666666666665,0.1666666666666665,0.1666666666666665,0.1666666666666665
132,132.0,0.1666666666666665,0.1666666666666665,0.1666666666666665,0.1666666666666665,0.1666666666666665,0.1666666666666665
133,133.0,0.1666666666666665,0.1666666666666665,0.1666666666666665,0.1666666666666665,0.1666666666666665,0.1666666666666665
134,134.0,0.1666666666666665,0.1666666666666665,0.1666666666666665,0.1666666666666665,0.1666666666666665,0.1666666666666665
135,135.0,0.1666666666666665,0.1666666666666665,0.1666666666666665,0.1666666666666665,0.1666666666666665,0.1666666666666665
136,136.0,0.1666666666666665,0.1666666666666665,0.1666666666666665,0.1666666666666665,0.1666666666666665,0.1666666666666665
137,137.0,0.1666666666666665,0.1666666666666665,0.1666666666666665,0.1666666666666665,0.1666666666666665,0.1666666666666665
138,138.0,0.1666666666666665,0.1666666666666665,0.1666666666666665,0.1666666666666665,0.1666666666666665,0.1666666666666665
139,139.0,0.1666666666666665,0.1666666666666665,0.1666666666666665,0.1666666666666665,0.1666666666666665,0.1666666666666665
140,140.0,0.1666666666666665,0.1666666666666665,0.1666666666666665,0.1666666666666665,0.1666666666666665,0.1666666666666665
141,141.0,0.1666666666666665,0.1666666666666665,0.1666666666666665,0.1666666666666665,0.1666666666666665,0.1666666666666665
142,142.0,0.1666666666666665,0.1666666666666665,0.1666666666666665,0.1666666666666665,0.1666666666666665,0.1666666666666665
143,143.0,0.1666666666666665,0.1666666666666665,0.1666666666666665,0.1666666666666665,0.1666666666666665,0.1666666666666665
144,144.0,0.1666666666666665,0.1666666666666665,0.1666666666666665,0.1666666666666665,0.1666666666666665,0.1666666666666665
145,145.0,0.1666666666666665,0.1666666666666665,0.1666666666666665,0.1666666666666665,0.1666666666666665,0.1666666666666665
146,146.0,0.1666666666666665,0.1666666666666665,0.1666666666666665,0.1666666666666665,0.1666666666666665,0.1666666666666665
147,147.0,0.1666666666666665,0.1666666666666665,0.1666666666666665,0.1666666666666665,0.1666666666666665,0.1666666666666665
148,148.0,0.1666666666666665,0.1666666666666665,0.1666666666666665,0.1666666666666665,0.1666666666666665,0.1666666666666665
149,149.0,0.1666666666666665,0.1666666666666665,0.1666666666666665,0.1666666666666665,0.1666666666666665,0.1666666666666665
150,150.0,0.1666666666666665,0.1666666666666665,0.1666666666666665,0.1666666666666665,0.1666666666666665,0.1666666666666665
151,151.0,0.1666666666666665,0.1666666666666665,0.1666666666666665,0.1666666666666665,0.1666666666666665,0.1666666666666665
152,152.0,0.1666666666666665,0.1666666666666665,0.1666666666666665,0.1666666666666665,0.1666666666666665,0.1666666666666665
153,153.0,0.1666666666666665,0.1666666666666665,0.1666666666666665,0.1666666666666665,0.1666666666666665,0.1666666666666665
154,154.0,0.1666666666666665,0.1666666666666665,0.1666666666666665,0.1666666666666665,0.1666666666666665,0.1666666666666665
155,155.0,0.1666666666666665,0.1666666666666665,0.1666666666666665,0.1666666666666665,0.1666666666666665,0.1666666666666665
156,156.0,0.1666666666666665,0.1666666666666665,0.1666666666666665,0.1666666666666665,0.1666666666666665,0.1666666666666665
157,157.0,0.1666666666666665,0.1666666666666665,0.1666666666666665,0.1666666666666665,0.1666666666666665,0.1666666666666665
158,158.0,0.1666666666666665,0.1666666666666665,0.1666666666666665,0.1666666666666665,0.1666666666666665,0.1666666666666665
159,159.0,0.1666666666666665,0.1666666666666665,0.1666666666666665,0.1666666666666665,0.1666666666666665,0.1666666666666665
160,160.0,0.1666666666666665,0.1666666666666665,0.1666666666666665,0.1666666666666665,0.1666666666666665,0.1666666666666665
161,161.0,0.1666666666666665,0.1666666666666665,0.1666666666666665,0.1666666666666665,0.1666666666666665,0.1666666666666665
162,162.0,0.1666666666666665,0.1666666666666665,0.1666666666666665,0.1666666666666665,0.1666666666666665,0.1666666666666665
163,163.0,0.1666666666666665,0.1666666666666665,0.1666666666666665,0.1666666666666665,0.1666666666666665,0.1666666666666665
164,164.0,0.1666666666666665,0.1666666666666665,0.1666666666666665,0.1666666666666665,0.1666666666666665,0.1666666666666665
165,165.0,0.1666666666666665,0.1666666666666665,0.1666666666666665,0.1666666666666665,0.1666666666666665,0.1666666666666665
166,166.0,0.1666666666666665,0.1666666666666665,0.1666666666666665,0.1666666666666665,0.1666666666666665,0.1666666666666665
167,167.0,0.1666666666666665,0.1666666666666665,0.1666666666666665,0.1666666666666665,0.1666666666666665,0.1666666666666665
168,168.0,0.1666666666666665,0.1666666666666665,0.1666666666666665,0.1666666666666665,0.1666666666666665,0.1666666666666665
169,169.0,0.1666666666666665,0.1666666666666665,0.1666666666666665,0.1666666666666665,0.1666666666666665,0.1666666666666665
170,170.0,0.1666666666666665,0.1666666666666665,0.1666666666666665,0.1666666666666665,0.1666666666666665,0.1666666666666665
171,171.0,0.1666666666666665,0.1666666666666665,0.1666666666666665,0.1666666666666665,0.1666666666666665,0.1666666666666665
172,172.0,0.1666666666666665,0.1666666666666665,0.1666666666666665,0.1666666666666665,0.1666666666666665,0.1666666666666665
173,173.0,0.1666666666666665,0.1666666666666665,0.1666666666666665,0.1666666666666665,0.1666666666666665,0.1666666666666665
174,174.0,0.1666666666666665,0.1666666666666665,0.1666666666666665,0.1666666666666665,0.1666666666666665,0.1666666666666665
175,175.0,0.1666666666666665,0.1666666666666665,0.1666666666666665,0.1666666666666665,0.1666666666666665,0.1666666666666665
176,176.0,0.1666666666666665,0.1666666666666665,0.1666666666666665,0.1666666666666665,0.1666666666666665,0.1666666666666665
177,177.0,0.1666666666666665,0.1666666666666665,0.1666666666666665,0.1666666666666665,0.1666666666666665,0.1666666666666665
178,178.0,0.1666666666666665,0.1666666666666665,0.1666666666666665,0.1666666666666665,0.1666666666666665,0.1666666666666665
179,179.0,0.1666666666666665,0.1666666666666665,0.1666666666666665,0.1666666666666665,0.1666666666666665,0.1666666666666665
180,180.0,0.1666666666666665,0.1666666666666665,0.1666666666666665,0.1666666666666665,0.1666666666666665,0.1666666666666665
181,181.0,0.1666666666666665,0.1666666666666665,0.1666666666666665,0.1666666666666665,0.1666666666666665,0.1666666666666665
182,182.0,0.1666666666666665,0.1666666666666665,0.1666666666666665,0.1666666666666665,0.1666666666666665,0.1666666666666665
183,183.0,0.1666666666666665,0.1666666666666665,0.1666666666666665,0.1666666666666665,0.1666666666666665,0.1666666666666665
184,184.0,0.1666666666666665,0.1666666666666665,0.1666666666666665,0.1666666666666665,0.1666666666666665,0.1666666666666665
185,185.0,0.1666666666666665,0.1666666666666665,0.1666666666666665,0.1666666666666665,0.1666666666666665,0.1666666666666665
186,186.0,0.1666666666666665,0.1666666666666665,0.1666666666666665,0.1666666666666665,0.1666666666666665,0.1666666666666665
187,187.0,0.1666666666666665,0.1666666666666665,0.1666666666666665,0.1666666666666665,0.1666666666666665,0.1666666666666665
188,188.0,0.1666666666666665,0.1666666666666665,0.1666666666666665,0.1666666666666665,0.1666666666666665,0.1666666666666665
189,189.0,0.1666666666666665,0.1666666666666665,0.1666666666666665,0.1666666666666665,0.1666666666666665,0.1666666666666665
190,190.0,0.1666666666666665,0.1666666666666665,0.1666666666666665,0.1666666666666665,0.1666666666666665,0.1666666666666665
191,191.0,0.1666666666666665,0.1666666666666665,0.1666666666666665,0.1666666666666665,0.1666666666666665,0.1666666666666665
192,192.0,0.1666666666666665,0.1666666666666665,0.1666666666666665,0.1666666666666665,0.1666666666666665,0.1666666666666665
193,193.0,0.1666666666666665,0.1666666666666665,0.1666666666666665,0.1666666666666665,0.1666666666666665,0.1666666666666665
194,194.0,0.1666666666666665,0.1666666666666665,0.1666666666666665,0.1666666666666665,0.1666666666666665,0.1666666666666665
195,195.0,0.1666666666666665,0.1666666666666665,0.1666666666666665,0.1666666666666665,0.1666666666666665,0.1666666666666665
196,196.0,0.1666666666666665,0.1666666666666665,0.1666666666666665,0.1666666666666665,0.1666666666666665,0.1666666666666665
197,197.0,0.1666666666666665,0.1666666666666665,0.1666666666666665,0.1666666666666665,0.1666666666666665,0.1666666666666665
198,198.0,0.1659698515038034,0.1703889151605313,0.1721947108920954,0.1621455456930301,0.16458792230653,0.1647130544440091
199,199.0,0.1631811872639889,0.1779446119696758,0.1786081473131267,0.1569843258227727,0.1617178554075539,0.1615638722228815
200,200.0,0.1600228980518892,0.1853936851906189,0.1859340795394063,0.1517328283045585,0.1586814577642487,0.1582350511492777
201,201.0,0.1569269339128881,0.1926701161952701,0.1930842543574079,0.1466169178202453,0.1557180925287845,0.1549836851854037
202,202.0,0.1539180219810656,0.1997184048952119,0.2000047457597791,0.141674194771286,0.1528500901127318,0.1518345424799251
203,203.0,0.1510175461550221,0.2064908826339159,0.2066493171740594,0.1369367676446349,0.15009659425831,0.1488088921340573
204,204.0,0.1482436675824402,0.2129474057301188,0.2129791148849151,0.1324314811193276,0.1474736892679002,0.1459246414152978
205,205.0,0.1456114653236996,0.2190550044171086,0.21896231828558,0.1281801740004829,0.1449945451050053,0.1431964928681233
206,206.0,0.1431330937700034,0.2247874951489369,0.2245737547730666,0.1241999614186429,0.1426695771285027,0.1406361177608472
207,207.0,0.1408179535663843,0.2301250638138015,0.2297944866738178,0.1205035360459255,0.1405066173995183,0.1382523425005524
208,208.0,0.1386728729798707,0.2350538269317501,0.2346113771274997,0.1170994834151458,0.1385110946905901,0.1360513448551436
209,209.0,0.1367022968546172,0.2395653774262947,0.2390166413742824,0.1139926067784176,0.1366862205268017,0.1340368570395864
210,210.0,0.1349084805057503,0.2436563210548304,0.243007389392388,0.1111842573027031,0.135033178795277,0.1322103729490511
211,211.0,0.13329168611912,0.2473278090676728,0.2465851653245031,0.1086726657666581,0.133551316670105,0.130571357051941
212,212.0,0.131850379442369,0.2505850721462627,0.2497554886199056,0.1064532722916762,0.132238334811902,0.1291174526878846
213,213.0,0.1305814247712769,0.2534369601532393,0.2525274013093128,0.1045190510064007,0.1310904750125532,0.1278446877472171
214,214.0,0.1294802764519886,0.2558954917156945,0.2549130253264301,0.1028608269047139,0.1301027036641667,0.1267476759370063
215,215.0,0.1285411653325168,0.2579754171624556,0.2569271332983153,0.1014675825092737,0.12926888963513,0.1258198120623086
216,216.0,0.1277572788040744,0.2596937978506246,0.2585867357497728,0.1003267522934099,0.1285819753337987,0.1250534599683197
217,217.0,0.1271209332728429,0.2610696044491788,0.2599106872083309,0.0994245031413234,0.1280341399304154,0.1244401319979086
218,218.0,0.1266237380944136,0.2621233363010943,0.2609193132586938,0.0987459994381575,0.1276169538892193,0.1239706590184217
219,219.0,0.1262567501852905,0.2628766635625158,0.2616340601811773,0.0982756516760516,0.1273215241344034,0.1236353502605614
220,220.0,0.1260106186976343,0.2633520934198785,0.2620771684193448,0.0979973477385209,0.127138629334878,0.1234241423897436
221,221.0,0.1258757193041748,0.2635726613150145,0.262271370759246,0.0978946662824831,0.1270588449431093,0.1233267373959722
222,222.0,0.1258422777894269,0.2635616477651953,0.2622396157673086,0.0979510718743494,0.1270726577622393,0.1233327290414804
223,223.0,0.125900482780667,0.2633423210504145,0.2620048167266359,0.0981500917534106,0.1271705699429869,0.1234317177458851
224,224.0,0.1260405875773839,0.2629377057543162,0.261589626032508,0.0984754742921567,0.1273431924273827,0.1236134139162525
225,225.0,0.1262530011510626,0.262370376887993,0.2610162347572118,0.0989113293992317,0.127581327960218,0.1238677298442828
226,226.0,0.1265283684882703,0.2616622790971306,0.2603061968716171,0.099442251266732,0.1278760438813206,0.1241848603949294
227,227.0,0.126857640539282,0.2608345702520916,0.2594802774156096,0.10005342399994,0.1282187349926525,0.1245553528004241
228,228.0,0.1272321341122071,0.2599074885467441,0.2585583237407908,0.1007307107849529,0.1286011768640777,0.1249701659512272
229,229.0,0.1276435821191251,0.2589002420841724,0.2575591588057899,0.10146072734874,0.1290155700008725,0.1254207196412999
230,230.0,0.1280841746365675,0.2578309198047246,0.2565004953859751,0.1022309005477861,0.129454575345132,0.1258989342798144
231,231.0,0.1285465912883074,0.2567164225128828,0.2553988699640261,0.1030295129865749,0.1299113416226672,0.1263972616255414
232,232.0,0.1290240254943977,0.2555724126828048,0.2542695949943757,0.1038457346167441,0.1303795250773751,0.1269087071343024
233,233.0,0.1295102011573424,0.254413281666615,0.2531267281814905,0.104669642302854,0.1308533021569913,0.1274268445347064
234,234.0,0.1299993823748267,0.2532521328930865,0.2519830573778229,0.1054922283624494,0.131327375728229,0.1279458232635851
235,235.0,0.1304863767792217,0.2521007796256885,0.2508500996904877,0.1063053990975859,0.1317969754062135,0.1284603694008022
236,236.0,0.1309665331077925,0.2509697558464819,0.2497381133847253,0.107101964333358,0.1322578525834904,0.1289657807441516
237,237.0,0.1314357336048357,0.2498683388444396,0.2486561211854357,0.1078756189673444,0.1327062707383575,0.1294579166595867
238,238.0,0.1318903818485337,0.2488045821118656,0.2476119436039648,0.1086209175133838,0.1331389915915073,0.1299331833307445
239,239.0,0.1323273865817839,0.2477853571891388,0.2466122409543453,0.1093332425948105,0.1335532576645799,0.1303885150153412
240,240.0,0.1327441421082988,0.2468164031445018,0.2456625627698882,0.1100087683072715,0.1339467717748524,0.130821351895187
241,241.0,0.1331385057934866,0.2459023824305919,0.2447674033859219,0.1106444193305388,0.1343176739775021,0.1312296150819584
242,242.0,0.1335087731846282,0.2450469419214756,0.2439302625162371,0.111237826623299,0.1346645164412647,0.1316116793130952
243,243.0,0.1338536512372168,0.2442527780017646,0.2431537097181023,0.1117872804856753,0.1349862367153913,0.1319663438418495
244,244.0,0.1341722301045818,0.2435217046517156,0.2424394517123439,0.1122916817220823,0.1352821298161043,0.132292801993172
245,245.0,0.134463953916572,0.2428547235478627,0.2417884015997819,0.1127504915827529,0.1355518195297378,0.1325906098232926
246,246.0,0.1347285909406048,0.242252095276625,0.2412007490922222,0.1131636811066539,0.1357952292978635,0.1328596542860304
247,247.0,0.1349662034852358,0.2417134108374533,0.2406760309542403,0.1135316804322234,0.1360125530173509,0.1331001212734962
248,248.0,0.1351771178729587,0.2412376626915327,0.2402132009302581,0.1138553285860388,0.136204226055869,0.1333124638633425
249,249.0,0.1353618947755873,0.2408233146909973,0.2398106985091155,0.1141358242037374,0.1363708967511295,0.1334973710694329
250,250.0,0.1355213001726045,0.240468370301314,0.23946651595474,0.1143746775827538,0.1365133986305056,0.1336557373580821
251,251.0,0.1356562771606014,0.2401704386052942,0.2391782631059986,0.1145736644131661,0.1366327235567919,0.1337886331581476
252,252.0,0.1357679188106,0.239926797650532,0.2389432295208154,0.1147347814815306,0.1367299959760346,0.1338972765604872
253,253.0,0.1358574422399002,0.2397344547724492,0.2387584436086862,0.1148602045933685,0.1368064484147456,0.1339830063708501
254,254.0,0.1359261640362789,0.2395902035921586,0.2386207284614271,0.1149522489132139,0.136863398346591,0.1340472566503303
255,255.0,0.1359754771450643,0.239490677451684,0.2385267541540237,0.1150133318770678,0.1369022265229388,0.1340915328492213
256,256.0,0.136006829303928,0.2394323991084485,0.2384730863455643,0.1150459387908907,0.1369243568375754,0.1341173896135931
257,257.0,0.1360217030862735,0.2394118265661605,0.2384562310642391,0.1150525911905474,0.1369312377735255,0.1341264103192539
258,258.0,0.1360215975919291,0.2394253949701481,0.2384726756101481,0.1150358180034581,0.1369243254592982,0.1341201883650182
259,259.0,0.1360080118035073,0.239469554541744,0.2385189255551086,0.1149981295201683,0.1369050683430536,0.134100310236418
260,260.0,0.1359824296083001,0.2395408045684714,0.238591537859766,0.1149419941551308,0.1368748934761559,0.1340683403321758
261,261.0,0.135946306468938,0.2396357235045497,0.2386871501651039,0.1148698179501708,0.1368351943823392,0.1340258075288982
262,262.0,0.1359010577112302,0.2397509952696832,0.238802506348001,0.1147839267513302,0.1367873204752338,0.1339741934445214
263,263.0,0.1358480483845884,0.239883431863315,0.2389344784588723,0.1146865509699855,0.1367325679752395,0.1339149223479992
264,264.0,0.1357885846391722,0.2400299924366589,0.2390800851838118,0.1145798128222004,0.1366721722666451,0.1338493526515114
265,265.0,0.1357239065543134,0.2401877989860104,0.2392365069941631,0.114465715926097,0.1366073016273967,0.1337787699120193
266,266.0,0.1356551823448048,0.240354148848275,0.2394010981632817,0.114346137125468,0.136539052256952,0.1337043812612184
267,267.0,0.1355835038652065,0.2405265241935389,0.2395713958435995,0.1142228203987723,0.1364684445221352,0.1336273111767475
268,268.0,0.1355098833273234,0.2407025987200495,0.2397451264071936,0.1140973727058835,0.1363964203367317,0.1335485985028183
269,269.0,0.1354352511423628,0.240880241764417,0.2399202092601003,0.1139712616203499,0.1363238415876541,0.133469194625116
270,270.0,0.135360454796882,0.2410575200444121,0.2400947583448592,0.1138458145922912,0.1362514895187606,0.1333899627027948
271,271.0,0.135286258670388,0.241232697253672,0.2402670815474377,0.1137222196862405,0.1361800649827218,0.1333116778595399
272,272.0,0.1352133447022469,0.2414042317271776,0.2404356782240279,0.1136015276390576,0.1361101894716126,0.1332350282358773
273,273.0,0.1351423138163049,0.2415707723937694,0.2405992350604628,0.1134846550853275,0.1360424068380511,0.1331606168060842
274,274.0,0.1350736880132016,0.2417311532274728,0.2407566204723935,0.1133723888012422,0.1359771856206181,0.1330889638650718
275,275.0,0.1350079130426839,0.2418843864032396,0.2409068777481512,0.1132653908226781,0.1359149218898752,0.1330205100933719
276,276.0,0.1349453615711986,0.2420296543551058,0.2410492171285956,0.1131642042988688,0.1358559425344608,0.1329556201117704
277,277.0,0.1348863367635574,0.2421663009259428,0.2411830070094535,0.1130692599495767,0.135800508910396,0.1328945864410735
278,278.0,0.1348310762014521,0.2422938217881451,0.2413077644418751,0.1129808830008432,0.1357488207807868,0.1328376337868977
279,279.0,0.1347797560659503,0.2424118543039543,0.2414231450963798,0.1128993004820997,0.1357010204774834,0.1327849235741326
280,280.0,0.1347324955157466,0.2425201669828514,0.2415289328442142,0.1128246487755346,0.1356571972208886,0.1327365586607648
281,281.0,0.1346893611978132,0.2426186486817388,0.2416250290985669,0.1127569813169958,0.1356173915388972,0.1326925881659882
282,282.0,0.1346503718321025,0.2427072976816285,0.2417114420462427,0.1126962763562659,0.1355815997308689,0.1326530123528915
283,283.0,0.1346155028170492,0.2427862107624214,0.2417882758884324,0.1126424446931715,0.1355497783274877,0.1326177875114377
284,284.0,0.1345846908077383,0.2428555723852193,0.2418557201972628,0.1125953373145799,0.1355218485023226,0.132586830792877
285,285.0,0.1345578382236885,0.2429156440795936,0.2419140394829816,0.1125547528658268,0.1354977003958037,0.1325600249521057
286,286.0,0.1345348176482142,0.2429667541214431,0.2419635630550425,0.1125204448984157,0.1354771973171317,0.1325372229597526
287,287.0,0.1345154760862127,0.2430092875756017,0.242004675249091,0.1124921288438867,0.1354601797943084,0.1325182524508995
288,288.0,0.1344996390519566,0.2430436767662969,0.2420378060809876,0.1124694886714968,0.1354464694469773,0.1325029199822847
289,289.0,0.134487114463014,0.243070392227968,0.2420634223786287,0.1124521831947561,0.1354358726610624,0.1324910150745707
290,290.0,0.134477696320743,0.2430899341789009,0.2420820194324633,0.1124398519988669,0.1354281840482813,0.1324823140207444
291,291.0,0.1344711681618991,0.2431028245506599,0.2420941131963339,0.1124321209677031,0.1354231896774484,0.1324765834459555
292,292.0,0.134467306269728,0.2431095995974449,0.242100233061598,0.1124286073951036,0.1354206700680773,0.1324735836080481
293,293.0,0.1344658826364842,0.2431108031012854,0.2421009152194637,0.1124289246709382,0.1354204029401154,0.132473071431713
294,294.0,0.1344666676726074,0.2431069801814374,0.2420966966190921,0.112432686537605,0.1354221657167014,0.1324748032725564
295,295.0,0.1344694326607997,0.2430986717094684,0.2420881095223108,0.1124395109173542,0.1354257377796148,0.132478537410452
296,296.0,0.1344739519559721,0.2430864093253101,0.2420756766497284,0.11244902331508,0.1354309024795936,0.1324840362743156
297,297.0,0.134480004934475,0.2430707110440229,0.242059906907651,0.1124608598050075,0.1354374489059315,0.1324910684029119
298,298.0,0.1344873776981903,0.2430520774381327,0.2420412916804488,0.1124746696130173,0.1354451734217292,0.1324994101484815
299,299.0,0.1344958645409597,0.2430309883761587,0.2420203016689062,0.112490117309221,0.1354538809728828,0.1325088471318714
300,300.0,0.1345052691864499,0.243007900294329,0.2419973842515729,0.1125068846278372,0.1354633861803451,0.1325191754594658
301,301.0,0.1345154058079341,0.2429832439754474,0.2419729613432011,0.1125246719334385,0.1354735142264106,0.1325302027135682
302,302.0,0.134526099841598,0.2429574228064079,0.2419474277219785,0.1125431993542703,0.1354841015467584,0.1325417487289867
303,303.0,0.1345371886058869,0.2429308114839168,0.2419211497954023,0.1125622076046014,0.1354949963407568,0.1325536461694357
304,304.0,0.1345485217400955,0.2429037551365442,0.2418944647732736,0.1125814585189784,0.1355060589131006,0.1325657409180075
305,305.0,0.1345599614758897,0.2428765688302518,0.2418676802153691,0.1126007353218531,0.135517161860232,0.1325778922964042
306,306.0,0.1345713827557531,0.2428495374239946,0.2418410739208453,0.1126198426563468,0.1355281901152009,0.1325899731278593
307,307.0,0.13458267321248,0.2428229157418317,0.2418148941263094,0.1126386063959527,0.1355390408646737,0.1326018696587524
308,308.0,0.1345937330238169,0.2427969290281752,0.241789359979708,0.1126568732627636,0.1355496233517055,0.1326134813538307
309,309.0,0.1346044746561894,0.242771773653311,0.2417646622577136,0.1126745102753909,0.13555985857767,0.1326247205797251
310,310.0,0.1346148225111701,0.2427476180371087,0.2417409642950854,0.1126914040491266,0.1355696789164142,0.1326355121910948
311,311.0,0.1346247124879486,0.2427246037598639,0.2417184030955132,0.1127074599701226,0.1355790276532728,0.1326457930332788
312,312.0,0.1346340914745771,0.2427028468304535,0.2416970905946871,0.1127226012644428,0.1355878584610657,0.1326555113747737
313,313.0,0.1346429167802045,0.2426824390833881,0.2416771150477407,0.1127367679818117,0.1355961348246215,0.1326646262822335
314,314.0,0.1346511555198745,0.2426634496779038,0.2416585425147554,0.1127499159127506,0.1356038294247286,0.132673106949987
315,315.0,0.1346587839627862,0.2426459266738973,0.2416414184196652,0.1127620154565932,0.1356109234917305,0.1326809319953275
316,316.0,0.1346657868541864,0.242629898661261,0.2416257691596312,0.1127730504566107,0.1356174061382678,0.1326880887300427
317,317.0,0.1346721567203121,0.2426153764209842,0.2416116037437483,0.1127830170171855,0.1356232736799217,0.1326945724178481
318,318.0,0.1346778931650295,0.2426023545982337,0.2415989154417602,0.112791922316656,0.1356285289517639,0.1327003855265567
319,319.0,0.1346830021660323,0.2425908133694844,0.2415876834252973,0.1127997834281379,0.1356331806280571,0.1327055369829909
320,320.0,0.134687495377682,0.2425807200876236,0.2415778743859716,0.1128066261593154,0.1356372425515933,0.1327100414378138
321,321.0,0.1346913894467974,0.2425720308907812,0.2415694441164628,0.1128124839209071,0.135640733078413,0.1327139185466385
322,322.0,0.1346947053469406,0.2425646922624236,0.2415623390424842,0.1128173966322556,0.1356436744429194,0.1327171922729765
323,323.0,0.1346974677360076,0.242558642531986,0.2415564976952226,0.1128214096712718,0.135646092147699,0.1327198902178129
