,Unnamed: 0,Total_iterations,Intertwine_two,Add_vertex,Delete_vertex,Invert_path_vertices,Insert_inside_vertex,Delete_inside_vertex
0,0.0,0.0,0.16666666666666657,0.16666666666666657,0.16666666666666657,0.16666666666666657,0.16666666666666657,0.16666666666666657
1,1.0,0.10900000000000001,0.16666666666666657,0.16666666666666657,0.16666666666666657,0.16666666666666657,0.16666666666666657,0.16666666666666657
2,2.0,0.31601,0.16666666666666657,0.16666666666666657,0.16666666666666657,0.16666666666666657,0.16666666666666657,0.16666666666666657
3,3.0,0.6191589000000001,0.16666666666666657,0.16666666666666657,0.16666666666666657,0.16666666666666657,0.16666666666666657,0.16666666666666657
4,4.0,1.015801321,0.16666666666666657,0.16666666666666657,0.16666666666666657,0.16666666666666657,0.16666666666666657,0.16666666666666657
5,5.0,1.50262148669,0.16666666666666657,0.16666666666666657,0.16666666666666657,0.16666666666666657,0.16666666666666657,0.16666666666666657
6,6.0,2.0757334209441005,0.16666666666666657,0.16666666666666657,0.16666666666666657,0.16666666666666657,0.16666666666666657,0.16666666666666657
7,7.0,2.7307768275633495,0.16666666666666657,0.16666666666666657,0.16666666666666657,0.16666666666666657,0.16666666666666657,0.16666666666666657
8,8.0,3.4630081252450404,0.16666666666666657,0.16666666666666657,0.16666666666666657,0.16666666666666657,0.16666666666666657,0.16666666666666657
9,9.0,4.2673862119061114,0.16666666666666657,0.16666666666666657,0.16666666666666657,0.16666666666666657,0.16666666666666657,0.16666666666666657
10,10.0,5.138652627782014,0.16666666666666657,0.16666666666666657,0.16666666666666657,0.16666666666666657,0.16666666666666657,0.16666666666666657
11,11.0,6.071405875792507,0.16666666666666657,0.16666666666666657,0.16666666666666657,0.16666666666666657,0.16666666666666657,0.16666666666666657
12,12.0,7.060169740244025,0.16666666666666657,0.16666666666666657,0.16666666666666657,0.16666666666666657,0.16666666666666657,0.16666666666666657
13,13.0,8.099455520847952,0.16666666666666657,0.16666666666666657,0.16666666666666657,0.16666666666666657,0.16666666666666657,0.16666666666666657
14,14.0,9.183818168183006,0.16666666666666657,0.16666666666666657,0.16666666666666657,0.16666666666666657,0.16666666666666657,0.16666666666666657
15,15.0,10.307906369102724,0.16666666666666657,0.16666666666666657,0.16666666666666657,0.16666666666666657,0.16666666666666657,0.16666666666666657
16,16.0,11.466506686239443,0.16666666666666657,0.16666666666666657,0.16666666666666657,0.16666666666666657,0.16666666666666657,0.16666666666666657
17,17.0,12.654581904800096,0.16666666666666657,0.16666666666666657,0.16666666666666657,0.16666666666666657,0.16666666666666657,0.16666666666666657
18,18.0,13.867303782456686,0.16666666666666657,0.16666666666666657,0.16666666666666657,0.16666666666666657,0.16666666666666657,0.16666666666666657
19,19.0,15.100080434523047,0.16666666666666657,0.16666666666666657,0.16666666666666657,0.16666666666666657,0.16666666666666657,0.16666666666666657
20,20.0,16.348578617037543,0.16666666666666657,0.16666666666666657,0.16666666666666657,0.16666666666666657,0.16666666666666657,0.16666666666666657
21,21.0,17.608741195130214,0.16666666666666657,0.16666666666666657,0.16666666666666657,0.16666666666666657,0.16666666666666657,0.16666666666666657
22,22.0,18.876800103462312,0.16666666666666657,0.16666666666666657,0.16666666666666657,0.16666666666666657,0.16666666666666657,0.16666666666666657
23,23.0,20.14928511992658,0.16666666666666657,0.16666666666666657,0.16666666666666657,0.16666666666666657,0.16666666666666657,0.16666666666666657
24,24.0,21.423028783545156,0.16666666666666657,0.16666666666666657,0.16666666666666657,0.16666666666666657,0.16666666666666657,0.16666666666666657
25,25.0,22.695167792966423,0.16666666666666657,0.16666666666666657,0.16666666666666657,0.16666666666666657,0.16666666666666657,0.16666666666666657
26,26.0,23.963141223515898,0.16666666666666657,0.16666666666666657,0.16666666666666657,0.16666666666666657,0.16666666666666657,0.16666666666666657
27,27.0,25.224685898775267,0.16666666666666657,0.16666666666666657,0.16666666666666657,0.16666666666666657,0.16666666666666657,0.16666666666666657
28,28.0,26.477829247520948,0.16666666666666657,0.16666666666666657,0.16666666666666657,0.16666666666666657,0.16666666666666657,0.16666666666666657
29,29.0,27.720879968916847,0.16666666666666657,0.16666666666666657,0.16666666666666657,0.16666666666666657,0.16666666666666657,0.16666666666666657
30,30.0,28.95241681848399,0.16666666666666657,0.16666666666666657,0.16666666666666657,0.16666666666666657,0.16666666666666657,0.16666666666666657
31,31.0,30.17127581490958,0.16666666666666657,0.16666666666666657,0.16666666666666657,0.16666666666666657,0.16666666666666657,0.16666666666666657
32,32.0,31.376536153543515,0.16666666666666657,0.16666666666666657,0.16666666666666657,0.16666666666666657,0.16666666666666657,0.16666666666666657
33,33.0,32.567505096778625,0.16666666666666657,0.16666666666666657,0.16666666666666657,0.16666666666666657,0.16666666666666657,0.16666666666666657
34,34.0,33.74370209472243,0.16666666666666657,0.16666666666666657,0.16666666666666657,0.16666666666666657,0.16666666666666657,0.16666666666666657
35,35.0,34.90484237192463,0.16666666666666657,0.16666666666666657,0.16666666666666657,0.16666666666666657,0.16666666666666657,0.16666666666666657
36,36.0,36.05082019768737,0.16666666666666657,0.16666666666666657,0.16666666666666657,0.16666666666666657,0.16666666666666657,0.16666666666666657
37,37.0,37.18169203889697,0.16666666666666657,0.16666666666666657,0.16666666666666657,0.16666666666666657,0.16666666666666657,0.16666666666666657
38,38.0,38.29765977559663,0.16666666666666657,0.16666666666666657,0.16666666666666657,0.16666666666666657,0.16666666666666657,0.16666666666666657
39,39.0,39.399054140870355,0.16666666666666657,0.16666666666666657,0.16666666666666657,0.16666666666666657,0.16666666666666657,0.16666666666666657
40,40.0,40.48631852820801,0.16666666666666657,0.16666666666666657,0.16666666666666657,0.16666666666666657,0.16666666666666657,0.16666666666666657
41,41.0,41.55999329152982,0.16666666666666657,0.16666666666666657,0.16666666666666657,0.16666666666666657,0.16666666666666657,0.16666666666666657
42,42.0,42.62070064560415,0.16666666666666657,0.16666666666666657,0.16666666666666657,0.16666666666666657,0.16666666666666657,0.16666666666666657
43,43.0,43.669130257815,0.16666666666666657,0.16666666666666657,0.16666666666666657,0.16666666666666657,0.16666666666666657,0.16666666666666657
44,44.0,44.70602560622662,0.16666666666666657,0.16666666666666657,0.16666666666666657,0.16666666666666657,0.16666666666666657,0.16666666666666657
45,45.0,45.73217116373481,0.16666666666666657,0.16666666666666657,0.16666666666666657,0.16666666666666657,0.16666666666666657,0.16666666666666657
46,46.0,46.748380453854836,0.16666666666666657,0.16666666666666657,0.16666666666666657,0.16666666666666657,0.16666666666666657,0.16666666666666657
47,47.0,47.755485010424316,0.16666666666666657,0.16666666666666657,0.16666666666666657,0.16666666666666657,0.16666666666666657,0.16666666666666657
48,48.0,48.7543242612326,0.16666666666666657,0.16666666666666657,0.16666666666666657,0.16666666666666657,0.16666666666666657,0.16666666666666657
49,49.0,49.745736344347726,0.16666666666666657,0.16666666666666657,0.16666666666666657,0.16666666666666657,0.16666666666666657,0.16666666666666657
50,50.0,50.730549855707864,0.16666666666666657,0.16666666666666657,0.16666666666666657,0.16666666666666657,0.16666666666666657,0.16666666666666657
51,51.0,51.70957651737491,0.16666666666666657,0.16666666666666657,0.16666666666666657,0.16666666666666657,0.16666666666666657,0.16666666666666657
52,52.0,52.68360474770151,0.16666666666666657,0.16666666666666657,0.16666666666666657,0.16666666666666657,0.16666666666666657,0.16666666666666657
53,53.0,53.65339410751842,0.16666666666666657,0.16666666666666657,0.16666666666666657,0.16666666666666657,0.16666666666666657,0.16666666666666657
54,54.0,54.61967059027847,0.16666666666666657,0.16666666666666657,0.16666666666666657,0.16666666666666657,0.16666666666666657,0.16666666666666657
55,55.0,55.58312271885972,0.16666666666666657,0.16666666666666657,0.16666666666666657,0.16666666666666657,0.16666666666666657,0.16666666666666657
56,56.0,56.544398407394254,0.16666666666666657,0.16666666666666657,0.16666666666666657,0.16666666666666657,0.16666666666666657,0.16666666666666657
57,57.0,57.504102543001395,0.16666666666666657,0.16666666666666657,0.16666666666666657,0.16666666666666657,0.16666666666666657,0.16666666666666657
58,58.0,58.462795239617805,0.16666666666666657,0.16666666666666657,0.16666666666666657,0.16666666666666657,0.16666666666666657,0.16666666666666657
59,59.0,59.42099071417639,0.16666666666666657,0.16666666666666657,0.16666666666666657,0.16666666666666657,0.16666666666666657,0.16666666666666657
60,60.0,60.379156734137354,0.16666666666666657,0.16666666666666657,0.16666666666666657,0.16666666666666657,0.16666666666666657,0.16666666666666657
61,61.0,61.337714584760846,0.16666666666666657,0.16666666666666657,0.16666666666666657,0.16666666666666657,0.16666666666666657,0.16666666666666657
62,62.0,62.29703950447439,0.16666666666666657,0.16666666666666657,0.16666666666666657,0.16666666666666657,0.16666666666666657,0.16666666666666657
63,63.0,63.257461537171835,0.16666666666666657,0.16666666666666657,0.16666666666666657,0.16666666666666657,0.16666666666666657,0.16666666666666657
64,64.0,64.21926675122782,0.16666666666666657,0.16666666666666657,0.16666666666666657,0.16666666666666657,0.16666666666666657,0.16666666666666657
65,65.0,65.18269877636592,0.16666666666666657,0.16666666666666657,0.16666666666666657,0.16666666666666657,0.16666666666666657,0.16666666666666657
66,66.0,66.14796061122655,0.16666666666666657,0.16666666666666657,0.16666666666666657,0.16666666666666657,0.16666666666666657,0.16666666666666657
67,67.0,67.11521665648885,0.16666666666666657,0.16666666666666657,0.16666666666666657,0.16666666666666657,0.16666666666666657,0.16666666666666657
68,68.0,68.08459493066005,0.16666666666666657,0.16666666666666657,0.16666666666666657,0.16666666666666657,0.16666666666666657,0.16666666666666657
69,69.0,69.05618942810752,0.16666666666666657,0.16666666666666657,0.16666666666666657,0.16666666666666657,0.16666666666666657,0.16666666666666657
70,70.0,70.03006258152917,0.16666666666666657,0.16666666666666657,0.16666666666666657,0.16666666666666657,0.16666666666666657,0.16666666666666657
71,71.0,71.00624779379335,0.16666666666666657,0.16666666666666657,0.16666666666666657,0.16666666666666657,0.16666666666666657,0.16666666666666657
72,72.0,71.98475200689319,0.16666666666666657,0.16666666666666657,0.16666666666666657,0.16666666666666657,0.16666666666666657,0.16666666666666657
73,73.0,72.97555827861412,0.16666666666666657,0.16666666666666657,0.16666666666666657,0.16666666666666657,0.16666666666666657,0.16666666666666657
74,74.0,73.9785283403768,0.16666666666666657,0.16666666666666657,0.16666666666666657,0.16666666666666657,0.16666666666666657,0.16666666666666657
75,75.0,74.98341611255945,0.16666666666666657,0.16666666666666657,0.16666666666666657,0.16666666666666657,0.16666666666666657,0.16666666666666657
76,76.0,75.98998094639825,0.16666666666666657,0.16666666666666657,0.16666666666666657,0.16666666666666657,0.16666666666666657,0.16666666666666657
77,77.0,77.01798948738917,0.16666666666666657,0.16666666666666657,0.16666666666666657,0.16666666666666657,0.16666666666666657,0.16666666666666657
78,78.0,78.0570172794071,0.16666666666666657,0.16666666666666657,0.16666666666666657,0.16666666666666657,0.16666666666666657,0.16666666666666657
79,79.0,79.10657211942917,0.16666666666666657,0.16666666666666657,0.16666666666666657,0.16666666666666657,0.16666666666666657,0.16666666666666657
80,80.0,80.15610575425475,0.16666666666666657,0.16666666666666657,0.16666666666666657,0.16666666666666657,0.16666666666666657,0.16666666666666657
81,81.0,81.20512496805523,0.16666666666666657,0.16666666666666657,0.16666666666666657,0.16666666666666657,0.16666666666666657,0.16666666666666657
82,82.0,82.2531910107951,0.16666666666666657,0.16666666666666657,0.16666666666666657,0.16666666666666657,0.16666666666666657,0.16666666666666657
83,83.0,83.29991853915305,0.16666666666666657,0.16666666666666657,0.16666666666666657,0.16666666666666657,0.16666666666666657,0.16666666666666657
84,84.0,84.34497412928366,0.16666666666666657,0.16666666666666657,0.16666666666666657,0.16666666666666657,0.16666666666666657,0.16666666666666657
85,85.0,85.38807441910838,0.16666666666666657,0.16666666666666657,0.16666666666666657,0.16666666666666657,0.16666666666666657,0.16666666666666657
86,86.0,86.42898393575953,0.16666666666666657,0.16666666666666657,0.16666666666666657,0.16666666666666657,0.16666666666666657,0.16666666666666657
87,87.0,87.46751266138799,0.16666666666666657,0.16666666666666657,0.16666666666666657,0.16666666666666657,0.16666666666666657,0.16666666666666657
88,88.0,88.51351338783972,0.16666666666666657,0.16666666666666657,0.16666666666666657,0.16666666666666657,0.16666666666666657,0.16666666666666657
89,89.0,89.55677890776788,0.16666666666666657,0.16666666666666657,0.16666666666666657,0.16666666666666657,0.16666666666666657,0.16666666666666657
90,90.0,90.59715008662553,0.16666666666666657,0.16666666666666657,0.16666666666666657,0.16666666666666657,0.16666666666666657,0.16666666666666657
91,91.0,91.63451264673117,0.16666666666666657,0.16666666666666657,0.16666666666666657,0.16666666666666657,0.16666666666666657,0.16666666666666657
92,92.0,92.67879382435893,0.16666666666666657,0.16666666666666657,0.16666666666666657,0.16666666666666657,0.16666666666666657,0.16666666666666657
93,93.0,93.71985894598033,0.16666666666666657,0.16666666666666657,0.16666666666666657,0.16666666666666657,0.16666666666666657,0.16666666666666657
94,94.0,94.7576189659798,0.16666666666666657,0.16666666666666657,0.16666666666666657,0.16666666666666657,0.16666666666666657,0.16666666666666657
95,95.0,95.79202679431951,0.16666666666666657,0.16666666666666657,0.16666666666666657,0.16666666666666657,0.16666666666666657,0.16666666666666657
96,96.0,96.82307357188205,0.16666666666666657,0.16666666666666657,0.16666666666666657,0.16666666666666657,0.16666666666666657,0.16666666666666657
97,97.0,97.85078493596953,0.16666666666666657,0.16666666666666657,0.16666666666666657,0.16666666666666657,0.16666666666666657,0.16666666666666657
98,98.0,98.87521731428855,0.16666666666666657,0.16666666666666657,0.16666666666666657,0.16666666666666657,0.16666666666666657,0.16666666666666657
99,99.0,99.8964542816328,0.16666666666666657,0.16666666666666657,0.16666666666666657,0.16666666666666657,0.16666666666666657,0.16666666666666657
100,100.0,100.91460300942629,0.16666666666666657,0.16666666666666657,0.16666666666666657,0.16666666666666657,0.16666666666666657,0.16666666666666657
101,101.0,101.92979083434616,0.16666666666666657,0.16666666666666657,0.16666666666666657,0.16666666666666657,0.16666666666666657,0.16666666666666657
102,102.0,102.9421619684306,0.16666666666666657,0.16666666666666657,0.16666666666666657,0.16666666666666657,0.16666666666666657,0.16666666666666657
103,103.0,103.95187436942227,0.16666666666666657,0.16666666666666657,0.16666666666666657,0.16666666666666657,0.16666666666666657,0.16666666666666657
104,104.0,104.95909678662056,0.16666666666666657,0.16666666666666657,0.16666666666666657,0.16666666666666657,0.16666666666666657,0.16666666666666657
105,105.0,105.96400599423282,0.16666666666666657,0.16666666666666657,0.16666666666666657,0.16666666666666657,0.16666666666666657,0.16666666666666657
106,106.0,106.96678422114152,0.16666666666666657,0.16666666666666657,0.16666666666666657,0.16666666666666657,0.16666666666666657,0.16666666666666657
107,107.0,107.96761678314795,0.16666666666666657,0.16666666666666657,0.16666666666666657,0.16666666666666657,0.16666666666666657,0.16666666666666657
108,108.0,108.96668992112222,0.16666666666666657,0.16666666666666657,0.16666666666666657,0.16666666666666657,0.16666666666666657,0.16666666666666657
109,109.0,109.96418884608788,0.16666666666666657,0.16666666666666657,0.16666666666666657,0.16666666666666657,0.16666666666666657,0.16666666666666657
110,110.0,110.96029599009607,0.16666666666666657,0.16666666666666657,0.16666666666666657,0.16666666666666657,0.16666666666666657,0.16666666666666657
111,111.0,111.95518945980248,0.16666666666666657,0.16666666666666657,0.16666666666666657,0.16666666666666657,0.16666666666666657,0.16666666666666657
112,112.0,112.94904168794024,0.16666666666666657,0.16666666666666657,0.16666666666666657,0.16666666666666657,0.16666666666666657,0.16666666666666657
113,113.0,113.9420182763848,0.16666666666666657,0.16666666666666657,0.16666666666666657,0.16666666666666657,0.16666666666666657,0.16666666666666657
114,114.0,114.93427702322107,0.16666666666666657,0.16666666666666657,0.16666666666666657,0.16666666666666657,0.16666666666666657,0.16666666666666657
115,115.0,115.9259671251415,0.16666666666666657,0.16666666666666657,0.16666666666666657,0.16666666666666657,0.16666666666666657,0.16666666666666657
116,116.0,116.91722854561846,0.16666666666666657,0.16666666666666657,0.16666666666666657,0.16666666666666657,0.16666666666666657,0.16666666666666657
117,117.0,117.90819153859155,0.16666666666666657,0.16666666666666657,0.16666666666666657,0.16666666666666657,0.16666666666666657,0.16666666666666657
118,118.0,118.89897631688142,0.16666666666666657,0.16666666666666657,0.16666666666666657,0.16666666666666657,0.16666666666666657,0.16666666666666657
119,119.0,119.88969285417349,0.16666666666666657,0.16666666666666657,0.16666666666666657,0.16666666666666657,0.16666666666666657,0.16666666666666657
120,120.0,120.88044080919461,0.16666666666666657,0.16666666666666657,0.16666666666666657,0.16666666666666657,0.16666666666666657,0.16666666666666657
121,121.0,121.87130956062168,0.16666666666666657,0.16666666666666657,0.16666666666666657,0.16666666666666657,0.16666666666666657,0.16666666666666657
122,122.0,122.86237834129982,0.16666666666666657,0.16666666666666657,0.16666666666666657,0.16666666666666657,0.16666666666666657,0.16666666666666657
123,123.0,123.85371646049714,0.16666666666666657,0.16666666666666657,0.16666666666666657,0.16666666666666657,0.16666666666666657,0.16666666666666657
124,124.0,124.84538360316978,0.16666666666666657,0.16666666666666657,0.16666666666666657,0.16666666666666657,0.16666666666666657,0.16666666666666657
125,125.0,125.83743019554345,0.16666666666666657,0.16666666666666657,0.16666666666666657,0.16666666666666657,0.16666666666666657,0.16666666666666657
126,126.0,126.8298978267243,0.16666666666666657,0.16666666666666657,0.16666666666666657,0.16666666666666657,0.16666666666666657,0.16666666666666657
127,127.0,127.82281971651985,0.16666666666666657,0.16666666666666657,0.16666666666666657,0.16666666666666657,0.16666666666666657,0.16666666666666657
128,128.0,128.81622122017063,0.16666666666666657,0.16666666666666657,0.16666666666666657,0.16666666666666657,0.16666666666666657,0.16666666666666657
129,129.0,129.81012036125463,0.16666666666666657,0.16666666666666657,0.16666666666666657,0.16666666666666657,0.16666666666666657,0.16666666666666657
130,130.0,130.8045283846177,0.16666666666666657,0.16666666666666657,0.16666666666666657,0.16666666666666657,0.16666666666666657,0.16666666666666657
131,131.0,131.79945032179828,0.16666666666666657,0.16666666666666657,0.16666666666666657,0.16666666666666657,0.16666666666666657,0.16666666666666657
132,132.0,132.7948855620428,0.16666666666666657,0.16666666666666657,0.16666666666666657,0.16666666666666657,0.16666666666666657,0.16666666666666657
133,133.0,133.79082842264245,0.16666666666666657,0.16666666666666657,0.16666666666666657,0.16666666666666657,0.16666666666666657,0.16666666666666657
134,134.0,134.78726871295572,0.16666666666666657,0.16666666666666657,0.16666666666666657,0.16666666666666657,0.16666666666666657,0.16666666666666657
135,135.0,135.7841922871081,0.16666666666666657,0.16666666666666657,0.16666666666666657,0.16666666666666657,0.16666666666666657,0.16666666666666657
136,136.0,136.78158158097418,0.16666666666666657,0.16666666666666657,0.16666666666666657,0.16666666666666657,0.16666666666666657,0.16666666666666657
137,137.0,137.7794161296439,0.16666666666666657,0.16666666666666657,0.16666666666666657,0.16666666666666657,0.16666666666666657,0.16666666666666657
138,138.0,138.7776730621502,0.16666666666666657,0.16666666666666657,0.16666666666666657,0.16666666666666657,0.16666666666666657,0.16666666666666657
139,139.0,139.7763275707844,0.16666666666666657,0.16666666666666657,0.16666666666666657,0.16666666666666657,0.16666666666666657,0.16666666666666657
140,140.0,140.7753533528473,0.16666666666666657,0.16666666666666657,0.16666666666666657,0.16666666666666657,0.16666666666666657,0.16666666666666657
141,141.0,141.77472302317543,0.16666666666666657,0.16666666666666657,0.16666666666666657,0.16666666666666657,0.16666666666666657,0.16666666666666657
142,142.0,142.774408496239,0.16666666666666657,0.16666666666666657,0.16666666666666657,0.16666666666666657,0.16666666666666657,0.16666666666666657
143,143.0,143.77438133703384,0.16666666666666657,0.16666666666666657,0.16666666666666657,0.16666666666666657,0.16666666666666657,0.16666666666666657
144,144.0,144.77461308037886,0.16666666666666657,0.16666666666666657,0.16666666666666657,0.16666666666666657,0.16666666666666657,0.16666666666666657
145,145.0,145.7750755185856,0.16666666666666657,0.16666666666666657,0.16666666666666657,0.16666666666666657,0.16666666666666657,0.16666666666666657
146,146.0,146.7757409577858,0.16666666666666657,0.16666666666666657,0.16666666666666657,0.16666666666666657,0.16666666666666657,0.16666666666666657
147,147.0,147.77658244348814,0.16666666666666657,0.16666666666666657,0.16666666666666657,0.16666666666666657,0.16666666666666657,0.16666666666666657
148,148.0,148.77757395618534,0.16666666666666657,0.16666666666666657,0.16666666666666657,0.16666666666666657,0.16666666666666657,0.16666666666666657
149,149.0,149.77869057805097,0.16666666666666657,0.16666666666666657,0.16666666666666657,0.16666666666666657,0.16666666666666657,0.16666666666666657
150,150.0,150.77990863194952,0.16666666666666657,0.16666666666666657,0.16666666666666657,0.16666666666666657,0.16666666666666657,0.16666666666666657
151,151.0,151.78120579413874,0.16666666666666657,0.16666666666666657,0.16666666666666657,0.16666666666666657,0.16666666666666657,0.16666666666666657
152,152.0,152.78256118216765,0.16666666666666657,0.16666666666666657,0.16666666666666657,0.16666666666666657,0.16666666666666657,0.16666666666666657
153,153.0,153.793955419572,0.16666666666666657,0.16666666666666657,0.16666666666666657,0.16666666666666657,0.16666666666666657,0.16666666666666657
154,154.0,154.80527067904018,0.16666666666666657,0.16666666666666657,0.16666666666666657,0.16666666666666657,0.16666666666666657,0.16666666666666657
155,155.0,155.81640170577114,0.16666666666666657,0.16666666666666657,0.16666666666666657,0.16666666666666657,0.16666666666666657,0.16666666666666657
156,156.0,156.8272556127713,0.16666666666666657,0.16666666666666657,0.16666666666666657,0.16666666666666657,0.16666666666666657,0.16666666666666657
157,157.0,157.83775157294372,0.16666666666666657,0.16666666666666657,0.16666666666666657,0.16666666666666657,0.16666666666666657,0.16666666666666657
158,158.0,158.85782042136947,0.16666666666666657,0.16666666666666657,0.16666666666666657,0.16666666666666657,0.16666666666666657,0.16666666666666657
159,159.0,159.87730418073895,0.16666666666666657,0.16666666666666657,0.16666666666666657,0.16666666666666657,0.16666666666666657,0.16666666666666657
160,160.0,160.89606652236407,0.16666666666666657,0.16666666666666657,0.16666666666666657,0.16666666666666657,0.16666666666666657,0.16666666666666657
161,161.0,161.91399196460304,0.16666666666666657,0.16666666666666657,0.16666666666666657,0.16666666666666657,0.16666666666666657,0.16666666666666657
162,162.0,162.93098494297212,0.16666666666666657,0.16666666666666657,0.16666666666666657,0.16666666666666657,0.16666666666666657,0.16666666666666657
163,163.0,163.94696877407455,0.16666666666666657,0.16666666666666657,0.16666666666666657,0.16666666666666657,0.16666666666666657,0.16666666666666657
164,164.0,164.961884534326,0.16666666666666657,0.16666666666666657,0.16666666666666657,0.16666666666666657,0.16666666666666657,0.16666666666666657
165,165.0,165.98568987320903,0.16666666666666657,0.16666666666666657,0.16666666666666657,0.16666666666666657,0.16666666666666657,0.16666666666666657
166,166.0,167.00825777947168,0.16666666666666657,0.16666666666666657,0.16666666666666657,0.16666666666666657,0.16666666666666657,0.16666666666666657
167,167.0,168.03948631731333,0.16666666666666657,0.16666666666666657,0.16666666666666657,0.16666666666666657,0.16666666666666657,0.16666666666666657
168,168.0,169.0691971381977,0.16666666666666657,0.16666666666666657,0.16666666666666657,0.16666666666666657,0.16666666666666657,0.16666666666666657
169,169.0,170.09724490561166,0.16666666666666657,0.16666666666666657,0.16666666666666657,0.16666666666666657,0.16666666666666657,0.16666666666666657
170,170.0,171.1235154472281,0.16666666666666657,0.16666666666666657,0.16666666666666657,0.16666666666666657,0.16666666666666657,0.16666666666666657
171,171.0,172.14792378021062,0.16666666666666657,0.16666666666666657,0.16666666666666657,0.16666666666666657,0.16666666666666657,0.16666666666666657
172,172.0,173.17041204209278,0.16666666666666657,0.16666666666666657,0.16666666666666657,0.16666666666666657,0.16666666666666657,0.16666666666666657
173,173.0,174.2009473573658,0.16666666666666657,0.16666666666666657,0.16666666666666657,0.16666666666666657,0.16666666666666657,0.16666666666666657
174,174.0,175.22941966753785,0.16666666666666657,0.16666666666666657,0.16666666666666657,0.16666666666666657,0.16666666666666657,0.16666666666666657
175,175.0,176.25575055001732,0.16666666666666657,0.16666666666666657,0.16666666666666657,0.16666666666666657,0.16666666666666657,0.16666666666666657
176,176.0,177.27989083874866,0.16666666666666657,0.16666666666666657,0.16666666666666657,0.16666666666666657,0.16666666666666657,0.16666666666666657
177,177.0,178.3018181902194,0.16666666666666657,0.16666666666666657,0.16666666666666657,0.16666666666666657,0.16666666666666657,0.16666666666666657
178,178.0,179.32153462464086,0.16666666666666657,0.16666666666666657,0.16666666666666657,0.16666666666666657,0.16666666666666657,0.16666666666666657
179,179.0,180.33906406937376,0.16666666666666657,0.16666666666666657,0.16666666666666657,0.16666666666666657,0.16666666666666657,0.16666666666666657
180,180.0,181.36444992893962,0.16666666666666657,0.16666666666666657,0.16666666666666657,0.16666666666666657,0.16666666666666657,0.16666666666666657
181,181.0,182.3876527032595,0.16666666666666657,0.16666666666666657,0.16666666666666657,0.16666666666666657,0.16666666666666657,0.16666666666666657
182,182.0,183.40865867311481,0.16666666666666657,0.16666666666666657,0.16666666666666657,0.16666666666666657,0.16666666666666657,0.16666666666666657
183,183.0,184.42747745925345,0.16666666666666657,0.16666666666666657,0.16666666666666657,0.16666666666666657,0.16666666666666657,0.16666666666666657
184,184.0,185.44413959218568,0.16666666666666657,0.16666666666666657,0.16666666666666657,0.16666666666666657,0.16666666666666657,0.16666666666666657
185,185.0,186.4586941159028,0.16666666666666657,0.16666666666666657,0.16666666666666657,0.16666666666666657,0.16666666666666657,0.16666666666666657
186,186.0,187.47120624608922,0.16666666666666657,0.16666666666666657,0.16666666666666657,0.16666666666666657,0.16666666666666657,0.16666666666666657
187,187.0,188.4917551007961,0.16666666666666657,0.16666666666666657,0.16666666666666657,0.16666666666666657,0.16666666666666657,0.16666666666666657
188,188.0,189.51033151902433,0.16666666666666657,0.16666666666666657,0.16666666666666657,0.16666666666666657,0.16666666666666657,0.16666666666666657
189,189.0,190.5269469802395,0.16666666666666657,0.16666666666666657,0.16666666666666657,0.16666666666666657,0.16666666666666657,0.16666666666666657
190,190.0,191.54163142553074,0.16666666666666657,0.16666666666666657,0.16666666666666657,0.16666666666666657,0.16666666666666657,0.16666666666666657
191,191.0,192.55443111203758,0.16666666666666657,0.16666666666666657,0.16666666666666657,0.16666666666666657,0.16666666666666657,0.16666666666666657
192,192.0,193.56540651877333,0.16666666666666657,0.16666666666666657,0.16666666666666657,0.16666666666666657,0.16666666666666657,0.16666666666666657
193,193.0,194.57463031964778,0.16666666666666657,0.16666666666666657,0.16666666666666657,0.16666666666666657,0.16666666666666657,0.16666666666666657
194,194.0,195.58218543723834,0.16666666666666657,0.16666666666666657,0.16666666666666657,0.16666666666666657,0.16666666666666657,0.16666666666666657
195,195.0,196.58816318869745,0.16666666666666657,0.16666666666666657,0.16666666666666657,0.16666666666666657,0.16666666666666657,0.16666666666666657
196,196.0,197.59266153312365,0.16666666666666657,0.16666666666666657,0.16666666666666657,0.16666666666666657,0.16666666666666657,0.16666666666666657
197,197.0,198.595783427776,0.16666666666666657,0.16666666666666657,0.16666666666666657,0.16666666666666657,0.16666666666666657,0.16666666666666657
198,198.0,199.59763529868536,0.16596985150380347,0.1703889151605313,0.17219471089209545,0.1621455456930301,0.16458792230653,0.1647130544440091
199,199.0,200.59832562951695,0.16318118726398892,0.1779446119696758,0.17860814731312677,0.1569843258227727,0.1617178554075539,0.1615638722228815
200,200.0,201.59796367097022,0.16002289805188924,0.18539368519061897,0.18593407953940636,0.15173282830455856,0.15868145776424875,0.15823505114927774
201,201.0,202.59665827156843,0.1569269339128881,0.19267011619527014,0.1930842543574079,0.14661691782024533,0.15571809252878455,0.1549836851854037
202,202.0,203.59451682939115,0.1539180219810656,0.19971840489521195,0.20000474575977914,0.14167419477128607,0.15285009011273187,0.15183454247992514
203,203.0,204.59164436313768,0.15101754615502214,0.20649088263391593,0.20664931717405946,0.13693676764463494,0.15009659425831007,0.1488088921340573
204,204.0,205.58814269987818,0.14824366758244026,0.2129474057301188,0.2129791148849151,0.13243148111932768,0.14747368926790022,0.1459246414152978
205,205.0,206.58410977594585,0.1456114653236996,0.21905500441710868,0.21896231828558002,0.12818017400048295,0.1449945451050053,0.14319649286812336
206,206.0,207.5796390466473,0.14313309377000344,0.22478749514893698,0.22457375477306663,0.12419996141864294,0.14266957712850276,0.14063611776084725
207,207.0,208.57481899981212,0.14081795356638432,0.23012506381380154,0.22979448667381785,0.12050353604592559,0.14050661739951836,0.1382523425005524
208,208.0,209.56973276766234,0.13867287297987071,0.2350538269317501,0.23461137712749977,0.1170994834151458,0.13851109469059011,0.1360513448551436
209,209.0,210.56445783105096,0.1367022968546172,0.23956537742629475,0.23901664137428247,0.1139926067784176,0.13668622052680174,0.1340368570395864
210,210.0,211.55906580979018,0.1349084805057503,0.24365632105483048,0.24300738939238803,0.11118425730270315,0.13503317879527707,0.13221037294905114
211,211.0,212.55362233255758,0.13329168611912004,0.2473278090676728,0.24658516532450314,0.10867266576665818,0.133551316670105,0.130571357051941
212,212.0,213.54818697972263,0.13185037944236905,0.2505850721462627,0.24975548861990565,0.10645327229167623,0.132238334811902,0.1291174526878846
213,213.0,214.54281329237398,0.1305814247712769,0.25343696015323935,0.25252740130931284,0.10451905100640078,0.13109047501255322,0.1278446877472171
214,214.0,215.53754884083645,0.12948027645198867,0.2558954917156945,0.2549130253264301,0.10286082690471396,0.1301027036641667,0.1267476759370063
215,215.0,216.5324353460443,0.1285411653325168,0.25797541716245564,0.25692713329831535,0.10146758250927376,0.12926888963513009,0.12581981206230863
216,216.0,217.52750884727092,0.1277572788040744,0.2596937978506246,0.25858673574977287,0.10032675229340993,0.12858197533379873,0.12505345996831976
217,217.0,218.52279990990218,0.1271209332728429,0.2610696044491788,0.2599106872083309,0.09942450314132346,0.12803413993041546,0.12444013199790868
218,218.0,219.5183338671713,0.1266237380944136,0.2621233363010943,0.2609193132586938,0.0987459994381575,0.1276169538892193,0.12397065901842175
219,219.0,220.5141310900418,0.12625675018529053,0.2628766635625158,0.26163406018117735,0.09827565167605164,0.12732152413440345,0.12363535026056141
220,220.0,221.51020727972482,0.1260106186976343,0.2633520934198785,0.2620771684193448,0.09799734773852094,0.12713862933487807,0.12342414238974361
221,221.0,222.5065737776423,0.1258757193041748,0.26357266131501456,0.262271370759246,0.09789466628248318,0.12705884494310937,0.12332673739597225
222,222.0,223.5032378879916,0.12584227778942694,0.2635616477651953,0.26223961576730864,0.09795107187434945,0.12707265776223936,0.12333272904148043
223,223.0,224.50020320842606,0.12590048278066704,0.26334232105041455,0.2620048167266359,0.09815009175341069,0.1271705699429869,0.1234317177458851
224,224.0,225.49746996473283,0.1260405875773839,0.2629377057543162,0.261589626032508,0.09847547429215678,0.12734319242738273,0.12361341391625258
225,225.0,226.49503534576158,0.12625300115106267,0.262370376887993,0.2610162347572118,0.09891132939923178,0.12758132796021807,0.12386772984428288
226,226.0,227.49289383522984,0.12652836848827037,0.2616622790971306,0.2603061968716171,0.09944225126673203,0.1278760438813206,0.12418486039492943
227,227.0,228.49103753739897,0.12685764053928206,0.26083457025209167,0.25948027741560964,0.10005342399994002,0.12821873499265257,0.12455535280042415
228,228.0,229.48945649397717,0.12723213411220718,0.25990748854674417,0.2585583237407908,0.10073071078495291,0.12860117686407774,0.12497016595122729
229,229.0,230.48813898995783,0.12764358211912516,0.25890024208417245,0.2575591588057899,0.10146072734874005,0.12901557000087255,0.12542071964129994
230,230.0,231.48707184644084,0.12808417463656754,0.2578309198047246,0.25650049538597514,0.10223090054778618,0.12945457534513208,0.12589893427981444
231,231.0,232.48624069881114,0.12854659128830745,0.25671642251288285,0.2553988699640261,0.1030295129865749,0.12991134162266724,0.12639726162554146
232,232.0,233.4856302589563,0.12902402549439773,0.25557241268280484,0.2542695949943757,0.1038457346167441,0.13037952507737513,0.12690870713430247
233,233.0,234.4852245604974,0.12951020115734246,0.25441328166661503,0.2531267281814905,0.10466964230285401,0.13085330215699137,0.12742684453470648
234,234.0,235.48500718627938,0.12999938237482675,0.25325213289308657,0.2519830573778229,0.10549222836244948,0.13132737572822903,0.12794582326358514
235,235.0,236.48496147762037,0.13048637677922179,0.25210077962568855,0.25085009969048777,0.10630539909758599,0.13179697540621355,0.1284603694008022
236,236.0,237.4850707250511,0.13096653310779255,0.25096975584648196,0.24973811338472532,0.10710196433335807,0.1322578525834904,0.12896578074415163
237,237.0,238.4853183404882,0.13143573360483574,0.24986833884443965,0.24865612118543579,0.10787561896734445,0.13270627073835756,0.12945791665958672
238,238.0,239.48568801097673,0.13189038184853372,0.24880458211186565,0.24761194360396485,0.10862091751338383,0.13313899159150733,0.12993318333074455
239,239.0,240.48616383430667,0.13232738658178397,0.24778535718913886,0.2466122409543453,0.10933324259481053,0.13355325766457998,0.13038851501534127
240,240.0,241.48673043696053,0.13274414210829882,0.24681640314450182,0.24566256276988824,0.11000876830727153,0.13394677177485248,0.130821351895187
241,241.0,242.4873730749794,0.13313850579348663,0.24590238243059195,0.24476740338592198,0.1106444193305388,0.13431767397750213,0.13122961508195843
242,242.0,243.48807771844656,0.13350877318462825,0.24504694192147564,0.2439302625162371,0.11123782662329904,0.13466451644126473,0.13161167931309525
243,243.0,244.48883112038254,0.13385365123721685,0.24425277800176465,0.2431537097181023,0.11178728048567534,0.13498623671539134,0.13196634384184955
244,244.0,245.49962087092112,0.13417223010458187,0.2435217046517156,0.24243945171234393,0.11229168172208234,0.1352821298161043,0.13229280199317203
245,245.0,246.51033543769663,0.134463953916572,0.24285472354786278,0.24178840159978193,0.11275049158275291,0.13555181952973783,0.13259060982329265
246,246.0,247.5208751934176,0.13472859094060488,0.24225209527662506,0.24120074909222228,0.11316368110665398,0.13579522929786353,0.13285965428603042
247,247.0,248.53115222163228,0.13496620348523583,0.24171341083745335,0.24067603095424034,0.11353168043222349,0.13601255301735093,0.1331001212734962
248,248.0,249.54109002480922,0.13517711787295877,0.24123766269153274,0.24021320093025816,0.11385532858603889,0.13620422605586902,0.13331246386334256
249,249.0,250.55062314742037,0.1353618947755873,0.24082331469099735,0.23981069850911557,0.11413582420373744,0.13637089675112954,0.13349737106943296
250,250.0,251.55969672629618,0.13552130017260453,0.240468370301314,0.23946651595474006,0.11437467758275385,0.13651339863050563,0.13365573735808212
251,251.0,252.57826598002148,0.1356562771606014,0.24017043860529427,0.23917826310599868,0.11457366441316617,0.13663272355679196,0.13378863315814765
252,252.0,253.59619564857402,0.13576791881060005,0.23992679765053207,0.23894322952081543,0.11473478148153068,0.13672999597603466,0.13389727656048728
253,253.0,254.61337039378554,0.13585744223990026,0.23973445477244923,0.23875844360868628,0.11486020459336853,0.13680644841474565,0.13398300637085017
254,254.0,255.62969396053808,0.1359261640362789,0.23959020359215866,0.23862072846142718,0.11495224891321398,0.136863398346591,0.13404725665033038
255,255.0,256.64508823101,0.13597547714506433,0.23949067745168404,0.2385267541540237,0.11501333187706783,0.13690222652293882,0.13409153284922137
256,256.0,257.6594921921246,0.13600682930392802,0.2394323991084485,0.2384730863455643,0.1150459387908907,0.13692435683757542,0.13411738961359318
257,257.0,258.6728608352065,0.1360217030862735,0.2394118265661605,0.23845623106423913,0.11505259119054746,0.1369312377735255,0.13412641031925399
258,258.0,259.68516400562817,0.13602159759192914,0.23942539497014817,0.2384726756101481,0.11503581800345816,0.13692432545929825,0.13412018836501827
259,259.0,260.6963852189514,0.13600801180350736,0.23946955454174407,0.23851892555510865,0.1149981295201683,0.13690506834305366,0.13410031023641808
260,260.0,261.7065204587527,0.13598242960830012,0.2395408045684714,0.238591537859766,0.11494199415513083,0.1368748934761559,0.13406834033217585
261,261.0,262.71557696998644,0.13594630646893804,0.23963572350454976,0.23868715016510395,0.11486981795017087,0.13683519438233926,0.1340258075288982
262,262.0,263.7235720603969,0.13590105771123026,0.23975099526968327,0.23880250634800101,0.11478392675133028,0.13678732047523384,0.13397419344452144
263,263.0,264.73053192116237,0.1358480483845884,0.23988343186331504,0.23893447845887236,0.11468655096998553,0.13673256797523953,0.13391492234799926
264,264.0,265.73649047663963,0.13578858463917226,0.24002999243665898,0.2390800851838118,0.11457981282220049,0.13667217226664516,0.1338493526515114
265,265.0,266.74148827180284,0.13572390655431346,0.24018779898601042,0.23923650699416316,0.11446571592609703,0.1366073016273967,0.13377876991201934
266,266.0,267.74557140473166,0.13565518234480486,0.24035414884827505,0.2394010981632817,0.11434613712546803,0.13653905225695206,0.13370438126121842
267,267.0,268.74879051032025,0.1355835038652065,0.24052652419353895,0.23957139584359957,0.11422282039877234,0.13646844452213527,0.1336273111767475
268,268.0,269.7511998002468,0.1355098833273234,0.24070259872004954,0.23974512640719362,0.11409737270588356,0.13639642033673172,0.13354859850281833
269,269.0,270.75285616317825,0.1354352511423628,0.24088024176441705,0.2399202092601003,0.11397126162034991,0.13632384158765412,0.133469194625116
