Total_iterations,Unnamed: 0.1,Intertwine_two,Add_vertex,Delete_vertex,Invert_path_vertices,Insert_inside_vertex,Delete_inside_vertex
0,0.0,0.1666666666666666,0.1666666666666666,0.1666666666666666,0.1666666666666666,0.1666666666666666,0.1666666666666666
1,1.0,0.1666666666666666,0.1666666666666666,0.1666666666666666,0.1666666666666666,0.1666666666666666,0.1666666666666666
2,2.0,0.1666666666666666,0.1666666666666666,0.1666666666666666,0.1666666666666666,0.1666666666666666,0.1666666666666666
3,3.0,0.1666666666666666,0.1666666666666666,0.1666666666666666,0.1666666666666666,0.1666666666666666,0.1666666666666666
4,4.0,0.1666666666666666,0.1666666666666666,0.1666666666666666,0.1666666666666666,0.1666666666666666,0.1666666666666666
5,5.0,0.1666666666666666,0.1666666666666666,0.1666666666666666,0.1666666666666666,0.1666666666666666,0.1666666666666666
6,6.0,0.1666666666666666,0.1666666666666666,0.1666666666666666,0.1666666666666666,0.1666666666666666,0.1666666666666666
7,7.0,0.1666666666666666,0.1666666666666666,0.1666666666666666,0.1666666666666666,0.1666666666666666,0.1666666666666666
8,8.0,0.1666666666666666,0.1666666666666666,0.1666666666666666,0.1666666666666666,0.1666666666666666,0.1666666666666666
9,9.0,0.1666666666666666,0.1666666666666666,0.1666666666666666,0.1666666666666666,0.1666666666666666,0.1666666666666666
10,10.0,0.1666666666666666,0.1666666666666666,0.1666666666666666,0.1666666666666666,0.1666666666666666,0.1666666666666666
11,11.0,0.1666666666666666,0.1666666666666666,0.1666666666666666,0.1666666666666666,0.1666666666666666,0.1666666666666666
12,12.0,0.1666666666666666,0.1666666666666666,0.1666666666666666,0.1666666666666666,0.1666666666666666,0.1666666666666666
13,13.0,0.1666666666666666,0.1666666666666666,0.1666666666666666,0.1666666666666666,0.1666666666666666,0.1666666666666666
14,14.0,0.1666666666666666,0.1666666666666666,0.1666666666666666,0.1666666666666666,0.1666666666666666,0.1666666666666666
15,15.0,0.1666666666666666,0.1666666666666666,0.1666666666666666,0.1666666666666666,0.1666666666666666,0.1666666666666666
16,16.0,0.1666666666666666,0.1666666666666666,0.1666666666666666,0.1666666666666666,0.1666666666666666,0.1666666666666666
17,17.0,0.1666666666666666,0.1666666666666666,0.1666666666666666,0.1666666666666666,0.1666666666666666,0.1666666666666666
18,18.0,0.1666666666666666,0.1666666666666666,0.1666666666666666,0.1666666666666666,0.1666666666666666,0.1666666666666666
19,19.0,0.1666666666666666,0.1666666666666666,0.1666666666666666,0.1666666666666666,0.1666666666666666,0.1666666666666666
20,20.0,0.1666666666666666,0.1666666666666666,0.1666666666666666,0.1666666666666666,0.1666666666666666,0.1666666666666666
21,21.0,0.1666666666666666,0.1666666666666666,0.1666666666666666,0.1666666666666666,0.1666666666666666,0.1666666666666666
22,22.0,0.1666666666666666,0.1666666666666666,0.1666666666666666,0.1666666666666666,0.1666666666666666,0.1666666666666666
23,23.0,0.1666666666666666,0.1666666666666666,0.1666666666666666,0.1666666666666666,0.1666666666666666,0.1666666666666666
24,24.0,0.1666666666666666,0.1666666666666666,0.1666666666666666,0.1666666666666666,0.1666666666666666,0.1666666666666666
25,25.0,0.1666666666666666,0.1666666666666666,0.1666666666666666,0.1666666666666666,0.1666666666666666,0.1666666666666666
26,26.0,0.1666666666666666,0.1666666666666666,0.1666666666666666,0.1666666666666666,0.1666666666666666,0.1666666666666666
27,27.0,0.1666666666666666,0.1666666666666666,0.1666666666666666,0.1666666666666666,0.1666666666666666,0.1666666666666666
28,28.0,0.1666666666666666,0.1666666666666666,0.1666666666666666,0.1666666666666666,0.1666666666666666,0.1666666666666666
29,29.0,0.1666666666666666,0.1666666666666666,0.1666666666666666,0.1666666666666666,0.1666666666666666,0.1666666666666666
30,30.0,0.1666666666666666,0.1666666666666666,0.1666666666666666,0.1666666666666666,0.1666666666666666,0.1666666666666666
31,31.0,0.1666666666666666,0.1666666666666666,0.1666666666666666,0.1666666666666666,0.1666666666666666,0.1666666666666666
32,32.0,0.1666666666666666,0.1666666666666666,0.1666666666666666,0.1666666666666666,0.1666666666666666,0.1666666666666666
33,33.0,0.1666666666666666,0.1666666666666666,0.1666666666666666,0.1666666666666666,0.1666666666666666,0.1666666666666666
34,34.0,0.1666666666666666,0.1666666666666666,0.1666666666666666,0.1666666666666666,0.1666666666666666,0.1666666666666666
35,35.0,0.1666666666666666,0.1666666666666666,0.1666666666666666,0.1666666666666666,0.1666666666666666,0.1666666666666666
36,36.0,0.1666666666666666,0.1666666666666666,0.1666666666666666,0.1666666666666666,0.1666666666666666,0.1666666666666666
37,37.0,0.1666666666666666,0.1666666666666666,0.1666666666666666,0.1666666666666666,0.1666666666666666,0.1666666666666666
38,38.0,0.1666666666666666,0.1666666666666666,0.1666666666666666,0.1666666666666666,0.1666666666666666,0.1666666666666666
39,39.0,0.1666666666666666,0.1666666666666666,0.1666666666666666,0.1666666666666666,0.1666666666666666,0.1666666666666666
40,40.0,0.1666666666666666,0.1666666666666666,0.1666666666666666,0.1666666666666666,0.1666666666666666,0.1666666666666666
41,41.0,0.1666666666666666,0.1666666666666666,0.1666666666666666,0.1666666666666666,0.1666666666666666,0.1666666666666666
42,42.0,0.1666666666666666,0.1666666666666666,0.1666666666666666,0.1666666666666666,0.1666666666666666,0.1666666666666666
43,43.0,0.1666666666666666,0.1666666666666666,0.1666666666666666,0.1666666666666666,0.1666666666666666,0.1666666666666666
44,44.0,0.1666666666666666,0.1666666666666666,0.1666666666666666,0.1666666666666666,0.1666666666666666,0.1666666666666666
45,45.0,0.1666666666666666,0.1666666666666666,0.1666666666666666,0.1666666666666666,0.1666666666666666,0.1666666666666666
46,46.0,0.1666666666666666,0.1666666666666666,0.1666666666666666,0.1666666666666666,0.1666666666666666,0.1666666666666666
47,47.0,0.1666666666666666,0.1666666666666666,0.1666666666666666,0.1666666666666666,0.1666666666666666,0.1666666666666666
48,48.0,0.1666666666666666,0.1666666666666666,0.1666666666666666,0.1666666666666666,0.1666666666666666,0.1666666666666666
49,49.0,0.1666666666666666,0.1666666666666666,0.1666666666666666,0.1666666666666666,0.1666666666666666,0.1666666666666666
50,50.0,0.1666666666666666,0.1666666666666666,0.1666666666666666,0.1666666666666666,0.1666666666666666,0.1666666666666666
51,51.0,0.1666666666666666,0.1666666666666666,0.1666666666666666,0.1666666666666666,0.1666666666666666,0.1666666666666666
52,52.0,0.1666666666666666,0.1666666666666666,0.1666666666666666,0.1666666666666666,0.1666666666666666,0.1666666666666666
53,53.0,0.1666666666666666,0.1666666666666666,0.1666666666666666,0.1666666666666666,0.1666666666666666,0.1666666666666666
54,54.0,0.1666666666666666,0.1666666666666666,0.1666666666666666,0.1666666666666666,0.1666666666666666,0.1666666666666666
55,55.0,0.1666666666666666,0.1666666666666666,0.1666666666666666,0.1666666666666666,0.1666666666666666,0.1666666666666666
56,56.0,0.1666666666666666,0.1666666666666666,0.1666666666666666,0.1666666666666666,0.1666666666666666,0.1666666666666666
57,57.0,0.1666666666666666,0.1666666666666666,0.1666666666666666,0.1666666666666666,0.1666666666666666,0.1666666666666666
58,58.0,0.1666666666666666,0.1666666666666666,0.1666666666666666,0.1666666666666666,0.1666666666666666,0.1666666666666666
59,59.0,0.1666666666666666,0.1666666666666666,0.1666666666666666,0.1666666666666666,0.1666666666666666,0.1666666666666666
60,60.0,0.1666666666666666,0.1666666666666666,0.1666666666666666,0.1666666666666666,0.1666666666666666,0.1666666666666666
61,61.0,0.1666666666666666,0.1666666666666666,0.1666666666666666,0.1666666666666666,0.1666666666666666,0.1666666666666666
62,62.0,0.1666666666666666,0.1666666666666666,0.1666666666666666,0.1666666666666666,0.1666666666666666,0.1666666666666666
63,63.0,0.1666666666666666,0.1666666666666666,0.1666666666666666,0.1666666666666666,0.1666666666666666,0.1666666666666666
64,64.0,0.1666666666666666,0.1666666666666666,0.1666666666666666,0.1666666666666666,0.1666666666666666,0.1666666666666666
65,65.0,0.1666666666666666,0.1666666666666666,0.1666666666666666,0.1666666666666666,0.1666666666666666,0.1666666666666666
66,66.0,0.1666666666666666,0.1666666666666666,0.1666666666666666,0.1666666666666666,0.1666666666666666,0.1666666666666666
67,67.0,0.1666666666666666,0.1666666666666666,0.1666666666666666,0.1666666666666666,0.1666666666666666,0.1666666666666666
68,68.0,0.1666666666666666,0.1666666666666666,0.1666666666666666,0.1666666666666666,0.1666666666666666,0.1666666666666666
69,69.0,0.1666666666666666,0.1666666666666666,0.1666666666666666,0.1666666666666666,0.1666666666666666,0.1666666666666666
70,70.0,0.1666666666666666,0.1666666666666666,0.1666666666666666,0.1666666666666666,0.1666666666666666,0.1666666666666666
71,71.0,0.1666666666666666,0.1666666666666666,0.1666666666666666,0.1666666666666666,0.1666666666666666,0.1666666666666666
72,72.0,0.1666666666666666,0.1666666666666666,0.1666666666666666,0.1666666666666666,0.1666666666666666,0.1666666666666666
73,73.0,0.1666666666666666,0.1666666666666666,0.1666666666666666,0.1666666666666666,0.1666666666666666,0.1666666666666666
74,74.0,0.1666666666666666,0.1666666666666666,0.1666666666666666,0.1666666666666666,0.1666666666666666,0.1666666666666666
75,75.0,0.1666666666666666,0.1666666666666666,0.1666666666666666,0.1666666666666666,0.1666666666666666,0.1666666666666666
76,76.0,0.1666666666666666,0.1666666666666666,0.1666666666666666,0.1666666666666666,0.1666666666666666,0.1666666666666666
77,77.0,0.1666666666666666,0.1666666666666666,0.1666666666666666,0.1666666666666666,0.1666666666666666,0.1666666666666666
78,78.0,0.1666666666666666,0.1666666666666666,0.1666666666666666,0.1666666666666666,0.1666666666666666,0.1666666666666666
79,79.0,0.1666666666666666,0.1666666666666666,0.1666666666666666,0.1666666666666666,0.1666666666666666,0.1666666666666666
80,80.0,0.1666666666666666,0.1666666666666666,0.1666666666666666,0.1666666666666666,0.1666666666666666,0.1666666666666666
81,81.0,0.1666666666666666,0.1666666666666666,0.1666666666666666,0.1666666666666666,0.1666666666666666,0.1666666666666666
82,82.0,0.1666666666666666,0.1666666666666666,0.1666666666666666,0.1666666666666666,0.1666666666666666,0.1666666666666666
83,83.0,0.1666666666666666,0.1666666666666666,0.1666666666666666,0.1666666666666666,0.1666666666666666,0.1666666666666666
84,84.0,0.1666666666666666,0.1666666666666666,0.1666666666666666,0.1666666666666666,0.1666666666666666,0.1666666666666666
85,85.0,0.1666666666666666,0.1666666666666666,0.1666666666666666,0.1666666666666666,0.1666666666666666,0.1666666666666666
86,86.0,0.1666666666666666,0.1666666666666666,0.1666666666666666,0.1666666666666666,0.1666666666666666,0.1666666666666666
87,87.0,0.1666666666666666,0.1666666666666666,0.1666666666666666,0.1666666666666666,0.1666666666666666,0.1666666666666666
88,88.0,0.1666666666666666,0.1666666666666666,0.1666666666666666,0.1666666666666666,0.1666666666666666,0.1666666666666666
89,89.0,0.1666666666666666,0.1666666666666666,0.1666666666666666,0.1666666666666666,0.1666666666666666,0.1666666666666666
90,90.0,0.1666666666666666,0.1666666666666666,0.1666666666666666,0.1666666666666666,0.1666666666666666,0.1666666666666666
91,91.0,0.1666666666666666,0.1666666666666666,0.1666666666666666,0.1666666666666666,0.1666666666666666,0.1666666666666666
92,92.0,0.1666666666666666,0.1666666666666666,0.1666666666666666,0.1666666666666666,0.1666666666666666,0.1666666666666666
93,93.0,0.1666666666666666,0.1666666666666666,0.1666666666666666,0.1666666666666666,0.1666666666666666,0.1666666666666666
94,94.0,0.1666666666666666,0.1666666666666666,0.1666666666666666,0.1666666666666666,0.1666666666666666,0.1666666666666666
95,95.0,0.1666666666666666,0.1666666666666666,0.1666666666666666,0.1666666666666666,0.1666666666666666,0.1666666666666666
96,96.0,0.1666666666666666,0.1666666666666666,0.1666666666666666,0.1666666666666666,0.1666666666666666,0.1666666666666666
97,97.0,0.1666666666666666,0.1666666666666666,0.1666666666666666,0.1666666666666666,0.1666666666666666,0.1666666666666666
98,98.0,0.1666666666666666,0.1666666666666666,0.1666666666666666,0.1666666666666666,0.1666666666666666,0.1666666666666666
99,99.0,0.1666666666666666,0.1666666666666666,0.1666666666666666,0.1666666666666666,0.1666666666666666,0.1666666666666666
100,100.0,0.1666666666666666,0.1666666666666666,0.1666666666666666,0.1666666666666666,0.1666666666666666,0.1666666666666666
101,101.0,0.1666666666666666,0.1666666666666666,0.1666666666666666,0.1666666666666666,0.1666666666666666,0.1666666666666666
102,102.0,0.1666666666666666,0.1666666666666666,0.1666666666666666,0.1666666666666666,0.1666666666666666,0.1666666666666666
103,103.0,0.1666666666666666,0.1666666666666666,0.1666666666666666,0.1666666666666666,0.1666666666666666,0.1666666666666666
104,104.0,0.1666666666666666,0.1666666666666666,0.1666666666666666,0.1666666666666666,0.1666666666666666,0.1666666666666666
105,105.0,0.1666666666666666,0.1666666666666666,0.1666666666666666,0.1666666666666666,0.1666666666666666,0.1666666666666666
106,106.0,0.1666666666666666,0.1666666666666666,0.1666666666666666,0.1666666666666666,0.1666666666666666,0.1666666666666666
107,107.0,0.1666666666666666,0.1666666666666666,0.1666666666666666,0.1666666666666666,0.1666666666666666,0.1666666666666666
108,108.0,0.1666666666666666,0.1666666666666666,0.1666666666666666,0.1666666666666666,0.1666666666666666,0.1666666666666666
109,109.0,0.1666666666666666,0.1666666666666666,0.1666666666666666,0.1666666666666666,0.1666666666666666,0.1666666666666666
110,110.0,0.1666666666666666,0.1666666666666666,0.1666666666666666,0.1666666666666666,0.1666666666666666,0.1666666666666666
111,111.0,0.1666666666666666,0.1666666666666666,0.1666666666666666,0.1666666666666666,0.1666666666666666,0.1666666666666666
112,112.0,0.1666666666666666,0.1666666666666666,0.1666666666666666,0.1666666666666666,0.1666666666666666,0.1666666666666666
113,113.0,0.1666666666666666,0.1666666666666666,0.1666666666666666,0.1666666666666666,0.1666666666666666,0.1666666666666666
114,114.0,0.1666666666666666,0.1666666666666666,0.1666666666666666,0.1666666666666666,0.1666666666666666,0.1666666666666666
115,115.0,0.1666666666666666,0.1666666666666666,0.1666666666666666,0.1666666666666666,0.1666666666666666,0.1666666666666666
116,116.0,0.1666666666666666,0.1666666666666666,0.1666666666666666,0.1666666666666666,0.1666666666666666,0.1666666666666666
117,117.0,0.1666666666666666,0.1666666666666666,0.1666666666666666,0.1666666666666666,0.1666666666666666,0.1666666666666666
118,118.0,0.1666666666666666,0.1666666666666666,0.1666666666666666,0.1666666666666666,0.1666666666666666,0.1666666666666666
119,119.0,0.1666666666666666,0.1666666666666666,0.1666666666666666,0.1666666666666666,0.1666666666666666,0.1666666666666666
120,120.0,0.1666666666666666,0.1666666666666666,0.1666666666666666,0.1666666666666666,0.1666666666666666,0.1666666666666666
121,121.0,0.1666666666666666,0.1666666666666666,0.1666666666666666,0.1666666666666666,0.1666666666666666,0.1666666666666666
122,122.0,0.1666666666666666,0.1666666666666666,0.1666666666666666,0.1666666666666666,0.1666666666666666,0.1666666666666666
123,123.0,0.1666666666666666,0.1666666666666666,0.1666666666666666,0.1666666666666666,0.1666666666666666,0.1666666666666666
124,124.0,0.1666666666666666,0.1666666666666666,0.1666666666666666,0.1666666666666666,0.1666666666666666,0.1666666666666666
125,125.0,0.1666666666666666,0.1666666666666666,0.1666666666666666,0.1666666666666666,0.1666666666666666,0.1666666666666666
126,126.0,0.1666666666666666,0.1666666666666666,0.1666666666666666,0.1666666666666666,0.1666666666666666,0.1666666666666666
127,127.0,0.1666666666666666,0.1666666666666666,0.1666666666666666,0.1666666666666666,0.1666666666666666,0.1666666666666666
128,128.0,0.1666666666666666,0.1666666666666666,0.1666666666666666,0.1666666666666666,0.1666666666666666,0.1666666666666666
129,129.0,0.1666666666666666,0.1666666666666666,0.1666666666666666,0.1666666666666666,0.1666666666666666,0.1666666666666666
130,130.0,0.1666666666666666,0.1666666666666666,0.1666666666666666,0.1666666666666666,0.1666666666666666,0.1666666666666666
131,131.0,0.1666666666666666,0.1666666666666666,0.1666666666666666,0.1666666666666666,0.1666666666666666,0.1666666666666666
132,132.0,0.1666666666666666,0.1666666666666666,0.1666666666666666,0.1666666666666666,0.1666666666666666,0.1666666666666666
133,133.0,0.1666666666666666,0.1666666666666666,0.1666666666666666,0.1666666666666666,0.1666666666666666,0.1666666666666666
134,134.0,0.1666666666666666,0.1666666666666666,0.1666666666666666,0.1666666666666666,0.1666666666666666,0.1666666666666666
135,135.0,0.1666666666666666,0.1666666666666666,0.1666666666666666,0.1666666666666666,0.1666666666666666,0.1666666666666666
136,136.0,0.1666666666666666,0.1666666666666666,0.1666666666666666,0.1666666666666666,0.1666666666666666,0.1666666666666666
137,137.0,0.1666666666666666,0.1666666666666666,0.1666666666666666,0.1666666666666666,0.1666666666666666,0.1666666666666666
138,138.0,0.1666666666666666,0.1666666666666666,0.1666666666666666,0.1666666666666666,0.1666666666666666,0.1666666666666666
139,139.0,0.1666666666666666,0.1666666666666666,0.1666666666666666,0.1666666666666666,0.1666666666666666,0.1666666666666666
140,140.0,0.1666666666666666,0.1666666666666666,0.1666666666666666,0.1666666666666666,0.1666666666666666,0.1666666666666666
141,141.0,0.1666666666666666,0.1666666666666666,0.1666666666666666,0.1666666666666666,0.1666666666666666,0.1666666666666666
142,142.0,0.1666666666666666,0.1666666666666666,0.1666666666666666,0.1666666666666666,0.1666666666666666,0.1666666666666666
143,143.0,0.1666666666666666,0.1666666666666666,0.1666666666666666,0.1666666666666666,0.1666666666666666,0.1666666666666666
144,144.0,0.1666666666666666,0.1666666666666666,0.1666666666666666,0.1666666666666666,0.1666666666666666,0.1666666666666666
145,145.0,0.1666666666666666,0.1666666666666666,0.1666666666666666,0.1666666666666666,0.1666666666666666,0.1666666666666666
146,146.0,0.1666666666666666,0.1666666666666666,0.1666666666666666,0.1666666666666666,0.1666666666666666,0.1666666666666666
147,147.0,0.1666666666666666,0.1666666666666666,0.1666666666666666,0.1666666666666666,0.1666666666666666,0.1666666666666666
148,148.0,0.1666666666666666,0.1666666666666666,0.1666666666666666,0.1666666666666666,0.1666666666666666,0.1666666666666666
149,149.0,0.1666666666666666,0.1666666666666666,0.1666666666666666,0.1666666666666666,0.1666666666666666,0.1666666666666666
150,150.0,0.1666666666666666,0.1666666666666666,0.1666666666666666,0.1666666666666666,0.1666666666666666,0.1666666666666666
151,151.0,0.1666666666666666,0.1666666666666666,0.1666666666666666,0.1666666666666666,0.1666666666666666,0.1666666666666666
152,152.0,0.1666666666666666,0.1666666666666666,0.1666666666666666,0.1666666666666666,0.1666666666666666,0.1666666666666666
153,153.0,0.1666666666666666,0.1666666666666666,0.1666666666666666,0.1666666666666666,0.1666666666666666,0.1666666666666666
154,154.0,0.1666666666666666,0.1666666666666666,0.1666666666666666,0.1666666666666666,0.1666666666666666,0.1666666666666666
155,155.0,0.1666666666666666,0.1666666666666666,0.1666666666666666,0.1666666666666666,0.1666666666666666,0.1666666666666666
156,156.0,0.1666666666666666,0.1666666666666666,0.1666666666666666,0.1666666666666666,0.1666666666666666,0.1666666666666666
157,157.0,0.1666666666666666,0.1666666666666666,0.1666666666666666,0.1666666666666666,0.1666666666666666,0.1666666666666666
158,158.0,0.1666666666666666,0.1666666666666666,0.1666666666666666,0.1666666666666666,0.1666666666666666,0.1666666666666666
159,159.0,0.1666666666666666,0.1666666666666666,0.1666666666666666,0.1666666666666666,0.1666666666666666,0.1666666666666666
160,160.0,0.1666666666666666,0.1666666666666666,0.1666666666666666,0.1666666666666666,0.1666666666666666,0.1666666666666666
161,161.0,0.1666666666666666,0.1666666666666666,0.1666666666666666,0.1666666666666666,0.1666666666666666,0.1666666666666666
162,162.0,0.1666666666666666,0.1666666666666666,0.1666666666666666,0.1666666666666666,0.1666666666666666,0.1666666666666666
163,163.0,0.1666666666666666,0.1666666666666666,0.1666666666666666,0.1666666666666666,0.1666666666666666,0.1666666666666666
164,164.0,0.1666666666666666,0.1666666666666666,0.1666666666666666,0.1666666666666666,0.1666666666666666,0.1666666666666666
165,165.0,0.1666666666666666,0.1666666666666666,0.1666666666666666,0.1666666666666666,0.1666666666666666,0.1666666666666666
166,166.0,0.1666666666666666,0.1666666666666666,0.1666666666666666,0.1666666666666666,0.1666666666666666,0.1666666666666666
167,167.0,0.1666666666666666,0.1666666666666666,0.1666666666666666,0.1666666666666666,0.1666666666666666,0.1666666666666666
168,168.0,0.1666666666666666,0.1666666666666666,0.1666666666666666,0.1666666666666666,0.1666666666666666,0.1666666666666666
169,169.0,0.1666666666666666,0.1666666666666666,0.1666666666666666,0.1666666666666666,0.1666666666666666,0.1666666666666666
170,170.0,0.1666666666666666,0.1666666666666666,0.1666666666666666,0.1666666666666666,0.1666666666666666,0.1666666666666666
171,171.0,0.1666666666666666,0.1666666666666666,0.1666666666666666,0.1666666666666666,0.1666666666666666,0.1666666666666666
172,172.0,0.1666666666666666,0.1666666666666666,0.1666666666666666,0.1666666666666666,0.1666666666666666,0.1666666666666666
173,173.0,0.1666666666666666,0.1666666666666666,0.1666666666666666,0.1666666666666666,0.1666666666666666,0.1666666666666666
174,174.0,0.1666666666666666,0.1666666666666666,0.1666666666666666,0.1666666666666666,0.1666666666666666,0.1666666666666666
175,175.0,0.1666666666666666,0.1666666666666666,0.1666666666666666,0.1666666666666666,0.1666666666666666,0.1666666666666666
176,176.0,0.1666666666666666,0.1666666666666666,0.1666666666666666,0.1666666666666666,0.1666666666666666,0.1666666666666666
177,177.0,0.1666666666666666,0.1666666666666666,0.1666666666666666,0.1666666666666666,0.1666666666666666,0.1666666666666666
178,178.0,0.1666666666666666,0.1666666666666666,0.1666666666666666,0.1666666666666666,0.1666666666666666,0.1666666666666666
179,179.0,0.1666666666666666,0.1666666666666666,0.1666666666666666,0.1666666666666666,0.1666666666666666,0.1666666666666666
180,180.0,0.1666666666666666,0.1666666666666666,0.1666666666666666,0.1666666666666666,0.1666666666666666,0.1666666666666666
181,181.0,0.1666666666666666,0.1666666666666666,0.1666666666666666,0.1666666666666666,0.1666666666666666,0.1666666666666666
182,182.0,0.1666666666666666,0.1666666666666666,0.1666666666666666,0.1666666666666666,0.1666666666666666,0.1666666666666666
183,183.0,0.1666666666666666,0.1666666666666666,0.1666666666666666,0.1666666666666666,0.1666666666666666,0.1666666666666666
184,184.0,0.1666666666666666,0.1666666666666666,0.1666666666666666,0.1666666666666666,0.1666666666666666,0.1666666666666666
185,185.0,0.1666666666666666,0.1666666666666666,0.1666666666666666,0.1666666666666666,0.1666666666666666,0.1666666666666666
186,186.0,0.1666666666666666,0.1666666666666666,0.1666666666666666,0.1666666666666666,0.1666666666666666,0.1666666666666666
187,187.0,0.1666666666666666,0.1666666666666666,0.1666666666666666,0.1666666666666666,0.1666666666666666,0.1666666666666666
188,188.0,0.1666666666666666,0.1666666666666666,0.1666666666666666,0.1666666666666666,0.1666666666666666,0.1666666666666666
189,189.0,0.1666666666666666,0.1666666666666666,0.1666666666666666,0.1666666666666666,0.1666666666666666,0.1666666666666666
190,190.0,0.1666666666666666,0.1666666666666666,0.1666666666666666,0.1666666666666666,0.1666666666666666,0.1666666666666666
191,191.0,0.1666666666666666,0.1666666666666666,0.1666666666666666,0.1666666666666666,0.1666666666666666,0.1666666666666666
192,192.0,0.1666666666666666,0.1666666666666666,0.1666666666666666,0.1666666666666666,0.1666666666666666,0.1666666666666666
193,193.0,0.1666666666666666,0.1666666666666666,0.1666666666666666,0.1666666666666666,0.1666666666666666,0.1666666666666666
194,194.0,0.1666666666666666,0.1666666666666666,0.1666666666666666,0.1666666666666666,0.1666666666666666,0.1666666666666666
195,195.0,0.1666666666666666,0.1666666666666666,0.1666666666666666,0.1666666666666666,0.1666666666666666,0.1666666666666666
196,196.0,0.1676190476190476,0.1661904761904762,0.1661904761904762,0.1661904761904762,0.1661904761904762,0.1676190476190476
197,197.0,0.1692761904761905,0.1653619047619048,0.1666119047619048,0.1653619047619048,0.1653619047619048,0.1680261904761905
198,198.0,0.1704915238095238,0.1644070158730159,0.1668945158730159,0.1644070158730159,0.165518126984127,0.1682818015873016
199,199.0,0.1716720752380952,0.1634729901587302,0.1671743651587302,0.1634729901587302,0.1656841012698413,0.168523478015873
200,200.0,0.1726706285492063,0.1624281926698413,0.1682822636420635,0.1624281926698413,0.1657183037809524,0.1684724186880952
201,201.0,0.1731759535770476,0.1611969263364762,0.1699298829739763,0.1621969263364762,0.1654252363364762,0.1680750744395476
202,202.0,0.1741777744451222,0.1598283325245981,0.1710922294217458,0.1617274234336889,0.1648678293336889,0.1683064108411562
203,203.0,0.1748224839667865,0.1584377087080556,0.1721395401426422,0.161142142041389,0.1650053635257223,0.1684527616154046
204,204.0,0.1753363158784348,0.1570335883679051,0.1736713304506285,0.1605191188830566,0.1650775755117799,0.1683620709081952
205,205.0,0.1757954014401339,0.1556995441780906,0.1751465617566433,0.1599365401850603,0.1651584572107806,0.1682634952292915
206,206.0,0.1759625291931664,0.1542038137273813,0.1763180424097282,0.1605866634788225,0.1650082375963449,0.1679207135945567
207,207.0,0.1760795093551546,0.1527918086606597,0.1774187183829312,0.1612682887608012,0.1648658147102465,0.167575860130207
208,208.0,0.1761501868835828,0.1514692764901941,0.1784446633845084,0.1619714495793549,0.1647318331085125,0.1672325905538473
209,209.0,0.1761784852665229,0.1502404952480636,0.1793930910616066,0.1626869607726407,0.1646067884787241,0.1668941791724423
210,210.0,0.1761683594346942,0.1491083776538559,0.1802622688699027,0.1634064321912525,0.1644910375699843,0.1665635242803104
211,211.0,0.1761237530678919,0.148074578518721,0.181051430018194,0.1641222730984715,0.1643848085192758,0.1662431567774458
212,212.0,0.1760485602832814,0.1471396039881028,0.1817606845609981,0.1648276881363649,0.1642882114313026,0.1659352515999504
213,213.0,0.1759465916504896,0.1463029213468559,0.1823909306134355,0.1655166657414862,0.1642012490806708,0.1656416415670621
214,214.0,0.1756429730120912,0.1453844968038842,0.1840151951354472,0.1658268170239186,0.1639452561885812,0.1651852618360777
215,215.0,0.1751827309518561,0.1444235141916153,0.1852757701427922,0.1658365738967575,0.1646726322460369,0.1646087785709421
216,216.0,0.1747111302325704,0.1435588391431015,0.1864464188368637,0.1658258782322338,0.165402766597509,0.1640549669577218
217,217.0,0.1742340227273321,0.1427894876524525,0.1875244273620483,0.1657968822407291,0.1661280820700809,0.1635270979473574
218,218.0,0.1737567301897887,0.1421136208787884,0.1885082796499828,0.1657517059148564,0.1668418073969171,0.1630278559696669
219,219.0,0.1732840440485462,0.1415286490181473,0.1893975528015129,0.1656924190513113,0.1675379643393227,0.16255937074116
220,220.0,0.1728202305253869,0.1410313322978332,0.1901928119987638,0.1656210255724965,0.1682113481663167,0.1621232514392032
221,221.0,0.1723690404937342,0.1406178783710166,0.1908955060451908,0.1655394500747271,0.1688575023511704,0.1617206226641612
222,222.0,0.1719337235047538,0.140284035497616,0.1915078645154121,0.1654495265148762,0.1694726883162493,0.1613521616510929
223,223.0,0.1716559343129572,0.1401640698899126,0.1923105751601239,0.1656307667125284,0.1690816288016577,0.1611570251228206
224,224.0,0.1713976980305441,0.1401127934774138,0.1930265756554298,0.1658042418899567,0.1686638589505088,0.1609948319961472
225,225.0,0.1711596417294002,0.140123850104724,0.1936573770113176,0.1647189937974093,0.1682262274949697,0.1621139098621797
226,226.0,0.17094212797441,0.1401908959015893,0.19420519112817,0.1636367472428092,0.1677750969100347,0.1632499408429872
227,227.0,0.1708210352242656,0.1403834190688431,0.195960717376601,0.1626437821136652,0.1673920859902505,0.1627989602263749
228,228.0,0.1706439929120445,0.1405430072438346,0.1980053262506653,0.1615971605247839,0.1669302734843605,0.1622802395843117
229,229.0,0.1716770244257346,0.1405014446241267,0.1997106590700546,0.1603428009181142,0.1662322442561205,0.1615358267058498
230,230.0,0.1727173634961793,0.1404935476296722,0.2025578758263282,0.1591283064057876,0.1655428859843338,0.1595600206576993
231,231.0,0.1733967331198558,0.1403374572393187,0.2051007445296636,0.1577832639949214,0.1646896537275015,0.1586921473887393
232,232.0,0.1740658651166328,0.1402102679822741,0.2062549855840355,0.1564948931851926,0.1651081814924108,0.1578658066394546
233,233.0,0.1745802030403435,0.139971472748889,0.2081062526771298,0.1551315216356959,0.1652643302214606,0.1569462196764815
234,234.0,0.1746861940301687,0.1395096200891312,0.2114552194230323,0.153589283135903,0.1650716652198352,0.1556880181019299
235,235.0,0.1747736128695985,0.1390766342722357,0.2146436261890031,0.1521264867658415,0.1648919945106184,0.154487645392703
236,236.0,0.1748434425852782,0.1386739584720852,0.2166556449053757,0.1507498162762388,0.1657258153716616,0.1533513223893607
237,237.0,0.1748967437924261,0.1383025884450067,0.2184887941899461,0.1494644257839452,0.1665634404373283,0.1522840073513478
238,238.0,0.1749346363298238,0.1379631073139637,0.220142629493049,0.1482740411941525,0.1673961130364995,0.1512894726325117
239,239.0,0.1759582821390724,0.1376557210006631,0.2206185438598,0.1471810657625087,0.1682160016898331,0.150370385548123
240,240.0,0.1769588694348943,0.1373802938864638,0.2209295702401667,0.1461866883275153,0.1690161859053794,0.1495283922055807
241,241.0,0.177928698195674,0.1371363843225975,0.221089087168984,0.1452909928638572,0.1697906342847617,0.1487642031641259
242,242.0,0.1790278126539745,0.1370899463163364,0.2182773170887853,0.1456597347957042,0.1717008425944693,0.1482443465507307
243,243.0,0.1808095658227335,0.1369807880010733,0.2152785973103651,0.146021873873278,0.1732004963947362,0.1477086785978142
244,244.0,0.1825333308446721,0.1368980911726793,0.2122234281831478,0.1464562671730486,0.1746429273257765,0.1472459553006759
245,245.0,0.1841876688842529,0.1368400366507515,0.2091480063332855,0.1469513453397985,0.1760194333652025,0.1468535094267093
246,246.0,0.185762979259316,0.1368047407498625,0.2060851112515412,0.1474960891051623,0.1773228419417813,0.1465282376923369
247,247.0,0.1872514116325624,0.1367902805669173,0.2030641192119206,0.148080084471625,0.178547428716032,0.1462666754009431
248,248.0,0.1886467694804414,0.136794717131951,0.2001110498306074,0.148693566325412,0.1796888300004447,0.1460650672311438
249,249.0,0.1899444066770109,0.1368161164045153,0.1972486415355842,0.1493274511992531,0.1807439503311592,0.1459194338524777
250,250.0,0.1911411189154361,0.1368525681211316,0.1944964523011721,0.1499733599424044,0.1817108666002381,0.145825634119618
251,251.0,0.1912628093469251,0.1382910914091174,0.1921487598914319,0.1507625199693923,0.1827276189400431,0.1448072004430906
252,252.0,0.1912907632478565,0.1397270938784558,0.1899385915479938,0.1515477145515632,0.1836540562201035,0.1438417805540274
253,253.0,0.191095185843388,0.1419798009196516,0.1875965187698842,0.1521825993986883,0.1843510566847044,0.1427948383836838
254,254.0,0.190714274926993,0.1438616816717737,0.1851869305061292,0.1526897455246897,0.1848484828996344,0.1426988844707802
255,255.0,0.1901794638681191,0.1454182726834811,0.1827588560061126,0.1539950371586017,0.1851704089368024,0.1424779613468834
256,256.0,0.1895933089734211,0.1469119915641525,0.1805020610020972,0.1552692431969304,0.185412983735431,0.142310411527968
257,257.0,0.1889668061754284,0.1483341883380851,0.1784219854945229,0.1565027301388509,0.1855817166713879,0.142192573181725
258,258.0,0.1882344977166928,0.1502838538542737,0.1763702431373063,0.1575357198730696,0.1856065470258232,0.1419691383928346
259,259.0,0.1874183665019552,0.1518868797814663,0.175141907316373,0.1583860907311731,0.1855056960074237,0.1416610596616088
260,260.0,0.1865926484266555,0.1533926690500597,0.174089997659381,0.1591789855075763,0.1853504325713495,0.1413952667849781
261,261.0,0.1857665593576029,0.1547958874332279,0.1724381598772753,0.1599122228626854,0.1851477505937286,0.1419394198754801
262,262.0,0.1849483972848632,0.1560927598356818,0.170955212852696,0.1605844361650787,0.184904418748492,0.1425147751131887
263,263.0,0.1839074558914373,0.1570428568933729,0.1708295731706124,0.1609569104489085,0.1843888401027583,0.142874363492911
264,264.0,0.1828907082376138,0.1578856408844864,0.1708553379221672,0.1612701805874786,0.1838476808373203,0.143250451530934
265,265.0,0.1816678071878754,0.1583853200376736,0.1707790137783858,0.1612889390558341,0.184479386797279,0.1433995331429524
266,266.0,0.1803073113780253,0.1586069223309097,0.170647287155954,0.1610781637220271,0.1859817829719238,0.1433785324411605
267,267.0,0.1789972995278874,0.1587367537129716,0.1706277298546753,0.1608236300053263,0.187449204949468,0.1433653819496717
268,268.0,0.177745823359992,0.1587826929611561,0.1707093205154473,0.160532259081188,0.1888704759298465,0.1433594281523705
269,269.0,0.1765595440677936,0.1587526698963692,0.1708811284354572,0.1602106483795974,0.1902359983029718,0.1433600109178112
270,270.0,0.1754438047566447,0.1586545809805558,0.171132413809581,0.1598650379853156,0.1915376917058382,0.1433664707620652
271,271.0,0.1744027088215517,0.1584962136879767,0.1714527160386661,0.1595012839715545,0.1927689221014428,0.1433781553788086
272,272.0,0.1734392028842599,0.1582851795292343,0.1718319304149256,0.1591248382403997,0.1939244234865557,0.143394425444625
273,273.0,0.1725551630043623,0.1580288555325323,0.1722603735798795,0.1587407344209021,0.1950002137483751,0.143414659713949
274,274.0,0.1717514829749183,0.1577343339216338,0.1727288382230087,0.158353579360091,0.195993506096612,0.1434382594237366
275,275.0,0.1710281636111769,0.1574083796740673,0.1732286375500644,0.1579675497327058,0.1969026173991424,0.1434646520328436
276,276.0,0.1703844020402055,0.1570573955959753,0.1737516400993834,0.1575863932916778,0.1977268746475115,0.1434932943252468
277,277.0,0.1698186800984366,0.1566873945111914,0.1742902955232462,0.1572134342827816,0.1984665206746518,0.1435236749096928
278,278.0,0.1693288510423677,0.1563039781312324,0.1748376519799598,0.1568515825528928,0.1991226201424149,0.1435553161511326
279,279.0,0.1689122238739896,0.1559123221494155,0.175387365801672,0.1565033458914098,0.1996969667120608,0.1435877755714527
280,280.0,0.1685656446762168,0.1555171670857448,0.1759337041136658,0.1561708451581066,0.2001919922077047,0.1436206467585616
281,281.0,0.1682855744439667,0.1551228143990422,0.176471541083793,0.1558558317674985,0.2006106784817904,0.1436535598239096
282,282.0,0.1680681629830094,0.154733127378478,0.1769963484765392,0.1555597071192218,0.2009564725937329,0.1436861814490191
283,283.0,0.1676712232927299,0.1541134410895487,0.1772660859376196,0.1550454483474311,0.2009951105805318,0.1449086907521391
284,284.0,0.1671523918786777,0.1533286666076945,0.1773392773713044,0.15437572573791,0.2007926359605479,0.1470113024438659
285,285.0,0.1664516652749895,0.1523257795446453,0.1771574645136153,0.1534954019481456,0.2002978037882782,0.1502718849303264
286,286.0,0.1658085259809515,0.151350905743437,0.1782122516365522,0.1526486260483458,0.1997590838549597,0.152220606735754
287,287.0,0.1650847577696502,0.1502721037270086,0.1800777642041567,0.1517016221196231,0.1990473632471417,0.1538163889324199
288,288.0,0.1640714548657186,0.1488863479878401,0.1813328459748572,0.1518782480835222,0.1979628528891459,0.1558682501989162
289,289.0,0.1631219894817447,0.1475524771698828,0.1825402749249229,0.1520929461197133,0.1968679625738557,0.1578243497298807
290,290.0,0.1622394725195726,0.1462786414891953,0.1836927420469166,0.1523397620406054,0.1957746792001535,0.1596747027035567
291,291.0,0.1615371454177549,0.1462937980110796,0.185117552185759,0.1527241270096304,0.1948048860187286,0.1595224913570476
292,292.0,0.1609040124612742,0.1463688959500598,0.1864732229383766,0.1531284424722849,0.1938559319421676,0.159269494235837
293,293.0,0.1603394855651618,0.1464971901850363,0.1877531115358659,0.1535466702245793,0.1929352226007497,0.158928319888607
294,294.0,0.1598423493923419,0.14667207814406,0.1889519973077648,0.1539732367600268,0.1920491406143747,0.158511197781432
295,295.0,0.1594108362322135,0.1468871515751356,0.1900659916789132,0.1529744711063861,0.1912030840674021,0.1594584653399496
296,296.0,0.1590426989151086,0.1471362411967475,0.1910924438456748,0.1519886084248167,0.1904015109813614,0.1603384966362911
297,297.0,0.1585567098013247,0.1472348830650542,0.1918512720782493,0.1508456456163557,0.1907194173124483,0.1607920721265678
298,298.0,0.1579913393584927,0.1472189609335288,0.1923834758845549,0.1507056588297135,0.1907996125635758,0.1609009524301342
299,299.0,0.1572629572017236,0.1468917570901364,0.1943869512247111,0.1502614169972413,0.1905817325568952,0.1606151849292924
300,300.0,0.1566828106616412,0.1465844249912507,0.1961094712568663,0.1508445412885999,0.1894139973844879,0.160364754417154
301,301.0,0.1561629815380814,0.1463009728613321,0.1977284647530575,0.1514493859264149,0.1882884595250402,0.1600697353960738
302,302.0,0.155933405611397,0.14596492414786,0.1986996328934576,0.1525292688912009,0.1884429238566198,0.1584298445994646
303,303.0,0.1553235138273276,0.1449604068218322,0.2008916662458615,0.1538258708705963,0.1887527073216701,0.1562458349127121
304,304.0,0.1543746700116858,0.1441061849346367,0.2017892403842272,0.1553564492702415,0.1903158301888435,0.1540576252103651
305,305.0,0.1533749159254434,0.1431788908193818,0.2033482955740449,0.1567500357068502,0.1915618401097688,0.1517860218645109
306,306.0,0.1523635825607653,0.1413102561551775,0.2063780022491804,0.1578791207850871,0.1926584731283463,0.1494105651214434
307,307.0,0.1514201229973236,0.1394994649799245,0.2092691800125322,0.1589634092445525,0.1937460642409888,0.1471017585246783
308,308.0,0.1505471844506291,0.1377588408564801,0.2120067699776454,0.159996537862529,0.1948146417271632,0.1448760251255531
309,309.0,0.149634889092919,0.1361237483458729,0.2145887450346826,0.1609999313636257,0.1958820612012948,0.142770624961605
310,310.0,0.1487966951592715,0.1337441743561145,0.2178291892482233,0.1619425533005435,0.1969137882458703,0.1407735996899769
311,311.0,0.1479694718825142,0.131404260210915,0.2212644666450972,0.1626928494821262,0.1978389722692972,0.1388299795100503
312,312.0,0.1471631416824729,0.1291261863200177,0.2248242576165188,0.1632680440275857,0.1986617629862032,0.1369566073672017
313,313.0,0.1464331291029271,0.1269759999463519,0.2281638095986157,0.163778796253981,0.199433622369522,0.1352146427286023
314,314.0,0.1457961906826055,0.1247248885696688,0.2312820038754892,0.1643853628982956,0.2001792660387517,0.1336322879351893
315,315.0,0.1458359684763691,0.1226792653278463,0.2337693613744599,0.1648047808349785,0.2007942920290418,0.1321163319573045
316,316.0,0.14584264623523,0.1207200281405439,0.2356728536123531,0.1650517915872257,0.2019097692699093,0.130802911154738
317,317.0,0.1458359227883103,0.1188798450892794,0.2376349408489474,0.1651681108796681,0.202889944476099,0.1295912359176958
318,318.0,0.1458833819612454,0.1171983008262558,0.2379368654010823,0.1652318211359502,0.2038047225696051,0.1299449081058614
319,319.0,0.1464623241776315,0.1154977754867077,0.2378487671488253,0.1656572100226712,0.2044729240521894,0.1300609991119751
320,320.0,0.1468011599836019,0.1138189978285084,0.2374323547519636,0.1658962694200396,0.2060454610780548,0.1300057569378318
321,321.0,0.1471705116621385,0.1124297859883103,0.2382781951774977,0.1660902416830169,0.2074129695944094,0.1286182958946273
322,322.0,0.1473850626806279,0.1110211194587591,0.2386087475960755,0.1660631243738411,0.2085190905538539,0.1284028553368425
