,Unnamed: 0,Total_iterations,Intertwine_two,Add_vertex,Delete_vertex,Invert_path_vertices,Insert_inside_vertex,Delete_inside_vertex
0,0.0,0.0,0.16666666666666669,0.16666666666666669,0.16666666666666669,0.16666666666666669,0.16666666666666669,0.16666666666666669
1,1.0,0.10900000000000001,0.16666666666666669,0.16666666666666669,0.16666666666666669,0.16666666666666669,0.16666666666666669,0.16666666666666669
2,2.0,0.31601,0.16666666666666669,0.16666666666666669,0.16666666666666669,0.16666666666666669,0.16666666666666669,0.16666666666666669
3,3.0,0.6191589000000001,0.16666666666666669,0.16666666666666669,0.16666666666666669,0.16666666666666669,0.16666666666666669,0.16666666666666669
4,4.0,1.015801321,0.16666666666666669,0.16666666666666669,0.16666666666666669,0.16666666666666669,0.16666666666666669,0.16666666666666669
5,5.0,1.50262148669,0.16666666666666669,0.16666666666666669,0.16666666666666669,0.16666666666666669,0.16666666666666669,0.16666666666666669
6,6.0,2.0757334209441005,0.16666666666666669,0.16666666666666669,0.16666666666666669,0.16666666666666669,0.16666666666666669,0.16666666666666669
7,7.0,2.7307768275633495,0.16666666666666669,0.16666666666666669,0.16666666666666669,0.16666666666666669,0.16666666666666669,0.16666666666666669
8,8.0,3.4630081252450404,0.16666666666666669,0.16666666666666669,0.16666666666666669,0.16666666666666669,0.16666666666666669,0.16666666666666669
9,9.0,4.2673862119061114,0.16666666666666669,0.16666666666666669,0.16666666666666669,0.16666666666666669,0.16666666666666669,0.16666666666666669
10,10.0,5.138652627782014,0.16666666666666669,0.16666666666666669,0.16666666666666669,0.16666666666666669,0.16666666666666669,0.16666666666666669
11,11.0,6.071405875792507,0.16666666666666669,0.16666666666666669,0.16666666666666669,0.16666666666666669,0.16666666666666669,0.16666666666666669
12,12.0,7.060169740244025,0.16666666666666669,0.16666666666666669,0.16666666666666669,0.16666666666666669,0.16666666666666669,0.16666666666666669
13,13.0,8.109455520847952,0.16666666666666669,0.16666666666666669,0.16666666666666669,0.16666666666666669,0.16666666666666669,0.16666666666666669
14,14.0,9.223718168183007,0.16666666666666669,0.16666666666666669,0.16666666666666669,0.16666666666666669,0.16666666666666669,0.16666666666666669
15,15.0,10.377317369102727,0.16666666666666669,0.16666666666666669,0.16666666666666669,0.16666666666666669,0.16666666666666669,0.16666666666666669
16,16.0,11.564783476239446,0.16666666666666669,0.16666666666666669,0.16666666666666669,0.16666666666666669,0.16666666666666669,0.16666666666666669
17,17.0,12.780855137900101,0.16666666666666669,0.16666666666666669,0.16666666666666669,0.16666666666666669,0.16666666666666669,0.16666666666666669
18,18.0,14.020511082015688,0.16666666666666669,0.16666666666666669,0.16666666666666669,0.16666666666666669,0.16666666666666669,0.16666666666666669
19,19.0,15.30899632089956,0.16666666666666669,0.16666666666666669,0.16666666666666669,0.16666666666666669,0.16666666666666669,0.16666666666666669
20,20.0,16.611543072686047,0.16666666666666669,0.16666666666666669,0.16666666666666669,0.16666666666666669,0.16666666666666669,0.16666666666666669
21,21.0,17.933719718567026,0.16666666666666669,0.16666666666666669,0.16666666666666669,0.16666666666666669,0.16666666666666669,0.16666666666666669
22,22.0,19.281341502674238,0.16666666666666669,0.16666666666666669,0.16666666666666669,0.16666666666666669,0.16666666666666669,0.16666666666666669
23,23.0,20.630387693343984,0.16666666666666669,0.16666666666666669,0.16666666666666669,0.16666666666666669,0.16666666666666669,0.16666666666666669
24,24.0,21.987225388013318,0.16666666666666669,0.16666666666666669,0.16666666666666669,0.16666666666666669,0.16666666666666669,0.16666666666666669
25,25.0,23.348507059335585,0.16666666666666669,0.16666666666666669,0.16666666666666669,0.16666666666666669,0.16666666666666669,0.16666666666666669
26,26.0,24.701175492932272,0.16666666666666669,0.16666666666666669,0.16666666666666669,0.16666666666666669,0.16666666666666669,0.16666666666666669
27,27.0,26.042565328239967,0.16666666666666669,0.16666666666666669,0.16666666666666669,0.16666666666666669,0.16666666666666669,0.16666666666666669
28,28.0,27.37039052673449,0.16666666666666669,0.16666666666666669,0.16666666666666669,0.16666666666666669,0.16666666666666669,0.16666666666666669
29,29.0,28.682729300112218,0.16666666666666669,0.16666666666666669,0.16666666666666669,0.16666666666666669,0.16666666666666669,0.16666666666666669
30,30.0,29.97800690315105,0.16666666666666669,0.16666666666666669,0.16666666666666669,0.16666666666666669,0.16666666666666669,0.16666666666666669
31,31.0,31.25497667685449,0.16666666666666669,0.16666666666666669,0.16666666666666669,0.16666666666666669,0.16666666666666669,0.16666666666666669
32,32.0,32.53269970641904,0.16666666666666669,0.16666666666666669,0.16666666666666669,0.16666666666666669,0.16666666666666669,0.16666666666666669
33,33.0,33.79032343596295,0.16666666666666669,0.16666666666666669,0.16666666666666669,0.16666666666666669,0.16666666666666669,0.16666666666666669
34,34.0,35.02728155819283,0.16666666666666669,0.16666666666666669,0.16666666666666669,0.16666666666666669,0.16666666666666669,0.16666666666666669
35,35.0,36.253271052617805,0.16666666666666669,0.16666666666666669,0.16666666666666669,0.16666666666666669,0.16666666666666669,0.16666666666666669
36,36.0,37.458128887074096,0.16666666666666669,0.16666666666666669,0.16666666666666669,0.16666666666666669,0.16666666666666669,0.16666666666666669
37,37.0,38.64191964921402,0.16666666666666669,0.16666666666666669,0.16666666666666669,0.16666666666666669,0.16666666666666669,0.16666666666666669
38,38.0,39.80491213864781,0.16666666666666669,0.16666666666666669,0.16666666666666669,0.16666666666666669,0.16666666666666669,0.16666666666666669
39,39.0,40.95755625775174,0.16666666666666669,0.16666666666666669,0.16666666666666669,0.16666666666666669,0.16666666666666669,0.16666666666666669
40,40.0,42.09036040236776,0.16666666666666669,0.16666666666666669,0.16666666666666669,0.16666666666666669,0.16666666666666669,0.16666666666666669
41,41.0,43.2139805284985,0.16666666666666669,0.16666666666666669,0.16666666666666669,0.16666666666666669,0.16666666666666669,0.16666666666666669
42,42.0,44.319098836731186,0.16666666666666669,0.16666666666666669,0.16666666666666669,0.16666666666666669,0.16666666666666669,0.16666666666666669
43,43.0,45.406514325773294,0.16666666666666669,0.16666666666666669,0.16666666666666669,0.16666666666666669,0.16666666666666669,0.16666666666666669
44,44.0,46.47712312265346,0.16666666666666669,0.16666666666666669,0.16666666666666669,0.16666666666666669,0.16666666666666669,0.16666666666666669
45,45.0,47.54189980861907,0.16666666666666669,0.16666666666666669,0.16666666666666669,0.16666666666666669,0.16666666666666669,0.16666666666666669
46,46.0,48.601779827901936,0.16666666666666669,0.16666666666666669,0.16666666666666669,0.16666666666666669,0.16666666666666669,0.16666666666666669
47,47.0,49.65765404697749,0.16666666666666669,0.16666666666666669,0.16666666666666669,0.16666666666666669,0.16666666666666669,0.16666666666666669
48,48.0,50.70036430367572,0.16666666666666669,0.16666666666666669,0.16666666666666669,0.16666666666666669,0.16666666666666669,0.16666666666666669
49,49.0,51.740799891667365,0.16666666666666669,0.16666666666666669,0.16666666666666669,0.16666666666666669,0.16666666666666669,0.16666666666666669
50,50.0,52.799783921943174,0.16666666666666669,0.16666666666666669,0.16666666666666669,0.16666666666666669,0.16666666666666669,0.16666666666666669
51,51.0,53.84787170997196,0.16666666666666669,0.16666666666666669,0.16666666666666669,0.16666666666666669,0.16666666666666669,0.16666666666666669
52,52.0,54.885672002098154,0.16666666666666669,0.16666666666666669,0.16666666666666669,0.16666666666666669,0.16666666666666669,0.16666666666666669
53,53.0,55.91383554499075,0.16666666666666669,0.16666666666666669,0.16666666666666669,0.16666666666666669,0.16666666666666669,0.16666666666666669
54,54.0,56.933044378144174,0.16666666666666669,0.16666666666666669,0.16666666666666669,0.16666666666666669,0.16666666666666669,0.16666666666666669
55,55.0,57.944001884200816,0.16666666666666669,0.16666666666666669,0.16666666666666669,0.16666666666666669,0.16666666666666669,0.16666666666666669
56,56.0,58.947423620809786,0.16666666666666669,0.16666666666666669,0.16666666666666669,0.16666666666666669,0.16666666666666669,0.16666666666666669
57,57.0,59.94402894754976,0.16666666666666669,0.16666666666666669,0.16666666666666669,0.16666666666666669,0.16666666666666669,0.16666666666666669
58,58.0,60.93453345214024,0.16666666666666669,0.16666666666666669,0.16666666666666669,0.16666666666666669,0.16666666666666669,0.16666666666666669
59,59.0,61.919642171750276,0.16666666666666669,0.16666666666666669,0.16666666666666669,0.16666666666666669,0.16666666666666669,0.16666666666666669
60,60.0,62.9000435976818,0.16666666666666669,0.16666666666666669,0.16666666666666669,0.16666666666666669,0.16666666666666669,0.16666666666666669
61,61.0,63.886404445043354,0.16666666666666669,0.16666666666666669,0.16666666666666669,0.16666666666666669,0.16666666666666669,0.16666666666666669
62,62.0,64.86926516321832,0.16666666666666669,0.16666666666666669,0.16666666666666669,0.16666666666666669,0.16666666666666669,0.16666666666666669
63,63.0,65.8491471579436,0.16666666666666669,0.16666666666666669,0.16666666666666669,0.16666666666666669,0.16666666666666669,0.16666666666666669
64,64.0,66.82654948161694,0.16666666666666669,0.16666666666666669,0.16666666666666669,0.16666666666666669,0.16666666666666669,0.16666666666666669
65,65.0,67.80194607810675,0.16666666666666669,0.16666666666666669,0.16666666666666669,0.16666666666666669,0.16666666666666669,0.16666666666666669
66,66.0,68.79578355416652,0.16666666666666669,0.16666666666666669,0.16666666666666669,0.16666666666666669,0.16666666666666669,0.16666666666666669
67,67.0,69.78827944707865,0.16666666666666669,0.16666666666666669,0.16666666666666669,0.16666666666666669,0.16666666666666669,0.16666666666666669
68,68.0,70.77964295622878,0.16666666666666669,0.16666666666666669,0.16666666666666669,0.16666666666666669,0.16666666666666669,0.16666666666666669
69,69.0,71.77007368490162,0.16666666666666669,0.16666666666666669,0.16666666666666669,0.16666666666666669,0.16666666666666669,0.16666666666666669
70,70.0,72.75976060385815,0.16666666666666669,0.16666666666666669,0.16666666666666669,0.16666666666666669,0.16666666666666669,0.16666666666666669
71,71.0,73.74888122488045,0.16666666666666669,0.16666666666666669,0.16666666666666669,0.16666666666666669,0.16666666666666669,0.16666666666666669
72,72.0,74.7376009715517,0.16666666666666669,0.16666666666666669,0.16666666666666669,0.16666666666666669,0.16666666666666669,0.16666666666666669
73,73.0,75.72607273384033,0.16666666666666669,0.16666666666666669,0.16666666666666669,0.16666666666666669,0.16666666666666669,0.16666666666666669
74,74.0,76.72443659256167,0.16666666666666669,0.16666666666666669,0.16666666666666669,0.16666666666666669,0.16666666666666669,0.16666666666666669
75,75.0,77.72271969948527,0.16666666666666669,0.16666666666666669,0.16666666666666669,0.16666666666666669,0.16666666666666669,0.16666666666666669
76,76.0,78.72094729872167,0.16666666666666669,0.16666666666666669,0.16666666666666669,0.16666666666666669,0.16666666666666669,0.16666666666666669
77,77.0,79.7191426650472,0.16666666666666669,0.16666666666666669,0.16666666666666669,0.16666666666666669,0.16666666666666669,0.16666666666666669
78,78.0,80.71732706808973,0.16666666666666669,0.16666666666666669,0.16666666666666669,0.16666666666666669,0.16666666666666669,0.16666666666666669
79,79.0,81.71551976014709,0.16666666666666669,0.16666666666666669,0.16666666666666669,0.16666666666666669,0.16666666666666669,0.16666666666666669
80,80.0,82.71373798539724,0.16666666666666669,0.16666666666666669,0.16666666666666669,0.16666666666666669,0.16666666666666669,0.16666666666666669
81,81.0,83.71199700826841,0.16666666666666669,0.16666666666666669,0.16666666666666669,0.16666666666666669,0.16666666666666669,0.16666666666666669
82,82.0,84.72031015876979,0.16666666666666669,0.16666666666666669,0.16666666666666669,0.16666666666666669,0.16666666666666669,0.16666666666666669
83,83.0,85.72858889263333,0.16666666666666669,0.16666666666666669,0.16666666666666669,0.16666666666666669,0.16666666666666669,0.16666666666666669
84,84.0,86.73675386418418,0.16666666666666669,0.16666666666666669,0.16666666666666669,0.16666666666666669,0.16666666666666669,0.16666666666666669
85,85.0,87.7447347999381,0.16666666666666669,0.16666666666666669,0.16666666666666669,0.16666666666666669,0.16666666666666669,0.16666666666666669
86,86.0,88.75247029411723,0.16666666666666669,0.16666666666666669,0.16666666666666669,0.16666666666666669,0.16666666666666669,0.16666666666666669
87,87.0,89.7599075359373,0.16666666666666669,0.16666666666666669,0.16666666666666669,0.16666666666666669,0.16666666666666669,0.16666666666666669
88,88.0,90.76700197821599,0.16666666666666669,0.16666666666666669,0.16666666666666669,0.16666666666666669,0.16666666666666669,0.16666666666666669
89,89.0,91.77371695648463,0.16666666666666669,0.16666666666666669,0.16666666666666669,0.16666666666666669,0.16666666666666669,0.16666666666666669
90,90.0,92.79002326736158,0.16666666666666669,0.16666666666666669,0.16666666666666669,0.16666666666666669,0.16666666666666669,0.16666666666666669
91,91.0,93.81579871447721,0.16666666666666669,0.16666666666666669,0.16666666666666669,0.16666666666666669,0.16666666666666669,0.16666666666666669
92,92.0,94.85083862973651,0.16666666666666669,0.16666666666666669,0.16666666666666669,0.16666666666666669,0.16666666666666669,0.16666666666666669
93,93.0,95.88486616717252,0.16666666666666669,0.16666666666666669,0.16666666666666669,0.16666666666666669,0.16666666666666669,0.16666666666666669
94,94.0,96.9176422891932,0.16666666666666669,0.16666666666666669,0.16666666666666669,0.16666666666666669,0.16666666666666669,0.16666666666666669
95,95.0,97.96896437611987,0.16666666666666669,0.16666666666666669,0.16666666666666669,0.16666666666666669,0.16666666666666669,0.16666666666666669
96,96.0,99.01846461059267,0.16666666666666669,0.16666666666666669,0.16666666666666669,0.16666666666666669,0.16666666666666669,0.16666666666666669
97,97.0,100.06583017551227,0.16666666666666669,0.16666666666666669,0.16666666666666669,0.16666666666666669,0.16666666666666669,0.16666666666666669
98,98.0,101.11080088218479,0.16666666666666669,0.16666666666666669,0.16666666666666669,0.16666666666666669,0.16666666666666669,0.16666666666666669
99,99.0,102.16316650936821,0.16666666666666669,0.16666666666666669,0.16666666666666669,0.16666666666666669,0.16666666666666669,0.16666666666666669
100,100.0,103.21266390873961,0.16666666666666669,0.16666666666666669,0.16666666666666669,0.16666666666666669,0.16666666666666669,0.16666666666666669
101,101.0,104.25908492908647,0.16666666666666669,0.16666666666666669,0.16666666666666669,0.16666666666666669,0.16666666666666669,0.16666666666666669
102,102.0,105.30227299810778,0.16666666666666669,0.16666666666666669,0.16666666666666669,0.16666666666666669,0.16666666666666669,0.16666666666666669
103,103.0,106.35211953024589,0.16666666666666669,0.16666666666666669,0.16666666666666669,0.16666666666666669,0.16666666666666669,0.16666666666666669
104,104.0,107.39846021386772,0.16666666666666669,0.16666666666666669,0.16666666666666669,0.16666666666666669,0.16666666666666669,0.16666666666666669
105,105.0,108.4411822269887,0.16666666666666669,0.16666666666666669,0.16666666666666669,0.16666666666666669,0.16666666666666669,0.16666666666666669
106,106.0,109.48022021652768,0.16666666666666669,0.16666666666666669,0.16666666666666669,0.16666666666666669,0.16666666666666669,0.16666666666666669
107,107.0,110.5155522049475,0.16666666666666669,0.16666666666666669,0.16666666666666669,0.16666666666666669,0.16666666666666669,0.16666666666666669
108,108.0,111.55719547247585,0.16666666666666669,0.16666666666666669,0.16666666666666669,0.16666666666666669,0.16666666666666669,0.16666666666666669
109,109.0,112.59510245852663,0.16666666666666669,0.16666666666666669,0.16666666666666669,0.16666666666666669,0.16666666666666669,0.16666666666666669
110,110.0,113.62926772138704,0.16666666666666669,0.16666666666666669,0.16666666666666669,0.16666666666666669,0.16666666666666669,0.16666666666666669
111,111.0,114.65972378074756,0.16666666666666669,0.16666666666666669,0.16666666666666669,0.16666666666666669,0.16666666666666669,0.16666666666666669
112,112.0,115.68653699636454,0.16666666666666669,0.16666666666666669,0.16666666666666669,0.16666666666666669,0.16666666666666669,0.16666666666666669
113,113.0,116.70980352045618,0.16666666666666669,0.16666666666666669,0.16666666666666669,0.16666666666666669,0.16666666666666669,0.16666666666666669
114,114.0,117.7296453569341,0.16666666666666669,0.16666666666666669,0.16666666666666669,0.16666666666666669,0.16666666666666669,0.16666666666666669
115,115.0,118.74620655619488,0.16666666666666669,0.16666666666666669,0.16666666666666669,0.16666666666666669,0.16666666666666669,0.16666666666666669
116,116.0,119.75964956996765,0.16666666666666669,0.16666666666666669,0.16666666666666669,0.16666666666666669,0.16666666666666669,0.16666666666666669
117,117.0,120.77015178666345,0.16666666666666669,0.16666666666666669,0.16666666666666669,0.16666666666666669,0.16666666666666669,0.16666666666666669
118,118.0,121.77790226382302,0.16666666666666669,0.16666666666666669,0.16666666666666669,0.16666666666666669,0.16666666666666669,0.16666666666666669
119,119.0,122.78309867062843,0.16666666666666669,0.16666666666666669,0.16666666666666669,0.16666666666666669,0.16666666666666669,0.16666666666666669
120,120.0,123.785944450047,0.16666666666666669,0.16666666666666669,0.16666666666666669,0.16666666666666669,0.16666666666666669,0.16666666666666669
121,121.0,124.78664620702324,0.16666666666666669,0.16666666666666669,0.16666666666666669,0.16666666666666669,0.16666666666666669,0.16666666666666669
122,122.0,125.78541132623162,0.16666666666666669,0.16666666666666669,0.16666666666666669,0.16666666666666669,0.16666666666666669,0.16666666666666669
123,123.0,126.78244582025687,0.16666666666666669,0.16666666666666669,0.16666666666666669,0.16666666666666669,0.16666666666666669,0.16666666666666669
124,124.0,127.77795240667702,0.16666666666666669,0.16666666666666669,0.16666666666666669,0.16666666666666669,0.16666666666666669,0.16666666666666669
125,125.0,128.7821288103884,0.16666666666666669,0.16666666666666669,0.16666666666666669,0.16666666666666669,0.16666666666666669,0.16666666666666669
126,126.0,129.78506628562474,0.16666666666666669,0.16666666666666669,0.16666666666666669,0.16666666666666669,0.16666666666666669,0.16666666666666669
127,127.0,130.7868593504812,0.16666666666666669,0.16666666666666669,0.16666666666666669,0.16666666666666669,0.16666666666666669,0.16666666666666669
128,128.0,131.78760451534717,0.16666666666666669,0.16666666666666669,0.16666666666666669,0.16666666666666669,0.16666666666666669,0.16666666666666669
129,129.0,132.78739911857312,0.16666666666666669,0.16666666666666669,0.16666666666666669,0.16666666666666669,0.16666666666666669,0.16666666666666669
130,130.0,133.7863402702907,0.16666666666666669,0.16666666666666669,0.16666666666666669,0.16666666666666669,0.16666666666666669,0.16666666666666669
131,131.0,134.78452390413364,0.16666666666666669,0.16666666666666669,0.16666666666666669,0.16666666666666669,0.16666666666666669,0.16666666666666669
132,132.0,135.78204393555094,0.16666666666666669,0.16666666666666669,0.16666666666666669,0.16666666666666669,0.16666666666666669,0.16666666666666669
133,133.0,136.77899152447102,0.16666666666666669,0.16666666666666669,0.16666666666666669,0.16666666666666669,0.16666666666666669,0.16666666666666669
134,134.0,137.7754544392544,0.16666666666666669,0.16666666666666669,0.16666666666666669,0.16666666666666669,0.16666666666666669,0.16666666666666669
135,135.0,138.77151651816686,0.16666666666666669,0.16666666666666669,0.16666666666666669,0.16666666666666669,0.16666666666666669,0.16666666666666669
136,136.0,139.7672572240064,0.16666666666666669,0.16666666666666669,0.16666666666666669,0.16666666666666669,0.16666666666666669,0.16666666666666669
137,137.0,140.76275128702193,0.16666666666666669,0.16666666666666669,0.16666666666666669,0.16666666666666669,0.16666666666666669,0.16666666666666669
138,138.0,141.7680684308657,0.16666666666666669,0.16666666666666669,0.16666666666666669,0.16666666666666669,0.16666666666666669,0.16666666666666669
139,139.0,142.77317317601643,0.16666666666666669,0.16666666666666669,0.16666666666666669,0.16666666666666669,0.16666666666666669,0.16666666666666669
140,140.0,143.77803571489193,0.16666666666666669,0.16666666666666669,0.16666666666666669,0.16666666666666669,0.16666666666666669,0.16666666666666669
141,141.0,144.78263164273093,0.16666666666666669,0.16666666666666669,0.16666666666666669,0.16666666666666669,0.16666666666666669,0.16666666666666669
142,142.0,145.78694166135875,0.16666666666666669,0.16666666666666669,0.16666666666666669,0.16666666666666669,0.16666666666666669,0.16666666666666669
143,143.0,146.7909512615102,0.16666666666666669,0.16666666666666669,0.16666666666666669,0.16666666666666669,0.16666666666666669,0.16666666666666669
144,144.0,147.7946503890314,0.16666666666666669,0.16666666666666669,0.16666666666666669,0.16666666666666669,0.16666666666666669,0.16666666666666669
145,145.0,148.79803309991016,0.16666666666666669,0.16666666666666669,0.16666666666666669,0.16666666666666669,0.16666666666666669,0.16666666666666669
146,146.0,149.80109720870195,0.16666666666666669,0.16666666666666669,0.16666666666666669,0.16666666666666669,0.16666666666666669,0.16666666666666669
147,147.0,150.80384393452755,0.16666666666666669,0.16666666666666669,0.16666666666666669,0.16666666666666669,0.16666666666666669,0.16666666666666669
148,148.0,151.80627754842533,0.16666666666666669,0.16666666666666669,0.16666666666666669,0.16666666666666669,0.16666666666666669,0.16666666666666669
149,149.0,152.80840502544905,0.16666666666666669,0.16666666666666669,0.16666666666666669,0.16666666666666669,0.16666666666666669,0.16666666666666669
150,150.0,153.81023570451592,0.16666666666666669,0.16666666666666669,0.16666666666666669,0.16666666666666669,0.16666666666666669,0.16666666666666669
151,151.0,154.81178095863095,0.16666666666666669,0.16666666666666669,0.16666666666666669,0.16666666666666669,0.16666666666666669,0.16666666666666669
152,152.0,155.81305387774816,0.16666666666666669,0.16666666666666669,0.16666666666666669,0.16666666666666669,0.16666666666666669,0.16666666666666669
153,153.0,156.81406896617617,0.16666666666666669,0.16666666666666669,0.16666666666666669,0.16666666666666669,0.16666666666666669,0.16666666666666669
154,154.0,157.82484185609962,0.16666666666666669,0.16666666666666669,0.16666666666666669,0.16666666666666669,0.16666666666666669,0.16666666666666669
155,155.0,158.84528903846973,0.16666666666666669,0.16666666666666669,0.16666666666666669,0.16666666666666669,0.16666666666666669,0.16666666666666669
156,156.0,159.86523861221815,0.16666666666666669,0.16666666666666669,0.16666666666666669,0.16666666666666669,0.16666666666666669,0.16666666666666669
157,157.0,160.88454084246953,0.16666666666666669,0.16666666666666669,0.16666666666666669,0.16666666666666669,0.16666666666666669,0.16666666666666669
158,158.0,161.90306744127108,0.16666666666666669,0.16666666666666669,0.16666666666666669,0.16666666666666669,0.16666666666666669,0.16666666666666669
159,159.0,162.92071070577978,0.16666666666666669,0.16666666666666669,0.16666666666666669,0.16666666666666669,0.16666666666666669,0.16666666666666669
160,160.0,163.94738253677977,0.16666666666666669,0.16666666666666669,0.16666666666666669,0.16666666666666669,0.16666666666666669,0.16666666666666669
161,161.0,164.97291335931197,0.16666666666666669,0.16666666666666669,0.16666666666666669,0.16666666666666669,0.16666666666666669,0.16666666666666669
162,162.0,165.99716196599786,0.16666666666666669,0.16666666666666669,0.16666666666666669,0.16666666666666669,0.16666666666666669,0.16666666666666669
163,163.0,167.02001409235518,0.16666666666666669,0.16666666666666669,0.16666666666666669,0.16666666666666669,0.16666666666666669,0.16666666666666669
164,164.0,168.04138086515323,0.16666666666666669,0.16666666666666669,0.16666666666666669,0.16666666666666669,0.16666666666666669,0.16666666666666669
165,165.0,169.06119715201993,0.16666666666666669,0.16666666666666669,0.16666666666666669,0.16666666666666669,0.16666666666666669,0.16666666666666669
166,166.0,170.07941983867974,0.16666666666666669,0.16666666666666669,0.16666666666666669,0.16666666666666669,0.16666666666666669,0.16666666666666669
167,167.0,171.09602605828678,0.16666666666666669,0.16666666666666669,0.16666666666666669,0.16666666666666669,0.16666666666666669,0.16666666666666669
168,168.0,172.11101139535026,0.16666666666666669,0.16666666666666669,0.16666666666666669,0.16666666666666669,0.16666666666666669,0.16666666666666669
169,169.0,173.13438808475388,0.16666666666666669,0.16666666666666669,0.16666666666666669,0.16666666666666669,0.16666666666666669,0.16666666666666669
170,170.0,174.15608322436958,0.16666666666666669,0.16666666666666669,0.16666666666666669,0.16666666666666669,0.16666666666666669,0.16666666666666669
171,171.0,175.17604801778003,0.16666666666666669,0.16666666666666669,0.16666666666666669,0.16666666666666669,0.16666666666666669,0.16666666666666669
172,172.0,176.19425585167164,0.16666666666666669,0.16666666666666669,0.16666666666666669,0.16666666666666669,0.16666666666666669,0.16666666666666669
173,173.0,177.21070034365738,0.16666666666666669,0.16666666666666669,0.16666666666666669,0.16666666666666669,0.16666666666666669,0.16666666666666669
174,174.0,178.22539338300797,0.16666666666666669,0.16666666666666669,0.16666666666666669,0.16666666666666669,0.16666666666666669,0.16666666666666669
175,175.0,179.2383631845934,0.16666666666666669,0.16666666666666669,0.16666666666666669,0.16666666666666669,0.16666666666666669,0.16666666666666669
176,176.0,180.25965237417435,0.16666666666666669,0.16666666666666669,0.16666666666666669,0.16666666666666669,0.16666666666666669,0.16666666666666669
177,177.0,181.27921612105547,0.16666666666666669,0.16666666666666669,0.16666666666666669,0.16666666666666669,0.16666666666666669,0.16666666666666669
178,178.0,182.29703133203793,0.16666666666666669,0.16666666666666669,0.16666666666666669,0.16666666666666669,0.16666666666666669,0.16666666666666669
179,179.0,183.31309470860177,0.16666666666666669,0.16666666666666669,0.16666666666666669,0.16666666666666669,0.16666666666666669,0.16666666666666669
180,180.0,184.32742080042323,0.16666666666666669,0.16666666666666669,0.16666666666666669,0.16666666666666669,0.16666666666666669,0.16666666666666669
181,181.0,185.34004007505828,0.16666666666666669,0.16666666666666669,0.16666666666666669,0.16666666666666669,0.16666666666666669,0.16666666666666669
182,182.0,186.35099702147926,0.16666666666666669,0.16666666666666669,0.16666666666666669,0.16666666666666669,0.16666666666666669,0.16666666666666669
183,183.0,187.36034830304334,0.16666666666666669,0.16666666666666669,0.16666666666666669,0.16666666666666669,0.16666666666666669,0.16666666666666669
184,184.0,188.3681609734206,0.16666666666666669,0.16666666666666669,0.16666666666666669,0.16666666666666669,0.16666666666666669,0.16666666666666669
185,185.0,189.38451076702592,0.16666666666666669,0.16666666666666669,0.16666666666666669,0.16666666666666669,0.16666666666666669,0.16666666666666669
186,186.0,190.39938047360044,0.16666666666666669,0.16666666666666669,0.16666666666666669,0.16666666666666669,0.16666666666666669,0.16666666666666669
187,187.0,191.4127694047815,0.16666666666666669,0.16666666666666669,0.16666666666666669,0.16666666666666669,0.16666666666666669,0.16666666666666669
188,188.0,192.42469174879665,0.16666666666666669,0.16666666666666669,0.16666666666666669,0.16666666666666669,0.16666666666666669,0.16666666666666669
189,189.0,193.4351749409223,0.16666666666666669,0.16666666666666669,0.16666666666666669,0.16666666666666669,0.16666666666666669,0.16666666666666669
190,190.0,194.44425806442618,0.16666666666666669,0.16666666666666669,0.16666666666666669,0.16666666666666669,0.16666666666666669,0.16666666666666669
191,191.0,195.4519902949354,0.16666666666666669,0.16666666666666669,0.16666666666666669,0.16666666666666669,0.16666666666666669,0.16666666666666669
192,192.0,196.45842939944436,0.16666666666666669,0.16666666666666669,0.16666666666666669,0.16666666666666669,0.16666666666666669,0.16666666666666669
193,193.0,197.46364029950797,0.16666666666666669,0.16666666666666669,0.16666666666666669,0.16666666666666669,0.16666666666666669,0.16666666666666669
194,194.0,198.46769370657015,0.16666666666666669,0.16666666666666669,0.16666666666666669,0.16666666666666669,0.16666666666666669,0.16666666666666669
195,195.0,199.4706648358604,0.16666666666666669,0.16666666666666669,0.16666666666666669,0.16666666666666669,0.16666666666666669,0.16666666666666669
196,196.0,200.47263220386301,0.16761904761904764,0.16619047619047622,0.16619047619047622,0.16619047619047622,0.16619047619047622,0.16761904761904764
197,197.0,201.47367651302676,0.1692761904761905,0.1653619047619048,0.1666119047619048,0.1653619047619048,0.1653619047619048,0.1680261904761905
198,198.0,202.47387962614388,0.17049152380952382,0.16440701587301593,0.16689451587301593,0.16440701587301593,0.16551812698412702,0.16828180158730163
199,199.0,203.47332363168783,0.17167207523809525,0.1634729901587302,0.16717436515873024,0.1634729901587302,0.1656841012698413,0.16852347801587306
200,200.0,204.4720900003605,0.17267062854920637,0.16242819266984132,0.16828226364206358,0.16242819266984132,0.1657183037809524,0.16847241868809526
201,201.0,205.4702588321623,0.17317595357704765,0.16119692633647625,0.1699298829739763,0.16219692633647625,0.1654252363364762,0.16807507443954764
202,202.0,206.4679081924623,0.1741777744451222,0.1598283325245981,0.17109222942174585,0.16172742343368898,0.16486782933368893,0.16830641084115627
203,203.0,207.4651135348077,0.17482248396678657,0.15843770870805568,0.1721395401426422,0.161142142041389,0.1650053635257223,0.16845276161540462
204,204.0,208.46194720757046,0.1753363158784348,0.15703358836790515,0.17367133045062855,0.16051911888305664,0.16507757551177993,0.16836207090819527
205,205.0,209.45847804098125,0.1757954014401339,0.15569954417809062,0.1751465617566433,0.1599365401850603,0.16515845721078065,0.16826349522929157
206,206.0,210.45477101064114,0.17596252919316646,0.15420381372738137,0.17631804240972826,0.1605866634788225,0.16500823759634495,0.16792071359455676
207,207.0,211.45088697322865,0.1760795093551546,0.15279180866065972,0.17741871838293125,0.1612682887608012,0.1648658147102465,0.16757586013020703
208,208.0,212.4468824698251,0.17615018688358283,0.15146927649019412,0.17844466338450843,0.16197144957935497,0.16473183310851258,0.16723259055384734
209,209.0,213.4428095920637,0.1761784852665229,0.1502404952480636,0.17939309106160664,0.16268696077264078,0.1646067884787241,0.1668941791724423
210,210.0,214.43871590615777,0.17616835943469422,0.14910837765385598,0.18026226886990276,0.16340643219125256,0.16449103756998434,0.16656352428031046
211,211.0,215.44464442978088,0.17612375306789194,0.14807457851872105,0.18105143001819404,0.16412227309847158,0.16438480851927587,0.16624315677744586
212,212.0,216.46053365674385,0.17604856028328145,0.14713960398810288,0.1817606845609981,0.16482768813636492,0.16428821143130262,0.1659352515999504
213,213.0,217.47622862444305,0.17594659165048965,0.14630292134685596,0.18239093061343553,0.16551666574148624,0.16420124908067082,0.16564164156706213
214,214.0,218.49159180912795,0.1756429730120912,0.14538449680388424,0.18401519513544728,0.16582681702391866,0.16394525618858122,0.16518526183607776
215,215.0,219.50650275725306,0.17518273095185613,0.1444235141916153,0.18527577014279228,0.16583657389675754,0.16467263224603698,0.16460877857094217
216,216.0,220.52085758299313,0.17471113023257046,0.14355883914310155,0.18644641883686375,0.16582587823223388,0.16540276659750902,0.16405496695772182
217,217.0,221.53456835032927,0.1742340227273321,0.14278948765245258,0.1875244273620483,0.1657968822407291,0.16612808207008098,0.1635270979473574
218,218.0,222.5475623574285,0.1737567301897887,0.14211362087878845,0.18850827964998282,0.1657517059148564,0.16684180739691715,0.16302785596966696
219,219.0,223.5597813402435,0.17328404404854622,0.1415286490181473,0.18939755280151294,0.16569241905131132,0.16753796433932275,0.16255937074116
220,220.0,224.5711806113746,0.17282023052538695,0.1410313322978332,0.1901928119987638,0.16562102557249653,0.16821134816631678,0.16212325143920325
221,221.0,225.5817281492788,0.1723690404937342,0.14061787837101666,0.19089550604519084,0.16553945007472712,0.16885750235117047,0.16172062266416126
222,222.0,226.59140365189984,0.1719337235047538,0.14028403549761603,0.19150786451541216,0.16544952651487627,0.16947268831624931,0.16135216165109298
223,223.0,227.60019756773974,0.17165593431295725,0.14016406988991265,0.1923105751601239,0.1656307667125284,0.16908162880165778,0.1611570251228206
224,224.0,228.60811011631824,0.17139769803054414,0.14011279347741382,0.19302657565542988,0.16580424188995674,0.16866385895050884,0.16099483199614725
225,225.0,229.61515030887574,0.1711596417294002,0.14012385010472406,0.19365737701131763,0.1647189937974093,0.1682262274949697,0.16211390986217977
226,226.0,230.62133497908872,0.17094212797441,0.14019089590158937,0.19420519112817008,0.1636367472428092,0.16777509691003478,0.16324994084298722
227,227.0,231.63668783248954,0.17082103522426562,0.14038341906884316,0.19596071737660103,0.16264378211366526,0.16739208599025057,0.16279896022637497
228,228.0,232.65113852222538,0.17064399291204455,0.14054300724383467,0.19800532625066533,0.1615971605247839,0.1669302734843605,0.16228023958431173
229,229.0,233.66463275776536,0.17167702442573463,0.14050144462412678,0.19971065907005464,0.16034280091811426,0.16623224425612054,0.1615358267058498
230,230.0,234.6771312421737,0.17271736349617933,0.14049354762967223,0.20255787582632828,0.1591283064057876,0.16554288598433387,0.15956002065769936
231,231.0,235.68860856571945,0.17339673311985587,0.14033745723931876,0.20510074452966365,0.15778326399492143,0.16468965372750158,0.15869214738873935
232,232.0,236.69905207125345,0.17406586511663286,0.14021026798227412,0.20625498558403552,0.15649489318519266,0.16510818149241083,0.1578658066394546
233,233.0,237.70846070552153,0.17458020304034358,0.139971472748889,0.20810625267712982,0.15513152163569596,0.1652643302214606,0.15694621967648156
234,234.0,238.71684386930758,0.17468619403016872,0.13950962008913126,0.2114552194230323,0.15358928313590306,0.1650716652198352,0.15568801810192992
235,235.0,239.72422027802193,0.17477361286959853,0.13907663427223577,0.21464362618900312,0.15212648676584153,0.16489199451061848,0.15448764539270304
236,236.0,240.73061684308462,0.17484344258527829,0.13867395847208525,0.2166556449053757,0.15074981627623887,0.16572581537166167,0.1533513223893607
237,237.0,241.73606758321023,0.17489674379242615,0.1383025884450067,0.21848879418994616,0.1494644257839452,0.16656344043732838,0.15228400735134787
238,238.0,242.74061257349118,0.17493463632982387,0.13796310731396372,0.22014262949304902,0.14827404119415255,0.16739611303649957,0.15128947263251175
239,239.0,243.7442969390091,0.17595828213907247,0.13765572100066317,0.2206185438598,0.14718106576250875,0.1682160016898331,0.150370385548123
240,240.0,244.74716989858516,0.17695886943489436,0.13738029388646383,0.22092957024016677,0.14618668832751536,0.1690161859053794,0.14952839220558078
241,241.0,245.74928386321776,0.17792869819567403,0.13713638432259756,0.22108908716898407,0.14529099286385727,0.16979063428476174,0.1487642031641259
242,242.0,246.75069359275489,0.17902781265397452,0.1370899463163364,0.21827731708878534,0.1456597347957042,0.17170084259446933,0.14824434655073077
243,243.0,247.75145541341078,0.1808095658227335,0.13698078800107333,0.2152785973103651,0.14602187387327809,0.17320049639473623,0.14770867859781428
244,244.0,248.751626497867,0.1825333308446721,0.13689809117267937,0.21222342818314788,0.14645626717304866,0.17464292732577655,0.14724595530067597
245,245.0,249.7512642088989,0.18418766888425295,0.13684003665075156,0.20914800633328554,0.14695134533979856,0.17601943336520254,0.14685350942670936
246,246.0,250.75042550673862,0.185762979259316,0.13680474074986257,0.20608511125154125,0.14749608910516238,0.17732284194178136,0.14652823769233697
247,247.0,251.74916641972698,0.18725141163256243,0.13679028056691736,0.2030641192119206,0.14808008447162505,0.178547428716032,0.1462666754009431
248,248.0,252.75754157721923,0.1886467694804414,0.13679471713195104,0.20011104983060748,0.14869356632541206,0.17968883000044472,0.14606506723114382
249,249.0,253.7655038031901,0.1899444066770109,0.13681611640451538,0.19724864153558422,0.14932745119925314,0.1807439503311592,0.1459194338524777
250,250.0,254.77301476853194,0.19114111891543617,0.13685256812113167,0.1944964523011721,0.14997335994240443,0.1817108666002381,0.14582563411961805
251,251.0,255.7800444896543,0.19126280934692513,0.1382910914091174,0.1921487598914319,0.1507625199693923,0.1827276189400431,0.14480720044309062
252,252.0,256.78657079376785,0.19129076324785657,0.13972709387845583,0.18993859154799383,0.15154771455156324,0.18365405622010356,0.14384178055402744
253,253.0,257.7925787595324,0.191095185843388,0.14197980091965165,0.18759651876988426,0.15218259939868833,0.1843510566847044,0.14279483838368387
254,254.0,258.7980601411252,0.19071427492699303,0.14386168167177377,0.18518693050612925,0.15268974552468978,0.18484848289963446,0.14269888447078025
255,255.0,259.80301278314744,0.19017946386811915,0.1454182726834811,0.18275885600611266,0.15399503715860177,0.18517040893680245,0.1424779613468834
256,256.0,260.807440033136,0.18959330897342117,0.14691199156415258,0.18050206100209723,0.15526924319693047,0.18541298373543108,0.142310411527968
257,257.0,261.8113501577943,0.18896680617542846,0.1483341883380851,0.17842198549452298,0.15650273013885094,0.18558171667138798,0.14219257318172507
258,258.0,262.8147557684089,0.18823449771669287,0.15028385385427379,0.17637024313730637,0.15753571987306966,0.1856065470258232,0.14196913839283462
259,259.0,263.8176732602779,0.18741836650195526,0.15188687978146637,0.17514190731637308,0.1583860907311731,0.18550569600742378,0.14166105966160888
260,260.0,264.8201222703573,0.18659264842665557,0.15339266905005977,0.17408999765938105,0.15917898550757636,0.18535043257134953,0.14139526678497819
261,261.0,265.82212515672506,0.18576655935760297,0.15479588743322797,0.17243815987727532,0.15991222286268547,0.18514775059372865,0.14193941987548014
262,262.0,266.82370650288885,0.18494839728486326,0.15609275983568183,0.170955212852696,0.16058443616507873,0.184904418748492,0.14251477511318875
263,263.0,267.8248926494074,0.18390745589143734,0.15704285689337294,0.1708295731706124,0.16095691044890853,0.1843888401027583,0.14287436349291102
264,264.0,268.82571125478,0.1828907082376138,0.15788564088448642,0.17085533792216726,0.16127018058747866,0.18384768083732034,0.14325045153093408
265,265.0,269.8261908870675,0.18166780718787542,0.15838532003767367,0.17077901377838586,0.16128893905583414,0.18447938679727907,0.1433995331429524
266,266.0,270.8263606472556,0.1803073113780253,0.15860692233090973,0.17064728715595404,0.16107816372202716,0.1859817829719238,0.14337853244116053
267,267.0,271.82624982495236,0.17899729952788745,0.15873675371297163,0.17062772985467536,0.16082363000532632,0.18744920494946807,0.14336538194967172
268,268.0,272.82588758662996,0.177745823359992,0.15878269296115616,0.17070932051544735,0.16053225908118804,0.1888704759298465,0.14335942815237054
269,269.0,273.82530269627347,0.17655954406779367,0.15875266989636921,0.1708811284354572,0.16021064837959742,0.19023599830297186,0.14336001091781123
