,Unnamed: 0,Generation,Intertwine_two,Add_vertex,Delete_vertex,Invert_path_vertices,Insert_inside_vertex,Delete_inside_vertex,Replace_inside_vertex,Donate_between_routes,Trim_one_terminal_cb,Grow_one_terminal_cb
0,0.0,0.0,0.09999999999999999,0.09999999999999999,0.09999999999999999,0.09999999999999999,0.09999999999999999,0.09999999999999999,0.09999999999999999,0.09999999999999999,0.09999999999999999,0.09999999999999999
1,1.0,1.0,0.10510838130163876,0.10373805651498669,0.09568824650793202,0.10693706810148115,0.09460291315168362,0.09562679993763437,0.09906639755696892,0.07852883570413904,0.11360298033093194,0.10710032089260299
2,2.0,2.0,0.11053947313475834,0.08649295605704962,0.10212942894435266,0.10685807802827052,0.10065424374552139,0.1090836845482784,0.09277623261636694,0.07735605891151205,0.10582569689488541,0.1082841471190042
3,3.0,3.0,0.11346804752700342,0.09172257179855528,0.10225575382351237,0.10180181732022375,0.09442699509111485,0.10129851583919913,0.08897953169270992,0.08269885105005749,0.1102905984660106,0.1130573173916128
4,4.0,4.0,0.12371199172302894,0.0936499131635798,0.09478565073037393,0.10157745821263939,0.09211514121896261,0.10069054447438246,0.09062607258684334,0.08637931537173119,0.1099317226868807,0.10653218983157717
5,5.0,5.0,0.10705773588607781,0.09761251393654795,0.11017711739814784,0.11580389805984623,0.08043159193052131,0.11066416938792756,0.08710305986497618,0.0751014113142177,0.11170440042922929,0.10434410179250755
6,6.0,6.0,0.11768904342672153,0.09330252693289823,0.09061212746040916,0.10579834694489602,0.10519860943029975,0.11253440304570647,0.07843713886619187,0.07959034677289996,0.10049287852566191,0.11634457859431455
7,7.0,7.0,0.09880438792197559,0.10791967856140036,0.1006184101915533,0.09805589230787916,0.08438723159760955,0.10756474580073312,0.10092497219152759,0.08038264062827036,0.11983636651008629,0.10150567428896418
8,8.0,8.0,0.10238993035014428,0.09134997132043639,0.11085515816906126,0.10224204943126995,0.07326554055458746,0.10194466733034253,0.08400491204198966,0.09244988905949245,0.12066108906539283,0.12083679267728276
9,9.0,9.0,0.11113032039064019,0.10798151353313652,0.09653728500096374,0.10771458224105512,0.08385819301397163,0.08520568670211223,0.0872070735651561,0.08545133938164304,0.12504186105167325,0.10987214511964774
10,10.0,10.0,0.09827879542689726,0.1088394876040268,0.10278685278923325,0.10884485735312659,0.0881028817801158,0.09717999943430888,0.07853132010936374,0.08137636941288803,0.12537682527238334,0.11068261081765582
11,11.0,11.0,0.10220436276537363,0.09289602369912073,0.10859556044587167,0.108602704218367,0.08609538122976029,0.09330518759194391,0.10685468267870427,0.06529714845797509,0.11747161128675772,0.11867733762612523
12,12.0,12.0,0.11434354974033238,0.09807423678005696,0.1009063679762221,0.09707274244430827,0.08393502066557827,0.11609079279188879,0.0822589654959841,0.07721471439540012,0.10935828435769382,0.12074532535253465
13,13.0,13.0,0.11529626192323786,0.09658559476213985,0.09611577757986044,0.0888428140512252,0.09108817626383472,0.10469448369939297,0.07801124070287041,0.07056599084650651,0.12957278158369928,0.1292268785872323
14,14.0,14.0,0.10436246994186149,0.09764690241085025,0.10052853027017357,0.10600457521535489,0.10032358044148051,0.10973194481126639,0.07682399748810195,0.08714642009197042,0.12267943724816177,0.09475214208077834
15,15.0,15.0,0.10995582622031477,0.11504328328025348,0.10331357103428909,0.10219587717683909,0.07740414770129639,0.09572771622738253,0.09160189787826686,0.055854650123955074,0.1381228166852605,0.11078021367214175
16,16.0,16.0,0.08935079045784323,0.1008152626300614,0.10090039263394282,0.10426883361093839,0.08093337736244646,0.10803583944333772,0.09492742053143499,0.07194853621400582,0.1390101021236349,0.10980944499235372
17,17.0,17.0,0.11518854979609713,0.09401572198367153,0.10515590734448521,0.10543865271562129,0.10260280108253608,0.10967421621945991,0.06988021004406456,0.05769609640488662,0.11897215917772945,0.12137568523144777
18,18.0,18.0,0.09239923270906071,0.0958637115820268,0.11342115998213313,0.11458061411576695,0.0659524086348782,0.10045829967234013,0.10309710586607553,0.07938474383631491,0.12131724341739603,0.11352548018400717
19,19.0,19.0,0.09930123687151096,0.08504455341933195,0.09655889861141195,0.09789417202223002,0.0966904793316809,0.1096008370880037,0.08520858196844905,0.07195220169521112,0.13945853059913413,0.11829050839303572
20,20.0,20.0,0.09669024438662885,0.09851116062954571,0.11173323903657786,0.10403234920934909,0.08414916166106703,0.09185742878221455,0.08540336091512915,0.07282805256268363,0.1348686548576871,0.11992634795911654
21,21.0,21.0,0.0936782819806028,0.08474608634564829,0.1111043941287766,0.10779118202977411,0.08319575598599172,0.11313647673111105,0.09632704284792354,0.07643189335180745,0.12502105104513322,0.1085678355532308
22,22.0,22.0,0.1052420238056178,0.08314236948270921,0.10474253756975949,0.12053785220103042,0.07842801790791029,0.09988586354159393,0.08324441934722814,0.05768770887341264,0.13160698261665574,0.1354822246540819
23,23.0,23.0,0.1104690936442213,0.11112212504201727,0.11303520152335085,0.11220122548615799,0.07807090063687613,0.09134349102274912,0.06524453103380404,0.08334420487423282,0.12098771552802663,0.11418151120856337
24,24.0,24.0,0.11132514466677698,0.11526853209337125,0.10823159000903201,0.09905546189697688,0.07982545670933734,0.10207628765929011,0.07422787707102746,0.055581129501445725,0.1360604105531026,0.11834810983963928
25,25.0,25.0,0.11429002565130422,0.09984822077502088,0.11083583098467323,0.09320299719546409,0.07263419144994439,0.10681287030862488,0.08291478454491144,0.06948426308178655,0.12268260172268086,0.127294214285589
26,26.0,26.0,0.11052566800771921,0.11594385045853664,0.09847706820562215,0.09393638732240175,0.08321328478592406,0.10508246657465081,0.07743343903575081,0.06251685418427283,0.13945706817204648,0.11341391325307486
27,27.0,27.0,0.10074192337808123,0.10351238138152163,0.10298528485190939,0.09909571335650386,0.07326810851476726,0.10753386669504521,0.07678112507064494,0.06900978699030137,0.13728602746910018,0.1297857822921243
28,28.0,28.0,0.11632995033350071,0.08791487090555197,0.11633232879005492,0.09740356657053532,0.08220554390127657,0.10602343294354952,0.08021989677664143,0.05903196950300391,0.1264564485886009,0.12808199168728435
29,29.0,29.0,0.09052388446015215,0.08657465561489908,0.1092106582346837,0.09718908774298138,0.06709184697382069,0.12475563811126364,0.10398153522753995,0.060939300422700904,0.12912801933990364,0.1306053738720545
30,30.0,30.0,0.11908423767461421,0.09394844077223313,0.12043591851524324,0.11197654153881087,0.06106331330686458,0.11585763780034312,0.07359949100189696,0.05574016729570839,0.11711822570267352,0.1311760263916115
31,31.0,31.0,0.10133666834507508,0.09171604239508725,0.11372554346511385,0.08808391661416935,0.07684188168507652,0.10983792704425563,0.0762007571743072,0.06911620081344415,0.14212021746521536,0.1310208449982552
32,32.0,32.0,0.08530627662401595,0.08317347179110963,0.1109850889266399,0.0919351695083642,0.0803986969447915,0.10663707382980551,0.0938727830653433,0.07210457544926129,0.1338825959174264,0.14170426794324187
33,33.0,33.0,0.10794167462230746,0.09935922102019859,0.11601665311729423,0.10414818521224267,0.07462873325958017,0.11062366749749801,0.07516301576360077,0.06967156380960333,0.12293422921100601,0.11951305648666828
34,34.0,34.0,0.10146184508424978,0.09958829230558146,0.1124555212116641,0.09077098730055218,0.0798308827840222,0.118455069783339,0.07505702149874219,0.05969698713241386,0.1536527918759588,0.10903060102347609
35,35.0,35.0,0.11442100442090908,0.07592945225882271,0.1106455880025847,0.08829122298358408,0.08671650202399692,0.1150411095340802,0.0806120382169033,0.0713701458358013,0.12713595070222455,0.12983698602109275
36,36.0,36.0,0.10713639478268866,0.09085720042013842,0.11600203702883875,0.10563364235038168,0.0706535386283063,0.1128846848226219,0.08469378904343676,0.060370796630895215,0.13726753906788264,0.11450037722480919
37,37.0,37.0,0.1186072860519104,0.09098302180535117,0.1359168154119531,0.08254682686712642,0.07450045383064396,0.11290235983519534,0.04968902787429567,0.060768246216243015,0.16712091179548832,0.10696505031179213
38,38.0,38.0,0.10314144471449908,0.07645795935762088,0.1295474027910101,0.08664228784450143,0.06983831321615301,0.11220727224155905,0.1126081814916479,0.059423975429082676,0.12868131548781808,0.12145184742610726
39,39.0,39.0,0.10914960433131907,0.10473478101661633,0.12603840060456137,0.0923094861396977,0.06952770248713773,0.11252055979220481,0.07028015579822314,0.04996093247749589,0.14957986188143194,0.11589851547131158
40,40.0,40.0,0.08652435491485189,0.09996699173396248,0.12136837110832255,0.11770760740833178,0.07259047689009687,0.10943046158233845,0.05172501206545417,0.07456563747721315,0.14381962034013426,0.12230146647929403
41,41.0,41.0,0.12155402809177066,0.08160159014301706,0.10796001239360567,0.08836702746333311,0.09974617253949038,0.10462931960138977,0.06925865627176306,0.0773552995454416,0.1289610179412935,0.12056687600889485
42,42.0,42.0,0.09898876005895033,0.10264027915514295,0.11962346105310542,0.11494377057807721,0.08884967079126514,0.10401370358843472,0.048679392092423654,0.061807492527831284,0.14792335784195082,0.11253011231281802
43,43.0,43.0,0.10394485584560179,0.09455634614745954,0.11673946900099383,0.10703263518158261,0.06969006368954965,0.10485503180496294,0.10086465873061541,0.059294572638958286,0.1298694653805655,0.11315290157970996
44,44.0,44.0,0.09915378955520401,0.10946392052121587,0.14045149322236702,0.07655242507629952,0.08735912726353212,0.10965702435924478,0.0814326956238274,0.05404058207565926,0.13513947413179933,0.10674946817085015
45,45.0,45.0,0.09135524548978954,0.0968826680532011,0.1243867914957028,0.08471785719509205,0.07523395222908358,0.1265652369339712,0.08787505215336014,0.05901333345124525,0.14284935778958008,0.11112050520897385
46,46.0,46.0,0.08865249525562453,0.09362108621689925,0.1335910465210179,0.09655039112409317,0.06913168589309188,0.11040991212634492,0.08065981502194856,0.05038555727227079,0.15575182225879186,0.1212461883099167
47,47.0,47.0,0.09613489185652968,0.0981774235600691,0.1191036207382763,0.1282841909548969,0.07786737391250485,0.10712310367356673,0.06269134093777448,0.054970429123038914,0.1447907003862053,0.11085692485713734
48,48.0,48.0,0.11174668603552351,0.09418863239511568,0.10676229202322148,0.09622318519532985,0.07985272180700104,0.1071348009920007,0.0705489307142709,0.05816792825368646,0.16104495715222167,0.11432986543162833
49,49.0,49.0,0.08621535719921355,0.09580288115673952,0.11128726408875803,0.10440485986463488,0.07545106346864186,0.08291793690565603,0.07411789368430863,0.09318693887015748,0.14383103819838688,0.13278476656350272
50,50.0,50.0,0.0834491607516277,0.09087326680328384,0.13649713840527,0.10782111637003453,0.056785923949000686,0.09192199880291468,0.08072410039954182,0.06350349493326336,0.13814675184538863,0.15027704773967437
51,51.0,51.0,0.08603329581874418,0.0862317352731491,0.12941764613190038,0.121068159772644,0.0650902619677238,0.11608386577926573,0.07290226249048755,0.050839756731770935,0.1445795481026719,0.12775346793164188
52,52.0,52.0,0.10953687576644304,0.11975029864356383,0.11809427378296027,0.10184274301472185,0.07399834669395333,0.11664458605046579,0.06389557218211961,0.052007748247932487,0.12942324160363286,0.11480631401420663
53,53.0,53.0,0.06682565740965704,0.10348904115686972,0.126260049404388,0.09406430220189585,0.06492556419631525,0.12028638639979776,0.07397437296326403,0.05467767339813852,0.14634074606730715,0.1491562068023662
54,54.0,54.0,0.07866582633871493,0.08913433217719909,0.12374050487631391,0.1043017358033969,0.07165074064164524,0.11012328799909117,0.06942148849943539,0.060677417292981595,0.1519114803708069,0.1403731860004145
55,55.0,55.0,0.11102815845022736,0.08950833859205837,0.14449360444949697,0.09613620908951105,0.06616913850853481,0.1287305794014306,0.05953956777353936,0.06154251965011983,0.1296112489577233,0.11324063512735802
56,56.0,56.0,0.11523778301051653,0.10119262662469633,0.1132563884537499,0.0971661205844903,0.07843650947801327,0.09961287139109884,0.07694103755914393,0.05035493251499353,0.1322239157490484,0.13557781463424848
57,57.0,57.0,0.10857289901506606,0.105796608707361,0.1325881169330331,0.11065088591062397,0.055755036219516316,0.1067453592922237,0.05228662165475967,0.04100169795280325,0.15085105947888483,0.1357517148357277
58,58.0,58.0,0.09440178903879719,0.09144825986024144,0.12246012825082833,0.09281984039691618,0.048522012710130735,0.10503800266458574,0.06495771759568447,0.04558113830339859,0.180565357364989,0.15420575381442797
59,59.0,59.0,0.08846199591903833,0.10891940686680132,0.13133593449928177,0.10644172317247173,0.0651535523478554,0.11302373051587464,0.05725224549706372,0.05411818047438301,0.15213614720752508,0.12315708349970458
60,60.0,60.0,0.10890107565232232,0.09161715818658918,0.12470490010728694,0.10937799343346596,0.07580012017736998,0.12837775537598545,0.06091842682869952,0.03940811742958231,0.13576111440047928,0.12513333840821877
61,61.0,61.0,0.09003442311962159,0.09131149503028092,0.10361290293617136,0.09677599194593842,0.05751556240675687,0.12881378122346113,0.07810229278035948,0.06357966378035933,0.14822174986413816,0.1420321369129124
62,62.0,62.0,0.09594043965207275,0.10669210766365855,0.10076121753029585,0.10890934967565649,0.07235101042199757,0.09905096697198708,0.05999408965548982,0.06903516217464882,0.13669693791312817,0.15056871834106447
63,63.0,63.0,0.08121839884174767,0.10512851588354191,0.13937076290220612,0.10499329688826212,0.07054156573183842,0.1291078670729236,0.05010101349352308,0.049966036334090046,0.14603781731608198,0.12353472553578466
64,64.0,64.0,0.07980015751778782,0.09759813013727316,0.10538127705046789,0.09516036710217732,0.06443908865390655,0.11057712333652814,0.07845233143630688,0.06072198824589074,0.15512199589174747,0.15274754062791365
65,65.0,65.0,0.11359295095429714,0.11009488676446533,0.1257689540803708,0.10428099485452125,0.07725120737775629,0.10470193241061854,0.05560096932916099,0.052904821236618216,0.13669763188922562,0.11910565110296542
66,66.0,66.0,0.09890912481933176,0.10130833765381594,0.12733749815652434,0.0921892905839315,0.06744803223080978,0.11827243163516196,0.05040088528316673,0.05266867863432319,0.14379743066875061,0.14766829033418374
67,67.0,67.0,0.0987972357427842,0.10552104041689762,0.12933005390221955,0.11614395230913752,0.03795940771003762,0.11917036861505789,0.05679782137800684,0.04593594884612837,0.1619504186802045,0.1283937523995255
68,68.0,68.0,0.09576404826442794,0.1090011860809452,0.12412195051053088,0.07719058756889538,0.056065543062360244,0.13059269210218571,0.07240200766813804,0.05681064071851525,0.1428579964861711,0.13519334753782997
69,69.0,69.0,0.09418669490261507,0.12144716503364457,0.11834112932684966,0.09127089022639182,0.06660183417958819,0.09518083234751333,0.07821098363219683,0.05531900130571228,0.14686766433969972,0.13257380470578814
70,70.0,70.0,0.10543260229142959,0.1034381111638492,0.13064487141423003,0.11710031482508784,0.0763681372204259,0.08593549562441634,0.0622841100329101,0.05583809857933779,0.13455857799264295,0.12839968085566983
71,71.0,71.0,0.09232277060656192,0.10986799673801562,0.1205335325841036,0.10488271162856785,0.07261769789755686,0.12552841244458285,0.0640063605804557,0.043160748708447945,0.1559644938339263,0.11111527497778098
72,72.0,72.0,0.09548597162826607,0.096587599379861,0.11204923614157218,0.08127087157014427,0.05721870309130841,0.1137684016087716,0.04728305102271948,0.08110188128985198,0.16575782237167347,0.14947646189583108
73,73.0,73.0,0.08116863614906004,0.12270622517036381,0.14434487491950962,0.08027182297038175,0.06211985586521288,0.11351140878254366,0.05512769655970172,0.0590044735458153,0.15999595359194435,0.12174905244546652
74,74.0,74.0,0.1424918933406688,0.07814594250044818,0.13145085317286925,0.09166405367276427,0.058751616036776325,0.11411732943153494,0.040569590071761696,0.07320835175441323,0.13948843758458554,0.13011193243417743
75,75.0,75.0,0.10004492136138507,0.12041899815224415,0.13305637693578157,0.06755262921216801,0.07889080476675435,0.08916046761006365,0.07295048022851428,0.05031983007112332,0.1523565775459757,0.13524891411598952
76,76.0,76.0,0.07569032905936088,0.09922395245918735,0.14001017980202846,0.06510389537259895,0.07815942917138075,0.11416438663661135,0.05904205927117934,0.07416323602497404,0.15314853449049315,0.1412939977121853
77,77.0,77.0,0.08934472394712153,0.114208556794272,0.1366537644316021,0.09440275047770393,0.05201648551699254,0.0923436494659748,0.06967963554356969,0.05438925665993346,0.15628712280650725,0.14067405435632235
78,78.0,78.0,0.0993580331394339,0.11117711427200791,0.12069017627047965,0.09376441747569211,0.04228524262903209,0.09229931367960396,0.07303411771949186,0.049529898350874534,0.1669185653808826,0.15094312108250102
79,79.0,79.0,0.09999426349124871,0.11286439546450822,0.13560579603629747,0.09393725960632286,0.05347418680882772,0.09752337511227908,0.052021098405283704,0.04843099641384281,0.16501579647846867,0.1411328321829204
80,80.0,80.0,0.09791913740086863,0.09653897936445614,0.11144480086075421,0.1299862221214389,0.058986448159773296,0.11070133709546201,0.07270877148483615,0.05433243313602023,0.13224033350863412,0.13514153686775596
81,81.0,81.0,0.07842833995862264,0.08523611991460833,0.13779128770162347,0.09653018857845412,0.06926641447221854,0.11346487663735291,0.07178236999638656,0.04379126058363893,0.17676366241127012,0.12694547974582404
82,82.0,82.0,0.10647539739046392,0.10151347240289503,0.11822537032414226,0.11265309303139692,0.0705781481891769,0.11323892736416255,0.052278250515278256,0.05920605763360619,0.1562286184031378,0.10960266474573985
83,83.0,83.0,0.09510634900835771,0.1080228075337912,0.12588252741980924,0.09411306790836055,0.07262646305676751,0.1043635948519138,0.0668608391355249,0.0676275749755623,0.12871527124585616,0.13668150486405625
84,84.0,84.0,0.09786363320250886,0.08835153818841324,0.1407217608558425,0.07977260750211325,0.06410950703970705,0.1295587585176242,0.06932513985794313,0.05426368381589018,0.1571946371473131,0.11883873387264413
85,85.0,85.0,0.09194655751636052,0.09602222654853736,0.11859748180655712,0.08438928420488906,0.07574884619753938,0.09529671707832185,0.06572440059717818,0.07310364263058858,0.1569263452738102,0.14224449814621734
86,86.0,86.0,0.09187172778062101,0.09370025836932636,0.13148453964107973,0.10183621272168866,0.05622580999726967,0.12088906569646189,0.05416631034901524,0.049272459190243534,0.17174450080941991,0.12880911544487356
87,87.0,87.0,0.0938197806036017,0.12293090383185663,0.12845564233870768,0.08353263793942126,0.056071945089703014,0.12364478554496246,0.05767047909413266,0.035115100775989984,0.15840288505365632,0.14035583972796792
88,88.0,88.0,0.10494394652100625,0.12559521416152947,0.14715217188139648,0.08157941584302987,0.06491648021094386,0.08992492422551471,0.056194375507661466,0.05463261483620078,0.14256235228239683,0.1324985045303199
89,89.0,89.0,0.08940707297227682,0.11012550023247462,0.13609714807258141,0.07483660759693955,0.07925338763462171,0.11808781808240662,0.04814537233259353,0.04857468358314987,0.15449221447041747,0.140980195022538
90,90.0,90.0,0.10750020338221822,0.10647334780532755,0.12850197176878883,0.08685671692880972,0.05679124088900807,0.10274353400107054,0.06564182838239244,0.05318990253044279,0.15529353498685522,0.13700771932508626
91,91.0,91.0,0.08994933215757717,0.10476725308474193,0.1571926087806028,0.08502614260089073,0.061631328795860515,0.09191414936643856,0.09742961647387036,0.032984880924994145,0.14290599922586494,0.13619868858915857
92,92.0,92.0,0.10774891489808236,0.10115355617674618,0.1326732969867048,0.09744079090574612,0.045785588873379725,0.10908662083745624,0.07720894727484903,0.04626542310601387,0.16100016850245286,0.12163669243856856
93,93.0,93.0,0.0899892064897815,0.1421545704508856,0.13132079429613977,0.08805704713261184,0.05949683989238158,0.10459915313180994,0.03641232416982283,0.0600318441352089,0.14865775630005876,0.139280464001299
94,94.0,94.0,0.0935128647112916,0.10332821958387421,0.1449768206670686,0.11032940970926537,0.04582040987410461,0.09825465243822509,0.07178262548953988,0.04357070288339604,0.14976082427155268,0.13866347037168153
95,95.0,95.0,0.081002837643502,0.11168257843462745,0.15310207450025676,0.09132268819591703,0.055733637463708484,0.10336818014450758,0.05784325211581406,0.047140765112511876,0.16198671699875603,0.13681726939039845
96,96.0,96.0,0.0814794344107883,0.1101195720187635,0.14324898379738787,0.0746065086540356,0.07381318031545117,0.10692850309418371,0.07486217334011222,0.060547347482459844,0.1358877330604526,0.13850656382636486
97,97.0,97.0,0.10248493507351042,0.10345234582172139,0.12481225415338923,0.06897618310153746,0.07806149621806077,0.09678157332382277,0.09239574663644336,0.05277814795402229,0.1641216296303541,0.11613568808713792
98,98.0,98.0,0.09396263402887214,0.12641255384968264,0.142965532563876,0.08611245297291573,0.06853957079350825,0.10622072803528906,0.07420517936932525,0.05150363483916602,0.1411250298080756,0.10895268373928893
99,99.0,99.0,0.10350580577556794,0.08355736037783844,0.13316980732373973,0.07838676845303254,0.08138385935543539,0.10031644648304912,0.08523698366479007,0.04615691290231884,0.13290981811983343,0.1553762375443941
100,100.0,100.0,0.10613863085655809,0.13958678142184114,0.122436074708386,0.09247099814134964,0.07128439963330727,0.09342850329452748,0.044658481775100456,0.03438603948609974,0.17276355499745114,0.12284653568537882
101,101.0,101.0,0.10880662260295697,0.10075494937777234,0.14551420852581973,0.10903592152901713,0.04636771083439191,0.08924706414475328,0.047292856533223404,0.04610461020595478,0.15075342152027849,0.1561226347258317
102,102.0,102.0,0.10426078347081764,0.09772265657095872,0.13045896227242088,0.08977035878392606,0.032827403944434695,0.14734870688014307,0.048248768046977315,0.057598571684603916,0.1526453053383379,0.13911848300737956
103,103.0,103.0,0.10056133273004517,0.0829860674338933,0.1448137677173928,0.12733338021134114,0.05610453096823367,0.12469844826706249,0.03961151862288355,0.058124796761613085,0.13294066991549433,0.1328254873720401
104,104.0,104.0,0.09560236975650753,0.11030879112417676,0.1203728251397671,0.08752102584265127,0.09691268414928385,0.09005990763301844,0.04503963457969111,0.055986331771091837,0.15925637812827972,0.138940051875532
105,105.0,105.0,0.11491712432359247,0.07945311239444011,0.146947100855288,0.10738063751553495,0.06445702179916976,0.09839100576544794,0.05727172862022314,0.046585123328458135,0.13427380603608163,0.15032333936176343
106,106.0,106.0,0.11637346111672753,0.10762784743217506,0.10365536085264031,0.10339015231061899,0.09364700639702374,0.12164718599892752,0.05493951770043979,0.055586442570821085,0.1323687188349282,0.11076430678569742
107,107.0,107.0,0.1258491691166527,0.09433306096518179,0.11926614334935084,0.09019339580823085,0.051912267647877965,0.1276057469052363,0.08236726587209924,0.03540519459744892,0.14505021744447072,0.12801753829345036
108,108.0,108.0,0.09287696923978557,0.09678112748425087,0.13538980237507442,0.09025515361725142,0.05852739934739437,0.13535106021967108,0.047141531575836684,0.030000000000000006,0.17509724802615678,0.13857970811457848
109,109.0,109.0,0.1353231141868846,0.07102645268885796,0.13551523451984088,0.09886587134556726,0.0748921258451528,0.09850231524578124,0.04105319556744565,0.0626324657218961,0.1645549308210784,0.11763429405749477
110,110.0,110.0,0.1266997407509113,0.0888877854828312,0.10991876148766626,0.09687820827063004,0.0711787825531486,0.098688315267425,0.048191709410981554,0.06889097506854404,0.1497710095114961,0.14089471219636557
111,111.0,111.0,0.10768401660913769,0.08872163785993718,0.15162086605436825,0.09839703646417938,0.04266238416463349,0.11749112632547332,0.05769384960037578,0.058807528171901845,0.15353629043756642,0.12338526431242629
112,112.0,112.0,0.12323255468322351,0.08315560346058379,0.15617208585014022,0.0732996613514726,0.05396919453581095,0.094340567588919,0.07407219738672154,0.03943941818796069,0.16301240634294006,0.13930631061222737
113,113.0,113.0,0.10186474727186604,0.09169216213830075,0.11706563990871502,0.10016253575871217,0.057451524858581404,0.09636386180083899,0.0746777141064533,0.055843455381813054,0.15791676687614004,0.14696159189857896
114,114.0,114.0,0.12184360142153779,0.09511078947416893,0.12657286412978697,0.07282024979169376,0.06254506184394722,0.12526020949592054,0.07189058361594226,0.03571533061316063,0.14003470988634825,0.14820659972749334
115,115.0,115.0,0.09964464705522533,0.10342799282210649,0.15240712231848227,0.07865826762799001,0.06777337795851923,0.10721361722784133,0.05208672151884812,0.050011070045415495,0.1761920986972287,0.11258508472834268
116,116.0,116.0,0.1104445014940382,0.09060185014564515,0.13325669780943758,0.11711487752538144,0.046004473313965746,0.13080271309124009,0.04604634023251659,0.0526663473583552,0.16400917757129313,0.10905302145812654
117,117.0,117.0,0.09500548986051005,0.10667407299084766,0.07452543888191308,0.10356738922989675,0.036960368138448885,0.13274480934845198,0.03976433436876622,0.047880669702838,0.17697686305889576,0.1859005644194313
118,118.0,118.0,0.1401971565084116,0.07737690580549836,0.15382483592364432,0.0874319578302376,0.030000000000000006,0.092274958835519,0.07159326908268082,0.05213715056282427,0.1711231096764893,0.12404065577469443
119,119.0,119.0,0.07399702360492023,0.09813187106883108,0.0959802183550488,0.09868061957710608,0.09504493798346421,0.1226436250017701,0.035784193963528464,0.041255869818575056,0.1785913469828395,0.1598902936439162
120,120.0,120.0,0.07839987329892775,0.09476179269311975,0.16501202789459507,0.10318264365581893,0.06455849279819725,0.09511822489669965,0.05491602195357588,0.047313422939018704,0.17174031161153486,0.12499718825851183
121,121.0,121.0,0.10298922289607289,0.11783759267242906,0.12914326906208512,0.09560826198213099,0.05767093152631682,0.10501255370771476,0.05008495400834255,0.05028981359212914,0.14172341458563006,0.14963998596714823
122,122.0,122.0,0.09573073183019773,0.0897352366085418,0.148054419784393,0.09566089701382695,0.061070908490975497,0.10349817000228774,0.044466226693188046,0.08138789939608525,0.15782964885281853,0.1225658613276851
123,123.0,123.0,0.1066080829796396,0.1343425160865142,0.12757093050210921,0.0906339144093414,0.05396766245224238,0.09789278884925649,0.044279495418624616,0.052554702599742466,0.16216243341840195,0.12998747328412735
124,124.0,124.0,0.08613221010630626,0.08810152049474997,0.14269270609254595,0.11506271777992756,0.06753218377295009,0.08078188904027625,0.07144928629347815,0.04014201826352418,0.1755391042502419,0.1325663639059995
125,125.0,125.0,0.07510405934465217,0.11452297029852157,0.10003735211166516,0.09985075309443917,0.06133345066247113,0.12721311859108733,0.049394903254651915,0.05341781613530542,0.1539260667358221,0.16519950977138373
126,126.0,126.0,0.09095057526771963,0.09676065116727085,0.11110057937380222,0.10093559881959195,0.05273297640092715,0.1336821192056505,0.03722536370698657,0.03441506379212962,0.19538106876948896,0.14681600349643234
127,127.0,127.0,0.10684479684494279,0.1213246804279221,0.17427950345881477,0.05931751911452667,0.03855869910167294,0.10024960288576809,0.055021271710404926,0.033569288770810654,0.15405769772482053,0.15677693996031625
128,128.0,128.0,0.12124923845326716,0.0951403543500865,0.13337352189647284,0.06248472534686923,0.06010034065546836,0.10018888941528736,0.07540188554813518,0.04475802448707318,0.1840128674376714,0.12329015240966848
129,129.0,129.0,0.10233368401201978,0.08910670422569368,0.14595618604718902,0.09326725138227507,0.05248409847674671,0.11224936562600044,0.04566012706936988,0.03836364594698414,0.16981069706886856,0.15076824014485243
130,130.0,130.0,0.11975212303864273,0.1012286010465638,0.1335817633021707,0.08451191895650172,0.05075631672182782,0.13958291793926425,0.047261541687882956,0.05343752682846895,0.15642434453768828,0.11346294594098845
131,131.0,131.0,0.09845206807021378,0.07362177204935977,0.13003002484817497,0.10729369181810933,0.08327034468586153,0.09555804442322222,0.059259552111926864,0.0655216827929592,0.14389721806203923,0.1430956011381328
132,132.0,132.0,0.12605489390818164,0.08681031126124766,0.13313197895030823,0.0764931261051389,0.05658073501816459,0.09508378087443353,0.051178474200782906,0.05557381615914906,0.16470818767348258,0.15438469584911052
133,133.0,133.0,0.08676457998769137,0.08793055190908033,0.1942229402332559,0.1256857969182492,0.05303362030912836,0.061797638869760196,0.051464984889563484,0.04924520395523509,0.17379875852229232,0.11605592440574353
134,134.0,134.0,0.11427419896388868,0.09474202485581927,0.13805693137265063,0.09980229044416866,0.05449723190843099,0.07457637082213606,0.041015339154606915,0.05339968956832837,0.19420400416613343,0.13543191874383664
135,135.0,135.0,0.10205339886703882,0.12377477421874394,0.14104082840035786,0.12355121092976615,0.05061079777564833,0.09111687510860798,0.030000000000000006,0.04248305074389293,0.13465231241166448,0.16071675154427917
136,136.0,136.0,0.09715243759377744,0.07355284938920048,0.1526054968592611,0.07957211931986671,0.0483219781060617,0.08060649722849358,0.06382392194277565,0.05873494589078867,0.19525986829630046,0.1503698853734739
137,137.0,137.0,0.115102609189382,0.08705578002609778,0.16936300848893562,0.07223960287157663,0.05117120527933059,0.10638580126712711,0.051696274332089606,0.046317118257544324,0.17248658794080093,0.12818201234711504
138,138.0,138.0,0.11473548466936871,0.10596940044452485,0.13731112376785548,0.07961718868998954,0.06328905623609436,0.07433344399757055,0.062100202147840865,0.05315287264699864,0.18431399539272805,0.12517723200702865
139,139.0,139.0,0.09378146241653171,0.10459528483543704,0.16421349733352242,0.08067195845399858,0.04330065689310647,0.10888984569717663,0.050945514044737884,0.030000000000000006,0.18575755081308443,0.13784422951240455
140,140.0,140.0,0.11715657019536745,0.12488431182273678,0.17159328514667072,0.05540091068276591,0.06633744012412993,0.07570421936908159,0.04411403836463731,0.04232247231337162,0.17999610569062388,0.1224906462906146
141,141.0,141.0,0.10130938563587952,0.1033219035499148,0.13847314478078138,0.07961158138857262,0.0608816774861808,0.06693598516451936,0.05222244592764698,0.04478244418708964,0.21422457140937903,0.13823686047003564
142,142.0,142.0,0.11451390967437254,0.1388582258298253,0.16675136535301902,0.05699106861767802,0.048011712617559106,0.11267752447087923,0.030000000000000006,0.05154436616240343,0.16688262607812485,0.11376920119613831
143,143.0,143.0,0.09990382272222041,0.08460527004420675,0.17676090424654906,0.06816419642474385,0.08338543762430578,0.09995573691745985,0.06357098700576616,0.04612555983765012,0.17613045949531508,0.10139762568178261
144,144.0,144.0,0.1277915990239164,0.08098145158114922,0.15205205812033337,0.06375819000802381,0.04106322272153553,0.09438065797972095,0.0799586413656263,0.03514022555864593,0.15504591493889058,0.16982803870215765
145,145.0,145.0,0.0969748163120391,0.13602601039532836,0.13031178175622554,0.08634323456487694,0.04636740994271461,0.11888322540998955,0.04089905500841871,0.04502064458226372,0.16514646087012608,0.1340273611580171
146,146.0,146.0,0.09358573329412898,0.10926251118701016,0.1174183630021858,0.1035986600339713,0.03216934922929915,0.12692330418797398,0.04337619322040886,0.035197575019913954,0.19209928066486467,0.14636903016024286
147,147.0,147.0,0.09698829020293179,0.12138722171727015,0.10560394455542646,0.10313612831775379,0.03620043566614524,0.10217462135533292,0.03516702972178769,0.043542373376975564,0.2041879346376329,0.15161202044874322
148,148.0,148.0,0.09816209982123292,0.09168392831435554,0.11047363786895407,0.09130202711214998,0.043405119607969556,0.09227251072100735,0.041029100466174626,0.04598415084441382,0.1854457034664552,0.20024172177728666
149,149.0,149.0,0.07662952954562698,0.10712140962747203,0.1419762854540151,0.08023621951886642,0.060910726671987846,0.09567379276064143,0.040969580791670956,0.04053907007676547,0.18869998648348327,0.16724339906947028
150,150.0,150.0,0.06776819592758088,0.1029719335773378,0.12299727172398596,0.06988584224231872,0.05692527487023987,0.11635358534172777,0.058427528604372225,0.07411820308881142,0.2031274095754621,0.12742475504816309
151,151.0,151.0,0.13660044078295258,0.08148616255498278,0.14583497287906969,0.043060929841659726,0.057820882243220816,0.08769804309805067,0.05970982777940281,0.042874602447646,0.19114253686880006,0.15377160150421462
152,152.0,152.0,0.1527920399530339,0.07732041952736987,0.13552456020438902,0.06171451256388579,0.047737399560678115,0.11514234625353217,0.03938750202920371,0.05801180788752638,0.16545208501137446,0.14691732700900625
153,153.0,153.0,0.10283185184373492,0.10739028094356891,0.17271931927502018,0.07900353252541374,0.050658899646117105,0.11498779645796733,0.03385409513339864,0.045939693998700945,0.1677540290213061,0.12486050115477179
154,154.0,154.0,0.07365414150545017,0.0964579889374961,0.18121102151252638,0.053363643594706155,0.06825700834608618,0.09095876707907516,0.030000000000000006,0.032719693022230004,0.2346218917865638,0.1387558442158658
155,155.0,155.0,0.08268318339269119,0.11643521250425563,0.11671994030031223,0.0726610584112798,0.0723734291648229,0.14908495306596264,0.03776342040137628,0.044786244204894146,0.18067893620087866,0.12681362235352628
156,156.0,156.0,0.1365715685613869,0.15351648348972108,0.10265612023956494,0.06993815262124314,0.030000000000000006,0.07613933209416349,0.052969915068338744,0.0569993330977138,0.1828074144056746,0.13840168042219309
157,157.0,157.0,0.11066287348618267,0.10045705964812705,0.09381915340885907,0.06482926871716811,0.052128508510976224,0.12639140249581707,0.03915782513304864,0.04444853095964803,0.20040672918635183,0.16769864845382115
158,158.0,158.0,0.14925253776208885,0.09625872167733686,0.16719438543364235,0.04350007329412262,0.06292470767768525,0.10045247012618423,0.06051997301443377,0.03204573851869227,0.14496716006855834,0.1428842324272552
159,159.0,159.0,0.08013951945321236,0.08715626240151572,0.17293383830113515,0.059469887945928945,0.03278023404341185,0.0862218168962507,0.06548866305676677,0.03780989270122072,0.21518930804005146,0.1628105771605061
160,160.0,160.0,0.08749412815680031,0.0754124813934647,0.1640414201858274,0.044625058809093766,0.055100053352515055,0.1227550632146019,0.03540614938432424,0.030000000000000006,0.22202522058233615,0.16314042492103628
161,161.0,161.0,0.11453758483682523,0.06966840206769667,0.15214299567422623,0.05265500424405565,0.08946011912542051,0.07532089456573021,0.03413445304688482,0.030000000000000006,0.2041462501722137,0.17793429626694673
162,162.0,162.0,0.13412124935611022,0.08562598241098468,0.12796497250380784,0.062426275992587474,0.050250065743558656,0.08473148699075891,0.0961400622358364,0.051131768338236516,0.15985360497916282,0.14775453144895628
163,163.0,163.0,0.11358751915565457,0.11453333864029733,0.1310164732522001,0.07503496800846865,0.08024135303880299,0.07297072943245804,0.057757531410044124,0.046754994400161745,0.16140337184889966,0.1466997208130126
164,164.0,164.0,0.10769042114947032,0.11334734893342562,0.1354879465205912,0.1236977578539259,0.044121224139798486,0.052383006700233506,0.030000000000000006,0.045553601743657725,0.20211194112341704,0.14560675183547994
165,165.0,165.0,0.11640273292095568,0.09360839729179381,0.13532772079551283,0.07807883372464006,0.05658936741472537,0.10144329210526784,0.030000000000000006,0.0699187316609205,0.16094642187863356,0.15768450220755006
166,166.0,166.0,0.13708151234486615,0.11998422752753946,0.11649604236328641,0.07614349893879882,0.0830161878357779,0.08805216834517327,0.07379806418615535,0.038915125962646104,0.12584193904251378,0.14067123345324245
167,167.0,167.0,0.11700059389285469,0.09147457931557171,0.17670875601431407,0.09690818220048726,0.051931191821552994,0.053353847994804346,0.03210417029573261,0.030000000000000006,0.17335918232084818,0.17715949614383392
168,168.0,168.0,0.1411753240776363,0.07766190673712675,0.11334825977509318,0.08522829236323612,0.041422928385195706,0.11182063930459159,0.035934292694588754,0.040956669939366974,0.22701345146886687,0.12543823525429754
169,169.0,169.0,0.0925824392602216,0.09533194056792685,0.16071760702270815,0.0952516241025648,0.06676700634243504,0.09668296602360665,0.03289476448038649,0.030000000000000006,0.1894545737680467,0.1403170784321035
170,170.0,170.0,0.10146593674272353,0.0788175422412163,0.1621716196566737,0.0966265788123902,0.04722281695845372,0.08846684261907609,0.04418186480968209,0.030000000000000006,0.2127467191105313,0.13830007904925284
171,171.0,171.0,0.09729782418049422,0.09299167078803208,0.1544998982453674,0.06916851675676175,0.045827552968778926,0.08565889148862513,0.06367279963191189,0.030000000000000006,0.18982115380261716,0.17106169213741124
172,172.0,172.0,0.07001740172784422,0.07135368394640948,0.15827876541479427,0.07581330090871355,0.07554075312343476,0.0983074777010616,0.04895668810973051,0.03921018906152739,0.2090188044370998,0.15350293556938416
173,173.0,173.0,0.07617204991705184,0.11417441856966273,0.1215908608215519,0.09744577726618346,0.039080788937837216,0.1257047779030786,0.04371660398089845,0.05325194871278355,0.18731634408229816,0.14154642980865384
174,174.0,174.0,0.10466216614145876,0.10042432268075172,0.16300970623098293,0.09412681674440568,0.030000000000000006,0.09185094264608974,0.053289328095017886,0.033489414297349175,0.16406485440295993,0.16508244876098388
175,175.0,175.0,0.09047653045020677,0.08274918174755011,0.12977797362417787,0.11252142034759408,0.030000000000000006,0.09687349002368126,0.04786266772251478,0.06211566818780094,0.19870467970665542,0.14891838818981856
176,176.0,176.0,0.1386599883803482,0.08109773491417449,0.1415907321777184,0.08666769858097001,0.057990762766252,0.09543712459312495,0.031538804486103786,0.053826958389721756,0.15932780344200095,0.15386239226958515
177,177.0,177.0,0.12622550123885629,0.10557277616468204,0.11156828711799027,0.10026708341896466,0.04606162389461095,0.12279819260091082,0.053195175007198156,0.030000000000000006,0.15977480430032406,0.14453655625646258
178,178.0,178.0,0.11452817616604072,0.11396974306374394,0.11056186538796262,0.07888862143386446,0.030000000000000006,0.11401199191220243,0.030000000000000006,0.07669663111715375,0.16846244635141283,0.162880524567619
179,179.0,179.0,0.09118610618211755,0.14688985860240716,0.1424687288472119,0.08468235211309053,0.05901191863502754,0.09972960241174393,0.03941017059418204,0.03815858991142998,0.16507459122355153,0.13338808147923759
180,180.0,180.0,0.08989781219572635,0.07661098785430537,0.1590887196286783,0.04965538725220829,0.04595720881324854,0.117044624328865,0.06243003705677018,0.03433626815468997,0.18126887585265017,0.18371007886285756
181,181.0,181.0,0.07234942541953931,0.12366701261083249,0.14820858138948662,0.07614323222164376,0.039033202961938206,0.12146651079063171,0.030000000000000006,0.05963509934050855,0.18556819004501202,0.1439287452204071
182,182.0,182.0,0.08824900886463122,0.08149792635882784,0.15217965101908487,0.07928541940643896,0.07268473320486377,0.12724216545826147,0.04021061798145531,0.030000000000000006,0.1692731848183779,0.15937729288805844
183,183.0,183.0,0.07804736724047104,0.08540507481807097,0.16195211778342392,0.09444175135012355,0.04782208690186384,0.12370929717610364,0.06794827902062954,0.030000000000000006,0.14645975812734494,0.16421426758196836
184,184.0,184.0,0.104705903969273,0.0914975021886591,0.1787947208964472,0.09662301527577288,0.04976622629298866,0.09581356675879735,0.037462075248872725,0.030000000000000006,0.16596116622423057,0.14937582314495823
185,185.0,185.0,0.07613061039948342,0.08307504648857604,0.16407398656725564,0.0416478407322298,0.05870693282862277,0.08883978905774284,0.07392343049247878,0.05197938761762878,0.1852948949548782,0.17632808086110358
