,Unnamed: 0,Generation,Intertwine_two,Add_vertex,Delete_vertex,Invert_path_vertices,Insert_inside_vertex,Delete_inside_vertex,Replace_inside_vertex,Donate_between_routes,Trim_one_terminal_cb,Grow_one_terminal_cb
0,0.0,0.0,0.09999999999999999,0.09999999999999999,0.09999999999999999,0.09999999999999999,0.09999999999999999,0.09999999999999999,0.09999999999999999,0.09999999999999999,0.09999999999999999,0.09999999999999999
1,1.0,0.10900000000000001,0.10055681356187861,0.10040744816013354,0.09953001886936458,0.10075614042306144,0.0994117175335335,0.09952332119320213,0.0998982373337096,0.09765964309175115,0.10148272485607158,0.10077393497729373
2,2.0,0.31601,0.10164657062827893,0.09908294754200855,0.09971273637182045,0.10149057707327988,0.09943930832927896,0.10040103351559279,0.09916931604222065,0.09524473612118836,0.10216065143767997,0.1016521229386513
3,3.0,0.6191589000000001,0.10300913845232854,0.09828795864499705,0.09991398153767202,0.10169961899722171,0.09885356453417163,0.1004992842451633,0.09806968595325635,0.09342671228943965,0.10325392597281208,0.1029861293729375
4,4.0,1.015801321,0.10536443300432247,0.09769954890572473,0.099371509600483,0.10186634280124093,0.09805094403692924,0.10053490508123547,0.09715377141999637,0.09205125866063935,0.10427235220144998,0.10363493428797826
5,5.0,1.50262148669,0.10600224810460895,0.097525743860255,0.10037657293508917,0.10343614936369291,0.09610087263238729,0.10156588271898641,0.09591187007954413,0.08962884055607866,0.10542279728631326,0.10402902246304399
6,6.0,2.0757334209441005,0.10764996732674587,0.09693918831973021,0.09942263638709145,0.10397209764536619,0.09666581731125873,0.10277176882542956,0.093839478671113,0.08775228351542363,0.10539986170376263,0.10558690029407848
7,7.0,2.7307768275633495,0.10734483983719424,0.09783663688223979,0.09947661667774109,0.10369846812816577,0.0951784576601644,0.1034577269389338,0.09406908633800935,0.08606099219694592,0.10726449864612848,0.10561267669447684
8,8.0,3.4630081252450404,0.10734337482026246,0.09708820028119361,0.10056029167221468,0.10381439151682159,0.09261975260925176,0.10355415158266658,0.09265228608179746,0.08568877133775143,0.109150862828428,0.10752791726961211
9,9.0,4.2673862119061114,0.10816656086437228,0.0980203792719145,0.10020676051539965,0.10445025242673484,0.09118264118882215,0.1019509408566798,0.09161090826312532,0.08472152877390887,0.11140177005349525,0.10828825778554704
10,10.0,5.138652627782014,0.10765191340295949,0.09904474911326454,0.10047684449794869,0.1051681980550071,0.0902404653053014,0.10153802993496569,0.08976205453376147,0.0834508115756524,0.11359748388810856,0.10906944969303031
11,11.0,6.071405875792507,0.107487556241775,0.0984702829648966,0.10132389093081953,0.10582690039995739,0.08917038111984533,0.10073534861617991,0.09081811509002408,0.08067849958010265,0.11490089835454072,0.11058812670185844
12,12.0,7.060169740244025,0.10850072155944081,0.09841534214680131,0.10139003016858886,0.10529449437119086,0.08796051929761582,0.10221719433902485,0.0894693635482752,0.07922136186662909,0.11528834581074546,0.11224262689168736
13,13.0,8.099455520847952,0.1095662698454395,0.0982136201550564,0.1009656598210214,0.10391011858672386,0.08754670423111455,0.10254996056486435,0.08775861070086693,0.07722499909490124,0.11759919762939974,0.11466485937061163
14,14.0,9.183818168183006,0.10948918402547869,0.09812192087342786,0.1009765029548304,0.10422968345176155,0.08813322580935516,0.10337464151065252,0.0860027351167427,0.07701972544240862,0.11910936567217786,0.11354301514316428
15,15.0,10.307906369102724,0.1099278752745231,0.09977427942227672,0.10126028612482349,0.10415417094407982,0.08649105550207456,0.10278000453647965,0.08580844975376097,0.07380706910485936,0.12204855557014786,0.11394825376697415
16,16.0,11.466506686239443,0.10826247333187385,0.09999129008980125,0.10129490598687729,0.10427392239290378,0.08527515611362924,0.1034051206982286,0.08602407967363927,0.07234554282026105,0.12494329763330944,0.11418421125947589
17,17.0,12.654581904800096,0.10915827068857459,0.09951488535133694,0.1017476702002506,0.10449862971949399,0.08630437124852558,0.10417787010886598,0.08380245896137067,0.06960095511714809,0.12568543924046757,0.11550944936396566
18,18.0,13.867303782456686,0.10774585939197684,0.09921592841287795,0.10301576562749373,0.105624462683401,0.08372860992350661,0.10400671638483358,0.08498546741335697,0.06918064234036664,0.12652074231024918,0.11597580551193722
19,19.0,15.100080434523047,0.10701142337445474,0.09783142918368685,0.10257487931848683,0.1050586296558873,0.08430646978778353,0.10473144760764584,0.08444243901490918,0.06816114764211244,0.1290346088022979,0.11684752561273518
20,20.0,16.348578617037543,0.1060122298451672,0.09780417184079268,0.10363535587582645,0.1050915530735003,0.08369625199401035,0.10365805877240153,0.08398085278050957,0.06736909804096189,0.1309423402889654,0.11781008748786442
21,21.0,17.608741195130214,0.10471853957362043,0.09641020269168572,0.1046078791182595,0.10548647539275298,0.08305624450877751,0.10470190731566943,0.08467201844417555,0.067071227024056,0.13171380139139796,0.11756170453960468
22,22.0,18.876800103462312,0.10460018993579964,0.09487861760773518,0.1049119295306527,0.10713961956357623,0.08200485907903196,0.10440065537981325,0.08410235543544288,0.06502233132427875,0.1329997820372769,0.1199396601063923
23,23.0,20.14928511992658,0.10502280058431948,0.09618080410686024,0.1060131473775568,0.10792776897220446,0.08098713205344633,0.103230143467276,0.08178109053535891,0.06567062857005257,0.1330813099154988,0.12010517441742619
24,24.0,21.423028783545156,0.10554321820084192,0.09791682587055975,0.10659410282979653,0.1073652616461913,0.08021747102349969,0.10313109588520132,0.08042492113399013,0.0636545243170121,0.1345410185645314,0.12061156052837566
25,25.0,22.695167792966423,0.1063659014188242,0.0981107313882824,0.10739376170616877,0.10619066058513603,0.0788017294274668,0.10350506324400847,0.08001108897951702,0.0631496098991541,0.13453216938550427,0.12193928396593778
26,26.0,23.963141223515898,0.10680912179297454,0.09991218421645175,0.10691199910978372,0.10507698200898333,0.07852379594485993,0.10370167156418367,0.07911954244522908,0.06206179256515685,0.13608315609268817,0.1217997542596888
27,27.0,25.224685898775267,0.1062668111288935,0.10045066151652352,0.10684488512862429,0.10447919794699029,0.07732603307180871,0.10413756701448545,0.07823505813376457,0.06173660086135334,0.13729567917965263,0.12322750601790351
28,28.0,26.477829247520948,0.10728228534925438,0.09940615723764112,0.1080805909366282,0.10371814276669483,0.07710121077914313,0.1044127925414131,0.07776836009341496,0.060518878440489914,0.1373038955527652,0.12440768630255497
29,29.0,27.720879968916847,0.10570608221008679,0.09821716899426079,0.10856307648682886,0.10294859945971194,0.07543854435421984,0.10654982243644075,0.07974901106902244,0.05959879226430767,0.13746997289405516,0.1257589298310656
30,30.0,28.95241681848399,0.1069917127287828,0.09776803295715827,0.11012631532754397,0.10367716074584298,0.07325582423128929,0.10776540746762181,0.07873571776609004,0.058264206474628336,0.1363350436019516,0.12708057869909076
31,31.0,30.17127581490958,0.10649494851211362,0.09710237476420217,0.11096528881105161,0.10202659721882644,0.07274730784922874,0.10833838522340324,0.07803251814304996,0.05837544222390131,0.1376216382363198,0.12829549901790296
32,32.0,31.376536153543515,0.10439323874333506,0.09559516200645275,0.11147392203890172,0.10078678852788447,0.07268627036970422,0.10854897530037003,0.0791485234617301,0.05888179944772413,0.1380007970447612,0.13048452305913613
33,33.0,32.567505096778625,0.10457437013007033,0.09573302854523376,0.11242996003190964,0.10080374608622934,0.0721314645353619,0.10911804672170375,0.07842919411440408,0.059226447545214236,0.1372060212904431,0.1303477209994297
34,34.0,33.74370209472243,0.10412307846924868,0.0959162774834246,0.1129701479659076,0.0995147324888308,0.07217732692414018,0.11042840743724613,0.07773853649181678,0.058643624327880284,0.1394198614572577,0.12906800695424708
35,35.0,34.90484237192463,0.10498621957432511,0.09375203767134205,0.11327017751805539,0.09801920636759252,0.07298370055663694,0.11134660267976933,0.07764563115337357,0.05929693293066381,0.13890296279420444,0.12979652875403666
36,36.0,36.05082019768737,0.10512893345353772,0.09311877080247412,0.1140496031224591,0.09831019496131774,0.07224046850098856,0.11199428099543748,0.07799985550206331,0.05890570788172974,0.13933324271310252,0.1289189420668895
37,37.0,37.18169203889697,0.10642453968504273,0.0925387970551909,0.11676208834379767,0.09633663762123557,0.07194038187241196,0.11258786301906802,0.07488512063438371,0.058608001183715515,0.14268517487641916,0.12723139570873454
38,38.0,38.29765977559663,0.10616582862332478,0.09054875668536458,0.11875793105158963,0.094832084005358,0.07122969056482624,0.11305572304913314,0.07812181368760643,0.05822724052711195,0.1421023115618278,0.12695862024385718
39,39.0,39.399054140870355,0.10650356079037239,0.091444494545143,0.12031118398735172,0.09396280761897927,0.07054509354161084,0.11349964132318059,0.07714689854420481,0.05695021899002978,0.14353337925731685,0.1261027214018105
40,40.0,40.48631852820801,0.10457145523447797,0.09190678255539293,0.12129938084608582,0.095703737783309,0.07022505975046817,0.1135803671335269,0.07434529311440664,0.058191477241502206,0.1443057808553684,0.12587066548546172
41,41.0,41.55999329152982,0.10615505654866862,0.09056690369730902,0.1208486120500972,0.09455655563295612,0.07267625307477538,0.11313140710923182,0.07335100983772964,0.05975131747700735,0.14351022044857836,0.12545266412364622
42,42.0,42.62070064560415,0.10547776064358919,0.09137522849070318,0.1214803790030925,0.0961198707274167,0.0740633760864765,0.11258076061099233,0.07035730493512674,0.059776432807885284,0.14454495804746023,0.12422392864725708
43,43.0,43.669130257815,0.10529891390183646,0.09140697801063397,0.12174200087607724,0.09692397977128837,0.07354368903388386,0.11208364101400402,0.07266471805817627,0.059568055213987586,0.14370461663826026,0.12306340748185166
44,44.0,44.70602560622662,0.10464530462465688,0.09295780369731557,0.12429863766515,0.09470074345434751,0.07480434079050538,0.11204414654005232,0.07308019296496646,0.058852381497399464,0.14333695873252675,0.12127949003307938
45,45.0,45.73217116373481,0.10322228671795927,0.09326048273676654,0.1251546691582212,0.0933348907971995,0.07485195773275016,0.11367555154916036,0.0741818810606195,0.05865743229581135,0.1436950801371374,0.1199657678143744
46,46.0,46.748380453854836,0.10155262516623323,0.09324295754180657,0.12683784422789166,0.09320270646264535,0.07428840629213462,0.11365718043044308,0.07458880834449348,0.05762275940803894,0.14529917862473257,0.11970753350158021
47,47.0,47.755485010424316,0.10066916813066423,0.09368659988741052,0.12697149123525212,0.09629059739124146,0.0746032115935315,0.11327949289527874,0.07321890555833721,0.0570776689727629,0.14575128151265018,0.11845158282287088
48,48.0,48.7543242612326,0.10138989345381016,0.09373190711868531,0.12577896196540134,0.0961835345866578,0.07511771277742806,0.1128791799532571,0.07266647638224058,0.05688576509558199,0.1477739939771132,0.11759257468982423
49,49.0,49.745736344347726,0.09958898128682765,0.0939386757557593,0.12496801612966746,0.09690574203554975,0.07518794809939477,0.11003976810719057,0.07250501096407769,0.060227774299347316,0.1480057529314975,0.11863233039068773
50,50.0,50.730549855707864,0.09755780445090866,0.09365044814779014,0.1266223447887491,0.0979723455683833,0.07338727709089317,0.10811348532344123,0.07303644158645671,0.06059682983475479,0.14760416020781245,0.12145886300081019
51,51.0,51.70957651737491,0.0958470723683004,0.09289911833415936,0.1275020392907508,0.10035548079621097,0.07243109345369511,0.10863410265049667,0.07280942194382325,0.05969167264745737,0.1477914322986,0.1220385662165058
52,52.0,52.68360474770151,0.09655963372322729,0.09550810400832302,0.1271805831760698,0.10078488761522798,0.0723879283379801,0.10923322790325427,0.07170536364008301,0.05890531117134898,0.1464122276884456,0.12132273273603969
53,53.0,53.65339410751842,0.09305958952741505,0.09647248731275332,0.12761698714106862,0.10040408822505563,0.07145790566763252,0.1102107342471414,0.07164149333025159,0.05839560272863786,0.14669280412482597,0.12404830769521781
54,54.0,54.61967059027847,0.09083122732291225,0.09597512692721469,0.12774422687939335,0.10102171427381902,0.07122807949413952,0.11017493663809573,0.07115205040135057,0.05849966022637717,0.14749887576734308,0.12587410206935443
55,55.0,55.58312271885972,0.09194028054016899,0.09549649527421569,0.12989401538117312,0.10079382526161326,0.07047730233615984,0.11200293144379853,0.06970605407373091,0.05870159978072241,0.14603844315033476,0.12494905275808234
56,56.0,56.544398407394254,0.09355026967082956,0.09617427402295882,0.12885109932388344,0.10064514013840498,0.07098525835264972,0.11090363244747418,0.07004313949443175,0.05779299586481448,0.14482104853223368,0.1262331421523193
57,57.0,57.504102543001395,0.09454964662227591,0.09729485663111148,0.1296897006115497,0.10182500986459174,0.06924878395289455,0.11051460453033102,0.06795005376327119,0.05596554825078011,0.14546213642109448,0.12749965935209973
58,58.0,58.462795239617805,0.09417220740487862,0.0969535636144994,0.1294606270654437,0.10119204682724937,0.06682771716484255,0.1099560512897573,0.06717675187823406,0.05462915093022894,0.14906443454025753,0.13056744928460842
59,59.0,59.42099071417639,0.09324082861358436,0.09833846156266195,0.13007203651064747,0.10190084630689347,0.06612885397482111,0.11020274567211813,0.06568804262901307,0.05418961743256302,0.14977859106000518,0.13045997623769212
60,60.0,60.379156734137354,0.09439870734780247,0.09796045430102841,0.12997184055201771,0.10287780163332837,0.06655478087048362,0.11198838295069152,0.06463046446655826,0.05232231661060183,0.1488074042085487,0.130487847058939
61,61.0,61.337714584760846,0.0936991566383739,0.09752624848878302,0.12771979506769207,0.1025618631963684,0.06520211269258744,0.11380295281040807,0.06535991033913634,0.05292975851410426,0.14904893669052308,0.13214926556202336
62,62.0,62.29703950447439,0.09362351531794577,0.09861137698651491,0.12516671666989623,0.10343299566357192,0.06539139063114663,0.1126098925431361,0.06433301513638189,0.05412850511934795,0.14810556286093518,0.13459702907112336
63,63.0,63.257461537171835,0.09210640329186921,0.09951244076323337,0.126485845657675,0.10388017314543652,0.0654503925047425,0.11440623905697347,0.06237611258289728,0.053449531050564394,0.14807652810512337,0.1342563338414848
64,64.0,64.21926675122782,0.09049029829150312,0.09962652033885622,0.1244029623339474,0.10331047113793443,0.06494415821545654,0.11431689282594708,0.06332728108814577,0.05387921463267453,0.14893842757456885,0.136763773560966
65,65.0,65.18269877636592,0.09230818172708741,0.10095858371762015,0.12437691819274804,0.10362830106605936,0.06576470853186867,0.11361156443053817,0.06204944703563643,0.05355264089177856,0.1479335363799894,0.13581611802667373
66,66.0,66.14796061122655,0.09268874189788884,0.10137014887791121,0.12452425323216021,0.10271170451219745,0.0656377512904038,0.11424472247692531,0.06031490320671385,0.05322863206819108,0.14762675513791276,0.13765238729969545
67,67.0,67.11521665648885,0.0930822609731698,0.10216120968624037,0.12488424279144433,0.10417700964695967,0.06259273013041226,0.11494463550824568,0.05929436719093207,0.05225815161380419,0.14912765757649754,0.13747773488229403
68,68.0,68.08459493066005,0.09319025914078317,0.10325477728744796,0.12473188116673893,0.10172011722084323,0.06141649139744839,0.11675904691621494,0.059911337947612324,0.052408966364417914,0.1486974551628576,0.1379096673956355
69,69.0,69.05618942810752,0.09315546004669037,0.1055410501117397,0.12401057427957386,0.10067164900656861,0.061357996166152826,0.11498916765977973,0.0611724159222357,0.05243955244223094,0.14865284518916763,0.1380092891758606
70,70.0,70.03006258152917,0.09425904394944756,0.10595685141584178,0.1245350778403361,0.10221696248578929,0.06233441914220494,0.11227365930355568,0.06088508441656767,0.052547784128260035,0.1473639357696463,0.13762718154835066
71,71.0,71.00624779379335,0.09405302187686207,0.10694887374443036,0.1240570950977484,0.10253481782082889,0.06297849306914714,0.11352561182817929,0.060812701372384426,0.05141036080310801,0.1482164552984354,0.135462569088876
72,72.0,71.98475200689319,0.09416661960100255,0.10654284533428049,0.12274324536002988,0.10048318255459954,0.06211465217105438,0.11359639602292344,0.0591071622689266,0.05409829694766499,0.15004053611347523,0.13710706362604286
73,73.0,72.96555827861411,0.09285031752508101,0.10868972988465167,0.12468340438169238,0.09834468284517234,0.06177835114936388,0.11363612257142888,0.05823840051705072,0.05457773454678448,0.15126319483162012,0.13593806174715448
74,74.0,73.94862834037681,0.09768115456215229,0.1063060626658513,0.12533676003190278,0.09737852757817819,0.061142271294157266,0.11373122139209405,0.05596959725199492,0.05647388359684212,0.1504001636648179,0.13558035796200912
75,75.0,74.93390511255946,0.09823231808537324,0.10810646653245652,0.12614647342479302,0.09404070065276969,0.0625598117448953,0.11132498522893998,0.05701176325731763,0.05605891025514072,0.1508011323500326,0.13571743846828122
76,76.0,75.92131515639825,0.09631103205882979,0.10773045075929343,0.12763969480012882,0.09052690232153912,0.06392577052124078,0.11143811940856733,0.05671825773608655,0.05801238404115436,0.15125675431313698,0.13644063404002277
77,77.0,76.91077104428919,0.09574110709372206,0.10880543201395405,0.1287716573509074,0.09004013926445271,0.06268317564101429,0.10938512912544873,0.05754109840956854,0.057954621031900765,0.1519995907133059,0.13707804935572548
78,78.0,77.90217363294813,0.09616554171289034,0.10952380213872538,0.1282728859013028,0.08958184532500628,0.060485049058774186,0.10736258949541015,0.05873848860463455,0.05738104484894697,0.1537741630518275,0.13871458986248175
79,79.0,78.89541422641172,0.09664308081958871,0.11035559649160244,0.12923972647693224,0.08922849071407442,0.05944363148844023,0.10591407721348489,0.057857794139921724,0.056676424625604654,0.1553124452895461,0.13932873274080454
80,80.0,79.89037661826481,0.09689886523329583,0.10949675778891563,0.12775744417303805,0.09256245550466982,0.0589978873634381,0.10584430533705838,0.05907556947228904,0.05654995581469669,0.1535163865183986,0.13930037279419977
81,81.0,80.88693900474995,0.09519019418308336,0.10746393922726813,0.12889491235049735,0.0925916581280749,0.059624599890144056,0.10610643492004765,0.060215259142700144,0.05535984140285464,0.1561395059845318,0.13841365477079787
82,82.0,81.88497576253909,0.09628947743883166,0.10703985957748745,0.1280510057259739,0.09426961623893756,0.060416232681696005,0.10639334103459203,0.059406239006496164,0.05571453232900136,0.15665305066750584,0.13576664529947796
83,83.0,82.88435908692391,0.09624378673031084,0.10725385753402852,0.12795894911945116,0.0941096107943349,0.061435152835926626,0.10583247914975279,0.060065099861025074,0.05691082114977507,0.1543596618438106,0.1358305809815843
84,84.0,83.88496048800103,0.09646701913483768,0.10548701826037533,0.12933925730018758,0.09253159442470803,0.06161239847523654,0.10783253097699012,0.060972462095087915,0.05675825951076206,0.1548871045866511,0.13411235523516352
85,85.0,84.88665214409042,0.09609018687097373,0.10449257694938024,0.1284829317934784,0.09144545749309549,0.06296082455204341,0.10642363575297983,0.06151254095729653,0.05848000416017148,0.15535804919346383,0.13475379227711695
86,86.0,85.88930811312994,0.09570211856637609,0.10328067944755515,0.12890209012102316,0.09214206537344208,0.06234998461759759,0.10760359572643799,0.0608849215048668,0.057792692385309624,0.15727939785395972,0.13406245440343167
87,87.0,86.89280540413424,0.09550935846667873,0.1050172320313833,0.1290022673807768,0.09103559646100974,0.06172360043963639,0.10907398638710064,0.060603294760633274,0.05567317361455794,0.15781910110238428,0.1345423893558388
88,88.0,87.89702491199675,0.09643139519006079,0.10702569710780066,0.1309566136184033,0.08976942264496562,0.06198779163809607,0.10717105984133087,0.06017289217551097,0.05551177739851682,0.15672661858835316,0.13424673179696164
89,89.0,88.90185221995306,0.09579266639954115,0.10747203945420808,0.13177197843401556,0.08787368531789752,0.06368854134480605,0.10810225397966909,0.05894084436471561,0.05475193605315156,0.15679472788146764,0.13481132677052762
90,90.0,89.90717827491419,0.09696326759479497,0.10753506693104271,0.131789540834073,0.08723916187951367,0.06312864986918182,0.10750575593706727,0.05947369221965846,0.054467828212352104,0.15691313316280397,0.13498390335951194
91,91.0,90.91289994163006,0.09636709090593354,0.10741056499687818,0.13464153500465323,0.08648120890266925,0.06304538224200351,0.10583834701590245,0.06319371545988216,0.05217884973826863,0.15576474835814813,0.1350785573756608
92,92.0,91.91892044225806,0.09754631257252522,0.10691071044620915,0.13498190931654513,0.08702596539097704,0.06137172685083353,0.10591568415746123,0.06486202846632122,0.05125488364156274,0.15641203147029384,0.13371874768727074
93,93.0,92.92514968840067,0.0969336672548832,0.11050337123532633,0.13512990980489295,0.08668202010828831,0.061080700720906204,0.10556825018109947,0.06240731704969904,0.05175006165209145,0.15580622642130715,0.1341384755715057
94,94.0,93.93150451304501,0.09666520768350538,0.11017064285098625,0.13659062172641134,0.08861345588177705,0.059435295593858656,0.10461141856252251,0.06347515697791202,0.05063242556121718,0.15529982397315603,0.13450595118865338
95,95.0,94.93790881009448,0.09514106793276424,0.11063819895748439,0.1388016498285033,0.08866823546485696,0.058809604881278704,0.10419805521518852,0.0631253502610474,0.04991294207556371,0.15601126104552432,0.13469363433778828
96,96.0,95.94429358933806,0.09367561953093323,0.11091314260651775,0.1399492702968167,0.08707246366275134,0.060023677850955325,0.10417376174684873,0.06445959535684674,0.05057834340583986,0.1541014105763578,0.1350527149661324
97,97.0,96.9505969547639,0.09433530418435608,0.11048593356506602,0.1391714528889046,0.08494857693551931,0.0616790701385702,0.10316475206178018,0.06751779905253191,0.05049997469101084,0.155023798035939,0.13317333844632173
98,98.0,97.9567640140995,0.09415828657686437,0.11232713035312214,0.14014315307547723,0.08459098192980849,0.06238055491576324,0.10313672702898553,0.06869990512777586,0.050324773268809214,0.15364526508327836,0.13059322264011541
99,99.0,98.96274672736057,0.09495133137931147,0.10983954235015383,0.14006633451426295,0.08351179268311151,0.06435791023020714,0.10255191635430941,0.0709220337674574,0.0496442084108466,0.15145786190430757,0.132697068406032
100,100.0,99.96850370202192,0.09601389895357546,0.11294083343215948,0.13885485927572952,0.08389769508761515,0.06529784353224612,0.1013144377295361,0.06900724885317513,0.04781973974197306,0.1532890922931509,0.13156435110083897
101,101.0,100.97399994219691,0.09733825626408277,0.11211527168145449,0.13990815709711935,0.0859872326209725,0.06371198018520027,0.09970370370791265,0.06730389223535264,0.04721523800941365,0.15293093092243562,0.13378533727605596
102,102.0,101.97920655893245,0.09819027759371415,0.11095543360210183,0.13940666102531732,0.08617174701556547,0.060757229790355215,0.10395964096635892,0.06566635207366651,0.0478094763199405,0.15277599897657623,0.13430718263640382
103,103.0,102.98410044840509,0.09864785677507618,0.10830559264666646,0.14030131811766372,0.09013009823112426,0.06014636887891535,0.10595884929679034,0.06315466514547272,0.04849480426076222,0.15066478974663605,0.1341956569008927
104,104.0,103.98866394444643,0.09858291650049793,0.10839981290367524,0.1387075397390102,0.09008341170806036,0.06363699099761767,0.10448167872047694,0.06120152704055317,0.048994052833458146,0.15121903106265702,0.13469303849399333
105,105.0,104.99288445143917,0.1004261402426461,0.1054181330442145,0.1397472196237817,0.09200173114593713,0.06386574160095503,0.10384111730416323,0.06050529322557016,0.04857317849399745,0.1492999645085123,0.13632148081022244
106,106.0,105.99675406321822,0.10237558513070241,0.10529244446797559,0.13642575633212634,0.09348295918323059,0.06699652840572617,0.10553572893744172,0.059613126054053646,0.049074642961063716,0.1472320343049424,0.13397119422273743
107,107.0,107.0002691731872,0.10521763508980587,0.10387320013230322,0.13466981366451272,0.09359546069782979,0.06590726743501861,0.10781785006863809,0.06150621433331859,0.04757295418018372,0.14649041382798358,0.1333491905704058
108,108.0,108.0034300804274,0.10468457540558074,0.10274528549043378,0.13454779446308118,0.09366886719297512,0.06544849573346204,0.11084416938652428,0.05989603087041859,0.04555923722181949,0.14881325649305413,0.13379228774265065
109,109.0,109.00624059613932,0.10833136012283007,0.09909505325315017,0.1344589404753894,0.09456186767568028,0.06660286288797629,0.11012805118356433,0.057710487160023666,0.04685454615926309,0.15011242308644082,0.1321444079956819
110,110.0,110.00870765431864,0.11102104656539769,0.0973152915133493,0.13182988752369382,0.09520984183932008,0.06735335162741046,0.10938588744368694,0.056290776289096046,0.048803954333253456,0.14994770596687695,0.1328422568979152
111,111.0,111.01084093013685,0.1116969788913863,0.09561261612493395,0.13341483906347773,0.09596158507026391,0.06521540596330709,0.11049124546183947,0.05588225985541947,0.04975094720753347,0.15017422168732272,0.13179990067451577
112,112.0,112.01265246907188,0.11382004216936215,0.09345469505277483,0.13547847769876936,0.09415277098078184,0.06419640568474506,0.10924101061315768,0.05717054574119469,0.04875699560563506,0.1513593181137637,0.1323697383398155
113,113.0,113.01415632942268,0.11368814350354328,0.09226323103968141,0.133632043957903,0.09500259464467885,0.06352526635482694,0.10816912424029368,0.05855957122682083,0.04940966710913498,0.15203287183317238,0.13371748608994452
114,114.0,114.01536824044418,0.11544908615695672,0.09152706547247036,0.13275531197273863,0.09308480675662464,0.06336985724147476,0.10997600864982969,0.05969216254362958,0.04804859686814645,0.15090970343209067,0.13518740090603842
115,115.0,115.01630527795908,0.11487798426104337,0.09173207403679115,0.13448785452653067,0.09173995387135617,0.06374457269693971,0.10995038740006507,0.05885309272977116,0.048129874931932395,0.15340584081674774,0.13307836472882242
116,116.0,116.0169855589429,0.11529164462654447,0.09075092666488686,0.13431129305195857,0.09424443040192003,0.06194521419501863,0.11225887015989457,0.05742622805655621,0.04848736487176855,0.15466193492915037,0.13062209304230163
117,117.0,117.01742795623892,0.11407156636081757,0.09147362554950084,0.128268715879666,0.09537241492111365,0.059261973616927435,0.11471615269877575,0.05540005038604731,0.04837232787693523,0.15718266060549443,0.13588051210472163
118,118.0,118.01765183424293,0.11730200182145045,0.08934634230153196,0.13022290335879833,0.09485600759150983,0.05592800422801569,0.11306100849897227,0.056603026793807965,0.0486895260858429,0.15906388040049746,0.13492729891957303
119,119.0,119.01767680610413,0.1138183319925405,0.08938758953973291,0.1264332296588063,0.09544186667194052,0.05917264553406138,0.11440038483913972,0.05425470047176604,0.0479213526442047,0.16162439423939512,0.1375455044084127
120,120.0,120.01752251271817,0.11072510103204611,0.08917514703183362,0.12962117416973054,0.09645172978125108,0.059402901115469836,0.11293571593640969,0.053869684515850676,0.04776909703051839,0.163413422684707,0.136636026702183
121,121.0,121.01720842354362,0.11007687584998448,0.09134739522926805,0.12925735688356,0.09667047755100747,0.058972930928376674,0.11242877189465708,0.053050526735380764,0.04792514930259675,0.16210512747216546,0.1381653881530032
122,122.0,122.01675365905109,0.10869674755000239,0.0907570849750019,0.13081989552002254,0.09686199189126904,0.0589129354624381,0.1117469217046676,0.05172175627417201,0.051199051570758214,0.1623344680787316,0.1369491469729365
123,123.0,123.0161768344173,0.10841270703776465,0.09467631521029501,0.13035017660725418,0.09651964558828148,0.058170194669505446,0.11049023090135014,0.05043463443581796,0.051564132410722524,0.1629291048889403,0.1364528582500682
124,124.0,124.01549592390272,0.1060914370488361,0.0939761848716446,0.13141181468375487,0.09859555694086189,0.0588161547657642,0.10752214477694548,0.05193165247861273,0.050661342434958775,0.16479427838660676,0.13619943361201453
125,125.0,125.01472814520056,0.10269988671320969,0.09592946590346743,0.12821456246860533,0.09910735229802609,0.058864805831421035,0.10922658766269569,0.051268706751394055,0.05107121800223518,0.16441907904170097,0.1391983353272445
126,126.0,126.01388986291661,0.1009561847297671,0.09609712196293345,0.12616158609761502,0.09968388669995326,0.0580732308126683,0.11158735163061112,0.04943636360716329,0.049563296759797065,0.16812196971159363,0.1403190079878977
127,127.0,127.0129965102319,0.10087621900777059,0.09871105063456137,0.1304811897049869,0.09605347681237758,0.055889983021747996,0.11058973524549716,0.049444735578695664,0.04797010780979419,0.16759482520060914,0.14238867698395935
128,128.0,128.01206252771334,0.10230437979717791,0.09867129012917655,0.13071621793292568,0.09273546895981523,0.05590591132609852,0.10958240782824921,0.05154609709816493,0.047511103136028014,0.16998054083725034,0.14104658295511363
129,129.0,129.0111013181695,0.10188761765008064,0.09799683130410003,0.13221258279277767,0.09252500705992021,0.05520056687543552,0.10978792558966777,0.050701704502310437,0.04643103028914,0.17084779113935133,0.14240894279721641
130,130.0,130.01012521639834,0.10325883628397481,0.0985131067728341,0.13245930492468672,0.09146748055066092,0.054365814010360045,0.11273086120663417,0.05005147685356329,0.04688567897166772,0.17027931021741938,0.1399881302081989
131,131.0,131.0091454726403,0.10252786042518332,0.09624422673771167,0.13233740558178014,0.09272432836254674,0.056829844255310166,0.11124553647762603,0.05063817366043844,0.048568796860959704,0.16837641508331838,0.14050741255512547
132,132.0,132.0081722485317,0.10458950681251808,0.09529486408040676,0.13251481777604152,0.09092112845650255,0.0566429155133011,0.1097044429460958,0.05044430678002658,0.04925834515726148,0.16850011445355903,0.14212955802428723
133,133.0,133.00721462434865,0.10273061104002698,0.094467616225424,0.13878975649091416,0.09407323559886016,0.056119346369637946,0.10484263794653464,0.05030581933074151,0.049309232113560544,0.16948258170385583,0.13987916318044433
134,134.0,134.0062806163404,0.10364890643188136,0.09433886980744997,0.13937493228566245,0.09463790699276786,0.05576363803966628,0.10131443665139944,0.049147807708477514,0.049769838653955775,0.17245048856169143,0.13955317486704802
135,135.0,135.00537720296956,0.1033595452001854,0.09713030451804952,0.1401868001945765,0.09757264713035854,0.05504219306810116,0.09952572525613232,0.04692273864744052,0.04912901916701167,0.16938397071434097,0.1417470561038035
136,136.0,136.00451035890612,0.1025959625010014,0.0948868479716417,0.14208248844054727,0.0960757897311943,0.05411969667380936,0.09678075871090522,0.0481333413003104,0.05011101145922036,0.17233754365716242,0.14287655955420767
137,137.0,137.00368509565993,0.10364931998222404,0.09400469015773998,0.14556958910907555,0.09383032972300417,0.05351639545059615,0.09672647660924005,0.048167024733249325,0.04983926110319944,0.17294765451654315,0.1417492586151282
138,138.0,138.0029055077818,0.10467516215539466,0.09503262106575472,0.1457407254324416,0.09233126702896008,0.05416175754366799,0.09356898023736464,0.04927302510045789,0.05024303979326948,0.17467488436942108,0.1402985372732679
139,139.0,139.00217482361367,0.10360362111110426,0.0959297151158469,0.1485006894633919,0.0909604467973316,0.05283501648005811,0.09399051831023943,0.049281228391109135,0.04832025167816995,0.17647013788927993,0.14010837476346882
140,140.0,140.0014954596262,0.10487852336218073,0.09885265815685575,0.1518797639512633,0.08709671892830938,0.05384928425004205,0.0912003332168866,0.048622106641221484,0.04763878708913583,0.17760259567414485,0.13837922872996
141,141.0,141.00086907744122,0.10456399740053265,0.09958738260314032,0.1518060521657127,0.08572347283431461,0.054341430537973565,0.08765738207393478,0.04879465713985772,0.04721830299861928,0.18206858935256362,0.1382387328933507
142,142.0,142.0002966427003,0.10556883032125214,0.10383961204225524,0.15443420454209159,0.08216438115817244,0.05356276817973183,0.08883566600681998,0.04676198588374353,0.04749170092657047,0.18167534895058324,0.13566550198877947
143,143.0,142.99977848500652,0.10510162204821569,0.1025915090967725,0.15792366717829487,0.07982677830494612,0.05634383400236721,0.08886236137571532,0.048122060594979935,0.04723640508160954,0.18209828870179534,0.13189347361530337
144,144.0,143.99931435823203,0.10741793423939251,0.10092597220900663,0.1587816713089388,0.0771657092765684,0.054884987788681415,0.08843981306936469,0.05113938253518659,0.045896996940804693,0.18031080173017897,0.13503673090187718
145,145.0,144.99890350055264,0.10662467358810918,0.1047319996851567,0.15731255125822152,0.07689517641402834,0.053964227267810645,0.09056918478577954,0.05023720623395621,0.045572003802620525,0.17945946918093492,0.13463350778338234
146,146.0,145.9985446936357,0.10547533212740245,0.10579401459996166,0.15443099364215201,0.07847171996616019,0.05163976855443445,0.09357276761459345,0.049579579871792505,0.044291689429816226,0.18124542178298103,0.13549871241070593
147,147.0,146.99823632047406,0.10466228451531395,0.10799698404218258,0.15028602363661386,0.08009562539213522,0.049756160162829126,0.09413462924299566,0.048104765929469225,0.04388294518589949,0.1841701831109182,0.13691039878164257
148,148.0,147.99797642142389,0.1039711826831406,0.10714322957664084,0.14659569917217044,0.08060413518420854,0.04864582375959993,0.09373049356624848,0.04723426309374014,0.04375584739502902,0.18512842270421107,0.1431909028650109
149,149.0,148.99776274806447,0.1011378431780049,0.10776400567634206,0.1460634512996453,0.0800621921570256,0.04934467466157918,0.093692319832687,0.046382806947857944,0.04311923434097461,0.18631943944749985,0.1461140324583835
150,150.0,149.99759281456036,0.09745662112525437,0.10790133060057105,0.14364565518291345,0.0785411459785246,0.04969075581328979,0.09574575745986984,0.04730815893627222,0.045878394250888146,0.18885790229601748,0.14497427835639898
151,151.0,150.99746394626104,0.10072986151133934,0.1058270519599093,0.14354692495877389,0.07440316014044573,0.050164134777696934,0.09493437537878527,0.04838039934002914,0.04551967619407301,0.1900867266618116,0.1464076890771357
152,152.0,151.99737332532905,0.10565364356854007,0.10330021798650316,0.14244990696878315,0.07223090885540952,0.04965839505206434,0.09687619849854998,0.04742647741278419,0.04668409974946316,0.18863418150735362,0.14708597040054874
153,153.0,152.99731803323698,0.10556041257293577,0.10377325556746622,0.14511281321721067,0.07189962073211448,0.04947616935262504,0.09879104580433154,0.04593421723484742,0.04663814664181238,0.18732526430437482,0.1454890545722816
154,154.0,153.99729509002177,0.10253144803577144,0.10314193044348673,0.14863466412512416,0.06910851164601116,0.0510838043960615,0.09827347294818209,0.04408497234034998,0.04526780422084848,0.19263831274538898,0.14523507909877545
155,155.0,154.99730149022784,0.10041951107574441,0.10450462077352121,0.1456809853948989,0.06836880626966249,0.053114050056528236,0.10354712891764527,0.04305614425203641,0.04511567004826119,0.19244559657414495,0.14374748663755688
156,156.0,155.99733423551103,0.10373024305175912,0.10955847508640615,0.14132668208067556,0.0674737033733612,0.05089652202554895,0.10145423543446538,0.04359792120074384,0.04619676392378093,0.19236733323677227,0.14339812058648652
157,157.0,156.99739036391077,0.10444744557774822,0.10924058166787633,0.13613740679639286,0.06618186686876135,0.050904632428509726,0.10434268930636584,0.04279803139972747,0.04602269388968144,0.1939612285228936,0.14596342354204309
158,158.0,157.99746697583146,0.10901404855781338,0.10844680857392298,0.13838139970914143,0.062872768490801,0.05200379046866999,0.10456889168600747,0.044177943304284456,0.044610009985596,0.18991623237525804,0.1460081068485052
159,159.0,158.99756125680176,0.10661507430102712,0.106700285992817,0.14126306847460945,0.06129783446385055,0.050087794513477044,0.10330824428909335,0.04608015331972055,0.043789367175502907,0.19284845991646832,0.14800971755343367
160,160.0,159.997670497107,0.10492670279180015,0.1037585973331035,0.14328403625026515,0.0583776314607324,0.05042230448001306,0.10565612198977734,0.04497797606373923,0.042210004631554235,0.1963944644390219,0.14999216055999307
161,161.0,160.99779210841066,0.10593718835514836,0.10025320844738816,0.14412063863655078,0.05641491757490587,0.05420614751591104,0.103196784467754,0.04376312863281796,0.040666478295684885,0.198054279029741,0.153387229044098
162,162.0,161.99792363749984,0.10889099577890701,0.09838826842077623,0.14253600203754277,0.05558800311920667,0.054043140626128125,0.10164568104141564,0.04877404010802464,0.04128381664426928,0.19517976735350784,0.15367028487022183
163,163.0,162.9980627773051,0.10974835197601628,0.09947293515965885,0.14126926887793742,0.056173032039399315,0.05685763240602224,0.09890447026137444,0.049919267574409544,0.04150022328112742,0.19239442190812822,0.15376039651592632
164,164.0,163.9982073753568,0.10996865442459257,0.10048114028877242,0.14047382840487435,0.061754456411809114,0.0560124993243543,0.09411927087782576,0.04825260179150789,0.0416273976998397,0.19364855743414602,0.15366159334227794
165,165.0,164.99835543984977,0.11101537547270854,0.09954329182725798,0.13969205058776693,0.06283527894847052,0.05637978112650029,0.09430125733135945,0.04657007656898133,0.0442176297088452,0.1907453613199764,0.15469989710813345
166,166.0,165.99850514349492,0.11407917593288643,0.10127746229011492,0.13706163941122504,0.06376692130064335,0.05935511265341919,0.0931973531112694,0.04926990952163314,0.04370548896664346,0.18432404713919837,0.15396288967296679
167,167.0,166.99865482534062,0.11505852786596518,0.10017431853786363,0.14050988474696074,0.0668056335201493,0.05916102217804729,0.0886825554304905,0.04777565133662272,0.042305146072357316,0.18271176762336472,0.15681549268817868
168,168.0,167.99880299074837,0.11837683828448312,0.09771322451077005,0.13763924463787433,0.06867351102078292,0.057863216103011914,0.09011262957441135,0.04665711639959005,0.042017453000712905,0.18653261712089111,0.15441414934747233
169,169.0,168.99894830970783,0.11673201403733932,0.09706473009172942,0.13954969341583023,0.07152248175871058,0.05906519555402584,0.09010300907314343,0.045239253897790405,0.04065225441168279,0.18662030224206264,0.15345106551768542
170,170.0,169.99908961367427,0.11589852621538892,0.09481231738668375,0.14162617771545588,0.07446134231726656,0.05826957622942433,0.08933853785105388,0.044968442784926246,0.03931705313743886,0.18905677610062532,0.15225125026173633
171,171.0,170.99922589110733,0.11458725002468398,0.09404261105536957,0.1429332958634005,0.07458216297935533,0.05730352484560579,0.0883610016858084,0.04666594048581905,0.038022201459244925,0.18919394547263935,0.15430806612807316
172,172.0,171.99935628188598,0.11050616494934262,0.09117556727035117,0.14460325493731305,0.07530124352820446,0.05929063889686642,0.0887190566563593,0.04689214585586536,0.03769763184043068,0.19124343505420005,0.15457086101106698
173,173.0,172.99948007076793,0.10704376556824119,0.09267908249292052,0.1425741827492849,0.07811678423172078,0.05759554626670692,0.09187692036050382,0.04659236769856249,0.03882482072083444,0.1910954833359535,0.15360104657527157
174,174.0,173.99959668005403,0.1064679005911787,0.09287218996510926,0.14468006910172534,0.0805121647430523,0.05497673643249095,0.09167189274396076,0.047251082131225204,0.03800730855157387,0.18859938642906124,0.15496126931062254
175,175.0,174.99970566161096,0.10451300119820006,0.09135399392391538,0.14343548992953378,0.08464361408358305,0.05237004021737167,0.09199141312585245,0.04736164154300927,0.040088994045742295,0.18957153642296673,0.15467027550982546
