,Unnamed: 0,Generation,Intertwine_two,Add_vertex,Delete_vertex,Invert_path_vertices,Insert_inside_vertex,Delete_inside_vertex,Replace_inside_vertex,Donate_between_routes,Merge_terminals,Trim_one_terminal_cb,Trim_one_path_random_cb,Grow_one_terminal_cb,Grow_one_path_random_cb
0,0.0,0.0,0.07692307692307689,0.07692307692307689,0.07692307692307689,0.07692307692307689,0.07692307692307689,0.07692307692307689,0.07692307692307689,0.07692307692307689,0.07692307692307689,0.07692307692307689,0.07692307692307689,0.07692307692307689,0.07692307692307689
1,1.0,0.10900000000000001,0.07874441232891966,0.0768525009465354,0.07608222419579139,0.07820752716254475,0.07714473776631052,0.0776611823623246,0.07742800747749395,0.07715140060677794,0.0720134638901566,0.07787938033830917,0.07670356253500095,0.07756375996440103,0.07656784042543358
2,2.0,0.31601,0.07958883448452408,0.07716356499806853,0.07554136087110137,0.07965324832004406,0.07754569213950523,0.07957893881479929,0.07705967450328678,0.07780090690263033,0.06692444039019657,0.07859702817216196,0.0758774202384458,0.07834412339550692,0.07632476676972864
3,3.0,0.6191589000000001,0.08140533986601645,0.07689072628791555,0.07478478100345497,0.0794204021812639,0.07854307090896621,0.08056722664849128,0.07739725485267279,0.07818806122535533,0.062447630308812785,0.07957844672701907,0.07542750725889139,0.07922089052633477,0.0761286622048051
4,4.0,1.015801321,0.08263992841543505,0.0765460061419392,0.07380134432584314,0.08035154118533244,0.07778918566074737,0.08250930875698854,0.07797818837487691,0.07769299017758716,0.05835545105933005,0.08074678058991479,0.07472490494843753,0.08136013499165644,0.075504235371911
5,5.0,1.50262148669,0.08301977869913192,0.07768509004113869,0.07243143110178406,0.08180332907622016,0.07767603249889941,0.0851375112742582,0.07757368404896679,0.0771753590013497,0.05368904348976602,0.08198936430160743,0.0741190215772286,0.08279877757835037,0.07490157731129826
6,6.0,2.0757334209441005,0.08373126156303273,0.07868047788671624,0.07399896890079426,0.08226842920275731,0.07574013957777889,0.08691135515566042,0.07750459902208928,0.07661566696624553,0.049757582535080815,0.08375789357810888,0.07302830862026155,0.08422293344198946,0.07378238354948428
7,7.0,2.7307768275633495,0.0845435346328924,0.07771478124359474,0.0730477809604778,0.08324937548999717,0.07429992083507109,0.08808735867570626,0.07843205705789724,0.07591021376431907,0.046175588642948934,0.08574177905851674,0.07294144665424288,0.08635182149751927,0.0735043414868161
8,8.0,3.4630081252450404,0.0832048843911844,0.07887329245215881,0.07238605873190236,0.08454522359066886,0.07424982453400847,0.09017538968396743,0.07770140199867265,0.07622531533182658,0.04263356214472643,0.08714477685547013,0.07314625534127461,0.08772273250552186,0.07199128243861712
9,9.0,4.2673862119061114,0.08308895609830592,0.08003856690480853,0.07318135914985026,0.08631216590766344,0.07346010897575098,0.09143666891055265,0.07704006743570203,0.07539243226402145,0.03868781753710808,0.08855182756511071,0.07173095964830054,0.09058787783879954,0.07049119176402563
10,10.0,5.138652627782014,0.0829997475883457,0.08100653131960177,0.07387489505656182,0.0863828155418179,0.07302743120124154,0.09391093123467023,0.07616817718609831,0.07325649505357451,0.03534944205274418,0.09047980028277472,0.07122381605456952,0.09307659515251038,0.06924332227548921
11,11.0,6.071405875792507,0.08185472168474424,0.0814532029797592,0.07301861621233158,0.08681486429056536,0.07239295462439106,0.0967223654337312,0.07648681821989972,0.0720041591453871,0.0323320748210812,0.09320886607351876,0.070964828007148,0.09434732562955506,0.0683992028778873
12,12.0,7.060169740244025,0.08011306875057958,0.08121945459536227,0.07237992646186418,0.08644397431835275,0.07111919607485578,0.09881940483075881,0.0767074226160424,0.07201130502522862,0.029274688387797138,0.09618539698232186,0.07154420066259423,0.09587412745846169,0.06830783383578047
13,13.0,8.099455520847952,0.08031545700704963,0.08185897295395352,0.07156574230758479,0.08543570057328521,0.06939975239714588,0.1013097800064644,0.07590187484557057,0.0706135816818842,0.027518384568988894,0.09906583117090945,0.07125499256649061,0.09698901473382049,0.06877091518685213
14,14.0,9.183818168183006,0.07994211565199262,0.08140604511348476,0.07137242491904153,0.08462974080811309,0.06778604543936077,0.10407035118074069,0.07479700649453506,0.06954592521133998,0.025992945817235276,0.10060898354053857,0.07204144324432012,0.09960381268739146,0.06820315989190585
15,15.0,10.307906369102724,0.08018538395244279,0.08131473883860824,0.07141560687908481,0.08351430572850632,0.06660075347136137,0.10636848104650891,0.07356780474927681,0.06784578833462934,0.024093288606956073,0.10360281089302747,0.07167250377489673,0.1019313274015392,0.06788720632316171
16,16.0,11.466506686239443,0.0800830695245634,0.0828144352198833,0.07117107073493498,0.08224959603013282,0.06512010289341756,0.10741283290819927,0.07266580416033412,0.0662224618470982,0.02226123184427988,0.1061067640124684,0.07188693798383285,0.10296966402596353,0.06903602881489153
17,17.0,12.654581904800096,0.07928639399245431,0.08477986993231304,0.07153069165383379,0.08011434892785922,0.06349716308892789,0.10955573620964831,0.07061441788013505,0.06600479417119966,0.0210794407809062,0.10781475950095629,0.07339885563367718,0.10218321900090292,0.07014030922718595
18,18.0,13.867303782456686,0.07788115933131518,0.08561974969159164,0.07139704047618763,0.07917860992765231,0.06222311637098352,0.11140161531968205,0.07086230246059977,0.064754281977941,0.022932227631499498,0.10999194169255186,0.07414780811465027,0.10071016028654288,0.06889998671880225
19,19.0,15.100080434523047,0.07873453493888177,0.08585687361069211,0.07132812653540882,0.07923984718086764,0.0601828298463174,0.11359890220058867,0.0699949573849948,0.06355218811504892,0.021843381242453684,0.11194019718061579,0.07421484898915712,0.10000149325374104,0.0695118195212321
20,20.0,16.348578617037543,0.07911611490763726,0.08741293701312527,0.06978724110362408,0.07890402442937194,0.05854870313017438,0.11412057282206588,0.06905850610365641,0.06427973129086219,0.020604986497030287,0.11573849071775183,0.07408156418882482,0.10041799018402413,0.0679291376118514
21,21.0,17.608741195130214,0.07812375940749786,0.08633897804356225,0.06986736651592916,0.07788402610188457,0.05846095961387453,0.11541562796644454,0.06866572804492538,0.06397292106745982,0.022110861553232962,0.11734497744761495,0.07447946492649338,0.10030169136702607,0.06703363794405437
22,22.0,18.876800103462312,0.0779961066624653,0.08788868596062903,0.0709197431500767,0.07722411596366863,0.05903415831281625,0.11517436648556381,0.06913433022678875,0.0630718888616477,0.022269315091818523,0.11777608830697325,0.07380616007728442,0.09920684025215847,0.06649820064810902
23,23.0,20.14928511992658,0.08010651799720382,0.08799807882128886,0.07063462326874183,0.07577722902467052,0.058977389554957384,0.11518596369235601,0.06763991980471946,0.0612178120610578,0.023194559466165367,0.11900519472762357,0.0729308079788212,0.10049893297306911,0.06683297062932485
24,24.0,21.423028783545156,0.07888472214820777,0.08891565193777266,0.07120028270307978,0.07387193356001408,0.057603951327714786,0.11638088347630139,0.06913596845859986,0.06151596852033138,0.024574761965058124,0.12002436123611074,0.07108766532347205,0.10182146378990578,0.0649823855534314
25,25.0,22.695167792966423,0.07810624798019802,0.0888894820635393,0.0719925016867837,0.07309747484218454,0.05712747580884386,0.11654793052890536,0.07041146393395428,0.061110118062850965,0.024823158652063824,0.12062344030029026,0.07054847649409669,0.10263188417806024,0.06409034546822881
26,26.0,23.963141223515898,0.07750598929274605,0.08898316378743817,0.07169645880922801,0.07284181482233017,0.056508294016962585,0.11721896762186104,0.07065096842943833,0.05973409819964115,0.0260120214742239,0.12027325964202507,0.07226550127131529,0.10211022075743623,0.06419924187535389
27,27.0,25.224685898775267,0.07824833687425635,0.08908498450050284,0.07123281348754094,0.07341103643276416,0.055584648515890026,0.11865325018556161,0.07164143378840174,0.058885419980003545,0.026369451641347984,0.12111836890159562,0.07193029548536135,0.10111690440214992,0.06272305580462377
28,28.0,26.477829247520948,0.08025285524153425,0.08922384719481873,0.07251319075566555,0.0729263028333414,0.05452223967413481,0.11886589727293675,0.07145690767048501,0.059859363007518665,0.0273360237004298,0.12016453025571447,0.07037657660235876,0.10015512857846444,0.06234713721259725
29,29.0,27.720879968916847,0.07989073278200214,0.08891035451679505,0.07125504864637629,0.07409539017060394,0.05413163683461825,0.11951793705442998,0.07112518101262999,0.05912491449014376,0.028585142988404897,0.11962418824715018,0.07052955258907434,0.1002707910754372,0.06293912959233386
30,30.0,28.95241681848399,0.07814920555365322,0.08854922105902863,0.07183366306045944,0.07424786532203935,0.0534654587054715,0.11983094310013626,0.07178469550574243,0.060517461581881246,0.028479972084536002,0.12033583740919397,0.06926252586694447,0.10081681971715928,0.06272633103375405
31,31.0,30.17127581490958,0.07590370898198406,0.08888659400021315,0.07494222331591702,0.07560841053672193,0.05591477317956646,0.11734476573321288,0.07042107972637836,0.05906304102505951,0.02929401252745948,0.12190697715599903,0.06786608670125627,0.10204600931876985,0.060802317797461855
32,32.0,31.376536153543515,0.07376017926777405,0.08885831452332539,0.07747588339300437,0.07519135485200894,0.05561781339035361,0.11785089217330333,0.07025521635565038,0.057978287687550645,0.029586332372515484,0.12387721033670018,0.06675228933837739,0.10214559887829165,0.060650627431144445
33,33.0,32.567505096778625,0.07395375617846886,0.08877904509098805,0.07799539678845464,0.07422041187724454,0.055200230042935394,0.11631710116716826,0.07116797935470576,0.05968109124790917,0.030078552399625817,0.12385104127942374,0.06691708379345604,0.10225855486786972,0.059579755911749875
34,34.0,33.74370209472243,0.07541936347020314,0.08719079478844213,0.07888651836071983,0.07452519299649996,0.05463486522299765,0.11545892309748115,0.06980186227983952,0.060151899045154354,0.030947215446777445,0.12374653625759639,0.06673812782885684,0.1023660514971221,0.060132649708309366
35,35.0,34.90484237192463,0.07361079498026413,0.08787688126432718,0.07847574145206214,0.0745672606269442,0.055328846431026896,0.11465323980490139,0.06705460675728932,0.061229969375664314,0.032250550907845336,0.1239595219768023,0.0676046744060568,0.10123764382865075,0.062150268188165166
36,36.0,36.05082019768737,0.072956388457722,0.08742814566957732,0.07860923021019281,0.07176578838803088,0.05503089994371121,0.11586434521105338,0.0663094948425366,0.062160997540091044,0.03320338911610165,0.1252452213897574,0.06787079897090079,0.10084869710953386,0.06270660315079096
37,37.0,37.18169203889697,0.07410905541443054,0.0870742020621185,0.07873524842140468,0.07137721587343154,0.055282449495082465,0.11714023381075406,0.06567790255654767,0.061844439801414124,0.03298313662182406,0.12508095279376763,0.06693125136246844,0.10065603875195603,0.0631078730348002
38,38.0,38.29765977559663,0.07391314450666636,0.08696286413316792,0.07873972314467174,0.07215017989442234,0.05490933310788069,0.11831568313017236,0.0658016780325583,0.06191714493502733,0.03303730286955806,0.12526880389310358,0.06581960694567308,0.09961174929759364,0.0635527861095045
39,39.0,39.399054140870355,0.07441369298444571,0.08648135767957361,0.07718650242681382,0.07198171226957491,0.055099578858080846,0.11966135290394023,0.06625323599807764,0.06121753979570608,0.032949001859660654,0.1254215376326364,0.06627445105347933,0.09891074920472204,0.06414928733328866
40,40.0,40.48631852820801,0.07463697697798377,0.08580684213244001,0.07774776723329528,0.07134757135945154,0.05574545972664953,0.11908099899888691,0.06642409970071593,0.061921717384760114,0.034088348653366435,0.12549469283407036,0.06600657234784346,0.09871974973543096,0.06297920291510561
41,41.0,41.55999329152982,0.0741376588307399,0.08593203618965023,0.07707257164380055,0.07161706453484983,0.05578292902085916,0.11785520054878712,0.06678399713701252,0.06138931615487438,0.034796144131305905,0.12523471857149915,0.06637764128157074,0.0997778217763786,0.06324290017867185
42,42.0,42.62070064560415,0.07309258682092015,0.0853837903748877,0.07774720880730566,0.07009195896579262,0.05635769351425739,0.11860934765643405,0.06639405893803624,0.06072423752341487,0.0360742634857683,0.12423988478719558,0.06586524784876072,0.10199434455373874,0.06342537672348789
43,43.0,43.669130257815,0.07436544107812013,0.08566060207413531,0.07859967004276423,0.06835418001432941,0.056789098256208696,0.11797844903339764,0.06704224869757164,0.061278226863662424,0.03552383820731142,0.12515312448669164,0.0662111898170771,0.10107725599221731,0.06196667543651299
44,44.0,44.70602560622662,0.07346206309386341,0.08491513820494383,0.07778341828159092,0.06982547410575485,0.059832471895768014,0.11524453874905372,0.06784467138633565,0.06198039242344543,0.03735673231707867,0.1257225302677155,0.06485481099174256,0.09979027533937317,0.06138748294333427
45,45.0,45.73217116373481,0.07343016125332244,0.08565048599111919,0.07815764562433922,0.06874561830318181,0.06130784898374829,0.11551880035404694,0.0682148752273335,0.06231315555794418,0.037335569298834644,0.12551533209737248,0.06330553547473579,0.09979069661771103,0.06071427521631052
46,46.0,46.748380453854836,0.0731174753142326,0.08636787242993424,0.07660728352666739,0.06916546443724611,0.06149222224126206,0.11516918836358567,0.06702938820577889,0.06177262719565379,0.03742985528147134,0.12589612458046906,0.06287757905113331,0.10008487118774306,0.06299004818482248
47,47.0,47.755485010424316,0.07356690900320288,0.08634833045037593,0.0757349073210259,0.06756025725623377,0.06098345633097899,0.11552302005770386,0.06885607448207491,0.06155377586719356,0.03732129664648622,0.12555952129085668,0.06182896280979983,0.10155210751460644,0.06361138096946102
48,48.0,48.7543242612326,0.07392573763193044,0.08455485029604252,0.0752218196863291,0.06839099315339559,0.0641307844910018,0.11607175144682291,0.06880620974568818,0.06097531876261664,0.036885919021445335,0.12493627291210721,0.06213515053759113,0.09997762121562759,0.06398757109940156
49,49.0,49.745736344347726,0.07277572013027685,0.08638623669521561,0.07432144263956558,0.06850986602576342,0.06446792856141927,0.11669242824993918,0.06933339378174548,0.061426365338784254,0.03594879611588053,0.12365424805927726,0.062234281967364476,0.10073054860878133,0.06351874382598675
50,50.0,50.730549855707864,0.07277589840368565,0.08631590174775135,0.0742793205575743,0.06774951115362329,0.06633604200843826,0.11431870845745984,0.07053242131375904,0.061802762497146044,0.03625411869890308,0.12158457991429912,0.06171620261589578,0.10273533912096224,0.06359919351050197
51,51.0,51.70957651737491,0.0722770291644769,0.08732744560327915,0.07399263773085352,0.06756094262039831,0.06563854703560526,0.11435679701099095,0.07037588885225365,0.060753511814544046,0.03614544869470272,0.12326143110166629,0.06182134937123158,0.10370255294749642,0.06278641805250113
52,52.0,52.68360474770151,0.07156631782806966,0.08898910674610389,0.07780669221880351,0.06583424867124878,0.06437926848000614,0.11341158798142768,0.06888295278620843,0.06073404935399028,0.03614884801299446,0.12342980875309145,0.06285262056822102,0.10522271226056139,0.06074178633927325
53,53.0,53.65339410751842,0.07015831117700717,0.08807240007350234,0.07744084707739511,0.06656538153642542,0.06383291872381136,0.11289119095991483,0.06896233690719798,0.060868795033557854,0.03677962519274768,0.12392886947143562,0.0636138143044478,0.10526281928689132,0.06162269025566544
54,54.0,54.61967059027847,0.0707766003634426,0.09007466676839637,0.08005296400714493,0.06525420911414047,0.06402015225731787,0.11262398861264944,0.06845375030586551,0.05960731472221087,0.03798999366934227,0.12305250171789672,0.06411491667692097,0.10319487634380287,0.06078406544086906
55,55.0,55.58312271885972,0.06992689638528865,0.09053812436303518,0.08158153495974242,0.06655945243354305,0.06409693893527126,0.11096565917404302,0.06769622725995306,0.058202730154390196,0.0389743464693271,0.12300491503923304,0.06309387922589467,0.1025492112420209,0.06281008435825736
56,56.0,56.544398407394254,0.06931494397334105,0.09256707832528217,0.08224759034985293,0.06612178180282248,0.06462315765491987,0.10996778989675444,0.06781461528779213,0.05666010761730089,0.03794824344243916,0.12314988023954926,0.06405632929959032,0.10394653844213184,0.06158194366822336
57,57.0,57.504102543001395,0.06825934704429974,0.09434673840292727,0.08379985296556762,0.06460583308804582,0.06304086027316039,0.11106675671764553,0.0668725450455813,0.056318900688274436,0.037171881463650615,0.12322131551171464,0.06463410669624983,0.10266149754492879,0.06400036455795394
58,58.0,58.462795239617805,0.06800865825366592,0.09618048743323415,0.08363888850911858,0.0656617863728289,0.062091627006337344,0.11055471659450591,0.0669822230420453,0.055154171905737945,0.036986665586053256,0.12186859006187703,0.06513410780084572,0.1027145667497405,0.06502351068400936
59,59.0,59.42099071417639,0.06655546532471907,0.0963470997484433,0.0834442106080552,0.06509499336603526,0.06324596020873599,0.11065085568593469,0.06590516746479853,0.05380188688305876,0.03656208981918951,0.12148954317644739,0.06665533410781412,0.10333361129265092,0.06691378231411718
60,60.0,60.379156734137354,0.06638209571740081,0.095051331955062,0.08351741917893889,0.06782465971801918,0.06190189818507549,0.1109138335043007,0.06651464964763829,0.052651535848085025,0.036433220701088766,0.12107853544788394,0.06767820460248651,0.1027706287978577,0.06728198669616263
61,61.0,61.337714584760846,0.06749860625988256,0.09622854047736783,0.08322786682082836,0.0672196129337833,0.06051743523266778,0.11120310182156001,0.06653149641566308,0.05163825531276496,0.03540427834495426,0.11982455305581777,0.06864042259721174,0.10474211064618963,0.06732372008130864
62,62.0,62.29703950447439,0.06675693103946283,0.09785977184112754,0.08203237429483176,0.06681592880200457,0.05956161382247953,0.11060595273275468,0.06734305857634026,0.050034376368165254,0.03722144824569554,0.11918317333253853,0.06923512003070734,0.10493556110097225,0.06841468981291984
63,63.0,63.257461537171835,0.06823463904451348,0.09817745381006376,0.08250406761830273,0.06849399561252748,0.05873967976182691,0.11192100660916537,0.06723123319014622,0.0511611296023895,0.03715877665492859,0.11842621433270442,0.06794196106441347,0.10366180074385792,0.0663480419551601
64,64.0,64.21926675122782,0.06741225179064478,0.09821778114963736,0.08093420324457466,0.07037581601425957,0.05765778946674732,0.11140908967759654,0.06656383970889408,0.05116198177924583,0.03816933206184958,0.11990577173492149,0.06616662424106909,0.10366395084474714,0.06836156828581247
65,65.0,65.18269877636592,0.06748680966739064,0.09814850155631498,0.07986760357863076,0.07124286680708923,0.05902558920592563,0.11116240272659304,0.06634654694732928,0.050897161951344604,0.038403667943546875,0.1198385272638973,0.06570627476279592,0.10188448338175192,0.06998956420738975
66,66.0,66.14796061122655,0.06852042657362234,0.09719995303616746,0.08029658298980416,0.07223877396192456,0.058518867523830946,0.11084926574888794,0.06669074216958873,0.049688669468446835,0.037672107220359435,0.12044179773353177,0.06437919754252525,0.10209221266777169,0.0714114033635388
67,67.0,67.11521665648885,0.06848952501438245,0.09533909879979087,0.07994471954067355,0.0730151079590396,0.05967204895279559,0.11118328984390378,0.06689657893110164,0.050253635510090294,0.03678124139579363,0.12096474160267434,0.06491246327635578,0.10188757114552227,0.0706599780278761
68,68.0,68.08459493066005,0.07073686790389162,0.09441030483817128,0.07912642460498588,0.07203369523853306,0.05944586442613025,0.11131088073253348,0.06499165308536958,0.052427473815560316,0.03644859107825514,0.12203126891868499,0.06524504196772749,0.10111712517255306,0.07067480821760373
69,69.0,69.05618942810752,0.07152453668873361,0.09377490028813823,0.08082483753098495,0.07098064029501922,0.058533588677249455,0.1132737169973802,0.06347289655254619,0.052248904902585186,0.03588634806882987,0.12170703851617092,0.0646902576780363,0.10148236860754681,0.07159996519677896
70,70.0,70.03006258152917,0.07261923442489225,0.09203327753725994,0.08271930574329596,0.07082003573566384,0.056045449681661315,0.11292525143171271,0.06413116222400903,0.0532208169050528,0.03583419509801233,0.12326069836030769,0.06462436462339292,0.10107834227183994,0.07068786596289917
71,71.0,71.00624779379335,0.07321413025469568,0.09017910172052138,0.08280192397269585,0.07096489991302306,0.05260063311957024,0.11444165416370493,0.0647402154877157,0.0544779809709167,0.03607460812164677,0.1253112944356284,0.06366323484746478,0.10044240900591676,0.07108791398649963
72,72.0,71.98475200689319,0.07425189295582721,0.08840517473882986,0.08318820107238885,0.07027714734645199,0.05186864971950221,0.11493660896338652,0.06467529216817142,0.05575564468934684,0.0354010911115421,0.1256632194948066,0.06519053273842872,0.10100971650525446,0.06937682849606311
73,73.0,72.96555827861411,0.07380004425455919,0.08818473263461843,0.08517803853086724,0.07018592179006859,0.04908381176019017,0.1177929844511321,0.06254157858346945,0.055378025693872145,0.034308832165998254,0.12781965438026663,0.06716020842994984,0.09978853133809194,0.06877763598691591
74,74.0,73.94862834037681,0.07358350618963491,0.0874846728763652,0.08459605089478166,0.0704571270270509,0.04768915179037389,0.11705044003256576,0.06329574376980623,0.05676771652791732,0.0334712495794421,0.12851027762434256,0.0681959681632705,0.10086784027316362,0.06803025525128523
75,75.0,74.93390511255946,0.07444163910656217,0.09083258873686526,0.08335206330242668,0.06930406264651287,0.046799708651848924,0.1174297308924799,0.061207333458561795,0.05792445521481181,0.032861160126553546,0.1305223036335746,0.06925281746667111,0.1010653400299494,0.06500679673318185
76,76.0,75.92131515639825,0.07467164268931109,0.08935781167189843,0.08305022858950942,0.07067496106792324,0.047414038390785625,0.1172439643749428,0.06213822284186057,0.0585608150777136,0.03226321144779121,0.13032069861943127,0.06974879686267077,0.10021766522599831,0.06433794314016353
77,77.0,76.91077104428919,0.07336323343111217,0.0890591964426805,0.08212969047782748,0.07013916814414671,0.049689888021483,0.1175417339744454,0.061175070438691234,0.059054559152122064,0.03199961999122393,0.1325775140236501,0.07060947009053059,0.10102368368573282,0.0616371721263539
78,78.0,77.90217363294813,0.07178171119652438,0.08977822400544415,0.08376207196654745,0.06857222023741222,0.04805048493228112,0.11918017749813736,0.06157059534088101,0.058108616547171595,0.031215435862311833,0.1353655856705689,0.07051984908155592,0.10103651366354985,0.06105851399761411
79,79.0,78.89541422641172,0.07018243157017781,0.09163159899976495,0.08465038481348915,0.0682643922755893,0.047353930824260905,0.11779987439627718,0.06043609337087731,0.057701190826724494,0.03062141117477703,0.13667718468484186,0.07232806344471503,0.10213512940261986,0.06021831421588502
80,80.0,79.89037661826481,0.06926801824468914,0.09126959255037626,0.08463589154332757,0.06779857799471652,0.04628982806042651,0.11814128219310346,0.06264216905273105,0.057420549928697745,0.03128619717617181,0.13677833786864196,0.0703689258390013,0.10247993121674043,0.06162069833137614
81,81.0,80.88693900474995,0.06956052932068887,0.09485585757134131,0.08282984687072922,0.0679995854331113,0.04587359702086152,0.11723741418567088,0.0627054110595416,0.05570701976349695,0.031150676833115065,0.13507419386512456,0.07030521336779648,0.10427085588182317,0.06242979882669897
82,82.0,81.88497576253909,0.06790436785329484,0.09660911301032647,0.08433933038995574,0.06759118794779778,0.046132545361781185,0.11769561297545267,0.06068098595236221,0.05398512933224691,0.03067841010347501,0.13714318342856213,0.06862156907630543,0.1053556081249582,0.06326295644348133
83,83.0,82.88435908692391,0.06654543275274674,0.09788038863558737,0.0843341056599467,0.06881903561208953,0.046049044756124216,0.11791075003536405,0.06533543988458022,0.05191079004417934,0.02987406876112648,0.1362716119646011,0.06620412364601706,0.10475412152428028,0.06411108672335683
84,84.0,83.88496048800103,0.06761529279172285,0.09815211979307514,0.08562893637088254,0.07129920084843937,0.047264602560855205,0.11635204787929225,0.06537294819707434,0.0504369279600502,0.02880613762925303,0.13475074453920188,0.06752070456074692,0.10423853488114045,0.0625618019882658
85,85.0,84.88665214409042,0.06515754513872353,0.09681099430602325,0.08585620774049038,0.07255579456172977,0.046412519529198226,0.11745719601850929,0.06284737759673234,0.04937662979598658,0.02845656822186089,0.1354307213343707,0.06882783531661903,0.10696275886883899,0.06384785157091703
86,86.0,85.88930811312994,0.06600516014211498,0.09622613227101534,0.08787409491937968,0.07167009651156292,0.0444522329871306,0.11637364255523405,0.060106226194111774,0.051129897475405056,0.027725173379521274,0.1365236279819935,0.07068323381945625,0.10801967117196032,0.06321081059111426
87,87.0,86.89280540413424,0.06494668783594604,0.09424621300196055,0.08737857965656204,0.07003516833031279,0.04389799141074431,0.11895157528499585,0.06204123243924989,0.052645543642690903,0.02692975014452713,0.13567888176758142,0.07062460927238952,0.10705693990250109,0.06556682731053852
88,88.0,87.89702491199675,0.06638908990029874,0.09683705107173535,0.08682791635225034,0.06956701479765642,0.04252491207244847,0.11934818654921657,0.060765185217241224,0.05204646709382427,0.02780673942080245,0.1363685836772379,0.06954882603377482,0.1063204886728834,0.06564953914063007
89,89.0,88.90185221995306,0.0662491801993884,0.09618222007821793,0.08931246930134902,0.06747415808280623,0.04330944001929694,0.11877961741385466,0.06215226426931638,0.05012240176594861,0.02801293334240492,0.137227385393326,0.07167460874714482,0.10449974040752485,0.06500358097942124
90,90.0,89.90717827491419,0.0650672428066336,0.09546888202942266,0.09075727793295874,0.0666289387160144,0.04500273082956481,0.11796894909143514,0.06155853274227447,0.049632193342851356,0.028655445861809167,0.13576432804469973,0.07121196078922865,0.10586146376781944,0.06642205404528784
91,91.0,90.91289994163006,0.06471747321030757,0.09687666533420689,0.0919579106960369,0.06522602598743693,0.04353869014593763,0.11919694089038554,0.06041683063360644,0.04898529222682492,0.02964949636268953,0.134272596254782,0.07115107378626799,0.10625973914258373,0.06775126532893394
92,92.0,91.91892044225806,0.06396081540036135,0.09564373894737954,0.09153131450427845,0.06502091037941213,0.04433724439835972,0.12073941388497576,0.06043731959227989,0.047998319933767714,0.02881038464147586,0.13545351037730188,0.07167434135870794,0.10723730341729512,0.06715538316440464
93,93.0,92.92514968840067,0.06228106364734553,0.0993487650540733,0.09136394578696079,0.06311898168709397,0.043918371321577054,0.12371202695062584,0.05826496610305162,0.047074628904348596,0.02874117876349743,0.13494898517235637,0.07173935120964722,0.10868646126152748,0.06680127413789479
94,94.0,93.93150451304501,0.061033988067279804,0.10162399743668328,0.0911779903026694,0.061098973100249705,0.043516069518678806,0.12277577006381149,0.05756804900323147,0.04717281476182563,0.029543302564050435,0.13568102988894457,0.0728067696780525,0.10962976881667005,0.06637147679785288
95,95.0,94.93790881009448,0.06143092487415255,0.1017894649567548,0.09168949195358017,0.057300984681221065,0.044018963614281564,0.12335156127640248,0.05905104000178073,0.04894396377350637,0.029221617955778025,0.13502600470405918,0.07342234807240056,0.10989233442432982,0.06486129971175268
96,96.0,95.94429358933806,0.06192343246098429,0.10355739719341069,0.09252448783360451,0.05646465999597924,0.044353064622514725,0.12461989297452494,0.06046631674922579,0.049854897107364016,0.028738713205826577,0.13209898732365521,0.07128468040086913,0.11012046505484673,0.06399300507719413
97,97.0,96.9505969547639,0.06223157954305783,0.10371756561733556,0.09327171093893437,0.05492370750269595,0.04329866552654564,0.12361605442230418,0.05996658763970466,0.05127608649558484,0.031213209921607116,0.12929608602869516,0.07048339739505212,0.11278609238503347,0.06391925658344906
98,98.0,97.9567640140995,0.06007120449378417,0.10454941369345437,0.09388692800242579,0.053942547709235636,0.042251124766127024,0.12632748114597647,0.058924364582403806,0.05040395116273559,0.03206313374492114,0.1306632630120576,0.06905892701134797,0.11326392808767954,0.0645937325878508
99,99.0,98.96274672736057,0.05963511150966117,0.10391700798967383,0.09413628461069581,0.0526310710685045,0.042302520693668307,0.128255466384965,0.05776936662455484,0.04846600277995803,0.031878889179742825,0.13084848543882047,0.0694568619562977,0.1162214621772284,0.06448146958622897
100,100.0,99.96850370202192,0.05944807272661014,0.10317855194031134,0.0959732587302682,0.05332006331407059,0.043326122697850494,0.128333658525616,0.0564444160925752,0.04730497167143331,0.031509609774578014,0.13117529679717146,0.06968842193351524,0.11636655816578409,0.06393099763021577
101,101.0,100.97399994219691,0.05720392501658424,0.10414867858442461,0.0954611658536179,0.05300428793368224,0.044244608660698126,0.12828385139404108,0.05743384810700376,0.045960391191822506,0.0330971383309676,0.13062672944340206,0.0696948391815916,0.11706073771512682,0.0637797985870373
102,102.0,101.97920655893245,0.05949604023032552,0.1031191942638208,0.09562886741173528,0.05180563957204662,0.0428821017378163,0.12926187853920104,0.05782841522587742,0.04859777329757341,0.0331531951498283,0.129032709958179,0.06814379013170647,0.11679197733549004,0.06425841714639964
103,103.0,102.98410044840509,0.05969824605149032,0.10138928586600268,0.09363663223791549,0.052483264221003745,0.04288675343690354,0.12890495963171864,0.059753480904743285,0.049311576506968297,0.03329084601503622,0.12860890810922,0.06905835165701521,0.11754547423338836,0.06343222112859412
104,104.0,103.98866394444643,0.059882670730716014,0.10161554057592848,0.09361355585835608,0.053126533331968574,0.04132721013737937,0.12972364067579253,0.05894946914806926,0.050246580956012615,0.03472920776003472,0.12693541940117198,0.06845729354535234,0.11698630690779731,0.06440657097142065
105,105.0,104.99288445143917,0.05939232339596087,0.10245624317183755,0.09269924201689578,0.055247933426718236,0.04006953537580509,0.12886818166902186,0.05838779360456507,0.04795591407982938,0.03543992865835113,0.1289722680968832,0.06948519813257836,0.11732546733104723,0.06369997104050615
106,106.0,105.99675406321822,0.060535176805627804,0.10144749430640373,0.09206444269968198,0.056198136225909766,0.0398257264041564,0.1279062089146233,0.0589457215827668,0.04846487300823628,0.03597239932912144,0.12887950257234457,0.06859283996233516,0.11820016614825965,0.06296731204053302
107,107.0,107.0002691731872,0.06041274635636552,0.10016743664807604,0.09102292169285665,0.05657785385223379,0.04029488737797651,0.12699661964909126,0.059867625334109144,0.0504209205164899,0.0372695385038178,0.12902683238878176,0.06856806630954385,0.117613614802828,0.061760936567829695
108,108.0,108.0034300804274,0.06020845351469778,0.10147013380955106,0.09243592269681267,0.05672972663087166,0.03976708206780576,0.12343820628646539,0.05920646776751753,0.049637889476784554,0.03713167019997679,0.12986897304092873,0.06936955875659316,0.1183715986280673,0.06236431712392752
109,109.0,109.00624059613932,0.05960942251840219,0.10332392752561108,0.09058154866179437,0.057797783220957834,0.039221851780550473,0.12307483444776046,0.05881589430694465,0.04954617583942973,0.03731181418678214,0.12985594001207737,0.07034731272982973,0.11875080974300393,0.06176268502685598
110,110.0,110.00870765431864,0.05995717771103676,0.10266565499845705,0.09168998249319749,0.05861510433101096,0.03905458828614887,0.12318280731150569,0.059186264532389565,0.05014838468592222,0.03773353537594752,0.13015181889478716,0.06963740302520917,0.11646833792097507,0.06150894043341241
111,111.0,111.01084093013685,0.06103740609156864,0.10184616374208706,0.0912334931379742,0.059379239663123605,0.040326403104639516,0.1255308707167235,0.05918513261113901,0.04883067205502466,0.036935320105043606,0.12883703333694096,0.06892139871587138,0.1153682737165404,0.06256859300332336
112,112.0,112.01265246907188,0.05998910390948334,0.10247539363610268,0.09136078073023986,0.05908760956667952,0.039943053390232894,0.12514520796208467,0.06093788808337037,0.05124300885158711,0.03583202397456504,0.1287805577075825,0.06981715085675856,0.11440385939321776,0.06098436193809561
113,113.0,113.01415632942268,0.05766146453722515,0.10099269570480174,0.0900589291032085,0.058138287662133276,0.04169340538340849,0.12461670911536639,0.06037824822933544,0.0511476939018569,0.03711507930163613,0.1285346998191501,0.06979962564651514,0.11560425167724236,0.06425890991812029
114,114.0,114.01536824044418,0.05603915573611959,0.10022598131253055,0.0901688666510704,0.059499610830941976,0.040381801579181996,0.12180937640037232,0.06013821438692177,0.05052182164975601,0.037575713980876245,0.1292039952326894,0.07319836898566554,0.11486117468464188,0.06637591856923221
115,115.0,115.01630527795908,0.059600418869086964,0.10020684616323129,0.08839879571217955,0.06037712917306752,0.040378501735285906,0.11926169260631873,0.06263445759169564,0.05348757207677543,0.037421211455824395,0.12801091284620122,0.07177659265916991,0.11182434563753989,0.06662152347362343
116,116.0,116.0169855589429,0.05822915467830632,0.10123510863230362,0.08871564280318296,0.06176280190492662,0.04096499598324614,0.1198578179561671,0.06223253298130699,0.05346567356916764,0.03598957507802941,0.12930387669145257,0.06954437505106352,0.11146199959813063,0.06723644507271635
117,117.0,117.01742795623892,0.05790396379370086,0.09878640348378313,0.08778916501801674,0.06243534045227109,0.04098160686976822,0.11818160091676318,0.06369537440104454,0.053406568367789654,0.0362963179761701,0.1297320774190503,0.07174535481080672,0.11221664716664752,0.06682957932418784
118,118.0,118.01765183424293,0.05841485361343418,0.09527974297031777,0.08852089701071808,0.06155840309951289,0.04233683600478226,0.11850379144689321,0.06287605874037394,0.05194477384970153,0.03498923688460419,0.12888246608992499,0.07224925503000808,0.11560334422871388,0.0688403410310149
119,119.0,119.01767680610413,0.060470753608124775,0.09468453196819497,0.08881411392271274,0.06146268203640133,0.04263019694638634,0.1188152854431191,0.06334343177038869,0.051292222950714436,0.034614016076244765,0.12765894384906565,0.07107128633936402,0.11557633286853074,0.06956620222075235
120,120.0,120.01752251271817,0.06072431275362021,0.09365573166621366,0.0897361639303674,0.061790029405798065,0.041530807869825125,0.11823639653661962,0.06425550434742218,0.05255105089551648,0.033152469884324694,0.12930753050882268,0.07181439222539318,0.11497726940861494,0.06826834056746166
121,121.0,121.01720842354362,0.06147217327167806,0.09192397892780259,0.08807796876918098,0.0629655856034346,0.04144007435708731,0.11858392877115767,0.06326914149366414,0.0534616796562242,0.03230346465386149,0.13072709608459213,0.0719843571336656,0.11622651098994218,0.06756404028770896
122,122.0,122.01675365905109,0.06217730512716812,0.09212568641812852,0.08678975130980354,0.06296461820303913,0.04301099279939227,0.11762133476488443,0.06202777865041966,0.05287116338338973,0.03145305256244326,0.13184172009411765,0.07080731422964634,0.11733188358024424,0.06897739887732303
123,123.0,123.0161768344173,0.06000192748666259,0.09192723853928005,0.08766071908181967,0.06457481638687139,0.042426657107145035,0.11990066666898136,0.06166731656100056,0.05396101281453344,0.031006997225269867,0.13206567728533145,0.06789979833942095,0.11869812251592748,0.0682090499877561
124,124.0,124.01549592390272,0.05914825077116378,0.09332988496359258,0.08816900566823949,0.06527858212441706,0.042798676307761976,0.11993618993767073,0.061101236132216755,0.05608713015841029,0.030103982655742267,0.13161375867314035,0.06740407841871296,0.1188485183037665,0.06618070588516524
125,125.0,125.01472814520056,0.061788525837953696,0.09515475482502525,0.08770504466353456,0.0640108841776108,0.042292235646239185,0.11949735382645293,0.06153365158854296,0.05393236892493495,0.028730260453937444,0.13074908528324197,0.0658087135319505,0.11977500381927722,0.06902211742129853
126,126.0,126.01388986291661,0.061053802534124305,0.09698131406067509,0.08780373928282688,0.06231710408738754,0.04039921231542341,0.1221545848444707,0.06006251866558243,0.05176328836587074,0.027852410168726534,0.13348640389037805,0.06583429044239647,0.12110563959933615,0.06918569174280169
127,127.0,127.0129965102319,0.0601409128637295,0.09942521009000474,0.08786897844157646,0.06078791147070634,0.039405529727472126,0.12210264718461783,0.06052412967997844,0.052174931861141347,0.027405312417918583,0.1332753680881266,0.06589801170930949,0.12097628474469659,0.07001477172072199
128,128.0,128.01206252771334,0.05945721707046582,0.1003070275984615,0.08625825876187716,0.060238421664674496,0.03931357669394048,0.12466295837264758,0.06107930926536264,0.05315046722085596,0.027760673135895402,0.13163810313972243,0.06566908072305229,0.12250784783400386,0.06795705851904041
129,129.0,129.0111013181695,0.05781168799968202,0.10047020653754121,0.08588416218368759,0.06207960630375375,0.03979899302032232,0.12427844620920234,0.059540604098569844,0.05413606814652776,0.02844491885161881,0.13328735496857494,0.06405846817113413,0.122828320592932,0.06738116291645332
130,130.0,130.01012521639834,0.05686756302917487,0.10345858690801259,0.08662903484648735,0.0647357504915409,0.039146924239690815,0.1250498919802755,0.057246698045773765,0.054084650863615025,0.027491073270415126,0.1346236493497084,0.06184787159539687,0.12451175136565565,0.06430655401425316
131,131.0,131.0091454726403,0.055638787029823666,0.10360245250284189,0.08896835585793907,0.06403425149011144,0.0391257322541223,0.12764406693435362,0.056753952139625696,0.054585151611208985,0.028495879530182188,0.13390800625993504,0.06264611002991334,0.12279900616236164,0.06179824819758114
132,132.0,132.0081722485317,0.05344274458393341,0.1036641874977086,0.09085258636961016,0.06297003353923876,0.03811935830378167,0.12699328322907155,0.05669985919158748,0.052135899093212076,0.02759791308383242,0.13507490757585114,0.06194582798465208,0.12830938778671422,0.062194011760806495
133,133.0,133.00721462434865,0.05497366362755299,0.10449724666096845,0.09031244977264487,0.06273996116775644,0.03979114401449317,0.12845289431957868,0.05753687096855395,0.0496643475299445,0.026553754623798748,0.1324527860892608,0.06236372289885151,0.12963969400195877,0.06102146432463715
134,134.0,134.0062806163404,0.05307661494477456,0.10346376166499036,0.0901647115890965,0.06335065244871949,0.041383218565438834,0.13031903321616087,0.05883985936977967,0.04800499762399901,0.026122747411715764,0.1309470536083541,0.06245353094648734,0.1338863585250557,0.05798746008542781
135,135.0,135.00537720296956,0.05272497811245143,0.10527715627745199,0.08953744557916449,0.06172388671549804,0.0420897656650994,0.13071004499111957,0.05966285936934045,0.04675819266752401,0.026526186207694157,0.13134267599796814,0.06287891620752992,0.13323098961254323,0.05753690259661516
136,136.0,136.00451035890612,0.0525281501621271,0.10450838466105283,0.09219237002444002,0.06200475867421275,0.04324510472140718,0.13068073914889147,0.058866417519652485,0.04693180720253169,0.026145042333603565,0.1303712469760137,0.06456267475267048,0.13125662597017373,0.05670667785322303
137,137.0,137.00368509565993,0.05400974675647219,0.10489327933236198,0.093707029687038,0.061563191783314236,0.042793886941967334,0.13190332790043843,0.05926928788424556,0.04509724322033996,0.02683408169884052,0.13076764625880513,0.06327599378351016,0.12956189587197736,0.056323388880689176
