,Unnamed: 0,Total_iterations,Intertwine_two,Add_vertex,Delete_vertex,Invert_path_vertices,Insert_inside_vertex,Delete_inside_vertex,Replace_inside_vertex,Donate_between_routes
0,0.0,0.0,0.125,0.125,0.125,0.125,0.125,0.125,0.125,0.125
1,1.0,1.0,0.125,0.125,0.125,0.125,0.125,0.125,0.125,0.125
2,2.0,2.0,0.125,0.125,0.125,0.125,0.125,0.125,0.125,0.125
3,3.0,3.0,0.125,0.125,0.125,0.125,0.125,0.125,0.125,0.125
4,4.0,4.0,0.125,0.125,0.125,0.125,0.125,0.125,0.125,0.125
5,5.0,5.0,0.125,0.125,0.125,0.125,0.125,0.125,0.125,0.125
6,6.0,6.0,0.125,0.125,0.125,0.125,0.125,0.125,0.125,0.125
7,7.0,7.0,0.125,0.125,0.125,0.125,0.125,0.125,0.125,0.125
8,8.0,8.0,0.125,0.125,0.125,0.125,0.125,0.125,0.125,0.125
9,9.0,9.0,0.125,0.125,0.125,0.125,0.125,0.125,0.125,0.125
10,10.0,10.0,0.125,0.125,0.125,0.125,0.125,0.125,0.125,0.125
11,11.0,11.0,0.125,0.125,0.125,0.125,0.125,0.125,0.125,0.125
12,12.0,12.0,0.125,0.125,0.125,0.125,0.125,0.125,0.125,0.125
13,13.0,13.0,0.125,0.125,0.125,0.125,0.125,0.125,0.125,0.125
14,14.0,14.0,0.125,0.125,0.125,0.125,0.125,0.125,0.125,0.125
15,15.0,15.0,0.125,0.125,0.125,0.125,0.125,0.125,0.125,0.125
16,16.0,16.0,0.125,0.125,0.125,0.125,0.125,0.125,0.125,0.125
17,17.0,17.0,0.125,0.125,0.125,0.125,0.125,0.125,0.125,0.125
18,18.0,18.0,0.125,0.125,0.125,0.125,0.125,0.125,0.125,0.125
19,19.0,19.0,0.125,0.125,0.125,0.125,0.125,0.125,0.125,0.125
20,20.0,20.0,0.125,0.125,0.125,0.125,0.125,0.125,0.125,0.125
21,21.0,21.0,0.125,0.125,0.125,0.125,0.125,0.125,0.125,0.125
22,22.0,22.0,0.125,0.125,0.125,0.125,0.125,0.125,0.125,0.125
23,23.0,23.0,0.125,0.125,0.125,0.125,0.125,0.125,0.125,0.125
24,24.0,24.0,0.125,0.125,0.125,0.125,0.125,0.125,0.125,0.125
25,25.0,25.0,0.125,0.125,0.125,0.125,0.125,0.125,0.125,0.125
26,26.0,26.0,0.125,0.125,0.125,0.125,0.125,0.125,0.125,0.125
27,27.0,27.0,0.125,0.125,0.125,0.125,0.125,0.125,0.125,0.125
28,28.0,28.0,0.125,0.125,0.125,0.125,0.125,0.125,0.125,0.125
29,29.0,29.0,0.125,0.125,0.125,0.125,0.125,0.125,0.125,0.125
30,30.0,30.0,0.125,0.125,0.125,0.125,0.125,0.125,0.125,0.125
31,31.0,31.0,0.125,0.125,0.125,0.125,0.125,0.125,0.125,0.125
32,32.0,32.0,0.125,0.125,0.125,0.125,0.125,0.125,0.125,0.125
33,33.0,33.0,0.125,0.125,0.125,0.125,0.125,0.125,0.125,0.125
34,34.0,34.0,0.125,0.125,0.125,0.125,0.125,0.125,0.125,0.125
35,35.0,35.0,0.125,0.125,0.125,0.125,0.125,0.125,0.125,0.125
36,36.0,36.0,0.125,0.125,0.125,0.125,0.125,0.125,0.125,0.125
37,37.0,37.0,0.125,0.125,0.125,0.125,0.125,0.125,0.125,0.125
38,38.0,38.0,0.125,0.125,0.125,0.125,0.125,0.125,0.125,0.125
39,39.0,39.0,0.125,0.125,0.125,0.125,0.125,0.125,0.125,0.125
40,40.0,40.0,0.125,0.125,0.125,0.125,0.125,0.125,0.125,0.125
41,41.0,41.0,0.125,0.125,0.125,0.125,0.125,0.125,0.125,0.125
42,42.0,42.0,0.125,0.125,0.125,0.125,0.125,0.125,0.125,0.125
43,43.0,43.0,0.125,0.125,0.125,0.125,0.125,0.125,0.125,0.125
44,44.0,44.0,0.125,0.125,0.125,0.125,0.125,0.125,0.125,0.125
45,45.0,45.0,0.125,0.125,0.125,0.125,0.125,0.125,0.125,0.125
46,46.0,46.0,0.125,0.125,0.125,0.125,0.125,0.125,0.125,0.125
47,47.0,47.0,0.125,0.125,0.125,0.125,0.125,0.125,0.125,0.125
48,48.0,48.0,0.125,0.125,0.125,0.125,0.125,0.125,0.125,0.125
49,49.0,49.0,0.125,0.125,0.125,0.125,0.125,0.125,0.125,0.125
50,50.0,50.0,0.125,0.125,0.125,0.125,0.125,0.125,0.125,0.125
51,51.0,51.0,0.125,0.125,0.125,0.125,0.125,0.125,0.125,0.125
52,52.0,52.0,0.125,0.125,0.125,0.125,0.125,0.125,0.125,0.125
53,53.0,53.0,0.125,0.125,0.125,0.125,0.125,0.125,0.125,0.125
54,54.0,54.0,0.125,0.125,0.125,0.125,0.125,0.125,0.125,0.125
55,55.0,55.0,0.125,0.125,0.125,0.125,0.125,0.125,0.125,0.125
56,56.0,56.0,0.125,0.125,0.125,0.125,0.125,0.125,0.125,0.125
57,57.0,57.0,0.125,0.125,0.125,0.125,0.125,0.125,0.125,0.125
58,58.0,58.0,0.125,0.125,0.125,0.125,0.125,0.125,0.125,0.125
59,59.0,59.0,0.125,0.125,0.125,0.125,0.125,0.125,0.125,0.125
60,60.0,60.0,0.125,0.125,0.125,0.125,0.125,0.125,0.125,0.125
61,61.0,61.0,0.125,0.125,0.125,0.125,0.125,0.125,0.125,0.125
62,62.0,62.0,0.125,0.125,0.125,0.125,0.125,0.125,0.125,0.125
63,63.0,63.0,0.125,0.125,0.125,0.125,0.125,0.125,0.125,0.125
64,64.0,64.0,0.125,0.125,0.125,0.125,0.125,0.125,0.125,0.125
65,65.0,65.0,0.125,0.125,0.125,0.125,0.125,0.125,0.125,0.125
66,66.0,66.0,0.125,0.125,0.125,0.125,0.125,0.125,0.125,0.125
67,67.0,67.0,0.125,0.125,0.125,0.125,0.125,0.125,0.125,0.125
68,68.0,68.1,0.125,0.125,0.125,0.125,0.125,0.125,0.125,0.125
69,69.0,69.1,0.125,0.125,0.125,0.125,0.125,0.125,0.125,0.125
70,70.0,70.1,0.125,0.125,0.125,0.125,0.125,0.125,0.125,0.125
71,71.0,71.1,0.125,0.125,0.125,0.125,0.125,0.125,0.125,0.125
72,72.0,72.1,0.125,0.125,0.125,0.125,0.125,0.125,0.125,0.125
73,73.0,73.1,0.125,0.125,0.125,0.125,0.125,0.125,0.125,0.125
74,74.0,74.1,0.125,0.125,0.125,0.125,0.125,0.125,0.125,0.125
75,75.0,75.1,0.125,0.125,0.125,0.125,0.125,0.125,0.125,0.125
76,76.0,76.1,0.125,0.125,0.125,0.125,0.125,0.125,0.125,0.125
77,77.0,77.1,0.125,0.125,0.125,0.125,0.125,0.125,0.125,0.125
78,78.0,78.1,0.125,0.125,0.125,0.125,0.125,0.125,0.125,0.125
79,79.0,79.1,0.125,0.125,0.125,0.125,0.125,0.125,0.125,0.125
80,80.0,80.1,0.125,0.125,0.125,0.125,0.125,0.125,0.125,0.125
81,81.0,81.1,0.125,0.125,0.125,0.125,0.125,0.125,0.125,0.125
82,82.0,82.1,0.125,0.125,0.125,0.125,0.125,0.125,0.125,0.125
83,83.0,83.1,0.125,0.125,0.125,0.125,0.125,0.125,0.125,0.125
84,84.0,84.1,0.125,0.125,0.125,0.125,0.125,0.125,0.125,0.125
85,85.0,85.1,0.125,0.125,0.125,0.125,0.125,0.125,0.125,0.125
86,86.0,86.1,0.125,0.125,0.125,0.125,0.125,0.125,0.125,0.125
87,87.0,87.1,0.125,0.125,0.125,0.125,0.125,0.125,0.125,0.125
88,88.0,88.1,0.125,0.125,0.125,0.125,0.125,0.125,0.125,0.125
89,89.0,89.2,0.125,0.125,0.125,0.125,0.125,0.125,0.125,0.125
90,90.0,90.3,0.125,0.125,0.125,0.125,0.125,0.125,0.125,0.125
91,91.0,91.3,0.125,0.125,0.125,0.125,0.125,0.125,0.125,0.125
92,92.0,92.3,0.125,0.125,0.125,0.125,0.125,0.125,0.125,0.125
93,93.0,93.4,0.125,0.125,0.125,0.125,0.125,0.125,0.125,0.125
94,94.0,94.5,0.125,0.125,0.125,0.125,0.125,0.125,0.125,0.125
95,95.0,95.6,0.125,0.125,0.125,0.125,0.125,0.125,0.125,0.125
96,96.0,96.6,0.125,0.125,0.125,0.125,0.125,0.125,0.125,0.125
97,97.0,97.7,0.125,0.125,0.125,0.125,0.125,0.125,0.125,0.125
98,98.0,98.7,0.125,0.125,0.125,0.125,0.125,0.125,0.125,0.125
99,99.0,99.7,0.125,0.125,0.125,0.125,0.125,0.125,0.125,0.125
100,100.0,100.7,0.125,0.125,0.125,0.125,0.125,0.125,0.125,0.125
101,101.0,101.7,0.125,0.125,0.125,0.125,0.125,0.125,0.125,0.125
102,102.0,102.7,0.125,0.125,0.125,0.125,0.125,0.125,0.125,0.125
103,103.0,103.7,0.125,0.125,0.125,0.125,0.125,0.125,0.125,0.125
104,104.0,104.7,0.125,0.125,0.125,0.125,0.125,0.125,0.125,0.125
105,105.0,105.7,0.125,0.125,0.125,0.125,0.125,0.125,0.125,0.125
106,106.0,106.7,0.125,0.125,0.125,0.125,0.125,0.125,0.125,0.125
107,107.0,107.7,0.125,0.125,0.125,0.125,0.125,0.125,0.125,0.125
108,108.0,108.7,0.125,0.125,0.125,0.125,0.125,0.125,0.125,0.125
109,109.0,109.7,0.125,0.125,0.125,0.125,0.125,0.125,0.125,0.125
110,110.0,110.7,0.125,0.125,0.125,0.125,0.125,0.125,0.125,0.125
111,111.0,111.7,0.125,0.125,0.125,0.125,0.125,0.125,0.125,0.125
112,112.0,112.7,0.125,0.125,0.125,0.125,0.125,0.125,0.125,0.125
113,113.0,113.7,0.125,0.125,0.125,0.125,0.125,0.125,0.125,0.125
114,114.0,114.7,0.125,0.125,0.125,0.125,0.125,0.125,0.125,0.125
115,115.0,115.7,0.125,0.125,0.125,0.125,0.125,0.125,0.125,0.125
116,116.0,116.7,0.125,0.125,0.125,0.125,0.125,0.125,0.125,0.125
117,117.0,117.7,0.125,0.125,0.125,0.125,0.125,0.125,0.125,0.125
118,118.0,118.7,0.125,0.125,0.125,0.125,0.125,0.125,0.125,0.125
119,119.0,119.7,0.125,0.125,0.125,0.125,0.125,0.125,0.125,0.125
120,120.0,120.7,0.125,0.125,0.125,0.125,0.125,0.125,0.125,0.125
121,121.0,121.7,0.125,0.125,0.125,0.125,0.125,0.125,0.125,0.125
122,122.0,122.7,0.125,0.125,0.125,0.125,0.125,0.125,0.125,0.125
123,123.0,123.7,0.125,0.125,0.125,0.125,0.125,0.125,0.125,0.125
124,124.0,124.7,0.125,0.125,0.125,0.125,0.125,0.125,0.125,0.125
125,125.0,125.7,0.125,0.125,0.125,0.125,0.125,0.125,0.125,0.125
126,126.0,126.7,0.125,0.125,0.125,0.125,0.125,0.125,0.125,0.125
127,127.0,127.7,0.125,0.125,0.125,0.125,0.125,0.125,0.125,0.125
128,128.0,128.7,0.125,0.125,0.125,0.125,0.125,0.125,0.125,0.125
129,129.0,129.7,0.125,0.125,0.125,0.125,0.125,0.125,0.125,0.125
130,130.0,130.7,0.125,0.125,0.125,0.125,0.125,0.125,0.125,0.125
131,131.0,131.7,0.125,0.125,0.125,0.125,0.125,0.125,0.125,0.125
132,132.0,132.7,0.125,0.125,0.125,0.125,0.125,0.125,0.125,0.125
133,133.0,133.7,0.125,0.125,0.125,0.125,0.125,0.125,0.125,0.125
134,134.0,134.7,0.125,0.125,0.125,0.125,0.125,0.125,0.125,0.125
135,135.0,135.7,0.125,0.125,0.125,0.125,0.125,0.125,0.125,0.125
136,136.0,136.7,0.125,0.125,0.125,0.125,0.125,0.125,0.125,0.125
137,137.0,137.7,0.125,0.125,0.125,0.125,0.125,0.125,0.125,0.125
138,138.0,138.7,0.125,0.125,0.125,0.125,0.125,0.125,0.125,0.125
139,139.0,139.7,0.125,0.125,0.125,0.125,0.125,0.125,0.125,0.125
140,140.0,140.7,0.125,0.125,0.125,0.125,0.125,0.125,0.125,0.125
141,141.0,141.7,0.125,0.125,0.125,0.125,0.125,0.125,0.125,0.125
142,142.0,142.7,0.125,0.125,0.125,0.125,0.125,0.125,0.125,0.125
143,143.0,143.7,0.125,0.125,0.125,0.125,0.125,0.125,0.125,0.125
144,144.0,144.7,0.125,0.125,0.125,0.125,0.125,0.125,0.125,0.125
145,145.0,145.7,0.125,0.125,0.125,0.125,0.125,0.125,0.125,0.125
146,146.0,146.7,0.125,0.125,0.125,0.125,0.125,0.125,0.125,0.125
147,147.0,147.7,0.125,0.125,0.125,0.125,0.125,0.125,0.125,0.125
148,148.0,148.7,0.125,0.125,0.125,0.125,0.125,0.125,0.125,0.125
149,149.0,149.7,0.125,0.125,0.125,0.125,0.125,0.125,0.125,0.125
150,150.0,150.7,0.125,0.125,0.125,0.125,0.125,0.125,0.125,0.125
151,151.0,151.7,0.125,0.125,0.125,0.125,0.125,0.125,0.125,0.125
152,152.0,152.7,0.125,0.125,0.125,0.125,0.125,0.125,0.125,0.125
153,153.0,153.7,0.125,0.125,0.125,0.125,0.125,0.125,0.125,0.125
154,154.0,154.7,0.125,0.125,0.125,0.125,0.125,0.125,0.125,0.125
155,155.0,155.7,0.125,0.125,0.125,0.125,0.125,0.125,0.125,0.125
156,156.0,156.7,0.125,0.125,0.125,0.125,0.125,0.125,0.125,0.125
157,157.0,157.7,0.125,0.125,0.125,0.125,0.125,0.125,0.125,0.125
158,158.0,158.7,0.125,0.125,0.125,0.125,0.125,0.125,0.125,0.125
159,159.0,159.7,0.125,0.125,0.125,0.125,0.125,0.125,0.125,0.125
160,160.0,160.7,0.125,0.125,0.125,0.125,0.125,0.125,0.125,0.125
161,161.0,161.7,0.125,0.125,0.125,0.125,0.125,0.125,0.125,0.125
162,162.0,162.7,0.125,0.125,0.125,0.125,0.125,0.125,0.125,0.125
163,163.0,163.7,0.125,0.125,0.125,0.125,0.125,0.125,0.125,0.125
164,164.0,164.7,0.125,0.125,0.125,0.125,0.125,0.125,0.125,0.125
165,165.0,165.7,0.125,0.125,0.125,0.125,0.125,0.125,0.125,0.125
166,166.0,166.7,0.125,0.125,0.125,0.125,0.125,0.125,0.125,0.125
167,167.0,167.7,0.125,0.125,0.125,0.125,0.125,0.125,0.125,0.125
168,168.0,168.7,0.125,0.125,0.125,0.125,0.125,0.125,0.125,0.125
169,169.0,169.7,0.125,0.125,0.125,0.125,0.125,0.125,0.125,0.125
170,170.0,170.7,0.125,0.125,0.125,0.125,0.125,0.125,0.125,0.125
171,171.0,171.7,0.125,0.125,0.125,0.125,0.125,0.125,0.125,0.125
172,172.0,172.7,0.125,0.125,0.125,0.125,0.125,0.125,0.125,0.125
173,173.0,173.7,0.125,0.125,0.125,0.125,0.125,0.125,0.125,0.125
174,174.0,174.7,0.125,0.125,0.125,0.125,0.125,0.125,0.125,0.125
175,175.0,175.7,0.125,0.125,0.125,0.125,0.125,0.125,0.125,0.125
176,176.0,176.7,0.125,0.125,0.125,0.125,0.125,0.125,0.125,0.125
177,177.0,177.7,0.125,0.125,0.125,0.125,0.125,0.125,0.125,0.125
178,178.0,178.7,0.125,0.125,0.125,0.125,0.125,0.125,0.125,0.125
179,179.0,179.7,0.125,0.125,0.125,0.125,0.125,0.125,0.125,0.125
180,180.0,180.7,0.125,0.125,0.125,0.125,0.125,0.125,0.125,0.125
181,181.0,181.7,0.125,0.125,0.125,0.125,0.125,0.125,0.125,0.125
182,182.0,182.7,0.125,0.125,0.125,0.125,0.125,0.125,0.125,0.125
183,183.0,183.7,0.125,0.125,0.125,0.125,0.125,0.125,0.125,0.125
184,184.0,184.7,0.125,0.125,0.125,0.125,0.125,0.125,0.125,0.125
185,185.0,185.7,0.125,0.125,0.125,0.125,0.125,0.125,0.125,0.125
186,186.0,186.7,0.125,0.125,0.125,0.125,0.125,0.125,0.125,0.125
187,187.0,187.7,0.125,0.125,0.125,0.125,0.125,0.125,0.125,0.125
188,188.0,188.7,0.125,0.125,0.125,0.125,0.125,0.125,0.125,0.125
189,189.0,189.7,0.125,0.125,0.125,0.125,0.125,0.125,0.125,0.125
190,190.0,190.7,0.125,0.125,0.125,0.125,0.125,0.125,0.125,0.125
191,191.0,191.7,0.125,0.125,0.125,0.125,0.125,0.125,0.125,0.125
192,192.0,192.7,0.125,0.125,0.125,0.125,0.125,0.125,0.125,0.125
193,193.0,193.7,0.125,0.125,0.125,0.125,0.125,0.125,0.125,0.125
194,194.0,194.7,0.125,0.125,0.125,0.125,0.125,0.125,0.125,0.125
195,195.0,195.7,0.125,0.125,0.125,0.125,0.125,0.125,0.125,0.125
196,196.0,196.7,0.125,0.125,0.125,0.125,0.125,0.125,0.125,0.125
197,197.0,197.7,0.125,0.125,0.125,0.125,0.125,0.125,0.125,0.125
198,198.0,198.7,0.125,0.125,0.125,0.125,0.125,0.125,0.125,0.125
199,199.0,199.7,0.12083333333333335,0.12083333333333335,0.12083333333333335,0.15416666666666665,0.12083333333333335,0.12083333333333335,0.12083333333333335,0.12083333333333335
200,200.0,200.7,0.11722222222222223,0.11722222222222223,0.1383333333333333,0.14833333333333332,0.11722222222222223,0.11722222222222223,0.11722222222222223,0.12722222222222224
201,201.0,201.7,0.11381313131313134,0.12290404040404042,0.14492424242424246,0.1429040404040404,0.12492424242424245,0.11381313131313134,0.11381313131313134,0.12290404040404042
202,202.0,202.7,0.11103535353535351,0.11936868686868687,0.14957070707070705,0.13845959595959595,0.12103535353535352,0.11103535353535351,0.12103535353535352,0.12845959595959597
203,203.0,203.7,0.10928321678321677,0.11697552447552448,0.15606643356643357,0.13606643356643355,0.11928321678321678,0.10928321678321677,0.11928321678321678,0.13375874125874126
204,204.0,204.7,0.10658730158730159,0.11373015873015872,0.1603968253968254,0.14317460317460318,0.1165873015873016,0.10658730158730159,0.1165873015873016,0.13634920634920636
205,205.0,205.7,0.10547619047619047,0.11261904761904762,0.1692857142857143,0.14095238095238094,0.11547619047619048,0.10547619047619047,0.11547619047619048,0.13523809523809524
206,206.0,206.7,0.10456709956709956,0.11885281385281385,0.1674675324675325,0.1482251082251082,0.11456709956709957,0.10456709956709956,0.11456709956709957,0.12718614718614718
207,207.0,207.7,0.1021078921078921,0.12408591408591407,0.16190809190809188,0.1542157842157842,0.11119880119880121,0.11119880119880121,0.11119880119880121,0.12408591408591407
208,208.0,208.7,0.1082251082251082,0.12155844155844156,0.15930735930735926,0.15216450216450214,0.11017316017316015,0.11017316017316015,0.11017316017316015,0.12822510822510821
209,209.0,209.7,0.10609848484848486,0.11859848484848486,0.16102272727272726,0.14886363636363636,0.10852272727272724,0.1168560606060606,0.10852272727272724,0.13151515151515153
210,210.0,210.7,0.10508981214863566,0.1168545180309886,0.1638790621143562,0.1545385986562457,0.10751405457287808,0.11520636226518577,0.10751405457287808,0.12940353763883178
211,211.0,211.7,0.10476301476301475,0.11587412587412586,0.16257187257187256,0.15388500388500387,0.10718725718725716,0.12043512043512043,0.10718725718725716,0.1280963480963481
212,212.0,212.7,0.10476301476301475,0.11587412587412586,0.16257187257187256,0.15388500388500387,0.10718725718725716,0.12043512043512043,0.10718725718725716,0.1280963480963481
213,213.0,213.7,0.10476301476301475,0.11587412587412586,0.15257187257187257,0.15388500388500387,0.10718725718725716,0.12043512043512043,0.11718725718725717,0.1280963480963481
214,214.0,214.7,0.1042135642135642,0.11774891774891774,0.15759018759018756,0.15132756132756134,0.09754689754689752,0.11738816738816737,0.11663780663780662,0.13754689754689753
215,215.0,215.7,0.10268740031897924,0.11488038277511958,0.16616427432216904,0.14779904306220093,0.10435406698564591,0.11461722488038276,0.1143540669856459,0.13514354066985643
216,216.0,216.7,0.10068181818181818,0.1127651515151515,0.18261363636363634,0.145530303030303,0.1027651515151515,0.11276515151515151,0.1118560606060606,0.13102272727272726
217,217.0,217.7,0.11247649409414114,0.11691923272805622,0.1814063387592799,0.14102919139683842,0.09970311551193903,0.11403461734344085,0.10803644884527237,0.12639456132103188
218,218.0,218.7,0.11024269847799258,0.1152612093788564,0.18190045248868775,0.13885232414644177,0.09847799259563964,0.11752365281777044,0.10617030028794731,0.1315713698066639
219,219.0,219.7,0.1087378804770109,0.1140147292321205,0.17724907942299245,0.13682308030134113,0.09762676936589978,0.1252001621566839,0.10531907705820746,0.13502922198574369
220,220.0,220.7,0.11946581196581196,0.11438034188034185,0.17196581196581195,0.12918803418803418,0.09835470085470084,0.12538461538461537,0.10604700854700852,0.13521367521367517
221,221.0,221.7,0.11946581196581196,0.11438034188034185,0.17196581196581195,0.12918803418803418,0.09835470085470084,0.12538461538461537,0.10604700854700852,0.13521367521367517
222,222.0,222.7,0.1259870772502351,0.11267885331043223,0.17937251053040526,0.13015932605406288,0.09698654561812454,0.12234686950476423,0.10467885331043222,0.12778996442154333
223,223.0,223.7,0.12583323109638897,0.11221731484889377,0.17814174129963603,0.12969778759252443,0.09683269946427837,0.12557763873553346,0.10452500715658605,0.1271745798061587
224,224.0,224.7,0.12796166796166794,0.1166291116291116,0.17994819994819994,0.12987956487956487,0.09782569282569283,0.12494819994819992,0.1069166019166019,0.11589096089096088
225,225.0,225.7,0.11663853690169479,0.11505003768161659,0.17579324184587342,0.1455646108277687,0.09664344427502321,0.1320714373345952,0.10497677760835655,0.1132619135250714
226,226.0,226.7,0.11800389568084664,0.11292073020748154,0.1719808473438237,0.1409260884306256,0.10321692826230029,0.12874344348935998,0.10257590262127465,0.12163216396428736
227,227.0,227.7,0.11605745132060918,0.11731443994601887,0.1751339888181993,0.13229612492770385,0.10841334104491995,0.1301966454598033,0.10072103335261229,0.119866975130133
228,228.0,228.7,0.11274961597542241,0.11361751152073732,0.17509216589861748,0.13515360983102917,0.11155913978494622,0.1275806451612903,0.09774961597542241,0.12649769585253454
229,229.0,229.7,0.11162407484988128,0.11316296606619185,0.18074151654796816,0.1342661639435833,0.11110459433040076,0.1260005585812037,0.09729507052087696,0.12580505515989387
230,230.0,230.7,0.1101816223748201,0.11733222072457697,0.1854726006812262,0.12548063787544853,0.10944051565545251,0.1241440274311943,0.10641632210706542,0.12153205315021583
231,231.0,231.7,0.10836553099500668,0.12342429363049567,0.18599622457678724,0.12376910546827424,0.10756294909268053,0.12200165935939591,0.11051988186578979,0.11836035501156983
232,232.0,232.7,0.10272735576444014,0.12235298269505428,0.1900261982263261,0.12288718847222682,0.11103709270269371,0.12037863564398091,0.11473266183943934,0.11585788465583861
233,233.0,233.7,0.10433006535947711,0.13484477124183003,0.1912173202614379,0.10118464052287582,0.11752450980392153,0.11989379084967319,0.11491013071895424,0.11609477124183006
234,234.0,234.7,0.10208894974994046,0.1364457608954513,0.19061723029292688,0.10698446058585376,0.1140575732317218,0.11779370088116217,0.11335097642295784,0.11866134793998569
235,235.0,235.7,0.10068235634334703,0.13519301364270403,0.19191393358963016,0.10573171333310649,0.11210152927567787,0.11678271187017315,0.11979053686251825,0.11780420508284284
236,236.0,236.7,0.09944507510606579,0.13936134044260978,0.19314714482284143,0.10604039101020524,0.11038805756220615,0.11587917096663225,0.11869570576768718,0.11704311432175207
237,237.0,237.7,0.09290601503759396,0.14511842105263156,0.19365601503759397,0.10529887218045111,0.10968233082706766,0.11537030075187968,0.11845488721804509,0.11951315789473685
238,238.0,238.7,0.09236253677672439,0.14566189931350113,0.1931125367767244,0.10475539391958155,0.10913885256619808,0.11591377901274924,0.11791140895717551,0.12114359267734551
239,239.0,239.7,0.0913640847643405,0.14719053708439894,0.19248173182316405,0.10338929484837411,0.12027164778955055,0.11528297405918889,0.11664979905005479,0.113369930580928
240,240.0,240.7,0.09613748079877112,0.14606989247311825,0.19202636968766001,0.10228033794162825,0.11883589349718378,0.11481592421915002,0.11586763952892984,0.11396646185355859
241,241.0,241.7,0.09502219257821973,0.14281174710970973,0.1967590346834829,0.10116504972107687,0.11695201713962322,0.11428543132023608,0.11480665373110191,0.1181978737165494
242,242.0,242.7,0.0991533538146441,0.1416254480286738,0.19813748079877114,0.10013748079877112,0.1122485919098822,0.11346671786994367,0.10697875064004095,0.1282521761392729
243,243.0,243.7,0.09530027549685272,0.1425244601678459,0.1962411853508061,0.10082990450474258,0.11274333967904733,0.11419522833260112,0.11139842333413097,0.12676718313397312
244,244.0,244.7,0.09597744360902252,0.14184210526315788,0.19363408521303258,0.10258145363408519,0.11218671679197993,0.11700501253132829,0.11077067669172928,0.12600250626566412
245,245.0,245.7,0.09574330055909001,0.14133805668016192,0.19388847117794486,0.10181154810102178,0.11178590707538075,0.119699344515134,0.11030239059186424,0.1254309812994023
246,246.0,246.7,0.0933407771565666,0.14250696184906708,0.20322831651779016,0.10267276096223461,0.11399144228091593,0.12869690251269197,0.09346030674978041,0.122102531970953
247,247.0,247.7,0.09306605188184133,0.1422322365743418,0.2069625452520189,0.0995490328385065,0.11357426686374053,0.12744537626116573,0.09560723389670756,0.12156325643167745
248,248.0,248.7,0.09181704260651627,0.14177944862155387,0.20717418546365912,0.09895989974937341,0.1132456140350877,0.12144110275689221,0.09515037593984962,0.13043233082706765
249,249.0,249.7,0.08869992307966043,0.14366232909469803,0.2096525455079421,0.10084278022251758,0.10360511592602975,0.12131297192896422,0.10384321116412498,0.12838112307606273
250,250.0,250.7,0.08764729150071307,0.14366232909469803,0.20820517708688943,0.10084278022251758,0.10360511592602975,0.12131297192896422,0.10384321116412498,0.13088112307606273
251,251.0,251.7,0.08742269984917042,0.14340484270631326,0.20600463262227967,0.10060722365869423,0.1033695593622064,0.12083656539538892,0.10360765460030164,0.13474682180564532
252,252.0,252.7,0.08970778465129878,0.15085001870590395,0.20394028277193046,0.10038156962920748,0.10314390533271964,0.12464185305751063,0.10338200057081488,0.12395258528061397
253,253.0,253.7,0.08905752765023534,0.15553266409656644,0.21184417323630483,0.09384895968696755,0.10194419778220565,0.12368917670160848,0.10218229302030088,0.12190100782581073
254,254.0,254.7,0.08896283068053837,0.15543796712686947,0.21307523384236537,0.09375426271727058,0.10184950081250868,0.1233103888228206,0.10208759605060391,0.12152221994702284
255,255.0,255.7,0.08802151709216594,0.1472193067023267,0.22160675134447114,0.09320384907862164,0.10117088204565461,0.12601697961764668,0.10153718241195497,0.12122353170715812
256,256.0,256.7,0.08706029049626442,0.14596568244560643,0.22190602895025027,0.09253502014353884,0.10576521100530864,0.12530441388960106,0.10086835347687217,0.12059499959255789
257,257.0,257.7,0.08698499542096935,0.1456980796780037,0.2224992320434534,0.09266017276869146,0.10218258992268756,0.12908850017368736,0.10086123096974967,0.12002519902275732
258,258.0,258.7,0.08665569399410694,0.14518585142187299,0.2247425991038936,0.09200534546752269,0.10191426410558127,0.1272280944718182,0.10033867880085603,0.12192947263434799
259,259.0,259.7,0.08598522705322256,0.14977854237572547,0.22442971297431055,0.09108857310791912,0.10076760668850641,0.1254110635440795,0.10251714453649055,0.12002212971974557
260,260.0,260.7,0.08580280814122108,0.14959612346372397,0.22507179985029593,0.09067626913844637,0.10058518777650494,0.12415414139786515,0.10210484056701781,0.12200882966492455
261,261.0,261.7,0.08551503467681507,0.14913413397144337,0.23065474627706611,0.09334117635292086,0.10035548632139042,0.12494786183950064,0.09487727466321273,0.12117428589765064
262,262.0,262.7,0.08524251064423896,0.14869549698205667,0.2350904615865555,0.09271086197990251,0.10013833327441786,0.12339356429298856,0.09434776674180728,0.12038100449803246
263,263.0,263.7,0.08498403342000735,0.14827845738996034,0.22494290435554673,0.0921154397239584,0.09993271017280783,0.12657647516166234,0.09687734448586317,0.12629263529019358
264,264.0,264.7,0.0847385257736789,0.14788143459211675,0.22618534636406257,0.09155204734798053,0.09973770757698441,0.12507669131577726,0.09925512858047353,0.1255731184489257
265,265.0,265.7,0.08464190741619099,0.14763988869839692,0.22763462172638144,0.09140711981174866,0.09968939839824045,0.12464190870708161,0.09911020104424165,0.125234954197718
266,266.0,266.7,0.08441251274210369,0.14727173361727913,0.22664779520937378,0.09087937082831504,0.09950625719316333,0.12323623384269762,0.10135556130450551,0.12669053526256163
267,267.0,267.7,0.08467018060615453,0.1473964227579257,0.22311570377834616,0.09085461721313591,0.10742729891739655,0.1223755372107244,0.10339429975281844,0.12076593976349806
268,268.0,268.7,0.08838434052332197,0.14571987375994816,0.22265567742546266,0.08903787700353855,0.10592081794662986,0.12000339466001042,0.10727536260944522,0.12100265607164296
269,269.0,269.7,0.08831321676798767,0.14564875000461386,0.22422040004281688,0.08875338198220142,0.1058496941912956,0.11943440461733615,0.10684862007743952,0.12093153231630867
270,270.0,270.7,0.0881641077316606,0.1479412945527975,0.2338119797246221,0.08836102746954616,0.09859854433864199,0.11852724661243379,0.10632131279825255,0.11827448677204506
271,271.0,271.7,0.08805169598881409,0.14776478024584844,0.23355928555888447,0.08805630803439196,0.09848613259579546,0.11772457102714953,0.10834007905614924,0.11801714749296666
272,272.0,272.7,0.08675492442638767,0.14628938601484237,0.23590654654686682,0.08653739395642275,0.09722857671964355,0.11549519304745799,0.10548087356879046,0.12630710571958817
273,273.0,273.7,0.075846241040169,0.1491070917722144,0.240150582357013,0.08598081033180317,0.09713860678371726,0.1235048328157627,0.1035485853463867,0.12472324955293354
274,274.0,274.7,0.07575552528237856,0.14998922537448622,0.24822219250940653,0.08608877869882546,0.10256810180929551,0.12331891781956619,0.10341804133579373,0.11063921717024754
275,275.0,275.7,0.07458257857969802,0.15506395388520916,0.24676889312425998,0.08470441550565867,0.10031938876769075,0.12181751894759778,0.10714680155098588,0.10959644963889958
276,276.0,276.7,0.07401336604619978,0.1536794455364151,0.2458257886097269,0.0839331827701402,0.10403589051990676,0.12314250348686803,0.10623204170765461,0.1091377813230884
277,277.0,277.7,0.07344805006473473,0.15254132072127163,0.2500689119460179,0.08317463007369932,0.10299438406225125,0.12398663244279824,0.10533605432719517,0.10845001636203153
278,278.0,278.7,0.07287049946148624,0.15606567171264665,0.2485633992022454,0.08241206559441012,0.10203787418298467,0.1225398082352813,0.10653171940743064,0.10897896220351477
279,279.0,279.7,0.07808672149560564,0.15732419364544895,0.24610015010257577,0.08156862972281405,0.10057119578420363,0.12321589997833174,0.10530114720533153,0.10783206206568847
280,280.0,280.7,0.07800792001855619,0.157160358154794,0.24590293043096256,0.08131976021855372,0.10049239430715418,0.12458378748166396,0.1048884422104163,0.1076444071778988
281,281.0,281.7,0.07773453463254923,0.15897925315920408,0.2475179062594624,0.0808831095264243,0.09982375200415117,0.12369847095003314,0.10409677347921868,0.10726619998895684
282,282.0,282.7,0.07196578360996188,0.15095815772058946,0.2512859447001351,0.08083984869991537,0.10410934880765077,0.12322344145646143,0.11281194523083544,0.1048055297744503
283,283.0,283.7,0.07576664941082768,0.14875902352145526,0.25170369361788403,0.08064071450078118,0.10341021460851658,0.1227970345300545,0.11241367683256706,0.10450899297791354
284,284.0,284.7,0.07893746389046567,0.14639137646263173,0.2571871023659986,0.0801192212881115,0.10205953587548491,0.12031475700365932,0.11173833746605119,0.10325220564759677
285,285.0,285.7,0.07815198775669234,0.14418139890435694,0.25532098029863814,0.07961864543923844,0.10636036776919607,0.12329858661287593,0.11106398315392599,0.10200405006507587
286,286.0,286.7,0.07696733856841338,0.14524542696475526,0.26330892735192096,0.07869854651550975,0.10504344344864198,0.12127690056215179,0.10846620954889286,0.10099320703971378
287,287.0,287.7,0.07581830329233637,0.14104940419341488,0.2666585591679774,0.07779581665815195,0.10310953706464485,0.12359672975493925,0.11392750646935494,0.09804414339918008
288,288.0,288.7,0.07685882511252826,0.14001149464105775,0.26819608936804096,0.08401841130747548,0.10170217446791208,0.12164794817045314,0.11129045396439799,0.09627460296813417
289,289.0,289.7,0.07562063366187075,0.137358105811714,0.2705579472074317,0.08242079226615306,0.09994826479362559,0.12446433291794112,0.11511309995846075,0.09451682338280273
290,290.0,290.7,0.07342616760450646,0.1350185018733628,0.2688400943141999,0.07970080613138192,0.10193892178930888,0.12111767630960805,0.1283317646494422,0.09162606732818959
291,291.0,291.7,0.0713483055612694,0.13669698132231628,0.26521300944788295,0.07715047522638631,0.10516394323985434,0.13188312485760595,0.12303353095763939,0.08951062938704517
292,292.0,292.7,0.0686294672077887,0.1577374754238202,0.2657411267256496,0.07443163687290559,0.097306764965425,0.1282736125839983,0.12096730164386449,0.08691261457654789
293,293.0,293.7,0.06610167436030273,0.15320631557296727,0.271217673954115,0.07147603653878863,0.09412425788266213,0.13242238935425843,0.11763043769318979,0.09382121464371572
294,294.0,294.7,0.06538202279396925,0.15853233648823303,0.26746294787673447,0.07205128889893803,0.09676786459377457,0.13129929175518829,0.11541633029029522,0.09308791730286689
295,295.0,295.7,0.06438547365597276,0.1655922922488467,0.26652122330014144,0.07102993817363994,0.09580264377658008,0.13140967661886266,0.11433884965689353,0.09091990256906268
296,296.0,296.7,0.06429590575819547,0.16523956645633256,0.27315355335566943,0.06648650725292068,0.0909209324768196,0.13086464313404084,0.11788541536235511,0.09115347620366607
297,297.0,297.7,0.06393926240155212,0.16804958976635587,0.2731430638451799,0.06627322053963398,0.0897309557868429,0.13048818625758396,0.1174821519590917,0.09089356944375931
298,298.0,298.7,0.06574182302500825,0.16711089164855325,0.2711284515917617,0.06659862150682598,0.08873631361309625,0.13117976333722073,0.11420451914414546,0.09529961613338808
299,299.0,299.7,0.06456854449365329,0.17560479778438295,0.26946374755987035,0.07047327509928897,0.08692335330998403,0.1316061434843092,0.10784220457552611,0.09351793369298482
300,300.0,300.7,0.0635368339121671,0.1794163920462016,0.268277609103295,0.06948264557514597,0.08887157684050744,0.13210853209532109,0.10487371987926372,0.09343269054809782
301,301.0,301.7,0.06312390199698123,0.18351168564474446,0.26648090630372356,0.06940792013276052,0.08764244982132127,0.1314389937028742,0.10456831484579827,0.09382582755179625
302,302.0,302.7,0.06127205014512939,0.18351168564474446,0.26648090630372356,0.06940792013276052,0.08764244982132127,0.13329084555472603,0.10456831484579827,0.09382582755179625
303,303.0,303.7,0.06063455559459134,0.18778557600559134,0.2656462015559753,0.06864871154746499,0.08703862530445328,0.13211734916383835,0.10553924407759707,0.09258973675048805
304,304.0,304.7,0.06007330932911973,0.18481090982669982,0.26348993059688747,0.07438991340179722,0.0865098465714492,0.13447885446150903,0.10474295116862811,0.09150428464390921
305,305.0,305.7,0.059334661492277896,0.1870292512371698,0.2665473792313465,0.07371294838589539,0.08567039228299446,0.13316704543530883,0.10406598615272626,0.09047233578228064
306,306.0,306.7,0.059315635617087636,0.18701022536197953,0.26561511134702387,0.07365587076032462,0.08565136640780421,0.1329958125585965,0.10400890852715547,0.091747069420028
307,307.0,307.7,0.05975198771842766,0.17969718225068906,0.26898178747457824,0.07236688784865838,0.08605525097667668,0.1420614459473564,0.09939470916527281,0.09169074861834053
308,308.0,308.7,0.06054792877854172,0.1786488498169095,0.2671501013059546,0.07966780835442985,0.08521796699181818,0.13994363520622596,0.09826489374030835,0.09055881580581157
309,309.0,309.7,0.060140930891667665,0.18147849746544265,0.26696240166469465,0.07913173778585154,0.08484229742574613,0.13872487752771595,0.09763483820932402,0.09108441902955722
310,310.0,310.7,0.05977094898811044,0.17873908624145787,0.26809539349641603,0.07863683543069509,0.0845025635560667,0.13759306419082096,0.09704919175253418,0.09561291634389846
311,311.0,311.7,0.059347949960417326,0.18109685561636096,0.2671963197933496,0.078121116926881,0.08416528438031204,0.13917498693857472,0.09644580521832849,0.09445168116577565
312,312.0,312.7,0.0590371290499397,0.17861492897545556,0.26664570220668826,0.07769309325920919,0.08388271205740501,0.13983594651822126,0.0959330357879448,0.09835745214513598
313,313.0,313.7,0.05883856832211374,0.18128330606023796,0.2638742500755423,0.07742670139539122,0.08312262501314976,0.13920800925022173,0.09879634708550226,0.09745019279784081
314,314.0,314.7,0.05830527241902406,0.17877420370553537,0.263754728502111,0.08019509325601461,0.0850691678197375,0.13863983516556133,0.09813059916117942,0.0971310999708366
315,315.0,315.7,0.058289840320258614,0.18330422615222447,0.2641559630700122,0.0801487969597183,0.08505373572097207,0.138485514177907,0.09808430286488311,0.09247762073402402
316,316.0,316.7,0.05809221186176059,0.1852805107372047,0.2639583346115142,0.07995116850122028,0.08485610726247404,0.13809025726091093,0.09788667440638509,0.09188473535852995
317,317.0,317.7,0.05762747232513017,0.1858192995461318,0.2643029111334066,0.07961455782057435,0.08686536737329648,0.1372992631162593,0.09744925727412626,0.0910218714110748
318,318.0,318.7,0.05697226510386605,0.18822848626426164,0.2640542079771831,0.07902393615678197,0.08535788742475962,0.13643658484301194,0.09969954470124297,0.09022708752889255
319,319.0,319.7,0.05653634635286198,0.18465832920254868,0.2641932511319736,0.07855863156975086,0.08483284211404077,0.13571458367604006,0.10208629002508532,0.0934197259276985
320,320.0,320.7,0.05612745228344347,0.1803648198020346,0.2659790318908115,0.07812105132706786,0.09022736031862275,0.1350341516844812,0.10148064255551152,0.09266549013802686
321,321.0,321.7,0.055718398010109485,0.17985084078072983,0.27013675444278545,0.07779239409885547,0.09086160614339958,0.1327900047160987,0.10107522238168373,0.09177477942633752
322,322.0,322.7,0.05696839801010948,0.18235084078072983,0.27388675444278543,0.08154239409885547,0.09336160614339957,0.1290400047160987,0.08982522238168375,0.09302477942633751
323,323.0,323.7,0.056422953433183175,0.18259343913051737,0.2811568727692969,0.08017968819116733,0.09247583691202133,0.1296837642075318,0.08535024623057785,0.09213719912570398
324,324.0,324.7,0.0535351678886305,0.1884601544087767,0.28211954436411185,0.08023641392085543,0.09183930873235736,0.12936311267974027,0.08261943270213842,0.09182686530338921
325,325.0,325.7,0.05296589851421405,0.18667414833968238,0.28261411719324353,0.08467794053149968,0.09023654262591478,0.1286298610457533,0.08142137014378174,0.09278012160591023
326,326.0,326.7,0.052497300118792965,0.18755906443140394,0.2814330734083926,0.08862194764364742,0.08925820585028507,0.12801385427546486,0.08039721915576106,0.09221933511625187
327,327.0,327.7,0.052164212154126054,0.18691619852538013,0.286219602668606,0.08725953812334318,0.08870858003750137,0.12742435605438768,0.07956112542493048,0.0917463870117248
328,328.0,328.7,0.05185827431087477,0.18799360370726292,0.2841765710733356,0.08602383352942962,0.08820977535959221,0.12686966199223093,0.08356351606911216,0.09130476395816145
329,329.0,329.7,0.05164011394166337,0.1892973751058849,0.2853640014211115,0.08562190005139217,0.08778034675920907,0.12618291381136573,0.0830045403028849,0.09110880860648814
330,330.0,330.7,0.05143192270702486,0.19052990066028905,0.284905193220898,0.08523713864996811,0.08737216364406365,0.1271345368233789,0.08246933203666067,0.09091981225771642
331,331.0,331.7,0.05165724981437444,0.18599332300573387,0.286440408941507,0.08638931044820734,0.08782281785876281,0.1272449507540176,0.08338340859680465,0.09106853058059204
332,332.0,332.7,0.05164476541986758,0.185980838611227,0.2857867423944549,0.08635185726468675,0.08890896018086018,0.12550720358314246,0.08334595541328406,0.09247367713247681
333,333.0,333.7,0.05127740965813643,0.1855183814162087,0.2898864330342628,0.08495284468877876,0.08834858895139609,0.12453250146694665,0.0821082331599567,0.09337560762431354
334,334.0,334.7,0.05120152646204864,0.18539987247417034,0.2910307703678584,0.0848743852113423,0.08829144234693491,0.12411467547367312,0.08202977368252026,0.09305755398145174
335,335.0,335.7,0.05114023558291064,0.18528897842042918,0.29217647847578604,0.08471531416122988,0.08823157764602885,0.12846208414261057,0.0770343931085983,0.09295093846240633
336,336.0,336.7,0.05086426941341323,0.18496493532785485,0.2965367937924758,0.08347855368137572,0.08774032166167917,0.12762633187154598,0.07615841767702917,0.09263037657462583
337,337.0,337.7,0.050806451158506516,0.18486049702632806,0.2961044228785819,0.08332840893996558,0.08768341701350912,0.12874978102411047,0.07593834286568897,0.0925286790933091
338,338.0,338.7,0.05102135285625329,0.1868059760124615,0.29211324481796896,0.08264683336571348,0.08843506294920488,0.12883976428102223,0.0757360578218783,0.09440170789549716
339,339.0,339.7,0.05080805722592517,0.1857911494576876,0.2909694222957443,0.08244972874367469,0.08748807899958704,0.1328114262158097,0.0753870769812381,0.09429506008033312
340,340.0,340.7,0.050494622673360176,0.18349358792099563,0.29042953846781694,0.08141165650995028,0.0869934850267322,0.13530955711067977,0.07471132358809342,0.0971562287023713
341,341.0,341.7,0.050421780211694564,0.18274908549099483,0.2891569766635149,0.08130906994211962,0.0861417820266916,0.1369417444870363,0.07724130248425928,0.0960382586936886
342,342.0,342.7,0.05290848552983096,0.18181351427447545,0.28961566625741086,0.08119009671076709,0.08529400712272704,0.1364623581648054,0.07697217910275662,0.09574369283722634
343,343.0,343.7,0.05408045100722113,0.18092458860092195,0.2912522402388495,0.08107634720948227,0.08449033294107468,0.13600041755950767,0.07671618209080322,0.0954594403521393
344,344.0,344.7,0.053795206122433915,0.18527451022773142,0.2916548353554035,0.07680079629205491,0.0878940554580695,0.13555490578676477,0.07384076612614239,0.0951849246313993
345,345.0,345.7,0.053493586689235526,0.1863224184598502,0.29425402563880426,0.07593170047559068,0.08705667354174021,0.1348524766369672,0.07313833697634484,0.09495078158146679
346,346.0,346.7,0.053493586689235526,0.1863224184598502,0.29425402563880426,0.07593170047559068,0.08705667354174021,0.1348524766369672,0.07313833697634484,0.09495078158146679
347,347.0,347.7,0.05350455160151622,0.18633338337213093,0.2939470080949446,0.07596459521243279,0.0870895682785823,0.1349511608474935,0.07317123171318693,0.0950385008797124
348,348.0,348.7,0.053764286062102096,0.18537933677373447,0.2934843979496719,0.07647349614122537,0.0874619287612369,0.13446667049264713,0.07388375255148176,0.09508613126790008
349,349.0,349.7,0.053874458003400884,0.18690300226521178,0.2942080139689002,0.07636678226630525,0.08715629623492367,0.1321420055043689,0.07377703867656163,0.09557240308032733
350,350.0,350.7,0.053647936890854654,0.18793658335657815,0.29275958170738553,0.07609901740236139,0.08678227532091341,0.13406067914874115,0.07350927381261779,0.09520465236054766
351,351.0,351.7,0.05343042702627706,0.19248870138557578,0.2923581273501357,0.07584254336764966,0.08642516293966476,0.13347630056617601,0.07325279977790607,0.0927259375866147
352,352.0,352.7,0.05158379047632067,0.19487121052309464,0.29245997764825526,0.07559365604030995,0.08598468168133556,0.13453991394610837,0.07307602783518172,0.09189074184939362
353,353.0,353.7,0.052539950034584185,0.19476515568684177,0.29257431504353326,0.0754437607623206,0.08593094024950007,0.13410436558357983,0.072854017172577,0.09178749546706308
354,354.0,354.7,0.052405593799772054,0.19601981664989546,0.29275057810594496,0.07529969767447023,0.08578687716164969,0.1337774119957261,0.07270995408472664,0.09125007052781459
355,355.0,355.7,0.05449386960128342,0.19586419032388017,0.29287323135227034,0.07499750272457426,0.08537394024054662,0.13330106157092483,0.07240775913483063,0.09068844505168948
