,Unnamed: 0,Total_iterations,Intertwine_two,Add_vertex,Delete_vertex,Invert_path_vertices,Insert_inside_vertex,Delete_inside_vertex,Replace_inside_vertex,Donate_between_routes
0,0.0,0.0,0.125,0.125,0.125,0.125,0.125,0.125,0.125,0.125
1,1.0,0.10900000000000001,0.125,0.125,0.125,0.125,0.125,0.125,0.125,0.125
2,2.0,0.31601,0.125,0.125,0.125,0.125,0.125,0.125,0.125,0.125
3,3.0,0.6191589000000001,0.125,0.125,0.125,0.125,0.125,0.125,0.125,0.125
4,4.0,1.015801321,0.125,0.125,0.125,0.125,0.125,0.125,0.125,0.125
5,5.0,1.50262148669,0.125,0.125,0.125,0.125,0.125,0.125,0.125,0.125
6,6.0,2.0757334209441005,0.125,0.125,0.125,0.125,0.125,0.125,0.125,0.125
7,7.0,2.7307768275633495,0.125,0.125,0.125,0.125,0.125,0.125,0.125,0.125
8,8.0,3.4630081252450404,0.125,0.125,0.125,0.125,0.125,0.125,0.125,0.125
9,9.0,4.2673862119061114,0.125,0.125,0.125,0.125,0.125,0.125,0.125,0.125
10,10.0,5.138652627782014,0.125,0.125,0.125,0.125,0.125,0.125,0.125,0.125
11,11.0,6.071405875792507,0.125,0.125,0.125,0.125,0.125,0.125,0.125,0.125
12,12.0,7.060169740244025,0.125,0.125,0.125,0.125,0.125,0.125,0.125,0.125
13,13.0,8.099455520847952,0.125,0.125,0.125,0.125,0.125,0.125,0.125,0.125
14,14.0,9.183818168183006,0.125,0.125,0.125,0.125,0.125,0.125,0.125,0.125
15,15.0,10.307906369102724,0.125,0.125,0.125,0.125,0.125,0.125,0.125,0.125
16,16.0,11.466506686239443,0.125,0.125,0.125,0.125,0.125,0.125,0.125,0.125
17,17.0,12.654581904800096,0.125,0.125,0.125,0.125,0.125,0.125,0.125,0.125
18,18.0,13.867303782456686,0.125,0.125,0.125,0.125,0.125,0.125,0.125,0.125
19,19.0,15.100080434523047,0.125,0.125,0.125,0.125,0.125,0.125,0.125,0.125
20,20.0,16.348578617037543,0.125,0.125,0.125,0.125,0.125,0.125,0.125,0.125
21,21.0,17.608741195130214,0.125,0.125,0.125,0.125,0.125,0.125,0.125,0.125
22,22.0,18.876800103462312,0.125,0.125,0.125,0.125,0.125,0.125,0.125,0.125
23,23.0,20.14928511992658,0.125,0.125,0.125,0.125,0.125,0.125,0.125,0.125
24,24.0,21.423028783545156,0.125,0.125,0.125,0.125,0.125,0.125,0.125,0.125
25,25.0,22.695167792966423,0.125,0.125,0.125,0.125,0.125,0.125,0.125,0.125
26,26.0,23.963141223515898,0.125,0.125,0.125,0.125,0.125,0.125,0.125,0.125
27,27.0,25.224685898775267,0.125,0.125,0.125,0.125,0.125,0.125,0.125,0.125
28,28.0,26.477829247520948,0.125,0.125,0.125,0.125,0.125,0.125,0.125,0.125
29,29.0,27.720879968916847,0.125,0.125,0.125,0.125,0.125,0.125,0.125,0.125
30,30.0,28.95241681848399,0.125,0.125,0.125,0.125,0.125,0.125,0.125,0.125
31,31.0,30.17127581490958,0.125,0.125,0.125,0.125,0.125,0.125,0.125,0.125
32,32.0,31.376536153543515,0.125,0.125,0.125,0.125,0.125,0.125,0.125,0.125
33,33.0,32.567505096778625,0.125,0.125,0.125,0.125,0.125,0.125,0.125,0.125
34,34.0,33.74370209472243,0.125,0.125,0.125,0.125,0.125,0.125,0.125,0.125
35,35.0,34.90484237192463,0.125,0.125,0.125,0.125,0.125,0.125,0.125,0.125
36,36.0,36.05082019768737,0.125,0.125,0.125,0.125,0.125,0.125,0.125,0.125
37,37.0,37.18169203889697,0.125,0.125,0.125,0.125,0.125,0.125,0.125,0.125
38,38.0,38.29765977559663,0.125,0.125,0.125,0.125,0.125,0.125,0.125,0.125
39,39.0,39.399054140870355,0.125,0.125,0.125,0.125,0.125,0.125,0.125,0.125
40,40.0,40.48631852820801,0.125,0.125,0.125,0.125,0.125,0.125,0.125,0.125
41,41.0,41.55999329152982,0.125,0.125,0.125,0.125,0.125,0.125,0.125,0.125
42,42.0,42.62070064560415,0.125,0.125,0.125,0.125,0.125,0.125,0.125,0.125
43,43.0,43.669130257815,0.125,0.125,0.125,0.125,0.125,0.125,0.125,0.125
44,44.0,44.70602560622662,0.125,0.125,0.125,0.125,0.125,0.125,0.125,0.125
45,45.0,45.73217116373481,0.125,0.125,0.125,0.125,0.125,0.125,0.125,0.125
46,46.0,46.748380453854836,0.125,0.125,0.125,0.125,0.125,0.125,0.125,0.125
47,47.0,47.755485010424316,0.125,0.125,0.125,0.125,0.125,0.125,0.125,0.125
48,48.0,48.7543242612326,0.125,0.125,0.125,0.125,0.125,0.125,0.125,0.125
49,49.0,49.745736344347726,0.125,0.125,0.125,0.125,0.125,0.125,0.125,0.125
50,50.0,50.730549855707864,0.125,0.125,0.125,0.125,0.125,0.125,0.125,0.125
51,51.0,51.70957651737491,0.125,0.125,0.125,0.125,0.125,0.125,0.125,0.125
52,52.0,52.68360474770151,0.125,0.125,0.125,0.125,0.125,0.125,0.125,0.125
53,53.0,53.65339410751842,0.125,0.125,0.125,0.125,0.125,0.125,0.125,0.125
54,54.0,54.61967059027847,0.125,0.125,0.125,0.125,0.125,0.125,0.125,0.125
55,55.0,55.58312271885972,0.125,0.125,0.125,0.125,0.125,0.125,0.125,0.125
56,56.0,56.544398407394254,0.125,0.125,0.125,0.125,0.125,0.125,0.125,0.125
57,57.0,57.504102543001395,0.125,0.125,0.125,0.125,0.125,0.125,0.125,0.125
58,58.0,58.462795239617805,0.125,0.125,0.125,0.125,0.125,0.125,0.125,0.125
59,59.0,59.42099071417639,0.125,0.125,0.125,0.125,0.125,0.125,0.125,0.125
60,60.0,60.379156734137354,0.125,0.125,0.125,0.125,0.125,0.125,0.125,0.125
61,61.0,61.337714584760846,0.125,0.125,0.125,0.125,0.125,0.125,0.125,0.125
62,62.0,62.29703950447439,0.125,0.125,0.125,0.125,0.125,0.125,0.125,0.125
63,63.0,63.257461537171835,0.125,0.125,0.125,0.125,0.125,0.125,0.125,0.125
64,64.0,64.21926675122782,0.125,0.125,0.125,0.125,0.125,0.125,0.125,0.125
65,65.0,65.18269877636592,0.125,0.125,0.125,0.125,0.125,0.125,0.125,0.125
66,66.0,66.14796061122655,0.125,0.125,0.125,0.125,0.125,0.125,0.125,0.125
67,67.0,67.11521665648885,0.125,0.125,0.125,0.125,0.125,0.125,0.125,0.125
68,68.0,68.09459493066004,0.125,0.125,0.125,0.125,0.125,0.125,0.125,0.125
69,69.0,69.07608942810751,0.125,0.125,0.125,0.125,0.125,0.125,0.125,0.125
70,70.0,70.05967358152915,0.125,0.125,0.125,0.125,0.125,0.125,0.125,0.125
71,71.0,71.04530258379333,0.125,0.125,0.125,0.125,0.125,0.125,0.125,0.125
72,72.0,72.03291565999317,0.125,0.125,0.125,0.125,0.125,0.125,0.125,0.125
73,73.0,73.02243827197309,0.125,0.125,0.125,0.125,0.125,0.125,0.125,0.125
74,74.0,74.01378424003529,0.125,0.125,0.125,0.125,0.125,0.125,0.125,0.125
75,75.0,75.00685776889092,0.125,0.125,0.125,0.125,0.125,0.125,0.125,0.125
76,76.0,76.00155536717207,0.125,0.125,0.125,0.125,0.125,0.125,0.125,0.125
77,77.0,76.99776765195338,0.125,0.125,0.125,0.125,0.125,0.125,0.125,0.125
78,78.0,77.99538103173704,0.125,0.125,0.125,0.125,0.125,0.125,0.125,0.125
79,79.0,78.99427926322495,0.125,0.125,0.125,0.125,0.125,0.125,0.125,0.125
80,80.0,79.99434487893183,0.125,0.125,0.125,0.125,0.125,0.125,0.125,0.125
81,81.0,80.9954604842787,0.125,0.125,0.125,0.125,0.125,0.125,0.125,0.125
82,82.0,81.99750992424808,0.125,0.125,0.125,0.125,0.125,0.125,0.125,0.125
83,83.0,83.00037932097806,0.125,0.125,0.125,0.125,0.125,0.125,0.125,0.125
84,84.0,84.00395798482525,0.125,0.125,0.125,0.125,0.125,0.125,0.125,0.125
85,85.0,85.00813920243948,0.125,0.125,0.125,0.125,0.125,0.125,0.125,0.125
86,86.0,86.01282090626789,0.125,0.125,0.125,0.125,0.125,0.125,0.125,0.125
87,87.0,87.01790623065077,0.125,0.125,0.125,0.125,0.125,0.125,0.125,0.125
88,88.0,88.02330396028886,0.125,0.125,0.125,0.125,0.125,0.125,0.125,0.125
89,89.0,89.03892887736026,0.125,0.125,0.125,0.125,0.125,0.125,0.125,0.125
90,90.0,90.06460201395092,0.125,0.125,0.125,0.125,0.125,0.125,0.125,0.125
91,91.0,91.09006181674299,0.125,0.125,0.125,0.125,0.125,0.125,0.125,0.125
92,92.0,92.11507502108843,0.125,0.125,0.125,0.125,0.125,0.125,0.125,0.125
93,93.0,93.14943615478845,0.125,0.125,0.125,0.125,0.125,0.125,0.125,0.125
94,94.0,94.19286681357057,0.125,0.125,0.125,0.125,0.125,0.125,0.125,0.125
95,95.0,95.2450257383388,0.125,0.125,0.125,0.125,0.125,0.125,0.125,0.125
96,96.0,96.29551851324679,0.125,0.125,0.125,0.125,0.125,0.125,0.125,0.125
97,97.0,97.35400682553151,0.125,0.125,0.125,0.125,0.125,0.125,0.125,0.125
98,98.0,98.41010623833246,0.125,0.125,0.125,0.125,0.125,0.125,0.125,0.125
99,99.0,99.46349464746999,0.125,0.125,0.125,0.125,0.125,0.125,0.125,0.125
100,100.0,100.51390926921906,0.125,0.125,0.125,0.125,0.125,0.125,0.125,0.125
101,101.0,101.56114333610103,0.125,0.125,0.125,0.125,0.125,0.125,0.125,0.125
102,102.0,102.60504256293379,0.125,0.125,0.125,0.125,0.125,0.125,0.125,0.125
103,103.0,103.64550144145394,0.125,0.125,0.125,0.125,0.125,0.125,0.125,0.125
104,104.0,104.68245941770755,0.125,0.125,0.125,0.125,0.125,0.125,0.125,0.125
105,105.0,105.7158970021587,0.125,0.125,0.125,0.125,0.125,0.125,0.125,0.125
106,106.0,106.74583185814316,0.125,0.125,0.125,0.125,0.125,0.125,0.125,0.125
107,107.0,107.77231490994774,0.125,0.125,0.125,0.125,0.125,0.125,0.125,0.125
108,108.0,108.7954265074724,0.125,0.125,0.125,0.125,0.125,0.125,0.125,0.125
109,109.0,109.81527268016985,0.125,0.125,0.125,0.125,0.125,0.125,0.125,0.125
110,110.0,110.83198150879588,0.125,0.125,0.125,0.125,0.125,0.125,0.125,0.125
111,111.0,111.84569963947133,0.125,0.125,0.125,0.125,0.125,0.125,0.125,0.125
112,112.0,112.85658896068452,0.125,0.125,0.125,0.125,0.125,0.125,0.125,0.125
113,113.0,113.86482346016955,0.125,0.125,0.125,0.125,0.125,0.125,0.125,0.125
114,114.0,114.87058627510437,0.125,0.125,0.125,0.125,0.125,0.125,0.125,0.125
115,115.0,115.87406694579468,0.125,0.125,0.125,0.125,0.125,0.125,0.125,0.125
116,116.0,116.87545887995802,0.125,0.125,0.125,0.125,0.125,0.125,0.125,0.125
117,117.0,117.87495703190544,0.125,0.125,0.125,0.125,0.125,0.125,0.125,0.125
118,118.0,118.87275579833906,0.125,0.125,0.125,0.125,0.125,0.125,0.125,0.125
119,119.0,119.86904713014593,0.125,0.125,0.125,0.125,0.125,0.125,0.125,0.125
120,120.0,120.86401885747065,0.125,0.125,0.125,0.125,0.125,0.125,0.125,0.125
121,121.0,121.85785322348819,0.125,0.125,0.125,0.125,0.125,0.125,0.125,0.125
122,122.0,122.8507256206691,0.125,0.125,0.125,0.125,0.125,0.125,0.125,0.125
123,123.0,123.84280352192522,0.125,0.125,0.125,0.125,0.125,0.125,0.125,0.125
124,124.0,124.83424559783649,0.125,0.125,0.125,0.125,0.125,0.125,0.125,0.125
125,125.0,125.82520101017826,0.125,0.125,0.125,0.125,0.125,0.125,0.125,0.125
126,126.0,126.81580887118407,0.125,0.125,0.125,0.125,0.125,0.125,0.125,0.125
127,127.0,127.80619785737746,0.125,0.125,0.125,0.125,0.125,0.125,0.125,0.125
128,128.0,128.79648596637773,0.125,0.125,0.125,0.125,0.125,0.125,0.125,0.125
129,129.0,129.7867804048142,0.125,0.125,0.125,0.125,0.125,0.125,0.125,0.125
130,130.0,130.7771775953589,0.125,0.125,0.125,0.125,0.125,0.125,0.125,0.125
131,131.0,131.76776329089552,0.125,0.125,0.125,0.125,0.125,0.125,0.125,0.125
132,132.0,132.7586127839695,0.125,0.125,0.125,0.125,0.125,0.125,0.125,0.125
133,133.0,133.74979119989644,0.125,0.125,0.125,0.125,0.125,0.125,0.125,0.125
134,134.0,134.74135386223168,0.125,0.125,0.125,0.125,0.125,0.125,0.125,0.125
135,135.0,135.73334671971108,0.125,0.125,0.125,0.125,0.125,0.125,0.125,0.125
136,136.0,136.72580682424544,0.125,0.125,0.125,0.125,0.125,0.125,0.125,0.125
137,137.0,137.71876285008392,0.125,0.125,0.125,0.125,0.125,0.125,0.125,0.125
138,138.0,138.7122356448377,0.125,0.125,0.125,0.125,0.125,0.125,0.125,0.125
139,139.0,139.70623880366776,0.125,0.125,0.125,0.125,0.125,0.125,0.125,0.125
140,140.0,140.7007792585781,0.125,0.125,0.125,0.125,0.125,0.125,0.125,0.125
141,141.0,141.69585787541163,0.125,0.125,0.125,0.125,0.125,0.125,0.125,0.125
142,142.0,142.69147005180773,0.125,0.125,0.125,0.125,0.125,0.125,0.125,0.125
143,143.0,143.6876063100461,0.125,0.125,0.125,0.125,0.125,0.125,0.125,0.125
144,144.0,144.6842528793602,0.125,0.125,0.125,0.125,0.125,0.125,0.125,0.125
145,145.0,145.6813922629493,0.125,0.125,0.125,0.125,0.125,0.125,0.125,0.125
146,146.0,146.67900378554995,0.125,0.125,0.125,0.125,0.125,0.125,0.125,0.125
147,147.0,147.67706411803505,0.125,0.125,0.125,0.125,0.125,0.125,0.125,0.125
148,148.0,148.6755477760913,0.125,0.125,0.125,0.125,0.125,0.125,0.125,0.125
149,149.0,149.67442759058102,0.125,0.125,0.125,0.125,0.125,0.125,0.125,0.125
150,150.0,150.67367514771595,0.125,0.125,0.125,0.125,0.125,0.125,0.125,0.125
151,151.0,151.67326119766022,0.125,0.125,0.125,0.125,0.125,0.125,0.125,0.125
152,152.0,152.6731560306335,0.125,0.125,0.125,0.125,0.125,0.125,0.125,0.125
153,153.0,153.6733298200031,0.125,0.125,0.125,0.125,0.125,0.125,0.125,0.125
154,154.0,154.6737529322357,0.125,0.125,0.125,0.125,0.125,0.125,0.125,0.125
155,155.0,155.67439620392267,0.125,0.125,0.125,0.125,0.125,0.125,0.125,0.125
156,156.0,156.67523118640173,0.125,0.125,0.125,0.125,0.125,0.125,0.125,0.125
157,157.0,157.6762303587689,0.125,0.125,0.125,0.125,0.125,0.125,0.125,0.125
158,158.0,158.67736731031164,0.125,0.125,0.125,0.125,0.125,0.125,0.125,0.125
159,159.0,159.678616893597,0.125,0.125,0.125,0.125,0.125,0.125,0.125,0.125
160,160.0,160.67995534961784,0.125,0.125,0.125,0.125,0.125,0.125,0.125,0.125
161,161.0,161.68136040654042,0.125,0.125,0.125,0.125,0.125,0.125,0.125,0.125
162,162.0,162.68281135370535,0.125,0.125,0.125,0.125,0.125,0.125,0.125,0.125
163,163.0,163.68428909261672,0.125,0.125,0.125,0.125,0.125,0.125,0.125,0.125
164,164.0,164.68577616671078,0.125,0.125,0.125,0.125,0.125,0.125,0.125,0.125
165,165.0,165.68725677172833,0.125,0.125,0.125,0.125,0.125,0.125,0.125,0.125
166,166.0,166.68871674852684,0.125,0.125,0.125,0.125,0.125,0.125,0.125,0.125
167,167.0,167.69014356016027,0.125,0.125,0.125,0.125,0.125,0.125,0.125,0.125
168,168.0,168.69152625502872,0.125,0.125,0.125,0.125,0.125,0.125,0.125,0.125
169,169.0,169.69285541786005,0.125,0.125,0.125,0.125,0.125,0.125,0.125,0.125
170,170.0,170.69412311022964,0.125,0.125,0.125,0.125,0.125,0.125,0.125,0.125
171,171.0,171.69532280225997,0.125,0.125,0.125,0.125,0.125,0.125,0.125,0.125
172,172.0,172.69644929706467,0.125,0.125,0.125,0.125,0.125,0.125,0.125,0.125
173,173.0,173.69749864941826,0.125,0.125,0.125,0.125,0.125,0.125,0.125,0.125
174,174.0,174.6984680800423,0.125,0.125,0.125,0.125,0.125,0.125,0.125,0.125
175,175.0,175.6993558868035,0.125,0.125,0.125,0.125,0.125,0.125,0.125,0.125
176,176.0,176.70016135402054,0.125,0.125,0.125,0.125,0.125,0.125,0.125,0.125
177,177.0,177.7008846609757,0.125,0.125,0.125,0.125,0.125,0.125,0.125,0.125
178,178.0,178.70152679062556,0.125,0.125,0.125,0.125,0.125,0.125,0.125,0.125
179,179.0,179.7020894394042,0.125,0.125,0.125,0.125,0.125,0.125,0.125,0.125
180,180.0,180.70257492891093,0.125,0.125,0.125,0.125,0.125,0.125,0.125,0.125
181,181.0,181.70298612017785,0.125,0.125,0.125,0.125,0.125,0.125,0.125,0.125
182,182.0,182.70332633111636,0.125,0.125,0.125,0.125,0.125,0.125,0.125,0.125
183,183.0,183.70359925764984,0.125,0.125,0.125,0.125,0.125,0.125,0.125,0.125
184,184.0,184.70380889895347,0.125,0.125,0.125,0.125,0.125,0.125,0.125,0.125
185,185.0,185.70395948713718,0.125,0.125,0.125,0.125,0.125,0.125,0.125,0.125
186,186.0,186.70405542163115,0.125,0.125,0.125,0.125,0.125,0.125,0.125,0.125
187,187.0,187.70410120845943,0.125,0.125,0.125,0.125,0.125,0.125,0.125,0.125
188,188.0,188.7041014045203,0.125,0.125,0.125,0.125,0.125,0.125,0.125,0.125
189,189.0,189.70406056692985,0.125,0.125,0.125,0.125,0.125,0.125,0.125,0.125
190,190.0,190.70398320742916,0.125,0.125,0.125,0.125,0.125,0.125,0.125,0.125
191,191.0,191.70387375180422,0.125,0.125,0.125,0.125,0.125,0.125,0.125,0.125
192,192.0,192.70373650422377,0.125,0.125,0.125,0.125,0.125,0.125,0.125,0.125
193,193.0,193.70357561635913,0.125,0.125,0.125,0.125,0.125,0.125,0.125,0.125
194,194.0,194.70339506111736,0.125,0.125,0.125,0.125,0.125,0.125,0.125,0.125
195,195.0,195.70319861078858,0.125,0.125,0.125,0.125,0.125,0.125,0.125,0.125
196,196.0,196.7029898193848,0.125,0.125,0.125,0.125,0.125,0.125,0.125,0.125
197,197.0,197.70277200892758,0.125,0.125,0.125,0.125,0.125,0.125,0.125,0.125
198,198.0,198.70254825942678,0.125,0.125,0.125,0.125,0.125,0.125,0.125,0.125
199,199.0,199.7023214022818,0.12458333333333334,0.12458333333333334,0.12458333333333334,0.12791666666666668,0.12458333333333334,0.12458333333333334,0.12458333333333334,0.12458333333333334
200,200.0,200.70209401682848,0.12380972222222222,0.12380972222222222,0.12592083333333334,0.13022083333333334,0.12380972222222222,0.12380972222222222,0.12380972222222222,0.12480972222222222
201,201.0,201.7018684297522,0.12270668813131314,0.12361577904040405,0.12790779924242424,0.13193277904040407,0.12381779924242425,0.12270668813131314,0.12270668813131314,0.12460577904040405
202,202.0,202.70164671708608,0.12134724410353535,0.12308057743686869,0.1303308794570707,0.13313879834595962,0.12344724410353537,0.12134724410353535,0.12234724410353535,0.12496076834595962
203,203.0,203.7014307085157,0.11984541189763986,0.12232246084868882,0.13335362257596153,0.13403810745777975,0.12291441189763988,0.11984541189763986,0.12183541189763986,0.12584516152701053
204,204.0,204.70122199371716,0.11811854944159816,0.1212621499810587,0.1367342586759072,0.13557858588032137,0.1221289594415982,0.11811854944159816,0.12107964944159816,0.12697929769632016
205,205.0,205.7010219304613,0.11633794964150657,0.1201214391765715,0.14090234572195634,0.13681875441132943,0.12125552454150659,0.11633794964150657,0.12024342864150656,0.12798260822411658
206,206.0,206.70083165422642,0.11453588313886187,0.1196431521603344,0.14475563956721998,0.13870351508191991,0.1203207306998619,0.11453588313886187,0.11935224844886186,0.12815294776407835
207,207.0,207.7006520890728,0.11256841470484327,0.11972810048595584,0.14789477890101632,0.14109408321595085,0.11908505009422422,0.11347750561393419,0.11816550494983417,0.1279865620342413
208,208.0,208.7004839595438,0.11130480949997863,0.11959538486226745,0.15060006417143054,0.1431716833414488,0.11779151095763199,0.11239961469478385,0.11692520466063483,0.1282117278118241
209,209.0,209.70032780337226,0.10992410546518942,0.11919957569691397,0.1532934306626994,0.14480136506254093,0.11638609893681096,0.11207553836562235,0.11557637066543738,0.12874351514478583
210,210.0,210.70018398478413,0.10854234835772716,0.11866293985786193,0.15608038695510457,0.14687619755379572,0.11494172713144628,0.11166670505769391,0.11419101636584766,0.12903867872052305
211,211.0,211.700052708207,0.10723156186035812,0.11806384416876008,0.15853591541561335,0.14875481132982538,0.11353483604247029,0.1118570274696267,0.11284474813972512,0.12917725557362125
212,212.0,212.69993403220553,0.10602716854175256,0.11750276086562207,0.16078625060163385,0.15049686565380382,0.11220515827383977,0.11211409857002114,0.11157653182669015,0.1292911656666369
213,213.0,213.69982788348216,0.10493057301722018,0.11698149954288291,0.16182940848875468,0.15209859592769645,0.11095826927120649,0.11242867277902713,0.11139124439856435,0.1293817365746481
214,214.0,214.69973407079627,0.10388701640765391,0.11668876980320927,0.16317750672982612,0.15330227299802862,0.10883432308396106,0.11248715873899814,0.111227500786193,0.1303954514521301
215,215.0,215.699652298671,0.1027984645476449,0.11614906101958028,0.16519233062859218,0.15401298341808684,0.10749061420394439,0.1123117119386853,0.11090586062835886,0.13113897361510748
216,216.0,216.69958218077159,0.10161709901763402,0.11543911320587277,0.16866032777856413,0.1543636093893906,0.10609101919269695,0.11199165761129758,0.11040106591192247,0.1314361078926217
217,217.0,217.6995232528544,0.10172398482349836,0.11518882867791927,0.17180032853895394,0.15414072853662664,0.10449192140547757,0.1118382902385161,0.10957933943799228,0.131236578341016
218,218.0,218.69947498520037,0.10170432757986783,0.11481507430834251,0.17477180069844883,0.15359133367270156,0.10288233304641481,0.11207112642149498,0.1086377418497954,0.13152626242293428
219,219.0,219.69943679445973,0.10162153796948344,0.11435850871175496,0.1770522748533271,0.1527465638153963,0.10130453779577658,0.11310285518403007,0.10768050728182574,0.13213321438840597
220,220.0,220.69940805484856,0.10269098389409287,0.11398072314485197,0.17857834289269617,0.15106353149735033,0.09992053753478351,0.11417082946283134,0.10686817501729698,0.13272687655609702
221,221.0,221.69938810865,0.10382123350695856,0.11364471232199416,0.17988567881885947,0.1493300474380158,0.09865927893308893,0.11524414417297033,0.1061288643145182,0.13328604049359474
222,222.0,222.69937627598483,0.10564703047156852,0.11317951002001467,0.1817237523403353,0.1476656208387178,0.09738428488712228,0.11600775753622676,0.10532585060068458,0.13306619330533032
223,223.0,223.69937186382631,0.10747826359211954,0.11270966753498345,0.18323142916848734,0.1459464201053492,0.0962174282376777,0.11708147760591983,0.10458128366994718,0.132754030085516
224,224.0,224.69937417424538,0.10952276676218604,0.11272306544961624,0.18471808729999203,0.14425483084889323,0.09527270930158503,0.11806984340120638,0.1041497701431515,0.13128892679336976
225,225.0,225.6993825118801,0.11041489552124341,0.1126162766398312,0.1855928849345957,0.14415715245320995,0.09432976723927575,0.11974047992107374,0.10359509385594534,0.1295534494348251
226,226.0,226.6993961906325,0.11141658369611473,0.11233157357402901,0.18590096692464678,0.14361946424112632,0.09416160455228256,0.12103456297856606,0.10286961453627573,0.12866562949695898
227,227.0,227.6994145396034,0.1121893317373225,0.11252060335499531,0.1863543536673221,0.14224561474185385,0.09462045264935086,0.1224216467324614,0.10202825910255683,0.1276197380141373
228,228.0,228.69943690828117,0.11259270263572367,0.11236897568124704,0.18664601579528045,0.14119540378469966,0.09548592469467064,0.12348617206838934,0.10096082521699139,0.12726398012299794
229,229.0,229.69946267100835,0.11284475146512761,0.11219954158781396,0.1873579082764114,0.14010105139497958,0.09638012714090666,0.12432718094364484,0.09992256808211225,0.1268668711090038
230,230.0,230.6994912307527,0.11291514339793257,0.11247361061434648,0.18840555600547068,0.1381792327629041,0.0971657461469192,0.12491516959274943,0.09987398684372753,0.12607155463595016
231,231.0,231.6995220222151,0.11276955178924457,0.11337806612991992,0.18937147179793767,0.13615145680444415,0.0978077942911386,0.1252224111481482,0.10030604305768709,0.12499320498147995
232,232.0,232.6995545143091,0.11203066161042635,0.11418540727539764,0.19061004090390038,0.13411444322886376,0.09883060352995282,0.12530441865857803,0.10121831003569667,0.12370611475718454
233,233.0,233.69958821205066,0.11143289835053377,0.11624286891520172,0.1918380268760022,0.12999860366833993,0.10052193844673579,0.12528048310838813,0.10219224072189421,0.12249293991290434
234,234.0,234.69962265789752,0.11059977152576622,0.1184407023796538,0.1928769981878971,0.12658619043871167,0.10186747192819236,0.124995065193779,0.10304004180984297,0.12159375853615698
235,235.0,235.69965743258072,0.10962418982505782,0.12047352835754394,0.19391914501932317,0.12319372650824291,0.10300474867893417,0.1245650765264057,0.10455012817908405,0.12066945690540837
236,236.0,236.6996921554698,0.10853301983587503,0.12286709927048722,0.1949603461766308,0.11999675660677954,0.10394791838922206,0.1240099089888533,0.10595212688875225,0.11973282384339988
237,237.0,237.69972648451525,0.10680618139146524,0.12576196356485958,0.19593018222614506,0.11690576815652134,0.10479059984669714,0.1233780638033587,0.10731727966127876,0.11910996134967425
238,238.0,238.69976011581102,0.10505867730187077,0.1286152538307594,0.19672594517273542,0.11395346176544131,0.10554358264214148,0.12278367333198571,0.10860294540603332,0.11871646054903266
239,239.0,239.69979278281912,0.10325911701474588,0.1315065453019864,0.19734291724535058,0.11106779542788996,0.10737049937961719,0.12211694246920163,0.10972696822111179,0.11760921494009662
240,240.0,240.6998242552982,0.10199790203727249,0.1341534830827868,0.19780404404293198,0.10828301502762398,0.109000160498208,0.12140184002459194,0.11072960111085935,0.11662995417572555
241,241.0,241.69985433797638,0.1006926755231063,0.13632907664306962,0.1986345479167848,0.1056051570744695,0.11037682519917341,0.1206393393764974,0.11157725251603005,0.11614512575086901
242,242.0,242.69988286900698,0.0998743829545503,0.13823330764388694,0.19950109088244816,0.10304792695086598,0.11121123282647269,0.11980767836762046,0.11158964248372832,0.11673473789042726
243,243.0,243.69990971824447,0.09874540151967168,0.14007093816238764,0.2000777139059119,0.100786557748699,0.11202204805879265,0.1190686249009202,0.11199665180562889,0.11723206389798818
244,244.0,244.69993478537577,0.09776258377926973,0.14168110535862405,0.20029759932770083,0.09892691384724342,0.11270333239537642,0.11863572123507948,0.11229420324638426,0.11769854081032197
245,245.0,245.69995799794017,0.09683678210621226,0.14308146097598254,0.2004542996626554,0.09721278918049547,0.11327124117060791,0.1184992340471659,0.11249993566753103,0.11814425718934961
246,246.0,246.69997930926877,0.09575237344473696,0.1444412375055375,0.20146365621325196,0.09580218585574887,0.11398805924791752,0.11928815248247916,0.11097891101159806,0.11828542423873008
247,247.0,247.6999986963718,0.09472481715905495,0.14561822109809971,0.20276314658525713,0.09428897580216897,0.11459151180610862,0.11996711394941059,0.10964949549333294,0.11839671810656717
248,248.0,248.7000161578008,0.09365852792163651,0.14659836769088935,0.2039958459278934,0.09292077401539714,0.11509158137619163,0.12005253454233908,0.1082669131152423,0.11941545541041068
249,249.0,249.70003171150887,0.09236874080212314,0.1476205984810211,0.205384894736052,0.09193807171195666,0.1145591345049495,0.12013048567532746,0.10776070712563432,0.12023736696293591
250,250.0,250.70004539273106,0.09106598105944172,0.14850102349827646,0.2065329783290084,0.09114268672396583,0.1139703921350424,0.12021246655755335,0.10726594677537205,0.1213085249213399
251,251.0,251.70005725190373,0.08983685123028691,0.149219270430932,0.20736292110378698,0.09050028551337728,0.11331331558365354,0.12024961375191326,0.10676287944764119,0.12275486293840897
252,252.0,252.7000673526401,0.08893500135044925,0.15055206599303486,0.20788985173123772,0.09000062840235208,0.11259994372224043,0.1206694445094841,0.10625600120126134,0.12309706308994035
253,253.0,253.70007576977642,0.0880660385914975,0.15222282606512239,0.20911498265278777,0.08900148542047395,0.11174337790802201,0.12099174864118789,0.10565110001816364,0.12320844070274502
254,254.0,254.70008258750136,0.0872844173020586,0.15375013881334587,0.21036799844862403,0.08814126178247889,0.11086500717699757,0.12127091785244673,0.10506253118642736,0.12325772743762109
255,255.0,255.70008789757875,0.08650361091651115,0.154319732527428,0.21237593676902464,0.08736814915376634,0.10991645657874528,0.12181322393176602,0.10444802852264158,0.12325486160011709
256,256.0,256.70009179767266,0.08571994157168485,0.1546360001861789,0.21430531716371756,0.08666382189366532,0.10943473819095273,0.12227208038720763,0.10379898477061923,0.12316911583597388
257,257.0,257.7000943897804,0.08502051314305746,0.1548071776248887,0.21617708694612686,0.0861011546045884,0.10860623426182088,0.12309378316053765,0.10318482683014941,0.12300922342883078
258,258.0,258.7000957787796,0.0843777422373857,0.15481892351464557,0.2181492379073125,0.08559486149594334,0.10776951170050025,0.12370722225647926,0.10255659350823321,0.12302590737950031
259,259.0,259.7000960710911,0.08375498124575989,0.15519243318988432,0.21995881877138707,0.08511162530191822,0.106843243177655,0.12411282307220622,0.1021868509449983,0.12283922429619112
260,260.0,260.70009537346056,0.08319855692017114,0.1554562110982574,0.22169635917868197,0.08469525180840834,0.10593060325100265,0.12436515399645778,0.10181615517705453,0.1228417085699663
261,261.0,261.7000937918584,0.08269504019291116,0.15558881139021982,0.22385219459464054,0.08464681655899728,0.1050328030167591,0.12466951374646179,0.10076265924942426,0.12275216125058616
262,262.0,262.7000914304979,0.0822428226799586,0.15559974117985956,0.2263040435167764,0.08462713699516472,0.10415629433428897,0.1247907912477446,0.09970270827655436,0.12257646176965287
263,263.0,263.70008839096846,0.08183997607552095,0.15549883158934766,0.22758381600429564,0.0846307204119684,0.10330669459930614,0.12520425981621894,0.09894816076002957,0.12298754074331279
264,264.0,264.7000847714823,0.08148430394033908,0.1552961069361087,0.22883344632742705,0.08465245344261382,0.10248881473397425,0.12544012529671178,0.09848613824187664,0.12331861108094876
265,265.0,265.70008066622995,0.08118707940125999,0.15501535343538175,0.23007656015484354,0.08472651635562517,0.10172038086573129,0.12560529162847642,0.09806351512530179,0.12360530303338012
266,266.0,266.70007616484054,0.08093118612882941,0.15465210512924585,0.231072260563533,0.08480720411355328,0.10099016643912999,0.12560374001141225,0.0979181572056002,0.12402518040869609
267,267.0,267.70007135194163,0.08076146223617969,0.15426384685266856,0.23157093713470916,0.08493806940131828,0.10111023853515247,0.12549259883117003,0.0980255829636891,0.12383726404511275
268,268.0,268.7000663068132,0.08101921390821146,0.15367808526300383,0.2318891910799157,0.0849333396174652,0.10113082592831849,0.12512418689767618,0.0985640595995231,0.1236610977058861
269,269.0,269.7000611031294,0.08131772930365772,0.15306420534174156,0.2322397567557925,0.08494167868372446,0.1011901421268176,0.12468450923088761,0.09909312734867233,0.12346885120870625
270,270.0,270.7000558087828,0.08164143713056994,0.1526668133140526,0.2334342302651324,0.08494806542507703,0.10056500724084619,0.12414558248415215,0.09959411252227562,0.12300475161789405
271,271.0,271.700050485783,0.0819867597065172,0.1522442538708251,0.23448776450155945,0.08495747116922363,0.09997148004016523,0.12352409749484464,0.10031414780706803,0.12251402540979675
272,272.0,272.70004519022535,0.08222852223145005,0.15167161621256997,0.23566138662371527,0.08484503329981033,0.0992966964974935,0.12268382794182175,0.10075651832713613,0.12285639886600302
273,273.0,273.70003997232124,0.08140050418721714,0.1513841905939003,0.23714450171390164,0.08470510446144251,0.0986597131177178,0.12265666297198802,0.10100866652537359,0.12304065642845906
274,274.0,274.7000348764843,0.08059067374015799,0.1511909499091079,0.23931652711673984,0.08460272240231731,0.09861416651513749,0.12262210469795574,0.10124794469093815,0.12181491092764563
275,275.0,275.70002994146625,0.0796961801829589,0.15151248889852081,0.24121507669470624,0.08438700279275303,0.09838784262159632,0.12244783049534597,0.10185787202791402,0.12049570628620476
276,276.0,276.7000252005353,0.07878307871209729,0.15169893780397992,0.2428849990277182,0.0841189059977224,0.09857511675409181,0.1224171790514467,0.10236821994208989,0.11915356271085382
277,277.0,277.7000206816921,0.07785705866351636,0.15177273441470313,0.2448416493568782,0.08379990638027492,0.09869412056523036,0.12248125889188459,0.10277657254445788,0.11777669918305464
278,278.0,278.7000164079163,0.07692179547348085,0.15219927232655717,0.24650435600463633,0.0834302975135775,0.09874857564229861,0.12240930206303614,0.10328925121244,0.11649714976397346
279,279.0,279.7000123974389,0.0765611678457409,0.15274767263436695,0.24777505750962778,0.08300312362719856,0.09868381035718876,0.12241345515310004,0.10366002947536389,0.11515568339741318
280,280.0,280.7000086640349,0.07624397836956863,0.15327061457244107,0.24888221782288825,0.08257943523998763,0.09863651530715511,0.12256200613274308,0.10396887058980353,0.11385636196541273
281,281.0,281.7000052173309,0.07594880871890276,0.15396204925297233,0.25001036681375344,0.0821418538720705,0.09854564432182453,0.12262738817474794,0.10417685643588558,0.11258703240984297
282,282.0,282.70000206312403,0.07512413819018122,0.15383240296065132,0.2513775801440564,0.08173111711483774,0.09890520119220023,0.122649439890948,0.10523476004295444,0.11114536046417067
283,283.0,283.6999992037066,0.07473043774861624,0.15346706542524838,0.2526489306786648,0.08133262792926561,0.09921093043177943,0.12263238575854249,0.10622281830136839,0.10975480372651472
284,284.0,284.69999663819385,0.07470355091579366,0.15285441651846543,0.254332034664016,0.08091491920669888,0.09939301171586493,0.12237045577445313,0.10710644538260133,0.10832516582210669
285,285.0,285.6999943628504,0.07464314428262271,0.15201740434597497,0.25568876672111585,0.08048096679231564,0.1000136333025092,0.12241254476198643,0.10788059324533297,0.10686294654814227
286,286.0,286.69999237141286,0.07450540182868168,0.15129213614235718,0.2577049424136092,0.07998977651346709,0.10050396764310049,0.12225711666420289,0.10834938286037407,0.1053972759342074
287,287.0,287.6999906554049,0.07429114945992435,0.1501593253901911,0.259910503567842,0.07944451997678803,0.10079727266928835,0.12233941213445594,0.10931859147284245,0.10373922532866772
288,288.0,288.6999892044437,0.07421764604838606,0.14894490554603818,0.2621167421826592,0.07955956152552288,0.10094363357713773,0.1222311730754399,0.10997326312353342,0.10201307492128253
289,289.0,289.6999880065341,0.07405408562357726,0.14749725469431638,0.26439933619178757,0.07954792551307154,0.10090755283568127,0.12240956414802441,0.11095790411697021,0.10022637687657124
290,290.0,290.6999870483502,0.07370310011589586,0.14585901704510562,0.2663434716208364,0.07929418315591902,0.10106455298751824,0.12225599814021632,0.11320749943857637,0.09827217749593209
291,291.0,291.6999863155012,0.073176657629545,0.14444404595399385,0.26775545124728223,0.07881484817373682,0.10153709895724394,0.12318295036968273,0.11485355451095029,0.09623539315756498
292,292.0,292.69998579278206,0.0724126920357984,0.1451971507358269,0.2690536202208662,0.07809491912495127,0.10121294094538025,0.12374325789372098,0.11621018090917623,0.09407523813427966
293,293.0,293.69998546440706,0.07143451146839777,0.14554723230127128,0.2707365020849861,0.0771147901251121,0.10056388626662709,0.1247077158892842,0.11714502947985898,0.09275033238446234
294,294.0,294.6999853142255,0.0704288554300229,0.14647149863441472,0.27188043487364727,0.07623381172540858,0.10017970144302084,0.12554056506003383,0.11776983653531731,0.09149529629813441
295,295.0,295.6999853259198,0.06937364175532534,0.14812994228884338,0.2727716270558139,0.0752969708648809,0.0997032946515633,0.12635875506702746,0.11820087975943941,0.09016488855710617
296,296.0,296.69998548318546,0.06836511097732628,0.14976189249817778,0.27417442898775995,0.07395680067142163,0.09874735090052564,0.1270911319403579,0.11890485493067,0.08899842909376064
297,297.0,297.6999857698927,0.06738107688927147,0.15166642675716263,0.27542569301914155,0.07265461589179462,0.09768973967135702,0.12775036055064645,0.11948791184876804,0.08794417537185806
298,298.0,298.6999861702303,0.06664128412749057,0.1534504694085607,0.2763275431303035,0.0714513757333279,0.09655883750888546,0.12844020226493919,0.11966484219466489,0.08746544563182763
299,299.0,299.6999866688318,0.06584914817772744,0.15604210263080184,0.2769207469117747,0.07070739740768914,0.09528150429339192,0.1291310934332343,0.11913324481860493,0.08693476232677552
300,300.0,300.6999872508849,0.06502024872795126,0.15895135890853654,0.27726144647592227,0.06993641273911595,0.094243145242666,0.12982788484631186,0.11824504830809394,0.08651445475140201
301,301.0,301.69998790222377,0.06421811188347627,0.1621838692497287,0.27729856742997167,0.06923051632152184,0.09313199371107247,0.13041084975132705,0.1172814176609992,0.08624467399190267
302,302.0,302.69998860940655,0.06330006143939865,0.1653064067207518,0.27722379967735367,0.06859698358379952,0.09207706189374079,0.13113098479054136,0.11628701905046193,0.08607768284395219
303,303.0,303.69998935977696,0.062389786471732295,0.16872613226999722,0.2769656092914863,0.06795899262680949,0.09102289468573128,0.13168335529438735,0.11537196618211164,0.08588126317774439
304,304.0,304.69999014151256,0.061496862065514,0.17169701308378488,0.27640441677094174,0.06796581814015824,0.08998142363140954,0.13242097921631032,0.11437046208865431,0.08566302500322691
305,305.0,305.6999909436595,0.060605129788869415,0.17472377892466992,0.27607594350415704,0.06796850555319833,0.0889254384830749,0.13297423859587296,0.11330513679375229,0.08542182835640515
306,306.0,306.69999175615516,0.05978796346940434,0.17756902031707245,0.27559180513289044,0.0680226608907043,0.08794059880005388,0.13345697681820246,0.11224824475937312,0.08538272981229905
307,307.0,307.69999256983965,0.05909142571349661,0.17949284530955473,0.27539298127364725,0.06799883450198925,0.08707173921829972,0.13479339291457892,0.11075322862992142,0.0854055524385121
308,308.0,308.6999933764573,0.05855074145924038,0.18112149792882215,0.2749667592454753,0.06875116333618954,0.08619587231381891,0.1358570668575325,0.10918114737627196,0.08537575148264923
309,309.0,309.6999941686487,0.058043397714915373,0.18284552356989703,0.2744862228765994,0.06948381868029437,0.08536024608995896,0.13673336332182662,0.10759410615852938,0.08545332158797883
310,310.0,310.6999949399344,0.057570765486434666,0.1841095352634214,0.27409180111566417,0.07019019744552865,0.08456902961487493,0.13742876394806072,0.10600761173739001,0.08603229538862539
311,311.0,311.6999956846922,0.05712509841304948,0.185429218234864,0.2735869500843233,0.07085883286370975,0.08382254220913575,0.13821445978887442,0.10442984390509547,0.08653305450094775
312,312.0,312.6999963981273,0.056715144471428725,0.18632541661888677,0.2730136160945407,0.07149042521393728,0.08312587373339154,0.13899728727506838,0.10287873552612434,0.08745350106662218
313,313.0,313.69999707623765,0.05634954969697256,0.18732172799655117,0.27215679115174324,0.07209424582321299,0.08243043178403638,0.13964742487827453,0.10169961211742427,0.08830021655178479
314,314.0,314.69999771577454,0.05599207499590446,0.18790711378161576,0.27129087113512035,0.07296784811334524,0.08200611024256663,0.1401713371564135,0.1005427936068427,0.08912185096819127
315,315.0,315.6999983142,0.05569193652929782,0.188795634132082,0.2704763051506198,0.07382173299626132,0.081653308221139,0.14061211108806462,0.09947290537323304,0.0894760665093023
316,316.0,316.699998869641,0.05542802810141164,0.1897380168262011,0.26966022949791346,0.07463373718467056,0.08135002783100269,0.14094801596574946,0.09847635709205103,0.08976558750100004
317,317.0,317.69999938084135,0.05517067840025454,0.19059546507091102,0.268903200113803,0.07538405419933979,0.08131306228527697,0.14114265335415224,0.09752982509890469,0.08996106147735779
318,318.0,318.69999984711336,0.05489811088633549,0.19156032550771512,0.26815100046267726,0.0760425823823752,0.08118456835015032,0.1411931252740111,0.09690216936953686,0.09006811776719871
319,319.0,319.700000268287,0.05462994979088324,0.19203836580223296,0.26744695716728817,0.07661854082614802,0.08105815246821056,0.1411187844808769,0.09660392749880711,0.09048532196555308
320,320.0,320.7000006446604,0.054366779363654145,0.1919654507612508,0.2669593592169687,0.07711254630871131,0.08152157689138127,0.14092979255985183,0.09632976869345573,0.09081472620472628
321,321.0,321.7000009769499,0.05410662728101246,0.1917324230126442,0.2669264900436169,0.07753437057038058,0.08208914128898502,0.14047632872533733,0.0960939924898773,0.09104062658814624
322,322.0,322.7000012662409,0.054013608113925915,0.1916538822165791,0.267304010431592,0.07829159264116768,0.08293767389537252,0.13961634803418188,0.09480660620557477,0.09137627846160612
323,323.0,323.70000151394044,0.05390489430481723,0.1915144249207408,0.2684366180535327,0.07886932992868413,0.08371701564046372,0.13880097792810447,0.09315064709635298,0.09160609212730397
324,324.0,324.7000017217306,0.053543453913447794,0.19188637502441003,0.26967943461991845,0.07940806964304258,0.08444235860579498,0.13794390754264993,0.09130919853655169,0.09178720211418456
325,325.0,325.7000018915244,0.05316114776352549,0.19200826730464657,0.2709718279100207,0.08034537148980773,0.08500886016521447,0.13701341108371304,0.08944519091855072,0.09204592336452125
326,326.0,326.7000020254236,0.0527682598965602,0.19215312077638197,0.2721333003854599,0.08162666955352807,0.08547315471573605,0.1360305280932614,0.08758493075580008,0.09223003582327231
327,327.0,327.7000021256787,0.05237864242204707,0.19217326174689164,0.27375027626960585,0.08271354963974714,0.08587390774127258,0.13500681684156926,0.08575521012024107,0.09234833521862537
328,328.0,328.70000219465146,0.051995248607980916,0.19224655850632355,0.27512594466980017,0.08361363114278891,0.08621305171942684,0.13395418270095882,0.08444675976570301,0.09240462288701777
329,329.0,329.7000022347804,0.05162700839542918,0.19240037318168385,0.276573295528788,0.08440761317158917,0.08649530567612902,0.13286729194923563,0.08320442443303012,0.09242468766411505
330,330.0,330.7000022485486,0.0512749041361311,0.19263102896419051,0.2779179375407789,0.08509586372616501,0.08672136633647723,0.13191740879250738,0.08203080296570066,0.09241068753804915
331,331.0,331.7000022384546,0.05098211319920673,0.192363950119952,0.2793515094804328,0.08583191915434522,0.08697639432533641,0.13102572662482453,0.08107033659182813,0.09239805050407408
