Total_iterations,Unnamed: 0.1,Intertwine_two,Add_vertex,Delete_vertex,Invert_path_vertices,Insert_inside_vertex,Delete_inside_vertex,Replace_inside_vertex,Donate_between_routes
0,0.0,0.125,0.125,0.125,0.125,0.125,0.125,0.125,0.125
1,1.0,0.125,0.125,0.125,0.125,0.125,0.125,0.125,0.125
2,2.0,0.125,0.125,0.125,0.125,0.125,0.125,0.125,0.125
3,3.0,0.125,0.125,0.125,0.125,0.125,0.125,0.125,0.125
4,4.0,0.125,0.125,0.125,0.125,0.125,0.125,0.125,0.125
5,5.0,0.125,0.125,0.125,0.125,0.125,0.125,0.125,0.125
6,6.0,0.125,0.125,0.125,0.125,0.125,0.125,0.125,0.125
7,7.0,0.125,0.125,0.125,0.125,0.125,0.125,0.125,0.125
8,8.0,0.125,0.125,0.125,0.125,0.125,0.125,0.125,0.125
9,9.0,0.125,0.125,0.125,0.125,0.125,0.125,0.125,0.125
10,10.0,0.125,0.125,0.125,0.125,0.125,0.125,0.125,0.125
11,11.0,0.125,0.125,0.125,0.125,0.125,0.125,0.125,0.125
12,12.0,0.125,0.125,0.125,0.125,0.125,0.125,0.125,0.125
13,13.0,0.125,0.125,0.125,0.125,0.125,0.125,0.125,0.125
14,14.0,0.125,0.125,0.125,0.125,0.125,0.125,0.125,0.125
15,15.0,0.125,0.125,0.125,0.125,0.125,0.125,0.125,0.125
16,16.0,0.125,0.125,0.125,0.125,0.125,0.125,0.125,0.125
17,17.0,0.125,0.125,0.125,0.125,0.125,0.125,0.125,0.125
18,18.0,0.125,0.125,0.125,0.125,0.125,0.125,0.125,0.125
19,19.0,0.125,0.125,0.125,0.125,0.125,0.125,0.125,0.125
20,20.0,0.125,0.125,0.125,0.125,0.125,0.125,0.125,0.125
21,21.0,0.125,0.125,0.125,0.125,0.125,0.125,0.125,0.125
22,22.0,0.125,0.125,0.125,0.125,0.125,0.125,0.125,0.125
23,23.0,0.125,0.125,0.125,0.125,0.125,0.125,0.125,0.125
24,24.0,0.125,0.125,0.125,0.125,0.125,0.125,0.125,0.125
25,25.0,0.125,0.125,0.125,0.125,0.125,0.125,0.125,0.125
26,26.0,0.125,0.125,0.125,0.125,0.125,0.125,0.125,0.125
27,27.0,0.125,0.125,0.125,0.125,0.125,0.125,0.125,0.125
28,28.0,0.125,0.125,0.125,0.125,0.125,0.125,0.125,0.125
29,29.0,0.125,0.125,0.125,0.125,0.125,0.125,0.125,0.125
30,30.0,0.125,0.125,0.125,0.125,0.125,0.125,0.125,0.125
31,31.0,0.125,0.125,0.125,0.125,0.125,0.125,0.125,0.125
32,32.0,0.125,0.125,0.125,0.125,0.125,0.125,0.125,0.125
33,33.0,0.125,0.125,0.125,0.125,0.125,0.125,0.125,0.125
34,34.0,0.125,0.125,0.125,0.125,0.125,0.125,0.125,0.125
35,35.0,0.125,0.125,0.125,0.125,0.125,0.125,0.125,0.125
36,36.0,0.125,0.125,0.125,0.125,0.125,0.125,0.125,0.125
37,37.0,0.125,0.125,0.125,0.125,0.125,0.125,0.125,0.125
38,38.0,0.125,0.125,0.125,0.125,0.125,0.125,0.125,0.125
39,39.0,0.125,0.125,0.125,0.125,0.125,0.125,0.125,0.125
40,40.0,0.125,0.125,0.125,0.125,0.125,0.125,0.125,0.125
41,41.0,0.125,0.125,0.125,0.125,0.125,0.125,0.125,0.125
42,42.0,0.125,0.125,0.125,0.125,0.125,0.125,0.125,0.125
43,43.0,0.125,0.125,0.125,0.125,0.125,0.125,0.125,0.125
44,44.0,0.125,0.125,0.125,0.125,0.125,0.125,0.125,0.125
45,45.0,0.125,0.125,0.125,0.125,0.125,0.125,0.125,0.125
46,46.0,0.125,0.125,0.125,0.125,0.125,0.125,0.125,0.125
47,47.0,0.125,0.125,0.125,0.125,0.125,0.125,0.125,0.125
48,48.0,0.125,0.125,0.125,0.125,0.125,0.125,0.125,0.125
49,49.0,0.125,0.125,0.125,0.125,0.125,0.125,0.125,0.125
50,50.0,0.125,0.125,0.125,0.125,0.125,0.125,0.125,0.125
51,51.0,0.125,0.125,0.125,0.125,0.125,0.125,0.125,0.125
52,52.0,0.125,0.125,0.125,0.125,0.125,0.125,0.125,0.125
53,53.0,0.125,0.125,0.125,0.125,0.125,0.125,0.125,0.125
54,54.0,0.125,0.125,0.125,0.125,0.125,0.125,0.125,0.125
55,55.0,0.125,0.125,0.125,0.125,0.125,0.125,0.125,0.125
56,56.0,0.125,0.125,0.125,0.125,0.125,0.125,0.125,0.125
57,57.0,0.125,0.125,0.125,0.125,0.125,0.125,0.125,0.125
58,58.0,0.125,0.125,0.125,0.125,0.125,0.125,0.125,0.125
59,59.0,0.125,0.125,0.125,0.125,0.125,0.125,0.125,0.125
60,60.0,0.125,0.125,0.125,0.125,0.125,0.125,0.125,0.125
61,61.0,0.125,0.125,0.125,0.125,0.125,0.125,0.125,0.125
62,62.0,0.125,0.125,0.125,0.125,0.125,0.125,0.125,0.125
63,63.0,0.125,0.125,0.125,0.125,0.125,0.125,0.125,0.125
64,64.0,0.125,0.125,0.125,0.125,0.125,0.125,0.125,0.125
65,65.0,0.125,0.125,0.125,0.125,0.125,0.125,0.125,0.125
66,66.0,0.125,0.125,0.125,0.125,0.125,0.125,0.125,0.125
67,67.0,0.125,0.125,0.125,0.125,0.125,0.125,0.125,0.125
68,68.0,0.125,0.125,0.125,0.125,0.125,0.125,0.125,0.125
69,69.0,0.125,0.125,0.125,0.125,0.125,0.125,0.125,0.125
70,70.0,0.125,0.125,0.125,0.125,0.125,0.125,0.125,0.125
71,71.0,0.125,0.125,0.125,0.125,0.125,0.125,0.125,0.125
72,72.0,0.125,0.125,0.125,0.125,0.125,0.125,0.125,0.125
73,73.0,0.125,0.125,0.125,0.125,0.125,0.125,0.125,0.125
74,74.0,0.125,0.125,0.125,0.125,0.125,0.125,0.125,0.125
75,75.0,0.125,0.125,0.125,0.125,0.125,0.125,0.125,0.125
76,76.0,0.125,0.125,0.125,0.125,0.125,0.125,0.125,0.125
77,77.0,0.125,0.125,0.125,0.125,0.125,0.125,0.125,0.125
78,78.0,0.125,0.125,0.125,0.125,0.125,0.125,0.125,0.125
79,79.0,0.125,0.125,0.125,0.125,0.125,0.125,0.125,0.125
80,80.0,0.125,0.125,0.125,0.125,0.125,0.125,0.125,0.125
81,81.0,0.125,0.125,0.125,0.125,0.125,0.125,0.125,0.125
82,82.0,0.125,0.125,0.125,0.125,0.125,0.125,0.125,0.125
83,83.0,0.125,0.125,0.125,0.125,0.125,0.125,0.125,0.125
84,84.0,0.125,0.125,0.125,0.125,0.125,0.125,0.125,0.125
85,85.0,0.125,0.125,0.125,0.125,0.125,0.125,0.125,0.125
86,86.0,0.125,0.125,0.125,0.125,0.125,0.125,0.125,0.125
87,87.0,0.125,0.125,0.125,0.125,0.125,0.125,0.125,0.125
88,88.0,0.125,0.125,0.125,0.125,0.125,0.125,0.125,0.125
89,89.0,0.125,0.125,0.125,0.125,0.125,0.125,0.125,0.125
90,90.0,0.125,0.125,0.125,0.125,0.125,0.125,0.125,0.125
91,91.0,0.125,0.125,0.125,0.125,0.125,0.125,0.125,0.125
92,92.0,0.125,0.125,0.125,0.125,0.125,0.125,0.125,0.125
93,93.0,0.125,0.125,0.125,0.125,0.125,0.125,0.125,0.125
94,94.0,0.125,0.125,0.125,0.125,0.125,0.125,0.125,0.125
95,95.0,0.125,0.125,0.125,0.125,0.125,0.125,0.125,0.125
96,96.0,0.125,0.125,0.125,0.125,0.125,0.125,0.125,0.125
97,97.0,0.125,0.125,0.125,0.125,0.125,0.125,0.125,0.125
98,98.0,0.125,0.125,0.125,0.125,0.125,0.125,0.125,0.125
99,99.0,0.125,0.125,0.125,0.125,0.125,0.125,0.125,0.125
100,100.0,0.125,0.125,0.125,0.125,0.125,0.125,0.125,0.125
101,101.0,0.125,0.125,0.125,0.125,0.125,0.125,0.125,0.125
102,102.0,0.125,0.125,0.125,0.125,0.125,0.125,0.125,0.125
103,103.0,0.125,0.125,0.125,0.125,0.125,0.125,0.125,0.125
104,104.0,0.125,0.125,0.125,0.125,0.125,0.125,0.125,0.125
105,105.0,0.125,0.125,0.125,0.125,0.125,0.125,0.125,0.125
106,106.0,0.125,0.125,0.125,0.125,0.125,0.125,0.125,0.125
107,107.0,0.125,0.125,0.125,0.125,0.125,0.125,0.125,0.125
108,108.0,0.125,0.125,0.125,0.125,0.125,0.125,0.125,0.125
109,109.0,0.125,0.125,0.125,0.125,0.125,0.125,0.125,0.125
110,110.0,0.125,0.125,0.125,0.125,0.125,0.125,0.125,0.125
111,111.0,0.125,0.125,0.125,0.125,0.125,0.125,0.125,0.125
112,112.0,0.125,0.125,0.125,0.125,0.125,0.125,0.125,0.125
113,113.0,0.125,0.125,0.125,0.125,0.125,0.125,0.125,0.125
114,114.0,0.125,0.125,0.125,0.125,0.125,0.125,0.125,0.125
115,115.0,0.125,0.125,0.125,0.125,0.125,0.125,0.125,0.125
116,116.0,0.125,0.125,0.125,0.125,0.125,0.125,0.125,0.125
117,117.0,0.125,0.125,0.125,0.125,0.125,0.125,0.125,0.125
118,118.0,0.125,0.125,0.125,0.125,0.125,0.125,0.125,0.125
119,119.0,0.125,0.125,0.125,0.125,0.125,0.125,0.125,0.125
120,120.0,0.125,0.125,0.125,0.125,0.125,0.125,0.125,0.125
121,121.0,0.125,0.125,0.125,0.125,0.125,0.125,0.125,0.125
122,122.0,0.125,0.125,0.125,0.125,0.125,0.125,0.125,0.125
123,123.0,0.125,0.125,0.125,0.125,0.125,0.125,0.125,0.125
124,124.0,0.125,0.125,0.125,0.125,0.125,0.125,0.125,0.125
125,125.0,0.125,0.125,0.125,0.125,0.125,0.125,0.125,0.125
126,126.0,0.125,0.125,0.125,0.125,0.125,0.125,0.125,0.125
127,127.0,0.125,0.125,0.125,0.125,0.125,0.125,0.125,0.125
128,128.0,0.125,0.125,0.125,0.125,0.125,0.125,0.125,0.125
129,129.0,0.125,0.125,0.125,0.125,0.125,0.125,0.125,0.125
130,130.0,0.125,0.125,0.125,0.125,0.125,0.125,0.125,0.125
131,131.0,0.125,0.125,0.125,0.125,0.125,0.125,0.125,0.125
132,132.0,0.125,0.125,0.125,0.125,0.125,0.125,0.125,0.125
133,133.0,0.125,0.125,0.125,0.125,0.125,0.125,0.125,0.125
134,134.0,0.125,0.125,0.125,0.125,0.125,0.125,0.125,0.125
135,135.0,0.125,0.125,0.125,0.125,0.125,0.125,0.125,0.125
136,136.0,0.125,0.125,0.125,0.125,0.125,0.125,0.125,0.125
137,137.0,0.125,0.125,0.125,0.125,0.125,0.125,0.125,0.125
138,138.0,0.125,0.125,0.125,0.125,0.125,0.125,0.125,0.125
139,139.0,0.125,0.125,0.125,0.125,0.125,0.125,0.125,0.125
140,140.0,0.125,0.125,0.125,0.125,0.125,0.125,0.125,0.125
141,141.0,0.125,0.125,0.125,0.125,0.125,0.125,0.125,0.125
142,142.0,0.125,0.125,0.125,0.125,0.125,0.125,0.125,0.125
143,143.0,0.125,0.125,0.125,0.125,0.125,0.125,0.125,0.125
144,144.0,0.125,0.125,0.125,0.125,0.125,0.125,0.125,0.125
145,145.0,0.125,0.125,0.125,0.125,0.125,0.125,0.125,0.125
146,146.0,0.125,0.125,0.125,0.125,0.125,0.125,0.125,0.125
147,147.0,0.125,0.125,0.125,0.125,0.125,0.125,0.125,0.125
148,148.0,0.125,0.125,0.125,0.125,0.125,0.125,0.125,0.125
149,149.0,0.125,0.125,0.125,0.125,0.125,0.125,0.125,0.125
150,150.0,0.125,0.125,0.125,0.125,0.125,0.125,0.125,0.125
151,151.0,0.125,0.125,0.125,0.125,0.125,0.125,0.125,0.125
152,152.0,0.125,0.125,0.125,0.125,0.125,0.125,0.125,0.125
153,153.0,0.125,0.125,0.125,0.125,0.125,0.125,0.125,0.125
154,154.0,0.125,0.125,0.125,0.125,0.125,0.125,0.125,0.125
155,155.0,0.125,0.125,0.125,0.125,0.125,0.125,0.125,0.125
156,156.0,0.125,0.125,0.125,0.125,0.125,0.125,0.125,0.125
157,157.0,0.125,0.125,0.125,0.125,0.125,0.125,0.125,0.125
158,158.0,0.125,0.125,0.125,0.125,0.125,0.125,0.125,0.125
159,159.0,0.125,0.125,0.125,0.125,0.125,0.125,0.125,0.125
160,160.0,0.125,0.125,0.125,0.125,0.125,0.125,0.125,0.125
161,161.0,0.125,0.125,0.125,0.125,0.125,0.125,0.125,0.125
162,162.0,0.125,0.125,0.125,0.125,0.125,0.125,0.125,0.125
163,163.0,0.125,0.125,0.125,0.125,0.125,0.125,0.125,0.125
164,164.0,0.125,0.125,0.125,0.125,0.125,0.125,0.125,0.125
165,165.0,0.125,0.125,0.125,0.125,0.125,0.125,0.125,0.125
166,166.0,0.125,0.125,0.125,0.125,0.125,0.125,0.125,0.125
167,167.0,0.125,0.125,0.125,0.125,0.125,0.125,0.125,0.125
168,168.0,0.125,0.125,0.125,0.125,0.125,0.125,0.125,0.125
169,169.0,0.125,0.125,0.125,0.125,0.125,0.125,0.125,0.125
170,170.0,0.125,0.125,0.125,0.125,0.125,0.125,0.125,0.125
171,171.0,0.125,0.125,0.125,0.125,0.125,0.125,0.125,0.125
172,172.0,0.125,0.125,0.125,0.125,0.125,0.125,0.125,0.125
173,173.0,0.125,0.125,0.125,0.125,0.125,0.125,0.125,0.125
174,174.0,0.125,0.125,0.125,0.125,0.125,0.125,0.125,0.125
175,175.0,0.125,0.125,0.125,0.125,0.125,0.125,0.125,0.125
176,176.0,0.125,0.125,0.125,0.125,0.125,0.125,0.125,0.125
177,177.0,0.125,0.125,0.125,0.125,0.125,0.125,0.125,0.125
178,178.0,0.125,0.125,0.125,0.125,0.125,0.125,0.125,0.125
179,179.0,0.125,0.125,0.125,0.125,0.125,0.125,0.125,0.125
180,180.0,0.125,0.125,0.125,0.125,0.125,0.125,0.125,0.125
181,181.0,0.125,0.125,0.125,0.125,0.125,0.125,0.125,0.125
182,182.0,0.125,0.125,0.125,0.125,0.125,0.125,0.125,0.125
183,183.0,0.125,0.125,0.125,0.125,0.125,0.125,0.125,0.125
184,184.0,0.125,0.125,0.125,0.125,0.125,0.125,0.125,0.125
185,185.0,0.125,0.125,0.125,0.125,0.125,0.125,0.125,0.125
186,186.0,0.125,0.125,0.125,0.125,0.125,0.125,0.125,0.125
187,187.0,0.125,0.125,0.125,0.125,0.125,0.125,0.125,0.125
188,188.0,0.125,0.125,0.125,0.125,0.125,0.125,0.125,0.125
189,189.0,0.125,0.125,0.125,0.125,0.125,0.125,0.125,0.125
190,190.0,0.125,0.125,0.125,0.125,0.125,0.125,0.125,0.125
191,191.0,0.125,0.125,0.125,0.125,0.125,0.125,0.125,0.125
192,192.0,0.125,0.125,0.125,0.125,0.125,0.125,0.125,0.125
193,193.0,0.125,0.125,0.125,0.125,0.125,0.125,0.125,0.125
194,194.0,0.125,0.125,0.125,0.125,0.125,0.125,0.125,0.125
195,195.0,0.125,0.125,0.125,0.125,0.125,0.125,0.125,0.125
196,196.0,0.125,0.125,0.125,0.125,0.125,0.125,0.125,0.125
197,197.0,0.125,0.125,0.125,0.125,0.125,0.125,0.125,0.125
198,198.0,0.125,0.125,0.125,0.125,0.125,0.125,0.125,0.125
199,199.0,0.1245833333333333,0.1245833333333333,0.1245833333333333,0.1279166666666666,0.1245833333333333,0.1245833333333333,0.1245833333333333,0.1245833333333333
200,200.0,0.1238097222222222,0.1238097222222222,0.1259208333333333,0.1302208333333333,0.1238097222222222,0.1238097222222222,0.1238097222222222,0.1248097222222222
201,201.0,0.1227066881313131,0.123615779040404,0.1279077992424242,0.131932779040404,0.1238177992424242,0.1227066881313131,0.1227066881313131,0.124605779040404
202,202.0,0.1213472441035353,0.1230805774368686,0.1303308794570707,0.1331387983459596,0.1234472441035353,0.1213472441035353,0.1223472441035353,0.1249607683459596
203,203.0,0.1198454118976398,0.1223224608486888,0.1333536225759615,0.1340381074577797,0.1229144118976398,0.1198454118976398,0.1218354118976398,0.1258451615270105
204,204.0,0.1181185494415981,0.1212621499810587,0.1367342586759072,0.1355785858803213,0.1221289594415982,0.1181185494415981,0.1210796494415981,0.1269792976963201
205,205.0,0.1163379496415065,0.1201214391765715,0.1409023457219563,0.1368187544113294,0.1212555245415065,0.1163379496415065,0.1202434286415065,0.1279826082241165
206,206.0,0.1145358831388618,0.1196431521603344,0.1447556395672199,0.1387035150819199,0.1203207306998619,0.1145358831388618,0.1193522484488618,0.1281529477640783
207,207.0,0.1125684147048432,0.1197281004859558,0.1478947789010163,0.1410940832159508,0.1190850500942242,0.1134775056139341,0.1181655049498341,0.1279865620342413
208,208.0,0.1113048094999786,0.1195953848622674,0.1506000641714305,0.1431716833414488,0.1177915109576319,0.1123996146947838,0.1169252046606348,0.1282117278118241
209,209.0,0.1099241054651894,0.1191995756969139,0.1532934306626994,0.1448013650625409,0.1163860989368109,0.1120755383656223,0.1155763706654373,0.1287435151447858
210,210.0,0.1085423483577271,0.1186629398578619,0.1560803869551045,0.1468761975537957,0.1149417271314462,0.1116667050576939,0.1141910163658476,0.129038678720523
211,211.0,0.1072315618603581,0.11806384416876,0.1585359154156133,0.1487548113298253,0.1135348360424702,0.1118570274696267,0.1128447481397251,0.1291772555736212
212,212.0,0.1060271685417525,0.117502760865622,0.1607862506016338,0.1504968656538038,0.1122051582738397,0.1121140985700211,0.1115765318266901,0.1292911656666369
213,213.0,0.1049305730172201,0.1169814995428829,0.1618294084887546,0.1520985959276964,0.1109582692712064,0.1124286727790271,0.1113912443985643,0.1293817365746481
214,214.0,0.1038870164076539,0.1166887698032092,0.1631775067298261,0.1533022729980286,0.108834323083961,0.1124871587389981,0.111227500786193,0.1303954514521301
215,215.0,0.1027984645476449,0.1161490610195802,0.1651923306285921,0.1540129834180868,0.1074906142039443,0.1123117119386853,0.1109058606283588,0.1311389736151074
216,216.0,0.101617099017634,0.1154391132058727,0.1686603277785641,0.1543636093893906,0.1060910191926969,0.1119916576112975,0.1104010659119224,0.1314361078926217
217,217.0,0.1017239848234983,0.1151888286779192,0.1718003285389539,0.1541407285366266,0.1044919214054775,0.1118382902385161,0.1095793394379922,0.131236578341016
218,218.0,0.1017043275798678,0.1148150743083425,0.1747718006984488,0.1535913336727015,0.1028823330464148,0.1120711264214949,0.1086377418497954,0.1315262624229342
219,219.0,0.1016215379694834,0.1143585087117549,0.1770522748533271,0.1527465638153963,0.1013045377957765,0.11310285518403,0.1076805072818257,0.1321332143884059
220,220.0,0.1026909838940928,0.1139807231448519,0.1785783428926961,0.1510635314973503,0.0999205375347835,0.1141708294628313,0.1068681750172969,0.132726876556097
221,221.0,0.1038212335069585,0.1136447123219941,0.1798856788188594,0.1493300474380158,0.0986592789330889,0.1152441441729703,0.1061288643145182,0.1332860404935947
222,222.0,0.1056470304715685,0.1131795100200146,0.1817237523403353,0.1476656208387178,0.0973842848871222,0.1160077575362267,0.1053258506006845,0.1330661933053303
223,223.0,0.1074782635921195,0.1127096675349834,0.1832314291684873,0.1459464201053492,0.0962174282376777,0.1170814776059198,0.1045812836699471,0.132754030085516
224,224.0,0.109522766762186,0.1127230654496162,0.184718087299992,0.1442548308488932,0.095272709301585,0.1180698434012063,0.1041497701431515,0.1312889267933697
225,225.0,0.1104148955212434,0.1126162766398312,0.1855928849345957,0.1441571524532099,0.0943297672392757,0.1197404799210737,0.1035950938559453,0.1295534494348251
226,226.0,0.1114165836961147,0.112331573574029,0.1859009669246467,0.1436194642411263,0.0941616045522825,0.121034562978566,0.1028696145362757,0.1286656294969589
227,227.0,0.1121893317373225,0.1125206033549953,0.1863543536673221,0.1422456147418538,0.0946204526493508,0.1224216467324614,0.1020282591025568,0.1276197380141373
228,228.0,0.1125927026357236,0.112368975681247,0.1866460157952804,0.1411954037846996,0.0954859246946706,0.1234861720683893,0.1009608252169913,0.1272639801229979
229,229.0,0.1128447514651276,0.1121995415878139,0.1873579082764114,0.1401010513949795,0.0963801271409066,0.1243271809436448,0.0999225680821122,0.1268668711090038
230,230.0,0.1129151433979325,0.1124736106143464,0.1884055560054706,0.1381792327629041,0.0971657461469192,0.1249151695927494,0.0998739868437275,0.1260715546359501
231,231.0,0.1127695517892445,0.1133780661299199,0.1893714717979376,0.1361514568044441,0.0978077942911386,0.1252224111481482,0.100306043057687,0.1249932049814799
232,232.0,0.1120306616104263,0.1141854072753976,0.1906100409039003,0.1341144432288637,0.0988306035299528,0.125304418658578,0.1012183100356966,0.1237061147571845
233,233.0,0.1114328983505337,0.1162428689152017,0.1918380268760022,0.1299986036683399,0.1005219384467357,0.1252804831083881,0.1021922407218942,0.1224929399129043
234,234.0,0.1105997715257662,0.1184407023796538,0.1928769981878971,0.1265861904387116,0.1018674719281923,0.124995065193779,0.1030400418098429,0.1215937585361569
235,235.0,0.1096241898250578,0.1204735283575439,0.1939191450193231,0.1231937265082429,0.1030047486789341,0.1245650765264057,0.104550128179084,0.1206694569054083
236,236.0,0.108533019835875,0.1228670992704872,0.1949603461766308,0.1199967566067795,0.103947918389222,0.1240099089888533,0.1059521268887522,0.1197328238433998
237,237.0,0.1068061813914652,0.1257619635648595,0.195930182226145,0.1169057681565213,0.1047905998466971,0.1233780638033587,0.1073172796612787,0.1191099613496742
238,238.0,0.1050586773018707,0.1286152538307594,0.1967259451727354,0.1139534617654413,0.1055435826421414,0.1227836733319857,0.1086029454060333,0.1187164605490326
239,239.0,0.1032591170147458,0.1315065453019864,0.1973429172453505,0.1110677954278899,0.1073704993796171,0.1221169424692016,0.1097269682211117,0.1176092149400966
240,240.0,0.1019979020372724,0.1341534830827868,0.1978040440429319,0.1082830150276239,0.109000160498208,0.1214018400245919,0.1107296011108593,0.1166299541757255
241,241.0,0.1006926755231063,0.1363290766430696,0.1986345479167848,0.1056051570744695,0.1103768251991734,0.1206393393764974,0.11157725251603,0.116145125750869
242,242.0,0.0998743829545503,0.1382333076438869,0.1995010908824481,0.1030479269508659,0.1112112328264726,0.1198076783676204,0.1115896424837283,0.1167347378904272
243,243.0,0.0987454015196716,0.1400709381623876,0.2000777139059119,0.100786557748699,0.1120220480587926,0.1190686249009202,0.1119966518056288,0.1172320638979881
244,244.0,0.0977625837792697,0.141681105358624,0.2002975993277008,0.0989269138472434,0.1127033323953764,0.1186357212350794,0.1122942032463842,0.1176985408103219
245,245.0,0.0968367821062122,0.1430814609759825,0.2004542996626554,0.0972127891804954,0.1132712411706079,0.1184992340471659,0.112499935667531,0.1181442571893496
246,246.0,0.0957523734447369,0.1444412375055375,0.2014636562132519,0.0958021858557488,0.1139880592479175,0.1192881524824791,0.110978911011598,0.11828542423873
247,247.0,0.0947248171590549,0.1456182210980997,0.2027631465852571,0.0942889758021689,0.1145915118061086,0.1199671139494105,0.1096494954933329,0.1183967181065671
248,248.0,0.0936585279216365,0.1465983676908893,0.2039958459278934,0.0929207740153971,0.1150915813761916,0.120052534542339,0.1082669131152423,0.1194154554104106
249,249.0,0.0923687408021231,0.1476205984810211,0.205384894736052,0.0919380717119566,0.1145591345049495,0.1201304856753274,0.1077607071256343,0.1202373669629359
250,250.0,0.0910659810594417,0.1485010234982764,0.2065329783290084,0.0911426867239658,0.1139703921350424,0.1202124665575533,0.107265946775372,0.1213085249213399
251,251.0,0.0898368512302869,0.149219270430932,0.2073629211037869,0.0905002855133772,0.1133133155836535,0.1202496137519132,0.1067628794476411,0.1227548629384089
252,252.0,0.0889350013504492,0.1505520659930348,0.2078898517312377,0.090000628402352,0.1125999437222404,0.1206694445094841,0.1062560012012613,0.1230970630899403
253,253.0,0.0880660385914975,0.1522228260651223,0.2091149826527877,0.0890014854204739,0.111743377908022,0.1209917486411878,0.1056511000181636,0.123208440702745
254,254.0,0.0872844173020586,0.1537501388133458,0.210367998448624,0.0881412617824788,0.1108650071769975,0.1212709178524467,0.1050625311864273,0.123257727437621
255,255.0,0.0865036109165111,0.154319732527428,0.2123759367690246,0.0873681491537663,0.1099164565787452,0.121813223931766,0.1044480285226415,0.123254861600117
256,256.0,0.0857199415716848,0.1546360001861789,0.2143053171637175,0.0866638218936653,0.1094347381909527,0.1222720803872076,0.1037989847706192,0.1231691158359738
257,257.0,0.0850205131430574,0.1548071776248887,0.2161770869461268,0.0861011546045884,0.1086062342618208,0.1230937831605376,0.1031848268301494,0.1230092234288307
258,258.0,0.0843777422373857,0.1548189235146455,0.2181492379073125,0.0855948614959433,0.1077695117005002,0.1237072222564792,0.1025565935082332,0.1230259073795003
259,259.0,0.0837549812457598,0.1551924331898843,0.219958818771387,0.0851116253019182,0.106843243177655,0.1241128230722062,0.1021868509449983,0.1228392242961911
260,260.0,0.0831985569201711,0.1554562110982574,0.2216963591786819,0.0846952518084083,0.1059306032510026,0.1243651539964577,0.1018161551770545,0.1228417085699663
261,261.0,0.0826950401929111,0.1555888113902198,0.2238521945946405,0.0846468165589972,0.1050328030167591,0.1246695137464617,0.1007626592494242,0.1227521612505861
262,262.0,0.0822428226799586,0.1555997411798595,0.2263040435167764,0.0846271369951647,0.1041562943342889,0.1247907912477446,0.0997027082765543,0.1225764617696528
263,263.0,0.0818399760755209,0.1554988315893476,0.2275838160042956,0.0846307204119684,0.1033066945993061,0.1252042598162189,0.0989481607600295,0.1229875407433127
264,264.0,0.081484303940339,0.1552961069361087,0.228833446327427,0.0846524534426138,0.1024888147339742,0.1254401252967117,0.0984861382418766,0.1233186110809487
265,265.0,0.0811870794012599,0.1550153534353817,0.2300765601548435,0.0847265163556251,0.1017203808657312,0.1256052916284764,0.0980635151253017,0.1236053030333801
266,266.0,0.0809311861288294,0.1546521051292458,0.231072260563533,0.0848072041135532,0.1009901664391299,0.1256037400114122,0.0979181572056002,0.124025180408696
267,267.0,0.0807614622361796,0.1542638468526685,0.2315709371347091,0.0849380694013182,0.1011102385351524,0.12549259883117,0.0980255829636891,0.1238372640451127
268,268.0,0.0810192139082114,0.1536780852630038,0.2318891910799157,0.0849333396174652,0.1011308259283184,0.1251241868976761,0.0985640595995231,0.1236610977058861
269,269.0,0.0813177293036577,0.1530642053417415,0.2322397567557925,0.0849416786837244,0.1011901421268176,0.1246845092308876,0.0990931273486723,0.1234688512087062
270,270.0,0.0816414371305699,0.1526668133140526,0.2334342302651324,0.084948065425077,0.1005650072408461,0.1241455824841521,0.0995941125222756,0.123004751617894
271,271.0,0.0819867597065172,0.1522442538708251,0.2344877645015594,0.0849574711692236,0.0999714800401652,0.1235240974948446,0.100314147807068,0.1225140254097967
272,272.0,0.08222852223145,0.1516716162125699,0.2356613866237152,0.0848450332998103,0.0992966964974935,0.1226838279418217,0.1007565183271361,0.122856398866003
273,273.0,0.0814005041872171,0.1513841905939003,0.2371445017139016,0.0847051044614425,0.0986597131177178,0.122656662971988,0.1010086665253735,0.123040656428459
274,274.0,0.0805906737401579,0.1511909499091079,0.2393165271167398,0.0846027224023173,0.0986141665151374,0.1226221046979557,0.1012479446909381,0.1218149109276456
275,275.0,0.0796961801829589,0.1515124888985208,0.2412150766947062,0.084387002792753,0.0983878426215963,0.1224478304953459,0.101857872027914,0.1204957062862047
276,276.0,0.0787830787120972,0.1516989378039799,0.2428849990277182,0.0841189059977224,0.0985751167540918,0.1224171790514467,0.1023682199420898,0.1191535627108538
277,277.0,0.0778570586635163,0.1517727344147031,0.2448416493568782,0.0837999063802749,0.0986941205652303,0.1224812588918845,0.1027765725444578,0.1177766991830546
278,278.0,0.0769217954734808,0.1521992723265571,0.2465043560046363,0.0834302975135775,0.0987485756422986,0.1224093020630361,0.10328925121244,0.1164971497639734
279,279.0,0.0765611678457409,0.1527476726343669,0.2477750575096277,0.0830031236271985,0.0986838103571887,0.1224134551531,0.1036600294753638,0.1151556833974131
280,280.0,0.0762439783695686,0.153270614572441,0.2488822178228882,0.0825794352399876,0.0986365153071551,0.122562006132743,0.1039688705898035,0.1138563619654127
281,281.0,0.0759488087189027,0.1539620492529723,0.2500103668137534,0.0821418538720705,0.0985456443218245,0.1226273881747479,0.1041768564358855,0.1125870324098429
282,282.0,0.0751241381901812,0.1538324029606513,0.2513775801440564,0.0817311171148377,0.0989052011922002,0.122649439890948,0.1052347600429544,0.1111453604641706
283,283.0,0.0747304377486162,0.1534670654252483,0.2526489306786648,0.0813326279292656,0.0992109304317794,0.1226323857585424,0.1062228183013683,0.1097548037265147
284,284.0,0.0747035509157936,0.1528544165184654,0.254332034664016,0.0809149192066988,0.0993930117158649,0.1223704557744531,0.1071064453826013,0.1083251658221066
285,285.0,0.0746431442826227,0.1520174043459749,0.2556887667211158,0.0804809667923156,0.1000136333025092,0.1224125447619864,0.1078805932453329,0.1068629465481422
286,286.0,0.0745054018286816,0.1512921361423571,0.2577049424136092,0.079989776513467,0.1005039676431004,0.1222571166642028,0.108349382860374,0.1053972759342074
287,287.0,0.0742911494599243,0.1501593253901911,0.259910503567842,0.079444519976788,0.1007972726692883,0.1223394121344559,0.1093185914728424,0.1037392253286677
288,288.0,0.074217646048386,0.1489449055460381,0.2621167421826592,0.0795595615255228,0.1009436335771377,0.1222311730754399,0.1099732631235334,0.1020130749212825
289,289.0,0.0740540856235772,0.1474972546943163,0.2643993361917875,0.0795479255130715,0.1009075528356812,0.1224095641480244,0.1109579041169702,0.1002263768765712
290,290.0,0.0737031001158958,0.1458590170451056,0.2663434716208364,0.079294183155919,0.1010645529875182,0.1222559981402163,0.1132074994385763,0.098272177495932
291,291.0,0.073176657629545,0.1444440459539938,0.2677554512472822,0.0788148481737368,0.1015370989572439,0.1231829503696827,0.1148535545109502,0.0962353931575649
292,292.0,0.0724126920357984,0.1451971507358269,0.2690536202208662,0.0780949191249512,0.1012129409453802,0.1237432578937209,0.1162101809091762,0.0940752381342796
293,293.0,0.0714345114683977,0.1455472323012712,0.2707365020849861,0.0771147901251121,0.100563886266627,0.1247077158892842,0.1171450294798589,0.0927503323844623
294,294.0,0.0704288554300229,0.1464714986344147,0.2718804348736472,0.0762338117254085,0.1001797014430208,0.1255405650600338,0.1177698365353173,0.0914952962981344
295,295.0,0.0693736417553253,0.1481299422888433,0.2727716270558139,0.0752969708648809,0.0997032946515633,0.1263587550670274,0.1182008797594394,0.0901648885571061
296,296.0,0.0683651109773262,0.1497618924981777,0.2741744289877599,0.0739568006714216,0.0987473509005256,0.1270911319403579,0.11890485493067,0.0889984290937606
297,297.0,0.0673810768892714,0.1516664267571626,0.2754256930191415,0.0726546158917946,0.097689739671357,0.1277503605506464,0.119487911848768,0.087944175371858
298,298.0,0.0666412841274905,0.1534504694085607,0.2763275431303035,0.0714513757333279,0.0965588375088854,0.1284402022649391,0.1196648421946648,0.0874654456318276
299,299.0,0.0658491481777274,0.1560421026308018,0.2769207469117747,0.0707073974076891,0.0952815042933919,0.1291310934332343,0.1191332448186049,0.0869347623267755
300,300.0,0.0650202487279512,0.1589513589085365,0.2772614464759222,0.0699364127391159,0.094243145242666,0.1298278848463118,0.1182450483080939,0.086514454751402
301,301.0,0.0642181118834762,0.1621838692497287,0.2772985674299716,0.0692305163215218,0.0931319937110724,0.130410849751327,0.1172814176609992,0.0862446739919026
302,302.0,0.0633000614393986,0.1653064067207518,0.2772237996773536,0.0685969835837995,0.0920770618937407,0.1311309847905413,0.1162870190504619,0.0860776828439521
303,303.0,0.0623897864717322,0.1687261322699972,0.2769656092914863,0.0679589926268094,0.0910228946857312,0.1316833552943873,0.1153719661821116,0.0858812631777443
304,304.0,0.061496862065514,0.1716970130837848,0.2764044167709417,0.0679658181401582,0.0899814236314095,0.1324209792163103,0.1143704620886543,0.0856630250032269
305,305.0,0.0606051297888694,0.1747237789246699,0.276075943504157,0.0679685055531983,0.0889254384830749,0.1329742385958729,0.1133051367937522,0.0854218283564051
306,306.0,0.0597879634694043,0.1775690203170724,0.2755918051328904,0.0680226608907043,0.0879405988000538,0.1334569768182024,0.1122482447593731,0.085382729812299
307,307.0,0.0590914257134966,0.1794928453095547,0.2753929812736472,0.0679988345019892,0.0870717392182997,0.1347933929145789,0.1107532286299214,0.0854055524385121
308,308.0,0.0585507414592403,0.1811214979288221,0.2749667592454753,0.0687511633361895,0.0861958723138189,0.1358570668575325,0.1091811473762719,0.0853757514826492
309,309.0,0.0580433977149153,0.182845523569897,0.2744862228765994,0.0694838186802943,0.0853602460899589,0.1367333633218266,0.1075941061585293,0.0854533215879788
310,310.0,0.0575707654864346,0.1841095352634214,0.2740918011156641,0.0701901974455286,0.0845690296148749,0.1374287639480607,0.10600761173739,0.0860322953886253
311,311.0,0.0571250984130494,0.185429218234864,0.2735869500843233,0.0708588328637097,0.0838225422091357,0.1382144597888744,0.1044298439050954,0.0865330545009477
312,312.0,0.0567151444714287,0.1863254166188867,0.2730136160945407,0.0714904252139372,0.0831258737333915,0.1389972872750683,0.1028787355261243,0.0874535010666221
313,313.0,0.0563495496969725,0.1873217279965511,0.2721567911517432,0.0720942458232129,0.0824304317840363,0.1396474248782745,0.1016996121174242,0.0883002165517847
314,314.0,0.0559920749959044,0.1879071137816157,0.2712908711351203,0.0729678481133452,0.0820061102425666,0.1401713371564135,0.1005427936068427,0.0891218509681912
315,315.0,0.0556919365292978,0.188795634132082,0.2704763051506198,0.0738217329962613,0.081653308221139,0.1406121110880646,0.099472905373233,0.0894760665093023
316,316.0,0.0554280281014116,0.1897380168262011,0.2696602294979134,0.0746337371846705,0.0813500278310026,0.1409480159657494,0.098476357092051,0.089765587501
317,317.0,0.0551706784002545,0.190595465070911,0.268903200113803,0.0753840541993397,0.0813130622852769,0.1411426533541522,0.0975298250989046,0.0899610614773577
318,318.0,0.0548981108863354,0.1915603255077151,0.2681510004626772,0.0760425823823752,0.0811845683501503,0.1411931252740111,0.0969021693695368,0.0900681177671987
319,319.0,0.0546299497908832,0.1920383658022329,0.2674469571672881,0.076618540826148,0.0810581524682105,0.1411187844808769,0.0966039274988071,0.090485321965553
320,320.0,0.0543667793636541,0.1919654507612508,0.2669593592169687,0.0771125463087113,0.0815215768913812,0.1409297925598518,0.0963297686934557,0.0908147262047262
321,321.0,0.0541066272810124,0.1917324230126442,0.2669264900436169,0.0775343705703805,0.082089141288985,0.1404763287253373,0.0960939924898773,0.0910406265881462
322,322.0,0.0540136081139259,0.1916538822165791,0.267304010431592,0.0782915926411676,0.0829376738953725,0.1396163480341818,0.0948066062055747,0.0913762784616061
323,323.0,0.0539048943048172,0.1915144249207408,0.2684366180535327,0.0788693299286841,0.0837170156404637,0.1388009779281044,0.0931506470963529,0.0916060921273039
324,324.0,0.0535434539134477,0.19188637502441,0.2696794346199184,0.0794080696430425,0.0844423586057949,0.1379439075426499,0.0913091985365516,0.0917872021141845
325,325.0,0.0531611477635254,0.1920082673046465,0.2709718279100207,0.0803453714898077,0.0850088601652144,0.137013411083713,0.0894451909185507,0.0920459233645212
326,326.0,0.0527682598965602,0.1921531207763819,0.2721333003854599,0.081626669553528,0.085473154715736,0.1360305280932614,0.0875849307558,0.0922300358232723
327,327.0,0.052378642422047,0.1921732617468916,0.2737502762696058,0.0827135496397471,0.0858739077412725,0.1350068168415692,0.085755210120241,0.0923483352186253
328,328.0,0.0519952486079809,0.1922465585063235,0.2751259446698001,0.0836136311427889,0.0862130517194268,0.1339541827009588,0.084446759765703,0.0924046228870177
329,329.0,0.0516270083954291,0.1924003731816838,0.276573295528788,0.0844076131715891,0.086495305676129,0.1328672919492356,0.0832044244330301,0.092424687664115
330,330.0,0.0512749041361311,0.1926310289641905,0.2779179375407789,0.085095863726165,0.0867213663364772,0.1319174087925073,0.0820308029657006,0.0924106875380491
331,331.0,0.0509821131992067,0.192363950119952,0.2793515094804328,0.0858319191543452,0.0869763943253364,0.1310257266248245,0.0810703365918281,0.092398050504074
332,332.0,0.0507241042826757,0.1920586244495444,0.2806472465660268,0.0864961976342939,0.0873229979828536,0.1300116301981144,0.0802253022570405,0.0925138966294501
333,333.0,0.0504643672929967,0.1916768077682926,0.2822747739653266,0.086952703604961,0.0875947637736528,0.128956428936306,0.0793722056619614,0.0927079489965025
334,334.0,0.0502311461063282,0.1912597375974414,0.2839300989487452,0.0873357144416558,0.0878411765767034,0.1279207259266574,0.0786239330536265,0.0928574673488416
335,335.0,0.0500248217539699,0.1908146863870684,0.285605468958806,0.0876399037973668,0.0880614642870606,0.1273852735803377,0.0774850080550218,0.0929833731803684
336,336.0,0.0498226873581871,0.1903264789088089,0.2876150435946994,0.0877607522731599,0.0882122987615368,0.1268305593471661,0.0763678718636565,0.0930643078927848
337,337.0,0.0496454003970442,0.1898230329124132,0.2894696411775919,0.0878116794413148,0.0883376395527499,0.126451619177812,0.0753383472684274,0.0931226400726463
338,338.0,0.0495189428094049,0.1895148540554095,0.2908060090131437,0.0877445236302156,0.0885190686330188,0.1261425529695475,0.0743975465843128,0.0933565023049471
339,339.0,0.0493988255179652,0.1891089216481992,0.2919074301709661,0.0876133960353773,0.0885868163534608,0.1262885316887028,0.0735293129969212,0.0935667655884069
340,340.0,0.0492734688174926,0.1884806486061357,0.2928353407514613,0.0873399373037335,0.0885873425310345,0.1267349545707008,0.0726989050687975,0.0940494023506438
341,341.0,0.0491655750794593,0.1877908820184271,0.2935191460706404,0.0870242829805331,0.0884867072158037,0.1273856999275343,0.0722246600082958,0.0944030466993061
342,342.0,0.0493297032983654,0.1870261170025631,0.2941368181232198,0.0866711446361333,0.0882879086898084,0.1280189925620565,0.0718210935404535,0.0947082221473997
343,343.0,0.0496304030654345,0.1861968098936492,0.2948111688500271,0.0862871346967914,0.0879986835825766,0.1286271955286241,0.0714837948738232,0.0949648095090735
344,344.0,0.0499170088467358,0.1858327034453805,0.2954227547296973,0.0854618627847678,0.0880436697313524,0.1292037592415696,0.0709450083495597,0.0951732328709366
345,345.0,0.0501835740793442,0.185604216532974,0.2961954218559977,0.0845455978173731,0.0879989229308849,0.1297159351336926,0.0704188151405085,0.0953375165092247
346,346.0,0.0504565829147906,0.1854057603310769,0.2968714083074961,0.0836348203733,0.0879492283165727,0.1302282588516362,0.0699724364707209,0.0954815044344064
347,347.0,0.0507337573956649,0.1852374128218853,0.2974229205327718,0.0827413789483413,0.0878988670896276,0.1307454607966913,0.0696056441466524,0.0956145582683652
348,348.0,0.0510368958165689,0.1850014551092756,0.2978382613966143,0.0819204039213987,0.087882685045532,0.1312045505122643,0.0693824390144856,0.0957333091838603
349,349.0,0.0513480114919677,0.1849452385337193,0.2982408911415261,0.0811163859318566,0.0878333503903717,0.1314178859572559,0.0692158961434135,0.095882340409889
350,350.0,0.0516306279536863,0.1850175793621702,0.2984180859140689,0.0803184972182188,0.0877447765677719,0.1318089964176568,0.0690848424983857,0.0959765940680413
351,351.0,0.051883404872147,0.1855670879506198,0.2984808307315656,0.0795325551743151,0.0876197238768387,0.1321250748010719,0.0689854911275318,0.0958058314659101
352,352.0,0.0519417106653073,0.1863691127283259,0.2984862590633103,0.078763418484001,0.0874511827197941,0.1325294189417898,0.0689210707859946,0.0955378266114769
353,353.0,0.052086222633088,0.1871653505225838,0.2984423154872577,0.0780245083104826,0.0872794565248858,0.1328698787822262,0.0688824409828425,0.0952498267566332
354,354.0,0.0522073850546244,0.1880834286853638,0.2983617125706144,0.0773192753700493,0.0870970114779295,0.1331559421478472,0.0688729836131179,0.0949022610804533
355,355.0,0.0525272409016098,0.1889735002789097,0.2982453239256212,0.076634150451714,0.0868784159003957,0.1333719788329047,0.0688726221900923,0.0944967675187525
356,356.0,0.0528051141230426,0.1896162165531293,0.298045571089633,0.0759150968321252,0.0869177690329098,0.1334574181828569,0.0688299651713927,0.0944128490149103
357,357.0,0.0530277187944968,0.1901302835600185,0.2979974845199597,0.0751651119183548,0.0868720132044058,0.1334352333996782,0.0691191456245869,0.0942530089784991
358,358.0,0.0532164080485885,0.1907031596833335,0.2980163820805979,0.0744421825742931,0.0868016713817154,0.1333386319853464,0.0693985437766187,0.094083020469506
359,359.0,0.0533860171617316,0.1909331297387885,0.2979604820237191,0.0737634515916122,0.0867322540654144,0.1336367817582943,0.0696784840423088,0.0939093996181308
360,360.0,0.0535381892083137,0.1911250819351266,0.297808874067558,0.0731328876252096,0.0866665876402956,0.1338857675255988,0.07010217391428,0.0937404380836174
361,361.0,0.0536597664264907,0.1912670620838407,0.2978057165710696,0.0724983083861766,0.0865651189070026,0.1341889069112214,0.0704643684258352,0.0935507522883628
362,362.0,0.0537537966569252,0.1915033689547245,0.2975673995710058,0.0722115481884108,0.0864337075743435,0.1344125241425771,0.0707672597023485,0.0933503952096642
363,363.0,0.0538201442731253,0.1917006040056442,0.2975590646688816,0.0719212403704516,0.0862722157849964,0.1345733256831346,0.0710233793364716,0.0931300258772944
364,364.0,0.0538603625187907,0.1918602223670132,0.2974451209245337,0.0716283879481047,0.086083827399302,0.1346740430999305,0.0715555769774563,0.0928924587648685
365,365.0,0.0538878972002716,0.1919948457597272,0.29732035578655,0.0713868974514046,0.0859044846674147,0.1347564980512316,0.072081646393579,0.092667374689821
366,366.0,0.0539078237929812,0.1922709673120031,0.2970319653449184,0.0712144599218004,0.0857391589170819,0.1347420841507918,0.0726336819054487,0.0924598586549741
367,367.0,0.0539153306739879,0.1925220206402847,0.2967643005648961,0.071084974921757,0.0855818790684436,0.1347037849644784,0.0731679501553366,0.0922597590108153
368,368.0,0.0539131137976398,0.1927487665596825,0.2966399572845376,0.0709977356263003,0.0854357069077983,0.1345070897364488,0.0736831787649239,0.0920744513226685
369,369.0,0.0538498902757236,0.1929919135554795,0.2965668710932251,0.0709959737088578,0.0854022258101867,0.1340067615448942,0.0740358502610058,0.092150513750627
370,370.0,0.0537635545843185,0.1932913338702608,0.2965661673693429,0.071005297182088,0.0853542534933318,0.1334582402756428,0.0743329511833826,0.0922282020416322
371,371.0,0.0536626679431401,0.1936907920995093,0.2965481395263912,0.0710371343788084,0.085298518416629,0.1328847438957426,0.0745969411475824,0.0922810625921967
372,372.0,0.0535577157039516,0.1940639904042453,0.2965307430354552,0.071096936945077,0.0852523969875789,0.1323185690511803,0.0748365127401554,0.0923431351323561
373,373.0,0.0534612506528387,0.1947259315353542,0.2965817644226858,0.0709092987029053,0.0852463230792296,0.1315246265572745,0.0751210820900392,0.0924297229596723
374,374.0,0.053344245638485,0.1951694006551469,0.2964978572670136,0.0706942364553603,0.0851994472702188,0.1307005847183275,0.0756412845640299,0.0927529434314178
