,Unnamed: 0,Generation,Intertwine_two,Add_vertex,Delete_vertex,Invert_path_vertices,Insert_inside_vertex,Delete_inside_vertex,Replace_inside_vertex,Donate_between_routes,Trim_one_terminal_cb,Grow_one_terminal_cb
0,0.0,0.0,0.09999999999999999,0.09999999999999999,0.09999999999999999,0.09999999999999999,0.09999999999999999,0.09999999999999999,0.09999999999999999,0.09999999999999999,0.09999999999999999,0.09999999999999999
1,1.0,1.0,0.12371673669055767,0.09920177462468885,0.10622988178912748,0.09394362651444035,0.10977710142356396,0.08606415213751557,0.07511691718495918,0.06544709151387347,0.12211345871970167,0.1183892594015713
2,2.0,2.0,0.12323751371593299,0.08569466531705963,0.11112374873144895,0.09480993212921951,0.08936486391890716,0.08498371545976939,0.07183565751961776,0.04952465977435098,0.15618473447023665,0.1332405089634566
3,3.0,3.0,0.13690029871272694,0.11397317971103096,0.09286376384904427,0.09124179611217044,0.08105895941316785,0.08099117551664384,0.07683478864064454,0.04891392514924432,0.13500924424856525,0.1422128686467612
4,4.0,4.0,0.11713262036767272,0.10191003007586838,0.08578364938665868,0.1114037106981309,0.08471504382600073,0.08598481864199911,0.07496987992728484,0.06159762304119247,0.14318497347632808,0.13331765055886363
5,5.0,5.0,0.12431959377970705,0.09313669525938263,0.13595573147218026,0.09778266307841352,0.09142079197096842,0.07567529342325227,0.056384063816902794,0.05794841423846886,0.13286467539975105,0.13451207756097283
6,6.0,6.0,0.11886019994852645,0.11054422747713051,0.10111770556780168,0.08915859704013991,0.07682080658956311,0.09770849039160537,0.08219989901754904,0.04720182040217145,0.15750265136671807,0.11888560219879404
7,7.0,7.0,0.13992730347916166,0.09566227231040433,0.12997371383351847,0.07913382258766086,0.09760628184771121,0.08348240395719789,0.07182642058537528,0.04223506521551049,0.11756250612224572,0.14259021006121375
8,8.0,8.0,0.13561305052497,0.08246233706675862,0.0940090289013917,0.06108171522760532,0.10677399409801314,0.07349572893912268,0.06152304244543709,0.05268401193414424,0.16331078630471732,0.1690463045578396
9,9.0,9.0,0.13717582953636695,0.08017537083703115,0.12667766600911773,0.07531825036357019,0.07815204261695492,0.07724730262933652,0.05215649493794831,0.05760920146845756,0.15079513088421634,0.16469271071700003
10,10.0,10.0,0.14613103858293044,0.08226802351050147,0.11243725415706485,0.08444718739078824,0.07317486486124365,0.0897028547221361,0.058263362570058055,0.044922686117012535,0.15904640604231463,0.1496063220459497
11,11.0,11.0,0.1271296581535681,0.10704731068008885,0.09716068328304223,0.039007422212089506,0.07535144668225092,0.09211977649616357,0.07993168672618992,0.05407894655763733,0.16598611924428616,0.1621869499646831
12,12.0,12.0,0.1576197279611494,0.08249189010314646,0.0970249514966095,0.05889987386383749,0.07684258935223351,0.08727769494883525,0.06008467058040177,0.07057615893094286,0.15513373781654813,0.15404870494629527
13,13.0,13.0,0.13915578113508276,0.07266496294867002,0.10521635541172444,0.06431010950917203,0.10188252293278095,0.09001270160876078,0.038635661717994076,0.05666821573109933,0.18010881597609457,0.15134487302862076
14,14.0,14.0,0.17235538238995401,0.10137097225083011,0.10553451201723103,0.06377062402763464,0.0693539488743222,0.08097542235266239,0.04506445742489704,0.06314676815984202,0.1921041230561764,0.10632378944644987
15,15.0,15.0,0.17858441616086487,0.09566354931195148,0.11468214272095278,0.0726193616536949,0.05443342469886423,0.07947869012569724,0.03714693385756864,0.044102449166486236,0.20258003098043695,0.12070900132348253
16,16.0,16.0,0.14429946001802516,0.1041744242353552,0.09101383976861327,0.08472368052504062,0.12770834324248653,0.048193065732317554,0.062067076417289244,0.05954969254396843,0.14662390781769688,0.13164650969920685
17,17.0,17.0,0.12407550740941446,0.13460734998574003,0.07013727656591455,0.049765217658368964,0.08998123985915614,0.08469729886703617,0.03425663876020153,0.08680378323516143,0.16395054063003733,0.16172514702896906
18,18.0,18.0,0.10774541832727236,0.09443420643896043,0.09344016371541744,0.1675848740290164,0.05727251200454482,0.0629184025155461,0.036336376145466934,0.06058311235317051,0.16311801476387516,0.1565669197067296
19,19.0,19.0,0.1178492856556985,0.11215446074406624,0.08760133569438347,0.0721989343852405,0.09212636967638771,0.11237476855628796,0.03885768077765298,0.05063128254016529,0.16905065516599982,0.14715522680411733
20,20.0,20.0,0.10435852177526232,0.1592836045111528,0.09428184752552227,0.04511317309301564,0.06191655031160379,0.09894404442472682,0.05859793803290521,0.05045771507074968,0.16041360325034495,0.16663300200471626
21,21.0,21.0,0.156457105208836,0.07312619086335924,0.09666223570763179,0.06358242401212418,0.086780131781072,0.09681059833514058,0.03502541575149043,0.04697232533419723,0.17824520095130478,0.16633837205484364
22,22.0,22.0,0.12673756552558685,0.130548350143558,0.12328164095959275,0.03255912627706349,0.07816616297098096,0.08164172387385375,0.03857934942693921,0.0331236555401736,0.19316356482379884,0.16219886045845236
23,23.0,23.0,0.1302753070750392,0.13050592630926325,0.10193898703579296,0.0793769961030373,0.06176017401330729,0.06607635956825159,0.030000000000000006,0.030000000000000006,0.21986038503518043,0.1502058648601277
24,24.0,24.0,0.09181446659644607,0.09733589115951582,0.09410688146033232,0.055440418480405276,0.07351784094455402,0.10136876434201222,0.07156958435864955,0.09654677545791004,0.2021899598998275,0.11610941730034703
25,25.0,25.0,0.09830094141366084,0.06641242195471872,0.12407505704028132,0.08582862906195599,0.06354529075788261,0.102473414803346,0.05510436264336923,0.06625573639701535,0.15034712893272578,0.18765701699504395
26,26.0,26.0,0.18331256422762837,0.05413653289653751,0.14274625825133694,0.07426936105823971,0.0406602173169078,0.07418547269496185,0.04887890433838641,0.04768243103635056,0.18570450484114856,0.14842375333850222
27,27.0,27.0,0.16380040452618477,0.08692183628251934,0.1519702855263331,0.06427433475348593,0.09094349751877692,0.07679577647794798,0.04565543980554224,0.03712486348325428,0.17858820707676204,0.1039253545491933
28,28.0,28.0,0.09521818087117226,0.10099816986217562,0.07546171642740537,0.0376871196370401,0.04424504982462544,0.14519396681522084,0.030000000000000006,0.10753246827600893,0.15888726914973467,0.20477605913661662
29,29.0,29.0,0.07774215755258977,0.10372227139925794,0.11944647045090817,0.05710997581161259,0.042577253194722595,0.09130556478721995,0.030000000000000006,0.07591064660398926,0.19467321707149138,0.20751244312820818
30,30.0,30.0,0.12789519010277733,0.10589061724735598,0.12351055803125363,0.07886589743907263,0.06196874203835325,0.04649898190488063,0.030000000000000006,0.08988620858389203,0.1948740450831822,0.14060975956923222
31,31.0,31.0,0.15541350942605142,0.09767281502388918,0.0646803562845344,0.04557403364581997,0.05131133194609207,0.12966406134982997,0.05916073877404362,0.04922013100857324,0.20300636505558556,0.14429665748558046
32,32.0,32.0,0.1631771977817363,0.1088391747123157,0.10438483863785597,0.044326532590049275,0.06582783135353173,0.04247099111081385,0.030000000000000006,0.04910169041770035,0.2826315831898568,0.10924016020613989
33,33.0,33.0,0.15680744235702715,0.12599437075120096,0.07124538510014718,0.07209200383439718,0.0467434200725801,0.07152207257148228,0.030000000000000006,0.05411356414585433,0.27058237287471587,0.10089936829259478
34,34.0,34.0,0.1958617089545412,0.12588929424173362,0.09479059224109322,0.039929457524855536,0.0539483856641728,0.06713308702492526,0.030000000000000006,0.030000000000000006,0.27960874915391143,0.08283872519476679
35,35.0,35.0,0.15824516505947125,0.12712106580743757,0.10977209062886754,0.030000000000000006,0.03674292205176297,0.08711762711096796,0.0751447794620563,0.05375680580762252,0.23899015040217214,0.08310939366964161
36,36.0,36.0,0.1731415178807695,0.0898172154918063,0.12275911602421445,0.04483107463256347,0.051893611947519624,0.037091794121706156,0.030000000000000006,0.07456572727690385,0.2522349400854438,0.12366500253907267
37,37.0,37.0,0.15207303660264512,0.10468939165269646,0.09499203289602795,0.04822940951535113,0.03614289865333835,0.05190179051251488,0.03877556950476909,0.06323191658266925,0.2960765057426144,0.11388744833737323
38,38.0,38.0,0.13489261577637943,0.07256170399383362,0.1180960259103085,0.06251902365849933,0.030000000000000006,0.13253899485041237,0.030000000000000006,0.067389870384132,0.21191822771496432,0.14008353771147025
39,39.0,39.0,0.16270420343787645,0.061886253351590835,0.12407263804900978,0.03783868441660141,0.04565874733696799,0.11478906874255197,0.030000000000000006,0.030000000000000006,0.29755718162124956,0.09549322304415185
40,40.0,40.0,0.11974062302304404,0.07128146839472659,0.1286480957277762,0.08132717242135565,0.06192129753210205,0.0560783093721207,0.030000000000000006,0.030000000000000006,0.32181007422726066,0.09919295930161402
41,41.0,41.0,0.0992674173815729,0.09692771591810619,0.0965487220460535,0.09897087485829006,0.031129666963904935,0.08134075914281004,0.05768551176249016,0.08324468085106382,0.222691399538191,0.13219325153751724
42,42.0,42.0,0.1717331307853516,0.08525159991561249,0.10921561673863059,0.03476894239780838,0.030000000000000006,0.048626872742346165,0.03343698854337153,0.07448566656911211,0.28732906768255534,0.12515211462521167
43,43.0,43.0,0.15591456372790088,0.09200633716957174,0.10182932910644864,0.030000000000000006,0.030000000000000006,0.0896615590251966,0.030000000000000006,0.04168364675145951,0.34114270439437405,0.08776185982504846
44,44.0,44.0,0.11248431958575236,0.06644354558343253,0.16697499538745658,0.030000000000000006,0.030000000000000006,0.06143617021276595,0.030000000000000006,0.030000000000000006,0.33676913080647747,0.13589183842411506
45,45.0,45.0,0.08595991829692652,0.16858203890191806,0.15453279613803542,0.030000000000000006,0.07121707483479298,0.060937280968987186,0.0617562929061785,0.052192278364169044,0.25005229615014823,0.06477002343884393
46,46.0,46.0,0.1752940837347611,0.08066848362284422,0.15792831330894005,0.030000000000000006,0.049691418239162864,0.07492279799395545,0.030000000000000006,0.049233300118445546,0.27590159074583986,0.0763600122360508
47,47.0,47.0,0.11348397398665236,0.09610637067372899,0.13869061677846245,0.030000000000000006,0.030000000000000006,0.03969230769230769,0.030000000000000006,0.05484797125521168,0.34461423618089704,0.12256452343273978
48,48.0,48.0,0.07240600820932434,0.08884158801121733,0.18658512783746425,0.030000000000000006,0.030000000000000006,0.07979137620231477,0.030000000000000006,0.03445860076801362,0.30436271721880537,0.14355458175286012
49,49.0,49.0,0.06335026124897836,0.034182572614107884,0.16176323031214918,0.07412995445732065,0.055560165975103736,0.038224095730214847,0.07936842105263157,0.11988190763381401,0.28169530899081713,0.09184408198486257
50,50.0,50.0,0.060139060156263434,0.0988939423780072,0.09424798103817879,0.042023337222870494,0.030000000000000006,0.09290213800630256,0.030000000000000006,0.030000000000000006,0.3987268862828388,0.1230666549155387
51,51.0,51.0,0.05899088227191248,0.04954944493178676,0.05450336155363986,0.04176930596285435,0.030000000000000006,0.05077973857689781,0.030000000000000006,0.030000000000000006,0.4362215540129107,0.21818571268999798
52,52.0,52.0,0.07753016010689037,0.0490823790905517,0.1473096418832392,0.04499329785686205,0.030000000000000006,0.10362351170579905,0.030000000000000006,0.030000000000000006,0.2786944685369848,0.20876654081967275
53,53.0,53.0,0.20114774045560518,0.032557432412486056,0.06910142398194973,0.03274010615623505,0.030000000000000006,0.034108108108108104,0.0587711146404681,0.030000000000000006,0.29239780845840146,0.21917626578674626
54,54.0,54.0,0.1197434430142899,0.04896774193548389,0.09389596750681654,0.1070103561494504,0.030000000000000006,0.030000000000000006,0.04311036789297658,0.030000000000000006,0.3688612557053681,0.12841086779561445
55,55.0,55.0,0.16382682761003137,0.05854028240204527,0.06119917574938159,0.036853146853146855,0.030000000000000006,0.09356047061860094,0.030000000000000006,0.05752456755929795,0.37208113000649995,0.09641439920099601
56,56.0,56.0,0.15316488557742128,0.10606554082555368,0.1344469322858512,0.030000000000000006,0.030000000000000006,0.06251161744352368,0.030000000000000006,0.06618467858092515,0.21648920696186943,0.17113713832485544
57,57.0,57.0,0.10485872136244105,0.05870389096739711,0.12404550151207447,0.030000000000000006,0.030000000000000006,0.11653663964124239,0.030000000000000006,0.035191074291822555,0.38459273101587915,0.08607144120914309
58,58.0,58.0,0.11575713782210628,0.05005457635118905,0.13021372375445725,0.030000000000000006,0.05727161746716656,0.09640528028019038,0.06616462346760071,0.04830782417044202,0.2708783419600495,0.13494687472679814
59,59.0,59.0,0.15299655658124994,0.0787068676716918,0.12592650834868568,0.030000000000000006,0.04306288032454362,0.03469154607768469,0.030000000000000006,0.030000000000000006,0.391519479483348,0.08309616151279628
60,60.0,60.0,0.08991624443662032,0.047920000000000004,0.10057211351698107,0.06868421052631582,0.035457143071419464,0.04934210526315791,0.030000000000000006,0.030000000000000006,0.38215413746775606,0.16595404571774933
61,61.0,61.0,0.0645679012345679,0.08957446808510641,0.1019808723108195,0.07358342665173571,0.030000000000000006,0.030000000000000006,0.030000000000000006,0.030000000000000006,0.43214249155217865,0.11815084016559174
62,62.0,62.0,0.1248569791051531,0.13069340584636305,0.07245634013390995,0.030000000000000006,0.054968152866242036,0.030000000000000006,0.030000000000000006,0.030000000000000006,0.3686412481046081,0.12838387394372375
63,63.0,63.0,0.1288724796627933,0.13811344040626133,0.04576097301255261,0.030000000000000006,0.030000000000000006,0.09134488674287311,0.030000000000000006,0.030000000000000006,0.3871119966530713,0.0887962235224483
64,64.0,64.0,0.1164369768457951,0.09392181425089516,0.10538021231494281,0.030000000000000006,0.030000000000000006,0.0408850352544034,0.030000000000000006,0.030000000000000006,0.4273850032915516,0.0959909580424119
65,65.0,65.0,0.1489845269961041,0.0386990362025992,0.12330524062644337,0.030000000000000006,0.030000000000000006,0.042975313988739716,0.030000000000000006,0.04494216614090431,0.4398450277432315,0.07124868830197782
66,66.0,66.0,0.1482053761774395,0.040626886668034344,0.21858719371260502,0.030000000000000006,0.030000000000000006,0.030000000000000006,0.04366314000175845,0.035387548560042434,0.3138745024938835,0.10965535238623665
67,67.0,67.0,0.13818196525432888,0.07668757393151161,0.10802851241829003,0.042754729505476284,0.030000000000000006,0.0537864077669903,0.030000000000000006,0.030000000000000006,0.4026908239488976,0.0878699871745051
68,68.0,68.0,0.11107503005622457,0.1082196261943709,0.06001125178730301,0.030000000000000006,0.045998741382762665,0.055708983028103495,0.030000000000000006,0.06320351618082032,0.3569067018255557,0.13887614954485938
69,69.0,69.0,0.07954780603262301,0.06668500757738607,0.1981061055805589,0.05395631067961167,0.030000000000000006,0.05395631067961167,0.030000000000000006,0.04904541241890639,0.30812369594142786,0.13057935108987434
70,70.0,70.0,0.0773690683602167,0.08124629113903765,0.21745856024570967,0.08757396449704144,0.030000000000000006,0.04101110238393445,0.030000000000000006,0.07619382146191929,0.25767704990629264,0.10147014200584807
71,71.0,71.0,0.08125501474899062,0.03981792187966952,0.1578040377892392,0.039964633068081346,0.030000000000000006,0.08442859790859833,0.030000000000000006,0.036290322580645164,0.3434020573631833,0.15703741466159235
72,72.0,72.0,0.041298823202036414,0.11061415756007731,0.13735079114067836,0.03998976982097187,0.030000000000000006,0.030000000000000006,0.030000000000000006,0.030000000000000006,0.4379385455341992,0.11280791274203679
73,73.0,73.0,0.08088797900262468,0.03985459469005711,0.11354279330529324,0.03858666666666667,0.030000000000000006,0.1252479012637377,0.030000000000000006,0.09597701149425289,0.34753131138730875,0.09837174219005904
74,74.0,74.0,0.09884562939326408,0.06924757281553398,0.11298549661867015,0.030000000000000006,0.030000000000000006,0.0419705290631287,0.030000000000000006,0.04326997235777906,0.34719606537121017,0.19648473438041383
75,75.0,75.0,0.10348648238000242,0.06395469592172462,0.15148918327315575,0.030000000000000006,0.030000000000000006,0.042284335981838825,0.030000000000000006,0.04684791300175915,0.3175228717316311,0.18441451770988807
76,76.0,76.0,0.1522676347007077,0.09844298239312663,0.0840518988339269,0.030000000000000006,0.030000000000000006,0.030000000000000006,0.030000000000000006,0.030000000000000006,0.40168572044563333,0.11355176362660528
77,77.0,77.0,0.08480847263841454,0.08469125061517292,0.12126570197455355,0.030000000000000006,0.06022608595857004,0.030000000000000006,0.030000000000000006,0.055760963026655216,0.425646508110998,0.07760101767563557
78,78.0,78.0,0.15206058868032996,0.06559848331144531,0.15239163711506068,0.030000000000000006,0.04750000000000002,0.04733090603556924,0.030000000000000006,0.08897527623658648,0.3336171597355157,0.05252594888549252
79,79.0,79.0,0.11011482225931388,0.05309923761293219,0.17908675065095908,0.030000000000000006,0.041101321585903086,0.03734073658590579,0.030000000000000006,0.03769820971867007,0.42455040681814804,0.0570085147681678
80,80.0,80.0,0.18797195302917843,0.1141612801155242,0.1321006687781962,0.030000000000000006,0.030000000000000006,0.030000000000000006,0.06443536135426463,0.030000000000000006,0.3223256191424265,0.05900511758040998
81,81.0,81.0,0.07514998618836002,0.09487583049930404,0.0841252215042249,0.030000000000000006,0.030000000000000006,0.06495818399044206,0.0640577305477365,0.030000000000000006,0.3016434032499514,0.22518964401998104
82,82.0,82.0,0.05727359892375894,0.1675280188268175,0.1182467151530617,0.030000000000000006,0.030000000000000006,0.06936477460995197,0.030000000000000006,0.030000000000000006,0.32049239980793176,0.1470944926784781
83,83.0,83.0,0.08290704517546339,0.1545431271375867,0.10147367846762878,0.030000000000000006,0.030000000000000006,0.07326744551073479,0.030000000000000006,0.030000000000000006,0.3194032956761413,0.148405408032445
84,84.0,84.0,0.12717663041823485,0.056170107243337576,0.056569134082947746,0.06687571265678449,0.030000000000000006,0.03402230438004783,0.030000000000000006,0.12445222558105122,0.19062231070528518,0.284111574932311
85,85.0,85.0,0.18680083751319612,0.10458274196687767,0.09296664586359879,0.030000000000000006,0.030000000000000006,0.0580717076311598,0.030000000000000006,0.04513513513513513,0.3056075668494696,0.11683536504056287
86,86.0,86.0,0.1160461596885672,0.066351252558917,0.06851757677555917,0.030000000000000006,0.030000000000000006,0.059188679245283024,0.030000000000000006,0.048161209068010066,0.44017537647556376,0.11155974618809968
87,87.0,87.0,0.16940272826379374,0.11571430047250666,0.057130900004839204,0.030000000000000006,0.07666666666666666,0.030000000000000006,0.030000000000000006,0.030000000000000006,0.3480713118085694,0.11301409278362437
88,88.0,88.0,0.29970556690183053,0.0852883482433113,0.04609808108935033,0.030000000000000006,0.030000000000000006,0.030000000000000006,0.030000000000000006,0.030000000000000006,0.35621461418196143,0.06269338958354628
89,89.0,89.0,0.1937700747042238,0.036678590324584204,0.1511896333201707,0.04876365853097468,0.030000000000000006,0.030000000000000006,0.055213270142180096,0.030000000000000006,0.33816944130991267,0.08621533166795373
90,90.0,90.0,0.2873951335057668,0.11030211283742812,0.14828569724019697,0.030000000000000006,0.030000000000000006,0.0930647323776645,0.030000000000000006,0.030000000000000006,0.16813736701170484,0.07281495702723867
91,91.0,91.0,0.12626995873671035,0.06997776941839913,0.10298016710115265,0.030000000000000006,0.039746357258499745,0.04725619207580867,0.030000000000000006,0.07194911236369383,0.33487992954665546,0.1469405134990801
92,92.0,92.0,0.08209531550651664,0.07546932675390683,0.051610768962601326,0.030000000000000006,0.04413152720122352,0.062076024165477625,0.05401247401247402,0.030000000000000006,0.44521854820143086,0.12538601519636922
93,93.0,93.0,0.08557278060570932,0.07609031633925437,0.0773413690871467,0.056228645607961925,0.06519657132090825,0.03447806144526179,0.030000000000000006,0.030000000000000006,0.4649968845586655,0.08009537103509208
94,94.0,94.0,0.11599656793363791,0.05393715171421191,0.05819958446780431,0.030000000000000006,0.04668001601922308,0.06752186588921284,0.030000000000000006,0.030000000000000006,0.4766760334429416,0.09098878053296826
95,95.0,95.0,0.1095436984310634,0.14690833549765825,0.118199286824581,0.030000000000000006,0.06986763876835471,0.0319739794091662,0.030000000000000006,0.030000000000000006,0.30258842794652624,0.13091863312265006
96,96.0,96.0,0.0743560088313909,0.10523211284847885,0.11091842770065999,0.030000000000000006,0.04237007220787731,0.030000000000000006,0.030000000000000006,0.030000000000000006,0.41952231410832985,0.12760106430326312
97,97.0,97.0,0.08836421706948408,0.07139648444889486,0.1278438661710037,0.030000000000000006,0.07754069665674779,0.030000000000000006,0.030000000000000006,0.06313609467455622,0.3012855194072398,0.18043312157207356
98,98.0,98.0,0.167511648223183,0.05078844001900149,0.1062365988913199,0.030000000000000006,0.031603053435114506,0.030000000000000006,0.030000000000000006,0.030000000000000006,0.36360630628956464,0.1602539531418164
99,99.0,99.0,0.12039942222918083,0.04567164179104477,0.07411485689784543,0.030000000000000006,0.047412935323383074,0.06861396925311705,0.030000000000000006,0.030000000000000006,0.4244323357957514,0.12935483870967743
100,100.0,100.0,0.12651400986464628,0.030000000000000006,0.07670879197994988,0.030000000000000006,0.030000000000000006,0.06612099644128114,0.030000000000000006,0.030000000000000006,0.4100927378944311,0.1705634638196916
101,101.0,101.0,0.12247477935370761,0.09800517779092513,0.18567550809377492,0.06934306569343066,0.030000000000000006,0.06140066785119709,0.030000000000000006,0.030000000000000006,0.26137074253406956,0.11173005868289503
102,102.0,102.0,0.07630993770752881,0.11929625562645071,0.18774348505953933,0.09533333333333335,0.030000000000000006,0.05260557210443316,0.030000000000000006,0.030000000000000006,0.281024326036463,0.09768709013225163
103,103.0,103.0,0.068593823853589,0.10756739036772008,0.15734521024803252,0.05483707458363505,0.030000000000000006,0.08806008058357037,0.030000000000000006,0.030000000000000006,0.3186856347479793,0.11491078561547367
104,104.0,104.0,0.05047393364928909,0.11596406869220607,0.1794392814807079,0.037819905213270145,0.030000000000000006,0.060013315557819316,0.030000000000000006,0.030000000000000006,0.29245840681100804,0.17383108859569935
105,105.0,105.0,0.07192422227632836,0.038191391338686306,0.06737345790595459,0.046645925481670306,0.06745333233375816,0.030000000000000006,0.030000000000000006,0.030000000000000006,0.4216843979363295,0.19672727272727272
106,106.0,106.0,0.039508919777215504,0.03541402381753035,0.0579170454804989,0.062131147540983624,0.0748383626060178,0.030000000000000006,0.030000000000000006,0.030000000000000006,0.42335324008838854,0.21683726068936515
107,107.0,107.0,0.17622182064468178,0.051609311740890694,0.19680708044709883,0.030000000000000006,0.03582423296931877,0.030000000000000006,0.051609311740890694,0.05541848299912816,0.2303787521343647,0.14213100732362627
108,108.0,108.0,0.08204292233575963,0.030000000000000006,0.07282136423462757,0.10947319833234068,0.030000000000000006,0.0508082191780822,0.030000000000000006,0.030000000000000006,0.42514761229749476,0.13970668362169517
109,109.0,109.0,0.18073484559664504,0.030000000000000006,0.041229385307346336,0.030000000000000006,0.030000000000000006,0.030000000000000006,0.030000000000000006,0.030000000000000006,0.39528804028661646,0.2027477288093921
110,110.0,110.0,0.14864961226490775,0.1099743689839023,0.1284775917280902,0.030000000000000006,0.030000000000000006,0.030000000000000006,0.030000000000000006,0.030000000000000006,0.3068403790262352,0.1560580479968645
111,111.0,111.0,0.09702560132447542,0.030000000000000006,0.1868464242656064,0.05054995655951346,0.030000000000000006,0.16523438274522367,0.030000000000000006,0.030000000000000006,0.2915549927160042,0.08878864238917678
112,112.0,112.0,0.13178987971575806,0.030000000000000006,0.06289173025747863,0.030000000000000006,0.030000000000000006,0.043975891245674165,0.030000000000000006,0.030000000000000006,0.45141367339621274,0.15992882538487638
113,113.0,113.0,0.16319488586152298,0.0636320305052431,0.11309549076389017,0.030000000000000006,0.030000000000000006,0.03213849287169042,0.030000000000000006,0.030000000000000006,0.37163302605832493,0.1363060739393284
114,114.0,114.0,0.1932780124455287,0.09004732794320648,0.037835820895522385,0.030000000000000006,0.030000000000000006,0.030000000000000006,0.030000000000000006,0.030000000000000006,0.48054343894936274,0.04829539976637959
115,115.0,115.0,0.20942918966334506,0.12654916481795642,0.0844812239722921,0.030000000000000006,0.030000000000000006,0.030000000000000006,0.030000000000000006,0.045450949367088614,0.2876185958090054,0.12647087637031235
116,116.0,116.0,0.0819324943450459,0.1341025641025641,0.09769947446985831,0.030000000000000006,0.05931339225016996,0.030000000000000006,0.030000000000000006,0.05885238402195838,0.4081469261677828,0.06995276464262049
117,117.0,117.0,0.16571357913565551,0.11680744928500168,0.0492805852580767,0.030000000000000006,0.030000000000000006,0.1,0.030000000000000006,0.030000000000000006,0.41819838632126605,0.030000000000000006
118,118.0,118.0,0.0688219709509826,0.03865874380972671,0.11692097176650325,0.08887565039762581,0.05335018050541516,0.15589516678012255,0.030000000000000006,0.030000000000000006,0.341551389863698,0.07592592592592592
119,119.0,119.0,0.1407036788892643,0.05786395187413233,0.11966867191115227,0.030000000000000006,0.030000000000000006,0.12126582278481013,0.030000000000000006,0.030000000000000006,0.2963711324559608,0.1441267420846801
120,120.0,120.0,0.1529727747522393,0.04949070631970261,0.2743304472080229,0.030000000000000006,0.030000000000000006,0.06459986550100874,0.030000000000000006,0.030000000000000006,0.2966808936134163,0.04192531260561
121,121.0,121.0,0.16877552950075642,0.06270880361173817,0.1780801270211027,0.030000000000000006,0.030000000000000006,0.030000000000000006,0.030000000000000006,0.030000000000000006,0.3744006058372781,0.0660349340291246
122,122.0,122.0,0.14059126852391032,0.04448275862068966,0.092019526941739,0.030000000000000006,0.030000000000000006,0.030000000000000006,0.030000000000000006,0.030000000000000006,0.403504263231736,0.16940218268192503
123,123.0,123.0,0.16554225003053008,0.030000000000000006,0.08725792719384838,0.030000000000000006,0.030000000000000006,0.030000000000000006,0.030000000000000006,0.030000000000000006,0.5130055434487618,0.05419427932685979
124,124.0,124.0,0.21546307668488324,0.030000000000000006,0.034900852996565854,0.030000000000000006,0.030000000000000006,0.030000000000000006,0.030000000000000006,0.030000000000000006,0.38461698392639276,0.18501908639215806
125,125.0,125.0,0.13205742146784366,0.05460251046025105,0.046401673640167375,0.030000000000000006,0.030000000000000006,0.0540207972270364,0.030000000000000006,0.030000000000000006,0.44384894561944266,0.14906865158525884
126,126.0,126.0,0.07912358133669609,0.05229700645666211,0.15287432223627792,0.030000000000000006,0.054679487179487174,0.04354838709677419,0.030000000000000006,0.030000000000000006,0.40369971817372363,0.12377749752037885
127,127.0,127.0,0.06791092743930337,0.07822666993897706,0.1616327732185579,0.030000000000000006,0.0748170731707317,0.030000000000000006,0.030000000000000006,0.030000000000000006,0.2905761807226396,0.20683637550979025
128,128.0,128.0,0.09193194699160841,0.03499849163696496,0.17956371699510992,0.030000000000000006,0.0664030191297009,0.051422107015564086,0.030000000000000006,0.030000000000000006,0.41921387019415823,0.06646684803689351
129,129.0,129.0,0.08520917859772417,0.04969429271859275,0.22452510457272679,0.030000000000000006,0.053862164827389224,0.030000000000000006,0.030000000000000006,0.030000000000000006,0.350182108514984,0.11652715076858308
130,130.0,130.0,0.09749390904771646,0.06867403314917128,0.13060303537422818,0.030000000000000006,0.030000000000000006,0.12408688721410052,0.030000000000000006,0.030000000000000006,0.3840397666880875,0.0751023685266961
131,131.0,131.0,0.08259111656040054,0.0390234375,0.09155950676611309,0.030000000000000006,0.030000000000000006,0.15156543724547894,0.030000000000000006,0.030000000000000006,0.34952696517949605,0.1657335367485114
132,132.0,132.0,0.08964019682366971,0.09265888583758337,0.04691516709511569,0.030000000000000006,0.10023610196594865,0.03462264150943396,0.030000000000000006,0.030000000000000006,0.3885394634542356,0.157387543314013
133,133.0,133.0,0.15508863437212728,0.09553654335999763,0.08347510852944065,0.030000000000000006,0.07000000000000002,0.030000000000000006,0.044887385626026434,0.030000000000000006,0.3230194430535155,0.13799288505889246
134,134.0,134.0,0.04066807990216061,0.07279757872424117,0.08510370619826653,0.030000000000000006,0.06186567164179106,0.08995607613469986,0.030000000000000006,0.030000000000000006,0.4907945635180321,0.06881432388080856
135,135.0,135.0,0.06524715996315626,0.09763963188443114,0.12008758425325583,0.030000000000000006,0.10790845239045414,0.030000000000000006,0.030000000000000006,0.030000000000000006,0.3747444119991556,0.11437275950954695
136,136.0,136.0,0.12607643235711322,0.08873458203580516,0.06890396831944559,0.030000000000000006,0.06186567164179106,0.030000000000000006,0.030000000000000006,0.030000000000000006,0.47557155392994,0.058847791715904985
137,137.0,137.0,0.18482054822255806,0.12196867850864576,0.048039045553145344,0.06225162689804773,0.06186567164179106,0.030000000000000006,0.030000000000000006,0.030000000000000006,0.3594543746991316,0.07160005447668036
138,138.0,138.0,0.13969001453424448,0.12813087834234904,0.09981024771219489,0.045391120507399574,0.030000000000000006,0.06078269824922759,0.030000000000000006,0.030000000000000006,0.3680662357843506,0.0681288048702339
139,139.0,139.0,0.1415197338174616,0.12878873994894857,0.1384320540818737,0.030000000000000006,0.030000000000000006,0.06078269824922759,0.030000000000000006,0.040716779449161675,0.31597322370476716,0.08378677074855957
140,140.0,140.0,0.1850362979229269,0.05073535521395929,0.1500500418599249,0.030000000000000006,0.050739013851172486,0.030000000000000006,0.030000000000000006,0.030000000000000006,0.31932883043598503,0.12411046071603145
141,141.0,141.0,0.2063279793746732,0.043493975903614465,0.12510244969356937,0.030000000000000006,0.030000000000000006,0.030000000000000006,0.030000000000000006,0.030000000000000006,0.3734663302535536,0.10160926477458929
142,142.0,142.0,0.19669573900398435,0.03755210461789947,0.06169716558762337,0.030000000000000006,0.1081960887070353,0.030000000000000006,0.030000000000000006,0.030000000000000006,0.3044860462736398,0.17137285580981765
143,143.0,143.0,0.2105701253956782,0.07452662721893492,0.040846065148457754,0.030000000000000006,0.039500000000000014,0.030000000000000006,0.030000000000000006,0.030000000000000006,0.43280675337381913,0.08175042886310997
144,144.0,144.0,0.15481203764734194,0.11885125746058964,0.08764705882352943,0.030000000000000006,0.030000000000000006,0.030000000000000006,0.030000000000000006,0.030000000000000006,0.38415086535613113,0.10453878071240781
145,145.0,145.0,0.17366498730179553,0.07545319837072575,0.05444116585812884,0.030000000000000006,0.06538461538461539,0.030000000000000006,0.052269283853032034,0.030000000000000006,0.3814380717745939,0.10734867745710852
146,146.0,146.0,0.14487429574293328,0.030000000000000006,0.18878676070670955,0.030000000000000006,0.030000000000000006,0.04150528811675851,0.03151956635504357,0.04150528811675851,0.4092359907495789,0.0525728102122176
147,147.0,147.0,0.1727746742074669,0.07226295878413591,0.10401100325795665,0.08812121212121214,0.030000000000000006,0.030000000000000006,0.04461464985052978,0.030000000000000006,0.3187937066401101,0.10942179513858845
148,148.0,148.0,0.1676602449069975,0.08925281384485231,0.055731998308565886,0.030000000000000006,0.030000000000000006,0.08939393939393941,0.03310483870967741,0.04693548387096774,0.3193082582812534,0.1386124226837462
149,149.0,149.0,0.20774976523499608,0.04122137404580152,0.07208173732557903,0.030000000000000006,0.030000000000000006,0.04410071942446044,0.04280073838074484,0.03469360407293977,0.41995951442459284,0.07739254709088532
150,150.0,150.0,0.11717393211054546,0.030000000000000006,0.10462828941310791,0.0762269283077521,0.030000000000000006,0.06875547084568685,0.030000000000000006,0.030000000000000006,0.4413515433468606,0.07186383597604694
151,151.0,151.0,0.03575293056807936,0.06587939698492462,0.18840979365962268,0.03550023596035866,0.030000000000000006,0.07339075035394053,0.030000000000000006,0.030000000000000006,0.4696442983308148,0.04142259414225942
152,152.0,152.0,0.06934108527131784,0.08495333180740912,0.11683882169247373,0.030000000000000006,0.030000000000000006,0.044848484848484846,0.030000000000000006,0.06979991663192997,0.4481129018390412,0.0761054579093432
153,153.0,153.0,0.05833181806702529,0.057492308875557604,0.13233640648573525,0.030000000000000006,0.030000000000000006,0.05754468771887087,0.030000000000000006,0.030000000000000006,0.43163859887480127,0.14265617997800978
154,154.0,154.0,0.07511111111111111,0.08393487858719646,0.041546391752577315,0.030000000000000006,0.030000000000000006,0.03463576158940398,0.030000000000000006,0.030000000000000006,0.5039990357521993,0.1407728212075118
155,155.0,155.0,0.07943740243521698,0.030000000000000006,0.06499273104880582,0.030000000000000006,0.030000000000000006,0.030000000000000006,0.030000000000000006,0.030000000000000006,0.526320425095237,0.14924944142074012
156,156.0,156.0,0.1365883381305086,0.06405405405405407,0.04702702702702703,0.07426142401700317,0.030000000000000006,0.030000000000000006,0.030000000000000006,0.030000000000000006,0.48012287953885924,0.0779462772325478
157,157.0,157.0,0.18764214042679578,0.037506912786787236,0.08071348430669259,0.04342806394316164,0.030000000000000006,0.030000000000000006,0.030000000000000006,0.030000000000000006,0.3829265386148816,0.14778285992168116
158,158.0,158.0,0.10854142568955083,0.030000000000000006,0.08731156071875237,0.030000000000000006,0.030000000000000006,0.030000000000000006,0.030000000000000006,0.030000000000000006,0.44136196031401387,0.18278505327768296
159,159.0,159.0,0.09997183636965548,0.030000000000000006,0.159108036894048,0.043008237232289956,0.030000000000000006,0.08323353293413176,0.030000000000000006,0.030000000000000006,0.28518661951571683,0.20949173705415788
160,160.0,160.0,0.13396318933662407,0.030000000000000006,0.09985054550988137,0.043008237232289956,0.030000000000000006,0.030000000000000006,0.030000000000000006,0.030000000000000006,0.43294804668101355,0.14022998124019107
161,161.0,161.0,0.12391500994786378,0.07277558809819407,0.13092086727781524,0.030000000000000006,0.030000000000000006,0.04555206463195692,0.030000000000000006,0.030000000000000006,0.3385360485579506,0.16830042148621926
162,162.0,162.0,0.13274792157084364,0.0348335777953289,0.07987051101576358,0.04699639847547117,0.05762830407613613,0.030000000000000006,0.030000000000000006,0.030000000000000006,0.37258391713626704,0.18533936993018946
163,163.0,163.0,0.08947084866022481,0.07522960561858456,0.08793348516262098,0.030000000000000006,0.030000000000000006,0.030000000000000006,0.030000000000000006,0.030000000000000006,0.4638228785244397,0.13354318203412985
164,164.0,164.0,0.09698092220712369,0.04064844023834561,0.09359202137752394,0.030000000000000006,0.030000000000000006,0.030000000000000006,0.030000000000000006,0.043529411764705886,0.44971154539496105,0.15553765901733987
165,165.0,165.0,0.19161364843934797,0.06476803867923304,0.11291489058458719,0.030000000000000006,0.030000000000000006,0.030000000000000006,0.030000000000000006,0.030000000000000006,0.36266064723085323,0.11804277506597846
166,166.0,166.0,0.1832241988566056,0.07952216538789429,0.06051267692444754,0.030000000000000006,0.030000000000000006,0.030000000000000006,0.030000000000000006,0.030000000000000006,0.3377629362060143,0.1889780226250383
167,167.0,167.0,0.06979881905848359,0.05760712462197086,0.054454148471615726,0.030000000000000006,0.030000000000000006,0.030000000000000006,0.030000000000000006,0.030000000000000006,0.3291338084841128,0.339006099363817
168,168.0,168.0,0.13183717562287495,0.05074074074074075,0.1280684596577017,0.11790716933512106,0.0471656050955414,0.030000000000000006,0.030000000000000006,0.030000000000000006,0.24117246837213138,0.19310838117588863
169,169.0,169.0,0.11304439157737203,0.10184102172310978,0.17944318375200718,0.030000000000000006,0.030000000000000006,0.030000000000000006,0.030000000000000006,0.030000000000000006,0.37149408941065953,0.08417731353685134
170,170.0,170.0,0.09649978717891292,0.08204997386066196,0.16186712530645544,0.030000000000000006,0.04090824394155977,0.030000000000000006,0.030000000000000006,0.030000000000000006,0.41389741461644647,0.08477745509596331
171,171.0,171.0,0.08383391670461707,0.04888553390974455,0.18892245434178814,0.030000000000000006,0.039282593654245336,0.11108811579481973,0.030000000000000006,0.030000000000000006,0.38272494848612976,0.05526243710865545
172,172.0,172.0,0.0646694385669768,0.08426621160409556,0.1928294398708346,0.11173211527789131,0.030000000000000006,0.030000000000000006,0.030000000000000006,0.030000000000000006,0.38591100069384043,0.04059179398636124
173,173.0,173.0,0.06648174743811103,0.0565429205308982,0.18339590925996932,0.03241056055098527,0.030000000000000006,0.04735313634411962,0.030000000000000006,0.030000000000000006,0.3395099081154493,0.18430581776046726
174,174.0,174.0,0.18956871804311684,0.030000000000000006,0.20940333184493226,0.030000000000000006,0.030000000000000006,0.030000000000000006,0.030000000000000006,0.030000000000000006,0.3203296551196838,0.10069829499226697
175,175.0,175.0,0.187974216441044,0.10101893047347055,0.17710108316198142,0.030000000000000006,0.030000000000000006,0.06148080438756857,0.030000000000000006,0.030000000000000006,0.29671875084666993,0.055706214689265544
176,176.0,176.0,0.2667249501544243,0.034480228091489394,0.21766400660007967,0.030000000000000006,0.030000000000000006,0.030000000000000006,0.030000000000000006,0.030000000000000006,0.2747325100692608,0.05639830508474576
177,177.0,177.0,0.30070984283027513,0.030000000000000006,0.20016005991127322,0.030000000000000006,0.030000000000000006,0.030000000000000006,0.06913385826771654,0.030000000000000006,0.2349823114141334,0.045013927576601664
178,178.0,178.0,0.30160148221384364,0.030000000000000006,0.2159302207799516,0.030000000000000006,0.030000000000000006,0.030000000000000006,0.030000000000000006,0.030000000000000006,0.2724682970062046,0.030000000000000006
179,179.0,179.0,0.2547523633867375,0.030000000000000006,0.136282748722395,0.030000000000000006,0.030000000000000006,0.030000000000000006,0.030000000000000006,0.030000000000000006,0.3378381273274871,0.09112676056338029
180,180.0,180.0,0.26838987664225045,0.030000000000000006,0.15935573341783232,0.08205128205128207,0.030000000000000006,0.030000000000000006,0.030000000000000006,0.053395633736453604,0.2752008830090301,0.041606591143151385
181,181.0,181.0,0.1759214859303901,0.030000000000000006,0.17368101682757153,0.030000000000000006,0.030000000000000006,0.030000000000000006,0.030000000000000006,0.030000000000000006,0.39401378903964435,0.076383708202394
182,182.0,182.0,0.15236951840851248,0.030000000000000006,0.19414450972079222,0.030000000000000006,0.030000000000000006,0.030000000000000006,0.030000000000000006,0.030000000000000006,0.4138705872553107,0.059615384615384626
183,183.0,183.0,0.11466403162055336,0.04181630119983452,0.17990517986278765,0.030000000000000006,0.030000000000000006,0.030000000000000006,0.05757136946628053,0.030000000000000006,0.44037390506211,0.04566921278843389
