,Unnamed: 0,Total_iterations,Intertwine_two,Invert_path_vertices,Insert_inside_vertex,Delete_inside_vertex,Replace_inside_vertex,Donate_between_routes,Trim_one_terminal_cb,Grow_one_terminal_cb
0,0.0,0.0,0.125,0.125,0.125,0.125,0.125,0.125,0.125,0.125
1,1.0,1.0,0.125,0.125,0.125,0.125,0.125,0.125,0.125,0.125
2,2.0,2.0,0.125,0.125,0.125,0.125,0.125,0.125,0.125,0.125
3,3.0,3.0,0.125,0.125,0.125,0.125,0.125,0.125,0.125,0.125
4,4.0,4.0,0.125,0.125,0.125,0.125,0.125,0.125,0.125,0.125
5,5.0,5.0,0.125,0.125,0.125,0.125,0.125,0.125,0.125,0.125
6,6.0,6.0,0.125,0.125,0.125,0.125,0.125,0.125,0.125,0.125
7,7.0,7.0,0.125,0.125,0.125,0.125,0.125,0.125,0.125,0.125
8,8.0,8.0,0.125,0.125,0.125,0.125,0.125,0.125,0.125,0.125
9,9.0,9.0,0.125,0.125,0.125,0.125,0.125,0.125,0.125,0.125
10,10.0,10.0,0.125,0.125,0.125,0.125,0.125,0.125,0.125,0.125
11,11.0,11.0,0.125,0.125,0.125,0.125,0.125,0.125,0.125,0.125
12,12.0,12.0,0.125,0.125,0.125,0.125,0.125,0.125,0.125,0.125
13,13.0,13.0,0.125,0.125,0.125,0.125,0.125,0.125,0.125,0.125
14,14.0,14.0,0.125,0.125,0.125,0.125,0.125,0.125,0.125,0.125
15,15.0,15.0,0.125,0.125,0.125,0.125,0.125,0.125,0.125,0.125
16,16.0,16.0,0.125,0.125,0.125,0.125,0.125,0.125,0.125,0.125
17,17.0,17.0,0.125,0.125,0.125,0.125,0.125,0.125,0.125,0.125
18,18.0,18.0,0.125,0.125,0.125,0.125,0.125,0.125,0.125,0.125
19,19.0,19.0,0.125,0.125,0.125,0.125,0.125,0.125,0.125,0.125
20,20.0,20.0,0.125,0.125,0.125,0.125,0.125,0.125,0.125,0.125
21,21.0,21.0,0.125,0.125,0.125,0.125,0.125,0.125,0.125,0.125
22,22.0,22.0,0.125,0.125,0.125,0.125,0.125,0.125,0.125,0.125
23,23.0,23.0,0.125,0.125,0.125,0.125,0.125,0.125,0.125,0.125
24,24.0,24.0,0.125,0.125,0.125,0.125,0.125,0.125,0.125,0.125
25,25.0,25.0,0.125,0.125,0.125,0.125,0.125,0.125,0.125,0.125
26,26.0,26.0,0.125,0.125,0.125,0.125,0.125,0.125,0.125,0.125
27,27.0,27.0,0.125,0.125,0.125,0.125,0.125,0.125,0.125,0.125
28,28.0,28.0,0.125,0.125,0.125,0.125,0.125,0.125,0.125,0.125
29,29.0,29.0,0.125,0.125,0.125,0.125,0.125,0.125,0.125,0.125
30,30.0,30.0,0.125,0.125,0.125,0.125,0.125,0.125,0.125,0.125
31,31.0,31.0,0.125,0.125,0.125,0.125,0.125,0.125,0.125,0.125
32,32.0,32.0,0.125,0.125,0.125,0.125,0.125,0.125,0.125,0.125
33,33.0,33.0,0.125,0.125,0.125,0.125,0.125,0.125,0.125,0.125
34,34.0,34.0,0.125,0.125,0.125,0.125,0.125,0.125,0.125,0.125
35,35.0,35.0,0.125,0.125,0.125,0.125,0.125,0.125,0.125,0.125
36,36.0,36.0,0.125,0.125,0.125,0.125,0.125,0.125,0.125,0.125
37,37.0,37.0,0.125,0.125,0.125,0.125,0.125,0.125,0.125,0.125
38,38.0,38.0,0.125,0.125,0.125,0.125,0.125,0.125,0.125,0.125
39,39.0,39.0,0.125,0.125,0.125,0.125,0.125,0.125,0.125,0.125
40,40.0,40.0,0.125,0.125,0.125,0.125,0.125,0.125,0.125,0.125
41,41.0,41.0,0.125,0.125,0.125,0.125,0.125,0.125,0.125,0.125
42,42.0,42.0,0.125,0.125,0.125,0.125,0.125,0.125,0.125,0.125
43,43.0,43.0,0.125,0.125,0.125,0.125,0.125,0.125,0.125,0.125
44,44.0,44.0,0.125,0.125,0.125,0.125,0.125,0.125,0.125,0.125
45,45.0,45.0,0.125,0.125,0.125,0.125,0.125,0.125,0.125,0.125
46,46.0,46.0,0.125,0.125,0.125,0.125,0.125,0.125,0.125,0.125
47,47.0,47.0,0.125,0.125,0.125,0.125,0.125,0.125,0.125,0.125
48,48.0,48.0,0.125,0.125,0.125,0.125,0.125,0.125,0.125,0.125
49,49.0,49.0,0.125,0.125,0.125,0.125,0.125,0.125,0.125,0.125
50,50.0,50.0,0.125,0.125,0.125,0.125,0.125,0.125,0.125,0.125
51,51.0,51.0,0.125,0.125,0.125,0.125,0.125,0.125,0.125,0.125
52,52.0,52.0,0.125,0.125,0.125,0.125,0.125,0.125,0.125,0.125
53,53.0,53.0,0.125,0.125,0.125,0.125,0.125,0.125,0.125,0.125
54,54.0,54.0,0.125,0.125,0.125,0.125,0.125,0.125,0.125,0.125
55,55.0,55.0,0.125,0.125,0.125,0.125,0.125,0.125,0.125,0.125
56,56.0,56.0,0.125,0.125,0.125,0.125,0.125,0.125,0.125,0.125
57,57.0,57.0,0.125,0.125,0.125,0.125,0.125,0.125,0.125,0.125
58,58.0,58.0,0.125,0.125,0.125,0.125,0.125,0.125,0.125,0.125
59,59.0,59.0,0.125,0.125,0.125,0.125,0.125,0.125,0.125,0.125
60,60.0,60.0,0.125,0.125,0.125,0.125,0.125,0.125,0.125,0.125
61,61.0,61.0,0.125,0.125,0.125,0.125,0.125,0.125,0.125,0.125
62,62.0,62.0,0.125,0.125,0.125,0.125,0.125,0.125,0.125,0.125
63,63.0,63.0,0.125,0.125,0.125,0.125,0.125,0.125,0.125,0.125
64,64.0,64.0,0.125,0.125,0.125,0.125,0.125,0.125,0.125,0.125
65,65.0,65.0,0.125,0.125,0.125,0.125,0.125,0.125,0.125,0.125
66,66.0,66.0,0.125,0.125,0.125,0.125,0.125,0.125,0.125,0.125
67,67.0,67.0,0.125,0.125,0.125,0.125,0.125,0.125,0.125,0.125
68,68.0,68.0,0.125,0.125,0.125,0.125,0.125,0.125,0.125,0.125
69,69.0,69.0,0.125,0.125,0.125,0.125,0.125,0.125,0.125,0.125
70,70.0,70.0,0.125,0.125,0.125,0.125,0.125,0.125,0.125,0.125
71,71.0,71.0,0.125,0.125,0.125,0.125,0.125,0.125,0.125,0.125
72,72.0,72.0,0.125,0.125,0.125,0.125,0.125,0.125,0.125,0.125
73,73.0,73.0,0.125,0.125,0.125,0.125,0.125,0.125,0.125,0.125
74,74.0,74.0,0.125,0.125,0.125,0.125,0.125,0.125,0.125,0.125
75,75.0,75.0,0.125,0.125,0.125,0.125,0.125,0.125,0.125,0.125
76,76.0,76.0,0.125,0.125,0.125,0.125,0.125,0.125,0.125,0.125
77,77.0,77.0,0.125,0.125,0.125,0.125,0.125,0.125,0.125,0.125
78,78.0,78.0,0.125,0.125,0.125,0.125,0.125,0.125,0.125,0.125
79,79.0,79.0,0.125,0.125,0.125,0.125,0.125,0.125,0.125,0.125
80,80.0,80.0,0.125,0.125,0.125,0.125,0.125,0.125,0.125,0.125
81,81.0,81.0,0.125,0.125,0.125,0.125,0.125,0.125,0.125,0.125
82,82.0,82.0,0.125,0.125,0.125,0.125,0.125,0.125,0.125,0.125
83,83.0,83.0,0.125,0.125,0.125,0.125,0.125,0.125,0.125,0.125
84,84.0,84.0,0.125,0.125,0.125,0.125,0.125,0.125,0.125,0.125
85,85.0,85.0,0.125,0.125,0.125,0.125,0.125,0.125,0.125,0.125
86,86.0,86.0,0.125,0.125,0.125,0.125,0.125,0.125,0.125,0.125
87,87.0,87.0,0.125,0.125,0.125,0.125,0.125,0.125,0.125,0.125
88,88.0,88.1,0.125,0.125,0.125,0.125,0.125,0.125,0.125,0.125
89,89.0,89.1,0.125,0.125,0.125,0.125,0.125,0.125,0.125,0.125
90,90.0,90.3,0.125,0.125,0.125,0.125,0.125,0.125,0.125,0.125
91,91.0,91.3,0.125,0.125,0.125,0.125,0.125,0.125,0.125,0.125
92,92.0,92.3,0.125,0.125,0.125,0.125,0.125,0.125,0.125,0.125
93,93.0,93.3,0.125,0.125,0.125,0.125,0.125,0.125,0.125,0.125
94,94.0,94.3,0.125,0.125,0.125,0.125,0.125,0.125,0.125,0.125
95,95.0,95.3,0.125,0.125,0.125,0.125,0.125,0.125,0.125,0.125
96,96.0,96.3,0.125,0.125,0.125,0.125,0.125,0.125,0.125,0.125
97,97.0,97.3,0.125,0.125,0.125,0.125,0.125,0.125,0.125,0.125
98,98.0,98.3,0.125,0.125,0.125,0.125,0.125,0.125,0.125,0.125
99,99.0,99.3,0.125,0.125,0.125,0.125,0.125,0.125,0.125,0.125
100,100.0,100.4,0.125,0.125,0.125,0.125,0.125,0.125,0.125,0.125
101,101.0,101.4,0.125,0.125,0.125,0.125,0.125,0.125,0.125,0.125
102,102.0,102.4,0.125,0.125,0.125,0.125,0.125,0.125,0.125,0.125
103,103.0,103.4,0.125,0.125,0.125,0.125,0.125,0.125,0.125,0.125
104,104.0,104.4,0.125,0.125,0.125,0.125,0.125,0.125,0.125,0.125
105,105.0,105.4,0.125,0.125,0.125,0.125,0.125,0.125,0.125,0.125
106,106.0,106.4,0.125,0.125,0.125,0.125,0.125,0.125,0.125,0.125
107,107.0,107.4,0.125,0.125,0.125,0.125,0.125,0.125,0.125,0.125
108,108.0,108.4,0.125,0.125,0.125,0.125,0.125,0.125,0.125,0.125
109,109.0,109.4,0.125,0.125,0.125,0.125,0.125,0.125,0.125,0.125
110,110.0,110.4,0.125,0.125,0.125,0.125,0.125,0.125,0.125,0.125
111,111.0,111.4,0.125,0.125,0.125,0.125,0.125,0.125,0.125,0.125
112,112.0,112.4,0.125,0.125,0.125,0.125,0.125,0.125,0.125,0.125
113,113.0,113.4,0.125,0.125,0.125,0.125,0.125,0.125,0.125,0.125
114,114.0,114.4,0.125,0.125,0.125,0.125,0.125,0.125,0.125,0.125
115,115.0,115.4,0.125,0.125,0.125,0.125,0.125,0.125,0.125,0.125
116,116.0,116.4,0.125,0.125,0.125,0.125,0.125,0.125,0.125,0.125
117,117.0,117.4,0.125,0.125,0.125,0.125,0.125,0.125,0.125,0.125
118,118.0,118.4,0.125,0.125,0.125,0.125,0.125,0.125,0.125,0.125
119,119.0,119.4,0.125,0.125,0.125,0.125,0.125,0.125,0.125,0.125
120,120.0,120.4,0.125,0.125,0.125,0.125,0.125,0.125,0.125,0.125
121,121.0,121.4,0.125,0.125,0.125,0.125,0.125,0.125,0.125,0.125
122,122.0,122.4,0.125,0.125,0.125,0.125,0.125,0.125,0.125,0.125
123,123.0,123.4,0.125,0.125,0.125,0.125,0.125,0.125,0.125,0.125
124,124.0,124.4,0.125,0.125,0.125,0.125,0.125,0.125,0.125,0.125
125,125.0,125.4,0.125,0.125,0.125,0.125,0.125,0.125,0.125,0.125
126,126.0,126.4,0.125,0.125,0.125,0.125,0.125,0.125,0.125,0.125
127,127.0,127.4,0.125,0.125,0.125,0.125,0.125,0.125,0.125,0.125
128,128.0,128.4,0.125,0.125,0.125,0.125,0.125,0.125,0.125,0.125
129,129.0,129.4,0.125,0.125,0.125,0.125,0.125,0.125,0.125,0.125
130,130.0,130.4,0.125,0.125,0.125,0.125,0.125,0.125,0.125,0.125
131,131.0,131.4,0.125,0.125,0.125,0.125,0.125,0.125,0.125,0.125
132,132.0,132.4,0.125,0.125,0.125,0.125,0.125,0.125,0.125,0.125
133,133.0,133.4,0.125,0.125,0.125,0.125,0.125,0.125,0.125,0.125
134,134.0,134.4,0.125,0.125,0.125,0.125,0.125,0.125,0.125,0.125
135,135.0,135.4,0.125,0.125,0.125,0.125,0.125,0.125,0.125,0.125
136,136.0,136.4,0.125,0.125,0.125,0.125,0.125,0.125,0.125,0.125
137,137.0,137.4,0.125,0.125,0.125,0.125,0.125,0.125,0.125,0.125
138,138.0,138.4,0.125,0.125,0.125,0.125,0.125,0.125,0.125,0.125
139,139.0,139.4,0.125,0.125,0.125,0.125,0.125,0.125,0.125,0.125
140,140.0,140.4,0.125,0.125,0.125,0.125,0.125,0.125,0.125,0.125
141,141.0,141.4,0.125,0.125,0.125,0.125,0.125,0.125,0.125,0.125
142,142.0,142.4,0.125,0.125,0.125,0.125,0.125,0.125,0.125,0.125
143,143.0,143.4,0.125,0.125,0.125,0.125,0.125,0.125,0.125,0.125
144,144.0,144.4,0.125,0.125,0.125,0.125,0.125,0.125,0.125,0.125
145,145.0,145.4,0.125,0.125,0.125,0.125,0.125,0.125,0.125,0.125
146,146.0,146.4,0.125,0.125,0.125,0.125,0.125,0.125,0.125,0.125
147,147.0,147.4,0.125,0.125,0.125,0.125,0.125,0.125,0.125,0.125
148,148.0,148.4,0.125,0.125,0.125,0.125,0.125,0.125,0.125,0.125
149,149.0,149.4,0.125,0.125,0.125,0.125,0.125,0.125,0.125,0.125
150,150.0,150.4,0.125,0.125,0.125,0.125,0.125,0.125,0.125,0.125
151,151.0,151.4,0.125,0.125,0.125,0.125,0.125,0.125,0.125,0.125
152,152.0,152.4,0.125,0.125,0.125,0.125,0.125,0.125,0.125,0.125
153,153.0,153.4,0.125,0.125,0.125,0.125,0.125,0.125,0.125,0.125
154,154.0,154.4,0.125,0.125,0.125,0.125,0.125,0.125,0.125,0.125
155,155.0,155.4,0.125,0.125,0.125,0.125,0.125,0.125,0.125,0.125
156,156.0,156.4,0.125,0.125,0.125,0.125,0.125,0.125,0.125,0.125
157,157.0,157.4,0.125,0.125,0.125,0.125,0.125,0.125,0.125,0.125
158,158.0,158.4,0.125,0.125,0.125,0.125,0.125,0.125,0.125,0.125
159,159.0,159.4,0.125,0.125,0.125,0.125,0.125,0.125,0.125,0.125
160,160.0,160.4,0.125,0.125,0.125,0.125,0.125,0.125,0.125,0.125
161,161.0,161.4,0.125,0.125,0.125,0.125,0.125,0.125,0.125,0.125
162,162.0,162.4,0.125,0.125,0.125,0.125,0.125,0.125,0.125,0.125
163,163.0,163.4,0.125,0.125,0.125,0.125,0.125,0.125,0.125,0.125
164,164.0,164.4,0.125,0.125,0.125,0.125,0.125,0.125,0.125,0.125
165,165.0,165.4,0.125,0.125,0.125,0.125,0.125,0.125,0.125,0.125
166,166.0,166.4,0.125,0.125,0.125,0.125,0.125,0.125,0.125,0.125
167,167.0,167.4,0.125,0.125,0.125,0.125,0.125,0.125,0.125,0.125
168,168.0,168.4,0.125,0.125,0.125,0.125,0.125,0.125,0.125,0.125
169,169.0,169.4,0.125,0.125,0.125,0.125,0.125,0.125,0.125,0.125
170,170.0,170.4,0.125,0.125,0.125,0.125,0.125,0.125,0.125,0.125
171,171.0,171.4,0.125,0.125,0.125,0.125,0.125,0.125,0.125,0.125
172,172.0,172.4,0.125,0.125,0.125,0.125,0.125,0.125,0.125,0.125
173,173.0,173.4,0.125,0.125,0.125,0.125,0.125,0.125,0.125,0.125
174,174.0,174.4,0.125,0.125,0.125,0.125,0.125,0.125,0.125,0.125
175,175.0,175.4,0.125,0.125,0.125,0.125,0.125,0.125,0.125,0.125
176,176.0,176.4,0.125,0.125,0.125,0.125,0.125,0.125,0.125,0.125
177,177.0,177.4,0.125,0.125,0.125,0.125,0.125,0.125,0.125,0.125
178,178.0,178.4,0.125,0.125,0.125,0.125,0.125,0.125,0.125,0.125
179,179.0,179.4,0.125,0.125,0.125,0.125,0.125,0.125,0.125,0.125
180,180.0,180.4,0.125,0.125,0.125,0.125,0.125,0.125,0.125,0.125
181,181.0,181.4,0.125,0.125,0.125,0.125,0.125,0.125,0.125,0.125
182,182.0,182.4,0.125,0.125,0.125,0.125,0.125,0.125,0.125,0.125
183,183.0,183.4,0.125,0.125,0.125,0.125,0.125,0.125,0.125,0.125
184,184.0,184.4,0.125,0.125,0.125,0.125,0.125,0.125,0.125,0.125
185,185.0,185.4,0.125,0.125,0.125,0.125,0.125,0.125,0.125,0.125
186,186.0,186.4,0.125,0.125,0.125,0.125,0.125,0.125,0.125,0.125
187,187.0,187.4,0.125,0.125,0.125,0.125,0.125,0.125,0.125,0.125
188,188.0,188.4,0.125,0.125,0.125,0.125,0.125,0.125,0.125,0.125
189,189.0,189.4,0.125,0.125,0.125,0.125,0.125,0.125,0.125,0.125
190,190.0,190.4,0.125,0.125,0.125,0.125,0.125,0.125,0.125,0.125
191,191.0,191.4,0.125,0.125,0.125,0.125,0.125,0.125,0.125,0.125
192,192.0,192.4,0.125,0.125,0.125,0.125,0.125,0.125,0.125,0.125
193,193.0,193.4,0.125,0.125,0.125,0.125,0.125,0.125,0.125,0.125
194,194.0,194.4,0.125,0.125,0.125,0.125,0.125,0.125,0.125,0.125
195,195.0,195.4,0.125,0.125,0.125,0.125,0.125,0.125,0.125,0.125
196,196.0,196.4,0.125,0.125,0.125,0.125,0.125,0.125,0.125,0.125
197,197.0,197.4,0.125,0.125,0.125,0.125,0.125,0.125,0.125,0.125
198,198.0,198.4,0.125,0.125,0.125,0.125,0.125,0.125,0.125,0.125
199,199.0,199.4,0.12487113402061856,0.12487113402061856,0.12487113402061856,0.12487113402061856,0.12487113402061856,0.12487113402061856,0.1259020618556701,0.12487113402061856
200,200.0,200.4,0.12335600907029479,0.12335600907029479,0.12335600907029479,0.1243764172335601,0.12335600907029479,0.12335600907029479,0.1243764172335601,0.13446712018140589
201,201.0,201.4,0.12085600907029478,0.12085600907029478,0.12085600907029478,0.1218764172335601,0.13085600907029477,0.12085600907029478,0.13298752834467123,0.13085600907029477
202,202.0,202.4,0.1194671201814059,0.1194671201814059,0.1194671201814059,0.12048752834467122,0.12946712018140588,0.1194671201814059,0.14270975056689345,0.12946712018140588
203,203.0,203.4,0.1194671201814059,0.1194671201814059,0.1194671201814059,0.12048752834467122,0.12946712018140588,0.1194671201814059,0.14270975056689345,0.12946712018140588
204,204.0,204.4,0.11744691816120387,0.12744691816120385,0.11744691816120387,0.11846732632446919,0.12653782725211296,0.11744691816120387,0.1395784374355803,0.13562873634302205
205,205.0,205.4,0.11497076023391813,0.12602339181286548,0.11707602339181286,0.11918128654970758,0.1254093567251462,0.1254093567251462,0.13923976608187133,0.13269005847953216
206,206.0,206.4,0.11486111111111111,0.12590277777777775,0.11694444444444445,0.11902777777777777,0.12527777777777777,0.12631944444444443,0.1390972222222222,0.13256944444444443
207,207.0,207.4,0.11364261168384879,0.12467353951890034,0.11570446735395187,0.11776632302405496,0.12506872852233675,0.12506872852233675,0.14673539518900341,0.13134020618556702
208,208.0,208.4,0.11364261168384879,0.12467353951890034,0.11570446735395187,0.11776632302405496,0.12506872852233675,0.12506872852233675,0.14673539518900341,0.13134020618556702
209,209.0,209.4,0.11273352077475789,0.12376444860980942,0.11479537644486097,0.1178881599500156,0.1231287097781943,0.12415963761324585,0.15309903155263976,0.1304311152764761
210,210.0,210.4,0.11048185941043083,0.12150226757369613,0.11252267573696144,0.12669501133786848,0.12085600907029477,0.1312301587301587,0.14854308390022675,0.12816893424036283
211,211.0,211.4,0.10938422688422689,0.12039432789432788,0.11140442890442889,0.12443473193473191,0.1381876456876457,0.12212703962703964,0.145491452991453,0.1285761460761461
212,212.0,212.4,0.10653679653679655,0.12774891774891775,0.10855699855699856,0.13067821067821067,0.13479076479076477,0.12587301587301586,0.1400865800865801,0.12572871572871575
213,213.0,213.4,0.10577922077922078,0.13456709956709956,0.10779942279942278,0.12916305916305912,0.134033189033189,0.1251154401154401,0.13857142857142854,0.12497113997113998
214,214.0,214.4,0.10375901875901875,0.14143578643578641,0.10577922077922078,0.13532467532467532,0.1311038961038961,0.12309523809523806,0.1365512265512265,0.12295093795093792
215,215.0,215.4,0.10300144300144298,0.14067821067821068,0.10502164502164502,0.13305194805194803,0.12958874458874456,0.1223376623376623,0.14412698412698408,0.12219336219336216
216,216.0,216.4,0.11069375069375068,0.13170385170385168,0.10438061938061938,0.13112887112887112,0.13599900099900097,0.12169663669663666,0.1428449328449328,0.12155233655233652
217,217.0,217.4,0.11579698079698078,0.1291147741147741,0.10243256743256741,0.1274408924408924,0.1393373293373293,0.12808191808191804,0.13970640470640466,0.11808913308913309
218,218.0,218.4,0.11414862914862914,0.128015873015873,0.10188311688311687,0.1263419913419913,0.13878787878787877,0.13467532467532464,0.13860750360750357,0.11753968253968254
219,219.0,219.4,0.11414862914862914,0.128015873015873,0.10188311688311687,0.1263419913419913,0.13878787878787877,0.13467532467532464,0.13860750360750357,0.11753968253968254
220,220.0,220.4,0.11367243867243866,0.12753968253968254,0.10140692640692639,0.12491341991341989,0.1435497835497835,0.13419913419913415,0.13765512265512264,0.11706349206349206
221,221.0,221.4,0.1178528416028416,0.12552960927960927,0.09987304362304361,0.1220700133200133,0.14595820845820845,0.13154803529803527,0.13522838272838272,0.12193986568986567
222,222.0,222.4,0.1244462481962482,0.12498015873015873,0.09932359307359306,0.12152056277056275,0.14485930735930735,0.13044913419913418,0.13467893217893218,0.11974206349206348
223,223.0,223.4,0.1244462481962482,0.12498015873015873,0.09932359307359306,0.12152056277056275,0.14485930735930735,0.13044913419913418,0.13467893217893218,0.11974206349206348
224,224.0,224.4,0.12349386724386724,0.12450396825396826,0.09884740259740259,0.12104437229437229,0.1439069264069264,0.1361634199134199,0.13420274170274168,0.11783730158730157
225,225.0,225.4,0.12320998445998446,0.12463675213675214,0.09898018648018647,0.12886946386946385,0.14417249417249417,0.12886946386946385,0.13454156954156954,0.11672008547008546
226,226.0,226.4,0.1224746903423374,0.12426910507792861,0.09861253942136294,0.12850181681064032,0.1434372000548471,0.12776652269299327,0.13380627542392248,0.12113185017596781
227,227.0,227.4,0.1273766511266511,0.1239423076923077,0.09828574203574202,0.1281750194250194,0.14278360528360529,0.1267861305361305,0.13315268065268066,0.11949786324786324
228,228.0,228.4,0.13397005772005768,0.12339285714285715,0.09773629148629147,0.12707611832611831,0.1416847041847042,0.1256872294372294,0.131504329004329,0.11894841269841269
229,229.0,229.4,0.12579545454545454,0.12208333333333332,0.09684343434343431,0.13820707070707072,0.14031565656565656,0.12945707070707071,0.12924242424242424,0.11805555555555554
230,230.0,230.4,0.12432486631016042,0.12134803921568627,0.09647578728461079,0.1429864824717766,0.13994800950683303,0.12872177658942366,0.12850713012477716,0.11768790849673202
231,231.0,231.4,0.12432486631016042,0.12134803921568627,0.09647578728461079,0.1429864824717766,0.13994800950683303,0.12872177658942366,0.12850713012477716,0.11768790849673202
232,232.0,232.4,0.12432486631016042,0.12134803921568627,0.09647578728461079,0.1429864824717766,0.13994800950683303,0.12205510992275696,0.13517379679144384,0.11768790849673202
233,233.0,233.4,0.11760918003565062,0.12718137254901962,0.09605912061794414,0.1417364824717766,0.1391146761734997,0.12163844325609033,0.13938948306595364,0.11727124183006536
234,234.0,234.4,0.12466450216450216,0.12742063492063493,0.09662518037518035,0.13437770562770562,0.1370021645021645,0.12187770562770564,0.14019480519480518,0.11783730158730157
235,235.0,235.4,0.12283492822966506,0.126359649122807,0.09585659223817115,0.13770268474215844,0.1343288144603934,0.1274833864965444,0.13836523125996808,0.11706871345029239
236,236.0,236.4,0.1163510101010101,0.12611111111111112,0.09587121212121212,0.14140151515151517,0.12712121212121213,0.12890151515151516,0.15063131313131312,0.11361111111111111
237,237.0,237.4,0.11610241066123417,0.12419584500466851,0.09568213649096,0.13395053475935828,0.1273488031576267,0.1273714031066972,0.15714741957389017,0.11820144724556488
238,238.0,238.4,0.1142929292929293,0.1228030303030303,0.09472222222222221,0.13582070707070706,0.1322222222222222,0.12521464646464647,0.15343434343434342,0.121489898989899
239,239.0,239.4,0.1134076462566165,0.12191774726671752,0.09423219610290548,0.13829510782886067,0.13173219610290549,0.12364979890437555,0.15722742297113007,0.11953788456648869
240,240.0,240.4,0.11260101010101009,0.12111111111111113,0.09378787878787878,0.14056818181818181,0.1362878787878788,0.12223484848484847,0.15563131313131312,0.11777777777777779
241,241.0,241.4,0.11414862914862914,0.12801587301587303,0.09444264069264068,0.14122294372294372,0.11974025974025973,0.11592532467532465,0.16450036075036073,0.12200396825396824
242,242.0,242.4,0.11319624819624818,0.12337301587301588,0.0939664502164502,0.15158008658008656,0.1183116883116883,0.11544913419913419,0.16259559884559885,0.12152777777777776
243,243.0,243.4,0.11186291486291484,0.1226230158730159,0.09338311688311687,0.15291341991341992,0.11689502164502166,0.10993722943722943,0.16667893217893218,0.1257063492063492
244,244.0,244.4,0.11186291486291484,0.1226230158730159,0.09338311688311687,0.15291341991341992,0.11689502164502166,0.10993722943722943,0.16667893217893218,0.1257063492063492
245,245.0,245.4,0.11362572210398296,0.12294428397689265,0.09067421708726056,0.15309060504712677,0.11614358467619337,0.10904606263301912,0.1663507145028884,0.12812480997263603
246,246.0,246.4,0.11212299895803732,0.12579781187837452,0.08996649142748886,0.15044828076157996,0.11450293644027658,0.10780062991380124,0.17352479397556123,0.12583605664488015
247,247.0,247.4,0.11141273900864693,0.12521982706125925,0.08965305687492388,0.1522512483254171,0.11400834246742172,0.10699260138838143,0.17222217147728655,0.128240013396663
248,248.0,248.4,0.1105107782243332,0.12431786627694555,0.08911874314943369,0.15134928754110338,0.11293971501644133,0.1061249543295579,0.179432955791012,0.12620569967117282
249,249.0,249.4,0.11035693207048705,0.12416402012309938,0.08896489699558753,0.1511954413872572,0.11263202270874903,0.10566341586801942,0.18235603271408896,0.12466723813271126
250,250.0,250.4,0.10972187109059847,0.11776975891139396,0.08869929414377778,0.15290028188520116,0.11222396971448914,0.10498976002194979,0.18687177653003562,0.12682328770255394
251,251.0,251.4,0.11453033023863357,0.11731439677588992,0.08826730741734339,0.15313495265860638,0.11144181019336419,0.10449933477284128,0.18443225467173646,0.12637961327158473
252,252.0,252.4,0.11356162501641535,0.11689616978539837,0.08787195848679234,0.15341952361470862,0.1070274818383502,0.10775049439614263,0.1874999215511289,0.12597282531106344
253,253.0,253.4,0.10956105846593955,0.11329876631503663,0.08759967816914,0.15805649919542283,0.10649204362596101,0.10720454139102446,0.19340961916681568,0.12437779367065974
254,254.0,254.4,0.10906844762850113,0.11292930818695782,0.08735337275042078,0.1595343317077381,0.10624573820724179,0.10646562513486686,0.19205493936385998,0.12634823702041342
255,255.0,255.4,0.11134266766134185,0.11246132789139132,0.08700033498358992,0.16198096553368227,0.10565460520231569,0.10599764483930034,0.18956725463479596,0.12599519925358255
256,256.0,256.4,0.10949467218513202,0.11158808399714368,0.0862346179710627,0.1620684539284402,0.10401884320209642,0.1047795733588458,0.19451730759898225,0.12729844775829674
257,257.0,257.4,0.1085900732429484,0.11023940314788841,0.08603913433068411,0.16744058750194793,0.10257334034595604,0.10454047841670562,0.19346257986598098,0.1271144031478884
258,258.0,258.4,0.10804659498207884,0.11005824372759856,0.08585797491039425,0.1667159498207885,0.10221102150537634,0.10435931899641575,0.1958176523297491,0.12693324372759857
259,259.0,259.4,0.10647548489993311,0.1093022585789988,0.08519668673149147,0.16365241549621853,0.10079827133816946,0.1032807532026547,0.20308669033287025,0.1282074394196635
260,260.0,260.4,0.10549185641998735,0.10876004111321949,0.08474359582542693,0.1643621916508539,0.09981886464263123,0.10556111638203666,0.20481846932321318,0.12644386464263124
261,261.0,261.4,0.107966628959276,0.10774361667744022,0.08480244020685196,0.16417218810601164,0.10084639625080798,0.1057381221719457,0.2033031674208145,0.12542744020685198
262,262.0,262.4,0.10683702587315118,0.10725557010243711,0.08431439363184885,0.16399815119284428,0.09971581990284034,0.10831535271113275,0.20774929295389652,0.12181439363184887
263,263.0,263.4,0.10545707652562489,0.10663358818600752,0.08377644532886466,0.16121744518921938,0.09966458944281523,0.10763493227202903,0.2143394777265745,0.12127644532886465
264,264.0,264.4,0.10464700537072616,0.10635170531791775,0.08357392754013998,0.16199467562162223,0.09933891894473094,0.10735304940393926,0.21566679026078361,0.12107392754013997
265,265.0,265.4,0.10426663186063405,0.10609860389803527,0.08339590119533258,0.16297853525338848,0.09912657551001276,0.1070427528342055,0.21619509825305866,0.12089590119533258
266,266.0,266.4,0.10360929891590705,0.10575875050590153,0.08312717155853311,0.16097771996853866,0.09842899433135721,0.10392513420708997,0.21805764350422413,0.1261152870084482
267,267.0,267.4,0.10251730442732139,0.10532769579034432,0.08276359322624176,0.16130272952853597,0.09758815462975054,0.10349407949153278,0.22125473423011624,0.12575170867615687
268,268.0,268.4,0.10192756083757779,0.10503282399547256,0.08253282399547254,0.16205913978494624,0.09702405206564799,0.103199207696661,0.2227034521788342,0.12552093944538764
269,269.0,269.4,0.10137596609086111,0.10475702662211417,0.08231800223187029,0.16278803284310756,0.09650153799435342,0.10292341032330263,0.2240299062126053,0.1253061176817854
270,270.0,270.4,0.100428670241913,0.10439090557936055,0.08200995319840819,0.16067929680832904,0.09580106179427061,0.10255728928054901,0.22913475444884615,0.1249980686483233
271,271.0,271.4,0.10002642990350327,0.10440182656699663,0.0820762451716478,0.16149521815319728,0.09576654731589732,0.10345808791000935,0.22826745788332542,0.12450818709542275
272,272.0,272.4,0.09917167526967888,0.1040691462197814,0.08179641894705414,0.1618032542170473,0.09512747385705642,0.10207277598384676,0.23173089463470592,0.12422836087082909
273,273.0,273.4,0.09889290068169376,0.103869451908245,0.08164722968602278,0.16250401179280488,0.09494538985918295,0.10182922202318752,0.23224358735134598,0.12406820669751703
274,274.0,274.4,0.0982679859065529,0.10358705750650618,0.08141314446302791,0.16575420944123792,0.09458996158162795,0.10150387229498822,0.23106038616315164,0.12382338264290707
275,275.0,275.4,0.0975500471648674,0.1043362480722296,0.08118818033449621,0.16371591776842795,0.09400309940557292,0.09811175827631123,0.2396004461946187,0.1214943027834758
276,276.0,276.4,0.09663009404388714,0.10382706374085682,0.08073362939742247,0.16253918495297803,0.09320837687216996,0.09928552769070008,0.24065308254963425,0.12312304075235106
277,277.0,277.4,0.09575902235349239,0.10334347514071014,0.08030265881417954,0.16570793967107328,0.09245697442010806,0.09838429146724076,0.23940964598568287,0.12463599214751286
278,278.0,278.4,0.09568971542279932,0.10324446523972004,0.08021354990328845,0.16550991986909308,0.09233816253891994,0.09825557859595363,0.24021162618370268,0.12453698224652276
279,279.0,279.4,0.09517400712407201,0.10397503245780484,0.08001424814407934,0.165776490562269,0.09203861646526182,0.10056739571889875,0.23812623589333864,0.12432797363427543
280,280.0,280.4,0.09463586009459793,0.10370204754792131,0.07976029997510578,0.16591719566840923,0.09148702389843165,0.10020789768483943,0.24022516803584767,0.12406450709484691
281,281.0,281.4,0.09419005589879374,0.10354324801412178,0.07960150044130626,0.1653125919388055,0.09357472786113562,0.09998499558693733,0.23988717269785234,0.12390570756104738
282,282.0,282.4,0.09505726457088046,0.08459338351547682,0.08065163594266128,0.17722993611224722,0.09450291214297843,0.10097415547853625,0.2420348691748171,0.1249558430624024
283,283.0,283.4,0.09331340228399052,0.08315395388924798,0.08927009265244559,0.17307746175393232,0.0927989657401422,0.09941876750700279,0.24540239172592115,0.12356496444731738
284,284.0,284.4,0.09472107350014326,0.08203004359981102,0.08727479884456626,0.16959910244793963,0.09143395364325596,0.10012485576439063,0.2523374106513641,0.12247876154852896
285,285.0,285.4,0.09336884813299905,0.08106767969975513,0.08559114365718136,0.177674715221885,0.08928189734793504,0.09903706880121972,0.25242596502030457,0.12155268211871981
286,286.0,286.4,0.09258806008806006,0.08035677285677283,0.08427415177415173,0.17652033152033147,0.09629823879823877,0.09825628075628072,0.2508294483294483,0.12087671587671585
287,287.0,287.4,0.09258806008806006,0.08035677285677283,0.08427415177415173,0.17652033152033147,0.09629823879823877,0.09825628075628072,0.2508294483294483,0.12087671587671585
288,288.0,288.4,0.09245337995337993,0.08028943278943276,0.0842404817404817,0.1754428904428904,0.09808275058275055,0.09812160062160061,0.250526418026418,0.1208430458430458
289,289.0,289.4,0.0921214896214896,0.08017399267399265,0.08415750915750914,0.1759371184371184,0.09508852258852254,0.10066849816849814,0.2510927960927961,0.12076007326007324
290,290.0,290.4,0.09221874003910616,0.08062897741959525,0.07695151453160605,0.18644730895302974,0.08767950620925447,0.10093744201867769,0.2538901245022526,0.12124638632647784
291,291.0,291.4,0.09169936276155141,0.08045110412749519,0.07584235081184532,0.18593577565166935,0.08906214015483425,0.10058169543447762,0.25532880998987106,0.1210987610682556
292,292.0,292.4,0.09061450044208663,0.07959754326133635,0.075016262473159,0.18368937097385368,0.08805245042314006,0.09959801692560312,0.2631774977895668,0.12025435771125426
293,293.0,293.4,0.0897026741731175,0.07894147314098052,0.07436019235280318,0.18822953319258737,0.08724724372507622,0.098835327234342,0.26308526859019465,0.11959828759089838
294,294.0,294.4,0.0887634008543475,0.07830504537490893,0.0737529872635288,0.19282958325951297,0.08643898501939012,0.09803866217838933,0.26288025354829825,0.11899108250162405
295,295.0,295.4,0.08823373983739835,0.07783188153310104,0.07330807200929151,0.19725754936120785,0.0859375725900116,0.09750900116144018,0.2613760162601626,0.11854616724738676
296,296.0,296.4,0.0858305992836651,0.07792241017835486,0.07342592305891692,0.2017349311083582,0.08600077883089383,0.09139103884410467,0.26220978757818136,0.121484531117525
297,297.0,297.4,0.08498258084595842,0.0773029928817405,0.07283294679879118,0.20215555756352716,0.08426603616356934,0.09047900163649686,0.26509502725821515,0.12288585685170124
298,298.0,298.4,0.08611700688812068,0.07673403843538482,0.07586102256236893,0.19990618316811706,0.08354069431180812,0.0896334904046042,0.2675846369053223,0.12062292732427368
299,299.0,299.4,0.0872311517911713,0.07620898606381689,0.07523761906874302,0.2013342362067557,0.08286541728982358,0.08884654355620523,0.26630607884308277,0.12196996718040147
300,300.0,300.4,0.08501952450065656,0.07517810107432746,0.07319938796353886,0.2135757481512198,0.08075569608588475,0.08660582778507303,0.2639128673562635,0.12175284708303573
301,301.0,301.4,0.08330008452034701,0.07372194048773209,0.07176653740025353,0.22397028115444848,0.07916057622989534,0.08502106793944364,0.26273951574812937,0.12031999651975041
302,302.0,302.4,0.08201322467155583,0.07268890017372612,0.07075611128796622,0.22907316964578328,0.07799373318022543,0.08386407822052258,0.2643012124127572,0.11930957040746308
303,303.0,303.4,0.08205666308941933,0.07150661635771771,0.06948824966837612,0.23697611122357998,0.07668251740333953,0.08245471480457957,0.2642987950092006,0.11653633244378696
304,304.0,304.4,0.08086139144635522,0.07826134820207885,0.06857198669340483,0.23599989695441986,0.07562061560785938,0.08140174817000191,0.2636629434570641,0.11562006946881567
305,305.0,305.4,0.08233423639710713,0.07798323466458953,0.06831457708966296,0.23406522878176114,0.07522253645649768,0.08101218776168999,0.2657053389836176,0.1153626598650738
306,306.0,306.4,0.08169184158567043,0.071889352958011,0.06787153303439979,0.24373075625413593,0.07474434454273951,0.08044131725954347,0.2629975288782697,0.11663332548722996
307,307.0,307.4,0.08072288429559452,0.0710947150804416,0.07425745969033608,0.23813537196058387,0.07389506185642691,0.07961935697760246,0.26639875513870526,0.11587639500030913
308,308.0,308.4,0.08022530045696509,0.07082430634051143,0.07404289723598911,0.2365177484566559,0.07355220922818304,0.07928338357051073,0.26989232216522235,0.11566183254596216
309,309.0,309.4,0.0795491588018883,0.07024018291198378,0.07303654980743958,0.23269961941301637,0.07294905992446513,0.07866120839160257,0.277732545156001,0.11513167559360311
310,310.0,310.4,0.0792019805581126,0.07011021788144427,0.0729587664729174,0.23158637303684476,0.07410073130591996,0.07846861839786365,0.2785194200878163,0.11505389225908091
311,311.0,311.4,0.07844901168014375,0.06956777852650493,0.07205014600179693,0.22933788185085352,0.07347265274034141,0.08411534141958668,0.27844524932614556,0.11456193845462712
312,312.0,312.4,0.07790522697120476,0.06922814602500763,0.07166468871105379,0.23121384054884042,0.07304985559646894,0.0836218857675557,0.27753002673113614,0.11578632964873248
313,313.0,313.4,0.07701746570752271,0.06853844743670222,0.07056555271307077,0.23665202278936054,0.07400349854261214,0.08241792718743614,0.2742350933985708,0.11656999222472449
314,314.0,314.4,0.07619250450278224,0.06790572996730238,0.06956787693805186,0.23279686040947006,0.07326302995967772,0.08687402003950684,0.2789294357764535,0.11447054240675505
315,315.0,315.4,0.07542235259323561,0.06732225752774343,0.06865711884312087,0.231149222804068,0.0725749537817884,0.09210096180587132,0.2774923792429579,0.11528075340121421
316,316.0,316.4,0.07498854106173863,0.06978842423944237,0.06704824248027327,0.23191840124008536,0.07725950757458735,0.09003516795619161,0.27634174739568246,0.11261996805199885
317,317.0,317.4,0.07447888344293711,0.06934016574705806,0.06668891672285822,0.2328962503897158,0.07805031201436569,0.0895187371756295,0.2754330558798152,0.11359367862762013
318,318.0,318.4,0.07405016549685636,0.06901731237222676,0.066407936483281,0.23149036223282776,0.07768195624132315,0.08912946678015583,0.27762805072323476,0.11459474967009417
319,319.0,319.4,0.07365742664883296,0.06866974064254122,0.06583732522161281,0.23632216848739823,0.07705112215520452,0.08802244221784669,0.27617754098004205,0.11426223364652126
320,320.0,320.4,0.07325014095029636,0.06840434277472748,0.0653701700553624,0.2349091145068603,0.07648607168622709,0.08704405313130531,0.2759791236530452,0.11855698324217559
321,321.0,321.4,0.07271476181690592,0.06803272391568994,0.06484086746296393,0.23911176377078697,0.07581014171990942,0.0860174937616867,0.27544456690227975,0.11802768064977712
322,322.0,322.4,0.07238813531437872,0.06786547411892341,0.06471242485573989,0.2418312824786189,0.07553905020442406,0.08578971549585021,0.27397467948951154,0.11789923804255306
323,323.0,323.4,0.07458993189592941,0.06765833635968269,0.06173026708094024,0.24572242995682406,0.07498216247237052,0.08234846283867088,0.27407022251514296,0.11889818688043899
324,324.0,324.4,0.07415155534121047,0.0672833660592281,0.061292781930712935,0.24833268455682247,0.07444459563425078,0.08150087269052783,0.2733863435415159,0.11960780024573126
325,325.0,325.4,0.073631090041145,0.06691241921210497,0.06086776734655758,0.25079857168231084,0.07388701832338908,0.08067576113334161,0.2729548430098312,0.12027252925131951
326,326.0,326.4,0.07307036917703819,0.06649739269328839,0.06040598350393134,0.2539464784670965,0.07329608745153696,0.07983896722971083,0.27209739070285066,0.1208473307745469
327,327.0,327.4,0.0740563066079884,0.06775511716073154,0.06010347034975579,0.2555845415501724,0.0729176485181108,0.07923394092135974,0.26980415727150986,0.12054481762037135
328,328.0,328.4,0.07369502064416414,0.0675286553638748,0.059807748105541146,0.2563889007179028,0.07249812383389156,0.07971615436052093,0.2701163015979477,0.12024909537615672
329,329.0,329.4,0.0733479808389633,0.06727655226753472,0.05948094392915759,0.25299858091639266,0.07543276597252893,0.07912352161750993,0.2724173632581396,0.11992229119977313
330,330.0,330.4,0.07306214863125429,0.06711994268904833,0.05937566799355415,0.25419116114238066,0.07520866215988166,0.07892220170675454,0.2723032004129565,0.11981701526416973
331,331.0,331.4,0.07278458719148181,0.06696854921743749,0.05927427084948578,0.25300847856805275,0.07499132354455966,0.07872700009557342,0.2745301724133077,0.11971561812010134
332,332.0,332.4,0.07251490913304963,0.0668220917806909,0.05917652444196858,0.2518850485029994,0.07613176850953289,0.07853761058502129,0.2753141753341529,0.11961787171258416
333,333.0,333.4,0.07235687720082415,0.06910308423870933,0.05891096562802266,0.25223532546617966,0.07575868281386655,0.0780569980076345,0.27422575374612473,0.11935231289863824
334,334.0,334.4,0.0719371618914045,0.06871135543979162,0.05857061043211113,0.2505068122620717,0.07523478093902357,0.08060766880384691,0.27324195218059166,0.12118965805115874
335,335.0,335.4,0.07084161852968933,0.06782662695156665,0.05861081830942837,0.2500310441857953,0.07423319462870329,0.08065159623955691,0.2765522551609713,0.12125284599428872
336,336.0,336.4,0.0705382655390305,0.06759227130478657,0.058459178520378,0.25084114376036043,0.07393946705069714,0.08036652071918286,0.2771942974406255,0.12106885566493888
337,337.0,337.4,0.07039097392087423,0.0674778744234724,0.05967109786669585,0.2500419085344334,0.07377552541589086,0.08022491420539592,0.2774189819040317,0.12099872372920543
338,338.0,338.4,0.07019283288959952,0.06726616234125549,0.05952298314996525,0.2519768610265577,0.07353368335990244,0.07997731778480215,0.27668163695651643,0.12084852249140096
339,339.0,339.4,0.07000746097216712,0.06719254190109042,0.05945988238158639,0.2520957937954754,0.07340177308374243,0.08086866141043933,0.27620183014279476,0.120772056312704
340,340.0,340.4,0.0698244136687746,0.0670429408738247,0.05808039747337401,0.25160527117178655,0.07324401820642307,0.0806970140062151,0.2777422178768608,0.12176372672274097
341,341.0,341.4,0.06965128392887786,0.06694641991840193,0.05801552208757148,0.25229789414175674,0.07310613820469887,0.08060354770485678,0.27770587893838894,0.12167331507544714
342,342.0,342.4,0.06942975554707861,0.06675571396783012,0.057890947483181555,0.2536324564439829,0.07289266494067338,0.08040697267138075,0.27748535083815457,0.12150613810771796
343,343.0,343.4,0.06926544830960064,0.06666466680361219,0.05783001173118888,0.25245224249954135,0.07276214204592282,0.08031877120106545,0.27928593507776317,0.12142078233130527
344,344.0,344.4,0.06910528998295878,0.06657617593994217,0.057770906703545864,0.25309765794471784,0.07263506910991532,0.08023302867824696,0.27924408349133456,0.12133778814933831
345,345.0,345.4,0.06889719739055777,0.06639494200811809,0.05765297299829192,0.2543759712902327,0.07243342370904217,0.0800457966151939,0.2790205239802014,0.12117917200836188
346,346.0,346.4,0.06869389094057324,0.0662177960716282,0.05753781719934533,0.2538946602556158,0.07223638357690162,0.08298772251770926,0.27946875096804824,0.11896297847017809
347,347.0,347.4,0.06858152998132765,0.06607387609702388,0.05731604036437956,0.2557466932927325,0.07308373948537565,0.08243659594411218,0.27792562623013917,0.11883589860490931
348,348.0,348.4,0.06842405860308794,0.06591640471878416,0.05709617324706127,0.2532458767464781,0.07272128416707016,0.08478803364820484,0.2791030108220076,0.11870515804730578
349,349.0,349.4,0.06822347593087506,0.06567412062872309,0.05682933997981876,0.2550846771313134,0.07230149011527225,0.08404626924489454,0.2793349491427334,0.11850567782636937
350,350.0,350.4,0.06808489715307828,0.06552956456485096,0.05673234137858284,0.25428859701723866,0.0721575978845608,0.08394878725336699,0.2808995101644279,0.11835870458389344
351,351.0,351.4,0.06791699542551718,0.06545966880581942,0.05669815324018016,0.25555750100188074,0.0720085870171088,0.08382671681848601,0.28024075598235887,0.11829162170864863
352,352.0,352.4,0.0677409626970176,0.0653394092921505,0.056620588430472484,0.25827440526149487,0.07185137834093838,0.08077793349908413,0.2812295695908338,0.11816575288800805
353,353.0,353.4,0.06753642414932734,0.06522891023467059,0.0564410314467918,0.25921761226484724,0.07153018832166294,0.08020855360717112,0.281803278007195,0.11803400196833373
354,354.0,354.4,0.06732696732696729,0.0650812963312963,0.05624276249276248,0.2609990422490422,0.0711873899373899,0.07968746718746716,0.2815951878451878,0.1178798866298866
355,355.0,355.4,0.06722000984014712,0.06497433884447615,0.05608857040493196,0.26208924402574285,0.07091429578557724,0.07923683550113755,0.2816798873005967,0.11779681829739037
