,Unnamed: 0,Total_iterations,Intertwine_two,Invert_path_vertices,Insert_inside_vertex,Delete_inside_vertex,Replace_inside_vertex,Donate_between_routes,Trim_one_terminal_cb,Grow_one_terminal_cb
0,0.0,0.0,0.125,0.125,0.125,0.125,0.125,0.125,0.125,0.125
1,1.0,0.10900000000000001,0.125,0.125,0.125,0.125,0.125,0.125,0.125,0.125
2,2.0,0.31601,0.125,0.125,0.125,0.125,0.125,0.125,0.125,0.125
3,3.0,0.6191589000000001,0.125,0.125,0.125,0.125,0.125,0.125,0.125,0.125
4,4.0,1.015801321,0.125,0.125,0.125,0.125,0.125,0.125,0.125,0.125
5,5.0,1.50262148669,0.125,0.125,0.125,0.125,0.125,0.125,0.125,0.125
6,6.0,2.0757334209441005,0.125,0.125,0.125,0.125,0.125,0.125,0.125,0.125
7,7.0,2.7307768275633495,0.125,0.125,0.125,0.125,0.125,0.125,0.125,0.125
8,8.0,3.4630081252450404,0.125,0.125,0.125,0.125,0.125,0.125,0.125,0.125
9,9.0,4.2673862119061114,0.125,0.125,0.125,0.125,0.125,0.125,0.125,0.125
10,10.0,5.138652627782014,0.125,0.125,0.125,0.125,0.125,0.125,0.125,0.125
11,11.0,6.071405875792507,0.125,0.125,0.125,0.125,0.125,0.125,0.125,0.125
12,12.0,7.060169740244025,0.125,0.125,0.125,0.125,0.125,0.125,0.125,0.125
13,13.0,8.099455520847952,0.125,0.125,0.125,0.125,0.125,0.125,0.125,0.125
14,14.0,9.183818168183006,0.125,0.125,0.125,0.125,0.125,0.125,0.125,0.125
15,15.0,10.307906369102724,0.125,0.125,0.125,0.125,0.125,0.125,0.125,0.125
16,16.0,11.466506686239443,0.125,0.125,0.125,0.125,0.125,0.125,0.125,0.125
17,17.0,12.654581904800096,0.125,0.125,0.125,0.125,0.125,0.125,0.125,0.125
18,18.0,13.867303782456686,0.125,0.125,0.125,0.125,0.125,0.125,0.125,0.125
19,19.0,15.100080434523047,0.125,0.125,0.125,0.125,0.125,0.125,0.125,0.125
20,20.0,16.348578617037543,0.125,0.125,0.125,0.125,0.125,0.125,0.125,0.125
21,21.0,17.608741195130214,0.125,0.125,0.125,0.125,0.125,0.125,0.125,0.125
22,22.0,18.876800103462312,0.125,0.125,0.125,0.125,0.125,0.125,0.125,0.125
23,23.0,20.14928511992658,0.125,0.125,0.125,0.125,0.125,0.125,0.125,0.125
24,24.0,21.423028783545156,0.125,0.125,0.125,0.125,0.125,0.125,0.125,0.125
25,25.0,22.695167792966423,0.125,0.125,0.125,0.125,0.125,0.125,0.125,0.125
26,26.0,23.963141223515898,0.125,0.125,0.125,0.125,0.125,0.125,0.125,0.125
27,27.0,25.224685898775267,0.125,0.125,0.125,0.125,0.125,0.125,0.125,0.125
28,28.0,26.477829247520948,0.125,0.125,0.125,0.125,0.125,0.125,0.125,0.125
29,29.0,27.720879968916847,0.125,0.125,0.125,0.125,0.125,0.125,0.125,0.125
30,30.0,28.95241681848399,0.125,0.125,0.125,0.125,0.125,0.125,0.125,0.125
31,31.0,30.17127581490958,0.125,0.125,0.125,0.125,0.125,0.125,0.125,0.125
32,32.0,31.376536153543515,0.125,0.125,0.125,0.125,0.125,0.125,0.125,0.125
33,33.0,32.567505096778625,0.125,0.125,0.125,0.125,0.125,0.125,0.125,0.125
34,34.0,33.74370209472243,0.125,0.125,0.125,0.125,0.125,0.125,0.125,0.125
35,35.0,34.90484237192463,0.125,0.125,0.125,0.125,0.125,0.125,0.125,0.125
36,36.0,36.05082019768737,0.125,0.125,0.125,0.125,0.125,0.125,0.125,0.125
37,37.0,37.18169203889697,0.125,0.125,0.125,0.125,0.125,0.125,0.125,0.125
38,38.0,38.29765977559663,0.125,0.125,0.125,0.125,0.125,0.125,0.125,0.125
39,39.0,39.399054140870355,0.125,0.125,0.125,0.125,0.125,0.125,0.125,0.125
40,40.0,40.48631852820801,0.125,0.125,0.125,0.125,0.125,0.125,0.125,0.125
41,41.0,41.55999329152982,0.125,0.125,0.125,0.125,0.125,0.125,0.125,0.125
42,42.0,42.62070064560415,0.125,0.125,0.125,0.125,0.125,0.125,0.125,0.125
43,43.0,43.669130257815,0.125,0.125,0.125,0.125,0.125,0.125,0.125,0.125
44,44.0,44.70602560622662,0.125,0.125,0.125,0.125,0.125,0.125,0.125,0.125
45,45.0,45.73217116373481,0.125,0.125,0.125,0.125,0.125,0.125,0.125,0.125
46,46.0,46.748380453854836,0.125,0.125,0.125,0.125,0.125,0.125,0.125,0.125
47,47.0,47.755485010424316,0.125,0.125,0.125,0.125,0.125,0.125,0.125,0.125
48,48.0,48.7543242612326,0.125,0.125,0.125,0.125,0.125,0.125,0.125,0.125
49,49.0,49.745736344347726,0.125,0.125,0.125,0.125,0.125,0.125,0.125,0.125
50,50.0,50.730549855707864,0.125,0.125,0.125,0.125,0.125,0.125,0.125,0.125
51,51.0,51.70957651737491,0.125,0.125,0.125,0.125,0.125,0.125,0.125,0.125
52,52.0,52.68360474770151,0.125,0.125,0.125,0.125,0.125,0.125,0.125,0.125
53,53.0,53.65339410751842,0.125,0.125,0.125,0.125,0.125,0.125,0.125,0.125
54,54.0,54.61967059027847,0.125,0.125,0.125,0.125,0.125,0.125,0.125,0.125
55,55.0,55.58312271885972,0.125,0.125,0.125,0.125,0.125,0.125,0.125,0.125
56,56.0,56.544398407394254,0.125,0.125,0.125,0.125,0.125,0.125,0.125,0.125
57,57.0,57.504102543001395,0.125,0.125,0.125,0.125,0.125,0.125,0.125,0.125
58,58.0,58.462795239617805,0.125,0.125,0.125,0.125,0.125,0.125,0.125,0.125
59,59.0,59.42099071417639,0.125,0.125,0.125,0.125,0.125,0.125,0.125,0.125
60,60.0,60.379156734137354,0.125,0.125,0.125,0.125,0.125,0.125,0.125,0.125
61,61.0,61.337714584760846,0.125,0.125,0.125,0.125,0.125,0.125,0.125,0.125
62,62.0,62.29703950447439,0.125,0.125,0.125,0.125,0.125,0.125,0.125,0.125
63,63.0,63.257461537171835,0.125,0.125,0.125,0.125,0.125,0.125,0.125,0.125
64,64.0,64.21926675122782,0.125,0.125,0.125,0.125,0.125,0.125,0.125,0.125
65,65.0,65.18269877636592,0.125,0.125,0.125,0.125,0.125,0.125,0.125,0.125
66,66.0,66.14796061122655,0.125,0.125,0.125,0.125,0.125,0.125,0.125,0.125
67,67.0,67.11521665648885,0.125,0.125,0.125,0.125,0.125,0.125,0.125,0.125
68,68.0,68.08459493066005,0.125,0.125,0.125,0.125,0.125,0.125,0.125,0.125
69,69.0,69.05618942810752,0.125,0.125,0.125,0.125,0.125,0.125,0.125,0.125
70,70.0,70.03006258152917,0.125,0.125,0.125,0.125,0.125,0.125,0.125,0.125
71,71.0,71.00624779379335,0.125,0.125,0.125,0.125,0.125,0.125,0.125,0.125
72,72.0,71.98475200689319,0.125,0.125,0.125,0.125,0.125,0.125,0.125,0.125
73,73.0,72.96555827861411,0.125,0.125,0.125,0.125,0.125,0.125,0.125,0.125
74,74.0,73.94862834037681,0.125,0.125,0.125,0.125,0.125,0.125,0.125,0.125
75,75.0,74.93390511255946,0.125,0.125,0.125,0.125,0.125,0.125,0.125,0.125
76,76.0,75.92131515639825,0.125,0.125,0.125,0.125,0.125,0.125,0.125,0.125
77,77.0,76.91077104428919,0.125,0.125,0.125,0.125,0.125,0.125,0.125,0.125
78,78.0,77.90217363294813,0.125,0.125,0.125,0.125,0.125,0.125,0.125,0.125
79,79.0,78.89541422641172,0.125,0.125,0.125,0.125,0.125,0.125,0.125,0.125
80,80.0,79.89037661826481,0.125,0.125,0.125,0.125,0.125,0.125,0.125,0.125
81,81.0,80.88693900474995,0.125,0.125,0.125,0.125,0.125,0.125,0.125,0.125
82,82.0,81.88497576253909,0.125,0.125,0.125,0.125,0.125,0.125,0.125,0.125
83,83.0,82.88435908692391,0.125,0.125,0.125,0.125,0.125,0.125,0.125,0.125
84,84.0,83.88496048800103,0.125,0.125,0.125,0.125,0.125,0.125,0.125,0.125
85,85.0,84.88665214409042,0.125,0.125,0.125,0.125,0.125,0.125,0.125,0.125
86,86.0,85.88930811312994,0.125,0.125,0.125,0.125,0.125,0.125,0.125,0.125
87,87.0,86.89280540413424,0.125,0.125,0.125,0.125,0.125,0.125,0.125,0.125
88,88.0,87.90702491199676,0.125,0.125,0.125,0.125,0.125,0.125,0.125,0.125
89,89.0,88.92175221995305,0.125,0.125,0.125,0.125,0.125,0.125,0.125,0.125
90,90.0,89.95678927491419,0.125,0.125,0.125,0.125,0.125,0.125,0.125,0.125
91,91.0,90.99175473163005,0.125,0.125,0.125,0.125,0.125,0.125,0.125,0.125
92,92.0,92.02630609535805,0.125,0.125,0.125,0.125,0.125,0.125,0.125,0.125
93,93.0,93.06013926175966,0.125,0.125,0.125,0.125,0.125,0.125,0.125,0.125
94,94.0,94.09298771890352,0.125,0.125,0.125,0.125,0.125,0.125,0.125,0.125
95,95.0,95.12462145314394,0.125,0.125,0.125,0.125,0.125,0.125,0.125,0.125
96,96.0,96.1548455994289,0.125,0.125,0.125,0.125,0.125,0.125,0.125,0.125
97,97.0,97.18349887509108,0.125,0.125,0.125,0.125,0.125,0.125,0.125,0.125
98,98.0,98.21045183443611,0.125,0.125,0.125,0.125,0.125,0.125,0.125,0.125
99,99.0,99.23560497950228,0.125,0.125,0.125,0.125,0.125,0.125,0.125,0.125
100,100.0,100.26888676026682,0.125,0.125,0.125,0.125,0.125,0.125,0.125,0.125
101,101.0,101.30015149535224,0.125,0.125,0.125,0.125,0.125,0.125,0.125,0.125
102,102.0,102.3292882419756,0.125,0.125,0.125,0.125,0.125,0.125,0.125,0.125
103,103.0,103.35621843151687,0.125,0.125,0.125,0.125,0.125,0.125,0.125,0.125
104,104.0,104.38089341778883,0.125,0.125,0.125,0.125,0.125,0.125,0.125,0.125
105,105.0,105.40329197125571,0.125,0.125,0.125,0.125,0.125,0.125,0.125,0.125
106,106.0,106.42341774966334,0.125,0.125,0.125,0.125,0.125,0.125,0.125,0.125
107,107.0,107.44129677273358,0.125,0.125,0.125,0.125,0.125,0.125,0.125,0.125
108,108.0,108.45697492576946,0.125,0.125,0.125,0.125,0.125,0.125,0.125,0.125
109,109.0,109.47051551424406,0.125,0.125,0.125,0.125,0.125,0.125,0.125,0.125
110,110.0,110.48199688872876,0.125,0.125,0.125,0.125,0.125,0.125,0.125,0.125
111,111.0,111.4915101568777,0.125,0.125,0.125,0.125,0.125,0.125,0.125,0.125
112,112.0,112.49915699664297,0.125,0.125,0.125,0.125,0.125,0.125,0.125,0.125
113,113.0,113.50504758246528,0.125,0.125,0.125,0.125,0.125,0.125,0.125,0.125
114,114.0,114.5092986338807,0.125,0.125,0.125,0.125,0.125,0.125,0.125,0.125
115,115.0,115.51203159381579,0.125,0.125,0.125,0.125,0.125,0.125,0.125,0.125
116,116.0,116.5133709418192,0.125,0.125,0.125,0.125,0.125,0.125,0.125,0.125
117,117.0,117.5134426456041,0.125,0.125,0.125,0.125,0.125,0.125,0.125,0.125
118,118.0,118.51237275255446,0.125,0.125,0.125,0.125,0.125,0.125,0.125,0.125
119,119.0,119.51028612128422,0.125,0.125,0.125,0.125,0.125,0.125,0.125,0.125
120,120.0,120.50730529192819,0.125,0.125,0.125,0.125,0.125,0.125,0.125,0.125
121,121.0,121.50354949258846,0.125,0.125,0.125,0.125,0.125,0.125,0.125,0.125
122,122.0,122.49913377825683,0.125,0.125,0.125,0.125,0.125,0.125,0.125,0.125
123,123.0,123.4941682975758,0.125,0.125,0.125,0.125,0.125,0.125,0.125,0.125
124,124.0,124.4887576819871,0.125,0.125,0.125,0.125,0.125,0.125,0.125,0.125
125,125.0,125.48300055113741,0.125,0.125,0.125,0.125,0.125,0.125,0.125,0.125
126,126.0,126.47698912786132,0.125,0.125,0.125,0.125,0.125,0.125,0.125,0.125
127,127.0,127.47080895563423,0.125,0.125,0.125,0.125,0.125,0.125,0.125,0.125
128,128.0,128.4645387110735,0.125,0.125,0.125,0.125,0.125,0.125,0.125,0.125
129,129.0,129.4582501038581,0.125,0.125,0.125,0.125,0.125,0.125,0.125,0.125
130,130.0,130.45200785632568,0.125,0.125,0.125,0.125,0.125,0.125,0.125,0.125
131,131.0,131.44586975498322,0.125,0.125,0.125,0.125,0.125,0.125,0.125,0.125
132,132.0,132.4398867662252,0.125,0.125,0.125,0.125,0.125,0.125,0.125,0.125
133,133.0,133.4341032086807,0.125,0.125,0.125,0.125,0.125,0.125,0.125,0.125
134,134.0,134.42855697480388,0.125,0.125,0.125,0.125,0.125,0.125,0.125,0.125
135,135.0,135.4232797945667,0.125,0.125,0.125,0.125,0.125,0.125,0.125,0.125
136,136.0,136.41829753440754,0.125,0.125,0.125,0.125,0.125,0.125,0.125,0.125
137,137.0,137.41363052492025,0.125,0.125,0.125,0.125,0.125,0.125,0.125,0.125
138,138.0,138.40929391113247,0.125,0.125,0.125,0.125,0.125,0.125,0.125,0.125
139,139.0,139.40529801961216,0.125,0.125,0.125,0.125,0.125,0.125,0.125,0.125
140,140.0,140.40164873704774,0.125,0.125,0.125,0.125,0.125,0.125,0.125,0.125
141,141.0,141.39834789536928,0.125,0.125,0.125,0.125,0.125,0.125,0.125,0.125
142,142.0,142.395393658905,0.125,0.125,0.125,0.125,0.125,0.125,0.125,0.125
143,143.0,143.39278090949807,0.125,0.125,0.125,0.125,0.125,0.125,0.125,0.125
144,144.0,144.39050162593688,0.125,0.125,0.125,0.125,0.125,0.125,0.125,0.125
145,145.0,145.38854525447243,0.125,0.125,0.125,0.125,0.125,0.125,0.125,0.125
146,146.0,146.3868990676097,0.125,0.125,0.125,0.125,0.125,0.125,0.125,0.125
147,147.0,147.38554850875715,0.125,0.125,0.125,0.125,0.125,0.125,0.125,0.125
148,148.0,148.3844775207023,0.125,0.125,0.125,0.125,0.125,0.125,0.125,0.125
149,149.0,149.38366885624586,0.125,0.125,0.125,0.125,0.125,0.125,0.125,0.125
150,150.0,150.38310436967265,0.125,0.125,0.125,0.125,0.125,0.125,0.125,0.125
151,151.0,151.38276528806,0.125,0.125,0.125,0.125,0.125,0.125,0.125,0.125
152,152.0,152.38263246172806,0.125,0.125,0.125,0.125,0.125,0.125,0.125,0.125
153,153.0,153.38268659341202,0.125,0.125,0.125,0.125,0.125,0.125,0.125,0.125
154,154.0,154.38290844599345,0.125,0.125,0.125,0.125,0.125,0.125,0.125,0.125
155,155.0,155.3832790288568,0.125,0.125,0.125,0.125,0.125,0.125,0.125,0.125
156,156.0,156.38377976314524,0.125,0.125,0.125,0.125,0.125,0.125,0.125,0.125
157,157.0,157.38439262637343,0.125,0.125,0.125,0.125,0.125,0.125,0.125,0.125
158,158.0,158.38510027701503,0.125,0.125,0.125,0.125,0.125,0.125,0.125,0.125
159,159.0,159.38588615982232,0.125,0.125,0.125,0.125,0.125,0.125,0.125,0.125
160,160.0,160.38673459275066,0.125,0.125,0.125,0.125,0.125,0.125,0.125,0.125
161,161.0,161.38763083645864,0.125,0.125,0.125,0.125,0.125,0.125,0.125,0.125
162,162.0,162.38856114743126,0.125,0.125,0.125,0.125,0.125,0.125,0.125,0.125
163,163.0,163.38951281583232,0.125,0.125,0.125,0.125,0.125,0.125,0.125,0.125
164,164.0,164.39047418923494,0.125,0.125,0.125,0.125,0.125,0.125,0.125,0.125
165,165.0,165.39143468340492,0.125,0.125,0.125,0.125,0.125,0.125,0.125,0.125
166,166.0,166.39238478132387,0.125,0.125,0.125,0.125,0.125,0.125,0.125,0.125
167,167.0,167.3933160216377,0.125,0.125,0.125,0.125,0.125,0.125,0.125,0.125
168,168.0,168.39422097770375,0.125,0.125,0.125,0.125,0.125,0.125,0.125,0.125
169,169.0,169.39509322838617,0.125,0.125,0.125,0.125,0.125,0.125,0.125,0.125
170,170.0,170.39592732171647,0.125,0.125,0.125,0.125,0.125,0.125,0.125,0.125
171,171.0,171.3967187324966,0.125,0.125,0.125,0.125,0.125,0.125,0.125,0.125
172,172.0,172.39746381487373,0.125,0.125,0.125,0.125,0.125,0.125,0.125,0.125
173,173.0,173.3981597508644,0.125,0.125,0.125,0.125,0.125,0.125,0.125,0.125
174,174.0,174.39880449574738,0.125,0.125,0.125,0.125,0.125,0.125,0.125,0.125
175,175.0,175.3993967211846,0.125,0.125,0.125,0.125,0.125,0.125,0.125,0.125
176,176.0,176.39993575686623,0.125,0.125,0.125,0.125,0.125,0.125,0.125,0.125
177,177.0,177.40042153141107,0.125,0.125,0.125,0.125,0.125,0.125,0.125,0.125
178,178.0,178.40085451318728,0.125,0.125,0.125,0.125,0.125,0.125,0.125,0.125
179,179.0,179.40123565165402,0.125,0.125,0.125,0.125,0.125,0.125,0.125,0.125
180,180.0,180.4015663197575,0.125,0.125,0.125,0.125,0.125,0.125,0.125,0.125
181,181.0,181.4018482578531,0.125,0.125,0.125,0.125,0.125,0.125,0.125,0.125
182,182.0,182.4020835195606,0.125,0.125,0.125,0.125,0.125,0.125,0.125,0.125
183,183.0,183.40227441990174,0.125,0.125,0.125,0.125,0.125,0.125,0.125,0.125
184,184.0,184.40242348600978,0.125,0.125,0.125,0.125,0.125,0.125,0.125,0.125
185,185.0,185.4025334106469,0.125,0.125,0.125,0.125,0.125,0.125,0.125,0.125
186,186.0,186.4026070087138,0.125,0.125,0.125,0.125,0.125,0.125,0.125,0.125
187,187.0,187.40264717688692,0.125,0.125,0.125,0.125,0.125,0.125,0.125,0.125
188,188.0,188.40265685647384,0.125,0.125,0.125,0.125,0.125,0.125,0.125,0.125
189,189.0,189.40263899953732,0.125,0.125,0.125,0.125,0.125,0.125,0.125,0.125
190,190.0,190.4025965382991,0.125,0.125,0.125,0.125,0.125,0.125,0.125,0.125
191,191.0,191.4025323578017,0.125,0.125,0.125,0.125,0.125,0.125,0.125,0.125
192,192.0,192.40244927177602,0.125,0.125,0.125,0.125,0.125,0.125,0.125,0.125
193,193.0,193.40235000163517,0.125,0.125,0.125,0.125,0.125,0.125,0.125,0.125
194,194.0,194.40223715849203,0.125,0.125,0.125,0.125,0.125,0.125,0.125,0.125
195,195.0,195.4021132280783,0.125,0.125,0.125,0.125,0.125,0.125,0.125,0.125
196,196.0,196.40198055842512,0.125,0.125,0.125,0.125,0.125,0.125,0.125,0.125
197,197.0,197.40184135015306,0.125,0.125,0.125,0.125,0.125,0.125,0.125,0.125
198,198.0,198.40169764920665,0.125,0.125,0.125,0.125,0.125,0.125,0.125,0.125
199,199.0,199.4015513418628,0.12498711340206187,0.12498711340206187,0.12498711340206187,0.12498711340206187,0.12498711340206187,0.12498711340206187,0.12509020618556702,0.12498711340206187
200,200.0,200.40140415183473,0.12482284317507072,0.12482284317507072,0.12482284317507072,0.12492488399139726,0.12482284317507072,0.12482284317507072,0.12502694584706736,0.12593395428618184
201,201.0,201.40125763929115,0.12441033162973093,0.12441033162973093,0.12441033162973093,0.12461339285422074,0.12541033162973092,0.12441033162973093,0.12582461736739373,0.12651033162973094
202,202.0,202.40111320160898,0.12386463912444187,0.12386463912444187,0.12386463912444187,0.12416679218566637,0.12585463912444186,0.12386463912444187,0.12758637306768242,0.1269336391244419
203,203.0,203.40097207567894,0.12332954068025137,0.12332954068025137,0.12332954068025137,0.1237280589455575,0.12629064068025136,0.12332954068025137,0.12932318697293435,0.1273399506802514
204,204.0,204.40083534158512,0.12260730767347125,0.12360730767347125,0.12260730767347125,0.12309877352143045,0.12642187758256218,0.12260730767347125,0.13070705381046938,0.1283430643916531
205,205.0,205.40070392748484,0.1216580782795179,0.12375334143741262,0.12186860459530738,0.12255749819027033,0.12642830323864074,0.1227019379286407,0.13200738066513112,0.12902485566507932
206,206.0,206.40057861551975,0.12072593373222319,0.12389541092520562,0.1211426881181881,0.12202123739862762,0.12641073896923966,0.1229051881181881,0.13323574430252919,0.12966305843579867
207,207.0,207.40046004859596,0.11970650547072059,0.1239204233068573,0.12032338314299405,0.1213825226145684,0.12636269658931995,0.12299718425983254,0.13516370365206248,0.1301435809636448
208,208.0,208.4003487378786,0.11872838109749953,0.12395046561246426,0.119539819507429,0.12077151731300996,0.1263065187667224,0.12310069622993758,0.13701458398201186,0.13058801749092555
209,209.0,209.40024507085417,0.11770630237655498,0.12389382533566577,0.11870534962297659,0.12020374429131388,0.12604957894952648,0.12312262823504702,0.13941394802739984,0.13090462316151555
210,210.0,210.40014931982364,0.1165115375752542,0.12361533721567725,0.1176879569243983,0.12055027786715972,0.12556185435154688,0.12385978924511878,0.14125463173826014,0.13095861508258483
211,211.0,211.40006165069792,0.11526618921981488,0.12323277324333093,0.11660882600055023,0.1206975774798144,0.1268090074222878,0.12368662593872187,0.1426789685087767,0.1310200321867033
212,212.0,212.39998213197782,0.11380181304182058,0.1235955402001882,0.11530082116338271,0.12149186655010066,0.1277055434789201,0.12388978072444545,0.14344850915658108,0.1307661256845613
213,213.0,213.39991074380993,0.11233546674081789,0.12464538241866523,0.11398042100811052,0.12214707500312424,0.12850752056725007,0.1240166948073248,0.14395596129738986,0.1304114781573175
214,214.0,214.39984738702074,0.11074817240827929,0.1263763262736476,0.11252823068425848,0.12342308406860644,0.12899162733847713,0.12393988473297717,0.14415680269483794,0.12983587179891606
215,215.0,215.39979189204027,0.10917395839674437,0.12800901276899554,0.11107801171798368,0.12446323541282837,0.12929693096872052,0.12378655162392933,0.14501907994868085,0.12917321916211744
216,216.0,216.39974402763744,0.1084646714016407,0.12870768669646493,0.10964814841727041,0.12529295105671162,0.13021564801316546,0.12356996036882105,0.14565800339071738,0.12844293065520854
217,217.0,217.39970350939853,0.10835892690929153,0.12910754712235348,0.10811379096145678,0.12572925646813027,0.1314341597168571,0.12399482314102989,0.14589105096923963,0.12737044471164147
218,218.0,218.3996700078895,0.108173302240219,0.12935760366568727,0.10662111196099056,0.12602915758824454,0.13255490689143923,0.12507741124476737,0.14592905721739116,0.12625744919126097
219,219.0,219.3996431564525,0.10806599330713781,0.12956923724818953,0.10523032090979222,0.12630219693388486,0.13362590906752753,0.1261477196724367,0.14589004730462865,0.12516857555640273
220,220.0,220.39962255859467,0.1079826225781606,0.12969655478249936,0.10389751787582792,0.1264054731461851,0.135117621199401,0.12714865425974892,0.14568687485093307,0.12406468130724407
221,221.0,221.39960779493668,0.10838252737606419,0.12958856451494274,0.10251970095218274,0.126199160545587,0.13678532623243345,0.12785489029761388,0.14518102812797493,0.12348880195320112
222,222.0,222.39959842969512,0.10949648549578586,0.12939583866684337,0.10119825409266564,0.1259172426778479,0.1382680994745303,0.12841754407180644,0.14457129456837164,0.1227352409521489
223,223.0,223.39959401668077,0.11064854543053998,0.12917822860418712,0.09999020530890952,0.12561954979780987,0.13966850747126525,0.12894424836985305,0.14392361074083426,0.12202710427660103
224,224.0,224.39959410480103,0.11172813830423767,0.12889277980143715,0.09884867623355681,0.12526301728788414,0.14088554457196903,0.13000475966781636,0.1432006294628126,0.1211764546702864
225,225.0,225.39959824306123,0.11278904090157361,0.12860526615176587,0.09783456571765621,0.125682460736525,0.14203764855750878,0.13029141083404377,0.14249385021887515,0.12026575688205177
226,226.0,226.3996059850648,0.11377453326299537,0.12827005402102923,0.09689655775508862,0.12605506516574883,0.14302236118887968,0.1304248832963556,0.1417046966807937,0.11985184862910916
227,227.0,227.3996168930174,0.11523867403749974,0.12789567387537315,0.09603683066687846,0.12638219692993707,0.143847391468649,0.13042038569071635,0.14085011480682746,0.11932873252411896
228,228.0,228.39963054124456,0.11733712116478584,0.12746425302750697,0.09523062034623288,0.12658465363276722,0.14446939074870083,0.13027010518420504,0.13983918161388126,0.11880467428192018
229,229.0,229.39964651923654,0.11857459262743573,0.1269043079246285,0.09444080205476674,0.12788487455034311,0.14486443847320274,0.13046600809785924,0.13861980273794364,0.11824517353382047
230,230.0,230.39966443423697,0.11961346673947142,0.12627861817436026,0.09371722720945153,0.12963623651419928,0.14513772890029666,0.13055870193447544,0.13735505855287988,0.11770296197486574
231,231.0,231.399683913395,0.12059556743601041,0.1256661916095321,0.09309359544941945,0.1313459647412456,0.14533179309074656,0.1306237571339795,0.1361283095020415,0.11721482103702514
232,232.0,232.39970460550327,0.12151675105163702,0.1250718261772483,0.09256614878374247,0.1330011253228926,0.14545261302631235,0.12999662034142093,0.13561469022918096,0.11678022506756568
233,233.0,233.3997261823457,0.12170232883083522,0.12508299275191057,0.0920888765029752,0.13446562341786375,0.14542297159979342,0.12931111545726492,0.13556959257668008,0.11635649886267714
234,234.0,234.3997483396804,0.12253394955704691,0.12513795270423925,0.09175563986715798,0.1351205026094698,0.14512196019452994,0.1286413605766743,0.1356477358072072,0.11604089868367497
235,235.0,235.39977079788483,0.12312075634322828,0.1251041449037162,0.0914275634863018,0.1360349638235429,0.14450251696869204,0.12853151272153693,0.13558057801507387,0.11569796373790836
236,236.0,236.39979330229,0.12299763235679037,0.12506141912426683,0.091178047019354,0.13724453916633053,0.14312252080643678,0.12856398125516041,0.1367745907217373,0.11505726954992412
237,237.0,237.39981562323172,0.12279549460246086,0.12484193623198656,0.09098150628709437,0.13762962869547554,0.14174327027719627,0.1284435670699033,0.13863938002608786,0.11492521680979556
238,238.0,238.39983755584697,0.12236569164732156,0.1244986592464973,0.09075563450322557,0.13812643556347975,0.14084534203614368,0.12810879699933478,0.14013146318152672,0.11516797682247096
239,239.0,239.3998589196422,0.12180961306052097,0.12408422536649102,0.09054301316300195,0.13879794453557118,0.13990197280912547,0.12762207767444916,0.14198667477762852,0.11525447861321206
240,240.0,240.3998795578615,0.12114445904880076,0.123608906477927,0.09034411405469706,0.13962458164231847,0.13942681100624418,0.12700281245239864,0.14364916171207345,0.11519915360554073
241,241.0,241.39989933668028,0.12061514785353658,0.1238466177150274,0.09026501869503067,0.14044346723062587,0.1373130141567055,0.1257668417319253,0.14615212622917106,0.11559776638797796
242,242.0,242.39991814425036,0.11997886449551165,0.12363796466714053,0.09018799004368797,0.14222397331073997,0.13509201230509904,0.12450843386531421,0.14839780044929463,0.11597296086321232
243,243.0,243.39993588962093,0.11920504997696323,0.12337252743610107,0.09009811552587382,0.14405332324886946,0.13278364073205245,0.12273408331251197,0.15096921856470222,0.11678404120292604
244,244.0,244.39995250155823,0.11843519555912917,0.1231261388125347,0.09005007847341352,0.14578833915983153,0.13054722012544023,0.12100919927623713,0.15344059200471136,0.11760323658870261
245,245.0,245.3999679272862,0.11785288450022319,0.12293148463231747,0.08976928553071065,0.14743882280060394,0.12832277589780222,0.11925696726477866,0.15576438973485737,0.11866338963870668
246,246.0,246.39998213116854,0.11713626060865084,0.1230417766537159,0.0894548486318664,0.1487165434712097,0.12603491935712025,0.11745330613622666,0.15867907888693641,0.11948326625427405
247,247.0,247.39999509335095,0.11637014049479057,0.12311080134350956,0.08914562839560629,0.15006410620404226,0.12381106924405255,0.11565268150576363,0.1613204940248663,0.12052507878736902
248,248.0,248.40000680838162,0.1155408622990235,0.12310381774306997,0.08881897309521634,0.15120858800637396,0.12160471412942728,0.11385875383129072,0.16452786285489998,0.12133642804069844
249,249.0,249.4000172838254,0.11472882646670161,0.12309428837262848,0.08851259641002297,0.15222464400843516,0.11950157530436543,0.11212072708309394,0.16785585342359907,0.1219614889311535
250,250.0,250.40002653888655,0.11389076917566092,0.12245698313556531,0.0882148201140236,0.15329928643387286,0.11749924953642762,0.1104245643129591,0.17144762110992784,0.12276670618156289
251,251.0,251.40003460305275,0.11357567454767717,0.12179099996641633,0.08790846751527825,0.15428594164862058,0.11556618759495173,0.10879462725201682,0.17459050139599488,0.12348760007904433
252,252.0,252.40004151477177,0.11320476541717954,0.12110502638322783,0.087596803682373,0.15519087854760363,0.11334375523810614,0.10760984693470715,0.1778242778741519,0.12412464592265089
253,253.0,253.40004732017115,0.11247445914067646,0.1200858212453437,0.08729182974903724,0.15645130576543084,0.11122685956170864,0.10649035582323099,0.18142240290283163,0.12455696581174056
254,254.0,254.40005207182892,0.11173878840133247,0.11906372025913704,0.08699580115136415,0.15774952544700677,0.10924967475172148,0.10541606405296461,0.18464511961098767,0.1251413063254858
255,255.0,255.4000558276026,0.11127740333147865,0.11803568722127261,0.08669764735276586,0.15918043460562686,0.10738105575679563,0.10441289904098723,0.18737089437295043,0.12564397831812274
256,256.0,256.4000586495229,0.11067800986428786,0.11696738950447104,0.08635576410908291,0.16050500699714126,0.10551845795579565,0.10340409084014528,0.19034106055775402,0.126230220171322
257,257.0,257.40006060275596,0.11003626247280622,0.11581726041935084,0.08602730936435019,0.162249969976168,0.10368257350174462,0.1024860087903605,0.1929504998211894,0.12675011565403024
258,258.0,258.40006175463816,0.10938988010208722,0.11470824972799905,0.08571370240172509,0.16379987906443394,0.10198295327748284,0.10166216369978867,0.19553962320510596,0.12720354852137727
259,259.0,259.4000621737857,0.10863759210902547,0.11358804153091845,0.08536677004255891,0.16491760451897983,0.1003143007412055,0.1008398180918642,0.19859951834218942,0.1277363546232583
260,260.0,260.4000619292807,0.10784054899518439,0.11248277457744878,0.08500752099559224,0.16598188315330703,0.09871941249497171,0.10035215271377826,0.20157147358450564,0.12804423348521204
261,261.0,261.4000610899334,0.1073472005209043,0.11134916454110587,0.08468744203976308,0.16690453665469276,0.09739776075565557,0.09998304408917441,0.20412717306973743,0.12820367832896667
262,262.0,262.40005972362144,0.10679642086982345,0.11024405537226029,0.08435171630368742,0.16769019762913637,0.0961297029104258,0.09996612016177736,0.206863675103265,0.1279581116496244
263,263.0,263.4000578967045,0.10616313029913134,0.10915737407595806,0.0839953950842025,0.1680823014414102,0.09501918897364064,0.09996633890870321,0.20999440158921395,0.12762186962774016
264,264.0,264.40005567351216,0.10550510113228351,0.10812593476357758,0.08365226471024025,0.16844426935317505,0.09403361338541731,0.10001503342776075,0.21298823744136253,0.12723554578618312
265,265.0,265.400053115904,0.10486625657349567,0.10715458694599031,0.08332486136749245,0.1688039304996245,0.09317841406813764,0.10010120899770095,0.21576230603571794,0.12680843551184065
266,266.0,266.40005028289755,0.1042195669289853,0.10623582874046883,0.08300403579361791,0.16886929005048165,0.09239845817913912,0.09993642058630062,0.2184495502179278,0.12688684950307888
267,267.0,267.4000472303628,0.10352224411993663,0.1053610701015981,0.08268016630155084,0.1688816989014334,0.09167271927040198,0.09978489268069249,0.22118385998736884,0.12691334863701784
268,268.0,268.40004401077795,0.10282562983589232,0.10454396640401474,0.08236644110486047,0.16889271819920204,0.09102229834972178,0.0996561222542664,0.22379031931716503,0.12690250453487736
269,269.0,269.4000406730438,0.10213453681559762,0.10378588191476845,0.08206427008038503,0.16890718908886737,0.0904446856511394,0.09954807998757104,0.2262579094459754,0.12685744701569585
270,270.0,270.40003726235255,0.1014102378051902,0.1030767052172449,0.08176404857652578,0.16864814772363074,0.08991535512583912,0.09944798314662716,0.22896694535319514,0.12677057705174716
271,271.0,271.4000338201069,0.1007083289863498,0.10245268029185844,0.08150293746659523,0.16841691412025156,0.08949436327191586,0.09947906891406291,0.23132002610409735,0.12662568084486903
272,272.0,272.40003038388477,0.09998431659518252,0.1018772812870405,0.08124568792224889,0.16817039052392477,0.08911428509794064,0.0994083051020983,0.23375361677283965,0.1264461166987249
273,273.0,273.400026987446,0.09929670157107842,0.10136137140087813,0.08100475171648211,0.16795492368173762,0.08881413822916676,0.09934690698408172,0.2359748904249904,0.12624631599158503
274,274.0,274.4000236607766,0.0986113185629768,0.10089389386823178,0.08077092538868794,0.16803151416972317,0.08856977573581493,0.09928393685543792,0.2378184035623702,0.12602023185675748
275,275.0,275.4000204301664,0.09791924665495255,0.10057501478180514,0.0805444074715634,0.16787384339434433,0.0883513651326509,0.0989102516921863,0.2402639912151665,0.12556187965733104
276,276.0,276.40001731831563,0.09720069463073186,0.10027471750378815,0.08030152398107326,0.16757268715869922,0.0881318406791922,0.09868332705253997,0.2425636482879793,0.1252715607059962
277,277.0,277.40001434446674,0.0964611846340253,0.09999161455592886,0.08004415283547134,0.16756818699637094,0.08790989378780296,0.09839499326089395,0.2444898903397322,0.12514008358977458
278,278.0,278.40001152455807,0.09578167332111476,0.09976043951860432,0.07980619297312758,0.16752573239682447,0.08774373120375689,0.09812251454334728,0.2462529037625713,0.1250068122806535
279,279.0,279.4000088713947,0.0951176227306394,0.09966027896403186,0.0795761724903989,0.16749402220127296,0.08761017458410124,0.09810979605037586,0.2475706640383014,0.1248612689408785
280,280.0,280.4000063948337,0.0944667263401985,0.09958598350886602,0.07934813999558255,0.16746237821950055,0.08747909878853975,0.09808697559998088,0.2488720972192598,0.1246986003280721
281,281.0,281.4000041019805,0.09383803050676526,0.09954439828622738,0.0791311523966631,0.1673579864374341,0.08760998021990371,0.09806535620568377,0.24992311825648866,0.12452997769083415
282,282.0,282.40000199739285,0.0933624453778043,0.09765197363326704,0.07904558058821753,0.1684353143059322,0.08788023941272788,0.0981640111337888,0.25098344738210476,0.12447698816615763
283,283.0,283.40000008328997,0.09277698072498121,0.09567426258180195,0.07984647218513939,0.16907760816981215,0.08801930477328851,0.09812536321537746,0.2521850100681968,0.1242949982814027
284,284.0,284.3999983597645,0.09239619387464579,0.09365672851961412,0.0804619814462542,0.16934783525254601,0.088055758997773,0.09817412295746229,0.2538920921948012,0.12401528675690357
285,285.0,285.39999682499393,0.09194151196888446,0.09162844462444147,0.08091570243650215,0.17040111357635496,0.08790714411673178,0.09812873535709084,0.2554217747302048,0.12365557318978967
286,286.0,286.3999954754505,0.09146849281084653,0.08962629078524098,0.08123910655162914,0.17130636171408298,0.08848877240113709,0.09801889104670392,0.2566088792458834,0.12324320544447609
287,287.0,287.3999943061069,0.09105397124138451,0.08773165715067587,0.08156052070746865,0.17217322473610067,0.08909033252107289,0.09792240506445146,0.25761947900082977,0.12284840957801627
288,288.0,288.3999933106366,0.09068277470386744,0.08594600402989422,0.08187356275502404,0.17288912841601478,0.08988226687023794,0.09782543842387453,0.2584308154432646,0.12247000935782242
289,289.0,289.39999248160694,0.09033321483940818,0.08427080649724211,0.08217067252938122,0.17360840214762904,0.09037758982218881,0.0979958198240223,0.2591386120739254,0.12210488226620292
290,290.0,290.39999181066423,0.0900462187509773,0.08276765905418298,0.08173734022999365,0.17533005472056792,0.09012958816868112,0.09820278425261803,0.25997490372265447,0.12181145110032454
291,291.0,291.3999912887091,0.08975770975651533,0.08137565220987389,0.08118856653158489,0.1769395612484015,0.09002014925548792,0.09838082415759476,0.2608105869630684,0.12152694987747331
292,292.0,292.3999909060624,0.08940898195960344,0.08002824448255604,0.08055859921195098,0.17825343879970282,0.08981110516943808,0.09846470093395521,0.26229275288967857,0.12118217655311489
293,293.0,293.39999065261975,0.08901599950031064,0.07874566350372218,0.07987059824485696,0.1799443041394889,0.08952485827472387,0.09847525422346996,0.2636263267526894,0.12079699536073811
294,294.0,294.39999051799515,0.0885752547017982,0.07752965594253713,0.07913557280662435,0.1820089402425199,0.08916363405341599,0.0984086864085467,0.26480063114358454,0.12037762470097318
295,295.0,295.3999904916531,0.08812749974296759,0.07639568664761354,0.07837573253136033,0.1844181157755872,0.08876114452096077,0.09829210903111928,0.2656878775906238,0.11994183415976753
296,296.0,296.39999056302867,0.08748526862559101,0.07539852909556255,0.07765298478336456,0.18716250626591904,0.08837698884652982,0.09756756208100426,0.26652665791145635,0.11982950239057245
297,297.0,297.3999907216364,0.08680591208276217,0.07446438437988315,0.07690094356691132,0.189820244601159,0.08783401237265315,0.09676250087277095,0.2675269154648763,0.11988508665898404
298,298.0,298.399990957167,0.0862897004860644,0.0735951447761547,0.07648623408077998,0.19211062479295762,0.08723711959889718,0.09589055966980899,0.2686517893455983,0.11973882724973889
299,299.0,299.39999125957286,0.08593479760336202,0.0727917128322346,0.07604440307871507,0.19439272785319187,0.08659542414744748,0.09496454720965126,0.26952564850762145,0.11975073876777637
300,300.0,300.39999161914244,0.08540718582175652,0.07199970831607337,0.0754348642262365,0.1977401868853847,0.08576962605217262,0.09384588438186163,0.27004060490811493,0.11976193940839978
301,301.0,301.3999920265636,0.08475651460706961,0.07117307212045128,0.0747206394400503,0.20195070892733946,0.08481675648116342,0.09260821128632014,0.2703254531322271,0.11964864400537868
302,302.0,302.3999924729771,0.08402766022810505,0.07035128419666362,0.073947253500856,0.20647066333650332,0.08378592775977547,0.09130273509497193,0.2706621268265499,0.11945234905657467
303,303.0,303.3999929500194,0.08335589077325779,0.0695168228434245,0.07309250857149324,0.21155494152562326,0.08266913838704222,0.08991248361241974,0.2709012822669468,0.11899693201979235
304,304.0,304.3999934498573,0.08261877882275047,0.06946117874508834,0.07219556924853844,0.21628738216589477,0.08149797156219726,0.08848138292658661,0.27098691213551296,0.11847082439343107
305,305.0,305.39999396521284,0.08208508868860513,0.06947128939740677,0.07132634707195361,0.2205502370727585,0.08034533994515725,0.08708363992093975,0.27119497888309335,0.11794307902008558
306,306.0,306.3999944893807,0.08154301956381567,0.06895612026650733,0.07046962500767803,0.22548850915326338,0.07920892426355881,0.08570786964405042,0.2710565615463862,0.11756937055474014
307,307.0,307.39999501623794,0.0809597498427161,0.06844233658785592,0.07031118689569085,0.2295558380673713,0.07805657608428078,0.08433481484281084,0.2711915182427121,0.11714797943656205
308,308.0,308.39999554024706,0.08038268005439234,0.0679794141880025,0.07018659907741416,0.23314046707860775,0.07694356231782762,0.08301831360233398,0.271614408341017,0.11673455534040454
309,309.0,309.39999605645284,0.079794129283419,0.06753282060680674,0.07001239827969594,0.2360185930981371,0.07584762146675154,0.08173389566769576,0.2727618108668114,0.11629873073068246
310,310.0,310.3999965604735,0.07922726606035012,0.06714496350372838,0.06987808074357474,0.23846439214124515,0.0749474562235057,0.08052793365438654,0.27392286797609977,0.11588703969710958
311,311.0,311.3999970484873,0.07864153941676888,0.06677130071924109,0.06969713977124704,0.24037198197039925,0.07406603239885073,0.07998664699201531,0.2750063678194094,0.11545899091206832
312,312.0,312.39999751721496,0.0780580816892856,0.06642900574112542,0.06951927722938331,0.24216606768524115,0.07322453744568892,0.07949143037495382,0.27592438423395443,0.11518721560036732
313,313.0,313.3999979638976,0.07744266506100164,0.06607996180482961,0.06927074145672435,0.2442150407812869,0.07256080946396541,0.07896664411551255,0.2764371620987603,0.11502697521791926
314,314.0,314.39999838627307,0.07680204198153724,0.06572713537154212,0.06896023979639286,0.24559797014981974,0.07190383431290728,0.0789744585979417,0.27734607572787195,0.1146882440619871
315,315.0,315.39999878254827,0.07614237064427706,0.06537303028358508,0.06859578886401801,0.2465498317235556,0.07125734101563373,0.07958318142318002,0.2780362259412087,0.11446223010454176
316,316.0,316.3999991513704,0.0754980851070828,0.06532044464803523,0.06810750868838693,0.24732941889432475,0.07115712855502897,0.08004963038475346,0.27853685948150175,0.11400092424088615
317,317.0,317.3999994917967,0.07486216692127434,0.06527297152271601,0.0676215312924963,0.24797472208643764,0.0712070415746581,0.08051764674782774,0.27887460939532055,0.11366931045926935
318,318.0,318.3999998032623,0.0742431359246553,0.065238632314689,0.06714672746654063,0.24826412142668325,0.07128356041941715,0.08098994533932524,0.27936366826694436,0.11347020884174515
319,319.0,319.40000008554875,0.07364480443861783,0.06521075665507152,0.06665495498718112,0.2488400238664228,0.07135332792930749,0.0813857068298504,0.27964141410164944,0.11326901119189957
320,320.0,320.4000003387511,0.07306570375343262,0.06519371861450911,0.06615746794147682,0.2490918521103443,0.07141659158357003,0.08171042061654886,0.2798369048889683,0.11352734049115018
321,321.0,321.4000005632457,0.07249281959539551,0.06517332873370137,0.06564892636224197,0.2495969350802315,0.07145663067680112,0.08195334341276317,0.2799208131101194,0.11375720302874615
322,322.0,322.40000075965844,0.0719467806251245,0.06516684681311763,0.06517031409121542,0.25021860991081873,0.07150909181959166,0.08218983760626163,0.2798045793058002,0.11399393982807043
323,323.0,323.40000092883326,0.07167993875692819,0.06516728558172626,0.0644367683774568,0.2510833587318458,0.0715409176587461,0.0820945558935882,0.2796512241863132,0.1143459508133957
324,324.0,324.4000010718023,0.07142504335146964,0.06515509395120812,0.06370576370708614,0.2520690488430197,0.07155021667830935,0.08192658240681865,0.27938900666470046,0.1147792443973881
325,325.0,325.40000118975644,0.0711708560764478,0.0651283095201097,0.06298122822757328,0.25316539501276314,0.07153177185438954,0.0816886380158445,0.2790498342108487,0.11528396708202351
326,326.0,326.40000128401755,0.07091061778216444,0.0650805419771594,0.06226183330293893,0.25444322901070626,0.07147963089036648,0.08138067990477968,0.27859788385967393,0.11584558327221109
327,327.0,327.4000013560124,0.07079659457435317,0.06517749214240974,0.06156556805736038,0.25575211841172657,0.07141302469501483,0.08102759784723554,0.2778968002689143,0.1163708040029857
328,328.0,328.40000140724766,0.07069044221127696,0.06526787736163259,0.060894736134842184,0.2570088790208023,0.07132617288900739,0.08074010877010317,0.27721611303990035,0.11685567057243526
329,329.0,329.4000014392869,0.07059024688831714,0.06534662152932157,0.060247437106644444,0.2577947318057905,0.07155318998691325,0.08041186578228711,0.27676260258538743,0.11729330431533871
330,330.0,330.4000014537293,0.07049906521638886,0.06542112962977514,0.05964667545593126,0.25857329582598465,0.07177389075361998,0.08008343166052935,0.27629957449853504,0.11770293695923584
