Total_iterations,Unnamed: 0.1,Intertwine_two,Invert_path_vertices,Insert_inside_vertex,Delete_inside_vertex,Replace_inside_vertex,Donate_between_routes,Trim_one_terminal_cb,Grow_one_terminal_cb
0,0.0,0.125,0.125,0.125,0.125,0.125,0.125,0.125,0.125
1,1.0,0.125,0.125,0.125,0.125,0.125,0.125,0.125,0.125
2,2.0,0.125,0.125,0.125,0.125,0.125,0.125,0.125,0.125
3,3.0,0.125,0.125,0.125,0.125,0.125,0.125,0.125,0.125
4,4.0,0.125,0.125,0.125,0.125,0.125,0.125,0.125,0.125
5,5.0,0.125,0.125,0.125,0.125,0.125,0.125,0.125,0.125
6,6.0,0.125,0.125,0.125,0.125,0.125,0.125,0.125,0.125
7,7.0,0.125,0.125,0.125,0.125,0.125,0.125,0.125,0.125
8,8.0,0.125,0.125,0.125,0.125,0.125,0.125,0.125,0.125
9,9.0,0.125,0.125,0.125,0.125,0.125,0.125,0.125,0.125
10,10.0,0.125,0.125,0.125,0.125,0.125,0.125,0.125,0.125
11,11.0,0.125,0.125,0.125,0.125,0.125,0.125,0.125,0.125
12,12.0,0.125,0.125,0.125,0.125,0.125,0.125,0.125,0.125
13,13.0,0.125,0.125,0.125,0.125,0.125,0.125,0.125,0.125
14,14.0,0.125,0.125,0.125,0.125,0.125,0.125,0.125,0.125
15,15.0,0.125,0.125,0.125,0.125,0.125,0.125,0.125,0.125
16,16.0,0.125,0.125,0.125,0.125,0.125,0.125,0.125,0.125
17,17.0,0.125,0.125,0.125,0.125,0.125,0.125,0.125,0.125
18,18.0,0.125,0.125,0.125,0.125,0.125,0.125,0.125,0.125
19,19.0,0.125,0.125,0.125,0.125,0.125,0.125,0.125,0.125
20,20.0,0.125,0.125,0.125,0.125,0.125,0.125,0.125,0.125
21,21.0,0.125,0.125,0.125,0.125,0.125,0.125,0.125,0.125
22,22.0,0.125,0.125,0.125,0.125,0.125,0.125,0.125,0.125
23,23.0,0.125,0.125,0.125,0.125,0.125,0.125,0.125,0.125
24,24.0,0.125,0.125,0.125,0.125,0.125,0.125,0.125,0.125
25,25.0,0.125,0.125,0.125,0.125,0.125,0.125,0.125,0.125
26,26.0,0.125,0.125,0.125,0.125,0.125,0.125,0.125,0.125
27,27.0,0.125,0.125,0.125,0.125,0.125,0.125,0.125,0.125
28,28.0,0.125,0.125,0.125,0.125,0.125,0.125,0.125,0.125
29,29.0,0.125,0.125,0.125,0.125,0.125,0.125,0.125,0.125
30,30.0,0.125,0.125,0.125,0.125,0.125,0.125,0.125,0.125
31,31.0,0.125,0.125,0.125,0.125,0.125,0.125,0.125,0.125
32,32.0,0.125,0.125,0.125,0.125,0.125,0.125,0.125,0.125
33,33.0,0.125,0.125,0.125,0.125,0.125,0.125,0.125,0.125
34,34.0,0.125,0.125,0.125,0.125,0.125,0.125,0.125,0.125
35,35.0,0.125,0.125,0.125,0.125,0.125,0.125,0.125,0.125
36,36.0,0.125,0.125,0.125,0.125,0.125,0.125,0.125,0.125
37,37.0,0.125,0.125,0.125,0.125,0.125,0.125,0.125,0.125
38,38.0,0.125,0.125,0.125,0.125,0.125,0.125,0.125,0.125
39,39.0,0.125,0.125,0.125,0.125,0.125,0.125,0.125,0.125
40,40.0,0.125,0.125,0.125,0.125,0.125,0.125,0.125,0.125
41,41.0,0.125,0.125,0.125,0.125,0.125,0.125,0.125,0.125
42,42.0,0.125,0.125,0.125,0.125,0.125,0.125,0.125,0.125
43,43.0,0.125,0.125,0.125,0.125,0.125,0.125,0.125,0.125
44,44.0,0.125,0.125,0.125,0.125,0.125,0.125,0.125,0.125
45,45.0,0.125,0.125,0.125,0.125,0.125,0.125,0.125,0.125
46,46.0,0.125,0.125,0.125,0.125,0.125,0.125,0.125,0.125
47,47.0,0.125,0.125,0.125,0.125,0.125,0.125,0.125,0.125
48,48.0,0.125,0.125,0.125,0.125,0.125,0.125,0.125,0.125
49,49.0,0.125,0.125,0.125,0.125,0.125,0.125,0.125,0.125
50,50.0,0.125,0.125,0.125,0.125,0.125,0.125,0.125,0.125
51,51.0,0.125,0.125,0.125,0.125,0.125,0.125,0.125,0.125
52,52.0,0.125,0.125,0.125,0.125,0.125,0.125,0.125,0.125
53,53.0,0.125,0.125,0.125,0.125,0.125,0.125,0.125,0.125
54,54.0,0.125,0.125,0.125,0.125,0.125,0.125,0.125,0.125
55,55.0,0.125,0.125,0.125,0.125,0.125,0.125,0.125,0.125
56,56.0,0.125,0.125,0.125,0.125,0.125,0.125,0.125,0.125
57,57.0,0.125,0.125,0.125,0.125,0.125,0.125,0.125,0.125
58,58.0,0.125,0.125,0.125,0.125,0.125,0.125,0.125,0.125
59,59.0,0.125,0.125,0.125,0.125,0.125,0.125,0.125,0.125
60,60.0,0.125,0.125,0.125,0.125,0.125,0.125,0.125,0.125
61,61.0,0.125,0.125,0.125,0.125,0.125,0.125,0.125,0.125
62,62.0,0.125,0.125,0.125,0.125,0.125,0.125,0.125,0.125
63,63.0,0.125,0.125,0.125,0.125,0.125,0.125,0.125,0.125
64,64.0,0.125,0.125,0.125,0.125,0.125,0.125,0.125,0.125
65,65.0,0.125,0.125,0.125,0.125,0.125,0.125,0.125,0.125
66,66.0,0.125,0.125,0.125,0.125,0.125,0.125,0.125,0.125
67,67.0,0.125,0.125,0.125,0.125,0.125,0.125,0.125,0.125
68,68.0,0.125,0.125,0.125,0.125,0.125,0.125,0.125,0.125
69,69.0,0.125,0.125,0.125,0.125,0.125,0.125,0.125,0.125
70,70.0,0.125,0.125,0.125,0.125,0.125,0.125,0.125,0.125
71,71.0,0.125,0.125,0.125,0.125,0.125,0.125,0.125,0.125
72,72.0,0.125,0.125,0.125,0.125,0.125,0.125,0.125,0.125
73,73.0,0.125,0.125,0.125,0.125,0.125,0.125,0.125,0.125
74,74.0,0.125,0.125,0.125,0.125,0.125,0.125,0.125,0.125
75,75.0,0.125,0.125,0.125,0.125,0.125,0.125,0.125,0.125
76,76.0,0.125,0.125,0.125,0.125,0.125,0.125,0.125,0.125
77,77.0,0.125,0.125,0.125,0.125,0.125,0.125,0.125,0.125
78,78.0,0.125,0.125,0.125,0.125,0.125,0.125,0.125,0.125
79,79.0,0.125,0.125,0.125,0.125,0.125,0.125,0.125,0.125
80,80.0,0.125,0.125,0.125,0.125,0.125,0.125,0.125,0.125
81,81.0,0.125,0.125,0.125,0.125,0.125,0.125,0.125,0.125
82,82.0,0.125,0.125,0.125,0.125,0.125,0.125,0.125,0.125
83,83.0,0.125,0.125,0.125,0.125,0.125,0.125,0.125,0.125
84,84.0,0.125,0.125,0.125,0.125,0.125,0.125,0.125,0.125
85,85.0,0.125,0.125,0.125,0.125,0.125,0.125,0.125,0.125
86,86.0,0.125,0.125,0.125,0.125,0.125,0.125,0.125,0.125
87,87.0,0.125,0.125,0.125,0.125,0.125,0.125,0.125,0.125
88,88.0,0.125,0.125,0.125,0.125,0.125,0.125,0.125,0.125
89,89.0,0.125,0.125,0.125,0.125,0.125,0.125,0.125,0.125
90,90.0,0.125,0.125,0.125,0.125,0.125,0.125,0.125,0.125
91,91.0,0.125,0.125,0.125,0.125,0.125,0.125,0.125,0.125
92,92.0,0.125,0.125,0.125,0.125,0.125,0.125,0.125,0.125
93,93.0,0.125,0.125,0.125,0.125,0.125,0.125,0.125,0.125
94,94.0,0.125,0.125,0.125,0.125,0.125,0.125,0.125,0.125
95,95.0,0.125,0.125,0.125,0.125,0.125,0.125,0.125,0.125
96,96.0,0.125,0.125,0.125,0.125,0.125,0.125,0.125,0.125
97,97.0,0.125,0.125,0.125,0.125,0.125,0.125,0.125,0.125
98,98.0,0.125,0.125,0.125,0.125,0.125,0.125,0.125,0.125
99,99.0,0.125,0.125,0.125,0.125,0.125,0.125,0.125,0.125
100,100.0,0.125,0.125,0.125,0.125,0.125,0.125,0.125,0.125
101,101.0,0.125,0.125,0.125,0.125,0.125,0.125,0.125,0.125
102,102.0,0.125,0.125,0.125,0.125,0.125,0.125,0.125,0.125
103,103.0,0.125,0.125,0.125,0.125,0.125,0.125,0.125,0.125
104,104.0,0.125,0.125,0.125,0.125,0.125,0.125,0.125,0.125
105,105.0,0.125,0.125,0.125,0.125,0.125,0.125,0.125,0.125
106,106.0,0.125,0.125,0.125,0.125,0.125,0.125,0.125,0.125
107,107.0,0.125,0.125,0.125,0.125,0.125,0.125,0.125,0.125
108,108.0,0.125,0.125,0.125,0.125,0.125,0.125,0.125,0.125
109,109.0,0.125,0.125,0.125,0.125,0.125,0.125,0.125,0.125
110,110.0,0.125,0.125,0.125,0.125,0.125,0.125,0.125,0.125
111,111.0,0.125,0.125,0.125,0.125,0.125,0.125,0.125,0.125
112,112.0,0.125,0.125,0.125,0.125,0.125,0.125,0.125,0.125
113,113.0,0.125,0.125,0.125,0.125,0.125,0.125,0.125,0.125
114,114.0,0.125,0.125,0.125,0.125,0.125,0.125,0.125,0.125
115,115.0,0.125,0.125,0.125,0.125,0.125,0.125,0.125,0.125
116,116.0,0.125,0.125,0.125,0.125,0.125,0.125,0.125,0.125
117,117.0,0.125,0.125,0.125,0.125,0.125,0.125,0.125,0.125
118,118.0,0.125,0.125,0.125,0.125,0.125,0.125,0.125,0.125
119,119.0,0.125,0.125,0.125,0.125,0.125,0.125,0.125,0.125
120,120.0,0.125,0.125,0.125,0.125,0.125,0.125,0.125,0.125
121,121.0,0.125,0.125,0.125,0.125,0.125,0.125,0.125,0.125
122,122.0,0.125,0.125,0.125,0.125,0.125,0.125,0.125,0.125
123,123.0,0.125,0.125,0.125,0.125,0.125,0.125,0.125,0.125
124,124.0,0.125,0.125,0.125,0.125,0.125,0.125,0.125,0.125
125,125.0,0.125,0.125,0.125,0.125,0.125,0.125,0.125,0.125
126,126.0,0.125,0.125,0.125,0.125,0.125,0.125,0.125,0.125
127,127.0,0.125,0.125,0.125,0.125,0.125,0.125,0.125,0.125
128,128.0,0.125,0.125,0.125,0.125,0.125,0.125,0.125,0.125
129,129.0,0.125,0.125,0.125,0.125,0.125,0.125,0.125,0.125
130,130.0,0.125,0.125,0.125,0.125,0.125,0.125,0.125,0.125
131,131.0,0.125,0.125,0.125,0.125,0.125,0.125,0.125,0.125
132,132.0,0.125,0.125,0.125,0.125,0.125,0.125,0.125,0.125
133,133.0,0.125,0.125,0.125,0.125,0.125,0.125,0.125,0.125
134,134.0,0.125,0.125,0.125,0.125,0.125,0.125,0.125,0.125
135,135.0,0.125,0.125,0.125,0.125,0.125,0.125,0.125,0.125
136,136.0,0.125,0.125,0.125,0.125,0.125,0.125,0.125,0.125
137,137.0,0.125,0.125,0.125,0.125,0.125,0.125,0.125,0.125
138,138.0,0.125,0.125,0.125,0.125,0.125,0.125,0.125,0.125
139,139.0,0.125,0.125,0.125,0.125,0.125,0.125,0.125,0.125
140,140.0,0.125,0.125,0.125,0.125,0.125,0.125,0.125,0.125
141,141.0,0.125,0.125,0.125,0.125,0.125,0.125,0.125,0.125
142,142.0,0.125,0.125,0.125,0.125,0.125,0.125,0.125,0.125
143,143.0,0.125,0.125,0.125,0.125,0.125,0.125,0.125,0.125
144,144.0,0.125,0.125,0.125,0.125,0.125,0.125,0.125,0.125
145,145.0,0.125,0.125,0.125,0.125,0.125,0.125,0.125,0.125
146,146.0,0.125,0.125,0.125,0.125,0.125,0.125,0.125,0.125
147,147.0,0.125,0.125,0.125,0.125,0.125,0.125,0.125,0.125
148,148.0,0.125,0.125,0.125,0.125,0.125,0.125,0.125,0.125
149,149.0,0.125,0.125,0.125,0.125,0.125,0.125,0.125,0.125
150,150.0,0.125,0.125,0.125,0.125,0.125,0.125,0.125,0.125
151,151.0,0.125,0.125,0.125,0.125,0.125,0.125,0.125,0.125
152,152.0,0.125,0.125,0.125,0.125,0.125,0.125,0.125,0.125
153,153.0,0.125,0.125,0.125,0.125,0.125,0.125,0.125,0.125
154,154.0,0.125,0.125,0.125,0.125,0.125,0.125,0.125,0.125
155,155.0,0.125,0.125,0.125,0.125,0.125,0.125,0.125,0.125
156,156.0,0.125,0.125,0.125,0.125,0.125,0.125,0.125,0.125
157,157.0,0.125,0.125,0.125,0.125,0.125,0.125,0.125,0.125
158,158.0,0.125,0.125,0.125,0.125,0.125,0.125,0.125,0.125
159,159.0,0.125,0.125,0.125,0.125,0.125,0.125,0.125,0.125
160,160.0,0.125,0.125,0.125,0.125,0.125,0.125,0.125,0.125
161,161.0,0.125,0.125,0.125,0.125,0.125,0.125,0.125,0.125
162,162.0,0.125,0.125,0.125,0.125,0.125,0.125,0.125,0.125
163,163.0,0.125,0.125,0.125,0.125,0.125,0.125,0.125,0.125
164,164.0,0.125,0.125,0.125,0.125,0.125,0.125,0.125,0.125
165,165.0,0.125,0.125,0.125,0.125,0.125,0.125,0.125,0.125
166,166.0,0.125,0.125,0.125,0.125,0.125,0.125,0.125,0.125
167,167.0,0.125,0.125,0.125,0.125,0.125,0.125,0.125,0.125
168,168.0,0.125,0.125,0.125,0.125,0.125,0.125,0.125,0.125
169,169.0,0.125,0.125,0.125,0.125,0.125,0.125,0.125,0.125
170,170.0,0.125,0.125,0.125,0.125,0.125,0.125,0.125,0.125
171,171.0,0.125,0.125,0.125,0.125,0.125,0.125,0.125,0.125
172,172.0,0.125,0.125,0.125,0.125,0.125,0.125,0.125,0.125
173,173.0,0.125,0.125,0.125,0.125,0.125,0.125,0.125,0.125
174,174.0,0.125,0.125,0.125,0.125,0.125,0.125,0.125,0.125
175,175.0,0.125,0.125,0.125,0.125,0.125,0.125,0.125,0.125
176,176.0,0.125,0.125,0.125,0.125,0.125,0.125,0.125,0.125
177,177.0,0.125,0.125,0.125,0.125,0.125,0.125,0.125,0.125
178,178.0,0.125,0.125,0.125,0.125,0.125,0.125,0.125,0.125
179,179.0,0.125,0.125,0.125,0.125,0.125,0.125,0.125,0.125
180,180.0,0.125,0.125,0.125,0.125,0.125,0.125,0.125,0.125
181,181.0,0.125,0.125,0.125,0.125,0.125,0.125,0.125,0.125
182,182.0,0.125,0.125,0.125,0.125,0.125,0.125,0.125,0.125
183,183.0,0.125,0.125,0.125,0.125,0.125,0.125,0.125,0.125
184,184.0,0.125,0.125,0.125,0.125,0.125,0.125,0.125,0.125
185,185.0,0.125,0.125,0.125,0.125,0.125,0.125,0.125,0.125
186,186.0,0.125,0.125,0.125,0.125,0.125,0.125,0.125,0.125
187,187.0,0.125,0.125,0.125,0.125,0.125,0.125,0.125,0.125
188,188.0,0.125,0.125,0.125,0.125,0.125,0.125,0.125,0.125
189,189.0,0.125,0.125,0.125,0.125,0.125,0.125,0.125,0.125
190,190.0,0.125,0.125,0.125,0.125,0.125,0.125,0.125,0.125
191,191.0,0.125,0.125,0.125,0.125,0.125,0.125,0.125,0.125
192,192.0,0.125,0.125,0.125,0.125,0.125,0.125,0.125,0.125
193,193.0,0.125,0.125,0.125,0.125,0.125,0.125,0.125,0.125
194,194.0,0.125,0.125,0.125,0.125,0.125,0.125,0.125,0.125
195,195.0,0.125,0.125,0.125,0.125,0.125,0.125,0.125,0.125
196,196.0,0.125,0.125,0.125,0.125,0.125,0.125,0.125,0.125
197,197.0,0.125,0.125,0.125,0.125,0.125,0.125,0.125,0.125
198,198.0,0.125,0.125,0.125,0.125,0.125,0.125,0.125,0.125
199,199.0,0.1249871134020618,0.1249871134020618,0.1249871134020618,0.1249871134020618,0.1249871134020618,0.1249871134020618,0.125090206185567,0.1249871134020618
200,200.0,0.1248228431750707,0.1248228431750707,0.1248228431750707,0.1249248839913972,0.1248228431750707,0.1248228431750707,0.1250269458470673,0.1259339542861818
201,201.0,0.1244103316297309,0.1244103316297309,0.1244103316297309,0.1246133928542207,0.1254103316297309,0.1244103316297309,0.1258246173673937,0.1265103316297309
202,202.0,0.1238646391244418,0.1238646391244418,0.1238646391244418,0.1241667921856663,0.1258546391244418,0.1238646391244418,0.1275863730676824,0.1269336391244419
203,203.0,0.1233295406802513,0.1233295406802513,0.1233295406802513,0.1237280589455575,0.1262906406802513,0.1233295406802513,0.1293231869729343,0.1273399506802514
204,204.0,0.1226073076734712,0.1236073076734712,0.1226073076734712,0.1230987735214304,0.1264218775825621,0.1226073076734712,0.1307070538104693,0.1283430643916531
205,205.0,0.1216580782795179,0.1237533414374126,0.1218686045953073,0.1225574981902703,0.1264283032386407,0.1227019379286407,0.1320073806651311,0.1290248556650793
206,206.0,0.1207259337322231,0.1238954109252056,0.1211426881181881,0.1220212373986276,0.1264107389692396,0.1229051881181881,0.1332357443025291,0.1296630584357986
207,207.0,0.1197065054707205,0.1239204233068573,0.120323383142994,0.1213825226145684,0.1263626965893199,0.1229971842598325,0.1351637036520624,0.1301435809636448
208,208.0,0.1187283810974995,0.1239504656124642,0.119539819507429,0.1207715173130099,0.1263065187667224,0.1231006962299375,0.1370145839820118,0.1305880174909255
209,209.0,0.1177063023765549,0.1238938253356657,0.1187053496229765,0.1202037442913138,0.1260495789495264,0.123122628235047,0.1394139480273998,0.1309046231615155
210,210.0,0.1165115375752542,0.1236153372156772,0.1176879569243983,0.1205502778671597,0.1255618543515468,0.1238597892451187,0.1412546317382601,0.1309586150825848
211,211.0,0.1152661892198148,0.1232327732433309,0.1166088260005502,0.1206975774798144,0.1268090074222878,0.1236866259387218,0.1426789685087767,0.1310200321867033
212,212.0,0.1138018130418205,0.1235955402001882,0.1153008211633827,0.1214918665501006,0.1277055434789201,0.1238897807244454,0.143448509156581,0.1307661256845613
213,213.0,0.1123354667408178,0.1246453824186652,0.1139804210081105,0.1221470750031242,0.12850752056725,0.1240166948073248,0.1439559612973898,0.1304114781573175
214,214.0,0.1107481724082792,0.1263763262736476,0.1125282306842584,0.1234230840686064,0.1289916273384771,0.1239398847329771,0.1441568026948379,0.129835871798916
215,215.0,0.1091739583967443,0.1280090127689955,0.1110780117179836,0.1244632354128283,0.1292969309687205,0.1237865516239293,0.1450190799486808,0.1291732191621174
216,216.0,0.1084646714016407,0.1287076866964649,0.1096481484172704,0.1252929510567116,0.1302156480131654,0.123569960368821,0.1456580033907173,0.1284429306552085
217,217.0,0.1083589269092915,0.1291075471223534,0.1081137909614567,0.1257292564681302,0.1314341597168571,0.1239948231410298,0.1458910509692396,0.1273704447116414
218,218.0,0.108173302240219,0.1293576036656872,0.1066211119609905,0.1260291575882445,0.1325549068914392,0.1250774112447673,0.1459290572173911,0.1262574491912609
219,219.0,0.1080659933071378,0.1295692372481895,0.1052303209097922,0.1263021969338848,0.1336259090675275,0.1261477196724367,0.1458900473046286,0.1251685755564027
220,220.0,0.1079826225781606,0.1296965547824993,0.1038975178758279,0.1264054731461851,0.135117621199401,0.1271486542597489,0.145686874850933,0.124064681307244
221,221.0,0.1083825273760641,0.1295885645149427,0.1025197009521827,0.126199160545587,0.1367853262324334,0.1278548902976138,0.1451810281279749,0.1234888019532011
222,222.0,0.1094964854957858,0.1293958386668433,0.1011982540926656,0.1259172426778479,0.1382680994745303,0.1284175440718064,0.1445712945683716,0.1227352409521489
223,223.0,0.1106485454305399,0.1291782286041871,0.0999902053089095,0.1256195497978098,0.1396685074712652,0.128944248369853,0.1439236107408342,0.122027104276601
224,224.0,0.1117281383042376,0.1288927798014371,0.0988486762335568,0.1252630172878841,0.140885544571969,0.1300047596678163,0.1432006294628126,0.1211764546702864
225,225.0,0.1127890409015736,0.1286052661517658,0.0978345657176562,0.125682460736525,0.1420376485575087,0.1302914108340437,0.1424938502188751,0.1202657568820517
226,226.0,0.1137745332629953,0.1282700540210292,0.0968965577550886,0.1260550651657488,0.1430223611888796,0.1304248832963556,0.1417046966807937,0.1198518486291091
227,227.0,0.1152386740374997,0.1278956738753731,0.0960368306668784,0.126382196929937,0.143847391468649,0.1304203856907163,0.1408501148068274,0.1193287325241189
228,228.0,0.1173371211647858,0.1274642530275069,0.0952306203462328,0.1265846536327672,0.1444693907487008,0.130270105184205,0.1398391816138812,0.1188046742819201
229,229.0,0.1185745926274357,0.1269043079246285,0.0944408020547667,0.1278848745503431,0.1448644384732027,0.1304660080978592,0.1386198027379436,0.1182451735338204
230,230.0,0.1196134667394714,0.1262786181743602,0.0937172272094515,0.1296362365141992,0.1451377289002966,0.1305587019344754,0.1373550585528798,0.1177029619748657
231,231.0,0.1205955674360104,0.1256661916095321,0.0930935954494194,0.1313459647412456,0.1453317930907465,0.1306237571339795,0.1361283095020415,0.1172148210370251
232,232.0,0.121516751051637,0.1250718261772483,0.0925661487837424,0.1330011253228926,0.1454526130263123,0.1299966203414209,0.1356146902291809,0.1167802250675656
233,233.0,0.1217023288308352,0.1250829927519105,0.0920888765029752,0.1344656234178637,0.1454229715997934,0.1293111154572649,0.13556959257668,0.1163564988626771
234,234.0,0.1225339495570469,0.1251379527042392,0.0917556398671579,0.1351205026094698,0.1451219601945299,0.1286413605766743,0.1356477358072072,0.1160408986836749
235,235.0,0.1231207563432282,0.1251041449037162,0.0914275634863018,0.1360349638235429,0.144502516968692,0.1285315127215369,0.1355805780150738,0.1156979637379083
236,236.0,0.1229976323567903,0.1250614191242668,0.091178047019354,0.1372445391663305,0.1431225208064367,0.1285639812551604,0.1367745907217373,0.1150572695499241
237,237.0,0.1227954946024608,0.1248419362319865,0.0909815062870943,0.1376296286954755,0.1417432702771962,0.1284435670699033,0.1386393800260878,0.1149252168097955
238,238.0,0.1223656916473215,0.1244986592464973,0.0907556345032255,0.1381264355634797,0.1408453420361436,0.1281087969993347,0.1401314631815267,0.1151679768224709
239,239.0,0.1218096130605209,0.124084225366491,0.0905430131630019,0.1387979445355711,0.1399019728091254,0.1276220776744491,0.1419866747776285,0.115254478613212
240,240.0,0.1211444590488007,0.123608906477927,0.090344114054697,0.1396245816423184,0.1394268110062441,0.1270028124523986,0.1436491617120734,0.1151991536055407
241,241.0,0.1206151478535365,0.1238466177150274,0.0902650186950306,0.1404434672306258,0.1373130141567055,0.1257668417319253,0.146152126229171,0.1155977663879779
242,242.0,0.1199788644955116,0.1236379646671405,0.0901879900436879,0.1422239733107399,0.135092012305099,0.1245084338653142,0.1483978004492946,0.1159729608632123
243,243.0,0.1192050499769632,0.123372527436101,0.0900981155258738,0.1440533232488694,0.1327836407320524,0.1227340833125119,0.1509692185647022,0.116784041202926
244,244.0,0.1184351955591291,0.1231261388125347,0.0900500784734135,0.1457883391598315,0.1305472201254402,0.1210091992762371,0.1534405920047113,0.1176032365887026
245,245.0,0.1178528845002231,0.1229314846323174,0.0897692855307106,0.1474388228006039,0.1283227758978022,0.1192569672647786,0.1557643897348573,0.1186633896387066
246,246.0,0.1171362606086508,0.1230417766537159,0.0894548486318664,0.1487165434712097,0.1260349193571202,0.1174533061362266,0.1586790788869364,0.119483266254274
247,247.0,0.1163701404947905,0.1231108013435095,0.0891456283956062,0.1500641062040422,0.1238110692440525,0.1156526815057636,0.1613204940248663,0.120525078787369
248,248.0,0.1155408622990235,0.1231038177430699,0.0888189730952163,0.1512085880063739,0.1216047141294272,0.1138587538312907,0.1645278628548999,0.1213364280406984
249,249.0,0.1147288264667016,0.1230942883726284,0.0885125964100229,0.1522246440084351,0.1195015753043654,0.1121207270830939,0.167855853423599,0.1219614889311535
250,250.0,0.1138907691756609,0.1224569831355653,0.0882148201140236,0.1532992864338728,0.1174992495364276,0.1104245643129591,0.1714476211099278,0.1227667061815628
251,251.0,0.1135756745476771,0.1217909999664163,0.0879084675152782,0.1542859416486205,0.1155661875949517,0.1087946272520168,0.1745905013959948,0.1234876000790443
252,252.0,0.1132047654171795,0.1211050263832278,0.087596803682373,0.1551908785476036,0.1133437552381061,0.1076098469347071,0.1778242778741519,0.1241246459226508
253,253.0,0.1124744591406764,0.1200858212453437,0.0872918297490372,0.1564513057654308,0.1112268595617086,0.1064903558232309,0.1814224029028316,0.1245569658117405
254,254.0,0.1117387884013324,0.119063720259137,0.0869958011513641,0.1577495254470067,0.1092496747517214,0.1054160640529646,0.1846451196109876,0.1251413063254858
255,255.0,0.1112774033314786,0.1180356872212726,0.0866976473527658,0.1591804346056268,0.1073810557567956,0.1044128990409872,0.1873708943729504,0.1256439783181227
256,256.0,0.1106780098642878,0.116967389504471,0.0863557641090829,0.1605050069971412,0.1055184579557956,0.1034040908401452,0.190341060557754,0.126230220171322
257,257.0,0.1100362624728062,0.1158172604193508,0.0860273093643501,0.162249969976168,0.1036825735017446,0.1024860087903605,0.1929504998211894,0.1267501156540302
258,258.0,0.1093898801020872,0.114708249727999,0.085713702401725,0.1637998790644339,0.1019829532774828,0.1016621636997886,0.1955396232051059,0.1272035485213772
259,259.0,0.1086375921090254,0.1135880415309184,0.0853667700425589,0.1649176045189798,0.1003143007412055,0.1008398180918642,0.1985995183421894,0.1277363546232583
260,260.0,0.1078405489951843,0.1124827745774487,0.0850075209955922,0.165981883153307,0.0987194124949717,0.1003521527137782,0.2015714735845056,0.128044233485212
261,261.0,0.1073472005209043,0.1113491645411058,0.084687442039763,0.1669045366546927,0.0973977607556555,0.0999830440891744,0.2041271730697374,0.1282036783289666
262,262.0,0.1067964208698234,0.1102440553722602,0.0843517163036874,0.1676901976291363,0.0961297029104258,0.0999661201617773,0.206863675103265,0.1279581116496244
263,263.0,0.1061631302991313,0.109157374075958,0.0839953950842025,0.1680823014414102,0.0950191889736406,0.0999663389087032,0.2099944015892139,0.1276218696277401
264,264.0,0.1055051011322835,0.1081259347635775,0.0836522647102402,0.168444269353175,0.0940336133854173,0.1000150334277607,0.2129882374413625,0.1272355457861831
265,265.0,0.1048662565734956,0.1071545869459903,0.0833248613674924,0.1688039304996245,0.0931784140681376,0.1001012089977009,0.2157623060357179,0.1268084355118406
266,266.0,0.1042195669289853,0.1062358287404688,0.0830040357936179,0.1688692900504816,0.0923984581791391,0.0999364205863006,0.2184495502179278,0.1268868495030788
267,267.0,0.1035222441199366,0.1053610701015981,0.0826801663015508,0.1688816989014334,0.0916727192704019,0.0997848926806924,0.2211838599873688,0.1269133486370178
268,268.0,0.1028256298358923,0.1045439664040147,0.0823664411048604,0.168892718199202,0.0910222983497217,0.0996561222542664,0.223790319317165,0.1269025045348773
269,269.0,0.1021345368155976,0.1037858819147684,0.082064270080385,0.1689071890888673,0.0904446856511394,0.099548079987571,0.2262579094459754,0.1268574470156958
270,270.0,0.1014102378051902,0.1030767052172449,0.0817640485765257,0.1686481477236307,0.0899153551258391,0.0994479831466271,0.2289669453531951,0.1267705770517471
271,271.0,0.1007083289863498,0.1024526802918584,0.0815029374665952,0.1684169141202515,0.0894943632719158,0.0994790689140629,0.2313200261040973,0.126625680844869
272,272.0,0.0999843165951825,0.1018772812870405,0.0812456879222488,0.1681703905239247,0.0891142850979406,0.0994083051020983,0.2337536167728396,0.1264461166987249
273,273.0,0.0992967015710784,0.1013613714008781,0.0810047517164821,0.1679549236817376,0.0888141382291667,0.0993469069840817,0.2359748904249904,0.126246315991585
274,274.0,0.0986113185629768,0.1008938938682317,0.0807709253886879,0.1680315141697231,0.0885697757358149,0.0992839368554379,0.2378184035623702,0.1260202318567574
275,275.0,0.0979192466549525,0.1005750147818051,0.0805444074715634,0.1678738433943443,0.0883513651326509,0.0989102516921863,0.2402639912151665,0.125561879657331
276,276.0,0.0972006946307318,0.1002747175037881,0.0803015239810732,0.1675726871586992,0.0881318406791922,0.0986833270525399,0.2425636482879793,0.1252715607059962
277,277.0,0.0964611846340253,0.0999916145559288,0.0800441528354713,0.1675681869963709,0.0879098937878029,0.0983949932608939,0.2444898903397322,0.1251400835897745
278,278.0,0.0957816733211147,0.0997604395186043,0.0798061929731275,0.1675257323968244,0.0877437312037568,0.0981225145433472,0.2462529037625713,0.1250068122806535
279,279.0,0.0951176227306394,0.0996602789640318,0.0795761724903989,0.1674940222012729,0.0876101745841012,0.0981097960503758,0.2475706640383014,0.1248612689408785
280,280.0,0.0944667263401985,0.099585983508866,0.0793481399955825,0.1674623782195005,0.0874790987885397,0.0980869755999808,0.2488720972192598,0.1246986003280721
281,281.0,0.0938380305067652,0.0995443982862273,0.0791311523966631,0.1673579864374341,0.0876099802199037,0.0980653562056837,0.2499231182564886,0.1245299776908341
282,282.0,0.0933624453778043,0.097651973633267,0.0790455805882175,0.1684353143059322,0.0878802394127278,0.0981640111337888,0.2509834473821047,0.1244769881661576
283,283.0,0.0927769807249812,0.0956742625818019,0.0798464721851393,0.1690776081698121,0.0880193047732885,0.0981253632153774,0.2521850100681968,0.1242949982814027
284,284.0,0.0923961938746457,0.0936567285196141,0.0804619814462542,0.169347835252546,0.088055758997773,0.0981741229574622,0.2538920921948012,0.1240152867569035
285,285.0,0.0919415119688844,0.0916284446244414,0.0809157024365021,0.1704011135763549,0.0879071441167317,0.0981287353570908,0.2554217747302048,0.1236555731897896
286,286.0,0.0914684928108465,0.0896262907852409,0.0812391065516291,0.1713063617140829,0.088488772401137,0.0980188910467039,0.2566088792458834,0.123243205444476
287,287.0,0.0910539712413845,0.0877316571506758,0.0815605207074686,0.1721732247361006,0.0890903325210728,0.0979224050644514,0.2576194790008297,0.1228484095780162
288,288.0,0.0906827747038674,0.0859460040298942,0.081873562755024,0.1728891284160147,0.0898822668702379,0.0978254384238745,0.2584308154432646,0.1224700093578224
289,289.0,0.0903332148394081,0.0842708064972421,0.0821706725293812,0.173608402147629,0.0903775898221888,0.0979958198240223,0.2591386120739254,0.1221048822662029
290,290.0,0.0900462187509773,0.0827676590541829,0.0817373402299936,0.1753300547205679,0.0901295881686811,0.098202784252618,0.2599749037226544,0.1218114511003245
291,291.0,0.0897577097565153,0.0813756522098738,0.0811885665315848,0.1769395612484015,0.0900201492554879,0.0983808241575947,0.2608105869630684,0.1215269498774733
292,292.0,0.0894089819596034,0.080028244482556,0.0805585992119509,0.1782534387997028,0.089811105169438,0.0984647009339552,0.2622927528896785,0.1211821765531148
293,293.0,0.0890159995003106,0.0787456635037221,0.0798705982448569,0.1799443041394889,0.0895248582747238,0.0984752542234699,0.2636263267526894,0.1207969953607381
294,294.0,0.0885752547017982,0.0775296559425371,0.0791355728066243,0.1820089402425199,0.0891636340534159,0.0984086864085467,0.2648006311435845,0.1203776247009731
295,295.0,0.0881274997429675,0.0763956866476135,0.0783757325313603,0.1844181157755872,0.0887611445209607,0.0982921090311192,0.2656878775906238,0.1199418341597675
296,296.0,0.087485268625591,0.0753985290955625,0.0776529847833645,0.187162506265919,0.0883769888465298,0.0975675620810042,0.2665266579114563,0.1198295023905724
297,297.0,0.0868059120827621,0.0744643843798831,0.0769009435669113,0.189820244601159,0.0878340123726531,0.0967625008727709,0.2675269154648763,0.119885086658984
298,298.0,0.0862897004860644,0.0735951447761547,0.0764862340807799,0.1921106247929576,0.0872371195988971,0.0958905596698089,0.2686517893455983,0.1197388272497388
299,299.0,0.085934797603362,0.0727917128322346,0.076044403078715,0.1943927278531918,0.0865954241474474,0.0949645472096512,0.2695256485076214,0.1197507387677763
300,300.0,0.0854071858217565,0.0719997083160733,0.0754348642262365,0.1977401868853847,0.0857696260521726,0.0938458843818616,0.2700406049081149,0.1197619394083997
301,301.0,0.0847565146070696,0.0711730721204512,0.0747206394400503,0.2019507089273394,0.0848167564811634,0.0926082112863201,0.2703254531322271,0.1196486440053786
302,302.0,0.084027660228105,0.0703512841966636,0.073947253500856,0.2064706633365033,0.0837859277597754,0.0913027350949719,0.2706621268265499,0.1194523490565746
303,303.0,0.0833558907732577,0.0695168228434245,0.0730925085714932,0.2115549415256232,0.0826691383870422,0.0899124836124197,0.2709012822669468,0.1189969320197923
304,304.0,0.0826187788227504,0.0694611787450883,0.0721955692485384,0.2162873821658947,0.0814979715621972,0.0884813829265866,0.2709869121355129,0.118470824393431
305,305.0,0.0820850886886051,0.0694712893974067,0.0713263470719536,0.2205502370727585,0.0803453399451572,0.0870836399209397,0.2711949788830933,0.1179430790200855
306,306.0,0.0815430195638156,0.0689561202665073,0.070469625007678,0.2254885091532633,0.0792089242635588,0.0857078696440504,0.2710565615463862,0.1175693705547401
307,307.0,0.0809597498427161,0.0684423365878559,0.0703111868956908,0.2295558380673713,0.0780565760842807,0.0843348148428108,0.2711915182427121,0.117147979436562
308,308.0,0.0803826800543923,0.0679794141880025,0.0701865990774141,0.2331404670786077,0.0769435623178276,0.0830183136023339,0.271614408341017,0.1167345553404045
309,309.0,0.079794129283419,0.0675328206068067,0.0700123982796959,0.2360185930981371,0.0758476214667515,0.0817338956676957,0.2727618108668114,0.1162987307306824
310,310.0,0.0792272660603501,0.0671449635037283,0.0698780807435747,0.2384643921412451,0.0749474562235057,0.0805279336543865,0.2739228679760997,0.1158870396971095
311,311.0,0.0786415394167688,0.066771300719241,0.069697139771247,0.2403719819703992,0.0740660323988507,0.0799866469920153,0.2750063678194094,0.1154589909120683
312,312.0,0.0780580816892856,0.0664290057411254,0.0695192772293833,0.2421660676852411,0.0732245374456889,0.0794914303749538,0.2759243842339544,0.1151872156003673
313,313.0,0.0774426650610016,0.0660799618048296,0.0692707414567243,0.2442150407812869,0.0725608094639654,0.0789666441155125,0.2764371620987603,0.1150269752179192
314,314.0,0.0768020419815372,0.0657271353715421,0.0689602397963928,0.2455979701498197,0.0719038343129072,0.0789744585979417,0.2773460757278719,0.1146882440619871
315,315.0,0.076142370644277,0.065373030283585,0.068595788864018,0.2465498317235556,0.0712573410156337,0.07958318142318,0.2780362259412087,0.1144622301045417
316,316.0,0.0754980851070828,0.0653204446480352,0.0681075086883869,0.2473294188943247,0.0711571285550289,0.0800496303847534,0.2785368594815017,0.1140009242408861
317,317.0,0.0748621669212743,0.065272971522716,0.0676215312924963,0.2479747220864376,0.0712070415746581,0.0805176467478277,0.2788746093953205,0.1136693104592693
318,318.0,0.0742431359246553,0.065238632314689,0.0671467274665406,0.2482641214266832,0.0712835604194171,0.0809899453393252,0.2793636682669443,0.1134702088417451
319,319.0,0.0736448044386178,0.0652107566550715,0.0666549549871811,0.2488400238664228,0.0713533279293074,0.0813857068298504,0.2796414141016494,0.1132690111918995
320,320.0,0.0730657037534326,0.0651937186145091,0.0661574679414768,0.2490918521103443,0.07141659158357,0.0817104206165488,0.2798369048889683,0.1135273404911501
321,321.0,0.0724928195953955,0.0651733287337013,0.0656489263622419,0.2495969350802315,0.0714566306768011,0.0819533434127631,0.2799208131101194,0.1137572030287461
322,322.0,0.0719467806251245,0.0651668468131176,0.0651703140912154,0.2502186099108187,0.0715090918195916,0.0821898376062616,0.2798045793058002,0.1139939398280704
323,323.0,0.0716799387569281,0.0651672855817262,0.0644367683774568,0.2510833587318458,0.0715409176587461,0.0820945558935882,0.2796512241863132,0.1143459508133957
324,324.0,0.0714250433514696,0.0651550939512081,0.0637057637070861,0.2520690488430197,0.0715502166783093,0.0819265824068186,0.2793890066647004,0.1147792443973881
325,325.0,0.0711708560764478,0.0651283095201097,0.0629812282275732,0.2531653950127631,0.0715317718543895,0.0816886380158445,0.2790498342108487,0.1152839670820235
326,326.0,0.0709106177821644,0.0650805419771594,0.0622618333029389,0.2544432290107062,0.0714796308903664,0.0813806799047796,0.2785978838596739,0.115845583272211
327,327.0,0.0707965945743531,0.0651774921424097,0.0615655680573603,0.2557521184117265,0.0714130246950148,0.0810275978472355,0.2778968002689143,0.1163708040029857
328,328.0,0.0706904422112769,0.0652678773616325,0.0608947361348421,0.2570088790208023,0.0713261728890073,0.0807401087701031,0.2772161130399003,0.1168556705724352
329,329.0,0.0705902468883171,0.0653466215293215,0.0602474371066444,0.2577947318057905,0.0715531899869132,0.0804118657822871,0.2767626025853874,0.1172933043153387
330,330.0,0.0704990652163888,0.0654211296297751,0.0596466754559312,0.2585732958259846,0.0717738907536199,0.0800834316605293,0.276299574498535,0.1177029369592358
331,331.0,0.0704148764018248,0.065490035703615,0.0590931401812587,0.2591119138398906,0.0719851352961864,0.0797567084902915,0.2760655826795472,0.1180826074073857
332,332.0,0.0703358357707705,0.0655521905615344,0.0585869950999841,0.2594232926931822,0.0723193617634773,0.079433421602075,0.2759180362318803,0.118430866277096
333,333.0,0.0702706867432219,0.0658489281916553,0.0581108039388621,0.2596631789155609,0.072620981081933,0.079085444034771,0.2756703636612,0.1187296134327956
334,334.0,0.0701909429920622,0.0661093607393429,0.0576561979911528,0.2596319466607971,0.0728714252983781,0.0790170468435473,0.2753346320918837,0.1191884473828358
335,335.0,0.0700270814688404,0.0662812971304437,0.0572602175503557,0.2594650094798947,0.0730203000185532,0.0789757883346199,0.275342577178424,0.1196277288388681
336,336.0,0.0698574161694834,0.0664280576159677,0.0569021771823241,0.2593014363215982,0.0731370434550117,0.0789269062035972,0.2754260287641012,0.1200209342879164
337,337.0,0.0696967967319419,0.066560344501696,0.0567167027991079,0.2589896940309262,0.0732337426203005,0.078883147779454,0.2755412863243166,0.1203782852122568
338,338.0,0.0695393669069164,0.0666674067898476,0.0565645083332161,0.2588131433635688,0.0733020054914175,0.0788324232199251,0.275590060589556,0.1206910853055522
339,339.0,0.0693856775324771,0.0667623883606816,0.0564508079852432,0.258597778216469,0.0733525678264917,0.0788873544245616,0.275596892510569,0.1209665331435068
340,340.0,0.0692352701995393,0.0668372132071097,0.0562406199252097,0.2582898774775002,0.073382790492899,0.0789394408381708,0.2757631293892095,0.1213116584703616
341,341.0,0.069088482060598,0.0668969607500199,0.056063360908081,0.2580151830463683,0.0733948151696284,0.0789945477119637,0.2759288995710152,0.1216177507823254
342,342.0,0.0689398479160537,0.0669321575352656,0.055910891944021,0.257844241399526,0.073381403282633,0.0790405763949586,0.2760738097182907,0.1218770718092511
343,343.0,0.0687945455385263,0.0669529654898907,0.0557873768565594,0.2575302546733683,0.0733513929114425,0.0790868460253868,0.2763984026859982,0.1220982158188276
344,344.0,0.0686524665937982,0.0669599605758235,0.0556907291238259,0.2572614280426059,0.0733057837751151,0.079132233692247,0.2767152265222097,0.1222821716743745
345,345.0,0.0685083145181944,0.0669442949136218,0.0556127545696376,0.2571056777084922,0.0732378638656812,0.0791653673359759,0.2770033005933779,0.1224224264950188
346,346.0,0.0683621358338761,0.0669069876949362,0.05555146407526,0.2568900742401457,0.0731489875324102,0.0794981844983757,0.2773275621900823,0.1223146039349137
347,347.0,0.0682226564731321,0.0668521272844256,0.0554939884780645,0.2568512802825001,0.0731446083837586,0.0797775026673691,0.277486497041105,0.1221713393896448
348,348.0,0.0680849666457205,0.0667792232652682,0.0554384942477198,0.256555238196096,0.0731038129291577,0.0802906237226398,0.2777516681581026,0.1219959728352951
349,349.0,0.0679443784534024,0.0666807530535555,0.0553784429036787,0.2564395867423197,0.0730212923272164,0.0807232303313081,0.2780270294221121,0.1217852867664069
350,350.0,0.0678067821773112,0.0665676079323786,0.0553292058046796,0.2562423433264035,0.0729254365402785,0.0811360584690927,0.2784443898590963,0.1215481758907595
351,351.0,0.0676689365058307,0.0664484073137409,0.0552955049574791,0.2561721771874514,0.072816586858732,0.0815235240374535,0.2787786900372285,0.1212961731020837
352,352.0,0.0675297527178451,0.0663192134205209,0.0552714441968549,0.2563745713265003,0.072694821279307,0.0815903966448483,0.2791930622178463,0.1210267381962771
353,353.0,0.0673861455536808,0.0661820909695912,0.0552453252562613,0.2566700450913295,0.0725446788265132,0.0815855193708547,0.2796437330957683,0.120742461836001
354,354.0,0.0672374562096533,0.0660343875660678,0.0552139483762294,0.2571395901498304,0.072365125875523,0.0815152515246532,0.2800501233188116,0.1204441169792312
355,355.0,0.0670938351625198,0.0658812278418671,0.055180578116583,0.2577097954011434,0.0721644414450692,0.0813886694510671,0.2804397951103552,0.1201416574713952
356,356.0,0.0669650050733674,0.0657303901606547,0.0551570065919174,0.2581406683835404,0.0719681535666504,0.0812556245529181,0.2809397743622159,0.1198433773087356
357,357.0,0.0668505154511285,0.0655896958091592,0.0550568388278516,0.2587603338677877,0.0717797548759217,0.0808577389475918,0.2815472328366292,0.1195578893839303
358,358.0,0.0667427997983088,0.0654446184807569,0.0549619965380604,0.259326579312386,0.0715882975356481,0.0804459607440583,0.2822146599111872,0.1192750876795942
359,359.0,0.0664228226327574,0.0650837325086888,0.0549797048108111,0.2600323458355473,0.0713948304836191,0.0801104339669535,0.2829120951935048,0.1190640345681179
360,360.0,0.0660923450104068,0.0647127034292302,0.0550875110874758,0.260699126070559,0.0711730250428066,0.0798264826398785,0.2835620360843591,0.118846770635284
361,361.0,0.0657584111024086,0.0643432475123897,0.055185735775276,0.2611037749534926,0.0710312739065529,0.0797506060227958,0.2841952915881688,0.1186316591389156
362,362.0,0.0654278991689775,0.0639767682195196,0.0552740043820908,0.2617646296711689,0.070972595696197,0.0795459834891222,0.2846165867868875,0.1184215325860364
363,363.0,0.065098001861303,0.0636072156864017,0.0553468267370773,0.2625547923277772,0.0708883872375476,0.0792957467055028,0.2849109377043947,0.1182980917399957
364,364.0,0.0647772544201191,0.0632476143764529,0.0554104844813289,0.2633248057609801,0.0707885133675235,0.0790140138151194,0.2855044954974741,0.1179328182810017
365,365.0,0.064460941491226,0.0628876864925504,0.0554584175015996,0.2641515709041657,0.0706676298957087,0.0786980530550018,0.2863316620183553,0.1173440386413924
366,366.0,0.0641540997456846,0.0625325823588027,0.0554906102070043,0.2651331416614174,0.070529093868832,0.0783548975371171,0.2869464407255305,0.1168591338956114
367,367.0,0.063861123593205,0.0621852690454716,0.0555150893969441,0.2662073432675119,0.0703888535245616,0.0780182199068708,0.287568927092886,0.1162551741725488
368,368.0,0.0635792806689772,0.0618456433915192,0.0555236318604915,0.2672770314441641,0.0702324798466542,0.0776596642960082,0.2882184037367021,0.1156638647554834
369,369.0,0.0633092617683232,0.0615150078343874,0.0555166103161976,0.2682500040843404,0.0701466567202664,0.0772824042427991,0.2888913277852609,0.1150887272484248
370,370.0,0.0630470983427421,0.0611926728386814,0.0556325315921951,0.2689544087824796,0.0702443093302866,0.0769662037237509,0.2894308825241601,0.1145318928657041
371,371.0,0.0627932870117376,0.0608796100971885,0.0557298809313836,0.2696406554483745,0.070409437137552,0.0766279988105318,0.2899231871141087,0.113995943449123
372,372.0,0.0625482164940001,0.0605766276193431,0.0558082695883892,0.270067013040524,0.0705460841655609,0.0762702445308727,0.2906171954351423,0.1135663491261674
373,373.0,0.0623205534204023,0.0602936520224872,0.05587254641232,0.2705171771478478,0.0706659681807931,0.0759113230145011,0.291251074470054,0.1131677053315942
374,374.0,0.0621120990880123,0.060035326205216,0.055929902772069,0.2708742799508578,0.070781565980506,0.0755690254179625,0.2918929844563337,0.1128048161290421
